Total_iterations,Unnamed: 0.1,Intertwine_two,Add_vertex,Delete_vertex,Invert_path_vertices,Insert_inside_vertex,Delete_inside_vertex
0,0.0,0.1666666666666666,0.1666666666666666,0.1666666666666666,0.1666666666666666,0.1666666666666666,0.1666666666666666
1,1.0,0.1666666666666666,0.1666666666666666,0.1666666666666666,0.1666666666666666,0.1666666666666666,0.1666666666666666
2,2.0,0.1666666666666666,0.1666666666666666,0.1666666666666666,0.1666666666666666,0.1666666666666666,0.1666666666666666
3,3.0,0.1666666666666666,0.1666666666666666,0.1666666666666666,0.1666666666666666,0.1666666666666666,0.1666666666666666
4,4.0,0.1666666666666666,0.1666666666666666,0.1666666666666666,0.1666666666666666,0.1666666666666666,0.1666666666666666
5,5.0,0.1666666666666666,0.1666666666666666,0.1666666666666666,0.1666666666666666,0.1666666666666666,0.1666666666666666
6,6.0,0.1666666666666666,0.1666666666666666,0.1666666666666666,0.1666666666666666,0.1666666666666666,0.1666666666666666
7,7.0,0.1666666666666666,0.1666666666666666,0.1666666666666666,0.1666666666666666,0.1666666666666666,0.1666666666666666
8,8.0,0.1666666666666666,0.1666666666666666,0.1666666666666666,0.1666666666666666,0.1666666666666666,0.1666666666666666
9,9.0,0.1666666666666666,0.1666666666666666,0.1666666666666666,0.1666666666666666,0.1666666666666666,0.1666666666666666
10,10.0,0.1666666666666666,0.1666666666666666,0.1666666666666666,0.1666666666666666,0.1666666666666666,0.1666666666666666
11,11.0,0.1666666666666666,0.1666666666666666,0.1666666666666666,0.1666666666666666,0.1666666666666666,0.1666666666666666
12,12.0,0.1666666666666666,0.1666666666666666,0.1666666666666666,0.1666666666666666,0.1666666666666666,0.1666666666666666
13,13.0,0.1666666666666666,0.1666666666666666,0.1666666666666666,0.1666666666666666,0.1666666666666666,0.1666666666666666
14,14.0,0.1666666666666666,0.1666666666666666,0.1666666666666666,0.1666666666666666,0.1666666666666666,0.1666666666666666
15,15.0,0.1666666666666666,0.1666666666666666,0.1666666666666666,0.1666666666666666,0.1666666666666666,0.1666666666666666
16,16.0,0.1666666666666666,0.1666666666666666,0.1666666666666666,0.1666666666666666,0.1666666666666666,0.1666666666666666
17,17.0,0.1666666666666666,0.1666666666666666,0.1666666666666666,0.1666666666666666,0.1666666666666666,0.1666666666666666
18,18.0,0.1666666666666666,0.1666666666666666,0.1666666666666666,0.1666666666666666,0.1666666666666666,0.1666666666666666
19,19.0,0.1666666666666666,0.1666666666666666,0.1666666666666666,0.1666666666666666,0.1666666666666666,0.1666666666666666
20,20.0,0.1666666666666666,0.1666666666666666,0.1666666666666666,0.1666666666666666,0.1666666666666666,0.1666666666666666
21,21.0,0.1666666666666666,0.1666666666666666,0.1666666666666666,0.1666666666666666,0.1666666666666666,0.1666666666666666
22,22.0,0.1666666666666666,0.1666666666666666,0.1666666666666666,0.1666666666666666,0.1666666666666666,0.1666666666666666
23,23.0,0.1666666666666666,0.1666666666666666,0.1666666666666666,0.1666666666666666,0.1666666666666666,0.1666666666666666
24,24.0,0.1666666666666666,0.1666666666666666,0.1666666666666666,0.1666666666666666,0.1666666666666666,0.1666666666666666
25,25.0,0.1666666666666666,0.1666666666666666,0.1666666666666666,0.1666666666666666,0.1666666666666666,0.1666666666666666
26,26.0,0.1666666666666666,0.1666666666666666,0.1666666666666666,0.1666666666666666,0.1666666666666666,0.1666666666666666
27,27.0,0.1666666666666666,0.1666666666666666,0.1666666666666666,0.1666666666666666,0.1666666666666666,0.1666666666666666
28,28.0,0.1666666666666666,0.1666666666666666,0.1666666666666666,0.1666666666666666,0.1666666666666666,0.1666666666666666
29,29.0,0.1666666666666666,0.1666666666666666,0.1666666666666666,0.1666666666666666,0.1666666666666666,0.1666666666666666
30,30.0,0.1666666666666666,0.1666666666666666,0.1666666666666666,0.1666666666666666,0.1666666666666666,0.1666666666666666
31,31.0,0.1666666666666666,0.1666666666666666,0.1666666666666666,0.1666666666666666,0.1666666666666666,0.1666666666666666
32,32.0,0.1666666666666666,0.1666666666666666,0.1666666666666666,0.1666666666666666,0.1666666666666666,0.1666666666666666
33,33.0,0.1666666666666666,0.1666666666666666,0.1666666666666666,0.1666666666666666,0.1666666666666666,0.1666666666666666
34,34.0,0.1666666666666666,0.1666666666666666,0.1666666666666666,0.1666666666666666,0.1666666666666666,0.1666666666666666
35,35.0,0.1666666666666666,0.1666666666666666,0.1666666666666666,0.1666666666666666,0.1666666666666666,0.1666666666666666
36,36.0,0.1666666666666666,0.1666666666666666,0.1666666666666666,0.1666666666666666,0.1666666666666666,0.1666666666666666
37,37.0,0.1666666666666666,0.1666666666666666,0.1666666666666666,0.1666666666666666,0.1666666666666666,0.1666666666666666
38,38.0,0.1666666666666666,0.1666666666666666,0.1666666666666666,0.1666666666666666,0.1666666666666666,0.1666666666666666
39,39.0,0.1666666666666666,0.1666666666666666,0.1666666666666666,0.1666666666666666,0.1666666666666666,0.1666666666666666
40,40.0,0.1666666666666666,0.1666666666666666,0.1666666666666666,0.1666666666666666,0.1666666666666666,0.1666666666666666
41,41.0,0.1666666666666666,0.1666666666666666,0.1666666666666666,0.1666666666666666,0.1666666666666666,0.1666666666666666
42,42.0,0.1666666666666666,0.1666666666666666,0.1666666666666666,0.1666666666666666,0.1666666666666666,0.1666666666666666
43,43.0,0.1666666666666666,0.1666666666666666,0.1666666666666666,0.1666666666666666,0.1666666666666666,0.1666666666666666
44,44.0,0.1666666666666666,0.1666666666666666,0.1666666666666666,0.1666666666666666,0.1666666666666666,0.1666666666666666
45,45.0,0.1666666666666666,0.1666666666666666,0.1666666666666666,0.1666666666666666,0.1666666666666666,0.1666666666666666
46,46.0,0.1666666666666666,0.1666666666666666,0.1666666666666666,0.1666666666666666,0.1666666666666666,0.1666666666666666
47,47.0,0.1666666666666666,0.1666666666666666,0.1666666666666666,0.1666666666666666,0.1666666666666666,0.1666666666666666
48,48.0,0.1666666666666666,0.1666666666666666,0.1666666666666666,0.1666666666666666,0.1666666666666666,0.1666666666666666
49,49.0,0.1666666666666666,0.1666666666666666,0.1666666666666666,0.1666666666666666,0.1666666666666666,0.1666666666666666
50,50.0,0.1666666666666666,0.1666666666666666,0.1666666666666666,0.1666666666666666,0.1666666666666666,0.1666666666666666
51,51.0,0.1666666666666666,0.1666666666666666,0.1666666666666666,0.1666666666666666,0.1666666666666666,0.1666666666666666
52,52.0,0.1666666666666666,0.1666666666666666,0.1666666666666666,0.1666666666666666,0.1666666666666666,0.1666666666666666
53,53.0,0.1666666666666666,0.1666666666666666,0.1666666666666666,0.1666666666666666,0.1666666666666666,0.1666666666666666
54,54.0,0.1666666666666666,0.1666666666666666,0.1666666666666666,0.1666666666666666,0.1666666666666666,0.1666666666666666
55,55.0,0.1666666666666666,0.1666666666666666,0.1666666666666666,0.1666666666666666,0.1666666666666666,0.1666666666666666
56,56.0,0.1666666666666666,0.1666666666666666,0.1666666666666666,0.1666666666666666,0.1666666666666666,0.1666666666666666
57,57.0,0.1666666666666666,0.1666666666666666,0.1666666666666666,0.1666666666666666,0.1666666666666666,0.1666666666666666
58,58.0,0.1666666666666666,0.1666666666666666,0.1666666666666666,0.1666666666666666,0.1666666666666666,0.1666666666666666
59,59.0,0.1666666666666666,0.1666666666666666,0.1666666666666666,0.1666666666666666,0.1666666666666666,0.1666666666666666
60,60.0,0.1666666666666666,0.1666666666666666,0.1666666666666666,0.1666666666666666,0.1666666666666666,0.1666666666666666
61,61.0,0.1666666666666666,0.1666666666666666,0.1666666666666666,0.1666666666666666,0.1666666666666666,0.1666666666666666
62,62.0,0.1666666666666666,0.1666666666666666,0.1666666666666666,0.1666666666666666,0.1666666666666666,0.1666666666666666
63,63.0,0.1666666666666666,0.1666666666666666,0.1666666666666666,0.1666666666666666,0.1666666666666666,0.1666666666666666
64,64.0,0.1666666666666666,0.1666666666666666,0.1666666666666666,0.1666666666666666,0.1666666666666666,0.1666666666666666
65,65.0,0.1666666666666666,0.1666666666666666,0.1666666666666666,0.1666666666666666,0.1666666666666666,0.1666666666666666
66,66.0,0.1666666666666666,0.1666666666666666,0.1666666666666666,0.1666666666666666,0.1666666666666666,0.1666666666666666
67,67.0,0.1666666666666666,0.1666666666666666,0.1666666666666666,0.1666666666666666,0.1666666666666666,0.1666666666666666
68,68.0,0.1666666666666666,0.1666666666666666,0.1666666666666666,0.1666666666666666,0.1666666666666666,0.1666666666666666
69,69.0,0.1666666666666666,0.1666666666666666,0.1666666666666666,0.1666666666666666,0.1666666666666666,0.1666666666666666
70,70.0,0.1666666666666666,0.1666666666666666,0.1666666666666666,0.1666666666666666,0.1666666666666666,0.1666666666666666
71,71.0,0.1666666666666666,0.1666666666666666,0.1666666666666666,0.1666666666666666,0.1666666666666666,0.1666666666666666
72,72.0,0.1666666666666666,0.1666666666666666,0.1666666666666666,0.1666666666666666,0.1666666666666666,0.1666666666666666
73,73.0,0.1666666666666666,0.1666666666666666,0.1666666666666666,0.1666666666666666,0.1666666666666666,0.1666666666666666
74,74.0,0.1666666666666666,0.1666666666666666,0.1666666666666666,0.1666666666666666,0.1666666666666666,0.1666666666666666
75,75.0,0.1666666666666666,0.1666666666666666,0.1666666666666666,0.1666666666666666,0.1666666666666666,0.1666666666666666
76,76.0,0.1666666666666666,0.1666666666666666,0.1666666666666666,0.1666666666666666,0.1666666666666666,0.1666666666666666
77,77.0,0.1666666666666666,0.1666666666666666,0.1666666666666666,0.1666666666666666,0.1666666666666666,0.1666666666666666
78,78.0,0.1666666666666666,0.1666666666666666,0.1666666666666666,0.1666666666666666,0.1666666666666666,0.1666666666666666
79,79.0,0.1666666666666666,0.1666666666666666,0.1666666666666666,0.1666666666666666,0.1666666666666666,0.1666666666666666
80,80.0,0.1666666666666666,0.1666666666666666,0.1666666666666666,0.1666666666666666,0.1666666666666666,0.1666666666666666
81,81.0,0.1666666666666666,0.1666666666666666,0.1666666666666666,0.1666666666666666,0.1666666666666666,0.1666666666666666
82,82.0,0.1666666666666666,0.1666666666666666,0.1666666666666666,0.1666666666666666,0.1666666666666666,0.1666666666666666
83,83.0,0.1666666666666666,0.1666666666666666,0.1666666666666666,0.1666666666666666,0.1666666666666666,0.1666666666666666
84,84.0,0.1666666666666666,0.1666666666666666,0.1666666666666666,0.1666666666666666,0.1666666666666666,0.1666666666666666
85,85.0,0.1666666666666666,0.1666666666666666,0.1666666666666666,0.1666666666666666,0.1666666666666666,0.1666666666666666
86,86.0,0.1666666666666666,0.1666666666666666,0.1666666666666666,0.1666666666666666,0.1666666666666666,0.1666666666666666
87,87.0,0.1666666666666666,0.1666666666666666,0.1666666666666666,0.1666666666666666,0.1666666666666666,0.1666666666666666
88,88.0,0.1666666666666666,0.1666666666666666,0.1666666666666666,0.1666666666666666,0.1666666666666666,0.1666666666666666
89,89.0,0.1666666666666666,0.1666666666666666,0.1666666666666666,0.1666666666666666,0.1666666666666666,0.1666666666666666
90,90.0,0.1666666666666666,0.1666666666666666,0.1666666666666666,0.1666666666666666,0.1666666666666666,0.1666666666666666
91,91.0,0.1666666666666666,0.1666666666666666,0.1666666666666666,0.1666666666666666,0.1666666666666666,0.1666666666666666
92,92.0,0.1666666666666666,0.1666666666666666,0.1666666666666666,0.1666666666666666,0.1666666666666666,0.1666666666666666
93,93.0,0.1666666666666666,0.1666666666666666,0.1666666666666666,0.1666666666666666,0.1666666666666666,0.1666666666666666
94,94.0,0.1666666666666666,0.1666666666666666,0.1666666666666666,0.1666666666666666,0.1666666666666666,0.1666666666666666
95,95.0,0.1666666666666666,0.1666666666666666,0.1666666666666666,0.1666666666666666,0.1666666666666666,0.1666666666666666
96,96.0,0.1666666666666666,0.1666666666666666,0.1666666666666666,0.1666666666666666,0.1666666666666666,0.1666666666666666
97,97.0,0.1666666666666666,0.1666666666666666,0.1666666666666666,0.1666666666666666,0.1666666666666666,0.1666666666666666
98,98.0,0.1666666666666666,0.1666666666666666,0.1666666666666666,0.1666666666666666,0.1666666666666666,0.1666666666666666
99,99.0,0.1666666666666666,0.1666666666666666,0.1666666666666666,0.1666666666666666,0.1666666666666666,0.1666666666666666
100,100.0,0.1666666666666666,0.1666666666666666,0.1666666666666666,0.1666666666666666,0.1666666666666666,0.1666666666666666
101,101.0,0.1666666666666666,0.1666666666666666,0.1666666666666666,0.1666666666666666,0.1666666666666666,0.1666666666666666
102,102.0,0.1666666666666666,0.1666666666666666,0.1666666666666666,0.1666666666666666,0.1666666666666666,0.1666666666666666
103,103.0,0.1666666666666666,0.1666666666666666,0.1666666666666666,0.1666666666666666,0.1666666666666666,0.1666666666666666
104,104.0,0.1666666666666666,0.1666666666666666,0.1666666666666666,0.1666666666666666,0.1666666666666666,0.1666666666666666
105,105.0,0.1666666666666666,0.1666666666666666,0.1666666666666666,0.1666666666666666,0.1666666666666666,0.1666666666666666
106,106.0,0.1666666666666666,0.1666666666666666,0.1666666666666666,0.1666666666666666,0.1666666666666666,0.1666666666666666
107,107.0,0.1666666666666666,0.1666666666666666,0.1666666666666666,0.1666666666666666,0.1666666666666666,0.1666666666666666
108,108.0,0.1666666666666666,0.1666666666666666,0.1666666666666666,0.1666666666666666,0.1666666666666666,0.1666666666666666
109,109.0,0.1666666666666666,0.1666666666666666,0.1666666666666666,0.1666666666666666,0.1666666666666666,0.1666666666666666
110,110.0,0.1666666666666666,0.1666666666666666,0.1666666666666666,0.1666666666666666,0.1666666666666666,0.1666666666666666
111,111.0,0.1666666666666666,0.1666666666666666,0.1666666666666666,0.1666666666666666,0.1666666666666666,0.1666666666666666
112,112.0,0.1666666666666666,0.1666666666666666,0.1666666666666666,0.1666666666666666,0.1666666666666666,0.1666666666666666
113,113.0,0.1666666666666666,0.1666666666666666,0.1666666666666666,0.1666666666666666,0.1666666666666666,0.1666666666666666
114,114.0,0.1666666666666666,0.1666666666666666,0.1666666666666666,0.1666666666666666,0.1666666666666666,0.1666666666666666
115,115.0,0.1666666666666666,0.1666666666666666,0.1666666666666666,0.1666666666666666,0.1666666666666666,0.1666666666666666
116,116.0,0.1666666666666666,0.1666666666666666,0.1666666666666666,0.1666666666666666,0.1666666666666666,0.1666666666666666
117,117.0,0.1666666666666666,0.1666666666666666,0.1666666666666666,0.1666666666666666,0.1666666666666666,0.1666666666666666
118,118.0,0.1666666666666666,0.1666666666666666,0.1666666666666666,0.1666666666666666,0.1666666666666666,0.1666666666666666
119,119.0,0.1666666666666666,0.1666666666666666,0.1666666666666666,0.1666666666666666,0.1666666666666666,0.1666666666666666
120,120.0,0.1666666666666666,0.1666666666666666,0.1666666666666666,0.1666666666666666,0.1666666666666666,0.1666666666666666
121,121.0,0.1666666666666666,0.1666666666666666,0.1666666666666666,0.1666666666666666,0.1666666666666666,0.1666666666666666
122,122.0,0.1666666666666666,0.1666666666666666,0.1666666666666666,0.1666666666666666,0.1666666666666666,0.1666666666666666
123,123.0,0.1666666666666666,0.1666666666666666,0.1666666666666666,0.1666666666666666,0.1666666666666666,0.1666666666666666
124,124.0,0.1666666666666666,0.1666666666666666,0.1666666666666666,0.1666666666666666,0.1666666666666666,0.1666666666666666
125,125.0,0.1666666666666666,0.1666666666666666,0.1666666666666666,0.1666666666666666,0.1666666666666666,0.1666666666666666
126,126.0,0.1666666666666666,0.1666666666666666,0.1666666666666666,0.1666666666666666,0.1666666666666666,0.1666666666666666
127,127.0,0.1666666666666666,0.1666666666666666,0.1666666666666666,0.1666666666666666,0.1666666666666666,0.1666666666666666
128,128.0,0.1666666666666666,0.1666666666666666,0.1666666666666666,0.1666666666666666,0.1666666666666666,0.1666666666666666
129,129.0,0.1666666666666666,0.1666666666666666,0.1666666666666666,0.1666666666666666,0.1666666666666666,0.1666666666666666
130,130.0,0.1666666666666666,0.1666666666666666,0.1666666666666666,0.1666666666666666,0.1666666666666666,0.1666666666666666
131,131.0,0.1666666666666666,0.1666666666666666,0.1666666666666666,0.1666666666666666,0.1666666666666666,0.1666666666666666
132,132.0,0.1666666666666666,0.1666666666666666,0.1666666666666666,0.1666666666666666,0.1666666666666666,0.1666666666666666
133,133.0,0.1666666666666666,0.1666666666666666,0.1666666666666666,0.1666666666666666,0.1666666666666666,0.1666666666666666
134,134.0,0.1666666666666666,0.1666666666666666,0.1666666666666666,0.1666666666666666,0.1666666666666666,0.1666666666666666
135,135.0,0.1666666666666666,0.1666666666666666,0.1666666666666666,0.1666666666666666,0.1666666666666666,0.1666666666666666
136,136.0,0.1666666666666666,0.1666666666666666,0.1666666666666666,0.1666666666666666,0.1666666666666666,0.1666666666666666
137,137.0,0.1666666666666666,0.1666666666666666,0.1666666666666666,0.1666666666666666,0.1666666666666666,0.1666666666666666
138,138.0,0.1666666666666666,0.1666666666666666,0.1666666666666666,0.1666666666666666,0.1666666666666666,0.1666666666666666
139,139.0,0.1666666666666666,0.1666666666666666,0.1666666666666666,0.1666666666666666,0.1666666666666666,0.1666666666666666
140,140.0,0.1666666666666666,0.1666666666666666,0.1666666666666666,0.1666666666666666,0.1666666666666666,0.1666666666666666
141,141.0,0.1666666666666666,0.1666666666666666,0.1666666666666666,0.1666666666666666,0.1666666666666666,0.1666666666666666
142,142.0,0.1666666666666666,0.1666666666666666,0.1666666666666666,0.1666666666666666,0.1666666666666666,0.1666666666666666
143,143.0,0.1666666666666666,0.1666666666666666,0.1666666666666666,0.1666666666666666,0.1666666666666666,0.1666666666666666
144,144.0,0.1666666666666666,0.1666666666666666,0.1666666666666666,0.1666666666666666,0.1666666666666666,0.1666666666666666
145,145.0,0.1666666666666666,0.1666666666666666,0.1666666666666666,0.1666666666666666,0.1666666666666666,0.1666666666666666
146,146.0,0.1666666666666666,0.1666666666666666,0.1666666666666666,0.1666666666666666,0.1666666666666666,0.1666666666666666
147,147.0,0.1666666666666666,0.1666666666666666,0.1666666666666666,0.1666666666666666,0.1666666666666666,0.1666666666666666
148,148.0,0.1666666666666666,0.1666666666666666,0.1666666666666666,0.1666666666666666,0.1666666666666666,0.1666666666666666
149,149.0,0.1666666666666666,0.1666666666666666,0.1666666666666666,0.1666666666666666,0.1666666666666666,0.1666666666666666
150,150.0,0.1666666666666666,0.1666666666666666,0.1666666666666666,0.1666666666666666,0.1666666666666666,0.1666666666666666
151,151.0,0.1666666666666666,0.1666666666666666,0.1666666666666666,0.1666666666666666,0.1666666666666666,0.1666666666666666
152,152.0,0.1666666666666666,0.1666666666666666,0.1666666666666666,0.1666666666666666,0.1666666666666666,0.1666666666666666
153,153.0,0.1666666666666666,0.1666666666666666,0.1666666666666666,0.1666666666666666,0.1666666666666666,0.1666666666666666
154,154.0,0.1666666666666666,0.1666666666666666,0.1666666666666666,0.1666666666666666,0.1666666666666666,0.1666666666666666
155,155.0,0.1666666666666666,0.1666666666666666,0.1666666666666666,0.1666666666666666,0.1666666666666666,0.1666666666666666
156,156.0,0.1666666666666666,0.1666666666666666,0.1666666666666666,0.1666666666666666,0.1666666666666666,0.1666666666666666
157,157.0,0.1666666666666666,0.1666666666666666,0.1666666666666666,0.1666666666666666,0.1666666666666666,0.1666666666666666
158,158.0,0.1666666666666666,0.1666666666666666,0.1666666666666666,0.1666666666666666,0.1666666666666666,0.1666666666666666
159,159.0,0.1666666666666666,0.1666666666666666,0.1666666666666666,0.1666666666666666,0.1666666666666666,0.1666666666666666
160,160.0,0.1666666666666666,0.1666666666666666,0.1666666666666666,0.1666666666666666,0.1666666666666666,0.1666666666666666
161,161.0,0.1666666666666666,0.1666666666666666,0.1666666666666666,0.1666666666666666,0.1666666666666666,0.1666666666666666
162,162.0,0.1666666666666666,0.1666666666666666,0.1666666666666666,0.1666666666666666,0.1666666666666666,0.1666666666666666
163,163.0,0.1666666666666666,0.1666666666666666,0.1666666666666666,0.1666666666666666,0.1666666666666666,0.1666666666666666
164,164.0,0.1666666666666666,0.1666666666666666,0.1666666666666666,0.1666666666666666,0.1666666666666666,0.1666666666666666
165,165.0,0.1666666666666666,0.1666666666666666,0.1666666666666666,0.1666666666666666,0.1666666666666666,0.1666666666666666
166,166.0,0.1666666666666666,0.1666666666666666,0.1666666666666666,0.1666666666666666,0.1666666666666666,0.1666666666666666
167,167.0,0.1666666666666666,0.1666666666666666,0.1666666666666666,0.1666666666666666,0.1666666666666666,0.1666666666666666
168,168.0,0.1666666666666666,0.1666666666666666,0.1666666666666666,0.1666666666666666,0.1666666666666666,0.1666666666666666
169,169.0,0.1666666666666666,0.1666666666666666,0.1666666666666666,0.1666666666666666,0.1666666666666666,0.1666666666666666
170,170.0,0.1666666666666666,0.1666666666666666,0.1666666666666666,0.1666666666666666,0.1666666666666666,0.1666666666666666
171,171.0,0.1666666666666666,0.1666666666666666,0.1666666666666666,0.1666666666666666,0.1666666666666666,0.1666666666666666
172,172.0,0.1666666666666666,0.1666666666666666,0.1666666666666666,0.1666666666666666,0.1666666666666666,0.1666666666666666
173,173.0,0.1666666666666666,0.1666666666666666,0.1666666666666666,0.1666666666666666,0.1666666666666666,0.1666666666666666
174,174.0,0.1666666666666666,0.1666666666666666,0.1666666666666666,0.1666666666666666,0.1666666666666666,0.1666666666666666
175,175.0,0.1666666666666666,0.1666666666666666,0.1666666666666666,0.1666666666666666,0.1666666666666666,0.1666666666666666
176,176.0,0.1666666666666666,0.1666666666666666,0.1666666666666666,0.1666666666666666,0.1666666666666666,0.1666666666666666
177,177.0,0.1666666666666666,0.1666666666666666,0.1666666666666666,0.1666666666666666,0.1666666666666666,0.1666666666666666
178,178.0,0.1666666666666666,0.1666666666666666,0.1666666666666666,0.1666666666666666,0.1666666666666666,0.1666666666666666
179,179.0,0.1666666666666666,0.1666666666666666,0.1666666666666666,0.1666666666666666,0.1666666666666666,0.1666666666666666
180,180.0,0.1666666666666666,0.1666666666666666,0.1666666666666666,0.1666666666666666,0.1666666666666666,0.1666666666666666
181,181.0,0.1666666666666666,0.1666666666666666,0.1666666666666666,0.1666666666666666,0.1666666666666666,0.1666666666666666
182,182.0,0.1666666666666666,0.1666666666666666,0.1666666666666666,0.1666666666666666,0.1666666666666666,0.1666666666666666
183,183.0,0.1666666666666666,0.1666666666666666,0.1666666666666666,0.1666666666666666,0.1666666666666666,0.1666666666666666
184,184.0,0.1666666666666666,0.1666666666666666,0.1666666666666666,0.1666666666666666,0.1666666666666666,0.1666666666666666
185,185.0,0.1666666666666666,0.1666666666666666,0.1666666666666666,0.1666666666666666,0.1666666666666666,0.1666666666666666
186,186.0,0.1666666666666666,0.1666666666666666,0.1666666666666666,0.1666666666666666,0.1666666666666666,0.1666666666666666
187,187.0,0.1666666666666666,0.1666666666666666,0.1666666666666666,0.1666666666666666,0.1666666666666666,0.1666666666666666
188,188.0,0.1666666666666666,0.1666666666666666,0.1666666666666666,0.1666666666666666,0.1666666666666666,0.1666666666666666
189,189.0,0.1666666666666666,0.1666666666666666,0.1666666666666666,0.1666666666666666,0.1666666666666666,0.1666666666666666
190,190.0,0.1666666666666666,0.1666666666666666,0.1666666666666666,0.1666666666666666,0.1666666666666666,0.1666666666666666
191,191.0,0.1666666666666666,0.1666666666666666,0.1666666666666666,0.1666666666666666,0.1666666666666666,0.1666666666666666
192,192.0,0.1666666666666666,0.1666666666666666,0.1666666666666666,0.1666666666666666,0.1666666666666666,0.1666666666666666
193,193.0,0.1666666666666666,0.1666666666666666,0.1666666666666666,0.1666666666666666,0.1666666666666666,0.1666666666666666
194,194.0,0.1666666666666666,0.1666666666666666,0.1666666666666666,0.1666666666666666,0.1666666666666666,0.1666666666666666
195,195.0,0.1666666666666666,0.1666666666666666,0.1666666666666666,0.1666666666666666,0.1666666666666666,0.1666666666666666
196,196.0,0.1666666666666666,0.1666666666666666,0.1666666666666666,0.1666666666666666,0.1666666666666666,0.1666666666666666
197,197.0,0.1666666666666666,0.1666666666666666,0.1666666666666666,0.1666666666666666,0.1666666666666666,0.1666666666666666
198,198.0,0.1666666666666666,0.1666666666666666,0.1666666666666666,0.1666666666666666,0.1666666666666666,0.1666666666666666
199,199.0,0.1666666666666666,0.1666666666666666,0.1666666666666666,0.1666666666666666,0.1666666666666666,0.1666666666666666
200,200.0,0.1666666666666666,0.1666666666666666,0.1666666666666666,0.1666666666666666,0.1666666666666666,0.1666666666666666
201,201.0,0.1666666666666666,0.1666666666666666,0.1666666666666666,0.1666666666666666,0.1666666666666666,0.1666666666666666
202,202.0,0.1666666666666666,0.1666666666666666,0.1666666666666666,0.1666666666666666,0.1666666666666666,0.1666666666666666
203,203.0,0.1666666666666666,0.1666666666666666,0.1666666666666666,0.1666666666666666,0.1666666666666666,0.1666666666666666
204,204.0,0.1664285714285714,0.1664285714285714,0.1678571428571428,0.1664285714285714,0.1664285714285714,0.1664285714285714
205,205.0,0.1661928571428572,0.1661928571428572,0.1690357142857143,0.1661928571428572,0.1661928571428572,0.1661928571428572
206,206.0,0.1659616428571429,0.1659616428571429,0.1701917857142857,0.1659616428571429,0.1659616428571429,0.1659616428571429
207,207.0,0.1657367907142858,0.1657367907142858,0.1713160464285714,0.1657367907142858,0.1657367907142858,0.1657367907142858
208,208.0,0.1655199130214286,0.1655199130214286,0.1724004348928572,0.1655199130214286,0.1655199130214286,0.1655199130214286
209,209.0,0.1653123811105001,0.1653123811105001,0.1734380944475,0.1653123811105001,0.1653123811105001,0.1653123811105001
210,210.0,0.1651153357224165,0.1651153357224165,0.1744233213879179,0.1651153357224165,0.1651153357224165,0.1651153357224165
211,211.0,0.164691603420679,0.164691603420679,0.1736848400394624,0.1661201748492504,0.164691603420679,0.1661201748492504
212,212.0,0.1641038045053847,0.1653538045053847,0.172723834615934,0.1669466616482418,0.1641038045053847,0.1667680902196704
213,213.0,0.164606366484185,0.165843866484185,0.1715543104362182,0.1674079379127564,0.163356366484185,0.1672311521984707
214,214.0,0.1651209419335967,0.1663348169335968,0.1703695289034451,0.1678573405050253,0.1626334419335967,0.1676839297907396
215,215.0,0.1656411837520647,0.1668216575020647,0.1691828635682482,0.1682915627663504,0.1619398087520647,0.1681229236592075
216,216.0,0.1659232276464033,0.1684904069624748,0.1677682742261266,0.1684696852691176,0.1610413788964033,0.1683070269994747
217,217.0,0.1662023586843679,0.1701347583596,0.1663769848854797,0.1686298224784407,0.1601819020468678,0.1684741735452443
218,218.0,0.1664760768412161,0.1717407079857977,0.1650205784395666,0.1687721715515709,0.1593660776713411,0.1686243875105082
219,219.0,0.1678136147949196,0.1729388936647557,0.1635305592348014,0.1687185163828247,0.1584191273376059,0.1685792885850931
220,220.0,0.1687142628053037,0.1738017607280592,0.1619570141359425,0.1685108193449027,0.158635458541646,0.1683806844441463
221,221.0,0.1695877033865963,0.1746042123666407,0.1604490311833879,0.1682915615951016,0.1588965798176434,0.1681709116506305
222,222.0,0.1704279228758937,0.1753442656065866,0.1590151339920326,0.1680640917821075,0.1591954009456424,0.1679531847977377
223,223.0,0.1712298411875024,0.1760207597553608,0.1576622529576703,0.1678315058103694,0.1595251637291628,0.1677304765599346
224,224.0,0.1708781581449641,0.1777443968917041,0.1563958152749453,0.1675966411554792,0.1598794763748174,0.1675055121580903
225,225.0,0.1704917507141189,0.1793932263454959,0.1552198409855212,0.167362074332301,0.1602523407699361,0.1672807668526273
226,226.0,0.1702565268366773,0.1811368120190251,0.1543156149215334,0.1674872640830383,0.1595667445241927,0.1672370376155335
227,227.0,0.1699990061103591,0.1827875281478682,0.153504290235364,0.1676135542813635,0.1588996753784168,0.1671959458466286
228,228.0,0.1695454219987438,0.1841595830966341,0.1526061186075214,0.1673824291233918,0.1593273798854977,0.1669790672882115
229,229.0,0.1690806309671915,0.185427836719557,0.1517994807341656,0.1671533699677611,0.1597718179207934,0.1667668636905317
230,230.0,0.1686104016180113,0.1865899866129921,0.1510832896185815,0.1669284608057936,0.1602268717511293,0.1665609895934924
231,231.0,0.168139980076458,0.1876450216509537,0.1504556624961479,0.1667095357297428,0.1606869292586981,0.1663628707879999
232,232.0,0.1678526612057557,0.187521674397181,0.1500925906673453,0.1666767570103487,0.1613254609292722,0.1665308557900973
233,233.0,0.1675722936418122,0.187303302267671,0.1498105350353843,0.1654011235134256,0.1619575197441312,0.167955225797576
234,234.0,0.167162097040702,0.1868627025824035,0.1505764367591229,0.1640057881628065,0.16229965462292,0.1690933208320453
235,235.0,0.1666530451610418,0.1872403929826959,0.1511806188635312,0.1625305633862562,0.1624052143882357,0.1699901652182393
236,236.0,0.165922018811388,0.1873126723178939,0.1530236876799746,0.160860095136038,0.1622587057156772,0.1706228203390284
237,237.0,0.1650342399879508,0.1871450731868695,0.1572133238490849,0.1590663267277353,0.1619225148214717,0.169618521426888
238,238.0,0.1640360871231683,0.1867850848243803,0.1609670218929521,0.1572013512580648,0.1625519083446626,0.1684585465567721
239,239.0,0.1630735791498228,0.1863805460371979,0.1646658386436618,0.1554159391878601,0.1631690339082782,0.1672950630731794
240,240.0,0.1621527766585042,0.1859399572556633,0.1682782740630227,0.1537199882978767,0.1637689470526399,0.1661400566722936
241,241.0,0.1612787171259228,0.1854713293670271,0.1717768419299759,0.1521215119789921,0.1643473698882295,0.1650042297098528
242,242.0,0.1607332446293086,0.1841488192275525,0.1752768322099817,0.1507656364261744,0.1650395561064572,0.1640359114005257
243,243.0,0.1603778440789199,0.182959929052607,0.1790347694256014,0.1496555492072339,0.1647299852846548,0.1632419229509833
244,244.0,0.160072062285638,0.1817781857474872,0.1826122795111173,0.1486527723609721,0.1643969288350431,0.1624877712597424
245,245.0,0.159813995191685,0.1806146920582616,0.1859916300786848,0.147756602618584,0.1640460658848994,0.1617770141678854
246,246.0,0.1596014519980676,0.1794792579602331,0.189158843574423,0.146965340967106,0.1636826857137782,0.1611124197863923
247,247.0,0.1593410966557794,0.178198613653444,0.1919216433887392,0.1461855001230528,0.1631298556636703,0.1612232905153145
248,248.0,0.1590463745391708,0.1768122078139596,0.1951382974370871,0.145429797020183,0.1624241702350966,0.161149152954503
249,249.0,0.1573037561269266,0.1752427490517126,0.1993080935824198,0.1445334614954936,0.1627362402184579,0.1608756995249895
250,250.0,0.1554758540581297,0.1734607451831097,0.203083702193268,0.1447060280829215,0.162772677309235,0.1605009931733362
251,251.0,0.1536503731550206,0.1716270656292674,0.2063994782446641,0.1448997783412779,0.1634517060668042,0.1599715985629659
252,252.0,0.1528752406399763,0.1697417104807437,0.2090246574884494,0.1450294598196899,0.1639864650710986,0.1593424665000421
253,253.0,0.1521781729993406,0.1679537008484921,0.2113770478129474,0.1452251825813678,0.1645110337074028,0.1587548620504493
254,254.0,0.1513361121998569,0.1661600711660966,0.2141270708735083,0.1453672741592572,0.1649100742150416,0.1580993973862392
255,255.0,0.1505719781654048,0.1644793197353958,0.2166074631659203,0.145559676755958,0.1652921490018052,0.1574894131755158
256,256.0,0.1497070481312543,0.1627383948169557,0.2197132409869313,0.1456168638150507,0.165476562463342,0.156747889786466
257,257.0,0.1486033049659706,0.1608039769769886,0.2217734270530903,0.145395038987959,0.1664356016769245,0.1569886503390671
258,258.0,0.1475813817000342,0.1590004739717611,0.2235684072506495,0.1452100359972866,0.1673679279609265,0.1572717731193421
259,259.0,0.147615537798392,0.1571939404589626,0.2248289745867155,0.1449211338004095,0.1681280004565771,0.1573124128989433
260,260.0,0.1467248237636309,0.1555277448244784,0.225845964674077,0.1456666113399168,0.168850443817755,0.1573844115801419
261,261.0,0.1458197246585014,0.1539136061459126,0.2262699289730945,0.1471628485940479,0.1694408874333866,0.1573930041950571
262,262.0,0.1447544529248146,0.152206183058182,0.227673679337361,0.1484271665261582,0.1697503497855932,0.1571881683678911
263,263.0,0.1435913928284773,0.1504675925187948,0.2285166282281376,0.1495058281748431,0.1698395486629094,0.158079009586838
264,264.0,0.1425126680924322,0.1488790514640247,0.2291678548752942,0.1505673268376725,0.1698903327097654,0.1589827660208112
265,265.0,0.1415206324280105,0.1474414403559577,0.2296400192367211,0.1516027638266038,0.1699060355687387,0.1598891085839685
266,266.0,0.1406165372846942,0.1472651534221153,0.229946305897377,0.1526043909391373,0.1698900083300279,0.1596776041266486
267,267.0,0.1398006295618059,0.1472258211144134,0.2301002397607324,0.1535655728917876,0.1698455842757884,0.1594621523954725
268,268.0,0.1390722495945316,0.1473101412933151,0.2288655167678839,0.1544807423810164,0.1697760473281155,0.1604953026351377
269,269.0,0.1384299284069828,0.1475049055083709,0.2275183498343804,0.1553453489582736,0.1696846041458293,0.1615168631461633
270,270.0,0.1378714833330622,0.1477971217138149,0.2260834550236223,0.1561558028489839,0.169574359784214,0.162517777296303
271,271.0,0.1373941112121464,0.1481741225485538,0.2245839540714428,0.1569094147828947,0.1694482968048186,0.163490100580144
272,272.0,0.136994478470144,0.1486236595413108,0.2230413026015057,0.157604332836347,0.1693092576992151,0.1644269688514778
273,273.0,0.1366688074965837,0.1491339837063564,0.2214752421802862,0.158239477216852,0.1691599304710803,0.1653225589288418
274,274.0,0.1364129588243568,0.1496939130848114,0.2199037743071247,0.1588144738478995,0.1690028372049488,0.1661720427308593
275,275.0,0.1352502864878301,0.1493206656393279,0.2186209321837248,0.1594684764270136,0.1702292143261704,0.1671104249359336
276,276.0,0.1344755598942592,0.1493037518442152,0.2154559197515824,0.1603795046510568,0.1706448002311467,0.1697404636277402
277,277.0,0.1348434460209984,0.1491434217581013,0.2121643184516076,0.16104845995901,0.1708622324681669,0.1719381213421162
278,278.0,0.1352518777506224,0.1491353822157097,0.2090714650883451,0.162090082311625,0.1714963743038785,0.1729548183298197
279,279.0,0.1366034304912607,0.1488001988438061,0.2057241276874707,0.1627066887809095,0.1715706419314839,0.1745949122650695
280,280.0,0.1379867051858341,0.1484953664304894,0.2025026565981829,0.1632560434619321,0.1716224229526604,0.1761368053709013
281,281.0,0.1381346968920034,0.1493320093151453,0.2002600132335493,0.16360048909782,0.1713756704400616,0.1772971210214208
282,282.0,0.1382944539915473,0.1501876135391298,0.1981707412547507,0.1638820721367277,0.1711127052721908,0.1783524138056541
283,283.0,0.1382132023741328,0.1506628380373814,0.1970181740207694,0.1659653741190755,0.1692266672551428,0.1789137441934985
284,284.0,0.1380499463367208,0.1510500594465817,0.1966565303658271,0.1677925719488774,0.1671669058721878,0.1792839860298054
285,285.0,0.1377094683766349,0.1511380442453824,0.1960234656817007,0.1692720141641003,0.1657057345080893,0.1801512730240927
286,286.0,0.1369247280775757,0.1509065577475567,0.1950688307845279,0.1701640137943817,0.163966809193506,0.1829690604024523
287,287.0,0.1361587133621455,0.15067557623346,0.1942450433302994,0.1709648236733415,0.1622810088623465,0.1856748345384075
288,288.0,0.1354172118191356,0.1504473590198603,0.193547256449263,0.1716755546773222,0.1606598790195801,0.1882527390148392
289,289.0,0.13543834287989,0.1520681786931107,0.1895334232664851,0.1724386612743359,0.1615984564000875,0.1889229374860911
290,290.0,0.1359665610443537,0.153443566724437,0.1865197173133984,0.1726477433705776,0.1621962696226215,0.1892261419246121
291,291.0,0.1370846116842474,0.1547468581852643,0.1834793032196048,0.1726812041702537,0.1626494572637943,0.1893585654768358
292,292.0,0.1391802675535657,0.1568484202942246,0.1804777956226526,0.1723642077029605,0.1630004896878699,0.188128819138727
293,293.0,0.1411487004595617,0.1595640770320816,0.1775552078377161,0.1717627474378457,0.1632699609812063,0.1866993062515888
294,294.0,0.1430829483695079,0.1633163734796782,0.1748328737614431,0.1700001732462314,0.1635633325439441,0.1852042985991955
295,295.0,0.1448761782130005,0.1666004863379283,0.1722270822728209,0.1689374949899565,0.1637843715426065,0.1835743866436876
296,296.0,0.1463841554578461,0.1694243322311232,0.1709729440986777,0.1687496932923932,0.1626588079143216,0.1818100670056385
297,297.0,0.1483761308972661,0.1714983345394717,0.169912401278873,0.1688165597800472,0.1620034727539822,0.1793931007503601
298,298.0,0.1499906308892548,0.1735546791013164,0.1708137670832384,0.1683377442953056,0.1595078860213865,0.1777952926094984
299,299.0,0.1511240054533831,0.1752063864275076,0.1722698167892931,0.1686044213720736,0.1568128469229044,0.1759825230348385
300,300.0,0.151455712929475,0.1766947719107173,0.1737592616585476,0.1681046069736645,0.153491227887086,0.1764944186405097
301,301.0,0.1512502791642497,0.1777342514683792,0.1754189099060317,0.1672189299655617,0.1498352345443547,0.1785423949514231
302,302.0,0.1497060883371067,0.1805486843118349,0.1773357824070853,0.1662458129547951,0.1460625610065258,0.1801010709826523
303,303.0,0.147996611686663,0.1828667298183694,0.18019353723989,0.1650673230753308,0.1423291232850086,0.1815466748947382
304,304.0,0.1470888058950863,0.1850148462666096,0.1822361752896095,0.1639157825128332,0.1397683321753871,0.1819760578604744
305,305.0,0.1461615819344058,0.1869885453979025,0.184274781854055,0.1628000117412306,0.1373885309275679,0.1823865481448383
306,306.0,0.1458520279870126,0.1885664177335156,0.1858616350883705,0.1623266590882171,0.1350404069128374,0.1823528531900468
307,307.0,0.1454472767868563,0.1897876518450455,0.1873200977372818,0.161806146338394,0.1326110568648172,0.1830277704276052
308,308.0,0.1458002895106087,0.1915969113349972,0.1886544848389009,0.1603453643259102,0.1301510787054983,0.1834518712840847
309,309.0,0.1469191722260539,0.1932354828888109,0.1899320418951226,0.1589393114335202,0.1278926804821493,0.1830813110743432
310,310.0,0.1478040611947803,0.1945941594746721,0.1910907312849794,0.1574866851682485,0.1257833431284615,0.1832410197488584
311,311.0,0.1496521575844231,0.1957862449224186,0.1927863640367202,0.1560298126531795,0.1231211287228805,0.1826242920803781
312,312.0,0.1508029553932901,0.1968073199822269,0.1942013697397197,0.1554119423166986,0.1207247103514147,0.1820517022166501
313,313.0,0.1520088156955093,0.1976084141364319,0.1948624815546424,0.155466524805484,0.118477919480814,0.1815758443271184
314,314.0,0.15321768035423,0.1996507062312436,0.1941666218302909,0.1553605064968588,0.1165021196335565,0.1811023654538203
315,315.0,0.1542078806779353,0.2020470406090402,0.1936248223862121,0.1551112518538944,0.1145806900965006,0.1804283143764175
316,316.0,0.1550925715730801,0.2042392401739358,0.1933187618554863,0.1548379580088353,0.1128285986101874,0.1796828697784752
317,317.0,0.155910957073569,0.2062632964115714,0.1929654269520854,0.1546207618203416,0.1112839322844055,0.178955625458027
318,318.0,0.1566614838638628,0.2081157830922969,0.1925730784623109,0.1544562254846418,0.1099413952663598,0.1782520338305278
319,319.0,0.1573434325470779,0.2097953323049959,0.192149541229698,0.1543407283798134,0.1087941999954571,0.1775767655429578
320,320.0,0.1579200767412079,0.2112656775984616,0.191959522442033,0.1541969921420528,0.1077975195438097,0.176860211532435
321,321.0,0.1584292686885139,0.212566124146977,0.1917499527956391,0.1540954545176191,0.1069793574693027,0.1761798423819481
322,322.0,0.1588726616942054,0.2137006573595519,0.1915248830728529,0.154032911021424,0.1063300435549672,0.1755388432969985
