,Unnamed: 0,Generation,Intertwine_two,Add_vertex,Delete_vertex,Invert_path_vertices,Insert_inside_vertex,Delete_inside_vertex,Replace_inside_vertex,Donate_between_routes,Trim_one_terminal_cb,Grow_one_terminal_cb
0,0.0,0.0,0.09999999999999999,0.09999999999999999,0.09999999999999999,0.09999999999999999,0.09999999999999999,0.09999999999999999,0.09999999999999999,0.09999999999999999,0.09999999999999999,0.09999999999999999
1,1.0,1.0,0.11038426626922249,0.08212884538387402,0.07880038002879444,0.11694980173783694,0.11029848704768044,0.10231909194435809,0.10485407591507842,0.09567585543522114,0.1029998906167489,0.09558930562118464
2,2.0,2.0,0.11187843653246876,0.09451823048020691,0.07039021169907564,0.10622716354462278,0.10467613806689605,0.09828199833236886,0.11820776384724378,0.09634205761721024,0.10121610168583588,0.09826189819407068
3,3.0,3.0,0.1060184401691184,0.0915152507058525,0.08387623696952609,0.1148688227724864,0.1011297548755592,0.0974379057931569,0.10762831763584561,0.09713621422243982,0.10716262093305857,0.09322643592295601
4,4.0,4.0,0.10546416152894496,0.09821021777637946,0.07372224207439146,0.10280904829029443,0.0990669832584573,0.10529458620334169,0.10580233688410837,0.09712725829852613,0.09987825321327451,0.11262491247228126
5,5.0,5.0,0.09985252377462264,0.0836815135096993,0.08159854934373513,0.10520956428689032,0.10734500175133692,0.09431303329436261,0.11028771956259147,0.09839972340422946,0.11406164999501127,0.10525072107752038
6,6.0,6.0,0.11175071685162404,0.0851139068178268,0.0747075226892237,0.09998519191842739,0.09221620319602145,0.10898724403775166,0.11411298073634205,0.09286180276767915,0.10900579202160292,0.11125863896350045
7,7.0,7.0,0.102705657400413,0.08673912467091179,0.07504919233144765,0.10766731186018294,0.10608343501400903,0.10206860870575078,0.1165037283060035,0.07898543771034441,0.11978731978148208,0.1044101842194544
8,8.0,8.0,0.11745508402075885,0.09706392321761213,0.06932927101230738,0.09738642560119158,0.10121260492110304,0.10633081154434468,0.09631182100126745,0.09552700941307293,0.1102081478827968,0.10917490138554471
9,9.0,9.0,0.10495314670411456,0.09313401098455064,0.07296740707070427,0.09816636871067941,0.0857994644729726,0.11610567500591984,0.1008443536528707,0.10314218838124516,0.11843545488888363,0.10645193012805869
10,10.0,10.0,0.09618235662306104,0.09265459384897425,0.06838757205745956,0.08896697778540184,0.10414301711912369,0.1221990757963648,0.11057532644760412,0.09561354985400125,0.11725479870963722,0.10402273175837176
11,11.0,11.0,0.10901481917312236,0.08725565389644357,0.07319166606374825,0.09693426618197179,0.1034749754093475,0.10389032779146956,0.1084059016567476,0.10666733948436566,0.10953666515274932,0.10162838519003388
12,12.0,12.0,0.10580311294988183,0.08768750866384786,0.07187744065954217,0.0989559624724667,0.0972670772128158,0.11226388933700482,0.10207332565762015,0.10143485388542414,0.11421678280741923,0.1084200463539768
13,13.0,13.0,0.10819716298063405,0.09047905018497013,0.07767182810712858,0.09674309463584947,0.09310508157509748,0.1190110128886784,0.10995636584473112,0.0934819951436182,0.11379619786282309,0.097558210776469
14,14.0,14.0,0.10095871518695802,0.10014103489777663,0.06645732419953379,0.08129084664803717,0.10373317652296546,0.1155076028095855,0.1130505521204231,0.09876598293590112,0.10936530530736802,0.11072945937145069
15,15.0,15.0,0.11460101726809727,0.0805492198210517,0.06681167349181207,0.0925031502586662,0.09630145739521595,0.1205493680778317,0.10411207338326194,0.09867435364136257,0.12156964469538947,0.10432804196731078
16,16.0,16.0,0.11472698377921461,0.08512046530142849,0.05899954399001628,0.10810446564753635,0.0894432032625356,0.12559153098461923,0.09909366743514753,0.09904576054738747,0.11629622130721717,0.10357815774489683
17,17.0,17.0,0.09863410318631735,0.08277682078713317,0.08177447456552873,0.10195506142440705,0.08931637739747933,0.13148236890041176,0.094939004399996,0.09141447628913583,0.12106007958036227,0.106647233469228
18,18.0,18.0,0.09781822558785656,0.07812109181808721,0.06125942257178428,0.10129504540491543,0.09344006640755871,0.1207519825338466,0.10358577697957938,0.10439614099084853,0.14222670096798973,0.09710554673753319
19,19.0,19.0,0.07701379474999978,0.08499634093662464,0.06848841273184905,0.1171659908542824,0.0941927971692118,0.12708299224474195,0.10262128760404085,0.09834625904315003,0.13870515951023465,0.09138696515586431
20,20.0,20.0,0.09211483483081748,0.08222738347686291,0.07597270930860978,0.10729492316016906,0.09141721642946736,0.13212104018579818,0.11600927653620532,0.09144355952621,0.12428747555569068,0.08711158099016876
21,21.0,21.0,0.08451158491788976,0.10373137735508395,0.0759990812058856,0.08269254580813024,0.08679656100631253,0.11586488729503344,0.11708595411073397,0.09237513583085617,0.13032041577158712,0.11062245669848672
22,22.0,22.0,0.10663022984195432,0.08238324303299197,0.06185135797558992,0.09407997139829986,0.08581798536138505,0.1395080734055883,0.10526466188061642,0.0819872188959209,0.13114828022833921,0.11132897797931356
23,23.0,23.0,0.10888738175749224,0.08553143120162397,0.059321551996275625,0.08912118714594003,0.09136016310009265,0.12265553936331117,0.11494799218776916,0.096620500444678,0.1289241680327753,0.10263008477004146
24,24.0,24.0,0.10756712428515554,0.0780620120960128,0.07296372983722718,0.10108310197431544,0.09299498201218412,0.12397628039464328,0.10667498851478086,0.10201575253150605,0.11738427442381312,0.09727775393036112
25,25.0,25.0,0.09950818325561067,0.08312452301697312,0.060481745023164876,0.10295024188924176,0.09554996023762581,0.12346887104143786,0.11254281436191213,0.10156964141340237,0.12170763673652321,0.09909638302410773
26,26.0,26.0,0.11543280898105938,0.08074511075054322,0.06547337855536765,0.09955411973411693,0.08742377439761104,0.12627272137097417,0.09527041210681751,0.09913642830760012,0.13231339207747844,0.09837785371843108
27,27.0,27.0,0.09165482822577739,0.09712958455931678,0.07110482133076299,0.09559109775559935,0.07987263975227872,0.13113978988484593,0.09892397019238365,0.10042785788477815,0.13021393394816091,0.10394147646609568
28,28.0,28.0,0.09409677422607426,0.09500912996198112,0.06994456814461367,0.10990719144017021,0.07776433352628251,0.11713532529544417,0.09382652857717362,0.10316187034982005,0.13774887628251056,0.10140540219592942
29,29.0,29.0,0.09664380968000716,0.07760641583786507,0.0704104510904466,0.0938735606686974,0.1061067696585815,0.12137703211934736,0.10690230066728497,0.09572805274333114,0.11922660314288887,0.11212500439154945
30,30.0,30.0,0.0968417429098672,0.08365641375545009,0.06489819333118466,0.10217023676985455,0.09033617556278498,0.12028192970525549,0.1108069281358747,0.0993397975328998,0.13073101224391734,0.10093757005291068
31,31.0,31.0,0.09743811259415529,0.08433464556574106,0.06152950050787036,0.10694685499920634,0.08746622250174116,0.1247618882943414,0.11463218613964883,0.09120886978525838,0.13069126170844986,0.10099045790358688
32,32.0,32.0,0.098483196876577,0.0849088520118109,0.06814802925633179,0.09852189818276415,0.07256160345896656,0.13330925363066912,0.09737082569028285,0.10073672388847613,0.12859005615194402,0.11736956085217706
33,33.0,33.0,0.08499277449727743,0.08329341952678943,0.0631066222251285,0.10144631582722548,0.08085131478839949,0.11877202176620563,0.11641762456160179,0.10525447895074436,0.129188095744669,0.11667733211195841
34,34.0,34.0,0.09163952958172267,0.08049553365032594,0.06904224993288136,0.10500957958886543,0.0919433330731035,0.12436478424675523,0.10686903457957428,0.09866685034082141,0.13075505661173895,0.10121404839421075
35,35.0,35.0,0.11021149351405797,0.08486208395782494,0.06456956806923815,0.08635774789508764,0.0944367876021803,0.13008392342371877,0.10596943944367039,0.10190592977651539,0.13031743510020938,0.09128559121749653
36,36.0,36.0,0.090728327053756,0.08431495934282396,0.07062712592231979,0.1014713089804045,0.08480180963845982,0.12293898580259117,0.10191516161217637,0.0994477673014966,0.13680007538915467,0.1069544789568166
37,37.0,37.0,0.10674293811725395,0.0787279522289736,0.06602381211469581,0.10202987320142569,0.0896754138692217,0.13206917550961475,0.10357671327343292,0.08973130610154643,0.1263256337504443,0.10509718183339045
38,38.0,38.0,0.09431933752099299,0.09055590605958383,0.06171060644132981,0.10949898745113011,0.09027510387260322,0.12579408270708373,0.0943021060115087,0.09886583909811855,0.13489648852529038,0.09978154231235829
39,39.0,39.0,0.08825209465795665,0.0886963684938671,0.0759307587446882,0.10559687171073973,0.0971793869099784,0.1246832095260542,0.10710268700882608,0.10094544104076279,0.12157190427488525,0.0900412776322411
40,40.0,40.0,0.11685057780478689,0.08348919714483369,0.06016475588251029,0.10273232747823899,0.07529450339342805,0.12438805928919335,0.10027097470888882,0.08560569370648415,0.13578701113888175,0.1154168994527536
41,41.0,41.0,0.10522409786726619,0.07784906874567046,0.07175738936210581,0.10371280659656086,0.08050987972602631,0.1327473707410412,0.10541497030287705,0.08689967553599866,0.13334991105466001,0.10253483006779293
42,42.0,42.0,0.10294174121484538,0.09064772586668518,0.05974130843559462,0.08706360872426082,0.09117312723098411,0.12107013701507766,0.10647479747312986,0.0985585332022998,0.14123468193889194,0.10109433889823013
43,43.0,43.0,0.10304984802360621,0.09257555420370782,0.06346395252548859,0.11021282830171046,0.0889092916709249,0.13466883814647435,0.09680546303337673,0.08658498802858688,0.12115200938279184,0.10257722668333173
44,44.0,44.0,0.08962767960166895,0.08550951755135458,0.06692072136633145,0.08892946056775113,0.09113029302054812,0.13158450220606407,0.10192596075260192,0.08909591171384298,0.14744921123564242,0.10782674198419391
45,45.0,45.0,0.09813369927170913,0.0911480477789612,0.06711020209711491,0.10120349290790147,0.08593490252560496,0.12070146263405461,0.11282488089452987,0.08623089047614149,0.13010292951333385,0.10660949190064803
46,46.0,46.0,0.09845466515266443,0.09241663664752263,0.06325379653862015,0.09802417598218068,0.09151669350162671,0.13098366110620457,0.10262689262719529,0.08872175234172291,0.12463712378733097,0.10936460231493117
47,47.0,47.0,0.09136837294516127,0.0981175827219368,0.06786692249852606,0.08905712952757679,0.08818376612163017,0.12703616573254864,0.11118385468260036,0.08778469224635223,0.13637413226073575,0.1030273812629315
48,48.0,48.0,0.0837721088702221,0.0904464848301404,0.060913511653068464,0.1080701767225751,0.08415793085747644,0.12804593948508386,0.11395540072918586,0.08822891839538617,0.1411096200405681,0.10129990841629306
49,49.0,49.0,0.10097690563180635,0.08537299129195418,0.06737413048529821,0.09380586079473703,0.08223801317940611,0.13222074532966865,0.10820048524589014,0.09334249812576798,0.13477174612048445,0.10169662379498638
50,50.0,50.0,0.1021981281398892,0.09124210074597547,0.06661871883124879,0.09568046238609643,0.0835470380349396,0.12219600624424962,0.10295042337550646,0.10672333459421542,0.12608886289720164,0.10275492475067691
51,51.0,51.0,0.10994828044844163,0.07636154296557386,0.06666493513577543,0.0971383558111924,0.09184339553467953,0.12185335747214077,0.09633797985553554,0.09219220014828636,0.12282533967361675,0.12483461295475735
52,52.0,52.0,0.09131055095094967,0.09814349215699958,0.06138767164936752,0.09205511663840857,0.0867856898117988,0.13491213590948908,0.10849674545324481,0.10011408516649216,0.1297033636161873,0.09709114864706204
53,53.0,53.0,0.10452252724904296,0.0893250095369516,0.058227784493926724,0.08494752861236504,0.08204045338842203,0.13779748877040823,0.10833052373954424,0.10605129835714613,0.1342488443393821,0.09450854151281042
54,54.0,54.0,0.09439630229864562,0.09019771312275413,0.07207995119125676,0.09760106041987508,0.07607503190001169,0.13802114066448815,0.09921288897934748,0.0966881896499121,0.13104212835239193,0.10468559342131664
55,55.0,55.0,0.08759910456519514,0.0909323636243807,0.06462152180628852,0.1020373209450641,0.08924818218142269,0.13130668571961973,0.10187770088220131,0.09251182156372112,0.1332861424253296,0.10657915628677661
56,56.0,56.0,0.08877152954125164,0.08567703569122999,0.08486405268141282,0.08885343915596525,0.08335929437734435,0.11578742645588194,0.08934961834823466,0.10784899648631496,0.14161126541261385,0.11387734184975011
57,57.0,57.0,0.1048912705718795,0.08953601660716284,0.07754124975373802,0.09774932684589424,0.07655764367292375,0.14010983378019407,0.09125612917120632,0.08661185953880597,0.12510579973931601,0.11064087031887879
58,58.0,58.0,0.09836767557866642,0.08052659783828804,0.07084875422822516,0.09659611251029762,0.08236636817413068,0.1183431174791862,0.10309980568653494,0.10839343060109094,0.12856880064218126,0.11288933726139835
59,59.0,59.0,0.1050695973609076,0.08210599930892917,0.07165776563987224,0.09434241391640104,0.07013167574812676,0.13759952597141717,0.10021831423675961,0.08494543974639021,0.13621271578600277,0.11771655228519291
60,60.0,60.0,0.09007037592183556,0.09204109811324214,0.0649210949439614,0.10596720976048583,0.08213193652398565,0.13069078973269724,0.09848327047721926,0.09608110197486372,0.14749655078461227,0.09211657176709645
61,61.0,61.0,0.08843935240364109,0.1005124726252736,0.06454784284139262,0.09076358078481728,0.0785665331922629,0.12842926120806716,0.09369753729393986,0.09154678017137566,0.15913496271417477,0.10436167676505463
62,62.0,62.0,0.09304748080850493,0.09008585688030074,0.05978996727466013,0.08653466926253416,0.0945759173739602,0.14516227089209996,0.10591129527920998,0.09153429695679788,0.13819477358726912,0.09516347168466242
63,63.0,63.0,0.10628655295131235,0.08755263763647927,0.06469187364732305,0.1005781309614107,0.07695521856736318,0.14374318529459845,0.09848363543983249,0.09884824824468597,0.12943161261988884,0.09342890463710526
64,64.0,64.0,0.08608177948725038,0.08541434291236484,0.0683160931883536,0.10610277930046355,0.09117638534413305,0.128666988275567,0.11617998966277118,0.09300066288227339,0.11887760512358583,0.1061833738232367
65,65.0,65.0,0.08727298030281701,0.10298974246659967,0.0706852239673097,0.10750059225978514,0.07484290341494645,0.1337870352751581,0.10314723817471042,0.08907667604031812,0.12391245440349766,0.10678515369485733
66,66.0,66.0,0.09929334718129543,0.07810930761707122,0.06552832305342818,0.09634169778437847,0.07939663013000262,0.13094340308570382,0.11861831828855052,0.08448288552735385,0.13279639352798772,0.11448969380422783
67,67.0,67.0,0.11613853728905829,0.08690068715881598,0.05907421224773949,0.08909105222588828,0.073864086960608,0.12953556595990995,0.10094288908966693,0.09692482166321466,0.14016173329013942,0.10736641411495854
68,68.0,68.0,0.0899876568217132,0.08688448643898863,0.06341826231905742,0.09149857924830554,0.09047639308915532,0.13081930138103015,0.11702580919320542,0.09179628887989547,0.12360104022971888,0.11449218239892951
69,69.0,69.0,0.08570395559933806,0.08996902377491546,0.06609962317737512,0.09537228338984838,0.09193239888038471,0.13263442069891435,0.09720615775528141,0.09342926384897944,0.1462838909930465,0.10136898188191615
70,70.0,70.0,0.10538420460637454,0.09112857891078838,0.07372947424812142,0.09114173114124174,0.07769476904174939,0.12757581647132324,0.09925195565702645,0.08817709518373235,0.14082721948235183,0.10508915525729026
71,71.0,71.0,0.09579234799933925,0.09286604803302821,0.07095378118768798,0.10046051751142056,0.07528256218564137,0.13414292224573857,0.10378585880865446,0.09386089375794818,0.13415105774442937,0.09870401052611162
72,72.0,72.0,0.09420816405034037,0.0903405856795203,0.068107853365735,0.08839145308469103,0.06679315114505842,0.13483326825345418,0.09818988278273634,0.09899532945244398,0.14547412290131073,0.11466618928470917
73,73.0,73.0,0.0952250290946097,0.07067813448026758,0.054165127531553184,0.10714406934775833,0.07196726961477469,0.13729771199813928,0.10023798605844576,0.10252163310351452,0.13346560185618792,0.12729743691474862
74,74.0,74.0,0.08708774388540017,0.09004579753605058,0.0681296303250715,0.08759916508657989,0.07884432559615764,0.1437474755416985,0.09940291775543189,0.10461563483206571,0.13323204425267532,0.10729526518886834
75,75.0,75.0,0.0753762080769389,0.09719350636240016,0.06779000925194788,0.09931249885924076,0.07964820486340515,0.13015008512240608,0.09683217962874421,0.10503801874444188,0.1340395433199088,0.11461974577056562
76,76.0,76.0,0.11548684463052376,0.09504753382480322,0.05370783807845707,0.09789095392530804,0.07787121360203772,0.1135310924111866,0.10875878303972905,0.08769456554058022,0.13519529518232082,0.1148158797650531
77,77.0,77.0,0.11081236406542117,0.08062471463339507,0.057849884360997104,0.0856098649320122,0.08080642586146254,0.13333251405071908,0.10205177603527997,0.09319625599032902,0.14818212606890793,0.10753407400147541
78,78.0,78.0,0.09674413823940821,0.09157829430542333,0.0721201103946175,0.09329790357494522,0.07416002054537331,0.13700655446779733,0.10859718165387414,0.09281844836697059,0.12917353404593862,0.10450381440565124
79,79.0,79.0,0.0931709324802116,0.08384752442943526,0.061397376513944904,0.10424604298345759,0.0778870995005714,0.132358658033028,0.09924655954080501,0.09373791227667128,0.14409232143343917,0.11001557280843535
80,80.0,80.0,0.10224114119735488,0.0842852192216999,0.05579742487094556,0.09511678384369951,0.08232769310322258,0.14389836683344048,0.10895659675209479,0.0968874286478029,0.13752894173949487,0.09296040379024417
81,81.0,81.0,0.1001997183143353,0.0808759285644696,0.06917945978895661,0.10509830797440962,0.08276850049723349,0.12196666765137423,0.10097076303551782,0.09821092731419916,0.14359833678234904,0.09713139007715466
82,82.0,82.0,0.08827601661060043,0.08929066228930449,0.05996476568884741,0.09714710960772684,0.08732202736048038,0.12486700411119048,0.11205035404941124,0.10652873620688252,0.12872223228116592,0.10583109179438994
83,83.0,83.0,0.1053048241965985,0.08564951411182992,0.07088251353359336,0.0773008206595878,0.07353987383790152,0.145828690321989,0.1019797920452518,0.0927857031163924,0.14221300083024518,0.10451526734661012
84,84.0,84.0,0.09801937102882577,0.10286251804200577,0.07323699812088333,0.10336755371739263,0.0724628093273204,0.12661426616704183,0.11177088540593565,0.09046559213792302,0.1187881681487126,0.10241183790395858
85,85.0,85.0,0.10584583220974657,0.09273723717215361,0.07401241290958044,0.11115554002364454,0.08709086439983231,0.1385396024204522,0.10114892313578472,0.07199765384075715,0.12040794464560405,0.09706398924244383
86,86.0,86.0,0.10055065534758409,0.07860956121956232,0.07027022659247681,0.08335790705332904,0.09270194716442565,0.1254068906966463,0.09300706832509996,0.0974268615482507,0.143747259537813,0.11492162251481167
87,87.0,87.0,0.09772604882693167,0.09824539448588358,0.061639117592641623,0.09602334966378173,0.07794366072276307,0.1356652027906356,0.10443052421401763,0.08669148667394141,0.1443731101035047,0.09726210492589857
88,88.0,88.0,0.08915387845108223,0.08825558568384065,0.05698491147256106,0.09646781868285972,0.08933167157059738,0.15375604261566714,0.10241107082785328,0.07748528570430085,0.1458215473656171,0.10033218762562016
89,89.0,89.0,0.09233242111041742,0.0875586824956166,0.06638250408255389,0.0854853035542829,0.09012546805430396,0.13719110699868803,0.10219952503423635,0.09450993199039343,0.128931476429157,0.11528358025034997
90,90.0,90.0,0.1053697044968851,0.07754003077946933,0.06608232005669627,0.07341469695652073,0.09772470634825815,0.14740756705451574,0.08345540255395754,0.10076640366165739,0.14306319506581197,0.10517597302622735
91,91.0,91.0,0.08742425254147759,0.09542763140326706,0.06096311138911067,0.09457060491892197,0.0818256540546097,0.13844260634473288,0.10115833958970188,0.077948100468257,0.14630752037114542,0.11593217891877536
92,92.0,92.0,0.10658232953902855,0.09527788028965266,0.07028195587784387,0.09003754020028691,0.07055174767383912,0.1342767294017123,0.08851657943603966,0.09931851714386297,0.13415038375186492,0.11100633668586861
93,93.0,93.0,0.09885340456487425,0.08444928450187565,0.05918213930181178,0.10111988779251058,0.08803011110662312,0.1206912900393375,0.11740776741203562,0.09459986517126542,0.13664190904687387,0.09902434106279175
94,94.0,94.0,0.10803672945906947,0.08366565133737315,0.056218802260889024,0.09489189900719124,0.09411655952623549,0.14606559003034694,0.09794902495369054,0.09063565799076169,0.12755353501335728,0.10086655042108468
95,95.0,95.0,0.11332223874001493,0.07828048755564879,0.06164408511932149,0.11415202940829017,0.08687724026629426,0.13623808139826873,0.09983848588367612,0.09251199139871971,0.12097546645837609,0.09615989377138931
96,96.0,96.0,0.08121495550242648,0.08709401571983055,0.05340233433302072,0.11131904122215482,0.09344064968441862,0.13136848369724213,0.10488142415455634,0.11064796201364682,0.12230731599149287,0.10432381768121031
97,97.0,97.0,0.09901261572747619,0.09509776123657399,0.05909202983006212,0.10007743507971341,0.07647051910476657,0.12948928582897554,0.09967589392637818,0.09139069611794867,0.1437687754469504,0.10592498770115437
98,98.0,98.0,0.0950700628177219,0.08976948810959323,0.05770330051157911,0.09641257774983439,0.09316844014832734,0.1173155820513602,0.1082269078725125,0.10775807114725877,0.1297632007286926,0.10481236886311955
99,99.0,99.0,0.0982141718182273,0.0815270773031419,0.06134473334201709,0.09780629794126319,0.09119497525815148,0.12559537706696575,0.11359584777709945,0.08269960022402861,0.1476498596026562,0.1003720596664485
100,100.0,100.0,0.10257647253084796,0.08087007119073668,0.06884160953289246,0.10303737781050519,0.07771698366600863,0.13830566658871368,0.10306552040514141,0.08897949410404445,0.140983502004155,0.0956233021669541
101,101.0,101.0,0.09473102466331199,0.10254685373877918,0.055961821318231054,0.11150502105252993,0.0840823921350002,0.11927634284986391,0.09870848362799031,0.09836810672047977,0.1350022708625329,0.09981768303128025
102,102.0,102.0,0.10795093748712334,0.08792730459153848,0.062296436368427174,0.08819440358159178,0.07364115442586784,0.14121086055866314,0.0983220256573491,0.09766877730220877,0.1319694039837644,0.11081869604346548
103,103.0,103.0,0.0965728471516067,0.10239862261834368,0.0706974206221626,0.087814366060488,0.07701679920717901,0.13324404375369017,0.10536574892635078,0.07433350433222922,0.14406252989213053,0.1084941174358189
104,104.0,104.0,0.10603594812031636,0.1054038661582704,0.06693050595487374,0.09662641430471483,0.06693926309845788,0.1318045220201999,0.09986190422661781,0.09000372433221852,0.13976878995805292,0.09662506182627714
105,105.0,105.0,0.10200141768884241,0.09952588156521444,0.05728114737659782,0.10602796434838715,0.07336014526437881,0.1422425065831356,0.10337550517020411,0.08701338510962305,0.13164400950028043,0.09752803739333578
106,106.0,106.0,0.0976031681614565,0.0870712159894775,0.0639466834653997,0.09764390475142058,0.08040316706707785,0.12338146951087374,0.0936546237667372,0.097195183580586,0.14926861924463564,0.10983196446233487
107,107.0,107.0,0.09800082955255779,0.08204455879777056,0.08053148510874443,0.09084389962252888,0.07749045108921854,0.14449171599320754,0.0982224213185363,0.103394773081169,0.13000639002879838,0.09497347540746812
108,108.0,108.0,0.09908792500797695,0.07893881275058738,0.06745623922114433,0.10026438749075188,0.09634752631528966,0.1336741973348145,0.1047261123267618,0.08497354538919752,0.1332362895200931,0.10129496464338242
109,109.0,109.0,0.10859636438650559,0.0810984972021194,0.057864517241018175,0.09209297500348916,0.09512047336820341,0.12717996576780502,0.10180258071616537,0.08930709639757406,0.14295266531171624,0.10398486460540315
110,110.0,110.0,0.09546779458787183,0.08728627585662731,0.06863430498769538,0.1064413317267594,0.076710164645581,0.1336546616674616,0.09401518195002555,0.09329714322559786,0.1432944257458365,0.1011987156065431
111,111.0,111.0,0.09522783772190117,0.11546972356377645,0.06733327063627471,0.08781385941326844,0.07691906417131457,0.1260380851200651,0.09832151835339183,0.08501351269548654,0.13846379574689618,0.1093993325776246
112,112.0,112.0,0.10083370504797455,0.08679193976641793,0.07244860234269565,0.11008753651402588,0.09050534063288372,0.11973422043611799,0.09579944924566423,0.07798723147778544,0.14583347675110542,0.09997849778532877
113,113.0,113.0,0.11604643524056424,0.09952326402505418,0.07078667414009077,0.09403796511924915,0.08102862114635045,0.1311590541551744,0.11334811491545038,0.07937179753395561,0.11492460308297262,0.09977347064113776
114,114.0,114.0,0.09692480226747842,0.09329474074047159,0.05894834850727931,0.09282041882172055,0.08541737391156845,0.1357629855614366,0.09633594214474742,0.09098310806992504,0.13274278682501603,0.11676949315035615
115,115.0,115.0,0.10424844929187083,0.09728029684342825,0.057441199233850736,0.09376518824628371,0.09098007462242712,0.1345336108869973,0.08663411230588802,0.0870206153830178,0.14232339794805934,0.10577305523817644
116,116.0,116.0,0.10333300331205626,0.09527947954299994,0.07011444324669303,0.09881302448807376,0.0815564622200426,0.12553034393532012,0.09130426399430601,0.09871288262696849,0.12649177374098455,0.10886432289255468
117,117.0,117.0,0.08658163423470652,0.09484833010110626,0.07348671137371848,0.09982524836356246,0.08765837666274202,0.11722662284650706,0.09253347008238669,0.10629829808795899,0.14155328814901327,0.09998802009829769
118,118.0,118.0,0.10260930676573969,0.09321473974163742,0.06676127236729638,0.09702439322585743,0.07998936424074356,0.1427314269828816,0.08805040782156387,0.07956871099762901,0.13442710344773573,0.11562327440891491
119,119.0,119.0,0.09370854282018215,0.08221899543450836,0.05803909386654249,0.09810818973666642,0.08731113331523635,0.13922765762069794,0.10798904235782544,0.08802569940743218,0.13651344682384195,0.10885819861706629
120,120.0,120.0,0.08435414238405234,0.08718117698638056,0.05764157355049443,0.08060623055503752,0.08199111806064804,0.13927808538857817,0.11421664700461669,0.08474831059907927,0.15851763561852292,0.11146507985258969
121,121.0,121.0,0.10864291508327684,0.11327286276547499,0.05833975446189789,0.08794908274308619,0.08357735578599187,0.1271714635436128,0.09290425447910344,0.0957790661844988,0.1367193797461301,0.09564386520692666
122,122.0,122.0,0.1102510770082149,0.08887250295721656,0.07430094470710269,0.10408277215391477,0.09245671238220136,0.13503464950887467,0.09949810436595613,0.0788830751957142,0.12498416642550905,0.09163599529529512
123,123.0,123.0,0.10109195272159466,0.08465928591854514,0.06819095385777288,0.10264882610962564,0.07910328288977257,0.13213950804814165,0.080248552073344,0.09435074091462718,0.13575082500026206,0.12181607246631376
124,124.0,124.0,0.10272087500991207,0.08621213188419294,0.06692697938808698,0.09639857964491753,0.08408501657174339,0.13918171912872396,0.0941148114941201,0.07850501498131045,0.13331258808605473,0.11854228381093743
125,125.0,125.0,0.09060626365173344,0.09556508506409338,0.06491986332995141,0.08106862434370751,0.08232557460374738,0.14767185222436371,0.10238035235144564,0.08935200027816807,0.13612965557046178,0.10998072858232726
126,126.0,126.0,0.11479499975527183,0.08813373001563682,0.06847581590418819,0.10025742680378633,0.08118976013756797,0.1312677030838362,0.09715833188941583,0.09646417347878529,0.1380872357332857,0.08417082319822533
127,127.0,127.0,0.10703175659509108,0.1031313303647966,0.05396677097424145,0.1043751362590812,0.08254440413871941,0.13088456145354796,0.10218047552840352,0.09144103902172569,0.12130204575502604,0.1031424799093666
128,128.0,128.0,0.10239742918084058,0.08756230943448887,0.060300889033593985,0.0951167946070151,0.08101174385114815,0.14084994908421444,0.10841030149603462,0.08154460754928207,0.14432529528563984,0.09848068047774196
129,129.0,129.0,0.10537488295311186,0.08263501602026521,0.05424429180149999,0.10462997692886969,0.08533702309516926,0.14884010854058152,0.08889885391204036,0.10079209476594733,0.12456411914459689,0.10468363283791748
130,130.0,130.0,0.10153597824259439,0.08342833092426055,0.06234747135849096,0.08450746106458037,0.0737924333086393,0.13519622008950014,0.09473174657157646,0.09084564341491727,0.15106658770144082,0.1225481273239993
131,131.0,131.0,0.09393917852044217,0.07051934955441301,0.053476969260743544,0.08640426587753251,0.10346316270403144,0.1468833669209066,0.10284611976069935,0.09209821146685518,0.14869413841250478,0.10167523752187094
132,132.0,132.0,0.08222886190480318,0.08882447630813292,0.059213739670538314,0.08806123777888661,0.08306355459542761,0.14438099521046563,0.1147525779605568,0.0880748620397653,0.14654825835384272,0.10485143617758039
133,133.0,133.0,0.10140808646977897,0.10066736139689583,0.05777530723096123,0.11256696187314123,0.08197172574125976,0.11627930686643384,0.09297301494648828,0.08251974537339149,0.1474161462326483,0.10642234386900071
134,134.0,134.0,0.0940823402771277,0.09054422994089852,0.0651864763926144,0.08678668116706162,0.08931663110657737,0.13268353801315738,0.09335430449419528,0.08897389502554806,0.134052611791256,0.12501929179156318
135,135.0,135.0,0.1106314989504588,0.09012961054769443,0.0667258057304658,0.08636790909860999,0.08443937518510378,0.13381087902286787,0.10248814382436519,0.09346700686361596,0.12728770854784416,0.10465206222897361
136,136.0,136.0,0.0973954432494211,0.07433077289963605,0.06671627087371454,0.0824396936450547,0.07987496462256556,0.15474078771559374,0.10349295907622147,0.10073724015085488,0.13675718488150748,0.10351468288543013
137,137.0,137.0,0.11694003763157926,0.0906206404544724,0.07652192208723237,0.11230752521102913,0.07506590232743485,0.12451061995244506,0.08049887302445188,0.10020838402480196,0.13095470949421747,0.09237138579233516
138,138.0,138.0,0.09590987438427022,0.09610554637788565,0.05921084938861722,0.09005662244632331,0.09675092940698089,0.12470388035651955,0.10204104025761004,0.09082959716996752,0.1448521211458976,0.09953953906592747
139,139.0,139.0,0.11113870103302428,0.08823277225210865,0.0628132998279185,0.08875170099469686,0.0828987729762742,0.13673859737177227,0.09331879753233335,0.08714581127779325,0.1450646220356646,0.10389692469841363
140,140.0,140.0,0.09557751277343107,0.08474284721608383,0.07056654675454128,0.089199356764099,0.08019811744289511,0.12594053812284964,0.10587002563870099,0.08886802990928462,0.15554388730291185,0.10349313807520225
141,141.0,141.0,0.09458393745984858,0.08228212447290684,0.06676875831654006,0.10489239668726218,0.08893729567486386,0.1369371545015016,0.08984524970000746,0.08474196212073534,0.1480110510019968,0.1030000700643368
142,142.0,142.0,0.09851150437833958,0.09774187435418374,0.0684165743706232,0.09502544098396112,0.07366828784160387,0.14107199413248167,0.10991253529673672,0.07445379638540409,0.13716130755239908,0.10403668470426645
143,143.0,143.0,0.09564984882745008,0.08958252881359927,0.06921224196868779,0.11243504439631895,0.08269614699484713,0.1260128455092757,0.10326902126803554,0.07316571056284572,0.15521210405687474,0.0927645076020646
144,144.0,144.0,0.10396333364433516,0.08667653010234436,0.08127314428091412,0.07768585988771967,0.0893794594081492,0.14361385029330806,0.09760240413085611,0.09076198403005217,0.13498661978244836,0.09405681443987232
145,145.0,145.0,0.09283714161827952,0.08825671133836147,0.0649983653818601,0.10369745891041329,0.08420659287610124,0.1477842151232785,0.09567409158209779,0.07900570063706785,0.13542080670042878,0.108118915832111
146,146.0,146.0,0.0926774192684857,0.08341723412385252,0.0828723255376893,0.0955592086305144,0.09264871561673792,0.13723192299995182,0.10014597782786563,0.07508044393037294,0.14362740724736128,0.09673934481716799
147,147.0,147.0,0.09665844077968029,0.09479424211400608,0.060422392864667426,0.0944301098462575,0.06466898450089117,0.14637356429324774,0.11056950888265513,0.07878936675816463,0.14356126983809459,0.10973212012233502
148,148.0,148.0,0.1125201233343531,0.08172191802932963,0.07978612419934732,0.07543509495642424,0.07573824656965629,0.14084946088183434,0.1065624361792874,0.10020305643078051,0.133426792377787,0.09375674704119971
149,149.0,149.0,0.0897307655620839,0.10724866968995868,0.08260847668706577,0.09344726457978578,0.07628360133954529,0.1252744288226556,0.09119644633607978,0.06815632206725462,0.1424961592458636,0.12355786566970657
150,150.0,150.0,0.11377356897236024,0.10627880571918709,0.06655722338300471,0.09191252512972074,0.07834928216007245,0.12892546216889875,0.09356739255046975,0.07295199089794666,0.1453199857881519,0.10236376323018725
151,151.0,151.0,0.11048269979364697,0.07861669851739446,0.04817643188312134,0.08984803384075267,0.08815622061310129,0.13178174136961315,0.0912743179479606,0.09659005492372556,0.14581489067682057,0.11925891043386287
152,152.0,152.0,0.11143540958061024,0.10372407832279491,0.07115113179518137,0.10047516118802098,0.07146506480154315,0.13589929688699331,0.09280087721938284,0.09227169808240701,0.12800376234955396,0.09277351977351175
153,153.0,153.0,0.10176631803061795,0.07762245508266803,0.06805116924581535,0.09420632899386666,0.06846242996215114,0.14009585142914383,0.08903832997448972,0.08794483918470561,0.1605438374594289,0.11226844063711242
154,154.0,154.0,0.10296138092975363,0.08157950947908005,0.06607568325015448,0.10341320635443123,0.07656010728293636,0.13691457334304064,0.07719106430293571,0.10390327799063945,0.1435707983325401,0.1078303987344879
155,155.0,155.0,0.10400536226474863,0.08056301605962946,0.0675249671626216,0.08990039767189612,0.08191276592265448,0.14323131509379533,0.1019272202795564,0.07898632635038434,0.1420767279002594,0.10987190129445376
156,156.0,156.0,0.10261423698027686,0.07774657310947765,0.06529875184192926,0.09185324472225062,0.07846470906267715,0.13601734182959752,0.09332174303843682,0.0910063001713433,0.15970587417492732,0.10397122506908305
157,157.0,157.0,0.11143177838888725,0.08555364764855429,0.06866091131250004,0.08688162905119931,0.08569761552099517,0.13163017853270004,0.10079030121873367,0.09469544146398555,0.13773863875654355,0.09691985810590063
158,158.0,158.0,0.08914837583034065,0.10253881085077435,0.05820629353605844,0.08015502943948445,0.08786147440220918,0.13208733954485385,0.11192603511618751,0.0913330494815349,0.13834462040232215,0.10839897139623408
159,159.0,159.0,0.11267055076721433,0.08542422604217709,0.06470072612514072,0.09399750267996657,0.0691016162939541,0.13691287568586724,0.11290130437354744,0.08388095306004449,0.1357944752923208,0.10461576967976671
160,160.0,160.0,0.09623356350921947,0.0713612410850088,0.061686448742282206,0.08332848075877014,0.07167018380415655,0.13456535488911545,0.1084801160073042,0.09206228548127711,0.17082616448470006,0.1097861612381656
161,161.0,161.0,0.08380455802905963,0.08490369829136568,0.07669944197626366,0.09431048292085736,0.08365674709959836,0.15218701604324653,0.09901558231355921,0.0702418447171624,0.1407539181365962,0.11442671047229051
162,162.0,162.0,0.09867756508885095,0.07756956661741704,0.07218559087541077,0.1103852908232589,0.06830633566894888,0.13841284943334828,0.11161399904111513,0.08624128996087742,0.14179603388325016,0.09481147860752208
163,163.0,163.0,0.1092655580382023,0.0889123076009036,0.05583167760098194,0.09814161572379525,0.0794926818607831,0.13569699661786927,0.10029904412786413,0.07794201476333898,0.15764152785183552,0.09677657581442543
164,164.0,164.0,0.0886897682779467,0.09859188473159163,0.050475519891751496,0.10521769032756192,0.078462008061204,0.13637442725845317,0.11326294853133745,0.08568817201526402,0.14326626938233514,0.09997131152255398
165,165.0,165.0,0.09263317860989619,0.09269214527954552,0.06703042737750123,0.1054401195560574,0.06331787360093184,0.1389355916199881,0.10523034972008398,0.070783490412228,0.15093158878215468,0.11300523504161256
166,166.0,166.0,0.10689050341219457,0.09772783523947705,0.06617472420261773,0.08410617977284493,0.07712885771555715,0.13109707415799726,0.09947283315332191,0.0979219708210854,0.12511248128966346,0.1143675402352401
167,167.0,167.0,0.10528459521319626,0.08784677320017946,0.06338914653062962,0.1038590932485628,0.05736738774155248,0.12605765096838276,0.1203143684068024,0.08373702955634968,0.149225069766944,0.10291888536740008
168,168.0,168.0,0.09195968421969872,0.10002367240763292,0.06593498386791005,0.09750769019225877,0.08421850420395126,0.13842361394895036,0.1078086353923656,0.0813777306150386,0.13599926915273344,0.0967462159994598
169,169.0,169.0,0.09382605888249429,0.09779785461597912,0.0514604598328548,0.08675966891234352,0.05892131731483189,0.13962829755482747,0.10601368742578796,0.08433605928363792,0.15897867416504544,0.12227792201219714
170,170.0,170.0,0.08910184079506603,0.09822687328755435,0.06756683185397845,0.08140759750706547,0.08016877258341583,0.1434048562289127,0.10682415633894933,0.06758799016423571,0.1648953764666439,0.10081570477417785
171,171.0,171.0,0.1138296856023187,0.08387356115222937,0.07224505820734642,0.09798513711176925,0.06848018177130795,0.1483807370411492,0.09689999096727016,0.07505002602363585,0.13639100295393197,0.10686461916904073
172,172.0,172.0,0.08720322999767768,0.09057078924202268,0.06879709071792271,0.09849055349744082,0.08060901518496916,0.1317771213788617,0.09835443776458414,0.08185324235849575,0.14295686815458009,0.11938765170344474
173,173.0,173.0,0.09247394045663469,0.09040173936193015,0.06835459172967631,0.08911889144709566,0.08991183071865719,0.13893058736238956,0.08948852036772278,0.08926579748926372,0.13291627231396627,0.11913782875266324
174,174.0,174.0,0.0940128460990092,0.08540544904699766,0.06348035565511796,0.10973276736306495,0.06708471035558035,0.14253428931984286,0.09118629148247132,0.08890416991524436,0.14236301256349668,0.1152961081991742
175,175.0,175.0,0.09278929948355916,0.08890983839162078,0.07471264798818902,0.09042747938969019,0.07953136695902388,0.14439830549899643,0.10281071919966996,0.09159029908086233,0.1323171794087691,0.10251286459961861
176,176.0,176.0,0.1172069909412508,0.09822521791268217,0.06635761193852248,0.09509230536890774,0.07034942563188624,0.14087135079827134,0.09011671838553892,0.08511183563115975,0.13322758392135725,0.10344095947042284
177,177.0,177.0,0.11599140708533533,0.0779580129030959,0.0667082816019606,0.0745526397186026,0.09226895977969449,0.1389942740949543,0.10893248849807069,0.05948475424988707,0.1511671377701533,0.11394204429824524
178,178.0,178.0,0.10953199633012287,0.08585096047199892,0.080477907927961,0.10748749590879605,0.07194119478933494,0.13165398242354343,0.08878284436399198,0.07314315023221002,0.13902268654160482,0.11210778101043548
179,179.0,179.0,0.11852508531245853,0.08668939940079722,0.06718227036823401,0.10741681190762029,0.06561531726236544,0.1369090264349201,0.09505606009278585,0.0852270147566597,0.14541841813389061,0.09196059633026785
180,180.0,180.0,0.09801057498327818,0.09837789107281615,0.06205534434416197,0.10392079594895358,0.0634629719124078,0.14187939132792737,0.07994460450070054,0.09172458753678817,0.14801088271963087,0.11261295565333498
181,181.0,181.0,0.10855054872337688,0.09820107616512566,0.06490692164753131,0.1070138323235312,0.06587131565716285,0.1462249605132155,0.09303352473351803,0.07855021980501792,0.14148430787499405,0.09616329255652609
182,182.0,182.0,0.1006624192705811,0.0965401131280216,0.0806521905077867,0.09119641329481012,0.08796491396299173,0.1310811369447458,0.07795196951582525,0.0928687482244743,0.14449199143614694,0.09659010371461604
183,183.0,183.0,0.09902686395067054,0.09610207437744621,0.0582137433799463,0.10033544759344351,0.07144518908210643,0.15584032341283727,0.09756464987214825,0.0772414899622147,0.1343886981783302,0.10984152019085622
184,184.0,184.0,0.09620909902084597,0.09639113574182226,0.055772900900343446,0.10184079709933694,0.07436869782948921,0.15423324160962282,0.09096869074151252,0.09293754974038362,0.12994836423261344,0.10732952308402939
185,185.0,185.0,0.11161069023152603,0.10244714982031478,0.054401395564866936,0.09243653198568398,0.06500553333671898,0.15139102534940027,0.09107328564414711,0.07894697454584537,0.15381537323620256,0.09887204028529355
186,186.0,186.0,0.09385804599637664,0.0894276437139235,0.05988712348590254,0.09575599940687814,0.059556588655506726,0.15619397998842252,0.10546897986512191,0.08493988078211846,0.13138783398839574,0.12352392411735344
