,Unnamed: 0,Generation,Intertwine_two,Add_vertex,Delete_vertex,Invert_path_vertices,Insert_inside_vertex,Delete_inside_vertex,Replace_inside_vertex,Donate_between_routes,Trim_one_terminal_cb,Grow_one_terminal_cb
0,0.0,0.0,0.09999999999999999,0.09999999999999999,0.09999999999999999,0.09999999999999999,0.09999999999999999,0.09999999999999999,0.09999999999999999,0.09999999999999999,0.09999999999999999,0.09999999999999999
1,1.0,0.10900000000000001,0.10113188502334525,0.09805204414684228,0.09768924142313858,0.10184752838942421,0.10112253508819716,0.10025278102193504,0.10052909427474355,0.09952866824243911,0.10032698807722562,0.09951923431270913
2,2.0,0.31601,0.10239252238313938,0.09737859040100394,0.094579653257048,0.10258906285406873,0.101662341289091,0.10009723768970187,0.10238389773163263,0.09913256175076104,0.10046962747903262,0.09931450516452071
3,3.0,0.6191589000000001,0.10303595551211236,0.09644358045310601,0.09288773201903178,0.1041569908019407,0.10182366651853984,0.0998546870431975,0.10315351488284909,0.09882757652743823,0.10120011960744922,0.09861617663433517
4,4.0,1.015801321,0.10358944231074076,0.09622228490957804,0.09025948846480868,0.10446926682651173,0.10175564294690378,0.10039789168986163,0.10370832027130014,0.09853528061100635,0.10118875076430187,0.0998736312049869
5,5.0,1.50262148669,0.10354516384625613,0.09459012782240286,0.08851632752903808,0.10497376466292307,0.10249533698483483,0.09983758752609624,0.10467712355488248,0.09838538057366317,0.10258375350813265,0.10039543399177034
6,6.0,2.0757334209441005,0.10465820613520377,0.09315533963163092,0.08618920223954037,0.10490773347508667,0.10169667841110626,0.10074548931072896,0.10598767858755875,0.09769682190470495,0.1034484491451083,0.10151440115933093
7,7.0,2.7307768275633495,0.10482636335729974,0.09194613771710662,0.08401413964771165,0.10556729198464286,0.10226980412439844,0.10095315493096857,0.10748750589542136,0.09564113240553881,0.10536040142313924,0.10193406851377254
8,8.0,3.4630081252450404,0.10643144045965183,0.09183826571824284,0.08139494170998915,0.10515380621609971,0.10233667056596692,0.10157742881079142,0.10690832196612993,0.0952786120796102,0.10626751046708198,0.10281300200643585
9,9.0,4.2673862119061114,0.10673605255571536,0.09140044627095298,0.07928082046490176,0.10478198952921057,0.10084429566211686,0.10316429547612503,0.10673434468527933,0.09571634565642631,0.10794604568139629,0.1033953640178753
10,10.0,5.138652627782014,0.10611529537555117,0.09097580270197045,0.07685699370905666,0.10346125921029728,0.10118506520137549,0.10533122934926772,0.10749196250166304,0.0954317004500846,0.10944355584842941,0.10370713565230395
11,11.0,6.071405875792507,0.10674053078088463,0.09007051740610314,0.07507126481290897,0.10292438794868336,0.10145453313490811,0.1056192734990776,0.10798770969678215,0.09628271722145267,0.1100976140716825,0.10375145142751664
12,12.0,7.060169740244025,0.10700481490728307,0.0892707974814664,0.07331389027846386,0.1025834722246132,0.10109646887817869,0.10669857993138392,0.10780480649207627,0.09662922997841891,0.11114866874888793,0.10444927107922752
13,13.0,8.099455520847952,0.10747005860454287,0.08881437081322938,0.07229732744603266,0.10201908619176686,0.10031971756669675,0.10840032116968318,0.1083711828182075,0.09619386182457798,0.11208324060449852,0.10403083296076403
14,14.0,9.183818168183006,0.10717220419647,0.0893864320768141,0.07031471551269607,0.09991315404786476,0.1006113045212338,0.10968765419343318,0.10920619196956004,0.09630331059853985,0.11249839559158578,0.10490663729180211
15,15.0,10.307906369102724,0.10820623054722323,0.08804965173457749,0.06852722578878934,0.0989528224054175,0.10016177958755954,0.11140862992779432,0.10910229593356985,0.09641727828902527,0.1140611381159243,0.10511294767011886
16,16.0,11.466506686239443,0.1092133987812216,0.08722866965546697,0.06612011656412392,0.09958415874463447,0.09903277851206121,0.11355313176089848,0.10845704668086416,0.09657956065458803,0.11501534911480639,0.10521578953133447
17,17.0,12.654581904800096,0.10856569798251035,0.08623433928929758,0.06616000559373522,0.09962262409664584,0.09790809920511186,0.11619265119450868,0.10736722225745672,0.09598714835669735,0.11636333356303888,0.10559887846099725
18,18.0,13.867303782456686,0.10780186355586222,0.08483929387781888,0.06430054521072888,0.09961456568478452,0.09722233951178903,0.11764807722516038,0.10712677535577375,0.09670641703809137,0.11974014916538411,0.10499997337460659
19,19.0,15.100080434523047,0.10493413310841315,0.08420409589874449,0.0633195186556402,0.10121121245624734,0.0966426061329215,0.1196221006769233,0.10677851422294328,0.09682566789610372,0.12265199457974536,0.10381015637231737
20,20.0,16.348578617037543,0.10358407633020664,0.08336344442198017,0.06323671335449856,0.10182063556513288,0.09581878992832918,0.12197713549329374,0.10776230583042327,0.0962579296280913,0.12399141870652099,0.102187550741523
21,21.0,17.608741195130214,0.10149400782353411,0.0847458968712632,0.06329218573273977,0.09996362150387635,0.09457127406689199,0.12257249058587572,0.10883785574166596,0.09579197911632592,0.12580315501070038,0.10292753354712632
22,22.0,18.876800103462312,0.10165498643087884,0.08404514544824694,0.06205440750485876,0.09925834065080497,0.09327290509649998,0.12540555274734655,0.10870620242246332,0.09429966352938884,0.12756167673774593,0.10374111943176559
23,23.0,20.14928511992658,0.10207533480315366,0.08371266896024296,0.06068539600654173,0.0980759257652797,0.09258404159966678,0.126411080495025,0.10952163206047773,0.09429678320968651,0.12895780110743646,0.1036793359924892
24,24.0,21.423028783545156,0.10238974306051071,0.08268468583289207,0.06080386500204889,0.0981183964649511,0.0921153075587303,0.1274105741597517,0.10948248196866478,0.09485695330298714,0.12905998734851512,0.10307800530094795
25,25.0,22.695167792966423,0.101918590201424,0.08221952537300352,0.05978388726495089,0.09837298114124164,0.0919577414889662,0.12822503458503412,0.11000595453620741,0.09538808326743253,0.1294675340675099,0.1026606680742296
26,26.0,23.963141223515898,0.10306291113133272,0.08157198970890052,0.0593720492323651,0.09830826774187064,0.0910392356296636,0.12919087236530594,0.10877520821974337,0.09568459450631285,0.13081730267539085,0.10217756878911423
27,27.0,25.224685898775267,0.10183870087121963,0.0826193862025016,0.059625552573807465,0.09786618200450743,0.0894213122794375,0.13051765170899443,0.10789784438235309,0.09611511591703581,0.13183710950357283,0.10226114455657
28,28.0,26.477829247520948,0.10087926751069311,0.08349509957057716,0.059852472950060215,0.09887716336684856,0.08765886391636281,0.13031752804113242,0.10650873402528113,0.0968191138528681,0.13349219812681745,0.10209955863935884
29,29.0,27.720879968916847,0.10020265609876636,0.08265811049334759,0.06020421053521651,0.09829398379654151,0.08880795869892469,0.13042976539499004,0.10643928985844643,0.09677275779943778,0.1331721173553324,0.1030191499689965
30,30.0,28.95241681848399,0.09957791068683068,0.08245930316904465,0.06007161099148328,0.09855458556210245,0.0884380727032473,0.1303307414392963,0.10677188296324255,0.0970817647797463,0.13389503042897424,0.10281909727603204
31,31.0,30.17127581490958,0.09904791510674774,0.08236017086406518,0.05966366794318896,0.09930294548611998,0.08783716102962864,0.1305891276207401,0.10749409300966281,0.09656935861479135,0.13451003695985458,0.10262552336520045
32,32.0,31.376536153543515,0.09865932948778934,0.08234811718120738,0.05997703040021703,0.09921041283122241,0.08580216923381552,0.1316181393244083,0.1064893269378043,0.09700737358835834,0.13481523452948224,0.10407286648569489
33,33.0,32.567505096778625,0.09695879886668471,0.08220133296643925,0.05983662589698311,0.09941269005977614,0.0846672420927785,0.13110743781432593,0.10739853234778833,0.09789065607379664,0.13508746451764425,0.10543921936378284
34,34.0,33.74370209472243,0.09597333657244099,0.08180035945110509,0.060336524578129325,0.099971402199313,0.08471685022127179,0.13108372854282557,0.10735214914070934,0.09810048567846828,0.1354301739059673,0.10523498970976898
35,35.0,34.90484237192463,0.09690027883094798,0.08186309006004645,0.060426222458344114,0.0986594417294139,0.08508310781834177,0.1315671146732109,0.10721561359513651,0.09861890391286571,0.1356480990313628,0.10401812789032952
36,36.0,36.05082019768737,0.09591932236440519,0.08189482508557137,0.06115413979195453,0.09886701647669316,0.08454277865717108,0.13127283651595,0.10667484207945689,0.098872534334958,0.13643918903380176,0.10436251566003768
37,37.0,37.18169203889697,0.09658601269775997,0.08138888723973128,0.06144366387274516,0.09913573309638371,0.08454643314500654,0.131837666637984,0.1063067060767981,0.09813490792451143,0.13610733473567932,0.1045126545734002
38,38.0,38.29765977559663,0.09604524319234813,0.08208972921142865,0.061318716460539636,0.10015343088012607,0.08466098099163875,0.13172081955627776,0.10502062302017912,0.09830046143653708,0.1365679343350014,0.10412206091592313
39,39.0,39.399054140870355,0.09493456729446027,0.08261919499786617,0.0626321979196984,0.1007726028771652,0.08551064358615491,0.13144530249614728,0.10503602119886706,0.09866307356824039,0.13563330109125363,0.10275309497014642
40,40.0,40.48631852820801,0.0967279825746792,0.0826357688057166,0.0623707165549734,0.10109164593958608,0.08420353900280265,0.1311002011886428,0.10438737498779206,0.09747827342807075,0.1360730278901166,0.10393146962761958
41,41.0,41.55999329152982,0.09738063428542523,0.08209520667625683,0.06327258706795581,0.1014932394229836,0.0834595921549517,0.13155841973807908,0.10427682895443435,0.09642262568765364,0.13622221183315875,0.10381865417910069
42,42.0,42.62070064560415,0.09781821979567298,0.08284610509253865,0.06296751045993038,0.10021194944254713,0.08382686761809237,0.13081498257000498,0.10429470165492213,0.09654319898639183,0.1371162314625349,0.10356023291736433
43,43.0,43.669130257815,0.09827409264996377,0.08379271270863602,0.06303294390145352,0.1012422270107164,0.08400449457504196,0.1314083107763287,0.1033656545995679,0.09547451378004397,0.135953766378127,0.10345128362012043
44,44.0,44.70602560622662,0.09738991893036819,0.08402588431283903,0.06344182096914898,0.10013084606158276,0.08443550694221774,0.13166647784168048,0.10297596010600968,0.09467489420534195,0.13738925041749162,0.10386944021331926
45,45.0,45.73217116373481,0.09736714215644919,0.08481442811176756,0.06386354740712508,0.1002459925864392,0.08437082688396494,0.13080970448693996,0.103704627082466,0.09361294463942497,0.13704715748887042,0.10416362915655235
46,46.0,46.748380453854836,0.09738640521917022,0.08571431261433134,0.06388992719235398,0.10004126776945253,0.08488643468555598,0.13096574589635968,0.10343183107266388,0.09283245567502502,0.13612325100075567,0.1047283688743314
47,47.0,47.755485010424316,0.09670579535420377,0.08716132651441205,0.06436862028851324,0.09894013987083142,0.08508349155714899,0.13071161277957025,0.1040339614849278,0.09199520256419497,0.13635057473665863,0.10464927484953858
48,48.0,48.7543242612326,0.09528024584414964,0.08780609179738029,0.06413908601261095,0.09975159937813971,0.08488926196081215,0.13054711587924306,0.10492453239260059,0.09124399227617289,0.1370289504521953,0.10438912400669512
49,49.0,49.745736344347726,0.09560264959152005,0.0879054351285607,0.06454631130392643,0.09913866711537772,0.08451515024526858,0.13079153748946548,0.10524086334454238,0.09104911025118333,0.13704650790005365,0.10416376763010132
50,50.0,50.730549855707864,0.09606867777536457,0.08855643063365913,0.06486555109251915,0.09872116017482147,0.0842865808161741,0.1300233351085258,0.10503015123326512,0.0922347339542833,0.13617127366300222,0.10404210554838482
51,51.0,51.70957651737491,0.09732441287532513,0.08768112751133073,0.06517502021009255,0.09846078629294318,0.08490310865215071,0.1292194147998264,0.1041584687025409,0.0919935678488797,0.13495638641963942,0.10612770668727092
52,52.0,52.68360474770151,0.09671704019127161,0.08895835377492016,0.06494071521652466,0.09770490157715683,0.08502161600106689,0.12972810379245495,0.10451162609618998,0.09257069317883113,0.13442947982740971,0.10541747034417374
53,53.0,53.65339410751842,0.09743753751302955,0.08931786053396665,0.0643783215710979,0.09625734868095728,0.08467138971086108,0.13052629949308292,0.10485269677267464,0.0937592612147294,0.13436255080461024,0.10443673370499
54,54.0,54.61967059027847,0.0971442125049321,0.08972875846571858,0.0651958785891751,0.09610680605444277,0.08373333453761042,0.13133975270582932,0.10428267517515985,0.09401558194773861,0.1339805060207394,0.10447249399865347
55,55.0,55.58312271885972,0.09617302112223647,0.09017672120102833,0.06525467769296858,0.09642988628675295,0.08412981688344995,0.13146722898240082,0.1039854390657238,0.09385535987584953,0.13383168334586595,0.10469616554372321
56,56.0,56.544398407394254,0.09533045220984565,0.09006191129372557,0.06732551841502835,0.09545834466350532,0.08394894586727741,0.13002842627231356,0.10244404093199946,0.09523144212028747,0.13452479982800292,0.10564611839801388
57,57.0,57.504102543001395,0.09611852506507075,0.0903006317127214,0.0686323801147785,0.09540749691649997,0.08310010036738075,0.13102333456750193,0.10111648946810708,0.094472377989191,0.13356892275044252,0.10625974104830571
58,58.0,58.462795239617805,0.09626315859052012,0.08960689206187458,0.06922839478839195,0.09526983080992943,0.08285158730064987,0.12983294539519763,0.10100745719916779,0.09588877219292882,0.13297030224081344,0.10708065942052605
59,59.0,59.42099071417639,0.09708456611153013,0.0890496635809407,0.06986191273020709,0.09493382427162997,0.08139960410672649,0.13057233771018673,0.10064210249701858,0.0949437744749044,0.1331519202805431,0.10836029423631252
60,60.0,60.379156734137354,0.09640376104902572,0.0894722311858114,0.0697763703373463,0.09578798386801664,0.08118016602619534,0.1306171890524172,0.10013554100652765,0.09510685940424464,0.13447436797121531,0.1070455300991995
61,61.0,61.337714584760846,0.0955646002896804,0.09072536815067246,0.06961350421958085,0.09513815686612248,0.08063564912552293,0.13043213841476445,0.0991845396414648,0.09480994608600823,0.13695863391391053,0.10693746329227256
62,62.0,62.29703950447439,0.0951989159678956,0.09090840088929616,0.06894048054313681,0.09408667565137638,0.0817258311737549,0.13191886503721326,0.09949514418795999,0.09450884411899137,0.13732221763764832,0.10589462479272693
63,63.0,63.257461537171835,0.09617219294097613,0.09081158298958537,0.0687334447389187,0.09446916866410411,0.08107342599850602,0.1332474444962159,0.09909608380678041,0.09493950200584306,0.1367818524517705,0.1046753019072995
64,64.0,64.21926675122782,0.09512880847044576,0.09047802795390317,0.06886911875830949,0.09542696683243743,0.08186719594414758,0.13304050371539897,0.10050044040234318,0.09478142303015676,0.13516662063653134,0.10474089425632602
65,65.0,65.18269877636592,0.09421841223869314,0.0918847315267973,0.06922260819795727,0.09653552460454984,0.08104133259630619,0.13332252655822452,0.10061788168214789,0.09422894566636472,0.13405350677567782,0.10487453015328105
66,66.0,66.14796061122655,0.09453163799860485,0.09077377136684718,0.06903968475994564,0.0965269878284627,0.08069144396294096,0.13329662898499142,0.10229598041028176,0.09322081429139499,0.13383868768963686,0.10578436270689338
67,67.0,67.11521665648885,0.0965456772851286,0.0905264005395688,0.06819452896810113,0.0957923872736944,0.07981034173764341,0.13310900519750937,0.10220194972449656,0.09347031037986792,0.1343714615467987,0.10597793734719091
68,68.0,68.08459493066005,0.09593915319630475,0.09026588958922799,0.06777709059536925,0.09530498612616659,0.08061911779995998,0.13303278293851156,0.10371302351129544,0.0932165486939951,0.13325279142963567,0.10687861611953345
69,69.0,69.05618942810752,0.09490539643037986,0.09030606943601155,0.0676259438629792,0.09521563143876724,0.08159118958805979,0.13312356002162715,0.10322415263244113,0.09313725807547696,0.13441775588852253,0.10645304262573436
70,70.0,70.03006258152917,0.09585102583344068,0.09045481635509307,0.06823763370404676,0.09471372351475797,0.08114570330640934,0.13269450758044493,0.10292856868287516,0.09254359971002095,0.1350392181014965,0.10639120321141442
71,71.0,71.00624779379335,0.09583823842322124,0.0907691731200474,0.06856550366040495,0.09515816509643235,0.08046903562466654,0.13291388404973126,0.1030791673131701,0.09253402199326924,0.13498879793318935,0.10568401278586737
72,72.0,71.98475200689319,0.09566785245488503,0.0908205167222853,0.06859987661420486,0.09440427960141622,0.07895922887264946,0.13319264785482057,0.1026621753927986,0.09305211433528907,0.13606734889551347,0.10657395925613722
73,73.0,72.96555827861411,0.09560159470376392,0.0888956815339465,0.0672316194567219,0.09554091601704118,0.0779961538655298,0.1337063858578558,0.10244697006593453,0.09393045995938551,0.1359312603971509,0.10871895814266976
74,74.0,73.94862834037681,0.09472446855074244,0.08891792069948308,0.06726597337508738,0.09472542989829297,0.07775680311475287,0.13484963967634628,0.10214768860138061,0.0950162829253687,0.13576076840286366,0.1088350247556818
75,75.0,74.93390511255946,0.09268753418552357,0.08966398559946664,0.0672715663638038,0.09509156312056853,0.07763265059059243,0.13460780742971198,0.10159381376215383,0.09613175550505819,0.13566278827322664,0.10965653516989421
76,76.0,75.92131515639825,0.09469224365109923,0.09019614196332149,0.06587356736518092,0.09532113788461,0.07736336973543942,0.1326836819135461,0.10224037040661411,0.09549039813878638,0.13567394889326134,0.11046514004814086
77,77.0,76.91077104428919,0.09623698012340129,0.08928131469026485,0.0649079156018071,0.09432534443332471,0.07741961663041017,0.13274058521792645,0.10221675481251462,0.09538538722813457,0.13697789000284188,0.11050821125937418
78,78.0,77.90217363294813,0.09636617420529206,0.089466762111148,0.0653952713057246,0.09411077939644814,0.07683946639658543,0.13316512152190454,0.10284839155191214,0.09523120533383404,0.13636262015982809,0.11021420801732278
79,79.0,78.89541422641172,0.09612890794341523,0.08888170312428678,0.06482886644207203,0.09500435604589542,0.07666324462315086,0.1331208288814668,0.10253929030708261,0.095160260450265,0.13722886517872684,0.11044367700363822
80,80.0,79.89037661826481,0.0967928094248084,0.08834857772838964,0.06372479200120351,0.0949880659857978,0.07696094293609908,0.1342273146766297,0.10319917560020225,0.0953971382104301,0.1374207822888884,0.10894040114755095
81,81.0,80.88693900474995,0.09724066178748576,0.08748720222129228,0.06399005482492037,0.09597284452335995,0.0773266196588248,0.1331266924956378,0.10305206320387114,0.09575758096559203,0.13820152878682532,0.10784475153219039
82,82.0,81.88497576253909,0.09648094930879039,0.08748732490081991,0.06335921600589497,0.09615528000500811,0.07816550020398673,0.1323145659302841,0.10400680814687896,0.0969382937979922,0.13747055826480542,0.10762150343553907
83,83.0,82.88435908692391,0.09741803950958247,0.08714135386853217,0.06384929135007623,0.09434476133970475,0.07763384261393952,0.13360534502435464,0.10393945785419538,0.09672253646219223,0.13807427839005906,0.1072710935873634
84,84.0,83.88496048800103,0.09761174322038821,0.08853636193492377,0.06459613984040355,0.09515152843991104,0.07700670464407852,0.13296783724649977,0.10483835526875909,0.09625697542866732,0.13631653045903594,0.10671782351733262
85,85.0,84.88665214409042,0.09857279895628984,0.08892260266876181,0.06543225354337263,0.0967385777134967,0.07785964702528725,0.13352307816097686,0.10465449201622311,0.09393326283587086,0.13472125134770105,0.1056420357320197
86,86.0,85.88930811312994,0.09898096176491962,0.08789559807899083,0.06589633883799652,0.09553132838579372,0.07928071561857988,0.1327596890542204,0.10363977391906787,0.09416548618315228,0.1354762985696996,0.10637380958757911
87,87.0,86.89280540413424,0.09908154457644784,0.08884201690623479,0.06549464358071931,0.09558961403858167,0.07921806102383545,0.13302494208396276,0.10376254616458024,0.09333356346192562,0.13630113573574856,0.10535193242796358
88,88.0,87.89702491199675,0.09830129711174312,0.08878884674634656,0.064629141977281,0.09569085538425062,0.08028772897033817,0.1350991564003008,0.10367777562741931,0.09159779214797771,0.13726905265508144,0.10465835297926113
89,89.0,88.90185221995306,0.0978254544728358,0.08866597067299968,0.06471350749013859,0.09469149071548108,0.08142024919656388,0.13549602458546076,0.10356766051661713,0.09159693752959709,0.13653669573594038,0.10548600908436548
90,90.0,89.90717827491419,0.09864599410284179,0.08754244415359894,0.06477610801504881,0.0924929399822003,0.08328649341813982,0.13689180278181978,0.10158046331404347,0.09225094548478889,0.1372146941793111,0.10531811456820699
91,91.0,90.91289994163006,0.09765717167824686,0.08822000621477674,0.06433358974112593,0.09243905268823092,0.08352059011749452,0.13735666473029157,0.10138102892770075,0.09064287690689016,0.1382078103177431,0.10624120867749934
92,92.0,91.91892044225806,0.09858071000449883,0.08888691321036024,0.06483350295994851,0.09195856317410189,0.08258693714820785,0.13736931220575854,0.0999351350712461,0.09120570908995557,0.13796689828093786,0.10667631885498455
93,93.0,92.92514968840067,0.09871901819605547,0.08846817959840061,0.06422792772846457,0.09261514714086998,0.08337413392438456,0.13599122516940085,0.10140876384168444,0.09132152093799374,0.1379610648320233,0.10591301863072239
94,94.0,93.93150451304501,0.09976317192156416,0.08797276708022145,0.06333611843177023,0.09266832123894572,0.08473781563672722,0.13713537748447924,0.10094914552494795,0.09106211432551045,0.13703378576679706,0.10534138258903643
95,95.0,94.93790881009448,0.10131419677799158,0.08694530827825928,0.06300484518887975,0.09466442674500625,0.08533498469073657,0.13727166583030065,0.10069443392717109,0.09101201715172381,0.13544662524506093,0.10431149616487002
96,96.0,95.94429358933806,0.09961947124463764,0.08681529996568539,0.06186891659095266,0.09637249890848003,0.086544200336913,0.13689702972711695,0.10096092783582498,0.0927955264992785,0.13400665414094323,0.10411947475016753
97,97.0,96.9505969547639,0.09968993912970196,0.0875014541935847,0.061330884579943096,0.09693506866449904,0.08600444585398163,0.13631665198712622,0.100719424293983,0.09265348267765158,0.13473983271128856,0.10410881590824013
98,98.0,97.9567640140995,0.09935233170126216,0.08766212875642589,0.06068539429068738,0.09710631937608039,0.08709311965620734,0.1345086679817915,0.1013467371972626,0.09414975287552134,0.1340894253801302,0.10400612278463113
99,99.0,98.96274672736057,0.09932007322688147,0.08700356837586949,0.06043877537560995,0.09739287961938402,0.08793633279411407,0.13353753101924654,0.10251701450742542,0.09312663214399848,0.13524946242296965,0.10347773051450082
100,100.0,99.96850370202192,0.09971621165711438,0.08629039851140094,0.06097556555079187,0.09817802600850029,0.08738001188365624,0.13385511516560802,0.10262801968207291,0.09272954255442979,0.1357508639734719,0.10249624501295357
101,101.0,100.97399994219691,0.09931679406630772,0.08776202061497686,0.06024935832681047,0.09978001560092745,0.08741923362896685,0.13228251403767946,0.10229659566877121,0.09327352270095765,0.13565632863506857,0.10196361671953366
102,102.0,101.97920655893245,0.10023345182293292,0.08777237392470914,0.06018635796016102,0.0990079945415341,0.08637704101389351,0.13293056308154552,0.10192378713932776,0.09374411773120085,0.13526141956490337,0.10256289321979174
103,103.0,102.98410044840509,0.09999780962698583,0.089230373012817,0.06099085683963272,0.09816703592637029,0.08564927327257837,0.13279992851529884,0.10225661417490904,0.09187337255713185,0.1360823938367799,0.1029523422374961
104,104.0,103.98866394444643,0.10069779212275062,0.09097477904216202,0.061435280002253664,0.0981878512984867,0.08390020395386864,0.13254284638471173,0.10203686538447332,0.09158132521821966,0.13647169804861453,0.10217135854445906
105,105.0,104.99288445143917,0.10097770488576721,0.09210123688042801,0.06092527725031112,0.099131125767821,0.08279852037506787,0.13334788767983177,0.10216870195586124,0.09100367268207912,0.13604256471258283,0.10150330781024977
106,106.0,105.99675406321822,0.10080003854777429,0.09194382882414158,0.061096387083705885,0.09921063521633088,0.08241692358331017,0.13227526732724665,0.1013273347619071,0.09146206237092439,0.1373748201324668,0.10209270215219218
107,107.0,107.0002691731872,0.10064793627882762,0.09125076972596646,0.06293736906191258,0.09858652590245148,0.08176207730778,0.1333319956799897,0.10095015693257658,0.09255190325304002,0.13676656507990032,0.10121470077755511
108,108.0,108.0034300804274,0.10059328271505484,0.09022437982360856,0.06346266941400693,0.09888945004398311,0.08301570692022435,0.13331289653475134,0.10123378863086127,0.09179906597602826,0.13647452373120894,0.10099423621027229
109,109.0,109.00624059613932,0.10147988486844142,0.08940374168590946,0.06301620323095058,0.098358689897103,0.08415458647066629,0.13264989715533648,0.10123162723521684,0.091486612321687,0.13715094175443787,0.10106781538025092
110,110.0,110.00870765431864,0.1010361346218066,0.08920089278259316,0.06363984558096827,0.0992531842883018,0.08344820606277716,0.13264596798995346,0.10045665163733236,0.09158261355634113,0.13785191125432872,0.10088459222559723
111,111.0,111.01084093013685,0.10055708031289887,0.09181752737106375,0.06412096485490941,0.09826736348341616,0.08276597323407833,0.13189086102314418,0.10012539254269989,0.09085779691121128,0.1380541459492515,0.10154289431732651
112,112.0,112.01265246907188,0.10063322574157926,0.09154124208287855,0.06509762842991218,0.09950295742839338,0.08345212224377867,0.1305223505255903,0.09955701370486483,0.08944439096666705,0.1389772217730794,0.10127184710325625
113,113.0,113.01415632942268,0.10222503443971453,0.09251822472621088,0.06588394256628202,0.09911588063025152,0.08319251658774669,0.13032529314880276,0.10076276367319989,0.08819621062730544,0.13678566519749147,0.10099446840299466
114,114.0,114.01536824044418,0.1018837129787362,0.09284470716974016,0.06545682004147181,0.09859497772706097,0.08337610781942577,0.13061667226038387,0.10027257488005364,0.08814573524454343,0.13637647203252148,0.10243221984606247
115,115.0,115.01630527795908,0.10225929925918237,0.09354159731491948,0.06485661012645785,0.09816289646759238,0.08411802265994422,0.1308074391263735,0.09882185565498304,0.08773243185962072,0.1369299224442778,0.10276992508664848
116,116.0,116.0169855589429,0.10252567381392934,0.09400610371082314,0.06550959149530343,0.09823482987603656,0.08391200529579722,0.13011606432820266,0.09786134608777032,0.08852256737281933,0.13589880014918881,0.10341301787012899
117,117.0,117.01742795623892,0.10109834730044791,0.09439377828126883,0.0664805500574809,0.09840657427730556,0.0843132256815773,0.1286175976970388,0.0970542372651523,0.09009413403333862,0.13638287126032955,0.10315868414606003
118,118.0,118.01765183424293,0.10127135356076053,0.09458387187692144,0.06675193047596079,0.09829524546553974,0.08394087429639117,0.12970554839412343,0.09583432542688615,0.08899762695931918,0.1361576209591153,0.10446160258498204
119,119.0,119.01767680610413,0.10055036233253592,0.09364169036094303,0.06612404842143066,0.09829072066363458,0.08429841985661647,0.13046458587116883,0.09665242905001956,0.0887621802740651,0.1361462248505193,0.10506933831906631
120,120.0,120.01752251271817,0.09889761198839725,0.09317571820248535,0.06543835299519984,0.09653462711448736,0.0841183364699466,0.131240393094793,0.09812484890859681,0.0882151745678348,0.13834005945198424,0.10591487720627452
121,121.0,121.01720842354362,0.09969357925255144,0.09530556642562184,0.06481307740828542,0.09552914417346524,0.08409361301038511,0.13080833433449607,0.09747970550972519,0.08879127635108194,0.1383364607677288,0.10514924276665874
122,122.0,122.01675365905109,0.10066025934109128,0.09496206680901736,0.06578171517511903,0.09616177785332439,0.08495413498415678,0.13116943133884618,0.0975127069291198,0.08769004675546008,0.13714352980962077,0.10396433100424407
123,123.0,123.0161768344173,0.10071026716878635,0.09417069981168819,0.06612768237565614,0.09666696350377461,0.08446828758528886,0.13124355667838827,0.09563730695168209,0.08815763697569423,0.13702496417095777,0.10579263477808325
124,124.0,124.01549592390272,0.10092198329807174,0.09351863997172528,0.06633328812399211,0.09655642456876751,0.08447554824754966,0.1320234501057319,0.09518218536528238,0.08705582661996264,0.13666169001303335,0.10727096368588317
125,125.0,125.01472814520056,0.09991905559572913,0.09379401635287338,0.06632355860432189,0.09492236554790162,0.0843022333300267,0.1336459501901351,0.09558845628454357,0.08706338771310344,0.1365829590000723,0.10785801738129261
126,126.0,126.01388986291661,0.10134216635453466,0.09331643027817321,0.06665636034129865,0.09523205526308826,0.08401290187037531,0.1336060443723875,0.09549981702634469,0.08780429614264254,0.13670332607039365,0.10582660228076128
127,127.0,127.0129965102319,0.10198117005544895,0.09433453584323367,0.06552317196721197,0.0959728006676927,0.08385973653947613,0.1335084315605003,0.09593884120649518,0.0880553990568832,0.1351469765324858,0.10567893657057185
128,128.0,128.01206252771334,0.10214334651024318,0.09378189670397295,0.0650211502265395,0.09579766072254398,0.08355546838890218,0.13439088009179898,0.09701936190861282,0.08732560493210385,0.13591013759365553,0.10505449292162686
129,129.0,129.0111013181695,0.10258959152349108,0.09272959626452108,0.06391646832479542,0.0965845443429403,0.0836887177324102,0.13604869040552864,0.09615459517799349,0.08853572896764075,0.13470501651152383,0.10504705074915506
130,130.0,130.01012521639834,0.10263517447865865,0.09176091155697139,0.0636358508036919,0.09536094234072734,0.082670666216542,0.13630424502412772,0.09588703697373016,0.08875275912250401,0.13616924541962042,0.10682316806342625
131,131.0,131.0091454726403,0.1019055272037336,0.0895148713768648,0.06248336103047197,0.09434084620726943,0.0846327104627208,0.13769187861466126,0.09644611900478392,0.08909427190999886,0.13739877993083197,0.1064916342586632
132,132.0,132.0081722485317,0.09999814950790423,0.08913399267191634,0.06192973335785623,0.09350909107399534,0.08454689399583447,0.1387824265581598,0.0982039386602772,0.0890293378716038,0.13840372656987288,0.1064627097325795
133,133.0,133.00721462434865,0.10002173916212438,0.08997239518270118,0.06126046527167118,0.09515660533052304,0.08434564289621589,0.1370097365594284,0.09777350644181709,0.08840584081209249,0.13947641265072996,0.1065776556926962
134,134.0,134.0062806163404,0.09932425870473394,0.08982159395894976,0.06136438932986285,0.0942354436562162,0.08487526827154139,0.13684743437831254,0.09737624148502041,0.08843124746936096,0.1391848740151813,0.10853924873082053
135,135.0,135.00537720296956,0.10029902297613957,0.08965163727807256,0.06165007478664801,0.09329003331760333,0.08490861914553732,0.13677245755262776,0.09789186758701214,0.08890885112027123,0.13819467629660703,0.10843275993948089
136,136.0,136.00451035890612,0.09995603001004408,0.08792357223317346,0.061956995521517705,0.09197712122530628,0.08447750143627553,0.13876835349348643,0.09850237536636386,0.09011129929224784,0.1381413763057689,0.10818537511581579
137,137.0,137.00368509565993,0.10157618991116771,0.08786137245491252,0.06326138205777418,0.09368690922303385,0.08356256390028972,0.13770136740616545,0.09680232959970202,0.09124687644300755,0.13749931686104297,0.10680169214290385
138,138.0,138.0029055077818,0.1010849559746522,0.0883814759268146,0.06283682807083807,0.09318683430439806,0.08482265621012856,0.1366284984934468,0.09726347056726968,0.0914206322690258,0.1382457584522894,0.10612888973113664
139,139.0,139.00217482361367,0.10211397728075983,0.08813953234345949,0.06277871473970349,0.09257497261388244,0.08469080637788139,0.136747141992156,0.09685404886245631,0.09120272357223422,0.13900486960032396,0.10589321261714268
140,140.0,140.0014954596262,0.10157422486782001,0.0875737230139239,0.0635020832852268,0.09203082995316675,0.08428415564150493,0.13577402976989822,0.09770533962545981,0.09113825848532651,0.1407965936846332,0.1056207616730397
141,141.0,141.00086907744122,0.10092912304387205,0.08679011358504578,0.0638439807670908,0.09308209081894828,0.0847512274199769,0.1358995554912609,0.09695067057842602,0.09064493084249423,0.1418033346666028,0.10530497278628209
142,142.0,142.0002966427003,0.10067783623832774,0.08758576019606176,0.06434571788167122,0.09315963308650467,0.08368655191982453,0.13643638859368773,0.09820714278698435,0.08911308970319445,0.14168650436876962,0.10510137522497376
143,143.0,142.99977848500652,0.10014384923964903,0.08758746873349892,0.06491755660948957,0.09498903954751578,0.08353094724422953,0.1354599795789392,0.09879067029691425,0.08745903116239091,0.1433411847830036,0.103780272804369
144,144.0,143.99931435823203,0.1004496694184047,0.08731835714686786,0.0666812485493407,0.09333504696005387,0.08405088627503042,0.13624684060337217,0.09879396685184444,0.08758707261639294,0.14292655792111025,0.10261035365758243
145,145.0,144.99890350055264,0.09964742501893856,0.08722775657205639,0.06678701236261704,0.0942911216628842,0.08405483048087761,0.1374457221052582,0.09859218686919588,0.08655843069983292,0.14251741305581767,0.1028781011725213
146,146.0,145.9985446936357,0.09884132999043305,0.08667255788093822,0.06865170934034111,0.09443182723991689,0.084904110164156,0.13757287117480319,0.09882859255651799,0.08516460000363174,0.1428988766681937,0.10203352498106788
147,147.0,146.99823632047406,0.09845230750867809,0.08727802662037637,0.06822714951496406,0.09445682619472659,0.08294793482204768,0.13859805998497476,0.10009688463330031,0.08418020309909728,0.14324286548419712,0.10251974213763751
148,148.0,147.99797642142389,0.09967041686327592,0.08659087823233937,0.06970337123908973,0.0925795566015873,0.08211151371781514,0.13904607461607058,0.10094236647456119,0.08538170648886853,0.14254219171610844,0.10143192405028362
149,149.0,148.99776274806447,0.09861627656989783,0.08847643024713887,0.07141503356917726,0.09251978631364646,0.08134953752951316,0.13790981844079656,0.10022290184442247,0.08340659960272917,0.1427273680182531,0.10335624786442496
150,150.0,149.99759281456036,0.09998297553680703,0.09026416305780946,0.07146233876702882,0.0923217938921546,0.08081966768019441,0.13712593732149284,0.09972221374365318,0.0819560675129182,0.1431740972566882,0.10317074523125305
151,151.0,150.99746394626104,0.10102182362350952,0.0892670582938475,0.06961778314126665,0.09193305889629078,0.0812987748059092,0.13662406748266498,0.0989807387807781,0.08292435426851652,0.1436471029454613,0.10468523776175524
152,152.0,151.99737332532905,0.10214666664193947,0.09077389838905725,0.07004073955670526,0.09262505988418479,0.08012943009596862,0.13653571691832742,0.09838900303300456,0.08350063367097525,0.14231337310994402,0.10354547869989318
153,153.0,152.99731803323698,0.1022850036329139,0.08964939395007072,0.07012250799804814,0.09269947856691232,0.07869011272013865,0.13686949266432533,0.09742430487738284,0.08367430988753227,0.14422392766136205,0.10436146804131358
154,154.0,153.99729509002177,0.1025238263586815,0.08891277600595,0.06997783760816834,0.09370221162169312,0.07810221798639033,0.13688402661476132,0.09528749022113896,0.08546916765599871,0.14440932194293007,0.10473112398428747
155,155.0,154.99730149022784,0.10284754049108256,0.08807483784902762,0.06995354110494308,0.09335050045006969,0.0780929574829541,0.13752908681251197,0.09565700836899951,0.08477718558693939,0.14441838451700933,0.10529895733646255
156,156.0,155.99733423551103,0.10301134889953299,0.0869639309948883,0.0696847669805479,0.09319474407286232,0.07777801542826077,0.1374452659468806,0.09519172909706762,0.08529849051451636,0.14616603889497995,0.10526566917046297
157,157.0,156.99739036391077,0.10403655948880686,0.08665264870121647,0.06973522606426312,0.09254398677276444,0.07822472516121273,0.1369168315969498,0.09550113370977228,0.08619365717516812,0.1456776026461146,0.10451762868373132
158,158.0,157.99746697583146,0.10280486095229949,0.08806002094660721,0.06872443431444504,0.09122902166428921,0.07891787871258873,0.136434090252585,0.09694606292604149,0.08674808581439782,0.14521921854781794,0.10491632586892788
159,159.0,158.99756125680176,0.10391198491191063,0.08775998538564082,0.06835898359073313,0.09131906046846167,0.07775516705489782,0.13643870914968068,0.09849382586832123,0.08654771158422689,0.14448291236689584,0.1049316596192311
160,160.0,159.997670497107,0.1033522834083142,0.08606029729161961,0.06769206762645064,0.09035997762221229,0.07687904780638681,0.13621285574275346,0.09958876846480094,0.08715884043395448,0.14723652135255813,0.10545934025094923
161,161.0,160.99779210841066,0.10153446430807049,0.08573783316557008,0.06853308639315285,0.09052468830816215,0.07723710817224878,0.1377552787833957,0.09971667690768321,0.08557584677277107,0.14694344123616523,0.10644157595278021
162,162.0,161.99792363749984,0.10120842876104018,0.08470586093598861,0.06892028172893065,0.09231826666188413,0.07608851774773309,0.1379103602315824,0.1010846252330916,0.08559775698152142,0.14672198547508133,0.10544391624314636
163,163.0,162.9980627773051,0.10194848742692614,0.08483999708452823,0.0676660192951526,0.09288878991190129,0.07609559916406457,0.1377833731454202,0.10128957697271428,0.08479398397943645,0.14805796517104608,0.10463620784880998
164,164.0,163.9982073753568,0.10063013195631071,0.08596940043644644,0.06588322391688761,0.09416239655541236,0.07603287588577216,0.1377159640666571,0.10276051865027352,0.0847766843105915,0.14791865667727216,0.10415014754437624
165,165.0,164.99835543984977,0.09971854942916814,0.08652211435091967,0.06578012178477272,0.09544143839514335,0.0744863028110361,0.13789799696384175,0.10338613057776214,0.08327976132537418,0.14851328709990824,0.10497429726207352
166,166.0,165.99850514349492,0.10025300392677693,0.087584826179225,0.06561426260430825,0.09455916888418915,0.07436380116313514,0.13728835077167034,0.1033918718472489,0.08452141597043288,0.14649072674785404,0.10593257190515921
167,167.0,166.99865482534062,0.10063979714957919,0.08765459071137255,0.06519203619067451,0.0956358877807887,0.07230505324814802,0.13617381411361787,0.10544200212819578,0.08435441657301865,0.1468678988241514,0.10573450328045314
168,168.0,167.99880299074837,0.09970186793138765,0.08893699053593876,0.06504858725553175,0.09605202653677564,0.07298791511583355,0.13630616578797505,0.10618526974239034,0.08396201335104804,0.14590834534082592,0.10491081840229312
169,169.0,168.99894830970783,0.09896694726417793,0.08997943541759991,0.06348089477652152,0.09536630592572719,0.07118507799871976,0.13656692513709398,0.10669094945500746,0.08387884049077432,0.14724359694518324,0.1066410265891945
170,170.0,169.99908961367427,0.0977816879711295,0.09103872187023626,0.06356040439808802,0.09412788386512194,0.07156463251333686,0.1372098781428869,0.1072203354673868,0.0821337501925164,0.1491543443914633,0.10620836118783383
171,171.0,170.99922589110733,0.09910094061635055,0.09062862997824966,0.06413984996739357,0.09454385510746702,0.07082341389598226,0.13834807371018443,0.10670040455007591,0.08116391490974148,0.14818099006259597,0.10636992720195898
172,172.0,171.99935628188598,0.09777290988644509,0.09086171939618085,0.06439760631322572,0.09500318368418778,0.0713457681604825,0.13781241478783307,0.10627990726839945,0.08091024589986898,0.14784365781559355,0.10777258678778283
173,173.0,172.99948007076793,0.0969990564765382,0.09105168558276808,0.06462933196969697,0.0945142868963345,0.07283880102214639,0.13798531542197995,0.10493561328016633,0.08143262926864679,0.14648713131261984,0.10912614876910276
174,174.0,173.99959668005403,0.09641122781166041,0.09071652665699496,0.06438771405066507,0.09608171342437107,0.0720705488583013,0.13851074890786158,0.10374105487310695,0.08194494322535106,0.14607522289491004,0.11006029929677741
175,175.0,174.99970566161096,0.09573584353459888,0.0907122117821615,0.06528441357288799,0.09569837904165344,0.07257392918615788,0.13921027606719022,0.10370284744456702,0.08274423096984564,0.1446627999001843,0.10967506850075298
