Total_iterations,Unnamed: 0.1,Intertwine_two,Add_vertex,Delete_vertex,Invert_path_vertices,Insert_inside_vertex,Delete_inside_vertex
0,0.0,0.1666666666666666,0.1666666666666666,0.1666666666666666,0.1666666666666666,0.1666666666666666,0.1666666666666666
1,1.0,0.1666666666666666,0.1666666666666666,0.1666666666666666,0.1666666666666666,0.1666666666666666,0.1666666666666666
2,2.0,0.1666666666666666,0.1666666666666666,0.1666666666666666,0.1666666666666666,0.1666666666666666,0.1666666666666666
3,3.0,0.1666666666666666,0.1666666666666666,0.1666666666666666,0.1666666666666666,0.1666666666666666,0.1666666666666666
4,4.0,0.1666666666666666,0.1666666666666666,0.1666666666666666,0.1666666666666666,0.1666666666666666,0.1666666666666666
5,5.0,0.1666666666666666,0.1666666666666666,0.1666666666666666,0.1666666666666666,0.1666666666666666,0.1666666666666666
6,6.0,0.1666666666666666,0.1666666666666666,0.1666666666666666,0.1666666666666666,0.1666666666666666,0.1666666666666666
7,7.0,0.1666666666666666,0.1666666666666666,0.1666666666666666,0.1666666666666666,0.1666666666666666,0.1666666666666666
8,8.0,0.1666666666666666,0.1666666666666666,0.1666666666666666,0.1666666666666666,0.1666666666666666,0.1666666666666666
9,9.0,0.1666666666666666,0.1666666666666666,0.1666666666666666,0.1666666666666666,0.1666666666666666,0.1666666666666666
10,10.0,0.1666666666666666,0.1666666666666666,0.1666666666666666,0.1666666666666666,0.1666666666666666,0.1666666666666666
11,11.0,0.1666666666666666,0.1666666666666666,0.1666666666666666,0.1666666666666666,0.1666666666666666,0.1666666666666666
12,12.0,0.1666666666666666,0.1666666666666666,0.1666666666666666,0.1666666666666666,0.1666666666666666,0.1666666666666666
13,13.0,0.1666666666666666,0.1666666666666666,0.1666666666666666,0.1666666666666666,0.1666666666666666,0.1666666666666666
14,14.0,0.1666666666666666,0.1666666666666666,0.1666666666666666,0.1666666666666666,0.1666666666666666,0.1666666666666666
15,15.0,0.1666666666666666,0.1666666666666666,0.1666666666666666,0.1666666666666666,0.1666666666666666,0.1666666666666666
16,16.0,0.1666666666666666,0.1666666666666666,0.1666666666666666,0.1666666666666666,0.1666666666666666,0.1666666666666666
17,17.0,0.1666666666666666,0.1666666666666666,0.1666666666666666,0.1666666666666666,0.1666666666666666,0.1666666666666666
18,18.0,0.1666666666666666,0.1666666666666666,0.1666666666666666,0.1666666666666666,0.1666666666666666,0.1666666666666666
19,19.0,0.1666666666666666,0.1666666666666666,0.1666666666666666,0.1666666666666666,0.1666666666666666,0.1666666666666666
20,20.0,0.1666666666666666,0.1666666666666666,0.1666666666666666,0.1666666666666666,0.1666666666666666,0.1666666666666666
21,21.0,0.1666666666666666,0.1666666666666666,0.1666666666666666,0.1666666666666666,0.1666666666666666,0.1666666666666666
22,22.0,0.1666666666666666,0.1666666666666666,0.1666666666666666,0.1666666666666666,0.1666666666666666,0.1666666666666666
23,23.0,0.1666666666666666,0.1666666666666666,0.1666666666666666,0.1666666666666666,0.1666666666666666,0.1666666666666666
24,24.0,0.1666666666666666,0.1666666666666666,0.1666666666666666,0.1666666666666666,0.1666666666666666,0.1666666666666666
25,25.0,0.1666666666666666,0.1666666666666666,0.1666666666666666,0.1666666666666666,0.1666666666666666,0.1666666666666666
26,26.0,0.1666666666666666,0.1666666666666666,0.1666666666666666,0.1666666666666666,0.1666666666666666,0.1666666666666666
27,27.0,0.1666666666666666,0.1666666666666666,0.1666666666666666,0.1666666666666666,0.1666666666666666,0.1666666666666666
28,28.0,0.1666666666666666,0.1666666666666666,0.1666666666666666,0.1666666666666666,0.1666666666666666,0.1666666666666666
29,29.0,0.1666666666666666,0.1666666666666666,0.1666666666666666,0.1666666666666666,0.1666666666666666,0.1666666666666666
30,30.0,0.1666666666666666,0.1666666666666666,0.1666666666666666,0.1666666666666666,0.1666666666666666,0.1666666666666666
31,31.0,0.1666666666666666,0.1666666666666666,0.1666666666666666,0.1666666666666666,0.1666666666666666,0.1666666666666666
32,32.0,0.1666666666666666,0.1666666666666666,0.1666666666666666,0.1666666666666666,0.1666666666666666,0.1666666666666666
33,33.0,0.1666666666666666,0.1666666666666666,0.1666666666666666,0.1666666666666666,0.1666666666666666,0.1666666666666666
34,34.0,0.1666666666666666,0.1666666666666666,0.1666666666666666,0.1666666666666666,0.1666666666666666,0.1666666666666666
35,35.0,0.1666666666666666,0.1666666666666666,0.1666666666666666,0.1666666666666666,0.1666666666666666,0.1666666666666666
36,36.0,0.1666666666666666,0.1666666666666666,0.1666666666666666,0.1666666666666666,0.1666666666666666,0.1666666666666666
37,37.0,0.1666666666666666,0.1666666666666666,0.1666666666666666,0.1666666666666666,0.1666666666666666,0.1666666666666666
38,38.0,0.1666666666666666,0.1666666666666666,0.1666666666666666,0.1666666666666666,0.1666666666666666,0.1666666666666666
39,39.0,0.1666666666666666,0.1666666666666666,0.1666666666666666,0.1666666666666666,0.1666666666666666,0.1666666666666666
40,40.0,0.1666666666666666,0.1666666666666666,0.1666666666666666,0.1666666666666666,0.1666666666666666,0.1666666666666666
41,41.0,0.1666666666666666,0.1666666666666666,0.1666666666666666,0.1666666666666666,0.1666666666666666,0.1666666666666666
42,42.0,0.1666666666666666,0.1666666666666666,0.1666666666666666,0.1666666666666666,0.1666666666666666,0.1666666666666666
43,43.0,0.1666666666666666,0.1666666666666666,0.1666666666666666,0.1666666666666666,0.1666666666666666,0.1666666666666666
44,44.0,0.1666666666666666,0.1666666666666666,0.1666666666666666,0.1666666666666666,0.1666666666666666,0.1666666666666666
45,45.0,0.1666666666666666,0.1666666666666666,0.1666666666666666,0.1666666666666666,0.1666666666666666,0.1666666666666666
46,46.0,0.1666666666666666,0.1666666666666666,0.1666666666666666,0.1666666666666666,0.1666666666666666,0.1666666666666666
47,47.0,0.1666666666666666,0.1666666666666666,0.1666666666666666,0.1666666666666666,0.1666666666666666,0.1666666666666666
48,48.0,0.1666666666666666,0.1666666666666666,0.1666666666666666,0.1666666666666666,0.1666666666666666,0.1666666666666666
49,49.0,0.1666666666666666,0.1666666666666666,0.1666666666666666,0.1666666666666666,0.1666666666666666,0.1666666666666666
50,50.0,0.1666666666666666,0.1666666666666666,0.1666666666666666,0.1666666666666666,0.1666666666666666,0.1666666666666666
51,51.0,0.1666666666666666,0.1666666666666666,0.1666666666666666,0.1666666666666666,0.1666666666666666,0.1666666666666666
52,52.0,0.1666666666666666,0.1666666666666666,0.1666666666666666,0.1666666666666666,0.1666666666666666,0.1666666666666666
53,53.0,0.1666666666666666,0.1666666666666666,0.1666666666666666,0.1666666666666666,0.1666666666666666,0.1666666666666666
54,54.0,0.1666666666666666,0.1666666666666666,0.1666666666666666,0.1666666666666666,0.1666666666666666,0.1666666666666666
55,55.0,0.1666666666666666,0.1666666666666666,0.1666666666666666,0.1666666666666666,0.1666666666666666,0.1666666666666666
56,56.0,0.1666666666666666,0.1666666666666666,0.1666666666666666,0.1666666666666666,0.1666666666666666,0.1666666666666666
57,57.0,0.1666666666666666,0.1666666666666666,0.1666666666666666,0.1666666666666666,0.1666666666666666,0.1666666666666666
58,58.0,0.1666666666666666,0.1666666666666666,0.1666666666666666,0.1666666666666666,0.1666666666666666,0.1666666666666666
59,59.0,0.1666666666666666,0.1666666666666666,0.1666666666666666,0.1666666666666666,0.1666666666666666,0.1666666666666666
60,60.0,0.1666666666666666,0.1666666666666666,0.1666666666666666,0.1666666666666666,0.1666666666666666,0.1666666666666666
61,61.0,0.1666666666666666,0.1666666666666666,0.1666666666666666,0.1666666666666666,0.1666666666666666,0.1666666666666666
62,62.0,0.1666666666666666,0.1666666666666666,0.1666666666666666,0.1666666666666666,0.1666666666666666,0.1666666666666666
63,63.0,0.1666666666666666,0.1666666666666666,0.1666666666666666,0.1666666666666666,0.1666666666666666,0.1666666666666666
64,64.0,0.1666666666666666,0.1666666666666666,0.1666666666666666,0.1666666666666666,0.1666666666666666,0.1666666666666666
65,65.0,0.1666666666666666,0.1666666666666666,0.1666666666666666,0.1666666666666666,0.1666666666666666,0.1666666666666666
66,66.0,0.1666666666666666,0.1666666666666666,0.1666666666666666,0.1666666666666666,0.1666666666666666,0.1666666666666666
67,67.0,0.1666666666666666,0.1666666666666666,0.1666666666666666,0.1666666666666666,0.1666666666666666,0.1666666666666666
68,68.0,0.1666666666666666,0.1666666666666666,0.1666666666666666,0.1666666666666666,0.1666666666666666,0.1666666666666666
69,69.0,0.1666666666666666,0.1666666666666666,0.1666666666666666,0.1666666666666666,0.1666666666666666,0.1666666666666666
70,70.0,0.1666666666666666,0.1666666666666666,0.1666666666666666,0.1666666666666666,0.1666666666666666,0.1666666666666666
71,71.0,0.1666666666666666,0.1666666666666666,0.1666666666666666,0.1666666666666666,0.1666666666666666,0.1666666666666666
72,72.0,0.1666666666666666,0.1666666666666666,0.1666666666666666,0.1666666666666666,0.1666666666666666,0.1666666666666666
73,73.0,0.1666666666666666,0.1666666666666666,0.1666666666666666,0.1666666666666666,0.1666666666666666,0.1666666666666666
74,74.0,0.1666666666666666,0.1666666666666666,0.1666666666666666,0.1666666666666666,0.1666666666666666,0.1666666666666666
75,75.0,0.1666666666666666,0.1666666666666666,0.1666666666666666,0.1666666666666666,0.1666666666666666,0.1666666666666666
76,76.0,0.1666666666666666,0.1666666666666666,0.1666666666666666,0.1666666666666666,0.1666666666666666,0.1666666666666666
77,77.0,0.1666666666666666,0.1666666666666666,0.1666666666666666,0.1666666666666666,0.1666666666666666,0.1666666666666666
78,78.0,0.1666666666666666,0.1666666666666666,0.1666666666666666,0.1666666666666666,0.1666666666666666,0.1666666666666666
79,79.0,0.1666666666666666,0.1666666666666666,0.1666666666666666,0.1666666666666666,0.1666666666666666,0.1666666666666666
80,80.0,0.1666666666666666,0.1666666666666666,0.1666666666666666,0.1666666666666666,0.1666666666666666,0.1666666666666666
81,81.0,0.1666666666666666,0.1666666666666666,0.1666666666666666,0.1666666666666666,0.1666666666666666,0.1666666666666666
82,82.0,0.1666666666666666,0.1666666666666666,0.1666666666666666,0.1666666666666666,0.1666666666666666,0.1666666666666666
83,83.0,0.1666666666666666,0.1666666666666666,0.1666666666666666,0.1666666666666666,0.1666666666666666,0.1666666666666666
84,84.0,0.1666666666666666,0.1666666666666666,0.1666666666666666,0.1666666666666666,0.1666666666666666,0.1666666666666666
85,85.0,0.1666666666666666,0.1666666666666666,0.1666666666666666,0.1666666666666666,0.1666666666666666,0.1666666666666666
86,86.0,0.1666666666666666,0.1666666666666666,0.1666666666666666,0.1666666666666666,0.1666666666666666,0.1666666666666666
87,87.0,0.1666666666666666,0.1666666666666666,0.1666666666666666,0.1666666666666666,0.1666666666666666,0.1666666666666666
88,88.0,0.1666666666666666,0.1666666666666666,0.1666666666666666,0.1666666666666666,0.1666666666666666,0.1666666666666666
89,89.0,0.1666666666666666,0.1666666666666666,0.1666666666666666,0.1666666666666666,0.1666666666666666,0.1666666666666666
90,90.0,0.1666666666666666,0.1666666666666666,0.1666666666666666,0.1666666666666666,0.1666666666666666,0.1666666666666666
91,91.0,0.1666666666666666,0.1666666666666666,0.1666666666666666,0.1666666666666666,0.1666666666666666,0.1666666666666666
92,92.0,0.1666666666666666,0.1666666666666666,0.1666666666666666,0.1666666666666666,0.1666666666666666,0.1666666666666666
93,93.0,0.1666666666666666,0.1666666666666666,0.1666666666666666,0.1666666666666666,0.1666666666666666,0.1666666666666666
94,94.0,0.1666666666666666,0.1666666666666666,0.1666666666666666,0.1666666666666666,0.1666666666666666,0.1666666666666666
95,95.0,0.1666666666666666,0.1666666666666666,0.1666666666666666,0.1666666666666666,0.1666666666666666,0.1666666666666666
96,96.0,0.1666666666666666,0.1666666666666666,0.1666666666666666,0.1666666666666666,0.1666666666666666,0.1666666666666666
97,97.0,0.1666666666666666,0.1666666666666666,0.1666666666666666,0.1666666666666666,0.1666666666666666,0.1666666666666666
98,98.0,0.1666666666666666,0.1666666666666666,0.1666666666666666,0.1666666666666666,0.1666666666666666,0.1666666666666666
99,99.0,0.1666666666666666,0.1666666666666666,0.1666666666666666,0.1666666666666666,0.1666666666666666,0.1666666666666666
100,100.0,0.1666666666666666,0.1666666666666666,0.1666666666666666,0.1666666666666666,0.1666666666666666,0.1666666666666666
101,101.0,0.1666666666666666,0.1666666666666666,0.1666666666666666,0.1666666666666666,0.1666666666666666,0.1666666666666666
102,102.0,0.1666666666666666,0.1666666666666666,0.1666666666666666,0.1666666666666666,0.1666666666666666,0.1666666666666666
103,103.0,0.1666666666666666,0.1666666666666666,0.1666666666666666,0.1666666666666666,0.1666666666666666,0.1666666666666666
104,104.0,0.1666666666666666,0.1666666666666666,0.1666666666666666,0.1666666666666666,0.1666666666666666,0.1666666666666666
105,105.0,0.1666666666666666,0.1666666666666666,0.1666666666666666,0.1666666666666666,0.1666666666666666,0.1666666666666666
106,106.0,0.1666666666666666,0.1666666666666666,0.1666666666666666,0.1666666666666666,0.1666666666666666,0.1666666666666666
107,107.0,0.1666666666666666,0.1666666666666666,0.1666666666666666,0.1666666666666666,0.1666666666666666,0.1666666666666666
108,108.0,0.1666666666666666,0.1666666666666666,0.1666666666666666,0.1666666666666666,0.1666666666666666,0.1666666666666666
109,109.0,0.1666666666666666,0.1666666666666666,0.1666666666666666,0.1666666666666666,0.1666666666666666,0.1666666666666666
110,110.0,0.1666666666666666,0.1666666666666666,0.1666666666666666,0.1666666666666666,0.1666666666666666,0.1666666666666666
111,111.0,0.1666666666666666,0.1666666666666666,0.1666666666666666,0.1666666666666666,0.1666666666666666,0.1666666666666666
112,112.0,0.1666666666666666,0.1666666666666666,0.1666666666666666,0.1666666666666666,0.1666666666666666,0.1666666666666666
113,113.0,0.1666666666666666,0.1666666666666666,0.1666666666666666,0.1666666666666666,0.1666666666666666,0.1666666666666666
114,114.0,0.1666666666666666,0.1666666666666666,0.1666666666666666,0.1666666666666666,0.1666666666666666,0.1666666666666666
115,115.0,0.1666666666666666,0.1666666666666666,0.1666666666666666,0.1666666666666666,0.1666666666666666,0.1666666666666666
116,116.0,0.1666666666666666,0.1666666666666666,0.1666666666666666,0.1666666666666666,0.1666666666666666,0.1666666666666666
117,117.0,0.1666666666666666,0.1666666666666666,0.1666666666666666,0.1666666666666666,0.1666666666666666,0.1666666666666666
118,118.0,0.1666666666666666,0.1666666666666666,0.1666666666666666,0.1666666666666666,0.1666666666666666,0.1666666666666666
119,119.0,0.1666666666666666,0.1666666666666666,0.1666666666666666,0.1666666666666666,0.1666666666666666,0.1666666666666666
120,120.0,0.1666666666666666,0.1666666666666666,0.1666666666666666,0.1666666666666666,0.1666666666666666,0.1666666666666666
121,121.0,0.1666666666666666,0.1666666666666666,0.1666666666666666,0.1666666666666666,0.1666666666666666,0.1666666666666666
122,122.0,0.1666666666666666,0.1666666666666666,0.1666666666666666,0.1666666666666666,0.1666666666666666,0.1666666666666666
123,123.0,0.1666666666666666,0.1666666666666666,0.1666666666666666,0.1666666666666666,0.1666666666666666,0.1666666666666666
124,124.0,0.1666666666666666,0.1666666666666666,0.1666666666666666,0.1666666666666666,0.1666666666666666,0.1666666666666666
125,125.0,0.1666666666666666,0.1666666666666666,0.1666666666666666,0.1666666666666666,0.1666666666666666,0.1666666666666666
126,126.0,0.1666666666666666,0.1666666666666666,0.1666666666666666,0.1666666666666666,0.1666666666666666,0.1666666666666666
127,127.0,0.1666666666666666,0.1666666666666666,0.1666666666666666,0.1666666666666666,0.1666666666666666,0.1666666666666666
128,128.0,0.1666666666666666,0.1666666666666666,0.1666666666666666,0.1666666666666666,0.1666666666666666,0.1666666666666666
129,129.0,0.1666666666666666,0.1666666666666666,0.1666666666666666,0.1666666666666666,0.1666666666666666,0.1666666666666666
130,130.0,0.1666666666666666,0.1666666666666666,0.1666666666666666,0.1666666666666666,0.1666666666666666,0.1666666666666666
131,131.0,0.1666666666666666,0.1666666666666666,0.1666666666666666,0.1666666666666666,0.1666666666666666,0.1666666666666666
132,132.0,0.1666666666666666,0.1666666666666666,0.1666666666666666,0.1666666666666666,0.1666666666666666,0.1666666666666666
133,133.0,0.1666666666666666,0.1666666666666666,0.1666666666666666,0.1666666666666666,0.1666666666666666,0.1666666666666666
134,134.0,0.1666666666666666,0.1666666666666666,0.1666666666666666,0.1666666666666666,0.1666666666666666,0.1666666666666666
135,135.0,0.1666666666666666,0.1666666666666666,0.1666666666666666,0.1666666666666666,0.1666666666666666,0.1666666666666666
136,136.0,0.1666666666666666,0.1666666666666666,0.1666666666666666,0.1666666666666666,0.1666666666666666,0.1666666666666666
137,137.0,0.1666666666666666,0.1666666666666666,0.1666666666666666,0.1666666666666666,0.1666666666666666,0.1666666666666666
138,138.0,0.1666666666666666,0.1666666666666666,0.1666666666666666,0.1666666666666666,0.1666666666666666,0.1666666666666666
139,139.0,0.1666666666666666,0.1666666666666666,0.1666666666666666,0.1666666666666666,0.1666666666666666,0.1666666666666666
140,140.0,0.1666666666666666,0.1666666666666666,0.1666666666666666,0.1666666666666666,0.1666666666666666,0.1666666666666666
141,141.0,0.1666666666666666,0.1666666666666666,0.1666666666666666,0.1666666666666666,0.1666666666666666,0.1666666666666666
142,142.0,0.1666666666666666,0.1666666666666666,0.1666666666666666,0.1666666666666666,0.1666666666666666,0.1666666666666666
143,143.0,0.1666666666666666,0.1666666666666666,0.1666666666666666,0.1666666666666666,0.1666666666666666,0.1666666666666666
144,144.0,0.1666666666666666,0.1666666666666666,0.1666666666666666,0.1666666666666666,0.1666666666666666,0.1666666666666666
145,145.0,0.1666666666666666,0.1666666666666666,0.1666666666666666,0.1666666666666666,0.1666666666666666,0.1666666666666666
146,146.0,0.1666666666666666,0.1666666666666666,0.1666666666666666,0.1666666666666666,0.1666666666666666,0.1666666666666666
147,147.0,0.1666666666666666,0.1666666666666666,0.1666666666666666,0.1666666666666666,0.1666666666666666,0.1666666666666666
148,148.0,0.1666666666666666,0.1666666666666666,0.1666666666666666,0.1666666666666666,0.1666666666666666,0.1666666666666666
149,149.0,0.1666666666666666,0.1666666666666666,0.1666666666666666,0.1666666666666666,0.1666666666666666,0.1666666666666666
150,150.0,0.1666666666666666,0.1666666666666666,0.1666666666666666,0.1666666666666666,0.1666666666666666,0.1666666666666666
151,151.0,0.1666666666666666,0.1666666666666666,0.1666666666666666,0.1666666666666666,0.1666666666666666,0.1666666666666666
152,152.0,0.1666666666666666,0.1666666666666666,0.1666666666666666,0.1666666666666666,0.1666666666666666,0.1666666666666666
153,153.0,0.1666666666666666,0.1666666666666666,0.1666666666666666,0.1666666666666666,0.1666666666666666,0.1666666666666666
154,154.0,0.1666666666666666,0.1666666666666666,0.1666666666666666,0.1666666666666666,0.1666666666666666,0.1666666666666666
155,155.0,0.1666666666666666,0.1666666666666666,0.1666666666666666,0.1666666666666666,0.1666666666666666,0.1666666666666666
156,156.0,0.1666666666666666,0.1666666666666666,0.1666666666666666,0.1666666666666666,0.1666666666666666,0.1666666666666666
157,157.0,0.1666666666666666,0.1666666666666666,0.1666666666666666,0.1666666666666666,0.1666666666666666,0.1666666666666666
158,158.0,0.1666666666666666,0.1666666666666666,0.1666666666666666,0.1666666666666666,0.1666666666666666,0.1666666666666666
159,159.0,0.1666666666666666,0.1666666666666666,0.1666666666666666,0.1666666666666666,0.1666666666666666,0.1666666666666666
160,160.0,0.1666666666666666,0.1666666666666666,0.1666666666666666,0.1666666666666666,0.1666666666666666,0.1666666666666666
161,161.0,0.1666666666666666,0.1666666666666666,0.1666666666666666,0.1666666666666666,0.1666666666666666,0.1666666666666666
162,162.0,0.1666666666666666,0.1666666666666666,0.1666666666666666,0.1666666666666666,0.1666666666666666,0.1666666666666666
163,163.0,0.1666666666666666,0.1666666666666666,0.1666666666666666,0.1666666666666666,0.1666666666666666,0.1666666666666666
164,164.0,0.1666666666666666,0.1666666666666666,0.1666666666666666,0.1666666666666666,0.1666666666666666,0.1666666666666666
165,165.0,0.1666666666666666,0.1666666666666666,0.1666666666666666,0.1666666666666666,0.1666666666666666,0.1666666666666666
166,166.0,0.1666666666666666,0.1666666666666666,0.1666666666666666,0.1666666666666666,0.1666666666666666,0.1666666666666666
167,167.0,0.1666666666666666,0.1666666666666666,0.1666666666666666,0.1666666666666666,0.1666666666666666,0.1666666666666666
168,168.0,0.1666666666666666,0.1666666666666666,0.1666666666666666,0.1666666666666666,0.1666666666666666,0.1666666666666666
169,169.0,0.1666666666666666,0.1666666666666666,0.1666666666666666,0.1666666666666666,0.1666666666666666,0.1666666666666666
170,170.0,0.1666666666666666,0.1666666666666666,0.1666666666666666,0.1666666666666666,0.1666666666666666,0.1666666666666666
171,171.0,0.1666666666666666,0.1666666666666666,0.1666666666666666,0.1666666666666666,0.1666666666666666,0.1666666666666666
172,172.0,0.1666666666666666,0.1666666666666666,0.1666666666666666,0.1666666666666666,0.1666666666666666,0.1666666666666666
173,173.0,0.1666666666666666,0.1666666666666666,0.1666666666666666,0.1666666666666666,0.1666666666666666,0.1666666666666666
174,174.0,0.1666666666666666,0.1666666666666666,0.1666666666666666,0.1666666666666666,0.1666666666666666,0.1666666666666666
175,175.0,0.1666666666666666,0.1666666666666666,0.1666666666666666,0.1666666666666666,0.1666666666666666,0.1666666666666666
176,176.0,0.1666666666666666,0.1666666666666666,0.1666666666666666,0.1666666666666666,0.1666666666666666,0.1666666666666666
177,177.0,0.1666666666666666,0.1666666666666666,0.1666666666666666,0.1666666666666666,0.1666666666666666,0.1666666666666666
178,178.0,0.1666666666666666,0.1666666666666666,0.1666666666666666,0.1666666666666666,0.1666666666666666,0.1666666666666666
179,179.0,0.1666666666666666,0.1666666666666666,0.1666666666666666,0.1666666666666666,0.1666666666666666,0.1666666666666666
180,180.0,0.1666666666666666,0.1666666666666666,0.1666666666666666,0.1666666666666666,0.1666666666666666,0.1666666666666666
181,181.0,0.1666666666666666,0.1666666666666666,0.1666666666666666,0.1666666666666666,0.1666666666666666,0.1666666666666666
182,182.0,0.1666666666666666,0.1666666666666666,0.1666666666666666,0.1666666666666666,0.1666666666666666,0.1666666666666666
183,183.0,0.1666666666666666,0.1666666666666666,0.1666666666666666,0.1666666666666666,0.1666666666666666,0.1666666666666666
184,184.0,0.1666666666666666,0.1666666666666666,0.1666666666666666,0.1666666666666666,0.1666666666666666,0.1666666666666666
185,185.0,0.1666666666666666,0.1666666666666666,0.1666666666666666,0.1666666666666666,0.1666666666666666,0.1666666666666666
186,186.0,0.1666666666666666,0.1666666666666666,0.1666666666666666,0.1666666666666666,0.1666666666666666,0.1666666666666666
187,187.0,0.1666666666666666,0.1666666666666666,0.1666666666666666,0.1666666666666666,0.1666666666666666,0.1666666666666666
188,188.0,0.1666666666666666,0.1666666666666666,0.1666666666666666,0.1666666666666666,0.1666666666666666,0.1666666666666666
189,189.0,0.1666666666666666,0.1666666666666666,0.1666666666666666,0.1666666666666666,0.1666666666666666,0.1666666666666666
190,190.0,0.1666666666666666,0.1666666666666666,0.1666666666666666,0.1666666666666666,0.1666666666666666,0.1666666666666666
191,191.0,0.1666666666666666,0.1666666666666666,0.1666666666666666,0.1666666666666666,0.1666666666666666,0.1666666666666666
192,192.0,0.1666666666666666,0.1666666666666666,0.1666666666666666,0.1666666666666666,0.1666666666666666,0.1666666666666666
193,193.0,0.1666666666666666,0.1666666666666666,0.1666666666666666,0.1666666666666666,0.1666666666666666,0.1666666666666666
194,194.0,0.1666666666666666,0.1666666666666666,0.1666666666666666,0.1666666666666666,0.1666666666666666,0.1666666666666666
195,195.0,0.1666666666666666,0.1666666666666666,0.1666666666666666,0.1666666666666666,0.1666666666666666,0.1666666666666666
196,196.0,0.1666666666666666,0.1666666666666666,0.1666666666666666,0.1666666666666666,0.1666666666666666,0.1666666666666666
197,197.0,0.1666666666666666,0.1666666666666666,0.1666666666666666,0.1666666666666666,0.1666666666666666,0.1666666666666666
198,198.0,0.1666666666666666,0.1666666666666666,0.1666666666666666,0.1666666666666666,0.1666666666666666,0.1666666666666666
199,199.0,0.1666666666666666,0.1666666666666666,0.1666666666666666,0.1666666666666666,0.1666666666666666,0.1666666666666666
200,200.0,0.1666666666666666,0.1666666666666666,0.1666666666666666,0.1666666666666666,0.1666666666666666,0.1666666666666666
201,201.0,0.1666666666666666,0.1666666666666666,0.1666666666666666,0.1666666666666666,0.1666666666666666,0.1666666666666666
202,202.0,0.1666666666666666,0.1666666666666666,0.1666666666666666,0.1666666666666666,0.1666666666666666,0.1666666666666666
203,203.0,0.1666666666666666,0.1666666666666666,0.1666666666666666,0.1666666666666666,0.1666666666666666,0.1666666666666666
204,204.0,0.1666666666666666,0.1666666666666666,0.1666666666666666,0.1666666666666666,0.1666666666666666,0.1666666666666666
205,205.0,0.1666666666666666,0.1666666666666666,0.1666666666666666,0.1666666666666666,0.1666666666666666,0.1666666666666666
206,206.0,0.1666666666666666,0.1666666666666666,0.1666666666666666,0.1666666666666666,0.1666666666666666,0.1666666666666666
207,207.0,0.1666666666666666,0.1666666666666666,0.1666666666666666,0.1666666666666666,0.1666666666666666,0.1666666666666666
208,208.0,0.1666666666666666,0.1666666666666666,0.1666666666666666,0.1666666666666666,0.1666666666666666,0.1666666666666666
209,209.0,0.1666666666666666,0.1666666666666666,0.1666666666666666,0.1666666666666666,0.1666666666666666,0.1666666666666666
210,210.0,0.1666666666666666,0.1666666666666666,0.1666666666666666,0.1666666666666666,0.1666666666666666,0.1666666666666666
211,211.0,0.1664285714285714,0.1664285714285714,0.1664285714285714,0.1664285714285714,0.1664285714285714,0.1678571428571428
212,212.0,0.1662608843537415,0.1662608843537415,0.1662608843537415,0.166158843537415,0.1660568027210885,0.1690017006802721
213,213.0,0.1660970170068028,0.1660970170068028,0.1660970170068028,0.165893955782313,0.1656908945578232,0.1701240986394558
214,214.0,0.1659382260884355,0.1659382260884355,0.1659382260884355,0.1656360730272109,0.1653339199659864,0.1712153287414966
215,215.0,0.1657855918649661,0.1657855918649661,0.1657855918649661,0.1653870735996599,0.1649885553343538,0.1722675954710885
216,216.0,0.1656400250091396,0.1656400250091396,0.1656400250091396,0.1651485591611803,0.1646570933132211,0.1732742724981803
217,217.0,0.1655022744527499,0.1655022744527499,0.1655022744527499,0.1649218663572498,0.1643414582617498,0.1742298520227512
218,218.0,0.1653729360714173,0.1653729360714173,0.1653729360714173,0.1647080799524528,0.1640432238334884,0.1751298879998076
219,219.0,0.1652524620314493,0.1652524620314493,0.1652524620314493,0.1645080471709239,0.1637636323103986,0.1759709344243304
220,220.0,0.1651411706391092,0.1651411706391092,0.1651411706391092,0.1643223929781515,0.1635036153171939,0.1767504797873276
221,221.0,0.1650392565435576,0.1650392565435576,0.1650392565435576,0.1641515360571878,0.1632638155708181,0.1774668787413219
222,222.0,0.1649468011560712,0.1649468011560712,0.1649468011560712,0.1639957052500616,0.163044609344052,0.1781192819376736
223,223.0,0.164625687921623,0.164625687921623,0.164625687921623,0.163616861015365,0.162608034109107,0.1798980411106597
224,224.0,0.1643162794715395,0.1643162794715395,0.1643162794715395,0.1632553788524878,0.1621944782334362,0.1816013044994582
225,225.0,0.1642006991513552,0.1640943161726318,0.1637751672364616,0.16276984601678,0.1618709077758219,0.18328906364695
226,226.0,0.1638604449476637,0.1636487428200041,0.1630136364370254,0.1620683898889737,0.1613348454685817,0.186073940437752
227,227.0,0.1635356725051382,0.1632206618668404,0.1622756299519467,0.1613939030738425,0.1608271868340362,0.1887469457681966
228,228.0,0.1642995099435161,0.1626340334541544,0.1613876039860693,0.1605718620796987,0.16017159666269,0.1909353938738722
229,229.0,0.1647933944082596,0.1619324040088506,0.160395266143957,0.1596470681312105,0.159411249406762,0.1938206179009608
230,230.0,0.1653744887350635,0.1612402529745566,0.1594282935000532,0.1587483669716958,0.1586724269348397,0.1965361708837917
231,231.0,0.1659516652497729,0.1605806872791928,0.1585079290034172,0.1578962460762937,0.1579754825744288,0.199087989816895
232,232.0,0.1665195439684502,0.15995704404582,0.1576387154842888,0.1570945686275469,0.1573231979579821,0.2014669299159126
233,233.0,0.1670733758835117,0.1593719674605726,0.1568242299801083,0.1563463070552773,0.1567176299572678,0.2036664896632627
234,234.0,0.1668153765625177,0.1591449119419511,0.1578131762904545,0.1559710627050202,0.1564776229081801,0.2037778495918768
235,235.0,0.1665435948365693,0.1589566316527647,0.1588438931993428,0.1557548351702575,0.1561780433424381,0.203723001798628
236,236.0,0.1660627220015167,0.1586079200935131,0.1595294027434942,0.1566441294056895,0.1558328255103723,0.2033230002454146
237,237.0,0.1654390512934463,0.1581569092194103,0.1599548371470654,0.1572922394314579,0.1565029877143458,0.2026539751942747
238,238.0,0.1648180992067406,0.1577433390706824,0.1603919495800786,0.1579668025682714,0.157205290328715,0.2018745192455124
239,239.0,0.16420580340013,0.1573676012762792,0.1608352011152596,0.1586584278736574,0.1579294962862967,0.2010034700483775
240,240.0,0.1636074212036713,0.1570296699787122,0.1612795453270397,0.1593584928777046,0.1586661731931938,0.2000586974196787
241,241.0,0.1630275450783138,0.1567291438412736,0.1617204295056413,0.1611702640716178,0.1582955960742945,0.1990570214288594
242,242.0,0.162470123178201,0.1564652876093248,0.1621537908125961,0.162964453124471,0.1579321961033677,0.1980141491720397
243,243.0,0.1617003890617143,0.1559989776165411,0.1637665241124755,0.1644867811217466,0.15734079432723,0.1967065337602928
244,244.0,0.1607829855773702,0.1553908366246482,0.1649959934444168,0.1657849251747438,0.1565858192298783,0.196459439948943
245,245.0,0.1599025679825122,0.1560718434291902,0.1660507701944341,0.1660568143008527,0.1558518921801216,0.1960661119128895
246,246.0,0.1590642418641402,0.1567812731824781,0.1670627758532196,0.1662773551015008,0.1551442476436982,0.1956701063549633
247,247.0,0.1582721813357895,0.1575091892921045,0.1680261674733087,0.1664494770012278,0.1544673338146388,0.1952756510829308
248,248.0,0.1582638074278683,0.1591591623740377,0.1685591884153859,0.1660604276552556,0.1534478626335136,0.194509551493939
249,249.0,0.1583001209316987,0.1608010584287991,0.1690388312521174,0.1656345003958995,0.1524695702616261,0.1937559187298593
250,250.0,0.157265178859956,0.1635303773096694,0.1694656373656705,0.1651796422870914,0.1515381217417714,0.1930210424358414
251,251.0,0.1562291891658254,0.1660495692083114,0.1694468051629263,0.16464258710956,0.1504899124069196,0.1931419369464573
252,252.0,0.1550431366290475,0.1680755753829449,0.1699067748066656,0.1637784309055957,0.1502964915202215,0.1928995907555248
253,253.0,0.1538399486653153,0.1699435149502851,0.1700173088400451,0.1629421128276627,0.1499728481700687,0.1932842665466232
254,254.0,0.1527015525151434,0.1702901255649982,0.1700849727564941,0.1635391912971418,0.1497001970480386,0.1936839608181839
255,255.0,0.1527592265850511,0.1702475904997164,0.1696188714340357,0.1638324437866851,0.149943198409572,0.1935986692849397
256,256.0,0.1528790508485952,0.1701272276950699,0.1691220973548403,0.1641212983913687,0.1502275273223676,0.1935227983877583
257,257.0,0.1531382608655564,0.1713482925336607,0.1685878147964122,0.1629564324771078,0.15053133700321,0.1934378623240529
258,258.0,0.1533891969658765,0.172440244465277,0.1685330065918295,0.161742108188866,0.150753134833661,0.1931423089544899
259,259.0,0.152024865824905,0.1742997639059887,0.17014378987127,0.1603186746801838,0.150723995595547,0.1924889101221053
260,260.0,0.1507097231924664,0.1760707846247649,0.1717267833678228,0.1589248486367636,0.150715732959534,0.191852127218648
261,261.0,0.149452001644032,0.1778508292653348,0.1732689361248111,0.1575716075725133,0.1507263418917723,0.1911302835015363
262,262.0,0.1482585362866856,0.1795254503082622,0.1747589106886215,0.1562684254001584,0.1507538291461141,0.1904348481701579
263,263.0,0.1471348361548919,0.1810884439028822,0.1761870251329336,0.155023328052233,0.1507962320178058,0.1897701347392532
264,264.0,0.1459787787486901,0.1825353428580792,0.1776515673039775,0.1538429580197733,0.1508516349163955,0.189139718153084
265,265.0,0.1448936217713144,0.1834752030751086,0.1798839379460284,0.1526234592970289,0.1501456896314982,0.1889780882790211
266,266.0,0.1438677518763024,0.1843841322572279,0.1820087893708133,0.1514616641576822,0.1494425808091851,0.1888350815287889
267,267.0,0.1429252358964729,0.1851791605318963,0.1840294407752845,0.1503792096684711,0.1487618848387892,0.1887250682890856
268,268.0,0.1420109975439401,0.185585339428724,0.1862096099209331,0.1493228202531082,0.1480520013386567,0.1888192315146377
269,269.0,0.1411819008900489,0.1858880415470761,0.188265389496031,0.1483510027489116,0.1473734973473121,0.1889401679706201
270,270.0,0.140416245068244,0.1861783504302147,0.190173626297621,0.1474478360092225,0.1467160594726903,0.1890678827220072
271,271.0,0.139734672450442,0.1853792157148917,0.1929435231628731,0.1466309505425129,0.146096719914855,0.1892149182144252
272,272.0,0.1390446813515114,0.1843257549262881,0.1953793969349505,0.1458089779852428,0.1463360440558877,0.1891051447461194
273,273.0,0.1384358317123727,0.1832175716432545,0.1976539275490861,0.1450724649538591,0.1466094086481277,0.1890107954932999
274,274.0,0.1379060978834381,0.1820712199480641,0.1997605040149327,0.144420230626087,0.1469106760005317,0.1889312715269462
275,275.0,0.1374528656219764,0.1809019801988847,0.2016948559826609,0.1438503694748431,0.1472340431635595,0.1888658855580753
276,276.0,0.1370730170938551,0.1797238335986068,0.2034548623824052,0.143360342793987,0.1475740664845182,0.1888138776466275
277,277.0,0.1371915838395926,0.1769780237269145,0.2054689291355379,0.1438042102604314,0.1473542515429768,0.1892030014945466
278,278.0,0.1373275695287609,0.1753075445906008,0.2072341640902808,0.1453312074373527,0.1460732644913027,0.1887262498617019
279,279.0,0.1375177017750087,0.173681532427507,0.2088222661237999,0.1469011083803344,0.1448164537948513,0.1882609374984987
280,280.0,0.1377546646001656,0.1721118006619419,0.2102350675078823,0.1484939237033407,0.1435939699250647,0.1878105736016047
281,281.0,0.13785650966503,0.1702505849161025,0.2113087097825854,0.1500184418574886,0.1424435167757326,0.1881222370030608
282,282.0,0.137971859786991,0.1685528024185886,0.2122023492252684,0.1515140230067492,0.1413288175715478,0.1884301479908549
283,283.0,0.138295931323861,0.1671210633534334,0.2131167230569733,0.1520918733171943,0.1404491172423041,0.1889252917062338
284,284.0,0.1386438971330662,0.1657823664823383,0.2138798998147666,0.1526415587981723,0.1396289986180857,0.1894232791535708
285,285.0,0.1387717928911857,0.1657312707450844,0.2142612722003662,0.1529223038397251,0.1386326094765368,0.1896807508471015
286,286.0,0.140343203788604,0.1657680984142317,0.2130809212128498,0.1531724807496653,0.1377018264750919,0.189933469359557
287,287.0,0.1416742546786076,0.1670741650629246,0.2115544417470233,0.1531545493339595,0.1366013015916597,0.1899412875858251
288,288.0,0.1429899567673236,0.1684380575552932,0.2099459971596616,0.1531097854536151,0.135573299977559,0.1899429030865474
289,289.0,0.1428501164854221,0.1698403543820461,0.2097084398373633,0.1530413199938994,0.1346208493219976,0.1899389199792713
290,290.0,0.1425762896473872,0.1721722830505683,0.2093862546218324,0.1530457750188087,0.1335997202052678,0.1892196774561353
291,291.0,0.1420302841728834,0.1748511108735475,0.209764047093258,0.1527772743989866,0.1324042417076933,0.1881730417536309
292,292.0,0.1414736740841989,0.1774988012157497,0.2101008337660225,0.1524946948090005,0.1312926996562303,0.1871392964687979
293,293.0,0.1409130859436385,0.1800919909218306,0.2103973473532641,0.1522022699417668,0.1302678158267823,0.1861274900127175
294,294.0,0.1402517095849816,0.1838818431799866,0.2097185028415157,0.1518010947208686,0.1292283593826284,0.1851184902900189
295,295.0,0.139459881172268,0.1874274238040591,0.2097056013977706,0.151259699512525,0.1281398257283244,0.1840075683850527
296,296.0,0.1393300288414951,0.1903528051613167,0.2101469757094639,0.1505356515806952,0.1269561392345596,0.1826783994724692
297,297.0,0.1390765464370696,0.192714995789111,0.211533188498339,0.1496837496063392,0.1257279449795106,0.1812635746896305
298,298.0,0.1388393317904008,0.1949216928541101,0.2128808937887888,0.148850298013453,0.1245969756818565,0.1799108078713906
299,299.0,0.1388817565348062,0.1965471868227518,0.2125895561868423,0.1482286549666873,0.1237516872257028,0.1800011582632094
300,300.0,0.1389390688473706,0.198010615792258,0.2122578115395768,0.1476356742237159,0.1230037825932793,0.1801530470037992
301,301.0,0.1390092068481525,0.1982024408617362,0.2118930179979968,0.1481855304727001,0.1223510024485373,0.180358801370877
302,302.0,0.1390901865883222,0.1982479041704944,0.2115021283869496,0.1487584414519545,0.1217903621441559,0.1806109772581232
303,303.0,0.1390690029854283,0.1979389650392947,0.2118694389872702,0.1491241503564374,0.1212071429880318,0.1807912996435374
304,304.0,0.1390560842098059,0.1989427245320165,0.2122154566718186,0.149499720304581,0.1207094350569006,0.1795765792248773
305,305.0,0.1390507329664843,0.1998321609056259,0.2115388505553264,0.149880409492538,0.1212936643075742,0.1784041817724511
306,306.0,0.1389613369237573,0.1999085134069996,0.212095402325816,0.1500800809226291,0.1217639765475473,0.1771906898732507
307,307.0,0.1406322594570578,0.1983899892360096,0.212796490417144,0.1504408136823141,0.1224530343814642,0.1752874128260103
308,308.0,0.1417372818499724,0.1984620838124247,0.2131967686424316,0.150519012637155,0.1229081909977097,0.1731766620603066
309,309.0,0.1428219438926106,0.1984650143157402,0.21357231520603,0.1505921491780879,0.1233982849518884,0.1711502924556429
310,310.0,0.1427663238884624,0.198405667848233,0.2150329589195832,0.1506599981810943,0.1239149215706652,0.1692201295919619
311,311.0,0.1425536931109348,0.1983413706221655,0.2174151795905561,0.1507931169806437,0.1235209872920998,0.1673756524036
312,312.0,0.1422291516724139,0.1988641697765635,0.2181289713424712,0.1507381928636319,0.1244855045227378,0.1655540098221817
313,313.0,0.1418889542352023,0.1993374004091091,0.2187833897990656,0.1506782157265215,0.1254590868354565,0.163852952994645
314,314.0,0.1422653411008139,0.199579468883844,0.2191051008325782,0.1505233815517843,0.1263401828080115,0.1621865248229681
315,315.0,0.1423740155114359,0.2001264386971698,0.2190395260403501,0.150036455986662,0.1267781478636114,0.1616454159007708
316,316.0,0.1424054555082545,0.2010745095242537,0.2187949225467504,0.149424390219717,0.1271384232689035,0.1611622989321208
317,317.0,0.1423698173854291,0.2023548597862183,0.2183971337623468,0.1487113134342957,0.127427922487613,0.160738953144097
318,318.0,0.1429426635046505,0.2032419708574687,0.2178691191077266,0.1479181205037629,0.1276526596480425,0.1603754663783486
319,319.0,0.1435002741233791,0.2040662955463638,0.217314895602172,0.1471464692576494,0.1278597207272729,0.1601123447431627
320,320.0,0.1440385966854768,0.2048258692442502,0.216742626365832,0.1464019220399743,0.1280488027226317,0.1599421829418349
321,321.0,0.1428824595992685,0.205215278383957,0.2169881214924315,0.1464606785665352,0.1284079440356838,0.1600455179221239
322,322.0,0.1415785267661035,0.2054026200773797,0.2168050283822891,0.1464086138269358,0.1286083402508224,0.1611968706964693
323,323.0,0.1402796170890091,0.2055312276522127,0.2166130367901806,0.1463823305951882,0.1287888619156873,0.1624049259577219
