,Unnamed: 0,Total_iterations,Intertwine_two,Add_vertex,Delete_vertex,Invert_path_vertices,Insert_inside_vertex,Delete_inside_vertex
0,0.0,0.0,0.16666666666666669,0.16666666666666669,0.16666666666666669,0.16666666666666669,0.16666666666666669,0.16666666666666669
1,1.0,0.10900000000000001,0.16666666666666669,0.16666666666666669,0.16666666666666669,0.16666666666666669,0.16666666666666669,0.16666666666666669
2,2.0,0.31601,0.16666666666666669,0.16666666666666669,0.16666666666666669,0.16666666666666669,0.16666666666666669,0.16666666666666669
3,3.0,0.6191589000000001,0.16666666666666669,0.16666666666666669,0.16666666666666669,0.16666666666666669,0.16666666666666669,0.16666666666666669
4,4.0,1.015801321,0.16666666666666669,0.16666666666666669,0.16666666666666669,0.16666666666666669,0.16666666666666669,0.16666666666666669
5,5.0,1.50262148669,0.16666666666666669,0.16666666666666669,0.16666666666666669,0.16666666666666669,0.16666666666666669,0.16666666666666669
6,6.0,2.0757334209441005,0.16666666666666669,0.16666666666666669,0.16666666666666669,0.16666666666666669,0.16666666666666669,0.16666666666666669
7,7.0,2.7307768275633495,0.16666666666666669,0.16666666666666669,0.16666666666666669,0.16666666666666669,0.16666666666666669,0.16666666666666669
8,8.0,3.4630081252450404,0.16666666666666669,0.16666666666666669,0.16666666666666669,0.16666666666666669,0.16666666666666669,0.16666666666666669
9,9.0,4.2673862119061114,0.16666666666666669,0.16666666666666669,0.16666666666666669,0.16666666666666669,0.16666666666666669,0.16666666666666669
10,10.0,5.138652627782014,0.16666666666666669,0.16666666666666669,0.16666666666666669,0.16666666666666669,0.16666666666666669,0.16666666666666669
11,11.0,6.071405875792507,0.16666666666666669,0.16666666666666669,0.16666666666666669,0.16666666666666669,0.16666666666666669,0.16666666666666669
12,12.0,7.060169740244025,0.16666666666666669,0.16666666666666669,0.16666666666666669,0.16666666666666669,0.16666666666666669,0.16666666666666669
13,13.0,8.099455520847952,0.16666666666666669,0.16666666666666669,0.16666666666666669,0.16666666666666669,0.16666666666666669,0.16666666666666669
14,14.0,9.183818168183006,0.16666666666666669,0.16666666666666669,0.16666666666666669,0.16666666666666669,0.16666666666666669,0.16666666666666669
15,15.0,10.307906369102724,0.16666666666666669,0.16666666666666669,0.16666666666666669,0.16666666666666669,0.16666666666666669,0.16666666666666669
16,16.0,11.466506686239443,0.16666666666666669,0.16666666666666669,0.16666666666666669,0.16666666666666669,0.16666666666666669,0.16666666666666669
17,17.0,12.654581904800096,0.16666666666666669,0.16666666666666669,0.16666666666666669,0.16666666666666669,0.16666666666666669,0.16666666666666669
18,18.0,13.867303782456686,0.16666666666666669,0.16666666666666669,0.16666666666666669,0.16666666666666669,0.16666666666666669,0.16666666666666669
19,19.0,15.100080434523047,0.16666666666666669,0.16666666666666669,0.16666666666666669,0.16666666666666669,0.16666666666666669,0.16666666666666669
20,20.0,16.348578617037543,0.16666666666666669,0.16666666666666669,0.16666666666666669,0.16666666666666669,0.16666666666666669,0.16666666666666669
21,21.0,17.608741195130214,0.16666666666666669,0.16666666666666669,0.16666666666666669,0.16666666666666669,0.16666666666666669,0.16666666666666669
22,22.0,18.876800103462312,0.16666666666666669,0.16666666666666669,0.16666666666666669,0.16666666666666669,0.16666666666666669,0.16666666666666669
23,23.0,20.14928511992658,0.16666666666666669,0.16666666666666669,0.16666666666666669,0.16666666666666669,0.16666666666666669,0.16666666666666669
24,24.0,21.423028783545156,0.16666666666666669,0.16666666666666669,0.16666666666666669,0.16666666666666669,0.16666666666666669,0.16666666666666669
25,25.0,22.695167792966423,0.16666666666666669,0.16666666666666669,0.16666666666666669,0.16666666666666669,0.16666666666666669,0.16666666666666669
26,26.0,23.963141223515898,0.16666666666666669,0.16666666666666669,0.16666666666666669,0.16666666666666669,0.16666666666666669,0.16666666666666669
27,27.0,25.224685898775267,0.16666666666666669,0.16666666666666669,0.16666666666666669,0.16666666666666669,0.16666666666666669,0.16666666666666669
28,28.0,26.477829247520948,0.16666666666666669,0.16666666666666669,0.16666666666666669,0.16666666666666669,0.16666666666666669,0.16666666666666669
29,29.0,27.720879968916847,0.16666666666666669,0.16666666666666669,0.16666666666666669,0.16666666666666669,0.16666666666666669,0.16666666666666669
30,30.0,28.95241681848399,0.16666666666666669,0.16666666666666669,0.16666666666666669,0.16666666666666669,0.16666666666666669,0.16666666666666669
31,31.0,30.17127581490958,0.16666666666666669,0.16666666666666669,0.16666666666666669,0.16666666666666669,0.16666666666666669,0.16666666666666669
32,32.0,31.376536153543515,0.16666666666666669,0.16666666666666669,0.16666666666666669,0.16666666666666669,0.16666666666666669,0.16666666666666669
33,33.0,32.567505096778625,0.16666666666666669,0.16666666666666669,0.16666666666666669,0.16666666666666669,0.16666666666666669,0.16666666666666669
34,34.0,33.74370209472243,0.16666666666666669,0.16666666666666669,0.16666666666666669,0.16666666666666669,0.16666666666666669,0.16666666666666669
35,35.0,34.90484237192463,0.16666666666666669,0.16666666666666669,0.16666666666666669,0.16666666666666669,0.16666666666666669,0.16666666666666669
36,36.0,36.05082019768737,0.16666666666666669,0.16666666666666669,0.16666666666666669,0.16666666666666669,0.16666666666666669,0.16666666666666669
37,37.0,37.18169203889697,0.16666666666666669,0.16666666666666669,0.16666666666666669,0.16666666666666669,0.16666666666666669,0.16666666666666669
38,38.0,38.29765977559663,0.16666666666666669,0.16666666666666669,0.16666666666666669,0.16666666666666669,0.16666666666666669,0.16666666666666669
39,39.0,39.399054140870355,0.16666666666666669,0.16666666666666669,0.16666666666666669,0.16666666666666669,0.16666666666666669,0.16666666666666669
40,40.0,40.48631852820801,0.16666666666666669,0.16666666666666669,0.16666666666666669,0.16666666666666669,0.16666666666666669,0.16666666666666669
41,41.0,41.55999329152982,0.16666666666666669,0.16666666666666669,0.16666666666666669,0.16666666666666669,0.16666666666666669,0.16666666666666669
42,42.0,42.62070064560415,0.16666666666666669,0.16666666666666669,0.16666666666666669,0.16666666666666669,0.16666666666666669,0.16666666666666669
43,43.0,43.669130257815,0.16666666666666669,0.16666666666666669,0.16666666666666669,0.16666666666666669,0.16666666666666669,0.16666666666666669
44,44.0,44.70602560622662,0.16666666666666669,0.16666666666666669,0.16666666666666669,0.16666666666666669,0.16666666666666669,0.16666666666666669
45,45.0,45.73217116373481,0.16666666666666669,0.16666666666666669,0.16666666666666669,0.16666666666666669,0.16666666666666669,0.16666666666666669
46,46.0,46.748380453854836,0.16666666666666669,0.16666666666666669,0.16666666666666669,0.16666666666666669,0.16666666666666669,0.16666666666666669
47,47.0,47.755485010424316,0.16666666666666669,0.16666666666666669,0.16666666666666669,0.16666666666666669,0.16666666666666669,0.16666666666666669
48,48.0,48.7543242612326,0.16666666666666669,0.16666666666666669,0.16666666666666669,0.16666666666666669,0.16666666666666669,0.16666666666666669
49,49.0,49.745736344347726,0.16666666666666669,0.16666666666666669,0.16666666666666669,0.16666666666666669,0.16666666666666669,0.16666666666666669
50,50.0,50.730549855707864,0.16666666666666669,0.16666666666666669,0.16666666666666669,0.16666666666666669,0.16666666666666669,0.16666666666666669
51,51.0,51.70957651737491,0.16666666666666669,0.16666666666666669,0.16666666666666669,0.16666666666666669,0.16666666666666669,0.16666666666666669
52,52.0,52.68360474770151,0.16666666666666669,0.16666666666666669,0.16666666666666669,0.16666666666666669,0.16666666666666669,0.16666666666666669
53,53.0,53.65339410751842,0.16666666666666669,0.16666666666666669,0.16666666666666669,0.16666666666666669,0.16666666666666669,0.16666666666666669
54,54.0,54.61967059027847,0.16666666666666669,0.16666666666666669,0.16666666666666669,0.16666666666666669,0.16666666666666669,0.16666666666666669
55,55.0,55.58312271885972,0.16666666666666669,0.16666666666666669,0.16666666666666669,0.16666666666666669,0.16666666666666669,0.16666666666666669
56,56.0,56.544398407394254,0.16666666666666669,0.16666666666666669,0.16666666666666669,0.16666666666666669,0.16666666666666669,0.16666666666666669
57,57.0,57.504102543001395,0.16666666666666669,0.16666666666666669,0.16666666666666669,0.16666666666666669,0.16666666666666669,0.16666666666666669
58,58.0,58.462795239617805,0.16666666666666669,0.16666666666666669,0.16666666666666669,0.16666666666666669,0.16666666666666669,0.16666666666666669
59,59.0,59.42099071417639,0.16666666666666669,0.16666666666666669,0.16666666666666669,0.16666666666666669,0.16666666666666669,0.16666666666666669
60,60.0,60.379156734137354,0.16666666666666669,0.16666666666666669,0.16666666666666669,0.16666666666666669,0.16666666666666669,0.16666666666666669
61,61.0,61.337714584760846,0.16666666666666669,0.16666666666666669,0.16666666666666669,0.16666666666666669,0.16666666666666669,0.16666666666666669
62,62.0,62.29703950447439,0.16666666666666669,0.16666666666666669,0.16666666666666669,0.16666666666666669,0.16666666666666669,0.16666666666666669
63,63.0,63.26746153717183,0.16666666666666669,0.16666666666666669,0.16666666666666669,0.16666666666666669,0.16666666666666669,0.16666666666666669
64,64.0,64.23916675122781,0.16666666666666669,0.16666666666666669,0.16666666666666669,0.16666666666666669,0.16666666666666669,0.16666666666666669
65,65.0,65.21230977636591,0.16666666666666669,0.16666666666666669,0.16666666666666669,0.16666666666666669,0.16666666666666669,0.16666666666666669
66,66.0,66.18701540122655,0.16666666666666669,0.16666666666666669,0.16666666666666669,0.16666666666666669,0.16666666666666669,0.16666666666666669
67,67.0,67.17338030958885,0.16666666666666669,0.16666666666666669,0.16666666666666669,0.16666666666666669,0.16666666666666669,0.16666666666666669
68,68.0,68.16137492401904,0.16666666666666669,0.16666666666666669,0.16666666666666669,0.16666666666666669,0.16666666666666669,0.16666666666666669
69,69.0,69.15095632776602,0.16666666666666669,0.16666666666666669,0.16666666666666669,0.16666666666666669,0.16666666666666669,0.16666666666666669
70,70.0,70.15207002786065,0.16666666666666669,0.16666666666666669,0.16666666666666669,0.16666666666666669,0.16666666666666669,0.16666666666666669
71,71.0,71.1645516576672,0.16666666666666669,0.16666666666666669,0.16666666666666669,0.16666666666666669,0.16666666666666669,0.16666666666666669
72,72.0,72.17813960791642,0.16666666666666669,0.16666666666666669,0.16666666666666669,0.16666666666666669,0.16666666666666669,0.16666666666666669
73,73.0,73.19258736706156,0.16666666666666669,0.16666666666666669,0.16666666666666669,0.16666666666666669,0.16666666666666669,0.16666666666666669
74,74.0,74.20766447662157,0.16666666666666669,0.16666666666666669,0.16666666666666669,0.16666666666666669,0.16666666666666669,0.16666666666666669
75,75.0,75.22315723045936,0.16666666666666669,0.16666666666666669,0.16666666666666669,0.16666666666666669,0.16666666666666669,0.16666666666666669
76,76.0,76.23886913660878,0.16666666666666669,0.16666666666666669,0.16666666666666669,0.16666666666666669,0.16666666666666669,0.16666666666666669
77,77.0,77.25462116077718,0.16666666666666669,0.16666666666666669,0.16666666666666669,0.16666666666666669,0.16666666666666669,0.16666666666666669
78,78.0,78.28025177092096,0.16666666666666669,0.16666666666666669,0.16666666666666669,0.16666666666666669,0.16666666666666669,0.16666666666666669
79,79.0,79.32551680234114,0.16666666666666669,0.16666666666666669,0.16666666666666669,0.16666666666666669,0.16666666666666669,0.16666666666666669
80,80.0,80.37000016259589,0.16666666666666669,0.16666666666666669,0.16666666666666669,0.16666666666666669,0.16666666666666669,0.16666666666666669
81,81.0,81.41333518519922,0.16666666666666669,0.16666666666666669,0.16666666666666669,0.16666666666666669,0.16666666666666669,0.16666666666666669
82,82.0,82.45520335369021,0.16666666666666669,0.16666666666666669,0.16666666666666669,0.16666666666666669,0.16666666666666669,0.16666666666666669
83,83.0,83.5053326717952,0.16666666666666669,0.16666666666666669,0.16666666666666669,0.16666666666666669,0.16666666666666669,0.16666666666666669
84,84.0,84.56339573137174,0.16666666666666669,0.16666666666666669,0.16666666666666669,0.16666666666666669,0.16666666666666669,0.16666666666666669
85,85.0,85.61901852767691,0.16666666666666669,0.16666666666666669,0.16666666666666669,0.16666666666666669,0.16666666666666669,0.16666666666666669
86,86.0,86.6718888590748,0.16666666666666669,0.16666666666666669,0.16666666666666669,0.16666666666666669,0.16666666666666669,0.16666666666666669
87,87.0,87.72175326874215,0.16666666666666669,0.16666666666666669,0.16666666666666669,0.16666666666666669,0.16666666666666669,0.16666666666666669
88,88.0,88.76841370475535,0.16666666666666669,0.16666666666666669,0.16666666666666669,0.16666666666666669,0.16666666666666669,0.16666666666666669
89,89.0,89.81172396011966,0.16666666666666669,0.16666666666666669,0.16666666666666669,0.16666666666666669,0.16666666666666669,0.16666666666666669
90,90.0,90.85158595034636,0.16666666666666669,0.16666666666666669,0.16666666666666669,0.16666666666666669,0.16666666666666669,0.16666666666666669
91,91.0,91.89794588204693,0.16666666666666669,0.16666666666666669,0.16666666666666669,0.16666666666666669,0.16666666666666669,0.16666666666666669
92,92.0,92.94069036175696,0.16666666666666669,0.16666666666666669,0.16666666666666669,0.16666666666666669,0.16666666666666669,0.16666666666666669
93,93.0,93.97975348987843,0.16666666666666669,0.16666666666666669,0.16666666666666669,0.16666666666666669,0.16666666666666669,0.16666666666666669
94,94.0,95.01511277028897,0.16666666666666669,0.16666666666666669,0.16666666666666669,0.16666666666666669,0.16666666666666669,0.16666666666666669
95,95.0,96.04678499495554,0.16666666666666669,0.16666666666666669,0.16666666666666669,0.16666666666666669,0.16666666666666669,0.16666666666666669
96,96.0,97.07482214720592,0.16666666666666669,0.16666666666666669,0.16666666666666669,0.16666666666666669,0.16666666666666669,0.16666666666666669
97,97.0,98.09930736275919,0.16666666666666669,0.16666666666666669,0.16666666666666669,0.16666666666666669,0.16666666666666669,0.16666666666666669
98,98.0,99.12035098312957,0.16666666666666669,0.16666666666666669,0.16666666666666669,0.16666666666666669,0.16666666666666669,0.16666666666666669
99,99.0,100.1380867316316,0.16666666666666669,0.16666666666666669,0.16666666666666669,0.16666666666666669,0.16666666666666669,0.16666666666666669
100,100.0,101.15266803796712,0.16666666666666669,0.16666666666666669,0.16666666666666669,0.16666666666666669,0.16666666666666669,0.16666666666666669
101,101.0,102.16426453328941,0.16666666666666669,0.16666666666666669,0.16666666666666669,0.16666666666666669,0.16666666666666669,0.16666666666666669
102,102.0,103.17305873374657,0.16666666666666669,0.16666666666666669,0.16666666666666669,0.16666666666666669,0.16666666666666669,0.16666666666666669
103,103.0,104.17924292682055,0.16666666666666669,0.16666666666666669,0.16666666666666669,0.16666666666666669,0.16666666666666669,0.16666666666666669
104,104.0,105.18301627131892,0.16666666666666669,0.16666666666666669,0.16666666666666669,0.16666666666666669,0.16666666666666669,0.16666666666666669
105,105.0,106.18458211865428,0.16666666666666669,0.16666666666666669,0.16666666666666669,0.16666666666666669,0.16666666666666669,0.16666666666666669
106,106.0,107.18414556006955,0.16666666666666669,0.16666666666666669,0.16666666666666669,0.16666666666666669,0.16666666666666669,0.16666666666666669
107,107.0,108.1819112017426,0.16666666666666669,0.16666666666666669,0.16666666666666669,0.16666666666666669,0.16666666666666669,0.16666666666666669
108,108.0,109.17808116723091,0.16666666666666669,0.16666666666666669,0.16666666666666669,0.16666666666666669,0.16666666666666669,0.16666666666666669
109,109.0,110.17285332449809,0.16666666666666669,0.16666666666666669,0.16666666666666669,0.16666666666666669,0.16666666666666669,0.16666666666666669
110,110.0,111.16641973279357,0.16666666666666669,0.16666666666666669,0.16666666666666669,0.16666666666666669,0.16666666666666669,0.16666666666666669
111,111.0,112.15896530293158,0.16666666666666669,0.16666666666666669,0.16666666666666669,0.16666666666666669,0.16666666666666669,0.16666666666666669
112,112.0,113.15066666302646,0.16666666666666669,0.16666666666666669,0.16666666666666669,0.16666666666666669,0.16666666666666669,0.16666666666666669
113,113.0,114.14169122048159,0.16666666666666669,0.16666666666666669,0.16666666666666669,0.16666666666666669,0.16666666666666669,0.16666666666666669
114,114.0,115.13219640998639,0.16666666666666669,0.16666666666666669,0.16666666666666669,0.16666666666666669,0.16666666666666669,0.16666666666666669
115,115.0,116.12232911644085,0.16666666666666669,0.16666666666666669,0.16666666666666669,0.16666666666666669,0.16666666666666669,0.16666666666666669
116,116.0,117.11222526108546,0.16666666666666669,0.16666666666666669,0.16666666666666669,0.16666666666666669,0.16666666666666669,0.16666666666666669
117,117.0,118.10200953865474,0.16666666666666669,0.16666666666666669,0.16666666666666669,0.16666666666666669,0.16666666666666669,0.16666666666666669
118,118.0,119.10179529308056,0.16666666666666669,0.16666666666666669,0.16666666666666669,0.16666666666666669,0.16666666666666669,0.16666666666666669
119,119.0,120.101584519133,0.16666666666666669,0.16666666666666669,0.16666666666666669,0.16666666666666669,0.16666666666666669,0.16666666666666669
120,120.0,121.10137897738885,0.16666666666666669,0.16666666666666669,0.16666666666666669,0.16666666666666669,0.16666666666666669,0.16666666666666669
121,121.0,122.10118020004523,0.16666666666666669,0.16666666666666669,0.16666666666666669,0.16666666666666669,0.16666666666666669,0.16666666666666669
122,122.0,123.10098949843554,0.16666666666666669,0.16666666666666669,0.16666666666666669,0.16666666666666669,0.16666666666666669,0.16666666666666669
123,123.0,124.10080797200244,0.16666666666666669,0.16666666666666669,0.16666666666666669,0.16666666666666669,0.16666666666666669,0.16666666666666669
124,124.0,125.10063651849264,0.16666666666666669,0.16666666666666669,0.16666666666666669,0.16666666666666669,0.16666666666666669,0.16666666666666669
125,125.0,126.10047584514888,0.16666666666666669,0.16666666666666669,0.16666666666666669,0.16666666666666669,0.16666666666666669,0.16666666666666669
126,126.0,127.10032648068801,0.16666666666666669,0.16666666666666669,0.16666666666666669,0.16666666666666669,0.16666666666666669,0.16666666666666669
127,127.0,128.11018878786635,0.16666666666666669,0.16666666666666669,0.16666666666666669,0.16666666666666669,0.16666666666666669,0.16666666666666669
128,128.0,129.1199629764482,0.16666666666666669,0.16666666666666669,0.16666666666666669,0.16666666666666669,0.16666666666666669,0.16666666666666669
129,129.0,130.12956011640736,0.16666666666666669,0.16666666666666669,0.16666666666666669,0.16666666666666669,0.16666666666666669,0.16666666666666669
130,130.0,131.13890194120654,0.16666666666666669,0.16666666666666669,0.16666666666666669,0.16666666666666669,0.16666666666666669,0.16666666666666669
131,131.0,132.14792056411375,0.16666666666666669,0.16666666666666669,0.16666666666666669,0.16666666666666669,0.16666666666666669,0.16666666666666669
132,132.0,133.15655811908908,0.16666666666666669,0.16666666666666669,0.16666666666666669,0.16666666666666669,0.16666666666666669,0.16666666666666669
133,133.0,134.164766337376,0.16666666666666669,0.16666666666666669,0.16666666666666669,0.16666666666666669,0.16666666666666669,0.16666666666666669
134,134.0,135.17250607046049,0.16666666666666669,0.16666666666666669,0.16666666666666669,0.16666666666666669,0.16666666666666669,0.16666666666666669
135,135.0,136.1797467695319,0.16666666666666669,0.16666666666666669,0.16666666666666669,0.16666666666666669,0.16666666666666669,0.16666666666666669
136,136.0,137.18646593100087,0.16666666666666669,0.16666666666666669,0.16666666666666669,0.16666666666666669,0.16666666666666669,0.16666666666666669
137,137.0,138.1926485170129,0.16666666666666669,0.16666666666666669,0.16666666666666669,0.16666666666666669,0.16666666666666669,0.16666666666666669
138,138.0,139.19828635925361,0.16666666666666669,0.16666666666666669,0.16666666666666669,0.16666666666666669,0.16666666666666669,0.16666666666666669
139,139.0,140.20337755367774,0.16666666666666669,0.16666666666666669,0.16666666666666669,0.16666666666666669,0.16666666666666669,0.16666666666666669
140,140.0,141.21792585312267,0.16666666666666669,0.16666666666666669,0.16666666666666669,0.16666666666666669,0.16666666666666669,0.16666666666666669
141,141.0,142.23184006409184,0.16666666666666669,0.16666666666666669,0.16666666666666669,0.16666666666666669,0.16666666666666669,0.16666666666666669
142,142.0,143.24504445332323,0.16666666666666669,0.16666666666666669,0.16666666666666669,0.16666666666666669,0.16666666666666669,0.16666666666666669
143,143.0,144.25747795909822,0.16666666666666669,0.16666666666666669,0.16666666666666669,0.16666666666666669,0.16666666666666669,0.16666666666666669
144,144.0,145.28909333470477,0.16666666666666669,0.16666666666666669,0.16666666666666669,0.16666666666666669,0.16666666666666669,0.16666666666666669
145,145.0,146.3196562394036,0.16666666666666669,0.16666666666666669,0.16666666666666669,0.16666666666666669,0.16666666666666669,0.16666666666666669
146,146.0,147.3489662912385,0.16666666666666669,0.16666666666666669,0.16666666666666669,0.16666666666666669,0.16666666666666669,0.16666666666666669
147,147.0,148.37685567497752,0.16666666666666669,0.16666666666666669,0.16666666666666669,0.16666666666666669,0.16666666666666669,0.16666666666666669
148,148.0,149.41318756359288,0.16666666666666669,0.16666666666666669,0.16666666666666669,0.16666666666666669,0.16666666666666669,0.16666666666666669
149,149.0,150.44775438771077,0.16666666666666669,0.16666666666666669,0.16666666666666669,0.16666666666666669,0.16666666666666669,0.16666666666666669
150,150.0,151.48038698553975,0.16666666666666669,0.16666666666666669,0.16666666666666669,0.16666666666666669,0.16666666666666669,0.16666666666666669
151,151.0,152.52095245373047,0.16666666666666669,0.16666666666666669,0.16666666666666669,0.16666666666666669,0.16666666666666669,0.16666666666666669
152,152.0,153.5592518505648,0.16666666666666669,0.16666666666666669,0.16666666666666669,0.16666666666666669,0.16666666666666669,0.16666666666666669
153,153.0,154.59512878921004,0.16666666666666669,0.16666666666666669,0.16666666666666669,0.16666666666666669,0.16666666666666669,0.16666666666666669
154,154.0,155.62846674609864,0.16666666666666669,0.16666666666666669,0.16666666666666669,0.16666666666666669,0.16666666666666669,0.16666666666666669
155,155.0,156.66918623983742,0.16666666666666669,0.16666666666666669,0.16666666666666669,0.16666666666666669,0.16666666666666669,0.16666666666666669
156,156.0,157.71714192180394,0.16666666666666669,0.16666666666666669,0.16666666666666669,0.16666666666666669,0.16666666666666669,0.16666666666666669
157,157.0,158.76213061635576,0.16666666666666669,0.16666666666666669,0.16666666666666669,0.16666666666666669,0.16666666666666669,0.16666666666666669
158,158.0,159.80399913528885,0.16666666666666669,0.16666666666666669,0.16666666666666669,0.16666666666666669,0.16666666666666669,0.16666666666666669
159,159.0,160.84264081097572,0.16666666666666669,0.16666666666666669,0.16666666666666669,0.16666666666666669,0.16666666666666669,0.16666666666666669
160,160.0,161.87799191098418,0.16666666666666669,0.16666666666666669,0.16666666666666669,0.16666666666666669,0.16666666666666669,0.16666666666666669
161,161.0,162.91002798188194,0.16666666666666669,0.16666666666666669,0.16666666666666669,0.16666666666666669,0.16666666666666669,0.16666666666666669
162,162.0,163.9387601658711,0.16666666666666669,0.16666666666666669,0.16666666666666669,0.16666666666666669,0.16666666666666669,0.16666666666666669
163,163.0,164.96423152980265,0.16666666666666669,0.16666666666666669,0.16666666666666669,0.16666666666666669,0.16666666666666669,0.16666666666666669
164,164.0,165.99651344204298,0.16666666666666669,0.16666666666666669,0.16666666666666669,0.16666666666666669,0.16666666666666669,0.16666666666666669
165,165.0,167.02560202863887,0.16666666666666669,0.16666666666666669,0.16666666666666669,0.16666666666666669,0.16666666666666669,0.16666666666666669
166,166.0,168.0515257362888,0.16666666666666669,0.16666666666666669,0.16666666666666669,0.16666666666666669,0.16666666666666669,0.16666666666666669
167,167.0,169.07434181581084,0.16666666666666669,0.16666666666666669,0.16666666666666669,0.16666666666666669,0.16666666666666669,0.16666666666666669
168,168.0,170.09413286922256,0.16666666666666669,0.16666666666666669,0.16666666666666669,0.16666666666666669,0.16666666666666669,0.16666666666666669
169,169.0,171.1110034886009,0.16666666666666669,0.16666666666666669,0.16666666666666669,0.16666666666666669,0.16666666666666669,0.16666666666666669
170,170.0,172.12507701115535,0.16666666666666669,0.16666666666666669,0.16666666666666669,0.16666666666666669,0.16666666666666669,0.16666666666666669
171,171.0,173.13649241134283,0.16666666666666669,0.16666666666666669,0.16666666666666669,0.16666666666666669,0.16666666666666669,0.16666666666666669
172,172.0,174.14540134739815,0.16666666666666669,0.16666666666666669,0.16666666666666669,0.16666666666666669,0.16666666666666669,0.16666666666666669
173,173.0,175.15196537637394,0.16666666666666669,0.16666666666666669,0.16666666666666669,0.16666666666666669,0.16666666666666669,0.16666666666666669
174,174.0,176.1563533486884,0.16666666666666669,0.16666666666666669,0.16666666666666669,0.16666666666666669,0.16666666666666669,0.16666666666666669
175,175.0,177.15873899028455,0.16666666666666669,0.16666666666666669,0.16666666666666669,0.16666666666666669,0.16666666666666669,0.16666666666666669
176,176.0,178.15929867781824,0.16666666666666669,0.16666666666666669,0.16666666666666669,0.16666666666666669,0.16666666666666669,0.16666666666666669
177,177.0,179.1582094098204,0.16666666666666669,0.16666666666666669,0.16666666666666669,0.16666666666666669,0.16666666666666669,0.16666666666666669
178,178.0,180.1656469745241,0.16666666666666669,0.16666666666666669,0.16666666666666669,0.16666666666666669,0.16666666666666669,0.16666666666666669
179,179.0,181.17168431301218,0.16666666666666669,0.16666666666666669,0.16666666666666669,0.16666666666666669,0.16666666666666669,0.16666666666666669
180,180.0,182.18640107452134,0.16666666666666669,0.16666666666666669,0.16666666666666669,0.16666666666666669,0.16666666666666669,0.16666666666666669
181,181.0,183.19978214913436,0.16666666666666669,0.16666666666666669,0.16666666666666669,0.16666666666666669,0.16666666666666669,0.16666666666666669
182,182.0,184.21182729479474,0.16666666666666669,0.16666666666666669,0.16666666666666669,0.16666666666666669,0.16666666666666669,0.16666666666666669
183,183.0,185.22254965294118,0.16666666666666669,0.16666666666666669,0.16666666666666669,0.16666666666666669,0.16666666666666669,0.16666666666666669
184,184.0,186.23197427874356,0.16666666666666669,0.16666666666666669,0.16666666666666669,0.16666666666666669,0.16666666666666669,0.16666666666666669
185,185.0,187.24013669917827,0.16666666666666669,0.16666666666666669,0.16666666666666669,0.16666666666666669,0.16666666666666669,0.16666666666666669
186,186.0,188.2470815105777,0.16666666666666669,0.16666666666666669,0.16666666666666669,0.16666666666666669,0.16666666666666669,0.16666666666666669
187,187.0,189.2528610257314,0.16666666666666669,0.16666666666666669,0.16666666666666669,0.16666666666666669,0.16666666666666669,0.16666666666666669
188,188.0,190.25753397911242,0.16666666666666669,0.16666666666666669,0.16666666666666669,0.16666666666666669,0.16666666666666669,0.16666666666666669
189,189.0,191.26116429736422,0.16666666666666669,0.16666666666666669,0.16666666666666669,0.16666666666666669,0.16666666666666669,0.16666666666666669
190,190.0,192.2638199408172,0.16666666666666669,0.16666666666666669,0.16666666666666669,0.16666666666666669,0.16666666666666669,0.16666666666666669
191,191.0,193.2655718205167,0.16666666666666669,0.16666666666666669,0.16666666666666669,0.16666666666666669,0.16666666666666669,0.16666666666666669
192,192.0,194.26649279404108,0.16666666666666669,0.16666666666666669,0.16666666666666669,0.16666666666666669,0.16666666666666669,0.16666666666666669
193,193.0,195.26665674227263,0.16666666666666669,0.16666666666666669,0.16666666666666669,0.16666666666666669,0.16666666666666669,0.16666666666666669
194,194.0,196.26613772825831,0.16666666666666669,0.16666666666666669,0.16666666666666669,0.16666666666666669,0.16666666666666669,0.16666666666666669
195,195.0,197.26500923836284,0.16666666666666669,0.16666666666666669,0.16666666666666669,0.16666666666666669,0.16666666666666669,0.16666666666666669
196,196.0,198.26334350507327,0.16666666666666669,0.16666666666666669,0.16666666666666669,0.16666666666666669,0.16666666666666669,0.16666666666666669
197,197.0,199.27121091006194,0.16666666666666669,0.16666666666666669,0.16666666666666669,0.16666666666666669,0.16666666666666669,0.16666666666666669
198,198.0,200.27857946545112,0.16666666666666669,0.16666666666666669,0.16666666666666669,0.16666666666666669,0.16666666666666669,0.16666666666666669
199,199.0,201.28542537064686,0.16619047619047622,0.16761904761904764,0.16619047619047622,0.16619047619047622,0.16761904761904764,0.16619047619047622
200,200.0,202.2917324316166,0.1667309523809524,0.16921666666666668,0.16530238095238098,0.16530238095238098,0.1681452380952381,0.16530238095238098
201,201.0,203.30749146217318,0.16661554761904762,0.1713849761904762,0.1637726904761905,0.16520126190476192,0.16925283333333335,0.1637726904761905
202,202.0,204.32259967505234,0.16632171833333334,0.17333093833333338,0.16209157547619052,0.16475586119047622,0.1714083311904762,0.16209157547619052
203,203.0,205.33697106989308,0.1646023881261905,0.17664661392619052,0.16045170384047625,0.16432648955476195,0.17352110071190474,0.16045170384047625
204,204.0,206.35053561455084,0.16294269721723018,0.17866584312208733,0.15890503248865878,0.16492774256802384,0.17422508068676984,0.1603336039172302
205,205.0,207.3632383485973,0.16238899287143804,0.18023022112590376,0.1572434223915809,0.165361259520946,0.17468982455569343,0.16008627953443805
206,206.0,208.38503842575312,0.16107827696801866,0.18173070038792077,0.1589691898739458,0.1650065423420966,0.1743016719826439,0.15891361844537438
207,207.0,209.40580811093582,0.15925808798049912,0.18256739614842832,0.16129975220139825,0.16410469177517154,0.17441963540739033,0.15835043648711256
208,208.0,210.42544274649092,0.15749757510716467,0.18329831979997227,0.16365132426615497,0.16321943966464758,0.17449192359590568,0.157841417566155
209,209.0,211.4438594910256,0.155697264754219,0.18448229487248907,0.16588717826272686,0.16224686757487874,0.1744112700788168,0.15727512445686975
210,210.0,212.46099596619655,0.1538882306822436,0.18601672192770174,0.16800561836705757,0.16121452413377813,0.17420286647094588,0.15667203841827332
211,211.0,213.47680883418843,0.1509212537856794,0.18869212058769763,0.1700790197491461,0.16022052809270806,0.17396338999926803,0.15612368778550098
212,212.0,214.50127232703926,0.1480667981159509,0.1912426397053985,0.17351972369596724,0.15927098467207623,0.17226977128630933,0.15563008252429805
213,213.0,215.5242767473346,0.14548104499596065,0.19504415093274574,0.1770097675147541,0.15628761071071182,0.17084785280681947,0.15532957303900852
214,214.0,216.54573795812703,0.1431288907928439,0.19822899449195577,0.18047522587103132,0.15346953209321076,0.16952559281315557,0.15517176393780302
215,215.0,217.56559566825896,0.14065919845564573,0.2006029627402242,0.18460403259761698,0.15047710137006304,0.1688640402644639,0.1547926645719865
216,216.0,218.5838116506951,0.13817237976010732,0.20261463729239634,0.18945966868631825,0.14742163909802586,0.1680495191625133,0.1542821560006393
217,217.0,219.60036791838073,0.13571684092584346,0.20430195616938546,0.19370065674479847,0.14436182845153395,0.16823840808158574,0.15368030962685328
218,218.0,220.61526488011395,0.13379615221221222,0.2038411960356542,0.19825676598120923,0.14306084523164053,0.16881061998753105,0.1522344205517531
219,219.0,221.6285194968727,0.13173714660539773,0.2027235977904374,0.20197354223301245,0.1439530387501069,0.1690832115737136,0.1505294630473323
220,220.0,222.64016345698687,0.12985996013650075,0.2025835609098754,0.20432235421075398,0.14497088368362673,0.1693691332419621,0.14889410781728143
221,221.0,223.65024138651972,0.1281595568773749,0.2025877394715967,0.20729977323190787,0.14608601056231585,0.16916770894178973,0.1466992109150153
222,222.0,224.66880910923413,0.12640223059267836,0.20367543747547243,0.20866902134385426,0.14815561908702557,0.16873842771798306,0.1443592637829867
223,223.0,225.68583196858475,0.1257858500224183,0.2043663148861373,0.20921214379131506,0.1507659459602877,0.16803297124974673,0.1418367740900953
224,224.0,226.71129422231448,0.12524728959565887,0.20577204109270186,0.20934593230587462,0.15303389400059225,0.16725581682101126,0.1393450261841615
225,225.0,227.73509730844805,0.12486597108413577,0.2070707103171468,0.2092736187593138,0.15529829433810471,0.16650372395393215,0.13698768154736707
226,226.0,228.75716911288382,0.12526057511203226,0.20568284098823914,0.21098046145713523,0.1581674493703208,0.16450320814251523,0.13540546492975764
227,227.0,229.77746204574714,0.12578203091759493,0.20296044617408365,0.21250394388039,0.15973465960991548,0.1637997661899578,0.13521915322805833
228,228.0,230.7959510648667,0.12644021654277934,0.2039669801491245,0.2134305005656356,0.16126722521153275,0.1608123917965662,0.13408268573436183
229,229.0,231.82263167142563,0.12730098826048256,0.20398261600782297,0.21379414437840627,0.16372323447790366,0.15801046306146885,0.1331885538139159
230,230.0,232.84741790061437,0.12823547974427565,0.2039494690214081,0.2139998028950946,0.16609032840443458,0.15530345470618728,0.13242146522859993
231,231.0,233.87025132787812,0.129144963049048,0.20502430731635216,0.2130701160973872,0.16827171653218048,0.15258414534680442,0.1319047516582278
232,232.0,234.89109889913672,0.13144946796076515,0.20446909486659617,0.21164111927239213,0.1702622079322822,0.15075085342143948,0.13142725654652493
233,233.0,235.91995072427807,0.13481592334909154,0.20437660354532236,0.21076965188370653,0.17164839995091574,0.1487843979070321,0.12960502336393181
234,234.0,236.9467178596625,0.13810721686523023,0.20408472791113696,0.2102616976396083,0.1728546078587888,0.14684825422312514,0.12784349550211066
235,235.0,237.97134110291188,0.1412997832630701,0.20362181965716752,0.20940466608676103,0.1745552661563969,0.1449624156271706,0.12615604920943396
236,236.0,238.9937886108072,0.14477156959046267,0.20331675398507504,0.20867774955728235,0.17630535179321902,0.1421549957106185,0.12477357936334263
237,237.0,240.01405348180492,0.14831707884832157,0.2021032258648212,0.20809306285698737,0.17810027832182265,0.13968908394755122,0.12369727016049617
238,238.0,241.03215133088483,0.15173276936530727,0.2008877882509962,0.20748151558424632,0.17975689810202933,0.13739447435453672,0.12274655434288428
239,239.0,242.04811788174788,0.15513635499922615,0.19982167535798429,0.20837968704680906,0.17918914227754335,0.13541587169938876,0.1220572686190485
240,240.0,243.06200659870717,0.1581914389534743,0.1984184729854914,0.20907405222794812,0.17832155453850745,0.13343788988630073,0.12255659140827817
241,241.0,244.07388637798346,0.1594955745247302,0.19788068400995246,0.20959987350081988,0.17864319077916377,0.1315020720460229,0.12287860513931093
242,242.0,245.09383931555226,0.160724093583859,0.19768483728911976,0.2099399008896762,0.17907632615855043,0.12918445739557446,0.12339038468322026
243,243.0,246.11185856620864,0.16160139347060296,0.19859320255923651,0.21006920361892018,0.17906372116724234,0.12687552264159785,0.1237969565424003
244,244.0,247.12795730613732,0.1623145373890474,0.1995219892542209,0.2101682754129349,0.17897150446365057,0.12475820342769994,0.12426549005244646
245,245.0,248.14216659901177,0.16273392060794895,0.20032097847574742,0.21093359309174758,0.17866967049715055,0.12269562250312292,0.12464621482428277
246,246.0,249.15453329660866,0.1628436691990167,0.20084421380300033,0.21194670917092057,0.17808619811269688,0.12066187568212433,0.1256173340322414
247,247.0,250.16511799147978,0.16282309968857392,0.20136238992048608,0.21291996539687885,0.17745398697483053,0.11882386757200687,0.12661669044722393
248,248.0,251.18399303694898,0.16291200080842733,0.20098627110344666,0.21493708128215042,0.1758996731857116,0.11740695560933481,0.1278580180109294
249,249.0,252.20114064750177,0.16295777169358394,0.1986246324490894,0.2204463712748228,0.17331881678616312,0.11642100593679698,0.12823140185954393
250,250.0,253.22656209052428,0.1629074494768437,0.1962821098601572,0.22584547311617725,0.1707473481336911,0.11561524935457286,0.12860237005855807
251,251.0,254.2501757683393,0.1625681552375723,0.19474944772522762,0.23050380776532514,0.16863739356746305,0.11477673266646188,0.12876446303795022
252,252.0,255.2719263206894,0.1621548714281078,0.193268678927942,0.2349777147488418,0.16657928583990142,0.11409980935762613,0.128919639697581
253,253.0,256.3017825545976,0.16150055841499278,0.19149227896536597,0.2403123263348838,0.16440984991584381,0.11339651789465502,0.12888846847425875
254,254.0,257.329635339569,0.16086067909854027,0.18985310608918543,0.2458526581817704,0.16161749905476647,0.11290134485740864,0.1289147127183289
255,255.0,258.3554064926476,0.1600039251659848,0.18922867669437007,0.25201174593395925,0.15763738110391495,0.11236216639742326,0.12875610470434778
256,256.0,259.37904646549185,0.1590101547928654,0.18924003056800132,0.25775144058371574,0.15367767712637836,0.1118383780161758,0.12848231891286346
257,257.0,260.40053197639673,0.1579120982360606,0.18977802129904364,0.2630653754038764,0.14978503367369153,0.11134276949869584,0.12811670188863203
258,258.0,261.41986361644723,0.1568129828613251,0.19037551438535466,0.26802480521101746,0.1460734893097145,0.11095929712559963,0.1277539111069887
259,259.0,262.4370634563282,0.1555850168153105,0.18963169577165545,0.2745600306528138,0.14242316068032718,0.11054169311729087,0.1272584029626022
260,260.0,263.45217267765776,0.15420412240136244,0.18876389238984165,0.28156933203259416,0.13881518707412202,0.11004830425313146,0.12659916184894832
261,261.0,264.4652492500778,0.15247562795164024,0.18666031639267847,0.2888040759866295,0.13505763927606942,0.11017696036766554,0.12682538002531685
262,262.0,265.4763656727551,0.1491112104488506,0.18544339465448634,0.29542478207336526,0.13164839650368101,0.11120562061832863,0.1271665957012882
263,263.0,266.4856067964371,0.14582271676293854,0.18430124135636045,0.3015678807848978,0.12849418821458175,0.11229860837861158,0.1275153645026099
264,264.0,267.49306773978645,0.14283745965109565,0.18380345775293203,0.30675505540698567,0.12580307324535392,0.11273149031287887,0.1280694636307539
265,265.0,268.49885191140305,0.13997314984521522,0.18338149380167468,0.31144820842053433,0.1233738352318845,0.11320231182075302,0.12862100087993836
266,266.0,269.503069146744,0.1373220932885174,0.1837441083890051,0.3137255680320197,0.1212803364344899,0.11468741921464311,0.12924047464132493
267,267.0,270.5058339670834,0.13463442471660042,0.182552868308842,0.31790067303026626,0.11925488741448609,0.1172473005087763,0.12840984602102906
268,268.0,271.50726396571804,0.13201795474397807,0.18224714935081426,0.3220699199045376,0.11738821041160674,0.11879206131836878,0.12748470427069467
269,269.0,272.50747832483205,0.1295735463922653,0.182005092955925,0.32578311108939756,0.11576491317598639,0.1203077660837787,0.12656557030264715
