Total_iterations,Unnamed: 0.1,Intertwine_two,Add_vertex,Delete_vertex,Invert_path_vertices,Insert_inside_vertex,Delete_inside_vertex
0,0.0,0.1666666666666666,0.1666666666666666,0.1666666666666666,0.1666666666666666,0.1666666666666666,0.1666666666666666
1,1.0,0.1666666666666666,0.1666666666666666,0.1666666666666666,0.1666666666666666,0.1666666666666666,0.1666666666666666
2,2.0,0.1666666666666666,0.1666666666666666,0.1666666666666666,0.1666666666666666,0.1666666666666666,0.1666666666666666
3,3.0,0.1666666666666666,0.1666666666666666,0.1666666666666666,0.1666666666666666,0.1666666666666666,0.1666666666666666
4,4.0,0.1666666666666666,0.1666666666666666,0.1666666666666666,0.1666666666666666,0.1666666666666666,0.1666666666666666
5,5.0,0.1666666666666666,0.1666666666666666,0.1666666666666666,0.1666666666666666,0.1666666666666666,0.1666666666666666
6,6.0,0.1666666666666666,0.1666666666666666,0.1666666666666666,0.1666666666666666,0.1666666666666666,0.1666666666666666
7,7.0,0.1666666666666666,0.1666666666666666,0.1666666666666666,0.1666666666666666,0.1666666666666666,0.1666666666666666
8,8.0,0.1666666666666666,0.1666666666666666,0.1666666666666666,0.1666666666666666,0.1666666666666666,0.1666666666666666
9,9.0,0.1666666666666666,0.1666666666666666,0.1666666666666666,0.1666666666666666,0.1666666666666666,0.1666666666666666
10,10.0,0.1666666666666666,0.1666666666666666,0.1666666666666666,0.1666666666666666,0.1666666666666666,0.1666666666666666
11,11.0,0.1666666666666666,0.1666666666666666,0.1666666666666666,0.1666666666666666,0.1666666666666666,0.1666666666666666
12,12.0,0.1666666666666666,0.1666666666666666,0.1666666666666666,0.1666666666666666,0.1666666666666666,0.1666666666666666
13,13.0,0.1666666666666666,0.1666666666666666,0.1666666666666666,0.1666666666666666,0.1666666666666666,0.1666666666666666
14,14.0,0.1666666666666666,0.1666666666666666,0.1666666666666666,0.1666666666666666,0.1666666666666666,0.1666666666666666
15,15.0,0.1666666666666666,0.1666666666666666,0.1666666666666666,0.1666666666666666,0.1666666666666666,0.1666666666666666
16,16.0,0.1666666666666666,0.1666666666666666,0.1666666666666666,0.1666666666666666,0.1666666666666666,0.1666666666666666
17,17.0,0.1666666666666666,0.1666666666666666,0.1666666666666666,0.1666666666666666,0.1666666666666666,0.1666666666666666
18,18.0,0.1666666666666666,0.1666666666666666,0.1666666666666666,0.1666666666666666,0.1666666666666666,0.1666666666666666
19,19.0,0.1666666666666666,0.1666666666666666,0.1666666666666666,0.1666666666666666,0.1666666666666666,0.1666666666666666
20,20.0,0.1666666666666666,0.1666666666666666,0.1666666666666666,0.1666666666666666,0.1666666666666666,0.1666666666666666
21,21.0,0.1666666666666666,0.1666666666666666,0.1666666666666666,0.1666666666666666,0.1666666666666666,0.1666666666666666
22,22.0,0.1666666666666666,0.1666666666666666,0.1666666666666666,0.1666666666666666,0.1666666666666666,0.1666666666666666
23,23.0,0.1666666666666666,0.1666666666666666,0.1666666666666666,0.1666666666666666,0.1666666666666666,0.1666666666666666
24,24.0,0.1666666666666666,0.1666666666666666,0.1666666666666666,0.1666666666666666,0.1666666666666666,0.1666666666666666
25,25.0,0.1666666666666666,0.1666666666666666,0.1666666666666666,0.1666666666666666,0.1666666666666666,0.1666666666666666
26,26.0,0.1666666666666666,0.1666666666666666,0.1666666666666666,0.1666666666666666,0.1666666666666666,0.1666666666666666
27,27.0,0.1666666666666666,0.1666666666666666,0.1666666666666666,0.1666666666666666,0.1666666666666666,0.1666666666666666
28,28.0,0.1666666666666666,0.1666666666666666,0.1666666666666666,0.1666666666666666,0.1666666666666666,0.1666666666666666
29,29.0,0.1666666666666666,0.1666666666666666,0.1666666666666666,0.1666666666666666,0.1666666666666666,0.1666666666666666
30,30.0,0.1666666666666666,0.1666666666666666,0.1666666666666666,0.1666666666666666,0.1666666666666666,0.1666666666666666
31,31.0,0.1666666666666666,0.1666666666666666,0.1666666666666666,0.1666666666666666,0.1666666666666666,0.1666666666666666
32,32.0,0.1666666666666666,0.1666666666666666,0.1666666666666666,0.1666666666666666,0.1666666666666666,0.1666666666666666
33,33.0,0.1666666666666666,0.1666666666666666,0.1666666666666666,0.1666666666666666,0.1666666666666666,0.1666666666666666
34,34.0,0.1666666666666666,0.1666666666666666,0.1666666666666666,0.1666666666666666,0.1666666666666666,0.1666666666666666
35,35.0,0.1666666666666666,0.1666666666666666,0.1666666666666666,0.1666666666666666,0.1666666666666666,0.1666666666666666
36,36.0,0.1666666666666666,0.1666666666666666,0.1666666666666666,0.1666666666666666,0.1666666666666666,0.1666666666666666
37,37.0,0.1666666666666666,0.1666666666666666,0.1666666666666666,0.1666666666666666,0.1666666666666666,0.1666666666666666
38,38.0,0.1666666666666666,0.1666666666666666,0.1666666666666666,0.1666666666666666,0.1666666666666666,0.1666666666666666
39,39.0,0.1666666666666666,0.1666666666666666,0.1666666666666666,0.1666666666666666,0.1666666666666666,0.1666666666666666
40,40.0,0.1666666666666666,0.1666666666666666,0.1666666666666666,0.1666666666666666,0.1666666666666666,0.1666666666666666
41,41.0,0.1666666666666666,0.1666666666666666,0.1666666666666666,0.1666666666666666,0.1666666666666666,0.1666666666666666
42,42.0,0.1666666666666666,0.1666666666666666,0.1666666666666666,0.1666666666666666,0.1666666666666666,0.1666666666666666
43,43.0,0.1666666666666666,0.1666666666666666,0.1666666666666666,0.1666666666666666,0.1666666666666666,0.1666666666666666
44,44.0,0.1666666666666666,0.1666666666666666,0.1666666666666666,0.1666666666666666,0.1666666666666666,0.1666666666666666
45,45.0,0.1666666666666666,0.1666666666666666,0.1666666666666666,0.1666666666666666,0.1666666666666666,0.1666666666666666
46,46.0,0.1666666666666666,0.1666666666666666,0.1666666666666666,0.1666666666666666,0.1666666666666666,0.1666666666666666
47,47.0,0.1666666666666666,0.1666666666666666,0.1666666666666666,0.1666666666666666,0.1666666666666666,0.1666666666666666
48,48.0,0.1666666666666666,0.1666666666666666,0.1666666666666666,0.1666666666666666,0.1666666666666666,0.1666666666666666
49,49.0,0.1666666666666666,0.1666666666666666,0.1666666666666666,0.1666666666666666,0.1666666666666666,0.1666666666666666
50,50.0,0.1666666666666666,0.1666666666666666,0.1666666666666666,0.1666666666666666,0.1666666666666666,0.1666666666666666
51,51.0,0.1666666666666666,0.1666666666666666,0.1666666666666666,0.1666666666666666,0.1666666666666666,0.1666666666666666
52,52.0,0.1666666666666666,0.1666666666666666,0.1666666666666666,0.1666666666666666,0.1666666666666666,0.1666666666666666
53,53.0,0.1666666666666666,0.1666666666666666,0.1666666666666666,0.1666666666666666,0.1666666666666666,0.1666666666666666
54,54.0,0.1666666666666666,0.1666666666666666,0.1666666666666666,0.1666666666666666,0.1666666666666666,0.1666666666666666
55,55.0,0.1666666666666666,0.1666666666666666,0.1666666666666666,0.1666666666666666,0.1666666666666666,0.1666666666666666
56,56.0,0.1666666666666666,0.1666666666666666,0.1666666666666666,0.1666666666666666,0.1666666666666666,0.1666666666666666
57,57.0,0.1666666666666666,0.1666666666666666,0.1666666666666666,0.1666666666666666,0.1666666666666666,0.1666666666666666
58,58.0,0.1666666666666666,0.1666666666666666,0.1666666666666666,0.1666666666666666,0.1666666666666666,0.1666666666666666
59,59.0,0.1666666666666666,0.1666666666666666,0.1666666666666666,0.1666666666666666,0.1666666666666666,0.1666666666666666
60,60.0,0.1666666666666666,0.1666666666666666,0.1666666666666666,0.1666666666666666,0.1666666666666666,0.1666666666666666
61,61.0,0.1666666666666666,0.1666666666666666,0.1666666666666666,0.1666666666666666,0.1666666666666666,0.1666666666666666
62,62.0,0.1666666666666666,0.1666666666666666,0.1666666666666666,0.1666666666666666,0.1666666666666666,0.1666666666666666
63,63.0,0.1666666666666666,0.1666666666666666,0.1666666666666666,0.1666666666666666,0.1666666666666666,0.1666666666666666
64,64.0,0.1666666666666666,0.1666666666666666,0.1666666666666666,0.1666666666666666,0.1666666666666666,0.1666666666666666
65,65.0,0.1666666666666666,0.1666666666666666,0.1666666666666666,0.1666666666666666,0.1666666666666666,0.1666666666666666
66,66.0,0.1666666666666666,0.1666666666666666,0.1666666666666666,0.1666666666666666,0.1666666666666666,0.1666666666666666
67,67.0,0.1666666666666666,0.1666666666666666,0.1666666666666666,0.1666666666666666,0.1666666666666666,0.1666666666666666
68,68.0,0.1666666666666666,0.1666666666666666,0.1666666666666666,0.1666666666666666,0.1666666666666666,0.1666666666666666
69,69.0,0.1666666666666666,0.1666666666666666,0.1666666666666666,0.1666666666666666,0.1666666666666666,0.1666666666666666
70,70.0,0.1666666666666666,0.1666666666666666,0.1666666666666666,0.1666666666666666,0.1666666666666666,0.1666666666666666
71,71.0,0.1666666666666666,0.1666666666666666,0.1666666666666666,0.1666666666666666,0.1666666666666666,0.1666666666666666
72,72.0,0.1666666666666666,0.1666666666666666,0.1666666666666666,0.1666666666666666,0.1666666666666666,0.1666666666666666
73,73.0,0.1666666666666666,0.1666666666666666,0.1666666666666666,0.1666666666666666,0.1666666666666666,0.1666666666666666
74,74.0,0.1666666666666666,0.1666666666666666,0.1666666666666666,0.1666666666666666,0.1666666666666666,0.1666666666666666
75,75.0,0.1666666666666666,0.1666666666666666,0.1666666666666666,0.1666666666666666,0.1666666666666666,0.1666666666666666
76,76.0,0.1666666666666666,0.1666666666666666,0.1666666666666666,0.1666666666666666,0.1666666666666666,0.1666666666666666
77,77.0,0.1666666666666666,0.1666666666666666,0.1666666666666666,0.1666666666666666,0.1666666666666666,0.1666666666666666
78,78.0,0.1666666666666666,0.1666666666666666,0.1666666666666666,0.1666666666666666,0.1666666666666666,0.1666666666666666
79,79.0,0.1666666666666666,0.1666666666666666,0.1666666666666666,0.1666666666666666,0.1666666666666666,0.1666666666666666
80,80.0,0.1666666666666666,0.1666666666666666,0.1666666666666666,0.1666666666666666,0.1666666666666666,0.1666666666666666
81,81.0,0.1666666666666666,0.1666666666666666,0.1666666666666666,0.1666666666666666,0.1666666666666666,0.1666666666666666
82,82.0,0.1666666666666666,0.1666666666666666,0.1666666666666666,0.1666666666666666,0.1666666666666666,0.1666666666666666
83,83.0,0.1666666666666666,0.1666666666666666,0.1666666666666666,0.1666666666666666,0.1666666666666666,0.1666666666666666
84,84.0,0.1666666666666666,0.1666666666666666,0.1666666666666666,0.1666666666666666,0.1666666666666666,0.1666666666666666
85,85.0,0.1666666666666666,0.1666666666666666,0.1666666666666666,0.1666666666666666,0.1666666666666666,0.1666666666666666
86,86.0,0.1666666666666666,0.1666666666666666,0.1666666666666666,0.1666666666666666,0.1666666666666666,0.1666666666666666
87,87.0,0.1666666666666666,0.1666666666666666,0.1666666666666666,0.1666666666666666,0.1666666666666666,0.1666666666666666
88,88.0,0.1666666666666666,0.1666666666666666,0.1666666666666666,0.1666666666666666,0.1666666666666666,0.1666666666666666
89,89.0,0.1666666666666666,0.1666666666666666,0.1666666666666666,0.1666666666666666,0.1666666666666666,0.1666666666666666
90,90.0,0.1666666666666666,0.1666666666666666,0.1666666666666666,0.1666666666666666,0.1666666666666666,0.1666666666666666
91,91.0,0.1666666666666666,0.1666666666666666,0.1666666666666666,0.1666666666666666,0.1666666666666666,0.1666666666666666
92,92.0,0.1666666666666666,0.1666666666666666,0.1666666666666666,0.1666666666666666,0.1666666666666666,0.1666666666666666
93,93.0,0.1666666666666666,0.1666666666666666,0.1666666666666666,0.1666666666666666,0.1666666666666666,0.1666666666666666
94,94.0,0.1666666666666666,0.1666666666666666,0.1666666666666666,0.1666666666666666,0.1666666666666666,0.1666666666666666
95,95.0,0.1666666666666666,0.1666666666666666,0.1666666666666666,0.1666666666666666,0.1666666666666666,0.1666666666666666
96,96.0,0.1666666666666666,0.1666666666666666,0.1666666666666666,0.1666666666666666,0.1666666666666666,0.1666666666666666
97,97.0,0.1666666666666666,0.1666666666666666,0.1666666666666666,0.1666666666666666,0.1666666666666666,0.1666666666666666
98,98.0,0.1666666666666666,0.1666666666666666,0.1666666666666666,0.1666666666666666,0.1666666666666666,0.1666666666666666
99,99.0,0.1666666666666666,0.1666666666666666,0.1666666666666666,0.1666666666666666,0.1666666666666666,0.1666666666666666
100,100.0,0.1666666666666666,0.1666666666666666,0.1666666666666666,0.1666666666666666,0.1666666666666666,0.1666666666666666
101,101.0,0.1666666666666666,0.1666666666666666,0.1666666666666666,0.1666666666666666,0.1666666666666666,0.1666666666666666
102,102.0,0.1666666666666666,0.1666666666666666,0.1666666666666666,0.1666666666666666,0.1666666666666666,0.1666666666666666
103,103.0,0.1666666666666666,0.1666666666666666,0.1666666666666666,0.1666666666666666,0.1666666666666666,0.1666666666666666
104,104.0,0.1666666666666666,0.1666666666666666,0.1666666666666666,0.1666666666666666,0.1666666666666666,0.1666666666666666
105,105.0,0.1666666666666666,0.1666666666666666,0.1666666666666666,0.1666666666666666,0.1666666666666666,0.1666666666666666
106,106.0,0.1666666666666666,0.1666666666666666,0.1666666666666666,0.1666666666666666,0.1666666666666666,0.1666666666666666
107,107.0,0.1666666666666666,0.1666666666666666,0.1666666666666666,0.1666666666666666,0.1666666666666666,0.1666666666666666
108,108.0,0.1666666666666666,0.1666666666666666,0.1666666666666666,0.1666666666666666,0.1666666666666666,0.1666666666666666
109,109.0,0.1666666666666666,0.1666666666666666,0.1666666666666666,0.1666666666666666,0.1666666666666666,0.1666666666666666
110,110.0,0.1666666666666666,0.1666666666666666,0.1666666666666666,0.1666666666666666,0.1666666666666666,0.1666666666666666
111,111.0,0.1666666666666666,0.1666666666666666,0.1666666666666666,0.1666666666666666,0.1666666666666666,0.1666666666666666
112,112.0,0.1666666666666666,0.1666666666666666,0.1666666666666666,0.1666666666666666,0.1666666666666666,0.1666666666666666
113,113.0,0.1666666666666666,0.1666666666666666,0.1666666666666666,0.1666666666666666,0.1666666666666666,0.1666666666666666
114,114.0,0.1666666666666666,0.1666666666666666,0.1666666666666666,0.1666666666666666,0.1666666666666666,0.1666666666666666
115,115.0,0.1666666666666666,0.1666666666666666,0.1666666666666666,0.1666666666666666,0.1666666666666666,0.1666666666666666
116,116.0,0.1666666666666666,0.1666666666666666,0.1666666666666666,0.1666666666666666,0.1666666666666666,0.1666666666666666
117,117.0,0.1666666666666666,0.1666666666666666,0.1666666666666666,0.1666666666666666,0.1666666666666666,0.1666666666666666
118,118.0,0.1666666666666666,0.1666666666666666,0.1666666666666666,0.1666666666666666,0.1666666666666666,0.1666666666666666
119,119.0,0.1666666666666666,0.1666666666666666,0.1666666666666666,0.1666666666666666,0.1666666666666666,0.1666666666666666
120,120.0,0.1666666666666666,0.1666666666666666,0.1666666666666666,0.1666666666666666,0.1666666666666666,0.1666666666666666
121,121.0,0.1666666666666666,0.1666666666666666,0.1666666666666666,0.1666666666666666,0.1666666666666666,0.1666666666666666
122,122.0,0.1666666666666666,0.1666666666666666,0.1666666666666666,0.1666666666666666,0.1666666666666666,0.1666666666666666
123,123.0,0.1666666666666666,0.1666666666666666,0.1666666666666666,0.1666666666666666,0.1666666666666666,0.1666666666666666
124,124.0,0.1666666666666666,0.1666666666666666,0.1666666666666666,0.1666666666666666,0.1666666666666666,0.1666666666666666
125,125.0,0.1666666666666666,0.1666666666666666,0.1666666666666666,0.1666666666666666,0.1666666666666666,0.1666666666666666
126,126.0,0.1666666666666666,0.1666666666666666,0.1666666666666666,0.1666666666666666,0.1666666666666666,0.1666666666666666
127,127.0,0.1666666666666666,0.1666666666666666,0.1666666666666666,0.1666666666666666,0.1666666666666666,0.1666666666666666
128,128.0,0.1666666666666666,0.1666666666666666,0.1666666666666666,0.1666666666666666,0.1666666666666666,0.1666666666666666
129,129.0,0.1666666666666666,0.1666666666666666,0.1666666666666666,0.1666666666666666,0.1666666666666666,0.1666666666666666
130,130.0,0.1666666666666666,0.1666666666666666,0.1666666666666666,0.1666666666666666,0.1666666666666666,0.1666666666666666
131,131.0,0.1666666666666666,0.1666666666666666,0.1666666666666666,0.1666666666666666,0.1666666666666666,0.1666666666666666
132,132.0,0.1666666666666666,0.1666666666666666,0.1666666666666666,0.1666666666666666,0.1666666666666666,0.1666666666666666
133,133.0,0.1666666666666666,0.1666666666666666,0.1666666666666666,0.1666666666666666,0.1666666666666666,0.1666666666666666
134,134.0,0.1666666666666666,0.1666666666666666,0.1666666666666666,0.1666666666666666,0.1666666666666666,0.1666666666666666
135,135.0,0.1666666666666666,0.1666666666666666,0.1666666666666666,0.1666666666666666,0.1666666666666666,0.1666666666666666
136,136.0,0.1666666666666666,0.1666666666666666,0.1666666666666666,0.1666666666666666,0.1666666666666666,0.1666666666666666
137,137.0,0.1666666666666666,0.1666666666666666,0.1666666666666666,0.1666666666666666,0.1666666666666666,0.1666666666666666
138,138.0,0.1666666666666666,0.1666666666666666,0.1666666666666666,0.1666666666666666,0.1666666666666666,0.1666666666666666
139,139.0,0.1666666666666666,0.1666666666666666,0.1666666666666666,0.1666666666666666,0.1666666666666666,0.1666666666666666
140,140.0,0.1666666666666666,0.1666666666666666,0.1666666666666666,0.1666666666666666,0.1666666666666666,0.1666666666666666
141,141.0,0.1666666666666666,0.1666666666666666,0.1666666666666666,0.1666666666666666,0.1666666666666666,0.1666666666666666
142,142.0,0.1666666666666666,0.1666666666666666,0.1666666666666666,0.1666666666666666,0.1666666666666666,0.1666666666666666
143,143.0,0.1666666666666666,0.1666666666666666,0.1666666666666666,0.1666666666666666,0.1666666666666666,0.1666666666666666
144,144.0,0.1666666666666666,0.1666666666666666,0.1666666666666666,0.1666666666666666,0.1666666666666666,0.1666666666666666
145,145.0,0.1666666666666666,0.1666666666666666,0.1666666666666666,0.1666666666666666,0.1666666666666666,0.1666666666666666
146,146.0,0.1666666666666666,0.1666666666666666,0.1666666666666666,0.1666666666666666,0.1666666666666666,0.1666666666666666
147,147.0,0.1666666666666666,0.1666666666666666,0.1666666666666666,0.1666666666666666,0.1666666666666666,0.1666666666666666
148,148.0,0.1666666666666666,0.1666666666666666,0.1666666666666666,0.1666666666666666,0.1666666666666666,0.1666666666666666
149,149.0,0.1666666666666666,0.1666666666666666,0.1666666666666666,0.1666666666666666,0.1666666666666666,0.1666666666666666
150,150.0,0.1666666666666666,0.1666666666666666,0.1666666666666666,0.1666666666666666,0.1666666666666666,0.1666666666666666
151,151.0,0.1666666666666666,0.1666666666666666,0.1666666666666666,0.1666666666666666,0.1666666666666666,0.1666666666666666
152,152.0,0.1666666666666666,0.1666666666666666,0.1666666666666666,0.1666666666666666,0.1666666666666666,0.1666666666666666
153,153.0,0.1666666666666666,0.1666666666666666,0.1666666666666666,0.1666666666666666,0.1666666666666666,0.1666666666666666
154,154.0,0.1666666666666666,0.1666666666666666,0.1666666666666666,0.1666666666666666,0.1666666666666666,0.1666666666666666
155,155.0,0.1666666666666666,0.1666666666666666,0.1666666666666666,0.1666666666666666,0.1666666666666666,0.1666666666666666
156,156.0,0.1666666666666666,0.1666666666666666,0.1666666666666666,0.1666666666666666,0.1666666666666666,0.1666666666666666
157,157.0,0.1666666666666666,0.1666666666666666,0.1666666666666666,0.1666666666666666,0.1666666666666666,0.1666666666666666
158,158.0,0.1666666666666666,0.1666666666666666,0.1666666666666666,0.1666666666666666,0.1666666666666666,0.1666666666666666
159,159.0,0.1666666666666666,0.1666666666666666,0.1666666666666666,0.1666666666666666,0.1666666666666666,0.1666666666666666
160,160.0,0.1666666666666666,0.1666666666666666,0.1666666666666666,0.1666666666666666,0.1666666666666666,0.1666666666666666
161,161.0,0.1666666666666666,0.1666666666666666,0.1666666666666666,0.1666666666666666,0.1666666666666666,0.1666666666666666
162,162.0,0.1666666666666666,0.1666666666666666,0.1666666666666666,0.1666666666666666,0.1666666666666666,0.1666666666666666
163,163.0,0.1666666666666666,0.1666666666666666,0.1666666666666666,0.1666666666666666,0.1666666666666666,0.1666666666666666
164,164.0,0.1666666666666666,0.1666666666666666,0.1666666666666666,0.1666666666666666,0.1666666666666666,0.1666666666666666
165,165.0,0.1666666666666666,0.1666666666666666,0.1666666666666666,0.1666666666666666,0.1666666666666666,0.1666666666666666
166,166.0,0.1666666666666666,0.1666666666666666,0.1666666666666666,0.1666666666666666,0.1666666666666666,0.1666666666666666
167,167.0,0.1666666666666666,0.1666666666666666,0.1666666666666666,0.1666666666666666,0.1666666666666666,0.1666666666666666
168,168.0,0.1666666666666666,0.1666666666666666,0.1666666666666666,0.1666666666666666,0.1666666666666666,0.1666666666666666
169,169.0,0.1666666666666666,0.1666666666666666,0.1666666666666666,0.1666666666666666,0.1666666666666666,0.1666666666666666
170,170.0,0.1666666666666666,0.1666666666666666,0.1666666666666666,0.1666666666666666,0.1666666666666666,0.1666666666666666
171,171.0,0.1666666666666666,0.1666666666666666,0.1666666666666666,0.1666666666666666,0.1666666666666666,0.1666666666666666
172,172.0,0.1666666666666666,0.1666666666666666,0.1666666666666666,0.1666666666666666,0.1666666666666666,0.1666666666666666
173,173.0,0.1666666666666666,0.1666666666666666,0.1666666666666666,0.1666666666666666,0.1666666666666666,0.1666666666666666
174,174.0,0.1666666666666666,0.1666666666666666,0.1666666666666666,0.1666666666666666,0.1666666666666666,0.1666666666666666
175,175.0,0.1666666666666666,0.1666666666666666,0.1666666666666666,0.1666666666666666,0.1666666666666666,0.1666666666666666
176,176.0,0.1666666666666666,0.1666666666666666,0.1666666666666666,0.1666666666666666,0.1666666666666666,0.1666666666666666
177,177.0,0.1666666666666666,0.1666666666666666,0.1666666666666666,0.1666666666666666,0.1666666666666666,0.1666666666666666
178,178.0,0.1666666666666666,0.1666666666666666,0.1666666666666666,0.1666666666666666,0.1666666666666666,0.1666666666666666
179,179.0,0.1666666666666666,0.1666666666666666,0.1666666666666666,0.1666666666666666,0.1666666666666666,0.1666666666666666
180,180.0,0.1666666666666666,0.1666666666666666,0.1666666666666666,0.1666666666666666,0.1666666666666666,0.1666666666666666
181,181.0,0.1666666666666666,0.1666666666666666,0.1666666666666666,0.1666666666666666,0.1666666666666666,0.1666666666666666
182,182.0,0.1666666666666666,0.1666666666666666,0.1666666666666666,0.1666666666666666,0.1666666666666666,0.1666666666666666
183,183.0,0.1666666666666666,0.1666666666666666,0.1666666666666666,0.1666666666666666,0.1666666666666666,0.1666666666666666
184,184.0,0.1666666666666666,0.1666666666666666,0.1666666666666666,0.1666666666666666,0.1666666666666666,0.1666666666666666
185,185.0,0.1666666666666666,0.1666666666666666,0.1666666666666666,0.1666666666666666,0.1666666666666666,0.1666666666666666
186,186.0,0.1666666666666666,0.1666666666666666,0.1666666666666666,0.1666666666666666,0.1666666666666666,0.1666666666666666
187,187.0,0.1666666666666666,0.1666666666666666,0.1666666666666666,0.1666666666666666,0.1666666666666666,0.1666666666666666
188,188.0,0.1666666666666666,0.1666666666666666,0.1666666666666666,0.1666666666666666,0.1666666666666666,0.1666666666666666
189,189.0,0.1666666666666666,0.1666666666666666,0.1666666666666666,0.1666666666666666,0.1666666666666666,0.1666666666666666
190,190.0,0.1666666666666666,0.1666666666666666,0.1666666666666666,0.1666666666666666,0.1666666666666666,0.1666666666666666
191,191.0,0.1666666666666666,0.1666666666666666,0.1666666666666666,0.1666666666666666,0.1666666666666666,0.1666666666666666
192,192.0,0.1666666666666666,0.1666666666666666,0.1666666666666666,0.1666666666666666,0.1666666666666666,0.1666666666666666
193,193.0,0.1666666666666666,0.1666666666666666,0.1666666666666666,0.1666666666666666,0.1666666666666666,0.1666666666666666
194,194.0,0.1666666666666666,0.1666666666666666,0.1666666666666666,0.1666666666666666,0.1666666666666666,0.1666666666666666
195,195.0,0.1666666666666666,0.1666666666666666,0.1666666666666666,0.1666666666666666,0.1666666666666666,0.1666666666666666
196,196.0,0.1666666666666666,0.1666666666666666,0.1666666666666666,0.1666666666666666,0.1666666666666666,0.1666666666666666
197,197.0,0.1666666666666666,0.1666666666666666,0.1666666666666666,0.1666666666666666,0.1666666666666666,0.1666666666666666
198,198.0,0.1666666666666666,0.1666666666666666,0.1666666666666666,0.1666666666666666,0.1666666666666666,0.1666666666666666
199,199.0,0.1661904761904762,0.1676190476190476,0.1661904761904762,0.1661904761904762,0.1676190476190476,0.1661904761904762
200,200.0,0.1667309523809524,0.1692166666666666,0.1653023809523809,0.1653023809523809,0.1681452380952381,0.1653023809523809
201,201.0,0.1666155476190476,0.1713849761904762,0.1637726904761905,0.1652012619047619,0.1692528333333333,0.1637726904761905
202,202.0,0.1663217183333333,0.1733309383333333,0.1620915754761905,0.1647558611904762,0.1714083311904762,0.1620915754761905
203,203.0,0.1646023881261905,0.1766466139261905,0.1604517038404762,0.1643264895547619,0.1735211007119047,0.1604517038404762
204,204.0,0.1629426972172301,0.1786658431220873,0.1589050324886587,0.1649277425680238,0.1742250806867698,0.1603336039172302
205,205.0,0.162388992871438,0.1802302211259037,0.1572434223915809,0.165361259520946,0.1746898245556934,0.160086279534438
206,206.0,0.1610782769680186,0.1817307003879207,0.1589691898739458,0.1650065423420966,0.1743016719826439,0.1589136184453743
207,207.0,0.1592580879804991,0.1825673961484283,0.1612997522013982,0.1641046917751715,0.1744196354073903,0.1583504364871125
208,208.0,0.1574975751071646,0.1832983197999722,0.1636513242661549,0.1632194396646475,0.1744919235959056,0.157841417566155
209,209.0,0.155697264754219,0.184482294872489,0.1658871782627268,0.1622468675748787,0.1744112700788168,0.1572751244568697
210,210.0,0.1538882306822436,0.1860167219277017,0.1680056183670575,0.1612145241337781,0.1742028664709458,0.1566720384182733
211,211.0,0.1509212537856794,0.1886921205876976,0.1700790197491461,0.160220528092708,0.173963389999268,0.1561236877855009
212,212.0,0.1480667981159509,0.1912426397053985,0.1735197236959672,0.1592709846720762,0.1722697712863093,0.155630082524298
213,213.0,0.1454810449959606,0.1950441509327457,0.1770097675147541,0.1562876107107118,0.1708478528068194,0.1553295730390085
214,214.0,0.1431288907928439,0.1982289944919557,0.1804752258710313,0.1534695320932107,0.1695255928131555,0.155171763937803
215,215.0,0.1406591984556457,0.2006029627402242,0.1846040325976169,0.150477101370063,0.1688640402644639,0.1547926645719865
216,216.0,0.1381723797601073,0.2026146372923963,0.1894596686863182,0.1474216390980258,0.1680495191625133,0.1542821560006393
217,217.0,0.1357168409258434,0.2043019561693854,0.1937006567447984,0.1443618284515339,0.1682384080815857,0.1536803096268532
218,218.0,0.1337961522122122,0.2038411960356542,0.1982567659812092,0.1430608452316405,0.168810619987531,0.1522344205517531
219,219.0,0.1317371466053977,0.2027235977904374,0.2019735422330124,0.1439530387501069,0.1690832115737136,0.1505294630473323
220,220.0,0.1298599601365007,0.2025835609098754,0.2043223542107539,0.1449708836836267,0.1693691332419621,0.1488941078172814
221,221.0,0.1281595568773749,0.2025877394715967,0.2072997732319078,0.1460860105623158,0.1691677089417897,0.1466992109150153
222,222.0,0.1264022305926783,0.2036754374754724,0.2086690213438542,0.1481556190870255,0.168738427717983,0.1443592637829867
223,223.0,0.1257858500224183,0.2043663148861373,0.209212143791315,0.1507659459602877,0.1680329712497467,0.1418367740900953
224,224.0,0.1252472895956588,0.2057720410927018,0.2093459323058746,0.1530338940005922,0.1672558168210112,0.1393450261841615
225,225.0,0.1248659710841357,0.2070707103171468,0.2092736187593138,0.1552982943381047,0.1665037239539321,0.136987681547367
226,226.0,0.1252605751120322,0.2056828409882391,0.2109804614571352,0.1581674493703208,0.1645032081425152,0.1354054649297576
227,227.0,0.1257820309175949,0.2029604461740836,0.21250394388039,0.1597346596099154,0.1637997661899578,0.1352191532280583
228,228.0,0.1264402165427793,0.2039669801491245,0.2134305005656356,0.1612672252115327,0.1608123917965662,0.1340826857343618
229,229.0,0.1273009882604825,0.2039826160078229,0.2137941443784062,0.1637232344779036,0.1580104630614688,0.1331885538139159
230,230.0,0.1282354797442756,0.2039494690214081,0.2139998028950946,0.1660903284044345,0.1553034547061872,0.1324214652285999
231,231.0,0.129144963049048,0.2050243073163521,0.2130701160973872,0.1682717165321804,0.1525841453468044,0.1319047516582278
232,232.0,0.1314494679607651,0.2044690948665961,0.2116411192723921,0.1702622079322822,0.1507508534214394,0.1314272565465249
233,233.0,0.1348159233490915,0.2043766035453223,0.2107696518837065,0.1716483999509157,0.1487843979070321,0.1296050233639318
234,234.0,0.1381072168652302,0.2040847279111369,0.2102616976396083,0.1728546078587888,0.1468482542231251,0.1278434955021106
235,235.0,0.1412997832630701,0.2036218196571675,0.209404666086761,0.1745552661563969,0.1449624156271706,0.1261560492094339
236,236.0,0.1447715695904626,0.203316753985075,0.2086777495572823,0.176305351793219,0.1421549957106185,0.1247735793633426
237,237.0,0.1483170788483215,0.2021032258648212,0.2080930628569873,0.1781002783218226,0.1396890839475512,0.1236972701604961
238,238.0,0.1517327693653072,0.2008877882509962,0.2074815155842463,0.1797568981020293,0.1373944743545367,0.1227465543428842
239,239.0,0.1551363549992261,0.1998216753579842,0.208379687046809,0.1791891422775433,0.1354158716993887,0.1220572686190485
240,240.0,0.1581914389534743,0.1984184729854914,0.2090740522279481,0.1783215545385074,0.1334378898863007,0.1225565914082781
241,241.0,0.1594955745247302,0.1978806840099524,0.2095998735008198,0.1786431907791637,0.1315020720460229,0.1228786051393109
242,242.0,0.160724093583859,0.1976848372891197,0.2099399008896762,0.1790763261585504,0.1291844573955744,0.1233903846832202
243,243.0,0.1616013934706029,0.1985932025592365,0.2100692036189201,0.1790637211672423,0.1268755226415978,0.1237969565424003
244,244.0,0.1623145373890474,0.1995219892542209,0.2101682754129349,0.1789715044636505,0.1247582034276999,0.1242654900524464
245,245.0,0.1627339206079489,0.2003209784757474,0.2109335930917475,0.1786696704971505,0.1226956225031229,0.1246462148242827
246,246.0,0.1628436691990167,0.2008442138030003,0.2119467091709205,0.1780861981126968,0.1206618756821243,0.1256173340322414
247,247.0,0.1628230996885739,0.201362389920486,0.2129199653968788,0.1774539869748305,0.1188238675720068,0.1266166904472239
248,248.0,0.1629120008084273,0.2009862711034466,0.2149370812821504,0.1758996731857116,0.1174069556093348,0.1278580180109294
249,249.0,0.1629577716935839,0.1986246324490894,0.2204463712748228,0.1733188167861631,0.1164210059367969,0.1282314018595439
250,250.0,0.1629074494768437,0.1962821098601572,0.2258454731161772,0.1707473481336911,0.1156152493545728,0.128602370058558
251,251.0,0.1625681552375723,0.1947494477252276,0.2305038077653251,0.168637393567463,0.1147767326664618,0.1287644630379502
252,252.0,0.1621548714281078,0.193268678927942,0.2349777147488418,0.1665792858399014,0.1140998093576261,0.128919639697581
253,253.0,0.1615005584149927,0.1914922789653659,0.2403123263348838,0.1644098499158438,0.113396517894655,0.1288884684742587
254,254.0,0.1608606790985402,0.1898531060891854,0.2458526581817704,0.1616174990547664,0.1129013448574086,0.1289147127183289
255,255.0,0.1600039251659848,0.18922867669437,0.2520117459339592,0.1576373811039149,0.1123621663974232,0.1287561047043477
256,256.0,0.1590101547928654,0.1892400305680013,0.2577514405837157,0.1536776771263783,0.1118383780161758,0.1284823189128634
257,257.0,0.1579120982360606,0.1897780212990436,0.2630653754038764,0.1497850336736915,0.1113427694986958,0.128116701888632
258,258.0,0.1568129828613251,0.1903755143853546,0.2680248052110174,0.1460734893097145,0.1109592971255996,0.1277539111069887
259,259.0,0.1555850168153105,0.1896316957716554,0.2745600306528138,0.1424231606803271,0.1105416931172908,0.1272584029626022
260,260.0,0.1542041224013624,0.1887638923898416,0.2815693320325941,0.138815187074122,0.1100483042531314,0.1265991618489483
261,261.0,0.1524756279516402,0.1866603163926784,0.2888040759866295,0.1350576392760694,0.1101769603676655,0.1268253800253168
262,262.0,0.1491112104488506,0.1854433946544863,0.2954247820733652,0.131648396503681,0.1112056206183286,0.1271665957012882
263,263.0,0.1458227167629385,0.1843012413563604,0.3015678807848978,0.1284941882145817,0.1122986083786115,0.1275153645026099
264,264.0,0.1428374596510956,0.183803457752932,0.3067550554069856,0.1258030732453539,0.1127314903128788,0.1280694636307539
265,265.0,0.1399731498452152,0.1833814938016746,0.3114482084205343,0.1233738352318845,0.113202311820753,0.1286210008799383
266,266.0,0.1373220932885174,0.1837441083890051,0.3137255680320197,0.1212803364344899,0.1146874192146431,0.1292404746413249
267,267.0,0.1346344247166004,0.182552868308842,0.3179006730302662,0.119254887414486,0.1172473005087763,0.128409846021029
268,268.0,0.132017954743978,0.1822471493508142,0.3220699199045376,0.1173882104116067,0.1187920613183687,0.1274847042706946
269,269.0,0.1295735463922653,0.182005092955925,0.3257831110893975,0.1157649131759863,0.1203077660837787,0.1265655703026471
270,270.0,0.128066013340464,0.1807469958560517,0.3295941747873932,0.1143011331274977,0.1217064057860126,0.1255852771025807
271,271.0,0.1266440161163739,0.1803734067290551,0.3325097585647766,0.1129728290751853,0.1229629732616385,0.1245370162529706
272,272.0,0.1253950392912828,0.1800632470325539,0.3349993454849259,0.1118615546417726,0.1241609282403792,0.1235198853090855
273,273.0,0.1243142705935418,0.1798132754204636,0.3370806393643631,0.110956719609704,0.1252941524221357,0.1225409425897917
274,274.0,0.1244866059883023,0.1781654273459185,0.3388645656592741,0.1103376374800748,0.126448695735698,0.1216970677907323
275,275.0,0.1255983899288799,0.1746647894444938,0.3381389611764947,0.1106195444246929,0.1283484560416117,0.122629858983827
276,276.0,0.1268288829627887,0.172688461866919,0.3356614818662149,0.1110620275263709,0.1301624599877706,0.1235966857899357
277,277.0,0.128332480678928,0.1709966339994423,0.3332749471471447,0.1118231757669577,0.13080971459926,0.1247630478082673
278,278.0,0.1293704080604848,0.1699527741497284,0.3310298421930681,0.1121670825787278,0.1308289936920033,0.1266508993259877
279,279.0,0.1304609957242446,0.1690203812573554,0.3286130465055978,0.112614175893588,0.1307650448840905,0.1285263557351235
280,280.0,0.1327623141895919,0.1682607638686442,0.3255482203472714,0.1132127974412122,0.1306899617667978,0.1295259423864824
281,281.0,0.1365254792119166,0.1689836850515602,0.3189623806833232,0.1140870102030496,0.130750810622438,0.1306906342277122
282,282.0,0.1402598563034796,0.1697950253734752,0.3123643963518641,0.1150186947482423,0.1307515715833433,0.1318104556395954
283,283.0,0.1422484408039015,0.1692175120569527,0.306250033091531,0.1178499299101459,0.1311268172579496,0.1333072668795192
284,284.0,0.1441602118415781,0.1687100913132873,0.2991352470309895,0.1206910197040415,0.1325607435435375,0.1347426865665661
285,285.0,0.1456978907585003,0.1689204696696909,0.2928731279524427,0.1228100588082176,0.134386548134074,0.1353119046770744
286,286.0,0.1469387478400702,0.1686244294475813,0.2859745068182434,0.1255973906721911,0.1358255893238988,0.1370393358980151
287,287.0,0.1487755978245485,0.1690892092706671,0.2765137949370738,0.1284204339134639,0.1372673045563361,0.1399336594979105
288,288.0,0.1517561222724489,0.169599988427107,0.267563561749196,0.1309801791696854,0.1386220092748004,0.1414781391067621
289,289.0,0.1550873389691407,0.1688573766523188,0.2595174204473182,0.1331206127550525,0.140817397166044,0.1425998540101257
290,290.0,0.1582722950942064,0.1681548534428874,0.2519011375415734,0.1351479757865114,0.1429081603195909,0.1436155778152305
291,291.0,0.1599957873455782,0.169391899820836,0.2431746576981735,0.136671988557825,0.1460656717594933,0.1446999948180939
292,292.0,0.1589318931332776,0.1717545765310354,0.235622809420862,0.138670134134683,0.1487983626393978,0.1462222241407441
293,293.0,0.1575488861496911,0.1740264989679636,0.2293273493345045,0.1415130047937494,0.1500411933013105,0.1475430674527809
294,294.0,0.1567379622872376,0.1770334172739725,0.223343775039051,0.1439808811383944,0.1502284487331385,0.148675515528206
295,295.0,0.1556557334281393,0.1792673337746649,0.2175439737916057,0.1469554649554949,0.1509346763744345,0.1496428176756605
296,296.0,0.1545027397732391,0.1814335591359153,0.2122927411250171,0.1497584375617323,0.1515135041404263,0.1504990182636699
297,297.0,0.1528858230327838,0.1842819061004084,0.2067642030961007,0.1520554009403656,0.1525012955056902,0.1515113713246513
298,298.0,0.1512054531794655,0.1869294045283709,0.2017171926148424,0.1540998033738332,0.153730282732594,0.152317863570894
299,299.0,0.1495141909878097,0.1894578995832939,0.1972128505607009,0.1559552804617286,0.15484052695094,0.1530192514555269
300,300.0,0.1479582434417716,0.1914266562245818,0.1934342612038134,0.1569811443267045,0.1559610051476057,0.154238689655523
301,301.0,0.1466715066841181,0.1910587739139984,0.1891845472559357,0.1580742734765788,0.1586399287032321,0.156370969966137
302,302.0,0.1454173995310597,0.1905696173478585,0.1854434282057553,0.1589944826188356,0.1611864220881249,0.1583886502083659
303,303.0,0.1451774223158899,0.1895595388507127,0.1820585668651156,0.1596109727739251,0.1634493744966198,0.160144124697737
304,304.0,0.1453879153523248,0.1874682566531581,0.1793488931471758,0.1608936580097202,0.1657615307042918,0.1611397461333293
305,305.0,0.1448458339664471,0.185251213648621,0.178370048685409,0.1610989921766926,0.1691466580709557,0.1612872534518745
306,306.0,0.1454703651278554,0.1835224936771823,0.1768043794694561,0.1609787054361033,0.1720907172091548,0.1611333390802481
307,307.0,0.146056967238572,0.1816587101434049,0.1760833841740547,0.1606706420001936,0.1747165328585121,0.1608137635852626
308,308.0,0.1462491715781634,0.1807689303157837,0.176328828559127,0.1589097248859193,0.1775708800026268,0.1601724646583797
309,309.0,0.1464553750012252,0.1798992670065947,0.1768990317951922,0.1570690134674245,0.1802191202623405,0.1594581924672229
310,310.0,0.1456006869937513,0.1806635480542293,0.1779343873933621,0.1541034657178876,0.1828339533520674,0.1588639584887023
311,311.0,0.1447640292931556,0.1828728790696717,0.1777887408471586,0.1511195064621938,0.1852318573721948,0.1582229869556255
312,312.0,0.1455868860806769,0.1851701855555104,0.1789626012174336,0.1483551656498651,0.1875057842847193,0.1544193772117945
313,313.0,0.1469236487681998,0.1859379826141333,0.1805765649231221,0.145880410558974,0.1898096782455618,0.150871714890009
314,314.0,0.1480809877102774,0.1875644003605328,0.1821669105650546,0.143287458739714,0.1917139321817105,0.1471863104427107
315,315.0,0.1499978115745731,0.1885762808024355,0.1828312076042983,0.1409215990656545,0.1939517691435751,0.1437213318094636
316,316.0,0.1493843607730794,0.1884642445801577,0.1837786322164439,0.1388302094904445,0.1990067381732508,0.1405358147666236
317,317.0,0.1485712258518187,0.1881275180080546,0.1858821116837943,0.1366674711856654,0.2034572906593742,0.1372943826112928
318,318.0,0.1475686494291231,0.1886455088154012,0.1878621485832981,0.1344442892644649,0.2074622198742965,0.1340171840334162
319,319.0,0.1479671093558711,0.1884136764672901,0.1894513661678245,0.1326393367330939,0.2103375467894963,0.1311909644864242
320,320.0,0.1484729142232476,0.1882597184281451,0.1903848589549305,0.1310792370032799,0.2120428751911909,0.1297603961992061
321,321.0,0.1488603813786258,0.1876652989353731,0.1901512820789049,0.1307952156822754,0.2133682615368236,0.1291595603879973
322,322.0,0.1490577995919816,0.1879441445930006,0.1897419310220738,0.130457834812739,0.214258775838874,0.128539514141331
