,Unnamed: 0,Total_iterations,Intertwine_two,Add_vertex,Delete_vertex,Invert_path_vertices,Insert_inside_vertex,Delete_inside_vertex,Replace_inside_vertex,Donate_between_routes
0,0.0,0.0,0.125,0.125,0.125,0.125,0.125,0.125,0.125,0.125
1,1.0,1.0,0.125,0.125,0.125,0.125,0.125,0.125,0.125,0.125
2,2.0,2.0,0.125,0.125,0.125,0.125,0.125,0.125,0.125,0.125
3,3.0,3.0,0.125,0.125,0.125,0.125,0.125,0.125,0.125,0.125
4,4.0,4.0,0.125,0.125,0.125,0.125,0.125,0.125,0.125,0.125
5,5.0,5.0,0.125,0.125,0.125,0.125,0.125,0.125,0.125,0.125
6,6.0,6.0,0.125,0.125,0.125,0.125,0.125,0.125,0.125,0.125
7,7.0,7.0,0.125,0.125,0.125,0.125,0.125,0.125,0.125,0.125
8,8.0,8.0,0.125,0.125,0.125,0.125,0.125,0.125,0.125,0.125
9,9.0,9.0,0.125,0.125,0.125,0.125,0.125,0.125,0.125,0.125
10,10.0,10.0,0.125,0.125,0.125,0.125,0.125,0.125,0.125,0.125
11,11.0,11.0,0.125,0.125,0.125,0.125,0.125,0.125,0.125,0.125
12,12.0,12.0,0.125,0.125,0.125,0.125,0.125,0.125,0.125,0.125
13,13.0,13.0,0.125,0.125,0.125,0.125,0.125,0.125,0.125,0.125
14,14.0,14.0,0.125,0.125,0.125,0.125,0.125,0.125,0.125,0.125
15,15.0,15.0,0.125,0.125,0.125,0.125,0.125,0.125,0.125,0.125
16,16.0,16.0,0.125,0.125,0.125,0.125,0.125,0.125,0.125,0.125
17,17.0,17.0,0.125,0.125,0.125,0.125,0.125,0.125,0.125,0.125
18,18.0,18.0,0.125,0.125,0.125,0.125,0.125,0.125,0.125,0.125
19,19.0,19.0,0.125,0.125,0.125,0.125,0.125,0.125,0.125,0.125
20,20.0,20.0,0.125,0.125,0.125,0.125,0.125,0.125,0.125,0.125
21,21.0,21.0,0.125,0.125,0.125,0.125,0.125,0.125,0.125,0.125
22,22.0,22.0,0.125,0.125,0.125,0.125,0.125,0.125,0.125,0.125
23,23.0,23.0,0.125,0.125,0.125,0.125,0.125,0.125,0.125,0.125
24,24.0,24.0,0.125,0.125,0.125,0.125,0.125,0.125,0.125,0.125
25,25.0,25.0,0.125,0.125,0.125,0.125,0.125,0.125,0.125,0.125
26,26.0,26.0,0.125,0.125,0.125,0.125,0.125,0.125,0.125,0.125
27,27.0,27.0,0.125,0.125,0.125,0.125,0.125,0.125,0.125,0.125
28,28.0,28.0,0.125,0.125,0.125,0.125,0.125,0.125,0.125,0.125
29,29.0,29.0,0.125,0.125,0.125,0.125,0.125,0.125,0.125,0.125
30,30.0,30.0,0.125,0.125,0.125,0.125,0.125,0.125,0.125,0.125
31,31.0,31.0,0.125,0.125,0.125,0.125,0.125,0.125,0.125,0.125
32,32.0,32.0,0.125,0.125,0.125,0.125,0.125,0.125,0.125,0.125
33,33.0,33.0,0.125,0.125,0.125,0.125,0.125,0.125,0.125,0.125
34,34.0,34.0,0.125,0.125,0.125,0.125,0.125,0.125,0.125,0.125
35,35.0,35.0,0.125,0.125,0.125,0.125,0.125,0.125,0.125,0.125
36,36.0,36.0,0.125,0.125,0.125,0.125,0.125,0.125,0.125,0.125
37,37.0,37.0,0.125,0.125,0.125,0.125,0.125,0.125,0.125,0.125
38,38.0,38.0,0.125,0.125,0.125,0.125,0.125,0.125,0.125,0.125
39,39.0,39.0,0.125,0.125,0.125,0.125,0.125,0.125,0.125,0.125
40,40.0,40.0,0.125,0.125,0.125,0.125,0.125,0.125,0.125,0.125
41,41.0,41.0,0.125,0.125,0.125,0.125,0.125,0.125,0.125,0.125
42,42.0,42.0,0.125,0.125,0.125,0.125,0.125,0.125,0.125,0.125
43,43.0,43.0,0.125,0.125,0.125,0.125,0.125,0.125,0.125,0.125
44,44.0,44.0,0.125,0.125,0.125,0.125,0.125,0.125,0.125,0.125
45,45.0,45.0,0.125,0.125,0.125,0.125,0.125,0.125,0.125,0.125
46,46.0,46.0,0.125,0.125,0.125,0.125,0.125,0.125,0.125,0.125
47,47.0,47.0,0.125,0.125,0.125,0.125,0.125,0.125,0.125,0.125
48,48.0,48.0,0.125,0.125,0.125,0.125,0.125,0.125,0.125,0.125
49,49.0,49.0,0.125,0.125,0.125,0.125,0.125,0.125,0.125,0.125
50,50.0,50.0,0.125,0.125,0.125,0.125,0.125,0.125,0.125,0.125
51,51.0,51.0,0.125,0.125,0.125,0.125,0.125,0.125,0.125,0.125
52,52.0,52.0,0.125,0.125,0.125,0.125,0.125,0.125,0.125,0.125
53,53.0,53.0,0.125,0.125,0.125,0.125,0.125,0.125,0.125,0.125
54,54.0,54.0,0.125,0.125,0.125,0.125,0.125,0.125,0.125,0.125
55,55.0,55.0,0.125,0.125,0.125,0.125,0.125,0.125,0.125,0.125
56,56.0,56.0,0.125,0.125,0.125,0.125,0.125,0.125,0.125,0.125
57,57.0,57.0,0.125,0.125,0.125,0.125,0.125,0.125,0.125,0.125
58,58.0,58.0,0.125,0.125,0.125,0.125,0.125,0.125,0.125,0.125
59,59.0,59.0,0.125,0.125,0.125,0.125,0.125,0.125,0.125,0.125
60,60.0,60.0,0.125,0.125,0.125,0.125,0.125,0.125,0.125,0.125
61,61.0,61.0,0.125,0.125,0.125,0.125,0.125,0.125,0.125,0.125
62,62.0,62.0,0.125,0.125,0.125,0.125,0.125,0.125,0.125,0.125
63,63.0,63.0,0.125,0.125,0.125,0.125,0.125,0.125,0.125,0.125
64,64.0,64.0,0.125,0.125,0.125,0.125,0.125,0.125,0.125,0.125
65,65.0,65.0,0.125,0.125,0.125,0.125,0.125,0.125,0.125,0.125
66,66.0,66.0,0.125,0.125,0.125,0.125,0.125,0.125,0.125,0.125
67,67.0,67.0,0.125,0.125,0.125,0.125,0.125,0.125,0.125,0.125
68,68.0,68.0,0.125,0.125,0.125,0.125,0.125,0.125,0.125,0.125
69,69.0,69.1,0.125,0.125,0.125,0.125,0.125,0.125,0.125,0.125
70,70.0,70.1,0.125,0.125,0.125,0.125,0.125,0.125,0.125,0.125
71,71.0,71.1,0.125,0.125,0.125,0.125,0.125,0.125,0.125,0.125
72,72.0,72.1,0.125,0.125,0.125,0.125,0.125,0.125,0.125,0.125
73,73.0,73.1,0.125,0.125,0.125,0.125,0.125,0.125,0.125,0.125
74,74.0,74.1,0.125,0.125,0.125,0.125,0.125,0.125,0.125,0.125
75,75.0,75.1,0.125,0.125,0.125,0.125,0.125,0.125,0.125,0.125
76,76.0,76.1,0.125,0.125,0.125,0.125,0.125,0.125,0.125,0.125
77,77.0,77.1,0.125,0.125,0.125,0.125,0.125,0.125,0.125,0.125
78,78.0,78.1,0.125,0.125,0.125,0.125,0.125,0.125,0.125,0.125
79,79.0,79.1,0.125,0.125,0.125,0.125,0.125,0.125,0.125,0.125
80,80.0,80.1,0.125,0.125,0.125,0.125,0.125,0.125,0.125,0.125
81,81.0,81.1,0.125,0.125,0.125,0.125,0.125,0.125,0.125,0.125
82,82.0,82.1,0.125,0.125,0.125,0.125,0.125,0.125,0.125,0.125
83,83.0,83.2,0.125,0.125,0.125,0.125,0.125,0.125,0.125,0.125
84,84.0,84.2,0.125,0.125,0.125,0.125,0.125,0.125,0.125,0.125
85,85.0,85.2,0.125,0.125,0.125,0.125,0.125,0.125,0.125,0.125
86,86.0,86.2,0.125,0.125,0.125,0.125,0.125,0.125,0.125,0.125
87,87.0,87.3,0.125,0.125,0.125,0.125,0.125,0.125,0.125,0.125
88,88.0,88.3,0.125,0.125,0.125,0.125,0.125,0.125,0.125,0.125
89,89.0,89.3,0.125,0.125,0.125,0.125,0.125,0.125,0.125,0.125
90,90.0,90.3,0.125,0.125,0.125,0.125,0.125,0.125,0.125,0.125
91,91.0,91.3,0.125,0.125,0.125,0.125,0.125,0.125,0.125,0.125
92,92.0,92.3,0.125,0.125,0.125,0.125,0.125,0.125,0.125,0.125
93,93.0,93.3,0.125,0.125,0.125,0.125,0.125,0.125,0.125,0.125
94,94.0,94.3,0.125,0.125,0.125,0.125,0.125,0.125,0.125,0.125
95,95.0,95.3,0.125,0.125,0.125,0.125,0.125,0.125,0.125,0.125
96,96.0,96.3,0.125,0.125,0.125,0.125,0.125,0.125,0.125,0.125
97,97.0,97.3,0.125,0.125,0.125,0.125,0.125,0.125,0.125,0.125
98,98.0,98.3,0.125,0.125,0.125,0.125,0.125,0.125,0.125,0.125
99,99.0,99.3,0.125,0.125,0.125,0.125,0.125,0.125,0.125,0.125
100,100.0,100.3,0.125,0.125,0.125,0.125,0.125,0.125,0.125,0.125
101,101.0,101.3,0.125,0.125,0.125,0.125,0.125,0.125,0.125,0.125
102,102.0,102.3,0.125,0.125,0.125,0.125,0.125,0.125,0.125,0.125
103,103.0,103.3,0.125,0.125,0.125,0.125,0.125,0.125,0.125,0.125
104,104.0,104.3,0.125,0.125,0.125,0.125,0.125,0.125,0.125,0.125
105,105.0,105.3,0.125,0.125,0.125,0.125,0.125,0.125,0.125,0.125
106,106.0,106.3,0.125,0.125,0.125,0.125,0.125,0.125,0.125,0.125
107,107.0,107.3,0.125,0.125,0.125,0.125,0.125,0.125,0.125,0.125
108,108.0,108.3,0.125,0.125,0.125,0.125,0.125,0.125,0.125,0.125
109,109.0,109.3,0.125,0.125,0.125,0.125,0.125,0.125,0.125,0.125
110,110.0,110.3,0.125,0.125,0.125,0.125,0.125,0.125,0.125,0.125
111,111.0,111.3,0.125,0.125,0.125,0.125,0.125,0.125,0.125,0.125
112,112.0,112.3,0.125,0.125,0.125,0.125,0.125,0.125,0.125,0.125
113,113.0,113.3,0.125,0.125,0.125,0.125,0.125,0.125,0.125,0.125
114,114.0,114.3,0.125,0.125,0.125,0.125,0.125,0.125,0.125,0.125
115,115.0,115.3,0.125,0.125,0.125,0.125,0.125,0.125,0.125,0.125
116,116.0,116.3,0.125,0.125,0.125,0.125,0.125,0.125,0.125,0.125
117,117.0,117.3,0.125,0.125,0.125,0.125,0.125,0.125,0.125,0.125
118,118.0,118.3,0.125,0.125,0.125,0.125,0.125,0.125,0.125,0.125
119,119.0,119.3,0.125,0.125,0.125,0.125,0.125,0.125,0.125,0.125
120,120.0,120.3,0.125,0.125,0.125,0.125,0.125,0.125,0.125,0.125
121,121.0,121.3,0.125,0.125,0.125,0.125,0.125,0.125,0.125,0.125
122,122.0,122.3,0.125,0.125,0.125,0.125,0.125,0.125,0.125,0.125
123,123.0,123.3,0.125,0.125,0.125,0.125,0.125,0.125,0.125,0.125
124,124.0,124.3,0.125,0.125,0.125,0.125,0.125,0.125,0.125,0.125
125,125.0,125.3,0.125,0.125,0.125,0.125,0.125,0.125,0.125,0.125
126,126.0,126.3,0.125,0.125,0.125,0.125,0.125,0.125,0.125,0.125
127,127.0,127.3,0.125,0.125,0.125,0.125,0.125,0.125,0.125,0.125
128,128.0,128.3,0.125,0.125,0.125,0.125,0.125,0.125,0.125,0.125
129,129.0,129.3,0.125,0.125,0.125,0.125,0.125,0.125,0.125,0.125
130,130.0,130.3,0.125,0.125,0.125,0.125,0.125,0.125,0.125,0.125
131,131.0,131.3,0.125,0.125,0.125,0.125,0.125,0.125,0.125,0.125
132,132.0,132.3,0.125,0.125,0.125,0.125,0.125,0.125,0.125,0.125
133,133.0,133.3,0.125,0.125,0.125,0.125,0.125,0.125,0.125,0.125
134,134.0,134.3,0.125,0.125,0.125,0.125,0.125,0.125,0.125,0.125
135,135.0,135.3,0.125,0.125,0.125,0.125,0.125,0.125,0.125,0.125
136,136.0,136.3,0.125,0.125,0.125,0.125,0.125,0.125,0.125,0.125
137,137.0,137.3,0.125,0.125,0.125,0.125,0.125,0.125,0.125,0.125
138,138.0,138.3,0.125,0.125,0.125,0.125,0.125,0.125,0.125,0.125
139,139.0,139.3,0.125,0.125,0.125,0.125,0.125,0.125,0.125,0.125
140,140.0,140.3,0.125,0.125,0.125,0.125,0.125,0.125,0.125,0.125
141,141.0,141.3,0.125,0.125,0.125,0.125,0.125,0.125,0.125,0.125
142,142.0,142.3,0.125,0.125,0.125,0.125,0.125,0.125,0.125,0.125
143,143.0,143.3,0.125,0.125,0.125,0.125,0.125,0.125,0.125,0.125
144,144.0,144.3,0.125,0.125,0.125,0.125,0.125,0.125,0.125,0.125
145,145.0,145.3,0.125,0.125,0.125,0.125,0.125,0.125,0.125,0.125
146,146.0,146.3,0.125,0.125,0.125,0.125,0.125,0.125,0.125,0.125
147,147.0,147.3,0.125,0.125,0.125,0.125,0.125,0.125,0.125,0.125
148,148.0,148.3,0.125,0.125,0.125,0.125,0.125,0.125,0.125,0.125
149,149.0,149.3,0.125,0.125,0.125,0.125,0.125,0.125,0.125,0.125
150,150.0,150.3,0.125,0.125,0.125,0.125,0.125,0.125,0.125,0.125
151,151.0,151.3,0.125,0.125,0.125,0.125,0.125,0.125,0.125,0.125
152,152.0,152.3,0.125,0.125,0.125,0.125,0.125,0.125,0.125,0.125
153,153.0,153.3,0.125,0.125,0.125,0.125,0.125,0.125,0.125,0.125
154,154.0,154.3,0.125,0.125,0.125,0.125,0.125,0.125,0.125,0.125
155,155.0,155.3,0.125,0.125,0.125,0.125,0.125,0.125,0.125,0.125
156,156.0,156.3,0.125,0.125,0.125,0.125,0.125,0.125,0.125,0.125
157,157.0,157.3,0.125,0.125,0.125,0.125,0.125,0.125,0.125,0.125
158,158.0,158.3,0.125,0.125,0.125,0.125,0.125,0.125,0.125,0.125
159,159.0,159.3,0.125,0.125,0.125,0.125,0.125,0.125,0.125,0.125
160,160.0,160.3,0.125,0.125,0.125,0.125,0.125,0.125,0.125,0.125
161,161.0,161.3,0.125,0.125,0.125,0.125,0.125,0.125,0.125,0.125
162,162.0,162.3,0.125,0.125,0.125,0.125,0.125,0.125,0.125,0.125
163,163.0,163.3,0.125,0.125,0.125,0.125,0.125,0.125,0.125,0.125
164,164.0,164.3,0.125,0.125,0.125,0.125,0.125,0.125,0.125,0.125
165,165.0,165.3,0.125,0.125,0.125,0.125,0.125,0.125,0.125,0.125
166,166.0,166.3,0.125,0.125,0.125,0.125,0.125,0.125,0.125,0.125
167,167.0,167.3,0.125,0.125,0.125,0.125,0.125,0.125,0.125,0.125
168,168.0,168.3,0.125,0.125,0.125,0.125,0.125,0.125,0.125,0.125
169,169.0,169.3,0.125,0.125,0.125,0.125,0.125,0.125,0.125,0.125
170,170.0,170.3,0.125,0.125,0.125,0.125,0.125,0.125,0.125,0.125
171,171.0,171.3,0.125,0.125,0.125,0.125,0.125,0.125,0.125,0.125
172,172.0,172.3,0.125,0.125,0.125,0.125,0.125,0.125,0.125,0.125
173,173.0,173.3,0.125,0.125,0.125,0.125,0.125,0.125,0.125,0.125
174,174.0,174.3,0.125,0.125,0.125,0.125,0.125,0.125,0.125,0.125
175,175.0,175.3,0.125,0.125,0.125,0.125,0.125,0.125,0.125,0.125
176,176.0,176.3,0.125,0.125,0.125,0.125,0.125,0.125,0.125,0.125
177,177.0,177.3,0.125,0.125,0.125,0.125,0.125,0.125,0.125,0.125
178,178.0,178.3,0.125,0.125,0.125,0.125,0.125,0.125,0.125,0.125
179,179.0,179.3,0.125,0.125,0.125,0.125,0.125,0.125,0.125,0.125
180,180.0,180.3,0.125,0.125,0.125,0.125,0.125,0.125,0.125,0.125
181,181.0,181.3,0.125,0.125,0.125,0.125,0.125,0.125,0.125,0.125
182,182.0,182.3,0.125,0.125,0.125,0.125,0.125,0.125,0.125,0.125
183,183.0,183.4,0.125,0.125,0.125,0.125,0.125,0.125,0.125,0.125
184,184.0,184.4,0.125,0.125,0.125,0.125,0.125,0.125,0.125,0.125
185,185.0,185.4,0.125,0.125,0.125,0.125,0.125,0.125,0.125,0.125
186,186.0,186.4,0.125,0.125,0.125,0.125,0.125,0.125,0.125,0.125
187,187.0,187.4,0.125,0.125,0.125,0.125,0.125,0.125,0.125,0.125
188,188.0,188.4,0.125,0.125,0.125,0.125,0.125,0.125,0.125,0.125
189,189.0,189.4,0.125,0.125,0.125,0.125,0.125,0.125,0.125,0.125
190,190.0,190.4,0.125,0.125,0.125,0.125,0.125,0.125,0.125,0.125
191,191.0,191.4,0.125,0.125,0.125,0.125,0.125,0.125,0.125,0.125
192,192.0,192.4,0.125,0.125,0.125,0.125,0.125,0.125,0.125,0.125
193,193.0,193.4,0.125,0.125,0.125,0.125,0.125,0.125,0.125,0.125
194,194.0,194.4,0.125,0.125,0.125,0.125,0.125,0.125,0.125,0.125
195,195.0,195.4,0.125,0.125,0.125,0.125,0.125,0.125,0.125,0.125
196,196.0,196.4,0.125,0.125,0.125,0.125,0.125,0.125,0.125,0.125
197,197.0,197.4,0.125,0.125,0.125,0.125,0.125,0.125,0.125,0.125
198,198.0,198.4,0.125,0.125,0.125,0.125,0.125,0.125,0.125,0.125
199,199.0,199.4,0.12361111111111112,0.12361111111111112,0.12361111111111112,0.12361111111111112,0.12361111111111112,0.12361111111111112,0.13472222222222224,0.12361111111111112
200,200.0,200.4,0.12222222222222223,0.12222222222222223,0.12222222222222223,0.12222222222222223,0.12222222222222223,0.12222222222222223,0.14444444444444446,0.12222222222222223
201,201.0,201.4,0.12111111111111113,0.12111111111111113,0.12111111111111113,0.12111111111111113,0.12111111111111113,0.13111111111111112,0.1422222222222222,0.12111111111111113
202,202.0,202.4,0.1202020202020202,0.1202020202020202,0.1292929292929293,0.1202020202020202,0.1202020202020202,0.1292929292929293,0.1404040404040404,0.1202020202020202
203,203.0,203.4,0.11944444444444444,0.11944444444444444,0.12777777777777777,0.11944444444444444,0.11944444444444444,0.13611111111111113,0.1388888888888889,0.11944444444444444
204,204.0,204.4,0.11944444444444444,0.11944444444444444,0.12777777777777777,0.11944444444444444,0.11944444444444444,0.13611111111111113,0.1388888888888889,0.11944444444444444
205,205.0,205.4,0.11944444444444444,0.11944444444444444,0.13611111111111113,0.11944444444444444,0.11944444444444444,0.13611111111111113,0.13055555555555554,0.11944444444444444
206,206.0,206.4,0.11944444444444444,0.11944444444444444,0.13611111111111113,0.11944444444444444,0.11944444444444444,0.13611111111111113,0.13055555555555554,0.11944444444444444
207,207.0,207.4,0.11944444444444444,0.11944444444444444,0.13611111111111113,0.11944444444444444,0.11944444444444444,0.13611111111111113,0.13055555555555554,0.11944444444444444
208,208.0,208.4,0.1188034188034188,0.1188034188034188,0.14188034188034188,0.1188034188034188,0.1188034188034188,0.1341880341880342,0.12887286324786323,0.11984508547008547
209,209.0,209.4,0.11825396825396825,0.11825396825396825,0.14682539682539683,0.11825396825396825,0.11825396825396825,0.13253968253968254,0.1283234126984127,0.11929563492063493
210,210.0,210.4,0.11673621338569791,0.11776714122074947,0.15641875306823758,0.11673621338569791,0.11673621338569791,0.13102192767141219,0.12681639666175748,0.11776714122074947
211,211.0,211.4,0.1156251022745868,0.11665603010963835,0.16419653084601538,0.1156251022745868,0.1156251022745868,0.12991081656030107,0.12570528555064636,0.11665603010963835
212,212.0,212.4,0.11423982088930543,0.11527074872435697,0.17484588149536603,0.11423982088930543,0.11423982088930543,0.12757315422263876,0.12432000416536497,0.11527074872435697
213,213.0,213.4,0.11423982088930543,0.11527074872435697,0.17484588149536603,0.11423982088930543,0.11423982088930543,0.12757315422263876,0.12432000416536497,0.11527074872435697
214,214.0,214.4,0.11382315422263875,0.1148540820576903,0.17859588149536604,0.11382315422263875,0.11382315422263875,0.12632315422263876,0.12390333749869833,0.1148540820576903
215,215.0,215.4,0.11382315422263875,0.1148540820576903,0.17859588149536604,0.11382315422263875,0.11382315422263875,0.12632315422263876,0.12390333749869833,0.1148540820576903
216,216.0,216.4,0.11243426533374987,0.11971519316880141,0.17095699260647715,0.11243426533374987,0.123545376444861,0.12493426533374988,0.12251444860980945,0.11346519316880141
217,217.0,217.4,0.11206661827492632,0.11897989905115436,0.17463346319471246,0.11206661827492632,0.12317772938603744,0.12383132415727927,0.1221468015509859,0.11309754610997788
218,218.0,218.4,0.11206661827492632,0.11897989905115436,0.17463346319471246,0.11206661827492632,0.12317772938603744,0.12383132415727927,0.1221468015509859,0.11309754610997788
219,219.0,219.4,0.11206661827492632,0.11897989905115436,0.17463346319471246,0.11206661827492632,0.12317772938603744,0.12383132415727927,0.1221468015509859,0.11309754610997788
220,220.0,220.4,0.10992015362846168,0.11683343440468971,0.18965871571996495,0.10992015362846168,0.12103126473957279,0.12168485951081462,0.12000033690452125,0.11095108146351325
221,221.0,221.4,0.10927912798743604,0.11619240876366406,0.19414589520714448,0.10927912798743604,0.12039023909854715,0.12104383386978898,0.11935931126349561,0.11031005582248758
222,222.0,222.4,0.10907522429261558,0.11463077984817113,0.19420289855072462,0.10798826777087647,0.1201863354037267,0.12465493443754314,0.11801242236024842,0.11124913733609385
223,223.0,223.4,0.10907522429261558,0.11463077984817113,0.19420289855072462,0.10798826777087647,0.1201863354037267,0.12465493443754314,0.11801242236024842,0.11124913733609385
224,224.0,224.4,0.10830663615560639,0.11356979405034325,0.18882278159166033,0.10721967963386728,0.1194177472667175,0.1349389778794813,0.11724383422323922,0.11048054919908465
225,225.0,225.4,0.10651570048309178,0.11151570048309178,0.1980917874396135,0.10542874396135264,0.11762681159420289,0.13667874396135266,0.11545289855072463,0.10868961352657003
226,226.0,226.4,0.10503694231315715,0.11003694231315712,0.1940394998579142,0.10394998579141801,0.11503694231315716,0.13483233873259448,0.12397414038079,0.11309320829781186
227,227.0,227.4,0.10503694231315715,0.11003694231315712,0.1940394998579142,0.10394998579141801,0.11503694231315716,0.13483233873259448,0.12397414038079,0.11309320829781186
228,228.0,228.4,0.1047101449275362,0.10971014492753621,0.19142512077294688,0.1036231884057971,0.11471014492753624,0.13417874396135265,0.12364734299516908,0.1179951690821256
229,229.0,229.4,0.10365199128357021,0.10865199128357021,0.20083217951639,0.10145418908576802,0.11365199128357024,0.13281624807940595,0.12366420129578026,0.115277208171945
230,230.0,230.4,0.10239316239316239,0.10715506715506713,0.19376678876678874,0.1001953601953602,0.12072649572649571,0.13486568986568986,0.12240537240537237,0.11849206349206347
231,231.0,231.4,0.10215506715506714,0.10691697191697189,0.1927228327228327,0.09995726495726494,0.12048840048840048,0.13329059829059828,0.12216727716727713,0.12230158730158727
232,232.0,232.4,0.10721124286341677,0.10612428634167763,0.19912823891084758,0.09940491875274482,0.10991216512955641,0.1357685551163812,0.12160298638559505,0.1208476064997804
233,233.0,233.4,0.10570926657883177,0.10462231005709263,0.19414800175669739,0.09810057092665787,0.10860781730346944,0.13723100570926655,0.1284804567413263,0.1231005709266579
234,234.0,234.4,0.10933245498462887,0.10407883179622308,0.19541611769872638,0.09882520860781727,0.10824549846288974,0.13523825208607815,0.1281181379007466,0.12074549846288976
235,235.0,235.4,0.10901384815900943,0.1036052460084718,0.19395421961550993,0.0996052460084718,0.10793857934180513,0.13762137504072985,0.12782290648419678,0.12043857934180516
236,236.0,236.4,0.10810242624758752,0.10253997794320373,0.19954163220292254,0.09869382409704988,0.09869382409704988,0.1391714915908464,0.1337296663909567,0.11952715743038322
237,237.0,237.4,0.10795997610513738,0.10225507765830344,0.1973267622461171,0.09855137395459974,0.09855137395459974,0.14130824372759856,0.13358721624850656,0.1204599761051374
238,238.0,238.4,0.10668667533183662,0.10118283508606088,0.1992557406750955,0.09761140651463232,0.09761140651463232,0.14631801173736658,0.13264724880853912,0.1186866753318366
239,239.0,239.4,0.10924998006802847,0.10115979439163589,0.20061766716205454,0.0966476887423329,0.0966476887423329,0.14703992306706906,0.13169497006620995,0.11694228776033615
240,240.0,240.4,0.1084196602617655,0.1128056251740462,0.20163742690058478,0.09625591757170701,0.09625591757170701,0.14859509885825675,0.12020328599275967,0.11582706766917292
241,241.0,241.4,0.1084196602617655,0.1128056251740462,0.20163742690058478,0.09625591757170701,0.09625591757170701,0.14859509885825675,0.12020328599275967,0.11582706766917292
242,242.0,242.4,0.10547353231563757,0.11356320093162195,0.1940616693248272,0.09701349332928277,0.10610440242019188,0.14972304498620287,0.11414267993215362,0.11991797676008202
243,243.0,243.4,0.1030211280890398,0.11989215871219264,0.1945585738539898,0.10289442243601835,0.10289442243601835,0.14920612463057284,0.11017512419040432,0.1173580456517638
244,244.0,244.4,0.10105434487225658,0.1237995013695353,0.1959251239705399,0.10937752266911857,0.10028661357820948,0.14723934141378958,0.10692628969156981,0.11539126243498057
245,245.0,245.4,0.09688218765811644,0.12323024140748598,0.2012950990214922,0.10890906915868215,0.09981816006777305,0.14858540403238543,0.10645783618113339,0.11482200247293126
246,246.0,246.4,0.09531061108653986,0.13520252837977292,0.20223674996314314,0.1061627414123544,0.09782940807902106,0.14661700206398348,0.10391963364293084,0.11272132537225414
247,247.0,247.4,0.09417218810601162,0.13604355203619908,0.19617606658047831,0.11202933096315446,0.09774361667744018,0.14736586942469293,0.10378757272139623,0.112681803490627
248,248.0,248.4,0.08948647970387098,0.14007309116004768,0.20138653616914484,0.10982809461070327,0.09662933684672811,0.1484503419286028,0.10268523746784615,0.11146088211305598
249,249.0,249.4,0.08927420043479659,0.13986081189097327,0.20208176723962948,0.10961581534162886,0.09641705757765372,0.1462854007170084,0.10247295819877174,0.11399198859953777
250,250.0,250.4,0.08835072848191286,0.15114735214810177,0.20031795915229197,0.10263644276762714,0.09604303617422054,0.1469585674195869,0.09495607965248143,0.1195898342037772
251,251.0,251.4,0.08601966873705999,0.15184437543133192,0.19604382332643203,0.10935300207039333,0.09316252587991714,0.15556073153899241,0.09207556935817802,0.11594030365769492
252,252.0,252.4,0.0849279758711736,0.1589345007472637,0.19905462004690616,0.10735221829541601,0.09207083301403074,0.1525476011065071,0.0909838764922916,0.11412837442641086
253,253.0,253.4,0.08384940717177555,0.15607227202621937,0.20243493348756503,0.10441717273954114,0.0909922643146327,0.149607311548101,0.0898933632157316,0.12273327549643336
254,254.0,254.4,0.08325924075924074,0.15584165834165833,0.2079562104562105,0.11183066933066929,0.09040209790209788,0.14063519813519812,0.08930319680319677,0.12077172827172825
255,255.0,255.4,0.08143018745959921,0.16315179918121092,0.21014167205343673,0.10795033397974571,0.09476352079293253,0.1382713854772678,0.08699795302736477,0.11729314802844211
256,256.0,256.4,0.08086996336996335,0.16116300366300365,0.2180128205128205,0.10643772893772892,0.09420329670329668,0.13720695970695967,0.08643772893772891,0.11566849816849814
257,257.0,257.4,0.08015748140748138,0.16523407148407146,0.2159529359529359,0.10489191364191361,0.0934908147408147,0.13601828726828724,0.09283480408480405,0.1114196914196914
258,258.0,258.4,0.0798957503848808,0.17144137866963954,0.21933415618198224,0.10463018261931303,0.09322908371821412,0.13466681265594307,0.09231134203960287,0.10449129373042414
259,259.0,259.4,0.07963951588951586,0.17100398475398476,0.22246609246609245,0.1043739481239481,0.09297284922284921,0.1339601277101277,0.09187394812394808,0.10370953370953369
260,260.0,260.4,0.07947284922284921,0.1706706514206514,0.21996609246609244,0.10420728145728145,0.09280618255618253,0.13379346104346104,0.09554061479061478,0.10354286704286701
261,261.0,261.4,0.0793119818777713,0.17035593792172737,0.22260651629072675,0.10404641411220354,0.09264531521110467,0.1317314921920185,0.09257205513784457,0.10673028725660301
262,262.0,262.4,0.08672110297110294,0.16571784696784692,0.2234350834350834,0.10431267806267804,0.08624491249491247,0.1341570004070004,0.09302960927960927,0.10638176638176633
263,263.0,263.4,0.08652472527472525,0.16538919413919412,0.22623626373626368,0.10411630036630035,0.08604853479853478,0.13351190476190475,0.0925686813186813,0.10560439560439558
264,264.0,264.4,0.09169726614848564,0.16954983025104975,0.22226492003931025,0.1035150317162512,0.08544726614848563,0.13145816581792188,0.09149122219244168,0.10457629768605377
265,265.0,265.4,0.09595001602892564,0.165150619347176,0.22669402094796637,0.10193444826335785,0.08460197681323936,0.13207629111682195,0.0902292661905287,0.10336336129198395
266,266.0,266.4,0.09754566783978547,0.16758660729248961,0.21964339581986633,0.10019404342933753,0.08286157197921902,0.1424342215518686,0.08838576456223513,0.10134872752519808
267,267.0,267.4,0.10135649449602935,0.16910985224938707,0.21655890621006896,0.09877611191564677,0.08209723523677007,0.14493677296002877,0.08729463043416527,0.09986999649790343
268,268.0,268.4,0.10975816581079736,0.16493842414895044,0.21980601270074956,0.09736853789485367,0.0812744565376144,0.14268693295009083,0.08591490380964062,0.09825256614730296
269,269.0,269.4,0.10612137660685753,0.1649858454713264,0.2262373274033891,0.09438121718974712,0.07828713583250786,0.14166930921468124,0.09352923090218912,0.09478855737930145
270,270.0,270.4,0.10396947636650151,0.16616727856430372,0.2251114617647798,0.09282044995431722,0.08672636859707797,0.1420409091290098,0.09038937226008162,0.09277468336392818
271,271.0,271.4,0.11119438319750782,0.16278612478924942,0.22747999333566288,0.0914948750090353,0.08903715728815967,0.13926645670071233,0.08772320242581773,0.09101780725385462
272,272.0,272.4,0.10788699001227604,0.1619779081521072,0.22491077477061458,0.09378894703694471,0.0860281990130388,0.14400825337896273,0.09284596458080437,0.08855296305525136
273,273.0,273.4,0.1057870325163558,0.16332283005215334,0.22531822187837225,0.09260587157203695,0.0842040979071054,0.15141177118620724,0.09019144389445137,0.08715873099331742
274,274.0,274.4,0.10524621618982519,0.16544868039228938,0.22592366405524297,0.09223172191217302,0.08382994824724145,0.15083694125423447,0.08981729423458744,0.08666553371440586
275,275.0,275.4,0.10364656094311112,0.16301386031041049,0.2240076976686883,0.09133536336875565,0.08238413915437352,0.1511528214524676,0.09881104558127995,0.08564851152091309
276,276.0,276.4,0.10343060043303294,0.16270877324061753,0.22627818628371482,0.09120852941839228,0.08225730520401016,0.14851897070937317,0.10042903543456391,0.08516859927629494
277,277.0,277.4,0.10906778535054132,0.16215548196764967,0.22592435592718899,0.09254203059825465,0.08122782345485187,0.14631031772713526,0.09841088826277793,0.08436131671159999
278,278.0,278.4,0.10778284474956298,0.1617038747000047,0.23081429303410728,0.09205548272963131,0.08035954952054021,0.1469444896348921,0.0966743403941546,0.08366512523710663
279,279.0,279.4,0.1058886577818466,0.16054498184993538,0.22565475649221778,0.09086291984589194,0.07883300961164735,0.1556839429919925,0.10026118927512111,0.08227054215134708
280,280.0,280.4,0.1051759489220789,0.1598322729901677,0.2244190510212182,0.09011774345365675,0.07812030075187967,0.16148810941380598,0.09951601288288589,0.08133056056430665
281,281.0,281.4,0.10514462060127691,0.1598009446693657,0.22354185803876203,0.09180947277696501,0.07808897243107767,0.16108084124337993,0.09945335624128189,0.08107993399789062
282,282.0,282.4,0.10514462060127691,0.1674932523616734,0.22354185803876203,0.09180947277696501,0.07808897243107767,0.15338853355107224,0.09945335624128189,0.08107993399789062
283,283.0,283.4,0.10555148334637496,0.1680839386361832,0.22095607372503653,0.0920325119926513,0.07831201164676395,0.1566581413942095,0.09691904251579171,0.08148679674298867
284,284.0,284.4,0.09743624332324022,0.17816924806359788,0.2190896287664863,0.08819358775899022,0.07874940320257656,0.15720156726658271,0.10449929121446147,0.07666103040406443
285,285.0,285.4,0.1035964714798386,0.17718661907733915,0.2173205508994048,0.08762665318116633,0.07824296469250829,0.15659747081856615,0.10348641419432492,0.07594285565685158
286,286.0,286.4,0.10250512395310143,0.16832566370746468,0.21698021809766926,0.08684450735965832,0.0904359308912613,0.15642517437222608,0.1031011381084376,0.07538224351018108
287,287.0,287.4,0.10024648320866807,0.1638366308061686,0.22019626440319717,0.08443950015903796,0.09433742086578219,0.15522973291880854,0.10771784354767544,0.07399612409066188
288,288.0,288.4,0.09985151374547295,0.16233872016650291,0.2249732653675173,0.0832545917694526,0.09283951022611649,0.15603694924796316,0.10729555168010876,0.07340989779686566
289,289.0,289.4,0.09949827532336339,0.16100508958753063,0.23077422139244447,0.08219487650312397,0.0915058796471442,0.15523421320554692,0.10691587222151058,0.0728715721193357
290,290.0,290.4,0.09918027602403981,0.1650730552004877,0.23076748411915374,0.08124087860515325,0.09031068736536446,0.15448098605164062,0.10657227128368212,0.07237436135047806
291,291.0,291.4,0.09164181448557827,0.17647476460219713,0.23107517642684602,0.07599301535728999,0.09061837967305678,0.15463483220548677,0.10703380974522059,0.07252820750432423
292,292.0,292.4,0.09123252548611233,0.18248231871626214,0.22870913242094265,0.07564179648894316,0.09002436631849442,0.15250293568146228,0.10687682217239818,0.0725301027153846
293,293.0,293.4,0.09050847414410987,0.1835906260487236,0.23110475415162082,0.08122996484731829,0.08942102272877864,0.14561091227393136,0.10637014787343065,0.07216409793208658
294,294.0,294.4,0.0837547648904006,0.1870221019801995,0.23176067230753894,0.08084077070812415,0.09735646691422283,0.14707037873339784,0.10022143547471825,0.07197340899139765
295,295.0,295.4,0.08382960842101624,0.18561911299849992,0.2312442638451035,0.08394612279398597,0.09706185231675965,0.14620081351600653,0.10004997358661467,0.07204825252201329
296,296.0,296.4,0.08306531524292995,0.18994065352693695,0.23058147835473175,0.08326990246259323,0.0960676740812021,0.14586942077082068,0.09948869578395755,0.07171685977682743
297,297.0,297.4,0.08238821300902548,0.19394840827802975,0.22913200683513404,0.08271209654714355,0.09517551808385676,0.14756892743526423,0.0990151067269183,0.07005972308462763
298,298.0,298.4,0.08274625929887403,0.18882905679034023,0.23145851798177142,0.08725008894277972,0.09533195147047951,0.15090001517641508,0.09284388226414406,0.07064022807519574
299,299.0,299.4,0.08272364509715535,0.18880644258862156,0.23078009193021104,0.08718224633762368,0.09530933726876083,0.15191765425375564,0.0927986538607067,0.070481928663165
300,300.0,300.4,0.08215224546956608,0.18768559241158173,0.22902271848714842,0.08656694855375698,0.10188079478402871,0.15070756057219575,0.09220530515497868,0.06977883456674341
301,301.0,301.4,0.0823624700108076,0.19152411229009694,0.22930411148953342,0.07932814968492716,0.10375921052519517,0.15098927457878866,0.09253815621718434,0.07019451520346659
302,302.0,302.4,0.08539958407605462,0.19357882313764663,0.22882348044112746,0.07863154819037169,0.10196977858742562,0.15001173662938366,0.0920161048102224,0.06956894412776762
303,303.0,303.4,0.08480966278190799,0.19555300440760254,0.22791483770149878,0.07828628573243315,0.10152230743572913,0.1493863891026277,0.09183341321908012,0.07069409961912029
304,304.0,304.4,0.08426100043747099,0.19738529444411795,0.22843276005040702,0.07796305002187352,0.10110592022356726,0.14878463040227746,0.09166201445613206,0.07040532996415347
305,305.0,305.4,0.08424197456228075,0.1973662685689277,0.2278239320443188,0.07790597239630274,0.101086894348377,0.14832800939771124,0.09162396270575154,0.07162298597633002
306,306.0,306.4,0.08424197456228075,0.1973662685689277,0.22980805902844578,0.07790597239630274,0.09553133879282144,0.1518994379691398,0.09162396270575154,0.07162298597633002
307,307.0,307.4,0.08374936372484232,0.19909040649996218,0.22968490631908617,0.07765966697758354,0.09516188066474261,0.1516531325504206,0.09150080999639194,0.07149983326697042
308,308.0,308.4,0.08374936372484232,0.20464596205551774,0.22968490631908617,0.07765966697758354,0.08960632510918706,0.1516531325504206,0.09150080999639194,0.07149983326697042
309,309.0,309.4,0.08345696606402361,0.2060474542918557,0.2285153156758113,0.07391899345469585,0.08902152978754964,0.1566238927843387,0.09120841233557322,0.0712074356061517
310,310.0,310.4,0.08422775290422346,0.1967171262759498,0.23389822551587253,0.07865266821149172,0.08250124411889116,0.1545225111401582,0.09730551509963273,0.07217495673378024
311,311.0,311.4,0.08306747796296382,0.20012391415302627,0.2319671584948225,0.07760028724230261,0.08144849605935194,0.15814974500847864,0.09644980278551632,0.07119311829353774
312,312.0,312.4,0.08276190634160271,0.1983222947198279,0.23456210740556088,0.07722723923767563,0.08346893176399817,0.15686383793309788,0.09590613592605998,0.07088754667217663
313,313.0,313.4,0.0840982511562084,0.1947885096643037,0.237404192856342,0.07778718653675337,0.08381242884662568,0.1572073350157254,0.09267820443725894,0.07222389148678231
314,314.0,314.4,0.08324779303839405,0.19920694843968498,0.23860269114425123,0.0746093246572786,0.08323570208160999,0.15560508382599175,0.09232110859348708,0.07317134821930216
315,315.0,315.4,0.08257513075160132,0.20057232963115315,0.24205058666823373,0.07380592936475286,0.08228718340483043,0.15454425966190669,0.09154396583808344,0.07262061467943817
316,316.0,316.4,0.0815800474035768,0.20251842275371681,0.24077343244990304,0.07272171945701354,0.0812029734970911,0.1586724843783667,0.09063800904977369,0.07189291101055803
317,317.0,317.4,0.08076772247360478,0.20321870286576163,0.24640368455074335,0.0720774617539323,0.0804746821805645,0.1556472742943331,0.09007778496013784,0.07133268692092218
318,318.0,318.4,0.08024947833384362,0.1997942962610145,0.24995561584957868,0.07127202905453675,0.07978837081391257,0.1526597319089579,0.08937392973383682,0.0769065480443189
319,319.0,319.4,0.07712921555568611,0.1971105414193649,0.2558546437222907,0.07073663754546104,0.0791998540675011,0.15887781499546202,0.08876832481244241,0.07232296788179136
320,320.0,320.4,0.07627790201319609,0.19533770195534897,0.2550870278811455,0.06970616382381084,0.08189069806716862,0.1628325238619356,0.08775509510803622,0.07111288728935784
321,321.0,321.4,0.07350772718419775,0.19440388729604413,0.2585560485070289,0.07057910097125779,0.0813047587557391,0.16482385477483513,0.08879422408834167,0.06803039842255525
322,322.0,322.4,0.07300195825737618,0.1951783459652397,0.2625784920031565,0.07014445579977052,0.08079898982891756,0.16256369988310132,0.0883595789168544,0.06737447934558355
323,323.0,323.4,0.07314687823541555,0.19436466021359924,0.2635442040514531,0.070826241248351,0.08137999886093214,0.15654651939009712,0.08858862529480964,0.07160287270534191
324,324.0,324.4,0.07282655915363212,0.19269460026547197,0.26729201770484545,0.07070176155576577,0.08238526337038028,0.15743972363568393,0.08564067858539859,0.07101939572882163
325,325.0,325.4,0.07243953876661174,0.19164620421707593,0.26520669561952337,0.07028144113544536,0.08530512129023819,0.15977183596779626,0.08510473304945307,0.07024442995385585
326,326.0,326.4,0.0722942224896804,0.19142917250698332,0.2644322387714048,0.07007498169076723,0.08511677575341012,0.16056588712024303,0.08613366446575675,0.06995305720175411
327,327.0,327.4,0.07195461956387056,0.1904738060343755,0.2653502862411764,0.07428083331041194,0.08440771469952148,0.15846482726056246,0.08567090883058734,0.06939700405949407
328,328.0,328.4,0.0718795444887955,0.19167500723557668,0.2663908838007613,0.07398053301011165,0.08418248947429625,0.15704885432560217,0.08552075868043718,0.069321928984419
329,329.0,329.4,0.07166609324548735,0.19146155599226855,0.2689358505291347,0.0735378077386852,0.0839690382309881,0.15636972539179522,0.08529148465231892,0.06876844421932168
330,330.0,330.4,0.07351487416288945,0.19146691385094058,0.27497902330398744,0.07239133420625529,0.08407690906853983,0.15486877262463103,0.08149492140286015,0.06720725137989603
331,331.0,331.4,0.07334820749622278,0.19130024718427394,0.2776456899706541,0.07205800087292194,0.08391024240187317,0.1535354392912977,0.0813282547361935,0.0668739180465627
332,332.0,332.4,0.07319436134237663,0.19114640103042776,0.28010722843219255,0.07175030856522963,0.08375639624802701,0.15230467006052847,0.08117440858234733,0.06656622573887037
333,333.0,333.4,0.07305191119992648,0.19470765459168132,0.27868272700769114,0.07146540828032935,0.08361394610557686,0.15116506892092735,0.08103195843989719,0.0662813254539701
334,334.0,334.4,0.07284851231231707,0.19558108441247957,0.2759120365177024,0.07215093089567653,0.0832682997072989,0.1535360489234863,0.08075743579695349,0.06594565143408555
335,335.0,335.4,0.07264282751357899,0.19910204812260418,0.27857375149922026,0.07157449711944343,0.08292766214202911,0.14924373782942524,0.08046921890883693,0.0654662568648617
336,336.0,336.4,0.07277630532400779,0.20093372636081602,0.28132394435830604,0.06881991941023775,0.08355023653955813,0.1459666940805122,0.0808160679852686,0.06581310594129335
337,337.0,337.4,0.07239145726220873,0.20164851066906678,0.28298060590607466,0.0685700241149704,0.08311792233228929,0.14502714361283103,0.08063364907326709,0.06563068702929185
338,338.0,338.4,0.07223488352249836,0.20569996008899244,0.280527999625118,0.0682663098012902,0.08272561658265334,0.14449253155317307,0.08042802847556678,0.06562467035070765
339,339.0,339.4,0.07186353073735248,0.20636751092895705,0.28253286257825677,0.06790821961561382,0.08241836636161003,0.1433298436663473,0.0802489833827286,0.06533068272913382
340,340.0,340.4,0.07175600385563204,0.20615245716551622,0.288928720802072,0.06769316585217296,0.0823108394798896,0.13790172737801593,0.08014145650100817,0.06511562896569298
341,341.0,341.4,0.07153933524629363,0.2056333692013391,0.28854316116690576,0.06733052367288378,0.08511836441893829,0.1360584050693448,0.07990973218555712,0.06586710903873744
342,342.0,342.4,0.07120073583757228,0.2062976337985305,0.2871564279813921,0.06701917851397764,0.08484074061997303,0.13811448415286293,0.07975405960610407,0.0656167394895874
343,343.0,343.4,0.07081834563093528,0.210849175035868,0.2868871695019471,0.06648087893694062,0.08439447120311536,0.1357656111224978,0.07948490981758553,0.06531943875111018
344,344.0,344.4,0.07084638715524313,0.21206605362135753,0.2889429592564467,0.06629062567933336,0.0877337880636789,0.12949414163208248,0.07944018641458836,0.06518585817726935
345,345.0,345.4,0.07069263946956197,0.21268554546404586,0.29105992820709786,0.06584370216349944,0.08746929840679066,0.1282418587071445,0.07921672465667143,0.06479030292518813
346,346.0,346.4,0.07062577974469952,0.21124447855102274,0.29471540758496373,0.06557626326404961,0.08729673043668504,0.12688895363595692,0.07908300520694649,0.06456938157567582
347,347.0,347.4,0.07341480946011156,0.21170357310407276,0.2935208823254976,0.06530999527898611,0.08671371178286193,0.1261885146081327,0.07889946798860828,0.06424904545172885
348,348.0,348.4,0.0730821799805294,0.2120266074051544,0.29693847054009864,0.06480108630726639,0.08609067826287573,0.12467858413719583,0.07859766501789993,0.06378472834897951
349,349.0,349.4,0.07285561768235585,0.21552166023524558,0.2951892649290005,0.06451872303257575,0.08558924448778467,0.12426627692181955,0.07841192010069722,0.06364729261052075
350,350.0,350.4,0.07312529589321053,0.2180372236331619,0.28864412071651346,0.06864351362795458,0.08624030602119914,0.1248018868691942,0.07543229859166396,0.06507535464710205
351,351.0,351.4,0.07289866034443342,0.22065979356516915,0.2893461955338333,0.06816411922841498,0.08572877018752174,0.12338900421765457,0.07519260139189415,0.06462085553107844
352,352.0,352.4,0.07311041490320865,0.22225650428815347,0.28847335118151995,0.06728203726112152,0.08866544964473225,0.12352139369706472,0.07299838605010239,0.06369246297409681
353,353.0,353.4,0.07311041490320865,0.22225650428815347,0.29217705488522366,0.06357833355741782,0.08866544964473225,0.12352139369706472,0.07299838605010239,0.06369246297409681
354,354.0,354.4,0.07298383262472764,0.22201916251600157,0.29198718146750213,0.06343592849412669,0.08847557622701072,0.1246448114185837,0.07288762655643152,0.06356588069561579
355,355.0,355.4,0.07298383262472764,0.22201916251600157,0.29198718146750213,0.06343592849412669,0.08847557622701072,0.1246448114185837,0.07288762655643152,0.06356588069561579
