,Unnamed: 0,Total_iterations,Intertwine_two,Add_vertex,Delete_vertex,Invert_path_vertices,Insert_inside_vertex,Delete_inside_vertex,Replace_inside_vertex,Donate_between_routes
0,0.0,0.0,0.125,0.125,0.125,0.125,0.125,0.125,0.125,0.125
1,1.0,0.10900000000000001,0.125,0.125,0.125,0.125,0.125,0.125,0.125,0.125
2,2.0,0.31601,0.125,0.125,0.125,0.125,0.125,0.125,0.125,0.125
3,3.0,0.6191589000000001,0.125,0.125,0.125,0.125,0.125,0.125,0.125,0.125
4,4.0,1.015801321,0.125,0.125,0.125,0.125,0.125,0.125,0.125,0.125
5,5.0,1.50262148669,0.125,0.125,0.125,0.125,0.125,0.125,0.125,0.125
6,6.0,2.0757334209441005,0.125,0.125,0.125,0.125,0.125,0.125,0.125,0.125
7,7.0,2.7307768275633495,0.125,0.125,0.125,0.125,0.125,0.125,0.125,0.125
8,8.0,3.4630081252450404,0.125,0.125,0.125,0.125,0.125,0.125,0.125,0.125
9,9.0,4.2673862119061114,0.125,0.125,0.125,0.125,0.125,0.125,0.125,0.125
10,10.0,5.138652627782014,0.125,0.125,0.125,0.125,0.125,0.125,0.125,0.125
11,11.0,6.071405875792507,0.125,0.125,0.125,0.125,0.125,0.125,0.125,0.125
12,12.0,7.060169740244025,0.125,0.125,0.125,0.125,0.125,0.125,0.125,0.125
13,13.0,8.099455520847952,0.125,0.125,0.125,0.125,0.125,0.125,0.125,0.125
14,14.0,9.183818168183006,0.125,0.125,0.125,0.125,0.125,0.125,0.125,0.125
15,15.0,10.307906369102724,0.125,0.125,0.125,0.125,0.125,0.125,0.125,0.125
16,16.0,11.466506686239443,0.125,0.125,0.125,0.125,0.125,0.125,0.125,0.125
17,17.0,12.654581904800096,0.125,0.125,0.125,0.125,0.125,0.125,0.125,0.125
18,18.0,13.867303782456686,0.125,0.125,0.125,0.125,0.125,0.125,0.125,0.125
19,19.0,15.100080434523047,0.125,0.125,0.125,0.125,0.125,0.125,0.125,0.125
20,20.0,16.348578617037543,0.125,0.125,0.125,0.125,0.125,0.125,0.125,0.125
21,21.0,17.608741195130214,0.125,0.125,0.125,0.125,0.125,0.125,0.125,0.125
22,22.0,18.876800103462312,0.125,0.125,0.125,0.125,0.125,0.125,0.125,0.125
23,23.0,20.14928511992658,0.125,0.125,0.125,0.125,0.125,0.125,0.125,0.125
24,24.0,21.423028783545156,0.125,0.125,0.125,0.125,0.125,0.125,0.125,0.125
25,25.0,22.695167792966423,0.125,0.125,0.125,0.125,0.125,0.125,0.125,0.125
26,26.0,23.963141223515898,0.125,0.125,0.125,0.125,0.125,0.125,0.125,0.125
27,27.0,25.224685898775267,0.125,0.125,0.125,0.125,0.125,0.125,0.125,0.125
28,28.0,26.477829247520948,0.125,0.125,0.125,0.125,0.125,0.125,0.125,0.125
29,29.0,27.720879968916847,0.125,0.125,0.125,0.125,0.125,0.125,0.125,0.125
30,30.0,28.95241681848399,0.125,0.125,0.125,0.125,0.125,0.125,0.125,0.125
31,31.0,30.17127581490958,0.125,0.125,0.125,0.125,0.125,0.125,0.125,0.125
32,32.0,31.376536153543515,0.125,0.125,0.125,0.125,0.125,0.125,0.125,0.125
33,33.0,32.567505096778625,0.125,0.125,0.125,0.125,0.125,0.125,0.125,0.125
34,34.0,33.74370209472243,0.125,0.125,0.125,0.125,0.125,0.125,0.125,0.125
35,35.0,34.90484237192463,0.125,0.125,0.125,0.125,0.125,0.125,0.125,0.125
36,36.0,36.05082019768737,0.125,0.125,0.125,0.125,0.125,0.125,0.125,0.125
37,37.0,37.18169203889697,0.125,0.125,0.125,0.125,0.125,0.125,0.125,0.125
38,38.0,38.29765977559663,0.125,0.125,0.125,0.125,0.125,0.125,0.125,0.125
39,39.0,39.399054140870355,0.125,0.125,0.125,0.125,0.125,0.125,0.125,0.125
40,40.0,40.48631852820801,0.125,0.125,0.125,0.125,0.125,0.125,0.125,0.125
41,41.0,41.55999329152982,0.125,0.125,0.125,0.125,0.125,0.125,0.125,0.125
42,42.0,42.62070064560415,0.125,0.125,0.125,0.125,0.125,0.125,0.125,0.125
43,43.0,43.669130257815,0.125,0.125,0.125,0.125,0.125,0.125,0.125,0.125
44,44.0,44.70602560622662,0.125,0.125,0.125,0.125,0.125,0.125,0.125,0.125
45,45.0,45.73217116373481,0.125,0.125,0.125,0.125,0.125,0.125,0.125,0.125
46,46.0,46.748380453854836,0.125,0.125,0.125,0.125,0.125,0.125,0.125,0.125
47,47.0,47.755485010424316,0.125,0.125,0.125,0.125,0.125,0.125,0.125,0.125
48,48.0,48.7543242612326,0.125,0.125,0.125,0.125,0.125,0.125,0.125,0.125
49,49.0,49.745736344347726,0.125,0.125,0.125,0.125,0.125,0.125,0.125,0.125
50,50.0,50.730549855707864,0.125,0.125,0.125,0.125,0.125,0.125,0.125,0.125
51,51.0,51.70957651737491,0.125,0.125,0.125,0.125,0.125,0.125,0.125,0.125
52,52.0,52.68360474770151,0.125,0.125,0.125,0.125,0.125,0.125,0.125,0.125
53,53.0,53.65339410751842,0.125,0.125,0.125,0.125,0.125,0.125,0.125,0.125
54,54.0,54.61967059027847,0.125,0.125,0.125,0.125,0.125,0.125,0.125,0.125
55,55.0,55.58312271885972,0.125,0.125,0.125,0.125,0.125,0.125,0.125,0.125
56,56.0,56.544398407394254,0.125,0.125,0.125,0.125,0.125,0.125,0.125,0.125
57,57.0,57.504102543001395,0.125,0.125,0.125,0.125,0.125,0.125,0.125,0.125
58,58.0,58.462795239617805,0.125,0.125,0.125,0.125,0.125,0.125,0.125,0.125
59,59.0,59.42099071417639,0.125,0.125,0.125,0.125,0.125,0.125,0.125,0.125
60,60.0,60.379156734137354,0.125,0.125,0.125,0.125,0.125,0.125,0.125,0.125
61,61.0,61.337714584760846,0.125,0.125,0.125,0.125,0.125,0.125,0.125,0.125
62,62.0,62.29703950447439,0.125,0.125,0.125,0.125,0.125,0.125,0.125,0.125
63,63.0,63.257461537171835,0.125,0.125,0.125,0.125,0.125,0.125,0.125,0.125
64,64.0,64.21926675122782,0.125,0.125,0.125,0.125,0.125,0.125,0.125,0.125
65,65.0,65.18269877636592,0.125,0.125,0.125,0.125,0.125,0.125,0.125,0.125
66,66.0,66.14796061122655,0.125,0.125,0.125,0.125,0.125,0.125,0.125,0.125
67,67.0,67.11521665648885,0.125,0.125,0.125,0.125,0.125,0.125,0.125,0.125
68,68.0,68.08459493066005,0.125,0.125,0.125,0.125,0.125,0.125,0.125,0.125
69,69.0,69.06618942810752,0.125,0.125,0.125,0.125,0.125,0.125,0.125,0.125
70,70.0,70.04996258152917,0.125,0.125,0.125,0.125,0.125,0.125,0.125,0.125
71,71.0,71.03585879379335,0.125,0.125,0.125,0.125,0.125,0.125,0.125,0.125
72,72.0,72.02380679689318,0.125,0.125,0.125,0.125,0.125,0.125,0.125,0.125
73,73.0,73.0137219317141,0.125,0.125,0.125,0.125,0.125,0.125,0.125,0.125
74,74.0,74.00550833373579,0.125,0.125,0.125,0.125,0.125,0.125,0.125,0.125
75,75.0,74.99906101221795,0.125,0.125,0.125,0.125,0.125,0.125,0.125,0.125
76,76.0,75.99426781272972,0.125,0.125,0.125,0.125,0.125,0.125,0.125,0.125
77,77.0,76.991011255063,0.125,0.125,0.125,0.125,0.125,0.125,0.125,0.125
78,78.0,77.98917024061234,0.125,0.125,0.125,0.125,0.125,0.125,0.125,0.125
79,79.0,78.98862162520061,0.125,0.125,0.125,0.125,0.125,0.125,0.125,0.125
80,80.0,79.98924165507806,0.125,0.125,0.125,0.125,0.125,0.125,0.125,0.125
81,81.0,80.99090726541698,0.125,0.125,0.125,0.125,0.125,0.125,0.125,0.125
82,82.0,81.99349724206783,0.125,0.125,0.125,0.125,0.125,0.125,0.125,0.125
83,83.0,83.00689324863293,0.125,0.125,0.125,0.125,0.125,0.125,0.125,0.125
84,84.0,84.02088072205518,0.125,0.125,0.125,0.125,0.125,0.125,0.125,0.125
85,85.0,85.03526064091466,0.125,0.125,0.125,0.125,0.125,0.125,0.125,0.125
86,86.0,86.04984996147904,0.125,0.125,0.125,0.125,0.125,0.125,0.125,0.125
87,87.0,87.0744818503722,0.125,0.125,0.125,0.125,0.125,0.125,0.125,0.125
88,88.0,88.0989057318723,0.125,0.125,0.125,0.125,0.125,0.125,0.125,0.125
89,89.0,89.12289816790368,0.125,0.125,0.125,0.125,0.125,0.125,0.125,0.125
90,90.0,90.14626237865289,0.125,0.125,0.125,0.125,0.125,0.125,0.125,0.125
91,91.0,91.16882754454065,0.125,0.125,0.125,0.125,0.125,0.125,0.125,0.125
92,92.0,92.19044791839423,0.125,0.125,0.125,0.125,0.125,0.125,0.125,0.125
93,93.0,93.2110017756785,0.125,0.125,0.125,0.125,0.125,0.125,0.125,0.125
94,94.0,94.23039022947756,0.125,0.125,0.125,0.125,0.125,0.125,0.125,0.125
95,95.0,95.24853593560195,0.125,0.125,0.125,0.125,0.125,0.125,0.125,0.125
96,96.0,96.26538171175787,0.125,0.125,0.125,0.125,0.125,0.125,0.125,0.125
97,97.0,97.28088909318062,0.125,0.125,0.125,0.125,0.125,0.125,0.125,0.125
98,98.0,98.29503684552928,0.125,0.125,0.125,0.125,0.125,0.125,0.125,0.125
99,99.0,99.30781945418778,0.125,0.125,0.125,0.125,0.125,0.125,0.125,0.125
100,100.0,100.31924560743856,0.125,0.125,0.125,0.125,0.125,0.125,0.125,0.125
101,101.0,101.32933668928987,0.125,0.125,0.125,0.125,0.125,0.125,0.125,0.125
102,102.0,102.33812529606317,0.125,0.125,0.125,0.125,0.125,0.125,0.125,0.125
103,103.0,103.3456537891985,0.125,0.125,0.125,0.125,0.125,0.125,0.125,0.125
104,104.0,104.35197289512831,0.125,0.125,0.125,0.125,0.125,0.125,0.125,0.125
105,105.0,105.35714036151386,0.125,0.125,0.125,0.125,0.125,0.125,0.125,0.125
106,106.0,106.3612196776457,0.125,0.125,0.125,0.125,0.125,0.125,0.125,0.125
107,107.0,107.36427886538792,0.125,0.125,0.125,0.125,0.125,0.125,0.125,0.125
108,108.0,108.36638934570202,0.125,0.125,0.125,0.125,0.125,0.125,0.125,0.125
109,109.0,109.36762488452769,0.125,0.125,0.125,0.125,0.125,0.125,0.125,0.125
110,110.0,110.36806062062553,0.125,0.125,0.125,0.125,0.125,0.125,0.125,0.125
111,111.0,111.36777217690732,0.125,0.125,0.125,0.125,0.125,0.125,0.125,0.125
112,112.0,112.36683485579188,0.125,0.125,0.125,0.125,0.125,0.125,0.125,0.125
113,113.0,113.36532291823005,0.125,0.125,0.125,0.125,0.125,0.125,0.125,0.125
114,114.0,114.3633089452421,0.125,0.125,0.125,0.125,0.125,0.125,0.125,0.125
115,115.0,115.36086328010052,0.125,0.125,0.125,0.125,0.125,0.125,0.125,0.125
116,116.0,116.35805354867209,0.125,0.125,0.125,0.125,0.125,0.125,0.125,0.125
117,117.0,117.3549442548998,0.125,0.125,0.125,0.125,0.125,0.125,0.125,0.125
118,118.0,118.35159644795573,0.125,0.125,0.125,0.125,0.125,0.125,0.125,0.125
119,119.0,119.3480674572265,0.125,0.125,0.125,0.125,0.125,0.125,0.125,0.125
120,120.0,120.34441069099795,0.125,0.125,0.125,0.125,0.125,0.125,0.125,0.125
121,121.0,121.34067549448227,0.125,0.125,0.125,0.125,0.125,0.125,0.125,0.125
122,122.0,122.33690706267333,0.125,0.125,0.125,0.125,0.125,0.125,0.125,0.125
123,123.0,123.33314640341855,0.125,0.125,0.125,0.125,0.125,0.125,0.125,0.125
124,124.0,124.32943034605506,0.125,0.125,0.125,0.125,0.125,0.125,0.125,0.125
125,125.0,125.32579159096737,0.125,0.125,0.125,0.125,0.125,0.125,0.125,0.125
126,126.0,126.32225879547877,0.125,0.125,0.125,0.125,0.125,0.125,0.125,0.125
127,127.0,127.31885669158426,0.125,0.125,0.125,0.125,0.125,0.125,0.125,0.125
128,128.0,128.31560623116334,0.125,0.125,0.125,0.125,0.125,0.125,0.125,0.125
129,129.0,129.3125247544729,0.125,0.125,0.125,0.125,0.125,0.125,0.125,0.125
130,130.0,130.30962617790675,0.125,0.125,0.125,0.125,0.125,0.125,0.125,0.125
131,131.0,131.30692119721814,0.125,0.125,0.125,0.125,0.125,0.125,0.125,0.125
132,132.0,132.30441750262622,0.125,0.125,0.125,0.125,0.125,0.125,0.125,0.125
133,133.0,133.30212000246726,0.125,0.125,0.125,0.125,0.125,0.125,0.125,0.125
134,134.0,134.30003105229952,0.125,0.125,0.125,0.125,0.125,0.125,0.125,0.125
135,135.0,135.29815068662555,0.125,0.125,0.125,0.125,0.125,0.125,0.125,0.125
136,136.0,136.2964768506527,0.125,0.125,0.125,0.125,0.125,0.125,0.125,0.125
137,137.0,137.29500562977063,0.125,0.125,0.125,0.125,0.125,0.125,0.125,0.125
138,138.0,138.29373147467905,0.125,0.125,0.125,0.125,0.125,0.125,0.125,0.125
139,139.0,139.29264742034985,0.125,0.125,0.125,0.125,0.125,0.125,0.125,0.125
140,140.0,140.29174529725006,0.125,0.125,0.125,0.125,0.125,0.125,0.125,0.125
141,141.0,141.29101593348776,0.125,0.125,0.125,0.125,0.125,0.125,0.125,0.125
142,142.0,142.2904493467668,0.125,0.125,0.125,0.125,0.125,0.125,0.125,0.125
143,143.0,143.29003492525027,0.125,0.125,0.125,0.125,0.125,0.125,0.125,0.125
144,144.0,144.2897615966329,0.125,0.125,0.125,0.125,0.125,0.125,0.125,0.125
145,145.0,145.28961798491093,0.125,0.125,0.125,0.125,0.125,0.125,0.125,0.125
146,146.0,146.28959255451204,0.125,0.125,0.125,0.125,0.125,0.125,0.125,0.125
147,147.0,147.2896737416079,0.125,0.125,0.125,0.125,0.125,0.125,0.125,0.125
148,148.0,148.28985007257813,0.125,0.125,0.125,0.125,0.125,0.125,0.125,0.125
149,149.0,149.29011026972555,0.125,0.125,0.125,0.125,0.125,0.125,0.125,0.125
150,150.0,150.29044334446098,0.125,0.125,0.125,0.125,0.125,0.125,0.125,0.125
151,151.0,151.29083867827825,0.125,0.125,0.125,0.125,0.125,0.125,0.125,0.125
152,152.0,152.291286091931,0.125,0.125,0.125,0.125,0.125,0.125,0.125,0.125
153,153.0,153.29177590329917,0.125,0.125,0.125,0.125,0.125,0.125,0.125,0.125
154,154.0,154.29229897449753,0.125,0.125,0.125,0.125,0.125,0.125,0.125,0.125
155,155.0,155.2928467488311,0.125,0.125,0.125,0.125,0.125,0.125,0.125,0.125
156,156.0,156.29341127824298,0.125,0.125,0.125,0.125,0.125,0.125,0.125,0.125
157,157.0,157.29398524193124,0.125,0.125,0.125,0.125,0.125,0.125,0.125,0.125
158,158.0,158.2945619568314,0.125,0.125,0.125,0.125,0.125,0.125,0.125,0.125
159,159.0,159.2951353806732,0.125,0.125,0.125,0.125,0.125,0.125,0.125,0.125
160,160.0,160.2957001083241,0.125,0.125,0.125,0.125,0.125,0.125,0.125,0.125
161,161.0,161.29625136212667,0.125,0.125,0.125,0.125,0.125,0.125,0.125,0.125
162,162.0,162.29678497692768,0.125,0.125,0.125,0.125,0.125,0.125,0.125,0.125
163,163.0,163.29729738047936,0.125,0.125,0.125,0.125,0.125,0.125,0.125,0.125
164,164.0,164.29778556987105,0.125,0.125,0.125,0.125,0.125,0.125,0.125,0.125
165,165.0,165.29824708462488,0.125,0.125,0.125,0.125,0.125,0.125,0.125,0.125
166,166.0,166.29867997705708,0.125,0.125,0.125,0.125,0.125,0.125,0.125,0.125
167,167.0,167.2990827804755,0.125,0.125,0.125,0.125,0.125,0.125,0.125,0.125
168,168.0,168.29945447574732,0.125,0.125,0.125,0.125,0.125,0.125,0.125,0.125
169,169.0,169.2997944567345,0.125,0.125,0.125,0.125,0.125,0.125,0.125,0.125
170,170.0,170.3001024950556,0.125,0.125,0.125,0.125,0.125,0.125,0.125,0.125
171,171.0,171.300378704594,0.125,0.125,0.125,0.125,0.125,0.125,0.125,0.125
172,172.0,172.30062350613264,0.125,0.125,0.125,0.125,0.125,0.125,0.125,0.125
173,173.0,173.3008375924561,0.125,0.125,0.125,0.125,0.125,0.125,0.125,0.125
174,174.0,174.30102189422266,0.125,0.125,0.125,0.125,0.125,0.125,0.125,0.125
175,175.0,175.30117754687032,0.125,0.125,0.125,0.125,0.125,0.125,0.125,0.125
176,176.0,176.30130585878453,0.125,0.125,0.125,0.125,0.125,0.125,0.125,0.125
177,177.0,177.30140828091945,0.125,0.125,0.125,0.125,0.125,0.125,0.125,0.125
178,178.0,178.3014863780317,0.125,0.125,0.125,0.125,0.125,0.125,0.125,0.125
179,179.0,179.3015418016524,0.125,0.125,0.125,0.125,0.125,0.125,0.125,0.125
180,180.0,180.30157626489452,0.125,0.125,0.125,0.125,0.125,0.125,0.125,0.125
181,181.0,181.30159151916348,0.125,0.125,0.125,0.125,0.125,0.125,0.125,0.125
182,182.0,182.3015893328139,0.125,0.125,0.125,0.125,0.125,0.125,0.125,0.125
183,183.0,183.31157147177117,0.125,0.125,0.125,0.125,0.125,0.125,0.125,0.125
184,184.0,184.32143968211497,0.125,0.125,0.125,0.125,0.125,0.125,0.125,0.125
185,185.0,185.33110667460323,0.125,0.125,0.125,0.125,0.125,0.125,0.125,0.125
186,186.0,186.3404959010967,0.125,0.125,0.125,0.125,0.125,0.125,0.125,0.125
187,187.0,187.3495412459298,0.125,0.125,0.125,0.125,0.125,0.125,0.125,0.125
188,188.0,188.3581866438203,0.125,0.125,0.125,0.125,0.125,0.125,0.125,0.125
189,189.0,189.36638563548354,0.125,0.125,0.125,0.125,0.125,0.125,0.125,0.125
190,190.0,190.37410087162561,0.125,0.125,0.125,0.125,0.125,0.125,0.125,0.125
191,191.0,191.38130357543724,0.125,0.125,0.125,0.125,0.125,0.125,0.125,0.125
192,192.0,192.38797297311334,0.125,0.125,0.125,0.125,0.125,0.125,0.125,0.125
193,193.0,193.3940957012907,0.125,0.125,0.125,0.125,0.125,0.125,0.125,0.125
194,194.0,194.39966519963738,0.125,0.125,0.125,0.125,0.125,0.125,0.125,0.125
195,195.0,195.40468109615304,0.125,0.125,0.125,0.125,0.125,0.125,0.125,0.125
196,196.0,196.4091485920556,0.125,0.125,0.125,0.125,0.125,0.125,0.125,0.125
197,197.0,197.41307785244734,0.125,0.125,0.125,0.125,0.125,0.125,0.125,0.125
198,198.0,198.41648340827544,0.125,0.125,0.125,0.125,0.125,0.125,0.125,0.125
199,199.0,199.41938357443797,0.12486111111111112,0.12486111111111112,0.12486111111111112,0.12486111111111112,0.12486111111111112,0.12486111111111112,0.12597222222222224,0.12486111111111112
200,200.0,200.4217998882399,0.12458472222222225,0.12458472222222225,0.12458472222222225,0.12458472222222225,0.12458472222222225,0.12458472222222225,0.12790694444444445,0.12458472222222225
201,201.0,201.42375657177922,0.12420123611111114,0.12420123611111114,0.12420123611111114,0.12420123611111114,0.12420123611111114,0.12520123611111114,0.12959134722222224,0.12420123611111114
202,202.0,202.42528002124683,0.12373428827020205,0.12373428827020205,0.12464337917929295,0.12373428827020205,0.12373428827020205,0.12563337917929296,0.13105180029040406,0.12373428827020205
203,203.0,203.4263983255552,0.12320295495694447,0.12320295495694447,0.1249362882902778,0.12320295495694447,0.12320295495694447,0.12674072162361114,0.1323082153013889,0.12320295495694447
204,204.0,204.42714081617717,0.12268716986988765,0.12268716986988765,0.12522832138503914,0.12268716986988765,0.12268716986988765,0.12783103371837248,0.13350479554715025,0.12268716986988765
205,205.0,205.42753764957516,0.12219053603728208,0.12219053603728208,0.12634997906758508,0.12219053603728208,0.12219053603728208,0.12889511537758508,0.13380222536841954,0.12219053603728208
206,206.0,206.42761942313763,0.12171610467200869,0.12171610467200869,0.1274570823023117,0.12171610467200869,0.12171610467200869,0.1299249488282117,0.13403744550943325,0.12171610467200869
207,207.0,207.4274168251125,0.121266399840987,0.121266399840987,0.12854001550165364,0.121266399840987,0.121266399840987,0.13091366055660464,0.1342143247368068,0.121266399840987
208,208.0,208.42696031863872,0.12077934337499949,0.12077934337499949,0.13016728941407907,0.12077934337499949,0.12077934337499949,0.13166316792539567,0.13416865911886128,0.12088351004166614
209,209.0,209.42627985962594,0.12026628825494987,0.12026628825494987,0.13224347195443004,0.12026628825494987,0.12026628825494987,0.1321981380550988,0.13401965704905525,0.12047357992161653
210,210.0,210.42540464791816,0.11963263996006836,0.11973573274357352,0.13521719111373967,0.11963263996006836,0.11963263996006836,0.13253125112985045,0.1336778911390579,0.11994001399357351
211,211.0,211.424362910902,0.11892228111782019,0.11912743575699544,0.1388833317544411,0.11892228111782019,0.11892228111782019,0.13270484855143144,0.13319057576417614,0.11932696481949545
212,212.0,212.42318171847845,0.11811145823283636,0.11841672627407346,0.1435009253869232,0.11811145823283636,0.11811145823283636,0.13259937967717678,0.13253861088611915,0.11860998307719847
213,213.0,213.42188682811246,0.11734300126291561,0.11774562796394653,0.14797020921724152,0.11734300126291561,0.11734300126291561,0.1324541954358022,0.1318696564286603,0.1179313071656028
214,214.0,214.42050255850194,0.11657869151958417,0.11707522402576971,0.15263632138730926,0.11657869151958417,0.11657869151958417,0.13214971920643342,0.13115043422764772,0.11725222659408754
215,215.0,215.41905169026745,0.11586325737761642,0.11644964906172979,0.1570954179414508,0.11586325737761642,0.11586325737761642,0.1318174249501636,0.1304306632794469,0.11661707263435984
216,216.0,216.41755539195373,0.11506007672940678,0.11635678703516458,0.16055972058682844,0.11506007672940678,0.1161711878405179,0.13132452852335663,0.12957870727936982,0.11588891527594934
217,217.0,217.41603316955187,0.11427419132617918,0.11623326586082756,0.16414921274668834,0.11427419132617918,0.11648530243729029,0.13070672498968722,0.12870453958672246,0.11517257172642605
218,218.0,218.41450283769467,0.11354481873276182,0.1161495631358275,0.16748459819504247,0.11354481873276182,0.1168349298438729,0.13008194780106067,0.1278522112829825,0.1145071122756906
219,219.0,219.41298051064624,0.11287360139410783,0.11610253404248072,0.1705579337485579,0.11287360139410783,0.11721302250521892,0.12945714209485895,0.12702806171229655,0.11389410310837157
220,220.0,220.41148061119617,0.11204678949348096,0.1158743350439089,0.17486721629370858,0.11204678949348096,0.11739830650459206,0.12862391231525516,0.12602286803241963,0.11311978282315406
221,221.0,221.4100158955792,0.11121728986016402,0.1156144443746995,0.17934220352732472,0.11121728986016402,0.11753728912227512,0.12774051242146478,0.12499386584514886,0.11233710498875932
222,222.0,222.4085974925681,0.11043096820196945,0.1152301595247514,0.18352342928873544,0.11032227254979554,0.11767051260847056,0.1272395957883121,0.1238767294404639,0.11170633259750196
223,223.0,223.40723495493245,0.1097097212705008,0.1148783093630323,0.187393327166625,0.10949341692267472,0.117815571973999,0.12676292420496696,0.1228126636054453,0.11113406549275624
224,224.0,224.405936321511,0.10897739524869923,0.1144530703425537,0.19040631927466017,0.10865553655304708,0.11789297422357096,0.12734124422647594,0.12173014312777566,0.11054331700321757
225,225.0,225.4047081882166,0.10813250067089544,0.11385611310447571,0.19402907737985714,0.10770799208393894,0.11779879041136575,0.12811168619055122,0.12053191804157617,0.10983192211733997
226,226.0,226.4035557863695,0.10720805173200053,0.11314757164699822,0.19692495801696203,0.1066845337635223,0.11745331826410484,0.12870611401305115,0.12025484945209464,0.1096206031112666
227,227.0,227.40248306684342,0.10635433659280667,0.11247877804193006,0.19950239600876596,0.10573607579542628,0.11711822957206054,0.12930236130049652,0.12004268063084822,0.10946514205766603
228,228.0,228.4014927886015,0.1055401392861736,0.11181976570151889,0.20150602333138426,0.10483192298553769,0.11676315713806956,0.1298289241563942,0.11985836355066377,0.10985170385025833
229,229.0,229.40058661029775,0.10469324640222089,0.11109974302301243,0.20414918477050067,0.10378919817883762,0.11631724646097574,0.13021007933655698,0.11973205380300395,0.11000924802489204
230,230.0,230.3997651837214,0.10379474736643615,0.11027755268211187,0.2057883209382042,0.10270151287283609,0.1165967247441098,0.13078412486476038,0.11953181361599707,0.11052520291554474
231,231.0,231.39902824796548,0.10294827286068761,0.1094825469962214,0.20703893256302763,0.10167372504685043,0.11686574338494478,0.13118407233264356,0.11935652351177511,0.11145018330384975
232,232.0,232.3983747233055,0.10268413131929269,0.10866211757059806,0.20866186264576825,0.10067631678211547,0.1160864631968464,0.13181288599589627,0.11917044087636217,0.11224578161312095
233,233.0,233.39780280387845,0.10234147741902,0.10774815514678936,0.20952913976747056,0.09963550058095161,0.11519293326427628,0.1325646200433171,0.11971503899515597,0.11327313478301937
234,234.0,234.39731004835534,0.10242908564095242,0.1068399826883776,0.21028268939109784,0.09875588047147713,0.11428667328129712,0.13308856918033649,0.12025659959547412,0.11406051975098752
235,235.0,235.39689346790098,0.10254510605156641,0.10594765738811035,0.21066602852711702,0.09804291939437895,0.11337993563632334,0.13381993252817653,0.1207930963771582,0.11480532409716941
236,236.0,236.39654961081305,0.10262306965105125,0.10501461369754662,0.21140265691915947,0.09732573549998934,0.11158498266842624,0.13467118562136976,0.12193691757242026,0.11544083837003728
237,237.0,237.3962746433258,0.10273378544230795,0.10412163799000582,0.21172552522915478,0.09667970586676428,0.10982636839736007,0.13569599167861365,0.12307003912209646,0.11614694627369723
238,238.0,238.396064426154,0.10275836148373721,0.10319206999267781,0.212065016921218,0.09602299913374332,0.10803686886497617,0.1371754164515998,0.12410102354407239,0.11664824360797553
239,239.0,239.39591458643784,0.10307609353312372,0.10233306237657394,0.2123786593303096,0.09535147537060341,0.10622569288509728,0.13867051583311527,0.1250191439022625,0.11694535676891456
240,240.0,240.3958205848289,0.10334075926229433,0.1027128059204721,0.21264530355066252,0.09472088900043221,0.10446067734471605,0.1402553169279375,0.12476304207892802,0.11710120591455757
241,241.0,241.3957777775326,0.10362974742854258,0.10315550330251619,0.21277520458247934,0.09416871155299088,0.10279011576064286,0.1417650357325807,0.12448695287706532,0.11722872876318244
242,242.0,242.3957814731906,0.10364312311188545,0.10372618974082873,0.2120231619767198,0.09376838148623841,0.1022061168379361,0.14330487790081092,0.12358957532048521,0.11773857362509564
243,243.0,243.3958269845509,0.10342822489627176,0.10497107342527504,0.21121639915793353,0.09402862845526519,0.10139850266490522,0.14470322548750905,0.12229071099150489,0.11796323492133556
244,244.0,244.39590967492964,0.10303406721246881,0.10663141385988015,0.21046038937964145,0.09499981869050685,0.10042582822110768,0.1458100889852897,0.12067569377752813,0.11796269987357746
245,245.0,245.39602499952122,0.10224231235223002,0.10824047512991637,0.2101716254301828,0.09597082159096681,0.09950218372421728,0.14695516491943683,0.11903783889304582,0.11787957796000426
246,246.0,246.39616854165843,0.10131897407391631,0.11103575663295336,0.2099171377057482,0.09669947390242517,0.09847518824157626,0.14780519545445855,0.11718414921607237,0.11756412477284994
247,247.0,247.39633604416534,0.10031404369550738,0.11387728006879747,0.20900522653806458,0.098036552612917,0.09753585536541572,0.1486332277381443,0.11536997725891138,0.11722783672224238
248,248.0,248.3965234359799,0.09887961695883032,0.11705926779311604,0.20857726184644004,0.09915972760061688,0.09658110540692026,0.14947423046071798,0.11351116492673632,0.11675762500662232
249,249.0,249.3967268542532,0.09747347359636395,0.12013196705176463,0.2081897094742535,0.1002560408327402,0.09570108483176498,0.15000439990455366,0.11170874662628244,0.11653457768227678
250,250.0,250.39694266215662,0.09603360464324015,0.12422333885865329,0.2076034521082056,0.1006383832293399,0.0948788239012408,0.1505116790823882,0.10924252441696981,0.11686819375996234
251,251.0,251.39716746264816,0.09442778784933017,0.1282445159460706,0.2065755519666174,0.10167412791193914,0.09386238015706849,0.1517929156377518,0.10659200895151322,0.11683071157970926
252,252.0,252.39739810846405,0.09278930225709986,0.13280858645119195,0.20584620422483355,0.10248300849036526,0.09283141295795327,0.15268239365334293,0.10395221135008029,0.11660688061513294
253,253.0,253.39763170861372,0.09112819509029352,0.13689128617665747,0.2054599067595147,0.10296618855341179,0.09178807980937055,0.15318754698606596,0.10133765883255677,0.11724113779212929
254,254.0,254.39786563166228,0.08950139411972914,0.14073446441961593,0.2056341170048728,0.10415691011112777,0.09078210517944524,0.15270917128984676,0.09881110196936387,0.11767073590599854
255,255.0,255.39809750608936,0.08779194638265217,0.14507541086145423,0.20603267331993108,0.1049172635701752,0.09030907022882245,0.15192151216590993,0.09621159736324537,0.11774052610780955
256,256.0,256.39832521801287,0.08613380342108877,0.14896414699048555,0.20721957883675696,0.10548065188321193,0.08987186086993945,0.1509696751104496,0.09372388436541634,0.11763639852265138
257,257.0,257.39854690656387,0.08451758815892227,0.15299310485544568,0.20818973776267247,0.10584269060590862,0.08945043860903013,0.14985652736263314,0.09205178862780086,0.11709812401758682
258,258.0,258.3987609571941,0.08299322025319794,0.1573623073187529,0.20947863480080367,0.10613284458443563,0.08908538923326952,0.14858116452742046,0.09050238641399684,0.11586405286812304
259,259.0,259.39896599318945,0.08156469098982638,0.16139164085767277,0.21105039097734457,0.10635333309592222,0.08877265829039792,0.14722352596243274,0.08908227458626379,0.11456148524013961
260,260.0,260.39916086565336,0.08024309623512221,0.16508083114833041,0.21232912855111885,0.10651531223987375,0.08851653568447133,0.14585235060475404,0.08819875734334758,0.1132639881929818
261,261.0,261.3993446422143,0.07902987175125793,0.16842552926275312,0.21382040438912886,0.1066219264270964,0.08831283507334674,0.14429150700208607,0.08718015443391863,0.11231777166041221
262,262.0,262.39951659469705,0.07868170292637838,0.17099125255693526,0.21533327047678952,0.10671875046749532,0.08753278905309296,0.1430036984330824,0.0863630862366483,0.11137544984957781
263,263.0,263.3996761859845,0.07842910721479626,0.17321480418294302,0.21705598611538507,0.10676219361016841,0.08679823109964498,0.1416916941762087,0.08564829729344182,0.11039968630741168
264,264.0,264.39982305628337,0.07879998134234768,0.1755538081570981,0.21830109859663452,0.10671470664113059,0.08606950511352578,0.14022371855648108,0.08496644517218443,0.1093707364205978
265,265.0,265.39995700898953,0.07968801589324935,0.1771589508643898,0.2199042481350514,0.10648191327445841,0.08532290040284347,0.1388766975012306,0.08429183043306404,0.10827544349571289
266,266.0,266.40007799633514,0.08080943217150358,0.17872709478031157,0.22070991793494574,0.10605288411094044,0.08446970644393133,0.13863216753116578,0.08355970136260099,0.10703909566460061
267,267.0,267.4001861049828,0.0823671518442396,0.18017934392545265,0.2211159065727201,0.10546637630558914,0.08360931686201838,0.13870036623913048,0.08283993241837359,0.10572160583247607
268,268.0,268.40028154171597,0.08479916010769672,0.18095853042927532,0.22176043699215855,0.10473085923479424,0.08273756755212867,0.13859912514251388,0.08209871468627439,0.10431560585515821
269,269.0,269.4003646193586,0.08687387868144515,0.18150433935215007,0.22296410159700306,0.10369653858716876,0.08163962999257214,0.13844712386009375,0.08223121332787363,0.10264317460169342
270,270.0,270.40043574304343,0.08871841035303726,0.18194852575322684,0.22396754543556605,0.10251642006678864,0.08146188452382765,0.13837970455089438,0.08214945641684535,0.10085805289981387
271,271.0,271.40049539692933,0.09125349020070544,0.18185236566480129,0.22511893721065318,0.10122479620279361,0.08158563731179827,0.13807819397556634,0.08189165737192586,0.09899492206175606
272,272.0,272.40054413145737,0.09340373167505164,0.18149433751274854,0.22592187851297685,0.10019444271605145,0.08147063419322334,0.13829289675284762,0.08223022989753591,0.09699184873956468
273,273.0,273.400582551218,0.09527378583574345,0.18111144007229926,0.2266751593584203,0.09908476207470165,0.08123029692411073,0.13928363459938636,0.08237565044878233,0.09496527068655591
274,274.0,274.40061130349045,0.09700788541451913,0.18080153130970708,0.22740008696220598,0.0979838456264738,0.08100631642575293,0.1402390970339422,0.08254727191337441,0.09301396531402448
275,275.0,275.4006310675007,0.09849099281849891,0.18012560290601204,0.22784616093788804,0.09684586373158399,0.08068838938615899,0.14123657968706865,0.08367380658938867,0.09109260394340074
276,276.0,276.4006425444349,0.099855749112319,0.1793156412097512,0.22843629174481253,0.09575389162751854,0.08040652915317026,0.14197009141822703,0.08500085917304881,0.08926094656115267
277,277.0,277.4006464482313,0.10168349678171507,0.1783652778761283,0.228910445380781,0.09485901322975462,0.08006841452907297,0.14247487547095722,0.08614767354377949,0.08749080318781136
278,278.0,278.40064349716585,0.10327381850976194,0.1773026921900184,0.22979631646930856,0.09398179805858976,0.07968887806321204,0.14303095273175184,0.08712878383776475,0.08579676013959271
279,279.0,279.4006344062352,0.10456077963063051,0.17607448761261243,0.2300878265604424,0.09305378496287786,0.0792013479676212,0.14444450297120848,0.08846592355601203,0.08411134673859512
280,280.0,280.40061988033534,0.10566105253494763,0.17474253754934352,0.23018228439468064,0.09212214688634378,0.07868761661205294,0.14640950922910864,0.08971278432040215,0.08248206847312076
281,281.0,281.4006006082221,0.10664331428062415,0.17339154701472956,0.23012194481351483,0.09143280151546705,0.07821645240135956,0.14828807404602312,0.09092672562981771,0.08097914029846408
282,282.0,282.4005772572379,0.10751236291493954,0.1728089802793541,0.2300018383227181,0.09081615739429297,0.0777911298120327,0.149337479283989,0.09210453911440636,0.07962751287826735
283,283.0,283.4005504687798,0.10831151553719656,0.17229058156579036,0.22957056424678887,0.09029341476063164,0.07743362182939761,0.1506494153251428,0.09298462804925588,0.07846625868579633
284,284.0,284.4005208544796,0.1081916285730062,0.17279048723702842,0.22890962817738003,0.08945644493929056,0.07716438769878095,0.15194458761010923,0.09457407710515278,0.0769687586592519
285,285.0,285.40048899306476,0.10859219926839704,0.1731959270507825,0.228039677934095,0.08863385007049818,0.0768872832852571,0.15310240281834211,0.09600254569453942,0.07554611387808877
286,286.0,286.40045542786066,0.1087936208636895,0.1727146342664393,0.227115498164618,0.08780522813754091,0.07787074274703343,0.15416215754111992,0.09732447850139653,0.07421363977816253
287,287.0,287.40042066489843,0.1086861512559035,0.17178867776481105,0.226503988201972,0.08680936047003851,0.07927165714152651,0.15501902281458926,0.0990336551675621,0.07288748718359717
288,288.0,288.4003851715834,0.10846553498210423,0.17072600537979263,0.22636825209403488,0.08577089012721782,0.08053334666984627,0.15587303029466934,0.10061652686415559,0.07164641358817937
289,289.0,289.40034937588405,0.10814551628110762,0.1695523643232459,0.22681223533211903,0.08470513230846868,0.08165856582299952,0.15656300261203274,0.10206993369338946,0.07049324962663722
290,290.0,290.40031366599584,0.10773922711070087,0.16881741118629245,0.22725076637966893,0.08362544792374395,0.08265021697090093,0.1570953670882043,0.10339209913119829,0.06942946420929051
291,291.0,291.4002783904365,0.10653413119262202,0.1692586807433472,0.2277113807306279,0.08210509995951945,0.08365007693872606,0.1575637359217777,0.10466000359290493,0.06851689092047496
292,292.0,292.4002438585287,0.10525969279933405,0.1703287395946915,0.22792296720286281,0.08064054405886041,0.08456023260165574,0.15774278918242834,0.10580915691268182,0.06773587764748548
293,293.0,293.4002103412264,0.1039000214380424,0.1715241590853632,0.22836081885312287,0.07983127310840563,0.08537367967648928,0.1571623362412512,0.10680340412318143,0.06704430747414414
294,294.0,294.40017807224206,0.10186703081456967,0.17306384888974896,0.2288479165069337,0.07907799675646603,0.08693979989290676,0.15667036100046522,0.10707902281026234,0.06645402332864747
295,295.0,295.40014724943376,0.09986370094726407,0.17444885334643068,0.22926379110712597,0.07872821098782316,0.08842401329814933,0.156044626939348,0.10724135756646934,0.06598544580738955
296,296.0,296.4001180364119,0.09782393382361794,0.1762392140068086,0.22959160442564158,0.07839796088096693,0.089746765929498,0.15534988887559054,0.1072594172269914,0.06559121483088505
297,297.0,297.4000905643282,0.09577284700313908,0.1783883284714593,0.22975158799963677,0.0780936746090676,0.09091123677949431,0.1547997706036055,0.10715060480132699,0.06513194973227046
298,298.0,298.40006493380946,0.09382882715375182,0.17996619713894169,0.23012202851925118,0.07831980042330261,0.09201754669619688,0.1545654645012506,0.1063541961912075,0.06482593937609771
299,299.0,299.40004121700457,0.09196612219058266,0.18147264611601796,0.2304009472763733,0.07860583228079328,0.09304410824880015,0.1544196984236169,0.10549780246248561,0.06459284300133014
300,300.0,300.40001945971017,0.09014012299003721,0.18278970314240867,0.23048002826001535,0.0788874953147165,0.0946478116878695,0.15414247914389198,0.1045407217500453,0.06437163771101552
301,301.0,301.39999968354806,0.08843786738846575,0.18440786534670356,0.23056476734780298,0.07849390669075483,0.09635131618811014,0.15388680400708185,0.10358928004911894,0.06426819298196196
302,302.0,302.39998188816674,0.08714879477979956,0.18614084488475785,0.2305803628633886,0.07807835920967551,0.09777960598792063,0.15352996729472934,0.10257026613926966,0.0641717988404589
303,303.0,303.3999660534418,0.08591214519554786,0.1879723243785312,0.23048596572923016,0.07767537212071723,0.09906222141857546,0.153111097194283,0.10152934284800061,0.0642515311151145
304,304.0,304.399952141655,0.08473326951114124,0.18987969172686947,0.2304270892631011,0.07728646930571596,0.10019953744512017,0.15263669115292974,0.10047841271327446,0.06435883888184792
305,305.0,305.3999400996303,0.08366565611691956,0.19166947578002735,0.23029327435084915,0.07693751481681932,0.10123028310927584,0.15212554300774866,0.09944060643441144,0.0646376463839487
306,306.0,306.39992986081177,0.08271056724657366,0.19333724935575847,0.23034656020516978,0.07663314035260717,0.10160096476385141,0.1519846771981282,0.09842841434614812,0.06495842653176322
307,307.0,307.399921347267,0.08181704025267558,0.19505094955915162,0.23037681719135517,0.07634730111338128,0.10183693618045124,0.15183241503530795,0.0974370816793712,0.065301458988306
308,308.0,308.399914471604,0.08103218919288899,0.1971892298671691,0.23039712937019932,0.07610316945672,0.10142700434467844,0.15169358626392085,0.09648551956244221,0.06567217194198115
309,309.0,309.39990913879126,0.08032375521831871,0.19932839868990215,0.23029132903632044,0.07552494858864471,0.10088137936796426,0.15206531185592925,0.09555002679546373,0.0660348504474568
310,310.0,310.3999052478719,0.07979457543368249,0.2003878083847908,0.23071663958623048,0.07546185773171706,0.09961968982625152,0.15223531253360287,0.09527437743699013,0.06650973906673469
311,311.0,311.39990269356576,0.07924661790808933,0.20164524907680986,0.23093812823834092,0.07533174596836101,0.09820770997568251,0.15277390851640674,0.0949610331595787,0.066895607156731
312,312.0,312.3999013677546,0.07876110757346813,0.2025815704070693,0.231407253218879,0.07520002599361729,0.09697137954147174,0.15318381255831284,0.09463954432022215,0.06725530638695963
313,313.0,313.399901160847,0.07849779074145097,0.203028288341878,0.23214522278830818,0.0751577448786963,0.09575800738117005,0.15362387615803894,0.09404007713197952,0.06774899257847813
314,314.0,314.39990196302165,0.07823176438500165,0.2037897805739682,0.23298183493026572,0.07482820010390048,0.09448884397505151,0.15389554286739593,0.09345122835123676,0.06833280481317981
315,315.0,315.3999036653487,0.07797523472205192,0.20456583338065337,0.23413578397256563,0.07444908152286547,0.09313921362293247,0.1540510558989947,0.09283224897545042,0.06885154790448617
316,316.0,316.3999061607895,0.0776908486508902,0.20541895518143138,0.23512577071575913,0.07399302228757891,0.09170760501307036,0.1546087721367087,0.09217168902703807,0.06928333698752337
317,317.0,317.39990934507836,0.07739256068137432,0.20622778748905893,0.23663626061205875,0.07350543017720722,0.09024128181738202,0.1548488328646645,0.09150582586473072,0.06964202049352362
318,318.0,318.39991311748753,0.07710602871275622,0.206583205059216,0.23844856888799879,0.07297177432370038,0.08875529380822914,0.1547741176955839,0.09082188308697807,0.07053912842553751
319,319.0,319.39991738148086,0.07656755815939506,0.20656681630021045,0.24078461959323183,0.07242094745194502,0.08726938369540724,0.1553075384941955,0.09013129456132983,0.07095184174428507
320,320.0,320.39992204526015,0.07600341988108392,0.2062802197218954,0.24296100388511765,0.07180531279613535,0.08612045369755522,0.156218790864606,0.08939481222031694,0.07121598693328957
321,321.0,321.39992702220883,0.07522142276902517,0.20581947615781587,0.2453879120503635,0.07131754383092809,0.08498552521204158,0.15730418841923866,0.08881949384031307,0.07114443772027404
322,322.0,322.3999322312406,0.07444991151964186,0.20536809692844615,0.2481060551132642,0.07082770281649613,0.08387670501783413,0.15813022739279065,0.08825799008364114,0.07098331112788572
323,323.0,323.39993759705675,0.07375556386037818,0.2047785895372173,0.25079367944360337,0.07044819197819815,0.08290609059435972,0.15831627914459015,0.08777655722876407,0.07122504821288905
324,324.0,324.3999430503207,0.07309253220261289,0.20397688759706245,0.25371482795232636,0.07009796474717299,0.08211780314684328,0.15855534854822342,0.08705659366909405,0.07138804213666454
325,325.0,325.3999485277551,0.07245444194143227,0.20303769337276756,0.2562711012991701,0.06974676616530422,0.08170300483829965,0.15899256599557923,0.08634087276095953,0.07145355362648748
326,326.0,326.3999539721685,0.07186548004692839,0.20205680050833597,0.25858365756972107,0.06941538824685592,0.08134687297144695,0.1594732595131663,0.08578725568815376,0.07147128545539164
327,327.0,327.39995933241886,0.07130574147372143,0.20097218400307323,0.26081524877221096,0.06954432921665604,0.0809931472137103,0.15970670396909736,0.08524618884688767,0.071416456504643
328,328.0,328.39996456331994,0.07080095803122916,0.2000111654887699,0.26297309098509997,0.06967771110038368,0.08068641718408291,0.15976278791885393,0.08474846087457016,0.07133940841701022
329,329.0,329.39996962549776,0.07033609367323096,0.19904154211903416,0.26520382357769406,0.06979651048769318,0.08042397575598957,0.15971821124432165,0.08428530127473126,0.07119454186730509
330,330.0,330.39997448520285,0.07011589383849537,0.19809361701087155,0.26785312045802845,0.06982619555553866,0.08023401617921072,0.15949451210200088,0.08349886314370623,0.07088378171214807
