Total_iterations,Unnamed: 0.1,Intertwine_two,Add_vertex,Delete_vertex,Invert_path_vertices,Insert_inside_vertex,Delete_inside_vertex,Replace_inside_vertex,Donate_between_routes
0,0.0,0.125,0.125,0.125,0.125,0.125,0.125,0.125,0.125
1,1.0,0.125,0.125,0.125,0.125,0.125,0.125,0.125,0.125
2,2.0,0.125,0.125,0.125,0.125,0.125,0.125,0.125,0.125
3,3.0,0.125,0.125,0.125,0.125,0.125,0.125,0.125,0.125
4,4.0,0.125,0.125,0.125,0.125,0.125,0.125,0.125,0.125
5,5.0,0.125,0.125,0.125,0.125,0.125,0.125,0.125,0.125
6,6.0,0.125,0.125,0.125,0.125,0.125,0.125,0.125,0.125
7,7.0,0.125,0.125,0.125,0.125,0.125,0.125,0.125,0.125
8,8.0,0.125,0.125,0.125,0.125,0.125,0.125,0.125,0.125
9,9.0,0.125,0.125,0.125,0.125,0.125,0.125,0.125,0.125
10,10.0,0.125,0.125,0.125,0.125,0.125,0.125,0.125,0.125
11,11.0,0.125,0.125,0.125,0.125,0.125,0.125,0.125,0.125
12,12.0,0.125,0.125,0.125,0.125,0.125,0.125,0.125,0.125
13,13.0,0.125,0.125,0.125,0.125,0.125,0.125,0.125,0.125
14,14.0,0.125,0.125,0.125,0.125,0.125,0.125,0.125,0.125
15,15.0,0.125,0.125,0.125,0.125,0.125,0.125,0.125,0.125
16,16.0,0.125,0.125,0.125,0.125,0.125,0.125,0.125,0.125
17,17.0,0.125,0.125,0.125,0.125,0.125,0.125,0.125,0.125
18,18.0,0.125,0.125,0.125,0.125,0.125,0.125,0.125,0.125
19,19.0,0.125,0.125,0.125,0.125,0.125,0.125,0.125,0.125
20,20.0,0.125,0.125,0.125,0.125,0.125,0.125,0.125,0.125
21,21.0,0.125,0.125,0.125,0.125,0.125,0.125,0.125,0.125
22,22.0,0.125,0.125,0.125,0.125,0.125,0.125,0.125,0.125
23,23.0,0.125,0.125,0.125,0.125,0.125,0.125,0.125,0.125
24,24.0,0.125,0.125,0.125,0.125,0.125,0.125,0.125,0.125
25,25.0,0.125,0.125,0.125,0.125,0.125,0.125,0.125,0.125
26,26.0,0.125,0.125,0.125,0.125,0.125,0.125,0.125,0.125
27,27.0,0.125,0.125,0.125,0.125,0.125,0.125,0.125,0.125
28,28.0,0.125,0.125,0.125,0.125,0.125,0.125,0.125,0.125
29,29.0,0.125,0.125,0.125,0.125,0.125,0.125,0.125,0.125
30,30.0,0.125,0.125,0.125,0.125,0.125,0.125,0.125,0.125
31,31.0,0.125,0.125,0.125,0.125,0.125,0.125,0.125,0.125
32,32.0,0.125,0.125,0.125,0.125,0.125,0.125,0.125,0.125
33,33.0,0.125,0.125,0.125,0.125,0.125,0.125,0.125,0.125
34,34.0,0.125,0.125,0.125,0.125,0.125,0.125,0.125,0.125
35,35.0,0.125,0.125,0.125,0.125,0.125,0.125,0.125,0.125
36,36.0,0.125,0.125,0.125,0.125,0.125,0.125,0.125,0.125
37,37.0,0.125,0.125,0.125,0.125,0.125,0.125,0.125,0.125
38,38.0,0.125,0.125,0.125,0.125,0.125,0.125,0.125,0.125
39,39.0,0.125,0.125,0.125,0.125,0.125,0.125,0.125,0.125
40,40.0,0.125,0.125,0.125,0.125,0.125,0.125,0.125,0.125
41,41.0,0.125,0.125,0.125,0.125,0.125,0.125,0.125,0.125
42,42.0,0.125,0.125,0.125,0.125,0.125,0.125,0.125,0.125
43,43.0,0.125,0.125,0.125,0.125,0.125,0.125,0.125,0.125
44,44.0,0.125,0.125,0.125,0.125,0.125,0.125,0.125,0.125
45,45.0,0.125,0.125,0.125,0.125,0.125,0.125,0.125,0.125
46,46.0,0.125,0.125,0.125,0.125,0.125,0.125,0.125,0.125
47,47.0,0.125,0.125,0.125,0.125,0.125,0.125,0.125,0.125
48,48.0,0.125,0.125,0.125,0.125,0.125,0.125,0.125,0.125
49,49.0,0.125,0.125,0.125,0.125,0.125,0.125,0.125,0.125
50,50.0,0.125,0.125,0.125,0.125,0.125,0.125,0.125,0.125
51,51.0,0.125,0.125,0.125,0.125,0.125,0.125,0.125,0.125
52,52.0,0.125,0.125,0.125,0.125,0.125,0.125,0.125,0.125
53,53.0,0.125,0.125,0.125,0.125,0.125,0.125,0.125,0.125
54,54.0,0.125,0.125,0.125,0.125,0.125,0.125,0.125,0.125
55,55.0,0.125,0.125,0.125,0.125,0.125,0.125,0.125,0.125
56,56.0,0.125,0.125,0.125,0.125,0.125,0.125,0.125,0.125
57,57.0,0.125,0.125,0.125,0.125,0.125,0.125,0.125,0.125
58,58.0,0.125,0.125,0.125,0.125,0.125,0.125,0.125,0.125
59,59.0,0.125,0.125,0.125,0.125,0.125,0.125,0.125,0.125
60,60.0,0.125,0.125,0.125,0.125,0.125,0.125,0.125,0.125
61,61.0,0.125,0.125,0.125,0.125,0.125,0.125,0.125,0.125
62,62.0,0.125,0.125,0.125,0.125,0.125,0.125,0.125,0.125
63,63.0,0.125,0.125,0.125,0.125,0.125,0.125,0.125,0.125
64,64.0,0.125,0.125,0.125,0.125,0.125,0.125,0.125,0.125
65,65.0,0.125,0.125,0.125,0.125,0.125,0.125,0.125,0.125
66,66.0,0.125,0.125,0.125,0.125,0.125,0.125,0.125,0.125
67,67.0,0.125,0.125,0.125,0.125,0.125,0.125,0.125,0.125
68,68.0,0.125,0.125,0.125,0.125,0.125,0.125,0.125,0.125
69,69.0,0.125,0.125,0.125,0.125,0.125,0.125,0.125,0.125
70,70.0,0.125,0.125,0.125,0.125,0.125,0.125,0.125,0.125
71,71.0,0.125,0.125,0.125,0.125,0.125,0.125,0.125,0.125
72,72.0,0.125,0.125,0.125,0.125,0.125,0.125,0.125,0.125
73,73.0,0.125,0.125,0.125,0.125,0.125,0.125,0.125,0.125
74,74.0,0.125,0.125,0.125,0.125,0.125,0.125,0.125,0.125
75,75.0,0.125,0.125,0.125,0.125,0.125,0.125,0.125,0.125
76,76.0,0.125,0.125,0.125,0.125,0.125,0.125,0.125,0.125
77,77.0,0.125,0.125,0.125,0.125,0.125,0.125,0.125,0.125
78,78.0,0.125,0.125,0.125,0.125,0.125,0.125,0.125,0.125
79,79.0,0.125,0.125,0.125,0.125,0.125,0.125,0.125,0.125
80,80.0,0.125,0.125,0.125,0.125,0.125,0.125,0.125,0.125
81,81.0,0.125,0.125,0.125,0.125,0.125,0.125,0.125,0.125
82,82.0,0.125,0.125,0.125,0.125,0.125,0.125,0.125,0.125
83,83.0,0.125,0.125,0.125,0.125,0.125,0.125,0.125,0.125
84,84.0,0.125,0.125,0.125,0.125,0.125,0.125,0.125,0.125
85,85.0,0.125,0.125,0.125,0.125,0.125,0.125,0.125,0.125
86,86.0,0.125,0.125,0.125,0.125,0.125,0.125,0.125,0.125
87,87.0,0.125,0.125,0.125,0.125,0.125,0.125,0.125,0.125
88,88.0,0.125,0.125,0.125,0.125,0.125,0.125,0.125,0.125
89,89.0,0.125,0.125,0.125,0.125,0.125,0.125,0.125,0.125
90,90.0,0.125,0.125,0.125,0.125,0.125,0.125,0.125,0.125
91,91.0,0.125,0.125,0.125,0.125,0.125,0.125,0.125,0.125
92,92.0,0.125,0.125,0.125,0.125,0.125,0.125,0.125,0.125
93,93.0,0.125,0.125,0.125,0.125,0.125,0.125,0.125,0.125
94,94.0,0.125,0.125,0.125,0.125,0.125,0.125,0.125,0.125
95,95.0,0.125,0.125,0.125,0.125,0.125,0.125,0.125,0.125
96,96.0,0.125,0.125,0.125,0.125,0.125,0.125,0.125,0.125
97,97.0,0.125,0.125,0.125,0.125,0.125,0.125,0.125,0.125
98,98.0,0.125,0.125,0.125,0.125,0.125,0.125,0.125,0.125
99,99.0,0.125,0.125,0.125,0.125,0.125,0.125,0.125,0.125
100,100.0,0.125,0.125,0.125,0.125,0.125,0.125,0.125,0.125
101,101.0,0.125,0.125,0.125,0.125,0.125,0.125,0.125,0.125
102,102.0,0.125,0.125,0.125,0.125,0.125,0.125,0.125,0.125
103,103.0,0.125,0.125,0.125,0.125,0.125,0.125,0.125,0.125
104,104.0,0.125,0.125,0.125,0.125,0.125,0.125,0.125,0.125
105,105.0,0.125,0.125,0.125,0.125,0.125,0.125,0.125,0.125
106,106.0,0.125,0.125,0.125,0.125,0.125,0.125,0.125,0.125
107,107.0,0.125,0.125,0.125,0.125,0.125,0.125,0.125,0.125
108,108.0,0.125,0.125,0.125,0.125,0.125,0.125,0.125,0.125
109,109.0,0.125,0.125,0.125,0.125,0.125,0.125,0.125,0.125
110,110.0,0.125,0.125,0.125,0.125,0.125,0.125,0.125,0.125
111,111.0,0.125,0.125,0.125,0.125,0.125,0.125,0.125,0.125
112,112.0,0.125,0.125,0.125,0.125,0.125,0.125,0.125,0.125
113,113.0,0.125,0.125,0.125,0.125,0.125,0.125,0.125,0.125
114,114.0,0.125,0.125,0.125,0.125,0.125,0.125,0.125,0.125
115,115.0,0.125,0.125,0.125,0.125,0.125,0.125,0.125,0.125
116,116.0,0.125,0.125,0.125,0.125,0.125,0.125,0.125,0.125
117,117.0,0.125,0.125,0.125,0.125,0.125,0.125,0.125,0.125
118,118.0,0.125,0.125,0.125,0.125,0.125,0.125,0.125,0.125
119,119.0,0.125,0.125,0.125,0.125,0.125,0.125,0.125,0.125
120,120.0,0.125,0.125,0.125,0.125,0.125,0.125,0.125,0.125
121,121.0,0.125,0.125,0.125,0.125,0.125,0.125,0.125,0.125
122,122.0,0.125,0.125,0.125,0.125,0.125,0.125,0.125,0.125
123,123.0,0.125,0.125,0.125,0.125,0.125,0.125,0.125,0.125
124,124.0,0.125,0.125,0.125,0.125,0.125,0.125,0.125,0.125
125,125.0,0.125,0.125,0.125,0.125,0.125,0.125,0.125,0.125
126,126.0,0.125,0.125,0.125,0.125,0.125,0.125,0.125,0.125
127,127.0,0.125,0.125,0.125,0.125,0.125,0.125,0.125,0.125
128,128.0,0.125,0.125,0.125,0.125,0.125,0.125,0.125,0.125
129,129.0,0.125,0.125,0.125,0.125,0.125,0.125,0.125,0.125
130,130.0,0.125,0.125,0.125,0.125,0.125,0.125,0.125,0.125
131,131.0,0.125,0.125,0.125,0.125,0.125,0.125,0.125,0.125
132,132.0,0.125,0.125,0.125,0.125,0.125,0.125,0.125,0.125
133,133.0,0.125,0.125,0.125,0.125,0.125,0.125,0.125,0.125
134,134.0,0.125,0.125,0.125,0.125,0.125,0.125,0.125,0.125
135,135.0,0.125,0.125,0.125,0.125,0.125,0.125,0.125,0.125
136,136.0,0.125,0.125,0.125,0.125,0.125,0.125,0.125,0.125
137,137.0,0.125,0.125,0.125,0.125,0.125,0.125,0.125,0.125
138,138.0,0.125,0.125,0.125,0.125,0.125,0.125,0.125,0.125
139,139.0,0.125,0.125,0.125,0.125,0.125,0.125,0.125,0.125
140,140.0,0.125,0.125,0.125,0.125,0.125,0.125,0.125,0.125
141,141.0,0.125,0.125,0.125,0.125,0.125,0.125,0.125,0.125
142,142.0,0.125,0.125,0.125,0.125,0.125,0.125,0.125,0.125
143,143.0,0.125,0.125,0.125,0.125,0.125,0.125,0.125,0.125
144,144.0,0.125,0.125,0.125,0.125,0.125,0.125,0.125,0.125
145,145.0,0.125,0.125,0.125,0.125,0.125,0.125,0.125,0.125
146,146.0,0.125,0.125,0.125,0.125,0.125,0.125,0.125,0.125
147,147.0,0.125,0.125,0.125,0.125,0.125,0.125,0.125,0.125
148,148.0,0.125,0.125,0.125,0.125,0.125,0.125,0.125,0.125
149,149.0,0.125,0.125,0.125,0.125,0.125,0.125,0.125,0.125
150,150.0,0.125,0.125,0.125,0.125,0.125,0.125,0.125,0.125
151,151.0,0.125,0.125,0.125,0.125,0.125,0.125,0.125,0.125
152,152.0,0.125,0.125,0.125,0.125,0.125,0.125,0.125,0.125
153,153.0,0.125,0.125,0.125,0.125,0.125,0.125,0.125,0.125
154,154.0,0.125,0.125,0.125,0.125,0.125,0.125,0.125,0.125
155,155.0,0.125,0.125,0.125,0.125,0.125,0.125,0.125,0.125
156,156.0,0.125,0.125,0.125,0.125,0.125,0.125,0.125,0.125
157,157.0,0.125,0.125,0.125,0.125,0.125,0.125,0.125,0.125
158,158.0,0.125,0.125,0.125,0.125,0.125,0.125,0.125,0.125
159,159.0,0.125,0.125,0.125,0.125,0.125,0.125,0.125,0.125
160,160.0,0.125,0.125,0.125,0.125,0.125,0.125,0.125,0.125
161,161.0,0.125,0.125,0.125,0.125,0.125,0.125,0.125,0.125
162,162.0,0.125,0.125,0.125,0.125,0.125,0.125,0.125,0.125
163,163.0,0.125,0.125,0.125,0.125,0.125,0.125,0.125,0.125
164,164.0,0.125,0.125,0.125,0.125,0.125,0.125,0.125,0.125
165,165.0,0.125,0.125,0.125,0.125,0.125,0.125,0.125,0.125
166,166.0,0.125,0.125,0.125,0.125,0.125,0.125,0.125,0.125
167,167.0,0.125,0.125,0.125,0.125,0.125,0.125,0.125,0.125
168,168.0,0.125,0.125,0.125,0.125,0.125,0.125,0.125,0.125
169,169.0,0.125,0.125,0.125,0.125,0.125,0.125,0.125,0.125
170,170.0,0.125,0.125,0.125,0.125,0.125,0.125,0.125,0.125
171,171.0,0.125,0.125,0.125,0.125,0.125,0.125,0.125,0.125
172,172.0,0.125,0.125,0.125,0.125,0.125,0.125,0.125,0.125
173,173.0,0.125,0.125,0.125,0.125,0.125,0.125,0.125,0.125
174,174.0,0.125,0.125,0.125,0.125,0.125,0.125,0.125,0.125
175,175.0,0.125,0.125,0.125,0.125,0.125,0.125,0.125,0.125
176,176.0,0.125,0.125,0.125,0.125,0.125,0.125,0.125,0.125
177,177.0,0.125,0.125,0.125,0.125,0.125,0.125,0.125,0.125
178,178.0,0.125,0.125,0.125,0.125,0.125,0.125,0.125,0.125
179,179.0,0.125,0.125,0.125,0.125,0.125,0.125,0.125,0.125
180,180.0,0.125,0.125,0.125,0.125,0.125,0.125,0.125,0.125
181,181.0,0.125,0.125,0.125,0.125,0.125,0.125,0.125,0.125
182,182.0,0.125,0.125,0.125,0.125,0.125,0.125,0.125,0.125
183,183.0,0.125,0.125,0.125,0.125,0.125,0.125,0.125,0.125
184,184.0,0.125,0.125,0.125,0.125,0.125,0.125,0.125,0.125
185,185.0,0.125,0.125,0.125,0.125,0.125,0.125,0.125,0.125
186,186.0,0.125,0.125,0.125,0.125,0.125,0.125,0.125,0.125
187,187.0,0.125,0.125,0.125,0.125,0.125,0.125,0.125,0.125
188,188.0,0.125,0.125,0.125,0.125,0.125,0.125,0.125,0.125
189,189.0,0.125,0.125,0.125,0.125,0.125,0.125,0.125,0.125
190,190.0,0.125,0.125,0.125,0.125,0.125,0.125,0.125,0.125
191,191.0,0.125,0.125,0.125,0.125,0.125,0.125,0.125,0.125
192,192.0,0.125,0.125,0.125,0.125,0.125,0.125,0.125,0.125
193,193.0,0.125,0.125,0.125,0.125,0.125,0.125,0.125,0.125
194,194.0,0.125,0.125,0.125,0.125,0.125,0.125,0.125,0.125
195,195.0,0.125,0.125,0.125,0.125,0.125,0.125,0.125,0.125
196,196.0,0.125,0.125,0.125,0.125,0.125,0.125,0.125,0.125
197,197.0,0.125,0.125,0.125,0.125,0.125,0.125,0.125,0.125
198,198.0,0.125,0.125,0.125,0.125,0.125,0.125,0.125,0.125
199,199.0,0.1248611111111111,0.1248611111111111,0.1248611111111111,0.1248611111111111,0.1248611111111111,0.1248611111111111,0.1259722222222222,0.1248611111111111
200,200.0,0.1245847222222222,0.1245847222222222,0.1245847222222222,0.1245847222222222,0.1245847222222222,0.1245847222222222,0.1279069444444444,0.1245847222222222
201,201.0,0.1242012361111111,0.1242012361111111,0.1242012361111111,0.1242012361111111,0.1242012361111111,0.1252012361111111,0.1295913472222222,0.1242012361111111
202,202.0,0.123734288270202,0.123734288270202,0.1246433791792929,0.123734288270202,0.123734288270202,0.1256333791792929,0.131051800290404,0.123734288270202
203,203.0,0.1232029549569444,0.1232029549569444,0.1249362882902778,0.1232029549569444,0.1232029549569444,0.1267407216236111,0.1323082153013889,0.1232029549569444
204,204.0,0.1226871698698876,0.1226871698698876,0.1252283213850391,0.1226871698698876,0.1226871698698876,0.1278310337183724,0.1335047955471502,0.1226871698698876
205,205.0,0.122190536037282,0.122190536037282,0.126349979067585,0.122190536037282,0.122190536037282,0.128895115377585,0.1338022253684195,0.122190536037282
206,206.0,0.1217161046720086,0.1217161046720086,0.1274570823023117,0.1217161046720086,0.1217161046720086,0.1299249488282117,0.1340374455094332,0.1217161046720086
207,207.0,0.121266399840987,0.121266399840987,0.1285400155016536,0.121266399840987,0.121266399840987,0.1309136605566046,0.1342143247368068,0.121266399840987
208,208.0,0.1207793433749994,0.1207793433749994,0.130167289414079,0.1207793433749994,0.1207793433749994,0.1316631679253956,0.1341686591188612,0.1208835100416661
209,209.0,0.1202662882549498,0.1202662882549498,0.13224347195443,0.1202662882549498,0.1202662882549498,0.1321981380550988,0.1340196570490552,0.1204735799216165
210,210.0,0.1196326399600683,0.1197357327435735,0.1352171911137396,0.1196326399600683,0.1196326399600683,0.1325312511298504,0.1336778911390579,0.1199400139935735
211,211.0,0.1189222811178201,0.1191274357569954,0.1388833317544411,0.1189222811178201,0.1189222811178201,0.1327048485514314,0.1331905757641761,0.1193269648194954
212,212.0,0.1181114582328363,0.1184167262740734,0.1435009253869232,0.1181114582328363,0.1181114582328363,0.1325993796771767,0.1325386108861191,0.1186099830771984
213,213.0,0.1173430012629156,0.1177456279639465,0.1479702092172415,0.1173430012629156,0.1173430012629156,0.1324541954358022,0.1318696564286603,0.1179313071656028
214,214.0,0.1165786915195841,0.1170752240257697,0.1526363213873092,0.1165786915195841,0.1165786915195841,0.1321497192064334,0.1311504342276477,0.1172522265940875
215,215.0,0.1158632573776164,0.1164496490617297,0.1570954179414508,0.1158632573776164,0.1158632573776164,0.1318174249501636,0.1304306632794469,0.1166170726343598
216,216.0,0.1150600767294067,0.1163567870351645,0.1605597205868284,0.1150600767294067,0.1161711878405179,0.1313245285233566,0.1295787072793698,0.1158889152759493
217,217.0,0.1142741913261791,0.1162332658608275,0.1641492127466883,0.1142741913261791,0.1164853024372902,0.1307067249896872,0.1287045395867224,0.115172571726426
218,218.0,0.1135448187327618,0.1161495631358275,0.1674845981950424,0.1135448187327618,0.1168349298438729,0.1300819478010606,0.1278522112829825,0.1145071122756906
219,219.0,0.1128736013941078,0.1161025340424807,0.1705579337485579,0.1128736013941078,0.1172130225052189,0.1294571420948589,0.1270280617122965,0.1138941031083715
220,220.0,0.1120467894934809,0.1158743350439089,0.1748672162937085,0.1120467894934809,0.117398306504592,0.1286239123152551,0.1260228680324196,0.113119782823154
221,221.0,0.111217289860164,0.1156144443746995,0.1793422035273247,0.111217289860164,0.1175372891222751,0.1277405124214647,0.1249938658451488,0.1123371049887593
222,222.0,0.1104309682019694,0.1152301595247514,0.1835234292887354,0.1103222725497955,0.1176705126084705,0.1272395957883121,0.1238767294404639,0.1117063325975019
223,223.0,0.1097097212705008,0.1148783093630323,0.187393327166625,0.1094934169226747,0.117815571973999,0.1267629242049669,0.1228126636054453,0.1111340654927562
224,224.0,0.1089773952486992,0.1144530703425537,0.1904063192746601,0.108655536553047,0.1178929742235709,0.1273412442264759,0.1217301431277756,0.1105433170032175
225,225.0,0.1081325006708954,0.1138561131044757,0.1940290773798571,0.1077079920839389,0.1177987904113657,0.1281116861905512,0.1205319180415761,0.1098319221173399
226,226.0,0.1072080517320005,0.1131475716469982,0.196924958016962,0.1066845337635223,0.1174533182641048,0.1287061140130511,0.1202548494520946,0.1096206031112666
227,227.0,0.1063543365928066,0.11247877804193,0.1995023960087659,0.1057360757954262,0.1171182295720605,0.1293023613004965,0.1200426806308482,0.109465142057666
228,228.0,0.1055401392861736,0.1118197657015188,0.2015060233313842,0.1048319229855376,0.1167631571380695,0.1298289241563942,0.1198583635506637,0.1098517038502583
229,229.0,0.1046932464022208,0.1110997430230124,0.2041491847705006,0.1037891981788376,0.1163172464609757,0.1302100793365569,0.1197320538030039,0.110009248024892
230,230.0,0.1037947473664361,0.1102775526821118,0.2057883209382042,0.102701512872836,0.1165967247441098,0.1307841248647603,0.119531813615997,0.1105252029155447
231,231.0,0.1029482728606876,0.1094825469962214,0.2070389325630276,0.1016737250468504,0.1168657433849447,0.1311840723326435,0.1193565235117751,0.1114501833038497
232,232.0,0.1026841313192926,0.108662117570598,0.2086618626457682,0.1006763167821154,0.1160864631968464,0.1318128859958962,0.1191704408763621,0.1122457816131209
233,233.0,0.10234147741902,0.1077481551467893,0.2095291397674705,0.0996355005809516,0.1151929332642762,0.1325646200433171,0.1197150389951559,0.1132731347830193
234,234.0,0.1024290856409524,0.1068399826883776,0.2102826893910978,0.0987558804714771,0.1142866732812971,0.1330885691803364,0.1202565995954741,0.1140605197509875
235,235.0,0.1025451060515664,0.1059476573881103,0.210666028527117,0.0980429193943789,0.1133799356363233,0.1338199325281765,0.1207930963771582,0.1148053240971694
236,236.0,0.1026230696510512,0.1050146136975466,0.2114026569191594,0.0973257354999893,0.1115849826684262,0.1346711856213697,0.1219369175724202,0.1154408383700372
237,237.0,0.1027337854423079,0.1041216379900058,0.2117255252291547,0.0966797058667642,0.10982636839736,0.1356959916786136,0.1230700391220964,0.1161469462736972
238,238.0,0.1027583614837372,0.1031920699926778,0.212065016921218,0.0960229991337433,0.1080368688649761,0.1371754164515998,0.1241010235440723,0.1166482436079755
239,239.0,0.1030760935331237,0.1023330623765739,0.2123786593303096,0.0953514753706034,0.1062256928850972,0.1386705158331152,0.1250191439022625,0.1169453567689145
240,240.0,0.1033407592622943,0.1027128059204721,0.2126453035506625,0.0947208890004322,0.104460677344716,0.1402553169279375,0.124763042078928,0.1171012059145575
241,241.0,0.1036297474285425,0.1031555033025161,0.2127752045824793,0.0941687115529908,0.1027901157606428,0.1417650357325807,0.1244869528770653,0.1172287287631824
242,242.0,0.1036431231118854,0.1037261897408287,0.2120231619767198,0.0937683814862384,0.1022061168379361,0.1433048779008109,0.1235895753204852,0.1177385736250956
243,243.0,0.1034282248962717,0.104971073425275,0.2112163991579335,0.0940286284552651,0.1013985026649052,0.144703225487509,0.1222907109915048,0.1179632349213355
244,244.0,0.1030340672124688,0.1066314138598801,0.2104603893796414,0.0949998186905068,0.1004258282211076,0.1458100889852897,0.1206756937775281,0.1179626998735774
245,245.0,0.10224231235223,0.1082404751299163,0.2101716254301828,0.0959708215909668,0.0995021837242172,0.1469551649194368,0.1190378388930458,0.1178795779600042
246,246.0,0.1013189740739163,0.1110357566329533,0.2099171377057482,0.0966994739024251,0.0984751882415762,0.1478051954544585,0.1171841492160723,0.1175641247728499
247,247.0,0.1003140436955073,0.1138772800687974,0.2090052265380645,0.098036552612917,0.0975358553654157,0.1486332277381443,0.1153699772589113,0.1172278367222423
248,248.0,0.0988796169588303,0.117059267793116,0.20857726184644,0.0991597276006168,0.0965811054069202,0.1494742304607179,0.1135111649267363,0.1167576250066223
249,249.0,0.0974734735963639,0.1201319670517646,0.2081897094742535,0.1002560408327402,0.0957010848317649,0.1500043999045536,0.1117087466262824,0.1165345776822767
250,250.0,0.0960336046432401,0.1242233388586532,0.2076034521082056,0.1006383832293399,0.0948788239012408,0.1505116790823882,0.1092425244169698,0.1168681937599623
251,251.0,0.0944277878493301,0.1282445159460706,0.2065755519666174,0.1016741279119391,0.0938623801570684,0.1517929156377518,0.1065920089515132,0.1168307115797092
252,252.0,0.0927893022570998,0.1328085864511919,0.2058462042248335,0.1024830084903652,0.0928314129579532,0.1526823936533429,0.1039522113500802,0.1166068806151329
253,253.0,0.0911281950902935,0.1368912861766574,0.2054599067595147,0.1029661885534117,0.0917880798093705,0.1531875469860659,0.1013376588325567,0.1172411377921292
254,254.0,0.0895013941197291,0.1407344644196159,0.2056341170048728,0.1041569101111277,0.0907821051794452,0.1527091712898467,0.0988111019693638,0.1176707359059985
255,255.0,0.0877919463826521,0.1450754108614542,0.206032673319931,0.1049172635701752,0.0903090702288224,0.1519215121659099,0.0962115973632453,0.1177405261078095
256,256.0,0.0861338034210887,0.1489641469904855,0.2072195788367569,0.1054806518832119,0.0898718608699394,0.1509696751104496,0.0937238843654163,0.1176363985226513
257,257.0,0.0845175881589222,0.1529931048554456,0.2081897377626724,0.1058426906059086,0.0894504386090301,0.1498565273626331,0.0920517886278008,0.1170981240175868
258,258.0,0.0829932202531979,0.1573623073187529,0.2094786348008036,0.1061328445844356,0.0890853892332695,0.1485811645274204,0.0905023864139968,0.115864052868123
259,259.0,0.0815646909898263,0.1613916408576727,0.2110503909773445,0.1063533330959222,0.0887726582903979,0.1472235259624327,0.0890822745862637,0.1145614852401396
260,260.0,0.0802430962351222,0.1650808311483304,0.2123291285511188,0.1065153122398737,0.0885165356844713,0.145852350604754,0.0881987573433475,0.1132639881929818
261,261.0,0.0790298717512579,0.1684255292627531,0.2138204043891288,0.1066219264270964,0.0883128350733467,0.144291507002086,0.0871801544339186,0.1123177716604122
262,262.0,0.0786817029263783,0.1709912525569352,0.2153332704767895,0.1067187504674953,0.0875327890530929,0.1430036984330824,0.0863630862366483,0.1113754498495778
263,263.0,0.0784291072147962,0.173214804182943,0.217055986115385,0.1067621936101684,0.0867982310996449,0.1416916941762087,0.0856482972934418,0.1103996863074116
264,264.0,0.0787999813423476,0.1755538081570981,0.2183010985966345,0.1067147066411305,0.0860695051135257,0.140223718556481,0.0849664451721844,0.1093707364205978
265,265.0,0.0796880158932493,0.1771589508643898,0.2199042481350514,0.1064819132744584,0.0853229004028434,0.1388766975012306,0.084291830433064,0.1082754434957128
266,266.0,0.0808094321715035,0.1787270947803115,0.2207099179349457,0.1060528841109404,0.0844697064439313,0.1386321675311657,0.0835597013626009,0.1070390956646006
267,267.0,0.0823671518442396,0.1801793439254526,0.2211159065727201,0.1054663763055891,0.0836093168620183,0.1387003662391304,0.0828399324183735,0.105721605832476
268,268.0,0.0847991601076967,0.1809585304292753,0.2217604369921585,0.1047308592347942,0.0827375675521286,0.1385991251425138,0.0820987146862743,0.1043156058551582
269,269.0,0.0868738786814451,0.18150433935215,0.222964101597003,0.1036965385871687,0.0816396299925721,0.1384471238600937,0.0822312133278736,0.1026431746016934
270,270.0,0.0887184103530372,0.1819485257532268,0.223967545435566,0.1025164200667886,0.0814618845238276,0.1383797045508943,0.0821494564168453,0.1008580528998138
271,271.0,0.0912534902007054,0.1818523656648012,0.2251189372106531,0.1012247962027936,0.0815856373117982,0.1380781939755663,0.0818916573719258,0.098994922061756
272,272.0,0.0934037316750516,0.1814943375127485,0.2259218785129768,0.1001944427160514,0.0814706341932233,0.1382928967528476,0.0822302298975359,0.0969918487395646
273,273.0,0.0952737858357434,0.1811114400722992,0.2266751593584203,0.0990847620747016,0.0812302969241107,0.1392836345993863,0.0823756504487823,0.0949652706865559
274,274.0,0.0970078854145191,0.180801531309707,0.2274000869622059,0.0979838456264738,0.0810063164257529,0.1402390970339422,0.0825472719133744,0.0930139653140244
275,275.0,0.0984909928184989,0.180125602906012,0.227846160937888,0.0968458637315839,0.0806883893861589,0.1412365796870686,0.0836738065893886,0.0910926039434007
276,276.0,0.099855749112319,0.1793156412097512,0.2284362917448125,0.0957538916275185,0.0804065291531702,0.141970091418227,0.0850008591730488,0.0892609465611526
277,277.0,0.101683496781715,0.1783652778761283,0.228910445380781,0.0948590132297546,0.0800684145290729,0.1424748754709572,0.0861476735437794,0.0874908031878113
278,278.0,0.1032738185097619,0.1773026921900184,0.2297963164693085,0.0939817980585897,0.079688878063212,0.1430309527317518,0.0871287838377647,0.0857967601395927
279,279.0,0.1045607796306305,0.1760744876126124,0.2300878265604424,0.0930537849628778,0.0792013479676212,0.1444445029712084,0.088465923556012,0.0841113467385951
280,280.0,0.1056610525349476,0.1747425375493435,0.2301822843946806,0.0921221468863437,0.0786876166120529,0.1464095092291086,0.0897127843204021,0.0824820684731207
281,281.0,0.1066433142806241,0.1733915470147295,0.2301219448135148,0.091432801515467,0.0782164524013595,0.1482880740460231,0.0909267256298177,0.080979140298464
282,282.0,0.1075123629149395,0.1728089802793541,0.2300018383227181,0.0908161573942929,0.0777911298120327,0.149337479283989,0.0921045391144063,0.0796275128782673
283,283.0,0.1083115155371965,0.1722905815657903,0.2295705642467888,0.0902934147606316,0.0774336218293976,0.1506494153251428,0.0929846280492558,0.0784662586857963
284,284.0,0.1081916285730062,0.1727904872370284,0.22890962817738,0.0894564449392905,0.0771643876987809,0.1519445876101092,0.0945740771051527,0.0769687586592519
285,285.0,0.108592199268397,0.1731959270507825,0.228039677934095,0.0886338500704981,0.0768872832852571,0.1531024028183421,0.0960025456945394,0.0755461138780887
286,286.0,0.1087936208636895,0.1727146342664393,0.227115498164618,0.0878052281375409,0.0778707427470334,0.1541621575411199,0.0973244785013965,0.0742136397781625
287,287.0,0.1086861512559035,0.171788677764811,0.226503988201972,0.0868093604700385,0.0792716571415265,0.1550190228145892,0.0990336551675621,0.0728874871835971
288,288.0,0.1084655349821042,0.1707260053797926,0.2263682520940348,0.0857708901272178,0.0805333466698462,0.1558730302946693,0.1006165268641555,0.0716464135881793
289,289.0,0.1081455162811076,0.1695523643232459,0.226812235332119,0.0847051323084686,0.0816585658229995,0.1565630026120327,0.1020699336933894,0.0704932496266372
290,290.0,0.1077392271107008,0.1688174111862924,0.2272507663796689,0.0836254479237439,0.0826502169709009,0.1570953670882043,0.1033920991311982,0.0694294642092905
291,291.0,0.106534131192622,0.1692586807433472,0.2277113807306279,0.0821050999595194,0.083650076938726,0.1575637359217777,0.1046600035929049,0.0685168909204749
292,292.0,0.105259692799334,0.1703287395946915,0.2279229672028628,0.0806405440588604,0.0845602326016557,0.1577427891824283,0.1058091569126818,0.0677358776474854
293,293.0,0.1039000214380424,0.1715241590853632,0.2283608188531228,0.0798312731084056,0.0853736796764892,0.1571623362412512,0.1068034041231814,0.0670443074741441
294,294.0,0.1018670308145696,0.1730638488897489,0.2288479165069337,0.079077996756466,0.0869397998929067,0.1566703610004652,0.1070790228102623,0.0664540233286474
295,295.0,0.099863700947264,0.1744488533464306,0.2292637911071259,0.0787282109878231,0.0884240132981493,0.156044626939348,0.1072413575664693,0.0659854458073895
296,296.0,0.0978239338236179,0.1762392140068086,0.2295916044256415,0.0783979608809669,0.089746765929498,0.1553498888755905,0.1072594172269914,0.065591214830885
297,297.0,0.095772847003139,0.1783883284714593,0.2297515879996367,0.0780936746090676,0.0909112367794943,0.1547997706036055,0.1071506048013269,0.0651319497322704
298,298.0,0.0938288271537518,0.1799661971389416,0.2301220285192511,0.0783198004233026,0.0920175466961968,0.1545654645012506,0.1063541961912075,0.0648259393760977
299,299.0,0.0919661221905826,0.1814726461160179,0.2304009472763733,0.0786058322807932,0.0930441082488001,0.1544196984236169,0.1054978024624856,0.0645928430013301
300,300.0,0.0901401229900372,0.1827897031424086,0.2304800282600153,0.0788874953147165,0.0946478116878695,0.1541424791438919,0.1045407217500453,0.0643716377110155
301,301.0,0.0884378673884657,0.1844078653467035,0.2305647673478029,0.0784939066907548,0.0963513161881101,0.1538868040070818,0.1035892800491189,0.0642681929819619
302,302.0,0.0871487947797995,0.1861408448847578,0.2305803628633886,0.0780783592096755,0.0977796059879206,0.1535299672947293,0.1025702661392696,0.0641717988404589
303,303.0,0.0859121451955478,0.1879723243785312,0.2304859657292301,0.0776753721207172,0.0990622214185754,0.153111097194283,0.1015293428480006,0.0642515311151145
304,304.0,0.0847332695111412,0.1898796917268694,0.2304270892631011,0.0772864693057159,0.1001995374451201,0.1526366911529297,0.1004784127132744,0.0643588388818479
305,305.0,0.0836656561169195,0.1916694757800273,0.2302932743508491,0.0769375148168193,0.1012302831092758,0.1521255430077486,0.0994406064344114,0.0646376463839487
306,306.0,0.0827105672465736,0.1933372493557584,0.2303465602051697,0.0766331403526071,0.1016009647638514,0.1519846771981282,0.0984284143461481,0.0649584265317632
307,307.0,0.0818170402526755,0.1950509495591516,0.2303768171913551,0.0763473011133812,0.1018369361804512,0.1518324150353079,0.0974370816793712,0.065301458988306
308,308.0,0.0810321891928889,0.1971892298671691,0.2303971293701993,0.07610316945672,0.1014270043446784,0.1516935862639208,0.0964855195624422,0.0656721719419811
309,309.0,0.0803237552183187,0.1993283986899021,0.2302913290363204,0.0755249485886447,0.1008813793679642,0.1520653118559292,0.0955500267954637,0.0660348504474568
310,310.0,0.0797945754336824,0.2003878083847908,0.2307166395862304,0.075461857731717,0.0996196898262515,0.1522353125336028,0.0952743774369901,0.0665097390667346
311,311.0,0.0792466179080893,0.2016452490768098,0.2309381282383409,0.075331745968361,0.0982077099756825,0.1527739085164067,0.0949610331595787,0.066895607156731
312,312.0,0.0787611075734681,0.2025815704070693,0.231407253218879,0.0752000259936172,0.0969713795414717,0.1531838125583128,0.0946395443202221,0.0672553063869596
313,313.0,0.0784977907414509,0.203028288341878,0.2321452227883081,0.0751577448786963,0.09575800738117,0.1536238761580389,0.0940400771319795,0.0677489925784781
314,314.0,0.0782317643850016,0.2037897805739682,0.2329818349302657,0.0748282001039004,0.0944888439750515,0.1538955428673959,0.0934512283512367,0.0683328048131798
315,315.0,0.0779752347220519,0.2045658333806533,0.2341357839725656,0.0744490815228654,0.0931392136229324,0.1540510558989947,0.0928322489754504,0.0688515479044861
316,316.0,0.0776908486508902,0.2054189551814313,0.2351257707157591,0.0739930222875789,0.0917076050130703,0.1546087721367087,0.092171689027038,0.0692833369875233
317,317.0,0.0773925606813743,0.2062277874890589,0.2366362606120587,0.0735054301772072,0.090241281817382,0.1548488328646645,0.0915058258647307,0.0696420204935236
318,318.0,0.0771060287127562,0.206583205059216,0.2384485688879987,0.0729717743237003,0.0887552938082291,0.1547741176955839,0.090821883086978,0.0705391284255375
319,319.0,0.076567558159395,0.2065668163002104,0.2407846195932318,0.072420947451945,0.0872693836954072,0.1553075384941955,0.0901312945613298,0.070951841744285
320,320.0,0.0760034198810839,0.2062802197218954,0.2429610038851176,0.0718053127961353,0.0861204536975552,0.156218790864606,0.0893948122203169,0.0712159869332895
321,321.0,0.0752214227690251,0.2058194761578158,0.2453879120503635,0.071317543830928,0.0849855252120415,0.1573041884192386,0.088819493840313,0.071144437720274
322,322.0,0.0744499115196418,0.2053680969284461,0.2481060551132642,0.0708277028164961,0.0838767050178341,0.1581302273927906,0.0882579900836411,0.0709833111278857
323,323.0,0.0737555638603781,0.2047785895372173,0.2507936794436033,0.0704481919781981,0.0829060905943597,0.1583162791445901,0.087776557228764,0.071225048212889
324,324.0,0.0730925322026128,0.2039768875970624,0.2537148279523263,0.0700979647471729,0.0821178031468432,0.1585553485482234,0.087056593669094,0.0713880421366645
325,325.0,0.0724544419414322,0.2030376933727675,0.2562711012991701,0.0697467661653042,0.0817030048382996,0.1589925659955792,0.0863408727609595,0.0714535536264874
326,326.0,0.0718654800469283,0.2020568005083359,0.258583657569721,0.0694153882468559,0.0813468729714469,0.1594732595131663,0.0857872556881537,0.0714712854553916
327,327.0,0.0713057414737214,0.2009721840030732,0.2608152487722109,0.069544329216656,0.0809931472137103,0.1597067039690973,0.0852461888468876,0.071416456504643
328,328.0,0.0708009580312291,0.2000111654887699,0.2629730909850999,0.0696777111003836,0.0806864171840829,0.1597627879188539,0.0847484608745701,0.0713394084170102
329,329.0,0.0703360936732309,0.1990415421190341,0.265203823577694,0.0697965104876931,0.0804239757559895,0.1597182112443216,0.0842853012747312,0.071194541867305
330,330.0,0.0701158938384953,0.1980936170108715,0.2678531204580284,0.0698261955555386,0.0802340161792107,0.1594945121020008,0.0834988631437062,0.070883781712148
331,331.0,0.0699350371238105,0.1971575507152592,0.2705754133454556,0.0698452301697734,0.0800848148223363,0.1591135921458051,0.0827543627417086,0.0705339989358509
332,332.0,0.0697910131689338,0.1962411333985136,0.2733423335565459,0.0698537197988469,0.0799734032615602,0.158591905733607,0.0820546666844709,0.0701518243975213
333,333.0,0.0696811800770341,0.1957215358458872,0.2757577605528336,0.0698518363241869,0.0798967177724813,0.1579455554919378,0.0814018926376908,0.0697435212979481
334,334.0,0.0695956977167923,0.1953311022180611,0.2776838254650421,0.0699348291780891,0.0798303084758135,0.1575331334089813,0.0807832443893163,0.0693078591479041
335,335.0,0.0695307232586562,0.1953343081459742,0.2796657374947082,0.0699740403861536,0.0797708562646003,0.1566927515800594,0.0801973811910441,0.0688342016788038
336,336.0,0.0695167150699258,0.1955580387046836,0.2817135577473614,0.0697498772698239,0.0798111747730356,0.155534213421632,0.0797075075974201,0.0684089154161174
337,337.0,0.0694982187964293,0.1958846315149084,0.2837183659956355,0.0695138413570047,0.0798416206275658,0.1543018988388681,0.0792594650758369,0.0679819577937512
338,338.0,0.0694948471609693,0.1966413487776448,0.285270055190091,0.069261599431679,0.0798625543387265,0.1530466069561544,0.0788494065866163,0.0675735815581185
339,339.0,0.0694820777741559,0.1974797355112176,0.2868196412047651,0.0689888197840143,0.0798793002791061,0.1517150347189996,0.0784782356559234,0.0671571550718177
340,340.0,0.0694836471674838,0.1983016559492664,0.2888109866540882,0.068711006723088,0.0799090095981008,0.1498899561662007,0.0781511366073958,0.066742601134376
341,341.0,0.0694861163274266,0.1990679835592551,0.2905658189364422,0.0684145323416163,0.0802405187779188,0.1479431709499327,0.077853478231112,0.0664283808762961
342,342.0,0.0694750108196916,0.1998897587243849,0.2919862680943141,0.0681057307957138,0.0805598931162686,0.1462778245048374,0.0775905809740557,0.0661149329707336
343,343.0,0.0694440340922452,0.2011485892474769,0.293189448087325,0.0677631139238805,0.0808455115541347,0.1444624919976955,0.0773486932501737,0.0657981178470682
344,344.0,0.0694327023053612,0.2025002304346926,0.2944148662706311,0.0674229110636004,0.0814719894307604,0.1421145769834742,0.0771478841240543,0.0654948393874257
345,345.0,0.0694212657770963,0.2038743149193222,0.2956747204605298,0.0670607132839223,0.0820719885403638,0.1397500208246673,0.0769677327576605,0.0651792434364377
346,346.0,0.0694170006660962,0.2050549965696338,0.297127989246691,0.0666958212810627,0.0826487040406606,0.1373715481534471,0.0768147145019237,0.0648692255404848
347,347.0,0.0697041528285234,0.2062254143300332,0.2982923528116721,0.0663295960998126,0.0831559263895057,0.1350560529013916,0.0766813272569769,0.0645551773820844
348,348.0,0.0699664333930656,0.2073658753322411,0.2996343241367534,0.0659389065313073,0.0835857010054012,0.1327324387445154,0.0765532798467703,0.0642230410099455
349,349.0,0.0702109871372108,0.2087884028379665,0.3006402192322503,0.0655476713899431,0.0839474045547728,0.130519416735716,0.0764399065375754,0.063905991574565
350,350.0,0.0704844996334784,0.2103875665068837,0.3008365008539163,0.0655977493386794,0.0843544623018788,0.128518726524395,0.0760596285440279,0.0637608662967402
351,351.0,0.0707344052878388,0.2121655673733728,0.3009614379937737,0.065625337695481,0.0846885191280997,0.1265396486725002,0.0756871353303345,0.0635979485185992
352,352.0,0.0710021383832067,0.2140103814874294,0.3008704445598145,0.0655873468352023,0.0852932407280137,0.1247402111091874,0.0751275245644469,0.0633687123326989
353,353.0,0.0712641809342379,0.2157531754180875,0.3010349499058388,0.0651997315948404,0.0858712122571036,0.1231085291280846,0.0746025834900046,0.0631656372718026
354,354.0,0.0715058233420075,0.2173629890671653,0.3010754384252823,0.0648204233918113,0.0864003416653886,0.1217564857629339,0.0741030185992404,0.0629754797461708
355,355.0,0.0717380816018273,0.2188583830858237,0.3010209955232036,0.0644652010601083,0.0868973104784613,0.1205685299908546,0.0736412562771245,0.0628102419825966
356,356.0,0.0719424405920327,0.2203138519637754,0.3007790768641584,0.0641406801921401,0.0873485195261129,0.1196562700447975,0.0732208698681255,0.0625982909488575
357,357.0,0.0720923327118034,0.2211395865503596,0.3005967392990861,0.0638299373546112,0.0879226935789787,0.118857208075141,0.0728257646187756,0.0627357378112443
358,358.0,0.0721990641098733,0.2220520812393872,0.3001890559982532,0.0635056723518205,0.0883843606344325,0.1181470969705402,0.072442379041393,0.0630802896543002
359,359.0,0.0722878804189228,0.222936771532483,0.2997680060142884,0.0631844942707727,0.0887926211606448,0.1175351180748995,0.0720859702376453,0.0634091382903436
360,360.0,0.0723618005018139,0.2236604851391365,0.2992032262988194,0.0630771602703346,0.0895575373444227,0.1166596628857336,0.0717606142642745,0.0637195132954647
361,361.0,0.0726282509244103,0.2240394985103777,0.2988333837047008,0.0629602055100967,0.0902104832380254,0.1158690049617896,0.0714505315051605,0.0640086416454389
362,362.0,0.0728739073885225,0.224296155433455,0.2986234131901291,0.0628489948424729,0.0908108342512272,0.1151073982531105,0.0711684090719886,0.0642708875690942
363,363.0,0.0730992308920308,0.2244402883867944,0.2985191529470482,0.0627480933954028,0.0913586845286092,0.1143985153092908,0.0709162858717586,0.0645197486690652
364,364.0,0.0732795185763821,0.2245580181332075,0.2986264466006294,0.06264716076514,0.0918341536392757,0.1136175910818337,0.070688523965098,0.0647485872384335
365,365.0,0.0734335324353047,0.2246606401303649,0.2988690796564558,0.0625297508408147,0.0922432752060544,0.1128521858270119,0.070478276380297,0.0649332595236965
366,366.0,0.0735672387866652,0.2247691810528396,0.2991296909289604,0.062407500685816,0.0925929756431,0.1121581346724489,0.0702904258280073,0.0650848524021625
367,367.0,0.0736822135859116,0.2248879137403838,0.2991212370390356,0.062285404570283,0.0928860996726204,0.1117928386949604,0.0701263756469116,0.0652179170498936
368,368.0,0.0737734083598363,0.2250465949255118,0.2991566905860258,0.0621524199449722,0.0931191322509138,0.1114511771925653,0.0699793796394085,0.0653211971007662
369,369.0,0.0738430071213493,0.2252032721139129,0.2990022839032989,0.0622414856561961,0.0932960132398858,0.1111526676104274,0.0698509402880061,0.0654103300669233
370,370.0,0.073889585465827,0.225357701697219,0.2989862229547503,0.062308722899344,0.0934172562717711,0.110849386201132,0.0697350039181232,0.0654561205918332
371,371.0,0.0739156013334882,0.2255130913368421,0.2988393221030807,0.0623581978897455,0.0934874014934869,0.1107786695376688,0.0696330084225562,0.0654747078831315
372,372.0,0.0739269878852669,0.2256896082724224,0.2986709435043992,0.0624031818102412,0.0935145727974456,0.1107695099626585,0.0695485059865998,0.0654766897809662
373,373.0,0.0739279137361057,0.2258241640786927,0.2984961969148827,0.0624577716729779,0.0935112545089998,0.1108243020096224,0.0694862314263968,0.0654721656523217
374,374.0,0.0741938165679176,0.2261801341401458,0.2948810342260082,0.0632060231466482,0.0941715963072686,0.1111808481209714,0.0701369006764189,0.0660496468146212
