,Unnamed: 0,Generation,Intertwine_two,Add_vertex,Delete_vertex,Invert_path_vertices,Insert_inside_vertex,Delete_inside_vertex,Replace_inside_vertex,Donate_between_routes,Trim_one_terminal_cb,Grow_one_terminal_cb
0,0.0,0.0,0.09999999999999999,0.09999999999999999,0.09999999999999999,0.09999999999999999,0.09999999999999999,0.09999999999999999,0.09999999999999999,0.09999999999999999,0.09999999999999999,0.09999999999999999
1,1.0,1.0,0.10326573954856366,0.08422398507236294,0.09592405748088358,0.10592723714973788,0.1010896460706251,0.11516770492071475,0.10591957218856321,0.09480803070134634,0.0947757717400877,0.09889825512711445
2,2.0,2.0,0.10027670700706545,0.09827746157390815,0.08413732910186734,0.09553582739565739,0.09793653721491216,0.10783846668392436,0.09925112335703802,0.11146088891509534,0.10719579623589914,0.09808986251463217
3,3.0,3.0,0.10044775428352318,0.0892922366355715,0.08614905939147506,0.11302582845592221,0.08980786959506826,0.1134389346711252,0.09939874371936311,0.09843085570377759,0.10250729923197285,0.10750141831220061
4,4.0,4.0,0.09526232579304872,0.08579108601104171,0.08916550114082153,0.11450438939060267,0.09942798816194513,0.1061133143509763,0.09743440707115303,0.09917057268524412,0.09860265018444017,0.11452776521072605
5,5.0,5.0,0.09402280479764688,0.09534737372008266,0.07934311510562136,0.09977113804234344,0.10614596109872625,0.1166370293161894,0.09847228964811472,0.09928987479173638,0.10931875816380084,0.10165165531573758
6,6.0,6.0,0.09828140221306197,0.09962025155990648,0.08687941462752634,0.11099949567163245,0.09472753187431517,0.11044614928214651,0.0827887689674064,0.09865413459821806,0.10863121100591695,0.1089716401998692
7,7.0,7.0,0.09516759173849032,0.10232942629575381,0.08673621098120951,0.09551012833023216,0.09433125226876474,0.11303025037656445,0.0924548394850905,0.10101589665573732,0.11019090194400676,0.10923350192414996
8,8.0,8.0,0.1068776445236519,0.10508213220594101,0.08905109696828635,0.08994096793581591,0.09871384467490638,0.12078639314883972,0.09296036638710073,0.07957998998632315,0.10556985389603049,0.11143771027310385
9,9.0,9.0,0.09489272078520096,0.10203915809658781,0.07749204867464995,0.09963484509335256,0.08782751574952577,0.1147670030354215,0.09965843787299258,0.08993998844518905,0.11862372264220811,0.11512455960487118
10,10.0,10.0,0.09208371506820473,0.10222158491515679,0.06904540556000945,0.10149706046013374,0.09245604614048875,0.11951128049392443,0.09312257450393864,0.0998746465259729,0.12833495366945924,0.10185273266271089
11,11.0,11.0,0.094237362795597,0.11653734782197381,0.08985191851718208,0.09290801207946107,0.07719528723826163,0.11244497961664598,0.09342449838677411,0.10007222740988267,0.12040493434480419,0.10292343178941703
12,12.0,12.0,0.10934360838317189,0.0970506049186067,0.09041818223852859,0.09577006409933352,0.07833247634475293,0.11557335034466502,0.08992542229554953,0.09447885407728684,0.11090900979350556,0.11819842750459897
13,13.0,13.0,0.09150167299662172,0.09883092405689643,0.09056177187118719,0.1023701743972631,0.07857417176133112,0.11164219214294806,0.0924199567165129,0.09004928769046447,0.1280624360447175,0.11598741232205696
14,14.0,14.0,0.11368105657256025,0.1050067056800736,0.07715651021347228,0.08746819154206173,0.08287923110960572,0.12429670217216662,0.10068966439867977,0.07958860494079305,0.11659309621180194,0.11264023715878457
15,15.0,15.0,0.0947381489016078,0.10279378129011271,0.10759192184013702,0.09565763675290591,0.0665271207732622,0.11176680494655586,0.09545646693996065,0.08185335318976042,0.12822808995090665,0.11538667541479035
16,16.0,16.0,0.09197722708578139,0.10473000587659842,0.09687396487731095,0.08860463031093947,0.08042918969585773,0.11924372256533758,0.10522177874474536,0.07745238441083532,0.124759264824065,0.11070783160852826
17,17.0,17.0,0.09935135022339862,0.10702441766658732,0.07816131395444854,0.09861110740086662,0.08556378189976466,0.1130852719073164,0.0920906342822681,0.09274323575367778,0.1292309741070136,0.1041379128046579
18,18.0,18.0,0.10027133765048872,0.11294458178974834,0.08916277220014202,0.0793888474222795,0.07378995837368961,0.12169302442332577,0.09025971966409599,0.07677843345476563,0.14496707562420932,0.11074424939725465
19,19.0,19.0,0.10938032567377276,0.08652190805519591,0.08635148035676231,0.10151302538466418,0.08026682995887671,0.1279853844608208,0.08637022361438855,0.08847758869120864,0.12210929069023053,0.11102394311407911
20,20.0,20.0,0.08952941621898688,0.09876856044309157,0.10493275094057546,0.08127947941866417,0.07038996122664867,0.11559516034289638,0.08922920393331331,0.09929489387970927,0.1275854714646218,0.123395102131492
21,21.0,21.0,0.10453312716966527,0.0970048525849713,0.10450584961070171,0.09330202316919237,0.05739218308605763,0.11939949485712635,0.09228602909635988,0.09294798539954177,0.12226200987742523,0.11636644514895807
22,22.0,22.0,0.07975645019440314,0.10669996193999727,0.08666705266870554,0.1047124525335209,0.06644758753647736,0.13676653499181962,0.08301318895867188,0.08293984782784322,0.1436378138353235,0.1093591095132372
23,23.0,23.0,0.08549493302286867,0.10118664091692972,0.08157623298012195,0.11223808854339708,0.08650687438008715,0.11246928956664577,0.09358346093205488,0.0881542083314161,0.11656256146008251,0.12222770986639568
24,24.0,24.0,0.08225520591910881,0.10402370443491224,0.1038227638718459,0.09400403520131621,0.07487349111666283,0.1065908477836923,0.0917018885470938,0.08225768317024301,0.14069008058301913,0.11978029937210533
25,25.0,25.0,0.07740345370718095,0.1175601606764592,0.0973604683358506,0.0864491621887983,0.07671396010503681,0.12731311263709855,0.08427518251748116,0.06826295088999554,0.14835399368235241,0.11630755525974594
26,26.0,26.0,0.07843376356972574,0.08893806013660471,0.08843562003961117,0.08676027343219157,0.07843298680961017,0.1372895072886833,0.0936417464950283,0.08368799708455113,0.1370660606556063,0.1273139844883872
27,27.0,27.0,0.07983118161772822,0.10025034053323359,0.09966354341665962,0.09198596649033255,0.05934914353998396,0.13858774755050146,0.08497519456988505,0.05536750045812958,0.1592797019466526,0.13070967987689286
28,28.0,28.0,0.09373665451364241,0.12237657946531419,0.08811751861333009,0.07375031225641542,0.07291715252036868,0.13879060839282198,0.1038536398956262,0.0681213873193989,0.12080828490536137,0.11752786211772037
29,29.0,29.0,0.08310395290977735,0.10590041591787011,0.08749637721152406,0.09358961005518539,0.05484586492606547,0.12840094750254064,0.10020986408453417,0.08504539101151685,0.13989860677407212,0.12150896960691346
30,30.0,30.0,0.07778746526234467,0.11199127150654409,0.11066418323132843,0.09040237083059241,0.08557136849514445,0.11090789782225832,0.08835326728528611,0.08425158278305797,0.12095815732512742,0.11911243545831565
31,31.0,31.0,0.0852267412022554,0.11380628153304943,0.08609598050266103,0.0940532248837852,0.07981573583293936,0.12755553152530355,0.08723441852213523,0.08481309878469687,0.12395074917924179,0.11744823803393174
32,32.0,32.0,0.09518590616082519,0.11109287498499557,0.09908538028311502,0.07904605793237526,0.06701165798098556,0.12452908585399683,0.09593106072243976,0.05978263269672692,0.14696167814738745,0.12137366523715198
33,33.0,33.0,0.07934607881550468,0.09868712892899247,0.08902786788429196,0.1044531215601244,0.07993814045667512,0.12298246876597232,0.07115348621275888,0.0920149715614657,0.1374301012044999,0.12496663460971413
34,34.0,34.0,0.09212884419186045,0.11333073847155728,0.1009617390089785,0.08970311748513562,0.07505009581852573,0.1298229493376893,0.07963682951145816,0.09282285291610577,0.12852698318507763,0.09801585007361104
35,35.0,35.0,0.0928364077932848,0.11139866963950695,0.08009466235181598,0.08783855322448637,0.0786965497894486,0.12300100561566836,0.084768338786954,0.08782893173944477,0.1472173528384102,0.10631952822097959
36,36.0,36.0,0.08634716303449601,0.09915237568887393,0.10352946254198317,0.09625725035262699,0.06660310938158283,0.123458717024053,0.08885446103806985,0.08198720368488661,0.1390762558864855,0.1147340013669417
37,37.0,37.0,0.09079833720226665,0.1353633145425705,0.08797103604145726,0.08191742026327482,0.07935853868856012,0.1286996172735687,0.07526170833208944,0.07604778501446177,0.13385550459763604,0.11072673804411429
38,38.0,38.0,0.09997992678793392,0.10244637220139485,0.1031092948720328,0.09601852912433471,0.08449429426116643,0.11845311748441012,0.06562263495986095,0.0898341325087525,0.11485631352925536,0.12518538427085787
39,39.0,39.0,0.08000608584590671,0.09661488891662037,0.12048776963904739,0.08567159123363949,0.06594044220217612,0.12977004639132594,0.09279042782703034,0.07652790962331082,0.13532347473177647,0.11686736358916594
40,40.0,40.0,0.0799597582465038,0.1089039145626934,0.0925840906242519,0.0911705287547897,0.06035507519669864,0.1453738455957344,0.08650818307025196,0.07021569558777269,0.13593259148703093,0.1289963168742722
41,41.0,41.0,0.09469994252854701,0.11691482168500286,0.10767982955648896,0.09332337788227137,0.06918158978105424,0.11709528355167598,0.08503840501472805,0.07453926804405847,0.12881714316267884,0.11271033879349379
42,42.0,42.0,0.07654828602452571,0.10488521983578677,0.09722359567280323,0.10313342126218847,0.08069305220022356,0.1303782954736636,0.08796837623928225,0.08732699573754515,0.12511786509674733,0.10672489245723345
43,43.0,43.0,0.0712198404771742,0.08729186517750122,0.09481931292905851,0.09684449686623557,0.06446445950607496,0.1440916104875098,0.08080291789102176,0.07505800753987649,0.16800515175202652,0.11740233737352046
44,44.0,44.0,0.09888689226350433,0.09093509768557241,0.10719303804130613,0.08032858078452083,0.062213760204146804,0.14138081822837248,0.0738667901985585,0.06642493333472871,0.14893609468829744,0.12983399457099196
45,45.0,45.0,0.09890533592135073,0.10938610821627175,0.10366300552388208,0.07462342008696798,0.06189632653026832,0.11948625836531197,0.07952372313987663,0.08185250609450848,0.14097597354910188,0.12968734257245979
46,46.0,46.0,0.0886182517081176,0.10296982688499483,0.0989068148587242,0.10507331950656595,0.07233395684062674,0.1347128635916117,0.08909417402450262,0.06608424649278236,0.12786440860976095,0.11434213748231263
47,47.0,47.0,0.0922236932041902,0.09840494824923629,0.08522322751044523,0.08479675046643406,0.06727683376228741,0.16458076221489845,0.0575808651898201,0.06294993630409511,0.1451418767957025,0.14182110630289016
48,48.0,48.0,0.1114939534524135,0.11344225001331976,0.09523961618075484,0.10055406463075815,0.05459830987822787,0.13651226342445513,0.08513134190535142,0.06627753621974328,0.13551301896518234,0.1012376453297934
49,49.0,49.0,0.10583840037091319,0.0878038403673857,0.11288547575313079,0.0825628865147845,0.08665794062294457,0.12175182079302127,0.09122291137128978,0.056334844244160055,0.12938666051281067,0.1255552194495591
50,50.0,50.0,0.08636405706665343,0.11071148871663627,0.09315278746444768,0.09438634915765336,0.07484890928249852,0.12717150343196576,0.09197763917873339,0.056955204434506856,0.1378415577221383,0.126590503544766
51,51.0,51.0,0.09234016498697836,0.11908222987007056,0.07849084716885861,0.11137764527865854,0.04935659680860349,0.11747639935947465,0.10999061335324449,0.06693428536783076,0.13605289197654022,0.11889832582973985
52,52.0,52.0,0.08544686654056557,0.10540434142833473,0.12506239080532006,0.10046484945537612,0.0517506896746575,0.1227444684183728,0.09620016798115276,0.06800530817687796,0.11364529446128724,0.13127562305805485
53,53.0,53.0,0.0869976533091461,0.1006090380097028,0.10419380280237775,0.10090958963970062,0.05359812187591503,0.1535222098021245,0.072905462503455,0.08059778299943673,0.12205111225871926,0.12461522679942176
54,54.0,54.0,0.07977229233208655,0.11820006027145499,0.08951861105918663,0.0897056398367558,0.0761789729941356,0.1440986285619451,0.06932582708750219,0.07191688275079672,0.14247724981152,0.11880583529461601
55,55.0,55.0,0.0801016944293505,0.11282938809525182,0.09027411397454202,0.09359374820022745,0.0963491077310327,0.11990688207990656,0.06494040450219375,0.071511868593678,0.14434573782212604,0.1261470545716908
56,56.0,56.0,0.07024722451467381,0.11607983033000431,0.10982090999433694,0.08084909873183523,0.0652332427884668,0.12652265988243852,0.10135508829541214,0.06767979642300526,0.15506748935590647,0.10714465968392013
57,57.0,57.0,0.08182321906868156,0.10745544732226234,0.09255257993834279,0.06598280416861431,0.07374007456115383,0.12518663077184505,0.0981038247675228,0.0868449877419457,0.14795092378059424,0.1203595078790369
58,58.0,58.0,0.09509124849448684,0.094345029804216,0.09202662109000137,0.1012609515868925,0.06635299912314169,0.11697694661654301,0.07501555266156278,0.08170640630711046,0.1475357179398254,0.1296885263762196
59,59.0,59.0,0.08436391071421168,0.1053268716252184,0.10406062235527487,0.07762828368980941,0.06330661918617018,0.13995264577322583,0.0871327318354356,0.09121885386062109,0.13234130165138444,0.114668159308648
60,60.0,60.0,0.09303622734937358,0.10211116712244206,0.08187950421860006,0.12113877758799432,0.05321797554247289,0.12639465058504332,0.08388633462995035,0.06555585923598048,0.13030474004155698,0.14247476368658554
61,61.0,61.0,0.08072406957939672,0.11607735120789749,0.09589642681802169,0.07424728138804276,0.04581508223893311,0.14581994641458804,0.08383483917384547,0.07382372734063555,0.15103930527164616,0.1327219705669926
62,62.0,62.0,0.0777566112548288,0.11369058074631624,0.09604623519911633,0.09879383724563043,0.07297836853772685,0.11268120117574423,0.10806076547338657,0.06748643176069952,0.13014690953892813,0.12235905906762241
63,63.0,63.0,0.08972151478690797,0.10741557887474693,0.08434716446473525,0.10929148539584384,0.07706922576787274,0.12846314365615077,0.08599779470055631,0.07126137537067051,0.1271220355465012,0.119310681436014
64,64.0,64.0,0.09093161676457136,0.12987108514275636,0.09648503829467472,0.08783137411589248,0.0677726018487864,0.13002900345742338,0.07452105375091325,0.0648735625967974,0.13343588007016943,0.12424878395801482
65,65.0,65.0,0.09710048906251385,0.11335380747411421,0.0945636449328735,0.09964645699772423,0.07525964598883786,0.11715696663858244,0.06846969330268154,0.07975860978121455,0.15449546998739572,0.1001952158340617
66,66.0,66.0,0.11310322435476779,0.12245861289006714,0.08119925750877974,0.0762469258008969,0.05955801507662134,0.14305386131095804,0.07203344114885792,0.07174854575823025,0.14123542193448727,0.11936269421633323
67,67.0,67.0,0.08252361022101048,0.11097581879478602,0.10050649823957256,0.09470550079415666,0.07145775156404865,0.12736281652672093,0.0788873176659881,0.07307491279434795,0.1513516541071343,0.10915411929223387
68,68.0,68.0,0.09940449030347223,0.11378851990236027,0.08466151903305781,0.08947279297050588,0.053530157604474035,0.14384020484473142,0.08362089201833528,0.08949869038150951,0.1310317508593353,0.11115098208221783
69,69.0,69.0,0.07524559404670138,0.11383544678811279,0.08842867615920047,0.10513544864515308,0.04863833789408028,0.13485502280296388,0.08305286887076116,0.08247769451122569,0.13762436320971017,0.13070654707209062
70,70.0,70.0,0.08190989396272175,0.12476698205374914,0.07446106673864614,0.09002665791727824,0.06661300991024324,0.12188339982851848,0.0686102117387031,0.09526095323234036,0.14354080253181628,0.13292702208598287
71,71.0,71.0,0.08345627218660598,0.12324750271631676,0.11441814239537149,0.07046283092829776,0.05227297218433004,0.14017557990519022,0.0860381218270937,0.08028179562583769,0.13391903197670085,0.11572775025425515
72,72.0,72.0,0.10002810381284546,0.10283027426495121,0.09818115339416597,0.08287888967739519,0.05099135210188166,0.13582131673738107,0.09503883235570806,0.06804446767805633,0.12846730700797432,0.13771830296964033
73,73.0,73.0,0.08968916280409643,0.11148945660439258,0.0969788824247371,0.07696074791673319,0.05789949880760702,0.11360027948975993,0.09585193092051798,0.08092391742325475,0.14212442585598167,0.1344816977529189
74,74.0,74.0,0.10027897959435242,0.10469965734003532,0.09033418883346664,0.089531646188678,0.05637726953361161,0.1119560796481899,0.07291627507359832,0.09426060986395732,0.14306875819044831,0.13657653573366182
75,75.0,75.0,0.10118073997397392,0.11446309758020586,0.10542312954466057,0.07415328549388361,0.05432706659229815,0.11508923702666456,0.09617766035290058,0.07827947729677395,0.14041928610436694,0.1204870200342714
76,76.0,76.0,0.09166391751272443,0.105643739389959,0.1026912062298716,0.08957493975707162,0.07266732365739029,0.13532675587907914,0.07143587702629076,0.0612764592489665,0.1605866543215395,0.1091331269771068
77,77.0,77.0,0.07266851153450575,0.10153207652092519,0.10098931261872979,0.09362337883788377,0.06337935061895529,0.11541260966995433,0.10441779628514365,0.08039630968737521,0.14986344849994337,0.11771720572658322
78,78.0,78.0,0.10308166911746112,0.10024257380423023,0.08273440480887406,0.11072305799880196,0.062413824961209244,0.09476902288057364,0.10253354551441374,0.07403374263613965,0.14935855571076828,0.1201096025675276
79,79.0,79.0,0.09258902046978873,0.11469007043747773,0.08518353121025106,0.09985621581827929,0.05743389186820793,0.12902646243796942,0.05586229820450432,0.08263928593652134,0.17102935167337643,0.11168987194362338
80,80.0,80.0,0.10011367516135114,0.10331609068366147,0.11693446206824205,0.09983040354447317,0.06956820269589051,0.13394483890068812,0.07139793360001533,0.061054528959575416,0.11669335566843195,0.1271465087176704
81,81.0,81.0,0.07385502844306373,0.09436675705904031,0.11266482775354303,0.10652262425540378,0.07050415285514824,0.17950207685839822,0.06741046127168106,0.061435371594797686,0.13409255294316733,0.09964614696575627
82,82.0,82.0,0.10131707329621029,0.10415945017595266,0.08823645202693642,0.10008489183943156,0.06288798773015686,0.13910005914770718,0.053272143742040236,0.0923003124472983,0.1430871961852446,0.1155544334090215
83,83.0,83.0,0.08142751505040807,0.09333417376383385,0.10439813014296877,0.08975130299679993,0.0780275350371368,0.12493267887859624,0.10169529056291675,0.06284699989915936,0.14906006177934913,0.11452631188883064
84,84.0,84.0,0.08265767329442317,0.11819344475339907,0.1268740312967938,0.08854410250317321,0.0530410140728053,0.11306286588275483,0.08455014048636793,0.06458092529110314,0.13552578692730924,0.13297001549186993
85,85.0,85.0,0.07102103837896334,0.1119887869742829,0.11377644201960443,0.07532454910815367,0.09633502738267155,0.14792642677954687,0.05751515804009304,0.07089716772865398,0.13314715349967968,0.12206825008835014
86,86.0,86.0,0.0907497070514121,0.11317359639234895,0.09752374502178955,0.0934004370711902,0.057420838268122346,0.12587428303264475,0.07881882441749573,0.07949096511962916,0.1443924623649764,0.11915514126039055
87,87.0,87.0,0.08869161166802828,0.10267715480086852,0.09514848124205857,0.08214711528274546,0.06669967766347827,0.13403853583410566,0.09116012524343146,0.07846051967289702,0.14352329513114506,0.11745348346124129
88,88.0,88.0,0.06984423211558606,0.11094629929684438,0.12446566401230152,0.10067413576642319,0.07604099595966456,0.13202482975545954,0.07150515797622098,0.05954747082562191,0.13622047661155207,0.11873073768032541
89,89.0,89.0,0.07518429768079582,0.1121201685231199,0.11087526704252751,0.08863234014230312,0.04961762574413516,0.15106236260970005,0.0637536624967774,0.07396694652693417,0.13915015672347966,0.13563717251022692
90,90.0,90.0,0.08360713479633466,0.08939079400047867,0.10555935165487322,0.08471415280055469,0.06703962896505357,0.11518786164331254,0.10440684336135138,0.06903237464889037,0.158938431994802,0.12212342613434854
91,91.0,91.0,0.07332315872006771,0.11278691449393392,0.10401501795852852,0.08637229313501774,0.061670236214196705,0.13274677893121273,0.05977336590917949,0.08914511922448301,0.15885468421743826,0.1213124311959416
92,92.0,92.0,0.10903124671393197,0.08929692347401276,0.08382755217234351,0.0876138186795762,0.07671582002421468,0.13395173183925974,0.08333774559022786,0.0694734531051773,0.1428338921140957,0.1239178162871599
93,93.0,93.0,0.08314996779481588,0.12183252353565163,0.0948771836700152,0.07645050834042691,0.06670174787524033,0.13572842730899576,0.08657874678668936,0.0720802980801813,0.16659774237822883,0.09600285422975444
94,94.0,94.0,0.07372154952467175,0.1198534625439553,0.09888691464519421,0.10319848458383456,0.06450833974084089,0.11178281499477598,0.07607360086320818,0.06866086806260915,0.14508756889190336,0.13822639614900623
95,95.0,95.0,0.07977337677298882,0.12404975493690869,0.0840049375030494,0.08675747801870379,0.06389699344498537,0.15848752746148015,0.07935536239741317,0.06487503749430398,0.13976674832546282,0.11903278364470342
96,96.0,96.0,0.07546088915455337,0.109873484681663,0.08999039372801147,0.09826637348430652,0.052884929630266767,0.14649926570526478,0.09244314394861512,0.09805176341533497,0.11728614554339352,0.1192436107085901
97,97.0,97.0,0.08739096758816817,0.10736266424997618,0.11465355383442818,0.08949961654132509,0.06475132039513327,0.10230018637807634,0.08627015442505828,0.07615534508750299,0.1375474284575094,0.13406876304282175
98,98.0,98.0,0.08956307190371475,0.10015869106553107,0.0904093618665883,0.09890312461324136,0.0867061189494075,0.12159520835297496,0.08949438929668052,0.07734185566607589,0.1348081990556713,0.11101997923011402
99,99.0,99.0,0.06723145852902361,0.11180584533627942,0.09782975779134458,0.09739639973649515,0.059448991947451554,0.13466877241639055,0.07080831551734812,0.0732808603999788,0.15765102478414947,0.12987857354153834
100,100.0,100.0,0.108108692531184,0.09577513346114566,0.08938644722254538,0.08754298692715914,0.0664921110795545,0.13757321098382944,0.07580027910422532,0.07943666022854132,0.13517463916186637,0.12470983929994847
101,101.0,101.0,0.09839378469212559,0.11561083791341165,0.10497439926189558,0.07965101573931323,0.06823566667724973,0.12564541909647858,0.0747221803979898,0.05014021346453422,0.17363161853730036,0.10899486421970088
102,102.0,102.0,0.10380715858332254,0.11976158866587358,0.09555832087542668,0.09002942561443943,0.06967373165666765,0.12674420751654755,0.07291771675574119,0.07731889249934173,0.12804063794083212,0.1161483198918071
103,103.0,103.0,0.11052155264190208,0.11264723737978637,0.08739055293078832,0.06432825559356997,0.05654393454521085,0.10586554527013677,0.09703221867070413,0.10388877278279736,0.13254072787988522,0.12924120230521854
104,104.0,104.0,0.09546771610219743,0.09847548154528436,0.09035755327873574,0.09701964223554047,0.05548268236114784,0.11427074014855683,0.09467189965040046,0.088941979603178,0.14760864851209904,0.11770365656285942
105,105.0,105.0,0.07102757717130184,0.09819582286136849,0.09365515531560129,0.09995338641723633,0.04490911664016891,0.10641298574166283,0.10473708897139318,0.0843283837377116,0.16638759385061094,0.13039288929294413
106,106.0,106.0,0.0978429534222869,0.10719433854136684,0.10134850490258687,0.08897486670492724,0.06575421551211653,0.10884934705487237,0.07701020641959018,0.080417835814201,0.141542698416177,0.13106503321187463
107,107.0,107.0,0.09168528152891803,0.10129210503883886,0.10540647714751664,0.09349269939344368,0.06254958275578995,0.13496664208615372,0.07387799761843171,0.06788965740003007,0.15061307386204864,0.1182264831688283
108,108.0,108.0,0.08266633559416256,0.128693732721508,0.12118041209985989,0.09066856802930258,0.07449429418933595,0.10340955481135865,0.08177165449286686,0.0684538796428538,0.1425878231608945,0.10607374525785691
109,109.0,109.0,0.08896033532125537,0.10743111782447105,0.11048396251044756,0.06323582035182675,0.06439376700220707,0.13568837979748882,0.09429509232336297,0.0916932330836999,0.13577816708795337,0.10804012469728681
110,110.0,110.0,0.08926372571701,0.1030454595793047,0.12237283931749257,0.07620229487541468,0.07900584920362509,0.12919939911528713,0.06065901792298667,0.0704968966019691,0.14335523376254136,0.1263992839043683
111,111.0,111.0,0.10010444341412743,0.12661193189443382,0.09831089128103226,0.07447446792483073,0.057825347997729905,0.14607361898627902,0.07167404855743288,0.0577441733978041,0.14979163494445305,0.11738944160187643
112,112.0,112.0,0.07388572891631086,0.11470317491785595,0.11222429981633264,0.09495178630462989,0.040568299576947506,0.14758989905132208,0.08069318375572221,0.08375041202394039,0.13671537440526907,0.11491784123166904
113,113.0,113.0,0.10035287285685446,0.10642786006558798,0.09954438999298224,0.0869879490660596,0.05001547101072196,0.11610199832146609,0.09346808406666851,0.0619453994425998,0.16043902099124657,0.12471695418581245
114,114.0,114.0,0.11482287278999706,0.11659028602555473,0.09214244691904734,0.08975620282949587,0.055337285883444075,0.12942494471544522,0.0661673171098762,0.05083651875670213,0.16179021514730613,0.1231319098231309
115,115.0,115.0,0.08130540346014481,0.10143315516177813,0.09973608861169579,0.08297071238784914,0.05295820297394872,0.1295065339649726,0.0961453261123588,0.09311418904367214,0.15095706878348594,0.11187331950009353
116,116.0,116.0,0.10529617143969616,0.10860633164275682,0.11370803132719587,0.08792717818322157,0.03876511059479839,0.12382346639925819,0.06550408117287525,0.06306281737370233,0.19056721964486523,0.10273959222162984
117,117.0,117.0,0.0808696457360093,0.11524875387010262,0.11616596859646902,0.1044656673476088,0.05876124624469977,0.14367369066994334,0.06919335276314698,0.057400989240044956,0.1399831412972899,0.11423754423468495
118,118.0,118.0,0.09687373881623249,0.12274817760250649,0.11640885371774241,0.07286409486213864,0.052605989804476484,0.14155793131999062,0.06992146587399616,0.07328803322369881,0.13100801860596994,0.12272369617324763
119,119.0,119.0,0.10972287953047262,0.11040793870857443,0.10353437029147065,0.0580299188046471,0.05721271851856412,0.13681170866291223,0.06966499144790658,0.11246632566681007,0.1394589581729254,0.10269019019571642
120,120.0,120.0,0.09776913754592925,0.10839433431802618,0.11218277151449596,0.08485110200095308,0.05252098974908548,0.13733589289735407,0.05957318552030818,0.07104485402968871,0.1376466244009084,0.1386811080232503
121,121.0,121.0,0.08124571248486863,0.09693795068142688,0.1029500032295267,0.08043566236616043,0.06498285217612072,0.13657131255979676,0.06429244349285188,0.07967321123570349,0.1422072660277668,0.1507035857457773
122,122.0,122.0,0.09244063474925548,0.11805503510417156,0.127561706599797,0.09346925195645309,0.04852744852849612,0.14095343671928923,0.08493488039382702,0.05664921920710875,0.11310361017226381,0.12430477656933758
123,123.0,123.0,0.08858035467207863,0.10746691585799503,0.08492492319657782,0.09874139265939548,0.06413075664472577,0.14478987527891415,0.07961265750594745,0.05618725029496476,0.1307435767809253,0.14482229710847525
124,124.0,124.0,0.10291933242908798,0.09736748748122345,0.09319660578265708,0.10392829310295115,0.05076618473668724,0.1335906561654488,0.07990809430731208,0.05353194390894528,0.13758030046425135,0.1472111016214353
125,125.0,125.0,0.07982690642523324,0.10976907500154491,0.10547350944567617,0.0904131601368317,0.05216326563676811,0.14019386461279446,0.10131562402403485,0.05297104342598828,0.13916333182521237,0.12871021946591554
126,126.0,126.0,0.06965824004795065,0.10889780655690548,0.10534675227085603,0.08186043055927497,0.05856372244470017,0.11978595170478515,0.10513723534969692,0.05665338383676445,0.16488313454998735,0.12921334267907852
127,127.0,127.0,0.07162603747215265,0.1438065307929939,0.09851224317873639,0.08361527132063204,0.06629373743348502,0.13181582285540933,0.07938034222545032,0.05423777080896549,0.15123242570329948,0.11947981820887503
128,128.0,128.0,0.0713223659022531,0.11912505208263291,0.08716516042140432,0.07600840831974048,0.06455081588292058,0.13886550426385186,0.08940604283475001,0.08113605410287066,0.14708009731229638,0.12534049887727935
129,129.0,129.0,0.09896009862599822,0.10213455035676514,0.08732315560246437,0.07243795716230476,0.0745048199151239,0.1323583140697287,0.0727285873327238,0.06549991688447991,0.1553189434959224,0.13873365655448847
130,130.0,130.0,0.1025545628301919,0.08506074042091302,0.09955254490905938,0.09027642826360695,0.0478333687609779,0.14178418958887648,0.07071390303953558,0.06561616390100114,0.16050617268837986,0.13610192559745737
131,131.0,131.0,0.07210542525546718,0.09972543968969064,0.13101398032728664,0.09073181541606438,0.05465150023544975,0.11463050674960747,0.09362425193867674,0.06413629523999026,0.138328125849473,0.14105265929829353
132,132.0,132.0,0.08675729722784624,0.10529507297497802,0.0866907672464752,0.08029689468921831,0.05154163544470665,0.1416700472841674,0.07519344478599856,0.07527271723582991,0.15349683826662125,0.143785284844158
133,133.0,133.0,0.10783733901592471,0.08716654782827403,0.12401022640140694,0.0897753727927578,0.050656924570135785,0.13681487758838656,0.0697455677671844,0.07816902817681877,0.13140290879626132,0.1244212070628494
134,134.0,134.0,0.08752069813970867,0.10820261121706938,0.08806416737624792,0.0754019031566051,0.06400840450635588,0.15058462423618876,0.07013802036594416,0.08111385049683839,0.16662179947067288,0.1083439210343684
135,135.0,135.0,0.08259938691330578,0.1067910417266573,0.11144739727256336,0.0842825970878712,0.06705617756737041,0.1246333117040157,0.08038928236438417,0.05036491573878386,0.14872786497284107,0.14370802465220683
136,136.0,136.0,0.08421242894116152,0.1274904145746504,0.09934120658914067,0.06411549063329394,0.06440664522043336,0.1399751828073871,0.08077390353637601,0.04325306362660204,0.16745695831465318,0.1289747057563015
137,137.0,137.0,0.09324037063671813,0.11987323291281227,0.12804558178075265,0.055066891055942965,0.0635178411282633,0.13202263394403219,0.07745670914778982,0.07563267804801548,0.1407578663999739,0.11438619494569895
138,138.0,138.0,0.06555336367862677,0.10919887534840522,0.11387033556029931,0.0638988765431168,0.04765808185084767,0.15030008333512776,0.07590094133082956,0.06781237674600685,0.16281729151921012,0.14298977408752964
139,139.0,139.0,0.05503095496776458,0.0895582955418009,0.09895141887310557,0.07952056220479534,0.07450511030635167,0.15111254728172036,0.08128328523327723,0.0578336475867118,0.17563192161377023,0.13657225639070195
140,140.0,140.0,0.06666992168455607,0.11505229125737948,0.09610850875519641,0.06035830875378605,0.05764369614742969,0.1419073147185052,0.07996710529091486,0.10749960673881413,0.14282803587309365,0.13196521078032408
141,141.0,141.0,0.09601101286170816,0.09761547482734474,0.10345693437318196,0.0808514188548832,0.08746232035252821,0.14502449622420335,0.07372069931532531,0.056688195775077756,0.17128379326643053,0.08788565414931648
142,142.0,142.0,0.08443405059173073,0.11631628964380217,0.09134303958545356,0.08600205865754633,0.05443167671659843,0.14048524960571845,0.060019408571218534,0.09652020612512556,0.13775956957950108,0.13268845092330475
143,143.0,143.0,0.07332591178367696,0.09820303373191266,0.12721346265120864,0.09262907274733094,0.05542324892025848,0.1439622663621446,0.0801239439392758,0.05547278620045729,0.1480180245080286,0.12562824915570567
144,144.0,144.0,0.07774319263905197,0.12636590860903324,0.10344251854496742,0.0886157494466171,0.03229906434441613,0.15598967069557781,0.04449272230311775,0.0684599012212619,0.16523427245080988,0.13735699974514642
145,145.0,145.0,0.07936830033185946,0.08659027872624651,0.08630516026142594,0.07912222071744301,0.07702546848192209,0.12991364108479694,0.11011391366696707,0.08572102655136637,0.1424158435374289,0.12342414664054331
146,146.0,146.0,0.09923838350937665,0.10952425206378724,0.09727156463537177,0.07794354149291857,0.05628143288803696,0.158091978927131,0.0696931143194428,0.061004856702325826,0.1418614514934419,0.12908942396816686
147,147.0,147.0,0.07688531897576126,0.09437578767008505,0.12014412472315987,0.08161020433292701,0.08096898056335308,0.13478883854990276,0.08143425996714407,0.05208412769212402,0.13624292968911075,0.1414654278364318
148,148.0,148.0,0.10766445528132289,0.08889391198461857,0.08713442448001377,0.07126911394332638,0.06557547752275483,0.13830503228457033,0.08722961914985979,0.08184026484111012,0.14622227404323618,0.12586542646918683
149,149.0,149.0,0.08196913086031206,0.1470301557359055,0.10565975377910368,0.07118228810813423,0.06294809809930312,0.13700870015779737,0.07400716851533548,0.06488301494743944,0.1328207730600411,0.12249091673662757
150,150.0,150.0,0.10497082982240932,0.09864678166745641,0.11368293882376476,0.09297264856263046,0.053563087028820636,0.11822092017487791,0.07458353577922569,0.07140819916875352,0.1629782851613048,0.10897277381075601
151,151.0,151.0,0.07373528158293755,0.12546045522599078,0.08765099525291876,0.08314847260877392,0.05146174149498471,0.13872715744193748,0.08813380557909545,0.0853616358889413,0.12935649007293987,0.13696396485147985
152,152.0,152.0,0.07041410852273462,0.09320160573677758,0.13921772903166832,0.0654940826375144,0.06225133996027373,0.1407685975482355,0.07018956792179794,0.06101475608614597,0.15917106229203387,0.13827715026281767
153,153.0,153.0,0.07978203841339353,0.09932382903289814,0.11495014194856716,0.08051908803833777,0.07091825678446503,0.13686099477041122,0.08453223889832258,0.07554542579499386,0.15247092522478187,0.10509706109382837
154,154.0,154.0,0.09452173958776569,0.10248920310656437,0.13906683969758377,0.07315642590766225,0.041250252703432674,0.15866937606439158,0.06840339008807098,0.06245518782540761,0.1461929912079447,0.11379459381117604
155,155.0,155.0,0.06376274094316937,0.12986022602345945,0.1133147640350437,0.07720598508371358,0.07459196507839129,0.14563390752621225,0.06920465798399225,0.05439990971065154,0.1567513006121764,0.11527454300318984
156,156.0,156.0,0.06539890473489025,0.14539792272956387,0.11100362517567872,0.09916303318832127,0.04462712100594505,0.12833227198295452,0.10657322538343024,0.04056579512842926,0.15795203443774639,0.10098606623304014
157,157.0,157.0,0.07018317569389484,0.12068700113274355,0.10145663061707796,0.10608672398068346,0.06281931684520504,0.15428229084615253,0.06522905889673872,0.052569367603071,0.15305992987431088,0.11362650451012168
158,158.0,158.0,0.08381766721401963,0.10784177442028613,0.08569174048828934,0.0732711833263742,0.06891703588652363,0.14374482558747234,0.10481299193367552,0.06461496150639892,0.12856528930441993,0.13872253033254003
159,159.0,159.0,0.10720481971672291,0.10824276586806292,0.10540592625795116,0.10597141100020176,0.07098542129106522,0.1270646865784202,0.051520870388219266,0.06939167004953421,0.13064128449476048,0.12357114435506147
160,160.0,160.0,0.09465788037395598,0.0999350580541088,0.08053729378926995,0.07771552279689117,0.04902103852958349,0.1378230424240104,0.1288222149506461,0.08508245785504233,0.14468285320791008,0.10172263801858132
161,161.0,161.0,0.07074354820523468,0.09810611205261725,0.10267473911872045,0.07455877338326175,0.1081931480538206,0.12796042984828626,0.06804290870261687,0.05394406756722444,0.15309530885444064,0.1426809642137766
162,162.0,162.0,0.08239272192851019,0.09061296605773499,0.10670864259273875,0.10241067505947546,0.06669804251873432,0.11589959388905238,0.07713498517532975,0.04428858121949999,0.16893688749691557,0.14491690406200824
163,163.0,163.0,0.08725340169425129,0.13836371352153032,0.10147596584189769,0.08816004274460101,0.07445599660923025,0.12887513880883583,0.07245256915847999,0.05790495585955282,0.12973371100438016,0.1213245047572403
164,164.0,164.0,0.09830092181963135,0.09504141529070861,0.09843520018778931,0.08265120087356506,0.0644928222435602,0.14629854817541443,0.049336275353494344,0.05768348983990779,0.16333976058122412,0.14442036563470442
165,165.0,165.0,0.09735416097438603,0.10666316862848597,0.11218178031513122,0.07949516577719992,0.08896695576575134,0.14346048037892384,0.046357681271807845,0.04482393704914066,0.15214325686070132,0.12855341297847162
166,166.0,166.0,0.06656337370526719,0.10703804376216801,0.12206172010312895,0.08690654638901854,0.0840443212448665,0.14523929890939077,0.05370133596078956,0.0731025779606264,0.13215848763515523,0.1291842943295885
167,167.0,167.0,0.08964925272458837,0.13162152588903683,0.12317222554750484,0.06627705199580666,0.03215880266052103,0.1407230252686732,0.058240115457377985,0.055396547401605614,0.18477328122196704,0.11798817183291806
168,168.0,168.0,0.09051749453243998,0.10424323420569977,0.09276394459224015,0.09017749524915354,0.07165136901133459,0.12398745345434214,0.09537524686777492,0.05293633802558685,0.14383423788921004,0.13451318617221775
169,169.0,169.0,0.08077556568375464,0.13519240685222575,0.11331387831207626,0.06739866045353812,0.056766808030614936,0.1339623350094298,0.10955677736579283,0.06442725801601636,0.12263380506940869,0.11597250520714215
170,170.0,170.0,0.08999742548894121,0.11214886303599521,0.10833046009555883,0.04865902991370534,0.0749593194978474,0.12791974955644625,0.06701784897133084,0.0547034552897742,0.17915443861494632,0.13710940953545403
171,171.0,171.0,0.07636556229846635,0.13144907383340482,0.10994402501894432,0.0836444670729927,0.06860452827339428,0.1392976815029187,0.06121280667350668,0.0715245111197517,0.134666122329658,0.12329122187696213
172,172.0,172.0,0.07023018649420605,0.12135774362472443,0.11452480540718016,0.08674559198433707,0.04131330530560232,0.16227611139671677,0.05772196674196094,0.06390444731142085,0.16107923581006608,0.12084660592378502
173,173.0,173.0,0.09149816129867337,0.10738787129955114,0.10458153725773223,0.08655082356683033,0.049332622657736504,0.14182005618523638,0.0497223526240871,0.049967276064229384,0.1828612266482305,0.13627807239769277
174,174.0,174.0,0.10179053718063202,0.12753246405393293,0.10874004516137623,0.0577906308758334,0.06862174345607167,0.13888231060227768,0.06132023227966181,0.04750049120310147,0.14613712536387938,0.14168441982323307
175,175.0,175.0,0.07372908377832098,0.12917554278932153,0.11666459080166378,0.0919544078186716,0.0441960842582669,0.1497762185546559,0.039315565905342055,0.04508187272801119,0.1856767124852287,0.12442992088051708
176,176.0,176.0,0.09134192616829948,0.13519598315029552,0.125912446538413,0.06595141265212118,0.06743379813698877,0.14878871266654053,0.03307451439703364,0.04939518196473312,0.14935536527466506,0.1335506590509094
177,177.0,177.0,0.09176562619012442,0.11093664320371485,0.09978492928476831,0.07101518128171096,0.05702447466973258,0.14473937464705852,0.03357300561449606,0.07895981476924677,0.1936076046059338,0.11859334573321342
178,178.0,178.0,0.08208926387652775,0.14707621048411512,0.12141873268322019,0.05855684584518741,0.05991291512170842,0.14336139012808052,0.059945479648317576,0.05285968331628206,0.1475774964205367,0.1272019824760239
179,179.0,179.0,0.10323863133504359,0.12310659385836831,0.10976588877600094,0.07235148177901832,0.054984222938481375,0.11018041727781332,0.06662420172979902,0.07005955389555651,0.1734524714291511,0.11623653698076727
180,180.0,180.0,0.09078339330898844,0.10190924567886268,0.10598249642770359,0.06786574729114761,0.07551665869925567,0.11175613128050274,0.09712336973209874,0.062378289789197114,0.1628539641282866,0.12383070366395652
181,181.0,181.0,0.09594094310116015,0.09565724697987746,0.14952815654401808,0.0537508218148224,0.05181153095974045,0.14894668167427944,0.0829455799243352,0.05569646961020706,0.15888356930468778,0.10683900008687157
182,182.0,182.0,0.07604806854796675,0.11322760236410227,0.08543890565943199,0.07267573963969494,0.06248492502995787,0.15764735980223227,0.06104219655825719,0.06416063835617869,0.18485193415499118,0.12242262988718651
183,183.0,183.0,0.07806002200901598,0.1092024746337861,0.09530035666621103,0.07817052095059704,0.036813748696597946,0.15678082309431035,0.07280079445817794,0.05058541366556296,0.16864001787471247,0.15364582795102782
184,184.0,184.0,0.09724676420071744,0.12047993110298912,0.10067048521782493,0.09705815076367522,0.05454523341984363,0.1487255741260629,0.06457219225026112,0.05360705164751388,0.13429707666289856,0.12879754060821286
185,185.0,185.0,0.08616778302427859,0.11763572743406563,0.12054102743965552,0.0817281398985602,0.05894705833815017,0.13840838286187468,0.07072580613109243,0.03464558873918858,0.15944846469608634,0.13175202143704756
186,186.0,186.0,0.09059579649472461,0.13504234384724806,0.12406366820435506,0.08176303594921108,0.05343293327592689,0.11187047105241806,0.08022833266449697,0.049757294702915525,0.14766809898216016,0.1255780248265433
