,Unnamed: 0,Generation,Intertwine_two,Add_vertex,Delete_vertex,Invert_path_vertices,Insert_inside_vertex,Delete_inside_vertex,Replace_inside_vertex,Donate_between_routes,Trim_one_terminal_cb,Grow_one_terminal_cb
0,0.0,0.0,0.09999999999999999,0.09999999999999999,0.09999999999999999,0.09999999999999999,0.09999999999999999,0.09999999999999999,0.09999999999999999,0.09999999999999999,0.09999999999999999,0.09999999999999999
1,1.0,0.10900000000000001,0.10035596561079344,0.09828041437288755,0.0995557222654163,0.10064606884932142,0.10011877142169813,0.1016532798363579,0.10064523336855338,0.09943407534644674,0.09943055911966955,0.09987990980885547
2,2.0,0.31601,0.10040652914573542,0.09799757066563564,0.09794088281854403,0.10024120152130683,0.09992006356214442,0.10254345211624456,0.10061184190529901,0.10054376853317272,0.10011351690315748,0.09968117282875975
3,3.0,0.6191589000000001,0.10046784283344228,0.09684728774435798,0.096550664808153,0.10157876729086368,0.09890852446308937,0.10395760411253943,0.10058294443911998,0.10034866028391355,0.10033015200123141,0.10042755202328918
4,4.0,1.015801321,0.10000428141783181,0.09538636754166724,0.09549709671956894,0.10304490318858348,0.09886914458194732,0.10459259218277576,0.10034866104754028,0.10022785651192559,0.10015643015705208,0.10187266665110734
5,5.0,1.50262148669,0.09941570448799436,0.09493121531484341,0.09350333088053579,0.10300569522372556,0.09951108841839755,0.1062316601641918,0.10021245171305085,0.10012049048951885,0.10105615349550064,0.10201220981224102
6,6.0,2.0757334209441005,0.09925791599577871,0.09495302767873674,0.09232096941984731,0.10406089824646853,0.09901334367556493,0.10719178703558192,0.09850410962329018,0.09995198089302312,0.10187977583099896,0.10286619160070945
7,7.0,2.7307768275633495,0.09879476016750029,0.09529024851863718,0.09118810819267278,0.1035310302070488,0.09848288732844804,0.10834685495174046,0.09777605538771514,0.10002351999898083,0.1028445193785056,0.10372201586875071
8,8.0,3.4630081252450404,0.09951265351627576,0.09593940964333744,0.09035550271480876,0.10241702391336126,0.09840221950606018,0.1102088643077589,0.09711814710687239,0.09795423829396892,0.10332414759211897,0.10476779340543724
9,9.0,4.2673862119061114,0.09903391506640237,0.0963107844702584,0.08843720889790227,0.10225904540502068,0.09724410182506149,0.11138850900524451,0.09715425899550537,0.09694414212226833,0.10508365692202787,0.10614437729030851
10,10.0,5.138652627782014,0.09828073794700466,0.09672054823260745,0.08575662854898985,0.10227684428107561,0.09657048309050362,0.11295840191913362,0.09655821514714452,0.0969584798390454,0.1077737390788728,0.10614592191562225
11,11.0,6.071405875792507,0.09775627308349795,0.0985759222762288,0.08525764530079614,0.10142616059324835,0.09439700596967868,0.11373020423965387,0.09601761166547125,0.09702030353940501,0.10960742323347361,0.10621145009854611
12,12.0,7.060169740244025,0.09875969016222039,0.09847669888060875,0.08491112948172032,0.1008615689910532,0.0923825782842712,0.11472481115469392,0.09515522979005588,0.09654712677517385,0.11041612162859778,0.1077650448516045
13,13.0,8.099455520847952,0.09798441117662508,0.09855116879875966,0.08466869473538602,0.10096253252995332,0.0904532618896671,0.11523532694995799,0.09457624146933331,0.0956576283217047,0.11286422169097979,0.10904651243763279
14,14.0,9.183818168183006,0.09943977106538314,0.09923856743999457,0.08316890806927167,0.09957727784811639,0.08902859216806751,0.11692431082054741,0.09486055990137149,0.09375492803230293,0.11407255990736942,0.10993452474757526
15,15.0,10.307906369102724,0.09899771705324191,0.09969361516051067,0.08480251725387725,0.09902840229248702,0.08604968477440891,0.117265130495033,0.09465141778930702,0.09212730936582296,0.11634876903907489,0.11103543677623615
16,16.0,11.466506686239443,0.09828118057921584,0.10032778222891978,0.08542886386960225,0.09779540599282814,0.08456364937236426,0.11826457670846342,0.09544777156043402,0.09011961612633786,0.11816926795404396,0.11160188560779027
17,17.0,12.654581904800096,0.09831067053141973,0.10117199600596363,0.0842357617415456,0.09759444927530897,0.08369833213414969,0.11855802469331743,0.0949491155800437,0.0897151050279305,0.1203207878745112,0.11144575713580934
18,18.0,13.867303782456686,0.09843961702803203,0.10258232903422546,0.08420137117299298,0.09550152881293858,0.08176081876480523,0.11962817560342696,0.09428864892289743,0.08778484611673013,0.12391986781697631,0.11189279672697466
19,19.0,15.100080434523047,0.09948488488353607,0.10131298391376106,0.08393890448722915,0.0956691913791371,0.08058503528700278,0.12124119591447405,0.09326499003390705,0.08710746449367444,0.12508373334986936,0.11231161625740871
20,20.0,16.348578617037543,0.09853948941591349,0.10124732778554703,0.08558493728711836,0.09385517143217105,0.0785359612304765,0.12152133366808743,0.09256064740151299,0.08759325279374974,0.12664908598031582,0.11391279300510734
21,21.0,17.608741195130214,0.09909890385815176,0.10098707881091783,0.08721715481056583,0.09329905093481934,0.07531055676550547,0.12209462936451057,0.092199107113981,0.08751278782666035,0.12753492104384107,0.11474580947104655
22,22.0,18.876800103462312,0.0971790513917551,0.10168254340699467,0.08707515783547029,0.0939396151459794,0.07313404945527903,0.12432034815968687,0.09094730606125719,0.08649390757483885,0.13041702388513943,0.11481099708359888
23,23.0,20.14928511992658,0.09585080644287115,0.1018073036264871,0.08643419753735831,0.09537641491088648,0.07311425694124819,0.12401823240114951,0.0907983711401182,0.08606281080108684,0.1304355991042857,0.11610200709450819
24,24.0,21.423028783545156,0.09422785454429959,0.10219708754873297,0.08803340671265755,0.09501474610141987,0.0720670315266664,0.1230429946118255,0.09050402337051638,0.08510608516389602,0.13272633833736902,0.11708043208261641
25,25.0,22.695167792966423,0.09216229612814049,0.10391980487177074,0.08898435898841923,0.0939236497626471,0.07133664014828014,0.12407298561849317,0.08950841842667927,0.082817074842463,0.1356340323795338,0.11764073883357276
26,26.0,23.963141223515898,0.09025873611564218,0.10274444396656617,0.08903149230045512,0.09289802930635244,0.07090496377775743,0.12603001825983862,0.08949669801588858,0.08215392893310418,0.1372493633278357,0.11923232599655934
27,27.0,25.224685898775267,0.0885670241837348,0.10267978335324533,0.09019074589638382,0.09243616264275974,0.0686833509476429,0.12803376655351978,0.08866094493845403,0.07874038863355355,0.14092269228368973,0.12108514056701611
28,28.0,26.477829247520948,0.0883476723089495,0.10480991826626453,0.09017419962758946,0.09019241526061031,0.0679473582245017,0.12996296591203468,0.08975975419765136,0.07670986216833067,0.14056511673645886,0.12153073729760872
29,29.0,27.720879968916847,0.08714087528330315,0.10525508994522789,0.09007662703535133,0.0899925513665109,0.06552753395720295,0.13074855567047783,0.09052524380679952,0.07648890397035256,0.14195476261251117,0.1222898563522625
30,30.0,28.95241681848399,0.0854827399717429,0.10627128327488873,0.09227978980607919,0.08952992052624886,0.0663154257832306,0.12968280540336907,0.09012537097788541,0.07629622563973801,0.1412908373976794,0.12272560121913761
31,31.0,30.17127581490958,0.08465739303823577,0.10742455815655057,0.09198965996112002,0.08948736267837575,0.06664152458755412,0.1302006444574646,0.0896358795186216,0.07625852031378201,0.14078923708901672,0.12291522019927863
32,32.0,31.376536153543515,0.08491619077557652,0.10825498212900582,0.09296854628411756,0.08799400254220305,0.06578634783870377,0.13033760390969829,0.09004098681534979,0.07380708469633376,0.14247050482893714,0.1234237501800741
33,33.0,32.567505096778625,0.08366782315850364,0.10779016802717514,0.09290496107492302,0.08910120533632425,0.06632159011373022,0.13024812052734916,0.08798672667050796,0.07468378200710815,0.14307539983376125,0.124220223250617
34,34.0,33.74370209472243,0.08377935139734363,0.10874516589880219,0.09400235056721029,0.08877620660577246,0.06645066920086853,0.13077897702279287,0.08681789446544275,0.07572690961781267,0.14267304054986812,0.12224943467408628
35,35.0,34.90484237192463,0.08403397810038724,0.10945731282578906,0.09297288732897026,0.08830652043100456,0.06701748004256189,0.13056499321963908,0.08620728575889379,0.07633729178276358,0.14403849358604964,0.12106375692394074
36,36.0,36.05082019768737,0.08370224195417657,0.10889302923315111,0.0942610681837994,0.08872099291446232,0.06643505645676819,0.13034253906159943,0.08605196067839192,0.07641737932533038,0.14448508021594417,0.12069065197637635
37,37.0,37.18169203889697,0.08387524605016723,0.11190886134970385,0.09395727224667486,0.08773539771502074,0.06718809868949972,0.13059758212393985,0.08458091783893898,0.0759512144901936,0.14431084481066972,0.11989456468519132
38,38.0,38.29765977559663,0.08501833960664655,0.11156596055241241,0.09513781942426816,0.08820029314711185,0.06850111665620935,0.12978349125262664,0.08219987985113998,0.07691126659324224,0.1421495604369543,0.12053227247938837
39,39.0,39.399054140870355,0.08419935558508809,0.1105830056228625,0.09801787411528125,0.08766218760669656,0.06798737939639855,0.1300691986214542,0.08260795249992503,0.07657391985659696,0.1419781881517855,0.12032093854391122
40,40.0,40.48631852820801,0.08341570450835338,0.11078756758381245,0.09804425439095113,0.08770788040870724,0.06694600979007886,0.13188372365153855,0.0824488181614248,0.07563862628772952,0.141818317636459,0.12130909758094496
41,41.0,41.55999329152982,0.08414987750487797,0.11175392753068715,0.09952296889461074,0.08799891532672584,0.0668255192568929,0.1308238411936506,0.08219921310031048,0.07517499001437784,0.1409040320787356,0.12064671509913076
42,42.0,42.62070064560415,0.08310096820158465,0.11147230023949595,0.0998897571661546,0.08929509571648975,0.06789178472418408,0.13106096259733047,0.08229595758690718,0.0760301329180068,0.1395903783810309,0.11937266246881559
43,43.0,43.669130257815,0.08155857845211492,0.10939362940755822,0.09995277672123608,0.08997114888313897,0.06735657705009168,0.13263887669079027,0.08172320597654191,0.07568583133970137,0.1425520935857817,0.11916728189304479
44,44.0,44.70602560622662,0.08283374547647578,0.1076661312673208,0.1011955321941124,0.08899673860478274,0.06662089903777553,0.13390244748695757,0.08050491387711163,0.07450637426071348,0.14356526214534696,0.12020795564940298
45,45.0,45.73217116373481,0.08414377163205547,0.10778917365835958,0.10202098392643064,0.08746257170630425,0.06588297407096687,0.13292498892461624,0.07990776304497067,0.0749068057563425,0.14373481006046562,0.12122615721948804
46,46.0,46.748380453854836,0.08444170239364683,0.1072742530227459,0.10230469163497577,0.08899841992344004,0.06622273815646793,0.13343354943554597,0.08032353198545547,0.07375982514561766,0.14254865832502472,0.1206926299770796
47,47.0,47.755485010424316,0.08511214972183102,0.10631129232574024,0.10115769107007597,0.08851377541068033,0.06608392571242652,0.13689083689927206,0.077634099568814,0.07233735579056823,0.14306202608456942,0.12289684741602207
48,48.0,48.7543242612326,0.08771369377684272,0.10686929443407844,0.10096768479310081,0.08961615651618653,0.06470307120488192,0.13747244499073746,0.07776812572159986,0.07129601916772382,0.14258196979221896,0.12101153960262931
49,49.0,49.745736344347726,0.08972733071495892,0.10487338492278184,0.10250398441493731,0.08891856078069046,0.0665652176092969,0.13651024619425012,0.0785715383675385,0.06931436218012574,0.14146659377559603,0.12154878103982403
50,50.0,50.730549855707864,0.08975328032539706,0.105197135751986,0.10201720015910377,0.08940951414037183,0.06726117346936226,0.13603865128729367,0.07949659625966515,0.06746311173096249,0.14118744574894032,0.12217589112691732
51,51.0,51.70957651737491,0.09034035353423646,0.10638072914325968,0.10002425617234811,0.09160027012635841,0.06541417985416295,0.13455603398523047,0.08225525620922093,0.06668981534708339,0.14072388707012232,0.12201521855797715
52,52.0,52.68360474770151,0.09019938769207805,0.1062051893585005,0.10267242685787928,0.09267844468294106,0.06383071905663337,0.13357768897300587,0.0836363591980522,0.06610339558270441,0.138019214556725,0.12307717404148014
53,53.0,53.65339410751842,0.09018007189947842,0.1055596647310524,0.10319282131403751,0.09377113985002226,0.062469547265162746,0.13566662039483257,0.08267551942806156,0.06685388440296093,0.13618185187345624,0.12344887884093525
54,54.0,54.61967059027847,0.08940832740252946,0.10668828852531083,0.1022036669651442,0.09370555501799765,0.06341386351076876,0.13678285644453156,0.08135509952422863,0.06679867330229255,0.13642953181764708,0.12321413748954914
55,55.0,55.58312271885972,0.08865033721429738,0.10728210043998454,0.1012621277836162,0.09399534035371024,0.06640841270033755,0.13544145196223092,0.0796078866278809,0.0667596639904642,0.13689976974841814,0.1236929091790598
56,56.0,56.544398407394254,0.08689721262557137,0.1081970482632188,0.10225954198412973,0.09297766628747751,0.06629132742699984,0.13474042000959033,0.0815301885792329,0.06638887043878353,0.13846961872022723,0.12224810566476862
57,57.0,57.504102543001395,0.08631050007000975,0.10823689082402328,0.10150599543909457,0.09045384449598956,0.06702605301187926,0.1338937107398829,0.08313338297982258,0.0679845846340072,0.13933680494368098,0.12211823286160976
58,58.0,58.462795239617805,0.08706438890257154,0.10695389294192509,0.10068567350872128,0.09146550922220445,0.06701573870996227,0.13222363318193567,0.08241713514763427,0.06909547329730435,0.14016189314908162,0.12291666193865933
59,59.0,59.42099071417639,0.08675042366976879,0.10677129039875986,0.10106419337372546,0.09011069510973643,0.06669519044867163,0.1328656664297975,0.08291021419119136,0.07117262717972092,0.1394587691530055,0.12220093004562238
60,60.0,60.379156734137354,0.08731122149420693,0.10627093347189812,0.09921671372837723,0.09311758768413443,0.0653639469365153,0.13215856662748918,0.08307157078628667,0.07067622847824077,0.13855112672053804,0.12426210407231314
61,61.0,61.337714584760846,0.08664197381775525,0.10717563298277352,0.09878230221240822,0.09141485328013609,0.0633040787312802,0.1334070672279417,0.0832197898146986,0.07100505276495155,0.13972524118753643,0.12532400798051826
62,62.0,62.29703950447439,0.08568372603410836,0.1078402026786545,0.09837745393220171,0.09216537218337541,0.06399163601152452,0.13134097203633105,0.08578193006381492,0.07069545181075447,0.13880584527540432,0.1253174099738306
63,63.0,63.257461537171835,0.08593852223424127,0.10786931899846706,0.09681987121924689,0.09395688866193469,0.06510939061202102,0.13087308290331628,0.08610434756483229,0.07076221511247364,0.13758931219787793,0.12497705049558876
64,64.0,64.21926675122782,0.08632667893765389,0.11013653691186212,0.09650710709303638,0.09357658833198199,0.06530530571211776,0.13058446927125858,0.08524578369214085,0.07018851240921557,0.13702114411395724,0.12510787352677546
65,65.0,65.18269877636592,0.08733895657878868,0.1107226507493624,0.09603325935528319,0.09435837418104684,0.06625500667757667,0.1290319586623842,0.08376069286248311,0.07110753519660085,0.13857989918971336,0.12281166654676057
66,66.0,66.14796061122655,0.08994789530987263,0.11218694531195546,0.09425566150467184,0.09277490915368924,0.06562962084838063,0.1301056386613968,0.08262757590481078,0.07122016004879529,0.13881592966057987,0.12243566359584733
67,67.0,67.11521665648885,0.0894695320449214,0.11245924768454221,0.09445598347224199,0.09303036829486545,0.06619603119312933,0.12963232840858005,0.08218721694705916,0.07145944297647641,0.14006417522436349,0.12104567375382033
68,68.0,68.08459493066005,0.09065763389647238,0.11297075564173016,0.09311228047007696,0.09275376206455188,0.0649656583111549,0.13083139289402743,0.08223125232750672,0.0733333300682843,0.13926848069581654,0.11987545363037858
69,69.0,69.05618942810752,0.08939850450126116,0.11344398313438087,0.09219515586637249,0.09403827233379393,0.06325478573927173,0.13114212084626034,0.0822279782520604,0.07447938246701526,0.13912924955679698,0.12069056730278666
70,70.0,70.03006258152917,0.08879018893262751,0.11496695604086746,0.08993531798391131,0.09379442426643789,0.06336630314774126,0.1301617427253925,0.0807890147771399,0.0768691386184267,0.13958053660041914,0.12174637690703621
71,71.0,71.00624779379335,0.08832853979354659,0.11628368398309097,0.09174242894291615,0.0915809006434278,0.06206513211039753,0.13102583699530984,0.08111495062816614,0.07770592154018587,0.1390641205434815,0.1210884848194775
72,72.0,71.98475200689319,0.0895215160549283,0.11549665447328782,0.0919718870404245,0.09061915456047717,0.060667994569282666,0.13145959295055334,0.08235759565894048,0.0772610521158475,0.13800272270969716,0.12264182986656096
73,73.0,72.96555827861411,0.0896663664668761,0.11552758234632576,0.09212026489477654,0.08908436626092459,0.06000461902817781,0.12967148682337867,0.08368409841008605,0.0780564487640849,0.13831782238707474,0.12386694461829471
74,74.0,73.94862834037681,0.09085594148002693,0.11483605624820485,0.09163792177986595,0.08883891043507981,0.059234306911578195,0.12773705925142828,0.08270606362652941,0.08013464967816052,0.1387339113648503,0.12528517922427562
75,75.0,74.93390511255946,0.09211096541096808,0.1150886627948314,0.09269966971810181,0.08708709147987607,0.05830743533872752,0.126151580378488,0.08405407296372935,0.0805481768459682,0.13888679270449616,0.12506555236481326
76,76.0,75.92131515639825,0.09237950244832023,0.11442781721562435,0.09350928512930079,0.08692328178665158,0.05926747294220684,0.12663777784456498,0.08291433890844002,0.07919736249672242,0.1410564476658934,0.12368671356227526
77,77.0,76.91077104428919,0.09071448933475934,0.11333404912917798,0.09415956884927137,0.08720721355053494,0.059336707988646556,0.1251708307234669,0.08507198556574343,0.07971440559376454,0.14213211861554775,0.12315863064908701
78,78.0,77.90217363294813,0.09207683351284754,0.11210268785362422,0.09298763085395392,0.08923688170699529,0.059342893390970784,0.12168863742500545,0.08701890058743751,0.079550306716915,0.1431270464901631,0.12286818146208699
79,79.0,78.89541422641172,0.09236372676440582,0.11232061122845664,0.09207526703785512,0.09019176059267539,0.058881176259464846,0.12171121126668541,0.084259145825241,0.08020800641698082,0.14625187626578384,0.12173721834245095
80,80.0,79.89037661826481,0.09337664909701834,0.1114030388825144,0.09436031533088926,0.09114521491466292,0.05966458907996519,0.12229651788218207,0.08304496160260788,0.07866577324454088,0.14387839821742393,0.12216454174819495
81,81.0,80.88693900474995,0.09172978478518419,0.10960142092671575,0.0962156368305236,0.09275939776184285,0.06056229177050053,0.12749550084208514,0.08143697828937872,0.0771397352100175,0.14321033727588367,0.1198489163078679
82,82.0,81.88497576253909,0.09281506382642692,0.10880688743951145,0.09560708051676405,0.09370602134764318,0.06070802629032967,0.12865444949509192,0.07843569638433141,0.07869575142804434,0.14341736890937798,0.11915365436247895
83,83.0,82.88435908692391,0.09188787923366297,0.1069628052871801,0.09660184136108539,0.09358841239551818,0.062374941703272166,0.1283852213524131,0.08032522182545358,0.07728688037964714,0.144197682211692,0.11838911425007524
84,84.0,83.88496048800103,0.09107182528274439,0.10765277213380495,0.09982267912417594,0.09332347319525584,0.061533039411825904,0.12692140929967985,0.08052498040218328,0.07604789017047914,0.1435951604942472,0.11950677048560339
85,85.0,84.88665214409042,0.08908957171548848,0.10775868324405163,0.10168218770496469,0.09171527886859696,0.06501980842712068,0.12895174910772988,0.07804151647745437,0.07544975357718926,0.14273433387011453,0.11955711700728941
86,86.0,85.88930811312994,0.08909772503883778,0.10801478522238257,0.10185141827103948,0.09191158547330319,0.06457963381898657,0.12876358733700285,0.07773150199856502,0.07572528452384056,0.14298824899122045,0.11933622932482148
87,87.0,86.89280540413424,0.0889157733116395,0.10724722095543204,0.10172292267004118,0.0909778177546732,0.06503977265569283,0.12938177398045106,0.07869749227434746,0.07590787463711138,0.1431438980105702,0.1189654537500411
88,88.0,87.89702491199675,0.08686503718548072,0.10733762690322851,0.10447325049188719,0.0919018218315547,0.06640462848842495,0.12978333897022637,0.07772601312552146,0.07420642730468546,0.14255749424723144,0.11874436145175916
89,89.0,88.90185221995306,0.08538317317775984,0.10757246590280904,0.10578942996977533,0.09161696907768471,0.0650870253910433,0.1320709156543005,0.07601432379214071,0.07397048271084275,0.1422593286950625,0.12023588562858124
90,90.0,89.90717827491419,0.0847897905273953,0.10555636057637051,0.10649325833183676,0.09093893657567308,0.06548868892902257,0.1307321990428825,0.07841651486560179,0.07326464002674084,0.14393871550552687,0.12038089561894974
91,91.0,90.91289994163006,0.08321552197712992,0.10591982216616244,0.10696293142128793,0.09043227351955772,0.06532875623847854,0.1311278024474006,0.07637504237145708,0.07459833341482987,0.14559178602210118,0.12044773042159468
92,92.0,91.91892044225806,0.08527056544870687,0.10396660941826077,0.10533741148854789,0.09005982951966435,0.0666527899977479,0.13162053056710973,0.07672813833020889,0.07397695871027596,0.14561009925863716,0.1207770672608404
93,93.0,92.92514968840067,0.08476958349386676,0.10531558109187068,0.10476430810568697,0.0885838387774445,0.06694364346645756,0.13226496743454302,0.07743612088533186,0.07363337091762685,0.14797520412648746,0.11831338170068423
94,94.0,93.93150451304501,0.08335966175050576,0.10649691892338778,0.10455061691427334,0.08980891142941722,0.06698365181894414,0.13048503398255556,0.07711421685160799,0.07296666817411099,0.1481390065414376,0.12009531361375955
95,95.0,94.93790881009448,0.08259953378405421,0.10811331764725417,0.1028134601050958,0.08940127189122377,0.06693377158581547,0.13336654293255948,0.07714227321479301,0.07194499464700117,0.14772383228175334,0.11996100191044952
96,96.0,95.94429358933806,0.08145590828229363,0.1083098138461059,0.10166047937331177,0.09015884791468473,0.06575730521311951,0.13501228465723067,0.07849843298860593,0.07427246149317847,0.14502254433026765,0.1198519219012017
97,97.0,96.9505969547639,0.08155970298279318,0.10825121509025934,0.10297241186889479,0.09004506589719768,0.06575640079835128,0.13218841408719623,0.07924112494228196,0.07441533284117641,0.14434014947747337,0.12123018201437571
98,98.0,97.9567640140995,0.08192864129085119,0.10746919338315011,0.10184554333779086,0.09087755839509223,0.06794101587645511,0.13127755049456388,0.08030226148258036,0.0746799682346951,0.14338414395957508,0.12029412354524602
99,99.0,98.96274672736057,0.08010386873676291,0.10785698425065043,0.10145903943756093,0.0915563848177042,0.06736910777728249,0.13166830624612044,0.0794805982690567,0.07453865943656601,0.1447222621172754,0.12124478891102039
100,100.0,99.96850370202192,0.08242057273622211,0.10664241345474364,0.10023056205401192,0.09124038746630929,0.06747950124293911,0.13234043494096792,0.07915357490805602,0.07501448351074022,0.14380821752364611,0.12166985216236353
101,101.0,100.97399994219691,0.08379099674977916,0.10742419738371814,0.10057528646443814,0.09012981872587776,0.06774333702016574,0.1318048993380242,0.07871791105449356,0.07255730226827431,0.14674493954330536,0.12051131145192344
102,102.0,101.97920655893245,0.08571174363052367,0.10862474440033833,0.09998792172314944,0.09006335981713637,0.06812951901418235,0.1313712013349663,0.07810540991549744,0.07283953616549835,0.14509775809129183,0.12006880590741577
103,103.0,102.98410044840509,0.08829280937857967,0.10910517002934313,0.09859822065304855,0.0874330904551552,0.06717954522407647,0.12884673696938892,0.07991373215029968,0.07579532826468398,0.14389473257688035,0.1209406342985439
104,104.0,103.98866394444643,0.08933267233049283,0.10815579818550167,0.09753211304752987,0.08810393834495334,0.06611208748778621,0.12718542661121876,0.08147637512479536,0.07724179628117024,0.14420526163016142,0.12065453095639007
105,105.0,104.99288445143917,0.08788588553184216,0.10717659449125061,0.09683063080856169,0.08909023290284714,0.06398772490176072,0.1247753249835496,0.0840212279791968,0.07819925974268133,0.14639666618078498,0.12163645247752479
106,106.0,105.99675406321822,0.08909673195454967,0.10710535501812568,0.09693687699725928,0.08898867756886453,0.06396952237891661,0.12266624625754943,0.08374606590289976,0.07873121330564055,0.14608435000960104,0.12267496060659328
107,107.0,107.0002691731872,0.08965818876032691,0.10645190597729284,0.09748241207063336,0.08934892292849246,0.06365052376405625,0.12324163591525067,0.08311784055928348,0.07797401989597236,0.14666488648418843,0.12240966364450309
108,108.0,108.0034300804274,0.0892818762197368,0.10855236659942567,0.09963002778267319,0.089432168380393,0.06454688674395387,0.1207210279414113,0.08324940500806383,0.07724812442659393,0.14642432611498027,0.12091379078276805
109,109.0,109.00624059613932,0.08950643949965922,0.10851793333086235,0.10070874080773967,0.08677617851584499,0.06444303478160265,0.12150724853226835,0.08460537928986378,0.07883081140040055,0.14548849114585796,0.11961574269590039
110,110.0,110.00870765431864,0.08973342444938083,0.1080375094095748,0.10296622242803109,0.0854470315084704,0.06581028355783441,0.12170776030847175,0.08255904583378111,0.07826422024548642,0.1453068431005276,0.12016765915844149
111,111.0,111.01084093013685,0.09101708568651831,0.10991185461362621,0.10278582725154195,0.08398556914044432,0.06505471299231139,0.12365055928222214,0.08159984850764337,0.07640134264921204,0.1457674838845416,0.11982571599193857
112,112.0,112.01265246907188,0.08964138292743648,0.11057489037242277,0.10397006308652668,0.08462287383504463,0.06257670099131661,0.12577493696214237,0.08153922643444624,0.07713880498266465,0.14491467604683492,0.11924644436116458
113,113.0,113.01415632942268,0.09089240829820594,0.11038537391556721,0.10385042672297594,0.08450335346102372,0.06107112331965506,0.12475623642197675,0.0827536961728762,0.07568813589505068,0.146437520635081,0.11966172515758737
114,114.0,114.01536824044418,0.0935599357707992,0.1111914765618941,0.10295949932108685,0.0846974564567989,0.060137728379342545,0.12508515819422053,0.08122378612072187,0.07313421828308383,0.1480832151836701,0.11992752572838199
115,115.0,115.01630527795908,0.09282159293333989,0.11045524395184723,0.1028088583046311,0.08424418757255885,0.05901176021715276,0.1254327445794049,0.08269410328392278,0.07484048246574686,0.14861809564065465,0.1190729310507409
116,116.0,116.0169855589429,0.0944409992828497,0.11041973136300225,0.1040397479644416,0.08431915740443295,0.056518544060834876,0.12521800346335507,0.0810877764651396,0.07355372012892586,0.15308389286950694,0.11731842699751106
117,117.0,117.01742795623892,0.0935643641486083,0.11103387825857387,0.1054900252188259,0.08607655937734626,0.05609672875047856,0.12699581351533779,0.07985517253433926,0.07172454218486898,0.15241953580847006,0.1167433802031509
118,118.0,118.01765183424293,0.09424885465168736,0.11237870159394402,0.10692632269367554,0.08468195498412386,0.05512821450207776,0.12855104539867301,0.07871202210999195,0.07152375090413494,0.1507997382392931,0.11704939492239838
119,119.0,119.01767680610413,0.096176059017528,0.11245871346646957,0.10702636738865372,0.08182521482325468,0.054692002302949794,0.12960620068718004,0.07756963372311046,0.07527851081898107,0.14998909718739617,0.11537820058447648
120,120.0,120.01752251271817,0.09685063695345968,0.11230885596510878,0.10794632776546477,0.08169831403791693,0.0538554456089429,0.13068031395003787,0.07545325715940523,0.07488752572710874,0.1489729854733425,0.11734633735921256
121,121.0,121.01720842354362,0.09581459959561682,0.11098920063375332,0.10789337971358809,0.08117408724726406,0.05433538626844164,0.13163711364232736,0.07386164333293394,0.07536004814805092,0.14840128548265571,0.1205332559353681
122,122.0,122.01675365905109,0.09585596932888946,0.11177270677828462,0.11025746303908551,0.08199825784589472,0.05322826715630484,0.13298578777051182,0.07439774258080646,0.07352605075491593,0.1449144497109384,0.12106330503436821
123,123.0,123.0161768344173,0.0954730207353208,0.111481873667004,0.10829450212731838,0.08338193539606213,0.0537451825807266,0.1346629148313281,0.07445338099323398,0.07166048789440198,0.1432221857818722,0.12362451599273178
124,124.0,124.01549592390272,0.09649333811617751,0.1101700314510842,0.10712130977602849,0.0852995298082017,0.05297780501254232,0.13515367687919208,0.07458459200968234,0.06956121830534309,0.1422580345240358,0.12638046411771242
125,125.0,125.01472814520056,0.09516664110169219,0.1101015067690899,0.10715387998623578,0.08586013911546286,0.052404757088426006,0.1362400533598668,0.07689666991913445,0.06745549288293043,0.14150182418748125,0.12721903558968026
126,126.0,126.01388986291661,0.09280234980416255,0.10994938339315564,0.10715371375253474,0.08555494474445594,0.05252664472299795,0.13521653901420239,0.07960389071125656,0.06578372954926723,0.143369830233437,0.12803897407452997
127,127.0,127.0129965102319,0.09063982628124397,0.11329282901006117,0.10645204361817505,0.08541880874483358,0.053469715870208205,0.13534405734507265,0.07972003355812621,0.0639462777890654,0.14390109783329388,0.12781530994991983
128,128.0,128.01206252771334,0.08847305006553637,0.11413891921206937,0.10460643421712373,0.08451756467084229,0.054272427963273764,0.13612850963880352,0.08082373526791209,0.0648853144644733,0.14403731911276482,0.1281167253872007
129,129.0,129.0111013181695,0.0891152179021412,0.1132512115499956,0.10278677253632636,0.08326430832499554,0.056093053129449566,0.13621116762999946,0.08023514433218515,0.06432934114688531,0.14501423066464658,0.1296995527833752
130,130.0,130.01012521639834,0.0901510641827435,0.11063372704861169,0.1022173797849296,0.08381196121223677,0.05524858833144993,0.13718961883838787,0.07942887849071746,0.06385229562008418,0.1465152211088987,0.13095126538194024
131,131.0,131.0091454726403,0.08816244706428758,0.10948873105796694,0.10482442150173654,0.08441503219651333,0.05509623096499272,0.13540080234951543,0.08090712436879885,0.06329260646267124,0.1457882173406297,0.13262438669288756
132,132.0,132.0081722485317,0.08767730863682693,0.10891756508123265,0.10300033332703715,0.08397747184187312,0.05464367554881149,0.13628711860698717,0.08052163621950305,0.06391096530835674,0.14657618427599087,0.1344877411533807
133,133.0,133.00721462434865,0.0893394881168304,0.10655443826643884,0.10492750422449523,0.08449470956152434,0.05411688418575025,0.13665311555590545,0.07957662726892037,0.06487073688284732,0.14514516811068623,0.13432132782660142
134,134.0,134.0062806163404,0.08898876407020287,0.10633735156762229,0.10325817935146074,0.0835756831779075,0.054943320356461,0.13836110509503693,0.07866705387825458,0.0661619964448305,0.14724172003620895,0.13246482602201445
135,135.0,135.00537720296956,0.08816630064629286,0.10601946918614066,0.10394216983560912,0.08355489102556594,0.05608254105770108,0.1374253996184495,0.07878827369137625,0.06439875511533003,0.14753302411374083,0.13408917570979356
136,136.0,136.00451035890612,0.08753171863022954,0.10781102805301168,0.10342219447736993,0.08152674450362388,0.056952622819220144,0.1379895309207136,0.07895184372711503,0.061960314313795936,0.14968005552629177,0.13417394702862834
137,137.0,137.00368509565993,0.08783019608843755,0.10885850673222817,0.10578384429523356,0.0786224401374376,0.05772135621938242,0.1377218507252825,0.07878555791851392,0.06281660652768466,0.1491202436340033,0.13273939772179613
138,138.0,138.0029055077818,0.08538422685049843,0.10884394904888815,0.10671442188412068,0.07665620926577241,0.05688520520087571,0.1392516913206916,0.07846703542136965,0.06293340010518696,0.15073873167052704,0.13412512923206923
139,139.0,139.00217482361367,0.08193230503354827,0.10687033841621686,0.10613160918216151,0.07632119672021503,0.0587251008962698,0.14082027817136342,0.07869293862327918,0.062089431175417716,0.1535976195113412,0.13481918227018685
140,140.0,140.0014954596262,0.07972045856931445,0.1074703679896264,0.10525098483551679,0.07413545373895826,0.058852665700333096,0.1414144057717501,0.07879053697686149,0.06625389721794857,0.15311057301503062,0.1350006561846601
141,141.0,141.00086907744122,0.08053340050037164,0.10634253219536906,0.10510184072453188,0.07407982461608516,0.06193724674897089,0.14226576785213546,0.07826550058066715,0.06533323265506136,0.15541498153626537,0.13072567259054188
142,142.0,142.0002966427003,0.08026212813493873,0.10711029088850295,0.10373977248235912,0.07461253832815366,0.06166555606518749,0.1426056563463545,0.07637739073702816,0.0684013852146678,0.15429521495398538,0.13093006684882205
143,143.0,142.99977848500652,0.07894888834981165,0.1060820081086875,0.10597698604201009,0.07586857728128771,0.06144785287666255,0.14323805359938785,0.0765249655929007,0.06733916873495137,0.1541479140690413,0.13042558534525914
144,144.0,143.99931435823203,0.07815247086307343,0.1078940513507979,0.10582574860116381,0.07676528496369739,0.05887925550984183,0.1450171936880888,0.07313065058303393,0.06756322157994209,0.15567566917125963,0.13109645368910106
145,145.0,144.99890350055264,0.07759411311204957,0.10573204585300093,0.10395206677548607,0.07674147364977789,0.06077435638179952,0.14412054157691645,0.0763515069277396,0.06949994846985738,0.15486439190471352,0.1303695553486589
146,146.0,145.9985446936357,0.0790963413260779,0.10588822056747019,0.10318592450463009,0.07662598301547455,0.06056805472817415,0.14598931945617355,0.07554582177061456,0.06893359646669218,0.1539543176767505,0.1302124204879422
147,147.0,146.99823632047406,0.07841446068717486,0.10455029168608547,0.10472450887094592,0.07690188331337683,0.06280827178904155,0.14546193210449168,0.07593629261946042,0.06745251936517967,0.15245247002931755,0.1312973695349259
148,148.0,147.99797642142389,0.08086339032560415,0.10269622308413258,0.1029624609348377,0.07616316775272432,0.0634667239275055,0.14523217192589885,0.0769222319751701,0.06894147977198645,0.1519366461786384,0.1308155041235018
149,149.0,148.99776274806447,0.08076590520764662,0.10670316260650853,0.10307087035770104,0.07544070062652386,0.0638176804457304,0.14482648315607474,0.0765904062036033,0.06871480699943672,0.15007511089335362,0.129994873503421
150,150.0,149.99759281456036,0.08299037075422122,0.10587434070109594,0.1039966461769582,0.07692693213320918,0.06318634438162028,0.14250440743495832,0.07632356735869951,0.0691250020057534,0.15124293696839058,0.12782945208509322
151,151.0,150.99746394626104,0.08208863951287307,0.10773749275174166,0.1023235129836731,0.07744258005813454,0.06231177479700959,0.14222232814005867,0.07742103906247834,0.0709123531550872,0.14904915440901648,0.12849112512992722
152,152.0,151.99737332532905,0.08086143051034009,0.10636567427314396,0.10582764131028394,0.07619828311894779,0.06249512168436861,0.14213764907829762,0.07672146749531569,0.07023077403654662,0.14985928068412843,0.12930267780862711
153,153.0,152.99731803323698,0.08058926217725024,0.10561161928665444,0.1068884989731374,0.07647387440894772,0.0635243877481699,0.1416569871296296,0.07746080118678661,0.0709782596212409,0.15001149844108305,0.1268048110271
154,154.0,153.99729509002177,0.08181020855726802,0.10518662930364293,0.11033555707436148,0.076026092493174,0.061557865487850784,0.14335726958163422,0.07658403100520063,0.07038764451224463,0.14954529528849544,0.12520940669612765
155,155.0,154.99730149022784,0.07996027574512937,0.1075142663486513,0.11115001462544137,0.07599934802072768,0.06291909056321526,0.14373709799944806,0.07579325822219407,0.06897123853580403,0.15014802035078428,0.1238073895886044
156,156.0,155.99733423551103,0.07829697724535709,0.11138636895651735,0.1116735600295728,0.07818304917661661,0.061264437468950425,0.1423677481164224,0.07875253345504996,0.06616734841053373,0.15087657909201516,0.12103139804896437
157,157.0,156.99739036391077,0.07714945496635782,0.11274028468164524,0.11118335208889207,0.08105054913626991,0.06142809610340803,0.14358998034668438,0.07755967143523491,0.06458818901243359,0.15111382605623672,0.11959659617283726
158,158.0,157.99746697583146,0.07741047127454632,0.11275375332752557,0.10906840871468242,0.0806001067829711,0.06219907298596969,0.14374316593304684,0.0803211827957101,0.06425131673038262,0.14889734530522775,0.12075517614993753
159,159.0,158.99756125680176,0.08004817316158104,0.11275685446452316,0.10890261157259597,0.08339144219781895,0.06316697034973488,0.1422130356564121,0.07772224895697179,0.06442943897861045,0.14690679158834566,0.12046243307340594
160,160.0,159.997670497107,0.08143897739118701,0.11188373382046096,0.1062315640447036,0.0833038549388748,0.061919824210388684,0.14176027050121992,0.08285132917266247,0.06620845009327554,0.14635679504353089,0.11804520078369607
161,161.0,160.99779210841066,0.08043145701078795,0.11079554388299231,0.10578442309999118,0.08285346814304227,0.06658561578059277,0.14032714832320245,0.08184927959976099,0.06488446114531,0.14668630429949445,0.11980229871482555
162,162.0,161.99792363749984,0.0805927269527008,0.10893996402147856,0.10575428975733914,0.08515036324681657,0.0670513929630001,0.13770758758231416,0.08171857892244949,0.06261791852158771,0.14863111053965858,0.12183606749265476
163,163.0,162.9980627773051,0.08124193782675457,0.11186174691285826,0.10521344560222218,0.08596510872685258,0.06824285433177363,0.13642945747056046,0.08108687077371299,0.06175637425122206,0.14666417627612532,0.12153802782791778
164,164.0,163.9982073753568,0.08299109426461594,0.11042414135810455,0.10438523449960282,0.08616944481195889,0.06838098354987737,0.1369459381200227,0.07812036104319925,0.06092032362201178,0.14808523574391236,0.12357724298669415
165,165.0,164.99835543984977,0.0846237572497168,0.11013864443192999,0.10495500217686146,0.0860025613395341,0.07091383158532669,0.13722049002544362,0.07486480202067117,0.05884955443882478,0.14839708414124153,0.12403427259044969
166,166.0,165.99850514349492,0.08314137924664237,0.10988442995370665,0.10652805484657671,0.08652843031991031,0.07288166260694681,0.13770786849690392,0.07238409316180544,0.05967347009120821,0.14671673250347778,0.12455387877282159
167,167.0,166.99865482534062,0.08395004689039376,0.11208552127407714,0.10821018944632356,0.08494254412361879,0.06957578525434958,0.1377701960612713,0.07041850556647497,0.0587786822011454,0.15032031293948836,0.12394821624285692
168,168.0,167.99880299074837,0.08482166400889711,0.11152403434022648,0.10683290285158106,0.08571863595101299,0.07017558244615517,0.13618226197984287,0.07224120597062626,0.05769353081449159,0.14981416068144698,0.1249960209557193
169,169.0,168.99894830970783,0.08468888483591702,0.11404080536306821,0.10750764870570302,0.08418382370908764,0.06924170168636001,0.13562866137681107,0.0755311297931357,0.05781841463765707,0.1471787811393072,0.12418014875295287
170,170.0,169.99908961367427,0.08545243636923198,0.11421306091689429,0.10767464044882476,0.08076067800481605,0.07009571121271016,0.13450949902511025,0.07457842486967457,0.05702451823966538,0.15021355314523618,0.12547747776783616
171,171.0,170.99922589110733,0.08482189632136505,0.11627747001626973,0.10799284770644021,0.08085737410598925,0.07027747674683135,0.1345741486085401,0.0730648804497937,0.0579689064349717,0.14878542517674057,0.1253795744330581
172,172.0,171.99935628188598,0.0835563093576298,0.11727802122301094,0.10875682405024274,0.08128238401784961,0.06769521394602687,0.1369774115519506,0.07123508574098347,0.0581924054767621,0.15000022832466448,0.1250261163108792
173,173.0,172.99948007076793,0.08441081734208056,0.11682232730057784,0.10850775575828961,0.08170004817643814,0.065909290074112,0.13734772967831962,0.06865317790127666,0.0570569579080009,0.15338254031646645,0.12620935554443802
174,174.0,173.99959668005403,0.08627998555584804,0.11833231748581598,0.1086601829008906,0.07924843440397204,0.06606510399505838,0.13743196469882507,0.06729994055832611,0.05571747979156532,0.15304899784397077,0.12791559276572753
175,175.0,174.99970566161096,0.0853111971242555,0.11994761799175031,0.10959062051586513,0.08024378166775498,0.06378833699873979,0.13861167047155232,0.06382176322945199,0.054187917753379625,0.1566336496060587,0.12786344464119154
