,Unnamed: 0,Total_iterations,Intertwine_two,Add_vertex,Delete_vertex,Invert_path_vertices,Insert_inside_vertex,Delete_inside_vertex
0,0.0,0.0,0.16666666666666669,0.16666666666666669,0.16666666666666669,0.16666666666666669,0.16666666666666669,0.16666666666666669
1,1.0,1.0,0.16666666666666669,0.16666666666666669,0.16666666666666669,0.16666666666666669,0.16666666666666669,0.16666666666666669
2,2.0,2.0,0.16666666666666669,0.16666666666666669,0.16666666666666669,0.16666666666666669,0.16666666666666669,0.16666666666666669
3,3.0,3.0,0.16666666666666669,0.16666666666666669,0.16666666666666669,0.16666666666666669,0.16666666666666669,0.16666666666666669
4,4.0,4.0,0.16666666666666669,0.16666666666666669,0.16666666666666669,0.16666666666666669,0.16666666666666669,0.16666666666666669
5,5.0,5.0,0.16666666666666669,0.16666666666666669,0.16666666666666669,0.16666666666666669,0.16666666666666669,0.16666666666666669
6,6.0,6.0,0.16666666666666669,0.16666666666666669,0.16666666666666669,0.16666666666666669,0.16666666666666669,0.16666666666666669
7,7.0,7.0,0.16666666666666669,0.16666666666666669,0.16666666666666669,0.16666666666666669,0.16666666666666669,0.16666666666666669
8,8.0,8.0,0.16666666666666669,0.16666666666666669,0.16666666666666669,0.16666666666666669,0.16666666666666669,0.16666666666666669
9,9.0,9.0,0.16666666666666669,0.16666666666666669,0.16666666666666669,0.16666666666666669,0.16666666666666669,0.16666666666666669
10,10.0,10.0,0.16666666666666669,0.16666666666666669,0.16666666666666669,0.16666666666666669,0.16666666666666669,0.16666666666666669
11,11.0,11.0,0.16666666666666669,0.16666666666666669,0.16666666666666669,0.16666666666666669,0.16666666666666669,0.16666666666666669
12,12.0,12.0,0.16666666666666669,0.16666666666666669,0.16666666666666669,0.16666666666666669,0.16666666666666669,0.16666666666666669
13,13.0,13.0,0.16666666666666669,0.16666666666666669,0.16666666666666669,0.16666666666666669,0.16666666666666669,0.16666666666666669
14,14.0,14.0,0.16666666666666669,0.16666666666666669,0.16666666666666669,0.16666666666666669,0.16666666666666669,0.16666666666666669
15,15.0,15.0,0.16666666666666669,0.16666666666666669,0.16666666666666669,0.16666666666666669,0.16666666666666669,0.16666666666666669
16,16.0,16.0,0.16666666666666669,0.16666666666666669,0.16666666666666669,0.16666666666666669,0.16666666666666669,0.16666666666666669
17,17.0,17.0,0.16666666666666669,0.16666666666666669,0.16666666666666669,0.16666666666666669,0.16666666666666669,0.16666666666666669
18,18.0,18.0,0.16666666666666669,0.16666666666666669,0.16666666666666669,0.16666666666666669,0.16666666666666669,0.16666666666666669
19,19.0,19.0,0.16666666666666669,0.16666666666666669,0.16666666666666669,0.16666666666666669,0.16666666666666669,0.16666666666666669
20,20.0,20.0,0.16666666666666669,0.16666666666666669,0.16666666666666669,0.16666666666666669,0.16666666666666669,0.16666666666666669
21,21.0,21.0,0.16666666666666669,0.16666666666666669,0.16666666666666669,0.16666666666666669,0.16666666666666669,0.16666666666666669
22,22.0,22.0,0.16666666666666669,0.16666666666666669,0.16666666666666669,0.16666666666666669,0.16666666666666669,0.16666666666666669
23,23.0,23.0,0.16666666666666669,0.16666666666666669,0.16666666666666669,0.16666666666666669,0.16666666666666669,0.16666666666666669
24,24.0,24.0,0.16666666666666669,0.16666666666666669,0.16666666666666669,0.16666666666666669,0.16666666666666669,0.16666666666666669
25,25.0,25.0,0.16666666666666669,0.16666666666666669,0.16666666666666669,0.16666666666666669,0.16666666666666669,0.16666666666666669
26,26.0,26.0,0.16666666666666669,0.16666666666666669,0.16666666666666669,0.16666666666666669,0.16666666666666669,0.16666666666666669
27,27.0,27.0,0.16666666666666669,0.16666666666666669,0.16666666666666669,0.16666666666666669,0.16666666666666669,0.16666666666666669
28,28.0,28.0,0.16666666666666669,0.16666666666666669,0.16666666666666669,0.16666666666666669,0.16666666666666669,0.16666666666666669
29,29.0,29.0,0.16666666666666669,0.16666666666666669,0.16666666666666669,0.16666666666666669,0.16666666666666669,0.16666666666666669
30,30.0,30.0,0.16666666666666669,0.16666666666666669,0.16666666666666669,0.16666666666666669,0.16666666666666669,0.16666666666666669
31,31.0,31.0,0.16666666666666669,0.16666666666666669,0.16666666666666669,0.16666666666666669,0.16666666666666669,0.16666666666666669
32,32.0,32.0,0.16666666666666669,0.16666666666666669,0.16666666666666669,0.16666666666666669,0.16666666666666669,0.16666666666666669
33,33.0,33.0,0.16666666666666669,0.16666666666666669,0.16666666666666669,0.16666666666666669,0.16666666666666669,0.16666666666666669
34,34.0,34.0,0.16666666666666669,0.16666666666666669,0.16666666666666669,0.16666666666666669,0.16666666666666669,0.16666666666666669
35,35.0,35.0,0.16666666666666669,0.16666666666666669,0.16666666666666669,0.16666666666666669,0.16666666666666669,0.16666666666666669
36,36.0,36.0,0.16666666666666669,0.16666666666666669,0.16666666666666669,0.16666666666666669,0.16666666666666669,0.16666666666666669
37,37.0,37.0,0.16666666666666669,0.16666666666666669,0.16666666666666669,0.16666666666666669,0.16666666666666669,0.16666666666666669
38,38.0,38.0,0.16666666666666669,0.16666666666666669,0.16666666666666669,0.16666666666666669,0.16666666666666669,0.16666666666666669
39,39.0,39.0,0.16666666666666669,0.16666666666666669,0.16666666666666669,0.16666666666666669,0.16666666666666669,0.16666666666666669
40,40.0,40.0,0.16666666666666669,0.16666666666666669,0.16666666666666669,0.16666666666666669,0.16666666666666669,0.16666666666666669
41,41.0,41.0,0.16666666666666669,0.16666666666666669,0.16666666666666669,0.16666666666666669,0.16666666666666669,0.16666666666666669
42,42.0,42.0,0.16666666666666669,0.16666666666666669,0.16666666666666669,0.16666666666666669,0.16666666666666669,0.16666666666666669
43,43.0,43.0,0.16666666666666669,0.16666666666666669,0.16666666666666669,0.16666666666666669,0.16666666666666669,0.16666666666666669
44,44.0,44.0,0.16666666666666669,0.16666666666666669,0.16666666666666669,0.16666666666666669,0.16666666666666669,0.16666666666666669
45,45.0,45.0,0.16666666666666669,0.16666666666666669,0.16666666666666669,0.16666666666666669,0.16666666666666669,0.16666666666666669
46,46.0,46.0,0.16666666666666669,0.16666666666666669,0.16666666666666669,0.16666666666666669,0.16666666666666669,0.16666666666666669
47,47.0,47.0,0.16666666666666669,0.16666666666666669,0.16666666666666669,0.16666666666666669,0.16666666666666669,0.16666666666666669
48,48.0,48.0,0.16666666666666669,0.16666666666666669,0.16666666666666669,0.16666666666666669,0.16666666666666669,0.16666666666666669
49,49.0,49.0,0.16666666666666669,0.16666666666666669,0.16666666666666669,0.16666666666666669,0.16666666666666669,0.16666666666666669
50,50.0,50.0,0.16666666666666669,0.16666666666666669,0.16666666666666669,0.16666666666666669,0.16666666666666669,0.16666666666666669
51,51.0,51.0,0.16666666666666669,0.16666666666666669,0.16666666666666669,0.16666666666666669,0.16666666666666669,0.16666666666666669
52,52.0,52.0,0.16666666666666669,0.16666666666666669,0.16666666666666669,0.16666666666666669,0.16666666666666669,0.16666666666666669
53,53.0,53.0,0.16666666666666669,0.16666666666666669,0.16666666666666669,0.16666666666666669,0.16666666666666669,0.16666666666666669
54,54.0,54.0,0.16666666666666669,0.16666666666666669,0.16666666666666669,0.16666666666666669,0.16666666666666669,0.16666666666666669
55,55.0,55.0,0.16666666666666669,0.16666666666666669,0.16666666666666669,0.16666666666666669,0.16666666666666669,0.16666666666666669
56,56.0,56.0,0.16666666666666669,0.16666666666666669,0.16666666666666669,0.16666666666666669,0.16666666666666669,0.16666666666666669
57,57.0,57.0,0.16666666666666669,0.16666666666666669,0.16666666666666669,0.16666666666666669,0.16666666666666669,0.16666666666666669
58,58.0,58.0,0.16666666666666669,0.16666666666666669,0.16666666666666669,0.16666666666666669,0.16666666666666669,0.16666666666666669
59,59.0,59.1,0.16666666666666669,0.16666666666666669,0.16666666666666669,0.16666666666666669,0.16666666666666669,0.16666666666666669
60,60.0,60.1,0.16666666666666669,0.16666666666666669,0.16666666666666669,0.16666666666666669,0.16666666666666669,0.16666666666666669
61,61.0,61.1,0.16666666666666669,0.16666666666666669,0.16666666666666669,0.16666666666666669,0.16666666666666669,0.16666666666666669
62,62.0,62.1,0.16666666666666669,0.16666666666666669,0.16666666666666669,0.16666666666666669,0.16666666666666669,0.16666666666666669
63,63.0,63.1,0.16666666666666669,0.16666666666666669,0.16666666666666669,0.16666666666666669,0.16666666666666669,0.16666666666666669
64,64.0,64.1,0.16666666666666669,0.16666666666666669,0.16666666666666669,0.16666666666666669,0.16666666666666669,0.16666666666666669
65,65.0,65.1,0.16666666666666669,0.16666666666666669,0.16666666666666669,0.16666666666666669,0.16666666666666669,0.16666666666666669
66,66.0,66.1,0.16666666666666669,0.16666666666666669,0.16666666666666669,0.16666666666666669,0.16666666666666669,0.16666666666666669
67,67.0,67.1,0.16666666666666669,0.16666666666666669,0.16666666666666669,0.16666666666666669,0.16666666666666669,0.16666666666666669
68,68.0,68.1,0.16666666666666669,0.16666666666666669,0.16666666666666669,0.16666666666666669,0.16666666666666669,0.16666666666666669
69,69.0,69.1,0.16666666666666669,0.16666666666666669,0.16666666666666669,0.16666666666666669,0.16666666666666669,0.16666666666666669
70,70.0,70.1,0.16666666666666669,0.16666666666666669,0.16666666666666669,0.16666666666666669,0.16666666666666669,0.16666666666666669
71,71.0,71.1,0.16666666666666669,0.16666666666666669,0.16666666666666669,0.16666666666666669,0.16666666666666669,0.16666666666666669
72,72.0,72.1,0.16666666666666669,0.16666666666666669,0.16666666666666669,0.16666666666666669,0.16666666666666669,0.16666666666666669
73,73.0,73.1,0.16666666666666669,0.16666666666666669,0.16666666666666669,0.16666666666666669,0.16666666666666669,0.16666666666666669
74,74.0,74.1,0.16666666666666669,0.16666666666666669,0.16666666666666669,0.16666666666666669,0.16666666666666669,0.16666666666666669
75,75.0,75.1,0.16666666666666669,0.16666666666666669,0.16666666666666669,0.16666666666666669,0.16666666666666669,0.16666666666666669
76,76.0,76.1,0.16666666666666669,0.16666666666666669,0.16666666666666669,0.16666666666666669,0.16666666666666669,0.16666666666666669
77,77.0,77.1,0.16666666666666669,0.16666666666666669,0.16666666666666669,0.16666666666666669,0.16666666666666669,0.16666666666666669
78,78.0,78.1,0.16666666666666669,0.16666666666666669,0.16666666666666669,0.16666666666666669,0.16666666666666669,0.16666666666666669
79,79.0,79.1,0.16666666666666669,0.16666666666666669,0.16666666666666669,0.16666666666666669,0.16666666666666669,0.16666666666666669
80,80.0,80.1,0.16666666666666669,0.16666666666666669,0.16666666666666669,0.16666666666666669,0.16666666666666669,0.16666666666666669
81,81.0,81.1,0.16666666666666669,0.16666666666666669,0.16666666666666669,0.16666666666666669,0.16666666666666669,0.16666666666666669
82,82.0,82.2,0.16666666666666669,0.16666666666666669,0.16666666666666669,0.16666666666666669,0.16666666666666669,0.16666666666666669
83,83.0,83.2,0.16666666666666669,0.16666666666666669,0.16666666666666669,0.16666666666666669,0.16666666666666669,0.16666666666666669
84,84.0,84.2,0.16666666666666669,0.16666666666666669,0.16666666666666669,0.16666666666666669,0.16666666666666669,0.16666666666666669
85,85.0,85.2,0.16666666666666669,0.16666666666666669,0.16666666666666669,0.16666666666666669,0.16666666666666669,0.16666666666666669
86,86.0,86.3,0.16666666666666669,0.16666666666666669,0.16666666666666669,0.16666666666666669,0.16666666666666669,0.16666666666666669
87,87.0,87.4,0.16666666666666669,0.16666666666666669,0.16666666666666669,0.16666666666666669,0.16666666666666669,0.16666666666666669
88,88.0,88.4,0.16666666666666669,0.16666666666666669,0.16666666666666669,0.16666666666666669,0.16666666666666669,0.16666666666666669
89,89.0,89.4,0.16666666666666669,0.16666666666666669,0.16666666666666669,0.16666666666666669,0.16666666666666669,0.16666666666666669
90,90.0,90.4,0.16666666666666669,0.16666666666666669,0.16666666666666669,0.16666666666666669,0.16666666666666669,0.16666666666666669
91,91.0,91.4,0.16666666666666669,0.16666666666666669,0.16666666666666669,0.16666666666666669,0.16666666666666669,0.16666666666666669
92,92.0,92.4,0.16666666666666669,0.16666666666666669,0.16666666666666669,0.16666666666666669,0.16666666666666669,0.16666666666666669
93,93.0,93.5,0.16666666666666669,0.16666666666666669,0.16666666666666669,0.16666666666666669,0.16666666666666669,0.16666666666666669
94,94.0,94.5,0.16666666666666669,0.16666666666666669,0.16666666666666669,0.16666666666666669,0.16666666666666669,0.16666666666666669
95,95.0,95.5,0.16666666666666669,0.16666666666666669,0.16666666666666669,0.16666666666666669,0.16666666666666669,0.16666666666666669
96,96.0,96.6,0.16666666666666669,0.16666666666666669,0.16666666666666669,0.16666666666666669,0.16666666666666669,0.16666666666666669
97,97.0,97.6,0.16666666666666669,0.16666666666666669,0.16666666666666669,0.16666666666666669,0.16666666666666669,0.16666666666666669
98,98.0,98.7,0.16666666666666669,0.16666666666666669,0.16666666666666669,0.16666666666666669,0.16666666666666669,0.16666666666666669
99,99.0,99.7,0.16666666666666669,0.16666666666666669,0.16666666666666669,0.16666666666666669,0.16666666666666669,0.16666666666666669
100,100.0,100.7,0.16666666666666669,0.16666666666666669,0.16666666666666669,0.16666666666666669,0.16666666666666669,0.16666666666666669
101,101.0,101.7,0.16666666666666669,0.16666666666666669,0.16666666666666669,0.16666666666666669,0.16666666666666669,0.16666666666666669
102,102.0,102.7,0.16666666666666669,0.16666666666666669,0.16666666666666669,0.16666666666666669,0.16666666666666669,0.16666666666666669
103,103.0,103.7,0.16666666666666669,0.16666666666666669,0.16666666666666669,0.16666666666666669,0.16666666666666669,0.16666666666666669
104,104.0,104.7,0.16666666666666669,0.16666666666666669,0.16666666666666669,0.16666666666666669,0.16666666666666669,0.16666666666666669
105,105.0,105.7,0.16666666666666669,0.16666666666666669,0.16666666666666669,0.16666666666666669,0.16666666666666669,0.16666666666666669
106,106.0,106.7,0.16666666666666669,0.16666666666666669,0.16666666666666669,0.16666666666666669,0.16666666666666669,0.16666666666666669
107,107.0,107.7,0.16666666666666669,0.16666666666666669,0.16666666666666669,0.16666666666666669,0.16666666666666669,0.16666666666666669
108,108.0,108.7,0.16666666666666669,0.16666666666666669,0.16666666666666669,0.16666666666666669,0.16666666666666669,0.16666666666666669
109,109.0,109.7,0.16666666666666669,0.16666666666666669,0.16666666666666669,0.16666666666666669,0.16666666666666669,0.16666666666666669
110,110.0,110.7,0.16666666666666669,0.16666666666666669,0.16666666666666669,0.16666666666666669,0.16666666666666669,0.16666666666666669
111,111.0,111.7,0.16666666666666669,0.16666666666666669,0.16666666666666669,0.16666666666666669,0.16666666666666669,0.16666666666666669
112,112.0,112.7,0.16666666666666669,0.16666666666666669,0.16666666666666669,0.16666666666666669,0.16666666666666669,0.16666666666666669
113,113.0,113.7,0.16666666666666669,0.16666666666666669,0.16666666666666669,0.16666666666666669,0.16666666666666669,0.16666666666666669
114,114.0,114.7,0.16666666666666669,0.16666666666666669,0.16666666666666669,0.16666666666666669,0.16666666666666669,0.16666666666666669
115,115.0,115.7,0.16666666666666669,0.16666666666666669,0.16666666666666669,0.16666666666666669,0.16666666666666669,0.16666666666666669
116,116.0,116.7,0.16666666666666669,0.16666666666666669,0.16666666666666669,0.16666666666666669,0.16666666666666669,0.16666666666666669
117,117.0,117.7,0.16666666666666669,0.16666666666666669,0.16666666666666669,0.16666666666666669,0.16666666666666669,0.16666666666666669
118,118.0,118.7,0.16666666666666669,0.16666666666666669,0.16666666666666669,0.16666666666666669,0.16666666666666669,0.16666666666666669
119,119.0,119.7,0.16666666666666669,0.16666666666666669,0.16666666666666669,0.16666666666666669,0.16666666666666669,0.16666666666666669
120,120.0,120.7,0.16666666666666669,0.16666666666666669,0.16666666666666669,0.16666666666666669,0.16666666666666669,0.16666666666666669
121,121.0,121.7,0.16666666666666669,0.16666666666666669,0.16666666666666669,0.16666666666666669,0.16666666666666669,0.16666666666666669
122,122.0,122.7,0.16666666666666669,0.16666666666666669,0.16666666666666669,0.16666666666666669,0.16666666666666669,0.16666666666666669
123,123.0,123.7,0.16666666666666669,0.16666666666666669,0.16666666666666669,0.16666666666666669,0.16666666666666669,0.16666666666666669
124,124.0,124.7,0.16666666666666669,0.16666666666666669,0.16666666666666669,0.16666666666666669,0.16666666666666669,0.16666666666666669
125,125.0,125.7,0.16666666666666669,0.16666666666666669,0.16666666666666669,0.16666666666666669,0.16666666666666669,0.16666666666666669
126,126.0,126.7,0.16666666666666669,0.16666666666666669,0.16666666666666669,0.16666666666666669,0.16666666666666669,0.16666666666666669
127,127.0,127.7,0.16666666666666669,0.16666666666666669,0.16666666666666669,0.16666666666666669,0.16666666666666669,0.16666666666666669
128,128.0,128.7,0.16666666666666669,0.16666666666666669,0.16666666666666669,0.16666666666666669,0.16666666666666669,0.16666666666666669
129,129.0,129.7,0.16666666666666669,0.16666666666666669,0.16666666666666669,0.16666666666666669,0.16666666666666669,0.16666666666666669
130,130.0,130.7,0.16666666666666669,0.16666666666666669,0.16666666666666669,0.16666666666666669,0.16666666666666669,0.16666666666666669
131,131.0,131.7,0.16666666666666669,0.16666666666666669,0.16666666666666669,0.16666666666666669,0.16666666666666669,0.16666666666666669
132,132.0,132.7,0.16666666666666669,0.16666666666666669,0.16666666666666669,0.16666666666666669,0.16666666666666669,0.16666666666666669
133,133.0,133.7,0.16666666666666669,0.16666666666666669,0.16666666666666669,0.16666666666666669,0.16666666666666669,0.16666666666666669
134,134.0,134.7,0.16666666666666669,0.16666666666666669,0.16666666666666669,0.16666666666666669,0.16666666666666669,0.16666666666666669
135,135.0,135.7,0.16666666666666669,0.16666666666666669,0.16666666666666669,0.16666666666666669,0.16666666666666669,0.16666666666666669
136,136.0,136.7,0.16666666666666669,0.16666666666666669,0.16666666666666669,0.16666666666666669,0.16666666666666669,0.16666666666666669
137,137.0,137.7,0.16666666666666669,0.16666666666666669,0.16666666666666669,0.16666666666666669,0.16666666666666669,0.16666666666666669
138,138.0,138.7,0.16666666666666669,0.16666666666666669,0.16666666666666669,0.16666666666666669,0.16666666666666669,0.16666666666666669
139,139.0,139.7,0.16666666666666669,0.16666666666666669,0.16666666666666669,0.16666666666666669,0.16666666666666669,0.16666666666666669
140,140.0,140.7,0.16666666666666669,0.16666666666666669,0.16666666666666669,0.16666666666666669,0.16666666666666669,0.16666666666666669
141,141.0,141.7,0.16666666666666669,0.16666666666666669,0.16666666666666669,0.16666666666666669,0.16666666666666669,0.16666666666666669
142,142.0,142.7,0.16666666666666669,0.16666666666666669,0.16666666666666669,0.16666666666666669,0.16666666666666669,0.16666666666666669
143,143.0,143.7,0.16666666666666669,0.16666666666666669,0.16666666666666669,0.16666666666666669,0.16666666666666669,0.16666666666666669
144,144.0,144.7,0.16666666666666669,0.16666666666666669,0.16666666666666669,0.16666666666666669,0.16666666666666669,0.16666666666666669
145,145.0,145.7,0.16666666666666669,0.16666666666666669,0.16666666666666669,0.16666666666666669,0.16666666666666669,0.16666666666666669
146,146.0,146.7,0.16666666666666669,0.16666666666666669,0.16666666666666669,0.16666666666666669,0.16666666666666669,0.16666666666666669
147,147.0,147.7,0.16666666666666669,0.16666666666666669,0.16666666666666669,0.16666666666666669,0.16666666666666669,0.16666666666666669
148,148.0,148.7,0.16666666666666669,0.16666666666666669,0.16666666666666669,0.16666666666666669,0.16666666666666669,0.16666666666666669
149,149.0,149.7,0.16666666666666669,0.16666666666666669,0.16666666666666669,0.16666666666666669,0.16666666666666669,0.16666666666666669
150,150.0,150.7,0.16666666666666669,0.16666666666666669,0.16666666666666669,0.16666666666666669,0.16666666666666669,0.16666666666666669
151,151.0,151.7,0.16666666666666669,0.16666666666666669,0.16666666666666669,0.16666666666666669,0.16666666666666669,0.16666666666666669
152,152.0,152.7,0.16666666666666669,0.16666666666666669,0.16666666666666669,0.16666666666666669,0.16666666666666669,0.16666666666666669
153,153.0,153.7,0.16666666666666669,0.16666666666666669,0.16666666666666669,0.16666666666666669,0.16666666666666669,0.16666666666666669
154,154.0,154.7,0.16666666666666669,0.16666666666666669,0.16666666666666669,0.16666666666666669,0.16666666666666669,0.16666666666666669
155,155.0,155.7,0.16666666666666669,0.16666666666666669,0.16666666666666669,0.16666666666666669,0.16666666666666669,0.16666666666666669
156,156.0,156.7,0.16666666666666669,0.16666666666666669,0.16666666666666669,0.16666666666666669,0.16666666666666669,0.16666666666666669
157,157.0,157.7,0.16666666666666669,0.16666666666666669,0.16666666666666669,0.16666666666666669,0.16666666666666669,0.16666666666666669
158,158.0,158.7,0.16666666666666669,0.16666666666666669,0.16666666666666669,0.16666666666666669,0.16666666666666669,0.16666666666666669
159,159.0,159.7,0.16666666666666669,0.16666666666666669,0.16666666666666669,0.16666666666666669,0.16666666666666669,0.16666666666666669
160,160.0,160.7,0.16666666666666669,0.16666666666666669,0.16666666666666669,0.16666666666666669,0.16666666666666669,0.16666666666666669
161,161.0,161.7,0.16666666666666669,0.16666666666666669,0.16666666666666669,0.16666666666666669,0.16666666666666669,0.16666666666666669
162,162.0,162.7,0.16666666666666669,0.16666666666666669,0.16666666666666669,0.16666666666666669,0.16666666666666669,0.16666666666666669
163,163.0,163.7,0.16666666666666669,0.16666666666666669,0.16666666666666669,0.16666666666666669,0.16666666666666669,0.16666666666666669
164,164.0,164.7,0.16666666666666669,0.16666666666666669,0.16666666666666669,0.16666666666666669,0.16666666666666669,0.16666666666666669
165,165.0,165.7,0.16666666666666669,0.16666666666666669,0.16666666666666669,0.16666666666666669,0.16666666666666669,0.16666666666666669
166,166.0,166.7,0.16666666666666669,0.16666666666666669,0.16666666666666669,0.16666666666666669,0.16666666666666669,0.16666666666666669
167,167.0,167.7,0.16666666666666669,0.16666666666666669,0.16666666666666669,0.16666666666666669,0.16666666666666669,0.16666666666666669
168,168.0,168.7,0.16666666666666669,0.16666666666666669,0.16666666666666669,0.16666666666666669,0.16666666666666669,0.16666666666666669
169,169.0,169.7,0.16666666666666669,0.16666666666666669,0.16666666666666669,0.16666666666666669,0.16666666666666669,0.16666666666666669
170,170.0,170.7,0.16666666666666669,0.16666666666666669,0.16666666666666669,0.16666666666666669,0.16666666666666669,0.16666666666666669
171,171.0,171.7,0.16666666666666669,0.16666666666666669,0.16666666666666669,0.16666666666666669,0.16666666666666669,0.16666666666666669
172,172.0,172.7,0.16666666666666669,0.16666666666666669,0.16666666666666669,0.16666666666666669,0.16666666666666669,0.16666666666666669
173,173.0,173.7,0.16666666666666669,0.16666666666666669,0.16666666666666669,0.16666666666666669,0.16666666666666669,0.16666666666666669
174,174.0,174.7,0.16666666666666669,0.16666666666666669,0.16666666666666669,0.16666666666666669,0.16666666666666669,0.16666666666666669
175,175.0,175.7,0.16666666666666669,0.16666666666666669,0.16666666666666669,0.16666666666666669,0.16666666666666669,0.16666666666666669
176,176.0,176.7,0.16666666666666669,0.16666666666666669,0.16666666666666669,0.16666666666666669,0.16666666666666669,0.16666666666666669
177,177.0,177.8,0.16666666666666669,0.16666666666666669,0.16666666666666669,0.16666666666666669,0.16666666666666669,0.16666666666666669
178,178.0,178.8,0.16666666666666669,0.16666666666666669,0.16666666666666669,0.16666666666666669,0.16666666666666669,0.16666666666666669
179,179.0,179.8,0.16666666666666669,0.16666666666666669,0.16666666666666669,0.16666666666666669,0.16666666666666669,0.16666666666666669
180,180.0,180.8,0.16666666666666669,0.16666666666666669,0.16666666666666669,0.16666666666666669,0.16666666666666669,0.16666666666666669
181,181.0,181.8,0.16666666666666669,0.16666666666666669,0.16666666666666669,0.16666666666666669,0.16666666666666669,0.16666666666666669
182,182.0,182.8,0.16666666666666669,0.16666666666666669,0.16666666666666669,0.16666666666666669,0.16666666666666669,0.16666666666666669
183,183.0,183.8,0.16666666666666669,0.16666666666666669,0.16666666666666669,0.16666666666666669,0.16666666666666669,0.16666666666666669
184,184.0,184.8,0.16666666666666669,0.16666666666666669,0.16666666666666669,0.16666666666666669,0.16666666666666669,0.16666666666666669
185,185.0,185.8,0.16666666666666669,0.16666666666666669,0.16666666666666669,0.16666666666666669,0.16666666666666669,0.16666666666666669
186,186.0,186.8,0.16666666666666669,0.16666666666666669,0.16666666666666669,0.16666666666666669,0.16666666666666669,0.16666666666666669
187,187.0,187.8,0.16666666666666669,0.16666666666666669,0.16666666666666669,0.16666666666666669,0.16666666666666669,0.16666666666666669
188,188.0,188.9,0.16666666666666669,0.16666666666666669,0.16666666666666669,0.16666666666666669,0.16666666666666669,0.16666666666666669
189,189.0,189.9,0.16666666666666669,0.16666666666666669,0.16666666666666669,0.16666666666666669,0.16666666666666669,0.16666666666666669
190,190.0,190.9,0.16666666666666669,0.16666666666666669,0.16666666666666669,0.16666666666666669,0.16666666666666669,0.16666666666666669
191,191.0,191.9,0.16666666666666669,0.16666666666666669,0.16666666666666669,0.16666666666666669,0.16666666666666669,0.16666666666666669
192,192.0,192.9,0.16666666666666669,0.16666666666666669,0.16666666666666669,0.16666666666666669,0.16666666666666669,0.16666666666666669
193,193.0,193.9,0.16666666666666669,0.16666666666666669,0.16666666666666669,0.16666666666666669,0.16666666666666669,0.16666666666666669
194,194.0,194.9,0.16666666666666669,0.16666666666666669,0.16666666666666669,0.16666666666666669,0.16666666666666669,0.16666666666666669
195,195.0,195.9,0.16666666666666669,0.16666666666666669,0.16666666666666669,0.16666666666666669,0.16666666666666669,0.16666666666666669
196,196.0,196.9,0.16666666666666669,0.16666666666666669,0.16666666666666669,0.16666666666666669,0.16666666666666669,0.16666666666666669
197,197.0,197.9,0.16666666666666669,0.16666666666666669,0.16666666666666669,0.16666666666666669,0.16666666666666669,0.16666666666666669
198,198.0,198.9,0.16666666666666669,0.16666666666666669,0.16666666666666669,0.16666666666666669,0.16666666666666669,0.16666666666666669
199,199.0,199.9,0.16666666666666669,0.16666666666666669,0.16666666666666669,0.16666666666666669,0.16666666666666669,0.16666666666666669
200,200.0,200.9,0.1619047619047619,0.1761904761904762,0.1619047619047619,0.1619047619047619,0.17619047619047623,0.1619047619047619
201,201.0,201.9,0.1595238095238095,0.1738095238095238,0.1595238095238095,0.1738095238095238,0.17380952380952383,0.1595238095238095
202,202.0,202.9,0.15714285714285714,0.17142857142857143,0.17142857142857143,0.17142857142857143,0.17142857142857143,0.15714285714285714
203,203.0,203.9,0.15714285714285714,0.17142857142857143,0.17142857142857143,0.17142857142857143,0.17142857142857143,0.15714285714285714
204,204.0,204.9,0.15535714285714286,0.18214285714285716,0.16964285714285715,0.16964285714285715,0.16785714285714287,0.15535714285714286
205,205.0,205.9,0.15535714285714286,0.18214285714285716,0.16964285714285715,0.16964285714285715,0.16785714285714287,0.15535714285714286
206,206.0,206.9,0.15535714285714286,0.19464285714285717,0.16964285714285715,0.16964285714285715,0.15535714285714286,0.15535714285714286
207,207.0,207.9,0.15535714285714286,0.19464285714285717,0.16964285714285715,0.16964285714285715,0.15535714285714286,0.15535714285714286
208,208.0,208.9,0.15535714285714286,0.19464285714285717,0.16964285714285715,0.16964285714285715,0.15535714285714286,0.15535714285714286
209,209.0,209.9,0.15535714285714286,0.20892857142857144,0.15535714285714286,0.16964285714285715,0.15535714285714286,0.15535714285714286
210,210.0,210.9,0.15396825396825395,0.2158730158730159,0.15396825396825395,0.16825396825396824,0.15396825396825395,0.15396825396825395
211,211.0,211.9,0.15218253968253967,0.2123015873015873,0.1646825396825397,0.16646825396825396,0.15218253968253967,0.15218253968253967
212,212.0,212.9,0.15107142857142858,0.2178571428571429,0.16357142857142856,0.16535714285714284,0.15107142857142858,0.15107142857142858
213,213.0,213.9,0.15016233766233766,0.22240259740259744,0.16266233766233767,0.16444805194805195,0.15016233766233766,0.15016233766233766
214,214.0,214.9,0.14639249639249638,0.21724386724386724,0.18290043290043292,0.16067821067821067,0.14639249639249638,0.14639249639249638
215,215.0,215.9,0.15285714285714286,0.22047619047619044,0.1788095238095238,0.15880952380952382,0.14452380952380953,0.14452380952380953
216,216.0,216.9,0.15285714285714286,0.22047619047619044,0.1788095238095238,0.14452380952380953,0.14452380952380953,0.15880952380952382
217,217.0,217.9,0.1635714285714286,0.21869047619047616,0.17702380952380953,0.14273809523809525,0.14273809523809525,0.15523809523809523
218,218.0,218.9,0.1607936507936508,0.20730158730158726,0.18563492063492065,0.14134920634920636,0.15246031746031746,0.15246031746031746
219,219.0,219.9,0.16675324675324676,0.20437229437229437,0.19088744588744594,0.13932900432900433,0.1493290043290043,0.1493290043290043
220,220.0,220.9,0.16675324675324676,0.20437229437229437,0.19088744588744594,0.13932900432900433,0.1493290043290043,0.1493290043290043
221,221.0,221.9,0.15766233766233767,0.20437229437229437,0.18088744588744593,0.1493290043290043,0.1493290043290043,0.15841991341991343
222,222.0,222.9,0.1569047619047619,0.19452380952380957,0.1861904761904762,0.14857142857142855,0.14857142857142855,0.16523809523809524
223,223.0,223.9,0.14324175824175825,0.19663003663003664,0.18316849816849817,0.14554945054945054,0.14554945054945054,0.18586080586080586
224,224.0,224.9,0.1423326673326673,0.20405427905427906,0.1739260739260739,0.14373126873126874,0.15282217782217783,0.18313353313353314
225,225.0,225.9,0.14169164169164167,0.2098235098235098,0.17136197136197134,0.1430902430902431,0.1521811521811522,0.18185148185148187
226,226.0,226.9,0.14114219114219112,0.20707625707625707,0.16916416916416915,0.15023310023310024,0.15163170163170164,0.18075258075258077
227,227.0,227.9,0.13825757575757575,0.20254329004329005,0.16682900432900433,0.154491341991342,0.1492965367965368,0.18858225108225107
228,228.0,228.9,0.13686868686868686,0.21226551226551224,0.16544011544011544,0.15310245310245313,0.1479076479076479,0.18441558441558442
229,229.0,229.9,0.14575757575757575,0.21004329004329003,0.16432900432900435,0.151991341991342,0.1467965367965368,0.1810822510822511
230,230.0,230.9,0.14452131202131202,0.2186971361971362,0.16007076257076258,0.15075507825507828,0.14556027306027305,0.1803954378954379
231,231.0,231.9,0.13313242313242313,0.22445110445110444,0.1559040959040959,0.1493661893661894,0.16528249528249528,0.17186369186369185
232,232.0,232.9,0.1311122211122211,0.22152181152181152,0.16166167166167167,0.14734598734598733,0.1703330003330003,0.16802530802530802
233,233.0,233.9,0.13020313020313018,0.22061272061272058,0.1671162171162171,0.14643689643689645,0.1685148185148185,0.1671162171162171
234,234.0,234.9,0.13020313020313018,0.22061272061272058,0.1671162171162171,0.14643689643689645,0.1685148185148185,0.1671162171162171
235,235.0,235.9,0.13111222111222112,0.22152181152181152,0.16802530802530802,0.14825507825507825,0.15124209124209126,0.17984348984348983
236,236.0,236.9,0.13020313020313018,0.22061272061272058,0.1762071262071262,0.14643689643689645,0.15033300033300032,0.17620712620712622
237,237.0,237.9,0.13777888777888778,0.21985514485514485,0.17469197469197467,0.14492174492174492,0.14957542457542455,0.17317682317682317
238,238.0,238.9,0.1364968364968365,0.2192141192141192,0.1811022311022311,0.14363969363969362,0.14893439893439891,0.17061272061272062
239,239.0,239.9,0.1364968364968365,0.2192141192141192,0.1811022311022311,0.14363969363969362,0.14893439893439891,0.17061272061272062
240,240.0,240.9,0.13554445554445554,0.22302364302364303,0.18062604062604062,0.1422111222111222,0.14845820845820845,0.17013653013653013
241,241.0,241.9,0.13471112221112222,0.22010697635697637,0.18020937395937398,0.14721112221112223,0.1480415417915418,0.16971986346986348
242,242.0,242.9,0.13397582809347516,0.2234157998863881,0.17984172690055042,0.14574053397582806,0.14767389473271825,0.16935221641103995
243,243.0,243.9,0.13397582809347516,0.2234157998863881,0.17984172690055042,0.14574053397582806,0.14767389473271825,0.16935221641103995
244,244.0,244.9,0.13397582809347516,0.2234157998863881,0.17984172690055042,0.14574053397582806,0.14767389473271825,0.16935221641103995
245,245.0,245.9,0.1359960301136772,0.22745620392679214,0.18186192892075245,0.15887184710714122,0.14262338968221322,0.1531906002494238
246,246.0,246.9,0.1359960301136772,0.22745620392679214,0.18186192892075245,0.15887184710714122,0.14262338968221322,0.1531906002494238
247,247.0,247.9,0.1359960301136772,0.22745620392679214,0.18186192892075245,0.15887184710714122,0.14262338968221322,0.1531906002494238
248,248.0,248.9,0.1359960301136772,0.22745620392679214,0.18186192892075245,0.15887184710714122,0.14262338968221322,0.1531906002494238
249,249.0,249.9,0.1359960301136772,0.22745620392679214,0.18186192892075245,0.15887184710714122,0.14262338968221322,0.1531906002494238
250,250.0,250.9,0.12315470477235183,0.22647385294444114,0.17637158593040947,0.15869285942815353,0.1458077053665289,0.1694992915581151
251,251.0,251.9,0.12301464874994286,0.2262637689108277,0.1773379724850313,0.1585107865990219,0.14556961012843367,0.16930321312674257
252,252.0,252.9,0.12301464874994286,0.2262637689108277,0.1773379724850313,0.1585107865990219,0.14556961012843367,0.16930321312674257
253,253.0,253.9,0.12301464874994286,0.2262637689108277,0.1773379724850313,0.1585107865990219,0.14674608071666895,0.1681267425385073
254,254.0,254.9,0.12301464874994286,0.2262637689108277,0.1773379724850313,0.1585107865990219,0.14674608071666895,0.1681267425385073
255,255.0,255.9,0.12301464874994286,0.2262637689108277,0.1884490835961424,0.1585107865990219,0.13563496960555782,0.1681267425385073
256,256.0,256.9,0.12190353763883174,0.2240415466886055,0.1962268613739202,0.15628856437679967,0.13452385849444673,0.16701563142739617
257,257.0,257.9,0.13783816730465157,0.21428485331358105,0.1977936974106605,0.15789644008522258,0.13606333475006527,0.15612350713581907
258,258.0,258.9,0.13363211501142536,0.21316602937292592,0.20053923088405848,0.14957789337099683,0.14532501980777845,0.15775971155281504
259,259.0,259.9,0.1335014985014985,0.21295704295704296,0.20145354645354646,0.14940809190809193,0.1450899100899101,0.15758991008991013
260,260.0,260.9,0.1335014985014985,0.21295704295704296,0.20145354645354646,0.14940809190809193,0.1450899100899101,0.15758991008991013
261,261.0,261.9,0.1333738171940419,0.2127527528651124,0.20122372010012463,0.14924210620839834,0.14598367924210623,0.15742392439021655
262,262.0,262.9,0.13526917526917528,0.21457320457320458,0.19503940503940506,0.15312021312021312,0.1477666777666778,0.15423132423132424
263,263.0,263.9,0.13526917526917528,0.2256843156843157,0.18615051615051617,0.15312021312021312,0.1477666777666778,0.15200910200910203
264,264.0,264.9,0.13526917526917528,0.2256843156843157,0.18503940503940505,0.15312021312021312,0.1477666777666778,0.15312021312021312
265,265.0,265.9,0.13526917526917528,0.2256843156843157,0.18503940503940505,0.15312021312021312,0.1477666777666778,0.15312021312021312
266,266.0,266.9,0.13526917526917528,0.2256843156843157,0.18503940503940505,0.15312021312021312,0.1477666777666778,0.15312021312021312
267,267.0,267.9,0.13526917526917528,0.2256843156843157,0.18503940503940505,0.15312021312021312,0.1477666777666778,0.15312021312021312
268,268.0,268.9,0.13526917526917528,0.2256843156843157,0.18503940503940505,0.15312021312021312,0.1477666777666778,0.15312021312021312
269,269.0,269.9,0.120983460983461,0.2256843156843157,0.18503940503940505,0.15312021312021312,0.1477666777666778,0.16740592740592744
270,270.0,270.9,0.13082473082473084,0.23981129981129984,0.18376956376956377,0.14185037185037186,0.1464968364968365,0.15724719724719724
271,271.0,271.9,0.1286025086025086,0.2375890775890776,0.18265845265845265,0.14073926073926074,0.14538572538572542,0.16502497502497504
272,272.0,272.9,0.12411477411477412,0.2343892218892219,0.18837273837273832,0.139509102009102,0.14203435453435453,0.17157980907980908
273,273.0,273.9,0.12512345644368117,0.23418493179729133,0.18815568015006215,0.1393303481786628,0.14180452818093267,0.17140105524936985
274,274.0,274.9,0.12360830492852966,0.24100311361547316,0.18664052863491062,0.13857277242108704,0.1410469524233569,0.1691283279766426
275,275.0,275.9,0.12360830492852966,0.24100311361547316,0.18664052863491062,0.13857277242108704,0.15354695242335692,0.15662832797664258
276,276.0,276.9,0.12360830492852966,0.24100311361547316,0.18664052863491062,0.13857277242108704,0.15354695242335692,0.15662832797664258
277,277.0,277.9,0.13020171152193624,0.20913498174734127,0.19982734182172382,0.1451661790144936,0.16014035901676352,0.1555294268777415
278,278.0,278.9,0.13020171152193624,0.20913498174734127,0.19982734182172382,0.1451661790144936,0.16014035901676352,0.1555294268777415
279,279.0,279.9,0.13171686303708777,0.20231679992915944,0.20134249333687532,0.14592375477206937,0.16998884386524837,0.14871124505955968
280,280.0,280.9,0.1302031302031302,0.21183927183927181,0.20085248085248084,0.14436008436008435,0.166986346986347,0.14575868575868575
281,281.0,281.9,0.1302031302031302,0.19755355755355758,0.20085248085248084,0.1586457986457986,0.166986346986347,0.14575868575868575
282,282.0,282.9,0.13008103008103006,0.19735819735819737,0.2017316017316017,0.15847485847485845,0.1667665667665668,0.1455877455877456
283,283.0,283.9,0.1281758700236961,0.19538136983789156,0.19902018271583485,0.1690219201088766,0.16476585009193706,0.14363480722176375
284,284.0,284.9,0.13221627406410014,0.1883106627671845,0.21417169786735002,0.17104212212907863,0.15769514302122997,0.1365641001510567
285,285.0,285.9,0.1299940518418779,0.19719955165607336,0.21083836453401666,0.16993101101796754,0.15658403191011888,0.13545298903994557
286,286.0,286.9,0.14070833755616363,0.19541383737035908,0.20905265024830239,0.16635958244653898,0.1547983176244046,0.1336672747542313
287,287.0,287.9,0.14070833755616363,0.19541383737035908,0.20905265024830239,0.16635958244653898,0.1547983176244046,0.1336672747542313
288,288.0,288.9,0.1295972264450525,0.19819161514813688,0.21183042802608018,0.16913736022431675,0.1561872065132935,0.13505616364312018
289,289.0,289.9,0.14110516295298903,0.19858844054496227,0.21262407881973097,0.15564529673225325,0.15658403191011888,0.13545298903994557
290,290.0,290.9,0.13888294073076682,0.20747732943385117,0.21040185659750876,0.15342307451003104,0.1554729207990078,0.13434187792883448
291,291.0,291.9,0.13706475891258502,0.21815914761566937,0.21767458387023603,0.13910489269184922,0.15456382988991685,0.13343278701974354
292,292.0,292.9,0.13706475891258502,0.21815914761566937,0.21767458387023603,0.13910489269184922,0.15456382988991685,0.13343278701974354
293,293.0,293.9,0.14388294073076682,0.21664399610051785,0.2154018565975088,0.1375897411766977,0.1538062541323411,0.1326752112621678
294,294.0,294.9,0.15360516295298904,0.21247732943385117,0.2140129677086199,0.13620085228780882,0.15241736524345223,0.13128632237327892
295,295.0,295.9,0.1613829407307668,0.20914399610051784,0.2129018565975088,0.13508974117669773,0.1513062541323411,0.1301752112621678
