Total_iterations,Unnamed: 0.1,Intertwine_two,Add_vertex,Delete_vertex,Invert_path_vertices,Insert_inside_vertex,Delete_inside_vertex
0,0.0,0.1666666666666666,0.1666666666666666,0.1666666666666666,0.1666666666666666,0.1666666666666666,0.1666666666666666
1,1.0,0.1666666666666666,0.1666666666666666,0.1666666666666666,0.1666666666666666,0.1666666666666666,0.1666666666666666
2,2.0,0.1666666666666666,0.1666666666666666,0.1666666666666666,0.1666666666666666,0.1666666666666666,0.1666666666666666
3,3.0,0.1666666666666666,0.1666666666666666,0.1666666666666666,0.1666666666666666,0.1666666666666666,0.1666666666666666
4,4.0,0.1666666666666666,0.1666666666666666,0.1666666666666666,0.1666666666666666,0.1666666666666666,0.1666666666666666
5,5.0,0.1666666666666666,0.1666666666666666,0.1666666666666666,0.1666666666666666,0.1666666666666666,0.1666666666666666
6,6.0,0.1666666666666666,0.1666666666666666,0.1666666666666666,0.1666666666666666,0.1666666666666666,0.1666666666666666
7,7.0,0.1666666666666666,0.1666666666666666,0.1666666666666666,0.1666666666666666,0.1666666666666666,0.1666666666666666
8,8.0,0.1666666666666666,0.1666666666666666,0.1666666666666666,0.1666666666666666,0.1666666666666666,0.1666666666666666
9,9.0,0.1666666666666666,0.1666666666666666,0.1666666666666666,0.1666666666666666,0.1666666666666666,0.1666666666666666
10,10.0,0.1666666666666666,0.1666666666666666,0.1666666666666666,0.1666666666666666,0.1666666666666666,0.1666666666666666
11,11.0,0.1666666666666666,0.1666666666666666,0.1666666666666666,0.1666666666666666,0.1666666666666666,0.1666666666666666
12,12.0,0.1666666666666666,0.1666666666666666,0.1666666666666666,0.1666666666666666,0.1666666666666666,0.1666666666666666
13,13.0,0.1666666666666666,0.1666666666666666,0.1666666666666666,0.1666666666666666,0.1666666666666666,0.1666666666666666
14,14.0,0.1666666666666666,0.1666666666666666,0.1666666666666666,0.1666666666666666,0.1666666666666666,0.1666666666666666
15,15.0,0.1666666666666666,0.1666666666666666,0.1666666666666666,0.1666666666666666,0.1666666666666666,0.1666666666666666
16,16.0,0.1666666666666666,0.1666666666666666,0.1666666666666666,0.1666666666666666,0.1666666666666666,0.1666666666666666
17,17.0,0.1666666666666666,0.1666666666666666,0.1666666666666666,0.1666666666666666,0.1666666666666666,0.1666666666666666
18,18.0,0.1666666666666666,0.1666666666666666,0.1666666666666666,0.1666666666666666,0.1666666666666666,0.1666666666666666
19,19.0,0.1666666666666666,0.1666666666666666,0.1666666666666666,0.1666666666666666,0.1666666666666666,0.1666666666666666
20,20.0,0.1666666666666666,0.1666666666666666,0.1666666666666666,0.1666666666666666,0.1666666666666666,0.1666666666666666
21,21.0,0.1666666666666666,0.1666666666666666,0.1666666666666666,0.1666666666666666,0.1666666666666666,0.1666666666666666
22,22.0,0.1666666666666666,0.1666666666666666,0.1666666666666666,0.1666666666666666,0.1666666666666666,0.1666666666666666
23,23.0,0.1666666666666666,0.1666666666666666,0.1666666666666666,0.1666666666666666,0.1666666666666666,0.1666666666666666
24,24.0,0.1666666666666666,0.1666666666666666,0.1666666666666666,0.1666666666666666,0.1666666666666666,0.1666666666666666
25,25.0,0.1666666666666666,0.1666666666666666,0.1666666666666666,0.1666666666666666,0.1666666666666666,0.1666666666666666
26,26.0,0.1666666666666666,0.1666666666666666,0.1666666666666666,0.1666666666666666,0.1666666666666666,0.1666666666666666
27,27.0,0.1666666666666666,0.1666666666666666,0.1666666666666666,0.1666666666666666,0.1666666666666666,0.1666666666666666
28,28.0,0.1666666666666666,0.1666666666666666,0.1666666666666666,0.1666666666666666,0.1666666666666666,0.1666666666666666
29,29.0,0.1666666666666666,0.1666666666666666,0.1666666666666666,0.1666666666666666,0.1666666666666666,0.1666666666666666
30,30.0,0.1666666666666666,0.1666666666666666,0.1666666666666666,0.1666666666666666,0.1666666666666666,0.1666666666666666
31,31.0,0.1666666666666666,0.1666666666666666,0.1666666666666666,0.1666666666666666,0.1666666666666666,0.1666666666666666
32,32.0,0.1666666666666666,0.1666666666666666,0.1666666666666666,0.1666666666666666,0.1666666666666666,0.1666666666666666
33,33.0,0.1666666666666666,0.1666666666666666,0.1666666666666666,0.1666666666666666,0.1666666666666666,0.1666666666666666
34,34.0,0.1666666666666666,0.1666666666666666,0.1666666666666666,0.1666666666666666,0.1666666666666666,0.1666666666666666
35,35.0,0.1666666666666666,0.1666666666666666,0.1666666666666666,0.1666666666666666,0.1666666666666666,0.1666666666666666
36,36.0,0.1666666666666666,0.1666666666666666,0.1666666666666666,0.1666666666666666,0.1666666666666666,0.1666666666666666
37,37.0,0.1666666666666666,0.1666666666666666,0.1666666666666666,0.1666666666666666,0.1666666666666666,0.1666666666666666
38,38.0,0.1666666666666666,0.1666666666666666,0.1666666666666666,0.1666666666666666,0.1666666666666666,0.1666666666666666
39,39.0,0.1666666666666666,0.1666666666666666,0.1666666666666666,0.1666666666666666,0.1666666666666666,0.1666666666666666
40,40.0,0.1666666666666666,0.1666666666666666,0.1666666666666666,0.1666666666666666,0.1666666666666666,0.1666666666666666
41,41.0,0.1666666666666666,0.1666666666666666,0.1666666666666666,0.1666666666666666,0.1666666666666666,0.1666666666666666
42,42.0,0.1666666666666666,0.1666666666666666,0.1666666666666666,0.1666666666666666,0.1666666666666666,0.1666666666666666
43,43.0,0.1666666666666666,0.1666666666666666,0.1666666666666666,0.1666666666666666,0.1666666666666666,0.1666666666666666
44,44.0,0.1666666666666666,0.1666666666666666,0.1666666666666666,0.1666666666666666,0.1666666666666666,0.1666666666666666
45,45.0,0.1666666666666666,0.1666666666666666,0.1666666666666666,0.1666666666666666,0.1666666666666666,0.1666666666666666
46,46.0,0.1666666666666666,0.1666666666666666,0.1666666666666666,0.1666666666666666,0.1666666666666666,0.1666666666666666
47,47.0,0.1666666666666666,0.1666666666666666,0.1666666666666666,0.1666666666666666,0.1666666666666666,0.1666666666666666
48,48.0,0.1666666666666666,0.1666666666666666,0.1666666666666666,0.1666666666666666,0.1666666666666666,0.1666666666666666
49,49.0,0.1666666666666666,0.1666666666666666,0.1666666666666666,0.1666666666666666,0.1666666666666666,0.1666666666666666
50,50.0,0.1666666666666666,0.1666666666666666,0.1666666666666666,0.1666666666666666,0.1666666666666666,0.1666666666666666
51,51.0,0.1666666666666666,0.1666666666666666,0.1666666666666666,0.1666666666666666,0.1666666666666666,0.1666666666666666
52,52.0,0.1666666666666666,0.1666666666666666,0.1666666666666666,0.1666666666666666,0.1666666666666666,0.1666666666666666
53,53.0,0.1666666666666666,0.1666666666666666,0.1666666666666666,0.1666666666666666,0.1666666666666666,0.1666666666666666
54,54.0,0.1666666666666666,0.1666666666666666,0.1666666666666666,0.1666666666666666,0.1666666666666666,0.1666666666666666
55,55.0,0.1666666666666666,0.1666666666666666,0.1666666666666666,0.1666666666666666,0.1666666666666666,0.1666666666666666
56,56.0,0.1666666666666666,0.1666666666666666,0.1666666666666666,0.1666666666666666,0.1666666666666666,0.1666666666666666
57,57.0,0.1666666666666666,0.1666666666666666,0.1666666666666666,0.1666666666666666,0.1666666666666666,0.1666666666666666
58,58.0,0.1666666666666666,0.1666666666666666,0.1666666666666666,0.1666666666666666,0.1666666666666666,0.1666666666666666
59,59.0,0.1666666666666666,0.1666666666666666,0.1666666666666666,0.1666666666666666,0.1666666666666666,0.1666666666666666
60,60.0,0.1666666666666666,0.1666666666666666,0.1666666666666666,0.1666666666666666,0.1666666666666666,0.1666666666666666
61,61.0,0.1666666666666666,0.1666666666666666,0.1666666666666666,0.1666666666666666,0.1666666666666666,0.1666666666666666
62,62.0,0.1666666666666666,0.1666666666666666,0.1666666666666666,0.1666666666666666,0.1666666666666666,0.1666666666666666
63,63.0,0.1666666666666666,0.1666666666666666,0.1666666666666666,0.1666666666666666,0.1666666666666666,0.1666666666666666
64,64.0,0.1666666666666666,0.1666666666666666,0.1666666666666666,0.1666666666666666,0.1666666666666666,0.1666666666666666
65,65.0,0.1666666666666666,0.1666666666666666,0.1666666666666666,0.1666666666666666,0.1666666666666666,0.1666666666666666
66,66.0,0.1666666666666666,0.1666666666666666,0.1666666666666666,0.1666666666666666,0.1666666666666666,0.1666666666666666
67,67.0,0.1666666666666666,0.1666666666666666,0.1666666666666666,0.1666666666666666,0.1666666666666666,0.1666666666666666
68,68.0,0.1666666666666666,0.1666666666666666,0.1666666666666666,0.1666666666666666,0.1666666666666666,0.1666666666666666
69,69.0,0.1666666666666666,0.1666666666666666,0.1666666666666666,0.1666666666666666,0.1666666666666666,0.1666666666666666
70,70.0,0.1666666666666666,0.1666666666666666,0.1666666666666666,0.1666666666666666,0.1666666666666666,0.1666666666666666
71,71.0,0.1666666666666666,0.1666666666666666,0.1666666666666666,0.1666666666666666,0.1666666666666666,0.1666666666666666
72,72.0,0.1666666666666666,0.1666666666666666,0.1666666666666666,0.1666666666666666,0.1666666666666666,0.1666666666666666
73,73.0,0.1666666666666666,0.1666666666666666,0.1666666666666666,0.1666666666666666,0.1666666666666666,0.1666666666666666
74,74.0,0.1666666666666666,0.1666666666666666,0.1666666666666666,0.1666666666666666,0.1666666666666666,0.1666666666666666
75,75.0,0.1666666666666666,0.1666666666666666,0.1666666666666666,0.1666666666666666,0.1666666666666666,0.1666666666666666
76,76.0,0.1666666666666666,0.1666666666666666,0.1666666666666666,0.1666666666666666,0.1666666666666666,0.1666666666666666
77,77.0,0.1666666666666666,0.1666666666666666,0.1666666666666666,0.1666666666666666,0.1666666666666666,0.1666666666666666
78,78.0,0.1666666666666666,0.1666666666666666,0.1666666666666666,0.1666666666666666,0.1666666666666666,0.1666666666666666
79,79.0,0.1666666666666666,0.1666666666666666,0.1666666666666666,0.1666666666666666,0.1666666666666666,0.1666666666666666
80,80.0,0.1666666666666666,0.1666666666666666,0.1666666666666666,0.1666666666666666,0.1666666666666666,0.1666666666666666
81,81.0,0.1666666666666666,0.1666666666666666,0.1666666666666666,0.1666666666666666,0.1666666666666666,0.1666666666666666
82,82.0,0.1666666666666666,0.1666666666666666,0.1666666666666666,0.1666666666666666,0.1666666666666666,0.1666666666666666
83,83.0,0.1666666666666666,0.1666666666666666,0.1666666666666666,0.1666666666666666,0.1666666666666666,0.1666666666666666
84,84.0,0.1666666666666666,0.1666666666666666,0.1666666666666666,0.1666666666666666,0.1666666666666666,0.1666666666666666
85,85.0,0.1666666666666666,0.1666666666666666,0.1666666666666666,0.1666666666666666,0.1666666666666666,0.1666666666666666
86,86.0,0.1666666666666666,0.1666666666666666,0.1666666666666666,0.1666666666666666,0.1666666666666666,0.1666666666666666
87,87.0,0.1666666666666666,0.1666666666666666,0.1666666666666666,0.1666666666666666,0.1666666666666666,0.1666666666666666
88,88.0,0.1666666666666666,0.1666666666666666,0.1666666666666666,0.1666666666666666,0.1666666666666666,0.1666666666666666
89,89.0,0.1666666666666666,0.1666666666666666,0.1666666666666666,0.1666666666666666,0.1666666666666666,0.1666666666666666
90,90.0,0.1666666666666666,0.1666666666666666,0.1666666666666666,0.1666666666666666,0.1666666666666666,0.1666666666666666
91,91.0,0.1666666666666666,0.1666666666666666,0.1666666666666666,0.1666666666666666,0.1666666666666666,0.1666666666666666
92,92.0,0.1666666666666666,0.1666666666666666,0.1666666666666666,0.1666666666666666,0.1666666666666666,0.1666666666666666
93,93.0,0.1666666666666666,0.1666666666666666,0.1666666666666666,0.1666666666666666,0.1666666666666666,0.1666666666666666
94,94.0,0.1666666666666666,0.1666666666666666,0.1666666666666666,0.1666666666666666,0.1666666666666666,0.1666666666666666
95,95.0,0.1666666666666666,0.1666666666666666,0.1666666666666666,0.1666666666666666,0.1666666666666666,0.1666666666666666
96,96.0,0.1666666666666666,0.1666666666666666,0.1666666666666666,0.1666666666666666,0.1666666666666666,0.1666666666666666
97,97.0,0.1666666666666666,0.1666666666666666,0.1666666666666666,0.1666666666666666,0.1666666666666666,0.1666666666666666
98,98.0,0.1666666666666666,0.1666666666666666,0.1666666666666666,0.1666666666666666,0.1666666666666666,0.1666666666666666
99,99.0,0.1666666666666666,0.1666666666666666,0.1666666666666666,0.1666666666666666,0.1666666666666666,0.1666666666666666
100,100.0,0.1666666666666666,0.1666666666666666,0.1666666666666666,0.1666666666666666,0.1666666666666666,0.1666666666666666
101,101.0,0.1666666666666666,0.1666666666666666,0.1666666666666666,0.1666666666666666,0.1666666666666666,0.1666666666666666
102,102.0,0.1666666666666666,0.1666666666666666,0.1666666666666666,0.1666666666666666,0.1666666666666666,0.1666666666666666
103,103.0,0.1666666666666666,0.1666666666666666,0.1666666666666666,0.1666666666666666,0.1666666666666666,0.1666666666666666
104,104.0,0.1666666666666666,0.1666666666666666,0.1666666666666666,0.1666666666666666,0.1666666666666666,0.1666666666666666
105,105.0,0.1666666666666666,0.1666666666666666,0.1666666666666666,0.1666666666666666,0.1666666666666666,0.1666666666666666
106,106.0,0.1666666666666666,0.1666666666666666,0.1666666666666666,0.1666666666666666,0.1666666666666666,0.1666666666666666
107,107.0,0.1666666666666666,0.1666666666666666,0.1666666666666666,0.1666666666666666,0.1666666666666666,0.1666666666666666
108,108.0,0.1666666666666666,0.1666666666666666,0.1666666666666666,0.1666666666666666,0.1666666666666666,0.1666666666666666
109,109.0,0.1666666666666666,0.1666666666666666,0.1666666666666666,0.1666666666666666,0.1666666666666666,0.1666666666666666
110,110.0,0.1666666666666666,0.1666666666666666,0.1666666666666666,0.1666666666666666,0.1666666666666666,0.1666666666666666
111,111.0,0.1666666666666666,0.1666666666666666,0.1666666666666666,0.1666666666666666,0.1666666666666666,0.1666666666666666
112,112.0,0.1666666666666666,0.1666666666666666,0.1666666666666666,0.1666666666666666,0.1666666666666666,0.1666666666666666
113,113.0,0.1666666666666666,0.1666666666666666,0.1666666666666666,0.1666666666666666,0.1666666666666666,0.1666666666666666
114,114.0,0.1666666666666666,0.1666666666666666,0.1666666666666666,0.1666666666666666,0.1666666666666666,0.1666666666666666
115,115.0,0.1666666666666666,0.1666666666666666,0.1666666666666666,0.1666666666666666,0.1666666666666666,0.1666666666666666
116,116.0,0.1666666666666666,0.1666666666666666,0.1666666666666666,0.1666666666666666,0.1666666666666666,0.1666666666666666
117,117.0,0.1666666666666666,0.1666666666666666,0.1666666666666666,0.1666666666666666,0.1666666666666666,0.1666666666666666
118,118.0,0.1666666666666666,0.1666666666666666,0.1666666666666666,0.1666666666666666,0.1666666666666666,0.1666666666666666
119,119.0,0.1666666666666666,0.1666666666666666,0.1666666666666666,0.1666666666666666,0.1666666666666666,0.1666666666666666
120,120.0,0.1666666666666666,0.1666666666666666,0.1666666666666666,0.1666666666666666,0.1666666666666666,0.1666666666666666
121,121.0,0.1666666666666666,0.1666666666666666,0.1666666666666666,0.1666666666666666,0.1666666666666666,0.1666666666666666
122,122.0,0.1666666666666666,0.1666666666666666,0.1666666666666666,0.1666666666666666,0.1666666666666666,0.1666666666666666
123,123.0,0.1666666666666666,0.1666666666666666,0.1666666666666666,0.1666666666666666,0.1666666666666666,0.1666666666666666
124,124.0,0.1666666666666666,0.1666666666666666,0.1666666666666666,0.1666666666666666,0.1666666666666666,0.1666666666666666
125,125.0,0.1666666666666666,0.1666666666666666,0.1666666666666666,0.1666666666666666,0.1666666666666666,0.1666666666666666
126,126.0,0.1666666666666666,0.1666666666666666,0.1666666666666666,0.1666666666666666,0.1666666666666666,0.1666666666666666
127,127.0,0.1666666666666666,0.1666666666666666,0.1666666666666666,0.1666666666666666,0.1666666666666666,0.1666666666666666
128,128.0,0.1666666666666666,0.1666666666666666,0.1666666666666666,0.1666666666666666,0.1666666666666666,0.1666666666666666
129,129.0,0.1666666666666666,0.1666666666666666,0.1666666666666666,0.1666666666666666,0.1666666666666666,0.1666666666666666
130,130.0,0.1666666666666666,0.1666666666666666,0.1666666666666666,0.1666666666666666,0.1666666666666666,0.1666666666666666
131,131.0,0.1666666666666666,0.1666666666666666,0.1666666666666666,0.1666666666666666,0.1666666666666666,0.1666666666666666
132,132.0,0.1666666666666666,0.1666666666666666,0.1666666666666666,0.1666666666666666,0.1666666666666666,0.1666666666666666
133,133.0,0.1666666666666666,0.1666666666666666,0.1666666666666666,0.1666666666666666,0.1666666666666666,0.1666666666666666
134,134.0,0.1666666666666666,0.1666666666666666,0.1666666666666666,0.1666666666666666,0.1666666666666666,0.1666666666666666
135,135.0,0.1666666666666666,0.1666666666666666,0.1666666666666666,0.1666666666666666,0.1666666666666666,0.1666666666666666
136,136.0,0.1666666666666666,0.1666666666666666,0.1666666666666666,0.1666666666666666,0.1666666666666666,0.1666666666666666
137,137.0,0.1666666666666666,0.1666666666666666,0.1666666666666666,0.1666666666666666,0.1666666666666666,0.1666666666666666
138,138.0,0.1666666666666666,0.1666666666666666,0.1666666666666666,0.1666666666666666,0.1666666666666666,0.1666666666666666
139,139.0,0.1666666666666666,0.1666666666666666,0.1666666666666666,0.1666666666666666,0.1666666666666666,0.1666666666666666
140,140.0,0.1666666666666666,0.1666666666666666,0.1666666666666666,0.1666666666666666,0.1666666666666666,0.1666666666666666
141,141.0,0.1666666666666666,0.1666666666666666,0.1666666666666666,0.1666666666666666,0.1666666666666666,0.1666666666666666
142,142.0,0.1666666666666666,0.1666666666666666,0.1666666666666666,0.1666666666666666,0.1666666666666666,0.1666666666666666
143,143.0,0.1666666666666666,0.1666666666666666,0.1666666666666666,0.1666666666666666,0.1666666666666666,0.1666666666666666
144,144.0,0.1666666666666666,0.1666666666666666,0.1666666666666666,0.1666666666666666,0.1666666666666666,0.1666666666666666
145,145.0,0.1666666666666666,0.1666666666666666,0.1666666666666666,0.1666666666666666,0.1666666666666666,0.1666666666666666
146,146.0,0.1666666666666666,0.1666666666666666,0.1666666666666666,0.1666666666666666,0.1666666666666666,0.1666666666666666
147,147.0,0.1666666666666666,0.1666666666666666,0.1666666666666666,0.1666666666666666,0.1666666666666666,0.1666666666666666
148,148.0,0.1666666666666666,0.1666666666666666,0.1666666666666666,0.1666666666666666,0.1666666666666666,0.1666666666666666
149,149.0,0.1666666666666666,0.1666666666666666,0.1666666666666666,0.1666666666666666,0.1666666666666666,0.1666666666666666
150,150.0,0.1666666666666666,0.1666666666666666,0.1666666666666666,0.1666666666666666,0.1666666666666666,0.1666666666666666
151,151.0,0.1666666666666666,0.1666666666666666,0.1666666666666666,0.1666666666666666,0.1666666666666666,0.1666666666666666
152,152.0,0.1666666666666666,0.1666666666666666,0.1666666666666666,0.1666666666666666,0.1666666666666666,0.1666666666666666
153,153.0,0.1666666666666666,0.1666666666666666,0.1666666666666666,0.1666666666666666,0.1666666666666666,0.1666666666666666
154,154.0,0.1666666666666666,0.1666666666666666,0.1666666666666666,0.1666666666666666,0.1666666666666666,0.1666666666666666
155,155.0,0.1666666666666666,0.1666666666666666,0.1666666666666666,0.1666666666666666,0.1666666666666666,0.1666666666666666
156,156.0,0.1666666666666666,0.1666666666666666,0.1666666666666666,0.1666666666666666,0.1666666666666666,0.1666666666666666
157,157.0,0.1666666666666666,0.1666666666666666,0.1666666666666666,0.1666666666666666,0.1666666666666666,0.1666666666666666
158,158.0,0.1666666666666666,0.1666666666666666,0.1666666666666666,0.1666666666666666,0.1666666666666666,0.1666666666666666
159,159.0,0.1666666666666666,0.1666666666666666,0.1666666666666666,0.1666666666666666,0.1666666666666666,0.1666666666666666
160,160.0,0.1666666666666666,0.1666666666666666,0.1666666666666666,0.1666666666666666,0.1666666666666666,0.1666666666666666
161,161.0,0.1666666666666666,0.1666666666666666,0.1666666666666666,0.1666666666666666,0.1666666666666666,0.1666666666666666
162,162.0,0.1666666666666666,0.1666666666666666,0.1666666666666666,0.1666666666666666,0.1666666666666666,0.1666666666666666
163,163.0,0.1666666666666666,0.1666666666666666,0.1666666666666666,0.1666666666666666,0.1666666666666666,0.1666666666666666
164,164.0,0.1666666666666666,0.1666666666666666,0.1666666666666666,0.1666666666666666,0.1666666666666666,0.1666666666666666
165,165.0,0.1666666666666666,0.1666666666666666,0.1666666666666666,0.1666666666666666,0.1666666666666666,0.1666666666666666
166,166.0,0.1666666666666666,0.1666666666666666,0.1666666666666666,0.1666666666666666,0.1666666666666666,0.1666666666666666
167,167.0,0.1666666666666666,0.1666666666666666,0.1666666666666666,0.1666666666666666,0.1666666666666666,0.1666666666666666
168,168.0,0.1666666666666666,0.1666666666666666,0.1666666666666666,0.1666666666666666,0.1666666666666666,0.1666666666666666
169,169.0,0.1666666666666666,0.1666666666666666,0.1666666666666666,0.1666666666666666,0.1666666666666666,0.1666666666666666
170,170.0,0.1666666666666666,0.1666666666666666,0.1666666666666666,0.1666666666666666,0.1666666666666666,0.1666666666666666
171,171.0,0.1666666666666666,0.1666666666666666,0.1666666666666666,0.1666666666666666,0.1666666666666666,0.1666666666666666
172,172.0,0.1666666666666666,0.1666666666666666,0.1666666666666666,0.1666666666666666,0.1666666666666666,0.1666666666666666
173,173.0,0.1666666666666666,0.1666666666666666,0.1666666666666666,0.1666666666666666,0.1666666666666666,0.1666666666666666
174,174.0,0.1666666666666666,0.1666666666666666,0.1666666666666666,0.1666666666666666,0.1666666666666666,0.1666666666666666
175,175.0,0.1666666666666666,0.1666666666666666,0.1666666666666666,0.1666666666666666,0.1666666666666666,0.1666666666666666
176,176.0,0.1666666666666666,0.1666666666666666,0.1666666666666666,0.1666666666666666,0.1666666666666666,0.1666666666666666
177,177.0,0.1666666666666666,0.1666666666666666,0.1666666666666666,0.1666666666666666,0.1666666666666666,0.1666666666666666
178,178.0,0.1666666666666666,0.1666666666666666,0.1666666666666666,0.1666666666666666,0.1666666666666666,0.1666666666666666
179,179.0,0.1666666666666666,0.1666666666666666,0.1666666666666666,0.1666666666666666,0.1666666666666666,0.1666666666666666
180,180.0,0.1666666666666666,0.1666666666666666,0.1666666666666666,0.1666666666666666,0.1666666666666666,0.1666666666666666
181,181.0,0.1666666666666666,0.1666666666666666,0.1666666666666666,0.1666666666666666,0.1666666666666666,0.1666666666666666
182,182.0,0.1666666666666666,0.1666666666666666,0.1666666666666666,0.1666666666666666,0.1666666666666666,0.1666666666666666
183,183.0,0.1666666666666666,0.1666666666666666,0.1666666666666666,0.1666666666666666,0.1666666666666666,0.1666666666666666
184,184.0,0.1666666666666666,0.1666666666666666,0.1666666666666666,0.1666666666666666,0.1666666666666666,0.1666666666666666
185,185.0,0.1666666666666666,0.1666666666666666,0.1666666666666666,0.1666666666666666,0.1666666666666666,0.1666666666666666
186,186.0,0.1666666666666666,0.1666666666666666,0.1666666666666666,0.1666666666666666,0.1666666666666666,0.1666666666666666
187,187.0,0.1666666666666666,0.1666666666666666,0.1666666666666666,0.1666666666666666,0.1666666666666666,0.1666666666666666
188,188.0,0.1666666666666666,0.1666666666666666,0.1666666666666666,0.1666666666666666,0.1666666666666666,0.1666666666666666
189,189.0,0.1666666666666666,0.1666666666666666,0.1666666666666666,0.1666666666666666,0.1666666666666666,0.1666666666666666
190,190.0,0.1666666666666666,0.1666666666666666,0.1666666666666666,0.1666666666666666,0.1666666666666666,0.1666666666666666
191,191.0,0.1666666666666666,0.1666666666666666,0.1666666666666666,0.1666666666666666,0.1666666666666666,0.1666666666666666
192,192.0,0.1666666666666666,0.1666666666666666,0.1666666666666666,0.1666666666666666,0.1666666666666666,0.1666666666666666
193,193.0,0.1666666666666666,0.1666666666666666,0.1666666666666666,0.1666666666666666,0.1666666666666666,0.1666666666666666
194,194.0,0.1666666666666666,0.1666666666666666,0.1666666666666666,0.1666666666666666,0.1666666666666666,0.1666666666666666
195,195.0,0.1666666666666666,0.1666666666666666,0.1666666666666666,0.1666666666666666,0.1666666666666666,0.1666666666666666
196,196.0,0.1666666666666666,0.1666666666666666,0.1666666666666666,0.1666666666666666,0.1666666666666666,0.1666666666666666
197,197.0,0.1666666666666666,0.1666666666666666,0.1666666666666666,0.1666666666666666,0.1666666666666666,0.1666666666666666
198,198.0,0.1666666666666666,0.1666666666666666,0.1666666666666666,0.1666666666666666,0.1666666666666666,0.1666666666666666
199,199.0,0.1666666666666666,0.1666666666666666,0.1666666666666666,0.1666666666666666,0.1666666666666666,0.1666666666666666
200,200.0,0.1661904761904762,0.1676190476190476,0.1661904761904762,0.1661904761904762,0.1676190476190476,0.1661904761904762
201,201.0,0.1654809523809524,0.1683238095238095,0.1654809523809524,0.1669095238095238,0.1683238095238095,0.1654809523809524
202,202.0,0.1645447142857143,0.1687748571428571,0.1659732857142857,0.1673875714285714,0.1687748571428571,0.1645447142857143
203,203.0,0.1636280814285714,0.1692073371428571,0.1664709385714286,0.1678582242857143,0.1692073371428571,0.1636280814285714
204,204.0,0.1625596881857143,0.1706902100571428,0.1667898310428572,0.1681389439,0.1692616386285714,0.1625596881857143
205,205.0,0.1615261088138571,0.1721393221508571,0.1671053645281429,0.1684066306852857,0.169296465008,0.1615261088138571
206,206.0,0.1605341977196186,0.17479355838512,0.1674147195910471,0.1686599110566186,0.1680634155279772,0.1605341977196186
207,207.0,0.1595897071861791,0.1773808639835339,0.1677154205231791,0.1688976928516805,0.1668266082692483,0.1595897071861791
208,208.0,0.1586973400627933,0.1798820589536997,0.1680053257282946,0.1691191481101481,0.1655987870822712,0.1586973400627933
209,209.0,0.1578608076796895,0.1837093138373119,0.1668540442984728,0.1693236949330959,0.1643913315717406,0.1578608076796895
210,210.0,0.1569440029977817,0.1881004802529199,0.165564033108331,0.1693720898069577,0.1630753908362281,0.1569440029977817
211,211.0,0.155910549865198,0.1919731125260252,0.1653584938172311,0.169225892549332,0.1616214013770157,0.155910549865198
212,212.0,0.1548320508329349,0.1962173218751312,0.1650556378027833,0.168955627520547,0.1601073111356687,0.1548320508329349
213,213.0,0.153732886390374,0.2007080539536922,0.1646773162065575,0.1685854950570974,0.1585633620019049,0.153732886390374
214,214.0,0.1523309487778048,0.204450785243013,0.1663404865083217,0.1678340172819181,0.1567128134111377,0.1523309487778048
215,215.0,0.151656285049104,0.2082704065466427,0.1675938483347396,0.166899260531351,0.1547572478223921,0.1508229517157707
216,216.0,0.1510610962713537,0.2118301235592049,0.1688340307332636,0.1645485106600509,0.1528949044095353,0.1508313343665918
217,217.0,0.1516148154086649,0.2149417581111093,0.1698713783941264,0.162054017335947,0.1509565129605354,0.1505615177896172
218,218.0,0.1519549509860948,0.216640827499728,0.1717376267113108,0.159476925234386,0.1501019987014333,0.1500876708670471
219,219.0,0.1529454195998168,0.2177836682545742,0.1740814756612654,0.1567742449521092,0.149043387742699,0.1493718037895354
220,220.0,0.153974919623701,0.2186781111951129,0.1763589994184864,0.154167380291829,0.1480934940457012,0.1487270954251696
221,221.0,0.1541201620074013,0.2193400516733696,0.1775540552646749,0.1526728183379486,0.1472509448212361,0.1490619678953696
222,222.0,0.1542105443335234,0.2188012720459414,0.1791932424627753,0.1512185168636091,0.1464376735385377,0.1501387507556132
223,223.0,0.1529525302364453,0.2182842184666574,0.1804362854761448,0.1495809768515841,0.1454248691322403,0.1533211198369284
224,224.0,0.151632300738219,0.2183447526693598,0.1806581038908584,0.147885057395922,0.1452418637080174,0.1562379215976235
225,225.0,0.1502869952916573,0.2188332517925642,0.1805340099080427,0.146253089435077,0.1450888594032559,0.1590037941694031
226,226.0,0.1489353217988065,0.2189080783090324,0.1801108247182675,0.1454669755211539,0.1449671334018044,0.1616116662509354
227,227.0,0.1473524228102131,0.2184038072582294,0.1793869750084124,0.1452329584215667,0.1446907091992805,0.1649331273022979
228,228.0,0.1456979763610638,0.2187635803625794,0.1784710416738598,0.1449760379787472,0.1443490968040927,0.1677422668196571
229,229.0,0.1450095705507946,0.2188001732533016,0.177405281299314,0.1447149626203355,0.1439661200483482,0.1701038922279063
230,230.0,0.1442738589999937,0.219610922638236,0.1758895100166954,0.1444291322178487,0.1435261187620335,0.1722704573651927
231,231.0,0.1424753042455972,0.2209068560456628,0.1739504617212127,0.144096255427094,0.145122681369555,0.1734484411908783
232,232.0,0.1405611559534884,0.2218157093034721,0.1726006121728648,0.1436473454527854,0.1472662363605043,0.1741089407568851
233,233.0,0.1386530240512687,0.2225398291667747,0.1718218127196942,0.1431894038039307,0.1492442853102654,0.1745516449480664
234,234.0,0.1368512064007896,0.2231722659582065,0.1710738372558059,0.1428097312462911,0.1512172346970959,0.1748757244418111
235,235.0,0.1352539988442909,0.2238067727079494,0.1704519922278196,0.1426861157781397,0.1514385922561478,0.1763625281856526
236,236.0,0.1336841851752123,0.2242640700799476,0.1706862466787887,0.1424487332997547,0.1515449399582449,0.177371824808052
237,237.0,0.1329941180808965,0.224563366644316,0.170800769328429,0.1421234555490644,0.1515527759181223,0.1779655144791718
238,238.0,0.132292700264787,0.2247215487702533,0.1715837774077665,0.1417304833389649,0.1514759522044824,0.178195538013746
239,239.0,0.131703465592609,0.2248088383880356,0.1723836692161149,0.1413959004528825,0.1513813953295057,0.1783267310208524
240,240.0,0.131125850001453,0.2252124042332529,0.1731431384148705,0.1409743566444194,0.1512242051304565,0.1783200455755479
241,241.0,0.1305668486915093,0.2252620592151857,0.1738598230491956,0.1411073348724696,0.1510134073179231,0.1781905268537169
242,242.0,0.1300316608359913,0.2255860802232842,0.1745315700233076,0.1411409943275719,0.1507572059254968,0.1779524886643482
243,243.0,0.1295894334386,0.225855996327204,0.1751892438687808,0.1412172832336466,0.1504957915603854,0.1776522515713833
244,244.0,0.1292352927274966,0.2260745188563236,0.1758276751600244,0.1413311757565356,0.1502322996635085,0.1772990378361114
245,245.0,0.1291659916431835,0.2266486423468723,0.1766444240415692,0.1427909039224599,0.1494645224019609,0.1752855156439544
246,246.0,0.1291719210520067,0.2271734291041654,0.1774316730837512,0.1442654687036386,0.1487051115393705,0.1732523965170678
247,247.0,0.1292454986105642,0.2276485649339554,0.1781844997800851,0.1457386407907344,0.1479608245444676,0.1712219713401934
248,248.0,0.1293792237282972,0.2280742635706948,0.1788988180981922,0.1471958277322848,0.1472375919004325,0.1692142749700987
249,249.0,0.1295657443981106,0.2284512117473212,0.1795713356927143,0.1486240561734287,0.1465405404986186,0.1672471114898067
250,250.0,0.1285137833239658,0.2286822799298445,0.1796504731610302,0.1499940409118965,0.1461924542972537,0.1669669683760093
251,251.0,0.1274994219694785,0.2288471486209002,0.1797855466656705,0.151295808078767,0.1458515197029085,0.1667205549622754
252,252.0,0.1265416490182445,0.2289696966457496,0.1798826370780404,0.1525395483141529,0.1455418594722531,0.1665246094715596
253,253.0,0.125644383359451,0.2290529305907648,0.1799445718032432,0.153718626908849,0.1453810898300485,0.1662583975076436
254,254.0,0.1248105469204416,0.2290999495244791,0.1799742470627436,0.1548277192409771,0.1452500470609306,0.1660374901904279
255,255.0,0.1240421351436283,0.2291139047586854,0.181085703161628,0.1558627330134729,0.1440359577941707,0.1658595661284145
256,256.0,0.1232291785694483,0.2288757408887704,0.1829374252327469,0.1565985037223524,0.1427481564610896,0.1656109951255923
257,257.0,0.1240777242099621,0.2276373821263427,0.1848935530618396,0.1574183855377307,0.1416608399072121,0.1643121151569127
258,258.0,0.1245584144880488,0.2262774515579647,0.187057622898851,0.1573292050456236,0.1415524484629222,0.1632248575465897
259,259.0,0.1250687110925679,0.2249015011829858,0.1892315333889622,0.1571544493396903,0.1414691109047229,0.1621746940910707
260,260.0,0.1256123059107244,0.2235437012632454,0.1913102729607081,0.1569197056300345,0.1414303150941955,0.161183699141092
261,261.0,0.1261676650422274,0.2221953857432239,0.1932595886748657,0.1566167215841554,0.1415213717298976,0.16023926722563
262,262.0,0.1269290855896115,0.2210695206172327,0.194475182625788,0.1566581004802882,0.1418262456296087,0.1590418650574709
263,263.0,0.1276977649790528,0.2211023899545115,0.1946859705168655,0.1566599626132069,0.1421600364607193,0.157693875475644
264,264.0,0.1284652905324513,0.2211777916153604,0.1946792139640606,0.1566262410379038,0.1425165146217785,0.1565349482284454
265,265.0,0.1292241023778771,0.221290718350814,0.1945767349772896,0.1565608313409541,0.1428898465981808,0.1554577663548844
266,266.0,0.1299674837676734,0.2214362883860572,0.1943891305898169,0.156467556431492,0.1432746136886278,0.1544649271363328
267,267.0,0.130689543933505,0.2216097816907587,0.1941267893855873,0.1563501355798632,0.1436658247108106,0.1535579246994751
268,268.0,0.1313851943961101,0.2218066710049256,0.1937998084583188,0.1562121575888009,0.1440589231613338,0.1527372453905106
269,269.0,0.130621548192614,0.2220226478344697,0.1934179215895881,0.1560570579521589,0.1444497893128581,0.153431035118311
270,270.0,0.130822012721503,0.2236663420722563,0.1928634541152445,0.1547611157038775,0.1447077536067841,0.1531793217803345
271,271.0,0.1307802357563131,0.2250848942414324,0.1921623833737673,0.1533545491307781,0.1448467011891069,0.1537712363086021
272,272.0,0.1302720857673307,0.2261666474571818,0.1920078089707133,0.1518394704580576,0.1446420071700265,0.15507198017669
273,273.0,0.1298540458936117,0.2272020220864836,0.1918106354797173,0.1503347205850757,0.1444087233911552,0.1563898525639565
274,274.0,0.1292789889612501,0.2288855065317815,0.1914451146330092,0.1487946443995702,0.1440969684623113,0.1574987770120776
275,275.0,0.1287047308817975,0.2305218186033865,0.1910681000109909,0.1473063571128305,0.1450358888659622,0.1573631045250323
276,276.0,0.1281369343507574,0.2320993124179519,0.1906845111374137,0.1458795627078473,0.1459660278648219,0.1572336515212077
277,277.0,0.1282399718379398,0.2304212816762228,0.1916175226448504,0.1451817204998355,0.1475383028687217,0.1570012004724297
278,278.0,0.1283523229732438,0.2286981910093777,0.1925393311933123,0.1445535070977714,0.149079370933712,0.1567772767925827
279,279.0,0.1286234480320196,0.2262699591347786,0.1935933541447272,0.1440699993308386,0.1515617905578822,0.1558814487997537
280,280.0,0.1287470214515726,0.2247972660465945,0.1945704649444826,0.1434970128538128,0.1536799890648189,0.1547082456387183
281,281.0,0.128872798616686,0.2219136908965842,0.1955126848233425,0.1444185271681238,0.1557194313002772,0.1535628671949862
282,282.0,0.1289870913689425,0.2190553359086086,0.1965019927625199,0.1453730687486864,0.1576456204470724,0.1524368907641702
283,283.0,0.1289103782273608,0.2160681622818958,0.1971735240958937,0.1474178802318562,0.15927032847492,0.1511597266880734
284,284.0,0.1292380317219409,0.2124657673863436,0.199311520397281,0.1496762711674995,0.1600804502090824,0.1492279591178525
285,285.0,0.1293404800682625,0.2098709498230439,0.2010509855098969,0.1518113704080832,0.1606745955868388,0.1472516186038746
286,286.0,0.1305106478691166,0.207230328605833,0.202535806472921,0.1535570132735644,0.160989849361481,0.1451763544170838
287,287.0,0.1316657757867558,0.2047356045979885,0.2039373137773966,0.1552561175442273,0.1612116624412882,0.1431935258523435
288,288.0,0.1316847054192141,0.2026749130964299,0.2055276014939114,0.1571741238146248,0.1614860496538347,0.1414526065219851
289,289.0,0.1328316609494785,0.2008151403052268,0.2071012537834614,0.1576707554728731,0.1617196922534038,0.1398614972355563
290,290.0,0.1337244337245294,0.2000079666844303,0.208350546872197,0.1578752471556682,0.1617675028784719,0.1382743026847032
291,291.0,0.1343976961103194,0.2004243858713894,0.2102226964765848,0.1565829497619092,0.1616566775293295,0.1367155942504677
292,292.0,0.1350303028855531,0.2009765107570954,0.2119821499944704,0.1552451015368255,0.1614860062387072,0.1352799285873485
293,293.0,0.1363018117253518,0.2014937343713014,0.2133953097720523,0.1537281208942852,0.1611874227379017,0.1338936004991075
294,294.0,0.1384942031934471,0.2016940715747123,0.2145483301512418,0.1520625656299343,0.1607059970122322,0.1324948324384324
295,295.0,0.1413962428901061,0.2016488743030402,0.2154695837569749,0.150293837647486,0.1600787164303308,0.1311127449720621
296,296.0,0.1439352183227785,0.2014104207037828,0.216182125639631,0.1493681233167565,0.1593355301927305,0.1297685818243209
297,297.0,0.1463675007089908,0.2012458754911457,0.2167815197345094,0.1484740147795176,0.1585772789091954,0.1285538103766413
298,298.0,0.1484521638022541,0.2017555538846539,0.2171973293036814,0.1474657773902774,0.1577372940213968,0.1273918815977364
299,299.0,0.1502153606631686,0.2028343027071238,0.2174478339581053,0.146373064916287,0.1568362279927183,0.1262932097625971
300,300.0,0.1532573812821352,0.202825904838912,0.217699989545642,0.1452036524791617,0.1558199077782428,0.1251931640759064
301,301.0,0.1553792637364999,0.2028534446420543,0.2178653951313905,0.1440911899138721,0.1555935384822113,0.1242171680939721
302,302.0,0.1571060154723914,0.2041035291418602,0.2177129764215771,0.1428030116207921,0.1551499857753367,0.1231244815680425
303,303.0,0.1584955963300126,0.2050128315950938,0.2173117543185702,0.141405285241346,0.1558011178114865,0.1219734147034909
304,304.0,0.1596186517644385,0.206367326192869,0.2167963906134886,0.139973767023789,0.1563567789718208,0.1208870854335942
305,305.0,0.1605895048625454,0.2077133443791496,0.2162329036530411,0.1386250524330089,0.1569198608312189,0.1199193338410364
306,306.0,0.1613158100594044,0.2088206578083878,0.2154584013123557,0.1381007846811813,0.1573599415101854,0.1189444046284854
307,307.0,0.1622705134866162,0.2101181061581009,0.2129251993354471,0.1380214802851847,0.1582173384169808,0.1184473623176704
308,308.0,0.1630903137195129,0.2113755321521652,0.2103937822905915,0.1380189757750202,0.1590630493551539,0.1180583467075564
309,309.0,0.1620582808529749,0.2128065859884272,0.2081670636328101,0.1384189495405395,0.1607231191455186,0.1178260008397298
310,310.0,0.1616471912528837,0.2140886852533953,0.2056232043463369,0.13878624492561,0.162258602114043,0.1175960721077311
311,311.0,0.1609172433067774,0.21522996501761,0.2036769328444815,0.1391265174204865,0.1636726627192865,0.1173766786913581
312,312.0,0.1601121677832641,0.2163012762516862,0.2018106803365281,0.1395072484074213,0.1650314844097065,0.1172371428113939
313,313.0,0.1593586393064305,0.2200608074582018,0.1987176471307055,0.1400316958384505,0.1645492250821034,0.1172819851841082
314,314.0,0.1571304670278058,0.2237164270421334,0.1971657273431447,0.1405802435948543,0.1640148154315557,0.1173923195605061
315,315.0,0.1547045399074981,0.2270633985413287,0.195373471687038,0.1409664247379597,0.1632602431582917,0.1186319219678838
316,316.0,0.1522985157645621,0.2302813459649319,0.1936096005054568,0.1413834087246651,0.1624987334716416,0.1199283955687425
317,317.0,0.1499228466425178,0.2333316290793127,0.1919741119973598,0.1418058731415866,0.1617179411650602,0.1212475979741628
318,318.0,0.1474593648416077,0.2360616225953608,0.1887641735741304,0.1446298389523272,0.1607887135347174,0.1222962865018564
319,319.0,0.1464553753366163,0.2374502618869551,0.1847328216750063,0.1478825512800324,0.1599990752781817,0.1234799145432081
320,320.0,0.1455249687930017,0.2386535102693394,0.1819886222776792,0.1499667829529034,0.1592179638406378,0.1246481518664384
321,321.0,0.1446700909800623,0.239677874349611,0.1794303021259426,0.1519785397196947,0.1584523376545619,0.1257908551701273
322,322.0,0.1440306266917489,0.2396976655838449,0.1784537453856439,0.1540438403922355,0.1567360822344458,0.1270380397120808
323,323.0,0.1434664292184821,0.2395631433443028,0.1776605412830422,0.1560116775732253,0.1550564230578946,0.128241785523053
