,Unnamed: 0,Generation,Intertwine_two,Add_vertex,Delete_vertex,Invert_path_vertices,Insert_inside_vertex,Delete_inside_vertex,Replace_inside_vertex,Donate_between_routes,Merge_terminals,Trim_one_terminal_cb,Trim_one_path_random_cb,Grow_one_terminal_cb,Grow_one_path_random_cb
0,0.0,0.0,0.07692307692307689,0.07692307692307689,0.07692307692307689,0.07692307692307689,0.07692307692307689,0.07692307692307689,0.07692307692307689,0.07692307692307689,0.07692307692307689,0.07692307692307689,0.07692307692307689,0.07692307692307689,0.07692307692307689
1,1.0,0.10900000000000001,0.07749034037802807,0.07693007258972416,0.07669902788227059,0.07747233379228186,0.07702030175404684,0.07758185511761327,0.07690961854228957,0.07716727462666458,0.07432027367541671,0.07760897924844726,0.07679850398700956,0.0773939955928667,0.07660742281334036
2,2.0,0.31601,0.07810215736230319,0.07677287852863568,0.0763039384681245,0.07810957326903047,0.07717887751874442,0.07823230197621536,0.07736778127690094,0.07722746968758575,0.07208631290547336,0.0783864153086902,0.07627750284149831,0.07763121950594333,0.07632357135085406
3,3.0,0.6191589000000001,0.07876517490711143,0.07645501720944903,0.07619368541008582,0.07873720128011047,0.0771864295153966,0.07920382466104516,0.0777219469465427,0.077747229461616,0.0697624620179751,0.07897823062278561,0.07554752863368826,0.07753607967398421,0.07616518966020919
4,4.0,1.015801321,0.07874755871378634,0.07659418067440714,0.07589559585291906,0.07952273530458295,0.07709343684303804,0.07992373746771408,0.07798461083898028,0.07762544191174497,0.06741273770916958,0.07974568518496042,0.0750477798897569,0.07834873570535925,0.07605776390358057
5,5.0,1.50262148669,0.0789447422008129,0.07673595008773716,0.0754591627939541,0.08024739686355374,0.07707391124938535,0.08014789184985831,0.0782669724787201,0.07777758631206665,0.06540545550754995,0.08064410093467997,0.07474924790803252,0.07884406329606501,0.07570351851758389
6,6.0,2.0757334209441005,0.07988176313144202,0.077082436940682,0.07509425277495693,0.07975425939128292,0.07717994410011861,0.08091794535482212,0.07845613834246105,0.07731111087529341,0.06344923544000586,0.0816482971172582,0.07449294143424913,0.07955344476195225,0.07517823033547519
7,7.0,2.7307768275633495,0.08026376612627993,0.07709509199183069,0.07484322629759223,0.08063365420345009,0.07722492533800168,0.08196728192035496,0.07839524026383698,0.07694152945041775,0.06184516262842433,0.08241456733257954,0.07434775793076875,0.07951865613630991,0.07450914038015284
8,8.0,3.4630081252450404,0.08003676951780105,0.07773694385722994,0.07464597707531098,0.08053734540312102,0.07700832397313656,0.08302242051106376,0.07782106846434389,0.07684480058924752,0.06012825786134094,0.08372277337284409,0.07461879949189239,0.0800022422396015,0.07387427764306607
9,9.0,4.2673862119061114,0.07995092659018418,0.07764764851282041,0.07450987507756521,0.08053992120007285,0.07684016782390098,0.08455997941071046,0.07790651146304287,0.0764787192810535,0.05847392175305316,0.08445895697280151,0.07428940749205087,0.08091259272675588,0.07343137169598785
10,10.0,5.138652627782014,0.08021026468228641,0.07803723471618208,0.07498487665795552,0.0804544856212715,0.07574105125785434,0.08566413143551557,0.07795780471443552,0.07632235157891684,0.057200131269312546,0.08492024378146289,0.07372664489169113,0.08150921003020689,0.07327156936290853
11,11.0,6.071405875792507,0.0797445465043429,0.07832996457560149,0.07488364321692743,0.08030625457548803,0.07485778647229759,0.08681193495256773,0.07825354139218313,0.07570844411974774,0.05632368138162525,0.08576248901739385,0.07379054468890664,0.08216155728721057,0.07306561181570745
12,12.0,7.060169740244025,0.07922000417115185,0.07855819202942917,0.07495620448620935,0.08025133247188336,0.07410300682623967,0.08765521400750845,0.0785040370853042,0.07534908025539931,0.05544257407527329,0.0865980438245097,0.0737011786405518,0.08292399823687678,0.07273713388966288
13,13.0,8.099455520847952,0.08014169151536221,0.07830210125029885,0.0752401401586845,0.08030505115309865,0.07353065986296402,0.08791190487794905,0.0778271537457598,0.07500669224255978,0.05422167018700264,0.08717794896904067,0.07418950469950017,0.0834009287350973,0.07274455260268216
14,14.0,9.183818168183006,0.0798010224697024,0.07932830080669245,0.07543645628247035,0.07971092890662723,0.07365319796486185,0.08868404745486402,0.07753615688614396,0.07446593135854931,0.05314327423019316,0.0879999452401163,0.07339597332879752,0.08442423683178844,0.07242052823919282
15,15.0,10.307906369102724,0.07940064839146913,0.08027615364646466,0.07544848216115389,0.07894456932407601,0.07261476809089107,0.08963597710830315,0.07672860586055719,0.07467544511396379,0.05259329191429218,0.08899563605910199,0.07325694133331,0.08519877885887486,0.0722307021375419
16,16.0,11.466506686239443,0.07861879263211013,0.07997314210940674,0.0753655892664503,0.07882859992212375,0.07204746740321835,0.09079635249774601,0.07661729356765268,0.07391718468173211,0.052192616501843744,0.09037010963392848,0.07362730695969068,0.08560091166400666,0.07204463316009015
17,17.0,12.654581904800096,0.07808377697636153,0.0802238379329281,0.07582209731856304,0.07828913484607856,0.0715577270314527,0.09138588792930953,0.07627057775868865,0.07363456433003138,0.05229409000429571,0.09134108165750024,0.07342187587650838,0.08582723868482522,0.07184810965345677
18,18.0,13.867303782456686,0.07739465908189051,0.0807673155219264,0.07599125492175009,0.07843561202844461,0.07189115085063538,0.09145119776976635,0.07575968823135512,0.07309760971271126,0.051923213830179275,0.09175063525708767,0.07361176463395802,0.08616711966133747,0.07175877849895768
19,19.0,15.100080434523047,0.07685046200478349,0.0801866609061211,0.07581176273148674,0.07812830097608742,0.07157256908086794,0.09270229143884971,0.07568061020282775,0.07265297800369294,0.05177592783215879,0.09266830173567386,0.07392847336200467,0.08663735755644397,0.07140430416900145
20,20.0,16.348578617037543,0.0761604369138769,0.08058227348063814,0.07574525215636921,0.07794068695555516,0.07052143705225707,0.0932593964987996,0.07570191889031266,0.072606058133891,0.051364473678279274,0.0936880601756445,0.07421083578317296,0.08690182926580689,0.0713173410153965
21,21.0,17.608741195130214,0.07550659878627546,0.08129656302388677,0.07576345989650644,0.0773944285736552,0.07024389767839676,0.09380789109100972,0.07539340383114261,0.0719839672882244,0.05092455591574606,0.0949401106920161,0.07392532186893296,0.08734855397313726,0.07147124738107016
22,22.0,18.876800103462312,0.07534223755504577,0.08150220497959823,0.07600915545830379,0.07678603861201505,0.07019957221609678,0.09367065134429517,0.07524427829310577,0.07149789811692135,0.051222328289038006,0.09604599231215598,0.07391921645558175,0.08728490197812432,0.07127552438971793
23,23.0,20.14928511992658,0.07491863059526178,0.08236341484609291,0.07648075249229246,0.07630024270858723,0.069386795243823,0.09451331901528263,0.07520772180416686,0.07099606336565012,0.05102716936745005,0.09612910967569815,0.07388448136877489,0.0875255922199624,0.07126670729695742
24,24.0,21.423028783545156,0.07489974337301401,0.08208456786360727,0.0766988417657968,0.0766972500751244,0.06900457381347942,0.09497360039609426,0.07517350733883497,0.07055221176983324,0.050924481356285786,0.0967776426515812,0.07393383511600228,0.08720366673786312,0.07107607774248316
25,25.0,22.695167792966423,0.07464440674436129,0.0820848527235338,0.07643408423998299,0.07636149772022653,0.06810753325318566,0.09526684048060408,0.07471365098901389,0.06980651072027927,0.05162108794591162,0.0979310834923617,0.0737132611082498,0.08852278128394711,0.07079240929834218
26,26.0,23.963141223515898,0.07460428318083276,0.0816907952258149,0.07636225356503966,0.075964515322663,0.06725471789203129,0.09545391928305669,0.07407616365258421,0.06993735279326115,0.0518273894131414,0.0989189694008703,0.07364939446620819,0.08852039311407074,0.07173985269042564
27,27.0,25.224685898775267,0.07454710872771143,0.0821906392630061,0.07615840416555802,0.07550064631584669,0.06735688722652072,0.09580422311917097,0.07396882161856888,0.0696826496593906,0.051946492993870205,0.0993875455223015,0.07328528681919781,0.08825404263672837,0.07191725193212861
28,28.0,26.477829247520948,0.07418754704668261,0.08228239240173844,0.07660744829520408,0.07559245611796152,0.06771143197944474,0.0954228668323645,0.07395564633402346,0.06982575797979795,0.0523358286261429,0.0991280107800825,0.07308911582922693,0.08822535730392382,0.07163614047340644
29,29.0,27.720879968916847,0.07435257262074133,0.08232024192010975,0.07707127328969202,0.07493958150267999,0.06783912245962682,0.09534782588846377,0.07370426631232818,0.0695525251422847,0.05235863766926963,0.09864550430051346,0.07301340472561527,0.08880252965154868,0.07205251451712634
30,30.0,28.95241681848399,0.0742427956865275,0.08198406800776337,0.07641475695793867,0.0746634958730708,0.06764728341910912,0.09586319654457427,0.07313269480119011,0.07042694966657981,0.052686998519531875,0.09917604902003774,0.07341869662473305,0.08859822130084703,0.07174479357809659
31,31.0,30.17127581490958,0.07390519801904716,0.08209730967542017,0.07618263258427921,0.07543776723616748,0.06729903421113552,0.09566779921273619,0.07231645100934062,0.0711053913610337,0.05293899473941669,0.09893409434651033,0.07346775697324115,0.08887093717078251,0.07177663346088922
32,32.0,31.376536153543515,0.07357933317992701,0.0819315209935185,0.07638720555712282,0.07563940986989169,0.06693093031184422,0.09601025039068413,0.07242647585250445,0.07133459906355105,0.05272589444102084,0.098802282926374,0.07376194889120118,0.08885423855718975,0.0716159099651703
33,33.0,32.567505096778625,0.07289747283834114,0.08214154172203296,0.07635913587354291,0.07513211427107776,0.06773090084368112,0.09569124053200785,0.0724135994356748,0.07152613784185707,0.053153709111407384,0.09820587477137116,0.07410869601204585,0.08876153700596753,0.07187803974099234
34,34.0,33.74370209472243,0.07281796932521094,0.08268396104743209,0.07611944522794437,0.07513281262553344,0.06803921980327235,0.0952335230931935,0.07184936692220081,0.07112520081585616,0.05373832409958231,0.09825453307501333,0.07454318954066409,0.08863439343352648,0.07182806099057004
35,35.0,34.90484237192463,0.07265511623966538,0.08292337852114925,0.07640362395746288,0.07515515031801907,0.0684361605200306,0.09527246346737796,0.07173989297140002,0.07111943995535719,0.05409965878351004,0.09762064472286527,0.07461104293650914,0.08869745275064075,0.07126597485601238
36,36.0,36.05082019768737,0.07318818696788995,0.08296174782489954,0.07594454792787111,0.07537990235671567,0.06809637667124291,0.09511350242900575,0.07160665036935249,0.0702989182526746,0.05427296071153956,0.09738831813106075,0.07499569343842054,0.0891282409745536,0.07162495394477347
37,37.0,37.18169203889697,0.07295096659017938,0.08268601074684093,0.07554117051089945,0.07546739074446623,0.06866076943118209,0.09531597877989259,0.07219287250781262,0.06992583466539971,0.054372370964535066,0.09743046048879232,0.07450671609785914,0.08904663067683456,0.07190282779530588
38,38.0,38.29765977559663,0.07278312541724463,0.08319917408686434,0.07570813453444152,0.0760150054199793,0.06913399639290524,0.09459611597739326,0.07195193939362815,0.06956766170750793,0.05462857774773425,0.09733624642047928,0.0744445197827099,0.08866878856358082,0.0719667145555314
39,39.0,39.399054140870355,0.07261623055765631,0.08299611060746243,0.07577966680697833,0.07559001143031405,0.06931474048053686,0.09445464295652176,0.07215086606092697,0.06980354817317659,0.05502154815542123,0.09772450306933662,0.07407524155704427,0.08887355876285,0.07159933138177454
40,40.0,40.48631852820801,0.07289314668788775,0.08307265240491285,0.07620577387191332,0.07495692445845462,0.06946184578711327,0.09425720961051877,0.07254829279686531,0.06933244032423638,0.05528048685046823,0.09809465325259314,0.0739011223524841,0.0887898173846282,0.07120563421792404
41,41.0,41.55999329152982,0.0726813831805352,0.08276135747947183,0.07576549447596445,0.07420970459017312,0.07029345552322573,0.09419176617486408,0.07297968231696461,0.06954272173835907,0.05593588000326897,0.0979834534779321,0.07397335010563766,0.08840326555671169,0.07127848537689145
42,42.0,42.62070064560415,0.07264441438634228,0.08229536622537403,0.07641820168963814,0.07364999991068516,0.07060709247756812,0.0941127375939599,0.07352830936865824,0.06927260166818466,0.056174978841833714,0.09846573014000472,0.07443580560481537,0.08743724602055142,0.07095751607238417
43,43.0,43.669130257815,0.07312444134513182,0.0825278600231445,0.0762958456212823,0.0739665310175819,0.07054901528623503,0.094421697066045,0.0732796585984413,0.06930967992035246,0.05600571106848541,0.09803574516406793,0.0744575580143712,0.08673913300161311,0.07128712387324795
44,44.0,44.70602560622662,0.07322621009109777,0.08243418539254267,0.076605720247691,0.07497364291988198,0.07000427545573451,0.0937162478383466,0.0736248181959567,0.06906128286952441,0.05588965282628988,0.09852401611461449,0.07402103346643585,0.08665452837073612,0.07126438621114793
45,45.0,45.73217116373481,0.07263253914300322,0.0820094344065839,0.07644781718794857,0.07555990219923643,0.06966027720269195,0.09372307589601342,0.07378025899843622,0.06914875110380833,0.05592787196280292,0.09867638333951935,0.0743968553579458,0.086449899934108,0.07158693326790183
46,46.0,46.748380453854836,0.07309986748198438,0.08161016587886105,0.07635163960327367,0.07535208187825032,0.06951329846210702,0.09354763250385333,0.07353669103958685,0.06872147992617914,0.056258686955744104,0.09951004301153991,0.07398513223105142,0.08707879905240405,0.0714344819751647
47,47.0,47.755485010424316,0.07348868453573336,0.08148999407901406,0.07647707339275565,0.0753079592994962,0.06932689688946087,0.09369633999489392,0.07327591702969564,0.06935921634936631,0.056268093443918525,0.09910719977488808,0.07365365917609328,0.08744236739549083,0.0711065986391932
48,48.0,48.7543242612326,0.07365782837703513,0.08137995279631445,0.07592702798981904,0.07484772605045506,0.06911131024484275,0.09408730840917513,0.07369270447204598,0.06970943743715534,0.056511940185190755,0.09901702671068784,0.07388402464722581,0.08726154628861624,0.07091216639143638
49,49.0,49.745736344347726,0.07340481618460029,0.08051576023359036,0.0768691764968895,0.07510982487421876,0.06878032542194862,0.09410683043653977,0.0734716101672516,0.06982140002932238,0.056300404852091666,0.09888461008917271,0.07423392524992725,0.08738452588186167,0.07111679008258533
50,50.0,50.730549855707864,0.07332105423681255,0.08082822132311088,0.07682663919907813,0.07480041287563674,0.06877506499460127,0.09465732911705117,0.07306041716962773,0.07003494183537803,0.05672864513997422,0.09859881038983814,0.0740923718463322,0.0865052327565446,0.07177085911601422
51,51.0,51.70957651737491,0.07400362439783745,0.08022844392202047,0.07657823988352533,0.0744984720440045,0.06830380400792818,0.09552462074742753,0.07304134949772303,0.07036217214608796,0.05649638778822363,0.09774949425261811,0.07396333223652872,0.08724057001283234,0.0720094890632427
52,52.0,52.68360474770151,0.07430942455493646,0.08149100438001831,0.07636738437812632,0.0742720921917357,0.0681467117997362,0.09511127999541176,0.07321742385000181,0.07032428802963432,0.05653355035698535,0.09714826827645917,0.07359819476351537,0.08769930284747209,0.07178107457596708
53,53.0,53.65339410751842,0.07455731293898198,0.08123346813242464,0.07717517440380228,0.07459305625556875,0.06732423068736668,0.09489598477526039,0.07326498768200437,0.07082467418625123,0.056550103593196274,0.09718692462362082,0.07347794211114879,0.08759787857395426,0.07131826203641947
54,54.0,54.61967059027847,0.07465643532551212,0.08167527640984075,0.07674287127699433,0.07423902879014434,0.06683286989187012,0.09468207855926516,0.07305886114585289,0.07074556213798346,0.056739497301399135,0.09718452209497012,0.07337340450458657,0.08819413213659484,0.07187546042498605
55,55.0,55.58312271885972,0.07444841210268573,0.08215397947586296,0.07628348081304119,0.07450755286709387,0.06701023910223719,0.094456439171764,0.07412332666961804,0.07044202130190805,0.05660488611939948,0.09736674732904566,0.07299118398305965,0.08835307871329308,0.07125865235099098
56,56.0,56.544398407394254,0.07480675628746088,0.08201428899064547,0.07609741824884055,0.07364395411231556,0.06683124798384363,0.09390085144586378,0.07467121515028108,0.07070297435024567,0.056711774362010775,0.09761695729719985,0.0721984414485679,0.08904263613063923,0.07176148419208553
57,57.0,57.504102543001395,0.07420480292668816,0.08255406765444605,0.07684466750513287,0.07326748455598757,0.0665073159712289,0.09355596503244334,0.07493014336294011,0.07007804723648112,0.056779921349560857,0.09780449075146205,0.07199604155779954,0.08928714300994249,0.07218990908588686
58,58.0,58.462795239617805,0.07377556173297299,0.08259441913526844,0.07741128843025623,0.07322360651760486,0.0666070807380036,0.093845341211868,0.07483127843120953,0.06966055155615485,0.05671691789874918,0.09797375595522814,0.07186105173230845,0.08889213274145807,0.07260701391891762
59,59.0,59.42099071417639,0.07442381932935777,0.08266800870199761,0.07733438249708552,0.07281519842508122,0.06665758938930365,0.09404804539904552,0.07522747481355754,0.06945917982507008,0.057042037677312786,0.09824654252743667,0.07167448811926154,0.08807004574579849,0.07233318754969159
60,60.0,60.379156734137354,0.07417101923258475,0.08193078022113982,0.07834043756321687,0.07285102536385467,0.06653487934731102,0.09312475463313136,0.07519480858037249,0.07073309636467376,0.056839897575777384,0.09794911257376022,0.07182566018016524,0.08817253234398013,0.07233199602003218
61,61.0,61.337714584760846,0.07364327567054521,0.08180039273270431,0.0793865961229464,0.07293327184145672,0.06683862510671673,0.0930734510618937,0.07489252293272491,0.07060674252578653,0.05684998190280359,0.0977849629849532,0.07175961968485248,0.08822422149233462,0.07220633594028147
62,62.0,62.29703950447439,0.07343883894045034,0.08176824898441795,0.0797573819833161,0.07310603682292256,0.06632181238182815,0.09236260237275387,0.07470976888256489,0.07111261004629506,0.056930444090970915,0.09844897371009917,0.07192264495924457,0.0882171645185746,0.07190347230656167
63,63.0,63.257461537171835,0.07289493391757781,0.08217039404755072,0.08047007237055197,0.07314416552870494,0.06618294443244031,0.09270087735286357,0.07512806434833792,0.07038282591415314,0.05704978528775717,0.09846856675102271,0.0722437760043282,0.0874100695538305,0.07175352449088084
64,64.0,64.21926675122782,0.0719866583622979,0.08233776180173061,0.08136134664508408,0.07295662484591214,0.06582307358599981,0.093238372551019,0.07513313947111419,0.06996550520614388,0.05745285773774568,0.09850367861222525,0.07206160640917415,0.0873079367144816,0.0718714380570715
65,65.0,65.18269877636592,0.07123438273103444,0.08338751989781229,0.0809280292947268,0.07254243117578002,0.06512568721846412,0.09407898003566706,0.07536147267036515,0.0696151233728858,0.05719223573993437,0.09967658402324411,0.07212998091361938,0.08740103667076596,0.07132653625570032
66,66.0,66.14796061122655,0.07111192426496728,0.08337367783485797,0.08120691696901522,0.07200528694890677,0.06496228863086526,0.09462920490194054,0.07502677019061436,0.06934349875788678,0.05716158788884152,0.09971688456579812,0.07239204927038698,0.0874690291548803,0.07160088062103877
67,67.0,67.11521665648885,0.07058523520564634,0.08322296052603209,0.08108058023645597,0.07181651914272279,0.06444040038317404,0.09539991969461854,0.07483051374063679,0.06923040612700138,0.05673475907444999,0.10121036819218877,0.07241777291799262,0.08754336582831508,0.07148719893076551
68,68.0,68.08459493066005,0.07059430493665238,0.08306778618600621,0.08104565941429367,0.07168191530966261,0.06446696412382487,0.09641294219874237,0.07423270305952494,0.06867729591943823,0.05651058091971291,0.10166892662503169,0.07184447721815464,0.08800276854434984,0.07179367554460557
69,69.0,69.05618942810752,0.06964297123052846,0.08326562112898356,0.08063335954791409,0.07238897708043823,0.06402290015921192,0.09614904902921975,0.0745575462731101,0.06823064367287213,0.056541068516881024,0.10160887191049091,0.0726942142379494,0.08783241615157135,0.07243236106082902
70,70.0,70.03006258152917,0.06956089430206418,0.0837954815256235,0.08159789097974121,0.0717856344509052,0.06399687933179572,0.09556470567914382,0.07452882747856886,0.06861684235798392,0.05640987441831901,0.10169361975510903,0.07239703821368078,0.08839399517028926,0.07165831633677545
71,71.0,71.00624779379335,0.0698244924599117,0.08374202622892936,0.08219515887265018,0.07156112464688347,0.06371044514283461,0.09522738249753823,0.07437652150912975,0.06849741369164843,0.05653978829119848,0.10133373015116834,0.07260212699364989,0.08839094711505163,0.0719988423994059
72,72.0,71.98475200689319,0.07054559283046564,0.08293196909505807,0.0823830935921245,0.07132286440103369,0.06339902127302248,0.09507968983636644,0.07385989552361641,0.06818090938635137,0.05634616894605408,0.10132797015900137,0.07292583895952871,0.09000177530122568,0.07169521069615153
73,73.0,72.96555827861411,0.06983176624656116,0.08399476316992195,0.08248507556899567,0.07093980879595171,0.06365996452710379,0.09511308363207752,0.073640234839844,0.06880914472063236,0.05622807826031051,0.10072693805876592,0.07282667819978432,0.08980262300553589,0.07194184097451517
74,74.0,73.94862834037681,0.07019000815696466,0.08381344517282388,0.08299374979288092,0.07050975413591884,0.06321963387196833,0.09574408928354322,0.07329256366660993,0.06855842417692168,0.05642006492419173,0.10052322901029323,0.07335963640749107,0.08947752317558567,0.0718978782248068
75,75.0,74.93390511255946,0.06990218028211469,0.08366727813926716,0.08309803561765777,0.07058675862941229,0.06341887784087626,0.0957816735925836,0.07237216768272607,0.06763798830161452,0.056535584698341614,0.10093665890291831,0.07380811051637748,0.09034724071467226,0.07190744508143793
76,76.0,75.92131515639825,0.06987694151118821,0.08376540072418817,0.08285962941488906,0.07140143120936647,0.0636080488724129,0.09651302948995767,0.07173208622871327,0.06715109575473685,0.05643815416899017,0.10061592890927859,0.07411581848130669,0.09036097518939955,0.07156146004557237
77,77.0,76.91077104428919,0.0696307583381412,0.08431218783400259,0.08264992412079646,0.07244810182876608,0.06385749430447568,0.09621031430846248,0.07139849554457675,0.06724006107452937,0.0561542000601135,0.10064024974662014,0.07465081898687559,0.08941291085548844,0.07139448299715176
78,78.0,77.90217363294813,0.06900495759675342,0.08434604130145021,0.08314090317927351,0.07265329015017338,0.06401716751125527,0.09631281716038648,0.07114362602896492,0.06703202137448161,0.05570254506613014,0.10102646028741735,0.07470546263962999,0.0892590493384043,0.0716556583656795
79,79.0,78.89541422641172,0.06969502776729901,0.08441669918366002,0.08317500903905709,0.07178487294039523,0.06423167093894097,0.0957309545896723,0.07103370801556384,0.0672345106061373,0.055824749989424556,0.10135068363770772,0.0744238933830399,0.09027319185606227,0.07082502805303988
80,80.0,79.89037661826481,0.06958337234788298,0.08481655734117752,0.08309118095759982,0.07110347817643939,0.06417517079419757,0.09667270190515413,0.07057080758955032,0.06711126158343267,0.05569415064210615,0.10146478223099101,0.07510326540432605,0.09024148060813043,0.07037179041901202
81,81.0,80.88693900474995,0.07000069376235103,0.08488741682164569,0.08257294015748441,0.0714748761927064,0.06494534883656104,0.09698367361771351,0.07068046964819721,0.06637885736874674,0.055521637321710574,0.10131461393117165,0.0750016873735048,0.08969998314303435,0.07053780182517264
82,82.0,81.88497576253909,0.07005532187631401,0.08430413943246147,0.08250845198781367,0.07107676408304225,0.06543221319471457,0.09627486085146211,0.07063600820978193,0.06609015291097889,0.0558268046290243,0.10082355145905683,0.07596465597639414,0.09038667959258948,0.07062039579636638
83,83.0,82.88435908692391,0.0704208724920676,0.0841195506656523,0.08247220983087752,0.07149824789788227,0.0654649323120553,0.09616331050042441,0.07105646217255815,0.06511086580010295,0.05569714045617033,0.1010362611764478,0.076514263712897,0.09020024530567004,0.07024563767719436
84,84.0,83.88496048800103,0.07063187338605187,0.08467688424637419,0.08225140291754768,0.07105883172780564,0.06548771233180538,0.09690977592076624,0.07094758156649458,0.06470249107313635,0.055718161836984414,0.10112038052637823,0.07671931470576848,0.08912569902982734,0.07064989073105968
85,85.0,84.88665214409042,0.07105207475874044,0.0849826447021917,0.08279517794733504,0.07166881337230606,0.06518298983998301,0.09659709270995613,0.07080001558385789,0.06452878318717832,0.05607852667892061,0.10111267294951186,0.07627661568744908,0.08865138616539724,0.07027320641717269
86,86.0,85.88930811312994,0.07054785526307619,0.08576844161985528,0.08284455636859099,0.07123610038215711,0.06508723308089719,0.09715290565320536,0.07094555879574205,0.06434144497876816,0.05612716079998116,0.10172837665996337,0.07569808070145898,0.08861424068475611,0.0699080450115481
87,87.0,86.89280540413424,0.07109694841614947,0.08618247193482487,0.08360146992927443,0.07109294326569496,0.06513023164778217,0.0968350470346954,0.07154030254274735,0.06401786569908871,0.05630921717823887,0.10134033612108084,0.07503476449589001,0.0887439309419536,0.0690744707925793
88,88.0,87.89702491199675,0.0717646318295015,0.08613768973611667,0.08301154157384244,0.07172957881570532,0.06511909659494668,0.09748058071369471,0.07155431872412557,0.06367849249318222,0.05596010825593371,0.10097976908718714,0.07513129370467872,0.0886839850782268,0.06876891339285848
89,89.0,88.90185221995306,0.07233135513367721,0.08536289768372189,0.08321684963929708,0.07181005457743327,0.06478007972973572,0.0975577179711608,0.07135669740195519,0.06450335717831038,0.05625801777664292,0.10123311228544138,0.07490644046829173,0.08830970954328572,0.06837371061104669
90,90.0,89.90717827491419,0.07263122567064005,0.0848533476163706,0.08345280076431766,0.07200293885273279,0.0647652967271522,0.09780809781059666,0.07108700254664745,0.06400074833117517,0.05608834767917814,0.1016747983241531,0.07446339945416987,0.08844201942411764,0.06872997679874863
91,91.0,90.91289994163006,0.07240978896228491,0.08434658294616597,0.0834183785636445,0.07198095612308189,0.06500279806248382,0.09837712688645238,0.07149990284473234,0.06361232901496054,0.05602771152852328,0.10149840355410275,0.0752766131691074,0.088042676903173,0.06850673144128716
92,92.0,91.91892044225806,0.07270720372465977,0.08462940430477373,0.08278528493752266,0.07199151177710841,0.06536109366642932,0.09810358292282946,0.07141858453264362,0.06350491812799688,0.055948197476467725,0.10082931308121566,0.07551102093855366,0.08819938138138196,0.06901050312841708
93,93.0,92.92514968840067,0.07292359217632562,0.0853208432872684,0.0829603129922389,0.07175623703515241,0.06479555423537031,0.0984022434071882,0.07125102031382868,0.06329780758644327,0.05565122800125808,0.10144386453202024,0.07529578802756356,0.08808325862818028,0.06881824977716197
94,94.0,93.93150451304501,0.0729540954468583,0.08486343285693161,0.08273765069550312,0.0725811372023575,0.06434567348784376,0.09888480724844555,0.0711875683353404,0.06371829785845688,0.05513768561712537,0.10115156044955638,0.07522631812714008,0.08784285295348397,0.06936891972095702
95,95.0,94.93790881009448,0.07248635732858308,0.08541189428709998,0.0827258213091234,0.07359538315523877,0.0638571179744789,0.09913539615177208,0.07048307069305948,0.06375184260678217,0.055351254541431465,0.10106432316662971,0.07503097516702785,0.08736793737928365,0.06973862623948943
96,96.0,95.94429358933806,0.07219581664009325,0.08582896814918785,0.08336813579305616,0.07314949181664705,0.06365212072513855,0.0985619287972647,0.07068056912799767,0.06402522405307552,0.0554865851149174,0.10158166171193267,0.0742939066287402,0.08777645849565381,0.06939913294629513
97,97.0,96.9505969547639,0.07148454991342079,0.08562360046908205,0.08295276669715065,0.07295729267140248,0.06347395984273614,0.0981450977852299,0.07048013513761248,0.06494971238833297,0.055213727253538146,0.10110948233774648,0.07368892709471044,0.08908579466907633,0.07083495373996111
98,98.0,97.9567640140995,0.07180009980892808,0.08484571046240817,0.08338223188021754,0.07274463898375338,0.06369409883896386,0.09770790793077876,0.0699129881497726,0.06596197971150425,0.05530182263858959,0.1006421636392246,0.07335645468998003,0.08967522921173988,0.07097467405413922
99,99.0,98.96274672736057,0.07135117610896664,0.08511890288642233,0.08279080829810444,0.07340866229544973,0.06421118576319407,0.09716853045745277,0.0695321709610385,0.06600773001033662,0.055004246984680524,0.10052940955681018,0.07323212072548758,0.09020943403153953,0.07143562192051706
100,100.0,99.96850370202192,0.07113101469720341,0.08482555078538047,0.08282696411280263,0.07342424290312607,0.06392102960760937,0.09674491100811189,0.06916077639494103,0.06660658614952157,0.0546071733206591,0.10061826160171033,0.07312922098173456,0.09142951996835845,0.0715747484688411
101,101.0,100.97399994219691,0.07086269600050979,0.0842459376821802,0.0829532399730853,0.07353528067757899,0.06401070072811381,0.09675722541353031,0.06961822192946024,0.06679358542504385,0.054252127308039653,0.10108587339767411,0.07323939757385772,0.09139236350658744,0.07125335038433857
102,102.0,101.97920655893245,0.0710306213424803,0.08483951345440471,0.08295233241609959,0.07327297515692971,0.06374260705151476,0.09680548965486092,0.06972168893669736,0.06658108146863781,0.053882967549616634,0.10128071111998982,0.07348868537405896,0.09105296364506342,0.07134836282964599
103,103.0,102.98410044840509,0.07067535436608083,0.08506776765092594,0.08261944212954515,0.07238814582137694,0.0635498112032199,0.09694488016529278,0.06969650321154475,0.0666819426294904,0.05348515699262867,0.10240711173125869,0.07336874017576739,0.09180992527535108,0.07130521864751743
104,104.0,103.98866394444643,0.07100289441015877,0.08492499434742852,0.08229579962315565,0.07230336707237556,0.06309878241119148,0.09797638144403019,0.06945461129377453,0.06683769269002636,0.05390764640327754,0.10146994714729189,0.07362143530058823,0.09177896543262315,0.0713274824240781
105,105.0,104.99288445143917,0.07219801834643678,0.08557992357967113,0.08307580893356951,0.07180139263067695,0.06302206861811148,0.09766502407113886,0.06880261444157448,0.0671978775075976,0.053844525163373805,0.10148768677893179,0.0731071190027437,0.0911047054551119,0.07111323547106196
106,106.0,105.99675406321822,0.07175107376650113,0.08559847781284252,0.08230377739062855,0.07256797930632744,0.06285517461821678,0.09835330846612524,0.06873585265488227,0.06730184546896366,0.05359922348295109,0.1016015295259317,0.07302649801901975,0.09061065976028593,0.07169459972732391
107,107.0,107.0002691731872,0.0715900680951454,0.08553541011943232,0.08287859891325852,0.07176314392210488,0.06285356687027431,0.09817891233210968,0.06914737936531207,0.06752638591597493,0.05405965168929762,0.10054187088221646,0.0729944100588004,0.09164261702406837,0.07128798481200505
108,108.0,108.0034300804274,0.0707881618335397,0.08528192132151435,0.08345676058484294,0.07152489595871511,0.06255595812276954,0.09771889505487746,0.06894824430481444,0.067966157843437,0.05421861713438869,0.10028287140163973,0.07344360564862755,0.09210369899937385,0.07171021179145966
109,109.0,109.00624059613932,0.07091225941489736,0.08485554707483736,0.08381752119617034,0.0707192264212023,0.06279249143005279,0.09760713464640249,0.06852688649748584,0.06852897144133759,0.05436260581347731,0.1005452654453324,0.07247919224197759,0.09294955282082684,0.07190334555599984
110,110.0,110.00870765431864,0.07064807070251986,0.08454519584590073,0.08413642514365241,0.07025151596026327,0.06334981828781312,0.09625688076088952,0.06889251437713165,0.0690534504399712,0.0544320209347155,0.10049913443145182,0.07262758587548161,0.09270057921043975,0.07260680802976958
111,111.0,111.01084093013685,0.0700488766716813,0.08479023393061452,0.08391149306146571,0.06917815447163736,0.06435852932129485,0.09768330822210688,0.0696696769640582,0.06858776429062573,0.05456351444802803,0.10014679007407053,0.07296407273179327,0.0917989974240872,0.07229858838853645
112,112.0,112.01265246907188,0.06948452442656065,0.08474562619206409,0.08365656121406928,0.06926105204236213,0.06408154102525934,0.09890563673537163,0.06984558264733517,0.0678896552823342,0.054548891034600824,0.1001332987287701,0.0729427841813976,0.09266431447566806,0.07184053201420697
113,113.0,113.01415632942268,0.06904920671843592,0.08460998656210074,0.08451159754561818,0.06906895249521737,0.06477193440320309,0.09914325354941814,0.07014652765138152,0.0676317042096319,0.05487698395154553,0.09908645449364252,0.07285882569349993,0.09252642500849848,0.07171814771780674
114,114.0,114.01536824044418,0.06842922784659164,0.0844174067774815,0.08479050289149653,0.06951097546298438,0.06444562404949371,0.09905450831378566,0.06959695158969373,0.0677368895511428,0.05496413076087423,0.09957167197046987,0.07297256771964242,0.09234599353558345,0.07216354953076008
115,115.0,115.01630527795908,0.06901755685982558,0.08417673370408574,0.08513513035399482,0.06906737505441943,0.06435189394342997,0.09946589376612207,0.06951360878467154,0.06725582762058684,0.0548175282030727,0.09964696033876402,0.07340626256528804,0.09228167422373301,0.07186355458200629
116,116.0,116.0169855589429,0.0685375776482846,0.08437820587851702,0.0852483795387568,0.06905977279758017,0.0641519739924771,0.09961344042090921,0.06946099908141674,0.06734492043592254,0.054562340701413144,0.09946535927505185,0.07366675634374291,0.09237782850209751,0.07213244538383046
117,117.0,117.01742795623892,0.06825176842620596,0.0845561014147586,0.0843704583777522,0.06933825878842997,0.06397324739009855,0.10010439105772997,0.06904750885203981,0.06806533005931319,0.05493957014150743,0.09906613248966405,0.07401969079558801,0.0920992411975166,0.07216830100939567
118,118.0,118.01765183424293,0.06818192212310865,0.08523343746063952,0.0839444596712193,0.06984587347035846,0.06354819478389893,0.10067105033669323,0.06946391811420904,0.06771761361939706,0.055046073107335655,0.0986501030060418,0.0741888936059039,0.09153472606396547,0.07197373463722899
119,119.0,119.01767680610413,0.0692333010030987,0.08528213702387229,0.08370265952712924,0.06971560557643965,0.06396637994122067,0.10093025798866392,0.06917022018773238,0.06765879621396043,0.05467983621052852,0.0984889012177431,0.07347226275097435,0.09147733879701697,0.07222230356161974
120,120.0,120.01752251271817,0.06909603801096557,0.08524387401157674,0.08395656771081288,0.0697116889677735,0.06467057581689248,0.10094116363907957,0.06957193059242803,0.06714090893634585,0.05474829072173715,0.09874834047068225,0.07314216013944665,0.09117913281293072,0.07184932816932858
121,121.0,121.01720842354362,0.06918046172284706,0.08648869657119443,0.08413013737992288,0.07017176757284099,0.06418913081011292,0.10088988341282562,0.06885977255240225,0.06744449398054263,0.05521779933113443,0.0981522560839978,0.07297900139028736,0.0904149585918299,0.07188164060006169
122,122.0,122.01675365905109,0.06863068913874881,0.0864452017176075,0.0843081690173997,0.0700278374432766,0.06437579257283592,0.10069800191966176,0.06962271129815183,0.06769770884300579,0.05514167065915781,0.09761843929460677,0.07314675851717235,0.0901980220175648,0.07208899756081029
123,123.0,123.0161768344173,0.06875196451232811,0.08710106310995058,0.08384965115597291,0.06946076322599891,0.06451391476028957,0.10020986279647183,0.06989978351782009,0.06729056444639481,0.055212310352992434,0.09820895284679707,0.07331597511240494,0.090657929524401,0.0715272646381777
124,124.0,124.01549592390272,0.06821276249277168,0.08707001366960582,0.08423071551407295,0.06944584700963678,0.06414277958974758,0.10033714893475469,0.07018085366233624,0.06748789010797071,0.05515613308814239,0.0980522252080296,0.07360138216025869,0.09040881837814585,0.071673430184527
125,125.0,125.01472814520056,0.06925391600958936,0.08703095567853694,0.0841252437127734,0.07013973943685631,0.06379447636814105,0.09986389910236085,0.07067416384132436,0.06712999871132909,0.05522205415375217,0.09638886389315257,0.07419652229241233,0.08953082578970145,0.07264934101007013
126,126.0,126.01388986291661,0.06863102145961084,0.08683414966079464,0.08380881028471263,0.07011566612229778,0.06370239300452517,0.10038840433251342,0.07133323783264828,0.06738087195699699,0.055602046661530936,0.09658730536902896,0.07396394568860759,0.08964095467444431,0.07201119295228842
127,127.0,127.0129965102319,0.06844067092503614,0.08601423749296641,0.08450963770641456,0.07053566252578944,0.06289924404313822,0.10053288006227044,0.07072957752138682,0.06706428872766573,0.05557115761380936,0.09786189647682347,0.07390326316902943,0.09001148998275366,0.07192599375291625
128,128.0,128.01206252771334,0.06826101821153276,0.08698518166506827,0.08486158104742264,0.06981862510779788,0.06254874566237602,0.09977985491373435,0.07073588346334747,0.06729408202791944,0.05548109954159764,0.09885786022901887,0.07304522861076904,0.09029606445028429,0.07203477506913132
129,129.0,129.0111013181695,0.0683993466101299,0.08761739709179424,0.08520545173099316,0.06968497227341856,0.06253549431820703,0.0988916339253628,0.07086337746271454,0.06773508311909544,0.05559894163528236,0.09947448471600863,0.07265071707191353,0.08989924314172254,0.07144385690335725
130,130.0,130.01012521639834,0.0679144905481064,0.08825924138458963,0.08471569377003227,0.06990295681287527,0.062409024892517734,0.09853920681380289,0.07056560534422113,0.06717337963528972,0.05538208405394886,0.09907406389425505,0.0732991725369426,0.09114551761337134,0.07161956270004713
131,131.0,131.0091454726403,0.06766969228705849,0.08823832383253508,0.08462213382308645,0.07056335494923176,0.062489483396189864,0.09731315399227163,0.07023343613234581,0.06682501688116581,0.05534864772104713,0.09929341071399124,0.0735726094726072,0.09191312586710677,0.07191761093136277
132,132.0,132.0081722485317,0.06777428870447348,0.08758133541786411,0.08448051202930104,0.07065006014029525,0.06283793010277977,0.09767278542600673,0.07111719299375129,0.06643346113632369,0.05571943739582908,0.09875507559750332,0.07406833736477082,0.09136559533908266,0.07154398835201878
133,133.0,133.00721462434865,0.0681832327811577,0.08787249780240163,0.08400154569772421,0.07160865624917619,0.06229725865431707,0.09792298356424621,0.07182201603712614,0.06587878230712366,0.05541599548571528,0.09849497922867839,0.07415301366389329,0.091007334445703,0.07134170408273728
134,134.0,134.0062806163404,0.06779852552487817,0.08803038969810568,0.08442310142279133,0.0720516096880989,0.06249044996274446,0.09772138381540046,0.07201246091828914,0.06627295950076606,0.055585951013385614,0.09767253739221923,0.07482950346140742,0.09084829034154615,0.07026283726036742
135,135.0,135.00537720296956,0.06772056694344782,0.08834847729021672,0.08487984200246049,0.07229649287979124,0.06221619702530206,0.09767157042264583,0.07159348396851835,0.06634122149636684,0.05540097943395806,0.09904436831064463,0.07391934238729345,0.09012424825715612,0.07044320958219842
136,136.0,136.00451035890612,0.06704729876113664,0.08813154943902374,0.08503246213795711,0.07233305367490586,0.06259058621069541,0.09773038230751349,0.07165456292456518,0.06568642933507686,0.05567577238367821,0.09958778761032516,0.07402480257287476,0.09056677991732939,0.06993853272491822
137,137.0,137.00368509565993,0.0663512858283763,0.08772102955765715,0.08602706518756546,0.07262547280699239,0.06281339556843223,0.09728645233681561,0.07143102862214522,0.0650956329981936,0.055856283592593176,0.1003421390326089,0.07352866694148472,0.09034293767253895,0.0705786098545964
138,138.0,138.0029055077818,0.06588437503813711,0.08806932082665962,0.08567143780511459,0.07223023457743159,0.06349022586695811,0.096619510759081,0.07186412780147017,0.06505673754834794,0.056182948587464546,0.10112857856506208,0.07277984015913902,0.09105635095238622,0.0699663115127481
