,Unnamed: 0,Generation,Intertwine_two,Add_vertex,Delete_vertex,Invert_path_vertices,Insert_inside_vertex,Delete_inside_vertex,Replace_inside_vertex,Donate_between_routes,Trim_one_terminal_cb,Grow_one_terminal_cb
0,0.0,0.0,0.09999999999999999,0.09999999999999999,0.09999999999999999,0.09999999999999999,0.09999999999999999,0.09999999999999999,0.09999999999999999,0.09999999999999999,0.09999999999999999,0.09999999999999999
1,1.0,1.0,0.11761416521333648,0.08936597588702391,0.07684473673536106,0.11176732350965346,0.09891057109378583,0.10498088573217017,0.1091239938281812,0.08997701085775858,0.1023142539904969,0.09910108315223194
2,2.0,2.0,0.10366096076125042,0.08389303038525825,0.0643277421486713,0.11024485299624373,0.10301590678912595,0.10414914426673047,0.11229367743101606,0.10466863180750854,0.10942424115378473,0.10432181226041011
3,3.0,3.0,0.10577234430918556,0.08679149082059848,0.07749253547625248,0.11358066430283012,0.10394746146864287,0.1080170596332071,0.10667070773752896,0.09008011028115477,0.09361628448528397,0.11403134148531521
4,4.0,4.0,0.10581191198657809,0.09397897833891264,0.06330679964588883,0.11937378735285464,0.09379286982987885,0.11631372748699424,0.10935382533518187,0.08982642303380066,0.10133643705208281,0.10690523993782683
5,5.0,5.0,0.11625764493048811,0.08220505776903442,0.07502467814851539,0.11167283661098763,0.10453029892335379,0.10360960357843112,0.10419062601463429,0.092720546061946,0.10293355976240104,0.10685514820020774
6,6.0,6.0,0.1015768780694694,0.10253693913230073,0.07261748619336802,0.11051727161458891,0.10976487634732753,0.09757719293296865,0.10472016765642614,0.09029578276524056,0.10500495390644224,0.10538845138186728
7,7.0,7.0,0.1086736044596599,0.09238311636851765,0.07848337078010499,0.09515214706635902,0.09884405110208987,0.10963482290413387,0.11065434787898039,0.1044248941007186,0.10636152297542778,0.0953881223640075
8,8.0,8.0,0.10993635405432649,0.08148531517453214,0.0682630611400327,0.09408894342257189,0.09226541111789352,0.11404501862813472,0.12206111346575152,0.09106293527982974,0.11718847599849269,0.10960337171843404
9,9.0,9.0,0.11472085101637994,0.0889871280093528,0.07730102026503313,0.09934600746590119,0.09378339693114543,0.10980940585767307,0.10223793923139124,0.1113194770233675,0.10524305803359382,0.0972517161661614
10,10.0,10.0,0.08849015874446833,0.08695184105401785,0.05926673239436183,0.10918748493430427,0.09411876344680349,0.12980516964317118,0.10658550569113574,0.10637590484251029,0.10897296965187615,0.11024546959735033
11,11.0,11.0,0.10803481017256696,0.08851621715551113,0.05606463471990943,0.11151497571401119,0.09633488629531547,0.1168743634550585,0.10309471220581135,0.0837472567015216,0.12977192186767636,0.1060462217126175
12,12.0,12.0,0.09696940528009351,0.08975001883465253,0.07334608013100694,0.10454673449520524,0.09382381584727009,0.12749939564718718,0.10752661537419539,0.09420980434240546,0.11749755885201023,0.09483057119597299
13,13.0,13.0,0.10843359988719899,0.08607341020738282,0.06996698207711796,0.10879771423469356,0.08998235982925826,0.10420724360795457,0.1062976286617299,0.09489355168679434,0.12364363600253633,0.10770387380533275
14,14.0,14.0,0.11378707767246965,0.08726719672655546,0.06290338700877932,0.09571387677538566,0.0962534453975374,0.11269689741692354,0.10853077504143456,0.0965993881437657,0.13088078247353324,0.09536717334361507
15,15.0,15.0,0.10276439477945079,0.0918506182533096,0.055252080077512845,0.09853186836052012,0.09131745974383826,0.11998860577228357,0.10004003219334912,0.10408159416759957,0.13025115268243345,0.10592219396970219
16,16.0,16.0,0.10557188889871624,0.08234735178345079,0.07390704119387341,0.10791026534234227,0.10312842057932876,0.11314010431894769,0.10329217033026059,0.08607915864929123,0.12077983398256534,0.1038437649212233
17,17.0,17.0,0.10468296453221129,0.07793858076618056,0.07109036968806157,0.10822599902220567,0.08839800940622708,0.12597622399084135,0.09905352271733411,0.09737904833363858,0.12779390644392308,0.09946137509937623
18,18.0,18.0,0.101373393314416,0.07967939744264485,0.06872241922616454,0.09618250081331683,0.0821347462499686,0.12269957081592467,0.10268856539396058,0.10559228525285538,0.13239703249754825,0.10853008899319985
19,19.0,19.0,0.10418612317016145,0.08582361065631743,0.06324681327091139,0.08928795223710595,0.09897229817412707,0.11864483854826946,0.10887551213029259,0.09876078700828424,0.1333635464363668,0.09883851836816314
20,20.0,20.0,0.09448210947290725,0.0799354503339281,0.06050041743125141,0.09923105049845866,0.08689142392226029,0.12370925285263505,0.11907831151202816,0.10645863671404576,0.12328279925081775,0.10643054801166711
21,21.0,21.0,0.09956385941607804,0.0927468404773762,0.06049322003049392,0.09640883047518702,0.10172162823796171,0.11503718950937245,0.1040697456356912,0.09941747347379476,0.12394936156859873,0.10659185117544553
22,22.0,22.0,0.10225899490377191,0.08555038219015311,0.06518576509319227,0.09812201184700726,0.09715524218779768,0.10371451515172034,0.12366594753028144,0.08625050497333184,0.13306234815625334,0.10503428796649036
23,23.0,23.0,0.09867440055132985,0.08961451738986018,0.0796365767247462,0.0941763230342741,0.08349227389605675,0.13628220550125722,0.10562333822797565,0.08853146619554317,0.12491432011236414,0.09905457836659223
24,24.0,24.0,0.09532179572846333,0.08968465470590563,0.07026816620605354,0.09289508287572336,0.076983702759828,0.13920327033685612,0.12047201007428834,0.09635710870280638,0.11758742273124793,0.10122678587882694
25,25.0,25.0,0.09543540537236571,0.08043907505806758,0.06289260179360567,0.10047017281508586,0.08585498525969584,0.13252067470670154,0.1029569920820403,0.10896091744509709,0.13114553613956437,0.09932363932777562
26,26.0,26.0,0.09927740230763252,0.08715448005240473,0.07997573648619105,0.08510345628767982,0.09092889888602121,0.11947098829020145,0.10826303431757153,0.09878940111119043,0.11522759557712667,0.11580900668398006
27,27.0,27.0,0.09947262743146225,0.09624101304905233,0.0638723002218369,0.10042078246534532,0.08936501080095344,0.10258840786076624,0.1063476147734411,0.10186770609627824,0.13385347273446815,0.10597106456639556
28,28.0,28.0,0.1068207520471998,0.08871938453654474,0.06575559458833899,0.09085402414419556,0.09395460633699895,0.1249888908035777,0.10042221918289489,0.09038541771459777,0.1260079051705677,0.11209120547508344
29,29.0,29.0,0.09325114576167737,0.08734349079110511,0.05274686305363726,0.09989642718740181,0.09106235488873123,0.1277091670622505,0.1129300476762711,0.08726620302084862,0.1391032216577099,0.10869107890036653
30,30.0,30.0,0.0966068205980142,0.0852238357501379,0.06396377694687565,0.09974975306789804,0.08064754705922525,0.12628685917964605,0.10578310505268003,0.08985376619410775,0.13323581444899676,0.11864872170241794
31,31.0,31.0,0.10975189443356204,0.0832956008063535,0.06823867620895865,0.09959592795684462,0.08709828768319719,0.10966173372900281,0.1063947598171425,0.10040958889691295,0.13307141317878596,0.10248211728923924
32,32.0,32.0,0.10700235228713195,0.09771176400433045,0.06761556237014785,0.09136741212187464,0.08461909509695206,0.11961971721360923,0.09239053306132537,0.10027616917805486,0.12926373048357445,0.11013366418299866
33,33.0,33.0,0.1116019285742155,0.08491239991700554,0.059565894368973325,0.09937435661737112,0.09124368986320254,0.1368554391255266,0.1017112189274767,0.09203453346020778,0.12964309309720926,0.0930574460488112
34,34.0,34.0,0.1180333172454912,0.08009677857748274,0.07676092101034501,0.09186397872224686,0.07610151392013295,0.11615321072939788,0.12058748079050685,0.09017050003996799,0.1296096170768805,0.10062268188754753
35,35.0,35.0,0.10083950395303476,0.09413113623620804,0.06743817295264985,0.09449770405061755,0.08607969970531568,0.12027046683764657,0.1036560524748513,0.09644030558378246,0.13586815229984883,0.10077880590604449
36,36.0,36.0,0.10322008107535637,0.08209758572374297,0.07502161662569819,0.10381785437823585,0.08563340321574593,0.12361987863931742,0.11426734373987324,0.09351783419671306,0.11466532949287014,0.1041390729124464
37,37.0,37.0,0.09624776696364754,0.08062144077245581,0.060155352201195555,0.09727461777835814,0.09123747106869519,0.14389638684446732,0.10269095566950659,0.09745043832786823,0.1302398294801133,0.10018574089369184
38,38.0,38.0,0.10306599994130308,0.09018510150804213,0.06204196145556327,0.09797379917918785,0.07800433008341837,0.1313669025595559,0.103825356802465,0.1019944591535733,0.13301513398129233,0.09852695533559824
39,39.0,39.0,0.1109999502620771,0.08775602760121835,0.07447736371958649,0.08947010052107915,0.09467692397177026,0.13114115404657145,0.09817497219836575,0.09389630997572926,0.12834511299295498,0.09106208471064683
40,40.0,40.0,0.10101024558193583,0.06723797115855559,0.0701531499762982,0.10241485971734884,0.0893510024638873,0.12272762878972196,0.09196600530125229,0.1038608084476839,0.15027570484160913,0.10100262372170643
41,41.0,41.0,0.08983619262623069,0.09939052045171172,0.07651579750823749,0.08330762641401637,0.08086815652507981,0.1251425856069049,0.09815468046311347,0.09244405524621176,0.14461168099413999,0.10972870416435336
42,42.0,42.0,0.10178732533495585,0.07782997583177083,0.0634267152719932,0.10306868767553475,0.09170072178118215,0.13167354593212408,0.09101275987366535,0.10001324537783798,0.13174086211700872,0.10774616080392665
43,43.0,43.0,0.09868985880382389,0.086056252082547,0.05961765682998985,0.10291563186485297,0.08185893570293441,0.13461120300022358,0.09281233340348802,0.10174334699038298,0.13467320290946122,0.1070215784122956
44,44.0,44.0,0.10328028960947622,0.08735871499724482,0.06764697548621704,0.0876485988269605,0.07794091788461871,0.1373456278735254,0.09845274561378618,0.08963278980398545,0.1433258888589286,0.10736745104525658
45,45.0,45.0,0.09882767098696475,0.09223992330316626,0.061396330045342895,0.10126417976086954,0.09151594505920847,0.12656471691575458,0.10301890380604628,0.08984874465892681,0.13844574306994054,0.09687784239377939
46,46.0,46.0,0.1057348151862206,0.07232829401371153,0.0643161683569642,0.09456378510828556,0.07567976214157554,0.1375112589774282,0.11102066633827097,0.09560814801805806,0.1305020453748489,0.11273505648463593
47,47.0,47.0,0.11271412920926856,0.07848023606160515,0.061659575674423595,0.07954677090210391,0.07848259806775643,0.14069220093742524,0.11226554573521257,0.09523278070224327,0.12494096591382153,0.11598519679613935
48,48.0,48.0,0.09778359735685968,0.09178003215286287,0.06675548278003371,0.09312987354470922,0.08370058317376694,0.12726218100638173,0.10856211040650827,0.09215917737675937,0.13296430075003088,0.10590266145208675
49,49.0,49.0,0.10749971557605283,0.08890888570239253,0.061296948993718584,0.10661583203815458,0.09564299370385158,0.11446849848517102,0.09943521714501387,0.0849771209850604,0.1382639353321143,0.10289085203846984
50,50.0,50.0,0.0900428583843419,0.0940232448255212,0.06130970693120308,0.10528871328505829,0.08773492239936838,0.12822429302736343,0.10508594547893815,0.08697405404638145,0.13311584931282,0.10820041230900365
51,51.0,51.0,0.08960364841548198,0.08553225923580386,0.06632962618272083,0.0875378651421539,0.09512454567197066,0.1457674667178863,0.10354652650436542,0.09272587318712998,0.11833138552653917,0.11550080341594744
52,52.0,52.0,0.10446880206289819,0.08355924763113962,0.07159981702602533,0.0996550551880984,0.08012225065440878,0.13616160901750302,0.10923336393717306,0.0776553652379624,0.13176049604374643,0.1057839932010443
53,53.0,53.0,0.09929977760515807,0.08571829255019657,0.06752241549338438,0.08477102618655649,0.09740166069898261,0.1315626433786654,0.09577713587775713,0.08693744689850993,0.13127080144892844,0.11973879986186053
54,54.0,54.0,0.10477245533666113,0.08795147422375986,0.07216330821598382,0.10136360581688264,0.08574247978253538,0.11551806499297652,0.11126004112729652,0.08811789848936101,0.14032225718467656,0.09278841482986616
55,55.0,55.0,0.09544083850949132,0.08546588793380425,0.06803341093813572,0.08822950126025204,0.10099213106854463,0.12391837669001068,0.10208886951076564,0.09042850124999628,0.13485033337337654,0.11055214946562246
56,56.0,56.0,0.09655267395655567,0.08709745810526207,0.06877167134992429,0.09319763690392813,0.0907179656361782,0.13781212363503134,0.10389148326942366,0.0769263443685949,0.1436987511906151,0.10133389158448614
57,57.0,57.0,0.09809058909784982,0.08589526056698789,0.06554282535138577,0.09863846334580494,0.087448249449147,0.12743464037959004,0.09717777915823264,0.09812387752837055,0.14326711223514738,0.09838120288748355
58,58.0,58.0,0.09660981892087514,0.07899153946086812,0.07277682276393416,0.09672426638366247,0.08539853376711669,0.12576659515487273,0.12584319424342907,0.07962561798872965,0.13265585680847583,0.10560775450803564
59,59.0,59.0,0.10038593514104006,0.09363637630607814,0.07284382851340518,0.09831876865039015,0.09681305243036166,0.1236094755998993,0.10190239253268704,0.08360214957297399,0.12518396780069901,0.10370405345246503
60,60.0,60.0,0.08500517173127821,0.09096353714595981,0.08089518855952874,0.08902746427039375,0.08403034245689728,0.12800039620158726,0.1054476178780149,0.08402905648109973,0.14996839232270104,0.10263283295253874
61,61.0,61.0,0.09988123598352042,0.08493512861823438,0.07944636965873514,0.0883435424370039,0.08303072732248287,0.12823359382962354,0.0928393017821357,0.09248163631403813,0.14061841230897526,0.11019005174525018
62,62.0,62.0,0.10233857489004032,0.08466357732346527,0.06491524753737608,0.08346792986522407,0.082781645557266,0.11958180206605473,0.10583645988976206,0.09696449892532258,0.13895640281290528,0.12049386113258313
63,63.0,63.0,0.10751626344723575,0.08680734631722768,0.06944812438077463,0.09880915422211073,0.08036838107669594,0.13948823831662713,0.10324437246874633,0.08197211291408754,0.1346579877146358,0.09768801914185789
64,64.0,64.0,0.10273770773491946,0.0819113878762769,0.05565566673980108,0.10044525268133302,0.09113170100455421,0.13530460831541494,0.09964466317342,0.09268218697248096,0.13247306223322267,0.1080137632685764
65,65.0,65.0,0.08954569800601364,0.09746754999009262,0.07034890534173877,0.10768174875563814,0.06890675169237688,0.12248020104168937,0.10878227068851942,0.09345715307801238,0.13764083125060161,0.10368889015531665
66,66.0,66.0,0.10179472033017525,0.08483480019416306,0.07068372126672187,0.0932618346187791,0.08129362056224412,0.12930380758148288,0.10499765292356453,0.09247246107162474,0.13732731441447246,0.10403006703677146
67,67.0,67.0,0.0967600638491585,0.09219370598806344,0.06167536388463355,0.09381761234101696,0.08370130199345213,0.11767319056664469,0.10816175917487587,0.09990192421423336,0.1382970996563903,0.10781797833153066
68,68.0,68.0,0.09883940453143125,0.09292211442609302,0.06604152073291135,0.10219315023128209,0.07583849602420406,0.13384739458520295,0.10017263912878768,0.09172930788034787,0.14674099836279614,0.09167497409694317
69,69.0,69.0,0.10353322910267793,0.08056892054167962,0.05619560816425734,0.10144620767619313,0.0828733242145496,0.12606143839892736,0.10122064819668816,0.10200083246276888,0.14661247598889304,0.09948731525336452
70,70.0,70.0,0.09532655452802492,0.08564897006287356,0.0654314872296619,0.09237724306211,0.1000831207680837,0.13246989819354096,0.09974555947062264,0.09761483585395712,0.1345357587483283,0.09676657208279647
71,71.0,71.0,0.08807518013857801,0.09186946407302533,0.05157475573276719,0.08972456396656392,0.08433016034531282,0.1256808680144878,0.11021877126508599,0.0995338379438068,0.15199313626223915,0.10699926225813264
72,72.0,72.0,0.0979253422885755,0.09361638476536352,0.059659590028902774,0.10830788808036718,0.07446872687710245,0.12444077573903331,0.10801159713745537,0.10220125258645615,0.13485490486262958,0.09651353763411377
73,73.0,73.0,0.09560855728300831,0.08295509759604806,0.06453046144301856,0.09488929897644276,0.07637074260078512,0.13694150632880892,0.11413585334131686,0.10129051655745265,0.13539079374995608,0.09788717212316225
74,74.0,74.0,0.10312723766563185,0.09313253659255677,0.06253086560540397,0.08400824798890111,0.07183121380137707,0.14120995062606384,0.09442386650215061,0.09743004979036095,0.1325114769677746,0.11979455445977871
75,75.0,75.0,0.10062720931114551,0.07688286362099932,0.06555432947044551,0.10956278894844959,0.08016302698301975,0.1295253122415462,0.11542522258451511,0.09290054475926487,0.13248626633349672,0.09687243574711707
76,76.0,76.0,0.10925611628655792,0.09423792198595261,0.06452784421461777,0.09010174451556094,0.09093467889976573,0.1384823609328897,0.09949439726081742,0.08171750625865845,0.1293599326420578,0.10188749700312125
77,77.0,77.0,0.10428397216638349,0.09695382573565309,0.06728395989656966,0.08042305412905262,0.07923690899083219,0.1311115066392517,0.11432422312114117,0.08630296375870433,0.13862936420564706,0.10145022135676422
78,78.0,78.0,0.09712240203673175,0.08974508710619836,0.05438490386197732,0.08809192492962623,0.08892162028905012,0.13272676177664594,0.09951599093266734,0.09416512329662674,0.14996924612504864,0.10535693964542717
79,79.0,79.0,0.09953448787516653,0.08784682666088331,0.08049253358087419,0.10661342553371542,0.07821820328238827,0.1229980083812278,0.09884478580568928,0.08240407586439844,0.1283356480097788,0.1147120050058775
80,80.0,80.0,0.08383563588800744,0.0922021771753119,0.05227569974831282,0.10255682834085211,0.0853923857804066,0.13589292236483205,0.1096295432588078,0.08831625897663391,0.14003215510512362,0.10986639336171125
81,81.0,81.0,0.10018714624039031,0.09042318140087974,0.06321677695361812,0.1028144570921868,0.07846291497108746,0.13158969530562725,0.10281780609005602,0.09724616839898104,0.12725694749783553,0.10598490604933733
82,82.0,82.0,0.09534481670869684,0.10257760517715939,0.06276184585388536,0.09828561081408953,0.0772553068422767,0.13744737433233487,0.08669237537049053,0.08132884124921277,0.1457977068425391,0.11250851680931444
83,83.0,83.0,0.09562535866484914,0.09586138112761067,0.06336781662879232,0.10788396025452791,0.07548190310234613,0.13125904043093145,0.10344105784962758,0.09691828575663006,0.12768591278032998,0.10247528340435423
84,84.0,84.0,0.09254200162817286,0.08588776788995607,0.06086650687075958,0.09662067884620969,0.08973284195802525,0.14658551936539793,0.09366719631030122,0.09076656989597805,0.1416873491855986,0.10164356804960029
85,85.0,85.0,0.08028809863138772,0.08624740510604367,0.05514687894551797,0.11450395705287626,0.08645999835368436,0.14607204457171713,0.11333191689369329,0.09080739291994185,0.1282251177182435,0.09891718980689376
86,86.0,86.0,0.10422874758476777,0.098615745785592,0.06890503719399184,0.10796486117871991,0.08194218099045707,0.13121594982949109,0.10941120507321925,0.08335686822932074,0.12204724533243987,0.09231215880200001
87,87.0,87.0,0.09807419225929252,0.09223624139457656,0.0735714536665619,0.08352523945620101,0.07370692118466968,0.1422625844281714,0.09656968371042421,0.09855625966693307,0.140646141058828,0.1008512831743412
88,88.0,88.0,0.10545150275254037,0.09543311780352833,0.06710632661315225,0.09869989609762933,0.07995320557022696,0.13653297668863285,0.10287006917586283,0.0856206904522919,0.1256812461226386,0.1026509687234961
89,89.0,89.0,0.10699790404538183,0.08346262664297528,0.062439258279322986,0.09980697672265756,0.07639628280162297,0.1319074455439614,0.10789450138498458,0.09455737100579246,0.14396539994712396,0.09257223362617653
90,90.0,90.0,0.09988607083343927,0.07918843763679809,0.06207117330067322,0.10470139763170763,0.07519753601143365,0.14026356442977933,0.09970088054423983,0.1008334975624063,0.14102128378272766,0.09713615826679464
91,91.0,91.0,0.0804516791314279,0.09640188747708597,0.05905703952880179,0.1040821192252738,0.08818315777804558,0.13708955195986997,0.09995138745524411,0.09606994569645996,0.12552291787921238,0.11319031386857814
92,92.0,92.0,0.09506719498670582,0.09595242031803398,0.07407069678110531,0.09276728691601974,0.0831620709363792,0.13762981063826227,0.09712493419835425,0.09990662180115253,0.12897894966493242,0.095340013759054
93,93.0,93.0,0.09583551049155484,0.08724402454067527,0.059635253060315044,0.09238616501970512,0.07981548106502002,0.12717651976279326,0.10123736169302903,0.09152463899045805,0.14787690936350614,0.1172681360129428
94,94.0,94.0,0.08723870926102122,0.09423307909150731,0.07279806831968329,0.09910537240407628,0.07017925479312279,0.13750087011827308,0.11097608881725769,0.09233196509594013,0.13696272801330583,0.098673864085812
95,95.0,95.0,0.0968731750868665,0.08644870296195391,0.05978289525203738,0.11539802728636808,0.07760099255525099,0.13096204739446932,0.10923602679825677,0.0773248271720641,0.13728835051356145,0.10908495497917112
96,96.0,96.0,0.08956674762399755,0.0908889295714554,0.056770902540540166,0.08756821738589234,0.08512819820766031,0.12682316783102435,0.10772582257625123,0.0949396661413985,0.1537253280770442,0.1068630200447355
97,97.0,97.0,0.09152844151069398,0.09156873369894795,0.07682212059832591,0.08583920595664922,0.08194113400990514,0.1311219623283744,0.10725739774981442,0.10138925033112504,0.13301523600331785,0.09951651781284554
98,98.0,98.0,0.09524131111689829,0.08278052343743968,0.059422743218368344,0.10294018946429635,0.07739232936594616,0.14050681273866839,0.11008465339961486,0.10058828934519955,0.1318707614719348,0.09917238644163318
99,99.0,99.0,0.0983732131027489,0.09251697001577869,0.060434129217726285,0.10189281648912796,0.07830288933803348,0.1351749211191738,0.11554784254863246,0.08580424228118674,0.11881709733602504,0.11313587855156618
100,100.0,100.0,0.09401618026918253,0.09805186053363521,0.06361927413398102,0.09801890278621932,0.07340469738209247,0.14472089781790187,0.10489381358993274,0.08156939247341667,0.13421218855438893,0.10749279245924874
101,101.0,101.0,0.08444700779666511,0.07911026094092026,0.07647894786966518,0.10277864880642598,0.08094307766372119,0.15154887569898795,0.09658581686897594,0.10105813612537458,0.1302057374981526,0.09684349073111083
102,102.0,102.0,0.09716305810203239,0.09093391219187505,0.07036212329194683,0.10016788234322087,0.09941441520758747,0.12330666396905358,0.08785542808550266,0.09703621905662181,0.12230148233559565,0.11145881541656318
103,103.0,103.0,0.09739502318651923,0.1022687637025003,0.047684419948835835,0.09597179920142095,0.08484659578357887,0.12546971859107758,0.1260963898874886,0.08263200316976055,0.13433404287455314,0.10330124365426444
104,104.0,104.0,0.09404078323309711,0.07510931339304333,0.07926031450791303,0.09709192531615178,0.08371947646887265,0.141641604911991,0.09626087337845848,0.08716617348181369,0.12477009622361415,0.12093943908504443
105,105.0,105.0,0.08333865369658669,0.0988428275602969,0.06562960199468224,0.09821487347260882,0.08645924133089546,0.13551209325925015,0.09685911596309006,0.10011880209586473,0.13144010594547134,0.10358468468125318
106,106.0,106.0,0.1118003731922782,0.08171159273650755,0.06993572011127211,0.09474467525524749,0.08841156052910208,0.1177478847537103,0.08747866193742668,0.09788113192463602,0.1470428624964651,0.10324553706335396
107,107.0,107.0,0.08821510908626509,0.08139540043121898,0.05846521503932308,0.12072887203658653,0.10684554654289376,0.13309543439062038,0.09993660225108428,0.07894728445048543,0.1445532723337125,0.08781726343780952
108,108.0,108.0,0.1033660921828872,0.09348634192347394,0.07609767211123554,0.097158877130989,0.07802795761454975,0.13068750505677013,0.10351467184436516,0.09360457048919557,0.12081152161488655,0.1032447900316467
109,109.0,109.0,0.09755200211748705,0.09205682290289835,0.062338639838263724,0.08856442031327956,0.08236971033981588,0.12797588529139384,0.11872992797459148,0.08917617100856898,0.1378406784251326,0.10339574178856807
110,110.0,110.0,0.09990064338130455,0.09626972824964933,0.06516526418107853,0.09614531031136114,0.08672817731824255,0.14849935195582004,0.10258464131764271,0.0753254730347713,0.14303344448462724,0.08634796576550219
111,111.0,111.0,0.10908462688967654,0.10466358174397776,0.07619766879298823,0.08636736852288106,0.09803080984564082,0.12331208426169549,0.09665305199193971,0.09134731343201523,0.12359516042860115,0.09074833409058349
112,112.0,112.0,0.09779800258513899,0.0880489697793812,0.06537999591211775,0.1201703468619025,0.08522729477049733,0.13549662197774426,0.10695744598612159,0.09120657950316467,0.11482100746556781,0.09489373515836343
113,113.0,113.0,0.10315486193295842,0.09948911194732546,0.05575597750698698,0.0984208180537866,0.08197269931905884,0.13929454133064426,0.10685435081357109,0.09313306701047949,0.13262040567311492,0.08930416641207357
114,114.0,114.0,0.09618177054406239,0.09018903314501932,0.06305381231764264,0.09685090913921705,0.07857025606208767,0.13933123857455504,0.1189504590997551,0.09286958657375304,0.14406805005724801,0.07993488448665928
115,115.0,115.0,0.08742278394865657,0.09707406487675915,0.0696126598610084,0.08694952658765667,0.07475951685089524,0.14717061451519842,0.09701675740295919,0.09375344926159793,0.13109013509582218,0.11515049159944576
116,116.0,116.0,0.09326960628480631,0.08519643650231407,0.06790162719205768,0.09055261373987633,0.0821441200341593,0.13861777373070508,0.10640263786229331,0.08417052706456388,0.15091647251170778,0.10082818507751583
117,117.0,117.0,0.09240362390964861,0.08288309967709839,0.06246171002626638,0.1080962385144452,0.08195680524053248,0.13552746359339912,0.10018800953961923,0.09812718986416266,0.14421566885870812,0.0941401907761194
118,118.0,118.0,0.09378642945375391,0.0854436584674241,0.06087318223833362,0.09132251580399048,0.08210571028041033,0.12984435785926127,0.11613412164285404,0.09356974955111953,0.14381037272445488,0.10310990197839731
119,119.0,119.0,0.08685648849850369,0.09687290713158618,0.0654978936812958,0.08067346280416873,0.08814643539365179,0.13319672766779905,0.11124575276367552,0.09752060439560262,0.13062739953367566,0.10936232813004057
120,120.0,120.0,0.09726325914385853,0.0832141114298348,0.07108514547544763,0.11846544201624254,0.07693074826123943,0.13145719614551357,0.10104699029765392,0.08605556749270533,0.1227924981166761,0.11168904162082764
121,121.0,121.0,0.09899943659686528,0.08555701719286626,0.06466816837897917,0.10808883770530153,0.09295880676359682,0.12792510370671034,0.09778370700759614,0.09590556598498941,0.12613970911460676,0.10197364754848784
122,122.0,122.0,0.10330997839922391,0.10180511066849232,0.06320116914154483,0.10383301096945449,0.08227682888896506,0.14235383189081485,0.09801641703492321,0.07669011871866219,0.12759388599453556,0.10091964829338307
123,123.0,123.0,0.09575975710318635,0.07693549370602068,0.05745413428244852,0.1089136491266998,0.0720024451318816,0.1426172897580749,0.10630545733055949,0.09119127815137225,0.13874288073603436,0.1100776146737216
124,124.0,124.0,0.09209708289965934,0.09568108833748996,0.06003952502076254,0.09205943276013465,0.08942497109123368,0.12963506250422405,0.1034657891274402,0.09087573683649233,0.1497615635271538,0.09695974789540901
125,125.0,125.0,0.08462247040297435,0.09244131017777882,0.071932345915047,0.10172247703115386,0.07289034492679387,0.14267227134875998,0.09547628493011946,0.0882730157145897,0.1394555479715237,0.11051393158125869
126,126.0,126.0,0.07705397864191406,0.09175236701120196,0.06616250543325058,0.11547735373974703,0.07669701446652973,0.13565790591987364,0.09780285527361068,0.09659796187829083,0.14181455501885307,0.10098350261672806
127,127.0,127.0,0.08594529891869418,0.08177413571986528,0.06224423202906221,0.10192065332183002,0.07089312403708033,0.13931171727686426,0.11226524585171445,0.08604409242710985,0.14874157372305094,0.11085992669472795
128,128.0,128.0,0.09091268756214507,0.10401236082835634,0.0521935539360639,0.08465872354404566,0.08765247634891996,0.1338432658700926,0.11617151229637561,0.08641106924432687,0.1302631378038806,0.11388121256579287
129,129.0,129.0,0.09897057898851591,0.08657194715447472,0.05924353990185438,0.10287212698762078,0.08101531175045083,0.1329309108951148,0.0948302713680047,0.10485933876403745,0.13629834027152635,0.1024076339183996
130,130.0,130.0,0.11115938200681152,0.08526445993865386,0.07369981606635877,0.08226349604996328,0.09533989210843377,0.11896900290779829,0.1058538984288591,0.09174117560564365,0.14476160670034918,0.0909472701871281
131,131.0,131.0,0.09193511849960542,0.0908054577654628,0.08320447489562054,0.09927612069266653,0.08112390720018077,0.12750039671769012,0.09883054229647706,0.09176441942277318,0.13224399900253256,0.10331556350699048
132,132.0,132.0,0.08909655954631954,0.08590573069254923,0.06467225004589237,0.10101059171693491,0.07731524176333067,0.14140514994396194,0.10931406935996399,0.07288257873947354,0.1506960870613337,0.1077017411302396
133,133.0,133.0,0.1066210217107572,0.09627193993729134,0.07374143546669192,0.07658533460599856,0.07077608740385997,0.13575395511484734,0.10148353175741545,0.0856885948444898,0.1440102331927594,0.10906786596588854
134,134.0,134.0,0.09507633151498618,0.08968694563693178,0.06751027106744666,0.1005038547138863,0.07816679677803008,0.13342386980461265,0.09598754975547313,0.09974897904053205,0.13487592254433517,0.1050194791437656
135,135.0,135.0,0.09946972678195429,0.10936333743145987,0.06283758342591453,0.08778399590669869,0.10212278952560874,0.13755061293476473,0.09525940527035559,0.07995807261613028,0.12124240190910289,0.10441207419800991
136,136.0,136.0,0.10684444800481815,0.08090183072194038,0.06928258084494093,0.0943948273044438,0.07394475816151277,0.14459249054174422,0.10473141916302456,0.07403937300763312,0.14646995733171692,0.10479831491822464
137,137.0,137.0,0.1067300864228149,0.08727865590223664,0.07306502630356979,0.10255357655304667,0.06939266550745508,0.13505116582821838,0.10859609797344719,0.0794532971420912,0.13444939285042895,0.10343003551669068
138,138.0,138.0,0.0865146553702331,0.0948914042565802,0.0798095537254409,0.09167402531461966,0.07933868500928143,0.1273490695430582,0.09690157248039835,0.09359771322797675,0.130343660590368,0.11957966048204298
139,139.0,139.0,0.0949505146323268,0.09606631241234044,0.07133500325520188,0.08585465443029319,0.08498964842520199,0.13793235068292142,0.10162194987782411,0.08722633954442294,0.1286123039269786,0.11141092281248821
140,140.0,140.0,0.0965199627130205,0.08833394260267609,0.0664832578906316,0.09379765898491263,0.0974867057148062,0.12093416979331932,0.0977973047553758,0.07961273502981674,0.1552129103099427,0.10382135220549804
141,141.0,141.0,0.09046353543192989,0.08226376409961147,0.05206840652154164,0.11177160172537481,0.07504285973600514,0.14410624627270868,0.10588957316707918,0.09481044582832662,0.14689854316747822,0.09668502404994392
142,142.0,142.0,0.12798296334169382,0.09784412555050132,0.053996270462334864,0.09549045550323307,0.0826471769144974,0.13216623889459972,0.08452403761116203,0.09175143958659883,0.13047709868917162,0.10312019344620679
143,143.0,143.0,0.10127880788115913,0.09567999460987275,0.07053945803359418,0.08065870062062311,0.09886210825538486,0.12773312790869557,0.10030885036606285,0.0833759649635265,0.13144469040765464,0.1101182969534259
144,144.0,144.0,0.09739624800508115,0.094028298244788,0.0638473692780943,0.09311048746425703,0.06687399228514576,0.137726480587737,0.10733843755137,0.09768040465069223,0.13757429115634995,0.10442399077648412
145,145.0,145.0,0.09201856080646666,0.08612520636790182,0.05985732011963588,0.08534319223380064,0.06484004757083114,0.14616097396914843,0.09834297228400342,0.1111046944946559,0.1431575690736724,0.11304946307988317
146,146.0,146.0,0.10292922208487076,0.10164548732616921,0.06515210524113954,0.09750530142330278,0.0825660344506999,0.12827233635938423,0.10066575461458933,0.07740362767855148,0.14201352821504176,0.10184660260625063
147,147.0,147.0,0.09396759887808202,0.08282092672322605,0.07203105898248813,0.09965024283165748,0.07784829348896022,0.14281984666480582,0.0921900127430304,0.09898905983065498,0.13116277143878324,0.1085201884183111
148,148.0,148.0,0.09031464551838805,0.10761007346438467,0.07974535162470593,0.0756438410631091,0.08130931064881478,0.14171742210640337,0.09501759131706347,0.08244593965992868,0.1390629105138003,0.10713291408340123
149,149.0,149.0,0.09762202642925243,0.06934102896643689,0.07111969433742067,0.0949661869971992,0.0843083537501858,0.13653259942377294,0.12067436760697788,0.08111844580424113,0.14403966049913697,0.10027763618537558
150,150.0,150.0,0.0926274804732916,0.09778593837196611,0.06554289121251604,0.08974332762991064,0.06876737561658677,0.15329939347124152,0.09894189887298425,0.08151910374635717,0.14653149622255152,0.10524109438259395
151,151.0,151.0,0.10599032741106688,0.10156235240815845,0.07784622021218941,0.09659940518562035,0.08874230448825617,0.13503074549889052,0.08862278168887049,0.08354267401852353,0.13840018657830438,0.0836630025101194
152,152.0,152.0,0.09323003221607876,0.10857853171463142,0.06119188044079403,0.09495665618644313,0.0676634269077394,0.14072215456295445,0.10151165266514768,0.08907405880362043,0.1451699234182153,0.09790168308437493
153,153.0,153.0,0.09130609855344964,0.10415353662044771,0.06757119826919815,0.09297197320635321,0.0854694986317583,0.12514072364644824,0.11464037331549012,0.07930951608162484,0.15175583428809875,0.08768124738713048
154,154.0,154.0,0.10019338079183593,0.08744375882344535,0.07623458650481056,0.0895937695183047,0.08201336034284443,0.11834141294214573,0.09754522311350677,0.08961658339326832,0.1613905467855292,0.09762737778430852
155,155.0,155.0,0.08910664466238946,0.10488226014439388,0.06676222893628245,0.08030919726879313,0.07405130069479156,0.1323187043147977,0.10024961179157739,0.07482758255759758,0.16019370676226977,0.11729876286710668
156,156.0,156.0,0.09061425095078965,0.09831465962822863,0.06433159170565136,0.09292351784783301,0.08222571121787983,0.14415514995433437,0.11419697606113569,0.07782168821998267,0.13568249965881846,0.0997339547553459
157,157.0,157.0,0.0918271667766654,0.0857720259323752,0.07148576924085175,0.08145820372532867,0.06651521823991903,0.1377911961290349,0.10347869551026256,0.09817790249990452,0.174588371278708,0.08890545066694955
158,158.0,158.0,0.10359839752859981,0.10949942112773396,0.0723282685550502,0.09227558197903554,0.06479798571757378,0.13533569372812856,0.09926076877092063,0.07739576336734524,0.1392953715594426,0.10621274766616921
159,159.0,159.0,0.10665877682960098,0.09652591536526592,0.06801963393057135,0.07734097900841912,0.07713868005840367,0.14303212218023967,0.086768965023058,0.0732338644632283,0.15166769427403168,0.11961336886718091
160,160.0,160.0,0.0982143490484565,0.09255535543601591,0.06236060971696402,0.1089062523935963,0.07310971541004929,0.14590192263190113,0.08552604984467647,0.07248467778621928,0.14265298235922141,0.11828808537289921
161,161.0,161.0,0.08360176664547295,0.09369928957966944,0.056360026243592806,0.08981275897355652,0.0861891760142783,0.1511503145783305,0.08675659211791684,0.09289293533739337,0.14940401828421718,0.11013312222557156
162,162.0,162.0,0.1057761016096657,0.08129372921256063,0.07777928095786965,0.0742439844469648,0.08481712150544765,0.14257149934640465,0.08934446497776517,0.08786892654694156,0.1512508226445319,0.10505406875184783
163,163.0,163.0,0.09120032904387824,0.08737109803781215,0.06067452739306676,0.10311760807195565,0.08664032554108372,0.13850008768562846,0.10992761378293052,0.07835270889568609,0.14740432553754154,0.09681137601041642
164,164.0,164.0,0.10417177366829622,0.08628827170378385,0.05145568569360196,0.10838147906258824,0.08561700287679225,0.12603186913888717,0.08589354901241371,0.08271949064356834,0.1507657977424395,0.11867508045762834
165,165.0,165.0,0.09470636472159094,0.07906152751472686,0.06541123645662825,0.08891268725017142,0.07570071073389632,0.143691817662477,0.10314099531629695,0.08525876092414315,0.14495470071672215,0.11916119870334654
166,166.0,166.0,0.10004105089709651,0.09404548736115247,0.06508900278258478,0.08732134783693314,0.0944451129979176,0.13244127790511967,0.08991023901297018,0.08257244363266152,0.1357540445578215,0.11837999301574223
167,167.0,167.0,0.0999050774908489,0.09566499734137111,0.07885039105183009,0.11196430849160163,0.0770134862087307,0.12168688546053072,0.08255842042511712,0.08363269686280343,0.14496643833225803,0.10375729833490784
168,168.0,168.0,0.10130029747844234,0.10642038451657476,0.06410268300602816,0.09010496567697364,0.07769890060553392,0.13340653740146663,0.09459603516288348,0.08538781787845857,0.1280557262501933,0.11892665202344485
169,169.0,169.0,0.09407565584265944,0.09139995774447442,0.06762793838458536,0.08927203966939533,0.08242927953599259,0.1498161547864741,0.08165075473387319,0.08118597102808811,0.13770109534404082,0.12484115293041617
170,170.0,170.0,0.09704168266801497,0.09236958581962232,0.06805192028589059,0.08069657712660118,0.07825083451308104,0.13930095896385522,0.08708346452717583,0.09866530884466397,0.15060633186572964,0.10793333538536483
171,171.0,171.0,0.1153540787084449,0.08977430111231119,0.07823567173582044,0.08299910488288778,0.0786397317608298,0.12670735493762458,0.10903925443683274,0.0787454389384722,0.13829606410029274,0.10220899938648328
172,172.0,172.0,0.0870328899249265,0.0833051886835344,0.07822340933800108,0.11499271849950846,0.06566432416806281,0.14535225780918518,0.09941266575993352,0.06999142562714628,0.14624418065551223,0.10978093953418919
173,173.0,173.0,0.0808832739092752,0.097447780503686,0.07974173831746079,0.09015724859641236,0.06929656537979419,0.13891203224897436,0.11671809023839741,0.09097828983005699,0.13834992828415496,0.09751505269178731
174,174.0,174.0,0.08161913469640837,0.09533514516897737,0.0836058215491969,0.09759110167174592,0.06194929065164101,0.13741312248260665,0.10239973659708176,0.10069907573226296,0.1336970188041357,0.10569055264594285
175,175.0,175.0,0.09365128206078858,0.08598817929992716,0.07497611560678923,0.07889194723175537,0.07109940282934372,0.1428371352259421,0.10448349349462197,0.09773792908249682,0.14796151786982353,0.1023729972985111
176,176.0,176.0,0.11377415660240087,0.0833734691122585,0.06685182175890451,0.10427221795027339,0.08486111927234069,0.1334014211411792,0.09635138024401321,0.05883338825480403,0.14784436261996953,0.11043666304385566
177,177.0,177.0,0.08884488221677443,0.08485698091735586,0.06598785348601169,0.09996381003580262,0.07905400745227262,0.14949487218055915,0.10578718205960687,0.07991238702379723,0.1342868707107368,0.11181115391708221
178,178.0,178.0,0.0937296879140368,0.08151103894196329,0.06836901529728782,0.09528290984265425,0.07469155355509946,0.13101774095900745,0.0991553424382193,0.10187842665576599,0.13575403796894822,0.11861024642701692
179,179.0,179.0,0.10462879315960763,0.09813590358426168,0.055314315720094945,0.09379678237682373,0.07588090786836459,0.14837081169727445,0.10054397288465249,0.07159183231546648,0.13019180703657912,0.12154487335687443
180,180.0,180.0,0.10336285758549127,0.08949678671781972,0.05535165825880698,0.08853530943464652,0.07696207907055351,0.15560229782959553,0.10359578948801917,0.0788993079964587,0.1536930788209129,0.09450083479769525
181,181.0,181.0,0.09212075785289933,0.09911874872082524,0.06367840370684277,0.10728051037651987,0.0825745211698217,0.1325923621818638,0.1020958343664129,0.09058209088557351,0.13393832800053426,0.0960184427387063
182,182.0,182.0,0.1100050476101206,0.08673008940928965,0.07905675861124764,0.09691072981878372,0.06108775212167163,0.12303183487069443,0.11121739677475206,0.08587205388181623,0.14213422338201268,0.10395411351961097
183,183.0,183.0,0.07667146420290266,0.07213477900492411,0.0745693106602172,0.11330112995108724,0.08374142469663493,0.13412777385517685,0.09897561279208406,0.1048879711183783,0.1385753520271938,0.10301518169140036
184,184.0,184.0,0.09084245344565814,0.07686346258241405,0.07037512829270517,0.09046747822846576,0.07934865394301813,0.1409765532846947,0.12154383245257645,0.08823014208849775,0.13483948466963092,0.10651281101233848
185,185.0,185.0,0.08967516406697149,0.08724876539977902,0.06699037377327775,0.0981633335438213,0.08121727934595249,0.1584741825628349,0.09295525558961491,0.07791121681253209,0.14278279832064905,0.10458163058456664
186,186.0,186.0,0.09394023250499389,0.0739404389287446,0.05896075657403922,0.1107226245649158,0.07371463299311534,0.14015020330533906,0.10858630729211753,0.07794284787027388,0.14302376471569134,0.11901819125076887
