,Unnamed: 0,Total_iterations,Intertwine_two,Add_vertex,Delete_vertex,Invert_path_vertices,Insert_inside_vertex,Delete_inside_vertex,Replace_inside_vertex,Donate_between_routes
0,0.0,0.0,0.125,0.125,0.125,0.125,0.125,0.125,0.125,0.125
1,1.0,1.0,0.125,0.125,0.125,0.125,0.125,0.125,0.125,0.125
2,2.0,2.0,0.125,0.125,0.125,0.125,0.125,0.125,0.125,0.125
3,3.0,3.0,0.125,0.125,0.125,0.125,0.125,0.125,0.125,0.125
4,4.0,4.0,0.125,0.125,0.125,0.125,0.125,0.125,0.125,0.125
5,5.0,5.0,0.125,0.125,0.125,0.125,0.125,0.125,0.125,0.125
6,6.0,6.0,0.125,0.125,0.125,0.125,0.125,0.125,0.125,0.125
7,7.0,7.0,0.125,0.125,0.125,0.125,0.125,0.125,0.125,0.125
8,8.0,8.0,0.125,0.125,0.125,0.125,0.125,0.125,0.125,0.125
9,9.0,9.0,0.125,0.125,0.125,0.125,0.125,0.125,0.125,0.125
10,10.0,10.0,0.125,0.125,0.125,0.125,0.125,0.125,0.125,0.125
11,11.0,11.0,0.125,0.125,0.125,0.125,0.125,0.125,0.125,0.125
12,12.0,12.0,0.125,0.125,0.125,0.125,0.125,0.125,0.125,0.125
13,13.0,13.0,0.125,0.125,0.125,0.125,0.125,0.125,0.125,0.125
14,14.0,14.0,0.125,0.125,0.125,0.125,0.125,0.125,0.125,0.125
15,15.0,15.0,0.125,0.125,0.125,0.125,0.125,0.125,0.125,0.125
16,16.0,16.0,0.125,0.125,0.125,0.125,0.125,0.125,0.125,0.125
17,17.0,17.0,0.125,0.125,0.125,0.125,0.125,0.125,0.125,0.125
18,18.0,18.0,0.125,0.125,0.125,0.125,0.125,0.125,0.125,0.125
19,19.0,19.0,0.125,0.125,0.125,0.125,0.125,0.125,0.125,0.125
20,20.0,20.0,0.125,0.125,0.125,0.125,0.125,0.125,0.125,0.125
21,21.0,21.0,0.125,0.125,0.125,0.125,0.125,0.125,0.125,0.125
22,22.0,22.0,0.125,0.125,0.125,0.125,0.125,0.125,0.125,0.125
23,23.0,23.0,0.125,0.125,0.125,0.125,0.125,0.125,0.125,0.125
24,24.0,24.0,0.125,0.125,0.125,0.125,0.125,0.125,0.125,0.125
25,25.0,25.0,0.125,0.125,0.125,0.125,0.125,0.125,0.125,0.125
26,26.0,26.0,0.125,0.125,0.125,0.125,0.125,0.125,0.125,0.125
27,27.0,27.0,0.125,0.125,0.125,0.125,0.125,0.125,0.125,0.125
28,28.0,28.0,0.125,0.125,0.125,0.125,0.125,0.125,0.125,0.125
29,29.0,29.0,0.125,0.125,0.125,0.125,0.125,0.125,0.125,0.125
30,30.0,30.0,0.125,0.125,0.125,0.125,0.125,0.125,0.125,0.125
31,31.0,31.0,0.125,0.125,0.125,0.125,0.125,0.125,0.125,0.125
32,32.0,32.0,0.125,0.125,0.125,0.125,0.125,0.125,0.125,0.125
33,33.0,33.0,0.125,0.125,0.125,0.125,0.125,0.125,0.125,0.125
34,34.0,34.0,0.125,0.125,0.125,0.125,0.125,0.125,0.125,0.125
35,35.0,35.0,0.125,0.125,0.125,0.125,0.125,0.125,0.125,0.125
36,36.0,36.0,0.125,0.125,0.125,0.125,0.125,0.125,0.125,0.125
37,37.0,37.0,0.125,0.125,0.125,0.125,0.125,0.125,0.125,0.125
38,38.0,38.0,0.125,0.125,0.125,0.125,0.125,0.125,0.125,0.125
39,39.0,39.0,0.125,0.125,0.125,0.125,0.125,0.125,0.125,0.125
40,40.0,40.0,0.125,0.125,0.125,0.125,0.125,0.125,0.125,0.125
41,41.0,41.0,0.125,0.125,0.125,0.125,0.125,0.125,0.125,0.125
42,42.0,42.0,0.125,0.125,0.125,0.125,0.125,0.125,0.125,0.125
43,43.0,43.0,0.125,0.125,0.125,0.125,0.125,0.125,0.125,0.125
44,44.0,44.0,0.125,0.125,0.125,0.125,0.125,0.125,0.125,0.125
45,45.0,45.0,0.125,0.125,0.125,0.125,0.125,0.125,0.125,0.125
46,46.0,46.0,0.125,0.125,0.125,0.125,0.125,0.125,0.125,0.125
47,47.0,47.0,0.125,0.125,0.125,0.125,0.125,0.125,0.125,0.125
48,48.0,48.0,0.125,0.125,0.125,0.125,0.125,0.125,0.125,0.125
49,49.0,49.0,0.125,0.125,0.125,0.125,0.125,0.125,0.125,0.125
50,50.0,50.0,0.125,0.125,0.125,0.125,0.125,0.125,0.125,0.125
51,51.0,51.0,0.125,0.125,0.125,0.125,0.125,0.125,0.125,0.125
52,52.0,52.0,0.125,0.125,0.125,0.125,0.125,0.125,0.125,0.125
53,53.0,53.0,0.125,0.125,0.125,0.125,0.125,0.125,0.125,0.125
54,54.0,54.0,0.125,0.125,0.125,0.125,0.125,0.125,0.125,0.125
55,55.0,55.0,0.125,0.125,0.125,0.125,0.125,0.125,0.125,0.125
56,56.0,56.0,0.125,0.125,0.125,0.125,0.125,0.125,0.125,0.125
57,57.0,57.0,0.125,0.125,0.125,0.125,0.125,0.125,0.125,0.125
58,58.0,58.0,0.125,0.125,0.125,0.125,0.125,0.125,0.125,0.125
59,59.0,59.0,0.125,0.125,0.125,0.125,0.125,0.125,0.125,0.125
60,60.0,60.0,0.125,0.125,0.125,0.125,0.125,0.125,0.125,0.125
61,61.0,61.0,0.125,0.125,0.125,0.125,0.125,0.125,0.125,0.125
62,62.0,62.0,0.125,0.125,0.125,0.125,0.125,0.125,0.125,0.125
63,63.0,63.0,0.125,0.125,0.125,0.125,0.125,0.125,0.125,0.125
64,64.0,64.0,0.125,0.125,0.125,0.125,0.125,0.125,0.125,0.125
65,65.0,65.0,0.125,0.125,0.125,0.125,0.125,0.125,0.125,0.125
66,66.0,66.0,0.125,0.125,0.125,0.125,0.125,0.125,0.125,0.125
67,67.0,67.0,0.125,0.125,0.125,0.125,0.125,0.125,0.125,0.125
68,68.0,68.0,0.125,0.125,0.125,0.125,0.125,0.125,0.125,0.125
69,69.0,69.0,0.125,0.125,0.125,0.125,0.125,0.125,0.125,0.125
70,70.0,70.0,0.125,0.125,0.125,0.125,0.125,0.125,0.125,0.125
71,71.0,71.0,0.125,0.125,0.125,0.125,0.125,0.125,0.125,0.125
72,72.0,72.0,0.125,0.125,0.125,0.125,0.125,0.125,0.125,0.125
73,73.0,73.0,0.125,0.125,0.125,0.125,0.125,0.125,0.125,0.125
74,74.0,74.0,0.125,0.125,0.125,0.125,0.125,0.125,0.125,0.125
75,75.0,75.0,0.125,0.125,0.125,0.125,0.125,0.125,0.125,0.125
76,76.0,76.0,0.125,0.125,0.125,0.125,0.125,0.125,0.125,0.125
77,77.0,77.1,0.125,0.125,0.125,0.125,0.125,0.125,0.125,0.125
78,78.0,78.1,0.125,0.125,0.125,0.125,0.125,0.125,0.125,0.125
79,79.0,79.1,0.125,0.125,0.125,0.125,0.125,0.125,0.125,0.125
80,80.0,80.1,0.125,0.125,0.125,0.125,0.125,0.125,0.125,0.125
81,81.0,81.1,0.125,0.125,0.125,0.125,0.125,0.125,0.125,0.125
82,82.0,82.1,0.125,0.125,0.125,0.125,0.125,0.125,0.125,0.125
83,83.0,83.1,0.125,0.125,0.125,0.125,0.125,0.125,0.125,0.125
84,84.0,84.1,0.125,0.125,0.125,0.125,0.125,0.125,0.125,0.125
85,85.0,85.1,0.125,0.125,0.125,0.125,0.125,0.125,0.125,0.125
86,86.0,86.1,0.125,0.125,0.125,0.125,0.125,0.125,0.125,0.125
87,87.0,87.1,0.125,0.125,0.125,0.125,0.125,0.125,0.125,0.125
88,88.0,88.1,0.125,0.125,0.125,0.125,0.125,0.125,0.125,0.125
89,89.0,89.1,0.125,0.125,0.125,0.125,0.125,0.125,0.125,0.125
90,90.0,90.1,0.125,0.125,0.125,0.125,0.125,0.125,0.125,0.125
91,91.0,91.1,0.125,0.125,0.125,0.125,0.125,0.125,0.125,0.125
92,92.0,92.2,0.125,0.125,0.125,0.125,0.125,0.125,0.125,0.125
93,93.0,93.2,0.125,0.125,0.125,0.125,0.125,0.125,0.125,0.125
94,94.0,94.2,0.125,0.125,0.125,0.125,0.125,0.125,0.125,0.125
95,95.0,95.2,0.125,0.125,0.125,0.125,0.125,0.125,0.125,0.125
96,96.0,96.2,0.125,0.125,0.125,0.125,0.125,0.125,0.125,0.125
97,97.0,97.3,0.125,0.125,0.125,0.125,0.125,0.125,0.125,0.125
98,98.0,98.3,0.125,0.125,0.125,0.125,0.125,0.125,0.125,0.125
99,99.0,99.3,0.125,0.125,0.125,0.125,0.125,0.125,0.125,0.125
100,100.0,100.3,0.125,0.125,0.125,0.125,0.125,0.125,0.125,0.125
101,101.0,101.3,0.125,0.125,0.125,0.125,0.125,0.125,0.125,0.125
102,102.0,102.3,0.125,0.125,0.125,0.125,0.125,0.125,0.125,0.125
103,103.0,103.3,0.125,0.125,0.125,0.125,0.125,0.125,0.125,0.125
104,104.0,104.3,0.125,0.125,0.125,0.125,0.125,0.125,0.125,0.125
105,105.0,105.3,0.125,0.125,0.125,0.125,0.125,0.125,0.125,0.125
106,106.0,106.3,0.125,0.125,0.125,0.125,0.125,0.125,0.125,0.125
107,107.0,107.3,0.125,0.125,0.125,0.125,0.125,0.125,0.125,0.125
108,108.0,108.3,0.125,0.125,0.125,0.125,0.125,0.125,0.125,0.125
109,109.0,109.3,0.125,0.125,0.125,0.125,0.125,0.125,0.125,0.125
110,110.0,110.3,0.125,0.125,0.125,0.125,0.125,0.125,0.125,0.125
111,111.0,111.3,0.125,0.125,0.125,0.125,0.125,0.125,0.125,0.125
112,112.0,112.3,0.125,0.125,0.125,0.125,0.125,0.125,0.125,0.125
113,113.0,113.3,0.125,0.125,0.125,0.125,0.125,0.125,0.125,0.125
114,114.0,114.3,0.125,0.125,0.125,0.125,0.125,0.125,0.125,0.125
115,115.0,115.3,0.125,0.125,0.125,0.125,0.125,0.125,0.125,0.125
116,116.0,116.3,0.125,0.125,0.125,0.125,0.125,0.125,0.125,0.125
117,117.0,117.3,0.125,0.125,0.125,0.125,0.125,0.125,0.125,0.125
118,118.0,118.3,0.125,0.125,0.125,0.125,0.125,0.125,0.125,0.125
119,119.0,119.3,0.125,0.125,0.125,0.125,0.125,0.125,0.125,0.125
120,120.0,120.3,0.125,0.125,0.125,0.125,0.125,0.125,0.125,0.125
121,121.0,121.3,0.125,0.125,0.125,0.125,0.125,0.125,0.125,0.125
122,122.0,122.3,0.125,0.125,0.125,0.125,0.125,0.125,0.125,0.125
123,123.0,123.3,0.125,0.125,0.125,0.125,0.125,0.125,0.125,0.125
124,124.0,124.3,0.125,0.125,0.125,0.125,0.125,0.125,0.125,0.125
125,125.0,125.3,0.125,0.125,0.125,0.125,0.125,0.125,0.125,0.125
126,126.0,126.3,0.125,0.125,0.125,0.125,0.125,0.125,0.125,0.125
127,127.0,127.3,0.125,0.125,0.125,0.125,0.125,0.125,0.125,0.125
128,128.0,128.3,0.125,0.125,0.125,0.125,0.125,0.125,0.125,0.125
129,129.0,129.3,0.125,0.125,0.125,0.125,0.125,0.125,0.125,0.125
130,130.0,130.3,0.125,0.125,0.125,0.125,0.125,0.125,0.125,0.125
131,131.0,131.3,0.125,0.125,0.125,0.125,0.125,0.125,0.125,0.125
132,132.0,132.3,0.125,0.125,0.125,0.125,0.125,0.125,0.125,0.125
133,133.0,133.3,0.125,0.125,0.125,0.125,0.125,0.125,0.125,0.125
134,134.0,134.3,0.125,0.125,0.125,0.125,0.125,0.125,0.125,0.125
135,135.0,135.3,0.125,0.125,0.125,0.125,0.125,0.125,0.125,0.125
136,136.0,136.3,0.125,0.125,0.125,0.125,0.125,0.125,0.125,0.125
137,137.0,137.3,0.125,0.125,0.125,0.125,0.125,0.125,0.125,0.125
138,138.0,138.3,0.125,0.125,0.125,0.125,0.125,0.125,0.125,0.125
139,139.0,139.3,0.125,0.125,0.125,0.125,0.125,0.125,0.125,0.125
140,140.0,140.3,0.125,0.125,0.125,0.125,0.125,0.125,0.125,0.125
141,141.0,141.3,0.125,0.125,0.125,0.125,0.125,0.125,0.125,0.125
142,142.0,142.3,0.125,0.125,0.125,0.125,0.125,0.125,0.125,0.125
143,143.0,143.3,0.125,0.125,0.125,0.125,0.125,0.125,0.125,0.125
144,144.0,144.3,0.125,0.125,0.125,0.125,0.125,0.125,0.125,0.125
145,145.0,145.3,0.125,0.125,0.125,0.125,0.125,0.125,0.125,0.125
146,146.0,146.3,0.125,0.125,0.125,0.125,0.125,0.125,0.125,0.125
147,147.0,147.3,0.125,0.125,0.125,0.125,0.125,0.125,0.125,0.125
148,148.0,148.3,0.125,0.125,0.125,0.125,0.125,0.125,0.125,0.125
149,149.0,149.3,0.125,0.125,0.125,0.125,0.125,0.125,0.125,0.125
150,150.0,150.3,0.125,0.125,0.125,0.125,0.125,0.125,0.125,0.125
151,151.0,151.3,0.125,0.125,0.125,0.125,0.125,0.125,0.125,0.125
152,152.0,152.3,0.125,0.125,0.125,0.125,0.125,0.125,0.125,0.125
153,153.0,153.3,0.125,0.125,0.125,0.125,0.125,0.125,0.125,0.125
154,154.0,154.3,0.125,0.125,0.125,0.125,0.125,0.125,0.125,0.125
155,155.0,155.3,0.125,0.125,0.125,0.125,0.125,0.125,0.125,0.125
156,156.0,156.3,0.125,0.125,0.125,0.125,0.125,0.125,0.125,0.125
157,157.0,157.3,0.125,0.125,0.125,0.125,0.125,0.125,0.125,0.125
158,158.0,158.3,0.125,0.125,0.125,0.125,0.125,0.125,0.125,0.125
159,159.0,159.3,0.125,0.125,0.125,0.125,0.125,0.125,0.125,0.125
160,160.0,160.3,0.125,0.125,0.125,0.125,0.125,0.125,0.125,0.125
161,161.0,161.3,0.125,0.125,0.125,0.125,0.125,0.125,0.125,0.125
162,162.0,162.3,0.125,0.125,0.125,0.125,0.125,0.125,0.125,0.125
163,163.0,163.3,0.125,0.125,0.125,0.125,0.125,0.125,0.125,0.125
164,164.0,164.3,0.125,0.125,0.125,0.125,0.125,0.125,0.125,0.125
165,165.0,165.3,0.125,0.125,0.125,0.125,0.125,0.125,0.125,0.125
166,166.0,166.3,0.125,0.125,0.125,0.125,0.125,0.125,0.125,0.125
167,167.0,167.3,0.125,0.125,0.125,0.125,0.125,0.125,0.125,0.125
168,168.0,168.3,0.125,0.125,0.125,0.125,0.125,0.125,0.125,0.125
169,169.0,169.3,0.125,0.125,0.125,0.125,0.125,0.125,0.125,0.125
170,170.0,170.3,0.125,0.125,0.125,0.125,0.125,0.125,0.125,0.125
171,171.0,171.3,0.125,0.125,0.125,0.125,0.125,0.125,0.125,0.125
172,172.0,172.3,0.125,0.125,0.125,0.125,0.125,0.125,0.125,0.125
173,173.0,173.3,0.125,0.125,0.125,0.125,0.125,0.125,0.125,0.125
174,174.0,174.3,0.125,0.125,0.125,0.125,0.125,0.125,0.125,0.125
175,175.0,175.4,0.125,0.125,0.125,0.125,0.125,0.125,0.125,0.125
176,176.0,176.4,0.125,0.125,0.125,0.125,0.125,0.125,0.125,0.125
177,177.0,177.4,0.125,0.125,0.125,0.125,0.125,0.125,0.125,0.125
178,178.0,178.4,0.125,0.125,0.125,0.125,0.125,0.125,0.125,0.125
179,179.0,179.4,0.125,0.125,0.125,0.125,0.125,0.125,0.125,0.125
180,180.0,180.4,0.125,0.125,0.125,0.125,0.125,0.125,0.125,0.125
181,181.0,181.4,0.125,0.125,0.125,0.125,0.125,0.125,0.125,0.125
182,182.0,182.4,0.125,0.125,0.125,0.125,0.125,0.125,0.125,0.125
183,183.0,183.4,0.125,0.125,0.125,0.125,0.125,0.125,0.125,0.125
184,184.0,184.4,0.125,0.125,0.125,0.125,0.125,0.125,0.125,0.125
185,185.0,185.4,0.125,0.125,0.125,0.125,0.125,0.125,0.125,0.125
186,186.0,186.4,0.125,0.125,0.125,0.125,0.125,0.125,0.125,0.125
187,187.0,187.4,0.125,0.125,0.125,0.125,0.125,0.125,0.125,0.125
188,188.0,188.4,0.125,0.125,0.125,0.125,0.125,0.125,0.125,0.125
189,189.0,189.4,0.125,0.125,0.125,0.125,0.125,0.125,0.125,0.125
190,190.0,190.4,0.125,0.125,0.125,0.125,0.125,0.125,0.125,0.125
191,191.0,191.4,0.125,0.125,0.125,0.125,0.125,0.125,0.125,0.125
192,192.0,192.4,0.125,0.125,0.125,0.125,0.125,0.125,0.125,0.125
193,193.0,193.4,0.125,0.125,0.125,0.125,0.125,0.125,0.125,0.125
194,194.0,194.4,0.125,0.125,0.125,0.125,0.125,0.125,0.125,0.125
195,195.0,195.4,0.125,0.125,0.125,0.125,0.125,0.125,0.125,0.125
196,196.0,196.4,0.125,0.125,0.125,0.125,0.125,0.125,0.125,0.125
197,197.0,197.4,0.125,0.125,0.125,0.125,0.125,0.125,0.125,0.125
198,198.0,198.4,0.125,0.125,0.125,0.125,0.125,0.125,0.125,0.125
199,199.0,199.4,0.125,0.125,0.125,0.125,0.125,0.125,0.125,0.125
200,200.0,200.4,0.125,0.125,0.125,0.125,0.125,0.125,0.125,0.125
201,201.0,201.4,0.12361111111111112,0.12361111111111112,0.13472222222222224,0.12361111111111112,0.12361111111111112,0.12361111111111112,0.12361111111111112,0.12361111111111112
202,202.0,202.4,0.12361111111111112,0.12361111111111112,0.13472222222222224,0.12361111111111112,0.12361111111111112,0.12361111111111112,0.12361111111111112,0.12361111111111112
203,203.0,203.4,0.12250000000000001,0.12250000000000001,0.1325,0.1325,0.12250000000000001,0.12250000000000001,0.12250000000000001,0.12250000000000001
204,204.0,204.4,0.1202020202020202,0.1292929292929293,0.1292929292929293,0.1292929292929293,0.1202020202020202,0.13131313131313133,0.1202020202020202,0.1202020202020202
205,205.0,205.4,0.11944444444444444,0.12777777777777777,0.12777777777777777,0.13611111111111113,0.11944444444444444,0.13055555555555554,0.11944444444444444,0.11944444444444444
206,206.0,206.4,0.11944444444444444,0.12777777777777777,0.1388888888888889,0.13611111111111113,0.11944444444444444,0.11944444444444444,0.11944444444444444,0.11944444444444444
207,207.0,207.4,0.12833333333333333,0.12666666666666665,0.13666666666666666,0.135,0.11833333333333332,0.11833333333333332,0.11833333333333332,0.11833333333333332
208,208.0,208.4,0.12651515151515152,0.12575757575757576,0.13484848484848483,0.13484848484848483,0.11742424242424243,0.11742424242424243,0.11742424242424243,0.12575757575757576
209,209.0,209.4,0.12651515151515152,0.12575757575757576,0.13484848484848483,0.13484848484848483,0.11742424242424243,0.11742424242424243,0.11742424242424243,0.12575757575757576
210,210.0,210.4,0.12512626262626264,0.12436868686868685,0.14255050505050504,0.12436868686868685,0.12714646464646465,0.11603535353535355,0.11603535353535355,0.12436868686868685
211,211.0,211.4,0.12512626262626264,0.12436868686868685,0.14255050505050504,0.12436868686868685,0.12714646464646465,0.11603535353535355,0.11603535353535355,0.12436868686868685
212,212.0,212.4,0.12337412587412586,0.13197552447552446,0.13875874125874127,0.12197552447552447,0.12428321678321677,0.12337412587412586,0.11428321678321678,0.12197552447552447
213,213.0,213.4,0.11956099456099456,0.13710178710178708,0.13494560994560995,0.1189199689199689,0.1203185703185703,0.13067210567210566,0.11956099456099456,0.1189199689199689
214,214.0,214.4,0.11790043290043291,0.13489177489177487,0.13218614718614716,0.12385281385281384,0.11865800865800864,0.13790043290043288,0.11790043290043291,0.1167099567099567
215,215.0,215.4,0.11575757575757573,0.13742424242424242,0.1290909090909091,0.12075757575757576,0.12409090909090907,0.1339393939393939,0.11575757575757573,0.12318181818181817
216,216.0,216.4,0.11394230769230766,0.1334935897435897,0.12644230769230766,0.13205128205128203,0.12099358974358973,0.13894230769230767,0.11394230769230766,0.12019230769230767
217,217.0,217.4,0.11255341880341878,0.13210470085470083,0.13338675213675213,0.13066239316239314,0.11960470085470083,0.14033119658119658,0.11255341880341878,0.11880341880341878
218,218.0,218.4,0.11191239316239314,0.1314636752136752,0.1327457264957265,0.1300213675213675,0.1189636752136752,0.1454594017094017,0.11191239316239314,0.1175213675213675
219,219.0,219.4,0.11136294261294259,0.13091422466422464,0.13219627594627595,0.12947191697191696,0.11841422466422465,0.14985500610500607,0.11136294261294259,0.11642246642246641
220,220.0,220.4,0.11088675213675211,0.13043803418803418,0.13172008547008546,0.1289957264957265,0.11793803418803417,0.1536645299145299,0.11088675213675211,0.11547008547008546
221,221.0,221.4,0.1088095238095238,0.12726190476190474,0.12964285714285712,0.1263690476190476,0.12190476190476189,0.16422619047619047,0.1088095238095238,0.11297619047619048
222,222.0,222.4,0.11372326203208556,0.13043894830659536,0.1278899286987522,0.1241399286987522,0.11872326203208554,0.158081550802139,0.11614750445632796,0.11085561497326202
223,223.0,223.4,0.11180555555555553,0.12777777777777777,0.12638888888888888,0.12222222222222219,0.11597222222222218,0.17291666666666666,0.11388888888888889,0.10902777777777777
224,224.0,224.4,0.11295546558704453,0.11613529014844803,0.13170546558704452,0.1046221322537112,0.11712213225371118,0.17749662618083667,0.12273110661268553,0.1172317813765182
225,225.0,225.4,0.11214285714285714,0.1150595238095238,0.13089285714285714,0.1038095238095238,0.1163095238095238,0.1845238095238095,0.12136904761904761,0.11589285714285713
226,226.0,226.4,0.11214285714285714,0.1150595238095238,0.13089285714285714,0.1038095238095238,0.1163095238095238,0.1845238095238095,0.12136904761904761,0.11589285714285713
227,227.0,227.4,0.11166666666666666,0.1145833333333333,0.13041666666666668,0.10333333333333332,0.11583333333333332,0.18833333333333332,0.12041666666666666,0.11541666666666664
228,228.0,228.4,0.11101190476190474,0.11369047619047619,0.12976190476190474,0.10267857142857142,0.1151785714285714,0.19404761904761905,0.11934523809523809,0.11428571428571428
229,229.0,229.4,0.11042780748663099,0.11288992869875222,0.12917780748663102,0.10663992869875223,0.11459447415329767,0.1887254901960784,0.12427584670231728,0.11326871657754009
230,230.0,230.4,0.10990338164251208,0.11216787439613525,0.12865338164251208,0.10591787439613524,0.11841787439613524,0.1894927536231884,0.12309782608695649,0.1123490338164251
231,231.0,231.4,0.10942982456140352,0.11567982456140351,0.1281798245614035,0.10526315789473684,0.11776315789473682,0.1901315789473684,0.1220394736842105,0.11151315789473684
232,232.0,232.4,0.10899999999999999,0.11491666666666664,0.12774999999999997,0.10466666666666666,0.11716666666666664,0.18966666666666665,0.12608333333333333,0.11074999999999999
233,233.0,233.4,0.1135238095238095,0.11467857142857141,0.12751190476190474,0.10442857142857143,0.11692857142857141,0.18728571428571425,0.12513095238095234,0.11051190476190476
234,234.0,234.4,0.10801282051282049,0.12403846153846151,0.12825091575091574,0.10590659340659339,0.10590659340659339,0.1872252747252747,0.12586996336996334,0.11478937728937728
235,235.0,235.4,0.10743746993746991,0.12339466089466089,0.1324374699374699,0.10540524290524286,0.10540524290524286,0.18705507455507453,0.12486171236171235,0.1140031265031265
236,236.0,236.4,0.1076675136457745,0.12355778279691321,0.13853049124788255,0.10570063993977034,0.10570063993977034,0.19677912667043101,0.11636316581968753,0.10570063993977034
237,237.0,237.4,0.11059113300492611,0.12224958949096879,0.14392446633825942,0.10451559934318552,0.10451559934318552,0.19517651888341542,0.11475779967159276,0.10426929392446631
238,238.0,238.4,0.10949999999999997,0.1265,0.1428333333333333,0.10316666666666666,0.10316666666666666,0.19416666666666665,0.11749999999999998,0.10316666666666666
239,239.0,239.4,0.10939247311827956,0.1261774193548387,0.1427258064516129,0.10295161290322578,0.10295161290322578,0.19567204301075267,0.11739247311827956,0.10273655913978494
240,240.0,240.4,0.1074861111111111,0.12240277777777778,0.15106944444444442,0.10052777777777777,0.10052777777777777,0.1948611111111111,0.11148611111111109,0.11163888888888888
241,241.0,241.4,0.10517773892773889,0.12021270396270393,0.15971445221445218,0.09843240093240092,0.09843240093240092,0.19691724941724942,0.1128700466200466,0.10824300699300697
242,242.0,242.4,0.10411181139122314,0.11925342359165887,0.15676859632741985,0.09756224712107063,0.09756224712107063,0.19888499844382196,0.11151921879863055,0.11433745720510424
243,243.0,243.4,0.10305916305916303,0.12636604136604138,0.1499013949013949,0.09684223184223181,0.09017556517556514,0.20245069745069744,0.11046657046657042,0.1207383357383357
244,244.0,244.4,0.1025631313131313,0.12571127946127944,0.147996632996633,0.096266835016835,0.09237794612794611,0.20552609427609428,0.1099705387205387,0.11958754208754208
245,245.0,245.4,0.10219548425430776,0.1253436324024559,0.15319271142800553,0.0892325212913448,0.09201029906912257,0.2036878589819766,0.11548524460289164,0.11885224796989499
246,246.0,246.4,0.10187937062937058,0.13168706293706295,0.15717754467754466,0.08863150738150735,0.09140928515928513,0.20385586635586633,0.10743492618492616,0.11792443667443667
247,247.0,247.4,0.10449567918608164,0.1286786857220294,0.16029281462717995,0.08782901251941497,0.09060679029719276,0.199949182224724,0.10605513337711478,0.1220927020462624
248,248.0,248.4,0.10356470619628513,0.13151408414566307,0.15855809671599141,0.08721978985136877,0.08992249255407148,0.20263106578896056,0.10525643551959338,0.12133332922806606
249,249.0,249.4,0.10309134906231095,0.14564125831820932,0.14446561806815889,0.09037810042347247,0.09300967937084088,0.20549808429118777,0.09964307320024197,0.11827283726557773
250,250.0,250.4,0.1007518796992481,0.14598997493734334,0.1408270676691729,0.0919548872180451,0.09125313283208018,0.20576441102756893,0.09741854636591478,0.12604010025062656
251,251.0,251.4,0.09962571384472911,0.151523383238154,0.1385252353758296,0.09126022534341718,0.0906659978391727,0.20697947214076245,0.09639990739311621,0.12502006482481862
252,252.0,252.4,0.09938761860663388,0.15390433561910638,0.1378109496615439,0.09102213010532194,0.09042790260107746,0.206503281664572,0.09616181215502098,0.12478196958672338
253,253.0,253.4,0.09876794258373205,0.15586722488038277,0.13988337320574162,0.09060406698564592,0.09011064593301435,0.20465909090909093,0.09564294258373204,0.12446471291866026
254,254.0,254.4,0.09862442667934658,0.15352273965546276,0.14292955709431682,0.09043349480420418,0.08740319177390116,0.21143263296581374,0.09559412364904354,0.12005983337791118
255,255.0,255.4,0.09611276469688615,0.1592035189247751,0.14613436519656037,0.08831653615762355,0.08537535968703532,0.2138703160362264,0.09043186219890065,0.12055527710199239
256,256.0,256.4,0.09594609803021949,0.1572035189247751,0.1354676985298937,0.08814986949095689,0.08520869302036865,0.21337031603622642,0.09426519553223399,0.1303886104353257
257,257.0,257.4,0.09770243368069452,0.15824323248236288,0.13988435281913542,0.087347281586412,0.08449013872926914,0.20861663502967848,0.09313159910985996,0.1305843265625874
258,258.0,258.4,0.09741583939410023,0.15986085009998052,0.1391343720691547,0.08839402063315105,0.08420354444267485,0.20800910442214793,0.09273859071685156,0.13024367822193908
259,259.0,259.4,0.09692124542124539,0.15526373626373624,0.14424908424908425,0.08879487179487176,0.08389010989010985,0.2061630036630037,0.09496886446886445,0.1297490842490842
260,260.0,260.4,0.09626030593725692,0.157716619134042,0.14209385532797508,0.08809579984443867,0.08333173450868549,0.209502722323049,0.09421985999481461,0.12877910292973813
261,261.0,261.4,0.09608438779876519,0.15914288770707255,0.1413292071642521,0.0877439635674552,0.08553386515068155,0.20787740693196408,0.09392899932758723,0.128359282352222
262,262.0,262.4,0.0928614806246385,0.1588148255253518,0.1412777135145556,0.08747397339502601,0.08520580296896083,0.2130417389627916,0.0935632350106034,0.1277612299980721
263,263.0,263.4,0.09209622215495392,0.15654773708046893,0.1390974095863147,0.08970414021634061,0.08471034790861456,0.21814111057004015,0.0926904496591984,0.12701258282406855
264,264.0,264.4,0.09143056513849046,0.15457733349716213,0.15088923597491527,0.08922010203068953,0.08440219124965145,0.21828173218243596,0.09192398619112205,0.11927485373553304
265,265.0,265.4,0.08986847024608705,0.15445418078780251,0.14990401430003844,0.09041273879501413,0.08427903854029185,0.22037532824154926,0.09167768077240282,0.11902854831681382
266,266.0,266.4,0.08872949427952485,0.15343014734997598,0.15625720134288063,0.08938870535718758,0.08325500510246531,0.22142026032096412,0.09053870480584064,0.11698048144116073
267,267.0,267.4,0.08801783907471511,0.15447153440786715,0.16696484000813372,0.0885951008998547,0.08253639352535785,0.2192580853404283,0.08973235263133393,0.11042385411230911
268,268.0,268.4,0.08772709961177452,0.15285557644110273,0.16580188215637132,0.08831604132881221,0.08234646051403015,0.22346733868986188,0.08935248660867855,0.11013311464936851
269,269.0,269.4,0.08764723421700164,0.1516640613733637,0.16161222760059968,0.09393307457260944,0.08363746334676565,0.2223235293584131,0.08915302572279314,0.11002938380845355
270,270.0,270.4,0.08716868079727175,0.15134970958842364,0.16044876467243085,0.09361872278766942,0.08347326171197579,0.22549033252521627,0.08867447230306326,0.10977605561394888
271,271.0,271.4,0.08663675346967878,0.14970309835976908,0.16316142204453096,0.09308322267012595,0.08323873926383105,0.22537585714758293,0.08671182854475384,0.11208907849972718
272,272.0,272.4,0.0889108204805879,0.14814502785433017,0.16174626773463982,0.09527890591844078,0.08301682272612504,0.22504879208367576,0.08613304270281011,0.11172032049939025
273,273.0,273.4,0.08835806124361814,0.1466685412462646,0.16671394466682105,0.0972270281297209,0.08280652133161312,0.2226221784820316,0.08558423478558116,0.11001949011434933
274,274.0,274.4,0.09046489010269347,0.14526739214614245,0.16781326705625893,0.09664209640229879,0.08260694558325689,0.22245446163909008,0.08506313206935648,0.10968781500090272
275,275.0,275.4,0.08996269653246394,0.1427001183396532,0.16686695192509143,0.09634233198186684,0.0824813971906995,0.2251883131534294,0.08469589126565867,0.11176229961113679
276,276.0,276.4,0.09024237809121528,0.1432274785763158,0.16240592845244006,0.09681432123292585,0.08311949939856915,0.2237225308736937,0.08742935934796398,0.1130385040268761
277,277.0,277.4,0.08940296747958422,0.14257050372373722,0.16830018394051524,0.09603044560833664,0.08110581146579872,0.2231173925893582,0.0865000712890168,0.11297262390365288
278,278.0,278.4,0.08925631826316757,0.14252973054342916,0.16600866409085585,0.09816138959974575,0.0812214193721043,0.22337109237794167,0.08630291702209508,0.11314846873066049
279,279.0,279.4,0.08644360799848562,0.14505418045994523,0.16739828755580793,0.09755269147840859,0.08094289467244714,0.22169406854393764,0.08820337640991546,0.1127108928810523
280,280.0,280.4,0.0860151827536363,0.14343447589685263,0.1661350524700291,0.0992257212158613,0.08052900992703793,0.22144014408804233,0.08765189128837284,0.11556852236016739
281,281.0,281.4,0.08578737273859224,0.14542270929466047,0.16547123342855047,0.09890307990917745,0.08033316853438803,0.2215701677287043,0.08732924998168898,0.11518301838423788
282,282.0,282.4,0.0853860687033691,0.14508925512826434,0.16422569403216275,0.09853290090791983,0.08008474838159732,0.22509126722541356,0.08689809537067525,0.1146919702505977
283,283.0,283.4,0.08500233390036191,0.14476997373235048,0.163035485370462,0.1001782403279549,0.07984709963874467,0.22645939434133516,0.08648536278141881,0.11422210990737194
284,284.0,284.4,0.08457695994802697,0.14341868079727174,0.17220746469549478,0.10188951507692953,0.07956146223417085,0.2269914870410766,0.08597374587798662,0.10538068432904271
285,285.0,285.4,0.0844261303854327,0.14330555862532604,0.17386658988403175,0.10166327073303813,0.07952375484352227,0.22616192444680813,0.08578520892474378,0.10526756215709701
286,286.0,286.4,0.08273354124769218,0.1528660733141865,0.17349282233716196,0.1000038209000473,0.07804572736176509,0.22508471378754394,0.08410918943937809,0.1036641116122248
287,287.0,287.4,0.08194100045515137,0.15217454262265578,0.17742444626878587,0.09931229020851659,0.0773541966702344,0.22328207198490216,0.08558937591956456,0.10292207587018905
288,288.0,288.4,0.08184039916005426,0.1522592121673161,0.1793772420340238,0.09935263351204214,0.07743886621489468,0.22115145732769176,0.0855331008656022,0.1030470887183749
289,289.0,289.4,0.08156187634911037,0.1521081368953709,0.170815427304789,0.09909673643716196,0.07735767214490617,0.22701124201124195,0.08919914887999993,0.10284975997741952
290,290.0,290.4,0.0808777456649797,0.15145767624491027,0.1749080013973631,0.09834526568569119,0.07677455156178559,0.22698978198978198,0.08844767812852918,0.10219929932695888
291,291.0,291.4,0.07901266629990031,0.1495925968798309,0.17066196965133135,0.09648018632061181,0.07490947219670621,0.2424262899262899,0.0865825987634498,0.1003342199618795
292,292.0,292.4,0.07761447015855351,0.14971235705096092,0.16512682725157224,0.09513752516630684,0.07352978771770667,0.25531513767815134,0.08514737929740843,0.09841651567933993
293,293.0,293.4,0.07744027378754861,0.1494819757301541,0.1663543762982702,0.09485406748923213,0.07336434146183489,0.25558788797749743,0.08486392162033374,0.09805315563512881
294,294.0,294.4,0.07658925488774923,0.15205720537855447,0.1745732617200617,0.09429340863589035,0.0725133225620355,0.25326711931526535,0.07950429076511388,0.09720213673532942
295,295.0,295.4,0.0761230325136321,0.15162231132523935,0.16366587962846907,0.09376452962016922,0.0721410851503244,0.26485717399742525,0.07897541174939274,0.09885057601534764
296,296.0,296.4,0.07436168699635584,0.15008912937922103,0.16180721495519618,0.09800895953190213,0.07038335810171219,0.26129964711190895,0.07717154922531375,0.10687845469838979
297,297.0,297.4,0.07404041543867704,0.1499836303614831,0.16616051957701036,0.09544878078112481,0.07210407559510432,0.25905972702663915,0.07532383525582553,0.10787901596413556
298,298.0,298.4,0.07283502929186156,0.1560148606309935,0.1640830011107273,0.0963032359131122,0.07940439953631678,0.25146591720709655,0.07405795304125444,0.10583560326863757
299,299.0,299.4,0.07184291576827348,0.16390936728865896,0.16245495630053924,0.09536033108527595,0.07857838541566932,0.2506922976269655,0.07300739416407201,0.10415435235054545
300,300.0,300.4,0.0716576155725759,0.16591247205077242,0.16356869932056342,0.09526301340983548,0.07867569474357257,0.24783618569066554,0.07280641311976378,0.10427990609225073
301,301.0,301.4,0.07129726235948815,0.17122622303169516,0.169750810683967,0.09450772408022463,0.08812334461249258,0.22804374051510967,0.07398994303369733,0.10306095168332523
302,302.0,302.4,0.0694832208349484,0.1672771048160886,0.1769395766451048,0.092447412798871,0.08494604362276069,0.22890702062360718,0.07923943554254884,0.1007601851160703
303,303.0,303.4,0.06843499980997639,0.1661461773332714,0.17259971784873568,0.09885900708715203,0.08952878977259604,0.22676769874253638,0.07815199883130233,0.09951161057442959
304,304.0,304.4,0.06750873653077194,0.1651404619157913,0.1758589422844307,0.09717483069709326,0.09386702234612271,0.2264821083051433,0.07557512493564285,0.09839277298500375
305,305.0,305.4,0.0730232130936356,0.16880824574486547,0.17424545720320367,0.09558578354352999,0.0919041912703884,0.22571510648975437,0.07389554107863963,0.09682246157598269
306,306.0,306.4,0.07158002178202325,0.16575451767469002,0.17309936280053034,0.09418044728622006,0.09643139469561816,0.2311161089960201,0.07240274659242411,0.09543540017247391
307,307.0,307.4,0.07621024298959045,0.16319920637314858,0.17442720187277796,0.09300248054947652,0.09476511724997566,0.23279170636047186,0.07114024532638649,0.09446379927817232
308,308.0,308.4,0.07655185318460415,0.16260944101210612,0.17405417886247784,0.09384696693877358,0.09726530306562595,0.23297889048067613,0.07083356405981812,0.09185980239591791
309,309.0,309.4,0.07504096812882746,0.16555332031821451,0.18134348054806435,0.09242478403052257,0.09495143014803786,0.23029202626130413,0.06968387611446453,0.09071011445056433
310,310.0,310.4,0.07471144690378385,0.16722981181033375,0.1795117302088513,0.09187881258902872,0.10031745715585591,0.2265931790154859,0.06933174068770223,0.09042582162895806
311,311.0,311.4,0.07442907268257397,0.1669756861766945,0.18487032723288682,0.08589975152890648,0.10384652082124972,0.22475757909587712,0.06904936646649235,0.0901716959953188
312,312.0,312.4,0.07454237412317512,0.16742874532309202,0.18965117701781978,0.08750781407270376,0.10332671934068718,0.22130094667469838,0.06589301365627945,0.0903492097915441
313,313.0,313.4,0.07426994331055392,0.16720919658344807,0.1878419050276911,0.0871480397028818,0.10246694497086524,0.2252872854725126,0.0656470238801469,0.09012966105190018
314,314.0,314.4,0.07796225100286161,0.1690161347433274,0.18661113579692187,0.0868403473951895,0.10169771420163445,0.22436420854943565,0.06549317772630074,0.08801503058432852
315,315.0,315.4,0.0812208039804664,0.1699694535280773,0.18491172231085343,0.08756275460135438,0.10089106028260124,0.2225194490751766,0.06516852806451325,0.08775622815695718
316,316.0,316.4,0.08107008824770298,0.17299014567590415,0.18579664851134764,0.08719898871164176,0.10081714946535243,0.21942684971659254,0.06504341397025469,0.08765671570120348
317,317.0,317.4,0.0810238347786928,0.17405397546313822,0.18556538116629676,0.08687521442857055,0.10224148423163637,0.21763248719822723,0.06499716050124452,0.08761046223219329
318,318.0,318.4,0.08087294417268168,0.17500954039031166,0.18504536973896912,0.08643705350277561,0.10213321937157578,0.21817471842929503,0.06482495702225811,0.08750219737213273
319,319.0,319.4,0.08246024575998326,0.17500954039031166,0.18345806815166754,0.08643705350277561,0.10213321937157578,0.21817471842929503,0.06482495702225811,0.08750219737213273
320,320.0,320.4,0.08233623782347532,0.17495993721570852,0.18092830624690565,0.08849558524880738,0.1021084177842742,0.21896836922294582,0.06475055226035334,0.08745259419752956
321,321.0,321.4,0.08368741932171565,0.1751589484441315,0.18425493604412366,0.08934609639343617,0.10836365492186428,0.20443845469303135,0.06513810044201916,0.08961238973967806
322,322.0,322.4,0.08520740231491293,0.17613683960059406,0.1855341433792316,0.0890059603390144,0.10687186255274272,0.20257833564541228,0.06509558343521644,0.08956987273287532
323,323.0,323.4,0.08502235521915155,0.17502753818772124,0.18647664730387842,0.08865539126523105,0.10680700776467363,0.20354742905200568,0.06498265172407044,0.08948097948326778
324,324.0,324.4,0.0848432793930169,0.17396131029796394,0.18739204563104142,0.09027914006545043,0.1067444820550891,0.20251109283919888,0.06487350596786587,0.08939514375037325
325,325.0,325.4,0.08492020246993998,0.17449977183642545,0.1881612764002722,0.09043298621929659,0.10920602051662757,0.1998187851468912,0.06502735212171203,0.08793360528883477
326,326.0,326.4,0.08492020246993998,0.17449977183642545,0.1881612764002722,0.09043298621929659,0.10920602051662757,0.1998187851468912,0.06502735212171203,0.08793360528883477
327,327.0,327.4,0.08488098678366547,0.1742252620325039,0.1897299038512526,0.09035455484674756,0.10893151071270601,0.19923054985277353,0.064948920749163,0.0876983111711877
328,328.0,328.4,0.0848432793930169,0.17516794679871808,0.1880639227735068,0.09001518833091046,0.10889380332205745,0.198928890727585,0.06642636487366596,0.08766060378053914
329,329.0,329.4,0.08467130971245808,0.17602983015144907,0.1889816523732978,0.08966601389697117,0.108834904650092,0.1979375747123321,0.0662996235965445,0.08757909090685503
330,330.0,330.4,0.08519393295466789,0.17737905486276734,0.18772601156091528,0.08989822686100782,0.11018210704258621,0.1950756676978914,0.06656435471370184,0.087980644306462
331,331.0,331.4,0.08492027566566533,0.17699798069396938,0.1865273755847857,0.08967060537763186,0.10984365861973884,0.1981285236228701,0.06627279461140004,0.08763878582393857
332,332.0,332.4,0.08488256827501676,0.1767340289594294,0.18611259428765145,0.08959519059633472,0.11150278380827579,0.19756291276314158,0.0661973798301029,0.08741254148004717
333,333.0,333.4,0.08474276413603296,0.17641792586646005,0.1872896985615564,0.08939839805335678,0.11117110017880708,0.19784680305933705,0.06600058728712496,0.08713272285732453
334,334.0,334.4,0.08559755904407182,0.17604625029286353,0.18957906109361078,0.09163213846449106,0.11129908866951191,0.19239711968655443,0.06622889605896035,0.08721988668993587
335,335.0,335.4,0.0961686790491541,0.1793370196213687,0.17586011058220746,0.09509761079788794,0.09788825073037208,0.1954083642072329,0.06969436839235722,0.09054559661941938
336,336.0,336.4,0.10213147603307784,0.17852075841778356,0.1726033985931011,0.09422266414829339,0.09709155134212338,0.19549250541813473,0.06881942174276268,0.09111822430472312
337,337.0,337.4,0.10213147603307784,0.17852075841778356,0.1726033985931011,0.09422266414829339,0.09709155134212338,0.19549250541813473,0.06881942174276268,0.09111822430472312
338,338.0,338.4,0.1020978059994078,0.17828506818209333,0.1707371167268192,0.09597350589913514,0.0968221910727631,0.19641602634165561,0.0687520816754226,0.09091620410270292
339,339.0,339.4,0.10197708165333134,0.17824482673340117,0.1703347022398977,0.09595338517478906,0.09680207034841705,0.19714037241811438,0.06867159877803829,0.09087596265401077
340,340.0,340.4,0.10185971076131257,0.17820570310272826,0.16994346593316842,0.0959338233594526,0.09678250853308057,0.19784459777022706,0.06859335151669245,0.09083683902333783
341,341.0,341.4,0.10174555551017102,0.17816765135234774,0.17093281144306188,0.09591479748426235,0.09676348265789031,0.19715966626337772,0.06851724801593141,0.09079878727295732
342,342.0,342.4,0.09907038297198477,0.17748960238662753,0.1769543229440254,0.09525526018088942,0.0961039453545174,0.19720357212920142,0.06780217572551665,0.09012073830723713
343,343.0,343.4,0.09687258077418257,0.17694015183717698,0.1824488284385309,0.09470580963143888,0.09555449480506685,0.19665412157975087,0.061989567281329275,0.09483444565252341
344,344.0,344.4,0.0981148167990273,0.17735423051212523,0.18058547440126388,0.0907720622194306,0.0980389668547563,0.19748227892964734,0.06240364595627751,0.09524852432747166
345,345.0,345.4,0.09742529595437133,0.17850571711099267,0.17941450786564275,0.09024139529267189,0.10106224749283443,0.19632297679733224,0.06220074632146081,0.09482711316469361
346,346.0,346.4,0.0971586271711922,0.17725271184147978,0.18077140099859612,0.09008459543979694,0.09974534383434394,0.19646858435676912,0.062164348064216925,0.09635438829360488
347,347.0,347.4,0.0971586271711922,0.17586382295259084,0.18077140099859612,0.09008459543979694,0.09974534383434394,0.197857473245658,0.062164348064216925,0.09635438829360488
348,348.0,348.4,0.09679173252347563,0.17794457832101745,0.18011323749796687,0.08942931464752985,0.10125370863037997,0.19578880877973323,0.0617784275413101,0.09690019205858671
349,349.0,349.4,0.09660362740023755,0.1755469563774648,0.18335989533447158,0.08894625959880195,0.10322883570341194,0.19434228946093351,0.06157297469161872,0.09639916143305968
350,350.0,350.4,0.09626051536979598,0.17912156770771076,0.1837783164481687,0.08844765037789562,0.10294952472811966,0.1924376149703683,0.06126791441155767,0.09573689598638313
351,351.0,351.4,0.0960491079156283,0.1824744965064693,0.18326475743820003,0.08799425865270558,0.10135651788872287,0.192641184949248,0.06105650695739001,0.09516316969163577
352,352.0,352.4,0.09585321857216444,0.1855968421133269,0.18278531072088072,0.08756458789486417,0.10113140586846181,0.1915740702015371,0.06086061761392615,0.09463394701483856
353,353.0,353.4,0.09578527908188922,0.18688478521529367,0.1830327225072988,0.08717553032807267,0.10094008841466466,0.1912447563634004,0.06075462637327041,0.09418221171610999
354,354.0,354.4,0.09203732120688217,0.18187217338710804,0.1734921889544701,0.08811954662864634,0.10883211830259618,0.19848483796003935,0.06183388857548344,0.09532792498477408
355,355.0,355.4,0.08986985272761536,0.18863773093469777,0.17236457832394983,0.08722668093412754,0.10925669456461709,0.19741197399848967,0.06092646226219658,0.09430602625430598
356,356.0,356.4,0.0897435955261702,0.18839947295207884,0.17287634475300948,0.08700170290463824,0.10891307577738926,0.19634782010726812,0.06274230055923788,0.09397568742020776
