Total_iterations,Unnamed: 0.1,Intertwine_two,Add_vertex,Delete_vertex,Invert_path_vertices,Insert_inside_vertex,Delete_inside_vertex,Replace_inside_vertex,Donate_between_routes
0,0.0,0.125,0.125,0.125,0.125,0.125,0.125,0.125,0.125
1,1.0,0.125,0.125,0.125,0.125,0.125,0.125,0.125,0.125
2,2.0,0.125,0.125,0.125,0.125,0.125,0.125,0.125,0.125
3,3.0,0.125,0.125,0.125,0.125,0.125,0.125,0.125,0.125
4,4.0,0.125,0.125,0.125,0.125,0.125,0.125,0.125,0.125
5,5.0,0.125,0.125,0.125,0.125,0.125,0.125,0.125,0.125
6,6.0,0.125,0.125,0.125,0.125,0.125,0.125,0.125,0.125
7,7.0,0.125,0.125,0.125,0.125,0.125,0.125,0.125,0.125
8,8.0,0.125,0.125,0.125,0.125,0.125,0.125,0.125,0.125
9,9.0,0.125,0.125,0.125,0.125,0.125,0.125,0.125,0.125
10,10.0,0.125,0.125,0.125,0.125,0.125,0.125,0.125,0.125
11,11.0,0.125,0.125,0.125,0.125,0.125,0.125,0.125,0.125
12,12.0,0.125,0.125,0.125,0.125,0.125,0.125,0.125,0.125
13,13.0,0.125,0.125,0.125,0.125,0.125,0.125,0.125,0.125
14,14.0,0.125,0.125,0.125,0.125,0.125,0.125,0.125,0.125
15,15.0,0.125,0.125,0.125,0.125,0.125,0.125,0.125,0.125
16,16.0,0.125,0.125,0.125,0.125,0.125,0.125,0.125,0.125
17,17.0,0.125,0.125,0.125,0.125,0.125,0.125,0.125,0.125
18,18.0,0.125,0.125,0.125,0.125,0.125,0.125,0.125,0.125
19,19.0,0.125,0.125,0.125,0.125,0.125,0.125,0.125,0.125
20,20.0,0.125,0.125,0.125,0.125,0.125,0.125,0.125,0.125
21,21.0,0.125,0.125,0.125,0.125,0.125,0.125,0.125,0.125
22,22.0,0.125,0.125,0.125,0.125,0.125,0.125,0.125,0.125
23,23.0,0.125,0.125,0.125,0.125,0.125,0.125,0.125,0.125
24,24.0,0.125,0.125,0.125,0.125,0.125,0.125,0.125,0.125
25,25.0,0.125,0.125,0.125,0.125,0.125,0.125,0.125,0.125
26,26.0,0.125,0.125,0.125,0.125,0.125,0.125,0.125,0.125
27,27.0,0.125,0.125,0.125,0.125,0.125,0.125,0.125,0.125
28,28.0,0.125,0.125,0.125,0.125,0.125,0.125,0.125,0.125
29,29.0,0.125,0.125,0.125,0.125,0.125,0.125,0.125,0.125
30,30.0,0.125,0.125,0.125,0.125,0.125,0.125,0.125,0.125
31,31.0,0.125,0.125,0.125,0.125,0.125,0.125,0.125,0.125
32,32.0,0.125,0.125,0.125,0.125,0.125,0.125,0.125,0.125
33,33.0,0.125,0.125,0.125,0.125,0.125,0.125,0.125,0.125
34,34.0,0.125,0.125,0.125,0.125,0.125,0.125,0.125,0.125
35,35.0,0.125,0.125,0.125,0.125,0.125,0.125,0.125,0.125
36,36.0,0.125,0.125,0.125,0.125,0.125,0.125,0.125,0.125
37,37.0,0.125,0.125,0.125,0.125,0.125,0.125,0.125,0.125
38,38.0,0.125,0.125,0.125,0.125,0.125,0.125,0.125,0.125
39,39.0,0.125,0.125,0.125,0.125,0.125,0.125,0.125,0.125
40,40.0,0.125,0.125,0.125,0.125,0.125,0.125,0.125,0.125
41,41.0,0.125,0.125,0.125,0.125,0.125,0.125,0.125,0.125
42,42.0,0.125,0.125,0.125,0.125,0.125,0.125,0.125,0.125
43,43.0,0.125,0.125,0.125,0.125,0.125,0.125,0.125,0.125
44,44.0,0.125,0.125,0.125,0.125,0.125,0.125,0.125,0.125
45,45.0,0.125,0.125,0.125,0.125,0.125,0.125,0.125,0.125
46,46.0,0.125,0.125,0.125,0.125,0.125,0.125,0.125,0.125
47,47.0,0.125,0.125,0.125,0.125,0.125,0.125,0.125,0.125
48,48.0,0.125,0.125,0.125,0.125,0.125,0.125,0.125,0.125
49,49.0,0.125,0.125,0.125,0.125,0.125,0.125,0.125,0.125
50,50.0,0.125,0.125,0.125,0.125,0.125,0.125,0.125,0.125
51,51.0,0.125,0.125,0.125,0.125,0.125,0.125,0.125,0.125
52,52.0,0.125,0.125,0.125,0.125,0.125,0.125,0.125,0.125
53,53.0,0.125,0.125,0.125,0.125,0.125,0.125,0.125,0.125
54,54.0,0.125,0.125,0.125,0.125,0.125,0.125,0.125,0.125
55,55.0,0.125,0.125,0.125,0.125,0.125,0.125,0.125,0.125
56,56.0,0.125,0.125,0.125,0.125,0.125,0.125,0.125,0.125
57,57.0,0.125,0.125,0.125,0.125,0.125,0.125,0.125,0.125
58,58.0,0.125,0.125,0.125,0.125,0.125,0.125,0.125,0.125
59,59.0,0.125,0.125,0.125,0.125,0.125,0.125,0.125,0.125
60,60.0,0.125,0.125,0.125,0.125,0.125,0.125,0.125,0.125
61,61.0,0.125,0.125,0.125,0.125,0.125,0.125,0.125,0.125
62,62.0,0.125,0.125,0.125,0.125,0.125,0.125,0.125,0.125
63,63.0,0.125,0.125,0.125,0.125,0.125,0.125,0.125,0.125
64,64.0,0.125,0.125,0.125,0.125,0.125,0.125,0.125,0.125
65,65.0,0.125,0.125,0.125,0.125,0.125,0.125,0.125,0.125
66,66.0,0.125,0.125,0.125,0.125,0.125,0.125,0.125,0.125
67,67.0,0.125,0.125,0.125,0.125,0.125,0.125,0.125,0.125
68,68.0,0.125,0.125,0.125,0.125,0.125,0.125,0.125,0.125
69,69.0,0.125,0.125,0.125,0.125,0.125,0.125,0.125,0.125
70,70.0,0.125,0.125,0.125,0.125,0.125,0.125,0.125,0.125
71,71.0,0.125,0.125,0.125,0.125,0.125,0.125,0.125,0.125
72,72.0,0.125,0.125,0.125,0.125,0.125,0.125,0.125,0.125
73,73.0,0.125,0.125,0.125,0.125,0.125,0.125,0.125,0.125
74,74.0,0.125,0.125,0.125,0.125,0.125,0.125,0.125,0.125
75,75.0,0.125,0.125,0.125,0.125,0.125,0.125,0.125,0.125
76,76.0,0.125,0.125,0.125,0.125,0.125,0.125,0.125,0.125
77,77.0,0.125,0.125,0.125,0.125,0.125,0.125,0.125,0.125
78,78.0,0.125,0.125,0.125,0.125,0.125,0.125,0.125,0.125
79,79.0,0.125,0.125,0.125,0.125,0.125,0.125,0.125,0.125
80,80.0,0.125,0.125,0.125,0.125,0.125,0.125,0.125,0.125
81,81.0,0.125,0.125,0.125,0.125,0.125,0.125,0.125,0.125
82,82.0,0.125,0.125,0.125,0.125,0.125,0.125,0.125,0.125
83,83.0,0.125,0.125,0.125,0.125,0.125,0.125,0.125,0.125
84,84.0,0.125,0.125,0.125,0.125,0.125,0.125,0.125,0.125
85,85.0,0.125,0.125,0.125,0.125,0.125,0.125,0.125,0.125
86,86.0,0.125,0.125,0.125,0.125,0.125,0.125,0.125,0.125
87,87.0,0.125,0.125,0.125,0.125,0.125,0.125,0.125,0.125
88,88.0,0.125,0.125,0.125,0.125,0.125,0.125,0.125,0.125
89,89.0,0.125,0.125,0.125,0.125,0.125,0.125,0.125,0.125
90,90.0,0.125,0.125,0.125,0.125,0.125,0.125,0.125,0.125
91,91.0,0.125,0.125,0.125,0.125,0.125,0.125,0.125,0.125
92,92.0,0.125,0.125,0.125,0.125,0.125,0.125,0.125,0.125
93,93.0,0.125,0.125,0.125,0.125,0.125,0.125,0.125,0.125
94,94.0,0.125,0.125,0.125,0.125,0.125,0.125,0.125,0.125
95,95.0,0.125,0.125,0.125,0.125,0.125,0.125,0.125,0.125
96,96.0,0.125,0.125,0.125,0.125,0.125,0.125,0.125,0.125
97,97.0,0.125,0.125,0.125,0.125,0.125,0.125,0.125,0.125
98,98.0,0.125,0.125,0.125,0.125,0.125,0.125,0.125,0.125
99,99.0,0.125,0.125,0.125,0.125,0.125,0.125,0.125,0.125
100,100.0,0.125,0.125,0.125,0.125,0.125,0.125,0.125,0.125
101,101.0,0.125,0.125,0.125,0.125,0.125,0.125,0.125,0.125
102,102.0,0.125,0.125,0.125,0.125,0.125,0.125,0.125,0.125
103,103.0,0.125,0.125,0.125,0.125,0.125,0.125,0.125,0.125
104,104.0,0.125,0.125,0.125,0.125,0.125,0.125,0.125,0.125
105,105.0,0.125,0.125,0.125,0.125,0.125,0.125,0.125,0.125
106,106.0,0.125,0.125,0.125,0.125,0.125,0.125,0.125,0.125
107,107.0,0.125,0.125,0.125,0.125,0.125,0.125,0.125,0.125
108,108.0,0.125,0.125,0.125,0.125,0.125,0.125,0.125,0.125
109,109.0,0.125,0.125,0.125,0.125,0.125,0.125,0.125,0.125
110,110.0,0.125,0.125,0.125,0.125,0.125,0.125,0.125,0.125
111,111.0,0.125,0.125,0.125,0.125,0.125,0.125,0.125,0.125
112,112.0,0.125,0.125,0.125,0.125,0.125,0.125,0.125,0.125
113,113.0,0.125,0.125,0.125,0.125,0.125,0.125,0.125,0.125
114,114.0,0.125,0.125,0.125,0.125,0.125,0.125,0.125,0.125
115,115.0,0.125,0.125,0.125,0.125,0.125,0.125,0.125,0.125
116,116.0,0.125,0.125,0.125,0.125,0.125,0.125,0.125,0.125
117,117.0,0.125,0.125,0.125,0.125,0.125,0.125,0.125,0.125
118,118.0,0.125,0.125,0.125,0.125,0.125,0.125,0.125,0.125
119,119.0,0.125,0.125,0.125,0.125,0.125,0.125,0.125,0.125
120,120.0,0.125,0.125,0.125,0.125,0.125,0.125,0.125,0.125
121,121.0,0.125,0.125,0.125,0.125,0.125,0.125,0.125,0.125
122,122.0,0.125,0.125,0.125,0.125,0.125,0.125,0.125,0.125
123,123.0,0.125,0.125,0.125,0.125,0.125,0.125,0.125,0.125
124,124.0,0.125,0.125,0.125,0.125,0.125,0.125,0.125,0.125
125,125.0,0.125,0.125,0.125,0.125,0.125,0.125,0.125,0.125
126,126.0,0.125,0.125,0.125,0.125,0.125,0.125,0.125,0.125
127,127.0,0.125,0.125,0.125,0.125,0.125,0.125,0.125,0.125
128,128.0,0.125,0.125,0.125,0.125,0.125,0.125,0.125,0.125
129,129.0,0.125,0.125,0.125,0.125,0.125,0.125,0.125,0.125
130,130.0,0.125,0.125,0.125,0.125,0.125,0.125,0.125,0.125
131,131.0,0.125,0.125,0.125,0.125,0.125,0.125,0.125,0.125
132,132.0,0.125,0.125,0.125,0.125,0.125,0.125,0.125,0.125
133,133.0,0.125,0.125,0.125,0.125,0.125,0.125,0.125,0.125
134,134.0,0.125,0.125,0.125,0.125,0.125,0.125,0.125,0.125
135,135.0,0.125,0.125,0.125,0.125,0.125,0.125,0.125,0.125
136,136.0,0.125,0.125,0.125,0.125,0.125,0.125,0.125,0.125
137,137.0,0.125,0.125,0.125,0.125,0.125,0.125,0.125,0.125
138,138.0,0.125,0.125,0.125,0.125,0.125,0.125,0.125,0.125
139,139.0,0.125,0.125,0.125,0.125,0.125,0.125,0.125,0.125
140,140.0,0.125,0.125,0.125,0.125,0.125,0.125,0.125,0.125
141,141.0,0.125,0.125,0.125,0.125,0.125,0.125,0.125,0.125
142,142.0,0.125,0.125,0.125,0.125,0.125,0.125,0.125,0.125
143,143.0,0.125,0.125,0.125,0.125,0.125,0.125,0.125,0.125
144,144.0,0.125,0.125,0.125,0.125,0.125,0.125,0.125,0.125
145,145.0,0.125,0.125,0.125,0.125,0.125,0.125,0.125,0.125
146,146.0,0.125,0.125,0.125,0.125,0.125,0.125,0.125,0.125
147,147.0,0.125,0.125,0.125,0.125,0.125,0.125,0.125,0.125
148,148.0,0.125,0.125,0.125,0.125,0.125,0.125,0.125,0.125
149,149.0,0.125,0.125,0.125,0.125,0.125,0.125,0.125,0.125
150,150.0,0.125,0.125,0.125,0.125,0.125,0.125,0.125,0.125
151,151.0,0.125,0.125,0.125,0.125,0.125,0.125,0.125,0.125
152,152.0,0.125,0.125,0.125,0.125,0.125,0.125,0.125,0.125
153,153.0,0.125,0.125,0.125,0.125,0.125,0.125,0.125,0.125
154,154.0,0.125,0.125,0.125,0.125,0.125,0.125,0.125,0.125
155,155.0,0.125,0.125,0.125,0.125,0.125,0.125,0.125,0.125
156,156.0,0.125,0.125,0.125,0.125,0.125,0.125,0.125,0.125
157,157.0,0.125,0.125,0.125,0.125,0.125,0.125,0.125,0.125
158,158.0,0.125,0.125,0.125,0.125,0.125,0.125,0.125,0.125
159,159.0,0.125,0.125,0.125,0.125,0.125,0.125,0.125,0.125
160,160.0,0.125,0.125,0.125,0.125,0.125,0.125,0.125,0.125
161,161.0,0.125,0.125,0.125,0.125,0.125,0.125,0.125,0.125
162,162.0,0.125,0.125,0.125,0.125,0.125,0.125,0.125,0.125
163,163.0,0.125,0.125,0.125,0.125,0.125,0.125,0.125,0.125
164,164.0,0.125,0.125,0.125,0.125,0.125,0.125,0.125,0.125
165,165.0,0.125,0.125,0.125,0.125,0.125,0.125,0.125,0.125
166,166.0,0.125,0.125,0.125,0.125,0.125,0.125,0.125,0.125
167,167.0,0.125,0.125,0.125,0.125,0.125,0.125,0.125,0.125
168,168.0,0.125,0.125,0.125,0.125,0.125,0.125,0.125,0.125
169,169.0,0.125,0.125,0.125,0.125,0.125,0.125,0.125,0.125
170,170.0,0.125,0.125,0.125,0.125,0.125,0.125,0.125,0.125
171,171.0,0.125,0.125,0.125,0.125,0.125,0.125,0.125,0.125
172,172.0,0.125,0.125,0.125,0.125,0.125,0.125,0.125,0.125
173,173.0,0.125,0.125,0.125,0.125,0.125,0.125,0.125,0.125
174,174.0,0.125,0.125,0.125,0.125,0.125,0.125,0.125,0.125
175,175.0,0.125,0.125,0.125,0.125,0.125,0.125,0.125,0.125
176,176.0,0.125,0.125,0.125,0.125,0.125,0.125,0.125,0.125
177,177.0,0.125,0.125,0.125,0.125,0.125,0.125,0.125,0.125
178,178.0,0.125,0.125,0.125,0.125,0.125,0.125,0.125,0.125
179,179.0,0.125,0.125,0.125,0.125,0.125,0.125,0.125,0.125
180,180.0,0.125,0.125,0.125,0.125,0.125,0.125,0.125,0.125
181,181.0,0.125,0.125,0.125,0.125,0.125,0.125,0.125,0.125
182,182.0,0.125,0.125,0.125,0.125,0.125,0.125,0.125,0.125
183,183.0,0.125,0.125,0.125,0.125,0.125,0.125,0.125,0.125
184,184.0,0.125,0.125,0.125,0.125,0.125,0.125,0.125,0.125
185,185.0,0.125,0.125,0.125,0.125,0.125,0.125,0.125,0.125
186,186.0,0.125,0.125,0.125,0.125,0.125,0.125,0.125,0.125
187,187.0,0.125,0.125,0.125,0.125,0.125,0.125,0.125,0.125
188,188.0,0.125,0.125,0.125,0.125,0.125,0.125,0.125,0.125
189,189.0,0.125,0.125,0.125,0.125,0.125,0.125,0.125,0.125
190,190.0,0.125,0.125,0.125,0.125,0.125,0.125,0.125,0.125
191,191.0,0.125,0.125,0.125,0.125,0.125,0.125,0.125,0.125
192,192.0,0.125,0.125,0.125,0.125,0.125,0.125,0.125,0.125
193,193.0,0.125,0.125,0.125,0.125,0.125,0.125,0.125,0.125
194,194.0,0.125,0.125,0.125,0.125,0.125,0.125,0.125,0.125
195,195.0,0.125,0.125,0.125,0.125,0.125,0.125,0.125,0.125
196,196.0,0.125,0.125,0.125,0.125,0.125,0.125,0.125,0.125
197,197.0,0.125,0.125,0.125,0.125,0.125,0.125,0.125,0.125
198,198.0,0.125,0.125,0.125,0.125,0.125,0.125,0.125,0.125
199,199.0,0.125,0.125,0.125,0.125,0.125,0.125,0.125,0.125
200,200.0,0.125,0.125,0.125,0.125,0.125,0.125,0.125,0.125
201,201.0,0.1248611111111111,0.1248611111111111,0.1259722222222222,0.1248611111111111,0.1248611111111111,0.1248611111111111,0.1248611111111111,0.1248611111111111
202,202.0,0.1247236111111111,0.1247236111111111,0.1269347222222222,0.1247236111111111,0.1247236111111111,0.1247236111111111,0.1247236111111111,0.1247236111111111
203,203.0,0.124477625,0.124477625,0.127656625,0.125477625,0.124477625,0.124477625,0.124477625,0.124477625
204,204.0,0.124006663270202,0.1249157541792929,0.1280340641792929,0.1259057541792929,0.124006663270202,0.1251177743813131,0.124006663270202,0.124006663270202
205,205.0,0.1234689937069444,0.1252023270402778,0.1282348329402777,0.1270067603736111,0.1234689937069444,0.1256801048180555,0.1234689937069444,0.1234689937069444
206,206.0,0.1229448456073876,0.1254859971225391,0.1295220653846502,0.1280887094558725,0.1229448456073876,0.1251238456073876,0.1229448456073876,0.1229448456073876
207,207.0,0.1233269971950459,0.1256531068920156,0.1305520205974056,0.129031576535349,0.1223269971950459,0.1244553071950459,0.1223269971950459,0.1223269971950459
208,208.0,0.1235391788035031,0.1257227321913819,0.1313583085677599,0.1299246896263728,0.1216400878944122,0.1237014937944122,0.1216400878944122,0.1224734212277455
209,209.0,0.1237599019782311,0.1257857433964735,0.132118869503886,0.1307777293605154,0.1209797110691402,0.1229602892201402,0.1209797110691402,0.1226380444024735
210,210.0,0.1238472164419665,0.125703282915778,0.1336008725200475,0.1305381928781437,0.1213220394621686,0.1220989557464474,0.1202109283510575,0.1226785116843908
211,211.0,0.1239385899211714,0.1256157225226812,0.1350241715598974,0.1302609149839145,0.1216883792677371,0.1212631195980131,0.119477268156626,0.1227318339899593
212,212.0,0.1238574891042931,0.1262851315730379,0.136001227651492,0.1297131263586397,0.1217863411602113,0.1211924666376727,0.1186073411602112,0.122556876354442
213,213.0,0.1233983516054877,0.1274571299100101,0.1365268401386866,0.1288371850215057,0.1215030109732034,0.121880493545529,0.1183089433974458,0.1220880454081317
214,214.0,0.1227806981200618,0.1283873737642016,0.1367081327992846,0.1284429501503542,0.1210701132322938,0.1233104666066981,0.1178868497565363,0.1214134155705696
215,215.0,0.1219617216166965,0.1295428839974964,0.1365165525281677,0.1277327135938187,0.1211996742630224,0.1243472381285837,0.1172928155968709,0.1214064002753437
216,216.0,0.1209810744985497,0.1302685915236639,0.1360050137099296,0.1281531199439449,0.1210354596042251,0.1258765454316803,0.1165613056482523,0.1211188896397541
217,217.0,0.1198892155352663,0.130815089390525,0.1361434461577837,0.1284315783912429,0.1207483588238122,0.1275224685159623,0.1157378678260473,0.1207119753593601
218,218.0,0.1187690819368902,0.1312557310212393,0.1361763658565394,0.1286403965774201,0.120414428977647,0.1296447070852891,0.1149008267317339,0.1201984618132409
219,219.0,0.1176374497556616,0.1315994428758614,0.1361167421368664,0.128787197599474,0.1200444395235135,0.1321524291834847,0.1140626603562133,0.1195996385689249
220,220.0,0.1165086166735097,0.1318543123152858,0.1359762570796358,0.1288785466654279,0.1196475278185814,0.1349673572220283,0.1132336943931931,0.1189336878323377
221,221.0,0.1152287254214826,0.1317519190868824,0.1355995359793099,0.1286992647354216,0.1196698851195098,0.1387439302398087,0.1122564327711877,0.1180503066463973
222,222.0,0.1145040051007947,0.1319325693925386,0.1350256273562415,0.1282916969352225,0.1193942054709303,0.1417832045907696,0.1120762262864466,0.116992464867056
223,223.0,0.1136521787338356,0.131814101403888,0.1342876486279188,0.1276915975850257,0.1188642803718339,0.146165046555201,0.1117288916751345,0.1157962550471624
224,224.0,0.1129820597749384,0.1305028682149084,0.1340761378448536,0.1253368054193694,0.1184734182043,0.1508342164757209,0.1123221122694708,0.1154723817964384
225,225.0,0.1122974259256333,0.1290715059302697,0.1337808105730981,0.1229290848942034,0.1180268685495948,0.1560058118355372,0.1128238948484418,0.1150645974432215
226,226.0,0.111679709773431,0.1276431600528874,0.1334861364942157,0.1205709408107072,0.1176078004129595,0.1609454276362546,0.1133609506972218,0.1147058741223226
227,227.0,0.1110807776625241,0.1261841933531907,0.1331473779820889,0.1182333779179298,0.1171700372763342,0.1660078180567282,0.113829143835104,0.1143472739161
228,228.0,0.1104821214622731,0.1246658290089793,0.1327497120175444,0.1159150946781079,0.1166972072234653,0.1713586531593491,0.1142092500303707,0.11392213241991
229,229.0,0.1098902189875162,0.1231094928218317,0.1323035248493706,0.114092410256791,0.116198064090407,0.1758690815254365,0.1150957663474673,0.1134414411211796
230,230.0,0.1093104400608142,0.1215343891819063,0.1318182566399749,0.1123052640317636,0.1161151393955671,0.1801337574843326,0.1158676297748667,0.1129151234307744
231,231.0,0.1087472127344885,0.1203743257746426,0.1313025107934332,0.1105674868827429,0.1159980628700771,0.1841294383411457,0.1165287735823725,0.1123521890210974
232,232.0,0.1082041518029242,0.1192070079064992,0.1307641302130851,0.1088907950359372,0.1158506958245757,0.1877390812902694,0.1175832959750583,0.1117608419516508
233,233.0,0.108175736398868,0.1180897088889622,0.1302256368648314,0.1073157215663098,0.1157074156682358,0.1907689405601496,0.1185221284068202,0.1111947116458228
234,234.0,0.107652544365368,0.1179860174095641,0.1297877566292749,0.1060170861400699,0.1144884772829354,0.1934549376842534,0.1195070669340483,0.1111061135544857
235,235.0,0.1071277392391575,0.1178888394550147,0.1297969514271459,0.1047970742789842,0.1132554788472666,0.195793018449337,0.1203563154720877,0.1109845828310061
236,236.0,0.1066815163033815,0.1178727497005419,0.1304409340613743,0.1037346849937225,0.1120968175991972,0.1987823169105053,0.1203158384710169,0.1100751419602601
237,237.0,0.1065821375705223,0.1177842999218857,0.1316408115130826,0.1026796901267889,0.110871556639682,0.2012923928444545,0.1200793458287304,0.1090697655548534
238,238.0,0.1064236733648004,0.1181743890676891,0.1327344244673793,0.1016136605710607,0.1095703689355014,0.2033893172237235,0.1200875070219419,0.1080066593479035
239,239.0,0.1063010661578306,0.118576467343719,0.1338089125267338,0.1006482586555173,0.1083137576027065,0.2053348602939036,0.1200582243374408,0.1069584530821481
240,240.0,0.1060309975404455,0.1186368831545511,0.1356994845186848,0.0995600469614606,0.1068868024436515,0.20690812769427,0.1194145762084814,0.106863081478455
241,241.0,0.1055716497021683,0.1185099089490249,0.138419199687699,0.098380796060435,0.1053294148693055,0.2084092120193821,0.1188944017923377,0.1064854169196473
242,242.0,0.105047704786323,0.1183167320770836,0.1407853102763762,0.0972329709170986,0.1037717805318921,0.2098420431886188,0.1182309184839439,0.1067725397386638
243,243.0,0.1044615305949052,0.1188635015849204,0.1423879225240935,0.0961312195222517,0.1015691460995612,0.2113785906941715,0.1174614016763303,0.1077466873037661
244,244.0,0.1038703469726686,0.1193651433493086,0.1437149320803359,0.0950892137075496,0.0996930773964616,0.2129797441992738,0.1166492850627773,0.1086382572316245
245,245.0,0.1032884448501779,0.1198433175924953,0.1454716655332543,0.0934597533148615,0.0978946995451044,0.2141624223252224,0.1164030632353925,0.1094766336034916
246,246.0,0.1027221919714838,0.1209630206129236,0.1475284194247824,0.0918908652502233,0.0961572140831394,0.2151388877425326,0.1153672535626247,0.1102321473522901
247,247.0,0.1024657670229092,0.1217771560330471,0.1497875161746487,0.0903660229271526,0.0944657483919231,0.2155142079911308,0.1142177223025755,0.1114058591566129
248,248.0,0.102162186391844,0.1228624330504115,0.1517522844429349,0.0889073724655069,0.092836409914569,0.2159645343136289,0.1130216484935244,0.1124931309275802
249,249.0,0.1018556533085324,0.1253384162942466,0.1521793861423397,0.0878935422810948,0.0916495847930222,0.2165231951688532,0.111306193703704,0.1132540283082068
250,250.0,0.1013581835547835,0.1278047012958512,0.1521227849511637,0.0871636193760049,0.0904193884755323,0.2169423715034165,0.1094232005043984,0.1147657503388493
251,251.0,0.1007917811524022,0.1307595513637913,0.151728703476951,0.0864851352523816,0.0892618357340661,0.2173293567110844,0.1075065961863586,0.1161370401229646
252,252.0,0.1002465487933727,0.1338646499817763,0.1511705668977199,0.0858984409182215,0.088210270363988,0.2175265255046632,0.1056467758883808,0.1174362216518774
253,253.0,0.0996852827660887,0.1370559245204637,0.1507418901584698,0.0853798465973808,0.0872543121864823,0.2174093259049351,0.1038262010257383,0.118647216840441
254,254.0,0.0991566183492709,0.1398817360863896,0.150552114312475,0.0849482966943627,0.0861517677482812,0.2178536981208936,0.1021009691714712,0.1193547995168556
255,255.0,0.0984243322591896,0.1431294544583448,0.1506255712891225,0.0844030578980867,0.0849692087854699,0.2184331907707468,0.0999669659023922,0.1200482186366473
256,256.0,0.0977254924358268,0.1460131416377689,0.1495801038405129,0.083934811097367,0.0838923005612886,0.2188591054082695,0.0983343452565195,0.1216606997624467
257,257.0,0.0972543762157916,0.1488243352278793,0.1489397245125822,0.0834752807702007,0.0828643916550063,0.2187121725876646,0.0967109355357538,0.1232187834951211
258,258.0,0.0968061927637496,0.1516103601932854,0.1481978313255121,0.083205097388587,0.0819268716814355,0.2184182246127874,0.0951747725835049,0.1246606494511379
259,259.0,0.0963594647259298,0.1537405761775933,0.1479509640825784,0.0830539066937524,0.0810745269775776,0.217864970157577,0.0939908914830157,0.1259646997019755
260,260.0,0.0958969333504463,0.1559182904513624,0.1474762418734922,0.0829053375243692,0.0802797350350884,0.2175839933489465,0.0928602777750289,0.1270791906412659
261,261.0,0.09546669702453,0.1580388434418845,0.1469187032034871,0.0827883462674266,0.0798151553457837,0.2170877699718116,0.0918272351933159,0.1280572495517603
262,262.0,0.0947633705215351,0.1599255753578342,0.1463558740751206,0.0827056112919357,0.0794214145052864,0.2170654985050744,0.0908819380794185,0.1288807176637949
263,263.0,0.0940348319229023,0.1613858177393758,0.1455805158611609,0.0829018501171562,0.0790753461274409,0.217515153750313,0.0899707051110822,0.1295357793705685
264,264.0,0.0932931953848068,0.1624546147178435,0.1459970450447088,0.0830980841422814,0.0787894189392955,0.2179401652004645,0.0891011465382531,0.1293263300323462
265,265.0,0.0924508867088175,0.1633254439153216,0.1463223210517164,0.0834551786202107,0.0785758969221321,0.218535450781332,0.0883221416773636,0.129012680323106
266,266.0,0.0915530871391435,0.1639180742179941,0.1472862050947906,0.0837437359083123,0.078338355179084,0.2191940997866564,0.0875406950968573,0.1284257475771617
267,267.0,0.0906456660773598,0.1644507009275083,0.1493141745625635,0.0839805267163593,0.0781018729518638,0.2195929279987378,0.0867867380540407,0.1271273927115666
268,268.0,0.089773634905434,0.1646686775041982,0.1511995579528387,0.0842118782283323,0.0779143908519678,0.2203694502979714,0.0860996462590132,0.1257627640002443
269,269.0,0.0889603549582868,0.1646275739058142,0.1526234607905445,0.0850228395444925,0.0779190779419556,0.2209849183180556,0.0854938459583966,0.124367928582454
270,270.0,0.0881674164564685,0.1644295103634502,0.1538785147197634,0.0858103719008238,0.0779640600135137,0.2218689059632153,0.0849373621435126,0.1229438584392523
271,271.0,0.0873905917154808,0.1639557940447068,0.1553450314927971,0.0865436845186362,0.0780361836500861,0.2226892615717157,0.0842776334358815,0.1217618195706956
272,272.0,0.0869113177672248,0.1632311153504445,0.1566015450630556,0.0874886295810136,0.0781309288253682,0.223421741068734,0.083650340965908,0.1205643813782511
273,273.0,0.086444690317231,0.1622803949898407,0.1582806221962223,0.0886117951216556,0.0782440282826784,0.2238545817660355,0.0830557239685779,0.1192281633577584
274,274.0,0.086254542207408,0.1611285132178494,0.1599860570797221,0.0896503032655719,0.0783714851499113,0.2242150426764726,0.0824937435075284,0.1179003128955362
275,275.0,0.0860752930304971,0.1596764810316911,0.1615045890615205,0.0906249020844206,0.0785159960954986,0.2247952368369261,0.0819769308978323,0.1168305709616134
276,276.0,0.0859808109621722,0.1582526244608946,0.1624787891265096,0.0916064142454648,0.0787495201782662,0.2251747641165258,0.0818123359610146,0.1159447409491519
277,277.0,0.0858544517108071,0.156755204603074,0.1639442661270667,0.0924634666978202,0.078802022851683,0.2254413025073036,0.0816274419458535,0.1151118435563915
278,278.0,0.0857615486206246,0.1552616024042114,0.1650776026207366,0.0934835780931862,0.0788838739345299,0.2256833179386825,0.0814900481989479,0.1143584281890806
279,279.0,0.0854316125094176,0.1540424866982788,0.1662458784262359,0.0943875866519475,0.0789530628935021,0.2257103071879157,0.0816045684537465,0.1136244971789557
280,280.0,0.085101947439737,0.1526934290442469,0.1671825272339031,0.0954001483768425,0.0789938427998256,0.2256690426801963,0.0817184762504726,0.1132405861747758
281,281.0,0.0847916002286591,0.151585510963925,0.167948654509017,0.0963174455269699,0.0790263122475239,0.2256026180013934,0.0818480632872366,0.1128797952352748
282,282.0,0.084482115060266,0.150493411258303,0.168488840906176,0.0971318514057808,0.0790437612980419,0.2258546212374149,0.0819763880261675,0.1125290108078495
283,283.0,0.0841742444648425,0.1494245518223514,0.168813356328709,0.0980433611337355,0.0790461104400584,0.2262106033213065,0.0820998241057247,0.1121879483832717
284,284.0,0.0838629044280831,0.1482809032555871,0.1699648394319095,0.0990561961557344,0.0790276708194028,0.2265866843769832,0.0822036102737399,0.1110171912585598
285,285.0,0.0835747559939396,0.1471916851037216,0.1711895129962794,0.0999734564303562,0.0790126423358955,0.2268462490943064,0.0823158654856717,0.1098958325598292
286,286.0,0.0831546772333514,0.1471285789711447,0.1722811132184029,0.1006499438372436,0.0788564250776395,0.2269652930274959,0.0822839866622645,0.1086799819724572
287,287.0,0.0826931409097113,0.1470600053261028,0.1736688329026641,0.1011831682049172,0.0786385694988973,0.2268733625947027,0.0824215663969879,0.1074613541660165
288,288.0,0.0822601766843799,0.1470579013729967,0.1751506163286841,0.101648395686212,0.0784381227042087,0.2265416508333698,0.0825714387480684,0.1063316976420802
289,289.0,0.081838458825244,0.1470929133959498,0.175670306196232,0.1020185530901476,0.078239608617097,0.2267751867814684,0.083102545286656,0.1052624278072049
290,290.0,0.0813877338588472,0.1471095303865558,0.1764987356973682,0.1022473295120127,0.0779938145156625,0.2269855836849089,0.0835663601321712,0.1042109122124733
291,291.0,0.0807904735706436,0.1469814592001768,0.1768038117307875,0.1022276997169201,0.0775738992583247,0.2287186336747049,0.0838460987365905,0.1030579241118517
292,292.0,0.0800953416244182,0.1469042825263453,0.1764634475000944,0.1020182916519432,0.0770313628082046,0.2317043400032233,0.0839817065342323,0.1018012273515386
293,293.0,0.0794274945210561,0.1468398661330623,0.1761665083946552,0.1017326709609002,0.0764915196266043,0.2346548587055737,0.0840870645120342,0.1006000171461137
294,294.0,0.0787214580307153,0.1470658354399187,0.1766230304209752,0.1013507604189106,0.0758892870915364,0.2372875789641851,0.083653692177617,0.0994083574561415
295,295.0,0.0780180809205672,0.1472756321101442,0.1759226643484948,0.1008835795117177,0.0752762944235092,0.2409758280686622,0.0831692751609444,0.0984786454559602
296,296.0,0.0771899564856369,0.1473545977108963,0.1749839005687348,0.1008163691875018,0.0745174762246916,0.2441783130334276,0.0825109749594155,0.0984484118296952
297,297.0,0.076384234643539,0.1474424621664826,0.174442576772997,0.1004717879240739,0.0739652704138652,0.2470077708339742,0.0816803391237498,0.0986055581213182
298,298.0,0.0755151081789207,0.1481500748854114,0.1736648129382447,0.1001968802287579,0.0741797056300551,0.2489154214344386,0.0807426136115142,0.0986353830926572
299,299.0,0.0746068822195348,0.1496550248556696,0.1727062028876737,0.0998162363770335,0.0743423428516239,0.2505804499745701,0.0797267581570814,0.098566102676813
300,300.0,0.0737433091720051,0.1513523337294433,0.1718523156782908,0.0994193660900199,0.0745408077094666,0.2517944829435823,0.0787251965037309,0.098572188173461
301,301.0,0.0729092011719254,0.1535568881971452,0.1716191921626094,0.0989450903719447,0.075705539938758,0.2508682851256085,0.0778829561732692,0.0985128468587395
302,302.0,0.0719609804312753,0.1553227687448617,0.1721095737798234,0.0982678374346245,0.0765602468928845,0.2498927896541769,0.0776109589953431,0.0982748440670106
303,303.0,0.0709779820662297,0.1569185118502371,0.1721652313843319,0.0982412649735068,0.0778716157338806,0.2485910538514757,0.0772737026295569,0.0979606375107811
304,304.0,0.0699752273872056,0.1583463857581573,0.1725455905366032,0.0980551095406315,0.079602242688517,0.2471726990342159,0.0767212674728009,0.0975814775818684
305,305.0,0.0695995309238061,0.1600661914197692,0.1727596987830028,0.097719862147252,0.0811061716366923,0.2456125736098525,0.0760446560206487,0.0970913154589763
306,306.0,0.0691513217972835,0.1613960642514534,0.1728526443486972,0.0972562650814423,0.08302040822891,0.244549586307351,0.0752649351156699,0.0965087748691925
307,307.0,0.0692352427040173,0.1623810032040474,0.1730715464495653,0.096690472870587,0.0847107032820088,0.2436261226984315,0.0744083142893529,0.0958765945019898
308,308.0,0.0694146825424348,0.1632166537569687,0.1732448125935486,0.0962288285965358,0.0865825315510424,0.2427053796990448,0.0735740067293811,0.0950331045310437
309,309.0,0.0694964615978546,0.1642570550577601,0.1741377759543816,0.095647311842487,0.0881426174165597,0.2415107596854759,0.0726807567041754,0.0941272617413057
310,310.0,0.0695925556905378,0.1653740280302889,0.1748303249911467,0.095037124341574,0.0901513855236218,0.2399535296144403,0.071811649332917,0.0932494024754733
311,311.0,0.0697019918639642,0.1663724489800013,0.176036292878816,0.0938584663672147,0.0924138439028395,0.2382348590525579,0.0709764161902112,0.0924056807643952
312,312.0,0.0698590853722941,0.1673223661213491,0.1776880892997523,0.0928788932962879,0.0945124030652632,0.236207619505179,0.0698898005835176,0.0916417427563566
313,313.0,0.0700200593360377,0.1681564004666152,0.1791134097567628,0.0919075893032358,0.0964032720372166,0.2346326710640147,0.0688472796906077,0.0909193183455094
314,314.0,0.0705766655123829,0.169078253154511,0.1803604061977047,0.0909550509827161,0.0980887677643881,0.233029455918744,0.0678616237134996,0.0900497767560536
315,315.0,0.0714773222237588,0.1700026312679803,0.1813752689419376,0.0901288601789896,0.0995611379913115,0.2313154338668814,0.0669183839080515,0.0892209616210891
316,316.0,0.0723702765082879,0.1711363090074863,0.1824125025654859,0.0893232508108882,0.1008921793367306,0.2293755942364297,0.066039458115287,0.0884504294194042
317,317.0,0.0732563081348572,0.1722815403184493,0.1833567275516328,0.0885445823302973,0.1022317997255225,0.2273508148719882,0.0652338391134476,0.0877443879538049
318,318.0,0.0741163228046068,0.1734255293424803,0.184176615432579,0.0877832709261687,0.1034267284344902,0.22548555329036,0.0644891948777715,0.0870967848915433
319,319.0,0.0751166323797924,0.1744709595745864,0.1847644719097642,0.087084628488219,0.104489229181932,0.223733709518284,0.0638223726871079,0.0865179962603137
320,320.0,0.0760779463376105,0.1754122722741789,0.1850275025111738,0.0866552277188131,0.1054194395977959,0.2221808252918908,0.0632248180826716,0.086001968185865
321,321.0,0.0771408299643295,0.1762748314760698,0.1855559010695215,0.0863722217161106,0.1068490424676972,0.219298113474456,0.0627410310986224,0.0857680287331927
322,322.0,0.0783148894212701,0.1771377650430984,0.1861463708552913,0.0861132414550094,0.1080016519382379,0.2163690643461885,0.0623253418057318,0.0855916751351722
323,323.0,0.0794219633518771,0.1777934658577119,0.1867659217801882,0.08587402950148,0.1090212170890627,0.2136919221843994,0.0619676306873105,0.08546384954797
324,324.0,0.0804564262254825,0.1782493145251883,0.1874121647005486,0.0858489272409631,0.1099104310606026,0.2110774156861845,0.0616649263154784,0.0853803942455515
325,325.0,0.0814390036510951,0.1786705444374911,0.188070505215101,0.0858860219501273,0.1109252179910873,0.2083694658400905,0.0614399627927381,0.0851992781222693
326,326.0,0.0823581353223349,0.1790079436325529,0.1886639193900498,0.0859648768310668,0.1118213342537789,0.205846804171674,0.0612733695155615,0.0850636168829809
327,327.0,0.0832070529292993,0.1792390702097551,0.189349828462704,0.0860726841805397,0.1125742347724377,0.2034573049504394,0.0611531322549092,0.0849466922399152
328,328.0,0.0839840473750461,0.179491214524086,0.1898043492742037,0.0861785928501437,0.1132116472595684,0.2012343221878329,0.061230621017715,0.0848652055114039
329,329.0,0.084674737728342,0.1797611000650032,0.1902877866995256,0.0862773591642011,0.1137362501914144,0.1991114517853592,0.0613396442150875,0.0848116701510668
330,330.0,0.0853485870903704,0.1801016068238249,0.1905842549578147,0.086423356690584,0.114294099613912,0.1969029389509585,0.0615138379982531,0.0848313178742819
331,331.0,0.0859261392459388,0.1803427299702742,0.190702630358693,0.0865667410176953,0.1147211993261618,0.1952022902799651,0.0616919615600265,0.0848463082412449
332,332.0,0.0864321068110827,0.1804998981358614,0.190725937542031,0.0867192840775652,0.1152227261789761,0.1936444077235273,0.0618905396180065,0.0848650999129495
333,333.0,0.0868580018204532,0.1805720804838287,0.1908184910018818,0.0868656526423379,0.1156037325598551,0.1923098875027489,0.0620926490180117,0.0848795049708823
334,334.0,0.0873056344428463,0.1805583354934659,0.1910954374445498,0.0872460858458571,0.1159151108279062,0.190619220122336,0.062336457737891,0.0849237180851474
335,335.0,0.0887485350495206,0.1808299210829839,0.1899576304283012,0.0879788834885503,0.1148081072536543,0.1894165229276744,0.0629413572023328,0.0853190425669822
336,336.0,0.0907176267339161,0.1809777929785755,0.1884669577163059,0.0886220939751081,0.1135629355327699,0.1884024279863648,0.0634658021672712,0.0857843629096883
337,337.0,0.0926039477428638,0.1810863073389999,0.1869667166842781,0.089256989114742,0.1122775671420674,0.1875606433135038,0.0639913388314707,0.0862564898320741
338,338.0,0.0943935449304518,0.1811347457506007,0.1852862383879132,0.0900531356658321,0.1109419394054998,0.1869747078213273,0.0645058686516291,0.0867098193867458
339,339.0,0.0960691525753629,0.1811458194004872,0.1835880752558816,0.0908268591917117,0.1095966648868269,0.1866142136712176,0.0650033593302712,0.0871558556882407
340,340.0,0.0976245416573607,0.1811228633956468,0.1818880710762204,0.0915725194433005,0.1082560156931036,0.1864654530587991,0.0654799586093922,0.0875905770661765
341,341.0,0.0990553279970841,0.1810692262133233,0.1803375558140842,0.0922853241213729,0.1069327937596333,0.1863768668040518,0.065932421539598,0.0880104837508523
342,342.0,0.1001024207241474,0.1809241321040503,0.1794501957845477,0.0928971893349296,0.1055742471781553,0.1864093577559548,0.0662939792125051,0.0883484779057095
343,343.0,0.1008147035812025,0.1807042570535853,0.1791760635790102,0.0934165036806452,0.1042019071816438,0.186491596701455,0.0660532022388328,0.0891417659836249
344,344.0,0.1015405605269664,0.1805101363234976,0.1787757368388949,0.0935034049100964,0.1031287742659865,0.1867500527361778,0.0658372744804475,0.0899540599179326
345,345.0,0.1020906222564089,0.1804190172681917,0.1783164434948528,0.0935012358970199,0.1024143846315905,0.1869740552161314,0.0655883132491774,0.0906959279866271
346,346.0,0.1025123576715689,0.1801925765898931,0.178049749442218,0.0934510053939201,0.1016262222233975,0.1872837074198454,0.0653267326460328,0.091557648613124
347,347.0,0.1028383822402091,0.1798204924430513,0.1778369413104106,0.093372133841589,0.1008980672721332,0.1877931320614462,0.0650596862573844,0.092381164573776
348,348.0,0.1030383173365234,0.1796541255528317,0.1776089422386028,0.0932027459812464,0.1003820370612211,0.1881453912041365,0.0647517990733786,0.0932166415520592
349,349.0,0.1031369825627521,0.1792475376849608,0.1777534518102199,0.0929642570887281,0.1001238392943949,0.1883942066764337,0.0644244216074835,0.0939553032750267
350,350.0,0.1031261365116886,0.1792020639238265,0.1779814169712876,0.0926595761884718,0.0998945801708124,0.1884871539802897,0.0640707613910131,0.0945783108626101
351,351.0,0.1030265781088957,0.1794956254565204,0.1781931987100204,0.0922979049476163,0.0995594957212214,0.1886306681615489,0.0637032979809785,0.0950932309131982
352,352.0,0.102847611910103,0.1801018541071301,0.1783865731904298,0.0918863972921131,0.0992533787362385,0.188693224617788,0.0633265240673651,0.0955044360788321
353,353.0,0.1026098044487827,0.1808312040829374,0.1786293387767446,0.0914339165515086,0.0989775219756964,0.188745402500427,0.062952169356513,0.0958206423073899
354,354.0,0.1019527366924248,0.1810468936896691,0.1779378082864506,0.0910785016527876,0.0995380795443913,0.1895413642930958,0.062701200907135,0.0962034149340454
355,355.0,0.1010454747089206,0.181925822887461,0.1771582135888141,0.0906397521242453,0.1001779793700009,0.1902398782470122,0.0623759135480496,0.0964369655254959
356,356.0,0.1001045569838093,0.1827601524476841,0.1764598186511986,0.0901882490337072,0.1008103144862729,0.1908338463739295,0.0622502442417184,0.0965928177816796
357,357.0,0.0991418748396802,0.1835445044104617,0.1760420916091436,0.0897282760750599,0.1014274061531443,0.1913204801106465,0.0621203077133231,0.0966750590885406
358,358.0,0.0981657243677994,0.1851204874580062,0.1756894849811806,0.0892400129606067,0.101248033855731,0.1916747184895524,0.0619837158754511,0.0968778220116722
359,359.0,0.0971941014769865,0.1863374814552881,0.175305548572799,0.0887376061448857,0.1010451667744317,0.1925136817737262,0.0618503787497737,0.0970160350521088
360,360.0,0.0962314478366953,0.1875708164820202,0.1750384360783887,0.0882262131008789,0.1008473735760151,0.1932547386845566,0.0617214313611439,0.097109542880301
361,361.0,0.095280214094917,0.1886688499363576,0.1747647838966539,0.0877056178427544,0.1006439779349892,0.1938573971907914,0.0615928692970165,0.0974862898065198
362,362.0,0.0943605078203301,0.1897699427049326,0.1745107867971985,0.0871923434392773,0.1004491437323447,0.1944112960140285,0.0614776768666948,0.0978283026251932
363,363.0,0.0933903534803895,0.1908046135116263,0.1743152264779877,0.0867092620097647,0.1002502790118427,0.1948422126986939,0.0614075748415441,0.0982804779681508
364,364.0,0.0924510267095249,0.1920416913660086,0.1741129579609361,0.086225885710953,0.1000490293239551,0.1951347731127699,0.0613373513926806,0.0986472844231715
365,365.0,0.0915405518304644,0.1929766941217979,0.1739990317574498,0.0858830301810666,0.0998453726840731,0.1955733548268011,0.0612578914990147,0.098924073099332
366,366.0,0.0906992462811771,0.1942437245606862,0.1736398711380906,0.085597763035666,0.0996720912654147,0.1959670276122607,0.0610230246672547,0.0991572514394496
367,367.0,0.0898967539216867,0.1954193712841148,0.1733578643273844,0.0853347213285683,0.0995108415566474,0.1963520831184535,0.0607845152877991,0.0993438491753455
368,368.0,0.089131002140575,0.1964363047147948,0.1730293937666062,0.0850708936259133,0.0993488888073984,0.1968476700523906,0.0606853349132257,0.0994505119790958
369,369.0,0.0884170862328973,0.1975443861986078,0.1727114684264839,0.0848296994322043,0.0991932802085873,0.197222527275671,0.0605913013406976,0.0994902508848506
370,370.0,0.0877565718416884,0.1987308287606786,0.1724054331809557,0.0846108974097851,0.0990445475024595,0.1974814698288389,0.0605024502970369,0.0994678011785567
371,371.0,0.0871503419882431,0.1999831893159947,0.1721123954310771,0.0844140543907807,0.0989031084558378,0.1976300620146419,0.0604187700688232,0.0993880783346013
372,372.0,0.0866108711577687,0.2012144170964857,0.1721462209125343,0.0843562330757262,0.098767990727072,0.1972936406077343,0.0603509517254417,0.099259674697237
373,373.0,0.0861163371792994,0.2025482754683992,0.1722668922746141,0.0842871089201808,0.0986352457528625,0.1967938114605046,0.0602774343388276,0.0990748946053116
374,374.0,0.0856661423601644,0.2039722049873937,0.1724696257080836,0.0842058912566418,0.098505207773607,0.196143456655006,0.0601983639574881,0.0988391073016153
375,375.0,0.0852793784175231,0.205422009134113,0.1727246571183646,0.0841434457547624,0.0983856030203901,0.195336303057154,0.0601353707738122,0.0985732327238805
376,376.0,0.0849381592860138,0.2067566243922797,0.1730953752091467,0.0841002958295628,0.0982783603943077,0.1944647787576732,0.0600720663827316,0.0982943397482844
