,Unnamed: 0,Total_iterations,Intertwine_two,Add_vertex,Delete_vertex,Invert_path_vertices,Insert_inside_vertex,Delete_inside_vertex,Replace_inside_vertex,Donate_between_routes
0,0.0,0.0,0.125,0.125,0.125,0.125,0.125,0.125,0.125,0.125
1,1.0,0.10900000000000001,0.125,0.125,0.125,0.125,0.125,0.125,0.125,0.125
2,2.0,0.31601,0.125,0.125,0.125,0.125,0.125,0.125,0.125,0.125
3,3.0,0.6191589000000001,0.125,0.125,0.125,0.125,0.125,0.125,0.125,0.125
4,4.0,1.015801321,0.125,0.125,0.125,0.125,0.125,0.125,0.125,0.125
5,5.0,1.50262148669,0.125,0.125,0.125,0.125,0.125,0.125,0.125,0.125
6,6.0,2.0757334209441005,0.125,0.125,0.125,0.125,0.125,0.125,0.125,0.125
7,7.0,2.7307768275633495,0.125,0.125,0.125,0.125,0.125,0.125,0.125,0.125
8,8.0,3.4630081252450404,0.125,0.125,0.125,0.125,0.125,0.125,0.125,0.125
9,9.0,4.2673862119061114,0.125,0.125,0.125,0.125,0.125,0.125,0.125,0.125
10,10.0,5.138652627782014,0.125,0.125,0.125,0.125,0.125,0.125,0.125,0.125
11,11.0,6.071405875792507,0.125,0.125,0.125,0.125,0.125,0.125,0.125,0.125
12,12.0,7.060169740244025,0.125,0.125,0.125,0.125,0.125,0.125,0.125,0.125
13,13.0,8.099455520847952,0.125,0.125,0.125,0.125,0.125,0.125,0.125,0.125
14,14.0,9.183818168183006,0.125,0.125,0.125,0.125,0.125,0.125,0.125,0.125
15,15.0,10.307906369102724,0.125,0.125,0.125,0.125,0.125,0.125,0.125,0.125
16,16.0,11.466506686239443,0.125,0.125,0.125,0.125,0.125,0.125,0.125,0.125
17,17.0,12.654581904800096,0.125,0.125,0.125,0.125,0.125,0.125,0.125,0.125
18,18.0,13.867303782456686,0.125,0.125,0.125,0.125,0.125,0.125,0.125,0.125
19,19.0,15.100080434523047,0.125,0.125,0.125,0.125,0.125,0.125,0.125,0.125
20,20.0,16.348578617037543,0.125,0.125,0.125,0.125,0.125,0.125,0.125,0.125
21,21.0,17.608741195130214,0.125,0.125,0.125,0.125,0.125,0.125,0.125,0.125
22,22.0,18.876800103462312,0.125,0.125,0.125,0.125,0.125,0.125,0.125,0.125
23,23.0,20.14928511992658,0.125,0.125,0.125,0.125,0.125,0.125,0.125,0.125
24,24.0,21.423028783545156,0.125,0.125,0.125,0.125,0.125,0.125,0.125,0.125
25,25.0,22.695167792966423,0.125,0.125,0.125,0.125,0.125,0.125,0.125,0.125
26,26.0,23.963141223515898,0.125,0.125,0.125,0.125,0.125,0.125,0.125,0.125
27,27.0,25.224685898775267,0.125,0.125,0.125,0.125,0.125,0.125,0.125,0.125
28,28.0,26.477829247520948,0.125,0.125,0.125,0.125,0.125,0.125,0.125,0.125
29,29.0,27.720879968916847,0.125,0.125,0.125,0.125,0.125,0.125,0.125,0.125
30,30.0,28.95241681848399,0.125,0.125,0.125,0.125,0.125,0.125,0.125,0.125
31,31.0,30.17127581490958,0.125,0.125,0.125,0.125,0.125,0.125,0.125,0.125
32,32.0,31.376536153543515,0.125,0.125,0.125,0.125,0.125,0.125,0.125,0.125
33,33.0,32.567505096778625,0.125,0.125,0.125,0.125,0.125,0.125,0.125,0.125
34,34.0,33.74370209472243,0.125,0.125,0.125,0.125,0.125,0.125,0.125,0.125
35,35.0,34.90484237192463,0.125,0.125,0.125,0.125,0.125,0.125,0.125,0.125
36,36.0,36.05082019768737,0.125,0.125,0.125,0.125,0.125,0.125,0.125,0.125
37,37.0,37.18169203889697,0.125,0.125,0.125,0.125,0.125,0.125,0.125,0.125
38,38.0,38.29765977559663,0.125,0.125,0.125,0.125,0.125,0.125,0.125,0.125
39,39.0,39.399054140870355,0.125,0.125,0.125,0.125,0.125,0.125,0.125,0.125
40,40.0,40.48631852820801,0.125,0.125,0.125,0.125,0.125,0.125,0.125,0.125
41,41.0,41.55999329152982,0.125,0.125,0.125,0.125,0.125,0.125,0.125,0.125
42,42.0,42.62070064560415,0.125,0.125,0.125,0.125,0.125,0.125,0.125,0.125
43,43.0,43.669130257815,0.125,0.125,0.125,0.125,0.125,0.125,0.125,0.125
44,44.0,44.70602560622662,0.125,0.125,0.125,0.125,0.125,0.125,0.125,0.125
45,45.0,45.73217116373481,0.125,0.125,0.125,0.125,0.125,0.125,0.125,0.125
46,46.0,46.748380453854836,0.125,0.125,0.125,0.125,0.125,0.125,0.125,0.125
47,47.0,47.755485010424316,0.125,0.125,0.125,0.125,0.125,0.125,0.125,0.125
48,48.0,48.7543242612326,0.125,0.125,0.125,0.125,0.125,0.125,0.125,0.125
49,49.0,49.745736344347726,0.125,0.125,0.125,0.125,0.125,0.125,0.125,0.125
50,50.0,50.730549855707864,0.125,0.125,0.125,0.125,0.125,0.125,0.125,0.125
51,51.0,51.70957651737491,0.125,0.125,0.125,0.125,0.125,0.125,0.125,0.125
52,52.0,52.68360474770151,0.125,0.125,0.125,0.125,0.125,0.125,0.125,0.125
53,53.0,53.65339410751842,0.125,0.125,0.125,0.125,0.125,0.125,0.125,0.125
54,54.0,54.61967059027847,0.125,0.125,0.125,0.125,0.125,0.125,0.125,0.125
55,55.0,55.58312271885972,0.125,0.125,0.125,0.125,0.125,0.125,0.125,0.125
56,56.0,56.544398407394254,0.125,0.125,0.125,0.125,0.125,0.125,0.125,0.125
57,57.0,57.504102543001395,0.125,0.125,0.125,0.125,0.125,0.125,0.125,0.125
58,58.0,58.462795239617805,0.125,0.125,0.125,0.125,0.125,0.125,0.125,0.125
59,59.0,59.42099071417639,0.125,0.125,0.125,0.125,0.125,0.125,0.125,0.125
60,60.0,60.379156734137354,0.125,0.125,0.125,0.125,0.125,0.125,0.125,0.125
61,61.0,61.337714584760846,0.125,0.125,0.125,0.125,0.125,0.125,0.125,0.125
62,62.0,62.29703950447439,0.125,0.125,0.125,0.125,0.125,0.125,0.125,0.125
63,63.0,63.257461537171835,0.125,0.125,0.125,0.125,0.125,0.125,0.125,0.125
64,64.0,64.21926675122782,0.125,0.125,0.125,0.125,0.125,0.125,0.125,0.125
65,65.0,65.18269877636592,0.125,0.125,0.125,0.125,0.125,0.125,0.125,0.125
66,66.0,66.14796061122655,0.125,0.125,0.125,0.125,0.125,0.125,0.125,0.125
67,67.0,67.11521665648885,0.125,0.125,0.125,0.125,0.125,0.125,0.125,0.125
68,68.0,68.08459493066005,0.125,0.125,0.125,0.125,0.125,0.125,0.125,0.125
69,69.0,69.05618942810752,0.125,0.125,0.125,0.125,0.125,0.125,0.125,0.125
70,70.0,70.03006258152917,0.125,0.125,0.125,0.125,0.125,0.125,0.125,0.125
71,71.0,71.00624779379335,0.125,0.125,0.125,0.125,0.125,0.125,0.125,0.125
72,72.0,71.98475200689319,0.125,0.125,0.125,0.125,0.125,0.125,0.125,0.125
73,73.0,72.96555827861411,0.125,0.125,0.125,0.125,0.125,0.125,0.125,0.125
74,74.0,73.94862834037681,0.125,0.125,0.125,0.125,0.125,0.125,0.125,0.125
75,75.0,74.93390511255946,0.125,0.125,0.125,0.125,0.125,0.125,0.125,0.125
76,76.0,75.92131515639825,0.125,0.125,0.125,0.125,0.125,0.125,0.125,0.125
77,77.0,76.92077104428918,0.125,0.125,0.125,0.125,0.125,0.125,0.125,0.125
78,78.0,77.92207363294813,0.125,0.125,0.125,0.125,0.125,0.125,0.125,0.125
79,79.0,78.9250252264117,0.125,0.125,0.125,0.125,0.125,0.125,0.125,0.125
80,80.0,79.9294314082648,0.125,0.125,0.125,0.125,0.125,0.125,0.125,0.125
81,81.0,80.93510265784994,0.125,0.125,0.125,0.125,0.125,0.125,0.125,0.125
82,82.0,81.94185575589806,0.125,0.125,0.125,0.125,0.125,0.125,0.125,0.125
83,83.0,82.9495149865824,0.125,0.125,0.125,0.125,0.125,0.125,0.125,0.125
84,84.0,83.95791314433248,0.125,0.125,0.125,0.125,0.125,0.125,0.125,0.125
85,85.0,84.96689235486423,0.125,0.125,0.125,0.125,0.125,0.125,0.125,0.125
86,86.0,85.97630472079415,0.125,0.125,0.125,0.125,0.125,0.125,0.125,0.125
87,87.0,86.98601280292313,0.125,0.125,0.125,0.125,0.125,0.125,0.125,0.125
88,88.0,87.99588994881,0.125,0.125,0.125,0.125,0.125,0.125,0.125,0.125
89,89.0,89.00582048062007,0.125,0.125,0.125,0.125,0.125,0.125,0.125,0.125
90,90.0,90.01569975444295,0.125,0.125,0.125,0.125,0.125,0.125,0.125,0.125
91,91.0,91.02543410333911,0.125,0.125,0.125,0.125,0.125,0.125,0.125,0.125
92,92.0,92.04494067631227,0.125,0.125,0.125,0.125,0.125,0.125,0.125,0.125
93,93.0,93.06404718522498,0.125,0.125,0.125,0.125,0.125,0.125,0.125,0.125
94,94.0,94.08260257139418,0.125,0.125,0.125,0.125,0.125,0.125,0.125,0.125
95,95.0,95.1004763932325,0.125,0.125,0.125,0.125,0.125,0.125,0.125,0.125
96,96.0,96.11755806895466,0.125,0.125,0.125,0.125,0.125,0.125,0.125,0.125
97,97.0,97.14375599641508,0.125,0.125,0.125,0.125,0.125,0.125,0.125,0.125
98,98.0,98.16889657116529,0.125,0.125,0.125,0.125,0.125,0.125,0.125,0.125
99,99.0,99.19283412272884,0.125,0.125,0.125,0.125,0.125,0.125,0.125,0.125
100,100.0,100.21544957790873,0.125,0.125,0.125,0.125,0.125,0.125,0.125,0.125
101,101.0,101.23664899179154,0.125,0.125,0.125,0.125,0.125,0.125,0.125,0.125
102,102.0,102.25636197436818,0.125,0.125,0.125,0.125,0.125,0.125,0.125,0.125
103,103.0,103.27454003894346,0.125,0.125,0.125,0.125,0.125,0.125,0.125,0.125
104,104.0,104.29115489667177,0.125,0.125,0.125,0.125,0.125,0.125,0.125,0.125
105,105.0,105.30619671966053,0.125,0.125,0.125,0.125,0.125,0.125,0.125,0.125
106,106.0,106.31967239315382,0.125,0.125,0.125,0.125,0.125,0.125,0.125,0.125
107,107.0,107.33160377536625,0.125,0.125,0.125,0.125,0.125,0.125,0.125,0.125
108,108.0,108.34202598160375,0.125,0.125,0.125,0.125,0.125,0.125,0.125,0.125
109,109.0,109.35098570740146,0.125,0.125,0.125,0.125,0.125,0.125,0.125,0.125
110,110.0,110.3585396035454,0.125,0.125,0.125,0.125,0.125,0.125,0.125,0.125
111,111.0,111.36475271403948,0.125,0.125,0.125,0.125,0.125,0.125,0.125,0.125
112,112.0,112.36969698634378,0.125,0.125,0.125,0.125,0.125,0.125,0.125,0.125
113,113.0,113.3734498615542,0.125,0.125,0.125,0.125,0.125,0.125,0.125,0.125
114,114.0,114.37609295062805,0.125,0.125,0.125,0.125,0.125,0.125,0.125,0.125
115,115.0,115.37771080128822,0.125,0.125,0.125,0.125,0.125,0.125,0.125,0.125
116,116.0,116.37838975886949,0.125,0.125,0.125,0.125,0.125,0.125,0.125,0.125
117,117.0,117.37821692310395,0.125,0.125,0.125,0.125,0.125,0.125,0.125,0.125
118,118.0,118.37727920168392,0.125,0.125,0.125,0.125,0.125,0.125,0.125,0.125
119,119.0,119.37566246038907,0.125,0.125,0.125,0.125,0.125,0.125,0.125,0.125
120,120.0,120.37345076861979,0.125,0.125,0.125,0.125,0.125,0.125,0.125,0.125
121,121.0,121.37072573834125,0.125,0.125,0.125,0.125,0.125,0.125,0.125,0.125
122,122.0,122.36756595370716,0.125,0.125,0.125,0.125,0.125,0.125,0.125,0.125
123,123.0,123.36404648799939,0.125,0.125,0.125,0.125,0.125,0.125,0.125,0.125
124,124.0,124.3602385039824,0.125,0.125,0.125,0.125,0.125,0.125,0.125,0.125
125,125.0,125.3562089333273,0.125,0.125,0.125,0.125,0.125,0.125,0.125,0.125
126,126.0,126.35202023040442,0.125,0.125,0.125,0.125,0.125,0.125,0.125,0.125
127,127.0,127.34773019546981,0.125,0.125,0.125,0.125,0.125,0.125,0.125,0.125
128,128.0,128.34339186207396,0.125,0.125,0.125,0.125,0.125,0.125,0.125,0.125
129,129.0,129.33905344339695,0.125,0.125,0.125,0.125,0.125,0.125,0.125,0.125
130,130.0,130.33475833215368,0.125,0.125,0.125,0.125,0.125,0.125,0.125,0.125
131,131.0,131.3305451487132,0.125,0.125,0.125,0.125,0.125,0.125,0.125,0.125
132,132.0,132.32644783212965,0.125,0.125,0.125,0.125,0.125,0.125,0.125,0.125
133,133.0,133.32249576888313,0.125,0.125,0.125,0.125,0.125,0.125,0.125,0.125
134,134.0,134.31871395427245,0.125,0.125,0.125,0.125,0.125,0.125,0.125,0.125
135,135.0,135.3151231815801,0.125,0.125,0.125,0.125,0.125,0.125,0.125,0.125
136,136.0,136.3117402543412,0.125,0.125,0.125,0.125,0.125,0.125,0.125,0.125
137,137.0,137.30857821728276,0.125,0.125,0.125,0.125,0.125,0.125,0.125,0.125
138,138.0,138.30564660175736,0.125,0.125,0.125,0.125,0.125,0.125,0.125,0.125
139,139.0,139.3029516817669,0.125,0.125,0.125,0.125,0.125,0.125,0.125,0.125
140,140.0,140.30049673695783,0.125,0.125,0.125,0.125,0.125,0.125,0.125,0.125
141,141.0,141.29828231926007,0.125,0.125,0.125,0.125,0.125,0.125,0.125,0.125
142,142.0,142.2963065201395,0.125,0.125,0.125,0.125,0.125,0.125,0.125,0.125
143,143.0,143.2945652357296,0.125,0.125,0.125,0.125,0.125,0.125,0.125,0.125
144,144.0,144.2930524274034,0.125,0.125,0.125,0.125,0.125,0.125,0.125,0.125
145,145.0,145.2917603756358,0.125,0.125,0.125,0.125,0.125,0.125,0.125,0.125
146,146.0,146.29067992528857,0.125,0.125,0.125,0.125,0.125,0.125,0.125,0.125
147,147.0,147.28980072072318,0.125,0.125,0.125,0.125,0.125,0.125,0.125,0.125
148,148.0,148.28911142940711,0.125,0.125,0.125,0.125,0.125,0.125,0.125,0.125
149,149.0,149.2885999529286,0.125,0.125,0.125,0.125,0.125,0.125,0.125,0.125
150,150.0,150.28825362456863,0.125,0.125,0.125,0.125,0.125,0.125,0.125,0.125
151,151.0,151.28805939279897,0.125,0.125,0.125,0.125,0.125,0.125,0.125,0.125
152,152.0,152.28800399027827,0.125,0.125,0.125,0.125,0.125,0.125,0.125,0.125
153,153.0,153.28807408810687,0.125,0.125,0.125,0.125,0.125,0.125,0.125,0.125
154,154.0,154.28825643527153,0.125,0.125,0.125,0.125,0.125,0.125,0.125,0.125
155,155.0,155.28853798336704,0.125,0.125,0.125,0.125,0.125,0.125,0.125,0.125
156,156.0,156.2889059968193,0.125,0.125,0.125,0.125,0.125,0.125,0.125,0.125
157,157.0,157.28934814895814,0.125,0.125,0.125,0.125,0.125,0.125,0.125,0.125
158,158.0,158.28985260439353,0.125,0.125,0.125,0.125,0.125,0.125,0.125,0.125
159,159.0,159.29040808824146,0.125,0.125,0.125,0.125,0.125,0.125,0.125,0.125
160,160.0,160.2910039428222,0.125,0.125,0.125,0.125,0.125,0.125,0.125,0.125
161,161.0,161.29163017251662,0.125,0.125,0.125,0.125,0.125,0.125,0.125,0.125
162,162.0,162.29227747751642,0.125,0.125,0.125,0.125,0.125,0.125,0.125,0.125
163,163.0,163.2929372772411,0.125,0.125,0.125,0.125,0.125,0.125,0.125,0.125
164,164.0,164.2936017242209,0.125,0.125,0.125,0.125,0.125,0.125,0.125,0.125
165,165.0,165.2942637092605,0.125,0.125,0.125,0.125,0.125,0.125,0.125,0.125
166,166.0,166.29491685870354,0.125,0.125,0.125,0.125,0.125,0.125,0.125,0.125
167,167.0,167.29555552461522,0.125,0.125,0.125,0.125,0.125,0.125,0.125,0.125
168,168.0,168.2961747686896,0.125,0.125,0.125,0.125,0.125,0.125,0.125,0.125
169,169.0,169.29677034066964,0.125,0.125,0.125,0.125,0.125,0.125,0.125,0.125
170,170.0,170.29733865204497,0.125,0.125,0.125,0.125,0.125,0.125,0.125,0.125
171,171.0,171.29787674576232,0.125,0.125,0.125,0.125,0.125,0.125,0.125,0.125
172,172.0,172.2983822626503,0.125,0.125,0.125,0.125,0.125,0.125,0.125,0.125
173,173.0,173.298853405223,0.125,0.125,0.125,0.125,0.125,0.125,0.125,0.125
174,174.0,174.2992888994862,0.125,0.125,0.125,0.125,0.125,0.125,0.125,0.125
175,175.0,175.30968795532823,0.125,0.125,0.125,0.125,0.125,0.125,0.125,0.125
176,176.0,176.31995022603274,0.125,0.125,0.125,0.125,0.125,0.125,0.125,0.125
177,177.0,177.3299867674065,0.125,0.125,0.125,0.125,0.125,0.125,0.125,0.125
178,178.0,178.33971978696883,0.125,0.125,0.125,0.125,0.125,0.125,0.125,0.125
179,179.0,179.3490823067052,0.125,0.125,0.125,0.125,0.125,0.125,0.125,0.125
180,180.0,180.3580177514009,0.125,0.125,0.125,0.125,0.125,0.125,0.125,0.125
181,181.0,181.36647947411302,0.125,0.125,0.125,0.125,0.125,0.125,0.125,0.125
182,182.0,182.37443022981282,0.125,0.125,0.125,0.125,0.125,0.125,0.125,0.125
183,183.0,183.3818416076445,0.125,0.125,0.125,0.125,0.125,0.125,0.125,0.125
184,184.0,184.38869343161656,0.125,0.125,0.125,0.125,0.125,0.125,0.125,0.125
185,185.0,185.39497313887523,0.125,0.125,0.125,0.125,0.125,0.125,0.125,0.125
186,186.0,186.40067514401932,0.125,0.125,0.125,0.125,0.125,0.125,0.125,0.125
187,187.0,187.4058001972088,0.125,0.125,0.125,0.125,0.125,0.125,0.125,0.125
188,188.0,188.41035474310726,0.125,0.125,0.125,0.125,0.125,0.125,0.125,0.125
189,189.0,189.41435028698479,0.125,0.125,0.125,0.125,0.125,0.125,0.125,0.125
190,190.0,190.4178027736047,0.125,0.125,0.125,0.125,0.125,0.125,0.125,0.125
191,191.0,191.4207319838266,0.125,0.125,0.125,0.125,0.125,0.125,0.125,0.125
192,192.0,192.42316095318805,0.125,0.125,0.125,0.125,0.125,0.125,0.125,0.125
193,193.0,193.42511541608147,0.125,0.125,0.125,0.125,0.125,0.125,0.125,0.125
194,194.0,194.42662327852472,0.125,0.125,0.125,0.125,0.125,0.125,0.125,0.125
195,195.0,195.42771412193838,0.125,0.125,0.125,0.125,0.125,0.125,0.125,0.125
196,196.0,196.4284187397913,0.125,0.125,0.125,0.125,0.125,0.125,0.125,0.125
197,197.0,197.42876870846104,0.125,0.125,0.125,0.125,0.125,0.125,0.125,0.125
198,198.0,198.4287959931792,0.125,0.125,0.125,0.125,0.125,0.125,0.125,0.125
199,199.0,199.42853258949373,0.125,0.125,0.125,0.125,0.125,0.125,0.125,0.125
200,200.0,200.42801020028185,0.125,0.125,0.125,0.125,0.125,0.125,0.125,0.125
201,201.0,201.42725994798838,0.12486111111111112,0.12486111111111112,0.12597222222222224,0.12486111111111112,0.12486111111111112,0.12486111111111112,0.12486111111111112,0.12486111111111112
202,202.0,202.42631212144437,0.12472361111111113,0.12472361111111113,0.12693472222222224,0.12472361111111113,0.12472361111111113,0.12472361111111113,0.12472361111111113,0.12472361111111113
203,203.0,203.4251959563403,0.12447762500000002,0.12447762500000002,0.12765662500000002,0.12547762500000004,0.12447762500000002,0.12447762500000002,0.12447762500000002,0.12447762500000002
204,204.0,204.42393944818323,0.12400666327020204,0.12491575417929296,0.12803406417929294,0.12590575417929298,0.12400666327020204,0.12511777438131316,0.12400666327020204,0.12400666327020204
205,205.0,205.42256919636003,0.12346899370694447,0.1252023270402778,0.12823483294027777,0.12700676037361117,0.12346899370694447,0.12568010481805558,0.12346899370694447,0.12346899370694447
206,206.0,206.42111027775553,0.12294484560738766,0.12548599712253916,0.12952206538465025,0.12808870945587253,0.12294484560738766,0.12512384560738765,0.12294484560738766,0.12294484560738766
207,207.0,207.41958614823398,0.12332699719504599,0.12565310689201564,0.13055202059740564,0.12903157653534905,0.12232699719504599,0.12445530719504598,0.12232699719504599,0.12232699719504599
208,208.0,208.41801857018223,0.12353917880350317,0.12572273219138191,0.13135830856775993,0.12992468962637288,0.12164008789441226,0.12370149379441225,0.12164008789441226,0.12247342122774559
209,209.0,209.41642756423383,0.12375990197823111,0.1257857433964735,0.13211886950388604,0.13077772936051546,0.12097971106914021,0.1229602892201402,0.12097971106914021,0.12263804440247353
210,210.0,210.41483138323792,0.12384721644196658,0.12570328291577806,0.13360087252004754,0.1305381928781437,0.12132203946216862,0.12209895574644748,0.1202109283510575,0.12267851168439083
211,211.0,211.4132465065092,0.12393858992117147,0.12561572252268127,0.13502417155989746,0.1302609149839145,0.12168837926773714,0.1212631195980131,0.11947726815662602,0.12273183398995935
212,212.0,212.4116876523883,0.1238574891042931,0.12628513157303797,0.13600122765149208,0.12971312635863974,0.1217863411602113,0.12119246663767279,0.11860734116021128,0.12255687635444204
213,213.0,213.4101678071556,0.12339835160548777,0.12745712991001013,0.13652684013868663,0.12883718502150573,0.12150301097320346,0.12188049354552902,0.11830894339744587,0.12208804540813174
214,214.0,214.40869826837462,0.12278069812006188,0.1283873737642016,0.13670813279928465,0.12844295015035426,0.12107011323229389,0.12331046660669812,0.11788684975653631,0.12141341557056962
215,215.0,215.40728870078797,0.12196172161669656,0.12954288399749642,0.1365165525281677,0.12773271359381871,0.12119967426302247,0.12434723812858375,0.11729281559687095,0.12140640027534372
216,216.0,216.40594720295212,0.12098107449854976,0.13026859152366393,0.13600501370992968,0.1281531199439449,0.12103545960422513,0.1258765454316803,0.11656130564825237,0.12111888963975412
217,217.0,217.40468038287034,0.11988921553526632,0.13081508939052508,0.13614344615778373,0.12843157839124297,0.12074835882381227,0.12752246851596238,0.11573786782604731,0.12071197535936012
218,218.0,218.40349344096802,0.1187690819368902,0.1312557310212393,0.13617636585653947,0.12864039657742016,0.12041442897764702,0.1296447070852891,0.11490082673173392,0.12019846181324098
219,219.0,219.40239025884625,0.11763744975566166,0.1315994428758614,0.13611674213686648,0.12878719759947407,0.12004443952351353,0.1321524291834847,0.11406266035621339,0.1195996385689249
220,220.0,220.4013734923482,0.11650861667350974,0.13185431231528588,0.13597625707963581,0.12887854666542797,0.11964752781858144,0.13496735722202832,0.11323369439319315,0.11893368783233775
221,221.0,221.4004446675765,0.1152287254214826,0.13175191908688247,0.1355995359793099,0.1286992647354216,0.11966988511950988,0.1387439302398087,0.11225643277118771,0.11805030664639732
222,222.0,222.39960427860618,0.11450400510079475,0.13193256939253867,0.13502562735624155,0.12829169693522255,0.11939420547093034,0.14178320459076968,0.1120762262864466,0.116992464867056
223,223.0,223.39885188574684,0.11365217873383561,0.13181410140388805,0.1342876486279188,0.1276915975850257,0.11886428037183397,0.14616504655520104,0.1117288916751345,0.11579625504716246
224,224.0,224.39818621331594,0.11298205977493847,0.13050286821490842,0.13407613784485362,0.12533680541936942,0.11847341820430003,0.1508342164757209,0.11232211226947082,0.11547238179643846
225,225.0,225.39760524599498,0.11229742592563337,0.12907150593026973,0.1337808105730981,0.12292908489420344,0.11802686854959486,0.15600581183553722,0.11282389484844187,0.11506459744322155
226,226.0,226.39710632294617,0.11167970977343103,0.12764316005288745,0.13348613649421573,0.12057094081070727,0.1176078004129595,0.16094542763625463,0.11336095069722187,0.11470587412232269
227,227.0,227.39668622897278,0.11108077766252414,0.1261841933531907,0.13314737798208898,0.11823337791792983,0.11717003727633427,0.16600781805672826,0.11382914383510401,0.11434727391610003
228,228.0,228.39634128210702,0.11048212146227315,0.12466582900897935,0.13274971201754449,0.11591509467810797,0.11669720722346535,0.17135865315934912,0.11420925003037072,0.11392213241991005
229,229.0,229.39606741710674,0.10989021898751622,0.12310949282183171,0.13230352484937066,0.11409241025679101,0.11619806409040702,0.17586908152543654,0.11509576634746735,0.11344144112117968
230,230.0,230.39586026443544,0.10931044006081424,0.12153438918190634,0.13181825663997493,0.11230526403176366,0.11611513939556717,0.18013375748433264,0.11586762977486675,0.11291512343077446
231,231.0,231.3957152243869,0.10874721273448856,0.12037432577464262,0.13130251079343327,0.11056748688274293,0.11599806287007716,0.1841294383411457,0.1165287735823725,0.11235218902109745
232,232.0,232.39562753609937,0.10820415180292425,0.1192070079064992,0.13076413021308517,0.1088907950359372,0.11585069582457573,0.18773908129026948,0.11758329597505833,0.11176084195165085
233,233.0,233.3955923412796,0.10817573639886809,0.11808970888896227,0.13022563686483146,0.1073157215663098,0.11570741566823584,0.19076894056014962,0.11852212840682023,0.11119471164582287
234,234.0,234.395604742529,0.10765254436536806,0.11798601740956413,0.12978775662927497,0.10601708614006994,0.11448847728293547,0.19345493768425345,0.11950706693404838,0.11110611355448576
235,235.0,235.39565985622815,0.1071277392391575,0.11788883945501473,0.12979695142714595,0.10479707427898427,0.11325547884726667,0.19579301844933708,0.12035631547208776,0.11098458283100619
236,236.0,236.39575285999513,0.10668151630338157,0.11787274970054196,0.13044093406137436,0.1037346849937225,0.11209681759919726,0.19878231691050538,0.12031583847101697,0.11007514196026018
237,237.0,237.39587903478545,0.10658213757052233,0.11778429992188573,0.13164081151308268,0.1026796901267889,0.11087155663968204,0.20129239284445455,0.12007934582873048,0.10906976555485347
238,238.0,238.39603380174887,0.10642367336480044,0.1181743890676891,0.13273442446737935,0.10161366057106075,0.10957036893550148,0.20338931722372353,0.12008750702194197,0.10800665934790359
239,239.0,239.39621275399847,0.10630106615783069,0.11857646734371909,0.13380891252673383,0.10064825865551738,0.10831375760270656,0.20533486029390363,0.12005822433744087,0.10695845308214816
240,240.0,240.3964116834831,0.10603099754044555,0.11863688315455119,0.1356994845186848,0.09956004696146065,0.10688680244365154,0.20690812769427006,0.11941457620848142,0.10686308147845504
241,241.0,241.39662660318447,0.10557164970216837,0.11850990894902497,0.13841919968769906,0.09838079606043504,0.10532941486930558,0.2084092120193821,0.11889440179233776,0.10648541691964737
242,242.0,242.39685376488387,0.10504770478632303,0.11831673207708364,0.1407853102763762,0.09723297091709864,0.10377178053189214,0.20984204318861885,0.11823091848394394,0.1067725397386638
243,243.0,243.39708967276448,0.10446153059490522,0.11886350158492046,0.14238792252409355,0.09613121952225172,0.10156914609956127,0.21137859069417153,0.11746140167633036,0.10774668730376613
244,244.0,244.39733109312937,0.1038703469726686,0.1193651433493086,0.14371493208033598,0.0950892137075496,0.09969307739646163,0.21297974419927387,0.11664928506277736,0.10863825723162457
245,245.0,245.3975750605265,0.10328844485017791,0.1198433175924953,0.14547166553325439,0.09345975331486153,0.09789469954510444,0.2141624223252224,0.11640306323539257,0.10947663360349164
246,246.0,246.39781888057865,0.10272219197148386,0.12096302061292362,0.1475284194247824,0.09189086525022336,0.09615721408313942,0.2151388877425326,0.1153672535626247,0.11023214735229019
247,247.0,247.3980601298198,0.1024657670229092,0.12177715603304716,0.14978751617464875,0.0903660229271526,0.09446574839192311,0.21551420799113089,0.1142177223025755,0.11140585915661293
248,248.0,248.39829665283864,0.10216218639184407,0.12286243305041153,0.15175228444293493,0.08890737246550692,0.092836409914569,0.21596453431362894,0.11302164849352447,0.11249313092758025
249,249.0,249.3985265570272,0.10185565330853247,0.1253384162942466,0.15217938614233978,0.0878935422810948,0.09164958479302227,0.2165231951688532,0.11130619370370409,0.11325402830820686
250,250.0,250.3987482052266,0.10135818355478352,0.1278047012958512,0.15212278495116374,0.08716361937600493,0.09041938847553233,0.21694237150341653,0.10942320050439842,0.11476575033884939
251,251.0,251.39896020655385,0.10079178115240221,0.13075955136379133,0.15172870347695108,0.08648513525238166,0.08926183573406611,0.2173293567110844,0.10750659618635863,0.11613704012296466
252,252.0,252.39916140568283,0.10024654879337279,0.13386464998177633,0.1511705668977199,0.08589844091822156,0.08821027036398806,0.2175265255046632,0.10564677588838087,0.11743622165187742
253,253.0,253.39935087084208,0.09968528276608872,0.13705592452046375,0.15074189015846987,0.08537984659738086,0.08725431218648239,0.2174093259049351,0.10382620102573839,0.11864721684044105
254,254.0,254.399527880777,0.09915661834927095,0.13988173608638962,0.15055211431247506,0.08494829669436271,0.08615176774828129,0.21785369812089367,0.10210096917147124,0.1193547995168556
255,255.0,255.3996919109106,0.09842433225918967,0.14312945445834488,0.15062557128912252,0.08440305789808672,0.08496920878546992,0.21843319077074685,0.09996696590239224,0.12004821863664737
256,256.0,256.39984261892175,0.09772549243582682,0.1460131416377689,0.14958010384051293,0.08393481109736703,0.08389230056128867,0.21885910540826953,0.09833434525651955,0.12166069976244676
257,257.0,257.3999798299426,0.09725437621579167,0.14882433522787938,0.14893972451258228,0.08347528077020072,0.08286439165500639,0.21871217258766468,0.09671093553575387,0.12321878349512115
258,258.0,258.40010352156196,0.09680619276374963,0.1516103601932854,0.14819783132551215,0.08320509738858706,0.08192687168143555,0.2184182246127874,0.09517477258350499,0.12466064945113793
259,259.0,259.40021380880376,0.09635946472592982,0.15374057617759332,0.1479509640825784,0.08305390669375248,0.08107452697757768,0.21786497015757705,0.09399089148301573,0.12596469970197557
260,260.0,260.40031092923334,0.0958969333504463,0.15591829045136246,0.1474762418734922,0.08290533752436925,0.08027973503508849,0.21758399334894651,0.09286027777502892,0.1270791906412659
261,261.0,261.40039522832757,0.09546669702453008,0.15803884344188454,0.14691870320348713,0.08278834626742669,0.07981515534578379,0.2170877699718116,0.09182723519331591,0.12805724955176034
262,262.0,262.40046714522913,0.09476337052153515,0.15992557535783422,0.1463558740751206,0.08270561129193575,0.07942141450528646,0.21706549850507445,0.09088193807941854,0.12888071766379494
263,263.0,263.40052719898824,0.0940348319229023,0.16138581773937583,0.14558051586116094,0.08290185011715627,0.07907534612744099,0.21751515375031302,0.08997070511108224,0.12953577937056854
264,264.0,264.40057597538157,0.09329319538480689,0.1624546147178435,0.14599704504470887,0.08309808414228147,0.0787894189392955,0.21794016520046458,0.0891011465382531,0.1293263300323462
265,265.0,265.40061411438177,0.09245088670881753,0.16332544391532164,0.1463223210517164,0.0834551786202107,0.07857589692213215,0.21853545078133205,0.08832214167736363,0.12901268032310606
266,266.0,266.4006422983381,0.09155308713914358,0.16391807421799415,0.1472862050947906,0.08374373590831237,0.07833835517908407,0.2191940997866564,0.0875406950968573,0.1284257475771617
267,267.0,267.4006612409154,0.09064566607735985,0.16445070092750833,0.14931417456256357,0.08398052671635933,0.07810187295186385,0.21959292799873784,0.08678673805404075,0.1271273927115666
268,268.0,268.4006716768258,0.089773634905434,0.16466867750419822,0.15119955795283874,0.08421187822833232,0.07791439085196786,0.2203694502979714,0.08609964625901324,0.12576276400024433
269,269.0,269.400674352377,0.08896035495828684,0.16462757390581428,0.1526234607905445,0.08502283954449251,0.07791907794195563,0.2209849183180556,0.0854938459583966,0.12436792858245406
270,270.0,270.4006700168493,0.08816741645646856,0.16442951036345024,0.1538785147197634,0.08581037190082387,0.07796406001351372,0.2218689059632153,0.0849373621435126,0.12294385843925236
271,271.0,271.40065941470584,0.08739059171548084,0.16395579404470687,0.1553450314927971,0.0865436845186362,0.07803618365008616,0.2226892615717157,0.08427763343588157,0.12176181957069562
272,272.0,272.4006432786297,0.0869113177672248,0.16323111535044454,0.15660154506305565,0.08748862958101367,0.0781309288253682,0.22342174106873403,0.083650340965908,0.12056438137825118
273,273.0,273.4006223233748,0.08644469031723101,0.16228039498984076,0.15828062219622233,0.08861179512165568,0.07824402828267842,0.2238545817660355,0.08305572396857791,0.11922816335775847
274,274.0,274.4005972404117,0.086254542207408,0.1611285132178494,0.1599860570797221,0.08965030326557193,0.07837148514991134,0.22421504267647266,0.0824937435075284,0.11790031289553629
275,275.0,275.4005686933408,0.08607529303049719,0.15967648103169116,0.16150458906152051,0.09062490208442063,0.07851599609549868,0.22479523683692618,0.08197693089783234,0.1168305709616134
276,276.0,276.40053731404356,0.08598081096217225,0.1582526244608946,0.16247878912650965,0.09160641424546483,0.07874952017826627,0.22517476411652582,0.08181233596101467,0.11594474094915196
277,277.0,277.4005036995356,0.08585445171080715,0.15675520460307407,0.1639442661270667,0.09246346669782028,0.07880202285168308,0.22544130250730363,0.08162744194585354,0.11511184355639158
278,278.0,278.40046840948304,0.08576154862062466,0.15526160240421144,0.1650776026207366,0.09348357809318628,0.07888387393452993,0.22568331793868254,0.08149004819894799,0.11435842818908061
279,279.0,279.40043196434095,0.08543161250941765,0.15404248669827886,0.1662458784262359,0.09438758665194756,0.07895306289350212,0.22571030718791574,0.08160456845374651,0.11362449717895573
280,280.0,280.4003948440697,0.08510194743973709,0.1526934290442469,0.16718252723390312,0.09540014837684259,0.07899384279982563,0.2256690426801963,0.0817184762504726,0.1132405861747758
281,281.0,281.40035748738484,0.08479160022865918,0.151585510963925,0.167948654509017,0.09631744552696991,0.07902631224752392,0.22560261800139347,0.08184806328723669,0.11287979523527483
282,282.0,282.4003202914946,0.08448211506026607,0.150493411258303,0.16848884090617605,0.09713185140578082,0.07904376129804196,0.22585462123741498,0.08197638802616752,0.11252901080784958
283,283.0,283.40028361227843,0.08417424446484258,0.14942455182235145,0.16881335632870903,0.09804336113373555,0.07904611044005848,0.2262106033213065,0.08209982410572472,0.11218794838327176
284,284.0,284.4002477648611,0.08386290442808314,0.14828090325558718,0.1699648394319095,0.09905619615573445,0.07902767081940282,0.22658668437698326,0.0822036102737399,0.1110171912585598
285,285.0,285.4002130245369,0.08357475599393965,0.1471916851037216,0.17118951299627944,0.09997345643035627,0.07901264233589554,0.22684624909430645,0.08231586548567175,0.10989583255982928
286,286.0,286.40017962799976,0.0831546772333514,0.1471285789711447,0.17228111321840298,0.10064994383724364,0.07885642507763954,0.2269652930274959,0.08228398666226458,0.10867998197245729
287,287.0,287.40014777483634,0.0826931409097113,0.14706000532610283,0.1736688329026641,0.10118316820491724,0.07863856949889733,0.22687336259470273,0.0824215663969879,0.10746135416601658
288,288.0,288.40011762924087,0.0822601766843799,0.1470579013729967,0.17515061632868412,0.10164839568621203,0.07843812270420875,0.22654165083336983,0.08257143874806844,0.10633169764208027
289,289.0,289.40008932191256,0.081838458825244,0.14709291339594988,0.17567030619623208,0.10201855309014764,0.07823960861709703,0.22677518678146846,0.08310254528665602,0.10526242780720499
290,290.0,290.400062952098,0.08138773385884727,0.14710953038655586,0.1764987356973682,0.10224732951201274,0.07799381451566251,0.22698558368490895,0.0835663601321712,0.10421091221247333
291,291.0,291.4000385897438,0.08079047357064362,0.14698145920017686,0.17680381173078752,0.10222769971692017,0.07757389925832474,0.22871863367470494,0.08384609873659052,0.10305792411185175
292,292.0,292.4000162777277,0.0800953416244182,0.1469042825263453,0.1764634475000944,0.10201829165194327,0.0770313628082046,0.23170434000322332,0.08398170653423236,0.10180122735153864
293,293.0,293.3999960341358,0.07942749452105619,0.14683986613306238,0.1761665083946552,0.10173267096090025,0.07649151962660433,0.23465485870557376,0.08408706451203429,0.10060001714611375
294,294.0,294.3999778545619,0.07872145803071537,0.1470658354399187,0.1766230304209752,0.10135076041891067,0.07588928709153644,0.23728757896418518,0.08365369217761705,0.09940835745614154
295,295.0,295.3999617143997,0.07801808092056726,0.14727563211014422,0.1759226643484948,0.10088357951171772,0.07527629442350924,0.24097582806866225,0.0831692751609444,0.09847864545596027
296,296.0,296.3999475711097,0.07718995648563698,0.14735459771089632,0.17498390056873486,0.10081636918750188,0.07451747622469168,0.2441783130334276,0.08251097495941559,0.09844841182969521
297,297.0,297.3999353664376,0.07638423464353904,0.14744246216648269,0.17444257677299702,0.1004717879240739,0.07396527041386529,0.24700777083397427,0.08168033912374982,0.0986055581213182
298,298.0,298.39992502856836,0.07551510817892072,0.14815007488541143,0.17366481293824473,0.10019688022875795,0.07417970563005517,0.24891542143443865,0.08074261361151426,0.09863538309265726
299,299.0,299.3999164742003,0.07460688221953483,0.14965502485566967,0.17270620288767372,0.09981623637703352,0.07434234285162396,0.2505804499745701,0.07972675815708143,0.098566102676813
300,300.0,300.3999096105272,0.07374330917200518,0.15135233372944332,0.17185231567829087,0.09941936609001992,0.07454080770946662,0.2517944829435823,0.07872519650373096,0.098572188173461
301,301.0,301.399904337116,0.07290920117192543,0.1535568881971452,0.1716191921626094,0.09894509037194474,0.07570553993875807,0.25086828512560855,0.07788295617326922,0.09851284685873957
302,302.0,302.3999005476748,0.0719609804312753,0.1553227687448617,0.17210957377982344,0.09826783743462451,0.07656024689288456,0.24989278965417694,0.0776109589953431,0.09827484406701063
303,303.0,303.399898131701,0.0709779820662297,0.1569185118502371,0.17216523138433198,0.09824126497350688,0.07787161573388067,0.24859105385147573,0.07727370262955698,0.09796063751078113
304,304.0,304.39989697600754,0.06997522738720569,0.15834638575815732,0.1725455905366032,0.09805510954063157,0.079602242688517,0.24717269903421593,0.07672126747280099,0.09758147758186847
305,305.0,305.3998969661234,0.0695995309238061,0.16006619141976927,0.17275969878300287,0.09771986214725209,0.08110617163669233,0.2456125736098525,0.0760446560206487,0.09709131545897633
306,306.0,306.39989798756636,0.06915132179728353,0.16139606425145345,0.17285264434869727,0.09725626508144236,0.08302040822891006,0.244549586307351,0.07526493511566999,0.09650877486919257
307,307.0,307.3998999269894,0.06923524270401735,0.1623810032040474,0.17307154644956532,0.09669047287058702,0.08471070328200886,0.24362612269843154,0.07440831428935293,0.09587659450198985
308,308.0,308.39990267320024,0.06941468254243488,0.16321665375696875,0.17324481259354865,0.09622882859653581,0.08658253155104247,0.24270537969904482,0.0735740067293811,0.09503310453104379
309,309.0,309.39990611805797,0.06949646159785469,0.16425705505776017,0.1741377759543816,0.09564731184248701,0.08814261741655974,0.24151075968547592,0.07268075670417544,0.0941272617413057
310,310.0,310.3999101572494,0.06959255569053788,0.16537402803028894,0.17483032499114678,0.09503712434157405,0.09015138552362187,0.23995352961444036,0.071811649332917,0.09324940247547339
311,311.0,311.3999146909491,0.06970199186396422,0.16637244898000134,0.17603629287881606,0.0938584663672147,0.09241384390283951,0.23823485905255795,0.07097641619021128,0.09240568076439523
312,312.0,312.39991962436943,0.06985908537229414,0.16732236612134915,0.17768808929975238,0.09287889329628796,0.09451240306526323,0.23620761950517907,0.06988980058351765,0.09164174275635667
313,313.0,313.399924868204,0.07002005933603776,0.16815640046661523,0.17911340975676288,0.09190758930323584,0.09640327203721663,0.2346326710640147,0.06884727969060775,0.09091931834550944
314,314.0,314.39993033897304,0.07057666551238294,0.169078253154511,0.1803604061977047,0.09095505098271615,0.0980887677643881,0.23302945591874405,0.06786162371349962,0.09004977675605368
315,315.0,315.3999359592755,0.07147732222375887,0.17000263126798032,0.18137526894193767,0.09012886017898966,0.09956113799131155,0.23131543386688147,0.06691838390805155,0.0892209616210891
316,316.0,316.39994165795497,0.07237027650828794,0.17113630900748636,0.1824125025654859,0.08932325081088821,0.10089217933673068,0.22937559423642973,0.06603945811528705,0.08845042941940427
317,317.0,317.39994737018696,0.07325630813485723,0.17228154031844936,0.18335672755163285,0.08854458233029731,0.10223179972552252,0.22735081487198822,0.06523383911344767,0.08774438795380492
318,318.0,318.39995303749384,0.07411632280460685,0.1734255293424803,0.184176615432579,0.08778327092616874,0.10342672843449024,0.22548555329036005,0.06448919487777155,0.08709678489154332
319,319.0,319.39995860769505,0.07511663237979241,0.17447095957458647,0.18476447190976425,0.08708462848821909,0.10448922918193207,0.22373370951828403,0.0638223726871079,0.08651799626031378
320,320.0,320.39996403479927,0.07607794633761052,0.17541227227417897,0.18502750251117384,0.08665522771881316,0.10541943959779598,0.22218082529189082,0.06322481808267164,0.08600196818586507
321,321.0,321.39996927884505,0.0771408299643295,0.17627483147606982,0.18555590106952158,0.08637222171611064,0.10684904246769729,0.21929811347445605,0.06274103109862242,0.08576802873319272
322,322.0,322.3999743056978,0.07831488942127018,0.17713776504309847,0.18614637085529134,0.08611324145500944,0.10800165193823798,0.21636906434618858,0.06232534180573181,0.0855916751351722
323,323.0,323.3999790868083,0.0794219633518771,0.1777934658577119,0.18676592178018822,0.08587402950148008,0.10902121708906275,0.21369192218439942,0.0619676306873105,0.08546384954797
324,324.0,324.3999835989396,0.08045642622548257,0.17824931452518838,0.1874121647005486,0.08584892724096312,0.10991043106060269,0.21107741568618454,0.06166492631547847,0.08538039424555154
325,325.0,325.3999878238685,0.08143900365109517,0.1786705444374911,0.188070505215101,0.08588602195012734,0.11092521799108734,0.20836946584009058,0.06143996279273814,0.0851992781222693
326,326.0,326.39999174806576,0.08235813532233495,0.17900794363255293,0.18866391939004984,0.08596487683106682,0.11182133425377895,0.205846804171674,0.061273369515561574,0.08506361688298095
327,327.0,327.39999536236263,0.08320705292929935,0.17923907020975513,0.18934982846270407,0.08607268418053976,0.11257423477243772,0.20345730495043948,0.06115313225490927,0.08494669223991524
328,328.0,328.39999866160616,0.08398404737504611,0.179491214524086,0.18980434927420378,0.08617859285014376,0.11321164725956845,0.2012343221878329,0.06123062101771503,0.08486520551140399
329,329.0,329.4000016443093,0.08467473772834203,0.1797611000650032,0.19028778669952565,0.0862773591642011,0.11373625019141445,0.19911145178535922,0.06133964421508757,0.0848116701510668
330,330.0,330.4000043122991,0.08534858709037049,0.18010160682382498,0.19058425495781478,0.08642335669058408,0.11429409961391204,0.19690293895095856,0.06151383799825316,0.08483131787428191
331,331.0,331.40000667036685,0.08592613924593882,0.18034272997027423,0.19070263035869306,0.08656674101769539,0.11472119932616187,0.19520229027996516,0.0616919615600265,0.08484630824124498
332,332.0,332.4000087259242,0.08643210681108274,0.18049989813586148,0.19072593754203102,0.08671928407756523,0.11522272617897618,0.1936444077235273,0.06189053961800653,0.08486509991294952
