,Unnamed: 0,Total_iterations,Intertwine_two,Add_vertex,Delete_vertex,Invert_path_vertices,Insert_inside_vertex,Delete_inside_vertex
0,0.0,0.0,0.16666666666666669,0.16666666666666669,0.16666666666666669,0.16666666666666669,0.16666666666666669,0.16666666666666669
1,1.0,1.0,0.16666666666666669,0.16666666666666669,0.16666666666666669,0.16666666666666669,0.16666666666666669,0.16666666666666669
2,2.0,2.0,0.16666666666666669,0.16666666666666669,0.16666666666666669,0.16666666666666669,0.16666666666666669,0.16666666666666669
3,3.0,3.0,0.16666666666666669,0.16666666666666669,0.16666666666666669,0.16666666666666669,0.16666666666666669,0.16666666666666669
4,4.0,4.0,0.16666666666666669,0.16666666666666669,0.16666666666666669,0.16666666666666669,0.16666666666666669,0.16666666666666669
5,5.0,5.0,0.16666666666666669,0.16666666666666669,0.16666666666666669,0.16666666666666669,0.16666666666666669,0.16666666666666669
6,6.0,6.0,0.16666666666666669,0.16666666666666669,0.16666666666666669,0.16666666666666669,0.16666666666666669,0.16666666666666669
7,7.0,7.0,0.16666666666666669,0.16666666666666669,0.16666666666666669,0.16666666666666669,0.16666666666666669,0.16666666666666669
8,8.0,8.0,0.16666666666666669,0.16666666666666669,0.16666666666666669,0.16666666666666669,0.16666666666666669,0.16666666666666669
9,9.0,9.0,0.16666666666666669,0.16666666666666669,0.16666666666666669,0.16666666666666669,0.16666666666666669,0.16666666666666669
10,10.0,10.0,0.16666666666666669,0.16666666666666669,0.16666666666666669,0.16666666666666669,0.16666666666666669,0.16666666666666669
11,11.0,11.0,0.16666666666666669,0.16666666666666669,0.16666666666666669,0.16666666666666669,0.16666666666666669,0.16666666666666669
12,12.0,12.0,0.16666666666666669,0.16666666666666669,0.16666666666666669,0.16666666666666669,0.16666666666666669,0.16666666666666669
13,13.0,13.0,0.16666666666666669,0.16666666666666669,0.16666666666666669,0.16666666666666669,0.16666666666666669,0.16666666666666669
14,14.0,14.0,0.16666666666666669,0.16666666666666669,0.16666666666666669,0.16666666666666669,0.16666666666666669,0.16666666666666669
15,15.0,15.0,0.16666666666666669,0.16666666666666669,0.16666666666666669,0.16666666666666669,0.16666666666666669,0.16666666666666669
16,16.0,16.0,0.16666666666666669,0.16666666666666669,0.16666666666666669,0.16666666666666669,0.16666666666666669,0.16666666666666669
17,17.0,17.0,0.16666666666666669,0.16666666666666669,0.16666666666666669,0.16666666666666669,0.16666666666666669,0.16666666666666669
18,18.0,18.0,0.16666666666666669,0.16666666666666669,0.16666666666666669,0.16666666666666669,0.16666666666666669,0.16666666666666669
19,19.0,19.0,0.16666666666666669,0.16666666666666669,0.16666666666666669,0.16666666666666669,0.16666666666666669,0.16666666666666669
20,20.0,20.0,0.16666666666666669,0.16666666666666669,0.16666666666666669,0.16666666666666669,0.16666666666666669,0.16666666666666669
21,21.0,21.0,0.16666666666666669,0.16666666666666669,0.16666666666666669,0.16666666666666669,0.16666666666666669,0.16666666666666669
22,22.0,22.0,0.16666666666666669,0.16666666666666669,0.16666666666666669,0.16666666666666669,0.16666666666666669,0.16666666666666669
23,23.0,23.0,0.16666666666666669,0.16666666666666669,0.16666666666666669,0.16666666666666669,0.16666666666666669,0.16666666666666669
24,24.0,24.0,0.16666666666666669,0.16666666666666669,0.16666666666666669,0.16666666666666669,0.16666666666666669,0.16666666666666669
25,25.0,25.0,0.16666666666666669,0.16666666666666669,0.16666666666666669,0.16666666666666669,0.16666666666666669,0.16666666666666669
26,26.0,26.0,0.16666666666666669,0.16666666666666669,0.16666666666666669,0.16666666666666669,0.16666666666666669,0.16666666666666669
27,27.0,27.0,0.16666666666666669,0.16666666666666669,0.16666666666666669,0.16666666666666669,0.16666666666666669,0.16666666666666669
28,28.0,28.0,0.16666666666666669,0.16666666666666669,0.16666666666666669,0.16666666666666669,0.16666666666666669,0.16666666666666669
29,29.0,29.0,0.16666666666666669,0.16666666666666669,0.16666666666666669,0.16666666666666669,0.16666666666666669,0.16666666666666669
30,30.0,30.0,0.16666666666666669,0.16666666666666669,0.16666666666666669,0.16666666666666669,0.16666666666666669,0.16666666666666669
31,31.0,31.0,0.16666666666666669,0.16666666666666669,0.16666666666666669,0.16666666666666669,0.16666666666666669,0.16666666666666669
32,32.0,32.0,0.16666666666666669,0.16666666666666669,0.16666666666666669,0.16666666666666669,0.16666666666666669,0.16666666666666669
33,33.0,33.0,0.16666666666666669,0.16666666666666669,0.16666666666666669,0.16666666666666669,0.16666666666666669,0.16666666666666669
34,34.0,34.0,0.16666666666666669,0.16666666666666669,0.16666666666666669,0.16666666666666669,0.16666666666666669,0.16666666666666669
35,35.0,35.0,0.16666666666666669,0.16666666666666669,0.16666666666666669,0.16666666666666669,0.16666666666666669,0.16666666666666669
36,36.0,36.0,0.16666666666666669,0.16666666666666669,0.16666666666666669,0.16666666666666669,0.16666666666666669,0.16666666666666669
37,37.0,37.0,0.16666666666666669,0.16666666666666669,0.16666666666666669,0.16666666666666669,0.16666666666666669,0.16666666666666669
38,38.0,38.0,0.16666666666666669,0.16666666666666669,0.16666666666666669,0.16666666666666669,0.16666666666666669,0.16666666666666669
39,39.0,39.0,0.16666666666666669,0.16666666666666669,0.16666666666666669,0.16666666666666669,0.16666666666666669,0.16666666666666669
40,40.0,40.0,0.16666666666666669,0.16666666666666669,0.16666666666666669,0.16666666666666669,0.16666666666666669,0.16666666666666669
41,41.0,41.0,0.16666666666666669,0.16666666666666669,0.16666666666666669,0.16666666666666669,0.16666666666666669,0.16666666666666669
42,42.0,42.0,0.16666666666666669,0.16666666666666669,0.16666666666666669,0.16666666666666669,0.16666666666666669,0.16666666666666669
43,43.0,43.0,0.16666666666666669,0.16666666666666669,0.16666666666666669,0.16666666666666669,0.16666666666666669,0.16666666666666669
44,44.0,44.0,0.16666666666666669,0.16666666666666669,0.16666666666666669,0.16666666666666669,0.16666666666666669,0.16666666666666669
45,45.0,45.0,0.16666666666666669,0.16666666666666669,0.16666666666666669,0.16666666666666669,0.16666666666666669,0.16666666666666669
46,46.0,46.0,0.16666666666666669,0.16666666666666669,0.16666666666666669,0.16666666666666669,0.16666666666666669,0.16666666666666669
47,47.0,47.0,0.16666666666666669,0.16666666666666669,0.16666666666666669,0.16666666666666669,0.16666666666666669,0.16666666666666669
48,48.0,48.0,0.16666666666666669,0.16666666666666669,0.16666666666666669,0.16666666666666669,0.16666666666666669,0.16666666666666669
49,49.0,49.0,0.16666666666666669,0.16666666666666669,0.16666666666666669,0.16666666666666669,0.16666666666666669,0.16666666666666669
50,50.0,50.0,0.16666666666666669,0.16666666666666669,0.16666666666666669,0.16666666666666669,0.16666666666666669,0.16666666666666669
51,51.0,51.0,0.16666666666666669,0.16666666666666669,0.16666666666666669,0.16666666666666669,0.16666666666666669,0.16666666666666669
52,52.0,52.0,0.16666666666666669,0.16666666666666669,0.16666666666666669,0.16666666666666669,0.16666666666666669,0.16666666666666669
53,53.0,53.0,0.16666666666666669,0.16666666666666669,0.16666666666666669,0.16666666666666669,0.16666666666666669,0.16666666666666669
54,54.0,54.0,0.16666666666666669,0.16666666666666669,0.16666666666666669,0.16666666666666669,0.16666666666666669,0.16666666666666669
55,55.0,55.0,0.16666666666666669,0.16666666666666669,0.16666666666666669,0.16666666666666669,0.16666666666666669,0.16666666666666669
56,56.0,56.0,0.16666666666666669,0.16666666666666669,0.16666666666666669,0.16666666666666669,0.16666666666666669,0.16666666666666669
57,57.0,57.0,0.16666666666666669,0.16666666666666669,0.16666666666666669,0.16666666666666669,0.16666666666666669,0.16666666666666669
58,58.0,58.0,0.16666666666666669,0.16666666666666669,0.16666666666666669,0.16666666666666669,0.16666666666666669,0.16666666666666669
59,59.0,59.0,0.16666666666666669,0.16666666666666669,0.16666666666666669,0.16666666666666669,0.16666666666666669,0.16666666666666669
60,60.0,60.0,0.16666666666666669,0.16666666666666669,0.16666666666666669,0.16666666666666669,0.16666666666666669,0.16666666666666669
61,61.0,61.1,0.16666666666666669,0.16666666666666669,0.16666666666666669,0.16666666666666669,0.16666666666666669,0.16666666666666669
62,62.0,62.1,0.16666666666666669,0.16666666666666669,0.16666666666666669,0.16666666666666669,0.16666666666666669,0.16666666666666669
63,63.0,63.1,0.16666666666666669,0.16666666666666669,0.16666666666666669,0.16666666666666669,0.16666666666666669,0.16666666666666669
64,64.0,64.1,0.16666666666666669,0.16666666666666669,0.16666666666666669,0.16666666666666669,0.16666666666666669,0.16666666666666669
65,65.0,65.1,0.16666666666666669,0.16666666666666669,0.16666666666666669,0.16666666666666669,0.16666666666666669,0.16666666666666669
66,66.0,66.1,0.16666666666666669,0.16666666666666669,0.16666666666666669,0.16666666666666669,0.16666666666666669,0.16666666666666669
67,67.0,67.1,0.16666666666666669,0.16666666666666669,0.16666666666666669,0.16666666666666669,0.16666666666666669,0.16666666666666669
68,68.0,68.1,0.16666666666666669,0.16666666666666669,0.16666666666666669,0.16666666666666669,0.16666666666666669,0.16666666666666669
69,69.0,69.2,0.16666666666666669,0.16666666666666669,0.16666666666666669,0.16666666666666669,0.16666666666666669,0.16666666666666669
70,70.0,70.2,0.16666666666666669,0.16666666666666669,0.16666666666666669,0.16666666666666669,0.16666666666666669,0.16666666666666669
71,71.0,71.3,0.16666666666666669,0.16666666666666669,0.16666666666666669,0.16666666666666669,0.16666666666666669,0.16666666666666669
72,72.0,72.3,0.16666666666666669,0.16666666666666669,0.16666666666666669,0.16666666666666669,0.16666666666666669,0.16666666666666669
73,73.0,73.3,0.16666666666666669,0.16666666666666669,0.16666666666666669,0.16666666666666669,0.16666666666666669,0.16666666666666669
74,74.0,74.3,0.16666666666666669,0.16666666666666669,0.16666666666666669,0.16666666666666669,0.16666666666666669,0.16666666666666669
75,75.0,75.3,0.16666666666666669,0.16666666666666669,0.16666666666666669,0.16666666666666669,0.16666666666666669,0.16666666666666669
76,76.0,76.4,0.16666666666666669,0.16666666666666669,0.16666666666666669,0.16666666666666669,0.16666666666666669,0.16666666666666669
77,77.0,77.4,0.16666666666666669,0.16666666666666669,0.16666666666666669,0.16666666666666669,0.16666666666666669,0.16666666666666669
78,78.0,78.4,0.16666666666666669,0.16666666666666669,0.16666666666666669,0.16666666666666669,0.16666666666666669,0.16666666666666669
79,79.0,79.4,0.16666666666666669,0.16666666666666669,0.16666666666666669,0.16666666666666669,0.16666666666666669,0.16666666666666669
80,80.0,80.4,0.16666666666666669,0.16666666666666669,0.16666666666666669,0.16666666666666669,0.16666666666666669,0.16666666666666669
81,81.0,81.4,0.16666666666666669,0.16666666666666669,0.16666666666666669,0.16666666666666669,0.16666666666666669,0.16666666666666669
82,82.0,82.4,0.16666666666666669,0.16666666666666669,0.16666666666666669,0.16666666666666669,0.16666666666666669,0.16666666666666669
83,83.0,83.4,0.16666666666666669,0.16666666666666669,0.16666666666666669,0.16666666666666669,0.16666666666666669,0.16666666666666669
84,84.0,84.4,0.16666666666666669,0.16666666666666669,0.16666666666666669,0.16666666666666669,0.16666666666666669,0.16666666666666669
85,85.0,85.4,0.16666666666666669,0.16666666666666669,0.16666666666666669,0.16666666666666669,0.16666666666666669,0.16666666666666669
86,86.0,86.4,0.16666666666666669,0.16666666666666669,0.16666666666666669,0.16666666666666669,0.16666666666666669,0.16666666666666669
87,87.0,87.4,0.16666666666666669,0.16666666666666669,0.16666666666666669,0.16666666666666669,0.16666666666666669,0.16666666666666669
88,88.0,88.4,0.16666666666666669,0.16666666666666669,0.16666666666666669,0.16666666666666669,0.16666666666666669,0.16666666666666669
89,89.0,89.4,0.16666666666666669,0.16666666666666669,0.16666666666666669,0.16666666666666669,0.16666666666666669,0.16666666666666669
90,90.0,90.4,0.16666666666666669,0.16666666666666669,0.16666666666666669,0.16666666666666669,0.16666666666666669,0.16666666666666669
91,91.0,91.5,0.16666666666666669,0.16666666666666669,0.16666666666666669,0.16666666666666669,0.16666666666666669,0.16666666666666669
92,92.0,92.6,0.16666666666666669,0.16666666666666669,0.16666666666666669,0.16666666666666669,0.16666666666666669,0.16666666666666669
93,93.0,93.6,0.16666666666666669,0.16666666666666669,0.16666666666666669,0.16666666666666669,0.16666666666666669,0.16666666666666669
94,94.0,94.6,0.16666666666666669,0.16666666666666669,0.16666666666666669,0.16666666666666669,0.16666666666666669,0.16666666666666669
95,95.0,95.6,0.16666666666666669,0.16666666666666669,0.16666666666666669,0.16666666666666669,0.16666666666666669,0.16666666666666669
96,96.0,96.6,0.16666666666666669,0.16666666666666669,0.16666666666666669,0.16666666666666669,0.16666666666666669,0.16666666666666669
97,97.0,97.6,0.16666666666666669,0.16666666666666669,0.16666666666666669,0.16666666666666669,0.16666666666666669,0.16666666666666669
98,98.0,98.6,0.16666666666666669,0.16666666666666669,0.16666666666666669,0.16666666666666669,0.16666666666666669,0.16666666666666669
99,99.0,99.6,0.16666666666666669,0.16666666666666669,0.16666666666666669,0.16666666666666669,0.16666666666666669,0.16666666666666669
100,100.0,100.6,0.16666666666666669,0.16666666666666669,0.16666666666666669,0.16666666666666669,0.16666666666666669,0.16666666666666669
101,101.0,101.6,0.16666666666666669,0.16666666666666669,0.16666666666666669,0.16666666666666669,0.16666666666666669,0.16666666666666669
102,102.0,102.6,0.16666666666666669,0.16666666666666669,0.16666666666666669,0.16666666666666669,0.16666666666666669,0.16666666666666669
103,103.0,103.6,0.16666666666666669,0.16666666666666669,0.16666666666666669,0.16666666666666669,0.16666666666666669,0.16666666666666669
104,104.0,104.6,0.16666666666666669,0.16666666666666669,0.16666666666666669,0.16666666666666669,0.16666666666666669,0.16666666666666669
105,105.0,105.6,0.16666666666666669,0.16666666666666669,0.16666666666666669,0.16666666666666669,0.16666666666666669,0.16666666666666669
106,106.0,106.6,0.16666666666666669,0.16666666666666669,0.16666666666666669,0.16666666666666669,0.16666666666666669,0.16666666666666669
107,107.0,107.6,0.16666666666666669,0.16666666666666669,0.16666666666666669,0.16666666666666669,0.16666666666666669,0.16666666666666669
108,108.0,108.6,0.16666666666666669,0.16666666666666669,0.16666666666666669,0.16666666666666669,0.16666666666666669,0.16666666666666669
109,109.0,109.6,0.16666666666666669,0.16666666666666669,0.16666666666666669,0.16666666666666669,0.16666666666666669,0.16666666666666669
110,110.0,110.6,0.16666666666666669,0.16666666666666669,0.16666666666666669,0.16666666666666669,0.16666666666666669,0.16666666666666669
111,111.0,111.6,0.16666666666666669,0.16666666666666669,0.16666666666666669,0.16666666666666669,0.16666666666666669,0.16666666666666669
112,112.0,112.6,0.16666666666666669,0.16666666666666669,0.16666666666666669,0.16666666666666669,0.16666666666666669,0.16666666666666669
113,113.0,113.6,0.16666666666666669,0.16666666666666669,0.16666666666666669,0.16666666666666669,0.16666666666666669,0.16666666666666669
114,114.0,114.7,0.16666666666666669,0.16666666666666669,0.16666666666666669,0.16666666666666669,0.16666666666666669,0.16666666666666669
115,115.0,115.7,0.16666666666666669,0.16666666666666669,0.16666666666666669,0.16666666666666669,0.16666666666666669,0.16666666666666669
116,116.0,116.7,0.16666666666666669,0.16666666666666669,0.16666666666666669,0.16666666666666669,0.16666666666666669,0.16666666666666669
117,117.0,117.7,0.16666666666666669,0.16666666666666669,0.16666666666666669,0.16666666666666669,0.16666666666666669,0.16666666666666669
118,118.0,118.7,0.16666666666666669,0.16666666666666669,0.16666666666666669,0.16666666666666669,0.16666666666666669,0.16666666666666669
119,119.0,119.7,0.16666666666666669,0.16666666666666669,0.16666666666666669,0.16666666666666669,0.16666666666666669,0.16666666666666669
120,120.0,120.7,0.16666666666666669,0.16666666666666669,0.16666666666666669,0.16666666666666669,0.16666666666666669,0.16666666666666669
121,121.0,121.7,0.16666666666666669,0.16666666666666669,0.16666666666666669,0.16666666666666669,0.16666666666666669,0.16666666666666669
122,122.0,122.7,0.16666666666666669,0.16666666666666669,0.16666666666666669,0.16666666666666669,0.16666666666666669,0.16666666666666669
123,123.0,123.7,0.16666666666666669,0.16666666666666669,0.16666666666666669,0.16666666666666669,0.16666666666666669,0.16666666666666669
124,124.0,124.7,0.16666666666666669,0.16666666666666669,0.16666666666666669,0.16666666666666669,0.16666666666666669,0.16666666666666669
125,125.0,125.7,0.16666666666666669,0.16666666666666669,0.16666666666666669,0.16666666666666669,0.16666666666666669,0.16666666666666669
126,126.0,126.7,0.16666666666666669,0.16666666666666669,0.16666666666666669,0.16666666666666669,0.16666666666666669,0.16666666666666669
127,127.0,127.7,0.16666666666666669,0.16666666666666669,0.16666666666666669,0.16666666666666669,0.16666666666666669,0.16666666666666669
128,128.0,128.7,0.16666666666666669,0.16666666666666669,0.16666666666666669,0.16666666666666669,0.16666666666666669,0.16666666666666669
129,129.0,129.7,0.16666666666666669,0.16666666666666669,0.16666666666666669,0.16666666666666669,0.16666666666666669,0.16666666666666669
130,130.0,130.7,0.16666666666666669,0.16666666666666669,0.16666666666666669,0.16666666666666669,0.16666666666666669,0.16666666666666669
131,131.0,131.7,0.16666666666666669,0.16666666666666669,0.16666666666666669,0.16666666666666669,0.16666666666666669,0.16666666666666669
132,132.0,132.7,0.16666666666666669,0.16666666666666669,0.16666666666666669,0.16666666666666669,0.16666666666666669,0.16666666666666669
133,133.0,133.7,0.16666666666666669,0.16666666666666669,0.16666666666666669,0.16666666666666669,0.16666666666666669,0.16666666666666669
134,134.0,134.7,0.16666666666666669,0.16666666666666669,0.16666666666666669,0.16666666666666669,0.16666666666666669,0.16666666666666669
135,135.0,135.7,0.16666666666666669,0.16666666666666669,0.16666666666666669,0.16666666666666669,0.16666666666666669,0.16666666666666669
136,136.0,136.7,0.16666666666666669,0.16666666666666669,0.16666666666666669,0.16666666666666669,0.16666666666666669,0.16666666666666669
137,137.0,137.7,0.16666666666666669,0.16666666666666669,0.16666666666666669,0.16666666666666669,0.16666666666666669,0.16666666666666669
138,138.0,138.7,0.16666666666666669,0.16666666666666669,0.16666666666666669,0.16666666666666669,0.16666666666666669,0.16666666666666669
139,139.0,139.7,0.16666666666666669,0.16666666666666669,0.16666666666666669,0.16666666666666669,0.16666666666666669,0.16666666666666669
140,140.0,140.7,0.16666666666666669,0.16666666666666669,0.16666666666666669,0.16666666666666669,0.16666666666666669,0.16666666666666669
141,141.0,141.7,0.16666666666666669,0.16666666666666669,0.16666666666666669,0.16666666666666669,0.16666666666666669,0.16666666666666669
142,142.0,142.7,0.16666666666666669,0.16666666666666669,0.16666666666666669,0.16666666666666669,0.16666666666666669,0.16666666666666669
143,143.0,143.7,0.16666666666666669,0.16666666666666669,0.16666666666666669,0.16666666666666669,0.16666666666666669,0.16666666666666669
144,144.0,144.7,0.16666666666666669,0.16666666666666669,0.16666666666666669,0.16666666666666669,0.16666666666666669,0.16666666666666669
145,145.0,145.7,0.16666666666666669,0.16666666666666669,0.16666666666666669,0.16666666666666669,0.16666666666666669,0.16666666666666669
146,146.0,146.7,0.16666666666666669,0.16666666666666669,0.16666666666666669,0.16666666666666669,0.16666666666666669,0.16666666666666669
147,147.0,147.7,0.16666666666666669,0.16666666666666669,0.16666666666666669,0.16666666666666669,0.16666666666666669,0.16666666666666669
148,148.0,148.7,0.16666666666666669,0.16666666666666669,0.16666666666666669,0.16666666666666669,0.16666666666666669,0.16666666666666669
149,149.0,149.7,0.16666666666666669,0.16666666666666669,0.16666666666666669,0.16666666666666669,0.16666666666666669,0.16666666666666669
150,150.0,150.7,0.16666666666666669,0.16666666666666669,0.16666666666666669,0.16666666666666669,0.16666666666666669,0.16666666666666669
151,151.0,151.7,0.16666666666666669,0.16666666666666669,0.16666666666666669,0.16666666666666669,0.16666666666666669,0.16666666666666669
152,152.0,152.7,0.16666666666666669,0.16666666666666669,0.16666666666666669,0.16666666666666669,0.16666666666666669,0.16666666666666669
153,153.0,153.7,0.16666666666666669,0.16666666666666669,0.16666666666666669,0.16666666666666669,0.16666666666666669,0.16666666666666669
154,154.0,154.8,0.16666666666666669,0.16666666666666669,0.16666666666666669,0.16666666666666669,0.16666666666666669,0.16666666666666669
155,155.0,155.8,0.16666666666666669,0.16666666666666669,0.16666666666666669,0.16666666666666669,0.16666666666666669,0.16666666666666669
156,156.0,156.8,0.16666666666666669,0.16666666666666669,0.16666666666666669,0.16666666666666669,0.16666666666666669,0.16666666666666669
157,157.0,157.8,0.16666666666666669,0.16666666666666669,0.16666666666666669,0.16666666666666669,0.16666666666666669,0.16666666666666669
158,158.0,158.8,0.16666666666666669,0.16666666666666669,0.16666666666666669,0.16666666666666669,0.16666666666666669,0.16666666666666669
159,159.0,159.8,0.16666666666666669,0.16666666666666669,0.16666666666666669,0.16666666666666669,0.16666666666666669,0.16666666666666669
160,160.0,160.8,0.16666666666666669,0.16666666666666669,0.16666666666666669,0.16666666666666669,0.16666666666666669,0.16666666666666669
161,161.0,161.9,0.16666666666666669,0.16666666666666669,0.16666666666666669,0.16666666666666669,0.16666666666666669,0.16666666666666669
162,162.0,162.9,0.16666666666666669,0.16666666666666669,0.16666666666666669,0.16666666666666669,0.16666666666666669,0.16666666666666669
163,163.0,163.9,0.16666666666666669,0.16666666666666669,0.16666666666666669,0.16666666666666669,0.16666666666666669,0.16666666666666669
164,164.0,164.9,0.16666666666666669,0.16666666666666669,0.16666666666666669,0.16666666666666669,0.16666666666666669,0.16666666666666669
165,165.0,165.9,0.16666666666666669,0.16666666666666669,0.16666666666666669,0.16666666666666669,0.16666666666666669,0.16666666666666669
166,166.0,166.9,0.16666666666666669,0.16666666666666669,0.16666666666666669,0.16666666666666669,0.16666666666666669,0.16666666666666669
167,167.0,167.9,0.16666666666666669,0.16666666666666669,0.16666666666666669,0.16666666666666669,0.16666666666666669,0.16666666666666669
168,168.0,168.9,0.16666666666666669,0.16666666666666669,0.16666666666666669,0.16666666666666669,0.16666666666666669,0.16666666666666669
169,169.0,169.9,0.16666666666666669,0.16666666666666669,0.16666666666666669,0.16666666666666669,0.16666666666666669,0.16666666666666669
170,170.0,170.9,0.16666666666666669,0.16666666666666669,0.16666666666666669,0.16666666666666669,0.16666666666666669,0.16666666666666669
171,171.0,171.9,0.16666666666666669,0.16666666666666669,0.16666666666666669,0.16666666666666669,0.16666666666666669,0.16666666666666669
172,172.0,172.9,0.16666666666666669,0.16666666666666669,0.16666666666666669,0.16666666666666669,0.16666666666666669,0.16666666666666669
173,173.0,173.9,0.16666666666666669,0.16666666666666669,0.16666666666666669,0.16666666666666669,0.16666666666666669,0.16666666666666669
174,174.0,174.9,0.16666666666666669,0.16666666666666669,0.16666666666666669,0.16666666666666669,0.16666666666666669,0.16666666666666669
175,175.0,175.9,0.16666666666666669,0.16666666666666669,0.16666666666666669,0.16666666666666669,0.16666666666666669,0.16666666666666669
176,176.0,176.9,0.16666666666666669,0.16666666666666669,0.16666666666666669,0.16666666666666669,0.16666666666666669,0.16666666666666669
177,177.0,177.9,0.16666666666666669,0.16666666666666669,0.16666666666666669,0.16666666666666669,0.16666666666666669,0.16666666666666669
178,178.0,178.9,0.16666666666666669,0.16666666666666669,0.16666666666666669,0.16666666666666669,0.16666666666666669,0.16666666666666669
179,179.0,179.9,0.16666666666666669,0.16666666666666669,0.16666666666666669,0.16666666666666669,0.16666666666666669,0.16666666666666669
180,180.0,180.9,0.16666666666666669,0.16666666666666669,0.16666666666666669,0.16666666666666669,0.16666666666666669,0.16666666666666669
181,181.0,181.9,0.16666666666666669,0.16666666666666669,0.16666666666666669,0.16666666666666669,0.16666666666666669,0.16666666666666669
182,182.0,182.9,0.16666666666666669,0.16666666666666669,0.16666666666666669,0.16666666666666669,0.16666666666666669,0.16666666666666669
183,183.0,183.9,0.16666666666666669,0.16666666666666669,0.16666666666666669,0.16666666666666669,0.16666666666666669,0.16666666666666669
184,184.0,184.9,0.16666666666666669,0.16666666666666669,0.16666666666666669,0.16666666666666669,0.16666666666666669,0.16666666666666669
185,185.0,185.9,0.16666666666666669,0.16666666666666669,0.16666666666666669,0.16666666666666669,0.16666666666666669,0.16666666666666669
186,186.0,186.9,0.16666666666666669,0.16666666666666669,0.16666666666666669,0.16666666666666669,0.16666666666666669,0.16666666666666669
187,187.0,187.9,0.16666666666666669,0.16666666666666669,0.16666666666666669,0.16666666666666669,0.16666666666666669,0.16666666666666669
188,188.0,188.9,0.16666666666666669,0.16666666666666669,0.16666666666666669,0.16666666666666669,0.16666666666666669,0.16666666666666669
189,189.0,189.9,0.16666666666666669,0.16666666666666669,0.16666666666666669,0.16666666666666669,0.16666666666666669,0.16666666666666669
190,190.0,190.9,0.16666666666666669,0.16666666666666669,0.16666666666666669,0.16666666666666669,0.16666666666666669,0.16666666666666669
191,191.0,192.0,0.16666666666666669,0.16666666666666669,0.16666666666666669,0.16666666666666669,0.16666666666666669,0.16666666666666669
192,192.0,193.0,0.16666666666666669,0.16666666666666669,0.16666666666666669,0.16666666666666669,0.16666666666666669,0.16666666666666669
193,193.0,194.0,0.16666666666666669,0.16666666666666669,0.16666666666666669,0.16666666666666669,0.16666666666666669,0.16666666666666669
194,194.0,195.0,0.16666666666666669,0.16666666666666669,0.16666666666666669,0.16666666666666669,0.16666666666666669,0.16666666666666669
195,195.0,196.0,0.16666666666666669,0.16666666666666669,0.16666666666666669,0.16666666666666669,0.16666666666666669,0.16666666666666669
196,196.0,197.0,0.16666666666666669,0.16666666666666669,0.16666666666666669,0.16666666666666669,0.16666666666666669,0.16666666666666669
197,197.0,198.0,0.16666666666666669,0.16666666666666669,0.16666666666666669,0.16666666666666669,0.16666666666666669,0.16666666666666669
198,198.0,199.0,0.16666666666666669,0.16666666666666669,0.16666666666666669,0.16666666666666669,0.16666666666666669,0.16666666666666669
199,199.0,200.0,0.1641239019879797,0.1641239019879797,0.17840961627369395,0.1641239019879797,0.1641239019879797,0.16509477577438744
200,200.0,201.0,0.1617429496070273,0.1617429496070273,0.17602866389274158,0.17602866389274158,0.1617429496070273,0.16271382339343504
201,201.0,202.0,0.16158424908424912,0.16158424908424912,0.16254578754578758,0.1901556776556777,0.16158424908424912,0.16254578754578758
202,202.0,203.0,0.16142857142857145,0.16142857142857145,0.1623809523809524,0.19000000000000003,0.16142857142857145,0.16333333333333336
203,203.0,204.0,0.15904761904761905,0.15904761904761905,0.16,0.18761904761904763,0.15904761904761905,0.17523809523809525
204,204.0,205.0,0.15726190476190477,0.15726190476190477,0.17071428571428574,0.18404761904761907,0.15726190476190477,0.17345238095238097
205,205.0,206.0,0.1548809523809524,0.1548809523809524,0.16833333333333333,0.18071428571428572,0.1548809523809524,0.18630952380952384
206,206.0,207.0,0.15309523809523812,0.15309523809523812,0.15404761904761904,0.19142857142857145,0.15309523809523812,0.19523809523809527
207,207.0,208.0,0.1517063492063492,0.1517063492063492,0.16376984126984126,0.1872619047619048,0.1517063492063492,0.19384920634920638
208,208.0,209.0,0.16518620268620268,0.16614774114774114,0.16393467643467644,0.17312271062271062,0.15186202686202685,0.17974664224664225
209,209.0,210.0,0.16206349206349205,0.17730158730158727,0.17507936507936506,0.16999999999999998,0.1487301587301587,0.16682539682539682
210,210.0,211.0,0.16027777777777777,0.18623015873015872,0.17329365079365078,0.1682142857142857,0.14694444444444443,0.16503968253968254
211,211.0,212.0,0.15888888888888889,0.19317460317460317,0.1719047619047619,0.16682539682539682,0.14555555555555555,0.16365079365079363
212,212.0,213.0,0.16603174603174603,0.18603174603174605,0.18976190476190474,0.16146825396825398,0.1401984126984127,0.1565079365079365
213,213.0,214.0,0.16075396825396823,0.18742063492063493,0.2053174603174603,0.1575793650793651,0.13630952380952382,0.15261904761904763
214,214.0,215.0,0.15984487734487735,0.19196608946608948,0.20440836940836937,0.15667027417027418,0.1354004329004329,0.15170995670995674
215,215.0,216.0,0.1548845598845599,0.2012914862914863,0.21095598845598845,0.15349567099567102,0.13222582972582972,0.14714646464646466
216,216.0,217.0,0.16162698412698412,0.19424603174603178,0.19714285714285712,0.1599603174603175,0.13035714285714287,0.15666666666666668
217,217.0,218.0,0.15940476190476188,0.19202380952380954,0.2049206349206349,0.15884920634920638,0.12924603174603175,0.15555555555555556
218,218.0,219.0,0.15940476190476188,0.19202380952380954,0.2049206349206349,0.15884920634920638,0.12924603174603175,0.15555555555555556
219,219.0,220.0,0.16079365079365077,0.19341269841269842,0.1951984126984127,0.16301587301587303,0.13063492063492063,0.15694444444444444
220,220.0,221.0,0.16079365079365077,0.19341269841269842,0.1951984126984127,0.16301587301587303,0.13063492063492063,0.15694444444444444
221,221.0,222.0,0.16079365079365077,0.19341269841269842,0.1951984126984127,0.16301587301587303,0.13063492063492063,0.15694444444444444
222,222.0,223.0,0.16079365079365077,0.19341269841269842,0.20769841269841272,0.15051587301587305,0.13063492063492063,0.15694444444444444
223,223.0,224.0,0.170515873015873,0.19202380952380954,0.2049206349206349,0.14773809523809525,0.12924603174603175,0.15555555555555556
224,224.0,225.0,0.16690476190476192,0.18952380952380954,0.20992063492063492,0.14412698412698416,0.13785714285714287,0.15166666666666667
225,225.0,226.0,0.1685858585858586,0.1932828282828283,0.20022727272727275,0.14744949494949494,0.13921717171717174,0.15123737373737373
226,226.0,227.0,0.1685858585858586,0.1932828282828283,0.20022727272727275,0.14744949494949494,0.13921717171717174,0.15123737373737373
227,227.0,228.0,0.1667676767676768,0.1923737373737374,0.20659090909090913,0.14563131313131314,0.13830808080808082,0.15032828282828284
228,228.0,229.0,0.1667676767676768,0.1923737373737374,0.20659090909090913,0.14563131313131314,0.13830808080808082,0.15032828282828284
229,229.0,230.0,0.16286435786435788,0.1968346732632447,0.20802463409606267,0.14342558235415379,0.14340496804782518,0.1454457843743558
230,230.0,231.0,0.16272005772005774,0.19665945165945167,0.20783910533910532,0.14325036075036074,0.14426046176046176,0.14527056277056277
231,231.0,232.0,0.16261111111111112,0.20811111111111108,0.2087222222222222,0.13311111111111112,0.14322222222222222,0.14422222222222222
232,232.0,233.0,0.1607929292929293,0.20720202020202022,0.2141767676767677,0.1322020202020202,0.14231313131313134,0.14331313131313134
233,233.0,234.0,0.16440404040404039,0.20942424242424243,0.205010101010101,0.13331313131313133,0.14342424242424243,0.14442424242424243
234,234.0,235.0,0.1628888888888889,0.2008888888888889,0.209,0.1408888888888889,0.14266666666666666,0.14366666666666666
235,235.0,236.0,0.1628888888888889,0.2008888888888889,0.209,0.1408888888888889,0.14266666666666666,0.14366666666666666
236,236.0,237.0,0.18034920634920637,0.20406349206349206,0.2093968253968254,0.13573015873015873,0.13473015873015873,0.13573015873015873
237,237.0,238.0,0.18704695304695304,0.19715984015984017,0.21758641358641356,0.13306893106893108,0.13206893106893108,0.13306893106893108
238,238.0,239.0,0.18055844155844156,0.2127792207792208,0.21818831168831165,0.12982467532467531,0.12882467532467531,0.12982467532467531
239,239.0,240.0,0.18627272727272728,0.2123030303030303,0.21437878787878786,0.12934848484848485,0.12834848484848485,0.12934848484848485
240,240.0,241.0,0.18502272727272728,0.2209772727272727,0.2082045454545455,0.12893181818181818,0.1279318181818182,0.12893181818181818
241,241.0,242.0,0.18502272727272728,0.2209772727272727,0.2082045454545455,0.12893181818181818,0.1279318181818182,0.12893181818181818
242,242.0,243.0,0.18502272727272728,0.2209772727272727,0.2082045454545455,0.12893181818181818,0.1279318181818182,0.12893181818181818
243,243.0,244.0,0.18502272727272728,0.2209772727272727,0.2082045454545455,0.12893181818181818,0.1279318181818182,0.12893181818181818
244,244.0,245.0,0.1859318181818182,0.23370454545454544,0.19184090909090912,0.12984090909090912,0.1288409090909091,0.12984090909090912
245,245.0,246.0,0.1859318181818182,0.23370454545454544,0.19184090909090912,0.12984090909090912,0.1288409090909091,0.12984090909090912
246,246.0,247.0,0.1859318181818182,0.23370454545454544,0.19184090909090912,0.12984090909090912,0.1288409090909091,0.12984090909090912
247,247.0,248.0,0.18355086580086583,0.24560930735930736,0.18945995670995672,0.12745995670995672,0.1264599567099567,0.12745995670995672
248,248.0,249.0,0.17105086580086581,0.24560930735930736,0.18945995670995672,0.12745995670995672,0.1389599567099567,0.12745995670995672
249,249.0,250.0,0.17216197691197693,0.23894264069264065,0.19168217893217893,0.1285710678210678,0.14007106782106782,0.1285710678210678
250,250.0,251.0,0.17216197691197693,0.23894264069264065,0.19168217893217893,0.1285710678210678,0.14007106782106782,0.1285710678210678
251,251.0,252.0,0.17077308802308805,0.23616486291486288,0.19029329004329004,0.12718217893217892,0.14840440115440115,0.12718217893217892
252,252.0,253.0,0.17077308802308805,0.2236648629148629,0.20279329004329005,0.12718217893217892,0.14840440115440115,0.12718217893217892
253,253.0,254.0,0.17672546897546898,0.23100613275613274,0.19763455988455986,0.12341233766233765,0.14780916305916306,0.12341233766233765
254,254.0,255.0,0.17672546897546898,0.23100613275613274,0.19763455988455986,0.12341233766233765,0.14780916305916306,0.12341233766233765
255,255.0,256.0,0.17672546897546898,0.23100613275613274,0.19763455988455986,0.12341233766233765,0.14780916305916306,0.12341233766233765
256,256.0,257.0,0.17672546897546898,0.23100613275613274,0.19763455988455986,0.12341233766233765,0.14780916305916306,0.12341233766233765
257,257.0,258.0,0.17672546897546898,0.23100613275613274,0.19763455988455986,0.12341233766233765,0.14780916305916306,0.12341233766233765
258,258.0,259.0,0.16601118326118328,0.22029184704184698,0.19942027417027414,0.12519805194805195,0.1638805916305916,0.12519805194805195
259,259.0,260.0,0.16601118326118328,0.22029184704184698,0.19942027417027414,0.12519805194805195,0.1638805916305916,0.12519805194805195
260,260.0,261.0,0.16601118326118328,0.22029184704184698,0.19942027417027414,0.12519805194805195,0.1638805916305916,0.12519805194805195
261,261.0,262.0,0.17712229437229438,0.22029184704184698,0.18830916305916306,0.12519805194805195,0.1638805916305916,0.12519805194805195
262,262.0,263.0,0.17712229437229438,0.22029184704184698,0.18830916305916306,0.12519805194805195,0.1638805916305916,0.12519805194805195
263,263.0,264.0,0.17267784992784996,0.2191807359307359,0.19719805194805193,0.12408694083694083,0.1627694805194805,0.12408694083694083
264,264.0,265.0,0.1717213281887195,0.21739812723508373,0.19776326933935628,0.12447824518476691,0.16524774138904572,0.1233912886630278
265,265.0,266.0,0.1717213281887195,0.21739812723508373,0.19776326933935628,0.12447824518476691,0.16524774138904572,0.1233912886630278
266,266.0,267.0,0.17063437166698037,0.2273981272350837,0.18776326933935633,0.12447824518476691,0.16633469791078487,0.1233912886630278
267,267.0,268.0,0.1726978637304724,0.22501717485413136,0.17871565029173725,0.12654173724825896,0.1572870788631658,0.13974049501223415
268,268.0,269.1,0.17078358469487503,0.22306783270492944,0.17671955732439604,0.13814428850719174,0.1552909858958246,0.13599375087278315
269,269.0,270.1,0.1795967160080063,0.2262243983614951,0.17442157752641624,0.13445741982032305,0.15299300609784477,0.13230688218591444
270,270.0,271.1,0.1795967160080063,0.2262243983614951,0.17442157752641624,0.13445741982032305,0.15299300609784477,0.13230688218591444
271,271.0,272.1,0.1610613624726528,0.2339370083321696,0.18418371503048925,0.13481095517385838,0.15334654145138016,0.1326604175394498
272,272.0,273.1,0.16661691802820836,0.23949256388772516,0.18196149280826704,0.13147762184052506,0.15112431922915792,0.12932708420611644
273,273.0,274.1,0.16479873621002655,0.24494710934227065,0.1810524018991761,0.13056853093143414,0.15021522832006703,0.12841799329702552
274,274.0,275.1,0.16264255905384936,0.24564641004157134,0.17901277485954906,0.13686223722514046,0.14881662692146563,0.12701939189842412
275,275.0,276.1,0.16136050777179808,0.24949256388772517,0.17837174921852342,0.13622121158411482,0.14817560128044,0.12637836625739848
276,276.0,277.1,0.16136050777179808,0.24180025619541748,0.17837174921852342,0.13622121158411482,0.15586790897274766,0.12637836625739848
277,277.0,278.1,0.15136050777179808,0.24180025619541748,0.18837174921852343,0.13622121158411482,0.15586790897274766,0.12637836625739848
278,278.0,279.1,0.15136050777179808,0.24949256388772517,0.18837174921852343,0.13622121158411482,0.14817560128044,0.12637836625739848
279,279.0,280.1,0.15136050777179808,0.24949256388772517,0.18837174921852343,0.13622121158411482,0.14817560128044,0.12637836625739848
280,280.0,281.1,0.15081105722234753,0.253338717733879,0.1872728481196223,0.1351223104852137,0.14762615073098945,0.12582891570794794
281,281.0,282.1,0.15081105722234753,0.253338717733879,0.1872728481196223,0.1351223104852137,0.14762615073098945,0.12582891570794794
282,282.0,283.1,0.15081105722234753,0.253338717733879,0.1872728481196223,0.1351223104852137,0.14762615073098945,0.12582891570794794
283,283.0,284.1,0.14081105722234755,0.253338717733879,0.1872728481196223,0.1451223104852137,0.14762615073098945,0.12582891570794794
284,284.0,285.1,0.14081105722234755,0.253338717733879,0.1872728481196223,0.1451223104852137,0.14762615073098945,0.12582891570794794
285,285.0,286.1,0.14081105722234755,0.253338717733879,0.1872728481196223,0.1451223104852137,0.14762615073098945,0.12582891570794794
286,286.0,287.1,0.14081105722234755,0.253338717733879,0.1872728481196223,0.1451223104852137,0.14762615073098945,0.12582891570794794
287,287.0,288.1,0.14081105722234755,0.253338717733879,0.1872728481196223,0.1451223104852137,0.14762615073098945,0.12582891570794794
288,288.0,289.1,0.14081105722234755,0.253338717733879,0.1872728481196223,0.1451223104852137,0.14762615073098945,0.12582891570794794
289,289.0,290.1,0.14081105722234755,0.253338717733879,0.1872728481196223,0.1451223104852137,0.14762615073098945,0.12582891570794794
290,290.0,291.1,0.14081105722234755,0.253338717733879,0.1872728481196223,0.1451223104852137,0.14762615073098945,0.12582891570794794
291,291.0,292.1,0.14081105722234755,0.253338717733879,0.1872728481196223,0.1451223104852137,0.14762615073098945,0.12582891570794794
292,292.0,293.1,0.13691495332624365,0.22216988656504788,0.19246765331442747,0.1646028299657332,0.15282095592579464,0.13102372090275313
293,293.0,294.1,0.13691495332624365,0.22216988656504788,0.19246765331442747,0.1646028299657332,0.15282095592579464,0.13102372090275313
294,294.0,295.1,0.13691495332624365,0.22216988656504788,0.1824676533144275,0.17460282996573318,0.15282095592579464,0.13102372090275313
295,295.0,296.1,0.13588003308747987,0.2211120882663436,0.18134122083590165,0.18092674169801826,0.15170596247723905,0.12903395363501746
296,296.0,297.1,0.13575685279632646,0.2209665115586168,0.18218108645740222,0.18072517394885815,0.15150439472807892,0.12886598051071735
