Total_iterations,Unnamed: 0.1,Intertwine_two,Add_vertex,Delete_vertex,Invert_path_vertices,Insert_inside_vertex,Delete_inside_vertex
0,0.0,0.1666666666666666,0.1666666666666666,0.1666666666666666,0.1666666666666666,0.1666666666666666,0.1666666666666666
1,1.0,0.1666666666666666,0.1666666666666666,0.1666666666666666,0.1666666666666666,0.1666666666666666,0.1666666666666666
2,2.0,0.1666666666666666,0.1666666666666666,0.1666666666666666,0.1666666666666666,0.1666666666666666,0.1666666666666666
3,3.0,0.1666666666666666,0.1666666666666666,0.1666666666666666,0.1666666666666666,0.1666666666666666,0.1666666666666666
4,4.0,0.1666666666666666,0.1666666666666666,0.1666666666666666,0.1666666666666666,0.1666666666666666,0.1666666666666666
5,5.0,0.1666666666666666,0.1666666666666666,0.1666666666666666,0.1666666666666666,0.1666666666666666,0.1666666666666666
6,6.0,0.1666666666666666,0.1666666666666666,0.1666666666666666,0.1666666666666666,0.1666666666666666,0.1666666666666666
7,7.0,0.1666666666666666,0.1666666666666666,0.1666666666666666,0.1666666666666666,0.1666666666666666,0.1666666666666666
8,8.0,0.1666666666666666,0.1666666666666666,0.1666666666666666,0.1666666666666666,0.1666666666666666,0.1666666666666666
9,9.0,0.1666666666666666,0.1666666666666666,0.1666666666666666,0.1666666666666666,0.1666666666666666,0.1666666666666666
10,10.0,0.1666666666666666,0.1666666666666666,0.1666666666666666,0.1666666666666666,0.1666666666666666,0.1666666666666666
11,11.0,0.1666666666666666,0.1666666666666666,0.1666666666666666,0.1666666666666666,0.1666666666666666,0.1666666666666666
12,12.0,0.1666666666666666,0.1666666666666666,0.1666666666666666,0.1666666666666666,0.1666666666666666,0.1666666666666666
13,13.0,0.1666666666666666,0.1666666666666666,0.1666666666666666,0.1666666666666666,0.1666666666666666,0.1666666666666666
14,14.0,0.1666666666666666,0.1666666666666666,0.1666666666666666,0.1666666666666666,0.1666666666666666,0.1666666666666666
15,15.0,0.1666666666666666,0.1666666666666666,0.1666666666666666,0.1666666666666666,0.1666666666666666,0.1666666666666666
16,16.0,0.1666666666666666,0.1666666666666666,0.1666666666666666,0.1666666666666666,0.1666666666666666,0.1666666666666666
17,17.0,0.1666666666666666,0.1666666666666666,0.1666666666666666,0.1666666666666666,0.1666666666666666,0.1666666666666666
18,18.0,0.1666666666666666,0.1666666666666666,0.1666666666666666,0.1666666666666666,0.1666666666666666,0.1666666666666666
19,19.0,0.1666666666666666,0.1666666666666666,0.1666666666666666,0.1666666666666666,0.1666666666666666,0.1666666666666666
20,20.0,0.1666666666666666,0.1666666666666666,0.1666666666666666,0.1666666666666666,0.1666666666666666,0.1666666666666666
21,21.0,0.1666666666666666,0.1666666666666666,0.1666666666666666,0.1666666666666666,0.1666666666666666,0.1666666666666666
22,22.0,0.1666666666666666,0.1666666666666666,0.1666666666666666,0.1666666666666666,0.1666666666666666,0.1666666666666666
23,23.0,0.1666666666666666,0.1666666666666666,0.1666666666666666,0.1666666666666666,0.1666666666666666,0.1666666666666666
24,24.0,0.1666666666666666,0.1666666666666666,0.1666666666666666,0.1666666666666666,0.1666666666666666,0.1666666666666666
25,25.0,0.1666666666666666,0.1666666666666666,0.1666666666666666,0.1666666666666666,0.1666666666666666,0.1666666666666666
26,26.0,0.1666666666666666,0.1666666666666666,0.1666666666666666,0.1666666666666666,0.1666666666666666,0.1666666666666666
27,27.0,0.1666666666666666,0.1666666666666666,0.1666666666666666,0.1666666666666666,0.1666666666666666,0.1666666666666666
28,28.0,0.1666666666666666,0.1666666666666666,0.1666666666666666,0.1666666666666666,0.1666666666666666,0.1666666666666666
29,29.0,0.1666666666666666,0.1666666666666666,0.1666666666666666,0.1666666666666666,0.1666666666666666,0.1666666666666666
30,30.0,0.1666666666666666,0.1666666666666666,0.1666666666666666,0.1666666666666666,0.1666666666666666,0.1666666666666666
31,31.0,0.1666666666666666,0.1666666666666666,0.1666666666666666,0.1666666666666666,0.1666666666666666,0.1666666666666666
32,32.0,0.1666666666666666,0.1666666666666666,0.1666666666666666,0.1666666666666666,0.1666666666666666,0.1666666666666666
33,33.0,0.1666666666666666,0.1666666666666666,0.1666666666666666,0.1666666666666666,0.1666666666666666,0.1666666666666666
34,34.0,0.1666666666666666,0.1666666666666666,0.1666666666666666,0.1666666666666666,0.1666666666666666,0.1666666666666666
35,35.0,0.1666666666666666,0.1666666666666666,0.1666666666666666,0.1666666666666666,0.1666666666666666,0.1666666666666666
36,36.0,0.1666666666666666,0.1666666666666666,0.1666666666666666,0.1666666666666666,0.1666666666666666,0.1666666666666666
37,37.0,0.1666666666666666,0.1666666666666666,0.1666666666666666,0.1666666666666666,0.1666666666666666,0.1666666666666666
38,38.0,0.1666666666666666,0.1666666666666666,0.1666666666666666,0.1666666666666666,0.1666666666666666,0.1666666666666666
39,39.0,0.1666666666666666,0.1666666666666666,0.1666666666666666,0.1666666666666666,0.1666666666666666,0.1666666666666666
40,40.0,0.1666666666666666,0.1666666666666666,0.1666666666666666,0.1666666666666666,0.1666666666666666,0.1666666666666666
41,41.0,0.1666666666666666,0.1666666666666666,0.1666666666666666,0.1666666666666666,0.1666666666666666,0.1666666666666666
42,42.0,0.1666666666666666,0.1666666666666666,0.1666666666666666,0.1666666666666666,0.1666666666666666,0.1666666666666666
43,43.0,0.1666666666666666,0.1666666666666666,0.1666666666666666,0.1666666666666666,0.1666666666666666,0.1666666666666666
44,44.0,0.1666666666666666,0.1666666666666666,0.1666666666666666,0.1666666666666666,0.1666666666666666,0.1666666666666666
45,45.0,0.1666666666666666,0.1666666666666666,0.1666666666666666,0.1666666666666666,0.1666666666666666,0.1666666666666666
46,46.0,0.1666666666666666,0.1666666666666666,0.1666666666666666,0.1666666666666666,0.1666666666666666,0.1666666666666666
47,47.0,0.1666666666666666,0.1666666666666666,0.1666666666666666,0.1666666666666666,0.1666666666666666,0.1666666666666666
48,48.0,0.1666666666666666,0.1666666666666666,0.1666666666666666,0.1666666666666666,0.1666666666666666,0.1666666666666666
49,49.0,0.1666666666666666,0.1666666666666666,0.1666666666666666,0.1666666666666666,0.1666666666666666,0.1666666666666666
50,50.0,0.1666666666666666,0.1666666666666666,0.1666666666666666,0.1666666666666666,0.1666666666666666,0.1666666666666666
51,51.0,0.1666666666666666,0.1666666666666666,0.1666666666666666,0.1666666666666666,0.1666666666666666,0.1666666666666666
52,52.0,0.1666666666666666,0.1666666666666666,0.1666666666666666,0.1666666666666666,0.1666666666666666,0.1666666666666666
53,53.0,0.1666666666666666,0.1666666666666666,0.1666666666666666,0.1666666666666666,0.1666666666666666,0.1666666666666666
54,54.0,0.1666666666666666,0.1666666666666666,0.1666666666666666,0.1666666666666666,0.1666666666666666,0.1666666666666666
55,55.0,0.1666666666666666,0.1666666666666666,0.1666666666666666,0.1666666666666666,0.1666666666666666,0.1666666666666666
56,56.0,0.1666666666666666,0.1666666666666666,0.1666666666666666,0.1666666666666666,0.1666666666666666,0.1666666666666666
57,57.0,0.1666666666666666,0.1666666666666666,0.1666666666666666,0.1666666666666666,0.1666666666666666,0.1666666666666666
58,58.0,0.1666666666666666,0.1666666666666666,0.1666666666666666,0.1666666666666666,0.1666666666666666,0.1666666666666666
59,59.0,0.1666666666666666,0.1666666666666666,0.1666666666666666,0.1666666666666666,0.1666666666666666,0.1666666666666666
60,60.0,0.1666666666666666,0.1666666666666666,0.1666666666666666,0.1666666666666666,0.1666666666666666,0.1666666666666666
61,61.0,0.1666666666666666,0.1666666666666666,0.1666666666666666,0.1666666666666666,0.1666666666666666,0.1666666666666666
62,62.0,0.1666666666666666,0.1666666666666666,0.1666666666666666,0.1666666666666666,0.1666666666666666,0.1666666666666666
63,63.0,0.1666666666666666,0.1666666666666666,0.1666666666666666,0.1666666666666666,0.1666666666666666,0.1666666666666666
64,64.0,0.1666666666666666,0.1666666666666666,0.1666666666666666,0.1666666666666666,0.1666666666666666,0.1666666666666666
65,65.0,0.1666666666666666,0.1666666666666666,0.1666666666666666,0.1666666666666666,0.1666666666666666,0.1666666666666666
66,66.0,0.1666666666666666,0.1666666666666666,0.1666666666666666,0.1666666666666666,0.1666666666666666,0.1666666666666666
67,67.0,0.1666666666666666,0.1666666666666666,0.1666666666666666,0.1666666666666666,0.1666666666666666,0.1666666666666666
68,68.0,0.1666666666666666,0.1666666666666666,0.1666666666666666,0.1666666666666666,0.1666666666666666,0.1666666666666666
69,69.0,0.1666666666666666,0.1666666666666666,0.1666666666666666,0.1666666666666666,0.1666666666666666,0.1666666666666666
70,70.0,0.1666666666666666,0.1666666666666666,0.1666666666666666,0.1666666666666666,0.1666666666666666,0.1666666666666666
71,71.0,0.1666666666666666,0.1666666666666666,0.1666666666666666,0.1666666666666666,0.1666666666666666,0.1666666666666666
72,72.0,0.1666666666666666,0.1666666666666666,0.1666666666666666,0.1666666666666666,0.1666666666666666,0.1666666666666666
73,73.0,0.1666666666666666,0.1666666666666666,0.1666666666666666,0.1666666666666666,0.1666666666666666,0.1666666666666666
74,74.0,0.1666666666666666,0.1666666666666666,0.1666666666666666,0.1666666666666666,0.1666666666666666,0.1666666666666666
75,75.0,0.1666666666666666,0.1666666666666666,0.1666666666666666,0.1666666666666666,0.1666666666666666,0.1666666666666666
76,76.0,0.1666666666666666,0.1666666666666666,0.1666666666666666,0.1666666666666666,0.1666666666666666,0.1666666666666666
77,77.0,0.1666666666666666,0.1666666666666666,0.1666666666666666,0.1666666666666666,0.1666666666666666,0.1666666666666666
78,78.0,0.1666666666666666,0.1666666666666666,0.1666666666666666,0.1666666666666666,0.1666666666666666,0.1666666666666666
79,79.0,0.1666666666666666,0.1666666666666666,0.1666666666666666,0.1666666666666666,0.1666666666666666,0.1666666666666666
80,80.0,0.1666666666666666,0.1666666666666666,0.1666666666666666,0.1666666666666666,0.1666666666666666,0.1666666666666666
81,81.0,0.1666666666666666,0.1666666666666666,0.1666666666666666,0.1666666666666666,0.1666666666666666,0.1666666666666666
82,82.0,0.1666666666666666,0.1666666666666666,0.1666666666666666,0.1666666666666666,0.1666666666666666,0.1666666666666666
83,83.0,0.1666666666666666,0.1666666666666666,0.1666666666666666,0.1666666666666666,0.1666666666666666,0.1666666666666666
84,84.0,0.1666666666666666,0.1666666666666666,0.1666666666666666,0.1666666666666666,0.1666666666666666,0.1666666666666666
85,85.0,0.1666666666666666,0.1666666666666666,0.1666666666666666,0.1666666666666666,0.1666666666666666,0.1666666666666666
86,86.0,0.1666666666666666,0.1666666666666666,0.1666666666666666,0.1666666666666666,0.1666666666666666,0.1666666666666666
87,87.0,0.1666666666666666,0.1666666666666666,0.1666666666666666,0.1666666666666666,0.1666666666666666,0.1666666666666666
88,88.0,0.1666666666666666,0.1666666666666666,0.1666666666666666,0.1666666666666666,0.1666666666666666,0.1666666666666666
89,89.0,0.1666666666666666,0.1666666666666666,0.1666666666666666,0.1666666666666666,0.1666666666666666,0.1666666666666666
90,90.0,0.1666666666666666,0.1666666666666666,0.1666666666666666,0.1666666666666666,0.1666666666666666,0.1666666666666666
91,91.0,0.1666666666666666,0.1666666666666666,0.1666666666666666,0.1666666666666666,0.1666666666666666,0.1666666666666666
92,92.0,0.1666666666666666,0.1666666666666666,0.1666666666666666,0.1666666666666666,0.1666666666666666,0.1666666666666666
93,93.0,0.1666666666666666,0.1666666666666666,0.1666666666666666,0.1666666666666666,0.1666666666666666,0.1666666666666666
94,94.0,0.1666666666666666,0.1666666666666666,0.1666666666666666,0.1666666666666666,0.1666666666666666,0.1666666666666666
95,95.0,0.1666666666666666,0.1666666666666666,0.1666666666666666,0.1666666666666666,0.1666666666666666,0.1666666666666666
96,96.0,0.1666666666666666,0.1666666666666666,0.1666666666666666,0.1666666666666666,0.1666666666666666,0.1666666666666666
97,97.0,0.1666666666666666,0.1666666666666666,0.1666666666666666,0.1666666666666666,0.1666666666666666,0.1666666666666666
98,98.0,0.1666666666666666,0.1666666666666666,0.1666666666666666,0.1666666666666666,0.1666666666666666,0.1666666666666666
99,99.0,0.1666666666666666,0.1666666666666666,0.1666666666666666,0.1666666666666666,0.1666666666666666,0.1666666666666666
100,100.0,0.1666666666666666,0.1666666666666666,0.1666666666666666,0.1666666666666666,0.1666666666666666,0.1666666666666666
101,101.0,0.1666666666666666,0.1666666666666666,0.1666666666666666,0.1666666666666666,0.1666666666666666,0.1666666666666666
102,102.0,0.1666666666666666,0.1666666666666666,0.1666666666666666,0.1666666666666666,0.1666666666666666,0.1666666666666666
103,103.0,0.1666666666666666,0.1666666666666666,0.1666666666666666,0.1666666666666666,0.1666666666666666,0.1666666666666666
104,104.0,0.1666666666666666,0.1666666666666666,0.1666666666666666,0.1666666666666666,0.1666666666666666,0.1666666666666666
105,105.0,0.1666666666666666,0.1666666666666666,0.1666666666666666,0.1666666666666666,0.1666666666666666,0.1666666666666666
106,106.0,0.1666666666666666,0.1666666666666666,0.1666666666666666,0.1666666666666666,0.1666666666666666,0.1666666666666666
107,107.0,0.1666666666666666,0.1666666666666666,0.1666666666666666,0.1666666666666666,0.1666666666666666,0.1666666666666666
108,108.0,0.1666666666666666,0.1666666666666666,0.1666666666666666,0.1666666666666666,0.1666666666666666,0.1666666666666666
109,109.0,0.1666666666666666,0.1666666666666666,0.1666666666666666,0.1666666666666666,0.1666666666666666,0.1666666666666666
110,110.0,0.1666666666666666,0.1666666666666666,0.1666666666666666,0.1666666666666666,0.1666666666666666,0.1666666666666666
111,111.0,0.1666666666666666,0.1666666666666666,0.1666666666666666,0.1666666666666666,0.1666666666666666,0.1666666666666666
112,112.0,0.1666666666666666,0.1666666666666666,0.1666666666666666,0.1666666666666666,0.1666666666666666,0.1666666666666666
113,113.0,0.1666666666666666,0.1666666666666666,0.1666666666666666,0.1666666666666666,0.1666666666666666,0.1666666666666666
114,114.0,0.1666666666666666,0.1666666666666666,0.1666666666666666,0.1666666666666666,0.1666666666666666,0.1666666666666666
115,115.0,0.1666666666666666,0.1666666666666666,0.1666666666666666,0.1666666666666666,0.1666666666666666,0.1666666666666666
116,116.0,0.1666666666666666,0.1666666666666666,0.1666666666666666,0.1666666666666666,0.1666666666666666,0.1666666666666666
117,117.0,0.1666666666666666,0.1666666666666666,0.1666666666666666,0.1666666666666666,0.1666666666666666,0.1666666666666666
118,118.0,0.1666666666666666,0.1666666666666666,0.1666666666666666,0.1666666666666666,0.1666666666666666,0.1666666666666666
119,119.0,0.1666666666666666,0.1666666666666666,0.1666666666666666,0.1666666666666666,0.1666666666666666,0.1666666666666666
120,120.0,0.1666666666666666,0.1666666666666666,0.1666666666666666,0.1666666666666666,0.1666666666666666,0.1666666666666666
121,121.0,0.1666666666666666,0.1666666666666666,0.1666666666666666,0.1666666666666666,0.1666666666666666,0.1666666666666666
122,122.0,0.1666666666666666,0.1666666666666666,0.1666666666666666,0.1666666666666666,0.1666666666666666,0.1666666666666666
123,123.0,0.1666666666666666,0.1666666666666666,0.1666666666666666,0.1666666666666666,0.1666666666666666,0.1666666666666666
124,124.0,0.1666666666666666,0.1666666666666666,0.1666666666666666,0.1666666666666666,0.1666666666666666,0.1666666666666666
125,125.0,0.1666666666666666,0.1666666666666666,0.1666666666666666,0.1666666666666666,0.1666666666666666,0.1666666666666666
126,126.0,0.1666666666666666,0.1666666666666666,0.1666666666666666,0.1666666666666666,0.1666666666666666,0.1666666666666666
127,127.0,0.1666666666666666,0.1666666666666666,0.1666666666666666,0.1666666666666666,0.1666666666666666,0.1666666666666666
128,128.0,0.1666666666666666,0.1666666666666666,0.1666666666666666,0.1666666666666666,0.1666666666666666,0.1666666666666666
129,129.0,0.1666666666666666,0.1666666666666666,0.1666666666666666,0.1666666666666666,0.1666666666666666,0.1666666666666666
130,130.0,0.1666666666666666,0.1666666666666666,0.1666666666666666,0.1666666666666666,0.1666666666666666,0.1666666666666666
131,131.0,0.1666666666666666,0.1666666666666666,0.1666666666666666,0.1666666666666666,0.1666666666666666,0.1666666666666666
132,132.0,0.1666666666666666,0.1666666666666666,0.1666666666666666,0.1666666666666666,0.1666666666666666,0.1666666666666666
133,133.0,0.1666666666666666,0.1666666666666666,0.1666666666666666,0.1666666666666666,0.1666666666666666,0.1666666666666666
134,134.0,0.1666666666666666,0.1666666666666666,0.1666666666666666,0.1666666666666666,0.1666666666666666,0.1666666666666666
135,135.0,0.1666666666666666,0.1666666666666666,0.1666666666666666,0.1666666666666666,0.1666666666666666,0.1666666666666666
136,136.0,0.1666666666666666,0.1666666666666666,0.1666666666666666,0.1666666666666666,0.1666666666666666,0.1666666666666666
137,137.0,0.1666666666666666,0.1666666666666666,0.1666666666666666,0.1666666666666666,0.1666666666666666,0.1666666666666666
138,138.0,0.1666666666666666,0.1666666666666666,0.1666666666666666,0.1666666666666666,0.1666666666666666,0.1666666666666666
139,139.0,0.1666666666666666,0.1666666666666666,0.1666666666666666,0.1666666666666666,0.1666666666666666,0.1666666666666666
140,140.0,0.1666666666666666,0.1666666666666666,0.1666666666666666,0.1666666666666666,0.1666666666666666,0.1666666666666666
141,141.0,0.1666666666666666,0.1666666666666666,0.1666666666666666,0.1666666666666666,0.1666666666666666,0.1666666666666666
142,142.0,0.1666666666666666,0.1666666666666666,0.1666666666666666,0.1666666666666666,0.1666666666666666,0.1666666666666666
143,143.0,0.1666666666666666,0.1666666666666666,0.1666666666666666,0.1666666666666666,0.1666666666666666,0.1666666666666666
144,144.0,0.1666666666666666,0.1666666666666666,0.1666666666666666,0.1666666666666666,0.1666666666666666,0.1666666666666666
145,145.0,0.1666666666666666,0.1666666666666666,0.1666666666666666,0.1666666666666666,0.1666666666666666,0.1666666666666666
146,146.0,0.1666666666666666,0.1666666666666666,0.1666666666666666,0.1666666666666666,0.1666666666666666,0.1666666666666666
147,147.0,0.1666666666666666,0.1666666666666666,0.1666666666666666,0.1666666666666666,0.1666666666666666,0.1666666666666666
148,148.0,0.1666666666666666,0.1666666666666666,0.1666666666666666,0.1666666666666666,0.1666666666666666,0.1666666666666666
149,149.0,0.1666666666666666,0.1666666666666666,0.1666666666666666,0.1666666666666666,0.1666666666666666,0.1666666666666666
150,150.0,0.1666666666666666,0.1666666666666666,0.1666666666666666,0.1666666666666666,0.1666666666666666,0.1666666666666666
151,151.0,0.1666666666666666,0.1666666666666666,0.1666666666666666,0.1666666666666666,0.1666666666666666,0.1666666666666666
152,152.0,0.1666666666666666,0.1666666666666666,0.1666666666666666,0.1666666666666666,0.1666666666666666,0.1666666666666666
153,153.0,0.1666666666666666,0.1666666666666666,0.1666666666666666,0.1666666666666666,0.1666666666666666,0.1666666666666666
154,154.0,0.1666666666666666,0.1666666666666666,0.1666666666666666,0.1666666666666666,0.1666666666666666,0.1666666666666666
155,155.0,0.1666666666666666,0.1666666666666666,0.1666666666666666,0.1666666666666666,0.1666666666666666,0.1666666666666666
156,156.0,0.1666666666666666,0.1666666666666666,0.1666666666666666,0.1666666666666666,0.1666666666666666,0.1666666666666666
157,157.0,0.1666666666666666,0.1666666666666666,0.1666666666666666,0.1666666666666666,0.1666666666666666,0.1666666666666666
158,158.0,0.1666666666666666,0.1666666666666666,0.1666666666666666,0.1666666666666666,0.1666666666666666,0.1666666666666666
159,159.0,0.1666666666666666,0.1666666666666666,0.1666666666666666,0.1666666666666666,0.1666666666666666,0.1666666666666666
160,160.0,0.1666666666666666,0.1666666666666666,0.1666666666666666,0.1666666666666666,0.1666666666666666,0.1666666666666666
161,161.0,0.1666666666666666,0.1666666666666666,0.1666666666666666,0.1666666666666666,0.1666666666666666,0.1666666666666666
162,162.0,0.1666666666666666,0.1666666666666666,0.1666666666666666,0.1666666666666666,0.1666666666666666,0.1666666666666666
163,163.0,0.1666666666666666,0.1666666666666666,0.1666666666666666,0.1666666666666666,0.1666666666666666,0.1666666666666666
164,164.0,0.1666666666666666,0.1666666666666666,0.1666666666666666,0.1666666666666666,0.1666666666666666,0.1666666666666666
165,165.0,0.1666666666666666,0.1666666666666666,0.1666666666666666,0.1666666666666666,0.1666666666666666,0.1666666666666666
166,166.0,0.1666666666666666,0.1666666666666666,0.1666666666666666,0.1666666666666666,0.1666666666666666,0.1666666666666666
167,167.0,0.1666666666666666,0.1666666666666666,0.1666666666666666,0.1666666666666666,0.1666666666666666,0.1666666666666666
168,168.0,0.1666666666666666,0.1666666666666666,0.1666666666666666,0.1666666666666666,0.1666666666666666,0.1666666666666666
169,169.0,0.1666666666666666,0.1666666666666666,0.1666666666666666,0.1666666666666666,0.1666666666666666,0.1666666666666666
170,170.0,0.1666666666666666,0.1666666666666666,0.1666666666666666,0.1666666666666666,0.1666666666666666,0.1666666666666666
171,171.0,0.1666666666666666,0.1666666666666666,0.1666666666666666,0.1666666666666666,0.1666666666666666,0.1666666666666666
172,172.0,0.1666666666666666,0.1666666666666666,0.1666666666666666,0.1666666666666666,0.1666666666666666,0.1666666666666666
173,173.0,0.1666666666666666,0.1666666666666666,0.1666666666666666,0.1666666666666666,0.1666666666666666,0.1666666666666666
174,174.0,0.1666666666666666,0.1666666666666666,0.1666666666666666,0.1666666666666666,0.1666666666666666,0.1666666666666666
175,175.0,0.1666666666666666,0.1666666666666666,0.1666666666666666,0.1666666666666666,0.1666666666666666,0.1666666666666666
176,176.0,0.1666666666666666,0.1666666666666666,0.1666666666666666,0.1666666666666666,0.1666666666666666,0.1666666666666666
177,177.0,0.1666666666666666,0.1666666666666666,0.1666666666666666,0.1666666666666666,0.1666666666666666,0.1666666666666666
178,178.0,0.1666666666666666,0.1666666666666666,0.1666666666666666,0.1666666666666666,0.1666666666666666,0.1666666666666666
179,179.0,0.1666666666666666,0.1666666666666666,0.1666666666666666,0.1666666666666666,0.1666666666666666,0.1666666666666666
180,180.0,0.1666666666666666,0.1666666666666666,0.1666666666666666,0.1666666666666666,0.1666666666666666,0.1666666666666666
181,181.0,0.1666666666666666,0.1666666666666666,0.1666666666666666,0.1666666666666666,0.1666666666666666,0.1666666666666666
182,182.0,0.1666666666666666,0.1666666666666666,0.1666666666666666,0.1666666666666666,0.1666666666666666,0.1666666666666666
183,183.0,0.1666666666666666,0.1666666666666666,0.1666666666666666,0.1666666666666666,0.1666666666666666,0.1666666666666666
184,184.0,0.1666666666666666,0.1666666666666666,0.1666666666666666,0.1666666666666666,0.1666666666666666,0.1666666666666666
185,185.0,0.1666666666666666,0.1666666666666666,0.1666666666666666,0.1666666666666666,0.1666666666666666,0.1666666666666666
186,186.0,0.1666666666666666,0.1666666666666666,0.1666666666666666,0.1666666666666666,0.1666666666666666,0.1666666666666666
187,187.0,0.1666666666666666,0.1666666666666666,0.1666666666666666,0.1666666666666666,0.1666666666666666,0.1666666666666666
188,188.0,0.1666666666666666,0.1666666666666666,0.1666666666666666,0.1666666666666666,0.1666666666666666,0.1666666666666666
189,189.0,0.1666666666666666,0.1666666666666666,0.1666666666666666,0.1666666666666666,0.1666666666666666,0.1666666666666666
190,190.0,0.1666666666666666,0.1666666666666666,0.1666666666666666,0.1666666666666666,0.1666666666666666,0.1666666666666666
191,191.0,0.1666666666666666,0.1666666666666666,0.1666666666666666,0.1666666666666666,0.1666666666666666,0.1666666666666666
192,192.0,0.1666666666666666,0.1666666666666666,0.1666666666666666,0.1666666666666666,0.1666666666666666,0.1666666666666666
193,193.0,0.1666666666666666,0.1666666666666666,0.1666666666666666,0.1666666666666666,0.1666666666666666,0.1666666666666666
194,194.0,0.1666666666666666,0.1666666666666666,0.1666666666666666,0.1666666666666666,0.1666666666666666,0.1666666666666666
195,195.0,0.1666666666666666,0.1666666666666666,0.1666666666666666,0.1666666666666666,0.1666666666666666,0.1666666666666666
196,196.0,0.1666666666666666,0.1666666666666666,0.1666666666666666,0.1666666666666666,0.1666666666666666,0.1666666666666666
197,197.0,0.1666666666666666,0.1666666666666666,0.1666666666666666,0.1666666666666666,0.1666666666666666,0.1666666666666666
198,198.0,0.1666666666666666,0.1666666666666666,0.1666666666666666,0.1666666666666666,0.1666666666666666,0.1666666666666666
199,199.0,0.166412390198798,0.166412390198798,0.1678409616273694,0.166412390198798,0.166412390198798,0.1665094775774387
200,200.0,0.1659225612575127,0.1659225612575127,0.1687654184003698,0.1673511326860841,0.1659225612575127,0.1661157651410079
201,201.0,0.1654240490415733,0.1654240490415733,0.1683217743162986,0.1696954776130019,0.1654240490415733,0.1657106009459796
202,202.0,0.1649214222820869,0.1649214222820869,0.1678482512564458,0.1719944222820869,0.1649214222820869,0.1653930596152068
203,203.0,0.1641960344519187,0.1641960344519187,0.1671293122757282,0.1740054330233472,0.1641960344519187,0.1662771513451688
204,204.0,0.1633131298221528,0.1633131298221528,0.1674824026417535,0.1755943359792957,0.1633131298221528,0.1669838719124924
205,205.0,0.1622199081666659,0.1622199081666659,0.1675944075638065,0.1767755481369992,0.1622199081666659,0.1689703197991968
206,206.0,0.1609840476902991,0.1609840476902991,0.166274029822778,0.1789494550261339,0.1609840476902991,0.1718243720801912
207,207.0,0.1596539962767294,0.1596539962767294,0.1659356479703229,0.1806140957237127,0.1596539962767294,0.1744882674757762
208,208.0,0.1597254588817983,0.1598216127279521,0.1656259297525921,0.1807648310279962,0.1583930412993807,0.1756691263102807
209,209.0,0.1595321116021333,0.1611511134336351,0.1664447396879241,0.1805118005355274,0.1568796848622065,0.1754805498785739
210,210.0,0.1592048414264769,0.1634020259502864,0.1670894434550658,0.1800003836583788,0.1552575973788578,0.1750457081309344
211,211.0,0.1587821387430103,0.1663505729875158,0.1675928300299903,0.1792833586006152,0.153575698225611,0.1744154014132576
212,212.0,0.1591170595436348,0.1685582199086073,0.1698747115518844,0.1779777421451616,0.151446073275274,0.173026193575438
213,213.0,0.1589598573513002,0.17085872628771,0.1736828324092449,0.1762487035645953,0.1490280453253132,0.1712218350618365
214,214.0,0.1587454073963167,0.1735493465697772,0.1773355783690423,0.1744149663663242,0.1466337258642815,0.1693209754342582
215,215.0,0.1580673653902854,0.1770876119351404,0.1815485395480152,0.1722696956484595,0.1440490451022542,0.1669777423758454
216,216.0,0.1580995419540424,0.1798095440529853,0.1842529659668574,0.170797676402318,0.1414177315757966,0.1656225400480004
217,217.0,0.1579415530609309,0.182181425613754,0.1875936264333532,0.1692533743802595,0.1388278324036872,0.1642021881080154
218,218.0,0.1578139951455688,0.1844145428575463,0.1907734909380722,0.1677594608800963,0.1364011051422121,0.1628374050365043
219,219.0,0.1578539895782238,0.186639329932511,0.1928046182099227,0.1667425028513073,0.1342843887618117,0.1616751706662237
220,220.0,0.1579193811797676,0.188709371984781,0.1946565706994731,0.1657899743270428,0.1323428493381824,0.1605818524707534
221,221.0,0.1580069763172958,0.1906194430961033,0.1963287463600578,0.164904957642093,0.1305783845698834,0.159561492014567
222,222.0,0.1581136786858347,0.1923664396494592,0.1990724011179676,0.162839551779376,0.1289909316390646,0.1586169971282981
223,223.0,0.1592087327608201,0.1938103102462231,0.2013501727381131,0.1605796719375179,0.1274397750023974,0.1576113373149286
224,224.0,0.1599462417197464,0.1948419287760864,0.2039358718180692,0.1580562532017403,0.1269229077079444,0.1562967967764134
225,225.0,0.1608476946527399,0.1960931061363426,0.2053535124017192,0.1559781347310439,0.1267030723804316,0.155024479697723
226,226.0,0.1617363839317653,0.1971910629820379,0.2065781265302597,0.1540225417096017,0.1266303615790374,0.1538415232672982
227,227.0,0.1624228808476108,0.1980492327052626,0.20825313434428,0.1520149593408845,0.126599880868255,0.1526599118937075
228,228.0,0.1630841760310724,0.1987648305028495,0.2097440191243645,0.1501442987469433,0.126689530227949,0.1515731453668216
229,229.0,0.1633258448132221,0.1997910511783373,0.2111976568266213,0.148195001278524,0.1273960888814493,0.1500943570218462
230,230.0,0.1635243018332381,0.2006675638467461,0.2124556476556512,0.1463754172073235,0.1282776298325271,0.1486994396245142
231,231.0,0.1636839760492261,0.2025615100716071,0.2136299856669242,0.1436926160147486,0.1291270210539525,0.1473048911435418
232,232.0,0.1636351360124159,0.2042306485934679,0.2151832667880776,0.1410813708014857,0.1299415160740089,0.1459280617305443
233,233.0,0.163923869023203,0.2059848092014503,0.2156544881393358,0.1387535677146655,0.130909388855562,0.1447738770657836
234,234.0,0.1640370152952046,0.2067444127273272,0.2163711333831657,0.1373617163300877,0.1318298653188891,0.1436558569453259
235,235.0,0.1641273656759428,0.2073695006622319,0.216942402768781,0.1361443218095558,0.1327666621493612,0.1426497469341275
236,236.0,0.1659423279967685,0.208184734003373,0.2174168037278295,0.1345802393959973,0.1329151285483084,0.1409607663277234
237,237.0,0.1683896375388106,0.208186866400636,0.2185825236266219,0.1329179416510136,0.1328007758430565,0.1391222549398614
238,238.0,0.1701299381328788,0.2096404533577029,0.2196819002453228,0.1310989580002818,0.1323661143861631,0.1370826358776507
239,239.0,0.1723719222732244,0.2109324502456592,0.2202754509356311,0.1294015108402481,0.1318918856367251,0.1351267800685122
240,240.0,0.1744037160495305,0.2129763774878178,0.2201332556839159,0.1278316114696335,0.1313879790876818,0.1332670602214207
241,241.0,0.1763385205604379,0.2148959209581551,0.2198859928550786,0.1264297041032021,0.1308999015844842,0.1315499599386423
242,242.0,0.1781666866873774,0.2166843235991498,0.2195466418351196,0.1251930086142001,0.1304309509975796,0.1299783882665735
243,243.0,0.1798805966074765,0.2183368154673263,0.2191278049533508,0.1241173707697744,0.129983904141208,0.128553508060864
244,244.0,0.1815654459331273,0.2211231899940119,0.2170052555284072,0.1232883502748209,0.1296519502017887,0.1273658080678441
245,245.0,0.1831254740487,0.2237567406226343,0.214843317581583,0.1226077574175236,0.1293450812452025,0.1263216290843568
246,246.0,0.1845575627940465,0.2262264142367135,0.2126675493445344,0.1220675553626898,0.129063857462732,0.1254170607992838
247,247.0,0.1856220899806409,0.2297143779920393,0.2102629962905592,0.1214210118125264,0.1285704313366951,0.1244090925875391
248,248.0,0.185309452206778,0.2330124946655052,0.2078908681461755,0.1208995120663537,0.1293552430769945,0.123532429838193
249,249.0,0.1849966034573535,0.2354401011318959,0.2057938659240903,0.1206068778523453,0.1302687318907047,0.1228938197436103
250,250.0,0.1845866933174177,0.237659972347255,0.2037654470542944,0.120423148959425,0.1311888951823475,0.1223758431392605
251,251.0,0.1839546381385321,0.2393929053467542,0.2016801485013681,0.1202003832555243,0.1329391972045466,0.1218327275532748
252,252.0,0.1832539729763806,0.2396702646219846,0.2009395112191536,0.1200697120787802,0.1346691210640243,0.1213974180396767
253,253.0,0.1830938035761495,0.2404939609367478,0.1997756024375289,0.1196462485612604,0.1363038815289342,0.1206865029593794
254,254.0,0.1828859677699347,0.2411404093382284,0.198706674108537,0.1193027922865033,0.1378902187626553,0.1200739377341413
255,255.0,0.1826373105563967,0.2416208701337401,0.1977339174702045,0.1190347770929803,0.1394171117159695,0.119556013030709
256,256.0,0.1823544006484033,0.2419471374759245,0.1968574429198489,0.1188373390245031,0.1408752358873841,0.1191284440439363
257,257.0,0.1820434924144798,0.2421313680366925,0.1960763869941759,0.118705394749252,0.1422568869133751,0.1187864708920248
258,258.0,0.18063906619813,0.2411144946171496,0.1955675898185455,0.1188122857592283,0.1451630384553678,0.118703525151579
259,259.0,0.1792288037740457,0.2399910820638079,0.1951481992039954,0.1189723453300953,0.1479657503749133,0.1186938192531426
260,260.0,0.1778273913872412,0.2387830184155808,0.1948134684005631,0.1191786560100551,0.1506473395150612,0.1187501262714988
261,261.0,0.1775590692689677,0.237510849418439,0.19344716762406,0.1194245295813988,0.1531931022623495,0.118865281844785
262,262.0,0.1773132116135548,0.2361937072972456,0.1921661168795582,0.1197035510192748,0.1555911636285915,0.1190322495617752
263,263.0,0.1766455861068262,0.2347381496745063,0.1918634905601916,0.1198985042115398,0.1577212020271181,0.1191330674198181
264,264.0,0.1759093936150676,0.2330943128070381,0.1917009942257707,0.1201549768856149,0.1599365454576722,0.1192037770088366
265,265.0,0.1752049397182214,0.2314578977705971,0.1916153702759277,0.120429034975274,0.1619834665044846,0.1193092907554952
266,266.0,0.1744273994435909,0.2308445265324451,0.1905997877117033,0.1207161793580621,0.1639670338476354,0.1194450731065632
267,267.0,0.1738960321250065,0.2300199331870395,0.188752636315416,0.1212185791671877,0.1648711591923406,0.1212416600130097
268,268.0,0.1732143919507755,0.2290328373779251,0.1867902209017865,0.1228842257021047,0.1654094219025494,0.1226689021648587
269,269.0,0.1734579208527217,0.2284004576686489,0.1846935424139481,0.1241672213428941,0.1655628760018722,0.1237179817199152
270,270.0,0.1737384848160262,0.2278095553372287,0.1827038121260181,0.1254248194043787,0.1655752859922223,0.124748042324126
271,271.0,0.1721960393413846,0.2280331526662606,0.1818064462712925,0.1266823371992279,0.1654959857199473,0.1257860388018872
272,272.0,0.1712520472010754,0.2288489843746039,0.1808003674674091,0.1275620560610051,0.1650808988099918,0.1264556460859145
273,273.0,0.1701742848012503,0.2302351232526987,0.1798155987064136,0.1283020496034908,0.1644768457043145,0.126996097931832
274,274.0,0.1689349254398778,0.2316996981738099,0.1787377121494826,0.1296200792343779,0.1636507215955022,0.1273568634069496
275,275.0,0.1676283732225771,0.2335418981061029,0.1777062623112428,0.1308146249179814,0.1626947663867283,0.1276140750553676
276,276.0,0.1663897975724987,0.234590153933752,0.1767846123258997,0.1319437818998858,0.1624584458169996,0.1278332084509641
277,277.0,0.1642247865894211,0.2356056852012529,0.1769709987080172,0.1330027974804421,0.1621798519358013,0.1280158800850653
278,278.0,0.162147633916475,0.2373508398211761,0.177252753957028,0.1339880956439795,0.1610967672438616,0.1281639094174797
279,279.0,0.1601703252493768,0.2390428962197725,0.1776175236337527,0.1348971951505645,0.1599927793614816,0.1282792803850518
280,280.0,0.1582477042192675,0.2410548590398042,0.1779434684887625,0.1356187347609365,0.1588260734315841,0.1283091600596452
281,281.0,0.1564429788222,0.2429884641647735,0.1783301126545799,0.136263156167514,0.1576640388676704,0.1283112493232622
282,282.0,0.1547624067488408,0.2448322113129368,0.178767519758466,0.1368317269766107,0.1565178288787813,0.1282883063243644
283,283.0,0.1522103783875525,0.2465766488104933,0.1792462394355751,0.1383263465398838,0.1553973231073032,0.1282430637191922
284,284.0,0.149799559650741,0.248214263247528,0.1797573532318137,0.1397394637862828,0.1543111561892097,0.1281782038944248
285,285.0,0.1475399377633267,0.2497393607857227,0.1802925105973066,0.1410650977750313,0.1532667559083434,0.1280963371702694
286,286.0,0.145438989259244,0.2511479421395795,0.1808439556014733,0.1422987404920068,0.1522703896037902,0.1279999829039063
287,287.0,0.1435018562852006,0.2524375731139936,0.1814045450304048,0.1434372546372168,0.1513272175409643,0.1278915533922199
288,288.0,0.1417315286179331,0.2536072524371651,0.1819677585473354,0.1444787679263857,0.1504413520163212,0.1277733404548594
289,289.0,0.1401290290034364,0.2546572784809867,0.1825277016082958,0.145422565312226,0.1496159210312892,0.1276475045637659
290,290.0,0.1386935996325786,0.255589116312955,0.1830791018282734,0.1462689804112122,0.1488531354417573,0.1275160663732235
291,291.0,0.1374228877747041,0.2564052663759357,0.1836172994891667,0.1470192873010398,0.148154358564071,0.1273809004950826
292,292.0,0.1359235184074832,0.2539922528293147,0.1846577133897557,0.1496236456817783,0.1480396578153029,0.127763211876365
293,293.0,0.134584000326172,0.2515023169747131,0.1856721852995326,0.1521173600672825,0.1479842401225166,0.128139897209783
294,294.0,0.1334017435829926,0.248968050401475,0.1856531646984808,0.1554865577132208,0.1479827313570417,0.128507752246789
295,295.0,0.1322693525876873,0.2463134490173261,0.185491547795841,0.1593423894903189,0.1479182563689463,0.1286650047398804
296,296.0,0.1312739894677951,0.2436577364933095,0.1853885758760158,0.1630083248368682,0.1478779491658274,0.128793424160184
297,297.0,0.130946644175383,0.2387050000149542,0.1851674916675209,0.1673579554406343,0.1483939145822518,0.1294289941192558
298,298.0,0.1317129102940876,0.2336837346341431,0.1848706707173522,0.1710576106356073,0.1487827672170569,0.1298923065017528
299,299.0,0.1324128240363379,0.2284314274707768,0.1856325963672052,0.174349116889362,0.1490171553007016,0.1301568799356165
300,300.0,0.1339729419268839,0.2232203476617398,0.1863432754135793,0.1770488195766482,0.1491408491728534,0.1302737662482954
301,301.0,0.1355907189785782,0.2181973919865659,0.1870060114895236,0.179588401120848,0.149262170308538,0.1303553061159462
302,302.0,0.1372544155864218,0.2134060369578228,0.1876403073383718,0.1818842663180452,0.1493968403581715,0.1304181334411669
303,303.0,0.1389428028287213,0.2088710360611547,0.1882426640243449,0.183846919060059,0.1495421777298627,0.1305544002958574
304,304.0,0.1403638004968807,0.2045211948014118,0.1887193428059616,0.1853900540649875,0.1496047532267797,0.1314008546039785
305,305.0,0.1417753921170872,0.2004633138093171,0.1891599628676597,0.1867038281201264,0.1496740354632491,0.1322234676225604
306,306.0,0.1440734932870248,0.1967087758680268,0.189664733981824,0.1868889486708123,0.1496476508419408,0.1330163973503711
307,307.0,0.146317179110728,0.1932516607387421,0.1902070418169148,0.1868554197609736,0.149609167268583,0.1337595313040583
308,308.0,0.1483494778383694,0.1898576489481494,0.1918752515195354,0.1863858072337505,0.1493207070983052,0.13421110736189
309,309.0,0.1503061839758712,0.1867802401529871,0.1934909394622008,0.1857596319835086,0.1490395868216395,0.1346234176037927
310,310.0,0.1521752897208724,0.1827685481416636,0.1950432009414799,0.1849988120350524,0.1487678836519912,0.1362462655089404
311,311.0,0.153825325721637,0.1751124552909148,0.1971579295156635,0.1847653176962557,0.1506768225637884,0.1384621492117404
312,312.0,0.1553596610482175,0.1678123853100935,0.1991623690893115,0.1845109459496057,0.1525596122048597,0.140595026397912
313,313.0,0.1564817719518276,0.1611188933074676,0.2023820518133958,0.1843712462280757,0.1546174795680242,0.141028557131209
314,314.0,0.157149851315279,0.1557331911899844,0.2053320316755722,0.1840245483837012,0.1565026053297469,0.1412577721057161
315,315.0,0.1577127036498119,0.1507892793204017,0.2081442451828272,0.1836118227919751,0.158328535618843,0.141413413436141
316,316.0,0.1579024958622455,0.146110599610807,0.2115316195628531,0.1830528903926407,0.1599920215887752,0.1414103729826784
317,317.0,0.1577618288498583,0.1417176320925139,0.2144971372789448,0.1824509448734359,0.1623155832346708,0.1412568736705762
318,318.0,0.1575288090985326,0.1377611329998976,0.2173502821814392,0.1817963901259625,0.1645268218487532,0.1410365637454149
319,319.0,0.1572141254391236,0.1342360707873848,0.2199860733757143,0.181192956443481,0.1651849709586629,0.1421858029956333
320,320.0,0.1568386132291692,0.1311448680300709,0.2224213131134549,0.1805741176345219,0.1657387555046363,0.1432823324881466
321,321.0,0.1564121104458238,0.1284750508100091,0.2246517041429369,0.1799476025998227,0.1661930740976071,0.1443204579038003
322,322.0,0.1559439811742597,0.1276397501742463,0.2266754274246914,0.1793204441123042,0.166553330146946,0.1438670669675523
323,323.0,0.1556703420832872,0.1264205774274201,0.2287201852279464,0.1787747356778813,0.1660677515889469,0.144346407994518
