,Unnamed: 0,Generation,Intertwine_two,Add_vertex,Delete_vertex,Invert_path_vertices,Insert_inside_vertex,Delete_inside_vertex,Replace_inside_vertex,Donate_between_routes,Trim_one_terminal_cb,Grow_one_terminal_cb
0,0.0,0.0,0.09999999999999999,0.09999999999999999,0.09999999999999999,0.09999999999999999,0.09999999999999999,0.09999999999999999,0.09999999999999999,0.09999999999999999,0.09999999999999999,0.09999999999999999
1,1.0,1.0,0.11184459013811945,0.07532298772963696,0.08654088456933454,0.11851735558187378,0.0958370539607443,0.10612563863234858,0.11291508726104219,0.09551868881591766,0.10232771499888382,0.09504999831209827
2,2.0,2.0,0.1083305189138168,0.07807175506494998,0.0881204071326176,0.10822725567320861,0.10179392424854192,0.1064003598533743,0.09775038238412395,0.09405862515496731,0.10729283097953286,0.10995394059486623
3,3.0,3.0,0.08644947781382732,0.08570431322513777,0.09346594955128094,0.10692793991254756,0.08908791659077832,0.12289696429630545,0.09889413093684343,0.09885158537834256,0.10901679427534375,0.10870492801959239
4,4.0,4.0,0.08440964011574177,0.08501108465349133,0.10556774466656005,0.11428869018323191,0.09107900025707069,0.09691941033449522,0.09914222901682251,0.09209369279542984,0.11137578068887717,0.12011272728827904
5,5.0,5.0,0.08611230671006138,0.10395372217078132,0.07611246445432075,0.10555604839067265,0.09390091059139924,0.10825928722187521,0.09752850884746536,0.1025577392383196,0.11785442248476438,0.10816458989033975
6,6.0,6.0,0.09997432169078393,0.10487243929880889,0.07663332407921916,0.10874583465584467,0.08433052815969924,0.1023069608697857,0.10211582180553455,0.09243019187367824,0.11163878298186765,0.11695179458477747
7,7.0,7.0,0.08785302575823399,0.07592665451985686,0.10692997084816436,0.11595542377357564,0.08946460693075511,0.11501508793964385,0.09036221225129078,0.09529429440296919,0.12529585690067502,0.0979028666748347
8,8.0,8.0,0.08804362896946796,0.09519616391949921,0.08228192278071879,0.09091644651910052,0.10953633006592704,0.12147634386237541,0.09271315195352658,0.09248053760174116,0.11988470003159943,0.10747077429604346
9,9.0,9.0,0.08174727048522867,0.09708519674940837,0.07640769589614402,0.09348749024555697,0.06955987996089896,0.1188104133298642,0.10609797299151355,0.10462833327821333,0.13174046080774737,0.12043528625542414
10,10.0,10.0,0.1119385769890481,0.09000293884249883,0.09012391053476801,0.07308372396864017,0.0891028526915589,0.1276621211571825,0.10058127054072394,0.10702561754208173,0.11431505677717979,0.09616393095631755
11,11.0,11.0,0.09678512020378452,0.11696253822891287,0.08771413805562561,0.06582017198992467,0.09051518443769868,0.1242171500725752,0.08675216202546154,0.07691594481524826,0.13119045368783416,0.12312713648293408
12,12.0,12.0,0.0856733863362926,0.09969585269500783,0.11052229152694881,0.08439469480486593,0.09044431300668496,0.10865545966597359,0.09673792398352773,0.08964084091596591,0.11401297892313984,0.12022225814159242
13,13.0,13.0,0.09027737872018496,0.1069151709524235,0.09366558946088302,0.0817288146859854,0.08074506846204846,0.10677884947408083,0.09451793279022518,0.10211954923222115,0.11971183999786301,0.12353980622408411
14,14.0,14.0,0.10040377509055114,0.11719745380076374,0.11622996648569558,0.10163490501529271,0.07644840643102971,0.10768818381950873,0.09992427750557706,0.06905308661770364,0.10897174765637434,0.10244819757750293
15,15.0,15.0,0.08788589946153648,0.09170562968543863,0.09326638818915442,0.08521380696978724,0.06364786722642392,0.14122794773653868,0.09570283852264796,0.0798119763877088,0.1450827114924398,0.11645493432832359
16,16.0,16.0,0.10587569551742722,0.11039394288292555,0.08821657437443592,0.09212627911560188,0.05631997641983342,0.11910156332112307,0.06860710374494806,0.08791915827715963,0.14032983839143692,0.13110986795510798
17,17.0,17.0,0.08442216921025508,0.10837094141940815,0.11458988291443754,0.11373937979537721,0.06592689262014526,0.1305536724854332,0.07708701803945882,0.06828988059031624,0.12916763057840355,0.10785253234676451
18,18.0,18.0,0.09527496493692299,0.12216568469086844,0.09664482834955206,0.08051873102584226,0.07652592392272586,0.106272744625997,0.08861565866891814,0.06874656089107031,0.15170786855792356,0.11352703433017901
19,19.0,19.0,0.10586405904102589,0.08717084942179375,0.08984069349168414,0.08308678700167516,0.07314210797986942,0.1331746498955006,0.09123642905511802,0.06992258115023624,0.14115591405232183,0.12540592891077457
20,20.0,20.0,0.09108217675305011,0.11624228822249175,0.08030690250794331,0.07951384940462396,0.09363699398288343,0.12399573830371946,0.07675353274719954,0.094136276480414,0.14048545031865906,0.1038467912790149
21,21.0,21.0,0.0992613706355707,0.09542435347394888,0.06113599222563866,0.09235893237765616,0.07982014142314847,0.12080209060730492,0.0908222323908032,0.10567946202266384,0.1397724873684908,0.11492293747477404
22,22.0,22.0,0.08849198535655657,0.09432321529752037,0.07659525900284778,0.09493183187893327,0.07303169566061786,0.14137505584795654,0.09992177228035007,0.07714283151457044,0.13363429988924871,0.12055205327139798
23,23.0,23.0,0.06815241317373558,0.10865577415703283,0.0865970827342343,0.0912040814351396,0.08500031484728413,0.10886483408976873,0.10048776340458387,0.07448397227381245,0.1324288235022833,0.14412494038212473
24,24.0,24.0,0.08373614968795237,0.10308504966999618,0.0719388202169199,0.10445178490707559,0.06199222628717867,0.1155008353773566,0.11381974105925949,0.09413183888693534,0.1516934368548851,0.09965011705244035
25,25.0,25.0,0.08890200147230322,0.10762454667000883,0.07436183624644722,0.1108796400398188,0.05916388918321982,0.09944965051970772,0.09503857207057605,0.08963096464533768,0.14388839618515034,0.13106050296742994
26,26.0,26.0,0.09945370299975995,0.10612936600873162,0.08195606567197347,0.08345629896616126,0.06449604902554482,0.1590498155993309,0.06344825177233925,0.07732009140303966,0.14391316573801916,0.12077719281509955
27,27.0,27.0,0.10568259549370027,0.10839188490042864,0.08116214397820926,0.0857662542814726,0.06341455871875629,0.13155313601416424,0.07655268062578642,0.09534629415727905,0.1362975818046772,0.11583287002552575
28,28.0,28.0,0.10992298287666606,0.08504379254189484,0.087435599472156,0.07385256716035679,0.06064509495792956,0.1420474266165532,0.11089780820044928,0.07466791071110082,0.14475281790549052,0.11073399955740244
29,29.0,29.0,0.0886820914322268,0.10585382383027317,0.10581124944728341,0.09843587340752194,0.08822543072382232,0.11671390482757879,0.07312242625756774,0.09378201533062022,0.12575865567931716,0.10361452906378806
30,30.0,30.0,0.14072226346543687,0.08878756781802295,0.10022414225913823,0.07471118981132063,0.05774063256099045,0.12593836113070864,0.06909102633450967,0.07388348098451672,0.15491935450269062,0.11398198113266486
31,31.0,31.0,0.08589614009946293,0.11658123886483603,0.09414884982844382,0.11340287763177082,0.06294792407359037,0.1342433983986106,0.06841609827043789,0.0973132895611409,0.12812341995351909,0.09892676331818724
32,32.0,32.0,0.08326208896893796,0.0993125046018907,0.08536294895844733,0.11480682577580628,0.06607791688613711,0.11848104028799016,0.07947199711824011,0.10414020432187703,0.14260296034478853,0.10648151273588438
33,33.0,33.0,0.09441283494774112,0.10400961159611952,0.08632385726459425,0.09401822769283755,0.07042497352884057,0.1433570626448826,0.07142696725729666,0.074243977624162,0.13981082999403366,0.12197165744949176
34,34.0,34.0,0.09165696756567498,0.09330422659912135,0.07429840651356166,0.09180964505152729,0.08537819371195284,0.14132752933970022,0.09988683992485889,0.08585547412594964,0.13194601221150465,0.10453670495614804
35,35.0,35.0,0.11038224190243096,0.10821863253090133,0.0953259491738332,0.08293979846062248,0.06739497242070895,0.12638717633932464,0.08510734074587899,0.09956349568864731,0.125994830333286,0.09868556240436573
36,36.0,36.0,0.08244664620584921,0.09449185895659357,0.07654297845702909,0.10015314605268441,0.07697271915044923,0.10747989764181569,0.09450627719313219,0.0893102706521969,0.16116238687857862,0.11693381881167061
37,37.0,37.0,0.09051511730558941,0.0887149154339962,0.09095687437118749,0.09317307804448532,0.08338393759264365,0.12719540836822033,0.09039114636063793,0.07726469652377801,0.129011645394272,0.12939318060518923
38,38.0,38.0,0.10709001723665108,0.11362390338623111,0.10022465578189414,0.0921483588152837,0.0752384810182583,0.11290133147706738,0.09723596387844588,0.07452231269522619,0.12871358478793873,0.09830139092300309
39,39.0,39.0,0.07715723963497913,0.09505242855892795,0.08531910068264763,0.08197245534699335,0.09477999652176275,0.14507531670005075,0.07760209197921468,0.09698999405313866,0.1375095075410262,0.1085418689812585
40,40.0,40.0,0.08220862889431073,0.10982796995603414,0.07725194360985309,0.09715452623511892,0.07852968299233812,0.13263768332136358,0.07389512873397759,0.08591775893664877,0.1373658541065655,0.12521082321378915
41,41.0,41.0,0.08119976376220397,0.099766865520949,0.11712254365370911,0.09195935645913635,0.03778661010010791,0.13002428973228616,0.09112612408000129,0.09852201394747052,0.14399810979861857,0.10849432294551678
42,42.0,42.0,0.12764861561869115,0.09973133599068781,0.08355351985098278,0.1004888728412991,0.030000000000000006,0.12943725313190252,0.08392300739648378,0.08915242726221885,0.13638733554244895,0.11967763236528473
43,43.0,43.0,0.09599637172460021,0.10318231857401265,0.08032775565445263,0.08770121947304936,0.08994928504318625,0.12186500317751534,0.08437666971500044,0.07299524606193919,0.14771817219319544,0.11588795838304793
44,44.0,44.0,0.0940755558270092,0.1237956833613559,0.07900797521642923,0.0675036165062062,0.06108885883795986,0.16652797652060747,0.0861914606568611,0.07323395444387565,0.1358036914003406,0.11277122722935444
45,45.0,45.0,0.0999517077173255,0.10984270857116951,0.07745278892424819,0.08973444632349727,0.04460989755422039,0.12882487003475523,0.08041965786957445,0.0811505616856428,0.14563960326828557,0.14237375805128075
46,46.0,46.0,0.09113560061350628,0.12704262756496812,0.09084817617524697,0.09300820932922987,0.06790295040981964,0.10169800711859127,0.09862898432503245,0.07931497521044759,0.14543827081658203,0.10498219843657533
47,47.0,47.0,0.08594514940127787,0.10750006362612496,0.11447682689745782,0.0896663720135709,0.06771947074659267,0.13365489452351706,0.08051023273488166,0.07546013094183954,0.15194508584651242,0.09312177326822471
48,48.0,48.0,0.0701047716690271,0.10893522026734173,0.11282943149071836,0.0790201415459459,0.05981410096925706,0.14423175141370828,0.11350442639127183,0.051549605740493706,0.12863876287493875,0.1313717876372969
49,49.0,49.0,0.08886833219512981,0.11396746751294944,0.08132888203362573,0.1349326700916013,0.04922771549938796,0.12036978175492459,0.07945479091384806,0.06943785685384755,0.14421533998105118,0.11819716316363404
50,50.0,50.0,0.08665411591561475,0.08727156860913518,0.08634727540302203,0.09817914300323721,0.08662447430444883,0.16882120220482863,0.07188638122780042,0.07984820508197513,0.1119799619046578,0.12238767234527963
51,51.0,51.0,0.09291715793780725,0.1049808439937634,0.09680380974232014,0.09064205285442542,0.06262321660459205,0.11415063931697464,0.07464470838418398,0.09081500205222759,0.1441785566109323,0.12824401250277281
52,52.0,52.0,0.06559935206093974,0.11006748357457083,0.11792666729826799,0.0771346700043076,0.07172312128937255,0.14092670005236443,0.07353037554731837,0.0655882048153893,0.14871029293832078,0.12879313241914803
53,53.0,53.0,0.08348392453386877,0.10701407514173988,0.10326906265394005,0.09284199046675648,0.07973721082997584,0.13419149249468795,0.07142434765509896,0.06787654679559384,0.15251585865746867,0.1076454907708692
54,54.0,54.0,0.07235373592626206,0.09450664041775503,0.09338299779563305,0.07969906630302165,0.06603406765987409,0.1450033205002817,0.11721955509613294,0.07095953386676265,0.13148256400893696,0.12935851842533955
55,55.0,55.0,0.08940153961836858,0.0957734744316064,0.1058659007396694,0.11059175737306674,0.06554545556221011,0.11707365271453966,0.07164906164559307,0.10361486744131412,0.12558036076635046,0.11490392970728099
56,56.0,56.0,0.07160903408899458,0.10698361912389576,0.08491065281387032,0.1080130793245844,0.0797481652669053,0.11964326763827335,0.09497402324748448,0.06814724471272107,0.13601275229747584,0.12995816148579456
57,57.0,57.0,0.08888505830734214,0.12074473354939799,0.09729217193437037,0.09010831925296633,0.05582274310411071,0.13854746154768108,0.07735212779777459,0.07453744295298989,0.14619732773023425,0.1105126138231322
58,58.0,58.0,0.09255646521943829,0.09170937241837782,0.1427367199234753,0.08495387913589401,0.0548229550346986,0.13890802350847314,0.059471431090288886,0.07893291592762483,0.14860408971671396,0.10730414802501476
59,59.0,59.0,0.09257436708542238,0.14736580937753163,0.09999506672616884,0.10184674225470954,0.04832578092662671,0.11699780100203157,0.04662480419839608,0.0757465188425478,0.1516466626257938,0.1188764469607713
60,60.0,60.0,0.10090984860733854,0.11935050034976666,0.08675846391694193,0.08419772067059796,0.05841885846374071,0.11088971424782494,0.09393316330415635,0.06532969569982111,0.15702877069333313,0.12318326404647828
61,61.0,61.0,0.09789953531560783,0.11453190888377507,0.07489158879250332,0.08874338689923347,0.061467749857881546,0.1452831348391744,0.0686066771131564,0.07345758147295259,0.14371865758358188,0.13139977924213314
62,62.0,62.0,0.08479255101578931,0.09026339242974116,0.11357379652868235,0.09577517664546081,0.04861426256117295,0.12738228442783023,0.07483183565278899,0.07314830132390492,0.16754005876679479,0.12407834064783411
63,63.0,63.0,0.07583918238971217,0.10199023046015243,0.11915145191495972,0.0867124048739611,0.07125480282856586,0.13031433556800248,0.07200070459814757,0.07489179843962494,0.14782020503156748,0.12002488389530586
64,64.0,64.0,0.04749098143850988,0.1158425705240265,0.1303460694917684,0.11376166159313292,0.06594586655112475,0.14550964448711157,0.07804260843790185,0.04435646851604014,0.14033784996056153,0.11836627899982208
65,65.0,65.0,0.06389687811582917,0.11009200620162071,0.07197234738473005,0.07336168773708095,0.08509447478180533,0.1393118031131731,0.08954878120432139,0.0932231876878179,0.15399195756680625,0.1195068762068148
66,66.0,66.0,0.06444307808387104,0.11953081487825797,0.10598413027499679,0.09570201660326287,0.04503375393559815,0.1534509119792632,0.08541537016169425,0.08378013547766847,0.13910431783437247,0.10755547077101446
67,67.0,67.0,0.08194869847923128,0.11548070714445553,0.13126308189992203,0.07719743731040021,0.06715426452677822,0.13806606281092548,0.07243770200219816,0.07643201727188925,0.11995739719564402,0.1200626313585554
68,68.0,68.0,0.08011662790793392,0.0982281800480277,0.13858096717098778,0.07186815701747369,0.06253509566430357,0.13888520351719452,0.09041053529965214,0.0626302370876208,0.14085831454106637,0.11588668174573916
69,69.0,69.0,0.07833031424359184,0.11629239510164495,0.09608379676628218,0.09167036664585108,0.07468294714464414,0.1330094011611696,0.06166001766951327,0.08145023689992717,0.13809270455932302,0.12872781980805242
70,70.0,70.0,0.08976015023319986,0.112116579830733,0.11449478665978793,0.08458922180544873,0.04993337999594756,0.14303507112582453,0.07218346555960944,0.0983266378841697,0.12210681793649707,0.11345388896878177
71,71.0,71.0,0.054667402125929285,0.09842468965047702,0.10723651195782986,0.10189310891895949,0.0469134301545043,0.15874153544687036,0.06694040165623205,0.09518311204457686,0.14165853966322312,0.12834126838139737
72,72.0,72.0,0.08749909149775784,0.12665446610709008,0.10014868345485088,0.05283132803857783,0.04800626390662528,0.14885548425334114,0.07465088702348043,0.08615284802365779,0.15623394443805005,0.1189670032565684
73,73.0,73.0,0.05977906923231857,0.11477354704033323,0.11799710562983008,0.06575697699174705,0.045812700149057285,0.14631036035097583,0.10141572707352538,0.1057683551196614,0.12444999989671332,0.11793615851583754
74,74.0,74.0,0.04624241218378846,0.12924404888164098,0.10240968656680949,0.07460525969377976,0.0928515880130428,0.14641467970242558,0.04690137021344802,0.05962769278210813,0.1533822010703392,0.14832106089261723
75,75.0,75.0,0.10433797468334545,0.11176754765327741,0.09447328260637342,0.05405226282521728,0.0864383240975866,0.14240468576641813,0.060956693862162424,0.06850642022044984,0.16532443164273553,0.11173837664243366
76,76.0,76.0,0.08661923430066387,0.10410924730838941,0.11408570236545279,0.054989803410660267,0.05260173289881707,0.15352288941567724,0.062286127117076505,0.07567226746896513,0.1733380974218673,0.12277489829243005
77,77.0,77.0,0.06664686389319538,0.13566409702054255,0.10839523083138465,0.06470401348276375,0.07269688678586486,0.13472579902254983,0.08101685957580684,0.07947207000756913,0.1538162981660129,0.1028618812143098
78,78.0,78.0,0.09814255338983395,0.14324327733883346,0.13051399222493237,0.06511070745293177,0.03506154685156691,0.15913172907739434,0.06373089250079327,0.06809958799339941,0.15409007152140108,0.08287564164891306
79,79.0,79.0,0.10610056613714583,0.10976624498035037,0.10756389454676393,0.06885673012399192,0.0695286755015959,0.16660122022006973,0.046518463425154234,0.052778636428026236,0.15792822077561003,0.11435734786129162
80,80.0,80.0,0.07963748115277107,0.10021653829543839,0.09531127058169091,0.05747134667848033,0.05410924948235842,0.12724558605006991,0.08567263820657685,0.10186807985238186,0.16330745621822942,0.13516035348200253
81,81.0,81.0,0.08090702330394227,0.1034842006621381,0.11732823706785725,0.06235544446629525,0.06176270671002544,0.1577685864132426,0.06937986502223822,0.0730037956794883,0.1612664364566833,0.11274370421808892
82,82.0,82.0,0.08060767147202468,0.10997432000890037,0.09991674051427013,0.11392625471626498,0.059992793854206194,0.13622553254650635,0.07392991624644375,0.052032582910903624,0.13297792285590787,0.14041626487457176
83,83.0,83.0,0.08432205440718211,0.11200091854926522,0.11351650585794922,0.09126614615921244,0.06380013544984088,0.14491093519394044,0.07385938225173219,0.04473600755458246,0.15641101794815557,0.1151768966281392
84,84.0,84.0,0.0679916156453229,0.09759016644070279,0.10908714410717116,0.09730010513364554,0.055177114101877554,0.1576839653419983,0.09191351259991834,0.08252508957766712,0.15734268621171502,0.08338860083998098
85,85.0,85.0,0.08456189399585572,0.0820279698453521,0.09003503854522013,0.07633064338143511,0.059588246532633435,0.15759638332115372,0.04858936523352866,0.11434825778122608,0.15338635716857554,0.13353584419501913
86,86.0,86.0,0.09117966711213149,0.09507930465102732,0.15288168023490528,0.06366416017966528,0.08280821844448567,0.132254159737556,0.047197045840142005,0.0659658128321575,0.14808343210898292,0.1208865188589463
87,87.0,87.0,0.06682537568098901,0.10508854539451358,0.1020880729975463,0.07982217130425734,0.07408558923918215,0.13182695915280898,0.12096795027894269,0.04753710257522518,0.15366575129193913,0.11809248208459533
88,88.0,88.0,0.06201349567920601,0.13190958840364891,0.08761057039439883,0.10607634246240331,0.06978997697727575,0.17485413905432584,0.07686932028741444,0.05481888499960177,0.147144288715429,0.08891339302629574
89,89.0,89.0,0.05713220828593897,0.09084764213371177,0.11349888814075981,0.07304584923386467,0.055388984280776,0.18326210366849616,0.06614011781466361,0.08362447770421119,0.1564485732541849,0.12061115548339259
90,90.0,90.0,0.06520520253384855,0.12308736222271581,0.09150863326046106,0.0833819505670222,0.08049410844486313,0.15072451105637516,0.09738186061113976,0.0724205602680614,0.13876786470352112,0.09702794633199152
91,91.0,91.0,0.052696671845239615,0.09092041753185928,0.1033137179470208,0.12130856599638015,0.06709997694927304,0.13096141263737524,0.05995177194836539,0.07890148310268655,0.16772650684850385,0.1271194751932957
92,92.0,92.0,0.0496914338549732,0.13043562999912553,0.12493071007322507,0.08611865046012174,0.06789033246457324,0.1580846730697036,0.08105808822143609,0.06929292495764432,0.13973640587222433,0.09276115102697256
93,93.0,93.0,0.08862783918276702,0.12256442152677642,0.11834677499426957,0.07793687622956971,0.058952541113316784,0.1397615947549519,0.05193732015791049,0.07415194568165757,0.1389682085398317,0.12875247781894855
94,94.0,94.0,0.054409927166394124,0.09932365937937802,0.12773239546924658,0.07461217054444413,0.0634126912088274,0.14712634388916376,0.07166515927134794,0.0526457689751062,0.16586507281943969,0.1432068112766518
95,95.0,95.0,0.1017161250039785,0.11988223088829011,0.09859563465511605,0.055713783416229345,0.05027504553665314,0.13245838155567924,0.05755400244727622,0.07275984998561509,0.17066486727712815,0.14038007923403387
96,96.0,96.0,0.08864243179103529,0.12325210101399217,0.09501343303518851,0.08967246828081268,0.033797799364509294,0.14941657299143743,0.06167716764501492,0.08825263940621068,0.138107248501863,0.1321681379699357
97,97.0,97.0,0.07800813375835083,0.11279157006195625,0.09418795429747559,0.07219610988862243,0.053625228108901954,0.11392157836714234,0.1305582508899267,0.06969130093862196,0.1593236896943838,0.1156961839946179
98,98.0,98.0,0.09420729720432482,0.11886331792285235,0.12545612738027007,0.054127453368075173,0.04280826709128103,0.11977652872001743,0.10004708763279446,0.06965150449507387,0.15374333593373685,0.1213190802515736
99,99.0,99.0,0.05605003994290596,0.09281219859867343,0.11596844659660462,0.10693489884260929,0.07145030293283863,0.15463940809690702,0.08881787639641048,0.05353462563400128,0.1420670757287666,0.11772512723028236
100,100.0,100.0,0.09173406688429668,0.11050712593705152,0.11928962781621547,0.05284411829124312,0.044885200847809226,0.16593431927787836,0.07556915081031039,0.07908617437394974,0.14662913502228464,0.11352108073896057
101,101.0,101.0,0.07720782204106559,0.11473394143112854,0.0981660227229551,0.09278446771049687,0.03564881687482653,0.11798433186226417,0.05341010727737201,0.0715924443973882,0.19514886788953142,0.14332317779297116
102,102.0,102.0,0.06490099701286413,0.1061544092974502,0.12675317395089025,0.10464171224646097,0.04567973209223565,0.12512791471900622,0.06500104278348562,0.05774800580966488,0.1871447089406043,0.11684830314733752
103,103.0,103.0,0.0520516657394496,0.11142133116311674,0.14199588295584548,0.08715122130692202,0.08644101994545096,0.11016145832294169,0.06057784348898212,0.06743474751536946,0.15799303111119067,0.12477179845073097
104,104.0,104.0,0.11626169670448021,0.11272909474807517,0.10418044920228522,0.08036469710753179,0.03418409497690468,0.13914886496645953,0.06574848318172165,0.07866222622380921,0.16522664029759035,0.10349375259114187
105,105.0,105.0,0.08023044656509351,0.11517926462549669,0.08896195192545611,0.07208926987079997,0.030000000000000006,0.16173219149311446,0.0772024705840573,0.06313440380682168,0.17800545553179256,0.13346454559736748
106,106.0,106.0,0.08263006498175066,0.09844394879418335,0.09725471145232063,0.07435907689548117,0.07741154494961522,0.1449179856508111,0.10583985171473742,0.06001457866847226,0.1483031838761484,0.11082505301647956
107,107.0,107.0,0.07448698591148174,0.11480585140629813,0.10463106457208324,0.08081671613806055,0.05533983065317598,0.1631537373804892,0.06216667173566642,0.0677072357051884,0.16662551134351042,0.11026639515404565
108,108.0,108.0,0.07116573779095782,0.14275388506485248,0.10903399281124004,0.09028393069643958,0.08424009043918057,0.13040914719366867,0.053839810016582335,0.04818174449513936,0.15947286903693364,0.11061879245500514
109,109.0,109.0,0.07028209362785379,0.09163035820648577,0.10949040536382951,0.10093939438983168,0.06726001821466585,0.14771084936237472,0.05193191725898094,0.05048128130832602,0.20592818904739327,0.10434549322025814
110,110.0,110.0,0.0697421265611928,0.12264955067686037,0.10299134913625851,0.05714479440191422,0.06341021671227756,0.13128920632749425,0.10756031979071927,0.055912884860827586,0.1618920458379624,0.12740750569449266
111,111.0,111.0,0.11397416523482644,0.1274879336329398,0.13532733382260648,0.051828214800287674,0.042663102788346466,0.12419839226256917,0.09329783999647556,0.04416149646133784,0.1430213544106159,0.12404016658999431
112,112.0,112.0,0.06572448908281639,0.09687506884146026,0.11001054985202807,0.10092088238550034,0.06127823769972853,0.13046761280523836,0.08596615044353866,0.07788235272451982,0.1767238203995307,0.09415083576563857
113,113.0,113.0,0.050992918052820024,0.09114853616943921,0.09105083156874501,0.06772584776777586,0.08272076069122981,0.14692744388889242,0.08118917190088258,0.09371188970919878,0.1641258464147493,0.1304067538362667
114,114.0,114.0,0.06014275104759999,0.1375470296551791,0.11039850996956715,0.0932304739972498,0.04490787982673816,0.13496031313936202,0.07258803347989273,0.06153821755321985,0.12303632776144564,0.16165046356974527
115,115.0,115.0,0.06641709574911842,0.1121943383666442,0.10851014659041307,0.08032486874129788,0.06872009925927458,0.13999109938523024,0.06529482877983195,0.04933208757094622,0.1622917864717101,0.14692364908553307
116,116.0,116.0,0.07910229162442717,0.06930436425279243,0.09606933327963534,0.07647365288829056,0.06337125367675525,0.13509804140249398,0.12506427742659354,0.09380355322265263,0.13745798941389642,0.12425524281246239
117,117.0,117.0,0.07347451379734542,0.10952940152280707,0.1552778553266955,0.05100260477348808,0.04272465118957102,0.1348873295025163,0.08374232411262025,0.07377002315902455,0.14527907046342625,0.13031222615250532
118,118.0,118.0,0.05564704439642606,0.11013575862844063,0.1291794854423431,0.07438759585565974,0.060195534167611996,0.14905621142482248,0.07273554211646908,0.0898887204789127,0.1416422289244644,0.11713187856484944
119,119.0,119.0,0.08133049209641229,0.09671224036198071,0.1058367911148826,0.058052714555910434,0.08030088796735527,0.1201282975675855,0.07723621644497083,0.0682120737264427,0.16683422681887813,0.14535605934558116
120,120.0,120.0,0.09423066015709361,0.1247783225142975,0.07777127057673021,0.07111498871780433,0.06436070540409547,0.15049404735916366,0.07270171463685529,0.058948514832917055,0.185391750108656,0.10020802569238656
121,121.0,121.0,0.07568836239492324,0.1353016219720945,0.09575640215289109,0.09257035151282748,0.0698890932590082,0.13164927004037583,0.059118417054953756,0.04593553320794005,0.15554360052047217,0.13854734788451342
122,122.0,122.0,0.10040268358219892,0.10155965218627569,0.11840125670853399,0.07071105874139115,0.05314533770981267,0.15192916298061812,0.0527208456008336,0.054580983358698966,0.17526919474546526,0.12127982438617135
123,123.0,123.0,0.07454571893504514,0.1037986214871121,0.09551930526643646,0.09039871204019549,0.03769497915805729,0.15974539926614434,0.10099911718606729,0.04741743095108568,0.18926798245978374,0.10061273325007218
124,124.0,124.0,0.060251510871348314,0.13781779351973214,0.11558403173035478,0.061874823491212705,0.0652635056843625,0.13238427738852337,0.07619158346821678,0.07456224941899148,0.16746690447402507,0.10860331995323255
125,125.0,125.0,0.05216960106222681,0.13940525109525956,0.10775799259407981,0.0669118945059229,0.0789151599389333,0.1518434191130153,0.10131467677150192,0.0491630096111782,0.14694535781792167,0.10557363748996025
126,126.0,126.0,0.09578655838282082,0.0990559920141883,0.09932405411137361,0.04308473137194037,0.05227026196977826,0.14539526023331592,0.09025701761985254,0.084441709293676,0.12795898199216899,0.16242543301088488
127,127.0,127.0,0.06235151387590517,0.11379643672725648,0.08698312430734219,0.09893564533492236,0.08542278182735635,0.14146404760263337,0.08748804081758575,0.0656887073809781,0.13162236588140047,0.12624733624461937
128,128.0,128.0,0.07132523350080769,0.10576191417515568,0.09658095793996306,0.10350569718874902,0.06602542292981325,0.12562056683334602,0.08004620407168236,0.09056250722806355,0.1459576419866156,0.11461385414580338
129,129.0,129.0,0.09341341107617358,0.12087353138722853,0.10020942944691487,0.11084680317453384,0.07258504775209185,0.12464651399039631,0.0585609488278938,0.057423410520552165,0.14677834979646623,0.11466255402774853
130,130.0,130.0,0.05172367136591262,0.12795020933130302,0.12172080790503317,0.09304443136200245,0.044981829301271294,0.15207272477032632,0.07629665440705766,0.03526846882070359,0.16506160161208633,0.13187960112430328
131,131.0,131.0,0.0820676461064623,0.1354619514962796,0.10915196166706578,0.05723947702375093,0.035032357275581474,0.14324094597165546,0.08230836702175581,0.061462622538344225,0.1674807473551754,0.12655392354392875
132,132.0,132.0,0.06908257543753245,0.10553383444531446,0.11620367699160264,0.09738837539732655,0.058809639877799455,0.11506417229148629,0.07311360608646572,0.06121193092427559,0.18594570391944137,0.11764648462875524
133,133.0,133.0,0.052366960553633345,0.09177424266694029,0.16180888282358225,0.10120647629662342,0.04960028510519058,0.170670083729502,0.049138721191733466,0.06309393135368586,0.14634358643983908,0.11399682983926944
134,134.0,134.0,0.08598426613372938,0.07388923797235539,0.10907918415852172,0.08959838642930033,0.09877193537279154,0.14309013484927388,0.0563986853624693,0.04786975948313904,0.15278834605297442,0.14253006418544473
135,135.0,135.0,0.06815955129086898,0.12291734405506607,0.11342496481936759,0.06425703670411984,0.060234572616586234,0.15954388314215623,0.06847838809376804,0.08353159302501352,0.1423360266031535,0.11711663964989985
136,136.0,136.0,0.06987728710097812,0.118437398118896,0.12288842396346648,0.04395236279169597,0.06427455279355208,0.1366117989337718,0.10674145247469906,0.058865755546364695,0.14619283672455882,0.13215813155201664
137,137.0,137.0,0.07815414502928003,0.09801130374979551,0.09082049819301699,0.11686986370829336,0.048445093557595596,0.14529812443125337,0.06447110730726432,0.07577384135587614,0.15381343858240357,0.12834258408522087
138,138.0,138.0,0.07576210580430084,0.12542093699525747,0.0976193054297396,0.08543446066367555,0.06304888795903829,0.16405016177051923,0.0576318938811621,0.06727713689360104,0.16163963802049627,0.10211547258220932
139,139.0,139.0,0.07058759715385905,0.11518400779194968,0.09591490585449167,0.08387872593220203,0.06162374326036095,0.12553396752541604,0.07907129044861166,0.05215599957262727,0.17561052451867576,0.14043923794180563
140,140.0,140.0,0.0677261086497206,0.10272498770297722,0.09009085918841533,0.05287880769415707,0.06819706053904946,0.13572699691175688,0.08509681758209944,0.06776185224795642,0.20312070013095296,0.12667580935291434
141,141.0,141.0,0.09013512436410309,0.10860370562080897,0.12760900080552923,0.08073107875005155,0.04575957565692727,0.1200798455029611,0.08412739756326557,0.0704405393061179,0.1485069256823663,0.12400680674786876
142,142.0,142.0,0.08690001138171996,0.1172701464280735,0.12757522261627235,0.07120470440947693,0.07225625977337817,0.10926063835268789,0.04474703372507125,0.0667627919065245,0.14815174921212665,0.15587144219466847
143,143.0,143.0,0.07499437152052428,0.11613190435867446,0.11630175139453117,0.08065695377380724,0.04952373930780266,0.1559706932160841,0.045113698391478683,0.1056838615306549,0.12679955359707396,0.12882347290936827
144,144.0,144.0,0.06395645985007993,0.14173552614963875,0.1294116572335305,0.055854878438500774,0.047210731027974975,0.15257601677257365,0.04226951597752997,0.08231506397993936,0.16322478027624612,0.12144537029398579
145,145.0,145.0,0.08280373197125801,0.09371991425147033,0.10525831795993099,0.054083359661944844,0.09547020873635856,0.1547814473439369,0.06798120042282714,0.045423088012445524,0.174845503221915,0.12563322841791252
146,146.0,146.0,0.07151021346974555,0.13420547093280968,0.10702142667501777,0.08017295372878622,0.056496040754445497,0.14043408156204448,0.07166435136080984,0.07026636064037965,0.1252299084151664,0.14299919246079468
147,147.0,147.0,0.04594020126098712,0.12378995574907388,0.1233059278877503,0.06106653723859608,0.04296321845068187,0.1538486903980656,0.0867634193296811,0.06824533916968957,0.17270205716087333,0.12137465335460088
148,148.0,148.0,0.07416162920675823,0.12278922198438258,0.12365506327528968,0.08820776073439854,0.08299193677957328,0.14457570979310602,0.07385305310079132,0.04389153866372273,0.132790775502518,0.11308331095945934
149,149.0,149.0,0.0760153250861588,0.11149600278674143,0.1593035930363059,0.08460683673890372,0.06889499517123589,0.13278036306240598,0.07727358973002575,0.05037229882435149,0.1269931930722527,0.11226380249161798
150,150.0,150.0,0.07235118875656753,0.12023115604339903,0.09069218764423218,0.07099508729399137,0.0530239879135859,0.181077053626597,0.06391833078321556,0.07905917153249467,0.16479693555775243,0.103854900848164
151,151.0,151.0,0.08306149098760204,0.10481938857265334,0.0883557268429028,0.09657537119753168,0.051668003550394616,0.14982627252292752,0.07721091442694715,0.07258084802269046,0.15406088271809132,0.12184110115825879
152,152.0,152.0,0.07364010282833466,0.1135819225147209,0.1462995675166722,0.061534022976565336,0.06138353803909117,0.12288410771023543,0.06963850934732316,0.08088792900737911,0.15908625952487704,0.11106404053480068
153,153.0,153.0,0.08194897947048495,0.12960635161673367,0.10020827042202432,0.09144338803511601,0.04933771420948815,0.12563019542172643,0.08216248068066193,0.04065201413466531,0.1459141751968674,0.1530964308122315
154,154.0,154.0,0.07515461483870281,0.1259899571842222,0.10760989928220643,0.07316009022994677,0.07544046339827723,0.13146277040868018,0.09976649777369817,0.03743592788662312,0.17273101212692965,0.10124876687071309
155,155.0,155.0,0.07767045273522398,0.11245553664041516,0.09352931886366032,0.10294058669783157,0.07577113499452676,0.15228030717546376,0.08417766094081673,0.048866161298886344,0.14416749026615377,0.10814135038702126
156,156.0,156.0,0.053409447851403766,0.11511786343755148,0.10032726402497769,0.07430163802061522,0.055299239600724935,0.1413906555824023,0.06014994799175043,0.08053721802330802,0.1890025071651123,0.13046421830215352
157,157.0,157.0,0.06009226372928465,0.09195044784126691,0.09015724211276724,0.08345390524897155,0.07651001003850967,0.16479527134433797,0.06969117575296162,0.06554102287387074,0.1466884138357323,0.1511202472222971
158,158.0,158.0,0.10301426168236472,0.12535535087221333,0.11447764311279074,0.09305081806675738,0.040526552508488314,0.14079190772780706,0.039869924997249354,0.07231260702765714,0.14093551056705575,0.12966542343761597
159,159.0,159.0,0.05667086827852521,0.09648860706507996,0.12255008160449647,0.08165789742483945,0.053998069019818205,0.1325991096878552,0.08257819562391241,0.05527734041745426,0.1752067853163411,0.1429730455616774
160,160.0,160.0,0.09425035785022166,0.0899234018791836,0.09135797948832489,0.053468338594134024,0.04133987904434287,0.1744975618424102,0.05011113560502598,0.08550992175312111,0.15905462607407933,0.16048679786915604
161,161.0,161.0,0.07308500803808084,0.10703919931727637,0.08622825228780044,0.0895774193978393,0.03553814404886392,0.1260508387318256,0.06926835720161802,0.10019352662014078,0.16749348693370347,0.14552576742285103
162,162.0,162.0,0.06850468847397126,0.09877088704284101,0.1210719427929241,0.05120362261232603,0.056965079255586484,0.13458370549837775,0.10265216348770478,0.07614041450242415,0.1416613654405416,0.14844613089330255
163,163.0,163.0,0.03758840266092121,0.10967122530865232,0.11100435990299558,0.06391445029915976,0.03295420498375913,0.13833248379684746,0.10150311367565532,0.07098359682202907,0.17933218308502866,0.15471597946495122
164,164.0,164.0,0.04935196728809994,0.09043934035030629,0.12488142288462867,0.06229214763298265,0.04852518783535187,0.13770127144117755,0.1017103279752772,0.08485267780770625,0.16952015364216083,0.1307255031423085
165,165.0,165.0,0.08497493601450141,0.10231633982626995,0.11861872098512308,0.06878448061555419,0.04315518058136784,0.15971796106583813,0.06530249719302231,0.04849527558168816,0.15928888773647115,0.1493457204001635
166,166.0,166.0,0.05727808360065458,0.14397114495390312,0.07395810530851527,0.06109465149200784,0.043358586976321375,0.20500479871853403,0.06313943705617053,0.07398635918618582,0.12207442833622686,0.15613440437148024
167,167.0,167.0,0.06175768444841399,0.12836318101435967,0.1396003085395604,0.04334790040761205,0.05402769525732413,0.1668010854235915,0.08954912147640813,0.04812173158694988,0.13097220020612682,0.1374590916396531
168,168.0,168.0,0.0603890585609417,0.1451141104787797,0.08023782910794165,0.05887456213898706,0.058124559607911054,0.14858100570419558,0.10384901561524944,0.04855163576635167,0.15059627631974787,0.14568194669989407
169,169.0,169.0,0.12199024613231187,0.11597993291060668,0.10142230378786347,0.10164569679192821,0.03162837789743737,0.1273500591047027,0.084194664299128,0.05556744809571708,0.1543942224367819,0.10582704854352254
170,170.0,170.0,0.06740158717039915,0.12485225484227751,0.14515458164060918,0.08126900100384285,0.06823100383103645,0.12641473654229876,0.07152067395315753,0.062263834403556706,0.1654605432017665,0.08743178341105504
171,171.0,171.0,0.03980749686356226,0.16880772882235512,0.09870926494370699,0.11416705405893086,0.04792127727313315,0.1336941223816653,0.07981937755226318,0.05358707657059656,0.13772517694816644,0.12576142458561976
172,172.0,172.0,0.03962054993444368,0.110296688970548,0.11637935886187989,0.08899107897134756,0.056700129724748013,0.14681915790682049,0.07291985480405785,0.06515646933964143,0.15129429999779026,0.1518224114887225
173,173.0,173.0,0.09599125083591482,0.13008384294670836,0.12824624583179728,0.05189791728316166,0.06636641426383096,0.15598419638739336,0.06537797062520623,0.03432369723392302,0.1401107679160686,0.1316176966759954
174,174.0,174.0,0.08251053286256967,0.1413420414649354,0.09553077474296315,0.09045506577153303,0.04314727513276449,0.14258880065233118,0.05043366243056023,0.061697930615104445,0.15834932046294597,0.13394459586429217
175,175.0,175.0,0.06938462153475103,0.13273057010567746,0.10726030841464676,0.06173352914808614,0.08463384500787394,0.1394447431607557,0.03809544822975147,0.04457341413350304,0.16224194524342755,0.15990157502152672
176,176.0,176.0,0.040104137000524905,0.0986900886674913,0.1527614929137591,0.06735104966808914,0.042452870376512006,0.11549187771422798,0.06306262551115333,0.0921923301045976,0.1780994476342447,0.14979408040939962
177,177.0,177.0,0.08466317547289126,0.09156184603370857,0.09007200018250319,0.11360579063601924,0.043285747351287596,0.1449747750311689,0.06314256335999091,0.08197398762744171,0.1626625659595799,0.12405754834540843
178,178.0,178.0,0.07519580973673713,0.1673232363669246,0.09323767124352689,0.06479704027331892,0.03679301621531954,0.16173145392228333,0.07526942122033228,0.04713248749033305,0.13698276820058525,0.14153709533063874
179,179.0,179.0,0.050854972662441864,0.1292161740201597,0.08823837031931402,0.07918879290037689,0.05373257319248065,0.16709110550483594,0.09966436649054704,0.08014666878421348,0.144957654356773,0.10690932176885712
180,180.0,180.0,0.041368901079909114,0.14559901479139914,0.08416309293690344,0.11420998925540846,0.05991042123184874,0.12933878554242934,0.0943795628271141,0.0768598265096092,0.14572114025697097,0.10844926556840724
181,181.0,181.0,0.044713151402140425,0.11777376471509726,0.11554066991364638,0.0773676213244733,0.045856828268070325,0.1500194373131043,0.07911860695280958,0.0578077069221599,0.17605781364206213,0.13574439954643613
182,182.0,182.0,0.06931521975986946,0.12380988981767771,0.16977213769715133,0.0651586713872481,0.08563705732462548,0.1228391348792259,0.05626219477595775,0.0760332438905618,0.12114322799923165,0.11002922246845057
183,183.0,183.0,0.05462976023187003,0.11833186099402385,0.12634950360909475,0.11093403925066811,0.047565478388790924,0.14043324212544617,0.08209416390243796,0.05221575905814989,0.15255921915230136,0.11488697328721673
184,184.0,184.0,0.05185746815354716,0.08396741500975288,0.14112156662901335,0.07461036568394144,0.043795690406285434,0.16691880630749872,0.0637812189110398,0.07463856130384565,0.16683186481819234,0.13247704277688305
185,185.0,185.0,0.056734222593509055,0.06288522050281882,0.10168344327985586,0.10502950836340288,0.10909708965118887,0.15511052511871398,0.04030306855605885,0.045406042748619105,0.16295246438348968,0.16079841480234275
