,Unnamed: 0,Generation,Intertwine_two,Add_vertex,Delete_vertex,Invert_path_vertices,Insert_inside_vertex,Delete_inside_vertex,Replace_inside_vertex,Donate_between_routes,Trim_one_terminal_cb,Grow_one_terminal_cb
0,0.0,0.0,0.09999999999999999,0.09999999999999999,0.09999999999999999,0.09999999999999999,0.09999999999999999,0.09999999999999999,0.09999999999999999,0.09999999999999999,0.09999999999999999,0.09999999999999999
1,1.0,0.10900000000000001,0.10129106032505503,0.09731020566253043,0.09853295641805745,0.10201839175842423,0.09954623888172112,0.10066769461092599,0.1014077445114536,0.09951153708093502,0.10025372093487833,0.0994604498160187
2,2.0,0.31601,0.10220714279330492,0.09494439531301019,0.09725064873215025,0.10297092398837403,0.09969644905484012,0.10135067132307618,0.1012733175115659,0.09888598560503133,0.1009993213149738,0.10042114436367314
3,3.0,0.6191589000000001,0.100904746665936,0.09340969541198015,0.09653982364070476,0.1037508347361111,0.0985820121968079,0.10366550769360745,0.10123147871566451,0.0987540116945549,0.1019056930832864,0.10125619616134668
4,4.0,1.015801321,0.09938405369297434,0.09188208882202004,0.09707952182903752,0.10522060048790727,0.09768318643514783,0.10334341959693155,0.10119526012956295,0.09796042165367272,0.10302843732804165,0.10322301002470399
5,5.0,1.50262148669,0.09803595254096847,0.09233279660109965,0.09470460440568829,0.10576080638222113,0.09709039242130585,0.10412328790603688,0.10098076107400843,0.0982339279725853,0.10477024476151846,0.10396722593456739
6,6.0,2.0757334209441005,0.09808962654392638,0.09294651457077088,0.09243334328765014,0.10656392273370532,0.09556794474737901,0.10427129674218111,0.10121192069755085,0.09751056703579984,0.10584714927859037,0.10555771436244596
7,7.0,2.7307768275633495,0.09694465050480207,0.09072354151286016,0.09326087276622602,0.10802950548103558,0.09459877555207365,0.10565567404297278,0.10025364241439448,0.0970951486940008,0.1082399870728686,0.1051982019587657
8,8.0,3.4630081252450404,0.0958423161432479,0.09050184783077472,0.09167753547101914,0.10692389141111071,0.09568235390360282,0.10764133334492516,0.09952737162814629,0.09642188796334854,0.11002298409908952,0.10575847820473502
9,9.0,4.2673862119061114,0.09414259249768743,0.09053816996077599,0.08957115308997247,0.10602586867190386,0.0927984691710995,0.10930018376860569,0.10014406782757543,0.09699131936979265,0.11291187465962825,0.10757630098295859
10,10.0,5.138652627782014,0.09550801864694036,0.0899281043549725,0.08891539583895458,0.10305188779466255,0.09192488429281051,0.11177342222826256,0.10020696321362207,0.0978199062010634,0.11395762162253753,0.10691379580617377
11,11.0,6.071405875792507,0.09538586208616272,0.09207575359326603,0.08809632221208238,0.09934926816901361,0.09125167076095188,0.11381372672278223,0.09888440128280884,0.09564672418993392,0.11658990793176774,0.10890636305123053
12,12.0,7.060169740244025,0.09417874037588986,0.09253083720069616,0.08963614945346515,0.09753907182563279,0.0906313265759452,0.11419786596068769,0.09857134934831008,0.09477604219624229,0.11738722359116616,0.11055139347196448
13,13.0,8.099455520847952,0.09346767653463754,0.09373399442806797,0.0895451851848379,0.09551186333449434,0.08910122221928296,0.11430050619266618,0.0980492692342831,0.09518894722074259,0.11864095134541679,0.1124603843055705
14,14.0,9.183818168183006,0.09380845573640256,0.09597687598278018,0.09176095908831507,0.09554015423891536,0.08721090055761271,0.11440859926880377,0.09808471823875345,0.09232322150145589,0.11870600597661796,0.11218010941034293
15,15.0,10.307906369102724,0.0929293226486311,0.09565849274866849,0.09170348784576422,0.09398445375610752,0.08412193220038308,0.11779265527453765,0.09771287403715208,0.09058725598226085,0.12227830894510311,0.11323121656139178
16,16.0,11.466506686239443,0.09388664824335492,0.09720125052708435,0.09116241134943051,0.09318786406829872,0.08040433094847778,0.11886002016277658,0.0946485404227958,0.08972785240798488,0.12524613833211284,0.1156749435376835
17,17.0,12.654581904800096,0.09272277912062986,0.0985193593048653,0.09328331498698039,0.09462162756772138,0.07777833789650773,0.1209682749102061,0.09247821723254775,0.08697337448114391,0.12695180099971148,0.11570291349968594
18,18.0,13.867303782456686,0.09267757038374036,0.10118364735315961,0.0936106884835613,0.09278112736252482,0.07635633282722913,0.12053346537270132,0.09152387843233954,0.08435317743815418,0.1307630794942892,0.11621703285230038
19,19.0,15.100080434523047,0.09372176587648191,0.10029184344309412,0.09325525254335724,0.09125885881206439,0.07473984258154771,0.12268972010843035,0.09089796835313795,0.08195653595990918,0.1333474825794853,0.11784072974249171
20,20.0,16.348578617037543,0.09330477652279717,0.10226515386389197,0.09194783550828277,0.08944980263884098,0.07531851261471906,0.12381730750927905,0.08888974425808445,0.08210058861440972,0.1356844832975239,0.11722179517217078
21,21.0,17.608741195130214,0.0937251794950355,0.10209911111134176,0.08873765981848189,0.08900680084790097,0.07464081520228141,0.12451455570834583,0.08836785042178784,0.08350491143634522,0.13776449731895313,0.1176386186395263
22,22.0,18.876800103462312,0.09308196555355394,0.10177281124002978,0.08711841169945357,0.08889891050148022,0.07340383621704316,0.1271622509605607,0.08883264377776573,0.08213688443114103,0.13904277109081062,0.11854951452816113
23,23.0,20.14928511992658,0.09042321598596846,0.10283790128237515,0.08655603923850068,0.0884893633590967,0.0734836956434311,0.12643628256060924,0.08941844819559505,0.08058983367321576,0.14001858513477022,0.12174663492643753
24,24.0,21.423028783545156,0.08936600699844088,0.10329758860052889,0.08458448820686898,0.08947268845890556,0.07136992646320822,0.1262707966447033,0.09138956308919889,0.08110121603840126,0.14274738149326915,0.12040034400647472
25,25.0,22.695167792966423,0.08887480551499627,0.10416313149756318,0.08292593720145369,0.09115025752648956,0.06909092348885144,0.12440904122194962,0.09150975137427461,0.08124167897139378,0.14451225470256088,0.12212221850046681
26,26.0,23.963141223515898,0.08948816629221484,0.10482721619049079,0.0821070232295825,0.0901150294050827,0.06747376645310653,0.1284438839424112,0.0884941770079821,0.08022090114359669,0.1460968789610362,0.12273295737449628
27,27.0,25.224685898775267,0.09076273560818106,0.10566416580147776,0.0812890989099459,0.08934773232295845,0.06588039891598164,0.12963163374887915,0.08684014371130712,0.08107581327659769,0.14673964526809966,0.12276863243657146
28,28.0,26.477829247520948,0.09248308532970241,0.10410988840650216,0.08117904302235027,0.08742998145652019,0.06414476335451433,0.13176925265759204,0.0886831518709107,0.07992010066048756,0.14805923791990386,0.12222149532151634
29,29.0,27.720879968916847,0.09208170991009734,0.10460138092121589,0.08298012328552501,0.08802656215848063,0.06530572824181716,0.13126253923612582,0.08678646758356118,0.08073884786844654,0.1473143908837662,0.12090224991096415
30,30.0,28.95241681848399,0.09689049305099508,0.10334962301232378,0.08427069606518534,0.08629510954311531,0.06353131384892657,0.13158345644303376,0.08453967131938087,0.079616298595621,0.1493445410815351,0.1205787970398831
31,31.0,30.17127581490958,0.09617410324535006,0.10485678744705919,0.08498421678574973,0.08849013177401359,0.06239716323370568,0.13264633470291784,0.08229557542536269,0.08089165693162938,0.14854783093882157,0.11871619951539021
32,32.0,31.376536153543515,0.09516316767575819,0.10460360652620429,0.08483944167768497,0.09085517405480316,0.061694934569660395,0.1320426599627084,0.08124268423397729,0.08288638723640565,0.14907450173965325,0.11759744232314429
33,33.0,32.567505096778625,0.09524938947393763,0.10479254337761464,0.084810469983849,0.09114436881642693,0.061541464259454746,0.13385133873546196,0.07947287230447872,0.08190456001178752,0.14920457701137768,0.11802841602561111
34,34.0,33.74370209472243,0.09504303680883054,0.10388421872636917,0.08359698425710083,0.0912125244265214,0.06298749809127475,0.13537125353951612,0.08064556978421442,0.08210545933593369,0.1484412255075033,0.11671222952273569
35,35.0,34.90484237192463,0.0966959861514782,0.10445236721215377,0.08451461559161921,0.09039285102276601,0.06271451336699516,0.13530470432112915,0.08041546029948499,0.08369457103183518,0.1469941388332345,0.11482079216930369
36,36.0,36.05082019768737,0.09552694354771243,0.10362868614511661,0.08357030005682752,0.09130194919297091,0.06347340637865469,0.13326490687501194,0.08119517421241777,0.0842581383010696,0.14899852339592237,0.114781971894296
37,37.0,37.18169203889697,0.09515084934087864,0.10221831056063821,0.08409153245093283,0.09151064271393256,0.06493252506108564,0.13314279015381497,0.08161851468061498,0.08361131275404997,0.14770903398873736,0.11601448829531469
38,38.0,38.29765977559663,0.0964234972274815,0.10330483737856472,0.08555607316590083,0.0916126193131834,0.06561570034315055,0.13154400359776644,0.08277172917057352,0.08269146521657439,0.14633171357569286,0.11414836101111164
39,39.0,39.399054140870355,0.09468226776534858,0.10252875469204492,0.0855302901256073,0.09069216530070112,0.0682809374541105,0.1331360674984141,0.08199087736869179,0.08402867904342415,0.14579553619138402,0.11333442456027336
40,40.0,40.48631852820801,0.09344504989405841,0.10323307115255656,0.08469825778763407,0.09129476667874256,0.0693196100917085,0.13344455416314469,0.08087352656857975,0.08425456112603708,0.14521575091555644,0.11422085162198181
41,41.0,41.55999329152982,0.09211830308668911,0.10292679451154328,0.08786202554606595,0.09137618853694536,0.06627220890532999,0.13345278409407663,0.08152122640473528,0.08573491247957701,0.145278670768427,0.11345688566661026
42,42.0,42.62070064560415,0.09545993075246062,0.10261599329169929,0.08764511932945847,0.09230825152676607,0.06246603083952631,0.1333672024282591,0.08147989356567614,0.08625814104391671,0.14456141560069544,0.11383802162154172
43,43.0,43.669130257815,0.09562405811090818,0.10265252387916207,0.08708641132007396,0.09195014909392506,0.06471073877622635,0.13249365444062106,0.08151249138068267,0.0851422714939775,0.14496722881422924,0.11386047269019378
44,44.0,44.70602560622662,0.09558341427988881,0.1047520358335614,0.08638400951116934,0.08956560731147509,0.06409731876140336,0.13606747207342496,0.0817519502917178,0.08404038948290547,0.14416852206091382,0.11358928039353984
45,45.0,45.73217116373481,0.0961193714364742,0.10543673558878008,0.08552256891098968,0.08942198278094651,0.061867260020454284,0.13581820233883507,0.08143467813657218,0.08373229204672707,0.14434962886311872,0.11629727987710206
46,46.0,46.748380453854836,0.09575844552982765,0.10781701699768066,0.08600611329606044,0.08962322163946958,0.0620169388144977,0.132811239963047,0.08295991563981694,0.08324562840303613,0.14450539148398445,0.11525608823257932
47,47.0,47.755485010424316,0.09486833864345971,0.10819726997747975,0.08885258894363707,0.08950400275747203,0.06219216187876729,0.13298953023688576,0.08267744492057431,0.08238284016492761,0.1453055881390826,0.11303023433771374
48,48.0,48.7543242612326,0.09239397278008166,0.10867604125990704,0.0915059198653203,0.08833370640947273,0.06161459874755462,0.13421433081522605,0.08570096851703804,0.07914605113826448,0.1437615278085879,0.11465288265854705
49,49.0,49.745736344347726,0.09182050754454113,0.10961275192872673,0.09095709786537994,0.09277855690220363,0.060018148404693335,0.13303062857583878,0.08529521078485534,0.07774580167162534,0.1437783035724174,0.11496299274971823
50,50.0,50.730549855707864,0.09105344545110905,0.10782974879612525,0.0908687152440557,0.09352511076871901,0.06221311464757121,0.1366838301371715,0.08411478365857608,0.0774435325262851,0.14057423431631094,0.11569348445407603
51,51.0,51.70957651737491,0.09094540047388448,0.10779039171337684,0.09178960992038335,0.09348984055604685,0.062032572092744404,0.13482602897426213,0.08320594793625535,0.07829221671806103,0.14062448873232608,0.11700350288265939
52,52.0,52.68360474770151,0.08813609698133484,0.10823553881978788,0.0947808428828924,0.0920788812026139,0.0627859807069968,0.13562486010460978,0.08219095010695941,0.07665858062031719,0.1411584320182646,0.11834983655622305
53,53.0,53.65339410751842,0.08717081363612912,0.10834914981982256,0.09623865032887151,0.09223030771878607,0.06435482881970803,0.13572330576563257,0.08098024352577471,0.07530643857231892,0.14209505615672463,0.11755120565623174
54,54.0,54.61967059027847,0.08515217087366068,0.10718730550067446,0.09663237466767269,0.09105841599444726,0.06455030162424065,0.13687777152840302,0.08437456938810511,0.0743235105184701,0.14093889644149293,0.11890468346283296
55,55.0,55.58312271885972,0.08491218840717576,0.1061415223639971,0.09820252309827698,0.09297938905263259,0.06469220359890995,0.135205079426041,0.08320086317622878,0.07667076886094423,0.1392135690492002,0.11878189296659326
56,56.0,56.544398407394254,0.08296184714651386,0.10621765153089252,0.09759676566965486,0.09462652068335549,0.06624871886621483,0.13377530375917357,0.08436150573042286,0.07550598008211536,0.13856768146642076,0.12013802506523578
57,57.0,57.504102543001395,0.0828206143031777,0.10766993889957864,0.09816287476738712,0.09445232873025658,0.06539203485451668,0.13423760468872462,0.08375001965939716,0.0750231026515023,0.13897929089350566,0.11951219055195339
58,58.0,58.462795239617805,0.08312128987542644,0.10620420936479233,0.10320812072592647,0.09373667186598743,0.06442534751954307,0.13473283028998934,0.08134763360610923,0.07502320366442894,0.13966259594489733,0.1185380971428993
59,59.0,59.42099071417639,0.08348803983048882,0.11030574810993589,0.10386996276085673,0.0946940390727258,0.06280958758241117,0.13302926301266826,0.07768206144380262,0.07474375199018715,0.14067124271977596,0.1187063034771474
60,60.0,60.379156734137354,0.08474252621478591,0.11156620269046455,0.1031032113510244,0.09386229443219903,0.062219873326146036,0.13072492916755227,0.07880330983584863,0.07346059083762049,0.14222698982298088,0.11929007232137766
61,61.0,61.337714584760846,0.08573220585540575,0.1122965956429342,0.10106300009539063,0.09347164514097248,0.06195600948629744,0.13189201861688554,0.07743108330427312,0.07303722542624563,0.1424441687135937,0.12067604771800138
62,62.0,62.29703950447439,0.08543389239658378,0.11054945078716191,0.10283331662590925,0.09377595717107391,0.06042830070447868,0.13128622524237396,0.07673035121790725,0.07262947210157057,0.14503451472216639,0.12129851903077413
63,63.0,63.257461537171835,0.08426366000722833,0.10994684363643378,0.10509177184103148,0.0931635530157591,0.06119927644614804,0.13099517691118534,0.07579759407906266,0.07244203211315837,0.14561889619680538,0.12148119575318739
64,64.0,64.21926675122782,0.08029138598551307,0.11071016507540306,0.10838444009306164,0.09525280346647498,0.06146281624973053,0.13224595589159466,0.07552433414326878,0.06924430079449358,0.1454186171052275,0.12146518119523211
65,65.0,65.18269877636592,0.07802892498823122,0.11087342199272104,0.10573008560317201,0.09327822006778064,0.06365969339903677,0.13288450972252436,0.07645420022064259,0.0710041362020885,0.14655296901198522,0.12153383879181755
66,66.0,66.14796061122655,0.07590600961875772,0.11195641992805996,0.1064047674691136,0.09353596257226693,0.061845158562619344,0.1349373919908766,0.0770086843958531,0.07186587336276627,0.146159511640372,0.12038022045931437
67,67.0,67.11521665648885,0.07563131851041872,0.11260185124598673,0.1095356699390124,0.09193913343732829,0.06225601422269147,0.1354316363154437,0.07629402019525133,0.07202576760794736,0.14382015600398726,0.12046443252193262
68,68.0,68.08459493066005,0.07526406325547202,0.11148627528146271,0.11330254480863698,0.08982164222532159,0.06221284993354978,0.13598471454313582,0.07740954256252464,0.07083355690682293,0.1435662000776998,0.12011861040537365
69,69.0,69.05618942810752,0.0748034278061104,0.11215609746641848,0.11269579937445204,0.08971658624527483,0.06339200967866386,0.1359239096021968,0.07566847085742799,0.07156053405884955,0.14303399989050042,0.12104916502010554
70,70.0,70.03006258152917,0.07556710836502056,0.11238271888213974,0.11382470744695448,0.08893345918319825,0.062091206109056676,0.13684260706740692,0.07501376657997147,0.07400135062250854,0.14090701810642658,0.12043605763731666
71,71.0,71.00624779379335,0.07288707647599443,0.11121482774774921,0.11412159803413921,0.08991559116490293,0.060496909651134786,0.13930200585878477,0.07387192332971926,0.07612698581845896,0.14075990467173347,0.12130317724738288
72,72.0,71.98475200689319,0.07357601996955314,0.11285880199148632,0.11361116585154449,0.08601310703793952,0.05903549141925088,0.14072125494755278,0.07354599772448223,0.0773275923549836,0.14209402940790725,0.12121653929529973
73,73.0,72.96555827861411,0.07156329760249408,0.11328824354533007,0.11480199428074021,0.08346161842899577,0.05739056635967231,0.14182540903026536,0.07594019757776337,0.08045794150414289,0.14025774636663138,0.12101298530396448
74,74.0,73.94862834037681,0.06828033948358617,0.11513664416287024,0.1143469490742052,0.08187306053677718,0.060498243930344,0.14287442915305876,0.07289829705466629,0.0789142936407861,0.14134023428214654,0.12383750868155946
75,75.0,74.93390511255946,0.07091485415352677,0.11519362864300775,0.11302439536720613,0.07831538073849423,0.0629773607932299,0.14345295037546574,0.07130614968033816,0.07822001729901239,0.14362911613123172,0.12296614681848717
76,76.0,75.92131515639825,0.07184827452350334,0.11444482383074542,0.11360982787920657,0.0749645917994511,0.062059516482993814,0.14507495719446747,0.0699026658107525,0.07821461734548195,0.1467074295284366,0.12317329560496121
77,77.0,76.91077104428919,0.070838825413507,0.11682302870570108,0.11357242873146262,0.07272055487763472,0.06314839415664435,0.14473953361446837,0.07043643818706168,0.07856431414239978,0.14779203833926988,0.12136444383185051
78,78.0,77.90217363294813,0.07303797054897103,0.11990974180813868,0.11569887365884705,0.07066142563106809,0.060460334995792245,0.14677810805203445,0.06929404083212604,0.07775087061686056,0.14885580620282607,0.1175528276533358
79,79.0,78.89541422641172,0.07606404827402848,0.11957341571979116,0.11546581551133706,0.06912730439448275,0.061233806734586,0.14948331037036505,0.06648900882180672,0.07539016346110333,0.15024935485863328,0.11692377185386618
80,80.0,79.89037661826481,0.07644157490677389,0.11821767986439277,0.11395178157242503,0.06660535119429989,0.06047093738524672,0.14815360813835968,0.06768019203669508,0.07794835609302662,0.15211826085229146,0.11841225795648888
81,81.0,80.88693900474995,0.07694026215382185,0.11714427241551466,0.11460444256611349,0.0647326630477586,0.06048608381457919,0.1498000959449892,0.06730290407335955,0.07760349828206178,0.15370806622408859,0.11767771147771308
82,82.0,81.88497576253909,0.07739881310447445,0.11669061692866682,0.11347792575009183,0.06818055255505379,0.06033549054435095,0.14920731448896468,0.06743911963826692,0.07515000794930922,0.1523856234009544,0.11973453563986691
83,83.0,82.88435908692391,0.07821503583725305,0.1164178238753426,0.11368842529768203,0.06947509927752632,0.06057726379380756,0.14941253362386145,0.06761956821329417,0.07198103486381574,0.15334465736390795,0.11926855785350915
84,84.0,83.88496048800103,0.07737766260626715,0.11468706586323375,0.11343321952103806,0.07146149769401176,0.05996478630008251,0.15082951787577512,0.06964978310602168,0.07263541701608775,0.15433161836276457,0.11562943165471763
85,85.0,84.88665214409042,0.07818719406382368,0.11140219499857544,0.11125486301172474,0.07141069616802395,0.0598067930768235,0.1521645899750752,0.06736719906777645,0.07650557449910424,0.1548543610359111,0.11704653410316171
86,86.0,85.88930811312994,0.07964129668657245,0.10945720244941824,0.11536680807764622,0.07014752594659206,0.061984410901633716,0.1508862504395463,0.0649858631556746,0.07552889857173344,0.15477985689711035,0.11722188687407269
87,87.0,86.89280540413424,0.0786299436081877,0.10856385425154147,0.11436334663481224,0.0705616402020933,0.06328024209886107,0.14950670389207565,0.07004186310550768,0.07271138835401073,0.155204070842604,0.11713694701030619
88,88.0,87.89702491199675,0.07712049215819114,0.11040719208579564,0.11188972833957425,0.07365236545888065,0.06412498242157827,0.15239103254211112,0.07069166093293898,0.07065206454271009,0.15491833394039065,0.1141521475778293
89,89.0,88.90185221995306,0.07512278714907766,0.1081750254728092,0.11200951206904441,0.07345520863717063,0.06350179938793074,0.15605235585368218,0.07026533532389681,0.07152090058756938,0.15551385873002457,0.11438321678879443
90,90.0,89.90717827491419,0.07395224627703512,0.10921677369663084,0.10993318569825483,0.0743072840369143,0.06537031892298513,0.1563658850510322,0.07296456438031415,0.07130349705549417,0.15429110733087037,0.11229513755046894
91,91.0,90.91289994163006,0.07156043598590406,0.10707635851424552,0.10906075490882225,0.07895756010492049,0.06586381125019386,0.15461533774680064,0.07189503462712056,0.07176709679221469,0.15593126285985637,0.11327234720992162
92,92.0,91.91892044225806,0.06891864528345283,0.10893994668700148,0.11037979604133534,0.0800473270714148,0.06639935155320253,0.15551563196513082,0.07292365684976586,0.07129482460386363,0.15472634517820227,0.11085447476663046
93,93.0,92.92514968840067,0.0702424020697413,0.11004501202836818,0.11105404869302046,0.08027065315209156,0.0660024684998984,0.15451927934119855,0.07101868435751077,0.07133566271028682,0.15341520013841456,0.11209658900946945
94,94.0,93.93150451304501,0.0681958463468939,0.10884068871584246,0.11267236539004727,0.08011583828696285,0.06602078948760992,0.15421146004721822,0.07108617938382894,0.06924996216512626,0.1547803861145806,0.11482648406188965
95,95.0,94.93790881009448,0.07094670678828469,0.10971748459209588,0.11136577463675033,0.07803162951810036,0.06469743282654503,0.15239677528770693,0.0697415990239833,0.06921819784363245,0.15659987980594745,0.11728451967695366
96,96.0,95.94429358933806,0.072422806046399,0.11094523535625611,0.10970392139697399,0.07932853165156374,0.06171446334147333,0.1522599942104023,0.06882191725412903,0.0707743054177674,0.15512231212536293,0.11890651319967227
97,97.0,96.9505969547639,0.0728500618328798,0.11112722660537407,0.10797880072378614,0.07885154709875425,0.06073336703957843,0.148558957566209,0.07481086448966022,0.07049345172761443,0.15574399469585393,0.11885172822028986
98,98.0,97.9567640140995,0.07490608910456463,0.11191483695023567,0.10941510096193342,0.07654884097706965,0.058697602876804165,0.14546714582973186,0.07770727453992773,0.07022868225423202,0.15578127058321642,0.11933315592228455
99,99.0,98.96274672736057,0.07313380000393668,0.11008805913791939,0.10991941336208279,0.07953293613891699,0.05957072535660785,0.14591389703349425,0.07941452059245876,0.06837293006448902,0.15462681351485083,0.11942690479524354
100,100.0,99.96850370202192,0.0749363049069003,0.11004069323528007,0.11076590297652351,0.0770835633564799,0.057818821155690536,0.14753271934561166,0.0797202030391662,0.06910952492341027,0.15391841070481277,0.11907385635612483
101,101.0,100.97399994219691,0.07527391245501841,0.11042540979933012,0.10950062036859107,0.07863076834355953,0.055189132774487865,0.14437867668427856,0.0777379023656205,0.06912285379328864,0.15805992870567792,0.12168079471014742
102,102.0,101.97920655893245,0.07436641584136505,0.10995678680992531,0.111107235167789,0.08135051427919698,0.053630101594149764,0.14199045312653286,0.07686964735915824,0.06777510182344784,0.16135776840340238,0.12159597559503263
103,103.0,102.98410044840509,0.07217008157345056,0.11002369453090288,0.11423391877539368,0.08228214850698942,0.05622359862214786,0.13817578090088,0.07552721187813513,0.06743052826102375,0.16166852575378507,0.1222645111972917
104,104.0,103.98866394444643,0.07641319967049057,0.11022866420460067,0.1135440102886864,0.08249065762006293,0.053634227663724554,0.13736117333636483,0.07468659023059675,0.06824320211822948,0.1626348133413435,0.12076346152590035
105,105.0,104.99288445143917,0.0770273659142278,0.1106831582041056,0.11130760731210292,0.08182951349303058,0.05069088297658492,0.13890423609726762,0.07498604841755702,0.0675260165890717,0.16480827196312878,0.12223689903292312
106,106.0,105.99675406321822,0.07785210818176568,0.1094636322847426,0.10990066403199776,0.08136406204494728,0.05257611842335491,0.13883985155180828,0.07814146312055428,0.06652465097117226,0.16392612939285775,0.12141131999679924
107,107.0,107.0002691731872,0.07782784788352273,0.10989205238362178,0.10924559086608261,0.08152086981443561,0.05231401316106658,0.14066626197485269,0.07689100224128656,0.06632758689570736,0.16480820437118293,0.12050657040824118
108,108.0,108.0034300804274,0.07744048018333127,0.11312157182869526,0.10905017257773467,0.08260167672604925,0.05499840257852864,0.13926044709096697,0.074785657972981,0.06421147659487887,0.1649049806907412,0.11962513375609292
109,109.0,109.00624059613932,0.07694073741292481,0.11121210977578627,0.10891977557581553,0.08471677185554463,0.05600876271039954,0.13963687091336746,0.07249060037618187,0.0623766336844545,0.16958329026285152,0.1181144474326739
110,110.0,110.00870765431864,0.07637038577504221,0.11239969565951266,0.10815821894921135,0.0824031236986416,0.05664561923388718,0.13841422783452992,0.07578230196106447,0.061149481896561435,0.16975360354465313,0.11892334144689609
111,111.0,111.01084093013685,0.08021399057617272,0.11405485980064782,0.11065474775577284,0.07953659910429896,0.055211724687416856,0.13653351744201325,0.07763636558633098,0.05881754047715136,0.16794120077847302,0.11939945379172218
112,112.0,112.01265246907188,0.07918586902857572,0.11261755178684443,0.11061667114528868,0.08158890988487173,0.05565724686774107,0.13534444889122074,0.07872846863787861,0.05994431838584236,0.16943108642412386,0.11688542894761281
113,113.0,113.01415632942268,0.07665278873328119,0.11059389647776544,0.10868036915459203,0.08030980585062106,0.058258679037502856,0.13587150194301306,0.07930604034806246,0.06272075254551894,0.16958511344648552,0.11802105246315744
114,114.0,114.01536824044418,0.07503140106018949,0.11321800244508505,0.10869616982718878,0.08158323526191438,0.05706330072037657,0.1352596960341319,0.07898457236065715,0.062312087445266756,0.1655601932309633,0.12229134161422658
115,115.0,115.01630527795908,0.07405070012443292,0.11328771895892016,0.10853857749603424,0.08155523359383655,0.05824712796928017,0.13520915551177798,0.07790196531317863,0.06071593715789196,0.16543807225332458,0.12505551162132278
116,116.0,116.0169855589429,0.07436025282602973,0.10905053260406382,0.10715237875786116,0.0811326068587404,0.05888241764794143,0.13472218268212036,0.08277849246979066,0.06361270996855584,0.1628133208098522,0.12549510537504438
117,117.0,117.01742795623892,0.07412349286274265,0.10886210692818188,0.11171482164342914,0.0781585484459691,0.05743440647030627,0.13426659453263445,0.08345802942891219,0.06451836092433147,0.1609795993017205,0.1264840394617723
118,118.0,118.01765183424293,0.07212117216503838,0.10875983247639773,0.11364681358883776,0.0775488355459673,0.05773118715543137,0.1352796607400266,0.08297177743934353,0.0670378331388653,0.15880856050212283,0.12609432724796915
119,119.0,119.01767680610413,0.07272268702941703,0.10733919290466643,0.11320666362549452,0.07533499340908766,0.0600334686221401,0.13343639444780378,0.08288185572835316,0.06736620233009921,0.15920216205614973,0.1284763798467883
120,120.0,120.01752251271817,0.0746401452640959,0.10876095597991309,0.10993027787956425,0.0744759401135536,0.06071417787930413,0.13468094879515888,0.08229101961481645,0.06674383742682061,0.161488476431379,0.126274220615394
121,121.0,121.01720842354362,0.07470753304801983,0.11125304635875863,0.10845845379281474,0.07581471891311778,0.061916120271490946,0.13407470096153973,0.08030504430466366,0.06480445762543313,0.16080037714703974,0.12786554757712176
122,122.0,122.01675365905109,0.07724942246574797,0.1103622164772711,0.10927127705390524,0.075001246881579,0.06140322259941469,0.1355328128960951,0.07766604310761703,0.06373487157508537,0.162101079447368,0.12767780749591642
123,123.0,123.0161768344173,0.07718295908815243,0.109696340871106,0.10780592264122323,0.07619498550167264,0.05931399999047451,0.13779070076659275,0.0798693172137306,0.061964350006847184,0.1648032714420763,0.12537815247812426
124,124.0,124.01549592390272,0.07566734884041568,0.11243999283497946,0.10837071014245339,0.07455899867024388,0.059974362086734685,0.1373062346472741,0.07958280853717113,0.06293989325166578,0.16529978354891497,0.12385986744014683
125,125.0,125.01472814520056,0.07334095025684978,0.11532180336686586,0.10816854819581205,0.07346347587163869,0.06198674483480221,0.13876690973974898,0.08180334780790657,0.061394181752894454,0.16371616098871053,0.1220378771847708
126,126.0,126.01388986291661,0.07539717377175366,0.11412134141474042,0.10713910303954689,0.07002927322583861,0.061302683662188794,0.13956746652873908,0.08289118052603948,0.06340859965083287,0.16022455507024339,0.1259186231100767
127,127.0,127.0129965102319,0.07410816433058626,0.11436431663512883,0.10490035892922339,0.07225413682237777,0.06391195637567042,0.13995312431280768,0.08366699066307055,0.0635566066641361,0.15712579240176539,0.12615855286523356
128,128.0,128.01206252771334,0.07372786129147903,0.11377386327918959,0.1036661002469755,0.07498033432977114,0.06453567418256642,0.13873097747443897,0.08365924661335333,0.06619851396798596,0.15551539934545303,0.125212029268787
129,129.0,129.0111013181695,0.0755703800359124,0.11467349748901123,0.10284726316057746,0.0784532763135934,0.06576788017847315,0.1374025359292012,0.08146762101881226,0.06550596080330046,0.15405253880216857,0.12425904626894974
130,130.0,130.01012521639834,0.07323810324527896,0.11625283641124033,0.10423506929149443,0.08012262218638971,0.06418471540544335,0.13882199939709217,0.08103966181973252,0.06258634328227117,0.15449154760471753,0.12502710135633968
131,131.0,131.0091454726403,0.07395830728897017,0.11854238938694481,0.10440206757165835,0.07817375612983737,0.061572891046105825,0.13934884589205931,0.08120823972790381,0.062304924140493205,0.15523427064139422,0.12525430817463282
132,132.0,132.0081722485317,0.07338907724957416,0.11777937098107566,0.10530503649721364,0.08022532372523697,0.06133457204521861,0.1370442513703088,0.08045148502466747,0.06201815473546468,0.15787168179796768,0.12458104657327224
133,133.0,133.00721462434865,0.07116214370760744,0.11559423987259841,0.11078721551835524,0.08262517516774719,0.06017390014548503,0.14031090665374665,0.07729953851289953,0.06194020007576815,0.15656588031213828,0.12354080003365399
134,134.0,134.0062806163404,0.07233168224630726,0.1116009214334538,0.11095842344392891,0.08381004549056284,0.06394072431208196,0.14079649329157548,0.07490717489617031,0.06035916100776577,0.15593291199748235,0.12536246188067124
135,135.0,135.00537720296956,0.07173832128572527,0.11253262861188375,0.11152829625017573,0.08240017721796625,0.06382544189700576,0.14290183251048663,0.07377693301890687,0.0623775151855048,0.15428656290986484,0.12463229111248
136,136.0,136.00451035890612,0.07134028230226384,0.11302701763328551,0.11300649437589966,0.07891939697624847,0.06408977704832956,0.14266984989298492,0.07653303631821148,0.06193899097600014,0.15307102438008252,0.12540413009669377
137,137.0,137.00368509565993,0.07179510305796588,0.11148346212049316,0.11122889940788193,0.08272877450851668,0.06274658051837757,0.14326911757738942,0.07508857893240704,0.06320439541410074,0.15267031801250766,0.12578477045035982
138,138.0,138.0029055077818,0.07202882823531294,0.11270050389981927,0.11010486064818958,0.08335508487509406,0.06285506821195723,0.1457039522958187,0.07299847122632139,0.0636192834215815,0.1531037334311985,0.12353021375470673
139,139.0,139.00217482361367,0.071759062805571,0.11289935291183635,0.10879793025475719,0.08378398448975216,0.062812130863782,0.1442271462126417,0.07310764817413767,0.06251714743093703,0.15497625500373122,0.1251193418528536
140,140.0,140.0014954596262,0.07121841041187228,0.11185526156255562,0.10691045799005773,0.08107094973356445,0.06341893510225893,0.14373039188954426,0.07386809656326584,0.06298219882830682,0.1596188846753878,0.12532641324318616
141,141.0,141.00086907744122,0.07293780181136018,0.11141214840139035,0.10879535112552319,0.08113252413819089,0.06176909168304386,0.14163856390809912,0.07456784532178615,0.06371641032595227,0.1587708920895757,0.12525937119507818
142,142.0,142.0002966427003,0.0743337159981884,0.11185190620926225,0.11067651362531648,0.08023128921441583,0.06277380585713423,0.13845841082571977,0.07135517834304977,0.06407666722367548,0.1578695414512488,0.12837297125198888
143,143.0,142.99977848500652,0.07452513773404953,0.11218804643159518,0.11141119984286589,0.0802751368714019,0.06149962110642043,0.13997530081318765,0.068234363082648,0.06831986664086792,0.15482592839285808,0.1287453990841053
144,144.0,143.99931435823203,0.07359831846714489,0.11509037339006203,0.11343231353807694,0.07783821039818278,0.060001795184809074,0.1411609880815867,0.06491000445997984,0.07017550631016742,0.1554489355602658,0.12834355460972446
145,145.0,144.99890350055264,0.07455248975287784,0.11316735799046113,0.11299577537336146,0.07524799137503317,0.06335178898462887,0.142562799967192,0.06426284525928372,0.0682777799924853,0.15724947275265944,0.12833169855201698
146,146.0,145.9985446936357,0.07436440448207007,0.11529072536156434,0.1127018273224919,0.07531410734375177,0.06279055080379269,0.142511880559815,0.0640859006240909,0.06882560664956441,0.15408435704983142,0.13003063980302743
147,147.0,146.99823632047406,0.07160958460734398,0.11634935193289611,0.11400892019150782,0.07351155853042984,0.060869209110170276,0.1437867359868001,0.0655123417566717,0.06913095603377475,0.15569442330551025,0.12952691854489512
148,148.0,147.99797642142389,0.07169569568120404,0.11727644850878735,0.11531318738933852,0.07447893673510202,0.06296381351220437,0.1441074273547034,0.06571761292883553,0.06696153426032654,0.1533224311083393,0.12816291252115897
149,149.0,148.99776274806447,0.07198322457087371,0.11703664124208131,0.12013529960234726,0.07512677295975045,0.063639544545875,0.14322119773713038,0.06632576504842597,0.06542643072431997,0.1504025633318007,0.1267025602373953
150,150.0,149.99759281456036,0.07191590794377013,0.11763892364315821,0.11800574298918735,0.07444345125523436,0.0627131562566672,0.14714885179098652,0.06564705430819234,0.0667629834937287,0.15132096287887042,0.12440296544020481
151,151.0,150.99746394626104,0.07293070601060833,0.11666572338105528,0.11558236040376094,0.07635200647191147,0.06164691667663022,0.14789794434744621,0.06634818577110548,0.06744101051560379,0.15120867691405593,0.12392646950782243
152,152.0,151.99737332532905,0.07300319330460592,0.11654763319128537,0.11892343380864553,0.07476780499208044,0.06155906537220424,0.14589719444874555,0.06633059086632331,0.06893334130883111,0.1516386792844418,0.12239906342283685
153,153.0,152.99731803323698,0.07390568862865607,0.11801413782392808,0.11759503150065714,0.07620062234593243,0.060273661541929424,0.14414099744367895,0.06760023177016324,0.0663723934124498,0.15078294878739246,0.12511428674521255
154,154.0,153.99729509002177,0.07411893086554126,0.11908827468798344,0.11696576469869949,0.07581425584077411,0.06161771354023658,0.14295856961759484,0.07064893278202777,0.06348872788812454,0.15264578729714903,0.12265304278186903
155,155.0,154.99730149022784,0.07457278950812168,0.11877057263621495,0.11489780788091805,0.07841803397681184,0.06299865499691838,0.14386118025870837,0.07212505565933444,0.06177592425744312,0.15166684201815014,0.12091313880737913
156,156.0,155.99733423551103,0.07258613843033307,0.11868772310937893,0.1135027563708739,0.07814276495873436,0.0623220375685279,0.14366875594557194,0.07117132100681862,0.06327240903268645,0.15519429943942703,0.12145179413764785
157,157.0,156.99739036391077,0.07127466714232208,0.11626071837887979,0.11109845289715417,0.07877183829591908,0.06376393094707693,0.14581325463631103,0.07115686886552483,0.06329227390536794,0.15447568386289512,0.12409231106854912
158,158.0,157.99746697583146,0.07427471874428984,0.11717380171914907,0.1111572077629649,0.08034451625069441,0.06159075002568323,0.1455327872634034,0.06814707993166355,0.06400979819584494,0.15317576681687708,0.12459357328942963
159,159.0,158.99756125680176,0.07262782127505762,0.11519071783620873,0.11205053534486338,0.08074769736396106,0.06077139687238995,0.14441367802843538,0.06942632540451056,0.06303507148457207,0.15531056638789117,0.12642619000211008
160,160.0,159.997670497107,0.07474399297995296,0.11256240071526151,0.10984031541955118,0.07830070648343929,0.05870042675835275,0.14747817924901385,0.06746245903037824,0.06510349826732201,0.15581563226686218,0.12999238882986605
161,161.0,160.99779210841066,0.07472707618184736,0.1116821050618575,0.1071533214074055,0.07946099909244717,0.056082774679031264,0.14566175186241,0.06743718821906483,0.0686375070933569,0.15714646758197068,0.1320108088206088
162,162.0,161.99792363749984,0.07423739842570369,0.11001657868890455,0.10801014515579069,0.07676904696505686,0.05566413502201251,0.14468414475981592,0.07077113680731698,0.06972836402028448,0.15586447740976947,0.13425457274534486
163,163.0,162.9980627773051,0.07064773276435207,0.10949518186336739,0.10790514621671585,0.07536171857556165,0.05289928134584864,0.1440781718047138,0.07397559582234284,0.07025857399130118,0.1583357368995448,0.13704286071625177
164,164.0,163.9982073753568,0.06826279683081918,0.1071044966590022,0.10922934560657462,0.07381842007563422,0.051768560558839535,0.14341221802947626,0.07715560554436143,0.07212992129209123,0.15978863195791065,0.13733000344529067
165,165.0,164.99835543984977,0.06948954306785252,0.10597392835958293,0.10995137564027747,0.07296342199953018,0.050181477397898064,0.14495741912834553,0.07662237844026185,0.0703056212053566,0.16017042613671348,0.1393844086241814
166,166.0,165.99850514349492,0.06797878336926433,0.10908532151753578,0.10622181455639773,0.07138315140484215,0.04870318022438079,0.1510243893019724,0.07581296922041464,0.07099475603150852,0.15678377957360917,0.14201185480007453
167,167.0,166.99865482534062,0.0669600527276248,0.11067363720010266,0.10910679281153166,0.068083347762055,0.04838617766383492,0.15320409522290795,0.07759873404293346,0.06905843064666843,0.15427848134143146,0.14265025058090972
168,168.0,167.99880299074837,0.0658543088786099,0.11395510969899743,0.10607196045527059,0.06641883618313964,0.04856697697033723,0.15347979248181717,0.08075541567141929,0.06714936122765534,0.1537530577324806,0.1439951807002729
169,169.0,168.99894830970783,0.07096460566845682,0.11430660719898325,0.10520071748915452,0.0691224464869684,0.04617565400151768,0.15155583748711,0.08186193000488269,0.06594680272886706,0.15362840328200086,0.14123699565205883
170,170.0,169.99908961367427,0.07061526328776632,0.1155269203992538,0.10875204246791173,0.06984325868465535,0.047538253161899184,0.14948868795180906,0.08161372121334516,0.06543034516441007,0.15463050454461535,0.13656100312433403
171,171.0,170.99922589110733,0.06750930935328753,0.1211140030219353,0.10766772867082997,0.07389605239127428,0.04694054725714358,0.14812545243987976,0.08211927318827007,0.06406619246549423,0.15286715944217993,0.1356942817697054
172,172.0,171.99935628188598,0.0644182379944475,0.12076821065517214,0.10836927100800244,0.07542867923514955,0.04729030448818492,0.14806673073107676,0.08186131873452189,0.06389060315442549,0.1524856413300103,0.13742100266900908
173,173.0,172.99948007076793,0.06702536698103854,0.1223309977058551,0.11026744868698818,0.07323435122318069,0.048665812702396054,0.1489179093129688,0.08078555666895873,0.06066195422574394,0.1510120084075633,0.1370985940853068
174,174.0,173.99959668005403,0.06831337011018473,0.12494085435570097,0.10888404946064002,0.07490180652184567,0.04775886219769377,0.14841509333390965,0.07816886413004975,0.060230210958130484,0.15140058162713374,0.1369863073047113
175,175.0,174.99970566161096,0.06830195342115829,0.12659259007572882,0.10867841077691828,0.07368589522079631,0.051045147860323374,0.1475898902767831,0.0743026674079559,0.058143867565687964,0.15220904739115343,0.1394505300034946
