,Unnamed: 0,Generation,Intertwine_two,Add_vertex,Delete_vertex,Invert_path_vertices,Insert_inside_vertex,Delete_inside_vertex,Replace_inside_vertex,Donate_between_routes,Trim_one_terminal_cb,Grow_one_terminal_cb
0,0.0,0.0,0.09999999999999999,0.09999999999999999,0.09999999999999999,0.09999999999999999,0.09999999999999999,0.09999999999999999,0.09999999999999999,0.09999999999999999,0.09999999999999999,0.09999999999999999
1,1.0,1.0,0.10415601698704532,0.08947332915608473,0.08366016696163485,0.1026427158464837,0.10947959878825544,0.09192330952992818,0.12118826819072692,0.09019037618391693,0.104965937450367,0.10232028090555645
2,2.0,2.0,0.09223906072335787,0.0933265126121807,0.07036693950348907,0.11384233411748641,0.10477652249238938,0.1051079239871949,0.11825447010286005,0.08777111149068037,0.1157460325398417,0.09856909243051916
3,3.0,3.0,0.10164313120269405,0.09461993032472957,0.08094554630801805,0.09632723658033777,0.10154475459979129,0.09968993445528988,0.11746251457802755,0.0891454578991011,0.11250206189552825,0.10611943215648205
4,4.0,4.0,0.11879919060219675,0.09178292519348778,0.09144146028619318,0.09177384249315475,0.08437337228982988,0.12105911826795364,0.10863832280543453,0.08748898750835972,0.11159067760368183,0.0930521029497075
5,5.0,5.0,0.10708536682273559,0.09730983009335976,0.08535397893034181,0.08875163233147054,0.08816542958644986,0.1144804875348431,0.10920751726068756,0.0828873669968094,0.12133080821041538,0.10542758223288662
6,6.0,6.0,0.10001962823637711,0.07405459787267088,0.07648255007448693,0.12782377547273951,0.08475163359333761,0.1098181516880142,0.10655063189795122,0.089294422462404,0.12519387713196195,0.10601073157005621
7,7.0,7.0,0.09871368758531579,0.09475927723068489,0.09112519153035696,0.10260586783523147,0.08537489923744115,0.11932940397223875,0.12307383835553924,0.0849026052651007,0.11629551707150343,0.08381971191658719
8,8.0,8.0,0.1036329791014153,0.07742167671539261,0.07326822657112683,0.10916191742258337,0.09910835859165366,0.11948226552772863,0.11085941115798248,0.09591038324505413,0.11247446632430418,0.09868031534275831
9,9.0,9.0,0.10335540730002993,0.0777371158766916,0.07837187786275406,0.11311793258750384,0.09787723873506908,0.12016356833272872,0.11456141079366067,0.08538653014178059,0.10635462375596094,0.10307429461382009
10,10.0,10.0,0.10084423347420682,0.06659217148778443,0.09571922209499577,0.10496637692223623,0.0934454671624572,0.11752228163313998,0.10240864769887792,0.09869500033832726,0.1275731280411314,0.09223347114684252
11,11.0,11.0,0.11357369281720416,0.09049376016994391,0.06805346933919916,0.09555704270344237,0.10255521530540948,0.12152163838463925,0.09634916189873591,0.09541875824447414,0.12479559379260793,0.09168166734434322
12,12.0,12.0,0.10358403435959049,0.0725121646742741,0.08642563187104917,0.1121026857124318,0.10125004915763366,0.12221101235861771,0.08956930418963306,0.07790809574158875,0.13047788122466233,0.10395914071051852
13,13.0,13.0,0.10089985793681422,0.07789071842317379,0.07347884638429081,0.09304297590233572,0.09055125218473226,0.14832359009557758,0.08919926830755137,0.08976662419926731,0.12206588967872167,0.11478097688753489
14,14.0,14.0,0.10242224349550917,0.09206065863613144,0.07334515370952835,0.1095325836296936,0.1021262086932817,0.11067511032464705,0.09557951972375525,0.08910761550584402,0.12385131992635309,0.10129958635525589
15,15.0,15.0,0.08729930295260911,0.08105300925013426,0.06335250344050421,0.09727324617616984,0.11305944175365923,0.13063752675029275,0.1106158019572919,0.107126333655243,0.11823188818947294,0.09135094587462238
16,16.0,16.0,0.09072423014492266,0.09842262102456101,0.07689518388585267,0.09707107071307781,0.08998575087762854,0.1237488086680533,0.12142172091946186,0.08139721223424662,0.14215034387048073,0.07818305766171446
17,17.0,17.0,0.10671504902150805,0.07335185244713334,0.0876709361577882,0.09119877244083405,0.07899905695310042,0.13197205228110603,0.10325120328490947,0.10547690078168019,0.12347318579230009,0.09789099083963959
18,18.0,18.0,0.08349226172179329,0.09636302251920811,0.0683288948148321,0.0934966345811424,0.08602713192374875,0.1435491120574294,0.10382593433365775,0.09852944851071108,0.13168359281746614,0.0947039667200106
19,19.0,19.0,0.08639457933635857,0.08170713014795748,0.062123257532299324,0.09204032548232607,0.08181725386195156,0.1427540687246253,0.09638334128162784,0.09568415671417305,0.14094841300212368,0.12014747391655671
20,20.0,20.0,0.09456800439106292,0.1015798140888492,0.05760215510044971,0.08986549695610145,0.10050681262010375,0.13104075449849256,0.10185077920980354,0.07671585639475464,0.14231209873190093,0.10395822800848084
21,21.0,21.0,0.09867071966725927,0.0877134483223705,0.05439558164411594,0.12224588903638908,0.07695685445232557,0.11988058902833174,0.10154245166483652,0.0824939289471063,0.14304383652723845,0.11305670071002624
22,22.0,22.0,0.09748374479849924,0.08709311175327139,0.07861525290401092,0.0851816237753105,0.07386287921243749,0.13089108974012942,0.1160204030002703,0.10831852352195623,0.1181074313029766,0.10442593999113743
23,23.0,23.0,0.08509448911859825,0.07737165343406804,0.06759909945725337,0.09195982324946173,0.1057787809157816,0.1615293178813639,0.07851464610431694,0.07116204410264186,0.1514260744470955,0.10956407128941836
24,24.0,24.0,0.08400421879943668,0.1020581714076576,0.07369940788821547,0.10204669971908276,0.0939083302754847,0.1304755684854561,0.09598677790389512,0.07796813593780932,0.14712897168750474,0.09272371789545707
25,25.0,25.0,0.0927833687540769,0.0953832167286436,0.05980698798728373,0.09304193426079699,0.09553168233114098,0.13247002119520462,0.10547587432766989,0.0841821392854186,0.13311136958396433,0.10821340554579995
26,26.0,26.0,0.11136081190204819,0.06817435626530317,0.07587906684233461,0.09298189392080312,0.08702402140360226,0.15679800797323892,0.10753191715818777,0.07219325776434109,0.1230422356193616,0.10501443115077884
27,27.0,27.0,0.11406760731851007,0.06220677004528373,0.061835657725391235,0.11868525696169832,0.11105294137747242,0.11577213667776534,0.09651800153183354,0.08962225105488202,0.13349171429101184,0.09674766301615108
28,28.0,28.0,0.09515990451692932,0.10956675325505556,0.08246858126265341,0.08634498695465911,0.07839491403693669,0.11802280668299374,0.09768000477422736,0.09303040809249491,0.13722176648491935,0.10210987393913007
29,29.0,29.0,0.11269388480698014,0.07585743357251448,0.053043486674066956,0.09046847631014705,0.0777130756401826,0.13801068870549796,0.10133015088709099,0.09394658837984103,0.1460084283536331,0.11092778667004535
30,30.0,30.0,0.11040583498640869,0.07668306667920768,0.08043396839645944,0.1001374791195176,0.09435171547244085,0.11749091388153514,0.09674913694339587,0.08321559513732901,0.12469954004288224,0.11583274934082302
31,31.0,31.0,0.11199233209158095,0.07160997111339791,0.06303749674025694,0.09496647205657141,0.09662731269002517,0.12814616844326315,0.11769468854917213,0.08753100376084967,0.1399671868767915,0.0884273676780907
32,32.0,32.0,0.06495387726219634,0.1021753518997202,0.0643988190703607,0.1437981082458136,0.08537525045986354,0.13310892748214612,0.12005750799280154,0.08517586525034333,0.11524477895071517,0.08571151338603908
33,33.0,33.0,0.09463555172450211,0.0837987572929762,0.06240554060867319,0.09664623209081465,0.10242731882887901,0.11392231606392475,0.12357341014428866,0.08842535084369887,0.12324217765083607,0.11092334475140604
34,34.0,34.0,0.0959121883042618,0.09576213981755194,0.03707360298254949,0.12488725714977378,0.08554205186145179,0.12553390938511194,0.11377846302120172,0.0732585330154768,0.12762153258241965,0.12063032188020065
35,35.0,35.0,0.12169637886157214,0.12331885428775047,0.08012237626111571,0.08621729492079291,0.061040224886027075,0.13283288494405954,0.08501007231392509,0.08925431974637052,0.11812878095580256,0.10237881282258361
36,36.0,36.0,0.09974763940397886,0.0760863820110745,0.06991134960413836,0.11267130396234397,0.08070027934142324,0.12784053771003895,0.09473170278978267,0.09334289629322752,0.12980414535839285,0.11516376352559872
37,37.0,37.0,0.09461836512486663,0.09254781338980514,0.07801806704023871,0.08774760894606287,0.07026347390440409,0.10644506147091826,0.11313391827271677,0.09903971718550839,0.17019340691527807,0.08799256775020073
38,38.0,38.0,0.08450274397265034,0.10075001607378098,0.07954916714641841,0.09716011464842492,0.08957322719113629,0.11736757532779211,0.1073432334591786,0.08654317076790745,0.1306541887759263,0.10655656263678415
39,39.0,39.0,0.11154628769873301,0.07755394544369427,0.05855009869186456,0.08008986911454136,0.10272018824443678,0.12899609163152362,0.10494864218273366,0.1027490852313648,0.14979042874666065,0.08305536301444685
40,40.0,40.0,0.09908633054649263,0.06136489084996183,0.07100409127513854,0.12254801533079093,0.07861877096580881,0.1310618626432782,0.11526551818642002,0.0799747468018122,0.13493613640511268,0.10613963699518374
41,41.0,41.0,0.08456917448081483,0.0665609572769412,0.08212913580150508,0.08556539904823884,0.08110848565322362,0.14749698235728298,0.1296878187169494,0.07742220224441024,0.13284040293645444,0.11261944148417895
42,42.0,42.0,0.08650452382175622,0.07789444002377498,0.07149200819769565,0.09089984414205962,0.08513837117961814,0.14375391477670654,0.10393062362562391,0.10414902825143797,0.14981499088393982,0.0864222550973868
43,43.0,43.0,0.10413780765139288,0.10537935661805334,0.06250937433166316,0.10500498055519183,0.08802207739019878,0.11276400836302276,0.12100446973453041,0.08508512152775935,0.12201788178137303,0.09407492204681399
44,44.0,44.0,0.10418072406493048,0.07956244099302612,0.08907981571688177,0.09844355535585998,0.06368354751977667,0.1242599832258976,0.10199041186847795,0.0870479522432365,0.13170146090718948,0.1200501081047231
45,45.0,45.0,0.09805097212465531,0.09139874109154471,0.06606595171175408,0.08291810880415328,0.08091670284064445,0.12899500536319125,0.0946737586867737,0.09884588644198267,0.1558011142034729,0.10233375873182722
46,46.0,46.0,0.10671982360333472,0.10111209148058878,0.07875286398854613,0.10131426585521361,0.08294346821098805,0.12660983266076906,0.10159040262387528,0.08245715451033435,0.13938197127647767,0.07911812578987187
47,47.0,47.0,0.08628882888382321,0.08300046994927641,0.05635081541621482,0.08884576347431561,0.0852801464548587,0.12285981574246416,0.08471652265358631,0.11375927147939921,0.15311511022699803,0.12578325571906318
48,48.0,48.0,0.10384880501091845,0.07184294160118979,0.064004670645776,0.09212621753457972,0.07965179704019638,0.14967437253109211,0.11130687329631181,0.08119871103714135,0.1466782155585918,0.09966739574420223
49,49.0,49.0,0.09290330842856617,0.09548066905884137,0.08819547488384849,0.08208589213140055,0.08830570459256612,0.12518564389077952,0.08213372987414114,0.09379034059709221,0.1465386432400577,0.10538059330270633
50,50.0,50.0,0.09611820689448111,0.09344039754117266,0.07776615261789609,0.06258183418269245,0.07866065164766259,0.1443606057952133,0.09378632034266204,0.08120817451422492,0.16636778743915479,0.10570986902483961
51,51.0,51.0,0.09310422138324613,0.08872554924410596,0.06105187139954578,0.09770676323952936,0.09180975427343105,0.1309198899534921,0.10224259241029074,0.08813543777009411,0.1436040010080493,0.10269991931821502
52,52.0,52.0,0.08842758848672795,0.07253798699213768,0.07130071990440959,0.08223300624396103,0.07212509266836889,0.13415313208200375,0.11230250945229603,0.11293655784438354,0.13556054719914046,0.11842285912657069
53,53.0,53.0,0.0823125660215585,0.09785816485077364,0.05507399939433546,0.07929070111285116,0.0739842465187068,0.1444520157785809,0.14141772405523056,0.07672054372576585,0.12858779358048023,0.12030224496171642
54,54.0,54.0,0.10051684252409047,0.06767578763522697,0.06582219978653889,0.09779015241032635,0.08002513534401857,0.14168105203996695,0.10415992492852502,0.07059587125461157,0.15305485034022337,0.11867818373647143
55,55.0,55.0,0.11620493733333832,0.06910222511451031,0.06503105164472232,0.07854652643294074,0.09169785043215409,0.1618379697380953,0.07650463214669327,0.09084775541766035,0.15639680942766845,0.09383024231221651
56,56.0,56.0,0.11339153695852788,0.0988026667375925,0.09158280985350606,0.09262917548308851,0.06982615747679702,0.1434498994779369,0.09832608891484337,0.09688283218224096,0.12448892722075686,0.07061990569470962
57,57.0,57.0,0.09666934882327198,0.11216827455307979,0.07556995730679798,0.08224725026897475,0.08387294484175221,0.1349567075492006,0.11368923888471982,0.06612689497836718,0.1426025661269089,0.0920968166669264
58,58.0,58.0,0.08700481422464974,0.08663562728554666,0.06817603836390437,0.07750790361722108,0.08108922613732823,0.14443827810498863,0.11122814849911637,0.08829501492960919,0.1360692463865502,0.11955570245108511
59,59.0,59.0,0.10396312845221659,0.10272024374437225,0.07020016984073049,0.09055968839670968,0.0770211415245213,0.12973407769858109,0.11280172205987324,0.09923477520287657,0.12457278903339775,0.08919226404672065
60,60.0,60.0,0.063592395143969,0.09213299525252108,0.06973032483859042,0.08583892928808907,0.07058756997021445,0.15304564636790877,0.10924497562309018,0.09550466025896454,0.13104851134025772,0.12927399191639433
61,61.0,61.0,0.07557933598508428,0.08783852264622728,0.06650161551190553,0.08881241879454128,0.06937239845752062,0.15330998198713627,0.10943374227953621,0.10222140522191533,0.1473669860098477,0.09956359310628501
62,62.0,62.0,0.08057391911650764,0.06524929633590268,0.0789147526750504,0.1030211322640376,0.08829285806722606,0.16470940724461897,0.10491950564365178,0.08203758713164136,0.1396468385723998,0.0926347029489634
63,63.0,63.0,0.11050324749590756,0.08449455002640269,0.059933266396172954,0.06727355999592177,0.07121317118757312,0.14083508492876376,0.10882027343825991,0.10307499303639167,0.1395964437152395,0.11425540977936659
64,64.0,64.0,0.09671496176504561,0.0778073432345714,0.07266247499337906,0.08629721075753446,0.07625853341328936,0.15173678144903036,0.10844759813723877,0.09369922719148328,0.13572215642118662,0.10065371263724061
65,65.0,65.0,0.09404693125121771,0.08420697273174237,0.06297103120203892,0.09467385405825471,0.08156341728701863,0.13898538431061364,0.08942469860137019,0.11952688635814782,0.13689647930813867,0.09770434489145693
66,66.0,66.0,0.09737342670349061,0.11722373063614262,0.07618391268415806,0.08621246609137179,0.07297897802258232,0.15346510539461808,0.10949262903093966,0.07786695946960957,0.13929359572856997,0.06990919623851694
67,67.0,67.0,0.0942216969400915,0.08944916731140416,0.04351886588615832,0.09346434988753545,0.10013598265994024,0.14567192463564632,0.09721713043615601,0.09671575579997164,0.15503675860439142,0.08456836783870458
68,68.0,68.0,0.11624628659686284,0.08611159776443297,0.05492930727708765,0.07445677288748034,0.08022808008050673,0.12980792663869428,0.11698481196343957,0.07451352712846063,0.1525284764902875,0.11419321317274718
69,69.0,69.0,0.09052171148415275,0.09363313220097248,0.04339284455451102,0.07542797190172537,0.12445982137409894,0.1405155422518305,0.09913861764078173,0.09073246600207877,0.12827616675669748,0.11390172583315059
70,70.0,70.0,0.10215954429941973,0.1058760113437259,0.04188120176976231,0.09392721044710617,0.0677709233651308,0.14653062363711727,0.09454530211742723,0.08190523317016267,0.16488961830953816,0.10051433154060936
71,71.0,71.0,0.07918782290393384,0.08205956722572381,0.053454116278533505,0.08024244347085763,0.10222923563789987,0.15837486941079937,0.10584021129844039,0.08421032555629346,0.15047533811019367,0.10392607010732405
72,72.0,72.0,0.08930195516740824,0.08720650566332848,0.06456693935651987,0.10971037681726889,0.0714050243768504,0.13489672648999101,0.10031552380005263,0.11610022673857201,0.13334571015237998,0.09315101143762813
73,73.0,73.0,0.10905709981846053,0.0965177446164387,0.07068074847635439,0.07147384035711554,0.0765003777506266,0.15172678516854002,0.10233239680547246,0.07792359716896245,0.1566902143504268,0.08709719548760216
74,74.0,74.0,0.10886146000252761,0.08823187185257314,0.08639497926348497,0.06286036464844766,0.07530155052923727,0.16429542933938224,0.12298493331423514,0.05320234001465555,0.14491094938047,0.092956121654986
75,75.0,75.0,0.10206073858925321,0.08651356388578732,0.07786515001888476,0.08806000405338041,0.1093979721149519,0.1295439015606295,0.07776076931877124,0.07234147833081125,0.1562806950740672,0.10017572705346275
76,76.0,76.0,0.08076286854975184,0.05734682524652749,0.07795010995063964,0.06957652604705458,0.07644142611133162,0.13894151317587014,0.12439356584868541,0.10566449016887942,0.14446213268147562,0.12446054221978382
77,77.0,77.0,0.08069013160142921,0.05923522944104579,0.07501012918583497,0.11064291751947057,0.06517275732574764,0.1286803989696881,0.11447141513928369,0.11339517497694637,0.14573794850980426,0.10696389733074903
78,78.0,78.0,0.08470626626570579,0.10422159131651927,0.05967618596490985,0.07922172120333962,0.08230950688445228,0.1472130810915119,0.07633109547235137,0.09709324995990717,0.16106565757063337,0.10816164427066902
79,79.0,79.0,0.0977678994217034,0.09953572014935413,0.05127214997905918,0.08845305428622917,0.07688190290166866,0.14419946941837863,0.11815433003045599,0.08991438590267294,0.14392758045588533,0.08989350745459221
80,80.0,80.0,0.11438639564279882,0.07851241063127376,0.05736203428524951,0.11570352583477417,0.060254023801001866,0.1477297970311894,0.09093904371502655,0.08562759592619576,0.15962424289343033,0.08986093023905936
81,81.0,81.0,0.09378427534723383,0.09742057719693789,0.06795275304571871,0.0945876607768674,0.08879468342754937,0.12930896659598498,0.09041219274937437,0.08983400935484687,0.15635340417979765,0.09155147732568852
82,82.0,82.0,0.07436740863620532,0.09123602793194674,0.06014894402154686,0.10731772525771392,0.06996794826525446,0.16049736344676394,0.08547936389337783,0.08843260381396582,0.13584326338566127,0.1267093513475634
83,83.0,83.0,0.07489897920799252,0.08889515842068338,0.07559019175347978,0.08836943542199308,0.06227359080438414,0.1505006830859199,0.11111558804713455,0.0951176070667992,0.1323305226376373,0.12090824355397575
84,84.0,84.0,0.08559842607204139,0.09378902563273027,0.05617650334680169,0.1078948155080344,0.09405907257696854,0.14666354425944367,0.09865055226694255,0.09732726002997236,0.13821796811528184,0.08162283219178289
85,85.0,85.0,0.0980335481087725,0.0852017419147374,0.05999290964216679,0.07742436781502901,0.07241305511293407,0.12559865615772564,0.09732075919794927,0.10311961259810523,0.1755577017500026,0.10533764770257706
86,86.0,86.0,0.0628716289532342,0.0968002299518708,0.0776084692839465,0.1157922236062211,0.09088847637309225,0.11822380921675917,0.0966211836517278,0.08127935330281397,0.1453235697206114,0.11459105593972245
87,87.0,87.0,0.10077744885696886,0.09315826535370385,0.08060594838817722,0.08483696922474426,0.05619920661770398,0.16165475684727565,0.08250536986465513,0.08724437269096699,0.144935903256276,0.10808175889952762
88,88.0,88.0,0.0829503045801709,0.1057611779430345,0.08381677090460733,0.10699349731341865,0.08699301246353192,0.13925191357316746,0.07948774694900203,0.09681383691340681,0.13012694320962206,0.08780479615003801
89,89.0,89.0,0.051890480313974696,0.09983466765448146,0.07482365332863791,0.08691832744356041,0.07658887248354579,0.1433800118237638,0.08310418382278428,0.08018235471283244,0.17864643688026535,0.12463101153615344
90,90.0,90.0,0.11180146267681663,0.07223186995217509,0.07214074648140902,0.08518544942428065,0.06511677679061179,0.14678084526016089,0.11954555563770324,0.07903469866767496,0.13294035253734598,0.1152222425718213
91,91.0,91.0,0.10631144968679658,0.10533031166482523,0.080347382597035,0.07251759689977155,0.06292461423106367,0.14074424149441994,0.09360139555751926,0.08208608522299422,0.1627221497815255,0.09341477286404863
92,92.0,92.0,0.09306528414575088,0.06863212939682183,0.06352779838469413,0.06150702923554985,0.08448536810771269,0.1502462981650349,0.12931225569674581,0.09150447684548865,0.13609476490097602,0.12162459512122481
93,93.0,93.0,0.09921817929890434,0.06431613452935032,0.07428044607315676,0.08602909302491685,0.0866286349016058,0.14801112357779708,0.10013826019522969,0.10280794317022064,0.14840716032839918,0.09016302490041896
94,94.0,94.0,0.08056690783212732,0.08271220291517441,0.08050724532112216,0.10961601110653574,0.060427006951479956,0.16003609424649334,0.0982381425209299,0.0732440816062375,0.1331691040369953,0.12148320346290402
95,95.0,95.0,0.0796598604228635,0.09189085010433841,0.07830715496332849,0.07874623593658801,0.10089593302303493,0.15749544780422625,0.09367132391072727,0.09052953624547205,0.13877960592377048,0.09002405166565011
96,96.0,96.0,0.08327451519947338,0.08627523263702119,0.07489198882001899,0.07711519799753101,0.09084013545603395,0.14288459923770253,0.11085532276356576,0.08124592902845953,0.14666615971261648,0.10595091914757686
97,97.0,97.0,0.08193342527979902,0.07267098031249122,0.06265949228959762,0.09176243658411268,0.08275721350631968,0.15611277340712465,0.11035673154754393,0.06927310039745681,0.15842104472220958,0.1140528019533444
98,98.0,98.0,0.09420756510570891,0.08377682935381464,0.07644943849188343,0.09083163883360076,0.093064302838492,0.15291630294525013,0.07643465402941804,0.08481089857394772,0.1364089519026303,0.11109941792525366
99,99.0,99.0,0.07082991603535833,0.11159970678667108,0.06076380121856316,0.08328114816967513,0.08267786628818345,0.14875373357722968,0.11021404415110306,0.07949808936489909,0.1617654754413009,0.0906162189670157
100,100.0,100.0,0.12263479460306703,0.07696428164367904,0.08350990737084299,0.07385307519972958,0.08175763824295229,0.14109112392944187,0.08772047658011703,0.07552377206059657,0.1538020748487737,0.1031428555207996
101,101.0,101.0,0.11548290428752732,0.09055162199669746,0.08087098756315547,0.08918799814411715,0.07905256604519546,0.16721396291959453,0.07002947952714557,0.07250896245265294,0.1284743047510712,0.1066272123128426
102,102.0,102.0,0.07744687881757154,0.09800158430044185,0.056592241951341535,0.07829461375836957,0.08058458455894407,0.14889149174042868,0.10101316980395962,0.07274006845995026,0.16773329408761045,0.11870207252138196
103,103.0,103.0,0.08941121085682167,0.09442964592712245,0.08713929308651894,0.06710170258042959,0.08079267630154471,0.13824619153759643,0.09637384192905606,0.0947407962538495,0.15028932072293577,0.1014753208041245
104,104.0,104.0,0.0709122073449683,0.07534027438868844,0.09138162692584578,0.08431432176863148,0.07332132326338471,0.15903758775423926,0.11819927407236527,0.0815465962572152,0.14375619502100037,0.10219059320366083
105,105.0,105.0,0.08871829266179591,0.10764260755493922,0.07953907011573338,0.08265545827103342,0.06377763295010408,0.16201662527935762,0.09369838284369766,0.07903590291500259,0.145335453227062,0.09758057418127374
106,106.0,106.0,0.0809610674289614,0.08642646465073951,0.07782361722437715,0.10825314917233249,0.09456016760124905,0.13101838788034095,0.09232514670537031,0.06081947981608264,0.1453982912843122,0.12241422823623394
107,107.0,107.0,0.08975924397028007,0.06918403379346054,0.06574555004555545,0.10627670102934712,0.07407602749318945,0.14632401442090792,0.09766234445967523,0.06818597275054725,0.17392832563056002,0.10885778640647652
108,108.0,108.0,0.07599493372106202,0.07878899134239928,0.07346412295156997,0.07313332114260113,0.07073949796902704,0.1688366161538466,0.11422027364273779,0.09771704979170996,0.13872781107323123,0.10837738221181466
109,109.0,109.0,0.09363253775873576,0.0682401408134531,0.08388903127218628,0.10728049107652067,0.0661605468268618,0.12828905443565555,0.10868574011120727,0.10325576175912424,0.1561620529572881,0.08440464298896691
110,110.0,110.0,0.09308655545239314,0.07830569674453491,0.07992776315556635,0.06850693386053168,0.0655376644828342,0.15598800554244355,0.10198681613822076,0.10222100717890728,0.15268611914131996,0.10175343830324787
111,111.0,111.0,0.0889756549995735,0.07128558765163122,0.09796289015409967,0.09645919242578073,0.06240145035128375,0.15737952937930247,0.08445676039731212,0.09035487479027367,0.1548108234020485,0.09591323644869398
112,112.0,112.0,0.09125901364790984,0.07852908938847855,0.06382632948591346,0.0857122557816101,0.10936152989206907,0.1303848985753765,0.11450354771877362,0.09929329676966045,0.13466003959314427,0.09246999914706386
113,113.0,113.0,0.09954498706160168,0.059591803390169215,0.07523629406934043,0.0871345140016564,0.08741273433605923,0.16165464989592032,0.10100694998455913,0.08262768333973097,0.15179512162856806,0.09399526229239422
114,114.0,114.0,0.06996524688661787,0.11172705463973195,0.07551977486118622,0.10513189424983774,0.06493898507369011,0.13757322354554694,0.12853359760238622,0.0711389705039058,0.14692200253046647,0.08854925010663026
115,115.0,115.0,0.0629444368271037,0.07149319610613572,0.057404874585543234,0.09499133181750774,0.09153437056133057,0.15836649226690264,0.11422892897968755,0.09949040507008956,0.14445067008260992,0.10509529370308915
116,116.0,116.0,0.10316542250755201,0.09503431698546139,0.05531800308692766,0.10010014460390937,0.0979111715569975,0.12463951982214952,0.09051812480999695,0.07492970082125447,0.14258076429015398,0.11580283151559681
117,117.0,117.0,0.09303019382355505,0.06768644787617065,0.06962350272584189,0.08276706473705452,0.08087194123258426,0.1553488083386576,0.09860107951650281,0.0816801928831328,0.16754587229747286,0.10284489656902714
118,118.0,118.0,0.07478050375370411,0.10550388569462643,0.06492418881515093,0.07424311354961632,0.0697798500794796,0.15359514917432399,0.08535146800759821,0.08707924147079701,0.16017327358622313,0.12456932586847994
119,119.0,119.0,0.09828048535921093,0.06554041365421816,0.09735295482566315,0.08917344830535354,0.05008626776614293,0.14873163650114837,0.08450986056165118,0.09345042873251999,0.16417169295874504,0.10870281133534639
120,120.0,120.0,0.07227109735857165,0.11752267905742086,0.0603461903864817,0.0808123749315719,0.07590721628391654,0.14122796225250833,0.08653060998452869,0.1072982826239077,0.1543797916793441,0.10370379544174817
121,121.0,121.0,0.09873900541775685,0.07434834161242862,0.0817541791330948,0.09680558616666954,0.07163773527952474,0.1456251383013467,0.12002932907302928,0.0692508002148523,0.13621225969364084,0.10559762510765588
122,122.0,122.0,0.077628417024673,0.1235482793744207,0.05756918798126929,0.10792491192180594,0.056582007674936076,0.1329633271963901,0.11099782869941648,0.06405609299951884,0.16583941012941317,0.10289053699815612
123,123.0,123.0,0.08105359704920509,0.08292782828636594,0.06159328760830172,0.0930336054849062,0.089593177759916,0.16078032127392125,0.11288312767517146,0.06992008244219287,0.14406556505446785,0.10414940736555119
124,124.0,124.0,0.09553971254062227,0.07780837073799793,0.07090009171167536,0.07754493613845993,0.07562825148676636,0.1511120245878617,0.081772214978907,0.09748787253137493,0.1468661043771356,0.12534042090919856
125,125.0,125.0,0.10861797991396697,0.06185527299087703,0.09447450615163226,0.07770869560925012,0.07935841328396134,0.14251923799768526,0.10619793307028376,0.09734828150474623,0.12942726246731814,0.10249241701027852
126,126.0,126.0,0.10093439068725614,0.06236209877307904,0.09946236352512652,0.06122710289792589,0.09842412874183469,0.14720004009895155,0.09984174358909437,0.08688844740560281,0.141459517441406,0.10220016683972262
127,127.0,127.0,0.09879828436243505,0.08130982683519097,0.07524640981525503,0.07509304151312046,0.08444215329552572,0.16282686840496471,0.11898035596583958,0.09189427852126554,0.12257834835830136,0.08883043292810129
128,128.0,128.0,0.09257166291120598,0.09839897367439822,0.08038963579067068,0.08884078768271017,0.06491050318992009,0.13096129808315482,0.09896171964700254,0.08527501578415467,0.1514619600102663,0.10822844322651623
129,129.0,129.0,0.0903242249053838,0.08255729318364653,0.07705086806733631,0.08092667842738088,0.0728960787697779,0.1692147046863934,0.08694549808429256,0.08994304809814445,0.1503876768959397,0.09975392888170417
130,130.0,130.0,0.07756957543167793,0.09895585260947506,0.07760325766234047,0.0961091967394109,0.08217484412120801,0.13271925599724763,0.11619236658406928,0.0929616473999944,0.1322887968620242,0.09342520659255178
131,131.0,131.0,0.10921838024210218,0.09270793353517616,0.049920751770986316,0.07756023237120531,0.07050371775599398,0.14169890553068118,0.11848470714472883,0.10939399002740094,0.13571669464850628,0.0947946869732184
132,132.0,132.0,0.0830218144077112,0.06998508317288657,0.0751181204967473,0.0781282376858303,0.0900920019897512,0.14848215163595138,0.11259268434834444,0.09235741741214834,0.15222928813676911,0.09799320071385989
133,133.0,133.0,0.08540086434006329,0.07979729015668312,0.07413687853127837,0.11069201372907875,0.05382194563229227,0.13424917911283024,0.11593054255382682,0.07992431298680096,0.13939670885529576,0.12665026410185015
134,134.0,134.0,0.09165822682690775,0.09397441983019461,0.06767314583943652,0.08379738258447204,0.07320590241208724,0.14695435866827258,0.09317707347729917,0.08331633523202342,0.1547265565935651,0.11151659853574118
135,135.0,135.0,0.06423591489186058,0.08282902675811099,0.0648094090502407,0.0879402656668409,0.07545466658893599,0.13634405701683147,0.11715994629605317,0.10161511296826416,0.15569900458319122,0.11391259617967042
136,136.0,136.0,0.09320708985034681,0.06692584063304627,0.05004754199335755,0.10190770176462464,0.08320584427584173,0.1699714622392412,0.0964290590242021,0.06862085088761544,0.15649928812687044,0.1131853212048535
137,137.0,137.0,0.07058276967490736,0.06161181701840348,0.07048276111468924,0.07433690088626335,0.08056983677077163,0.15311067496056918,0.08500771087072886,0.11169782895474098,0.17475715070478878,0.11784254904413678
138,138.0,138.0,0.0933943356995028,0.09389069522078461,0.06076191187263147,0.08124156475533942,0.0883821862691522,0.14482945507864323,0.11996911444199147,0.06873603111585644,0.14410738358496533,0.10468732196113266
139,139.0,139.0,0.09368686690366677,0.07268950713678059,0.0727405216534823,0.06344437410948209,0.07033896974566793,0.16322758158666398,0.10683071718647193,0.08833464737505842,0.15727515826929278,0.11143165603343286
140,140.0,140.0,0.08407963722221419,0.09824951736404536,0.06822643678478307,0.06976759807377375,0.1010498916046072,0.13842262539925115,0.10472252828458409,0.08252725355264312,0.14440479008156742,0.10854972163253032
141,141.0,141.0,0.09090652147053528,0.08976066864346677,0.07500547450580189,0.10409338701433009,0.07222122444686921,0.1245400952027641,0.10647440899987937,0.10872039683491933,0.12968628878564675,0.09859153409578683
142,142.0,142.0,0.059091740667234896,0.11114375047744281,0.07169205291089842,0.07983320161223664,0.07047631895965287,0.16620298724862287,0.10823119862280953,0.08538201639801235,0.10206176064549546,0.14588497245759374
143,143.0,143.0,0.0902864499607208,0.09215210514358031,0.07017047133902507,0.11038429698725083,0.06307541835108318,0.13601212453260988,0.09020822278498453,0.07533957520662236,0.16111879725027195,0.11125253844385077
144,144.0,144.0,0.07742431377667433,0.07726570813343529,0.08807779451345799,0.07822522935279586,0.07470008206922299,0.1489072638272479,0.11707115923037367,0.11242235278705588,0.12750637091977765,0.09839972538995803
145,145.0,145.0,0.07325859087855616,0.08205209834123346,0.04717718020562019,0.11473082143606865,0.060908714970516156,0.13841264179433982,0.11126722148891639,0.07953247353673291,0.16519632702071652,0.12746393032729925
146,146.0,146.0,0.061004984797161745,0.08075325491581611,0.06560104895693131,0.0989919588770569,0.053068290160759736,0.16812765627593168,0.10464091373207537,0.11684729907679729,0.1384842799262237,0.11248031328124566
147,147.0,147.0,0.08325729714722188,0.06752983891517765,0.04030549598294253,0.1033992382337225,0.09245641140186503,0.15666027235088928,0.09310350711951867,0.09360064187638223,0.15931271901274022,0.11037457795953953
148,148.0,148.0,0.07731963541903368,0.09603745964396693,0.07001250841228988,0.0840951237769784,0.06797743733242753,0.13892923732310022,0.1309601922967381,0.07861072106844359,0.15362663897714823,0.10243104574987305
149,149.0,149.0,0.10429078198668007,0.11748337131403006,0.07162907274523624,0.0741190300115682,0.07247178687034517,0.13174478258210925,0.08352060884866007,0.0932063775902592,0.15512079026231038,0.09641339778880101
150,150.0,150.0,0.10154938363194857,0.09353077244094199,0.05580071765925382,0.10902510717498352,0.09341355248629346,0.13478155014251667,0.0666421911752477,0.08798394346469648,0.1460611609187779,0.11121162090533951
151,151.0,151.0,0.06993510924794023,0.07750773754510884,0.09939727007504132,0.07530352750587113,0.07750142474290542,0.16914345451845064,0.08018867448824948,0.08702744010122554,0.14974512280586866,0.11425023896933842
152,152.0,152.0,0.07663538345065836,0.1104204383031715,0.0784930486253699,0.10525786759847928,0.059635258712460726,0.141380815728863,0.09091887087571134,0.09180606786385648,0.13489216329425227,0.11056008554717678
153,153.0,153.0,0.07951759515829462,0.10291067358558985,0.05895090342533564,0.09931248608468524,0.07366577805620925,0.15162248484372326,0.08393887462091036,0.12307974944659823,0.1455411441501952,0.08146031062845807
154,154.0,154.0,0.07549928018831889,0.09566373808434507,0.047607467697752405,0.10248061267808117,0.09200211049801482,0.14055372686455966,0.09282903493380282,0.10006339845716083,0.14707388072025868,0.10622674987770538
155,155.0,155.0,0.0603971110314885,0.11022035048575238,0.03698966399651819,0.10285553693376877,0.060195503359866606,0.16022713377349324,0.09533020346393874,0.09396032909229629,0.1713927095210444,0.10843145834183254
156,156.0,156.0,0.07296707897799937,0.07255804743323094,0.059946753051969316,0.11146651048331571,0.07966576306757316,0.15118076646495565,0.10639481616973512,0.0755831492420911,0.169928441664908,0.10030867344422138
157,157.0,157.0,0.05239997407200805,0.07197179956270941,0.04316286877739328,0.10989273958029673,0.07632990561636493,0.1633336411089461,0.09936109975999477,0.12504481471516699,0.1704966620117199,0.0880064947953996
158,158.0,158.0,0.06653832859571945,0.1112943364433638,0.05107839128445253,0.10477979779366628,0.05812301419840795,0.15564330117831673,0.1356566272660416,0.09405189127160028,0.1498668720399429,0.07296743992848816
159,159.0,159.0,0.06169452659996355,0.08599005607515653,0.1017455902859947,0.09106306675722604,0.08561696100194259,0.15334849287104235,0.11560623912231274,0.07837259382233604,0.1295100671714639,0.09705240629256126
160,160.0,160.0,0.07458355027938975,0.11236365171554186,0.05210553735485622,0.08474551958480826,0.07113081198093203,0.16395546001761702,0.1030488955874497,0.0725571135052371,0.1522600349823959,0.11324942499177182
161,161.0,161.0,0.06013690091732086,0.082284442150545,0.07325254194047964,0.09078074933349226,0.06932259576146103,0.1582651316054946,0.10100186144648045,0.10868000213520687,0.1338953871043465,0.12238038760517236
162,162.0,162.0,0.08870058087256931,0.1094593807088993,0.061630234910510326,0.11331525720311522,0.06353684481283381,0.13370173617750752,0.08255872697901603,0.09191210098654806,0.13709389548797085,0.11809124186102919
163,163.0,163.0,0.08600270798934373,0.08912576654638593,0.06167182415922275,0.08507939631549626,0.07971246593090518,0.1429693150754691,0.08717297584741232,0.09087368724210018,0.16266222937278296,0.11472963152088125
164,164.0,164.0,0.08360276469865423,0.11399535585730247,0.0707275431584636,0.08935596558794645,0.056468087240549414,0.14080560905829556,0.09597002718105904,0.07300196961832922,0.15732212899194242,0.11875054860745729
165,165.0,165.0,0.07950940939209232,0.1015758637627278,0.07220636660905189,0.10122917403773621,0.07577489551393803,0.1489804852031702,0.08953898892750937,0.10457068425076506,0.11892699091517873,0.10768714138783005
166,166.0,166.0,0.09067072334544317,0.12009047332744596,0.0739992045902788,0.09959946766332313,0.05663453446796973,0.15565405449565115,0.0820434083456236,0.0727219577321992,0.14777067450213685,0.10081550152992806
167,167.0,167.0,0.09806768923029013,0.0857573819524106,0.0682758264810514,0.08138679713988019,0.13072555461513044,0.14155491982062704,0.08572949616869739,0.07968464157024356,0.14904531062422322,0.07977238239744561
168,168.0,168.0,0.09456191552575685,0.0739626087703824,0.0983431157381448,0.07718018561726793,0.04992247209946821,0.15007476560942598,0.12783652808623863,0.06613816309391865,0.14955603738162698,0.11242420807776912
169,169.0,169.0,0.07808228921076418,0.11850301073419962,0.07036226535623218,0.08103252517531817,0.06826309970624375,0.15470403824760565,0.09584777755556712,0.07843266537075422,0.1396192103038792,0.11515311833943562
170,170.0,170.0,0.06386537947009484,0.10933292433987966,0.07009956864395377,0.09604569296932841,0.08370228545838647,0.1546324632196804,0.091316495541866,0.10876543866100534,0.12439727482174416,0.09784247687406054
171,171.0,171.0,0.09103622594790281,0.08194519960432256,0.06086107635118184,0.09695931709903448,0.06128880098176587,0.15559951617565973,0.10610855588711102,0.064006009987037,0.15386894271090018,0.12832635525508423
172,172.0,172.0,0.07751966094939422,0.0874986345345119,0.08481425022348689,0.06805536495799001,0.07117331608578088,0.16435811596667693,0.09693488947651771,0.06946661528544469,0.16172549518810744,0.11845365733208897
173,173.0,173.0,0.07475891180730145,0.07297066805633197,0.05861330508414676,0.10616758422187653,0.08107258084384833,0.17483029264302874,0.07810256336123407,0.09201519316782698,0.13598294290237187,0.12548595791203293
174,174.0,174.0,0.08598358925916952,0.12600869943088402,0.0581086527630386,0.08880778284429845,0.08812393854839215,0.1469976443688057,0.10065434798474034,0.06439485275817618,0.1401472866595593,0.10077320538293529
175,175.0,175.0,0.08701203101386767,0.10408725843171443,0.06694780926179232,0.08648642387816743,0.08292760969903067,0.14364280486397238,0.07556763760844774,0.10576397285496826,0.1382078817576683,0.10935657063037037
176,176.0,176.0,0.07559769702528106,0.09910629162222787,0.07225627086357758,0.08280201580346673,0.07316350224026846,0.16802656554302778,0.09057150849485779,0.07813859468658418,0.13725745676124207,0.12308009695946617
177,177.0,177.0,0.12203723443859249,0.09564722007372918,0.07438261094862492,0.0815415215162272,0.07285591831395442,0.11628321620358087,0.08518056696230973,0.09743469288750523,0.13916400908059381,0.11547300957488175
178,178.0,178.0,0.08950534209392705,0.08683638234370121,0.04963204322783133,0.09773441203297177,0.10217576739181566,0.13651609414521998,0.09107862571898791,0.0800698412725988,0.152581280041683,0.11387021173126291
179,179.0,179.0,0.10979030723528849,0.08889671937332308,0.04762863418595659,0.10583269335776753,0.08897065440114378,0.15316766285163122,0.09231066284444897,0.06566016796835275,0.14672088004317999,0.10102161773890721
180,180.0,180.0,0.08407923573749287,0.11544140811797962,0.05404093028189212,0.07991380489655764,0.07046236294728439,0.13866267608759805,0.10398094781197753,0.09620393363135779,0.1255255283440856,0.13168917214377407
181,181.0,181.0,0.08805922212534018,0.08021947177039976,0.08236978859243548,0.10486067125331229,0.06133689508874797,0.13531678304132466,0.11189079444718335,0.09495906063041108,0.13079281569780438,0.11019449735304047
182,182.0,182.0,0.07109324377488004,0.07189042498446852,0.07323358388499245,0.08044765271814217,0.05149309417433516,0.1682379764586405,0.11344215427042048,0.08355182599656634,0.16033489904375134,0.12627514469380266
183,183.0,183.0,0.06428933794127278,0.0798236403584398,0.09002843068973146,0.10866748638186922,0.097460739717155,0.13250423786674487,0.10225246425860116,0.06381383811018533,0.14234120787967947,0.11881861679632058
184,184.0,184.0,0.058552691628412354,0.09473657970196678,0.06588262819199096,0.08803294842779866,0.07545410789110418,0.1490344698398108,0.11006544860908611,0.061675051779171576,0.15690876438797513,0.1396573095426831
185,185.0,185.0,0.06627089454617938,0.08040428379660067,0.07345823572244048,0.09675635291129804,0.07056770184887003,0.1369846203953608,0.10812214063940144,0.08670193791728667,0.14846156094023505,0.13227227128232716
186,186.0,186.0,0.07761775768170032,0.08171517294759915,0.0699396479359613,0.115679246049839,0.08656908959000904,0.14968770053999958,0.10324772287949165,0.06830525525319643,0.14347258130986096,0.10376582581234224
