,Unnamed: 0,Generation,Intertwine_two,Add_vertex,Delete_vertex,Invert_path_vertices,Insert_inside_vertex,Delete_inside_vertex,Replace_inside_vertex,Donate_between_routes,Trim_one_terminal_cb,Grow_one_terminal_cb
0,0.0,0.0,0.09999999999999999,0.09999999999999999,0.09999999999999999,0.09999999999999999,0.09999999999999999,0.09999999999999999,0.09999999999999999,0.09999999999999999,0.09999999999999999,0.09999999999999999
1,1.0,0.10900000000000001,0.10045300585158794,0.09885259287801323,0.09821895819881821,0.1002880560272667,0.10103327626791983,0.09911964073876217,0.10230952123278923,0.09893075100404694,0.10054128718209,0.10025291061870564
2,2.0,0.31601,0.09970604560300292,0.09811145217661546,0.09514110991956817,0.1016908148770992,0.10157738050466444,0.09957381553728648,0.10428349800309224,0.09763909669016424,0.10215070165760125,0.1001260850309055
3,3.0,0.6191589000000001,0.09989951857841356,0.097525917920968,0.09318116544453525,0.10132330328063745,0.10177588894835203,0.09949611498726692,0.10612059126487937,0.09651536259651704,0.10341073092995243,0.1007514060484778
4,4.0,1.015801321,0.10180668632247622,0.09668617670179872,0.09234445062345797,0.10048724276810059,0.10023509697318911,0.10156504106819592,0.10700497525635998,0.09526465582618626,0.1045445321555396,0.10006114230469547
5,5.0,1.50262148669,0.1025216799569837,0.09643406757945046,0.09097362924553062,0.09934543328789952,0.09906897267837089,0.10296415223971855,0.10787417376970856,0.09360110099855527,0.10660942777372284,0.1006073624700594
6,6.0,2.0757334209441005,0.10250423723806211,0.09389040377240723,0.08879655061665863,0.10211908106028117,0.09756904578280406,0.10387228206235728,0.10840409733035844,0.09263746986022937,0.10900135452660933,0.10120547775023217
7,7.0,2.7307768275633495,0.1023330986359097,0.09347321622287237,0.08817830399083913,0.10235062023579844,0.09615326401930961,0.10570018282741114,0.11051481452637807,0.09129758964202749,0.11042617782421485,0.09957273207523899
8,8.0,3.4630081252450404,0.10263480893507654,0.09137684798683988,0.08586565440707375,0.1032171629284935,0.09614462271976716,0.1074968718829569,0.11131860752133167,0.09112852539987186,0.1113851071098128,0.09943179110877573
9,9.0,4.2673862119061114,0.10288857272585154,0.08938210877782608,0.08416866063248815,0.10445210041335201,0.09604337092323936,0.10930187624989579,0.11240762921672424,0.08997180085005625,0.11164705280216151,0.09973682740840481
10,10.0,5.138652627782014,0.10287051110070852,0.0863558991218116,0.08431813283088796,0.10483504690493943,0.09552740582722145,0.11077086843101025,0.11219401024886864,0.09021574306779413,0.11395173006333041,0.09896065240342737
11,11.0,6.071405875792507,0.10410693879611452,0.08582483202327423,0.0818000934265092,0.10424007862566168,0.09595319266845292,0.1125604112011845,0.1112979509722845,0.09019245942707825,0.11588440015330807,0.0981396427061319
12,12.0,7.060169740244025,0.10431542541642945,0.08359540136649031,0.08123360797488022,0.10527234111598843,0.09627190443715322,0.11432954936357372,0.109664023961713,0.08847270088831936,0.11828114391388642,0.09856390156156561
13,13.0,8.099455520847952,0.10422733182186687,0.08201593678335259,0.0794810127587,0.10436370982223736,0.09553864677889816,0.11861184611337043,0.10795553886626968,0.08800512499773691,0.11971898151692062,0.10008187054064713
14,14.0,9.183818168183006,0.10426701140377953,0.08197016049622262,0.07783028613291745,0.10508169509139816,0.0959863365913819,0.1189981826509165,0.1068683647164039,0.08753602081888569,0.12121504746603257,0.10024689463206146
15,15.0,10.307906369102724,0.10277198129412819,0.08092910188060502,0.07530051581857686,0.10454645697367344,0.09754397944967401,0.12125889645400983,0.10728064775495189,0.08893141481972908,0.1220259263711485,0.09941107918350296
16,16.0,11.466506686239443,0.10161422013125816,0.08173034937768715,0.07425851045642444,0.10397179301343698,0.0967936435575737,0.12269845337153272,0.10876564592788546,0.0877963064667436,0.12510962257203687,0.0972614551254207
17,17.0,12.654581904800096,0.10206241707247032,0.08011131798378704,0.0744246475919751,0.10279835839899619,0.09495159293543115,0.1248268825115738,0.1084116532699862,0.08911868686147509,0.12618764055800277,0.09710680281630213
18,18.0,13.867303782456686,0.10019004190908017,0.08088771208111789,0.07277242976533323,0.10185605760044869,0.09383702951274439,0.12797162641293844,0.10809892848290092,0.08977766612883854,0.12795175290023167,0.0966567552063659
19,19.0,15.100080434523047,0.09862815822161268,0.08027563063597148,0.07062043464359724,0.10077876174168125,0.09233483565025663,0.1308781664473311,0.10703048692782875,0.0901737361136306,0.13050325442587576,0.09877653519221433
20,20.0,16.348578617037543,0.09791746961950984,0.08172634072454875,0.06814655701973692,0.09950432825357454,0.09274664123194981,0.13244148007844417,0.10650916186461937,0.08868847327400703,0.13304042595769563,0.09927912197591376
21,21.0,17.608741195130214,0.09765462675295244,0.08184387796126341,0.06549396579343637,0.10149898900933253,0.0908398721525774,0.13271843854363033,0.10596255272668606,0.08780981780478846,0.13548977084360933,0.10068808841172347
22,22.0,18.876800103462312,0.09730953161531786,0.08194632352100778,0.06541761697426217,0.09979522616367742,0.0886755522801509,0.13394037273832465,0.10687419862547096,0.08954832845139991,0.13527608137534178,0.10121676825504636
23,23.0,20.14928511992658,0.09576176255528844,0.08111784657518001,0.06437926405162712,0.0987935235261193,0.08977112783462432,0.13807344349769105,0.10403556628853003,0.08758504204212435,0.13824393866758922,0.10223848496122595
24,24.0,21.423028783545156,0.09415307063497891,0.08280340718988287,0.06408697561840807,0.0988323417965125,0.08973017730043228,0.13892239098536674,0.10297280116339888,0.08633446347789825,0.1406171213124479,0.10154725052067338
25,25.0,22.695167792966423,0.09348167438380893,0.08384546391739178,0.0625307983611158,0.09799894527326351,0.0898974385549756,0.13980142077025062,0.10289536196056329,0.08574667982945482,0.14141634398621727,0.1023858729629582
26,26.0,23.963141223515898,0.09472817901625576,0.08217780645392828,0.06271020861131954,0.09719331425821537,0.08925355002907237,0.1429520322586991,0.1030570760847341,0.0840031409883076,0.14104568125212688,0.10287901104734085
27,27.0,25.224685898775267,0.09628703905596202,0.07994012161292292,0.06159902550711871,0.09899646844538745,0.09105464706689179,0.14182345522590073,0.10214597564458697,0.08405875652808954,0.1415769982022829,0.10251751271085682
28,28.0,26.477829247520948,0.09597704849416505,0.0824848700613189,0.06266461938924692,0.0975821680983015,0.08960981460998148,0.14077228971142372,0.10138590583156638,0.0845052611629225,0.14234733583770134,0.10267068680337205
29,29.0,27.720879968916847,0.09744328357778051,0.08167503052855853,0.060879184043037715,0.09660927491003653,0.08812913255335635,0.14159753412036052,0.10102979860056084,0.08508398483230249,0.1438680502029215,0.10368472663108484
30,30.0,28.95241681848399,0.09868659618326928,0.08097056229018308,0.06193298342999898,0.09663916333553621,0.08835622211648783,0.14025240815185874,0.10025420422115164,0.08462036284596867,0.1431272080820517,0.10516028934349374
31,31.0,30.17127581490958,0.10008141962675779,0.07978635636295445,0.06132676556230846,0.09618394537003112,0.08884811737862412,0.1398797052936767,0.10161567376748341,0.08462059624353392,0.1438029381762681,0.1038544822183618
32,32.0,31.376536153543515,0.09675202436760721,0.08169534525458536,0.06093440902617687,0.10064523808686615,0.08824340884464464,0.13992321325669702,0.10323806845136184,0.08441439652546516,0.14190049695546048,0.10225339923113519
33,33.0,32.567505096778625,0.09640575460954817,0.08178057586283011,0.06041660439793151,0.10037674261810725,0.08937569641711685,0.13797556642384767,0.10521800827741554,0.08456138002578761,0.14072148254669822,0.10316818882071697
34,34.0,33.74370209472243,0.09620407345642054,0.08307380347700942,0.057437275832005745,0.10292189409684722,0.08883674475971672,0.13714331110280273,0.10620401342722391,0.08321562310143472,0.13992351202301193,0.10503974872352695
35,35.0,34.90484237192463,0.09859806062281512,0.08712026314019608,0.05885712072203461,0.10156518783534438,0.08586855864153148,0.13700808485258015,0.10429032348726355,0.08350444964174691,0.13813304359462664,0.10505490746186094
36,36.0,36.05082019768737,0.09878875830919848,0.08640081552087202,0.05932653101275367,0.10283607417500142,0.08491491324314934,0.13634539450489255,0.10334736307715159,0.08423074988375982,0.13748911582295067,0.10632028445027028
37,37.0,37.18169203889697,0.09845704760998009,0.08729631146625545,0.0606655202039247,0.10158585467693808,0.08297080550188624,0.13352437700011313,0.10425276365347055,0.0855452236548942,0.14087165727948525,0.10483043895305216
38,38.0,38.29765977559663,0.09710855904061078,0.08897499310473364,0.062197245954959735,0.10126352524160853,0.08302501054744785,0.13180691947620707,0.10457736723699626,0.08561354034246119,0.14025524027278913,0.10517759878218569
39,39.0,39.399054140870355,0.09847321555010706,0.0882839497460458,0.06164941149735047,0.09922537009049173,0.08445397336022022,0.13127966589358062,0.10465770999674673,0.08730491311187168,0.1415180784488674,0.10315371230471812
40,40.0,40.48631852820801,0.09858614141491592,0.08593580522082998,0.06237076661577467,0.10144549006635208,0.08351256031269473,0.1309888790277717,0.10576461540275066,0.0867041564825808,0.141251927076161,0.10343965838016829
41,41.0,41.55999329152982,0.0972410609779919,0.084096372647125,0.06421882392158675,0.09995636166901556,0.08286532214519442,0.13237141265609922,0.10829806934904382,0.08584092696367113,0.14073965958714893,0.10437199008312312
42,42.0,42.62070064560415,0.09609730465388265,0.08339887745177205,0.06499746585523586,0.099005680994587,0.08266822798216389,0.1333926418605482,0.10821635588525418,0.08765251575016259,0.14189708507527965,0.1026738444911138
43,43.0,43.669130257815,0.09673532453682673,0.08546457906110226,0.0648649256323414,0.09947952366038924,0.082803915288469,0.13131637023234546,0.10980734105613785,0.08754152011064979,0.14023823616242723,0.10174826425931087
44,44.0,44.70602560622662,0.09738785890397582,0.08494116672256624,0.06737912805725148,0.09930509410862609,0.08054436249811871,0.13041179963455726,0.10944979321011183,0.08761334312080707,0.13953142650963116,0.10343602723435416
45,45.0,45.73217116373481,0.09743009329199202,0.08559993837044028,0.06755753071575409,0.09758694746934093,0.0800654723691068,0.13000967014619066,0.10832174101710165,0.08885212334104754,0.14122696349571862,0.10334951978330724
46,46.0,46.748380453854836,0.09834119817740118,0.08722215591964237,0.06897186854604563,0.09773354281243846,0.07984566009474582,0.1293990896885885,0.10786167861379939,0.08842808997710848,0.14125677399757536,0.10093994217265466
47,47.0,47.755485010424316,0.0972018793565776,0.08700988891640249,0.06810237769049989,0.09665443561356417,0.07991247495337042,0.12844667301463786,0.1056975216938992,0.09111696229180206,0.1426381693170875,0.10321961715215865
48,48.0,48.7543242612326,0.09782335952581837,0.08566300158900667,0.067967705820722,0.09593319781921122,0.07946345009968121,0.13021508511422336,0.10619900553985846,0.09050731442267648,0.1433425050469069,0.10288537502189518
49,49.0,49.745736344347726,0.09734839647475084,0.08667637514023742,0.07022595120997967,0.09424198146112935,0.07992660195600305,0.12955237601398772,0.10378410533656926,0.09112470826260319,0.14399580707700782,0.10312369706773156
50,50.0,50.730549855707864,0.09719796869491971,0.08747242712376425,0.07139513507045503,0.09064792005068756,0.07946272435856798,0.13082976669298696,0.10255945044583678,0.0904488024335954,0.14659212168563882,0.10339368344354737
51,51.0,51.70957651737491,0.09675038752394381,0.08777706878340583,0.07083968259852223,0.09064509682829369,0.0803521240563442,0.1307706551109364,0.10221515694990867,0.09044080723388159,0.14685018284783136,0.10335883806693205
52,52.0,52.68360474770151,0.0958434395190067,0.08644197485649341,0.07126678211227933,0.08916579689269474,0.07929869392600747,0.13104227124836765,0.10291155886237772,0.09289066986693023,0.14624563069451593,0.10489318202132666
53,53.0,53.65339410751842,0.09434152555772357,0.08763336822949228,0.0700288390015746,0.08747086853105736,0.0784647861811618,0.13234772275004983,0.10654375154979251,0.09167440370458677,0.14489740755971225,0.10659732693484883
54,54.0,54.61967059027847,0.0946899410474603,0.0857896325098494,0.06983996184508831,0.08771357646114918,0.07827355269670734,0.1333665756579877,0.10643568478084964,0.08981775831157403,0.14596761627457097,0.10810570041476296
55,55.0,55.58312271885972,0.09663059348391445,0.08409177566135292,0.0695506799694835,0.08610841675998503,0.07928622989598498,0.13638237980876441,0.10355013781209463,0.0899797470035978,0.14733587236734483,0.10708416723747728
56,56.0,56.544398407394254,0.09829158407773636,0.0853838531545459,0.07190030581906993,0.08599641903068163,0.07813458628516085,0.13751235241774093,0.10286483616037612,0.0907377245870179,0.14546712400075337,0.10371121446691686
57,57.0,57.504102543001395,0.09826525632745842,0.08801747181579878,0.07261050886937129,0.08492375611742126,0.078419701483831,0.13773938404354813,0.10373899219836179,0.08840576176766084,0.1453868323936363,0.10249233498291209
58,58.0,58.462795239617805,0.09725914881730419,0.08807597191154586,0.0725398942047274,0.08345765977182709,0.07845246572577096,0.13886404279740994,0.10437912606085212,0.08830101855747075,0.1446333953105278,0.10403727684256381
59,59.0,59.42099071417639,0.09794694013499551,0.0897226801973408,0.07263511559582228,0.08338385397719514,0.07810151268635179,0.1384615579883206,0.10518109411755176,0.08930066565934779,0.14272001471117512,0.10254656493189912
60,60.0,60.379156734137354,0.09458904087326517,0.09027596844084144,0.07264948089004275,0.08291711119535947,0.07713149408382557,0.14034320372417558,0.10562339700432635,0.0899266776520812,0.14146407214566595,0.10507955399041648
61,61.0,61.337714584760846,0.09245565916452642,0.09036305086747942,0.07231034716165816,0.0828236098232799,0.07607152094914646,0.14219014287480514,0.10607656205425571,0.0912175427679052,0.1418614156956126,0.10463014864133097
62,62.0,62.29703950447439,0.09086631070800945,0.08815725713820863,0.073188353205929,0.0842202180250705,0.07694259986398956,0.1451035290272433,0.1060665587378565,0.09047097818765949,0.14150206584996214,0.10348212925607138
63,63.0,63.257461537171835,0.09232590601916915,0.08786748854289186,0.07213767401257622,0.08209041732226015,0.07613210478141542,0.1455342031150259,0.10643616200161599,0.09181847674535322,0.14115505923038507,0.10450250822930698
64,64.0,64.21926675122782,0.09244248664089408,0.08690424674275876,0.07234293952211529,0.08192779319262873,0.0758580060937319,0.1469649882641943,0.10675537852326383,0.0922062140256971,0.14043973838820897,0.10415820860650703
65,65.0,65.18269877636592,0.09232333090030523,0.08658632303727419,0.07156172945627907,0.08266278998168153,0.07614581093538522,0.14702527311645253,0.10515730563529979,0.09515287362633092,0.13986620609927547,0.10351835721171603
66,66.0,66.14796061122655,0.09256597628251169,0.08957807398972278,0.07209402156269601,0.0825982589359065,0.0756005674299459,0.148447102703827,0.1055685070087498,0.09388261470536569,0.13956004141336706,0.10010483596790755
67,67.0,67.11521665648885,0.09251725865436737,0.08976965008091686,0.06934747868988589,0.08330151144587997,0.07779933284471269,0.14899761128347475,0.10475027960559834,0.09446410475717563,0.14085614502678367,0.09819662761120478
68,68.0,68.08459493066005,0.09469291613757187,0.08960510678059928,0.06775834811541244,0.08213530938926715,0.07801079795821171,0.14787341233898424,0.10591531160379597,0.09278973944708145,0.14191361620322435,0.09930544202585154
69,69.0,69.05618942810752,0.09429408406577783,0.09017423616380575,0.06504619391774542,0.08110606207472225,0.08264646351094301,0.1477517399932535,0.10528991597350448,0.09272194243217229,0.14054625789153258,0.10042310397654292
70,70.0,70.03006258152917,0.09506119475687362,0.09194532948333858,0.062237557367737895,0.08197288244443994,0.08156780628613593,0.14817138104321026,0.10420621537057947,0.09175830707126148,0.14285427965494568,0.10022504652147712
71,71.0,71.00624779379335,0.09352540573473672,0.09129697587772179,0.060663512367628486,0.08150408735958767,0.08390487718187642,0.14971707499147865,0.10426376661351676,0.09102301374604385,0.14371042460862896,0.10039086151878071
72,72.0,71.98475200689319,0.09301123301285291,0.09113577738990718,0.0602860602144377,0.08401634867897445,0.08310906344649813,0.14884696319703258,0.10377885842917077,0.09348211298967835,0.14283564140617816,0.09949794123526975
73,73.0,72.96555827861411,0.09448689924980826,0.09188252992891927,0.06060054297997027,0.08271067050179016,0.08278532603133883,0.1496073660828156,0.10350949501751018,0.09210382048947738,0.14428788763123915,0.0980254620871309
74,74.0,73.94862834037681,0.09594113688716133,0.09177237208451879,0.06255580260262648,0.08056184427001079,0.0823112301527494,0.15156978728796178,0.10532055061577156,0.08824942929066067,0.14454100600399025,0.097176840804549
75,75.0,74.93390511255946,0.0966990818506053,0.09146599422556032,0.06370094510516564,0.08097084980568697,0.08522408922435526,0.14998807001523226,0.10260472808164503,0.08634392015058115,0.14590948654259076,0.09709283499857735
76,76.0,75.92131515639825,0.09530506188114121,0.08822405598517397,0.06488171139976355,0.07956149852963991,0.08479174661734445,0.14929984394675372,0.10457532786629384,0.0878212386901187,0.14606297487338685,0.09947654021038382
77,77.0,76.91077104428919,0.09389774828047738,0.08518637968089163,0.06578108697392997,0.08229987180361328,0.08319226818741621,0.147550745756796,0.1055548349813615,0.0901023263712968,0.14631268753201707,0.10012205043220018
78,78.0,77.90217363294813,0.09290070333951711,0.0866915956921864,0.06514942109070629,0.08190571857573481,0.08328621744773457,0.14764112213014535,0.10271152521980839,0.09075804126870965,0.14806445244064506,0.10089120279481238
79,79.0,78.89541422641172,0.0932275818375145,0.08775300294187852,0.06368578584596193,0.08244727400520917,0.0828182442781099,0.14741681928846012,0.10407106559274648,0.09069365035756978,0.14805724519823532,0.09982933065431425
80,80.0,79.89037661826481,0.0952290252836636,0.08672376568686813,0.06285336619764202,0.0857197788494008,0.0806749171016166,0.14753580599352367,0.10271395594122493,0.09019922689534722,0.14957912827639755,0.09877102977431543
81,81.0,80.88693900474995,0.09516168605923264,0.08760615526336925,0.0631083470710771,0.08685328417323632,0.08139577967242125,0.1458027508949371,0.10132212303602832,0.0901291708125205,0.15072219032155063,0.09789851269562684
82,82.0,81.88497576253909,0.09314561997902193,0.08787999517505683,0.0626058930144979,0.08922378917880927,0.08023587150746722,0.14719690314829753,0.09946709123288516,0.08992302816931162,0.14975624422135722,0.10056556437329521
83,83.0,82.88435908692391,0.09119653545058286,0.08792592447201822,0.0636732396468404,0.08964335406104189,0.07831983918049945,0.14758497674322218,0.10022130775203693,0.09039109587215349,0.14839648884802378,0.10264723797358066
84,84.0,83.88496048800103,0.09034932849896668,0.08846633989997482,0.06281165229634723,0.09196076127726488,0.07961349577972573,0.14757968615943373,0.0997625418442053,0.09108058721297496,0.14760079389768427,0.10077481313342225
85,85.0,84.88665214409042,0.09078284542191598,0.08814721227066404,0.062351512820944435,0.09115872354487273,0.07875764074059838,0.14545927440485243,0.09920555332448487,0.09234283140469755,0.1505248135480268,0.10126959251894269
86,86.0,85.88930811312994,0.08772932576388508,0.0889903915044384,0.06367535722547212,0.09413633160754058,0.07977146747512293,0.14261481294916134,0.09861545816084899,0.09140259305965283,0.1503833469124157,0.10268091534146197
87,87.0,86.89280540413424,0.08852316309392422,0.08946315473949294,0.06530589622055485,0.09393721234578074,0.07732615464963588,0.14415398236476698,0.09665284838977821,0.09105164809035948,0.15016666252201413,0.10341927758369245
88,88.0,87.89702491199675,0.0875774451209101,0.09118588401611721,0.06724746408944854,0.09588265538785398,0.07799348421096101,0.1434739582562263,0.09444326251899797,0.09165467128624553,0.14843844297332992,0.10210273213990927
89,89.0,88.90185221995306,0.08357404511317039,0.09228944227549293,0.06826125648200751,0.0957371455579897,0.07764366210068073,0.14323252593676877,0.09266672376697403,0.09058583559875716,0.15155187974894138,0.10445748341921723
90,90.0,89.90717827491419,0.08564524769449688,0.09059781719249033,0.068971002919054,0.09534471072803959,0.07617106473596372,0.14335679505176666,0.09461635067220249,0.08940508306664262,0.150054309984013,0.10583761795533055
91,91.0,90.91289994163006,0.08722189086851193,0.09220153931664983,0.07046213575958199,0.09362314151559599,0.0745159679723101,0.1428992173807746,0.0940258909285447,0.08854384059928178,0.15151353734552875,0.10499283831322018
92,92.0,91.91892044225806,0.08750714875920373,0.09010635872507482,0.07022104936319762,0.09076161701181634,0.07506654273527427,0.1434160533850797,0.09706131821946509,0.0886459839871436,0.15027618960719796,0.10693773820654674
93,93.0,92.92514968840067,0.08843475173000717,0.08757435441262762,0.07101240386551291,0.09034590545958869,0.07587057495505573,0.14372599077803005,0.09719831260591465,0.0898968445972759,0.15025200193838034,0.10568885965760685
94,94.0,93.93150451304501,0.08751230153274155,0.08690257517117478,0.07237998326446966,0.09228728874639897,0.07408162175731195,0.1452502828265527,0.09716099526218241,0.08819534397572609,0.14868797899120428,0.10754162847223758
95,95.0,94.93790881009448,0.08652193767726996,0.08717393485022362,0.07347206830831789,0.09112084341113481,0.07638191033843973,0.14651593914019576,0.09668149926439061,0.08824302625655983,0.14768621977788127,0.10620262097558651
96,96.0,95.94429358933806,0.08592345491246245,0.086903765967177,0.07416177910000046,0.08978419274074591,0.0776917305316006,0.14630374005246244,0.0979382509981252,0.08738044468749807,0.14748422572623401,0.10642841528369386
97,97.0,96.9505969547639,0.08522422203503836,0.08529390340668049,0.0735665712566728,0.08991924104862191,0.07819376055971827,0.14740138688229706,0.09914863915453856,0.08534549325565184,0.14846973892057463,0.10743704348020605
98,98.0,97.9567640140995,0.08578941846039528,0.08482938277542407,0.07430080802823576,0.08996613670601403,0.07972193104770743,0.14815673584820907,0.09695786166742805,0.08490709285605737,0.14725500457153964,0.10811562803898933
99,99.0,98.96274672736057,0.08404451180263459,0.08718307641636286,0.07341454369994688,0.08926194875255024,0.08019206454977466,0.14846788865169822,0.09815886886481699,0.08398028963269638,0.1485889354845861,0.10670787214493313
100,100.0,99.96850370202192,0.08752243770974806,0.08608202448261164,0.07476500899490102,0.08762556429160953,0.08054801991449614,0.147984523659315,0.0971109703382313,0.08270391299856326,0.14912489864664233,0.10653263896388177
101,101.0,100.97399994219691,0.09028850556352942,0.08635863434914806,0.07580398476335042,0.08754858568028284,0.08060996870625435,0.15009284506788662,0.09430485702142588,0.08118189165766942,0.147121260244744,0.10668946694570902
102,102.0,101.97920655893245,0.08922630807217703,0.08739450933588076,0.07436185842177152,0.08640636061615241,0.08080335044360101,0.15032929839620157,0.09463497028903961,0.07974845375954454,0.1490574150617527,0.10803747560387882
103,103.0,102.98410044840509,0.08934896924133885,0.08807567373625386,0.07594095366316396,0.0841779494720632,0.0809960155226265,0.1494631983048441,0.0945319214375508,0.08058834857762612,0.14924231585085165,0.10763465419368093
104,104.0,103.98866394444643,0.08761008635855398,0.08684332426465494,0.07789835615858338,0.08372287889228676,0.08042024539772263,0.1506506777766142,0.09664013989045687,0.08016635839099835,0.148765884039568,0.1072820488305609
105,105.0,104.99288445143917,0.0876587215055945,0.08884941255808132,0.07861059543112225,0.0831533434494916,0.0788766940326377,0.15210118215349533,0.09630303871702466,0.07954930026747427,0.14844492433983322,0.10645278754524515
106,106.0,105.99675406321822,0.08693736632620953,0.08872120968171368,0.07908935023411773,0.08519555178932128,0.08041476065835042,0.1504059667840453,0.09583627748836963,0.07716717167288589,0.1481312497046692,0.10810109566031728
107,107.0,107.0002691731872,0.08710820132992245,0.08685863655694516,0.07829976550883408,0.08706647045469958,0.07989206068011488,0.15021695981655997,0.09591480085018061,0.07559642831263477,0.15067461638344282,0.10837206010666564
108,108.0,108.0034300804274,0.08591203223474585,0.08596607047191253,0.07823545439204746,0.08562806157061191,0.07902981741541742,0.1522591842651605,0.09765874023021172,0.07706176243690417,0.14967613203107738,0.10857274495191106
109,109.0,109.00624059613932,0.08650006946771743,0.08403610515119339,0.07917235190459636,0.08762326316404487,0.07771300016850928,0.15020820441596872,0.09884044765321193,0.0791409872190361,0.1504114370927757,0.10635413376294621
110,110.0,110.00870765431864,0.08704602942966778,0.08314773231227696,0.07966659964790426,0.08573816115566038,0.07635005187847271,0.1509130261625718,0.09933254486119342,0.08114996181033404,0.15078312442535252,0.10587276831656615
111,111.0,111.01084093013685,0.0871867086103684,0.08159776549228437,0.08191754695181133,0.08666448293168796,0.07470165313032838,0.15173726791199915,0.09804896948705616,0.08198213615732455,0.15134914339790415,0.10481432592923554
112,112.0,112.01265246907188,0.08755954520172463,0.08082402374956925,0.08069019689053196,0.08652142596063665,0.07779110018328655,0.1498360450207642,0.09976250829158134,0.08370866265388419,0.14987809889235165,0.10342839315566955
113,113.0,113.01415632942268,0.08876069015977626,0.07821097823768379,0.08055793961967704,0.08652680880690483,0.07869242727243575,0.1510574080862533,0.10010244383650446,0.08375182149895267,0.1501154864479047,0.10222399603390714
114,114.0,114.01536824044418,0.08699158957354261,0.08088657065346802,0.08041403969958882,0.08833746844531185,0.07734344979706935,0.1498544646282528,0.10317009565019852,0.08263055179433956,0.14985861968989894,0.10051315006832945
115,115.0,115.01630527795908,0.08452705461311166,0.07957962281417684,0.0784240970955611,0.08912095013469042,0.07866486397076984,0.15072832997736085,0.10475415043977519,0.08434163670390181,0.14935094019131376,0.10050835405933842
116,116.0,116.0169855589429,0.08611524553890856,0.08067661757966693,0.07621426937697443,0.09039566875059946,0.08062051189257259,0.14821849316997823,0.10390346711882427,0.08357703038128621,0.14865803536225447,0.10162066082893476
117,117.0,117.01742795623892,0.0867015962734125,0.07907270295173688,0.07544701173123736,0.08990665227676523,0.08084957858639799,0.14879477916150635,0.10381229417753075,0.08347746060151967,0.150470159106112,0.10146776513378111
118,118.0,118.01765183424293,0.0854676289029824,0.08129706101768974,0.07422831336895096,0.0885427464561735,0.07994675312199223,0.14920361092921983,0.10235316523286585,0.08390977998131234,0.15153456773637242,0.10351637325244058
119,119.0,119.01767680610413,0.0866001851786532,0.07954470431977587,0.07628132019840642,0.08866526836414908,0.07706318294226827,0.14912912363529546,0.10078577146582006,0.0849676807641929,0.1529787644993575,0.10398399863208115
120,120.0,120.01752251271817,0.08513535002849856,0.08302576692531807,0.07463906624727076,0.08794451254336098,0.0767802954805328,0.14830774277455805,0.0994144329087249,0.08738940433760743,0.15341128074269783,0.10395214801143048
121,121.0,121.01720842354362,0.08633514667257863,0.08218625864712788,0.07515890780730208,0.08882383205204357,0.07609001787256556,0.14793741979955774,0.10140126188694734,0.08596329609563798,0.15199347727250026,0.10411038189373883
122,122.0,122.01675365905109,0.0854279434003941,0.0862723158026089,0.07327421880940564,0.09080696972651779,0.07391867243900575,0.14631482519657968,0.10247253860184709,0.08399320299752427,0.15352235701711106,0.10399695600900555
123,123.0,123.0161768344173,0.08487598319412401,0.08626048176945446,0.07182335836572074,0.09127384241180751,0.07509221190965923,0.14750267448165064,0.10371047044380806,0.08260714705350929,0.1528441348108893,0.1040096955593766
124,124.0,124.01549592390272,0.08578960669617346,0.08570455884994778,0.07134596366916748,0.09016275852465461,0.07489691446443496,0.14773768563753123,0.10180524440426011,0.08398960506670083,0.15242600305999227,0.10614165962713704
125,125.0,125.01472814520056,0.08801719564379692,0.08352995656656019,0.07326929116669033,0.08905298074943407,0.07510147631367593,0.14712366040830943,0.10233278248355111,0.0853548408505571,0.15025020130637465,0.10596761451105004
126,126.0,126.01388986291661,0.08945967461668868,0.08140675025397472,0.07571112380165974,0.08629257862920134,0.07723472289348299,0.14699307368803022,0.10221059931266141,0.08565750405265529,0.149286975837137,0.10574699691450844
127,127.0,127.0129965102319,0.09065904222051481,0.08120019086405003,0.07572469019937973,0.08494415582519856,0.07796834132916196,0.14844029813448945,0.10399080713929953,0.08644279347963942,0.14645368142255533,0.104175999385711
128,128.0,128.01206252771334,0.09119720334025462,0.08272429845674995,0.07624643975102804,0.08500683877543426,0.07674017103037611,0.14670010880682652,0.10374102603965554,0.08654214254063029,0.1465533242839858,0.1045484469750587
129,129.0,129.0111013181695,0.09147054914314776,0.08266857399328119,0.0764235695355745,0.08431018199418622,0.07631507864105007,0.14880189096501703,0.1022668078297784,0.08708568865935631,0.14658466090510336,0.104072998333505
130,130.0,130.01012521639834,0.09042963217600336,0.08425716511064582,0.07664449828648436,0.08516760768659794,0.07682618202708692,0.14724807817568766,0.10371148519341179,0.08790531369078261,0.144841006020626,0.10296903163267343
131,131.0,131.0091454726403,0.09252908681917257,0.08520909208383239,0.07408467116692637,0.08419381026347605,0.07617254905893991,0.1466023233968502,0.10536573769065437,0.09033677381889904,0.14348898431165857,0.10201697138959046
132,132.0,132.0081722485317,0.09196583234881506,0.08386852973798477,0.07405892443794088,0.08330785733520614,0.07748641949795386,0.1466504345277618,0.106396552353075,0.09101200283476359,0.1438457012257826,0.10140774570071621
133,133.0,133.00721462434865,0.09160736813931747,0.0835044098594506,0.0739482201458951,0.08571508110759431,0.07516795308223848,0.14528875446435202,0.1077200326897545,0.09038985265228078,0.14296732438945678,0.10369100346965986
134,134.0,134.0062806163404,0.09184842156146153,0.08455734373909332,0.07320409959772356,0.08544188871449784,0.07480626891157467,0.14522336460931223,0.10671792318375402,0.09006446431591371,0.14367406385524886,0.10446216151142014
135,135.0,135.00537720296956,0.08932123650054094,0.08448461568447442,0.07219270788786672,0.08559385880764765,0.07468962591066725,0.14412079351522192,0.10807890341316444,0.09153401129596853,0.14451789910080753,0.10546634788364054
136,136.0,136.00451035890612,0.08969303422547423,0.0828122859335473,0.069732435654931,0.08715083956985278,0.07536741538532382,0.1464134526877977,0.10732150732127758,0.08965798838667594,0.14546919023100205,0.10638185060411749
137,137.0,137.00368509565993,0.08780036071661895,0.0806169223432436,0.06936486362080627,0.08594261078994898,0.07579220945091292,0.14702634731076317,0.10538879154026135,0.09206689420003455,0.14826143948492768,0.10773956054248245
138,138.0,138.0029055077818,0.08820593525069165,0.08167893187895998,0.06807314284082706,0.08542961417590632,0.07700353533297974,0.14681067375973753,0.10694167688777767,0.09013503899571593,0.147974444213677,0.10774700666372702
139,139.0,139.00217482361367,0.08865208945626159,0.08063673928612257,0.06803534280724892,0.08314631766447653,0.07640319348385319,0.1484365680278056,0.10715570835053254,0.09014224085895077,0.148994255331697,0.10839754473305123
140,140.0,140.0014954596262,0.08814325304760331,0.08217529465380195,0.06759696607862099,0.08152665376506893,0.07887333576815136,0.14756728738591418,0.10713426786518253,0.08954990721878166,0.1487078575485184,0.10872517666835657
141,141.0,141.00086907744122,0.08832735254638908,0.08287185183975798,0.06788662550201936,0.08338394459274477,0.07843536266661048,0.14530523516869656,0.10726604210409106,0.0915658947341957,0.1469352187393961,0.10802247210609878
142,142.0,142.0002966427003,0.08533735570420771,0.08570594965855309,0.06788716531362537,0.08283658222165953,0.07780455494430465,0.14722802597812723,0.10755240155035964,0.09121799047538488,0.14240490169763342,0.11202507245614433
143,143.0,142.99977848500652,0.08550337332522333,0.08661185117027134,0.06777354186285618,0.08536903181909002,0.07642345557352591,0.14612920104771848,0.10601461543894336,0.08984227278254242,0.1438298886100033,0.11250276836982553
144,144.0,143.99931435823203,0.08441440633208772,0.08599392536953636,0.0694859823693689,0.08468248234501356,0.07620945213941459,0.14632860177466334,0.10715883765666805,0.09216737764126837,0.14192402328448941,0.11163491108748959
145,145.0,144.99890350055264,0.08294786282289972,0.08582914899729367,0.06712303551588744,0.08765057449674987,0.07462261863814182,0.14548438684614876,0.1077073670942116,0.09117353384054729,0.14383356357797372,0.11362790817014605
146,146.0,145.9985446936357,0.08030572033704765,0.08551319541317293,0.06663931166978257,0.08901877364680454,0.07227328696934442,0.14762537740812673,0.10757401135626374,0.0938941463708666,0.14309457276708773,0.11406160406150304
147,147.0,146.99823632047406,0.07996001597938794,0.08385889618242684,0.06366402228376081,0.09079061266982281,0.07390565062345143,0.14861055331008072,0.10627091955461311,0.09424756345517178,0.14446622201753334,0.11422554392375113
148,148.0,147.99797642142389,0.07908808869635371,0.0850574983749618,0.06372337781626776,0.09058094260050385,0.07311238811298813,0.14780460530946848,0.10875213132649854,0.0930601775344647,0.14528056330932726,0.11354022691916567
149,149.0,148.99776274806447,0.08098278426561435,0.08839063112793964,0.06400134553477888,0.08932977197334054,0.07279653729955733,0.14627205295495468,0.10646334418609,0.09330660129334967,0.1462463463571362,0.11221058500723861
150,150.0,149.99759281456036,0.08264695041968642,0.08928611812017179,0.06274495824494522,0.09154221870561735,0.07460320062477233,0.14505115988820458,0.1024861666390068,0.09300513702675896,0.14629833260486277,0.11233575772597373
151,151.0,150.99746394626104,0.08117229685207308,0.0885321994668051,0.06590442251981676,0.09033609168244891,0.07482608836174222,0.14728585046826598,0.09990291542329449,0.0925879569148596,0.1467111446996649,0.1127410336110289
152,152.0,151.99737332532905,0.08040276418545156,0.09103469813536438,0.06699244669778626,0.09209568572909235,0.07326682408578228,0.1467393841518643,0.09845386655854917,0.09263475242227694,0.1456277194148872,0.11275185861894547
153,153.0,152.99731803323698,0.07996073214890789,0.09272982786698765,0.0661324599572312,0.09321640403838592,0.07313022251805998,0.14721814569435884,0.09637637299796989,0.09579594969164251,0.14561017918297525,0.10982970590348085
154,154.0,153.99729509002177,0.07915664044911488,0.09363255953251012,0.06415231275265437,0.0946028239965527,0.07484626990667195,0.1465861986761812,0.09527126984096718,0.09661223013267735,0.14574697628093303,0.10939271843173717
155,155.0,154.99730149022784,0.07688616740101017,0.09592099105713943,0.06114295144786279,0.09596687227128685,0.07338161024852133,0.14792446233259846,0.0945023715036067,0.09677108727636709,0.14831524559356685,0.10918824086804027
156,156.0,155.99733423551103,0.0759348478886718,0.09435734271833979,0.06048870230458203,0.0981244997201271,0.07387858145806989,0.1483472896069292,0.09492510259016523,0.09504823313882661,0.15071103582859843,0.10818436474568986
157,157.0,156.99739036391077,0.07299227214786143,0.09267344147351687,0.058216070155645616,0.10004240744141332,0.0740501416176378,0.14997145638680617,0.09471688606288957,0.09824918012338042,0.15311624313317113,0.10597190145767763
158,158.0,157.99746697583146,0.07155186645274468,0.09488316762213363,0.05681172145852624,0.1013557335332967,0.07240665425944048,0.1507977943428539,0.09820548607591721,0.09829869641104005,0.15339175489889434,0.1022971249451527
159,159.0,158.99756125680176,0.06972098574899377,0.09450560480728028,0.06055719422953229,0.10120029455495141,0.07353407391680605,0.15136047274092407,0.09971469868517044,0.0967328632736129,0.15156878617260783,0.10110502587012092
160,160.0,159.997670497107,0.06928183089207027,0.09671800235062955,0.059375998390888515,0.10032727247922163,0.07322096557718537,0.15294746021514585,0.09997617108438347,0.0945584627237058,0.15198252391003175,0.10161131237673779
161,161.0,160.99779210841066,0.06749494377850543,0.09585769567679335,0.06035491798431114,0.09998925805698908,0.07273744491361712,0.1539167960987579,0.10003752007460893,0.0959937775996017,0.15052119819663198,0.10309644762018336
162,162.0,161.99792363749984,0.06866953294321007,0.09766518099091372,0.060202691154956245,0.10184641077670713,0.07168955273002142,0.15237634220627744,0.09825806413278414,0.09573563311839818,0.14935959778201174,0.10419699416471995
163,163.0,162.9980627773051,0.06965718638241528,0.09737649835455056,0.060084121370963625,0.10080895059995555,0.07228248479742055,0.15172994553255345,0.09696098530044375,0.09536122638955173,0.15074833377439434,0.10499026749775117
164,164.0,163.9982073753568,0.0704695353647003,0.09952113559483372,0.060898857493176944,0.10014559782527954,0.07056598560037904,0.15084421161991368,0.09657543939017177,0.0931922131797383,0.1515833250854385,0.10620369884636818
165,165.0,164.99835543984977,0.07092264621144016,0.1003541021042558,0.06187828920488062,0.1006280048506768,0.07081083816678223,0.15076415268740917,0.0955792901234809,0.09419507031853572,0.14855269149676695,0.10631491483577166
166,166.0,165.99850514349492,0.07253244500064765,0.1029674505357922,0.06304234231757834,0.10090521222796361,0.06916680994541984,0.15134161990256081,0.09387279471331082,0.09201652523091909,0.14841323261984246,0.10574156750596517
167,167.0,166.99865482534062,0.07490234328286705,0.10205738521458796,0.06362722093081055,0.09932037436953105,0.07497096380613526,0.1504945512746258,0.09258726376278825,0.09055915736088138,0.148408757661642,0.1030719823361307
168,168.0,167.99880299074837,0.0769163278258854,0.09989584907467955,0.0672068266639313,0.097294023372384,0.07267193993730285,0.15049477777382417,0.09557241142313116,0.08778413327230856,0.14846216840462778,0.1037015422519252
169,169.0,168.99894830970783,0.07725740716010136,0.10214517434210073,0.06794174967629084,0.09565440305320552,0.0722093865376529,0.1509537087652767,0.0953828104310037,0.08629960211849269,0.1475274940553102,0.10462826386056534
170,170.0,169.99908961367427,0.07615093640733542,0.10341613680726879,0.068601115872986,0.09553384276656705,0.07329754418486813,0.15139709244961475,0.09476369100796452,0.08791813204160612,0.14508501075519656,0.10383649770659266
171,171.0,170.99922589110733,0.07774934180825446,0.10188039842769044,0.06828568074844413,0.09552181942359064,0.07213958503243495,0.15192519676881755,0.09565121760709278,0.08510733917120536,0.1456270652146754,0.1061123557977943
172,172.0,171.99935628188598,0.07796911901062722,0.10085422539085517,0.07032286047961432,0.09263497817756186,0.07197736546513991,0.15331309382927022,0.09563719828804905,0.08291267282584376,0.1469829882508893,0.10739549828214914
173,173.0,172.99948007076793,0.07788634899794111,0.09834431710132202,0.06968114162117223,0.09360224685032889,0.07281325383658753,0.1557198690726869,0.09375432520126602,0.08305787032785257,0.1457764888242804,0.10936413816656229
174,174.0,173.99959668005403,0.07890304935980402,0.10113546628774747,0.06894245105109326,0.0928624618917769,0.07435328241141737,0.15529380620004302,0.0941584002671116,0.08051608726709515,0.1450091382568321,0.10882585700707909
175,175.0,174.99970566161096,0.0799917292599441,0.1017040887870448,0.06905320720501701,0.09192397274199221,0.07535738180519783,0.1544919040458678,0.09207835626591965,0.0822041821770035,0.14407596373996676,0.10911921397204626
