,Unnamed: 0,Total_iterations,Intertwine_two,Add_vertex,Delete_vertex,Invert_path_vertices,Insert_inside_vertex,Delete_inside_vertex
0,0.0,0.0,0.16666666666666669,0.16666666666666669,0.16666666666666669,0.16666666666666669,0.16666666666666669,0.16666666666666669
1,1.0,1.0,0.16666666666666669,0.16666666666666669,0.16666666666666669,0.16666666666666669,0.16666666666666669,0.16666666666666669
2,2.0,2.0,0.16666666666666669,0.16666666666666669,0.16666666666666669,0.16666666666666669,0.16666666666666669,0.16666666666666669
3,3.0,3.0,0.16666666666666669,0.16666666666666669,0.16666666666666669,0.16666666666666669,0.16666666666666669,0.16666666666666669
4,4.0,4.0,0.16666666666666669,0.16666666666666669,0.16666666666666669,0.16666666666666669,0.16666666666666669,0.16666666666666669
5,5.0,5.0,0.16666666666666669,0.16666666666666669,0.16666666666666669,0.16666666666666669,0.16666666666666669,0.16666666666666669
6,6.0,6.0,0.16666666666666669,0.16666666666666669,0.16666666666666669,0.16666666666666669,0.16666666666666669,0.16666666666666669
7,7.0,7.0,0.16666666666666669,0.16666666666666669,0.16666666666666669,0.16666666666666669,0.16666666666666669,0.16666666666666669
8,8.0,8.0,0.16666666666666669,0.16666666666666669,0.16666666666666669,0.16666666666666669,0.16666666666666669,0.16666666666666669
9,9.0,9.0,0.16666666666666669,0.16666666666666669,0.16666666666666669,0.16666666666666669,0.16666666666666669,0.16666666666666669
10,10.0,10.0,0.16666666666666669,0.16666666666666669,0.16666666666666669,0.16666666666666669,0.16666666666666669,0.16666666666666669
11,11.0,11.0,0.16666666666666669,0.16666666666666669,0.16666666666666669,0.16666666666666669,0.16666666666666669,0.16666666666666669
12,12.0,12.0,0.16666666666666669,0.16666666666666669,0.16666666666666669,0.16666666666666669,0.16666666666666669,0.16666666666666669
13,13.0,13.0,0.16666666666666669,0.16666666666666669,0.16666666666666669,0.16666666666666669,0.16666666666666669,0.16666666666666669
14,14.0,14.0,0.16666666666666669,0.16666666666666669,0.16666666666666669,0.16666666666666669,0.16666666666666669,0.16666666666666669
15,15.0,15.0,0.16666666666666669,0.16666666666666669,0.16666666666666669,0.16666666666666669,0.16666666666666669,0.16666666666666669
16,16.0,16.0,0.16666666666666669,0.16666666666666669,0.16666666666666669,0.16666666666666669,0.16666666666666669,0.16666666666666669
17,17.0,17.0,0.16666666666666669,0.16666666666666669,0.16666666666666669,0.16666666666666669,0.16666666666666669,0.16666666666666669
18,18.0,18.0,0.16666666666666669,0.16666666666666669,0.16666666666666669,0.16666666666666669,0.16666666666666669,0.16666666666666669
19,19.0,19.0,0.16666666666666669,0.16666666666666669,0.16666666666666669,0.16666666666666669,0.16666666666666669,0.16666666666666669
20,20.0,20.0,0.16666666666666669,0.16666666666666669,0.16666666666666669,0.16666666666666669,0.16666666666666669,0.16666666666666669
21,21.0,21.0,0.16666666666666669,0.16666666666666669,0.16666666666666669,0.16666666666666669,0.16666666666666669,0.16666666666666669
22,22.0,22.0,0.16666666666666669,0.16666666666666669,0.16666666666666669,0.16666666666666669,0.16666666666666669,0.16666666666666669
23,23.0,23.0,0.16666666666666669,0.16666666666666669,0.16666666666666669,0.16666666666666669,0.16666666666666669,0.16666666666666669
24,24.0,24.0,0.16666666666666669,0.16666666666666669,0.16666666666666669,0.16666666666666669,0.16666666666666669,0.16666666666666669
25,25.0,25.0,0.16666666666666669,0.16666666666666669,0.16666666666666669,0.16666666666666669,0.16666666666666669,0.16666666666666669
26,26.0,26.0,0.16666666666666669,0.16666666666666669,0.16666666666666669,0.16666666666666669,0.16666666666666669,0.16666666666666669
27,27.0,27.0,0.16666666666666669,0.16666666666666669,0.16666666666666669,0.16666666666666669,0.16666666666666669,0.16666666666666669
28,28.0,28.0,0.16666666666666669,0.16666666666666669,0.16666666666666669,0.16666666666666669,0.16666666666666669,0.16666666666666669
29,29.0,29.0,0.16666666666666669,0.16666666666666669,0.16666666666666669,0.16666666666666669,0.16666666666666669,0.16666666666666669
30,30.0,30.0,0.16666666666666669,0.16666666666666669,0.16666666666666669,0.16666666666666669,0.16666666666666669,0.16666666666666669
31,31.0,31.0,0.16666666666666669,0.16666666666666669,0.16666666666666669,0.16666666666666669,0.16666666666666669,0.16666666666666669
32,32.0,32.0,0.16666666666666669,0.16666666666666669,0.16666666666666669,0.16666666666666669,0.16666666666666669,0.16666666666666669
33,33.0,33.0,0.16666666666666669,0.16666666666666669,0.16666666666666669,0.16666666666666669,0.16666666666666669,0.16666666666666669
34,34.0,34.0,0.16666666666666669,0.16666666666666669,0.16666666666666669,0.16666666666666669,0.16666666666666669,0.16666666666666669
35,35.0,35.0,0.16666666666666669,0.16666666666666669,0.16666666666666669,0.16666666666666669,0.16666666666666669,0.16666666666666669
36,36.0,36.0,0.16666666666666669,0.16666666666666669,0.16666666666666669,0.16666666666666669,0.16666666666666669,0.16666666666666669
37,37.0,37.0,0.16666666666666669,0.16666666666666669,0.16666666666666669,0.16666666666666669,0.16666666666666669,0.16666666666666669
38,38.0,38.0,0.16666666666666669,0.16666666666666669,0.16666666666666669,0.16666666666666669,0.16666666666666669,0.16666666666666669
39,39.0,39.0,0.16666666666666669,0.16666666666666669,0.16666666666666669,0.16666666666666669,0.16666666666666669,0.16666666666666669
40,40.0,40.0,0.16666666666666669,0.16666666666666669,0.16666666666666669,0.16666666666666669,0.16666666666666669,0.16666666666666669
41,41.0,41.0,0.16666666666666669,0.16666666666666669,0.16666666666666669,0.16666666666666669,0.16666666666666669,0.16666666666666669
42,42.0,42.0,0.16666666666666669,0.16666666666666669,0.16666666666666669,0.16666666666666669,0.16666666666666669,0.16666666666666669
43,43.0,43.0,0.16666666666666669,0.16666666666666669,0.16666666666666669,0.16666666666666669,0.16666666666666669,0.16666666666666669
44,44.0,44.0,0.16666666666666669,0.16666666666666669,0.16666666666666669,0.16666666666666669,0.16666666666666669,0.16666666666666669
45,45.0,45.0,0.16666666666666669,0.16666666666666669,0.16666666666666669,0.16666666666666669,0.16666666666666669,0.16666666666666669
46,46.0,46.0,0.16666666666666669,0.16666666666666669,0.16666666666666669,0.16666666666666669,0.16666666666666669,0.16666666666666669
47,47.0,47.0,0.16666666666666669,0.16666666666666669,0.16666666666666669,0.16666666666666669,0.16666666666666669,0.16666666666666669
48,48.0,48.0,0.16666666666666669,0.16666666666666669,0.16666666666666669,0.16666666666666669,0.16666666666666669,0.16666666666666669
49,49.0,49.0,0.16666666666666669,0.16666666666666669,0.16666666666666669,0.16666666666666669,0.16666666666666669,0.16666666666666669
50,50.0,50.0,0.16666666666666669,0.16666666666666669,0.16666666666666669,0.16666666666666669,0.16666666666666669,0.16666666666666669
51,51.0,51.0,0.16666666666666669,0.16666666666666669,0.16666666666666669,0.16666666666666669,0.16666666666666669,0.16666666666666669
52,52.0,52.0,0.16666666666666669,0.16666666666666669,0.16666666666666669,0.16666666666666669,0.16666666666666669,0.16666666666666669
53,53.0,53.0,0.16666666666666669,0.16666666666666669,0.16666666666666669,0.16666666666666669,0.16666666666666669,0.16666666666666669
54,54.0,54.0,0.16666666666666669,0.16666666666666669,0.16666666666666669,0.16666666666666669,0.16666666666666669,0.16666666666666669
55,55.0,55.0,0.16666666666666669,0.16666666666666669,0.16666666666666669,0.16666666666666669,0.16666666666666669,0.16666666666666669
56,56.0,56.0,0.16666666666666669,0.16666666666666669,0.16666666666666669,0.16666666666666669,0.16666666666666669,0.16666666666666669
57,57.0,57.0,0.16666666666666669,0.16666666666666669,0.16666666666666669,0.16666666666666669,0.16666666666666669,0.16666666666666669
58,58.0,58.0,0.16666666666666669,0.16666666666666669,0.16666666666666669,0.16666666666666669,0.16666666666666669,0.16666666666666669
59,59.0,59.0,0.16666666666666669,0.16666666666666669,0.16666666666666669,0.16666666666666669,0.16666666666666669,0.16666666666666669
60,60.0,60.0,0.16666666666666669,0.16666666666666669,0.16666666666666669,0.16666666666666669,0.16666666666666669,0.16666666666666669
61,61.0,61.0,0.16666666666666669,0.16666666666666669,0.16666666666666669,0.16666666666666669,0.16666666666666669,0.16666666666666669
62,62.0,62.0,0.16666666666666669,0.16666666666666669,0.16666666666666669,0.16666666666666669,0.16666666666666669,0.16666666666666669
63,63.0,63.0,0.16666666666666669,0.16666666666666669,0.16666666666666669,0.16666666666666669,0.16666666666666669,0.16666666666666669
64,64.0,64.0,0.16666666666666669,0.16666666666666669,0.16666666666666669,0.16666666666666669,0.16666666666666669,0.16666666666666669
65,65.0,65.0,0.16666666666666669,0.16666666666666669,0.16666666666666669,0.16666666666666669,0.16666666666666669,0.16666666666666669
66,66.0,66.0,0.16666666666666669,0.16666666666666669,0.16666666666666669,0.16666666666666669,0.16666666666666669,0.16666666666666669
67,67.0,67.0,0.16666666666666669,0.16666666666666669,0.16666666666666669,0.16666666666666669,0.16666666666666669,0.16666666666666669
68,68.0,68.0,0.16666666666666669,0.16666666666666669,0.16666666666666669,0.16666666666666669,0.16666666666666669,0.16666666666666669
69,69.0,69.0,0.16666666666666669,0.16666666666666669,0.16666666666666669,0.16666666666666669,0.16666666666666669,0.16666666666666669
70,70.0,70.0,0.16666666666666669,0.16666666666666669,0.16666666666666669,0.16666666666666669,0.16666666666666669,0.16666666666666669
71,71.0,71.0,0.16666666666666669,0.16666666666666669,0.16666666666666669,0.16666666666666669,0.16666666666666669,0.16666666666666669
72,72.0,72.0,0.16666666666666669,0.16666666666666669,0.16666666666666669,0.16666666666666669,0.16666666666666669,0.16666666666666669
73,73.0,73.0,0.16666666666666669,0.16666666666666669,0.16666666666666669,0.16666666666666669,0.16666666666666669,0.16666666666666669
74,74.0,74.0,0.16666666666666669,0.16666666666666669,0.16666666666666669,0.16666666666666669,0.16666666666666669,0.16666666666666669
75,75.0,75.0,0.16666666666666669,0.16666666666666669,0.16666666666666669,0.16666666666666669,0.16666666666666669,0.16666666666666669
76,76.0,76.0,0.16666666666666669,0.16666666666666669,0.16666666666666669,0.16666666666666669,0.16666666666666669,0.16666666666666669
77,77.0,77.0,0.16666666666666669,0.16666666666666669,0.16666666666666669,0.16666666666666669,0.16666666666666669,0.16666666666666669
78,78.0,78.0,0.16666666666666669,0.16666666666666669,0.16666666666666669,0.16666666666666669,0.16666666666666669,0.16666666666666669
79,79.0,79.0,0.16666666666666669,0.16666666666666669,0.16666666666666669,0.16666666666666669,0.16666666666666669,0.16666666666666669
80,80.0,80.0,0.16666666666666669,0.16666666666666669,0.16666666666666669,0.16666666666666669,0.16666666666666669,0.16666666666666669
81,81.0,81.0,0.16666666666666669,0.16666666666666669,0.16666666666666669,0.16666666666666669,0.16666666666666669,0.16666666666666669
82,82.0,82.0,0.16666666666666669,0.16666666666666669,0.16666666666666669,0.16666666666666669,0.16666666666666669,0.16666666666666669
83,83.0,83.0,0.16666666666666669,0.16666666666666669,0.16666666666666669,0.16666666666666669,0.16666666666666669,0.16666666666666669
84,84.0,84.0,0.16666666666666669,0.16666666666666669,0.16666666666666669,0.16666666666666669,0.16666666666666669,0.16666666666666669
85,85.0,85.0,0.16666666666666669,0.16666666666666669,0.16666666666666669,0.16666666666666669,0.16666666666666669,0.16666666666666669
86,86.0,86.0,0.16666666666666669,0.16666666666666669,0.16666666666666669,0.16666666666666669,0.16666666666666669,0.16666666666666669
87,87.0,87.0,0.16666666666666669,0.16666666666666669,0.16666666666666669,0.16666666666666669,0.16666666666666669,0.16666666666666669
88,88.0,88.0,0.16666666666666669,0.16666666666666669,0.16666666666666669,0.16666666666666669,0.16666666666666669,0.16666666666666669
89,89.0,89.0,0.16666666666666669,0.16666666666666669,0.16666666666666669,0.16666666666666669,0.16666666666666669,0.16666666666666669
90,90.0,90.0,0.16666666666666669,0.16666666666666669,0.16666666666666669,0.16666666666666669,0.16666666666666669,0.16666666666666669
91,91.0,91.0,0.16666666666666669,0.16666666666666669,0.16666666666666669,0.16666666666666669,0.16666666666666669,0.16666666666666669
92,92.0,92.0,0.16666666666666669,0.16666666666666669,0.16666666666666669,0.16666666666666669,0.16666666666666669,0.16666666666666669
93,93.0,93.0,0.16666666666666669,0.16666666666666669,0.16666666666666669,0.16666666666666669,0.16666666666666669,0.16666666666666669
94,94.0,94.0,0.16666666666666669,0.16666666666666669,0.16666666666666669,0.16666666666666669,0.16666666666666669,0.16666666666666669
95,95.0,95.0,0.16666666666666669,0.16666666666666669,0.16666666666666669,0.16666666666666669,0.16666666666666669,0.16666666666666669
96,96.0,96.0,0.16666666666666669,0.16666666666666669,0.16666666666666669,0.16666666666666669,0.16666666666666669,0.16666666666666669
97,97.0,97.0,0.16666666666666669,0.16666666666666669,0.16666666666666669,0.16666666666666669,0.16666666666666669,0.16666666666666669
98,98.0,98.0,0.16666666666666669,0.16666666666666669,0.16666666666666669,0.16666666666666669,0.16666666666666669,0.16666666666666669
99,99.0,99.0,0.16666666666666669,0.16666666666666669,0.16666666666666669,0.16666666666666669,0.16666666666666669,0.16666666666666669
100,100.0,100.0,0.16666666666666669,0.16666666666666669,0.16666666666666669,0.16666666666666669,0.16666666666666669,0.16666666666666669
101,101.0,101.0,0.16666666666666669,0.16666666666666669,0.16666666666666669,0.16666666666666669,0.16666666666666669,0.16666666666666669
102,102.0,102.0,0.16666666666666669,0.16666666666666669,0.16666666666666669,0.16666666666666669,0.16666666666666669,0.16666666666666669
103,103.0,103.0,0.16666666666666669,0.16666666666666669,0.16666666666666669,0.16666666666666669,0.16666666666666669,0.16666666666666669
104,104.0,104.0,0.16666666666666669,0.16666666666666669,0.16666666666666669,0.16666666666666669,0.16666666666666669,0.16666666666666669
105,105.0,105.0,0.16666666666666669,0.16666666666666669,0.16666666666666669,0.16666666666666669,0.16666666666666669,0.16666666666666669
106,106.0,106.0,0.16666666666666669,0.16666666666666669,0.16666666666666669,0.16666666666666669,0.16666666666666669,0.16666666666666669
107,107.0,107.0,0.16666666666666669,0.16666666666666669,0.16666666666666669,0.16666666666666669,0.16666666666666669,0.16666666666666669
108,108.0,108.0,0.16666666666666669,0.16666666666666669,0.16666666666666669,0.16666666666666669,0.16666666666666669,0.16666666666666669
109,109.0,109.0,0.16666666666666669,0.16666666666666669,0.16666666666666669,0.16666666666666669,0.16666666666666669,0.16666666666666669
110,110.0,110.0,0.16666666666666669,0.16666666666666669,0.16666666666666669,0.16666666666666669,0.16666666666666669,0.16666666666666669
111,111.0,111.0,0.16666666666666669,0.16666666666666669,0.16666666666666669,0.16666666666666669,0.16666666666666669,0.16666666666666669
112,112.0,112.0,0.16666666666666669,0.16666666666666669,0.16666666666666669,0.16666666666666669,0.16666666666666669,0.16666666666666669
113,113.0,113.0,0.16666666666666669,0.16666666666666669,0.16666666666666669,0.16666666666666669,0.16666666666666669,0.16666666666666669
114,114.0,114.0,0.16666666666666669,0.16666666666666669,0.16666666666666669,0.16666666666666669,0.16666666666666669,0.16666666666666669
115,115.0,115.0,0.16666666666666669,0.16666666666666669,0.16666666666666669,0.16666666666666669,0.16666666666666669,0.16666666666666669
116,116.0,116.0,0.16666666666666669,0.16666666666666669,0.16666666666666669,0.16666666666666669,0.16666666666666669,0.16666666666666669
117,117.0,117.0,0.16666666666666669,0.16666666666666669,0.16666666666666669,0.16666666666666669,0.16666666666666669,0.16666666666666669
118,118.0,118.0,0.16666666666666669,0.16666666666666669,0.16666666666666669,0.16666666666666669,0.16666666666666669,0.16666666666666669
119,119.0,119.0,0.16666666666666669,0.16666666666666669,0.16666666666666669,0.16666666666666669,0.16666666666666669,0.16666666666666669
120,120.0,120.0,0.16666666666666669,0.16666666666666669,0.16666666666666669,0.16666666666666669,0.16666666666666669,0.16666666666666669
121,121.0,121.0,0.16666666666666669,0.16666666666666669,0.16666666666666669,0.16666666666666669,0.16666666666666669,0.16666666666666669
122,122.0,122.0,0.16666666666666669,0.16666666666666669,0.16666666666666669,0.16666666666666669,0.16666666666666669,0.16666666666666669
123,123.0,123.0,0.16666666666666669,0.16666666666666669,0.16666666666666669,0.16666666666666669,0.16666666666666669,0.16666666666666669
124,124.0,124.0,0.16666666666666669,0.16666666666666669,0.16666666666666669,0.16666666666666669,0.16666666666666669,0.16666666666666669
125,125.0,125.0,0.16666666666666669,0.16666666666666669,0.16666666666666669,0.16666666666666669,0.16666666666666669,0.16666666666666669
126,126.0,126.0,0.16666666666666669,0.16666666666666669,0.16666666666666669,0.16666666666666669,0.16666666666666669,0.16666666666666669
127,127.0,127.0,0.16666666666666669,0.16666666666666669,0.16666666666666669,0.16666666666666669,0.16666666666666669,0.16666666666666669
128,128.0,128.0,0.16666666666666669,0.16666666666666669,0.16666666666666669,0.16666666666666669,0.16666666666666669,0.16666666666666669
129,129.0,129.0,0.16666666666666669,0.16666666666666669,0.16666666666666669,0.16666666666666669,0.16666666666666669,0.16666666666666669
130,130.0,130.0,0.16666666666666669,0.16666666666666669,0.16666666666666669,0.16666666666666669,0.16666666666666669,0.16666666666666669
131,131.0,131.0,0.16666666666666669,0.16666666666666669,0.16666666666666669,0.16666666666666669,0.16666666666666669,0.16666666666666669
132,132.0,132.0,0.16666666666666669,0.16666666666666669,0.16666666666666669,0.16666666666666669,0.16666666666666669,0.16666666666666669
133,133.0,133.0,0.16666666666666669,0.16666666666666669,0.16666666666666669,0.16666666666666669,0.16666666666666669,0.16666666666666669
134,134.0,134.0,0.16666666666666669,0.16666666666666669,0.16666666666666669,0.16666666666666669,0.16666666666666669,0.16666666666666669
135,135.0,135.0,0.16666666666666669,0.16666666666666669,0.16666666666666669,0.16666666666666669,0.16666666666666669,0.16666666666666669
136,136.0,136.0,0.16666666666666669,0.16666666666666669,0.16666666666666669,0.16666666666666669,0.16666666666666669,0.16666666666666669
137,137.0,137.0,0.16666666666666669,0.16666666666666669,0.16666666666666669,0.16666666666666669,0.16666666666666669,0.16666666666666669
138,138.0,138.0,0.16666666666666669,0.16666666666666669,0.16666666666666669,0.16666666666666669,0.16666666666666669,0.16666666666666669
139,139.0,139.0,0.16666666666666669,0.16666666666666669,0.16666666666666669,0.16666666666666669,0.16666666666666669,0.16666666666666669
140,140.0,140.0,0.16666666666666669,0.16666666666666669,0.16666666666666669,0.16666666666666669,0.16666666666666669,0.16666666666666669
141,141.0,141.0,0.16666666666666669,0.16666666666666669,0.16666666666666669,0.16666666666666669,0.16666666666666669,0.16666666666666669
142,142.0,142.0,0.16666666666666669,0.16666666666666669,0.16666666666666669,0.16666666666666669,0.16666666666666669,0.16666666666666669
143,143.0,143.0,0.16666666666666669,0.16666666666666669,0.16666666666666669,0.16666666666666669,0.16666666666666669,0.16666666666666669
144,144.0,144.0,0.16666666666666669,0.16666666666666669,0.16666666666666669,0.16666666666666669,0.16666666666666669,0.16666666666666669
145,145.0,145.0,0.16666666666666669,0.16666666666666669,0.16666666666666669,0.16666666666666669,0.16666666666666669,0.16666666666666669
146,146.0,146.0,0.16666666666666669,0.16666666666666669,0.16666666666666669,0.16666666666666669,0.16666666666666669,0.16666666666666669
147,147.0,147.0,0.16666666666666669,0.16666666666666669,0.16666666666666669,0.16666666666666669,0.16666666666666669,0.16666666666666669
148,148.0,148.0,0.16666666666666669,0.16666666666666669,0.16666666666666669,0.16666666666666669,0.16666666666666669,0.16666666666666669
149,149.0,149.0,0.16666666666666669,0.16666666666666669,0.16666666666666669,0.16666666666666669,0.16666666666666669,0.16666666666666669
150,150.0,150.0,0.16666666666666669,0.16666666666666669,0.16666666666666669,0.16666666666666669,0.16666666666666669,0.16666666666666669
151,151.0,151.0,0.16666666666666669,0.16666666666666669,0.16666666666666669,0.16666666666666669,0.16666666666666669,0.16666666666666669
152,152.0,152.0,0.16666666666666669,0.16666666666666669,0.16666666666666669,0.16666666666666669,0.16666666666666669,0.16666666666666669
153,153.0,153.0,0.16666666666666669,0.16666666666666669,0.16666666666666669,0.16666666666666669,0.16666666666666669,0.16666666666666669
154,154.0,154.0,0.16666666666666669,0.16666666666666669,0.16666666666666669,0.16666666666666669,0.16666666666666669,0.16666666666666669
155,155.0,155.0,0.16666666666666669,0.16666666666666669,0.16666666666666669,0.16666666666666669,0.16666666666666669,0.16666666666666669
156,156.0,156.0,0.16666666666666669,0.16666666666666669,0.16666666666666669,0.16666666666666669,0.16666666666666669,0.16666666666666669
157,157.0,157.0,0.16666666666666669,0.16666666666666669,0.16666666666666669,0.16666666666666669,0.16666666666666669,0.16666666666666669
158,158.0,158.0,0.16666666666666669,0.16666666666666669,0.16666666666666669,0.16666666666666669,0.16666666666666669,0.16666666666666669
159,159.0,159.0,0.16666666666666669,0.16666666666666669,0.16666666666666669,0.16666666666666669,0.16666666666666669,0.16666666666666669
160,160.0,160.0,0.16666666666666669,0.16666666666666669,0.16666666666666669,0.16666666666666669,0.16666666666666669,0.16666666666666669
161,161.0,161.0,0.16666666666666669,0.16666666666666669,0.16666666666666669,0.16666666666666669,0.16666666666666669,0.16666666666666669
162,162.0,162.0,0.16666666666666669,0.16666666666666669,0.16666666666666669,0.16666666666666669,0.16666666666666669,0.16666666666666669
163,163.0,163.0,0.16666666666666669,0.16666666666666669,0.16666666666666669,0.16666666666666669,0.16666666666666669,0.16666666666666669
164,164.0,164.0,0.16666666666666669,0.16666666666666669,0.16666666666666669,0.16666666666666669,0.16666666666666669,0.16666666666666669
165,165.0,165.0,0.16666666666666669,0.16666666666666669,0.16666666666666669,0.16666666666666669,0.16666666666666669,0.16666666666666669
166,166.0,166.0,0.16666666666666669,0.16666666666666669,0.16666666666666669,0.16666666666666669,0.16666666666666669,0.16666666666666669
167,167.0,167.0,0.16666666666666669,0.16666666666666669,0.16666666666666669,0.16666666666666669,0.16666666666666669,0.16666666666666669
168,168.0,168.0,0.16666666666666669,0.16666666666666669,0.16666666666666669,0.16666666666666669,0.16666666666666669,0.16666666666666669
169,169.0,169.0,0.16666666666666669,0.16666666666666669,0.16666666666666669,0.16666666666666669,0.16666666666666669,0.16666666666666669
170,170.0,170.0,0.16666666666666669,0.16666666666666669,0.16666666666666669,0.16666666666666669,0.16666666666666669,0.16666666666666669
171,171.0,171.0,0.16666666666666669,0.16666666666666669,0.16666666666666669,0.16666666666666669,0.16666666666666669,0.16666666666666669
172,172.0,172.0,0.16666666666666669,0.16666666666666669,0.16666666666666669,0.16666666666666669,0.16666666666666669,0.16666666666666669
173,173.0,173.0,0.16666666666666669,0.16666666666666669,0.16666666666666669,0.16666666666666669,0.16666666666666669,0.16666666666666669
174,174.0,174.0,0.16666666666666669,0.16666666666666669,0.16666666666666669,0.16666666666666669,0.16666666666666669,0.16666666666666669
175,175.0,175.0,0.16666666666666669,0.16666666666666669,0.16666666666666669,0.16666666666666669,0.16666666666666669,0.16666666666666669
176,176.0,176.0,0.16666666666666669,0.16666666666666669,0.16666666666666669,0.16666666666666669,0.16666666666666669,0.16666666666666669
177,177.0,177.0,0.16666666666666669,0.16666666666666669,0.16666666666666669,0.16666666666666669,0.16666666666666669,0.16666666666666669
178,178.0,178.0,0.16666666666666669,0.16666666666666669,0.16666666666666669,0.16666666666666669,0.16666666666666669,0.16666666666666669
179,179.0,179.0,0.16666666666666669,0.16666666666666669,0.16666666666666669,0.16666666666666669,0.16666666666666669,0.16666666666666669
180,180.0,180.0,0.16666666666666669,0.16666666666666669,0.16666666666666669,0.16666666666666669,0.16666666666666669,0.16666666666666669
181,181.0,181.0,0.16666666666666669,0.16666666666666669,0.16666666666666669,0.16666666666666669,0.16666666666666669,0.16666666666666669
182,182.0,182.0,0.16666666666666669,0.16666666666666669,0.16666666666666669,0.16666666666666669,0.16666666666666669,0.16666666666666669
183,183.0,183.0,0.16666666666666669,0.16666666666666669,0.16666666666666669,0.16666666666666669,0.16666666666666669,0.16666666666666669
184,184.0,184.0,0.16666666666666669,0.16666666666666669,0.16666666666666669,0.16666666666666669,0.16666666666666669,0.16666666666666669
185,185.0,185.0,0.16666666666666669,0.16666666666666669,0.16666666666666669,0.16666666666666669,0.16666666666666669,0.16666666666666669
186,186.0,186.0,0.16666666666666669,0.16666666666666669,0.16666666666666669,0.16666666666666669,0.16666666666666669,0.16666666666666669
187,187.0,187.0,0.16666666666666669,0.16666666666666669,0.16666666666666669,0.16666666666666669,0.16666666666666669,0.16666666666666669
188,188.0,188.0,0.16666666666666669,0.16666666666666669,0.16666666666666669,0.16666666666666669,0.16666666666666669,0.16666666666666669
189,189.0,189.0,0.16666666666666669,0.16666666666666669,0.16666666666666669,0.16666666666666669,0.16666666666666669,0.16666666666666669
190,190.0,190.0,0.16666666666666669,0.16666666666666669,0.16666666666666669,0.16666666666666669,0.16666666666666669,0.16666666666666669
191,191.0,191.0,0.16666666666666669,0.16666666666666669,0.16666666666666669,0.16666666666666669,0.16666666666666669,0.16666666666666669
192,192.0,192.0,0.16666666666666669,0.16666666666666669,0.16666666666666669,0.16666666666666669,0.16666666666666669,0.16666666666666669
193,193.0,193.0,0.16666666666666669,0.16666666666666669,0.16666666666666669,0.16666666666666669,0.16666666666666669,0.16666666666666669
194,194.0,194.0,0.16666666666666669,0.16666666666666669,0.16666666666666669,0.16666666666666669,0.16666666666666669,0.16666666666666669
195,195.0,195.0,0.16666666666666669,0.16666666666666669,0.16666666666666669,0.16666666666666669,0.16666666666666669,0.16666666666666669
196,196.0,196.0,0.16666666666666669,0.16666666666666669,0.16666666666666669,0.16666666666666669,0.16666666666666669,0.16666666666666669
197,197.0,197.0,0.16666666666666669,0.16666666666666669,0.16666666666666669,0.16666666666666669,0.16666666666666669,0.16666666666666669
198,198.0,198.0,0.16666666666666669,0.16666666666666669,0.16666666666666669,0.16666666666666669,0.16666666666666669,0.16666666666666669
199,199.0,199.0,0.16666666666666669,0.16666666666666669,0.16666666666666669,0.16666666666666669,0.16666666666666669,0.16666666666666669
200,200.0,200.0,0.16650485436893206,0.16747572815533981,0.16650485436893206,0.16650485436893206,0.16650485436893206,0.16650485436893206
201,201.0,201.0,0.16174294960702726,0.16271382339343504,0.17602866389274158,0.17602866389274158,0.16174294960702726,0.16174294960702726
202,202.0,202.0,0.16174294960702726,0.16271382339343504,0.17602866389274158,0.17602866389274158,0.16174294960702726,0.16174294960702726
203,203.0,203.0,0.16174294960702726,0.16271382339343504,0.17602866389274158,0.17602866389274158,0.16174294960702726,0.16174294960702726
204,204.0,204.0,0.15869872701555868,0.16067892503536066,0.17397454031117396,0.17298444130127297,0.16067892503536066,0.17298444130127297
205,205.0,205.0,0.1563177746346063,0.17258368694012258,0.17159358793022159,0.1706034889203206,0.1582979726544083,0.1706034889203206
206,206.0,206.0,0.1563177746346063,0.17258368694012258,0.17159358793022159,0.1706034889203206,0.1582979726544083,0.1706034889203206
207,207.0,207.0,0.16703206034889204,0.16901225836869402,0.1698078736445073,0.16881777463460632,0.156512258368694,0.16881777463460632
208,208.0,208.0,0.16703206034889204,0.16901225836869402,0.1698078736445073,0.16881777463460632,0.156512258368694,0.16881777463460632
209,209.0,209.0,0.16703206034889204,0.16901225836869402,0.1698078736445073,0.16881777463460632,0.156512258368694,0.16881777463460632
210,210.0,210.0,0.1664965986394558,0.1685374149659864,0.17032312925170068,0.16930272108843533,0.1560374149659864,0.16930272108843536
211,211.0,211.0,0.1664965986394558,0.1685374149659864,0.17032312925170068,0.16930272108843533,0.1560374149659864,0.16930272108843536
212,212.0,212.0,0.1664965986394558,0.1685374149659864,0.17032312925170068,0.16930272108843533,0.1560374149659864,0.16930272108843536
213,213.0,213.0,0.1641156462585034,0.166156462585034,0.1822278911564626,0.16692176870748296,0.15365646258503401,0.16692176870748296
214,214.0,214.0,0.16160714285714287,0.16473214285714285,0.17901785714285717,0.1644345238095238,0.16473214285714285,0.16547619047619047
215,215.0,215.0,0.15089285714285713,0.15401785714285715,0.18080357142857145,0.1662202380952381,0.18080357142857142,0.16726190476190475
216,216.0,216.0,0.15089285714285713,0.15401785714285715,0.18080357142857145,0.16726190476190475,0.17976190476190476,0.16726190476190475
217,217.0,217.0,0.14950396825396822,0.15262896825396824,0.17802579365079363,0.16587301587301587,0.1880952380952381,0.16587301587301587
218,218.0,218.0,0.14601190476190476,0.14913690476190475,0.1877083333333333,0.17238095238095238,0.18238095238095237,0.16238095238095238
219,219.0,219.0,0.14510281385281384,0.15731872294372293,0.1858901515151515,0.17056277056277053,0.17965367965367965,0.16147186147186146
220,220.0,220.0,0.14331709956709954,0.15553300865800862,0.19481872294372296,0.1830627705627706,0.16358225108225108,0.15968614718614718
221,221.0,221.0,0.14331709956709954,0.15553300865800862,0.19481872294372296,0.1830627705627706,0.16358225108225108,0.15968614718614718
222,222.0,222.0,0.15760281385281383,0.15553300865800862,0.19481872294372296,0.16877705627705628,0.16358225108225108,0.15968614718614718
223,223.0,223.0,0.15403138528138527,0.15374729437229434,0.19303300865800868,0.179491341991342,0.1617965367965368,0.1579004329004329
224,224.0,224.0,0.1512536075036075,0.15235840548340546,0.20275523088023087,0.1767135642135642,0.16040764790764792,0.15651154401154402
225,225.0,225.0,0.15950181538891217,0.15074326211422986,0.20002897639994416,0.17395370758273984,0.15875890238793466,0.15701333612623936
226,226.0,226.0,0.16586545175254855,0.14983417120513892,0.19821079458176233,0.17213552576455804,0.15784981147884375,0.15610424521714844
227,227.0,227.0,0.16439359028068706,0.16355711492808267,0.2076480240189918,0.17157275520178747,0.13819613182516405,0.15463238374528696
228,228.0,228.0,0.16348449937159615,0.16173893310990087,0.20492075129171905,0.16975457338360567,0.13728704091607316,0.16281420192710513
229,229.0,229.0,0.16093073593073595,0.15964452214452213,0.1944222444222444,0.17972444222444223,0.13585581085581083,0.16942224442224443
230,230.0,230.0,0.18036420101637493,0.15868388857519294,0.1934735554300772,0.16375635234330885,0.13491906644080556,0.16880293619424055
231,231.0,231.0,0.18127329192546585,0.16050207039337475,0.1962008281573499,0.16557453416149068,0.13582815734989645,0.16062111801242238
232,232.0,232.0,0.1932249513771253,0.15173944413074844,0.1879179998745216,0.1568119078988644,0.12936351088525,0.18094218583349014
233,233.0,233.0,0.2015582847104586,0.15035055524185956,0.1865291109856327,0.15542301900997552,0.1279746219963611,0.17816440805571238
234,234.0,234.0,0.2193360624882364,0.13812833301963734,0.18541799987452162,0.1543119078988644,0.12686351088525,0.17594218583349017
235,235.0,235.0,0.2193360624882364,0.15241404730535163,0.18541799987452162,0.1543119078988644,0.12686351088525,0.16165647154777588
236,236.0,236.0,0.23448757763975153,0.1564544513457557,0.18036749482401654,0.13613008971704624,0.128883712905452,0.1636766735679779
237,237.0,237.0,0.23603519668737055,0.14954968944099378,0.18524844720496897,0.1446221532091097,0.1248757763975155,0.15966873706004142
238,238.0,238.0,0.22936853002070393,0.1506608005521049,0.18635955831608006,0.14573326432022082,0.1259868875086266,0.16189095928226366
239,239.0,239.0,0.22755034820252212,0.15793352782483214,0.18363228558880734,0.14482417341112994,0.12507779659953572,0.16098186837317272
240,240.0,240.0,0.22819264069264067,0.1565007215007215,0.18442279942279943,0.14551587301587302,0.12695526695526693,0.1584126984126984
241,241.0,241.0,0.22819264069264067,0.1565007215007215,0.18442279942279943,0.14551587301587302,0.12695526695526693,0.1584126984126984
242,242.0,242.0,0.24108946608946608,0.17257215007215004,0.1612085137085137,0.1473015873015873,0.12874098124098124,0.14908730158730157
243,243.0,243.0,0.24422687465790913,0.16549534756431306,0.1541447728516694,0.1483935413245758,0.1398590585659551,0.14788040503557745
244,244.0,244.0,0.24422687465790913,0.16549534756431306,0.1541447728516694,0.1483935413245758,0.1398590585659551,0.14788040503557745
245,245.0,245.0,0.2085125889436234,0.18406677613574166,0.15843048713738367,0.15267925561029008,0.14414477285166938,0.15216611932129173
246,246.0,246.0,0.2085125889436234,0.18406677613574166,0.15843048713738367,0.15267925561029008,0.14414477285166938,0.15216611932129173
247,247.0,247.0,0.20889122315592906,0.1856489262371615,0.1588632119514472,0.1518814192343604,0.14222455648926235,0.15249066293183938
248,248.0,248.0,0.1876610644257703,0.19596638655462184,0.17096638655462182,0.16148459383753502,0.13182773109243695,0.152093837535014
249,249.0,249.0,0.19460550887021474,0.2015219421101774,0.16679971988795517,0.15870681605975723,0.12904995331465915,0.14931605975723622
250,250.0,250.0,0.19460550887021474,0.2015219421101774,0.16679971988795517,0.15870681605975723,0.12904995331465915,0.14931605975723622
251,251.0,251.0,0.19349439775910365,0.1915219421101774,0.17679971988795518,0.15981792717086835,0.12904995331465915,0.14931605975723622
252,252.0,252.0,0.19127217553688142,0.19041083099906628,0.18457749766573298,0.1575957049486461,0.12793884220354806,0.1482049486461251
253,253.0,253.0,0.18123970800441386,0.18787836346659875,0.2079216535098888,0.1450632374161786,0.12881546558017143,0.14908157202274847
254,254.0,254.0,0.19552542229012818,0.18787836346659875,0.2079216535098888,0.1450632374161786,0.12881546558017143,0.1347958577370342
255,255.0,255.0,0.19552542229012818,0.18787836346659875,0.2079216535098888,0.1450632374161786,0.12881546558017143,0.1347958577370342
256,256.0,256.0,0.20472455648926235,0.18457749766573295,0.20207749766573296,0.14176237161531277,0.1262721755368814,0.1405859010270775
257,257.0,257.0,0.20086080586080585,0.18487789987789988,0.21081807081807083,0.1378998778998779,0.12764346764346762,0.1378998778998779
258,258.0,258.0,0.20863858363858365,0.18376678876678876,0.2074847374847375,0.13678876678876678,0.12653235653235653,0.13678876678876678
259,259.0,259.0,0.20863858363858365,0.18376678876678876,0.20876678876678878,0.13678876678876678,0.12653235653235653,0.1355067155067155
260,260.0,260.0,0.19863858363858364,0.1854334554334554,0.20876678876678878,0.13678876678876678,0.12653235653235653,0.14384004884004883
261,261.0,261.0,0.19863858363858364,0.1854334554334554,0.20876678876678878,0.13678876678876678,0.12653235653235653,0.14384004884004883
262,262.0,262.0,0.18863858363858366,0.1854334554334554,0.2187667887667888,0.13678876678876678,0.12653235653235653,0.14384004884004883
263,263.0,263.0,0.2010735171261487,0.18287176274018377,0.21573517126148706,0.1353404344193818,0.12393692564745196,0.14104218880534672
264,264.0,264.0,0.2010735171261487,0.18287176274018377,0.21573517126148706,0.1353404344193818,0.12393692564745196,0.14104218880534672
265,265.0,265.0,0.2010735171261487,0.18287176274018377,0.21573517126148706,0.1353404344193818,0.12393692564745196,0.14104218880534672
266,266.0,266.0,0.2008513708513709,0.1839141414141414,0.21546176046176044,0.1351695526695527,0.12369769119769118,0.14090548340548342
267,267.0,267.0,0.2008513708513709,0.1839141414141414,0.21546176046176044,0.1351695526695527,0.12369769119769118,0.14090548340548342
268,268.0,268.0,0.2008513708513709,0.1739141414141414,0.22676046176046177,0.1351695526695527,0.12369769119769118,0.13960678210678212
269,269.0,269.0,0.20619047619047617,0.17642551892551891,0.22498168498168497,0.12944749694749697,0.12624236874236872,0.13671245421245423
270,270.0,270.0,0.2034126984126984,0.17503663003663003,0.23331501831501827,0.12805860805860808,0.12485347985347983,0.13532356532356532
271,271.0,271.0,0.19896825396825396,0.17281440781440782,0.23775946275946272,0.13583638583638585,0.12263125763125762,0.13199023199023202
272,272.0,272.0,0.19533189033189036,0.18917804417804418,0.23230491730491734,0.13310911310911314,0.1208130758130758,0.12926295926295928
273,273.0,273.0,0.19533189033189036,0.18917804417804418,0.23230491730491734,0.13310911310911314,0.1208130758130758,0.12926295926295928
274,274.0,274.0,0.19533189033189036,0.18917804417804418,0.23230491730491734,0.13310911310911314,0.1208130758130758,0.12926295926295928
275,275.0,275.0,0.19533189033189036,0.18917804417804418,0.23230491730491734,0.13310911310911314,0.1208130758130758,0.12926295926295928
276,276.0,276.0,0.19533189033189036,0.18917804417804418,0.23230491730491734,0.13310911310911314,0.1208130758130758,0.12926295926295928
277,277.0,277.0,0.19533189033189036,0.18917804417804418,0.23230491730491734,0.13310911310911314,0.1208130758130758,0.12926295926295928
278,278.0,278.0,0.1882611832611833,0.20432955932955932,0.21816350316350314,0.13512931512931514,0.12283327783327783,0.1312831612831613
279,279.0,279.0,0.1882611832611833,0.20432955932955932,0.21816350316350314,0.13512931512931514,0.12283327783327783,0.1312831612831613
280,280.0,280.0,0.1882611832611833,0.20432955932955932,0.21816350316350314,0.13512931512931514,0.12283327783327783,0.1312831612831613
281,281.0,281.0,0.1882611832611833,0.20432955932955932,0.21816350316350314,0.13512931512931514,0.12283327783327783,0.1312831612831613
282,282.0,282.0,0.1882611832611833,0.20432955932955932,0.21816350316350314,0.13512931512931514,0.12283327783327783,0.1312831612831613
283,283.0,283.0,0.1882611832611833,0.20432955932955932,0.21816350316350314,0.13512931512931514,0.12283327783327783,0.1312831612831613
284,284.0,284.0,0.19071216365334015,0.20440497411085645,0.22302775655716828,0.13260291995586115,0.11811985400220695,0.13113233172056704
285,285.0,285.0,0.18324463118580767,0.19515172735760972,0.2405602240896359,0.13763538748832868,0.11974323062558356,0.12366479925303456
286,286.0,286.0,0.18185574229691878,0.19237394957983195,0.23778244631185802,0.13624649859943977,0.11835434173669468,0.13338702147525677
287,287.0,287.0,0.1804668534080299,0.19098506069094306,0.23500466853408025,0.133468720821662,0.1280765639589169,0.1319981325863679
288,288.0,288.0,0.1804668534080299,0.19098506069094306,0.23500466853408025,0.133468720821662,0.139187675070028,0.12088702147525679
289,289.0,289.0,0.1804668534080299,0.19098506069094306,0.23500466853408025,0.133468720821662,0.139187675070028,0.12088702147525679
290,290.0,290.0,0.1804668534080299,0.19098506069094306,0.23500466853408025,0.133468720821662,0.139187675070028,0.12088702147525679
291,291.0,291.0,0.1804668534080299,0.19098506069094306,0.23500466853408025,0.133468720821662,0.139187675070028,0.12088702147525679
292,292.0,292.0,0.18185574229691878,0.19376283846872083,0.23778244631185813,0.13485760971055089,0.1294654528478058,0.12227591036414567
293,293.0,293.0,0.1804668534080299,0.19098506069094306,0.23500466853408025,0.133468720821662,0.139187675070028,0.12088702147525679
294,294.0,294.0,0.18253034547152197,0.191937441643324,0.22484593837535014,0.13870681605975727,0.13902894491129786,0.12295051353874883
295,295.0,295.0,0.18253034547152197,0.191937441643324,0.22484593837535014,0.13870681605975727,0.13902894491129786,0.12295051353874883
