Total_iterations,Unnamed: 0.1,Intertwine_two,Add_vertex,Delete_vertex,Invert_path_vertices,Insert_inside_vertex,Delete_inside_vertex
0,0.0,0.1666666666666666,0.1666666666666666,0.1666666666666666,0.1666666666666666,0.1666666666666666,0.1666666666666666
1,1.0,0.1666666666666666,0.1666666666666666,0.1666666666666666,0.1666666666666666,0.1666666666666666,0.1666666666666666
2,2.0,0.1666666666666666,0.1666666666666666,0.1666666666666666,0.1666666666666666,0.1666666666666666,0.1666666666666666
3,3.0,0.1666666666666666,0.1666666666666666,0.1666666666666666,0.1666666666666666,0.1666666666666666,0.1666666666666666
4,4.0,0.1666666666666666,0.1666666666666666,0.1666666666666666,0.1666666666666666,0.1666666666666666,0.1666666666666666
5,5.0,0.1666666666666666,0.1666666666666666,0.1666666666666666,0.1666666666666666,0.1666666666666666,0.1666666666666666
6,6.0,0.1666666666666666,0.1666666666666666,0.1666666666666666,0.1666666666666666,0.1666666666666666,0.1666666666666666
7,7.0,0.1666666666666666,0.1666666666666666,0.1666666666666666,0.1666666666666666,0.1666666666666666,0.1666666666666666
8,8.0,0.1666666666666666,0.1666666666666666,0.1666666666666666,0.1666666666666666,0.1666666666666666,0.1666666666666666
9,9.0,0.1666666666666666,0.1666666666666666,0.1666666666666666,0.1666666666666666,0.1666666666666666,0.1666666666666666
10,10.0,0.1666666666666666,0.1666666666666666,0.1666666666666666,0.1666666666666666,0.1666666666666666,0.1666666666666666
11,11.0,0.1666666666666666,0.1666666666666666,0.1666666666666666,0.1666666666666666,0.1666666666666666,0.1666666666666666
12,12.0,0.1666666666666666,0.1666666666666666,0.1666666666666666,0.1666666666666666,0.1666666666666666,0.1666666666666666
13,13.0,0.1666666666666666,0.1666666666666666,0.1666666666666666,0.1666666666666666,0.1666666666666666,0.1666666666666666
14,14.0,0.1666666666666666,0.1666666666666666,0.1666666666666666,0.1666666666666666,0.1666666666666666,0.1666666666666666
15,15.0,0.1666666666666666,0.1666666666666666,0.1666666666666666,0.1666666666666666,0.1666666666666666,0.1666666666666666
16,16.0,0.1666666666666666,0.1666666666666666,0.1666666666666666,0.1666666666666666,0.1666666666666666,0.1666666666666666
17,17.0,0.1666666666666666,0.1666666666666666,0.1666666666666666,0.1666666666666666,0.1666666666666666,0.1666666666666666
18,18.0,0.1666666666666666,0.1666666666666666,0.1666666666666666,0.1666666666666666,0.1666666666666666,0.1666666666666666
19,19.0,0.1666666666666666,0.1666666666666666,0.1666666666666666,0.1666666666666666,0.1666666666666666,0.1666666666666666
20,20.0,0.1666666666666666,0.1666666666666666,0.1666666666666666,0.1666666666666666,0.1666666666666666,0.1666666666666666
21,21.0,0.1666666666666666,0.1666666666666666,0.1666666666666666,0.1666666666666666,0.1666666666666666,0.1666666666666666
22,22.0,0.1666666666666666,0.1666666666666666,0.1666666666666666,0.1666666666666666,0.1666666666666666,0.1666666666666666
23,23.0,0.1666666666666666,0.1666666666666666,0.1666666666666666,0.1666666666666666,0.1666666666666666,0.1666666666666666
24,24.0,0.1666666666666666,0.1666666666666666,0.1666666666666666,0.1666666666666666,0.1666666666666666,0.1666666666666666
25,25.0,0.1666666666666666,0.1666666666666666,0.1666666666666666,0.1666666666666666,0.1666666666666666,0.1666666666666666
26,26.0,0.1666666666666666,0.1666666666666666,0.1666666666666666,0.1666666666666666,0.1666666666666666,0.1666666666666666
27,27.0,0.1666666666666666,0.1666666666666666,0.1666666666666666,0.1666666666666666,0.1666666666666666,0.1666666666666666
28,28.0,0.1666666666666666,0.1666666666666666,0.1666666666666666,0.1666666666666666,0.1666666666666666,0.1666666666666666
29,29.0,0.1666666666666666,0.1666666666666666,0.1666666666666666,0.1666666666666666,0.1666666666666666,0.1666666666666666
30,30.0,0.1666666666666666,0.1666666666666666,0.1666666666666666,0.1666666666666666,0.1666666666666666,0.1666666666666666
31,31.0,0.1666666666666666,0.1666666666666666,0.1666666666666666,0.1666666666666666,0.1666666666666666,0.1666666666666666
32,32.0,0.1666666666666666,0.1666666666666666,0.1666666666666666,0.1666666666666666,0.1666666666666666,0.1666666666666666
33,33.0,0.1666666666666666,0.1666666666666666,0.1666666666666666,0.1666666666666666,0.1666666666666666,0.1666666666666666
34,34.0,0.1666666666666666,0.1666666666666666,0.1666666666666666,0.1666666666666666,0.1666666666666666,0.1666666666666666
35,35.0,0.1666666666666666,0.1666666666666666,0.1666666666666666,0.1666666666666666,0.1666666666666666,0.1666666666666666
36,36.0,0.1666666666666666,0.1666666666666666,0.1666666666666666,0.1666666666666666,0.1666666666666666,0.1666666666666666
37,37.0,0.1666666666666666,0.1666666666666666,0.1666666666666666,0.1666666666666666,0.1666666666666666,0.1666666666666666
38,38.0,0.1666666666666666,0.1666666666666666,0.1666666666666666,0.1666666666666666,0.1666666666666666,0.1666666666666666
39,39.0,0.1666666666666666,0.1666666666666666,0.1666666666666666,0.1666666666666666,0.1666666666666666,0.1666666666666666
40,40.0,0.1666666666666666,0.1666666666666666,0.1666666666666666,0.1666666666666666,0.1666666666666666,0.1666666666666666
41,41.0,0.1666666666666666,0.1666666666666666,0.1666666666666666,0.1666666666666666,0.1666666666666666,0.1666666666666666
42,42.0,0.1666666666666666,0.1666666666666666,0.1666666666666666,0.1666666666666666,0.1666666666666666,0.1666666666666666
43,43.0,0.1666666666666666,0.1666666666666666,0.1666666666666666,0.1666666666666666,0.1666666666666666,0.1666666666666666
44,44.0,0.1666666666666666,0.1666666666666666,0.1666666666666666,0.1666666666666666,0.1666666666666666,0.1666666666666666
45,45.0,0.1666666666666666,0.1666666666666666,0.1666666666666666,0.1666666666666666,0.1666666666666666,0.1666666666666666
46,46.0,0.1666666666666666,0.1666666666666666,0.1666666666666666,0.1666666666666666,0.1666666666666666,0.1666666666666666
47,47.0,0.1666666666666666,0.1666666666666666,0.1666666666666666,0.1666666666666666,0.1666666666666666,0.1666666666666666
48,48.0,0.1666666666666666,0.1666666666666666,0.1666666666666666,0.1666666666666666,0.1666666666666666,0.1666666666666666
49,49.0,0.1666666666666666,0.1666666666666666,0.1666666666666666,0.1666666666666666,0.1666666666666666,0.1666666666666666
50,50.0,0.1666666666666666,0.1666666666666666,0.1666666666666666,0.1666666666666666,0.1666666666666666,0.1666666666666666
51,51.0,0.1666666666666666,0.1666666666666666,0.1666666666666666,0.1666666666666666,0.1666666666666666,0.1666666666666666
52,52.0,0.1666666666666666,0.1666666666666666,0.1666666666666666,0.1666666666666666,0.1666666666666666,0.1666666666666666
53,53.0,0.1666666666666666,0.1666666666666666,0.1666666666666666,0.1666666666666666,0.1666666666666666,0.1666666666666666
54,54.0,0.1666666666666666,0.1666666666666666,0.1666666666666666,0.1666666666666666,0.1666666666666666,0.1666666666666666
55,55.0,0.1666666666666666,0.1666666666666666,0.1666666666666666,0.1666666666666666,0.1666666666666666,0.1666666666666666
56,56.0,0.1666666666666666,0.1666666666666666,0.1666666666666666,0.1666666666666666,0.1666666666666666,0.1666666666666666
57,57.0,0.1666666666666666,0.1666666666666666,0.1666666666666666,0.1666666666666666,0.1666666666666666,0.1666666666666666
58,58.0,0.1666666666666666,0.1666666666666666,0.1666666666666666,0.1666666666666666,0.1666666666666666,0.1666666666666666
59,59.0,0.1666666666666666,0.1666666666666666,0.1666666666666666,0.1666666666666666,0.1666666666666666,0.1666666666666666
60,60.0,0.1666666666666666,0.1666666666666666,0.1666666666666666,0.1666666666666666,0.1666666666666666,0.1666666666666666
61,61.0,0.1666666666666666,0.1666666666666666,0.1666666666666666,0.1666666666666666,0.1666666666666666,0.1666666666666666
62,62.0,0.1666666666666666,0.1666666666666666,0.1666666666666666,0.1666666666666666,0.1666666666666666,0.1666666666666666
63,63.0,0.1666666666666666,0.1666666666666666,0.1666666666666666,0.1666666666666666,0.1666666666666666,0.1666666666666666
64,64.0,0.1666666666666666,0.1666666666666666,0.1666666666666666,0.1666666666666666,0.1666666666666666,0.1666666666666666
65,65.0,0.1666666666666666,0.1666666666666666,0.1666666666666666,0.1666666666666666,0.1666666666666666,0.1666666666666666
66,66.0,0.1666666666666666,0.1666666666666666,0.1666666666666666,0.1666666666666666,0.1666666666666666,0.1666666666666666
67,67.0,0.1666666666666666,0.1666666666666666,0.1666666666666666,0.1666666666666666,0.1666666666666666,0.1666666666666666
68,68.0,0.1666666666666666,0.1666666666666666,0.1666666666666666,0.1666666666666666,0.1666666666666666,0.1666666666666666
69,69.0,0.1666666666666666,0.1666666666666666,0.1666666666666666,0.1666666666666666,0.1666666666666666,0.1666666666666666
70,70.0,0.1666666666666666,0.1666666666666666,0.1666666666666666,0.1666666666666666,0.1666666666666666,0.1666666666666666
71,71.0,0.1666666666666666,0.1666666666666666,0.1666666666666666,0.1666666666666666,0.1666666666666666,0.1666666666666666
72,72.0,0.1666666666666666,0.1666666666666666,0.1666666666666666,0.1666666666666666,0.1666666666666666,0.1666666666666666
73,73.0,0.1666666666666666,0.1666666666666666,0.1666666666666666,0.1666666666666666,0.1666666666666666,0.1666666666666666
74,74.0,0.1666666666666666,0.1666666666666666,0.1666666666666666,0.1666666666666666,0.1666666666666666,0.1666666666666666
75,75.0,0.1666666666666666,0.1666666666666666,0.1666666666666666,0.1666666666666666,0.1666666666666666,0.1666666666666666
76,76.0,0.1666666666666666,0.1666666666666666,0.1666666666666666,0.1666666666666666,0.1666666666666666,0.1666666666666666
77,77.0,0.1666666666666666,0.1666666666666666,0.1666666666666666,0.1666666666666666,0.1666666666666666,0.1666666666666666
78,78.0,0.1666666666666666,0.1666666666666666,0.1666666666666666,0.1666666666666666,0.1666666666666666,0.1666666666666666
79,79.0,0.1666666666666666,0.1666666666666666,0.1666666666666666,0.1666666666666666,0.1666666666666666,0.1666666666666666
80,80.0,0.1666666666666666,0.1666666666666666,0.1666666666666666,0.1666666666666666,0.1666666666666666,0.1666666666666666
81,81.0,0.1666666666666666,0.1666666666666666,0.1666666666666666,0.1666666666666666,0.1666666666666666,0.1666666666666666
82,82.0,0.1666666666666666,0.1666666666666666,0.1666666666666666,0.1666666666666666,0.1666666666666666,0.1666666666666666
83,83.0,0.1666666666666666,0.1666666666666666,0.1666666666666666,0.1666666666666666,0.1666666666666666,0.1666666666666666
84,84.0,0.1666666666666666,0.1666666666666666,0.1666666666666666,0.1666666666666666,0.1666666666666666,0.1666666666666666
85,85.0,0.1666666666666666,0.1666666666666666,0.1666666666666666,0.1666666666666666,0.1666666666666666,0.1666666666666666
86,86.0,0.1666666666666666,0.1666666666666666,0.1666666666666666,0.1666666666666666,0.1666666666666666,0.1666666666666666
87,87.0,0.1666666666666666,0.1666666666666666,0.1666666666666666,0.1666666666666666,0.1666666666666666,0.1666666666666666
88,88.0,0.1666666666666666,0.1666666666666666,0.1666666666666666,0.1666666666666666,0.1666666666666666,0.1666666666666666
89,89.0,0.1666666666666666,0.1666666666666666,0.1666666666666666,0.1666666666666666,0.1666666666666666,0.1666666666666666
90,90.0,0.1666666666666666,0.1666666666666666,0.1666666666666666,0.1666666666666666,0.1666666666666666,0.1666666666666666
91,91.0,0.1666666666666666,0.1666666666666666,0.1666666666666666,0.1666666666666666,0.1666666666666666,0.1666666666666666
92,92.0,0.1666666666666666,0.1666666666666666,0.1666666666666666,0.1666666666666666,0.1666666666666666,0.1666666666666666
93,93.0,0.1666666666666666,0.1666666666666666,0.1666666666666666,0.1666666666666666,0.1666666666666666,0.1666666666666666
94,94.0,0.1666666666666666,0.1666666666666666,0.1666666666666666,0.1666666666666666,0.1666666666666666,0.1666666666666666
95,95.0,0.1666666666666666,0.1666666666666666,0.1666666666666666,0.1666666666666666,0.1666666666666666,0.1666666666666666
96,96.0,0.1666666666666666,0.1666666666666666,0.1666666666666666,0.1666666666666666,0.1666666666666666,0.1666666666666666
97,97.0,0.1666666666666666,0.1666666666666666,0.1666666666666666,0.1666666666666666,0.1666666666666666,0.1666666666666666
98,98.0,0.1666666666666666,0.1666666666666666,0.1666666666666666,0.1666666666666666,0.1666666666666666,0.1666666666666666
99,99.0,0.1666666666666666,0.1666666666666666,0.1666666666666666,0.1666666666666666,0.1666666666666666,0.1666666666666666
100,100.0,0.1666666666666666,0.1666666666666666,0.1666666666666666,0.1666666666666666,0.1666666666666666,0.1666666666666666
101,101.0,0.1666666666666666,0.1666666666666666,0.1666666666666666,0.1666666666666666,0.1666666666666666,0.1666666666666666
102,102.0,0.1666666666666666,0.1666666666666666,0.1666666666666666,0.1666666666666666,0.1666666666666666,0.1666666666666666
103,103.0,0.1666666666666666,0.1666666666666666,0.1666666666666666,0.1666666666666666,0.1666666666666666,0.1666666666666666
104,104.0,0.1666666666666666,0.1666666666666666,0.1666666666666666,0.1666666666666666,0.1666666666666666,0.1666666666666666
105,105.0,0.1666666666666666,0.1666666666666666,0.1666666666666666,0.1666666666666666,0.1666666666666666,0.1666666666666666
106,106.0,0.1666666666666666,0.1666666666666666,0.1666666666666666,0.1666666666666666,0.1666666666666666,0.1666666666666666
107,107.0,0.1666666666666666,0.1666666666666666,0.1666666666666666,0.1666666666666666,0.1666666666666666,0.1666666666666666
108,108.0,0.1666666666666666,0.1666666666666666,0.1666666666666666,0.1666666666666666,0.1666666666666666,0.1666666666666666
109,109.0,0.1666666666666666,0.1666666666666666,0.1666666666666666,0.1666666666666666,0.1666666666666666,0.1666666666666666
110,110.0,0.1666666666666666,0.1666666666666666,0.1666666666666666,0.1666666666666666,0.1666666666666666,0.1666666666666666
111,111.0,0.1666666666666666,0.1666666666666666,0.1666666666666666,0.1666666666666666,0.1666666666666666,0.1666666666666666
112,112.0,0.1666666666666666,0.1666666666666666,0.1666666666666666,0.1666666666666666,0.1666666666666666,0.1666666666666666
113,113.0,0.1666666666666666,0.1666666666666666,0.1666666666666666,0.1666666666666666,0.1666666666666666,0.1666666666666666
114,114.0,0.1666666666666666,0.1666666666666666,0.1666666666666666,0.1666666666666666,0.1666666666666666,0.1666666666666666
115,115.0,0.1666666666666666,0.1666666666666666,0.1666666666666666,0.1666666666666666,0.1666666666666666,0.1666666666666666
116,116.0,0.1666666666666666,0.1666666666666666,0.1666666666666666,0.1666666666666666,0.1666666666666666,0.1666666666666666
117,117.0,0.1666666666666666,0.1666666666666666,0.1666666666666666,0.1666666666666666,0.1666666666666666,0.1666666666666666
118,118.0,0.1666666666666666,0.1666666666666666,0.1666666666666666,0.1666666666666666,0.1666666666666666,0.1666666666666666
119,119.0,0.1666666666666666,0.1666666666666666,0.1666666666666666,0.1666666666666666,0.1666666666666666,0.1666666666666666
120,120.0,0.1666666666666666,0.1666666666666666,0.1666666666666666,0.1666666666666666,0.1666666666666666,0.1666666666666666
121,121.0,0.1666666666666666,0.1666666666666666,0.1666666666666666,0.1666666666666666,0.1666666666666666,0.1666666666666666
122,122.0,0.1666666666666666,0.1666666666666666,0.1666666666666666,0.1666666666666666,0.1666666666666666,0.1666666666666666
123,123.0,0.1666666666666666,0.1666666666666666,0.1666666666666666,0.1666666666666666,0.1666666666666666,0.1666666666666666
124,124.0,0.1666666666666666,0.1666666666666666,0.1666666666666666,0.1666666666666666,0.1666666666666666,0.1666666666666666
125,125.0,0.1666666666666666,0.1666666666666666,0.1666666666666666,0.1666666666666666,0.1666666666666666,0.1666666666666666
126,126.0,0.1666666666666666,0.1666666666666666,0.1666666666666666,0.1666666666666666,0.1666666666666666,0.1666666666666666
127,127.0,0.1666666666666666,0.1666666666666666,0.1666666666666666,0.1666666666666666,0.1666666666666666,0.1666666666666666
128,128.0,0.1666666666666666,0.1666666666666666,0.1666666666666666,0.1666666666666666,0.1666666666666666,0.1666666666666666
129,129.0,0.1666666666666666,0.1666666666666666,0.1666666666666666,0.1666666666666666,0.1666666666666666,0.1666666666666666
130,130.0,0.1666666666666666,0.1666666666666666,0.1666666666666666,0.1666666666666666,0.1666666666666666,0.1666666666666666
131,131.0,0.1666666666666666,0.1666666666666666,0.1666666666666666,0.1666666666666666,0.1666666666666666,0.1666666666666666
132,132.0,0.1666666666666666,0.1666666666666666,0.1666666666666666,0.1666666666666666,0.1666666666666666,0.1666666666666666
133,133.0,0.1666666666666666,0.1666666666666666,0.1666666666666666,0.1666666666666666,0.1666666666666666,0.1666666666666666
134,134.0,0.1666666666666666,0.1666666666666666,0.1666666666666666,0.1666666666666666,0.1666666666666666,0.1666666666666666
135,135.0,0.1666666666666666,0.1666666666666666,0.1666666666666666,0.1666666666666666,0.1666666666666666,0.1666666666666666
136,136.0,0.1666666666666666,0.1666666666666666,0.1666666666666666,0.1666666666666666,0.1666666666666666,0.1666666666666666
137,137.0,0.1666666666666666,0.1666666666666666,0.1666666666666666,0.1666666666666666,0.1666666666666666,0.1666666666666666
138,138.0,0.1666666666666666,0.1666666666666666,0.1666666666666666,0.1666666666666666,0.1666666666666666,0.1666666666666666
139,139.0,0.1666666666666666,0.1666666666666666,0.1666666666666666,0.1666666666666666,0.1666666666666666,0.1666666666666666
140,140.0,0.1666666666666666,0.1666666666666666,0.1666666666666666,0.1666666666666666,0.1666666666666666,0.1666666666666666
141,141.0,0.1666666666666666,0.1666666666666666,0.1666666666666666,0.1666666666666666,0.1666666666666666,0.1666666666666666
142,142.0,0.1666666666666666,0.1666666666666666,0.1666666666666666,0.1666666666666666,0.1666666666666666,0.1666666666666666
143,143.0,0.1666666666666666,0.1666666666666666,0.1666666666666666,0.1666666666666666,0.1666666666666666,0.1666666666666666
144,144.0,0.1666666666666666,0.1666666666666666,0.1666666666666666,0.1666666666666666,0.1666666666666666,0.1666666666666666
145,145.0,0.1666666666666666,0.1666666666666666,0.1666666666666666,0.1666666666666666,0.1666666666666666,0.1666666666666666
146,146.0,0.1666666666666666,0.1666666666666666,0.1666666666666666,0.1666666666666666,0.1666666666666666,0.1666666666666666
147,147.0,0.1666666666666666,0.1666666666666666,0.1666666666666666,0.1666666666666666,0.1666666666666666,0.1666666666666666
148,148.0,0.1666666666666666,0.1666666666666666,0.1666666666666666,0.1666666666666666,0.1666666666666666,0.1666666666666666
149,149.0,0.1666666666666666,0.1666666666666666,0.1666666666666666,0.1666666666666666,0.1666666666666666,0.1666666666666666
150,150.0,0.1666666666666666,0.1666666666666666,0.1666666666666666,0.1666666666666666,0.1666666666666666,0.1666666666666666
151,151.0,0.1666666666666666,0.1666666666666666,0.1666666666666666,0.1666666666666666,0.1666666666666666,0.1666666666666666
152,152.0,0.1666666666666666,0.1666666666666666,0.1666666666666666,0.1666666666666666,0.1666666666666666,0.1666666666666666
153,153.0,0.1666666666666666,0.1666666666666666,0.1666666666666666,0.1666666666666666,0.1666666666666666,0.1666666666666666
154,154.0,0.1666666666666666,0.1666666666666666,0.1666666666666666,0.1666666666666666,0.1666666666666666,0.1666666666666666
155,155.0,0.1666666666666666,0.1666666666666666,0.1666666666666666,0.1666666666666666,0.1666666666666666,0.1666666666666666
156,156.0,0.1666666666666666,0.1666666666666666,0.1666666666666666,0.1666666666666666,0.1666666666666666,0.1666666666666666
157,157.0,0.1666666666666666,0.1666666666666666,0.1666666666666666,0.1666666666666666,0.1666666666666666,0.1666666666666666
158,158.0,0.1666666666666666,0.1666666666666666,0.1666666666666666,0.1666666666666666,0.1666666666666666,0.1666666666666666
159,159.0,0.1666666666666666,0.1666666666666666,0.1666666666666666,0.1666666666666666,0.1666666666666666,0.1666666666666666
160,160.0,0.1666666666666666,0.1666666666666666,0.1666666666666666,0.1666666666666666,0.1666666666666666,0.1666666666666666
161,161.0,0.1666666666666666,0.1666666666666666,0.1666666666666666,0.1666666666666666,0.1666666666666666,0.1666666666666666
162,162.0,0.1666666666666666,0.1666666666666666,0.1666666666666666,0.1666666666666666,0.1666666666666666,0.1666666666666666
163,163.0,0.1666666666666666,0.1666666666666666,0.1666666666666666,0.1666666666666666,0.1666666666666666,0.1666666666666666
164,164.0,0.1666666666666666,0.1666666666666666,0.1666666666666666,0.1666666666666666,0.1666666666666666,0.1666666666666666
165,165.0,0.1666666666666666,0.1666666666666666,0.1666666666666666,0.1666666666666666,0.1666666666666666,0.1666666666666666
166,166.0,0.1666666666666666,0.1666666666666666,0.1666666666666666,0.1666666666666666,0.1666666666666666,0.1666666666666666
167,167.0,0.1666666666666666,0.1666666666666666,0.1666666666666666,0.1666666666666666,0.1666666666666666,0.1666666666666666
168,168.0,0.1666666666666666,0.1666666666666666,0.1666666666666666,0.1666666666666666,0.1666666666666666,0.1666666666666666
169,169.0,0.1666666666666666,0.1666666666666666,0.1666666666666666,0.1666666666666666,0.1666666666666666,0.1666666666666666
170,170.0,0.1666666666666666,0.1666666666666666,0.1666666666666666,0.1666666666666666,0.1666666666666666,0.1666666666666666
171,171.0,0.1666666666666666,0.1666666666666666,0.1666666666666666,0.1666666666666666,0.1666666666666666,0.1666666666666666
172,172.0,0.1666666666666666,0.1666666666666666,0.1666666666666666,0.1666666666666666,0.1666666666666666,0.1666666666666666
173,173.0,0.1666666666666666,0.1666666666666666,0.1666666666666666,0.1666666666666666,0.1666666666666666,0.1666666666666666
174,174.0,0.1666666666666666,0.1666666666666666,0.1666666666666666,0.1666666666666666,0.1666666666666666,0.1666666666666666
175,175.0,0.1666666666666666,0.1666666666666666,0.1666666666666666,0.1666666666666666,0.1666666666666666,0.1666666666666666
176,176.0,0.1666666666666666,0.1666666666666666,0.1666666666666666,0.1666666666666666,0.1666666666666666,0.1666666666666666
177,177.0,0.1666666666666666,0.1666666666666666,0.1666666666666666,0.1666666666666666,0.1666666666666666,0.1666666666666666
178,178.0,0.1666666666666666,0.1666666666666666,0.1666666666666666,0.1666666666666666,0.1666666666666666,0.1666666666666666
179,179.0,0.1666666666666666,0.1666666666666666,0.1666666666666666,0.1666666666666666,0.1666666666666666,0.1666666666666666
180,180.0,0.1666666666666666,0.1666666666666666,0.1666666666666666,0.1666666666666666,0.1666666666666666,0.1666666666666666
181,181.0,0.1666666666666666,0.1666666666666666,0.1666666666666666,0.1666666666666666,0.1666666666666666,0.1666666666666666
182,182.0,0.1666666666666666,0.1666666666666666,0.1666666666666666,0.1666666666666666,0.1666666666666666,0.1666666666666666
183,183.0,0.1666666666666666,0.1666666666666666,0.1666666666666666,0.1666666666666666,0.1666666666666666,0.1666666666666666
184,184.0,0.1666666666666666,0.1666666666666666,0.1666666666666666,0.1666666666666666,0.1666666666666666,0.1666666666666666
185,185.0,0.1666666666666666,0.1666666666666666,0.1666666666666666,0.1666666666666666,0.1666666666666666,0.1666666666666666
186,186.0,0.1666666666666666,0.1666666666666666,0.1666666666666666,0.1666666666666666,0.1666666666666666,0.1666666666666666
187,187.0,0.1666666666666666,0.1666666666666666,0.1666666666666666,0.1666666666666666,0.1666666666666666,0.1666666666666666
188,188.0,0.1666666666666666,0.1666666666666666,0.1666666666666666,0.1666666666666666,0.1666666666666666,0.1666666666666666
189,189.0,0.1666666666666666,0.1666666666666666,0.1666666666666666,0.1666666666666666,0.1666666666666666,0.1666666666666666
190,190.0,0.1666666666666666,0.1666666666666666,0.1666666666666666,0.1666666666666666,0.1666666666666666,0.1666666666666666
191,191.0,0.1666666666666666,0.1666666666666666,0.1666666666666666,0.1666666666666666,0.1666666666666666,0.1666666666666666
192,192.0,0.1666666666666666,0.1666666666666666,0.1666666666666666,0.1666666666666666,0.1666666666666666,0.1666666666666666
193,193.0,0.1666666666666666,0.1666666666666666,0.1666666666666666,0.1666666666666666,0.1666666666666666,0.1666666666666666
194,194.0,0.1666666666666666,0.1666666666666666,0.1666666666666666,0.1666666666666666,0.1666666666666666,0.1666666666666666
195,195.0,0.1666666666666666,0.1666666666666666,0.1666666666666666,0.1666666666666666,0.1666666666666666,0.1666666666666666
196,196.0,0.1666666666666666,0.1666666666666666,0.1666666666666666,0.1666666666666666,0.1666666666666666,0.1666666666666666
197,197.0,0.1666666666666666,0.1666666666666666,0.1666666666666666,0.1666666666666666,0.1666666666666666,0.1666666666666666
198,198.0,0.1666666666666666,0.1666666666666666,0.1666666666666666,0.1666666666666666,0.1666666666666666,0.1666666666666666
199,199.0,0.1666666666666666,0.1666666666666666,0.1666666666666666,0.1666666666666666,0.1666666666666666,0.1666666666666666
200,200.0,0.1666504854368932,0.166747572815534,0.1666504854368932,0.1666504854368932,0.1666504854368932,0.1666504854368932
201,201.0,0.166158275543227,0.1663514794267221,0.1675868469717984,0.1675868469717984,0.166158275543227,0.166158275543227
202,202.0,0.1656711333795654,0.1659586188164586,0.1685139905224225,0.1685139905224225,0.1656711333795654,0.1656711333795654
203,203.0,0.1651934235945446,0.1655725963129912,0.1694235664516875,0.1694235664516875,0.1651934235945446,0.1651934235945446
204,204.0,0.1644245577890038,0.1649930984948676,0.1701028234042797,0.1700038135032896,0.164622577590984,0.1658531292175752
205,205.0,0.1634372250181874,0.1656188849144374,0.1705147765925864,0.1703177468896161,0.1638312844241281,0.1662800821610446
206,206.0,0.1624774310206169,0.1662517407123071,0.1708963225754387,0.1706031443576169,0.1630637874562605,0.1667075738777597
207,207.0,0.1626234484303719,0.1665274875355251,0.1710681151849822,0.1706814340958733,0.1621468106085898,0.1669527041446576
208,208.0,0.1627989502183366,0.166800507384753,0.1712101261181667,0.1707332582656914,0.1612651859232871,0.1671919720897651
209,209.0,0.1629992329288103,0.1670683427588975,0.1713239134332961,0.1707607451822169,0.1604241944309688,0.1674235712658103
210,210.0,0.1631662694714939,0.1672813494114548,0.171462687179744,0.1708145483469966,0.1595806983869888,0.1676944472033219
211,211.0,0.1633499056515888,0.1674856160543017,0.1715761879722667,0.1708478529227127,0.1587861191131968,0.1679543182859334
212,212.0,0.1635466451435528,0.1676799740219807,0.1716658080983314,0.1708623757225144,0.1580435107253118,0.1682016862883088
213,213.0,0.1635151149831842,0.1676253753642366,0.1729235156137996,0.1706217544578999,0.1571170069805269,0.1681972326003527
214,214.0,0.1632418928114696,0.1674191154716858,0.173827492731787,0.1701194709724468,0.1573561161934764,0.1680359118191342
215,215.0,0.1619082167859547,0.1661351832708161,0.1748715472106578,0.1697891377924812,0.1592522176089105,0.1680436973311796
216,216.0,0.1605977547665603,0.1648584710287538,0.1758705164838207,0.1695603156002064,0.1610700557543311,0.1680428863663277
217,217.0,0.1591824010839793,0.1634621349831498,0.176541141601337,0.1691925026298872,0.1637263619086187,0.1678954577930278
218,218.0,0.15746259209215,0.1617478945256081,0.1781278046958502,0.1694790697398248,0.1657892976379152,0.1673933413086515
219,219.0,0.1557093480352921,0.1608971500343654,0.1794697885854688,0.1695841807833618,0.1675391290689852,0.1668004034925267
220,220.0,0.1538467916137238,0.159917124292769,0.1816346348582794,0.1709385666203391,0.1676279800056522,0.1660349026092364
221,221.0,0.1520651939138461,0.1589912599689847,0.1837148373846635,0.172278755913043,0.1676674885594185,0.1652824642600442
222,222.0,0.1518028464690601,0.158123399564469,0.1856980585139997,0.1721641949944024,0.1676621938830365,0.1645493065750322
223,223.0,0.1512675905854474,0.1571378498627689,0.1873955927461281,0.173098647351881,0.1674380578177135,0.1636622616360611
224,224.0,0.1505357204593775,0.1560780606874452,0.1899519699363847,0.1737258036422285,0.1670410312598221,0.162667414014742
225,225.0,0.1507090370048874,0.1549255395406958,0.1921081165690254,0.1740441362461722,0.1664524989722267,0.1617606716669924
226,226.0,0.1515893133160502,0.1537555386434477,0.1939460389548931,0.174147913121269,0.1657549748566389,0.1608062211077011
227,227.0,0.1523771372332755,0.1540356185338356,0.1965865396021656,0.174164911379012,0.1630827835534639,0.1597530096982472
228,228.0,0.1531154341983434,0.1542010872173091,0.1988008777561519,0.1739724700673902,0.1603380357724144,0.1595720949883909
229,229.0,0.1536282157745509,0.1542159463948232,0.1998051301431477,0.1747540808041764,0.1574941298148801,0.1601024970684214
230,230.0,0.1561060909032635,0.1541875420551501,0.2005602595350182,0.1739104250933734,0.1546245568220081,0.1606111255911866
231,231.0,0.158669668711145,0.1543887597964628,0.2014417362193795,0.1732314124079682,0.1519357953155204,0.160332627549524
232,232.0,0.1623980909155475,0.1537547262433508,0.2013543733264016,0.171667469582376,0.1487083689335605,0.1621169709987635
233,233.0,0.1668952728374589,0.153025054335535,0.2010024940993138,0.1699724765336192,0.1454713477204246,0.1636333544736485
234,234.0,0.1730671444636869,0.1511193824053419,0.2004299578526868,0.1681903771033904,0.1422719502602506,0.1649211879146434
235,235.0,0.1790845181075377,0.1507029386028824,0.1997645556509409,0.1664477029241393,0.1392384081523439,0.1647618765621559
236,236.0,0.1864178213459618,0.150749290671734,0.1985171776065549,0.1629397563943787,0.1365864914845772,0.1647894624967935
237,237.0,0.1936532537282433,0.1501575829499644,0.1977011357768773,0.1603637142000271,0.1337219450470022,0.1644023682978855
238,238.0,0.1999222956352213,0.1497300781763932,0.1969532823555595,0.1579989717263127,0.131166502677801,0.1642288694287122
239,239.0,0.2056770775135381,0.150081903831209,0.1959015497632514,0.1556571373349997,0.1287238993029191,0.1639584322540825
240,240.0,0.211139343159925,0.1503337825280684,0.1949113491718289,0.1535103267040536,0.1266768422740646,0.1634283561620594
241,241.0,0.2162259152170003,0.1506221427449684,0.1939152831420584,0.1514982525993204,0.1248372751949076,0.1629011311017449
242,242.0,0.222213179862807,0.1525475955848788,0.1906024703066438,0.1498061335377974,0.1233814161698414,0.1614492045380317
243,243.0,0.228104221763144,0.1537730684348871,0.1866206251031048,0.1483673763223635,0.1232365464304905,0.1598981619460102
244,244.0,0.2335673860023948,0.1549932167911889,0.1827122058974054,0.147072756478495,0.1232723887864294,0.1583820460440864
245,245.0,0.2350194001328472,0.1580535144767346,0.17933752571039,0.1463493778960457,0.1238990850331411,0.1573410967508414
246,246.0,0.2360611447383621,0.1610679150103157,0.1760912431563461,0.1457616359489837,0.1246655685333669,0.1563524926126254
247,247.0,0.2367610927466087,0.1641690791119351,0.1730362537789233,0.1452220607556481,0.1253581740905124,0.1554533395163723
248,248.0,0.234989331385108,0.1682066713063907,0.1713553503812855,0.1457633541267506,0.1251105003762484,0.1545747924242168
249,249.0,0.2336159079346084,0.1726736569894387,0.1694219810184782,0.1461299527800728,0.1246769885627948,0.153481512714607
250,250.0,0.2319897228385149,0.1769824269553893,0.1676557259806463,0.1465856602008597,0.1243305575782053,0.1524559064463845
251,251.0,0.2300412030012366,0.1801057150762927,0.1670575363856708,0.147228119549268,0.1240659636494392,0.1515014623380927
252,252.0,0.2276998448730425,0.1829197255443335,0.1673943653629934,0.1477100088168293,0.1237665578990909,0.1505094975037104
253,253.0,0.2242250991110595,0.1852739992668707,0.1702037583500267,0.1469893193657059,0.1236264779044842,0.1496813460018529
254,254.0,0.2220965454427798,0.1874188892591516,0.1731093909899554,0.1463214380401995,0.1235522957860952,0.1475014404818186
255,255.0,0.2199151359098015,0.1893538849942788,0.1760725829910905,0.1457077628410035,0.1235381635774857,0.1454124696863399
256,256.0,0.2186278836138377,0.1907505393605299,0.1784735309128845,0.1448189233273923,0.1233238886054351,0.1440052341799204
257,257.0,0.216943948213379,0.1919758380944246,0.1817444810252613,0.143602152876478,0.1232976532105627,0.1424359265798944
258,258.0,0.2160453527072181,0.1928965164616536,0.1846457386909953,0.142338925609778,0.1232063883883954,0.1408670781419598
259,259.0,0.215162549060987,0.1936338297152109,0.1876134657062984,0.1411465194815378,0.1231575097298844,0.1392861263060815
260,260.0,0.213302786125155,0.194365407900595,0.1904959532506761,0.140029776439194,0.1231472674052493,0.1386588088791308
261,261.0,0.2114823574580404,0.1949345087427693,0.1932729003957771,0.1389922976045803,0.1231719002043488,0.1381460355944843
262,262.0,0.2087155339194428,0.195351688967633,0.1969270917100782,0.1380365313452698,0.1232276742868184,0.1377414797707581
263,263.0,0.2072681165806528,0.1953717995653414,0.2001310991129861,0.1370190308293868,0.1230513746950059,0.1371585792166272
264,264.0,0.2059034949811968,0.1952648987350274,0.2031707464970882,0.1360864944009921,0.1229015605718992,0.1366728048137966
265,265.0,0.2046270357631359,0.1950447566277963,0.2060320733904241,0.1352397510156207,0.1227770815118586,0.1362793016911646
266,266.0,0.2034204726530334,0.194829136659808,0.2086769574931644,0.1344616006278412,0.122652725354202,0.1359591072119512
267,267.0,0.2023088748359246,0.1945259287361618,0.2111252012153166,0.1337683447992567,0.1225512544707459,0.1357203959425945
268,268.0,0.2012938617606811,0.1931469237316601,0.2145018562875882,0.1331584266322337,0.1224713950429049,0.1354275365449323
269,269.0,0.2009098356177794,0.1919646291555711,0.2174855542294836,0.1320574059700806,0.1226662522738636,0.134916322753222
270,270.0,0.200339240717117,0.1906062840459016,0.2210791770180448,0.1309014993950281,0.1227384960575226,0.1343353027663861
271,271.0,0.1994119954390323,0.1890058546848841,0.2248802403851641,0.1306105323418944,0.122602443078553,0.1334889340704723
272,272.0,0.1982094009104119,0.1890399174276272,0.2278845350938599,0.1301281932562917,0.1222984653611893,0.1324394879506202
273,273.0,0.1970982907288682,0.1890719551636002,0.2306326041537968,0.1297238972777775,0.1220100315200808,0.1314632211558767
274,274.0,0.1960806275615092,0.1891018500161203,0.2331225894392511,0.1293938830554281,0.1217384715060131,0.1305625784216783
275,275.0,0.1951572433385899,0.1891295173250076,0.2353553994748167,0.1291340225558504,0.1214848135364228,0.1297390037693127
276,276.0,0.1943279440078956,0.1891549031715366,0.2373344236851267,0.1289398990117632,0.1212498039865581,0.12899302613712
277,277.0,0.1935916140735106,0.1891779818434778,0.2390652504106037,0.1288068799630581,0.121033928109945,0.128324345599405
278,278.0,0.1922392491880772,0.190713904786722,0.2391412497183346,0.1289322053527044,0.1210394515000447,0.1279339394541173
279,279.0,0.1909823401319182,0.1922323919810702,0.2389998716297442,0.1291069693011521,0.1210623608144668,0.1276160661416487
280,280.0,0.1898239104126678,0.1937200021294684,0.2386642676653503,0.1293244803130367,0.1211006883676348,0.1273666511118422
281,281.0,0.1887656963938276,0.1951649468350278,0.2381572164523774,0.1295782885718956,0.1211525090601424,0.1271813426867295
282,282.0,0.1878082586455449,0.1965570431949765,0.2375009332278131,0.1298622262704428,0.1212159553711307,0.1270555832900924
283,283.0,0.1869510939182469,0.1978876550802762,0.2367169040250621,0.130170441087724,0.1212892302756415,0.1269846756130496
284,284.0,0.1864378445963237,0.1991571662976684,0.2363121690733371,0.1302447836463476,0.1208992757821706,0.1269487606041529
285,285.0,0.1852719101504098,0.1994268797961287,0.2375683102448696,0.1308385200654507,0.1206828601825847,0.1262115195605567
286,286.0,0.1840634074705524,0.1993490926425799,0.2384509786599188,0.1313019626279834,0.1203398009584986,0.1264947576404672
287,287.0,0.1828147895180554,0.1990704438848697,0.2389609171322047,0.1314907285161996,0.1209834152868253,0.1266797056618455
288,288.0,0.1816675539997079,0.1987388061709911,0.2393802992712808,0.1316803977386488,0.1227447107801513,0.1257882320392202
289,289.0,0.1806230350272784,0.1983627947737,0.2397139868890772,0.1318689832696833,0.1244943063670435,0.1249368936732178
290,290.0,0.1796814061358994,0.1979506071753104,0.239967212561544,0.132054707623134,0.1262158760822763,0.124130190421836
291,291.0,0.1788417946063795,0.1975099828719161,0.2401454902264896,0.132235999673225,0.1278950068158633,0.1233717258061266
292,292.0,0.1782412837067171,0.1973259495548293,0.2405323096857942,0.1325503786186802,0.1285469289364111,0.1228031494975683
293,293.0,0.177598079594034,0.1968469106808124,0.2405751707876512,0.1327175030916196,0.1301150663062402,0.1221472695396427
294,294.0,0.1772542328371083,0.1964523952895364,0.2395421677409138,0.133399236818375,0.1316012430108513,0.1217507243032151
295,295.0,0.1769975318822194,0.196052181900926,0.2384655027051946,0.1340658729648688,0.1330130790640058,0.1214058314827855
296,296.0,0.1768218291587124,0.1956508424486006,0.2373603085297488,0.134712254927662,0.1343438901703177,0.1211108747649585
297,297.0,0.1767207818706842,0.1952525029334549,0.2362404900703036,0.1353339443054969,0.1355884707134083,0.1208638101066522
298,298.0,0.1766879349474672,0.1948608467569225,0.2351187079398534,0.1359271934630909,0.1367429979441686,0.1206623189484974
299,299.0,0.1767167968218124,0.1944791221469074,0.2340063763268031,0.1364889139308921,0.1378049319215243,0.1205038588520606
300,300.0,0.1771183683126806,0.192205391288096,0.233548594130464,0.1373341016906622,0.1390903729485024,0.1207031716295947
301,301.0,0.1773870770292249,0.1897873063996705,0.2327559128025569,0.1379616724213209,0.1400998301955853,0.1220082011516416
302,302.0,0.1776942364474267,0.1874241980191907,0.2319911776409462,0.1385478264041869,0.1410115217540059,0.1233310397342437
303,303.0,0.1763662632362714,0.1855508662463335,0.231675908047285,0.1386741771075442,0.1434927739437129,0.1242400114188529
304,304.0,0.1763418551527112,0.1840517492777479,0.2291115641289691,0.1390501238919927,0.1460126118304743,0.1254320957181048
305,305.0,0.1760827650355206,0.1825520921023204,0.2270868390637497,0.1391764937623062,0.148394210178074,0.1267075998580291
306,306.0,0.175860230388463,0.1811493946856816,0.2251319044271912,0.1392657463813974,0.1506384255586881,0.1279542985585787
307,307.0,0.1756847257729004,0.1788598927880237,0.2251137411394989,0.1393326057101025,0.1518345244508842,0.1291745101385903
308,308.0,0.1755161479096362,0.1768140086695052,0.2251143579670017,0.1393547076802145,0.1528686754869323,0.1303321022867102
309,309.0,0.1753792868349128,0.1763198058510538,0.2250032728602972,0.1393482054743114,0.1537633897950747,0.1301860391843501
310,310.0,0.174562022020306,0.1776595979133872,0.2230764970226034,0.1396057070717363,0.1548133464447029,0.1302828295272643
311,311.0,0.1737798522022358,0.1790901588763748,0.2212241529996818,0.1398375227904678,0.155731807349458,0.1303365057817819
312,312.0,0.1729259784681183,0.1814769951292103,0.2204414480344114,0.1385042205215055,0.1564116263636684,0.1302397314830862
313,313.0,0.1719375385183278,0.1837220393518092,0.2206363881278226,0.1369827879434512,0.1567912980576752,0.1299299480009141
314,314.0,0.1709614420095951,0.1858658088819833,0.2204882881400452,0.1352372726615633,0.1579135709590569,0.1295336173477563
315,315.0,0.171468218076517,0.1865691552029321,0.2204085929031228,0.133515162732475,0.1589227276139566,0.1291161434709966
316,316.0,0.1718041509504981,0.1877977307510121,0.2207826730357531,0.131616692255551,0.1595295840400695,0.1284691689671164
317,317.0,0.1721761474402746,0.188998090484393,0.2212091374723819,0.1297716638085257,0.1600296653323767,0.1278152954620482
318,318.0,0.1734697383622262,0.1899824809586395,0.2214999117096716,0.1278146120443082,0.1602500767627644,0.1269831801623901
319,319.0,0.1745099662085275,0.1905079559468023,0.2218201056467372,0.1256181017922097,0.1602601275690354,0.127283742836688
320,320.0,0.1756966172250293,0.1909557515907937,0.2221056936008313,0.1235059996685639,0.1601650308096437,0.1275709071051383
321,321.0,0.1768725110781943,0.1913591034221299,0.2224144490747392,0.1214991528509091,0.1599953084700925,0.1278594751039352
322,322.0,0.1781993783389281,0.191718422303763,0.2227409677617405,0.1196071042768227,0.1597601203317934,0.1279740069869526
