,Unnamed: 0,Total_iterations,Intertwine_two,Add_vertex,Delete_vertex,Invert_path_vertices,Insert_inside_vertex,Delete_inside_vertex
0,0.0,0.0,0.16666666666666657,0.16666666666666657,0.16666666666666657,0.16666666666666657,0.16666666666666657,0.16666666666666657
1,1.0,1.0,0.16666666666666657,0.16666666666666657,0.16666666666666657,0.16666666666666657,0.16666666666666657,0.16666666666666657
2,2.0,2.0,0.16666666666666657,0.16666666666666657,0.16666666666666657,0.16666666666666657,0.16666666666666657,0.16666666666666657
3,3.0,3.0,0.16666666666666657,0.16666666666666657,0.16666666666666657,0.16666666666666657,0.16666666666666657,0.16666666666666657
4,4.0,4.0,0.16666666666666657,0.16666666666666657,0.16666666666666657,0.16666666666666657,0.16666666666666657,0.16666666666666657
5,5.0,5.0,0.16666666666666657,0.16666666666666657,0.16666666666666657,0.16666666666666657,0.16666666666666657,0.16666666666666657
6,6.0,6.0,0.16666666666666657,0.16666666666666657,0.16666666666666657,0.16666666666666657,0.16666666666666657,0.16666666666666657
7,7.0,7.0,0.16666666666666657,0.16666666666666657,0.16666666666666657,0.16666666666666657,0.16666666666666657,0.16666666666666657
8,8.0,8.0,0.16666666666666657,0.16666666666666657,0.16666666666666657,0.16666666666666657,0.16666666666666657,0.16666666666666657
9,9.0,9.0,0.16666666666666657,0.16666666666666657,0.16666666666666657,0.16666666666666657,0.16666666666666657,0.16666666666666657
10,10.0,10.0,0.16666666666666657,0.16666666666666657,0.16666666666666657,0.16666666666666657,0.16666666666666657,0.16666666666666657
11,11.0,11.0,0.16666666666666657,0.16666666666666657,0.16666666666666657,0.16666666666666657,0.16666666666666657,0.16666666666666657
12,12.0,12.0,0.16666666666666657,0.16666666666666657,0.16666666666666657,0.16666666666666657,0.16666666666666657,0.16666666666666657
13,13.0,13.0,0.16666666666666657,0.16666666666666657,0.16666666666666657,0.16666666666666657,0.16666666666666657,0.16666666666666657
14,14.0,14.0,0.16666666666666657,0.16666666666666657,0.16666666666666657,0.16666666666666657,0.16666666666666657,0.16666666666666657
15,15.0,15.0,0.16666666666666657,0.16666666666666657,0.16666666666666657,0.16666666666666657,0.16666666666666657,0.16666666666666657
16,16.0,16.0,0.16666666666666657,0.16666666666666657,0.16666666666666657,0.16666666666666657,0.16666666666666657,0.16666666666666657
17,17.0,17.0,0.16666666666666657,0.16666666666666657,0.16666666666666657,0.16666666666666657,0.16666666666666657,0.16666666666666657
18,18.0,18.0,0.16666666666666657,0.16666666666666657,0.16666666666666657,0.16666666666666657,0.16666666666666657,0.16666666666666657
19,19.0,19.0,0.16666666666666657,0.16666666666666657,0.16666666666666657,0.16666666666666657,0.16666666666666657,0.16666666666666657
20,20.0,20.0,0.16666666666666657,0.16666666666666657,0.16666666666666657,0.16666666666666657,0.16666666666666657,0.16666666666666657
21,21.0,21.0,0.16666666666666657,0.16666666666666657,0.16666666666666657,0.16666666666666657,0.16666666666666657,0.16666666666666657
22,22.0,22.0,0.16666666666666657,0.16666666666666657,0.16666666666666657,0.16666666666666657,0.16666666666666657,0.16666666666666657
23,23.0,23.0,0.16666666666666657,0.16666666666666657,0.16666666666666657,0.16666666666666657,0.16666666666666657,0.16666666666666657
24,24.0,24.0,0.16666666666666657,0.16666666666666657,0.16666666666666657,0.16666666666666657,0.16666666666666657,0.16666666666666657
25,25.0,25.0,0.16666666666666657,0.16666666666666657,0.16666666666666657,0.16666666666666657,0.16666666666666657,0.16666666666666657
26,26.0,26.0,0.16666666666666657,0.16666666666666657,0.16666666666666657,0.16666666666666657,0.16666666666666657,0.16666666666666657
27,27.0,27.0,0.16666666666666657,0.16666666666666657,0.16666666666666657,0.16666666666666657,0.16666666666666657,0.16666666666666657
28,28.0,28.0,0.16666666666666657,0.16666666666666657,0.16666666666666657,0.16666666666666657,0.16666666666666657,0.16666666666666657
29,29.0,29.0,0.16666666666666657,0.16666666666666657,0.16666666666666657,0.16666666666666657,0.16666666666666657,0.16666666666666657
30,30.0,30.0,0.16666666666666657,0.16666666666666657,0.16666666666666657,0.16666666666666657,0.16666666666666657,0.16666666666666657
31,31.0,31.0,0.16666666666666657,0.16666666666666657,0.16666666666666657,0.16666666666666657,0.16666666666666657,0.16666666666666657
32,32.0,32.0,0.16666666666666657,0.16666666666666657,0.16666666666666657,0.16666666666666657,0.16666666666666657,0.16666666666666657
33,33.0,33.0,0.16666666666666657,0.16666666666666657,0.16666666666666657,0.16666666666666657,0.16666666666666657,0.16666666666666657
34,34.0,34.0,0.16666666666666657,0.16666666666666657,0.16666666666666657,0.16666666666666657,0.16666666666666657,0.16666666666666657
35,35.0,35.0,0.16666666666666657,0.16666666666666657,0.16666666666666657,0.16666666666666657,0.16666666666666657,0.16666666666666657
36,36.0,36.0,0.16666666666666657,0.16666666666666657,0.16666666666666657,0.16666666666666657,0.16666666666666657,0.16666666666666657
37,37.0,37.0,0.16666666666666657,0.16666666666666657,0.16666666666666657,0.16666666666666657,0.16666666666666657,0.16666666666666657
38,38.0,38.0,0.16666666666666657,0.16666666666666657,0.16666666666666657,0.16666666666666657,0.16666666666666657,0.16666666666666657
39,39.0,39.0,0.16666666666666657,0.16666666666666657,0.16666666666666657,0.16666666666666657,0.16666666666666657,0.16666666666666657
40,40.0,40.0,0.16666666666666657,0.16666666666666657,0.16666666666666657,0.16666666666666657,0.16666666666666657,0.16666666666666657
41,41.0,41.0,0.16666666666666657,0.16666666666666657,0.16666666666666657,0.16666666666666657,0.16666666666666657,0.16666666666666657
42,42.0,42.0,0.16666666666666657,0.16666666666666657,0.16666666666666657,0.16666666666666657,0.16666666666666657,0.16666666666666657
43,43.0,43.0,0.16666666666666657,0.16666666666666657,0.16666666666666657,0.16666666666666657,0.16666666666666657,0.16666666666666657
44,44.0,44.0,0.16666666666666657,0.16666666666666657,0.16666666666666657,0.16666666666666657,0.16666666666666657,0.16666666666666657
45,45.0,45.0,0.16666666666666657,0.16666666666666657,0.16666666666666657,0.16666666666666657,0.16666666666666657,0.16666666666666657
46,46.0,46.0,0.16666666666666657,0.16666666666666657,0.16666666666666657,0.16666666666666657,0.16666666666666657,0.16666666666666657
47,47.0,47.0,0.16666666666666657,0.16666666666666657,0.16666666666666657,0.16666666666666657,0.16666666666666657,0.16666666666666657
48,48.0,48.0,0.16666666666666657,0.16666666666666657,0.16666666666666657,0.16666666666666657,0.16666666666666657,0.16666666666666657
49,49.0,49.0,0.16666666666666657,0.16666666666666657,0.16666666666666657,0.16666666666666657,0.16666666666666657,0.16666666666666657
50,50.0,50.0,0.16666666666666657,0.16666666666666657,0.16666666666666657,0.16666666666666657,0.16666666666666657,0.16666666666666657
51,51.0,51.0,0.16666666666666657,0.16666666666666657,0.16666666666666657,0.16666666666666657,0.16666666666666657,0.16666666666666657
52,52.0,52.0,0.16666666666666657,0.16666666666666657,0.16666666666666657,0.16666666666666657,0.16666666666666657,0.16666666666666657
53,53.0,53.0,0.16666666666666657,0.16666666666666657,0.16666666666666657,0.16666666666666657,0.16666666666666657,0.16666666666666657
54,54.0,54.0,0.16666666666666657,0.16666666666666657,0.16666666666666657,0.16666666666666657,0.16666666666666657,0.16666666666666657
55,55.0,55.0,0.16666666666666657,0.16666666666666657,0.16666666666666657,0.16666666666666657,0.16666666666666657,0.16666666666666657
56,56.0,56.0,0.16666666666666657,0.16666666666666657,0.16666666666666657,0.16666666666666657,0.16666666666666657,0.16666666666666657
57,57.0,57.1,0.16666666666666657,0.16666666666666657,0.16666666666666657,0.16666666666666657,0.16666666666666657,0.16666666666666657
58,58.0,58.1,0.16666666666666657,0.16666666666666657,0.16666666666666657,0.16666666666666657,0.16666666666666657,0.16666666666666657
59,59.0,59.1,0.16666666666666657,0.16666666666666657,0.16666666666666657,0.16666666666666657,0.16666666666666657,0.16666666666666657
60,60.0,60.1,0.16666666666666657,0.16666666666666657,0.16666666666666657,0.16666666666666657,0.16666666666666657,0.16666666666666657
61,61.0,61.1,0.16666666666666657,0.16666666666666657,0.16666666666666657,0.16666666666666657,0.16666666666666657,0.16666666666666657
62,62.0,62.1,0.16666666666666657,0.16666666666666657,0.16666666666666657,0.16666666666666657,0.16666666666666657,0.16666666666666657
63,63.0,63.1,0.16666666666666657,0.16666666666666657,0.16666666666666657,0.16666666666666657,0.16666666666666657,0.16666666666666657
64,64.0,64.1,0.16666666666666657,0.16666666666666657,0.16666666666666657,0.16666666666666657,0.16666666666666657,0.16666666666666657
65,65.0,65.1,0.16666666666666657,0.16666666666666657,0.16666666666666657,0.16666666666666657,0.16666666666666657,0.16666666666666657
66,66.0,66.1,0.16666666666666657,0.16666666666666657,0.16666666666666657,0.16666666666666657,0.16666666666666657,0.16666666666666657
67,67.0,67.1,0.16666666666666657,0.16666666666666657,0.16666666666666657,0.16666666666666657,0.16666666666666657,0.16666666666666657
68,68.0,68.1,0.16666666666666657,0.16666666666666657,0.16666666666666657,0.16666666666666657,0.16666666666666657,0.16666666666666657
69,69.0,69.1,0.16666666666666657,0.16666666666666657,0.16666666666666657,0.16666666666666657,0.16666666666666657,0.16666666666666657
70,70.0,70.1,0.16666666666666657,0.16666666666666657,0.16666666666666657,0.16666666666666657,0.16666666666666657,0.16666666666666657
71,71.0,71.1,0.16666666666666657,0.16666666666666657,0.16666666666666657,0.16666666666666657,0.16666666666666657,0.16666666666666657
72,72.0,72.1,0.16666666666666657,0.16666666666666657,0.16666666666666657,0.16666666666666657,0.16666666666666657,0.16666666666666657
73,73.0,73.1,0.16666666666666657,0.16666666666666657,0.16666666666666657,0.16666666666666657,0.16666666666666657,0.16666666666666657
74,74.0,74.1,0.16666666666666657,0.16666666666666657,0.16666666666666657,0.16666666666666657,0.16666666666666657,0.16666666666666657
75,75.0,75.1,0.16666666666666657,0.16666666666666657,0.16666666666666657,0.16666666666666657,0.16666666666666657,0.16666666666666657
76,76.0,76.1,0.16666666666666657,0.16666666666666657,0.16666666666666657,0.16666666666666657,0.16666666666666657,0.16666666666666657
77,77.0,77.1,0.16666666666666657,0.16666666666666657,0.16666666666666657,0.16666666666666657,0.16666666666666657,0.16666666666666657
78,78.0,78.1,0.16666666666666657,0.16666666666666657,0.16666666666666657,0.16666666666666657,0.16666666666666657,0.16666666666666657
79,79.0,79.1,0.16666666666666657,0.16666666666666657,0.16666666666666657,0.16666666666666657,0.16666666666666657,0.16666666666666657
80,80.0,80.1,0.16666666666666657,0.16666666666666657,0.16666666666666657,0.16666666666666657,0.16666666666666657,0.16666666666666657
81,81.0,81.1,0.16666666666666657,0.16666666666666657,0.16666666666666657,0.16666666666666657,0.16666666666666657,0.16666666666666657
82,82.0,82.1,0.16666666666666657,0.16666666666666657,0.16666666666666657,0.16666666666666657,0.16666666666666657,0.16666666666666657
83,83.0,83.1,0.16666666666666657,0.16666666666666657,0.16666666666666657,0.16666666666666657,0.16666666666666657,0.16666666666666657
84,84.0,84.1,0.16666666666666657,0.16666666666666657,0.16666666666666657,0.16666666666666657,0.16666666666666657,0.16666666666666657
85,85.0,85.1,0.16666666666666657,0.16666666666666657,0.16666666666666657,0.16666666666666657,0.16666666666666657,0.16666666666666657
86,86.0,86.1,0.16666666666666657,0.16666666666666657,0.16666666666666657,0.16666666666666657,0.16666666666666657,0.16666666666666657
87,87.0,87.1,0.16666666666666657,0.16666666666666657,0.16666666666666657,0.16666666666666657,0.16666666666666657,0.16666666666666657
88,88.0,88.2,0.16666666666666657,0.16666666666666657,0.16666666666666657,0.16666666666666657,0.16666666666666657,0.16666666666666657
89,89.0,89.2,0.16666666666666657,0.16666666666666657,0.16666666666666657,0.16666666666666657,0.16666666666666657,0.16666666666666657
90,90.0,90.2,0.16666666666666657,0.16666666666666657,0.16666666666666657,0.16666666666666657,0.16666666666666657,0.16666666666666657
91,91.0,91.2,0.16666666666666657,0.16666666666666657,0.16666666666666657,0.16666666666666657,0.16666666666666657,0.16666666666666657
92,92.0,92.2,0.16666666666666657,0.16666666666666657,0.16666666666666657,0.16666666666666657,0.16666666666666657,0.16666666666666657
93,93.0,93.3,0.16666666666666657,0.16666666666666657,0.16666666666666657,0.16666666666666657,0.16666666666666657,0.16666666666666657
94,94.0,94.3,0.16666666666666657,0.16666666666666657,0.16666666666666657,0.16666666666666657,0.16666666666666657,0.16666666666666657
95,95.0,95.3,0.16666666666666657,0.16666666666666657,0.16666666666666657,0.16666666666666657,0.16666666666666657,0.16666666666666657
96,96.0,96.3,0.16666666666666657,0.16666666666666657,0.16666666666666657,0.16666666666666657,0.16666666666666657,0.16666666666666657
97,97.0,97.3,0.16666666666666657,0.16666666666666657,0.16666666666666657,0.16666666666666657,0.16666666666666657,0.16666666666666657
98,98.0,98.4,0.16666666666666657,0.16666666666666657,0.16666666666666657,0.16666666666666657,0.16666666666666657,0.16666666666666657
99,99.0,99.5,0.16666666666666657,0.16666666666666657,0.16666666666666657,0.16666666666666657,0.16666666666666657,0.16666666666666657
100,100.0,100.5,0.16666666666666657,0.16666666666666657,0.16666666666666657,0.16666666666666657,0.16666666666666657,0.16666666666666657
101,101.0,101.5,0.16666666666666657,0.16666666666666657,0.16666666666666657,0.16666666666666657,0.16666666666666657,0.16666666666666657
102,102.0,102.5,0.16666666666666657,0.16666666666666657,0.16666666666666657,0.16666666666666657,0.16666666666666657,0.16666666666666657
103,103.0,103.5,0.16666666666666657,0.16666666666666657,0.16666666666666657,0.16666666666666657,0.16666666666666657,0.16666666666666657
104,104.0,104.5,0.16666666666666657,0.16666666666666657,0.16666666666666657,0.16666666666666657,0.16666666666666657,0.16666666666666657
105,105.0,105.5,0.16666666666666657,0.16666666666666657,0.16666666666666657,0.16666666666666657,0.16666666666666657,0.16666666666666657
106,106.0,106.5,0.16666666666666657,0.16666666666666657,0.16666666666666657,0.16666666666666657,0.16666666666666657,0.16666666666666657
107,107.0,107.5,0.16666666666666657,0.16666666666666657,0.16666666666666657,0.16666666666666657,0.16666666666666657,0.16666666666666657
108,108.0,108.5,0.16666666666666657,0.16666666666666657,0.16666666666666657,0.16666666666666657,0.16666666666666657,0.16666666666666657
109,109.0,109.5,0.16666666666666657,0.16666666666666657,0.16666666666666657,0.16666666666666657,0.16666666666666657,0.16666666666666657
110,110.0,110.5,0.16666666666666657,0.16666666666666657,0.16666666666666657,0.16666666666666657,0.16666666666666657,0.16666666666666657
111,111.0,111.5,0.16666666666666657,0.16666666666666657,0.16666666666666657,0.16666666666666657,0.16666666666666657,0.16666666666666657
112,112.0,112.5,0.16666666666666657,0.16666666666666657,0.16666666666666657,0.16666666666666657,0.16666666666666657,0.16666666666666657
113,113.0,113.5,0.16666666666666657,0.16666666666666657,0.16666666666666657,0.16666666666666657,0.16666666666666657,0.16666666666666657
114,114.0,114.5,0.16666666666666657,0.16666666666666657,0.16666666666666657,0.16666666666666657,0.16666666666666657,0.16666666666666657
115,115.0,115.6,0.16666666666666657,0.16666666666666657,0.16666666666666657,0.16666666666666657,0.16666666666666657,0.16666666666666657
116,116.0,116.6,0.16666666666666657,0.16666666666666657,0.16666666666666657,0.16666666666666657,0.16666666666666657,0.16666666666666657
117,117.0,117.6,0.16666666666666657,0.16666666666666657,0.16666666666666657,0.16666666666666657,0.16666666666666657,0.16666666666666657
118,118.0,118.6,0.16666666666666657,0.16666666666666657,0.16666666666666657,0.16666666666666657,0.16666666666666657,0.16666666666666657
119,119.0,119.6,0.16666666666666657,0.16666666666666657,0.16666666666666657,0.16666666666666657,0.16666666666666657,0.16666666666666657
120,120.0,120.6,0.16666666666666657,0.16666666666666657,0.16666666666666657,0.16666666666666657,0.16666666666666657,0.16666666666666657
121,121.0,121.6,0.16666666666666657,0.16666666666666657,0.16666666666666657,0.16666666666666657,0.16666666666666657,0.16666666666666657
122,122.0,122.6,0.16666666666666657,0.16666666666666657,0.16666666666666657,0.16666666666666657,0.16666666666666657,0.16666666666666657
123,123.0,123.6,0.16666666666666657,0.16666666666666657,0.16666666666666657,0.16666666666666657,0.16666666666666657,0.16666666666666657
124,124.0,124.6,0.16666666666666657,0.16666666666666657,0.16666666666666657,0.16666666666666657,0.16666666666666657,0.16666666666666657
125,125.0,125.6,0.16666666666666657,0.16666666666666657,0.16666666666666657,0.16666666666666657,0.16666666666666657,0.16666666666666657
126,126.0,126.6,0.16666666666666657,0.16666666666666657,0.16666666666666657,0.16666666666666657,0.16666666666666657,0.16666666666666657
127,127.0,127.6,0.16666666666666657,0.16666666666666657,0.16666666666666657,0.16666666666666657,0.16666666666666657,0.16666666666666657
128,128.0,128.6,0.16666666666666657,0.16666666666666657,0.16666666666666657,0.16666666666666657,0.16666666666666657,0.16666666666666657
129,129.0,129.6,0.16666666666666657,0.16666666666666657,0.16666666666666657,0.16666666666666657,0.16666666666666657,0.16666666666666657
130,130.0,130.6,0.16666666666666657,0.16666666666666657,0.16666666666666657,0.16666666666666657,0.16666666666666657,0.16666666666666657
131,131.0,131.6,0.16666666666666657,0.16666666666666657,0.16666666666666657,0.16666666666666657,0.16666666666666657,0.16666666666666657
132,132.0,132.6,0.16666666666666657,0.16666666666666657,0.16666666666666657,0.16666666666666657,0.16666666666666657,0.16666666666666657
133,133.0,133.6,0.16666666666666657,0.16666666666666657,0.16666666666666657,0.16666666666666657,0.16666666666666657,0.16666666666666657
134,134.0,134.6,0.16666666666666657,0.16666666666666657,0.16666666666666657,0.16666666666666657,0.16666666666666657,0.16666666666666657
135,135.0,135.6,0.16666666666666657,0.16666666666666657,0.16666666666666657,0.16666666666666657,0.16666666666666657,0.16666666666666657
136,136.0,136.6,0.16666666666666657,0.16666666666666657,0.16666666666666657,0.16666666666666657,0.16666666666666657,0.16666666666666657
137,137.0,137.6,0.16666666666666657,0.16666666666666657,0.16666666666666657,0.16666666666666657,0.16666666666666657,0.16666666666666657
138,138.0,138.6,0.16666666666666657,0.16666666666666657,0.16666666666666657,0.16666666666666657,0.16666666666666657,0.16666666666666657
139,139.0,139.6,0.16666666666666657,0.16666666666666657,0.16666666666666657,0.16666666666666657,0.16666666666666657,0.16666666666666657
140,140.0,140.6,0.16666666666666657,0.16666666666666657,0.16666666666666657,0.16666666666666657,0.16666666666666657,0.16666666666666657
141,141.0,141.6,0.16666666666666657,0.16666666666666657,0.16666666666666657,0.16666666666666657,0.16666666666666657,0.16666666666666657
142,142.0,142.6,0.16666666666666657,0.16666666666666657,0.16666666666666657,0.16666666666666657,0.16666666666666657,0.16666666666666657
143,143.0,143.6,0.16666666666666657,0.16666666666666657,0.16666666666666657,0.16666666666666657,0.16666666666666657,0.16666666666666657
144,144.0,144.6,0.16666666666666657,0.16666666666666657,0.16666666666666657,0.16666666666666657,0.16666666666666657,0.16666666666666657
145,145.0,145.6,0.16666666666666657,0.16666666666666657,0.16666666666666657,0.16666666666666657,0.16666666666666657,0.16666666666666657
146,146.0,146.6,0.16666666666666657,0.16666666666666657,0.16666666666666657,0.16666666666666657,0.16666666666666657,0.16666666666666657
147,147.0,147.6,0.16666666666666657,0.16666666666666657,0.16666666666666657,0.16666666666666657,0.16666666666666657,0.16666666666666657
148,148.0,148.6,0.16666666666666657,0.16666666666666657,0.16666666666666657,0.16666666666666657,0.16666666666666657,0.16666666666666657
149,149.0,149.6,0.16666666666666657,0.16666666666666657,0.16666666666666657,0.16666666666666657,0.16666666666666657,0.16666666666666657
150,150.0,150.6,0.16666666666666657,0.16666666666666657,0.16666666666666657,0.16666666666666657,0.16666666666666657,0.16666666666666657
151,151.0,151.6,0.16666666666666657,0.16666666666666657,0.16666666666666657,0.16666666666666657,0.16666666666666657,0.16666666666666657
152,152.0,152.6,0.16666666666666657,0.16666666666666657,0.16666666666666657,0.16666666666666657,0.16666666666666657,0.16666666666666657
153,153.0,153.6,0.16666666666666657,0.16666666666666657,0.16666666666666657,0.16666666666666657,0.16666666666666657,0.16666666666666657
154,154.0,154.6,0.16666666666666657,0.16666666666666657,0.16666666666666657,0.16666666666666657,0.16666666666666657,0.16666666666666657
155,155.0,155.6,0.16666666666666657,0.16666666666666657,0.16666666666666657,0.16666666666666657,0.16666666666666657,0.16666666666666657
156,156.0,156.6,0.16666666666666657,0.16666666666666657,0.16666666666666657,0.16666666666666657,0.16666666666666657,0.16666666666666657
157,157.0,157.6,0.16666666666666657,0.16666666666666657,0.16666666666666657,0.16666666666666657,0.16666666666666657,0.16666666666666657
158,158.0,158.6,0.16666666666666657,0.16666666666666657,0.16666666666666657,0.16666666666666657,0.16666666666666657,0.16666666666666657
159,159.0,159.6,0.16666666666666657,0.16666666666666657,0.16666666666666657,0.16666666666666657,0.16666666666666657,0.16666666666666657
160,160.0,160.6,0.16666666666666657,0.16666666666666657,0.16666666666666657,0.16666666666666657,0.16666666666666657,0.16666666666666657
161,161.0,161.6,0.16666666666666657,0.16666666666666657,0.16666666666666657,0.16666666666666657,0.16666666666666657,0.16666666666666657
162,162.0,162.6,0.16666666666666657,0.16666666666666657,0.16666666666666657,0.16666666666666657,0.16666666666666657,0.16666666666666657
163,163.0,163.6,0.16666666666666657,0.16666666666666657,0.16666666666666657,0.16666666666666657,0.16666666666666657,0.16666666666666657
164,164.0,164.6,0.16666666666666657,0.16666666666666657,0.16666666666666657,0.16666666666666657,0.16666666666666657,0.16666666666666657
165,165.0,165.6,0.16666666666666657,0.16666666666666657,0.16666666666666657,0.16666666666666657,0.16666666666666657,0.16666666666666657
166,166.0,166.6,0.16666666666666657,0.16666666666666657,0.16666666666666657,0.16666666666666657,0.16666666666666657,0.16666666666666657
167,167.0,167.6,0.16666666666666657,0.16666666666666657,0.16666666666666657,0.16666666666666657,0.16666666666666657,0.16666666666666657
168,168.0,168.6,0.16666666666666657,0.16666666666666657,0.16666666666666657,0.16666666666666657,0.16666666666666657,0.16666666666666657
169,169.0,169.6,0.16666666666666657,0.16666666666666657,0.16666666666666657,0.16666666666666657,0.16666666666666657,0.16666666666666657
170,170.0,170.6,0.16666666666666657,0.16666666666666657,0.16666666666666657,0.16666666666666657,0.16666666666666657,0.16666666666666657
171,171.0,171.6,0.16666666666666657,0.16666666666666657,0.16666666666666657,0.16666666666666657,0.16666666666666657,0.16666666666666657
172,172.0,172.6,0.16666666666666657,0.16666666666666657,0.16666666666666657,0.16666666666666657,0.16666666666666657,0.16666666666666657
173,173.0,173.6,0.16666666666666657,0.16666666666666657,0.16666666666666657,0.16666666666666657,0.16666666666666657,0.16666666666666657
174,174.0,174.6,0.16666666666666657,0.16666666666666657,0.16666666666666657,0.16666666666666657,0.16666666666666657,0.16666666666666657
175,175.0,175.6,0.16666666666666657,0.16666666666666657,0.16666666666666657,0.16666666666666657,0.16666666666666657,0.16666666666666657
176,176.0,176.6,0.16666666666666657,0.16666666666666657,0.16666666666666657,0.16666666666666657,0.16666666666666657,0.16666666666666657
177,177.0,177.6,0.16666666666666657,0.16666666666666657,0.16666666666666657,0.16666666666666657,0.16666666666666657,0.16666666666666657
178,178.0,178.6,0.16666666666666657,0.16666666666666657,0.16666666666666657,0.16666666666666657,0.16666666666666657,0.16666666666666657
179,179.0,179.6,0.16666666666666657,0.16666666666666657,0.16666666666666657,0.16666666666666657,0.16666666666666657,0.16666666666666657
180,180.0,180.6,0.16666666666666657,0.16666666666666657,0.16666666666666657,0.16666666666666657,0.16666666666666657,0.16666666666666657
181,181.0,181.6,0.16666666666666657,0.16666666666666657,0.16666666666666657,0.16666666666666657,0.16666666666666657,0.16666666666666657
182,182.0,182.6,0.16666666666666657,0.16666666666666657,0.16666666666666657,0.16666666666666657,0.16666666666666657,0.16666666666666657
183,183.0,183.6,0.16666666666666657,0.16666666666666657,0.16666666666666657,0.16666666666666657,0.16666666666666657,0.16666666666666657
184,184.0,184.6,0.16666666666666657,0.16666666666666657,0.16666666666666657,0.16666666666666657,0.16666666666666657,0.16666666666666657
185,185.0,185.6,0.16666666666666657,0.16666666666666657,0.16666666666666657,0.16666666666666657,0.16666666666666657,0.16666666666666657
186,186.0,186.6,0.16666666666666657,0.16666666666666657,0.16666666666666657,0.16666666666666657,0.16666666666666657,0.16666666666666657
187,187.0,187.6,0.16666666666666657,0.16666666666666657,0.16666666666666657,0.16666666666666657,0.16666666666666657,0.16666666666666657
188,188.0,188.6,0.16666666666666657,0.16666666666666657,0.16666666666666657,0.16666666666666657,0.16666666666666657,0.16666666666666657
189,189.0,189.6,0.16666666666666657,0.16666666666666657,0.16666666666666657,0.16666666666666657,0.16666666666666657,0.16666666666666657
190,190.0,190.6,0.16666666666666657,0.16666666666666657,0.16666666666666657,0.16666666666666657,0.16666666666666657,0.16666666666666657
191,191.0,191.6,0.16666666666666657,0.16666666666666657,0.16666666666666657,0.16666666666666657,0.16666666666666657,0.16666666666666657
192,192.0,192.6,0.16666666666666657,0.16666666666666657,0.16666666666666657,0.16666666666666657,0.16666666666666657,0.16666666666666657
193,193.0,193.6,0.16666666666666657,0.16666666666666657,0.16666666666666657,0.16666666666666657,0.16666666666666657,0.16666666666666657
194,194.0,194.6,0.16666666666666657,0.16666666666666657,0.16666666666666657,0.16666666666666657,0.16666666666666657,0.16666666666666657
195,195.0,195.6,0.16666666666666657,0.16666666666666657,0.16666666666666657,0.16666666666666657,0.16666666666666657,0.16666666666666657
196,196.0,196.6,0.16666666666666657,0.16666666666666657,0.16666666666666657,0.16666666666666657,0.16666666666666657,0.16666666666666657
197,197.0,197.6,0.16666666666666657,0.16666666666666657,0.16666666666666657,0.16666666666666657,0.16666666666666657,0.16666666666666657
198,198.0,198.6,0.1606349547151693,0.1800693848992368,0.16344783276812644,0.16641275828340557,0.16402826792191125,0.1654068014121502
199,199.0,199.6,0.14803984728738737,0.18755585353070167,0.18355552966294444,0.15594709535359583,0.15141982603759574,0.17348184812777462
200,200.0,200.6,0.12451049407651911,0.2101750071057535,0.19320635082165893,0.15163893820462965,0.14194002323517393,0.1785291865562648
201,201.0,201.6,0.12462493794709842,0.2101592176196058,0.19413271843894625,0.1527758107641642,0.14137459929202292,0.1769327159381623
202,202.0,202.6,0.1251642744828147,0.20965975219268862,0.1951306224913858,0.1525247212457183,0.14052449790658872,0.17699613168080366
203,203.0,203.6,0.12561155041403288,0.20830637533890833,0.19644585291060962,0.15177696494980458,0.14086263382971165,0.17699662255693271
204,204.0,204.6,0.12669723863090623,0.2070709494875102,0.19751462843439926,0.14961032427734497,0.14207190637864375,0.17703495279119533
205,205.0,205.6,0.12590099172140568,0.20626372501481716,0.197610847783959,0.15027524308896378,0.14205155263506977,0.17789763975578443
206,206.0,206.6,0.126664579502012,0.20678558067728076,0.19927995103084334,0.149630146837756,0.14086888577766116,0.17677085617444657
207,207.0,207.6,0.12436781691895568,0.20826495700693154,0.20068961368678817,0.15032811809352983,0.1397046437641592,0.17664485052963536
208,208.0,208.6,0.1234917049234943,0.20809937575858006,0.20184875630353516,0.14993435682235906,0.13928520397843783,0.17734060221359335
209,209.0,209.6,0.12425671368504496,0.2078670982278919,0.20257860910364425,0.14882622416117813,0.13818557400500206,0.17828578081723848
210,210.0,210.6,0.1251669365970482,0.21017243621232767,0.2039494269242106,0.1463743601352425,0.13672479812662103,0.17761204200454986
211,211.0,211.6,0.12572678643513674,0.20936381129304005,0.20444715728275825,0.14713644725970695,0.1361653800738551,0.17716041765550278
212,212.0,212.6,0.1227463053023226,0.211860227246429,0.20274502215139698,0.14800451421652774,0.13520958529997318,0.17943434578335032
213,213.0,213.6,0.12267905085444675,0.21235886062611228,0.2017460368640076,0.14624167486107362,0.13683055360571025,0.1801438231886494
214,214.0,214.6,0.1210699298947806,0.2130675847243265,0.19979187789802957,0.14823029684146513,0.13676324850182944,0.18107706213956856
215,215.0,215.6,0.1216651109535815,0.2133054671198174,0.2006767244572122,0.14797689077565787,0.13486607461374556,0.18150973207998528
216,216.0,216.6,0.12275344598474054,0.21327135742573494,0.19981312082280347,0.14726930464979118,0.13572989110603412,0.1811628800108955
217,217.0,217.6,0.12099015994190651,0.2118242236825255,0.19962388235579626,0.14992618253429493,0.13669524018916843,0.18094031129630817
218,218.0,218.6,0.11951481828451271,0.21429462103567992,0.2012840083017664,0.1477860977154875,0.13743272481389876,0.17968772984865455
219,219.0,219.6,0.11968058634545212,0.2159381284412903,0.20214599088270008,0.14821971728871655,0.13440347558412613,0.1796121014577146
220,220.0,220.6,0.11771967104577377,0.2156264140704977,0.20478250181466673,0.14775916936107972,0.13472311811820015,0.17938912558978184
221,221.0,221.6,0.11990149181686068,0.21840288941843342,0.20438848729512324,0.14613593892181853,0.1328185790172996,0.17835261353046444
222,222.0,222.6,0.11960822110993592,0.2165294775877305,0.20481063579334044,0.1483693521237797,0.1318745871418946,0.1788077262433187
223,223.0,223.6,0.1191885498146779,0.21766222149721753,0.20732727160323713,0.14562327586863258,0.13183274207626644,0.17836593913996826
224,224.0,224.6,0.12010781957606036,0.2154544224696297,0.20911149643590426,0.1448281438913376,0.13244393185845518,0.17805418576861273
225,225.0,225.6,0.11980889036609739,0.21624510631482563,0.20934748464847477,0.14480499730022747,0.13136124583647085,0.1784322755339037
226,226.0,226.6,0.12003891678510734,0.21443858472465327,0.21016899090243366,0.14564487349548227,0.13201083473286093,0.17769779935946228
227,227.0,227.6,0.12036802886348492,0.2120018640048496,0.2120103313526082,0.14661216609938205,0.13202816594480069,0.17697944373487437
228,228.0,228.6,0.12082381810590084,0.20911503624510996,0.21275515569956055,0.14672348750446093,0.13250119904288984,0.17808130340207778
229,229.0,229.6,0.12150486895367323,0.20875501729189452,0.21342378902985865,0.14305751850619527,0.13163810309008936,0.1816207031282887
230,230.0,230.6,0.11912497661428267,0.2087691745192121,0.21319026827025941,0.14615046449555225,0.13147690186925803,0.18128821423143535
231,231.0,231.6,0.11901730896379517,0.2073215021522628,0.21500007650099845,0.1456987512832561,0.131764184299121,0.18119817680056619
232,232.0,232.6,0.11981368051172611,0.20392601013135767,0.21515279390624603,0.14699787013255153,0.13289319948063955,0.1812164458374789
233,233.0,233.6,0.11961625621840259,0.20335656709065178,0.21650245692180842,0.14461000872636126,0.13377022933919527,0.18214448170358044
234,234.0,234.6,0.11833724431620211,0.20468018215964273,0.21711463585291063,0.14379852556428588,0.133734390491278,0.18233502161568052
235,235.0,235.6,0.11826697831146826,0.204013494674726,0.21726939515797145,0.1453744404505002,0.1328926156563583,0.18218307574897566
236,236.0,236.6,0.11922928948576646,0.2078894575783199,0.21680134716392221,0.14374687439128195,0.12878839484730453,0.18354463653340466
237,237.0,237.6,0.11957470145738505,0.21080343540022736,0.21748275197021108,0.14487033314659978,0.1252672197962555,0.18200155822932096
238,238.0,238.6,0.12158321422114741,0.21046007939899783,0.21840459880512425,0.14472533063034726,0.12357075185069696,0.18125602509368613
239,239.0,239.6,0.11819548107394098,0.2114301705884393,0.22019941270540294,0.144932223788958,0.12457152694928952,0.18067118489396916
240,240.0,240.6,0.1189050128187705,0.21056240082763317,0.2213751227532335,0.14516415791896545,0.12386069013517617,0.180132615546221
241,241.0,241.6,0.11951989666631435,0.21236725327210362,0.21811267504971882,0.1437635592239349,0.12444661209036285,0.1817900036975652
242,242.0,242.6,0.11948403132379856,0.21014030172273132,0.21639237155495422,0.14666591205333662,0.12387400287531906,0.18344338046986003
243,243.0,243.6,0.12080906474092086,0.21221016811498528,0.21610138456479153,0.1439788443457147,0.12302255350665017,0.1838779847269373
244,244.0,244.6,0.12114662092438237,0.21189660816854525,0.21618361830770577,0.14267325770555422,0.1235615450450395,0.18453834984877265
245,245.0,245.6,0.12156438325197594,0.21165849678111054,0.2161612061997918,0.14300471648323138,0.12084650368168615,0.18676469360220405
246,246.0,246.6,0.12173892412831214,0.2149950703451397,0.2143036425110801,0.1431466902410493,0.12139129512716229,0.18442437764725636
247,247.0,247.6,0.12303928936524747,0.21336841303265572,0.21540372227203636,0.14296984637103768,0.12134548467290995,0.18387324428611274
248,248.0,248.6,0.12242979479451772,0.21398169188481142,0.21856003117590453,0.14347002802726175,0.11857781452891283,0.18298063958859165
249,249.0,249.6,0.12287882246241529,0.21529844769823034,0.21633500738518655,0.14498014496541325,0.11749774566441766,0.18300983182433678
250,250.0,250.6,0.12314040317675519,0.21572116494266833,0.21763535660296557,0.14491358529034445,0.11761065333506107,0.18097883665220524
251,251.0,251.6,0.12296356119243992,0.21255854358642673,0.22045090536067607,0.1457897448934986,0.11772967832845974,0.18050756663849882
252,252.0,252.6,0.12354478946896177,0.21291316427464335,0.22050368974546314,0.14545097100226512,0.11649119371284844,0.18109619179581804
253,253.0,253.6,0.12265082048085399,0.21568148295955097,0.21985552339724018,0.1447589544675544,0.11324543249966339,0.18380778619513694
254,254.0,254.6,0.11948800090699319,0.21254404290009896,0.22418097589054967,0.14540718938003705,0.11580201447992447,0.18257777644239662
255,255.0,255.6,0.11828983380105414,0.21185935116821156,0.22725836553047324,0.14390171748505912,0.11622049230783224,0.18247023970736964
256,256.0,256.6,0.11842384513162377,0.20791359534497822,0.22860221123272323,0.14379796754720642,0.11733862953507301,0.1839237512083952
257,257.0,257.6,0.11921761208342312,0.20849072899339074,0.22644618183591203,0.14472717555791592,0.1163881933970818,0.18473010813227622
258,258.0,258.6,0.11800444186876032,0.21213636559849408,0.22742381091493752,0.14437111319719248,0.11351129799938472,0.18455297042123076
259,259.0,259.6,0.11864243190359929,0.21055405587496115,0.22861917730784448,0.14412374874363923,0.11167230438645077,0.18638828178350494
260,260.0,260.6,0.11444508422666848,0.21150549393550716,0.23114113370284387,0.14473819273921446,0.11032247618843809,0.1878476192073278
261,261.0,261.6,0.1148866752803305,0.20905807431009346,0.2338565129786938,0.14454235241148355,0.10935118578012748,0.1883051992392711
262,262.0,262.6,0.11438425225840254,0.20964618438453037,0.23145654153784054,0.14545612144559755,0.11112276584800322,0.18793413452562563
263,263.0,263.6,0.11362689039340332,0.20908411662812867,0.23359533393001747,0.14574271679325704,0.11133100072488686,0.18661994153030653
264,264.0,264.6,0.11469174137813906,0.2083639705494833,0.22997647795537782,0.14571842268447494,0.11207532774201623,0.18917405969050852
265,265.0,265.6,0.11537239664019125,0.20887264696167734,0.22675244145293708,0.1431560384908871,0.11244484693082173,0.19340162952348547
266,266.0,266.6,0.11581377558293789,0.20753124850971721,0.22640696402442634,0.14370186102278074,0.11195422614227406,0.19459192471786366
267,267.0,267.6,0.11537508525035253,0.20595175987739714,0.22901028348792446,0.14316804809192563,0.11207574179228537,0.19441908150011464
268,268.0,268.6,0.1157716644224186,0.2076315522945651,0.22787126148331902,0.13950747284432666,0.11290345339055516,0.19631459556481531
269,269.0,269.6,0.1164067907944003,0.20731491135729016,0.23272625764085458,0.13457640947589428,0.11261873255815255,0.1963568981734079
270,270.0,270.6,0.11590910079729115,0.207789647518451,0.23334375529625162,0.13443365842492436,0.11216630431571625,0.19635753364736547
271,271.0,271.6,0.11255801689767338,0.2057062512488254,0.23365509002477397,0.13419242981082105,0.11445343413208668,0.1994347778858193
272,272.0,272.6,0.11315732088591475,0.20559830834534135,0.2319606611732692,0.13797616157982767,0.11444611300095568,0.19686143501469117
273,273.0,273.6,0.11000542536610855,0.20507300633157133,0.23439636998235783,0.137164227999865,0.11489521461605065,0.19846575570404648
274,274.0,274.6,0.11100604820126929,0.20641339589333763,0.23198255358063422,0.13747322369135578,0.11522202959171646,0.19790274904168653
275,275.0,275.6,0.11449496360015121,0.2058562353076307,0.23409092336621057,0.13745255808620088,0.11496937772229147,0.1931359419175151
276,276.0,276.6,0.11316451231022817,0.20710580832688566,0.23419527391146527,0.13694462917456626,0.11466366687916771,0.19392610939768679
277,277.0,277.6,0.11435660103758623,0.2067034268102672,0.23233885358884265,0.1358822067024507,0.11465523398616954,0.1960636778746836
278,278.0,278.6,0.11500526249293448,0.20590145061319495,0.2326636722109822,0.13469007654129045,0.11474605753784958,0.1969934806037482
279,279.0,279.6,0.11339701149915464,0.20568156014060998,0.2324423066025068,0.13563500823973584,0.11548652872887655,0.197357584789116
280,280.0,280.6,0.11024961657285222,0.20719958431291893,0.2317340736086151,0.13678861303553733,0.11554379784943325,0.1984843146206431
281,281.0,281.6,0.10891565964743091,0.20837473679162416,0.23028005618615185,0.13788708891965537,0.11502738364808256,0.19951507480705505
282,282.0,282.6,0.10950056728804163,0.21011234559896924,0.22980784699292559,0.13659973706004458,0.11338525273470293,0.20059425032531591
283,283.0,283.6,0.1114655129930269,0.2109363098685161,0.22701758471433067,0.1371384504462424,0.11385288365687996,0.1995892583210039
284,284.0,284.6,0.11233057919046674,0.2099394416474472,0.22630899493461815,0.13597471563400962,0.11474178833400302,0.20070448025945514
285,285.0,285.6,0.11182547556203529,0.2092820812277,0.2251655549349693,0.14022549800932374,0.11436006346332502,0.19914132680264654
286,286.0,286.6,0.11223503761271207,0.20743542227142925,0.2284057472744502,0.13981385698619786,0.11469122455825217,0.19741871129695823
287,287.0,287.6,0.11187204494014016,0.2082357765882643,0.22801201371673446,0.13944473373499092,0.11382797207847684,0.19860745894139312
288,288.0,288.6,0.11229588049876633,0.20833501776571114,0.2295323376962684,0.13933094316912484,0.11406510546013533,0.19644071540999378
289,289.0,289.6,0.11116950397934908,0.20793689058177792,0.22974257928112216,0.13784214634865194,0.11645703202601451,0.19685184778308423
290,290.0,290.6,0.11081579893217522,0.20806805485914087,0.23026052852334092,0.13847288364270346,0.11529182404644164,0.19709090999619763
291,291.0,291.6,0.10808857214094207,0.2086406437481417,0.23123095946366376,0.13773288856172367,0.11505264472012908,0.1992542913653995
292,292.0,292.6,0.10646942129512223,0.20952893923783056,0.23232843783412446,0.13835415660334732,0.11366274814626984,0.1996562968833053
293,293.0,293.6,0.10723494359487092,0.20843479512535076,0.2318998417619446,0.13733070222298147,0.11367989537997854,0.2014198219148735
294,294.0,294.6,0.10866686056840132,0.2079656705564541,0.23221397777738279,0.13620992074028754,0.11404242548055295,0.20090114487692118
295,295.0,295.6,0.10934605388298572,0.2070730192289787,0.23093073789877216,0.13406151979464687,0.11573671052155696,0.20285195867305936
