Total_iterations,Unnamed: 0.1,Intertwine_two,Add_vertex,Delete_vertex,Invert_path_vertices,Insert_inside_vertex,Delete_inside_vertex
0,0.0,0.1666666666666665,0.1666666666666665,0.1666666666666665,0.1666666666666665,0.1666666666666665,0.1666666666666665
1,1.0,0.1666666666666665,0.1666666666666665,0.1666666666666665,0.1666666666666665,0.1666666666666665,0.1666666666666665
2,2.0,0.1666666666666665,0.1666666666666665,0.1666666666666665,0.1666666666666665,0.1666666666666665,0.1666666666666665
3,3.0,0.1666666666666665,0.1666666666666665,0.1666666666666665,0.1666666666666665,0.1666666666666665,0.1666666666666665
4,4.0,0.1666666666666665,0.1666666666666665,0.1666666666666665,0.1666666666666665,0.1666666666666665,0.1666666666666665
5,5.0,0.1666666666666665,0.1666666666666665,0.1666666666666665,0.1666666666666665,0.1666666666666665,0.1666666666666665
6,6.0,0.1666666666666665,0.1666666666666665,0.1666666666666665,0.1666666666666665,0.1666666666666665,0.1666666666666665
7,7.0,0.1666666666666665,0.1666666666666665,0.1666666666666665,0.1666666666666665,0.1666666666666665,0.1666666666666665
8,8.0,0.1666666666666665,0.1666666666666665,0.1666666666666665,0.1666666666666665,0.1666666666666665,0.1666666666666665
9,9.0,0.1666666666666665,0.1666666666666665,0.1666666666666665,0.1666666666666665,0.1666666666666665,0.1666666666666665
10,10.0,0.1666666666666665,0.1666666666666665,0.1666666666666665,0.1666666666666665,0.1666666666666665,0.1666666666666665
11,11.0,0.1666666666666665,0.1666666666666665,0.1666666666666665,0.1666666666666665,0.1666666666666665,0.1666666666666665
12,12.0,0.1666666666666665,0.1666666666666665,0.1666666666666665,0.1666666666666665,0.1666666666666665,0.1666666666666665
13,13.0,0.1666666666666665,0.1666666666666665,0.1666666666666665,0.1666666666666665,0.1666666666666665,0.1666666666666665
14,14.0,0.1666666666666665,0.1666666666666665,0.1666666666666665,0.1666666666666665,0.1666666666666665,0.1666666666666665
15,15.0,0.1666666666666665,0.1666666666666665,0.1666666666666665,0.1666666666666665,0.1666666666666665,0.1666666666666665
16,16.0,0.1666666666666665,0.1666666666666665,0.1666666666666665,0.1666666666666665,0.1666666666666665,0.1666666666666665
17,17.0,0.1666666666666665,0.1666666666666665,0.1666666666666665,0.1666666666666665,0.1666666666666665,0.1666666666666665
18,18.0,0.1666666666666665,0.1666666666666665,0.1666666666666665,0.1666666666666665,0.1666666666666665,0.1666666666666665
19,19.0,0.1666666666666665,0.1666666666666665,0.1666666666666665,0.1666666666666665,0.1666666666666665,0.1666666666666665
20,20.0,0.1666666666666665,0.1666666666666665,0.1666666666666665,0.1666666666666665,0.1666666666666665,0.1666666666666665
21,21.0,0.1666666666666665,0.1666666666666665,0.1666666666666665,0.1666666666666665,0.1666666666666665,0.1666666666666665
22,22.0,0.1666666666666665,0.1666666666666665,0.1666666666666665,0.1666666666666665,0.1666666666666665,0.1666666666666665
23,23.0,0.1666666666666665,0.1666666666666665,0.1666666666666665,0.1666666666666665,0.1666666666666665,0.1666666666666665
24,24.0,0.1666666666666665,0.1666666666666665,0.1666666666666665,0.1666666666666665,0.1666666666666665,0.1666666666666665
25,25.0,0.1666666666666665,0.1666666666666665,0.1666666666666665,0.1666666666666665,0.1666666666666665,0.1666666666666665
26,26.0,0.1666666666666665,0.1666666666666665,0.1666666666666665,0.1666666666666665,0.1666666666666665,0.1666666666666665
27,27.0,0.1666666666666665,0.1666666666666665,0.1666666666666665,0.1666666666666665,0.1666666666666665,0.1666666666666665
28,28.0,0.1666666666666665,0.1666666666666665,0.1666666666666665,0.1666666666666665,0.1666666666666665,0.1666666666666665
29,29.0,0.1666666666666665,0.1666666666666665,0.1666666666666665,0.1666666666666665,0.1666666666666665,0.1666666666666665
30,30.0,0.1666666666666665,0.1666666666666665,0.1666666666666665,0.1666666666666665,0.1666666666666665,0.1666666666666665
31,31.0,0.1666666666666665,0.1666666666666665,0.1666666666666665,0.1666666666666665,0.1666666666666665,0.1666666666666665
32,32.0,0.1666666666666665,0.1666666666666665,0.1666666666666665,0.1666666666666665,0.1666666666666665,0.1666666666666665
33,33.0,0.1666666666666665,0.1666666666666665,0.1666666666666665,0.1666666666666665,0.1666666666666665,0.1666666666666665
34,34.0,0.1666666666666665,0.1666666666666665,0.1666666666666665,0.1666666666666665,0.1666666666666665,0.1666666666666665
35,35.0,0.1666666666666665,0.1666666666666665,0.1666666666666665,0.1666666666666665,0.1666666666666665,0.1666666666666665
36,36.0,0.1666666666666665,0.1666666666666665,0.1666666666666665,0.1666666666666665,0.1666666666666665,0.1666666666666665
37,37.0,0.1666666666666665,0.1666666666666665,0.1666666666666665,0.1666666666666665,0.1666666666666665,0.1666666666666665
38,38.0,0.1666666666666665,0.1666666666666665,0.1666666666666665,0.1666666666666665,0.1666666666666665,0.1666666666666665
39,39.0,0.1666666666666665,0.1666666666666665,0.1666666666666665,0.1666666666666665,0.1666666666666665,0.1666666666666665
40,40.0,0.1666666666666665,0.1666666666666665,0.1666666666666665,0.1666666666666665,0.1666666666666665,0.1666666666666665
41,41.0,0.1666666666666665,0.1666666666666665,0.1666666666666665,0.1666666666666665,0.1666666666666665,0.1666666666666665
42,42.0,0.1666666666666665,0.1666666666666665,0.1666666666666665,0.1666666666666665,0.1666666666666665,0.1666666666666665
43,43.0,0.1666666666666665,0.1666666666666665,0.1666666666666665,0.1666666666666665,0.1666666666666665,0.1666666666666665
44,44.0,0.1666666666666665,0.1666666666666665,0.1666666666666665,0.1666666666666665,0.1666666666666665,0.1666666666666665
45,45.0,0.1666666666666665,0.1666666666666665,0.1666666666666665,0.1666666666666665,0.1666666666666665,0.1666666666666665
46,46.0,0.1666666666666665,0.1666666666666665,0.1666666666666665,0.1666666666666665,0.1666666666666665,0.1666666666666665
47,47.0,0.1666666666666665,0.1666666666666665,0.1666666666666665,0.1666666666666665,0.1666666666666665,0.1666666666666665
48,48.0,0.1666666666666665,0.1666666666666665,0.1666666666666665,0.1666666666666665,0.1666666666666665,0.1666666666666665
49,49.0,0.1666666666666665,0.1666666666666665,0.1666666666666665,0.1666666666666665,0.1666666666666665,0.1666666666666665
50,50.0,0.1666666666666665,0.1666666666666665,0.1666666666666665,0.1666666666666665,0.1666666666666665,0.1666666666666665
51,51.0,0.1666666666666665,0.1666666666666665,0.1666666666666665,0.1666666666666665,0.1666666666666665,0.1666666666666665
52,52.0,0.1666666666666665,0.1666666666666665,0.1666666666666665,0.1666666666666665,0.1666666666666665,0.1666666666666665
53,53.0,0.1666666666666665,0.1666666666666665,0.1666666666666665,0.1666666666666665,0.1666666666666665,0.1666666666666665
54,54.0,0.1666666666666665,0.1666666666666665,0.1666666666666665,0.1666666666666665,0.1666666666666665,0.1666666666666665
55,55.0,0.1666666666666665,0.1666666666666665,0.1666666666666665,0.1666666666666665,0.1666666666666665,0.1666666666666665
56,56.0,0.1666666666666665,0.1666666666666665,0.1666666666666665,0.1666666666666665,0.1666666666666665,0.1666666666666665
57,57.0,0.1666666666666665,0.1666666666666665,0.1666666666666665,0.1666666666666665,0.1666666666666665,0.1666666666666665
58,58.0,0.1666666666666665,0.1666666666666665,0.1666666666666665,0.1666666666666665,0.1666666666666665,0.1666666666666665
59,59.0,0.1666666666666665,0.1666666666666665,0.1666666666666665,0.1666666666666665,0.1666666666666665,0.1666666666666665
60,60.0,0.1666666666666665,0.1666666666666665,0.1666666666666665,0.1666666666666665,0.1666666666666665,0.1666666666666665
61,61.0,0.1666666666666665,0.1666666666666665,0.1666666666666665,0.1666666666666665,0.1666666666666665,0.1666666666666665
62,62.0,0.1666666666666665,0.1666666666666665,0.1666666666666665,0.1666666666666665,0.1666666666666665,0.1666666666666665
63,63.0,0.1666666666666665,0.1666666666666665,0.1666666666666665,0.1666666666666665,0.1666666666666665,0.1666666666666665
64,64.0,0.1666666666666665,0.1666666666666665,0.1666666666666665,0.1666666666666665,0.1666666666666665,0.1666666666666665
65,65.0,0.1666666666666665,0.1666666666666665,0.1666666666666665,0.1666666666666665,0.1666666666666665,0.1666666666666665
66,66.0,0.1666666666666665,0.1666666666666665,0.1666666666666665,0.1666666666666665,0.1666666666666665,0.1666666666666665
67,67.0,0.1666666666666665,0.1666666666666665,0.1666666666666665,0.1666666666666665,0.1666666666666665,0.1666666666666665
68,68.0,0.1666666666666665,0.1666666666666665,0.1666666666666665,0.1666666666666665,0.1666666666666665,0.1666666666666665
69,69.0,0.1666666666666665,0.1666666666666665,0.1666666666666665,0.1666666666666665,0.1666666666666665,0.1666666666666665
70,70.0,0.1666666666666665,0.1666666666666665,0.1666666666666665,0.1666666666666665,0.1666666666666665,0.1666666666666665
71,71.0,0.1666666666666665,0.1666666666666665,0.1666666666666665,0.1666666666666665,0.1666666666666665,0.1666666666666665
72,72.0,0.1666666666666665,0.1666666666666665,0.1666666666666665,0.1666666666666665,0.1666666666666665,0.1666666666666665
73,73.0,0.1666666666666665,0.1666666666666665,0.1666666666666665,0.1666666666666665,0.1666666666666665,0.1666666666666665
74,74.0,0.1666666666666665,0.1666666666666665,0.1666666666666665,0.1666666666666665,0.1666666666666665,0.1666666666666665
75,75.0,0.1666666666666665,0.1666666666666665,0.1666666666666665,0.1666666666666665,0.1666666666666665,0.1666666666666665
76,76.0,0.1666666666666665,0.1666666666666665,0.1666666666666665,0.1666666666666665,0.1666666666666665,0.1666666666666665
77,77.0,0.1666666666666665,0.1666666666666665,0.1666666666666665,0.1666666666666665,0.1666666666666665,0.1666666666666665
78,78.0,0.1666666666666665,0.1666666666666665,0.1666666666666665,0.1666666666666665,0.1666666666666665,0.1666666666666665
79,79.0,0.1666666666666665,0.1666666666666665,0.1666666666666665,0.1666666666666665,0.1666666666666665,0.1666666666666665
80,80.0,0.1666666666666665,0.1666666666666665,0.1666666666666665,0.1666666666666665,0.1666666666666665,0.1666666666666665
81,81.0,0.1666666666666665,0.1666666666666665,0.1666666666666665,0.1666666666666665,0.1666666666666665,0.1666666666666665
82,82.0,0.1666666666666665,0.1666666666666665,0.1666666666666665,0.1666666666666665,0.1666666666666665,0.1666666666666665
83,83.0,0.1666666666666665,0.1666666666666665,0.1666666666666665,0.1666666666666665,0.1666666666666665,0.1666666666666665
84,84.0,0.1666666666666665,0.1666666666666665,0.1666666666666665,0.1666666666666665,0.1666666666666665,0.1666666666666665
85,85.0,0.1666666666666665,0.1666666666666665,0.1666666666666665,0.1666666666666665,0.1666666666666665,0.1666666666666665
86,86.0,0.1666666666666665,0.1666666666666665,0.1666666666666665,0.1666666666666665,0.1666666666666665,0.1666666666666665
87,87.0,0.1666666666666665,0.1666666666666665,0.1666666666666665,0.1666666666666665,0.1666666666666665,0.1666666666666665
88,88.0,0.1666666666666665,0.1666666666666665,0.1666666666666665,0.1666666666666665,0.1666666666666665,0.1666666666666665
89,89.0,0.1666666666666665,0.1666666666666665,0.1666666666666665,0.1666666666666665,0.1666666666666665,0.1666666666666665
90,90.0,0.1666666666666665,0.1666666666666665,0.1666666666666665,0.1666666666666665,0.1666666666666665,0.1666666666666665
91,91.0,0.1666666666666665,0.1666666666666665,0.1666666666666665,0.1666666666666665,0.1666666666666665,0.1666666666666665
92,92.0,0.1666666666666665,0.1666666666666665,0.1666666666666665,0.1666666666666665,0.1666666666666665,0.1666666666666665
93,93.0,0.1666666666666665,0.1666666666666665,0.1666666666666665,0.1666666666666665,0.1666666666666665,0.1666666666666665
94,94.0,0.1666666666666665,0.1666666666666665,0.1666666666666665,0.1666666666666665,0.1666666666666665,0.1666666666666665
95,95.0,0.1666666666666665,0.1666666666666665,0.1666666666666665,0.1666666666666665,0.1666666666666665,0.1666666666666665
96,96.0,0.1666666666666665,0.1666666666666665,0.1666666666666665,0.1666666666666665,0.1666666666666665,0.1666666666666665
97,97.0,0.1666666666666665,0.1666666666666665,0.1666666666666665,0.1666666666666665,0.1666666666666665,0.1666666666666665
98,98.0,0.1666666666666665,0.1666666666666665,0.1666666666666665,0.1666666666666665,0.1666666666666665,0.1666666666666665
99,99.0,0.1666666666666665,0.1666666666666665,0.1666666666666665,0.1666666666666665,0.1666666666666665,0.1666666666666665
100,100.0,0.1666666666666665,0.1666666666666665,0.1666666666666665,0.1666666666666665,0.1666666666666665,0.1666666666666665
101,101.0,0.1666666666666665,0.1666666666666665,0.1666666666666665,0.1666666666666665,0.1666666666666665,0.1666666666666665
102,102.0,0.1666666666666665,0.1666666666666665,0.1666666666666665,0.1666666666666665,0.1666666666666665,0.1666666666666665
103,103.0,0.1666666666666665,0.1666666666666665,0.1666666666666665,0.1666666666666665,0.1666666666666665,0.1666666666666665
104,104.0,0.1666666666666665,0.1666666666666665,0.1666666666666665,0.1666666666666665,0.1666666666666665,0.1666666666666665
105,105.0,0.1666666666666665,0.1666666666666665,0.1666666666666665,0.1666666666666665,0.1666666666666665,0.1666666666666665
106,106.0,0.1666666666666665,0.1666666666666665,0.1666666666666665,0.1666666666666665,0.1666666666666665,0.1666666666666665
107,107.0,0.1666666666666665,0.1666666666666665,0.1666666666666665,0.1666666666666665,0.1666666666666665,0.1666666666666665
108,108.0,0.1666666666666665,0.1666666666666665,0.1666666666666665,0.1666666666666665,0.1666666666666665,0.1666666666666665
109,109.0,0.1666666666666665,0.1666666666666665,0.1666666666666665,0.1666666666666665,0.1666666666666665,0.1666666666666665
110,110.0,0.1666666666666665,0.1666666666666665,0.1666666666666665,0.1666666666666665,0.1666666666666665,0.1666666666666665
111,111.0,0.1666666666666665,0.1666666666666665,0.1666666666666665,0.1666666666666665,0.1666666666666665,0.1666666666666665
112,112.0,0.1666666666666665,0.1666666666666665,0.1666666666666665,0.1666666666666665,0.1666666666666665,0.1666666666666665
113,113.0,0.1666666666666665,0.1666666666666665,0.1666666666666665,0.1666666666666665,0.1666666666666665,0.1666666666666665
114,114.0,0.1666666666666665,0.1666666666666665,0.1666666666666665,0.1666666666666665,0.1666666666666665,0.1666666666666665
115,115.0,0.1666666666666665,0.1666666666666665,0.1666666666666665,0.1666666666666665,0.1666666666666665,0.1666666666666665
116,116.0,0.1666666666666665,0.1666666666666665,0.1666666666666665,0.1666666666666665,0.1666666666666665,0.1666666666666665
117,117.0,0.1666666666666665,0.1666666666666665,0.1666666666666665,0.1666666666666665,0.1666666666666665,0.1666666666666665
118,118.0,0.1666666666666665,0.1666666666666665,0.1666666666666665,0.1666666666666665,0.1666666666666665,0.1666666666666665
119,119.0,0.1666666666666665,0.1666666666666665,0.1666666666666665,0.1666666666666665,0.1666666666666665,0.1666666666666665
120,120.0,0.1666666666666665,0.1666666666666665,0.1666666666666665,0.1666666666666665,0.1666666666666665,0.1666666666666665
121,121.0,0.1666666666666665,0.1666666666666665,0.1666666666666665,0.1666666666666665,0.1666666666666665,0.1666666666666665
122,122.0,0.1666666666666665,0.1666666666666665,0.1666666666666665,0.1666666666666665,0.1666666666666665,0.1666666666666665
123,123.0,0.1666666666666665,0.1666666666666665,0.1666666666666665,0.1666666666666665,0.1666666666666665,0.1666666666666665
124,124.0,0.1666666666666665,0.1666666666666665,0.1666666666666665,0.1666666666666665,0.1666666666666665,0.1666666666666665
125,125.0,0.1666666666666665,0.1666666666666665,0.1666666666666665,0.1666666666666665,0.1666666666666665,0.1666666666666665
126,126.0,0.1666666666666665,0.1666666666666665,0.1666666666666665,0.1666666666666665,0.1666666666666665,0.1666666666666665
127,127.0,0.1666666666666665,0.1666666666666665,0.1666666666666665,0.1666666666666665,0.1666666666666665,0.1666666666666665
128,128.0,0.1666666666666665,0.1666666666666665,0.1666666666666665,0.1666666666666665,0.1666666666666665,0.1666666666666665
129,129.0,0.1666666666666665,0.1666666666666665,0.1666666666666665,0.1666666666666665,0.1666666666666665,0.1666666666666665
130,130.0,0.1666666666666665,0.1666666666666665,0.1666666666666665,0.1666666666666665,0.1666666666666665,0.1666666666666665
131,131.0,0.1666666666666665,0.1666666666666665,0.1666666666666665,0.1666666666666665,0.1666666666666665,0.1666666666666665
132,132.0,0.1666666666666665,0.1666666666666665,0.1666666666666665,0.1666666666666665,0.1666666666666665,0.1666666666666665
133,133.0,0.1666666666666665,0.1666666666666665,0.1666666666666665,0.1666666666666665,0.1666666666666665,0.1666666666666665
134,134.0,0.1666666666666665,0.1666666666666665,0.1666666666666665,0.1666666666666665,0.1666666666666665,0.1666666666666665
135,135.0,0.1666666666666665,0.1666666666666665,0.1666666666666665,0.1666666666666665,0.1666666666666665,0.1666666666666665
136,136.0,0.1666666666666665,0.1666666666666665,0.1666666666666665,0.1666666666666665,0.1666666666666665,0.1666666666666665
137,137.0,0.1666666666666665,0.1666666666666665,0.1666666666666665,0.1666666666666665,0.1666666666666665,0.1666666666666665
138,138.0,0.1666666666666665,0.1666666666666665,0.1666666666666665,0.1666666666666665,0.1666666666666665,0.1666666666666665
139,139.0,0.1666666666666665,0.1666666666666665,0.1666666666666665,0.1666666666666665,0.1666666666666665,0.1666666666666665
140,140.0,0.1666666666666665,0.1666666666666665,0.1666666666666665,0.1666666666666665,0.1666666666666665,0.1666666666666665
141,141.0,0.1666666666666665,0.1666666666666665,0.1666666666666665,0.1666666666666665,0.1666666666666665,0.1666666666666665
142,142.0,0.1666666666666665,0.1666666666666665,0.1666666666666665,0.1666666666666665,0.1666666666666665,0.1666666666666665
143,143.0,0.1666666666666665,0.1666666666666665,0.1666666666666665,0.1666666666666665,0.1666666666666665,0.1666666666666665
144,144.0,0.1666666666666665,0.1666666666666665,0.1666666666666665,0.1666666666666665,0.1666666666666665,0.1666666666666665
145,145.0,0.1666666666666665,0.1666666666666665,0.1666666666666665,0.1666666666666665,0.1666666666666665,0.1666666666666665
146,146.0,0.1666666666666665,0.1666666666666665,0.1666666666666665,0.1666666666666665,0.1666666666666665,0.1666666666666665
147,147.0,0.1666666666666665,0.1666666666666665,0.1666666666666665,0.1666666666666665,0.1666666666666665,0.1666666666666665
148,148.0,0.1666666666666665,0.1666666666666665,0.1666666666666665,0.1666666666666665,0.1666666666666665,0.1666666666666665
149,149.0,0.1666666666666665,0.1666666666666665,0.1666666666666665,0.1666666666666665,0.1666666666666665,0.1666666666666665
150,150.0,0.1666666666666665,0.1666666666666665,0.1666666666666665,0.1666666666666665,0.1666666666666665,0.1666666666666665
151,151.0,0.1666666666666665,0.1666666666666665,0.1666666666666665,0.1666666666666665,0.1666666666666665,0.1666666666666665
152,152.0,0.1666666666666665,0.1666666666666665,0.1666666666666665,0.1666666666666665,0.1666666666666665,0.1666666666666665
153,153.0,0.1666666666666665,0.1666666666666665,0.1666666666666665,0.1666666666666665,0.1666666666666665,0.1666666666666665
154,154.0,0.1666666666666665,0.1666666666666665,0.1666666666666665,0.1666666666666665,0.1666666666666665,0.1666666666666665
155,155.0,0.1666666666666665,0.1666666666666665,0.1666666666666665,0.1666666666666665,0.1666666666666665,0.1666666666666665
156,156.0,0.1666666666666665,0.1666666666666665,0.1666666666666665,0.1666666666666665,0.1666666666666665,0.1666666666666665
157,157.0,0.1666666666666665,0.1666666666666665,0.1666666666666665,0.1666666666666665,0.1666666666666665,0.1666666666666665
158,158.0,0.1666666666666665,0.1666666666666665,0.1666666666666665,0.1666666666666665,0.1666666666666665,0.1666666666666665
159,159.0,0.1666666666666665,0.1666666666666665,0.1666666666666665,0.1666666666666665,0.1666666666666665,0.1666666666666665
160,160.0,0.1666666666666665,0.1666666666666665,0.1666666666666665,0.1666666666666665,0.1666666666666665,0.1666666666666665
161,161.0,0.1666666666666665,0.1666666666666665,0.1666666666666665,0.1666666666666665,0.1666666666666665,0.1666666666666665
162,162.0,0.1666666666666665,0.1666666666666665,0.1666666666666665,0.1666666666666665,0.1666666666666665,0.1666666666666665
163,163.0,0.1666666666666665,0.1666666666666665,0.1666666666666665,0.1666666666666665,0.1666666666666665,0.1666666666666665
164,164.0,0.1666666666666665,0.1666666666666665,0.1666666666666665,0.1666666666666665,0.1666666666666665,0.1666666666666665
165,165.0,0.1666666666666665,0.1666666666666665,0.1666666666666665,0.1666666666666665,0.1666666666666665,0.1666666666666665
166,166.0,0.1666666666666665,0.1666666666666665,0.1666666666666665,0.1666666666666665,0.1666666666666665,0.1666666666666665
167,167.0,0.1666666666666665,0.1666666666666665,0.1666666666666665,0.1666666666666665,0.1666666666666665,0.1666666666666665
168,168.0,0.1666666666666665,0.1666666666666665,0.1666666666666665,0.1666666666666665,0.1666666666666665,0.1666666666666665
169,169.0,0.1666666666666665,0.1666666666666665,0.1666666666666665,0.1666666666666665,0.1666666666666665,0.1666666666666665
170,170.0,0.1666666666666665,0.1666666666666665,0.1666666666666665,0.1666666666666665,0.1666666666666665,0.1666666666666665
171,171.0,0.1666666666666665,0.1666666666666665,0.1666666666666665,0.1666666666666665,0.1666666666666665,0.1666666666666665
172,172.0,0.1666666666666665,0.1666666666666665,0.1666666666666665,0.1666666666666665,0.1666666666666665,0.1666666666666665
173,173.0,0.1666666666666665,0.1666666666666665,0.1666666666666665,0.1666666666666665,0.1666666666666665,0.1666666666666665
174,174.0,0.1666666666666665,0.1666666666666665,0.1666666666666665,0.1666666666666665,0.1666666666666665,0.1666666666666665
175,175.0,0.1666666666666665,0.1666666666666665,0.1666666666666665,0.1666666666666665,0.1666666666666665,0.1666666666666665
176,176.0,0.1666666666666665,0.1666666666666665,0.1666666666666665,0.1666666666666665,0.1666666666666665,0.1666666666666665
177,177.0,0.1666666666666665,0.1666666666666665,0.1666666666666665,0.1666666666666665,0.1666666666666665,0.1666666666666665
178,178.0,0.1666666666666665,0.1666666666666665,0.1666666666666665,0.1666666666666665,0.1666666666666665,0.1666666666666665
179,179.0,0.1666666666666665,0.1666666666666665,0.1666666666666665,0.1666666666666665,0.1666666666666665,0.1666666666666665
180,180.0,0.1666666666666665,0.1666666666666665,0.1666666666666665,0.1666666666666665,0.1666666666666665,0.1666666666666665
181,181.0,0.1666666666666665,0.1666666666666665,0.1666666666666665,0.1666666666666665,0.1666666666666665,0.1666666666666665
182,182.0,0.1666666666666665,0.1666666666666665,0.1666666666666665,0.1666666666666665,0.1666666666666665,0.1666666666666665
183,183.0,0.1666666666666665,0.1666666666666665,0.1666666666666665,0.1666666666666665,0.1666666666666665,0.1666666666666665
184,184.0,0.1666666666666665,0.1666666666666665,0.1666666666666665,0.1666666666666665,0.1666666666666665,0.1666666666666665
185,185.0,0.1666666666666665,0.1666666666666665,0.1666666666666665,0.1666666666666665,0.1666666666666665,0.1666666666666665
186,186.0,0.1666666666666665,0.1666666666666665,0.1666666666666665,0.1666666666666665,0.1666666666666665,0.1666666666666665
187,187.0,0.1666666666666665,0.1666666666666665,0.1666666666666665,0.1666666666666665,0.1666666666666665,0.1666666666666665
188,188.0,0.1666666666666665,0.1666666666666665,0.1666666666666665,0.1666666666666665,0.1666666666666665,0.1666666666666665
189,189.0,0.1666666666666665,0.1666666666666665,0.1666666666666665,0.1666666666666665,0.1666666666666665,0.1666666666666665
190,190.0,0.1666666666666665,0.1666666666666665,0.1666666666666665,0.1666666666666665,0.1666666666666665,0.1666666666666665
191,191.0,0.1666666666666665,0.1666666666666665,0.1666666666666665,0.1666666666666665,0.1666666666666665,0.1666666666666665
192,192.0,0.1666666666666665,0.1666666666666665,0.1666666666666665,0.1666666666666665,0.1666666666666665,0.1666666666666665
193,193.0,0.1666666666666665,0.1666666666666665,0.1666666666666665,0.1666666666666665,0.1666666666666665,0.1666666666666665
194,194.0,0.1666666666666665,0.1666666666666665,0.1666666666666665,0.1666666666666665,0.1666666666666665,0.1666666666666665
195,195.0,0.1666666666666665,0.1666666666666665,0.1666666666666665,0.1666666666666665,0.1666666666666665,0.1666666666666665
196,196.0,0.1666666666666665,0.1666666666666665,0.1666666666666665,0.1666666666666665,0.1666666666666665,0.1666666666666665
197,197.0,0.1666666666666665,0.1666666666666665,0.1666666666666665,0.1666666666666665,0.1666666666666665,0.1666666666666665
198,198.0,0.1660634954715168,0.1680069384899236,0.1663447832768125,0.1666412758283404,0.166402826792191,0.1665406801412149
199,199.0,0.1642068452455403,0.1700824544580945,0.1680368884103388,0.1655695726054166,0.1648807811280287,0.1672234581525802
200,200.0,0.1600212547414932,0.1743870681776796,0.17068005155891,0.1640779992173704,0.1624283501991361,0.16840527610541
201,201.0,0.155910560068259,0.1786175209659722,0.1733767981469803,0.1627248798139548,0.159959736699178,0.169410504305655
202,202.0,0.1519520122947082,0.1826903988992801,0.1761112196844072,0.1613824727085383,0.1574671230366008,0.1703967733764648
203,203.0,0.1481661695135154,0.1864903448868133,0.1788939161380836,0.1600109531694438,0.1550881580812934,0.1713504582108499
204,204.0,0.1446419336411344,0.1900049139949743,0.1816807398664965,0.1584775816348165,0.1529257616338942,0.1722690692286836
205,205.0,0.1412110497149391,0.1932579640999753,0.1843568420427032,0.157075366561239,0.150869030904325,0.1732297466768179
206,206.0,0.1380465123794887,0.1963679523698709,0.1870647843833902,0.1556808621351758,0.1488115317792793,0.1740283569527947
207,207.0,0.1348549331905029,0.1994190557288162,0.1897650504220775,0.1544350981243221,0.1467639319053718,0.1747619306289092
208,208.0,0.131790029558154,0.2022369496398129,0.1924204497512179,0.1532334645871287,0.1448085551588708,0.1755105513048153
209,209.0,0.1290251339188486,0.2048084506678289,0.1949775774929783,0.1520081900598889,0.142883519577872,0.1762971282825831
210,210.0,0.1265800659323359,0.2073839218670874,0.197492084558726,0.1506284369237924,0.1409579305114063,0.1769575602066518
211,211.0,0.1244213584349305,0.2096488685979437,0.1998694873774085,0.1494203270458665,0.1391266272224627,0.1775133313213879
212,212.0,0.1221935278539863,0.2119341116780043,0.2018847131001401,0.1483969960535537,0.1373532623135392,0.1782373890007763
213,213.0,0.1201872826608323,0.2140399549437113,0.2036071208123722,0.1472957894065565,0.1358978939559461,0.1789719582205815
214,214.0,0.1182456675729632,0.2159892753494931,0.2049432610172997,0.1464930244768433,0.1345906585202218,0.1797381130631788
215,215.0,0.1165859747229793,0.2177382350479942,0.2061827580264599,0.1457625681571669,0.1332461551390777,0.1804843089063219
216,216.0,0.1152518760234157,0.2192645601279551,0.2071568846355708,0.1450565420830565,0.1321386829400235,0.1811314541899784
217,217.0,0.1139498742891383,0.2204336072985768,0.2079412370989422,0.1447089340304747,0.1312744049508483,0.1816919423320196
218,218.0,0.112700941419077,0.2216466956512912,0.2087299933631421,0.1442342507863087,0.1306245115754468,0.1820636072047343
219,219.0,0.1116616174107701,0.2228293051631392,0.2094516124084015,0.1438859162931739,0.1298047647469927,0.1823667839775227
220,220.0,0.1106103239626728,0.2237935705195045,0.2102916644270747,0.1435696984665443,0.1291449439631628,0.1825897986610409
221,221.0,0.109953435407325,0.2248573853105369,0.2109532181658021,0.1431646740875969,0.1284164330891762,0.1826548539395629
222,222.0,0.1094323892009148,0.2255629324804747,0.2115251840717717,0.1430532061150826,0.127710395574329,0.1827158925574272
223,223.0,0.1090232388047101,0.22622086477544,0.2122244714853497,0.1427314387743921,0.1271124192200793,0.182687566940029
224,224.0,0.1088485835343638,0.2265066375053677,0.2129832806420155,0.1423912533409834,0.1266825627080353,0.1825876822692343
225,225.0,0.1087740932304728,0.2267323791964649,0.2136510898622106,0.1421071406973082,0.1262450369365015,0.1824902600770421
226,226.0,0.1088404025702281,0.2266500218306187,0.2142912327336448,0.1419624055035551,0.1259673847207598,0.1822885526411935
227,227.0,0.1090449773259944,0.2262101137583171,0.2150102729446409,0.1419656977694867,0.1257796653479073,0.1819892728536537
228,228.0,0.1093879040458006,0.225383431219737,0.2157018921533122,0.1420262576326319,0.1257205062281179,0.1817800087204004
229,229.0,0.1098790023190044,0.2244407310899472,0.2163617454096088,0.1417611369083543,0.125648760353175,0.1819086239199103
230,230.0,0.1101992601972955,0.2234368595578875,0.2169028817005182,0.1418447866714185,0.1256279623710125,0.1819882495018677
231,231.0,0.1105659826868786,0.2222419310919522,0.2175337590511081,0.1419179569151881,0.125696461825035,0.1820439084298381
232,232.0,0.1110601833450656,0.220677741981123,0.2180914835816626,0.1421515299631909,0.1259316900765479,0.18208737105241
233,233.0,0.1115727564797682,0.2190455101588084,0.2186990150639637,0.1421714229674681,0.1263007135828061,0.1822105817471856
234,234.0,0.1119866061081668,0.2175519735949428,0.2192850457097234,0.1421325642126989,0.1267039460112106,0.1823398643632576
235,235.0,0.1124155505553325,0.2160124040246192,0.2198062451228451,0.1422718424355439,0.1270529821580833,0.1824409757035761
236,236.0,0.1129563459527729,0.2148943986081883,0.2202031512956009,0.1422654622103322,0.1270150889443462,0.1826655529887597
237,237.0,0.113540332442961,0.2141095421052926,0.2205944892903933,0.1423868800049829,0.1266466006059074,0.182722155550463
238,238.0,0.1143271152506507,0.2133357745855128,0.2210077607959959,0.1425064902999595,0.1261315204986602,0.182691338569221
239,239.0,0.1147690074525558,0.21270763598479,0.2215331549211574,0.1426570172846033,0.1257424182255173,0.1825907661313762
240,240.0,0.1152719283449672,0.2120427596140954,0.2221102432164283,0.1428384370488271,0.125309433585515,0.182427198190167
241,241.0,0.1158223763776299,0.2116100525370527,0.2222960267071886,0.1428849121758268,0.1249638521705283,0.1824227800317736
242,242.0,0.1163511682756616,0.2110054930201275,0.2222493679828218,0.1432257615435478,0.1245903955747342,0.1825778136031071
243,243.0,0.1169909129560837,0.2106597241811463,0.2221197064675968,0.1432982207088324,0.1241619757746585,0.1827694599116824
244,244.0,0.1176386203046581,0.2103326806707576,0.2219510512591576,0.1432396815299413,0.1238189028857492,0.1830190633497363
245,245.0,0.1182984131573317,0.2100301696476421,0.2217393460312564,0.1432144779084632,0.1232360595709884,0.1834815336843183
246,246.0,0.118942340513318,0.2101078503545758,0.2213072735589594,0.1432038944106624,0.1227420841733582,0.1836965569891261
247,247.0,0.1196798774935491,0.2100639694594734,0.2209583799995091,0.1431761128339443,0.1222794173796039,0.1838422428339202
248,248.0,0.1203163054374011,0.2101188489748286,0.2209044601091158,0.1431990649158914,0.1215769109237584,0.1838844096390046
249,249.0,0.1209551282472288,0.21033854454909,0.220609985539358,0.1433734431145726,0.1208066572630995,0.183916241286651
250,250.0,0.1215754637896597,0.2106281413218605,0.2204322435668121,0.1435397945443872,0.1200916306195839,0.1837327261576965
251,251.0,0.1221317309732868,0.2106234465179378,0.2205258617976534,0.1437908646989954,0.1194351993669146,0.1834928966452118
252,252.0,0.122698812568395,0.210674034233914,0.2206146470795195,0.1440029392509644,0.1187035075675665,0.1833060592996405
253,253.0,0.1231282488741873,0.2110187863471906,0.2206286276250362,0.1441390850117785,0.1176982856882875,0.1833869664535199
254,254.0,0.1231936853080809,0.211061946209318,0.2210660243230542,0.1443326383823172,0.1170047156630763,0.1833409901141535
255,255.0,0.1230957045439803,0.2110471418789516,0.2217985698309376,0.1443670347362814,0.1164103234113455,0.1832812255985035
256,256.0,0.1229728642819175,0.2106473644921912,0.2226468433152531,0.1443829632885517,0.1159852857964767,0.1833646788256097
257,257.0,0.122896194549738,0.210317940517476,0.2232542401906307,0.1444843698292525,0.1155212417666816,0.1835260131462212
258,258.0,0.122669088944647,0.2103677504855017,0.2239305797028258,0.1445424575370975,0.1148245821164004,0.1836655412135276
259,259.0,0.1224818464327902,0.2102720346355015,0.2246937542152132,0.1445682865854036,0.1140005562286837,0.1839835219024078
260,260.0,0.121855199259134,0.2102838543889505,0.2256720611467882,0.1446485317500189,0.113100667591515,0.1844396858635932
261,261.0,0.1212612747578851,0.2100619665999788,0.2268787660383512,0.1447020649752916,0.1121658568632014,0.1849300707652918
262,262.0,0.1206127544097926,0.2099110396744491,0.227794580766076,0.1448400246558104,0.111473538503676,0.1853680619901958
263,263.0,0.1198910648884956,0.2097163501129331,0.2288693128679636,0.1449990088709411,0.1108677677412348,0.1856564955184317
264,264.0,0.1192853876728509,0.209462792564856,0.2295219463728191,0.1451471023329037,0.1104016390865872,0.186181131969983
265,265.0,0.1187624072420288,0.2092744701926523,0.2297914581927705,0.1450298612328269,0.1100358121028391,0.1871059910368821
266,266.0,0.1183019626425452,0.2089668219801633,0.2299690809204774,0.1449601882685278,0.1096815960868909,0.1881203501013952
267,267.0,0.1178188115991554,0.2085176339909867,0.2303536521528029,0.1448315180351157,0.1093976795380925,0.1890807046838467
268,268.0,0.1173991963138231,0.2082556853013086,0.2305724303747865,0.1443330226008529,0.1092517064265429,0.1901879589826858
269,269.0,0.1170687798753081,0.2079820260568035,0.2312278187014107,0.1433430148756079,0.1091283760125481,0.1912499844783216
270,270.0,0.1167150161901247,0.2077765352058697,0.2318944023503066,0.1423500667637933,0.1090070393811651,0.1922569401087404
271,271.0,0.1160534613295695,0.2073833849361926,0.2325399546366245,0.1413531265183611,0.1091581420439031,0.193511930535349
272,272.0,0.115483037909575,0.2070019840662612,0.2329626601630417,0.1407626465072974,0.1093463552481359,0.1944433161056886
273,273.0,0.1146312101093627,0.2065921563247367,0.2335766460278283,0.1401221562900691,0.1096116548709832,0.1954661763770198
274,274.0,0.1139183695252552,0.2063421588136096,0.2338960489055092,0.1395470353808107,0.109935941626563,0.1963604457482522
275,275.0,0.1135965813262067,0.2060621573658218,0.2343752135207308,0.1390066218850681,0.1102553953992938,0.1967040305028785
276,276.0,0.1131829106408103,0.2059330541441564,0.2348140538274106,0.1384539162097476,0.1105594725336692,0.1970565926442057
277,277.0,0.1129296319133835,0.2057883506348229,0.2350171802720007,0.1378351459843958,0.1108733406087622,0.1975563505866347
278,278.0,0.1127808168954762,0.2055870706184701,0.2352056926675142,0.1371395103726436,0.111202723165288,0.1980841862806077
279,279.0,0.1125083027359562,0.2053870733564412,0.2353277970580634,0.1365834371535977,0.1116086479289895,0.1985847417669516
280,280.0,0.11195718758739,0.2053618231056879,0.235338012805613,0.136188847446898,0.1120184859363754,0.1991356431180355
281,281.0,0.1113107125509929,0.2054749907399527,0.2351657658441913,0.1359495619551664,0.1123709518420182,0.1997280170676783
282,282.0,0.110763425253261,0.2057795999520422,0.2349146655630088,0.1356248450962917,0.1125505223838194,0.2003669417515766
283,283.0,0.1104547326761485,0.2061794721263467,0.2343585808963842,0.1353962201815619,0.1127672462671671,0.2008437478523913
284,284.0,0.1102735237796601,0.2064872386385357,0.2337138357566303,0.1350915065797286,0.1130620446037894,0.2013718506416558
285,285.0,0.1100804959640855,0.20673301448762,0.2329451727226668,0.1352511746661528,0.1133059880569838,0.201684154102491
286,286.0,0.1099651769311155,0.2067950375235697,0.2324995990481707,0.1354034550750537,0.1135691940284149,0.2017675373936754
287,287.0,0.1098477891410013,0.2069372975350866,0.2320182708676155,0.1355476991370553,0.1137309744600237,0.2019179688592176
288,288.0,0.1098047662437524,0.2070882404537282,0.2316970453315603,0.1357051100822494,0.1139012601628221,0.2018035777258874
289,289.0,0.1096783191268369,0.2071967441352321,0.2314073194312432,0.1357341585817457,0.1142953484049016,0.2016881103200404
290,290.0,0.1095440580654207,0.2073149153407874,0.2311817136436784,0.1358444558383665,0.114555123861027,0.2015597332507199
291,291.0,0.1091632178396903,0.2074860597098708,0.231066499677699,0.1358960081392706,0.1147723708407628,0.2016158437927064
292,292.0,0.1086478000949635,0.2077404650313974,0.2310741995432232,0.1360229008184712,0.1148317062039328,0.2016829283080117
293,293.0,0.1082386925666859,0.2078779001515878,0.2310508121978861,0.1360580713495639,0.1148751331735799,0.2018993905606962
294,294.0,0.1080036499988709,0.2079602482526071,0.2310696674842671,0.1359903729880121,0.1149385180783838,0.2020375431978589
295,295.0,0.1078666631249911,0.2079451506338153,0.2309697563570801,0.1357167998455742,0.1151560320708294,0.2023455979677097
296,296.0,0.1077597023104816,0.207761730691911,0.2309358987177983,0.1355509740586806,0.1154268885027451,0.2025648057183833
297,297.0,0.1075835075520597,0.2076718172571785,0.2308649441523107,0.1353860932266952,0.1156114439600852,0.2028821938516705
298,298.0,0.1075953150640511,0.2076899716494643,0.2307246107764482,0.1352458510018495,0.1157414020189874,0.2030028494891994
299,299.0,0.1076565301209294,0.2076034911322925,0.2306564585601653,0.1350182621365626,0.1159501478695479,0.2031151101805022
300,300.0,0.1077841116463051,0.20780173684728,0.2306923388835227,0.134410716904181,0.1162874113795698,0.2030236843391413
301,301.0,0.1079301786397113,0.2079512386228832,0.2306098386669879,0.1337764118234713,0.1166168150308971,0.2031155172160491
302,302.0,0.1080573749399842,0.2080258495713924,0.2306480206991881,0.1331623577978791,0.1169290839908869,0.2031773130006691
303,303.0,0.1082208374700015,0.2082050114696917,0.2305409927393759,0.1326486411373989,0.1172184916136595,0.2031660255698724
304,304.0,0.1084102014069074,0.2081453647902399,0.2304715345009001,0.1324386199251683,0.1174412123192413,0.2030930670575429
305,305.0,0.1086604884039464,0.2078656098118667,0.230209163286209,0.1323823477312265,0.1180079484690784,0.2028744422976729
306,306.0,0.1089454609701122,0.2074999686506616,0.2298232958103571,0.1323860583004039,0.1186677878161868,0.2026774284522783
307,307.0,0.1093035923070442,0.2071309666377367,0.2293638081299016,0.1325372453279638,0.1189752860377531,0.2026891015596006
308,308.0,0.1096919023823868,0.2071701294802584,0.2287577197787884,0.1327325365436727,0.1192802438394143,0.2023674679754792
309,309.0,0.110233611586809,0.2072915093605883,0.2281369907801654,0.1327774388246874,0.1195290834305995,0.2020313660171504
310,310.0,0.110587024895719,0.2073536487336174,0.227841227818411,0.1328750544056975,0.1196454185856471,0.2016976255609079
311,311.0,0.1108826362194258,0.207327661572374,0.2275257883527585,0.1330344397466161,0.1196509924461328,0.2015784816626928
312,312.0,0.1110553184783855,0.2076479880807342,0.2272463543652832,0.1330313616900762,0.119798292837325,0.201220684548196
313,313.0,0.1112233202064806,0.2080111893457153,0.2270421108434051,0.1330524706688543,0.1197746317811659,0.2008962771543788
314,314.0,0.1113425464257678,0.2082102584244818,0.2269196509687849,0.1330479667393545,0.1197571954252792,0.2007223820163318
315,315.0,0.1114298430140993,0.2081080315319467,0.2267677162522058,0.1333032250357606,0.1198325751834256,0.200558608982562
316,316.0,0.1115856569065644,0.2081490132375657,0.2264709665098142,0.1335260373374011,0.119789485201274,0.2004788408073806
317,317.0,0.1119298909346448,0.208082686288994,0.2261230482989893,0.1337692352819698,0.1197020195815027,0.2003931196138993
318,318.0,0.1121289559791857,0.2080893383737064,0.2257406022391301,0.1340066590715747,0.1196047267595494,0.2004297175768536
319,319.0,0.1122489746249456,0.2082258037345881,0.2253359195305202,0.134307265839191,0.1194062798068511,0.2004757564639039
320,320.0,0.1123659442758872,0.2084697534430437,0.2247848034898161,0.1346327538308773,0.1192746252608563,0.2004721196995193
321,321.0,0.1125666085433121,0.2085241617609971,0.2242017449834328,0.1349385868183731,0.1191388075865843,0.2006300903073004
322,322.0,0.1127786910791139,0.2086622521262209,0.2236897102529442,0.1351481883969808,0.1189434093088346,0.2007777488359055
