,Unnamed: 0,Total_iterations,Intertwine_two,Add_vertex,Delete_vertex,Invert_path_vertices,Insert_inside_vertex,Delete_inside_vertex
0,0.0,0.0,0.16666666666666657,0.16666666666666657,0.16666666666666657,0.16666666666666657,0.16666666666666657,0.16666666666666657
1,1.0,0.10900000000000001,0.16666666666666657,0.16666666666666657,0.16666666666666657,0.16666666666666657,0.16666666666666657,0.16666666666666657
2,2.0,0.31601,0.16666666666666657,0.16666666666666657,0.16666666666666657,0.16666666666666657,0.16666666666666657,0.16666666666666657
3,3.0,0.6191589000000001,0.16666666666666657,0.16666666666666657,0.16666666666666657,0.16666666666666657,0.16666666666666657,0.16666666666666657
4,4.0,1.015801321,0.16666666666666657,0.16666666666666657,0.16666666666666657,0.16666666666666657,0.16666666666666657,0.16666666666666657
5,5.0,1.50262148669,0.16666666666666657,0.16666666666666657,0.16666666666666657,0.16666666666666657,0.16666666666666657,0.16666666666666657
6,6.0,2.0757334209441005,0.16666666666666657,0.16666666666666657,0.16666666666666657,0.16666666666666657,0.16666666666666657,0.16666666666666657
7,7.0,2.7307768275633495,0.16666666666666657,0.16666666666666657,0.16666666666666657,0.16666666666666657,0.16666666666666657,0.16666666666666657
8,8.0,3.4630081252450404,0.16666666666666657,0.16666666666666657,0.16666666666666657,0.16666666666666657,0.16666666666666657,0.16666666666666657
9,9.0,4.2673862119061114,0.16666666666666657,0.16666666666666657,0.16666666666666657,0.16666666666666657,0.16666666666666657,0.16666666666666657
10,10.0,5.138652627782014,0.16666666666666657,0.16666666666666657,0.16666666666666657,0.16666666666666657,0.16666666666666657,0.16666666666666657
11,11.0,6.071405875792507,0.16666666666666657,0.16666666666666657,0.16666666666666657,0.16666666666666657,0.16666666666666657,0.16666666666666657
12,12.0,7.060169740244025,0.16666666666666657,0.16666666666666657,0.16666666666666657,0.16666666666666657,0.16666666666666657,0.16666666666666657
13,13.0,8.099455520847952,0.16666666666666657,0.16666666666666657,0.16666666666666657,0.16666666666666657,0.16666666666666657,0.16666666666666657
14,14.0,9.183818168183006,0.16666666666666657,0.16666666666666657,0.16666666666666657,0.16666666666666657,0.16666666666666657,0.16666666666666657
15,15.0,10.307906369102724,0.16666666666666657,0.16666666666666657,0.16666666666666657,0.16666666666666657,0.16666666666666657,0.16666666666666657
16,16.0,11.466506686239443,0.16666666666666657,0.16666666666666657,0.16666666666666657,0.16666666666666657,0.16666666666666657,0.16666666666666657
17,17.0,12.654581904800096,0.16666666666666657,0.16666666666666657,0.16666666666666657,0.16666666666666657,0.16666666666666657,0.16666666666666657
18,18.0,13.867303782456686,0.16666666666666657,0.16666666666666657,0.16666666666666657,0.16666666666666657,0.16666666666666657,0.16666666666666657
19,19.0,15.100080434523047,0.16666666666666657,0.16666666666666657,0.16666666666666657,0.16666666666666657,0.16666666666666657,0.16666666666666657
20,20.0,16.348578617037543,0.16666666666666657,0.16666666666666657,0.16666666666666657,0.16666666666666657,0.16666666666666657,0.16666666666666657
21,21.0,17.608741195130214,0.16666666666666657,0.16666666666666657,0.16666666666666657,0.16666666666666657,0.16666666666666657,0.16666666666666657
22,22.0,18.876800103462312,0.16666666666666657,0.16666666666666657,0.16666666666666657,0.16666666666666657,0.16666666666666657,0.16666666666666657
23,23.0,20.14928511992658,0.16666666666666657,0.16666666666666657,0.16666666666666657,0.16666666666666657,0.16666666666666657,0.16666666666666657
24,24.0,21.423028783545156,0.16666666666666657,0.16666666666666657,0.16666666666666657,0.16666666666666657,0.16666666666666657,0.16666666666666657
25,25.0,22.695167792966423,0.16666666666666657,0.16666666666666657,0.16666666666666657,0.16666666666666657,0.16666666666666657,0.16666666666666657
26,26.0,23.963141223515898,0.16666666666666657,0.16666666666666657,0.16666666666666657,0.16666666666666657,0.16666666666666657,0.16666666666666657
27,27.0,25.224685898775267,0.16666666666666657,0.16666666666666657,0.16666666666666657,0.16666666666666657,0.16666666666666657,0.16666666666666657
28,28.0,26.477829247520948,0.16666666666666657,0.16666666666666657,0.16666666666666657,0.16666666666666657,0.16666666666666657,0.16666666666666657
29,29.0,27.720879968916847,0.16666666666666657,0.16666666666666657,0.16666666666666657,0.16666666666666657,0.16666666666666657,0.16666666666666657
30,30.0,28.95241681848399,0.16666666666666657,0.16666666666666657,0.16666666666666657,0.16666666666666657,0.16666666666666657,0.16666666666666657
31,31.0,30.17127581490958,0.16666666666666657,0.16666666666666657,0.16666666666666657,0.16666666666666657,0.16666666666666657,0.16666666666666657
32,32.0,31.376536153543515,0.16666666666666657,0.16666666666666657,0.16666666666666657,0.16666666666666657,0.16666666666666657,0.16666666666666657
33,33.0,32.567505096778625,0.16666666666666657,0.16666666666666657,0.16666666666666657,0.16666666666666657,0.16666666666666657,0.16666666666666657
34,34.0,33.74370209472243,0.16666666666666657,0.16666666666666657,0.16666666666666657,0.16666666666666657,0.16666666666666657,0.16666666666666657
35,35.0,34.90484237192463,0.16666666666666657,0.16666666666666657,0.16666666666666657,0.16666666666666657,0.16666666666666657,0.16666666666666657
36,36.0,36.05082019768737,0.16666666666666657,0.16666666666666657,0.16666666666666657,0.16666666666666657,0.16666666666666657,0.16666666666666657
37,37.0,37.18169203889697,0.16666666666666657,0.16666666666666657,0.16666666666666657,0.16666666666666657,0.16666666666666657,0.16666666666666657
38,38.0,38.29765977559663,0.16666666666666657,0.16666666666666657,0.16666666666666657,0.16666666666666657,0.16666666666666657,0.16666666666666657
39,39.0,39.399054140870355,0.16666666666666657,0.16666666666666657,0.16666666666666657,0.16666666666666657,0.16666666666666657,0.16666666666666657
40,40.0,40.48631852820801,0.16666666666666657,0.16666666666666657,0.16666666666666657,0.16666666666666657,0.16666666666666657,0.16666666666666657
41,41.0,41.55999329152982,0.16666666666666657,0.16666666666666657,0.16666666666666657,0.16666666666666657,0.16666666666666657,0.16666666666666657
42,42.0,42.62070064560415,0.16666666666666657,0.16666666666666657,0.16666666666666657,0.16666666666666657,0.16666666666666657,0.16666666666666657
43,43.0,43.669130257815,0.16666666666666657,0.16666666666666657,0.16666666666666657,0.16666666666666657,0.16666666666666657,0.16666666666666657
44,44.0,44.70602560622662,0.16666666666666657,0.16666666666666657,0.16666666666666657,0.16666666666666657,0.16666666666666657,0.16666666666666657
45,45.0,45.73217116373481,0.16666666666666657,0.16666666666666657,0.16666666666666657,0.16666666666666657,0.16666666666666657,0.16666666666666657
46,46.0,46.748380453854836,0.16666666666666657,0.16666666666666657,0.16666666666666657,0.16666666666666657,0.16666666666666657,0.16666666666666657
47,47.0,47.755485010424316,0.16666666666666657,0.16666666666666657,0.16666666666666657,0.16666666666666657,0.16666666666666657,0.16666666666666657
48,48.0,48.7543242612326,0.16666666666666657,0.16666666666666657,0.16666666666666657,0.16666666666666657,0.16666666666666657,0.16666666666666657
49,49.0,49.745736344347726,0.16666666666666657,0.16666666666666657,0.16666666666666657,0.16666666666666657,0.16666666666666657,0.16666666666666657
50,50.0,50.730549855707864,0.16666666666666657,0.16666666666666657,0.16666666666666657,0.16666666666666657,0.16666666666666657,0.16666666666666657
51,51.0,51.70957651737491,0.16666666666666657,0.16666666666666657,0.16666666666666657,0.16666666666666657,0.16666666666666657,0.16666666666666657
52,52.0,52.68360474770151,0.16666666666666657,0.16666666666666657,0.16666666666666657,0.16666666666666657,0.16666666666666657,0.16666666666666657
53,53.0,53.65339410751842,0.16666666666666657,0.16666666666666657,0.16666666666666657,0.16666666666666657,0.16666666666666657,0.16666666666666657
54,54.0,54.61967059027847,0.16666666666666657,0.16666666666666657,0.16666666666666657,0.16666666666666657,0.16666666666666657,0.16666666666666657
55,55.0,55.58312271885972,0.16666666666666657,0.16666666666666657,0.16666666666666657,0.16666666666666657,0.16666666666666657,0.16666666666666657
56,56.0,56.544398407394254,0.16666666666666657,0.16666666666666657,0.16666666666666657,0.16666666666666657,0.16666666666666657,0.16666666666666657
57,57.0,57.51410254300139,0.16666666666666657,0.16666666666666657,0.16666666666666657,0.16666666666666657,0.16666666666666657,0.16666666666666657
58,58.0,58.482695239617804,0.16666666666666657,0.16666666666666657,0.16666666666666657,0.16666666666666657,0.16666666666666657,0.16666666666666657
59,59.0,59.450601714176386,0.16666666666666657,0.16666666666666657,0.16666666666666657,0.16666666666666657,0.16666666666666657,0.16666666666666657
60,60.0,60.418211524137355,0.16666666666666657,0.16666666666666657,0.16666666666666657,0.16666666666666657,0.16666666666666657,0.16666666666666657
61,61.0,61.38587823786085,0.16666666666666657,0.16666666666666657,0.16666666666666657,0.16666666666666657,0.16666666666666657,0.16666666666666657
62,62.0,62.35391949783339,0.16666666666666657,0.16666666666666657,0.16666666666666657,0.16666666666666657,0.16666666666666657,0.16666666666666657
63,63.0,63.32261743683034,0.16666666666666657,0.16666666666666657,0.16666666666666657,0.16666666666666657,0.16666666666666657,0.16666666666666657
64,64.0,64.2922194075593,0.16666666666666657,0.16666666666666657,0.16666666666666657,0.16666666666666657,0.16666666666666657,0.16666666666666657
65,65.0,65.26293898713978,0.16666666666666657,0.16666666666666657,0.16666666666666657,0.16666666666666657,0.16666666666666657,0.16666666666666657
66,66.0,66.2349572188908,0.16666666666666657,0.16666666666666657,0.16666666666666657,0.16666666666666657,0.16666666666666657,0.16666666666666657
67,67.0,67.2084240552778,0.16666666666666657,0.16666666666666657,0.16666666666666657,0.16666666666666657,0.16666666666666657,0.16666666666666657
68,68.0,68.18345996747333,0.16666666666666657,0.16666666666666657,0.16666666666666657,0.16666666666666657,0.16666666666666657,0.16666666666666657
69,69.0,69.16015768877458,0.16666666666666657,0.16666666666666657,0.16666666666666657,0.16666666666666657,0.16666666666666657,0.16666666666666657
70,70.0,70.13858406105794,0.16666666666666657,0.16666666666666657,0.16666666666666657,0.16666666666666657,0.16666666666666657,0.16666666666666657
71,71.0,71.1187819555024,0.16666666666666657,0.16666666666666657,0.16666666666666657,0.16666666666666657,0.16666666666666657,0.16666666666666657
72,72.0,72.10077224094738,0.16666666666666657,0.16666666666666657,0.16666666666666657,0.16666666666666657,0.16666666666666657,0.16666666666666657
73,73.0,73.0845557754384,0.16666666666666657,0.16666666666666657,0.16666666666666657,0.16666666666666657,0.16666666666666657,0.16666666666666657
74,74.0,74.07011539872593,0.16666666666666657,0.16666666666666657,0.16666666666666657,0.16666666666666657,0.16666666666666657,0.16666666666666657
75,75.0,75.05741790569745,0.16666666666666657,0.16666666666666657,0.16666666666666657,0.16666666666666657,0.16666666666666657,0.16666666666666657
76,76.0,76.04641598291485,0.16666666666666657,0.16666666666666657,0.16666666666666657,0.16666666666666657,0.16666666666666657,0.16666666666666657
77,77.0,77.03705009258135,0.16666666666666657,0.16666666666666657,0.16666666666666657,0.16666666666666657,0.16666666666666657,0.16666666666666657
78,78.0,78.02925029035539,0.16666666666666657,0.16666666666666657,0.16666666666666657,0.16666666666666657,0.16666666666666657,0.16666666666666657
79,79.0,79.02293796544846,0.16666666666666657,0.16666666666666657,0.16666666666666657,0.16666666666666657,0.16666666666666657,0.16666666666666657
80,80.0,80.01802749337776,0.16666666666666657,0.16666666666666657,0.16666666666666657,0.16666666666666657,0.16666666666666657,0.16666666666666657
81,81.0,81.01442779358034,0.16666666666666657,0.16666666666666657,0.16666666666666657,0.16666666666666657,0.16666666666666657,0.16666666666666657
82,82.0,82.01204378582686,0.16666666666666657,0.16666666666666657,0.16666666666666657,0.16666666666666657,0.16666666666666657,0.16666666666666657
83,83.0,83.01077774099046,0.16666666666666657,0.16666666666666657,0.16666666666666657,0.16666666666666657,0.16666666666666657,0.16666666666666657
84,84.0,84.01053052322779,0.16666666666666657,0.16666666666666657,0.16666666666666657,0.16666666666666657,0.16666666666666657,0.16666666666666657
85,85.0,85.01120272200912,0.16666666666666657,0.16666666666666657,0.16666666666666657,0.16666666666666657,0.16666666666666657,0.16666666666666657
86,86.0,86.01269567369222,0.16666666666666657,0.16666666666666657,0.16666666666666657,0.16666666666666657,0.16666666666666657,0.16666666666666657
87,87.0,87.01491237347008,0.16666666666666657,0.16666666666666657,0.16666666666666657,0.16666666666666657,0.16666666666666657,0.16666666666666657
88,88.0,88.02775827953548,0.16666666666666657,0.16666666666666657,0.16666666666666657,0.16666666666666657,0.16666666666666657,0.16666666666666657
89,89.0,89.04104201219897,0.16666666666666657,0.16666666666666657,0.16666666666666657,0.16666666666666657,0.16666666666666657,0.16666666666666657
90,90.0,90.05458695147412,0.16666666666666657,0.16666666666666657,0.16666666666666657,0.16666666666666657,0.16666666666666657,0.16666666666666657
91,91.0,91.06823152730702,0.16666666666666657,0.16666666666666657,0.16666666666666657,0.16666666666666657,0.16666666666666657,0.16666666666666657
92,92.0,92.08182933028355,0.16666666666666657,0.16666666666666657,0.16666666666666657,0.16666666666666657,0.16666666666666657,0.16666666666666657
93,93.0,93.1052490596596,0.16666666666666657,0.16666666666666657,0.16666666666666657,0.16666666666666657,0.16666666666666657,0.16666666666666657
94,94.0,94.12827432550145,0.16666666666666657,0.16666666666666657,0.16666666666666657,0.16666666666666657,0.16666666666666657,0.16666666666666657
95,95.0,95.1507143215041,0.16666666666666657,0.16666666666666657,0.16666666666666657,0.16666666666666657,0.16666666666666657,0.16666666666666657
96,96.0,96.17240317469142,0.16666666666666657,0.16666666666666657,0.16666666666666657,0.16666666666666657,0.16666666666666657,0.16666666666666657
97,97.0,97.19319911081313,0.16666666666666657,0.16666666666666657,0.16666666666666657,0.16666666666666657,0.16666666666666657,0.16666666666666657
98,98.0,98.22298346221453,0.16666666666666657,0.16666666666666657,0.16666666666666657,0.16666666666666657,0.16666666666666657,0.16666666666666657
99,99.0,99.26155954385364,0.16666666666666657,0.16666666666666657,0.16666666666666657,0.16666666666666657,0.16666666666666657,0.16666666666666657
100,100.0,100.2986624218903,0.16666666666666657,0.16666666666666657,0.16666666666666657,0.16666666666666657,0.16666666666666657,0.16666666666666657
101,101.0,101.33406838790441,0.16666666666666657,0.16666666666666657,0.16666666666666657,0.16666666666666657,0.16666666666666657,0.16666666666666657
102,102.0,102.36759307343804,0.16666666666666657,0.16666666666666657,0.16666666666666657,0.16666666666666657,0.16666666666666657,0.16666666666666657
103,103.0,103.39908935968393,0.16666666666666657,0.16666666666666657,0.16666666666666657,0.16666666666666657,0.16666666666666657,0.16666666666666657
104,104.0,104.4284451237084,0.16666666666666657,0.16666666666666657,0.16666666666666657,0.16666666666666657,0.16666666666666657,0.16666666666666657
105,105.0,105.45558086009333,0.16666666666666657,0.16666666666666657,0.16666666666666657,0.16666666666666657,0.16666666666666657,0.16666666666666657
106,106.0,106.48044721423885,0.16666666666666657,0.16666666666666657,0.16666666666666657,0.16666666666666657,0.16666666666666657,0.16666666666666657
107,107.0,107.50302246082742,0.16666666666666657,0.16666666666666657,0.16666666666666657,0.16666666666666657,0.16666666666666657,0.16666666666666657
108,108.0,108.52330995814887,0.16666666666666657,0.16666666666666657,0.16666666666666657,0.16666666666666657,0.16666666666666657,0.16666666666666657
109,109.0,109.54133560615668,0.16666666666666657,0.16666666666666657,0.16666666666666657,0.16666666666666657,0.16666666666666657,0.16666666666666657
110,110.0,110.55714533330215,0.16666666666666657,0.16666666666666657,0.16666666666666657,0.16666666666666657,0.16666666666666657,0.16666666666666657
111,111.0,111.57080263440004,0.16666666666666657,0.16666666666666657,0.16666666666666657,0.16666666666666657,0.16666666666666657,0.16666666666666657
112,112.0,112.58238617904415,0.16666666666666657,0.16666666666666657,0.16666666666666657,0.16666666666666657,0.16666666666666657,0.16666666666666657
113,113.0,113.5919875074334,0.16666666666666657,0.16666666666666657,0.16666666666666657,0.16666666666666657,0.16666666666666657,0.16666666666666657
114,114.0,114.5997088279094,0.16666666666666657,0.16666666666666657,0.16666666666666657,0.16666666666666657,0.16666666666666657,0.16666666666666657
115,115.0,115.6156609280587,0.16666666666666657,0.16666666666666657,0.16666666666666657,0.16666666666666657,0.16666666666666657,0.16666666666666657
116,116.0,116.62986120891247,0.16666666666666657,0.16666666666666657,0.16666666666666657,0.16666666666666657,0.16666666666666657,0.16666666666666657
117,117.0,117.64234284959176,0.16666666666666657,0.16666666666666657,0.16666666666666657,0.16666666666666657,0.16666666666666657,0.16666666666666657
118,118.0,118.65315289770719,0.16666666666666657,0.16666666666666657,0.16666666666666657,0.16666666666666657,0.16666666666666657,0.16666666666666657
119,119.0,119.66235041203402,0.16666666666666657,0.16666666666666657,0.16666666666666657,0.16666666666666657,0.16666666666666657,0.16666666666666657
120,120.0,120.67000467080783,0.16666666666666657,0.16666666666666657,0.16666666666666657,0.16666666666666657,0.16666666666666657,0.16666666666666657
121,121.0,121.67619345699617,0.16666666666666657,0.16666666666666657,0.16666666666666657,0.16666666666666657,0.16666666666666657,0.16666666666666657
122,122.0,122.68100142999572,0.16666666666666657,0.16666666666666657,0.16666666666666657,0.16666666666666657,0.16666666666666657,0.16666666666666657
123,123.0,123.68451859139535,0.16666666666666657,0.16666666666666657,0.16666666666666657,0.16666666666666657,0.16666666666666657,0.16666666666666657
124,124.0,124.68683885074105,0.16666666666666657,0.16666666666666657,0.16666666666666657,0.16666666666666657,0.16666666666666657,0.16666666666666657
125,125.0,125.68805869564478,0.16666666666666657,0.16666666666666657,0.16666666666666657,0.16666666666666657,0.16666666666666657,0.16666666666666657
126,126.0,126.6882759691017,0.16666666666666657,0.16666666666666657,0.16666666666666657,0.16666666666666657,0.16666666666666657,0.16666666666666657
127,127.0,127.6875887555219,0.16666666666666657,0.16666666666666657,0.16666666666666657,0.16666666666666657,0.16666666666666657,0.16666666666666657
128,128.0,128.68609437574486,0.16666666666666657,0.16666666666666657,0.16666666666666657,0.16666666666666657,0.16666666666666657,0.16666666666666657
129,129.0,129.68388849018808,0.16666666666666657,0.16666666666666657,0.16666666666666657,0.16666666666666657,0.16666666666666657,0.16666666666666657
130,130.0,130.6810643082851,0.16666666666666657,0.16666666666666657,0.16666666666666657,0.16666666666666657,0.16666666666666657,0.16666666666666657
131,131.0,131.67771190148957,0.16666666666666657,0.16666666666666657,0.16666666666666657,0.16666666666666657,0.16666666666666657,0.16666666666666657
132,132.0,132.6739176163587,0.16666666666666657,0.16666666666666657,0.16666666666666657,0.16666666666666657,0.16666666666666657,0.16666666666666657
133,133.0,133.66976358357732,0.16666666666666657,0.16666666666666657,0.16666666666666657,0.16666666666666657,0.16666666666666657,0.16666666666666657
134,134.0,134.6653273182383,0.16666666666666657,0.16666666666666657,0.16666666666666657,0.16666666666666657,0.16666666666666657,0.16666666666666657
135,135.0,135.6606814062508,0.16666666666666657,0.16666666666666657,0.16666666666666657,0.16666666666666657,0.16666666666666657,0.16666666666666657
136,136.0,136.65589327139955,0.16666666666666657,0.16666666666666657,0.16666666666666657,0.16666666666666657,0.16666666666666657,0.16666666666666657
137,137.0,137.65102501731943,0.16666666666666657,0.16666666666666657,0.16666666666666657,0.16666666666666657,0.16666666666666657,0.16666666666666657
138,138.0,138.64613333847413,0.16666666666666657,0.16666666666666657,0.16666666666666657,0.16666666666666657,0.16666666666666657,0.16666666666666657
139,139.0,139.6412694941286,0.16666666666666657,0.16666666666666657,0.16666666666666657,0.16666666666666657,0.16666666666666657,0.16666666666666657
140,140.0,140.63647933927635,0.16666666666666657,0.16666666666666657,0.16666666666666657,0.16666666666666657,0.16666666666666657,0.16666666666666657
141,141.0,141.63180340651658,0.16666666666666657,0.16666666666666657,0.16666666666666657,0.16666666666666657,0.16666666666666657,0.16666666666666657
142,142.0,142.62727703296758,0.16666666666666657,0.16666666666666657,0.16666666666666657,0.16666666666666657,0.16666666666666657,0.16666666666666657
143,143.0,143.62293052644384,0.16666666666666657,0.16666666666666657,0.16666666666666657,0.16666666666666657,0.16666666666666657,0.16666666666666657
144,144.0,144.61878936530803,0.16666666666666657,0.16666666666666657,0.16666666666666657,0.16666666666666657,0.16666666666666657,0.16666666666666657
145,145.0,145.61487442663272,0.16666666666666657,0.16666666666666657,0.16666666666666657,0.16666666666666657,0.16666666666666657,0.16666666666666657
146,146.0,146.61120223755862,0.16666666666666657,0.16666666666666657,0.16666666666666657,0.16666666666666657,0.16666666666666657,0.16666666666666657
147,147.0,147.60778524501632,0.16666666666666657,0.16666666666666657,0.16666666666666657,0.16666666666666657,0.16666666666666657,0.16666666666666657
148,148.0,148.6046320992781,0.16666666666666657,0.16666666666666657,0.16666666666666657,0.16666666666666657,0.16666666666666657,0.16666666666666657
149,149.0,149.6017479471209,0.16666666666666657,0.16666666666666657,0.16666666666666657,0.16666666666666657,0.16666666666666657,0.16666666666666657
150,150.0,150.59913473070824,0.16666666666666657,0.16666666666666657,0.16666666666666657,0.16666666666666657,0.16666666666666657,0.16666666666666657
151,151.0,151.59679148862975,0.16666666666666657,0.16666666666666657,0.16666666666666657,0.16666666666666657,0.16666666666666657,0.16666666666666657
152,152.0,152.5947146558728,0.16666666666666657,0.16666666666666657,0.16666666666666657,0.16666666666666657,0.16666666666666657,0.16666666666666657
153,153.0,153.59289835983282,0.16666666666666657,0.16666666666666657,0.16666666666666657,0.16666666666666657,0.16666666666666657,0.16666666666666657
154,154.0,154.59133470979853,0.16666666666666657,0.16666666666666657,0.16666666666666657,0.16666666666666657,0.16666666666666657,0.16666666666666657
155,155.0,155.59001407766968,0.16666666666666657,0.16666666666666657,0.16666666666666657,0.16666666666666657,0.16666666666666657,0.16666666666666657
156,156.0,156.58892536797703,0.16666666666666657,0.16666666666666657,0.16666666666666657,0.16666666666666657,0.16666666666666657,0.16666666666666657
157,157.0,157.58805627557385,0.16666666666666657,0.16666666666666657,0.16666666666666657,0.16666666666666657,0.16666666666666657,0.16666666666666657
158,158.0,158.5873935296553,0.16666666666666657,0.16666666666666657,0.16666666666666657,0.16666666666666657,0.16666666666666657,0.16666666666666657
159,159.0,159.586923123032,0.16666666666666657,0.16666666666666657,0.16666666666666657,0.16666666666666657,0.16666666666666657,0.16666666666666657
160,160.0,160.58663052584072,0.16666666666666657,0.16666666666666657,0.16666666666666657,0.16666666666666657,0.16666666666666657,0.16666666666666657
161,161.0,161.58650088311018,0.16666666666666657,0.16666666666666657,0.16666666666666657,0.16666666666666657,0.16666666666666657,0.16666666666666657
162,162.0,162.58651919582155,0.16666666666666657,0.16666666666666657,0.16666666666666657,0.16666666666666657,0.16666666666666657,0.16666666666666657
163,163.0,163.5866704853036,0.16666666666666657,0.16666666666666657,0.16666666666666657,0.16666666666666657,0.16666666666666657,0.16666666666666657
164,164.0,164.58693994098442,0.16666666666666657,0.16666666666666657,0.16666666666666657,0.16666666666666657,0.16666666666666657,0.16666666666666657
165,165.0,165.5873130516873,0.16666666666666657,0.16666666666666657,0.16666666666666657,0.16666666666666657,0.16666666666666657,0.16666666666666657
166,166.0,166.58777572080302,0.16666666666666657,0.16666666666666657,0.16666666666666657,0.16666666666666657,0.16666666666666657,0.16666666666666657
167,167.0,167.58831436579914,0.16666666666666657,0.16666666666666657,0.16666666666666657,0.16666666666666657,0.16666666666666657,0.16666666666666657
168,168.0,168.58891600263763,0.16666666666666657,0.16666666666666657,0.16666666666666657,0.16666666666666657,0.16666666666666657,0.16666666666666657
169,169.0,169.58956831576594,0.16666666666666657,0.16666666666666657,0.16666666666666657,0.16666666666666657,0.16666666666666657,0.16666666666666657
170,170.0,170.59025971442375,0.16666666666666657,0.16666666666666657,0.16666666666666657,0.16666666666666657,0.16666666666666657,0.16666666666666657
171,171.0,171.59097937607154,0.16666666666666657,0.16666666666666657,0.16666666666666657,0.16666666666666657,0.16666666666666657,0.16666666666666657
172,172.0,172.5917172777938,0.16666666666666657,0.16666666666666657,0.16666666666666657,0.16666666666666657,0.16666666666666657,0.16666666666666657
173,173.0,173.59246421656593,0.16666666666666657,0.16666666666666657,0.16666666666666657,0.16666666666666657,0.16666666666666657,0.16666666666666657
174,174.0,174.5932118192952,0.16666666666666657,0.16666666666666657,0.16666666666666657,0.16666666666666657,0.16666666666666657,0.16666666666666657
175,175.0,175.59395254355857,0.16666666666666657,0.16666666666666657,0.16666666666666657,0.16666666666666657,0.16666666666666657,0.16666666666666657
176,176.0,176.59467966996002,0.16666666666666657,0.16666666666666657,0.16666666666666657,0.16666666666666657,0.16666666666666657,0.16666666666666657
177,177.0,177.5953872870217,0.16666666666666657,0.16666666666666657,0.16666666666666657,0.16666666666666657,0.16666666666666657,0.16666666666666657
178,178.0,178.59607026950704,0.16666666666666657,0.16666666666666657,0.16666666666666657,0.16666666666666657,0.16666666666666657,0.16666666666666657
179,179.0,179.59672425104876,0.16666666666666657,0.16666666666666657,0.16666666666666657,0.16666666666666657,0.16666666666666657,0.16666666666666657
180,180.0,180.59734559192583,0.16666666666666657,0.16666666666666657,0.16666666666666657,0.16666666666666657,0.16666666666666657,0.16666666666666657
181,181.0,181.59793134279593,0.16666666666666657,0.16666666666666657,0.16666666666666657,0.16666666666666657,0.16666666666666657,0.16666666666666657
182,182.0,182.59847920515105,0.16666666666666657,0.16666666666666657,0.16666666666666657,0.16666666666666657,0.16666666666666657,0.16666666666666657
183,183.0,183.59898748921916,0.16666666666666657,0.16666666666666657,0.16666666666666657,0.16666666666666657,0.16666666666666657,0.16666666666666657
184,184.0,184.59945506998827,0.16666666666666657,0.16666666666666657,0.16666666666666657,0.16666666666666657,0.16666666666666657,0.16666666666666657
185,185.0,185.5998813419806,0.16666666666666657,0.16666666666666657,0.16666666666666657,0.16666666666666657,0.16666666666666657,0.16666666666666657
186,186.0,186.60026617335387,0.16666666666666657,0.16666666666666657,0.16666666666666657,0.16666666666666657,0.16666666666666657,0.16666666666666657
187,187.0,187.60060985985626,0.16666666666666657,0.16666666666666657,0.16666666666666657,0.16666666666666657,0.16666666666666657,0.16666666666666657
188,188.0,188.6009130791099,0.16666666666666657,0.16666666666666657,0.16666666666666657,0.16666666666666657,0.16666666666666657,0.16666666666666657
189,189.0,189.60117684564705,0.16666666666666657,0.16666666666666657,0.16666666666666657,0.16666666666666657,0.16666666666666657,0.16666666666666657
190,190.0,190.601402467074,0.16666666666666657,0.16666666666666657,0.16666666666666657,0.16666666666666657,0.16666666666666657,0.16666666666666657
191,191.0,191.60159150168752,0.16666666666666657,0.16666666666666657,0.16666666666666657,0.16666666666666657,0.16666666666666657,0.16666666666666657
192,192.0,192.6017457178228,0.16666666666666657,0.16666666666666657,0.16666666666666657,0.16666666666666657,0.16666666666666657,0.16666666666666657
193,193.0,193.60186705516634,0.16666666666666657,0.16666666666666657,0.16666666666666657,0.16666666666666657,0.16666666666666657,0.16666666666666657
194,194.0,194.60195758822388,0.16666666666666657,0.16666666666666657,0.16666666666666657,0.16666666666666657,0.16666666666666657,0.16666666666666657
195,195.0,195.60201949209343,0.16666666666666657,0.16666666666666657,0.16666666666666657,0.16666666666666657,0.16666666666666657,0.16666666666666657
196,196.0,196.60205501065508,0.16666666666666657,0.16666666666666657,0.16666666666666657,0.16666666666666657,0.16666666666666657,0.16666666666666657
197,197.0,197.602066427254,0.16666666666666657,0.16666666666666657,0.16666666666666657,0.16666666666666657,0.16666666666666657,0.16666666666666657
198,198.0,198.60205603792048,0.16606349547151683,0.1680069384899236,0.16634478327681257,0.16664127582834046,0.16640282679219104,0.16654068014121493
199,199.0,199.60202612714113,0.16420684524554038,0.17008245445809453,0.16803688841033887,0.16556957260541666,0.1648807811280287,0.16722345815258027
200,200.0,200.60197894616832,0.16002125474149326,0.17438706817767963,0.17068005155891006,0.1640779992173704,0.1624283501991361,0.16840527610541
201,201.0,201.60191669383107,0.15591056006825904,0.1786175209659722,0.17337679814698037,0.1627248798139548,0.15995973669917804,0.16941050430565507
202,202.0,202.60184149978926,0.15195201229470826,0.18269039889928013,0.17611121968440724,0.1613824727085383,0.1574671230366008,0.17039677337646483
203,203.0,203.60175541015371,0.14816616951351544,0.18649034488681332,0.17889391613808361,0.16001095316944386,0.15508815808129348,0.17135045821084993
204,204.0,204.60166037538022,0.1446419336411344,0.19000491399497435,0.18168073986649658,0.1584775816348165,0.15292576163389426,0.17226906922868362
205,205.0,205.60155824033026,0.14121104971493914,0.1932579640999753,0.18435684204270325,0.15707536656123908,0.15086903090432507,0.17322974667681795
206,206.0,206.601450736382,0.1380465123794887,0.19636795236987098,0.18706478438339025,0.15568086213517582,0.14881153177927936,0.17402835695279473
207,207.0,207.60133947546473,0.1348549331905029,0.19941905572881624,0.18976505042207753,0.1544350981243221,0.14676393190537187,0.1747619306289092
208,208.0,208.60122594588455,0.13179002955815408,0.20223694963981298,0.19242044975121791,0.15323346458712875,0.14480855515887087,0.17551055130481533
209,209.0,209.60111150980356,0.1290251339188486,0.2048084506678289,0.19497757749297834,0.15200819005988894,0.14288351957787204,0.1762971282825831
210,210.0,210.60099740223262,0.12658006593233595,0.20738392186708746,0.19749208455872602,0.15062843692379244,0.14095793051140632,0.1769575602066518
211,211.0,211.60088473139643,0.12442135843493055,0.20964886859794377,0.19986948737740853,0.14942032704586652,0.13912662722246272,0.1775133313213879
212,212.0,212.6007744803299,0.12219352785398634,0.2119341116780043,0.20188471310014017,0.14839699605355372,0.1373532623135392,0.17823738900077632
213,213.0,213.60066750956673,0.12018728266083233,0.21403995494371136,0.20360712081237226,0.14729578940655652,0.1358978939559461,0.17897195822058154
214,214.0,214.60056456078422,0.11824566757296326,0.21598927534949316,0.2049432610172997,0.14649302447684334,0.13459065852022184,0.1797381130631788
215,215.0,215.60046626127212,0.11658597472297935,0.21773823504799422,0.20618275802645997,0.14576256815716698,0.13324615513907773,0.18048430890632192
216,216.0,216.6003731290985,0.11525187602341577,0.21926456012795514,0.20715688463557086,0.1450565420830565,0.13213868294002354,0.1811314541899784
217,217.0,217.60028557885127,0.11394987428913837,0.22043360729857683,0.20794123709894227,0.14470893403047477,0.1312744049508483,0.18169194233201966
218,218.0,218.60020392784025,0.11270094141907702,0.22164669565129128,0.2087299933631421,0.1442342507863087,0.13062451157544683,0.18206360720473433
219,219.0,219.60012840265193,0.11166161741077012,0.2228293051631392,0.20945161240840154,0.1438859162931739,0.12980476474699276,0.1823667839775227
220,220.0,220.60005914595592,0.11061032396267288,0.22379357051950458,0.2102916644270747,0.14356969846654433,0.12914494396316284,0.18258979866104091
221,221.0,221.59999622346996,0.10995343540732505,0.22485738531053692,0.2109532181658021,0.14316467408759698,0.12841643308917622,0.18265485393956296
222,222.0,222.59993963099788,0.10943238920091489,0.2255629324804747,0.2115251840717717,0.14305320611508268,0.127710395574329,0.18271589255742726
223,223.0,223.59988930146307,0.10902323880471017,0.22622086477544,0.2122244714853497,0.1427314387743921,0.12711241922007932,0.182687566940029
224,224.0,224.5998451118671,0.10884858353436384,0.22650663750536773,0.2129832806420155,0.14239125334098346,0.12668256270803538,0.18258768226923439
225,225.0,225.59980689011203,0.10877409323047281,0.2267323791964649,0.21365108986221062,0.14210714069730823,0.12624503693650158,0.18249026007704214
226,226.0,226.59977442163137,0.10884040257022812,0.22665002183061872,0.2142912327336448,0.14196240550355518,0.12596738472075988,0.18228855264119356
227,227.0,227.59974745578245,0.10904497732599445,0.22621011375831715,0.2150102729446409,0.1419656977694867,0.12577966534790735,0.18198927285365374
228,228.0,228.59972571196062,0.10938790404580065,0.22538343121973708,0.21570189215331226,0.1420262576326319,0.1257205062281179,0.18178000872040045
229,229.0,229.59970888540133,0.10987900231900447,0.22444073108994722,0.2163617454096088,0.1417611369083543,0.12564876035317507,0.18190862391991036
230,230.0,230.59969665264396,0.11019926019729553,0.22343685955788758,0.21690288170051827,0.14184478667141856,0.12562796237101254,0.18198824950186773
231,231.0,231.5996886766359,0.11056598268687862,0.22224193109195223,0.2175337590511081,0.14191795691518813,0.12569646182503502,0.18204390842983814
232,232.0,232.59968461146227,0.11106018334506565,0.220677741981123,0.21809148358166264,0.14215152996319097,0.12593169007654795,0.18208737105241007
233,233.0,233.59968410669137,0.11157275647976823,0.21904551015880844,0.21869901506396378,0.1421714229674681,0.1263007135828061,0.18221058174718563
234,234.0,234.59968681133066,0.11198660610816685,0.21755197359494288,0.21928504570972346,0.1421325642126989,0.1267039460112106,0.1823398643632576
235,235.0,235.59969237739273,0.11241555055533257,0.2160124040246192,0.21980624512284513,0.14227184243554394,0.12705298215808336,0.18244097570357612
236,236.0,236.59970046307467,0.1129563459527729,0.21489439860818832,0.22020315129560097,0.1422654622103322,0.1270150889443462,0.1826655529887597
237,237.0,237.59971073555766,0.113540332442961,0.2141095421052926,0.22059448929039333,0.14238688000498292,0.12664660060590743,0.182722155550463
238,238.0,238.5997228734368,0.11432711525065076,0.21333577458551284,0.22100776079599593,0.1425064902999595,0.1261315204986602,0.18269133856922107
239,239.0,239.59973656879367,0.11476900745255586,0.21270763598479003,0.22153315492115744,0.14265701728460337,0.1257424182255173,0.18259076613137623
240,240.0,240.59975152892687,0.11527192834496726,0.21204275961409544,0.2221102432164283,0.14283843704882712,0.12530943358551505,0.182427198190167
241,241.0,241.5997674777575,0.11582237637762995,0.2116100525370527,0.22229602670718868,0.14288491217582686,0.12496385217052833,0.18242278003177367
242,242.0,242.59978415692748,0.11635116827566162,0.21100549302012753,0.22224936798282185,0.14322576154354788,0.12459039557473424,0.1825778136031071
243,243.0,243.5998013266112,0.11699091295608373,0.2106597241811463,0.2221197064675968,0.14329822070883247,0.12416197577465853,0.18276945991168242
244,244.0,244.59981876606045,0.11763862030465815,0.2103326806707576,0.2219510512591576,0.14323968152994138,0.12381890288574922,0.1830190633497363
245,245.0,245.59983627390415,0.11829841315733172,0.21003016964764218,0.2217393460312564,0.14321447790846323,0.1232360595709884,0.1834815336843183
246,246.0,246.59985366822445,0.118942340513318,0.21010785035457588,0.22130727355895946,0.1432038944106624,0.12274208417335827,0.18369655698912618
247,247.0,247.59987078643044,0.11967987749354914,0.21006396945947345,0.2209583799995091,0.14317611283394432,0.12227941737960396,0.18384224283392023
248,248.0,248.59988748495158,0.12031630543740116,0.21011884897482866,0.22090446010911585,0.1431990649158914,0.12157691092375844,0.18388440963900468
249,249.0,249.59990363877108,0.12095512824722889,0.21033854454909007,0.220609985539358,0.14337344311457262,0.1208066572630995,0.18391624128665107
250,250.0,250.5999191408209,0.12157546378965972,0.21062814132186053,0.22043224356681215,0.14353979454438726,0.12009163061958397,0.18373272615769654
251,251.0,251.59993390125754,0.12213173097328689,0.21062344651793785,0.22052586179765343,0.14379086469899544,0.11943519936691463,0.18349289664521187
252,252.0,252.59994784663795,0.12269881256839506,0.21067403423391404,0.22061464707951955,0.14400293925096444,0.11870350756756655,0.1833060592996405
253,253.0,253.59996091901394,0.1231282488741873,0.21101878634719065,0.2206286276250362,0.14413908501177852,0.11769828568828758,0.1833869664535199
254,254.0,254.59997307496218,0.1231936853080809,0.211061946209318,0.2210660243230542,0.14433263838231722,0.11700471566307638,0.1833409901141535
255,255.0,255.59998428456598,0.12309570454398036,0.21104714187895168,0.22179856983093768,0.14436703473628143,0.11641032341134555,0.1832812255985035
256,256.0,256.59999453036374,0.12297286428191759,0.21064736449219126,0.22264684331525317,0.14438296328855174,0.11598528579647675,0.1833646788256097
257,257.0,257.6000038062781,0.12289619454973807,0.210317940517476,0.2232542401906307,0.1444843698292525,0.11552124176668169,0.18352601314622125
258,258.0,258.6000121165382,0.12266908894464709,0.21036775048550171,0.22393057970282584,0.1445424575370975,0.11482458211640041,0.18366554121352763
259,259.0,259.60001947460694,0.12248184643279024,0.2102720346355015,0.22469375421521326,0.1445682865854036,0.11400055622868371,0.18398352190240783
260,260.0,260.60002590212275,0.12185519925913409,0.2102838543889505,0.2256720611467882,0.14464853175001896,0.11310066759151509,0.18443968586359324
261,261.0,261.60003142786576,0.1212612747578851,0.2100619665999788,0.2268787660383512,0.14470206497529167,0.11216585686320149,0.1849300707652918
262,262.0,262.60003608675584,0.12061275440979266,0.20991103967444916,0.227794580766076,0.14484002465581045,0.11147353850367608,0.1853680619901958
263,263.0,263.6000399188893,0.11989106488849564,0.2097163501129331,0.22886931286796366,0.14499900887094117,0.11086776774123486,0.18565649551843175
264,264.0,264.6000429686205,0.11928538767285098,0.20946279256485606,0.2295219463728191,0.14514710233290373,0.11040163908658722,0.18618113196998304
265,265.0,265.60004528369245,0.11876240724202887,0.20927447019265238,0.22979145819277055,0.14502986123282696,0.11003581210283918,0.18710599103688216
266,266.0,266.60004691442026,0.11830196264254526,0.20896682198016334,0.22996908092047746,0.14496018826852788,0.10968159608689099,0.18812035010139525
267,267.0,267.6000479129311,0.1178188115991554,0.20851763399098672,0.23035365215280298,0.1448315180351157,0.10939767953809258,0.18908070468384677
268,268.0,268.60004833246154,0.11739919631382312,0.20825568530130867,0.23057243037478659,0.14433302260085293,0.10925170642654293,0.19018795898268587
269,269.0,269.6000482267143,0.11706877987530817,0.2079820260568035,0.2312278187014107,0.14334301487560794,0.1091283760125481,0.19124998447832164
270,270.0,270.60004764927464,0.11671501619012473,0.20777653520586978,0.2318944023503066,0.1423500667637933,0.10900703938116518,0.19225694010874048
