,Unnamed: 0,Total_iterations,Intertwine_two,Invert_path_vertices,Insert_inside_vertex,Delete_inside_vertex,Replace_inside_vertex,Donate_between_routes,Trim_one_terminal_cb,Grow_one_terminal_cb
0,0.0,0.0,0.125,0.125,0.125,0.125,0.125,0.125,0.125,0.125
1,1.0,1.0,0.125,0.125,0.125,0.125,0.125,0.125,0.125,0.125
2,2.0,2.0,0.125,0.125,0.125,0.125,0.125,0.125,0.125,0.125
3,3.0,3.0,0.125,0.125,0.125,0.125,0.125,0.125,0.125,0.125
4,4.0,4.0,0.125,0.125,0.125,0.125,0.125,0.125,0.125,0.125
5,5.0,5.0,0.125,0.125,0.125,0.125,0.125,0.125,0.125,0.125
6,6.0,6.0,0.125,0.125,0.125,0.125,0.125,0.125,0.125,0.125
7,7.0,7.0,0.125,0.125,0.125,0.125,0.125,0.125,0.125,0.125
8,8.0,8.0,0.125,0.125,0.125,0.125,0.125,0.125,0.125,0.125
9,9.0,9.0,0.125,0.125,0.125,0.125,0.125,0.125,0.125,0.125
10,10.0,10.0,0.125,0.125,0.125,0.125,0.125,0.125,0.125,0.125
11,11.0,11.0,0.125,0.125,0.125,0.125,0.125,0.125,0.125,0.125
12,12.0,12.0,0.125,0.125,0.125,0.125,0.125,0.125,0.125,0.125
13,13.0,13.0,0.125,0.125,0.125,0.125,0.125,0.125,0.125,0.125
14,14.0,14.0,0.125,0.125,0.125,0.125,0.125,0.125,0.125,0.125
15,15.0,15.0,0.125,0.125,0.125,0.125,0.125,0.125,0.125,0.125
16,16.0,16.0,0.125,0.125,0.125,0.125,0.125,0.125,0.125,0.125
17,17.0,17.0,0.125,0.125,0.125,0.125,0.125,0.125,0.125,0.125
18,18.0,18.0,0.125,0.125,0.125,0.125,0.125,0.125,0.125,0.125
19,19.0,19.0,0.125,0.125,0.125,0.125,0.125,0.125,0.125,0.125
20,20.0,20.0,0.125,0.125,0.125,0.125,0.125,0.125,0.125,0.125
21,21.0,21.0,0.125,0.125,0.125,0.125,0.125,0.125,0.125,0.125
22,22.0,22.0,0.125,0.125,0.125,0.125,0.125,0.125,0.125,0.125
23,23.0,23.0,0.125,0.125,0.125,0.125,0.125,0.125,0.125,0.125
24,24.0,24.0,0.125,0.125,0.125,0.125,0.125,0.125,0.125,0.125
25,25.0,25.0,0.125,0.125,0.125,0.125,0.125,0.125,0.125,0.125
26,26.0,26.0,0.125,0.125,0.125,0.125,0.125,0.125,0.125,0.125
27,27.0,27.0,0.125,0.125,0.125,0.125,0.125,0.125,0.125,0.125
28,28.0,28.0,0.125,0.125,0.125,0.125,0.125,0.125,0.125,0.125
29,29.0,29.0,0.125,0.125,0.125,0.125,0.125,0.125,0.125,0.125
30,30.0,30.0,0.125,0.125,0.125,0.125,0.125,0.125,0.125,0.125
31,31.0,31.0,0.125,0.125,0.125,0.125,0.125,0.125,0.125,0.125
32,32.0,32.0,0.125,0.125,0.125,0.125,0.125,0.125,0.125,0.125
33,33.0,33.0,0.125,0.125,0.125,0.125,0.125,0.125,0.125,0.125
34,34.0,34.0,0.125,0.125,0.125,0.125,0.125,0.125,0.125,0.125
35,35.0,35.0,0.125,0.125,0.125,0.125,0.125,0.125,0.125,0.125
36,36.0,36.0,0.125,0.125,0.125,0.125,0.125,0.125,0.125,0.125
37,37.0,37.0,0.125,0.125,0.125,0.125,0.125,0.125,0.125,0.125
38,38.0,38.0,0.125,0.125,0.125,0.125,0.125,0.125,0.125,0.125
39,39.0,39.0,0.125,0.125,0.125,0.125,0.125,0.125,0.125,0.125
40,40.0,40.0,0.125,0.125,0.125,0.125,0.125,0.125,0.125,0.125
41,41.0,41.0,0.125,0.125,0.125,0.125,0.125,0.125,0.125,0.125
42,42.0,42.0,0.125,0.125,0.125,0.125,0.125,0.125,0.125,0.125
43,43.0,43.0,0.125,0.125,0.125,0.125,0.125,0.125,0.125,0.125
44,44.0,44.0,0.125,0.125,0.125,0.125,0.125,0.125,0.125,0.125
45,45.0,45.0,0.125,0.125,0.125,0.125,0.125,0.125,0.125,0.125
46,46.0,46.0,0.125,0.125,0.125,0.125,0.125,0.125,0.125,0.125
47,47.0,47.0,0.125,0.125,0.125,0.125,0.125,0.125,0.125,0.125
48,48.0,48.0,0.125,0.125,0.125,0.125,0.125,0.125,0.125,0.125
49,49.0,49.0,0.125,0.125,0.125,0.125,0.125,0.125,0.125,0.125
50,50.0,50.0,0.125,0.125,0.125,0.125,0.125,0.125,0.125,0.125
51,51.0,51.0,0.125,0.125,0.125,0.125,0.125,0.125,0.125,0.125
52,52.0,52.0,0.125,0.125,0.125,0.125,0.125,0.125,0.125,0.125
53,53.0,53.0,0.125,0.125,0.125,0.125,0.125,0.125,0.125,0.125
54,54.0,54.0,0.125,0.125,0.125,0.125,0.125,0.125,0.125,0.125
55,55.0,55.0,0.125,0.125,0.125,0.125,0.125,0.125,0.125,0.125
56,56.0,56.0,0.125,0.125,0.125,0.125,0.125,0.125,0.125,0.125
57,57.0,57.0,0.125,0.125,0.125,0.125,0.125,0.125,0.125,0.125
58,58.0,58.0,0.125,0.125,0.125,0.125,0.125,0.125,0.125,0.125
59,59.0,59.0,0.125,0.125,0.125,0.125,0.125,0.125,0.125,0.125
60,60.0,60.0,0.125,0.125,0.125,0.125,0.125,0.125,0.125,0.125
61,61.0,61.0,0.125,0.125,0.125,0.125,0.125,0.125,0.125,0.125
62,62.0,62.0,0.125,0.125,0.125,0.125,0.125,0.125,0.125,0.125
63,63.0,63.0,0.125,0.125,0.125,0.125,0.125,0.125,0.125,0.125
64,64.0,64.0,0.125,0.125,0.125,0.125,0.125,0.125,0.125,0.125
65,65.0,65.0,0.125,0.125,0.125,0.125,0.125,0.125,0.125,0.125
66,66.0,66.0,0.125,0.125,0.125,0.125,0.125,0.125,0.125,0.125
67,67.0,67.0,0.125,0.125,0.125,0.125,0.125,0.125,0.125,0.125
68,68.0,68.0,0.125,0.125,0.125,0.125,0.125,0.125,0.125,0.125
69,69.0,69.0,0.125,0.125,0.125,0.125,0.125,0.125,0.125,0.125
70,70.0,70.0,0.125,0.125,0.125,0.125,0.125,0.125,0.125,0.125
71,71.0,71.0,0.125,0.125,0.125,0.125,0.125,0.125,0.125,0.125
72,72.0,72.0,0.125,0.125,0.125,0.125,0.125,0.125,0.125,0.125
73,73.0,73.0,0.125,0.125,0.125,0.125,0.125,0.125,0.125,0.125
74,74.0,74.0,0.125,0.125,0.125,0.125,0.125,0.125,0.125,0.125
75,75.0,75.0,0.125,0.125,0.125,0.125,0.125,0.125,0.125,0.125
76,76.0,76.1,0.125,0.125,0.125,0.125,0.125,0.125,0.125,0.125
77,77.0,77.1,0.125,0.125,0.125,0.125,0.125,0.125,0.125,0.125
78,78.0,78.1,0.125,0.125,0.125,0.125,0.125,0.125,0.125,0.125
79,79.0,79.1,0.125,0.125,0.125,0.125,0.125,0.125,0.125,0.125
80,80.0,80.2,0.125,0.125,0.125,0.125,0.125,0.125,0.125,0.125
81,81.0,81.2,0.125,0.125,0.125,0.125,0.125,0.125,0.125,0.125
82,82.0,82.2,0.125,0.125,0.125,0.125,0.125,0.125,0.125,0.125
83,83.0,83.2,0.125,0.125,0.125,0.125,0.125,0.125,0.125,0.125
84,84.0,84.2,0.125,0.125,0.125,0.125,0.125,0.125,0.125,0.125
85,85.0,85.3,0.125,0.125,0.125,0.125,0.125,0.125,0.125,0.125
86,86.0,86.3,0.125,0.125,0.125,0.125,0.125,0.125,0.125,0.125
87,87.0,87.3,0.125,0.125,0.125,0.125,0.125,0.125,0.125,0.125
88,88.0,88.3,0.125,0.125,0.125,0.125,0.125,0.125,0.125,0.125
89,89.0,89.3,0.125,0.125,0.125,0.125,0.125,0.125,0.125,0.125
90,90.0,90.3,0.125,0.125,0.125,0.125,0.125,0.125,0.125,0.125
91,91.0,91.3,0.125,0.125,0.125,0.125,0.125,0.125,0.125,0.125
92,92.0,92.3,0.125,0.125,0.125,0.125,0.125,0.125,0.125,0.125
93,93.0,93.3,0.125,0.125,0.125,0.125,0.125,0.125,0.125,0.125
94,94.0,94.3,0.125,0.125,0.125,0.125,0.125,0.125,0.125,0.125
95,95.0,95.3,0.125,0.125,0.125,0.125,0.125,0.125,0.125,0.125
96,96.0,96.3,0.125,0.125,0.125,0.125,0.125,0.125,0.125,0.125
97,97.0,97.3,0.125,0.125,0.125,0.125,0.125,0.125,0.125,0.125
98,98.0,98.3,0.125,0.125,0.125,0.125,0.125,0.125,0.125,0.125
99,99.0,99.3,0.125,0.125,0.125,0.125,0.125,0.125,0.125,0.125
100,100.0,100.3,0.125,0.125,0.125,0.125,0.125,0.125,0.125,0.125
101,101.0,101.3,0.125,0.125,0.125,0.125,0.125,0.125,0.125,0.125
102,102.0,102.3,0.125,0.125,0.125,0.125,0.125,0.125,0.125,0.125
103,103.0,103.3,0.125,0.125,0.125,0.125,0.125,0.125,0.125,0.125
104,104.0,104.3,0.125,0.125,0.125,0.125,0.125,0.125,0.125,0.125
105,105.0,105.3,0.125,0.125,0.125,0.125,0.125,0.125,0.125,0.125
106,106.0,106.3,0.125,0.125,0.125,0.125,0.125,0.125,0.125,0.125
107,107.0,107.3,0.125,0.125,0.125,0.125,0.125,0.125,0.125,0.125
108,108.0,108.3,0.125,0.125,0.125,0.125,0.125,0.125,0.125,0.125
109,109.0,109.4,0.125,0.125,0.125,0.125,0.125,0.125,0.125,0.125
110,110.0,110.4,0.125,0.125,0.125,0.125,0.125,0.125,0.125,0.125
111,111.0,111.4,0.125,0.125,0.125,0.125,0.125,0.125,0.125,0.125
112,112.0,112.5,0.125,0.125,0.125,0.125,0.125,0.125,0.125,0.125
113,113.0,113.5,0.125,0.125,0.125,0.125,0.125,0.125,0.125,0.125
114,114.0,114.5,0.125,0.125,0.125,0.125,0.125,0.125,0.125,0.125
115,115.0,115.5,0.125,0.125,0.125,0.125,0.125,0.125,0.125,0.125
116,116.0,116.5,0.125,0.125,0.125,0.125,0.125,0.125,0.125,0.125
117,117.0,117.5,0.125,0.125,0.125,0.125,0.125,0.125,0.125,0.125
118,118.0,118.5,0.125,0.125,0.125,0.125,0.125,0.125,0.125,0.125
119,119.0,119.5,0.125,0.125,0.125,0.125,0.125,0.125,0.125,0.125
120,120.0,120.5,0.125,0.125,0.125,0.125,0.125,0.125,0.125,0.125
121,121.0,121.6,0.125,0.125,0.125,0.125,0.125,0.125,0.125,0.125
122,122.0,122.6,0.125,0.125,0.125,0.125,0.125,0.125,0.125,0.125
123,123.0,123.7,0.125,0.125,0.125,0.125,0.125,0.125,0.125,0.125
124,124.0,124.7,0.125,0.125,0.125,0.125,0.125,0.125,0.125,0.125
125,125.0,125.7,0.125,0.125,0.125,0.125,0.125,0.125,0.125,0.125
126,126.0,126.7,0.125,0.125,0.125,0.125,0.125,0.125,0.125,0.125
127,127.0,127.7,0.125,0.125,0.125,0.125,0.125,0.125,0.125,0.125
128,128.0,128.7,0.125,0.125,0.125,0.125,0.125,0.125,0.125,0.125
129,129.0,129.7,0.125,0.125,0.125,0.125,0.125,0.125,0.125,0.125
130,130.0,130.7,0.125,0.125,0.125,0.125,0.125,0.125,0.125,0.125
131,131.0,131.7,0.125,0.125,0.125,0.125,0.125,0.125,0.125,0.125
132,132.0,132.7,0.125,0.125,0.125,0.125,0.125,0.125,0.125,0.125
133,133.0,133.7,0.125,0.125,0.125,0.125,0.125,0.125,0.125,0.125
134,134.0,134.7,0.125,0.125,0.125,0.125,0.125,0.125,0.125,0.125
135,135.0,135.7,0.125,0.125,0.125,0.125,0.125,0.125,0.125,0.125
136,136.0,136.7,0.125,0.125,0.125,0.125,0.125,0.125,0.125,0.125
137,137.0,137.7,0.125,0.125,0.125,0.125,0.125,0.125,0.125,0.125
138,138.0,138.7,0.125,0.125,0.125,0.125,0.125,0.125,0.125,0.125
139,139.0,139.7,0.125,0.125,0.125,0.125,0.125,0.125,0.125,0.125
140,140.0,140.7,0.125,0.125,0.125,0.125,0.125,0.125,0.125,0.125
141,141.0,141.7,0.125,0.125,0.125,0.125,0.125,0.125,0.125,0.125
142,142.0,142.7,0.125,0.125,0.125,0.125,0.125,0.125,0.125,0.125
143,143.0,143.7,0.125,0.125,0.125,0.125,0.125,0.125,0.125,0.125
144,144.0,144.7,0.125,0.125,0.125,0.125,0.125,0.125,0.125,0.125
145,145.0,145.7,0.125,0.125,0.125,0.125,0.125,0.125,0.125,0.125
146,146.0,146.7,0.125,0.125,0.125,0.125,0.125,0.125,0.125,0.125
147,147.0,147.7,0.125,0.125,0.125,0.125,0.125,0.125,0.125,0.125
148,148.0,148.7,0.125,0.125,0.125,0.125,0.125,0.125,0.125,0.125
149,149.0,149.7,0.125,0.125,0.125,0.125,0.125,0.125,0.125,0.125
150,150.0,150.7,0.125,0.125,0.125,0.125,0.125,0.125,0.125,0.125
151,151.0,151.7,0.125,0.125,0.125,0.125,0.125,0.125,0.125,0.125
152,152.0,152.7,0.125,0.125,0.125,0.125,0.125,0.125,0.125,0.125
153,153.0,153.7,0.125,0.125,0.125,0.125,0.125,0.125,0.125,0.125
154,154.0,154.7,0.125,0.125,0.125,0.125,0.125,0.125,0.125,0.125
155,155.0,155.7,0.125,0.125,0.125,0.125,0.125,0.125,0.125,0.125
156,156.0,156.7,0.125,0.125,0.125,0.125,0.125,0.125,0.125,0.125
157,157.0,157.7,0.125,0.125,0.125,0.125,0.125,0.125,0.125,0.125
158,158.0,158.7,0.125,0.125,0.125,0.125,0.125,0.125,0.125,0.125
159,159.0,159.7,0.125,0.125,0.125,0.125,0.125,0.125,0.125,0.125
160,160.0,160.7,0.125,0.125,0.125,0.125,0.125,0.125,0.125,0.125
161,161.0,161.7,0.125,0.125,0.125,0.125,0.125,0.125,0.125,0.125
162,162.0,162.7,0.125,0.125,0.125,0.125,0.125,0.125,0.125,0.125
163,163.0,163.7,0.125,0.125,0.125,0.125,0.125,0.125,0.125,0.125
164,164.0,164.7,0.125,0.125,0.125,0.125,0.125,0.125,0.125,0.125
165,165.0,165.7,0.125,0.125,0.125,0.125,0.125,0.125,0.125,0.125
166,166.0,166.7,0.125,0.125,0.125,0.125,0.125,0.125,0.125,0.125
167,167.0,167.7,0.125,0.125,0.125,0.125,0.125,0.125,0.125,0.125
168,168.0,168.7,0.125,0.125,0.125,0.125,0.125,0.125,0.125,0.125
169,169.0,169.7,0.125,0.125,0.125,0.125,0.125,0.125,0.125,0.125
170,170.0,170.7,0.125,0.125,0.125,0.125,0.125,0.125,0.125,0.125
171,171.0,171.7,0.125,0.125,0.125,0.125,0.125,0.125,0.125,0.125
172,172.0,172.7,0.125,0.125,0.125,0.125,0.125,0.125,0.125,0.125
173,173.0,173.7,0.125,0.125,0.125,0.125,0.125,0.125,0.125,0.125
174,174.0,174.7,0.125,0.125,0.125,0.125,0.125,0.125,0.125,0.125
175,175.0,175.7,0.125,0.125,0.125,0.125,0.125,0.125,0.125,0.125
176,176.0,176.7,0.125,0.125,0.125,0.125,0.125,0.125,0.125,0.125
177,177.0,177.7,0.125,0.125,0.125,0.125,0.125,0.125,0.125,0.125
178,178.0,178.7,0.125,0.125,0.125,0.125,0.125,0.125,0.125,0.125
179,179.0,179.7,0.125,0.125,0.125,0.125,0.125,0.125,0.125,0.125
180,180.0,180.7,0.125,0.125,0.125,0.125,0.125,0.125,0.125,0.125
181,181.0,181.7,0.125,0.125,0.125,0.125,0.125,0.125,0.125,0.125
182,182.0,182.7,0.125,0.125,0.125,0.125,0.125,0.125,0.125,0.125
183,183.0,183.7,0.125,0.125,0.125,0.125,0.125,0.125,0.125,0.125
184,184.0,184.7,0.125,0.125,0.125,0.125,0.125,0.125,0.125,0.125
185,185.0,185.7,0.125,0.125,0.125,0.125,0.125,0.125,0.125,0.125
186,186.0,186.7,0.125,0.125,0.125,0.125,0.125,0.125,0.125,0.125
187,187.0,187.7,0.125,0.125,0.125,0.125,0.125,0.125,0.125,0.125
188,188.0,188.7,0.125,0.125,0.125,0.125,0.125,0.125,0.125,0.125
189,189.0,189.7,0.125,0.125,0.125,0.125,0.125,0.125,0.125,0.125
190,190.0,190.7,0.125,0.125,0.125,0.125,0.125,0.125,0.125,0.125
191,191.0,191.7,0.125,0.125,0.125,0.125,0.125,0.125,0.125,0.125
192,192.0,192.7,0.125,0.125,0.125,0.125,0.125,0.125,0.125,0.125
193,193.0,193.7,0.125,0.125,0.125,0.125,0.125,0.125,0.125,0.125
194,194.0,194.7,0.125,0.125,0.125,0.125,0.125,0.125,0.125,0.125
195,195.0,195.7,0.125,0.125,0.125,0.125,0.125,0.125,0.125,0.125
196,196.0,196.7,0.125,0.125,0.125,0.125,0.125,0.125,0.125,0.125
197,197.0,197.7,0.125,0.125,0.125,0.125,0.125,0.125,0.125,0.125
198,198.0,198.7,0.125,0.125,0.125,0.125,0.125,0.125,0.125,0.125
199,199.0,199.7,0.125,0.125,0.125,0.125,0.125,0.125,0.125,0.125
200,200.0,200.7,0.125,0.125,0.125,0.125,0.125,0.125,0.125,0.125
201,201.0,201.7,0.12361111111111112,0.12361111111111112,0.12361111111111112,0.12361111111111112,0.12361111111111112,0.13472222222222224,0.12361111111111112,0.12361111111111112
202,202.0,202.7,0.13111111111111112,0.12111111111111113,0.12111111111111113,0.1322222222222222,0.12111111111111113,0.13111111111111112,0.12111111111111113,0.12111111111111113
203,203.0,203.7,0.13,0.12,0.12,0.12999999999999998,0.12999999999999998,0.13,0.12,0.12
204,204.0,204.7,0.12588383838383838,0.12588383838383838,0.11679292929292928,0.12588383838383838,0.12588383838383838,0.13699494949494948,0.12588383838383838,0.11679292929292928
205,205.0,205.7,0.12588383838383838,0.12588383838383838,0.11679292929292928,0.12588383838383838,0.12588383838383838,0.13699494949494948,0.12588383838383838,0.11679292929292928
206,206.0,206.7,0.12512626262626264,0.12436868686868685,0.11603535353535355,0.12436868686868685,0.12436868686868685,0.12512626262626264,0.14457070707070707,0.11603535353535355
207,207.0,207.7,0.1240151515151515,0.13325757575757574,0.11492424242424241,0.12325757575757575,0.12325757575757575,0.1240151515151515,0.14234848484848486,0.11492424242424241
208,208.0,208.7,0.1231060606060606,0.13143939393939394,0.11401515151515151,0.12234848484848486,0.13143939393939394,0.1231060606060606,0.14053030303030303,0.11401515151515151
209,209.0,209.7,0.12159090909090908,0.13068181818181818,0.11325757575757574,0.12159090909090908,0.13068181818181818,0.12159090909090908,0.14734848484848484,0.11325757575757574
210,210.0,210.7,0.11966783216783217,0.12875874125874126,0.11197552447552446,0.11966783216783217,0.12875874125874126,0.11966783216783217,0.15952797202797203,0.11197552447552446
211,211.0,211.7,0.11726190476190475,0.13392857142857142,0.1101190476190476,0.12440476190476188,0.1255952380952381,0.11726190476190475,0.16130952380952382,0.1101190476190476
212,212.0,212.7,0.11566849816849815,0.13152930402930402,0.10900183150183149,0.1228113553113553,0.13152930402930402,0.11566849816849815,0.1647893772893773,0.10900183150183149
213,213.0,213.7,0.11435897435897435,0.13016025641025641,0.10810897435897435,0.127275641025641,0.13682692307692307,0.11435897435897435,0.16080128205128202,0.10810897435897435
214,214.0,214.7,0.11320701357466063,0.12895927601809953,0.10732466063348416,0.1253393665158371,0.14145927601809954,0.11320701357466063,0.1631787330316742,0.10732466063348416
215,215.0,215.7,0.1128393665158371,0.12822398190045248,0.10695701357466063,0.12460407239819005,0.13998868778280543,0.1128393665158371,0.16759049773755655,0.10695701357466063
216,216.0,216.7,0.11251256913021619,0.12757038712921065,0.1066302161890397,0.12395047762694822,0.1442370537958773,0.11251256913021619,0.16595651080945198,0.1066302161890397
217,217.0,217.7,0.11222017146939747,0.13224874970231007,0.106337818528221,0.1174833293641343,0.14277506549178373,0.11222017146939747,0.17037687544653485,0.106337818528221
218,218.0,218.7,0.11195701357466063,0.13145927601809954,0.10607466063348417,0.11695701357466062,0.14145927601809954,0.11195701357466063,0.1740610859728507,0.10607466063348417
219,219.0,219.7,0.1117189183365654,0.1307449903038138,0.10583656539538892,0.11648082309847015,0.1450307045895281,0.1117189183365654,0.17263251454427925,0.10583656539538892
220,220.0,220.7,0.11150246812011518,0.13009563965446316,0.1056201151789387,0.11604792266556971,0.1437320032908268,0.11150246812011518,0.1758792677910325,0.1056201151789387
221,221.0,221.7,0.10542248672044068,0.12950275427896912,0.10542248672044068,0.11565266574857366,0.14254623253983867,0.11130483966161715,0.1847260476096793,0.10542248672044068
222,222.0,222.7,0.1049145299145299,0.12863247863247862,0.1049145299145299,0.1188034188034188,0.14113247863247863,0.11047008547008545,0.1862179487179487,0.1049145299145299
223,223.0,223.7,0.10306657669815564,0.12645119208277103,0.10306657669815564,0.12032973459289249,0.13845119208277104,0.10832973459289248,0.19723841655420604,0.10306657669815564
224,224.0,224.7,0.1003034188034188,0.12368803418803417,0.1003034188034188,0.1173034188034188,0.13568803418803418,0.1053034188034188,0.2171068376068376,0.1003034188034188
225,225.0,225.7,0.0993943278943279,0.11877894327894327,0.0993943278943279,0.12548523698523698,0.13477894327894327,0.10439432789432787,0.21837956487956486,0.0993943278943279
226,226.0,226.7,0.09924048174048174,0.11847125097125097,0.09924048174048174,0.12486985236985235,0.13385586635586635,0.10424048174048173,0.22084110334110335,0.09924048174048174
227,227.0,227.7,0.09774882524882525,0.11683714433714432,0.09774882524882525,0.1327127502127502,0.13165195915195912,0.10251073001073001,0.22304094054094054,0.09774882524882525
228,228.0,228.7,0.09573343323343322,0.11468947718947717,0.09930486180486178,0.137508325008325,0.1373085248085248,0.10027888777888778,0.21944305694305694,0.09573343323343322
229,229.0,229.7,0.09465507630799982,0.11348796755468418,0.0981033521700688,0.13434772998116323,0.13561440433629338,0.09900290239495635,0.23013349094683427,0.09465507630799982
230,230.0,230.7,0.09383289124668433,0.12035809018567636,0.0972811671087533,0.1320623342175066,0.13479221927497786,0.097999557913351,0.22984084880636604,0.09383289124668433
231,231.0,231.7,0.09300183150183149,0.11886263736263736,0.09633516483516483,0.1336208791208791,0.13338644688644688,0.09700183150183148,0.22764652014652015,0.10014468864468862
232,232.0,232.7,0.0927404584662649,0.11849373744535033,0.0959662649178778,0.1327292331324589,0.1242541061089448,0.09658661231241875,0.2361204655559494,0.10310912206073493
233,233.0,233.7,0.09199862637362635,0.11765109890109889,0.09512362637362635,0.13873626373626372,0.12300824175824174,0.0958447802197802,0.23537087912087912,0.10226648351648349
234,234.0,234.7,0.09176147926147923,0.11017639767639764,0.09479178229178227,0.1379301254301254,0.12229760979760977,0.09546518296518294,0.24564278314278312,0.1019346394346394
235,235.0,235.7,0.09154007756948931,0.10986586942469294,0.09448125404007755,0.1407482223658694,0.12163057530704588,0.09805268261150613,0.24205720749838394,0.10162411118293471
236,236.0,236.7,0.09078344069723378,0.10902519893899203,0.09364058355437664,0.1382711254262978,0.12045377036756344,0.09708885941644561,0.24995358090185676,0.1007834406972338
237,237.0,237.7,0.09019230769230765,0.10843406593406593,0.09304945054945053,0.13638278388278385,0.12319597069597069,0.09638278388278387,0.25931318681318677,0.09304945054945053
238,238.0,238.7,0.0895887490645555,0.10775114222694866,0.09236652684233328,0.13438521603844183,0.12208805978967267,0.09559233329394617,0.26586144590176847,0.09236652684233328
239,239.0,239.7,0.09500264849529554,0.10728268871651223,0.09189807333189684,0.13600404905551963,0.12151879982762334,0.09502307333189684,0.26137259390935863,0.09189807333189684
240,240.0,240.7,0.09417928167928166,0.10671104421104419,0.0913264288264288,0.13424987174987174,0.12055215805215802,0.09435673185673182,0.2672980547980548,0.0913264288264288
241,241.0,241.7,0.09401903136423258,0.10647967014066081,0.09109505475604543,0.1335197439299606,0.11994716240072276,0.09403623122663368,0.26980805142569847,0.09109505475604543
242,242.0,242.7,0.09208647561588737,0.10447963800904973,0.08909502262443435,0.13709904474610352,0.11767722473604825,0.0920361990950226,0.2784313725490196,0.08909502262443435
243,243.0,243.7,0.09160570638511814,0.10393476621417794,0.08855015082956257,0.1414259678230266,0.1168759426847662,0.09149132730015082,0.27756598793363496,0.08855015082956257
244,244.0,244.7,0.0905082547814557,0.10306873666157812,0.08768412127696276,0.14048549343044545,0.1156819770796966,0.09054126413410561,0.28434603135879283,0.08768412127696276
245,245.0,245.7,0.0895177045177045,0.10228327228327228,0.08689865689865688,0.1479304029304029,0.11458485958485956,0.08967643467643466,0.28221001221001224,0.08689865689865688
246,246.0,246.7,0.08896643896643895,0.10197010197010195,0.08658548658548657,0.14930534930534928,0.11419661419661416,0.08928818928818925,0.2831023331023331,0.08658548658548657
247,247.0,247.7,0.0915268941584731,0.10189897821476768,0.08651436283015228,0.1488786067733436,0.1140543666859456,0.08914594177752069,0.28146648672964464,0.08651436283015228
248,248.0,248.7,0.09139194139194137,0.1018315018315018,0.08644688644688642,0.14847374847374845,0.11391941391941388,0.08901098901098899,0.2824786324786325,0.08644688644688642
249,249.0,249.7,0.09126373626373627,0.10176739926739926,0.08638278388278386,0.14808913308913307,0.11379120879120877,0.08888278388278387,0.28344017094017093,0.08638278388278386
250,250.0,250.7,0.0910864140586205,0.10159568168643607,0.08621106630182068,0.14744642450257878,0.1133370316580753,0.08865009069206457,0.2854622247985833,0.08621106630182068
251,251.0,251.7,0.09053736960713703,0.10132115946069434,0.08593654407607895,0.1462321915810288,0.11300443742304205,0.08831749645703132,0.28871425731890843,0.08593654407607895
252,252.0,252.7,0.08968611893549362,0.1006700541105309,0.08528543872591553,0.14835395315013217,0.11208654459678884,0.08761102012126437,0.29102143163395894,0.08528543872591553
253,253.0,253.7,0.08890442890442889,0.10007187257187256,0.08468725718725717,0.1524397824397824,0.1112334887334887,0.08695998445998444,0.2910159285159285,0.08468725718725717
254,254.0,254.7,0.08828469115425636,0.09957049230962274,0.08418587692500736,0.14957849879589008,0.11053887175626306,0.08645860419773463,0.2950231748927401,0.08635978996848562
255,255.0,255.7,0.09145943890624739,0.09905718395080096,0.08367256856618557,0.14665096133181238,0.1097900444708955,0.0858947907884078,0.29767478384499657,0.08580022814065366
256,256.0,256.7,0.09069351542177628,0.09858014368883931,0.08319552830422394,0.14764802427845905,0.10908739006565091,0.0853694413477022,0.30014709525579086,0.08527886163755728
257,257.0,257.7,0.09210816623430604,0.09813542165365871,0.08275080626904333,0.14500475039988717,0.10842634653424925,0.08487846584351141,0.30390442046976995,0.08479162259557393
258,258.0,258.7,0.09176770451770451,0.09784279609279609,0.0824581807081807,0.14516056166056165,0.10792612942612942,0.08454151404151403,0.3058449328449328,0.0844581807081807
259,259.0,259.7,0.09144709165717567,0.09756800155959819,0.0821833861749828,0.14928715075773896,0.10745195514103076,0.08422420250151341,0.3036940417192518,0.08414417048870829
260,260.0,260.7,0.09077502701640631,0.09718616759996068,0.08180155221534531,0.1488396699086354,0.10687847529226838,0.08380155221534531,0.3069929266136163,0.08372462913842223
261,261.0,261.7,0.09356279618765743,0.08486135334636999,0.08486135334636999,0.15545778059651533,0.09436930747141622,0.08682213766009547,0.31331712559237535,0.08674814579920018
262,262.0,262.7,0.0929690000602125,0.08797136102475367,0.0845230851626847,0.15310466837163164,0.09385356949316905,0.08644616208576163,0.31475721678725016,0.08637493701453655
263,263.0,263.7,0.09793165987323016,0.08763785142969559,0.08430451809636226,0.1532111744345463,0.09346403782191971,0.08619131054919245,0.31113674788050927,0.08612269991454408
264,264.0,264.7,0.09754437617340841,0.08910863628605561,0.08409711554872844,0.15478750640040959,0.09309182454343742,0.08594896740058029,0.3095387438129374,0.08588282983444272
265,265.0,265.7,0.0972106284977677,0.08891384487203671,0.08393365245551153,0.15403284757592905,0.0928030481670125,0.08578550430736338,0.31163243570395527,0.0856880384204238
266,266.0,266.7,0.09672492468545099,0.08861753499911393,0.08373814903420165,0.1586057947900053,0.09260754474570262,0.08559000088605351,0.30862351586035797,0.08549253499911394
267,267.0,267.7,0.0981200029187645,0.0883390145000052,0.08355432550478989,0.15508281994350107,0.0953648976868791,0.08540617735664173,0.3088240506197163,0.08530871146970218
268,268.0,268.7,0.09752129879064864,0.08804305773346019,0.08334749529795966,0.15618091574747922,0.09504036383293346,0.08516567711614148,0.30959931021850523,0.08510188126287195
269,269.0,269.7,0.09709061785633791,0.08784048101999417,0.08317516661837146,0.15798077851830386,0.09463521040600145,0.08496088090408574,0.3094175601274993,0.08489930454940595
270,270.0,270.7,0.09667952835030547,0.08764640959372552,0.0830103178689,0.15697084501198474,0.09424706755346415,0.08476470383381228,0.31028097941043314,0.08640014837737457
271,271.0,271.7,0.09489777943845415,0.08607140315291269,0.08146356001565777,0.16572722797527964,0.09248594356072737,0.08318769794669227,0.3097028278946182,0.08646356001565778
272,272.0,272.7,0.09364055494335705,0.08493106936500439,0.08032322622774948,0.16327122433867985,0.09131638709602186,0.08201814148198676,0.319176170319451,0.08532322622774949
273,273.0,273.7,0.0897716819432921,0.08432214913147115,0.08862139155571357,0.16024541371999,0.090456166949811,0.08122539771904178,0.3208273165158758,0.08453048246480449
274,274.0,274.7,0.08858585858585856,0.08328282828282826,0.08691919191919191,0.16775252525252524,0.08941919191919191,0.08191919191919192,0.31853535353535356,0.08358585858585857
275,275.0,275.7,0.09787209299286817,0.08154542104726735,0.08529823364771737,0.1673103307696529,0.08760064601610333,0.08024358883897419,0.31824675358614724,0.08188293310126928
276,276.0,276.7,0.09707242113291076,0.08079863126028719,0.0839368592562002,0.1726565049550656,0.08674809208316867,0.07947035801550541,0.3182338720555502,0.08108326124131185
277,277.0,277.7,0.09666056166056163,0.08047008547008547,0.08371794871794871,0.1775152625152625,0.08634310134310133,0.07920024420024419,0.3153052503052503,0.08078754578754577
278,278.0,278.7,0.09639028203708434,0.08018157956384699,0.08353360947837689,0.17568259824800522,0.08600418476871964,0.07901590496067237,0.3171005391572252,0.0820913017860692
279,279.0,279.7,0.09603263665763664,0.07995377370377368,0.0833808786933787,0.1739574473949474,0.08960902554652553,0.07881357100107099,0.31631409600159605,0.08193857100107099
280,280.0,280.7,0.09568980544309491,0.07973698268106162,0.08323521142600088,0.17716866284300495,0.08931427125506071,0.07861982681061627,0.3144423358074674,0.08179290373369319
281,281.0,281.7,0.09536085140704703,0.07953041071247592,0.08309611584068104,0.17548694512009727,0.0890319372656329,0.07843411117867638,0.3174058203270159,0.08165380814837335
282,282.0,282.7,0.09504491742732055,0.07933333791354193,0.07527083791354192,0.18157426604701535,0.08876123168934377,0.07825591254040759,0.3202386585552869,0.08152083791354192
283,283.0,283.7,0.0962751004873494,0.07703316082530572,0.07459413643506181,0.1868754056500649,0.08795197957231672,0.07753531290565005,0.31889076768918956,0.0808441364350618
284,284.0,284.7,0.09544016714824163,0.07632891952767726,0.07786738106613882,0.18227709143858215,0.08708199667826995,0.07684651787136258,0.3240561129691565,0.08010181330057105
285,285.0,285.7,0.10103155416653897,0.07571407451665288,0.07722922603180439,0.1805987835891779,0.08634764990654778,0.07628704384594172,0.3233425687614262,0.0794490991819101
286,286.0,286.7,0.09996040931071659,0.07513557118912693,0.07890083577528703,0.1767330650034776,0.08561170465472484,0.07571998677354252,0.3291054341229934,0.07883299317013101
287,287.0,287.7,0.09963652199774817,0.07634128552107008,0.07862564527436108,0.17513889774038902,0.08525602079040354,0.07552751400307323,0.33088114913715583,0.07859296553579899
288,288.0,288.7,0.1031148026615623,0.07468872481997992,0.07692302433688812,0.17053459119496853,0.08347438702032631,0.07390370066539055,0.34043774496399604,0.07692302433688814
289,289.0,289.7,0.09005532088019523,0.0733152696941746,0.07550163768351549,0.17200942083728046,0.09315645486446238,0.07255747313340513,0.3478723900866729,0.07553203282029361
290,290.0,290.7,0.09224015505008062,0.07101750767509468,0.07315794036130202,0.17929923612158533,0.08969291341567451,0.07028552569311271,0.35109009587583867,0.0732166258073114
291,291.0,291.7,0.09044490723062149,0.0699792885507171,0.07205764241478525,0.18046268010553723,0.0885490828347971,0.07698213126784552,0.34799270227841655,0.07353156531727958
292,292.0,292.7,0.08929449393832954,0.06957344786111908,0.07160997754148438,0.18388976168428223,0.08802259688561057,0.0765990888867601,0.3479212036061351,0.07308942959627888
293,293.0,293.7,0.09790026699598038,0.07922983277830625,0.07124469063204616,0.170900981316716,0.0932993341251288,0.06858483793826499,0.3460374821541676,0.07280257405938971
294,294.0,294.7,0.0969749012503158,0.07894193025591725,0.07091908071900861,0.17016389982684138,0.0928053229314945,0.06833464280652454,0.34930784328224845,0.07255237892764929
295,295.0,295.7,0.09623566564315567,0.07870269464875712,0.07064356064160174,0.1679382104219067,0.09243570512791442,0.06813169166961115,0.3535630440563172,0.07234942779073589
296,296.0,296.7,0.11531951758041308,0.06789926870962595,0.06980519410149222,0.16500285212949606,0.09145287756815984,0.06921505818331017,0.34972428927491955,0.07158094245258304
297,297.0,297.7,0.11107233030961843,0.06620377476309676,0.06807460663392864,0.16793981853303885,0.0976637533417194,0.07416914272846473,0.34503292528716256,0.06984364840297039
298,298.0,298.7,0.11021471021471019,0.06600995100995097,0.06789743289743287,0.16977280977280973,0.09724785724785721,0.07395866895866894,0.3452320952320952,0.06966647466647463
299,299.0,299.7,0.10335761144435143,0.06595017161109709,0.06785388199582013,0.17227492479826986,0.09710097604577783,0.08054932772924056,0.343290182610581,0.0696229237648619
300,300.0,300.7,0.10233940004101294,0.06547541833832156,0.06739495150785471,0.17142500166693714,0.09654169513040478,0.07922541833832156,0.34843412170025073,0.06916399327689648
301,301.0,301.7,0.10135960381058418,0.06498637037852723,0.06688886811435828,0.16995502951385305,0.09465169587718605,0.07798564416211473,0.3554499431950412,0.06872284494833512
302,302.0,302.7,0.1004508494999509,0.06450596731573943,0.0663741744188631,0.17116385059100075,0.0940688524943178,0.0768365906219725,0.35840097923578346,0.06819873582237188
303,303.0,303.7,0.093457159390293,0.06448923436339522,0.06632434249100547,0.17507654272320922,0.0940845483700752,0.07680516475161478,0.36162378338673357,0.06813922452367335
304,304.0,304.7,0.09223504961685156,0.06391994367016665,0.06572308403262905,0.17844595438261807,0.09328563447653543,0.07563673565011653,0.36322553945212277,0.06752805871895969
305,305.0,305.7,0.09164860949555229,0.06368966837946533,0.06547856575659801,0.17729060550254833,0.09633549131819492,0.07539245475717431,0.3628245671723967,0.06734003761806986
306,306.0,306.7,0.09062127035451248,0.06473284733202651,0.07006483636442594,0.17843071125560864,0.09560693904059156,0.07442504979440681,0.3591920376325301,0.0669263082258978
307,307.0,307.7,0.09016056783236752,0.06451064478762669,0.06981202680932261,0.18215792433130779,0.09512032426653623,0.0741894818396889,0.3573874867202126,0.06666154341293759
308,308.0,308.7,0.08973995814958811,0.06433083296105116,0.06961883559725114,0.18415536919331985,0.09473921727123814,0.07399660836212066,0.35689794419158744,0.06652123427384335
309,309.0,309.7,0.09046441881537717,0.06415939645285314,0.06943456558129392,0.18189816242360857,0.09437845220065974,0.073812403723177,0.3594644332681345,0.06638816753489586
310,310.0,310.7,0.09005630109734723,0.06396324093503912,0.06920986437344404,0.18407705122708845,0.09248460263468637,0.06860376381085612,0.36545702040885397,0.06614815551268452
311,311.0,311.7,0.08910559850777242,0.06349434382043076,0.0697465336595771,0.1840929662125314,0.09179978837587532,0.06790587431891776,0.36819718928414585,0.06565770582074927
312,312.0,312.7,0.08670291597827826,0.06229817150107002,0.06831238541383468,0.19317495172567636,0.09342831350077724,0.06773657904092685,0.3639063512976556,0.06444033154178078
313,313.0,313.7,0.08458948931986246,0.06559331174000341,0.06826066611737244,0.1995310662725883,0.0906998694363658,0.06647964204810432,0.3614791652719089,0.06336678979379415
314,314.0,314.7,0.08438401680440409,0.06545802605708548,0.06809035344758198,0.19989973349724866,0.09051957601760552,0.06633778623253907,0.36209951849928085,0.06321098944425407
315,315.0,315.7,0.08398472704196962,0.0652838283888468,0.06792506698984493,0.20299212613967826,0.0902020472951002,0.06617141623120397,0.36035245918088843,0.0630883287324676
316,316.0,316.7,0.07239957422186336,0.06615227354685183,0.06425683024327598,0.197200600423492,0.09221636507781084,0.06704740813927558,0.3769176224070802,0.06380932594034999
317,317.0,317.7,0.07232079814554038,0.0661021097103571,0.06417437597849965,0.1969283035777881,0.09210169431818914,0.06697216238453349,0.37770237038278276,0.06369818550230918
318,318.0,318.7,0.07205136682027435,0.06598895659820027,0.06402972573140639,0.19497183230376505,0.091797279927532,0.06683448399834951,0.380800830569738,0.06352552405073411
319,319.0,319.7,0.07111165009174161,0.06519873981127604,0.06318865570161775,0.19392262208664307,0.08956152738537916,0.06602028016770012,0.38829918906712624,0.06269733568851589
320,320.0,320.7,0.07006579394285539,0.06409406984819277,0.062239974168759746,0.20420794256551375,0.0872212778891939,0.06492026281231676,0.38548963180747287,0.06176104696569462
321,321.0,321.7,0.07023485157573282,0.06311877650433338,0.061434300161962316,0.2028784602450453,0.09179014131523308,0.06393935066701281,0.38567486987376826,0.0609292496569118
322,322.0,322.7,0.06933966097251777,0.06223640779005668,0.0607072828871972,0.19936209266994115,0.08949395798327824,0.06305140100687434,0.39163250056947907,0.06417669612065538
323,323.0,323.7,0.06847879088410916,0.06139482909426501,0.059989428156229097,0.19926131393899324,0.08741058699559905,0.062204281080187586,0.3920603387122323,0.0692004311383844
324,324.0,324.7,0.06768114825899713,0.06062188516049298,0.05932953953362604,0.19925360365366027,0.0910790329878392,0.06142583726099173,0.39252505485640765,0.0680838982879848
325,325.0,325.7,0.06736315957315028,0.06046539028176399,0.05914435101507255,0.19942130321455015,0.09079354480788336,0.061263885265041576,0.3936375091913945,0.0679108566511434
326,326.0,326.7,0.06714507704561465,0.0603668244340287,0.05902615415249821,0.19991888766351126,0.08501570780871855,0.05746536010783319,0.40329270440829584,0.06776928437949939
327,327.0,327.7,0.0664548072927766,0.05969605501137624,0.05847755598748024,0.19913846822061698,0.08690150785320726,0.05692132498444071,0.40563714528865474,0.06677313536144706
328,328.0,328.7,0.0658648796204609,0.05909399311878918,0.05797974509740629,0.19654931817842627,0.09027159228912884,0.056445910510940125,0.407927943734145,0.06586661745070331
329,329.0,329.7,0.06526098426792099,0.05851821168719057,0.05750933927029931,0.19596022717263,0.08849919181509079,0.05597946505646282,0.4132513366982013,0.06502124403220405
330,330.0,330.7,0.06584451385833681,0.05819832809106359,0.057287588450451045,0.19607931419706853,0.08794651648677534,0.05576155832551928,0.4130352213351448,0.06584695925564041
331,331.0,331.7,0.06539092369117283,0.05771455882004052,0.05689540001956943,0.1948172736270743,0.09099272840178153,0.055373102211557314,0.4137132183062415,0.06510279492256234
332,332.0,332.7,0.06405208326954331,0.057263201828653035,0.056529678681969495,0.19555564000681808,0.08941062122218332,0.05501100571375524,0.4166175755496003,0.06556019372747704
333,333.0,333.7,0.06359859976008696,0.05682470094956218,0.05620170629715576,0.19504339734750387,0.08788794717429566,0.05466635276180222,0.4208414836489197,0.0649358120606733
334,334.0,334.7,0.06310422494810429,0.05635782043765484,0.05579197064767731,0.19341880395221614,0.086404679326619,0.054277982975794906,0.4263797921432457,0.0642647255686877
335,335.0,335.7,0.06263355044295635,0.05591653945614337,0.055403791752801614,0.19732729179511352,0.08501876011776999,0.05391060672001261,0.4261567186938474,0.06363274102135485
336,336.0,336.7,0.06245735473676647,0.05580693815987929,0.05624102204984553,0.19542259211376856,0.08483175321410612,0.05380350858292029,0.4279577856783739,0.06347904546433955
337,337.0,337.7,0.062143457538217206,0.055557776806910965,0.05594950329497811,0.19610431247682222,0.08379535789315927,0.053556773436658954,0.42984869251652774,0.06304412603672535
338,338.0,338.7,0.061934676340869285,0.05533680289678139,0.055807370770293074,0.19753875042408842,0.08349932891147524,0.05341466091549456,0.429633221143482,0.06283518859751583
339,339.0,339.7,0.06173259287982937,0.055125287589128956,0.05567074891893599,0.19576873022143135,0.08497098237265374,0.05327794562339039,0.4308182832662152,0.06263542912841481
340,340.0,340.7,0.06268442962954865,0.054910256594177455,0.05545186042615853,0.1945915393613033,0.08401888732080579,0.053074112836725564,0.43297693333226644,0.06229198049901412
341,341.0,341.7,0.062405577562018,0.054720695853329546,0.055280892362656174,0.19447452072330487,0.08311063947263861,0.05288788924309353,0.43514385488136825,0.06197592990159077
342,342.0,342.7,0.06219520594370346,0.054569283157615556,0.05514771475043136,0.19372400036492735,0.08307127601546324,0.05273971912712059,0.43684646854333814,0.06170633209740006
343,343.0,343.7,0.06192654721585748,0.05685513050826072,0.05495482370284246,0.19287380053874856,0.08213312329005049,0.05253209185789891,0.43740708444508886,0.06131739844125238
344,344.0,344.7,0.06172643469198171,0.05659833621843298,0.05482909200395284,0.19322993643172032,0.08194063802717443,0.052406566621858386,0.43813266029692055,0.06113633570795864
345,345.0,345.7,0.061712092364376914,0.05659467575031176,0.05482831095196524,0.19289746277904682,0.08036110382746842,0.05359636186164951,0.4388659536561478,0.06114403880903352
346,346.0,346.7,0.06153496675377421,0.05651194948425644,0.054725147177652145,0.19229083679187753,0.08017586991680867,0.05350719845970344,0.44024229368627427,0.06101173772965311
347,347.0,347.7,0.06136201209416312,0.05812613923262182,0.05462438554053004,0.1908870109066148,0.07999545242518667,0.05342013524537066,0.4407024596782157,0.06088240487729699
348,348.0,348.7,0.06119306821039503,0.058019087564950514,0.05452593607686511,0.19298153744826646,0.07981964969235879,0.0533350916599149,0.43936969540049287,0.06075593394675627
349,349.0,349.7,0.06102165293220975,0.05778652850948561,0.05439606041819691,0.19318209530460534,0.07960828788302922,0.0532183383606025,0.44024944135043986,0.06053759524143058
350,350.0,350.7,0.060911855612563535,0.057601561305138674,0.054315097490415576,0.19794578651577027,0.07342060996951978,0.053163335972800395,0.44213462327487313,0.060507129858918526
351,351.0,351.7,0.06065524415839403,0.05730713454141041,0.05412573615390458,0.19720696647533295,0.07474309903712148,0.05298634580172938,0.44271218069937823,0.06026329313272864
352,352.0,352.7,0.060405641238125904,0.057023420708628536,0.05394187406034003,0.19920479971205074,0.07443647738375418,0.0528146013330673,0.44214585168474957,0.06002733387928357
353,353.0,353.7,0.06014398078358032,0.056717993219661714,0.05371969935929888,0.19814087168369704,0.07371417898114224,0.05260429824389777,0.44443644661664694,0.06052253111207502
354,354.0,354.7,0.05999252286985085,0.0577722399121013,0.05363189127162173,0.19568078427628938,0.07353276749979579,0.0525281229926566,0.445542593943244,0.061319077234440154
355,355.0,355.7,0.054399682628074174,0.05213812114463647,0.049237679255340706,0.18772028978779753,0.06788899696844282,0.047008948362339896,0.4858807897803297,0.05572549207303847
356,356.0,356.7,0.05359306603952211,0.05129342141195228,0.04847922348395661,0.18742580543144902,0.0697558404008189,0.04627443662786944,0.4883600213952457,0.05481818520918576
