,Unnamed: 0,Total_iterations,Intertwine_two,Invert_path_vertices,Insert_inside_vertex,Delete_inside_vertex,Replace_inside_vertex,Donate_between_routes,Trim_one_terminal_cb,Grow_one_terminal_cb
0,0.0,0.0,0.125,0.125,0.125,0.125,0.125,0.125,0.125,0.125
1,1.0,0.10900000000000001,0.125,0.125,0.125,0.125,0.125,0.125,0.125,0.125
2,2.0,0.31601,0.125,0.125,0.125,0.125,0.125,0.125,0.125,0.125
3,3.0,0.6191589000000001,0.125,0.125,0.125,0.125,0.125,0.125,0.125,0.125
4,4.0,1.015801321,0.125,0.125,0.125,0.125,0.125,0.125,0.125,0.125
5,5.0,1.50262148669,0.125,0.125,0.125,0.125,0.125,0.125,0.125,0.125
6,6.0,2.0757334209441005,0.125,0.125,0.125,0.125,0.125,0.125,0.125,0.125
7,7.0,2.7307768275633495,0.125,0.125,0.125,0.125,0.125,0.125,0.125,0.125
8,8.0,3.4630081252450404,0.125,0.125,0.125,0.125,0.125,0.125,0.125,0.125
9,9.0,4.2673862119061114,0.125,0.125,0.125,0.125,0.125,0.125,0.125,0.125
10,10.0,5.138652627782014,0.125,0.125,0.125,0.125,0.125,0.125,0.125,0.125
11,11.0,6.071405875792507,0.125,0.125,0.125,0.125,0.125,0.125,0.125,0.125
12,12.0,7.060169740244025,0.125,0.125,0.125,0.125,0.125,0.125,0.125,0.125
13,13.0,8.099455520847952,0.125,0.125,0.125,0.125,0.125,0.125,0.125,0.125
14,14.0,9.183818168183006,0.125,0.125,0.125,0.125,0.125,0.125,0.125,0.125
15,15.0,10.307906369102724,0.125,0.125,0.125,0.125,0.125,0.125,0.125,0.125
16,16.0,11.466506686239443,0.125,0.125,0.125,0.125,0.125,0.125,0.125,0.125
17,17.0,12.654581904800096,0.125,0.125,0.125,0.125,0.125,0.125,0.125,0.125
18,18.0,13.867303782456686,0.125,0.125,0.125,0.125,0.125,0.125,0.125,0.125
19,19.0,15.100080434523047,0.125,0.125,0.125,0.125,0.125,0.125,0.125,0.125
20,20.0,16.348578617037543,0.125,0.125,0.125,0.125,0.125,0.125,0.125,0.125
21,21.0,17.608741195130214,0.125,0.125,0.125,0.125,0.125,0.125,0.125,0.125
22,22.0,18.876800103462312,0.125,0.125,0.125,0.125,0.125,0.125,0.125,0.125
23,23.0,20.14928511992658,0.125,0.125,0.125,0.125,0.125,0.125,0.125,0.125
24,24.0,21.423028783545156,0.125,0.125,0.125,0.125,0.125,0.125,0.125,0.125
25,25.0,22.695167792966423,0.125,0.125,0.125,0.125,0.125,0.125,0.125,0.125
26,26.0,23.963141223515898,0.125,0.125,0.125,0.125,0.125,0.125,0.125,0.125
27,27.0,25.224685898775267,0.125,0.125,0.125,0.125,0.125,0.125,0.125,0.125
28,28.0,26.477829247520948,0.125,0.125,0.125,0.125,0.125,0.125,0.125,0.125
29,29.0,27.720879968916847,0.125,0.125,0.125,0.125,0.125,0.125,0.125,0.125
30,30.0,28.95241681848399,0.125,0.125,0.125,0.125,0.125,0.125,0.125,0.125
31,31.0,30.17127581490958,0.125,0.125,0.125,0.125,0.125,0.125,0.125,0.125
32,32.0,31.376536153543515,0.125,0.125,0.125,0.125,0.125,0.125,0.125,0.125
33,33.0,32.567505096778625,0.125,0.125,0.125,0.125,0.125,0.125,0.125,0.125
34,34.0,33.74370209472243,0.125,0.125,0.125,0.125,0.125,0.125,0.125,0.125
35,35.0,34.90484237192463,0.125,0.125,0.125,0.125,0.125,0.125,0.125,0.125
36,36.0,36.05082019768737,0.125,0.125,0.125,0.125,0.125,0.125,0.125,0.125
37,37.0,37.18169203889697,0.125,0.125,0.125,0.125,0.125,0.125,0.125,0.125
38,38.0,38.29765977559663,0.125,0.125,0.125,0.125,0.125,0.125,0.125,0.125
39,39.0,39.399054140870355,0.125,0.125,0.125,0.125,0.125,0.125,0.125,0.125
40,40.0,40.48631852820801,0.125,0.125,0.125,0.125,0.125,0.125,0.125,0.125
41,41.0,41.55999329152982,0.125,0.125,0.125,0.125,0.125,0.125,0.125,0.125
42,42.0,42.62070064560415,0.125,0.125,0.125,0.125,0.125,0.125,0.125,0.125
43,43.0,43.669130257815,0.125,0.125,0.125,0.125,0.125,0.125,0.125,0.125
44,44.0,44.70602560622662,0.125,0.125,0.125,0.125,0.125,0.125,0.125,0.125
45,45.0,45.73217116373481,0.125,0.125,0.125,0.125,0.125,0.125,0.125,0.125
46,46.0,46.748380453854836,0.125,0.125,0.125,0.125,0.125,0.125,0.125,0.125
47,47.0,47.755485010424316,0.125,0.125,0.125,0.125,0.125,0.125,0.125,0.125
48,48.0,48.7543242612326,0.125,0.125,0.125,0.125,0.125,0.125,0.125,0.125
49,49.0,49.745736344347726,0.125,0.125,0.125,0.125,0.125,0.125,0.125,0.125
50,50.0,50.730549855707864,0.125,0.125,0.125,0.125,0.125,0.125,0.125,0.125
51,51.0,51.70957651737491,0.125,0.125,0.125,0.125,0.125,0.125,0.125,0.125
52,52.0,52.68360474770151,0.125,0.125,0.125,0.125,0.125,0.125,0.125,0.125
53,53.0,53.65339410751842,0.125,0.125,0.125,0.125,0.125,0.125,0.125,0.125
54,54.0,54.61967059027847,0.125,0.125,0.125,0.125,0.125,0.125,0.125,0.125
55,55.0,55.58312271885972,0.125,0.125,0.125,0.125,0.125,0.125,0.125,0.125
56,56.0,56.544398407394254,0.125,0.125,0.125,0.125,0.125,0.125,0.125,0.125
57,57.0,57.504102543001395,0.125,0.125,0.125,0.125,0.125,0.125,0.125,0.125
58,58.0,58.462795239617805,0.125,0.125,0.125,0.125,0.125,0.125,0.125,0.125
59,59.0,59.42099071417639,0.125,0.125,0.125,0.125,0.125,0.125,0.125,0.125
60,60.0,60.379156734137354,0.125,0.125,0.125,0.125,0.125,0.125,0.125,0.125
61,61.0,61.337714584760846,0.125,0.125,0.125,0.125,0.125,0.125,0.125,0.125
62,62.0,62.29703950447439,0.125,0.125,0.125,0.125,0.125,0.125,0.125,0.125
63,63.0,63.257461537171835,0.125,0.125,0.125,0.125,0.125,0.125,0.125,0.125
64,64.0,64.21926675122782,0.125,0.125,0.125,0.125,0.125,0.125,0.125,0.125
65,65.0,65.18269877636592,0.125,0.125,0.125,0.125,0.125,0.125,0.125,0.125
66,66.0,66.14796061122655,0.125,0.125,0.125,0.125,0.125,0.125,0.125,0.125
67,67.0,67.11521665648885,0.125,0.125,0.125,0.125,0.125,0.125,0.125,0.125
68,68.0,68.08459493066005,0.125,0.125,0.125,0.125,0.125,0.125,0.125,0.125
69,69.0,69.05618942810752,0.125,0.125,0.125,0.125,0.125,0.125,0.125,0.125
70,70.0,70.03006258152917,0.125,0.125,0.125,0.125,0.125,0.125,0.125,0.125
71,71.0,71.00624779379335,0.125,0.125,0.125,0.125,0.125,0.125,0.125,0.125
72,72.0,71.98475200689319,0.125,0.125,0.125,0.125,0.125,0.125,0.125,0.125
73,73.0,72.96555827861411,0.125,0.125,0.125,0.125,0.125,0.125,0.125,0.125
74,74.0,73.94862834037681,0.125,0.125,0.125,0.125,0.125,0.125,0.125,0.125
75,75.0,74.93390511255946,0.125,0.125,0.125,0.125,0.125,0.125,0.125,0.125
76,76.0,75.93131515639826,0.125,0.125,0.125,0.125,0.125,0.125,0.125,0.125
77,77.0,76.93067104428917,0.125,0.125,0.125,0.125,0.125,0.125,0.125,0.125
78,78.0,77.93178463294811,0.125,0.125,0.125,0.125,0.125,0.125,0.125,0.125
79,79.0,78.93446901641168,0.125,0.125,0.125,0.125,0.125,0.125,0.125,0.125
80,80.0,79.94854027136478,0.125,0.125,0.125,0.125,0.125,0.125,0.125,0.125
81,81.0,80.96371899810892,0.125,0.125,0.125,0.125,0.125,0.125,0.125,0.125
82,82.0,81.97974266219755,0.125,0.125,0.125,0.125,0.125,0.125,0.125,0.125
83,83.0,82.99636653325535,0.125,0.125,0.125,0.125,0.125,0.125,0.125,0.125
84,84.0,84.01336435187483,0.125,0.125,0.125,0.125,0.125,0.125,0.125,0.125
85,85.0,85.0405287451136,0.125,0.125,0.125,0.125,0.125,0.125,0.125,0.125
86,86.0,86.06757141157736,0.125,0.125,0.125,0.125,0.125,0.125,0.125,0.125
87,87.0,87.09423409727897,0.125,0.125,0.125,0.125,0.125,0.125,0.125,0.125
88,88.0,88.12028817343763,0.125,0.125,0.125,0.125,0.125,0.125,0.125,0.125
89,89.0,89.14553396024604,0.125,0.125,0.125,0.125,0.125,0.125,0.125,0.125
90,90.0,90.16979982877116,0.125,0.125,0.125,0.125,0.125,0.125,0.125,0.125
91,91.0,91.19294111215605,0.125,0.125,0.125,0.125,0.125,0.125,0.125,0.125
92,92.0,92.2148388560809,0.125,0.125,0.125,0.125,0.125,0.125,0.125,0.125
93,93.0,93.23539843705245,0.125,0.125,0.125,0.125,0.125,0.125,0.125,0.125
94,94.0,94.25454807555633,0.125,0.125,0.125,0.125,0.125,0.125,0.125,0.125
95,95.0,95.27223726945425,0.125,0.125,0.125,0.125,0.125,0.125,0.125,0.125
96,96.0,96.28843517126784,0.125,0.125,0.125,0.125,0.125,0.125,0.125,0.125
97,97.0,97.30312893118739,0.125,0.125,0.125,0.125,0.125,0.125,0.125,0.125
98,98.0,98.3163220258031,0.125,0.125,0.125,0.125,0.125,0.125,0.125,0.125
99,99.0,99.32803259069922,0.125,0.125,0.125,0.125,0.125,0.125,0.125,0.125
100,100.0,100.33829177319875,0.125,0.125,0.125,0.125,0.125,0.125,0.125,0.125
101,101.0,101.34714211971631,0.125,0.125,0.125,0.125,0.125,0.125,0.125,0.125
102,102.0,102.35463601038497,0.125,0.125,0.125,0.125,0.125,0.125,0.125,0.125
103,103.0,103.36083415188291,0.125,0.125,0.125,0.125,0.125,0.125,0.125,0.125
104,104.0,104.36580413771225,0.125,0.125,0.125,0.125,0.125,0.125,0.125,0.125
105,105.0,105.36961908358151,0.125,0.125,0.125,0.125,0.125,0.125,0.125,0.125
106,106.0,106.37235634402803,0.125,0.125,0.125,0.125,0.125,0.125,0.125,0.125
107,107.0,107.37409631498963,0.125,0.125,0.125,0.125,0.125,0.125,0.125,0.125
108,108.0,108.37492132570516,0.125,0.125,0.125,0.125,0.125,0.125,0.125,0.125
109,109.0,109.38491462209208,0.125,0.125,0.125,0.125,0.125,0.125,0.125,0.125
110,110.0,110.39405944261941,0.125,0.125,0.125,0.125,0.125,0.125,0.125,0.125
111,111.0,111.40234918666779,0.125,0.125,0.125,0.125,0.125,0.125,0.125,0.125
112,112.0,112.41978646444467,0.125,0.125,0.125,0.125,0.125,0.125,0.125,0.125
113,113.0,113.43628214979941,0.125,0.125,0.125,0.125,0.125,0.125,0.125,0.125
114,114.0,114.45176544512069,0.125,0.125,0.125,0.125,0.125,0.125,0.125,0.125
115,115.0,115.46618275645862,0.125,0.125,0.125,0.125,0.125,0.125,0.125,0.125
116,116.0,116.47949650909818,0.125,0.125,0.125,0.125,0.125,0.125,0.125,0.125
117,117.0,117.4916839213828,0.125,0.125,0.125,0.125,0.125,0.125,0.125,0.125
118,118.0,118.50273575322515,0.125,0.125,0.125,0.125,0.125,0.125,0.125,0.125
119,119.0,119.512655044351,0.125,0.125,0.125,0.125,0.125,0.125,0.125,0.125
120,120.0,120.52145585592076,0.125,0.125,0.125,0.125,0.125,0.125,0.125,0.125
121,121.0,121.53916202777434,0.125,0.125,0.125,0.125,0.125,0.125,0.125,0.125
122,122.0,122.55570596216481,0.125,0.125,0.125,0.125,0.125,0.125,0.125,0.125
123,123.0,123.58103844349459,0.125,0.125,0.125,0.125,0.125,0.125,0.125,0.125
124,124.0,124.60502729225645,0.125,0.125,0.125,0.125,0.125,0.125,0.125,0.125
125,125.0,125.62756698321957,0.125,0.125,0.125,0.125,0.125,0.125,0.125,0.125
126,126.0,126.64857703525416,0.125,0.125,0.125,0.125,0.125,0.125,0.125,0.125
127,127.0,127.66800031173275,0.125,0.125,0.125,0.125,0.125,0.125,0.125,0.125
128,128.0,128.68580125744617,0.125,0.125,0.125,0.125,0.125,0.125,0.125,0.125
129,129.0,129.7019640960138,0.125,0.125,0.125,0.125,0.125,0.125,0.125,0.125
130,130.0,130.7164910097645,0.125,0.125,0.125,0.125,0.125,0.125,0.125,0.125
131,131.0,131.7294003220425,0.125,0.125,0.125,0.125,0.125,0.125,0.125,0.125
132,132.0,132.74072469987226,0.125,0.125,0.125,0.125,0.125,0.125,0.125,0.125
133,133.0,133.75050939292032,0.125,0.125,0.125,0.125,0.125,0.125,0.125,0.125
134,134.0,134.7588105227344,0.125,0.125,0.125,0.125,0.125,0.125,0.125,0.125
135,135.0,135.7656934343397,0.125,0.125,0.125,0.125,0.125,0.125,0.125,0.125
136,136.0,136.7712311204411,0.125,0.125,0.125,0.125,0.125,0.125,0.125,0.125
137,137.0,137.77550272672792,0.125,0.125,0.125,0.125,0.125,0.125,0.125,0.125
138,138.0,138.7785921451188,0.125,0.125,0.125,0.125,0.125,0.125,0.125,0.125
139,139.0,139.78058670021937,0.125,0.125,0.125,0.125,0.125,0.125,0.125,0.125
140,140.0,140.78157593280773,0.125,0.125,0.125,0.125,0.125,0.125,0.125,0.125
141,141.0,141.78165048280917,0.125,0.125,0.125,0.125,0.125,0.125,0.125,0.125
142,142.0,142.7809010729824,0.125,0.125,0.125,0.125,0.125,0.125,0.125,0.125
143,143.0,143.77941759340848,0.125,0.125,0.125,0.125,0.125,0.125,0.125,0.125
144,144.0,144.77728828585785,0.125,0.125,0.125,0.125,0.125,0.125,0.125,0.125
145,145.0,145.7745990262037,0.125,0.125,0.125,0.125,0.125,0.125,0.125,0.125
146,146.0,146.77143270225292,0.125,0.125,0.125,0.125,0.125,0.125,0.125,0.125
147,147.0,147.76786868367472,0.125,0.125,0.125,0.125,0.125,0.125,0.125,0.125
148,148.0,148.76398238011757,0.125,0.125,0.125,0.125,0.125,0.125,0.125,0.125
149,149.0,149.75984488311497,0.125,0.125,0.125,0.125,0.125,0.125,0.125,0.125
150,150.0,150.75552268698146,0.125,0.125,0.125,0.125,0.125,0.125,0.125,0.125
151,151.0,151.7510774835915,0.125,0.125,0.125,0.125,0.125,0.125,0.125,0.125
152,152.0,152.74656602570462,0.125,0.125,0.125,0.125,0.125,0.125,0.125,0.125
153,153.0,153.7420400533494,0.125,0.125,0.125,0.125,0.125,0.125,0.125,0.125
154,154.0,154.73754627769617,0.125,0.125,0.125,0.125,0.125,0.125,0.125,0.125
155,155.0,155.7331264168313,0.125,0.125,0.125,0.125,0.125,0.125,0.125,0.125
156,156.0,156.72881727788462,0.125,0.125,0.125,0.125,0.125,0.125,0.125,0.125
157,157.0,157.7246508800538,0.125,0.125,0.125,0.125,0.125,0.125,0.125,0.125
158,158.0,158.72065461320548,0.125,0.125,0.125,0.125,0.125,0.125,0.125,0.125
159,159.0,159.71685142690995,0.125,0.125,0.125,0.125,0.125,0.125,0.125,0.125
160,160.0,160.71326004497487,0.125,0.125,0.125,0.125,0.125,0.125,0.125,0.125
161,161.0,161.70989520078354,0.125,0.125,0.125,0.125,0.125,0.125,0.125,0.125
162,162.0,162.70676788900354,0.125,0.125,0.125,0.125,0.125,0.125,0.125,0.125
163,163.0,163.70388562951152,0.125,0.125,0.125,0.125,0.125,0.125,0.125,0.125
164,164.0,164.70125273967355,0.125,0.125,0.125,0.125,0.125,0.125,0.125,0.125
165,165.0,165.69887061142265,0.125,0.125,0.125,0.125,0.125,0.125,0.125,0.125
166,166.0,166.6967379898826,0.125,0.125,0.125,0.125,0.125,0.125,0.125,0.125
167,167.0,167.69485125059776,0.125,0.125,0.125,0.125,0.125,0.125,0.125,0.125
168,168.0,168.69320467273542,0.125,0.125,0.125,0.125,0.125,0.125,0.125,0.125
169,169.0,169.69179070593194,0.125,0.125,0.125,0.125,0.125,0.125,0.125,0.125
170,170.0,170.6906002287495,0.125,0.125,0.125,0.125,0.125,0.125,0.125,0.125
171,171.0,171.6896227969978,0.125,0.125,0.125,0.125,0.125,0.125,0.125,0.125
172,172.0,172.68884688045134,0.125,0.125,0.125,0.125,0.125,0.125,0.125,0.125
173,173.0,173.68826008675498,0.125,0.125,0.125,0.125,0.125,0.125,0.125,0.125
174,174.0,174.6878493715607,0.125,0.125,0.125,0.125,0.125,0.125,0.125,0.125
175,175.0,175.68760123417024,0.125,0.125,0.125,0.125,0.125,0.125,0.125,0.125
176,176.0,176.68750189817712,0.125,0.125,0.125,0.125,0.125,0.125,0.125,0.125
177,177.0,177.68753747680154,0.125,0.125,0.125,0.125,0.125,0.125,0.125,0.125
178,178.0,178.6876941227955,0.125,0.125,0.125,0.125,0.125,0.125,0.125,0.125
179,179.0,179.68795816296213,0.125,0.125,0.125,0.125,0.125,0.125,0.125,0.125
180,180.0,180.68831621748245,0.125,0.125,0.125,0.125,0.125,0.125,0.125,0.125
181,181.0,181.68875530437592,0.125,0.125,0.125,0.125,0.125,0.125,0.125,0.125
182,182.0,182.6892629295363,0.125,0.125,0.125,0.125,0.125,0.125,0.125,0.125
183,183.0,183.68982716288528,0.125,0.125,0.125,0.125,0.125,0.125,0.125,0.125
184,184.0,184.6904367012705,0.125,0.125,0.125,0.125,0.125,0.125,0.125,0.125
185,185.0,185.6910809188045,0.125,0.125,0.125,0.125,0.125,0.125,0.125,0.125
186,186.0,186.69174990539705,0.125,0.125,0.125,0.125,0.125,0.125,0.125,0.125
187,187.0,187.6924344942764,0.125,0.125,0.125,0.125,0.125,0.125,0.125,0.125
188,188.0,188.69312627932504,0.125,0.125,0.125,0.125,0.125,0.125,0.125,0.125
189,189.0,189.69381762307555,0.125,0.125,0.125,0.125,0.125,0.125,0.125,0.125
190,190.0,190.69450165622024,0.125,0.125,0.125,0.125,0.125,0.125,0.125,0.125
191,191.0,191.69517226948827,0.125,0.125,0.125,0.125,0.125,0.125,0.125,0.125
192,192.0,192.69582409873462,0.125,0.125,0.125,0.125,0.125,0.125,0.125,0.125
193,193.0,193.696452504069,0.125,0.125,0.125,0.125,0.125,0.125,0.125,0.125
194,194.0,194.69705354382924,0.125,0.125,0.125,0.125,0.125,0.125,0.125,0.125
195,195.0,195.69762394417518,0.125,0.125,0.125,0.125,0.125,0.125,0.125,0.125
196,196.0,196.69816106504476,0.125,0.125,0.125,0.125,0.125,0.125,0.125,0.125
197,197.0,197.69866286317696,0.125,0.125,0.125,0.125,0.125,0.125,0.125,0.125
198,198.0,198.69912785286414,0.125,0.125,0.125,0.125,0.125,0.125,0.125,0.125
199,199.0,199.69955506505397,0.125,0.125,0.125,0.125,0.125,0.125,0.125,0.125
200,200.0,200.69994400537428,0.125,0.125,0.125,0.125,0.125,0.125,0.125,0.125
201,201.0,201.7002946116088,0.12486111111111112,0.12486111111111112,0.12486111111111112,0.12486111111111112,0.12486111111111112,0.12597222222222224,0.12486111111111112,0.12486111111111112
202,202.0,202.7006072111038,0.12547361111111113,0.12447361111111113,0.12447361111111113,0.12558472222222225,0.12447361111111113,0.12657361111111112,0.12447361111111113,0.12447361111111113
203,203.0,203.70088247853826,0.12597012500000004,0.12398012500000001,0.12398012500000001,0.12608012500000004,0.12498012500000001,0.127049125,0.12398012500000001,0.12398012500000001
204,204.0,204.7011213944439,0.12604567008838388,0.12408457008838386,0.12317547917929295,0.12615357008838388,0.12507457008838385,0.12820609119949494,0.12408457008838386,0.12317547917929295
205,205.0,205.70132520481454,0.12611204235088389,0.12419656335088386,0.12238747244179295,0.1262169733508839,0.12516766335088386,0.12933524936199495,0.12419656335088386,0.12238747244179295
206,206.0,206.70149538209995,0.12609373777170585,0.12416271488594825,0.12154656337079674,0.1261191897859483,0.12510709388594826,0.1292412200227058,0.12618291690615027,0.12154656337079674
207,207.0,207.70163358783583,0.12595647778788008,0.12502319987622246,0.12062352199743459,0.12590256843722253,0.1249340861862225,0.12900433293227004,0.12793229078531337,0.12062352199743459
208,208.0,208.70174163711977,0.1257226214488005,0.12569816194446462,0.11964488287476766,0.12559025020566378,0.12557979597036467,0.1286503336457976,0.12946907103537372,0.11964488287476766
209,209.0,209.7018214651041,0.12533446998368636,0.1262872825500743,0.11863205277501367,0.12520098856793155,0.12614377318002534,0.12812477640605985,0.1316446037621955,0.11863205277501367
210,210.0,210.70187509563897,0.12475539036384817,0.12666912875913272,0.11753855578685557,0.12462224460689461,0.1265044254264302,0.1273941285248367,0.1349775707451467,0.11753855578685557
211,211.0,211.70190461216396,0.12394275038344088,0.12755066948926444,0.11631313049875229,0.12452552389126373,0.12653520529016735,0.12641868972757306,0.13840090022078622,0.11631313049875229
212,212.0,212.70191213091482,0.1229852252855183,0.1281679084258493,0.11503658529894069,0.12427792696799025,0.12714691408898807,0.12528988630103843,0.14205896833273451,0.11503658529894069
213,213.0,213.70189977648144,0.1219193330452654,0.12862013266290545,0.11373806136685344,0.12448685259190635,0.1282710378120918,0.1240467969548795,0.14517972419924488,0.11373806136685344
214,214.0,214.70186965972658,0.1207692303637435,0.12892243767451383,0.1124346675853471,0.12450914608678779,0.1298315433096511,0.12271594223894602,0.1483823651556638,0.1124346675853471
215,215.0,215.70182385804995,0.11962175107660061,0.1291213511566325,0.11117374840659042,0.12446398302470686,0.13120521676100955,0.1213863190020807,0.15185388216578916,0.11117374840659042
216,216.0,216.70176439796046,0.11848851613400228,0.12922604012085334,0.10996407405882802,0.1243593776854447,0.1329541941787573,0.12007150882547737,0.15497221493780922,0.10996407405882802
217,217.0,217.70169323990035,0.11737960544954407,0.1297715399160456,0.1088127888010621,0.12361442905324238,0.13449490362049213,0.1187833505034999,0.15833059385505197,0.1088127888010621
218,218.0,218.70161226524723,0.11630367570425651,0.1302083144611602,0.10772556657687067,0.12283003270842184,0.13583276478939796,0.11753206043390546,0.16184201874911686,0.10772556657687067
219,219.0,219.70152326540696,0.11526806278839223,0.13054249259590422,0.106706747991855,0.1220177267591267,0.13745024781084308,0.11632633937886849,0.16498163468315546,0.106706747991855
220,220.0,220.70142793289665,0.11427887469795109,0.13078034282931783,0.10575946441773121,0.12118799232486448,0.13885191696806043,0.11517347119726717,0.1682084731470768,0.10575946441773121
221,221.0,221.70132785430837,0.11275284321080825,0.13092827247009214,0.10488575286278207,0.12035030494573593,0.14004364299768488,0.11407941695720467,0.1720740136929102,0.10488575286278207
222,222.0,222.70122450503587,0.11125531562688495,0.13096012640022875,0.10405398412131335,0.11986448521803313,0.14099984692903242,0.11298354694903937,0.1758287106341549,0.10405398412131335
223,223.0,223.70111924564026,0.109659337622593,0.13074738980470343,0.10312920239028625,0.11956926837790183,0.1415936281293089,0.11175809423918176,0.18041387704573877,0.10312920239028625
224,224.0,224.7010133197278,0.10788071402001219,0.1302366491020376,0.10201995678596687,0.1190085463049862,0.14182029105961869,0.11031827162489966,0.1866956143165121,0.10201995678596687
225,225.0,225.7009078532093,0.10611327073461445,0.12922058722958926,0.10091356127134486,0.11930502698252826,0.14187205603727254,0.10888137365292186,0.19278056282038408,0.10091356127134486
226,226.0,226.70080385481054,0.10443999773396899,0.12817094587411007,0.09988722835903026,0.11957212323080474,0.14175540569727005,0.10752791040517129,0.19875916034061455,0.09988722835903026
227,227.0,227.7007022177036,0.10273289122428755,0.12696586104173954,0.098807895622596,0.12064977692993384,0.14135103427746304,0.1061039440225737,0.2045807012588106,0.098807895622596
228,228.0,228.7006037221303,0.10094511550428044,0.1255652308107934,0.0979815091116711,0.12221985247153568,0.14145576581403826,0.10456325791493322,0.20964490211821996,0.09762436625452824
229,229.0,229.70050903889302,0.09917616484102222,0.1240757551032494,0.0971308438152913,0.12346974568162904,0.14133913973967768,0.10300619817830318,0.2153697078403145,0.09643244480051297
230,230.0,230.70041873359054,0.09745667985262806,0.12331636135407338,0.0962927516259657,0.12447488983734274,0.14109471041258778,0.10146447700934214,0.22064040660721795,0.09525972330084254
231,231.0,231.7003332714824,0.09578979950252858,0.12245377898582709,0.0954537525830417,0.12561124851162397,0.14067112186797764,0.09994250612516534,0.22525660705343795,0.09482118537039799
232,232.0,232.70025302287027,0.09423559020387542,0.12160465344644483,0.09467057757520261,0.1266249030257276,0.139303811350263,0.09850180366423161,0.2302824811269097,0.09477617960734545
233,233.0,233.70017826889065,0.09274766730844762,0.1207250674465647,0.09389441308714905,0.12819893844986865,0.13779814839683635,0.09711183632660929,0.23478918899381762,0.09473473999070692
234,234.0,234.70010920762007,0.09137733158199966,0.1191552302387478,0.0931749727725812,0.12964032975384573,0.13622408947630324,0.09581023543622118,0.2398782333774958,0.0947395773628056
235,235.0,235.70004596040036,0.09012573073579232,0.11762153560091862,0.09251259175949168,0.1313022895777623,0.1346014682019801,0.09489409407479382,0.2441574612560191,0.09478482879324227
236,236.0,236.6999885782986,0.08893776975531713,0.11607958671654002,0.09185206842194688,0.1326448030532111,0.13289371963219168,0.09400477041537025,0.248777401149461,0.09480988085596212
237,237.0,237.69993704862404,0.087827948281816,0.11456217554233117,0.09121636926898825,0.13372049425049454,0.13150656645957656,0.09316461245853364,0.25388306944221567,0.09411876429604438
238,238.0,238.6998913014307,0.0867923966869947,0.11306693201874883,0.09059427847341839,0.1345154824399383,0.1300642315559571,0.09236160695273941,0.2591872979882628,0.09341777388394074
239,239.0,239.69985121594237,0.08642975371850514,0.11162120959856309,0.09000527389005102,0.1353915524481305,0.1286294424288318,0.09161428326473174,0.26357895995959923,0.09272952469158774
240,240.0,240.69981662684344,0.08610676731303105,0.1102195097610286,0.08943693330889203,0.13601072269101258,0.12717036161086037,0.09090914569867997,0.26810193816216926,0.09204462145432633
241,241.0,241.69978733038602,0.08588077966026195,0.10889975784470937,0.08892118433398598,0.13647735461820396,0.12573050727395557,0.0902769476878041,0.2724155793736055,0.09139788920747376
242,242.0,242.69976309027047,0.08556551771497496,0.10748777702982049,0.08827874574763,0.13722567732740804,0.12414981115554148,0.089545559100243,0.2771341132967512,0.09061279862763105
243,243.0,243.69974364326376,0.08529891462014888,0.1061324257267256,0.0876542266091905,0.13833059374757098,0.12258233057964565,0.08885772859189862,0.28130722795856655,0.08983655216625347
244,244.0,244.69972870452509,0.08501229459208884,0.10480403000355475,0.08701451567153869,0.13926192482721406,0.12099513762188366,0.0881700108048667,0.2857036230964668,0.08903846338238676
245,245.0,245.69971797261502,0.08471024114235336,0.10351257448145063,0.0863669254458757,0.14085684943492088,0.11940382060499229,0.08748829438406325,0.28943320088832225,0.08822809361802188
246,246.0,246.69971113416983,0.08443134111621838,0.10230665445825811,0.0857580945259898,0.1425005117543065,0.11788462114076419,0.08685780646943933,0.29280682110344114,0.0874541494315828
247,247.0,247.69970786822745,0.08448172759040251,0.10121084853696984,0.08521130824315404,0.1440051819640634,0.11646623680245054,0.08630044642339844,0.29558244977976816,0.08674180065979326
248,248.0,248.69970785019703,0.08458403180619577,0.10022475686626178,0.08472548349614524,0.14536763357097787,0.11515207692015003,0.0858137820588497,0.2980405705328601,0.08609166474855966
249,249.0,249.6997107554677,0.08473136418344665,0.0993469315558667,0.08429904499693447,0.1465864396277671,0.11394418588325171,0.0853949356874567,0.30019341367625435,0.08550368438902244
250,250.0,250.6997162626566,0.08491155482326376,0.09856392169553013,0.08391891597840696,0.14763412115483565,0.11281013646580945,0.08502958311608434,0.3021656454637896,0.08496612130228023
251,251.0,251.6997240565001,0.08508057054630438,0.0978620781985621,0.08357226914239217,0.14845373427051975,0.11176150151853073,0.0847037114541057,0.3040988231179518,0.08446731175163348
252,252.0,252.6997338303942,0.08520212762048493,0.09719989932889586,0.0832188192042994,0.14938134680465087,0.11073837014239968,0.08437591717477748,0.3059155547802123,0.08396796494427952
253,253.0,253.69974528859495,0.08527819989729103,0.09657882174014676,0.08286156230136621,0.15061450707778873,0.10974572806209561,0.08404814978671897,0.30740112173298123,0.08347190940161148
254,254.0,254.6997581480897,0.08532095346147064,0.09600464439236484,0.08250815001136028,0.15145647571284349,0.10879776609881331,0.08373213945797398,0.3089750046959839,0.08320486616918954
255,255.0,255.69977214015404,0.08570654382135927,0.09547221242265151,0.08215552538360922,0.15190271396881547,0.10788712865989698,0.0834186134685684,0.31051714195987956,0.08294012031521956
256,256.0,256.6997870116104,0.0860345117476608,0.09498116933899485,0.08180562962426287,0.1523515171674849,0.10701631868245783,0.0831086669072312,0.31202387305731627,0.0826783134745913
257,257.0,257.69980252580507,0.08651773799932631,0.09453074810368424,0.08146015022413272,0.15244407772953997,0.10618719606345435,0.08280322519601338,0.31363689578839193,0.08241996889545718
258,258.0,258.6998184633222,0.08697449973651493,0.09413215317131816,0.08113286276837842,0.15246857008816042,0.10541335550024718,0.08251538488219258,0.3151853427306901,0.08217783112249831
259,259.0,259.6998346224543,0.08740145606174368,0.09378304470808368,0.08082407778427779,0.15283019203636056,0.10469460930410969,0.082244858737347,0.31627045176733276,0.08195130960074491
260,260.0,260.6998508194488,0.08775896664632694,0.09346851326372406,0.08052158098653052,0.1530754732920441,0.10401796320107894,0.08197891361601084,0.3174511742892668,0.08172741470501788
261,261.0,261.69986688854925,0.08838966369327779,0.09199013008180369,0.08056811369394859,0.15391567945711324,0.10218667004717792,0.08205984793727665,0.31904166198012684,0.08184823310927539
262,262.0,262.6998826818542,0.08894964274773284,0.0908992982185594,0.08061909870878053,0.1544519747945811,0.10040875878508468,0.08214271416621069,0.32055986465751085,0.08196864792154003
263,263.0,263.6998980690101,0.08999008345116898,0.08985491921019567,0.08068216838003608,0.15493181814036414,0.09870413358915665,0.08223484309778992,0.3215061736977798,0.08209586043350893
264,264.0,264.69991293676037,0.09096716747849992,0.0890398859104993,0.08075441432656595,0.15550410391109704,0.09708034862730085,0.08233308949586404,0.32209435716909196,0.08222663308108116
265,265.0,265.69992718836795,0.09187894042248278,0.08828756430312625,0.08083651638134277,0.1559365292472017,0.0955501792831495,0.08244132372385621,0.3227075353488131,0.0823614112900279
266,266.0,266.6999407429311,0.09270428257158853,0.08758710667488732,0.0809218292492526,0.1567639699543908,0.09412600522012093,0.08255262599275325,0.3228477527297538,0.08249642760725294
267,267.0,267.69995353460865,0.09362680475025367,0.08693914704280369,0.08100839167527978,0.15717478735456672,0.09310479925276868,0.08266478943075241,0.32285175947984235,0.0826295210137329
268,268.0,268.69996551177235,0.09444213627992583,0.08634038637184593,0.08109107417631631,0.1576334129210122,0.0921758614810982,0.08276910038016053,0.32279261442619966,0.08275541396344153
269,269.0,269.69997663610195,0.09516365818830694,0.08579827081025349,0.08117081977050682,0.15821163723616027,0.09132794716741992,0.08286646638078206,0.32258927582674374,0.08287192461982701
270,270.0,270.6999868816376,0.095791188551927,0.08531138176429084,0.08124614939880977,0.15862873718198306,0.09055908263224154,0.08295542221954715,0.32236089585853434,0.0831471423926666
271,271.0,271.6999962338033,0.09618667438598372,0.08473903125713751,0.0811769119636591,0.15986318650785308,0.08972787200051956,0.08289587470186636,0.3219767395710834,0.08343370961189762
272,272.0,272.70000468841437,0.09640400023764974,0.08412320614086644,0.08100343137375265,0.16078723095215042,0.08889040750110129,0.08272824452193137,0.3224555940380962,0.08360788523445233
273,273.0,273.7000122506802,0.09618507175119974,0.08351615014511053,0.08167031332417324,0.1613411298240143,0.08807492723295299,0.08249100195329592,0.3230188834408637,0.08370252232839002
274,274.0,274.7000189342126,0.0958053198795723,0.08287392765392954,0.08216979789821499,0.16257939280090508,0.08726110988572618,0.0823342070191965,0.3232747319360524,0.0837015129264035
275,275.0,275.7000247600497,0.09631997202287144,0.08212627569459954,0.08250473212791488,0.16370134135633577,0.08636840050324784,0.0820213811194852,0.3234287418027945,0.08352915537275125
276,276.0,276.7000297557026,0.0967187129755449,0.0813729014060312,0.08269797051069111,0.16528180236889783,0.08549202912085244,0.08164473680459304,0.3235142426476363,0.08327760416575367
277,277.0,277.7000339542331,0.09703993096728974,0.08065626726584209,0.08286238288881966,0.16726384006208506,0.08467535643231301,0.0812570017517731,0.32324552752704305,0.08299969310483482
278,278.0,278.70003739336823,0.0972982055044451,0.07998058413109047,0.08300047576346944,0.1689669217837596,0.08392313680429722,0.08086903870476268,0.3231038100314887,0.08285782727668731
279,279.0,279.7000401146562,0.09748580881526654,0.07935169867813424,0.08311481760930352,0.17039433701260334,0.08362743369650784,0.08048110722905226,0.3228375872611842,0.08270720969794855
280,280.0,280.7000421626688,0.09760583695197536,0.07877004341845883,0.08320581915465713,0.17203576336719192,0.08339164138885108,0.0800959191195876,0.3223455758359014,0.0825494007633771
281,281.0,281.7000435842535,0.0976618065563197,0.07823556588051842,0.08327410490965687,0.173396204308789,0.0832104212116793,0.07971591733478571,0.3221200816048174,0.08238589819343399
282,282.0,282.7000444278371,0.09765757625076425,0.07774777726479822,0.08255125440575295,0.17525024065703126,0.08307846765513535,0.07934327780307603,0.3221532780068909,0.08221812795655144
283,283.0,283.70004474278403,0.09775066069353279,0.07709460540831385,0.0817602146394693,0.1775122275846541,0.08293561188288516,0.07892496860843488,0.3220292194876313,0.08199249169507902
284,284.0,284.7000445788084,0.09773618775605186,0.07643571216188501,0.08130394253087764,0.1791818161790205,0.08277020707534963,0.07846571427280126,0.32240271683030997,0.0817037031937046
285,285.0,285.7000439854423,0.09825934060807066,0.07578015581265453,0.08079511651506431,0.18054756788160542,0.08259102596742464,0.07798024600417452,0.32268404397933614,0.08136250323167019
286,286.0,286.70004301155836,0.09865078582489004,0.07513164395263447,0.08046867517034798,0.18139068471243758,0.08239373468450109,0.07746968683358821,0.3235201101974373,0.08097467862416372
287,287.0,287.70004170494724,0.0989837940235889,0.07466859398417566,0.08013168051606008,0.18194349693678805,0.08221278384314,0.07697343930241314,0.3245059945344002,0.08058021685943437
288,288.0,288.70004011194777,0.09963785674854087,0.07410331985782267,0.0796430628810367,0.1819125512921974,0.08190219707837992,0.07634997593759392,0.3264127015663784,0.08003833463805052
289,289.0,289.7000382771288,0.09895533448199115,0.07346308168114601,0.07903396795873689,0.18191840357532477,0.08260659767392894,0.07562977340333604,0.3290124528414027,0.07938038838413398
290,290.0,290.7000362430204,0.09847054772306699,0.07265561300035932,0.0782160894936935,0.1825535623311894,0.0829997026369496,0.0747236733757754,0.3318625989402938,0.07851821249867247
291,291.0,291.7000340498926,0.09779241093135947,0.07180868822196089,0.07731938758917886,0.18320900634776674,0.0833060461533677,0.07453346243161749,0.334310266038909,0.0777207322858403
292,292.0,292.7000317355787,0.09699357145258612,0.07098757785573005,0.07641497193604166,0.18411415085813854,0.08358153709003964,0.0743484550321291,0.33664284092282964,0.07691689485250568
293,293.0,293.7000293353404,0.09705820245231263,0.07120007571789491,0.07551641921332879,0.18362765898897798,0.08440156325495192,0.07340302961628635,0.33866656979999454,0.07612648095625334
294,294.0,294.7000268817725,0.0970322544229367,0.07144283111220852,0.07463244348577064,0.18298884138102342,0.08517916339271128,0.07247894531207362,0.3408886710257927,0.07535684986748355
295,295.0,295.7000244047437,0.09693440410405615,0.07171237839781182,0.07377217969555998,0.182063087177829,0.08591830333172455,0.07158553129953533,0.3433982739289825,0.07461584206450106
296,296.0,296.7000219313704,0.09874773662618039,0.07094453152345113,0.07288281943981985,0.18079512379815374,0.08655042053882293,0.07085525694332154,0.3453746887649869,0.07384942236526387
297,297.0,297.7000194860206,0.10012073497855506,0.07005346731373535,0.07187856020951411,0.17978973068011372,0.0877894381728608,0.07067701648964447,0.34672782172371447,0.07296323043186233
298,298.0,298.7000170903456,0.10138018743951208,0.06919363022417019,0.07091896999283351,0.17894967687638402,0.08896170758579726,0.07053047396674372,0.3479486094166971,0.07211674449786246
299,299.0,299.7000147633347,0.1019163300050895,0.06838196211153395,0.07002076833670569,0.1783520712845376,0.09008492343385274,0.07109193352310945,0.348825961936384,0.0713260493687874
300,300.0,300.70001252139156,0.10231144998816795,0.06757966757787942,0.06914482493398524,0.17766846247387982,0.0911100501316846,0.07155943012680804,0.3500746153198111,0.07055149944778406
301,301.0,301.7000103784288,0.10256935785042412,0.06678765520921534,0.06828836879792591,0.17684378272091,0.09189798068439861,0.07193285953463122,0.35188358057817903,0.06979641462431604
302,302.0,302.70000834597795,0.10269850195499296,0.06600879092283199,0.0674520938990873,0.17615356551888137,0.09257637099548227,0.07221456849393268,0.35384241654095294,0.06905369167383871
303,303.0,303.70000643331247,0.1020928861135887,0.06529111153378163,0.06668368410254455,0.17587374210099765,0.09320341667802165,0.07251118419154863,0.3559732349494928,0.06837074033002458
304,304.0,304.7000046475804,0.10133926361174776,0.06458025224260959,0.06592839602370305,0.17595087019706532,0.09369667771987365,0.07270423521485382,0.35810765260808997,0.06769265238205698
305,305.0,305.7000029939457,0.10051131720801203,0.06391084826576018,0.06522213180523186,0.17592970143737477,0.09444148790927302,0.07288287805088689,0.36003971014129516,0.06706192518216618
306,306.0,306.70000147573506,0.09957480445342129,0.0634104907829889,0.06504768540890422,0.17603826916961102,0.09505790188606134,0.07297201187410278,0.36144315753750417,0.0664556788874063
307,307.0,307.7000000945881,0.09859633738108604,0.06295117235954513,0.06491557420625424,0.17653262585705357,0.09556950335931058,0.07304320589872834,0.3625032939038108,0.06588828703421132
308,308.0,308.69999885061,0.09758929835221919,0.062535399320069,0.06482631952869279,0.17723354434669558,0.09598734219477736,0.07309945593254412,0.3633573043087883,0.06537133601621366
309,309.0,309.6999977425236,0.09667691589079162,0.06216201427013051,0.06477548847797736,0.1777078685588685,0.09631483939040424,0.07314063202337971,0.3643179689797507,0.06490427240869731
310,310.0,310.69999676782055,0.09575283493294967,0.06182632599523169,0.06475386118258165,0.17839455216881953,0.09640083803797364,0.07266354423089763,0.3657332905405727,0.06447475291097345
311,311.0,311.69999592290964,0.09476912647357841,0.06149868598575999,0.06483262357724744,0.17907098390690243,0.09637059304087213,0.07212377846426951,0.36727833413152444,0.06405587441984555
312,312.0,312.6999952032607,0.0935868853275368,0.06110414932364609,0.06480923400869569,0.18063819084554786,0.09646051700932098,0.07157888070505158,0.36824897811625823,0.06357316466394264
313,313.0,313.69999460354404,0.09224268593676518,0.06109052057341117,0.0648180429814043,0.1828096561538212,0.09623828213939838,0.07092435600583197,0.36883641283175794,0.06304004337760974
314,314.0,314.6999941177637,0.09093582726735587,0.061109754041573865,0.06484336602122266,0.18496805575492092,0.09596485728756168,0.07027665105540051,0.3693535669228464,0.06254792164911796
315,315.0,315.6999937393837,0.08965420738401453,0.061153127116251545,0.06488209798554909,0.18736917143757692,0.09563256923595857,0.06963769095165008,0.36957175918875107,0.06209937670024808
316,316.0,316.6999934614479,0.08728553940357624,0.06132031441198791,0.06458056276882894,0.1891072525273697,0.09548063654837824,0.06911556330187738,0.37133245555060584,0.06177767548737562
317,317.0,317.69999327669115,0.08499700096173235,0.0615140861858498,0.06429769832204764,0.19072522930257402,0.09529978733888811,0.06861744228998172,0.37305140874241016,0.061497346856516075
318,318.0,318.6999931776432,0.08278361120338433,0.06172304570635489,0.06402742207179968,0.19204779201560773,0.09507460068107428,0.06813891274160275,0.37495482225013327,0.0612497933300429
319,319.0,319.6999931567236,0.08059026630418674,0.061874746705035504,0.0637000894801937,0.19316241783850746,0.09461558422729113,0.0676137714775642,0.37747619034001895,0.06096693362720214
320,320.0,320.6999932063287,0.07841688411789582,0.06193405053860214,0.06330550765667678,0.19520171516948565,0.09391790390084864,0.06701520769129253,0.3795726958822218,0.06063603504297646
321,321.0,321.69999331891,0.07639423501177135,0.06191149484752208,0.06285916127995261,0.19699419680927946,0.09367991168953778,0.06635745962032788,0.3815372440360864,0.06026629670552225
322,322.0,322.6999934870441,0.07442273792157744,0.06181503067069046,0.06237049920224446,0.19831463616194112,0.09321720266241947,0.0656525103009127,0.38394247670251247,0.06026490637770171
323,323.0,323.69999370349433,0.07251147276207145,0.061648268813156507,0.06184228569605984,0.19950342827132184,0.09255519499245365,0.06490733282782997,0.3862268701552409,0.06080514648186566
324,324.0,324.69999396126457,0.07067124303722525,0.06141835435080982,0.06128237610283506,0.20057014899790787,0.09227478660873989,0.06413179820265952,0.3883876305626839,0.06126366213713845
325,325.0,325.6999942536452,0.06895333646849669,0.061187817154921734,0.060740410251385324,0.20153380215448186,0.09198191270919293,0.06339056223099442,0.39048493460581857,0.06172722442470829
326,326.0,326.6999945742513,0.06736951053493395,0.06096325282511736,0.06022486070646,0.20242972345089524,0.09112865882067107,0.062322330571115456,0.39336955351218567,0.062192109578621084
327,327.0,327.69999491705425,0.0658727958845505,0.06068810370211729,0.0596940192339858,0.20313290231550402,0.09048818081533075,0.06125794886025232,0.39629938612491306,0.06256666306334616
328,328.0,328.6999952764064,0.06447258004605608,0.06037034281525111,0.05915431618728656,0.203466903948484,0.09021289232449538,0.060209097634367326,0.39925869291255417,0.06285517413150535
329,329.0,329.69999564705927,0.06316591925190115,0.060014016376947074,0.05860979715164775,0.20363942045988576,0.08978847963498608,0.05918085511438882,0.40254110082605266,0.06306041118419069
330,330.0,330.69999602417624,0.06206922814636351,0.059646376175963176,0.05808655035877451,0.2037298020897186,0.08933834780339721,0.05820163227273456,0.40558075877061717,0.06334730438243125
331,331.0,331.6999964033398,0.06107459999178296,0.05925264258712636,0.057568419783017195,0.20360843662064224,0.08922393203330163,0.05725708536437737,0.40845879524348017,0.06355608837627204
332,332.0,332.6999967805536,0.06008871384749142,0.058837765820363624,0.05705879993344114,0.20348513270651225,0.08898043508594058,0.056351943665547494,0.4113920080240204,0.06380520091668312
