Total_iterations,Unnamed: 0.1,Intertwine_two,Invert_path_vertices,Insert_inside_vertex,Delete_inside_vertex,Replace_inside_vertex,Donate_between_routes,Trim_one_terminal_cb,Grow_one_terminal_cb
0,0.0,0.125,0.125,0.125,0.125,0.125,0.125,0.125,0.125
1,1.0,0.125,0.125,0.125,0.125,0.125,0.125,0.125,0.125
2,2.0,0.125,0.125,0.125,0.125,0.125,0.125,0.125,0.125
3,3.0,0.125,0.125,0.125,0.125,0.125,0.125,0.125,0.125
4,4.0,0.125,0.125,0.125,0.125,0.125,0.125,0.125,0.125
5,5.0,0.125,0.125,0.125,0.125,0.125,0.125,0.125,0.125
6,6.0,0.125,0.125,0.125,0.125,0.125,0.125,0.125,0.125
7,7.0,0.125,0.125,0.125,0.125,0.125,0.125,0.125,0.125
8,8.0,0.125,0.125,0.125,0.125,0.125,0.125,0.125,0.125
9,9.0,0.125,0.125,0.125,0.125,0.125,0.125,0.125,0.125
10,10.0,0.125,0.125,0.125,0.125,0.125,0.125,0.125,0.125
11,11.0,0.125,0.125,0.125,0.125,0.125,0.125,0.125,0.125
12,12.0,0.125,0.125,0.125,0.125,0.125,0.125,0.125,0.125
13,13.0,0.125,0.125,0.125,0.125,0.125,0.125,0.125,0.125
14,14.0,0.125,0.125,0.125,0.125,0.125,0.125,0.125,0.125
15,15.0,0.125,0.125,0.125,0.125,0.125,0.125,0.125,0.125
16,16.0,0.125,0.125,0.125,0.125,0.125,0.125,0.125,0.125
17,17.0,0.125,0.125,0.125,0.125,0.125,0.125,0.125,0.125
18,18.0,0.125,0.125,0.125,0.125,0.125,0.125,0.125,0.125
19,19.0,0.125,0.125,0.125,0.125,0.125,0.125,0.125,0.125
20,20.0,0.125,0.125,0.125,0.125,0.125,0.125,0.125,0.125
21,21.0,0.125,0.125,0.125,0.125,0.125,0.125,0.125,0.125
22,22.0,0.125,0.125,0.125,0.125,0.125,0.125,0.125,0.125
23,23.0,0.125,0.125,0.125,0.125,0.125,0.125,0.125,0.125
24,24.0,0.125,0.125,0.125,0.125,0.125,0.125,0.125,0.125
25,25.0,0.125,0.125,0.125,0.125,0.125,0.125,0.125,0.125
26,26.0,0.125,0.125,0.125,0.125,0.125,0.125,0.125,0.125
27,27.0,0.125,0.125,0.125,0.125,0.125,0.125,0.125,0.125
28,28.0,0.125,0.125,0.125,0.125,0.125,0.125,0.125,0.125
29,29.0,0.125,0.125,0.125,0.125,0.125,0.125,0.125,0.125
30,30.0,0.125,0.125,0.125,0.125,0.125,0.125,0.125,0.125
31,31.0,0.125,0.125,0.125,0.125,0.125,0.125,0.125,0.125
32,32.0,0.125,0.125,0.125,0.125,0.125,0.125,0.125,0.125
33,33.0,0.125,0.125,0.125,0.125,0.125,0.125,0.125,0.125
34,34.0,0.125,0.125,0.125,0.125,0.125,0.125,0.125,0.125
35,35.0,0.125,0.125,0.125,0.125,0.125,0.125,0.125,0.125
36,36.0,0.125,0.125,0.125,0.125,0.125,0.125,0.125,0.125
37,37.0,0.125,0.125,0.125,0.125,0.125,0.125,0.125,0.125
38,38.0,0.125,0.125,0.125,0.125,0.125,0.125,0.125,0.125
39,39.0,0.125,0.125,0.125,0.125,0.125,0.125,0.125,0.125
40,40.0,0.125,0.125,0.125,0.125,0.125,0.125,0.125,0.125
41,41.0,0.125,0.125,0.125,0.125,0.125,0.125,0.125,0.125
42,42.0,0.125,0.125,0.125,0.125,0.125,0.125,0.125,0.125
43,43.0,0.125,0.125,0.125,0.125,0.125,0.125,0.125,0.125
44,44.0,0.125,0.125,0.125,0.125,0.125,0.125,0.125,0.125
45,45.0,0.125,0.125,0.125,0.125,0.125,0.125,0.125,0.125
46,46.0,0.125,0.125,0.125,0.125,0.125,0.125,0.125,0.125
47,47.0,0.125,0.125,0.125,0.125,0.125,0.125,0.125,0.125
48,48.0,0.125,0.125,0.125,0.125,0.125,0.125,0.125,0.125
49,49.0,0.125,0.125,0.125,0.125,0.125,0.125,0.125,0.125
50,50.0,0.125,0.125,0.125,0.125,0.125,0.125,0.125,0.125
51,51.0,0.125,0.125,0.125,0.125,0.125,0.125,0.125,0.125
52,52.0,0.125,0.125,0.125,0.125,0.125,0.125,0.125,0.125
53,53.0,0.125,0.125,0.125,0.125,0.125,0.125,0.125,0.125
54,54.0,0.125,0.125,0.125,0.125,0.125,0.125,0.125,0.125
55,55.0,0.125,0.125,0.125,0.125,0.125,0.125,0.125,0.125
56,56.0,0.125,0.125,0.125,0.125,0.125,0.125,0.125,0.125
57,57.0,0.125,0.125,0.125,0.125,0.125,0.125,0.125,0.125
58,58.0,0.125,0.125,0.125,0.125,0.125,0.125,0.125,0.125
59,59.0,0.125,0.125,0.125,0.125,0.125,0.125,0.125,0.125
60,60.0,0.125,0.125,0.125,0.125,0.125,0.125,0.125,0.125
61,61.0,0.125,0.125,0.125,0.125,0.125,0.125,0.125,0.125
62,62.0,0.125,0.125,0.125,0.125,0.125,0.125,0.125,0.125
63,63.0,0.125,0.125,0.125,0.125,0.125,0.125,0.125,0.125
64,64.0,0.125,0.125,0.125,0.125,0.125,0.125,0.125,0.125
65,65.0,0.125,0.125,0.125,0.125,0.125,0.125,0.125,0.125
66,66.0,0.125,0.125,0.125,0.125,0.125,0.125,0.125,0.125
67,67.0,0.125,0.125,0.125,0.125,0.125,0.125,0.125,0.125
68,68.0,0.125,0.125,0.125,0.125,0.125,0.125,0.125,0.125
69,69.0,0.125,0.125,0.125,0.125,0.125,0.125,0.125,0.125
70,70.0,0.125,0.125,0.125,0.125,0.125,0.125,0.125,0.125
71,71.0,0.125,0.125,0.125,0.125,0.125,0.125,0.125,0.125
72,72.0,0.125,0.125,0.125,0.125,0.125,0.125,0.125,0.125
73,73.0,0.125,0.125,0.125,0.125,0.125,0.125,0.125,0.125
74,74.0,0.125,0.125,0.125,0.125,0.125,0.125,0.125,0.125
75,75.0,0.125,0.125,0.125,0.125,0.125,0.125,0.125,0.125
76,76.0,0.125,0.125,0.125,0.125,0.125,0.125,0.125,0.125
77,77.0,0.125,0.125,0.125,0.125,0.125,0.125,0.125,0.125
78,78.0,0.125,0.125,0.125,0.125,0.125,0.125,0.125,0.125
79,79.0,0.125,0.125,0.125,0.125,0.125,0.125,0.125,0.125
80,80.0,0.125,0.125,0.125,0.125,0.125,0.125,0.125,0.125
81,81.0,0.125,0.125,0.125,0.125,0.125,0.125,0.125,0.125
82,82.0,0.125,0.125,0.125,0.125,0.125,0.125,0.125,0.125
83,83.0,0.125,0.125,0.125,0.125,0.125,0.125,0.125,0.125
84,84.0,0.125,0.125,0.125,0.125,0.125,0.125,0.125,0.125
85,85.0,0.125,0.125,0.125,0.125,0.125,0.125,0.125,0.125
86,86.0,0.125,0.125,0.125,0.125,0.125,0.125,0.125,0.125
87,87.0,0.125,0.125,0.125,0.125,0.125,0.125,0.125,0.125
88,88.0,0.125,0.125,0.125,0.125,0.125,0.125,0.125,0.125
89,89.0,0.125,0.125,0.125,0.125,0.125,0.125,0.125,0.125
90,90.0,0.125,0.125,0.125,0.125,0.125,0.125,0.125,0.125
91,91.0,0.125,0.125,0.125,0.125,0.125,0.125,0.125,0.125
92,92.0,0.125,0.125,0.125,0.125,0.125,0.125,0.125,0.125
93,93.0,0.125,0.125,0.125,0.125,0.125,0.125,0.125,0.125
94,94.0,0.125,0.125,0.125,0.125,0.125,0.125,0.125,0.125
95,95.0,0.125,0.125,0.125,0.125,0.125,0.125,0.125,0.125
96,96.0,0.125,0.125,0.125,0.125,0.125,0.125,0.125,0.125
97,97.0,0.125,0.125,0.125,0.125,0.125,0.125,0.125,0.125
98,98.0,0.125,0.125,0.125,0.125,0.125,0.125,0.125,0.125
99,99.0,0.125,0.125,0.125,0.125,0.125,0.125,0.125,0.125
100,100.0,0.125,0.125,0.125,0.125,0.125,0.125,0.125,0.125
101,101.0,0.125,0.125,0.125,0.125,0.125,0.125,0.125,0.125
102,102.0,0.125,0.125,0.125,0.125,0.125,0.125,0.125,0.125
103,103.0,0.125,0.125,0.125,0.125,0.125,0.125,0.125,0.125
104,104.0,0.125,0.125,0.125,0.125,0.125,0.125,0.125,0.125
105,105.0,0.125,0.125,0.125,0.125,0.125,0.125,0.125,0.125
106,106.0,0.125,0.125,0.125,0.125,0.125,0.125,0.125,0.125
107,107.0,0.125,0.125,0.125,0.125,0.125,0.125,0.125,0.125
108,108.0,0.125,0.125,0.125,0.125,0.125,0.125,0.125,0.125
109,109.0,0.125,0.125,0.125,0.125,0.125,0.125,0.125,0.125
110,110.0,0.125,0.125,0.125,0.125,0.125,0.125,0.125,0.125
111,111.0,0.125,0.125,0.125,0.125,0.125,0.125,0.125,0.125
112,112.0,0.125,0.125,0.125,0.125,0.125,0.125,0.125,0.125
113,113.0,0.125,0.125,0.125,0.125,0.125,0.125,0.125,0.125
114,114.0,0.125,0.125,0.125,0.125,0.125,0.125,0.125,0.125
115,115.0,0.125,0.125,0.125,0.125,0.125,0.125,0.125,0.125
116,116.0,0.125,0.125,0.125,0.125,0.125,0.125,0.125,0.125
117,117.0,0.125,0.125,0.125,0.125,0.125,0.125,0.125,0.125
118,118.0,0.125,0.125,0.125,0.125,0.125,0.125,0.125,0.125
119,119.0,0.125,0.125,0.125,0.125,0.125,0.125,0.125,0.125
120,120.0,0.125,0.125,0.125,0.125,0.125,0.125,0.125,0.125
121,121.0,0.125,0.125,0.125,0.125,0.125,0.125,0.125,0.125
122,122.0,0.125,0.125,0.125,0.125,0.125,0.125,0.125,0.125
123,123.0,0.125,0.125,0.125,0.125,0.125,0.125,0.125,0.125
124,124.0,0.125,0.125,0.125,0.125,0.125,0.125,0.125,0.125
125,125.0,0.125,0.125,0.125,0.125,0.125,0.125,0.125,0.125
126,126.0,0.125,0.125,0.125,0.125,0.125,0.125,0.125,0.125
127,127.0,0.125,0.125,0.125,0.125,0.125,0.125,0.125,0.125
128,128.0,0.125,0.125,0.125,0.125,0.125,0.125,0.125,0.125
129,129.0,0.125,0.125,0.125,0.125,0.125,0.125,0.125,0.125
130,130.0,0.125,0.125,0.125,0.125,0.125,0.125,0.125,0.125
131,131.0,0.125,0.125,0.125,0.125,0.125,0.125,0.125,0.125
132,132.0,0.125,0.125,0.125,0.125,0.125,0.125,0.125,0.125
133,133.0,0.125,0.125,0.125,0.125,0.125,0.125,0.125,0.125
134,134.0,0.125,0.125,0.125,0.125,0.125,0.125,0.125,0.125
135,135.0,0.125,0.125,0.125,0.125,0.125,0.125,0.125,0.125
136,136.0,0.125,0.125,0.125,0.125,0.125,0.125,0.125,0.125
137,137.0,0.125,0.125,0.125,0.125,0.125,0.125,0.125,0.125
138,138.0,0.125,0.125,0.125,0.125,0.125,0.125,0.125,0.125
139,139.0,0.125,0.125,0.125,0.125,0.125,0.125,0.125,0.125
140,140.0,0.125,0.125,0.125,0.125,0.125,0.125,0.125,0.125
141,141.0,0.125,0.125,0.125,0.125,0.125,0.125,0.125,0.125
142,142.0,0.125,0.125,0.125,0.125,0.125,0.125,0.125,0.125
143,143.0,0.125,0.125,0.125,0.125,0.125,0.125,0.125,0.125
144,144.0,0.125,0.125,0.125,0.125,0.125,0.125,0.125,0.125
145,145.0,0.125,0.125,0.125,0.125,0.125,0.125,0.125,0.125
146,146.0,0.125,0.125,0.125,0.125,0.125,0.125,0.125,0.125
147,147.0,0.125,0.125,0.125,0.125,0.125,0.125,0.125,0.125
148,148.0,0.125,0.125,0.125,0.125,0.125,0.125,0.125,0.125
149,149.0,0.125,0.125,0.125,0.125,0.125,0.125,0.125,0.125
150,150.0,0.125,0.125,0.125,0.125,0.125,0.125,0.125,0.125
151,151.0,0.125,0.125,0.125,0.125,0.125,0.125,0.125,0.125
152,152.0,0.125,0.125,0.125,0.125,0.125,0.125,0.125,0.125
153,153.0,0.125,0.125,0.125,0.125,0.125,0.125,0.125,0.125
154,154.0,0.125,0.125,0.125,0.125,0.125,0.125,0.125,0.125
155,155.0,0.125,0.125,0.125,0.125,0.125,0.125,0.125,0.125
156,156.0,0.125,0.125,0.125,0.125,0.125,0.125,0.125,0.125
157,157.0,0.125,0.125,0.125,0.125,0.125,0.125,0.125,0.125
158,158.0,0.125,0.125,0.125,0.125,0.125,0.125,0.125,0.125
159,159.0,0.125,0.125,0.125,0.125,0.125,0.125,0.125,0.125
160,160.0,0.125,0.125,0.125,0.125,0.125,0.125,0.125,0.125
161,161.0,0.125,0.125,0.125,0.125,0.125,0.125,0.125,0.125
162,162.0,0.125,0.125,0.125,0.125,0.125,0.125,0.125,0.125
163,163.0,0.125,0.125,0.125,0.125,0.125,0.125,0.125,0.125
164,164.0,0.125,0.125,0.125,0.125,0.125,0.125,0.125,0.125
165,165.0,0.125,0.125,0.125,0.125,0.125,0.125,0.125,0.125
166,166.0,0.125,0.125,0.125,0.125,0.125,0.125,0.125,0.125
167,167.0,0.125,0.125,0.125,0.125,0.125,0.125,0.125,0.125
168,168.0,0.125,0.125,0.125,0.125,0.125,0.125,0.125,0.125
169,169.0,0.125,0.125,0.125,0.125,0.125,0.125,0.125,0.125
170,170.0,0.125,0.125,0.125,0.125,0.125,0.125,0.125,0.125
171,171.0,0.125,0.125,0.125,0.125,0.125,0.125,0.125,0.125
172,172.0,0.125,0.125,0.125,0.125,0.125,0.125,0.125,0.125
173,173.0,0.125,0.125,0.125,0.125,0.125,0.125,0.125,0.125
174,174.0,0.125,0.125,0.125,0.125,0.125,0.125,0.125,0.125
175,175.0,0.125,0.125,0.125,0.125,0.125,0.125,0.125,0.125
176,176.0,0.125,0.125,0.125,0.125,0.125,0.125,0.125,0.125
177,177.0,0.125,0.125,0.125,0.125,0.125,0.125,0.125,0.125
178,178.0,0.125,0.125,0.125,0.125,0.125,0.125,0.125,0.125
179,179.0,0.125,0.125,0.125,0.125,0.125,0.125,0.125,0.125
180,180.0,0.125,0.125,0.125,0.125,0.125,0.125,0.125,0.125
181,181.0,0.125,0.125,0.125,0.125,0.125,0.125,0.125,0.125
182,182.0,0.125,0.125,0.125,0.125,0.125,0.125,0.125,0.125
183,183.0,0.125,0.125,0.125,0.125,0.125,0.125,0.125,0.125
184,184.0,0.125,0.125,0.125,0.125,0.125,0.125,0.125,0.125
185,185.0,0.125,0.125,0.125,0.125,0.125,0.125,0.125,0.125
186,186.0,0.125,0.125,0.125,0.125,0.125,0.125,0.125,0.125
187,187.0,0.125,0.125,0.125,0.125,0.125,0.125,0.125,0.125
188,188.0,0.125,0.125,0.125,0.125,0.125,0.125,0.125,0.125
189,189.0,0.125,0.125,0.125,0.125,0.125,0.125,0.125,0.125
190,190.0,0.125,0.125,0.125,0.125,0.125,0.125,0.125,0.125
191,191.0,0.125,0.125,0.125,0.125,0.125,0.125,0.125,0.125
192,192.0,0.125,0.125,0.125,0.125,0.125,0.125,0.125,0.125
193,193.0,0.125,0.125,0.125,0.125,0.125,0.125,0.125,0.125
194,194.0,0.125,0.125,0.125,0.125,0.125,0.125,0.125,0.125
195,195.0,0.125,0.125,0.125,0.125,0.125,0.125,0.125,0.125
196,196.0,0.125,0.125,0.125,0.125,0.125,0.125,0.125,0.125
197,197.0,0.125,0.125,0.125,0.125,0.125,0.125,0.125,0.125
198,198.0,0.125,0.125,0.125,0.125,0.125,0.125,0.125,0.125
199,199.0,0.125,0.125,0.125,0.125,0.125,0.125,0.125,0.125
200,200.0,0.125,0.125,0.125,0.125,0.125,0.125,0.125,0.125
201,201.0,0.1248611111111111,0.1248611111111111,0.1248611111111111,0.1248611111111111,0.1248611111111111,0.1259722222222222,0.1248611111111111,0.1248611111111111
202,202.0,0.1254736111111111,0.1244736111111111,0.1244736111111111,0.1255847222222222,0.1244736111111111,0.1265736111111111,0.1244736111111111,0.1244736111111111
203,203.0,0.125970125,0.123980125,0.123980125,0.126080125,0.124980125,0.127049125,0.123980125,0.123980125
204,204.0,0.1260456700883838,0.1240845700883838,0.1231754791792929,0.1261535700883838,0.1250745700883838,0.1282060911994949,0.1240845700883838,0.1231754791792929
205,205.0,0.1261120423508838,0.1241965633508838,0.1223874724417929,0.1262169733508839,0.1251676633508838,0.1293352493619949,0.1241965633508838,0.1223874724417929
206,206.0,0.1260937377717058,0.1241627148859482,0.1215465633707967,0.1261191897859483,0.1251070938859482,0.1292412200227058,0.1261829169061502,0.1215465633707967
207,207.0,0.12595647778788,0.1250231998762224,0.1206235219974345,0.1259025684372225,0.1249340861862225,0.12900433293227,0.1279322907853133,0.1206235219974345
208,208.0,0.1257226214488005,0.1256981619444646,0.1196448828747676,0.1255902502056637,0.1255797959703646,0.1286503336457976,0.1294690710353737,0.1196448828747676
209,209.0,0.1253344699836863,0.1262872825500743,0.1186320527750136,0.1252009885679315,0.1261437731800253,0.1281247764060598,0.1316446037621955,0.1186320527750136
210,210.0,0.1247553903638481,0.1266691287591327,0.1175385557868555,0.1246222446068946,0.1265044254264302,0.1273941285248367,0.1349775707451467,0.1175385557868555
211,211.0,0.1239427503834408,0.1275506694892644,0.1163131304987522,0.1245255238912637,0.1265352052901673,0.126418689727573,0.1384009002207862,0.1163131304987522
212,212.0,0.1229852252855183,0.1281679084258493,0.1150365852989406,0.1242779269679902,0.127146914088988,0.1252898863010384,0.1420589683327345,0.1150365852989406
213,213.0,0.1219193330452654,0.1286201326629054,0.1137380613668534,0.1244868525919063,0.1282710378120918,0.1240467969548795,0.1451797241992448,0.1137380613668534
214,214.0,0.1207692303637435,0.1289224376745138,0.1124346675853471,0.1245091460867877,0.1298315433096511,0.122715942238946,0.1483823651556638,0.1124346675853471
215,215.0,0.1196217510766006,0.1291213511566325,0.1111737484065904,0.1244639830247068,0.1312052167610095,0.1213863190020807,0.1518538821657891,0.1111737484065904
216,216.0,0.1184885161340022,0.1292260401208533,0.109964074058828,0.1243593776854447,0.1329541941787573,0.1200715088254773,0.1549722149378092,0.109964074058828
217,217.0,0.117379605449544,0.1297715399160456,0.1088127888010621,0.1236144290532423,0.1344949036204921,0.1187833505034999,0.1583305938550519,0.1088127888010621
218,218.0,0.1163036757042565,0.1302083144611602,0.1077255665768706,0.1228300327084218,0.1358327647893979,0.1175320604339054,0.1618420187491168,0.1077255665768706
219,219.0,0.1152680627883922,0.1305424925959042,0.106706747991855,0.1220177267591267,0.137450247810843,0.1163263393788684,0.1649816346831554,0.106706747991855
220,220.0,0.114278874697951,0.1307803428293178,0.1057594644177312,0.1211879923248644,0.1388519169680604,0.1151734711972671,0.1682084731470768,0.1057594644177312
221,221.0,0.1127528432108082,0.1309282724700921,0.104885752862782,0.1203503049457359,0.1400436429976848,0.1140794169572046,0.1720740136929102,0.104885752862782
222,222.0,0.1112553156268849,0.1309601264002287,0.1040539841213133,0.1198644852180331,0.1409998469290324,0.1129835469490393,0.1758287106341549,0.1040539841213133
223,223.0,0.109659337622593,0.1307473898047034,0.1031292023902862,0.1195692683779018,0.1415936281293089,0.1117580942391817,0.1804138770457387,0.1031292023902862
224,224.0,0.1078807140200121,0.1302366491020376,0.1020199567859668,0.1190085463049862,0.1418202910596186,0.1103182716248996,0.1866956143165121,0.1020199567859668
225,225.0,0.1061132707346144,0.1292205872295892,0.1009135612713448,0.1193050269825282,0.1418720560372725,0.1088813736529218,0.192780562820384,0.1009135612713448
226,226.0,0.1044399977339689,0.12817094587411,0.0998872283590302,0.1195721232308047,0.14175540569727,0.1075279104051712,0.1987591603406145,0.0998872283590302
227,227.0,0.1027328912242875,0.1269658610417395,0.098807895622596,0.1206497769299338,0.141351034277463,0.1061039440225737,0.2045807012588106,0.098807895622596
228,228.0,0.1009451155042804,0.1255652308107934,0.0979815091116711,0.1222198524715356,0.1414557658140382,0.1045632579149332,0.2096449021182199,0.0976243662545282
229,229.0,0.0991761648410222,0.1240757551032494,0.0971308438152913,0.123469745681629,0.1413391397396776,0.1030061981783031,0.2153697078403145,0.0964324448005129
230,230.0,0.097456679852628,0.1233163613540733,0.0962927516259657,0.1244748898373427,0.1410947104125877,0.1014644770093421,0.2206404066072179,0.0952597233008425
231,231.0,0.0957897995025285,0.122453778985827,0.0954537525830417,0.1256112485116239,0.1406711218679776,0.0999425061251653,0.2252566070534379,0.0948211853703979
232,232.0,0.0942355902038754,0.1216046534464448,0.0946705775752026,0.1266249030257276,0.139303811350263,0.0985018036642316,0.2302824811269097,0.0947761796073454
233,233.0,0.0927476673084476,0.1207250674465647,0.093894413087149,0.1281989384498686,0.1377981483968363,0.0971118363266092,0.2347891889938176,0.0947347399907069
234,234.0,0.0913773315819996,0.1191552302387478,0.0931749727725812,0.1296403297538457,0.1362240894763032,0.0958102354362211,0.2398782333774958,0.0947395773628056
235,235.0,0.0901257307357923,0.1176215356009186,0.0925125917594916,0.1313022895777623,0.1346014682019801,0.0948940940747938,0.2441574612560191,0.0947848287932422
236,236.0,0.0889377697553171,0.11607958671654,0.0918520684219468,0.1326448030532111,0.1328937196321916,0.0940047704153702,0.248777401149461,0.0948098808559621
237,237.0,0.087827948281816,0.1145621755423311,0.0912163692689882,0.1337204942504945,0.1315065664595765,0.0931646124585336,0.2538830694422156,0.0941187642960443
238,238.0,0.0867923966869947,0.1130669320187488,0.0905942784734183,0.1345154824399383,0.1300642315559571,0.0923616069527394,0.2591872979882628,0.0934177738839407
239,239.0,0.0864297537185051,0.111621209598563,0.090005273890051,0.1353915524481305,0.1286294424288318,0.0916142832647317,0.2635789599595992,0.0927295246915877
240,240.0,0.086106767313031,0.1102195097610286,0.089436933308892,0.1360107226910125,0.1271703616108603,0.0909091456986799,0.2681019381621692,0.0920446214543263
241,241.0,0.0858807796602619,0.1088997578447093,0.0889211843339859,0.1364773546182039,0.1257305072739555,0.0902769476878041,0.2724155793736055,0.0913978892074737
242,242.0,0.0855655177149749,0.1074877770298204,0.08827874574763,0.137225677327408,0.1241498111555414,0.089545559100243,0.2771341132967512,0.090612798627631
243,243.0,0.0852989146201488,0.1061324257267256,0.0876542266091905,0.1383305937475709,0.1225823305796456,0.0888577285918986,0.2813072279585665,0.0898365521662534
244,244.0,0.0850122945920888,0.1048040300035547,0.0870145156715386,0.139261924827214,0.1209951376218836,0.0881700108048667,0.2857036230964668,0.0890384633823867
245,245.0,0.0847102411423533,0.1035125744814506,0.0863669254458757,0.1408568494349208,0.1194038206049922,0.0874882943840632,0.2894332008883222,0.0882280936180218
246,246.0,0.0844313411162183,0.1023066544582581,0.0857580945259898,0.1425005117543065,0.1178846211407641,0.0868578064694393,0.2928068211034411,0.0874541494315828
247,247.0,0.0844817275904025,0.1012108485369698,0.085211308243154,0.1440051819640634,0.1164662368024505,0.0863004464233984,0.2955824497797681,0.0867418006597932
248,248.0,0.0845840318061957,0.1002247568662617,0.0847254834961452,0.1453676335709778,0.11515207692015,0.0858137820588497,0.2980405705328601,0.0860916647485596
249,249.0,0.0847313641834466,0.0993469315558667,0.0842990449969344,0.1465864396277671,0.1139441858832517,0.0853949356874567,0.3001934136762543,0.0855036843890224
250,250.0,0.0849115548232637,0.0985639216955301,0.0839189159784069,0.1476341211548356,0.1128101364658094,0.0850295831160843,0.3021656454637896,0.0849661213022802
251,251.0,0.0850805705463043,0.0978620781985621,0.0835722691423921,0.1484537342705197,0.1117615015185307,0.0847037114541057,0.3040988231179518,0.0844673117516334
252,252.0,0.0852021276204849,0.0971998993288958,0.0832188192042994,0.1493813468046508,0.1107383701423996,0.0843759171747774,0.3059155547802123,0.0839679649442795
253,253.0,0.085278199897291,0.0965788217401467,0.0828615623013662,0.1506145070777887,0.1097457280620956,0.0840481497867189,0.3074011217329812,0.0834719094016114
254,254.0,0.0853209534614706,0.0960046443923648,0.0825081500113602,0.1514564757128434,0.1087977660988133,0.0837321394579739,0.3089750046959839,0.0832048661691895
255,255.0,0.0857065438213592,0.0954722124226515,0.0821555253836092,0.1519027139688154,0.1078871286598969,0.0834186134685684,0.3105171419598795,0.0829401203152195
256,256.0,0.0860345117476608,0.0949811693389948,0.0818056296242628,0.1523515171674849,0.1070163186824578,0.0831086669072312,0.3120238730573162,0.0826783134745913
257,257.0,0.0865177379993263,0.0945307481036842,0.0814601502241327,0.1524440777295399,0.1061871960634543,0.0828032251960133,0.3136368957883919,0.0824199688954571
258,258.0,0.0869744997365149,0.0941321531713181,0.0811328627683784,0.1524685700881604,0.1054133555002471,0.0825153848821925,0.3151853427306901,0.0821778311224983
259,259.0,0.0874014560617436,0.0937830447080836,0.0808240777842777,0.1528301920363605,0.1046946093041096,0.082244858737347,0.3162704517673327,0.0819513096007449
260,260.0,0.0877589666463269,0.093468513263724,0.0805215809865305,0.1530754732920441,0.1040179632010789,0.0819789136160108,0.3174511742892668,0.0817274147050178
261,261.0,0.0883896636932777,0.0919901300818036,0.0805681136939485,0.1539156794571132,0.1021866700471779,0.0820598479372766,0.3190416619801268,0.0818482331092753
262,262.0,0.0889496427477328,0.0908992982185594,0.0806190987087805,0.1544519747945811,0.1004087587850846,0.0821427141662106,0.3205598646575108,0.08196864792154
263,263.0,0.0899900834511689,0.0898549192101956,0.080682168380036,0.1549318181403641,0.0987041335891566,0.0822348430977899,0.3215061736977798,0.0820958604335089
264,264.0,0.0909671674784999,0.0890398859104993,0.0807544143265659,0.155504103911097,0.0970803486273008,0.082333089495864,0.3220943571690919,0.0822266330810811
265,265.0,0.0918789404224827,0.0882875643031262,0.0808365163813427,0.1559365292472017,0.0955501792831495,0.0824413237238562,0.3227075353488131,0.0823614112900279
266,266.0,0.0927042825715885,0.0875871066748873,0.0809218292492526,0.1567639699543908,0.0941260052201209,0.0825526259927532,0.3228477527297538,0.0824964276072529
267,267.0,0.0936268047502536,0.0869391470428036,0.0810083916752797,0.1571747873545667,0.0931047992527686,0.0826647894307524,0.3228517594798423,0.0826295210137329
268,268.0,0.0944421362799258,0.0863403863718459,0.0810910741763163,0.1576334129210122,0.0921758614810982,0.0827691003801605,0.3227926144261996,0.0827554139634415
269,269.0,0.0951636581883069,0.0857982708102534,0.0811708197705068,0.1582116372361602,0.0913279471674199,0.082866466380782,0.3225892758267437,0.082871924619827
270,270.0,0.095791188551927,0.0853113817642908,0.0812461493988097,0.158628737181983,0.0905590826322415,0.0829554222195471,0.3223608958585343,0.0831471423926666
271,271.0,0.0961866743859837,0.0847390312571375,0.0811769119636591,0.159863186507853,0.0897278720005195,0.0828958747018663,0.3219767395710834,0.0834337096118976
272,272.0,0.0964040002376497,0.0841232061408664,0.0810034313737526,0.1607872309521504,0.0888904075011012,0.0827282445219313,0.3224555940380962,0.0836078852344523
273,273.0,0.0961850717511997,0.0835161501451105,0.0816703133241732,0.1613411298240143,0.0880749272329529,0.0824910019532959,0.3230188834408637,0.08370252232839
274,274.0,0.0958053198795723,0.0828739276539295,0.0821697978982149,0.162579392800905,0.0872611098857261,0.0823342070191965,0.3232747319360524,0.0837015129264035
275,275.0,0.0963199720228714,0.0821262756945995,0.0825047321279148,0.1637013413563357,0.0863684005032478,0.0820213811194852,0.3234287418027945,0.0835291553727512
276,276.0,0.0967187129755449,0.0813729014060312,0.0826979705106911,0.1652818023688978,0.0854920291208524,0.081644736804593,0.3235142426476363,0.0832776041657536
277,277.0,0.0970399309672897,0.080656267265842,0.0828623828888196,0.167263840062085,0.084675356432313,0.0812570017517731,0.323245527527043,0.0829996931048348
278,278.0,0.0972982055044451,0.0799805841310904,0.0830004757634694,0.1689669217837596,0.0839231368042972,0.0808690387047626,0.3231038100314887,0.0828578272766873
279,279.0,0.0974858088152665,0.0793516986781342,0.0831148176093035,0.1703943370126033,0.0836274336965078,0.0804811072290522,0.3228375872611842,0.0827072096979485
280,280.0,0.0976058369519753,0.0787700434184588,0.0832058191546571,0.1720357633671919,0.083391641388851,0.0800959191195876,0.3223455758359014,0.0825494007633771
281,281.0,0.0976618065563197,0.0782355658805184,0.0832741049096568,0.173396204308789,0.0832104212116793,0.0797159173347857,0.3221200816048174,0.0823858981934339
282,282.0,0.0976575762507642,0.0777477772647982,0.0825512544057529,0.1752502406570312,0.0830784676551353,0.079343277803076,0.3221532780068909,0.0822181279565514
283,283.0,0.0977506606935327,0.0770946054083138,0.0817602146394693,0.1775122275846541,0.0829356118828851,0.0789249686084348,0.3220292194876313,0.081992491695079
284,284.0,0.0977361877560518,0.076435712161885,0.0813039425308776,0.1791818161790205,0.0827702070753496,0.0784657142728012,0.3224027168303099,0.0817037031937046
285,285.0,0.0982593406080706,0.0757801558126545,0.0807951165150643,0.1805475678816054,0.0825910259674246,0.0779802460041745,0.3226840439793361,0.0813625032316701
286,286.0,0.09865078582489,0.0751316439526344,0.0804686751703479,0.1813906847124375,0.082393734684501,0.0774696868335882,0.3235201101974373,0.0809746786241637
287,287.0,0.0989837940235889,0.0746685939841756,0.08013168051606,0.181943496936788,0.08221278384314,0.0769734393024131,0.3245059945344002,0.0805802168594343
288,288.0,0.0996378567485408,0.0741033198578226,0.0796430628810367,0.1819125512921974,0.0819021970783799,0.0763499759375939,0.3264127015663784,0.0800383346380505
289,289.0,0.0989553344819911,0.073463081681146,0.0790339679587368,0.1819184035753247,0.0826065976739289,0.075629773403336,0.3290124528414027,0.0793803883841339
290,290.0,0.0984705477230669,0.0726556130003593,0.0782160894936935,0.1825535623311894,0.0829997026369496,0.0747236733757754,0.3318625989402938,0.0785182124986724
291,291.0,0.0977924109313594,0.0718086882219608,0.0773193875891788,0.1832090063477667,0.0833060461533677,0.0745334624316174,0.334310266038909,0.0777207322858403
292,292.0,0.0969935714525861,0.07098757785573,0.0764149719360416,0.1841141508581385,0.0835815370900396,0.0743484550321291,0.3366428409228296,0.0769168948525056
293,293.0,0.0970582024523126,0.0712000757178949,0.0755164192133287,0.1836276589889779,0.0844015632549519,0.0734030296162863,0.3386665697999945,0.0761264809562533
294,294.0,0.0970322544229367,0.0714428311122085,0.0746324434857706,0.1829888413810234,0.0851791633927112,0.0724789453120736,0.3408886710257927,0.0753568498674835
295,295.0,0.0969344041040561,0.0717123783978118,0.0737721796955599,0.182063087177829,0.0859183033317245,0.0715855312995353,0.3433982739289825,0.074615842064501
296,296.0,0.0987477366261803,0.0709445315234511,0.0728828194398198,0.1807951237981537,0.0865504205388229,0.0708552569433215,0.3453746887649869,0.0738494223652638
297,297.0,0.100120734978555,0.0700534673137353,0.0718785602095141,0.1797897306801137,0.0877894381728608,0.0706770164896444,0.3467278217237144,0.0729632304318623
298,298.0,0.101380187439512,0.0691936302241701,0.0709189699928335,0.178949676876384,0.0889617075857972,0.0705304739667437,0.3479486094166971,0.0721167444978624
299,299.0,0.1019163300050895,0.0683819621115339,0.0700207683367056,0.1783520712845376,0.0900849234338527,0.0710919335231094,0.348825961936384,0.0713260493687874
300,300.0,0.1023114499881679,0.0675796675778794,0.0691448249339852,0.1776684624738798,0.0911100501316846,0.071559430126808,0.3500746153198111,0.070551499447784
301,301.0,0.1025693578504241,0.0667876552092153,0.0682883687979259,0.17684378272091,0.0918979806843986,0.0719328595346312,0.351883580578179,0.069796414624316
302,302.0,0.1026985019549929,0.0660087909228319,0.0674520938990873,0.1761535655188813,0.0925763709954822,0.0722145684939326,0.3538424165409529,0.0690536916738387
303,303.0,0.1020928861135887,0.0652911115337816,0.0666836841025445,0.1758737421009976,0.0932034166780216,0.0725111841915486,0.3559732349494928,0.0683707403300245
304,304.0,0.1013392636117477,0.0645802522426095,0.065928396023703,0.1759508701970653,0.0936966777198736,0.0727042352148538,0.3581076526080899,0.0676926523820569
305,305.0,0.100511317208012,0.0639108482657601,0.0652221318052318,0.1759297014373747,0.094441487909273,0.0728828780508868,0.3600397101412951,0.0670619251821661
306,306.0,0.0995748044534212,0.0634104907829889,0.0650476854089042,0.176038269169611,0.0950579018860613,0.0729720118741027,0.3614431575375041,0.0664556788874063
307,307.0,0.098596337381086,0.0629511723595451,0.0649155742062542,0.1765326258570535,0.0955695033593105,0.0730432058987283,0.3625032939038108,0.0658882870342113
308,308.0,0.0975892983522191,0.062535399320069,0.0648263195286927,0.1772335443466955,0.0959873421947773,0.0730994559325441,0.3633573043087883,0.0653713360162136
309,309.0,0.0966769158907916,0.0621620142701305,0.0647754884779773,0.1777078685588685,0.0963148393904042,0.0731406320233797,0.3643179689797507,0.0649042724086973
310,310.0,0.0957528349329496,0.0618263259952316,0.0647538611825816,0.1783945521688195,0.0964008380379736,0.0726635442308976,0.3657332905405727,0.0644747529109734
311,311.0,0.0947691264735784,0.0614986859857599,0.0648326235772474,0.1790709839069024,0.0963705930408721,0.0721237784642695,0.3672783341315244,0.0640558744198455
312,312.0,0.0935868853275368,0.061104149323646,0.0648092340086956,0.1806381908455478,0.0964605170093209,0.0715788807050515,0.3682489781162582,0.0635731646639426
313,313.0,0.0922426859367651,0.0610905205734111,0.0648180429814043,0.1828096561538212,0.0962382821393983,0.0709243560058319,0.3688364128317579,0.0630400433776097
314,314.0,0.0909358272673558,0.0611097540415738,0.0648433660212226,0.1849680557549209,0.0959648572875616,0.0702766510554005,0.3693535669228464,0.0625479216491179
315,315.0,0.0896542073840145,0.0611531271162515,0.064882097985549,0.1873691714375769,0.0956325692359585,0.06963769095165,0.369571759188751,0.062099376700248
316,316.0,0.0872855394035762,0.0613203144119879,0.0645805627688289,0.1891072525273697,0.0954806365483782,0.0691155633018773,0.3713324555506058,0.0617776754873756
317,317.0,0.0849970009617323,0.0615140861858498,0.0642976983220476,0.190725229302574,0.0952997873388881,0.0686174422899817,0.3730514087424101,0.061497346856516
318,318.0,0.0827836112033843,0.0617230457063548,0.0640274220717996,0.1920477920156077,0.0950746006810742,0.0681389127416027,0.3749548222501332,0.0612497933300429
319,319.0,0.0805902663041867,0.0618747467050355,0.0637000894801937,0.1931624178385074,0.0946155842272911,0.0676137714775642,0.3774761903400189,0.0609669336272021
320,320.0,0.0784168841178958,0.0619340505386021,0.0633055076566767,0.1952017151694856,0.0939179039008486,0.0670152076912925,0.3795726958822218,0.0606360350429764
321,321.0,0.0763942350117713,0.061911494847522,0.0628591612799526,0.1969941968092794,0.0936799116895377,0.0663574596203278,0.3815372440360864,0.0602662967055222
322,322.0,0.0744227379215774,0.0618150306706904,0.0623704992022444,0.1983146361619411,0.0932172026624194,0.0656525103009127,0.3839424767025124,0.0602649063777017
323,323.0,0.0725114727620714,0.0616482688131565,0.0618422856960598,0.1995034282713218,0.0925551949924536,0.0649073328278299,0.3862268701552409,0.0608051464818656
324,324.0,0.0706712430372252,0.0614183543508098,0.061282376102835,0.2005701489979078,0.0922747866087398,0.0641317982026595,0.3883876305626839,0.0612636621371384
325,325.0,0.0689533364684966,0.0611878171549217,0.0607404102513853,0.2015338021544818,0.0919819127091929,0.0633905622309944,0.3904849346058185,0.0617272244247082
326,326.0,0.0673695105349339,0.0609632528251173,0.06022486070646,0.2024297234508952,0.091128658820671,0.0623223305711154,0.3933695535121856,0.062192109578621
327,327.0,0.0658727958845505,0.0606881037021172,0.0596940192339858,0.203132902315504,0.0904881808153307,0.0612579488602523,0.396299386124913,0.0625666630633461
328,328.0,0.064472580046056,0.0603703428152511,0.0591543161872865,0.203466903948484,0.0902128923244953,0.0602090976343673,0.3992586929125541,0.0628551741315053
329,329.0,0.0631659192519011,0.060014016376947,0.0586097971516477,0.2036394204598857,0.089788479634986,0.0591808551143888,0.4025411008260526,0.0630604111841906
330,330.0,0.0620692281463635,0.0596463761759631,0.0580865503587745,0.2037298020897186,0.0893383478033972,0.0582016322727345,0.4055807587706171,0.0633473043824312
331,331.0,0.0610745999917829,0.0592526425871263,0.0575684197830171,0.2036084366206422,0.0892239320333016,0.0572570853643773,0.4084587952434801,0.063556088376272
332,332.0,0.0600887138474914,0.0588377658203636,0.0570587999334411,0.2034851327065122,0.0889804350859405,0.0563519436655474,0.4113920080240204,0.0638052009166831
333,333.0,0.0591957016609039,0.0584047810024509,0.0565620536178266,0.2032436399908669,0.0886133222898893,0.0554894414618873,0.4145065460116943,0.0639845139644806
334,334.0,0.0583865821927687,0.0579526058146099,0.0560704048956189,0.2027818347808236,0.0881273402375195,0.0546661216129917,0.4179268104264056,0.0640883000392618
335,335.0,0.0576584836484856,0.0574855721936323,0.0555863188136651,0.2026634285677884,0.0875341378603928,0.0538845147370353,0.4210672708718744,0.0641202733071258
336,336.0,0.0570353260559565,0.0570385914777511,0.0552325390990024,0.2023130316401954,0.0869564012531862,0.0531706196547952,0.4241246864494687,0.0641288043696442
337,337.0,0.0564973147896335,0.0565990761649826,0.0548950703098276,0.2019969420464028,0.0863115522942147,0.0525097694554342,0.427103782145408,0.0640864927940962
338,338.0,0.0560486879576938,0.0561710019988972,0.0545876794769533,0.2017969789110203,0.0856764233889615,0.0519112630637051,0.4297908702381601,0.0640170949646084
339,339.0,0.0556835753466759,0.0557562417276339,0.0543095624551642,0.2013974277840411,0.0852302017755765,0.0513739697604564,0.4323261792429634,0.0639228419074884
340,340.0,0.0555106478470632,0.0553551448426168,0.0540509801509139,0.2008638257081208,0.084730800624316,0.0508890622674954,0.4348087433941241,0.0637907951653495
341,341.0,0.0553988657084836,0.0549707526895322,0.0538151680734909,0.2003091591125246,0.0841833956703298,0.0504558736701596,0.4372414251844603,0.0636253598910189
342,342.0,0.0553472917404659,0.0546071579138226,0.0536042766854793,0.199676560756758,0.0836760673040477,0.0500755070766894,0.4395801244589289,0.063433014063808
343,343.0,0.0553424884384976,0.0545081286031864,0.0534106197121595,0.1989626766500319,0.0831196085889667,0.0497390565361484,0.4417136788369699,0.0632037426340393
344,344.0,0.0553839948021123,0.0544167928136818,0.0532391973061896,0.1982949057821627,0.082589682366117,0.049451628879275,0.4436633694184711,0.0629604286319902
345,345.0,0.0554833406955036,0.0543560399903631,0.0531007379825955,0.1976100149423087,0.0819483049021923,0.0493414728894938,0.4454361131865294,0.0627239754110132
346,346.0,0.0556173269551844,0.0543154761803702,0.0529830839436233,0.1968858250660906,0.0813366697828469,0.0492759650482177,0.4471035149854907,0.0624821380381761
347,347.0,0.0557797955209218,0.054462352459252,0.0528845397771763,0.1960477217062258,0.0807565484276134,0.0492506140037508,0.4485815809907578,0.0622368471143018
348,348.0,0.0559649450074411,0.0546204738112122,0.0528034035386411,0.1954512742285166,0.0802092479745962,0.0492609889176012,0.4496997727546005,0.0619898937673909
349,349.0,0.0561667192495194,0.0547735132599672,0.0527346186834748,0.1949098299164098,0.0796916454031254,0.0492993920375585,0.4506908191635126,0.0617334622864321
350,350.0,0.0563858856722522,0.0549228821959072,0.0526812304383942,0.194881621810512,0.0786062017222497,0.0493676440699702,0.4516668653458461,0.061487668744868
351,351.0,0.0566027340066979,0.0550546583529728,0.0526305835546908,0.1948129941582128,0.0777096953986945,0.049449328801062,0.452507740231687,0.0612322654959818
352,352.0,0.0568134623171892,0.0551674102729379,0.0525815666759934,0.1949749523179866,0.0768425115785424,0.0495410407821851,0.4531099391321579,0.0609691169230072
353,353.0,0.0570128735403862,0.0552569043563668,0.0525288370889052,0.1950566203328882,0.0759657559581964,0.0496352868617877,0.4537713367612973,0.0607723851001719
354,354.0,0.0572085089223224,0.0554574845893297,0.0524845082744619,0.194914955319067,0.0751360189819798,0.0497421809221271,0.454383860458736,0.0606724825319758
355,355.0,0.0568531368813627,0.0550977424754775,0.0520166649698065,0.193999065647351,0.0738088461354277,0.0493143275341061,0.4588805387049844,0.0600296776514837
356,356.0,0.0564281058431108,0.0546599083864337,0.0514919705613336,0.1930825287485762,0.0727418764250986,0.0488327545197226,0.4634454747988531,0.0593173807168711
357,357.0,0.0559469279142299,0.0541567722830202,0.0509216209952489,0.1920464096565958,0.0716279000144897,0.0483081026633,0.4684406246359016,0.0585516418372136
358,358.0,0.0554525052517027,0.0536337712484768,0.0503509501025523,0.1912824087052162,0.0705145306742444,0.0477851769190327,0.4731168222174398,0.0578638348813347
359,359.0,0.0549247578330681,0.0530688150140514,0.049756249598385,0.1907076547425213,0.0700128818523227,0.0472409257668662,0.4771357105519569,0.0571530046408281
360,360.0,0.0544080273820398,0.0525150188711885,0.0491816715762489,0.190029139855941,0.0695766824291796,0.0467190037232881,0.4811025165771315,0.0564679395849822
361,361.0,0.0539142814115117,0.0530960063016567,0.0486389197874479,0.1892414372892008,0.0692561089634419,0.0462306401031024,0.4837929065517626,0.0558296995918756
362,362.0,0.0532924359331184,0.053231922193775,0.0479746262948714,0.1887658517967483,0.0695755415314785,0.0456220182139545,0.4864661812181631,0.0550714228178905
363,363.0,0.0525746484011832,0.0540647890792761,0.0472118611346416,0.1883618892847219,0.0699448865576069,0.0449193652886079,0.4887097429018387,0.0542128173521233
364,364.0,0.0518465169767978,0.054856223117605,0.046450286006632,0.1882243446419426,0.0702933206259937,0.0442171259631619,0.4907541074714004,0.0533580751964663
365,365.0,0.0511257122849767,0.0556090120288728,0.0457027469941579,0.18806357801049,0.0706285436577237,0.0435279244074337,0.4928252743796125,0.0525172082367323
366,366.0,0.0504315553776195,0.0563322713707766,0.0449881719164792,0.1879393747035477,0.070935186636493,0.042870372575563,0.4948014973033245,0.0517015701161962
367,367.0,0.0497527063792337,0.0570060420398589,0.0442977286493369,0.1877518598850487,0.0712127932508882,0.0422342908729978,0.4968371202298891,0.0509074586927465
368,368.0,0.0490871264188438,0.0577242723883994,0.0436267171628703,0.1879915181425407,0.0714577280360039,0.0416169050267826,0.4983587045861253,0.0501370282384336
369,369.0,0.0484418392316379,0.0583841900764715,0.0429827081923709,0.1882338890720586,0.071669982233774,0.0410245170933337,0.5001456856123665,0.0491171884879867
370,370.0,0.0478292073121726,0.0589929141540556,0.0423775198375933,0.1888226860836492,0.071829646151155,0.0404687876057071,0.5015386241339311,0.0481406147217359
371,371.0,0.0472508947138551,0.0596282313761646,0.0418122615363808,0.1888726622343739,0.0719368037861488,0.039950703565333,0.5033372890066109,0.0472111537811325
372,372.0,0.0467116730797898,0.0602098173587612,0.0412900947887457,0.1890684492419398,0.0720383227670491,0.0394743888917723,0.5048697288703149,0.0463375250016269
373,373.0,0.0462015548069345,0.0607266094885874,0.0407999564902061,0.1892981225281226,0.0721066479021791,0.0390276589873101,0.5063318962736016,0.0455075535230582
374,374.0,0.0457217909286792,0.0611788871492936,0.0403426140801201,0.1895591136387809,0.0721430967058291,0.0386112410442155,0.5077195166917295,0.0447237397613519
375,375.0,0.0456459837964502,0.0615704063847469,0.039921657094125,0.1896578596117591,0.0721450892017849,0.0382276591808004,0.5087663872232976,0.0440649575070356
376,376.0,0.0455828679001157,0.0618988140384871,0.0395340647171988,0.1897223598428163,0.0724737155799021,0.037874334567149,0.5094516366332273,0.0434622067211033
