,Unnamed: 0,Total_iterations,Intertwine_two,Invert_path_vertices,Insert_inside_vertex,Delete_inside_vertex,Replace_inside_vertex,Donate_between_routes,Trim_one_terminal_cb,Grow_one_terminal_cb
0,0.0,0.0,0.125,0.125,0.125,0.125,0.125,0.125,0.125,0.125
1,1.0,1.0,0.125,0.125,0.125,0.125,0.125,0.125,0.125,0.125
2,2.0,2.0,0.125,0.125,0.125,0.125,0.125,0.125,0.125,0.125
3,3.0,3.0,0.125,0.125,0.125,0.125,0.125,0.125,0.125,0.125
4,4.0,4.0,0.125,0.125,0.125,0.125,0.125,0.125,0.125,0.125
5,5.0,5.0,0.125,0.125,0.125,0.125,0.125,0.125,0.125,0.125
6,6.0,6.0,0.125,0.125,0.125,0.125,0.125,0.125,0.125,0.125
7,7.0,7.0,0.125,0.125,0.125,0.125,0.125,0.125,0.125,0.125
8,8.0,8.0,0.125,0.125,0.125,0.125,0.125,0.125,0.125,0.125
9,9.0,9.0,0.125,0.125,0.125,0.125,0.125,0.125,0.125,0.125
10,10.0,10.0,0.125,0.125,0.125,0.125,0.125,0.125,0.125,0.125
11,11.0,11.0,0.125,0.125,0.125,0.125,0.125,0.125,0.125,0.125
12,12.0,12.0,0.125,0.125,0.125,0.125,0.125,0.125,0.125,0.125
13,13.0,13.0,0.125,0.125,0.125,0.125,0.125,0.125,0.125,0.125
14,14.0,14.0,0.125,0.125,0.125,0.125,0.125,0.125,0.125,0.125
15,15.0,15.0,0.125,0.125,0.125,0.125,0.125,0.125,0.125,0.125
16,16.0,16.0,0.125,0.125,0.125,0.125,0.125,0.125,0.125,0.125
17,17.0,17.0,0.125,0.125,0.125,0.125,0.125,0.125,0.125,0.125
18,18.0,18.0,0.125,0.125,0.125,0.125,0.125,0.125,0.125,0.125
19,19.0,19.0,0.125,0.125,0.125,0.125,0.125,0.125,0.125,0.125
20,20.0,20.0,0.125,0.125,0.125,0.125,0.125,0.125,0.125,0.125
21,21.0,21.0,0.125,0.125,0.125,0.125,0.125,0.125,0.125,0.125
22,22.0,22.0,0.125,0.125,0.125,0.125,0.125,0.125,0.125,0.125
23,23.0,23.0,0.125,0.125,0.125,0.125,0.125,0.125,0.125,0.125
24,24.0,24.0,0.125,0.125,0.125,0.125,0.125,0.125,0.125,0.125
25,25.0,25.0,0.125,0.125,0.125,0.125,0.125,0.125,0.125,0.125
26,26.0,26.0,0.125,0.125,0.125,0.125,0.125,0.125,0.125,0.125
27,27.0,27.0,0.125,0.125,0.125,0.125,0.125,0.125,0.125,0.125
28,28.0,28.0,0.125,0.125,0.125,0.125,0.125,0.125,0.125,0.125
29,29.0,29.0,0.125,0.125,0.125,0.125,0.125,0.125,0.125,0.125
30,30.0,30.0,0.125,0.125,0.125,0.125,0.125,0.125,0.125,0.125
31,31.0,31.0,0.125,0.125,0.125,0.125,0.125,0.125,0.125,0.125
32,32.0,32.0,0.125,0.125,0.125,0.125,0.125,0.125,0.125,0.125
33,33.0,33.0,0.125,0.125,0.125,0.125,0.125,0.125,0.125,0.125
34,34.0,34.0,0.125,0.125,0.125,0.125,0.125,0.125,0.125,0.125
35,35.0,35.0,0.125,0.125,0.125,0.125,0.125,0.125,0.125,0.125
36,36.0,36.0,0.125,0.125,0.125,0.125,0.125,0.125,0.125,0.125
37,37.0,37.0,0.125,0.125,0.125,0.125,0.125,0.125,0.125,0.125
38,38.0,38.0,0.125,0.125,0.125,0.125,0.125,0.125,0.125,0.125
39,39.0,39.0,0.125,0.125,0.125,0.125,0.125,0.125,0.125,0.125
40,40.0,40.0,0.125,0.125,0.125,0.125,0.125,0.125,0.125,0.125
41,41.0,41.0,0.125,0.125,0.125,0.125,0.125,0.125,0.125,0.125
42,42.0,42.0,0.125,0.125,0.125,0.125,0.125,0.125,0.125,0.125
43,43.0,43.0,0.125,0.125,0.125,0.125,0.125,0.125,0.125,0.125
44,44.0,44.0,0.125,0.125,0.125,0.125,0.125,0.125,0.125,0.125
45,45.0,45.0,0.125,0.125,0.125,0.125,0.125,0.125,0.125,0.125
46,46.0,46.0,0.125,0.125,0.125,0.125,0.125,0.125,0.125,0.125
47,47.0,47.0,0.125,0.125,0.125,0.125,0.125,0.125,0.125,0.125
48,48.0,48.0,0.125,0.125,0.125,0.125,0.125,0.125,0.125,0.125
49,49.0,49.0,0.125,0.125,0.125,0.125,0.125,0.125,0.125,0.125
50,50.0,50.0,0.125,0.125,0.125,0.125,0.125,0.125,0.125,0.125
51,51.0,51.0,0.125,0.125,0.125,0.125,0.125,0.125,0.125,0.125
52,52.0,52.0,0.125,0.125,0.125,0.125,0.125,0.125,0.125,0.125
53,53.0,53.0,0.125,0.125,0.125,0.125,0.125,0.125,0.125,0.125
54,54.0,54.0,0.125,0.125,0.125,0.125,0.125,0.125,0.125,0.125
55,55.0,55.0,0.125,0.125,0.125,0.125,0.125,0.125,0.125,0.125
56,56.0,56.0,0.125,0.125,0.125,0.125,0.125,0.125,0.125,0.125
57,57.0,57.0,0.125,0.125,0.125,0.125,0.125,0.125,0.125,0.125
58,58.0,58.0,0.125,0.125,0.125,0.125,0.125,0.125,0.125,0.125
59,59.0,59.0,0.125,0.125,0.125,0.125,0.125,0.125,0.125,0.125
60,60.0,60.0,0.125,0.125,0.125,0.125,0.125,0.125,0.125,0.125
61,61.0,61.0,0.125,0.125,0.125,0.125,0.125,0.125,0.125,0.125
62,62.0,62.0,0.125,0.125,0.125,0.125,0.125,0.125,0.125,0.125
63,63.0,63.0,0.125,0.125,0.125,0.125,0.125,0.125,0.125,0.125
64,64.0,64.0,0.125,0.125,0.125,0.125,0.125,0.125,0.125,0.125
65,65.0,65.0,0.125,0.125,0.125,0.125,0.125,0.125,0.125,0.125
66,66.0,66.0,0.125,0.125,0.125,0.125,0.125,0.125,0.125,0.125
67,67.0,67.0,0.125,0.125,0.125,0.125,0.125,0.125,0.125,0.125
68,68.0,68.0,0.125,0.125,0.125,0.125,0.125,0.125,0.125,0.125
69,69.0,69.0,0.125,0.125,0.125,0.125,0.125,0.125,0.125,0.125
70,70.0,70.0,0.125,0.125,0.125,0.125,0.125,0.125,0.125,0.125
71,71.0,71.0,0.125,0.125,0.125,0.125,0.125,0.125,0.125,0.125
72,72.0,72.0,0.125,0.125,0.125,0.125,0.125,0.125,0.125,0.125
73,73.0,73.0,0.125,0.125,0.125,0.125,0.125,0.125,0.125,0.125
74,74.0,74.1,0.125,0.125,0.125,0.125,0.125,0.125,0.125,0.125
75,75.0,75.1,0.125,0.125,0.125,0.125,0.125,0.125,0.125,0.125
76,76.0,76.1,0.125,0.125,0.125,0.125,0.125,0.125,0.125,0.125
77,77.0,77.1,0.125,0.125,0.125,0.125,0.125,0.125,0.125,0.125
78,78.0,78.1,0.125,0.125,0.125,0.125,0.125,0.125,0.125,0.125
79,79.0,79.1,0.125,0.125,0.125,0.125,0.125,0.125,0.125,0.125
80,80.0,80.1,0.125,0.125,0.125,0.125,0.125,0.125,0.125,0.125
81,81.0,81.1,0.125,0.125,0.125,0.125,0.125,0.125,0.125,0.125
82,82.0,82.1,0.125,0.125,0.125,0.125,0.125,0.125,0.125,0.125
83,83.0,83.1,0.125,0.125,0.125,0.125,0.125,0.125,0.125,0.125
84,84.0,84.1,0.125,0.125,0.125,0.125,0.125,0.125,0.125,0.125
85,85.0,85.1,0.125,0.125,0.125,0.125,0.125,0.125,0.125,0.125
86,86.0,86.1,0.125,0.125,0.125,0.125,0.125,0.125,0.125,0.125
87,87.0,87.1,0.125,0.125,0.125,0.125,0.125,0.125,0.125,0.125
88,88.0,88.1,0.125,0.125,0.125,0.125,0.125,0.125,0.125,0.125
89,89.0,89.1,0.125,0.125,0.125,0.125,0.125,0.125,0.125,0.125
90,90.0,90.1,0.125,0.125,0.125,0.125,0.125,0.125,0.125,0.125
91,91.0,91.1,0.125,0.125,0.125,0.125,0.125,0.125,0.125,0.125
92,92.0,92.1,0.125,0.125,0.125,0.125,0.125,0.125,0.125,0.125
93,93.0,93.1,0.125,0.125,0.125,0.125,0.125,0.125,0.125,0.125
94,94.0,94.2,0.125,0.125,0.125,0.125,0.125,0.125,0.125,0.125
95,95.0,95.2,0.125,0.125,0.125,0.125,0.125,0.125,0.125,0.125
96,96.0,96.2,0.125,0.125,0.125,0.125,0.125,0.125,0.125,0.125
97,97.0,97.2,0.125,0.125,0.125,0.125,0.125,0.125,0.125,0.125
98,98.0,98.2,0.125,0.125,0.125,0.125,0.125,0.125,0.125,0.125
99,99.0,99.2,0.125,0.125,0.125,0.125,0.125,0.125,0.125,0.125
100,100.0,100.2,0.125,0.125,0.125,0.125,0.125,0.125,0.125,0.125
101,101.0,101.2,0.125,0.125,0.125,0.125,0.125,0.125,0.125,0.125
102,102.0,102.2,0.125,0.125,0.125,0.125,0.125,0.125,0.125,0.125
103,103.0,103.2,0.125,0.125,0.125,0.125,0.125,0.125,0.125,0.125
104,104.0,104.2,0.125,0.125,0.125,0.125,0.125,0.125,0.125,0.125
105,105.0,105.2,0.125,0.125,0.125,0.125,0.125,0.125,0.125,0.125
106,106.0,106.2,0.125,0.125,0.125,0.125,0.125,0.125,0.125,0.125
107,107.0,107.2,0.125,0.125,0.125,0.125,0.125,0.125,0.125,0.125
108,108.0,108.2,0.125,0.125,0.125,0.125,0.125,0.125,0.125,0.125
109,109.0,109.2,0.125,0.125,0.125,0.125,0.125,0.125,0.125,0.125
110,110.0,110.2,0.125,0.125,0.125,0.125,0.125,0.125,0.125,0.125
111,111.0,111.2,0.125,0.125,0.125,0.125,0.125,0.125,0.125,0.125
112,112.0,112.2,0.125,0.125,0.125,0.125,0.125,0.125,0.125,0.125
113,113.0,113.2,0.125,0.125,0.125,0.125,0.125,0.125,0.125,0.125
114,114.0,114.2,0.125,0.125,0.125,0.125,0.125,0.125,0.125,0.125
115,115.0,115.2,0.125,0.125,0.125,0.125,0.125,0.125,0.125,0.125
116,116.0,116.2,0.125,0.125,0.125,0.125,0.125,0.125,0.125,0.125
117,117.0,117.2,0.125,0.125,0.125,0.125,0.125,0.125,0.125,0.125
118,118.0,118.2,0.125,0.125,0.125,0.125,0.125,0.125,0.125,0.125
119,119.0,119.2,0.125,0.125,0.125,0.125,0.125,0.125,0.125,0.125
120,120.0,120.2,0.125,0.125,0.125,0.125,0.125,0.125,0.125,0.125
121,121.0,121.2,0.125,0.125,0.125,0.125,0.125,0.125,0.125,0.125
122,122.0,122.2,0.125,0.125,0.125,0.125,0.125,0.125,0.125,0.125
123,123.0,123.2,0.125,0.125,0.125,0.125,0.125,0.125,0.125,0.125
124,124.0,124.2,0.125,0.125,0.125,0.125,0.125,0.125,0.125,0.125
125,125.0,125.2,0.125,0.125,0.125,0.125,0.125,0.125,0.125,0.125
126,126.0,126.2,0.125,0.125,0.125,0.125,0.125,0.125,0.125,0.125
127,127.0,127.2,0.125,0.125,0.125,0.125,0.125,0.125,0.125,0.125
128,128.0,128.2,0.125,0.125,0.125,0.125,0.125,0.125,0.125,0.125
129,129.0,129.2,0.125,0.125,0.125,0.125,0.125,0.125,0.125,0.125
130,130.0,130.2,0.125,0.125,0.125,0.125,0.125,0.125,0.125,0.125
131,131.0,131.2,0.125,0.125,0.125,0.125,0.125,0.125,0.125,0.125
132,132.0,132.2,0.125,0.125,0.125,0.125,0.125,0.125,0.125,0.125
133,133.0,133.2,0.125,0.125,0.125,0.125,0.125,0.125,0.125,0.125
134,134.0,134.2,0.125,0.125,0.125,0.125,0.125,0.125,0.125,0.125
135,135.0,135.2,0.125,0.125,0.125,0.125,0.125,0.125,0.125,0.125
136,136.0,136.2,0.125,0.125,0.125,0.125,0.125,0.125,0.125,0.125
137,137.0,137.2,0.125,0.125,0.125,0.125,0.125,0.125,0.125,0.125
138,138.0,138.2,0.125,0.125,0.125,0.125,0.125,0.125,0.125,0.125
139,139.0,139.2,0.125,0.125,0.125,0.125,0.125,0.125,0.125,0.125
140,140.0,140.2,0.125,0.125,0.125,0.125,0.125,0.125,0.125,0.125
141,141.0,141.2,0.125,0.125,0.125,0.125,0.125,0.125,0.125,0.125
142,142.0,142.2,0.125,0.125,0.125,0.125,0.125,0.125,0.125,0.125
143,143.0,143.2,0.125,0.125,0.125,0.125,0.125,0.125,0.125,0.125
144,144.0,144.2,0.125,0.125,0.125,0.125,0.125,0.125,0.125,0.125
145,145.0,145.2,0.125,0.125,0.125,0.125,0.125,0.125,0.125,0.125
146,146.0,146.2,0.125,0.125,0.125,0.125,0.125,0.125,0.125,0.125
147,147.0,147.2,0.125,0.125,0.125,0.125,0.125,0.125,0.125,0.125
148,148.0,148.2,0.125,0.125,0.125,0.125,0.125,0.125,0.125,0.125
149,149.0,149.2,0.125,0.125,0.125,0.125,0.125,0.125,0.125,0.125
150,150.0,150.2,0.125,0.125,0.125,0.125,0.125,0.125,0.125,0.125
151,151.0,151.2,0.125,0.125,0.125,0.125,0.125,0.125,0.125,0.125
152,152.0,152.2,0.125,0.125,0.125,0.125,0.125,0.125,0.125,0.125
153,153.0,153.2,0.125,0.125,0.125,0.125,0.125,0.125,0.125,0.125
154,154.0,154.2,0.125,0.125,0.125,0.125,0.125,0.125,0.125,0.125
155,155.0,155.2,0.125,0.125,0.125,0.125,0.125,0.125,0.125,0.125
156,156.0,156.2,0.125,0.125,0.125,0.125,0.125,0.125,0.125,0.125
157,157.0,157.2,0.125,0.125,0.125,0.125,0.125,0.125,0.125,0.125
158,158.0,158.2,0.125,0.125,0.125,0.125,0.125,0.125,0.125,0.125
159,159.0,159.2,0.125,0.125,0.125,0.125,0.125,0.125,0.125,0.125
160,160.0,160.2,0.125,0.125,0.125,0.125,0.125,0.125,0.125,0.125
161,161.0,161.2,0.125,0.125,0.125,0.125,0.125,0.125,0.125,0.125
162,162.0,162.2,0.125,0.125,0.125,0.125,0.125,0.125,0.125,0.125
163,163.0,163.2,0.125,0.125,0.125,0.125,0.125,0.125,0.125,0.125
164,164.0,164.2,0.125,0.125,0.125,0.125,0.125,0.125,0.125,0.125
165,165.0,165.2,0.125,0.125,0.125,0.125,0.125,0.125,0.125,0.125
166,166.0,166.2,0.125,0.125,0.125,0.125,0.125,0.125,0.125,0.125
167,167.0,167.2,0.125,0.125,0.125,0.125,0.125,0.125,0.125,0.125
168,168.0,168.2,0.125,0.125,0.125,0.125,0.125,0.125,0.125,0.125
169,169.0,169.2,0.125,0.125,0.125,0.125,0.125,0.125,0.125,0.125
170,170.0,170.2,0.125,0.125,0.125,0.125,0.125,0.125,0.125,0.125
171,171.0,171.2,0.125,0.125,0.125,0.125,0.125,0.125,0.125,0.125
172,172.0,172.2,0.125,0.125,0.125,0.125,0.125,0.125,0.125,0.125
173,173.0,173.2,0.125,0.125,0.125,0.125,0.125,0.125,0.125,0.125
174,174.0,174.2,0.125,0.125,0.125,0.125,0.125,0.125,0.125,0.125
175,175.0,175.2,0.125,0.125,0.125,0.125,0.125,0.125,0.125,0.125
176,176.0,176.2,0.125,0.125,0.125,0.125,0.125,0.125,0.125,0.125
177,177.0,177.2,0.125,0.125,0.125,0.125,0.125,0.125,0.125,0.125
178,178.0,178.2,0.125,0.125,0.125,0.125,0.125,0.125,0.125,0.125
179,179.0,179.2,0.125,0.125,0.125,0.125,0.125,0.125,0.125,0.125
180,180.0,180.2,0.125,0.125,0.125,0.125,0.125,0.125,0.125,0.125
181,181.0,181.2,0.125,0.125,0.125,0.125,0.125,0.125,0.125,0.125
182,182.0,182.2,0.125,0.125,0.125,0.125,0.125,0.125,0.125,0.125
183,183.0,183.2,0.125,0.125,0.125,0.125,0.125,0.125,0.125,0.125
184,184.0,184.2,0.125,0.125,0.125,0.125,0.125,0.125,0.125,0.125
185,185.0,185.2,0.125,0.125,0.125,0.125,0.125,0.125,0.125,0.125
186,186.0,186.2,0.125,0.125,0.125,0.125,0.125,0.125,0.125,0.125
187,187.0,187.2,0.125,0.125,0.125,0.125,0.125,0.125,0.125,0.125
188,188.0,188.2,0.125,0.125,0.125,0.125,0.125,0.125,0.125,0.125
189,189.0,189.2,0.125,0.125,0.125,0.125,0.125,0.125,0.125,0.125
190,190.0,190.2,0.125,0.125,0.125,0.125,0.125,0.125,0.125,0.125
191,191.0,191.2,0.125,0.125,0.125,0.125,0.125,0.125,0.125,0.125
192,192.0,192.2,0.125,0.125,0.125,0.125,0.125,0.125,0.125,0.125
193,193.0,193.2,0.125,0.125,0.125,0.125,0.125,0.125,0.125,0.125
194,194.0,194.2,0.125,0.125,0.125,0.125,0.125,0.125,0.125,0.125
195,195.0,195.2,0.125,0.125,0.125,0.125,0.125,0.125,0.125,0.125
196,196.0,196.2,0.125,0.125,0.125,0.125,0.125,0.125,0.125,0.125
197,197.0,197.2,0.125,0.125,0.125,0.125,0.125,0.125,0.125,0.125
198,198.0,198.2,0.125,0.125,0.125,0.125,0.125,0.125,0.125,0.125
199,199.0,199.2,0.125,0.125,0.125,0.125,0.125,0.125,0.125,0.125
200,200.0,200.2,0.12111111111111113,0.12111111111111113,0.1322222222222222,0.12111111111111113,0.12111111111111113,0.12111111111111113,0.1411111111111111,0.12111111111111113
201,201.0,201.2,0.1297222222222222,0.11861111111111111,0.12861111111111112,0.11861111111111111,0.11861111111111111,0.11861111111111111,0.1486111111111111,0.11861111111111111
202,202.0,202.2,0.1265909090909091,0.1265909090909091,0.12659090909090912,0.1165909090909091,0.12568181818181817,0.1165909090909091,0.14477272727272728,0.1165909090909091
203,203.0,203.2,0.12492424242424242,0.13325757575757574,0.12401515151515152,0.11492424242424241,0.12325757575757575,0.11492424242424241,0.14977272727272728,0.11492424242424241
204,204.0,204.2,0.12352564102564104,0.13121794871794873,0.12185897435897435,0.11352564102564103,0.1212179487179487,0.11352564102564103,0.1616025641025641,0.11352564102564103
205,205.0,205.2,0.11233516483516484,0.12947802197802197,0.12002747252747252,0.13002747252747252,0.11947802197802197,0.11233516483516484,0.16398351648351647,0.11233516483516484
206,206.0,206.2,0.11233516483516484,0.12947802197802197,0.12002747252747252,0.13002747252747252,0.11947802197802197,0.11233516483516484,0.16398351648351647,0.11233516483516484
207,207.0,207.2,0.11947802197802197,0.12233516483516482,0.12002747252747252,0.13002747252747252,0.11947802197802197,0.11233516483516484,0.16398351648351647,0.11233516483516484
208,208.0,208.2,0.11947802197802197,0.11233516483516484,0.12002747252747252,0.13002747252747252,0.11947802197802197,0.11233516483516484,0.16398351648351647,0.12233516483516482
209,209.0,209.2,0.1176165501165501,0.1176165501165501,0.11864219114219113,0.12773310023310022,0.1176165501165501,0.12004079254079254,0.16069347319347319,0.12004079254079254
210,210.0,210.2,0.11602564102564102,0.12435897435897433,0.1174679487179487,0.12580128205128202,0.11602564102564102,0.11810897435897434,0.1641025641025641,0.11810897435897434
211,211.0,211.2,0.11538461538461538,0.12307692307692306,0.11682692307692306,0.12451923076923074,0.11538461538461538,0.11682692307692306,0.16346153846153846,0.12451923076923074
212,212.0,212.2,0.10964192812018898,0.1124369591760896,0.10673640972554015,0.11387926686839729,0.10529410203323246,0.11332981631894674,0.16448213622126664,0.17419938153633804
213,213.0,213.2,0.11575396825396825,0.1049206349206349,0.10539682539682538,0.11873015873015871,0.09825396825396823,0.11158730158730157,0.17126984126984127,0.17408730158730157
214,214.0,214.2,0.1154206349206349,0.10475396825396825,0.1052301587301587,0.11856349206349207,0.09808730158730157,0.11142063492063492,0.17110317460317462,0.17542063492063492
215,215.0,215.2,0.11463675213675213,0.1041239316239316,0.1041239316239316,0.11745726495726494,0.09745726495726492,0.11079059829059827,0.1752350427350427,0.17617521367521366
216,216.0,216.2,0.1008867521367521,0.10370726495726494,0.10329059829059828,0.12995726495726495,0.09704059829059827,0.11037393162393161,0.17898504273504273,0.175758547008547
217,217.0,217.2,0.10047008547008547,0.10329059829059828,0.10287393162393162,0.13495726495726496,0.09662393162393161,0.10995726495726496,0.17648504273504273,0.17534188034188034
218,218.0,218.2,0.09931812468577174,0.1017219708396179,0.10135432378079437,0.13738373554550024,0.09547197083961789,0.10797197083961789,0.17717131724484664,0.17960658622423326
219,219.0,219.2,0.10417923579688285,0.10065987933634993,0.10065987933634993,0.14052916038210156,0.09477752639517344,0.10654223227752638,0.17484288587229763,0.17780920060331823
220,220.0,220.2,0.10326764308962448,0.09971388690428937,0.09415833134873382,0.14364233547670077,0.09415833134873382,0.10526944245984493,0.18358041597205682,0.17620961340001587
221,221.0,221.2,0.10106004075044321,0.09747704479902622,0.09221388690428936,0.14503122436558968,0.09221388690428936,0.10274020269376305,0.19587573760948374,0.17338797597311528
222,222.0,222.2,0.10097744360902254,0.09671679197994985,0.09145363408521301,0.1474269005847953,0.09145363408521301,0.10197994987468668,0.2103675856307435,0.15962406015037595
223,223.0,223.2,0.09824656337814233,0.088939204070783,0.088939204070783,0.14859212425001897,0.088939204070783,0.09946551986025667,0.22450539226855018,0.16237278803068275
224,224.0,224.2,0.10687229437229437,0.08756493506493504,0.08756493506493504,0.14616522366522366,0.08756493506493504,0.09756493506493505,0.2217568542568543,0.16494588744588745
225,225.0,225.2,0.10400413913571807,0.08560587073744967,0.08560587073744967,0.15195469734943415,0.08560587073744967,0.09560587073744967,0.2286308574466469,0.16298682311840204
226,226.0,226.2,0.10118954716780804,0.08374648298561341,0.0914387906779211,0.14793982587460847,0.08809430907256993,0.0937464829856134,0.2327171258692998,0.1611274353665658
227,227.0,227.2,0.10644993894993895,0.08213675213675212,0.08927960927960926,0.14439865689865689,0.09344627594627594,0.09213675213675213,0.23263431013431016,0.1595177045177045
228,228.0,228.2,0.10377561327561327,0.08072799422799422,0.08739466089466089,0.1569357864357864,0.09139466089466089,0.09072799422799421,0.23093434343434344,0.15810894660894662
229,229.0,229.2,0.1016882123089217,0.07974682036752971,0.08599682036752972,0.16511124522566167,0.09609297421368357,0.08500997826226657,0.2279103870322406,0.15844356222216632
230,230.0,230.2,0.100854505544908,0.07905556374596619,0.08493791668714265,0.16251171228725406,0.09452397333202282,0.08431872164070305,0.23016294822022373,0.16363465854177928
231,231.0,231.2,0.09901315789473683,0.07817982456140349,0.08373538011695905,0.16579991645781117,0.09286236424394316,0.0889985380116959,0.22897869674185464,0.16243212197159568
232,232.0,232.2,0.09694168907732481,0.07696680257099814,0.08722996046573497,0.16604001298038876,0.09682374716371726,0.08722996046573497,0.2291569144294136,0.15961091284668738
233,233.0,233.2,0.09507631257631255,0.0806318681318681,0.0856318681318681,0.16121794871794867,0.09475885225885224,0.09118742368742368,0.22943528693528698,0.16206043956043953
234,234.0,234.2,0.09338707023341995,0.07941849777588315,0.08418040253778791,0.16684686831121465,0.09288581710058788,0.08944356043252476,0.22978725120066373,0.16405053240791778
235,235.0,235.2,0.09204725829725828,0.07870580808080807,0.08325126262626262,0.1633297258297258,0.09637626262626262,0.08825126262626262,0.23513347763347764,0.1629049422799423
236,236.0,236.2,0.090822797475721,0.07805223470515822,0.08674788687907127,0.17133903286452007,0.09475654488772926,0.08716196555401952,0.2292634256464841,0.16185611198729638
237,237.0,237.2,0.0900585042976347,0.07772084195997238,0.08641649413388543,0.17401107346759517,0.09399225170964298,0.08661412259238346,0.2296619925967752,0.1615247192421105
238,238.0,238.2,0.08957454225687042,0.07784858705265436,0.08178233446466263,0.18116000214527564,0.0935082896688787,0.09089206531352392,0.22726136844299538,0.15797281065513882
239,239.0,239.2,0.08907903246937773,0.07722575360842623,0.08137595123688471,0.17845432309946374,0.093012779881386,0.09026923186929578,0.2295532969446013,0.16102963089056438
240,240.0,240.2,0.08827279001192044,0.07686586360499402,0.08101606123345251,0.18002838948491118,0.09220653742392872,0.08954702302528388,0.23139359432837686,0.16066974088713215
241,241.0,241.2,0.08752493329347548,0.07653070529924748,0.08068090292770598,0.18022378885678117,0.09145868070548376,0.08887853138620401,0.23436787494971636,0.1603345825813856
242,242.0,242.2,0.08663158260984345,0.07582249353988482,0.08017031962684133,0.1809001225305573,0.09056533002185173,0.09170878116530287,0.2327059991190426,0.16149537138667572
243,243.0,243.2,0.09294431731502668,0.08290533096025085,0.08326764980083054,0.1798182049326214,0.09330663615560637,0.09419760149165181,0.23473705398762607,0.13882320535638612
244,244.0,244.2,0.09230575017645955,0.08219798075290065,0.08289363292681369,0.18058204019645663,0.09266806901703925,0.09326009255414287,0.2387933960439681,0.1372990383322191
245,245.0,245.2,0.09164749312800284,0.08539196704489055,0.08254915768034207,0.17759882619327894,0.09200981196858256,0.09239231302574628,0.242378944796486,0.13603148616267052
246,246.0,246.2,0.09110333665825655,0.08514179819671809,0.0822989888321696,0.1778816327328913,0.09146565549883626,0.09179731659136692,0.24467220168593168,0.1356390698038295
247,247.0,247.2,0.09065880479358307,0.08497329570524155,0.08213048634069306,0.1793614386599828,0.09102112363416277,0.0913062334547291,0.25341138343258784,0.12713723397901966
248,248.0,248.2,0.09054266077500003,0.0810690698497962,0.08207241433140154,0.18110359893872846,0.09090497961557972,0.09124816144543758,0.25213379922817436,0.130925315815882
249,249.0,249.2,0.09022199227807694,0.08051887205357636,0.08180711682008199,0.18160124037884237,0.09058431111865664,0.09084041379166788,0.2488688539191654,0.13555719963993226
250,250.0,250.2,0.08984445516140939,0.07987678467235854,0.08106726086283475,0.17950195882303904,0.09341588373283796,0.09014944212243535,0.252513277128806,0.13363093749627883
251,251.0,251.2,0.08984445516140939,0.07987678467235854,0.08106726086283475,0.17950195882303904,0.09341588373283796,0.09014944212243535,0.252513277128806,0.13363093749627883
252,252.0,252.2,0.0875742447516641,0.07636072708653352,0.08112263184843829,0.18433307731694826,0.09114567332309267,0.0902048131080389,0.25611239119303636,0.1331464413722478
253,253.0,253.2,0.08735220709939388,0.0761386894342633,0.08056726086283474,0.18283529215637243,0.09059030233748912,0.08981610878910203,0.26249777325283696,0.13020236606770738
254,254.0,254.2,0.08866065833807768,0.07668956491537135,0.08081044403625047,0.1844621149459859,0.09083348551090485,0.09021313811636392,0.2615136565943017,0.12681693754274398
255,255.0,255.2,0.09535718448582334,0.07964631232333827,0.07964631232333827,0.182834819477227,0.08980162893026777,0.08562002797447327,0.26482319258676457,0.12227052189876735
256,256.0,256.2,0.0949862530332376,0.07901083060620226,0.07901083060620226,0.1823869075446915,0.0926053006522852,0.08511682138961241,0.26641259823237384,0.12047045793539479
257,257.0,257.2,0.09488462857862387,0.07890920615158853,0.07890920615158853,0.18135176207932427,0.09482925759302033,0.08501519693499866,0.2658335334846883,0.12026720902616736
258,258.0,258.2,0.09165882212701096,0.07890920615158853,0.07890920615158853,0.18457756853093715,0.09482925759302033,0.08501519693499866,0.2658335334846883,0.12026720902616736
259,259.0,259.2,0.0902170791155005,0.08857857425118919,0.07746746314007807,0.1828187007836973,0.0933346604588883,0.08357345392348822,0.26523745643512286,0.11877261189203536
260,260.0,260.2,0.09905546295388436,0.08630584697846191,0.07630584697846192,0.18135405431905088,0.09212253924676708,0.08241183776187207,0.26488392108158754,0.11756049067991414
261,261.0,261.2,0.09876121463077983,0.0861124051069703,0.0761124051069703,0.17918564527260178,0.0916791752933057,0.08504097653554174,0.26365985162180816,0.11944832643202205
262,262.0,262.2,0.10192035365287644,0.0791930809256037,0.07660048833301111,0.18341842554608512,0.0849312041105354,0.08501799675051952,0.2706229664740302,0.11829548420733829
263,263.0,263.2,0.10129310613134142,0.07874408652349826,0.07588694366635539,0.18538009648303766,0.08398490507314033,0.087021397447868,0.27124431995020226,0.11644514472455647
264,264.0,264.2,0.09095594559662944,0.08840692598878629,0.07530347771292421,0.18822933771209632,0.08334979968999091,0.08656108420379645,0.27239104837337236,0.11480238072240387
265,265.0,265.2,0.08769815017076679,0.08809030703351187,0.07475697370017854,0.1918167854232763,0.08275426917009064,0.08612952271978638,0.27203945840051313,0.11671453338187616
266,266.0,266.2,0.08737592472886588,0.08785211520505634,0.07451878187172303,0.192272498743087,0.08219385189973424,0.08547116282410397,0.2696581196581197,0.12065754506930974
267,267.0,267.2,0.08707196029776673,0.08762751585332228,0.07407912875654808,0.1933705541770058,0.08166528811690099,0.08474221119382407,0.2731541218637993,0.11828921974083259
268,268.0,268.2,0.08664090787378978,0.0872715385044204,0.07352153850442039,0.19159755921472293,0.0841403492658818,0.0839100520179339,0.2762697409064573,0.11664831371237334
269,269.0,269.2,0.08642877916116455,0.08713053354712945,0.07338053354712945,0.19424668301578316,0.08382215619694396,0.08341342828397155,0.27517539929573037,0.11640248695214739
270,270.0,270.2,0.08612567987567984,0.08689491064491062,0.0731449106449106,0.1971746309246309,0.08321629759129756,0.08284042346542345,0.27372717560217563,0.11687597125097123
271,271.0,271.2,0.08577561327561325,0.08660894660894658,0.07266955266955263,0.196002886002886,0.08248556998556997,0.0846392496392496,0.2733694083694084,0.1184487734487734
272,272.0,272.2,0.08544408061586946,0.0863383895589589,0.07222074250013535,0.19855257246633823,0.08179435371612367,0.08391371237101054,0.27475276437256346,0.11698338439900018
273,273.0,273.2,0.08521365494996323,0.08616603590234419,0.07188032161662991,0.1990320475107493,0.08139157439360276,0.08330889304520132,0.27640146758808015,0.11660600499342891
274,274.0,274.2,0.08496185769012635,0.08596960962811082,0.07152516518366639,0.19890783353152058,0.08097581839200005,0.08270087577798163,0.2787455168639522,0.11621332293264168
275,275.0,275.2,0.08475282578223751,0.08581343184284358,0.07121883724824897,0.199779718603248,0.08061060869884396,0.08215249818190991,0.279803003920651,0.11586907572201685
276,276.0,276.2,0.08452204120071956,0.08563315231183066,0.0708963102065675,0.19961974205845695,0.08317204937770332,0.08159806459253241,0.28199143390459436,0.1125672063475951
277,277.0,277.2,0.08421722377615397,0.09648775517712015,0.07050484919421415,0.2005429141744855,0.08247290451430314,0.08098422489098114,0.2706358639774996,0.11415426429524218
278,278.0,278.2,0.08400578995872898,0.09632257482870532,0.07021146371759422,0.20034805579883114,0.08212551302526055,0.08047742116440273,0.27268660667777145,0.11382257482870535
279,279.0,279.2,0.08380311169183118,0.09616422280294228,0.06993116047231897,0.20259811749903217,0.08179273132017031,0.07999213608207507,0.27221447928765,0.11350404084397984
280,280.0,280.2,0.08360864480302417,0.09601227292093799,0.06966306657173164,0.2052137609983043,0.0814736369537306,0.07952701214996294,0.27177993097196845,0.11272167463033973
281,281.0,281.2,0.08542189010456076,0.0958663345490052,0.06940638622859176,0.2029801757798757,0.08349296631517185,0.07908080483324292,0.271379687995592,0.11237175419395973
282,282.0,282.2,0.0871639573966176,0.09572604889988558,0.06916039233422899,0.20469249119819793,0.08314592684654139,0.07865237094385466,0.2694235088879514,0.11203530349272224
283,283.0,283.2,0.08699990573152336,0.09567511940673704,0.06900845274007035,0.20842304550025137,0.08314872423328304,0.07979528029160379,0.27019592131724485,0.10675355077928603
284,284.0,284.2,0.08687052078356423,0.0955457344587779,0.06887906779211123,0.21107766629505761,0.08274592557201249,0.07964458247066938,0.26936985719594414,0.10586664543186279
285,285.0,285.2,0.0868265068265068,0.09550172050172046,0.0688350538350538,0.21042513042513042,0.08268120768120764,0.07957986457986455,0.2704107004107005,0.10573981573981572
286,286.0,286.2,0.08762207087245719,0.08751724906952216,0.06964285293425646,0.21022801489362317,0.08315822187747553,0.08019814531198469,0.2730234559561894,0.10860998908449122
287,287.0,287.2,0.0873414181091221,0.0873414181091221,0.06937451503583605,0.211663942443555,0.08257521573653676,0.07974685546136798,0.2743689068554105,0.1075877282490493
288,288.0,288.2,0.08720694223746282,0.08720694223746282,0.06915138668190728,0.20987491246802117,0.08211969024141487,0.07954902747338369,0.27824271606399625,0.10664838259635094
289,289.0,289.2,0.08692180797222812,0.08702281807323821,0.06888222850407719,0.20870489542758447,0.08156225118409989,0.07910185443798885,0.282106254081044,0.10569789031973902
290,290.0,290.2,0.0867117906248341,0.08691020332324678,0.06868798110102456,0.2105502203110899,0.08128505069809415,0.0787356001486436,0.28168758294845253,0.1054315708446143
291,291.0,291.2,0.08654822954822952,0.08684062720904823,0.07004697641539745,0.2116789409420988,0.07857117151853991,0.08021489621489619,0.28080733885997045,0.1052918192918193
292,292.0,292.2,0.0863259259492868,0.08670906771173889,0.069895296193742,0.2117633067650066,0.07823382265028692,0.07985451230545934,0.28270308440682407,0.10451498401765522
293,293.0,293.2,0.08609219392941739,0.08656300372226108,0.06967080083171519,0.21095632029179717,0.0778122806985035,0.07944802387547664,0.2857822685496055,0.10367510810122342
294,294.0,294.2,0.08588533725726574,0.0864408928128213,0.06952912810693895,0.2110055667836755,0.07750130009809829,0.07911194435580136,0.2875603954662033,0.10296543511919534
295,295.0,295.2,0.08579511761166184,0.08635067316721738,0.06941988258614476,0.2117957250862541,0.07728451569647717,0.07900590192538731,0.28803459846293833,0.102313585463919
296,296.0,296.2,0.08556132271979265,0.08619884548846295,0.06917412846374592,0.21608143548034256,0.07688148808367384,0.07860967792661779,0.28594417433215247,0.10154892750521163
297,297.0,297.2,0.08537197979920244,0.08608882567733864,0.06904609063460358,0.21672480784361192,0.07660252039244955,0.07829951515396044,0.28694212108374184,0.1009241394150914
298,298.0,298.2,0.08518902728877638,0.08598267808242717,0.068922399180043,0.21953753606727053,0.0763338582450269,0.07799946317150139,0.2857106004255242,0.10032443753943018
299,299.0,299.2,0.08504984359959326,0.08591789915514882,0.06891594685907887,0.21779155367820885,0.07382897227233895,0.07778443743712829,0.28872226759820624,0.10198907940029653
300,300.0,300.2,0.08492303413454852,0.08586320507471944,0.06884460276199948,0.21806446091802784,0.07368815720505331,0.07754746852368875,0.2891907084710589,0.10187836291090357
301,301.0,301.2,0.0709109967646175,0.08858776444138516,0.07155293363142405,0.21958881221440985,0.07632910661122809,0.09120628894773457,0.2856092280072081,0.09621486938199246
302,302.0,302.2,0.06965589867117297,0.08740050895309667,0.0702744405770283,0.23154365614990802,0.07507400851778356,0.08871191554565565,0.2823873724729478,0.09495219911240683
303,303.0,303.2,0.06870185752826916,0.08651231504460902,0.06929824562928175,0.23039556256829913,0.0720868704481658,0.08672470271085933,0.2935656055517708,0.09271484051874486
304,304.0,304.2,0.06859018663211616,0.08640064414845602,0.06910163782505944,0.22837702545622976,0.07191352496295075,0.08656472580340989,0.29483329795763247,0.09421895721414539
305,305.0,305.2,0.06843092710219867,0.08630532323746436,0.0701279876324179,0.22766178666393772,0.07169495031303039,0.08630715313059859,0.295863016911271,0.09360885500908124
306,306.0,306.2,0.06972866967547817,0.08623660618341467,0.06997758742439592,0.22610220748518622,0.07156412145773845,0.0878780203248288,0.29503998956126615,0.0934727978876915
307,307.0,307.2,0.06966942841002408,0.08617736491796057,0.0698266373610202,0.22516538433917602,0.0714921120615387,0.08774107586369398,0.2966304480122665,0.09329754903431968
308,308.0,308.2,0.06965818927316451,0.08616612578110101,0.06972657729748889,0.22740121399186908,0.07008607057061103,0.08765469569072355,0.3000187031140679,0.08928842428097389
309,309.0,309.2,0.06945550872601805,0.08604392813133885,0.069518308157443,0.2269238468284173,0.06986516799093652,0.09045153552583307,0.2990548418774784,0.08868686276253468
310,310.0,310.2,0.06925914450324912,0.0859258111699158,0.06931673961427091,0.22783369807135467,0.06965165658054381,0.09007731143416477,0.29982772641670946,0.08810791220979133
311,311.0,311.2,0.06911131070444672,0.08585408087187443,0.06916405630580783,0.2276843567121462,0.06953018682758709,0.08975694066735462,0.30096613399231353,0.08793293391846942
312,312.0,312.2,0.06896750656386162,0.08578432338067844,0.0706550748436866,0.2296227424510473,0.06941196698172629,0.08944568363429539,0.3004332599793883,0.0856794421653159
313,313.0,313.2,0.06888633850836026,0.08680205642407818,0.07048237366650935,0.22992318777935017,0.0692882819194222,0.08928519246932815,0.30008479624373335,0.0852477729892182
314,314.0,314.2,0.06881992054332478,0.0867356384590427,0.07033915078595927,0.22941410892474723,0.06918104762785612,0.08914196958877807,0.301523726608833,0.08484443746145873
315,315.0,315.2,0.06875756207160164,0.08666133541015758,0.07025364952878749,0.23099319213870295,0.06906827526157178,0.08906841290876824,0.30073479632774286,0.08446277635266732
316,316.0,316.2,0.06860711197404742,0.08657126968014063,0.07015261888648983,0.230543342857859,0.06890518889712438,0.08883492582686128,0.30230895493395493,0.08407658694352241
317,317.0,317.2,0.06847241322691486,0.08649530734163428,0.06999151295446362,0.23045721357753807,0.06879483903767492,0.08854490804761232,0.30332430068023913,0.08391950513392268
318,318.0,318.2,0.06834121601038892,0.0864212646167533,0.069834835173181,0.23037309390692848,0.06868729849932854,0.08826272307475311,0.30623614063463683,0.08184342808402957
319,319.0,319.2,0.06817709936813707,0.08631278312882085,0.06964611646215417,0.23240019938133144,0.06850989026696572,0.08923382042485814,0.3042797349401123,0.08144035602762016
320,320.0,320.2,0.06801756223751818,0.08620742115555144,0.06946281087362771,0.2341372603512543,0.06833776851974976,0.08891519719277638,0.3038715228332676,0.08105045683625443
321,321.0,321.2,0.0679751924974942,0.08615453174374121,0.06933417323730234,0.23446643064679273,0.06828549778962678,0.08879707922823725,0.3040625098772483,0.080924584979557
322,322.0,322.2,0.08098606482557888,0.088107276946791,0.07121327296838806,0.22729641900677708,0.07020719772318237,0.08330502381013889,0.29648113703100915,0.08240360768813453
323,323.0,323.2,0.08085561491752569,0.08802845442369853,0.0711249320748406,0.22646582565015097,0.07006442360853503,0.08305422500413352,0.2982780617961426,0.082128462524973
324,324.0,324.2,0.08851817391602465,0.08685244636766007,0.06987747689269058,0.22667900909629962,0.06885886980550102,0.08168116945706896,0.296669952106441,0.08086290235831409
325,325.0,325.2,0.08567845151214251,0.08728842130520091,0.06883548144381034,0.22746585311178397,0.06603937572848842,0.08051664459910532,0.3043726310644689,0.07980314123499954
326,326.0,326.2,0.08560791906791765,0.08718880867518462,0.06868776045715529,0.22853316620807354,0.06595985855829772,0.08034597445043772,0.3028119769154802,0.08086453566745314
327,327.0,327.2,0.08328571136235634,0.07526130604879439,0.06786255215471339,0.24464115938826883,0.06514398558072512,0.07949877315206312,0.30444094158869633,0.07986557072438225
328,328.0,328.2,0.08314691099764315,0.07610407559864334,0.06770623548847447,0.24235933348828956,0.06502521787595003,0.07919227818141372,0.3069437633868432,0.07952218498274236
329,329.0,329.3,0.08301166918806296,0.07598837508374776,0.0675540016415848,0.24266883346144003,0.06490949253758625,0.07889375596352464,0.3077850455083642,0.07918882661568916
330,330.0,330.3,0.08102516858866499,0.07524827417405752,0.06677834119945167,0.23774134630869098,0.06419670293666993,0.08920977483209477,0.3075626908062312,0.07823770115413872
331,331.0,331.3,0.08096345880312789,0.07515171350221847,0.06664715631345078,0.23503190196079599,0.0641268031429428,0.08905992105504869,0.3110826013470281,0.07793644387538716
332,332.0,332.3,0.08092047927533011,0.07509174450788997,0.06658763829434386,0.23476698357072903,0.06407577985710128,0.08898245673271854,0.3118458336289158,0.07772908413297122
333,333.0,333.3,0.07318632827030314,0.0737174311543472,0.0665295533074102,0.23608184499318502,0.06402603515373725,0.08890711039084966,0.3200240696650188,0.07752762706514861
334,334.0,334.3,0.07204217620626288,0.0725568990739269,0.06531818394047494,0.2452493369366434,0.06287412031994072,0.0865928199209933,0.31908239237960606,0.0762840712221517
335,335.0,335.3,0.07103236430460896,0.07158571921842899,0.06429747002800587,0.245818342846907,0.061884040434343736,0.09205154734603668,0.3180986480657866,0.07523186775588189
336,336.0,336.3,0.07021836081997165,0.07075591295250218,0.06341938340912628,0.24438642747467254,0.06939587403116568,0.08966621060265034,0.3179588733716353,0.07419895733827574
337,337.0,337.3,0.06952234305202479,0.0700443696450428,0.0626607664061764,0.24442910533638806,0.06805146251137681,0.09532561277971315,0.3166763565891473,0.07328998368013054
338,338.0,338.3,0.06891927938785174,0.06942605045074009,0.06199653545306002,0.25052440823861477,0.06689170507017098,0.09302065794330991,0.31674169486223547,0.07247966859401679
339,339.0,339.3,0.06832397420770056,0.06886921440811318,0.061394907051304445,0.24967474323842437,0.06583981874180067,0.0908776656719941,0.3166169647625612,0.07840271191810136
340,340.0,340.3,0.06780567929599492,0.06838842987874551,0.060914487831632703,0.24926407463889527,0.06492397766429328,0.09528705970420458,0.3160340506377092,0.0773822403485244
341,341.0,341.3,0.05973159426493988,0.06799216608483374,0.06051858021296156,0.2474963806664381,0.07005001915555728,0.09342780707782153,0.3241781847958606,0.07660526774158713
342,342.0,342.3,0.05913224228199149,0.06737857111655561,0.059861253833463565,0.2530282395019318,0.06944389302276469,0.09277760219098838,0.3225647149299728,0.07581348312233151
343,343.0,343.3,0.057470974346871026,0.0668396612155579,0.05927965347262333,0.2601484666298152,0.06891232472294162,0.0922030046312686,0.32004488417687843,0.07510103080404369
344,344.0,344.3,0.057013294301275795,0.06636820706527947,0.05877306956796381,0.26440579556534705,0.06845464467734638,0.09170330777895067,0.3187949563160822,0.0744867247277545
345,345.0,345.3,0.05660563138671072,0.06594699585102601,0.05831759283187192,0.268760428506954,0.06804698176278132,0.091254605192703,0.31575234240480043,0.0753154220631525
346,346.0,346.3,0.05659226597639263,0.06592030243857544,0.05826413119059953,0.2703356016988373,0.06804028035352946,0.09120780755249683,0.31436435977374166,0.07527525101582697
347,347.0,347.3,0.05652157528523923,0.06587480310530286,0.05818600342152698,0.2703560120945513,0.06798235779312173,0.09102132312389143,0.31373094342706287,0.07632698174930344
348,348.0,348.3,0.05724921608355995,0.06550339835571974,0.05778274589261011,0.26697607992420275,0.06759888748033134,0.09051215765731599,0.31847287503446153,0.07590463957179848
349,349.0,349.3,0.05692311706806498,0.06521371535866327,0.05746873306822643,0.2650520860132456,0.06730425702139745,0.0900946039293914,0.32100195157752154,0.07694153596348921
350,350.0,350.3,0.056609169205714384,0.06489947907082741,0.05712411596260818,0.26801367538576637,0.06700251917125685,0.09054363761742396,0.3193615898923906,0.07644581369401213
351,351.0,351.3,0.05740842794489474,0.06461142271582429,0.056806377450922305,0.2651238255103998,0.06672676596586005,0.09132480020463918,0.3220173580738348,0.0759810221336247
352,352.0,352.3,0.05708405422945151,0.06433414573783587,0.056500093560879774,0.2623191489153019,0.06643771223664846,0.0954445250884315,0.3212617876293253,0.07661853260212564
353,353.0,353.3,0.056861951079387366,0.06410011652933403,0.05627202738159679,0.2597513028313817,0.06621560908658432,0.09936665653760698,0.3211469770761308,0.07628535947797782
354,354.0,354.3,0.05665690165047467,0.06388332311921172,0.056061105962079284,0.257339348994934,0.06601055965767164,0.09879341627750979,0.3252831423971617,0.07597220194095702
355,355.0,355.3,0.055439417594552266,0.0636937081069073,0.05587727397082507,0.2582116308637922,0.06585639984179155,0.09971148619822613,0.3255092490338852,0.07570083439002023
