,Unnamed: 0,Total_iterations,Intertwine_two,Invert_path_vertices,Insert_inside_vertex,Delete_inside_vertex,Replace_inside_vertex,Donate_between_routes,Trim_one_terminal_cb,Grow_one_terminal_cb
0,0.0,0.0,0.125,0.125,0.125,0.125,0.125,0.125,0.125,0.125
1,1.0,0.10900000000000001,0.125,0.125,0.125,0.125,0.125,0.125,0.125,0.125
2,2.0,0.31601,0.125,0.125,0.125,0.125,0.125,0.125,0.125,0.125
3,3.0,0.6191589000000001,0.125,0.125,0.125,0.125,0.125,0.125,0.125,0.125
4,4.0,1.015801321,0.125,0.125,0.125,0.125,0.125,0.125,0.125,0.125
5,5.0,1.50262148669,0.125,0.125,0.125,0.125,0.125,0.125,0.125,0.125
6,6.0,2.0757334209441005,0.125,0.125,0.125,0.125,0.125,0.125,0.125,0.125
7,7.0,2.7307768275633495,0.125,0.125,0.125,0.125,0.125,0.125,0.125,0.125
8,8.0,3.4630081252450404,0.125,0.125,0.125,0.125,0.125,0.125,0.125,0.125
9,9.0,4.2673862119061114,0.125,0.125,0.125,0.125,0.125,0.125,0.125,0.125
10,10.0,5.138652627782014,0.125,0.125,0.125,0.125,0.125,0.125,0.125,0.125
11,11.0,6.071405875792507,0.125,0.125,0.125,0.125,0.125,0.125,0.125,0.125
12,12.0,7.060169740244025,0.125,0.125,0.125,0.125,0.125,0.125,0.125,0.125
13,13.0,8.099455520847952,0.125,0.125,0.125,0.125,0.125,0.125,0.125,0.125
14,14.0,9.183818168183006,0.125,0.125,0.125,0.125,0.125,0.125,0.125,0.125
15,15.0,10.307906369102724,0.125,0.125,0.125,0.125,0.125,0.125,0.125,0.125
16,16.0,11.466506686239443,0.125,0.125,0.125,0.125,0.125,0.125,0.125,0.125
17,17.0,12.654581904800096,0.125,0.125,0.125,0.125,0.125,0.125,0.125,0.125
18,18.0,13.867303782456686,0.125,0.125,0.125,0.125,0.125,0.125,0.125,0.125
19,19.0,15.100080434523047,0.125,0.125,0.125,0.125,0.125,0.125,0.125,0.125
20,20.0,16.348578617037543,0.125,0.125,0.125,0.125,0.125,0.125,0.125,0.125
21,21.0,17.608741195130214,0.125,0.125,0.125,0.125,0.125,0.125,0.125,0.125
22,22.0,18.876800103462312,0.125,0.125,0.125,0.125,0.125,0.125,0.125,0.125
23,23.0,20.14928511992658,0.125,0.125,0.125,0.125,0.125,0.125,0.125,0.125
24,24.0,21.423028783545156,0.125,0.125,0.125,0.125,0.125,0.125,0.125,0.125
25,25.0,22.695167792966423,0.125,0.125,0.125,0.125,0.125,0.125,0.125,0.125
26,26.0,23.963141223515898,0.125,0.125,0.125,0.125,0.125,0.125,0.125,0.125
27,27.0,25.224685898775267,0.125,0.125,0.125,0.125,0.125,0.125,0.125,0.125
28,28.0,26.477829247520948,0.125,0.125,0.125,0.125,0.125,0.125,0.125,0.125
29,29.0,27.720879968916847,0.125,0.125,0.125,0.125,0.125,0.125,0.125,0.125
30,30.0,28.95241681848399,0.125,0.125,0.125,0.125,0.125,0.125,0.125,0.125
31,31.0,30.17127581490958,0.125,0.125,0.125,0.125,0.125,0.125,0.125,0.125
32,32.0,31.376536153543515,0.125,0.125,0.125,0.125,0.125,0.125,0.125,0.125
33,33.0,32.567505096778625,0.125,0.125,0.125,0.125,0.125,0.125,0.125,0.125
34,34.0,33.74370209472243,0.125,0.125,0.125,0.125,0.125,0.125,0.125,0.125
35,35.0,34.90484237192463,0.125,0.125,0.125,0.125,0.125,0.125,0.125,0.125
36,36.0,36.05082019768737,0.125,0.125,0.125,0.125,0.125,0.125,0.125,0.125
37,37.0,37.18169203889697,0.125,0.125,0.125,0.125,0.125,0.125,0.125,0.125
38,38.0,38.29765977559663,0.125,0.125,0.125,0.125,0.125,0.125,0.125,0.125
39,39.0,39.399054140870355,0.125,0.125,0.125,0.125,0.125,0.125,0.125,0.125
40,40.0,40.48631852820801,0.125,0.125,0.125,0.125,0.125,0.125,0.125,0.125
41,41.0,41.55999329152982,0.125,0.125,0.125,0.125,0.125,0.125,0.125,0.125
42,42.0,42.62070064560415,0.125,0.125,0.125,0.125,0.125,0.125,0.125,0.125
43,43.0,43.669130257815,0.125,0.125,0.125,0.125,0.125,0.125,0.125,0.125
44,44.0,44.70602560622662,0.125,0.125,0.125,0.125,0.125,0.125,0.125,0.125
45,45.0,45.73217116373481,0.125,0.125,0.125,0.125,0.125,0.125,0.125,0.125
46,46.0,46.748380453854836,0.125,0.125,0.125,0.125,0.125,0.125,0.125,0.125
47,47.0,47.755485010424316,0.125,0.125,0.125,0.125,0.125,0.125,0.125,0.125
48,48.0,48.7543242612326,0.125,0.125,0.125,0.125,0.125,0.125,0.125,0.125
49,49.0,49.745736344347726,0.125,0.125,0.125,0.125,0.125,0.125,0.125,0.125
50,50.0,50.730549855707864,0.125,0.125,0.125,0.125,0.125,0.125,0.125,0.125
51,51.0,51.70957651737491,0.125,0.125,0.125,0.125,0.125,0.125,0.125,0.125
52,52.0,52.68360474770151,0.125,0.125,0.125,0.125,0.125,0.125,0.125,0.125
53,53.0,53.65339410751842,0.125,0.125,0.125,0.125,0.125,0.125,0.125,0.125
54,54.0,54.61967059027847,0.125,0.125,0.125,0.125,0.125,0.125,0.125,0.125
55,55.0,55.58312271885972,0.125,0.125,0.125,0.125,0.125,0.125,0.125,0.125
56,56.0,56.544398407394254,0.125,0.125,0.125,0.125,0.125,0.125,0.125,0.125
57,57.0,57.504102543001395,0.125,0.125,0.125,0.125,0.125,0.125,0.125,0.125
58,58.0,58.462795239617805,0.125,0.125,0.125,0.125,0.125,0.125,0.125,0.125
59,59.0,59.42099071417639,0.125,0.125,0.125,0.125,0.125,0.125,0.125,0.125
60,60.0,60.379156734137354,0.125,0.125,0.125,0.125,0.125,0.125,0.125,0.125
61,61.0,61.337714584760846,0.125,0.125,0.125,0.125,0.125,0.125,0.125,0.125
62,62.0,62.29703950447439,0.125,0.125,0.125,0.125,0.125,0.125,0.125,0.125
63,63.0,63.257461537171835,0.125,0.125,0.125,0.125,0.125,0.125,0.125,0.125
64,64.0,64.21926675122782,0.125,0.125,0.125,0.125,0.125,0.125,0.125,0.125
65,65.0,65.18269877636592,0.125,0.125,0.125,0.125,0.125,0.125,0.125,0.125
66,66.0,66.14796061122655,0.125,0.125,0.125,0.125,0.125,0.125,0.125,0.125
67,67.0,67.11521665648885,0.125,0.125,0.125,0.125,0.125,0.125,0.125,0.125
68,68.0,68.08459493066005,0.125,0.125,0.125,0.125,0.125,0.125,0.125,0.125
69,69.0,69.05618942810752,0.125,0.125,0.125,0.125,0.125,0.125,0.125,0.125
70,70.0,70.03006258152917,0.125,0.125,0.125,0.125,0.125,0.125,0.125,0.125
71,71.0,71.00624779379335,0.125,0.125,0.125,0.125,0.125,0.125,0.125,0.125
72,72.0,71.98475200689319,0.125,0.125,0.125,0.125,0.125,0.125,0.125,0.125
73,73.0,72.96555827861411,0.125,0.125,0.125,0.125,0.125,0.125,0.125,0.125
74,74.0,73.9586283403768,0.125,0.125,0.125,0.125,0.125,0.125,0.125,0.125
75,75.0,74.95380511255946,0.125,0.125,0.125,0.125,0.125,0.125,0.125,0.125
76,76.0,75.95092615639825,0.125,0.125,0.125,0.125,0.125,0.125,0.125,0.125
77,77.0,76.94982583428919,0.125,0.125,0.125,0.125,0.125,0.125,0.125,0.125
78,78.0,77.95033728604814,0.125,0.125,0.125,0.125,0.125,0.125,0.125,0.125
79,79.0,78.9522942197707,0.125,0.125,0.125,0.125,0.125,0.125,0.125,0.125
80,80.0,79.95553251792332,0.125,0.125,0.125,0.125,0.125,0.125,0.125,0.125
81,81.0,80.95989166108143,0.125,0.125,0.125,0.125,0.125,0.125,0.125,0.125
82,82.0,81.96521597331291,0.125,0.125,0.125,0.125,0.125,0.125,0.125,0.125
83,83.0,82.97135569458811,0.125,0.125,0.125,0.125,0.125,0.125,0.125,0.125
84,84.0,83.97816788678992,0.125,0.125,0.125,0.125,0.125,0.125,0.125,0.125
85,85.0,84.98551718090366,0.125,0.125,0.125,0.125,0.125,0.125,0.125,0.125
86,86.0,85.99327637379697,0.125,0.125,0.125,0.125,0.125,0.125,0.125,0.125
87,87.0,87.00132688366298,0.125,0.125,0.125,0.125,0.125,0.125,0.125,0.125
88,88.0,88.00955907370577,0.125,0.125,0.125,0.125,0.125,0.125,0.125,0.125
89,89.0,89.01787245400722,0.125,0.125,0.125,0.125,0.125,0.125,0.125,0.125
90,90.0,90.02617577173847,0.125,0.125,0.125,0.125,0.125,0.125,0.125,0.125
91,91.0,91.03438699997919,0.125,0.125,0.125,0.125,0.125,0.125,0.125,0.125
92,92.0,92.04243323539605,0.125,0.125,0.125,0.125,0.125,0.125,0.125,0.125
93,93.0,93.05025051491727,0.125,0.125,0.125,0.125,0.125,0.125,0.125,0.125
94,94.0,94.0677835613372,0.125,0.125,0.125,0.125,0.125,0.125,0.125,0.125
95,95.0,95.08488546750175,0.125,0.125,0.125,0.125,0.125,0.125,0.125,0.125
96,96.0,96.10142832837484,0.125,0.125,0.125,0.125,0.125,0.125,0.125,0.125
97,97.0,97.11730261987687,0.125,0.125,0.125,0.125,0.125,0.125,0.125,0.125
98,98.0,98.13241645602992,0.125,0.125,0.125,0.125,0.125,0.125,0.125,0.125
99,99.0,99.14669474400736,0.125,0.125,0.125,0.125,0.125,0.125,0.125,0.125
100,100.0,100.160078255747,0.125,0.125,0.125,0.125,0.125,0.125,0.125,0.125
101,101.0,101.1725226337552,0.125,0.125,0.125,0.125,0.125,0.125,0.125,0.125
102,102.0,102.18399734762501,0.125,0.125,0.125,0.125,0.125,0.125,0.125,0.125
103,103.0,103.1944846166316,0.125,0.125,0.125,0.125,0.125,0.125,0.125,0.125
104,104.0,104.20397831257122,0.125,0.125,0.125,0.125,0.125,0.125,0.125,0.125
105,105.0,105.21248285579117,0.125,0.125,0.125,0.125,0.125,0.125,0.125,0.125
106,106.0,106.22001211613122,0.125,0.125,0.125,0.125,0.125,0.125,0.125,0.125
107,107.0,107.22658832927594,0.125,0.125,0.125,0.125,0.125,0.125,0.125,0.125
108,108.0,108.23224103781342,0.125,0.125,0.125,0.125,0.125,0.125,0.125,0.125
109,109.0,109.23700606511903,0.125,0.125,0.125,0.125,0.125,0.125,0.125,0.125
110,110.0,110.24092452904289,0.125,0.125,0.125,0.125,0.125,0.125,0.125,0.125
111,111.0,111.24404190128394,0.125,0.125,0.125,0.125,0.125,0.125,0.125,0.125
112,112.0,112.24640711728803,0.125,0.125,0.125,0.125,0.125,0.125,0.125,0.125
113,113.0,113.24807174051884,0.125,0.125,0.125,0.125,0.125,0.125,0.125,0.125
114,114.0,114.24908918402137,0.125,0.125,0.125,0.125,0.125,0.125,0.125,0.125
115,115.0,115.24951399133343,0.125,0.125,0.125,0.125,0.125,0.125,0.125,0.125
116,116.0,116.24940117800097,0.125,0.125,0.125,0.125,0.125,0.125,0.125,0.125
117,117.0,117.24880563422174,0.125,0.125,0.125,0.125,0.125,0.125,0.125,0.125
118,118.0,118.2477815884782,0.125,0.125,0.125,0.125,0.125,0.125,0.125,0.125
119,119.0,119.24638213142426,0.125,0.125,0.125,0.125,0.125,0.125,0.125,0.125
120,120.0,120.24465879876145,0.125,0.125,0.125,0.125,0.125,0.125,0.125,0.125
121,121.0,121.24266121137732,0.125,0.125,0.125,0.125,0.125,0.125,0.125,0.125
122,122.0,122.24043677061783,0.125,0.125,0.125,0.125,0.125,0.125,0.125,0.125
123,123.0,123.23803040622812,0.125,0.125,0.125,0.125,0.125,0.125,0.125,0.125
124,124.0,124.23548437421509,0.125,0.125,0.125,0.125,0.125,0.125,0.125,0.125
125,125.0,125.2328381016612,0.125,0.125,0.125,0.125,0.125,0.125,0.125,0.125
126,126.0,126.2301280753461,0.125,0.125,0.125,0.125,0.125,0.125,0.125,0.125
127,127.0,127.22738777090905,0.125,0.125,0.125,0.125,0.125,0.125,0.125,0.125
128,128.0,128.22464761920662,0.125,0.125,0.125,0.125,0.125,0.125,0.125,0.125
129,129.0,129.22193500648234,0.125,0.125,0.125,0.125,0.125,0.125,0.125,0.125
130,130.0,130.2192743049657,0.125,0.125,0.125,0.125,0.125,0.125,0.125,0.125
131,131.0,131.21668693055105,0.125,0.125,0.125,0.125,0.125,0.125,0.125,0.125
132,132.0,132.21419142427237,0.125,0.125,0.125,0.125,0.125,0.125,0.125,0.125
133,133.0,133.2118035543788,0.125,0.125,0.125,0.125,0.125,0.125,0.125,0.125
134,134.0,134.20953643593083,0.125,0.125,0.125,0.125,0.125,0.125,0.125,0.125
135,135.0,135.20740066496833,0.125,0.125,0.125,0.125,0.125,0.125,0.125,0.125
136,136.0,136.2054044644524,0.125,0.125,0.125,0.125,0.125,0.125,0.125,0.125
137,137.0,137.20355383934356,0.125,0.125,0.125,0.125,0.125,0.125,0.125,0.125
138,138.0,138.20185273835216,0.125,0.125,0.125,0.125,0.125,0.125,0.125,0.125
139,139.0,139.20030322007636,0.125,0.125,0.125,0.125,0.125,0.125,0.125,0.125
140,140.0,140.1989056214274,0.125,0.125,0.125,0.125,0.125,0.125,0.125,0.125
141,141.0,141.19765872642904,0.125,0.125,0.125,0.125,0.125,0.125,0.125,0.125
142,142.0,142.19655993366624,0.125,0.125,0.125,0.125,0.125,0.125,0.125,0.125
143,143.0,143.19560542084304,0.125,0.125,0.125,0.125,0.125,0.125,0.125,0.125
144,144.0,144.19479030509373,0.125,0.125,0.125,0.125,0.125,0.125,0.125,0.125
145,145.0,145.19410879786844,0.125,0.125,0.125,0.125,0.125,0.125,0.125,0.125
146,146.0,146.193554353387,0.125,0.125,0.125,0.125,0.125,0.125,0.125,0.125
147,147.0,147.1931198098198,0.125,0.125,0.125,0.125,0.125,0.125,0.125,0.125
148,148.0,148.1927975225111,0.125,0.125,0.125,0.125,0.125,0.125,0.125,0.125
149,149.0,149.1925794887082,0.125,0.125,0.125,0.125,0.125,0.125,0.125,0.125
150,150.0,150.19245746339848,0.125,0.125,0.125,0.125,0.125,0.125,0.125,0.125
151,151.0,151.19242306598576,0.125,0.125,0.125,0.125,0.125,0.125,0.125,0.125
152,152.0,152.19246787765445,0.125,0.125,0.125,0.125,0.125,0.125,0.125,0.125
153,153.0,153.19258352937973,0.125,0.125,0.125,0.125,0.125,0.125,0.125,0.125
154,154.0,154.19276178063868,0.125,0.125,0.125,0.125,0.125,0.125,0.125,0.125
155,155.0,155.19299458896538,0.125,0.125,0.125,0.125,0.125,0.125,0.125,0.125
156,156.0,156.19327417056974,0.125,0.125,0.125,0.125,0.125,0.125,0.125,0.125
157,157.0,157.19359305230796,0.125,0.125,0.125,0.125,0.125,0.125,0.125,0.125
158,158.0,158.19394411534927,0.125,0.125,0.125,0.125,0.125,0.125,0.125,0.125
159,159.0,159.19432063093296,0.125,0.125,0.125,0.125,0.125,0.125,0.125,0.125
160,160.0,160.19471628864898,0.125,0.125,0.125,0.125,0.125,0.125,0.125,0.125
161,161.0,161.1951252177069,0.125,0.125,0.125,0.125,0.125,0.125,0.125,0.125
162,162.0,162.19554200168196,0.125,0.125,0.125,0.125,0.125,0.125,0.125,0.125
163,163.0,163.19596168724266,0.125,0.125,0.125,0.125,0.125,0.125,0.125,0.125
164,164.0,164.19637978737487,0.125,0.125,0.125,0.125,0.125,0.125,0.125,0.125
165,165.0,165.19679227962013,0.125,0.125,0.125,0.125,0.125,0.125,0.125,0.125
166,166.0,166.19719559984466,0.125,0.125,0.125,0.125,0.125,0.125,0.125,0.125
167,167.0,167.1975866320483,0.125,0.125,0.125,0.125,0.125,0.125,0.125,0.125
168,168.0,168.1979626947111,0.125,0.125,0.125,0.125,0.125,0.125,0.125,0.125
169,169.0,169.1983215241605,0.125,0.125,0.125,0.125,0.125,0.125,0.125,0.125
170,170.0,170.19866125542336,0.125,0.125,0.125,0.125,0.125,0.125,0.125,0.125
171,171.0,171.1989804010057,0.125,0.125,0.125,0.125,0.125,0.125,0.125,0.125
172,172.0,172.19927782801977,0.125,0.125,0.125,0.125,0.125,0.125,0.125,0.125
173,173.0,173.19955273405222,0.125,0.125,0.125,0.125,0.125,0.125,0.125,0.125
174,174.0,174.19980462214087,0.125,0.125,0.125,0.125,0.125,0.125,0.125,0.125
175,175.0,175.20003327519927,0.125,0.125,0.125,0.125,0.125,0.125,0.125,0.125
176,176.0,176.20023873019986,0.125,0.125,0.125,0.125,0.125,0.125,0.125,0.125
177,177.0,177.20042125239837,0.125,0.125,0.125,0.125,0.125,0.125,0.125,0.125
178,178.0,178.20058130985305,0.125,0.125,0.125,0.125,0.125,0.125,0.125,0.125
179,179.0,179.20071954846372,0.125,0.125,0.125,0.125,0.125,0.125,0.125,0.125
180,180.0,180.2008367677287,0.125,0.125,0.125,0.125,0.125,0.125,0.125,0.125
181,181.0,181.20093389738992,0.125,0.125,0.125,0.125,0.125,0.125,0.125,0.125
182,182.0,182.2010119751111,0.125,0.125,0.125,0.125,0.125,0.125,0.125,0.125
183,183.0,183.20107212530905,0.125,0.125,0.125,0.125,0.125,0.125,0.125,0.125
184,184.0,184.2011155392341,0.125,0.125,0.125,0.125,0.125,0.125,0.125,0.125
185,185.0,185.20114345637433,0.125,0.125,0.125,0.125,0.125,0.125,0.125,0.125
186,186.0,186.20115714723678,0.125,0.125,0.125,0.125,0.125,0.125,0.125,0.125
187,187.0,187.20115789754064,0.125,0.125,0.125,0.125,0.125,0.125,0.125,0.125
188,188.0,188.20114699383868,0.125,0.125,0.125,0.125,0.125,0.125,0.125,0.125
189,189.0,189.20112571056853,0.125,0.125,0.125,0.125,0.125,0.125,0.125,0.125
190,190.0,190.20109529851973,0.125,0.125,0.125,0.125,0.125,0.125,0.125,0.125
191,191.0,191.2010569746906,0.125,0.125,0.125,0.125,0.125,0.125,0.125,0.125
192,192.0,192.20101191349747,0.125,0.125,0.125,0.125,0.125,0.125,0.125,0.125
193,193.0,193.2009612392887,0.125,0.125,0.125,0.125,0.125,0.125,0.125,0.125
194,194.0,194.20090602010788,0.125,0.125,0.125,0.125,0.125,0.125,0.125,0.125
195,195.0,195.2008472626441,0.125,0.125,0.125,0.125,0.125,0.125,0.125,0.125
196,196.0,196.20078590830022,0.125,0.125,0.125,0.125,0.125,0.125,0.125,0.125
197,197.0,197.20072283030777,0.125,0.125,0.125,0.125,0.125,0.125,0.125,0.125
198,198.0,198.20065883181147,0.125,0.125,0.125,0.125,0.125,0.125,0.125,0.125
199,199.0,199.20059464484672,0.125,0.125,0.125,0.125,0.125,0.125,0.125,0.125
200,200.0,200.20053093012996,0.12461111111111112,0.12461111111111112,0.12572222222222224,0.12461111111111112,0.12461111111111112,0.12461111111111112,0.12661111111111112,0.12461111111111112
201,201.0,201.20046827758358,0.12508722222222224,0.12397611111111112,0.1260761111111111,0.12397611111111112,0.12397611111111112,0.12397611111111112,0.12895611111111113,0.12397611111111112
202,202.0,202.20040720751598,0.12524894090909092,0.12414894090909093,0.12621794090909091,0.12314894090909093,0.12405803181818184,0.12314894090909093,0.13087932272727276,0.12314894090909093
203,203.0,203.20034817238,0.12524124074242426,0.12499557407575759,0.12609174165151515,0.12217224074242428,0.1239055740757576,0.12217224074242428,0.13324914722727277,0.12217224074242428
204,204.0,204.20029155903381,0.1250912804693823,0.12563620123861305,0.12574177870271563,0.12108087046938232,0.12355791942043126,0.12108087046938232,0.136730208760711,0.12108087046938232
205,205.0,205.2002376914319,0.12382161221015953,0.12609459048598365,0.12520483382220846,0.12167326807939029,0.12304763784962006,0.11990403731015953,0.14034998293231915,0.11990403731015953
206,206.0,206.20018683367587,0.12256404630310908,0.1265409751235376,0.12466980981680463,0.12228996797287828,0.122552688277174,0.11876919874210908,0.14384411502227848,0.11876919874210908
207,207.0,207.2001391933587,0.12204423388636994,0.12625780605159526,0.12414186483904786,0.12292237292256342,0.12207648699898102,0.11768350369179421,0.14719022791785427,0.11768350369179421
208,208.0,208.20009492513964,0.12155074059222123,0.12496372747468287,0.12362557043595102,0.12356258837332913,0.12162192119839775,0.11665289475794456,0.1503696624095291,0.11765289475794455
209,209.0,209.2000541344911,0.12089972225519821,0.12420090965720505,0.12298639635555095,0.12397399389112249,0.12100522579952186,0.11645273218881484,0.15303828766377198,0.11744273218881482
210,210.0,210.2000168815625,0.12012188312140011,0.12412277245031089,0.12225027338863304,0.12418866810237447,0.12025722227461294,0.11611528466193605,0.15585751133879666,0.11708638466193602
211,211.0,211.19998318511114,0.11931676291592166,0.12392660585498767,0.12147583690759751,0.1242697959037852,0.11947760072560262,0.11570331365651039,0.158413160609854,0.11741692342574114
212,212.0,212.19995302645378,0.11797856452923536,0.12267756270133277,0.1197233036012205,0.12328130888362597,0.11772596014294517,0.1149940651700338,0.16086578850829528,0.12275344646331138
213,213.0,213.19992635339761,0.11730202363050514,0.12069938540224545,0.11788219625385292,0.1227827393315065,0.11532115165952991,0.11416484757052947,0.1637880875988796,0.1280595685529512
214,214.0,214.19990308411315,0.11664432293454925,0.11874457166158411,0.11608367926598515,0.12227683426191885,0.1129694855237339,0.11337610960447664,0.16647630765044846,0.13342868909730388
215,215.0,215.19988311091598,0.11596176714966153,0.11678232959790907,0.11424585606092318,0.12167376356668298,0.1106411604991495,0.11258368702518701,0.1693551611795745,0.13875627492091247
216,216.0,216.19986630392935,0.11395921679313346,0.11484806109419511,0.11240726259866415,0.12233883495487653,0.10837216235493802,0.11181090914981377,0.17237992817134262,0.14388362488303658
217,217.0,217.1998525146021,0.11198453015902775,0.11295414481281657,0.11061969517288371,0.12351358350427462,0.10617508171783764,0.11105937262005239,0.17491826960957094,0.1487753224035367
218,218.0,218.19984157906154,0.1099769716630118,0.11099612194925566,0.10878146606987807,0.12492794107208631,0.10398700156507686,0.11017343925487455,0.1772870720862115,0.15386998633960552
219,219.0,219.19983332128442,0.10854969165793618,0.10903495071062766,0.10698334400983772,0.12663996331151112,0.10186313467589313,0.10921111068585279,0.17918499362951945,0.15853281131882224
220,220.0,220.19982755607217,0.10713027582403173,0.10709154663891363,0.10465164471030491,0.12863099280715926,0.09981887888817662,0.1081910472078818,0.18172345495090034,0.16276215897263202
221,221.0,221.19982409182043,0.10559341501225553,0.10504502216649844,0.10225373776266522,0.1307119216688269,0.09772799875939286,0.10699085005361934,0.1852561719140974,0.1664208826626446
222,222.0,222.19982273307565,0.10415664682489675,0.10305144508574242,0.09991919771929811,0.13296751829321596,0.09571504024302883,0.10579214085927693,0.1899909976400546,0.16840701333448668
223,223.0,223.1998232828746,0.1025586754010271,0.1004161203910874,0.09748201304248386,0.13525867144460427,0.09360932051528004,0.10442373767307986,0.19586988733710362,0.17038157419533415
224,224.0,224.1998255448649,0.10193995309873076,0.09779213210211002,0.09506569184304922,0.13721135375042837,0.09153004469527636,0.1029525341478421,0.20117238931259263,0.17233590104997082
225,225.0,225.19982932520753,0.10114561091574206,0.0951323642389101,0.09262008876302837,0.13963725389323906,0.08942313892822108,0.1013786685515505,0.20683788605895462,0.17382498865035445
226,226.0,226.19983443426383,0.100177829036461,0.09245736945183193,0.09093219580480096,0.14154225130884807,0.08773759488947566,0.09971852276156344,0.21256338968682262,0.17487084706019657
227,227.0,227.19984068807187,0.0998429817046346,0.08980179219391327,0.08920223995129631,0.14296660783095863,0.08675936908380633,0.09800369806792944,0.2179095987402296,0.17551371242723204
228,228.0,228.19984790961837,0.09934025611101131,0.08719424647033908,0.08745755853793043,0.14551656214524808,0.08574067342216711,0.0962608105934713,0.22269843733224004,0.17579145538759292
229,229.0,229.199855929914,0.09872341655172723,0.0846846754106524,0.08574693223675531,0.1487432591500015,0.08535021853331902,0.09406508210623142,0.22678835548586018,0.1758980605254532
230,230.0,230.19986458888098,0.09811453822954211,0.08230755724434682,0.08410397707896673,0.1515510130211954,0.08494933660199332,0.09192924976711953,0.2307057582583804,0.17633856979845589
231,231.0,231.19987373606244,0.09740981264771206,0.08004805704123173,0.08251340317602043,0.15451641891498621,0.08451812832229251,0.09039887701775395,0.23410756750543016,0.17648773537457318
232,232.0,232.19988323116513,0.09658444619479406,0.07787452233458933,0.08144356446765573,0.15732212884708394,0.08460962152175569,0.08883068039866826,0.2371357288888951,0.17619930734655814
233,233.0,233.19989294444588,0.09565865116589194,0.07627577045706224,0.08037876435672162,0.15945224020106097,0.08460761716720566,0.08779904256433069,0.23980912324000603,0.1760187908477211
234,234.0,234.19990275695415,0.09465068801969498,0.07475911770843743,0.07932782873522436,0.16194988946413574,0.08452002208320068,0.0867300659991679,0.24214663621949636,0.17591575177064275
235,235.0,235.19991256064202,0.0935969038166388,0.07336945506584205,0.07833759842274991,0.16389502934122493,0.08487388901033754,0.08567589225422872,0.2446614266941307,0.17558980539484748
236,236.0,236.1999222583547,0.09251055549654069,0.07210676488009088,0.07784519020883891,0.16644093289896963,0.08514542120706664,0.0846439598802795,0.24624245343199574,0.1750647219962181
237,237.0,237.19993176371253,0.09143953511043558,0.0709966591366469,0.07745791050850276,0.1690484311609029,0.08540948210312081,0.08368561650429901,0.24753544391324828,0.1744269215628438
238,238.0,238.19994100089744,0.09041341025073654,0.07007758030504879,0.07673552864753176,0.1721596988874778,0.08568456840155836,0.08328018679891146,0.24828033841783287,0.17336868829090246
239,239.0,239.19994990435492,0.08943195821831947,0.06926583607966373,0.07609521470805139,0.17477927496939202,0.08596083230407608,0.08292913550478596,0.24896974662237117,0.17256800159334018
240,240.0,240.1999584184231,0.08846449788590896,0.06857887645176158,0.07553575052746417,0.17733105056296025,0.08619936504636941,0.08261436941931692,0.2495800792480555,0.17169601085816316
241,241.0,241.19996649690023,0.08751708083615513,0.06800996682760732,0.0750535200414209,0.17967416192357819,0.08639933056636451,0.08233355731454647,0.25024494182410856,0.17076744066621888
242,242.0,242.19997410256065,0.08657514894758668,0.06751233437464862,0.07462472810275836,0.18185609178484397,0.08654055796738809,0.08242930113887954,0.25051835989074506,0.1699434777931497
243,243.0,243.19998120662942,0.08635924805501596,0.06785585050067476,0.07460400429060181,0.1837020772076467,0.08698204096222942,0.08285714741367843,0.2507894180298592,0.16685021354029375
244,244.0,244.19998778822503,0.08616693123044572,0.06824477479795901,0.07463458762736153,0.18540100889180244,0.08737876489566367,0.08326186270802625,0.25127848092027383,0.16363358892846758
245,245.0,245.19999383377882,0.08598940857294697,0.06905373735426325,0.07471025555879263,0.1865835363202714,0.08772288377212259,0.08363931081856081,0.2519523415481357,0.16034852605490668
246,246.0,246.19999933643945,0.08583180337977403,0.0699201690670261,0.07483172883347886,0.18758624455858475,0.08802104439592558,0.08400704449667583,0.2526924078346395,0.15710955743389543
247,247.0,247.2000042954696,0.08569822085223584,0.07083532365066192,0.07499887713153572,0.18853961644751902,0.08827938188191002,0.08436679921426248,0.2541521836056714,0.15312959721620367
248,248.0,248.20000871564204,0.08561598801500664,0.07140991991093543,0.07521481949094931,0.18948008539755903,0.08852768863496024,0.08475416560156597,0.2553308153774279,0.1496665175715955
249,249.0,249.20001260664083,0.08555917833940799,0.07196862826494821,0.07545121381169412,0.19029250673201814,0.08874287077281932,0.08512696054320086,0.2560331192796154,0.14682552225629597
250,250.0,250.20001598247333,0.08551692405908914,0.0724927594833242,0.0756535421347236,0.19072684511391924,0.089238106361769,0.08545051335623369,0.2569579924589437,0.14396331703199744
251,251.0,251.20001886089787,0.08552217051782539,0.07303831783175295,0.07588977481273125,0.19100550079472142,0.08972559616553441,0.08578870017562525,0.25774593116703776,0.1412840085347716
252,252.0,252.20002126287096,0.08534309413614931,0.07324609925516237,0.07615969618199953,0.1916243673371175,0.08997421882362178,0.08614221283110611,0.25876266087036315,0.1387476505644803
253,253.0,253.200023212018,0.08518203313356897,0.07344204504931755,0.07639671767244499,0.19195865580901467,0.09015415666233478,0.08646212979191453,0.2602897531125628,0.13611450876884176
254,254.0,254.20002473413018,0.08518962509477329,0.07370045025601747,0.0766760607630914,0.19233096407615707,0.0903447804912696,0.08682329777934017,0.2615878046660917,0.1333470168732594
255,255.0,255.20002585668985,0.08590082080706479,0.07425858082943763,0.07685240020611353,0.1924246234784076,0.09041804332944356,0.08672293635720442,0.2630862631827961,0.13033633180953244
256,256.0,256.20002660842664,0.08659836743965617,0.07475122748874118,0.07697549665429208,0.19236822770716774,0.09075818291201011,0.08657126133496884,0.26461118570643066,0.12736605075673327
257,257.0,257.20002701890553,0.08729987581946283,0.0752270430678276,0.07709647435171052,0.1921141437648904,0.09130517540779629,0.08641004697004188,0.2659437236281927,0.12460351699007789
258,258.0,258.2000271181475,0.08768450024371914,0.07569209871984299,0.0772234815973859,0.1921004250451464,0.09183270947585609,0.08625100554125718,0.26714190585634345,0.12207387352044895
259,259.0,259.20002693628373,0.0879262311432317,0.07710975669093437,0.07721047106288471,0.19183696285751073,0.09218799590486834,0.08595133586813733,0.2681475784330061,0.11962966803942689
260,260.0,260.2000265032435,0.08905053581635408,0.07827306431324643,0.07708516988644397,0.19136319962143586,0.09239800821530746,0.08554169272672135,0.26898822899667,0.117300100423821
261,261.0,261.20002584847487,0.09013303446122907,0.07938102481283028,0.0769452614114183,0.1906198803512997,0.09253992820967111,0.08540462922716545,0.26958136447883885,0.11539487704754742
262,262.0,262.20002500069836,0.09150947894552174,0.07975357064726049,0.07685982354345482,0.19025982868473854,0.09198425155715771,0.08527533757214667,0.2707522827694427,0.11360542628027757
263,263.0,263.2000239876925,0.09278966297630518,0.08003835756082056,0.07670898164351767,0.1900635352471422,0.09131898219168992,0.08535674174414835,0.27186695141564915,0.11185678722072714
264,264.0,264.2000228361103,0.09299314698208944,0.08124800701918021,0.0765066569584595,0.19012496088857034,0.09058338845326848,0.08540062073157992,0.2729785997248975,0.11016461924195478
265,265.0,265.20002157132524,0.09283013103085441,0.08237661882587252,0.07625788254817722,0.1905200325052089,0.08978946514906638,0.08540856030658948,0.2739380486924199,0.10887926094181137
266,266.0,266.2000202173054,0.09259987432195192,0.08342568715112644,0.07599515730759764,0.19093413582134539,0.08894854048845909,0.08535707955866181,0.2745444329860316,0.1081950923648263
267,267.0,267.2000187965145,0.0923100073448989,0.08439165298922084,0.07569997552519978,0.1914300179784775,0.08807130502974195,0.08523899255515335,0.275390915937571,0.10746713263973687
268,268.0,268.2000173298375,0.09195364135268218,0.08525778313725664,0.0753623444281424,0.19171841778565338,0.08746523906266619,0.08504453052079343,0.2764419445574845,0.10675609915532142
269,269.0,269.20001583652993,0.09155857175363567,0.08604333732843139,0.07502596788582445,0.1922416814065084,0.08685471148743638,0.08480850753144466,0.27727671411782373,0.10619050848889543
270,270.0,270.20001433418776,0.09112140126002063,0.08673764577245377,0.07468321236412948,0.19302546347225544,0.08621432525626001,0.08452483556670122,0.27786217120455264,0.10583094510362695
271,271.0,271.2000128387379,0.09064298394191703,0.08733549961720208,0.074311813579876,0.19365518451377706,0.08553492461097886,0.08443256929480197,0.27831195590330815,0.10577506853813898
272,272.0,272.2000113644457,0.09013058138298637,0.08783924684239423,0.07391625104800291,0.19450037911238283,0.08482384885702712,0.08427904272671322,0.2788056722571646,0.10570497777332882
273,273.0,273.20000992393824,0.08959951150568699,0.08826037540657135,0.07350924759548791,0.19534952368910868,0.08411330779480944,0.08407673357929538,0.2793743582183411,0.10571694221069927
274,274.0,274.20000852824217,0.0890525103245766,0.08859880509186514,0.07309113958513949,0.19613815764845546,0.08340502790464119,0.08382617521455642,0.2800908516046846,0.10579733262608124
275,275.0,275.20000718683326,0.08849839954444387,0.08886148207546529,0.07266854983826943,0.19696281347787095,0.08270676293904773,0.08353458193231844,0.28082799101065625,0.10593941918192813
276,276.0,276.20000590769695,0.08793916564655056,0.08904938290527792,0.07224146923601803,0.19771717512111958,0.08231350699549753,0.08320288378186243,0.28170000960352504,0.10583640671014904
277,277.0,277.2000046973973,0.08737120215153171,0.09026979163270375,0.07180449900246191,0.19850744348101956,0.08189824758378439,0.0828269232844036,0.28135218358740816,0.10596970927668703
278,278.0,278.2000035611536,0.08680735184051849,0.09141382108798968,0.07136889074651695,0.1992195538742988,0.08149552153364349,0.08241945148009858,0.2811370512468311,0.10613835819010309
279,279.0,279.20000250292276,0.0862516031150989,0.09247669993257787,0.07093723872134973,0.20009674441751552,0.08110608983292383,0.08198477804483432,0.28081171495560897,0.10633513098009102
280,280.0,280.20000152548573,0.0857074976591079,0.09345497113321047,0.0705118817261502,0.20117279398715293,0.08073055828050463,0.0815271331402577,0.2803894851052613,0.10650567896835504
281,281.0,281.20000063053755,0.08537813875030881,0.0943463943944638,0.07009490424461244,0.20195828974809527,0.08060194360620374,0.08105063078456379,0.27988335840097783,0.1066863400707745
282,282.0,282.19999981877885,0.08525635997513784,0.09514984616622524,0.06968813994163198,0.2028466863350934,0.08048039667955956,0.08055923701598723,0.27914718975230485,0.10687214413406013
283,283.0,283.19999909000825,0.08514942988518934,0.09587362183883229,0.06930158063345966,0.2040377567422281,0.08039793948592378,0.08021220489832193,0.27846464240278496,0.10656282411326018
284,284.0,284.1999984432146,0.08505875906790311,0.09651009642506177,0.06893780748237477,0.2054190350757102,0.08031095599299813,0.07988063696426252,0.27768505616523154,0.10619765282645817
285,285.0,285.1999978766682,0.08499087155379638,0.09706887853729972,0.06860542285379,0.2066535183010448,0.08025054875607471,0.07957339348959264,0.2770043608832162,0.10585300562518571
286,286.0,286.19999738800976,0.08502768554842247,0.09675766371473825,0.0683893529077966,0.2077825577719361,0.08026819025172174,0.07935876714650449,0.27658707407922617,0.10582870857965433
287,287.0,287.19999697433707,0.08505869672049278,0.09636758313194076,0.06818059116682511,0.2089667406219483,0.08025466729996772,0.07912886823431828,0.2763104248643269,0.10573242796018027
288,288.0,288.1999966322883,0.08509598640207643,0.0959128013700289,0.06798233200324799,0.20988057420762202,0.08022014957824261,0.07890835628682276,0.27642940631168694,0.10557039384027248
289,289.0,289.19999635812144,0.0851221432473321,0.09539802677656012,0.06778867348503217,0.21058596611328867,0.08015233512959023,0.07867158494240291,0.2769409765135389,0.10534029379225504
290,290.0,290.1999961477901,0.08514267932057176,0.09483971608040585,0.06760589162852312,0.21138654060988216,0.08007768123774762,0.07842616799844639,0.2774111753576215,0.10511014776680173
291,291.0,291.19999599701396,0.08516049679186963,0.09425098371487556,0.06758810838382728,0.21221156651692927,0.07975117851173733,0.07835631667701273,0.277789093984356,0.10489225541939237
292,292.0,292.19999590134535,0.08516817948370703,0.0936338650711091,0.0675815241217512,0.21295720015981412,0.07941179110157079,0.0782759978921576,0.2783489777518585,0.10462246441803182
293,293.0,293.19999585623015,0.08516329816902955,0.09299460391917778,0.06757628647039993,0.2135356328571415,0.07905240855272971,0.07817884728692273,0.2792043326234386,0.10429459012116037
294,294.0,294.19999585706415,0.08514750827620854,0.09234274178952646,0.06757835045531932,0.21403535380827052,0.07868546492018996,0.07807049555612937,0.2802177440587821,0.10392234113557389
295,295.0,295.1999958992441,0.0851316536979198,0.09168802541851284,0.06758879126618356,0.21453382062429854,0.07832169556252115,0.07797278924337066,0.281250661164339,0.10351256302285464
296,296.0,296.19999597821356,0.08510063972741046,0.09103022439421217,0.0675919234969211,0.21538363084275217,0.07794362858067845,0.07785556228883102,0.2820390835192476,0.10305530714994723
297,297.0,297.199996089504,0.08505839969181683,0.09037888770217165,0.0675977607713389,0.21621977532206327,0.07756485012292755,0.07772658290885748,0.2828875092219533,0.10256623425887118
298,298.0,298.1999962287704,0.08500522420981382,0.0897391692995957,0.06760512847149151,0.21725862850102462,0.0771874599989047,0.07758622559108642,0.28356848640718463,0.1020496775208988
299,299.0,299.1999963918224,0.08494528593788242,0.08911937993237784,0.06762428687661796,0.21804178719884612,0.07658878427247655,0.07744253380745932,0.2845039537313444,0.10173398824299562
300,300.0,300.199996574651,0.08487970612325679,0.08852408528606653,0.06764731163134843,0.218771418415661,0.0760082964919613,0.07729293334714765,0.28543490154904205,0.10144134715551648
301,301.0,301.1999967734502,0.08341991383321355,0.08823416723893945,0.06795083990885484,0.21957345206545628,0.07572675103724594,0.07852672032703716,0.28595216460780504,0.100615990981448
302,302.0,302.19999698463494,0.08185550179214422,0.0878580514197207,0.0681321869903967,0.22149092034531137,0.0753538738743975,0.07951448695493678,0.2860920864412597,0.09970289218183324
303,303.0,303.1999972048549,0.08023013080968172,0.0874261523669088,0.06821920240487606,0.223202359797066,0.07471677196730597,0.080296729922474,0.2872987922595681,0.09860986047211952
304,304.0,304.19999743100436,0.07864084710303605,0.0870171377565398,0.06828864592972929,0.2246127336201506,0.0740997466872107,0.0810490306303964,0.28857426486955384,0.09771759340338347
305,305.0,305.1999976602288,0.07709405920935401,0.0866333275800277,0.06846191000178636,0.22584818910005833,0.07350070425289032,0.08175550095197556,0.28988775244478565,0.09681855645912221
306,306.0,306.1999978899285,0.07574509304129656,0.0862777466723362,0.06861946842214184,0.22682227708973893,0.07293042563707419,0.08259392748260608,0.29104734117215864,0.0959637204826477
307,307.0,307.1999981177589,0.07446493512984127,0.08595138832397924,0.06875975718414673,0.2275980732698049,0.07239631090142634,0.08338765784248228,0.29228994335578545,0.0951519339925339
308,308.0,308.1999983416287,0.07326371402864737,0.08565880166271181,0.06888667986536674,0.22849554590782734,0.07176596150185163,0.08413691132928594,0.29379051587779453,0.09400186982651475
309,309.0,309.1999985596953,0.0721262917353034,0.08538832714377881,0.06898848233878138,0.22924459124654273,0.07115975787495453,0.08512610129453456,0.2951069268963065,0.09285952146979819
310,310.0,310.1999987703582,0.07105626741892405,0.0851396443904724,0.06906524596872397,0.2299865097314991,0.0705798775708677,0.08603220419640448,0.2964084644167021,0.09173178630640631
311,311.0,311.1999989722513,0.07006049092514566,0.08491651855048693,0.06912157984128145,0.2306177741154375,0.07003655611199064,0.08685611080378398,0.29772788156261865,0.09066308808925529
312,312.0,312.1999991642326,0.06914041986447961,0.0847181051685943,0.06932180694501633,0.23135041646083926,0.06953068112157117,0.08759550934575533,0.29889445211694793,0.08944860897679617
313,313.0,313.1999993453734,0.06830250997132385,0.08465196861135173,0.0694980738996467,0.2320225623644332,0.06906183798256478,0.08826342065991821,0.29992490732090316,0.08827471918985837
314,314.0,314.1999995149464,0.06754758755635049,0.08460730479145714,0.06965223486842764,0.23255559204635665,0.068631420167671,0.0888604362727039,0.3009978089302011,0.08714761536683202
315,315.0,315.1999996724126,0.06687464486557189,0.08458096038533935,0.06978929877378864,0.23316181225026722,0.06823826317224002,0.08939320998937077,0.30188978652724663,0.08607202403617542
316,316.0,316.19999981740807,0.06627278060617603,0.08456904759707982,0.06990719673193375,0.2336407393045867,0.06787641336080072,0.08984610965537423,0.3028384323232138,0.08504928042083491
317,317.0,317.1999999497299,0.06574097621168522,0.08457075207462622,0.0699996485226073,0.23403218676097487,0.06755000129992363,0.09021460573856734,0.30378845334032,0.08410337605129535
318,318.0,318.20000006932224,0.06527654690514319,0.08458412738459997,0.07006710600040379,0.23434032777282887,0.06725792476867712,0.09050133673924565,0.3049300147245546,0.0830426157045467
319,319.0,319.20000017626217,0.06487279555608262,0.08460368838710464,0.07010662315104571,0.2347806928922788,0.0669916088046255,0.09083411823822171,0.30577484066001415,0.08203563231062681
320,320.0,320.2000002707454,0.06452650866698678,0.08462784803944906,0.0701192529608819,0.23532692266166652,0.06674989507688085,0.09108575628595836,0.30647941173404425,0.08108440457413227
321,321.0,321.20000035307294,0.06424552402850343,0.08466009851653904,0.07011119160522938,0.2358395498605652,0.06654300438332705,0.0912787131415356,0.3071065455160616,0.08021537294823866
322,322.0,322.200000423637,0.06533102177136679,0.08489934279849701,0.07028407617457141,0.2355701819834347,0.0665663976865472,0.0908783524306123,0.30688238827886516,0.07958823887610536
323,323.0,323.20000048290825,0.06645147517968061,0.08513885974143288,0.07044013016556266,0.23516195392858807,0.06660958224834694,0.09041721462397607,0.3067563267294232,0.07902445738298952
324,324.0,324.2000005314233,0.06837018054439141,0.08526572013129398,0.07046268125833256,0.23472890574105662,0.06656244138726519,0.08979125514709858,0.3063972777166224,0.0784215380739392
325,325.0,325.2000005697726,0.07001452306595925,0.08543935923828672,0.07037292565328104,0.2343373478073792,0.06626102948877272,0.08903033827521217,0.3067471282448027,0.07779734822630621
326,326.0,326.20000059858927,0.07164401737540964,0.08560416379224768,0.07026199906797445,0.23402296202974252,0.06597959052550757,0.08824330913888657,0.3068821833334628,0.0773617747367688
327,327.0,327.2000006185384,0.07301798050028396,0.0845755840770029,0.07006390192484614,0.23529591618967233,0.06564451084113959,0.0873712894394716,0.3071259273163986,0.0769048897111849
328,328.0,328.2000006303072,0.07434334458482025,0.08364099650798541,0.06984796933170544,0.23630684477559719,0.06532605710212676,0.0864770970500591,0.3075687292235785,0.07648896142412738
329,329.0,329.2100006345961,0.0756106837440731,0.08271292843528669,0.06961698927475754,0.23730815538737154,0.06502486781091706,0.08556962348911248,0.3080451294938252,0.07611162236465643
330,330.0,330.2199006321101,0.07662664878190079,0.08173641154537342,0.0693109113029594,0.23777019300343424,0.06468136473600339,0.08571774049586167,0.30844905342697926,0.07570767670748786
331,331.0,331.22961162355165,0.07757883153545962,0.08078300890355443,0.06899699693870588,0.23791479395615375,0.06436037537121504,0.08587098076759365,0.3091557123946902,0.0753393001326275
