Total_iterations,Unnamed: 0.1,Intertwine_two,Invert_path_vertices,Insert_inside_vertex,Delete_inside_vertex,Replace_inside_vertex,Donate_between_routes,Trim_one_terminal_cb,Grow_one_terminal_cb
0,0.0,0.125,0.125,0.125,0.125,0.125,0.125,0.125,0.125
1,1.0,0.125,0.125,0.125,0.125,0.125,0.125,0.125,0.125
2,2.0,0.125,0.125,0.125,0.125,0.125,0.125,0.125,0.125
3,3.0,0.125,0.125,0.125,0.125,0.125,0.125,0.125,0.125
4,4.0,0.125,0.125,0.125,0.125,0.125,0.125,0.125,0.125
5,5.0,0.125,0.125,0.125,0.125,0.125,0.125,0.125,0.125
6,6.0,0.125,0.125,0.125,0.125,0.125,0.125,0.125,0.125
7,7.0,0.125,0.125,0.125,0.125,0.125,0.125,0.125,0.125
8,8.0,0.125,0.125,0.125,0.125,0.125,0.125,0.125,0.125
9,9.0,0.125,0.125,0.125,0.125,0.125,0.125,0.125,0.125
10,10.0,0.125,0.125,0.125,0.125,0.125,0.125,0.125,0.125
11,11.0,0.125,0.125,0.125,0.125,0.125,0.125,0.125,0.125
12,12.0,0.125,0.125,0.125,0.125,0.125,0.125,0.125,0.125
13,13.0,0.125,0.125,0.125,0.125,0.125,0.125,0.125,0.125
14,14.0,0.125,0.125,0.125,0.125,0.125,0.125,0.125,0.125
15,15.0,0.125,0.125,0.125,0.125,0.125,0.125,0.125,0.125
16,16.0,0.125,0.125,0.125,0.125,0.125,0.125,0.125,0.125
17,17.0,0.125,0.125,0.125,0.125,0.125,0.125,0.125,0.125
18,18.0,0.125,0.125,0.125,0.125,0.125,0.125,0.125,0.125
19,19.0,0.125,0.125,0.125,0.125,0.125,0.125,0.125,0.125
20,20.0,0.125,0.125,0.125,0.125,0.125,0.125,0.125,0.125
21,21.0,0.125,0.125,0.125,0.125,0.125,0.125,0.125,0.125
22,22.0,0.125,0.125,0.125,0.125,0.125,0.125,0.125,0.125
23,23.0,0.125,0.125,0.125,0.125,0.125,0.125,0.125,0.125
24,24.0,0.125,0.125,0.125,0.125,0.125,0.125,0.125,0.125
25,25.0,0.125,0.125,0.125,0.125,0.125,0.125,0.125,0.125
26,26.0,0.125,0.125,0.125,0.125,0.125,0.125,0.125,0.125
27,27.0,0.125,0.125,0.125,0.125,0.125,0.125,0.125,0.125
28,28.0,0.125,0.125,0.125,0.125,0.125,0.125,0.125,0.125
29,29.0,0.125,0.125,0.125,0.125,0.125,0.125,0.125,0.125
30,30.0,0.125,0.125,0.125,0.125,0.125,0.125,0.125,0.125
31,31.0,0.125,0.125,0.125,0.125,0.125,0.125,0.125,0.125
32,32.0,0.125,0.125,0.125,0.125,0.125,0.125,0.125,0.125
33,33.0,0.125,0.125,0.125,0.125,0.125,0.125,0.125,0.125
34,34.0,0.125,0.125,0.125,0.125,0.125,0.125,0.125,0.125
35,35.0,0.125,0.125,0.125,0.125,0.125,0.125,0.125,0.125
36,36.0,0.125,0.125,0.125,0.125,0.125,0.125,0.125,0.125
37,37.0,0.125,0.125,0.125,0.125,0.125,0.125,0.125,0.125
38,38.0,0.125,0.125,0.125,0.125,0.125,0.125,0.125,0.125
39,39.0,0.125,0.125,0.125,0.125,0.125,0.125,0.125,0.125
40,40.0,0.125,0.125,0.125,0.125,0.125,0.125,0.125,0.125
41,41.0,0.125,0.125,0.125,0.125,0.125,0.125,0.125,0.125
42,42.0,0.125,0.125,0.125,0.125,0.125,0.125,0.125,0.125
43,43.0,0.125,0.125,0.125,0.125,0.125,0.125,0.125,0.125
44,44.0,0.125,0.125,0.125,0.125,0.125,0.125,0.125,0.125
45,45.0,0.125,0.125,0.125,0.125,0.125,0.125,0.125,0.125
46,46.0,0.125,0.125,0.125,0.125,0.125,0.125,0.125,0.125
47,47.0,0.125,0.125,0.125,0.125,0.125,0.125,0.125,0.125
48,48.0,0.125,0.125,0.125,0.125,0.125,0.125,0.125,0.125
49,49.0,0.125,0.125,0.125,0.125,0.125,0.125,0.125,0.125
50,50.0,0.125,0.125,0.125,0.125,0.125,0.125,0.125,0.125
51,51.0,0.125,0.125,0.125,0.125,0.125,0.125,0.125,0.125
52,52.0,0.125,0.125,0.125,0.125,0.125,0.125,0.125,0.125
53,53.0,0.125,0.125,0.125,0.125,0.125,0.125,0.125,0.125
54,54.0,0.125,0.125,0.125,0.125,0.125,0.125,0.125,0.125
55,55.0,0.125,0.125,0.125,0.125,0.125,0.125,0.125,0.125
56,56.0,0.125,0.125,0.125,0.125,0.125,0.125,0.125,0.125
57,57.0,0.125,0.125,0.125,0.125,0.125,0.125,0.125,0.125
58,58.0,0.125,0.125,0.125,0.125,0.125,0.125,0.125,0.125
59,59.0,0.125,0.125,0.125,0.125,0.125,0.125,0.125,0.125
60,60.0,0.125,0.125,0.125,0.125,0.125,0.125,0.125,0.125
61,61.0,0.125,0.125,0.125,0.125,0.125,0.125,0.125,0.125
62,62.0,0.125,0.125,0.125,0.125,0.125,0.125,0.125,0.125
63,63.0,0.125,0.125,0.125,0.125,0.125,0.125,0.125,0.125
64,64.0,0.125,0.125,0.125,0.125,0.125,0.125,0.125,0.125
65,65.0,0.125,0.125,0.125,0.125,0.125,0.125,0.125,0.125
66,66.0,0.125,0.125,0.125,0.125,0.125,0.125,0.125,0.125
67,67.0,0.125,0.125,0.125,0.125,0.125,0.125,0.125,0.125
68,68.0,0.125,0.125,0.125,0.125,0.125,0.125,0.125,0.125
69,69.0,0.125,0.125,0.125,0.125,0.125,0.125,0.125,0.125
70,70.0,0.125,0.125,0.125,0.125,0.125,0.125,0.125,0.125
71,71.0,0.125,0.125,0.125,0.125,0.125,0.125,0.125,0.125
72,72.0,0.125,0.125,0.125,0.125,0.125,0.125,0.125,0.125
73,73.0,0.125,0.125,0.125,0.125,0.125,0.125,0.125,0.125
74,74.0,0.125,0.125,0.125,0.125,0.125,0.125,0.125,0.125
75,75.0,0.125,0.125,0.125,0.125,0.125,0.125,0.125,0.125
76,76.0,0.125,0.125,0.125,0.125,0.125,0.125,0.125,0.125
77,77.0,0.125,0.125,0.125,0.125,0.125,0.125,0.125,0.125
78,78.0,0.125,0.125,0.125,0.125,0.125,0.125,0.125,0.125
79,79.0,0.125,0.125,0.125,0.125,0.125,0.125,0.125,0.125
80,80.0,0.125,0.125,0.125,0.125,0.125,0.125,0.125,0.125
81,81.0,0.125,0.125,0.125,0.125,0.125,0.125,0.125,0.125
82,82.0,0.125,0.125,0.125,0.125,0.125,0.125,0.125,0.125
83,83.0,0.125,0.125,0.125,0.125,0.125,0.125,0.125,0.125
84,84.0,0.125,0.125,0.125,0.125,0.125,0.125,0.125,0.125
85,85.0,0.125,0.125,0.125,0.125,0.125,0.125,0.125,0.125
86,86.0,0.125,0.125,0.125,0.125,0.125,0.125,0.125,0.125
87,87.0,0.125,0.125,0.125,0.125,0.125,0.125,0.125,0.125
88,88.0,0.125,0.125,0.125,0.125,0.125,0.125,0.125,0.125
89,89.0,0.125,0.125,0.125,0.125,0.125,0.125,0.125,0.125
90,90.0,0.125,0.125,0.125,0.125,0.125,0.125,0.125,0.125
91,91.0,0.125,0.125,0.125,0.125,0.125,0.125,0.125,0.125
92,92.0,0.125,0.125,0.125,0.125,0.125,0.125,0.125,0.125
93,93.0,0.125,0.125,0.125,0.125,0.125,0.125,0.125,0.125
94,94.0,0.125,0.125,0.125,0.125,0.125,0.125,0.125,0.125
95,95.0,0.125,0.125,0.125,0.125,0.125,0.125,0.125,0.125
96,96.0,0.125,0.125,0.125,0.125,0.125,0.125,0.125,0.125
97,97.0,0.125,0.125,0.125,0.125,0.125,0.125,0.125,0.125
98,98.0,0.125,0.125,0.125,0.125,0.125,0.125,0.125,0.125
99,99.0,0.125,0.125,0.125,0.125,0.125,0.125,0.125,0.125
100,100.0,0.125,0.125,0.125,0.125,0.125,0.125,0.125,0.125
101,101.0,0.125,0.125,0.125,0.125,0.125,0.125,0.125,0.125
102,102.0,0.125,0.125,0.125,0.125,0.125,0.125,0.125,0.125
103,103.0,0.125,0.125,0.125,0.125,0.125,0.125,0.125,0.125
104,104.0,0.125,0.125,0.125,0.125,0.125,0.125,0.125,0.125
105,105.0,0.125,0.125,0.125,0.125,0.125,0.125,0.125,0.125
106,106.0,0.125,0.125,0.125,0.125,0.125,0.125,0.125,0.125
107,107.0,0.125,0.125,0.125,0.125,0.125,0.125,0.125,0.125
108,108.0,0.125,0.125,0.125,0.125,0.125,0.125,0.125,0.125
109,109.0,0.125,0.125,0.125,0.125,0.125,0.125,0.125,0.125
110,110.0,0.125,0.125,0.125,0.125,0.125,0.125,0.125,0.125
111,111.0,0.125,0.125,0.125,0.125,0.125,0.125,0.125,0.125
112,112.0,0.125,0.125,0.125,0.125,0.125,0.125,0.125,0.125
113,113.0,0.125,0.125,0.125,0.125,0.125,0.125,0.125,0.125
114,114.0,0.125,0.125,0.125,0.125,0.125,0.125,0.125,0.125
115,115.0,0.125,0.125,0.125,0.125,0.125,0.125,0.125,0.125
116,116.0,0.125,0.125,0.125,0.125,0.125,0.125,0.125,0.125
117,117.0,0.125,0.125,0.125,0.125,0.125,0.125,0.125,0.125
118,118.0,0.125,0.125,0.125,0.125,0.125,0.125,0.125,0.125
119,119.0,0.125,0.125,0.125,0.125,0.125,0.125,0.125,0.125
120,120.0,0.125,0.125,0.125,0.125,0.125,0.125,0.125,0.125
121,121.0,0.125,0.125,0.125,0.125,0.125,0.125,0.125,0.125
122,122.0,0.125,0.125,0.125,0.125,0.125,0.125,0.125,0.125
123,123.0,0.125,0.125,0.125,0.125,0.125,0.125,0.125,0.125
124,124.0,0.125,0.125,0.125,0.125,0.125,0.125,0.125,0.125
125,125.0,0.125,0.125,0.125,0.125,0.125,0.125,0.125,0.125
126,126.0,0.125,0.125,0.125,0.125,0.125,0.125,0.125,0.125
127,127.0,0.125,0.125,0.125,0.125,0.125,0.125,0.125,0.125
128,128.0,0.125,0.125,0.125,0.125,0.125,0.125,0.125,0.125
129,129.0,0.125,0.125,0.125,0.125,0.125,0.125,0.125,0.125
130,130.0,0.125,0.125,0.125,0.125,0.125,0.125,0.125,0.125
131,131.0,0.125,0.125,0.125,0.125,0.125,0.125,0.125,0.125
132,132.0,0.125,0.125,0.125,0.125,0.125,0.125,0.125,0.125
133,133.0,0.125,0.125,0.125,0.125,0.125,0.125,0.125,0.125
134,134.0,0.125,0.125,0.125,0.125,0.125,0.125,0.125,0.125
135,135.0,0.125,0.125,0.125,0.125,0.125,0.125,0.125,0.125
136,136.0,0.125,0.125,0.125,0.125,0.125,0.125,0.125,0.125
137,137.0,0.125,0.125,0.125,0.125,0.125,0.125,0.125,0.125
138,138.0,0.125,0.125,0.125,0.125,0.125,0.125,0.125,0.125
139,139.0,0.125,0.125,0.125,0.125,0.125,0.125,0.125,0.125
140,140.0,0.125,0.125,0.125,0.125,0.125,0.125,0.125,0.125
141,141.0,0.125,0.125,0.125,0.125,0.125,0.125,0.125,0.125
142,142.0,0.125,0.125,0.125,0.125,0.125,0.125,0.125,0.125
143,143.0,0.125,0.125,0.125,0.125,0.125,0.125,0.125,0.125
144,144.0,0.125,0.125,0.125,0.125,0.125,0.125,0.125,0.125
145,145.0,0.125,0.125,0.125,0.125,0.125,0.125,0.125,0.125
146,146.0,0.125,0.125,0.125,0.125,0.125,0.125,0.125,0.125
147,147.0,0.125,0.125,0.125,0.125,0.125,0.125,0.125,0.125
148,148.0,0.125,0.125,0.125,0.125,0.125,0.125,0.125,0.125
149,149.0,0.125,0.125,0.125,0.125,0.125,0.125,0.125,0.125
150,150.0,0.125,0.125,0.125,0.125,0.125,0.125,0.125,0.125
151,151.0,0.125,0.125,0.125,0.125,0.125,0.125,0.125,0.125
152,152.0,0.125,0.125,0.125,0.125,0.125,0.125,0.125,0.125
153,153.0,0.125,0.125,0.125,0.125,0.125,0.125,0.125,0.125
154,154.0,0.125,0.125,0.125,0.125,0.125,0.125,0.125,0.125
155,155.0,0.125,0.125,0.125,0.125,0.125,0.125,0.125,0.125
156,156.0,0.125,0.125,0.125,0.125,0.125,0.125,0.125,0.125
157,157.0,0.125,0.125,0.125,0.125,0.125,0.125,0.125,0.125
158,158.0,0.125,0.125,0.125,0.125,0.125,0.125,0.125,0.125
159,159.0,0.125,0.125,0.125,0.125,0.125,0.125,0.125,0.125
160,160.0,0.125,0.125,0.125,0.125,0.125,0.125,0.125,0.125
161,161.0,0.125,0.125,0.125,0.125,0.125,0.125,0.125,0.125
162,162.0,0.125,0.125,0.125,0.125,0.125,0.125,0.125,0.125
163,163.0,0.125,0.125,0.125,0.125,0.125,0.125,0.125,0.125
164,164.0,0.125,0.125,0.125,0.125,0.125,0.125,0.125,0.125
165,165.0,0.125,0.125,0.125,0.125,0.125,0.125,0.125,0.125
166,166.0,0.125,0.125,0.125,0.125,0.125,0.125,0.125,0.125
167,167.0,0.125,0.125,0.125,0.125,0.125,0.125,0.125,0.125
168,168.0,0.125,0.125,0.125,0.125,0.125,0.125,0.125,0.125
169,169.0,0.125,0.125,0.125,0.125,0.125,0.125,0.125,0.125
170,170.0,0.125,0.125,0.125,0.125,0.125,0.125,0.125,0.125
171,171.0,0.125,0.125,0.125,0.125,0.125,0.125,0.125,0.125
172,172.0,0.125,0.125,0.125,0.125,0.125,0.125,0.125,0.125
173,173.0,0.125,0.125,0.125,0.125,0.125,0.125,0.125,0.125
174,174.0,0.125,0.125,0.125,0.125,0.125,0.125,0.125,0.125
175,175.0,0.125,0.125,0.125,0.125,0.125,0.125,0.125,0.125
176,176.0,0.125,0.125,0.125,0.125,0.125,0.125,0.125,0.125
177,177.0,0.125,0.125,0.125,0.125,0.125,0.125,0.125,0.125
178,178.0,0.125,0.125,0.125,0.125,0.125,0.125,0.125,0.125
179,179.0,0.125,0.125,0.125,0.125,0.125,0.125,0.125,0.125
180,180.0,0.125,0.125,0.125,0.125,0.125,0.125,0.125,0.125
181,181.0,0.125,0.125,0.125,0.125,0.125,0.125,0.125,0.125
182,182.0,0.125,0.125,0.125,0.125,0.125,0.125,0.125,0.125
183,183.0,0.125,0.125,0.125,0.125,0.125,0.125,0.125,0.125
184,184.0,0.125,0.125,0.125,0.125,0.125,0.125,0.125,0.125
185,185.0,0.125,0.125,0.125,0.125,0.125,0.125,0.125,0.125
186,186.0,0.125,0.125,0.125,0.125,0.125,0.125,0.125,0.125
187,187.0,0.125,0.125,0.125,0.125,0.125,0.125,0.125,0.125
188,188.0,0.125,0.125,0.125,0.125,0.125,0.125,0.125,0.125
189,189.0,0.125,0.125,0.125,0.125,0.125,0.125,0.125,0.125
190,190.0,0.125,0.125,0.125,0.125,0.125,0.125,0.125,0.125
191,191.0,0.125,0.125,0.125,0.125,0.125,0.125,0.125,0.125
192,192.0,0.125,0.125,0.125,0.125,0.125,0.125,0.125,0.125
193,193.0,0.125,0.125,0.125,0.125,0.125,0.125,0.125,0.125
194,194.0,0.125,0.125,0.125,0.125,0.125,0.125,0.125,0.125
195,195.0,0.125,0.125,0.125,0.125,0.125,0.125,0.125,0.125
196,196.0,0.125,0.125,0.125,0.125,0.125,0.125,0.125,0.125
197,197.0,0.125,0.125,0.125,0.125,0.125,0.125,0.125,0.125
198,198.0,0.125,0.125,0.125,0.125,0.125,0.125,0.125,0.125
199,199.0,0.125,0.125,0.125,0.125,0.125,0.125,0.125,0.125
200,200.0,0.1246111111111111,0.1246111111111111,0.1257222222222222,0.1246111111111111,0.1246111111111111,0.1246111111111111,0.1266111111111111,0.1246111111111111
201,201.0,0.1250872222222222,0.1239761111111111,0.1260761111111111,0.1239761111111111,0.1239761111111111,0.1239761111111111,0.1289561111111111,0.1239761111111111
202,202.0,0.1252489409090909,0.1241489409090909,0.1262179409090909,0.1231489409090909,0.1240580318181818,0.1231489409090909,0.1308793227272727,0.1231489409090909
203,203.0,0.1252412407424242,0.1249955740757575,0.1260917416515151,0.1221722407424242,0.1239055740757576,0.1221722407424242,0.1332491472272727,0.1221722407424242
204,204.0,0.1250912804693823,0.125636201238613,0.1257417787027156,0.1210808704693823,0.1235579194204312,0.1210808704693823,0.136730208760711,0.1210808704693823
205,205.0,0.1238216122101595,0.1260945904859836,0.1252048338222084,0.1216732680793902,0.12304763784962,0.1199040373101595,0.1403499829323191,0.1199040373101595
206,206.0,0.122564046303109,0.1265409751235376,0.1246698098168046,0.1222899679728782,0.122552688277174,0.118769198742109,0.1438441150222784,0.118769198742109
207,207.0,0.1220442338863699,0.1262578060515952,0.1241418648390478,0.1229223729225634,0.122076486998981,0.1176835036917942,0.1471902279178542,0.1176835036917942
208,208.0,0.1215507405922212,0.1249637274746828,0.123625570435951,0.1235625883733291,0.1216219211983977,0.1166528947579445,0.1503696624095291,0.1176528947579445
209,209.0,0.1208997222551982,0.124200909657205,0.1229863963555509,0.1239739938911224,0.1210052257995218,0.1164527321888148,0.1530382876637719,0.1174427321888148
210,210.0,0.1201218831214001,0.1241227724503108,0.122250273388633,0.1241886681023744,0.1202572222746129,0.116115284661936,0.1558575113387966,0.117086384661936
211,211.0,0.1193167629159216,0.1239266058549876,0.1214758369075975,0.1242697959037852,0.1194776007256026,0.1157033136565103,0.158413160609854,0.1174169234257411
212,212.0,0.1179785645292353,0.1226775627013327,0.1197233036012205,0.1232813088836259,0.1177259601429451,0.1149940651700338,0.1608657885082952,0.1227534464633113
213,213.0,0.1173020236305051,0.1206993854022454,0.1178821962538529,0.1227827393315065,0.1153211516595299,0.1141648475705294,0.1637880875988796,0.1280595685529512
214,214.0,0.1166443229345492,0.1187445716615841,0.1160836792659851,0.1222768342619188,0.1129694855237339,0.1133761096044766,0.1664763076504484,0.1334286890973038
215,215.0,0.1159617671496615,0.116782329597909,0.1142458560609231,0.1216737635666829,0.1106411604991495,0.112583687025187,0.1693551611795745,0.1387562749209124
216,216.0,0.1139592167931334,0.1148480610941951,0.1124072625986641,0.1223388349548765,0.108372162354938,0.1118109091498137,0.1723799281713426,0.1438836248830365
217,217.0,0.1119845301590277,0.1129541448128165,0.1106196951728837,0.1235135835042746,0.1061750817178376,0.1110593726200523,0.1749182696095709,0.1487753224035367
218,218.0,0.1099769716630118,0.1109961219492556,0.108781466069878,0.1249279410720863,0.1039870015650768,0.1101734392548745,0.1772870720862115,0.1538699863396055
219,219.0,0.1085496916579361,0.1090349507106276,0.1069833440098377,0.1266399633115111,0.1018631346758931,0.1092111106858527,0.1791849936295194,0.1585328113188222
220,220.0,0.1071302758240317,0.1070915466389136,0.1046516447103049,0.1286309928071592,0.0998188788881766,0.1081910472078818,0.1817234549509003,0.162762158972632
221,221.0,0.1055934150122555,0.1050450221664984,0.1022537377626652,0.1307119216688269,0.0977279987593928,0.1069908500536193,0.1852561719140974,0.1664208826626446
222,222.0,0.1041566468248967,0.1030514450857424,0.0999191977192981,0.1329675182932159,0.0957150402430288,0.1057921408592769,0.1899909976400546,0.1684070133344866
223,223.0,0.1025586754010271,0.1004161203910874,0.0974820130424838,0.1352586714446042,0.09360932051528,0.1044237376730798,0.1958698873371036,0.1703815741953341
224,224.0,0.1019399530987307,0.09779213210211,0.0950656918430492,0.1372113537504283,0.0915300446952763,0.1029525341478421,0.2011723893125926,0.1723359010499708
225,225.0,0.101145610915742,0.0951323642389101,0.0926200887630283,0.139637253893239,0.089423138928221,0.1013786685515505,0.2068378860589546,0.1738249886503544
226,226.0,0.100177829036461,0.0924573694518319,0.0909321958048009,0.141542251308848,0.0877375948894756,0.0997185227615634,0.2125633896868226,0.1748708470601965
227,227.0,0.0998429817046346,0.0898017921939132,0.0892022399512963,0.1429666078309586,0.0867593690838063,0.0980036980679294,0.2179095987402296,0.175513712427232
228,228.0,0.0993402561110113,0.087194246470339,0.0874575585379304,0.145516562145248,0.0857406734221671,0.0962608105934713,0.22269843733224,0.1757914553875929
229,229.0,0.0987234165517272,0.0846846754106524,0.0857469322367553,0.1487432591500015,0.085350218533319,0.0940650821062314,0.2267883554858601,0.1758980605254532
230,230.0,0.0981145382295421,0.0823075572443468,0.0841039770789667,0.1515510130211954,0.0849493366019933,0.0919292497671195,0.2307057582583804,0.1763385697984558
231,231.0,0.097409812647712,0.0800480570412317,0.0825134031760204,0.1545164189149862,0.0845181283222925,0.0903988770177539,0.2341075675054301,0.1764877353745731
232,232.0,0.096584446194794,0.0778745223345893,0.0814435644676557,0.1573221288470839,0.0846096215217556,0.0888306803986682,0.2371357288888951,0.1761993073465581
233,233.0,0.0956586511658919,0.0762757704570622,0.0803787643567216,0.1594522402010609,0.0846076171672056,0.0877990425643306,0.239809123240006,0.1760187908477211
234,234.0,0.0946506880196949,0.0747591177084374,0.0793278287352243,0.1619498894641357,0.0845200220832006,0.0867300659991679,0.2421466362194963,0.1759157517706427
235,235.0,0.0935969038166388,0.073369455065842,0.0783375984227499,0.1638950293412249,0.0848738890103375,0.0856758922542287,0.2446614266941307,0.1755898053948474
236,236.0,0.0925105554965406,0.0721067648800908,0.0778451902088389,0.1664409328989696,0.0851454212070666,0.0846439598802795,0.2462424534319957,0.1750647219962181
237,237.0,0.0914395351104355,0.0709966591366469,0.0774579105085027,0.1690484311609029,0.0854094821031208,0.083685616504299,0.2475354439132482,0.1744269215628438
238,238.0,0.0904134102507365,0.0700775803050487,0.0767355286475317,0.1721596988874778,0.0856845684015583,0.0832801867989114,0.2482803384178328,0.1733686882909024
239,239.0,0.0894319582183194,0.0692658360796637,0.0760952147080513,0.174779274969392,0.085960832304076,0.0829291355047859,0.2489697466223711,0.1725680015933401
240,240.0,0.0884644978859089,0.0685788764517615,0.0755357505274641,0.1773310505629602,0.0861993650463694,0.0826143694193169,0.2495800792480555,0.1716960108581631
241,241.0,0.0875170808361551,0.0680099668276073,0.0750535200414209,0.1796741619235781,0.0863993305663645,0.0823335573145464,0.2502449418241085,0.1707674406662188
242,242.0,0.0865751489475866,0.0675123343746486,0.0746247281027583,0.1818560917848439,0.086540557967388,0.0824293011388795,0.250518359890745,0.1699434777931497
243,243.0,0.0863592480550159,0.0678558505006747,0.0746040042906018,0.1837020772076467,0.0869820409622294,0.0828571474136784,0.2507894180298592,0.1668502135402937
244,244.0,0.0861669312304457,0.068244774797959,0.0746345876273615,0.1854010088918024,0.0873787648956636,0.0832618627080262,0.2512784809202738,0.1636335889284675
245,245.0,0.0859894085729469,0.0690537373542632,0.0747102555587926,0.1865835363202714,0.0877228837721225,0.0836393108185608,0.2519523415481357,0.1603485260549066
246,246.0,0.085831803379774,0.0699201690670261,0.0748317288334788,0.1875862445585847,0.0880210443959255,0.0840070444966758,0.2526924078346395,0.1571095574338954
247,247.0,0.0856982208522358,0.0708353236506619,0.0749988771315357,0.188539616447519,0.08827938188191,0.0843667992142624,0.2541521836056714,0.1531295972162036
248,248.0,0.0856159880150066,0.0714099199109354,0.0752148194909493,0.189480085397559,0.0885276886349602,0.0847541656015659,0.2553308153774279,0.1496665175715955
249,249.0,0.0855591783394079,0.0719686282649482,0.0754512138116941,0.1902925067320181,0.0887428707728193,0.0851269605432008,0.2560331192796154,0.1468255222562959
250,250.0,0.0855169240590891,0.0724927594833242,0.0756535421347236,0.1907268451139192,0.089238106361769,0.0854505133562336,0.2569579924589437,0.1439633170319974
251,251.0,0.0855221705178253,0.0730383178317529,0.0758897748127312,0.1910055007947214,0.0897255961655344,0.0857887001756252,0.2577459311670377,0.1412840085347716
252,252.0,0.0853430941361493,0.0732460992551623,0.0761596961819995,0.1916243673371175,0.0899742188236217,0.0861422128311061,0.2587626608703631,0.1387476505644803
253,253.0,0.0851820331335689,0.0734420450493175,0.0763967176724449,0.1919586558090146,0.0901541566623347,0.0864621297919145,0.2602897531125628,0.1361145087688417
254,254.0,0.0851896250947732,0.0737004502560174,0.0766760607630914,0.192330964076157,0.0903447804912696,0.0868232977793401,0.2615878046660917,0.1333470168732594
255,255.0,0.0859008208070647,0.0742585808294376,0.0768524002061135,0.1924246234784076,0.0904180433294435,0.0867229363572044,0.2630862631827961,0.1303363318095324
256,256.0,0.0865983674396561,0.0747512274887411,0.076975496654292,0.1923682277071677,0.0907581829120101,0.0865712613349688,0.2646111857064306,0.1273660507567332
257,257.0,0.0872998758194628,0.0752270430678276,0.0770964743517105,0.1921141437648904,0.0913051754077962,0.0864100469700418,0.2659437236281927,0.1246035169900778
258,258.0,0.0876845002437191,0.0756920987198429,0.0772234815973859,0.1921004250451464,0.091832709475856,0.0862510055412571,0.2671419058563434,0.1220738735204489
259,259.0,0.0879262311432317,0.0771097566909343,0.0772104710628847,0.1918369628575107,0.0921879959048683,0.0859513358681373,0.2681475784330061,0.1196296680394268
260,260.0,0.089050535816354,0.0782730643132464,0.0770851698864439,0.1913631996214358,0.0923980082153074,0.0855416927267213,0.26898822899667,0.117300100423821
261,261.0,0.090133034461229,0.0793810248128302,0.0769452614114183,0.1906198803512997,0.0925399282096711,0.0854046292271654,0.2695813644788388,0.1153948770475474
262,262.0,0.0915094789455217,0.0797535706472604,0.0768598235434548,0.1902598286847385,0.0919842515571577,0.0852753375721466,0.2707522827694427,0.1136054262802775
263,263.0,0.0927896629763051,0.0800383575608205,0.0767089816435176,0.1900635352471422,0.0913189821916899,0.0853567417441483,0.2718669514156491,0.1118567872207271
264,264.0,0.0929931469820894,0.0812480070191802,0.0765066569584595,0.1901249608885703,0.0905833884532684,0.0854006207315799,0.2729785997248975,0.1101646192419547
265,265.0,0.0928301310308544,0.0823766188258725,0.0762578825481772,0.1905200325052089,0.0897894651490663,0.0854085603065894,0.2739380486924199,0.1088792609418113
266,266.0,0.0925998743219519,0.0834256871511264,0.0759951573075976,0.1909341358213453,0.088948540488459,0.0853570795586618,0.2745444329860316,0.1081950923648263
267,267.0,0.0923100073448989,0.0843916529892208,0.0756999755251997,0.1914300179784775,0.0880713050297419,0.0852389925551533,0.275390915937571,0.1074671326397368
268,268.0,0.0919536413526821,0.0852577831372566,0.0753623444281424,0.1917184177856533,0.0874652390626661,0.0850445305207934,0.2764419445574845,0.1067560991553214
269,269.0,0.0915585717536356,0.0860433373284313,0.0750259678858244,0.1922416814065084,0.0868547114874363,0.0848085075314446,0.2772767141178237,0.1061905084888954
270,270.0,0.0911214012600206,0.0867376457724537,0.0746832123641294,0.1930254634722554,0.08621432525626,0.0845248355667012,0.2778621712045526,0.1058309451036269
271,271.0,0.090642983941917,0.087335499617202,0.074311813579876,0.193655184513777,0.0855349246109788,0.0844325692948019,0.2783119559033081,0.1057750685381389
272,272.0,0.0901305813829863,0.0878392468423942,0.0739162510480029,0.1945003791123828,0.0848238488570271,0.0842790427267132,0.2788056722571646,0.1057049777733288
273,273.0,0.0895995115056869,0.0882603754065713,0.0735092475954879,0.1953495236891086,0.0841133077948094,0.0840767335792953,0.2793743582183411,0.1057169422106992
274,274.0,0.0890525103245766,0.0885988050918651,0.0730911395851394,0.1961381576484554,0.0834050279046411,0.0838261752145564,0.2800908516046846,0.1057973326260812
275,275.0,0.0884983995444438,0.0888614820754652,0.0726685498382694,0.1969628134778709,0.0827067629390477,0.0835345819323184,0.2808279910106562,0.1059394191819281
276,276.0,0.0879391656465505,0.0890493829052779,0.072241469236018,0.1977171751211195,0.0823135069954975,0.0832028837818624,0.281700009603525,0.105836406710149
277,277.0,0.0873712021515317,0.0902697916327037,0.0718044990024619,0.1985074434810195,0.0818982475837843,0.0828269232844036,0.2813521835874081,0.105969709276687
278,278.0,0.0868073518405184,0.0914138210879896,0.0713688907465169,0.1992195538742988,0.0814955215336434,0.0824194514800985,0.2811370512468311,0.106138358190103
279,279.0,0.0862516031150989,0.0924766999325778,0.0709372387213497,0.2000967444175155,0.0811060898329238,0.0819847780448343,0.2808117149556089,0.106335130980091
280,280.0,0.0857074976591079,0.0934549711332104,0.0705118817261502,0.2011727939871529,0.0807305582805046,0.0815271331402577,0.2803894851052613,0.106505678968355
281,281.0,0.0853781387503088,0.0943463943944638,0.0700949042446124,0.2019582897480952,0.0806019436062037,0.0810506307845637,0.2798833584009778,0.1066863400707745
282,282.0,0.0852563599751378,0.0951498461662252,0.0696881399416319,0.2028466863350934,0.0804803966795595,0.0805592370159872,0.2791471897523048,0.1068721441340601
283,283.0,0.0851494298851893,0.0958736218388322,0.0693015806334596,0.2040377567422281,0.0803979394859237,0.0802122048983219,0.2784646424027849,0.1065628241132601
284,284.0,0.0850587590679031,0.0965100964250617,0.0689378074823747,0.2054190350757102,0.0803109559929981,0.0798806369642625,0.2776850561652315,0.1061976528264581
285,285.0,0.0849908715537963,0.0970688785372997,0.06860542285379,0.2066535183010448,0.0802505487560747,0.0795733934895926,0.2770043608832162,0.1058530056251857
286,286.0,0.0850276855484224,0.0967576637147382,0.0683893529077966,0.2077825577719361,0.0802681902517217,0.0793587671465044,0.2765870740792261,0.1058287085796543
287,287.0,0.0850586967204927,0.0963675831319407,0.0681805911668251,0.2089667406219483,0.0802546672999677,0.0791288682343182,0.2763104248643269,0.1057324279601802
288,288.0,0.0850959864020764,0.0959128013700289,0.0679823320032479,0.209880574207622,0.0802201495782426,0.0789083562868227,0.2764294063116869,0.1055703938402724
289,289.0,0.0851221432473321,0.0953980267765601,0.0677886734850321,0.2105859661132886,0.0801523351295902,0.0786715849424029,0.2769409765135389,0.105340293792255
290,290.0,0.0851426793205717,0.0948397160804058,0.0676058916285231,0.2113865406098821,0.0800776812377476,0.0784261679984463,0.2774111753576215,0.1051101477668017
291,291.0,0.0851604967918696,0.0942509837148755,0.0675881083838272,0.2122115665169292,0.0797511785117373,0.0783563166770127,0.277789093984356,0.1048922554193923
292,292.0,0.085168179483707,0.0936338650711091,0.0675815241217512,0.2129572001598141,0.0794117911015707,0.0782759978921576,0.2783489777518585,0.1046224644180318
293,293.0,0.0851632981690295,0.0929946039191777,0.0675762864703999,0.2135356328571415,0.0790524085527297,0.0781788472869227,0.2792043326234386,0.1042945901211603
294,294.0,0.0851475082762085,0.0923427417895264,0.0675783504553193,0.2140353538082705,0.0786854649201899,0.0780704955561293,0.2802177440587821,0.1039223411355738
295,295.0,0.0851316536979198,0.0916880254185128,0.0675887912661835,0.2145338206242985,0.0783216955625211,0.0779727892433706,0.281250661164339,0.1035125630228546
296,296.0,0.0851006397274104,0.0910302243942121,0.0675919234969211,0.2153836308427521,0.0779436285806784,0.077855562288831,0.2820390835192476,0.1030553071499472
297,297.0,0.0850583996918168,0.0903788877021716,0.0675977607713389,0.2162197753220632,0.0775648501229275,0.0777265829088574,0.2828875092219533,0.1025662342588711
298,298.0,0.0850052242098138,0.0897391692995957,0.0676051284714915,0.2172586285010246,0.0771874599989047,0.0775862255910864,0.2835684864071846,0.1020496775208988
299,299.0,0.0849452859378824,0.0891193799323778,0.0676242868766179,0.2180417871988461,0.0765887842724765,0.0774425338074593,0.2845039537313444,0.1017339882429956
300,300.0,0.0848797061232567,0.0885240852860665,0.0676473116313484,0.218771418415661,0.0760082964919613,0.0772929333471476,0.285434901549042,0.1014413471555164
301,301.0,0.0834199138332135,0.0882341672389394,0.0679508399088548,0.2195734520654562,0.0757267510372459,0.0785267203270371,0.285952164607805,0.100615990981448
302,302.0,0.0818555017921442,0.0878580514197207,0.0681321869903967,0.2214909203453113,0.0753538738743975,0.0795144869549367,0.2860920864412597,0.0997028921818332
303,303.0,0.0802301308096817,0.0874261523669088,0.068219202404876,0.223202359797066,0.0747167719673059,0.080296729922474,0.2872987922595681,0.0986098604721195
304,304.0,0.078640847103036,0.0870171377565398,0.0682886459297292,0.2246127336201506,0.0740997466872107,0.0810490306303964,0.2885742648695538,0.0977175934033834
305,305.0,0.077094059209354,0.0866333275800277,0.0684619100017863,0.2258481891000583,0.0735007042528903,0.0817555009519755,0.2898877524447856,0.0968185564591222
306,306.0,0.0757450930412965,0.0862777466723362,0.0686194684221418,0.2268222770897389,0.0729304256370741,0.082593927482606,0.2910473411721586,0.0959637204826477
307,307.0,0.0744649351298412,0.0859513883239792,0.0687597571841467,0.2275980732698049,0.0723963109014263,0.0833876578424822,0.2922899433557854,0.0951519339925339
308,308.0,0.0732637140286473,0.0856588016627118,0.0688866798653667,0.2284955459078273,0.0717659615018516,0.0841369113292859,0.2937905158777945,0.0940018698265147
309,309.0,0.0721262917353034,0.0853883271437788,0.0689884823387813,0.2292445912465427,0.0711597578749545,0.0851261012945345,0.2951069268963065,0.0928595214697981
310,310.0,0.071056267418924,0.0851396443904724,0.0690652459687239,0.2299865097314991,0.0705798775708677,0.0860322041964044,0.2964084644167021,0.0917317863064063
311,311.0,0.0700604909251456,0.0849165185504869,0.0691215798412814,0.2306177741154375,0.0700365561119906,0.0868561108037839,0.2977278815626186,0.0906630880892552
312,312.0,0.0691404198644796,0.0847181051685943,0.0693218069450163,0.2313504164608392,0.0695306811215711,0.0875955093457553,0.2988944521169479,0.0894486089767961
313,313.0,0.0683025099713238,0.0846519686113517,0.0694980738996467,0.2320225623644332,0.0690618379825647,0.0882634206599182,0.2999249073209031,0.0882747191898583
314,314.0,0.0675475875563504,0.0846073047914571,0.0696522348684276,0.2325555920463566,0.068631420167671,0.0888604362727039,0.3009978089302011,0.087147615366832
315,315.0,0.0668746448655718,0.0845809603853393,0.0697892987737886,0.2331618122502672,0.06823826317224,0.0893932099893707,0.3018897865272466,0.0860720240361754
316,316.0,0.066272780606176,0.0845690475970798,0.0699071967319337,0.2336407393045867,0.0678764133608007,0.0898461096553742,0.3028384323232138,0.0850492804208349
317,317.0,0.0657409762116852,0.0845707520746262,0.0699996485226073,0.2340321867609748,0.0675500012999236,0.0902146057385673,0.30378845334032,0.0841033760512953
318,318.0,0.0652765469051431,0.0845841273845999,0.0700671060004037,0.2343403277728288,0.0672579247686771,0.0905013367392456,0.3049300147245546,0.0830426157045467
319,319.0,0.0648727955560826,0.0846036883871046,0.0701066231510457,0.2347806928922788,0.0669916088046255,0.0908341182382217,0.3057748406600141,0.0820356323106268
320,320.0,0.0645265086669867,0.084627848039449,0.0701192529608819,0.2353269226616665,0.0667498950768808,0.0910857562859583,0.3064794117340442,0.0810844045741322
321,321.0,0.0642455240285034,0.084660098516539,0.0701111916052293,0.2358395498605652,0.066543004383327,0.0912787131415356,0.3071065455160616,0.0802153729482386
322,322.0,0.0653310217713667,0.084899342798497,0.0702840761745714,0.2355701819834347,0.0665663976865472,0.0908783524306123,0.3068823882788651,0.0795882388761053
323,323.0,0.0664514751796806,0.0851388597414328,0.0704401301655626,0.235161953928588,0.0666095822483469,0.090417214623976,0.3067563267294232,0.0790244573829895
324,324.0,0.0683701805443914,0.0852657201312939,0.0704626812583325,0.2347289057410566,0.0665624413872651,0.0897912551470985,0.3063972777166224,0.0784215380739392
325,325.0,0.0700145230659592,0.0854393592382867,0.070372925653281,0.2343373478073792,0.0662610294887727,0.0890303382752121,0.3067471282448027,0.0777973482263062
326,326.0,0.0716440173754096,0.0856041637922476,0.0702619990679744,0.2340229620297425,0.0659795905255075,0.0882433091388865,0.3068821833334628,0.0773617747367688
327,327.0,0.0730179805002839,0.0845755840770029,0.0700639019248461,0.2352959161896723,0.0656445108411395,0.0873712894394716,0.3071259273163986,0.0769048897111849
328,328.0,0.0743433445848202,0.0836409965079854,0.0698479693317054,0.2363068447755971,0.0653260571021267,0.0864770970500591,0.3075687292235785,0.0764889614241273
329,329.0,0.0756106837440731,0.0827129284352866,0.0696169892747575,0.2373081553873715,0.065024867810917,0.0855696234891124,0.3080451294938252,0.0761116223646564
330,330.0,0.0766266487819007,0.0817364115453734,0.0693109113029594,0.2377701930034342,0.0646813647360033,0.0857177404958616,0.3084490534269792,0.0757076767074878
331,331.0,0.0775788315354596,0.0807830089035544,0.0689969969387058,0.2379147939561537,0.064360375371215,0.0858709807675936,0.3091557123946902,0.0753393001326275
332,332.0,0.0784653443335594,0.0798626366724711,0.0686850238027144,0.237989614054641,0.0640640468920386,0.0860330399827939,0.3098872975833421,0.0750129966784391
333,333.0,0.0785143421007643,0.078849161407496,0.0683774656265451,0.238156211980686,0.0637924941200941,0.0862008528097866,0.3113831332171949,0.0747263387374327
334,334.0,0.0783907447465401,0.0777696631584449,0.0679610472081078,0.2392021556385974,0.0634352405523008,0.0861475178829049,0.3127216269235994,0.0743720038895044
335,335.0,0.0781150402521701,0.076648869107904,0.0674577706075911,0.2402608773347244,0.0630090931504035,0.0866498422115967,0.3138915044825416,0.0739670028530684
336,336.0,0.0777146790992978,0.0755065423369297,0.0668854099994421,0.2411261099791371,0.0633654933212176,0.0869174174844251,0.3149724882520068,0.0735118595275436
337,337.0,0.0772097891021247,0.0743597876184627,0.06625976348591,0.2419416903202355,0.0636121161300708,0.0877516633788591,0.3158469858174731,0.073018204146864
338,338.0,0.0766182072777507,0.0732227222726778,0.0655942685576221,0.2433101170676082,0.0637624943777312,0.088347728694218,0.3166488611614182,0.0724956005909737
339,339.0,0.0759492638389,0.0721057131389894,0.0648991829509417,0.2445288775519347,0.0638239382747129,0.0887166175434003,0.3173590042980097,0.0726174024031112
340,340.0,0.0752191323564517,0.0710199614784243,0.0641905212239659,0.2456361537847405,0.0638078124789166,0.0895111673921713,0.3179324213131022,0.0726828299722273
341,341.0,0.0736804709885382,0.0699768432885277,0.0634803745738972,0.2464922122055615,0.0643170650636801,0.0900980959165473,0.3192439263357468,0.0727110116275009
342,342.0,0.0720962517918853,0.0689568306487561,0.0627458920072762,0.2478258923524586,0.0647721093176068,0.0905946082114151,0.3203122764541392,0.0726961392164625
343,343.0,0.0703746876262866,0.0679691456875398,0.0619978512794952,0.2497902506689491,0.06517521015321,0.0910058394606199,0.3210443328701413,0.0726426822537579
344,344.0,0.0686504747398942,0.0670217889626975,0.0612467742559576,0.2520874882069523,0.0655296040463908,0.0913379495513789,0.3215681963715309,0.0725577238651977
345,345.0,0.0669415450462983,0.0661205109699399,0.0605005202142846,0.2547136483588999,0.0658370426651065,0.091595631956713,0.3217076797310989,0.0725834210576588
346,346.0,0.0652988126444343,0.0653049562840239,0.0598017161388276,0.2573751776163216,0.0661351666720021,0.0918194560898529,0.3216348631183411,0.0726298514361962
347,347.0,0.0637262189469609,0.0645725605949177,0.0591496038445267,0.2599021992283977,0.0664167371589828,0.0919961328814447,0.3214332814987454,0.0728032658460238
348,348.0,0.0623116022624497,0.0638892864248677,0.0585127410225342,0.2619430635908929,0.0666474597723277,0.0920944773496443,0.3216490278211322,0.072952341756151
349,349.0,0.0609552134830513,0.0632615124914256,0.0579008632490034,0.2636377722893759,0.0668351613555247,0.0921254088013082,0.3220643456377197,0.073219722692591
350,350.0,0.0596627478312078,0.0626846143512164,0.0573113902404561,0.2654733121925015,0.0669786099520468,0.0921778424278898,0.3222634715635334,0.0734480114411483
351,351.0,0.0585489188322117,0.062158749036724,0.0567472179388164,0.2668617167497104,0.067080377460569,0.0922868069024301,0.3226792428981987,0.0736369701813397
352,352.0,0.0575026304526978,0.061682269292673,0.0562094260734575,0.2678134342792955,0.0671395267303708,0.0927872273509176,0.3229712612067028,0.073894224613885
353,353.0,0.0565345748338963,0.0612565533666285,0.0557055134515804,0.2683582525938902,0.0671635326132487,0.0936563918768491,0.3232055018932633,0.0741196793706433
354,354.0,0.0556460935965387,0.0608801653238033,0.0552365650892394,0.2685213241957556,0.067155153729681,0.0944384185707853,0.3238093497950996,0.0743129296990971
355,355.0,0.0547348201578639,0.0605524861619842,0.0548043737727355,0.2686434970723119,0.0671207508121619,0.0952775995644668,0.3243901614964452,0.0744763109620304
356,356.0,0.0539022624477998,0.0603818132628267,0.0544109612300136,0.2685466487444763,0.0670635877162331,0.0964039335419526,0.3246637328391136,0.074627060217584
357,357.0,0.0531493405410918,0.0602535610668955,0.054050189626921,0.2681745289183619,0.0669827874157802,0.0974208013211349,0.3253503965437116,0.0746183945661028
358,358.0,0.0524686040740178,0.0601600846212237,0.0537186677916985,0.2675303107753645,0.0668757630547423,0.0983106285269709,0.3263648437599948,0.0745710973959873
359,359.0,0.0518585150219979,0.0600978910304457,0.0534157139174065,0.2667673626236165,0.0667452594881461,0.0990738702073332,0.3275538962412256,0.0744874914698284
360,360.0,0.0516524332523322,0.0600645854214366,0.0531446485307755,0.265697666526474,0.0665950438704515,0.099821704483308,0.3286464924584161,0.0743774254568059
361,361.0,0.051507539665579,0.0600628359537496,0.052911015138538,0.2644386254781216,0.066436143902138,0.1004682117040726,0.3299181781642561,0.0742574499935449
362,362.0,0.0514156500250414,0.0600853355142347,0.0527077070032938,0.263101134684465,0.0662658460786813,0.1010100307943943,0.3309839862880823,0.0744303096118071
363,363.0,0.0513714266354115,0.0601287845582623,0.0525331203172088,0.2619918884347024,0.0659811709251686,0.1014502999822308,0.3319701791261068,0.0745731300209086
364,364.0,0.0513688373783092,0.0601903655783474,0.0523902035589991,0.2608322809195989,0.0656909410690534,0.1017869701466685,0.3330402846725199,0.0747001166765034
365,365.0,0.0514028033050599,0.0602670686065374,0.052269574065647,0.2596786532912196,0.0653981215159308,0.1023148132865525,0.3339924510634166,0.074676514865636
366,366.0,0.0514668985125372,0.0603545555942208,0.0521679376946344,0.2583574317551921,0.065103927660619,0.1027394928569131,0.3351911156296059,0.0746186402962772
367,367.0,0.0515608029892862,0.0604523768375534,0.0520846096933613,0.2568359760256184,0.0648130283533467,0.1030777674709313,0.3366446662621429,0.0745307723677596
368,368.0,0.0516859455656676,0.0605622483052337,0.0520237128544679,0.25544534293555,0.0645308443015731,0.1033440159056356,0.3379824365837009,0.074425453548171
369,369.0,0.051571358603049,0.0606836514514055,0.0520831782559427,0.2544137773559172,0.0642611110115216,0.1035540813977613,0.3391264906063551,0.0743063513180472
370,370.0,0.0514799686200031,0.0608078924394521,0.052157612738864,0.2534080304683883,0.0639989541026146,0.1039424312583879,0.3400375892132579,0.0741675211590319
371,371.0,0.0514079786692782,0.0609320246114845,0.0522394718452216,0.2526733116745921,0.0637448170420057,0.1042379420091799,0.3407601341713063,0.0740043199769314
372,372.0,0.0513535735602037,0.0610543006607103,0.0523263647738466,0.2522980865268282,0.0634999223487975,0.1044444027520565,0.3412042611198449,0.073819088257712
373,373.0,0.0513193434284358,0.0611753719043381,0.052417203670834,0.2517672431656487,0.0632674831986024,0.1045793356619278,0.3418576359683315,0.0736163830018814
374,374.0,0.0512947117991066,0.0612894890703806,0.0525078075568905,0.2512964246194801,0.0630439193885103,0.1046211307185482,0.3425523597205127,0.0733941571265707
375,375.0,0.0518009380231478,0.0619184276587033,0.0531193050119823,0.2502326378341173,0.0621763296981436,0.1027452218978555,0.3438065964676361,0.0742005434084139
