,Unnamed: 0,Generation,Intertwine_two,Add_vertex,Delete_vertex,Invert_path_vertices,Insert_inside_vertex,Delete_inside_vertex,Replace_inside_vertex,Donate_between_routes,Trim_one_terminal_cb,Grow_one_terminal_cb
0,0.0,0.0,0.09999999999999999,0.09999999999999999,0.09999999999999999,0.09999999999999999,0.09999999999999999,0.09999999999999999,0.09999999999999999,0.09999999999999999,0.09999999999999999,0.09999999999999999
1,1.0,0.10900000000000001,0.10273207042420478,0.0994034428294151,0.10005298781169758,0.0981906789164743,0.0998840635010498,0.09884067560840461,0.09783348641198833,0.0957473692565601,0.1034872292760644,0.10382799596414093
2,2.0,0.31601,0.10487342164194999,0.09874567560324063,0.09947011744984507,0.0980714319039623,0.10018472981368663,0.09727507155355095,0.09580213938142612,0.0915200999969115,0.1067313097678334,0.10732600288759334
3,3.0,0.6191589000000001,0.1070383633214892,0.10094306633557923,0.09923548812897173,0.09652937487520365,0.10066211977318168,0.09534972198509388,0.09379887497880257,0.08618519640744514,0.10991267991624434,0.11034511427798852
4,4.0,1.015801321,0.10994867284082646,0.10043604381880998,0.09950543427777758,0.09528864825454324,0.10136570627797196,0.09382760475747327,0.09119422360158562,0.08275632168245874,0.11299715532949314,0.11268018915905992
5,5.0,1.50262148669,0.11280400329464352,0.09955724783444021,0.09924782655080147,0.09514105623363858,0.1000871975552547,0.09037115710601744,0.08967673278879673,0.07921046946318888,0.1170105181430821,0.11689379103013625
6,6.0,2.0757334209441005,0.11662851973938178,0.09933456781244182,0.09866618782057912,0.09386387202107642,0.09935095648125608,0.08806255365578464,0.08760779218379647,0.07532679052234456,0.12136234885388858,0.11979641090945042
7,7.0,2.7307768275633495,0.1173905639498777,0.09858716654457764,0.10092754095359432,0.09252299487215965,0.10061499852351304,0.08631022311016591,0.0847893105710668,0.06982163342339238,0.12627497566704238,0.12276059238461004
8,8.0,3.4630081252450404,0.12161684037245832,0.09844699905041437,0.09969162527897231,0.0916355952264943,0.10057053920046352,0.0850651502703213,0.08174154527675341,0.06575060461007684,0.13079665893926393,0.12468444177478155
9,9.0,4.2673862119061114,0.12451517524851308,0.09688924865784931,0.09968810534548636,0.09009167193536642,0.09992112492201011,0.0856488317735145,0.07873535900096038,0.06260130051185299,0.13512793900465145,0.12678124359979523
10,10.0,5.138652627782014,0.1275147530417408,0.09700522683977202,0.09949201026768596,0.09011463436015568,0.09773454058286984,0.08371247985636376,0.07514804375956874,0.061376731798311476,0.13902910852719974,0.12887247096633178
11,11.0,6.071405875792507,0.12760155616761726,0.09559732501134768,0.09853311925421004,0.08952115091788704,0.09563820026367197,0.0848068942840605,0.07164499772259623,0.060297793590107604,0.1437273865206028,0.13263157626789868
12,12.0,7.060169740244025,0.12900165575342767,0.09581841883155394,0.09987543675578013,0.08715381534220623,0.09454276020946727,0.08430779016510671,0.06846873407677977,0.057924932269476224,0.14753302584213462,0.13537343075406721
13,13.0,8.099455520847952,0.12952755511526387,0.09412087969698427,0.10061318656545451,0.08638387946025455,0.09423545459866572,0.08349824903655198,0.06641955012963105,0.05762561236071708,0.15142144503064442,0.13615418800583232
14,14.0,9.183818168183006,0.1311560152239571,0.09479654780374257,0.10042336178709635,0.0840385854919896,0.09399083738980152,0.08464225786895785,0.06324351082040701,0.05630670726199168,0.15458821935496678,0.13681395699708931
15,15.0,10.307906369102724,0.1333686367429197,0.09487348246300312,0.10216868223413536,0.08190463937244329,0.0950542225492896,0.08510998965221375,0.059259938414534634,0.05333161485418911,0.15770673194088858,0.1372220617763826
16,16.0,11.466506686239443,0.13257273482041806,0.09568783335130436,0.10223490942775362,0.07942736982512738,0.09372712475502257,0.08609426958517295,0.05583377117031145,0.05172579340455846,0.16270010382417807,0.1399960898361528
17,17.0,12.654581904800096,0.1344760529410699,0.0966243928639167,0.10174973674248768,0.0758151635092606,0.09413324610115727,0.08644418552304553,0.054029844851678686,0.05284467177008727,0.1633902540975744,0.1404924515997217
18,18.0,13.867303782456686,0.1352866128286639,0.09685326963782401,0.10273202439247951,0.07349947446239616,0.0948257510248827,0.0869940899460504,0.05058344666982464,0.05104327551963393,0.1672389261910994,0.14094312932714512
19,19.0,15.100080434523047,0.13436101207716464,0.09833173843904064,0.10368674777262953,0.07051816050211214,0.09316979941867708,0.08861767563611894,0.04872097218261619,0.05102698974846733,0.17056056978067102,0.14100633444250224
20,20.0,16.348578617037543,0.13412249868996293,0.09993944406607803,0.1018858050212195,0.06632481814231447,0.09124901111148499,0.08849100787064655,0.04752003283771773,0.05343068609520487,0.174111522952523,0.14292517321284767
21,21.0,17.608741195130214,0.13563044775937083,0.10045449677535062,0.10141367099090981,0.064614360374097,0.08902401434761209,0.08996368473984531,0.04722900657583846,0.05214385868296475,0.17643806706351772,0.14308839269049314
22,22.0,18.876800103462312,0.1351366964405578,0.10071252737412471,0.1033999716469481,0.06121469697974517,0.08564217503542113,0.0893292157750131,0.046153274314413364,0.053617370539854645,0.1792318969409025,0.14556217495301926
23,23.0,20.14928511992658,0.13459139174747978,0.0994004013816601,0.10403849127660225,0.058688205016935495,0.08203135193849943,0.09275218420603333,0.04333363438897084,0.054238874440292704,0.18308853359943905,0.14783693200408685
24,24.0,21.423028783545156,0.13658236646582922,0.0985778153478427,0.10254958285757719,0.05727468192299425,0.08094920183461324,0.09075458869669621,0.04317539507837695,0.054470731744960046,0.18608375065214572,0.14958188539896436
25,25.0,22.695167792966423,0.13489104118052578,0.09982082936593739,0.10354819163272898,0.05813255402717403,0.07777452565137177,0.08817615310814675,0.04265785376035624,0.05675643491510592,0.18736100361225916,0.15088141274639388
26,26.0,23.963141223515898,0.13444178276890953,0.10051247686133824,0.1034941481979583,0.05919877932791398,0.07545300237307458,0.08710028051666545,0.0423313079564501,0.05456064464433007,0.19121940502434928,0.15168817232901038
27,27.0,25.224685898775267,0.1350254784261847,0.0992134479387968,0.10587703734294546,0.05829769118347469,0.07349902934521606,0.0886156717318242,0.040506842712418896,0.05434946682909178,0.19193107629303652,0.15268425819701079
28,28.0,26.477829247520948,0.13427165773006017,0.10109806442443353,0.10684282223931757,0.05510544321610972,0.0698678914061797,0.08950313348012356,0.04047778087784992,0.05513944562178278,0.19342468051280848,0.15426908049133448
29,29.0,27.720879968916847,0.13393950352799383,0.10241544405914771,0.1057474869483797,0.05389882289862083,0.06769231308340196,0.08743213804622449,0.04034265875410901,0.05575489293322603,0.19833793721895387,0.15443880252994252
30,30.0,28.95241681848399,0.13840978107927218,0.09979409448691613,0.10561329434612737,0.05203851141413738,0.06494187802537414,0.08395094138481175,0.04066864425602385,0.05504551475976855,0.20300882315202773,0.1565285170955409
31,31.0,30.17127581490958,0.13869157688317907,0.09687952412560065,0.10603590430026824,0.05360055649975627,0.06352162821658934,0.08364568139908321,0.040552378116008626,0.053228913805574284,0.20709764158887253,0.15674619506506776
32,32.0,31.376536153543515,0.13811338001111098,0.0946295615411697,0.10898781899307758,0.05468873600955887,0.06353078034999343,0.0853970124209433,0.03895440270339879,0.05229382533776565,0.20961977494437933,0.1537847076886024
33,33.0,32.567505096778625,0.14016893067878547,0.09140829080622412,0.10932895828332297,0.05437703281367662,0.06267335236447984,0.08508989609825585,0.037048185495890854,0.0521682328784138,0.2151168790010449,0.1526202415799056
34,34.0,33.74370209472243,0.13719729569214617,0.09037128533491595,0.11007454866281724,0.0538497089433582,0.06609835664355243,0.08229094929970422,0.03586773569743018,0.05340089837410516,0.21890657501716884,0.15194264633480165
35,35.0,34.90484237192463,0.1369764527981722,0.09452414613593343,0.11067204565393128,0.050637359772270935,0.06490127349769473,0.0830639262736186,0.03459388097366101,0.05125891912658249,0.22263729300702725,0.15073470276110815
36,36.0,36.05082019768737,0.13729000962403695,0.09562529239223944,0.11062596874755422,0.05158461052373395,0.061828701953697406,0.08180752691534234,0.03304840989585753,0.051725689270431904,0.22749736427626913,0.14896642640083724
37,37.0,37.18169203889697,0.13514786933134504,0.09655592039121452,0.1124704884738667,0.05280426837186964,0.057893838414142265,0.07973049822678738,0.03162700182687582,0.0522763496735334,0.22929665707315908,0.15219710821720625
38,38.0,38.29765977559663,0.13065943033287716,0.09702928746600288,0.11267080176471748,0.052971832120278256,0.05370671217457286,0.07825890098229689,0.031797210807374895,0.05074295638766924,0.24105197256610864,0.1511108953981018
39,39.0,39.399054140870355,0.13010778510409082,0.09587415888557248,0.11334049906767474,0.053143238327042694,0.05341266176561186,0.07334066201606954,0.030804487132869696,0.04955366073698743,0.2495491692544834,0.15087367770959745
40,40.0,40.48631852820801,0.12565646704157682,0.09854844759473008,0.11570306717555706,0.051924513355451396,0.052208978285284084,0.07130365354710887,0.029730882167189263,0.04787587005088367,0.2520060831599454,0.1550420376222734
41,41.0,41.55999329152982,0.1290882746730985,0.09717434090605108,0.1180363472871868,0.05014643718291012,0.050538704453242544,0.07017495590389493,0.028767328876404985,0.04552514620290734,0.25771340780030627,0.1528350567139975
42,42.0,42.62070064560415,0.12648344434430492,0.0992509093470887,0.11726671488976805,0.049314799083862784,0.04851015882352131,0.06692955426591414,0.029976614340699693,0.04469875184198875,0.26914173431155175,0.14842731875129994
43,43.0,43.669130257815,0.12852556885725638,0.0987575878268841,0.11939934065381733,0.04761624695480912,0.04610381543460541,0.06436545563311685,0.02935925055508671,0.04250795169088187,0.2795173597388401,0.14384742265470218
44,44.0,44.70602560622662,0.12772117145533615,0.09691240186556656,0.1141783327303455,0.04785940067633302,0.044221057968922374,0.06363409718939489,0.029782159451209288,0.04041115203797686,0.2869944529346733,0.14828577369024218
45,45.0,45.73217116373481,0.13073767719432935,0.09595816355040268,0.1096923020964387,0.04541433903529404,0.04417078981721349,0.062405942070112436,0.030811548440549917,0.04008122583756983,0.291581256283756,0.14914675567433375
46,46.0,46.748380453854836,0.1324202491155041,0.09286943032823146,0.10609569555005352,0.04478891501736671,0.04171422594038187,0.06080067998310334,0.03024987304561033,0.03818830549199929,0.30108203046087606,0.15179059506687348
47,47.0,47.755485010424316,0.1323913444473887,0.09332677520487026,0.10589883052081547,0.044250308014799594,0.03903999727114869,0.06169782311182215,0.029741866459708596,0.0364027941260658,0.3074979710706946,0.14975228977268631
48,48.0,48.7543242612326,0.13336546079918976,0.09049839755298848,0.10571543206456437,0.04260143857256023,0.038353959918365675,0.05892587875020849,0.02928724186779995,0.03734086121228475,0.3151865733428239,0.14872475591921455
49,49.0,49.745736344347726,0.13336627543052998,0.0939176477313653,0.10684230899800837,0.0425291702456565,0.036022935121662804,0.05661422605473237,0.02888520731640417,0.03627206729010288,0.3218549634066833,0.14369519840485445
50,50.0,50.730549855707864,0.1297193476756513,0.09569077912422677,0.10954876595213411,0.04052230898382274,0.03538399853682394,0.053197636194471806,0.03082861244098416,0.034789778448104644,0.32680664586639163,0.143512126777389
51,51.0,51.70957651737491,0.1284433273939228,0.0925546901697364,0.10512282264793081,0.043836269600558996,0.036852753726547935,0.05684741225455491,0.0305047114640961,0.03340782070582518,0.3299535754616863,0.1424766165751407
52,52.0,52.68360474770151,0.12583478917086258,0.096222129032469,0.10487846220294522,0.04264476553972701,0.03707211556293187,0.054058528241371896,0.030208153470255884,0.033290880157195585,0.33226568218231745,0.14352449443992366
53,53.0,53.65339410751842,0.12695302959411683,0.09886301038310738,0.10625142403058624,0.04084555889527893,0.03571772079331831,0.05048759822051641,0.02993916974109713,0.03259303608256005,0.33544006308683605,0.1429093891725828
54,54.0,54.61967059027847,0.12865704175989576,0.10143404182433721,0.10486659399536105,0.03911781732632288,0.034086174581261945,0.047068885219541313,0.032899441213198696,0.03150243725848078,0.336508571330699,0.14385899549090148
55,55.0,55.58312271885972,0.13032043158393872,0.10024144059395405,0.10290907789531059,0.0374716717409992,0.03257692124459859,0.05051419745815217,0.03265311745277825,0.030505873944224625,0.3408966394696953,0.14191062861634865
56,56.0,56.544398407394254,0.1249367169076945,0.09901632261252598,0.10260834715086779,0.037230570656225245,0.031192824029155596,0.04957713073099355,0.03240489489387206,0.029603908221951844,0.3559416629305094,0.13748762186620417
57,57.0,57.504102543001395,0.11858676188913174,0.09617436223951381,0.11035468126067406,0.03575764197988182,0.02993520829496534,0.04738893030184766,0.032157445641917776,0.028796099989686824,0.36646029586506884,0.13438857253731226
58,58.0,58.462795239617805,0.12297714313425946,0.0960947171978414,0.11100336444839042,0.03437442975137392,0.028804002051244455,0.04620470856204297,0.03191316685873974,0.028081111580751432,0.36619972629138686,0.13434763012396939
59,59.0,59.42099071417639,0.12257080127475223,0.0939191127994141,0.11518201764918251,0.03308579444820307,0.02779787641138322,0.04726418681197589,0.03167418428529211,0.02745681089690207,0.36156676486914685,0.13948245055374803
60,60.0,60.379156734137354,0.12349053479335012,0.09119729405470305,0.11832717562399651,0.03189516473086727,0.02691438457139427,0.04561430860453186,0.03144235812633632,0.026920372172468628,0.3627918701724997,0.14140653714985232
61,61.0,61.337714584760846,0.1175948848713285,0.09036901980722273,0.12210515645476386,0.030804646337956383,0.026150098069690278,0.04619909644165988,0.031219291002012747,0.027998889722850924,0.3650035933358904,0.1425553239566244
62,62.0,62.29703950447439,0.11272078613215603,0.08635427083078001,0.12394624436134706,0.03105296363139788,0.025500739237459782,0.04674390351604487,0.0310063376801014,0.027612102109279106,0.3698939140292607,0.14516873847217324
63,63.0,63.257461537171835,0.10941487308446038,0.0885285626610926,0.12199365477330812,0.030151872279784477,0.024961308896077734,0.045097875877697986,0.030804616313580176,0.027287872235971677,0.37462410137271507,0.1471352625053119
64,64.0,64.21926675122782,0.10877495185873053,0.08826447561382642,0.12303387985964975,0.031033041679700692,0.024526208499873116,0.04361023511510692,0.030615020920575275,0.027023186627635275,0.37731002569528393,0.14580897412961816
65,65.0,65.18269877636592,0.11310222160982003,0.08743875663579488,0.12550297183302694,0.030291460417578762,0.02418935605829023,0.04356800700650105,0.030438234857665107,0.02681473771385616,0.3746393753293752,0.14401487853809172
66,66.0,66.14796061122655,0.11545456561471051,0.08576351066591213,0.12398459023386908,0.029621122677493242,0.023944295300282727,0.04385932145633534,0.030274745052469305,0.026658986314316395,0.3764847069610774,0.14395415572353393
67,67.0,67.11521665648885,0.11793856853168755,0.08074421387179531,0.12206742841105184,0.02902160748464134,0.026205307698113214,0.042389119736536335,0.03261313627119942,0.02655222019158744,0.3792841728207065,0.14318422498268116
68,68.0,68.08459493066005,0.11784392197485116,0.08103107776734758,0.12371768239935424,0.028491827736228215,0.02609925674944346,0.04043009510893775,0.03407746827070523,0.026490608479215513,0.38058538250260954,0.14123267901130743
69,69.0,69.05618942810752,0.12259784551239411,0.08620710953582063,0.12042788655440761,0.031723895671962814,0.02604281832814625,0.03856267199300964,0.033891765858644646,0.02647025185328862,0.3778654223359244,0.1362103323564014
70,70.0,70.03006258152917,0.12191633380894736,0.09234455708646909,0.11985398167428296,0.03154909936511621,0.0260315955656973,0.03829319488818991,0.03368571602920367,0.026487228371421534,0.3738440055413595,0.13599428766931254
71,71.0,71.00624779379335,0.12870756059460134,0.0930784553740012,0.11618173937666801,0.03114410006916077,0.02606117912383627,0.040434816584891516,0.033463414022414754,0.026537634954026938,0.36879327223277064,0.1355978276676287
72,72.0,71.98475200689319,0.1316379677655389,0.08956674906821607,0.11821677350165491,0.03233296905268121,0.02612719253492298,0.040658329648378996,0.03322870807608058,0.026617624528831534,0.37122481504062804,0.13038887078306693
73,73.0,72.96555827861411,0.1346209996085102,0.08576196569840076,0.11694548570069788,0.03197129303180804,0.026225332679551794,0.045420378795362926,0.032985185643619026,0.026723438900867355,0.36672043484833916,0.13262548509284303
74,74.0,73.94862834037681,0.13682414869417955,0.08603280042411615,0.1121143653475104,0.03162607168270411,0.02905002657118907,0.047909346420189874,0.03273616359796744,0.03059787732010864,0.36635374538954113,0.12675545455249385
75,75.0,74.93390511255946,0.14380349468758627,0.08426493588977652,0.11315924977934311,0.03129911175168353,0.029501947933268942,0.04756106106591983,0.03248468212090133,0.03070709723814876,0.36129173695689976,0.12592668257647216
76,76.0,75.92131515639825,0.1519416538537775,0.08203055517367587,0.11245098816425392,0.030991856696248175,0.03139299899184564,0.04596554049098793,0.032233501970332826,0.03079832419200338,0.35914054497740144,0.12305403548947351
77,77.0,76.91077104428919,0.15098400037530263,0.08833513175770913,0.11107354799714021,0.03070540857939387,0.03358964258997352,0.04926311602094422,0.031985104815117835,0.030872445208552507,0.35167959141868144,0.12151201123718483
78,78.0,77.90217363294813,0.15055177389777258,0.08848123843540366,0.10926273358265247,0.03044055118843106,0.03881296725925588,0.05161989235153975,0.03174169632727317,0.030930429671361198,0.34563129854311675,0.12252741874319374
79,79.0,78.89541422641172,0.14654201934978403,0.0895516916369572,0.11188806684159794,0.03019777402468022,0.0387655558164147,0.0524677128843415,0.03150521172494024,0.030973311391175408,0.34558514748845626,0.12252350884165275
80,80.0,79.89037661826481,0.14970128212334577,0.08711028587985045,0.11054106122021376,0.02997729683705766,0.03863522995969349,0.0560518335868819,0.0312773234655912,0.031002171825096438,0.34649929354931747,0.1192042215529521
81,81.0,80.88693900474995,0.15124102676815945,0.08353481465930718,0.11178394800806132,0.029779094399826782,0.03843158438904747,0.055023437660756416,0.031059450797521156,0.031018124497374407,0.34190248298242293,0.12622603583752318
82,82.0,81.88497576253909,0.14798011650299134,0.0881802465775043,0.10926026815249046,0.029602921262320725,0.03816398753157558,0.05313055401813999,0.0308527708882829,0.031022300657450833,0.3423795681348374,0.12942726627440676
83,83.0,82.88435908692391,0.14585056558735543,0.08781423244193998,0.10370633559490312,0.02944833622594207,0.03784151048453512,0.05416333623776339,0.03065823126108564,0.03299552218130613,0.34574402869725784,0.13177790128791156
84,84.0,83.88496048800103,0.149057644893344,0.08814514260412189,0.1101514544244498,0.029314726330941857,0.037472866037353364,0.054337199472746005,0.030476563283997254,0.032959748943237915,0.33914911002928777,0.1289355439805205
85,85.0,84.88665214409042,0.1486770770557953,0.08995380020565615,0.10941054938608134,0.029201330162132243,0.03706635737451624,0.05592901971928322,0.030308296471777733,0.0359474604900392,0.3369443451076659,0.12656176402705296
86,86.0,85.88930811312994,0.14471781016148164,0.09045268945030373,0.10879573353873337,0.030508516901800398,0.03662983600421767,0.05449377695613354,0.030153773376062384,0.03583237182181442,0.3364027856017972,0.13201270618765593
87,87.0,86.89280540413424,0.14375012344735966,0.09647977523868757,0.10643680259770649,0.03041876886458742,0.03617066841090678,0.053306979345821265,0.030013164856157945,0.03567046830219397,0.3353849411697286,0.13236830776685055
88,88.0,87.89702491199675,0.14275170476036353,0.10058591432819682,0.10261291530984895,0.030333807942449866,0.03569571089281791,0.05116494708248195,0.029886485539682373,0.035468050451513626,0.3405357918947132,0.1309646717979321
89,89.0,88.90185221995306,0.13654473287619134,0.09934633065552437,0.10388667330625942,0.030254005033101564,0.03521129201760975,0.04902546857465174,0.029773609299457535,0.03523119388138618,0.3411139956201939,0.1396126987356245
90,90.0,89.90717827491419,0.1349291481208429,0.09758701271597485,0.10387714657070114,0.03017964236435708,0.03472320210974631,0.04887066820147747,0.029674284590260606,0.03496571102945762,0.34009878413279754,0.1450944001643847
91,91.0,90.91289994163006,0.1359163864535805,0.10097588317187967,0.104678047034396,0.03011091953884347,0.034236689171571744,0.04719709524785165,0.02958814950608076,0.03467711935242734,0.3356086583516419,0.1470110521717272
92,92.0,91.91892044225806,0.1314184295082402,0.09889325027245216,0.10683119782143621,0.03004795980049279,0.03375646063549892,0.04514150215389694,0.029514746435258095,0.03437061564957581,0.3400185999896884,0.1500072377334607
93,93.0,92.92514968840067,0.13197960895992092,0.09685691829246161,0.10928827341052724,0.029990816437972245,0.03530550745695785,0.043140053347798725,0.029453536207165114,0.034051056160513675,0.340896096517643,0.14903813320903989
94,94.0,93.93150451304501,0.12817257051895223,0.09704571241269078,0.1084431337872364,0.02993947924732404,0.0348296591224498,0.041207348888832346,0.02940391163980978,0.03372294205875262,0.34650059208535966,0.15073465023859267
95,95.0,94.93790881009448,0.12514689197511183,0.09281758891969359,0.10911758215470604,0.029893880983267417,0.034353099030168054,0.044587543583129545,0.029365210412791887,0.033390409946580143,0.3528890641908699,0.14843872880368195
96,96.0,95.94429358933806,0.12770129556442375,0.09139884300566538,0.10946573990749392,0.029853903735783775,0.0338806639568128,0.04414630149927936,0.029336727204347858,0.03305722694615912,0.35626496257933965,0.1448943356006948
97,97.0,96.9505969547639,0.1323357337458732,0.08623715933102027,0.11518160844934795,0.02981938517569066,0.03341666575122495,0.04237382951545237,0.029317725044704757,0.0327267899763186,0.3523496415401136,0.14624146147025405
98,98.0,97.9567640140995,0.13806800939651803,0.08350162371608243,0.11902130783170249,0.03183569898304404,0.03296490070868363,0.044230030728784876,0.029307445850578914,0.03240212880369895,0.3478564161205624,0.1408124378603446
99,99.0,98.96274672736057,0.13669000883742302,0.09168711678867575,0.1164903580241513,0.03179100749295696,0.03479070781665861,0.04353367579168373,0.02930512011735987,0.032085912460304275,0.3499188363469933,0.13370725632379357
100,100.0,99.96850370202192,0.13370218040682938,0.09394371759204176,0.11458482941042235,0.031732875076949024,0.03435018694765541,0.04245578187170411,0.02930997575628913,0.031780458626646024,0.3596223068586734,0.1285176874527898
101,101.0,100.97399994219691,0.13459152883761855,0.09432805548142263,0.11446870418937236,0.03166322715177239,0.035241312492943974,0.04084103363620222,0.029321246073762575,0.031487745590087136,0.36292177589935903,0.12513537064745955
102,102.0,101.97920655893245,0.14116699059526322,0.09082100011358445,0.10929714837086763,0.03158391174759569,0.03512305826455119,0.039279349887888504,0.029338176898751046,0.03120942640128327,0.36968315622174,0.12249778149847543
103,103.0,102.98410044840509,0.14204870344454273,0.08712970472801966,0.10682099696994116,0.03149668876636071,0.03630803973642949,0.037781041015527275,0.02936003287225316,0.030946844867346952,0.37541514457357167,0.12269280302600752
104,104.0,103.98866394444643,0.1423785798384756,0.08095994212612524,0.10767853745352993,0.03619321288728371,0.03583565857848998,0.038340709159824155,0.029386102919682536,0.030701053038130796,0.3794159161151178,0.11911028788334052
105,105.0,104.99288445143917,0.1419936885739501,0.08187594434163026,0.11151076049197689,0.03604715994471329,0.03535215895055952,0.03910183999272501,0.03216293246610373,0.03193406156676087,0.37480751067870743,0.11521394299287319
106,106.0,105.99675406321822,0.14897427867155272,0.08725705186108404,0.10609888914653126,0.03585524069695278,0.03486348769591651,0.03778046161018223,0.03216794495358334,0.032331157492287405,0.37460321558615406,0.11006827228575591
107,107.0,107.0002691731872,0.15328231834851502,0.0875983716519545,0.10321565049537856,0.0356239609669988,0.03437504868977864,0.04491037588578044,0.032150776742779164,0.03486831422941863,0.36496634755873303,0.10900883543066348
108,108.0,108.0034300804274,0.15480060632447046,0.08560243756884449,0.10215317018332581,0.03535956960037022,0.033891703097356764,0.043838731513225815,0.03211381758562761,0.0346166100752064,0.36973259395494534,0.10789076009662732
109,109.0,109.00624059613932,0.15704086421960073,0.08537828793840775,0.09980855328558241,0.0350680216744008,0.03341777503320351,0.04476551450881376,0.03205941616833494,0.03434391023566334,0.3701015598940423,0.10801609704195068
110,110.0,110.00870765431864,0.15924899927332473,0.09312491622288929,0.09769085289978525,0.034754948324284315,0.034515859297960666,0.04379031701757852,0.03198986073108818,0.03405504127771795,0.3643462840272177,0.10648292092815365
111,111.0,111.01084093013685,0.15793713843353951,0.0923738728386659,0.09301032187085306,0.034425632825936636,0.03405605899771809,0.04399337601203229,0.03190736223025521,0.03375450880278991,0.3713208015926874,0.10722092639552222
112,112.0,112.01265246907188,0.162492971778818,0.08980975765141151,0.08889888065312632,0.03708768192612536,0.03360167813752259,0.042943738349267,0.031814039957203,0.03344648448732678,0.37060257423646314,0.10930219282273654
113,113.0,113.01415632942268,0.1637012613893267,0.08645872106215252,0.09081768023862999,0.036837304027044326,0.03315671858197142,0.04402309203117717,0.031711909511883976,0.0331347977585367,0.37271040047878673,0.10744811492049074
114,114.0,114.01536824044418,0.164673726703787,0.08214423934002604,0.09021680362330105,0.03642922322525321,0.032724687796155644,0.043527087470402674,0.031602873015978014,0.03282293172504026,0.37497352700260667,0.11088490009744974
115,115.0,115.01630527795908,0.16664053238537996,0.07897168455012818,0.08473384545452874,0.03599765827138868,0.032308613210959895,0.04219080366516739,0.03148871143950287,0.034442071718697176,0.38172720374972524,0.11149887555452216
116,116.0,116.0169855589429,0.16117622217101582,0.07614647185844214,0.09355993395807168,0.03554927323019671,0.03191105995217412,0.04227503878855841,0.03137107890628021,0.034119633128852724,0.3816880332200124,0.11220325478639608
117,117.0,117.01742795623892,0.16025700679051877,0.07377270625663787,0.08988792579088917,0.03509023396082197,0.031534151419745186,0.041239266469242454,0.03125149883731701,0.03378824206670419,0.3876842735453511,0.11549469486277254
118,118.0,118.01765183424293,0.1639194565488564,0.07329790219556755,0.0882876873002075,0.034626196278776486,0.031179592226361692,0.04317032866025462,0.031131361786876963,0.03345210769010346,0.38591822756915944,0.11501713974383614
119,119.0,119.01767680610413,0.1628984231882922,0.07088566331376575,0.0849709442958621,0.03850459402390697,0.033971606535364005,0.05166549254681789,0.031011924823612154,0.03311506567426178,0.3816781122433002,0.11129817335481719
120,120.0,120.01752251271817,0.16129618107034094,0.07284236359398866,0.08700099238087616,0.03832695647046999,0.03363408119333248,0.050632090418906865,0.0308943123084377,0.03278057720326165,0.3795062324197789,0.11308621294060694
121,121.0,121.01720842354362,0.16493984640984,0.07121758471526793,0.08571268061709299,0.03779138989948089,0.03329396757357078,0.049179488159295376,0.030779517921696316,0.03245173180732891,0.3799142849623354,0.11471950793409168
122,122.0,122.01675365905109,0.16515758612091935,0.06949896268133625,0.08265822759487125,0.03992501677674343,0.032954925640049544,0.04768035124405208,0.030668407794412107,0.032131253632916155,0.38267893484848264,0.11664633366621749
123,123.0,123.0161768344173,0.16346914788639952,0.064916142069866,0.08063095710277457,0.04158393297553417,0.03262023864347994,0.04615432450789259,0.0305617246019122,0.03182151073961551,0.38897650900367164,0.11926551246885411
124,124.0,124.01549592390272,0.16545881854799066,0.061886004784857396,0.08292237011892892,0.04092523020635128,0.03229281796013249,0.044619357200270125,0.033139189636715784,0.03152452702824878,0.3884261492743655,0.11880553524213928
125,125.0,125.01472814520056,0.17178824320461725,0.0617393485374153,0.08575265848838264,0.04022314541202317,0.03197521116551846,0.04309169305140721,0.033016328833006495,0.031241996417736242,0.3842434540359586,0.11692792085393483
126,126.0,126.01388986291661,0.17628495299879327,0.06735262775917711,0.08672939932080952,0.03948903764300763,0.03166961293871066,0.04158587838691651,0.03287559082133806,0.030975298904097594,0.37799294383748744,0.11504465738966242
127,127.0,127.0129965102319,0.17913886243563945,0.06675000709592463,0.08384828927631512,0.03873345027446357,0.03137787840519652,0.04402877155631406,0.0327201707026231,0.03072551815278183,0.3778637759080763,0.11481327619266565
128,128.0,128.01206252771334,0.17738535036343672,0.06526885860245481,0.0808243059390411,0.03796608714002929,0.031101538540981834,0.04581669113518567,0.0325530908887534,0.030493460295069823,0.38440842553330823,0.11418219156173937
129,129.0,129.0111013181695,0.18721202450332805,0.06560951025946336,0.0816512662714732,0.03719579944763814,0.0308418172777788,0.04669094746308493,0.032377188147383135,0.03027967362017832,0.3761340873411525,0.11200768566851979
130,130.0,130.01012521639834,0.1953818065327627,0.062280117271072986,0.07976007517978743,0.03643058253000973,0.03059964996811828,0.0451956286638183,0.032195103798676065,0.030084468876574184,0.3690543956526289,0.11901817152655164
131,131.0,131.0091454726403,0.20657226659243508,0.05954097924604076,0.08278690980838913,0.035677581478844055,0.03037570288974263,0.04369788545784015,0.03200927684685294,0.02990793991856472,0.35866709568639343,0.12076436207489728
132,132.0,132.0081722485317,0.20945426777311768,0.05555941171479342,0.08174477830105409,0.03494310471800652,0.0322766416151196,0.042212937717881406,0.0318219398217436,0.02974998445717055,0.3590383830461209,0.12319855083499247
133,133.0,133.00721462434865,0.20652500742426194,0.06104201981270477,0.08000578371658737,0.03423264458607266,0.032069096739476444,0.040754355374739724,0.031635117100927757,0.0296103246973441,0.3607773431929586,0.12334830735492683
134,134.0,134.0062806163404,0.21458933414860198,0.06036732867355475,0.07645951981311017,0.03355090402147146,0.03186161538400284,0.045593628257496424,0.03145062548118422,0.029488527666526848,0.352315776963397,0.12432273959065457
135,135.0,135.00537720296956,0.20941616241433667,0.06024418503998598,0.07505436193941231,0.032901828473115666,0.031656266010236564,0.047660629926701045,0.031270076768603196,0.029384025062126055,0.35833623179011964,0.1240762325753631
136,136.0,136.00451035890612,0.20382722708024728,0.06484902945007796,0.07539525085145167,0.0322886421948643,0.03145488891374455,0.046193264166430895,0.031094882159594245,0.029296132467544082,0.36161037038140353,0.12399031233464172
137,137.0,137.00368509565993,0.2043510800896305,0.06457476129670275,0.07223546588995998,0.03703078084752025,0.0312591006377643,0.04471070234052345,0.030926258189890247,0.029224067807744863,0.3622350727256993,0.12345271017456462
138,138.0,138.0029055077818,0.20522289098350335,0.07310128807959085,0.06946708207861728,0.03644319437390766,0.031070300183004426,0.04574876409895402,0.030765234035257744,0.030652054887536057,0.3603450258179184,0.11718416546171054
139,139.0,139.00217482361367,0.20188458402643186,0.07555346152091577,0.07820026599898455,0.03584993460391725,0.0308896767718905,0.04881715616145969,0.030612659955735914,0.030594145353953626,0.3517917702729501,0.11580634533376104
140,140.0,140.0014954596262,0.19759921724579504,0.07665628927902558,0.0840073400644092,0.03525750146488671,0.03071821893416906,0.047754280938794705,0.03046921668460891,0.0305360853201899,0.3513693877123544,0.11563246235576677
141,141.0,141.00086907744122,0.19366612880426373,0.07928937886159601,0.09294588034847406,0.03467173662511036,0.03055672469087807,0.0461998689007118,0.030335425573748513,0.030478470436600652,0.35027595121879124,0.11158043453982583
142,142.0,142.0002966427003,0.19225632641968873,0.08203701237549725,0.09765769702824063,0.034097830903060546,0.030405812625007397,0.044638899377430076,0.030211659318236675,0.030421832337004323,0.3520758354337477,0.10619709418208696
143,143.0,142.99977848500652,0.1902026350773807,0.08114894858965027,0.10050055948377172,0.0335403374441851,0.03026593363947372,0.04308763781270222,0.03009815309509365,0.030366639723997585,0.35560030368390133,0.10518885144984401
144,144.0,143.99931435823203,0.1860528305130315,0.08253090275856498,0.10536346112115785,0.03300318995675535,0.030137383216098677,0.04156062602632013,0.029995015963313998,0.03031329997505154,0.36074291405908615,0.10030037641062009
145,145.0,144.99890350055264,0.1820691543225171,0.08539974077722454,0.10099226853733195,0.03248972531850102,0.03002031400290015,0.040070709158313046,0.033824698559331526,0.03026216120124959,0.35836301507928886,0.1065082130433425
146,146.0,145.9985446936357,0.18948076305892975,0.08251840406273978,0.10301059221609653,0.03200270989088711,0.029914748570992473,0.03862907688552354,0.03370295535332687,0.030213514692815337,0.35618620938062256,0.10434102588806642
147,147.0,146.99823632047406,0.1856852056356173,0.08011778293067605,0.10751767980965488,0.031544368907125725,0.02982059219656564,0.03724531707115775,0.03761547021488201,0.03320614421419864,0.35673745818904484,0.10050998083107751
148,148.0,147.99797642142389,0.19219382438448193,0.07972945456856696,0.1053509758753965,0.03111641833266922,0.029737645537615834,0.03592748006751696,0.03740737691768948,0.03358896560812352,0.3586126748918948,0.09633518381604513
149,149.0,148.99776274806447,0.19467968527918303,0.07715501062338283,0.10476238089680397,0.030720098632331674,0.029665617089184852,0.03468215196356508,0.0371460191810393,0.03348702788045413,0.3645941517159351,0.0931078567381204
150,150.0,149.99759281456036,0.1956639574269223,0.07254997190700095,0.1108124233096599,0.03318684812182789,0.02960413531470512,0.03580818280377198,0.03683933702624374,0.03336041364674713,0.36115890950932356,0.09101582093379781
151,151.0,150.99746394626104,0.19776548965236562,0.07338620418531414,0.11240204483814285,0.032827479795645216,0.02955276036452631,0.03956916184008577,0.03649492971666531,0.03321285669994336,0.35269879768043905,0.09209027522687276
152,152.0,151.99737332532905,0.20735550868014707,0.06976295630271574,0.11636507827489224,0.03247577350412435,0.029510995305720114,0.03991695417836207,0.036120013840878075,0.03304792688082053,0.3449842743983119,0.09046051863402826
153,153.0,152.99731803323698,0.2067625738606052,0.06652828004789771,0.12088823907771107,0.03213448010671433,0.02947829679973734,0.03930031071373365,0.03572138941426078,0.03286901077480179,0.33933862183000674,0.09697879737453177
154,154.0,153.99729509002177,0.20949091749988763,0.06516857062008304,0.1264269300504096,0.03350694297538162,0.02945408517635547,0.03823212976431137,0.0353054135361626,0.0326792961716369,0.33570624984339265,0.09402946436237958
155,155.0,154.99730149022784,0.21269218339241663,0.062134930199656505,0.1295249558263322,0.03317621557276526,0.02943775386354823,0.037188445612188196,0.034877981110512615,0.03248176006707213,0.3374223475680971,0.09106342678741164
156,156.0,155.99733423551103,0.2146102208431701,0.06253643682212229,0.1345847958156767,0.03284679875468289,0.029428678143386233,0.036177245419155464,0.034444512116322504,0.032279159972293116,0.33561040048007296,0.08748175163311822
157,157.0,156.99739036391077,0.2152439107254511,0.06588492645465228,0.13321754173511702,0.03252185563086192,0.029426223213806578,0.03520539279123445,0.034009944900388174,0.03207402828726907,0.3365494028819773,0.08586677337924253
158,158.0,157.99746697583146,0.21850350896491513,0.06227767370679903,0.13132331025125776,0.03220418826311443,0.032801635668109924,0.03427867149819319,0.033578734957043395,0.031868669487874736,0.3388393617122784,0.08432424549041433
159,159.0,158.99756125680176,0.22221636319023114,0.06113944330682993,0.12610633857822362,0.038147616845374085,0.03277679480954504,0.035091276613262945,0.03315485865846266,0.03166515987354109,0.3407912440266768,0.07891090409785301
160,160.0,159.997670497107,0.21638995681356096,0.06199467519166081,0.13063983470168436,0.03802609166682165,0.032726670088741194,0.03479868499266549,0.032741821403155374,0.033883761993782374,0.3411665274058471,0.07763197574208104
161,161.0,160.99779210841066,0.21822023602732904,0.05946067173025552,0.1305785613369515,0.03762306876252593,0.03265429113913033,0.0366205947422539,0.03234266965934726,0.03764947856148121,0.33415211669616085,0.08069831134456475
162,162.0,161.99792363749984,0.21566808207322616,0.06455340323069526,0.1283966420575391,0.03718411746103452,0.032562607173089245,0.036198298427383396,0.03196000639332649,0.03753191664319043,0.3348155417454351,0.08112938479508061
163,163.0,162.9980627773051,0.21410174507829816,0.06614385633774902,0.1269030682624632,0.036717220115081904,0.03245446553192137,0.036532334721014116,0.03159600938997453,0.037210632024113136,0.33630348579890923,0.08203718274047556
164,164.0,163.9982073753568,0.21713552201675151,0.06813970466928723,0.12493100662821559,0.043141593323120724,0.03233259339955107,0.03633156152387381,0.031252451993058025,0.03684936954670245,0.3249499974848995,0.08493619941454028
165,165.0,164.99835543984977,0.22166007476447902,0.07187422118358679,0.11788290053928248,0.04333133940397406,0.032199582546422294,0.03558345035548024,0.030930725815902588,0.0364557396215658,0.3179082556038673,0.09217371016543963
166,166.0,165.99850514349492,0.22020273257231038,0.07073769866752047,0.11716459125326267,0.04268497402189461,0.03569449047705641,0.034854315800371224,0.03063186499830367,0.036036915292727165,0.3129313121823475,0.09906110473420615
167,167.0,166.99865482534062,0.22213624968103185,0.07060071038552793,0.1116095338892127,0.04197639543780416,0.0356014817014142,0.03860216514679179,0.030356571612481606,0.03559960424384512,0.31520279580217386,0.09831449209971703
168,168.0,167.99880299074837,0.22384800262592386,0.06896315659795746,0.11046186895355145,0.04121891075774472,0.035379434939549655,0.037881855663482226,0.030105241849116934,0.03515002825741283,0.3221145526651622,0.09487694769009893
169,169.0,168.99894830970783,0.22760985305656717,0.07204719747635802,0.10249904758077642,0.04042498543811377,0.035125798504476065,0.037154758571868805,0.029877992643597556,0.03469390958704963,0.32636806261384727,0.09419839452734552
170,170.0,169.99908961367427,0.22867985392702245,0.07178788302079667,0.09384427182817888,0.039606202796064784,0.03484626772786508,0.036428823603698035,0.02967468843219414,0.037227167851510895,0.3356551325018874,0.0922497083107819
171,171.0,170.99922589110733,0.2339981774826369,0.07440514143909585,0.0854165309325593,0.03877323639026004,0.03454622735163654,0.035711193896307364,0.029494967757609125,0.03674319486371815,0.3415964203150291,0.08931490957114788
172,172.0,171.99935628188598,0.2430745522276318,0.07783265753961006,0.07727739881717609,0.03793583426113318,0.034230728739514486,0.03500821522069269,0.02933826947290652,0.036240187226067505,0.3451901142532056,0.08387204224206234
173,173.0,172.99948007076793,0.24099971742822993,0.08196563785353683,0.07765280850919704,0.037102814002307666,0.03390447270120949,0.03432545226043255,0.029203858321945116,0.03572507847992125,0.3506746462680159,0.0784455141752045
174,174.0,173.99959668005403,0.23401968576182403,0.08231203457526705,0.0775436848877414,0.03628206762934163,0.0335717975397229,0.0336677110735941,0.029090849702860397,0.03520422982359041,0.35323130422331517,0.08507663478274322
