Total_iterations,Unnamed: 0.1,Intertwine_two,Add_vertex,Delete_vertex,Invert_path_vertices,Insert_inside_vertex,Delete_inside_vertex
0,0.0,0.1666666666666666,0.1666666666666666,0.1666666666666666,0.1666666666666666,0.1666666666666666,0.1666666666666666
1,1.0,0.1666666666666666,0.1666666666666666,0.1666666666666666,0.1666666666666666,0.1666666666666666,0.1666666666666666
2,2.0,0.1666666666666666,0.1666666666666666,0.1666666666666666,0.1666666666666666,0.1666666666666666,0.1666666666666666
3,3.0,0.1666666666666666,0.1666666666666666,0.1666666666666666,0.1666666666666666,0.1666666666666666,0.1666666666666666
4,4.0,0.1666666666666666,0.1666666666666666,0.1666666666666666,0.1666666666666666,0.1666666666666666,0.1666666666666666
5,5.0,0.1666666666666666,0.1666666666666666,0.1666666666666666,0.1666666666666666,0.1666666666666666,0.1666666666666666
6,6.0,0.1666666666666666,0.1666666666666666,0.1666666666666666,0.1666666666666666,0.1666666666666666,0.1666666666666666
7,7.0,0.1666666666666666,0.1666666666666666,0.1666666666666666,0.1666666666666666,0.1666666666666666,0.1666666666666666
8,8.0,0.1666666666666666,0.1666666666666666,0.1666666666666666,0.1666666666666666,0.1666666666666666,0.1666666666666666
9,9.0,0.1666666666666666,0.1666666666666666,0.1666666666666666,0.1666666666666666,0.1666666666666666,0.1666666666666666
10,10.0,0.1666666666666666,0.1666666666666666,0.1666666666666666,0.1666666666666666,0.1666666666666666,0.1666666666666666
11,11.0,0.1666666666666666,0.1666666666666666,0.1666666666666666,0.1666666666666666,0.1666666666666666,0.1666666666666666
12,12.0,0.1666666666666666,0.1666666666666666,0.1666666666666666,0.1666666666666666,0.1666666666666666,0.1666666666666666
13,13.0,0.1666666666666666,0.1666666666666666,0.1666666666666666,0.1666666666666666,0.1666666666666666,0.1666666666666666
14,14.0,0.1666666666666666,0.1666666666666666,0.1666666666666666,0.1666666666666666,0.1666666666666666,0.1666666666666666
15,15.0,0.1666666666666666,0.1666666666666666,0.1666666666666666,0.1666666666666666,0.1666666666666666,0.1666666666666666
16,16.0,0.1666666666666666,0.1666666666666666,0.1666666666666666,0.1666666666666666,0.1666666666666666,0.1666666666666666
17,17.0,0.1666666666666666,0.1666666666666666,0.1666666666666666,0.1666666666666666,0.1666666666666666,0.1666666666666666
18,18.0,0.1666666666666666,0.1666666666666666,0.1666666666666666,0.1666666666666666,0.1666666666666666,0.1666666666666666
19,19.0,0.1666666666666666,0.1666666666666666,0.1666666666666666,0.1666666666666666,0.1666666666666666,0.1666666666666666
20,20.0,0.1666666666666666,0.1666666666666666,0.1666666666666666,0.1666666666666666,0.1666666666666666,0.1666666666666666
21,21.0,0.1666666666666666,0.1666666666666666,0.1666666666666666,0.1666666666666666,0.1666666666666666,0.1666666666666666
22,22.0,0.1666666666666666,0.1666666666666666,0.1666666666666666,0.1666666666666666,0.1666666666666666,0.1666666666666666
23,23.0,0.1666666666666666,0.1666666666666666,0.1666666666666666,0.1666666666666666,0.1666666666666666,0.1666666666666666
24,24.0,0.1666666666666666,0.1666666666666666,0.1666666666666666,0.1666666666666666,0.1666666666666666,0.1666666666666666
25,25.0,0.1666666666666666,0.1666666666666666,0.1666666666666666,0.1666666666666666,0.1666666666666666,0.1666666666666666
26,26.0,0.1666666666666666,0.1666666666666666,0.1666666666666666,0.1666666666666666,0.1666666666666666,0.1666666666666666
27,27.0,0.1666666666666666,0.1666666666666666,0.1666666666666666,0.1666666666666666,0.1666666666666666,0.1666666666666666
28,28.0,0.1666666666666666,0.1666666666666666,0.1666666666666666,0.1666666666666666,0.1666666666666666,0.1666666666666666
29,29.0,0.1666666666666666,0.1666666666666666,0.1666666666666666,0.1666666666666666,0.1666666666666666,0.1666666666666666
30,30.0,0.1666666666666666,0.1666666666666666,0.1666666666666666,0.1666666666666666,0.1666666666666666,0.1666666666666666
31,31.0,0.1666666666666666,0.1666666666666666,0.1666666666666666,0.1666666666666666,0.1666666666666666,0.1666666666666666
32,32.0,0.1666666666666666,0.1666666666666666,0.1666666666666666,0.1666666666666666,0.1666666666666666,0.1666666666666666
33,33.0,0.1666666666666666,0.1666666666666666,0.1666666666666666,0.1666666666666666,0.1666666666666666,0.1666666666666666
34,34.0,0.1666666666666666,0.1666666666666666,0.1666666666666666,0.1666666666666666,0.1666666666666666,0.1666666666666666
35,35.0,0.1666666666666666,0.1666666666666666,0.1666666666666666,0.1666666666666666,0.1666666666666666,0.1666666666666666
36,36.0,0.1666666666666666,0.1666666666666666,0.1666666666666666,0.1666666666666666,0.1666666666666666,0.1666666666666666
37,37.0,0.1666666666666666,0.1666666666666666,0.1666666666666666,0.1666666666666666,0.1666666666666666,0.1666666666666666
38,38.0,0.1666666666666666,0.1666666666666666,0.1666666666666666,0.1666666666666666,0.1666666666666666,0.1666666666666666
39,39.0,0.1666666666666666,0.1666666666666666,0.1666666666666666,0.1666666666666666,0.1666666666666666,0.1666666666666666
40,40.0,0.1666666666666666,0.1666666666666666,0.1666666666666666,0.1666666666666666,0.1666666666666666,0.1666666666666666
41,41.0,0.1666666666666666,0.1666666666666666,0.1666666666666666,0.1666666666666666,0.1666666666666666,0.1666666666666666
42,42.0,0.1666666666666666,0.1666666666666666,0.1666666666666666,0.1666666666666666,0.1666666666666666,0.1666666666666666
43,43.0,0.1666666666666666,0.1666666666666666,0.1666666666666666,0.1666666666666666,0.1666666666666666,0.1666666666666666
44,44.0,0.1666666666666666,0.1666666666666666,0.1666666666666666,0.1666666666666666,0.1666666666666666,0.1666666666666666
45,45.0,0.1666666666666666,0.1666666666666666,0.1666666666666666,0.1666666666666666,0.1666666666666666,0.1666666666666666
46,46.0,0.1666666666666666,0.1666666666666666,0.1666666666666666,0.1666666666666666,0.1666666666666666,0.1666666666666666
47,47.0,0.1666666666666666,0.1666666666666666,0.1666666666666666,0.1666666666666666,0.1666666666666666,0.1666666666666666
48,48.0,0.1666666666666666,0.1666666666666666,0.1666666666666666,0.1666666666666666,0.1666666666666666,0.1666666666666666
49,49.0,0.1666666666666666,0.1666666666666666,0.1666666666666666,0.1666666666666666,0.1666666666666666,0.1666666666666666
50,50.0,0.1666666666666666,0.1666666666666666,0.1666666666666666,0.1666666666666666,0.1666666666666666,0.1666666666666666
51,51.0,0.1666666666666666,0.1666666666666666,0.1666666666666666,0.1666666666666666,0.1666666666666666,0.1666666666666666
52,52.0,0.1666666666666666,0.1666666666666666,0.1666666666666666,0.1666666666666666,0.1666666666666666,0.1666666666666666
53,53.0,0.1666666666666666,0.1666666666666666,0.1666666666666666,0.1666666666666666,0.1666666666666666,0.1666666666666666
54,54.0,0.1666666666666666,0.1666666666666666,0.1666666666666666,0.1666666666666666,0.1666666666666666,0.1666666666666666
55,55.0,0.1666666666666666,0.1666666666666666,0.1666666666666666,0.1666666666666666,0.1666666666666666,0.1666666666666666
56,56.0,0.1666666666666666,0.1666666666666666,0.1666666666666666,0.1666666666666666,0.1666666666666666,0.1666666666666666
57,57.0,0.1666666666666666,0.1666666666666666,0.1666666666666666,0.1666666666666666,0.1666666666666666,0.1666666666666666
58,58.0,0.1666666666666666,0.1666666666666666,0.1666666666666666,0.1666666666666666,0.1666666666666666,0.1666666666666666
59,59.0,0.1666666666666666,0.1666666666666666,0.1666666666666666,0.1666666666666666,0.1666666666666666,0.1666666666666666
60,60.0,0.1666666666666666,0.1666666666666666,0.1666666666666666,0.1666666666666666,0.1666666666666666,0.1666666666666666
61,61.0,0.1666666666666666,0.1666666666666666,0.1666666666666666,0.1666666666666666,0.1666666666666666,0.1666666666666666
62,62.0,0.1666666666666666,0.1666666666666666,0.1666666666666666,0.1666666666666666,0.1666666666666666,0.1666666666666666
63,63.0,0.1666666666666666,0.1666666666666666,0.1666666666666666,0.1666666666666666,0.1666666666666666,0.1666666666666666
64,64.0,0.1666666666666666,0.1666666666666666,0.1666666666666666,0.1666666666666666,0.1666666666666666,0.1666666666666666
65,65.0,0.1666666666666666,0.1666666666666666,0.1666666666666666,0.1666666666666666,0.1666666666666666,0.1666666666666666
66,66.0,0.1666666666666666,0.1666666666666666,0.1666666666666666,0.1666666666666666,0.1666666666666666,0.1666666666666666
67,67.0,0.1666666666666666,0.1666666666666666,0.1666666666666666,0.1666666666666666,0.1666666666666666,0.1666666666666666
68,68.0,0.1666666666666666,0.1666666666666666,0.1666666666666666,0.1666666666666666,0.1666666666666666,0.1666666666666666
69,69.0,0.1666666666666666,0.1666666666666666,0.1666666666666666,0.1666666666666666,0.1666666666666666,0.1666666666666666
70,70.0,0.1666666666666666,0.1666666666666666,0.1666666666666666,0.1666666666666666,0.1666666666666666,0.1666666666666666
71,71.0,0.1666666666666666,0.1666666666666666,0.1666666666666666,0.1666666666666666,0.1666666666666666,0.1666666666666666
72,72.0,0.1666666666666666,0.1666666666666666,0.1666666666666666,0.1666666666666666,0.1666666666666666,0.1666666666666666
73,73.0,0.1666666666666666,0.1666666666666666,0.1666666666666666,0.1666666666666666,0.1666666666666666,0.1666666666666666
74,74.0,0.1666666666666666,0.1666666666666666,0.1666666666666666,0.1666666666666666,0.1666666666666666,0.1666666666666666
75,75.0,0.1666666666666666,0.1666666666666666,0.1666666666666666,0.1666666666666666,0.1666666666666666,0.1666666666666666
76,76.0,0.1666666666666666,0.1666666666666666,0.1666666666666666,0.1666666666666666,0.1666666666666666,0.1666666666666666
77,77.0,0.1666666666666666,0.1666666666666666,0.1666666666666666,0.1666666666666666,0.1666666666666666,0.1666666666666666
78,78.0,0.1666666666666666,0.1666666666666666,0.1666666666666666,0.1666666666666666,0.1666666666666666,0.1666666666666666
79,79.0,0.1666666666666666,0.1666666666666666,0.1666666666666666,0.1666666666666666,0.1666666666666666,0.1666666666666666
80,80.0,0.1666666666666666,0.1666666666666666,0.1666666666666666,0.1666666666666666,0.1666666666666666,0.1666666666666666
81,81.0,0.1666666666666666,0.1666666666666666,0.1666666666666666,0.1666666666666666,0.1666666666666666,0.1666666666666666
82,82.0,0.1666666666666666,0.1666666666666666,0.1666666666666666,0.1666666666666666,0.1666666666666666,0.1666666666666666
83,83.0,0.1666666666666666,0.1666666666666666,0.1666666666666666,0.1666666666666666,0.1666666666666666,0.1666666666666666
84,84.0,0.1666666666666666,0.1666666666666666,0.1666666666666666,0.1666666666666666,0.1666666666666666,0.1666666666666666
85,85.0,0.1666666666666666,0.1666666666666666,0.1666666666666666,0.1666666666666666,0.1666666666666666,0.1666666666666666
86,86.0,0.1666666666666666,0.1666666666666666,0.1666666666666666,0.1666666666666666,0.1666666666666666,0.1666666666666666
87,87.0,0.1666666666666666,0.1666666666666666,0.1666666666666666,0.1666666666666666,0.1666666666666666,0.1666666666666666
88,88.0,0.1666666666666666,0.1666666666666666,0.1666666666666666,0.1666666666666666,0.1666666666666666,0.1666666666666666
89,89.0,0.1666666666666666,0.1666666666666666,0.1666666666666666,0.1666666666666666,0.1666666666666666,0.1666666666666666
90,90.0,0.1666666666666666,0.1666666666666666,0.1666666666666666,0.1666666666666666,0.1666666666666666,0.1666666666666666
91,91.0,0.1666666666666666,0.1666666666666666,0.1666666666666666,0.1666666666666666,0.1666666666666666,0.1666666666666666
92,92.0,0.1666666666666666,0.1666666666666666,0.1666666666666666,0.1666666666666666,0.1666666666666666,0.1666666666666666
93,93.0,0.1666666666666666,0.1666666666666666,0.1666666666666666,0.1666666666666666,0.1666666666666666,0.1666666666666666
94,94.0,0.1666666666666666,0.1666666666666666,0.1666666666666666,0.1666666666666666,0.1666666666666666,0.1666666666666666
95,95.0,0.1666666666666666,0.1666666666666666,0.1666666666666666,0.1666666666666666,0.1666666666666666,0.1666666666666666
96,96.0,0.1666666666666666,0.1666666666666666,0.1666666666666666,0.1666666666666666,0.1666666666666666,0.1666666666666666
97,97.0,0.1666666666666666,0.1666666666666666,0.1666666666666666,0.1666666666666666,0.1666666666666666,0.1666666666666666
98,98.0,0.1666666666666666,0.1666666666666666,0.1666666666666666,0.1666666666666666,0.1666666666666666,0.1666666666666666
99,99.0,0.1666666666666666,0.1666666666666666,0.1666666666666666,0.1666666666666666,0.1666666666666666,0.1666666666666666
100,100.0,0.1666666666666666,0.1666666666666666,0.1666666666666666,0.1666666666666666,0.1666666666666666,0.1666666666666666
101,101.0,0.1666666666666666,0.1666666666666666,0.1666666666666666,0.1666666666666666,0.1666666666666666,0.1666666666666666
102,102.0,0.1666666666666666,0.1666666666666666,0.1666666666666666,0.1666666666666666,0.1666666666666666,0.1666666666666666
103,103.0,0.1666666666666666,0.1666666666666666,0.1666666666666666,0.1666666666666666,0.1666666666666666,0.1666666666666666
104,104.0,0.1666666666666666,0.1666666666666666,0.1666666666666666,0.1666666666666666,0.1666666666666666,0.1666666666666666
105,105.0,0.1666666666666666,0.1666666666666666,0.1666666666666666,0.1666666666666666,0.1666666666666666,0.1666666666666666
106,106.0,0.1666666666666666,0.1666666666666666,0.1666666666666666,0.1666666666666666,0.1666666666666666,0.1666666666666666
107,107.0,0.1666666666666666,0.1666666666666666,0.1666666666666666,0.1666666666666666,0.1666666666666666,0.1666666666666666
108,108.0,0.1666666666666666,0.1666666666666666,0.1666666666666666,0.1666666666666666,0.1666666666666666,0.1666666666666666
109,109.0,0.1666666666666666,0.1666666666666666,0.1666666666666666,0.1666666666666666,0.1666666666666666,0.1666666666666666
110,110.0,0.1666666666666666,0.1666666666666666,0.1666666666666666,0.1666666666666666,0.1666666666666666,0.1666666666666666
111,111.0,0.1666666666666666,0.1666666666666666,0.1666666666666666,0.1666666666666666,0.1666666666666666,0.1666666666666666
112,112.0,0.1666666666666666,0.1666666666666666,0.1666666666666666,0.1666666666666666,0.1666666666666666,0.1666666666666666
113,113.0,0.1666666666666666,0.1666666666666666,0.1666666666666666,0.1666666666666666,0.1666666666666666,0.1666666666666666
114,114.0,0.1666666666666666,0.1666666666666666,0.1666666666666666,0.1666666666666666,0.1666666666666666,0.1666666666666666
115,115.0,0.1666666666666666,0.1666666666666666,0.1666666666666666,0.1666666666666666,0.1666666666666666,0.1666666666666666
116,116.0,0.1666666666666666,0.1666666666666666,0.1666666666666666,0.1666666666666666,0.1666666666666666,0.1666666666666666
117,117.0,0.1666666666666666,0.1666666666666666,0.1666666666666666,0.1666666666666666,0.1666666666666666,0.1666666666666666
118,118.0,0.1666666666666666,0.1666666666666666,0.1666666666666666,0.1666666666666666,0.1666666666666666,0.1666666666666666
119,119.0,0.1666666666666666,0.1666666666666666,0.1666666666666666,0.1666666666666666,0.1666666666666666,0.1666666666666666
120,120.0,0.1666666666666666,0.1666666666666666,0.1666666666666666,0.1666666666666666,0.1666666666666666,0.1666666666666666
121,121.0,0.1666666666666666,0.1666666666666666,0.1666666666666666,0.1666666666666666,0.1666666666666666,0.1666666666666666
122,122.0,0.1666666666666666,0.1666666666666666,0.1666666666666666,0.1666666666666666,0.1666666666666666,0.1666666666666666
123,123.0,0.1666666666666666,0.1666666666666666,0.1666666666666666,0.1666666666666666,0.1666666666666666,0.1666666666666666
124,124.0,0.1666666666666666,0.1666666666666666,0.1666666666666666,0.1666666666666666,0.1666666666666666,0.1666666666666666
125,125.0,0.1666666666666666,0.1666666666666666,0.1666666666666666,0.1666666666666666,0.1666666666666666,0.1666666666666666
126,126.0,0.1666666666666666,0.1666666666666666,0.1666666666666666,0.1666666666666666,0.1666666666666666,0.1666666666666666
127,127.0,0.1666666666666666,0.1666666666666666,0.1666666666666666,0.1666666666666666,0.1666666666666666,0.1666666666666666
128,128.0,0.1666666666666666,0.1666666666666666,0.1666666666666666,0.1666666666666666,0.1666666666666666,0.1666666666666666
129,129.0,0.1666666666666666,0.1666666666666666,0.1666666666666666,0.1666666666666666,0.1666666666666666,0.1666666666666666
130,130.0,0.1666666666666666,0.1666666666666666,0.1666666666666666,0.1666666666666666,0.1666666666666666,0.1666666666666666
131,131.0,0.1666666666666666,0.1666666666666666,0.1666666666666666,0.1666666666666666,0.1666666666666666,0.1666666666666666
132,132.0,0.1666666666666666,0.1666666666666666,0.1666666666666666,0.1666666666666666,0.1666666666666666,0.1666666666666666
133,133.0,0.1666666666666666,0.1666666666666666,0.1666666666666666,0.1666666666666666,0.1666666666666666,0.1666666666666666
134,134.0,0.1666666666666666,0.1666666666666666,0.1666666666666666,0.1666666666666666,0.1666666666666666,0.1666666666666666
135,135.0,0.1666666666666666,0.1666666666666666,0.1666666666666666,0.1666666666666666,0.1666666666666666,0.1666666666666666
136,136.0,0.1666666666666666,0.1666666666666666,0.1666666666666666,0.1666666666666666,0.1666666666666666,0.1666666666666666
137,137.0,0.1666666666666666,0.1666666666666666,0.1666666666666666,0.1666666666666666,0.1666666666666666,0.1666666666666666
138,138.0,0.1666666666666666,0.1666666666666666,0.1666666666666666,0.1666666666666666,0.1666666666666666,0.1666666666666666
139,139.0,0.1666666666666666,0.1666666666666666,0.1666666666666666,0.1666666666666666,0.1666666666666666,0.1666666666666666
140,140.0,0.1666666666666666,0.1666666666666666,0.1666666666666666,0.1666666666666666,0.1666666666666666,0.1666666666666666
141,141.0,0.1666666666666666,0.1666666666666666,0.1666666666666666,0.1666666666666666,0.1666666666666666,0.1666666666666666
142,142.0,0.1666666666666666,0.1666666666666666,0.1666666666666666,0.1666666666666666,0.1666666666666666,0.1666666666666666
143,143.0,0.1666666666666666,0.1666666666666666,0.1666666666666666,0.1666666666666666,0.1666666666666666,0.1666666666666666
144,144.0,0.1666666666666666,0.1666666666666666,0.1666666666666666,0.1666666666666666,0.1666666666666666,0.1666666666666666
145,145.0,0.1666666666666666,0.1666666666666666,0.1666666666666666,0.1666666666666666,0.1666666666666666,0.1666666666666666
146,146.0,0.1666666666666666,0.1666666666666666,0.1666666666666666,0.1666666666666666,0.1666666666666666,0.1666666666666666
147,147.0,0.1666666666666666,0.1666666666666666,0.1666666666666666,0.1666666666666666,0.1666666666666666,0.1666666666666666
148,148.0,0.1666666666666666,0.1666666666666666,0.1666666666666666,0.1666666666666666,0.1666666666666666,0.1666666666666666
149,149.0,0.1666666666666666,0.1666666666666666,0.1666666666666666,0.1666666666666666,0.1666666666666666,0.1666666666666666
150,150.0,0.1666666666666666,0.1666666666666666,0.1666666666666666,0.1666666666666666,0.1666666666666666,0.1666666666666666
151,151.0,0.1666666666666666,0.1666666666666666,0.1666666666666666,0.1666666666666666,0.1666666666666666,0.1666666666666666
152,152.0,0.1666666666666666,0.1666666666666666,0.1666666666666666,0.1666666666666666,0.1666666666666666,0.1666666666666666
153,153.0,0.1666666666666666,0.1666666666666666,0.1666666666666666,0.1666666666666666,0.1666666666666666,0.1666666666666666
154,154.0,0.1666666666666666,0.1666666666666666,0.1666666666666666,0.1666666666666666,0.1666666666666666,0.1666666666666666
155,155.0,0.1666666666666666,0.1666666666666666,0.1666666666666666,0.1666666666666666,0.1666666666666666,0.1666666666666666
156,156.0,0.1666666666666666,0.1666666666666666,0.1666666666666666,0.1666666666666666,0.1666666666666666,0.1666666666666666
157,157.0,0.1666666666666666,0.1666666666666666,0.1666666666666666,0.1666666666666666,0.1666666666666666,0.1666666666666666
158,158.0,0.1666666666666666,0.1666666666666666,0.1666666666666666,0.1666666666666666,0.1666666666666666,0.1666666666666666
159,159.0,0.1666666666666666,0.1666666666666666,0.1666666666666666,0.1666666666666666,0.1666666666666666,0.1666666666666666
160,160.0,0.1666666666666666,0.1666666666666666,0.1666666666666666,0.1666666666666666,0.1666666666666666,0.1666666666666666
161,161.0,0.1666666666666666,0.1666666666666666,0.1666666666666666,0.1666666666666666,0.1666666666666666,0.1666666666666666
162,162.0,0.1666666666666666,0.1666666666666666,0.1666666666666666,0.1666666666666666,0.1666666666666666,0.1666666666666666
163,163.0,0.1666666666666666,0.1666666666666666,0.1666666666666666,0.1666666666666666,0.1666666666666666,0.1666666666666666
164,164.0,0.1666666666666666,0.1666666666666666,0.1666666666666666,0.1666666666666666,0.1666666666666666,0.1666666666666666
165,165.0,0.1666666666666666,0.1666666666666666,0.1666666666666666,0.1666666666666666,0.1666666666666666,0.1666666666666666
166,166.0,0.1666666666666666,0.1666666666666666,0.1666666666666666,0.1666666666666666,0.1666666666666666,0.1666666666666666
167,167.0,0.1666666666666666,0.1666666666666666,0.1666666666666666,0.1666666666666666,0.1666666666666666,0.1666666666666666
168,168.0,0.1666666666666666,0.1666666666666666,0.1666666666666666,0.1666666666666666,0.1666666666666666,0.1666666666666666
169,169.0,0.1666666666666666,0.1666666666666666,0.1666666666666666,0.1666666666666666,0.1666666666666666,0.1666666666666666
170,170.0,0.1666666666666666,0.1666666666666666,0.1666666666666666,0.1666666666666666,0.1666666666666666,0.1666666666666666
171,171.0,0.1666666666666666,0.1666666666666666,0.1666666666666666,0.1666666666666666,0.1666666666666666,0.1666666666666666
172,172.0,0.1666666666666666,0.1666666666666666,0.1666666666666666,0.1666666666666666,0.1666666666666666,0.1666666666666666
173,173.0,0.1666666666666666,0.1666666666666666,0.1666666666666666,0.1666666666666666,0.1666666666666666,0.1666666666666666
174,174.0,0.1666666666666666,0.1666666666666666,0.1666666666666666,0.1666666666666666,0.1666666666666666,0.1666666666666666
175,175.0,0.1666666666666666,0.1666666666666666,0.1666666666666666,0.1666666666666666,0.1666666666666666,0.1666666666666666
176,176.0,0.1666666666666666,0.1666666666666666,0.1666666666666666,0.1666666666666666,0.1666666666666666,0.1666666666666666
177,177.0,0.1666666666666666,0.1666666666666666,0.1666666666666666,0.1666666666666666,0.1666666666666666,0.1666666666666666
178,178.0,0.1666666666666666,0.1666666666666666,0.1666666666666666,0.1666666666666666,0.1666666666666666,0.1666666666666666
179,179.0,0.1666666666666666,0.1666666666666666,0.1666666666666666,0.1666666666666666,0.1666666666666666,0.1666666666666666
180,180.0,0.1666666666666666,0.1666666666666666,0.1666666666666666,0.1666666666666666,0.1666666666666666,0.1666666666666666
181,181.0,0.1666666666666666,0.1666666666666666,0.1666666666666666,0.1666666666666666,0.1666666666666666,0.1666666666666666
182,182.0,0.1666666666666666,0.1666666666666666,0.1666666666666666,0.1666666666666666,0.1666666666666666,0.1666666666666666
183,183.0,0.1666666666666666,0.1666666666666666,0.1666666666666666,0.1666666666666666,0.1666666666666666,0.1666666666666666
184,184.0,0.1666666666666666,0.1666666666666666,0.1666666666666666,0.1666666666666666,0.1666666666666666,0.1666666666666666
185,185.0,0.1666666666666666,0.1666666666666666,0.1666666666666666,0.1666666666666666,0.1666666666666666,0.1666666666666666
186,186.0,0.1666666666666666,0.1666666666666666,0.1666666666666666,0.1666666666666666,0.1666666666666666,0.1666666666666666
187,187.0,0.1666666666666666,0.1666666666666666,0.1666666666666666,0.1666666666666666,0.1666666666666666,0.1666666666666666
188,188.0,0.1666666666666666,0.1666666666666666,0.1666666666666666,0.1666666666666666,0.1666666666666666,0.1666666666666666
189,189.0,0.1666666666666666,0.1666666666666666,0.1666666666666666,0.1666666666666666,0.1666666666666666,0.1666666666666666
190,190.0,0.1666666666666666,0.1666666666666666,0.1666666666666666,0.1666666666666666,0.1666666666666666,0.1666666666666666
191,191.0,0.1666666666666666,0.1666666666666666,0.1666666666666666,0.1666666666666666,0.1666666666666666,0.1666666666666666
192,192.0,0.1666666666666666,0.1666666666666666,0.1666666666666666,0.1666666666666666,0.1666666666666666,0.1666666666666666
193,193.0,0.1666666666666666,0.1666666666666666,0.1666666666666666,0.1666666666666666,0.1666666666666666,0.1666666666666666
194,194.0,0.1666666666666666,0.1666666666666666,0.1666666666666666,0.1666666666666666,0.1666666666666666,0.1666666666666666
195,195.0,0.1666666666666666,0.1666666666666666,0.1666666666666666,0.1666666666666666,0.1666666666666666,0.1666666666666666
196,196.0,0.1666666666666666,0.1666666666666666,0.1666666666666666,0.1666666666666666,0.1666666666666666,0.1666666666666666
197,197.0,0.1666666666666666,0.1666666666666666,0.1666666666666666,0.1666666666666666,0.1666666666666666,0.1666666666666666
198,198.0,0.1666666666666666,0.1666666666666666,0.1666666666666666,0.1666666666666666,0.1666666666666666,0.1666666666666666
199,199.0,0.1666666666666666,0.1666666666666666,0.1666666666666666,0.1666666666666666,0.1666666666666666,0.1666666666666666
200,200.0,0.1664285714285714,0.1664285714285714,0.1664285714285714,0.1664285714285714,0.1664285714285714,0.1678571428571428
201,201.0,0.1661928571428572,0.1661928571428572,0.1661928571428572,0.1661928571428572,0.1661928571428572,0.1690357142857143
202,202.0,0.1659616428571429,0.1659616428571429,0.1659616428571429,0.1659616428571429,0.1659616428571429,0.1701917857142857
203,203.0,0.1671653621428572,0.1657367907142858,0.1657367907142858,0.1657367907142858,0.1657367907142858,0.169887475
204,204.0,0.1692556273071429,0.1653413415928572,0.1653413415928572,0.1653413415928572,0.1653413415928572,0.1693790063214286
205,205.0,0.1713193096819286,0.1649570239676429,0.1649570239676429,0.1649570239676429,0.1649570239676429,0.1688525944475
206,206.0,0.1720884307224165,0.1645865678652736,0.1645865678652736,0.1645865678652736,0.1645865678652736,0.1695652978164893
207,207.0,0.1724278109071869,0.1652045139167108,0.164301736138933,0.1640934028055996,0.163989236138933,0.169983300092637
208,208.0,0.1722604630596466,0.1663705249857418,0.1636851083190751,0.1632705249857418,0.1630632333190751,0.1713501453307198
209,209.0,0.1718149239376923,0.1672943249361076,0.1628522207694409,0.163663896364679,0.161926877019441,0.1724477569726394
210,210.0,0.1711591823456995,0.1690266111658853,0.1618687426242186,0.1651479583087424,0.1606482804367186,0.1721492251187359
211,211.0,0.1703426413434172,0.1705910375816612,0.1608855597879112,0.1663567376499151,0.1603873900729807,0.1714366335641148
212,212.0,0.1695145462818972,0.1711137459006779,0.1609437245579904,0.1675556748550747,0.1601700442099661,0.1707022641943941
213,213.0,0.1685025153358603,0.1713209535766938,0.1608567023442985,0.1686428556748616,0.1608122436744145,0.1698647293938717
214,214.0,0.167498698766855,0.1714875931427033,0.1608035184309858,0.1697004021214334,0.1614852483025715,0.1690245392354513
215,215.0,0.166512313302868,0.1716160550140471,0.1607813208271477,0.1707207021676461,0.1621792475317845,0.1681903611565068
216,216.0,0.1653729082594661,0.1715303009129067,0.1606086614493036,0.1713401345959304,0.1627066304810846,0.1684413643013088
217,217.0,0.1644497121125571,0.1696860515359837,0.161644845536165,0.172004929506134,0.1634213174165024,0.1687931438926579
218,218.0,0.1635666995703246,0.1678321443591709,0.1626949905367564,0.1726220845191448,0.1641337947064356,0.1691502863081677
219,219.0,0.1627286823977232,0.1659880842342254,0.1649971989096989,0.171940192074552,0.1648371585425334,0.1695086838412672
220,220.0,0.1619395412295159,0.16417132705721,0.1682782422340279,0.1712209758425619,0.1645252866318182,0.1698646270048661
221,221.0,0.1608815728062382,0.1621675121253039,0.1717751033490383,0.170245562384436,0.1650841343993918,0.1698461149355919
222,222.0,0.1597293607497511,0.1601464439693757,0.1756448682281482,0.1691803861634299,0.16555210200581,0.1697468388834852
223,223.0,0.1582739148140037,0.1578960426093711,0.1802083187429264,0.1678110592340256,0.1664688125763391,0.1693418520233343
224,224.0,0.1566013216374883,0.1555002069177591,0.1851883639125704,0.1662201514748186,0.1688968303254682,0.1675931257318955
225,225.0,0.1548985261495512,0.1530964924086704,0.1897644534658069,0.1645447837704349,0.170944169266271,0.1667515749392658
226,226.0,0.1533292273298646,0.1509009939502134,0.1959010633385854,0.1618903145225947,0.1718133445250927,0.1661650563336492
227,227.0,0.1516342605632926,0.1486521465092111,0.2012184738129225,0.1602296112765348,0.1729781632572258,0.1652873445808133
228,228.0,0.1500431423121892,0.146540273458328,0.2062579307239188,0.1586424044645378,0.1740724129280177,0.1644438361130085
229,229.0,0.1501387798598997,0.145525177041442,0.2098956443826081,0.1566610260351268,0.1746160174707043,0.1631633552102191
230,230.0,0.1506987284592821,0.144502311885186,0.2127836729486892,0.1555142914348043,0.1748290068466,0.1616719884254385
231,231.0,0.151340810460352,0.1436157717503535,0.2153666340575268,0.1544632918619587,0.1749746656198015,0.1602388262500075
232,232.0,0.1520503917029299,0.1434490248302682,0.2170609695496393,0.1535089638095708,0.1750582702628462,0.1588723798447456
233,233.0,0.1528136264504391,0.1434023475079505,0.218468010396484,0.1526511834061187,0.1750851901423193,0.1575796420966885
234,234.0,0.1520582266220917,0.1439543956752779,0.2194390169613086,0.1532847653807527,0.1749301055815348,0.1563334897790342
235,235.0,0.1511391028630581,0.14441997144187,0.220531811636014,0.1544264875966197,0.1745225467737134,0.1549600796887247
236,236.0,0.1505922084143868,0.1453134559005237,0.22258335259793,0.1560306772489963,0.1724022263420266,0.1530780794961366
237,237.0,0.149777351528459,0.147062112476962,0.225013005865525,0.1572166664161705,0.1699531858921083,0.1509776778207752
238,238.0,0.148876302414685,0.1487097627904674,0.2278995366914282,0.1582862406518162,0.1673796132271064,0.1488485442244968
239,239.0,0.1476106381554081,0.1504539783326191,0.2307276025378655,0.1593916614962036,0.164949960453074,0.1468661590248297
240,240.0,0.1463294769077716,0.152117660425131,0.2336247692443192,0.1613773809891053,0.1624741321086544,0.1440765803250185
241,241.0,0.145042475038909,0.1536875206478634,0.2361194293798921,0.1637955599176311,0.1600004833006782,0.1413545317150263
242,242.0,0.1438312684478134,0.1552254244037487,0.2383632506366802,0.1661696796398422,0.1576217143817627,0.1387886624901528
243,243.0,0.142700389672619,0.1567191883019127,0.2411922120233275,0.1676470715458148,0.1553521250521911,0.136389013404135
244,244.0,0.1416531147194878,0.158158288689146,0.2437695099129815,0.1690526344981129,0.1532034932463244,0.1341629589339475
245,245.0,0.1408304448446335,0.158561578690447,0.2463723154542229,0.1694072735403588,0.15132409841874,0.133504289051598
246,246.0,0.1399542573500882,0.158764717555507,0.2495553831598137,0.1695486457842464,0.1494419219309964,0.1327350742193484
247,247.0,0.1391636658727664,0.1589106890092997,0.2524788561362632,0.1696216641871726,0.147701063713987,0.1321240610805112
248,248.0,0.1381042316219338,0.1584713935460572,0.2566852466725086,0.1690222385890089,0.1465202461882543,0.1311966433822374
249,249.0,0.1365935622988947,0.1579769099687483,0.260459880268152,0.1683081901685864,0.1454957264280123,0.1311657308676063
250,250.0,0.1351763378648658,0.1586984674747921,0.2619267545551288,0.167556255663627,0.1453784319632581,0.1312637524783283
251,251.0,0.1337184971863974,0.1600766908252372,0.2629803955248546,0.1666388541387453,0.145247616627894,0.1313379456968718
252,252.0,0.1321255850566228,0.1625976073926152,0.2635384948612619,0.1654686110730868,0.1449928454242392,0.1312768561921741
253,253.0,0.1305302123451451,0.1656058656736861,0.2637482003374933,0.1641856876545606,0.1447322362543341,0.1311977977347809
254,254.0,0.1298667606554313,0.1680681034597244,0.2636513451938949,0.1628232720617295,0.1444780699155935,0.1311124487136266
255,255.0,0.1291607936143231,0.1708779367860094,0.2632856146499462,0.161408998274013,0.1442383043943491,0.1310283522813594
256,256.0,0.1285599860637348,0.1735634168561625,0.2627497353693035,0.1600303766669586,0.1440820790822455,0.1310144059615951
257,257.0,0.1280598301301203,0.1761101241950956,0.2620660810184428,0.1586976282385706,0.1440026022114897,0.131063734206281
258,258.0,0.1297431742990304,0.1777372382333104,0.2607567651483939,0.1568200925558657,0.1449320546457154,0.1300106751176842
259,259.0,0.1317764159937887,0.1796338074843833,0.257041233108299,0.1551508351177561,0.147238402355604,0.1291593059401689
260,260.0,0.133673030037344,0.1811964019375253,0.2541653069483456,0.1533808334561184,0.1493913434643098,0.1281930841563569
261,261.0,0.1362294529811209,0.182218892029097,0.2512061113494452,0.1516344737315333,0.1514813009424759,0.1272297689663279
262,262.0,0.1384338100353298,0.1838329753822517,0.2487400267499428,0.1497510311717173,0.153139277973979,0.1261028786867795
263,263.0,0.1404694412635626,0.1851568805308283,0.247004155032646,0.1478343244320676,0.1546238830651604,0.1249113156757352
264,264.0,0.1424578629361344,0.1863313862437988,0.2462269245355979,0.1460318469979641,0.1551535164500498,0.123798462836455
265,265.0,0.1442450229029968,0.1870819096298164,0.2453631727346736,0.1442113118243043,0.1553587830058314,0.1237397999023776
266,266.0,0.1462756360525123,0.1880108040051765,0.2429678876909683,0.1428351903542407,0.1558375270673186,0.1240729548297836
267,267.0,0.1484054838353536,0.1890389952752432,0.2414432838043053,0.1399074344667464,0.1565965744822869,0.1246082281360647
268,268.0,0.1502572404142555,0.1897573107988842,0.2396435130238212,0.1369456020455563,0.1571295252204592,0.1262668084970237
269,269.0,0.1533898005184263,0.1904891581701087,0.2359910738736869,0.134282322242855,0.1577532626167368,0.1280943825781863
270,270.0,0.1563937581942974,0.1911008657304461,0.2324577575823689,0.1317893725948208,0.1583274706313462,0.1299307752667207
271,271.0,0.1589979658539717,0.191709441496493,0.2289082548681685,0.1293159194237369,0.1595815188524668,0.131486899505163
272,272.0,0.1614449278510436,0.192209112890018,0.2255225365433732,0.1270276047564765,0.1607777399200937,0.1330180780389952
273,273.0,0.1627139943698979,0.192843868872433,0.2251633194475284,0.1250478455083773,0.1606004305293759,0.1336305412723875
274,274.0,0.163820978578882,0.1933795677107394,0.2249708313429832,0.1232584408728614,0.1603672882486266,0.1342028932459072
275,275.0,0.1654120445079189,0.1936925530027597,0.2246098113911404,0.1215941468709231,0.1600221252255539,0.1346693190017038
276,276.0,0.1681493690522086,0.1928471432953795,0.2243406497161749,0.1201015251716538,0.1596220249570507,0.1349392878075325
277,277.0,0.1691983956622254,0.1927490008169813,0.2239278061531026,0.1201297333631778,0.1589174911613539,0.135077572843159
278,278.0,0.1700849963328289,0.192588016633087,0.2236352318718196,0.1203225102706045,0.1581914670745946,0.1351777778170654
279,279.0,0.1708165476512544,0.1932811756651763,0.2225447347778687,0.1206614712532694,0.1574533619667465,0.1352427086856847
280,280.0,0.1707381798764764,0.1938176615828594,0.221961297837742,0.1210607872260009,0.1573257621049941,0.1350963113719271
281,281.0,0.1705284218423162,0.19429803657866,0.2214835558989649,0.121571468491104,0.1571962955607479,0.1349222216282071
282,282.0,0.1706310815836251,0.1951516794233796,0.2185342883093615,0.1240344145638333,0.1564950150962712,0.1351535210235293
283,283.0,0.1706281764397287,0.1959470126179648,0.2157044260241962,0.1265583409312705,0.1558004006225176,0.1353616433643221
284,284.0,0.1702646303580807,0.1971317576674584,0.2133116054340815,0.1303053138912148,0.1548530700926465,0.1341336225565181
285,285.0,0.1689065525047994,0.1974856504337046,0.2114696829967408,0.1344542110236242,0.1543475113624281,0.1333363916787029
286,286.0,0.1674883940751366,0.1977763916330189,0.2097776835205299,0.1385519072593357,0.1538660200787553,0.1325396034332238
287,287.0,0.1660303447110273,0.1980073890101012,0.2082375347040977,0.142562545725662,0.1534110044098102,0.1317511814393018
288,288.0,0.164550973999557,0.198182306973404,0.2068494529696308,0.1464547258148784,0.1529843669508095,0.1309781732917205
289,289.0,0.1630672077825767,0.1983050042846721,0.2056121124262773,0.1502013715638036,0.1525875362553488,0.1302267676873217
290,290.0,0.1627054343839181,0.1972683649248853,0.2045228123603595,0.1537795699489776,0.1522214999540286,0.129502318427831
291,291.0,0.1610951674938311,0.1975320222880802,0.2028395464866976,0.1573370503895905,0.1522201723037814,0.1289760410380194
292,292.0,0.1595130734160736,0.1977633101283268,0.2013028297590885,0.1606903098756921,0.1522470957160025,0.1284833811048168
293,293.0,0.1577026752907096,0.1984209447273096,0.1993744133912418,0.1635567573883921,0.1531887862399331,0.1277564229624141
294,294.0,0.155947439971286,0.1990437020761521,0.1975978164459248,0.1661989421174361,0.1541437009085137,0.1270683984806876
295,295.0,0.1542594035304028,0.19962884232638,0.1959756229503377,0.1686128684938992,0.1551009681605934,0.126422294538387
296,296.0,0.1545058693017579,0.2006028472139239,0.1919371859230347,0.1712257945178465,0.156479351493873,0.1252489515495642
297,297.0,0.1548194938349852,0.2015313759404625,0.1893287998017462,0.1736059766785756,0.1565872411811854,0.1241271125630453
298,298.0,0.1557348438513712,0.2004466852024704,0.187334426613612,0.1766626417650714,0.1565692328822665,0.1232521696852086
299,299.0,0.1573434099947045,0.1989784425736986,0.1851801075171162,0.1802248277780808,0.1561846274567112,0.1220885846796887
300,300.0,0.1587922525233245,0.1974030622928896,0.1842025144931941,0.1831712958297574,0.1555306406281487,0.1209002342326859
301,301.0,0.1612187139592749,0.1956899412209844,0.1829907205617972,0.1857225368741015,0.1547336796980945,0.1196444076857477
302,302.0,0.163219923641619,0.1934376253404524,0.1831403286880518,0.1885316304654722,0.1535351675301542,0.1181353243342504
303,303.0,0.1632657667212662,0.1909100781034823,0.183782614228842,0.1910670808106336,0.1534669729745245,0.1175074871612515
304,304.0,0.1630956021469702,0.1883518813348709,0.1851054180558378,0.1934201168449739,0.1531561484799329,0.1168708331374142
305,305.0,0.1630357129558,0.1858325165307293,0.1864901031238078,0.1954844809358044,0.1528482222648538,0.1163089641890047
306,306.0,0.1622167489217296,0.1852392047025075,0.1890848793073144,0.1974681957915227,0.1510804118625633,0.1149105594143625
307,307.0,0.1613829677385932,0.1847391508883371,0.191728992319383,0.1992062273246724,0.149346464080407,0.1135961976486071
308,308.0,0.1597108555997955,0.1843280298249548,0.1943910673470368,0.200705763552179,0.1484936654675265,0.1123706182085074
309,309.0,0.1574480371294085,0.1838527122900495,0.1975098617237006,0.2019615321025573,0.1478455097512274,0.1113823470030566
310,310.0,0.1537145187745599,0.1833821259724445,0.2003607859867001,0.2049569404026877,0.1471744840309631,0.1104111448326447
311,311.0,0.1499844992470378,0.1851864876295698,0.2028902531029069,0.2074045705610939,0.1450650933898404,0.1094690960695513
312,312.0,0.1463526211670771,0.1870422368693591,0.2053358833466075,0.2096231856288258,0.1430256748197631,0.1086203981683676
313,313.0,0.1428453891707212,0.1889256774411481,0.2076816041026155,0.2116135009642734,0.1410696252993273,0.1078642030219145
314,314.0,0.1394589699330847,0.1907808324585837,0.2100276455690411,0.2133440700398756,0.1391949479005291,0.1071935340988859
315,315.0,0.1363147008792693,0.1907542280709317,0.2137380874388664,0.2149302553793101,0.1366665748940366,0.1075961533375859
316,316.0,0.1331647591763805,0.1903070335353048,0.218808577172245,0.2158378052199711,0.1340701090656338,0.1078117158304649
317,317.0,0.1300341796493226,0.1896787479548247,0.2240394680225508,0.2161932620810837,0.1314312924987639,0.1086230497934542
318,318.0,0.1269385683991166,0.1890310494802937,0.2290781534708144,0.2160386748856117,0.128779785775528,0.1101337679886357
319,319.0,0.1238093341661415,0.1872514722520747,0.2377325506999053,0.2139167764884476,0.1260358016970302,0.1112540646964006
320,320.0,0.1207312425911152,0.1852099998068187,0.246423425678331,0.2121975094457247,0.1232861388396928,0.1121516836383176
321,321.0,0.1180348387788713,0.1820172057546512,0.2536869951081471,0.2105280663626892,0.1212804068315181,0.114452487164123
322,322.0,0.1153429339752701,0.1786609843626193,0.2618812909128534,0.2084442851483286,0.1192232858916876,0.1164472197092409
323,323.0,0.113451685972172,0.1764648974772865,0.2690249788155951,0.2058055986000802,0.1172038255611047,0.1180490135737614
