,Unnamed: 0,Total_iterations,Intertwine_two,Add_vertex,Delete_vertex,Invert_path_vertices,Insert_inside_vertex,Delete_inside_vertex
0,0.0,0.0,0.16666666666666657,0.16666666666666657,0.16666666666666657,0.16666666666666657,0.16666666666666657,0.16666666666666657
1,1.0,1.0,0.16666666666666657,0.16666666666666657,0.16666666666666657,0.16666666666666657,0.16666666666666657,0.16666666666666657
2,2.0,2.0,0.16666666666666657,0.16666666666666657,0.16666666666666657,0.16666666666666657,0.16666666666666657,0.16666666666666657
3,3.0,3.0,0.16666666666666657,0.16666666666666657,0.16666666666666657,0.16666666666666657,0.16666666666666657,0.16666666666666657
4,4.0,4.0,0.16666666666666657,0.16666666666666657,0.16666666666666657,0.16666666666666657,0.16666666666666657,0.16666666666666657
5,5.0,5.0,0.16666666666666657,0.16666666666666657,0.16666666666666657,0.16666666666666657,0.16666666666666657,0.16666666666666657
6,6.0,6.0,0.16666666666666657,0.16666666666666657,0.16666666666666657,0.16666666666666657,0.16666666666666657,0.16666666666666657
7,7.0,7.0,0.16666666666666657,0.16666666666666657,0.16666666666666657,0.16666666666666657,0.16666666666666657,0.16666666666666657
8,8.0,8.0,0.16666666666666657,0.16666666666666657,0.16666666666666657,0.16666666666666657,0.16666666666666657,0.16666666666666657
9,9.0,9.0,0.16666666666666657,0.16666666666666657,0.16666666666666657,0.16666666666666657,0.16666666666666657,0.16666666666666657
10,10.0,10.0,0.16666666666666657,0.16666666666666657,0.16666666666666657,0.16666666666666657,0.16666666666666657,0.16666666666666657
11,11.0,11.0,0.16666666666666657,0.16666666666666657,0.16666666666666657,0.16666666666666657,0.16666666666666657,0.16666666666666657
12,12.0,12.0,0.16666666666666657,0.16666666666666657,0.16666666666666657,0.16666666666666657,0.16666666666666657,0.16666666666666657
13,13.0,13.0,0.16666666666666657,0.16666666666666657,0.16666666666666657,0.16666666666666657,0.16666666666666657,0.16666666666666657
14,14.0,14.0,0.16666666666666657,0.16666666666666657,0.16666666666666657,0.16666666666666657,0.16666666666666657,0.16666666666666657
15,15.0,15.0,0.16666666666666657,0.16666666666666657,0.16666666666666657,0.16666666666666657,0.16666666666666657,0.16666666666666657
16,16.0,16.0,0.16666666666666657,0.16666666666666657,0.16666666666666657,0.16666666666666657,0.16666666666666657,0.16666666666666657
17,17.0,17.0,0.16666666666666657,0.16666666666666657,0.16666666666666657,0.16666666666666657,0.16666666666666657,0.16666666666666657
18,18.0,18.0,0.16666666666666657,0.16666666666666657,0.16666666666666657,0.16666666666666657,0.16666666666666657,0.16666666666666657
19,19.0,19.0,0.16666666666666657,0.16666666666666657,0.16666666666666657,0.16666666666666657,0.16666666666666657,0.16666666666666657
20,20.0,20.0,0.16666666666666657,0.16666666666666657,0.16666666666666657,0.16666666666666657,0.16666666666666657,0.16666666666666657
21,21.0,21.0,0.16666666666666657,0.16666666666666657,0.16666666666666657,0.16666666666666657,0.16666666666666657,0.16666666666666657
22,22.0,22.0,0.16666666666666657,0.16666666666666657,0.16666666666666657,0.16666666666666657,0.16666666666666657,0.16666666666666657
23,23.0,23.0,0.16666666666666657,0.16666666666666657,0.16666666666666657,0.16666666666666657,0.16666666666666657,0.16666666666666657
24,24.0,24.0,0.16666666666666657,0.16666666666666657,0.16666666666666657,0.16666666666666657,0.16666666666666657,0.16666666666666657
25,25.0,25.0,0.16666666666666657,0.16666666666666657,0.16666666666666657,0.16666666666666657,0.16666666666666657,0.16666666666666657
26,26.0,26.0,0.16666666666666657,0.16666666666666657,0.16666666666666657,0.16666666666666657,0.16666666666666657,0.16666666666666657
27,27.0,27.0,0.16666666666666657,0.16666666666666657,0.16666666666666657,0.16666666666666657,0.16666666666666657,0.16666666666666657
28,28.0,28.0,0.16666666666666657,0.16666666666666657,0.16666666666666657,0.16666666666666657,0.16666666666666657,0.16666666666666657
29,29.0,29.0,0.16666666666666657,0.16666666666666657,0.16666666666666657,0.16666666666666657,0.16666666666666657,0.16666666666666657
30,30.0,30.0,0.16666666666666657,0.16666666666666657,0.16666666666666657,0.16666666666666657,0.16666666666666657,0.16666666666666657
31,31.0,31.0,0.16666666666666657,0.16666666666666657,0.16666666666666657,0.16666666666666657,0.16666666666666657,0.16666666666666657
32,32.0,32.0,0.16666666666666657,0.16666666666666657,0.16666666666666657,0.16666666666666657,0.16666666666666657,0.16666666666666657
33,33.0,33.0,0.16666666666666657,0.16666666666666657,0.16666666666666657,0.16666666666666657,0.16666666666666657,0.16666666666666657
34,34.0,34.0,0.16666666666666657,0.16666666666666657,0.16666666666666657,0.16666666666666657,0.16666666666666657,0.16666666666666657
35,35.0,35.0,0.16666666666666657,0.16666666666666657,0.16666666666666657,0.16666666666666657,0.16666666666666657,0.16666666666666657
36,36.0,36.0,0.16666666666666657,0.16666666666666657,0.16666666666666657,0.16666666666666657,0.16666666666666657,0.16666666666666657
37,37.0,37.0,0.16666666666666657,0.16666666666666657,0.16666666666666657,0.16666666666666657,0.16666666666666657,0.16666666666666657
38,38.0,38.0,0.16666666666666657,0.16666666666666657,0.16666666666666657,0.16666666666666657,0.16666666666666657,0.16666666666666657
39,39.0,39.0,0.16666666666666657,0.16666666666666657,0.16666666666666657,0.16666666666666657,0.16666666666666657,0.16666666666666657
40,40.0,40.0,0.16666666666666657,0.16666666666666657,0.16666666666666657,0.16666666666666657,0.16666666666666657,0.16666666666666657
41,41.0,41.0,0.16666666666666657,0.16666666666666657,0.16666666666666657,0.16666666666666657,0.16666666666666657,0.16666666666666657
42,42.0,42.0,0.16666666666666657,0.16666666666666657,0.16666666666666657,0.16666666666666657,0.16666666666666657,0.16666666666666657
43,43.0,43.0,0.16666666666666657,0.16666666666666657,0.16666666666666657,0.16666666666666657,0.16666666666666657,0.16666666666666657
44,44.0,44.0,0.16666666666666657,0.16666666666666657,0.16666666666666657,0.16666666666666657,0.16666666666666657,0.16666666666666657
45,45.0,45.0,0.16666666666666657,0.16666666666666657,0.16666666666666657,0.16666666666666657,0.16666666666666657,0.16666666666666657
46,46.0,46.0,0.16666666666666657,0.16666666666666657,0.16666666666666657,0.16666666666666657,0.16666666666666657,0.16666666666666657
47,47.0,47.0,0.16666666666666657,0.16666666666666657,0.16666666666666657,0.16666666666666657,0.16666666666666657,0.16666666666666657
48,48.0,48.0,0.16666666666666657,0.16666666666666657,0.16666666666666657,0.16666666666666657,0.16666666666666657,0.16666666666666657
49,49.0,49.0,0.16666666666666657,0.16666666666666657,0.16666666666666657,0.16666666666666657,0.16666666666666657,0.16666666666666657
50,50.0,50.0,0.16666666666666657,0.16666666666666657,0.16666666666666657,0.16666666666666657,0.16666666666666657,0.16666666666666657
51,51.0,51.0,0.16666666666666657,0.16666666666666657,0.16666666666666657,0.16666666666666657,0.16666666666666657,0.16666666666666657
52,52.0,52.0,0.16666666666666657,0.16666666666666657,0.16666666666666657,0.16666666666666657,0.16666666666666657,0.16666666666666657
53,53.0,53.0,0.16666666666666657,0.16666666666666657,0.16666666666666657,0.16666666666666657,0.16666666666666657,0.16666666666666657
54,54.0,54.0,0.16666666666666657,0.16666666666666657,0.16666666666666657,0.16666666666666657,0.16666666666666657,0.16666666666666657
55,55.0,55.0,0.16666666666666657,0.16666666666666657,0.16666666666666657,0.16666666666666657,0.16666666666666657,0.16666666666666657
56,56.0,56.0,0.16666666666666657,0.16666666666666657,0.16666666666666657,0.16666666666666657,0.16666666666666657,0.16666666666666657
57,57.0,57.0,0.16666666666666657,0.16666666666666657,0.16666666666666657,0.16666666666666657,0.16666666666666657,0.16666666666666657
58,58.0,58.0,0.16666666666666657,0.16666666666666657,0.16666666666666657,0.16666666666666657,0.16666666666666657,0.16666666666666657
59,59.0,59.0,0.16666666666666657,0.16666666666666657,0.16666666666666657,0.16666666666666657,0.16666666666666657,0.16666666666666657
60,60.0,60.0,0.16666666666666657,0.16666666666666657,0.16666666666666657,0.16666666666666657,0.16666666666666657,0.16666666666666657
61,61.0,61.0,0.16666666666666657,0.16666666666666657,0.16666666666666657,0.16666666666666657,0.16666666666666657,0.16666666666666657
62,62.0,62.0,0.16666666666666657,0.16666666666666657,0.16666666666666657,0.16666666666666657,0.16666666666666657,0.16666666666666657
63,63.0,63.0,0.16666666666666657,0.16666666666666657,0.16666666666666657,0.16666666666666657,0.16666666666666657,0.16666666666666657
64,64.0,64.0,0.16666666666666657,0.16666666666666657,0.16666666666666657,0.16666666666666657,0.16666666666666657,0.16666666666666657
65,65.0,65.0,0.16666666666666657,0.16666666666666657,0.16666666666666657,0.16666666666666657,0.16666666666666657,0.16666666666666657
66,66.0,66.0,0.16666666666666657,0.16666666666666657,0.16666666666666657,0.16666666666666657,0.16666666666666657,0.16666666666666657
67,67.0,67.0,0.16666666666666657,0.16666666666666657,0.16666666666666657,0.16666666666666657,0.16666666666666657,0.16666666666666657
68,68.0,68.1,0.16666666666666657,0.16666666666666657,0.16666666666666657,0.16666666666666657,0.16666666666666657,0.16666666666666657
69,69.0,69.1,0.16666666666666657,0.16666666666666657,0.16666666666666657,0.16666666666666657,0.16666666666666657,0.16666666666666657
70,70.0,70.1,0.16666666666666657,0.16666666666666657,0.16666666666666657,0.16666666666666657,0.16666666666666657,0.16666666666666657
71,71.0,71.1,0.16666666666666657,0.16666666666666657,0.16666666666666657,0.16666666666666657,0.16666666666666657,0.16666666666666657
72,72.0,72.1,0.16666666666666657,0.16666666666666657,0.16666666666666657,0.16666666666666657,0.16666666666666657,0.16666666666666657
73,73.0,73.1,0.16666666666666657,0.16666666666666657,0.16666666666666657,0.16666666666666657,0.16666666666666657,0.16666666666666657
74,74.0,74.2,0.16666666666666657,0.16666666666666657,0.16666666666666657,0.16666666666666657,0.16666666666666657,0.16666666666666657
75,75.0,75.2,0.16666666666666657,0.16666666666666657,0.16666666666666657,0.16666666666666657,0.16666666666666657,0.16666666666666657
76,76.0,76.2,0.16666666666666657,0.16666666666666657,0.16666666666666657,0.16666666666666657,0.16666666666666657,0.16666666666666657
77,77.0,77.2,0.16666666666666657,0.16666666666666657,0.16666666666666657,0.16666666666666657,0.16666666666666657,0.16666666666666657
78,78.0,78.3,0.16666666666666657,0.16666666666666657,0.16666666666666657,0.16666666666666657,0.16666666666666657,0.16666666666666657
79,79.0,79.3,0.16666666666666657,0.16666666666666657,0.16666666666666657,0.16666666666666657,0.16666666666666657,0.16666666666666657
80,80.0,80.3,0.16666666666666657,0.16666666666666657,0.16666666666666657,0.16666666666666657,0.16666666666666657,0.16666666666666657
81,81.0,81.3,0.16666666666666657,0.16666666666666657,0.16666666666666657,0.16666666666666657,0.16666666666666657,0.16666666666666657
82,82.0,82.3,0.16666666666666657,0.16666666666666657,0.16666666666666657,0.16666666666666657,0.16666666666666657,0.16666666666666657
83,83.0,83.3,0.16666666666666657,0.16666666666666657,0.16666666666666657,0.16666666666666657,0.16666666666666657,0.16666666666666657
84,84.0,84.4,0.16666666666666657,0.16666666666666657,0.16666666666666657,0.16666666666666657,0.16666666666666657,0.16666666666666657
85,85.0,85.4,0.16666666666666657,0.16666666666666657,0.16666666666666657,0.16666666666666657,0.16666666666666657,0.16666666666666657
86,86.0,86.4,0.16666666666666657,0.16666666666666657,0.16666666666666657,0.16666666666666657,0.16666666666666657,0.16666666666666657
87,87.0,87.5,0.16666666666666657,0.16666666666666657,0.16666666666666657,0.16666666666666657,0.16666666666666657,0.16666666666666657
88,88.0,88.6,0.16666666666666657,0.16666666666666657,0.16666666666666657,0.16666666666666657,0.16666666666666657,0.16666666666666657
89,89.0,89.6,0.16666666666666657,0.16666666666666657,0.16666666666666657,0.16666666666666657,0.16666666666666657,0.16666666666666657
90,90.0,90.6,0.16666666666666657,0.16666666666666657,0.16666666666666657,0.16666666666666657,0.16666666666666657,0.16666666666666657
91,91.0,91.6,0.16666666666666657,0.16666666666666657,0.16666666666666657,0.16666666666666657,0.16666666666666657,0.16666666666666657
92,92.0,92.6,0.16666666666666657,0.16666666666666657,0.16666666666666657,0.16666666666666657,0.16666666666666657,0.16666666666666657
93,93.0,93.6,0.16666666666666657,0.16666666666666657,0.16666666666666657,0.16666666666666657,0.16666666666666657,0.16666666666666657
94,94.0,94.6,0.16666666666666657,0.16666666666666657,0.16666666666666657,0.16666666666666657,0.16666666666666657,0.16666666666666657
95,95.0,95.7,0.16666666666666657,0.16666666666666657,0.16666666666666657,0.16666666666666657,0.16666666666666657,0.16666666666666657
96,96.0,96.7,0.16666666666666657,0.16666666666666657,0.16666666666666657,0.16666666666666657,0.16666666666666657,0.16666666666666657
97,97.0,97.7,0.16666666666666657,0.16666666666666657,0.16666666666666657,0.16666666666666657,0.16666666666666657,0.16666666666666657
98,98.0,98.7,0.16666666666666657,0.16666666666666657,0.16666666666666657,0.16666666666666657,0.16666666666666657,0.16666666666666657
99,99.0,99.7,0.16666666666666657,0.16666666666666657,0.16666666666666657,0.16666666666666657,0.16666666666666657,0.16666666666666657
100,100.0,100.8,0.16666666666666657,0.16666666666666657,0.16666666666666657,0.16666666666666657,0.16666666666666657,0.16666666666666657
101,101.0,101.8,0.16666666666666657,0.16666666666666657,0.16666666666666657,0.16666666666666657,0.16666666666666657,0.16666666666666657
102,102.0,102.8,0.16666666666666657,0.16666666666666657,0.16666666666666657,0.16666666666666657,0.16666666666666657,0.16666666666666657
103,103.0,103.8,0.16666666666666657,0.16666666666666657,0.16666666666666657,0.16666666666666657,0.16666666666666657,0.16666666666666657
104,104.0,104.8,0.16666666666666657,0.16666666666666657,0.16666666666666657,0.16666666666666657,0.16666666666666657,0.16666666666666657
105,105.0,105.8,0.16666666666666657,0.16666666666666657,0.16666666666666657,0.16666666666666657,0.16666666666666657,0.16666666666666657
106,106.0,106.8,0.16666666666666657,0.16666666666666657,0.16666666666666657,0.16666666666666657,0.16666666666666657,0.16666666666666657
107,107.0,107.8,0.16666666666666657,0.16666666666666657,0.16666666666666657,0.16666666666666657,0.16666666666666657,0.16666666666666657
108,108.0,108.8,0.16666666666666657,0.16666666666666657,0.16666666666666657,0.16666666666666657,0.16666666666666657,0.16666666666666657
109,109.0,109.8,0.16666666666666657,0.16666666666666657,0.16666666666666657,0.16666666666666657,0.16666666666666657,0.16666666666666657
110,110.0,110.8,0.16666666666666657,0.16666666666666657,0.16666666666666657,0.16666666666666657,0.16666666666666657,0.16666666666666657
111,111.0,111.8,0.16666666666666657,0.16666666666666657,0.16666666666666657,0.16666666666666657,0.16666666666666657,0.16666666666666657
112,112.0,112.8,0.16666666666666657,0.16666666666666657,0.16666666666666657,0.16666666666666657,0.16666666666666657,0.16666666666666657
113,113.0,113.8,0.16666666666666657,0.16666666666666657,0.16666666666666657,0.16666666666666657,0.16666666666666657,0.16666666666666657
114,114.0,114.8,0.16666666666666657,0.16666666666666657,0.16666666666666657,0.16666666666666657,0.16666666666666657,0.16666666666666657
115,115.0,115.8,0.16666666666666657,0.16666666666666657,0.16666666666666657,0.16666666666666657,0.16666666666666657,0.16666666666666657
116,116.0,116.8,0.16666666666666657,0.16666666666666657,0.16666666666666657,0.16666666666666657,0.16666666666666657,0.16666666666666657
117,117.0,117.8,0.16666666666666657,0.16666666666666657,0.16666666666666657,0.16666666666666657,0.16666666666666657,0.16666666666666657
118,118.0,118.8,0.16666666666666657,0.16666666666666657,0.16666666666666657,0.16666666666666657,0.16666666666666657,0.16666666666666657
119,119.0,119.8,0.16666666666666657,0.16666666666666657,0.16666666666666657,0.16666666666666657,0.16666666666666657,0.16666666666666657
120,120.0,120.8,0.16666666666666657,0.16666666666666657,0.16666666666666657,0.16666666666666657,0.16666666666666657,0.16666666666666657
121,121.0,121.8,0.16666666666666657,0.16666666666666657,0.16666666666666657,0.16666666666666657,0.16666666666666657,0.16666666666666657
122,122.0,122.8,0.16666666666666657,0.16666666666666657,0.16666666666666657,0.16666666666666657,0.16666666666666657,0.16666666666666657
123,123.0,123.8,0.16666666666666657,0.16666666666666657,0.16666666666666657,0.16666666666666657,0.16666666666666657,0.16666666666666657
124,124.0,124.8,0.16666666666666657,0.16666666666666657,0.16666666666666657,0.16666666666666657,0.16666666666666657,0.16666666666666657
125,125.0,125.8,0.16666666666666657,0.16666666666666657,0.16666666666666657,0.16666666666666657,0.16666666666666657,0.16666666666666657
126,126.0,126.8,0.16666666666666657,0.16666666666666657,0.16666666666666657,0.16666666666666657,0.16666666666666657,0.16666666666666657
127,127.0,127.8,0.16666666666666657,0.16666666666666657,0.16666666666666657,0.16666666666666657,0.16666666666666657,0.16666666666666657
128,128.0,128.8,0.16666666666666657,0.16666666666666657,0.16666666666666657,0.16666666666666657,0.16666666666666657,0.16666666666666657
129,129.0,129.8,0.16666666666666657,0.16666666666666657,0.16666666666666657,0.16666666666666657,0.16666666666666657,0.16666666666666657
130,130.0,130.8,0.16666666666666657,0.16666666666666657,0.16666666666666657,0.16666666666666657,0.16666666666666657,0.16666666666666657
131,131.0,131.8,0.16666666666666657,0.16666666666666657,0.16666666666666657,0.16666666666666657,0.16666666666666657,0.16666666666666657
132,132.0,132.8,0.16666666666666657,0.16666666666666657,0.16666666666666657,0.16666666666666657,0.16666666666666657,0.16666666666666657
133,133.0,133.8,0.16666666666666657,0.16666666666666657,0.16666666666666657,0.16666666666666657,0.16666666666666657,0.16666666666666657
134,134.0,134.8,0.16666666666666657,0.16666666666666657,0.16666666666666657,0.16666666666666657,0.16666666666666657,0.16666666666666657
135,135.0,135.8,0.16666666666666657,0.16666666666666657,0.16666666666666657,0.16666666666666657,0.16666666666666657,0.16666666666666657
136,136.0,136.8,0.16666666666666657,0.16666666666666657,0.16666666666666657,0.16666666666666657,0.16666666666666657,0.16666666666666657
137,137.0,137.8,0.16666666666666657,0.16666666666666657,0.16666666666666657,0.16666666666666657,0.16666666666666657,0.16666666666666657
138,138.0,138.8,0.16666666666666657,0.16666666666666657,0.16666666666666657,0.16666666666666657,0.16666666666666657,0.16666666666666657
139,139.0,139.8,0.16666666666666657,0.16666666666666657,0.16666666666666657,0.16666666666666657,0.16666666666666657,0.16666666666666657
140,140.0,140.8,0.16666666666666657,0.16666666666666657,0.16666666666666657,0.16666666666666657,0.16666666666666657,0.16666666666666657
141,141.0,141.8,0.16666666666666657,0.16666666666666657,0.16666666666666657,0.16666666666666657,0.16666666666666657,0.16666666666666657
142,142.0,142.8,0.16666666666666657,0.16666666666666657,0.16666666666666657,0.16666666666666657,0.16666666666666657,0.16666666666666657
143,143.0,143.8,0.16666666666666657,0.16666666666666657,0.16666666666666657,0.16666666666666657,0.16666666666666657,0.16666666666666657
144,144.0,144.8,0.16666666666666657,0.16666666666666657,0.16666666666666657,0.16666666666666657,0.16666666666666657,0.16666666666666657
145,145.0,145.8,0.16666666666666657,0.16666666666666657,0.16666666666666657,0.16666666666666657,0.16666666666666657,0.16666666666666657
146,146.0,146.8,0.16666666666666657,0.16666666666666657,0.16666666666666657,0.16666666666666657,0.16666666666666657,0.16666666666666657
147,147.0,147.9,0.16666666666666657,0.16666666666666657,0.16666666666666657,0.16666666666666657,0.16666666666666657,0.16666666666666657
148,148.0,148.9,0.16666666666666657,0.16666666666666657,0.16666666666666657,0.16666666666666657,0.16666666666666657,0.16666666666666657
149,149.0,149.9,0.16666666666666657,0.16666666666666657,0.16666666666666657,0.16666666666666657,0.16666666666666657,0.16666666666666657
150,150.0,150.9,0.16666666666666657,0.16666666666666657,0.16666666666666657,0.16666666666666657,0.16666666666666657,0.16666666666666657
151,151.0,151.9,0.16666666666666657,0.16666666666666657,0.16666666666666657,0.16666666666666657,0.16666666666666657,0.16666666666666657
152,152.0,152.9,0.16666666666666657,0.16666666666666657,0.16666666666666657,0.16666666666666657,0.16666666666666657,0.16666666666666657
153,153.0,153.9,0.16666666666666657,0.16666666666666657,0.16666666666666657,0.16666666666666657,0.16666666666666657,0.16666666666666657
154,154.0,155.0,0.16666666666666657,0.16666666666666657,0.16666666666666657,0.16666666666666657,0.16666666666666657,0.16666666666666657
155,155.0,156.0,0.16666666666666657,0.16666666666666657,0.16666666666666657,0.16666666666666657,0.16666666666666657,0.16666666666666657
156,156.0,157.0,0.16666666666666657,0.16666666666666657,0.16666666666666657,0.16666666666666657,0.16666666666666657,0.16666666666666657
157,157.0,158.0,0.16666666666666657,0.16666666666666657,0.16666666666666657,0.16666666666666657,0.16666666666666657,0.16666666666666657
158,158.0,159.0,0.16666666666666657,0.16666666666666657,0.16666666666666657,0.16666666666666657,0.16666666666666657,0.16666666666666657
159,159.0,160.0,0.16666666666666657,0.16666666666666657,0.16666666666666657,0.16666666666666657,0.16666666666666657,0.16666666666666657
160,160.0,161.0,0.16666666666666657,0.16666666666666657,0.16666666666666657,0.16666666666666657,0.16666666666666657,0.16666666666666657
161,161.0,162.0,0.16666666666666657,0.16666666666666657,0.16666666666666657,0.16666666666666657,0.16666666666666657,0.16666666666666657
162,162.0,163.0,0.16666666666666657,0.16666666666666657,0.16666666666666657,0.16666666666666657,0.16666666666666657,0.16666666666666657
163,163.0,164.0,0.16666666666666657,0.16666666666666657,0.16666666666666657,0.16666666666666657,0.16666666666666657,0.16666666666666657
164,164.0,165.0,0.16666666666666657,0.16666666666666657,0.16666666666666657,0.16666666666666657,0.16666666666666657,0.16666666666666657
165,165.0,166.0,0.16666666666666657,0.16666666666666657,0.16666666666666657,0.16666666666666657,0.16666666666666657,0.16666666666666657
166,166.0,167.0,0.16666666666666657,0.16666666666666657,0.16666666666666657,0.16666666666666657,0.16666666666666657,0.16666666666666657
167,167.0,168.0,0.16666666666666657,0.16666666666666657,0.16666666666666657,0.16666666666666657,0.16666666666666657,0.16666666666666657
168,168.0,169.0,0.16666666666666657,0.16666666666666657,0.16666666666666657,0.16666666666666657,0.16666666666666657,0.16666666666666657
169,169.0,170.0,0.16666666666666657,0.16666666666666657,0.16666666666666657,0.16666666666666657,0.16666666666666657,0.16666666666666657
170,170.0,171.1,0.16666666666666657,0.16666666666666657,0.16666666666666657,0.16666666666666657,0.16666666666666657,0.16666666666666657
171,171.0,172.1,0.16666666666666657,0.16666666666666657,0.16666666666666657,0.16666666666666657,0.16666666666666657,0.16666666666666657
172,172.0,173.1,0.16666666666666657,0.16666666666666657,0.16666666666666657,0.16666666666666657,0.16666666666666657,0.16666666666666657
173,173.0,174.1,0.16666666666666657,0.16666666666666657,0.16666666666666657,0.16666666666666657,0.16666666666666657,0.16666666666666657
174,174.0,175.1,0.16666666666666657,0.16666666666666657,0.16666666666666657,0.16666666666666657,0.16666666666666657,0.16666666666666657
175,175.0,176.1,0.16666666666666657,0.16666666666666657,0.16666666666666657,0.16666666666666657,0.16666666666666657,0.16666666666666657
176,176.0,177.1,0.16666666666666657,0.16666666666666657,0.16666666666666657,0.16666666666666657,0.16666666666666657,0.16666666666666657
177,177.0,178.1,0.16666666666666657,0.16666666666666657,0.16666666666666657,0.16666666666666657,0.16666666666666657,0.16666666666666657
178,178.0,179.1,0.16666666666666657,0.16666666666666657,0.16666666666666657,0.16666666666666657,0.16666666666666657,0.16666666666666657
179,179.0,180.1,0.16666666666666657,0.16666666666666657,0.16666666666666657,0.16666666666666657,0.16666666666666657,0.16666666666666657
180,180.0,181.1,0.16666666666666657,0.16666666666666657,0.16666666666666657,0.16666666666666657,0.16666666666666657,0.16666666666666657
181,181.0,182.1,0.16666666666666657,0.16666666666666657,0.16666666666666657,0.16666666666666657,0.16666666666666657,0.16666666666666657
182,182.0,183.1,0.16666666666666657,0.16666666666666657,0.16666666666666657,0.16666666666666657,0.16666666666666657,0.16666666666666657
183,183.0,184.1,0.16666666666666657,0.16666666666666657,0.16666666666666657,0.16666666666666657,0.16666666666666657,0.16666666666666657
184,184.0,185.1,0.16666666666666657,0.16666666666666657,0.16666666666666657,0.16666666666666657,0.16666666666666657,0.16666666666666657
185,185.0,186.1,0.16666666666666657,0.16666666666666657,0.16666666666666657,0.16666666666666657,0.16666666666666657,0.16666666666666657
186,186.0,187.1,0.16666666666666657,0.16666666666666657,0.16666666666666657,0.16666666666666657,0.16666666666666657,0.16666666666666657
187,187.0,188.1,0.16666666666666657,0.16666666666666657,0.16666666666666657,0.16666666666666657,0.16666666666666657,0.16666666666666657
188,188.0,189.1,0.16666666666666657,0.16666666666666657,0.16666666666666657,0.16666666666666657,0.16666666666666657,0.16666666666666657
189,189.0,190.1,0.16666666666666657,0.16666666666666657,0.16666666666666657,0.16666666666666657,0.16666666666666657,0.16666666666666657
190,190.0,191.1,0.16666666666666657,0.16666666666666657,0.16666666666666657,0.16666666666666657,0.16666666666666657,0.16666666666666657
191,191.0,192.1,0.16666666666666657,0.16666666666666657,0.16666666666666657,0.16666666666666657,0.16666666666666657,0.16666666666666657
192,192.0,193.1,0.16666666666666657,0.16666666666666657,0.16666666666666657,0.16666666666666657,0.16666666666666657,0.16666666666666657
193,193.0,194.1,0.16666666666666657,0.16666666666666657,0.16666666666666657,0.16666666666666657,0.16666666666666657,0.16666666666666657
194,194.0,195.1,0.16666666666666657,0.16666666666666657,0.16666666666666657,0.16666666666666657,0.16666666666666657,0.16666666666666657
195,195.0,196.1,0.16666666666666657,0.16666666666666657,0.16666666666666657,0.16666666666666657,0.16666666666666657,0.16666666666666657
196,196.0,197.1,0.16666666666666657,0.16666666666666657,0.16666666666666657,0.16666666666666657,0.16666666666666657,0.16666666666666657
197,197.0,198.1,0.16666666666666657,0.16666666666666657,0.16666666666666657,0.16666666666666657,0.16666666666666657,0.16666666666666657
198,198.0,199.1,0.1642857142857142,0.1642857142857142,0.1642857142857142,0.1642857142857142,0.1642857142857142,0.17857142857142852
199,199.0,200.1,0.16190476190476183,0.17619047619047615,0.16190476190476183,0.16190476190476183,0.16190476190476183,0.17619047619047615
200,200.0,201.1,0.15773809523809518,0.18273809523809517,0.15773809523809518,0.15773809523809518,0.17202380952380944,0.17202380952380944
201,201.0,202.1,0.15773809523809518,0.18273809523809517,0.15773809523809518,0.15773809523809518,0.17202380952380944,0.17202380952380944
202,202.0,203.1,0.1674603174603174,0.1785714285714285,0.1563492063492063,0.1563492063492063,0.17063492063492056,0.17063492063492056
203,203.0,204.1,0.17523809523809517,0.17523809523809517,0.15523809523809518,0.15523809523809518,0.16952380952380947,0.16952380952380947
204,204.0,205.1,0.17523809523809517,0.17523809523809517,0.15523809523809518,0.15523809523809518,0.16952380952380947,0.16952380952380947
205,205.0,206.1,0.17523809523809517,0.17523809523809517,0.15523809523809518,0.15523809523809518,0.16952380952380947,0.16952380952380947
206,206.0,207.1,0.15396825396825392,0.18730158730158725,0.16825396825396818,0.15396825396825392,0.16825396825396818,0.16825396825396818
207,207.0,208.1,0.15047619047619043,0.1804761904761904,0.18904761904761896,0.15047619047619043,0.16476190476190472,0.16476190476190472
208,208.0,209.1,0.14956709956709952,0.17683982683982677,0.19632034632034626,0.14956709956709952,0.16385281385281378,0.16385281385281378
209,209.0,210.1,0.14956709956709952,0.17683982683982677,0.19632034632034626,0.14956709956709952,0.16385281385281378,0.16385281385281378
210,210.0,211.1,0.14778138528138524,0.1750541125541125,0.21953463203463194,0.14778138528138524,0.14778138528138524,0.1620670995670995
211,211.0,212.1,0.14599567099567096,0.1732683982683982,0.21596320346320344,0.14599567099567096,0.14599567099567096,0.17278138528138523
212,212.0,213.1,0.14599567099567096,0.1732683982683982,0.21596320346320344,0.14599567099567096,0.14599567099567096,0.17278138528138523
213,213.0,214.1,0.14460678210678207,0.17187950937950933,0.22290764790764786,0.14460678210678207,0.15889249639249634,0.15710678210678206
214,214.0,215.1,0.14460678210678207,0.17187950937950933,0.22290764790764786,0.14460678210678207,0.15889249639249634,0.15710678210678206
215,215.0,216.1,0.1428210678210678,0.17009379509379505,0.2211219336219336,0.15532106782106778,0.15532106782106778,0.15532106782106778
216,216.0,217.2,0.1428210678210678,0.17009379509379505,0.2211219336219336,0.15532106782106778,0.15532106782106778,0.15532106782106778
217,217.0,218.2,0.14460678210678207,0.17187950937950933,0.22469336219336217,0.15710678210678206,0.15710678210678206,0.14460678210678207
218,218.0,219.2,0.1428210678210678,0.17009379509379505,0.2211219336219336,0.15532106782106778,0.1678210678210678,0.1428210678210678
219,219.0,220.2,0.1428210678210678,0.17009379509379505,0.2211219336219336,0.15532106782106778,0.1678210678210678,0.1428210678210678
220,220.0,221.2,0.1414321789321789,0.16870490620490616,0.23084415584415585,0.15254329004329,0.16504329004329002,0.1414321789321789
221,221.0,222.2,0.13893217893217888,0.16620490620490616,0.23584415584415583,0.16004329004329,0.16004329004329,0.13893217893217888
222,222.0,223.2,0.13802308802308796,0.16529581529581522,0.2331168831168831,0.15822510822510819,0.15822510822510819,0.14711399711399706
223,223.0,224.2,0.1487734487734487,0.16771284271284265,0.21497113997113995,0.1598845598845598,0.1598845598845598,0.1487734487734487
224,224.0,225.2,0.1521825396825396,0.14384920634920628,0.22519841269841265,0.1632936507936507,0.1632936507936507,0.1521825396825396
225,225.0,226.2,0.15079365079365073,0.1424603174603174,0.23214285714285712,0.16190476190476183,0.1702380952380952,0.1424603174603174
226,226.0,227.2,0.1496825396825396,0.1513492063492063,0.22769841269841265,0.16079365079365074,0.16912698412698407,0.14134920634920628
227,227.0,228.2,0.14749139749139745,0.1565823065823065,0.2221389721389721,0.15860250860250855,0.17538572538572533,0.13979908979908975
228,228.0,229.2,0.1456349206349206,0.1694444444444444,0.21746031746031744,0.1567460317460317,0.17222222222222217,0.13849206349206344
229,229.0,230.2,0.14499389499389495,0.16752136752136745,0.22258852258852255,0.15610500610500605,0.1709401709401709,0.1378510378510378
230,230.0,231.2,0.14444444444444438,0.1658730158730158,0.21269841269841266,0.1555555555555555,0.18412698412698408,0.13730158730158723
231,231.0,232.2,0.14444444444444438,0.1658730158730158,0.21269841269841266,0.1555555555555555,0.18412698412698408,0.13730158730158723
232,232.0,233.2,0.14444444444444438,0.1658730158730158,0.21984126984126978,0.14841269841269836,0.18412698412698408,0.13730158730158723
233,233.0,234.2,0.14444444444444438,0.1658730158730158,0.21984126984126978,0.14841269841269836,0.18412698412698408,0.13730158730158723
234,234.0,235.2,0.1439682539682539,0.1644444444444444,0.22365079365079357,0.14793650793650787,0.1688888888888888,0.15111111111111106
235,235.0,236.2,0.14176587301587296,0.1614087301587301,0.23769841269841266,0.14573412698412694,0.1662698412698412,0.14712301587301582
236,236.0,237.2,0.14139822595704943,0.1603057889822595,0.24063958916900083,0.1453664799253034,0.16553454715219415,0.1467553688141923
237,237.0,238.3,0.14291337747220095,0.163768992445463,0.24945993548934714,0.144933579492403,0.16510164671929375,0.13382246838129186
238,238.0,239.3,0.13961251167133515,0.1621615312791783,0.26199813258636784,0.14239028944911294,0.16255835667600368,0.13127917833800182
239,239.0,240.3,0.13928571428571423,0.16150793650793646,0.26428571428571423,0.14206349206349203,0.16190476190476186,0.1309523809523809
240,240.0,241.3,0.1306599832915622,0.16092314118629905,0.2746658312447786,0.1417710944026733,0.16131996658312447,0.1306599832915622
241,241.0,242.3,0.12927109440267331,0.15953425229741017,0.2704991645781119,0.1403822055137844,0.1599310776942356,0.1403822055137844
242,242.0,243.3,0.12751895765053656,0.16112219651693332,0.24683857078593915,0.14632237645395535,0.15817894094209878,0.1600189576505366
243,243.0,244.3,0.12660986674144564,0.1602131056078424,0.24411129805866644,0.14541328554486446,0.16636075912391698,0.15729168492326384
244,244.0,245.3,0.1258522909838699,0.16778886318359998,0.24183857078593918,0.1446557097872887,0.1648456076087655,0.15501895765053658
245,245.0,246.3,0.12208244971402862,0.178304736199473,0.23667984062720904,0.14088586851744742,0.1721868774500353,0.14986022749180639
246,246.0,247.3,0.12237484737484734,0.17918192918192916,0.2343406593406593,0.14117826617826612,0.17277167277167274,0.15015262515262512
247,247.0,248.3,0.12947802197802194,0.18699938949938946,0.23033272283272282,0.13828144078144075,0.16876373626373625,0.1461446886446886
248,248.0,249.3,0.12947802197802194,0.18699938949938946,0.23033272283272282,0.13828144078144075,0.16876373626373625,0.1461446886446886
249,249.0,250.3,0.13918562431720322,0.18612219651693332,0.22740874622453564,0.13798904312062205,0.16344209883683564,0.1458522909838699
250,250.0,251.3,0.13753357753357748,0.18116605616605613,0.22838827838827838,0.1474481074481074,0.16126373626373627,0.14420024420024416
251,251.0,252.3,0.14031135531135527,0.1867216117216117,0.2144993894993895,0.15022588522588518,0.1414224664224664,0.1668192918192918
252,252.0,253.3,0.14031135531135527,0.1867216117216117,0.2144993894993895,0.15022588522588518,0.1414224664224664,0.1668192918192918
253,253.0,254.3,0.14057451320609213,0.18751108540582223,0.21739412634149474,0.15048904312062206,0.13694878221194007,0.16708244971402864
254,254.0,255.3,0.15057451320609214,0.18751108540582223,0.20739412634149473,0.15048904312062206,0.13694878221194007,0.16708244971402864
255,255.0,256.3,0.15057451320609214,0.18751108540582223,0.20739412634149473,0.15048904312062206,0.13694878221194007,0.16708244971402864
256,256.0,257.3,0.15057451320609214,0.18751108540582223,0.20739412634149473,0.15048904312062206,0.13694878221194007,0.16708244971402864
257,257.0,258.3,0.1522557997557997,0.2092216117216117,0.20088827838827833,0.15217032967032965,0.1389224664224664,0.146541514041514
258,258.0,259.3,0.15196340209498102,0.21331517897307367,0.19825669944090996,0.15187793200951094,0.13833767110082898,0.1462491163806953
259,259.0,260.3,0.15196340209498102,0.21331517897307367,0.19825669944090996,0.15187793200951094,0.13833767110082898,0.1462491163806953
260,260.0,261.3,0.1537491163806953,0.19010089325878796,0.20004241372662426,0.1679493605809395,0.14012338538654326,0.14803483066640957
261,261.0,262.3,0.1537491163806953,0.19010089325878796,0.20004241372662426,0.1679493605809395,0.14012338538654326,0.14803483066640957
262,262.0,263.3,0.1537491163806953,0.1953640511535248,0.19477925583188738,0.1679493605809395,0.14012338538654326,0.14803483066640957
263,263.0,264.3,0.1537491163806953,0.1953640511535248,0.19477925583188738,0.1679493605809395,0.14012338538654326,0.14803483066640957
264,264.0,265.3,0.1537491163806953,0.1953640511535248,0.19477925583188738,0.1679493605809395,0.14012338538654326,0.14803483066640957
265,265.0,266.3,0.15404151404151398,0.19711843711843707,0.19156288156288157,0.16824175824175822,0.14070818070818067,0.14832722832722828
266,266.0,267.3,0.15620009677285215,0.19781503154568167,0.1928184715181619,0.16745916450250814,0.141103777543406,0.14460345811738998
267,267.0,268.3,0.15592302942417352,0.1989872395593219,0.1926053427884091,0.16722472289978008,0.14084802306770267,0.14441164226061248
268,268.0,269.3,0.15592302942417352,0.1989872395593219,0.1926053427884091,0.16722472289978008,0.14084802306770267,0.14441164226061248
269,269.0,270.3,0.15592302942417352,0.1989872395593219,0.1926053427884091,0.16722472289978008,0.14084802306770267,0.14441164226061248
270,270.0,271.3,0.15592302942417352,0.1989872395593219,0.1926053427884091,0.16722472289978008,0.14084802306770267,0.14441164226061248
271,271.0,272.3,0.15592302942417352,0.1989872395593219,0.1926053427884091,0.16722472289978008,0.14084802306770267,0.14441164226061248
272,272.0,273.3,0.15592302942417352,0.2132729538450362,0.1926053427884091,0.16722472289978008,0.14084802306770267,0.1301259279748982
273,273.0,274.3,0.15413731513845924,0.20970152527360764,0.19081962850269482,0.1654390086140658,0.15156230878198837,0.1283402136891839
274,274.0,275.3,0.15413731513845924,0.20970152527360764,0.19081962850269482,0.1654390086140658,0.15156230878198837,0.1283402136891839
275,275.0,276.3,0.15413731513845924,0.20970152527360764,0.19081962850269482,0.1654390086140658,0.15156230878198837,0.1283402136891839
276,276.0,277.3,0.15274842624957036,0.218034858606941,0.18943073961380594,0.1640501197251769,0.14878453100421057,0.12695132480029503
277,277.0,278.3,0.1541519350215002,0.2264559112385199,0.17399214312257788,0.16545362849710674,0.15159154854807025,0.12835483357222482
278,278.0,279.3,0.1541519350215002,0.2264559112385199,0.17399214312257788,0.16545362849710674,0.15159154854807025,0.12835483357222482
279,279.0,280.3,0.1541519350215002,0.2264559112385199,0.17399214312257788,0.16545362849710674,0.15159154854807025,0.12835483357222482
280,280.0,281.3,0.15236622073578593,0.22467019695280563,0.18470642883686364,0.16188219992567818,0.14980583426235597,0.12656911928651055
281,281.0,282.3,0.1541519350215002,0.218519403302012,0.1962143653448001,0.15116791421139247,0.15159154854807025,0.12835483357222482
282,282.0,283.3,0.1540664649360301,0.22356213834474703,0.1915989807294155,0.14997133301481128,0.15253171948824118,0.12826936348675474
283,283.0,284.3,0.1540664649360301,0.22356213834474703,0.1915989807294155,0.14997133301481128,0.15253171948824118,0.12826936348675474
284,284.0,285.3,0.15351701438657955,0.21312257790518657,0.1905000796305144,0.163707596751075,0.15143281838934008,0.1277199129373042
285,285.0,286.3,0.15351701438657955,0.21312257790518657,0.1905000796305144,0.163707596751075,0.15143281838934008,0.1277199129373042
286,286.0,287.3,0.15351701438657955,0.21312257790518657,0.1905000796305144,0.163707596751075,0.15143281838934008,0.1277199129373042
287,287.0,288.3,0.15351701438657955,0.22740829219090092,0.1905000796305144,0.14942188246536073,0.15143281838934008,0.1277199129373042
288,288.0,289.3,0.15351701438657955,0.22740829219090092,0.1905000796305144,0.14942188246536073,0.15143281838934008,0.1277199129373042
289,289.0,290.5,0.15351701438657955,0.22740829219090092,0.1905000796305144,0.14942188246536073,0.15143281838934008,0.1277199129373042
290,290.0,291.5,0.15351701438657955,0.22740829219090092,0.1905000796305144,0.14942188246536073,0.15143281838934008,0.1277199129373042
291,291.0,292.5,0.15351701438657955,0.21312257790518657,0.1905000796305144,0.163707596751075,0.15143281838934008,0.1277199129373042
292,292.0,293.5,0.15462812549769067,0.22534480012740882,0.18383341296384773,0.1548187078621861,0.1525439295004512,0.12883102404841534
293,293.0,294.5,0.1528424112119764,0.22355908584169454,0.18204769867813345,0.15124727929075754,0.1632582152147369,0.12704530976270106
294,294.0,295.5,0.1503424112119764,0.21994797473058342,0.18732547645591124,0.14735839040186866,0.17048043743695915,0.12454530976270103
295,295.0,296.5,0.14796145883102402,0.21756702234963105,0.18494452407495887,0.14497743802091625,0.18238519934172107,0.12216435738174865
296,296.0,297.5,0.14685034771991293,0.21645591123851995,0.18383341296384775,0.14275521579869405,0.18905186600838775,0.12105324627063754
