Total_iterations,Unnamed: 0.1,Intertwine_two,Add_vertex,Delete_vertex,Invert_path_vertices,Insert_inside_vertex,Delete_inside_vertex
0,0.0,0.1666666666666665,0.1666666666666665,0.1666666666666665,0.1666666666666665,0.1666666666666665,0.1666666666666665
1,1.0,0.1666666666666665,0.1666666666666665,0.1666666666666665,0.1666666666666665,0.1666666666666665,0.1666666666666665
2,2.0,0.1666666666666665,0.1666666666666665,0.1666666666666665,0.1666666666666665,0.1666666666666665,0.1666666666666665
3,3.0,0.1666666666666665,0.1666666666666665,0.1666666666666665,0.1666666666666665,0.1666666666666665,0.1666666666666665
4,4.0,0.1666666666666665,0.1666666666666665,0.1666666666666665,0.1666666666666665,0.1666666666666665,0.1666666666666665
5,5.0,0.1666666666666665,0.1666666666666665,0.1666666666666665,0.1666666666666665,0.1666666666666665,0.1666666666666665
6,6.0,0.1666666666666665,0.1666666666666665,0.1666666666666665,0.1666666666666665,0.1666666666666665,0.1666666666666665
7,7.0,0.1666666666666665,0.1666666666666665,0.1666666666666665,0.1666666666666665,0.1666666666666665,0.1666666666666665
8,8.0,0.1666666666666665,0.1666666666666665,0.1666666666666665,0.1666666666666665,0.1666666666666665,0.1666666666666665
9,9.0,0.1666666666666665,0.1666666666666665,0.1666666666666665,0.1666666666666665,0.1666666666666665,0.1666666666666665
10,10.0,0.1666666666666665,0.1666666666666665,0.1666666666666665,0.1666666666666665,0.1666666666666665,0.1666666666666665
11,11.0,0.1666666666666665,0.1666666666666665,0.1666666666666665,0.1666666666666665,0.1666666666666665,0.1666666666666665
12,12.0,0.1666666666666665,0.1666666666666665,0.1666666666666665,0.1666666666666665,0.1666666666666665,0.1666666666666665
13,13.0,0.1666666666666665,0.1666666666666665,0.1666666666666665,0.1666666666666665,0.1666666666666665,0.1666666666666665
14,14.0,0.1666666666666665,0.1666666666666665,0.1666666666666665,0.1666666666666665,0.1666666666666665,0.1666666666666665
15,15.0,0.1666666666666665,0.1666666666666665,0.1666666666666665,0.1666666666666665,0.1666666666666665,0.1666666666666665
16,16.0,0.1666666666666665,0.1666666666666665,0.1666666666666665,0.1666666666666665,0.1666666666666665,0.1666666666666665
17,17.0,0.1666666666666665,0.1666666666666665,0.1666666666666665,0.1666666666666665,0.1666666666666665,0.1666666666666665
18,18.0,0.1666666666666665,0.1666666666666665,0.1666666666666665,0.1666666666666665,0.1666666666666665,0.1666666666666665
19,19.0,0.1666666666666665,0.1666666666666665,0.1666666666666665,0.1666666666666665,0.1666666666666665,0.1666666666666665
20,20.0,0.1666666666666665,0.1666666666666665,0.1666666666666665,0.1666666666666665,0.1666666666666665,0.1666666666666665
21,21.0,0.1666666666666665,0.1666666666666665,0.1666666666666665,0.1666666666666665,0.1666666666666665,0.1666666666666665
22,22.0,0.1666666666666665,0.1666666666666665,0.1666666666666665,0.1666666666666665,0.1666666666666665,0.1666666666666665
23,23.0,0.1666666666666665,0.1666666666666665,0.1666666666666665,0.1666666666666665,0.1666666666666665,0.1666666666666665
24,24.0,0.1666666666666665,0.1666666666666665,0.1666666666666665,0.1666666666666665,0.1666666666666665,0.1666666666666665
25,25.0,0.1666666666666665,0.1666666666666665,0.1666666666666665,0.1666666666666665,0.1666666666666665,0.1666666666666665
26,26.0,0.1666666666666665,0.1666666666666665,0.1666666666666665,0.1666666666666665,0.1666666666666665,0.1666666666666665
27,27.0,0.1666666666666665,0.1666666666666665,0.1666666666666665,0.1666666666666665,0.1666666666666665,0.1666666666666665
28,28.0,0.1666666666666665,0.1666666666666665,0.1666666666666665,0.1666666666666665,0.1666666666666665,0.1666666666666665
29,29.0,0.1666666666666665,0.1666666666666665,0.1666666666666665,0.1666666666666665,0.1666666666666665,0.1666666666666665
30,30.0,0.1666666666666665,0.1666666666666665,0.1666666666666665,0.1666666666666665,0.1666666666666665,0.1666666666666665
31,31.0,0.1666666666666665,0.1666666666666665,0.1666666666666665,0.1666666666666665,0.1666666666666665,0.1666666666666665
32,32.0,0.1666666666666665,0.1666666666666665,0.1666666666666665,0.1666666666666665,0.1666666666666665,0.1666666666666665
33,33.0,0.1666666666666665,0.1666666666666665,0.1666666666666665,0.1666666666666665,0.1666666666666665,0.1666666666666665
34,34.0,0.1666666666666665,0.1666666666666665,0.1666666666666665,0.1666666666666665,0.1666666666666665,0.1666666666666665
35,35.0,0.1666666666666665,0.1666666666666665,0.1666666666666665,0.1666666666666665,0.1666666666666665,0.1666666666666665
36,36.0,0.1666666666666665,0.1666666666666665,0.1666666666666665,0.1666666666666665,0.1666666666666665,0.1666666666666665
37,37.0,0.1666666666666665,0.1666666666666665,0.1666666666666665,0.1666666666666665,0.1666666666666665,0.1666666666666665
38,38.0,0.1666666666666665,0.1666666666666665,0.1666666666666665,0.1666666666666665,0.1666666666666665,0.1666666666666665
39,39.0,0.1666666666666665,0.1666666666666665,0.1666666666666665,0.1666666666666665,0.1666666666666665,0.1666666666666665
40,40.0,0.1666666666666665,0.1666666666666665,0.1666666666666665,0.1666666666666665,0.1666666666666665,0.1666666666666665
41,41.0,0.1666666666666665,0.1666666666666665,0.1666666666666665,0.1666666666666665,0.1666666666666665,0.1666666666666665
42,42.0,0.1666666666666665,0.1666666666666665,0.1666666666666665,0.1666666666666665,0.1666666666666665,0.1666666666666665
43,43.0,0.1666666666666665,0.1666666666666665,0.1666666666666665,0.1666666666666665,0.1666666666666665,0.1666666666666665
44,44.0,0.1666666666666665,0.1666666666666665,0.1666666666666665,0.1666666666666665,0.1666666666666665,0.1666666666666665
45,45.0,0.1666666666666665,0.1666666666666665,0.1666666666666665,0.1666666666666665,0.1666666666666665,0.1666666666666665
46,46.0,0.1666666666666665,0.1666666666666665,0.1666666666666665,0.1666666666666665,0.1666666666666665,0.1666666666666665
47,47.0,0.1666666666666665,0.1666666666666665,0.1666666666666665,0.1666666666666665,0.1666666666666665,0.1666666666666665
48,48.0,0.1666666666666665,0.1666666666666665,0.1666666666666665,0.1666666666666665,0.1666666666666665,0.1666666666666665
49,49.0,0.1666666666666665,0.1666666666666665,0.1666666666666665,0.1666666666666665,0.1666666666666665,0.1666666666666665
50,50.0,0.1666666666666665,0.1666666666666665,0.1666666666666665,0.1666666666666665,0.1666666666666665,0.1666666666666665
51,51.0,0.1666666666666665,0.1666666666666665,0.1666666666666665,0.1666666666666665,0.1666666666666665,0.1666666666666665
52,52.0,0.1666666666666665,0.1666666666666665,0.1666666666666665,0.1666666666666665,0.1666666666666665,0.1666666666666665
53,53.0,0.1666666666666665,0.1666666666666665,0.1666666666666665,0.1666666666666665,0.1666666666666665,0.1666666666666665
54,54.0,0.1666666666666665,0.1666666666666665,0.1666666666666665,0.1666666666666665,0.1666666666666665,0.1666666666666665
55,55.0,0.1666666666666665,0.1666666666666665,0.1666666666666665,0.1666666666666665,0.1666666666666665,0.1666666666666665
56,56.0,0.1666666666666665,0.1666666666666665,0.1666666666666665,0.1666666666666665,0.1666666666666665,0.1666666666666665
57,57.0,0.1666666666666665,0.1666666666666665,0.1666666666666665,0.1666666666666665,0.1666666666666665,0.1666666666666665
58,58.0,0.1666666666666665,0.1666666666666665,0.1666666666666665,0.1666666666666665,0.1666666666666665,0.1666666666666665
59,59.0,0.1666666666666665,0.1666666666666665,0.1666666666666665,0.1666666666666665,0.1666666666666665,0.1666666666666665
60,60.0,0.1666666666666665,0.1666666666666665,0.1666666666666665,0.1666666666666665,0.1666666666666665,0.1666666666666665
61,61.0,0.1666666666666665,0.1666666666666665,0.1666666666666665,0.1666666666666665,0.1666666666666665,0.1666666666666665
62,62.0,0.1666666666666665,0.1666666666666665,0.1666666666666665,0.1666666666666665,0.1666666666666665,0.1666666666666665
63,63.0,0.1666666666666665,0.1666666666666665,0.1666666666666665,0.1666666666666665,0.1666666666666665,0.1666666666666665
64,64.0,0.1666666666666665,0.1666666666666665,0.1666666666666665,0.1666666666666665,0.1666666666666665,0.1666666666666665
65,65.0,0.1666666666666665,0.1666666666666665,0.1666666666666665,0.1666666666666665,0.1666666666666665,0.1666666666666665
66,66.0,0.1666666666666665,0.1666666666666665,0.1666666666666665,0.1666666666666665,0.1666666666666665,0.1666666666666665
67,67.0,0.1666666666666665,0.1666666666666665,0.1666666666666665,0.1666666666666665,0.1666666666666665,0.1666666666666665
68,68.0,0.1666666666666665,0.1666666666666665,0.1666666666666665,0.1666666666666665,0.1666666666666665,0.1666666666666665
69,69.0,0.1666666666666665,0.1666666666666665,0.1666666666666665,0.1666666666666665,0.1666666666666665,0.1666666666666665
70,70.0,0.1666666666666665,0.1666666666666665,0.1666666666666665,0.1666666666666665,0.1666666666666665,0.1666666666666665
71,71.0,0.1666666666666665,0.1666666666666665,0.1666666666666665,0.1666666666666665,0.1666666666666665,0.1666666666666665
72,72.0,0.1666666666666665,0.1666666666666665,0.1666666666666665,0.1666666666666665,0.1666666666666665,0.1666666666666665
73,73.0,0.1666666666666665,0.1666666666666665,0.1666666666666665,0.1666666666666665,0.1666666666666665,0.1666666666666665
74,74.0,0.1666666666666665,0.1666666666666665,0.1666666666666665,0.1666666666666665,0.1666666666666665,0.1666666666666665
75,75.0,0.1666666666666665,0.1666666666666665,0.1666666666666665,0.1666666666666665,0.1666666666666665,0.1666666666666665
76,76.0,0.1666666666666665,0.1666666666666665,0.1666666666666665,0.1666666666666665,0.1666666666666665,0.1666666666666665
77,77.0,0.1666666666666665,0.1666666666666665,0.1666666666666665,0.1666666666666665,0.1666666666666665,0.1666666666666665
78,78.0,0.1666666666666665,0.1666666666666665,0.1666666666666665,0.1666666666666665,0.1666666666666665,0.1666666666666665
79,79.0,0.1666666666666665,0.1666666666666665,0.1666666666666665,0.1666666666666665,0.1666666666666665,0.1666666666666665
80,80.0,0.1666666666666665,0.1666666666666665,0.1666666666666665,0.1666666666666665,0.1666666666666665,0.1666666666666665
81,81.0,0.1666666666666665,0.1666666666666665,0.1666666666666665,0.1666666666666665,0.1666666666666665,0.1666666666666665
82,82.0,0.1666666666666665,0.1666666666666665,0.1666666666666665,0.1666666666666665,0.1666666666666665,0.1666666666666665
83,83.0,0.1666666666666665,0.1666666666666665,0.1666666666666665,0.1666666666666665,0.1666666666666665,0.1666666666666665
84,84.0,0.1666666666666665,0.1666666666666665,0.1666666666666665,0.1666666666666665,0.1666666666666665,0.1666666666666665
85,85.0,0.1666666666666665,0.1666666666666665,0.1666666666666665,0.1666666666666665,0.1666666666666665,0.1666666666666665
86,86.0,0.1666666666666665,0.1666666666666665,0.1666666666666665,0.1666666666666665,0.1666666666666665,0.1666666666666665
87,87.0,0.1666666666666665,0.1666666666666665,0.1666666666666665,0.1666666666666665,0.1666666666666665,0.1666666666666665
88,88.0,0.1666666666666665,0.1666666666666665,0.1666666666666665,0.1666666666666665,0.1666666666666665,0.1666666666666665
89,89.0,0.1666666666666665,0.1666666666666665,0.1666666666666665,0.1666666666666665,0.1666666666666665,0.1666666666666665
90,90.0,0.1666666666666665,0.1666666666666665,0.1666666666666665,0.1666666666666665,0.1666666666666665,0.1666666666666665
91,91.0,0.1666666666666665,0.1666666666666665,0.1666666666666665,0.1666666666666665,0.1666666666666665,0.1666666666666665
92,92.0,0.1666666666666665,0.1666666666666665,0.1666666666666665,0.1666666666666665,0.1666666666666665,0.1666666666666665
93,93.0,0.1666666666666665,0.1666666666666665,0.1666666666666665,0.1666666666666665,0.1666666666666665,0.1666666666666665
94,94.0,0.1666666666666665,0.1666666666666665,0.1666666666666665,0.1666666666666665,0.1666666666666665,0.1666666666666665
95,95.0,0.1666666666666665,0.1666666666666665,0.1666666666666665,0.1666666666666665,0.1666666666666665,0.1666666666666665
96,96.0,0.1666666666666665,0.1666666666666665,0.1666666666666665,0.1666666666666665,0.1666666666666665,0.1666666666666665
97,97.0,0.1666666666666665,0.1666666666666665,0.1666666666666665,0.1666666666666665,0.1666666666666665,0.1666666666666665
98,98.0,0.1666666666666665,0.1666666666666665,0.1666666666666665,0.1666666666666665,0.1666666666666665,0.1666666666666665
99,99.0,0.1666666666666665,0.1666666666666665,0.1666666666666665,0.1666666666666665,0.1666666666666665,0.1666666666666665
100,100.0,0.1666666666666665,0.1666666666666665,0.1666666666666665,0.1666666666666665,0.1666666666666665,0.1666666666666665
101,101.0,0.1666666666666665,0.1666666666666665,0.1666666666666665,0.1666666666666665,0.1666666666666665,0.1666666666666665
102,102.0,0.1666666666666665,0.1666666666666665,0.1666666666666665,0.1666666666666665,0.1666666666666665,0.1666666666666665
103,103.0,0.1666666666666665,0.1666666666666665,0.1666666666666665,0.1666666666666665,0.1666666666666665,0.1666666666666665
104,104.0,0.1666666666666665,0.1666666666666665,0.1666666666666665,0.1666666666666665,0.1666666666666665,0.1666666666666665
105,105.0,0.1666666666666665,0.1666666666666665,0.1666666666666665,0.1666666666666665,0.1666666666666665,0.1666666666666665
106,106.0,0.1666666666666665,0.1666666666666665,0.1666666666666665,0.1666666666666665,0.1666666666666665,0.1666666666666665
107,107.0,0.1666666666666665,0.1666666666666665,0.1666666666666665,0.1666666666666665,0.1666666666666665,0.1666666666666665
108,108.0,0.1666666666666665,0.1666666666666665,0.1666666666666665,0.1666666666666665,0.1666666666666665,0.1666666666666665
109,109.0,0.1666666666666665,0.1666666666666665,0.1666666666666665,0.1666666666666665,0.1666666666666665,0.1666666666666665
110,110.0,0.1666666666666665,0.1666666666666665,0.1666666666666665,0.1666666666666665,0.1666666666666665,0.1666666666666665
111,111.0,0.1666666666666665,0.1666666666666665,0.1666666666666665,0.1666666666666665,0.1666666666666665,0.1666666666666665
112,112.0,0.1666666666666665,0.1666666666666665,0.1666666666666665,0.1666666666666665,0.1666666666666665,0.1666666666666665
113,113.0,0.1666666666666665,0.1666666666666665,0.1666666666666665,0.1666666666666665,0.1666666666666665,0.1666666666666665
114,114.0,0.1666666666666665,0.1666666666666665,0.1666666666666665,0.1666666666666665,0.1666666666666665,0.1666666666666665
115,115.0,0.1666666666666665,0.1666666666666665,0.1666666666666665,0.1666666666666665,0.1666666666666665,0.1666666666666665
116,116.0,0.1666666666666665,0.1666666666666665,0.1666666666666665,0.1666666666666665,0.1666666666666665,0.1666666666666665
117,117.0,0.1666666666666665,0.1666666666666665,0.1666666666666665,0.1666666666666665,0.1666666666666665,0.1666666666666665
118,118.0,0.1666666666666665,0.1666666666666665,0.1666666666666665,0.1666666666666665,0.1666666666666665,0.1666666666666665
119,119.0,0.1666666666666665,0.1666666666666665,0.1666666666666665,0.1666666666666665,0.1666666666666665,0.1666666666666665
120,120.0,0.1666666666666665,0.1666666666666665,0.1666666666666665,0.1666666666666665,0.1666666666666665,0.1666666666666665
121,121.0,0.1666666666666665,0.1666666666666665,0.1666666666666665,0.1666666666666665,0.1666666666666665,0.1666666666666665
122,122.0,0.1666666666666665,0.1666666666666665,0.1666666666666665,0.1666666666666665,0.1666666666666665,0.1666666666666665
123,123.0,0.1666666666666665,0.1666666666666665,0.1666666666666665,0.1666666666666665,0.1666666666666665,0.1666666666666665
124,124.0,0.1666666666666665,0.1666666666666665,0.1666666666666665,0.1666666666666665,0.1666666666666665,0.1666666666666665
125,125.0,0.1666666666666665,0.1666666666666665,0.1666666666666665,0.1666666666666665,0.1666666666666665,0.1666666666666665
126,126.0,0.1666666666666665,0.1666666666666665,0.1666666666666665,0.1666666666666665,0.1666666666666665,0.1666666666666665
127,127.0,0.1666666666666665,0.1666666666666665,0.1666666666666665,0.1666666666666665,0.1666666666666665,0.1666666666666665
128,128.0,0.1666666666666665,0.1666666666666665,0.1666666666666665,0.1666666666666665,0.1666666666666665,0.1666666666666665
129,129.0,0.1666666666666665,0.1666666666666665,0.1666666666666665,0.1666666666666665,0.1666666666666665,0.1666666666666665
130,130.0,0.1666666666666665,0.1666666666666665,0.1666666666666665,0.1666666666666665,0.1666666666666665,0.1666666666666665
131,131.0,0.1666666666666665,0.1666666666666665,0.1666666666666665,0.1666666666666665,0.1666666666666665,0.1666666666666665
132,132.0,0.1666666666666665,0.1666666666666665,0.1666666666666665,0.1666666666666665,0.1666666666666665,0.1666666666666665
133,133.0,0.1666666666666665,0.1666666666666665,0.1666666666666665,0.1666666666666665,0.1666666666666665,0.1666666666666665
134,134.0,0.1666666666666665,0.1666666666666665,0.1666666666666665,0.1666666666666665,0.1666666666666665,0.1666666666666665
135,135.0,0.1666666666666665,0.1666666666666665,0.1666666666666665,0.1666666666666665,0.1666666666666665,0.1666666666666665
136,136.0,0.1666666666666665,0.1666666666666665,0.1666666666666665,0.1666666666666665,0.1666666666666665,0.1666666666666665
137,137.0,0.1666666666666665,0.1666666666666665,0.1666666666666665,0.1666666666666665,0.1666666666666665,0.1666666666666665
138,138.0,0.1666666666666665,0.1666666666666665,0.1666666666666665,0.1666666666666665,0.1666666666666665,0.1666666666666665
139,139.0,0.1666666666666665,0.1666666666666665,0.1666666666666665,0.1666666666666665,0.1666666666666665,0.1666666666666665
140,140.0,0.1666666666666665,0.1666666666666665,0.1666666666666665,0.1666666666666665,0.1666666666666665,0.1666666666666665
141,141.0,0.1666666666666665,0.1666666666666665,0.1666666666666665,0.1666666666666665,0.1666666666666665,0.1666666666666665
142,142.0,0.1666666666666665,0.1666666666666665,0.1666666666666665,0.1666666666666665,0.1666666666666665,0.1666666666666665
143,143.0,0.1666666666666665,0.1666666666666665,0.1666666666666665,0.1666666666666665,0.1666666666666665,0.1666666666666665
144,144.0,0.1666666666666665,0.1666666666666665,0.1666666666666665,0.1666666666666665,0.1666666666666665,0.1666666666666665
145,145.0,0.1666666666666665,0.1666666666666665,0.1666666666666665,0.1666666666666665,0.1666666666666665,0.1666666666666665
146,146.0,0.1666666666666665,0.1666666666666665,0.1666666666666665,0.1666666666666665,0.1666666666666665,0.1666666666666665
147,147.0,0.1666666666666665,0.1666666666666665,0.1666666666666665,0.1666666666666665,0.1666666666666665,0.1666666666666665
148,148.0,0.1666666666666665,0.1666666666666665,0.1666666666666665,0.1666666666666665,0.1666666666666665,0.1666666666666665
149,149.0,0.1666666666666665,0.1666666666666665,0.1666666666666665,0.1666666666666665,0.1666666666666665,0.1666666666666665
150,150.0,0.1666666666666665,0.1666666666666665,0.1666666666666665,0.1666666666666665,0.1666666666666665,0.1666666666666665
151,151.0,0.1666666666666665,0.1666666666666665,0.1666666666666665,0.1666666666666665,0.1666666666666665,0.1666666666666665
152,152.0,0.1666666666666665,0.1666666666666665,0.1666666666666665,0.1666666666666665,0.1666666666666665,0.1666666666666665
153,153.0,0.1666666666666665,0.1666666666666665,0.1666666666666665,0.1666666666666665,0.1666666666666665,0.1666666666666665
154,154.0,0.1666666666666665,0.1666666666666665,0.1666666666666665,0.1666666666666665,0.1666666666666665,0.1666666666666665
155,155.0,0.1666666666666665,0.1666666666666665,0.1666666666666665,0.1666666666666665,0.1666666666666665,0.1666666666666665
156,156.0,0.1666666666666665,0.1666666666666665,0.1666666666666665,0.1666666666666665,0.1666666666666665,0.1666666666666665
157,157.0,0.1666666666666665,0.1666666666666665,0.1666666666666665,0.1666666666666665,0.1666666666666665,0.1666666666666665
158,158.0,0.1666666666666665,0.1666666666666665,0.1666666666666665,0.1666666666666665,0.1666666666666665,0.1666666666666665
159,159.0,0.1666666666666665,0.1666666666666665,0.1666666666666665,0.1666666666666665,0.1666666666666665,0.1666666666666665
160,160.0,0.1666666666666665,0.1666666666666665,0.1666666666666665,0.1666666666666665,0.1666666666666665,0.1666666666666665
161,161.0,0.1666666666666665,0.1666666666666665,0.1666666666666665,0.1666666666666665,0.1666666666666665,0.1666666666666665
162,162.0,0.1666666666666665,0.1666666666666665,0.1666666666666665,0.1666666666666665,0.1666666666666665,0.1666666666666665
163,163.0,0.1666666666666665,0.1666666666666665,0.1666666666666665,0.1666666666666665,0.1666666666666665,0.1666666666666665
164,164.0,0.1666666666666665,0.1666666666666665,0.1666666666666665,0.1666666666666665,0.1666666666666665,0.1666666666666665
165,165.0,0.1666666666666665,0.1666666666666665,0.1666666666666665,0.1666666666666665,0.1666666666666665,0.1666666666666665
166,166.0,0.1666666666666665,0.1666666666666665,0.1666666666666665,0.1666666666666665,0.1666666666666665,0.1666666666666665
167,167.0,0.1666666666666665,0.1666666666666665,0.1666666666666665,0.1666666666666665,0.1666666666666665,0.1666666666666665
168,168.0,0.1666666666666665,0.1666666666666665,0.1666666666666665,0.1666666666666665,0.1666666666666665,0.1666666666666665
169,169.0,0.1666666666666665,0.1666666666666665,0.1666666666666665,0.1666666666666665,0.1666666666666665,0.1666666666666665
170,170.0,0.1666666666666665,0.1666666666666665,0.1666666666666665,0.1666666666666665,0.1666666666666665,0.1666666666666665
171,171.0,0.1666666666666665,0.1666666666666665,0.1666666666666665,0.1666666666666665,0.1666666666666665,0.1666666666666665
172,172.0,0.1666666666666665,0.1666666666666665,0.1666666666666665,0.1666666666666665,0.1666666666666665,0.1666666666666665
173,173.0,0.1666666666666665,0.1666666666666665,0.1666666666666665,0.1666666666666665,0.1666666666666665,0.1666666666666665
174,174.0,0.1666666666666665,0.1666666666666665,0.1666666666666665,0.1666666666666665,0.1666666666666665,0.1666666666666665
175,175.0,0.1666666666666665,0.1666666666666665,0.1666666666666665,0.1666666666666665,0.1666666666666665,0.1666666666666665
176,176.0,0.1666666666666665,0.1666666666666665,0.1666666666666665,0.1666666666666665,0.1666666666666665,0.1666666666666665
177,177.0,0.1666666666666665,0.1666666666666665,0.1666666666666665,0.1666666666666665,0.1666666666666665,0.1666666666666665
178,178.0,0.1666666666666665,0.1666666666666665,0.1666666666666665,0.1666666666666665,0.1666666666666665,0.1666666666666665
179,179.0,0.1666666666666665,0.1666666666666665,0.1666666666666665,0.1666666666666665,0.1666666666666665,0.1666666666666665
180,180.0,0.1666666666666665,0.1666666666666665,0.1666666666666665,0.1666666666666665,0.1666666666666665,0.1666666666666665
181,181.0,0.1666666666666665,0.1666666666666665,0.1666666666666665,0.1666666666666665,0.1666666666666665,0.1666666666666665
182,182.0,0.1666666666666665,0.1666666666666665,0.1666666666666665,0.1666666666666665,0.1666666666666665,0.1666666666666665
183,183.0,0.1666666666666665,0.1666666666666665,0.1666666666666665,0.1666666666666665,0.1666666666666665,0.1666666666666665
184,184.0,0.1666666666666665,0.1666666666666665,0.1666666666666665,0.1666666666666665,0.1666666666666665,0.1666666666666665
185,185.0,0.1666666666666665,0.1666666666666665,0.1666666666666665,0.1666666666666665,0.1666666666666665,0.1666666666666665
186,186.0,0.1666666666666665,0.1666666666666665,0.1666666666666665,0.1666666666666665,0.1666666666666665,0.1666666666666665
187,187.0,0.1666666666666665,0.1666666666666665,0.1666666666666665,0.1666666666666665,0.1666666666666665,0.1666666666666665
188,188.0,0.1666666666666665,0.1666666666666665,0.1666666666666665,0.1666666666666665,0.1666666666666665,0.1666666666666665
189,189.0,0.1666666666666665,0.1666666666666665,0.1666666666666665,0.1666666666666665,0.1666666666666665,0.1666666666666665
190,190.0,0.1666666666666665,0.1666666666666665,0.1666666666666665,0.1666666666666665,0.1666666666666665,0.1666666666666665
191,191.0,0.1666666666666665,0.1666666666666665,0.1666666666666665,0.1666666666666665,0.1666666666666665,0.1666666666666665
192,192.0,0.1666666666666665,0.1666666666666665,0.1666666666666665,0.1666666666666665,0.1666666666666665,0.1666666666666665
193,193.0,0.1666666666666665,0.1666666666666665,0.1666666666666665,0.1666666666666665,0.1666666666666665,0.1666666666666665
194,194.0,0.1666666666666665,0.1666666666666665,0.1666666666666665,0.1666666666666665,0.1666666666666665,0.1666666666666665
195,195.0,0.1666666666666665,0.1666666666666665,0.1666666666666665,0.1666666666666665,0.1666666666666665,0.1666666666666665
196,196.0,0.1666666666666665,0.1666666666666665,0.1666666666666665,0.1666666666666665,0.1666666666666665,0.1666666666666665
197,197.0,0.1666666666666665,0.1666666666666665,0.1666666666666665,0.1666666666666665,0.1666666666666665,0.1666666666666665
198,198.0,0.1664285714285713,0.1664285714285713,0.1664285714285713,0.1664285714285713,0.1664285714285713,0.1678571428571427
199,199.0,0.1659547619047618,0.1673833333333332,0.1659547619047618,0.1659547619047618,0.1659547619047618,0.1687976190476189
200,200.0,0.1650711666666666,0.1689854523809523,0.1650711666666666,0.1650711666666666,0.166499738095238,0.1693013095238094
201,201.0,0.1642026002380952,0.1705648859523809,0.1642026002380952,0.1642026002380952,0.1670454573809523,0.1697818559523808
202,202.0,0.1643284676246031,0.1716914415928571,0.163217356513492,0.163217356513492,0.1674474993706348,0.1700978783849205
203,203.0,0.1652508445485951,0.1724408082057381,0.1621508445485952,0.1621508445485952,0.1677301002628809,0.1702765578855951
204,204.0,0.166180856287083,0.1731432110276545,0.1611218562870831,0.1611218562870831,0.1680023781585116,0.1704298419525844
205,205.0,0.1671084392412322,0.1737963224094837,0.1601369292412323,0.1601369292412323,0.1682626425782322,0.1705587372885871
206,206.0,0.165897576332951,0.1756048895877653,0.1605030938615225,0.159074522432951,0.1683825080984524,0.1705374096863575
207,207.0,0.1643393001426446,0.1766670273428173,0.1629895158430732,0.1577180872716446,0.1681398953189994,0.1701461740808207
208,208.0,0.1627073113837952,0.1772974065900614,0.166215149385787,0.1563339675676052,0.1677968548210117,0.1696493102517393
209,209.0,0.1611071193826637,0.1778601721150788,0.1694192715435751,0.1550205911539647,0.1674486779631407,0.1691441678415767
210,210.0,0.1593729749549184,0.1781778862062705,0.1748934208047806,0.1536054460372481,0.1654922172928107,0.1684580547039714
211,211.0,0.1575177576446408,0.17825401972325,0.1799094243950212,0.1520950033960732,0.1633757229408281,0.1688480719001865
212,212.0,0.1557328411989013,0.1782726836739831,0.1847843654169196,0.1506746116950117,0.1612970775045921,0.169238420510592
213,213.0,0.1538901558068146,0.1781005494866981,0.1901780451615354,0.1492105808681741,0.1605629650865731,0.1680577035902046
214,214.0,0.1521389052169361,0.1778834183170697,0.1953596529591508,0.1478469151364063,0.1598855592234152,0.1668855491470217
215,215.0,0.1503088870263726,0.1774493897464571,0.2001200084979182,0.1476586432189476,0.1589088204611211,0.1655542510491833
216,216.0,0.1485869924628124,0.1769852080863792,0.204614347734049,0.147565822739256,0.1579938780486558,0.1642537509288476
217,217.0,0.1471581995377622,0.1766771018909546,0.2091814717625884,0.1477384081869231,0.1573222732037326,0.161922545418039
218,218.0,0.1456682003023358,0.1761732589613866,0.2130898594354388,0.1478088474004507,0.1577871025037608,0.1594727313966274
219,219.0,0.1442987296656393,0.1756590056860995,0.216687729082869,0.1479473648968317,0.1583057885269592,0.1571013821416013
220,220.0,0.1429125405852779,0.1750016367435292,0.2209423760331691,0.1478679898950392,0.1585899809630011,0.1546854757799836
221,221.0,0.1414001667964216,0.1740970373898297,0.2253705760865491,0.1485933053949084,0.1584102872462417,0.1521286270860495
222,222.0,0.1399234414168994,0.1731130675687418,0.2291879646594399,0.1491787710094563,0.1580830747473106,0.1505136805981521
223,223.0,0.1396504211164274,0.1723910249487361,0.2308483292450417,0.1499620986006511,0.1579559489989956,0.1491921770901479
224,224.0,0.139836842213482,0.1693080411320085,0.2332066127520716,0.1511072271364746,0.158201731025277,0.1483395457406864
225,225.0,0.1399891892866327,0.1661398784602367,0.2359434303523064,0.1521208181663986,0.1591682984910584,0.1466383852433672
226,226.0,0.1401232351564275,0.1639406253345318,0.2379241160159787,0.1530197784196028,0.1600377960666209,0.1449544490068384
227,227.0,0.1401203552653896,0.1623586933548542,0.2390485320241641,0.1536874671521128,0.1615371098911049,0.1432478423123744
228,228.0,0.140005826100068,0.1621634044916326,0.2394235453648135,0.1541518897402281,0.1627086281717364,0.1415467061315214
229,229.0,0.1398949382325245,0.1618681472219536,0.2400542456051736,0.1545317089254873,0.1637299254366045,0.1399210345782566
230,230.0,0.1397911836644039,0.1614941127174015,0.2394582076023202,0.1548343341090707,0.1660398767487027,0.138382285158101
231,231.0,0.1397443371608958,0.1612012706948607,0.238654175450713,0.1551139089887606,0.168299704003374,0.1369866037013958
232,232.0,0.139749176380574,0.1609844303263555,0.2383852746010293,0.1546556571318638,0.1704918213338142,0.135733640226363
233,233.0,0.1398004843589231,0.1608381598501675,0.2379578237887163,0.154180800873465,0.172601078559142,0.1346216525695858
234,234.0,0.1398454820926735,0.1606140078389696,0.2377729048991125,0.1536481301686794,0.173090859593806,0.1350286154067587
235,235.0,0.1397069696765665,0.1601470039663748,0.2388700186907479,0.1528913722168125,0.1732277380560497,0.1351568973934483
236,236.0,0.139566132829581,0.159629023625316,0.2401398226903552,0.1521019529019231,0.1732078202924422,0.1353552476603822
237,237.0,0.1396092157500838,0.1595159293182529,0.2421696785868228,0.1512808307454664,0.1730698715305029,0.1343544740688708
238,238.0,0.139350945415671,0.1592959289565397,0.245323271172371,0.1502240192877958,0.1726117063923165,0.1331941287753058
239,239.0,0.139088438038694,0.1590612251771,0.2485570112834389,0.1491618719389432,0.1720334647936614,0.1320979887681621
240,240.0,0.1379915810624697,0.158815979356749,0.2526626761093293,0.1481057157601396,0.1713532807938191,0.1310707669174931
241,241.0,0.1367922049172698,0.1584774408478396,0.2561611393373185,0.1469529400967527,0.1705018931629651,0.131114381637854
242,242.0,0.1354623416062303,0.1583421187262692,0.2570870771156994,0.146443751747892,0.1694547224652956,0.1332099883386132
243,243.0,0.1340951216958287,0.1581572205038534,0.2575452087802173,0.1458933593900689,0.1692176928403429,0.1350913967896885
244,244.0,0.1327140136511659,0.1587689467122948,0.2575959154437952,0.1453174479538184,0.1688242816892061,0.1367793945497193
245,245.0,0.1310254150573122,0.1604612867661924,0.2569681049785637,0.1444155261525436,0.1691645518965055,0.1379651151488822
246,246.0,0.129445486435493,0.1622505466072787,0.2559662747876869,0.1435977397211272,0.169559497870774,0.1391804545776399
247,247.0,0.1286631617455667,0.1648119403217489,0.2544475778106338,0.1425478546577412,0.169546277345831,0.1399831881184779
248,248.0,0.1279672181269576,0.1673390691565485,0.2528396019815069,0.1415602939619309,0.1695265534625613,0.1407672633104944
249,249.0,0.1283267371426382,0.169722369013051,0.2508749572829862,0.1406094610378148,0.1689690100529404,0.1414974654705692
250,250.0,0.1285936884501337,0.1715357231238542,0.2489700681601073,0.1406734136596869,0.1681941156148105,0.142032990991407
251,251.0,0.129201121295492,0.1738196007095548,0.2456609611629091,0.1410764957350339,0.1654432798428559,0.1447985412541542
252,252.0,0.129858913196473,0.1760041106468058,0.2423711491487956,0.1415307634977546,0.1627273195138928,0.147507743996278
253,253.0,0.1305817661179785,0.1781562919695009,0.2394210744238098,0.1420528714909582,0.1596225382658592,0.1501654577318933
254,254.0,0.1323322612182145,0.1801868030942896,0.2355457376904995,0.1426071304011382,0.1566014975820897,0.1527265700137683
255,255.0,0.1340901293283057,0.1820875059297148,0.2317764185170301,0.1431847825474949,0.1536860338129957,0.1551751298644585
256,256.0,0.1358370544661657,0.1838523742763586,0.2281402083391523,0.1437777120849473,0.1508947439048005,0.1574979069285754
257,257.0,0.1377247903326097,0.1876483955312116,0.2240095735637642,0.144546590633982,0.1484404917915489,0.1576301581468836
258,258.0,0.1395398229405593,0.1916899035476295,0.2197976314194231,0.1452855789523947,0.1460780051037679,0.1576090580362255
259,259.0,0.1412975880792581,0.19554351351666,0.215791474169731,0.1460165919695374,0.1438743637447356,0.1574764685200778
260,260.0,0.1431648062728158,0.196868050571923,0.2121891563262914,0.1483402599425084,0.1420142910237389,0.1574234358627226
261,261.0,0.1449511457480965,0.1979924623485284,0.208825602841199,0.1506276521245666,0.1403213165184698,0.1572818204191397
262,262.0,0.1466468309821751,0.1994518330460495,0.2051842570239964,0.1528595221729827,0.1387956601524085,0.1570618966223878
263,263.0,0.148243970546831,0.2007243888548933,0.201802995776593,0.1550191036006368,0.1374358466752946,0.1567736945457514
264,264.0,0.14973644761336,0.201816085705839,0.1986896232544829,0.1570920294553285,0.1362388899330046,0.1564269240379851
265,265.0,0.1511490434269913,0.2029095311226582,0.1955268468834572,0.1590954758018889,0.1352589533516427,0.1560601494133616
266,266.0,0.1526651626385385,0.2039053805004778,0.1927662674918565,0.1609117809642671,0.1344710623855049,0.1552803460193553
267,267.0,0.1540373125354063,0.2048579622523315,0.1902609552067035,0.162588485285517,0.1338027122199896,0.1544525725000522
268,268.0,0.155291104611475,0.2056565786020697,0.1880296180258829,0.1641438815507845,0.1332716501795029,0.1536071670302851
269,269.0,0.1564258367280637,0.2063086399264066,0.1860671718107697,0.1655745466030153,0.1328694580719469,0.1527543468597979
270,270.0,0.1574420675599547,0.206822281114639,0.1843663519269441,0.1668786469129906,0.1325872708251041,0.1519033816603676
271,271.0,0.1583414849272988,0.2072062077684949,0.1829180039401158,0.1680557979518363,0.1324159098253715,0.1510625955868828
272,272.0,0.1591267760028772,0.208898123503445,0.1817113641404532,0.1691069231362769,0.1323460060580355,0.1488108071589123
273,273.0,0.1596229290765394,0.2101074531111731,0.180555756678665,0.169855542371337,0.1334395414089583,0.1464187773533272
274,274.0,0.1600146107034545,0.2111917904797527,0.1796183486812959,0.1704851343453184,0.1346049508985191,0.1440851648916593
275,275.0,0.1603083512120281,0.2121527914594129,0.1788866942818777,0.1710013058645891,0.1358233930179586,0.1418274641641334
276,276.0,0.1603721184201198,0.2138265130125824,0.1782086457757206,0.1712713483705387,0.1367996023053166,0.1395217721157217
277,277.0,0.1604936228628898,0.2162170511295364,0.1761667634094373,0.1715825252166326,0.1380787417053137,0.1374612956761899
278,278.0,0.1605395599829689,0.2184709240358849,0.1743073230769138,0.1718012954109219,0.1393650952337387,0.1355158022595716
279,279.0,0.1605170271414255,0.2205792595236248,0.1726306749780992,0.1719347119166441,0.1406450779424645,0.1336932484977417
280,280.0,0.1602545252342656,0.2223569565511683,0.1722067349420394,0.1716328330804558,0.1417279556578024,0.1318209945342682
281,281.0,0.1601179619014084,0.2233649369148944,0.1731009794993275,0.1701922072249101,0.1429618958162234,0.1302620186432359
282,282.0,0.1599268476244909,0.2247279374103926,0.1736753949978031,0.1685857429051256,0.1442527555801379,0.1288313214820497
283,283.0,0.1596962409483805,0.2259429798656846,0.1743716048037472,0.1669537809184164,0.145497319006742,0.1275380744570292
284,284.0,0.1593774521248125,0.2259687536162819,0.1750605772784635,0.1666888170249685,0.1465778799856105,0.1263265199698629
285,285.0,0.1590319378062191,0.2258634882347085,0.1758350475292287,0.1664205373181264,0.1475989342506295,0.1252500548610876
286,286.0,0.1586658256852886,0.2256413402879973,0.1766787210759302,0.166151956176298,0.1485562219305337,0.1243059348439521
287,287.0,0.158284836663464,0.2267447909407005,0.1775762408535074,0.1644572181258288,0.1494465468070356,0.1234903666094636
288,288.0,0.1578942683210531,0.2277445315406354,0.178513247041097,0.1627816005238019,0.1502677019117103,0.1227986506617024
289,289.0,0.1574989842735385,0.2286409356870794,0.1794764209358218,0.1611399475013932,0.1510183926706938,0.1222253189314733
290,290.0,0.1571034089319058,0.2294353729839173,0.180453514028021,0.159545279130865,0.1516981586109654,0.1217642663143254
291,291.0,0.1567115271789831,0.2287015243145698,0.1814333634670252,0.1594374150593061,0.1523072945549936,0.1214088754251222
292,292.0,0.1564379995845397,0.2291074932702854,0.1817392284570973,0.1584941503229318,0.1529578832540736,0.1212632451110721
293,293.0,0.1559951545801007,0.2292566669704293,0.1818568773646582,0.1572513147784447,0.1546107021171379,0.1210292841892291
294,294.0,0.1553150666424244,0.2289728363781603,0.1824924473723755,0.1556838335446405,0.1569069364470941,0.1206288796153051
295,295.0,0.1544151657061161,0.2283890449905473,0.1828746954320612,0.1539517507646938,0.1602997585444294,0.1200695845621522
296,296.0,0.1534296066835765,0.2276443014041752,0.1831283058610963,0.1520809109130817,0.1642408195066708,0.1194760556313995
297,297.0,0.1524768109736543,0.2268621482747838,0.1833636063182553,0.150303898095487,0.1680358848377053,0.1189576515001144
298,298.0,0.1514955698847265,0.2260977988816197,0.1827348367009162,0.1498116394192235,0.1704155717013113,0.1194445834122027
299,299.0,0.1508767149687576,0.2256352909481664,0.1827303266333372,0.1486226455489843,0.1718253988533735,0.1203096230473808
300,300.0,0.1503044818718973,0.225163351122073,0.1827162666897895,0.1475327656571549,0.1730625397078114,0.1212205949512737
301,301.0,0.1496013593146316,0.2245090705622932,0.1823366096001625,0.1463644157162413,0.1739533200572716,0.1232352247493995
302,302.0,0.1489481817542882,0.2238579404335076,0.1829531402213891,0.1452978405162754,0.1736841824344716,0.125258714640068
303,303.0,0.1482555773758692,0.2231252479029956,0.1842873472034442,0.1441517101533438,0.1730919918310472,0.1270881255333
304,304.0,0.1485884553090067,0.2222694054291641,0.1854606864969903,0.142831300033231,0.1721008340369536,0.1287493186946543
305,305.0,0.1486679587452338,0.2212494177442149,0.1870974609728922,0.1422435048591189,0.1706367799754613,0.1301048777030789
306,306.0,0.1489224540537033,0.2182644100686199,0.1898251469583428,0.1432306091978167,0.1681226544748198,0.1316347252466974
307,307.0,0.149031247743457,0.2151582669457322,0.1923067270918836,0.1439421351715395,0.1666379565833011,0.1329236664640866
308,308.0,0.1493074252140721,0.211162655415002,0.1938693771097509,0.146108842817365,0.1652691936935112,0.1342825057502989
309,309.0,0.1494675974238672,0.2071425895436319,0.1961726968566668,0.1480357691138469,0.1637545710452863,0.1354267760167007
310,310.0,0.1496467631768266,0.2032657154243997,0.1992029194955907,0.1499776229329547,0.1614154875076189,0.1364914914626093
311,311.0,0.1489119385318112,0.1995362806030818,0.2019555373594173,0.15296399803474,0.1591784870755368,0.1374537583954128
312,312.0,0.1481982344114324,0.1959950173162819,0.2045671483833818,0.1559151239944624,0.156992095079166,0.1383323808152755
313,313.0,0.1475106758044302,0.1926585210434161,0.2070257371412306,0.1588050144667311,0.1548731145948991,0.1391269369492928
314,314.0,0.146853523745537,0.1895396800458196,0.2093220199719969,0.1616108940955687,0.1528359942763685,0.1398378878647092
315,315.0,0.1462303091005309,0.1866479172059415,0.2114492646400813,0.16431310516903,0.1508929193101856,0.1404664845742304
316,316.0,0.1457549813855843,0.1841005534475199,0.2138475469595156,0.1660061035430292,0.1491650270218888,0.1411257876424621
317,317.0,0.1454960766134121,0.1819671939285647,0.2164229231991132,0.1677524519323438,0.1477266494951438,0.1406347048314222
318,318.0,0.1451627161406333,0.1799559464234935,0.2193660571885889,0.1692575264547238,0.1462913936322375,0.1399663601603229
319,319.0,0.1446871077134648,0.1792461407773972,0.2217535989559173,0.1704518323230673,0.1447947283968436,0.1390665918333097
320,320.0,0.1444437516921368,0.177386808782917,0.2252373621757696,0.1717100228246142,0.1428989951447986,0.1383230593797635
321,321.0,0.1441607741451963,0.1754357388190788,0.2291101165079244,0.1727620453399464,0.141054832902063,0.137476492285791
322,322.0,0.1448490462547532,0.1734379323987736,0.2322616012651958,0.1736220756966112,0.1392796054442125,0.1365497389404537
