,Unnamed: 0,Total_iterations,Intertwine_two,Add_vertex,Delete_vertex,Invert_path_vertices,Insert_inside_vertex,Delete_inside_vertex
0,0.0,0.0,0.16666666666666657,0.16666666666666657,0.16666666666666657,0.16666666666666657,0.16666666666666657,0.16666666666666657
1,1.0,0.10900000000000001,0.16666666666666657,0.16666666666666657,0.16666666666666657,0.16666666666666657,0.16666666666666657,0.16666666666666657
2,2.0,0.31601,0.16666666666666657,0.16666666666666657,0.16666666666666657,0.16666666666666657,0.16666666666666657,0.16666666666666657
3,3.0,0.6191589000000001,0.16666666666666657,0.16666666666666657,0.16666666666666657,0.16666666666666657,0.16666666666666657,0.16666666666666657
4,4.0,1.015801321,0.16666666666666657,0.16666666666666657,0.16666666666666657,0.16666666666666657,0.16666666666666657,0.16666666666666657
5,5.0,1.50262148669,0.16666666666666657,0.16666666666666657,0.16666666666666657,0.16666666666666657,0.16666666666666657,0.16666666666666657
6,6.0,2.0757334209441005,0.16666666666666657,0.16666666666666657,0.16666666666666657,0.16666666666666657,0.16666666666666657,0.16666666666666657
7,7.0,2.7307768275633495,0.16666666666666657,0.16666666666666657,0.16666666666666657,0.16666666666666657,0.16666666666666657,0.16666666666666657
8,8.0,3.4630081252450404,0.16666666666666657,0.16666666666666657,0.16666666666666657,0.16666666666666657,0.16666666666666657,0.16666666666666657
9,9.0,4.2673862119061114,0.16666666666666657,0.16666666666666657,0.16666666666666657,0.16666666666666657,0.16666666666666657,0.16666666666666657
10,10.0,5.138652627782014,0.16666666666666657,0.16666666666666657,0.16666666666666657,0.16666666666666657,0.16666666666666657,0.16666666666666657
11,11.0,6.071405875792507,0.16666666666666657,0.16666666666666657,0.16666666666666657,0.16666666666666657,0.16666666666666657,0.16666666666666657
12,12.0,7.060169740244025,0.16666666666666657,0.16666666666666657,0.16666666666666657,0.16666666666666657,0.16666666666666657,0.16666666666666657
13,13.0,8.099455520847952,0.16666666666666657,0.16666666666666657,0.16666666666666657,0.16666666666666657,0.16666666666666657,0.16666666666666657
14,14.0,9.183818168183006,0.16666666666666657,0.16666666666666657,0.16666666666666657,0.16666666666666657,0.16666666666666657,0.16666666666666657
15,15.0,10.307906369102724,0.16666666666666657,0.16666666666666657,0.16666666666666657,0.16666666666666657,0.16666666666666657,0.16666666666666657
16,16.0,11.466506686239443,0.16666666666666657,0.16666666666666657,0.16666666666666657,0.16666666666666657,0.16666666666666657,0.16666666666666657
17,17.0,12.654581904800096,0.16666666666666657,0.16666666666666657,0.16666666666666657,0.16666666666666657,0.16666666666666657,0.16666666666666657
18,18.0,13.867303782456686,0.16666666666666657,0.16666666666666657,0.16666666666666657,0.16666666666666657,0.16666666666666657,0.16666666666666657
19,19.0,15.100080434523047,0.16666666666666657,0.16666666666666657,0.16666666666666657,0.16666666666666657,0.16666666666666657,0.16666666666666657
20,20.0,16.348578617037543,0.16666666666666657,0.16666666666666657,0.16666666666666657,0.16666666666666657,0.16666666666666657,0.16666666666666657
21,21.0,17.608741195130214,0.16666666666666657,0.16666666666666657,0.16666666666666657,0.16666666666666657,0.16666666666666657,0.16666666666666657
22,22.0,18.876800103462312,0.16666666666666657,0.16666666666666657,0.16666666666666657,0.16666666666666657,0.16666666666666657,0.16666666666666657
23,23.0,20.14928511992658,0.16666666666666657,0.16666666666666657,0.16666666666666657,0.16666666666666657,0.16666666666666657,0.16666666666666657
24,24.0,21.423028783545156,0.16666666666666657,0.16666666666666657,0.16666666666666657,0.16666666666666657,0.16666666666666657,0.16666666666666657
25,25.0,22.695167792966423,0.16666666666666657,0.16666666666666657,0.16666666666666657,0.16666666666666657,0.16666666666666657,0.16666666666666657
26,26.0,23.963141223515898,0.16666666666666657,0.16666666666666657,0.16666666666666657,0.16666666666666657,0.16666666666666657,0.16666666666666657
27,27.0,25.224685898775267,0.16666666666666657,0.16666666666666657,0.16666666666666657,0.16666666666666657,0.16666666666666657,0.16666666666666657
28,28.0,26.477829247520948,0.16666666666666657,0.16666666666666657,0.16666666666666657,0.16666666666666657,0.16666666666666657,0.16666666666666657
29,29.0,27.720879968916847,0.16666666666666657,0.16666666666666657,0.16666666666666657,0.16666666666666657,0.16666666666666657,0.16666666666666657
30,30.0,28.95241681848399,0.16666666666666657,0.16666666666666657,0.16666666666666657,0.16666666666666657,0.16666666666666657,0.16666666666666657
31,31.0,30.17127581490958,0.16666666666666657,0.16666666666666657,0.16666666666666657,0.16666666666666657,0.16666666666666657,0.16666666666666657
32,32.0,31.376536153543515,0.16666666666666657,0.16666666666666657,0.16666666666666657,0.16666666666666657,0.16666666666666657,0.16666666666666657
33,33.0,32.567505096778625,0.16666666666666657,0.16666666666666657,0.16666666666666657,0.16666666666666657,0.16666666666666657,0.16666666666666657
34,34.0,33.74370209472243,0.16666666666666657,0.16666666666666657,0.16666666666666657,0.16666666666666657,0.16666666666666657,0.16666666666666657
35,35.0,34.90484237192463,0.16666666666666657,0.16666666666666657,0.16666666666666657,0.16666666666666657,0.16666666666666657,0.16666666666666657
36,36.0,36.05082019768737,0.16666666666666657,0.16666666666666657,0.16666666666666657,0.16666666666666657,0.16666666666666657,0.16666666666666657
37,37.0,37.18169203889697,0.16666666666666657,0.16666666666666657,0.16666666666666657,0.16666666666666657,0.16666666666666657,0.16666666666666657
38,38.0,38.29765977559663,0.16666666666666657,0.16666666666666657,0.16666666666666657,0.16666666666666657,0.16666666666666657,0.16666666666666657
39,39.0,39.399054140870355,0.16666666666666657,0.16666666666666657,0.16666666666666657,0.16666666666666657,0.16666666666666657,0.16666666666666657
40,40.0,40.48631852820801,0.16666666666666657,0.16666666666666657,0.16666666666666657,0.16666666666666657,0.16666666666666657,0.16666666666666657
41,41.0,41.55999329152982,0.16666666666666657,0.16666666666666657,0.16666666666666657,0.16666666666666657,0.16666666666666657,0.16666666666666657
42,42.0,42.62070064560415,0.16666666666666657,0.16666666666666657,0.16666666666666657,0.16666666666666657,0.16666666666666657,0.16666666666666657
43,43.0,43.669130257815,0.16666666666666657,0.16666666666666657,0.16666666666666657,0.16666666666666657,0.16666666666666657,0.16666666666666657
44,44.0,44.70602560622662,0.16666666666666657,0.16666666666666657,0.16666666666666657,0.16666666666666657,0.16666666666666657,0.16666666666666657
45,45.0,45.73217116373481,0.16666666666666657,0.16666666666666657,0.16666666666666657,0.16666666666666657,0.16666666666666657,0.16666666666666657
46,46.0,46.748380453854836,0.16666666666666657,0.16666666666666657,0.16666666666666657,0.16666666666666657,0.16666666666666657,0.16666666666666657
47,47.0,47.755485010424316,0.16666666666666657,0.16666666666666657,0.16666666666666657,0.16666666666666657,0.16666666666666657,0.16666666666666657
48,48.0,48.7543242612326,0.16666666666666657,0.16666666666666657,0.16666666666666657,0.16666666666666657,0.16666666666666657,0.16666666666666657
49,49.0,49.745736344347726,0.16666666666666657,0.16666666666666657,0.16666666666666657,0.16666666666666657,0.16666666666666657,0.16666666666666657
50,50.0,50.730549855707864,0.16666666666666657,0.16666666666666657,0.16666666666666657,0.16666666666666657,0.16666666666666657,0.16666666666666657
51,51.0,51.70957651737491,0.16666666666666657,0.16666666666666657,0.16666666666666657,0.16666666666666657,0.16666666666666657,0.16666666666666657
52,52.0,52.68360474770151,0.16666666666666657,0.16666666666666657,0.16666666666666657,0.16666666666666657,0.16666666666666657,0.16666666666666657
53,53.0,53.65339410751842,0.16666666666666657,0.16666666666666657,0.16666666666666657,0.16666666666666657,0.16666666666666657,0.16666666666666657
54,54.0,54.61967059027847,0.16666666666666657,0.16666666666666657,0.16666666666666657,0.16666666666666657,0.16666666666666657,0.16666666666666657
55,55.0,55.58312271885972,0.16666666666666657,0.16666666666666657,0.16666666666666657,0.16666666666666657,0.16666666666666657,0.16666666666666657
56,56.0,56.544398407394254,0.16666666666666657,0.16666666666666657,0.16666666666666657,0.16666666666666657,0.16666666666666657,0.16666666666666657
57,57.0,57.504102543001395,0.16666666666666657,0.16666666666666657,0.16666666666666657,0.16666666666666657,0.16666666666666657,0.16666666666666657
58,58.0,58.462795239617805,0.16666666666666657,0.16666666666666657,0.16666666666666657,0.16666666666666657,0.16666666666666657,0.16666666666666657
59,59.0,59.42099071417639,0.16666666666666657,0.16666666666666657,0.16666666666666657,0.16666666666666657,0.16666666666666657,0.16666666666666657
60,60.0,60.379156734137354,0.16666666666666657,0.16666666666666657,0.16666666666666657,0.16666666666666657,0.16666666666666657,0.16666666666666657
61,61.0,61.337714584760846,0.16666666666666657,0.16666666666666657,0.16666666666666657,0.16666666666666657,0.16666666666666657,0.16666666666666657
62,62.0,62.29703950447439,0.16666666666666657,0.16666666666666657,0.16666666666666657,0.16666666666666657,0.16666666666666657,0.16666666666666657
63,63.0,63.257461537171835,0.16666666666666657,0.16666666666666657,0.16666666666666657,0.16666666666666657,0.16666666666666657,0.16666666666666657
64,64.0,64.21926675122782,0.16666666666666657,0.16666666666666657,0.16666666666666657,0.16666666666666657,0.16666666666666657,0.16666666666666657
65,65.0,65.18269877636592,0.16666666666666657,0.16666666666666657,0.16666666666666657,0.16666666666666657,0.16666666666666657,0.16666666666666657
66,66.0,66.14796061122655,0.16666666666666657,0.16666666666666657,0.16666666666666657,0.16666666666666657,0.16666666666666657,0.16666666666666657
67,67.0,67.11521665648885,0.16666666666666657,0.16666666666666657,0.16666666666666657,0.16666666666666657,0.16666666666666657,0.16666666666666657
68,68.0,68.09459493066004,0.16666666666666657,0.16666666666666657,0.16666666666666657,0.16666666666666657,0.16666666666666657,0.16666666666666657
69,69.0,69.07608942810751,0.16666666666666657,0.16666666666666657,0.16666666666666657,0.16666666666666657,0.16666666666666657,0.16666666666666657
70,70.0,70.05967358152915,0.16666666666666657,0.16666666666666657,0.16666666666666657,0.16666666666666657,0.16666666666666657,0.16666666666666657
71,71.0,71.04530258379333,0.16666666666666657,0.16666666666666657,0.16666666666666657,0.16666666666666657,0.16666666666666657,0.16666666666666657
72,72.0,72.03291565999317,0.16666666666666657,0.16666666666666657,0.16666666666666657,0.16666666666666657,0.16666666666666657,0.16666666666666657
73,73.0,73.02243827197309,0.16666666666666657,0.16666666666666657,0.16666666666666657,0.16666666666666657,0.16666666666666657,0.16666666666666657
74,74.0,74.0237842400353,0.16666666666666657,0.16666666666666657,0.16666666666666657,0.16666666666666657,0.16666666666666657,0.16666666666666657
75,75.0,75.02675776889092,0.16666666666666657,0.16666666666666657,0.16666666666666657,0.16666666666666657,0.16666666666666657,0.16666666666666657
76,76.0,76.03116636717208,0.16666666666666657,0.16666666666666657,0.16666666666666657,0.16666666666666657,0.16666666666666657,0.16666666666666657
77,77.0,77.03682244195339,0.16666666666666657,0.16666666666666657,0.16666666666666657,0.16666666666666657,0.16666666666666657,0.16666666666666657
78,78.0,78.05354468483704,0.16666666666666657,0.16666666666666657,0.16666666666666657,0.16666666666666657,0.16666666666666657,0.16666666666666657
79,79.0,79.07105925658396,0.16666666666666657,0.16666666666666657,0.16666666666666657,0.16666666666666657,0.16666666666666657,0.16666666666666657
80,80.0,80.08911177859035,0.16666666666666657,0.16666666666666657,0.16666666666666657,0.16666666666666657,0.16666666666666657,0.16666666666666657
81,81.0,81.10746793061018,0.16666666666666657,0.16666666666666657,0.16666666666666657,0.16666666666666657,0.16666666666666657,0.16666666666666657
82,82.0,82.12591378812195,0.16666666666666657,0.16666666666666657,0.16666666666666657,0.16666666666666657,0.16666666666666657,0.16666666666666657
83,83.0,83.1442559220013,0.16666666666666657,0.16666666666666657,0.16666666666666657,0.16666666666666657,0.16666666666666657,0.16666666666666657
84,84.0,84.17232128327272,0.16666666666666657,0.16666666666666657,0.16666666666666657,0.16666666666666657,0.16666666666666657,0.16666666666666657
85,85.0,85.19985689558428,0.16666666666666657,0.16666666666666657,0.16666666666666657,0.16666666666666657,0.16666666666666657,0.16666666666666657
86,86.0,86.22664037770882,0.16666666666666657,0.16666666666666657,0.16666666666666657,0.16666666666666657,0.16666666666666657,0.16666666666666657
87,87.0,87.26247910784383,0.16666666666666657,0.16666666666666657,0.16666666666666657,0.16666666666666657,0.16666666666666657,0.16666666666666657
88,88.0,88.3071091738869,0.16666666666666657,0.16666666666666657,0.16666666666666657,0.16666666666666657,0.16666666666666657,0.16666666666666657
89,89.0,89.35020514158678,0.16666666666666657,0.16666666666666657,0.16666666666666657,0.16666666666666657,0.16666666666666657,0.16666666666666657
90,90.0,90.39148946110082,0.16666666666666657,0.16666666666666657,0.16666666666666657,0.16666666666666657,0.16666666666666657,0.16666666666666657
91,91.0,91.43073045405244,0.16666666666666657,0.16666666666666657,0.16666666666666657,0.16666666666666657,0.16666666666666657,0.16666666666666657
92,92.0,92.46774004316838,0.16666666666666657,0.16666666666666657,0.16666666666666657,0.16666666666666657,0.16666666666666657,0.16666666666666657
93,93.0,93.50237127294103,0.16666666666666657,0.16666666666666657,0.16666666666666657,0.16666666666666657,0.16666666666666657,0.16666666666666657
94,94.0,94.53451566700701,0.16666666666666657,0.16666666666666657,0.16666666666666657,0.16666666666666657,0.16666666666666657,0.16666666666666657
95,95.0,95.57410046499632,0.16666666666666657,0.16666666666666657,0.16666666666666657,0.16666666666666657,0.16666666666666657,0.16666666666666657
96,96.0,96.61098577853674,0.16666666666666657,0.16666666666666657,0.16666666666666657,0.16666666666666657,0.16666666666666657,0.16666666666666657
97,97.0,97.64507270293775,0.16666666666666657,0.16666666666666657,0.16666666666666657,0.16666666666666657,0.16666666666666657,0.16666666666666657
98,98.0,98.67630020786929,0.16666666666666657,0.16666666666666657,0.16666666666666657,0.16666666666666657,0.16666666666666657,0.16666666666666657
99,99.0,99.70464196022898,0.16666666666666657,0.16666666666666657,0.16666666666666657,0.16666666666666657,0.16666666666666657,0.16666666666666657
100,100.0,100.74010311775041,0.16666666666666657,0.16666666666666657,0.16666666666666657,0.16666666666666657,0.16666666666666657,0.16666666666666657
101,101.0,101.77261712834218,0.16666666666666657,0.16666666666666657,0.16666666666666657,0.16666666666666657,0.16666666666666657,0.16666666666666657
102,102.0,102.80215356659136,0.16666666666666657,0.16666666666666657,0.16666666666666657,0.16666666666666657,0.16666666666666657,0.16666666666666657
103,103.0,103.8287148253497,0.16666666666666657,0.16666666666666657,0.16666666666666657,0.16666666666666657,0.16666666666666657,0.16666666666666657
104,104.0,104.85233280997873,0.16666666666666657,0.16666666666666657,0.16666666666666657,0.16666666666666657,0.16666666666666657,0.16666666666666657
105,105.0,105.87306566804506,0.16666666666666657,0.16666666666666657,0.16666666666666657,0.16666666666666657,0.16666666666666657,0.16666666666666657
106,106.0,106.89099458362432,0.16666666666666657,0.16666666666666657,0.16666666666666657,0.16666666666666657,0.16666666666666657,0.16666666666666657
107,107.0,107.9062206618094,0.16666666666666657,0.16666666666666657,0.16666666666666657,0.16666666666666657,0.16666666666666657,0.16666666666666657
108,108.0,108.91886192555788,0.16666666666666657,0.16666666666666657,0.16666666666666657,0.16666666666666657,0.16666666666666657,0.16666666666666657
109,109.0,109.92905044367593,0.16666666666666657,0.16666666666666657,0.16666666666666657,0.16666666666666657,0.16666666666666657,0.16666666666666657
110,110.0,110.93692960554542,0.16666666666666657,0.16666666666666657,0.16666666666666657,0.16666666666666657,0.16666666666666657,0.16666666666666657
111,111.0,111.94265155517252,0.16666666666666657,0.16666666666666657,0.16666666666666657,0.16666666666666657,0.16666666666666657,0.16666666666666657
112,112.0,112.94637479428518,0.16666666666666657,0.16666666666666657,0.16666666666666657,0.16666666666666657,0.16666666666666657,0.16666666666666657
113,113.0,113.94826196154371,0.16666666666666657,0.16666666666666657,0.16666666666666657,0.16666666666666657,0.16666666666666657,0.16666666666666657
114,114.0,114.94847779246096,0.16666666666666657,0.16666666666666657,0.16666666666666657,0.16666666666666657,0.16666666666666657,0.16666666666666657
115,115.0,115.94718726236187,0.16666666666666657,0.16666666666666657,0.16666666666666657,0.16666666666666657,0.16666666666666657,0.16666666666666657
116,116.0,116.94455391264907,0.16666666666666657,0.16666666666666657,0.16666666666666657,0.16666666666666657,0.16666666666666657,0.16666666666666657
117,117.0,117.94073835878106,0.16666666666666657,0.16666666666666657,0.16666666666666657,0.16666666666666657,0.16666666666666657,0.16666666666666657
118,118.0,118.93589697671204,0.16666666666666657,0.16666666666666657,0.16666666666666657,0.16666666666666657,0.16666666666666657,0.16666666666666657
119,119.0,119.9301807630828,0.16666666666666657,0.16666666666666657,0.16666666666666657,0.16666666666666657,0.16666666666666657,0.16666666666666657
120,120.0,120.92373436318566,0.16666666666666657,0.16666666666666657,0.16666666666666657,0.16666666666666657,0.16666666666666657,0.16666666666666657
121,121.0,121.91669525964639,0.16666666666666657,0.16666666666666657,0.16666666666666657,0.16666666666666657,0.16666666666666657,0.16666666666666657
122,122.0,122.90919311386457,0.16666666666666657,0.16666666666666657,0.16666666666666657,0.16666666666666657,0.16666666666666657,0.16666666666666657
123,123.0,123.90134925152228,0.16666666666666657,0.16666666666666657,0.16666666666666657,0.16666666666666657,0.16666666666666657,0.16666666666666657
124,124.0,124.89327628289901,0.16666666666666657,0.16666666666666657,0.16666666666666657,0.16666666666666657,0.16666666666666657,0.16666666666666657
125,125.0,125.88507784830908,0.16666666666666657,0.16666666666666657,0.16666666666666657,0.16666666666666657,0.16666666666666657,0.16666666666666657
126,126.0,126.87684847869505,0.16666666666666657,0.16666666666666657,0.16666666666666657,0.16666666666666657,0.16666666666666657,0.16666666666666657
127,127.0,127.86867356125548,0.16666666666666657,0.16666666666666657,0.16666666666666657,0.16666666666666657,0.16666666666666657,0.16666666666666657
128,128.0,128.8606293999473,0.16666666666666657,0.16666666666666657,0.16666666666666657,0.16666666666666657,0.16666666666666657,0.16666666666666657
129,129.0,129.85278336077045,0.16666666666666657,0.16666666666666657,0.16666666666666657,0.16666666666666657,0.16666666666666657,0.16666666666666657
130,130.0,130.84519409190358,0.16666666666666657,0.16666666666666657,0.16666666666666657,0.16666666666666657,0.16666666666666657,0.16666666666666657
131,131.0,131.8379118090044,0.16666666666666657,0.16666666666666657,0.16666666666666657,0.16666666666666657,0.16666666666666657,0.16666666666666657
132,132.0,132.83097863630508,0.16666666666666657,0.16666666666666657,0.16666666666666657,0.16666666666666657,0.16666666666666657,0.16666666666666657
133,133.0,133.82442899451263,0.16666666666666657,0.16666666666666657,0.16666666666666657,0.16666666666666657,0.16666666666666657,0.16666666666666657
134,134.0,134.81829002695432,0.16666666666666657,0.16666666666666657,0.16666666666666657,0.16666666666666657,0.16666666666666657,0.16666666666666657
135,135.0,135.81258205588227,0.16666666666666657,0.16666666666666657,0.16666666666666657,0.16666666666666657,0.16666666666666657,0.16666666666666657
136,136.0,136.80731906135864,0.16666666666666657,0.16666666666666657,0.16666666666666657,0.16666666666666657,0.16666666666666657,0.16666666666666657
137,137.0,137.80250917567375,0.16666666666666657,0.16666666666666657,0.16666666666666657,0.16666666666666657,0.16666666666666657,0.16666666666666657
138,138.0,138.79815518680064,0.16666666666666657,0.16666666666666657,0.16666666666666657,0.16666666666666657,0.16666666666666657,0.16666666666666657
139,139.0,139.79425504494682,0.16666666666666657,0.16666666666666657,0.16666666666666657,0.16666666666666657,0.16666666666666657,0.16666666666666657
140,140.0,140.7908023668289,0.16666666666666657,0.16666666666666657,0.16666666666666657,0.16666666666666657,0.16666666666666657,0.16666666666666657
141,141.0,141.78778693285452,0.16666666666666657,0.16666666666666657,0.16666666666666657,0.16666666666666657,0.16666666666666657,0.16666666666666657
142,142.0,142.78519517294902,0.16666666666666657,0.16666666666666657,0.16666666666666657,0.16666666666666657,0.16666666666666657,0.16666666666666657
143,143.0,143.78301063730456,0.16666666666666657,0.16666666666666657,0.16666666666666657,0.16666666666666657,0.16666666666666657,0.16666666666666657
144,144.0,144.7812144488515,0.16666666666666657,0.16666666666666657,0.16666666666666657,0.16666666666666657,0.16666666666666657,0.16666666666666657
145,145.0,145.77978573475525,0.16666666666666657,0.16666666666666657,0.16666666666666657,0.16666666666666657,0.16666666666666657,0.16666666666666657
146,146.0,146.77870203472108,0.16666666666666657,0.16666666666666657,0.16666666666666657,0.16666666666666657,0.16666666666666657,0.16666666666666657
147,147.0,147.78793968434312,0.16666666666666657,0.16666666666666657,0.16666666666666657,0.16666666666666657,0.16666666666666657,0.16666666666666657
148,148.0,148.7973741721595,0.16666666666666657,0.16666666666666657,0.16666666666666657,0.16666666666666657,0.16666666666666657,0.16666666666666657
149,149.0,149.80689146947267,0.16666666666666657,0.16666666666666657,0.16666666666666657,0.16666666666666657,0.16666666666666657,0.16666666666666657
150,150.0,150.8163881223598,0.16666666666666657,0.16666666666666657,0.16666666666666657,0.16666666666666657,0.16666666666666657,0.16666666666666657
151,151.0,151.8257712287346,0.16666666666666657,0.16666666666666657,0.16666666666666657,0.16666666666666657,0.16666666666666657,0.16666666666666657
152,152.0,152.83495831218457,0.16666666666666657,0.16666666666666657,0.16666666666666657,0.16666666666666657,0.16666666666666657,0.16666666666666657
153,153.0,153.8438771041677,0.16666666666666657,0.16666666666666657,0.16666666666666657,0.16666666666666657,0.16666666666666657,0.16666666666666657
154,154.0,154.86246524591084,0.16666666666666657,0.16666666666666657,0.16666666666666657,0.16666666666666657,0.16666666666666657,0.16666666666666657
155,155.0,155.88056992102057,0.16666666666666657,0.16666666666666657,0.16666666666666657,0.16666666666666657,0.16666666666666657,0.16666666666666657
156,156.0,156.8980584294091,0.16666666666666657,0.16666666666666657,0.16666666666666657,0.16666666666666657,0.16666666666666657,0.16666666666666657
157,157.0,157.9148175026647,0.16666666666666657,0.16666666666666657,0.16666666666666657,0.16666666666666657,0.16666666666666657,0.16666666666666657
158,158.0,158.93075249356812,0.16666666666666657,0.16666666666666657,0.16666666666666657,0.16666666666666657,0.16666666666666657,0.16666666666666657
159,159.0,159.9457864604455,0.16666666666666657,0.16666666666666657,0.16666666666666657,0.16666666666666657,0.16666666666666657,0.16666666666666657
160,160.0,160.9598591660307,0.16666666666666657,0.16666666666666657,0.16666666666666657,0.16666666666666657,0.16666666666666657,0.16666666666666657
161,161.0,161.97292600939704,0.16666666666666657,0.16666666666666657,0.16666666666666657,0.16666666666666657,0.16666666666666657,0.16666666666666657
162,162.0,162.9849569083328,0.16666666666666657,0.16666666666666657,0.16666666666666657,0.16666666666666657,0.16666666666666657,0.16666666666666657
163,163.0,163.99593514829166,0.16666666666666657,0.16666666666666657,0.16666666666666657,0.16666666666666657,0.16666666666666657,0.16666666666666657
164,164.0,165.0058562127717,0.16666666666666657,0.16666666666666657,0.16666666666666657,0.16666666666666657,0.16666666666666657,0.16666666666666657
165,165.0,166.01472660867603,0.16666666666666657,0.16666666666666657,0.16666666666666657,0.16666666666666657,0.16666666666666657,0.16666666666666657
166,166.0,167.02256269890313,0.16666666666666657,0.16666666666666657,0.16666666666666657,0.16666666666666657,0.16666666666666657,0.16666666666666657
167,167.0,168.02938955311853,0.16666666666666657,0.16666666666666657,0.16666666666666657,0.16666666666666657,0.16666666666666657,0.16666666666666657
168,168.0,169.0352398263812,0.16666666666666657,0.16666666666666657,0.16666666666666657,0.16666666666666657,0.16666666666666657,0.16666666666666657
169,169.0,170.0401526740538,0.16666666666666657,0.16666666666666657,0.16666666666666657,0.16666666666666657,0.16666666666666657,0.16666666666666657
170,170.0,171.05417271021855,0.16666666666666657,0.16666666666666657,0.16666666666666657,0.16666666666666657,0.16666666666666657,0.16666666666666657
171,171.0,172.0672490156647,0.16666666666666657,0.16666666666666657,0.16666666666666657,0.16666666666666657,0.16666666666666657,0.16666666666666657
172,172.0,173.07934520040956,0.16666666666666657,0.16666666666666657,0.16666666666666657,0.16666666666666657,0.16666666666666657,0.16666666666666657
173,173.0,174.09043831467585,0.16666666666666657,0.16666666666666657,0.16666666666666657,0.16666666666666657,0.16666666666666657,0.16666666666666657
174,174.0,175.10051773436874,0.16666666666666657,0.16666666666666657,0.16666666666666657,0.16666666666666657,0.16666666666666657,0.16666666666666657
175,175.0,176.10958403474865,0.16666666666666657,0.16666666666666657,0.16666666666666657,0.16666666666666657,0.16666666666666657,0.16666666666666657
176,176.0,177.1176478647431,0.16666666666666657,0.16666666666666657,0.16666666666666657,0.16666666666666657,0.16666666666666657,0.16666666666666657
177,177.0,178.12472883309067,0.16666666666666657,0.16666666666666657,0.16666666666666657,0.16666666666666657,0.16666666666666657,0.16666666666666657
178,178.0,179.13085441627257,0.16666666666666657,0.16666666666666657,0.16666666666666657,0.16666666666666657,0.16666666666666657,0.16666666666666657
179,179.0,180.13605889697357,0.16666666666666657,0.16666666666666657,0.16666666666666657,0.16666666666666657,0.16666666666666657,0.16666666666666657
180,180.0,181.14038234063474,0.16666666666666657,0.16666666666666657,0.16666666666666657,0.16666666666666657,0.16666666666666657,0.16666666666666657
181,181.0,182.14386961652343,0.16666666666666657,0.16666666666666657,0.16666666666666657,0.16666666666666657,0.16666666666666657,0.16666666666666657
182,182.0,183.14656946865804,0.16666666666666657,0.16666666666666657,0.16666666666666657,0.16666666666666657,0.16666666666666657,0.16666666666666657
183,183.0,184.14853364089257,0.16666666666666657,0.16666666666666657,0.16666666666666657,0.16666666666666657,0.16666666666666657,0.16666666666666657
184,184.0,185.14981605949473,0.16666666666666657,0.16666666666666657,0.16666666666666657,0.16666666666666657,0.16666666666666657,0.16666666666666657
185,185.0,186.15047207564174,0.16666666666666657,0.16666666666666657,0.16666666666666657,0.16666666666666657,0.16666666666666657,0.16666666666666657
186,186.0,187.15055776941765,0.16666666666666657,0.16666666666666657,0.16666666666666657,0.16666666666666657,0.16666666666666657,0.16666666666666657
187,187.0,188.1501293161218,0.16666666666666657,0.16666666666666657,0.16666666666666657,0.16666666666666657,0.16666666666666657,0.16666666666666657
188,188.0,189.1492424149943,0.16666666666666657,0.16666666666666657,0.16666666666666657,0.16666666666666657,0.16666666666666657,0.16666666666666657
189,189.0,190.14795177982958,0.16666666666666657,0.16666666666666657,0.16666666666666657,0.16666666666666657,0.16666666666666657,0.16666666666666657
190,190.0,191.14631069038307,0.16666666666666657,0.16666666666666657,0.16666666666666657,0.16666666666666657,0.16666666666666657,0.16666666666666657
191,191.0,192.14437060297738,0.16666666666666657,0.16666666666666657,0.16666666666666657,0.16666666666666657,0.16666666666666657,0.16666666666666657
192,192.0,193.14218081828247,0.16666666666666657,0.16666666666666657,0.16666666666666657,0.16666666666666657,0.16666666666666657,0.16666666666666657
193,193.0,194.13978820387422,0.16666666666666657,0.16666666666666657,0.16666666666666657,0.16666666666666657,0.16666666666666657,0.16666666666666657
194,194.0,195.13723696886805,0.16666666666666657,0.16666666666666657,0.16666666666666657,0.16666666666666657,0.16666666666666657,0.16666666666666657
195,195.0,196.13456848767385,0.16666666666666657,0.16666666666666657,0.16666666666666657,0.16666666666666657,0.16666666666666657,0.16666666666666657
196,196.0,197.13182116972231,0.16666666666666657,0.16666666666666657,0.16666666666666657,0.16666666666666657,0.16666666666666657,0.16666666666666657
197,197.0,198.1290303718687,0.16666666666666657,0.16666666666666657,0.16666666666666657,0.16666666666666657,0.16666666666666657,0.16666666666666657
198,198.0,199.12622835008176,0.16642857142857134,0.16642857142857134,0.16642857142857134,0.16642857142857134,0.16642857142857134,0.16785714285714276
199,199.0,200.1234442469727,0.16595476190476183,0.16738333333333327,0.16595476190476183,0.16595476190476183,0.16595476190476183,0.16879761904761897
200,200.0,201.1207041117048,0.1650711666666666,0.16898545238095233,0.1650711666666666,0.1650711666666666,0.16649973809523802,0.16930130952380945
201,201.0,202.11803094884667,0.1642026002380952,0.17056488595238092,0.1642026002380952,0.1642026002380952,0.1670454573809523,0.16978185595238088
202,202.0,203.1154447927859,0.1643284676246031,0.17169144159285712,0.163217356513492,0.163217356513492,0.16744749937063486,0.17009787838492058
203,203.0,204.11296280440334,0.16525084454859518,0.1724408082057381,0.1621508445485952,0.1621508445485952,0.1677301002628809,0.17027655788559518
204,204.0,205.11059938681498,0.16618085628708304,0.17314321102765454,0.1611218562870831,0.1611218562870831,0.1680023781585116,0.17042984195258448
205,205.0,206.10836631711732,0.16710843924123225,0.17379632240948376,0.1601369292412323,0.1601369292412323,0.16826264257823223,0.1705587372885871
206,206.0,207.10627289121825,0.16589757633295105,0.17560488958776535,0.1605030938615225,0.15907452243295106,0.16838250809845245,0.17053740968635753
207,207.0,208.1043260789969,0.1643393001426446,0.1766670273428173,0.16298951584307322,0.15771808727164463,0.16813989531899948,0.1701461740808207
208,208.0,209.10253068720772,0.1627073113837952,0.17729740659006143,0.16621514938578708,0.15633396756760523,0.1677968548210117,0.1696493102517393
209,209.0,210.10088952772537,0.16110711938266378,0.17786017211507882,0.1694192715435751,0.15502059115396472,0.16744867796314072,0.16914416784157676
210,210.0,211.09940358891402,0.15937297495491845,0.1781778862062705,0.17489342080478062,0.15360544603724818,0.16549221729281077,0.16845805470397143
211,211.0,212.09807220809466,0.15751775764464088,0.17825401972325003,0.17990942439502125,0.1520950033960732,0.1633757229408281,0.1688480719001865
212,212.0,213.0968932432763,0.15573284119890135,0.1782726836739831,0.18478436541691962,0.15067461169501173,0.16129707750459216,0.16923842051059204
213,213.0,214.095863242507,0.1538901558068146,0.17810054948669812,0.19017804516153544,0.1492105808681741,0.16056296508657314,0.16805770359020464
214,214.0,215.09497760938956,0.15213890521693618,0.17788341831706972,0.1953596529591508,0.1478469151364063,0.15988555922341524,0.16688554914702175
215,215.0,216.09423076348997,0.15030888702637266,0.17744938974645713,0.2001200084979182,0.14765864321894764,0.1589088204611211,0.16555425104918334
216,216.0,217.10361629454545,0.14858699246281243,0.1769852080863792,0.204614347734049,0.14756582273925606,0.15799387804865583,0.1642537509288476
217,217.0,218.11302710954993,0.1471581995377622,0.17667710189095465,0.20918147176258842,0.14773840818692316,0.15732227320373263,0.16192254541803908
218,218.0,219.12236657195848,0.1456682003023358,0.17617325896138666,0.2130898594354388,0.14780884740045072,0.15778710250376082,0.1594727313966274
219,219.0,220.13154842240658,0.14429872966563934,0.17565900568609955,0.21668772908286907,0.14794736489683172,0.15830578852695928,0.1571013821416013
220,220.0,221.1404966035858,0.14291254058527791,0.17500163674352923,0.22094237603316919,0.1478679898950392,0.15858998096300117,0.1546854757799836
221,221.0,222.14914500061124,0.14140016679642164,0.1740970373898297,0.22537057608654915,0.1485933053949084,0.15841028724624176,0.15212862708604957
222,222.0,223.15743710792802,0.13992344141689947,0.1731130675687418,0.2291879646594399,0.14917877100945634,0.1580830747473106,0.1505136805981521
223,223.0,224.16532563343384,0.13965042111642748,0.17239102494873618,0.23084832924504173,0.14996209860065113,0.15795594899899568,0.14919217709014798
224,224.0,225.17277205005476,0.139836842213482,0.16930804113200854,0.23320661275207163,0.15110722713647465,0.15820173102527701,0.1483395457406864
225,225.0,226.17974610451301,0.13998918928663276,0.16613987846023673,0.2359434303523064,0.15212081816639866,0.1591682984910584,0.14663838524336723
226,226.0,227.18622529248032,0.1401232351564275,0.16394062533453185,0.23792411601597874,0.15301977841960285,0.1600377960666209,0.1449544490068384
227,227.0,228.19219430872607,0.14012035526538966,0.1623586933548542,0.23904853202416412,0.15368746715211284,0.16153710989110492,0.14324784231237447
228,228.0,229.19764448026,0.140005826100068,0.1621634044916326,0.23942354536481358,0.15415188974022812,0.16270862817173642,0.14154670613152145
229,229.0,230.20257318983795,0.1398949382325245,0.1618681472219536,0.24005424560517363,0.15453170892548732,0.1637299254366045,0.1399210345782566
230,230.0,231.2069832965597,0.13979118366440396,0.1614941127174015,0.2394582076023202,0.15483433410907074,0.16603987674870274,0.138382285158101
231,231.0,232.2108825596437,0.13974433716089588,0.16120127069486073,0.23865417545071305,0.15511390898876068,0.168299704003374,0.13698660370139581
232,232.0,233.21428307082286,0.13974917638057407,0.16098443032635557,0.23838527460102932,0.15465565713186386,0.1704918213338142,0.13573364022636306
233,233.0,234.21720070017585,0.13980048435892317,0.16083815985016753,0.23795782378871633,0.15418080087346503,0.17260107855914208,0.13462165256958583
234,234.0,235.21965455959182,0.13984548209267353,0.16061400783896965,0.23777290489911257,0.1536481301686794,0.17309085959380607,0.1350286154067587
235,235.0,236.2216664874703,0.13970696967656657,0.16014700396637488,0.23887001869074792,0.15289137221681254,0.17322773805604974,0.1351568973934483
236,236.0,237.2232605576862,0.13956613282958102,0.15962902362531609,0.2401398226903552,0.15210195290192316,0.17320782029244225,0.13535524766038226
237,237.0,238.23446261530364,0.13960921575008386,0.15951592931825292,0.2421696785868228,0.15128083074546647,0.17306987153050296,0.13435447406887088
238,238.0,239.24519984100633,0.139350945415671,0.15929592895653974,0.245323271172371,0.1502240192877958,0.17261170639231652,0.13319412877530584
239,239.0,240.25541134572865,0.139088438038694,0.15906122517710006,0.24855701128343893,0.14916187193894329,0.17203346479366144,0.13209798876816217
240,240.0,241.26504758652146,0.1379915810624697,0.158815979356749,0.25266267610932935,0.14810571576013964,0.17135328079381912,0.13107076691749317
241,241.0,242.2740697273698,0.13679220491726984,0.15847744084783966,0.2561611393373185,0.14695294009675278,0.17050189316296518,0.131114381637854
242,242.0,243.2824489568596,0.13546234160623033,0.15834211872626924,0.2570870771156994,0.14644375174789204,0.16945472246529567,0.13320998833861328
243,243.0,244.29016577383183,0.13409512169582874,0.15815722050385345,0.25754520878021736,0.14589335939006892,0.16921769284034296,0.13509139678968857
244,244.0,245.2972092513685,0.1327140136511659,0.15876894671229486,0.25759591544379523,0.14531744795381848,0.1688242816892061,0.13677939454971935
245,245.0,246.30357628863783,0.13102541505731227,0.16046128676619248,0.25696810497856376,0.14441552615254366,0.16916455189650553,0.1379651151488822
246,246.0,247.30927085929386,0.12944548643549306,0.16225054660727875,0.2559662747876869,0.14359773972112724,0.16955949787077404,0.1391804545776399
247,247.0,248.31430326429134,0.12866316174556675,0.16481194032174895,0.2544475778106338,0.14254785465774128,0.16954627734583103,0.13998318811847799
248,248.0,249.31868939614617,0.12796721812695763,0.16733906915654856,0.25283960198150696,0.14156029396193093,0.16952655346256137,0.1407672633104944
249,249.0,250.32245002085406,0.1283267371426382,0.169722369013051,0.2508749572829862,0.14060946103781485,0.1689690100529404,0.14149746547056927
250,250.0,251.3256100828826,0.12859368845013378,0.17153572312385426,0.2489700681601073,0.14067341365968697,0.1681941156148105,0.14203299099140704
251,251.0,252.32819803787947,0.12920112129549202,0.1738196007095548,0.24566096116290914,0.1410764957350339,0.1654432798428559,0.1447985412541542
252,252.0,253.33024521699787,0.12985891319647308,0.17600411064680582,0.2423711491487956,0.14153076349775462,0.16272731951389285,0.14750774399627803
253,253.0,254.33178522603444,0.13058176611797853,0.1781562919695009,0.23942107442380983,0.14205287149095827,0.1596225382658592,0.1501654577318933
254,254.0,255.332853381907,0.13233226121821456,0.18018680309428964,0.2355457376904995,0.1426071304011382,0.15660149758208974,0.15272657001376838
255,255.0,256.33348618837323,0.13409012932830577,0.18208750592971487,0.23177641851703015,0.14318478254749498,0.15368603381299573,0.15517512986445856
256,256.0,257.3337208523091,0.13583705446616573,0.18385237427635864,0.22814020833915238,0.14377771208494736,0.15089474390480054,0.1574979069285754
257,257.0,258.3335948413283,0.1377247903326097,0.18764839553121163,0.2240095735637642,0.144546590633982,0.14844049179154892,0.15763015814688366
258,258.0,259.3331454830323,0.13953982294055933,0.1916899035476295,0.21979763141942313,0.14528557895239477,0.1460780051037679,0.15760905803622552
259,259.0,260.3324096057356,0.14129758807925819,0.19554351351666,0.21579147416973105,0.14601659196953745,0.1438743637447356,0.15747646852007788
260,260.0,261.3314232201112,0.14316480627281583,0.19686805057192305,0.2121891563262914,0.14834025994250843,0.1420142910237389,0.15742343586272262
261,261.0,262.3302212408482,0.1449511457480965,0.19799246234852844,0.20882560284119903,0.15062765212456664,0.14032131651846988,0.15728182041913974
262,262.0,263.3288372471029,0.1466468309821751,0.19945183304604958,0.20518425702399645,0.15285952217298276,0.13879566015240852,0.15706189662238787
263,263.0,264.32730328026116,0.14824397054683103,0.20072438885489335,0.20180299577659305,0.15501910360063684,0.13743584667529463,0.1567736945457514
264,264.0,265.325649677301,0.14973644761336002,0.20181608570583906,0.19868962325448292,0.15709202945532852,0.13623888993300462,0.15642692403798517
265,265.0,266.32390493786386,0.15114904342699137,0.20290953112265828,0.19552684688345728,0.15909547580188899,0.13525895335164273,0.15606014941336166
266,266.0,267.32209562299175,0.15266516263853858,0.20390538050047782,0.1927662674918565,0.16091178096426711,0.13447106238550496,0.15528034601935534
267,267.0,268.32024628337695,0.15403731253540634,0.2048579622523315,0.19026095520670355,0.16258848528551703,0.13380271221998963,0.15445257250005226
268,268.0,269.3183794148898,0.155291104611475,0.2056565786020697,0.18802961802588297,0.16414388155078458,0.13327165017950296,0.1536071670302851
269,269.0,270.31651543910255,0.15642583672806376,0.2063086399264066,0.1860671718107697,0.16557454660301535,0.13286945807194694,0.1527543468597979
270,270.0,271.31467270650296,0.15744206755995477,0.206822281114639,0.18436635192694414,0.16687864691299067,0.1325872708251041,0.1519033816603676
