,Unnamed: 0,Total_iterations,Intertwine_two,Invert_path_vertices,Insert_inside_vertex,Delete_inside_vertex,MSC_add_terminal,MSC_del_terminal
0,0.0,0.0,0.16666666666666669,0.16666666666666669,0.16666666666666669,0.16666666666666669,0.16666666666666669,0.16666666666666669
1,1.0,1.0,0.16666666666666669,0.16666666666666669,0.16666666666666669,0.16666666666666669,0.16666666666666669,0.16666666666666669
2,2.0,2.0,0.16666666666666669,0.16666666666666669,0.16666666666666669,0.16666666666666669,0.16666666666666669,0.16666666666666669
3,3.0,3.0,0.16666666666666669,0.16666666666666669,0.16666666666666669,0.16666666666666669,0.16666666666666669,0.16666666666666669
4,4.0,4.0,0.16666666666666669,0.16666666666666669,0.16666666666666669,0.16666666666666669,0.16666666666666669,0.16666666666666669
5,5.0,5.0,0.16666666666666669,0.16666666666666669,0.16666666666666669,0.16666666666666669,0.16666666666666669,0.16666666666666669
6,6.0,6.0,0.16666666666666669,0.16666666666666669,0.16666666666666669,0.16666666666666669,0.16666666666666669,0.16666666666666669
7,7.0,7.0,0.16666666666666669,0.16666666666666669,0.16666666666666669,0.16666666666666669,0.16666666666666669,0.16666666666666669
8,8.0,8.0,0.16666666666666669,0.16666666666666669,0.16666666666666669,0.16666666666666669,0.16666666666666669,0.16666666666666669
9,9.0,9.0,0.16666666666666669,0.16666666666666669,0.16666666666666669,0.16666666666666669,0.16666666666666669,0.16666666666666669
10,10.0,10.0,0.16666666666666669,0.16666666666666669,0.16666666666666669,0.16666666666666669,0.16666666666666669,0.16666666666666669
11,11.0,11.0,0.16666666666666669,0.16666666666666669,0.16666666666666669,0.16666666666666669,0.16666666666666669,0.16666666666666669
12,12.0,12.0,0.16666666666666669,0.16666666666666669,0.16666666666666669,0.16666666666666669,0.16666666666666669,0.16666666666666669
13,13.0,13.0,0.16666666666666669,0.16666666666666669,0.16666666666666669,0.16666666666666669,0.16666666666666669,0.16666666666666669
14,14.0,14.0,0.16666666666666669,0.16666666666666669,0.16666666666666669,0.16666666666666669,0.16666666666666669,0.16666666666666669
15,15.0,15.0,0.16666666666666669,0.16666666666666669,0.16666666666666669,0.16666666666666669,0.16666666666666669,0.16666666666666669
16,16.0,16.0,0.16666666666666669,0.16666666666666669,0.16666666666666669,0.16666666666666669,0.16666666666666669,0.16666666666666669
17,17.0,17.0,0.16666666666666669,0.16666666666666669,0.16666666666666669,0.16666666666666669,0.16666666666666669,0.16666666666666669
18,18.0,18.0,0.16666666666666669,0.16666666666666669,0.16666666666666669,0.16666666666666669,0.16666666666666669,0.16666666666666669
19,19.0,19.0,0.16666666666666669,0.16666666666666669,0.16666666666666669,0.16666666666666669,0.16666666666666669,0.16666666666666669
20,20.0,20.0,0.16666666666666669,0.16666666666666669,0.16666666666666669,0.16666666666666669,0.16666666666666669,0.16666666666666669
21,21.0,21.0,0.16666666666666669,0.16666666666666669,0.16666666666666669,0.16666666666666669,0.16666666666666669,0.16666666666666669
22,22.0,22.0,0.16666666666666669,0.16666666666666669,0.16666666666666669,0.16666666666666669,0.16666666666666669,0.16666666666666669
23,23.0,23.0,0.16666666666666669,0.16666666666666669,0.16666666666666669,0.16666666666666669,0.16666666666666669,0.16666666666666669
24,24.0,24.0,0.16666666666666669,0.16666666666666669,0.16666666666666669,0.16666666666666669,0.16666666666666669,0.16666666666666669
25,25.0,25.0,0.16666666666666669,0.16666666666666669,0.16666666666666669,0.16666666666666669,0.16666666666666669,0.16666666666666669
26,26.0,26.0,0.16666666666666669,0.16666666666666669,0.16666666666666669,0.16666666666666669,0.16666666666666669,0.16666666666666669
27,27.0,27.0,0.16666666666666669,0.16666666666666669,0.16666666666666669,0.16666666666666669,0.16666666666666669,0.16666666666666669
28,28.0,28.0,0.16666666666666669,0.16666666666666669,0.16666666666666669,0.16666666666666669,0.16666666666666669,0.16666666666666669
29,29.0,29.0,0.16666666666666669,0.16666666666666669,0.16666666666666669,0.16666666666666669,0.16666666666666669,0.16666666666666669
30,30.0,30.0,0.16666666666666669,0.16666666666666669,0.16666666666666669,0.16666666666666669,0.16666666666666669,0.16666666666666669
31,31.0,31.0,0.16666666666666669,0.16666666666666669,0.16666666666666669,0.16666666666666669,0.16666666666666669,0.16666666666666669
32,32.0,32.0,0.16666666666666669,0.16666666666666669,0.16666666666666669,0.16666666666666669,0.16666666666666669,0.16666666666666669
33,33.0,33.0,0.16666666666666669,0.16666666666666669,0.16666666666666669,0.16666666666666669,0.16666666666666669,0.16666666666666669
34,34.0,34.0,0.16666666666666669,0.16666666666666669,0.16666666666666669,0.16666666666666669,0.16666666666666669,0.16666666666666669
35,35.0,35.0,0.16666666666666669,0.16666666666666669,0.16666666666666669,0.16666666666666669,0.16666666666666669,0.16666666666666669
36,36.0,36.0,0.16666666666666669,0.16666666666666669,0.16666666666666669,0.16666666666666669,0.16666666666666669,0.16666666666666669
37,37.0,37.0,0.16666666666666669,0.16666666666666669,0.16666666666666669,0.16666666666666669,0.16666666666666669,0.16666666666666669
38,38.0,38.0,0.16666666666666669,0.16666666666666669,0.16666666666666669,0.16666666666666669,0.16666666666666669,0.16666666666666669
39,39.0,39.0,0.16666666666666669,0.16666666666666669,0.16666666666666669,0.16666666666666669,0.16666666666666669,0.16666666666666669
40,40.0,40.0,0.16666666666666669,0.16666666666666669,0.16666666666666669,0.16666666666666669,0.16666666666666669,0.16666666666666669
41,41.0,41.0,0.16666666666666669,0.16666666666666669,0.16666666666666669,0.16666666666666669,0.16666666666666669,0.16666666666666669
42,42.0,42.0,0.16666666666666669,0.16666666666666669,0.16666666666666669,0.16666666666666669,0.16666666666666669,0.16666666666666669
43,43.0,43.0,0.16666666666666669,0.16666666666666669,0.16666666666666669,0.16666666666666669,0.16666666666666669,0.16666666666666669
44,44.0,44.0,0.16666666666666669,0.16666666666666669,0.16666666666666669,0.16666666666666669,0.16666666666666669,0.16666666666666669
45,45.0,45.0,0.16666666666666669,0.16666666666666669,0.16666666666666669,0.16666666666666669,0.16666666666666669,0.16666666666666669
46,46.0,46.0,0.16666666666666669,0.16666666666666669,0.16666666666666669,0.16666666666666669,0.16666666666666669,0.16666666666666669
47,47.0,47.0,0.16666666666666669,0.16666666666666669,0.16666666666666669,0.16666666666666669,0.16666666666666669,0.16666666666666669
48,48.0,48.0,0.16666666666666669,0.16666666666666669,0.16666666666666669,0.16666666666666669,0.16666666666666669,0.16666666666666669
49,49.0,49.0,0.16666666666666669,0.16666666666666669,0.16666666666666669,0.16666666666666669,0.16666666666666669,0.16666666666666669
50,50.0,50.0,0.16666666666666669,0.16666666666666669,0.16666666666666669,0.16666666666666669,0.16666666666666669,0.16666666666666669
51,51.0,51.0,0.16666666666666669,0.16666666666666669,0.16666666666666669,0.16666666666666669,0.16666666666666669,0.16666666666666669
52,52.0,52.0,0.16666666666666669,0.16666666666666669,0.16666666666666669,0.16666666666666669,0.16666666666666669,0.16666666666666669
53,53.0,53.0,0.16666666666666669,0.16666666666666669,0.16666666666666669,0.16666666666666669,0.16666666666666669,0.16666666666666669
54,54.0,54.0,0.16666666666666669,0.16666666666666669,0.16666666666666669,0.16666666666666669,0.16666666666666669,0.16666666666666669
55,55.0,55.0,0.16666666666666669,0.16666666666666669,0.16666666666666669,0.16666666666666669,0.16666666666666669,0.16666666666666669
56,56.0,56.0,0.16666666666666669,0.16666666666666669,0.16666666666666669,0.16666666666666669,0.16666666666666669,0.16666666666666669
57,57.0,57.0,0.16666666666666669,0.16666666666666669,0.16666666666666669,0.16666666666666669,0.16666666666666669,0.16666666666666669
58,58.0,58.0,0.16666666666666669,0.16666666666666669,0.16666666666666669,0.16666666666666669,0.16666666666666669,0.16666666666666669
59,59.0,59.0,0.16666666666666669,0.16666666666666669,0.16666666666666669,0.16666666666666669,0.16666666666666669,0.16666666666666669
60,60.0,60.0,0.16666666666666669,0.16666666666666669,0.16666666666666669,0.16666666666666669,0.16666666666666669,0.16666666666666669
61,61.0,61.0,0.16666666666666669,0.16666666666666669,0.16666666666666669,0.16666666666666669,0.16666666666666669,0.16666666666666669
62,62.0,62.0,0.16666666666666669,0.16666666666666669,0.16666666666666669,0.16666666666666669,0.16666666666666669,0.16666666666666669
63,63.0,63.0,0.16666666666666669,0.16666666666666669,0.16666666666666669,0.16666666666666669,0.16666666666666669,0.16666666666666669
64,64.0,64.0,0.16666666666666669,0.16666666666666669,0.16666666666666669,0.16666666666666669,0.16666666666666669,0.16666666666666669
65,65.0,65.0,0.16666666666666669,0.16666666666666669,0.16666666666666669,0.16666666666666669,0.16666666666666669,0.16666666666666669
66,66.0,66.0,0.16666666666666669,0.16666666666666669,0.16666666666666669,0.16666666666666669,0.16666666666666669,0.16666666666666669
67,67.0,67.0,0.16666666666666669,0.16666666666666669,0.16666666666666669,0.16666666666666669,0.16666666666666669,0.16666666666666669
68,68.0,68.0,0.16666666666666669,0.16666666666666669,0.16666666666666669,0.16666666666666669,0.16666666666666669,0.16666666666666669
69,69.0,69.0,0.16666666666666669,0.16666666666666669,0.16666666666666669,0.16666666666666669,0.16666666666666669,0.16666666666666669
70,70.0,70.0,0.16666666666666669,0.16666666666666669,0.16666666666666669,0.16666666666666669,0.16666666666666669,0.16666666666666669
71,71.0,71.0,0.16666666666666669,0.16666666666666669,0.16666666666666669,0.16666666666666669,0.16666666666666669,0.16666666666666669
72,72.0,72.0,0.16666666666666669,0.16666666666666669,0.16666666666666669,0.16666666666666669,0.16666666666666669,0.16666666666666669
73,73.0,73.0,0.16666666666666669,0.16666666666666669,0.16666666666666669,0.16666666666666669,0.16666666666666669,0.16666666666666669
74,74.0,74.0,0.16666666666666669,0.16666666666666669,0.16666666666666669,0.16666666666666669,0.16666666666666669,0.16666666666666669
75,75.0,75.0,0.16666666666666669,0.16666666666666669,0.16666666666666669,0.16666666666666669,0.16666666666666669,0.16666666666666669
76,76.0,76.0,0.16666666666666669,0.16666666666666669,0.16666666666666669,0.16666666666666669,0.16666666666666669,0.16666666666666669
77,77.0,77.0,0.16666666666666669,0.16666666666666669,0.16666666666666669,0.16666666666666669,0.16666666666666669,0.16666666666666669
78,78.0,78.0,0.16666666666666669,0.16666666666666669,0.16666666666666669,0.16666666666666669,0.16666666666666669,0.16666666666666669
79,79.0,79.0,0.16666666666666669,0.16666666666666669,0.16666666666666669,0.16666666666666669,0.16666666666666669,0.16666666666666669
80,80.0,80.0,0.16666666666666669,0.16666666666666669,0.16666666666666669,0.16666666666666669,0.16666666666666669,0.16666666666666669
81,81.0,81.0,0.16666666666666669,0.16666666666666669,0.16666666666666669,0.16666666666666669,0.16666666666666669,0.16666666666666669
82,82.0,82.0,0.16666666666666669,0.16666666666666669,0.16666666666666669,0.16666666666666669,0.16666666666666669,0.16666666666666669
83,83.0,83.0,0.16666666666666669,0.16666666666666669,0.16666666666666669,0.16666666666666669,0.16666666666666669,0.16666666666666669
84,84.0,84.0,0.16666666666666669,0.16666666666666669,0.16666666666666669,0.16666666666666669,0.16666666666666669,0.16666666666666669
85,85.0,85.0,0.16666666666666669,0.16666666666666669,0.16666666666666669,0.16666666666666669,0.16666666666666669,0.16666666666666669
86,86.0,86.0,0.16666666666666669,0.16666666666666669,0.16666666666666669,0.16666666666666669,0.16666666666666669,0.16666666666666669
87,87.0,87.0,0.16666666666666669,0.16666666666666669,0.16666666666666669,0.16666666666666669,0.16666666666666669,0.16666666666666669
88,88.0,88.0,0.16666666666666669,0.16666666666666669,0.16666666666666669,0.16666666666666669,0.16666666666666669,0.16666666666666669
89,89.0,89.0,0.16666666666666669,0.16666666666666669,0.16666666666666669,0.16666666666666669,0.16666666666666669,0.16666666666666669
90,90.0,90.0,0.16666666666666669,0.16666666666666669,0.16666666666666669,0.16666666666666669,0.16666666666666669,0.16666666666666669
91,91.0,91.1,0.16666666666666669,0.16666666666666669,0.16666666666666669,0.16666666666666669,0.16666666666666669,0.16666666666666669
92,92.0,92.1,0.16666666666666669,0.16666666666666669,0.16666666666666669,0.16666666666666669,0.16666666666666669,0.16666666666666669
93,93.0,93.1,0.16666666666666669,0.16666666666666669,0.16666666666666669,0.16666666666666669,0.16666666666666669,0.16666666666666669
94,94.0,94.1,0.16666666666666669,0.16666666666666669,0.16666666666666669,0.16666666666666669,0.16666666666666669,0.16666666666666669
95,95.0,95.1,0.16666666666666669,0.16666666666666669,0.16666666666666669,0.16666666666666669,0.16666666666666669,0.16666666666666669
96,96.0,96.1,0.16666666666666669,0.16666666666666669,0.16666666666666669,0.16666666666666669,0.16666666666666669,0.16666666666666669
97,97.0,97.1,0.16666666666666669,0.16666666666666669,0.16666666666666669,0.16666666666666669,0.16666666666666669,0.16666666666666669
98,98.0,98.1,0.16666666666666669,0.16666666666666669,0.16666666666666669,0.16666666666666669,0.16666666666666669,0.16666666666666669
99,99.0,99.1,0.16666666666666669,0.16666666666666669,0.16666666666666669,0.16666666666666669,0.16666666666666669,0.16666666666666669
100,100.0,100.2,0.16666666666666669,0.16666666666666669,0.16666666666666669,0.16666666666666669,0.16666666666666669,0.16666666666666669
101,101.0,101.2,0.16666666666666669,0.16666666666666669,0.16666666666666669,0.16666666666666669,0.16666666666666669,0.16666666666666669
102,102.0,102.2,0.16666666666666669,0.16666666666666669,0.16666666666666669,0.16666666666666669,0.16666666666666669,0.16666666666666669
103,103.0,103.2,0.16666666666666669,0.16666666666666669,0.16666666666666669,0.16666666666666669,0.16666666666666669,0.16666666666666669
104,104.0,104.2,0.16666666666666669,0.16666666666666669,0.16666666666666669,0.16666666666666669,0.16666666666666669,0.16666666666666669
105,105.0,105.2,0.16666666666666669,0.16666666666666669,0.16666666666666669,0.16666666666666669,0.16666666666666669,0.16666666666666669
106,106.0,106.2,0.16666666666666669,0.16666666666666669,0.16666666666666669,0.16666666666666669,0.16666666666666669,0.16666666666666669
107,107.0,107.2,0.16666666666666669,0.16666666666666669,0.16666666666666669,0.16666666666666669,0.16666666666666669,0.16666666666666669
108,108.0,108.2,0.16666666666666669,0.16666666666666669,0.16666666666666669,0.16666666666666669,0.16666666666666669,0.16666666666666669
109,109.0,109.2,0.16666666666666669,0.16666666666666669,0.16666666666666669,0.16666666666666669,0.16666666666666669,0.16666666666666669
110,110.0,110.2,0.16666666666666669,0.16666666666666669,0.16666666666666669,0.16666666666666669,0.16666666666666669,0.16666666666666669
111,111.0,111.2,0.16666666666666669,0.16666666666666669,0.16666666666666669,0.16666666666666669,0.16666666666666669,0.16666666666666669
112,112.0,112.2,0.16666666666666669,0.16666666666666669,0.16666666666666669,0.16666666666666669,0.16666666666666669,0.16666666666666669
113,113.0,113.2,0.16666666666666669,0.16666666666666669,0.16666666666666669,0.16666666666666669,0.16666666666666669,0.16666666666666669
114,114.0,114.2,0.16666666666666669,0.16666666666666669,0.16666666666666669,0.16666666666666669,0.16666666666666669,0.16666666666666669
115,115.0,115.2,0.16666666666666669,0.16666666666666669,0.16666666666666669,0.16666666666666669,0.16666666666666669,0.16666666666666669
116,116.0,116.2,0.16666666666666669,0.16666666666666669,0.16666666666666669,0.16666666666666669,0.16666666666666669,0.16666666666666669
117,117.0,117.2,0.16666666666666669,0.16666666666666669,0.16666666666666669,0.16666666666666669,0.16666666666666669,0.16666666666666669
118,118.0,118.2,0.16666666666666669,0.16666666666666669,0.16666666666666669,0.16666666666666669,0.16666666666666669,0.16666666666666669
119,119.0,119.2,0.16666666666666669,0.16666666666666669,0.16666666666666669,0.16666666666666669,0.16666666666666669,0.16666666666666669
120,120.0,120.2,0.16666666666666669,0.16666666666666669,0.16666666666666669,0.16666666666666669,0.16666666666666669,0.16666666666666669
121,121.0,121.2,0.16666666666666669,0.16666666666666669,0.16666666666666669,0.16666666666666669,0.16666666666666669,0.16666666666666669
122,122.0,122.2,0.16666666666666669,0.16666666666666669,0.16666666666666669,0.16666666666666669,0.16666666666666669,0.16666666666666669
123,123.0,123.2,0.16666666666666669,0.16666666666666669,0.16666666666666669,0.16666666666666669,0.16666666666666669,0.16666666666666669
124,124.0,124.2,0.16666666666666669,0.16666666666666669,0.16666666666666669,0.16666666666666669,0.16666666666666669,0.16666666666666669
125,125.0,125.2,0.16666666666666669,0.16666666666666669,0.16666666666666669,0.16666666666666669,0.16666666666666669,0.16666666666666669
126,126.0,126.2,0.16666666666666669,0.16666666666666669,0.16666666666666669,0.16666666666666669,0.16666666666666669,0.16666666666666669
127,127.0,127.2,0.16666666666666669,0.16666666666666669,0.16666666666666669,0.16666666666666669,0.16666666666666669,0.16666666666666669
128,128.0,128.2,0.16666666666666669,0.16666666666666669,0.16666666666666669,0.16666666666666669,0.16666666666666669,0.16666666666666669
129,129.0,129.2,0.16666666666666669,0.16666666666666669,0.16666666666666669,0.16666666666666669,0.16666666666666669,0.16666666666666669
130,130.0,130.2,0.16666666666666669,0.16666666666666669,0.16666666666666669,0.16666666666666669,0.16666666666666669,0.16666666666666669
131,131.0,131.2,0.16666666666666669,0.16666666666666669,0.16666666666666669,0.16666666666666669,0.16666666666666669,0.16666666666666669
132,132.0,132.2,0.16666666666666669,0.16666666666666669,0.16666666666666669,0.16666666666666669,0.16666666666666669,0.16666666666666669
133,133.0,133.2,0.16666666666666669,0.16666666666666669,0.16666666666666669,0.16666666666666669,0.16666666666666669,0.16666666666666669
134,134.0,134.2,0.16666666666666669,0.16666666666666669,0.16666666666666669,0.16666666666666669,0.16666666666666669,0.16666666666666669
135,135.0,135.2,0.16666666666666669,0.16666666666666669,0.16666666666666669,0.16666666666666669,0.16666666666666669,0.16666666666666669
136,136.0,136.2,0.16666666666666669,0.16666666666666669,0.16666666666666669,0.16666666666666669,0.16666666666666669,0.16666666666666669
137,137.0,137.2,0.16666666666666669,0.16666666666666669,0.16666666666666669,0.16666666666666669,0.16666666666666669,0.16666666666666669
138,138.0,138.2,0.16666666666666669,0.16666666666666669,0.16666666666666669,0.16666666666666669,0.16666666666666669,0.16666666666666669
139,139.0,139.2,0.16666666666666669,0.16666666666666669,0.16666666666666669,0.16666666666666669,0.16666666666666669,0.16666666666666669
140,140.0,140.2,0.16666666666666669,0.16666666666666669,0.16666666666666669,0.16666666666666669,0.16666666666666669,0.16666666666666669
141,141.0,141.2,0.16666666666666669,0.16666666666666669,0.16666666666666669,0.16666666666666669,0.16666666666666669,0.16666666666666669
142,142.0,142.2,0.16666666666666669,0.16666666666666669,0.16666666666666669,0.16666666666666669,0.16666666666666669,0.16666666666666669
143,143.0,143.2,0.16666666666666669,0.16666666666666669,0.16666666666666669,0.16666666666666669,0.16666666666666669,0.16666666666666669
144,144.0,144.2,0.16666666666666669,0.16666666666666669,0.16666666666666669,0.16666666666666669,0.16666666666666669,0.16666666666666669
145,145.0,145.2,0.16666666666666669,0.16666666666666669,0.16666666666666669,0.16666666666666669,0.16666666666666669,0.16666666666666669
146,146.0,146.2,0.16666666666666669,0.16666666666666669,0.16666666666666669,0.16666666666666669,0.16666666666666669,0.16666666666666669
147,147.0,147.2,0.16666666666666669,0.16666666666666669,0.16666666666666669,0.16666666666666669,0.16666666666666669,0.16666666666666669
148,148.0,148.2,0.16666666666666669,0.16666666666666669,0.16666666666666669,0.16666666666666669,0.16666666666666669,0.16666666666666669
149,149.0,149.2,0.16666666666666669,0.16666666666666669,0.16666666666666669,0.16666666666666669,0.16666666666666669,0.16666666666666669
150,150.0,150.2,0.16666666666666669,0.16666666666666669,0.16666666666666669,0.16666666666666669,0.16666666666666669,0.16666666666666669
151,151.0,151.2,0.16666666666666669,0.16666666666666669,0.16666666666666669,0.16666666666666669,0.16666666666666669,0.16666666666666669
152,152.0,152.2,0.16666666666666669,0.16666666666666669,0.16666666666666669,0.16666666666666669,0.16666666666666669,0.16666666666666669
153,153.0,153.2,0.16666666666666669,0.16666666666666669,0.16666666666666669,0.16666666666666669,0.16666666666666669,0.16666666666666669
154,154.0,154.2,0.16666666666666669,0.16666666666666669,0.16666666666666669,0.16666666666666669,0.16666666666666669,0.16666666666666669
155,155.0,155.2,0.16666666666666669,0.16666666666666669,0.16666666666666669,0.16666666666666669,0.16666666666666669,0.16666666666666669
156,156.0,156.2,0.16666666666666669,0.16666666666666669,0.16666666666666669,0.16666666666666669,0.16666666666666669,0.16666666666666669
157,157.0,157.2,0.16666666666666669,0.16666666666666669,0.16666666666666669,0.16666666666666669,0.16666666666666669,0.16666666666666669
158,158.0,158.2,0.16666666666666669,0.16666666666666669,0.16666666666666669,0.16666666666666669,0.16666666666666669,0.16666666666666669
159,159.0,159.2,0.16666666666666669,0.16666666666666669,0.16666666666666669,0.16666666666666669,0.16666666666666669,0.16666666666666669
160,160.0,160.2,0.16666666666666669,0.16666666666666669,0.16666666666666669,0.16666666666666669,0.16666666666666669,0.16666666666666669
161,161.0,161.2,0.16666666666666669,0.16666666666666669,0.16666666666666669,0.16666666666666669,0.16666666666666669,0.16666666666666669
162,162.0,162.2,0.16666666666666669,0.16666666666666669,0.16666666666666669,0.16666666666666669,0.16666666666666669,0.16666666666666669
163,163.0,163.2,0.16666666666666669,0.16666666666666669,0.16666666666666669,0.16666666666666669,0.16666666666666669,0.16666666666666669
164,164.0,164.2,0.16666666666666669,0.16666666666666669,0.16666666666666669,0.16666666666666669,0.16666666666666669,0.16666666666666669
165,165.0,165.2,0.16666666666666669,0.16666666666666669,0.16666666666666669,0.16666666666666669,0.16666666666666669,0.16666666666666669
166,166.0,166.2,0.16666666666666669,0.16666666666666669,0.16666666666666669,0.16666666666666669,0.16666666666666669,0.16666666666666669
167,167.0,167.2,0.16666666666666669,0.16666666666666669,0.16666666666666669,0.16666666666666669,0.16666666666666669,0.16666666666666669
168,168.0,168.2,0.16666666666666669,0.16666666666666669,0.16666666666666669,0.16666666666666669,0.16666666666666669,0.16666666666666669
169,169.0,169.2,0.16666666666666669,0.16666666666666669,0.16666666666666669,0.16666666666666669,0.16666666666666669,0.16666666666666669
170,170.0,170.2,0.16666666666666669,0.16666666666666669,0.16666666666666669,0.16666666666666669,0.16666666666666669,0.16666666666666669
171,171.0,171.2,0.16666666666666669,0.16666666666666669,0.16666666666666669,0.16666666666666669,0.16666666666666669,0.16666666666666669
172,172.0,172.2,0.16666666666666669,0.16666666666666669,0.16666666666666669,0.16666666666666669,0.16666666666666669,0.16666666666666669
173,173.0,173.2,0.16666666666666669,0.16666666666666669,0.16666666666666669,0.16666666666666669,0.16666666666666669,0.16666666666666669
174,174.0,174.2,0.16666666666666669,0.16666666666666669,0.16666666666666669,0.16666666666666669,0.16666666666666669,0.16666666666666669
175,175.0,175.2,0.16666666666666669,0.16666666666666669,0.16666666666666669,0.16666666666666669,0.16666666666666669,0.16666666666666669
176,176.0,176.2,0.16666666666666669,0.16666666666666669,0.16666666666666669,0.16666666666666669,0.16666666666666669,0.16666666666666669
177,177.0,177.2,0.16666666666666669,0.16666666666666669,0.16666666666666669,0.16666666666666669,0.16666666666666669,0.16666666666666669
178,178.0,178.2,0.16666666666666669,0.16666666666666669,0.16666666666666669,0.16666666666666669,0.16666666666666669,0.16666666666666669
179,179.0,179.2,0.16666666666666669,0.16666666666666669,0.16666666666666669,0.16666666666666669,0.16666666666666669,0.16666666666666669
180,180.0,180.2,0.16666666666666669,0.16666666666666669,0.16666666666666669,0.16666666666666669,0.16666666666666669,0.16666666666666669
181,181.0,181.2,0.16666666666666669,0.16666666666666669,0.16666666666666669,0.16666666666666669,0.16666666666666669,0.16666666666666669
182,182.0,182.2,0.16666666666666669,0.16666666666666669,0.16666666666666669,0.16666666666666669,0.16666666666666669,0.16666666666666669
183,183.0,183.2,0.16666666666666669,0.16666666666666669,0.16666666666666669,0.16666666666666669,0.16666666666666669,0.16666666666666669
184,184.0,184.2,0.16666666666666669,0.16666666666666669,0.16666666666666669,0.16666666666666669,0.16666666666666669,0.16666666666666669
185,185.0,185.2,0.16666666666666669,0.16666666666666669,0.16666666666666669,0.16666666666666669,0.16666666666666669,0.16666666666666669
186,186.0,186.2,0.16666666666666669,0.16666666666666669,0.16666666666666669,0.16666666666666669,0.16666666666666669,0.16666666666666669
187,187.0,187.2,0.16666666666666669,0.16666666666666669,0.16666666666666669,0.16666666666666669,0.16666666666666669,0.16666666666666669
188,188.0,188.2,0.16666666666666669,0.16666666666666669,0.16666666666666669,0.16666666666666669,0.16666666666666669,0.16666666666666669
189,189.0,189.2,0.16666666666666669,0.16666666666666669,0.16666666666666669,0.16666666666666669,0.16666666666666669,0.16666666666666669
190,190.0,190.2,0.16666666666666669,0.16666666666666669,0.16666666666666669,0.16666666666666669,0.16666666666666669,0.16666666666666669
191,191.0,191.2,0.16666666666666669,0.16666666666666669,0.16666666666666669,0.16666666666666669,0.16666666666666669,0.16666666666666669
192,192.0,192.2,0.16666666666666669,0.16666666666666669,0.16666666666666669,0.16666666666666669,0.16666666666666669,0.16666666666666669
193,193.0,193.2,0.16666666666666669,0.16666666666666669,0.16666666666666669,0.16666666666666669,0.16666666666666669,0.16666666666666669
194,194.0,194.2,0.16666666666666669,0.16666666666666669,0.16666666666666669,0.16666666666666669,0.16666666666666669,0.16666666666666669
195,195.0,195.2,0.16666666666666669,0.16666666666666669,0.16666666666666669,0.16666666666666669,0.16666666666666669,0.16666666666666669
196,196.0,196.2,0.16666666666666669,0.16666666666666669,0.16666666666666669,0.16666666666666669,0.16666666666666669,0.16666666666666669
197,197.0,197.2,0.16666666666666669,0.16666666666666669,0.16666666666666669,0.16666666666666669,0.16666666666666669,0.16666666666666669
198,198.0,198.2,0.16666666666666669,0.16666666666666669,0.16666666666666669,0.16666666666666669,0.16666666666666669,0.16666666666666669
199,199.0,199.2,0.16650485436893206,0.16650485436893206,0.16650485436893206,0.16650485436893206,0.16747572815533981,0.16650485436893206
200,200.0,200.2,0.1546000924641701,0.1688858067498844,0.1546000924641701,0.1688858067498844,0.16985668053629216,0.1831715210355987
201,201.0,201.2,0.1468619972260749,0.1718619972260749,0.1468619972260749,0.1736477115117892,0.16211858529819695,0.1986477115117892
202,202.0,202.2,0.13713977500385266,0.16213977500385265,0.13713977500385266,0.17642548928956697,0.16489636307597472,0.2222588226229003
203,203.0,203.2,0.13203548085901026,0.170515873015873,0.133015873015873,0.18023809523809523,0.16078197945845005,0.22341269841269842
204,204.0,204.2,0.12986298491152862,0.16833385869793638,0.13992476778884547,0.18583385869793637,0.15956132055646619,0.21648320934728704
205,205.0,205.2,0.1271681797167234,0.15313905350313117,0.13722996259404024,0.18041178077585845,0.156866515361661,0.24518450804858571
206,206.0,206.2,0.13335504840359208,0.14682592218999985,0.13230572016979786,0.18293703330111097,0.15194227293741858,0.25263400299808064
207,207.0,207.2,0.13002171507025875,0.14349258885666655,0.13008349794757562,0.17960369996777764,0.14972005071519637,0.26707844744252507
208,208.0,208.2,0.12554230559084928,0.13901317937725705,0.12651317937725703,0.18459010245418012,0.13364973214487777,0.2906915010555787
209,209.0,209.2,0.12154047408901777,0.13425377211784978,0.12251134787542554,0.17727325263733035,0.13619551969066532,0.3082256335897112
210,210.0,210.2,0.11688790443644811,0.1164601768242545,0.11785877822285591,0.1986823990464767,0.12951303550818113,0.3205977059617836
211,211.0,211.2,0.11424901554755924,0.11382128793536561,0.11521988933396701,0.21215462126869894,0.12576303550818113,0.31879215040622805
212,212.0,212.2,0.11239389695272048,0.10943574399456753,0.1272928868517104,0.22672629657923773,0.12155695611577963,0.3025942195059842
213,213.0,213.2,0.10868686868686869,0.10525252525252526,0.1235858585858586,0.2385858585858586,0.11661616161616162,0.30727272727272725
214,214.0,214.2,0.10876354639512534,0.1043191019506809,0.12265243528401423,0.24564838670101827,0.11568273831431723,0.302933791354844
215,215.0,215.2,0.1063759573759574,0.10095171495171495,0.11864402264402266,0.23957808857808857,0.10997735597735599,0.3244728604728605
216,216.0,216.2,0.10450743563367323,0.0986962295130612,0.11625575332258502,0.23836655918339086,0.10886083800687762,0.3333131843404121
217,217.0,217.2,0.09303048121554236,0.09594253712701588,0.11339351751917273,0.23272575391023267,0.1062583424632056,0.35864936776483075
218,218.0,218.2,0.09177246140763146,0.10071085524701537,0.11072873203469416,0.22904308676209237,0.11040600178030227,0.35733886276826443
219,219.0,219.2,0.08990030292792148,0.09790527346546106,0.1088565735549842,0.23536515269514227,0.10835268388030243,0.35962001347618855
220,220.0,220.2,0.08791235511721825,0.09510471721057044,0.10061862574428096,0.24975027840534542,0.10619806940293255,0.36041595411965244
221,221.0,221.2,0.08548609999978665,0.09863084304551979,0.09691031934479807,0.24169592589511052,0.10746412197780864,0.36981268973697634
222,222.0,222.2,0.08350054470540783,0.10115105975691299,0.1009687200943753,0.23610339750846446,0.11172856668342981,0.36654771125140956
223,223.0,223.2,0.08175695733252986,0.10373770770262673,0.09922513272149731,0.23205183573934315,0.11956261099496102,0.36366575550904184
224,224.0,224.2,0.08578347806032262,0.10176435555983727,0.09798849555455323,0.22953058607497195,0.1178802641431768,0.36705282060713806
225,225.0,225.2,0.08431374812358083,0.09947436418518697,0.08963906636969116,0.22775674562530143,0.12116268080009973,0.37765339489613986
226,226.0,226.2,0.08361401027320778,0.09818983101317649,0.08893932851931809,0.22944559418347849,0.1226891982431326,0.37712203776768655
227,227.0,227.2,0.08211203573388179,0.09576959929243545,0.08767544921808736,0.2346611516876608,0.11301656131582674,0.3867652027521079
228,228.0,228.2,0.08112378339482301,0.09408870626073595,0.08690364709547879,0.23697961279644447,0.11122805412409373,0.3896761963284241
229,229.0,229.2,0.08043620104963195,0.0932034954570469,0.08641369320878575,0.2405863321640334,0.1104540093283098,0.3889062687921922
230,230.0,230.2,0.08002346492717716,0.0961708534755558,0.08600095708633097,0.23764018765778663,0.1096314433842605,0.390533093468889
231,231.0,231.2,0.07993943131373178,0.09608681986211043,0.0859169234728856,0.23472702239168014,0.11405721369238372,0.3892725892672083
232,232.0,232.2,0.07962197099627147,0.09576935954465009,0.08559946315542528,0.23762384778850554,0.11350165813682818,0.3878837003783195
233,233.0,233.2,0.07954689592119639,0.10045618923147978,0.0855243880803502,0.2318859670506248,0.11320135783652789,0.389385201879821
234,234.0,234.2,0.07964210583219578,0.09973538182646187,0.08561959799134959,0.2435854446711551,0.11276684616517407,0.37865062351366363
235,235.0,235.2,0.07893880912889906,0.098878238969319,0.08491630128805287,0.2403986314843419,0.10781039520872315,0.38905762392066395
236,236.0,236.2,0.07778667666097712,0.09958276835805892,0.08281178786774998,0.2478333604980183,0.10597964311481316,0.3860057635003825
237,237.0,237.2,0.07662363791173148,0.09761430738097725,0.080815415785171,0.259491746811577,0.10670763000659315,0.3787472621039501
238,238.0,238.2,0.07564112613307365,0.10280675025851142,0.07909760988886612,0.2657988753752979,0.10081201662365727,0.3758436217205937
239,239.0,239.2,0.07455922331225379,0.10598946262674964,0.0773621122968044,0.25764547867812987,0.0988104310417224,0.38563329204434
240,240.0,240.2,0.07475204151967271,0.10046324021602664,0.07714085182927508,0.2663813763076984,0.09750939221348039,0.3837530979138467
241,241.0,241.2,0.0744363754605856,0.09923775225369656,0.07624039044855055,0.2681558883453684,0.09972402918469632,0.3822055643071026
242,242.0,242.2,0.07393024485228779,0.10289339176382524,0.07520794405077906,0.27343768601106705,0.09866723355514526,0.37586349976689565
243,243.0,243.2,0.07311714355855523,0.10156844937001627,0.07413510249730623,0.2808295091191176,0.0924911029325146,0.3778586925224901
244,244.0,244.2,0.07210754246540349,0.09597616932347622,0.07289022942975211,0.27815346922526063,0.09415605905385942,0.3867165305022482
245,245.0,245.2,0.07174151802961162,0.0953849196624591,0.07522690769666292,0.27896705992257226,0.09342846797743114,0.385251126711263
246,246.0,246.2,0.0747670641100776,0.09395568371377236,0.07408236940109489,0.2777964188091394,0.09197869221415422,0.3874197717517615
247,247.0,247.2,0.07431225253437909,0.08997331983556692,0.07369235657440565,0.2806393226518065,0.09093114089239789,0.390451607511444
248,248.0,248.2,0.07382068513126747,0.08928944474014759,0.06891201322959453,0.2820500870498273,0.09006506294236191,0.39586270690680125
249,249.0,249.2,0.07318199837708358,0.08810551231611571,0.06814613397410034,0.28324167505373476,0.08907453991119457,0.3982501403677711
250,250.0,250.2,0.07258835978383837,0.08700432436166261,0.06743528358661736,0.2842457732372192,0.08814970353592547,0.40057655549473703
251,251.0,251.2,0.0721312762721527,0.08607343558547399,0.0668697893870949,0.28821460825978684,0.08719525127376619,0.3995156392217253
252,252.0,252.2,0.07157909911719271,0.08722737034111669,0.06621700493676017,0.28602415555725413,0.08617066696963012,0.4027817030780462
253,253.0,253.2,0.07106060627944458,0.08612736450806247,0.06560485847594663,0.28733138186122054,0.08814401935481965,0.40173176952050615
254,254.0,254.2,0.06706842680664828,0.08604346898852763,0.0657890432020033,0.2830222669262756,0.08823978230536948,0.4098370117711757
255,255.0,255.2,0.06632965152544082,0.0848897947738082,0.0649731055364954,0.28202423963393736,0.08699953650070752,0.4147836720296107
256,256.0,256.2,0.06580001241098891,0.08396779693137642,0.06429161329918832,0.2840526111580122,0.08623041534139184,0.4156575508590423
257,257.0,257.2,0.06538060246833098,0.08306917917656138,0.06372887989811478,0.28621911164139824,0.08558083350414153,0.4160213933114531
258,258.0,258.2,0.07699175776652736,0.08307226397383011,0.06091880761436928,0.28577222012982173,0.08268487945964906,0.4105600710558025
259,259.0,259.2,0.07671808507906158,0.08279859128636433,0.06072450000626858,0.2905141732699952,0.08217311153408804,0.4070715388242224
260,260.0,260.2,0.07467884668901674,0.07441395770011784,0.07297097590193803,0.2962843268022455,0.08178490729507734,0.39986698561160466
261,261.0,261.2,0.07378821192860019,0.07325037285057473,0.07206628965688178,0.2963414905057152,0.08053917717956545,0.40401445787866275
262,262.0,262.2,0.07329387019726276,0.0723419745875337,0.07144869862582444,0.29865103226198164,0.07996640407567898,0.4042980202517186
263,263.0,263.2,0.07287943723600315,0.0736157553733114,0.058496558273916276,0.2939177644977541,0.07935124304991426,0.4217392415691009
264,264.0,264.2,0.0724905669389526,0.07681225149181593,0.05521426064947612,0.2904027049878593,0.0760661089741563,0.42901410695773984
265,265.0,265.2,0.07201324791622624,0.07603375216790927,0.054808065382084034,0.30095918820121303,0.07903335543727633,0.4171523908952911
266,266.0,266.2,0.07156333127540863,0.07530141024466637,0.054425625124532286,0.3043897430367634,0.07820321654736936,0.41611667377126
267,267.0,267.2,0.07122666431144423,0.07464779276514173,0.054118120123692104,0.3065123159033495,0.07755917363575682,0.41593593326061573
268,268.0,268.2,0.07086459684176818,0.07407569745385886,0.053817028263772146,0.2993852511656838,0.08215372259784909,0.4197037036770679
269,269.0,269.2,0.07080049427766562,0.07388338976155118,0.05190107384781774,0.2992570460374787,0.08208962003374652,0.4220683760417403
270,270.0,270.2,0.0706347248789052,0.07335619521959413,0.05173530444905733,0.3001758484902991,0.08185651056764603,0.4222414163944982
271,271.0,271.2,0.0705185836986413,0.07296157235840951,0.051619163268793414,0.3016195453214861,0.08154742612992273,0.4217337092227469
272,272.0,272.2,0.07386236735777967,0.07600664412152879,0.05323530465150903,0.2990445953200408,0.08280268690665185,0.41504840164248985
273,273.0,273.2,0.07366852323007321,0.0755256035453124,0.053096831509406126,0.30006117957429024,0.08243760473998271,0.4152102574009353
274,274.0,274.2,0.07348308725752783,0.07506382141097376,0.05296424965948232,0.30366127985695857,0.08208801516859981,0.41273954664645773
275,275.0,275.2,0.07330551939020316,0.078191572232166,0.0528371868426627,0.3062517013899003,0.07818151145369523,0.4112325086913726
276,276.0,276.2,0.07316264756370507,0.07795619346764755,0.05274262419490856,0.31248720998871776,0.0779420212697092,0.40570930351531187
277,277.0,277.2,0.07281114683038602,0.07720225845007395,0.0524373769305997,0.3165493335179878,0.07725466858131792,0.40374521568963456
278,278.0,278.2,0.07453363315412734,0.07838178871240649,0.054204189495475764,0.33623334090817825,0.0786023649687608,0.3780446827610514
279,279.0,279.2,0.07357181364500047,0.07690366095808966,0.05328488699315163,0.33983618753307043,0.0773951024913308,0.379008348379357
280,280.0,280.2,0.07277510666609643,0.07567329987238161,0.05252899634077819,0.3459157977100986,0.0763647531307429,0.3767420462799022
281,281.0,281.2,0.07228156046809746,0.08162219603594265,0.05207466582905372,0.3389470584895053,0.07755317830007527,0.3775213408773256
282,282.0,282.2,0.07208508307204806,0.08128148787066247,0.05191589582365289,0.34087232576645304,0.07712346380895824,0.37672174365822536
283,283.0,283.2,0.07186048300968828,0.08084445872794907,0.05172758023153984,0.3413931017122842,0.0766368259243618,0.3775375503941768
284,284.0,284.2,0.07171234307128718,0.08715741904394589,0.05161438089411707,0.33617275560572113,0.07623511611085128,0.3771079852740774
285,285.0,285.2,0.07420084211516069,0.08828589283957275,0.05150497102429221,0.3351326352773918,0.07584652432833847,0.375029134415244
286,286.0,286.2,0.07406256482944636,0.08793349037809639,0.051399161271045414,0.33331184993863167,0.07547040962258865,0.37782252396019145
287,287.0,287.2,0.07437527862953124,0.0867886200003454,0.0517432033919323,0.32976239939396546,0.07599902978824997,0.38133146879597557
288,288.0,288.2,0.0742459021412045,0.08643778164949442,0.0530525256417087,0.3297298469883331,0.07564610943786128,0.38088783414139793
289,289.0,289.2,0.0741402160927949,0.08627365024749042,0.052976062270096304,0.33116311661096565,0.07536266526897002,0.38008428950968265
290,290.0,290.2,0.07411196750522428,0.08618890448477859,0.05294781368252568,0.33107837084825376,0.07530616809382877,0.3803667753853889
291,291.0,291.2,0.07387363334384328,0.08580690737522856,0.05278564267664469,0.3327694147355867,0.07501236710552786,0.37975203476316893
292,292.0,292.2,0.07338165105443786,0.08467077249045103,0.052385085355713415,0.33387033220549867,0.07801355184466478,0.3776786070492343
293,293.0,293.2,0.07281152817678883,0.08318932071281808,0.051841403514553006,0.3399716089306833,0.07711780043883067,0.3750683382263261
294,294.0,294.2,0.0721710321274055,0.08179005969620365,0.05128748471343064,0.3440346394984545,0.07623159002621757,0.37448519393828816
295,295.0,295.2,0.07203087155520063,0.08172584434195299,0.051230197737818894,0.34670826316654224,0.0759896558264849,0.3723151673720003
