Total_iterations,Unnamed: 0.1,Intertwine_two,Invert_path_vertices,Insert_inside_vertex,Delete_inside_vertex,MSC_add_terminal,MSC_del_terminal
0,0.0,0.1666666666666666,0.1666666666666666,0.1666666666666666,0.1666666666666666,0.1666666666666666,0.1666666666666666
1,1.0,0.1666666666666666,0.1666666666666666,0.1666666666666666,0.1666666666666666,0.1666666666666666,0.1666666666666666
2,2.0,0.1666666666666666,0.1666666666666666,0.1666666666666666,0.1666666666666666,0.1666666666666666,0.1666666666666666
3,3.0,0.1666666666666666,0.1666666666666666,0.1666666666666666,0.1666666666666666,0.1666666666666666,0.1666666666666666
4,4.0,0.1666666666666666,0.1666666666666666,0.1666666666666666,0.1666666666666666,0.1666666666666666,0.1666666666666666
5,5.0,0.1666666666666666,0.1666666666666666,0.1666666666666666,0.1666666666666666,0.1666666666666666,0.1666666666666666
6,6.0,0.1666666666666666,0.1666666666666666,0.1666666666666666,0.1666666666666666,0.1666666666666666,0.1666666666666666
7,7.0,0.1666666666666666,0.1666666666666666,0.1666666666666666,0.1666666666666666,0.1666666666666666,0.1666666666666666
8,8.0,0.1666666666666666,0.1666666666666666,0.1666666666666666,0.1666666666666666,0.1666666666666666,0.1666666666666666
9,9.0,0.1666666666666666,0.1666666666666666,0.1666666666666666,0.1666666666666666,0.1666666666666666,0.1666666666666666
10,10.0,0.1666666666666666,0.1666666666666666,0.1666666666666666,0.1666666666666666,0.1666666666666666,0.1666666666666666
11,11.0,0.1666666666666666,0.1666666666666666,0.1666666666666666,0.1666666666666666,0.1666666666666666,0.1666666666666666
12,12.0,0.1666666666666666,0.1666666666666666,0.1666666666666666,0.1666666666666666,0.1666666666666666,0.1666666666666666
13,13.0,0.1666666666666666,0.1666666666666666,0.1666666666666666,0.1666666666666666,0.1666666666666666,0.1666666666666666
14,14.0,0.1666666666666666,0.1666666666666666,0.1666666666666666,0.1666666666666666,0.1666666666666666,0.1666666666666666
15,15.0,0.1666666666666666,0.1666666666666666,0.1666666666666666,0.1666666666666666,0.1666666666666666,0.1666666666666666
16,16.0,0.1666666666666666,0.1666666666666666,0.1666666666666666,0.1666666666666666,0.1666666666666666,0.1666666666666666
17,17.0,0.1666666666666666,0.1666666666666666,0.1666666666666666,0.1666666666666666,0.1666666666666666,0.1666666666666666
18,18.0,0.1666666666666666,0.1666666666666666,0.1666666666666666,0.1666666666666666,0.1666666666666666,0.1666666666666666
19,19.0,0.1666666666666666,0.1666666666666666,0.1666666666666666,0.1666666666666666,0.1666666666666666,0.1666666666666666
20,20.0,0.1666666666666666,0.1666666666666666,0.1666666666666666,0.1666666666666666,0.1666666666666666,0.1666666666666666
21,21.0,0.1666666666666666,0.1666666666666666,0.1666666666666666,0.1666666666666666,0.1666666666666666,0.1666666666666666
22,22.0,0.1666666666666666,0.1666666666666666,0.1666666666666666,0.1666666666666666,0.1666666666666666,0.1666666666666666
23,23.0,0.1666666666666666,0.1666666666666666,0.1666666666666666,0.1666666666666666,0.1666666666666666,0.1666666666666666
24,24.0,0.1666666666666666,0.1666666666666666,0.1666666666666666,0.1666666666666666,0.1666666666666666,0.1666666666666666
25,25.0,0.1666666666666666,0.1666666666666666,0.1666666666666666,0.1666666666666666,0.1666666666666666,0.1666666666666666
26,26.0,0.1666666666666666,0.1666666666666666,0.1666666666666666,0.1666666666666666,0.1666666666666666,0.1666666666666666
27,27.0,0.1666666666666666,0.1666666666666666,0.1666666666666666,0.1666666666666666,0.1666666666666666,0.1666666666666666
28,28.0,0.1666666666666666,0.1666666666666666,0.1666666666666666,0.1666666666666666,0.1666666666666666,0.1666666666666666
29,29.0,0.1666666666666666,0.1666666666666666,0.1666666666666666,0.1666666666666666,0.1666666666666666,0.1666666666666666
30,30.0,0.1666666666666666,0.1666666666666666,0.1666666666666666,0.1666666666666666,0.1666666666666666,0.1666666666666666
31,31.0,0.1666666666666666,0.1666666666666666,0.1666666666666666,0.1666666666666666,0.1666666666666666,0.1666666666666666
32,32.0,0.1666666666666666,0.1666666666666666,0.1666666666666666,0.1666666666666666,0.1666666666666666,0.1666666666666666
33,33.0,0.1666666666666666,0.1666666666666666,0.1666666666666666,0.1666666666666666,0.1666666666666666,0.1666666666666666
34,34.0,0.1666666666666666,0.1666666666666666,0.1666666666666666,0.1666666666666666,0.1666666666666666,0.1666666666666666
35,35.0,0.1666666666666666,0.1666666666666666,0.1666666666666666,0.1666666666666666,0.1666666666666666,0.1666666666666666
36,36.0,0.1666666666666666,0.1666666666666666,0.1666666666666666,0.1666666666666666,0.1666666666666666,0.1666666666666666
37,37.0,0.1666666666666666,0.1666666666666666,0.1666666666666666,0.1666666666666666,0.1666666666666666,0.1666666666666666
38,38.0,0.1666666666666666,0.1666666666666666,0.1666666666666666,0.1666666666666666,0.1666666666666666,0.1666666666666666
39,39.0,0.1666666666666666,0.1666666666666666,0.1666666666666666,0.1666666666666666,0.1666666666666666,0.1666666666666666
40,40.0,0.1666666666666666,0.1666666666666666,0.1666666666666666,0.1666666666666666,0.1666666666666666,0.1666666666666666
41,41.0,0.1666666666666666,0.1666666666666666,0.1666666666666666,0.1666666666666666,0.1666666666666666,0.1666666666666666
42,42.0,0.1666666666666666,0.1666666666666666,0.1666666666666666,0.1666666666666666,0.1666666666666666,0.1666666666666666
43,43.0,0.1666666666666666,0.1666666666666666,0.1666666666666666,0.1666666666666666,0.1666666666666666,0.1666666666666666
44,44.0,0.1666666666666666,0.1666666666666666,0.1666666666666666,0.1666666666666666,0.1666666666666666,0.1666666666666666
45,45.0,0.1666666666666666,0.1666666666666666,0.1666666666666666,0.1666666666666666,0.1666666666666666,0.1666666666666666
46,46.0,0.1666666666666666,0.1666666666666666,0.1666666666666666,0.1666666666666666,0.1666666666666666,0.1666666666666666
47,47.0,0.1666666666666666,0.1666666666666666,0.1666666666666666,0.1666666666666666,0.1666666666666666,0.1666666666666666
48,48.0,0.1666666666666666,0.1666666666666666,0.1666666666666666,0.1666666666666666,0.1666666666666666,0.1666666666666666
49,49.0,0.1666666666666666,0.1666666666666666,0.1666666666666666,0.1666666666666666,0.1666666666666666,0.1666666666666666
50,50.0,0.1666666666666666,0.1666666666666666,0.1666666666666666,0.1666666666666666,0.1666666666666666,0.1666666666666666
51,51.0,0.1666666666666666,0.1666666666666666,0.1666666666666666,0.1666666666666666,0.1666666666666666,0.1666666666666666
52,52.0,0.1666666666666666,0.1666666666666666,0.1666666666666666,0.1666666666666666,0.1666666666666666,0.1666666666666666
53,53.0,0.1666666666666666,0.1666666666666666,0.1666666666666666,0.1666666666666666,0.1666666666666666,0.1666666666666666
54,54.0,0.1666666666666666,0.1666666666666666,0.1666666666666666,0.1666666666666666,0.1666666666666666,0.1666666666666666
55,55.0,0.1666666666666666,0.1666666666666666,0.1666666666666666,0.1666666666666666,0.1666666666666666,0.1666666666666666
56,56.0,0.1666666666666666,0.1666666666666666,0.1666666666666666,0.1666666666666666,0.1666666666666666,0.1666666666666666
57,57.0,0.1666666666666666,0.1666666666666666,0.1666666666666666,0.1666666666666666,0.1666666666666666,0.1666666666666666
58,58.0,0.1666666666666666,0.1666666666666666,0.1666666666666666,0.1666666666666666,0.1666666666666666,0.1666666666666666
59,59.0,0.1666666666666666,0.1666666666666666,0.1666666666666666,0.1666666666666666,0.1666666666666666,0.1666666666666666
60,60.0,0.1666666666666666,0.1666666666666666,0.1666666666666666,0.1666666666666666,0.1666666666666666,0.1666666666666666
61,61.0,0.1666666666666666,0.1666666666666666,0.1666666666666666,0.1666666666666666,0.1666666666666666,0.1666666666666666
62,62.0,0.1666666666666666,0.1666666666666666,0.1666666666666666,0.1666666666666666,0.1666666666666666,0.1666666666666666
63,63.0,0.1666666666666666,0.1666666666666666,0.1666666666666666,0.1666666666666666,0.1666666666666666,0.1666666666666666
64,64.0,0.1666666666666666,0.1666666666666666,0.1666666666666666,0.1666666666666666,0.1666666666666666,0.1666666666666666
65,65.0,0.1666666666666666,0.1666666666666666,0.1666666666666666,0.1666666666666666,0.1666666666666666,0.1666666666666666
66,66.0,0.1666666666666666,0.1666666666666666,0.1666666666666666,0.1666666666666666,0.1666666666666666,0.1666666666666666
67,67.0,0.1666666666666666,0.1666666666666666,0.1666666666666666,0.1666666666666666,0.1666666666666666,0.1666666666666666
68,68.0,0.1666666666666666,0.1666666666666666,0.1666666666666666,0.1666666666666666,0.1666666666666666,0.1666666666666666
69,69.0,0.1666666666666666,0.1666666666666666,0.1666666666666666,0.1666666666666666,0.1666666666666666,0.1666666666666666
70,70.0,0.1666666666666666,0.1666666666666666,0.1666666666666666,0.1666666666666666,0.1666666666666666,0.1666666666666666
71,71.0,0.1666666666666666,0.1666666666666666,0.1666666666666666,0.1666666666666666,0.1666666666666666,0.1666666666666666
72,72.0,0.1666666666666666,0.1666666666666666,0.1666666666666666,0.1666666666666666,0.1666666666666666,0.1666666666666666
73,73.0,0.1666666666666666,0.1666666666666666,0.1666666666666666,0.1666666666666666,0.1666666666666666,0.1666666666666666
74,74.0,0.1666666666666666,0.1666666666666666,0.1666666666666666,0.1666666666666666,0.1666666666666666,0.1666666666666666
75,75.0,0.1666666666666666,0.1666666666666666,0.1666666666666666,0.1666666666666666,0.1666666666666666,0.1666666666666666
76,76.0,0.1666666666666666,0.1666666666666666,0.1666666666666666,0.1666666666666666,0.1666666666666666,0.1666666666666666
77,77.0,0.1666666666666666,0.1666666666666666,0.1666666666666666,0.1666666666666666,0.1666666666666666,0.1666666666666666
78,78.0,0.1666666666666666,0.1666666666666666,0.1666666666666666,0.1666666666666666,0.1666666666666666,0.1666666666666666
79,79.0,0.1666666666666666,0.1666666666666666,0.1666666666666666,0.1666666666666666,0.1666666666666666,0.1666666666666666
80,80.0,0.1666666666666666,0.1666666666666666,0.1666666666666666,0.1666666666666666,0.1666666666666666,0.1666666666666666
81,81.0,0.1666666666666666,0.1666666666666666,0.1666666666666666,0.1666666666666666,0.1666666666666666,0.1666666666666666
82,82.0,0.1666666666666666,0.1666666666666666,0.1666666666666666,0.1666666666666666,0.1666666666666666,0.1666666666666666
83,83.0,0.1666666666666666,0.1666666666666666,0.1666666666666666,0.1666666666666666,0.1666666666666666,0.1666666666666666
84,84.0,0.1666666666666666,0.1666666666666666,0.1666666666666666,0.1666666666666666,0.1666666666666666,0.1666666666666666
85,85.0,0.1666666666666666,0.1666666666666666,0.1666666666666666,0.1666666666666666,0.1666666666666666,0.1666666666666666
86,86.0,0.1666666666666666,0.1666666666666666,0.1666666666666666,0.1666666666666666,0.1666666666666666,0.1666666666666666
87,87.0,0.1666666666666666,0.1666666666666666,0.1666666666666666,0.1666666666666666,0.1666666666666666,0.1666666666666666
88,88.0,0.1666666666666666,0.1666666666666666,0.1666666666666666,0.1666666666666666,0.1666666666666666,0.1666666666666666
89,89.0,0.1666666666666666,0.1666666666666666,0.1666666666666666,0.1666666666666666,0.1666666666666666,0.1666666666666666
90,90.0,0.1666666666666666,0.1666666666666666,0.1666666666666666,0.1666666666666666,0.1666666666666666,0.1666666666666666
91,91.0,0.1666666666666666,0.1666666666666666,0.1666666666666666,0.1666666666666666,0.1666666666666666,0.1666666666666666
92,92.0,0.1666666666666666,0.1666666666666666,0.1666666666666666,0.1666666666666666,0.1666666666666666,0.1666666666666666
93,93.0,0.1666666666666666,0.1666666666666666,0.1666666666666666,0.1666666666666666,0.1666666666666666,0.1666666666666666
94,94.0,0.1666666666666666,0.1666666666666666,0.1666666666666666,0.1666666666666666,0.1666666666666666,0.1666666666666666
95,95.0,0.1666666666666666,0.1666666666666666,0.1666666666666666,0.1666666666666666,0.1666666666666666,0.1666666666666666
96,96.0,0.1666666666666666,0.1666666666666666,0.1666666666666666,0.1666666666666666,0.1666666666666666,0.1666666666666666
97,97.0,0.1666666666666666,0.1666666666666666,0.1666666666666666,0.1666666666666666,0.1666666666666666,0.1666666666666666
98,98.0,0.1666666666666666,0.1666666666666666,0.1666666666666666,0.1666666666666666,0.1666666666666666,0.1666666666666666
99,99.0,0.1666666666666666,0.1666666666666666,0.1666666666666666,0.1666666666666666,0.1666666666666666,0.1666666666666666
100,100.0,0.1666666666666666,0.1666666666666666,0.1666666666666666,0.1666666666666666,0.1666666666666666,0.1666666666666666
101,101.0,0.1666666666666666,0.1666666666666666,0.1666666666666666,0.1666666666666666,0.1666666666666666,0.1666666666666666
102,102.0,0.1666666666666666,0.1666666666666666,0.1666666666666666,0.1666666666666666,0.1666666666666666,0.1666666666666666
103,103.0,0.1666666666666666,0.1666666666666666,0.1666666666666666,0.1666666666666666,0.1666666666666666,0.1666666666666666
104,104.0,0.1666666666666666,0.1666666666666666,0.1666666666666666,0.1666666666666666,0.1666666666666666,0.1666666666666666
105,105.0,0.1666666666666666,0.1666666666666666,0.1666666666666666,0.1666666666666666,0.1666666666666666,0.1666666666666666
106,106.0,0.1666666666666666,0.1666666666666666,0.1666666666666666,0.1666666666666666,0.1666666666666666,0.1666666666666666
107,107.0,0.1666666666666666,0.1666666666666666,0.1666666666666666,0.1666666666666666,0.1666666666666666,0.1666666666666666
108,108.0,0.1666666666666666,0.1666666666666666,0.1666666666666666,0.1666666666666666,0.1666666666666666,0.1666666666666666
109,109.0,0.1666666666666666,0.1666666666666666,0.1666666666666666,0.1666666666666666,0.1666666666666666,0.1666666666666666
110,110.0,0.1666666666666666,0.1666666666666666,0.1666666666666666,0.1666666666666666,0.1666666666666666,0.1666666666666666
111,111.0,0.1666666666666666,0.1666666666666666,0.1666666666666666,0.1666666666666666,0.1666666666666666,0.1666666666666666
112,112.0,0.1666666666666666,0.1666666666666666,0.1666666666666666,0.1666666666666666,0.1666666666666666,0.1666666666666666
113,113.0,0.1666666666666666,0.1666666666666666,0.1666666666666666,0.1666666666666666,0.1666666666666666,0.1666666666666666
114,114.0,0.1666666666666666,0.1666666666666666,0.1666666666666666,0.1666666666666666,0.1666666666666666,0.1666666666666666
115,115.0,0.1666666666666666,0.1666666666666666,0.1666666666666666,0.1666666666666666,0.1666666666666666,0.1666666666666666
116,116.0,0.1666666666666666,0.1666666666666666,0.1666666666666666,0.1666666666666666,0.1666666666666666,0.1666666666666666
117,117.0,0.1666666666666666,0.1666666666666666,0.1666666666666666,0.1666666666666666,0.1666666666666666,0.1666666666666666
118,118.0,0.1666666666666666,0.1666666666666666,0.1666666666666666,0.1666666666666666,0.1666666666666666,0.1666666666666666
119,119.0,0.1666666666666666,0.1666666666666666,0.1666666666666666,0.1666666666666666,0.1666666666666666,0.1666666666666666
120,120.0,0.1666666666666666,0.1666666666666666,0.1666666666666666,0.1666666666666666,0.1666666666666666,0.1666666666666666
121,121.0,0.1666666666666666,0.1666666666666666,0.1666666666666666,0.1666666666666666,0.1666666666666666,0.1666666666666666
122,122.0,0.1666666666666666,0.1666666666666666,0.1666666666666666,0.1666666666666666,0.1666666666666666,0.1666666666666666
123,123.0,0.1666666666666666,0.1666666666666666,0.1666666666666666,0.1666666666666666,0.1666666666666666,0.1666666666666666
124,124.0,0.1666666666666666,0.1666666666666666,0.1666666666666666,0.1666666666666666,0.1666666666666666,0.1666666666666666
125,125.0,0.1666666666666666,0.1666666666666666,0.1666666666666666,0.1666666666666666,0.1666666666666666,0.1666666666666666
126,126.0,0.1666666666666666,0.1666666666666666,0.1666666666666666,0.1666666666666666,0.1666666666666666,0.1666666666666666
127,127.0,0.1666666666666666,0.1666666666666666,0.1666666666666666,0.1666666666666666,0.1666666666666666,0.1666666666666666
128,128.0,0.1666666666666666,0.1666666666666666,0.1666666666666666,0.1666666666666666,0.1666666666666666,0.1666666666666666
129,129.0,0.1666666666666666,0.1666666666666666,0.1666666666666666,0.1666666666666666,0.1666666666666666,0.1666666666666666
130,130.0,0.1666666666666666,0.1666666666666666,0.1666666666666666,0.1666666666666666,0.1666666666666666,0.1666666666666666
131,131.0,0.1666666666666666,0.1666666666666666,0.1666666666666666,0.1666666666666666,0.1666666666666666,0.1666666666666666
132,132.0,0.1666666666666666,0.1666666666666666,0.1666666666666666,0.1666666666666666,0.1666666666666666,0.1666666666666666
133,133.0,0.1666666666666666,0.1666666666666666,0.1666666666666666,0.1666666666666666,0.1666666666666666,0.1666666666666666
134,134.0,0.1666666666666666,0.1666666666666666,0.1666666666666666,0.1666666666666666,0.1666666666666666,0.1666666666666666
135,135.0,0.1666666666666666,0.1666666666666666,0.1666666666666666,0.1666666666666666,0.1666666666666666,0.1666666666666666
136,136.0,0.1666666666666666,0.1666666666666666,0.1666666666666666,0.1666666666666666,0.1666666666666666,0.1666666666666666
137,137.0,0.1666666666666666,0.1666666666666666,0.1666666666666666,0.1666666666666666,0.1666666666666666,0.1666666666666666
138,138.0,0.1666666666666666,0.1666666666666666,0.1666666666666666,0.1666666666666666,0.1666666666666666,0.1666666666666666
139,139.0,0.1666666666666666,0.1666666666666666,0.1666666666666666,0.1666666666666666,0.1666666666666666,0.1666666666666666
140,140.0,0.1666666666666666,0.1666666666666666,0.1666666666666666,0.1666666666666666,0.1666666666666666,0.1666666666666666
141,141.0,0.1666666666666666,0.1666666666666666,0.1666666666666666,0.1666666666666666,0.1666666666666666,0.1666666666666666
142,142.0,0.1666666666666666,0.1666666666666666,0.1666666666666666,0.1666666666666666,0.1666666666666666,0.1666666666666666
143,143.0,0.1666666666666666,0.1666666666666666,0.1666666666666666,0.1666666666666666,0.1666666666666666,0.1666666666666666
144,144.0,0.1666666666666666,0.1666666666666666,0.1666666666666666,0.1666666666666666,0.1666666666666666,0.1666666666666666
145,145.0,0.1666666666666666,0.1666666666666666,0.1666666666666666,0.1666666666666666,0.1666666666666666,0.1666666666666666
146,146.0,0.1666666666666666,0.1666666666666666,0.1666666666666666,0.1666666666666666,0.1666666666666666,0.1666666666666666
147,147.0,0.1666666666666666,0.1666666666666666,0.1666666666666666,0.1666666666666666,0.1666666666666666,0.1666666666666666
148,148.0,0.1666666666666666,0.1666666666666666,0.1666666666666666,0.1666666666666666,0.1666666666666666,0.1666666666666666
149,149.0,0.1666666666666666,0.1666666666666666,0.1666666666666666,0.1666666666666666,0.1666666666666666,0.1666666666666666
150,150.0,0.1666666666666666,0.1666666666666666,0.1666666666666666,0.1666666666666666,0.1666666666666666,0.1666666666666666
151,151.0,0.1666666666666666,0.1666666666666666,0.1666666666666666,0.1666666666666666,0.1666666666666666,0.1666666666666666
152,152.0,0.1666666666666666,0.1666666666666666,0.1666666666666666,0.1666666666666666,0.1666666666666666,0.1666666666666666
153,153.0,0.1666666666666666,0.1666666666666666,0.1666666666666666,0.1666666666666666,0.1666666666666666,0.1666666666666666
154,154.0,0.1666666666666666,0.1666666666666666,0.1666666666666666,0.1666666666666666,0.1666666666666666,0.1666666666666666
155,155.0,0.1666666666666666,0.1666666666666666,0.1666666666666666,0.1666666666666666,0.1666666666666666,0.1666666666666666
156,156.0,0.1666666666666666,0.1666666666666666,0.1666666666666666,0.1666666666666666,0.1666666666666666,0.1666666666666666
157,157.0,0.1666666666666666,0.1666666666666666,0.1666666666666666,0.1666666666666666,0.1666666666666666,0.1666666666666666
158,158.0,0.1666666666666666,0.1666666666666666,0.1666666666666666,0.1666666666666666,0.1666666666666666,0.1666666666666666
159,159.0,0.1666666666666666,0.1666666666666666,0.1666666666666666,0.1666666666666666,0.1666666666666666,0.1666666666666666
160,160.0,0.1666666666666666,0.1666666666666666,0.1666666666666666,0.1666666666666666,0.1666666666666666,0.1666666666666666
161,161.0,0.1666666666666666,0.1666666666666666,0.1666666666666666,0.1666666666666666,0.1666666666666666,0.1666666666666666
162,162.0,0.1666666666666666,0.1666666666666666,0.1666666666666666,0.1666666666666666,0.1666666666666666,0.1666666666666666
163,163.0,0.1666666666666666,0.1666666666666666,0.1666666666666666,0.1666666666666666,0.1666666666666666,0.1666666666666666
164,164.0,0.1666666666666666,0.1666666666666666,0.1666666666666666,0.1666666666666666,0.1666666666666666,0.1666666666666666
165,165.0,0.1666666666666666,0.1666666666666666,0.1666666666666666,0.1666666666666666,0.1666666666666666,0.1666666666666666
166,166.0,0.1666666666666666,0.1666666666666666,0.1666666666666666,0.1666666666666666,0.1666666666666666,0.1666666666666666
167,167.0,0.1666666666666666,0.1666666666666666,0.1666666666666666,0.1666666666666666,0.1666666666666666,0.1666666666666666
168,168.0,0.1666666666666666,0.1666666666666666,0.1666666666666666,0.1666666666666666,0.1666666666666666,0.1666666666666666
169,169.0,0.1666666666666666,0.1666666666666666,0.1666666666666666,0.1666666666666666,0.1666666666666666,0.1666666666666666
170,170.0,0.1666666666666666,0.1666666666666666,0.1666666666666666,0.1666666666666666,0.1666666666666666,0.1666666666666666
171,171.0,0.1666666666666666,0.1666666666666666,0.1666666666666666,0.1666666666666666,0.1666666666666666,0.1666666666666666
172,172.0,0.1666666666666666,0.1666666666666666,0.1666666666666666,0.1666666666666666,0.1666666666666666,0.1666666666666666
173,173.0,0.1666666666666666,0.1666666666666666,0.1666666666666666,0.1666666666666666,0.1666666666666666,0.1666666666666666
174,174.0,0.1666666666666666,0.1666666666666666,0.1666666666666666,0.1666666666666666,0.1666666666666666,0.1666666666666666
175,175.0,0.1666666666666666,0.1666666666666666,0.1666666666666666,0.1666666666666666,0.1666666666666666,0.1666666666666666
176,176.0,0.1666666666666666,0.1666666666666666,0.1666666666666666,0.1666666666666666,0.1666666666666666,0.1666666666666666
177,177.0,0.1666666666666666,0.1666666666666666,0.1666666666666666,0.1666666666666666,0.1666666666666666,0.1666666666666666
178,178.0,0.1666666666666666,0.1666666666666666,0.1666666666666666,0.1666666666666666,0.1666666666666666,0.1666666666666666
179,179.0,0.1666666666666666,0.1666666666666666,0.1666666666666666,0.1666666666666666,0.1666666666666666,0.1666666666666666
180,180.0,0.1666666666666666,0.1666666666666666,0.1666666666666666,0.1666666666666666,0.1666666666666666,0.1666666666666666
181,181.0,0.1666666666666666,0.1666666666666666,0.1666666666666666,0.1666666666666666,0.1666666666666666,0.1666666666666666
182,182.0,0.1666666666666666,0.1666666666666666,0.1666666666666666,0.1666666666666666,0.1666666666666666,0.1666666666666666
183,183.0,0.1666666666666666,0.1666666666666666,0.1666666666666666,0.1666666666666666,0.1666666666666666,0.1666666666666666
184,184.0,0.1666666666666666,0.1666666666666666,0.1666666666666666,0.1666666666666666,0.1666666666666666,0.1666666666666666
185,185.0,0.1666666666666666,0.1666666666666666,0.1666666666666666,0.1666666666666666,0.1666666666666666,0.1666666666666666
186,186.0,0.1666666666666666,0.1666666666666666,0.1666666666666666,0.1666666666666666,0.1666666666666666,0.1666666666666666
187,187.0,0.1666666666666666,0.1666666666666666,0.1666666666666666,0.1666666666666666,0.1666666666666666,0.1666666666666666
188,188.0,0.1666666666666666,0.1666666666666666,0.1666666666666666,0.1666666666666666,0.1666666666666666,0.1666666666666666
189,189.0,0.1666666666666666,0.1666666666666666,0.1666666666666666,0.1666666666666666,0.1666666666666666,0.1666666666666666
190,190.0,0.1666666666666666,0.1666666666666666,0.1666666666666666,0.1666666666666666,0.1666666666666666,0.1666666666666666
191,191.0,0.1666666666666666,0.1666666666666666,0.1666666666666666,0.1666666666666666,0.1666666666666666,0.1666666666666666
192,192.0,0.1666666666666666,0.1666666666666666,0.1666666666666666,0.1666666666666666,0.1666666666666666,0.1666666666666666
193,193.0,0.1666666666666666,0.1666666666666666,0.1666666666666666,0.1666666666666666,0.1666666666666666,0.1666666666666666
194,194.0,0.1666666666666666,0.1666666666666666,0.1666666666666666,0.1666666666666666,0.1666666666666666,0.1666666666666666
195,195.0,0.1666666666666666,0.1666666666666666,0.1666666666666666,0.1666666666666666,0.1666666666666666,0.1666666666666666
196,196.0,0.1666666666666666,0.1666666666666666,0.1666666666666666,0.1666666666666666,0.1666666666666666,0.1666666666666666
197,197.0,0.1666666666666666,0.1666666666666666,0.1666666666666666,0.1666666666666666,0.1666666666666666,0.1666666666666666
198,198.0,0.1666666666666666,0.1666666666666666,0.1666666666666666,0.1666666666666666,0.1666666666666666,0.1666666666666666
199,199.0,0.1666504854368932,0.1666504854368932,0.1666504854368932,0.1666504854368932,0.166747572815534,0.1666504854368932
200,200.0,0.1654439898289413,0.1668725612575127,0.1654439898289413,0.1668725612575127,0.1670657651410079,0.1683011326860841
201,201.0,0.1634758952843273,0.167390180998613,0.1634758952843273,0.1675687524271845,0.1666062378640777,0.1714830381414702
202,202.0,0.16056624899137,0.1669285347056557,0.16056624899137,0.1685338918485129,0.1664255645669595,0.1769795108961319
203,203.0,0.157202873173349,0.1673027752461781,0.1573009123890353,0.1698626938969718,0.1658362282228908,0.182494517071575
204,204.0,0.1537069114192386,0.1674535212785515,0.1548101485304996,0.1717219460999802,0.1651332171353862,0.1871742555363438
205,205.0,0.1500526260559815,0.166078515562401,0.1521501267309205,0.1729941844164595,0.1641753076713623,0.1945492395628751
206,206.0,0.1471536116343445,0.1640803026659597,0.1491144812275062,0.1744659001174101,0.1627476769882196,0.2024380273665598
207,207.0,0.1440731796892303,0.1617760339210695,0.1459920904416341,0.1755418222467694,0.1611325331106609,0.2114843405906357
208,208.0,0.1407123353444969,0.1590714166520834,0.1426658209523767,0.177049411189043,0.1579577469398715,0.2225432689221283
209,209.0,0.1371356919865172,0.1559607380113069,0.1391104688461107,0.1777499631680557,0.15511193799279,0.2349311999952194
210,210.0,0.1332955038201035,0.151164698046314,0.1352794037755076,0.1805166074847745,0.1516932973391468,0.2480504895341535
211,211.0,0.1294113695876057,0.1462373279767109,0.1313933500675493,0.1845354675076607,0.1480197181325584,0.260402766727915
212,212.0,0.1255785133784734,0.1410399801195749,0.1289414668748253,0.1898858005969225,0.1440703220811449,0.270483916949059
213,213.0,0.1216263937994115,0.1356280028126981,0.1263475833745575,0.1962554615377433,0.1397966525252573,0.2803459059503322
214,214.0,0.1179477586979561,0.1303601261307228,0.123892128646245,0.2031177131664792,0.135625202685683,0.2890570706729138
215,215.0,0.1143063860817012,0.1250218881752481,0.1212689811931423,0.2091120165553939,0.1311009349526564,0.2991897930418581
216,216.0,0.1107629942657859,0.1197512237392201,0.1186430719677148,0.2146903973861743,0.1267062064061316,0.3094461062349731
217,217.0,0.1063636906033279,0.1145217065659288,0.1159696568980376,0.2193836212245331,0.1223122474758996,0.3214490772322729
218,218.0,0.1021451832324467,0.1101061812275775,0.1132713433930917,0.2233726772910989,0.1186119113202734,0.3324927035355117
219,219.0,0.0980575835324345,0.1057576969851002,0.1106302192770853,0.227651738439023,0.1149942178948102,0.3429085438715465
220,220.0,0.0940983762153081,0.1014854813061852,0.1074116763343882,0.2330185401857363,0.1114564170240113,0.3525295089343707
221,221.0,0.0902306039071703,0.0979292921377005,0.1040762265401115,0.2372105438889508,0.108346418021569,0.3622069155044977
222,222.0,0.0865036082613345,0.0949877590662818,0.1014085027282671,0.2404689482032409,0.1059650404294955,0.3706661413113801
223,223.0,0.0829449228072353,0.0926606771034826,0.0988287947339803,0.2429527004022421,0.1046628402903219,0.3779500646627377
224,224.0,0.0801328783165781,0.0904797384286759,0.096387357202303,0.244826943768277,0.1034716231869335,0.3847014590972323
225,225.0,0.07751157127875,0.0884007406551964,0.0933711318888298,0.2461834151758083,0.1028718558691387,0.3916612851322766
226,226.0,0.0751504429281157,0.0865119255771637,0.0905492346664751,0.2473888576028992,0.1026676252767363,0.3977319139486099
227,227.0,0.0729598656320631,0.0846867478892203,0.0878670401747613,0.248815878903505,0.1017167697805075,0.4039536976199427
228,228.0,0.0709810425327281,0.0829868271809334,0.0853739690103913,0.2501904969127702,0.1007951470300815,0.4096725173330955
229,229.0,0.0692327709174285,0.0814793962539044,0.0830965063546398,0.2516562162167045,0.0999926111460598,0.4145424991112631
230,230.0,0.0677300871527353,0.0805366852134606,0.0810386882207595,0.2525700502990939,0.0992926862378578,0.4188318028760929
231,231.0,0.0664922021809114,0.0798361835983376,0.0792278712275784,0.2529518858202207,0.0992087184227524,0.4222831387501997
232,232.0,0.065480831965852,0.0793364924756185,0.0776332804244224,0.253402971694632,0.0992260767862983,0.4249203466531769
233,233.0,0.0647045026550953,0.0795197821045447,0.0762703030213845,0.2530773696687527,0.0993544250969649,0.427073617453258
234,234.0,0.0641637511991752,0.0798220261013458,0.0751456852003401,0.2537423615813332,0.099564956736825,0.4275612191809809
235,235.0,0.0637615287648476,0.0802074649700036,0.0741679386189805,0.2539206038148725,0.0993908090113376,0.4285516548199584
236,236.0,0.0634360881308011,0.0808115206306628,0.0731849989804172,0.2546892750031202,0.0991351967109817,0.4287429205440171
237,237.0,0.0631703935705364,0.0813460371048219,0.0721969839863258,0.256478358558848,0.0990463887938778,0.4277618379855902
238,238.0,0.0629675497318444,0.0825090289220801,0.0712221742200014,0.2587493804979024,0.0984535127423178,0.426098353885854
239,239.0,0.0628035357589519,0.0840769700078006,0.070250050027792,0.2600484555221085,0.0977433507765337,0.4250776379068135
240,240.0,0.0627927618796235,0.0851546196700662,0.0694241328307407,0.2620671830384111,0.0969847719271557,0.423576530654003
241,241.0,0.0628710915787198,0.0861550417753318,0.0686679284053074,0.2641046309395432,0.0965287608627004,0.4216725464383976
242,242.0,0.0630066280858953,0.0875518127258674,0.0679598244030727,0.2665070263911903,0.0960446240249554,0.418930084369019
243,243.0,0.063156536980644,0.0888298281323481,0.0672877278421913,0.2694776712046764,0.0950175139040238,0.4162307219361165
244,244.0,0.0632901009423817,0.0895482002059035,0.0666268273771938,0.2719971659265727,0.0942343462976047,0.4143033592503439
245,245.0,0.0634618804795966,0.0901998897971773,0.0663283188059126,0.2744076332789975,0.0934559534717472,0.412146324166569
246,246.0,0.0640018330466369,0.0906953371331079,0.0660341931511103,0.2765055840512722,0.0926101474972047,0.4101529051206684
247,247.0,0.0645499615100376,0.0907756068134315,0.0658109605416192,0.2786909384781648,0.0917378524351102,0.408434680221637
248,248.0,0.0650917432970305,0.0907714391464022,0.0652108308189239,0.2808183177439066,0.0908581119687945,0.4072495570249426
249,249.0,0.0656027676482482,0.09063447505961,0.0646311379670554,0.2828644355765242,0.0899593627557293,0.4063078209928332
250,250.0,0.0660791180123079,0.0903757989586169,0.0640734793216959,0.2848101238390007,0.0890491565979983,0.4056123232703806
251,251.0,0.0665272174065083,0.0900161868441346,0.0635486551635693,0.2869524832714684,0.0881255312992038,0.4048299260151157
252,252.0,0.0669313297344492,0.0897685019040782,0.0630442463184572,0.2886741827403192,0.0871825072996208,0.4043992320030755
253,253.0,0.0672896592396485,0.0894101735590925,0.062560791297958,0.290327934620851,0.0865210025352151,0.403890438747235
254,254.0,0.0672506473174463,0.0890464604061415,0.0621745409238942,0.2913554342922387,0.085951454710501,0.4042214623497783
255,255.0,0.0671398368542356,0.0885737212328376,0.0617814668434671,0.2920970495935943,0.0853377203637408,0.4050702051121247
256,256.0,0.0669790416726128,0.0880192169280305,0.0613914673342823,0.2928666124176252,0.0847250654970947,0.4060185961503545
257,257.0,0.0667805947222703,0.0873897870782561,0.0610131958955577,0.2936877289949955,0.0841237714318312,0.4070049218770892
258,258.0,0.0677491080742422,0.0867804026141691,0.0604189012123566,0.2943073585899352,0.0833075819893679,0.4074366475199291
259,259.0,0.0686858293191933,0.0861675079413409,0.0598696043006856,0.295253869154797,0.0825156076732976,0.4075075816106858
260,260.0,0.0694052771582434,0.084743750210621,0.0606084336268046,0.2966353470575497,0.0817605854035412,0.4068466065432403
261,261.0,0.0700164524326546,0.0832427118429138,0.0613065368185573,0.2978808833378211,0.0809567355681246,0.4065966799999289
262,262.0,0.0705547936014504,0.0817010140957498,0.0619806681164123,0.2992174262373709,0.0801718178219754,0.4063742801270415
263,263.0,0.0710252481231987,0.0803472738067978,0.061386852554385,0.2999413241307891,0.0794018216104017,0.4078974797744279
264,264.0,0.0714283120541953,0.0793812419742566,0.0604952858433118,0.3001810906875457,0.0783798058268047,0.4101342636138863
265,265.0,0.0717539602386671,0.0784082734877544,0.0595994460246684,0.3013547450529651,0.0777335792993529,0.4111499958965924
266,266.0,0.0720046448173855,0.0774356224443798,0.0587070323557082,0.3027501338968801,0.0770819592970349,0.4120206071886119
267,267.0,0.0721921811064159,0.076473532635393,0.0578302954812484,0.304234637234461,0.0764423095762907,0.4128270439661915
268,268.0,0.072315101851626,0.075532184877474,0.0569740013546669,0.3048807605512061,0.0763372483644248,0.4139607030006025
269,269.0,0.0724048152158062,0.0746511762518801,0.0559801714682392,0.305394495929601,0.0762944477596695,0.4152748933748044
270,270.0,0.0724529370943109,0.0737978711697465,0.055028356654374,0.3058873635165172,0.0762905679915205,0.4165429035735312
271,271.0,0.0724664505447847,0.0729860175502064,0.0541271786818158,0.3064181988775983,0.0763118271821753,0.4176903271634198
272,272.0,0.0727935123476636,0.0725596120170142,0.0534526524906547,0.3065904691668657,0.076508842520915,0.4180949114568872
273,273.0,0.073079172107585,0.0721622133005647,0.052829558126008,0.306771712114163,0.0767125865529712,0.4184447577987084
274,274.0,0.0733236158054847,0.0717920101447738,0.0522581877466676,0.3072277354695987,0.0769182474065536,0.418480203426922
275,275.0,0.0735274530613824,0.0718043204993432,0.0517383087427074,0.3078615340866586,0.0767643894809077,0.4183039941290011
276,276.0,0.0736944000723287,0.071855734459332,0.0512719501553673,0.3090394053749267,0.0766161395491557,0.4175223703888899
277,277.0,0.0738041847837622,0.0718876181116478,0.0508364094407258,0.3105401799334328,0.0764272381589454,0.4165043695714863
278,278.0,0.0740653092768927,0.0720874128283495,0.0506371137289348,0.313919369310953,0.076400270850724,0.4128905240041461
279,279.0,0.0742088226085699,0.0721823590567899,0.0504014880957559,0.3175440641291825,0.0762772949667622,0.4093859711429397
280,280.0,0.0742519438195532,0.0721919875728284,0.0501426699496314,0.3216371717173309,0.0760747598103834,0.4057014671302726
281,281.0,0.0742266299181038,0.0728303559766148,0.0498881638308585,0.3248668808845327,0.0760142206197794,0.4021737487701109
282,282.0,0.0741647489726942,0.0734587351240877,0.0496650963434047,0.3281069476387589,0.075932153475927,0.3986723184451274
283,283.0,0.0740657994565832,0.0740588009700078,0.0494680120402875,0.3312027390934225,0.0758215423613305,0.3953831060783684
284,284.0,0.0739398777337743,0.075298012840515,0.0493019119156522,0.333568820418152,0.0756899742124729,0.3922014028794335
285,285.0,0.0740531227410087,0.0766447449655684,0.0491646055062826,0.3356203209294514,0.0755381551192336,0.3889790507384552
286,286.0,0.0741426927126897,0.0779379751107089,0.0490538524177054,0.3372797159992243,0.0753669901568343,0.3862187736028373
287,287.0,0.0742537757883787,0.0790873503562342,0.049012031938608,0.3383785478469472,0.0752668379018986,0.3840014561679332
288,288.0,0.0743420279360777,0.0801637169385629,0.0491326374469313,0.3392780797848049,0.0751487307562811,0.3819348071373421
289,289.0,0.074409925006217,0.0811787743695677,0.0492727349492087,0.3401355031631753,0.075019063695152,0.3799839988166792
290,290.0,0.0744655104214512,0.08213480023998,0.0494330311157102,0.3408089857619154,0.0749001496383599,0.3782575228225832
291,291.0,0.0744881684498616,0.0829975648548441,0.0495962283906416,0.3414869183403781,0.0747678070729716,0.3766633128913029
292,292.0,0.0744532170954302,0.0836885329449479,0.0497349443488468,0.3421199743719378,0.0749512628383614,0.3750520684004758
293,293.0,0.0743540329282671,0.084172081443733,0.0498319219371841,0.3432173560511957,0.0750574207766918,0.3733671868629282
294,294.0,0.0741852925253672,0.084457521383669,0.0498839047023491,0.3445788451480998,0.0750849456765493,0.3718094905639656
295,295.0,0.0739992675015572,0.0846813211773117,0.0499389962935472,0.3460661056456258,0.0750969911099444,0.3702173182720136
296,296.0,0.0743475282531189,0.0850510647457706,0.0499873407741622,0.3468763305849863,0.0750910907091249,0.368646644932837
297,297.0,0.0746737692542734,0.0853481437694196,0.0500319169628374,0.3475692852704421,0.0752027979093789,0.3671740868336486
298,298.0,0.0751328472995306,0.0860005502686789,0.0500360478523092,0.3479666683019023,0.0752650896148465,0.3655987966627324
299,299.0,0.0755197216324004,0.0864700054446654,0.0500103334008548,0.3481506574691093,0.0757863915103318,0.3640628905426383
300,300.0,0.0758352248895756,0.0869108700383403,0.0499556417272219,0.3485665724154028,0.0762286572309685,0.362503033698491
301,301.0,0.0765434855215033,0.0871996383604519,0.0498812543119486,0.348917731864212,0.0765995003354777,0.3608583896064066
302,302.0,0.0771569173423362,0.0877698411347154,0.0497795205083749,0.3492471173661239,0.0768919620244842,0.3591546416239655
303,303.0,0.0780894848150166,0.0881823002942688,0.0496566512588269,0.3491952427797882,0.077241114521237,0.3576352063308626
304,304.0,0.0789217342348093,0.0884706543623657,0.0495232243737126,0.3493511538349667,0.0775329660642379,0.356200267129908
305,305.0,0.079646337639147,0.0886079252393586,0.049372369306136,0.34958962212844,0.0777505423755834,0.3550332033113351
306,306.0,0.0803498893617599,0.0887123533340371,0.0492392250479686,0.3502524172045608,0.0782136239453609,0.3532324911063128
307,307.0,0.080986801621614,0.0887408111228308,0.0491010637883446,0.350779771459827,0.0786260538966266,0.3517654981107571
308,308.0,0.0815502054666555,0.0883447620597501,0.0489959065526029,0.3520326086770982,0.0791118160237271,0.3499647012201663
309,309.0,0.0815277862825618,0.0881028406402602,0.0490006390240747,0.3533102337471548,0.0798352000671716,0.348223300238777
310,310.0,0.0818288893434444,0.0878281843339929,0.049009999398387,0.354058908991321,0.080519918789572,0.3467540991432829
311,311.0,0.082377664008523,0.0876025951574611,0.0490121714908559,0.3552656546433574,0.0810050390899222,0.3447368756098806
312,312.0,0.082877803254062,0.0873257579153225,0.0489923398410808,0.3566180510308298,0.0814013463063208,0.3427847016523841
313,313.0,0.0830708801090692,0.0870040630952218,0.0489661472172944,0.3581883186545653,0.0817322233997414,0.341038367524108
314,314.0,0.0833382742897388,0.0866519675631551,0.0489382741970544,0.3596272618483069,0.0820032749058682,0.3394409471958765
315,315.0,0.0834885251015234,0.0865544174667449,0.0488912306043292,0.3607240039341379,0.0823015856186598,0.3380402372746049
316,316.0,0.0835287760451248,0.0866947698940557,0.0488263055045366,0.3616091859234731,0.0825071005551561,0.3368338620776538
317,317.0,0.0834650782817946,0.0867257515946814,0.0487390397974036,0.362704408191405,0.0826064764433122,0.3357592456914033
318,318.0,0.0833691783531091,0.0867356615922017,0.0486533366330398,0.3636770675844052,0.0826690731113946,0.3348956827258496
319,319.0,0.0835689933460829,0.0867373361039141,0.0485723145190447,0.3638885231288752,0.083034850804327,0.3341979820977561
320,320.0,0.0836681698618192,0.0866512604009248,0.0484815083149739,0.3637179604824535,0.083344844476501,0.3341362564633277
321,321.0,0.0836668176265001,0.0864680737664081,0.0483778679691894,0.363343102207148,0.0838920247258978,0.3342521137048566
322,322.0,0.083624820580408,0.0862567990214513,0.04827155589771,0.3627820563980688,0.084723530992264,0.334341237110098
323,323.0,0.0832423462765772,0.0860202252641354,0.048163237693966,0.3620563129294767,0.0858043524402097,0.334713525395635
