,Unnamed: 0,Generation,Intertwine_two,Add_vertex,Delete_vertex,Invert_path_vertices,Insert_inside_vertex,Delete_inside_vertex,Replace_inside_vertex,Donate_between_routes,Merge_terminals,Trim_one_terminal_cb,Trim_one_path_random_cb,Grow_one_terminal_cb,Grow_one_path_random_cb
0,0.0,0.0,0.0769230769230769,0.0769230769230769,0.0769230769230769,0.0769230769230769,0.0769230769230769,0.0769230769230769,0.0769230769230769,0.0769230769230769,0.0769230769230769,0.0769230769230769,0.0769230769230769,0.0769230769230769,0.0769230769230769
1,1.0,1.0,0.07563328860835314,0.08325836441879399,0.09006201058818666,0.08806291747849569,0.07089383498798743,0.09132336890107286,0.06172153552581572,0.07223068397243222,0.054745203719218996,0.0863474086314834,0.06463618026286934,0.08830494255909199,0.0727802603461985
2,2.0,2.0,0.09647579985476555,0.06344179281254672,0.08780805023066177,0.08080303139485728,0.05399824786927042,0.09013157431604363,0.07067755148356628,0.06284371577864219,0.07177108706129195,0.09096136441137201,0.07630703592009194,0.08939873746178127,0.06538201140510895
3,3.0,3.0,0.0843841767755624,0.09029158222127225,0.08420005577387574,0.09203262336699071,0.07106886889079038,0.0886287210365557,0.05654584126615454,0.05377873206327992,0.0579608051959692,0.10214209544882838,0.07484059916160703,0.08733076611103166,0.05679513268808212
4,4.0,4.0,0.08139808667619304,0.07133257788853244,0.0803870209587998,0.08652551949864677,0.08507253923472782,0.07344844696943213,0.06783727595456658,0.06581717580405173,0.05789058247484184,0.09432653034642602,0.06897095275845248,0.0914448152745355,0.07554847616079373
5,5.0,5.0,0.09662967287977484,0.08351764156501397,0.08528745948413444,0.07873413159193843,0.07660331018159053,0.07727400891395116,0.07196825422426993,0.05519099891157575,0.04314703567286148,0.10547291480650971,0.06538668486901508,0.10934918297445353,0.05143870392491114
6,6.0,6.0,0.0922761768034618,0.08682977320788451,0.0849294678633519,0.08587042991681307,0.058089173220378584,0.07437703735677773,0.07145038361532732,0.0587060048628017,0.03127105089305353,0.10471912320425039,0.0700147731607462,0.09597162435673987,0.08549498153841337
7,7.0,7.0,0.09348764643630456,0.08704080915322251,0.08153576714283947,0.10103177233385578,0.05701631442748536,0.07782289323736,0.05936138960166611,0.07344632029702136,0.04123999794791855,0.10508018649911033,0.06471583328433575,0.09756282372168676,0.06065824591719345
8,8.0,8.0,0.08934476541659761,0.08359317678559366,0.07527375901377177,0.09270652440457247,0.07146232177689787,0.08539617766662241,0.08214504506467318,0.05196348512485155,0.04247963497929094,0.09606023645675746,0.06118744546430734,0.10314766927168677,0.06523975857437701
9,9.0,9.0,0.10598272038193704,0.09344353407515231,0.0899533506405929,0.0711778821753475,0.0633995421043731,0.09301061230197734,0.06460170688006751,0.05375239659489968,0.05229890246143813,0.10252112284913699,0.06335451535926313,0.09160086361826128,0.05490285055755308
10,10.0,10.0,0.09492694915971282,0.10064457796943578,0.0770612980430779,0.07812475855169565,0.06845449826474573,0.07128962787474522,0.06735727228820897,0.04644425633114271,0.03788019421823659,0.11327416369783902,0.07110536386919165,0.10598949597327038,0.06744754375869758
11,11.0,11.0,0.10137551336695938,0.10154556255420914,0.06989931471304658,0.10241509712149555,0.06291517027939579,0.08430892099563926,0.07146297174311708,0.040984916746066004,0.02399293018718011,0.11539114710287399,0.06548372749578292,0.09826334004864129,0.06196138764559287
12,12.0,12.0,0.08928992245234356,0.08944358900317963,0.09335568036865705,0.08293786809630224,0.04770266450464068,0.09300325973115806,0.04622373374969244,0.06597514504384758,0.034064464684849534,0.11126440367345461,0.08181424934352481,0.09180277927851563,0.0731222400698342
13,13.0,13.0,0.08517892478394305,0.07998412511996482,0.08426691701968592,0.08440354302561379,0.056315221822683045,0.1026110762822516,0.04471644492946461,0.06246352987515241,0.035078547172508766,0.1273569739658606,0.07210054354480736,0.10316911293171019,0.06235503952635394
14,14.0,14.0,0.08902970322321554,0.07931456407619569,0.0878442612230949,0.10053300691640252,0.05952997394448891,0.10037687674820535,0.04554656898754672,0.05011482003293355,0.03170499920607644,0.11096068778690674,0.10797796865023009,0.08405905493549995,0.053007514269203596
15,15.0,15.0,0.0790218768879526,0.08623971509574005,0.08274887542687312,0.09056326191222416,0.04344546284779178,0.09888898117175224,0.080982854670573,0.05291149139242427,0.044527292975904936,0.12857268647564124,0.06407437611588812,0.11401912585833363,0.034003999168900914
16,16.0,16.0,0.09091208990881984,0.0735534983207514,0.09323425004270128,0.08112995410951174,0.06159777880200691,0.07853278830020395,0.034416861020617126,0.039299140064444064,0.06806408753773444,0.11807047300341567,0.09730794271090058,0.11396484174300167,0.04991629443589132
17,17.0,17.0,0.095586192040596,0.09669101036570385,0.09239403789171416,0.06571017049487787,0.05828190783800752,0.09916016336203004,0.0582429552997216,0.07474703322164641,0.029710502223934954,0.1080915230405155,0.07218209352052876,0.09593592330699949,0.053266487393723895
18,18.0,18.0,0.09301247015657743,0.09292502271179995,0.09390281993578593,0.07794515065695609,0.072384461923581,0.09727654795056967,0.04981763199582068,0.05997172512309368,0.020272105668926975,0.12161632736066916,0.06597134750548347,0.09218248278486958,0.06272190622586647
19,19.0,19.0,0.11079988306364497,0.08422017293549486,0.08357098157950309,0.07948457502800656,0.0709495228375648,0.08853585943183316,0.03989548549842814,0.03664815085078834,0.0510065363700626,0.11194222515646898,0.08854042218995044,0.09486798275344839,0.059538202304805665
20,20.0,20.0,0.08284541089274008,0.08584992931301869,0.11548371003815028,0.08074967163679249,0.04527854304458776,0.08439166958745761,0.05560934322378901,0.046971866970140365,0.06827557780606944,0.12371959341775736,0.037858572984671414,0.10907971178425509,0.06388639930057041
21,21.0,21.0,0.10276376133453087,0.08496754427552118,0.0884004360840709,0.09952001399523322,0.045824544729495646,0.06949523263512006,0.04764974840448695,0.03680795173257005,0.03723280709379436,0.1312078784010838,0.06271160959654726,0.11843721665326812,0.07498125506427765
22,22.0,22.0,0.06545659633151243,0.09562610992116229,0.0921887918797035,0.09796457322036209,0.03618608057635322,0.11107600266112475,0.0345947216907304,0.03919981546951379,0.03982482306112204,0.13119357986176836,0.09618992027594644,0.1092182916839149,0.0512806933667859
23,23.0,23.0,0.06340934252251287,0.09495432548258338,0.12326654085945699,0.09889363836432105,0.034216151351522166,0.08950128984818226,0.04242904680448177,0.06608514790021416,0.039134456261147435,0.11253601893043,0.10105152561476967,0.09827636499372361,0.03624615106665471
24,24.0,24.0,0.0658493258089104,0.09134640977808386,0.11690402069292598,0.08398590892110222,0.046670643227467126,0.12364114020459907,0.0372457817623871,0.0381272358071114,0.015472298636046693,0.14258676238383675,0.09526827951004146,0.09908214162495015,0.04382005164253782
25,25.0,25.0,0.06090780628113126,0.09767647582512284,0.09202480746660792,0.08465021628890934,0.051730879756366276,0.07782903567223406,0.07105527924767954,0.07438883920229898,0.025959453330799093,0.1251785357873144,0.0760535777027724,0.12465871639060377,0.03788637704816013
26,26.0,26.0,0.08511538196490868,0.08294041150869455,0.09474898101417736,0.0841710585551837,0.07502880663446078,0.09936013072889666,0.04328432265924834,0.043700892623394286,0.012092526593539325,0.16583352967956078,0.0638655188706925,0.09629150868931612,0.05356693047792699
27,27.0,27.0,0.06507402870801235,0.0970019678943851,0.1132873330488245,0.08095662601973448,0.05744646052386128,0.09735670867553282,0.054018046768560056,0.03591509540841008,0.03805538764715164,0.13345986685086386,0.06227547708469226,0.1079382283184114,0.05721477305156022
28,28.0,28.0,0.09892253205346584,0.07102995917831322,0.11118853760957599,0.08095704322462463,0.06440575190555388,0.10982172874845468,0.06770204521283617,0.06104988568194984,0.02308338899961301,0.1188553510737284,0.04578696982291032,0.09804737495245822,0.04914943153651576
29,29.0,29.0,0.07505978296689106,0.0985843068413634,0.0869815277840155,0.0744318221996895,0.06432994056224964,0.09626247746432202,0.06160997610404104,0.07056025032701178,0.013832509367486714,0.1529073776997395,0.052330082249359776,0.09715068365035089,0.055959262783479194
30,30.0,30.0,0.09590071229103858,0.08278190440215241,0.10896146560951363,0.07166655914172246,0.07676275378253095,0.09954012645151121,0.04352392384939311,0.02760980072784073,0.06314763017668804,0.13334802130430534,0.05471906072179307,0.09923328870714923,0.04280475283436134
31,31.0,31.0,0.08874050072026939,0.09995484534670604,0.12951156313421597,0.08266521553516934,0.04014644189362048,0.09781258041218507,0.04777207886990328,0.03627703580951509,0.01868998303593237,0.14881552170075146,0.033354285343231094,0.12462663693795244,0.0516333112605481
32,32.0,32.0,0.06262892107992649,0.056755152309778366,0.11545954274483347,0.08862691772064138,0.052868145356559794,0.097403258716967,0.10579150240642979,0.03217653852709283,0.041747209913376535,0.14061215259304954,0.056100345529551544,0.11867515374656187,0.031155159355231415
33,33.0,33.0,0.10081753478688497,0.1319228674956731,0.08073972399568169,0.06963661840293653,0.05267528437439646,0.09479856240779634,0.048252148593343466,0.03198495940486977,0.042003274185702405,0.10883249083248273,0.03807929768725183,0.1174312089031139,0.08282602892986686
34,34.0,34.0,0.07697578137936606,0.08818366154362314,0.10004451486348853,0.08269869263197231,0.030644176183120764,0.11027262267218271,0.043219910319279804,0.07082908398298414,0.02246069361121577,0.13125635547862027,0.05080052952905417,0.13664381003389642,0.05597016777119588
35,35.0,35.0,0.07758915670036447,0.0977959813461081,0.127179963147323,0.04793622637981242,0.06711786865150243,0.11547619270951523,0.06836955998562348,0.028633581027598408,0.027830603235785695,0.13039286918654283,0.03356220509646273,0.12427852818878751,0.0538372643445737
36,36.0,36.0,0.09928771329272605,0.12713879326856078,0.11757253739636894,0.08664684119607127,0.03787314877527463,0.11977754164745931,0.03903474040119197,0.04806593029038834,0.025280400781729835,0.10207844855009443,0.03776912681238394,0.10821788290230508,0.0512568946854454
37,37.0,37.0,0.11065932308838763,0.10701924181770753,0.09209954538764938,0.0704595620049491,0.03818702326739725,0.08952144245145807,0.0975736188286962,0.0389215544579457,0.017792431411276385,0.12377325554437599,0.050354913472522314,0.12159907684801423,0.042039011419620256
38,38.0,38.0,0.0643620985861817,0.10397018470643475,0.1445467922498662,0.06776965469984354,0.0268122714154372,0.10707758637079293,0.036020052107412825,0.05195103232329247,0.02345002273736361,0.12158718616364557,0.05831599028476982,0.13795957854389662,0.05617754981106279
39,39.0,39.0,0.08769745073710734,0.09877108208419544,0.09009146275130653,0.09888848996460382,0.017989487017657423,0.07603882440826894,0.030685340874606136,0.035051619375617134,0.015713540496736476,0.13610570470114136,0.08805618239070398,0.11397496047627043,0.11093585472178505
40,40.0,40.0,0.08917671007071208,0.09875897222477975,0.11654724408463746,0.06192627805933668,0.03772354654003955,0.07048726664045665,0.032922727637867535,0.05457049951831923,0.053896355609147385,0.17063066471948746,0.06296176783685248,0.09445123339945846,0.05594673365890533
41,41.0,41.0,0.06212449771745772,0.08792170752059164,0.12987825459748975,0.09559418528276117,0.05861110196907989,0.09673627431602384,0.0635305515618976,0.03833500940179553,0.025084083961456366,0.12987357332545646,0.04397356672582316,0.10925928862165393,0.059077904998513044
42,42.0,42.0,0.07870065003844445,0.09651998297319278,0.10172856561902399,0.060260797657365195,0.028597384861502352,0.07436662662500108,0.08743955427490255,0.03241116015855866,0.036990807519897896,0.1272344815637993,0.08496035812494777,0.13285605640194148,0.05793357418142262
43,43.0,43.0,0.07042747097096005,0.1194631738948037,0.10932541592193687,0.046023778610369014,0.03915213168425336,0.07271341124514977,0.04915916076537549,0.0867729682842934,0.04759724619994027,0.1302432449410479,0.03865972338715166,0.14943631218408843,0.041025961910630106
44,44.0,44.0,0.08177278874628097,0.1055710076192021,0.12520356347955436,0.06707711667383104,0.07338940150880172,0.09146625256491313,0.047859982616287565,0.06374989569260676,0.01713552217027508,0.12440517383715118,0.02519242045992881,0.1074458369684588,0.06973103766270856
45,45.0,45.0,0.1053907765548447,0.14218307511115308,0.1192010512376334,0.07397316863574355,0.04689156283902578,0.08357954308276447,0.04977517984434109,0.05153496675017584,0.026925743494835265,0.11842693431738945,0.029490262594690807,0.10525068838354865,0.04737704715385399
46,46.0,46.0,0.08277189331347623,0.100012597906704,0.1269182002646634,0.05925207543051285,0.02418614880310485,0.08617682700711697,0.05081061662731303,0.025537665541622484,0.04121444624642906,0.1505762918949975,0.0305233347007691,0.14124528225232086,0.08077462001096974
47,47.0,47.0,0.0958745092752293,0.08605335256362058,0.12195120087975328,0.06326194858796168,0.04586574119282884,0.08747227995113513,0.095313371553024,0.038965286690796276,0.012107486907801352,0.14980434294206618,0.07017492614674038,0.10137858073132507,0.031776972577717985
48,48.0,48.0,0.06890288204358,0.10195306532814932,0.08963357525066969,0.07640548098143825,0.03537664586171401,0.13324409821686492,0.038065453478506234,0.03499008812511974,0.03121020291125338,0.12904160296077377,0.07928464671205923,0.12434812443241454,0.05754413369745699
49,49.0,49.0,0.07326944573136661,0.09483900870101016,0.11705393499537653,0.06662333457344502,0.02152291025409855,0.07736525047765552,0.04632881868253931,0.04831031760379628,0.038853789249444735,0.16999225076280905,0.04512395792522946,0.14753894496865588,0.053178036074572874
50,50.0,50.0,0.09720489602643019,0.12461484320043874,0.08063435974894081,0.09275744341521899,0.0426311685041291,0.1194905449243765,0.04149888477617799,0.02349737082818287,0.04567349334932359,0.12190507631861391,0.039604805395216026,0.13483313550152506,0.035653978011426245
51,51.0,51.0,0.06600129936654818,0.08569219170605644,0.12732014531863983,0.0696528056114196,0.09296825864977529,0.10137831125255045,0.035370542933571905,0.03931110740847665,0.024968146156307037,0.12034220510147531,0.07731920433451361,0.12715109465804175,0.03252468750262398
52,52.0,52.0,0.0791281534249212,0.10346377505742668,0.09006020310209324,0.08762826973662823,0.05811140991924757,0.10228214954777085,0.04291120363808087,0.03019617078155762,0.020048628091719197,0.159823266605378,0.05102674001687176,0.1043909616604068,0.07092906841789802
53,53.0,53.0,0.06603805933686178,0.06662644654201605,0.11918619758806259,0.09485475522321729,0.08706713978070514,0.09543781983602961,0.06134627933732713,0.02079787457000554,0.05235370682197429,0.13898959767183036,0.05847491863508553,0.08331225521337167,0.05551494944351306
54,54.0,54.0,0.08686164332618879,0.09361650804503503,0.13169648703801218,0.09187675186491792,0.06838630775880657,0.09632972813600704,0.03954728050879909,0.011445074858007276,0.022592902334294757,0.13725492925563068,0.051054463439531295,0.11236547684770211,0.056972446587067335
55,55.0,55.0,0.08106621740197527,0.10598015972763945,0.09655336120941972,0.09393503008973841,0.0351795326736271,0.09355707664581621,0.0772346583480554,0.043364804336122276,0.01110203137506395,0.12483144456088387,0.059571712294179804,0.12281965164300232,0.054804319694476286
56,56.0,56.0,0.05810381379531062,0.13454031333861943,0.12018447463422739,0.07536428671476511,0.05932325299533825,0.0994941534022869,0.043014567117062266,0.05035695223543792,0.010000000000000002,0.14490574795378702,0.05277785000104299,0.1163940641560907,0.03554052365603133
57,57.0,57.0,0.0812550718744478,0.12003572240771802,0.12872223723355866,0.057468697412421575,0.08707306509622108,0.06884411793272108,0.028549629290297824,0.016578265099917288,0.036200541644773876,0.11494895524071609,0.0916796968027759,0.11036215415158801,0.058281845812842806
58,58.0,58.0,0.09676999627005337,0.10478275997271398,0.10540696854686882,0.05605382208216175,0.05893192394976247,0.08282122555122019,0.020169790746328332,0.03915755452098281,0.02987478039085594,0.18670418530505203,0.0365601309685338,0.12525529945875513,0.0575115622367114
59,59.0,59.0,0.08661444181842655,0.09112610069095514,0.10443910287484053,0.057968230528816965,0.0406783435547206,0.09984874765204939,0.04076136589219982,0.026871529224560476,0.02596832341177698,0.14479619699503202,0.06486467817108721,0.136758249435934,0.07930468974960045
60,60.0,60.0,0.058624709425417185,0.10170084039095373,0.12148729949110397,0.05816718486875331,0.07478551712188386,0.07735804115814764,0.026375707321125413,0.07125223078547643,0.015335338199107004,0.15650467156893613,0.039496102884241574,0.14008130507365363,0.05883105171120014
61,61.0,61.0,0.09068840185570336,0.08629779705048601,0.09917867962540759,0.09951533764536806,0.04968038610806605,0.08397352052229494,0.03678992164455555,0.02739279611674742,0.015787681311934147,0.16202344246791947,0.0600934899326365,0.13392253484634503,0.054656010872535896
62,62.0,62.0,0.08590468707762913,0.08598344922629357,0.10692633821123847,0.08326698584905241,0.05549374924583807,0.1373922206747244,0.024712460854990518,0.03250035056990713,0.06329599467669607,0.13075160983561512,0.039636005810007834,0.1288478792538927,0.02528826871411462
63,63.0,63.0,0.08003835918028843,0.10373721075886769,0.1397491866208178,0.06657721014533756,0.02680873308066365,0.0988650806899717,0.08527687048443809,0.026770362527737505,0.024237709593979636,0.1376075435338118,0.0564801251828568,0.12428766152858244,0.029563946672646935
64,64.0,64.0,0.06530498064687666,0.1152315811616843,0.10119590747190736,0.1159863198123734,0.049623480147675904,0.09997988047896128,0.05835353132090106,0.019001595182720925,0.019044714654010822,0.10554068836391665,0.056738387903188706,0.12192102146890364,0.07207791138687927
65,65.0,65.0,0.08392758772287764,0.1061588298235441,0.1283359817384327,0.06562999864073249,0.05116563758800017,0.09976425491643241,0.03690800188176582,0.059898399953717395,0.010000000000000002,0.13936027631422643,0.04418030546837594,0.14661388070808792,0.028056845243807044
66,66.0,66.0,0.0791196592862057,0.09519175022172624,0.10905155696802848,0.05944345862762131,0.04814258025088097,0.10291793271063324,0.023742343885004465,0.024671648823757282,0.017762066752590688,0.17957301153911637,0.09608260154931532,0.11454000379453626,0.04976138559058378
67,67.0,67.0,0.05804416934062915,0.10535827914274538,0.08248746093090872,0.07960884916032049,0.05134342973593927,0.16960208739714627,0.03643926847170138,0.012636084330967265,0.010657285807804841,0.17733591272287325,0.05522309094229547,0.10129745400907479,0.05996662800759374
68,68.0,68.0,0.05381398017129555,0.06735707654176497,0.1618039367418481,0.0679038145107715,0.026709173750361255,0.0962464175863812,0.015823893559208508,0.07092311925885317,0.02065173000534477,0.1571001630114174,0.10309617931675134,0.12282944158043452,0.03574107396556777
69,69.0,69.0,0.039980786277460365,0.0991051055641064,0.10247445378691941,0.07373121779935439,0.09023486588835497,0.1042178856857566,0.03420525360638908,0.040015342052184856,0.03339968317068319,0.1639198092384044,0.0430574583330022,0.1132526858334485,0.06240545276393563
70,70.0,70.0,0.06342511705852234,0.08829151136687162,0.11586301760096882,0.07900800790224667,0.0342851238644893,0.11290597679992195,0.017573376841146803,0.026716027685245565,0.064430440194026,0.14870942401668227,0.04727982091302581,0.1556323101402322,0.04587984561662065
71,71.0,71.0,0.053293595515284606,0.09728361479277824,0.0907177052693194,0.05645528714338853,0.015430708773469578,0.07880082243742578,0.0778104741749935,0.039477798961659614,0.022948724883329885,0.17655497085037536,0.08896285058541067,0.13420231628824203,0.06806113032432284
72,72.0,72.0,0.0600639644015588,0.11565286774258265,0.09014422250808836,0.06507770150049158,0.06306123041072713,0.10276888074240054,0.07649185443462134,0.018229596229966536,0.03817445820346694,0.15367969291655076,0.03627978705932912,0.11148552862219616,0.06889021522802012
73,73.0,73.0,0.09765731623760746,0.09865362705556172,0.08847917843823154,0.038335702440555036,0.028317738805409397,0.08766942768086203,0.0697453111243496,0.03680905428067658,0.020293164675571868,0.14418141706010715,0.06719291179383385,0.1507941914267266,0.07187095898050722
74,74.0,74.0,0.11212084950161391,0.10712715278324536,0.10116664685437146,0.03078281573111722,0.011572009363065176,0.1054917179981469,0.07697516171473806,0.02695419715064925,0.010000000000000002,0.19167133673738174,0.03455452559990953,0.15608226583531543,0.03550132073044597
75,75.0,75.0,0.10788807116303274,0.11344014968666868,0.068834378842351,0.08274936261295006,0.023567022266654032,0.14509863854100577,0.036327430265866094,0.017697665408077677,0.03783415207014562,0.1542467443358984,0.05175898813762383,0.14344007484571575,0.01711732182401035
76,76.0,76.0,0.12522640947177094,0.09130903063679566,0.08961656718916242,0.10954745431084231,0.0761772997458522,0.07687055941194208,0.042792799279922265,0.04756625237066228,0.015016079053710801,0.14519975428589224,0.026843822795327016,0.13845922813086703,0.015374743317252684
77,77.0,77.0,0.07175504443397435,0.09410767269905702,0.10951542919639896,0.08961698349391205,0.05611997097506081,0.07085745210700296,0.05386375990597005,0.021888588049357522,0.010000000000000002,0.2008043010374244,0.042547616346167015,0.15139004544898507,0.02753313630668982
78,78.0,78.0,0.07466747087314993,0.06839843620403768,0.08315071157411577,0.04026436083151595,0.07391446684602412,0.10285563490241582,0.054056695112599154,0.05832682455360355,0.044121105653782966,0.14969195064599197,0.035599181854100735,0.12385698376059832,0.09109617718806405
79,79.0,79.0,0.07517715535464874,0.08112960644623504,0.12350661278741368,0.06335268392794559,0.04876765489246203,0.09029115807058023,0.055266402563542004,0.04303669640829817,0.016451895263261806,0.19315543591020273,0.04038643463082864,0.11010768783566319,0.05937057590891818
80,80.0,80.0,0.124130887686141,0.1015659409931027,0.13752100683864638,0.0341338900014821,0.047557646514581595,0.08861996541212364,0.06512537402431265,0.036475195336029116,0.03568972330773755,0.13814443727658018,0.048470394533443775,0.1076116899720756,0.034953848103743766
81,81.0,81.0,0.0738526878339881,0.08183797703381945,0.12202569986948819,0.07949442279591636,0.048865056109016786,0.11093048101120735,0.043696514795978546,0.029800042594820775,0.011840528537419733,0.1513782183894367,0.04656939622900985,0.1432954578238251,0.056413516976073066
82,82.0,82.0,0.05637976862458138,0.08755592020125776,0.15601113747290773,0.07390885627721719,0.038181205236808013,0.1176218879087115,0.0688843875534691,0.023551621602216168,0.025441136793468537,0.1615545549542451,0.027394995236202875,0.11544385336370108,0.04807067477521372
83,83.0,83.0,0.0960636804088594,0.08919731369297225,0.14440900850783184,0.06953660156993714,0.035973459927197506,0.09610849561478732,0.05172091457931427,0.01544960553334054,0.010843859625289855,0.15834748833111958,0.027126142396614643,0.1487735438972126,0.0564498859155231
84,84.0,84.0,0.1297810358439921,0.06548607375506191,0.09205411202614493,0.059301852264100695,0.02683630049578269,0.1162526362254586,0.04898352227597452,0.03391336846924196,0.05340512835446258,0.17595758654249177,0.07408751273219356,0.09047321518699393,0.03346765582810072
85,85.0,85.0,0.09835083308599521,0.06932477306092741,0.10898361859510072,0.06348360208212922,0.027845131569783722,0.12742034250558837,0.034778095042381364,0.02158464572593502,0.016344845759563346,0.22639065052335378,0.03602624671479038,0.14476388298188847,0.024703332352563
86,86.0,86.0,0.07842765393898835,0.06718936280554788,0.10295406985094377,0.05912791199039361,0.054661088660525506,0.11783345934921505,0.02282743537217524,0.03284256447039393,0.025639064613296618,0.244153794972476,0.04398262294199863,0.11517687461259833,0.03518409642144713
87,87.0,87.0,0.09364818744560678,0.09674870269247204,0.1628880564464235,0.04635598151635547,0.07393231779002832,0.07014551605938825,0.04852846539181212,0.024392417021921655,0.012522634835376977,0.14260706880608146,0.03004430066764723,0.10263635090959722,0.09555000041728903
88,88.0,88.0,0.09500869061202662,0.07949775761560393,0.10581897726301215,0.04976129257145597,0.063030705509047,0.10952999051407483,0.05734682521883403,0.016515552259068728,0.010000000000000002,0.16384105287515424,0.06641111260110708,0.14109582709923255,0.04214221586138287
89,89.0,89.0,0.11330052006063387,0.09090441641553679,0.1002613414659417,0.09021602687095445,0.04184273652793432,0.06981193292222726,0.059653121323983184,0.038011891853316715,0.018961543220817965,0.12693408375938292,0.05244522371727928,0.1314271854052619,0.06622997645672968
90,90.0,90.0,0.0955384177703337,0.11829995625955048,0.11930908722171565,0.06284725716671632,0.06336659359026148,0.08086527184734259,0.043432263146800286,0.01101212970265175,0.010000000000000002,0.18727319887029706,0.027729805312302697,0.12955268287733604,0.05077333623469192
91,91.0,91.0,0.10083884688829721,0.07167665226695127,0.1136368305111167,0.10402285699133913,0.03886051117771141,0.092012239343167,0.01737658076991592,0.018592711868538454,0.020862863661978058,0.19067146082789396,0.038194200099874995,0.16094129896559733,0.03231294662761862
92,92.0,92.0,0.06921014334262031,0.10264765574890904,0.12968481827151024,0.0827974310754077,0.043450336991980074,0.08383583051689673,0.025339915738470397,0.03431709863715811,0.03225675675675676,0.15414471683772285,0.03373355325396566,0.1608354052268665,0.04774633760173566
93,93.0,93.0,0.09156340868646526,0.10598694182966206,0.10437024844122382,0.07679777923971995,0.05491620645344627,0.05110157424121835,0.05705500649028185,0.04461706574745822,0.037603484048104964,0.15569245753228098,0.03518032011424108,0.15089086139410626,0.03422464578179108
94,94.0,94.0,0.07660146528676424,0.10465049585829071,0.1610203511442218,0.09285050013289352,0.05054295450930733,0.07096772804270454,0.028374824017623857,0.010566116662793402,0.012483817926517992,0.1822650341659526,0.024206293198396074,0.13713308090133294,0.048337338153201063
95,95.0,95.0,0.04852915782733781,0.05047406733690048,0.21631887389008905,0.0877524625549124,0.05438073188710072,0.06502225583860502,0.016390212922647637,0.057882894954049434,0.010000000000000002,0.15338457068139513,0.01605819390724538,0.1381758760669278,0.08563070213278912
96,96.0,96.0,0.040731039685841755,0.04696070097090006,0.16750244653338633,0.08887062326132528,0.0788110142402934,0.06333703919231558,0.05163449902021368,0.053449977253285416,0.03191507458780425,0.16339236634979348,0.010000000000000002,0.1610575521132797,0.042337666791561215
97,97.0,97.0,0.07944207959734026,0.06964252026689191,0.12946281803355583,0.052847891460290175,0.024376217381840086,0.07922635341279402,0.03334020135554671,0.04534896745409256,0.03111250516321403,0.21254475711996892,0.07748914569811045,0.10270342673316135,0.06246311632319368
98,98.0,98.0,0.07967231042259734,0.06983892208287869,0.11594058725116292,0.08094276246879514,0.05130703944979946,0.08707373506731082,0.01763931025304673,0.0402585349563961,0.011235291196025763,0.16528622483842087,0.07017662818430133,0.11704158382949785,0.09358706999976692
99,99.0,99.0,0.07931513941397411,0.130055961679905,0.14619785597366064,0.03951968171573003,0.04920097464858773,0.08425279120221138,0.07537348443463585,0.050811361021252034,0.010000000000000002,0.16808241864515108,0.026139133774065754,0.11063885943459613,0.030412338056230264
100,100.0,100.0,0.07571060531326707,0.09503931854265742,0.12469685229997415,0.0946760980908318,0.05232668984461253,0.08187350415042909,0.033849701643604325,0.029735336975949888,0.010000000000000002,0.20363665535369307,0.0429525699072012,0.11707280387141876,0.03842986400636082
101,101.0,101.0,0.14033188469387292,0.0634774449191684,0.13683607087392552,0.0901218605740447,0.06374867369186839,0.07015264728135615,0.03978645313973251,0.031510463155699775,0.010000000000000002,0.18598907576374657,0.06422428763921006,0.07089903508158363,0.03292210318579138
102,102.0,102.0,0.08229407995540858,0.07916548284139899,0.17001536657113883,0.06289652583628844,0.02927301886855831,0.04510389078187772,0.03687541298647708,0.06339953688174507,0.010000000000000002,0.19314917240224644,0.04547898676913573,0.1403429679470899,0.04200555815863486
103,103.0,103.0,0.05935609239172818,0.07665259312279334,0.12662507294420827,0.0820386549503361,0.02374674186918322,0.09690022678725861,0.025034772606037082,0.03166581744697104,0.010000000000000002,0.20208015076865654,0.049173186778744896,0.13820551020574606,0.0785211801283367
104,104.0,104.0,0.17245321235368177,0.05071801996670032,0.10596764877677978,0.040838593236673694,0.012447526316989354,0.09644103161414855,0.028009007895616705,0.011391670623755129,0.021224687627860134,0.15306821816877433,0.12430127278092287,0.14473238279831108,0.038406727839786284
105,105.0,105.0,0.11562299057508292,0.07195074112219416,0.1529956119729662,0.042347092295296006,0.05902211793728064,0.10813770066427911,0.011258793768069389,0.010000000000000002,0.027335131578947368,0.15867853592184877,0.07588896270150028,0.12935244856275294,0.03740987289978219
106,106.0,106.0,0.09743028136475418,0.09717103817258968,0.1305706299525809,0.07571808005516717,0.046031748007709025,0.07922211081764811,0.06740380357356207,0.010000000000000002,0.03262509480234594,0.15720643767715056,0.06146621480970267,0.12777311357448223,0.01738144719230752
107,107.0,107.0,0.08456604682888756,0.04831492270840402,0.11780082488573526,0.03987988123316272,0.05378743217605579,0.12616095465427635,0.07572296555081795,0.010000000000000002,0.011089076454736335,0.1762981130981422,0.091158632125633,0.12058190323282683,0.04463924705132207
108,108.0,108.0,0.07470724124051867,0.05979822305792733,0.1583695636961473,0.04496189389169271,0.013815085092120321,0.08709932840237525,0.03287601295186225,0.010000000000000002,0.058110790848744376,0.15702629002187202,0.10249873623075072,0.12746412557969788,0.07327270898629122
109,109.0,109.0,0.07510809575162891,0.09351818913236279,0.1364744056991078,0.0497788518418415,0.07698467686012399,0.14404175040354733,0.01988556657642308,0.010000000000000002,0.011479418887499242,0.15549945279771202,0.06387877912508914,0.13196193046500712,0.031388882459657125
110,110.0,110.0,0.087593228526679,0.07933501126864605,0.1186267809771154,0.07271733015179957,0.0653760604452088,0.10042604804001336,0.04183063377811487,0.01706315045588831,0.010000000000000002,0.18021375904829343,0.057005087608186636,0.13528762135191208,0.034525288348142565
111,111.0,111.0,0.07104928984982685,0.09306825516980761,0.12529450100480924,0.02939683715575881,0.024762612232306275,0.13457017523577633,0.010928067495817881,0.04552441831032614,0.010000000000000002,0.15948969492197862,0.10176176589521527,0.14261063807349678,0.05154374465488019
112,112.0,112.0,0.0681698338986971,0.06551543721319761,0.13043905923434967,0.048380739449175085,0.05720944384015418,0.09152140157610911,0.010000000000000002,0.040770862280231204,0.0321548730422068,0.2203174366114536,0.04395349282310178,0.13951180406115243,0.05205561597017143
113,113.0,113.0,0.05563728290564659,0.04496815451217468,0.19840817005035633,0.021842715335549025,0.03388334860895566,0.10051988747543968,0.04000125344309462,0.04056989843140475,0.02757280275773983,0.17225754014255962,0.038403995421882976,0.18816960365471147,0.03776534726048479
114,114.0,114.0,0.0488262169206498,0.11379136057692171,0.1470085959025271,0.045335174850403684,0.036278954710647314,0.10306835112636192,0.016371958228339676,0.05092800747661377,0.02852089782865049,0.18607176051420452,0.0329793832328659,0.14419502272611828,0.04662431590569588
115,115.0,115.0,0.05860983166025387,0.11692284880861778,0.14668378453977887,0.09319348867528107,0.024585206226829852,0.07602824267819919,0.028166264335813023,0.01082085528734224,0.02257616284390166,0.17951030961345454,0.08543079517353848,0.12892890481015729,0.028543305346832165
116,116.0,116.0,0.08329852703972757,0.07502132701137978,0.13610733399995184,0.03905419427361537,0.02382274629192101,0.08945436753528573,0.04453987099070849,0.010000000000000002,0.035505754432161266,0.19038858862584312,0.09476591303016488,0.11510390135698267,0.06293747541225828
117,117.0,117.0,0.08739998174815435,0.09932879114934562,0.1642553261262578,0.0998233578286722,0.011840495976977745,0.07842887559290687,0.03264306037014651,0.025037974683544312,0.011718772760378738,0.20423016326099122,0.0461097107737671,0.11010168587729567,0.029081803851561883
118,118.0,118.0,0.0931287868103259,0.10257704441226775,0.11417409580983393,0.07600417590041957,0.02300248812736553,0.060935111957114006,0.020170211615576535,0.05997526430320582,0.010000000000000002,0.1636838068270639,0.02146006396403749,0.1985199203136085,0.05636902995918099
119,119.0,119.0,0.0998937554971247,0.06980097651130888,0.12779961061759965,0.06472886718626583,0.05946515364229682,0.040895073059242795,0.08332913281117155,0.018003431248499825,0.010000000000000002,0.15338118064457956,0.07044901442779869,0.13772582020065746,0.06452798415345425
120,120.0,120.0,0.06149031437611772,0.0860999837850149,0.13507551219952474,0.05063966577484236,0.041058165034873875,0.13333866027963376,0.035484012585724714,0.04148227357003157,0.023376945850444093,0.18669597564806112,0.0321377181799848,0.13646223222946,0.03665854048628635
121,121.0,121.0,0.05468612178986203,0.072878451271745,0.13720618527921735,0.08399804261358909,0.041947592914363785,0.08753701531934313,0.053477756136907605,0.05379050334622528,0.010000000000000002,0.1785634310892122,0.05672953529023063,0.1377245499958048,0.03146081495349917
122,122.0,122.0,0.03571663040275699,0.07342860219109834,0.16781225713440162,0.11936244118911077,0.05100556167988356,0.09227785903359438,0.037113439749591116,0.013888896557050733,0.010000000000000002,0.16843490130260275,0.07929430974735543,0.09137182274274272,0.060293278269811644
123,123.0,123.0,0.050101406535203744,0.13698275223768447,0.11884798061746937,0.054040614023993974,0.02368570426355554,0.21346315688334747,0.021553377717788157,0.010000000000000002,0.010000000000000002,0.1454352281821262,0.031804248643017646,0.15907645109885016,0.025009079796963256
124,124.0,124.0,0.04381228974221517,0.05368304334219106,0.14924737012824688,0.08061570157743939,0.06892223920458133,0.17782553157740777,0.010000000000000002,0.03849378969158977,0.010000000000000002,0.15464530053391728,0.05004113467833552,0.14534242978677855,0.0173711697372973
125,125.0,125.0,0.040613038652598674,0.054496927240744064,0.1653056222714196,0.07550950918376052,0.035526768616940804,0.091892344414848,0.010000000000000002,0.02643007762630033,0.010000000000000002,0.2402712985968071,0.03781771317299555,0.1745337855914092,0.03760291463217606
126,126.0,126.0,0.0422152854802887,0.12892497876735726,0.14872187337236564,0.039937449507213056,0.033742717728802905,0.18333546360504976,0.03445477773365589,0.012940665550439514,0.02780406472115523,0.1841385220641376,0.01354420105858449,0.13307273515011828,0.017167265260831656
127,127.0,127.0,0.05906027278945821,0.09123354104803347,0.17156174730545432,0.03330919752245838,0.03597310034045777,0.10118089329940552,0.023236474808944727,0.029233755127937362,0.028991636219571248,0.18886931340232235,0.03305569712885813,0.15864356774669094,0.0456508032604076
128,128.0,128.0,0.09324964122233836,0.08040517814286659,0.11523095170868065,0.04987442875025529,0.044979477471813266,0.11926640245223333,0.049378099620037266,0.02325057356927829,0.011181118554363139,0.19536083252512446,0.0129,0.19040772504875328,0.014515570934256058
129,129.0,129.0,0.09964709130627283,0.08599248176617054,0.12130831787611802,0.022034934501194266,0.02409376559399709,0.09973752567224203,0.010639183673469391,0.02175315858006759,0.018516297886361843,0.1968450039268983,0.046325655355022824,0.1698771827070939,0.0832294011550913
130,130.0,130.0,0.11413359621692583,0.08070375590715681,0.12443862285357254,0.045813483271406455,0.01801532053228137,0.12471064461110122,0.015681309589593136,0.03925266231352636,0.010000000000000002,0.24205591006685498,0.045168324086242294,0.11724698899671988,0.0227793815546191
131,131.0,131.0,0.0728144806850742,0.057049939116976256,0.17706278993805677,0.037392237480535086,0.04423035676918822,0.08726582016289997,0.012929367088607596,0.02370655785553963,0.010000000000000002,0.2647142760557001,0.04122292948212397,0.14962678889398587,0.021984456471312305
132,132.0,132.0,0.07936945430695827,0.0842451751018339,0.13253085164363845,0.0483381310372786,0.049412024375078314,0.08123980443729939,0.02874139823310784,0.010000000000000002,0.010000000000000002,0.2415599210425842,0.048735653790791714,0.11809442120075017,0.06773316483067915
133,133.0,133.0,0.08013932049589415,0.08481288068134941,0.11430443935889752,0.07962838979181593,0.015578820539906649,0.13591455083738713,0.04068631697045329,0.010000000000000002,0.010000000000000002,0.19608444159518595,0.05377726487996283,0.11809339620516317,0.06098017864398396
134,134.0,134.0,0.0420035737887731,0.09809509041544803,0.1190751483213696,0.0924888153387115,0.03290654482560903,0.10552010426995603,0.06778820068527516,0.010000000000000002,0.033110979929161746,0.21464629838073596,0.022155207898594688,0.1377803859784416,0.024429650167923485
135,135.0,135.0,0.058964868277392946,0.16697112326738323,0.10199830811969826,0.07181078880280607,0.019589211695013403,0.10448103807319424,0.016720247956487057,0.010000000000000002,0.010000000000000002,0.24027015780754907,0.05231117912410842,0.12576274241408542,0.021120334462281877
136,136.0,136.0,0.08441522407046002,0.1331188218611294,0.0979881945269471,0.06906932219200852,0.06521635491097709,0.1302112910170445,0.010000000000000002,0.010000000000000002,0.010000000000000002,0.16426064710414018,0.03336798078693374,0.15245871760481877,0.03989344592554067
137,137.0,137.0,0.07524642419342091,0.08742902842432518,0.12569686115449366,0.027107651847057324,0.027819213114004804,0.13618615111569599,0.022865684720352428,0.010000000000000002,0.010000000000000002,0.18173203908375407,0.032626914900697315,0.12820925837686786,0.13508077306933045
138,138.0,138.0,0.029784789877725065,0.08256232284804844,0.11185092024622183,0.05601834195368185,0.05642406671827187,0.10453044451906557,0.03945196888493074,0.03276162790697675,0.010000000000000002,0.1938902016170404,0.06414554625694552,0.13711694793437626,0.08146282123671574
139,139.0,139.0,0.035344520902969426,0.09200089747405585,0.16139387637934616,0.03448345022236006,0.04240972254253991,0.05306506085832,0.026255844595730677,0.014034585732409491,0.010000000000000002,0.2621871061533732,0.07709836910089987,0.13223849897146617,0.059488067066529184
140,140.0,140.0,0.029742123852130466,0.06945349715328393,0.12466121465998933,0.05700926926983234,0.06276635983118292,0.14180498045523876,0.05223327301411318,0.010000000000000002,0.02584242056622548,0.25250428552794163,0.02002558270870223,0.0978147296888021,0.05614226327255769
141,141.0,141.0,0.03429202760727368,0.06170085984728622,0.24438984671468056,0.02870748017264226,0.015599595484652487,0.06811225598701053,0.013003664469085801,0.025202708560459135,0.039567280063805346,0.2668299805400797,0.027554077434935466,0.10376747059805672,0.07127275252003203
142,142.0,142.0,0.09318742050857955,0.05252842391928061,0.1540445057707554,0.061678232276219304,0.010000000000000002,0.06458299412546191,0.08312579033844215,0.011159901807254412,0.0160089356992215,0.23735533080629465,0.024449558097788253,0.10711988690699217,0.08475901974371017
143,143.0,143.0,0.046370155180833074,0.08478820275628526,0.1837949575005023,0.04194759000297742,0.022644427084139045,0.12866324828336312,0.016089797946813124,0.04185802262546416,0.010000000000000002,0.24437476637472644,0.025441484885202002,0.12642997182173396,0.027597375537960156
