,Unnamed: 0,Total_iterations,Intertwine_two,Invert_path_vertices,Insert_inside_vertex,Delete_inside_vertex,Replace_inside_vertex,Donate_between_routes,MSC_add_terminal,MSC_del_terminal
0,0.0,0.0,0.125,0.125,0.125,0.125,0.125,0.125,0.125,0.125
1,1.0,1.0,0.125,0.125,0.125,0.125,0.125,0.125,0.125,0.125
2,2.0,2.0,0.125,0.125,0.125,0.125,0.125,0.125,0.125,0.125
3,3.0,3.0,0.125,0.125,0.125,0.125,0.125,0.125,0.125,0.125
4,4.0,4.0,0.125,0.125,0.125,0.125,0.125,0.125,0.125,0.125
5,5.0,5.0,0.125,0.125,0.125,0.125,0.125,0.125,0.125,0.125
6,6.0,6.0,0.125,0.125,0.125,0.125,0.125,0.125,0.125,0.125
7,7.0,7.0,0.125,0.125,0.125,0.125,0.125,0.125,0.125,0.125
8,8.0,8.0,0.125,0.125,0.125,0.125,0.125,0.125,0.125,0.125
9,9.0,9.0,0.125,0.125,0.125,0.125,0.125,0.125,0.125,0.125
10,10.0,10.0,0.125,0.125,0.125,0.125,0.125,0.125,0.125,0.125
11,11.0,11.0,0.125,0.125,0.125,0.125,0.125,0.125,0.125,0.125
12,12.0,12.0,0.125,0.125,0.125,0.125,0.125,0.125,0.125,0.125
13,13.0,13.0,0.125,0.125,0.125,0.125,0.125,0.125,0.125,0.125
14,14.0,14.0,0.125,0.125,0.125,0.125,0.125,0.125,0.125,0.125
15,15.0,15.0,0.125,0.125,0.125,0.125,0.125,0.125,0.125,0.125
16,16.0,16.0,0.125,0.125,0.125,0.125,0.125,0.125,0.125,0.125
17,17.0,17.0,0.125,0.125,0.125,0.125,0.125,0.125,0.125,0.125
18,18.0,18.0,0.125,0.125,0.125,0.125,0.125,0.125,0.125,0.125
19,19.0,19.0,0.125,0.125,0.125,0.125,0.125,0.125,0.125,0.125
20,20.0,20.0,0.125,0.125,0.125,0.125,0.125,0.125,0.125,0.125
21,21.0,21.0,0.125,0.125,0.125,0.125,0.125,0.125,0.125,0.125
22,22.0,22.0,0.125,0.125,0.125,0.125,0.125,0.125,0.125,0.125
23,23.0,23.0,0.125,0.125,0.125,0.125,0.125,0.125,0.125,0.125
24,24.0,24.0,0.125,0.125,0.125,0.125,0.125,0.125,0.125,0.125
25,25.0,25.0,0.125,0.125,0.125,0.125,0.125,0.125,0.125,0.125
26,26.0,26.0,0.125,0.125,0.125,0.125,0.125,0.125,0.125,0.125
27,27.0,27.0,0.125,0.125,0.125,0.125,0.125,0.125,0.125,0.125
28,28.0,28.0,0.125,0.125,0.125,0.125,0.125,0.125,0.125,0.125
29,29.0,29.0,0.125,0.125,0.125,0.125,0.125,0.125,0.125,0.125
30,30.0,30.0,0.125,0.125,0.125,0.125,0.125,0.125,0.125,0.125
31,31.0,31.0,0.125,0.125,0.125,0.125,0.125,0.125,0.125,0.125
32,32.0,32.0,0.125,0.125,0.125,0.125,0.125,0.125,0.125,0.125
33,33.0,33.0,0.125,0.125,0.125,0.125,0.125,0.125,0.125,0.125
34,34.0,34.0,0.125,0.125,0.125,0.125,0.125,0.125,0.125,0.125
35,35.0,35.0,0.125,0.125,0.125,0.125,0.125,0.125,0.125,0.125
36,36.0,36.0,0.125,0.125,0.125,0.125,0.125,0.125,0.125,0.125
37,37.0,37.0,0.125,0.125,0.125,0.125,0.125,0.125,0.125,0.125
38,38.0,38.0,0.125,0.125,0.125,0.125,0.125,0.125,0.125,0.125
39,39.0,39.0,0.125,0.125,0.125,0.125,0.125,0.125,0.125,0.125
40,40.0,40.0,0.125,0.125,0.125,0.125,0.125,0.125,0.125,0.125
41,41.0,41.0,0.125,0.125,0.125,0.125,0.125,0.125,0.125,0.125
42,42.0,42.0,0.125,0.125,0.125,0.125,0.125,0.125,0.125,0.125
43,43.0,43.0,0.125,0.125,0.125,0.125,0.125,0.125,0.125,0.125
44,44.0,44.0,0.125,0.125,0.125,0.125,0.125,0.125,0.125,0.125
45,45.0,45.0,0.125,0.125,0.125,0.125,0.125,0.125,0.125,0.125
46,46.0,46.0,0.125,0.125,0.125,0.125,0.125,0.125,0.125,0.125
47,47.0,47.0,0.125,0.125,0.125,0.125,0.125,0.125,0.125,0.125
48,48.0,48.0,0.125,0.125,0.125,0.125,0.125,0.125,0.125,0.125
49,49.0,49.0,0.125,0.125,0.125,0.125,0.125,0.125,0.125,0.125
50,50.0,50.0,0.125,0.125,0.125,0.125,0.125,0.125,0.125,0.125
51,51.0,51.0,0.125,0.125,0.125,0.125,0.125,0.125,0.125,0.125
52,52.0,52.0,0.125,0.125,0.125,0.125,0.125,0.125,0.125,0.125
53,53.0,53.0,0.125,0.125,0.125,0.125,0.125,0.125,0.125,0.125
54,54.0,54.0,0.125,0.125,0.125,0.125,0.125,0.125,0.125,0.125
55,55.0,55.0,0.125,0.125,0.125,0.125,0.125,0.125,0.125,0.125
56,56.0,56.0,0.125,0.125,0.125,0.125,0.125,0.125,0.125,0.125
57,57.0,57.0,0.125,0.125,0.125,0.125,0.125,0.125,0.125,0.125
58,58.0,58.0,0.125,0.125,0.125,0.125,0.125,0.125,0.125,0.125
59,59.0,59.0,0.125,0.125,0.125,0.125,0.125,0.125,0.125,0.125
60,60.0,60.0,0.125,0.125,0.125,0.125,0.125,0.125,0.125,0.125
61,61.0,61.0,0.125,0.125,0.125,0.125,0.125,0.125,0.125,0.125
62,62.0,62.0,0.125,0.125,0.125,0.125,0.125,0.125,0.125,0.125
63,63.0,63.0,0.125,0.125,0.125,0.125,0.125,0.125,0.125,0.125
64,64.0,64.0,0.125,0.125,0.125,0.125,0.125,0.125,0.125,0.125
65,65.0,65.0,0.125,0.125,0.125,0.125,0.125,0.125,0.125,0.125
66,66.0,66.1,0.125,0.125,0.125,0.125,0.125,0.125,0.125,0.125
67,67.0,67.1,0.125,0.125,0.125,0.125,0.125,0.125,0.125,0.125
68,68.0,68.1,0.125,0.125,0.125,0.125,0.125,0.125,0.125,0.125
69,69.0,69.1,0.125,0.125,0.125,0.125,0.125,0.125,0.125,0.125
70,70.0,70.1,0.125,0.125,0.125,0.125,0.125,0.125,0.125,0.125
71,71.0,71.1,0.125,0.125,0.125,0.125,0.125,0.125,0.125,0.125
72,72.0,72.1,0.125,0.125,0.125,0.125,0.125,0.125,0.125,0.125
73,73.0,73.2,0.125,0.125,0.125,0.125,0.125,0.125,0.125,0.125
74,74.0,74.2,0.125,0.125,0.125,0.125,0.125,0.125,0.125,0.125
75,75.0,75.2,0.125,0.125,0.125,0.125,0.125,0.125,0.125,0.125
76,76.0,76.2,0.125,0.125,0.125,0.125,0.125,0.125,0.125,0.125
77,77.0,77.2,0.125,0.125,0.125,0.125,0.125,0.125,0.125,0.125
78,78.0,78.2,0.125,0.125,0.125,0.125,0.125,0.125,0.125,0.125
79,79.0,79.2,0.125,0.125,0.125,0.125,0.125,0.125,0.125,0.125
80,80.0,80.2,0.125,0.125,0.125,0.125,0.125,0.125,0.125,0.125
81,81.0,81.2,0.125,0.125,0.125,0.125,0.125,0.125,0.125,0.125
82,82.0,82.2,0.125,0.125,0.125,0.125,0.125,0.125,0.125,0.125
83,83.0,83.2,0.125,0.125,0.125,0.125,0.125,0.125,0.125,0.125
84,84.0,84.2,0.125,0.125,0.125,0.125,0.125,0.125,0.125,0.125
85,85.0,85.3,0.125,0.125,0.125,0.125,0.125,0.125,0.125,0.125
86,86.0,86.3,0.125,0.125,0.125,0.125,0.125,0.125,0.125,0.125
87,87.0,87.3,0.125,0.125,0.125,0.125,0.125,0.125,0.125,0.125
88,88.0,88.3,0.125,0.125,0.125,0.125,0.125,0.125,0.125,0.125
89,89.0,89.4,0.125,0.125,0.125,0.125,0.125,0.125,0.125,0.125
90,90.0,90.4,0.125,0.125,0.125,0.125,0.125,0.125,0.125,0.125
91,91.0,91.4,0.125,0.125,0.125,0.125,0.125,0.125,0.125,0.125
92,92.0,92.4,0.125,0.125,0.125,0.125,0.125,0.125,0.125,0.125
93,93.0,93.4,0.125,0.125,0.125,0.125,0.125,0.125,0.125,0.125
94,94.0,94.4,0.125,0.125,0.125,0.125,0.125,0.125,0.125,0.125
95,95.0,95.4,0.125,0.125,0.125,0.125,0.125,0.125,0.125,0.125
96,96.0,96.4,0.125,0.125,0.125,0.125,0.125,0.125,0.125,0.125
97,97.0,97.4,0.125,0.125,0.125,0.125,0.125,0.125,0.125,0.125
98,98.0,98.5,0.125,0.125,0.125,0.125,0.125,0.125,0.125,0.125
99,99.0,99.6,0.125,0.125,0.125,0.125,0.125,0.125,0.125,0.125
100,100.0,100.6,0.125,0.125,0.125,0.125,0.125,0.125,0.125,0.125
101,101.0,101.6,0.125,0.125,0.125,0.125,0.125,0.125,0.125,0.125
102,102.0,102.6,0.125,0.125,0.125,0.125,0.125,0.125,0.125,0.125
103,103.0,103.6,0.125,0.125,0.125,0.125,0.125,0.125,0.125,0.125
104,104.0,104.6,0.125,0.125,0.125,0.125,0.125,0.125,0.125,0.125
105,105.0,105.6,0.125,0.125,0.125,0.125,0.125,0.125,0.125,0.125
106,106.0,106.6,0.125,0.125,0.125,0.125,0.125,0.125,0.125,0.125
107,107.0,107.6,0.125,0.125,0.125,0.125,0.125,0.125,0.125,0.125
108,108.0,108.6,0.125,0.125,0.125,0.125,0.125,0.125,0.125,0.125
109,109.0,109.6,0.125,0.125,0.125,0.125,0.125,0.125,0.125,0.125
110,110.0,110.6,0.125,0.125,0.125,0.125,0.125,0.125,0.125,0.125
111,111.0,111.6,0.125,0.125,0.125,0.125,0.125,0.125,0.125,0.125
112,112.0,112.6,0.125,0.125,0.125,0.125,0.125,0.125,0.125,0.125
113,113.0,113.6,0.125,0.125,0.125,0.125,0.125,0.125,0.125,0.125
114,114.0,114.6,0.125,0.125,0.125,0.125,0.125,0.125,0.125,0.125
115,115.0,115.6,0.125,0.125,0.125,0.125,0.125,0.125,0.125,0.125
116,116.0,116.6,0.125,0.125,0.125,0.125,0.125,0.125,0.125,0.125
117,117.0,117.6,0.125,0.125,0.125,0.125,0.125,0.125,0.125,0.125
118,118.0,118.6,0.125,0.125,0.125,0.125,0.125,0.125,0.125,0.125
119,119.0,119.6,0.125,0.125,0.125,0.125,0.125,0.125,0.125,0.125
120,120.0,120.6,0.125,0.125,0.125,0.125,0.125,0.125,0.125,0.125
121,121.0,121.6,0.125,0.125,0.125,0.125,0.125,0.125,0.125,0.125
122,122.0,122.6,0.125,0.125,0.125,0.125,0.125,0.125,0.125,0.125
123,123.0,123.6,0.125,0.125,0.125,0.125,0.125,0.125,0.125,0.125
124,124.0,124.6,0.125,0.125,0.125,0.125,0.125,0.125,0.125,0.125
125,125.0,125.6,0.125,0.125,0.125,0.125,0.125,0.125,0.125,0.125
126,126.0,126.6,0.125,0.125,0.125,0.125,0.125,0.125,0.125,0.125
127,127.0,127.6,0.125,0.125,0.125,0.125,0.125,0.125,0.125,0.125
128,128.0,128.6,0.125,0.125,0.125,0.125,0.125,0.125,0.125,0.125
129,129.0,129.6,0.125,0.125,0.125,0.125,0.125,0.125,0.125,0.125
130,130.0,130.6,0.125,0.125,0.125,0.125,0.125,0.125,0.125,0.125
131,131.0,131.6,0.125,0.125,0.125,0.125,0.125,0.125,0.125,0.125
132,132.0,132.6,0.125,0.125,0.125,0.125,0.125,0.125,0.125,0.125
133,133.0,133.6,0.125,0.125,0.125,0.125,0.125,0.125,0.125,0.125
134,134.0,134.6,0.125,0.125,0.125,0.125,0.125,0.125,0.125,0.125
135,135.0,135.7,0.125,0.125,0.125,0.125,0.125,0.125,0.125,0.125
136,136.0,136.7,0.125,0.125,0.125,0.125,0.125,0.125,0.125,0.125
137,137.0,137.7,0.125,0.125,0.125,0.125,0.125,0.125,0.125,0.125
138,138.0,138.7,0.125,0.125,0.125,0.125,0.125,0.125,0.125,0.125
139,139.0,139.7,0.125,0.125,0.125,0.125,0.125,0.125,0.125,0.125
140,140.0,140.7,0.125,0.125,0.125,0.125,0.125,0.125,0.125,0.125
141,141.0,141.7,0.125,0.125,0.125,0.125,0.125,0.125,0.125,0.125
142,142.0,142.7,0.125,0.125,0.125,0.125,0.125,0.125,0.125,0.125
143,143.0,143.7,0.125,0.125,0.125,0.125,0.125,0.125,0.125,0.125
144,144.0,144.7,0.125,0.125,0.125,0.125,0.125,0.125,0.125,0.125
145,145.0,145.7,0.125,0.125,0.125,0.125,0.125,0.125,0.125,0.125
146,146.0,146.7,0.125,0.125,0.125,0.125,0.125,0.125,0.125,0.125
147,147.0,147.7,0.125,0.125,0.125,0.125,0.125,0.125,0.125,0.125
148,148.0,148.7,0.125,0.125,0.125,0.125,0.125,0.125,0.125,0.125
149,149.0,149.7,0.125,0.125,0.125,0.125,0.125,0.125,0.125,0.125
150,150.0,150.7,0.125,0.125,0.125,0.125,0.125,0.125,0.125,0.125
151,151.0,151.7,0.125,0.125,0.125,0.125,0.125,0.125,0.125,0.125
152,152.0,152.7,0.125,0.125,0.125,0.125,0.125,0.125,0.125,0.125
153,153.0,153.7,0.125,0.125,0.125,0.125,0.125,0.125,0.125,0.125
154,154.0,154.7,0.125,0.125,0.125,0.125,0.125,0.125,0.125,0.125
155,155.0,155.7,0.125,0.125,0.125,0.125,0.125,0.125,0.125,0.125
156,156.0,156.7,0.125,0.125,0.125,0.125,0.125,0.125,0.125,0.125
157,157.0,157.7,0.125,0.125,0.125,0.125,0.125,0.125,0.125,0.125
158,158.0,158.7,0.125,0.125,0.125,0.125,0.125,0.125,0.125,0.125
159,159.0,159.7,0.125,0.125,0.125,0.125,0.125,0.125,0.125,0.125
160,160.0,160.7,0.125,0.125,0.125,0.125,0.125,0.125,0.125,0.125
161,161.0,161.7,0.125,0.125,0.125,0.125,0.125,0.125,0.125,0.125
162,162.0,162.7,0.125,0.125,0.125,0.125,0.125,0.125,0.125,0.125
163,163.0,163.7,0.125,0.125,0.125,0.125,0.125,0.125,0.125,0.125
164,164.0,164.7,0.125,0.125,0.125,0.125,0.125,0.125,0.125,0.125
165,165.0,165.7,0.125,0.125,0.125,0.125,0.125,0.125,0.125,0.125
166,166.0,166.7,0.125,0.125,0.125,0.125,0.125,0.125,0.125,0.125
167,167.0,167.7,0.125,0.125,0.125,0.125,0.125,0.125,0.125,0.125
168,168.0,168.7,0.125,0.125,0.125,0.125,0.125,0.125,0.125,0.125
169,169.0,169.7,0.125,0.125,0.125,0.125,0.125,0.125,0.125,0.125
170,170.0,170.7,0.125,0.125,0.125,0.125,0.125,0.125,0.125,0.125
171,171.0,171.7,0.125,0.125,0.125,0.125,0.125,0.125,0.125,0.125
172,172.0,172.7,0.125,0.125,0.125,0.125,0.125,0.125,0.125,0.125
173,173.0,173.7,0.125,0.125,0.125,0.125,0.125,0.125,0.125,0.125
174,174.0,174.7,0.125,0.125,0.125,0.125,0.125,0.125,0.125,0.125
175,175.0,175.7,0.125,0.125,0.125,0.125,0.125,0.125,0.125,0.125
176,176.0,176.7,0.125,0.125,0.125,0.125,0.125,0.125,0.125,0.125
177,177.0,177.7,0.125,0.125,0.125,0.125,0.125,0.125,0.125,0.125
178,178.0,178.7,0.125,0.125,0.125,0.125,0.125,0.125,0.125,0.125
179,179.0,179.7,0.125,0.125,0.125,0.125,0.125,0.125,0.125,0.125
180,180.0,180.7,0.125,0.125,0.125,0.125,0.125,0.125,0.125,0.125
181,181.0,181.7,0.125,0.125,0.125,0.125,0.125,0.125,0.125,0.125
182,182.0,182.7,0.125,0.125,0.125,0.125,0.125,0.125,0.125,0.125
183,183.0,183.7,0.125,0.125,0.125,0.125,0.125,0.125,0.125,0.125
184,184.0,184.7,0.125,0.125,0.125,0.125,0.125,0.125,0.125,0.125
185,185.0,185.7,0.125,0.125,0.125,0.125,0.125,0.125,0.125,0.125
186,186.0,186.7,0.125,0.125,0.125,0.125,0.125,0.125,0.125,0.125
187,187.0,187.7,0.125,0.125,0.125,0.125,0.125,0.125,0.125,0.125
188,188.0,188.7,0.125,0.125,0.125,0.125,0.125,0.125,0.125,0.125
189,189.0,189.7,0.125,0.125,0.125,0.125,0.125,0.125,0.125,0.125
190,190.0,190.7,0.125,0.125,0.125,0.125,0.125,0.125,0.125,0.125
191,191.0,191.7,0.125,0.125,0.125,0.125,0.125,0.125,0.125,0.125
192,192.0,192.7,0.125,0.125,0.125,0.125,0.125,0.125,0.125,0.125
193,193.0,193.7,0.125,0.125,0.125,0.125,0.125,0.125,0.125,0.125
194,194.0,194.7,0.125,0.125,0.125,0.125,0.125,0.125,0.125,0.125
195,195.0,195.7,0.125,0.125,0.125,0.125,0.125,0.125,0.125,0.125
196,196.0,196.7,0.125,0.125,0.125,0.125,0.125,0.125,0.125,0.125
197,197.0,197.7,0.125,0.125,0.125,0.125,0.125,0.125,0.125,0.125
198,198.0,198.8,0.125,0.125,0.125,0.125,0.125,0.125,0.125,0.125
199,199.0,199.8,0.125,0.125,0.125,0.125,0.125,0.125,0.125,0.125
200,200.0,200.8,0.12361111111111112,0.12361111111111112,0.12361111111111112,0.13472222222222224,0.12361111111111112,0.12361111111111112,0.12361111111111112,0.12361111111111112
201,201.0,201.8,0.11972222222222222,0.14194444444444443,0.11972222222222222,0.12972222222222224,0.11972222222222222,0.11972222222222222,0.11972222222222222,0.12972222222222224
202,202.0,202.8,0.11861111111111111,0.13972222222222222,0.11861111111111111,0.12861111111111112,0.11861111111111111,0.11861111111111111,0.1286111111111111,0.12861111111111112
203,203.0,203.8,0.1165909090909091,0.1456818181818182,0.1165909090909091,0.1265909090909091,0.1165909090909091,0.12568181818181817,0.12568181818181817,0.1265909090909091
204,204.0,204.8,0.12310606060606062,0.14053030303030303,0.11401515151515151,0.1231060606060606,0.11401515151515151,0.13068181818181818,0.12234848484848486,0.1321969696969697
205,205.0,205.8,0.12246503496503496,0.13924825174825176,0.11337412587412588,0.12246503496503496,0.11337412587412588,0.12875874125874126,0.12875874125874126,0.13155594405594406
206,206.0,206.8,0.12191558441558441,0.1452922077922078,0.11282467532467533,0.12191558441558441,0.11282467532467533,0.12711038961038962,0.12711038961038962,0.1310064935064935
207,207.0,207.8,0.12143939393939393,0.15053030303030304,0.12143939393939393,0.11234848484848485,0.11234848484848485,0.12568181818181817,0.12568181818181817,0.13053030303030302
208,208.0,208.8,0.12143939393939393,0.15053030303030304,0.12143939393939393,0.11234848484848485,0.11234848484848485,0.12568181818181817,0.12568181818181817,0.13053030303030302
209,209.0,209.8,0.12143939393939393,0.15053030303030304,0.12143939393939393,0.11234848484848485,0.11234848484848485,0.12568181818181817,0.12568181818181817,0.13053030303030302
210,210.0,210.8,0.12143939393939393,0.14386363636363636,0.12143939393939393,0.11234848484848485,0.11901515151515152,0.12568181818181817,0.12568181818181817,0.13053030303030302
211,211.0,211.8,0.1206818181818182,0.14310606060606063,0.11992424242424242,0.1115909090909091,0.11825757575757576,0.12492424242424245,0.12492424242424245,0.1365909090909091
212,212.0,212.8,0.1206818181818182,0.14310606060606063,0.11992424242424242,0.1115909090909091,0.11825757575757576,0.12492424242424245,0.12492424242424245,0.1365909090909091
213,213.0,213.8,0.1206818181818182,0.14310606060606063,0.11992424242424242,0.1115909090909091,0.11825757575757576,0.12492424242424245,0.12492424242424245,0.1365909090909091
214,214.0,214.8,0.12004079254079254,0.14246503496503496,0.11864219114219114,0.11094988344988346,0.11761655011655012,0.12428321678321679,0.12428321678321679,0.14171911421911423
215,215.0,215.8,0.12094483036343502,0.14220628209000302,0.11783398771770866,0.11069113057485151,0.11503221584616934,0.121698882512836,0.12518725460585928,0.14640541628913722
216,216.0,216.9,0.12094483036343502,0.14220628209000302,0.11783398771770866,0.11069113057485151,0.11503221584616934,0.121698882512836,0.12518725460585928,0.14640541628913722
217,217.0,217.9,0.12094483036343502,0.14336907278767744,0.11783398771770866,0.1095283398771771,0.11503221584616934,0.121698882512836,0.12518725460585928,0.14640541628913722
218,218.0,218.9,0.12078444543961786,0.14320868786386026,0.11768696820420958,0.10939468577399611,0.11491192715330648,0.12272801910732944,0.1250268696820421,0.14625839677563815
219,219.0,219.9,0.12062770562770564,0.14305194805194804,0.11754329004329005,0.11040043290043289,0.11479437229437228,0.1225974025974026,0.12487012987012987,0.14611471861471861
220,220.0,220.9,0.12047448805875774,0.14289873048300014,0.1174028406050878,0.11025998346223065,0.11580305462327933,0.12246972128994602,0.12471691230118195,0.14597426917651637
221,221.0,221.9,0.12032467532467532,0.14274891774891774,0.11726551226551227,0.11012265512265511,0.11567821067821069,0.12234487734487734,0.12567821067821067,0.14583694083694082
222,222.0,222.9,0.12032467532467532,0.14274891774891774,0.11726551226551227,0.11012265512265511,0.11567821067821069,0.12234487734487734,0.12567821067821067,0.14583694083694082
223,223.0,223.9,0.11984848484848484,0.14893939393939393,0.11631313131313133,0.10964646464646463,0.11520202020202022,0.12186868686868686,0.1252020202020202,0.14297979797979798
224,224.0,224.9,0.11943181818181818,0.1543560606060606,0.11547979797979799,0.109229797979798,0.11478535353535353,0.12145202020202021,0.12478535353535354,0.14047979797979798
225,225.0,225.9,0.11906417112299465,0.15913547237076647,0.11474450386215093,0.10886215092097444,0.11441770647653002,0.12108437314319667,0.12441770647653001,0.1382739156268568
226,226.0,226.9,0.11952394123793719,0.159595242485709,0.11401653451349192,0.10928360685967178,0.11365142295162581,0.12031808961829246,0.12491579076771775,0.13869537156555412
227,227.0,227.9,0.11952394123793719,0.159595242485709,0.11401653451349192,0.10928360685967178,0.11365142295162581,0.12031808961829246,0.12491579076771775,0.13869537156555412
228,228.0,228.9,0.11952394123793719,0.159595242485709,0.11401653451349192,0.11516595980084823,0.11365142295162581,0.12031808961829246,0.12491579076771775,0.13281301862437764
229,229.0,229.9,0.11919714385231628,0.16384360849878093,0.11336293974225009,0.1145123650296064,0.1133246255660049,0.11999129223267155,0.12458899338209684,0.13117903169627307
230,230.0,230.9,0.11751585730260868,0.1662558892005353,0.11138925553172377,0.1125386808190801,0.11164333901629728,0.12942111679407503,0.12290770683238923,0.12832815450329063
231,231.0,231.9,0.11751585730260868,0.1662558892005353,0.11138925553172377,0.1125386808190801,0.11164333901629728,0.12942111679407503,0.12290770683238923,0.12832815450329063
232,232.0,232.9,0.10832217524077989,0.1648373267559314,0.11099659384543106,0.11215938454310548,0.11150046981442333,0.1292782475922011,0.12049271787643882,0.142413084331689
233,233.0,233.9,0.10605500821018063,0.16101395730706075,0.10851806239737274,0.11966748768472905,0.10927339901477832,0.12594006568144497,0.11823891625615764,0.15129310344827587
234,234.0,234.9,0.10583855799373039,0.15971525600835948,0.1080851619644723,0.11923458725182863,0.10905694879832813,0.12572361546499478,0.11802246603970741,0.15432340647857892
235,235.0,235.9,0.10564092953523238,0.15852948525737134,0.10768990504747626,0.11883933033483259,0.10885932033983008,0.12552598700649675,0.11782483758120939,0.15709020489755124
236,236.0,236.9,0.10564092953523238,0.15852948525737134,0.10768990504747626,0.11883933033483259,0.10885932033983008,0.12437656171914042,0.11897426286856572,0.15709020489755124
237,237.0,237.9,0.10548418972332016,0.1583596837944664,0.10869565217391304,0.11869565217391305,0.10874176548089591,0.12427206851119894,0.1188175230566535,0.15693346508563902
238,238.0,238.9,0.10562600321027286,0.16270197966827182,0.10979266987693954,0.11866907437132154,0.10225521669341893,0.12541733547351525,0.11991171749598714,0.1556260032102729
239,239.0,239.9,0.10483333333333333,0.15994444444444447,0.10883333333333334,0.11772222222222221,0.1015,0.12372222222222222,0.12483333333333332,0.15861111111111112
240,240.0,240.9,0.10426282051282051,0.15761752136752138,0.10810897435897435,0.11699786324786325,0.10092948717948717,0.12231837606837608,0.1292628205128205,0.16050213675213676
241,241.0,241.9,0.10412037037037036,0.15662037037037038,0.10782407407407409,0.11671296296296296,0.10078703703703704,0.12217592592592592,0.12912037037037036,0.16263888888888892
242,242.0,242.9,0.1036204481792717,0.15816293183940244,0.10719187675070027,0.11608076563958918,0.10028711484593837,0.1209407096171802,0.13303221288515404,0.16068394024276378
243,243.0,243.9,0.10329365079365078,0.1571825396825397,0.10686507936507934,0.11575396825396825,0.09996031746031746,0.12662698412698412,0.12996031746031744,0.16035714285714286
244,244.0,244.9,0.10314713064713063,0.1570238095238095,0.10671855921855919,0.1156196581196581,0.09985042735042735,0.12651709401709402,0.1298260073260073,0.1612973137973138
245,245.0,245.9,0.10285473298631191,0.15614661654135337,0.11168931945247733,0.11532726045883941,0.09955802968960863,0.12534750337381917,0.12807162136109504,0.1610049161364951
246,246.0,246.9,0.10259157509157509,0.15535714285714286,0.11116300366300366,0.11506410256410256,0.09929487179487179,0.1242948717948718,0.131492673992674,0.16074175824175824
247,247.0,247.9,0.1025,0.15480158730158733,0.11083333333333334,0.11496031746031746,0.09916666666666665,0.12234126984126985,0.1358333333333333,0.15956349206349207
248,248.0,248.9,0.10235347985347984,0.15574175824175826,0.1106868131868132,0.11482600732600731,0.09905677655677655,0.12224358974358976,0.13568681318681317,0.1594047619047619
249,249.0,249.9,0.10235347985347984,0.15574175824175826,0.1106868131868132,0.11482600732600731,0.09905677655677655,0.12224358974358976,0.13568681318681317,0.1594047619047619
250,250.0,250.9,0.10235347985347984,0.15574175824175826,0.1106868131868132,0.11482600732600731,0.09905677655677655,0.12224358974358976,0.13568681318681317,0.1594047619047619
251,251.0,251.9,0.10235347985347984,0.15574175824175826,0.1106868131868132,0.11482600732600731,0.09905677655677655,0.12224358974358976,0.13568681318681317,0.1594047619047619
252,252.0,252.9,0.10213702963702964,0.1550924075924076,0.11025391275391275,0.11460955710955711,0.09884032634032633,0.12137778887778887,0.138500666000666,0.15918831168831168
253,253.0,253.9,0.10213702963702964,0.1550924075924076,0.11025391275391275,0.11460955710955711,0.09884032634032633,0.12137778887778887,0.138500666000666,0.15918831168831168
254,254.0,254.9,0.10213702963702964,0.1550924075924076,0.11025391275391275,0.11460955710955711,0.09884032634032633,0.12137778887778887,0.138500666000666,0.15918831168831168
255,255.0,255.9,0.10235347985347984,0.15574175824175826,0.1059249084249084,0.11482600732600731,0.09905677655677655,0.11748168498168499,0.1452106227106227,0.1594047619047619
256,256.0,256.9,0.10235347985347984,0.15574175824175826,0.1059249084249084,0.11482600732600731,0.09905677655677655,0.11748168498168499,0.1452106227106227,0.1594047619047619
257,257.0,257.9,0.10235347985347984,0.15574175824175826,0.1059249084249084,0.11482600732600731,0.09905677655677655,0.11748168498168499,0.1452106227106227,0.1594047619047619
258,258.0,258.9,0.10235347985347984,0.1509798534798535,0.1059249084249084,0.11482600732600731,0.09905677655677655,0.12224358974358976,0.1452106227106227,0.1594047619047619
259,259.0,259.9,0.10274331989849231,0.15125429168532617,0.10631474846992088,0.11286647260785192,0.09814561874906702,0.12517801164352887,0.14365241080758323,0.1598451261382296
260,260.0,260.9,0.10254569143999429,0.15520686085528665,0.10611712001142286,0.1126688441493539,0.097947990290569,0.12418986935103878,0.14167612622260298,0.15964749767973158
261,261.0,261.9,0.10312210777728019,0.14784520077623528,0.10669353634870875,0.11324526048663978,0.0985244066278549,0.12404164800716526,0.14478877444394686,0.161739065532169
262,262.0,262.9,0.10312210777728019,0.14784520077623528,0.10669353634870875,0.11324526048663978,0.0985244066278549,0.12404164800716526,0.14478877444394686,0.161739065532169
263,263.0,263.9,0.10236453201970441,0.14633004926108376,0.105935960591133,0.11248768472906404,0.09776683087027914,0.13161740558292284,0.1440311986863711,0.15946633825944173
264,264.0,264.9,0.10171722463582929,0.14473511372348583,0.10528865320725785,0.11180028111423461,0.09706606184513161,0.12959557883976489,0.14571722463582928,0.16407986199846666
265,265.0,265.9,0.10101392793253257,0.14317467416304624,0.10458535650396114,0.11109698441093789,0.09636276514183491,0.13487030411449016,0.14716777408637874,0.1617282136468183
266,266.0,266.9,0.10053773745634209,0.14222229321066532,0.10410916602777068,0.11062079393474741,0.09588657466564443,0.1401083993525854,0.14669158361018825,0.1598234517420564
267,267.0,267.9,0.10108973175833642,0.14207272056109266,0.10466116032976498,0.10117278823674172,0.09643856896763874,0.13995170419589026,0.14923787990648457,0.1653754460440507
268,268.0,268.9,0.10058980956723776,0.14094060104662018,0.10416123813866632,0.10067286604564307,0.09593864677654007,0.13781974029922045,0.15058980956723775,0.1692872885588344
269,269.0,269.9,0.10013985947225723,0.13991754814729956,0.10371128804368582,0.10022291595066254,0.09548869668155954,0.13934506307200772,0.15397127709677833,0.16720335153574928
270,270.0,270.9,0.1000249169435216,0.14290605389442598,0.10359634551495016,0.1001079734219269,0.09537375415282393,0.13865540789959394,0.15224713916574384,0.16708840900701366
271,271.0,271.9,0.09851388128987135,0.14078003993479574,0.1020853098612999,0.09859693776827665,0.09386271849917366,0.13784424019538719,0.15893832950718884,0.1693785429440067
272,272.0,272.9,0.09811803000157154,0.1412079872734982,0.10246585608852805,0.0989774839955048,0.09346686721087386,0.14074982431378597,0.16646113850597039,0.15855281261026716
273,273.0,273.9,0.09793687058128168,0.1441065379981359,0.10210353724794836,0.09861516515492509,0.09328570779058401,0.1373428584418832,0.1695057855372934,0.15710353724794834
274,274.0,274.9,0.09766939746300211,0.14636997885835096,0.10166939746300212,0.09818102536997887,0.09301823467230444,0.1365713530655391,0.17085121564482028,0.1556693974630021
275,275.0,275.9,0.09675797555158021,0.14307394156231365,0.10060412939773404,0.0971157573047108,0.09210681276088253,0.14323568872987477,0.16842464221824688,0.1586810524746571
276,276.0,276.9,0.09675797555158021,0.14307394156231365,0.10060412939773404,0.0971157573047108,0.09210681276088253,0.14323568872987477,0.16842464221824688,0.1586810524746571
277,277.0,277.9,0.09675797555158021,0.1392277877161598,0.10060412939773404,0.0971157573047108,0.09210681276088253,0.14323568872987477,0.16842464221824688,0.16252720632081097
278,278.0,278.9,0.09675797555158021,0.1392277877161598,0.10060412939773404,0.0971157573047108,0.09210681276088253,0.14323568872987477,0.16842464221824688,0.16252720632081097
279,279.0,279.9,0.09624228395061728,0.13771604938271603,0.10118055555555557,0.10118055555555557,0.09006944444444445,0.14359567901234566,0.16790895061728395,0.1621064814814815
280,280.0,280.9,0.09872625830959163,0.14476733143399811,0.1005395299145299,0.1005395299145299,0.08942841880341881,0.14167260208926874,0.16286087369420704,0.16146545584045585
281,281.0,281.9,0.09638247554914221,0.14186107102773768,0.0993927368927369,0.10049502966169632,0.10031866281866282,0.13813331729998396,0.16211920795254128,0.1612974987974988
282,282.0,282.9,0.09557747489239599,0.14035645965703353,0.09864675138348022,0.09977915556466489,0.10040633326501332,0.13606459657033546,0.16861771537883447,0.1605515132882421
283,283.0,283.9,0.09501387904559414,0.13933211838952447,0.09805376970065136,0.09921555971786304,0.09947014950558537,0.1347117461442408,0.1667894266140191,0.16741335088252168
284,284.0,284.9,0.09489072633623455,0.141672019867357,0.09780746428193213,0.09884610158978423,0.09934699679622576,0.13458859343488122,0.1666662739046595,0.1661818237889256
285,285.0,285.9,0.0947757838074989,0.143855927913334,0.09757757922446088,0.09850127400357733,0.09923205426749013,0.12822365090614557,0.16655133137592387,0.1712823985015693
286,286.0,286.9,0.09438699870191979,0.14297550727608116,0.09608270137323223,0.0981965225114436,0.09851557696249232,0.12994414839106377,0.17083162533306007,0.16906691945070712
287,287.0,287.9,0.09379394427584828,0.1408216564884543,0.10101704070036092,0.09746777940129632,0.09767509023016499,0.12862747118254592,0.1704393178724414,0.1701576998488879
288,288.0,288.9,0.09335139646487942,0.13993656086651657,0.10035717030364841,0.09710030666540252,0.09701521983345247,0.12751715033538297,0.17551676373936095,0.16920543179135666
289,289.0,289.9,0.09335139646487942,0.13993656086651657,0.10035717030364841,0.09710030666540252,0.09701521983345247,0.12751715033538297,0.17551676373936095,0.16920543179135666
290,290.0,290.9,0.09335139646487942,0.13993656086651657,0.10035717030364841,0.09710030666540252,0.09701521983345247,0.12751715033538297,0.17551676373936095,0.16920543179135666
291,291.0,291.9,0.09320914895421087,0.13965206584517942,0.10028604654831415,0.09702918291006826,0.09694409607811819,0.12175612615330615,0.18198902547478057,0.1691343080360224
292,292.0,292.9,0.09305351794119446,0.14364187908796383,0.09997478452228131,0.0970886056604927,0.09652530717036494,0.12660049514028976,0.1802544470933431,0.1628609633840699
293,293.0,293.9,0.09294599105947401,0.14235155650731865,0.09975973075884045,0.09999183146694432,0.09165587552673973,0.12649296825856932,0.18014692021162268,0.1666551262104908
294,294.0,294.9,0.09703923617033375,0.14065552333845016,0.09927419125589856,0.09930467906077663,0.09127114247541077,0.12483757604184434,0.18076031184262892,0.1668573398146569
295,295.0,295.9,0.09627767888703731,0.1397252941473514,0.09853626975710751,0.0988048528000808,0.09053322097661971,0.1229245253244458,0.18455003661061456,0.16864812149674294
296,296.0,296.9,0.0957934088269454,0.13930023228803717,0.09829413472706156,0.09856271777003485,0.09029108594657376,0.12159189895470383,0.1852243031358885,0.17094221835075493
297,297.0,297.9,0.09544473792664195,0.13688514855194636,0.09827100895432918,0.10196701135214117,0.09016715372222847,0.12445286800794275,0.18597900041212395,0.16683307107264622
298,298.0,298.9,0.0987716510422835,0.13540094748794407,0.10098517891165368,0.10125376195462696,0.08985713013116588,0.12304138773402813,0.18651180840807896,0.16417813433021883
299,299.0,299.9,0.09814389539999298,0.13400541418834103,0.10050578373749106,0.1005849728410704,0.09259743192670022,0.12542571475498304,0.1870307312380483,0.16170605591337298
300,300.0,300.9,0.0982809805370781,0.12927958446251128,0.10093146916317648,0.10299478525088282,0.08802311735238565,0.12554836987763815,0.19257185677917385,0.16236983657715362
301,301.0,301.9,0.0982809805370781,0.12927958446251128,0.10093146916317648,0.10299478525088282,0.08802311735238565,0.12554836987763815,0.19257185677917385,0.16236983657715362
302,302.0,302.9,0.09689209164818921,0.1278906955736224,0.11065369138539868,0.10160589636199394,0.08663422846349675,0.12415948098874927,0.19118296789028497,0.16098094768826474
303,303.0,303.9,0.09578098053707809,0.1267795844625113,0.1034314691631765,0.1004947852508828,0.08552311735238564,0.12804836987763818,0.20007185677917386,0.15986983657715365
304,304.0,304.9,0.09453717603240405,0.1254391616003493,0.10132688292815548,0.09925098074620874,0.08432762202645554,0.1351777380939629,0.201742287797431,0.15819815077503305
305,305.0,305.9,0.0934706431203577,0.13261345508361597,0.09954902772754355,0.09818444783416241,0.0833073425834194,0.1326894616463895,0.20344065110541498,0.15674497089909648
306,306.0,306.9,0.09318436217959017,0.13223852166057892,0.09930707302791078,0.0978981668933949,0.08306538788378662,0.1317862925829522,0.2064124364893188,0.15610775928246765
307,307.0,307.9,0.0932948315872946,0.13099318481616373,0.09985106628503768,0.09879064998633881,0.08341387771960365,0.1349099834082559,0.20737324603307766,0.15137316016422797
308,308.0,308.9,0.09301286571539184,0.12980396087974483,0.0993674875099091,0.09810545830798444,0.08303110539608798,0.13416489224416056,0.21239019320465316,0.1501240367420681
309,309.0,309.9,0.09284619904872518,0.12963729421307818,0.09920082084324244,0.09793879164131777,0.08286443872942131,0.13366489224416053,0.2102235265379865,0.1536240367420681
310,310.0,310.9,0.09269235289487902,0.129483448059232,0.09904697468939629,0.09778494548747162,0.08271059257557516,0.1332033537826221,0.20822352653798645,0.15685480597283732
311,311.0,311.9,0.09269235289487902,0.129483448059232,0.09904697468939629,0.09778494548747162,0.08271059257557516,0.1332033537826221,0.20822352653798645,0.15685480597283732
312,312.0,312.9,0.09269235289487902,0.129483448059232,0.09904697468939629,0.09778494548747162,0.08271059257557516,0.1332033537826221,0.21206968038414029,0.15300865212668346
313,313.0,313.9,0.09205132725385338,0.12820139677718073,0.09776492340734501,0.09714391984644596,0.08206956693454952,0.13192130250057083,0.21847993679439673,0.15236762648565783
314,314.0,314.9,0.0918345301620563,0.13344083326661724,0.09652438154180314,0.09626343459096072,0.08147317258815516,0.1277840046132729,0.21308093764539757,0.15959870559173697
315,315.0,315.9,0.09093098925851538,0.13186981169559567,0.10209621711363873,0.09564479397232009,0.08085453196951456,0.1259769228061911,0.21150991607437603,0.16111681710984846
316,316.0,316.9,0.09053416386168998,0.13173753656332055,0.10196394198136358,0.09551251884004497,0.08072225683723941,0.12875470058396887,0.21137764094210088,0.15939724039027175
317,317.0,317.9,0.09001423250083981,0.12872285767827324,0.1069738859889516,0.095238892897914,0.0803155341781608,0.1301648883472301,0.20760874732768358,0.16096096108094682
318,318.0,318.9,0.09552893838319275,0.12761991650180265,0.1055032977536575,0.09487124583909047,0.07994788711933727,0.12942959422958306,0.206505806151213,0.1605933140221233
319,319.0,319.9,0.09770285142667101,0.12761991650180265,0.1055032977536575,0.09487124583909047,0.07994788711933727,0.12942959422958306,0.20433189310773478,0.1605933140221233
320,320.0,320.9,0.09735802384046412,0.12750497397306704,0.10538835522492188,0.09475630331035483,0.07983294459060163,0.12862499652843362,0.20421695057899916,0.16231745195315778
321,321.0,321.9,0.09731396040313055,0.1283131832630062,0.10462885223947069,0.09513728122081934,0.0768510850609854,0.12844436271574616,0.2031575008551183,0.16615377424172337
322,322.0,322.9,0.09998951051648095,0.13015601099121488,0.1042432789360868,0.09446761700834454,0.07660453496843325,0.1271476706752312,0.20374710485669895,0.16364427204750942
323,323.0,323.9,0.10271128471002933,0.13005520453960195,0.1041424724844739,0.09436681055673164,0.07650372851682034,0.12644202551394088,0.20364629840508605,0.16213217527331586
324,324.0,324.9,0.10258373368962118,0.1299276535191938,0.10405743847086849,0.09428177654312621,0.07646121151001763,0.1261018894595191,0.20449663854114047,0.16208965826651317
325,325.0,325.9,0.10258373368962118,0.1299276535191938,0.10405743847086849,0.09428177654312621,0.07646121151001763,0.1261018894595191,0.20449663854114047,0.16208965826651317
326,326.0,326.9,0.10389867330182967,0.12873011541304225,0.10664403219926892,0.09365981412179404,0.07623657165407524,0.12493422693996584,0.2030400149826262,0.16285655138739788
327,327.0,327.9,0.10329617775815766,0.12852334179450392,0.1064764742670051,0.09349225618953022,0.07610822940808594,0.12399661553176618,0.20377441783467604,0.16433248721627486
328,328.0,328.9,0.10222543151094084,0.12749964000609626,0.1051636824836251,0.09315985656301295,0.08136909272777279,0.12083774172583354,0.20373261649875712,0.16601193848396142
329,329.0,329.9,0.10167475996026928,0.12726642877288502,0.10493047125041385,0.09292664532980172,0.08113588149456155,0.12275227164036347,0.20149940526554583,0.16781413628615924
330,330.0,330.9,0.09560137888688822,0.1270489035553598,0.11026850158844419,0.0927091201122765,0.08091835627703634,0.12186677075486259,0.2031337318998725,0.16845323692525987
331,331.0,331.9,0.09524576011021679,0.1269777798000255,0.11282895678047833,0.09263799635694221,0.08084723252170205,0.12129778071218833,0.20306260814453822,0.16710188557390854
332,332.0,332.9,0.0949083781938875,0.1288333803398366,0.10713844845839109,0.09257051997367635,0.0807797561384362,0.12075796964606147,0.206627610393751,0.16838393685595981
333,333.0,333.9,0.09416319258028086,0.12775980966100275,0.10570837755463595,0.09208174461647996,0.07999858312042107,0.11939580354705326,0.20698121877367517,0.173911270146451
334,334.0,334.9,0.09373516182214077,0.12757568134188704,0.10546327362576416,0.09189761629736423,0.07981445480130536,0.11866169325028528,0.2083980756762344,0.17445404318501884
335,335.0,335.9,0.09362021929340514,0.1274607388131514,0.10534833109702853,0.09704583166336544,0.07969951227256974,0.11316865029807717,0.20977738602106194,0.1738793305413407
336,336.0,336.9,0.0935126924116847,0.12735321193143098,0.10524080421530808,0.09693830478164502,0.0795919853908493,0.1129535965346363,0.21106770860170707,0.17334169613273853
337,337.0,337.9,0.09285836801887734,0.12640485978631605,0.10897122216616477,0.09625311053126692,0.0789067911404712,0.11202424966234151,0.21116668243282302,0.17341471626173924
338,338.0,338.9,0.09252724138217616,0.12765726190995616,0.1082214745927168,0.09351566671653172,0.07855905320808895,0.11171083359824144,0.21052657755366208,0.17728189103862674
339,339.0,339.9,0.09046823772433528,0.12442980461273145,0.10526583849754582,0.09419784145393902,0.07649501582428413,0.11157660090586918,0.20613570034301745,0.19143096063827772
340,340.0,340.9,0.08983983089388242,0.12565807194074302,0.10382017986518641,0.09321732012814914,0.07587100073735342,0.11056792075396656,0.21062289970233955,0.19040277597837946
341,341.0,341.9,0.089249058352982,0.12397384752633958,0.10950543947627722,0.09230249042815321,0.075292305491139,0.10961584427119955,0.21059316317004545,0.189467851283864
342,342.0,342.9,0.08893842592856605,0.12575299088272623,0.10909547222079656,0.09193877664168272,0.07516668694276375,0.10904083289137781,0.21038817954230513,0.18967863494978182
343,343.0,343.9,0.08745124345734102,0.12624491517784203,0.10751604324775058,0.1003243088304064,0.07385680943607772,0.10722190530117359,0.21428100473832182,0.1831037698110869
344,344.0,344.9,0.08678065504526446,0.12448645264029734,0.10599887019723946,0.10344124437828958,0.07329847579528558,0.10809444400677373,0.21490675901250142,0.18299309892434845
345,345.0,345.9,0.0856465942269931,0.12304469951433368,0.10409557860973732,0.10101927658790075,0.0720105688231681,0.10688925943316811,0.21784535384583306,0.18944866895886586
346,346.0,346.9,0.08467909194370135,0.12179229694614165,0.10241582561419486,0.10264552558257081,0.07090061639742619,0.10789509709314112,0.21696782007356244,0.1927037263492616
347,347.0,347.9,0.08475021569903562,0.1254907322235243,0.0999976179328293,0.10293002060390792,0.07097174015276048,0.10533464190110697,0.21711006758423101,0.19341496390260443
348,348.0,348.9,0.08467909194370135,0.1270554548408785,0.09978424666682643,0.10264552558257081,0.07090061639742619,0.10526351814577269,0.22067152377726615,0.18900002264555787
349,349.0,349.9,0.0842752587955073,0.12910961955669734,0.09870653407031685,0.10436980575797879,0.07052777342307945,0.10461478703839497,0.21943755362600278,0.18895866773202252
350,350.0,350.9,0.08401507780003219,0.13054476284478178,0.09843579500546015,0.10597086156491695,0.07042445517270238,0.1041193119252728,0.21927013281152313,0.18721960287531064
351,351.0,351.9,0.08388999962617352,0.12944407491482557,0.0981887656120893,0.10797680277817523,0.07029937699884373,0.10393013118731158,0.21998151492534426,0.18628933395723682
352,352.0,352.9,0.08601214198416493,0.13182754131462884,0.09788369277250195,0.10743653830095723,0.07014538877881775,0.1034356425497028,0.22146168765609225,0.18179736664313423
353,353.0,353.9,0.08375939098058123,0.13021239900327902,0.09692059155024217,0.10845634184504001,0.06978564036520349,0.10314097483615661,0.22456893599286704,0.18315572542663042
354,354.0,354.9,0.0828423435799733,0.13031549692113237,0.0953759773833345,0.10813850559296156,0.06880650455848147,0.10222141057256669,0.23268133133461286,0.17961843005693728
355,355.0,355.9,0.08437890070476571,0.12923401848671276,0.09508170738318214,0.10762134301697546,0.07090684430588004,0.1014530939218971,0.233350694651035,0.17797339752955182
356,356.0,356.9,0.0844688934301153,0.128983322823794,0.10110269464494052,0.10573634304747999,0.08046369616790007,0.09932455888934236,0.22724139741667337,0.17267909357975444
