Total_iterations,Unnamed: 0.1,Intertwine_two,Invert_path_vertices,Insert_inside_vertex,Delete_inside_vertex,Replace_inside_vertex,Donate_between_routes,MSC_add_terminal,MSC_del_terminal
0,0.0,0.125,0.125,0.125,0.125,0.125,0.125,0.125,0.125
1,1.0,0.125,0.125,0.125,0.125,0.125,0.125,0.125,0.125
2,2.0,0.125,0.125,0.125,0.125,0.125,0.125,0.125,0.125
3,3.0,0.125,0.125,0.125,0.125,0.125,0.125,0.125,0.125
4,4.0,0.125,0.125,0.125,0.125,0.125,0.125,0.125,0.125
5,5.0,0.125,0.125,0.125,0.125,0.125,0.125,0.125,0.125
6,6.0,0.125,0.125,0.125,0.125,0.125,0.125,0.125,0.125
7,7.0,0.125,0.125,0.125,0.125,0.125,0.125,0.125,0.125
8,8.0,0.125,0.125,0.125,0.125,0.125,0.125,0.125,0.125
9,9.0,0.125,0.125,0.125,0.125,0.125,0.125,0.125,0.125
10,10.0,0.125,0.125,0.125,0.125,0.125,0.125,0.125,0.125
11,11.0,0.125,0.125,0.125,0.125,0.125,0.125,0.125,0.125
12,12.0,0.125,0.125,0.125,0.125,0.125,0.125,0.125,0.125
13,13.0,0.125,0.125,0.125,0.125,0.125,0.125,0.125,0.125
14,14.0,0.125,0.125,0.125,0.125,0.125,0.125,0.125,0.125
15,15.0,0.125,0.125,0.125,0.125,0.125,0.125,0.125,0.125
16,16.0,0.125,0.125,0.125,0.125,0.125,0.125,0.125,0.125
17,17.0,0.125,0.125,0.125,0.125,0.125,0.125,0.125,0.125
18,18.0,0.125,0.125,0.125,0.125,0.125,0.125,0.125,0.125
19,19.0,0.125,0.125,0.125,0.125,0.125,0.125,0.125,0.125
20,20.0,0.125,0.125,0.125,0.125,0.125,0.125,0.125,0.125
21,21.0,0.125,0.125,0.125,0.125,0.125,0.125,0.125,0.125
22,22.0,0.125,0.125,0.125,0.125,0.125,0.125,0.125,0.125
23,23.0,0.125,0.125,0.125,0.125,0.125,0.125,0.125,0.125
24,24.0,0.125,0.125,0.125,0.125,0.125,0.125,0.125,0.125
25,25.0,0.125,0.125,0.125,0.125,0.125,0.125,0.125,0.125
26,26.0,0.125,0.125,0.125,0.125,0.125,0.125,0.125,0.125
27,27.0,0.125,0.125,0.125,0.125,0.125,0.125,0.125,0.125
28,28.0,0.125,0.125,0.125,0.125,0.125,0.125,0.125,0.125
29,29.0,0.125,0.125,0.125,0.125,0.125,0.125,0.125,0.125
30,30.0,0.125,0.125,0.125,0.125,0.125,0.125,0.125,0.125
31,31.0,0.125,0.125,0.125,0.125,0.125,0.125,0.125,0.125
32,32.0,0.125,0.125,0.125,0.125,0.125,0.125,0.125,0.125
33,33.0,0.125,0.125,0.125,0.125,0.125,0.125,0.125,0.125
34,34.0,0.125,0.125,0.125,0.125,0.125,0.125,0.125,0.125
35,35.0,0.125,0.125,0.125,0.125,0.125,0.125,0.125,0.125
36,36.0,0.125,0.125,0.125,0.125,0.125,0.125,0.125,0.125
37,37.0,0.125,0.125,0.125,0.125,0.125,0.125,0.125,0.125
38,38.0,0.125,0.125,0.125,0.125,0.125,0.125,0.125,0.125
39,39.0,0.125,0.125,0.125,0.125,0.125,0.125,0.125,0.125
40,40.0,0.125,0.125,0.125,0.125,0.125,0.125,0.125,0.125
41,41.0,0.125,0.125,0.125,0.125,0.125,0.125,0.125,0.125
42,42.0,0.125,0.125,0.125,0.125,0.125,0.125,0.125,0.125
43,43.0,0.125,0.125,0.125,0.125,0.125,0.125,0.125,0.125
44,44.0,0.125,0.125,0.125,0.125,0.125,0.125,0.125,0.125
45,45.0,0.125,0.125,0.125,0.125,0.125,0.125,0.125,0.125
46,46.0,0.125,0.125,0.125,0.125,0.125,0.125,0.125,0.125
47,47.0,0.125,0.125,0.125,0.125,0.125,0.125,0.125,0.125
48,48.0,0.125,0.125,0.125,0.125,0.125,0.125,0.125,0.125
49,49.0,0.125,0.125,0.125,0.125,0.125,0.125,0.125,0.125
50,50.0,0.125,0.125,0.125,0.125,0.125,0.125,0.125,0.125
51,51.0,0.125,0.125,0.125,0.125,0.125,0.125,0.125,0.125
52,52.0,0.125,0.125,0.125,0.125,0.125,0.125,0.125,0.125
53,53.0,0.125,0.125,0.125,0.125,0.125,0.125,0.125,0.125
54,54.0,0.125,0.125,0.125,0.125,0.125,0.125,0.125,0.125
55,55.0,0.125,0.125,0.125,0.125,0.125,0.125,0.125,0.125
56,56.0,0.125,0.125,0.125,0.125,0.125,0.125,0.125,0.125
57,57.0,0.125,0.125,0.125,0.125,0.125,0.125,0.125,0.125
58,58.0,0.125,0.125,0.125,0.125,0.125,0.125,0.125,0.125
59,59.0,0.125,0.125,0.125,0.125,0.125,0.125,0.125,0.125
60,60.0,0.125,0.125,0.125,0.125,0.125,0.125,0.125,0.125
61,61.0,0.125,0.125,0.125,0.125,0.125,0.125,0.125,0.125
62,62.0,0.125,0.125,0.125,0.125,0.125,0.125,0.125,0.125
63,63.0,0.125,0.125,0.125,0.125,0.125,0.125,0.125,0.125
64,64.0,0.125,0.125,0.125,0.125,0.125,0.125,0.125,0.125
65,65.0,0.125,0.125,0.125,0.125,0.125,0.125,0.125,0.125
66,66.0,0.125,0.125,0.125,0.125,0.125,0.125,0.125,0.125
67,67.0,0.125,0.125,0.125,0.125,0.125,0.125,0.125,0.125
68,68.0,0.125,0.125,0.125,0.125,0.125,0.125,0.125,0.125
69,69.0,0.125,0.125,0.125,0.125,0.125,0.125,0.125,0.125
70,70.0,0.125,0.125,0.125,0.125,0.125,0.125,0.125,0.125
71,71.0,0.125,0.125,0.125,0.125,0.125,0.125,0.125,0.125
72,72.0,0.125,0.125,0.125,0.125,0.125,0.125,0.125,0.125
73,73.0,0.125,0.125,0.125,0.125,0.125,0.125,0.125,0.125
74,74.0,0.125,0.125,0.125,0.125,0.125,0.125,0.125,0.125
75,75.0,0.125,0.125,0.125,0.125,0.125,0.125,0.125,0.125
76,76.0,0.125,0.125,0.125,0.125,0.125,0.125,0.125,0.125
77,77.0,0.125,0.125,0.125,0.125,0.125,0.125,0.125,0.125
78,78.0,0.125,0.125,0.125,0.125,0.125,0.125,0.125,0.125
79,79.0,0.125,0.125,0.125,0.125,0.125,0.125,0.125,0.125
80,80.0,0.125,0.125,0.125,0.125,0.125,0.125,0.125,0.125
81,81.0,0.125,0.125,0.125,0.125,0.125,0.125,0.125,0.125
82,82.0,0.125,0.125,0.125,0.125,0.125,0.125,0.125,0.125
83,83.0,0.125,0.125,0.125,0.125,0.125,0.125,0.125,0.125
84,84.0,0.125,0.125,0.125,0.125,0.125,0.125,0.125,0.125
85,85.0,0.125,0.125,0.125,0.125,0.125,0.125,0.125,0.125
86,86.0,0.125,0.125,0.125,0.125,0.125,0.125,0.125,0.125
87,87.0,0.125,0.125,0.125,0.125,0.125,0.125,0.125,0.125
88,88.0,0.125,0.125,0.125,0.125,0.125,0.125,0.125,0.125
89,89.0,0.125,0.125,0.125,0.125,0.125,0.125,0.125,0.125
90,90.0,0.125,0.125,0.125,0.125,0.125,0.125,0.125,0.125
91,91.0,0.125,0.125,0.125,0.125,0.125,0.125,0.125,0.125
92,92.0,0.125,0.125,0.125,0.125,0.125,0.125,0.125,0.125
93,93.0,0.125,0.125,0.125,0.125,0.125,0.125,0.125,0.125
94,94.0,0.125,0.125,0.125,0.125,0.125,0.125,0.125,0.125
95,95.0,0.125,0.125,0.125,0.125,0.125,0.125,0.125,0.125
96,96.0,0.125,0.125,0.125,0.125,0.125,0.125,0.125,0.125
97,97.0,0.125,0.125,0.125,0.125,0.125,0.125,0.125,0.125
98,98.0,0.125,0.125,0.125,0.125,0.125,0.125,0.125,0.125
99,99.0,0.125,0.125,0.125,0.125,0.125,0.125,0.125,0.125
100,100.0,0.125,0.125,0.125,0.125,0.125,0.125,0.125,0.125
101,101.0,0.125,0.125,0.125,0.125,0.125,0.125,0.125,0.125
102,102.0,0.125,0.125,0.125,0.125,0.125,0.125,0.125,0.125
103,103.0,0.125,0.125,0.125,0.125,0.125,0.125,0.125,0.125
104,104.0,0.125,0.125,0.125,0.125,0.125,0.125,0.125,0.125
105,105.0,0.125,0.125,0.125,0.125,0.125,0.125,0.125,0.125
106,106.0,0.125,0.125,0.125,0.125,0.125,0.125,0.125,0.125
107,107.0,0.125,0.125,0.125,0.125,0.125,0.125,0.125,0.125
108,108.0,0.125,0.125,0.125,0.125,0.125,0.125,0.125,0.125
109,109.0,0.125,0.125,0.125,0.125,0.125,0.125,0.125,0.125
110,110.0,0.125,0.125,0.125,0.125,0.125,0.125,0.125,0.125
111,111.0,0.125,0.125,0.125,0.125,0.125,0.125,0.125,0.125
112,112.0,0.125,0.125,0.125,0.125,0.125,0.125,0.125,0.125
113,113.0,0.125,0.125,0.125,0.125,0.125,0.125,0.125,0.125
114,114.0,0.125,0.125,0.125,0.125,0.125,0.125,0.125,0.125
115,115.0,0.125,0.125,0.125,0.125,0.125,0.125,0.125,0.125
116,116.0,0.125,0.125,0.125,0.125,0.125,0.125,0.125,0.125
117,117.0,0.125,0.125,0.125,0.125,0.125,0.125,0.125,0.125
118,118.0,0.125,0.125,0.125,0.125,0.125,0.125,0.125,0.125
119,119.0,0.125,0.125,0.125,0.125,0.125,0.125,0.125,0.125
120,120.0,0.125,0.125,0.125,0.125,0.125,0.125,0.125,0.125
121,121.0,0.125,0.125,0.125,0.125,0.125,0.125,0.125,0.125
122,122.0,0.125,0.125,0.125,0.125,0.125,0.125,0.125,0.125
123,123.0,0.125,0.125,0.125,0.125,0.125,0.125,0.125,0.125
124,124.0,0.125,0.125,0.125,0.125,0.125,0.125,0.125,0.125
125,125.0,0.125,0.125,0.125,0.125,0.125,0.125,0.125,0.125
126,126.0,0.125,0.125,0.125,0.125,0.125,0.125,0.125,0.125
127,127.0,0.125,0.125,0.125,0.125,0.125,0.125,0.125,0.125
128,128.0,0.125,0.125,0.125,0.125,0.125,0.125,0.125,0.125
129,129.0,0.125,0.125,0.125,0.125,0.125,0.125,0.125,0.125
130,130.0,0.125,0.125,0.125,0.125,0.125,0.125,0.125,0.125
131,131.0,0.125,0.125,0.125,0.125,0.125,0.125,0.125,0.125
132,132.0,0.125,0.125,0.125,0.125,0.125,0.125,0.125,0.125
133,133.0,0.125,0.125,0.125,0.125,0.125,0.125,0.125,0.125
134,134.0,0.125,0.125,0.125,0.125,0.125,0.125,0.125,0.125
135,135.0,0.125,0.125,0.125,0.125,0.125,0.125,0.125,0.125
136,136.0,0.125,0.125,0.125,0.125,0.125,0.125,0.125,0.125
137,137.0,0.125,0.125,0.125,0.125,0.125,0.125,0.125,0.125
138,138.0,0.125,0.125,0.125,0.125,0.125,0.125,0.125,0.125
139,139.0,0.125,0.125,0.125,0.125,0.125,0.125,0.125,0.125
140,140.0,0.125,0.125,0.125,0.125,0.125,0.125,0.125,0.125
141,141.0,0.125,0.125,0.125,0.125,0.125,0.125,0.125,0.125
142,142.0,0.125,0.125,0.125,0.125,0.125,0.125,0.125,0.125
143,143.0,0.125,0.125,0.125,0.125,0.125,0.125,0.125,0.125
144,144.0,0.125,0.125,0.125,0.125,0.125,0.125,0.125,0.125
145,145.0,0.125,0.125,0.125,0.125,0.125,0.125,0.125,0.125
146,146.0,0.125,0.125,0.125,0.125,0.125,0.125,0.125,0.125
147,147.0,0.125,0.125,0.125,0.125,0.125,0.125,0.125,0.125
148,148.0,0.125,0.125,0.125,0.125,0.125,0.125,0.125,0.125
149,149.0,0.125,0.125,0.125,0.125,0.125,0.125,0.125,0.125
150,150.0,0.125,0.125,0.125,0.125,0.125,0.125,0.125,0.125
151,151.0,0.125,0.125,0.125,0.125,0.125,0.125,0.125,0.125
152,152.0,0.125,0.125,0.125,0.125,0.125,0.125,0.125,0.125
153,153.0,0.125,0.125,0.125,0.125,0.125,0.125,0.125,0.125
154,154.0,0.125,0.125,0.125,0.125,0.125,0.125,0.125,0.125
155,155.0,0.125,0.125,0.125,0.125,0.125,0.125,0.125,0.125
156,156.0,0.125,0.125,0.125,0.125,0.125,0.125,0.125,0.125
157,157.0,0.125,0.125,0.125,0.125,0.125,0.125,0.125,0.125
158,158.0,0.125,0.125,0.125,0.125,0.125,0.125,0.125,0.125
159,159.0,0.125,0.125,0.125,0.125,0.125,0.125,0.125,0.125
160,160.0,0.125,0.125,0.125,0.125,0.125,0.125,0.125,0.125
161,161.0,0.125,0.125,0.125,0.125,0.125,0.125,0.125,0.125
162,162.0,0.125,0.125,0.125,0.125,0.125,0.125,0.125,0.125
163,163.0,0.125,0.125,0.125,0.125,0.125,0.125,0.125,0.125
164,164.0,0.125,0.125,0.125,0.125,0.125,0.125,0.125,0.125
165,165.0,0.125,0.125,0.125,0.125,0.125,0.125,0.125,0.125
166,166.0,0.125,0.125,0.125,0.125,0.125,0.125,0.125,0.125
167,167.0,0.125,0.125,0.125,0.125,0.125,0.125,0.125,0.125
168,168.0,0.125,0.125,0.125,0.125,0.125,0.125,0.125,0.125
169,169.0,0.125,0.125,0.125,0.125,0.125,0.125,0.125,0.125
170,170.0,0.125,0.125,0.125,0.125,0.125,0.125,0.125,0.125
171,171.0,0.125,0.125,0.125,0.125,0.125,0.125,0.125,0.125
172,172.0,0.125,0.125,0.125,0.125,0.125,0.125,0.125,0.125
173,173.0,0.125,0.125,0.125,0.125,0.125,0.125,0.125,0.125
174,174.0,0.125,0.125,0.125,0.125,0.125,0.125,0.125,0.125
175,175.0,0.125,0.125,0.125,0.125,0.125,0.125,0.125,0.125
176,176.0,0.125,0.125,0.125,0.125,0.125,0.125,0.125,0.125
177,177.0,0.125,0.125,0.125,0.125,0.125,0.125,0.125,0.125
178,178.0,0.125,0.125,0.125,0.125,0.125,0.125,0.125,0.125
179,179.0,0.125,0.125,0.125,0.125,0.125,0.125,0.125,0.125
180,180.0,0.125,0.125,0.125,0.125,0.125,0.125,0.125,0.125
181,181.0,0.125,0.125,0.125,0.125,0.125,0.125,0.125,0.125
182,182.0,0.125,0.125,0.125,0.125,0.125,0.125,0.125,0.125
183,183.0,0.125,0.125,0.125,0.125,0.125,0.125,0.125,0.125
184,184.0,0.125,0.125,0.125,0.125,0.125,0.125,0.125,0.125
185,185.0,0.125,0.125,0.125,0.125,0.125,0.125,0.125,0.125
186,186.0,0.125,0.125,0.125,0.125,0.125,0.125,0.125,0.125
187,187.0,0.125,0.125,0.125,0.125,0.125,0.125,0.125,0.125
188,188.0,0.125,0.125,0.125,0.125,0.125,0.125,0.125,0.125
189,189.0,0.125,0.125,0.125,0.125,0.125,0.125,0.125,0.125
190,190.0,0.125,0.125,0.125,0.125,0.125,0.125,0.125,0.125
191,191.0,0.125,0.125,0.125,0.125,0.125,0.125,0.125,0.125
192,192.0,0.125,0.125,0.125,0.125,0.125,0.125,0.125,0.125
193,193.0,0.125,0.125,0.125,0.125,0.125,0.125,0.125,0.125
194,194.0,0.125,0.125,0.125,0.125,0.125,0.125,0.125,0.125
195,195.0,0.125,0.125,0.125,0.125,0.125,0.125,0.125,0.125
196,196.0,0.125,0.125,0.125,0.125,0.125,0.125,0.125,0.125
197,197.0,0.125,0.125,0.125,0.125,0.125,0.125,0.125,0.125
198,198.0,0.125,0.125,0.125,0.125,0.125,0.125,0.125,0.125
199,199.0,0.125,0.125,0.125,0.125,0.125,0.125,0.125,0.125
200,200.0,0.1248611111111111,0.1248611111111111,0.1248611111111111,0.1259722222222222,0.1248611111111111,0.1248611111111111,0.1248611111111111,0.1248611111111111
201,201.0,0.1243347222222222,0.1265569444444444,0.1243347222222222,0.1264347222222222,0.1243347222222222,0.1243347222222222,0.1243347222222222,0.1253347222222222
202,202.0,0.1237037361111111,0.1280148472222222,0.1237037361111111,0.1267727361111111,0.1237037361111111,0.1237037361111111,0.1247037361111111,0.1256937361111111
203,203.0,0.1228829021590909,0.1300399930681818,0.1228829021590909,0.1268933121590909,0.1228829021590909,0.1237919930681818,0.1247819930681818,0.1258440021590909
204,204.0,0.122732746823106,0.1315038910655303,0.1218236559140151,0.126650321723106,0.1218236559140151,0.1243903225806818,0.1245280892473485,0.126547316732197
205,205.0,0.1225372375944467,0.1327834582545865,0.1207281466853558,0.1263320851554467,0.1207281466853558,0.1247994264056355,0.1249188054056355,0.1271726938135376
206,206.0,0.1223056122074141,0.1346041122640694,0.119613703116505,0.125952056687704,0.119613703116505,0.1250423778317897,0.1251440141417897,0.1277244206342232
207,207.0,0.1220456300335474,0.1368733913516949,0.1194042854880928,0.1246129563873045,0.1184951945790019,0.1251388570902573,0.1252235086161573,0.1282061764539439
208,208.0,0.1218055837161258,0.1390523116473439,0.1192361607070349,0.1232851214015568,0.117427069797944,0.1252311180337938,0.1252996367387448,0.128662997957456
209,209.0,0.1215858801326791,0.1411281198272576,0.1191068807364064,0.1219807035488531,0.1164149716454973,0.1253186598844569,0.1253719738635043,0.1290928103613455
210,210.0,0.1213866820456442,0.1424237023545438,0.1190138538948706,0.1207104052944161,0.1161300851069918,0.1254010791330272,0.1254401757189709,0.1294940164515355
211,211.0,0.1211321733104927,0.1435283683934346,0.1188028699864184,0.1194077600852059,0.1158267803106608,0.1254023062714709,0.1254282162377618,0.1304715254045549
212,212.0,0.1208986118975696,0.1445183447505627,0.1186241981931897,0.1181572108869737,0.1155781139484321,0.1253986300575979,0.1254124129665384,0.1314124772991358
213,213.0,0.1206862386887813,0.1453952006305329,0.1184763940215944,0.1169660535906042,0.1153811088405177,0.1253905775887787,0.1253933083170144,0.1323111183221764
214,214.0,0.1204309560316996,0.1460973769581588,0.11822964362298,0.115776158014772,0.1151684663484628,0.1253145644510935,0.1253073209094125,0.1336755136634208
215,215.0,0.1202877037876813,0.1466671369455877,0.1179308733969709,0.114631113963371,0.1147431355162562,0.1249774057234599,0.1253100949835731,0.1354525356831
216,216.0,0.1201653480338224,0.1471353123857179,0.1176610113367701,0.1135611744832249,0.1143632285705693,0.1246411776364835,0.1253113632465405,0.1371613843068716
217,217.0,0.1200630226786454,0.1476236590486453,0.1174198652463987,0.1124532494422422,0.1140280021922071,0.1243091494069682,0.1253112635968043,0.1387917883880887
218,218.0,0.1199637094434524,0.1480045866902886,0.1171922730384277,0.1114135023993891,0.1137243117189345,0.1240871349909125,0.1252938953297506,0.1403205863888447
219,219.0,0.1198668609105491,0.148283788598312,0.1169780191868196,0.110558116607211,0.1134511109614395,0.1238606692066338,0.1252599196517339,0.1417415148773011
220,220.0,0.1197719839212129,0.1484674301531747,0.1167767984851168,0.1097726476133628,0.113319531125914,0.123631449203945,0.1252101218868081,0.1430500376104658
221,221.0,0.1196786383987775,0.1485620392824411,0.1165882274408265,0.1090568660434304,0.1132134601144078,0.1234010495278783,0.1252565016402215,0.144243217552017
222,222.0,0.1196010877978446,0.1485890562834457,0.116425286349212,0.1084233205212836,0.1131426437096903,0.1231831280975882,0.1253024605086734,0.1453330167322623
223,223.0,0.1194909090846543,0.1491740178180521,0.1161918035306839,0.1078225038497461,0.1130566455675107,0.122930997255181,0.1252999619443565,0.1460331609498155
224,224.0,0.1193536573337546,0.150239803627078,0.1158995489384998,0.1072583417866629,0.1129590343192275,0.1226517897264829,0.1252550671523812,0.1463827571159133
225,225.0,0.1191941476605432,0.1517181146014617,0.1155587928841824,0.106733545785937,0.1128526826820515,0.1223517405495276,0.1251731999975509,0.146417775838746
226,226.0,0.1190952662007717,0.1531687450675944,0.1151711726102104,0.1063246610305038,0.1126959880940474,0.1219923942637141,0.1251417730521121,0.1464099996810463
227,227.0,0.119010559637349,0.1545385774612949,0.1148107679826685,0.1059862542089056,0.1125645173134196,0.1216522395600277,0.1251112289783733,0.1463258548579616
228,228.0,0.1189394575462745,0.1558219932658694,0.114478461483189,0.1063028968900925,0.1124570626672366,0.1213327588272927,0.1250817849299018,0.1455855843901437
229,229.0,0.1188486307626619,0.1574396365834922,0.1141094068868363,0.1066111464551441,0.1123396173499537,0.121002399737179,0.1250209456060935,0.1446282166186394
230,230.0,0.1186022431333364,0.159200783358681,0.1135724246576204,0.1067702148283825,0.1120756379915888,0.121637947937172,0.1247937420374553,0.1433470060557637
231,231.0,0.1183696304086362,0.1608563665147694,0.1130673089600671,0.1069710610242041,0.1118337335793075,0.1222877730057347,0.1245703984736303,0.1420437280336508
232,232.0,0.1172323730191628,0.1622585303376463,0.1125566581293564,0.1071695691707948,0.1115998287424369,0.1229296620851372,0.1241112634541803,0.1421421150612854
233,233.0,0.115893022687793,0.1631639287975312,0.1118336185940717,0.1081489349706119,0.1111656137200086,0.1232370299205944,0.1234364763188698,0.1431213749905193
234,234.0,0.1145675822231391,0.1638274175666529,0.1111064374070585,0.1091022596742984,0.1107342530311259,0.1235190463084694,0.1227555472748182,0.1443874565144377
235,235.0,0.1132676327168066,0.1642648587681806,0.1103822358926211,0.110022049491692,0.1103094925229537,0.1237751439032723,0.1220756174769708,0.1459029692275029
236,236.0,0.1120214111292917,0.1646012021144474,0.109703531221176,0.1109380331357776,0.1099127063437674,0.1239081976408916,0.1215361153886862,0.147378803025962
237,237.0,0.1108203329033964,0.1648262138112264,0.1091731354677821,0.1118270635713532,0.109533309436567,0.1240221803247373,0.1210092710028376,0.1487884934820999
238,238.0,0.1097001824169852,0.1653982886255404,0.1088007062270915,0.1126932190691378,0.1085352819017822,0.1242417903182946,0.1206226130200455,0.1500079184211228
239,239.0,0.108572038199454,0.1656104393464675,0.1083795058926078,0.1134378323552558,0.1074987347990504,0.1242816834389191,0.1207596734640265,0.1514600925042188
240,240.0,0.1074622700729635,0.1655120227385894,0.1079325279685439,0.1140783923139957,0.10644880377655,0.1241716080199296,0.1213667131802513,0.1530276619291766
241,241.0,0.1064172392492755,0.1652447876780733,0.1075035222723007,0.1146556009577103,0.1054344276760839,0.1240397628090785,0.1219777649839342,0.1547268943735434
242,242.0,0.1054037506000575,0.165072288097435,0.1070574029313621,0.1151324426247686,0.1044250230601642,0.1237789421196064,0.1229903219125916,0.1561398286540145
243,243.0,0.1044410980529913,0.164749905696594,0.1066245605241487,0.1155384036167072,0.103442500085132,0.1240844486250377,0.1236948525156252,0.1574242308837639
244,244.0,0.1035485842733862,0.1643682148598234,0.1062227555314139,0.1158924931423935,0.1025124185703659,0.1243738408239562,0.1243781536943714,0.1587035391042893
245,245.0,0.1027120675693973,0.1638635297551242,0.1063631650982158,0.1161792055992019,0.1016194855287952,0.1245387672705868,0.124872164695068,0.1598516144836105
246,246.0,0.1019343134005027,0.1632531966603362,0.1064901636729328,0.1164024115694522,0.100768915443516,0.124590025275692,0.1256908744255132,0.1608700995520547
247,247.0,0.1012317497562508,0.1625693807814394,0.1066182237571118,0.1165795353422455,0.0999758414174577,0.1244378457501182,0.1269197971126514,0.1616676260827249
248,248.0,0.1005974729642096,0.1619702856496509,0.1067609769139831,0.1167093235455092,0.0992429940355084,0.1242701504082453,0.1281003108786306,0.1623484856042628
249,249.0,0.1000441839202652,0.1613688147569624,0.1069287131178955,0.1168072997662514,0.0985815692169667,0.1240989589939131,0.1292386382910937,0.1629318219366518
250,250.0,0.0995693167400473,0.1607712203883906,0.1071172567021059,0.116875665440517,0.0979910389536772,0.1239263330285109,0.1303276147112677,0.1634215540354831
251,251.0,0.0991697779089856,0.1601830908352097,0.1073226414927423,0.1169166979662109,0.0974702190927477,0.1237541422267998,0.1313612854741797,0.163822145003124
252,252.0,0.09882038495883,0.1595444258464773,0.1074978394779658,0.1169110753112884,0.0969957017709064,0.1234974848938475,0.1326162297193121,0.1641168580213722
253,253.0,0.098539097750472,0.1589251071740774,0.1076830783974263,0.1168829997398409,0.0965870824269434,0.1232452963340299,0.1338045239027449,0.164332814274465
254,254.0,0.0983219185818153,0.1583293933731009,0.1078755017685057,0.1168349972992352,0.0962418574565106,0.1229996515556317,0.1349209500888135,0.1644757298763869
255,255.0,0.0981862534622214,0.1578258161593501,0.1076395664794308,0.1167911857224383,0.0959787846936042,0.1223727422386844,0.1366325264863895,0.164573124757881
256,256.0,0.0981058271184995,0.1573517560877985,0.1074100781387181,0.1167321035193569,0.0957727991256202,0.1217596132808619,0.1382587262064503,0.1646090965226944
257,257.0,0.0980759199364996,0.1569090020449417,0.1071886869349386,0.11665986857465,0.0956202518887461,0.1211650179358299,0.1397918249195466,0.1645894277648472
258,258.0,0.0980917790718695,0.1560226604921482,0.1069767970664368,0.1165765185119275,0.0955173246222398,0.1210692392719501,0.1412258017392442,0.1645198792241838
259,259.0,0.0981876533060198,0.1552019688450584,0.1068145613028711,0.1162880448718024,0.0953689688209585,0.1212882241691685,0.1424004078963817,0.1644501707877393
260,260.0,0.0982997339368299,0.1548191265080763,0.1066437881414826,0.1159744400272006,0.0952434522532366,0.1214253942221598,0.1432724450084196,0.1643216199025944
261,261.0,0.0985007077133193,0.1537422797403594,0.106542467248661,0.115716781342009,0.0952151743563888,0.1215616698867533,0.1443525800435298,0.1643683396689791
262,262.0,0.0987277981127994,0.1527141468597729,0.1064527891361221,0.1154601733167829,0.0952228165719405,0.1217091177660916,0.1453290635191333,0.1643840947173572
263,263.0,0.0989003649932186,0.1515886226548946,0.1062987287312053,0.1151313193900204,0.0951869528907385,0.1226227219174826,0.1461267381806669,0.1641445512417729
264,264.0,0.0990255861174733,0.1503635715828061,0.1060917159469919,0.1147401741478417,0.0951103974549375,0.1233327298160731,0.14699229257605,0.1643435323578262
265,265.0,0.0990948718441564,0.1490486970832894,0.1058270441434729,0.1142884148292151,0.0949907245362887,0.124561837942514,0.1479035957975475,0.1642848138235157
266,266.0,0.099128800511436,0.1477113317092838,0.1055288035962917,0.1138022980906493,0.0948491202679413,0.1262949294418401,0.1486687914321646,0.1640159249503931
267,267.0,0.099228625111636,0.1464378552227353,0.1053013901583427,0.1123881774145805,0.0947872504006051,0.1279771769746715,0.1495923250547298,0.1642871996626988
268,268.0,0.0992870860991732,0.145134863086778,0.1050403235467931,0.1109533226952304,0.094698088486563,0.1293977486367649,0.1505551538296314,0.1649334136190659
269,269.0,0.0993077332131393,0.1438179222540828,0.104751577732819,0.1095141538718213,0.0945852533373268,0.1309130153265524,0.1517601930373729,0.1653501512268854
270,270.0,0.0993231426254263,0.1428925223383019,0.1044698093504775,0.108114495298668,0.094481241883583,0.1322921103075742,0.1526944253718309,0.1657322528241381
271,271.0,0.0991929252743006,0.1418471963336973,0.1040563796026498,0.1066236337986976,0.0942454531325409,0.1335158119959934,0.1541998806449267,0.1663187192171935
272,272.0,0.0990293540896132,0.1409385260994344,0.1037026367549142,0.1052396461111428,0.0939898307814394,0.1349509862094045,0.1563544557792137,0.1657945641748376
273,273.0,0.0988549108404851,0.1404132725728022,0.1033356685012304,0.1038952036871292,0.0937364250877134,0.135959934795328,0.1586991049304719,0.1651054795848397
274,274.0,0.0986619842018499,0.1402038211391081,0.1029496617818875,0.1025889911417002,0.0934771054785608,0.1368046672214903,0.1610518989834251,0.164261870051978
275,275.0,0.0983872821685475,0.139747372696372,0.1024829262847632,0.1012627933865702,0.0931479869311187,0.1382290268299104,0.1630247494550397,0.1637178622476783
276,276.0,0.0981237572724056,0.139369834786569,0.102044076368481,0.1000277450461345,0.0928413684967184,0.1395610170964882,0.1648543138071249,0.1631778871260783
277,277.0,0.0978729270486697,0.1386824763508884,0.1016347119741196,0.0988870816623282,0.0925580663483998,0.140796555052742,0.1665366250081127,0.1630315565547395
278,278.0,0.0976360303323365,0.1380693068724285,0.1012559781934305,0.0978427713733263,0.0922985818790378,0.1419329305501418,0.1680695852611032,0.1628948155381953
279,279.0,0.0973624735797327,0.1373778653169076,0.1009662419186355,0.0973021017976229,0.0918593913337867,0.143004695107846,0.1694012308982697,0.1627260000471987
280,280.0,0.0973534680419957,0.137464077962725,0.1006435198435866,0.0967901811529667,0.0913821178100648,0.1437828853565171,0.170079981476602,0.162503768355542
281,281.0,0.0971247126846633,0.1373240758380474,0.1002373507745727,0.0963624960351083,0.0920220590501729,0.1441082252687202,0.1705444993451106,0.1622765810036044
282,282.0,0.0968309104260343,0.137092982740664,0.0997887539227163,0.0959473173555985,0.0926897392485902,0.1441344100370507,0.1715281632554719,0.1619877230138739
283,283.0,0.0964975944532517,0.1368151995954318,0.0993142985623702,0.0955556153414502,0.0932741989913872,0.1439419931512716,0.1722015274195492,0.162399572485288
284,284.0,0.0961704576527348,0.1368243541004469,0.0988500529075696,0.0952027371596729,0.0938498569941106,0.1436642002130641,0.1727411188882275,0.1626972220841735
285,285.0,0.095851742966231,0.1370994606172274,0.0983988174262455,0.0948870976817538,0.0944114263417092,0.1426869362480219,0.1731545085073287,0.1635100102114823
286,286.0,0.0955152616462324,0.1373265790915656,0.0978350053259132,0.0946086887656315,0.0948933973033059,0.1418348155745571,0.1738885567889194,0.1640976955038749
287,287.0,0.0951418403861833,0.1373720899215524,0.0978034853288001,0.0943211247675648,0.0952793442921021,0.140817332575752,0.1744794001817305,0.1647853825463146
288,288.0,0.0947480275099389,0.1373590357720158,0.0977412658454427,0.0940570364420527,0.0955846670017281,0.139668667178179,0.1754785029988596,0.165362797251783
289,289.0,0.0943796296108684,0.1373730622883779,0.0977114273550031,0.0938497896513253,0.0958737629687087,0.1385133531519354,0.1763780781416808,0.1659208968321003
290,290.0,0.094037789170245,0.1374113211388851,0.0977110301430939,0.0936957727098114,0.0961453639076387,0.1373636085001506,0.1771790826261967,0.1664560318039784
291,291.0,0.0937090440955635,0.1374425569994842,0.0977300216784478,0.0935840904264714,0.0963913909364004,0.135654271313689,0.1785305896469346,0.1669580349030091
292,292.0,0.0933926114756349,0.1378917456867588,0.0977415481063616,0.0935239695713438,0.0965764634229277,0.134461323292968,0.1796080724857335,0.1668042659582715
293,293.0,0.0930936784941828,0.1382244845812535,0.0977527488792992,0.0937958297432656,0.0962555739339142,0.1332983091046203,0.1805735180985564,0.1670058571649079
294,294.0,0.0932324864476147,0.1383956169886726,0.0977343454434442,0.0940337486746153,0.0958823031045974,0.1320180037049744,0.1814994923343284,0.167204003301753
295,295.0,0.093319325374601,0.1384792122997376,0.0976593886594202,0.094250602390622,0.0954264556020413,0.1306026194969219,0.1827044498184048,0.1675579463582512
296,296.0,0.0933786369380039,0.1385244027122408,0.0975764828617709,0.094467099736118,0.094943047000482,0.1291187301309757,0.183874794074523,0.1681168065458857
297,297.0,0.0934212979739255,0.1383313240056426,0.0975067315852661,0.0950433328856143,0.0944490664261051,0.1279940582951853,0.1850170687232666,0.1682371201049946
298,298.0,0.0938126186173463,0.137994671308767,0.0977230152058349,0.0955598545650747,0.0939306624230208,0.1268052937127101,0.1861080160236199,0.1680658681436264
299,299.0,0.0941516219564453,0.1375261933134104,0.0979023525839888,0.096014784239129,0.0936973936768798,0.125936199230791,0.1871457988007794,0.1676256561985764
300,300.0,0.0945103562097784,0.1365967723537559,0.0981323590784308,0.0967109040727785,0.0930190207304196,0.1251611748645713,0.1886327651787082,0.1672366475115574
301,301.0,0.0948709232810512,0.1356871216111543,0.0983673560242761,0.0974002507348441,0.0923585260448252,0.1244675248851042,0.1900104258348488,0.1668378715838962
302,302.0,0.0950906453288681,0.1346654716824376,0.0995767166291481,0.0979377191869746,0.0915818378519769,0.1237151594646202,0.1911370458459297,0.1662954040100449
303,303.0,0.0951952985239854,0.1335671278743933,0.1000536886988731,0.0983470114545312,0.0907222312734175,0.1234313626903149,0.1930403519652349,0.1656429275192497
304,304.0,0.0951709627692545,0.1323767007268184,0.1003062827427666,0.0986124717828282,0.0897770446809107,0.1239350524869458,0.1949906856225746,0.1648307991879011
305,305.0,0.0950360694314236,0.131953370251063,0.1003660378640635,0.0987511178767247,0.0887698545768064,0.1242519725152264,0.1969833382667274,0.163888239217965
306,306.0,0.0948703830701883,0.1315414803289049,0.1003874519019022,0.0988416045667291,0.0877845628932154,0.1245312585256469,0.1991384773132422,0.1629047814001709
307,307.0,0.094715452076941,0.1310532161278378,0.1004503200729298,0.0990028565202942,0.086885457611471,0.1251675353581288,0.2012469230012422,0.1614782392311552
308,308.0,0.0945336113909317,0.1304942556401189,0.1004525510114628,0.0990773420453278,0.0860032698266307,0.1257630998714542,0.203707482067918,0.1599683881461559
309,309.0,0.0943380806501013,0.1299676215869014,0.1004270415544603,0.0991179935138179,0.0851629125093024,0.1263331258571741,0.205792145672627,0.1588610786556156
310,310.0,0.0941317995519555,0.1294749630498828,0.1003764362206613,0.0991274032013494,0.0843682215705234,0.126873313062038,0.2075126567255186,0.1581352066180708
311,311.0,0.0939317520970536,0.1290316552166596,0.1003175968049296,0.0991224473429889,0.0836364234356729,0.1274227819536214,0.2090682253712458,0.1574691177778281
312,312.0,0.0937393153956201,0.1286371960951844,0.1002519351096156,0.0991046120519093,0.0829685468057065,0.1279751096743365,0.210844405548683,0.1564788793189444
313,313.0,0.09349155017522,0.1281624402772921,0.1000525848514258,0.0990112610601908,0.0823007757323328,0.1283962819358578,0.2130962460977568,0.1554888598699239
314,314.0,0.0932324795384665,0.1282594932551315,0.09972623881806,0.0988205232299581,0.0816378302436792,0.1283968573881443,0.2146368395839896,0.1552897379425706
315,315.0,0.0928949823812701,0.1282415521781997,0.0999576923724517,0.0985614242344947,0.0809776686654717,0.1282105385867452,0.2158507125451111,0.1553054290362556
316,316.0,0.0925319124688833,0.1282484602909076,0.1001741583055886,0.0982858413227283,0.0803690643648979,0.1282982932854583,0.2168865627321855,0.1552057072293503
317,317.0,0.0921331789255783,0.127988100466564,0.1008878698829283,0.0979827208830987,0.0797841801531969,0.1285228553636113,0.21738684932121,0.1553142450038122
318,318.0,0.0923045998605916,0.1276508300791249,0.101444011640065,0.0976457095016978,0.0792263331970334,0.1286678521520205,0.2176290321137497,0.155431631455717
319,319.0,0.0927085133916775,0.1273469775946564,0.1019851320826238,0.0973146546218109,0.0787314864757092,0.1288059666823644,0.2175183730630622,0.1555888960880953
320,320.0,0.093087496191384,0.1270647454948327,0.1024958278847636,0.096980776889212,0.0782867941800802,0.1288560462650311,0.2172754208650166,0.1559528922296795
321,321.0,0.0934668796438773,0.1268959598187676,0.1029084290815459,0.0966961399851308,0.0776038466651577,0.1288807440107965,0.2168202342115274,0.1567277665831967
322,322.0,0.0941143505700489,0.1269425077175722,0.1032584170598907,0.0963574117625672,0.0769570112764305,0.1287689389649833,0.216332899289981,0.157268463358526
323,323.0,0.0950280034224224,0.1270064552140716,0.1035731742140018,0.0960235777695563,0.0763612540183348,0.1285815372247249,0.2157583592710952,0.1576676388657929
324,324.0,0.0959143687003939,0.1270817403521355,0.103853645234046,0.0956980561023578,0.0758222455303532,0.1283574669359423,0.2152051866590433,0.158067290485728
325,325.0,0.0967787911004604,0.1271779561080636,0.1041081070844539,0.0953909238062868,0.0753435275509664,0.1281332479012737,0.2146002458270176,0.1584672006214775
326,326.0,0.0977463146476328,0.127172293451895,0.1045952754365252,0.0950412170250581,0.0749013942235145,0.1277943709336991,0.2138091006494842,0.1589400336321908
327,327.0,0.0986183598722627,0.127162097919101,0.1050374587277905,0.0946959110996932,0.0745039917785146,0.1273670190821247,0.2130628194182405,0.1595523421022726
328,328.0,0.0993429041285669,0.1270641641994996,0.1053185346669834,0.0943398592551115,0.074688458286279,0.1266328109996109,0.2122941021606937,0.1603191663032549
329,329.0,0.0999687520779973,0.1269570574866032,0.1055466333671023,0.0939842914447458,0.0748979633643608,0.1261055260240637,0.2112933206489611,0.1612464555861658
330,330.0,0.0999417372039692,0.1268420026361067,0.1062795636098454,0.0936319514325148,0.0751271445941839,0.1255088869136841,0.2104581107980003,0.1622106028116956
331,331.0,0.099838458356506,0.1267334099043189,0.1072351357273037,0.093298504732771,0.0753842074423198,0.1248785915484868,0.2096260657676208,0.1630056265206729
332,332.0,0.0996658422196933,0.1268236801986481,0.1075820380113391,0.0929850499809167,0.0756634466181093,0.1242215365048336,0.2091680908889698,0.16389031557749
333,333.0,0.0993883944949431,0.1268176633970729,0.107746807081066,0.0926499178684559,0.0758878076697217,0.1234593346870571,0.2087658695312241,0.1652842052704592
334,334.0,0.0990436364477073,0.126803256906383,0.1078502045556687,0.0923242044028097,0.0761124275387682,0.1226593067099815,0.2085277094919334,0.1666792539467481
335,335.0,0.0986687752060659,0.1267865210562435,0.1079078987206386,0.0925416179392739,0.0763401114406619,0.1213500011007957,0.2084500001528975,0.1679550743834231
336,336.0,0.0982701618412899,0.126767448280515,0.1079234751047033,0.0927715795711605,0.0765678682725132,0.1200683071681571,0.2085223678645113,0.1691087918971496
337,337.0,0.0977984026794148,0.126661305204357,0.1082837089365532,0.0929516928669255,0.076734571167325,0.1187507008352178,0.2086228495954474,0.1701967687147593
338,338.0,0.0972913064234517,0.1266884521939985,0.1085398197601695,0.0928730646282838,0.0768715521791488,0.1174662490174336,0.2086747109937475,0.1715948448037667
339,339.0,0.0965813787768881,0.1263998268521128,0.1084715724402326,0.0928769427081296,0.0768053063616992,0.1162392649579986,0.2083008171967522,0.1743248907061869
340,340.0,0.09581847180141,0.1262431905548231,0.1082335266496265,0.0927955898348699,0.0766801807119273,0.1149874846487957,0.2083913815468514,0.1768501742516963
341,341.0,0.0950129918603144,0.1259279442596812,0.1085436779313457,0.0926351065818693,0.0765016063027654,0.113721479083288,0.2084922309902661,0.17916496299047
342,342.0,0.0941993573358134,0.1258025959623588,0.1087914349747942,0.0924509741139846,0.0763162344715659,0.112483516588228,0.2085835064483631,0.1813723801048921
343,343.0,0.0932657587025676,0.1257384788734838,0.1088595137890533,0.0931186861370377,0.0760069165975297,0.1111530307466851,0.2090729836111915,0.1827846315424513
344,344.0,0.0923003159389864,0.1255099916027855,0.1087556327114224,0.0941033767395076,0.0756511960752034,0.1100035361054014,0.2096281686964263,0.1840477821302671
345,345.0,0.091262814760999,0.1251499423569357,0.1084442429576625,0.0948407801790793,0.0751787297050989,0.1088293815498992,0.2104744806596315,0.1858196278306939
346,346.0,0.0901761512671411,0.1246796053504257,0.1079525302362451,0.0957288531382491,0.0746108331206112,0.1078538249947773,0.2112221167811512,0.1877760851113994
347,347.0,0.089150295904968,0.1245972724882622,0.1072128009726124,0.0966257350280789,0.074069736402874,0.1067201912969477,0.2119666710745099,0.1896572968317472
348,348.0,0.0881759129014195,0.124688579771403,0.1064535556783448,0.0974675220825502,0.0735446570188758,0.1056789530994093,0.2130443495229334,0.1909464699250641
349,349.0,0.0872236166738292,0.1249998415485064,0.1055957705637379,0.0984493384841155,0.0730083608696283,0.1046728112613506,0.2139671348539316,0.1920831257449007
350,350.0,0.0863110483906672,0.1254645892567898,0.1047277976891717,0.0995522834989566,0.0724905566358024,0.1037171558535559,0.2148356037581027,0.1929009649169537
351,351.0,0.0854542694125292,0.1258235951371291,0.103858999135888,0.1008097139142991,0.0719913639933422,0.1028421694734618,0.215732709273773,0.1934871796595776
352,352.0,0.0848797398701406,0.1264212518671918,0.1029898708187359,0.1019590457290242,0.0715097719231805,0.1020161124847547,0.2167306095674668,0.1934935977395055
353,353.0,0.0841487122027727,0.1268516915875877,0.1020602834306107,0.1031501996424045,0.0710267203872298,0.1012573897242132,0.2179867554463549,0.1935182475788264
354,354.0,0.0833951893498589,0.1272830042018861,0.1010177964458036,0.1042435159612653,0.0704816496239818,0.1005014186644863,0.219994348076994,0.193083077675724
355,355.0,0.0828651460370169,0.1275933626385053,0.0999937129688373,0.1052147342869583,0.0701843684611434,0.0997614129647459,0.2219949876087875,0.1923922750340054
356,356.0,0.0824122438746715,0.1278640222236527,0.0996250165098869,0.1059243968704327,0.0708797253592382,0.0988994711412956,0.223298190534388,0.1910969334864344
357,357.0,0.0821512729416196,0.128126205254449,0.0991074106660988,0.1063595067085279,0.071506905678159,0.0980086458020522,0.2241714407655591,0.1905686121835345
358,358.0,0.0822555673124504,0.1281814390386134,0.0984657088199894,0.1072191125673244,0.0720714752208045,0.0971089599161133,0.2251060013422291,0.1895917357824756
359,359.0,0.0823501174751255,0.1281759903262097,0.0977870892111772,0.1076451874867498,0.0732261472800442,0.0962221678631647,0.226132096907184,0.1884612034503449
360,360.0,0.0824370983667306,0.1281244429019148,0.0970845218933827,0.1078876326406606,0.0748880562600175,0.0951915667661167,0.2271907942558621,0.1871958869153149
361,361.0,0.082722547360094,0.128042869107323,0.0964266197533481,0.1080513179497328,0.076522989339108,0.0942167395229437,0.2281101769831152,0.1859067399843352
362,362.0,0.0829230710283413,0.1278353869971727,0.0957099508186167,0.1080398601472005,0.077897717111499,0.0942135674913271,0.2288807083559774,0.1844997380498652
363,363.0,0.0830498180987734,0.127444881931818,0.0949480570772666,0.1080627132721227,0.0790383540591685,0.094107172612351,0.2294602019573586,0.1838888009911412
364,364.0,0.082987550069476,0.1268372635868492,0.0948650645897148,0.1078226751319622,0.079837788279569,0.0937859999733856,0.2297367914067892,0.1841268669622539
365,365.0,0.0828848703847943,0.1261693987277569,0.0947088898454338,0.1082467452579389,0.0804553042113817,0.0934078975849779,0.2298670804790493,0.1842598135086671
366,366.0,0.0828264691393672,0.1252023157943167,0.0946100630970843,0.1089515552338045,0.0810214359716122,0.0929536137856518,0.2299252214609059,0.1845093255172574
367,367.0,0.0827668358350569,0.1242509050423455,0.0945519330506518,0.1096028758319543,0.0815297082788641,0.0925336804818106,0.2299118953706282,0.1848521661086886
368,368.0,0.082733152686841,0.1233552401884693,0.0945996976150292,0.1103047885141652,0.0827114805943805,0.0921747088694436,0.2299241331170611,0.1841967984146101
369,369.0,0.0827605885668201,0.1223502639685081,0.0944973039682813,0.1107334230974385,0.083570435023295,0.09171667834495,0.2294992362993133,0.1848720707313936
370,370.0,0.0826964820801349,0.1212809176725035,0.0943328081977656,0.1110133868206493,0.0842719954006011,0.0912008570701638,0.22901578357737,0.1861877691808117
371,371.0,0.0825316008761688,0.1204399434383886,0.0940677161428711,0.1110948220852032,0.0858893833555799,0.0907776096035136,0.2283933946088423,0.1868055298894324
372,372.0,0.0823082163907681,0.1195236797923818,0.0937545681063724,0.111004266344006,0.0872757960353968,0.0903393924430643,0.2277572556192287,0.1880368252687817
373,373.0,0.0820178304115135,0.1185948770624931,0.0934046130683533,0.1108045729812705,0.0884511555726776,0.0898634354647495,0.2270370290978333,0.1898264863411091
374,374.0,0.0816715309063646,0.1181832255992433,0.0930274175909603,0.1104655070599028,0.0891176277212312,0.0893590342966546,0.226250892845229,0.1919247639804144
375,375.0,0.0813148259876774,0.1178215562907716,0.0926746546311983,0.110243983609809,0.0896954900174537,0.0888737486577222,0.2255135541274053,0.1938621866779626
