,Unnamed: 0,Total_iterations,Intertwine_two,Invert_path_vertices,Insert_inside_vertex,Delete_inside_vertex,Replace_inside_vertex,Donate_between_routes,MSC_add_terminal,MSC_del_terminal
0,0.0,0.0,0.125,0.125,0.125,0.125,0.125,0.125,0.125,0.125
1,1.0,0.10900000000000001,0.125,0.125,0.125,0.125,0.125,0.125,0.125,0.125
2,2.0,0.31601,0.125,0.125,0.125,0.125,0.125,0.125,0.125,0.125
3,3.0,0.6191589000000001,0.125,0.125,0.125,0.125,0.125,0.125,0.125,0.125
4,4.0,1.015801321,0.125,0.125,0.125,0.125,0.125,0.125,0.125,0.125
5,5.0,1.50262148669,0.125,0.125,0.125,0.125,0.125,0.125,0.125,0.125
6,6.0,2.0757334209441005,0.125,0.125,0.125,0.125,0.125,0.125,0.125,0.125
7,7.0,2.7307768275633495,0.125,0.125,0.125,0.125,0.125,0.125,0.125,0.125
8,8.0,3.4630081252450404,0.125,0.125,0.125,0.125,0.125,0.125,0.125,0.125
9,9.0,4.2673862119061114,0.125,0.125,0.125,0.125,0.125,0.125,0.125,0.125
10,10.0,5.138652627782014,0.125,0.125,0.125,0.125,0.125,0.125,0.125,0.125
11,11.0,6.071405875792507,0.125,0.125,0.125,0.125,0.125,0.125,0.125,0.125
12,12.0,7.060169740244025,0.125,0.125,0.125,0.125,0.125,0.125,0.125,0.125
13,13.0,8.099455520847952,0.125,0.125,0.125,0.125,0.125,0.125,0.125,0.125
14,14.0,9.183818168183006,0.125,0.125,0.125,0.125,0.125,0.125,0.125,0.125
15,15.0,10.307906369102724,0.125,0.125,0.125,0.125,0.125,0.125,0.125,0.125
16,16.0,11.466506686239443,0.125,0.125,0.125,0.125,0.125,0.125,0.125,0.125
17,17.0,12.654581904800096,0.125,0.125,0.125,0.125,0.125,0.125,0.125,0.125
18,18.0,13.867303782456686,0.125,0.125,0.125,0.125,0.125,0.125,0.125,0.125
19,19.0,15.100080434523047,0.125,0.125,0.125,0.125,0.125,0.125,0.125,0.125
20,20.0,16.348578617037543,0.125,0.125,0.125,0.125,0.125,0.125,0.125,0.125
21,21.0,17.608741195130214,0.125,0.125,0.125,0.125,0.125,0.125,0.125,0.125
22,22.0,18.876800103462312,0.125,0.125,0.125,0.125,0.125,0.125,0.125,0.125
23,23.0,20.14928511992658,0.125,0.125,0.125,0.125,0.125,0.125,0.125,0.125
24,24.0,21.423028783545156,0.125,0.125,0.125,0.125,0.125,0.125,0.125,0.125
25,25.0,22.695167792966423,0.125,0.125,0.125,0.125,0.125,0.125,0.125,0.125
26,26.0,23.963141223515898,0.125,0.125,0.125,0.125,0.125,0.125,0.125,0.125
27,27.0,25.224685898775267,0.125,0.125,0.125,0.125,0.125,0.125,0.125,0.125
28,28.0,26.477829247520948,0.125,0.125,0.125,0.125,0.125,0.125,0.125,0.125
29,29.0,27.720879968916847,0.125,0.125,0.125,0.125,0.125,0.125,0.125,0.125
30,30.0,28.95241681848399,0.125,0.125,0.125,0.125,0.125,0.125,0.125,0.125
31,31.0,30.17127581490958,0.125,0.125,0.125,0.125,0.125,0.125,0.125,0.125
32,32.0,31.376536153543515,0.125,0.125,0.125,0.125,0.125,0.125,0.125,0.125
33,33.0,32.567505096778625,0.125,0.125,0.125,0.125,0.125,0.125,0.125,0.125
34,34.0,33.74370209472243,0.125,0.125,0.125,0.125,0.125,0.125,0.125,0.125
35,35.0,34.90484237192463,0.125,0.125,0.125,0.125,0.125,0.125,0.125,0.125
36,36.0,36.05082019768737,0.125,0.125,0.125,0.125,0.125,0.125,0.125,0.125
37,37.0,37.18169203889697,0.125,0.125,0.125,0.125,0.125,0.125,0.125,0.125
38,38.0,38.29765977559663,0.125,0.125,0.125,0.125,0.125,0.125,0.125,0.125
39,39.0,39.399054140870355,0.125,0.125,0.125,0.125,0.125,0.125,0.125,0.125
40,40.0,40.48631852820801,0.125,0.125,0.125,0.125,0.125,0.125,0.125,0.125
41,41.0,41.55999329152982,0.125,0.125,0.125,0.125,0.125,0.125,0.125,0.125
42,42.0,42.62070064560415,0.125,0.125,0.125,0.125,0.125,0.125,0.125,0.125
43,43.0,43.669130257815,0.125,0.125,0.125,0.125,0.125,0.125,0.125,0.125
44,44.0,44.70602560622662,0.125,0.125,0.125,0.125,0.125,0.125,0.125,0.125
45,45.0,45.73217116373481,0.125,0.125,0.125,0.125,0.125,0.125,0.125,0.125
46,46.0,46.748380453854836,0.125,0.125,0.125,0.125,0.125,0.125,0.125,0.125
47,47.0,47.755485010424316,0.125,0.125,0.125,0.125,0.125,0.125,0.125,0.125
48,48.0,48.7543242612326,0.125,0.125,0.125,0.125,0.125,0.125,0.125,0.125
49,49.0,49.745736344347726,0.125,0.125,0.125,0.125,0.125,0.125,0.125,0.125
50,50.0,50.730549855707864,0.125,0.125,0.125,0.125,0.125,0.125,0.125,0.125
51,51.0,51.70957651737491,0.125,0.125,0.125,0.125,0.125,0.125,0.125,0.125
52,52.0,52.68360474770151,0.125,0.125,0.125,0.125,0.125,0.125,0.125,0.125
53,53.0,53.65339410751842,0.125,0.125,0.125,0.125,0.125,0.125,0.125,0.125
54,54.0,54.61967059027847,0.125,0.125,0.125,0.125,0.125,0.125,0.125,0.125
55,55.0,55.58312271885972,0.125,0.125,0.125,0.125,0.125,0.125,0.125,0.125
56,56.0,56.544398407394254,0.125,0.125,0.125,0.125,0.125,0.125,0.125,0.125
57,57.0,57.504102543001395,0.125,0.125,0.125,0.125,0.125,0.125,0.125,0.125
58,58.0,58.462795239617805,0.125,0.125,0.125,0.125,0.125,0.125,0.125,0.125
59,59.0,59.42099071417639,0.125,0.125,0.125,0.125,0.125,0.125,0.125,0.125
60,60.0,60.379156734137354,0.125,0.125,0.125,0.125,0.125,0.125,0.125,0.125
61,61.0,61.337714584760846,0.125,0.125,0.125,0.125,0.125,0.125,0.125,0.125
62,62.0,62.29703950447439,0.125,0.125,0.125,0.125,0.125,0.125,0.125,0.125
63,63.0,63.257461537171835,0.125,0.125,0.125,0.125,0.125,0.125,0.125,0.125
64,64.0,64.21926675122782,0.125,0.125,0.125,0.125,0.125,0.125,0.125,0.125
65,65.0,65.18269877636592,0.125,0.125,0.125,0.125,0.125,0.125,0.125,0.125
66,66.0,66.15796061122654,0.125,0.125,0.125,0.125,0.125,0.125,0.125,0.125
67,67.0,67.13511665648885,0.125,0.125,0.125,0.125,0.125,0.125,0.125,0.125
68,68.0,68.11420593066003,0.125,0.125,0.125,0.125,0.125,0.125,0.125,0.125
69,69.0,69.0952442181075,0.125,0.125,0.125,0.125,0.125,0.125,0.125,0.125
70,70.0,70.07822623462916,0.125,0.125,0.125,0.125,0.125,0.125,0.125,0.125
71,71.0,71.06312778715234,0.125,0.125,0.125,0.125,0.125,0.125,0.125,0.125
72,72.0,72.04990790655168,0.125,0.125,0.125,0.125,0.125,0.125,0.125,0.125
73,73.0,73.0485109349456,0.125,0.125,0.125,0.125,0.125,0.125,0.125,0.125
74,74.0,74.04876855115066,0.125,0.125,0.125,0.125,0.125,0.125,0.125,0.125
75,75.0,75.0505127202237,0.125,0.125,0.125,0.125,0.125,0.125,0.125,0.125
76,76.0,76.0535773451872,0.125,0.125,0.125,0.125,0.125,0.125,0.125,0.125
77,77.0,77.05779973420246,0.125,0.125,0.125,0.125,0.125,0.125,0.125,0.125
78,78.0,78.06302188697418,0.125,0.125,0.125,0.125,0.125,0.125,0.125,0.125
79,79.0,79.069091605599,0.125,0.125,0.125,0.125,0.125,0.125,0.125,0.125
80,80.0,80.07586343630533,0.125,0.125,0.125,0.125,0.125,0.125,0.125,0.125
81,81.0,81.08319944957798,0.125,0.125,0.125,0.125,0.125,0.125,0.125,0.125
82,82.0,82.09096986702758,0.125,0.125,0.125,0.125,0.125,0.125,0.125,0.125
83,83.0,83.09905354406195,0.125,0.125,0.125,0.125,0.125,0.125,0.125,0.125
84,84.0,84.10733831795227,0.125,0.125,0.125,0.125,0.125,0.125,0.125,0.125
85,85.0,85.12572123127403,0.125,0.125,0.125,0.125,0.125,0.125,0.125,0.125
86,86.0,86.14400864095086,0.125,0.125,0.125,0.125,0.125,0.125,0.125,0.125
87,87.0,87.1620272232505,0.125,0.125,0.125,0.125,0.125,0.125,0.125,0.125
88,88.0,88.1796236750877,0.125,0.125,0.125,0.125,0.125,0.125,0.125,0.125
89,89.0,89.20666424499028,0.125,0.125,0.125,0.125,0.125,0.125,0.125,0.125
90,90.0,90.23293411545271,0.125,0.125,0.125,0.125,0.125,0.125,0.125,0.125
91,91.0,91.25824765771436,0.125,0.125,0.125,0.125,0.125,0.125,0.125,0.125
92,92.0,92.28244736917271,0.125,0.125,0.125,0.125,0.125,0.125,0.125,0.125
93,93.0,93.3054026357935,0.125,0.125,0.125,0.125,0.125,0.125,0.125,0.125
94,94.0,94.32700834939426,0.125,0.125,0.125,0.125,0.125,0.125,0.125,0.125
95,95.0,95.34718340814102,0.125,0.125,0.125,0.125,0.125,0.125,0.125,0.125
96,96.0,96.36586912693168,0.125,0.125,0.125,0.125,0.125,0.125,0.125,0.125
97,97.0,97.38302758257399,0.125,0.125,0.125,0.125,0.125,0.125,0.125,0.125
98,98.0,98.4086399168263,0.125,0.125,0.125,0.125,0.125,0.125,0.125,0.125
99,99.0,99.44260461848512,0.125,0.125,0.125,0.125,0.125,0.125,0.125,0.125
100,100.0,100.47474680379322,0.125,0.125,0.125,0.125,0.125,0.125,0.125,0.125
101,101.0,101.50492730253256,0.125,0.125,0.125,0.125,0.125,0.125,0.125,0.125
102,102.0,102.53304047837266,0.125,0.125,0.125,0.125,0.125,0.125,0.125,0.125
103,103.0,103.559011931845,0.125,0.125,0.125,0.125,0.125,0.125,0.125,0.125
104,104.0,104.58279612065166,0.125,0.125,0.125,0.125,0.125,0.125,0.125,0.125
105,105.0,105.60437392937115,0.125,0.125,0.125,0.125,0.125,0.125,0.125,0.125
106,106.0,106.62375021792498,0.125,0.125,0.125,0.125,0.125,0.125,0.125,0.125
107,107.0,107.64095137544417,0.125,0.125,0.125,0.125,0.125,0.125,0.125,0.125
108,108.0,108.656022903457,0.125,0.125,0.125,0.125,0.125,0.125,0.125,0.125
109,109.0,109.66902704963397,0.125,0.125,0.125,0.125,0.125,0.125,0.125,0.125
110,110.0,110.68004051069691,0.125,0.125,0.125,0.125,0.125,0.125,0.125,0.125
111,111.0,111.68915222054659,0.125,0.125,0.125,0.125,0.125,0.125,0.125,0.125
112,112.0,112.69646123720584,0.125,0.125,0.125,0.125,0.125,0.125,0.125,0.125
113,113.0,113.7020747398271,0.125,0.125,0.125,0.125,0.125,0.125,0.125,0.125
114,114.0,114.70610614478798,0.125,0.125,0.125,0.125,0.125,0.125,0.125,0.125
115,115.0,115.70867334780489,0.125,0.125,0.125,0.125,0.125,0.125,0.125,0.125
116,116.0,116.70989709704205,0.125,0.125,0.125,0.125,0.125,0.125,0.125,0.125
117,117.0,117.70989950038508,0.125,0.125,0.125,0.125,0.125,0.125,0.125,0.125
118,118.0,118.70880266838995,0.125,0.125,0.125,0.125,0.125,0.125,0.125,0.125
119,119.0,119.70672749291043,0.125,0.125,0.125,0.125,0.125,0.125,0.125,0.125
120,120.0,120.70379256004976,0.125,0.125,0.125,0.125,0.125,0.125,0.125,0.125
121,121.0,121.70011319487466,0.125,0.125,0.125,0.125,0.125,0.125,0.125,0.125
122,122.0,122.69580063426834,0.125,0.125,0.125,0.125,0.125,0.125,0.125,0.125
123,123.0,123.69096132337995,0.125,0.125,0.125,0.125,0.125,0.125,0.125,0.125
124,124.0,124.68569633034662,0.125,0.125,0.125,0.125,0.125,0.125,0.125,0.125
125,125.0,125.68010087331315,0.125,0.125,0.125,0.125,0.125,0.125,0.125,0.125
126,126.0,126.67426395324989,0.125,0.125,0.125,0.125,0.125,0.125,0.125,0.125
127,127.0,127.66826808566046,0.125,0.125,0.125,0.125,0.125,0.125,0.125,0.125
128,128.0,128.66218912397335,0.125,0.125,0.125,0.125,0.125,0.125,0.125,0.125
129,129.0,129.65609616721522,0.125,0.125,0.125,0.125,0.125,0.125,0.125,0.125
130,130.0,130.65005154446075,0.125,0.125,0.125,0.125,0.125,0.125,0.125,0.125
131,131.0,131.64411086853713,0.125,0.125,0.125,0.125,0.125,0.125,0.125,0.125
132,132.0,132.6383231515205,0.125,0.125,0.125,0.125,0.125,0.125,0.125,0.125
133,133.0,133.63273097469033,0.125,0.125,0.125,0.125,0.125,0.125,0.125,0.125
134,134.0,134.62737070579627,0.125,0.125,0.125,0.125,0.125,0.125,0.125,0.125
135,135.0,135.63227275673364,0.125,0.125,0.125,0.125,0.125,0.125,0.125,0.125
136,136.0,136.63736187500996,0.125,0.125,0.125,0.125,0.125,0.125,0.125,0.125
137,137.0,137.64256846270854,0.125,0.125,0.125,0.125,0.125,0.125,0.125,0.125
138,138.0,138.64782870701018,0.125,0.125,0.125,0.125,0.125,0.125,0.125,0.125
139,139.0,139.65308463981154,0.125,0.125,0.125,0.125,0.125,0.125,0.125,0.125
140,140.0,140.65828413293465,0.125,0.125,0.125,0.125,0.125,0.125,0.125,0.125
141,141.0,141.66338083541612,0.125,0.125,0.125,0.125,0.125,0.125,0.125,0.125
142,142.0,142.6683340592953,0.125,0.125,0.125,0.125,0.125,0.125,0.125,0.125
143,143.0,143.6731086201936,0.125,0.125,0.125,0.125,0.125,0.125,0.125,0.125
144,144.0,144.6776746388001,0.125,0.125,0.125,0.125,0.125,0.125,0.125,0.125
145,145.0,145.68200730915797,0.125,0.125,0.125,0.125,0.125,0.125,0.125,0.125
146,146.0,146.68608663938846,0.125,0.125,0.125,0.125,0.125,0.125,0.125,0.125
147,147.0,147.68989717020204,0.125,0.125,0.125,0.125,0.125,0.125,0.125,0.125
148,148.0,148.69342767623223,0.125,0.125,0.125,0.125,0.125,0.125,0.125,0.125
149,149.0,149.6966708548971,0.125,0.125,0.125,0.125,0.125,0.125,0.125,0.125
150,150.0,150.6996230071465,0.125,0.125,0.125,0.125,0.125,0.125,0.125,0.125
151,151.0,151.70228371409948,0.125,0.125,0.125,0.125,0.125,0.125,0.125,0.125
152,152.0,152.70465551321618,0.125,0.125,0.125,0.125,0.125,0.125,0.125,0.125
153,153.0,153.70674357728905,0.125,0.125,0.125,0.125,0.125,0.125,0.125,0.125
154,154.0,154.70855539918173,0.125,0.125,0.125,0.125,0.125,0.125,0.125,0.125
155,155.0,155.71010048489333,0.125,0.125,0.125,0.125,0.125,0.125,0.125,0.125
156,156.0,156.71139005718484,0.125,0.125,0.125,0.125,0.125,0.125,0.125,0.125
157,157.0,157.71243677167536,0.125,0.125,0.125,0.125,0.125,0.125,0.125,0.125
158,158.0,158.71325444700008,0.125,0.125,0.125,0.125,0.125,0.125,0.125,0.125
159,159.0,159.71385781032234,0.125,0.125,0.125,0.125,0.125,0.125,0.125,0.125
160,160.0,160.71426225920914,0.125,0.125,0.125,0.125,0.125,0.125,0.125,0.125
161,161.0,161.71448364061516,0.125,0.125,0.125,0.125,0.125,0.125,0.125,0.125
162,162.0,162.71453804747443,0.125,0.125,0.125,0.125,0.125,0.125,0.125,0.125
163,163.0,163.71444163317304,0.125,0.125,0.125,0.125,0.125,0.125,0.125,0.125
164,164.0,164.71421044397005,0.125,0.125,0.125,0.125,0.125,0.125,0.125,0.125
165,165.0,165.71386026924765,0.125,0.125,0.125,0.125,0.125,0.125,0.125,0.125
166,166.0,166.713406509305,0.125,0.125,0.125,0.125,0.125,0.125,0.125,0.125
167,167.0,167.7128640602636,0.125,0.125,0.125,0.125,0.125,0.125,0.125,0.125
168,168.0,168.7122472155237,0.125,0.125,0.125,0.125,0.125,0.125,0.125,0.125
169,169.0,169.71156958310254,0.125,0.125,0.125,0.125,0.125,0.125,0.125,0.125
170,170.0,170.71084401809247,0.125,0.125,0.125,0.125,0.125,0.125,0.125,0.125
171,171.0,171.71008256940246,0.125,0.125,0.125,0.125,0.125,0.125,0.125,0.125
172,172.0,172.70929643988748,0.125,0.125,0.125,0.125,0.125,0.125,0.125,0.125
173,173.0,173.7084959589251,0.125,0.125,0.125,0.125,0.125,0.125,0.125,0.125
174,174.0,174.70769056646972,0.125,0.125,0.125,0.125,0.125,0.125,0.125,0.125
175,175.0,175.70688880759516,0.125,0.125,0.125,0.125,0.125,0.125,0.125,0.125
176,176.0,176.7060983365321,0.125,0.125,0.125,0.125,0.125,0.125,0.125,0.125
177,177.0,177.70532592921006,0.125,0.125,0.125,0.125,0.125,0.125,0.125,0.125
178,178.0,178.70457750332812,0.125,0.125,0.125,0.125,0.125,0.125,0.125,0.125
179,179.0,179.70385814500108,0.125,0.125,0.125,0.125,0.125,0.125,0.125,0.125
180,180.0,180.7031721410567,0.125,0.125,0.125,0.125,0.125,0.125,0.125,0.125
181,181.0,181.70252301609622,0.125,0.125,0.125,0.125,0.125,0.125,0.125,0.125
182,182.0,182.70191357347085,0.125,0.125,0.125,0.125,0.125,0.125,0.125,0.125
183,183.0,183.70134593937328,0.125,0.125,0.125,0.125,0.125,0.125,0.125,0.125
184,184.0,184.70082160929175,0.125,0.125,0.125,0.125,0.125,0.125,0.125,0.125
185,185.0,185.70034149612545,0.125,0.125,0.125,0.125,0.125,0.125,0.125,0.125
186,186.0,186.6999059793145,0.125,0.125,0.125,0.125,0.125,0.125,0.125,0.125
187,187.0,187.69951495439153,0.125,0.125,0.125,0.125,0.125,0.125,0.125,0.125
188,188.0,188.69916788241693,0.125,0.125,0.125,0.125,0.125,0.125,0.125,0.125
189,189.0,189.69886383881564,0.125,0.125,0.125,0.125,0.125,0.125,0.125,0.125
190,190.0,190.6986015611863,0.125,0.125,0.125,0.125,0.125,0.125,0.125,0.125
191,191.0,191.69837949570802,0.125,0.125,0.125,0.125,0.125,0.125,0.125,0.125
192,192.0,192.69819584182054,0.125,0.125,0.125,0.125,0.125,0.125,0.125,0.125
193,193.0,193.69804859490358,0.125,0.125,0.125,0.125,0.125,0.125,0.125,0.125
194,194.0,194.6979355867293,0.125,0.125,0.125,0.125,0.125,0.125,0.125,0.125
195,195.0,195.69785452350513,0.125,0.125,0.125,0.125,0.125,0.125,0.125,0.125
196,196.0,196.69780302136832,0.125,0.125,0.125,0.125,0.125,0.125,0.125,0.125
197,197.0,197.6977786392315,0.125,0.125,0.125,0.125,0.125,0.125,0.125,0.125
198,198.0,198.70777890891605,0.125,0.125,0.125,0.125,0.125,0.125,0.125,0.125
199,199.0,199.71770136254304,0.125,0.125,0.125,0.125,0.125,0.125,0.125,0.125
200,200.0,200.7274545571819,0.12486111111111112,0.12486111111111112,0.12486111111111112,0.12597222222222224,0.12486111111111112,0.12486111111111112,0.12486111111111112,0.12486111111111112
201,201.0,201.736957886785,0.12433472222222224,0.12655694444444446,0.12433472222222224,0.12643472222222224,0.12433472222222224,0.12433472222222224,0.12433472222222224,0.12533472222222225
202,202.0,202.74614130455998,0.12370373611111113,0.12801484722222226,0.12370373611111113,0.12677273611111112,0.12370373611111113,0.12370373611111113,0.12470373611111113,0.12569373611111115
203,203.0,203.75494496751185,0.12288290215909092,0.13003999306818184,0.12288290215909092,0.12689331215909092,0.12288290215909092,0.12379199306818184,0.12478199306818183,0.12584400215909095
204,204.0,204.7633188144934,0.12273274682310609,0.13150389106553034,0.12182365591401517,0.12665032172310606,0.12182365591401517,0.12439032258068183,0.1245280892473485,0.12654731673219702
205,205.0,205.7712220886319,0.12253723759444671,0.13278345825458657,0.12072814668535581,0.1263320851554467,0.12072814668535581,0.1247994264056355,0.1249188054056355,0.12717269381353763
206,206.0,206.7786228144702,0.1223056122074141,0.13460411226406943,0.11961370311650502,0.12595205668770407,0.11961370311650502,0.1250423778317897,0.1251440141417897,0.1277244206342232
207,207.0,207.78549723957997,0.1220456300335474,0.13687339135169493,0.11940428548809287,0.12461295638730456,0.11849519457900196,0.12513885709025735,0.12522350861615733,0.1282061764539439
208,208.0,208.79182924978298,0.12180558371612585,0.13905231164734394,0.11923616070703494,0.12328512140155681,0.11742706979794403,0.12523111803379383,0.1252996367387448,0.12866299795745606
209,209.0,209.79760976646782,0.12158588013267912,0.14112811982725765,0.1191068807364064,0.12198070354885313,0.1164149716454973,0.1253186598844569,0.1253719738635043,0.1290928103613455
210,210.0,210.8028361338195,0.1213866820456442,0.1424237023545438,0.1190138538948706,0.12071040529441612,0.1161300851069918,0.12540107913302728,0.12544017571897095,0.12949401645153558
211,211.0,211.80751150309786,0.12113217331049272,0.14352836839343464,0.11880286998641845,0.11940776008520593,0.11582678031066086,0.12540230627147095,0.12542821623776185,0.13047152540455492
212,212.0,212.81164422041738,0.12089861189756965,0.1445183447505627,0.11862419819318976,0.11815721088697378,0.11557811394843216,0.12539863005759797,0.12541241296653846,0.13141247729913588
213,213.0,213.81524722380078,0.12068623868878135,0.1453952006305329,0.11847639402159446,0.1169660535906042,0.11538110884051776,0.12539057758877875,0.12539330831701445,0.13231111832217646
214,214.0,214.81833745460784,0.12043095603169969,0.14609737695815883,0.11822964362298005,0.11577615801477206,0.11516846634846284,0.1253145644510935,0.12530732090941255,0.13367551366342084
215,215.0,215.82093528778813,0.12028770378768137,0.14666713694558772,0.11793087339697095,0.11463111396337106,0.1147431355162562,0.12497740572345994,0.12531009498357312,0.1354525356831
216,216.0,216.8330639847725,0.12016534803382242,0.1471353123857179,0.11766101133677012,0.11356117448322495,0.11436322857056935,0.1246411776364835,0.12531136324654052,0.13716138430687164
217,217.0,217.84464917221072,0.12006302267864549,0.14762365904864533,0.11741986524639877,0.11245324944224229,0.11402800219220718,0.12430914940696822,0.12531126359680436,0.13879178838808875
218,218.0,218.855629349183,0.11996370944345243,0.14800458669028863,0.11719227303842775,0.11141350239938914,0.11372431171893457,0.1240871349909125,0.12529389532975063,0.14032058638884473
219,219.0,219.86595521496625,0.11986686091054911,0.14828378859831207,0.11697801918681967,0.11055811660721107,0.11345111096143952,0.12386066920663384,0.12525991965173397,0.1417415148773011
220,220.0,220.8755889420215,0.1197719839212129,0.14846743015317473,0.11677679848511689,0.1097726476133628,0.11331953112591402,0.12363144920394507,0.12521012188680813,0.1430500376104658
221,221.0,221.88450340695098,0.11967863839877751,0.14856203928244116,0.11658822744082654,0.10905686604343048,0.11321346011440786,0.12340104952787832,0.1252565016402215,0.144243217552017
222,222.0,222.892681391318,0.11960108779784465,0.1485890562834457,0.11642528634921209,0.10842332052128364,0.11314264370969034,0.12318312809758825,0.12530246050867344,0.1453330167322623
223,223.0,223.90011476333513,0.11949090908465433,0.14917401781805217,0.11619180353068399,0.10782250384974615,0.11305664556751073,0.12293099725518102,0.1252999619443565,0.14603316094981555
224,224.0,224.90680365051722,0.11935365733375466,0.15023980362707806,0.11589954893849985,0.10725834178666291,0.1129590343192275,0.12265178972648291,0.12525506715238124,0.14638275711591334
225,225.0,225.91275561247593,0.11919414766054326,0.15171811460146176,0.1155587928841824,0.106733545785937,0.11285268268205151,0.12235174054952763,0.1251731999975509,0.14641777583874604
226,226.0,226.91798482211402,0.11909526620077175,0.1531687450675944,0.11517117261021048,0.1063246610305038,0.11269598809404748,0.12199239426371414,0.12514177305211213,0.14640999968104632
227,227.0,227.92251126256716,0.11901055963734906,0.1545385774612949,0.11481076798266855,0.1059862542089056,0.11256451731341963,0.12165223956002778,0.1251112289783733,0.14632585485796165
228,228.0,228.9263599463493,0.11893945754627452,0.15582199326586949,0.11447846148318906,0.10630289689009252,0.11245706266723662,0.12133275882729272,0.1250817849299018,0.1455855843901437
229,229.0,229.92956016228976,0.11884863076266197,0.15743963658349222,0.11410940688683635,0.10661114645514413,0.11233961734995372,0.12100239973717906,0.12502094560609353,0.14462821661863945
230,230.0,230.93214475501327,0.11860224313333648,0.159200783358681,0.11357242465762044,0.10677021482838256,0.11207563799158886,0.12163794793717204,0.12479374203745536,0.14334700605576373
231,231.0,231.9341494409143,0.11836963040863624,0.16085636651476945,0.11306730896006713,0.10697106102420413,0.11183373357930756,0.12228777300573476,0.12457039847363033,0.14204372803365084
232,232.0,232.93561216381607,0.11723237301916287,0.1622585303376463,0.11255665812935645,0.10716956917079484,0.1115998287424369,0.12292966208513721,0.12411126345418035,0.14214211506128546
233,233.0,233.93657249278954,0.11589302268779308,0.16316392879753128,0.11183361859407176,0.10814893497061194,0.11116561372000867,0.12323702992059445,0.12343647631886984,0.14312137499051936
234,234.0,234.93707106393774,0.11456758222313913,0.16382741756665292,0.1111064374070585,0.10910225967429846,0.11073425303112594,0.12351904630846944,0.12275554727481823,0.14438745651443774
235,235.0,235.93714906733175,0.11326763271680669,0.16426485876818064,0.11038223589262111,0.11002204949169202,0.11030949252295372,0.12377514390327238,0.12207561747697088,0.1459029692275029
236,236.0,236.93684777971302,0.11202141112929175,0.16460120211444748,0.109703531221176,0.11093803313577763,0.10991270634376747,0.12390819764089164,0.12153611538868626,0.14737880302596204
237,237.0,237.93620814305902,0.11082033290339649,0.16482621381122642,0.1091731354677821,0.11182706357135327,0.10953330943656706,0.12402218032473732,0.12100927100283769,0.14878849348209996
238,238.0,238.93527038863982,0.10970018241698526,0.1653982886255404,0.10880070622709154,0.1126932190691378,0.10853528190178227,0.12424179031829466,0.1206226130200455,0.15000791842112288
239,239.0,239.93407370577617,0.10857203819945407,0.16561043934646758,0.10837950589260789,0.1134378323552558,0.10749873479905045,0.12428168343891918,0.12075967346402657,0.1514600925042188
240,240.0,240.93265595414113,0.10746227007296352,0.16551202273858948,0.10793252796854397,0.11407839231399575,0.10644880377655001,0.12417160801992966,0.1213667131802513,0.1530276619291766
241,241.0,241.9310534181282,0.10641723924927558,0.16524478767807338,0.10750352227230071,0.11465560095771035,0.10543442767608398,0.12403976280907855,0.12197776498393426,0.15472689437354345
242,242.0,242.92930060153526,0.10540375060005752,0.16507228809743507,0.10705740293136215,0.11513244262476864,0.10442502306016421,0.12377894211960645,0.12299032191259164,0.15613982865401455
243,243.0,243.9274300605863,0.1044410980529913,0.164749905696594,0.10662456052414872,0.11553840361670721,0.10344250008513206,0.1240844486250377,0.12369485251562524,0.15742423088376395
244,244.0,244.92547227312636,0.10354858427338628,0.16436821485982347,0.10622275553141393,0.11589249314239351,0.10251241857036597,0.12437384082395628,0.1243781536943714,0.1587035391042893
245,245.0,245.92345554168114,0.10271206756939735,0.16386352975512425,0.10636316509821588,0.11617920559920197,0.10161948552879524,0.12453876727058688,0.12487216469506808,0.1598516144836105
246,246.0,246.9214059279636,0.10193431340050277,0.1632531966603362,0.10649016367293287,0.11640241156945227,0.10076891544351603,0.124590025275692,0.12569087442551324,0.16087009955205472
247,247.0,247.9193472163382,0.10123174975625085,0.16256938078143945,0.10661822375711184,0.11657953534224555,0.09997584141745779,0.12443784575011822,0.12691979711265144,0.16166762608272495
248,248.0,248.91730090371198,0.10059747296420962,0.16197028564965096,0.10676097691398312,0.1167093235455092,0.09924299403550844,0.12427015040824534,0.12810031087863064,0.16234848560426282
249,249.0,249.91528621331125,0.1000441839202652,0.1613688147569624,0.10692871311789556,0.11680729976625145,0.09858156921696672,0.12409895899391317,0.12923863829109372,0.16293182193665187
250,250.0,250.9133201298175,0.09956931674004739,0.16077122038839065,0.10711725670210595,0.11687566544051706,0.09799103895367726,0.12392633302851098,0.1303276147112677,0.16342155403548314
251,251.0,251.91141745337492,0.09916977790898568,0.16018309083520973,0.10732264149274237,0.11691669796621099,0.09747021909274774,0.12375414222679981,0.13136128547417972,0.16382214500312406
252,252.0,252.90959087004285,0.09882038495883005,0.15954442584647732,0.1074978394779658,0.11691107531128847,0.09699570177090644,0.12349748489384757,0.13261622971931217,0.16411685802137224
253,253.0,253.90785103634357,0.098539097750472,0.15892510717407748,0.10768307839742637,0.1168829997398409,0.09658708242694347,0.12324529633402997,0.1338045239027449,0.164332814274465
254,254.0,254.9062066756508,0.09832191858181531,0.15832939337310092,0.10787550176850574,0.11683499729923524,0.09624185745651062,0.12299965155563172,0.13492095008881355,0.16447572987638695
255,255.0,255.90466468427078,0.09818625346222146,0.15782581615935015,0.1076395664794308,0.11679118572243838,0.09597878469360424,0.12237274223868447,0.13663252648638957,0.164573124757881
256,256.0,256.903230245186,0.09810582711849958,0.15735175608779856,0.10741007813871814,0.1167321035193569,0.09577279912562021,0.12175961328086195,0.1382587262064503,0.16460909652269443
257,257.0,257.9019069475579,0.09807591993649968,0.1569090020449417,0.10718868693493865,0.11665986857465008,0.09562025188874615,0.12116501793582991,0.13979182491954667,0.1645894277648472
258,258.0,258.90069691021705,0.09809177907186958,0.15602266049214825,0.1069767970664368,0.11657651851192752,0.0955173246222398,0.1210692392719501,0.1412258017392442,0.16451987922418385
259,259.0,259.8996009075081,0.09818765330601983,0.15520196884505846,0.1068145613028711,0.11628804487180247,0.09536896882095851,0.12128822416916858,0.14240040789638178,0.16445017078773938
260,260.0,260.8986184959949,0.09829973393682999,0.15481912650807636,0.10664378814148268,0.11597444002720061,0.09524345225323662,0.12142539422215981,0.14327244500841962,0.16432161990259445
261,261.0,261.8977481406732,0.09850070771331937,0.15374227974035942,0.10654246724866107,0.11571678134200906,0.09521517435638885,0.12156166988675336,0.14435258004352988,0.16436833966897915
262,262.0,262.8969873394768,0.09872779811279941,0.15271414685977291,0.1064527891361221,0.11546017331678297,0.09522281657194051,0.12170911776609168,0.1453290635191333,0.16438409471735727
263,263.0,263.89633274500534,0.09890036499321869,0.1515886226548946,0.10629872873120533,0.11513131939002048,0.09518695289073859,0.12262272191748266,0.1461267381806669,0.16414455124177293
264,264.0,264.89578028253095,0.09902558611747338,0.15036357158280617,0.10609171594699199,0.11474017414784174,0.0951103974549375,0.12333272981607314,0.14699229257605004,0.16434353235782623
265,265.0,265.8953252634787,0.09909487184415648,0.1490486970832894,0.10582704414347298,0.11428841482921513,0.09499072453628879,0.12456183794251402,0.14790359579754758,0.16428481382351573
266,266.0,266.8949624936969,0.099128800511436,0.14771133170928383,0.1055288035962917,0.11380229809064936,0.09484912026794137,0.1262949294418401,0.14866879143216463,0.16401592495039313
267,267.0,267.8946863759563,0.09922862511163605,0.14643785522273536,0.10530139015834276,0.11238817741458058,0.09478725040060515,0.1279771769746715,0.14959232505472986,0.16428719966269886
268,268.0,268.8944910062302,0.09928708609917324,0.14513486308677806,0.1050403235467931,0.11095332269523044,0.09469808848656303,0.12939774863676498,0.15055515382963142,0.16493341361906594
269,269.0,269.89437026341443,0.0993077332131393,0.14381792225408283,0.10475157773281907,0.10951415387182137,0.09458525333732681,0.1309130153265524,0.15176019303737295,0.16535015122688546
270,270.0,270.8943178922461,0.09932314262542637,0.14289252233830194,0.10446980935047753,0.10811449529866805,0.094481241883583,0.13229211030757423,0.15269442537183092,0.16573225282413812
271,271.0,271.8943275792721,0.09919292527430065,0.14184719633369738,0.10405637960264986,0.10662363379869763,0.09424545313254096,0.1335158119959934,0.15419988064492673,0.16631871921719357
272,272.0,272.8943930218028,0.09902935408961325,0.14093852609943447,0.10370263675491428,0.10523964611114286,0.09398983078143947,0.1349509862094045,0.15635445577921375,0.16579456417483765
273,273.0,273.8945079898624,0.09885491084048517,0.14041327257280228,0.10333566850123042,0.10389520368712922,0.09373642508771347,0.135959934795328,0.15869910493047193,0.16510547958483973
274,274.0,274.8946663812174,0.0986619842018499,0.14020382113910812,0.10294966178188751,0.10258899114170028,0.09347710547856083,0.13680466722149032,0.16105189898342517,0.16426187005197807
275,275.0,275.89486226962475,0.0983872821685475,0.13974737269637208,0.10248292628476321,0.10126279338657021,0.0931479869311187,0.13822902682991045,0.16302474945503972,0.16371786224767831
276,276.0,276.8950899464951,0.09812375727240566,0.13936983478656906,0.10204407636848106,0.10002774504613454,0.09284136849671842,0.1395610170964882,0.1648543138071249,0.1631778871260783
277,277.0,277.8953439562135,0.09787292704866975,0.1386824763508884,0.10163471197411965,0.09888708166232821,0.0925580663483998,0.14079655505274205,0.16653662500811278,0.1630315565547395
278,278.0,278.89561912539784,0.09763603033233653,0.13806930687242855,0.10125597819343053,0.09784277137332634,0.09229858187903787,0.14193293055014183,0.16806958526110322,0.1628948155381953
279,279.0,279.89591058640985,0.09736247357973278,0.1373778653169076,0.10096624191863553,0.09730210179762298,0.09185939133378677,0.14300469510784608,0.16940123089826972,0.1627260000471987
280,280.0,280.8962137954565,0.0973534680419957,0.13746407796272503,0.10064351984358665,0.09679018115296673,0.0913821178100648,0.14378288535651718,0.17007998147660203,0.162503768355542
281,281.0,281.89652454564396,0.09712471268466333,0.13732407583804743,0.10023735077457278,0.09636249603510837,0.09202205905017298,0.14410822526872022,0.1705444993451106,0.16227658100360445
282,282.0,282.8968389753562,0.09683091042603437,0.13709298274066406,0.0997887539227163,0.09594731735559857,0.09268973924859028,0.14413441003705077,0.17152816325547193,0.1619877230138739
283,283.0,283.8971535723437,0.09649759445325173,0.1368151995954318,0.0993142985623702,0.09555561534145023,0.09327419899138728,0.14394199315127162,0.17220152741954922,0.16239957248528805
284,284.0,284.89746517390904,0.09617045765273484,0.13682435410044697,0.0988500529075696,0.09520273715967298,0.09384985699411061,0.1436642002130641,0.17274111888822755,0.1626972220841735
285,285.0,285.8977709635787,0.09585174296623106,0.13709946061722741,0.09839881742624555,0.09488709768175388,0.0944114263417092,0.14268693624802198,0.17315450850732877,0.16351001021148234
286,286.0,286.89806846464563,0.09551526164623242,0.1373265790915656,0.0978350053259132,0.09460868876563155,0.09489339730330594,0.1418348155745571,0.17388855678891943,0.16409769550387493
287,287.0,287.8983555309594,0.09514184038618337,0.13737208992155242,0.09780348532880015,0.09432112476756485,0.09527934429210215,0.140817332575752,0.17447940018173058,0.16478538254631467
288,288.0,288.8986303353322,0.09474802750993899,0.13735903577201583,0.09774126584544277,0.09405703644205275,0.09558466700172812,0.13966866717817905,0.17547850299885967,0.16536279725178304
289,289.0,289.89889135591443,0.09437962961086845,0.1373730622883779,0.09771142735500316,0.09384978965132534,0.09587376296870873,0.13851335315193544,0.17637807814168088,0.16592089683210032
290,290.0,290.89913736087925,0.09403778917024506,0.13741132113888516,0.09771103014309399,0.09369577270981146,0.09614536390763871,0.13736360850015067,0.17717908262619678,0.16645603180397842
291,291.0,291.8993673917388,0.09370904409556352,0.13744255699948427,0.09773002167844783,0.09358409042647145,0.09639139093640041,0.135654271313689,0.17853058964693466,0.1669580349030091
292,292.0,292.899580745595,0.09339261147563496,0.13789174568675888,0.09774154810636167,0.09352396957134385,0.09657646342292778,0.13446132329296806,0.1796080724857335,0.16680426595827158
293,293.0,293.8997769566097,0.09309367849418282,0.13822448458125355,0.09775274887929924,0.09379582974326565,0.09625557393391428,0.13329830910462037,0.18057351809855648,0.1670058571649079
294,294.0,294.8999557769568,0.09323248644761477,0.1383956169886726,0.09773434544344428,0.09403374867461531,0.09588230310459747,0.13201800370497443,0.18149949233432847,0.167204003301753
295,295.0,295.9001171574996,0.09331932537460107,0.13847921229973761,0.09765938865942025,0.09425060239062202,0.09542645560204138,0.13060261949692195,0.1827044498184048,0.16755794635825122
296,296.0,296.90026122841317,0.09337863693800391,0.13852440271224084,0.09757648286177091,0.09446709973611807,0.09494304700048209,0.12911873013097575,0.18387479407452303,0.16811680654588576
297,297.0,297.90038827995124,0.09342129797392554,0.13833132400564263,0.09750673158526617,0.0950433328856143,0.09444906642610512,0.12799405829518534,0.18501706872326662,0.16823712010499467
298,298.0,298.90049874353593,0.09381261861734633,0.13799467130876705,0.09772301520583497,0.09555985456507475,0.09393066242302081,0.1268052937127101,0.18610801602361993,0.16806586814362645
299,299.0,299.90059317332685,0.09415162195644536,0.13752619331341048,0.09790235258398883,0.09601478423912903,0.09369739367687982,0.12593619923079102,0.18714579880077944,0.1676256561985764
300,300.0,300.90067222840537,0.09451035620977848,0.1365967723537559,0.09813235907843086,0.09671090407277853,0.09301902073041968,0.1251611748645713,0.18863276517870825,0.1672366475115574
301,301.0,301.900736655692,0.09487092328105128,0.13568712161115434,0.09836735602427614,0.09740025073484412,0.09235852604482522,0.12446752488510421,0.19001042583484884,0.16683787158389626
302,302.0,302.9007872736931,0.09509064532886817,0.13466547168243764,0.09957671662914812,0.09793771918697466,0.09158183785197692,0.12371515946462029,0.1911370458459297,0.16629540401004492
303,303.0,303.90082495715706,0.09519529852398546,0.13356712787439332,0.10005368869887318,0.09834701145453122,0.09072223127341753,0.12343136269031495,0.1930403519652349,0.16564292751924978
304,304.0,304.9008506227031,0.09517096276925456,0.13237670072681842,0.10030628274276668,0.09861247178282824,0.08977704468091074,0.12393505248694583,0.19499068562257468,0.1648307991879011
305,305.0,305.9008652154675,0.09503606943142362,0.131953370251063,0.10036603786406353,0.09875111787672472,0.08876985457680647,0.12425197251522646,0.19698333826672748,0.163888239217965
306,306.0,306.9008696968008,0.09487038307018834,0.13154148032890492,0.10038745190190222,0.09884160456672919,0.08778456289321548,0.12453125852564695,0.19913847731324225,0.16290478140017095
307,307.0,307.90086503303274,0.09471545207694106,0.13105321612783788,0.10045032007292981,0.09900285652029425,0.08688545761147101,0.1251675353581288,0.2012469230012422,0.16147823923115528
308,308.0,308.9008521853111,0.09453361139093176,0.1304942556401189,0.10045255101146286,0.09907734204532782,0.08600326982663076,0.1257630998714542,0.20370748206791806,0.15996838814615594
309,309.0,309.90083210050864,0.09433808065010134,0.12996762158690142,0.10042704155446039,0.09911799351381793,0.08516291250930241,0.12633312585717413,0.20579214567262702,0.15886107865561563
310,310.0,310.9008057031813,0.09413179955195558,0.12947496304988285,0.10037643622066138,0.09912740320134941,0.08436822157052348,0.12687331306203808,0.20751265672551866,0.1581352066180708
311,311.0,311.90077388855485,0.09393175209705364,0.1290316552166596,0.10031759680492962,0.09912244734298896,0.08363642343567296,0.12742278195362147,0.20906822537124584,0.1574691177778281
312,312.0,312.9007375165055,0.09373931539562014,0.1286371960951844,0.10025193510961569,0.09910461205190939,0.08296854680570652,0.12797510967433653,0.21084440554868306,0.1564788793189444
313,313.0,313.900697406496,0.09349155017522001,0.1281624402772921,0.10005258485142585,0.09901126106019084,0.08230077573233284,0.1283962819358578,0.2130962460977568,0.1554888598699239
314,314.0,314.90065433342255,0.09323247953846651,0.12825949325513156,0.09972623881806,0.09882052322995817,0.08163783024367927,0.1283968573881443,0.21463683958398963,0.15528973794257067
315,315.0,315.90060902432214,0.09289498238127018,0.12824155217819977,0.09995769237245172,0.09856142423449472,0.08097766866547175,0.12821053858674525,0.21585071254511112,0.1553054290362556
316,316.0,316.9005621558886,0.09253191246888338,0.1282484602909076,0.10017415830558862,0.09828584132272838,0.0803690643648979,0.12829829328545836,0.21688656273218557,0.15520570722935031
317,317.0,317.90051435273955,0.09213317892557832,0.12798810046656406,0.10088786988292839,0.09798272088309873,0.07978418015319698,0.12852285536361135,0.21738684932121002,0.15531424500381227
318,318.0,318.900466186378,0.09230459986059167,0.1276508300791249,0.101444011640065,0.09764570950169785,0.07922633319703344,0.12866785215202053,0.21762903211374973,0.155431631455717
319,319.0,319.90041817478885,0.09270851339167753,0.1273469775946564,0.10198513208262389,0.09731465462181098,0.07873148647570928,0.12880596668236444,0.21751837306306224,0.15558889608809534
320,320.0,320.90037078261065,0.09308749619138404,0.1270647454948327,0.10249582788476365,0.09698077688921203,0.07828679418008028,0.12885604626503117,0.21727542086501667,0.15595289222967956
321,321.0,321.9003244218242,0.09346687964387734,0.1268959598187676,0.1029084290815459,0.09669613998513085,0.07760384666515775,0.12888074401079652,0.2168202342115274,0.1567277665831967
322,322.0,322.90027945289825,0.0941143505700489,0.12694250771757226,0.10325841705989079,0.0963574117625672,0.07695701127643055,0.12876893896498334,0.21633289928998106,0.15726846335852604
323,323.0,323.9002361863358,0.09502800342242246,0.1270064552140716,0.10357317421400185,0.09602357776955639,0.0763612540183348,0.12858153722472493,0.2157583592710952,0.1576676388657929
324,324.0,324.90019488456625,0.09591436870039391,0.1270817403521355,0.103853645234046,0.09569805610235788,0.0758222455303532,0.12835746693594233,0.2152051866590433,0.15806729048572804
325,325.0,325.900155764128,0.09677879110046048,0.12717795610806362,0.10410810708445395,0.09539092380628689,0.0753435275509664,0.12813324790127376,0.2146002458270176,0.1584672006214775
326,326.0,326.9001189980923,0.09774631464763286,0.12717229345189504,0.10459527543652528,0.09504121702505816,0.07490139422351458,0.12779437093369916,0.21380910064948422,0.15894003363219084
327,327.0,327.9000847186793,0.09861835987226278,0.127162097919101,0.10503745872779055,0.09469591109969329,0.0745039917785146,0.12736701908212475,0.21306281941824057,0.15955234210227262
328,328.0,328.9000530200208,0.09934290412856696,0.1270641641994996,0.10531853466698343,0.09433985925511156,0.07468845828627904,0.12663281099961093,0.21229410216069378,0.1603191663032549
329,329.0,329.9000239610279,0.0999687520779973,0.1269570574866032,0.10554663336710232,0.09398429144474588,0.07489796336436083,0.12610552602406372,0.21129332064896117,0.16124645558616582
330,330.0,330.899997568324,0.09994173720396923,0.1268420026361067,0.10627956360984546,0.0936319514325148,0.07512714459418393,0.12550888691368411,0.21045811079800034,0.1622106028116956
331,331.0,331.89997383920723,0.09983845835650601,0.12673340990431897,0.1072351357273037,0.09329850473277104,0.07538420744231981,0.12487859154848684,0.20962606576762088,0.16300562652067294
