,Unnamed: 0,Total_iterations,Intertwine_two,Add_vertex,Delete_vertex,Invert_path_vertices,Insert_inside_vertex,Delete_inside_vertex
0,0.0,0.0,0.16666666666666669,0.16666666666666669,0.16666666666666669,0.16666666666666669,0.16666666666666669,0.16666666666666669
1,1.0,1.0,0.16666666666666669,0.16666666666666669,0.16666666666666669,0.16666666666666669,0.16666666666666669,0.16666666666666669
2,2.0,2.0,0.16666666666666669,0.16666666666666669,0.16666666666666669,0.16666666666666669,0.16666666666666669,0.16666666666666669
3,3.0,3.0,0.16666666666666669,0.16666666666666669,0.16666666666666669,0.16666666666666669,0.16666666666666669,0.16666666666666669
4,4.0,4.0,0.16666666666666669,0.16666666666666669,0.16666666666666669,0.16666666666666669,0.16666666666666669,0.16666666666666669
5,5.0,5.0,0.16666666666666669,0.16666666666666669,0.16666666666666669,0.16666666666666669,0.16666666666666669,0.16666666666666669
6,6.0,6.0,0.16666666666666669,0.16666666666666669,0.16666666666666669,0.16666666666666669,0.16666666666666669,0.16666666666666669
7,7.0,7.0,0.16666666666666669,0.16666666666666669,0.16666666666666669,0.16666666666666669,0.16666666666666669,0.16666666666666669
8,8.0,8.0,0.16666666666666669,0.16666666666666669,0.16666666666666669,0.16666666666666669,0.16666666666666669,0.16666666666666669
9,9.0,9.0,0.16666666666666669,0.16666666666666669,0.16666666666666669,0.16666666666666669,0.16666666666666669,0.16666666666666669
10,10.0,10.0,0.16666666666666669,0.16666666666666669,0.16666666666666669,0.16666666666666669,0.16666666666666669,0.16666666666666669
11,11.0,11.0,0.16666666666666669,0.16666666666666669,0.16666666666666669,0.16666666666666669,0.16666666666666669,0.16666666666666669
12,12.0,12.0,0.16666666666666669,0.16666666666666669,0.16666666666666669,0.16666666666666669,0.16666666666666669,0.16666666666666669
13,13.0,13.0,0.16666666666666669,0.16666666666666669,0.16666666666666669,0.16666666666666669,0.16666666666666669,0.16666666666666669
14,14.0,14.0,0.16666666666666669,0.16666666666666669,0.16666666666666669,0.16666666666666669,0.16666666666666669,0.16666666666666669
15,15.0,15.0,0.16666666666666669,0.16666666666666669,0.16666666666666669,0.16666666666666669,0.16666666666666669,0.16666666666666669
16,16.0,16.0,0.16666666666666669,0.16666666666666669,0.16666666666666669,0.16666666666666669,0.16666666666666669,0.16666666666666669
17,17.0,17.0,0.16666666666666669,0.16666666666666669,0.16666666666666669,0.16666666666666669,0.16666666666666669,0.16666666666666669
18,18.0,18.0,0.16666666666666669,0.16666666666666669,0.16666666666666669,0.16666666666666669,0.16666666666666669,0.16666666666666669
19,19.0,19.0,0.16666666666666669,0.16666666666666669,0.16666666666666669,0.16666666666666669,0.16666666666666669,0.16666666666666669
20,20.0,20.0,0.16666666666666669,0.16666666666666669,0.16666666666666669,0.16666666666666669,0.16666666666666669,0.16666666666666669
21,21.0,21.0,0.16666666666666669,0.16666666666666669,0.16666666666666669,0.16666666666666669,0.16666666666666669,0.16666666666666669
22,22.0,22.0,0.16666666666666669,0.16666666666666669,0.16666666666666669,0.16666666666666669,0.16666666666666669,0.16666666666666669
23,23.0,23.0,0.16666666666666669,0.16666666666666669,0.16666666666666669,0.16666666666666669,0.16666666666666669,0.16666666666666669
24,24.0,24.0,0.16666666666666669,0.16666666666666669,0.16666666666666669,0.16666666666666669,0.16666666666666669,0.16666666666666669
25,25.0,25.0,0.16666666666666669,0.16666666666666669,0.16666666666666669,0.16666666666666669,0.16666666666666669,0.16666666666666669
26,26.0,26.0,0.16666666666666669,0.16666666666666669,0.16666666666666669,0.16666666666666669,0.16666666666666669,0.16666666666666669
27,27.0,27.0,0.16666666666666669,0.16666666666666669,0.16666666666666669,0.16666666666666669,0.16666666666666669,0.16666666666666669
28,28.0,28.0,0.16666666666666669,0.16666666666666669,0.16666666666666669,0.16666666666666669,0.16666666666666669,0.16666666666666669
29,29.0,29.0,0.16666666666666669,0.16666666666666669,0.16666666666666669,0.16666666666666669,0.16666666666666669,0.16666666666666669
30,30.0,30.0,0.16666666666666669,0.16666666666666669,0.16666666666666669,0.16666666666666669,0.16666666666666669,0.16666666666666669
31,31.0,31.0,0.16666666666666669,0.16666666666666669,0.16666666666666669,0.16666666666666669,0.16666666666666669,0.16666666666666669
32,32.0,32.0,0.16666666666666669,0.16666666666666669,0.16666666666666669,0.16666666666666669,0.16666666666666669,0.16666666666666669
33,33.0,33.0,0.16666666666666669,0.16666666666666669,0.16666666666666669,0.16666666666666669,0.16666666666666669,0.16666666666666669
34,34.0,34.0,0.16666666666666669,0.16666666666666669,0.16666666666666669,0.16666666666666669,0.16666666666666669,0.16666666666666669
35,35.0,35.0,0.16666666666666669,0.16666666666666669,0.16666666666666669,0.16666666666666669,0.16666666666666669,0.16666666666666669
36,36.0,36.0,0.16666666666666669,0.16666666666666669,0.16666666666666669,0.16666666666666669,0.16666666666666669,0.16666666666666669
37,37.0,37.0,0.16666666666666669,0.16666666666666669,0.16666666666666669,0.16666666666666669,0.16666666666666669,0.16666666666666669
38,38.0,38.0,0.16666666666666669,0.16666666666666669,0.16666666666666669,0.16666666666666669,0.16666666666666669,0.16666666666666669
39,39.0,39.0,0.16666666666666669,0.16666666666666669,0.16666666666666669,0.16666666666666669,0.16666666666666669,0.16666666666666669
40,40.0,40.0,0.16666666666666669,0.16666666666666669,0.16666666666666669,0.16666666666666669,0.16666666666666669,0.16666666666666669
41,41.0,41.0,0.16666666666666669,0.16666666666666669,0.16666666666666669,0.16666666666666669,0.16666666666666669,0.16666666666666669
42,42.0,42.0,0.16666666666666669,0.16666666666666669,0.16666666666666669,0.16666666666666669,0.16666666666666669,0.16666666666666669
43,43.0,43.0,0.16666666666666669,0.16666666666666669,0.16666666666666669,0.16666666666666669,0.16666666666666669,0.16666666666666669
44,44.0,44.0,0.16666666666666669,0.16666666666666669,0.16666666666666669,0.16666666666666669,0.16666666666666669,0.16666666666666669
45,45.0,45.0,0.16666666666666669,0.16666666666666669,0.16666666666666669,0.16666666666666669,0.16666666666666669,0.16666666666666669
46,46.0,46.0,0.16666666666666669,0.16666666666666669,0.16666666666666669,0.16666666666666669,0.16666666666666669,0.16666666666666669
47,47.0,47.0,0.16666666666666669,0.16666666666666669,0.16666666666666669,0.16666666666666669,0.16666666666666669,0.16666666666666669
48,48.0,48.0,0.16666666666666669,0.16666666666666669,0.16666666666666669,0.16666666666666669,0.16666666666666669,0.16666666666666669
49,49.0,49.0,0.16666666666666669,0.16666666666666669,0.16666666666666669,0.16666666666666669,0.16666666666666669,0.16666666666666669
50,50.0,50.0,0.16666666666666669,0.16666666666666669,0.16666666666666669,0.16666666666666669,0.16666666666666669,0.16666666666666669
51,51.0,51.0,0.16666666666666669,0.16666666666666669,0.16666666666666669,0.16666666666666669,0.16666666666666669,0.16666666666666669
52,52.0,52.0,0.16666666666666669,0.16666666666666669,0.16666666666666669,0.16666666666666669,0.16666666666666669,0.16666666666666669
53,53.0,53.0,0.16666666666666669,0.16666666666666669,0.16666666666666669,0.16666666666666669,0.16666666666666669,0.16666666666666669
54,54.0,54.0,0.16666666666666669,0.16666666666666669,0.16666666666666669,0.16666666666666669,0.16666666666666669,0.16666666666666669
55,55.0,55.0,0.16666666666666669,0.16666666666666669,0.16666666666666669,0.16666666666666669,0.16666666666666669,0.16666666666666669
56,56.0,56.0,0.16666666666666669,0.16666666666666669,0.16666666666666669,0.16666666666666669,0.16666666666666669,0.16666666666666669
57,57.0,57.0,0.16666666666666669,0.16666666666666669,0.16666666666666669,0.16666666666666669,0.16666666666666669,0.16666666666666669
58,58.0,58.1,0.16666666666666669,0.16666666666666669,0.16666666666666669,0.16666666666666669,0.16666666666666669,0.16666666666666669
59,59.0,59.1,0.16666666666666669,0.16666666666666669,0.16666666666666669,0.16666666666666669,0.16666666666666669,0.16666666666666669
60,60.0,60.1,0.16666666666666669,0.16666666666666669,0.16666666666666669,0.16666666666666669,0.16666666666666669,0.16666666666666669
61,61.0,61.1,0.16666666666666669,0.16666666666666669,0.16666666666666669,0.16666666666666669,0.16666666666666669,0.16666666666666669
62,62.0,62.1,0.16666666666666669,0.16666666666666669,0.16666666666666669,0.16666666666666669,0.16666666666666669,0.16666666666666669
63,63.0,63.1,0.16666666666666669,0.16666666666666669,0.16666666666666669,0.16666666666666669,0.16666666666666669,0.16666666666666669
64,64.0,64.1,0.16666666666666669,0.16666666666666669,0.16666666666666669,0.16666666666666669,0.16666666666666669,0.16666666666666669
65,65.0,65.1,0.16666666666666669,0.16666666666666669,0.16666666666666669,0.16666666666666669,0.16666666666666669,0.16666666666666669
66,66.0,66.1,0.16666666666666669,0.16666666666666669,0.16666666666666669,0.16666666666666669,0.16666666666666669,0.16666666666666669
67,67.0,67.1,0.16666666666666669,0.16666666666666669,0.16666666666666669,0.16666666666666669,0.16666666666666669,0.16666666666666669
68,68.0,68.2,0.16666666666666669,0.16666666666666669,0.16666666666666669,0.16666666666666669,0.16666666666666669,0.16666666666666669
69,69.0,69.2,0.16666666666666669,0.16666666666666669,0.16666666666666669,0.16666666666666669,0.16666666666666669,0.16666666666666669
70,70.0,70.2,0.16666666666666669,0.16666666666666669,0.16666666666666669,0.16666666666666669,0.16666666666666669,0.16666666666666669
71,71.0,71.2,0.16666666666666669,0.16666666666666669,0.16666666666666669,0.16666666666666669,0.16666666666666669,0.16666666666666669
72,72.0,72.2,0.16666666666666669,0.16666666666666669,0.16666666666666669,0.16666666666666669,0.16666666666666669,0.16666666666666669
73,73.0,73.2,0.16666666666666669,0.16666666666666669,0.16666666666666669,0.16666666666666669,0.16666666666666669,0.16666666666666669
74,74.0,74.2,0.16666666666666669,0.16666666666666669,0.16666666666666669,0.16666666666666669,0.16666666666666669,0.16666666666666669
75,75.0,75.2,0.16666666666666669,0.16666666666666669,0.16666666666666669,0.16666666666666669,0.16666666666666669,0.16666666666666669
76,76.0,76.2,0.16666666666666669,0.16666666666666669,0.16666666666666669,0.16666666666666669,0.16666666666666669,0.16666666666666669
77,77.0,77.2,0.16666666666666669,0.16666666666666669,0.16666666666666669,0.16666666666666669,0.16666666666666669,0.16666666666666669
78,78.0,78.2,0.16666666666666669,0.16666666666666669,0.16666666666666669,0.16666666666666669,0.16666666666666669,0.16666666666666669
79,79.0,79.2,0.16666666666666669,0.16666666666666669,0.16666666666666669,0.16666666666666669,0.16666666666666669,0.16666666666666669
80,80.0,80.2,0.16666666666666669,0.16666666666666669,0.16666666666666669,0.16666666666666669,0.16666666666666669,0.16666666666666669
81,81.0,81.2,0.16666666666666669,0.16666666666666669,0.16666666666666669,0.16666666666666669,0.16666666666666669,0.16666666666666669
82,82.0,82.2,0.16666666666666669,0.16666666666666669,0.16666666666666669,0.16666666666666669,0.16666666666666669,0.16666666666666669
83,83.0,83.2,0.16666666666666669,0.16666666666666669,0.16666666666666669,0.16666666666666669,0.16666666666666669,0.16666666666666669
84,84.0,84.2,0.16666666666666669,0.16666666666666669,0.16666666666666669,0.16666666666666669,0.16666666666666669,0.16666666666666669
85,85.0,85.2,0.16666666666666669,0.16666666666666669,0.16666666666666669,0.16666666666666669,0.16666666666666669,0.16666666666666669
86,86.0,86.2,0.16666666666666669,0.16666666666666669,0.16666666666666669,0.16666666666666669,0.16666666666666669,0.16666666666666669
87,87.0,87.2,0.16666666666666669,0.16666666666666669,0.16666666666666669,0.16666666666666669,0.16666666666666669,0.16666666666666669
88,88.0,88.2,0.16666666666666669,0.16666666666666669,0.16666666666666669,0.16666666666666669,0.16666666666666669,0.16666666666666669
89,89.0,89.3,0.16666666666666669,0.16666666666666669,0.16666666666666669,0.16666666666666669,0.16666666666666669,0.16666666666666669
90,90.0,90.3,0.16666666666666669,0.16666666666666669,0.16666666666666669,0.16666666666666669,0.16666666666666669,0.16666666666666669
91,91.0,91.3,0.16666666666666669,0.16666666666666669,0.16666666666666669,0.16666666666666669,0.16666666666666669,0.16666666666666669
92,92.0,92.3,0.16666666666666669,0.16666666666666669,0.16666666666666669,0.16666666666666669,0.16666666666666669,0.16666666666666669
93,93.0,93.3,0.16666666666666669,0.16666666666666669,0.16666666666666669,0.16666666666666669,0.16666666666666669,0.16666666666666669
94,94.0,94.3,0.16666666666666669,0.16666666666666669,0.16666666666666669,0.16666666666666669,0.16666666666666669,0.16666666666666669
95,95.0,95.3,0.16666666666666669,0.16666666666666669,0.16666666666666669,0.16666666666666669,0.16666666666666669,0.16666666666666669
96,96.0,96.3,0.16666666666666669,0.16666666666666669,0.16666666666666669,0.16666666666666669,0.16666666666666669,0.16666666666666669
97,97.0,97.3,0.16666666666666669,0.16666666666666669,0.16666666666666669,0.16666666666666669,0.16666666666666669,0.16666666666666669
98,98.0,98.3,0.16666666666666669,0.16666666666666669,0.16666666666666669,0.16666666666666669,0.16666666666666669,0.16666666666666669
99,99.0,99.3,0.16666666666666669,0.16666666666666669,0.16666666666666669,0.16666666666666669,0.16666666666666669,0.16666666666666669
100,100.0,100.3,0.16666666666666669,0.16666666666666669,0.16666666666666669,0.16666666666666669,0.16666666666666669,0.16666666666666669
101,101.0,101.3,0.16666666666666669,0.16666666666666669,0.16666666666666669,0.16666666666666669,0.16666666666666669,0.16666666666666669
102,102.0,102.3,0.16666666666666669,0.16666666666666669,0.16666666666666669,0.16666666666666669,0.16666666666666669,0.16666666666666669
103,103.0,103.3,0.16666666666666669,0.16666666666666669,0.16666666666666669,0.16666666666666669,0.16666666666666669,0.16666666666666669
104,104.0,104.3,0.16666666666666669,0.16666666666666669,0.16666666666666669,0.16666666666666669,0.16666666666666669,0.16666666666666669
105,105.0,105.3,0.16666666666666669,0.16666666666666669,0.16666666666666669,0.16666666666666669,0.16666666666666669,0.16666666666666669
106,106.0,106.3,0.16666666666666669,0.16666666666666669,0.16666666666666669,0.16666666666666669,0.16666666666666669,0.16666666666666669
107,107.0,107.3,0.16666666666666669,0.16666666666666669,0.16666666666666669,0.16666666666666669,0.16666666666666669,0.16666666666666669
108,108.0,108.3,0.16666666666666669,0.16666666666666669,0.16666666666666669,0.16666666666666669,0.16666666666666669,0.16666666666666669
109,109.0,109.3,0.16666666666666669,0.16666666666666669,0.16666666666666669,0.16666666666666669,0.16666666666666669,0.16666666666666669
110,110.0,110.3,0.16666666666666669,0.16666666666666669,0.16666666666666669,0.16666666666666669,0.16666666666666669,0.16666666666666669
111,111.0,111.3,0.16666666666666669,0.16666666666666669,0.16666666666666669,0.16666666666666669,0.16666666666666669,0.16666666666666669
112,112.0,112.3,0.16666666666666669,0.16666666666666669,0.16666666666666669,0.16666666666666669,0.16666666666666669,0.16666666666666669
113,113.0,113.3,0.16666666666666669,0.16666666666666669,0.16666666666666669,0.16666666666666669,0.16666666666666669,0.16666666666666669
114,114.0,114.3,0.16666666666666669,0.16666666666666669,0.16666666666666669,0.16666666666666669,0.16666666666666669,0.16666666666666669
115,115.0,115.3,0.16666666666666669,0.16666666666666669,0.16666666666666669,0.16666666666666669,0.16666666666666669,0.16666666666666669
116,116.0,116.3,0.16666666666666669,0.16666666666666669,0.16666666666666669,0.16666666666666669,0.16666666666666669,0.16666666666666669
117,117.0,117.3,0.16666666666666669,0.16666666666666669,0.16666666666666669,0.16666666666666669,0.16666666666666669,0.16666666666666669
118,118.0,118.3,0.16666666666666669,0.16666666666666669,0.16666666666666669,0.16666666666666669,0.16666666666666669,0.16666666666666669
119,119.0,119.3,0.16666666666666669,0.16666666666666669,0.16666666666666669,0.16666666666666669,0.16666666666666669,0.16666666666666669
120,120.0,120.3,0.16666666666666669,0.16666666666666669,0.16666666666666669,0.16666666666666669,0.16666666666666669,0.16666666666666669
121,121.0,121.3,0.16666666666666669,0.16666666666666669,0.16666666666666669,0.16666666666666669,0.16666666666666669,0.16666666666666669
122,122.0,122.3,0.16666666666666669,0.16666666666666669,0.16666666666666669,0.16666666666666669,0.16666666666666669,0.16666666666666669
123,123.0,123.3,0.16666666666666669,0.16666666666666669,0.16666666666666669,0.16666666666666669,0.16666666666666669,0.16666666666666669
124,124.0,124.3,0.16666666666666669,0.16666666666666669,0.16666666666666669,0.16666666666666669,0.16666666666666669,0.16666666666666669
125,125.0,125.3,0.16666666666666669,0.16666666666666669,0.16666666666666669,0.16666666666666669,0.16666666666666669,0.16666666666666669
126,126.0,126.3,0.16666666666666669,0.16666666666666669,0.16666666666666669,0.16666666666666669,0.16666666666666669,0.16666666666666669
127,127.0,127.3,0.16666666666666669,0.16666666666666669,0.16666666666666669,0.16666666666666669,0.16666666666666669,0.16666666666666669
128,128.0,128.3,0.16666666666666669,0.16666666666666669,0.16666666666666669,0.16666666666666669,0.16666666666666669,0.16666666666666669
129,129.0,129.3,0.16666666666666669,0.16666666666666669,0.16666666666666669,0.16666666666666669,0.16666666666666669,0.16666666666666669
130,130.0,130.3,0.16666666666666669,0.16666666666666669,0.16666666666666669,0.16666666666666669,0.16666666666666669,0.16666666666666669
131,131.0,131.3,0.16666666666666669,0.16666666666666669,0.16666666666666669,0.16666666666666669,0.16666666666666669,0.16666666666666669
132,132.0,132.3,0.16666666666666669,0.16666666666666669,0.16666666666666669,0.16666666666666669,0.16666666666666669,0.16666666666666669
133,133.0,133.3,0.16666666666666669,0.16666666666666669,0.16666666666666669,0.16666666666666669,0.16666666666666669,0.16666666666666669
134,134.0,134.3,0.16666666666666669,0.16666666666666669,0.16666666666666669,0.16666666666666669,0.16666666666666669,0.16666666666666669
135,135.0,135.3,0.16666666666666669,0.16666666666666669,0.16666666666666669,0.16666666666666669,0.16666666666666669,0.16666666666666669
136,136.0,136.3,0.16666666666666669,0.16666666666666669,0.16666666666666669,0.16666666666666669,0.16666666666666669,0.16666666666666669
137,137.0,137.3,0.16666666666666669,0.16666666666666669,0.16666666666666669,0.16666666666666669,0.16666666666666669,0.16666666666666669
138,138.0,138.3,0.16666666666666669,0.16666666666666669,0.16666666666666669,0.16666666666666669,0.16666666666666669,0.16666666666666669
139,139.0,139.3,0.16666666666666669,0.16666666666666669,0.16666666666666669,0.16666666666666669,0.16666666666666669,0.16666666666666669
140,140.0,140.3,0.16666666666666669,0.16666666666666669,0.16666666666666669,0.16666666666666669,0.16666666666666669,0.16666666666666669
141,141.0,141.3,0.16666666666666669,0.16666666666666669,0.16666666666666669,0.16666666666666669,0.16666666666666669,0.16666666666666669
142,142.0,142.3,0.16666666666666669,0.16666666666666669,0.16666666666666669,0.16666666666666669,0.16666666666666669,0.16666666666666669
143,143.0,143.3,0.16666666666666669,0.16666666666666669,0.16666666666666669,0.16666666666666669,0.16666666666666669,0.16666666666666669
144,144.0,144.3,0.16666666666666669,0.16666666666666669,0.16666666666666669,0.16666666666666669,0.16666666666666669,0.16666666666666669
145,145.0,145.3,0.16666666666666669,0.16666666666666669,0.16666666666666669,0.16666666666666669,0.16666666666666669,0.16666666666666669
146,146.0,146.3,0.16666666666666669,0.16666666666666669,0.16666666666666669,0.16666666666666669,0.16666666666666669,0.16666666666666669
147,147.0,147.3,0.16666666666666669,0.16666666666666669,0.16666666666666669,0.16666666666666669,0.16666666666666669,0.16666666666666669
148,148.0,148.3,0.16666666666666669,0.16666666666666669,0.16666666666666669,0.16666666666666669,0.16666666666666669,0.16666666666666669
149,149.0,149.3,0.16666666666666669,0.16666666666666669,0.16666666666666669,0.16666666666666669,0.16666666666666669,0.16666666666666669
150,150.0,150.3,0.16666666666666669,0.16666666666666669,0.16666666666666669,0.16666666666666669,0.16666666666666669,0.16666666666666669
151,151.0,151.3,0.16666666666666669,0.16666666666666669,0.16666666666666669,0.16666666666666669,0.16666666666666669,0.16666666666666669
152,152.0,152.3,0.16666666666666669,0.16666666666666669,0.16666666666666669,0.16666666666666669,0.16666666666666669,0.16666666666666669
153,153.0,153.3,0.16666666666666669,0.16666666666666669,0.16666666666666669,0.16666666666666669,0.16666666666666669,0.16666666666666669
154,154.0,154.3,0.16666666666666669,0.16666666666666669,0.16666666666666669,0.16666666666666669,0.16666666666666669,0.16666666666666669
155,155.0,155.3,0.16666666666666669,0.16666666666666669,0.16666666666666669,0.16666666666666669,0.16666666666666669,0.16666666666666669
156,156.0,156.3,0.16666666666666669,0.16666666666666669,0.16666666666666669,0.16666666666666669,0.16666666666666669,0.16666666666666669
157,157.0,157.3,0.16666666666666669,0.16666666666666669,0.16666666666666669,0.16666666666666669,0.16666666666666669,0.16666666666666669
158,158.0,158.3,0.16666666666666669,0.16666666666666669,0.16666666666666669,0.16666666666666669,0.16666666666666669,0.16666666666666669
159,159.0,159.3,0.16666666666666669,0.16666666666666669,0.16666666666666669,0.16666666666666669,0.16666666666666669,0.16666666666666669
160,160.0,160.3,0.16666666666666669,0.16666666666666669,0.16666666666666669,0.16666666666666669,0.16666666666666669,0.16666666666666669
161,161.0,161.3,0.16666666666666669,0.16666666666666669,0.16666666666666669,0.16666666666666669,0.16666666666666669,0.16666666666666669
162,162.0,162.3,0.16666666666666669,0.16666666666666669,0.16666666666666669,0.16666666666666669,0.16666666666666669,0.16666666666666669
163,163.0,163.3,0.16666666666666669,0.16666666666666669,0.16666666666666669,0.16666666666666669,0.16666666666666669,0.16666666666666669
164,164.0,164.3,0.16666666666666669,0.16666666666666669,0.16666666666666669,0.16666666666666669,0.16666666666666669,0.16666666666666669
165,165.0,165.3,0.16666666666666669,0.16666666666666669,0.16666666666666669,0.16666666666666669,0.16666666666666669,0.16666666666666669
166,166.0,166.3,0.16666666666666669,0.16666666666666669,0.16666666666666669,0.16666666666666669,0.16666666666666669,0.16666666666666669
167,167.0,167.3,0.16666666666666669,0.16666666666666669,0.16666666666666669,0.16666666666666669,0.16666666666666669,0.16666666666666669
168,168.0,168.3,0.16666666666666669,0.16666666666666669,0.16666666666666669,0.16666666666666669,0.16666666666666669,0.16666666666666669
169,169.0,169.3,0.16666666666666669,0.16666666666666669,0.16666666666666669,0.16666666666666669,0.16666666666666669,0.16666666666666669
170,170.0,170.3,0.16666666666666669,0.16666666666666669,0.16666666666666669,0.16666666666666669,0.16666666666666669,0.16666666666666669
171,171.0,171.3,0.16666666666666669,0.16666666666666669,0.16666666666666669,0.16666666666666669,0.16666666666666669,0.16666666666666669
172,172.0,172.3,0.16666666666666669,0.16666666666666669,0.16666666666666669,0.16666666666666669,0.16666666666666669,0.16666666666666669
173,173.0,173.3,0.16666666666666669,0.16666666666666669,0.16666666666666669,0.16666666666666669,0.16666666666666669,0.16666666666666669
174,174.0,174.3,0.16666666666666669,0.16666666666666669,0.16666666666666669,0.16666666666666669,0.16666666666666669,0.16666666666666669
175,175.0,175.3,0.16666666666666669,0.16666666666666669,0.16666666666666669,0.16666666666666669,0.16666666666666669,0.16666666666666669
176,176.0,176.3,0.16666666666666669,0.16666666666666669,0.16666666666666669,0.16666666666666669,0.16666666666666669,0.16666666666666669
177,177.0,177.3,0.16666666666666669,0.16666666666666669,0.16666666666666669,0.16666666666666669,0.16666666666666669,0.16666666666666669
178,178.0,178.3,0.16666666666666669,0.16666666666666669,0.16666666666666669,0.16666666666666669,0.16666666666666669,0.16666666666666669
179,179.0,179.3,0.16666666666666669,0.16666666666666669,0.16666666666666669,0.16666666666666669,0.16666666666666669,0.16666666666666669
180,180.0,180.3,0.16666666666666669,0.16666666666666669,0.16666666666666669,0.16666666666666669,0.16666666666666669,0.16666666666666669
181,181.0,181.3,0.16666666666666669,0.16666666666666669,0.16666666666666669,0.16666666666666669,0.16666666666666669,0.16666666666666669
182,182.0,182.3,0.16666666666666669,0.16666666666666669,0.16666666666666669,0.16666666666666669,0.16666666666666669,0.16666666666666669
183,183.0,183.3,0.16666666666666669,0.16666666666666669,0.16666666666666669,0.16666666666666669,0.16666666666666669,0.16666666666666669
184,184.0,184.3,0.16666666666666669,0.16666666666666669,0.16666666666666669,0.16666666666666669,0.16666666666666669,0.16666666666666669
185,185.0,185.3,0.16666666666666669,0.16666666666666669,0.16666666666666669,0.16666666666666669,0.16666666666666669,0.16666666666666669
186,186.0,186.3,0.16666666666666669,0.16666666666666669,0.16666666666666669,0.16666666666666669,0.16666666666666669,0.16666666666666669
187,187.0,187.3,0.16666666666666669,0.16666666666666669,0.16666666666666669,0.16666666666666669,0.16666666666666669,0.16666666666666669
188,188.0,188.3,0.16666666666666669,0.16666666666666669,0.16666666666666669,0.16666666666666669,0.16666666666666669,0.16666666666666669
189,189.0,189.3,0.16666666666666669,0.16666666666666669,0.16666666666666669,0.16666666666666669,0.16666666666666669,0.16666666666666669
190,190.0,190.3,0.16666666666666669,0.16666666666666669,0.16666666666666669,0.16666666666666669,0.16666666666666669,0.16666666666666669
191,191.0,191.3,0.16666666666666669,0.16666666666666669,0.16666666666666669,0.16666666666666669,0.16666666666666669,0.16666666666666669
192,192.0,192.3,0.16666666666666669,0.16666666666666669,0.16666666666666669,0.16666666666666669,0.16666666666666669,0.16666666666666669
193,193.0,193.3,0.16666666666666669,0.16666666666666669,0.16666666666666669,0.16666666666666669,0.16666666666666669,0.16666666666666669
194,194.0,194.3,0.16666666666666669,0.16666666666666669,0.16666666666666669,0.16666666666666669,0.16666666666666669,0.16666666666666669
195,195.0,195.3,0.16666666666666669,0.16666666666666669,0.16666666666666669,0.16666666666666669,0.16666666666666669,0.16666666666666669
196,196.0,196.3,0.16666666666666669,0.16666666666666669,0.16666666666666669,0.16666666666666669,0.16666666666666669,0.16666666666666669
197,197.0,197.3,0.16666666666666669,0.16666666666666669,0.16666666666666669,0.16666666666666669,0.16666666666666669,0.16666666666666669
198,198.0,198.3,0.16666666666666669,0.16666666666666669,0.16666666666666669,0.16666666666666669,0.16666666666666669,0.16666666666666669
199,199.0,199.3,0.16428571428571428,0.16428571428571428,0.17857142857142855,0.16428571428571428,0.16428571428571428,0.16428571428571428
200,200.0,200.3,0.1625,0.1625,0.175,0.1625,0.1625,0.175
201,201.0,201.3,0.16011904761904763,0.16011904761904763,0.18690476190476193,0.16011904761904763,0.16011904761904763,0.17261904761904762
202,202.0,202.3,0.15873015873015875,0.15873015873015875,0.18412698412698414,0.15873015873015875,0.15873015873015875,0.18095238095238095
203,203.0,203.3,0.15694444444444447,0.15694444444444447,0.18055555555555558,0.15694444444444447,0.16944444444444445,0.17916666666666667
204,204.0,204.3,0.15555555555555559,0.15555555555555559,0.18888888888888888,0.15555555555555559,0.16666666666666669,0.17777777777777778
205,205.0,205.3,0.15555555555555559,0.15555555555555559,0.18888888888888888,0.15555555555555559,0.16666666666666669,0.17777777777777778
206,206.0,206.3,0.15555555555555559,0.15555555555555559,0.18888888888888888,0.15555555555555559,0.16666666666666669,0.17777777777777778
207,207.0,207.3,0.15555555555555559,0.15555555555555559,0.18888888888888888,0.15555555555555559,0.16666666666666669,0.17777777777777778
208,208.0,208.3,0.15555555555555559,0.15555555555555559,0.18888888888888888,0.15555555555555559,0.16666666666666669,0.17777777777777778
209,209.0,209.3,0.15229741019214704,0.1533500417710944,0.2020217209690894,0.1544026733500418,0.16340852130325817,0.17451963241436924
210,210.0,210.3,0.15229741019214704,0.1533500417710944,0.2020217209690894,0.1544026733500418,0.16340852130325817,0.17451963241436924
211,211.0,211.3,0.15263366750208857,0.1547389306599833,0.19474101921470344,0.15579156223893068,0.16618629908103594,0.17590852130325813
212,212.0,212.3,0.15213293650793652,0.1642857142857143,0.19176587301587303,0.15421626984126985,0.16324404761904762,0.17435515873015872
213,213.0,213.3,0.15197185403370972,0.1641138929798724,0.1915725740468009,0.1540337097038128,0.1641138929798724,0.17419407625593192
214,214.0,214.3,0.15197185403370972,0.1641138929798724,0.1915725740468009,0.1540337097038128,0.1641138929798724,0.17419407625593192
215,215.0,215.3,0.1608607429225986,0.16189167075765015,0.18935035182457866,0.1529225985927017,0.16189167075765015,0.17308296514482083
216,216.0,216.3,0.1608607429225986,0.16189167075765015,0.18935035182457866,0.1529225985927017,0.16189167075765015,0.17308296514482083
217,217.0,217.3,0.1608607429225986,0.16189167075765015,0.18935035182457866,0.1529225985927017,0.16189167075765015,0.17308296514482083
218,218.0,218.3,0.1608607429225986,0.16189167075765015,0.18935035182457866,0.1529225985927017,0.16189167075765015,0.17308296514482083
219,219.0,219.3,0.1508607429225986,0.16189167075765015,0.18935035182457866,0.1629225985927017,0.16189167075765015,0.17308296514482083
220,220.0,220.3,0.1508607429225986,0.16189167075765015,0.18935035182457866,0.1629225985927017,0.16189167075765015,0.17308296514482083
221,221.0,221.3,0.1508607429225986,0.16189167075765015,0.18935035182457866,0.1629225985927017,0.16189167075765015,0.17308296514482083
222,222.0,222.3,0.1508607429225986,0.16189167075765015,0.18935035182457866,0.1629225985927017,0.16189167075765015,0.17308296514482083
223,223.0,223.3,0.1508607429225986,0.16189167075765015,0.18935035182457866,0.1629225985927017,0.16189167075765015,0.17308296514482083
224,224.0,224.3,0.16832106038291605,0.16506627393225332,0.18141384388807072,0.16609720176730486,0.16506627393225332,0.15403534609720176
225,225.0,225.3,0.16832106038291605,0.16506627393225332,0.18141384388807072,0.16609720176730486,0.16506627393225332,0.15403534609720176
226,226.0,226.3,0.16653534609720178,0.17578055964653905,0.17784241531664216,0.16431148748159058,0.16328055964653904,0.15224963181148748
227,227.0,227.3,0.16653534609720178,0.17578055964653905,0.17784241531664216,0.16431148748159058,0.16328055964653904,0.15224963181148748
228,228.0,228.3,0.16653534609720178,0.17578055964653905,0.17784241531664216,0.16431148748159058,0.16328055964653904,0.15224963181148748
229,229.0,229.3,0.16653534609720178,0.17578055964653905,0.17784241531664216,0.16431148748159058,0.16328055964653904,0.15224963181148748
230,230.0,230.3,0.16653534609720178,0.17578055964653905,0.17784241531664216,0.16431148748159058,0.16328055964653904,0.15224963181148748
231,231.0,231.3,0.16653534609720178,0.17578055964653905,0.17784241531664216,0.16431148748159058,0.16328055964653904,0.15224963181148748
232,232.0,232.3,0.1498686794305351,0.17339960726558665,0.18974717722140405,0.1619305351006382,0.16089960726558666,0.1641543937162494
233,233.0,233.3,0.14669407625593195,0.1688361152020946,0.1833979708721977,0.15875593192603504,0.17022500409098348,0.17209090165275734
234,234.0,234.3,0.14558296514482083,0.16661389297987236,0.1911757486499755,0.15764482081492392,0.1691138929798724,0.1698686794305351
235,235.0,235.3,0.14379725085910655,0.1773281786941581,0.18939003436426122,0.15585910652920965,0.16732817869415811,0.16629725085910654
236,236.0,236.3,0.14379725085910655,0.16732817869415811,0.18939003436426122,0.15585910652920965,0.1773281786941581,0.16629725085910654
237,237.0,237.3,0.14288815995001564,0.16641908778506717,0.18666276163698847,0.15495001562011873,0.1755099968759763,0.1735699781318338
238,238.0,238.3,0.14436868686868687,0.15797979797979797,0.19421717171717173,0.145479797979798,0.18068181818181822,0.1772727272727273
239,239.0,239.3,0.1540909090909091,0.1565909090909091,0.180959595959596,0.1440909090909091,0.1883838383838384,0.17588383838383842
240,240.0,240.3,0.15333333333333335,0.15583333333333332,0.1888888888888889,0.14333333333333334,0.18611111111111114,0.17250000000000001
241,241.0,241.3,0.1656746031746032,0.15566239316239316,0.18864468864468867,0.14316239316239315,0.18702686202686206,0.15982905982905984
242,242.0,242.3,0.1628968253968254,0.1639957264957265,0.16781135531135533,0.15288461538461537,0.1939713064713065,0.15844017094017096
243,243.0,243.3,0.1627415458937198,0.16382850241545893,0.1686594202898551,0.15271739130434783,0.19378019323671497,0.1582729468599034
244,244.0,244.3,0.16194858009374138,0.1741349600220568,0.1570960849186656,0.15191273779983458,0.19872139509236286,0.15618624207333887
245,245.0,245.3,0.1520776504819058,0.18925259138025097,0.1582333151482088,0.1430941989452628,0.1999272595017276,0.15741498454264413
246,246.0,246.3,0.15193207377417906,0.1890958164642375,0.15903958614484934,0.14292622582096268,0.19974808816914083,0.1572582096266307
247,247.0,247.3,0.15193207377417906,0.1890958164642375,0.15903958614484934,0.14292622582096268,0.19974808816914083,0.1572582096266307
248,248.0,248.3,0.15193207377417906,0.1890958164642375,0.15903958614484934,0.14292622582096268,0.19974808816914083,0.1572582096266307
249,249.0,249.3,0.1548554282596836,0.1809192580469176,0.16174986361156574,0.1423554282596836,0.20131614839061646,0.15880387343153302
250,250.0,250.3,0.16318876159301693,0.17814148026913984,0.16036097472267685,0.1409665393707947,0.1999272595017276,0.15741498454264413
251,251.0,251.4,0.16080780921206456,0.19004624217390176,0.15904385212895855,0.1385855869898423,0.19754630712077523,0.15397020237445772
252,252.0,252.4,0.16080780921206456,0.19004624217390176,0.15904385212895855,0.1385855869898423,0.19754630712077523,0.15397020237445772
253,253.0,253.4,0.14969669810095343,0.20115735328501289,0.15798002234172448,0.13964941677707637,0.19754630712077523,0.15397020237445772
254,254.0,254.4,0.16383683567894095,0.18776749566223253,0.1577112653428443,0.13949264186106292,0.19736713578818843,0.15382462566673094
255,255.0,255.4,0.16368421052631582,0.18940058479532168,0.1627631578947369,0.14112573099415204,0.1807309941520468,0.1622953216374269
256,256.0,256.4,0.16130325814536345,0.18701963241436928,0.17466791979949878,0.13874477861319967,0.17835004177109443,0.15991436925647454
257,257.0,257.4,0.16130325814536345,0.18701963241436928,0.16355680868838768,0.13874477861319967,0.17835004177109443,0.17102548036758564
258,258.0,258.4,0.16130325814536345,0.18701963241436928,0.16355680868838768,0.13874477861319967,0.17835004177109443,0.17102548036758564
259,259.0,259.4,0.16130325814536345,0.16201963241436929,0.16177109440267337,0.16553049289891397,0.17835004177109443,0.17102548036758564
260,260.0,260.4,0.17487468671679202,0.16130534670008356,0.15966791979949876,0.16342731829573937,0.1526357560568087,0.1880889724310777
261,261.0,261.4,0.17809868875086268,0.15348688750862666,0.1597066942719117,0.16529675638371294,0.1556608005521049,0.18775017253278123
262,262.0,262.4,0.17809868875086268,0.15348688750862666,0.1597066942719117,0.15418564527260184,0.1556608005521049,0.19886128364389236
263,263.0,263.4,0.17174948240165636,0.1489233954451346,0.15653209109730853,0.16101104209799863,0.16498619737750175,0.1967977915804003
264,264.0,264.4,0.16936853002070396,0.1465424430641822,0.16843685300207042,0.15863008971704623,0.16260524499654935,0.1944168391994479
265,265.0,265.4,0.1685714285714286,0.14690476190476193,0.168968253968254,0.15896825396825398,0.16301587301587303,0.1935714285714286
266,266.0,266.4,0.16678571428571431,0.14511904761904765,0.17789682539682541,0.15718253968253967,0.16123015873015875,0.1917857142857143
267,267.0,267.4,0.15377344877344878,0.1446067821067821,0.1871067821067821,0.17004689754689759,0.13571789321789324,0.20874819624819624
268,268.0,268.4,0.15266233766233767,0.143495670995671,0.19377344877344876,0.1689357864357865,0.13460678210678212,0.20652597402597403
269,269.0,269.4,0.1618722943722944,0.13980880230880233,0.2047835497835498,0.1620743145743146,0.12953102453102455,0.20193001443001446
270,270.0,270.4,0.15643217893217892,0.14865440115440115,0.21420995670995668,0.14932900432900434,0.12476551226551227,0.20660894660894663
271,271.0,271.4,0.14925074925074924,0.15485764235764235,0.21207542457542455,0.15173853923853925,0.13095654345654345,0.2011211011211011
272,272.0,272.4,0.1487012987012987,0.1543081918081918,0.21537212787212784,0.1511890886890887,0.1304070929070929,0.2000222000222
273,273.0,273.4,0.1482251082251082,0.1538320013320013,0.2182292707292707,0.1507128982128982,0.1299309024309024,0.19906981906981908
274,274.0,274.4,0.13913419913419914,0.1629229104229104,0.2182292707292707,0.1507128982128982,0.1299309024309024,0.19906981906981908
275,275.0,275.4,0.1386976506639428,0.15953098399727614,0.22410027238678923,0.149543468391783,0.12956843718079675,0.19855918737941208
276,276.0,276.4,0.13853535353535357,0.15936868686868685,0.2238131313131313,0.14936868686868687,0.12936868686868688,0.19954545454545453
277,277.0,277.4,0.13801337551337553,0.15884670884670885,0.22478077478077477,0.15855672105672106,0.12881007881007883,0.190992340992341
278,278.0,278.4,0.1373086454608194,0.1581419787941527,0.22009850053328311,0.1589270029487421,0.12806951502603678,0.19745435723696594
279,279.0,279.4,0.13791428105944234,0.15950519015035142,0.21559023413862125,0.16026683889587118,0.12864008751105524,0.19808336824465855
280,280.0,280.4,0.13776557366982897,0.15935648276073805,0.2163680881765988,0.16009525344631728,0.1284570630315311,0.19795753891498571
281,281.0,281.4,0.14534133124558654,0.15784133124558655,0.21333778514629578,0.15858010193116576,0.12769948727395536,0.19719996315740995
282,282.0,282.4,0.14534133124558654,0.15784133124558655,0.21333778514629578,0.15858010193116576,0.13484234441681248,0.1900571060145528
283,283.0,283.4,0.14625042215467748,0.15875042215467747,0.2142468760553867,0.1594891928402567,0.13575143532590342,0.18551165146909826
284,284.0,284.4,0.13652819993245527,0.14902819993245525,0.21563576494427558,0.16087808172914558,0.1385292131036812,0.19940054035798715
285,285.0,285.4,0.1289885173927727,0.168274231678487,0.23488179669030732,0.1311161769672408,0.14348953056399866,0.19324974670719353
286,286.0,286.4,0.13232185072610606,0.17160756501182034,0.22154846335697398,0.12444951030057412,0.15515619723066532,0.19491641337386018
287,287.0,287.4,0.1328713012755566,0.1721570155612709,0.2182517600602707,0.12499896085002467,0.1562550983295664,0.19546586392331072
288,288.0,288.4,0.13108558698984232,0.1810855869898423,0.21646604577455641,0.12321324656431039,0.15446938404385213,0.19368014963759644
289,289.0,289.4,0.13108558698984232,0.1810855869898423,0.21646604577455641,0.12321324656431039,0.15446938404385213,0.19368014963759644
290,290.0,290.4,0.11969669810095343,0.17969669810095343,0.22507715688566754,0.1218243576754215,0.15169160626607434,0.20201348297092978
291,291.0,291.4,0.11830780921206455,0.17553003143428675,0.20940255371106434,0.14583229418335802,0.15030271737718545,0.2006245940820409
292,292.0,292.4,0.12148241238666771,0.1787046346088899,0.20146604577455643,0.1490068973579612,0.15347732055178862,0.19586268932013612
293,293.0,293.4,0.12989871830297364,0.16398962739388273,0.2060439678524785,0.14452637787744174,0.15126231333678145,0.20427899523644205
294,294.0,294.4,0.12640665481091012,0.1604975639018192,0.2168376186461293,0.14103431438537822,0.14777024984471793,0.20745359841104521
295,295.0,295.4,0.138991008991009,0.16171828171828173,0.2167032967032967,0.1424000999000999,0.1591833166833167,0.181003996003996
296,296.0,296.4,0.13717282717282717,0.1741858141858142,0.2157942057942058,0.14058191808191808,0.16645604395604394,0.16580919080919082
