Total_iterations,Unnamed: 0.1,Intertwine_two,Add_vertex,Delete_vertex,Invert_path_vertices,Insert_inside_vertex,Delete_inside_vertex
0,0.0,0.1666666666666666,0.1666666666666666,0.1666666666666666,0.1666666666666666,0.1666666666666666,0.1666666666666666
1,1.0,0.1666666666666666,0.1666666666666666,0.1666666666666666,0.1666666666666666,0.1666666666666666,0.1666666666666666
2,2.0,0.1666666666666666,0.1666666666666666,0.1666666666666666,0.1666666666666666,0.1666666666666666,0.1666666666666666
3,3.0,0.1666666666666666,0.1666666666666666,0.1666666666666666,0.1666666666666666,0.1666666666666666,0.1666666666666666
4,4.0,0.1666666666666666,0.1666666666666666,0.1666666666666666,0.1666666666666666,0.1666666666666666,0.1666666666666666
5,5.0,0.1666666666666666,0.1666666666666666,0.1666666666666666,0.1666666666666666,0.1666666666666666,0.1666666666666666
6,6.0,0.1666666666666666,0.1666666666666666,0.1666666666666666,0.1666666666666666,0.1666666666666666,0.1666666666666666
7,7.0,0.1666666666666666,0.1666666666666666,0.1666666666666666,0.1666666666666666,0.1666666666666666,0.1666666666666666
8,8.0,0.1666666666666666,0.1666666666666666,0.1666666666666666,0.1666666666666666,0.1666666666666666,0.1666666666666666
9,9.0,0.1666666666666666,0.1666666666666666,0.1666666666666666,0.1666666666666666,0.1666666666666666,0.1666666666666666
10,10.0,0.1666666666666666,0.1666666666666666,0.1666666666666666,0.1666666666666666,0.1666666666666666,0.1666666666666666
11,11.0,0.1666666666666666,0.1666666666666666,0.1666666666666666,0.1666666666666666,0.1666666666666666,0.1666666666666666
12,12.0,0.1666666666666666,0.1666666666666666,0.1666666666666666,0.1666666666666666,0.1666666666666666,0.1666666666666666
13,13.0,0.1666666666666666,0.1666666666666666,0.1666666666666666,0.1666666666666666,0.1666666666666666,0.1666666666666666
14,14.0,0.1666666666666666,0.1666666666666666,0.1666666666666666,0.1666666666666666,0.1666666666666666,0.1666666666666666
15,15.0,0.1666666666666666,0.1666666666666666,0.1666666666666666,0.1666666666666666,0.1666666666666666,0.1666666666666666
16,16.0,0.1666666666666666,0.1666666666666666,0.1666666666666666,0.1666666666666666,0.1666666666666666,0.1666666666666666
17,17.0,0.1666666666666666,0.1666666666666666,0.1666666666666666,0.1666666666666666,0.1666666666666666,0.1666666666666666
18,18.0,0.1666666666666666,0.1666666666666666,0.1666666666666666,0.1666666666666666,0.1666666666666666,0.1666666666666666
19,19.0,0.1666666666666666,0.1666666666666666,0.1666666666666666,0.1666666666666666,0.1666666666666666,0.1666666666666666
20,20.0,0.1666666666666666,0.1666666666666666,0.1666666666666666,0.1666666666666666,0.1666666666666666,0.1666666666666666
21,21.0,0.1666666666666666,0.1666666666666666,0.1666666666666666,0.1666666666666666,0.1666666666666666,0.1666666666666666
22,22.0,0.1666666666666666,0.1666666666666666,0.1666666666666666,0.1666666666666666,0.1666666666666666,0.1666666666666666
23,23.0,0.1666666666666666,0.1666666666666666,0.1666666666666666,0.1666666666666666,0.1666666666666666,0.1666666666666666
24,24.0,0.1666666666666666,0.1666666666666666,0.1666666666666666,0.1666666666666666,0.1666666666666666,0.1666666666666666
25,25.0,0.1666666666666666,0.1666666666666666,0.1666666666666666,0.1666666666666666,0.1666666666666666,0.1666666666666666
26,26.0,0.1666666666666666,0.1666666666666666,0.1666666666666666,0.1666666666666666,0.1666666666666666,0.1666666666666666
27,27.0,0.1666666666666666,0.1666666666666666,0.1666666666666666,0.1666666666666666,0.1666666666666666,0.1666666666666666
28,28.0,0.1666666666666666,0.1666666666666666,0.1666666666666666,0.1666666666666666,0.1666666666666666,0.1666666666666666
29,29.0,0.1666666666666666,0.1666666666666666,0.1666666666666666,0.1666666666666666,0.1666666666666666,0.1666666666666666
30,30.0,0.1666666666666666,0.1666666666666666,0.1666666666666666,0.1666666666666666,0.1666666666666666,0.1666666666666666
31,31.0,0.1666666666666666,0.1666666666666666,0.1666666666666666,0.1666666666666666,0.1666666666666666,0.1666666666666666
32,32.0,0.1666666666666666,0.1666666666666666,0.1666666666666666,0.1666666666666666,0.1666666666666666,0.1666666666666666
33,33.0,0.1666666666666666,0.1666666666666666,0.1666666666666666,0.1666666666666666,0.1666666666666666,0.1666666666666666
34,34.0,0.1666666666666666,0.1666666666666666,0.1666666666666666,0.1666666666666666,0.1666666666666666,0.1666666666666666
35,35.0,0.1666666666666666,0.1666666666666666,0.1666666666666666,0.1666666666666666,0.1666666666666666,0.1666666666666666
36,36.0,0.1666666666666666,0.1666666666666666,0.1666666666666666,0.1666666666666666,0.1666666666666666,0.1666666666666666
37,37.0,0.1666666666666666,0.1666666666666666,0.1666666666666666,0.1666666666666666,0.1666666666666666,0.1666666666666666
38,38.0,0.1666666666666666,0.1666666666666666,0.1666666666666666,0.1666666666666666,0.1666666666666666,0.1666666666666666
39,39.0,0.1666666666666666,0.1666666666666666,0.1666666666666666,0.1666666666666666,0.1666666666666666,0.1666666666666666
40,40.0,0.1666666666666666,0.1666666666666666,0.1666666666666666,0.1666666666666666,0.1666666666666666,0.1666666666666666
41,41.0,0.1666666666666666,0.1666666666666666,0.1666666666666666,0.1666666666666666,0.1666666666666666,0.1666666666666666
42,42.0,0.1666666666666666,0.1666666666666666,0.1666666666666666,0.1666666666666666,0.1666666666666666,0.1666666666666666
43,43.0,0.1666666666666666,0.1666666666666666,0.1666666666666666,0.1666666666666666,0.1666666666666666,0.1666666666666666
44,44.0,0.1666666666666666,0.1666666666666666,0.1666666666666666,0.1666666666666666,0.1666666666666666,0.1666666666666666
45,45.0,0.1666666666666666,0.1666666666666666,0.1666666666666666,0.1666666666666666,0.1666666666666666,0.1666666666666666
46,46.0,0.1666666666666666,0.1666666666666666,0.1666666666666666,0.1666666666666666,0.1666666666666666,0.1666666666666666
47,47.0,0.1666666666666666,0.1666666666666666,0.1666666666666666,0.1666666666666666,0.1666666666666666,0.1666666666666666
48,48.0,0.1666666666666666,0.1666666666666666,0.1666666666666666,0.1666666666666666,0.1666666666666666,0.1666666666666666
49,49.0,0.1666666666666666,0.1666666666666666,0.1666666666666666,0.1666666666666666,0.1666666666666666,0.1666666666666666
50,50.0,0.1666666666666666,0.1666666666666666,0.1666666666666666,0.1666666666666666,0.1666666666666666,0.1666666666666666
51,51.0,0.1666666666666666,0.1666666666666666,0.1666666666666666,0.1666666666666666,0.1666666666666666,0.1666666666666666
52,52.0,0.1666666666666666,0.1666666666666666,0.1666666666666666,0.1666666666666666,0.1666666666666666,0.1666666666666666
53,53.0,0.1666666666666666,0.1666666666666666,0.1666666666666666,0.1666666666666666,0.1666666666666666,0.1666666666666666
54,54.0,0.1666666666666666,0.1666666666666666,0.1666666666666666,0.1666666666666666,0.1666666666666666,0.1666666666666666
55,55.0,0.1666666666666666,0.1666666666666666,0.1666666666666666,0.1666666666666666,0.1666666666666666,0.1666666666666666
56,56.0,0.1666666666666666,0.1666666666666666,0.1666666666666666,0.1666666666666666,0.1666666666666666,0.1666666666666666
57,57.0,0.1666666666666666,0.1666666666666666,0.1666666666666666,0.1666666666666666,0.1666666666666666,0.1666666666666666
58,58.0,0.1666666666666666,0.1666666666666666,0.1666666666666666,0.1666666666666666,0.1666666666666666,0.1666666666666666
59,59.0,0.1666666666666666,0.1666666666666666,0.1666666666666666,0.1666666666666666,0.1666666666666666,0.1666666666666666
60,60.0,0.1666666666666666,0.1666666666666666,0.1666666666666666,0.1666666666666666,0.1666666666666666,0.1666666666666666
61,61.0,0.1666666666666666,0.1666666666666666,0.1666666666666666,0.1666666666666666,0.1666666666666666,0.1666666666666666
62,62.0,0.1666666666666666,0.1666666666666666,0.1666666666666666,0.1666666666666666,0.1666666666666666,0.1666666666666666
63,63.0,0.1666666666666666,0.1666666666666666,0.1666666666666666,0.1666666666666666,0.1666666666666666,0.1666666666666666
64,64.0,0.1666666666666666,0.1666666666666666,0.1666666666666666,0.1666666666666666,0.1666666666666666,0.1666666666666666
65,65.0,0.1666666666666666,0.1666666666666666,0.1666666666666666,0.1666666666666666,0.1666666666666666,0.1666666666666666
66,66.0,0.1666666666666666,0.1666666666666666,0.1666666666666666,0.1666666666666666,0.1666666666666666,0.1666666666666666
67,67.0,0.1666666666666666,0.1666666666666666,0.1666666666666666,0.1666666666666666,0.1666666666666666,0.1666666666666666
68,68.0,0.1666666666666666,0.1666666666666666,0.1666666666666666,0.1666666666666666,0.1666666666666666,0.1666666666666666
69,69.0,0.1666666666666666,0.1666666666666666,0.1666666666666666,0.1666666666666666,0.1666666666666666,0.1666666666666666
70,70.0,0.1666666666666666,0.1666666666666666,0.1666666666666666,0.1666666666666666,0.1666666666666666,0.1666666666666666
71,71.0,0.1666666666666666,0.1666666666666666,0.1666666666666666,0.1666666666666666,0.1666666666666666,0.1666666666666666
72,72.0,0.1666666666666666,0.1666666666666666,0.1666666666666666,0.1666666666666666,0.1666666666666666,0.1666666666666666
73,73.0,0.1666666666666666,0.1666666666666666,0.1666666666666666,0.1666666666666666,0.1666666666666666,0.1666666666666666
74,74.0,0.1666666666666666,0.1666666666666666,0.1666666666666666,0.1666666666666666,0.1666666666666666,0.1666666666666666
75,75.0,0.1666666666666666,0.1666666666666666,0.1666666666666666,0.1666666666666666,0.1666666666666666,0.1666666666666666
76,76.0,0.1666666666666666,0.1666666666666666,0.1666666666666666,0.1666666666666666,0.1666666666666666,0.1666666666666666
77,77.0,0.1666666666666666,0.1666666666666666,0.1666666666666666,0.1666666666666666,0.1666666666666666,0.1666666666666666
78,78.0,0.1666666666666666,0.1666666666666666,0.1666666666666666,0.1666666666666666,0.1666666666666666,0.1666666666666666
79,79.0,0.1666666666666666,0.1666666666666666,0.1666666666666666,0.1666666666666666,0.1666666666666666,0.1666666666666666
80,80.0,0.1666666666666666,0.1666666666666666,0.1666666666666666,0.1666666666666666,0.1666666666666666,0.1666666666666666
81,81.0,0.1666666666666666,0.1666666666666666,0.1666666666666666,0.1666666666666666,0.1666666666666666,0.1666666666666666
82,82.0,0.1666666666666666,0.1666666666666666,0.1666666666666666,0.1666666666666666,0.1666666666666666,0.1666666666666666
83,83.0,0.1666666666666666,0.1666666666666666,0.1666666666666666,0.1666666666666666,0.1666666666666666,0.1666666666666666
84,84.0,0.1666666666666666,0.1666666666666666,0.1666666666666666,0.1666666666666666,0.1666666666666666,0.1666666666666666
85,85.0,0.1666666666666666,0.1666666666666666,0.1666666666666666,0.1666666666666666,0.1666666666666666,0.1666666666666666
86,86.0,0.1666666666666666,0.1666666666666666,0.1666666666666666,0.1666666666666666,0.1666666666666666,0.1666666666666666
87,87.0,0.1666666666666666,0.1666666666666666,0.1666666666666666,0.1666666666666666,0.1666666666666666,0.1666666666666666
88,88.0,0.1666666666666666,0.1666666666666666,0.1666666666666666,0.1666666666666666,0.1666666666666666,0.1666666666666666
89,89.0,0.1666666666666666,0.1666666666666666,0.1666666666666666,0.1666666666666666,0.1666666666666666,0.1666666666666666
90,90.0,0.1666666666666666,0.1666666666666666,0.1666666666666666,0.1666666666666666,0.1666666666666666,0.1666666666666666
91,91.0,0.1666666666666666,0.1666666666666666,0.1666666666666666,0.1666666666666666,0.1666666666666666,0.1666666666666666
92,92.0,0.1666666666666666,0.1666666666666666,0.1666666666666666,0.1666666666666666,0.1666666666666666,0.1666666666666666
93,93.0,0.1666666666666666,0.1666666666666666,0.1666666666666666,0.1666666666666666,0.1666666666666666,0.1666666666666666
94,94.0,0.1666666666666666,0.1666666666666666,0.1666666666666666,0.1666666666666666,0.1666666666666666,0.1666666666666666
95,95.0,0.1666666666666666,0.1666666666666666,0.1666666666666666,0.1666666666666666,0.1666666666666666,0.1666666666666666
96,96.0,0.1666666666666666,0.1666666666666666,0.1666666666666666,0.1666666666666666,0.1666666666666666,0.1666666666666666
97,97.0,0.1666666666666666,0.1666666666666666,0.1666666666666666,0.1666666666666666,0.1666666666666666,0.1666666666666666
98,98.0,0.1666666666666666,0.1666666666666666,0.1666666666666666,0.1666666666666666,0.1666666666666666,0.1666666666666666
99,99.0,0.1666666666666666,0.1666666666666666,0.1666666666666666,0.1666666666666666,0.1666666666666666,0.1666666666666666
100,100.0,0.1666666666666666,0.1666666666666666,0.1666666666666666,0.1666666666666666,0.1666666666666666,0.1666666666666666
101,101.0,0.1666666666666666,0.1666666666666666,0.1666666666666666,0.1666666666666666,0.1666666666666666,0.1666666666666666
102,102.0,0.1666666666666666,0.1666666666666666,0.1666666666666666,0.1666666666666666,0.1666666666666666,0.1666666666666666
103,103.0,0.1666666666666666,0.1666666666666666,0.1666666666666666,0.1666666666666666,0.1666666666666666,0.1666666666666666
104,104.0,0.1666666666666666,0.1666666666666666,0.1666666666666666,0.1666666666666666,0.1666666666666666,0.1666666666666666
105,105.0,0.1666666666666666,0.1666666666666666,0.1666666666666666,0.1666666666666666,0.1666666666666666,0.1666666666666666
106,106.0,0.1666666666666666,0.1666666666666666,0.1666666666666666,0.1666666666666666,0.1666666666666666,0.1666666666666666
107,107.0,0.1666666666666666,0.1666666666666666,0.1666666666666666,0.1666666666666666,0.1666666666666666,0.1666666666666666
108,108.0,0.1666666666666666,0.1666666666666666,0.1666666666666666,0.1666666666666666,0.1666666666666666,0.1666666666666666
109,109.0,0.1666666666666666,0.1666666666666666,0.1666666666666666,0.1666666666666666,0.1666666666666666,0.1666666666666666
110,110.0,0.1666666666666666,0.1666666666666666,0.1666666666666666,0.1666666666666666,0.1666666666666666,0.1666666666666666
111,111.0,0.1666666666666666,0.1666666666666666,0.1666666666666666,0.1666666666666666,0.1666666666666666,0.1666666666666666
112,112.0,0.1666666666666666,0.1666666666666666,0.1666666666666666,0.1666666666666666,0.1666666666666666,0.1666666666666666
113,113.0,0.1666666666666666,0.1666666666666666,0.1666666666666666,0.1666666666666666,0.1666666666666666,0.1666666666666666
114,114.0,0.1666666666666666,0.1666666666666666,0.1666666666666666,0.1666666666666666,0.1666666666666666,0.1666666666666666
115,115.0,0.1666666666666666,0.1666666666666666,0.1666666666666666,0.1666666666666666,0.1666666666666666,0.1666666666666666
116,116.0,0.1666666666666666,0.1666666666666666,0.1666666666666666,0.1666666666666666,0.1666666666666666,0.1666666666666666
117,117.0,0.1666666666666666,0.1666666666666666,0.1666666666666666,0.1666666666666666,0.1666666666666666,0.1666666666666666
118,118.0,0.1666666666666666,0.1666666666666666,0.1666666666666666,0.1666666666666666,0.1666666666666666,0.1666666666666666
119,119.0,0.1666666666666666,0.1666666666666666,0.1666666666666666,0.1666666666666666,0.1666666666666666,0.1666666666666666
120,120.0,0.1666666666666666,0.1666666666666666,0.1666666666666666,0.1666666666666666,0.1666666666666666,0.1666666666666666
121,121.0,0.1666666666666666,0.1666666666666666,0.1666666666666666,0.1666666666666666,0.1666666666666666,0.1666666666666666
122,122.0,0.1666666666666666,0.1666666666666666,0.1666666666666666,0.1666666666666666,0.1666666666666666,0.1666666666666666
123,123.0,0.1666666666666666,0.1666666666666666,0.1666666666666666,0.1666666666666666,0.1666666666666666,0.1666666666666666
124,124.0,0.1666666666666666,0.1666666666666666,0.1666666666666666,0.1666666666666666,0.1666666666666666,0.1666666666666666
125,125.0,0.1666666666666666,0.1666666666666666,0.1666666666666666,0.1666666666666666,0.1666666666666666,0.1666666666666666
126,126.0,0.1666666666666666,0.1666666666666666,0.1666666666666666,0.1666666666666666,0.1666666666666666,0.1666666666666666
127,127.0,0.1666666666666666,0.1666666666666666,0.1666666666666666,0.1666666666666666,0.1666666666666666,0.1666666666666666
128,128.0,0.1666666666666666,0.1666666666666666,0.1666666666666666,0.1666666666666666,0.1666666666666666,0.1666666666666666
129,129.0,0.1666666666666666,0.1666666666666666,0.1666666666666666,0.1666666666666666,0.1666666666666666,0.1666666666666666
130,130.0,0.1666666666666666,0.1666666666666666,0.1666666666666666,0.1666666666666666,0.1666666666666666,0.1666666666666666
131,131.0,0.1666666666666666,0.1666666666666666,0.1666666666666666,0.1666666666666666,0.1666666666666666,0.1666666666666666
132,132.0,0.1666666666666666,0.1666666666666666,0.1666666666666666,0.1666666666666666,0.1666666666666666,0.1666666666666666
133,133.0,0.1666666666666666,0.1666666666666666,0.1666666666666666,0.1666666666666666,0.1666666666666666,0.1666666666666666
134,134.0,0.1666666666666666,0.1666666666666666,0.1666666666666666,0.1666666666666666,0.1666666666666666,0.1666666666666666
135,135.0,0.1666666666666666,0.1666666666666666,0.1666666666666666,0.1666666666666666,0.1666666666666666,0.1666666666666666
136,136.0,0.1666666666666666,0.1666666666666666,0.1666666666666666,0.1666666666666666,0.1666666666666666,0.1666666666666666
137,137.0,0.1666666666666666,0.1666666666666666,0.1666666666666666,0.1666666666666666,0.1666666666666666,0.1666666666666666
138,138.0,0.1666666666666666,0.1666666666666666,0.1666666666666666,0.1666666666666666,0.1666666666666666,0.1666666666666666
139,139.0,0.1666666666666666,0.1666666666666666,0.1666666666666666,0.1666666666666666,0.1666666666666666,0.1666666666666666
140,140.0,0.1666666666666666,0.1666666666666666,0.1666666666666666,0.1666666666666666,0.1666666666666666,0.1666666666666666
141,141.0,0.1666666666666666,0.1666666666666666,0.1666666666666666,0.1666666666666666,0.1666666666666666,0.1666666666666666
142,142.0,0.1666666666666666,0.1666666666666666,0.1666666666666666,0.1666666666666666,0.1666666666666666,0.1666666666666666
143,143.0,0.1666666666666666,0.1666666666666666,0.1666666666666666,0.1666666666666666,0.1666666666666666,0.1666666666666666
144,144.0,0.1666666666666666,0.1666666666666666,0.1666666666666666,0.1666666666666666,0.1666666666666666,0.1666666666666666
145,145.0,0.1666666666666666,0.1666666666666666,0.1666666666666666,0.1666666666666666,0.1666666666666666,0.1666666666666666
146,146.0,0.1666666666666666,0.1666666666666666,0.1666666666666666,0.1666666666666666,0.1666666666666666,0.1666666666666666
147,147.0,0.1666666666666666,0.1666666666666666,0.1666666666666666,0.1666666666666666,0.1666666666666666,0.1666666666666666
148,148.0,0.1666666666666666,0.1666666666666666,0.1666666666666666,0.1666666666666666,0.1666666666666666,0.1666666666666666
149,149.0,0.1666666666666666,0.1666666666666666,0.1666666666666666,0.1666666666666666,0.1666666666666666,0.1666666666666666
150,150.0,0.1666666666666666,0.1666666666666666,0.1666666666666666,0.1666666666666666,0.1666666666666666,0.1666666666666666
151,151.0,0.1666666666666666,0.1666666666666666,0.1666666666666666,0.1666666666666666,0.1666666666666666,0.1666666666666666
152,152.0,0.1666666666666666,0.1666666666666666,0.1666666666666666,0.1666666666666666,0.1666666666666666,0.1666666666666666
153,153.0,0.1666666666666666,0.1666666666666666,0.1666666666666666,0.1666666666666666,0.1666666666666666,0.1666666666666666
154,154.0,0.1666666666666666,0.1666666666666666,0.1666666666666666,0.1666666666666666,0.1666666666666666,0.1666666666666666
155,155.0,0.1666666666666666,0.1666666666666666,0.1666666666666666,0.1666666666666666,0.1666666666666666,0.1666666666666666
156,156.0,0.1666666666666666,0.1666666666666666,0.1666666666666666,0.1666666666666666,0.1666666666666666,0.1666666666666666
157,157.0,0.1666666666666666,0.1666666666666666,0.1666666666666666,0.1666666666666666,0.1666666666666666,0.1666666666666666
158,158.0,0.1666666666666666,0.1666666666666666,0.1666666666666666,0.1666666666666666,0.1666666666666666,0.1666666666666666
159,159.0,0.1666666666666666,0.1666666666666666,0.1666666666666666,0.1666666666666666,0.1666666666666666,0.1666666666666666
160,160.0,0.1666666666666666,0.1666666666666666,0.1666666666666666,0.1666666666666666,0.1666666666666666,0.1666666666666666
161,161.0,0.1666666666666666,0.1666666666666666,0.1666666666666666,0.1666666666666666,0.1666666666666666,0.1666666666666666
162,162.0,0.1666666666666666,0.1666666666666666,0.1666666666666666,0.1666666666666666,0.1666666666666666,0.1666666666666666
163,163.0,0.1666666666666666,0.1666666666666666,0.1666666666666666,0.1666666666666666,0.1666666666666666,0.1666666666666666
164,164.0,0.1666666666666666,0.1666666666666666,0.1666666666666666,0.1666666666666666,0.1666666666666666,0.1666666666666666
165,165.0,0.1666666666666666,0.1666666666666666,0.1666666666666666,0.1666666666666666,0.1666666666666666,0.1666666666666666
166,166.0,0.1666666666666666,0.1666666666666666,0.1666666666666666,0.1666666666666666,0.1666666666666666,0.1666666666666666
167,167.0,0.1666666666666666,0.1666666666666666,0.1666666666666666,0.1666666666666666,0.1666666666666666,0.1666666666666666
168,168.0,0.1666666666666666,0.1666666666666666,0.1666666666666666,0.1666666666666666,0.1666666666666666,0.1666666666666666
169,169.0,0.1666666666666666,0.1666666666666666,0.1666666666666666,0.1666666666666666,0.1666666666666666,0.1666666666666666
170,170.0,0.1666666666666666,0.1666666666666666,0.1666666666666666,0.1666666666666666,0.1666666666666666,0.1666666666666666
171,171.0,0.1666666666666666,0.1666666666666666,0.1666666666666666,0.1666666666666666,0.1666666666666666,0.1666666666666666
172,172.0,0.1666666666666666,0.1666666666666666,0.1666666666666666,0.1666666666666666,0.1666666666666666,0.1666666666666666
173,173.0,0.1666666666666666,0.1666666666666666,0.1666666666666666,0.1666666666666666,0.1666666666666666,0.1666666666666666
174,174.0,0.1666666666666666,0.1666666666666666,0.1666666666666666,0.1666666666666666,0.1666666666666666,0.1666666666666666
175,175.0,0.1666666666666666,0.1666666666666666,0.1666666666666666,0.1666666666666666,0.1666666666666666,0.1666666666666666
176,176.0,0.1666666666666666,0.1666666666666666,0.1666666666666666,0.1666666666666666,0.1666666666666666,0.1666666666666666
177,177.0,0.1666666666666666,0.1666666666666666,0.1666666666666666,0.1666666666666666,0.1666666666666666,0.1666666666666666
178,178.0,0.1666666666666666,0.1666666666666666,0.1666666666666666,0.1666666666666666,0.1666666666666666,0.1666666666666666
179,179.0,0.1666666666666666,0.1666666666666666,0.1666666666666666,0.1666666666666666,0.1666666666666666,0.1666666666666666
180,180.0,0.1666666666666666,0.1666666666666666,0.1666666666666666,0.1666666666666666,0.1666666666666666,0.1666666666666666
181,181.0,0.1666666666666666,0.1666666666666666,0.1666666666666666,0.1666666666666666,0.1666666666666666,0.1666666666666666
182,182.0,0.1666666666666666,0.1666666666666666,0.1666666666666666,0.1666666666666666,0.1666666666666666,0.1666666666666666
183,183.0,0.1666666666666666,0.1666666666666666,0.1666666666666666,0.1666666666666666,0.1666666666666666,0.1666666666666666
184,184.0,0.1666666666666666,0.1666666666666666,0.1666666666666666,0.1666666666666666,0.1666666666666666,0.1666666666666666
185,185.0,0.1666666666666666,0.1666666666666666,0.1666666666666666,0.1666666666666666,0.1666666666666666,0.1666666666666666
186,186.0,0.1666666666666666,0.1666666666666666,0.1666666666666666,0.1666666666666666,0.1666666666666666,0.1666666666666666
187,187.0,0.1666666666666666,0.1666666666666666,0.1666666666666666,0.1666666666666666,0.1666666666666666,0.1666666666666666
188,188.0,0.1666666666666666,0.1666666666666666,0.1666666666666666,0.1666666666666666,0.1666666666666666,0.1666666666666666
189,189.0,0.1666666666666666,0.1666666666666666,0.1666666666666666,0.1666666666666666,0.1666666666666666,0.1666666666666666
190,190.0,0.1666666666666666,0.1666666666666666,0.1666666666666666,0.1666666666666666,0.1666666666666666,0.1666666666666666
191,191.0,0.1666666666666666,0.1666666666666666,0.1666666666666666,0.1666666666666666,0.1666666666666666,0.1666666666666666
192,192.0,0.1666666666666666,0.1666666666666666,0.1666666666666666,0.1666666666666666,0.1666666666666666,0.1666666666666666
193,193.0,0.1666666666666666,0.1666666666666666,0.1666666666666666,0.1666666666666666,0.1666666666666666,0.1666666666666666
194,194.0,0.1666666666666666,0.1666666666666666,0.1666666666666666,0.1666666666666666,0.1666666666666666,0.1666666666666666
195,195.0,0.1666666666666666,0.1666666666666666,0.1666666666666666,0.1666666666666666,0.1666666666666666,0.1666666666666666
196,196.0,0.1666666666666666,0.1666666666666666,0.1666666666666666,0.1666666666666666,0.1666666666666666,0.1666666666666666
197,197.0,0.1666666666666666,0.1666666666666666,0.1666666666666666,0.1666666666666666,0.1666666666666666,0.1666666666666666
198,198.0,0.1666666666666666,0.1666666666666666,0.1666666666666666,0.1666666666666666,0.1666666666666666,0.1666666666666666
199,199.0,0.1664285714285714,0.1664285714285714,0.1678571428571428,0.1664285714285714,0.1664285714285714,0.1664285714285714
200,200.0,0.1660142857142857,0.1660142857142857,0.1686785714285714,0.1660142857142857,0.1660142857142857,0.1672642857142857
201,201.0,0.1653681904761905,0.1653681904761905,0.1706715476190476,0.1653681904761905,0.1653681904761905,0.1678556904761905
202,202.0,0.1645953244444445,0.1645953244444445,0.1723497805555556,0.1645953244444445,0.1645953244444445,0.1692689216666667
203,203.0,0.1636625219301588,0.1636625219301588,0.1736208193769841,0.1636625219301588,0.1649125219301588,0.170479092902381
204,204.0,0.1626169300035556,0.1626169300035556,0.1756674350113889,0.1626169300035556,0.1649655411146667,0.1715162338632778
205,205.0,0.1616052835251327,0.1616052835251327,0.1776416036211282,0.1616052835251327,0.1650302696362438,0.17251227616723
206,206.0,0.1606343044148564,0.1606343044148564,0.1795308282225712,0.1606343044148564,0.1651048892759675,0.1734613692568924
207,207.0,0.1597096357270147,0.1597096357270147,0.181324710970533,0.1597096357270147,0.1651876647256258,0.1743587171227974
208,208.0,0.1588358931062426,0.1588358931062426,0.1830148472228823,0.1588358931062426,0.1652769526497286,0.1752005208086617
209,209.0,0.1576909068357,0.1577961699935947,0.1859079934746767,0.1579014331514894,0.1650453943852498,0.1756581021592899
210,210.0,0.1566064842257761,0.1568159579099866,0.1886729623762358,0.1570254315941971,0.1648206232163988,0.176058540677406
211,211.0,0.1556210388675024,0.1560379967622393,0.1905668517981289,0.1563496914990813,0.1648819859230794,0.1765424351499691
212,212.0,0.1546541912319868,0.1562795194308172,0.1920155793321155,0.1555784148811095,0.1646560303444726,0.1768162647794988
213,213.0,0.1537427075653595,0.1565597696505021,0.1932976071526337,0.1548523884607908,0.1645255350325547,0.1770219921381595
214,214.0,0.1529046637300785,0.1568875360815123,0.1944341818600418,0.1541907778949342,0.1644039728313018,0.1771788676021318
215,215.0,0.1530299850702508,0.1570325672161828,0.1952062607963544,0.1534826465926409,0.1640694438294377,0.1771790964951338
216,216.0,0.1532210818549293,0.1572116862728009,0.195842572749318,0.1528397279405776,0.1637465899970421,0.1771383411853324
217,217.0,0.1534694655718167,0.1574196932686057,0.1963503312977379,0.1522619298602418,0.1634374723554921,0.1770611076461061
218,218.0,0.1537669236905232,0.1576516193397205,0.1967373141965842,0.1517485182752642,0.1631438084621188,0.1769518160357895
219,219.0,0.1531055741896797,0.157902753317903,0.1970117291818258,0.1522981886519587,0.162866989581038,0.1768147650775949
220,220.0,0.1524879113262498,0.1581686630726648,0.1971820888949708,0.1528991360903912,0.1626080993998315,0.1766541012158921
221,221.0,0.1519157430651264,0.1584452119288003,0.1972570952660973,0.1535402234100036,0.1623679339503238,0.1764737923796487
222,222.0,0.15139024162869,0.1587285704876107,0.197245533565696,0.1542110257494817,0.1621470224138401,0.1762776061546815
223,223.0,0.1509119953488364,0.1590152241932405,0.1971561762179237,0.1549018635834442,0.1619456485144429,0.1760690921421124
224,224.0,0.1522270929187375,0.1596194373114117,0.1962040455673444,0.1559212853015633,0.1620813325448778,0.1739468063560654
225,225.0,0.1535716204062903,0.1602176974839742,0.1951992259650302,0.156940524012528,0.162233297586143,0.1718376345460344
226,226.0,0.1547506181162826,0.1618760459751918,0.193799891645035,0.1577708342013725,0.1622198244581713,0.1695827856039468
227,227.0,0.1559295633350849,0.1635076047540011,0.1923809159937554,0.1585835199041348,0.1622183059948805,0.1673800900181433
228,228.0,0.1570966718596281,0.1650987372038549,0.1909584529008327,0.1593722167123954,0.1622275619144353,0.1652463594088537
229,229.0,0.1582414562740928,0.1666375746331501,0.1895470757413603,0.1601314365475219,0.1622464222193557,0.1631960345845193
230,230.0,0.159354701145342,0.1681139581696497,0.188159789693588,0.1608565349084764,0.1622737378680559,0.1612412782148881
231,231.0,0.160428427978985,0.1695193693672682,0.1868080585068234,0.1615436729590666,0.1623083901696709,0.1593920810181859
232,232.0,0.1597891846437791,0.1706087561098224,0.1866923201973097,0.1619516801117278,0.1621112036977978,0.1588468552395632
233,233.0,0.1587972002725011,0.1711607634833296,0.1859837836540677,0.1620012147815517,0.1628541595913297,0.1592028782172204
234,234.0,0.1576722719870741,0.1714121014144514,0.1860980204151089,0.1619022320447269,0.1634854172293938,0.1594299569092451
235,235.0,0.1563603720331958,0.1726617520395439,0.1860730393538232,0.1615920020407151,0.1639312624325848,0.1593815721001373
236,236.0,0.1550540308629644,0.1728331018686733,0.1860837263487705,0.1612554660819894,0.1653664922780724,0.15940718255953
237,237.0,0.1536748469188086,0.1728413583922355,0.1858536804516507,0.1608077110326994,0.166595997821354,0.1602264053832519
238,238.0,0.1524737671912475,0.1719406375768428,0.1864101709641146,0.1593991327701806,0.1683088749314378,0.1614674165661768
239,239.0,0.1522839668554391,0.1708514915581301,0.1856633248571051,0.1578533300971209,0.1707443957832191,0.1626034908489859
240,240.0,0.1520554583998087,0.1696528967408589,0.1857370553647508,0.1562487259055475,0.1728854862485557,0.1634203773404787
241,241.0,0.1530967065232036,0.1684188717541455,0.1858105111324532,0.1546583341903152,0.1750362990075593,0.1629792773923234
242,242.0,0.1538818310229951,0.1680140178135193,0.1838216297651744,0.1540842444585492,0.1777863805653,0.1624118963744621
243,243.0,0.1546630650662353,0.167592743945751,0.1819563402879353,0.1535388450011937,0.1804041919028675,0.1618448137960173
244,244.0,0.1553676639334285,0.1682066008101164,0.1789882770213203,0.1529593056021539,0.1833881023055816,0.1610900503273994
245,245.0,0.1550805191143219,0.1703301187159841,0.1762118211832946,0.1515454005795378,0.1863475410368285,0.1604845993700332
246,246.0,0.1547775024200292,0.1724148320663064,0.1736138529683847,0.1501715767304105,0.189128915946341,0.1598933198685284
247,247.0,0.1544763331087072,0.1744578839255757,0.1711299389067304,0.1488626817571015,0.1917383450871303,0.1593348172147551
248,248.0,0.1541798381351721,0.1764430099243047,0.1687735127236228,0.147625311721762,0.1941669287446608,0.1588113987504778
249,249.0,0.1541828504639311,0.1775384955468282,0.1668264176397098,0.1464076080748206,0.1965652716528306,0.1584793566218801
250,250.0,0.155025620671105,0.1782804624543224,0.1648843776350177,0.145132264105533,0.1986324001486724,0.1580448749853498
251,251.0,0.1556276500286854,0.1801373190396916,0.1629595953422997,0.1437047020477316,0.2002676691503653,0.1573030643912268
252,252.0,0.1562212780423416,0.1819075791978659,0.16118813384672,0.1423687050451314,0.201712197631593,0.1566021062363484
253,253.0,0.1556902974552182,0.1846933110810943,0.1594659927047973,0.1412348595409617,0.2029706143595898,0.1559449248583389
254,254.0,0.1565664926910634,0.186026124435761,0.1578743302735481,0.1401828666679689,0.2040310292091401,0.1553191567225189
255,255.0,0.1574125093179402,0.1874063790805347,0.156945392691306,0.1393924797475151,0.2032551494759117,0.1555880896867926
256,256.0,0.1579985460561179,0.1884304550798836,0.1573580027097987,0.1384603687934779,0.2020935209246722,0.1556591064360501
257,257.0,0.1585590262413703,0.1893380152526425,0.156791339786228,0.1376243130330416,0.2008106204370209,0.1568766852496971
258,258.0,0.1590909007271374,0.1901316355797427,0.1563489978440359,0.1368830675044505,0.1994314042114754,0.1581139941331584
259,259.0,0.15959171133851,0.1883147738424793,0.1558443967759351,0.1389131350683774,0.1979792959840808,0.1593566869906177
260,260.0,0.1614166992139568,0.1863452182932325,0.1552392053305944,0.1407960519938995,0.1939046774658671,0.1622981477024501
261,261.0,0.1635161683802942,0.1835403736638332,0.154742697621718,0.1429039336986853,0.1901273360349138,0.1651694906005558
262,262.0,0.1655515158337037,0.1807154786358218,0.1543454806502312,0.1439138443487315,0.1863830633922278,0.1690906171392844
263,263.0,0.1668738796360231,0.1774444379929903,0.1537241371946496,0.1456080216255516,0.1836385350679488,0.1727109884828369
264,264.0,0.1678746678476717,0.1739771957508682,0.154383483814129,0.1470487161413188,0.180743840961098,0.1759720954849146
265,265.0,0.1687106057149582,0.1706185620901495,0.1551705695601581,0.1484949713663874,0.1779982931072192,0.1790069981611279
266,266.0,0.1692829865955094,0.1671800823650772,0.1569097807185225,0.1497227624663964,0.1751989044092434,0.1817054834452515
267,267.0,0.1684719301136809,0.1638136137138254,0.1596059368788291,0.1521888080150017,0.1699885405730477,0.1859311707056155
268,268.0,0.1674838833555218,0.1604806125005172,0.1629741525420513,0.1544757187929543,0.164845395535809,0.1897402372731467
269,269.0,0.1673674214872425,0.1569423751248045,0.1674145497022753,0.1559923919833928,0.1594066031104281,0.1928766585918571
270,270.0,0.1666636429906301,0.1544711856430629,0.1727272378399303,0.1561436860561656,0.15373638291524,0.1962578645549713
271,271.0,0.1652097847349514,0.152809271384933,0.1777100311390669,0.156452657395343,0.1489625791521766,0.1988556761935292
272,272.0,0.1636867768950536,0.1512790872073981,0.1828678693723238,0.1566286453640896,0.1444311503535182,0.201106470807617
273,273.0,0.1621185960095889,0.1498845934460056,0.1881206806529672,0.1566850199215925,0.1401650048126422,0.2030261051572037
274,274.0,0.159659207425735,0.1495781140487032,0.1931492967063094,0.1566760358062582,0.1362231328020365,0.2047142132109579
275,275.0,0.1571968527703254,0.1490965379123097,0.1985129510602988,0.1564913757444121,0.1325762791637694,0.2061260033488846
276,276.0,0.1547795118465341,0.1487512341375463,0.2035673990847884,0.1562382244629148,0.1292440574382884,0.2074195730299282
277,277.0,0.1523892656298123,0.1484944374653728,0.2084156239758768,0.1568604963524283,0.1261904433737986,0.2076497332027113
278,278.0,0.1500238121283427,0.1482963701689744,0.2124744504611562,0.1574745314892355,0.1233943306917164,0.2083365050605748
279,279.0,0.1478283158702071,0.1483528868240875,0.2157528081591627,0.15817567142167,0.1209816383696874,0.2089086793551852
280,280.0,0.1457383581508161,0.1485004041079906,0.2187794897509609,0.1588104504906476,0.1188684973233226,0.2093028001762621
281,281.0,0.1445352441161301,0.1485902152985157,0.2211763588648054,0.1592430845307691,0.1169867984629188,0.2094682987268609
282,282.0,0.1434605023562072,0.148763556529459,0.2232551553300803,0.1596258253408823,0.1161146820909515,0.2087802783524196
283,283.0,0.1426029521520796,0.1491012504753783,0.225117807537899,0.1600507439267962,0.1156079630703486,0.2075192828374983
284,284.0,0.1408954094461684,0.1485294445212765,0.2268243740989996,0.1605664440321421,0.1156311284521393,0.207553199449274
285,285.0,0.138560980661743,0.1499444098912998,0.230173001087046,0.158057500027733,0.1163769898882982,0.2068871184438799
286,286.0,0.1366976034564037,0.1517345102755261,0.2319005199989871,0.1548633705264933,0.1184860572542648,0.206317938488325
287,287.0,0.1350317514992405,0.1535992762236376,0.2330220961236436,0.1517394604280633,0.1208608093932888,0.2057466063321261
288,288.0,0.1333323088069853,0.1563560001131715,0.2337052398466294,0.1484819649151246,0.1231734577792018,0.2049510285388874
289,289.0,0.1317803431657842,0.1590843474825188,0.2341476772565958,0.1452975317699716,0.12556780058917,0.2041222997359597
290,290.0,0.1292377376380549,0.1616209836211156,0.2352301657218563,0.1420718101983884,0.1277339471749105,0.2041053556456744
291,291.0,0.1267150933788386,0.1636680466239845,0.2345354149347685,0.1413669799095275,0.1297841668040996,0.2039302983487814
292,292.0,0.1246781010213365,0.1659464834921298,0.2328651598205017,0.1410947461097513,0.132152010293561,0.2032634992627197
293,293.0,0.1236544816048685,0.1666531574631274,0.2315057312849943,0.1404808052543829,0.1342748218151578,0.2034310025774691
294,294.0,0.1224464601478221,0.1669133223871265,0.2311069930480776,0.1396195078615755,0.1360060207506048,0.2039076958047935
295,295.0,0.122657278201121,0.1672053850155189,0.2305920026965498,0.1389950668247591,0.1388230487673081,0.2017272184947431
296,296.0,0.1228285335751708,0.1686601235948529,0.2298987152293332,0.1382853020405595,0.1422892493887739,0.1980380761713097
297,297.0,0.1231261063477921,0.1700246452221631,0.2291337114144869,0.1376694798951935,0.1456504978937658,0.1943955592265984
298,298.0,0.1245343890514017,0.1712943263763788,0.2283118129249225,0.1371443643462314,0.1488836770088813,0.1898314302921842
299,299.0,0.1270004500880868,0.1720492876266006,0.2273080393241185,0.1365672470006334,0.151830372993068,0.1852446029674926
300,300.0,0.1302966287919507,0.170946546588821,0.2261645047480957,0.1359629881004081,0.1559322275170372,0.1806971042536872
301,301.0,0.1337887697910552,0.1699504333697503,0.2260975297310454,0.1346221625718386,0.159119719168584,0.1764213853677264
302,302.0,0.1370769009004307,0.1687147917742537,0.2272650631321759,0.1332772898784995,0.160496565162591,0.173169389152049
303,303.0,0.1403121781615925,0.1674395674195653,0.2284099008535799,0.1320240416456195,0.1616794122542227,0.1701348996654199
304,304.0,0.1432945851845332,0.1674054081073811,0.2275848691541186,0.1318086925658007,0.1627096456100287,0.1671967993781376
305,305.0,0.1459303347959521,0.1679379651852085,0.2266371959033989,0.1315074374953123,0.163584476872461,0.1644025897476671
306,306.0,0.1484172010791923,0.169238771159707,0.2271978290715197,0.130066930330026,0.1631318013866502,0.1619474669729045
307,307.0,0.1495407613928692,0.1701631932962431,0.2274438544205471,0.1305014701346337,0.163520234387713,0.1588304863679937
308,308.0,0.1502534306331223,0.1713372753298971,0.2273497547743824,0.1305903301352231,0.1646965487067193,0.1557726604206555
309,309.0,0.150933651734372,0.1727565254578359,0.226718088246611,0.1307255591205597,0.164808757282249,0.1540574181583723
310,310.0,0.1513849380065768,0.1738963757834928,0.2267483221300653,0.1308082386093859,0.1646874011281469,0.152474724342332
311,311.0,0.1517256700699191,0.1749733677838397,0.2267739640447881,0.1309427967564647,0.1644570502789173,0.1511271510660709
312,312.0,0.1519983392302267,0.1760236677779079,0.2268474815768678,0.1311662541214686,0.1639334628809739,0.1500307944125547
313,313.0,0.1510866061281378,0.1771608579438837,0.2270684378378688,0.1330133910828059,0.1634869001549523,0.1481838068523513
314,314.0,0.1501920817938056,0.1784327545627727,0.2285904834111519,0.1350774827713934,0.1620629548417291,0.145644242619147
315,315.0,0.1494629501028296,0.1809606775416887,0.2290273111458868,0.136980433309451,0.1597060348066712,0.1438625930934725
316,316.0,0.1494806918235126,0.1830733626194574,0.2289845175500238,0.1384025884899124,0.1582626243269303,0.1417962151901632
317,317.0,0.1494879025149423,0.1859658099100189,0.2296354926925815,0.1382805840745103,0.1567530287739943,0.1398771820339524
318,318.0,0.1493537215208061,0.1887526333491369,0.230287310361373,0.1393987135540763,0.1552761857891401,0.1369314354254674
319,319.0,0.1490437158781217,0.1917304972539442,0.2308625132791238,0.1404298000297455,0.1537778972086323,0.1341555763504323
320,320.0,0.1475960284256312,0.1945505189388238,0.2314058680346176,0.1425262051911189,0.1523181476206986,0.1316032317891097
321,321.0,0.1461389042188399,0.1957717109803484,0.2333436973250966,0.1445604331180126,0.1509076806219609,0.1292775737357415
322,322.0,0.144687858175246,0.1968274587081523,0.2352314611184432,0.1465183592546054,0.1495556726234869,0.127179190120066
