,Unnamed: 0,Total_iterations,Add_vertex,Delete_vertex,Insert_inside_vertex,Delete_inside_vertex
0,0.0,0.0,0.25,0.25,0.25,0.25
1,1.0,1.0,0.25,0.25,0.25,0.25
2,2.0,2.0,0.25,0.25,0.25,0.25
3,3.0,3.0,0.25,0.25,0.25,0.25
4,4.0,4.0,0.25,0.25,0.25,0.25
5,5.0,5.0,0.25,0.25,0.25,0.25
6,6.0,6.0,0.25,0.25,0.25,0.25
7,7.0,7.0,0.25,0.25,0.25,0.25
8,8.0,8.0,0.25,0.25,0.25,0.25
9,9.0,9.0,0.25,0.25,0.25,0.25
10,10.0,10.0,0.25,0.25,0.25,0.25
11,11.0,11.0,0.25,0.25,0.25,0.25
12,12.0,12.0,0.25,0.25,0.25,0.25
13,13.0,13.0,0.25,0.25,0.25,0.25
14,14.0,14.0,0.25,0.25,0.25,0.25
15,15.0,15.0,0.25,0.25,0.25,0.25
16,16.0,16.0,0.25,0.25,0.25,0.25
17,17.0,17.0,0.25,0.25,0.25,0.25
18,18.0,18.0,0.25,0.25,0.25,0.25
19,19.0,19.0,0.25,0.25,0.25,0.25
20,20.0,20.0,0.25,0.25,0.25,0.25
21,21.0,21.0,0.25,0.25,0.25,0.25
22,22.0,22.0,0.25,0.25,0.25,0.25
23,23.0,23.0,0.25,0.25,0.25,0.25
24,24.0,24.0,0.25,0.25,0.25,0.25
25,25.0,25.0,0.25,0.25,0.25,0.25
26,26.0,26.0,0.25,0.25,0.25,0.25
27,27.0,27.0,0.25,0.25,0.25,0.25
28,28.0,28.0,0.25,0.25,0.25,0.25
29,29.0,29.0,0.25,0.25,0.25,0.25
30,30.0,30.0,0.25,0.25,0.25,0.25
31,31.0,31.0,0.25,0.25,0.25,0.25
32,32.0,32.0,0.25,0.25,0.25,0.25
33,33.0,33.0,0.25,0.25,0.25,0.25
34,34.0,34.0,0.25,0.25,0.25,0.25
35,35.0,35.0,0.25,0.25,0.25,0.25
36,36.0,36.0,0.25,0.25,0.25,0.25
37,37.0,37.0,0.25,0.25,0.25,0.25
38,38.0,38.0,0.25,0.25,0.25,0.25
39,39.0,39.0,0.25,0.25,0.25,0.25
40,40.0,40.0,0.25,0.25,0.25,0.25
41,41.0,41.0,0.25,0.25,0.25,0.25
42,42.0,42.0,0.25,0.25,0.25,0.25
43,43.0,43.0,0.25,0.25,0.25,0.25
44,44.0,44.0,0.25,0.25,0.25,0.25
45,45.0,45.0,0.25,0.25,0.25,0.25
46,46.0,46.0,0.25,0.25,0.25,0.25
47,47.0,47.0,0.25,0.25,0.25,0.25
48,48.0,48.0,0.25,0.25,0.25,0.25
49,49.0,49.0,0.25,0.25,0.25,0.25
50,50.0,50.0,0.25,0.25,0.25,0.25
51,51.0,51.0,0.25,0.25,0.25,0.25
52,52.0,52.0,0.25,0.25,0.25,0.25
53,53.0,53.0,0.25,0.25,0.25,0.25
54,54.0,54.0,0.25,0.25,0.25,0.25
55,55.0,55.0,0.25,0.25,0.25,0.25
56,56.0,56.0,0.25,0.25,0.25,0.25
57,57.0,57.0,0.25,0.25,0.25,0.25
58,58.0,58.0,0.25,0.25,0.25,0.25
59,59.0,59.0,0.25,0.25,0.25,0.25
60,60.0,60.0,0.25,0.25,0.25,0.25
61,61.0,61.0,0.25,0.25,0.25,0.25
62,62.0,62.0,0.25,0.25,0.25,0.25
63,63.0,63.0,0.25,0.25,0.25,0.25
64,64.0,64.0,0.25,0.25,0.25,0.25
65,65.0,65.0,0.25,0.25,0.25,0.25
66,66.0,66.0,0.25,0.25,0.25,0.25
67,67.0,67.0,0.25,0.25,0.25,0.25
68,68.0,68.0,0.25,0.25,0.25,0.25
69,69.0,69.0,0.25,0.25,0.25,0.25
70,70.0,70.0,0.25,0.25,0.25,0.25
71,71.0,71.0,0.25,0.25,0.25,0.25
72,72.0,72.0,0.25,0.25,0.25,0.25
73,73.0,73.0,0.25,0.25,0.25,0.25
74,74.0,74.0,0.25,0.25,0.25,0.25
75,75.0,75.0,0.25,0.25,0.25,0.25
76,76.0,76.0,0.25,0.25,0.25,0.25
77,77.0,77.0,0.25,0.25,0.25,0.25
78,78.0,78.0,0.25,0.25,0.25,0.25
79,79.0,79.0,0.25,0.25,0.25,0.25
80,80.0,80.0,0.25,0.25,0.25,0.25
81,81.0,81.0,0.25,0.25,0.25,0.25
82,82.0,82.0,0.25,0.25,0.25,0.25
83,83.0,83.2,0.25,0.25,0.25,0.25
84,84.0,84.2,0.25,0.25,0.25,0.25
85,85.0,85.2,0.25,0.25,0.25,0.25
86,86.0,86.2,0.25,0.25,0.25,0.25
87,87.0,87.2,0.25,0.25,0.25,0.25
88,88.0,88.2,0.25,0.25,0.25,0.25
89,89.0,89.3,0.25,0.25,0.25,0.25
90,90.0,90.4,0.25,0.25,0.25,0.25
91,91.0,91.4,0.25,0.25,0.25,0.25
92,92.0,92.4,0.25,0.25,0.25,0.25
93,93.0,93.4,0.25,0.25,0.25,0.25
94,94.0,94.4,0.25,0.25,0.25,0.25
95,95.0,95.4,0.25,0.25,0.25,0.25
96,96.0,96.4,0.25,0.25,0.25,0.25
97,97.0,97.4,0.25,0.25,0.25,0.25
98,98.0,98.5,0.25,0.25,0.25,0.25
99,99.0,99.6,0.25,0.25,0.25,0.25
100,100.0,100.6,0.25,0.25,0.25,0.25
101,101.0,101.6,0.25,0.25,0.25,0.25
102,102.0,102.6,0.25,0.25,0.25,0.25
103,103.0,103.6,0.25,0.25,0.25,0.25
104,104.0,104.6,0.25,0.25,0.25,0.25
105,105.0,105.6,0.25,0.25,0.25,0.25
106,106.0,106.6,0.25,0.25,0.25,0.25
107,107.0,107.6,0.25,0.25,0.25,0.25
108,108.0,108.6,0.25,0.25,0.25,0.25
109,109.0,109.6,0.25,0.25,0.25,0.25
110,110.0,110.6,0.25,0.25,0.25,0.25
111,111.0,111.6,0.25,0.25,0.25,0.25
112,112.0,112.6,0.25,0.25,0.25,0.25
113,113.0,113.6,0.25,0.25,0.25,0.25
114,114.0,114.6,0.25,0.25,0.25,0.25
115,115.0,115.6,0.25,0.25,0.25,0.25
116,116.0,116.6,0.25,0.25,0.25,0.25
117,117.0,117.6,0.25,0.25,0.25,0.25
118,118.0,118.6,0.25,0.25,0.25,0.25
119,119.0,119.6,0.25,0.25,0.25,0.25
120,120.0,120.6,0.25,0.25,0.25,0.25
121,121.0,121.6,0.25,0.25,0.25,0.25
122,122.0,122.6,0.25,0.25,0.25,0.25
123,123.0,123.6,0.25,0.25,0.25,0.25
124,124.0,124.6,0.25,0.25,0.25,0.25
125,125.0,125.6,0.25,0.25,0.25,0.25
126,126.0,126.6,0.25,0.25,0.25,0.25
127,127.0,127.6,0.25,0.25,0.25,0.25
128,128.0,128.6,0.25,0.25,0.25,0.25
129,129.0,129.6,0.25,0.25,0.25,0.25
130,130.0,130.6,0.25,0.25,0.25,0.25
131,131.0,131.6,0.25,0.25,0.25,0.25
132,132.0,132.6,0.25,0.25,0.25,0.25
133,133.0,133.6,0.25,0.25,0.25,0.25
134,134.0,134.6,0.25,0.25,0.25,0.25
135,135.0,135.6,0.25,0.25,0.25,0.25
136,136.0,136.6,0.25,0.25,0.25,0.25
137,137.0,137.6,0.25,0.25,0.25,0.25
138,138.0,138.6,0.25,0.25,0.25,0.25
139,139.0,139.6,0.25,0.25,0.25,0.25
140,140.0,140.6,0.25,0.25,0.25,0.25
141,141.0,141.6,0.25,0.25,0.25,0.25
142,142.0,142.6,0.25,0.25,0.25,0.25
143,143.0,143.6,0.25,0.25,0.25,0.25
144,144.0,144.6,0.25,0.25,0.25,0.25
145,145.0,145.6,0.25,0.25,0.25,0.25
146,146.0,146.6,0.25,0.25,0.25,0.25
147,147.0,147.6,0.25,0.25,0.25,0.25
148,148.0,148.6,0.25,0.25,0.25,0.25
149,149.0,149.6,0.25,0.25,0.25,0.25
150,150.0,150.6,0.25,0.25,0.25,0.25
151,151.0,151.6,0.25,0.25,0.25,0.25
152,152.0,152.6,0.25,0.25,0.25,0.25
153,153.0,153.6,0.25,0.25,0.25,0.25
154,154.0,154.6,0.25,0.25,0.25,0.25
155,155.0,155.6,0.25,0.25,0.25,0.25
156,156.0,156.6,0.25,0.25,0.25,0.25
157,157.0,157.6,0.25,0.25,0.25,0.25
158,158.0,158.6,0.25,0.25,0.25,0.25
159,159.0,159.6,0.25,0.25,0.25,0.25
160,160.0,160.7,0.25,0.25,0.25,0.25
161,161.0,161.7,0.25,0.25,0.25,0.25
162,162.0,162.7,0.25,0.25,0.25,0.25
163,163.0,163.7,0.25,0.25,0.25,0.25
164,164.0,164.7,0.25,0.25,0.25,0.25
165,165.0,165.9,0.25,0.25,0.25,0.25
166,166.0,166.9,0.25,0.25,0.25,0.25
167,167.0,167.9,0.25,0.25,0.25,0.25
168,168.0,168.9,0.25,0.25,0.25,0.25
169,169.0,169.9,0.25,0.25,0.25,0.25
170,170.0,170.9,0.25,0.25,0.25,0.25
171,171.0,171.9,0.25,0.25,0.25,0.25
172,172.0,172.9,0.25,0.25,0.25,0.25
173,173.0,173.9,0.25,0.25,0.25,0.25
174,174.0,174.9,0.25,0.25,0.25,0.25
175,175.0,175.9,0.25,0.25,0.25,0.25
176,176.0,176.9,0.25,0.25,0.25,0.25
177,177.0,177.9,0.25,0.25,0.25,0.25
178,178.0,179.0,0.25,0.25,0.25,0.25
179,179.0,180.0,0.25,0.25,0.25,0.25
180,180.0,181.0,0.25,0.25,0.25,0.25
181,181.0,182.0,0.25,0.25,0.25,0.25
182,182.0,183.0,0.25,0.25,0.25,0.25
183,183.0,184.0,0.25,0.25,0.25,0.25
184,184.0,185.0,0.25,0.25,0.25,0.25
185,185.0,186.0,0.25,0.25,0.25,0.25
186,186.0,187.0,0.25,0.25,0.25,0.25
187,187.0,188.0,0.25,0.25,0.25,0.25
188,188.0,189.0,0.25,0.25,0.25,0.25
189,189.0,190.0,0.25,0.25,0.25,0.25
190,190.0,191.0,0.25,0.25,0.25,0.25
191,191.0,192.0,0.25,0.25,0.25,0.25
192,192.0,193.0,0.25,0.25,0.25,0.25
193,193.0,194.0,0.25,0.25,0.25,0.25
194,194.0,195.0,0.25,0.25,0.25,0.25
195,195.0,196.0,0.25,0.25,0.25,0.25
196,196.0,197.0,0.25,0.25,0.25,0.25
197,197.0,198.0,0.25,0.25,0.25,0.25
198,198.0,199.0,0.25,0.25,0.25,0.25
199,199.0,200.0,0.24500000000000002,0.265,0.24500000000000002,0.24500000000000002
200,200.0,201.0,0.2533333333333333,0.2533333333333333,0.25666666666666665,0.23666666666666664
201,201.0,202.0,0.2533333333333333,0.2533333333333333,0.25666666666666665,0.23666666666666664
202,202.0,203.0,0.24833333333333335,0.24833333333333335,0.25166666666666665,0.25166666666666665
203,203.0,204.0,0.24499999999999997,0.24499999999999997,0.24499999999999997,0.265
204,204.0,205.0,0.24499999999999997,0.24499999999999997,0.24499999999999997,0.265
205,205.0,206.0,0.2426190476190476,0.25690476190476186,0.2402380952380952,0.2602380952380952
206,206.0,207.0,0.23583333333333334,0.26083333333333336,0.23166666666666663,0.2716666666666666
207,207.0,208.0,0.2311111111111111,0.2533333333333333,0.22555555555555556,0.29
208,208.0,209.0,0.22999999999999998,0.25999999999999995,0.2233333333333333,0.2866666666666667
209,209.0,210.0,0.23818181818181813,0.25636363636363635,0.2215151515151515,0.28393939393939394
210,210.0,211.0,0.23818181818181813,0.25636363636363635,0.2215151515151515,0.28393939393939394
211,211.0,212.0,0.23818181818181813,0.25636363636363635,0.2215151515151515,0.28393939393939394
212,212.0,213.0,0.23818181818181813,0.25636363636363635,0.2215151515151515,0.28393939393939394
213,213.0,214.0,0.23818181818181813,0.25636363636363635,0.2215151515151515,0.28393939393939394
214,214.0,215.0,0.25749999999999995,0.24499999999999997,0.22833333333333333,0.26916666666666667
215,215.0,216.0,0.2525,0.25999999999999995,0.2233333333333333,0.26416666666666666
216,216.0,217.0,0.24749999999999997,0.275,0.21833333333333327,0.25916666666666666
217,217.0,218.0,0.23499999999999996,0.2875,0.21833333333333327,0.25916666666666666
218,218.0,219.0,0.24333333333333332,0.2833333333333333,0.2155555555555555,0.2577777777777778
219,219.0,220.0,0.24333333333333332,0.2833333333333333,0.2155555555555555,0.2577777777777778
220,220.0,221.0,0.23499999999999996,0.30277777777777776,0.19611111111111107,0.2661111111111111
221,221.0,222.0,0.23499999999999996,0.30277777777777776,0.19611111111111107,0.2661111111111111
222,222.0,223.0,0.22166666666666662,0.2894444444444444,0.21944444444444441,0.2694444444444445
223,223.0,224.0,0.22166666666666662,0.26944444444444443,0.23944444444444443,0.2694444444444445
224,224.0,225.0,0.22166666666666662,0.26944444444444443,0.23944444444444443,0.2694444444444445
225,225.0,226.0,0.21055555555555552,0.28055555555555556,0.23944444444444443,0.2694444444444445
226,226.0,227.0,0.21055555555555552,0.28055555555555556,0.23944444444444443,0.2694444444444445
227,227.0,228.0,0.21833333333333327,0.2661111111111111,0.23277777777777775,0.2827777777777778
228,228.0,229.0,0.21833333333333327,0.2661111111111111,0.23277777777777775,0.2827777777777778
229,229.0,230.0,0.21833333333333327,0.2661111111111111,0.23277777777777775,0.2827777777777778
230,230.0,231.0,0.2159523809523809,0.2837301587301587,0.2423015873015873,0.258015873015873
231,231.0,232.0,0.21261904761904757,0.2826190476190476,0.2389682539682539,0.2657936507936508
232,232.0,233.0,0.20845238095238092,0.28797619047619044,0.2437301587301587,0.2598412698412699
233,233.0,234.0,0.20706349206349203,0.2865873015873016,0.24928571428571425,0.2570634920634921
234,234.0,235.0,0.21123015873015874,0.2782539682539683,0.25067460317460316,0.2598412698412699
235,235.0,236.0,0.21123015873015874,0.2782539682539683,0.23067460317460314,0.27984126984126984
236,236.0,237.0,0.2261111111111111,0.2544444444444445,0.24972222222222223,0.2697222222222222
237,237.0,238.0,0.23166666666666663,0.25166666666666665,0.24833333333333335,0.2683333333333333
238,238.0,239.0,0.23611111111111108,0.24944444444444444,0.24722222222222223,0.2672222222222222
239,239.0,240.0,0.23277777777777775,0.2627777777777778,0.24388888888888888,0.26055555555555554
240,240.0,241.0,0.23403318903318898,0.2561976911976912,0.24059884559884556,0.2691702741702741
241,241.0,242.0,0.2322474747474747,0.2651262626262626,0.23881313131313128,0.2638131313131313
242,242.0,243.1,0.23558080808080809,0.2517929292929293,0.24547979797979796,0.26714646464646463
243,243.0,244.1,0.23558080808080809,0.2517929292929293,0.24547979797979796,0.26714646464646463
244,244.0,245.1,0.2386111111111111,0.2502777777777777,0.2447222222222222,0.2663888888888889
245,245.0,246.1,0.23722222222222217,0.2558333333333333,0.23638888888888884,0.27055555555555555
246,246.0,247.1,0.25329365079365074,0.24690476190476188,0.23817460317460312,0.26162698412698415
247,247.0,248.1,0.2647863247863248,0.24205128205128199,0.2357478632478632,0.25741452991452995
248,248.0,249.1,0.2717307692307692,0.25927350427350426,0.2143589743589743,0.2546367521367522
249,249.0,250.1,0.26728632478632475,0.257051282051282,0.2132478632478632,0.2624145299145299
250,250.0,251.1,0.2767011732229123,0.25061421670117323,0.2086404416839199,0.2640441683919944
251,251.0,252.1,0.2639682539682539,0.26873015873015865,0.20555555555555555,0.2617460317460317
252,252.0,253.1,0.2639682539682539,0.26873015873015865,0.20555555555555555,0.2617460317460317
253,253.0,254.1,0.2537301587301587,0.2758730158730158,0.20376984126984127,0.2666269841269841
254,254.0,255.1,0.25263285024154586,0.2763285024154589,0.20254830917874395,0.26849033816425116
255,255.0,256.1,0.2559661835748792,0.2696618357487922,0.22588164251207726,0.2484903381642512
256,256.0,257.1,0.2559661835748792,0.2696618357487922,0.22588164251207726,0.2484903381642512
257,257.0,258.1,0.26150326797385615,0.2634640522875817,0.23609477124183004,0.23893790849673202
258,258.0,259.1,0.261183574879227,0.2644444444444444,0.21588164251207725,0.2584903381642512
259,259.0,260.1,0.2712896825396825,0.24646825396825395,0.21942460317460313,0.26281746031746034
260,260.0,261.1,0.2683522047316579,0.24527018319064714,0.21885574887231884,0.2675218632053761
261,261.0,262.1,0.2683522047316579,0.24527018319064714,0.21885574887231884,0.2675218632053761
262,262.0,263.1,0.2683522047316579,0.24527018319064714,0.21885574887231884,0.2675218632053761
263,263.0,264.1,0.26867413632119513,0.2471615312791783,0.21762838468720816,0.2665359477124183
264,264.0,265.2,0.2683522047316579,0.2466786338948725,0.2174472981680935,0.2675218632053761
265,265.0,266.2,0.2680392156862745,0.2475980392156863,0.21727124183006535,0.2670915032679738
266,266.0,267.2,0.27440146834989704,0.23515892201629512,0.22043334228668635,0.27000626734712146
267,267.0,268.2,0.2841052817523405,0.23134428546193248,0.2169334039922275,0.2676170287934994
268,268.0,269.2,0.30410528175234053,0.23134428546193248,0.2169334039922275,0.2476170287934994
269,269.0,270.2,0.30410528175234053,0.23134428546193248,0.2169334039922275,0.2476170287934994
270,270.0,271.2,0.30410528175234053,0.23134428546193248,0.2169334039922275,0.2476170287934994
271,271.0,272.2,0.2841052817523405,0.2513442854619325,0.2169334039922275,0.2476170287934994
272,272.0,273.2,0.28303160533619837,0.25319545169666036,0.21710000895335302,0.24667293401378818
273,273.0,274.2,0.2863649386695317,0.2765287850299937,0.22043334228668635,0.21667293401378815
274,274.0,275.2,0.29969827200286503,0.2698621183633271,0.21710000895335302,0.21333960068045482
275,275.0,276.2,0.29969827200286503,0.2698621183633271,0.21710000895335302,0.21333960068045482
276,276.0,277.2,0.29969827200286503,0.2698621183633271,0.21710000895335302,0.21333960068045482
277,277.0,278.2,0.29969827200286503,0.2698621183633271,0.21710000895335302,0.21333960068045482
278,278.0,279.2,0.29969827200286503,0.2698621183633271,0.21710000895335302,0.21333960068045482
279,279.0,280.2,0.29969827200286503,0.2698621183633271,0.21710000895335302,0.21333960068045482
280,280.0,281.2,0.3077196623771966,0.2671883215718832,0.22030856510308566,0.20478345094783448
281,281.0,282.2,0.3077196623771966,0.2671883215718832,0.22030856510308566,0.20478345094783448
282,282.0,283.2,0.3077196623771966,0.2671883215718832,0.22030856510308566,0.20478345094783448
283,283.0,284.2,0.2777196623771966,0.27052165490521657,0.22364189843641896,0.22811678428116786
284,284.0,285.2,0.2777196623771966,0.27052165490521657,0.22364189843641896,0.22811678428116786
285,285.0,286.3,0.2643863290438633,0.23718832157188321,0.22697523176975234,0.27145011761450116
286,286.0,287.3,0.2633257229832572,0.24976407914764076,0.2228843226788432,0.2640258751902588
287,287.0,288.3,0.2542231588806931,0.26245638683994843,0.21890996370448423,0.26441049057487415
288,288.0,289.3,0.2508898255473598,0.25912305350661513,0.23224329703781757,0.25774382390820744
289,289.0,290.3,0.26755649221402644,0.25912305350661513,0.23224329703781757,0.24107715724154075
290,290.0,291.3,0.26755649221402644,0.25912305350661513,0.23224329703781757,0.24107715724154075
291,291.0,292.3,0.26234061930783237,0.2704553734061931,0.23530965391621125,0.2318943533697632
292,292.0,293.3,0.2619175627240143,0.2714336917562724,0.23507168458781358,0.23157706093189961
293,293.0,294.3,0.26150793650793647,0.27079365079365075,0.23642857142857138,0.23126984126984124
294,294.0,295.3,0.26150793650793647,0.27079365079365075,0.23642857142857138,0.23126984126984124
295,295.0,296.3,0.26150793650793647,0.27079365079365075,0.23642857142857138,0.23126984126984124
296,296.0,297.3,0.2668109668109667,0.24655122655122655,0.23718614718614717,0.24945165945165945
297,297.0,298.3,0.2668109668109667,0.24655122655122655,0.23718614718614717,0.24945165945165945
298,298.0,299.3,0.2668109668109667,0.24655122655122655,0.23718614718614717,0.24945165945165945
299,299.0,300.3,0.2668109668109667,0.24655122655122655,0.23718614718614717,0.24945165945165945
300,300.0,301.3,0.2668109668109667,0.24655122655122655,0.23718614718614717,0.24945165945165945
301,301.0,302.3,0.2668109668109667,0.22988455988455986,0.2538528138528139,0.24945165945165945
302,302.0,303.3,0.2668109668109667,0.22988455988455986,0.2538528138528139,0.24945165945165945
303,303.0,304.3,0.2668109668109667,0.22988455988455986,0.2538528138528139,0.24945165945165945
304,304.0,305.3,0.2668109668109667,0.22988455988455986,0.2538528138528139,0.24945165945165945
305,305.0,306.3,0.2668109668109667,0.22988455988455986,0.2538528138528139,0.24945165945165945
306,306.0,307.3,0.2668109668109667,0.22988455988455986,0.2538528138528139,0.24945165945165945
307,307.0,308.3,0.2668109668109667,0.22988455988455986,0.2538528138528139,0.24945165945165945
308,308.0,309.3,0.2534776334776334,0.2532178932178932,0.2405194805194805,0.25278499278499283
309,309.0,310.4,0.2534776334776334,0.2532178932178932,0.2405194805194805,0.25278499278499283
310,310.0,311.5,0.2534776334776334,0.2532178932178932,0.2405194805194805,0.25278499278499283
311,311.0,312.5,0.27347763347763343,0.2332178932178932,0.2405194805194805,0.25278499278499283
312,312.0,313.5,0.27264221158957996,0.2321318447634237,0.24219032429558746,0.25303561935140884
313,313.0,314.5,0.27264221158957996,0.2321318447634237,0.24219032429558746,0.25303561935140884
314,314.0,315.5,0.27264221158957996,0.23388623072833598,0.24219032429558746,0.25128123338649655
315,315.0,316.5,0.27264221158957996,0.23388623072833598,0.24219032429558746,0.25128123338649655
316,316.0,317.5,0.28153110047846885,0.24277511961722484,0.20663476874003184,0.26905901116427433
317,317.0,318.5,0.28153110047846885,0.24277511961722484,0.20663476874003184,0.26905901116427433
318,318.0,319.5,0.28153110047846885,0.24277511961722484,0.20663476874003184,0.26905901116427433
319,319.0,320.5,0.28153110047846885,0.24277511961722484,0.20663476874003184,0.26905901116427433
320,320.0,321.5,0.28575757575757577,0.26575757575757575,0.2106060606060606,0.23787878787878788
321,321.0,322.5,0.2853030303030303,0.26682900432900436,0.21028138528138526,0.2375865800865801
322,322.0,323.5,0.28328548644338114,0.27944178628389155,0.20663476874003184,0.23063795853269536
323,323.0,324.5,0.28283176593521414,0.2804702194357367,0.2063322884012539,0.23036572622779516
324,324.0,325.5,0.28283176593521414,0.2804702194357367,0.2063322884012539,0.23036572622779516
325,325.0,326.5,0.30122257053291535,0.2804702194357367,0.2063322884012539,0.21197492163009404
326,326.0,327.5,0.2964606657710106,0.2757083146738319,0.21823705030601587,0.20959396924914167
327,327.0,328.5,0.29599310294225545,0.2750069704306992,0.21963973879228113,0.20936018783476404
328,328.0,329.5,0.29599310294225545,0.2750069704306992,0.21963973879228113,0.20936018783476404
329,329.0,330.5,0.29599310294225545,0.2750069704306992,0.21963973879228113,0.20936018783476404
330,330.0,331.5,0.29599310294225545,0.2750069704306992,0.21963973879228113,0.20936018783476404
331,331.0,332.5,0.29599310294225545,0.2750069704306992,0.21963973879228113,0.20936018783476404
332,332.0,333.5,0.29599310294225545,0.2750069704306992,0.21963973879228113,0.20936018783476404
333,333.0,334.5,0.29599310294225545,0.2750069704306992,0.21963973879228113,0.20936018783476404
334,334.0,335.5,0.29599310294225545,0.2750069704306992,0.21963973879228113,0.20936018783476404
335,335.0,336.5,0.29599310294225545,0.2750069704306992,0.21963973879228113,0.20936018783476404
336,336.0,337.5,0.29599310294225545,0.2750069704306992,0.21963973879228113,0.20936018783476404
337,337.0,338.5,0.29599310294225545,0.2750069704306992,0.21963973879228113,0.20936018783476404
338,338.0,339.5,0.29599310294225545,0.2750069704306992,0.21963973879228113,0.20936018783476404
339,339.0,340.5,0.311462059952626,0.26532630891121456,0.22175038797680308,0.20146124315935632
340,340.0,341.5,0.31093795093795096,0.2663395863395863,0.22136604136604135,0.20135642135642132
341,341.0,342.5,0.31093795093795096,0.2663395863395863,0.22136604136604135,0.20135642135642132
342,342.0,343.5,0.31093795093795096,0.2663395863395863,0.22136604136604135,0.20135642135642132
343,343.0,344.5,0.31093795093795096,0.2663395863395863,0.22136604136604135,0.20135642135642132
344,344.0,345.5,0.31093795093795096,0.2663395863395863,0.22136604136604135,0.20135642135642132
345,345.0,346.5,0.31093795093795096,0.2663395863395863,0.22136604136604135,0.20135642135642132
346,346.0,347.5,0.31093795093795096,0.2663395863395863,0.22136604136604135,0.20135642135642132
347,347.0,348.5,0.31093795093795096,0.2663395863395863,0.22136604136604135,0.20135642135642132
348,348.0,349.5,0.31232683982683984,0.2679599567099567,0.22182900432900432,0.1978841991341991
349,349.0,350.5,0.31232683982683984,0.2679599567099567,0.22182900432900432,0.1978841991341991
350,350.0,351.5,0.31377241805813233,0.26698206555349413,0.22140383426097712,0.1978416821273964
351,351.0,352.5,0.31377241805813233,0.26698206555349413,0.22140383426097712,0.1978416821273964
352,352.0,353.5,0.31173160173160175,0.26902288188002477,0.22140383426097712,0.1978416821273964
353,353.0,354.5,0.31173160173160175,0.26902288188002477,0.22140383426097712,0.1978416821273964
354,354.0,355.5,0.31173160173160175,0.26902288188002477,0.22140383426097712,0.1978416821273964
355,355.0,356.5,0.31232683982683984,0.27004329004329003,0.21974567099567102,0.1978841991341991
356,356.0,357.5,0.31232683982683984,0.27004329004329003,0.21974567099567102,0.1978841991341991
357,357.0,358.5,0.31232683982683984,0.27004329004329003,0.21974567099567102,0.1978841991341991
358,358.0,359.5,0.28946969696969693,0.27575757575757576,0.23117424242424245,0.2035984848484848
359,359.0,360.5,0.28946969696969693,0.27575757575757576,0.23117424242424245,0.2035984848484848
360,360.0,361.5,0.30446969696969695,0.30742424242424243,0.2061742424242424,0.18193181818181817
361,361.0,362.5,0.31446969696969695,0.3040909090909091,0.20284090909090907,0.1785984848484848
362,362.0,363.5,0.32161255411255407,0.3017099567099567,0.2004599567099567,0.17621753246753244
363,363.0,364.5,0.32161255411255407,0.2817099567099567,0.2204599567099567,0.17621753246753244
364,364.0,365.5,0.32161255411255407,0.2817099567099567,0.2204599567099567,0.17621753246753244
365,365.0,366.5,0.3182792207792208,0.29504329004329005,0.21379329004329,0.1728841991341991
366,366.0,367.5,0.3182792207792208,0.29504329004329005,0.21379329004329,0.1728841991341991
367,367.0,368.5,0.3111363636363636,0.2932575757575758,0.22450757575757577,0.17109848484848483
368,368.0,369.5,0.3111363636363636,0.2932575757575758,0.22450757575757577,0.17109848484848483
369,369.0,370.5,0.3111363636363636,0.2932575757575758,0.22450757575757577,0.17109848484848483
370,370.0,371.5,0.31446969696969695,0.2799242424242424,0.21117424242424238,0.19443181818181815
371,371.0,372.5,0.31446969696969695,0.2799242424242424,0.21117424242424238,0.19443181818181815
372,372.0,373.5,0.31446969696969695,0.2799242424242424,0.21117424242424238,0.19443181818181815
373,373.0,374.5,0.3111363636363636,0.27659090909090905,0.20784090909090908,0.20443181818181816
374,374.0,375.5,0.3230411255411255,0.2742099567099567,0.2054599567099567,0.197288961038961
375,375.0,376.5,0.31946969696969696,0.2724242424242424,0.20367424242424242,0.20443181818181816
376,376.0,377.5,0.31946969696969696,0.2724242424242424,0.20367424242424242,0.20443181818181816
377,377.0,378.6,0.31946969696969696,0.2724242424242424,0.20367424242424242,0.20443181818181816
378,378.0,379.6,0.31946969696969696,0.2724242424242424,0.20367424242424242,0.20443181818181816
379,379.0,380.6,0.31946969696969696,0.2724242424242424,0.20367424242424242,0.20443181818181816
380,380.0,381.6,0.31946969696969696,0.2724242424242424,0.20367424242424242,0.20443181818181816
381,381.0,382.6,0.30946969696969695,0.2799242424242424,0.19867424242424242,0.21193181818181817
382,382.0,383.6,0.29796068796068786,0.28334766584766585,0.20947379197379196,0.20921785421785416
383,383.0,384.6,0.2973205741626794,0.2844856459330144,0.20904704944178626,0.20914673046251991
384,384.0,385.6,0.2973205741626794,0.2844856459330144,0.20904704944178626,0.20914673046251991
385,385.0,386.6,0.2999521531100478,0.2818540669856459,0.20904704944178626,0.20914673046251991
386,386.0,387.6,0.2999521531100478,0.2818540669856459,0.20904704944178626,0.20914673046251991
387,387.0,388.6,0.28328548644338114,0.2844856459330144,0.2230821371610845,0.20914673046251991
388,388.0,389.6,0.28261072261072256,0.28556526806526805,0.22274475524475523,0.209079254079254
389,389.0,390.6,0.2945154845154845,0.2831843156843157,0.21560189810189806,0.20669830169830164
390,390.0,391.6,0.2945154845154845,0.2831843156843157,0.21560189810189806,0.20669830169830164
391,391.0,392.6,0.2945154845154845,0.2831843156843157,0.21560189810189806,0.20669830169830164
392,392.0,393.6,0.2945154845154845,0.2831843156843157,0.21560189810189806,0.20669830169830164
393,393.0,394.6,0.2945154845154845,0.2831843156843157,0.21560189810189806,0.20669830169830164
394,394.0,395.6,0.2997077922077922,0.28837662337662334,0.20194805194805193,0.20996753246753244
395,395.0,396.6,0.2997077922077922,0.28837662337662334,0.20194805194805193,0.20996753246753244
396,396.0,397.6,0.29887445887445885,0.29587662337662335,0.19861471861471858,0.20663419913419911
397,397.0,398.6,0.2957617991764333,0.3041170414950903,0.19592888818498572,0.20419227114349062
398,398.0,399.6,0.29506493506493503,0.3051623376623377,0.1956385281385281,0.20413419913419908
399,399.0,400.6,0.29440048323769247,0.3038334340078526,0.19768725460585923,0.20407882814859554
400,400.0,401.6,0.29376623376623373,0.30256493506493504,0.19964285714285712,0.204025974025974
401,401.0,402.6,0.29538239538239536,0.30135281385281387,0.19928932178932177,0.20397546897546892
402,402.0,403.6,0.2969282891022021,0.30019339356295877,0.19895115753811404,0.203927159796725
403,403.0,404.6,0.2901425748164878,0.33305053642010163,0.20466544325239971,0.17214144551101068
404,404.0,405.6,0.28680924148315445,0.34305053642010164,0.20133210991906642,0.16880811217767738
405,405.0,406.6,0.28748556998556996,0.3442099567099567,0.1994480519480519,0.16885642135642134
406,406.0,407.6,0.28347590814982115,0.32388386975343497,0.21466544325239972,0.17797477884434404
407,407.0,408.6,0.28828935249148013,0.29277378649719077,0.21767500230266185,0.2012618587086672
408,408.0,409.6,0.28828935249148013,0.29277378649719077,0.21767500230266185,0.2012618587086672
409,409.0,410.6,0.2849560191581468,0.3061071198305241,0.2143416689693285,0.19459519204200051
410,410.0,411.6,0.2849560191581468,0.3061071198305241,0.2143416689693285,0.19459519204200051
411,411.0,412.6,0.2903823953823953,0.2801226551226551,0.2288528138528138,0.2006421356421356
412,412.0,413.6,0.2903823953823953,0.2801226551226551,0.2288528138528138,0.2006421356421356
413,413.0,414.6,0.2903823953823953,0.2801226551226551,0.2288528138528138,0.2006421356421356
414,414.0,415.6,0.2903823953823953,0.2801226551226551,0.2288528138528138,0.2006421356421356
415,415.0,416.6,0.2903823953823953,0.2801226551226551,0.2288528138528138,0.2006421356421356
416,416.0,417.6,0.2903823953823953,0.2801226551226551,0.2288528138528138,0.2006421356421356
417,417.0,418.6,0.2903823953823953,0.2801226551226551,0.2288528138528138,0.2006421356421356
418,418.0,419.6,0.3103823953823953,0.2601226551226551,0.2288528138528138,0.2006421356421356
419,419.0,420.6,0.3097105607570723,0.26007097553609176,0.22947296889157354,0.20074549481526222
420,420.0,421.6,0.3097105607570723,0.26007097553609176,0.22947296889157354,0.20074549481526222
421,421.0,422.7,0.3097105607570723,0.27435668982180605,0.21518725460585922,0.20074549481526222
422,422.0,423.7,0.3078571428571428,0.2565800865800866,0.19820346320346316,0.23735930735930735
423,423.0,424.7,0.3078571428571428,0.2565800865800866,0.19820346320346316,0.23735930735930735
424,424.0,425.7,0.31023809523809515,0.23277056277056274,0.2172510822510822,0.23974025974025973
425,425.0,426.7,0.3045238095238095,0.2389610389610389,0.20915584415584415,0.24735930735930736
426,426.0,427.7,0.3027380952380952,0.23360389610389606,0.20558441558441554,0.25807359307359307
427,427.0,428.7,0.3027380952380952,0.23360389610389606,0.20558441558441554,0.25807359307359307
428,428.0,429.7,0.3027380952380952,0.23360389610389606,0.20558441558441554,0.25807359307359307
429,429.0,430.7,0.3027380952380952,0.23360389610389606,0.20558441558441554,0.25807359307359307
430,430.0,431.7,0.3027380952380952,0.23360389610389606,0.20558441558441554,0.25807359307359307
431,431.0,432.8,0.3260714285714285,0.2369372294372294,0.2089177489177489,0.22807359307359304
432,432.0,433.8,0.31940476190476186,0.23360389610389606,0.2222510822510822,0.22474025974025968
433,433.0,434.8,0.3164285714285714,0.20800865800865798,0.23534632034632033,0.2402164502164502
434,434.0,435.8,0.32714285714285707,0.2062229437229437,0.23177489177489172,0.23485930735930735
435,435.0,436.8,0.3304761904761904,0.22955627705627704,0.2351082251082251,0.20485930735930732
436,436.0,437.8,0.32769841269841266,0.22816738816738816,0.23233044733044728,0.2118037518037518
437,437.0,438.8,0.3243650793650793,0.22150072150072148,0.24566378066378064,0.20847041847041842
438,438.0,439.8,0.3243650793650793,0.22150072150072148,0.24566378066378064,0.20847041847041842
439,439.0,440.8,0.3332936507936507,0.21971500721500722,0.24030663780663777,0.20668470418470414
440,440.0,441.8,0.3309126984126983,0.21495310245310245,0.23554473304473303,0.21858946608946606
441,441.0,442.9,0.3309126984126983,0.22745310245310243,0.22304473304473302,0.21858946608946606
442,442.0,443.9,0.3267460317460317,0.22467532467532467,0.23137806637806638,0.21720057720057717
443,443.0,444.9,0.3267460317460317,0.22467532467532467,0.23137806637806638,0.21720057720057717
444,444.0,445.9,0.3267460317460317,0.22467532467532467,0.23137806637806638,0.21720057720057717
445,445.0,446.9,0.3267460317460317,0.22467532467532467,0.23137806637806638,0.21720057720057717
446,446.0,447.9,0.3267460317460317,0.22467532467532467,0.23137806637806638,0.21720057720057717
447,447.0,448.9,0.3267460317460317,0.22467532467532467,0.23137806637806638,0.21720057720057717
448,448.0,449.9,0.32912698412698405,0.2294372294372294,0.21947330447330443,0.22196248196248192
449,449.0,450.9,0.341031746031746,0.22467532467532467,0.21709235209235206,0.21720057720057717
450,450.0,451.9,0.3476984126984127,0.22800865800865805,0.22042568542568536,0.20386724386724384
451,451.0,452.9,0.3476984126984127,0.22800865800865805,0.22042568542568536,0.20386724386724384
452,452.0,453.9,0.3441269841269841,0.23693722943722945,0.21863997113997113,0.20029581529581528
453,453.0,454.9,0.34134920634920635,0.2327705627705628,0.2172510822510822,0.20862914862914864
454,454.0,455.9,0.33912698412698405,0.22943722943722947,0.2161399711399711,0.21529581529581526
455,455.0,456.9,0.33912698412698405,0.22943722943722947,0.2161399711399711,0.21529581529581526
456,456.0,457.9,0.33912698412698405,0.22943722943722947,0.2161399711399711,0.21529581529581526
457,457.0,458.9,0.34912698412698406,0.22610389610389608,0.21280663780663778,0.21196248196248196
458,458.0,459.9,0.34912698412698406,0.22610389610389608,0.21280663780663778,0.21196248196248196
459,459.0,460.9,0.33246031746031746,0.22610389610389608,0.22947330447330447,0.21196248196248196
460,460.0,461.9,0.3249603174603174,0.2211038961038961,0.23197330447330447,0.22196248196248192
461,461.0,462.9,0.3249603174603174,0.2211038961038961,0.23197330447330447,0.22196248196248192
462,462.0,463.9,0.32019841269841265,0.21872294372294374,0.241497113997114,0.21958152958152954
463,463.0,465.0,0.3166269841269841,0.21693722943722946,0.24863997113997116,0.21779581529581526
464,464.0,466.0,0.31440476190476185,0.22582611832611832,0.26641774891774894,0.19335137085137083
465,465.0,467.0,0.31440476190476185,0.22582611832611832,0.26641774891774894,0.19335137085137083
466,466.0,468.0,0.31440476190476185,0.22582611832611832,0.26641774891774894,0.19335137085137083
467,467.0,469.0,0.3058333333333333,0.251540404040404,0.24356060606060606,0.19906565656565656
468,468.0,470.0,0.3108333333333333,0.26570707070707067,0.20689393939393935,0.21656565656565654
469,469.0,471.0,0.3302380952380952,0.25356421356421355,0.232012987012987,0.18418470418470417
470,470.0,472.0,0.3358333333333333,0.24487373737373735,0.24022727272727273,0.17906565656565657
471,471.0,473.0,0.33166666666666667,0.2407070707070707,0.2388383838383838,0.18878787878787878
472,472.0,474.0,0.3183333333333333,0.25737373737373737,0.2377272727272727,0.18656565656565655
473,473.0,475.0,0.335,0.25737373737373737,0.221060606060606,0.18656565656565655
474,474.0,476.0,0.3302380952380953,0.254992784992785,0.2305844155844156,0.18418470418470417
475,475.0,477.0,0.3302380952380953,0.254992784992785,0.2305844155844156,0.18418470418470417
476,476.0,478.0,0.35023809523809524,0.254992784992785,0.21058441558441557,0.18418470418470417
477,477.0,479.0,0.36023809523809525,0.23749278499278495,0.21308441558441554,0.18918470418470418
478,478.0,480.0,0.3616666666666667,0.23987373737373732,0.20689393939393935,0.19156565656565655
479,479.0,481.0,0.3616666666666667,0.23987373737373732,0.20689393939393935,0.19156565656565655
480,480.0,482.0,0.38166666666666665,0.21987373737373733,0.20689393939393935,0.19156565656565655
481,481.0,483.0,0.39166666666666666,0.21654040404040398,0.20356060606060603,0.18823232323232322
482,482.0,484.0,0.39166666666666666,0.21654040404040398,0.20356060606060603,0.18823232323232322
483,483.0,485.0,0.39166666666666666,0.21654040404040398,0.20356060606060603,0.18823232323232322
484,484.0,486.0,0.39166666666666666,0.21654040404040398,0.20356060606060603,0.18823232323232322
485,485.0,487.1,0.375,0.23320707070707067,0.20356060606060603,0.18823232323232322
486,486.0,488.1,0.375,0.23320707070707067,0.20356060606060603,0.18823232323232322
487,487.0,489.1,0.375,0.23320707070707067,0.20356060606060603,0.18823232323232322
488,488.0,490.1,0.375,0.23320707070707067,0.20356060606060603,0.18823232323232322
489,489.0,491.1,0.38452380952380955,0.2284451659451659,0.18117965367965363,0.20585137085137087
490,490.0,492.1,0.38452380952380955,0.2284451659451659,0.18117965367965363,0.20585137085137087
491,491.0,493.1,0.38452380952380955,0.2284451659451659,0.18117965367965363,0.20585137085137087
492,492.0,494.1,0.3869321029847345,0.22475298093719145,0.16947311460469353,0.2188418014733804
493,493.0,495.1,0.3869321029847345,0.22475298093719145,0.16947311460469353,0.2188418014733804
494,494.0,496.1,0.3816689450899977,0.23001613883192826,0.16947311460469353,0.2188418014733804
495,495.0,497.1,0.39833561175666443,0.23001613883192826,0.16947311460469353,0.2021751348067137
496,496.0,498.1,0.39833561175666443,0.23001613883192826,0.16947311460469353,0.2021751348067137
497,497.0,499.1,0.39833561175666443,0.23001613883192826,0.16947311460469353,0.2021751348067137
498,498.0,500.1,0.39833561175666443,0.23001613883192826,0.16947311460469353,0.2021751348067137
499,499.0,501.1,0.40149350649350646,0.22738455988455986,0.16920995670995667,0.20191197691197688
500,500.0,502.1,0.40149350649350646,0.22738455988455986,0.16920995670995667,0.20191197691197688
501,501.0,503.1,0.40149350649350646,0.22738455988455986,0.16920995670995667,0.20191197691197688
502,502.0,504.1,0.40149350649350646,0.22738455988455986,0.16920995670995667,0.20191197691197688
503,503.0,505.1,0.3853030303030303,0.2421464646464646,0.17825757575757573,0.19429292929292927
504,504.0,506.1,0.37863636363636366,0.2554797979797979,0.17492424242424237,0.19095959595959594
505,505.0,507.1,0.37387445887445886,0.26500360750360746,0.17254329004329,0.18857864357864357
506,506.0,508.1,0.37387445887445886,0.26500360750360746,0.17254329004329,0.18857864357864357
507,507.0,509.1,0.37387445887445886,0.26500360750360746,0.17254329004329,0.18857864357864357
508,508.0,510.1,0.37387445887445886,0.26500360750360746,0.17254329004329,0.18857864357864357
509,509.0,511.1,0.37387445887445886,0.26500360750360746,0.17254329004329,0.18857864357864357
510,510.0,512.1,0.37387445887445886,0.26500360750360746,0.17254329004329,0.18857864357864357
511,511.0,513.2,0.37054112554112556,0.2583369408369408,0.18587662337662333,0.1852453102453102
512,512.0,514.2,0.37054112554112556,0.2583369408369408,0.18587662337662333,0.1852453102453102
513,513.0,515.2,0.3681601731601732,0.25357503607503606,0.18111471861471856,0.19715007215007213
514,514.0,516.2,0.3663744588744589,0.25000360750360745,0.19004329004329001,0.19357864357864357
515,515.0,517.2,0.3663744588744589,0.25000360750360745,0.19004329004329001,0.19357864357864357
516,516.0,518.2,0.3663744588744589,0.25000360750360745,0.19004329004329001,0.19357864357864357
517,517.0,519.2,0.3663744588744589,0.25000360750360745,0.19004329004329001,0.19357864357864357
518,518.0,520.2,0.3681601731601732,0.25357503607503606,0.19540043290043285,0.18286435786435784
519,519.0,521.2,0.3663744588744589,0.26250360750360746,0.19004329004329001,0.18107864357864356
520,520.0,522.2,0.3663744588744589,0.26250360750360746,0.19004329004329001,0.18107864357864356
521,521.0,523.2,0.36498556998557,0.2694480519480519,0.18587662337662333,0.17968975468975465
522,522.0,524.2,0.3638744588744589,0.26500360750360746,0.18754329004329,0.18357864357864356
523,523.0,525.2,0.3638744588744589,0.26500360750360746,0.18754329004329,0.18357864357864356
524,524.0,526.2,0.3638744588744589,0.26500360750360746,0.18754329004329,0.18357864357864356
525,525.0,527.2,0.3638744588744589,0.26500360750360746,0.18754329004329,0.18357864357864356
526,526.0,528.3,0.36498556998557,0.25944805194805187,0.19087662337662334,0.18468975468975465
527,527.0,529.3,0.36498556998557,0.25944805194805187,0.19087662337662334,0.18468975468975465
528,528.0,530.3,0.36498556998557,0.25944805194805187,0.19087662337662334,0.18468975468975465
529,529.0,531.3,0.3564141414141414,0.25659090909090904,0.19659090909090904,0.19040404040404038
530,530.0,532.3,0.35308080808080805,0.24992424242424235,0.1932575757575757,0.2037373737373737
531,531.0,533.3,0.35308080808080805,0.24992424242424235,0.1932575757575757,0.2037373737373737
532,532.0,534.3,0.35196969696969693,0.2554797979797979,0.18992424242424238,0.20262626262626257
533,533.0,535.3,0.35530303030303034,0.2621464646464646,0.19325757575757574,0.18929292929292926
534,534.0,536.3,0.35196969696969693,0.2554797979797979,0.20659090909090905,0.18595959595959594
535,535.0,537.3,0.35196969696969693,0.24547979797979794,0.21659090909090906,0.18595959595959594
536,536.0,538.3,0.351060606060606,0.25093434343434334,0.2129545454545454,0.18505050505050502
537,537.0,539.4,0.351060606060606,0.25093434343434334,0.2129545454545454,0.18505050505050502
538,538.0,540.4,0.351060606060606,0.25093434343434334,0.2129545454545454,0.18505050505050502
539,539.0,541.4,0.351060606060606,0.25093434343434334,0.2129545454545454,0.18505050505050502
540,540.0,542.4,0.351060606060606,0.25093434343434334,0.2129545454545454,0.18505050505050502
541,541.0,543.4,0.351060606060606,0.25093434343434334,0.2129545454545454,0.18505050505050502
542,542.0,544.4,0.351060606060606,0.25093434343434334,0.2129545454545454,0.18505050505050502
543,543.0,545.4,0.351060606060606,0.25093434343434334,0.2129545454545454,0.18505050505050502
544,544.0,546.4,0.351060606060606,0.25093434343434334,0.2129545454545454,0.18505050505050502
545,545.0,547.4,0.351060606060606,0.25093434343434334,0.2129545454545454,0.18505050505050502
546,546.0,548.4,0.351060606060606,0.25093434343434334,0.2129545454545454,0.18505050505050502
547,547.0,549.4,0.351060606060606,0.25093434343434334,0.2129545454545454,0.18505050505050502
548,548.0,550.4,0.351060606060606,0.25093434343434334,0.2129545454545454,0.18505050505050502
549,549.0,551.4,0.351060606060606,0.25093434343434334,0.2129545454545454,0.18505050505050502
550,550.0,552.4,0.351060606060606,0.25093434343434334,0.2129545454545454,0.18505050505050502
