,Unnamed: 0,Total_iterations,Add_vertex,Delete_vertex,Insert_inside_vertex,Delete_inside_vertex
0,0.0,0.0,0.25,0.25,0.25,0.25
1,1.0,0.10900000000000001,0.25,0.25,0.25,0.25
2,2.0,0.31601,0.25,0.25,0.25,0.25
3,3.0,0.6191589000000001,0.25,0.25,0.25,0.25
4,4.0,1.015801321,0.25,0.25,0.25,0.25
5,5.0,1.50262148669,0.25,0.25,0.25,0.25
6,6.0,2.0757334209441005,0.25,0.25,0.25,0.25
7,7.0,2.7307768275633495,0.25,0.25,0.25,0.25
8,8.0,3.4630081252450404,0.25,0.25,0.25,0.25
9,9.0,4.2673862119061114,0.25,0.25,0.25,0.25
10,10.0,5.138652627782014,0.25,0.25,0.25,0.25
11,11.0,6.071405875792507,0.25,0.25,0.25,0.25
12,12.0,7.060169740244025,0.25,0.25,0.25,0.25
13,13.0,8.099455520847952,0.25,0.25,0.25,0.25
14,14.0,9.183818168183006,0.25,0.25,0.25,0.25
15,15.0,10.307906369102724,0.25,0.25,0.25,0.25
16,16.0,11.466506686239443,0.25,0.25,0.25,0.25
17,17.0,12.654581904800096,0.25,0.25,0.25,0.25
18,18.0,13.867303782456686,0.25,0.25,0.25,0.25
19,19.0,15.100080434523047,0.25,0.25,0.25,0.25
20,20.0,16.348578617037543,0.25,0.25,0.25,0.25
21,21.0,17.608741195130214,0.25,0.25,0.25,0.25
22,22.0,18.876800103462312,0.25,0.25,0.25,0.25
23,23.0,20.14928511992658,0.25,0.25,0.25,0.25
24,24.0,21.423028783545156,0.25,0.25,0.25,0.25
25,25.0,22.695167792966423,0.25,0.25,0.25,0.25
26,26.0,23.963141223515898,0.25,0.25,0.25,0.25
27,27.0,25.224685898775267,0.25,0.25,0.25,0.25
28,28.0,26.477829247520948,0.25,0.25,0.25,0.25
29,29.0,27.720879968916847,0.25,0.25,0.25,0.25
30,30.0,28.95241681848399,0.25,0.25,0.25,0.25
31,31.0,30.17127581490958,0.25,0.25,0.25,0.25
32,32.0,31.376536153543515,0.25,0.25,0.25,0.25
33,33.0,32.567505096778625,0.25,0.25,0.25,0.25
34,34.0,33.74370209472243,0.25,0.25,0.25,0.25
35,35.0,34.90484237192463,0.25,0.25,0.25,0.25
36,36.0,36.05082019768737,0.25,0.25,0.25,0.25
37,37.0,37.18169203889697,0.25,0.25,0.25,0.25
38,38.0,38.29765977559663,0.25,0.25,0.25,0.25
39,39.0,39.399054140870355,0.25,0.25,0.25,0.25
40,40.0,40.48631852820801,0.25,0.25,0.25,0.25
41,41.0,41.55999329152982,0.25,0.25,0.25,0.25
42,42.0,42.62070064560415,0.25,0.25,0.25,0.25
43,43.0,43.669130257815,0.25,0.25,0.25,0.25
44,44.0,44.70602560622662,0.25,0.25,0.25,0.25
45,45.0,45.73217116373481,0.25,0.25,0.25,0.25
46,46.0,46.748380453854836,0.25,0.25,0.25,0.25
47,47.0,47.755485010424316,0.25,0.25,0.25,0.25
48,48.0,48.7543242612326,0.25,0.25,0.25,0.25
49,49.0,49.745736344347726,0.25,0.25,0.25,0.25
50,50.0,50.730549855707864,0.25,0.25,0.25,0.25
51,51.0,51.70957651737491,0.25,0.25,0.25,0.25
52,52.0,52.68360474770151,0.25,0.25,0.25,0.25
53,53.0,53.65339410751842,0.25,0.25,0.25,0.25
54,54.0,54.61967059027847,0.25,0.25,0.25,0.25
55,55.0,55.58312271885972,0.25,0.25,0.25,0.25
56,56.0,56.544398407394254,0.25,0.25,0.25,0.25
57,57.0,57.504102543001395,0.25,0.25,0.25,0.25
58,58.0,58.462795239617805,0.25,0.25,0.25,0.25
59,59.0,59.42099071417639,0.25,0.25,0.25,0.25
60,60.0,60.379156734137354,0.25,0.25,0.25,0.25
61,61.0,61.337714584760846,0.25,0.25,0.25,0.25
62,62.0,62.29703950447439,0.25,0.25,0.25,0.25
63,63.0,63.257461537171835,0.25,0.25,0.25,0.25
64,64.0,64.21926675122782,0.25,0.25,0.25,0.25
65,65.0,65.18269877636592,0.25,0.25,0.25,0.25
66,66.0,66.14796061122655,0.25,0.25,0.25,0.25
67,67.0,67.11521665648885,0.25,0.25,0.25,0.25
68,68.0,68.08459493066005,0.25,0.25,0.25,0.25
69,69.0,69.05618942810752,0.25,0.25,0.25,0.25
70,70.0,70.03006258152917,0.25,0.25,0.25,0.25
71,71.0,71.00624779379335,0.25,0.25,0.25,0.25
72,72.0,71.98475200689319,0.25,0.25,0.25,0.25
73,73.0,72.96555827861411,0.25,0.25,0.25,0.25
74,74.0,73.94862834037681,0.25,0.25,0.25,0.25
75,75.0,74.93390511255946,0.25,0.25,0.25,0.25
76,76.0,75.92131515639825,0.25,0.25,0.25,0.25
77,77.0,76.91077104428919,0.25,0.25,0.25,0.25
78,78.0,77.90217363294813,0.25,0.25,0.25,0.25
79,79.0,78.89541422641172,0.25,0.25,0.25,0.25
80,80.0,79.89037661826481,0.25,0.25,0.25,0.25
81,81.0,80.88693900474995,0.25,0.25,0.25,0.25
82,82.0,81.88497576253909,0.25,0.25,0.25,0.25
83,83.0,82.9043590869239,0.25,0.25,0.25,0.25
84,84.0,83.92476048800101,0.25,0.25,0.25,0.25
85,85.0,84.94587414409038,0.25,0.25,0.25,0.25
86,86.0,85.96741769312992,0.25,0.25,0.25,0.25
87,87.0,86.9891327103342,0.25,0.25,0.25,0.25
88,88.0,88.01078489871472,0.25,0.25,0.25,0.25
89,89.0,89.04216401927005,0.25,0.25,0.25,0.25
90,90.0,90.08298358757715,0.25,0.25,0.25,0.25
91,91.0,91.12289136317774,0.25,0.25,0.25,0.25
92,92.0,92.1615794475865,0.25,0.25,0.25,0.25
93,93.0,93.19878292907853,0.25,0.25,0.25,0.25
94,94.0,94.23427823313058,0.25,0.25,0.25,0.25
95,95.0,95.26788122444611,0.25,0.25,0.25,0.25
96,96.0,96.29944510438563,0.25,0.25,0.25,0.25
97,97.0,97.32885814528734,0.25,0.25,0.25,0.25
98,98.0,98.366041300646,0.25,0.25,0.25,0.25
99,99.0,99.41084572746234,0.25,0.25,0.25,0.25
100,100.0,100.45306125432242,0.25,0.25,0.25,0.25
101,101.0,101.49252461595327,0.25,0.25,0.25,0.25
102,102.0,102.52911639526151,0.25,0.25,0.25,0.25
103,103.0,103.5627578326863,0.25,0.25,0.25,0.25
104,104.0,104.59340754804174,0.25,0.25,0.25,0.25
105,105.0,105.62105821638123,0.25,0.25,0.25,0.25
106,106.0,106.64573323572296,0.25,0.25,0.25,0.25
107,107.0,107.66748342077328,0.25,0.25,0.25,0.25
108,108.0,108.68638375311085,0.25,0.25,0.25,0.25
109,109.0,109.70253021468355,0.25,0.25,0.25,0.25
110,110.0,110.71603672795214,0.25,0.25,0.25,0.25
111,111.0,111.72703222261434,0.25,0.25,0.25,0.25
112,112.0,112.7356578455842,0.25,0.25,0.25,0.25
113,113.0,113.74206432780122,0.25,0.25,0.25,0.25
114,114.0,114.74640951851853,0.25,0.25,0.25,0.25
115,115.0,115.74885609497893,0.25,0.25,0.25,0.25
116,116.0,116.74956945284349,0.25,0.25,0.25,0.25
117,117.0,117.74871578039317,0.25,0.25,0.25,0.25
118,118.0,118.74646031738394,0.25,0.25,0.25,0.25
119,119.0,119.7429657975018,0.25,0.25,0.25,0.25
120,120.0,120.73839107163285,0.25,0.25,0.25,0.25
121,121.0,121.73288990763446,0.25,0.25,0.25,0.25
122,122.0,122.72660996095958,0.25,0.25,0.25,0.25
123,123.0,123.71969190934259,0.25,0.25,0.25,0.25
124,124.0,124.71226874379386,0.25,0.25,0.25,0.25
125,125.0,125.70446520736206,0.25,0.25,0.25,0.25
126,126.0,126.69639737249983,0.25,0.25,0.25,0.25
127,127.0,127.68817234739883,0.25,0.25,0.25,0.25
128,128.0,128.67988810133392,0.25,0.25,0.25,0.25
129,129.0,129.67163339886218,0.25,0.25,0.25,0.25
130,130.0,130.663487832649,0.25,0.25,0.25,0.25
131,131.0,131.65552194473062,0.25,0.25,0.25,0.25
132,132.0,132.64779742615679,0.25,0.25,0.25,0.25
133,133.0,133.64036738517876,0.25,0.25,0.25,0.25
134,134.0,134.63327667444676,0.25,0.25,0.25,0.25
135,135.0,135.62656226804347,0.25,0.25,0.25,0.25
136,136.0,136.6202536796001,0.25,0.25,0.25,0.25
137,137.0,137.61437341320507,0.25,0.25,0.25,0.25
138,138.0,138.6089374393175,0.25,0.25,0.25,0.25
139,139.0,139.6039556884255,0.25,0.25,0.25,0.25
140,140.0,140.59943255573842,0.25,0.25,0.25,0.25
141,141.0,141.59536741076266,0.25,0.25,0.25,0.25
142,142.0,142.5917551061769,0.25,0.25,0.25,0.25
143,143.0,143.58858648098794,0.25,0.25,0.25,0.25
144,144.0,144.585848853508,0.25,0.25,0.25,0.25
145,145.0,145.58352650024096,0.25,0.25,0.25,0.25
146,146.0,146.58160111729822,0.25,0.25,0.25,0.25
147,147.0,147.58005226147677,0.25,0.25,0.25,0.25
148,148.0,148.5788577686227,0.25,0.25,0.25,0.25
149,149.0,149.5779941473678,0.25,0.25,0.25,0.25
150,150.0,150.57743694676475,0.25,0.25,0.25,0.25
151,151.0,151.57716109675434,0.25,0.25,0.25,0.25
152,152.0,152.5771412207774,0.25,0.25,0.25,0.25
153,153.0,153.57735192019038,0.25,0.25,0.25,0.25
154,154.0,154.5777680304602,0.25,0.25,0.25,0.25
155,155.0,155.5783648493984,0.25,0.25,0.25,0.25
156,156.0,156.5791183379488,0.25,0.25,0.25,0.25
157,157.0,157.58000529426468,0.25,0.25,0.25,0.25
158,158.0,158.5810035020063,0.25,0.25,0.25,0.25
159,159.0,159.58209185395373,0.25,0.25,0.25,0.25
160,160.0,160.59325045216687,0.25,0.25,0.25,0.25
161,161.0,161.604360686037,0.25,0.25,0.25,0.25
162,162.0,162.6153162896598,0.25,0.25,0.25,0.25
163,163.0,163.6260231700237,0.25,0.25,0.25,0.25
164,164.0,164.63639913065097,0.25,0.25,0.25,0.25
165,165.0,165.666373503909,0.25,0.25,0.25,0.25
166,166.0,166.69568670480214,0.25,0.25,0.25,0.25
167,167.0,167.72411171855794,0.25,0.25,0.25,0.25
168,168.0,168.75145311375258,0.25,0.25,0.25,0.25
169,169.0,169.77754583829022,0.25,0.25,0.25,0.25
170,170.0,170.8022538319912,0.25,0.25,0.25,0.25
171,171.0,171.82546848800217,0.25,0.25,0.25,0.25
172,172.0,172.84710699353204,0.25,0.25,0.25,0.25
173,173.0,173.8671105785736,0.25,0.25,0.25,0.25
174,174.0,174.88544269932527,0.25,0.25,0.25,0.25
175,175.0,175.9020871810085,0.25,0.25,0.25,0.25
176,176.0,176.91704634271335,0.25,0.25,0.25,0.25
177,177.0,177.93033912482056,0.25,0.25,0.25,0.25
178,178.0,178.95199923746887,0.25,0.25,0.25,0.25
179,179.0,179.97197334647765,0.25,0.25,0.25,0.25
180,180.0,180.99023031112077,0.25,0.25,0.25,0.25
181,181.0,182.00675927618835,0.25,0.25,0.25,0.25
182,182.0,183.02156775198733,0.25,0.25,0.25,0.25
183,183.0,184.03467970268653,0.25,0.25,0.25,0.25
184,184.0,185.04613366128893,0.25,0.25,0.25,0.25
185,185.0,186.0559808874182,0.25,0.25,0.25,0.25
186,186.0,187.06428358206037,0.25,0.25,0.25,0.25
187,187.0,188.07111317141772,0.25,0.25,0.25,0.25
188,188.0,189.07654867012516,0.25,0.25,0.25,0.25
189,189.0,190.0806751322606,0.25,0.25,0.25,0.25
190,190.0,191.0835821968599,0.25,0.25,0.25,0.25
191,191.0,192.0853627330307,0.25,0.25,0.25,0.25
192,192.0,193.0861115882541,0.25,0.25,0.25,0.25
193,193.0,194.0859244420726,0.25,0.25,0.25,0.25
194,194.0,195.08489676608855,0.25,0.25,0.25,0.25
195,195.0,196.08312289004198,0.25,0.25,0.25,0.25
196,196.0,197.08069517269968,0.25,0.25,0.25,0.25
197,197.0,198.0777032753646,0.25,0.25,0.25,0.25
198,198.0,199.0742335350094,0.25,0.25,0.25,0.25
199,199.0,200.0703684333396,0.2495,0.2515,0.2495,0.2495
200,200.0,201.0661861575034,0.24983833333333333,0.2518183333333333,0.2501716666666667,0.24817166666666668
201,201.0,202.0617602476758,0.25017778333333335,0.2521199833333333,0.25084111666666664,0.24686111666666669
202,202.0,203.05715932635422,0.25001484383333333,0.25190360183333327,0.2510018771666666,0.2470796771666667
203,203.0,204.05244690390123,0.249518049845,0.2513398224649999,0.250486542845,0.24865558484500005
204,204.0,205.04768125465452,0.24902575475705,0.25076902280884994,0.24996787652705,0.25023734590705005
205,205.0,206.04291535778594,0.24830433639222926,0.25138808908070265,0.24897520759943403,0.2513323669276341
206,206.0,207.03819689702635,0.24691963554758736,0.25239327259646777,0.24713729158382342,0.2535498002721215
207,207.0,208.03356831337248,0.2450903195430449,0.25263233836802507,0.2447173498094912,0.25755999227943893
208,208.0,209.02906690495027,0.2431930319435262,0.2535211741787464,0.2421255620478306,0.2611602318298969
209,209.0,210.02472496832078,0.24217172460270595,0.2540222783029718,0.2394232125933729,0.2643827845009495
210,210.0,211.02056997567104,0.24121264893175884,0.2544966855953813,0.23681201747357877,0.2674786479992812
211,211.0,212.01662478252956,0.24031917252040705,0.2549423216662324,0.23430897320617977,0.270429532607181
212,212.0,213.01290786087694,0.23949367020680454,0.2553576072769724,0.2319282951486104,0.27322042736761293
213,213.0,214.0094335527808,0.23873759960431243,0.25574142461750504,0.22968155346046337,0.2758394223177194
214,214.0,215.00621233996645,0.23998339642966277,0.25495671870508213,0.22825964010349614,0.27680024476175924
215,215.0,216.00325112503387,0.24077977960818145,0.25565091619685065,0.22648065501452397,0.2770886491804442
216,216.0,217.00055352034423,0.24111372667276643,0.25781918477747384,0.2243480952176371,0.27671899333212285
217,217.0,217.99812014092012,0.24022814176416524,0.26119243465225994,0.22236864378159588,0.2762107798019791
218,218.0,218.9959488980292,0.24021216726211586,0.2640747685263782,0.22026900660689838,0.2754440576046077
219,219.0,219.9940352904471,0.24022900187098362,0.26686145466115413,0.2183321986391572,0.27457734482870516
220,220.0,220.99237269071872,0.23944186300025475,0.2714786354136187,0.2146168605929097,0.27446264099321693
221,221.0,221.99095262405598,0.2386890193865962,0.27594708951447844,0.21108799885646895,0.27427589224245646
222,222.0,222.98976503781896,0.23664123660710423,0.2789036717545519,0.21009558774955203,0.27435950388879193
223,223.0,223.98879855982747,0.23464848640615707,0.2796700034975169,0.21129590632027573,0.2743856037760504
224,224.0,224.98804074403685,0.23272519302790973,0.2802574464756547,0.21265767841516875,0.274359682081267
225,225.0,225.98747830238491,0.2297725326127636,0.2817891262467777,0.2141511409608652,0.2742872001795936
226,226.0,226.98709732187433,0.22692296846855997,0.2831553023338762,0.21574819028682782,0.27417353891073615
227,227.0,227.98688346619608,0.22497246438742446,0.28291441890003716,0.21675583055510367,0.2753572861574348
228,228.0,228.98682216142367,0.22315061940386155,0.28252959073169276,0.2178229262687787,0.27649686359566705
229,229.0,229.98689876551427,0.22146278605794967,0.28201906058397697,0.2189328609261762,0.27758529243189717
230,230.0,230.98709872154066,0.21967434628128757,0.2831624087182089,0.22102263223873092,0.2761406127617726
231,231.0,231.98740769474904,0.2176941974956693,0.28408598842802607,0.2227828826373254,0.27543693143897924
232,232.0,232.98781169368905,0.21544464542317995,0.28543825504448594,0.2250051521855602,0.2741119473467739
233,233.0,233.9882971757982,0.21321123702434266,0.286541785464728,0.22774800039997306,0.2724989771109563
234,234.0,234.98885113793847,0.2115563586824473,0.2867020846708383,0.23057082982069094,0.27117072682602356
235,235.0,235.9894611924853,0.21006370617521855,0.2867618727921688,0.23131241403287617,0.27186200699973656
236,236.0,236.99011562965256,0.21022007868235734,0.2843496506750319,0.23387822362002203,0.2715520470225888
237,237.0,237.99080346680663,0.21107527981862534,0.281601820929525,0.23620700334558645,0.2711158959062632
238,238.0,238.9915144855772,0.2124953191541914,0.27860720039371806,0.23831305728736077,0.2705844231647298
239,239.0,239.99223925761493,0.2136761791424367,0.27695374768533243,0.23996426415097294,0.269405809021258
240,240.0,240.99296915987273,0.215055510243752,0.2746658718907011,0.24116059224659872,0.2691180256189482
241,241.0,241.99369638030606,0.21630811359425872,0.2733149590114599,0.24205309863761298,0.2683238287566684
242,242.0,243.00441391489298,0.21792818355458027,0.2706839171229576,0.24349062138294766,0.2678972779395145
243,243.0,244.01501555687227,0.21956277276413194,0.2681270695450052,0.24480428361971737,0.26750587407114557
244,244.0,245.0254068790849,0.22149711370892552,0.26551105017081217,0.24591757720065335,0.2670742589196091
245,245.0,246.0355050002854,0.22327027164437271,0.26355985556566364,0.24607425454037804,0.2670956182495858
246,246.0,247.04523825936306,0.2266127761491965,0.2608336580558495,0.24629698191818683,0.2662565838767673
247,247.0,248.0545458099393,0.2310371063492499,0.25775544335015793,0.2461735387781049,0.26503391152248745
248,248.0,249.0633771473585,0.23605094015811312,0.256550230724269,0.24381929430783986,0.2635795348097782
249,249.0,250.07169157956218,0.24047574443237216,0.25527054987423914,0.24129475997400157,0.26295894571938744
250,250.0,251.0794576527499,0.24566765892640358,0.2534929378959717,0.23828146794989138,0.26255793522773363
251,251.0,252.08665254209137,0.24937742518853107,0.2536758941064816,0.23496460625269608,0.2619820744522915
252,252.0,253.09326141707777,0.2528621231122431,0.25399109734217734,0.23168534021824888,0.26146143932733096
253,253.0,254.09927679039475,0.2550856030283345,0.25513645658246903,0.22829413151204805,0.2614838088771487
254,254.0,255.10469785847607,0.2569634496609737,0.2564201941458813,0.2248746475649355,0.2617417086282098
255,255.0,256.1095298411645,0.258943538969488,0.2571079743689814,0.2239071819620056,0.26004130469952513
256,256.0,257.1137833271724,0.2606958457932049,0.25785251518356966,0.22305620752486943,0.25839543149835625
257,257.0,258.11747363130786,0.2627793337522644,0.2580209167762303,0.22333989775429425,0.2558598517172113
258,258.0,259.1206201687167,0.264609742948171,0.2583249487804246,0.22170145482267667,0.255363853448728
259,259.0,260.1232458506975,0.2672334603098431,0.25686215349322067,0.22052295412736742,0.2553814320695691
260,260.0,261.12537650597324,0.26934162037684384,0.25532189166172675,0.21939443456183302,0.2559420533995966
261,261.0,262.12704033066166,0.2712290702806927,0.25383513892867143,0.21837338009595694,0.2565624106946791
262,262.0,263.1282673695746,0.27289900653866633,0.2524114119115414,0.2174592547644321,0.25723032678536034
263,263.0,264.12908903090056,0.27438867431172625,0.2512477801177685,0.2165277704886275,0.2578357750818778
264,264.0,265.13953763578485,0.27564003676862114,0.2501113592765565,0.21568233213047774,0.2585662718243448
265,265.0,266.1495460038229,0.2766620857549185,0.24914619379773015,0.2149214816347163,0.2592702388126351
266,266.0,267.1590580750189,0.27813192640826195,0.24701815160102691,0.21457642383614658,0.2602734981545646
267,267.0,268.1680283583451,0.2803878597559318,0.24460285767271042,0.21397444717249336,0.26103483539886446
268,268.0,269.17642132975527,0.2844553739887987,0.2422965074151178,0.21346225774340277,0.2597858608526807
269,269.0,270.18421079072687,0.28831263587601436,0.2401112699637526,0.2130359987197095,0.2585400954405235
270,270.0,271.191379197694,0.2919420980332717,0.23805688641250572,0.21269133965111073,0.2573096759031117
271,271.0,272.1979169719875,0.293330245811994,0.23814081520687777,0.21242356713278301,0.25610537184834503
272,272.0,273.2038217991318,0.2943799615306334,0.23853350244783597,0.21224433073099508,0.2548422052905354
273,273.0,274.2090979255703,0.29554455544879776,0.2413668737905199,0.21246490808494284,0.25062366267573927
274,274.0,275.2137554601092,0.2978342271406864,0.24360186044466356,0.21240977871217992,0.24615413370246997
275,275.0,276.2178096865932,0.299913572112008,0.24587595101257945,0.21240706457910505,0.24180341229630742
276,276.0,277.2212803935629,0.30178282958510594,0.24816249419721123,0.21245155130308013,0.23760312491460261
277,277.0,278.2241912258999,0.3034443157350717,0.250437379305041,0.21253807393116042,0.23358023102872683
278,278.0,279.22656906274426,0.30490219283271885,0.25267902329267067,0.21266156364665462,0.22975722022795586
279,279.0,280.22844342527674,0.3061622430123027,0.25486833383224394,0.2128170888436664,0.226152334311787
280,280.0,281.2298459173032,0.308033787501267,0.25672127148402635,0.21332074633704712,0.22192419467765967
281,281.0,282.23080970095396,0.3097150362900941,0.25849358587150906,0.21384391626875016,0.2179474615696468
282,282.0,283.23136900923015,0.3112082064609096,0.26017561617724727,0.21437941569562624,0.2142367616662171
283,283.0,284.2315586965864,0.30951717417380636,0.26209290383969136,0.21525399000722262,0.2131359319792799
284,284.0,285.2314138282411,0.3076772699974474,0.26390275024654625,0.21612498597195134,0.2122949937840553
285,285.0,286.240969308448,0.3043884468291884,0.26226446772596906,0.21731738479818521,0.2160297006466576
286,286.0,287.25015954754974,0.3009224241938415,0.26179682775348445,0.21807803130242046,0.21920271675025388
287,287.0,288.2589291672658,0.29651678039966706,0.2625248550614206,0.21841324017256047,0.22254512436635213
288,288.0,289.26723253333756,0.291795431436387,0.2628460616230151,0.22005322872433908,0.2253052782162591
289,289.0,290.27503323746885,0.2888038279772113,0.26309791744728617,0.2216511191040746,0.22644713547142817
290,290.0,291.28230353881224,0.28589891150632135,0.26328483904972344,0.223195142225174,0.22762110721878145
291,291.0,292.2890237746332,0.282579475198978,0.2645446826264437,0.22498188027012928,0.22789396190444924
292,292.0,293.29518174912573,0.27934728830507577,0.26583548058829737,0.22666942531421008,0.22814780579241703
293,293.0,294.30077210867773,0.27622306022314536,0.2669891767693832,0.2284079271306946,0.22837983587677707
294,294.0,295.3057957111878,0.2732641037122559,0.26806554807260313,0.23005278520850944,0.22861756300663175
295,295.0,296.31025899633494,0.2704834811804122,0.2690615632727116,0.23159691534074342,0.22885804020613304
296,296.0,297.31417336300404,0.26842146848533116,0.26755105540377616,0.23311070659638988,0.2309167695145031
297,297.0,298.31755455937616,0.26654955204301456,0.26598160003320875,0.23451387313236927,0.2329549747914077
298,298.0,299.32042209051735,0.26486744139260915,0.2643747864648783,0.2358034457552885,0.23495432638722435
299,299.0,300.3227986476393,0.2633729770614278,0.26275041865424437,0.23697788813022438,0.2368987161541037
300,300.0,301.32470956257254,0.26206233906086,0.26112649570364366,0.2380369688582259,0.23877419637727068
301,301.0,302.32618229038684,0.26093025113785007,0.25785254568991217,0.24064829996337314,0.24056890320886484
302,302.0,303.3272459225158,0.2599701791638723,0.2546263108195003,0.24313054309690008,0.24227296691972752
303,303.0,304.32793073220665,0.2591745222637632,0.25147528192678026,0.24547178462463348,0.24387841118482326
304,304.0,305.3282677536064,0.2585347954991371,0.24842344870291,0.24766271229187534,0.24537904350607778
305,305.0,306.32828839533005,0.25804180312409186,0.24549140991324325,0.2496964482080024,0.2467703387546627
306,306.0,307.3280240889281,0.2576858016234199,0.24269650650225633,0.2515683741889649,0.24804931768535907
307,307.0,308.32750597227704,0.25745665192469064,0.24005297396619113,0.2532759519684696,0.2492144221406488
308,308.0,309.32676460756835,0.2560106270113637,0.23990544387624949,0.2534852072555339,0.250598721856853
309,309.0,310.33582973325485,0.25468387465403214,0.23990579128871847,0.2535438797465313,0.2518664543107182
310,310.0,311.3546300490401,0.25347773512066973,0.24003922497923227,0.25346644099615845,0.2530165989039396
311,311.0,312.37300403275646,0.2543922085242133,0.23829110198308132,0.25326727651605613,0.25404941297664946
312,312.0,313.3908105777736,0.2553225466481313,0.23655845435344663,0.2531276349016089,0.25499136409681333
313,313.0,314.4079283625113,0.25633304760907205,0.23495480539087518,0.2528925843425462,0.25581956265750677
314,314.0,315.42425508515015,0.25740559011372377,0.23365873031477757,0.2525740162389202,0.25636166333257865
315,315.0,316.43970658467356,0.25852324458266884,0.23249453775042533,0.25218346802622343,0.2567987496406825
316,316.0,317.4542158683979,0.26055921216367744,0.23234957026117628,0.24817648764193448,0.25891472993321185
317,317.0,318.46773206506583,0.26260130186973313,0.23232335501441262,0.24415478810705538,0.26092055500879896
318,318.0,319.4802193214163,0.2646284805912706,0.23240427893835347,0.24016005833199397,0.2628071821383821
319,319.0,320.4916556589176,0.2666219676395263,0.23258081887668894,0.23622954863851908,0.26456766484526584
320,320.0,321.5020318060795,0.26898784483925653,0.23513989344263134,0.23279327130200966,0.26307899041610266
321,321.0,322.5113500204645,0.27123937708274237,0.2378563802322718,0.2294462820597242,0.2614579606252619
322,322.0,323.5196229132063,0.2732046382481176,0.24185222277940424,0.22587768111974854,0.25906545785272983
323,323.0,324.5268722875419,0.2750288097280912,0.24592722002205283,0.22244326311609547,0.25660070713376065
324,324.0,325.5331280015685,0.2767485936221387,0.24994014753457341,0.2191911771656593,0.25412008167762873
325,325.0,326.53842686417676,0.28019631130968237,0.25385708301485355,0.21613571092262268,0.24981089475284157
326,326.0,327.54281157188245,0.28303332934451353,0.25717226583512404,0.21447823326915222,0.2453161715512104
327,327.0,328.5463296930988,0.285674162657251,0.26027115643744125,0.21316436040002398,0.24089032050528392
328,328.0,329.54903270526245,0.2881541020415647,0.2632075161194593,0.21204662860173112,0.23659175323724485
329,329.0,330.55097508915713,0.29046443749645395,0.265968234376388,0.21111660108517305,0.23245072704198488
330,330.0,331.55221348377074,0.2925990260603123,0.2685432681681669,0.21036480769734187,0.2284928980741787
331,331.0,332.55280590408535,0.29455409653660425,0.27092543560339327,0.2097809429592432,0.224739524900759
332,332.0,333.55281102332765,0.29632805002932355,0.27311020164337,0.2093540526532848,0.2212076956740213
333,333.0,334.5522875204124,0.2979212587019002,0.2750954587672224,0.20907270823931218,0.2179105742915648
334,334.0,335.5512934925846,0.2993358649496228,0.27688130529532434,0.2089251685722665,0.21485766118278596
335,335.0,336.5498859326137,0.30057558295249936,0.2784698238219698,0.20889952857412555,0.21205506465140478
336,336.0,337.54812026931376,0.3016455043549859,0.279864861962038,0.20898385467798025,0.2095057790049953
337,337.0,338.5460499696507,0.30255190960309647,0.281071817372786,0.20916630701259248,0.2072099660115245
338,338.0,339.5437262002574,0.30330208625978755,0.2820974287730384,0.20943524843154038,0.20516523653563315
339,339.0,340.5411975458009,0.30545105111867127,0.2819815082978937,0.20999040553065312,0.20257703505278146
340,340.0,341.53850978133204,0.30739281867853874,0.28181195561923383,0.21056921208323987,0.20022601361898718
341,341.0,342.53570569549674,0.3091758608050136,0.28150463451564345,0.21119810627339597,0.19812139840594667
342,342.0,343.53282496129003,0.3107982196201703,0.28107639504065157,0.21186579039546294,0.19625959494371498
343,343.0,344.52990405089105,0.31225973986698913,0.2805436114261482,0.212561708615029,0.19463494009183352
344,344.0,345.5269761910231,0.3135618901998357,0.27992206592222957,0.21327607834014856,0.19323996553778605
345,345.0,346.5240713552316,0.3147075861067788,0.27922685017287635,0.2139999107230151,0.1920656529973297
346,346.0,347.521216289467,0.3157010160713393,0.2784722833601255,0.21472502117402525,0.1911016793945099
347,347.0,348.51843456738425,0.31654747238810993,0.2776718462584444,0.21544403078185453,0.19033665057159121
348,348.0,349.51574667183587,0.31739207674759073,0.27700016730477983,0.2161966558310391,0.18941110011659046
349,349.0,350.513170099124,0.3181015683019159,0.27630525414053353,0.21693034186028481,0.18866283569726588
350,350.0,351.5107194826921,0.31882692123918704,0.2754985902027598,0.21759712890449046,0.18807735965356281
351,351.0,352.5084067330764,0.31942919385092056,0.2746874274122708,0.21823530429784038,0.1876480744389684
352,352.0,353.5062411910916,0.3197105898108998,0.274084408914896,0.2188413474514867,0.18736365382271772
353,353.0,354.50422979139427,0.3198840562940881,0.27349107699691,0.21941241115786325,0.18721245555113888
354,354.0,355.5023772337528,0.31995865158333275,0.2729123963195538,0.2199462827246333,0.18718266937248051
355,355.0,356.5006861595379,0.3200030406546594,0.2724547293818643,0.22027552632355918,0.18726670363991738
356,356.0,357.4991573311491,0.3199662288105752,0.2720187147445581,0.2205665470093136,0.1874485094355534
357,357.0,358.49778981228775,0.31985670426106205,0.2716065473239698,0.22082025686635617,0.18771649154861225
358,358.0,359.4965811471896,0.3173971192364437,0.27179139264406216,0.22218070702184475,0.18863078109764966
359,359.0,360.49552753712936,0.31490421849161976,0.2719974152632804,0.22349504751580845,0.1896033187292917
360,360.0,361.49462401270387,0.31390626260605897,0.27538710389218646,0.22225474590946012,0.1884518875922948
361,361.0,362.4938646005939,0.3139137366526907,0.2784248617101891,0.2206443360955611,0.18701706554155947
362,362.0,363.493242483689,0.31464030861211495,0.28117740898210347,0.21877883775491025,0.18540344465087172
363,363.0,364.4927501536377,0.31536394583060123,0.28186002700410495,0.21891670043787495,0.18385932672741934
364,364.0,365.49237955505515,0.31607770541005836,0.2824728825209648,0.219056209415264,0.18239320265371334
365,365.0,366.4921222207803,0.31644210418526136,0.28435015656136187,0.2185291383011944,0.1806786009521828
366,366.0,367.49196939772514,0.3167884342488837,0.2861466345325385,0.2180074158159527,0.17905751540262546
367,367.0,368.4919121629983,0.31640075345716145,0.2876738598331336,0.2185671528929371,0.17735823381676816
368,368.0,369.4919415301141,0.31599919684640343,0.28910419976291357,0.21913032049086947,0.17576628289981375
369,369.0,370.4920485452172,0.31558916756462085,0.29043303945966215,0.21969094388167565,0.1742868490940415
370,370.0,371.4922243733578,0.3155089465050673,0.29032390721638174,0.21891033791882689,0.17525680835972424
371,371.0,372.4924603749507,0.3154263550561154,0.29012169154950795,0.21813043159731718,0.17632152179705968
372,372.0,373.4927481726349,0.3153424561711945,0.2898377229580689,0.21735895401622768,0.17746086685450913
373,373.0,374.49307970882427,0.31492488624941734,0.2891496830871022,0.21626944374399396,0.17965598691948675
374,374.0,375.4934472943065,0.3157016642841636,0.2881667642251749,0.2149665039143575,0.1811650675763042
375,375.0,376.49384364829746,0.3161170162708619,0.28696399774571674,0.21352022116706926,0.1833987648163522
376,376.0,377.4942619304063,0.3165243598658788,0.28573611036098967,0.21212010690708158,0.18561942286605004
377,377.0,378.50469576500024,0.3169204224724322,0.2844978930353678,0.2107755454282643,0.18780613906393578
378,378.0,379.51503925848476,0.3173023715633029,0.28326276093619696,0.2094944270672885,0.1899404404332118
379,379.0,380.525198010036,0.31766779899915043,0.2820427568618236,0.20828321869597982,0.19200622544304624
380,380.0,381.53508890633174,0.3180147026711187,0.2808485680505118,0.20714704139908463,0.19398968787928494
381,381.0,382.5446398239346,0.31734146591887596,0.28043955486406846,0.20558975384213055,0.19662922537492517
382,382.0,383.5537892515378,0.3155059342514648,0.2804086322142136,0.20519899488164794,0.19888643865267386
383,383.0,384.5624858438654,0.3136144919080861,0.2805239901742135,0.20484738553493445,0.20101413238276608
384,384.0,385.5706879185215,0.3117492546215912,0.2806674288958014,0.20457293376196084,0.20301038272064661
385,385.0,386.5783629065269,0.31018941215389356,0.2805715480208658,0.20437066832308284,0.2048683715021578
386,386.0,387.5854867666664,0.3086831813425272,0.28049808042307156,0.2042353932392797,0.20658334499512152
387,387.0,388.5920433731253,0.30557359666330597,0.2807086773454193,0.20556527099781174,0.20815245499346285
388,388.0,389.5980238852071,0.30248461296654183,0.2810439464746337,0.20690359145049042,0.20956784910833404
389,389.0,390.60342610722864,0.3006962649263721,0.2811528066687377,0.20755220578155814,0.21059872262333207
390,390.0,391.60825384597575,0.29902494388611045,0.2812710959335871,0.2082164556027225,0.21148750457757998
391,391.0,392.61251627238835,0.29747566035616874,0.28139668846945887,0.20888813486676217,0.21223951630761034
392,392.0,393.6162272934358,0.2960517034208143,0.281527598023892,0.20955978383674922,0.21286091471854457
393,393.0,394.61940493944417,0.2947547799899421,0.28166198379948604,0.21022468905238906,0.21335854715818292
394,394.0,395.62207077145723,0.2941043867166433,0.2823173850855998,0.20951149122157536,0.2140667369761817
395,395.0,396.62424931255447,0.2935750668255858,0.2829678386260123,0.20879397878110784,0.2146631157672941
396,396.0,397.6259675064164,0.29307667284412287,0.28435733465988977,0.20774642498302318,0.21481956751296435
397,397.0,398.62725420582797,0.292374830151307,0.2865471157893935,0.20644372645809064,0.21463432760120907
398,398.0,399.6281396932401,0.2917073550068741,0.28879814767972856,0.20513711339827456,0.214357383915123
399,399.0,400.62865523497857,0.29107375799474083,0.2908548279154077,0.2040710484385757,0.21400036565127592
400,400.0,401.6288326701935,0.2904733629891046,0.2927087762941516,0.20324331229021939,0.21357454842652457
401,401.0,402.62870403518497,0.29012755235341936,0.2943546793015168,0.20242699166987155,0.21309077667519236
402,402.0,403.6283012233255,0.2900234605835731,0.29579003132467296,0.20162710998763222,0.21255939810412172
403,403.0,404.6276556804187,0.2893202548473263,0.3004115960536107,0.2014518855205502,0.20881626357851277
404,404.0,405.62679813499835,0.28836225955106254,0.3058973937133195,0.20099298574416158,0.20474736099145635
405,405.0,406.62575836277006,0.2875521664539876,0.31132208506311077,0.20039496139005938,0.2007307870928422
406,406.0,407.6245649841369,0.2864214505183611,0.3145005772987392,0.20136900950738212,0.1977089626755175
407,407.0,408.62324529352566,0.2858556951867778,0.3143440449097274,0.20267957305544898,0.19712068684804587
408,408.0,409.6218251190403,0.2853708519613998,0.31398746317549137,0.20400903454118127,0.19663265032192762
409,409.0,410.6203287108131,0.28463034473052706,0.3147877361812293,0.20500887622262182,0.1955730428656219
410,410.0,411.6187786563005,0.2839671449670178,0.31542117572288636,0.20600206166338536,0.19460961764671056
411,411.0,412.6171958206761,0.28392279154419564,0.3132996842806672,0.20843043912148052,0.19434708505365675
412,412.0,413.6155993104074,0.2839474695020377,0.31105857169108975,0.21082020258107947,0.19417375622579314
413,413.0,414.61400645806145,0.2840340289228991,0.3087322111947858,0.2131513158074359,0.1940824440748793
414,414.0,415.61243282636957,0.28417541606626934,0.3063523911873909,0.21540633269161047,0.1940658600547294
415,415.0,416.61089222958316,0.2843647342884638,0.3039482558200881,0.21757031269897964,0.19411669719246855
416,416.0,417.6093967701795,0.28459529729937816,0.30154627798254124,0.2196307197171502,0.19422770500093045
417,417.0,418.6079568890145,0.28486067499003126,0.29917026170015026,0.22157730697486033,0.19439175633495823
418,418.0,419.60658142707575,0.28715473211554265,0.2948413709802234,0.22340199057557902,0.19460190632865498
419,419.0,420.60527769706016,0.28938447669863915,0.29059301421505723,0.22516072955287414,0.19486177953342954
420,420.0,421.6040515630756,0.2915945076640103,0.286464272739618,0.22678671702582676,0.19515450257054498
421,421.0,422.6129075268587,0.293764696063775,0.28391304386825883,0.22684839684157013,0.19547386322639604
422,422.0,423.6217488189949,0.2956919824805032,0.2797437140193992,0.22508891811314247,0.19947538538695514
423,423.0,424.6304884937275,0.297548191859325,0.2757596808810323,0.22323653270846078,0.2034555945511819
424,424.0,425.63904931604964,0.29955996504833804,0.2696013027325403,0.2232238170539592,0.20761491516516245
425,425.0,426.647363562979,0.3009059136489188,0.26430950261832536,0.22234312180735516,0.2124414619254007
426,426.0,427.65537274958564,0.30197487491961894,0.25875768359324475,0.22106148045175356,0.21820596103538273
427,427.0,428.6630272900358,0.30294457226643384,0.2535095085957787,0.21975323258303875,0.22379268655474868
428,428.0,429.67028610354055,0.30381523510828384,0.24858709497314047,0.21843412133120918,0.22916354858736648
429,429.0,430.67711617465943,0.304588060267247,0.2440070907240736,0.21711842414709465,0.23428642486158477
430,430.0,431.68349207691983,0.3052651032600223,0.23978105495371163,0.21581895659576478,0.2391348851905013
431,431.0,432.699395468185,0.30818250520663415,0.23624918450522103,0.21488042372278776,0.2406878865653571
432,432.0,433.7147145656418,0.31032038952556606,0.23274404821756628,0.21530945072239135,0.24162611153447636
433,433.0,434.72935460769656,0.31203771008877773,0.22703850022801647,0.21707451514684534,0.24384927453636057
434,434.0,435.74323709946884,0.3146986357804947,0.2215346371866566,0.2184886483237058,0.24527807870914298
435,435.0,436.7562989710692,0.31755124444999694,0.21876137684812894,0.2202275639507254,0.24345981475114875
436,436.0,437.7684916657988,0.31997006393503313,0.21623450265664665,0.22166361684884028,0.24213181655948002
437,437.0,438.7797801743975,0.3218909516258662,0.2134129780727533,0.22439606609529308,0.24030000420608752
438,438.0,439.79014203039236,0.32364449182500804,0.210954483381529,0.22706794756278548,0.23833307723067756
439,439.0,440.7995662804838,0.3261227410224936,0.20866872911204762,0.22912288492882427,0.23608564493663461
440,440.0,441.80805244276127,0.3281867791598469,0.20624582257435348,0.23060797561084687,0.23495942265495282
441,441.0,442.8256094643834,0.33007167267599336,0.20540227948921624,0.23074392479900604,0.23378212303578436
442,442.0,443.8421546891994,0.3313598204312256,0.20458582116445384,0.23162262048413995,0.23243173792018068
443,443.0,444.8576238446418,0.33247301552408265,0.20405190370727638,0.2324110010596997,0.23106407970894136
444,444.0,445.87196984609363,0.3334176212698735,0.20377761220549714,0.23311021423088713,0.2296945522937423
445,445.0,446.8851615489393,0.33420105054584687,0.2037397269785941,0.23372218460642763,0.2283370378691315
446,446.0,447.8971824660111,0.33483158670622476,0.20391498625134868,0.23424951676213046,0.22700391028029623
447,447.0,448.9080294667155,0.33531821370096293,0.20428032298106757,0.23469540119842236,0.2257060621195473
448,448.0,449.91771147268236,0.3359085514147732,0.20528926653094762,0.23387304765240532,0.22492913440187404
449,449.0,450.9262481633257,0.3375625158748007,0.205962604878712,0.23275083679110375,0.22372404245538371
450,450.0,451.93366870327145,0.3397524428570616,0.2070890699229994,0.23191759550227814,0.22124089171766098
451,451.0,452.9400105021899,0.34180283683950996,0.20831208434371468,0.23105275924156915,0.21883231957520638
452,452.0,453.9453180161946,0.3433500043251596,0.210502620201865,0.22998956444020083,0.21615781103277476
453,453.0,454.9496415986369,0.3444724470824848,0.21232178189988724,0.22878030429707813,0.21442546672055005
454,454.0,455.9530364068486,0.3452291909345225,0.2138301819034807,0.22746556683669664,0.21347506032530048
455,455.0,456.95556137017064,0.34584923833328096,0.2153438123820523,0.22616904716538605,0.212637902119281
456,456.0,457.9572782234588,0.34634005845010063,0.21684701398331852,0.22490188870095237,0.2119110388656288
457,457.0,458.9582506091835,0.34770966581200713,0.21799246424566385,0.22334049357401892,0.21095737636831036
458,458.0,459.9585432502439,0.3489564856208728,0.219104483800357,0.22182989940210499,0.21010913117666546
459,459.0,460.95822119469585,0.3484136617672463,0.22017529552261622,0.22204679869809443,0.20936424401204323
460,460.0,461.95734913275567,0.34701558685591316,0.22069831207846233,0.22256627312223703,0.2097198279433876
461,461.0,462.95599078568193,0.3455367667417574,0.22117308281897816,0.22312787041747606,0.21016228002178847
462,462.0,463.9542083654587,0.3435238736700123,0.22136158938019634,0.22467414327613042,0.21044039367366096
463,463.0,464.9620621036033,0.34112187243858294,0.22132628740014876,0.2269483042704149,0.21060353589085348
464,464.0,465.9695098468973,0.3384929002249583,0.22213951392736564,0.2309897436117443,0.20837784223593192
465,465.0,466.976517717393,0.3358859438494941,0.22290828384584835,0.23498131907200076,0.20622445323265692
466,466.0,467.9830596236652,0.333324871292129,0.22362935511728552,0.23888810128468907,0.20415767230589657
467,467.0,468.9891167430735,0.32997356203948397,0.22687171546509582,0.24039378746672488,0.20276093502869552
468,468.0,469.99467698311025,0.3272159814250419,0.23145319333054487,0.23811390654982922,0.20321691869458422
469,469.0,470.99973442931224,0.3265108085816031,0.23470477646892857,0.238261718814969,0.20052269613449952
470,470.0,472.0042887866009,0.32647294969859697,0.23695074804537913,0.23915369110700357,0.19742261114902057
471,471.0,473.00834482029467,0.32611581387357214,0.23863468569080154,0.23982831309714847,0.1954211873384781
472,472.0,474.0119118024161,0.3245165668256474,0.24183762008851106,0.24031446248458013,0.19333135060126166
473,473.0,475.0150029683012,0.3246820788142587,0.24487562221930187,0.2390594583690289,0.1913828405974108
474,474.0,476.01763498791485,0.32445802833967574,0.24749671005046273,0.2387023470943295,0.18934291451553228
475,475.0,477.01982745568796,0.3243141835815353,0.24993064984793073,0.2382997676320009,0.1874553989385333
476,476.0,478.0216024021269,0.32624396241577447,0.2521718170171005,0.2358602925954293,0.18572392797169593
477,477.0,479.0229838299007,0.32922070469481296,0.25246707714911015,0.23366200629240472,0.1846502118636724
478,478.0,480.02399727659804,0.33235280379423754,0.25282116358445084,0.2308587250935551,0.18396730752775675
479,479.0,481.0246694058597,0.335464831612444,0.2530103671141503,0.22809612415759428,0.18342867711581168
480,480.0,482.02502762813657,0.34052767499937203,0.25104928399347565,0.225397761467593,0.18302527953955958
481,481.0,483.0250997519044,0.3464956239642802,0.24863922038533778,0.22245086349252197,0.1824142921578603
482,482.0,484.02491366577647,0.3523184884597214,0.24614917497456434,0.21960975274063887,0.18192258382507562
483,483.0,485.02449705160353,0.35795254828768797,0.24361204639552664,0.21689226159714375,0.18154314371964186
484,484.0,486.0238771283319,0.3633603433166476,0.24105791425084147,0.2143132030126328,0.1812685394198783
