,Unnamed: 0,Total_iterations,Intertwine_two,Add_vertex,Delete_vertex,Invert_path_vertices,Insert_inside_vertex,Delete_inside_vertex
0,0.0,0.0,0.16666666666666669,0.16666666666666669,0.16666666666666669,0.16666666666666669,0.16666666666666669,0.16666666666666669
1,1.0,1.0,0.16666666666666669,0.16666666666666669,0.16666666666666669,0.16666666666666669,0.16666666666666669,0.16666666666666669
2,2.0,2.0,0.16666666666666669,0.16666666666666669,0.16666666666666669,0.16666666666666669,0.16666666666666669,0.16666666666666669
3,3.0,3.0,0.16666666666666669,0.16666666666666669,0.16666666666666669,0.16666666666666669,0.16666666666666669,0.16666666666666669
4,4.0,4.0,0.16666666666666669,0.16666666666666669,0.16666666666666669,0.16666666666666669,0.16666666666666669,0.16666666666666669
5,5.0,5.0,0.16666666666666669,0.16666666666666669,0.16666666666666669,0.16666666666666669,0.16666666666666669,0.16666666666666669
6,6.0,6.0,0.16666666666666669,0.16666666666666669,0.16666666666666669,0.16666666666666669,0.16666666666666669,0.16666666666666669
7,7.0,7.0,0.16666666666666669,0.16666666666666669,0.16666666666666669,0.16666666666666669,0.16666666666666669,0.16666666666666669
8,8.0,8.0,0.16666666666666669,0.16666666666666669,0.16666666666666669,0.16666666666666669,0.16666666666666669,0.16666666666666669
9,9.0,9.0,0.16666666666666669,0.16666666666666669,0.16666666666666669,0.16666666666666669,0.16666666666666669,0.16666666666666669
10,10.0,10.0,0.16666666666666669,0.16666666666666669,0.16666666666666669,0.16666666666666669,0.16666666666666669,0.16666666666666669
11,11.0,11.0,0.16666666666666669,0.16666666666666669,0.16666666666666669,0.16666666666666669,0.16666666666666669,0.16666666666666669
12,12.0,12.0,0.16666666666666669,0.16666666666666669,0.16666666666666669,0.16666666666666669,0.16666666666666669,0.16666666666666669
13,13.0,13.0,0.16666666666666669,0.16666666666666669,0.16666666666666669,0.16666666666666669,0.16666666666666669,0.16666666666666669
14,14.0,14.0,0.16666666666666669,0.16666666666666669,0.16666666666666669,0.16666666666666669,0.16666666666666669,0.16666666666666669
15,15.0,15.0,0.16666666666666669,0.16666666666666669,0.16666666666666669,0.16666666666666669,0.16666666666666669,0.16666666666666669
16,16.0,16.0,0.16666666666666669,0.16666666666666669,0.16666666666666669,0.16666666666666669,0.16666666666666669,0.16666666666666669
17,17.0,17.0,0.16666666666666669,0.16666666666666669,0.16666666666666669,0.16666666666666669,0.16666666666666669,0.16666666666666669
18,18.0,18.0,0.16666666666666669,0.16666666666666669,0.16666666666666669,0.16666666666666669,0.16666666666666669,0.16666666666666669
19,19.0,19.0,0.16666666666666669,0.16666666666666669,0.16666666666666669,0.16666666666666669,0.16666666666666669,0.16666666666666669
20,20.0,20.0,0.16666666666666669,0.16666666666666669,0.16666666666666669,0.16666666666666669,0.16666666666666669,0.16666666666666669
21,21.0,21.0,0.16666666666666669,0.16666666666666669,0.16666666666666669,0.16666666666666669,0.16666666666666669,0.16666666666666669
22,22.0,22.0,0.16666666666666669,0.16666666666666669,0.16666666666666669,0.16666666666666669,0.16666666666666669,0.16666666666666669
23,23.0,23.0,0.16666666666666669,0.16666666666666669,0.16666666666666669,0.16666666666666669,0.16666666666666669,0.16666666666666669
24,24.0,24.0,0.16666666666666669,0.16666666666666669,0.16666666666666669,0.16666666666666669,0.16666666666666669,0.16666666666666669
25,25.0,25.0,0.16666666666666669,0.16666666666666669,0.16666666666666669,0.16666666666666669,0.16666666666666669,0.16666666666666669
26,26.0,26.0,0.16666666666666669,0.16666666666666669,0.16666666666666669,0.16666666666666669,0.16666666666666669,0.16666666666666669
27,27.0,27.0,0.16666666666666669,0.16666666666666669,0.16666666666666669,0.16666666666666669,0.16666666666666669,0.16666666666666669
28,28.0,28.0,0.16666666666666669,0.16666666666666669,0.16666666666666669,0.16666666666666669,0.16666666666666669,0.16666666666666669
29,29.0,29.0,0.16666666666666669,0.16666666666666669,0.16666666666666669,0.16666666666666669,0.16666666666666669,0.16666666666666669
30,30.0,30.0,0.16666666666666669,0.16666666666666669,0.16666666666666669,0.16666666666666669,0.16666666666666669,0.16666666666666669
31,31.0,31.0,0.16666666666666669,0.16666666666666669,0.16666666666666669,0.16666666666666669,0.16666666666666669,0.16666666666666669
32,32.0,32.0,0.16666666666666669,0.16666666666666669,0.16666666666666669,0.16666666666666669,0.16666666666666669,0.16666666666666669
33,33.0,33.0,0.16666666666666669,0.16666666666666669,0.16666666666666669,0.16666666666666669,0.16666666666666669,0.16666666666666669
34,34.0,34.0,0.16666666666666669,0.16666666666666669,0.16666666666666669,0.16666666666666669,0.16666666666666669,0.16666666666666669
35,35.0,35.0,0.16666666666666669,0.16666666666666669,0.16666666666666669,0.16666666666666669,0.16666666666666669,0.16666666666666669
36,36.0,36.0,0.16666666666666669,0.16666666666666669,0.16666666666666669,0.16666666666666669,0.16666666666666669,0.16666666666666669
37,37.0,37.0,0.16666666666666669,0.16666666666666669,0.16666666666666669,0.16666666666666669,0.16666666666666669,0.16666666666666669
38,38.0,38.0,0.16666666666666669,0.16666666666666669,0.16666666666666669,0.16666666666666669,0.16666666666666669,0.16666666666666669
39,39.0,39.0,0.16666666666666669,0.16666666666666669,0.16666666666666669,0.16666666666666669,0.16666666666666669,0.16666666666666669
40,40.0,40.0,0.16666666666666669,0.16666666666666669,0.16666666666666669,0.16666666666666669,0.16666666666666669,0.16666666666666669
41,41.0,41.0,0.16666666666666669,0.16666666666666669,0.16666666666666669,0.16666666666666669,0.16666666666666669,0.16666666666666669
42,42.0,42.0,0.16666666666666669,0.16666666666666669,0.16666666666666669,0.16666666666666669,0.16666666666666669,0.16666666666666669
43,43.0,43.0,0.16666666666666669,0.16666666666666669,0.16666666666666669,0.16666666666666669,0.16666666666666669,0.16666666666666669
44,44.0,44.0,0.16666666666666669,0.16666666666666669,0.16666666666666669,0.16666666666666669,0.16666666666666669,0.16666666666666669
45,45.0,45.0,0.16666666666666669,0.16666666666666669,0.16666666666666669,0.16666666666666669,0.16666666666666669,0.16666666666666669
46,46.0,46.0,0.16666666666666669,0.16666666666666669,0.16666666666666669,0.16666666666666669,0.16666666666666669,0.16666666666666669
47,47.0,47.0,0.16666666666666669,0.16666666666666669,0.16666666666666669,0.16666666666666669,0.16666666666666669,0.16666666666666669
48,48.0,48.0,0.16666666666666669,0.16666666666666669,0.16666666666666669,0.16666666666666669,0.16666666666666669,0.16666666666666669
49,49.0,49.0,0.16666666666666669,0.16666666666666669,0.16666666666666669,0.16666666666666669,0.16666666666666669,0.16666666666666669
50,50.0,50.0,0.16666666666666669,0.16666666666666669,0.16666666666666669,0.16666666666666669,0.16666666666666669,0.16666666666666669
51,51.0,51.0,0.16666666666666669,0.16666666666666669,0.16666666666666669,0.16666666666666669,0.16666666666666669,0.16666666666666669
52,52.0,52.0,0.16666666666666669,0.16666666666666669,0.16666666666666669,0.16666666666666669,0.16666666666666669,0.16666666666666669
53,53.0,53.0,0.16666666666666669,0.16666666666666669,0.16666666666666669,0.16666666666666669,0.16666666666666669,0.16666666666666669
54,54.0,54.0,0.16666666666666669,0.16666666666666669,0.16666666666666669,0.16666666666666669,0.16666666666666669,0.16666666666666669
55,55.0,55.0,0.16666666666666669,0.16666666666666669,0.16666666666666669,0.16666666666666669,0.16666666666666669,0.16666666666666669
56,56.0,56.0,0.16666666666666669,0.16666666666666669,0.16666666666666669,0.16666666666666669,0.16666666666666669,0.16666666666666669
57,57.0,57.0,0.16666666666666669,0.16666666666666669,0.16666666666666669,0.16666666666666669,0.16666666666666669,0.16666666666666669
58,58.0,58.0,0.16666666666666669,0.16666666666666669,0.16666666666666669,0.16666666666666669,0.16666666666666669,0.16666666666666669
59,59.0,59.0,0.16666666666666669,0.16666666666666669,0.16666666666666669,0.16666666666666669,0.16666666666666669,0.16666666666666669
60,60.0,60.0,0.16666666666666669,0.16666666666666669,0.16666666666666669,0.16666666666666669,0.16666666666666669,0.16666666666666669
61,61.0,61.0,0.16666666666666669,0.16666666666666669,0.16666666666666669,0.16666666666666669,0.16666666666666669,0.16666666666666669
62,62.0,62.0,0.16666666666666669,0.16666666666666669,0.16666666666666669,0.16666666666666669,0.16666666666666669,0.16666666666666669
63,63.0,63.0,0.16666666666666669,0.16666666666666669,0.16666666666666669,0.16666666666666669,0.16666666666666669,0.16666666666666669
64,64.0,64.0,0.16666666666666669,0.16666666666666669,0.16666666666666669,0.16666666666666669,0.16666666666666669,0.16666666666666669
65,65.0,65.0,0.16666666666666669,0.16666666666666669,0.16666666666666669,0.16666666666666669,0.16666666666666669,0.16666666666666669
66,66.0,66.0,0.16666666666666669,0.16666666666666669,0.16666666666666669,0.16666666666666669,0.16666666666666669,0.16666666666666669
67,67.0,67.0,0.16666666666666669,0.16666666666666669,0.16666666666666669,0.16666666666666669,0.16666666666666669,0.16666666666666669
68,68.0,68.0,0.16666666666666669,0.16666666666666669,0.16666666666666669,0.16666666666666669,0.16666666666666669,0.16666666666666669
69,69.0,69.0,0.16666666666666669,0.16666666666666669,0.16666666666666669,0.16666666666666669,0.16666666666666669,0.16666666666666669
70,70.0,70.0,0.16666666666666669,0.16666666666666669,0.16666666666666669,0.16666666666666669,0.16666666666666669,0.16666666666666669
71,71.0,71.0,0.16666666666666669,0.16666666666666669,0.16666666666666669,0.16666666666666669,0.16666666666666669,0.16666666666666669
72,72.0,72.0,0.16666666666666669,0.16666666666666669,0.16666666666666669,0.16666666666666669,0.16666666666666669,0.16666666666666669
73,73.0,73.0,0.16666666666666669,0.16666666666666669,0.16666666666666669,0.16666666666666669,0.16666666666666669,0.16666666666666669
74,74.0,74.0,0.16666666666666669,0.16666666666666669,0.16666666666666669,0.16666666666666669,0.16666666666666669,0.16666666666666669
75,75.0,75.1,0.16666666666666669,0.16666666666666669,0.16666666666666669,0.16666666666666669,0.16666666666666669,0.16666666666666669
76,76.0,76.1,0.16666666666666669,0.16666666666666669,0.16666666666666669,0.16666666666666669,0.16666666666666669,0.16666666666666669
77,77.0,77.1,0.16666666666666669,0.16666666666666669,0.16666666666666669,0.16666666666666669,0.16666666666666669,0.16666666666666669
78,78.0,78.1,0.16666666666666669,0.16666666666666669,0.16666666666666669,0.16666666666666669,0.16666666666666669,0.16666666666666669
79,79.0,79.1,0.16666666666666669,0.16666666666666669,0.16666666666666669,0.16666666666666669,0.16666666666666669,0.16666666666666669
80,80.0,80.3,0.16666666666666669,0.16666666666666669,0.16666666666666669,0.16666666666666669,0.16666666666666669,0.16666666666666669
81,81.0,81.3,0.16666666666666669,0.16666666666666669,0.16666666666666669,0.16666666666666669,0.16666666666666669,0.16666666666666669
82,82.0,82.3,0.16666666666666669,0.16666666666666669,0.16666666666666669,0.16666666666666669,0.16666666666666669,0.16666666666666669
83,83.0,83.3,0.16666666666666669,0.16666666666666669,0.16666666666666669,0.16666666666666669,0.16666666666666669,0.16666666666666669
84,84.0,84.3,0.16666666666666669,0.16666666666666669,0.16666666666666669,0.16666666666666669,0.16666666666666669,0.16666666666666669
85,85.0,85.3,0.16666666666666669,0.16666666666666669,0.16666666666666669,0.16666666666666669,0.16666666666666669,0.16666666666666669
86,86.0,86.5,0.16666666666666669,0.16666666666666669,0.16666666666666669,0.16666666666666669,0.16666666666666669,0.16666666666666669
87,87.0,87.6,0.16666666666666669,0.16666666666666669,0.16666666666666669,0.16666666666666669,0.16666666666666669,0.16666666666666669
88,88.0,88.6,0.16666666666666669,0.16666666666666669,0.16666666666666669,0.16666666666666669,0.16666666666666669,0.16666666666666669
89,89.0,89.6,0.16666666666666669,0.16666666666666669,0.16666666666666669,0.16666666666666669,0.16666666666666669,0.16666666666666669
90,90.0,90.6,0.16666666666666669,0.16666666666666669,0.16666666666666669,0.16666666666666669,0.16666666666666669,0.16666666666666669
91,91.0,91.6,0.16666666666666669,0.16666666666666669,0.16666666666666669,0.16666666666666669,0.16666666666666669,0.16666666666666669
92,92.0,92.7,0.16666666666666669,0.16666666666666669,0.16666666666666669,0.16666666666666669,0.16666666666666669,0.16666666666666669
93,93.0,93.7,0.16666666666666669,0.16666666666666669,0.16666666666666669,0.16666666666666669,0.16666666666666669,0.16666666666666669
94,94.0,94.7,0.16666666666666669,0.16666666666666669,0.16666666666666669,0.16666666666666669,0.16666666666666669,0.16666666666666669
95,95.0,95.7,0.16666666666666669,0.16666666666666669,0.16666666666666669,0.16666666666666669,0.16666666666666669,0.16666666666666669
96,96.0,96.7,0.16666666666666669,0.16666666666666669,0.16666666666666669,0.16666666666666669,0.16666666666666669,0.16666666666666669
97,97.0,97.7,0.16666666666666669,0.16666666666666669,0.16666666666666669,0.16666666666666669,0.16666666666666669,0.16666666666666669
98,98.0,98.7,0.16666666666666669,0.16666666666666669,0.16666666666666669,0.16666666666666669,0.16666666666666669,0.16666666666666669
99,99.0,99.7,0.16666666666666669,0.16666666666666669,0.16666666666666669,0.16666666666666669,0.16666666666666669,0.16666666666666669
100,100.0,100.7,0.16666666666666669,0.16666666666666669,0.16666666666666669,0.16666666666666669,0.16666666666666669,0.16666666666666669
101,101.0,101.7,0.16666666666666669,0.16666666666666669,0.16666666666666669,0.16666666666666669,0.16666666666666669,0.16666666666666669
102,102.0,102.7,0.16666666666666669,0.16666666666666669,0.16666666666666669,0.16666666666666669,0.16666666666666669,0.16666666666666669
103,103.0,103.7,0.16666666666666669,0.16666666666666669,0.16666666666666669,0.16666666666666669,0.16666666666666669,0.16666666666666669
104,104.0,104.7,0.16666666666666669,0.16666666666666669,0.16666666666666669,0.16666666666666669,0.16666666666666669,0.16666666666666669
105,105.0,105.7,0.16666666666666669,0.16666666666666669,0.16666666666666669,0.16666666666666669,0.16666666666666669,0.16666666666666669
106,106.0,106.7,0.16666666666666669,0.16666666666666669,0.16666666666666669,0.16666666666666669,0.16666666666666669,0.16666666666666669
107,107.0,107.7,0.16666666666666669,0.16666666666666669,0.16666666666666669,0.16666666666666669,0.16666666666666669,0.16666666666666669
108,108.0,108.7,0.16666666666666669,0.16666666666666669,0.16666666666666669,0.16666666666666669,0.16666666666666669,0.16666666666666669
109,109.0,109.7,0.16666666666666669,0.16666666666666669,0.16666666666666669,0.16666666666666669,0.16666666666666669,0.16666666666666669
110,110.0,110.7,0.16666666666666669,0.16666666666666669,0.16666666666666669,0.16666666666666669,0.16666666666666669,0.16666666666666669
111,111.0,111.7,0.16666666666666669,0.16666666666666669,0.16666666666666669,0.16666666666666669,0.16666666666666669,0.16666666666666669
112,112.0,112.7,0.16666666666666669,0.16666666666666669,0.16666666666666669,0.16666666666666669,0.16666666666666669,0.16666666666666669
113,113.0,113.7,0.16666666666666669,0.16666666666666669,0.16666666666666669,0.16666666666666669,0.16666666666666669,0.16666666666666669
114,114.0,114.7,0.16666666666666669,0.16666666666666669,0.16666666666666669,0.16666666666666669,0.16666666666666669,0.16666666666666669
115,115.0,115.7,0.16666666666666669,0.16666666666666669,0.16666666666666669,0.16666666666666669,0.16666666666666669,0.16666666666666669
116,116.0,116.7,0.16666666666666669,0.16666666666666669,0.16666666666666669,0.16666666666666669,0.16666666666666669,0.16666666666666669
117,117.0,117.7,0.16666666666666669,0.16666666666666669,0.16666666666666669,0.16666666666666669,0.16666666666666669,0.16666666666666669
118,118.0,118.7,0.16666666666666669,0.16666666666666669,0.16666666666666669,0.16666666666666669,0.16666666666666669,0.16666666666666669
119,119.0,119.7,0.16666666666666669,0.16666666666666669,0.16666666666666669,0.16666666666666669,0.16666666666666669,0.16666666666666669
120,120.0,120.7,0.16666666666666669,0.16666666666666669,0.16666666666666669,0.16666666666666669,0.16666666666666669,0.16666666666666669
121,121.0,121.7,0.16666666666666669,0.16666666666666669,0.16666666666666669,0.16666666666666669,0.16666666666666669,0.16666666666666669
122,122.0,122.7,0.16666666666666669,0.16666666666666669,0.16666666666666669,0.16666666666666669,0.16666666666666669,0.16666666666666669
123,123.0,123.7,0.16666666666666669,0.16666666666666669,0.16666666666666669,0.16666666666666669,0.16666666666666669,0.16666666666666669
124,124.0,124.7,0.16666666666666669,0.16666666666666669,0.16666666666666669,0.16666666666666669,0.16666666666666669,0.16666666666666669
125,125.0,125.7,0.16666666666666669,0.16666666666666669,0.16666666666666669,0.16666666666666669,0.16666666666666669,0.16666666666666669
126,126.0,126.7,0.16666666666666669,0.16666666666666669,0.16666666666666669,0.16666666666666669,0.16666666666666669,0.16666666666666669
127,127.0,127.7,0.16666666666666669,0.16666666666666669,0.16666666666666669,0.16666666666666669,0.16666666666666669,0.16666666666666669
128,128.0,128.7,0.16666666666666669,0.16666666666666669,0.16666666666666669,0.16666666666666669,0.16666666666666669,0.16666666666666669
129,129.0,129.7,0.16666666666666669,0.16666666666666669,0.16666666666666669,0.16666666666666669,0.16666666666666669,0.16666666666666669
130,130.0,130.7,0.16666666666666669,0.16666666666666669,0.16666666666666669,0.16666666666666669,0.16666666666666669,0.16666666666666669
131,131.0,131.7,0.16666666666666669,0.16666666666666669,0.16666666666666669,0.16666666666666669,0.16666666666666669,0.16666666666666669
132,132.0,132.7,0.16666666666666669,0.16666666666666669,0.16666666666666669,0.16666666666666669,0.16666666666666669,0.16666666666666669
133,133.0,133.7,0.16666666666666669,0.16666666666666669,0.16666666666666669,0.16666666666666669,0.16666666666666669,0.16666666666666669
134,134.0,134.7,0.16666666666666669,0.16666666666666669,0.16666666666666669,0.16666666666666669,0.16666666666666669,0.16666666666666669
135,135.0,135.7,0.16666666666666669,0.16666666666666669,0.16666666666666669,0.16666666666666669,0.16666666666666669,0.16666666666666669
136,136.0,136.7,0.16666666666666669,0.16666666666666669,0.16666666666666669,0.16666666666666669,0.16666666666666669,0.16666666666666669
137,137.0,137.7,0.16666666666666669,0.16666666666666669,0.16666666666666669,0.16666666666666669,0.16666666666666669,0.16666666666666669
138,138.0,138.7,0.16666666666666669,0.16666666666666669,0.16666666666666669,0.16666666666666669,0.16666666666666669,0.16666666666666669
139,139.0,139.7,0.16666666666666669,0.16666666666666669,0.16666666666666669,0.16666666666666669,0.16666666666666669,0.16666666666666669
140,140.0,140.7,0.16666666666666669,0.16666666666666669,0.16666666666666669,0.16666666666666669,0.16666666666666669,0.16666666666666669
141,141.0,141.7,0.16666666666666669,0.16666666666666669,0.16666666666666669,0.16666666666666669,0.16666666666666669,0.16666666666666669
142,142.0,142.7,0.16666666666666669,0.16666666666666669,0.16666666666666669,0.16666666666666669,0.16666666666666669,0.16666666666666669
143,143.0,143.7,0.16666666666666669,0.16666666666666669,0.16666666666666669,0.16666666666666669,0.16666666666666669,0.16666666666666669
144,144.0,144.7,0.16666666666666669,0.16666666666666669,0.16666666666666669,0.16666666666666669,0.16666666666666669,0.16666666666666669
145,145.0,145.7,0.16666666666666669,0.16666666666666669,0.16666666666666669,0.16666666666666669,0.16666666666666669,0.16666666666666669
146,146.0,146.7,0.16666666666666669,0.16666666666666669,0.16666666666666669,0.16666666666666669,0.16666666666666669,0.16666666666666669
147,147.0,147.7,0.16666666666666669,0.16666666666666669,0.16666666666666669,0.16666666666666669,0.16666666666666669,0.16666666666666669
148,148.0,148.7,0.16666666666666669,0.16666666666666669,0.16666666666666669,0.16666666666666669,0.16666666666666669,0.16666666666666669
149,149.0,149.7,0.16666666666666669,0.16666666666666669,0.16666666666666669,0.16666666666666669,0.16666666666666669,0.16666666666666669
150,150.0,150.7,0.16666666666666669,0.16666666666666669,0.16666666666666669,0.16666666666666669,0.16666666666666669,0.16666666666666669
151,151.0,151.7,0.16666666666666669,0.16666666666666669,0.16666666666666669,0.16666666666666669,0.16666666666666669,0.16666666666666669
152,152.0,152.7,0.16666666666666669,0.16666666666666669,0.16666666666666669,0.16666666666666669,0.16666666666666669,0.16666666666666669
153,153.0,153.7,0.16666666666666669,0.16666666666666669,0.16666666666666669,0.16666666666666669,0.16666666666666669,0.16666666666666669
154,154.0,154.7,0.16666666666666669,0.16666666666666669,0.16666666666666669,0.16666666666666669,0.16666666666666669,0.16666666666666669
155,155.0,155.7,0.16666666666666669,0.16666666666666669,0.16666666666666669,0.16666666666666669,0.16666666666666669,0.16666666666666669
156,156.0,156.8,0.16666666666666669,0.16666666666666669,0.16666666666666669,0.16666666666666669,0.16666666666666669,0.16666666666666669
157,157.0,157.8,0.16666666666666669,0.16666666666666669,0.16666666666666669,0.16666666666666669,0.16666666666666669,0.16666666666666669
158,158.0,158.8,0.16666666666666669,0.16666666666666669,0.16666666666666669,0.16666666666666669,0.16666666666666669,0.16666666666666669
159,159.0,159.8,0.16666666666666669,0.16666666666666669,0.16666666666666669,0.16666666666666669,0.16666666666666669,0.16666666666666669
160,160.0,160.8,0.16666666666666669,0.16666666666666669,0.16666666666666669,0.16666666666666669,0.16666666666666669,0.16666666666666669
161,161.0,161.8,0.16666666666666669,0.16666666666666669,0.16666666666666669,0.16666666666666669,0.16666666666666669,0.16666666666666669
162,162.0,162.8,0.16666666666666669,0.16666666666666669,0.16666666666666669,0.16666666666666669,0.16666666666666669,0.16666666666666669
163,163.0,163.8,0.16666666666666669,0.16666666666666669,0.16666666666666669,0.16666666666666669,0.16666666666666669,0.16666666666666669
164,164.0,164.8,0.16666666666666669,0.16666666666666669,0.16666666666666669,0.16666666666666669,0.16666666666666669,0.16666666666666669
165,165.0,165.8,0.16666666666666669,0.16666666666666669,0.16666666666666669,0.16666666666666669,0.16666666666666669,0.16666666666666669
166,166.0,166.8,0.16666666666666669,0.16666666666666669,0.16666666666666669,0.16666666666666669,0.16666666666666669,0.16666666666666669
167,167.0,167.8,0.16666666666666669,0.16666666666666669,0.16666666666666669,0.16666666666666669,0.16666666666666669,0.16666666666666669
168,168.0,168.8,0.16666666666666669,0.16666666666666669,0.16666666666666669,0.16666666666666669,0.16666666666666669,0.16666666666666669
169,169.0,169.9,0.16666666666666669,0.16666666666666669,0.16666666666666669,0.16666666666666669,0.16666666666666669,0.16666666666666669
170,170.0,170.9,0.16666666666666669,0.16666666666666669,0.16666666666666669,0.16666666666666669,0.16666666666666669,0.16666666666666669
171,171.0,171.9,0.16666666666666669,0.16666666666666669,0.16666666666666669,0.16666666666666669,0.16666666666666669,0.16666666666666669
172,172.0,172.9,0.16666666666666669,0.16666666666666669,0.16666666666666669,0.16666666666666669,0.16666666666666669,0.16666666666666669
173,173.0,173.9,0.16666666666666669,0.16666666666666669,0.16666666666666669,0.16666666666666669,0.16666666666666669,0.16666666666666669
174,174.0,174.9,0.16666666666666669,0.16666666666666669,0.16666666666666669,0.16666666666666669,0.16666666666666669,0.16666666666666669
175,175.0,175.9,0.16666666666666669,0.16666666666666669,0.16666666666666669,0.16666666666666669,0.16666666666666669,0.16666666666666669
176,176.0,176.9,0.16666666666666669,0.16666666666666669,0.16666666666666669,0.16666666666666669,0.16666666666666669,0.16666666666666669
177,177.0,177.9,0.16666666666666669,0.16666666666666669,0.16666666666666669,0.16666666666666669,0.16666666666666669,0.16666666666666669
178,178.0,178.9,0.16666666666666669,0.16666666666666669,0.16666666666666669,0.16666666666666669,0.16666666666666669,0.16666666666666669
179,179.0,179.9,0.16666666666666669,0.16666666666666669,0.16666666666666669,0.16666666666666669,0.16666666666666669,0.16666666666666669
180,180.0,180.9,0.16666666666666669,0.16666666666666669,0.16666666666666669,0.16666666666666669,0.16666666666666669,0.16666666666666669
181,181.0,181.9,0.16666666666666669,0.16666666666666669,0.16666666666666669,0.16666666666666669,0.16666666666666669,0.16666666666666669
182,182.0,182.9,0.16666666666666669,0.16666666666666669,0.16666666666666669,0.16666666666666669,0.16666666666666669,0.16666666666666669
183,183.0,183.9,0.16666666666666669,0.16666666666666669,0.16666666666666669,0.16666666666666669,0.16666666666666669,0.16666666666666669
184,184.0,184.9,0.16666666666666669,0.16666666666666669,0.16666666666666669,0.16666666666666669,0.16666666666666669,0.16666666666666669
185,185.0,186.0,0.16666666666666669,0.16666666666666669,0.16666666666666669,0.16666666666666669,0.16666666666666669,0.16666666666666669
186,186.0,187.0,0.16666666666666669,0.16666666666666669,0.16666666666666669,0.16666666666666669,0.16666666666666669,0.16666666666666669
187,187.0,188.0,0.16666666666666669,0.16666666666666669,0.16666666666666669,0.16666666666666669,0.16666666666666669,0.16666666666666669
188,188.0,189.0,0.16666666666666669,0.16666666666666669,0.16666666666666669,0.16666666666666669,0.16666666666666669,0.16666666666666669
189,189.0,190.0,0.16666666666666669,0.16666666666666669,0.16666666666666669,0.16666666666666669,0.16666666666666669,0.16666666666666669
190,190.0,191.0,0.16666666666666669,0.16666666666666669,0.16666666666666669,0.16666666666666669,0.16666666666666669,0.16666666666666669
191,191.0,192.0,0.16666666666666669,0.16666666666666669,0.16666666666666669,0.16666666666666669,0.16666666666666669,0.16666666666666669
192,192.0,193.0,0.16666666666666669,0.16666666666666669,0.16666666666666669,0.16666666666666669,0.16666666666666669,0.16666666666666669
193,193.0,194.0,0.16666666666666669,0.16666666666666669,0.16666666666666669,0.16666666666666669,0.16666666666666669,0.16666666666666669
194,194.0,195.0,0.16666666666666669,0.16666666666666669,0.16666666666666669,0.16666666666666669,0.16666666666666669,0.16666666666666669
195,195.0,196.0,0.16666666666666669,0.16666666666666669,0.16666666666666669,0.16666666666666669,0.16666666666666669,0.16666666666666669
196,196.0,197.0,0.16666666666666669,0.16666666666666669,0.16666666666666669,0.16666666666666669,0.16666666666666669,0.16666666666666669
197,197.0,198.0,0.16666666666666669,0.16666666666666669,0.16666666666666669,0.16666666666666669,0.16666666666666669,0.16666666666666669
198,198.0,199.0,0.1642857142857143,0.1642857142857143,0.17857142857142858,0.1642857142857143,0.1642857142857143,0.1642857142857143
199,199.0,200.0,0.16190476190476194,0.16190476190476194,0.1761904761904762,0.1761904761904762,0.16190476190476194,0.16190476190476194
200,200.0,201.0,0.16011904761904763,0.16011904761904763,0.17261904761904764,0.17440476190476192,0.17261904761904764,0.16011904761904763
201,201.0,202.0,0.17063492063492064,0.15634920634920638,0.17857142857142858,0.17063492063492064,0.16746031746031748,0.15634920634920638
202,202.0,203.0,0.18015873015873013,0.15158730158730158,0.1738095238095238,0.16587301587301587,0.17698412698412697,0.15158730158730158
203,203.0,204.0,0.173015873015873,0.15873015873015875,0.16845238095238096,0.15873015873015875,0.18234126984126983,0.15873015873015875
204,204.0,205.0,0.18134920634920634,0.15595238095238098,0.15595238095238095,0.15734126984126987,0.19206349206349208,0.15734126984126987
205,205.0,206.0,0.17884920634920637,0.16345238095238096,0.15234126984126986,0.16456349206349208,0.18734126984126984,0.15345238095238095
206,206.0,207.0,0.17436868686868687,0.16893939393939394,0.14873737373737375,0.17436868686868687,0.18282828282828284,0.15075757575757578
207,207.0,208.0,0.18261904761904763,0.17595238095238094,0.15484126984126984,0.16928571428571432,0.15484126984126984,0.16246031746031747
208,208.0,209.0,0.1769022644022644,0.16804445554445557,0.15553474303474304,0.17425074925074927,0.15693334443334445,0.16833444333444333
209,209.0,210.0,0.16341020091020092,0.1656635031635032,0.15315379065379067,0.18615551115551116,0.15455239205239207,0.17706460206460206
210,210.0,211.0,0.17091020091020093,0.16316350316350317,0.15065379065379064,0.19115551115551116,0.15205239205239207,0.17206460206460208
211,211.0,212.0,0.17155122655122657,0.1650865800865801,0.15321789321789323,0.1917965367965368,0.14564213564213563,0.17270562770562772
212,212.0,213.0,0.1697655122655123,0.1633008658008658,0.15143217893217895,0.20251082251082253,0.14385642135642135,0.16913419913419916
213,213.0,214.0,0.1697655122655123,0.1633008658008658,0.15143217893217895,0.20251082251082253,0.14385642135642135,0.16913419913419916
214,214.0,215.0,0.17115440115440117,0.1633008658008658,0.15143217893217895,0.19001082251082252,0.14385642135642135,0.18024531024531026
215,215.0,216.0,0.1683766233766234,0.17302308802308802,0.15004329004329003,0.18862193362193364,0.14246753246753247,0.17746753246753247
216,216.0,217.0,0.17004329004329005,0.16802308802308805,0.14670995670995673,0.1902886002886003,0.14580086580086582,0.17913419913419912
217,217.0,218.0,0.16782106782106782,0.16580086580086584,0.14559884559884562,0.1891774891774892,0.1446897546897547,0.18691197691197692
218,218.0,219.0,0.16691197691197693,0.16398268398268398,0.14287157287157287,0.1882683982683983,0.15196248196248197,0.186002886002886
219,219.0,220.0,0.17191197691197693,0.16648268398268398,0.1453715728715729,0.1832683982683983,0.15446248196248197,0.17850288600288602
220,220.0,221.0,0.17191197691197693,0.16648268398268398,0.1453715728715729,0.1832683982683983,0.15446248196248197,0.17850288600288602
221,221.0,222.0,0.17191197691197693,0.16648268398268398,0.1453715728715729,0.1832683982683983,0.15446248196248197,0.17850288600288602
222,222.0,223.0,0.17191197691197693,0.16648268398268398,0.1453715728715729,0.1832683982683983,0.15446248196248197,0.17850288600288602
223,223.0,224.0,0.17393217893217894,0.15941197691197692,0.15143217893217895,0.18528860028860034,0.14941197691197694,0.18052308802308806
224,224.0,225.0,0.17282106782106782,0.16830086580086584,0.14809884559884562,0.1841774891774892,0.14718975468975473,0.1794119769119769
225,225.0,226.0,0.17191197691197693,0.16648268398268398,0.154462481962482,0.1832683982683983,0.1453715728715729,0.17850288600288602
226,226.0,227.0,0.15286435786435787,0.17283189033189034,0.15763708513708516,0.18644300144300147,0.14854617604617606,0.1816774891774892
227,227.0,228.0,0.1510786435786436,0.19085137085137086,0.14676046176046179,0.1846572871572872,0.14676046176046179,0.1798917748917749
228,228.0,229.0,0.14893217893217897,0.18441197691197692,0.14309884559884561,0.19362193362193364,0.1521897546897547,0.17774531024531026
229,229.0,230.0,0.15234126984126986,0.2037301587301587,0.14650793650793653,0.17884920634920637,0.14650793650793653,0.17206349206349209
230,230.0,231.0,0.15123015873015874,0.21039682539682542,0.1453968253968254,0.17662698412698413,0.1453968253968254,0.17095238095238097
231,231.0,232.0,0.1519877344877345,0.22176046176046177,0.13857864357864358,0.1773845598845599,0.13857864357864358,0.17170995670995673
232,232.0,233.0,0.1519877344877345,0.22176046176046177,0.13857864357864358,0.1773845598845599,0.13857864357864358,0.17170995670995673
233,233.0,234.0,0.15059884559884562,0.23779581529581528,0.1371897546897547,0.17599567099567098,0.1280988455988456,0.17032106782106785
234,234.0,235.0,0.14857142857142858,0.2475793650793651,0.1344047619047619,0.17507936507936508,0.12607142857142856,0.1682936507936508
235,235.0,236.0,0.14857142857142858,0.2475793650793651,0.1344047619047619,0.17507936507936508,0.12607142857142856,0.1682936507936508
236,236.0,237.0,0.14793040293040294,0.2514255189255189,0.1331227106227106,0.17443833943833945,0.12543040293040292,0.16765262515262516
237,237.0,238.0,0.13832722832722832,0.2367032967032967,0.1491941391941392,0.1737240537240537,0.1272161172161172,0.1748351648351648
238,238.0,239.0,0.13793040293040293,0.22797313797313795,0.1487973137973138,0.17332722832722833,0.12681929181929183,0.18515262515262515
239,239.0,240.0,0.13570818070818072,0.22686202686202686,0.1476862026862027,0.1711050061050061,0.1257081807081807,0.19293040293040292
240,240.0,241.0,0.13250111000111003,0.23456404706404704,0.1453882228882229,0.15789793539793542,0.12341020091020091,0.20623848373848372
241,241.0,242.0,0.1315920190920191,0.2391095016095016,0.14447913197913195,0.15698884448884448,0.12250111000111,0.20532939282939283
242,242.0,243.0,0.13147546897546897,0.2442460317460317,0.12314213564213564,0.16596320346320345,0.12314213564213564,0.21203102453102454
243,243.0,244.0,0.13147546897546897,0.2442460317460317,0.12314213564213564,0.16596320346320345,0.13425324675324674,0.20091991341991342
244,244.0,245.0,0.13036435786435785,0.2531349206349206,0.12203102453102452,0.16485209235209236,0.13203102453102453,0.1975865800865801
245,245.0,246.0,0.12112193362193362,0.2604076479076479,0.12112193362193362,0.17227633477633478,0.1302128427128427,0.19485930735930734
246,246.0,247.0,0.1197233322233322,0.25749389499389497,0.1197233322233322,0.16959568209568207,0.12805666555666553,0.2054070929070929
247,247.0,248.0,0.1197233322233322,0.24320818070818068,0.1340090465090465,0.16959568209568207,0.12805666555666553,0.2054070929070929
248,248.0,249.0,0.11793761793761792,0.2414224664224664,0.14293761793761792,0.1678099678099678,0.12627095127095125,0.2036213786213786
249,249.0,250.0,0.11793761793761792,0.23233155733155733,0.15202852702852704,0.1678099678099678,0.12627095127095125,0.2036213786213786
250,250.0,251.0,0.11793761793761792,0.23233155733155733,0.15202852702852704,0.1678099678099678,0.12627095127095125,0.2036213786213786
251,251.0,252.0,0.11960428460428459,0.2373315573315573,0.1536951936951937,0.16947663447663447,0.12960428460428458,0.19028804528804527
252,252.0,253.0,0.11884670884670882,0.23354367854367855,0.15218004218004216,0.16871905871905873,0.13718004218004218,0.18953046953046954
253,253.0,254.1,0.11884670884670882,0.23354367854367855,0.15218004218004216,0.16871905871905873,0.13718004218004218,0.18953046953046954
254,254.0,255.1,0.11884670884670882,0.23354367854367855,0.15218004218004216,0.16871905871905873,0.13718004218004218,0.18953046953046954
255,255.0,256.1,0.11884670884670882,0.2252103452103452,0.1480133755133755,0.18121905871905872,0.13718004218004218,0.18953046953046954
256,256.0,257.1,0.11820568320568318,0.22264624264624264,0.1460902985902986,0.18057803307803308,0.13589799089799087,0.19658175158175156
257,257.0,258.1,0.11820568320568318,0.22264624264624264,0.1460902985902986,0.18057803307803308,0.13589799089799087,0.19658175158175156
258,258.0,259.1,0.11820568320568318,0.23033855033855036,0.1460902985902986,0.18057803307803308,0.1282056832056832,0.19658175158175156
259,259.0,260.1,0.11820568320568318,0.23033855033855036,0.1460902985902986,0.18057803307803308,0.1282056832056832,0.19658175158175156
260,260.0,261.1,0.12451159951159951,0.2278998778998779,0.1523962148962149,0.1777930402930403,0.12451159951159951,0.19288766788766792
261,261.0,262.1,0.12451159951159951,0.2278998778998779,0.1523962148962149,0.1777930402930403,0.12451159951159951,0.19288766788766792
262,262.0,263.1,0.12213064713064711,0.22551892551892552,0.1500152625152625,0.1754120879120879,0.12213064713064711,0.2047924297924298
263,263.0,264.1,0.12034493284493282,0.23444749694749692,0.1482295482295482,0.17362637362637362,0.12034493284493282,0.2030067155067155
264,264.0,265.1,0.13349206349206347,0.24634920634920632,0.16277777777777774,0.1613888888888889,0.12349206349206347,0.1725
265,265.0,266.1,0.13028499278499278,0.24132395382395383,0.1702020202020202,0.1590909090909091,0.13028499278499278,0.1688131313131313
266,266.0,267.1,0.13765873015873015,0.24551587301587302,0.16611111111111107,0.1572222222222222,0.12765873015873014,0.1658333333333333
267,267.0,268.1,0.13277278277278276,0.2503302253302253,0.16095709845709844,0.15388639138639135,0.13137418137418136,0.17067932067932065
268,268.0,269.1,0.13015873015873014,0.24682539682539678,0.18075396825396822,0.13829365079365077,0.12896825396825393,0.175
269,269.0,270.1,0.12625152625152622,0.242979242979243,0.16718559218559217,0.14613858363858362,0.13339438339438342,0.18405067155067156
270,270.0,271.1,0.12625152625152622,0.242979242979243,0.16718559218559217,0.14613858363858362,0.13339438339438342,0.18405067155067156
271,271.0,272.1,0.12625152625152622,0.242979242979243,0.15468559218559216,0.14613858363858362,0.13339438339438342,0.19655067155067157
272,272.0,273.1,0.12625152625152622,0.242979242979243,0.15468559218559216,0.14613858363858362,0.13339438339438342,0.19655067155067157
273,273.0,274.1,0.12625152625152622,0.242979242979243,0.15468559218559216,0.14613858363858362,0.13339438339438342,0.19655067155067157
274,274.0,275.1,0.12913614163614162,0.24751221001220997,0.17130647130647128,0.14847374847374845,0.13682844932844934,0.16674297924297926
275,275.0,276.1,0.13196581196581197,0.26284188034188033,0.16696581196581195,0.1489957264957265,0.13735042735042735,0.15188034188034188
276,276.0,277.1,0.13014763014763014,0.2610236985236985,0.17332944832944835,0.14808663558663557,0.13644133644133644,0.15097125097125097
277,277.0,278.1,0.12863247863247862,0.25950854700854703,0.1786324786324786,0.1473290598290598,0.1356837606837607,0.1502136752136752
278,278.0,279.1,0.14684065934065935,0.23757631257631256,0.19174297924297923,0.14078144078144078,0.14366605616605616,0.1393925518925519
279,279.0,280.1,0.14684065934065935,0.23757631257631256,0.19174297924297923,0.14078144078144078,0.14366605616605616,0.1393925518925519
280,280.0,281.1,0.14684065934065935,0.23757631257631256,0.19174297924297923,0.14078144078144078,0.14366605616605616,0.1393925518925519
281,281.0,282.1,0.14684065934065935,0.23757631257631256,0.19174297924297923,0.14078144078144078,0.14366605616605616,0.1393925518925519
282,282.0,283.1,0.14572954822954826,0.22063186813186814,0.1906318681318681,0.14967032967032964,0.15505494505494505,0.13828144078144078
283,283.0,284.1,0.14572954822954826,0.22063186813186814,0.1906318681318681,0.14967032967032964,0.15505494505494505,0.13828144078144078
284,284.0,285.1,0.14434065934065937,0.20924297924297924,0.19785409035409035,0.14828144078144076,0.16338827838827838,0.1368925518925519
285,285.0,286.1,0.14343156843156843,0.21560661560661565,0.19603590853590855,0.14646325896325896,0.16247918747918746,0.13598346098346098
286,286.0,287.1,0.151007326007326,0.2000763125763126,0.18340964590964592,0.14494810744810743,0.16172161172161173,0.15883699633699633
287,287.0,288.1,0.15562271062271066,0.2016147741147741,0.1857173382173382,0.14725579975579975,0.14864468864468866,0.16114468864468864
288,288.0,289.1,0.15562271062271066,0.2016147741147741,0.1857173382173382,0.14725579975579975,0.14864468864468866,0.16114468864468864
289,289.0,290.1,0.15562271062271066,0.2016147741147741,0.1857173382173382,0.14725579975579975,0.14864468864468866,0.16114468864468864
290,290.0,291.1,0.15879731379731382,0.19367826617826617,0.17778083028083028,0.1504304029304029,0.154993894993895,0.1643192918192918
291,291.0,292.1,0.15701159951159954,0.20439255189255187,0.175995115995116,0.14864468864468863,0.15142246642246643,0.16253357753357753
292,292.0,293.1,0.15701159951159954,0.20439255189255187,0.175995115995116,0.14864468864468863,0.15142246642246643,0.16253357753357753
293,293.0,294.1,0.15701159951159954,0.20439255189255187,0.175995115995116,0.14864468864468863,0.15142246642246643,0.16253357753357753
294,294.0,295.1,0.15562271062271066,0.2016147741147741,0.1857173382173382,0.14725579975579975,0.14864468864468866,0.16114468864468864
295,295.0,296.1,0.1431227106227106,0.20340048840048838,0.18928876678876677,0.13654151404151402,0.15043040293040294,0.1772161172161172
296,296.0,297.1,0.1431227106227106,0.20340048840048838,0.18928876678876677,0.13654151404151402,0.15043040293040294,0.1772161172161172
