Total_iterations,Unnamed: 0.1,Intertwine_two,Add_vertex,Delete_vertex,Invert_path_vertices,Insert_inside_vertex,Delete_inside_vertex
0,0.0,0.1666666666666666,0.1666666666666666,0.1666666666666666,0.1666666666666666,0.1666666666666666,0.1666666666666666
1,1.0,0.1666666666666666,0.1666666666666666,0.1666666666666666,0.1666666666666666,0.1666666666666666,0.1666666666666666
2,2.0,0.1666666666666666,0.1666666666666666,0.1666666666666666,0.1666666666666666,0.1666666666666666,0.1666666666666666
3,3.0,0.1666666666666666,0.1666666666666666,0.1666666666666666,0.1666666666666666,0.1666666666666666,0.1666666666666666
4,4.0,0.1666666666666666,0.1666666666666666,0.1666666666666666,0.1666666666666666,0.1666666666666666,0.1666666666666666
5,5.0,0.1666666666666666,0.1666666666666666,0.1666666666666666,0.1666666666666666,0.1666666666666666,0.1666666666666666
6,6.0,0.1666666666666666,0.1666666666666666,0.1666666666666666,0.1666666666666666,0.1666666666666666,0.1666666666666666
7,7.0,0.1666666666666666,0.1666666666666666,0.1666666666666666,0.1666666666666666,0.1666666666666666,0.1666666666666666
8,8.0,0.1666666666666666,0.1666666666666666,0.1666666666666666,0.1666666666666666,0.1666666666666666,0.1666666666666666
9,9.0,0.1666666666666666,0.1666666666666666,0.1666666666666666,0.1666666666666666,0.1666666666666666,0.1666666666666666
10,10.0,0.1666666666666666,0.1666666666666666,0.1666666666666666,0.1666666666666666,0.1666666666666666,0.1666666666666666
11,11.0,0.1666666666666666,0.1666666666666666,0.1666666666666666,0.1666666666666666,0.1666666666666666,0.1666666666666666
12,12.0,0.1666666666666666,0.1666666666666666,0.1666666666666666,0.1666666666666666,0.1666666666666666,0.1666666666666666
13,13.0,0.1666666666666666,0.1666666666666666,0.1666666666666666,0.1666666666666666,0.1666666666666666,0.1666666666666666
14,14.0,0.1666666666666666,0.1666666666666666,0.1666666666666666,0.1666666666666666,0.1666666666666666,0.1666666666666666
15,15.0,0.1666666666666666,0.1666666666666666,0.1666666666666666,0.1666666666666666,0.1666666666666666,0.1666666666666666
16,16.0,0.1666666666666666,0.1666666666666666,0.1666666666666666,0.1666666666666666,0.1666666666666666,0.1666666666666666
17,17.0,0.1666666666666666,0.1666666666666666,0.1666666666666666,0.1666666666666666,0.1666666666666666,0.1666666666666666
18,18.0,0.1666666666666666,0.1666666666666666,0.1666666666666666,0.1666666666666666,0.1666666666666666,0.1666666666666666
19,19.0,0.1666666666666666,0.1666666666666666,0.1666666666666666,0.1666666666666666,0.1666666666666666,0.1666666666666666
20,20.0,0.1666666666666666,0.1666666666666666,0.1666666666666666,0.1666666666666666,0.1666666666666666,0.1666666666666666
21,21.0,0.1666666666666666,0.1666666666666666,0.1666666666666666,0.1666666666666666,0.1666666666666666,0.1666666666666666
22,22.0,0.1666666666666666,0.1666666666666666,0.1666666666666666,0.1666666666666666,0.1666666666666666,0.1666666666666666
23,23.0,0.1666666666666666,0.1666666666666666,0.1666666666666666,0.1666666666666666,0.1666666666666666,0.1666666666666666
24,24.0,0.1666666666666666,0.1666666666666666,0.1666666666666666,0.1666666666666666,0.1666666666666666,0.1666666666666666
25,25.0,0.1666666666666666,0.1666666666666666,0.1666666666666666,0.1666666666666666,0.1666666666666666,0.1666666666666666
26,26.0,0.1666666666666666,0.1666666666666666,0.1666666666666666,0.1666666666666666,0.1666666666666666,0.1666666666666666
27,27.0,0.1666666666666666,0.1666666666666666,0.1666666666666666,0.1666666666666666,0.1666666666666666,0.1666666666666666
28,28.0,0.1666666666666666,0.1666666666666666,0.1666666666666666,0.1666666666666666,0.1666666666666666,0.1666666666666666
29,29.0,0.1666666666666666,0.1666666666666666,0.1666666666666666,0.1666666666666666,0.1666666666666666,0.1666666666666666
30,30.0,0.1666666666666666,0.1666666666666666,0.1666666666666666,0.1666666666666666,0.1666666666666666,0.1666666666666666
31,31.0,0.1666666666666666,0.1666666666666666,0.1666666666666666,0.1666666666666666,0.1666666666666666,0.1666666666666666
32,32.0,0.1666666666666666,0.1666666666666666,0.1666666666666666,0.1666666666666666,0.1666666666666666,0.1666666666666666
33,33.0,0.1666666666666666,0.1666666666666666,0.1666666666666666,0.1666666666666666,0.1666666666666666,0.1666666666666666
34,34.0,0.1666666666666666,0.1666666666666666,0.1666666666666666,0.1666666666666666,0.1666666666666666,0.1666666666666666
35,35.0,0.1666666666666666,0.1666666666666666,0.1666666666666666,0.1666666666666666,0.1666666666666666,0.1666666666666666
36,36.0,0.1666666666666666,0.1666666666666666,0.1666666666666666,0.1666666666666666,0.1666666666666666,0.1666666666666666
37,37.0,0.1666666666666666,0.1666666666666666,0.1666666666666666,0.1666666666666666,0.1666666666666666,0.1666666666666666
38,38.0,0.1666666666666666,0.1666666666666666,0.1666666666666666,0.1666666666666666,0.1666666666666666,0.1666666666666666
39,39.0,0.1666666666666666,0.1666666666666666,0.1666666666666666,0.1666666666666666,0.1666666666666666,0.1666666666666666
40,40.0,0.1666666666666666,0.1666666666666666,0.1666666666666666,0.1666666666666666,0.1666666666666666,0.1666666666666666
41,41.0,0.1666666666666666,0.1666666666666666,0.1666666666666666,0.1666666666666666,0.1666666666666666,0.1666666666666666
42,42.0,0.1666666666666666,0.1666666666666666,0.1666666666666666,0.1666666666666666,0.1666666666666666,0.1666666666666666
43,43.0,0.1666666666666666,0.1666666666666666,0.1666666666666666,0.1666666666666666,0.1666666666666666,0.1666666666666666
44,44.0,0.1666666666666666,0.1666666666666666,0.1666666666666666,0.1666666666666666,0.1666666666666666,0.1666666666666666
45,45.0,0.1666666666666666,0.1666666666666666,0.1666666666666666,0.1666666666666666,0.1666666666666666,0.1666666666666666
46,46.0,0.1666666666666666,0.1666666666666666,0.1666666666666666,0.1666666666666666,0.1666666666666666,0.1666666666666666
47,47.0,0.1666666666666666,0.1666666666666666,0.1666666666666666,0.1666666666666666,0.1666666666666666,0.1666666666666666
48,48.0,0.1666666666666666,0.1666666666666666,0.1666666666666666,0.1666666666666666,0.1666666666666666,0.1666666666666666
49,49.0,0.1666666666666666,0.1666666666666666,0.1666666666666666,0.1666666666666666,0.1666666666666666,0.1666666666666666
50,50.0,0.1666666666666666,0.1666666666666666,0.1666666666666666,0.1666666666666666,0.1666666666666666,0.1666666666666666
51,51.0,0.1666666666666666,0.1666666666666666,0.1666666666666666,0.1666666666666666,0.1666666666666666,0.1666666666666666
52,52.0,0.1666666666666666,0.1666666666666666,0.1666666666666666,0.1666666666666666,0.1666666666666666,0.1666666666666666
53,53.0,0.1666666666666666,0.1666666666666666,0.1666666666666666,0.1666666666666666,0.1666666666666666,0.1666666666666666
54,54.0,0.1666666666666666,0.1666666666666666,0.1666666666666666,0.1666666666666666,0.1666666666666666,0.1666666666666666
55,55.0,0.1666666666666666,0.1666666666666666,0.1666666666666666,0.1666666666666666,0.1666666666666666,0.1666666666666666
56,56.0,0.1666666666666666,0.1666666666666666,0.1666666666666666,0.1666666666666666,0.1666666666666666,0.1666666666666666
57,57.0,0.1666666666666666,0.1666666666666666,0.1666666666666666,0.1666666666666666,0.1666666666666666,0.1666666666666666
58,58.0,0.1666666666666666,0.1666666666666666,0.1666666666666666,0.1666666666666666,0.1666666666666666,0.1666666666666666
59,59.0,0.1666666666666666,0.1666666666666666,0.1666666666666666,0.1666666666666666,0.1666666666666666,0.1666666666666666
60,60.0,0.1666666666666666,0.1666666666666666,0.1666666666666666,0.1666666666666666,0.1666666666666666,0.1666666666666666
61,61.0,0.1666666666666666,0.1666666666666666,0.1666666666666666,0.1666666666666666,0.1666666666666666,0.1666666666666666
62,62.0,0.1666666666666666,0.1666666666666666,0.1666666666666666,0.1666666666666666,0.1666666666666666,0.1666666666666666
63,63.0,0.1666666666666666,0.1666666666666666,0.1666666666666666,0.1666666666666666,0.1666666666666666,0.1666666666666666
64,64.0,0.1666666666666666,0.1666666666666666,0.1666666666666666,0.1666666666666666,0.1666666666666666,0.1666666666666666
65,65.0,0.1666666666666666,0.1666666666666666,0.1666666666666666,0.1666666666666666,0.1666666666666666,0.1666666666666666
66,66.0,0.1666666666666666,0.1666666666666666,0.1666666666666666,0.1666666666666666,0.1666666666666666,0.1666666666666666
67,67.0,0.1666666666666666,0.1666666666666666,0.1666666666666666,0.1666666666666666,0.1666666666666666,0.1666666666666666
68,68.0,0.1666666666666666,0.1666666666666666,0.1666666666666666,0.1666666666666666,0.1666666666666666,0.1666666666666666
69,69.0,0.1666666666666666,0.1666666666666666,0.1666666666666666,0.1666666666666666,0.1666666666666666,0.1666666666666666
70,70.0,0.1666666666666666,0.1666666666666666,0.1666666666666666,0.1666666666666666,0.1666666666666666,0.1666666666666666
71,71.0,0.1666666666666666,0.1666666666666666,0.1666666666666666,0.1666666666666666,0.1666666666666666,0.1666666666666666
72,72.0,0.1666666666666666,0.1666666666666666,0.1666666666666666,0.1666666666666666,0.1666666666666666,0.1666666666666666
73,73.0,0.1666666666666666,0.1666666666666666,0.1666666666666666,0.1666666666666666,0.1666666666666666,0.1666666666666666
74,74.0,0.1666666666666666,0.1666666666666666,0.1666666666666666,0.1666666666666666,0.1666666666666666,0.1666666666666666
75,75.0,0.1666666666666666,0.1666666666666666,0.1666666666666666,0.1666666666666666,0.1666666666666666,0.1666666666666666
76,76.0,0.1666666666666666,0.1666666666666666,0.1666666666666666,0.1666666666666666,0.1666666666666666,0.1666666666666666
77,77.0,0.1666666666666666,0.1666666666666666,0.1666666666666666,0.1666666666666666,0.1666666666666666,0.1666666666666666
78,78.0,0.1666666666666666,0.1666666666666666,0.1666666666666666,0.1666666666666666,0.1666666666666666,0.1666666666666666
79,79.0,0.1666666666666666,0.1666666666666666,0.1666666666666666,0.1666666666666666,0.1666666666666666,0.1666666666666666
80,80.0,0.1666666666666666,0.1666666666666666,0.1666666666666666,0.1666666666666666,0.1666666666666666,0.1666666666666666
81,81.0,0.1666666666666666,0.1666666666666666,0.1666666666666666,0.1666666666666666,0.1666666666666666,0.1666666666666666
82,82.0,0.1666666666666666,0.1666666666666666,0.1666666666666666,0.1666666666666666,0.1666666666666666,0.1666666666666666
83,83.0,0.1666666666666666,0.1666666666666666,0.1666666666666666,0.1666666666666666,0.1666666666666666,0.1666666666666666
84,84.0,0.1666666666666666,0.1666666666666666,0.1666666666666666,0.1666666666666666,0.1666666666666666,0.1666666666666666
85,85.0,0.1666666666666666,0.1666666666666666,0.1666666666666666,0.1666666666666666,0.1666666666666666,0.1666666666666666
86,86.0,0.1666666666666666,0.1666666666666666,0.1666666666666666,0.1666666666666666,0.1666666666666666,0.1666666666666666
87,87.0,0.1666666666666666,0.1666666666666666,0.1666666666666666,0.1666666666666666,0.1666666666666666,0.1666666666666666
88,88.0,0.1666666666666666,0.1666666666666666,0.1666666666666666,0.1666666666666666,0.1666666666666666,0.1666666666666666
89,89.0,0.1666666666666666,0.1666666666666666,0.1666666666666666,0.1666666666666666,0.1666666666666666,0.1666666666666666
90,90.0,0.1666666666666666,0.1666666666666666,0.1666666666666666,0.1666666666666666,0.1666666666666666,0.1666666666666666
91,91.0,0.1666666666666666,0.1666666666666666,0.1666666666666666,0.1666666666666666,0.1666666666666666,0.1666666666666666
92,92.0,0.1666666666666666,0.1666666666666666,0.1666666666666666,0.1666666666666666,0.1666666666666666,0.1666666666666666
93,93.0,0.1666666666666666,0.1666666666666666,0.1666666666666666,0.1666666666666666,0.1666666666666666,0.1666666666666666
94,94.0,0.1666666666666666,0.1666666666666666,0.1666666666666666,0.1666666666666666,0.1666666666666666,0.1666666666666666
95,95.0,0.1666666666666666,0.1666666666666666,0.1666666666666666,0.1666666666666666,0.1666666666666666,0.1666666666666666
96,96.0,0.1666666666666666,0.1666666666666666,0.1666666666666666,0.1666666666666666,0.1666666666666666,0.1666666666666666
97,97.0,0.1666666666666666,0.1666666666666666,0.1666666666666666,0.1666666666666666,0.1666666666666666,0.1666666666666666
98,98.0,0.1666666666666666,0.1666666666666666,0.1666666666666666,0.1666666666666666,0.1666666666666666,0.1666666666666666
99,99.0,0.1666666666666666,0.1666666666666666,0.1666666666666666,0.1666666666666666,0.1666666666666666,0.1666666666666666
100,100.0,0.1666666666666666,0.1666666666666666,0.1666666666666666,0.1666666666666666,0.1666666666666666,0.1666666666666666
101,101.0,0.1666666666666666,0.1666666666666666,0.1666666666666666,0.1666666666666666,0.1666666666666666,0.1666666666666666
102,102.0,0.1666666666666666,0.1666666666666666,0.1666666666666666,0.1666666666666666,0.1666666666666666,0.1666666666666666
103,103.0,0.1666666666666666,0.1666666666666666,0.1666666666666666,0.1666666666666666,0.1666666666666666,0.1666666666666666
104,104.0,0.1666666666666666,0.1666666666666666,0.1666666666666666,0.1666666666666666,0.1666666666666666,0.1666666666666666
105,105.0,0.1666666666666666,0.1666666666666666,0.1666666666666666,0.1666666666666666,0.1666666666666666,0.1666666666666666
106,106.0,0.1666666666666666,0.1666666666666666,0.1666666666666666,0.1666666666666666,0.1666666666666666,0.1666666666666666
107,107.0,0.1666666666666666,0.1666666666666666,0.1666666666666666,0.1666666666666666,0.1666666666666666,0.1666666666666666
108,108.0,0.1666666666666666,0.1666666666666666,0.1666666666666666,0.1666666666666666,0.1666666666666666,0.1666666666666666
109,109.0,0.1666666666666666,0.1666666666666666,0.1666666666666666,0.1666666666666666,0.1666666666666666,0.1666666666666666
110,110.0,0.1666666666666666,0.1666666666666666,0.1666666666666666,0.1666666666666666,0.1666666666666666,0.1666666666666666
111,111.0,0.1666666666666666,0.1666666666666666,0.1666666666666666,0.1666666666666666,0.1666666666666666,0.1666666666666666
112,112.0,0.1666666666666666,0.1666666666666666,0.1666666666666666,0.1666666666666666,0.1666666666666666,0.1666666666666666
113,113.0,0.1666666666666666,0.1666666666666666,0.1666666666666666,0.1666666666666666,0.1666666666666666,0.1666666666666666
114,114.0,0.1666666666666666,0.1666666666666666,0.1666666666666666,0.1666666666666666,0.1666666666666666,0.1666666666666666
115,115.0,0.1666666666666666,0.1666666666666666,0.1666666666666666,0.1666666666666666,0.1666666666666666,0.1666666666666666
116,116.0,0.1666666666666666,0.1666666666666666,0.1666666666666666,0.1666666666666666,0.1666666666666666,0.1666666666666666
117,117.0,0.1666666666666666,0.1666666666666666,0.1666666666666666,0.1666666666666666,0.1666666666666666,0.1666666666666666
118,118.0,0.1666666666666666,0.1666666666666666,0.1666666666666666,0.1666666666666666,0.1666666666666666,0.1666666666666666
119,119.0,0.1666666666666666,0.1666666666666666,0.1666666666666666,0.1666666666666666,0.1666666666666666,0.1666666666666666
120,120.0,0.1666666666666666,0.1666666666666666,0.1666666666666666,0.1666666666666666,0.1666666666666666,0.1666666666666666
121,121.0,0.1666666666666666,0.1666666666666666,0.1666666666666666,0.1666666666666666,0.1666666666666666,0.1666666666666666
122,122.0,0.1666666666666666,0.1666666666666666,0.1666666666666666,0.1666666666666666,0.1666666666666666,0.1666666666666666
123,123.0,0.1666666666666666,0.1666666666666666,0.1666666666666666,0.1666666666666666,0.1666666666666666,0.1666666666666666
124,124.0,0.1666666666666666,0.1666666666666666,0.1666666666666666,0.1666666666666666,0.1666666666666666,0.1666666666666666
125,125.0,0.1666666666666666,0.1666666666666666,0.1666666666666666,0.1666666666666666,0.1666666666666666,0.1666666666666666
126,126.0,0.1666666666666666,0.1666666666666666,0.1666666666666666,0.1666666666666666,0.1666666666666666,0.1666666666666666
127,127.0,0.1666666666666666,0.1666666666666666,0.1666666666666666,0.1666666666666666,0.1666666666666666,0.1666666666666666
128,128.0,0.1666666666666666,0.1666666666666666,0.1666666666666666,0.1666666666666666,0.1666666666666666,0.1666666666666666
129,129.0,0.1666666666666666,0.1666666666666666,0.1666666666666666,0.1666666666666666,0.1666666666666666,0.1666666666666666
130,130.0,0.1666666666666666,0.1666666666666666,0.1666666666666666,0.1666666666666666,0.1666666666666666,0.1666666666666666
131,131.0,0.1666666666666666,0.1666666666666666,0.1666666666666666,0.1666666666666666,0.1666666666666666,0.1666666666666666
132,132.0,0.1666666666666666,0.1666666666666666,0.1666666666666666,0.1666666666666666,0.1666666666666666,0.1666666666666666
133,133.0,0.1666666666666666,0.1666666666666666,0.1666666666666666,0.1666666666666666,0.1666666666666666,0.1666666666666666
134,134.0,0.1666666666666666,0.1666666666666666,0.1666666666666666,0.1666666666666666,0.1666666666666666,0.1666666666666666
135,135.0,0.1666666666666666,0.1666666666666666,0.1666666666666666,0.1666666666666666,0.1666666666666666,0.1666666666666666
136,136.0,0.1666666666666666,0.1666666666666666,0.1666666666666666,0.1666666666666666,0.1666666666666666,0.1666666666666666
137,137.0,0.1666666666666666,0.1666666666666666,0.1666666666666666,0.1666666666666666,0.1666666666666666,0.1666666666666666
138,138.0,0.1666666666666666,0.1666666666666666,0.1666666666666666,0.1666666666666666,0.1666666666666666,0.1666666666666666
139,139.0,0.1666666666666666,0.1666666666666666,0.1666666666666666,0.1666666666666666,0.1666666666666666,0.1666666666666666
140,140.0,0.1666666666666666,0.1666666666666666,0.1666666666666666,0.1666666666666666,0.1666666666666666,0.1666666666666666
141,141.0,0.1666666666666666,0.1666666666666666,0.1666666666666666,0.1666666666666666,0.1666666666666666,0.1666666666666666
142,142.0,0.1666666666666666,0.1666666666666666,0.1666666666666666,0.1666666666666666,0.1666666666666666,0.1666666666666666
143,143.0,0.1666666666666666,0.1666666666666666,0.1666666666666666,0.1666666666666666,0.1666666666666666,0.1666666666666666
144,144.0,0.1666666666666666,0.1666666666666666,0.1666666666666666,0.1666666666666666,0.1666666666666666,0.1666666666666666
145,145.0,0.1666666666666666,0.1666666666666666,0.1666666666666666,0.1666666666666666,0.1666666666666666,0.1666666666666666
146,146.0,0.1666666666666666,0.1666666666666666,0.1666666666666666,0.1666666666666666,0.1666666666666666,0.1666666666666666
147,147.0,0.1666666666666666,0.1666666666666666,0.1666666666666666,0.1666666666666666,0.1666666666666666,0.1666666666666666
148,148.0,0.1666666666666666,0.1666666666666666,0.1666666666666666,0.1666666666666666,0.1666666666666666,0.1666666666666666
149,149.0,0.1666666666666666,0.1666666666666666,0.1666666666666666,0.1666666666666666,0.1666666666666666,0.1666666666666666
150,150.0,0.1666666666666666,0.1666666666666666,0.1666666666666666,0.1666666666666666,0.1666666666666666,0.1666666666666666
151,151.0,0.1666666666666666,0.1666666666666666,0.1666666666666666,0.1666666666666666,0.1666666666666666,0.1666666666666666
152,152.0,0.1666666666666666,0.1666666666666666,0.1666666666666666,0.1666666666666666,0.1666666666666666,0.1666666666666666
153,153.0,0.1666666666666666,0.1666666666666666,0.1666666666666666,0.1666666666666666,0.1666666666666666,0.1666666666666666
154,154.0,0.1666666666666666,0.1666666666666666,0.1666666666666666,0.1666666666666666,0.1666666666666666,0.1666666666666666
155,155.0,0.1666666666666666,0.1666666666666666,0.1666666666666666,0.1666666666666666,0.1666666666666666,0.1666666666666666
156,156.0,0.1666666666666666,0.1666666666666666,0.1666666666666666,0.1666666666666666,0.1666666666666666,0.1666666666666666
157,157.0,0.1666666666666666,0.1666666666666666,0.1666666666666666,0.1666666666666666,0.1666666666666666,0.1666666666666666
158,158.0,0.1666666666666666,0.1666666666666666,0.1666666666666666,0.1666666666666666,0.1666666666666666,0.1666666666666666
159,159.0,0.1666666666666666,0.1666666666666666,0.1666666666666666,0.1666666666666666,0.1666666666666666,0.1666666666666666
160,160.0,0.1666666666666666,0.1666666666666666,0.1666666666666666,0.1666666666666666,0.1666666666666666,0.1666666666666666
161,161.0,0.1666666666666666,0.1666666666666666,0.1666666666666666,0.1666666666666666,0.1666666666666666,0.1666666666666666
162,162.0,0.1666666666666666,0.1666666666666666,0.1666666666666666,0.1666666666666666,0.1666666666666666,0.1666666666666666
163,163.0,0.1666666666666666,0.1666666666666666,0.1666666666666666,0.1666666666666666,0.1666666666666666,0.1666666666666666
164,164.0,0.1666666666666666,0.1666666666666666,0.1666666666666666,0.1666666666666666,0.1666666666666666,0.1666666666666666
165,165.0,0.1666666666666666,0.1666666666666666,0.1666666666666666,0.1666666666666666,0.1666666666666666,0.1666666666666666
166,166.0,0.1666666666666666,0.1666666666666666,0.1666666666666666,0.1666666666666666,0.1666666666666666,0.1666666666666666
167,167.0,0.1666666666666666,0.1666666666666666,0.1666666666666666,0.1666666666666666,0.1666666666666666,0.1666666666666666
168,168.0,0.1666666666666666,0.1666666666666666,0.1666666666666666,0.1666666666666666,0.1666666666666666,0.1666666666666666
169,169.0,0.1666666666666666,0.1666666666666666,0.1666666666666666,0.1666666666666666,0.1666666666666666,0.1666666666666666
170,170.0,0.1666666666666666,0.1666666666666666,0.1666666666666666,0.1666666666666666,0.1666666666666666,0.1666666666666666
171,171.0,0.1666666666666666,0.1666666666666666,0.1666666666666666,0.1666666666666666,0.1666666666666666,0.1666666666666666
172,172.0,0.1666666666666666,0.1666666666666666,0.1666666666666666,0.1666666666666666,0.1666666666666666,0.1666666666666666
173,173.0,0.1666666666666666,0.1666666666666666,0.1666666666666666,0.1666666666666666,0.1666666666666666,0.1666666666666666
174,174.0,0.1666666666666666,0.1666666666666666,0.1666666666666666,0.1666666666666666,0.1666666666666666,0.1666666666666666
175,175.0,0.1666666666666666,0.1666666666666666,0.1666666666666666,0.1666666666666666,0.1666666666666666,0.1666666666666666
176,176.0,0.1666666666666666,0.1666666666666666,0.1666666666666666,0.1666666666666666,0.1666666666666666,0.1666666666666666
177,177.0,0.1666666666666666,0.1666666666666666,0.1666666666666666,0.1666666666666666,0.1666666666666666,0.1666666666666666
178,178.0,0.1666666666666666,0.1666666666666666,0.1666666666666666,0.1666666666666666,0.1666666666666666,0.1666666666666666
179,179.0,0.1666666666666666,0.1666666666666666,0.1666666666666666,0.1666666666666666,0.1666666666666666,0.1666666666666666
180,180.0,0.1666666666666666,0.1666666666666666,0.1666666666666666,0.1666666666666666,0.1666666666666666,0.1666666666666666
181,181.0,0.1666666666666666,0.1666666666666666,0.1666666666666666,0.1666666666666666,0.1666666666666666,0.1666666666666666
182,182.0,0.1666666666666666,0.1666666666666666,0.1666666666666666,0.1666666666666666,0.1666666666666666,0.1666666666666666
183,183.0,0.1666666666666666,0.1666666666666666,0.1666666666666666,0.1666666666666666,0.1666666666666666,0.1666666666666666
184,184.0,0.1666666666666666,0.1666666666666666,0.1666666666666666,0.1666666666666666,0.1666666666666666,0.1666666666666666
185,185.0,0.1666666666666666,0.1666666666666666,0.1666666666666666,0.1666666666666666,0.1666666666666666,0.1666666666666666
186,186.0,0.1666666666666666,0.1666666666666666,0.1666666666666666,0.1666666666666666,0.1666666666666666,0.1666666666666666
187,187.0,0.1666666666666666,0.1666666666666666,0.1666666666666666,0.1666666666666666,0.1666666666666666,0.1666666666666666
188,188.0,0.1666666666666666,0.1666666666666666,0.1666666666666666,0.1666666666666666,0.1666666666666666,0.1666666666666666
189,189.0,0.1666666666666666,0.1666666666666666,0.1666666666666666,0.1666666666666666,0.1666666666666666,0.1666666666666666
190,190.0,0.1666666666666666,0.1666666666666666,0.1666666666666666,0.1666666666666666,0.1666666666666666,0.1666666666666666
191,191.0,0.1666666666666666,0.1666666666666666,0.1666666666666666,0.1666666666666666,0.1666666666666666,0.1666666666666666
192,192.0,0.1666666666666666,0.1666666666666666,0.1666666666666666,0.1666666666666666,0.1666666666666666,0.1666666666666666
193,193.0,0.1666666666666666,0.1666666666666666,0.1666666666666666,0.1666666666666666,0.1666666666666666,0.1666666666666666
194,194.0,0.1666666666666666,0.1666666666666666,0.1666666666666666,0.1666666666666666,0.1666666666666666,0.1666666666666666
195,195.0,0.1666666666666666,0.1666666666666666,0.1666666666666666,0.1666666666666666,0.1666666666666666,0.1666666666666666
196,196.0,0.1666666666666666,0.1666666666666666,0.1666666666666666,0.1666666666666666,0.1666666666666666,0.1666666666666666
197,197.0,0.1666666666666666,0.1666666666666666,0.1666666666666666,0.1666666666666666,0.1666666666666666,0.1666666666666666
198,198.0,0.1664285714285714,0.1664285714285714,0.1678571428571428,0.1664285714285714,0.1664285714285714,0.1664285714285714
199,199.0,0.1659547619047619,0.1659547619047619,0.168797619047619,0.1673833333333333,0.1659547619047619,0.1659547619047619
200,200.0,0.1653092619047619,0.1653092619047619,0.1693608333333333,0.1681521190476191,0.1665592619047619,0.1653092619047619
201,201.0,0.1657279970634921,0.1642994256349207,0.1704955464285714,0.1685295684920635,0.1666480367460318,0.1642994256349207
202,202.0,0.1671063088944445,0.1628348803230159,0.1711213565595238,0.1684141360373016,0.1676884378626984,0.1628348803230159
203,203.0,0.1677630280406587,0.1621185994692302,0.1711757530641667,0.1675705499120873,0.169253470044627,0.1621185994692302
204,204.0,0.1692399370553371,0.1611622845156546,0.1699474761972274,0.1665840295986863,0.1717650992285513,0.1613011734045435
205,205.0,0.1704402478614863,0.1609995020218038,0.1683409649534225,0.1663259559412734,0.1737563272002104,0.1601370020218038
206,206.0,0.1711565652238458,0.1614262278653452,0.1663747182724869,0.1670565844913435,0.1752329830998155,0.1587529210471633
207,207.0,0.1726584081414539,0.1625867114865715,0.1650391124246834,0.1672789739518828,0.1738392251080435,0.1585975688873652
208,208.0,0.1735379948403987,0.1629740108995408,0.1638044360551734,0.1679956953662099,0.1726040708219884,0.1590837920166889
209,209.0,0.1730140592158614,0.1631351895795671,0.1623724351543148,0.1698937713684259,0.1710976294625571,0.1604869152192738
210,210.0,0.1731964785707213,0.1630555335274301,0.1607414478985369,0.1722646571682912,0.1693263798649673,0.1614155029700534
211,211.0,0.1734018957775925,0.1631772304691753,0.1594290930522995,0.1746514654921447,0.1669184897079851,0.1624218255008032
212,212.0,0.1733896931429414,0.1631272797843485,0.1580072902637705,0.1780424722680854,0.1643600535974712,0.1630732109433833
213,213.0,0.1733424689629812,0.1630840600281697,0.1566619166407784,0.1813390618688593,0.1618524247755982,0.1637200677236136
214,214.0,0.1734030865229313,0.1630473303053356,0.1553987830029995,0.1832677101159755,0.1594155988017207,0.1654674912510378
215,215.0,0.1731573776954232,0.1639890311319625,0.1540834077994014,0.1849320357734396,0.1569279747618891,0.1669101728378846
216,216.0,0.1730550988741446,0.1644269024448379,0.1525258356052687,0.186633494510309,0.1548778420364304,0.1684808265290098
217,217.0,0.1727107076244631,0.1646347262599861,0.150954750730485,0.1880902473201632,0.1528308417100508,0.1707787263548522
218,218.0,0.1722609500108068,0.1646516109072101,0.149214488019136,0.1893212881766961,0.151634403273379,0.1729172596127725
219,219.0,0.1723026784275277,0.1649101178204663,0.1478348224274463,0.1899186960484928,0.1508108894672653,0.1742227958088019
220,220.0,0.1723363269874211,0.1651584997040192,0.1465684908993668,0.1903898601553089,0.1501062429667152,0.1754405792871692
221,221.0,0.1723623671905707,0.1653952852420034,0.1454168233438173,0.1907426932325742,0.1495156235061778,0.1765672074848569
222,222.0,0.1723812994706193,0.165619266213596,0.1443798700391003,0.1909855000524713,0.1490335345762572,0.1776005296479562
223,223.0,0.1725956654990969,0.1651224125586496,0.1440625896992404,0.1913288753745581,0.1481488935081404,0.178741563360315
224,224.0,0.1726908489479465,0.1655070288016199,0.1435173999523625,0.1914663993024656,0.1471431251586513,0.1796751978369546
225,225.0,0.1726869071497332,0.1656993036084674,0.1437089072730009,0.1914263726454235,0.1460565817576041,0.1804219275657713
226,226.0,0.1707708483242017,0.1665151053732931,0.1443062599259305,0.1916262292277756,0.1453893029252616,0.1813922542235378
227,227.0,0.1686887590480536,0.1691144428631701,0.1438895232280164,0.1915756964454734,0.144641749278791,0.1820898291364958
228,228.0,0.1664241310801797,0.1710272764900021,0.1431770079690565,0.1923574974949841,0.1445330674147135,0.1824810195510643
229,229.0,0.1645519554785222,0.1748144919401889,0.1428758717031997,0.1915964900735406,0.1439436387916124,0.1822175520129366
230,230.0,0.1626337794695469,0.1791788091799233,0.1425300586008648,0.1905618883347758,0.1433276848968734,0.1817677795180161
231,231.0,0.1608691424298328,0.1845552384942169,0.1415656762949047,0.1895671553035672,0.1421121996147898,0.1813305878626889
232,232.0,0.1591921550146692,0.1897660771097436,0.1406678618923781,0.1885500696212894,0.140982927300553,0.1808409090613671
233,233.0,0.1574719332468636,0.1963793110637602,0.1397000478580779,0.1873841485209831,0.138894559582541,0.1801699997277744
234,234.0,0.1556522610766168,0.2037237416430506,0.1385254130170252,0.1861293041638238,0.1367043297937515,0.1792649503057323
235,235.0,0.1539437477983427,0.2107722853987752,0.1374270351489551,0.1848894448515358,0.1346267939716178,0.1783406928307736
236,236.0,0.1522882600915243,0.2178686609603485,0.136280067207045,0.1836113681086523,0.1326073555135929,0.1773442881188369
237,237.0,0.1497944251234591,0.2231187453231941,0.1368233653506254,0.1822979401819255,0.1308966628041102,0.1770688612166858
238,238.0,0.1473956191445556,0.2271066508905402,0.1373963588786004,0.1809904336436101,0.1292805513700132,0.1778303860726806
239,239.0,0.1449198193791787,0.2305933196608666,0.1379149514918539,0.1795148234837402,0.1276903273727075,0.1793667586116531
240,240.0,0.1422787761329224,0.2344642106463739,0.1382495993759275,0.1767819690953629,0.1260095063286893,0.182215938420724
241,241.0,0.1397131514590646,0.2384035563520528,0.1385312596158077,0.17404265071794,0.1243798652439788,0.1849295166111563
242,242.0,0.137311222917267,0.2424696799533912,0.1367105329216334,0.1723041620134042,0.1229585032794133,0.1882458989148909
243,243.0,0.1350911296902313,0.2461469547125222,0.1349361949240816,0.1706761125938201,0.1227922249460426,0.1903573831333022
244,244.0,0.1329457780676403,0.2503263816549641,0.1331102390223544,0.1690526279137771,0.1225349624418589,0.1920300108994052
245,245.0,0.1300649049810333,0.2548432240202341,0.1312651774749776,0.1682919105885458,0.122216568627167,0.1933182143080424
246,246.0,0.1272428293496357,0.2586726510964759,0.1293633295039478,0.1673790439696502,0.1217943592191833,0.195547786861107
247,247.0,0.1246277663101149,0.2606787764754964,0.1289838377857863,0.1665796303939045,0.1214769938153728,0.1976529952193251
248,248.0,0.122046593805107,0.2621310119303702,0.1295854044695306,0.1657117472641797,0.1210785902407848,0.1994466522900276
249,249.0,0.1196824487919249,0.2623218474755866,0.1311694275286724,0.1649516346528853,0.1207719506339574,0.2011026909169734
250,250.0,0.117537269971518,0.2621936965648411,0.1328036392768984,0.1642961166342912,0.1205509649941826,0.2026183125582686
251,251.0,0.1157772791794794,0.2622797393528374,0.1346333453944849,0.1639079555959799,0.1207426111144863,0.2026590693627321
252,252.0,0.1141557999451351,0.2617289081630333,0.1363191842318046,0.1635385398745487,0.1217612851152333,0.2024962826702448
253,253.0,0.1127433777232411,0.260951307796016,0.1379950477648747,0.1632578709137057,0.1228322792865538,0.2022201165156084
254,254.0,0.1115332310347711,0.2599773911731772,0.1396451748887895,0.1630598807270006,0.1239396516696771,0.2018446705065844
255,255.0,0.1105172337932674,0.2580031957529939,0.1408389713065587,0.1641882813388865,0.1250686907195917,0.2013836270887015
256,256.0,0.109622028462346,0.2556420811129922,0.1417928244323114,0.165310047099283,0.1260777342509143,0.2015552846421529
257,257.0,0.1089021802119501,0.2531871195523231,0.1426942669870688,0.1664723161434274,0.1270840759955753,0.2016600411096551
258,258.0,0.1083473518165311,0.251441476147891,0.1435395256023827,0.1676594154525033,0.1273086919455636,0.201703539035128
259,259.0,0.1079465895745456,0.2496593678258086,0.1443257660860444,0.168856991006927,0.1275198162131543,0.2016914692935199
260,260.0,0.1083190861236616,0.2476183949171947,0.145681619476974,0.1697735201481201,0.1273472783545028,0.2012601009795466
261,261.0,0.1088162581517454,0.2455843341292689,0.1469690334830032,0.170678591576643,0.1271636374932875,0.2007881451660517
262,262.0,0.1091825711525241,0.2433387396197467,0.1479438826644663,0.1713262051113825,0.1267337451002815,0.2014748563515987
263,263.0,0.1094631621844347,0.2420323635630255,0.1486633892977196,0.1717713446920836,0.1261222395383084,0.201947500724428
264,264.0,0.1111392248844724,0.2419709473859921,0.1507614298117888,0.170966772130309,0.1258288245303119,0.1993328012571255
265,265.0,0.1125505026298751,0.241456930163769,0.1535122539965352,0.1699170800124997,0.1262206763420255,0.1963425568552953
266,266.0,0.1147353712396624,0.2414121768195619,0.1557458025157709,0.1686772267103867,0.1263513598743712,0.1930780628402466
267,267.0,0.116442391839067,0.2418943710031739,0.1573442480036352,0.1671132256100203,0.126853593877871,0.1903521696662324
268,268.0,0.117880609026463,0.2420622214612124,0.1607986644269347,0.1640140822181802,0.1271102176153912,0.1881342052518184
269,269.0,0.1189070653157216,0.2418763032424734,0.1627503546393369,0.1617521421357721,0.1278023722853009,0.1869117623813947
270,270.0,0.1199043205854125,0.2417200062429761,0.1645512282059615,0.159560260476633,0.1284812315993105,0.1857829528897063
271,271.0,0.1208653223847954,0.2415919313107911,0.16494835805572,0.1574533502150272,0.1291413364998698,0.1859997015337963
272,272.0,0.1217840860429073,0.2414905369885092,0.1652031472618013,0.1554439833138176,0.1297779613793184,0.1863002850136461
273,273.0,0.1226556477372942,0.2414141691583628,0.1653272819965124,0.1535424991059766,0.1303870879909727,0.1866733140108811
274,274.0,0.1237644735858463,0.2418143855527366,0.1669946742717311,0.1519906406477622,0.1313087814889023,0.1841270444530213
275,275.0,0.1250991005630131,0.2437645255852347,0.1681043793557094,0.150610996915827,0.1322457001176323,0.1801752974625834
276,276.0,0.1261871137746731,0.2455286069802313,0.1697280918937545,0.1492622557619752,0.1330490650649081,0.1762448665244577
277,277.0,0.1270544156773816,0.2471197159996478,0.1717557497726551,0.1479608749459976,0.133730258655463,0.1723789849488549
278,278.0,0.1296715860901882,0.2464823789839881,0.1749604592133139,0.1461285521556865,0.1351610974554749,0.1675959261013483
279,279.0,0.1321987301942188,0.2458197150058177,0.1780125229102035,0.144425990530664,0.1365339019625915,0.1630091393965044
280,280.0,0.1346195791793108,0.2451408834011693,0.1808966848007319,0.1428572395706516,0.137840747561031,0.1586448654871054
281,281.0,0.1369205540675071,0.2444542892487371,0.1836008934466299,0.1414246057187483,0.1390751616856769,0.1545244958327007
282,282.0,0.1389795214085042,0.2420731303003795,0.1860049909747905,0.1410176924915511,0.1413709322315508,0.1505537325932239
283,283.0,0.140900092283612,0.2397156746251725,0.1882149475217058,0.1407379969588614,0.1435739658510713,0.146857322759577
284,284.0,0.1425380117417795,0.2362642375636643,0.1909502998422534,0.1404367054176665,0.1465048392340119,0.1433059062006244
285,285.0,0.1439392566392099,0.2335240952614636,0.1932993366540465,0.1400621722024107,0.1492205505792919,0.1399545886635774
286,286.0,0.1459528759223966,0.2293257620899043,0.1941782092408526,0.1396375880247737,0.1517215195832853,0.1391840451387874
287,287.0,0.1482772162396525,0.2254086138942112,0.1950922781664353,0.1395393366899031,0.1527647003005704,0.1389178547092277
288,288.0,0.1504425774690133,0.221645242120293,0.1958211907999687,0.1395280751191784,0.1536623628295681,0.1389005516619786
289,289.0,0.152443203906975,0.2180579028437114,0.1963761736443225,0.1395952169518924,0.1544200823638173,0.1391074202892815
290,290.0,0.1545930230857582,0.2138712154138478,0.1959754190563203,0.1400497107468345,0.1556791966423709,0.1398314350548685
291,291.0,0.1563913318252072,0.2109726958060433,0.1952542226107919,0.1403839906555465,0.1564484036194415,0.1405493554829696
292,292.0,0.1580160123675753,0.2082982267198844,0.1944125547436596,0.1407674495532788,0.1570904305268353,0.1414153260887667
293,293.0,0.1594681807271468,0.205852147794068,0.1934708792757551,0.141191334952152,0.157611575102446,0.1424058821484322
294,294.0,0.1606116775497168,0.2033583030240403,0.1934208359440569,0.1415084764591743,0.1577409363559181,0.1433597706670937
295,295.0,0.1603409350207597,0.2012749788704942,0.1936559048254043,0.1407799484770321,0.1579449704355021,0.1460032623708078
296,296.0,0.1599250845007178,0.1994212422276026,0.1938237954382504,0.1400818889487489,0.1580534554320767,0.1486945334526037
297,297.0,0.1593337756860569,0.1974495344558271,0.1940275859190035,0.1398103884869668,0.158025841796134,0.1513528736560119
298,298.0,0.15957267944271,0.1953925501510462,0.1920324530189925,0.1400234962217867,0.1585223857810722,0.1544564353843925
299,299.0,0.1593718659602576,0.194192393985723,0.1900834343446312,0.141307225232639,0.1577680404676079,0.1572770400091415
300,300.0,0.1589553211493538,0.1928823563591017,0.1880608092015857,0.1432445029850736,0.1568894102087749,0.1599676000961105
301,301.0,0.1592419459841152,0.1916638762209289,0.1857165234625139,0.1450625676393737,0.1558542909982795,0.1624607956947891
302,302.0,0.159342442689861,0.1903747997389931,0.1832942122693919,0.1464614400520464,0.1546746387550011,0.1658524664947067
303,303.0,0.1593789222180253,0.1892737419087636,0.1823155665659603,0.1478233985492148,0.1522293430562033,0.1689790277018329
304,304.0,0.1591788500625131,0.1881743400148004,0.1810388634031415,0.1489599435088862,0.151976960886966,0.170671042123693
305,305.0,0.1588174852878505,0.1871370256570197,0.18071699301882,0.1498207428987056,0.1515142167795173,0.171993536358087
306,306.0,0.1584145708036992,0.1862659632253811,0.1804576908389891,0.1506247632817599,0.1510667743687531,0.1731702374814177
307,307.0,0.1578873816349403,0.1854623290606777,0.17882547488318,0.152096915082168,0.1504557597272942,0.1752721396117398
308,308.0,0.1573354353235404,0.1848092348596812,0.177262595052185,0.1535011181856449,0.1498672765882611,0.1772243399906874
309,309.0,0.1567667270468777,0.1842981575680309,0.1757777465318325,0.1548301254308489,0.1493049566328016,0.1790222867896085
310,310.0,0.1563275089731339,0.1841977840454863,0.1745168635651508,0.1562170552200443,0.1477995845198907,0.1809412036762942
311,311.0,0.1557453353738657,0.1839402698725847,0.1732062695375507,0.158489468223162,0.1461966302975136,0.1824220266953235
312,312.0,0.1551653235376182,0.1837939042560907,0.1719890414954,0.1606610919887788,0.1446468817188409,0.1837437570032716
313,313.0,0.154561354507901,0.1838396157066734,0.1710152071495608,0.1627112312319739,0.1432963852705062,0.1845762061333848
314,314.0,0.1531926185252763,0.1840873287751001,0.1713801168901977,0.164750796297582,0.1421275492063745,0.1844615903054697
315,315.0,0.1517735220691034,0.1843386085931445,0.1716007926658021,0.167266509558766,0.1408823806971516,0.1841381864160328
316,316.0,0.1503521729926797,0.1836621252592038,0.1704640896710097,0.1705246072773648,0.1394601549266292,0.185536849873113
317,317.0,0.1489535793406138,0.1830320765152227,0.1681242671168376,0.1749987416421726,0.1380969741765668,0.1867943612085868
318,318.0,0.1473895507133398,0.1831283283334789,0.1666545986768287,0.1782922753677531,0.1367140082127363,0.1878212386958632
319,319.0,0.1458922708946513,0.1832849804472585,0.165282765623967,0.181382640873081,0.1354270652161531,0.1887302769448893
320,320.0,0.1449263870082257,0.1839507755122205,0.1647190519564156,0.1861719497378265,0.1346957615264072,0.1855360742589045
321,321.0,0.1442162754425583,0.1848359984254542,0.164431140015176,0.1923281288231149,0.1329897033925697,0.181198753901127
322,322.0,0.1433801359054057,0.1855489338433298,0.1641800430327438,0.1978181078874674,0.1311826988184101,0.1778900805126434
