,Unnamed: 0,Total_iterations,Intertwine_two,Invert_path_vertices,Insert_inside_vertex,Delete_inside_vertex,Replace_inside_vertex,Donate_between_routes,Trim_one_terminal_cb,Grow_one_terminal_cb
0,0.0,0.0,0.125,0.125,0.125,0.125,0.125,0.125,0.125,0.125
1,1.0,1.0,0.125,0.125,0.125,0.125,0.125,0.125,0.125,0.125
2,2.0,2.0,0.125,0.125,0.125,0.125,0.125,0.125,0.125,0.125
3,3.0,3.0,0.125,0.125,0.125,0.125,0.125,0.125,0.125,0.125
4,4.0,4.0,0.125,0.125,0.125,0.125,0.125,0.125,0.125,0.125
5,5.0,5.0,0.125,0.125,0.125,0.125,0.125,0.125,0.125,0.125
6,6.0,6.0,0.125,0.125,0.125,0.125,0.125,0.125,0.125,0.125
7,7.0,7.0,0.125,0.125,0.125,0.125,0.125,0.125,0.125,0.125
8,8.0,8.0,0.125,0.125,0.125,0.125,0.125,0.125,0.125,0.125
9,9.0,9.0,0.125,0.125,0.125,0.125,0.125,0.125,0.125,0.125
10,10.0,10.0,0.125,0.125,0.125,0.125,0.125,0.125,0.125,0.125
11,11.0,11.0,0.125,0.125,0.125,0.125,0.125,0.125,0.125,0.125
12,12.0,12.0,0.125,0.125,0.125,0.125,0.125,0.125,0.125,0.125
13,13.0,13.0,0.125,0.125,0.125,0.125,0.125,0.125,0.125,0.125
14,14.0,14.0,0.125,0.125,0.125,0.125,0.125,0.125,0.125,0.125
15,15.0,15.0,0.125,0.125,0.125,0.125,0.125,0.125,0.125,0.125
16,16.0,16.0,0.125,0.125,0.125,0.125,0.125,0.125,0.125,0.125
17,17.0,17.0,0.125,0.125,0.125,0.125,0.125,0.125,0.125,0.125
18,18.0,18.0,0.125,0.125,0.125,0.125,0.125,0.125,0.125,0.125
19,19.0,19.0,0.125,0.125,0.125,0.125,0.125,0.125,0.125,0.125
20,20.0,20.0,0.125,0.125,0.125,0.125,0.125,0.125,0.125,0.125
21,21.0,21.0,0.125,0.125,0.125,0.125,0.125,0.125,0.125,0.125
22,22.0,22.0,0.125,0.125,0.125,0.125,0.125,0.125,0.125,0.125
23,23.0,23.0,0.125,0.125,0.125,0.125,0.125,0.125,0.125,0.125
24,24.0,24.0,0.125,0.125,0.125,0.125,0.125,0.125,0.125,0.125
25,25.0,25.0,0.125,0.125,0.125,0.125,0.125,0.125,0.125,0.125
26,26.0,26.0,0.125,0.125,0.125,0.125,0.125,0.125,0.125,0.125
27,27.0,27.0,0.125,0.125,0.125,0.125,0.125,0.125,0.125,0.125
28,28.0,28.0,0.125,0.125,0.125,0.125,0.125,0.125,0.125,0.125
29,29.0,29.0,0.125,0.125,0.125,0.125,0.125,0.125,0.125,0.125
30,30.0,30.0,0.125,0.125,0.125,0.125,0.125,0.125,0.125,0.125
31,31.0,31.0,0.125,0.125,0.125,0.125,0.125,0.125,0.125,0.125
32,32.0,32.0,0.125,0.125,0.125,0.125,0.125,0.125,0.125,0.125
33,33.0,33.0,0.125,0.125,0.125,0.125,0.125,0.125,0.125,0.125
34,34.0,34.0,0.125,0.125,0.125,0.125,0.125,0.125,0.125,0.125
35,35.0,35.0,0.125,0.125,0.125,0.125,0.125,0.125,0.125,0.125
36,36.0,36.0,0.125,0.125,0.125,0.125,0.125,0.125,0.125,0.125
37,37.0,37.0,0.125,0.125,0.125,0.125,0.125,0.125,0.125,0.125
38,38.0,38.0,0.125,0.125,0.125,0.125,0.125,0.125,0.125,0.125
39,39.0,39.0,0.125,0.125,0.125,0.125,0.125,0.125,0.125,0.125
40,40.0,40.0,0.125,0.125,0.125,0.125,0.125,0.125,0.125,0.125
41,41.0,41.0,0.125,0.125,0.125,0.125,0.125,0.125,0.125,0.125
42,42.0,42.0,0.125,0.125,0.125,0.125,0.125,0.125,0.125,0.125
43,43.0,43.0,0.125,0.125,0.125,0.125,0.125,0.125,0.125,0.125
44,44.0,44.0,0.125,0.125,0.125,0.125,0.125,0.125,0.125,0.125
45,45.0,45.0,0.125,0.125,0.125,0.125,0.125,0.125,0.125,0.125
46,46.0,46.0,0.125,0.125,0.125,0.125,0.125,0.125,0.125,0.125
47,47.0,47.0,0.125,0.125,0.125,0.125,0.125,0.125,0.125,0.125
48,48.0,48.0,0.125,0.125,0.125,0.125,0.125,0.125,0.125,0.125
49,49.0,49.0,0.125,0.125,0.125,0.125,0.125,0.125,0.125,0.125
50,50.0,50.0,0.125,0.125,0.125,0.125,0.125,0.125,0.125,0.125
51,51.0,51.0,0.125,0.125,0.125,0.125,0.125,0.125,0.125,0.125
52,52.0,52.0,0.125,0.125,0.125,0.125,0.125,0.125,0.125,0.125
53,53.0,53.0,0.125,0.125,0.125,0.125,0.125,0.125,0.125,0.125
54,54.0,54.0,0.125,0.125,0.125,0.125,0.125,0.125,0.125,0.125
55,55.0,55.0,0.125,0.125,0.125,0.125,0.125,0.125,0.125,0.125
56,56.0,56.0,0.125,0.125,0.125,0.125,0.125,0.125,0.125,0.125
57,57.0,57.0,0.125,0.125,0.125,0.125,0.125,0.125,0.125,0.125
58,58.0,58.0,0.125,0.125,0.125,0.125,0.125,0.125,0.125,0.125
59,59.0,59.0,0.125,0.125,0.125,0.125,0.125,0.125,0.125,0.125
60,60.0,60.0,0.125,0.125,0.125,0.125,0.125,0.125,0.125,0.125
61,61.0,61.0,0.125,0.125,0.125,0.125,0.125,0.125,0.125,0.125
62,62.0,62.0,0.125,0.125,0.125,0.125,0.125,0.125,0.125,0.125
63,63.0,63.0,0.125,0.125,0.125,0.125,0.125,0.125,0.125,0.125
64,64.0,64.0,0.125,0.125,0.125,0.125,0.125,0.125,0.125,0.125
65,65.0,65.0,0.125,0.125,0.125,0.125,0.125,0.125,0.125,0.125
66,66.0,66.0,0.125,0.125,0.125,0.125,0.125,0.125,0.125,0.125
67,67.0,67.0,0.125,0.125,0.125,0.125,0.125,0.125,0.125,0.125
68,68.0,68.0,0.125,0.125,0.125,0.125,0.125,0.125,0.125,0.125
69,69.0,69.0,0.125,0.125,0.125,0.125,0.125,0.125,0.125,0.125
70,70.0,70.0,0.125,0.125,0.125,0.125,0.125,0.125,0.125,0.125
71,71.0,71.0,0.125,0.125,0.125,0.125,0.125,0.125,0.125,0.125
72,72.0,72.0,0.125,0.125,0.125,0.125,0.125,0.125,0.125,0.125
73,73.0,73.0,0.125,0.125,0.125,0.125,0.125,0.125,0.125,0.125
74,74.0,74.0,0.125,0.125,0.125,0.125,0.125,0.125,0.125,0.125
75,75.0,75.0,0.125,0.125,0.125,0.125,0.125,0.125,0.125,0.125
76,76.0,76.0,0.125,0.125,0.125,0.125,0.125,0.125,0.125,0.125
77,77.0,77.0,0.125,0.125,0.125,0.125,0.125,0.125,0.125,0.125
78,78.0,78.0,0.125,0.125,0.125,0.125,0.125,0.125,0.125,0.125
79,79.0,79.0,0.125,0.125,0.125,0.125,0.125,0.125,0.125,0.125
80,80.0,80.0,0.125,0.125,0.125,0.125,0.125,0.125,0.125,0.125
81,81.0,81.0,0.125,0.125,0.125,0.125,0.125,0.125,0.125,0.125
82,82.0,82.0,0.125,0.125,0.125,0.125,0.125,0.125,0.125,0.125
83,83.0,83.0,0.125,0.125,0.125,0.125,0.125,0.125,0.125,0.125
84,84.0,84.0,0.125,0.125,0.125,0.125,0.125,0.125,0.125,0.125
85,85.0,85.0,0.125,0.125,0.125,0.125,0.125,0.125,0.125,0.125
86,86.0,86.0,0.125,0.125,0.125,0.125,0.125,0.125,0.125,0.125
87,87.0,87.0,0.125,0.125,0.125,0.125,0.125,0.125,0.125,0.125
88,88.0,88.0,0.125,0.125,0.125,0.125,0.125,0.125,0.125,0.125
89,89.0,89.0,0.125,0.125,0.125,0.125,0.125,0.125,0.125,0.125
90,90.0,90.2,0.125,0.125,0.125,0.125,0.125,0.125,0.125,0.125
91,91.0,91.2,0.125,0.125,0.125,0.125,0.125,0.125,0.125,0.125
92,92.0,92.2,0.125,0.125,0.125,0.125,0.125,0.125,0.125,0.125
93,93.0,93.2,0.125,0.125,0.125,0.125,0.125,0.125,0.125,0.125
94,94.0,94.2,0.125,0.125,0.125,0.125,0.125,0.125,0.125,0.125
95,95.0,95.2,0.125,0.125,0.125,0.125,0.125,0.125,0.125,0.125
96,96.0,96.2,0.125,0.125,0.125,0.125,0.125,0.125,0.125,0.125
97,97.0,97.2,0.125,0.125,0.125,0.125,0.125,0.125,0.125,0.125
98,98.0,98.2,0.125,0.125,0.125,0.125,0.125,0.125,0.125,0.125
99,99.0,99.2,0.125,0.125,0.125,0.125,0.125,0.125,0.125,0.125
100,100.0,100.2,0.125,0.125,0.125,0.125,0.125,0.125,0.125,0.125
101,101.0,101.2,0.125,0.125,0.125,0.125,0.125,0.125,0.125,0.125
102,102.0,102.2,0.125,0.125,0.125,0.125,0.125,0.125,0.125,0.125
103,103.0,103.2,0.125,0.125,0.125,0.125,0.125,0.125,0.125,0.125
104,104.0,104.2,0.125,0.125,0.125,0.125,0.125,0.125,0.125,0.125
105,105.0,105.2,0.125,0.125,0.125,0.125,0.125,0.125,0.125,0.125
106,106.0,106.2,0.125,0.125,0.125,0.125,0.125,0.125,0.125,0.125
107,107.0,107.2,0.125,0.125,0.125,0.125,0.125,0.125,0.125,0.125
108,108.0,108.2,0.125,0.125,0.125,0.125,0.125,0.125,0.125,0.125
109,109.0,109.2,0.125,0.125,0.125,0.125,0.125,0.125,0.125,0.125
110,110.0,110.2,0.125,0.125,0.125,0.125,0.125,0.125,0.125,0.125
111,111.0,111.2,0.125,0.125,0.125,0.125,0.125,0.125,0.125,0.125
112,112.0,112.2,0.125,0.125,0.125,0.125,0.125,0.125,0.125,0.125
113,113.0,113.2,0.125,0.125,0.125,0.125,0.125,0.125,0.125,0.125
114,114.0,114.2,0.125,0.125,0.125,0.125,0.125,0.125,0.125,0.125
115,115.0,115.2,0.125,0.125,0.125,0.125,0.125,0.125,0.125,0.125
116,116.0,116.2,0.125,0.125,0.125,0.125,0.125,0.125,0.125,0.125
117,117.0,117.2,0.125,0.125,0.125,0.125,0.125,0.125,0.125,0.125
118,118.0,118.2,0.125,0.125,0.125,0.125,0.125,0.125,0.125,0.125
119,119.0,119.2,0.125,0.125,0.125,0.125,0.125,0.125,0.125,0.125
120,120.0,120.2,0.125,0.125,0.125,0.125,0.125,0.125,0.125,0.125
121,121.0,121.2,0.125,0.125,0.125,0.125,0.125,0.125,0.125,0.125
122,122.0,122.2,0.125,0.125,0.125,0.125,0.125,0.125,0.125,0.125
123,123.0,123.2,0.125,0.125,0.125,0.125,0.125,0.125,0.125,0.125
124,124.0,124.2,0.125,0.125,0.125,0.125,0.125,0.125,0.125,0.125
125,125.0,125.2,0.125,0.125,0.125,0.125,0.125,0.125,0.125,0.125
126,126.0,126.2,0.125,0.125,0.125,0.125,0.125,0.125,0.125,0.125
127,127.0,127.2,0.125,0.125,0.125,0.125,0.125,0.125,0.125,0.125
128,128.0,128.2,0.125,0.125,0.125,0.125,0.125,0.125,0.125,0.125
129,129.0,129.2,0.125,0.125,0.125,0.125,0.125,0.125,0.125,0.125
130,130.0,130.2,0.125,0.125,0.125,0.125,0.125,0.125,0.125,0.125
131,131.0,131.2,0.125,0.125,0.125,0.125,0.125,0.125,0.125,0.125
132,132.0,132.2,0.125,0.125,0.125,0.125,0.125,0.125,0.125,0.125
133,133.0,133.2,0.125,0.125,0.125,0.125,0.125,0.125,0.125,0.125
134,134.0,134.2,0.125,0.125,0.125,0.125,0.125,0.125,0.125,0.125
135,135.0,135.2,0.125,0.125,0.125,0.125,0.125,0.125,0.125,0.125
136,136.0,136.2,0.125,0.125,0.125,0.125,0.125,0.125,0.125,0.125
137,137.0,137.2,0.125,0.125,0.125,0.125,0.125,0.125,0.125,0.125
138,138.0,138.2,0.125,0.125,0.125,0.125,0.125,0.125,0.125,0.125
139,139.0,139.2,0.125,0.125,0.125,0.125,0.125,0.125,0.125,0.125
140,140.0,140.2,0.125,0.125,0.125,0.125,0.125,0.125,0.125,0.125
141,141.0,141.2,0.125,0.125,0.125,0.125,0.125,0.125,0.125,0.125
142,142.0,142.2,0.125,0.125,0.125,0.125,0.125,0.125,0.125,0.125
143,143.0,143.2,0.125,0.125,0.125,0.125,0.125,0.125,0.125,0.125
144,144.0,144.2,0.125,0.125,0.125,0.125,0.125,0.125,0.125,0.125
145,145.0,145.2,0.125,0.125,0.125,0.125,0.125,0.125,0.125,0.125
146,146.0,146.2,0.125,0.125,0.125,0.125,0.125,0.125,0.125,0.125
147,147.0,147.2,0.125,0.125,0.125,0.125,0.125,0.125,0.125,0.125
148,148.0,148.2,0.125,0.125,0.125,0.125,0.125,0.125,0.125,0.125
149,149.0,149.2,0.125,0.125,0.125,0.125,0.125,0.125,0.125,0.125
150,150.0,150.2,0.125,0.125,0.125,0.125,0.125,0.125,0.125,0.125
151,151.0,151.2,0.125,0.125,0.125,0.125,0.125,0.125,0.125,0.125
152,152.0,152.2,0.125,0.125,0.125,0.125,0.125,0.125,0.125,0.125
153,153.0,153.2,0.125,0.125,0.125,0.125,0.125,0.125,0.125,0.125
154,154.0,154.2,0.125,0.125,0.125,0.125,0.125,0.125,0.125,0.125
155,155.0,155.2,0.125,0.125,0.125,0.125,0.125,0.125,0.125,0.125
156,156.0,156.2,0.125,0.125,0.125,0.125,0.125,0.125,0.125,0.125
157,157.0,157.2,0.125,0.125,0.125,0.125,0.125,0.125,0.125,0.125
158,158.0,158.2,0.125,0.125,0.125,0.125,0.125,0.125,0.125,0.125
159,159.0,159.2,0.125,0.125,0.125,0.125,0.125,0.125,0.125,0.125
160,160.0,160.2,0.125,0.125,0.125,0.125,0.125,0.125,0.125,0.125
161,161.0,161.2,0.125,0.125,0.125,0.125,0.125,0.125,0.125,0.125
162,162.0,162.2,0.125,0.125,0.125,0.125,0.125,0.125,0.125,0.125
163,163.0,163.2,0.125,0.125,0.125,0.125,0.125,0.125,0.125,0.125
164,164.0,164.2,0.125,0.125,0.125,0.125,0.125,0.125,0.125,0.125
165,165.0,165.2,0.125,0.125,0.125,0.125,0.125,0.125,0.125,0.125
166,166.0,166.2,0.125,0.125,0.125,0.125,0.125,0.125,0.125,0.125
167,167.0,167.2,0.125,0.125,0.125,0.125,0.125,0.125,0.125,0.125
168,168.0,168.2,0.125,0.125,0.125,0.125,0.125,0.125,0.125,0.125
169,169.0,169.2,0.125,0.125,0.125,0.125,0.125,0.125,0.125,0.125
170,170.0,170.2,0.125,0.125,0.125,0.125,0.125,0.125,0.125,0.125
171,171.0,171.2,0.125,0.125,0.125,0.125,0.125,0.125,0.125,0.125
172,172.0,172.2,0.125,0.125,0.125,0.125,0.125,0.125,0.125,0.125
173,173.0,173.2,0.125,0.125,0.125,0.125,0.125,0.125,0.125,0.125
174,174.0,174.2,0.125,0.125,0.125,0.125,0.125,0.125,0.125,0.125
175,175.0,175.2,0.125,0.125,0.125,0.125,0.125,0.125,0.125,0.125
176,176.0,176.2,0.125,0.125,0.125,0.125,0.125,0.125,0.125,0.125
177,177.0,177.2,0.125,0.125,0.125,0.125,0.125,0.125,0.125,0.125
178,178.0,178.2,0.125,0.125,0.125,0.125,0.125,0.125,0.125,0.125
179,179.0,179.2,0.125,0.125,0.125,0.125,0.125,0.125,0.125,0.125
180,180.0,180.2,0.125,0.125,0.125,0.125,0.125,0.125,0.125,0.125
181,181.0,181.2,0.125,0.125,0.125,0.125,0.125,0.125,0.125,0.125
182,182.0,182.2,0.125,0.125,0.125,0.125,0.125,0.125,0.125,0.125
183,183.0,183.2,0.125,0.125,0.125,0.125,0.125,0.125,0.125,0.125
184,184.0,184.2,0.125,0.125,0.125,0.125,0.125,0.125,0.125,0.125
185,185.0,185.2,0.125,0.125,0.125,0.125,0.125,0.125,0.125,0.125
186,186.0,186.2,0.125,0.125,0.125,0.125,0.125,0.125,0.125,0.125
187,187.0,187.2,0.125,0.125,0.125,0.125,0.125,0.125,0.125,0.125
188,188.0,188.2,0.125,0.125,0.125,0.125,0.125,0.125,0.125,0.125
189,189.0,189.2,0.125,0.125,0.125,0.125,0.125,0.125,0.125,0.125
190,190.0,190.2,0.125,0.125,0.125,0.125,0.125,0.125,0.125,0.125
191,191.0,191.2,0.125,0.125,0.125,0.125,0.125,0.125,0.125,0.125
192,192.0,192.2,0.125,0.125,0.125,0.125,0.125,0.125,0.125,0.125
193,193.0,193.3,0.125,0.125,0.125,0.125,0.125,0.125,0.125,0.125
194,194.0,194.4,0.125,0.125,0.125,0.125,0.125,0.125,0.125,0.125
195,195.0,195.4,0.125,0.125,0.125,0.125,0.125,0.125,0.125,0.125
196,196.0,196.4,0.125,0.125,0.125,0.125,0.125,0.125,0.125,0.125
197,197.0,197.4,0.125,0.125,0.125,0.125,0.125,0.125,0.125,0.125
198,198.0,198.4,0.125,0.125,0.125,0.125,0.125,0.125,0.125,0.125
199,199.0,199.4,0.12361111111111112,0.13472222222222224,0.12361111111111112,0.12361111111111112,0.12361111111111112,0.12361111111111112,0.12361111111111112,0.12361111111111112
200,200.0,200.4,0.11666666666666665,0.12777777777777777,0.11666666666666665,0.12222222222222223,0.11666666666666665,0.11666666666666665,0.12777777777777777,0.15555555555555556
201,201.0,201.4,0.11555555555555555,0.12555555555555556,0.11555555555555555,0.12111111111111113,0.11555555555555555,0.11555555555555555,0.13666666666666666,0.15444444444444444
202,202.0,202.4,0.11325757575757575,0.12234848484848485,0.11325757575757575,0.1279040404040404,0.12436868686868685,0.11325757575757575,0.13345959595959594,0.15214646464646464
203,203.0,203.4,0.11138888888888887,0.12805555555555553,0.11138888888888887,0.13527777777777777,0.12138888888888888,0.11138888888888887,0.13083333333333333,0.1502777777777778
204,204.0,204.4,0.10935897435897435,0.12474358974358975,0.10935897435897435,0.14371794871794868,0.12705128205128205,0.10935897435897435,0.12816239316239317,0.14824786324786327
205,205.0,205.4,0.10935897435897435,0.12474358974358975,0.10935897435897435,0.14371794871794868,0.12705128205128205,0.10935897435897435,0.12816239316239317,0.14824786324786327
206,206.0,206.4,0.10968577174459526,0.12507038712921065,0.10968577174459526,0.15025389643036702,0.12737807943690296,0.10968577174459526,0.1291427853192559,0.13909753645047765
207,207.0,207.4,0.10844988344988345,0.12383449883449882,0.10844988344988345,0.14745532245532247,0.12523310023310025,0.10844988344988345,0.1418997668997669,0.13622766122766122
208,208.0,208.4,0.10815748578906473,0.1235421011736801,0.10815748578906473,0.1465781294728663,0.12494070257228151,0.10815748578906473,0.14073017625649203,0.1397364331574858
209,209.0,209.4,0.10649692412850306,0.12078263841421735,0.10649692412850306,0.153257006151743,0.12273069036226932,0.11363978127136021,0.13852016404647982,0.13807587149692413
210,210.0,210.4,0.10532467532467533,0.1287012987012987,0.10532467532467533,0.14974025974025973,0.12155844155844156,0.11246753246753245,0.14155844155844155,0.13532467532467532
211,211.0,211.4,0.10242063492063491,0.1250396825396825,0.10242063492063491,0.17234126984126982,0.11789682539682537,0.10956349206349206,0.13789682539682538,0.13242063492063488
212,212.0,212.4,0.09903806338588945,0.12210304188565055,0.10121197642936772,0.17579073100812231,0.11560121038381906,0.10726787705048572,0.14777512342729732,0.13121197642936772
213,213.0,213.4,0.09598250783033391,0.11754565482826351,0.09815642087381216,0.1875825502999416,0.11142843871104739,0.10373613101873969,0.15741187556404945,0.12815642087381215
214,214.0,214.4,0.0941072997051258,0.12108711336972204,0.09628121274860404,0.20396699918439049,0.10858711336972207,0.10144425622686493,0.15324479264696655,0.12128121274860404
215,215.0,215.4,0.09202969593634554,0.11743037794828073,0.0942036089798238,0.2095304063654447,0.11154802500710428,0.09899900539926114,0.1570552713839159,0.11920360897982381
216,216.0,216.4,0.09055533696198657,0.11553935230725512,0.09272925000546484,0.20885732944236776,0.10965699936607864,0.09752464642490218,0.16740783548648,0.11772925000546483
217,217.0,217.4,0.08931144196809157,0.11331506515649736,0.09148535501156983,0.2154197621077416,0.10739186254211827,0.09595395404538627,0.16349434701416796,0.12362821215442699
218,218.0,218.4,0.08604285383108239,0.10916928403703205,0.08821676687456063,0.22061399769671403,0.11880163697820852,0.09239296824755837,0.16487905879361658,0.1198834335412273
219,219.0,219.4,0.0852993897787948,0.10842581998474446,0.08747330282227306,0.22230517416730228,0.11773137554030003,0.09164950419527078,0.16214213068904143,0.12497330282227306
220,220.0,220.4,0.08373025415006166,0.11211984225074816,0.09116732508827675,0.21675247222528143,0.11557994638809688,0.09008036856653763,0.1679009182551045,0.12266887307589285
221,221.0,221.4,0.08175191815856778,0.1170545609548167,0.08892583120204603,0.21477550440466037,0.11172776356919578,0.09839443023586245,0.16733304916169364,0.12003694231315713
222,222.0,222.4,0.0811870255348516,0.11521048999309866,0.08836093857832986,0.2173291925465838,0.11068668046928916,0.09759144237405105,0.1701621808143547,0.11947204968944099
223,223.0,223.4,0.08025360223300725,0.11334364338940994,0.0874275152764855,0.21897111787271967,0.10911223152641916,0.0966580190722067,0.17569524424215496,0.11853862638759663
224,224.0,224.4,0.0786327231121281,0.11117331371908026,0.0903304456794159,0.2165626929642947,0.11384666376085135,0.10591015582434345,0.18051514656205728,0.1030288583778286
225,225.0,225.4,0.07701276412374806,0.10868755386489937,0.08871048669103584,0.21889579845529497,0.11179380433957087,0.10296263550840208,0.19111285294923736,0.10082410406781113
226,226.0,226.4,0.07521340406351844,0.10562148949448716,0.0864782261979058,0.2144933892702771,0.11964247740563524,0.10893101495504239,0.1905952546055521,0.0990247440075815
227,227.0,227.4,0.07302906062917501,0.10229584171231765,0.08389862584656631,0.2205468587476596,0.11545055821371608,0.10636788364191108,0.2015707706354159,0.09684040057323808
228,228.0,228.4,0.07164067991803888,0.100539813942358,0.08251024513543018,0.23158623861443886,0.11295923632610935,0.10346435141562345,0.20237373057537272,0.09492570407262826
229,229.0,229.4,0.07043476165329708,0.09900709829199529,0.07695650078373187,0.2377099032419398,0.1149395925711715,0.09680971520216367,0.21089883292400452,0.09324359533169599
230,230.0,230.4,0.06808419269517664,0.09636413167305612,0.07442477240532155,0.2407715104625859,0.11551617845668186,0.10032194286770943,0.21405714549879304,0.09046012594067511
231,231.0,231.4,0.06590479162332707,0.09325490603980305,0.07207870466680533,0.24281198714837152,0.11154730370062176,0.10054730370062175,0.2259695351686198,0.08788546795182949
232,232.0,232.4,0.06548553696494197,0.09259755614332271,0.07165945000842022,0.2442250306266324,0.11041376332795094,0.10012804904223664,0.22838671943363015,0.08710389445286468
233,233.0,233.4,0.0648524200818251,0.09629344358921016,0.07102633312530335,0.24587654577814755,0.10113129579548341,0.09824493215911975,0.23610425190116263,0.0864707775697478
234,234.0,234.4,0.06453190726131228,0.09920369999946657,0.07070582030479053,0.24824834064994244,0.10050309066727829,0.0977705731847608,0.23321963651654726,0.08581693141590165
235,235.0,235.4,0.0643780611074661,0.0990498538456204,0.07039812799709821,0.25101757141917325,0.10034924451343212,0.10386672703091464,0.2255850211319319,0.08535539295436317
236,236.0,236.4,0.06380483259306113,0.10302207987666998,0.06968244934024309,0.2539469405250129,0.09171120499303967,0.10607127629428743,0.23249271039256234,0.07926850598512328
237,237.0,237.4,0.062194637232865765,0.09914017961319076,0.07151140741920117,0.2595177825370314,0.08563176210477325,0.10220701691532216,0.2427302512028585,0.07706696297475672
238,238.0,238.4,0.06103226801167301,0.10432701674120434,0.0703490381980084,0.25547794437954624,0.0841832715974592,0.10274804016222776,0.2459778271563168,0.07590459375356398
239,239.0,239.4,0.06365938546637669,0.10803009997241828,0.06952787979064311,0.2543105697094492,0.08280411267746544,0.10522253246430628,0.24165438223396082,0.07479103768537995
240,240.0,240.4,0.06302585720126946,0.11268896936812978,0.07246578009696447,0.25722619209875586,0.08177515138534626,0.09149376610396098,0.24742993222003712,0.07389435152553589
241,241.0,241.4,0.06232500632800479,0.11306365215660566,0.07139547109562097,0.2589309241483154,0.08071305256462676,0.09042345710261748,0.2469910607466829,0.07615737585752574
242,242.0,242.4,0.06132653313352434,0.10675113627966144,0.07005217031493363,0.26813832090562145,0.07959963684141065,0.09153629667280731,0.2476668882464669,0.07492901760557405
243,243.0,243.4,0.060913850911585465,0.10118129237882176,0.06931690744783346,0.266987400764519,0.0786841708207553,0.09069350692398673,0.2579215891323038,0.07430128162019431
244,244.0,244.4,0.05966807664748166,0.09848031227607885,0.06788365635762658,0.2729112347733629,0.07675882104800866,0.08904450685343131,0.26261594780759534,0.07263744423641447
245,245.0,245.4,0.05850072496882728,0.10219993049439766,0.06653974065160173,0.27216288730228216,0.0752991439411593,0.08749836729598905,0.2667161351858745,0.07108307015986812
246,246.0,246.4,0.0576129021402611,0.09921362042147136,0.06548534459550406,0.2808008405497973,0.07432219455287833,0.0862540382285637,0.2662940652996515,0.07001699421187235
247,247.0,247.4,0.05686591750631322,0.09722719619711134,0.06483305693125316,0.2817098523065006,0.0733100168851952,0.08811209561142254,0.2688530144045691,0.06908885015763461
248,248.0,248.4,0.056809256245317595,0.09709674752641502,0.06477639567025754,0.2858836446304477,0.07284065721150117,0.0895955591722855,0.26396555064713634,0.069032188896639
249,249.0,249.4,0.06053946738729342,0.09510821989082854,0.06349260120999248,0.29711680733419865,0.07142619620880487,0.08719913948174815,0.2572851404373143,0.06783242804981932
250,250.0,250.4,0.05989299305660857,0.09424529534369347,0.06306257709575783,0.30151916436813464,0.07092504833923594,0.08648462034617636,0.25646789751480825,0.06740240393558468
251,251.0,251.4,0.05934492842101533,0.09427706552706547,0.06261744394896565,0.2962598874555396,0.07022223549397459,0.08557123834297745,0.2677802330519722,0.06392696775848947
252,252.0,252.4,0.05872111754156023,0.09316467689251882,0.062031394221402136,0.290956248384593,0.0694509312061565,0.07990611327898564,0.2823492353644924,0.06342028311029103
253,253.0,253.4,0.06027440955611481,0.09551767637320843,0.06117622984686903,0.2940014258190744,0.07136576093924676,0.07888216952118249,0.276142134133471,0.062640193810833
254,254.0,254.4,0.05949643971887878,0.09403900925505444,0.06048084052021321,0.29793589406659804,0.07042771858494026,0.07802575780062651,0.277578411814177,0.062015928239511464
255,255.0,255.4,0.0590365361689922,0.09355704890891753,0.05996095796297922,0.2950410277631629,0.0657285447473963,0.08359065733436655,0.28152170504864177,0.061563522065543316
256,256.0,256.4,0.05795944654761394,0.0915442343724169,0.05907151445947963,0.29950871281584523,0.06458211735506736,0.0845689667459865,0.282257595808213,0.06050741189537705
257,257.0,257.4,0.05776715292380251,0.09158708317116242,0.05884804134484438,0.3011356760957144,0.061532680874113066,0.08672935919579139,0.28483401633177846,0.057565990062793095
258,258.0,258.4,0.057118587727823536,0.09047711475515952,0.05818082621642236,0.3040229612243789,0.061007268387493686,0.08593782394304925,0.28637088782554654,0.05688452992012605
259,259.0,259.4,0.056606325368606235,0.08654657320687195,0.057600579556672395,0.308386743615792,0.06060994855701202,0.08547952850281149,0.2851430085112871,0.059627292680946485
260,260.0,260.4,0.05617299980961896,0.08573799409818897,0.0599342144403988,0.3067986096237595,0.06017662299802475,0.0849881309345327,0.28709465207872253,0.05909677601675349
261,261.0,261.4,0.055764591057184544,0.088309880912257,0.05935969273115377,0.3108745506122907,0.05976821424559033,0.08452435119649473,0.28280130041568363,0.05859741882934497
262,262.0,262.4,0.05533522059275098,0.08748854063790132,0.058978631445464155,0.3127997577268386,0.059338843781156766,0.08077674401708532,0.2870983560617925,0.05818390573701001
263,263.0,263.4,0.05483383896741791,0.08652373134265282,0.05852350328914126,0.3104387819514381,0.05864806821642976,0.08009034851571155,0.29324263283279983,0.0576990948844085
264,264.0,264.4,0.054929821251826494,0.08351534130154094,0.05842571657658936,0.3091818478901762,0.05832770214331353,0.07977093059748591,0.2979417604458495,0.057906879793217694
265,265.0,265.4,0.04986800062264664,0.083076237277167,0.05329854570734287,0.3106335583067627,0.056917462317138755,0.07835214266207224,0.3077320751897404,0.060121977917129164
266,266.0,266.4,0.04927015527343459,0.0842700473219022,0.05267909244543797,0.31042837079115004,0.056364629426732274,0.0776931608392973,0.3084869133280693,0.06080763057397611
267,267.0,267.4,0.048704095714532124,0.08320833572920858,0.052255345539975497,0.3089038432577332,0.05590609674955023,0.07698223629627801,0.3137887139215413,0.060251332791180966
268,268.0,268.4,0.048084266630903344,0.0820365582593236,0.051769933970081575,0.30904937835410207,0.055219006890643615,0.07818310161944422,0.3160156975095165,0.05964205676598487
269,269.0,269.4,0.047630970450737845,0.08352355009331751,0.05118301433708407,0.3055730525934014,0.05460698055174795,0.07932960934414421,0.3190082365954459,0.059144586034120886
270,270.0,270.4,0.047300026251869125,0.08307874021454534,0.05067442125499384,0.30677994313772067,0.05412588620272907,0.08135573182880113,0.31796325400153835,0.05872199710780224
271,271.0,271.4,0.04698453836611728,0.08265594541910329,0.05018950469608361,0.30610191830586564,0.05366815080630867,0.08063784777600565,0.32144227361332617,0.05831982101718941
272,272.0,272.4,0.04649403736360255,0.08187476774433293,0.04963193811019894,0.30481909394952866,0.05313739400695918,0.07985676159589199,0.3264388027431505,0.05774720448633488
273,273.0,273.4,0.0459920063672036,0.08081375324777401,0.05121012871271343,0.3027916799270937,0.052596284442069895,0.07926939856199253,0.32720024976323614,0.06012649897791648
274,274.0,274.4,0.045750437261571915,0.07876221071111046,0.04940844591958055,0.3027100141890041,0.05245884318491685,0.07561225227582594,0.33522245347735813,0.06007534298063192
275,275.0,275.4,0.045237522237638245,0.07771350139887948,0.0488835489492788,0.30157121071161336,0.05349163939419442,0.07485770364353393,0.33895194803291423,0.0592929256319474
276,276.0,276.4,0.044925827110061954,0.07722491243266352,0.048514991911457146,0.3046468028608347,0.053138875323110166,0.07712632836319479,0.33552559457511016,0.05889666742356743
277,277.0,277.4,0.04452687240514601,0.07660321627974971,0.048014292781645075,0.30383689078351245,0.05270030240232142,0.07875175722675709,0.337204417795551,0.05836225032531696
278,278.0,278.4,0.044325011415659935,0.07632486972181769,0.04769082490636191,0.30648118385264167,0.0523927331675922,0.07820751309477178,0.33647881334179663,0.05809905049935793
279,279.0,279.4,0.04404677195323518,0.07376176145545871,0.047363172533786704,0.3070535154216406,0.0520809599874232,0.07775174622424719,0.3401967736532168,0.0577452987709912
280,280.0,280.4,0.04359718846265529,0.07293517604725727,0.04686525160776761,0.3055665261456423,0.05159886070345796,0.07697909495931587,0.34524008636357173,0.05721781571033172
281,281.0,281.4,0.04321282493734367,0.07223692513296724,0.046433624594020596,0.3076358005040853,0.05127547278790244,0.0762839286816592,0.3461619679558799,0.05675945540614138
282,282.0,282.4,0.04299291921173193,0.07183310227072776,0.04623932050691372,0.30640192644059877,0.05296306012427034,0.07593601476352314,0.3470276890366689,0.0566059676455651
283,283.0,283.4,0.04278134273717048,0.06900611400699119,0.04605254561965385,0.302995397581473,0.0526236154811649,0.07560043035245376,0.35448214577651294,0.05645840844457976
284,284.0,284.4,0.04252540118611543,0.06854706305599159,0.045724805948020204,0.3023767006802721,0.05422608145822426,0.07101250436071863,0.357008547008547,0.05857889630211055
285,285.0,285.4,0.04221668029889357,0.06794870779690468,0.04547145604640186,0.30358557218012877,0.05381852996305124,0.07065547429475279,0.3581561706846825,0.058147408735184355
286,286.0,286.4,0.04202550289836575,0.06761920711847061,0.04533313276849561,0.3023019401729375,0.05360177531259599,0.0704180434252148,0.35911041439780195,0.05958998390611753
287,287.0,287.4,0.04217202334086349,0.06799769365494945,0.045495217660520074,0.29745030196403666,0.05376386020462044,0.07150062978344052,0.3620291053850987,0.05959116800647042
288,288.0,288.4,0.04204882111750598,0.06979967998527428,0.0453618529949349,0.2999327966087984,0.053655297126336855,0.06828431531518504,0.3616132080204436,0.05930402883152067
289,289.0,289.4,0.041922246006762004,0.06769764198590322,0.04524906382073356,0.30277037219070896,0.05162093932468455,0.06811692387791046,0.36357868233707136,0.05904413045622573
290,290.0,290.4,0.04160434945458163,0.06713775191813115,0.04500390737716587,0.30284931510840957,0.05124188440558407,0.06768540687755081,0.36581927693479543,0.058658107923781275
291,291.0,291.4,0.03859904441345364,0.06506486440433881,0.04366740445199774,0.3044870701359286,0.05240615973607171,0.06626308867139133,0.3709633821757691,0.05854898601104884
292,292.0,292.4,0.038386969548413405,0.06639143149033946,0.043499390769158465,0.30231148042142253,0.05217321098829738,0.06601472933610439,0.36908453343826575,0.0621382540079984
293,293.0,293.4,0.03825835692859021,0.06609979819665969,0.04337385788256666,0.3003305440133727,0.051947314069452986,0.06588611671628118,0.37206304248409916,0.0620409697089772
294,294.0,294.4,0.038194750053971896,0.06599990685179465,0.04334342467133235,0.30042079454862025,0.05021695452469305,0.06585275787554067,0.3754762022997002,0.060495209174346774
295,295.0,295.4,0.03806437278425963,0.06560877504265783,0.04318279936774229,0.3007566301616533,0.04990039648461347,0.06565719197097228,0.37674661972256773,0.060083214465533254
296,296.0,296.4,0.03621444943229068,0.06695555671088896,0.04302779127001062,0.30107935871348773,0.049594827646022986,0.06546851383957059,0.37797397214804984,0.05968553023967836
297,297.0,297.4,0.03603735347892855,0.06636026021659103,0.04279600569258925,0.3016742637946014,0.04915913483225721,0.0652014790893731,0.37952574378727244,0.05924575910838682
298,298.0,298.4,0.03576939897090745,0.06584179714491108,0.04253765285127623,0.30341542570214614,0.04873685402934582,0.06480494378624832,0.3802643734225176,0.058629554092647106
299,299.0,299.4,0.03560868653455313,0.06555160785919419,0.04063546025335661,0.3029400023029945,0.048558799362460686,0.06461398331601621,0.383796236954833,0.05829522341659148
300,300.0,300.4,0.035399726348868926,0.06508370835011996,0.04032156093825866,0.30183612153001377,0.0482298800030416,0.06620590383599859,0.3852497178503015,0.05767338114339669
301,301.0,301.4,0.03704971243407653,0.06460325249062482,0.04001805608038629,0.296616352366,0.047855139446400116,0.06588602456550333,0.38914751061208236,0.058823952004926294
302,302.0,302.4,0.035072107075275395,0.0635351722124167,0.039448242272306124,0.29480601713164234,0.047286203915491445,0.0699149145410337,0.3900504209617438,0.059886921890090226
303,303.0,303.4,0.034579446409529944,0.06258966011583873,0.03900097259576201,0.2932859792553757,0.04834809260248722,0.06813576538865004,0.3894700045806145,0.06459007905174155
304,304.0,304.4,0.03435853541376532,0.06516201872828754,0.03882368379195718,0.29499417812416384,0.04804472740065748,0.0677741340374541,0.3865931343214156,0.06424958818229867
305,305.0,305.4,0.033905612309039566,0.06431886070989518,0.038330746181973276,0.29325304971823407,0.047612444130813066,0.06612956442101965,0.3881410436782566,0.06830867885076845
306,306.0,306.4,0.03348390563622394,0.06353594831121745,0.037870091743101277,0.2931968575352909,0.047210408867659544,0.06462061838583992,0.39288885130962414,0.06719331821104252
307,307.0,307.4,0.03306326058740452,0.06275308493590676,0.037411525317025185,0.29254084743465286,0.04678208559626333,0.0632032863480289,0.3965540921336125,0.06769181764710566
308,308.0,308.4,0.03284068385951944,0.06390704805088362,0.037152015127186314,0.2948730027582767,0.04647741195258315,0.06282882072265632,0.3946795955186365,0.0672414220102576
309,309.0,309.4,0.03267306749825555,0.06357504172951622,0.037020531912318334,0.29494952849047,0.04630210127522331,0.06420113509961643,0.3943293632242796,0.06694923077032046
310,310.0,310.4,0.03252858006318522,0.06315091401950451,0.035366426550225274,0.2951092671448051,0.04611986886616759,0.06390950731541123,0.39713141738358393,0.06668401865711684
311,311.0,311.4,0.032387769589975426,0.06287868757721694,0.03522874243094827,0.2918820306173247,0.04736359500330085,0.06041291437982611,0.40351625657508017,0.06633000382632732
312,312.0,312.4,0.032260236331174516,0.06248446036546719,0.03503657110750928,0.29117307609756116,0.047088513317346245,0.06012972890318426,0.4057821220223966,0.06604529185536048
313,313.0,313.4,0.032136361936047665,0.06210168682674572,0.03484992444929595,0.2934743518679103,0.048249881828043614,0.059854481295958106,0.4035644629438816,0.06576884885211667
314,314.0,314.4,0.031860432006059314,0.06158886421989063,0.03451300818804727,0.2945629816269584,0.047900511329720744,0.058880466829086854,0.40568387010765905,0.0650098656925774
315,315.0,315.4,0.03162508119890302,0.06115612549520333,0.03421838161829039,0.29765408642446806,0.046123094678590416,0.05799918240187994,0.4068971036297243,0.06432694455294027
316,316.0,316.4,0.03140441417204637,0.060725403156002486,0.03394007822669777,0.30078089463852686,0.04438167828759246,0.05717745237283393,0.403837838887297,0.06775224025900287
317,317.0,317.4,0.031098593626461245,0.06001420085843502,0.033643619407023664,0.30126744975133146,0.04406740307189452,0.060092147599666676,0.4030239023065375,0.06679268337864959
318,318.0,318.4,0.030944142690277177,0.05960847267330366,0.03349812176324359,0.3008035694677961,0.04389767211315383,0.05985327172851419,0.4049432034787067,0.0664515460850045
319,319.0,319.4,0.031061998160695593,0.05829712347553105,0.033695342313027093,0.30113042403080925,0.042724373440755706,0.06003093046296123,0.409326869784584,0.06373293833163576
320,320.0,320.4,0.0309687963341433,0.05924862936555514,0.033591046579344364,0.29876555160129403,0.041090007922767915,0.05981610182628401,0.41307381951295613,0.06344604685765479
321,321.0,321.4,0.030826239734871946,0.05878086303898041,0.03340582044634323,0.29988841167442654,0.04075429581635405,0.05953500721376308,0.41369361198636206,0.06311575008889844
322,322.0,322.4,0.03057763989992901,0.058156513623381055,0.0331157961880853,0.29785448860750063,0.04033252022709848,0.06362514705888196,0.41402610276104246,0.06231179163408076
323,323.0,323.4,0.030342277743904772,0.056023803033193306,0.03284020034599404,0.29725167791193885,0.03992903577395651,0.06423164968022477,0.4178257593660645,0.06155559614472318
324,324.0,324.4,0.030202250625149512,0.05568162856160576,0.03273173756774621,0.2979609524837816,0.03976849396490151,0.06401672715168158,0.4183233147198398,0.06131489492529381
325,325.0,325.4,0.03164819702163127,0.05536829923499599,0.032684843080324724,0.29520652844467954,0.03963174689275755,0.06228436636610044,0.42199729035877354,0.06117872860073668
326,326.0,326.4,0.031499469763982116,0.05501681426158976,0.032526547261647845,0.2949364523720174,0.03946634467183998,0.06197343766055062,0.4237243426078566,0.06085659140051551
327,327.0,327.4,0.031363229124711754,0.054684868269880324,0.03233824926975607,0.29352001870454725,0.040568746679947275,0.061717049357661716,0.4239610438804637,0.061846794713031575
328,328.0,328.4,0.031230777594662633,0.054361886795539285,0.03215509452445152,0.29367508306222395,0.04029016372928817,0.06146735680525005,0.4267598193001749,0.060059818188409095
329,329.0,329.4,0.031020475175036293,0.05394848181150217,0.0319380164044216,0.29292247457382853,0.03996275784459376,0.06112130253548068,0.42943704613551714,0.05964944551961955
330,330.0,330.4,0.03088178525236651,0.054905820918193224,0.031792584978955714,0.2902723339329781,0.039775836016998585,0.06442160070007671,0.42854598476063516,0.059404053439795754
331,331.0,331.4,0.030619681932174632,0.0543049717704269,0.03153654675749017,0.29069421104715387,0.039492035724354835,0.06328744945525447,0.4329390042080458,0.057126099105099006
332,332.0,332.4,0.030405734009251627,0.055102620049157294,0.031315654301194394,0.28985038276730124,0.039165409321686634,0.06293081539371123,0.43453298328971013,0.05669640086798723
333,333.0,333.4,0.030236843697893635,0.05481199006779811,0.03115235874573461,0.28938661636936747,0.03893858085973204,0.06271084792511167,0.4349813232529254,0.05778143908143699
334,334.0,334.4,0.0302523274904666,0.05471451486430057,0.03259641396687901,0.2883371325141889,0.03886182783428383,0.059863694385634734,0.43378008432002824,0.06159400462421788
335,335.0,335.4,0.029969381240705105,0.05750200707051521,0.032343138448211656,0.28830454857469406,0.0385394701927151,0.06027724290790405,0.4324042687929383,0.06065994277231629
336,336.0,336.4,0.02970259169371729,0.05675681027306453,0.03212528011640571,0.28554355456510877,0.03822561663557869,0.05932596797506047,0.43847623127735896,0.059843947463705235
337,337.0,337.4,0.02958313821566407,0.05643282682829341,0.03202814622690508,0.28567936444874187,0.038076003933604476,0.05908974100674521,0.43946053836450033,0.05965024097554529
338,338.0,338.4,0.029450345154197154,0.056100204413136734,0.03188458812641482,0.2840032920388712,0.03789737989331924,0.05882658071613709,0.44245754612483346,0.05938006353309007
339,339.0,339.4,0.029320742666825845,0.05577531284844624,0.03174443009051327,0.28346636193943414,0.03772289488017759,0.05856956283210869,0.44314791253897745,0.06025278220351654
340,340.0,340.4,0.029194216635512436,0.055457884895015665,0.031607552278989336,0.2829443517793324,0.037552406136912644,0.05946789881251578,0.4437930226742668,0.05998266678745464
341,341.0,341.4,0.029128865528372756,0.05522735037685762,0.03150040205508959,0.28436881192538677,0.03742307786909114,0.05933719659823642,0.4432213565330928,0.05979293911387271
342,342.0,342.4,0.029079680224701154,0.05501664432177765,0.03143977772144772,0.2851246022292326,0.03732603636252335,0.05923882599089323,0.4430934037558799,0.059681029393544104
343,343.0,343.4,0.028963752193052906,0.054683208286688524,0.03129362560632255,0.2826380554089766,0.037095466485447016,0.059002066351516724,0.4468961701447053,0.05942765552329028
344,344.0,344.4,0.02883593197497574,0.054342773703015636,0.031106942977590375,0.2819702231589508,0.03684107114922201,0.05874137055291201,0.4490546749452629,0.05910701153807023
345,345.0,345.4,0.02872310524237782,0.054057895233967077,0.03093667322209482,0.2816945148502395,0.03761477986251203,0.05852246908825696,0.44960870017362087,0.05884186232693073
346,346.0,346.4,0.028601016889318837,0.05373172233455886,0.03075851013311868,0.2799969364558351,0.03736192705166878,0.05827271918840606,0.45274182196884094,0.058535345978252426
347,347.0,347.4,0.02854671709926974,0.05351196009252113,0.03069390318990529,0.2801070496660799,0.03724480703284211,0.05812426697334726,0.4533472426959969,0.05842405325003745
348,348.0,348.4,0.02847985327569754,0.05328305840346735,0.03156997073197308,0.28081286647012194,0.03710271055252874,0.05795147109236633,0.45255339436276404,0.058246675111080726
349,349.0,349.4,0.028389801138814535,0.05305332444287301,0.031501663174611325,0.28040727334314686,0.03700301742100104,0.057802779092214596,0.45375597516638333,0.0580861662209551
350,350.0,350.4,0.028348083388716173,0.052874777067387926,0.030134449097790512,0.28040776022901465,0.03692083998004676,0.0577191175113523,0.45560403329800536,0.05799093942768605
351,351.0,351.4,0.02829384009444073,0.05268646985388655,0.030043956612423883,0.27977355510887253,0.03778444763906379,0.057610411762972526,0.45494557511619743,0.05886174381214236
352,352.0,352.4,0.0282407153035292,0.052501963820495635,0.02995537319465768,0.2780135193375085,0.03635425760560414,0.05750394966252751,0.45873572932576,0.05869449174991713
353,353.0,353.4,0.026919638331640017,0.05228492025874197,0.029824261296854566,0.2777351561075139,0.03616419724677263,0.057347591433730784,0.4625150653035558,0.0572091700211901
354,354.0,354.4,0.02680962165113355,0.0520768070800837,0.02971174735032306,0.2792691671084405,0.03599107849014006,0.057113415796439616,0.4620518360745699,0.05697632644886941
