,Unnamed: 0,Total_iterations,Intertwine_two,Invert_path_vertices,Insert_inside_vertex,Delete_inside_vertex,Replace_inside_vertex,Donate_between_routes,Trim_one_terminal_cb,Grow_one_terminal_cb
0,0.0,0.0,0.125,0.125,0.125,0.125,0.125,0.125,0.125,0.125
1,1.0,0.10900000000000001,0.125,0.125,0.125,0.125,0.125,0.125,0.125,0.125
2,2.0,0.31601,0.125,0.125,0.125,0.125,0.125,0.125,0.125,0.125
3,3.0,0.6191589000000001,0.125,0.125,0.125,0.125,0.125,0.125,0.125,0.125
4,4.0,1.015801321,0.125,0.125,0.125,0.125,0.125,0.125,0.125,0.125
5,5.0,1.50262148669,0.125,0.125,0.125,0.125,0.125,0.125,0.125,0.125
6,6.0,2.0757334209441005,0.125,0.125,0.125,0.125,0.125,0.125,0.125,0.125
7,7.0,2.7307768275633495,0.125,0.125,0.125,0.125,0.125,0.125,0.125,0.125
8,8.0,3.4630081252450404,0.125,0.125,0.125,0.125,0.125,0.125,0.125,0.125
9,9.0,4.2673862119061114,0.125,0.125,0.125,0.125,0.125,0.125,0.125,0.125
10,10.0,5.138652627782014,0.125,0.125,0.125,0.125,0.125,0.125,0.125,0.125
11,11.0,6.071405875792507,0.125,0.125,0.125,0.125,0.125,0.125,0.125,0.125
12,12.0,7.060169740244025,0.125,0.125,0.125,0.125,0.125,0.125,0.125,0.125
13,13.0,8.099455520847952,0.125,0.125,0.125,0.125,0.125,0.125,0.125,0.125
14,14.0,9.183818168183006,0.125,0.125,0.125,0.125,0.125,0.125,0.125,0.125
15,15.0,10.307906369102724,0.125,0.125,0.125,0.125,0.125,0.125,0.125,0.125
16,16.0,11.466506686239443,0.125,0.125,0.125,0.125,0.125,0.125,0.125,0.125
17,17.0,12.654581904800096,0.125,0.125,0.125,0.125,0.125,0.125,0.125,0.125
18,18.0,13.867303782456686,0.125,0.125,0.125,0.125,0.125,0.125,0.125,0.125
19,19.0,15.100080434523047,0.125,0.125,0.125,0.125,0.125,0.125,0.125,0.125
20,20.0,16.348578617037543,0.125,0.125,0.125,0.125,0.125,0.125,0.125,0.125
21,21.0,17.608741195130214,0.125,0.125,0.125,0.125,0.125,0.125,0.125,0.125
22,22.0,18.876800103462312,0.125,0.125,0.125,0.125,0.125,0.125,0.125,0.125
23,23.0,20.14928511992658,0.125,0.125,0.125,0.125,0.125,0.125,0.125,0.125
24,24.0,21.423028783545156,0.125,0.125,0.125,0.125,0.125,0.125,0.125,0.125
25,25.0,22.695167792966423,0.125,0.125,0.125,0.125,0.125,0.125,0.125,0.125
26,26.0,23.963141223515898,0.125,0.125,0.125,0.125,0.125,0.125,0.125,0.125
27,27.0,25.224685898775267,0.125,0.125,0.125,0.125,0.125,0.125,0.125,0.125
28,28.0,26.477829247520948,0.125,0.125,0.125,0.125,0.125,0.125,0.125,0.125
29,29.0,27.720879968916847,0.125,0.125,0.125,0.125,0.125,0.125,0.125,0.125
30,30.0,28.95241681848399,0.125,0.125,0.125,0.125,0.125,0.125,0.125,0.125
31,31.0,30.17127581490958,0.125,0.125,0.125,0.125,0.125,0.125,0.125,0.125
32,32.0,31.376536153543515,0.125,0.125,0.125,0.125,0.125,0.125,0.125,0.125
33,33.0,32.567505096778625,0.125,0.125,0.125,0.125,0.125,0.125,0.125,0.125
34,34.0,33.74370209472243,0.125,0.125,0.125,0.125,0.125,0.125,0.125,0.125
35,35.0,34.90484237192463,0.125,0.125,0.125,0.125,0.125,0.125,0.125,0.125
36,36.0,36.05082019768737,0.125,0.125,0.125,0.125,0.125,0.125,0.125,0.125
37,37.0,37.18169203889697,0.125,0.125,0.125,0.125,0.125,0.125,0.125,0.125
38,38.0,38.29765977559663,0.125,0.125,0.125,0.125,0.125,0.125,0.125,0.125
39,39.0,39.399054140870355,0.125,0.125,0.125,0.125,0.125,0.125,0.125,0.125
40,40.0,40.48631852820801,0.125,0.125,0.125,0.125,0.125,0.125,0.125,0.125
41,41.0,41.55999329152982,0.125,0.125,0.125,0.125,0.125,0.125,0.125,0.125
42,42.0,42.62070064560415,0.125,0.125,0.125,0.125,0.125,0.125,0.125,0.125
43,43.0,43.669130257815,0.125,0.125,0.125,0.125,0.125,0.125,0.125,0.125
44,44.0,44.70602560622662,0.125,0.125,0.125,0.125,0.125,0.125,0.125,0.125
45,45.0,45.73217116373481,0.125,0.125,0.125,0.125,0.125,0.125,0.125,0.125
46,46.0,46.748380453854836,0.125,0.125,0.125,0.125,0.125,0.125,0.125,0.125
47,47.0,47.755485010424316,0.125,0.125,0.125,0.125,0.125,0.125,0.125,0.125
48,48.0,48.7543242612326,0.125,0.125,0.125,0.125,0.125,0.125,0.125,0.125
49,49.0,49.745736344347726,0.125,0.125,0.125,0.125,0.125,0.125,0.125,0.125
50,50.0,50.730549855707864,0.125,0.125,0.125,0.125,0.125,0.125,0.125,0.125
51,51.0,51.70957651737491,0.125,0.125,0.125,0.125,0.125,0.125,0.125,0.125
52,52.0,52.68360474770151,0.125,0.125,0.125,0.125,0.125,0.125,0.125,0.125
53,53.0,53.65339410751842,0.125,0.125,0.125,0.125,0.125,0.125,0.125,0.125
54,54.0,54.61967059027847,0.125,0.125,0.125,0.125,0.125,0.125,0.125,0.125
55,55.0,55.58312271885972,0.125,0.125,0.125,0.125,0.125,0.125,0.125,0.125
56,56.0,56.544398407394254,0.125,0.125,0.125,0.125,0.125,0.125,0.125,0.125
57,57.0,57.504102543001395,0.125,0.125,0.125,0.125,0.125,0.125,0.125,0.125
58,58.0,58.462795239617805,0.125,0.125,0.125,0.125,0.125,0.125,0.125,0.125
59,59.0,59.42099071417639,0.125,0.125,0.125,0.125,0.125,0.125,0.125,0.125
60,60.0,60.379156734137354,0.125,0.125,0.125,0.125,0.125,0.125,0.125,0.125
61,61.0,61.337714584760846,0.125,0.125,0.125,0.125,0.125,0.125,0.125,0.125
62,62.0,62.29703950447439,0.125,0.125,0.125,0.125,0.125,0.125,0.125,0.125
63,63.0,63.257461537171835,0.125,0.125,0.125,0.125,0.125,0.125,0.125,0.125
64,64.0,64.21926675122782,0.125,0.125,0.125,0.125,0.125,0.125,0.125,0.125
65,65.0,65.18269877636592,0.125,0.125,0.125,0.125,0.125,0.125,0.125,0.125
66,66.0,66.14796061122655,0.125,0.125,0.125,0.125,0.125,0.125,0.125,0.125
67,67.0,67.11521665648885,0.125,0.125,0.125,0.125,0.125,0.125,0.125,0.125
68,68.0,68.08459493066005,0.125,0.125,0.125,0.125,0.125,0.125,0.125,0.125
69,69.0,69.05618942810752,0.125,0.125,0.125,0.125,0.125,0.125,0.125,0.125
70,70.0,70.03006258152917,0.125,0.125,0.125,0.125,0.125,0.125,0.125,0.125
71,71.0,71.00624779379335,0.125,0.125,0.125,0.125,0.125,0.125,0.125,0.125
72,72.0,71.98475200689319,0.125,0.125,0.125,0.125,0.125,0.125,0.125,0.125
73,73.0,72.96555827861411,0.125,0.125,0.125,0.125,0.125,0.125,0.125,0.125
74,74.0,73.94862834037681,0.125,0.125,0.125,0.125,0.125,0.125,0.125,0.125
75,75.0,74.93390511255946,0.125,0.125,0.125,0.125,0.125,0.125,0.125,0.125
76,76.0,75.92131515639825,0.125,0.125,0.125,0.125,0.125,0.125,0.125,0.125
77,77.0,76.91077104428919,0.125,0.125,0.125,0.125,0.125,0.125,0.125,0.125
78,78.0,77.90217363294813,0.125,0.125,0.125,0.125,0.125,0.125,0.125,0.125
79,79.0,78.89541422641172,0.125,0.125,0.125,0.125,0.125,0.125,0.125,0.125
80,80.0,79.89037661826481,0.125,0.125,0.125,0.125,0.125,0.125,0.125,0.125
81,81.0,80.88693900474995,0.125,0.125,0.125,0.125,0.125,0.125,0.125,0.125
82,82.0,81.88497576253909,0.125,0.125,0.125,0.125,0.125,0.125,0.125,0.125
83,83.0,82.88435908692391,0.125,0.125,0.125,0.125,0.125,0.125,0.125,0.125
84,84.0,83.88496048800103,0.125,0.125,0.125,0.125,0.125,0.125,0.125,0.125
85,85.0,84.88665214409042,0.125,0.125,0.125,0.125,0.125,0.125,0.125,0.125
86,86.0,85.88930811312994,0.125,0.125,0.125,0.125,0.125,0.125,0.125,0.125
87,87.0,86.89280540413424,0.125,0.125,0.125,0.125,0.125,0.125,0.125,0.125
88,88.0,87.89702491199675,0.125,0.125,0.125,0.125,0.125,0.125,0.125,0.125
89,89.0,88.90185221995306,0.125,0.125,0.125,0.125,0.125,0.125,0.125,0.125
90,90.0,89.92717827491418,0.125,0.125,0.125,0.125,0.125,0.125,0.125,0.125
91,91.0,90.95269994163007,0.125,0.125,0.125,0.125,0.125,0.125,0.125,0.125
92,92.0,91.97814244225806,0.125,0.125,0.125,0.125,0.125,0.125,0.125,0.125
93,93.0,93.00325926840068,0.125,0.125,0.125,0.125,0.125,0.125,0.125,0.125
94,94.0,94.02783181924502,0.125,0.125,0.125,0.125,0.125,0.125,0.125,0.125
95,95.0,95.05166879681248,0.125,0.125,0.125,0.125,0.125,0.125,0.125,0.125
96,96.0,96.07460538865507,0.125,0.125,0.125,0.125,0.125,0.125,0.125,0.125
97,97.0,97.09650226742686,0.125,0.125,0.125,0.125,0.125,0.125,0.125,0.125
98,98.0,98.1172444356472,0.125,0.125,0.125,0.125,0.125,0.125,0.125,0.125
99,99.0,99.13673994268903,0.125,0.125,0.125,0.125,0.125,0.125,0.125,0.125
100,100.0,100.15491849959979,0.125,0.125,0.125,0.125,0.125,0.125,0.125,0.125
101,101.0,101.17173001582347,0.125,0.125,0.125,0.125,0.125,0.125,0.125,0.125
102,102.0,102.18714308026655,0.125,0.125,0.125,0.125,0.125,0.125,0.125,0.125
103,103.0,103.20114340746267,0.125,0.125,0.125,0.125,0.125,0.125,0.125,0.125
104,104.0,104.21373226786453,0.125,0.125,0.125,0.125,0.125,0.125,0.125,0.125
105,105.0,105.22492491954756,0.125,0.125,0.125,0.125,0.125,0.125,0.125,0.125
106,106.0,106.23474905686682,0.125,0.125,0.125,0.125,0.125,0.125,0.125,0.125
107,107.0,107.24324328988548,0.125,0.125,0.125,0.125,0.125,0.125,0.125,0.125
108,108.0,108.25045566670343,0.125,0.125,0.125,0.125,0.125,0.125,0.125,0.125
109,109.0,109.25644224917254,0.125,0.125,0.125,0.125,0.125,0.125,0.125,0.125
110,110.0,110.26126575090301,0.125,0.125,0.125,0.125,0.125,0.125,0.125,0.125
111,111.0,111.26499424495141,0.125,0.125,0.125,0.125,0.125,0.125,0.125,0.125
112,112.0,112.26769994714545,0.125,0.125,0.125,0.125,0.125,0.125,0.125,0.125
113,113.0,113.26945807964864,0.125,0.125,0.125,0.125,0.125,0.125,0.125,0.125
114,114.0,114.27034581810503,0.125,0.125,0.125,0.125,0.125,0.125,0.125,0.125
115,115.0,115.27044132453472,0.125,0.125,0.125,0.125,0.125,0.125,0.125,0.125
116,116.0,116.2698228670761,0.125,0.125,0.125,0.125,0.125,0.125,0.125,0.125
117,117.0,117.26856802669258,0.125,0.125,0.125,0.125,0.125,0.125,0.125,0.125
118,118.0,118.26675299008048,0.125,0.125,0.125,0.125,0.125,0.125,0.125,0.125
119,119.0,119.26445192722879,0.125,0.125,0.125,0.125,0.125,0.125,0.125,0.125
120,120.0,120.26173645138998,0.125,0.125,0.125,0.125,0.125,0.125,0.125,0.125
121,121.0,121.25867515862116,0.125,0.125,0.125,0.125,0.125,0.125,0.125,0.125
122,122.0,122.255333243543,0.125,0.125,0.125,0.125,0.125,0.125,0.125,0.125
123,123.0,123.25177218753723,0.125,0.125,0.125,0.125,0.125,0.125,0.125,0.125
124,124.0,124.24804951525667,0.125,0.125,0.125,0.125,0.125,0.125,0.125,0.125
125,125.0,125.24421861505158,0.125,0.125,0.125,0.125,0.125,0.125,0.125,0.125
126,126.0,126.2403286187165,0.125,0.125,0.125,0.125,0.125,0.125,0.125,0.125
127,127.0,127.23642433582776,0.125,0.125,0.125,0.125,0.125,0.125,0.125,0.125
128,128.0,128.23254623786963,0.125,0.125,0.125,0.125,0.125,0.125,0.125,0.125
129,129.0,129.2287304873286,0.125,0.125,0.125,0.125,0.125,0.125,0.125,0.125
130,130.0,130.2250090069684,0.125,0.125,0.125,0.125,0.125,0.125,0.125,0.125
131,131.0,131.22140958457453,0.125,0.125,0.125,0.125,0.125,0.125,0.125,0.125
132,132.0,132.2179560085743,0.125,0.125,0.125,0.125,0.125,0.125,0.125,0.125
133,133.0,133.21466823008836,0.125,0.125,0.125,0.125,0.125,0.125,0.125,0.125
134,134.0,134.21156254715012,0.125,0.125,0.125,0.125,0.125,0.125,0.125,0.125
135,135.0,135.20865180703422,0.125,0.125,0.125,0.125,0.125,0.125,0.125,0.125
136,136.0,136.20594562285956,0.125,0.125,0.125,0.125,0.125,0.125,0.125,0.125
137,137.0,137.2034506008738,0.125,0.125,0.125,0.125,0.125,0.125,0.125,0.125
138,138.0,138.20117057507784,0.125,0.125,0.125,0.125,0.125,0.125,0.125,0.125
139,139.0,139.1991068461107,0.125,0.125,0.125,0.125,0.125,0.125,0.125,0.125
140,140.0,140.19725842157916,0.125,0.125,0.125,0.125,0.125,0.125,0.125,0.125
141,141.0,141.195622255285,0.125,0.125,0.125,0.125,0.125,0.125,0.125,0.125
142,142.0,142.1941934830674,0.125,0.125,0.125,0.125,0.125,0.125,0.125,0.125
143,143.0,143.1929656532409,0.125,0.125,0.125,0.125,0.125,0.125,0.125,0.125
144,144.0,144.19193094986463,0.125,0.125,0.125,0.125,0.125,0.125,0.125,0.125
145,145.0,145.19108040732735,0.125,0.125,0.125,0.125,0.125,0.125,0.125,0.125
146,146.0,146.19040411497053,0.125,0.125,0.125,0.125,0.125,0.125,0.125,0.125
147,147.0,147.18989141069966,0.125,0.125,0.125,0.125,0.125,0.125,0.125,0.125
148,148.0,148.1895310627489,0.125,0.125,0.125,0.125,0.125,0.125,0.125,0.125
149,149.0,149.18931143896572,0.125,0.125,0.125,0.125,0.125,0.125,0.125,0.125
150,150.0,150.18922066317123,0.125,0.125,0.125,0.125,0.125,0.125,0.125,0.125
151,151.0,151.18924675832446,0.125,0.125,0.125,0.125,0.125,0.125,0.125,0.125
152,152.0,152.1893777763791,0.125,0.125,0.125,0.125,0.125,0.125,0.125,0.125
153,153.0,153.18960191486448,0.125,0.125,0.125,0.125,0.125,0.125,0.125,0.125
154,154.0,154.1899076203527,0.125,0.125,0.125,0.125,0.125,0.125,0.125,0.125
155,155.0,155.1902836790886,0.125,0.125,0.125,0.125,0.125,0.125,0.125,0.125
156,156.0,156.19071929516,0.125,0.125,0.125,0.125,0.125,0.125,0.125,0.125
157,157.0,157.19120415667265,0.125,0.125,0.125,0.125,0.125,0.125,0.125,0.125
158,158.0,158.1917284904673,0.125,0.125,0.125,0.125,0.125,0.125,0.125,0.125
159,159.0,159.19228310597782,0.125,0.125,0.125,0.125,0.125,0.125,0.125,0.125
160,160.0,160.19285942887754,0.125,0.125,0.125,0.125,0.125,0.125,0.125,0.125
161,161.0,161.1934495251985,0.125,0.125,0.125,0.125,0.125,0.125,0.125,0.125
162,162.0,162.19404611663538,0.125,0.125,0.125,0.125,0.125,0.125,0.125,0.125
163,163.0,163.1946425877622,0.125,0.125,0.125,0.125,0.125,0.125,0.125,0.125
164,164.0,164.1952329858987,0.125,0.125,0.125,0.125,0.125,0.125,0.125,0.125
165,165.0,165.19581201436262,0.125,0.125,0.125,0.125,0.125,0.125,0.125,0.125
166,166.0,166.1963750198365,0.125,0.125,0.125,0.125,0.125,0.125,0.125,0.125
167,167.0,167.19691797456463,0.125,0.125,0.125,0.125,0.125,0.125,0.125,0.125
168,168.0,168.19743745407428,0.125,0.125,0.125,0.125,0.125,0.125,0.125,0.125
169,169.0,169.19793061109223,0.125,0.125,0.125,0.125,0.125,0.125,0.125,0.125
170,170.0,170.19839514629749,0.125,0.125,0.125,0.125,0.125,0.125,0.125,0.125
171,171.0,171.19882927651923,0.125,0.125,0.125,0.125,0.125,0.125,0.125,0.125
172,172.0,172.1992317009536,0.125,0.125,0.125,0.125,0.125,0.125,0.125,0.125
173,173.0,173.19960156593498,0.125,0.125,0.125,0.125,0.125,0.125,0.125,0.125
174,174.0,174.19993842875888,0.125,0.125,0.125,0.125,0.125,0.125,0.125,0.125
175,175.0,175.20024222101281,0.125,0.125,0.125,0.125,0.125,0.125,0.125,0.125
176,176.0,176.20051321183124,0.125,0.125,0.125,0.125,0.125,0.125,0.125,0.125
177,177.0,177.2007519714495,0.125,0.125,0.125,0.125,0.125,0.125,0.125,0.125
178,178.0,178.20095933539142,0.125,0.125,0.125,0.125,0.125,0.125,0.125,0.125
179,179.0,179.20113636958524,0.125,0.125,0.125,0.125,0.125,0.125,0.125,0.125
180,180.0,180.20128433666386,0.125,0.125,0.125,0.125,0.125,0.125,0.125,0.125
181,181.0,181.20140466366797,0.125,0.125,0.125,0.125,0.125,0.125,0.125,0.125
182,182.0,182.201498911335,0.125,0.125,0.125,0.125,0.125,0.125,0.125,0.125
183,183.0,183.20156874512193,0.125,0.125,0.125,0.125,0.125,0.125,0.125,0.125
184,184.0,184.20161590807896,0.125,0.125,0.125,0.125,0.125,0.125,0.125,0.125
185,185.0,185.2016421956595,0.125,0.125,0.125,0.125,0.125,0.125,0.125,0.125
186,186.0,186.20164943252541,0.125,0.125,0.125,0.125,0.125,0.125,0.125,0.125
187,187.0,187.20163945137946,0.125,0.125,0.125,0.125,0.125,0.125,0.125,0.125
188,188.0,188.20161407383432,0.125,0.125,0.125,0.125,0.125,0.125,0.125,0.125
189,189.0,189.20157509330534,0.125,0.125,0.125,0.125,0.125,0.125,0.125,0.125
190,190.0,190.20152425989622,0.125,0.125,0.125,0.125,0.125,0.125,0.125,0.125
191,191.0,191.20146326722903,0.125,0.125,0.125,0.125,0.125,0.125,0.125,0.125
192,192.0,192.20139374115627,0.125,0.125,0.125,0.125,0.125,0.125,0.125,0.125
193,193.0,193.21131723027923,0.125,0.125,0.125,0.125,0.125,0.125,0.125,0.125
194,194.0,194.2311351981871,0.125,0.125,0.125,0.125,0.125,0.125,0.125,0.125
195,195.0,195.2506600173223,0.125,0.125,0.125,0.125,0.125,0.125,0.125,0.125
196,196.0,196.26972575437077,0.125,0.125,0.125,0.125,0.125,0.125,0.125,0.125
197,197.0,197.2881876601707,0.125,0.125,0.125,0.125,0.125,0.125,0.125,0.125
198,198.0,198.3059214987889,0.125,0.125,0.125,0.125,0.125,0.125,0.125,0.125
199,199.0,199.32282273855742,0.12486111111111112,0.12597222222222224,0.12486111111111112,0.12486111111111112,0.12486111111111112,0.12486111111111112,0.12486111111111112,0.12486111111111112
200,200.0,200.33880562696348,0.12402916666666669,0.1262402777777778,0.12402916666666669,0.12458472222222225,0.12402916666666669,0.12402916666666669,0.1251402777777778,0.12791805555555558
201,201.0,201.3538021702593,0.12309568055555557,0.12627468055555557,0.12309568055555557,0.12420123611111114,0.12309568055555557,0.12309568055555557,0.1263067916666667,0.13083456944444447
202,202.0,202.367761037523,0.12195034382575759,0.1259777447348485,0.12195034382575759,0.12450449029040407,0.12306145493686871,0.12195034382575759,0.12713954584595963,0.13346573271464648
203,203.0,203.38064640768505,0.12064574440138891,0.12624491696805556,0.12064574440138891,0.12554878829027782,0.12274574440138893,0.12064574440138891,0.12768959884583336,0.1358337182902778
204,204.0,204.39243677675407,0.11917604491134065,0.12617228178262035,0.11917604491134065,0.12742996347905627,0.12301427568057142,0.11917604491134065,0.1279489898735007,0.1379063544502295
205,205.0,205.40312374114862,0.11775514466477355,0.12609262319533837,0.11775514466477355,0.12928590100134582,0.12329632389554278,0.11775514466477355,0.12818457583129025,0.1398751420821624
206,206.0,206.41271077169228,0.11642505247836725,0.1260401198708292,0.11642505247836725,0.13175416001981427,0.12362039660913648,0.11642505247836725,0.12849442058229815,0.14081574548282044
207,207.0,207.42121199146465,0.11503698787379268,0.12585958072188355,0.11503698787379268,0.13388073310303694,0.12373514095926823,0.11503698787379268,0.13005546266362591,0.1413581189308076
208,208.0,208.4286509693451,0.11369261891935462,0.12564760490287674,0.11369261891935462,0.13584267547321457,0.12382415070104323,0.11369261891935462,0.13146188451485485,0.14214582764994707
209,209.0,209.4350595397441,0.11226127936300129,0.1251598253525324,0.11226127936300129,0.13838366581425865,0.1236944237663519,0.112975565077287,0.13259934587737604,0.1426646153861918
210,210.0,210.4404766577057,0.11079820532955553,0.12546891791654746,0.11079820532955553,0.14046761588342482,0.1234508073107061,0.11221963390098409,0.1339860970365323,0.1428105172926945
211,211.0,211.4449472972941,0.10913629935900152,0.12541326341584688,0.10913629935900152,0.14469599839434374,0.12284646722694059,0.11125137078757293,0.13494373490883044,0.1425765665484627
212,212.0,212.44852139995075,0.10723517018764468,0.12506577449105152,0.1074525614919925,0.1491229414853253,0.12202350323194987,0.11013349369696143,0.1368229697018259,0.1421435857132491
213,213.0,213.45125287834222,0.10513662730985042,0.12426766842694302,0.1055692360055026,0.15455305009161857,0.12080133554069974,0.10874557354577173,0.13958747776645172,0.14133903131316244
214,214.0,214.45319868011111,0.10296887671251961,0.12383629868740442,0.10361259410382397,0.16140888772781065,0.11932352311614558,0.1072171635052432,0.14183707071088267,0.13979558543617016
215,215.0,215.454417914902,0.10072152502796992,0.12305490052649873,0.10157054220188298,0.16856106343305474,0.1181822190003208,0.10553934031322335,0.1443568294539263,0.13801358004312342
216,216.0,216.45497104706476,0.09846455432352307,0.12210629439179886,0.09951159026047961,0.1753404073047906,0.11689960079204378,0.10381646019382998,0.14778685315222187,0.13607423958131248
217,217.0,217.4549191555406,0.09622979901651603,0.12096445073464776,0.09746632061127691,0.18243322927726607,0.11544630470793879,0.10204588071073509,0.15067873545679922,0.13473527948482036
218,218.0,218.4543232616135,0.09382247685602453,0.11944571947548373,0.09523890945729649,0.189666057939696,0.11519877125419511,0.1000353413295134,0.15354805682443742,0.13304466686335356
219,219.0,219.45324372446294,0.091503744276104,0.11790175058262282,0.093089671587658,0.19665420078051193,0.11490499365927509,0.09807508575036558,0.15597006326454607,0.13190049009891675
220,220.0,220.4517397037828,0.08919792784632911,0.1167868214996696,0.09146859604392989,0.20264476887691207,0.114453714727437,0.09608968635070826,0.1587874684914951,0.13057101616351915
221,221.0,221.44986868813288,0.08687018272341966,0.11623018740292934,0.08978246595639498,0.20797966041509378,0.11367360772349921,0.09507413988010746,0.16135748078404427,0.1290322751145115
222,222.0,222.4476860871666,0.08466754020478102,0.11555305335521017,0.08819989326769846,0.2131043900535453,0.11284794466842149,0.09411305217394315,0.1640131606963811,0.12750096558001947
223,223.0,223.4452448854253,0.08255701446112251,0.11475352241827294,0.08668384597079348,0.21792308728569568,0.11192579038257322,0.09318951481021191,0.16701806916144402,0.1259491555098864
224,224.0,224.44259535500387,0.08047241925746079,0.11380281281770784,0.08561713313692894,0.22202955260965876,0.11154115916019146,0.09331822990068743,0.170291248762798,0.12292744435456693
225,225.0,225.43978482407454,0.0784158907138739,0.11267230320079488,0.08454222881303773,0.22590401335387195,0.11101276016392644,0.09326524070975782,0.17439912002072716,0.11978844302401027
226,226.0,226.43685749799738,0.0763710477527215,0.11130839061517304,0.08339327145100262,0.22888070495617624,0.11132987881565079,0.09391136233057164,0.17821158164778,0.11659376243092434
227,227.0,227.43385432954798,0.07430067830735795,0.10969143549868958,0.08213209933750609,0.23202120118912936,0.11127921966891063,0.09438675518423564,0.18286418544469166,0.11332442536947922
228,228.0,228.43081293464803,0.0722857915586353,0.10798661717899478,0.08087587162933622,0.2358368423610504,0.11102620763353188,0.09464406681448125,0.1873188907078151,0.11002571211615522
229,229.0,229.4277675498916,0.07034535054190477,0.10622454109386681,0.07920623599187444,0.23984077984106333,0.111015862713123,0.09429838650636774,0.19233118407816496,0.10673765923363512
230,230.0,230.42474902811188,0.06836479084214918,0.104302201527339,0.07742789372823639,0.24372917552914833,0.11110344817188653,0.09436361028257811,0.19734375585741704,0.10336512406124555
231,231.0,231.421784868229,0.06636154102371447,0.10218179265559584,0.07556274770388136,0.24740320266633775,0.11082951491201563,0.09450443109031,0.20321344332214034,0.09994332662600466
232,232.0,232.41889927565214,0.06451212322728085,0.10011842081522104,0.07380735038575256,0.2508052192824547,0.11047679882875083,0.0946496730775333,0.20896544138535716,0.09666497299764965
233,233.0,233.41611324957645,0.06279406965955552,0.09855576625675348,0.07214270210735163,0.2539663838655532,0.10923047724555773,0.09464686293736961,0.2151082056694883,0.0935555322583706
234,234.0,234.41344469361255,0.06123635367077413,0.09741777956848288,0.07060130368491903,0.2569677130966473,0.1079649754933627,0.0946328786060039,0.2205581924490615,0.0906208034307486
235,235.0,235.41090854630892,0.059851980201391645,0.09639606613796457,0.06918432104015917,0.25985863875708803,0.1067360204527417,0.09526128503817771,0.2248263334528907,0.0878853549195865
236,236.0,236.40851692827255,0.058593982036567654,0.09590028453067961,0.06784960686375918,0.26266499808868954,0.10470228920475047,0.0961333601733988,0.22936601615919042,0.08478946294296437
237,237.0,237.40627930275713,0.05735287265777146,0.09513710901123512,0.06684958833765983,0.26566062511269595,0.1021340759506146,0.09663118101841013,0.2345067516182235,0.08172779629338939
238,238.0,238.40420264676567,0.05616805494048656,0.095008965462556,0.06587995293286655,0.26789127719279654,0.0995128118327025,0.09718908046258,0.23954040612254549,0.0788094510534663
239,239.0,239.4022916299057,0.05541307287111237,0.09535712510465266,0.06496985608046749,0.2696579932697449,0.09686246283222981,0.09799422878953723,0.24370272489453737,0.07604253615771811
240,240.0,240.40054879843268,0.05475269930811753,0.09626308547078846,0.06449013918104222,0.27138612574232607,0.09423366910104483,0.09741826868451188,0.24800588336133195,0.07345012915083696
241,241.0,241.39897476212263,0.05417100959302723,0.09728017691813169,0.06403111948058436,0.27297031883616946,0.0916369596837494,0.09673362866404922,0.25182907932269866,0.07134770750158988
242,242.0,242.39756838182237,0.05362918149734769,0.09772214238543092,0.06355731518825392,0.2751764383494805,0.08907934056467068,0.09616563488703748,0.255289158252147,0.0693807888756317
243,243.0,243.3963269557339,0.05317724150540398,0.09765321685485856,0.0631223135897133,0.27697647272291165,0.08659113971820169,0.09552386813070256,0.25935247667717737,0.06760327080103079
244,244.0,244.39524640269696,0.05272328418030607,0.09735636662230877,0.06264943298058727,0.27908899634030016,0.0840801542901305,0.09473307443087844,0.2634645902517851,0.06590410090370362
245,245.0,245.39432144093672,0.05226743534452427,0.09747240269138355,0.06214179109554174,0.2808536552331723,0.08160108636176025,0.09380986046951803,0.2675670247823181,0.06428674402178164
246,246.0,246.39354576094314,0.05183072200570706,0.09732547942428836,0.0616234532889516,0.2832187358821999,0.07920921086319294,0.09279142006581584,0.27120849997521107,0.06279247849463314
247,247.0,247.3929121913395,0.05142080333872233,0.09701348747143851,0.0611303394096609,0.28541403068867105,0.07690643498461089,0.09199525562239723,0.2746925782125509,0.06142707027194812
248,248.0,248.3924128567828,0.05110066155401241,0.09672178693406075,0.060717897967415634,0.28777013346306807,0.07475103654552348,0.09138822237929703,0.2772811066123336,0.060269154544288904
249,249.0,249.39203932711396,0.05124264100888412,0.09626415329278566,0.060258906200396804,0.29099507734207425,0.07265062805673497,0.09058432385938299,0.278809585591504,0.059194684648237135
250,250.0,250.39178275714085,0.05139874334898427,0.095754431226905,0.059835148148752355,0.2943989798364947,0.07069790131138912,0.08975551143412683,0.2798882479289648,0.0582710367643829
251,251.0,251.39163401659368,0.05156937148859132,0.0952837670271175,0.05944152687706319,0.29700776623553,0.06887243742633017,0.08888553314019688,0.2817560740822543,0.05718352372291659
252,252.0,252.39158380993527,0.0517383112956164,0.09473886336885355,0.05906042193050561,0.2988178312997672,0.06716588748167177,0.08750289722128857,0.28475425944116406,0.05622152796113279
253,253.0,253.39162278584334,0.052115514385853864,0.09446800815972162,0.058661620764059445,0.30067279177187706,0.06584432594203307,0.08608016267906773,0.286807865900314,0.055349710397073155
254,254.0,254.39174163630219,0.0524587891350466,0.09408686844182235,0.05825830687242041,0.3026689893620003,0.06461633067089972,0.08464208048743453,0.2886930821639511,0.05457555286642493
255,255.0,255.39193118535212,0.05279212256016972,0.09369516806923163,0.05786556145069981,0.3041287496098136,0.06309933142226573,0.08383813324147059,0.29067295942117327,0.05390797422517558
256,256.0,256.3921824676436,0.05304685781673093,0.09313997508864678,0.0574441001859241,0.3057984251196474,0.061645681492513545,0.08320993690219398,0.292436925484905,0.05327809790943821
257,257.0,257.3924867970294,0.0533060160725637,0.09262862887883266,0.057058711878897994,0.30740093228344667,0.06006181726626669,0.08287418974026346,0.29418034369785323,0.052489360181875576
258,258.0,258.3928358255064,0.053519013351727686,0.09204700499132296,0.05666303418439175,0.30906926468185514,0.05859850685006105,0.08253141546380706,0.29580964396522264,0.051762116511611674
259,259.0,259.3932215928806,0.053695480410814504,0.09111479043537384,0.05626407751368145,0.3109566790449893,0.05726588310780213,0.08221115315576492,0.29705883871303246,0.05143309761854135
260,260.0,260.3936365675886,0.05384007665767183,0.09014925725186632,0.05615174501884473,0.31247083921831487,0.05605662983836247,0.08190646107516959,0.29825912004078736,0.05116587089898281
261,261.0,261.39407367914987,0.05395270163611945,0.08949335343657959,0.05603101829678272,0.3141844551772154,0.054968660952219965,0.08161667692742364,0.29879839338984227,0.05095474018381698
262,262.0,262.3945263427635,0.0540292459644896,0.08880907125014273,0.05591754486270166,0.31588613120603143,0.05399454744118205,0.08101018721920204,0.29955347403886096,0.05079979801738952
263,263.0,263.39498847658814,0.05406105744377205,0.0880835310467023,0.05580051682222404,0.3171506783196339,0.05310221068817498,0.08039337249964407,0.3007229231203078,0.05068571005954085
264,264.0,264.39545451226445,0.05410701381880357,0.08711410786245422,0.05571264277920816,0.318095958352068,0.05232252957843954,0.07980326722037999,0.30217053715203984,0.05067394323660666
265,265.0,265.3959193992505,0.05365042056774418,0.08616172892858442,0.05514796979154304,0.3190027403182984,0.0515398443227089,0.07912997030927202,0.3044101334879259,0.05095719227392313
266,266.0,266.39637860354543,0.05314187790741855,0.08539311397606095,0.05455932453561193,0.3197146335162291,0.050833920483454975,0.07845032663052537,0.30653447342107437,0.05137232952962471
267,267.0,267.39682810137543,0.05258886633089539,0.08458395869297888,0.05396836679382595,0.32011002201377425,0.05020804284984102,0.07775998320743917,0.30899608381932514,0.05178467629192014
268,268.0,268.3972643684087,0.051990325297498044,0.08372478496157881,0.05337083345669068,0.32036836338364144,0.04963302453269489,0.0772509831898666,0.3114821578375705,0.05217952734045902
269,269.0,269.3976843650545,0.051367248162757936,0.0830833455196956,0.05275835249510309,0.3201400481901564,0.049110165236953295,0.07691685513081706,0.31406421375930377,0.05255977150521287
270,270.0,270.3980855183852,0.05073602154448477,0.0824659710798597,0.05214050693988505,0.31990958361448424,0.048646450589031914,0.07684287966827143,0.3163330060578343,0.052925580506148553
271,271.0,271.398465701199,0.05010200884653757,0.08187418229581005,0.05152129342744887,0.31950306660842615,0.048238128222397605,0.07674964186830613,0.3187391235671277,0.053272555163945925
272,272.0,272.39882320871936,0.049451172613329424,0.08127127225392125,0.05089492672035419,0.3188749073843146,0.04787186263833089,0.07662650128940297,0.3214313137389361,0.05357804336141054
273,273.0,273.39915673340056,0.04878564555130492,0.08062858672146957,0.05047638585811888,0.31796626454602284,0.0475407679698682,0.07648924106806508,0.32398050448561433,0.0541326037995361
274,274.0,274.3994653382796,0.048134577893078685,0.07984686715385975,0.04992686823133975,0.316988573571562,0.047279593807258484,0.0760277938151836,0.3271091939818132,0.05468653154590445
275,275.0,275.39974842928797,0.04747348409196664,0.0790276020473603,0.04937462844709077,0.3158519857529827,0.04719960917561409,0.07553288100896748,0.3303790965789033,0.055160712897114786
276,276.0,276.4000057269026,0.04682497053966488,0.07822826354840441,0.048835846142506405,0.31499380818076966,0.04715526690221151,0.07530757018168473,0.3330651020850441,0.05558917241971442
277,277.0,277.40023723748675,0.04618242143780568,0.07743665577289532,0.04829766361308878,0.3140369871048464,0.047131337648279294,0.07528552090530158,0.3356749942875155,0.055954419230267574
278,278.0,278.4004432246376,0.045567385656857196,0.07668803972421248,0.047778118840770156,0.313338276480215,0.0471347340438078,0.07524591450657278,0.33796663105944474,0.05628089968812
279,279.0,279.400624180827,0.04497360576534911,0.07575434275373806,0.047276890369081795,0.31269809914867097,0.04715919347300441,0.0751943080465464,0.3403860220081466,0.0565575384354629
280,280.0,280.4007807995892,0.044384977175812704,0.07481143112650816,0.046776855473607416,0.3119167947854112,0.04718221469602901,0.07509617148780652,0.34306591264946446,0.05676564260536084
281,281.0,281.4009139484793,0.04380889720556721,0.07387422301977975,0.046284545327647364,0.311357045607924,0.04721476146526989,0.07495716119189007,0.3455917441230224,0.056911622058899665
282,282.0,282.40102464299554,0.04326247393710285,0.07297398045863208,0.04582352658023637,0.31069267149079843,0.047453419404449804,0.07481052820864932,0.34795726679563205,0.0570261331244994
283,283.0,283.40111402163024,0.042746839800775066,0.07186965454534648,0.04539409015810726,0.3097111744489709,0.04768936349259938,0.07465625494817446,0.3508223870973755,0.057110235508651276
284,284.0,284.40118332218515,0.042257519952338514,0.07080122072290593,0.044981407965643164,0.308698799652531,0.0481113022895256,0.07406805816861636,0.35369023307893943,0.05739145816950033
285,285.0,285.40123385946276,0.041788938812361204,0.06975725318013161,0.04459209298208741,0.3078453284959982,0.048511439848928875,0.07347242252233852,0.3564192399692565,0.05761328418889796
286,286.0,286.401267004418,0.04135237546119417,0.06876664686995904,0.04423667079973975,0.30690624369124087,0.048902959088487526,0.07288443787145879,0.3589881398490081,0.057962526368912005
287,287.0,287.4012841648335,0.04098085176376533,0.06790147544693673,0.04394396394451687,0.30552986051088615,0.04931852305553384,0.07243884637702717,0.3615932415850022,0.05829323731633199
288,288.0,288.4012867675591,0.040646071929514596,0.06730398198132925,0.04368270384541779,0.30445856952757455,0.04972612768953803,0.07170680041927732,0.3639006020489324,0.058575142558416386
289,289.0,289.40127624233656,0.040346140059494454,0.06658099104238488,0.04345308233030365,0.3037329074715974,0.04992882777434456,0.07099699506253407,0.3661508999578474,0.058810156301493895
290,290.0,290.4012540072129,0.040060172780730964,0.06588547669999291,0.04323986713724846,0.30307808056017915,0.050090273474263786,0.07028621782958294,0.36837450535943556,0.058985406158566525
291,291.0,291.4012214555295,0.03951771349246953,0.06506474779264229,0.042931963573381145,0.3026502241881369,0.05036351824655306,0.06947827838979065,0.37086460846071584,0.059128945856310795
292,292.0,292.4011799444591,0.03899910595574006,0.06445874965074376,0.0426454034064028,0.30206596294132626,0.05060657008173116,0.0686941450632649,0.37291880411526834,0.05961125878552298
293,293.0,293.4011307850512,0.03851337654662795,0.06390351481206306,0.04238348584109067,0.3013444893531927,0.050818393450572666,0.06794876965013781,0.3750270884021789,0.06006088194413658
294,294.0,294.40107523373354,0.03806730919478485,0.0634157771566099,0.04215462043160107,0.300694048723999,0.05084728773424284,0.0672539693649108,0.37723621978277766,0.06033076761107418
295,295.0,295.40101448521034,0.03765408525974669,0.06296354138274021,0.041944467075098746,0.3001395031772742,0.05083533345344254,0.06659508040285596,0.37933387959277254,0.06053410965606939
296,296.0,296.4009496666874,0.037101294258260586,0.06271765968967978,0.04175221156739992,0.29967885631024915,0.050784668347174926,0.06597383363954758,0.3813186360656141,0.06067284012207423
297,297.0,297.40088183334984,0.036577204313327186,0.0624792154867077,0.04156875884975495,0.2993377696620703,0.05068360206314598,0.06538295487955052,0.3832266474159181,0.06074384732952548
298,298.0,298.40081196501256,0.03607332940374102,0.062251579844163664,0.04139008858817152,0.2992282728107892,0.05053516965491991,0.06480969570733892,0.3849807115584298,0.06073115243244624
299,299.0,299.4007409638589,0.03560073143714971,0.062053591010309814,0.041050541735585505,0.2991240548336345,0.05036579186457218,0.06427461888611438,0.3868653922585627,0.060665277974071376
300,300.0,300.400669653182,0.035154576799623145,0.061863591277422775,0.040709408821926016,0.29895803005159083,0.0501623899922962,0.06395563544330954,0.3886762614251919,0.06052010618863972
301,301.0,301.40059877704095,0.034920487729862455,0.061676747102601896,0.04036816023500857,0.29831541174613435,0.049922529151691125,0.06365906510166254,0.39066155751558734,0.06047604141745176
302,302.0,302.40052900074363,0.03453333927823986,0.06143104437132252,0.040000554084428624,0.29753903115398644,0.04962908694500278,0.06381731038637169,0.3925234745628744,0.06052615921777373
303,303.0,303.4004609120685,0.034141027283175335,0.06113640198192423,0.03961945846313104,0.2966609546932032,0.049447748997387735,0.06384279226891817,0.39411642773130845,0.061035188580951805
304,304.0,304.4003950231403,0.03377023957930435,0.06114299227404979,0.03925255866490904,0.2960077560109988,0.04924321176040222,0.06387249255928773,0.3952159343254723,0.06149481482557568
305,305.0,305.4003317728735,0.033397121293692496,0.061104797999665936,0.038868766336781324,0.2952356285775536,0.04900391507653336,0.06377378227375856,0.3962740531958633,0.06234193524615138
306,306.0,306.4002715299046,0.03302422907951373,0.06102427253995499,0.038471907596031106,0.29451526888056534,0.048734429825278834,0.06355760623473694,0.39761981084717585,0.06305247499674307
307,307.0,307.4002145959336,0.03265115834743801,0.060898630046396694,0.038062859928219,0.29378816002975944,0.04843382056243395,0.06323194471734742,0.39915020722038047,0.06378321914802493
308,308.0,308.4001612094003,0.03229725803818101,0.06091949266258701,0.03766225266209228,0.2933545044704454,0.048116287511843825,0.0629011162054664,0.4003141531438994,0.0644349353054846
309,309.0,309.4001115494264,0.03196742038193671,0.06093494393890453,0.03728345542574237,0.29298705202316044,0.04779658794298412,0.06273987902764139,0.4012703356693781,0.06502032559025231
310,310.0,310.40006573995566,0.03166317421897299,0.060932838294495244,0.03677449814168391,0.2926919434507106,0.04747569022342721,0.06258021534989812,0.40234169563378835,0.06553994468702357
311,311.0,311.4000238540324,0.03138392568342678,0.060925901327548215,0.036288587458189005,0.2921277953196986,0.04729769667596672,0.06210015166602579,0.4038923007384052,0.06598364113073968
312,312.0,312.3999859181611,0.031129887114620596,0.06089976319861761,0.03582145226042729,0.2915467089027877,0.04711065329793016,0.06162290343001451,0.4055106714356587,0.06635796035994337
313,313.0,313.39995191669533,0.030900168455347883,0.06085380850037641,0.03537451710509123,0.29125012237655057,0.047058229708961154,0.06115092351161344,0.40674815366120276,0.0666640766808565
314,314.0,314.3999217962092,0.030678190603810603,0.06077364579453751,0.03493333791260596,0.2911142997737555,0.046988027950247584,0.06061577571620881,0.4080419914733969,0.06685473077543698
315,315.0,315.39989546980956,0.03046669787073391,0.060666377671067306,0.034502610685147934,0.291335656729523,0.046756229536087074,0.060028661168752724,0.4093041876429208,0.06693957869576711
316,316.0,316.3998728213518,0.030265871541560914,0.0605316616042654,0.03408428355060787,0.2919107431080691,0.046367137975667855,0.05939779028546892,0.4101101668811177,0.06733234505324222
317,317.0,317.3998537095263,0.030065931217051558,0.060341234329904306,0.0336767011943153,0.2925656778753456,0.04596567345284001,0.059099272634070416,0.41069143125748064,0.06759407803899209
318,318.0,318.3998379717881,0.029880866455468825,0.06012600662975149,0.03329499649140107,0.2931957488563008,0.04556839958261142,0.05881664791035248,0.4113298240239148,0.06778751005019903
319,319.0,319.3998254281058,0.029736726479434292,0.059795991440272214,0.03297321556647504,0.29387157640157674,0.0450768159574713,0.058590417770632654,0.41227887793884127,0.06767637844529648
320,320.0,320.39981588451076,0.029610933035160596,0.059579139679095866,0.03268040442813886,0.29431592242566584,0.04444742971787927,0.058379732908140386,0.41347820135356966,0.06750823645234946
321,321.0,321.39980913643,0.02949704190837696,0.059333891358244274,0.03240745821184824,0.2948726161464156,0.043813836673653926,0.058176370759826686,0.41461552785575967,0.06728325708587457
322,322.0,322.3998049717931,0.029382971889042344,0.059045202644725264,0.03214278781370584,0.29522040614367784,0.04317082996635257,0.0584159451753956,0.4156631516265048,0.06695870474059565
323,323.0,323.3998031739019,0.029268719336147636,0.05856322485332594,0.03188675495491235,0.29549947689629597,0.04252339238707461,0.05874430443037677,0.416969608192023,0.0665445189498437
324,324.0,324.3998035240608,0.029162624910744443,0.058069833175706465,0.031655013558084234,0.295839090040993,0.04189870081868776,0.059073208959503985,0.41820373614810735,0.06609779238817282
325,325.0,325.3998058039633,0.029222130824673793,0.057570565687046965,0.031452524092293405,0.295890518091738,0.04130150163138734,0.05924542213908214,0.4196830446581939,0.0656342928755845
326,326.0,326.39980979783587,0.029285074083414873,0.057064053785392276,0.03126677718109428,0.29590295583367165,0.04073078459333891,0.05939971057241768,0.42121026999918587,0.06514037395148443
327,327.0,327.39981529434283,0.029350242909160478,0.056554526079494086,0.03109337286263143,0.29576284140004844,0.04031473506069107,0.0595386686030121,0.4226335836594261,0.06475202942553629
328,328.0,328.39982208825563,0.02941577956148212,0.05604495641865547,0.030931442265555657,0.2956298166186002,0.039914972302434654,0.05966054538285242,0.4242077180978238,0.06419476935259566
329,329.0,329.39982998189464,0.029471882286940775,0.05552817252926584,0.03077623343877343,0.29541528613089346,0.03952619714580297,0.059753697171955736,0.4259176827879395,0.06361084850842827
330,330.0,330.39983878635076,0.02952399167646754,0.055143004032306646,0.03063362018177932,0.2949322665123017,0.03916197292906285,0.060181239652243576,0.4274027385050312,0.06302116651080716
