Total_iterations,Unnamed: 0.1,Intertwine_two,Invert_path_vertices,Insert_inside_vertex,Delete_inside_vertex,Replace_inside_vertex,Donate_between_routes,Trim_one_terminal_cb,Grow_one_terminal_cb
0,0.0,0.125,0.125,0.125,0.125,0.125,0.125,0.125,0.125
1,1.0,0.125,0.125,0.125,0.125,0.125,0.125,0.125,0.125
2,2.0,0.125,0.125,0.125,0.125,0.125,0.125,0.125,0.125
3,3.0,0.125,0.125,0.125,0.125,0.125,0.125,0.125,0.125
4,4.0,0.125,0.125,0.125,0.125,0.125,0.125,0.125,0.125
5,5.0,0.125,0.125,0.125,0.125,0.125,0.125,0.125,0.125
6,6.0,0.125,0.125,0.125,0.125,0.125,0.125,0.125,0.125
7,7.0,0.125,0.125,0.125,0.125,0.125,0.125,0.125,0.125
8,8.0,0.125,0.125,0.125,0.125,0.125,0.125,0.125,0.125
9,9.0,0.125,0.125,0.125,0.125,0.125,0.125,0.125,0.125
10,10.0,0.125,0.125,0.125,0.125,0.125,0.125,0.125,0.125
11,11.0,0.125,0.125,0.125,0.125,0.125,0.125,0.125,0.125
12,12.0,0.125,0.125,0.125,0.125,0.125,0.125,0.125,0.125
13,13.0,0.125,0.125,0.125,0.125,0.125,0.125,0.125,0.125
14,14.0,0.125,0.125,0.125,0.125,0.125,0.125,0.125,0.125
15,15.0,0.125,0.125,0.125,0.125,0.125,0.125,0.125,0.125
16,16.0,0.125,0.125,0.125,0.125,0.125,0.125,0.125,0.125
17,17.0,0.125,0.125,0.125,0.125,0.125,0.125,0.125,0.125
18,18.0,0.125,0.125,0.125,0.125,0.125,0.125,0.125,0.125
19,19.0,0.125,0.125,0.125,0.125,0.125,0.125,0.125,0.125
20,20.0,0.125,0.125,0.125,0.125,0.125,0.125,0.125,0.125
21,21.0,0.125,0.125,0.125,0.125,0.125,0.125,0.125,0.125
22,22.0,0.125,0.125,0.125,0.125,0.125,0.125,0.125,0.125
23,23.0,0.125,0.125,0.125,0.125,0.125,0.125,0.125,0.125
24,24.0,0.125,0.125,0.125,0.125,0.125,0.125,0.125,0.125
25,25.0,0.125,0.125,0.125,0.125,0.125,0.125,0.125,0.125
26,26.0,0.125,0.125,0.125,0.125,0.125,0.125,0.125,0.125
27,27.0,0.125,0.125,0.125,0.125,0.125,0.125,0.125,0.125
28,28.0,0.125,0.125,0.125,0.125,0.125,0.125,0.125,0.125
29,29.0,0.125,0.125,0.125,0.125,0.125,0.125,0.125,0.125
30,30.0,0.125,0.125,0.125,0.125,0.125,0.125,0.125,0.125
31,31.0,0.125,0.125,0.125,0.125,0.125,0.125,0.125,0.125
32,32.0,0.125,0.125,0.125,0.125,0.125,0.125,0.125,0.125
33,33.0,0.125,0.125,0.125,0.125,0.125,0.125,0.125,0.125
34,34.0,0.125,0.125,0.125,0.125,0.125,0.125,0.125,0.125
35,35.0,0.125,0.125,0.125,0.125,0.125,0.125,0.125,0.125
36,36.0,0.125,0.125,0.125,0.125,0.125,0.125,0.125,0.125
37,37.0,0.125,0.125,0.125,0.125,0.125,0.125,0.125,0.125
38,38.0,0.125,0.125,0.125,0.125,0.125,0.125,0.125,0.125
39,39.0,0.125,0.125,0.125,0.125,0.125,0.125,0.125,0.125
40,40.0,0.125,0.125,0.125,0.125,0.125,0.125,0.125,0.125
41,41.0,0.125,0.125,0.125,0.125,0.125,0.125,0.125,0.125
42,42.0,0.125,0.125,0.125,0.125,0.125,0.125,0.125,0.125
43,43.0,0.125,0.125,0.125,0.125,0.125,0.125,0.125,0.125
44,44.0,0.125,0.125,0.125,0.125,0.125,0.125,0.125,0.125
45,45.0,0.125,0.125,0.125,0.125,0.125,0.125,0.125,0.125
46,46.0,0.125,0.125,0.125,0.125,0.125,0.125,0.125,0.125
47,47.0,0.125,0.125,0.125,0.125,0.125,0.125,0.125,0.125
48,48.0,0.125,0.125,0.125,0.125,0.125,0.125,0.125,0.125
49,49.0,0.125,0.125,0.125,0.125,0.125,0.125,0.125,0.125
50,50.0,0.125,0.125,0.125,0.125,0.125,0.125,0.125,0.125
51,51.0,0.125,0.125,0.125,0.125,0.125,0.125,0.125,0.125
52,52.0,0.125,0.125,0.125,0.125,0.125,0.125,0.125,0.125
53,53.0,0.125,0.125,0.125,0.125,0.125,0.125,0.125,0.125
54,54.0,0.125,0.125,0.125,0.125,0.125,0.125,0.125,0.125
55,55.0,0.125,0.125,0.125,0.125,0.125,0.125,0.125,0.125
56,56.0,0.125,0.125,0.125,0.125,0.125,0.125,0.125,0.125
57,57.0,0.125,0.125,0.125,0.125,0.125,0.125,0.125,0.125
58,58.0,0.125,0.125,0.125,0.125,0.125,0.125,0.125,0.125
59,59.0,0.125,0.125,0.125,0.125,0.125,0.125,0.125,0.125
60,60.0,0.125,0.125,0.125,0.125,0.125,0.125,0.125,0.125
61,61.0,0.125,0.125,0.125,0.125,0.125,0.125,0.125,0.125
62,62.0,0.125,0.125,0.125,0.125,0.125,0.125,0.125,0.125
63,63.0,0.125,0.125,0.125,0.125,0.125,0.125,0.125,0.125
64,64.0,0.125,0.125,0.125,0.125,0.125,0.125,0.125,0.125
65,65.0,0.125,0.125,0.125,0.125,0.125,0.125,0.125,0.125
66,66.0,0.125,0.125,0.125,0.125,0.125,0.125,0.125,0.125
67,67.0,0.125,0.125,0.125,0.125,0.125,0.125,0.125,0.125
68,68.0,0.125,0.125,0.125,0.125,0.125,0.125,0.125,0.125
69,69.0,0.125,0.125,0.125,0.125,0.125,0.125,0.125,0.125
70,70.0,0.125,0.125,0.125,0.125,0.125,0.125,0.125,0.125
71,71.0,0.125,0.125,0.125,0.125,0.125,0.125,0.125,0.125
72,72.0,0.125,0.125,0.125,0.125,0.125,0.125,0.125,0.125
73,73.0,0.125,0.125,0.125,0.125,0.125,0.125,0.125,0.125
74,74.0,0.125,0.125,0.125,0.125,0.125,0.125,0.125,0.125
75,75.0,0.125,0.125,0.125,0.125,0.125,0.125,0.125,0.125
76,76.0,0.125,0.125,0.125,0.125,0.125,0.125,0.125,0.125
77,77.0,0.125,0.125,0.125,0.125,0.125,0.125,0.125,0.125
78,78.0,0.125,0.125,0.125,0.125,0.125,0.125,0.125,0.125
79,79.0,0.125,0.125,0.125,0.125,0.125,0.125,0.125,0.125
80,80.0,0.125,0.125,0.125,0.125,0.125,0.125,0.125,0.125
81,81.0,0.125,0.125,0.125,0.125,0.125,0.125,0.125,0.125
82,82.0,0.125,0.125,0.125,0.125,0.125,0.125,0.125,0.125
83,83.0,0.125,0.125,0.125,0.125,0.125,0.125,0.125,0.125
84,84.0,0.125,0.125,0.125,0.125,0.125,0.125,0.125,0.125
85,85.0,0.125,0.125,0.125,0.125,0.125,0.125,0.125,0.125
86,86.0,0.125,0.125,0.125,0.125,0.125,0.125,0.125,0.125
87,87.0,0.125,0.125,0.125,0.125,0.125,0.125,0.125,0.125
88,88.0,0.125,0.125,0.125,0.125,0.125,0.125,0.125,0.125
89,89.0,0.125,0.125,0.125,0.125,0.125,0.125,0.125,0.125
90,90.0,0.125,0.125,0.125,0.125,0.125,0.125,0.125,0.125
91,91.0,0.125,0.125,0.125,0.125,0.125,0.125,0.125,0.125
92,92.0,0.125,0.125,0.125,0.125,0.125,0.125,0.125,0.125
93,93.0,0.125,0.125,0.125,0.125,0.125,0.125,0.125,0.125
94,94.0,0.125,0.125,0.125,0.125,0.125,0.125,0.125,0.125
95,95.0,0.125,0.125,0.125,0.125,0.125,0.125,0.125,0.125
96,96.0,0.125,0.125,0.125,0.125,0.125,0.125,0.125,0.125
97,97.0,0.125,0.125,0.125,0.125,0.125,0.125,0.125,0.125
98,98.0,0.125,0.125,0.125,0.125,0.125,0.125,0.125,0.125
99,99.0,0.125,0.125,0.125,0.125,0.125,0.125,0.125,0.125
100,100.0,0.125,0.125,0.125,0.125,0.125,0.125,0.125,0.125
101,101.0,0.125,0.125,0.125,0.125,0.125,0.125,0.125,0.125
102,102.0,0.125,0.125,0.125,0.125,0.125,0.125,0.125,0.125
103,103.0,0.125,0.125,0.125,0.125,0.125,0.125,0.125,0.125
104,104.0,0.125,0.125,0.125,0.125,0.125,0.125,0.125,0.125
105,105.0,0.125,0.125,0.125,0.125,0.125,0.125,0.125,0.125
106,106.0,0.125,0.125,0.125,0.125,0.125,0.125,0.125,0.125
107,107.0,0.125,0.125,0.125,0.125,0.125,0.125,0.125,0.125
108,108.0,0.125,0.125,0.125,0.125,0.125,0.125,0.125,0.125
109,109.0,0.125,0.125,0.125,0.125,0.125,0.125,0.125,0.125
110,110.0,0.125,0.125,0.125,0.125,0.125,0.125,0.125,0.125
111,111.0,0.125,0.125,0.125,0.125,0.125,0.125,0.125,0.125
112,112.0,0.125,0.125,0.125,0.125,0.125,0.125,0.125,0.125
113,113.0,0.125,0.125,0.125,0.125,0.125,0.125,0.125,0.125
114,114.0,0.125,0.125,0.125,0.125,0.125,0.125,0.125,0.125
115,115.0,0.125,0.125,0.125,0.125,0.125,0.125,0.125,0.125
116,116.0,0.125,0.125,0.125,0.125,0.125,0.125,0.125,0.125
117,117.0,0.125,0.125,0.125,0.125,0.125,0.125,0.125,0.125
118,118.0,0.125,0.125,0.125,0.125,0.125,0.125,0.125,0.125
119,119.0,0.125,0.125,0.125,0.125,0.125,0.125,0.125,0.125
120,120.0,0.125,0.125,0.125,0.125,0.125,0.125,0.125,0.125
121,121.0,0.125,0.125,0.125,0.125,0.125,0.125,0.125,0.125
122,122.0,0.125,0.125,0.125,0.125,0.125,0.125,0.125,0.125
123,123.0,0.125,0.125,0.125,0.125,0.125,0.125,0.125,0.125
124,124.0,0.125,0.125,0.125,0.125,0.125,0.125,0.125,0.125
125,125.0,0.125,0.125,0.125,0.125,0.125,0.125,0.125,0.125
126,126.0,0.125,0.125,0.125,0.125,0.125,0.125,0.125,0.125
127,127.0,0.125,0.125,0.125,0.125,0.125,0.125,0.125,0.125
128,128.0,0.125,0.125,0.125,0.125,0.125,0.125,0.125,0.125
129,129.0,0.125,0.125,0.125,0.125,0.125,0.125,0.125,0.125
130,130.0,0.125,0.125,0.125,0.125,0.125,0.125,0.125,0.125
131,131.0,0.125,0.125,0.125,0.125,0.125,0.125,0.125,0.125
132,132.0,0.125,0.125,0.125,0.125,0.125,0.125,0.125,0.125
133,133.0,0.125,0.125,0.125,0.125,0.125,0.125,0.125,0.125
134,134.0,0.125,0.125,0.125,0.125,0.125,0.125,0.125,0.125
135,135.0,0.125,0.125,0.125,0.125,0.125,0.125,0.125,0.125
136,136.0,0.125,0.125,0.125,0.125,0.125,0.125,0.125,0.125
137,137.0,0.125,0.125,0.125,0.125,0.125,0.125,0.125,0.125
138,138.0,0.125,0.125,0.125,0.125,0.125,0.125,0.125,0.125
139,139.0,0.125,0.125,0.125,0.125,0.125,0.125,0.125,0.125
140,140.0,0.125,0.125,0.125,0.125,0.125,0.125,0.125,0.125
141,141.0,0.125,0.125,0.125,0.125,0.125,0.125,0.125,0.125
142,142.0,0.125,0.125,0.125,0.125,0.125,0.125,0.125,0.125
143,143.0,0.125,0.125,0.125,0.125,0.125,0.125,0.125,0.125
144,144.0,0.125,0.125,0.125,0.125,0.125,0.125,0.125,0.125
145,145.0,0.125,0.125,0.125,0.125,0.125,0.125,0.125,0.125
146,146.0,0.125,0.125,0.125,0.125,0.125,0.125,0.125,0.125
147,147.0,0.125,0.125,0.125,0.125,0.125,0.125,0.125,0.125
148,148.0,0.125,0.125,0.125,0.125,0.125,0.125,0.125,0.125
149,149.0,0.125,0.125,0.125,0.125,0.125,0.125,0.125,0.125
150,150.0,0.125,0.125,0.125,0.125,0.125,0.125,0.125,0.125
151,151.0,0.125,0.125,0.125,0.125,0.125,0.125,0.125,0.125
152,152.0,0.125,0.125,0.125,0.125,0.125,0.125,0.125,0.125
153,153.0,0.125,0.125,0.125,0.125,0.125,0.125,0.125,0.125
154,154.0,0.125,0.125,0.125,0.125,0.125,0.125,0.125,0.125
155,155.0,0.125,0.125,0.125,0.125,0.125,0.125,0.125,0.125
156,156.0,0.125,0.125,0.125,0.125,0.125,0.125,0.125,0.125
157,157.0,0.125,0.125,0.125,0.125,0.125,0.125,0.125,0.125
158,158.0,0.125,0.125,0.125,0.125,0.125,0.125,0.125,0.125
159,159.0,0.125,0.125,0.125,0.125,0.125,0.125,0.125,0.125
160,160.0,0.125,0.125,0.125,0.125,0.125,0.125,0.125,0.125
161,161.0,0.125,0.125,0.125,0.125,0.125,0.125,0.125,0.125
162,162.0,0.125,0.125,0.125,0.125,0.125,0.125,0.125,0.125
163,163.0,0.125,0.125,0.125,0.125,0.125,0.125,0.125,0.125
164,164.0,0.125,0.125,0.125,0.125,0.125,0.125,0.125,0.125
165,165.0,0.125,0.125,0.125,0.125,0.125,0.125,0.125,0.125
166,166.0,0.125,0.125,0.125,0.125,0.125,0.125,0.125,0.125
167,167.0,0.125,0.125,0.125,0.125,0.125,0.125,0.125,0.125
168,168.0,0.125,0.125,0.125,0.125,0.125,0.125,0.125,0.125
169,169.0,0.125,0.125,0.125,0.125,0.125,0.125,0.125,0.125
170,170.0,0.125,0.125,0.125,0.125,0.125,0.125,0.125,0.125
171,171.0,0.125,0.125,0.125,0.125,0.125,0.125,0.125,0.125
172,172.0,0.125,0.125,0.125,0.125,0.125,0.125,0.125,0.125
173,173.0,0.125,0.125,0.125,0.125,0.125,0.125,0.125,0.125
174,174.0,0.125,0.125,0.125,0.125,0.125,0.125,0.125,0.125
175,175.0,0.125,0.125,0.125,0.125,0.125,0.125,0.125,0.125
176,176.0,0.125,0.125,0.125,0.125,0.125,0.125,0.125,0.125
177,177.0,0.125,0.125,0.125,0.125,0.125,0.125,0.125,0.125
178,178.0,0.125,0.125,0.125,0.125,0.125,0.125,0.125,0.125
179,179.0,0.125,0.125,0.125,0.125,0.125,0.125,0.125,0.125
180,180.0,0.125,0.125,0.125,0.125,0.125,0.125,0.125,0.125
181,181.0,0.125,0.125,0.125,0.125,0.125,0.125,0.125,0.125
182,182.0,0.125,0.125,0.125,0.125,0.125,0.125,0.125,0.125
183,183.0,0.125,0.125,0.125,0.125,0.125,0.125,0.125,0.125
184,184.0,0.125,0.125,0.125,0.125,0.125,0.125,0.125,0.125
185,185.0,0.125,0.125,0.125,0.125,0.125,0.125,0.125,0.125
186,186.0,0.125,0.125,0.125,0.125,0.125,0.125,0.125,0.125
187,187.0,0.125,0.125,0.125,0.125,0.125,0.125,0.125,0.125
188,188.0,0.125,0.125,0.125,0.125,0.125,0.125,0.125,0.125
189,189.0,0.125,0.125,0.125,0.125,0.125,0.125,0.125,0.125
190,190.0,0.125,0.125,0.125,0.125,0.125,0.125,0.125,0.125
191,191.0,0.125,0.125,0.125,0.125,0.125,0.125,0.125,0.125
192,192.0,0.125,0.125,0.125,0.125,0.125,0.125,0.125,0.125
193,193.0,0.125,0.125,0.125,0.125,0.125,0.125,0.125,0.125
194,194.0,0.125,0.125,0.125,0.125,0.125,0.125,0.125,0.125
195,195.0,0.125,0.125,0.125,0.125,0.125,0.125,0.125,0.125
196,196.0,0.125,0.125,0.125,0.125,0.125,0.125,0.125,0.125
197,197.0,0.125,0.125,0.125,0.125,0.125,0.125,0.125,0.125
198,198.0,0.125,0.125,0.125,0.125,0.125,0.125,0.125,0.125
199,199.0,0.1248611111111111,0.1259722222222222,0.1248611111111111,0.1248611111111111,0.1248611111111111,0.1248611111111111,0.1248611111111111,0.1248611111111111
200,200.0,0.1240291666666666,0.1262402777777778,0.1240291666666666,0.1245847222222222,0.1240291666666666,0.1240291666666666,0.1251402777777778,0.1279180555555555
201,201.0,0.1230956805555555,0.1262746805555555,0.1230956805555555,0.1242012361111111,0.1230956805555555,0.1230956805555555,0.1263067916666667,0.1308345694444444
202,202.0,0.1219503438257575,0.1259777447348485,0.1219503438257575,0.124504490290404,0.1230614549368687,0.1219503438257575,0.1271395458459596,0.1334657327146464
203,203.0,0.1206457444013889,0.1262449169680555,0.1206457444013889,0.1255487882902778,0.1227457444013889,0.1206457444013889,0.1276895988458333,0.1358337182902778
204,204.0,0.1191760449113406,0.1261722817826203,0.1191760449113406,0.1274299634790562,0.1230142756805714,0.1191760449113406,0.1279489898735007,0.1379063544502295
205,205.0,0.1177551446647735,0.1260926231953383,0.1177551446647735,0.1292859010013458,0.1232963238955427,0.1177551446647735,0.1281845758312902,0.1398751420821624
206,206.0,0.1164250524783672,0.1260401198708292,0.1164250524783672,0.1317541600198142,0.1236203966091364,0.1164250524783672,0.1284944205822981,0.1408157454828204
207,207.0,0.1150369878737926,0.1258595807218835,0.1150369878737926,0.1338807331030369,0.1237351409592682,0.1150369878737926,0.1300554626636259,0.1413581189308076
208,208.0,0.1136926189193546,0.1256476049028767,0.1136926189193546,0.1358426754732145,0.1238241507010432,0.1136926189193546,0.1314618845148548,0.142145827649947
209,209.0,0.1122612793630012,0.1251598253525324,0.1122612793630012,0.1383836658142586,0.1236944237663519,0.112975565077287,0.132599345877376,0.1426646153861918
210,210.0,0.1107982053295555,0.1254689179165474,0.1107982053295555,0.1404676158834248,0.1234508073107061,0.112219633900984,0.1339860970365323,0.1428105172926945
211,211.0,0.1091362993590015,0.1254132634158468,0.1091362993590015,0.1446959983943437,0.1228464672269405,0.1112513707875729,0.1349437349088304,0.1425765665484627
212,212.0,0.1072351701876446,0.1250657744910515,0.1074525614919925,0.1491229414853253,0.1220235032319498,0.1101334936969614,0.1368229697018259,0.1421435857132491
213,213.0,0.1051366273098504,0.124267668426943,0.1055692360055026,0.1545530500916185,0.1208013355406997,0.1087455735457717,0.1395874777664517,0.1413390313131624
214,214.0,0.1029688767125196,0.1238362986874044,0.1036125941038239,0.1614088877278106,0.1193235231161455,0.1072171635052432,0.1418370707108826,0.1397955854361701
215,215.0,0.1007215250279699,0.1230549005264987,0.1015705422018829,0.1685610634330547,0.1181822190003208,0.1055393403132233,0.1443568294539263,0.1380135800431234
216,216.0,0.098464554323523,0.1221062943917988,0.0995115902604796,0.1753404073047906,0.1168996007920437,0.1038164601938299,0.1477868531522218,0.1360742395813124
217,217.0,0.096229799016516,0.1209644507346477,0.0974663206112769,0.182433229277266,0.1154463047079387,0.102045880710735,0.1506787354567992,0.1347352794848203
218,218.0,0.0938224768560245,0.1194457194754837,0.0952389094572964,0.189666057939696,0.1151987712541951,0.1000353413295134,0.1535480568244374,0.1330446668633535
219,219.0,0.091503744276104,0.1179017505826228,0.093089671587658,0.1966542007805119,0.114904993659275,0.0980750857503655,0.155970063264546,0.1319004900989167
220,220.0,0.0891979278463291,0.1167868214996696,0.0914685960439298,0.202644768876912,0.114453714727437,0.0960896863507082,0.1587874684914951,0.1305710161635191
221,221.0,0.0868701827234196,0.1162301874029293,0.0897824659563949,0.2079796604150937,0.1136736077234992,0.0950741398801074,0.1613574807840442,0.1290322751145115
222,222.0,0.084667540204781,0.1155530533552101,0.0881998932676984,0.2131043900535453,0.1128479446684214,0.0941130521739431,0.1640131606963811,0.1275009655800194
223,223.0,0.0825570144611225,0.1147535224182729,0.0866838459707934,0.2179230872856956,0.1119257903825732,0.0931895148102119,0.167018069161444,0.1259491555098864
224,224.0,0.0804724192574607,0.1138028128177078,0.0856171331369289,0.2220295526096587,0.1115411591601914,0.0933182299006874,0.170291248762798,0.1229274443545669
225,225.0,0.0784158907138739,0.1126723032007948,0.0845422288130377,0.2259040133538719,0.1110127601639264,0.0932652407097578,0.1743991200207271,0.1197884430240102
226,226.0,0.0763710477527215,0.111308390615173,0.0833932714510026,0.2288807049561762,0.1113298788156507,0.0939113623305716,0.17821158164778,0.1165937624309243
227,227.0,0.0743006783073579,0.1096914354986895,0.082132099337506,0.2320212011891293,0.1112792196689106,0.0943867551842356,0.1828641854446916,0.1133244253694792
228,228.0,0.0722857915586353,0.1079866171789947,0.0808758716293362,0.2358368423610504,0.1110262076335318,0.0946440668144812,0.1873188907078151,0.1100257121161552
229,229.0,0.0703453505419047,0.1062245410938668,0.0792062359918744,0.2398407798410633,0.111015862713123,0.0942983865063677,0.1923311840781649,0.1067376592336351
230,230.0,0.0683647908421491,0.104302201527339,0.0774278937282363,0.2437291755291483,0.1111034481718865,0.0943636102825781,0.197343755857417,0.1033651240612455
231,231.0,0.0663615410237144,0.1021817926555958,0.0755627477038813,0.2474032026663377,0.1108295149120156,0.09450443109031,0.2032134433221403,0.0999433266260046
232,232.0,0.0645121232272808,0.100118420815221,0.0738073503857525,0.2508052192824547,0.1104767988287508,0.0946496730775333,0.2089654413853571,0.0966649729976496
233,233.0,0.0627940696595555,0.0985557662567534,0.0721427021073516,0.2539663838655532,0.1092304772455577,0.0946468629373696,0.2151082056694883,0.0935555322583706
234,234.0,0.0612363536707741,0.0974177795684828,0.070601303684919,0.2569677130966473,0.1079649754933627,0.0946328786060039,0.2205581924490615,0.0906208034307486
235,235.0,0.0598519802013916,0.0963960661379645,0.0691843210401591,0.259858638757088,0.1067360204527417,0.0952612850381777,0.2248263334528907,0.0878853549195865
236,236.0,0.0585939820365676,0.0959002845306796,0.0678496068637591,0.2626649980886895,0.1047022892047504,0.0961333601733988,0.2293660161591904,0.0847894629429643
237,237.0,0.0573528726577714,0.0951371090112351,0.0668495883376598,0.2656606251126959,0.1021340759506146,0.0966311810184101,0.2345067516182235,0.0817277962933893
238,238.0,0.0561680549404865,0.095008965462556,0.0658799529328665,0.2678912771927965,0.0995128118327025,0.09718908046258,0.2395404061225454,0.0788094510534663
239,239.0,0.0554130728711123,0.0953571251046526,0.0649698560804674,0.2696579932697449,0.0968624628322298,0.0979942287895372,0.2437027248945373,0.0760425361577181
240,240.0,0.0547526993081175,0.0962630854707884,0.0644901391810422,0.271386125742326,0.0942336691010448,0.0974182686845118,0.2480058833613319,0.0734501291508369
241,241.0,0.0541710095930272,0.0972801769181316,0.0640311194805843,0.2729703188361694,0.0916369596837494,0.0967336286640492,0.2518290793226986,0.0713477075015898
242,242.0,0.0536291814973476,0.0977221423854309,0.0635573151882539,0.2751764383494805,0.0890793405646706,0.0961656348870374,0.255289158252147,0.0693807888756317
243,243.0,0.0531772415054039,0.0976532168548585,0.0631223135897133,0.2769764727229116,0.0865911397182016,0.0955238681307025,0.2593524766771773,0.0676032708010307
244,244.0,0.052723284180306,0.0973563666223087,0.0626494329805872,0.2790889963403001,0.0840801542901305,0.0947330744308784,0.2634645902517851,0.0659041009037036
245,245.0,0.0522674353445242,0.0974724026913835,0.0621417910955417,0.2808536552331723,0.0816010863617602,0.093809860469518,0.2675670247823181,0.0642867440217816
246,246.0,0.051830722005707,0.0973254794242883,0.0616234532889516,0.2832187358821999,0.0792092108631929,0.0927914200658158,0.271208499975211,0.0627924784946331
247,247.0,0.0514208033387223,0.0970134874714385,0.0611303394096609,0.285414030688671,0.0769064349846108,0.0919952556223972,0.2746925782125509,0.0614270702719481
248,248.0,0.0511006615540124,0.0967217869340607,0.0607178979674156,0.287770133463068,0.0747510365455234,0.091388222379297,0.2772811066123336,0.0602691545442889
249,249.0,0.0512426410088841,0.0962641532927856,0.0602589062003968,0.2909950773420742,0.0726506280567349,0.0905843238593829,0.278809585591504,0.0591946846482371
250,250.0,0.0513987433489842,0.095754431226905,0.0598351481487523,0.2943989798364947,0.0706979013113891,0.0897555114341268,0.2798882479289648,0.0582710367643829
251,251.0,0.0515693714885913,0.0952837670271175,0.0594415268770631,0.29700776623553,0.0688724374263301,0.0888855331401968,0.2817560740822543,0.0571835237229165
252,252.0,0.0517383112956164,0.0947388633688535,0.0590604219305056,0.2988178312997672,0.0671658874816717,0.0875028972212885,0.284754259441164,0.0562215279611327
253,253.0,0.0521155143858538,0.0944680081597216,0.0586616207640594,0.300672791771877,0.065844325942033,0.0860801626790677,0.286807865900314,0.0553497103970731
254,254.0,0.0524587891350466,0.0940868684418223,0.0582583068724204,0.3026689893620003,0.0646163306708997,0.0846420804874345,0.2886930821639511,0.0545755528664249
255,255.0,0.0527921225601697,0.0936951680692316,0.0578655614506998,0.3041287496098136,0.0630993314222657,0.0838381332414705,0.2906729594211732,0.0539079742251755
256,256.0,0.0530468578167309,0.0931399750886467,0.0574441001859241,0.3057984251196474,0.0616456814925135,0.0832099369021939,0.292436925484905,0.0532780979094382
257,257.0,0.0533060160725637,0.0926286288788326,0.0570587118788979,0.3074009322834466,0.0600618172662666,0.0828741897402634,0.2941803436978532,0.0524893601818755
258,258.0,0.0535190133517276,0.0920470049913229,0.0566630341843917,0.3090692646818551,0.058598506850061,0.082531415463807,0.2958096439652226,0.0517621165116116
259,259.0,0.0536954804108145,0.0911147904353738,0.0562640775136814,0.3109566790449893,0.0572658831078021,0.0822111531557649,0.2970588387130324,0.0514330976185413
260,260.0,0.0538400766576718,0.0901492572518663,0.0561517450188447,0.3124708392183148,0.0560566298383624,0.0819064610751695,0.2982591200407873,0.0511658708989828
261,261.0,0.0539527016361194,0.0894933534365795,0.0560310182967827,0.3141844551772154,0.0549686609522199,0.0816166769274236,0.2987983933898422,0.0509547401838169
262,262.0,0.0540292459644896,0.0888090712501427,0.0559175448627016,0.3158861312060314,0.053994547441182,0.081010187219202,0.2995534740388609,0.0507997980173895
263,263.0,0.054061057443772,0.0880835310467023,0.055800516822224,0.3171506783196339,0.0531022106881749,0.080393372499644,0.3007229231203078,0.0506857100595408
264,264.0,0.0541070138188035,0.0871141078624542,0.0557126427792081,0.318095958352068,0.0523225295784395,0.0798032672203799,0.3021705371520398,0.0506739432366066
265,265.0,0.0536504205677441,0.0861617289285844,0.055147969791543,0.3190027403182984,0.0515398443227089,0.079129970309272,0.3044101334879259,0.0509571922739231
266,266.0,0.0531418779074185,0.0853931139760609,0.0545593245356119,0.3197146335162291,0.0508339204834549,0.0784503266305253,0.3065344734210743,0.0513723295296247
267,267.0,0.0525888663308953,0.0845839586929788,0.0539683667938259,0.3201100220137742,0.050208042849841,0.0777599832074391,0.3089960838193251,0.0517846762919201
268,268.0,0.051990325297498,0.0837247849615788,0.0533708334566906,0.3203683633836414,0.0496330245326948,0.0772509831898666,0.3114821578375705,0.052179527340459
269,269.0,0.0513672481627579,0.0830833455196956,0.052758352495103,0.3201400481901564,0.0491101652369532,0.076916855130817,0.3140642137593037,0.0525597715052128
270,270.0,0.0507360215444847,0.0824659710798597,0.052140506939885,0.3199095836144842,0.0486464505890319,0.0768428796682714,0.3163330060578343,0.0529255805061485
271,271.0,0.0501020088465375,0.08187418229581,0.0515212934274488,0.3195030666084261,0.0482381282223976,0.0767496418683061,0.3187391235671277,0.0532725551639459
272,272.0,0.0494511726133294,0.0812712722539212,0.0508949267203541,0.3188749073843146,0.0478718626383308,0.0766265012894029,0.3214313137389361,0.0535780433614105
273,273.0,0.0487856455513049,0.0806285867214695,0.0504763858581188,0.3179662645460228,0.0475407679698682,0.076489241068065,0.3239805044856143,0.0541326037995361
274,274.0,0.0481345778930786,0.0798468671538597,0.0499268682313397,0.316988573571562,0.0472795938072584,0.0760277938151836,0.3271091939818132,0.0546865315459044
275,275.0,0.0474734840919666,0.0790276020473603,0.0493746284470907,0.3158519857529827,0.047199609175614,0.0755328810089674,0.3303790965789033,0.0551607128971147
276,276.0,0.0468249705396648,0.0782282635484044,0.0488358461425064,0.3149938081807696,0.0471552669022115,0.0753075701816847,0.3330651020850441,0.0555891724197144
277,277.0,0.0461824214378056,0.0774366557728953,0.0482976636130887,0.3140369871048464,0.0471313376482792,0.0752855209053015,0.3356749942875155,0.0559544192302675
278,278.0,0.0455673856568571,0.0766880397242124,0.0477781188407701,0.313338276480215,0.0471347340438078,0.0752459145065727,0.3379666310594447,0.05628089968812
279,279.0,0.0449736057653491,0.075754342753738,0.0472768903690817,0.3126980991486709,0.0471591934730044,0.0751943080465464,0.3403860220081466,0.0565575384354629
280,280.0,0.0443849771758127,0.0748114311265081,0.0467768554736074,0.3119167947854112,0.047182214696029,0.0750961714878065,0.3430659126494644,0.0567656426053608
281,281.0,0.0438088972055672,0.0738742230197797,0.0462845453276473,0.311357045607924,0.0472147614652698,0.07495716119189,0.3455917441230224,0.0569116220588996
282,282.0,0.0432624739371028,0.072973980458632,0.0458235265802363,0.3106926714907984,0.0474534194044498,0.0748105282086493,0.347957266795632,0.0570261331244994
283,283.0,0.042746839800775,0.0718696545453464,0.0453940901581072,0.3097111744489709,0.0476893634925993,0.0746562549481744,0.3508223870973755,0.0571102355086512
284,284.0,0.0422575199523385,0.0708012207229059,0.0449814079656431,0.308698799652531,0.0481113022895256,0.0740680581686163,0.3536902330789394,0.0573914581695003
285,285.0,0.0417889388123612,0.0697572531801316,0.0445920929820874,0.3078453284959982,0.0485114398489288,0.0734724225223385,0.3564192399692565,0.0576132841888979
286,286.0,0.0413523754611941,0.068766646869959,0.0442366707997397,0.3069062436912408,0.0489029590884875,0.0728844378714587,0.3589881398490081,0.057962526368912
287,287.0,0.0409808517637653,0.0679014754469367,0.0439439639445168,0.3055298605108861,0.0493185230555338,0.0724388463770271,0.3615932415850022,0.0582932373163319
288,288.0,0.0406460719295145,0.0673039819813292,0.0436827038454177,0.3044585695275745,0.049726127689538,0.0717068004192773,0.3639006020489324,0.0585751425584163
289,289.0,0.0403461400594944,0.0665809910423848,0.0434530823303036,0.3037329074715974,0.0499288277743445,0.070996995062534,0.3661508999578474,0.0588101563014938
290,290.0,0.0400601727807309,0.0658854766999929,0.0432398671372484,0.3030780805601791,0.0500902734742637,0.0702862178295829,0.3683745053594355,0.0589854061585665
291,291.0,0.0395177134924695,0.0650647477926422,0.0429319635733811,0.3026502241881369,0.050363518246553,0.0694782783897906,0.3708646084607158,0.0591289458563107
292,292.0,0.03899910595574,0.0644587496507437,0.0426454034064028,0.3020659629413262,0.0506065700817311,0.0686941450632649,0.3729188041152683,0.0596112587855229
293,293.0,0.0385133765466279,0.063903514812063,0.0423834858410906,0.3013444893531927,0.0508183934505726,0.0679487696501378,0.3750270884021789,0.0600608819441365
294,294.0,0.0380673091947848,0.0634157771566099,0.042154620431601,0.300694048723999,0.0508472877342428,0.0672539693649108,0.3772362197827776,0.0603307676110741
295,295.0,0.0376540852597466,0.0629635413827402,0.0419444670750987,0.3001395031772742,0.0508353334534425,0.0665950804028559,0.3793338795927725,0.0605341096560693
296,296.0,0.0371012942582605,0.0627176596896797,0.0417522115673999,0.2996788563102491,0.0507846683471749,0.0659738336395475,0.3813186360656141,0.0606728401220742
297,297.0,0.0365772043133271,0.0624792154867077,0.0415687588497549,0.2993377696620703,0.0506836020631459,0.0653829548795505,0.3832266474159181,0.0607438473295254
298,298.0,0.036073329403741,0.0622515798441636,0.0413900885881715,0.2992282728107892,0.0505351696549199,0.0648096957073389,0.3849807115584298,0.0607311524324462
299,299.0,0.0356007314371497,0.0620535910103098,0.0410505417355855,0.2991240548336345,0.0503657918645721,0.0642746188861143,0.3868653922585627,0.0606652779740713
300,300.0,0.0351545767996231,0.0618635912774227,0.040709408821926,0.2989580300515908,0.0501623899922962,0.0639556354433095,0.3886762614251919,0.0605201061886397
301,301.0,0.0349204877298624,0.0616767471026018,0.0403681602350085,0.2983154117461343,0.0499225291516911,0.0636590651016625,0.3906615575155873,0.0604760414174517
302,302.0,0.0345333392782398,0.0614310443713225,0.0400005540844286,0.2975390311539864,0.0496290869450027,0.0638173103863716,0.3925234745628744,0.0605261592177737
303,303.0,0.0341410272831753,0.0611364019819242,0.039619458463131,0.2966609546932032,0.0494477489973877,0.0638427922689181,0.3941164277313084,0.0610351885809518
304,304.0,0.0337702395793043,0.0611429922740497,0.039252558664909,0.2960077560109988,0.0492432117604022,0.0638724925592877,0.3952159343254723,0.0614948148255756
305,305.0,0.0333971212936924,0.0611047979996659,0.0388687663367813,0.2952356285775536,0.0490039150765333,0.0637737822737585,0.3962740531958633,0.0623419352461513
306,306.0,0.0330242290795137,0.0610242725399549,0.0384719075960311,0.2945152688805653,0.0487344298252788,0.0635576062347369,0.3976198108471758,0.063052474996743
307,307.0,0.032651158347438,0.0608986300463966,0.038062859928219,0.2937881600297594,0.0484338205624339,0.0632319447173474,0.3991502072203804,0.0637832191480249
308,308.0,0.032297258038181,0.060919492662587,0.0376622526620922,0.2933545044704454,0.0481162875118438,0.0629011162054664,0.4003141531438994,0.0644349353054846
309,309.0,0.0319674203819367,0.0609349439389045,0.0372834554257423,0.2929870520231604,0.0477965879429841,0.0627398790276413,0.4012703356693781,0.0650203255902523
310,310.0,0.0316631742189729,0.0609328382944952,0.0367744981416839,0.2926919434507106,0.0474756902234272,0.0625802153498981,0.4023416956337883,0.0655399446870235
311,311.0,0.0313839256834267,0.0609259013275482,0.036288587458189,0.2921277953196986,0.0472976966759667,0.0621001516660257,0.4038923007384052,0.0659836411307396
312,312.0,0.0311298871146205,0.0608997631986176,0.0358214522604272,0.2915467089027877,0.0471106532979301,0.0616229034300145,0.4055106714356587,0.0663579603599433
313,313.0,0.0309001684553478,0.0608538085003764,0.0353745171050912,0.2912501223765505,0.0470582297089611,0.0611509235116134,0.4067481536612027,0.0666640766808565
314,314.0,0.0306781906038106,0.0607736457945375,0.0349333379126059,0.2911142997737555,0.0469880279502475,0.0606157757162088,0.4080419914733969,0.0668547307754369
315,315.0,0.0304666978707339,0.0606663776710673,0.0345026106851479,0.291335656729523,0.046756229536087,0.0600286611687527,0.4093041876429208,0.0669395786957671
316,316.0,0.0302658715415609,0.0605316616042654,0.0340842835506078,0.2919107431080691,0.0463671379756678,0.0593977902854689,0.4101101668811177,0.0673323450532422
317,317.0,0.0300659312170515,0.0603412343299043,0.0336767011943153,0.2925656778753456,0.04596567345284,0.0590992726340704,0.4106914312574806,0.067594078038992
318,318.0,0.0298808664554688,0.0601260066297514,0.033294996491401,0.2931957488563008,0.0455683995826114,0.0588166479103524,0.4113298240239148,0.067787510050199
319,319.0,0.0297367264794342,0.0597959914402722,0.032973215566475,0.2938715764015767,0.0450768159574713,0.0585904177706326,0.4122788779388412,0.0676763784452964
320,320.0,0.0296109330351605,0.0595791396790958,0.0326804044281388,0.2943159224256658,0.0444474297178792,0.0583797329081403,0.4134782013535696,0.0675082364523494
321,321.0,0.0294970419083769,0.0593338913582442,0.0324074582118482,0.2948726161464156,0.0438138366736539,0.0581763707598266,0.4146155278557596,0.0672832570858745
322,322.0,0.0293829718890423,0.0590452026447252,0.0321427878137058,0.2952204061436778,0.0431708299663525,0.0584159451753956,0.4156631516265048,0.0669587047405956
323,323.0,0.0292687193361476,0.0585632248533259,0.0318867549549123,0.2954994768962959,0.0425233923870746,0.0587443044303767,0.416969608192023,0.0665445189498437
324,324.0,0.0291626249107444,0.0580698331757064,0.0316550135580842,0.295839090040993,0.0418987008186877,0.0590732089595039,0.4182037361481073,0.0660977923881728
325,325.0,0.0292221308246737,0.0575705656870469,0.0314525240922934,0.295890518091738,0.0413015016313873,0.0592454221390821,0.4196830446581939,0.0656342928755845
326,326.0,0.0292850740834148,0.0570640537853922,0.0312667771810942,0.2959029558336716,0.0407307845933389,0.0593997105724176,0.4212102699991858,0.0651403739514844
327,327.0,0.0293502429091604,0.056554526079494,0.0310933728626314,0.2957628414000484,0.040314735060691,0.0595386686030121,0.4226335836594261,0.0647520294255362
328,328.0,0.0294157795614821,0.0560449564186554,0.0309314422655556,0.2956298166186002,0.0399149723024346,0.0596605453828524,0.4242077180978238,0.0641947693525956
329,329.0,0.0294718822869407,0.0555281725292658,0.0307762334387734,0.2954152861308934,0.0395261971458029,0.0597536971719557,0.4259176827879395,0.0636108485084282
330,330.0,0.0295239916764675,0.0551430040323066,0.0306336201817793,0.2949322665123017,0.0391619729290628,0.0601812396522435,0.4274027385050312,0.0630211665108071
331,331.0,0.0295582577307814,0.0547338956391256,0.0304912540763098,0.2944931372411934,0.0388119297356117,0.0604950163704987,0.4291900230577108,0.0622264861487683
332,332.0,0.0295783166293855,0.0544411736744487,0.0303514882625695,0.2939755488072704,0.0384710292811263,0.0607696763416216,0.4309954668747923,0.0614173001287856
333,333.0,0.0295877547807921,0.0541552753718507,0.0302190111350435,0.2934220909165466,0.0381484798262996,0.0610164849592931,0.4327005754706363,0.060750327539538
334,334.0,0.0296042883854863,0.0538947865261221,0.0302535207184914,0.2927786756839055,0.037858411024745,0.060970840990908,0.4341378567914291,0.0605016198789124
335,335.0,0.0295973543957848,0.0539472930689697,0.0302826807242117,0.2921519281488818,0.0375751475072845,0.0609600448055356,0.4352902507027195,0.0601953006466121
336,336.0,0.0295681551188038,0.053955576417803,0.0303077434734193,0.2912732821706601,0.0372984682127106,0.0608483727264397,0.4369057416522252,0.0598426602279379
337,337.0,0.0295312747874648,0.0539586454258284,0.030338761925186,0.2904387845025684,0.0370437670616254,0.0607090211109081,0.4384738191117457,0.0595059260746727
338,338.0,0.0294853218173949,0.0539528871055602,0.0303692165647442,0.2894725351597606,0.03680699599034,0.0605410958268273,0.4401946567938752,0.0591772907414973
339,339.0,0.029430654128963,0.0539366886339256,0.0303977636523731,0.2884945253100809,0.0365873573638987,0.0603471161316447,0.4418350762425156,0.058970818536598
340,340.0,0.0293677014916215,0.0539087534562566,0.0304232349144682,0.2875118337956525,0.0363839891009379,0.0602445924710258,0.4433890931227856,0.0587708016472516
341,341.0,0.0293027741587391,0.0538760496589262,0.030447287201609,0.2867241826271092,0.0361997090078507,0.0601314840184558,0.444734580996426,0.0585839323308837
342,342.0,0.0292376819424741,0.0538390586430003,0.0304734029752063,0.2860673218987876,0.0360363864620279,0.0600119064762062,0.4459175925603477,0.0584166490419496
343,343.0,0.0291659261274931,0.0537841989819458,0.0304919557073937,0.285218065364577,0.0358792356820847,0.0598728799193908,0.4473343377187151,0.0582534004983995
344,344.0,0.029086542132858,0.0537097719216768,0.0304980016024785,0.2843611511592289,0.035724522754547,0.0597129783027177,0.4488208771655614,0.0580861549609313
345,345.0,0.0290013077628478,0.0536206297383433,0.0304925053462564,0.2835384482635417,0.0356738174750387,0.0595374606237484,0.450216503168356,0.0579193276218673
346,346.0,0.0289096059693281,0.0535121571383586,0.0304741840855173,0.2826098184838497,0.0356223070662717,0.059344369807336,0.4517798007204457,0.0577477567288926
347,347.0,0.0288185584853553,0.0533947512261306,0.0304540775170067,0.2817589341828714,0.0355816318963527,0.0591450263448697,0.453256930802526,0.0575900895448874
348,348.0,0.0287272109535617,0.0532673678248839,0.030525986616283,0.2810472011472271,0.0355474463467592,0.0589381300468367,0.4545078661620097,0.0574387909024386
349,349.0,0.0286335193844806,0.0531299062734882,0.0305943138910524,0.2803637387556787,0.0355222626810299,0.0587271875890471,0.4557344213479145,0.0572946500773085
350,350.0,0.0285425880148411,0.0529875703213775,0.0305281605234983,0.2797491066377465,0.0355061871851778,0.0585197291339819,0.4570033423665757,0.057163315816801
351,351.0,0.0284533804064767,0.0528395093105878,0.0304556361299059,0.2791391037555061,0.0355922265327614,0.0583141398333589,0.4580655323745043,0.0571404716568987
352,352.0,0.0283661856767372,0.052686273402971,0.0303773890387213,0.2784204420978869,0.0355485651533036,0.0581114259720499,0.4593693192300132,0.0571203994283165
353,353.0,0.0281543480190507,0.0525248136341157,0.0302896353084342,0.2777417410554265,0.0354983208004315,0.0579072729108969,0.4609143250987083,0.0569695431729359
354,354.0,0.0279403453622081,0.0523562895905264,0.0301947518164069,0.2772842453678257,0.0354424477716467,0.0576945207773584,0.4622745148596838,0.0568128844543438
355,355.0,0.0277254348959309,0.0521842018770272,0.0300907746922565,0.2769962971493783,0.0353792200479145,0.0574748138271335,0.4634997606873867,0.0566494968229723
356,356.0,0.0275100626211713,0.0519007104540003,0.029977634918814,0.2767824247151059,0.0353066713878071,0.0572474030824542,0.4647980964924803,0.0564769963281669
357,357.0,0.0273021043752445,0.0516169283172176,0.0298613662551712,0.2766250353164283,0.0353248409983606,0.0570225544838581,0.4659409202235001,0.0563062500302194
358,358.0,0.0271055065019049,0.0513489144491313,0.029745723581294,0.2766920213146819,0.0353461576000445,0.0568050269904379,0.4668142644862422,0.0561423850762632
359,359.0,0.0272095299655838,0.0518672321540418,0.0299199086962986,0.2771760387814582,0.0356550911442274,0.0552173580118335,0.4648890724949385,0.0580657687516181
360,360.0,0.0272882815823405,0.0522796384102273,0.0300580887608519,0.278479824008798,0.0358011146705149,0.0536176552450067,0.4628408227261725,0.059634574596088
361,361.0,0.0273672629474934,0.0526736566371621,0.0301881255075001,0.2797792738035721,0.0359318158158126,0.0520442490154169,0.4608507793480754,0.0611648369249673
362,362.0,0.0274458232392746,0.0531523214229666,0.030309562440406,0.2808511115176006,0.036047793624953,0.050510545043754,0.4590366106919419,0.0626462320191031
363,363.0,0.0275215964564528,0.053605893517165,0.0304180993554388,0.2819147364633296,0.0361461634764574,0.0490236515484349,0.4573094406183731,0.0640604185643484
364,364.0,0.0275944756225431,0.0540317130916726,0.0305161583395235,0.2829736438505729,0.0362284924302054,0.0475943966219753,0.4556575989544017,0.0654035210891056
365,365.0,0.0276650301728045,0.0545548374491858,0.0306054519185903,0.2838844732621563,0.036298385683308,0.0462362744324456,0.4540843821237582,0.0666711649577514
366,366.0,0.0277312533977264,0.0550498694552906,0.0306822211126517,0.2847044609571031,0.0363534259109801,0.0449528355393575,0.4526741502446511,0.0678517833822395
367,367.0,0.027791819353961,0.0555056401099766,0.0307469637790351,0.2854081993047616,0.0363916941183704,0.0437443478031176,0.4514685885746953,0.0689427469560825
368,368.0,0.0278476964601807,0.0559288002700953,0.0309168131770299,0.2860544178411459,0.036417287966535,0.0426203071102545,0.4502706133957114,0.0699440637790473
369,369.0,0.0278975263134822,0.056310830431968,0.0310734787285576,0.2866277533977623,0.036428779317011,0.0415811124851746,0.4492293451794829,0.0708511741465613
370,370.0,0.0279419943229411,0.0566516895519422,0.0312192800666307,0.2872664792955448,0.0363245497439966,0.0406299666091368,0.4482974394456718,0.0716686009641359
371,371.0,0.0279797394460347,0.0569497364932171,0.0314372605501456,0.2877491381821752,0.0362081511046798,0.0397648054605112,0.44752003795294,0.0723911308102963
372,372.0,0.0280105790842283,0.0573148028025069,0.0316376316065057,0.2882198290024588,0.0360796004327257,0.0389826101156995,0.4466514297702061,0.0731035171856688
373,373.0,0.0280344263448034,0.0576351042490722,0.0318194064948484,0.2885924118133593,0.0359404240890528,0.0384473804631678,0.445805307796883,0.0737255387488129
374,374.0,0.0280511664173501,0.0579088931685747,0.0319824160086091,0.2889041276421282,0.0359020700197626,0.0379881668000914,0.4450065511393015,0.0742566088041822
