,Unnamed: 0,Total_iterations,Intertwine_two,Invert_path_vertices,Insert_inside_vertex,Delete_inside_vertex,MSC_add_terminal,MSC_del_terminal
0,0.0,0.0,0.16666666666666657,0.16666666666666657,0.16666666666666657,0.16666666666666657,0.16666666666666657,0.16666666666666657
1,1.0,1.0,0.16666666666666657,0.16666666666666657,0.16666666666666657,0.16666666666666657,0.16666666666666657,0.16666666666666657
2,2.0,2.0,0.16666666666666657,0.16666666666666657,0.16666666666666657,0.16666666666666657,0.16666666666666657,0.16666666666666657
3,3.0,3.0,0.16666666666666657,0.16666666666666657,0.16666666666666657,0.16666666666666657,0.16666666666666657,0.16666666666666657
4,4.0,4.0,0.16666666666666657,0.16666666666666657,0.16666666666666657,0.16666666666666657,0.16666666666666657,0.16666666666666657
5,5.0,5.0,0.16666666666666657,0.16666666666666657,0.16666666666666657,0.16666666666666657,0.16666666666666657,0.16666666666666657
6,6.0,6.0,0.16666666666666657,0.16666666666666657,0.16666666666666657,0.16666666666666657,0.16666666666666657,0.16666666666666657
7,7.0,7.0,0.16666666666666657,0.16666666666666657,0.16666666666666657,0.16666666666666657,0.16666666666666657,0.16666666666666657
8,8.0,8.0,0.16666666666666657,0.16666666666666657,0.16666666666666657,0.16666666666666657,0.16666666666666657,0.16666666666666657
9,9.0,9.0,0.16666666666666657,0.16666666666666657,0.16666666666666657,0.16666666666666657,0.16666666666666657,0.16666666666666657
10,10.0,10.0,0.16666666666666657,0.16666666666666657,0.16666666666666657,0.16666666666666657,0.16666666666666657,0.16666666666666657
11,11.0,11.0,0.16666666666666657,0.16666666666666657,0.16666666666666657,0.16666666666666657,0.16666666666666657,0.16666666666666657
12,12.0,12.0,0.16666666666666657,0.16666666666666657,0.16666666666666657,0.16666666666666657,0.16666666666666657,0.16666666666666657
13,13.0,13.0,0.16666666666666657,0.16666666666666657,0.16666666666666657,0.16666666666666657,0.16666666666666657,0.16666666666666657
14,14.0,14.0,0.16666666666666657,0.16666666666666657,0.16666666666666657,0.16666666666666657,0.16666666666666657,0.16666666666666657
15,15.0,15.0,0.16666666666666657,0.16666666666666657,0.16666666666666657,0.16666666666666657,0.16666666666666657,0.16666666666666657
16,16.0,16.0,0.16666666666666657,0.16666666666666657,0.16666666666666657,0.16666666666666657,0.16666666666666657,0.16666666666666657
17,17.0,17.0,0.16666666666666657,0.16666666666666657,0.16666666666666657,0.16666666666666657,0.16666666666666657,0.16666666666666657
18,18.0,18.0,0.16666666666666657,0.16666666666666657,0.16666666666666657,0.16666666666666657,0.16666666666666657,0.16666666666666657
19,19.0,19.0,0.16666666666666657,0.16666666666666657,0.16666666666666657,0.16666666666666657,0.16666666666666657,0.16666666666666657
20,20.0,20.0,0.16666666666666657,0.16666666666666657,0.16666666666666657,0.16666666666666657,0.16666666666666657,0.16666666666666657
21,21.0,21.0,0.16666666666666657,0.16666666666666657,0.16666666666666657,0.16666666666666657,0.16666666666666657,0.16666666666666657
22,22.0,22.0,0.16666666666666657,0.16666666666666657,0.16666666666666657,0.16666666666666657,0.16666666666666657,0.16666666666666657
23,23.0,23.0,0.16666666666666657,0.16666666666666657,0.16666666666666657,0.16666666666666657,0.16666666666666657,0.16666666666666657
24,24.0,24.0,0.16666666666666657,0.16666666666666657,0.16666666666666657,0.16666666666666657,0.16666666666666657,0.16666666666666657
25,25.0,25.0,0.16666666666666657,0.16666666666666657,0.16666666666666657,0.16666666666666657,0.16666666666666657,0.16666666666666657
26,26.0,26.0,0.16666666666666657,0.16666666666666657,0.16666666666666657,0.16666666666666657,0.16666666666666657,0.16666666666666657
27,27.0,27.0,0.16666666666666657,0.16666666666666657,0.16666666666666657,0.16666666666666657,0.16666666666666657,0.16666666666666657
28,28.0,28.0,0.16666666666666657,0.16666666666666657,0.16666666666666657,0.16666666666666657,0.16666666666666657,0.16666666666666657
29,29.0,29.0,0.16666666666666657,0.16666666666666657,0.16666666666666657,0.16666666666666657,0.16666666666666657,0.16666666666666657
30,30.0,30.0,0.16666666666666657,0.16666666666666657,0.16666666666666657,0.16666666666666657,0.16666666666666657,0.16666666666666657
31,31.0,31.0,0.16666666666666657,0.16666666666666657,0.16666666666666657,0.16666666666666657,0.16666666666666657,0.16666666666666657
32,32.0,32.0,0.16666666666666657,0.16666666666666657,0.16666666666666657,0.16666666666666657,0.16666666666666657,0.16666666666666657
33,33.0,33.0,0.16666666666666657,0.16666666666666657,0.16666666666666657,0.16666666666666657,0.16666666666666657,0.16666666666666657
34,34.0,34.0,0.16666666666666657,0.16666666666666657,0.16666666666666657,0.16666666666666657,0.16666666666666657,0.16666666666666657
35,35.0,35.0,0.16666666666666657,0.16666666666666657,0.16666666666666657,0.16666666666666657,0.16666666666666657,0.16666666666666657
36,36.0,36.0,0.16666666666666657,0.16666666666666657,0.16666666666666657,0.16666666666666657,0.16666666666666657,0.16666666666666657
37,37.0,37.0,0.16666666666666657,0.16666666666666657,0.16666666666666657,0.16666666666666657,0.16666666666666657,0.16666666666666657
38,38.0,38.0,0.16666666666666657,0.16666666666666657,0.16666666666666657,0.16666666666666657,0.16666666666666657,0.16666666666666657
39,39.0,39.0,0.16666666666666657,0.16666666666666657,0.16666666666666657,0.16666666666666657,0.16666666666666657,0.16666666666666657
40,40.0,40.0,0.16666666666666657,0.16666666666666657,0.16666666666666657,0.16666666666666657,0.16666666666666657,0.16666666666666657
41,41.0,41.0,0.16666666666666657,0.16666666666666657,0.16666666666666657,0.16666666666666657,0.16666666666666657,0.16666666666666657
42,42.0,42.0,0.16666666666666657,0.16666666666666657,0.16666666666666657,0.16666666666666657,0.16666666666666657,0.16666666666666657
43,43.0,43.0,0.16666666666666657,0.16666666666666657,0.16666666666666657,0.16666666666666657,0.16666666666666657,0.16666666666666657
44,44.0,44.0,0.16666666666666657,0.16666666666666657,0.16666666666666657,0.16666666666666657,0.16666666666666657,0.16666666666666657
45,45.0,45.0,0.16666666666666657,0.16666666666666657,0.16666666666666657,0.16666666666666657,0.16666666666666657,0.16666666666666657
46,46.0,46.0,0.16666666666666657,0.16666666666666657,0.16666666666666657,0.16666666666666657,0.16666666666666657,0.16666666666666657
47,47.0,47.0,0.16666666666666657,0.16666666666666657,0.16666666666666657,0.16666666666666657,0.16666666666666657,0.16666666666666657
48,48.0,48.0,0.16666666666666657,0.16666666666666657,0.16666666666666657,0.16666666666666657,0.16666666666666657,0.16666666666666657
49,49.0,49.0,0.16666666666666657,0.16666666666666657,0.16666666666666657,0.16666666666666657,0.16666666666666657,0.16666666666666657
50,50.0,50.0,0.16666666666666657,0.16666666666666657,0.16666666666666657,0.16666666666666657,0.16666666666666657,0.16666666666666657
51,51.0,51.0,0.16666666666666657,0.16666666666666657,0.16666666666666657,0.16666666666666657,0.16666666666666657,0.16666666666666657
52,52.0,52.0,0.16666666666666657,0.16666666666666657,0.16666666666666657,0.16666666666666657,0.16666666666666657,0.16666666666666657
53,53.0,53.0,0.16666666666666657,0.16666666666666657,0.16666666666666657,0.16666666666666657,0.16666666666666657,0.16666666666666657
54,54.0,54.0,0.16666666666666657,0.16666666666666657,0.16666666666666657,0.16666666666666657,0.16666666666666657,0.16666666666666657
55,55.0,55.0,0.16666666666666657,0.16666666666666657,0.16666666666666657,0.16666666666666657,0.16666666666666657,0.16666666666666657
56,56.0,56.0,0.16666666666666657,0.16666666666666657,0.16666666666666657,0.16666666666666657,0.16666666666666657,0.16666666666666657
57,57.0,57.0,0.16666666666666657,0.16666666666666657,0.16666666666666657,0.16666666666666657,0.16666666666666657,0.16666666666666657
58,58.0,58.0,0.16666666666666657,0.16666666666666657,0.16666666666666657,0.16666666666666657,0.16666666666666657,0.16666666666666657
59,59.0,59.0,0.16666666666666657,0.16666666666666657,0.16666666666666657,0.16666666666666657,0.16666666666666657,0.16666666666666657
60,60.0,60.0,0.16666666666666657,0.16666666666666657,0.16666666666666657,0.16666666666666657,0.16666666666666657,0.16666666666666657
61,61.0,61.1,0.16666666666666657,0.16666666666666657,0.16666666666666657,0.16666666666666657,0.16666666666666657,0.16666666666666657
62,62.0,62.1,0.16666666666666657,0.16666666666666657,0.16666666666666657,0.16666666666666657,0.16666666666666657,0.16666666666666657
63,63.0,63.1,0.16666666666666657,0.16666666666666657,0.16666666666666657,0.16666666666666657,0.16666666666666657,0.16666666666666657
64,64.0,64.1,0.16666666666666657,0.16666666666666657,0.16666666666666657,0.16666666666666657,0.16666666666666657,0.16666666666666657
65,65.0,65.1,0.16666666666666657,0.16666666666666657,0.16666666666666657,0.16666666666666657,0.16666666666666657,0.16666666666666657
66,66.0,66.1,0.16666666666666657,0.16666666666666657,0.16666666666666657,0.16666666666666657,0.16666666666666657,0.16666666666666657
67,67.0,67.1,0.16666666666666657,0.16666666666666657,0.16666666666666657,0.16666666666666657,0.16666666666666657,0.16666666666666657
68,68.0,68.1,0.16666666666666657,0.16666666666666657,0.16666666666666657,0.16666666666666657,0.16666666666666657,0.16666666666666657
69,69.0,69.1,0.16666666666666657,0.16666666666666657,0.16666666666666657,0.16666666666666657,0.16666666666666657,0.16666666666666657
70,70.0,70.1,0.16666666666666657,0.16666666666666657,0.16666666666666657,0.16666666666666657,0.16666666666666657,0.16666666666666657
71,71.0,71.1,0.16666666666666657,0.16666666666666657,0.16666666666666657,0.16666666666666657,0.16666666666666657,0.16666666666666657
72,72.0,72.1,0.16666666666666657,0.16666666666666657,0.16666666666666657,0.16666666666666657,0.16666666666666657,0.16666666666666657
73,73.0,73.1,0.16666666666666657,0.16666666666666657,0.16666666666666657,0.16666666666666657,0.16666666666666657,0.16666666666666657
74,74.0,74.1,0.16666666666666657,0.16666666666666657,0.16666666666666657,0.16666666666666657,0.16666666666666657,0.16666666666666657
75,75.0,75.1,0.16666666666666657,0.16666666666666657,0.16666666666666657,0.16666666666666657,0.16666666666666657,0.16666666666666657
76,76.0,76.1,0.16666666666666657,0.16666666666666657,0.16666666666666657,0.16666666666666657,0.16666666666666657,0.16666666666666657
77,77.0,77.1,0.16666666666666657,0.16666666666666657,0.16666666666666657,0.16666666666666657,0.16666666666666657,0.16666666666666657
78,78.0,78.1,0.16666666666666657,0.16666666666666657,0.16666666666666657,0.16666666666666657,0.16666666666666657,0.16666666666666657
79,79.0,79.1,0.16666666666666657,0.16666666666666657,0.16666666666666657,0.16666666666666657,0.16666666666666657,0.16666666666666657
80,80.0,80.1,0.16666666666666657,0.16666666666666657,0.16666666666666657,0.16666666666666657,0.16666666666666657,0.16666666666666657
81,81.0,81.1,0.16666666666666657,0.16666666666666657,0.16666666666666657,0.16666666666666657,0.16666666666666657,0.16666666666666657
82,82.0,82.1,0.16666666666666657,0.16666666666666657,0.16666666666666657,0.16666666666666657,0.16666666666666657,0.16666666666666657
83,83.0,83.1,0.16666666666666657,0.16666666666666657,0.16666666666666657,0.16666666666666657,0.16666666666666657,0.16666666666666657
84,84.0,84.1,0.16666666666666657,0.16666666666666657,0.16666666666666657,0.16666666666666657,0.16666666666666657,0.16666666666666657
85,85.0,85.1,0.16666666666666657,0.16666666666666657,0.16666666666666657,0.16666666666666657,0.16666666666666657,0.16666666666666657
86,86.0,86.1,0.16666666666666657,0.16666666666666657,0.16666666666666657,0.16666666666666657,0.16666666666666657,0.16666666666666657
87,87.0,87.1,0.16666666666666657,0.16666666666666657,0.16666666666666657,0.16666666666666657,0.16666666666666657,0.16666666666666657
88,88.0,88.1,0.16666666666666657,0.16666666666666657,0.16666666666666657,0.16666666666666657,0.16666666666666657,0.16666666666666657
89,89.0,89.1,0.16666666666666657,0.16666666666666657,0.16666666666666657,0.16666666666666657,0.16666666666666657,0.16666666666666657
90,90.0,90.2,0.16666666666666657,0.16666666666666657,0.16666666666666657,0.16666666666666657,0.16666666666666657,0.16666666666666657
91,91.0,91.2,0.16666666666666657,0.16666666666666657,0.16666666666666657,0.16666666666666657,0.16666666666666657,0.16666666666666657
92,92.0,92.2,0.16666666666666657,0.16666666666666657,0.16666666666666657,0.16666666666666657,0.16666666666666657,0.16666666666666657
93,93.0,93.2,0.16666666666666657,0.16666666666666657,0.16666666666666657,0.16666666666666657,0.16666666666666657,0.16666666666666657
94,94.0,94.2,0.16666666666666657,0.16666666666666657,0.16666666666666657,0.16666666666666657,0.16666666666666657,0.16666666666666657
95,95.0,95.2,0.16666666666666657,0.16666666666666657,0.16666666666666657,0.16666666666666657,0.16666666666666657,0.16666666666666657
96,96.0,96.2,0.16666666666666657,0.16666666666666657,0.16666666666666657,0.16666666666666657,0.16666666666666657,0.16666666666666657
97,97.0,97.2,0.16666666666666657,0.16666666666666657,0.16666666666666657,0.16666666666666657,0.16666666666666657,0.16666666666666657
98,98.0,98.2,0.16666666666666657,0.16666666666666657,0.16666666666666657,0.16666666666666657,0.16666666666666657,0.16666666666666657
99,99.0,99.3,0.16666666666666657,0.16666666666666657,0.16666666666666657,0.16666666666666657,0.16666666666666657,0.16666666666666657
100,100.0,100.3,0.16666666666666657,0.16666666666666657,0.16666666666666657,0.16666666666666657,0.16666666666666657,0.16666666666666657
101,101.0,101.3,0.16666666666666657,0.16666666666666657,0.16666666666666657,0.16666666666666657,0.16666666666666657,0.16666666666666657
102,102.0,102.3,0.16666666666666657,0.16666666666666657,0.16666666666666657,0.16666666666666657,0.16666666666666657,0.16666666666666657
103,103.0,103.3,0.16666666666666657,0.16666666666666657,0.16666666666666657,0.16666666666666657,0.16666666666666657,0.16666666666666657
104,104.0,104.3,0.16666666666666657,0.16666666666666657,0.16666666666666657,0.16666666666666657,0.16666666666666657,0.16666666666666657
105,105.0,105.3,0.16666666666666657,0.16666666666666657,0.16666666666666657,0.16666666666666657,0.16666666666666657,0.16666666666666657
106,106.0,106.3,0.16666666666666657,0.16666666666666657,0.16666666666666657,0.16666666666666657,0.16666666666666657,0.16666666666666657
107,107.0,107.3,0.16666666666666657,0.16666666666666657,0.16666666666666657,0.16666666666666657,0.16666666666666657,0.16666666666666657
108,108.0,108.3,0.16666666666666657,0.16666666666666657,0.16666666666666657,0.16666666666666657,0.16666666666666657,0.16666666666666657
109,109.0,109.3,0.16666666666666657,0.16666666666666657,0.16666666666666657,0.16666666666666657,0.16666666666666657,0.16666666666666657
110,110.0,110.3,0.16666666666666657,0.16666666666666657,0.16666666666666657,0.16666666666666657,0.16666666666666657,0.16666666666666657
111,111.0,111.3,0.16666666666666657,0.16666666666666657,0.16666666666666657,0.16666666666666657,0.16666666666666657,0.16666666666666657
112,112.0,112.3,0.16666666666666657,0.16666666666666657,0.16666666666666657,0.16666666666666657,0.16666666666666657,0.16666666666666657
113,113.0,113.3,0.16666666666666657,0.16666666666666657,0.16666666666666657,0.16666666666666657,0.16666666666666657,0.16666666666666657
114,114.0,114.3,0.16666666666666657,0.16666666666666657,0.16666666666666657,0.16666666666666657,0.16666666666666657,0.16666666666666657
115,115.0,115.3,0.16666666666666657,0.16666666666666657,0.16666666666666657,0.16666666666666657,0.16666666666666657,0.16666666666666657
116,116.0,116.3,0.16666666666666657,0.16666666666666657,0.16666666666666657,0.16666666666666657,0.16666666666666657,0.16666666666666657
117,117.0,117.4,0.16666666666666657,0.16666666666666657,0.16666666666666657,0.16666666666666657,0.16666666666666657,0.16666666666666657
118,118.0,118.4,0.16666666666666657,0.16666666666666657,0.16666666666666657,0.16666666666666657,0.16666666666666657,0.16666666666666657
119,119.0,119.4,0.16666666666666657,0.16666666666666657,0.16666666666666657,0.16666666666666657,0.16666666666666657,0.16666666666666657
120,120.0,120.4,0.16666666666666657,0.16666666666666657,0.16666666666666657,0.16666666666666657,0.16666666666666657,0.16666666666666657
121,121.0,121.4,0.16666666666666657,0.16666666666666657,0.16666666666666657,0.16666666666666657,0.16666666666666657,0.16666666666666657
122,122.0,122.4,0.16666666666666657,0.16666666666666657,0.16666666666666657,0.16666666666666657,0.16666666666666657,0.16666666666666657
123,123.0,123.4,0.16666666666666657,0.16666666666666657,0.16666666666666657,0.16666666666666657,0.16666666666666657,0.16666666666666657
124,124.0,124.4,0.16666666666666657,0.16666666666666657,0.16666666666666657,0.16666666666666657,0.16666666666666657,0.16666666666666657
125,125.0,125.4,0.16666666666666657,0.16666666666666657,0.16666666666666657,0.16666666666666657,0.16666666666666657,0.16666666666666657
126,126.0,126.4,0.16666666666666657,0.16666666666666657,0.16666666666666657,0.16666666666666657,0.16666666666666657,0.16666666666666657
127,127.0,127.4,0.16666666666666657,0.16666666666666657,0.16666666666666657,0.16666666666666657,0.16666666666666657,0.16666666666666657
128,128.0,128.4,0.16666666666666657,0.16666666666666657,0.16666666666666657,0.16666666666666657,0.16666666666666657,0.16666666666666657
129,129.0,129.4,0.16666666666666657,0.16666666666666657,0.16666666666666657,0.16666666666666657,0.16666666666666657,0.16666666666666657
130,130.0,130.4,0.16666666666666657,0.16666666666666657,0.16666666666666657,0.16666666666666657,0.16666666666666657,0.16666666666666657
131,131.0,131.4,0.16666666666666657,0.16666666666666657,0.16666666666666657,0.16666666666666657,0.16666666666666657,0.16666666666666657
132,132.0,132.4,0.16666666666666657,0.16666666666666657,0.16666666666666657,0.16666666666666657,0.16666666666666657,0.16666666666666657
133,133.0,133.4,0.16666666666666657,0.16666666666666657,0.16666666666666657,0.16666666666666657,0.16666666666666657,0.16666666666666657
134,134.0,134.4,0.16666666666666657,0.16666666666666657,0.16666666666666657,0.16666666666666657,0.16666666666666657,0.16666666666666657
135,135.0,135.4,0.16666666666666657,0.16666666666666657,0.16666666666666657,0.16666666666666657,0.16666666666666657,0.16666666666666657
136,136.0,136.4,0.16666666666666657,0.16666666666666657,0.16666666666666657,0.16666666666666657,0.16666666666666657,0.16666666666666657
137,137.0,137.4,0.16666666666666657,0.16666666666666657,0.16666666666666657,0.16666666666666657,0.16666666666666657,0.16666666666666657
138,138.0,138.4,0.16666666666666657,0.16666666666666657,0.16666666666666657,0.16666666666666657,0.16666666666666657,0.16666666666666657
139,139.0,139.4,0.16666666666666657,0.16666666666666657,0.16666666666666657,0.16666666666666657,0.16666666666666657,0.16666666666666657
140,140.0,140.4,0.16666666666666657,0.16666666666666657,0.16666666666666657,0.16666666666666657,0.16666666666666657,0.16666666666666657
141,141.0,141.4,0.16666666666666657,0.16666666666666657,0.16666666666666657,0.16666666666666657,0.16666666666666657,0.16666666666666657
142,142.0,142.4,0.16666666666666657,0.16666666666666657,0.16666666666666657,0.16666666666666657,0.16666666666666657,0.16666666666666657
143,143.0,143.4,0.16666666666666657,0.16666666666666657,0.16666666666666657,0.16666666666666657,0.16666666666666657,0.16666666666666657
144,144.0,144.4,0.16666666666666657,0.16666666666666657,0.16666666666666657,0.16666666666666657,0.16666666666666657,0.16666666666666657
145,145.0,145.4,0.16666666666666657,0.16666666666666657,0.16666666666666657,0.16666666666666657,0.16666666666666657,0.16666666666666657
146,146.0,146.4,0.16666666666666657,0.16666666666666657,0.16666666666666657,0.16666666666666657,0.16666666666666657,0.16666666666666657
147,147.0,147.4,0.16666666666666657,0.16666666666666657,0.16666666666666657,0.16666666666666657,0.16666666666666657,0.16666666666666657
148,148.0,148.4,0.16666666666666657,0.16666666666666657,0.16666666666666657,0.16666666666666657,0.16666666666666657,0.16666666666666657
149,149.0,149.4,0.16666666666666657,0.16666666666666657,0.16666666666666657,0.16666666666666657,0.16666666666666657,0.16666666666666657
150,150.0,150.4,0.16666666666666657,0.16666666666666657,0.16666666666666657,0.16666666666666657,0.16666666666666657,0.16666666666666657
151,151.0,151.4,0.16666666666666657,0.16666666666666657,0.16666666666666657,0.16666666666666657,0.16666666666666657,0.16666666666666657
152,152.0,152.4,0.16666666666666657,0.16666666666666657,0.16666666666666657,0.16666666666666657,0.16666666666666657,0.16666666666666657
153,153.0,153.4,0.16666666666666657,0.16666666666666657,0.16666666666666657,0.16666666666666657,0.16666666666666657,0.16666666666666657
154,154.0,154.4,0.16666666666666657,0.16666666666666657,0.16666666666666657,0.16666666666666657,0.16666666666666657,0.16666666666666657
155,155.0,155.4,0.16666666666666657,0.16666666666666657,0.16666666666666657,0.16666666666666657,0.16666666666666657,0.16666666666666657
156,156.0,156.4,0.16666666666666657,0.16666666666666657,0.16666666666666657,0.16666666666666657,0.16666666666666657,0.16666666666666657
157,157.0,157.4,0.16666666666666657,0.16666666666666657,0.16666666666666657,0.16666666666666657,0.16666666666666657,0.16666666666666657
158,158.0,158.4,0.16666666666666657,0.16666666666666657,0.16666666666666657,0.16666666666666657,0.16666666666666657,0.16666666666666657
159,159.0,159.4,0.16666666666666657,0.16666666666666657,0.16666666666666657,0.16666666666666657,0.16666666666666657,0.16666666666666657
160,160.0,160.4,0.16666666666666657,0.16666666666666657,0.16666666666666657,0.16666666666666657,0.16666666666666657,0.16666666666666657
161,161.0,161.4,0.16666666666666657,0.16666666666666657,0.16666666666666657,0.16666666666666657,0.16666666666666657,0.16666666666666657
162,162.0,162.4,0.16666666666666657,0.16666666666666657,0.16666666666666657,0.16666666666666657,0.16666666666666657,0.16666666666666657
163,163.0,163.4,0.16666666666666657,0.16666666666666657,0.16666666666666657,0.16666666666666657,0.16666666666666657,0.16666666666666657
164,164.0,164.4,0.16666666666666657,0.16666666666666657,0.16666666666666657,0.16666666666666657,0.16666666666666657,0.16666666666666657
165,165.0,165.4,0.16666666666666657,0.16666666666666657,0.16666666666666657,0.16666666666666657,0.16666666666666657,0.16666666666666657
166,166.0,166.4,0.16666666666666657,0.16666666666666657,0.16666666666666657,0.16666666666666657,0.16666666666666657,0.16666666666666657
167,167.0,167.4,0.16666666666666657,0.16666666666666657,0.16666666666666657,0.16666666666666657,0.16666666666666657,0.16666666666666657
168,168.0,168.4,0.16666666666666657,0.16666666666666657,0.16666666666666657,0.16666666666666657,0.16666666666666657,0.16666666666666657
169,169.0,169.4,0.16666666666666657,0.16666666666666657,0.16666666666666657,0.16666666666666657,0.16666666666666657,0.16666666666666657
170,170.0,170.4,0.16666666666666657,0.16666666666666657,0.16666666666666657,0.16666666666666657,0.16666666666666657,0.16666666666666657
171,171.0,171.4,0.16666666666666657,0.16666666666666657,0.16666666666666657,0.16666666666666657,0.16666666666666657,0.16666666666666657
172,172.0,172.4,0.16666666666666657,0.16666666666666657,0.16666666666666657,0.16666666666666657,0.16666666666666657,0.16666666666666657
173,173.0,173.4,0.16666666666666657,0.16666666666666657,0.16666666666666657,0.16666666666666657,0.16666666666666657,0.16666666666666657
174,174.0,174.4,0.16666666666666657,0.16666666666666657,0.16666666666666657,0.16666666666666657,0.16666666666666657,0.16666666666666657
175,175.0,175.5,0.16666666666666657,0.16666666666666657,0.16666666666666657,0.16666666666666657,0.16666666666666657,0.16666666666666657
176,176.0,176.5,0.16666666666666657,0.16666666666666657,0.16666666666666657,0.16666666666666657,0.16666666666666657,0.16666666666666657
177,177.0,177.5,0.16666666666666657,0.16666666666666657,0.16666666666666657,0.16666666666666657,0.16666666666666657,0.16666666666666657
178,178.0,178.5,0.16666666666666657,0.16666666666666657,0.16666666666666657,0.16666666666666657,0.16666666666666657,0.16666666666666657
179,179.0,179.5,0.16666666666666657,0.16666666666666657,0.16666666666666657,0.16666666666666657,0.16666666666666657,0.16666666666666657
180,180.0,180.5,0.16666666666666657,0.16666666666666657,0.16666666666666657,0.16666666666666657,0.16666666666666657,0.16666666666666657
181,181.0,181.5,0.16666666666666657,0.16666666666666657,0.16666666666666657,0.16666666666666657,0.16666666666666657,0.16666666666666657
182,182.0,182.5,0.16666666666666657,0.16666666666666657,0.16666666666666657,0.16666666666666657,0.16666666666666657,0.16666666666666657
183,183.0,183.5,0.16666666666666657,0.16666666666666657,0.16666666666666657,0.16666666666666657,0.16666666666666657,0.16666666666666657
184,184.0,184.5,0.16666666666666657,0.16666666666666657,0.16666666666666657,0.16666666666666657,0.16666666666666657,0.16666666666666657
185,185.0,185.5,0.16666666666666657,0.16666666666666657,0.16666666666666657,0.16666666666666657,0.16666666666666657,0.16666666666666657
186,186.0,186.5,0.16666666666666657,0.16666666666666657,0.16666666666666657,0.16666666666666657,0.16666666666666657,0.16666666666666657
187,187.0,187.5,0.16666666666666657,0.16666666666666657,0.16666666666666657,0.16666666666666657,0.16666666666666657,0.16666666666666657
188,188.0,188.5,0.16666666666666657,0.16666666666666657,0.16666666666666657,0.16666666666666657,0.16666666666666657,0.16666666666666657
189,189.0,189.5,0.16666666666666657,0.16666666666666657,0.16666666666666657,0.16666666666666657,0.16666666666666657,0.16666666666666657
190,190.0,190.5,0.16666666666666657,0.16666666666666657,0.16666666666666657,0.16666666666666657,0.16666666666666657,0.16666666666666657
191,191.0,191.5,0.16666666666666657,0.16666666666666657,0.16666666666666657,0.16666666666666657,0.16666666666666657,0.16666666666666657
192,192.0,192.5,0.16666666666666657,0.16666666666666657,0.16666666666666657,0.16666666666666657,0.16666666666666657,0.16666666666666657
193,193.0,193.5,0.16666666666666657,0.16666666666666657,0.16666666666666657,0.16666666666666657,0.16666666666666657,0.16666666666666657
194,194.0,194.5,0.16666666666666657,0.16666666666666657,0.16666666666666657,0.16666666666666657,0.16666666666666657,0.16666666666666657
195,195.0,195.5,0.16666666666666657,0.16666666666666657,0.16666666666666657,0.16666666666666657,0.16666666666666657,0.16666666666666657
196,196.0,196.5,0.16666666666666657,0.16666666666666657,0.16666666666666657,0.16666666666666657,0.16666666666666657,0.16666666666666657
197,197.0,197.5,0.1831148379761227,0.18628482092097776,0.15299999999999994,0.1716003411028993,0.15299999999999994,0.15299999999999994
198,198.0,198.5,0.1961017087062652,0.17795362082994298,0.15299999999999994,0.16694467046379163,0.15299999999999994,0.15299999999999994
199,199.0,199.5,0.18951601097338383,0.17423968074639898,0.14404772089993798,0.16862148705072438,0.16073860414208532,0.16283649618746918
200,200.0,200.5,0.16104601333230895,0.1489294856762487,0.11302456134028449,0.17115731966102007,0.20692299803720693,0.19891962195293064
201,201.0,201.5,0.17650334504850182,0.14836476971079166,0.11318792162036076,0.1562645552484324,0.20577168313087127,0.1999077252410419
202,202.0,202.5,0.17111906417979114,0.15640797594708128,0.11389337731598277,0.15584645639041533,0.20304007450361414,0.19969305166311516
203,203.0,203.5,0.17704502939808542,0.15263432190946297,0.11467639256446124,0.15561236509187362,0.20000261935167227,0.20002927168444434
204,204.0,204.5,0.17367213017346345,0.15178647268664883,0.1130295868767138,0.15558437192212524,0.20571111235779477,0.20021632598325384
205,205.0,205.5,0.1759760156798675,0.1494587734955921,0.11511551776739712,0.15587419135546912,0.2077958890253412,0.19577961267633281
206,206.0,206.5,0.17478441267782951,0.1499623371665016,0.11591359658902575,0.15528232222568425,0.20762836956522093,0.19642896177573788
207,207.0,207.5,0.17217584214882933,0.1528570735166952,0.11574482613543813,0.15602919278596605,0.2075166111123969,0.19567645430067435
208,208.0,208.5,0.17159765574580887,0.15224425911383097,0.11648364844199507,0.1558901440138356,0.20699904641225117,0.19678524627227814
209,209.0,209.5,0.1745899705429965,0.14835240871050617,0.11730117283426131,0.15731528305668135,0.20665692378967293,0.19578424106588158
210,210.0,210.5,0.16990571808653823,0.15057687262173253,0.11630381912266455,0.15886987531447022,0.20775380623643022,0.1965899086181641
211,211.0,211.5,0.1670498275425579,0.14734391103579722,0.11763360131567961,0.15613454639646923,0.21427738797870943,0.1975607257307865
212,212.0,212.5,0.1669238003069592,0.14890823864589822,0.11735485820958254,0.1566459153868446,0.21375230730819927,0.196414880142516
213,213.0,213.5,0.16451963688978627,0.15429149810485543,0.1159002026738096,0.15490511428244963,0.20970944882079817,0.20067409922830076
214,214.0,214.5,0.16501611722930543,0.15608008460937972,0.1155213045807973,0.15372945251802844,0.2079254242443785,0.20172761681811052
215,215.0,215.5,0.16283626039593374,0.1544132807163818,0.11473203316168165,0.15322799398519737,0.21195733244281567,0.20283309929798965
216,216.0,216.5,0.1624086039229968,0.15406676080251028,0.1163572875068434,0.15313847344773607,0.21222468802837752,0.20180418629153568
217,217.0,217.5,0.16239788894079005,0.15413259670005158,0.11629408694491254,0.15352339263932796,0.21182066734464455,0.20183136743027313
218,218.0,218.5,0.16547981734188447,0.15474291332357687,0.11408229034522865,0.15400457766816267,0.20950033036471152,0.2021900709564357
219,219.0,219.5,0.16398776573458568,0.15297103640477266,0.11471315699415552,0.15543994740789144,0.20904215256357697,0.2038459408950176
220,220.0,220.5,0.16308483876930374,0.15420734593197918,0.11362485047395669,0.1546865209100577,0.2073005723882634,0.2070958715264391
221,221.0,221.5,0.16260727989433604,0.1575323175718467,0.11472130665461185,0.15274426001872227,0.20580291962945937,0.2065919162310237
222,222.0,222.5,0.16437146571016067,0.15779478650225026,0.11368396248103452,0.15148144767141797,0.20664885118396392,0.2060194864511725
223,223.0,223.5,0.16657816997155347,0.1585117092494613,0.1140054979030785,0.15138260352094773,0.20438087687464496,0.20514114248031387
224,224.0,224.5,0.16620587885031612,0.15940167362305693,0.11427528374071796,0.15161019907640577,0.20378429746116328,0.20472266724833985
225,225.0,225.5,0.16104053537699384,0.15806127166509115,0.11526283633617093,0.1535086055719112,0.20334306620241716,0.20878368484741555
226,226.0,226.5,0.16253088908203067,0.15722184976567827,0.11473600346721498,0.15222785581990242,0.20256268652686588,0.21072071533830766
227,227.0,227.5,0.16026408483256752,0.15897456591128645,0.11410784726320547,0.1529283218666902,0.2028642405798699,0.2108609395463803
228,228.0,228.5,0.15784592113137536,0.16375746588799162,0.10942911859692364,0.15326344628503474,0.1995903886166538,0.21611365948202077
229,229.0,229.5,0.16076445789685806,0.16146870197543678,0.10947729960464025,0.1514666635702354,0.20149402368586164,0.21532885326696766
230,230.0,230.5,0.15884958450418935,0.16377456469667462,0.10994988321761442,0.14968670116622274,0.19946563217773788,0.21827363423756077
231,231.0,231.5,0.16160779555048094,0.16041769342933174,0.10941049601386603,0.15318158599447004,0.19811718256196287,0.21726524644988823
232,232.0,232.5,0.16206582112860732,0.15865866784657598,0.1107991907248155,0.15327872845235063,0.19636258306695023,0.2188350087807001
233,233.0,233.5,0.16331334635894218,0.15819455966035914,0.10873745405948258,0.15484837013579072,0.19589221094681725,0.21901405883860794
234,234.0,234.5,0.16383798406765024,0.15691608362008297,0.10863234037949612,0.1563110174832653,0.1954579545611014,0.2188446198884038
235,235.0,235.5,0.16162200774674496,0.15734680996614842,0.10725007803733362,0.15742437842657503,0.1956619242202763,0.22069480160292154
236,236.0,236.5,0.16144922370742137,0.16161541147078812,0.10878267801110005,0.15192346522749112,0.1932785892716531,0.22295063231154605
237,237.0,237.5,0.1621027184533862,0.15924344420186848,0.10909869058856043,0.15292475987341883,0.19111583403727422,0.22551455284549174
238,238.0,238.5,0.16252409540351134,0.15655293437241202,0.10886208860021458,0.1532645172653152,0.1890258823532585,0.2297704820052882
239,239.0,239.5,0.16334523889105285,0.15690823028851736,0.1091193230212544,0.15031313260645127,0.18892034213939518,0.2313937330533288
240,240.0,240.5,0.16235622842624028,0.15737463321269057,0.10904791967476819,0.1506856020823528,0.18833135847829252,0.23220425812565537
241,241.0,241.5,0.16107498918054047,0.1575394563242985,0.1056887287876694,0.15071345493538596,0.19107212774912471,0.23391124302298075
242,242.0,242.5,0.1606939861346411,0.15998880096740084,0.10539412805782158,0.15184453245200216,0.18765718963975017,0.23442136274838393
243,243.0,243.5,0.1616725915221049,0.16125511064816175,0.1053416533842267,0.15088225631144153,0.1885991506881041,0.23224923744596077
244,244.0,244.5,0.160220600952439,0.16058416968356998,0.10819469984012671,0.1510648565289991,0.18621655568782863,0.23371911730703648
245,245.0,245.5,0.1605001796064682,0.1599731789442293,0.10915970543911335,0.1506788838613247,0.1853304176234177,0.2343576345254466
246,246.0,246.5,0.16051519943800902,0.1599487693387051,0.10947711493090047,0.15071189564343088,0.18257863752876408,0.23676838312019033
247,247.0,247.5,0.16181457076685282,0.1623260890132328,0.10912042227011594,0.15050579868572236,0.18365526168496835,0.23257785757910754
248,248.0,248.5,0.15928213800356697,0.1658879782602224,0.10839425323029359,0.15322611257859994,0.1806628513328527,0.23254666659446427
249,249.0,249.5,0.1577673311035872,0.16704645382826383,0.10879518094716856,0.15110423201023832,0.18051540664990828,0.2347713954608337
250,250.0,250.5,0.15626163632226928,0.16680643970940956,0.10842774627299274,0.15243454917570937,0.18179178426768045,0.2342778442519385
251,251.0,251.5,0.15635395690169526,0.17147406815708177,0.10543732330924453,0.15187347175931482,0.18166949459171314,0.2331916852809503
252,252.0,252.5,0.15429536584151554,0.1700525928010023,0.10762188056206001,0.1533086404920197,0.18295692564690386,0.2317645946564984
253,253.0,253.5,0.15142691290072924,0.17067645368873902,0.10811054433008842,0.1549815026218892,0.1846044045592151,0.23020018189933883
254,254.0,254.5,0.1514526810931894,0.1692660891608748,0.10823355997790018,0.15504153755670932,0.1828939192800322,0.23311221293129397
255,255.0,255.5,0.15283120123779115,0.16892851542091464,0.10780916373259915,0.15621224583810872,0.1809801933489525,0.23323868042163362
256,256.0,256.5,0.15183017513435906,0.16654002683981317,0.1069742810682899,0.1591255285800311,0.1825590432162288,0.2329709451612778
257,257.0,257.5,0.15123533623024918,0.1679457310401446,0.10742801339325084,0.1580399724044856,0.18188544532277373,0.23346550160909593
258,258.0,258.5,0.15383200185350016,0.16796318531324855,0.10355833314985441,0.15766433169331628,0.18174622051552575,0.2352359274745548
259,259.0,259.5,0.1523993091455204,0.1694352371247769,0.10228119027993106,0.15897147739598078,0.1795044818482468,0.23740830420554385
260,260.0,260.5,0.15346664824277878,0.16833929419143714,0.10274152172289845,0.15688663798579233,0.18040289386390684,0.2381630039931863
261,261.0,261.5,0.1536900134646056,0.16712644436890242,0.10311859221353856,0.15647696379891218,0.1813850528203355,0.2382029333337056
262,262.0,262.5,0.15350520480289367,0.1680798466618833,0.10247033369322192,0.15706200886275734,0.18016233247580274,0.23872027350344088
263,263.0,263.5,0.1522892418537356,0.16895951111430701,0.10177812263640822,0.15781656832759175,0.17853089321686658,0.2406256628510907
264,264.0,264.5,0.15228685267408515,0.16957179795989422,0.1026687042502882,0.15835789627810398,0.1770021280103019,0.24011262082732648
265,265.0,265.5,0.15085586813884705,0.1710136219764031,0.10339425440090658,0.1581394715345428,0.1751843974219069,0.24141238652739352
266,266.0,266.5,0.14987456996884801,0.17045339860557682,0.10436922058976236,0.15799293420531133,0.17542263358881555,0.2418872430416857
267,267.0,267.5,0.14924646918869017,0.17001950397989468,0.10451723325355447,0.15861015237826984,0.17689258002041383,0.24071406117917685
268,268.0,268.5,0.14902257468472832,0.17011369683129512,0.10528986846741151,0.1565000160189816,0.17570473647151555,0.2433691075260676
269,269.0,269.5,0.15091679675912623,0.16921953889077662,0.10585617955474003,0.15644439842951047,0.17625136685487272,0.2413117195109738
270,270.0,270.5,0.15058777404213414,0.16999921159393508,0.10595771365514003,0.15601172288513848,0.17623868725835282,0.2412048905652992
271,271.0,271.5,0.15131021354571786,0.1690847363470966,0.10623830292069633,0.15637453247694583,0.17590935367718963,0.24108286103235357
272,272.0,272.5,0.15055693556069377,0.1675618458299216,0.10935111441489875,0.15641020220772037,0.1753504561715474,0.24076944581521792
273,273.0,273.5,0.15062824552451187,0.16724963722289565,0.10574046431685365,0.15802067879488485,0.17619137548314384,0.24216959865770998
274,274.0,274.5,0.15231906762021924,0.1671045206957313,0.1061541367449755,0.15812293188962026,0.17591645684548385,0.2403828862039698
275,275.0,275.5,0.15234837304930166,0.1675765839300629,0.10608421642228105,0.15702942793404517,0.17569926794616736,0.24126213071814173
276,276.0,276.5,0.15166493816208135,0.16719325393506387,0.10680692883295025,0.15691408082010794,0.1751738863993179,0.24224691185047842
277,277.0,277.5,0.15219667923981225,0.16638246974034154,0.10644764128785918,0.15746858487987878,0.17451086029471458,0.2429937645573934
278,278.0,278.5,0.15173243531437322,0.16626787932733342,0.10650064114556265,0.15728535958516585,0.17470193366200865,0.243511750965556
279,279.0,279.5,0.15181140563396492,0.1663134964715649,0.10603601917603644,0.15847250017560516,0.1736453372949857,0.2437212412478426
280,280.0,280.5,0.14974737142538458,0.16664791298637588,0.10572141425393825,0.15920339864266722,0.17373293090426017,0.24494697178737374
281,281.0,281.5,0.14972803990542516,0.1665707232629204,0.1066416954659776,0.15903571365580996,0.17438713132519126,0.24363669638467553
282,282.0,282.5,0.15034265476670555,0.16543730271547588,0.10741929759580882,0.15979098230819,0.17500846876277998,0.2420012938510397
283,283.0,283.5,0.15007813866109015,0.16576229148027966,0.1080345542886916,0.15723755131561085,0.1757093104933963,0.24317815376093135
284,284.0,284.5,0.15116829465251222,0.16553785167588256,0.1080681818024923,0.1581587014145398,0.1741102609206005,0.2429567095339725
285,285.0,285.5,0.14991674964101556,0.16446662650897464,0.10867858810649685,0.15930700057056427,0.17594159210776844,0.2416894430651801
286,286.0,286.5,0.1516584894238612,0.16422098759976891,0.10887154014415194,0.15929146793155344,0.1747768051552328,0.24118070974543154
287,287.0,287.5,0.15003357638422896,0.16358162626119008,0.10886474107256627,0.15787506756074007,0.1757238555996653,0.24392113312160918
288,288.0,288.5,0.14954608585868615,0.1632205166786541,0.10989653486286421,0.1598319300204957,0.17292258853170467,0.24458234404759507
289,289.0,289.5,0.14324297875410802,0.16141206643639655,0.11596259760820389,0.16231573187719348,0.17114357595750898,0.24592304936658899
290,290.0,290.5,0.14351615528511344,0.16322122361759783,0.11661149069470463,0.16184724611693474,0.1681154182089151,0.24668846607673417
291,291.0,291.5,0.14362868188036199,0.16429579881199124,0.11441836044592227,0.16004953508034014,0.16903881103997323,0.24856881274141096
292,292.0,292.5,0.14325702346195493,0.16426944503428,0.11285484124432228,0.16059218077723042,0.17183195905042511,0.2471945504317871
293,293.0,293.5,0.14404127560525856,0.16503056972354804,0.11190850674339085,0.158713613351675,0.1725108959554589,0.24779513862066857
294,294.0,294.5,0.1403098404327739,0.16516674172757917,0.11084285384319663,0.1590960884372577,0.17500622508189997,0.24957825047729248
295,295.0,295.5,0.14186011858815167,0.1602183206055987,0.11091774799133311,0.15889879521173383,0.1789713120144179,0.24913370558876466
