,Unnamed: 0,Total_iterations,Intertwine_two,Invert_path_vertices,Insert_inside_vertex,Delete_inside_vertex,MSC_add_terminal,MSC_del_terminal
0,0.0,0.0,0.16666666666666657,0.16666666666666657,0.16666666666666657,0.16666666666666657,0.16666666666666657,0.16666666666666657
1,1.0,0.10900000000000001,0.16666666666666657,0.16666666666666657,0.16666666666666657,0.16666666666666657,0.16666666666666657,0.16666666666666657
2,2.0,0.31601,0.16666666666666657,0.16666666666666657,0.16666666666666657,0.16666666666666657,0.16666666666666657,0.16666666666666657
3,3.0,0.6191589000000001,0.16666666666666657,0.16666666666666657,0.16666666666666657,0.16666666666666657,0.16666666666666657,0.16666666666666657
4,4.0,1.015801321,0.16666666666666657,0.16666666666666657,0.16666666666666657,0.16666666666666657,0.16666666666666657,0.16666666666666657
5,5.0,1.50262148669,0.16666666666666657,0.16666666666666657,0.16666666666666657,0.16666666666666657,0.16666666666666657,0.16666666666666657
6,6.0,2.0757334209441005,0.16666666666666657,0.16666666666666657,0.16666666666666657,0.16666666666666657,0.16666666666666657,0.16666666666666657
7,7.0,2.7307768275633495,0.16666666666666657,0.16666666666666657,0.16666666666666657,0.16666666666666657,0.16666666666666657,0.16666666666666657
8,8.0,3.4630081252450404,0.16666666666666657,0.16666666666666657,0.16666666666666657,0.16666666666666657,0.16666666666666657,0.16666666666666657
9,9.0,4.2673862119061114,0.16666666666666657,0.16666666666666657,0.16666666666666657,0.16666666666666657,0.16666666666666657,0.16666666666666657
10,10.0,5.138652627782014,0.16666666666666657,0.16666666666666657,0.16666666666666657,0.16666666666666657,0.16666666666666657,0.16666666666666657
11,11.0,6.071405875792507,0.16666666666666657,0.16666666666666657,0.16666666666666657,0.16666666666666657,0.16666666666666657,0.16666666666666657
12,12.0,7.060169740244025,0.16666666666666657,0.16666666666666657,0.16666666666666657,0.16666666666666657,0.16666666666666657,0.16666666666666657
13,13.0,8.099455520847952,0.16666666666666657,0.16666666666666657,0.16666666666666657,0.16666666666666657,0.16666666666666657,0.16666666666666657
14,14.0,9.183818168183006,0.16666666666666657,0.16666666666666657,0.16666666666666657,0.16666666666666657,0.16666666666666657,0.16666666666666657
15,15.0,10.307906369102724,0.16666666666666657,0.16666666666666657,0.16666666666666657,0.16666666666666657,0.16666666666666657,0.16666666666666657
16,16.0,11.466506686239443,0.16666666666666657,0.16666666666666657,0.16666666666666657,0.16666666666666657,0.16666666666666657,0.16666666666666657
17,17.0,12.654581904800096,0.16666666666666657,0.16666666666666657,0.16666666666666657,0.16666666666666657,0.16666666666666657,0.16666666666666657
18,18.0,13.867303782456686,0.16666666666666657,0.16666666666666657,0.16666666666666657,0.16666666666666657,0.16666666666666657,0.16666666666666657
19,19.0,15.100080434523047,0.16666666666666657,0.16666666666666657,0.16666666666666657,0.16666666666666657,0.16666666666666657,0.16666666666666657
20,20.0,16.348578617037543,0.16666666666666657,0.16666666666666657,0.16666666666666657,0.16666666666666657,0.16666666666666657,0.16666666666666657
21,21.0,17.608741195130214,0.16666666666666657,0.16666666666666657,0.16666666666666657,0.16666666666666657,0.16666666666666657,0.16666666666666657
22,22.0,18.876800103462312,0.16666666666666657,0.16666666666666657,0.16666666666666657,0.16666666666666657,0.16666666666666657,0.16666666666666657
23,23.0,20.14928511992658,0.16666666666666657,0.16666666666666657,0.16666666666666657,0.16666666666666657,0.16666666666666657,0.16666666666666657
24,24.0,21.423028783545156,0.16666666666666657,0.16666666666666657,0.16666666666666657,0.16666666666666657,0.16666666666666657,0.16666666666666657
25,25.0,22.695167792966423,0.16666666666666657,0.16666666666666657,0.16666666666666657,0.16666666666666657,0.16666666666666657,0.16666666666666657
26,26.0,23.963141223515898,0.16666666666666657,0.16666666666666657,0.16666666666666657,0.16666666666666657,0.16666666666666657,0.16666666666666657
27,27.0,25.224685898775267,0.16666666666666657,0.16666666666666657,0.16666666666666657,0.16666666666666657,0.16666666666666657,0.16666666666666657
28,28.0,26.477829247520948,0.16666666666666657,0.16666666666666657,0.16666666666666657,0.16666666666666657,0.16666666666666657,0.16666666666666657
29,29.0,27.720879968916847,0.16666666666666657,0.16666666666666657,0.16666666666666657,0.16666666666666657,0.16666666666666657,0.16666666666666657
30,30.0,28.95241681848399,0.16666666666666657,0.16666666666666657,0.16666666666666657,0.16666666666666657,0.16666666666666657,0.16666666666666657
31,31.0,30.17127581490958,0.16666666666666657,0.16666666666666657,0.16666666666666657,0.16666666666666657,0.16666666666666657,0.16666666666666657
32,32.0,31.376536153543515,0.16666666666666657,0.16666666666666657,0.16666666666666657,0.16666666666666657,0.16666666666666657,0.16666666666666657
33,33.0,32.567505096778625,0.16666666666666657,0.16666666666666657,0.16666666666666657,0.16666666666666657,0.16666666666666657,0.16666666666666657
34,34.0,33.74370209472243,0.16666666666666657,0.16666666666666657,0.16666666666666657,0.16666666666666657,0.16666666666666657,0.16666666666666657
35,35.0,34.90484237192463,0.16666666666666657,0.16666666666666657,0.16666666666666657,0.16666666666666657,0.16666666666666657,0.16666666666666657
36,36.0,36.05082019768737,0.16666666666666657,0.16666666666666657,0.16666666666666657,0.16666666666666657,0.16666666666666657,0.16666666666666657
37,37.0,37.18169203889697,0.16666666666666657,0.16666666666666657,0.16666666666666657,0.16666666666666657,0.16666666666666657,0.16666666666666657
38,38.0,38.29765977559663,0.16666666666666657,0.16666666666666657,0.16666666666666657,0.16666666666666657,0.16666666666666657,0.16666666666666657
39,39.0,39.399054140870355,0.16666666666666657,0.16666666666666657,0.16666666666666657,0.16666666666666657,0.16666666666666657,0.16666666666666657
40,40.0,40.48631852820801,0.16666666666666657,0.16666666666666657,0.16666666666666657,0.16666666666666657,0.16666666666666657,0.16666666666666657
41,41.0,41.55999329152982,0.16666666666666657,0.16666666666666657,0.16666666666666657,0.16666666666666657,0.16666666666666657,0.16666666666666657
42,42.0,42.62070064560415,0.16666666666666657,0.16666666666666657,0.16666666666666657,0.16666666666666657,0.16666666666666657,0.16666666666666657
43,43.0,43.669130257815,0.16666666666666657,0.16666666666666657,0.16666666666666657,0.16666666666666657,0.16666666666666657,0.16666666666666657
44,44.0,44.70602560622662,0.16666666666666657,0.16666666666666657,0.16666666666666657,0.16666666666666657,0.16666666666666657,0.16666666666666657
45,45.0,45.73217116373481,0.16666666666666657,0.16666666666666657,0.16666666666666657,0.16666666666666657,0.16666666666666657,0.16666666666666657
46,46.0,46.748380453854836,0.16666666666666657,0.16666666666666657,0.16666666666666657,0.16666666666666657,0.16666666666666657,0.16666666666666657
47,47.0,47.755485010424316,0.16666666666666657,0.16666666666666657,0.16666666666666657,0.16666666666666657,0.16666666666666657,0.16666666666666657
48,48.0,48.7543242612326,0.16666666666666657,0.16666666666666657,0.16666666666666657,0.16666666666666657,0.16666666666666657,0.16666666666666657
49,49.0,49.745736344347726,0.16666666666666657,0.16666666666666657,0.16666666666666657,0.16666666666666657,0.16666666666666657,0.16666666666666657
50,50.0,50.730549855707864,0.16666666666666657,0.16666666666666657,0.16666666666666657,0.16666666666666657,0.16666666666666657,0.16666666666666657
51,51.0,51.70957651737491,0.16666666666666657,0.16666666666666657,0.16666666666666657,0.16666666666666657,0.16666666666666657,0.16666666666666657
52,52.0,52.68360474770151,0.16666666666666657,0.16666666666666657,0.16666666666666657,0.16666666666666657,0.16666666666666657,0.16666666666666657
53,53.0,53.65339410751842,0.16666666666666657,0.16666666666666657,0.16666666666666657,0.16666666666666657,0.16666666666666657,0.16666666666666657
54,54.0,54.61967059027847,0.16666666666666657,0.16666666666666657,0.16666666666666657,0.16666666666666657,0.16666666666666657,0.16666666666666657
55,55.0,55.58312271885972,0.16666666666666657,0.16666666666666657,0.16666666666666657,0.16666666666666657,0.16666666666666657,0.16666666666666657
56,56.0,56.544398407394254,0.16666666666666657,0.16666666666666657,0.16666666666666657,0.16666666666666657,0.16666666666666657,0.16666666666666657
57,57.0,57.504102543001395,0.16666666666666657,0.16666666666666657,0.16666666666666657,0.16666666666666657,0.16666666666666657,0.16666666666666657
58,58.0,58.462795239617805,0.16666666666666657,0.16666666666666657,0.16666666666666657,0.16666666666666657,0.16666666666666657,0.16666666666666657
59,59.0,59.42099071417639,0.16666666666666657,0.16666666666666657,0.16666666666666657,0.16666666666666657,0.16666666666666657,0.16666666666666657
60,60.0,60.379156734137354,0.16666666666666657,0.16666666666666657,0.16666666666666657,0.16666666666666657,0.16666666666666657,0.16666666666666657
61,61.0,61.347714584760844,0.16666666666666657,0.16666666666666657,0.16666666666666657,0.16666666666666657,0.16666666666666657,0.16666666666666657
62,62.0,62.316939504474384,0.16666666666666657,0.16666666666666657,0.16666666666666657,0.16666666666666657,0.16666666666666657,0.16666666666666657
63,63.0,63.287072537171824,0.16666666666666657,0.16666666666666657,0.16666666666666657,0.16666666666666657,0.16666666666666657,0.16666666666666657
64,64.0,64.25832154122782,0.16666666666666657,0.16666666666666657,0.16666666666666657,0.16666666666666657,0.16666666666666657,0.16666666666666657
65,65.0,65.23086242946592,0.16666666666666657,0.16666666666666657,0.16666666666666657,0.16666666666666657,0.16666666666666657,0.16666666666666657
66,66.0,66.20484060458556,0.16666666666666657,0.16666666666666657,0.16666666666666657,0.16666666666666657,0.16666666666666657,0.16666666666666657
67,67.0,67.18037255614738,0.16666666666666657,0.16666666666666657,0.16666666666666657,0.16666666666666657,0.16666666666666657,0.16666666666666657
68,68.0,68.15754758699154,0.16666666666666657,0.16666666666666657,0.16666666666666657,0.16666666666666657,0.16666666666666657,0.16666666666666657
69,69.0,69.13642963888137,0.16666666666666657,0.16666666666666657,0.16666666666666657,0.16666666666666657,0.16666666666666657,0.16666666666666657
70,70.0,70.1170591891934,0.16666666666666657,0.16666666666666657,0.16666666666666657,0.16666666666666657,0.16666666666666657,0.16666666666666657
71,71.0,71.0994551925823,0.16666666666666657,0.16666666666666657,0.16666666666666657,0.16666666666666657,0.16666666666666657,0.16666666666666657
72,72.0,72.08361704370647,0.16666666666666657,0.16666666666666657,0.16666666666666657,0.16666666666666657,0.16666666666666657,0.16666666666666657
73,73.0,73.06952653928117,0.16666666666666657,0.16666666666666657,0.16666666666666657,0.16666666666666657,0.16666666666666657,0.16666666666666657
74,74.0,74.05714981990559,0.16666666666666657,0.16666666666666657,0.16666666666666657,0.16666666666666657,0.16666666666666657,0.16666666666666657
75,75.0,75.04643927426852,0.16666666666666657,0.16666666666666657,0.16666666666666657,0.16666666666666657,0.16666666666666657,0.16666666666666657
76,76.0,76.03733539045247,0.16666666666666657,0.16666666666666657,0.16666666666666657,0.16666666666666657,0.16666666666666657,0.16666666666666657
77,77.0,77.02976854111348,0.16666666666666657,0.16666666666666657,0.16666666666666657,0.16666666666666657,0.16666666666666657,0.16666666666666657
78,78.0,78.02366069129728,0.16666666666666657,0.16666666666666657,0.16666666666666657,0.16666666666666657,0.16666666666666657,0.16666666666666657
79,79.0,79.01892701954971,0.16666666666666657,0.16666666666666657,0.16666666666666657,0.16666666666666657,0.16666666666666657,0.16666666666666657
80,80.0,80.01547744478141,0.16666666666666657,0.16666666666666657,0.16666666666666657,0.16666666666666657,0.16666666666666657,0.16666666666666657
81,81.0,81.01321805304212,0.16666666666666657,0.16666666666666657,0.16666666666666657,0.16666666666666657,0.16666666666666657,0.16666666666666657
82,82.0,82.01205241994634,0.16666666666666657,0.16666666666666657,0.16666666666666657,0.16666666666666657,0.16666666666666657,0.16666666666666657
83,83.0,83.01188282596068,0.16666666666666657,0.16666666666666657,0.16666666666666657,0.16666666666666657,0.16666666666666657,0.16666666666666657
84,84.0,84.01261136311398,0.16666666666666657,0.16666666666666657,0.16666666666666657,0.16666666666666657,0.16666666666666657,0.16666666666666657
85,85.0,85.01414093292081,0.16666666666666657,0.16666666666666657,0.16666666666666657,0.16666666666666657,0.16666666666666657,0.16666666666666657
86,86.0,86.01637613641773,0.16666666666666657,0.16666666666666657,0.16666666666666657,0.16666666666666657,0.16666666666666657,0.16666666666666657
87,87.0,87.01922405820079,0.16666666666666657,0.16666666666666657,0.16666666666666657,0.16666666666666657,0.16666666666666657,0.16666666666666657
88,88.0,88.02259494722355,0.16666666666666657,0.16666666666666657,0.16666666666666657,0.16666666666666657,0.16666666666666657,0.16666666666666657
89,89.0,89.0264027978718,0.16666666666666657,0.16666666666666657,0.16666666666666657,0.16666666666666657,0.16666666666666657,0.16666666666666657
90,90.0,90.0405658354765,0.16666666666666657,0.16666666666666657,0.16666666666666657,0.16666666666666657,0.16666666666666657,0.16666666666666657
91,91.0,91.05490691096597,0.16666666666666657,0.16666666666666657,0.16666666666666657,0.16666666666666657,0.16666666666666657,0.16666666666666657
92,92.0,92.06926480979682,0.16666666666666657,0.16666666666666657,0.16666666666666657,0.16666666666666657,0.16666666666666657,0.16666666666666657
93,93.0,93.08349427064664,0.16666666666666657,0.16666666666666657,0.16666666666666657,0.16666666666666657,0.16666666666666657,0.16666666666666657
94,94.0,94.097465842705,0.16666666666666657,0.16666666666666657,0.16666666666666657,0.16666666666666657,0.16666666666666657,0.16666666666666657
95,95.0,95.11106559913047,0.16666666666666657,0.16666666666666657,0.16666666666666657,0.16666666666666657,0.16666666666666657,0.16666666666666657
96,96.0,96.12419472392209,0.16666666666666657,0.16666666666666657,0.16666666666666657,0.16666666666666657,0.16666666666666657,0.16666666666666657
97,97.0,97.13676898899533,0.16666666666666657,0.16666666666666657,0.16666666666666657,0.16666666666666657,0.16666666666666657,0.16666666666666657
98,98.0,98.1487181376713,0.16666666666666657,0.16666666666666657,0.16666666666666657,0.16666666666666657,0.16666666666666657,0.16666666666666657
99,99.0,99.16998519010295,0.16666666666666657,0.16666666666666657,0.16666666666666657,0.16666666666666657,0.16666666666666657,0.16666666666666657
100,100.0,100.19042568539041,0.16666666666666657,0.16666666666666657,0.16666666666666657,0.16666666666666657,0.16666666666666657,0.16666666666666657
101,101.0,101.20991787429521,0.16666666666666657,0.16666666666666657,0.16666666666666657,0.16666666666666657,0.16666666666666657,0.16666666666666657
102,102.0,102.2283616655666,0.16666666666666657,0.16666666666666657,0.16666666666666657,0.16666666666666657,0.16666666666666657,0.16666666666666657
103,103.0,103.24567746105517,0.16666666666666657,0.16666666666666657,0.16666666666666657,0.16666666666666657,0.16666666666666657,0.16666666666666657
104,104.0,104.26180490238434,0.16666666666666657,0.16666666666666657,0.16666666666666657,0.16666666666666657,0.16666666666666657,0.16666666666666657
105,105.0,105.27670155055674,0.16666666666666657,0.16666666666666657,0.16666666666666657,0.16666666666666657,0.16666666666666657,0.16666666666666657
106,106.0,106.29034151840632,0.16666666666666657,0.16666666666666657,0.16666666666666657,0.16666666666666657,0.16666666666666657,0.16666666666666657
107,107.0,107.30271407428691,0.16666666666666657,0.16666666666666657,0.16666666666666657,0.16666666666666657,0.16666666666666657,0.16666666666666657
108,108.0,108.31382223383655,0.16666666666666657,0.16666666666666657,0.16666666666666657,0.16666666666666657,0.16666666666666657,0.16666666666666657
109,109.0,109.32368135509284,0.16666666666666657,0.16666666666666657,0.16666666666666657,0.16666666666666657,0.16666666666666657,0.16666666666666657
110,110.0,110.3323177506726,0.16666666666666657,0.16666666666666657,0.16666666666666657,0.16666666666666657,0.16666666666666657,0.16666666666666657
111,111.0,111.33976732918765,0.16666666666666657,0.16666666666666657,0.16666666666666657,0.16666666666666657,0.16666666666666657,0.16666666666666657
112,112.0,112.34607427655934,0.16666666666666657,0.16666666666666657,0.16666666666666657,0.16666666666666657,0.16666666666666657,0.16666666666666657
113,113.0,113.35128978642825,0.16666666666666657,0.16666666666666657,0.16666666666666657,0.16666666666666657,0.16666666666666657,0.16666666666666657
114,114.0,114.35547084744599,0.16666666666666657,0.16666666666666657,0.16666666666666657,0.16666666666666657,0.16666666666666657,0.16666666666666657
115,115.0,115.35867909388749,0.16666666666666657,0.16666666666666657,0.16666666666666657,0.16666666666666657,0.16666666666666657,0.16666666666666657
116,116.0,116.36097972474597,0.16666666666666657,0.16666666666666657,0.16666666666666657,0.16666666666666657,0.16666666666666657,0.16666666666666657
117,117.0,117.37244049527115,0.16666666666666657,0.16666666666666657,0.16666666666666657,0.16666666666666657,0.16666666666666657,0.16666666666666657
118,118.0,118.3830307837911,0.16666666666666657,0.16666666666666657,0.16666666666666657,0.16666666666666657,0.16666666666666657,0.16666666666666657
119,119.0,119.39273173562114,0.16666666666666657,0.16666666666666657,0.16666666666666657,0.16666666666666657,0.16666666666666657,0.16666666666666657
120,120.0,120.40153527491198,0.16666666666666657,0.16666666666666657,0.16666666666666657,0.16666666666666657,0.16666666666666657,0.16666666666666657
121,121.0,121.4094431075246,0.16666666666666657,0.16666666666666657,0.16666666666666657,0.16666666666666657,0.16666666666666657,0.16666666666666657
122,122.0,122.41646572580072,0.16666666666666657,0.16666666666666657,0.16666666666666657,0.16666666666666657,0.16666666666666657,0.16666666666666657
123,123.0,123.42262142499122,0.16666666666666657,0.16666666666666657,0.16666666666666657,0.16666666666666657,0.16666666666666657,0.16666666666666657
124,124.0,124.42793534001275,0.16666666666666657,0.16666666666666657,0.16666666666666657,0.16666666666666657,0.16666666666666657,0.16666666666666657
125,125.0,125.432438510132,0.16666666666666657,0.16666666666666657,0.16666666666666657,0.16666666666666657,0.16666666666666657,0.16666666666666657
126,126.0,126.436166978138,0.16666666666666657,0.16666666666666657,0.16666666666666657,0.16666666666666657,0.16666666666666657,0.16666666666666657
127,127.0,127.43916092956204,0.16666666666666657,0.16666666666666657,0.16666666666666657,0.16666666666666657,0.16666666666666657,0.16666666666666657
128,128.0,128.44146387654803,0.16666666666666657,0.16666666666666657,0.16666666666666657,0.16666666666666657,0.16666666666666657,0.16666666666666657
129,129.0,129.44312189006996,0.16666666666666657,0.16666666666666657,0.16666666666666657,0.16666666666666657,0.16666666666666657,0.16666666666666657
130,130.0,130.44418288333898,0.16666666666666657,0.16666666666666657,0.16666666666666657,0.16666666666666657,0.16666666666666657,0.16666666666666657
131,131.0,131.44469594844773,0.16666666666666657,0.16666666666666657,0.16666666666666657,0.16666666666666657,0.16666666666666657,0.16666666666666657
132,132.0,132.44471074756112,0.16666666666666657,0.16666666666666657,0.16666666666666657,0.16666666666666657,0.16666666666666657,0.16666666666666657
133,133.0,133.44427695928755,0.16666666666666657,0.16666666666666657,0.16666666666666657,0.16666666666666657,0.16666666666666657,0.16666666666666657
134,134.0,134.4434437802485,0.16666666666666657,0.16666666666666657,0.16666666666666657,0.16666666666666657,0.16666666666666657,0.16666666666666657
135,135.0,135.44225948131083,0.16666666666666657,0.16666666666666657,0.16666666666666657,0.16666666666666657,0.16666666666666657,0.16666666666666657
136,136.0,136.4407710174538,0.16666666666666657,0.16666666666666657,0.16666666666666657,0.16666666666666657,0.16666666666666657,0.16666666666666657
137,137.0,137.43902368980798,0.16666666666666657,0.16666666666666657,0.16666666666666657,0.16666666666666657,0.16666666666666657,0.16666666666666657
138,138.0,138.43706085802864,0.16666666666666657,0.16666666666666657,0.16666666666666657,0.16666666666666657,0.16666666666666657,0.16666666666666657
139,139.0,139.43492370084695,0.16666666666666657,0.16666666666666657,0.16666666666666657,0.16666666666666657,0.16666666666666657,0.16666666666666657
140,140.0,140.43265102237496,0.16666666666666657,0.16666666666666657,0.16666666666666657,0.16666666666666657,0.16666666666666657,0.16666666666666657
141,141.0,141.43027910152642,0.16666666666666657,0.16666666666666657,0.16666666666666657,0.16666666666666657,0.16666666666666657,0.16666666666666657
142,142.0,142.4278415817475,0.16666666666666657,0.16666666666666657,0.16666666666666657,0.16666666666666657,0.16666666666666657,0.16666666666666657
143,143.0,143.42536939812896,0.16666666666666657,0.16666666666666657,0.16666666666666657,0.16666666666666657,0.16666666666666657,0.16666666666666657
144,144.0,144.422890738891,0.16666666666666657,0.16666666666666657,0.16666666666666657,0.16666666666666657,0.16666666666666657,0.16666666666666657
145,145.0,145.42043103818793,0.16666666666666657,0.16666666666666657,0.16666666666666657,0.16666666666666657,0.16666666666666657,0.16666666666666657
146,146.0,146.41801299717326,0.16666666666666657,0.16666666666666657,0.16666666666666657,0.16666666666666657,0.16666666666666657,0.16666666666666657
147,147.0,147.41565663028834,0.16666666666666657,0.16666666666666657,0.16666666666666657,0.16666666666666657,0.16666666666666657,0.16666666666666657
148,148.0,148.41337933378904,0.16666666666666657,0.16666666666666657,0.16666666666666657,0.16666666666666657,0.16666666666666657,0.16666666666666657
149,149.0,149.41119597360176,0.16666666666666657,0.16666666666666657,0.16666666666666657,0.16666666666666657,0.16666666666666657,0.16666666666666657
150,150.0,150.4091189896972,0.16666666666666657,0.16666666666666657,0.16666666666666657,0.16666666666666657,0.16666666666666657,0.16666666666666657
151,151.0,151.4071585142861,0.16666666666666657,0.16666666666666657,0.16666666666666657,0.16666666666666657,0.16666666666666657,0.16666666666666657
152,152.0,152.40532250127328,0.16666666666666657,0.16666666666666657,0.16666666666666657,0.16666666666666657,0.16666666666666657,0.16666666666666657
153,153.0,153.403616864549,0.16666666666666657,0.16666666666666657,0.16666666666666657,0.16666666666666657,0.16666666666666657,0.16666666666666657
154,154.0,154.40204562285166,0.16666666666666657,0.16666666666666657,0.16666666666666657,0.16666666666666657,0.16666666666666657,0.16666666666666657
155,155.0,155.40061104909555,0.16666666666666657,0.16666666666666657,0.16666666666666657,0.16666666666666657,0.16666666666666657,0.16666666666666657
156,156.0,156.3993138222241,0.16666666666666657,0.16666666666666657,0.16666666666666657,0.16666666666666657,0.16666666666666657,0.16666666666666657
157,157.0,157.39815317981754,0.16666666666666657,0.16666666666666657,0.16666666666666657,0.16666666666666657,0.16666666666666657,0.16666666666666657
158,158.0,158.39712706985347,0.16666666666666657,0.16666666666666657,0.16666666666666657,0.16666666666666657,0.16666666666666657,0.16666666666666657
159,159.0,159.39623230018728,0.16666666666666657,0.16666666666666657,0.16666666666666657,0.16666666666666657,0.16666666666666657,0.16666666666666657
160,160.0,160.3954646844858,0.16666666666666657,0.16666666666666657,0.16666666666666657,0.16666666666666657,0.16666666666666657,0.16666666666666657
161,161.0,161.39481918350964,0.16666666666666657,0.16666666666666657,0.16666666666666657,0.16666666666666657,0.16666666666666657,0.16666666666666657
162,162.0,162.39429004079602,0.16666666666666657,0.16666666666666657,0.16666666666666657,0.16666666666666657,0.16666666666666657,0.16666666666666657
163,163.0,163.39387091194578,0.16666666666666657,0.16666666666666657,0.16666666666666657,0.16666666666666657,0.16666666666666657,0.16666666666666657
164,164.0,164.3935549868611,0.16666666666666657,0.16666666666666657,0.16666666666666657,0.16666666666666657,0.16666666666666657,0.16666666666666657
165,165.0,165.39333510441628,0.16666666666666657,0.16666666666666657,0.16666666666666657,0.16666666666666657,0.16666666666666657,0.16666666666666657
166,166.0,166.39320385917182,0.16666666666666657,0.16666666666666657,0.16666666666666657,0.16666666666666657,0.16666666666666657,0.16666666666666657
167,167.0,167.39315369986008,0.16666666666666657,0.16666666666666657,0.16666666666666657,0.16666666666666657,0.16666666666666657,0.16666666666666657
168,168.0,168.39317701948087,0.16666666666666657,0.16666666666666657,0.16666666666666657,0.16666666666666657,0.16666666666666657,0.16666666666666657
169,169.0,169.39326623694478,0.16666666666666657,0.16666666666666657,0.16666666666666657,0.16666666666666657,0.16666666666666657,0.16666666666666657
170,170.0,170.39341387029285,0.16666666666666657,0.16666666666666657,0.16666666666666657,0.16666666666666657,0.16666666666666657,0.16666666666666657
171,171.0,171.3936126016032,0.16666666666666657,0.16666666666666657,0.16666666666666657,0.16666666666666657,0.16666666666666657,0.16666666666666657
172,172.0,172.39385533376648,0.16666666666666657,0.16666666666666657,0.16666666666666657,0.16666666666666657,0.16666666666666657,0.16666666666666657
173,173.0,173.39413523937577,0.16666666666666657,0.16666666666666657,0.16666666666666657,0.16666666666666657,0.16666666666666657,0.16666666666666657
174,174.0,174.39444580203036,0.16666666666666657,0.16666666666666657,0.16666666666666657,0.16666666666666657,0.16666666666666657,0.16666666666666657
175,175.0,175.4047808503992,0.16666666666666657,0.16666666666666657,0.16666666666666657,0.16666666666666657,0.16666666666666657,0.16666666666666657
176,176.0,176.41503458542715,0.16666666666666657,0.16666666666666657,0.16666666666666657,0.16666666666666657,0.16666666666666657,0.16666666666666657
177,177.0,177.42511260109805,0.16666666666666657,0.16666666666666657,0.16666666666666657,0.16666666666666657,0.16666666666666657,0.16666666666666657
178,178.0,178.43493168919088,0.16666666666666657,0.16666666666666657,0.16666666666666657,0.16666666666666657,0.16666666666666657,0.16666666666666657
179,179.0,179.4444195515825,0.16666666666666657,0.16666666666666657,0.16666666666666657,0.16666666666666657,0.16666666666666657,0.16666666666666657
180,180.0,180.45351443221915,0.16666666666666657,0.16666666666666657,0.16666666666666657,0.16666666666666657,0.16666666666666657,0.16666666666666657
181,181.0,181.46216468046995,0.16666666666666657,0.16666666666666657,0.16666666666666657,0.16666666666666657,0.16666666666666657,0.16666666666666657
182,182.0,182.47032825709096,0.16666666666666657,0.16666666666666657,0.16666666666666657,0.16666666666666657,0.16666666666666657,0.16666666666666657
183,183.0,183.47797219347896,0.16666666666666657,0.16666666666666657,0.16666666666666657,0.16666666666666657,0.16666666666666657,0.16666666666666657
184,184.0,184.48507201429337,0.16666666666666657,0.16666666666666657,0.16666666666666657,0.16666666666666657,0.16666666666666657,0.16666666666666657
185,185.0,185.4916111328834,0.16666666666666657,0.16666666666666657,0.16666666666666657,0.16666666666666657,0.16666666666666657,0.16666666666666657
186,186.0,186.4975802282856,0.16666666666666657,0.16666666666666657,0.16666666666666657,0.16666666666666657,0.16666666666666657,0.16666666666666657
187,187.0,187.50297661186474,0.16666666666666657,0.16666666666666657,0.16666666666666657,0.16666666666666657,0.16666666666666657,0.16666666666666657
188,188.0,188.50780359096728,0.16666666666666657,0.16666666666666657,0.16666666666666657,0.16666666666666657,0.16666666666666657,0.16666666666666657
189,189.0,189.5120698362499,0.16666666666666657,0.16666666666666657,0.16666666666666657,0.16666666666666657,0.16666666666666657,0.16666666666666657
190,190.0,190.51578875864178,0.16666666666666657,0.16666666666666657,0.16666666666666657,0.16666666666666657,0.16666666666666657,0.16666666666666657
191,191.0,191.51897790120805,0.16666666666666657,0.16666666666666657,0.16666666666666657,0.16666666666666657,0.16666666666666657,0.16666666666666657
192,192.0,192.52165835050562,0.16666666666666657,0.16666666666666657,0.16666666666666657,0.16666666666666657,0.16666666666666657,0.16666666666666657
193,193.0,193.52385417136838,0.16666666666666657,0.16666666666666657,0.16666666666666657,0.16666666666666657,0.16666666666666657,0.16666666666666657
194,194.0,194.5255918684312,0.16666666666666657,0.16666666666666657,0.16666666666666657,0.16666666666666657,0.16666666666666657,0.16666666666666657
195,195.0,195.52689987710343,0.16666666666666657,0.16666666666666657,0.16666666666666657,0.16666666666666657,0.16666666666666657,0.16666666666666657
196,196.0,196.52780808613738,0.16666666666666657,0.16666666666666657,0.16666666666666657,0.16666666666666657,0.16666666666666657,0.16666666666666657
197,197.0,197.52834739340656,0.16831148379761218,0.1686284820920977,0.1652999999999999,0.16716003411028985,0.1652999999999999,0.1652999999999999
198,198.0,198.52854929601475,0.17123853983026258,0.169737559354171,0.1639469999999999,0.16718290081556614,0.1639469999999999,0.1639469999999999
199,199.0,199.52844551540198,0.1734629521751198,0.1704464954964403,0.16172460208999373,0.16736878020549031,0.16339369041420845,0.16360347961874686
200,200.0,200.52806765769648,0.17277845410936649,0.16859145036996728,0.15644535920312225,0.16780218198590396,0.1674876003137871,0.16689495401785248
201,201.0,201.52744690918456,0.1735908146140372,0.16666881851265866,0.15127616865431717,0.16673651852376867,0.17145134171000848,0.17027633798520944
202,202.0,202.52661376643198,0.17381263628571442,0.1655597299766912,0.14631356025961526,0.1656308918892918,0.17508875151809067,0.17359443007059633
203,203.0,203.52559780029034,0.17457793659099413,0.16409266735026254,0.14160131239979504,0.1645145744334197,0.17833818806002566,0.17687532116550267
204,204.0,204.52442745276,0.17495408787135458,0.16257294260978733,0.13692635955882876,0.16341806731274455,0.18205017456129588,0.18007836808598876
205,205.0,205.52312986545508,0.1755101929973405,0.1608645557250226,0.13268852736420628,0.16238185589356507,0.1858360494571587,0.18271881856270675
206,206.0,206.5217307382261,0.1758961855373493,0.15926330607353098,0.12877855617524084,0.1613250020579441,0.18944618331310503,0.18529076684282972
207,207.0,207.52025421633772,0.17597160404186196,0.1580186453331376,0.12511405546395102,0.1603880938635908,0.1928659498006955,0.18764165149676315
208,208.0,208.5187228044748,0.175943704436691,0.1567855535083327,0.12179619476116076,0.15948738260068354,0.19603848978262936,0.1899486749105027
209,209.0,209.51715730575347,0.17617436578484708,0.15524117288173078,0.11883874710468448,0.15878328398248312,0.1989691690704082,0.19199326117584642
210,210.0,210.5155767838467,0.1758976918001232,0.15400478906719944,0.11606193309999192,0.1582903744426236,0.20179334622127754,0.19395186536878434
211,211.0,211.51399854629216,0.17530317642233784,0.15253446831107303,0.11369819757529685,0.15757901797366838,0.20504706843143938,0.19583807128618452
212,212.0,212.51243814703014,0.17467297636997334,0.15131570681881662,0.11158231532986541,0.15697548933487426,0.20801521354900676,0.19743829859746365
213,213.0,213.51090940622402,0.17378788822049787,0.15073307273995237,0.10959028118419699,0.15625493771003973,0.2103396292436692,0.19929419090164385
214,214.0,214.5094244454363,0.17294827440661475,0.15042314497307602,0.10782265985869031,0.15547537683697066,0.2122468991069947,0.2010836448176536
215,215.0,215.507993736273,0.17189531471900968,0.15003409898995054,0.1062298599710438,0.15470616695473596,0.21432341805520524,0.20281114131005484
216,216.0,216.50662616066327,0.17081429480964067,0.14969309743101478,0.1050438872385845,0.15399014427728322,0.21619535981102703,0.20426321643244993
217,217.0,217.5053290810079,0.16975624848412144,0.14943651625144166,0.10408332572586063,0.15337569907843945,0.21779999860506682,0.20554821185507013
218,218.0,218.50410841850794,0.16903861603583026,0.1493135856566645,0.10311974831663127,0.1528722938379724,0.2189523465091051,0.20670340964379658
219,219.0,219.50296873807292,0.16820795368469887,0.14908005370615376,0.10242524073350351,0.15257408893382685,0.21984912168118217,0.20786354126063494
220,220.0,220.50191333830068,0.1673278629926513,0.14903241573040094,0.10181423241927517,0.1522590204550531,0.22037399162734414,0.20919247677527547
221,221.0,221.50094434512266,0.1664455952400782,0.14937378801822593,0.101492076735082,0.15180550773957327,0.2205658751106187,0.21031715715642205
222,222.0,222.50006280781122,0.16578958969088747,0.14978885526584498,0.1012306945011457,0.15128045258370248,0.22067553384620467,0.21123487411221484
223,223.0,223.49926879615282,0.16540567388294783,0.1503141673757873,0.10115213671260631,0.15080002847924892,0.22040716245067773,0.2119208310987321
224,224.0,224.49856149769874,0.16503464550456448,0.15095792013083167,0.10123694689858954,0.15039623209120348,0.219945707397595,0.21242854797721605
225,225.0,225.49793931411307,0.16419589795014478,0.1514876949494973,0.10154241469394104,0.15023479566136513,0.2193246606245816,0.2132145361204704
226,226.0,226.4973999557448,0.1635585068959392,0.151946285863511,0.10190185663928408,0.14999416599841522,0.2185278646170928,0.21407131998575796
227,227.0,227.49694053365593,0.1627478983440688,0.15258704493970582,0.10229088023797119,0.14986998280465397,0.217681251834751,0.21482294183884956
228,228.0,228.4965576484394,0.1617516961421512,0.1537058933156675,0.10229129828041372,0.14982231376272362,0.21644374502177297,0.21598505347727132
229,229.0,229.49624747526013,0.16110791008686587,0.15458449618850076,0.10236787082254878,0.14963414467872949,0.2153518188329623,0.21695375939039313
230,230.0,230.4960058446462,0.16033358077594212,0.15567466710404382,0.10255513875958866,0.1493051214516486,0.21402766816074933,0.21810382374802778
231,231.0,231.4958283186472,0.1598976655380224,0.1564011327772246,0.10274368862712997,0.14936230482724627,0.21255546723435007,0.21903974099602708
232,232.0,232.4957102620616,0.15956824568183187,0.1569192149313328,0.10311892105287947,0.14946167692274445,0.21091064360436557,0.2200212978068462
233,233.0,233.49564690851395,0.15942149608876163,0.1573564725805609,0.10332725926624009,0.1497462464923329,0.2092377845199921,0.22091074105211278
234,234.0,234.49563342123594,0.15938080372857102,0.1576305377316366,0.10355835423819842,0.15019964507614453,0.20755532996975262,0.22167532925569725
235,235.0,235.49566494847338,0.15916715477569973,0.15791312446109573,0.10367885334015765,0.15078015361997718,0.20594054408636808,0.22252016971670208
236,236.0,236.49573667350234,0.15898214084389367,0.15858864952312346,0.10397627477626935,0.15081896223758418,0.20414611709779876,0.22348785552133107
237,237.0,237.4958438592934,0.15890564860849998,0.15898969297153306,0.10432361935886424,0.15096506448792227,0.20220618200638701,0.22460979256679392
238,238.0,238.4959818879124,0.15891091399010704,0.15908411860445945,0.104660319996662,0.15115012920627116,0.20014034177602374,0.22605417642647707
239,239.0,239.49614629479038,0.15903389899644158,0.15917931942338326,0.1050310916988195,0.15104269286748923,0.19815938695308283,0.2275536100607841
240,240.0,240.49633279803265,0.15908879785460753,0.15928892956148333,0.10539852820933697,0.15097595150756526,0.19622523879818884,0.2290225540688185
241,241.0,241.49653732297037,0.1590427572081032,0.15938491803344626,0.10542979589474713,0.15091576607468488,0.19467964358266854,0.23054711920635035
242,242.0,242.49675602218463,0.15898354264138376,0.15969778750543165,0.10543106606756072,0.15097268382536116,0.19291103891942735,0.23200388104083566
243,243.0,243.49698529125558,0.15904521450501521,0.1601089111329143,0.10542659237563606,0.15093640067318018,0.1913609523345489,0.23312192897870562
244,244.0,244.4972217805069,0.15898179389548783,0.160423290296342,0.10570702130857978,0.15092146441435564,0.1896999968916663,0.2342664331935687
245,245.0,245.497462403028,0.15896506128288562,0.16064674126336512,0.10608078469344326,0.15087085843579257,0.1880816887745925,0.2353548655499212
246,246.0,246.49770433926673,0.15896685509793354,0.16083867054994214,0.10647970189645581,0.15082669448755173,0.18632252074824898,0.23656555721986802
247,247.0,247.49794503848892,0.1591138901077618,0.16124023986320185,0.1068330322434331,0.15076518924992294,0.1848094931079654,0.23723815542771515
248,248.0,248.49818221740398,0.15901998514686955,0.16196869966133487,0.10710128655199727,0.15097927201970276,0.18313698488226862,0.23779377173782715
249,249.0,249.49841385625353,0.1587866115206355,0.1627793538224476,0.10739573786817547,0.15098222686125742,0.18159224167535293,0.23846382825213128
250,250.0,250.4986381926556,0.15841581297472263,0.1635276121556218,0.10763799501610818,0.15111913798669352,0.18031884220065159,0.2389805996662025
251,251.0,251.4988537134909,0.1580697845748191,0.1647005957757837,0.10756488166544166,0.15119940436983673,0.17917528312649394,0.2392900504876251
252,252.0,252.49905914510774,0.15753534163215668,0.16568186822213443,0.10769625979156136,0.1514219016618309,0.1782997651799233,0.23936486351239353
253,253.0,253.49925344211184,0.15673509793177548,0.16667110675841243,0.10786262268957693,0.15180830282591445,0.17772311852391068,0.23919975127041018
254,254.0,254.49943577499442,0.15596437357036796,0.16746043845757946,0.10802713007897723,0.15219379936503144,0.17710190086593405,0.23925235766211
255,255.0,255.49960551683878,0.15536345673478957,0.16815513611986677,0.10813481140389662,0.15268629446029344,0.1764093525647881,0.23925094871636562
256,256.0,256.4997622293303,0.15469720641745582,0.16854924895082565,0.1081449798531802,0.15345612783399962,0.17598965248832601,0.2391627844562128
257,257.0,257.4999056482794,0.15400942692861352,0.16902442869761167,0.10818779770218259,0.15409711626024095,0.17561025653744367,0.23907097387390772
258,258.0,258.5000356688508,0.1536223510439969,0.1694430489204548,0.10783176789885579,0.15467587033418365,0.17531762958877803,0.23910933221373093
259,259.0,259.50015233067654,0.15313280998513898,0.16995221366609442,0.10734089244137932,0.15535734818458988,0.17489437737751856,0.23932235834527896
260,260.0,260.500255803013,0.15279162193349652,0.1702956978784229,0.10689454065233274,0.15579833560105052,0.17464939263365833,0.23957041130103907
261,261.0,261.5003463700856,0.1525136394722938,0.17046398465039522,0.10648900090196049,0.15616513988102454,0.1745846572721295,0.23978357782219656
262,262.0,262.5004244167501,0.15225673813096327,0.17067740757165345,0.1060254851877096,0.15655688647856453,0.1744721273677823,0.24001135526332695
263,263.0,263.50049041458067,0.1519164152955693,0.17093147903693054,0.10550354842425755,0.15698996558667588,0.17426460857905646,0.24039398307751042
264,264.0,264.50054490848237,0.15161361409133134,0.17120165236101242,0.10508560924066021,0.1574421356064365,0.17396762799492477,0.24068936070563493
265,265.0,265.50058850390906,0.1512047269398209,0.17157269221032578,0.10475784994058071,0.1578364037565816,0.17354891741052053,0.2410794097421706
266,266.0,266.500621854754,0.1507351100984519,0.17184501503528596,0.10454672723399801,0.15817962203656866,0.17321225630136147,0.24148126929433414
267,267.0,267.5006456519669,0.15024103946190795,0.17203279995088483,0.10436974299801043,0.1585483734275403,0.17307835971915267,0.24172968444250395
268,268.0,268.5006606129389,0.14976404073589006,0.17219109270035396,0.10428919560956275,0.15866985383299326,0.17287721064328754,0.2422086064779126
269,269.0,269.5006674716842,0.14951674942940213,0.17222336642213373,0.10428334079727117,0.15875192606081368,0.1727791147716269,0.24244550251875255
