Total_iterations,Unnamed: 0.1,Intertwine_two,Invert_path_vertices,Insert_inside_vertex,Delete_inside_vertex,MSC_add_terminal,MSC_del_terminal
0,0.0,0.1666666666666665,0.1666666666666665,0.1666666666666665,0.1666666666666665,0.1666666666666665,0.1666666666666665
1,1.0,0.1666666666666665,0.1666666666666665,0.1666666666666665,0.1666666666666665,0.1666666666666665,0.1666666666666665
2,2.0,0.1666666666666665,0.1666666666666665,0.1666666666666665,0.1666666666666665,0.1666666666666665,0.1666666666666665
3,3.0,0.1666666666666665,0.1666666666666665,0.1666666666666665,0.1666666666666665,0.1666666666666665,0.1666666666666665
4,4.0,0.1666666666666665,0.1666666666666665,0.1666666666666665,0.1666666666666665,0.1666666666666665,0.1666666666666665
5,5.0,0.1666666666666665,0.1666666666666665,0.1666666666666665,0.1666666666666665,0.1666666666666665,0.1666666666666665
6,6.0,0.1666666666666665,0.1666666666666665,0.1666666666666665,0.1666666666666665,0.1666666666666665,0.1666666666666665
7,7.0,0.1666666666666665,0.1666666666666665,0.1666666666666665,0.1666666666666665,0.1666666666666665,0.1666666666666665
8,8.0,0.1666666666666665,0.1666666666666665,0.1666666666666665,0.1666666666666665,0.1666666666666665,0.1666666666666665
9,9.0,0.1666666666666665,0.1666666666666665,0.1666666666666665,0.1666666666666665,0.1666666666666665,0.1666666666666665
10,10.0,0.1666666666666665,0.1666666666666665,0.1666666666666665,0.1666666666666665,0.1666666666666665,0.1666666666666665
11,11.0,0.1666666666666665,0.1666666666666665,0.1666666666666665,0.1666666666666665,0.1666666666666665,0.1666666666666665
12,12.0,0.1666666666666665,0.1666666666666665,0.1666666666666665,0.1666666666666665,0.1666666666666665,0.1666666666666665
13,13.0,0.1666666666666665,0.1666666666666665,0.1666666666666665,0.1666666666666665,0.1666666666666665,0.1666666666666665
14,14.0,0.1666666666666665,0.1666666666666665,0.1666666666666665,0.1666666666666665,0.1666666666666665,0.1666666666666665
15,15.0,0.1666666666666665,0.1666666666666665,0.1666666666666665,0.1666666666666665,0.1666666666666665,0.1666666666666665
16,16.0,0.1666666666666665,0.1666666666666665,0.1666666666666665,0.1666666666666665,0.1666666666666665,0.1666666666666665
17,17.0,0.1666666666666665,0.1666666666666665,0.1666666666666665,0.1666666666666665,0.1666666666666665,0.1666666666666665
18,18.0,0.1666666666666665,0.1666666666666665,0.1666666666666665,0.1666666666666665,0.1666666666666665,0.1666666666666665
19,19.0,0.1666666666666665,0.1666666666666665,0.1666666666666665,0.1666666666666665,0.1666666666666665,0.1666666666666665
20,20.0,0.1666666666666665,0.1666666666666665,0.1666666666666665,0.1666666666666665,0.1666666666666665,0.1666666666666665
21,21.0,0.1666666666666665,0.1666666666666665,0.1666666666666665,0.1666666666666665,0.1666666666666665,0.1666666666666665
22,22.0,0.1666666666666665,0.1666666666666665,0.1666666666666665,0.1666666666666665,0.1666666666666665,0.1666666666666665
23,23.0,0.1666666666666665,0.1666666666666665,0.1666666666666665,0.1666666666666665,0.1666666666666665,0.1666666666666665
24,24.0,0.1666666666666665,0.1666666666666665,0.1666666666666665,0.1666666666666665,0.1666666666666665,0.1666666666666665
25,25.0,0.1666666666666665,0.1666666666666665,0.1666666666666665,0.1666666666666665,0.1666666666666665,0.1666666666666665
26,26.0,0.1666666666666665,0.1666666666666665,0.1666666666666665,0.1666666666666665,0.1666666666666665,0.1666666666666665
27,27.0,0.1666666666666665,0.1666666666666665,0.1666666666666665,0.1666666666666665,0.1666666666666665,0.1666666666666665
28,28.0,0.1666666666666665,0.1666666666666665,0.1666666666666665,0.1666666666666665,0.1666666666666665,0.1666666666666665
29,29.0,0.1666666666666665,0.1666666666666665,0.1666666666666665,0.1666666666666665,0.1666666666666665,0.1666666666666665
30,30.0,0.1666666666666665,0.1666666666666665,0.1666666666666665,0.1666666666666665,0.1666666666666665,0.1666666666666665
31,31.0,0.1666666666666665,0.1666666666666665,0.1666666666666665,0.1666666666666665,0.1666666666666665,0.1666666666666665
32,32.0,0.1666666666666665,0.1666666666666665,0.1666666666666665,0.1666666666666665,0.1666666666666665,0.1666666666666665
33,33.0,0.1666666666666665,0.1666666666666665,0.1666666666666665,0.1666666666666665,0.1666666666666665,0.1666666666666665
34,34.0,0.1666666666666665,0.1666666666666665,0.1666666666666665,0.1666666666666665,0.1666666666666665,0.1666666666666665
35,35.0,0.1666666666666665,0.1666666666666665,0.1666666666666665,0.1666666666666665,0.1666666666666665,0.1666666666666665
36,36.0,0.1666666666666665,0.1666666666666665,0.1666666666666665,0.1666666666666665,0.1666666666666665,0.1666666666666665
37,37.0,0.1666666666666665,0.1666666666666665,0.1666666666666665,0.1666666666666665,0.1666666666666665,0.1666666666666665
38,38.0,0.1666666666666665,0.1666666666666665,0.1666666666666665,0.1666666666666665,0.1666666666666665,0.1666666666666665
39,39.0,0.1666666666666665,0.1666666666666665,0.1666666666666665,0.1666666666666665,0.1666666666666665,0.1666666666666665
40,40.0,0.1666666666666665,0.1666666666666665,0.1666666666666665,0.1666666666666665,0.1666666666666665,0.1666666666666665
41,41.0,0.1666666666666665,0.1666666666666665,0.1666666666666665,0.1666666666666665,0.1666666666666665,0.1666666666666665
42,42.0,0.1666666666666665,0.1666666666666665,0.1666666666666665,0.1666666666666665,0.1666666666666665,0.1666666666666665
43,43.0,0.1666666666666665,0.1666666666666665,0.1666666666666665,0.1666666666666665,0.1666666666666665,0.1666666666666665
44,44.0,0.1666666666666665,0.1666666666666665,0.1666666666666665,0.1666666666666665,0.1666666666666665,0.1666666666666665
45,45.0,0.1666666666666665,0.1666666666666665,0.1666666666666665,0.1666666666666665,0.1666666666666665,0.1666666666666665
46,46.0,0.1666666666666665,0.1666666666666665,0.1666666666666665,0.1666666666666665,0.1666666666666665,0.1666666666666665
47,47.0,0.1666666666666665,0.1666666666666665,0.1666666666666665,0.1666666666666665,0.1666666666666665,0.1666666666666665
48,48.0,0.1666666666666665,0.1666666666666665,0.1666666666666665,0.1666666666666665,0.1666666666666665,0.1666666666666665
49,49.0,0.1666666666666665,0.1666666666666665,0.1666666666666665,0.1666666666666665,0.1666666666666665,0.1666666666666665
50,50.0,0.1666666666666665,0.1666666666666665,0.1666666666666665,0.1666666666666665,0.1666666666666665,0.1666666666666665
51,51.0,0.1666666666666665,0.1666666666666665,0.1666666666666665,0.1666666666666665,0.1666666666666665,0.1666666666666665
52,52.0,0.1666666666666665,0.1666666666666665,0.1666666666666665,0.1666666666666665,0.1666666666666665,0.1666666666666665
53,53.0,0.1666666666666665,0.1666666666666665,0.1666666666666665,0.1666666666666665,0.1666666666666665,0.1666666666666665
54,54.0,0.1666666666666665,0.1666666666666665,0.1666666666666665,0.1666666666666665,0.1666666666666665,0.1666666666666665
55,55.0,0.1666666666666665,0.1666666666666665,0.1666666666666665,0.1666666666666665,0.1666666666666665,0.1666666666666665
56,56.0,0.1666666666666665,0.1666666666666665,0.1666666666666665,0.1666666666666665,0.1666666666666665,0.1666666666666665
57,57.0,0.1666666666666665,0.1666666666666665,0.1666666666666665,0.1666666666666665,0.1666666666666665,0.1666666666666665
58,58.0,0.1666666666666665,0.1666666666666665,0.1666666666666665,0.1666666666666665,0.1666666666666665,0.1666666666666665
59,59.0,0.1666666666666665,0.1666666666666665,0.1666666666666665,0.1666666666666665,0.1666666666666665,0.1666666666666665
60,60.0,0.1666666666666665,0.1666666666666665,0.1666666666666665,0.1666666666666665,0.1666666666666665,0.1666666666666665
61,61.0,0.1666666666666665,0.1666666666666665,0.1666666666666665,0.1666666666666665,0.1666666666666665,0.1666666666666665
62,62.0,0.1666666666666665,0.1666666666666665,0.1666666666666665,0.1666666666666665,0.1666666666666665,0.1666666666666665
63,63.0,0.1666666666666665,0.1666666666666665,0.1666666666666665,0.1666666666666665,0.1666666666666665,0.1666666666666665
64,64.0,0.1666666666666665,0.1666666666666665,0.1666666666666665,0.1666666666666665,0.1666666666666665,0.1666666666666665
65,65.0,0.1666666666666665,0.1666666666666665,0.1666666666666665,0.1666666666666665,0.1666666666666665,0.1666666666666665
66,66.0,0.1666666666666665,0.1666666666666665,0.1666666666666665,0.1666666666666665,0.1666666666666665,0.1666666666666665
67,67.0,0.1666666666666665,0.1666666666666665,0.1666666666666665,0.1666666666666665,0.1666666666666665,0.1666666666666665
68,68.0,0.1666666666666665,0.1666666666666665,0.1666666666666665,0.1666666666666665,0.1666666666666665,0.1666666666666665
69,69.0,0.1666666666666665,0.1666666666666665,0.1666666666666665,0.1666666666666665,0.1666666666666665,0.1666666666666665
70,70.0,0.1666666666666665,0.1666666666666665,0.1666666666666665,0.1666666666666665,0.1666666666666665,0.1666666666666665
71,71.0,0.1666666666666665,0.1666666666666665,0.1666666666666665,0.1666666666666665,0.1666666666666665,0.1666666666666665
72,72.0,0.1666666666666665,0.1666666666666665,0.1666666666666665,0.1666666666666665,0.1666666666666665,0.1666666666666665
73,73.0,0.1666666666666665,0.1666666666666665,0.1666666666666665,0.1666666666666665,0.1666666666666665,0.1666666666666665
74,74.0,0.1666666666666665,0.1666666666666665,0.1666666666666665,0.1666666666666665,0.1666666666666665,0.1666666666666665
75,75.0,0.1666666666666665,0.1666666666666665,0.1666666666666665,0.1666666666666665,0.1666666666666665,0.1666666666666665
76,76.0,0.1666666666666665,0.1666666666666665,0.1666666666666665,0.1666666666666665,0.1666666666666665,0.1666666666666665
77,77.0,0.1666666666666665,0.1666666666666665,0.1666666666666665,0.1666666666666665,0.1666666666666665,0.1666666666666665
78,78.0,0.1666666666666665,0.1666666666666665,0.1666666666666665,0.1666666666666665,0.1666666666666665,0.1666666666666665
79,79.0,0.1666666666666665,0.1666666666666665,0.1666666666666665,0.1666666666666665,0.1666666666666665,0.1666666666666665
80,80.0,0.1666666666666665,0.1666666666666665,0.1666666666666665,0.1666666666666665,0.1666666666666665,0.1666666666666665
81,81.0,0.1666666666666665,0.1666666666666665,0.1666666666666665,0.1666666666666665,0.1666666666666665,0.1666666666666665
82,82.0,0.1666666666666665,0.1666666666666665,0.1666666666666665,0.1666666666666665,0.1666666666666665,0.1666666666666665
83,83.0,0.1666666666666665,0.1666666666666665,0.1666666666666665,0.1666666666666665,0.1666666666666665,0.1666666666666665
84,84.0,0.1666666666666665,0.1666666666666665,0.1666666666666665,0.1666666666666665,0.1666666666666665,0.1666666666666665
85,85.0,0.1666666666666665,0.1666666666666665,0.1666666666666665,0.1666666666666665,0.1666666666666665,0.1666666666666665
86,86.0,0.1666666666666665,0.1666666666666665,0.1666666666666665,0.1666666666666665,0.1666666666666665,0.1666666666666665
87,87.0,0.1666666666666665,0.1666666666666665,0.1666666666666665,0.1666666666666665,0.1666666666666665,0.1666666666666665
88,88.0,0.1666666666666665,0.1666666666666665,0.1666666666666665,0.1666666666666665,0.1666666666666665,0.1666666666666665
89,89.0,0.1666666666666665,0.1666666666666665,0.1666666666666665,0.1666666666666665,0.1666666666666665,0.1666666666666665
90,90.0,0.1666666666666665,0.1666666666666665,0.1666666666666665,0.1666666666666665,0.1666666666666665,0.1666666666666665
91,91.0,0.1666666666666665,0.1666666666666665,0.1666666666666665,0.1666666666666665,0.1666666666666665,0.1666666666666665
92,92.0,0.1666666666666665,0.1666666666666665,0.1666666666666665,0.1666666666666665,0.1666666666666665,0.1666666666666665
93,93.0,0.1666666666666665,0.1666666666666665,0.1666666666666665,0.1666666666666665,0.1666666666666665,0.1666666666666665
94,94.0,0.1666666666666665,0.1666666666666665,0.1666666666666665,0.1666666666666665,0.1666666666666665,0.1666666666666665
95,95.0,0.1666666666666665,0.1666666666666665,0.1666666666666665,0.1666666666666665,0.1666666666666665,0.1666666666666665
96,96.0,0.1666666666666665,0.1666666666666665,0.1666666666666665,0.1666666666666665,0.1666666666666665,0.1666666666666665
97,97.0,0.1666666666666665,0.1666666666666665,0.1666666666666665,0.1666666666666665,0.1666666666666665,0.1666666666666665
98,98.0,0.1666666666666665,0.1666666666666665,0.1666666666666665,0.1666666666666665,0.1666666666666665,0.1666666666666665
99,99.0,0.1666666666666665,0.1666666666666665,0.1666666666666665,0.1666666666666665,0.1666666666666665,0.1666666666666665
100,100.0,0.1666666666666665,0.1666666666666665,0.1666666666666665,0.1666666666666665,0.1666666666666665,0.1666666666666665
101,101.0,0.1666666666666665,0.1666666666666665,0.1666666666666665,0.1666666666666665,0.1666666666666665,0.1666666666666665
102,102.0,0.1666666666666665,0.1666666666666665,0.1666666666666665,0.1666666666666665,0.1666666666666665,0.1666666666666665
103,103.0,0.1666666666666665,0.1666666666666665,0.1666666666666665,0.1666666666666665,0.1666666666666665,0.1666666666666665
104,104.0,0.1666666666666665,0.1666666666666665,0.1666666666666665,0.1666666666666665,0.1666666666666665,0.1666666666666665
105,105.0,0.1666666666666665,0.1666666666666665,0.1666666666666665,0.1666666666666665,0.1666666666666665,0.1666666666666665
106,106.0,0.1666666666666665,0.1666666666666665,0.1666666666666665,0.1666666666666665,0.1666666666666665,0.1666666666666665
107,107.0,0.1666666666666665,0.1666666666666665,0.1666666666666665,0.1666666666666665,0.1666666666666665,0.1666666666666665
108,108.0,0.1666666666666665,0.1666666666666665,0.1666666666666665,0.1666666666666665,0.1666666666666665,0.1666666666666665
109,109.0,0.1666666666666665,0.1666666666666665,0.1666666666666665,0.1666666666666665,0.1666666666666665,0.1666666666666665
110,110.0,0.1666666666666665,0.1666666666666665,0.1666666666666665,0.1666666666666665,0.1666666666666665,0.1666666666666665
111,111.0,0.1666666666666665,0.1666666666666665,0.1666666666666665,0.1666666666666665,0.1666666666666665,0.1666666666666665
112,112.0,0.1666666666666665,0.1666666666666665,0.1666666666666665,0.1666666666666665,0.1666666666666665,0.1666666666666665
113,113.0,0.1666666666666665,0.1666666666666665,0.1666666666666665,0.1666666666666665,0.1666666666666665,0.1666666666666665
114,114.0,0.1666666666666665,0.1666666666666665,0.1666666666666665,0.1666666666666665,0.1666666666666665,0.1666666666666665
115,115.0,0.1666666666666665,0.1666666666666665,0.1666666666666665,0.1666666666666665,0.1666666666666665,0.1666666666666665
116,116.0,0.1666666666666665,0.1666666666666665,0.1666666666666665,0.1666666666666665,0.1666666666666665,0.1666666666666665
117,117.0,0.1666666666666665,0.1666666666666665,0.1666666666666665,0.1666666666666665,0.1666666666666665,0.1666666666666665
118,118.0,0.1666666666666665,0.1666666666666665,0.1666666666666665,0.1666666666666665,0.1666666666666665,0.1666666666666665
119,119.0,0.1666666666666665,0.1666666666666665,0.1666666666666665,0.1666666666666665,0.1666666666666665,0.1666666666666665
120,120.0,0.1666666666666665,0.1666666666666665,0.1666666666666665,0.1666666666666665,0.1666666666666665,0.1666666666666665
121,121.0,0.1666666666666665,0.1666666666666665,0.1666666666666665,0.1666666666666665,0.1666666666666665,0.1666666666666665
122,122.0,0.1666666666666665,0.1666666666666665,0.1666666666666665,0.1666666666666665,0.1666666666666665,0.1666666666666665
123,123.0,0.1666666666666665,0.1666666666666665,0.1666666666666665,0.1666666666666665,0.1666666666666665,0.1666666666666665
124,124.0,0.1666666666666665,0.1666666666666665,0.1666666666666665,0.1666666666666665,0.1666666666666665,0.1666666666666665
125,125.0,0.1666666666666665,0.1666666666666665,0.1666666666666665,0.1666666666666665,0.1666666666666665,0.1666666666666665
126,126.0,0.1666666666666665,0.1666666666666665,0.1666666666666665,0.1666666666666665,0.1666666666666665,0.1666666666666665
127,127.0,0.1666666666666665,0.1666666666666665,0.1666666666666665,0.1666666666666665,0.1666666666666665,0.1666666666666665
128,128.0,0.1666666666666665,0.1666666666666665,0.1666666666666665,0.1666666666666665,0.1666666666666665,0.1666666666666665
129,129.0,0.1666666666666665,0.1666666666666665,0.1666666666666665,0.1666666666666665,0.1666666666666665,0.1666666666666665
130,130.0,0.1666666666666665,0.1666666666666665,0.1666666666666665,0.1666666666666665,0.1666666666666665,0.1666666666666665
131,131.0,0.1666666666666665,0.1666666666666665,0.1666666666666665,0.1666666666666665,0.1666666666666665,0.1666666666666665
132,132.0,0.1666666666666665,0.1666666666666665,0.1666666666666665,0.1666666666666665,0.1666666666666665,0.1666666666666665
133,133.0,0.1666666666666665,0.1666666666666665,0.1666666666666665,0.1666666666666665,0.1666666666666665,0.1666666666666665
134,134.0,0.1666666666666665,0.1666666666666665,0.1666666666666665,0.1666666666666665,0.1666666666666665,0.1666666666666665
135,135.0,0.1666666666666665,0.1666666666666665,0.1666666666666665,0.1666666666666665,0.1666666666666665,0.1666666666666665
136,136.0,0.1666666666666665,0.1666666666666665,0.1666666666666665,0.1666666666666665,0.1666666666666665,0.1666666666666665
137,137.0,0.1666666666666665,0.1666666666666665,0.1666666666666665,0.1666666666666665,0.1666666666666665,0.1666666666666665
138,138.0,0.1666666666666665,0.1666666666666665,0.1666666666666665,0.1666666666666665,0.1666666666666665,0.1666666666666665
139,139.0,0.1666666666666665,0.1666666666666665,0.1666666666666665,0.1666666666666665,0.1666666666666665,0.1666666666666665
140,140.0,0.1666666666666665,0.1666666666666665,0.1666666666666665,0.1666666666666665,0.1666666666666665,0.1666666666666665
141,141.0,0.1666666666666665,0.1666666666666665,0.1666666666666665,0.1666666666666665,0.1666666666666665,0.1666666666666665
142,142.0,0.1666666666666665,0.1666666666666665,0.1666666666666665,0.1666666666666665,0.1666666666666665,0.1666666666666665
143,143.0,0.1666666666666665,0.1666666666666665,0.1666666666666665,0.1666666666666665,0.1666666666666665,0.1666666666666665
144,144.0,0.1666666666666665,0.1666666666666665,0.1666666666666665,0.1666666666666665,0.1666666666666665,0.1666666666666665
145,145.0,0.1666666666666665,0.1666666666666665,0.1666666666666665,0.1666666666666665,0.1666666666666665,0.1666666666666665
146,146.0,0.1666666666666665,0.1666666666666665,0.1666666666666665,0.1666666666666665,0.1666666666666665,0.1666666666666665
147,147.0,0.1666666666666665,0.1666666666666665,0.1666666666666665,0.1666666666666665,0.1666666666666665,0.1666666666666665
148,148.0,0.1666666666666665,0.1666666666666665,0.1666666666666665,0.1666666666666665,0.1666666666666665,0.1666666666666665
149,149.0,0.1666666666666665,0.1666666666666665,0.1666666666666665,0.1666666666666665,0.1666666666666665,0.1666666666666665
150,150.0,0.1666666666666665,0.1666666666666665,0.1666666666666665,0.1666666666666665,0.1666666666666665,0.1666666666666665
151,151.0,0.1666666666666665,0.1666666666666665,0.1666666666666665,0.1666666666666665,0.1666666666666665,0.1666666666666665
152,152.0,0.1666666666666665,0.1666666666666665,0.1666666666666665,0.1666666666666665,0.1666666666666665,0.1666666666666665
153,153.0,0.1666666666666665,0.1666666666666665,0.1666666666666665,0.1666666666666665,0.1666666666666665,0.1666666666666665
154,154.0,0.1666666666666665,0.1666666666666665,0.1666666666666665,0.1666666666666665,0.1666666666666665,0.1666666666666665
155,155.0,0.1666666666666665,0.1666666666666665,0.1666666666666665,0.1666666666666665,0.1666666666666665,0.1666666666666665
156,156.0,0.1666666666666665,0.1666666666666665,0.1666666666666665,0.1666666666666665,0.1666666666666665,0.1666666666666665
157,157.0,0.1666666666666665,0.1666666666666665,0.1666666666666665,0.1666666666666665,0.1666666666666665,0.1666666666666665
158,158.0,0.1666666666666665,0.1666666666666665,0.1666666666666665,0.1666666666666665,0.1666666666666665,0.1666666666666665
159,159.0,0.1666666666666665,0.1666666666666665,0.1666666666666665,0.1666666666666665,0.1666666666666665,0.1666666666666665
160,160.0,0.1666666666666665,0.1666666666666665,0.1666666666666665,0.1666666666666665,0.1666666666666665,0.1666666666666665
161,161.0,0.1666666666666665,0.1666666666666665,0.1666666666666665,0.1666666666666665,0.1666666666666665,0.1666666666666665
162,162.0,0.1666666666666665,0.1666666666666665,0.1666666666666665,0.1666666666666665,0.1666666666666665,0.1666666666666665
163,163.0,0.1666666666666665,0.1666666666666665,0.1666666666666665,0.1666666666666665,0.1666666666666665,0.1666666666666665
164,164.0,0.1666666666666665,0.1666666666666665,0.1666666666666665,0.1666666666666665,0.1666666666666665,0.1666666666666665
165,165.0,0.1666666666666665,0.1666666666666665,0.1666666666666665,0.1666666666666665,0.1666666666666665,0.1666666666666665
166,166.0,0.1666666666666665,0.1666666666666665,0.1666666666666665,0.1666666666666665,0.1666666666666665,0.1666666666666665
167,167.0,0.1666666666666665,0.1666666666666665,0.1666666666666665,0.1666666666666665,0.1666666666666665,0.1666666666666665
168,168.0,0.1666666666666665,0.1666666666666665,0.1666666666666665,0.1666666666666665,0.1666666666666665,0.1666666666666665
169,169.0,0.1666666666666665,0.1666666666666665,0.1666666666666665,0.1666666666666665,0.1666666666666665,0.1666666666666665
170,170.0,0.1666666666666665,0.1666666666666665,0.1666666666666665,0.1666666666666665,0.1666666666666665,0.1666666666666665
171,171.0,0.1666666666666665,0.1666666666666665,0.1666666666666665,0.1666666666666665,0.1666666666666665,0.1666666666666665
172,172.0,0.1666666666666665,0.1666666666666665,0.1666666666666665,0.1666666666666665,0.1666666666666665,0.1666666666666665
173,173.0,0.1666666666666665,0.1666666666666665,0.1666666666666665,0.1666666666666665,0.1666666666666665,0.1666666666666665
174,174.0,0.1666666666666665,0.1666666666666665,0.1666666666666665,0.1666666666666665,0.1666666666666665,0.1666666666666665
175,175.0,0.1666666666666665,0.1666666666666665,0.1666666666666665,0.1666666666666665,0.1666666666666665,0.1666666666666665
176,176.0,0.1666666666666665,0.1666666666666665,0.1666666666666665,0.1666666666666665,0.1666666666666665,0.1666666666666665
177,177.0,0.1666666666666665,0.1666666666666665,0.1666666666666665,0.1666666666666665,0.1666666666666665,0.1666666666666665
178,178.0,0.1666666666666665,0.1666666666666665,0.1666666666666665,0.1666666666666665,0.1666666666666665,0.1666666666666665
179,179.0,0.1666666666666665,0.1666666666666665,0.1666666666666665,0.1666666666666665,0.1666666666666665,0.1666666666666665
180,180.0,0.1666666666666665,0.1666666666666665,0.1666666666666665,0.1666666666666665,0.1666666666666665,0.1666666666666665
181,181.0,0.1666666666666665,0.1666666666666665,0.1666666666666665,0.1666666666666665,0.1666666666666665,0.1666666666666665
182,182.0,0.1666666666666665,0.1666666666666665,0.1666666666666665,0.1666666666666665,0.1666666666666665,0.1666666666666665
183,183.0,0.1666666666666665,0.1666666666666665,0.1666666666666665,0.1666666666666665,0.1666666666666665,0.1666666666666665
184,184.0,0.1666666666666665,0.1666666666666665,0.1666666666666665,0.1666666666666665,0.1666666666666665,0.1666666666666665
185,185.0,0.1666666666666665,0.1666666666666665,0.1666666666666665,0.1666666666666665,0.1666666666666665,0.1666666666666665
186,186.0,0.1666666666666665,0.1666666666666665,0.1666666666666665,0.1666666666666665,0.1666666666666665,0.1666666666666665
187,187.0,0.1666666666666665,0.1666666666666665,0.1666666666666665,0.1666666666666665,0.1666666666666665,0.1666666666666665
188,188.0,0.1666666666666665,0.1666666666666665,0.1666666666666665,0.1666666666666665,0.1666666666666665,0.1666666666666665
189,189.0,0.1666666666666665,0.1666666666666665,0.1666666666666665,0.1666666666666665,0.1666666666666665,0.1666666666666665
190,190.0,0.1666666666666665,0.1666666666666665,0.1666666666666665,0.1666666666666665,0.1666666666666665,0.1666666666666665
191,191.0,0.1666666666666665,0.1666666666666665,0.1666666666666665,0.1666666666666665,0.1666666666666665,0.1666666666666665
192,192.0,0.1666666666666665,0.1666666666666665,0.1666666666666665,0.1666666666666665,0.1666666666666665,0.1666666666666665
193,193.0,0.1666666666666665,0.1666666666666665,0.1666666666666665,0.1666666666666665,0.1666666666666665,0.1666666666666665
194,194.0,0.1666666666666665,0.1666666666666665,0.1666666666666665,0.1666666666666665,0.1666666666666665,0.1666666666666665
195,195.0,0.1666666666666665,0.1666666666666665,0.1666666666666665,0.1666666666666665,0.1666666666666665,0.1666666666666665
196,196.0,0.1666666666666665,0.1666666666666665,0.1666666666666665,0.1666666666666665,0.1666666666666665,0.1666666666666665
197,197.0,0.1683114837976121,0.1686284820920977,0.1652999999999999,0.1671600341102898,0.1652999999999999,0.1652999999999999
198,198.0,0.1712385398302625,0.169737559354171,0.1639469999999999,0.1671829008155661,0.1639469999999999,0.1639469999999999
199,199.0,0.1734629521751198,0.1704464954964403,0.1617246020899937,0.1673687802054903,0.1633936904142084,0.1636034796187468
200,200.0,0.1727784541093664,0.1685914503699672,0.1564453592031222,0.1678021819859039,0.1674876003137871,0.1668949540178524
201,201.0,0.1735908146140372,0.1666688185126586,0.1512761686543171,0.1667365185237686,0.1714513417100084,0.1702763379852094
202,202.0,0.1738126362857144,0.1655597299766912,0.1463135602596152,0.1656308918892918,0.1750887515180906,0.1735944300705963
203,203.0,0.1745779365909941,0.1640926673502625,0.141601312399795,0.1645145744334197,0.1783381880600256,0.1768753211655026
204,204.0,0.1749540878713545,0.1625729426097873,0.1369263595588287,0.1634180673127445,0.1820501745612958,0.1800783680859887
205,205.0,0.1755101929973405,0.1608645557250226,0.1326885273642062,0.162381855893565,0.1858360494571587,0.1827188185627067
206,206.0,0.1758961855373493,0.1592633060735309,0.1287785561752408,0.1613250020579441,0.189446183313105,0.1852907668428297
207,207.0,0.1759716040418619,0.1580186453331376,0.125114055463951,0.1603880938635908,0.1928659498006955,0.1876416514967631
208,208.0,0.175943704436691,0.1567855535083327,0.1217961947611607,0.1594873826006835,0.1960384897826293,0.1899486749105027
209,209.0,0.176174365784847,0.1552411728817307,0.1188387471046844,0.1587832839824831,0.1989691690704082,0.1919932611758464
210,210.0,0.1758976918001232,0.1540047890671994,0.1160619330999919,0.1582903744426236,0.2017933462212775,0.1939518653687843
211,211.0,0.1753031764223378,0.152534468311073,0.1136981975752968,0.1575790179736683,0.2050470684314393,0.1958380712861845
212,212.0,0.1746729763699733,0.1513157068188166,0.1115823153298654,0.1569754893348742,0.2080152135490067,0.1974382985974636
213,213.0,0.1737878882204978,0.1507330727399523,0.1095902811841969,0.1562549377100397,0.2103396292436692,0.1992941909016438
214,214.0,0.1729482744066147,0.150423144973076,0.1078226598586903,0.1554753768369706,0.2122468991069947,0.2010836448176536
215,215.0,0.1718953147190096,0.1500340989899505,0.1062298599710438,0.1547061669547359,0.2143234180552052,0.2028111413100548
216,216.0,0.1708142948096406,0.1496930974310147,0.1050438872385845,0.1539901442772832,0.216195359811027,0.2042632164324499
217,217.0,0.1697562484841214,0.1494365162514416,0.1040833257258606,0.1533756990784394,0.2177999986050668,0.2055482118550701
218,218.0,0.1690386160358302,0.1493135856566645,0.1031197483166312,0.1528722938379724,0.2189523465091051,0.2067034096437965
219,219.0,0.1682079536846988,0.1490800537061537,0.1024252407335035,0.1525740889338268,0.2198491216811821,0.2078635412606349
220,220.0,0.1673278629926513,0.1490324157304009,0.1018142324192751,0.1522590204550531,0.2203739916273441,0.2091924767752754
221,221.0,0.1664455952400782,0.1493737880182259,0.101492076735082,0.1518055077395732,0.2205658751106187,0.210317157156422
222,222.0,0.1657895896908874,0.1497888552658449,0.1012306945011457,0.1512804525837024,0.2206755338462046,0.2112348741122148
223,223.0,0.1654056738829478,0.1503141673757873,0.1011521367126063,0.1508000284792489,0.2204071624506777,0.2119208310987321
224,224.0,0.1650346455045644,0.1509579201308316,0.1012369468985895,0.1503962320912034,0.219945707397595,0.212428547977216
225,225.0,0.1641958979501447,0.1514876949494973,0.101542414693941,0.1502347956613651,0.2193246606245816,0.2132145361204704
226,226.0,0.1635585068959392,0.151946285863511,0.101901856639284,0.1499941659984152,0.2185278646170928,0.2140713199857579
227,227.0,0.1627478983440688,0.1525870449397058,0.1022908802379711,0.1498699828046539,0.217681251834751,0.2148229418388495
228,228.0,0.1617516961421512,0.1537058933156675,0.1022912982804137,0.1498223137627236,0.2164437450217729,0.2159850534772713
229,229.0,0.1611079100868658,0.1545844961885007,0.1023678708225487,0.1496341446787294,0.2153518188329623,0.2169537593903931
230,230.0,0.1603335807759421,0.1556746671040438,0.1025551387595886,0.1493051214516486,0.2140276681607493,0.2181038237480277
231,231.0,0.1598976655380224,0.1564011327772246,0.1027436886271299,0.1493623048272462,0.21255546723435,0.219039740996027
232,232.0,0.1595682456818318,0.1569192149313328,0.1031189210528794,0.1494616769227444,0.2109106436043655,0.2200212978068462
233,233.0,0.1594214960887616,0.1573564725805609,0.10332725926624,0.1497462464923329,0.2092377845199921,0.2209107410521127
234,234.0,0.159380803728571,0.1576305377316366,0.1035583542381984,0.1501996450761445,0.2075553299697526,0.2216753292556972
235,235.0,0.1591671547756997,0.1579131244610957,0.1036788533401576,0.1507801536199771,0.205940544086368,0.222520169716702
236,236.0,0.1589821408438936,0.1585886495231234,0.1039762747762693,0.1508189622375841,0.2041461170977987,0.223487855521331
237,237.0,0.1589056486084999,0.158989692971533,0.1043236193588642,0.1509650644879222,0.202206182006387,0.2246097925667939
238,238.0,0.158910913990107,0.1590841186044594,0.104660319996662,0.1511501292062711,0.2001403417760237,0.226054176426477
239,239.0,0.1590338989964415,0.1591793194233832,0.1050310916988195,0.1510426928674892,0.1981593869530828,0.2275536100607841
240,240.0,0.1590887978546075,0.1592889295614833,0.1053985282093369,0.1509759515075652,0.1962252387981888,0.2290225540688185
241,241.0,0.1590427572081032,0.1593849180334462,0.1054297958947471,0.1509157660746848,0.1946796435826685,0.2305471192063503
242,242.0,0.1589835426413837,0.1596977875054316,0.1054310660675607,0.1509726838253611,0.1929110389194273,0.2320038810408356
243,243.0,0.1590452145050152,0.1601089111329143,0.105426592375636,0.1509364006731801,0.1913609523345489,0.2331219289787056
244,244.0,0.1589817938954878,0.160423290296342,0.1057070213085797,0.1509214644143556,0.1896999968916663,0.2342664331935687
245,245.0,0.1589650612828856,0.1606467412633651,0.1060807846934432,0.1508708584357925,0.1880816887745925,0.2353548655499212
246,246.0,0.1589668550979335,0.1608386705499421,0.1064797018964558,0.1508266944875517,0.1863225207482489,0.236565557219868
247,247.0,0.1591138901077618,0.1612402398632018,0.1068330322434331,0.1507651892499229,0.1848094931079654,0.2372381554277151
248,248.0,0.1590199851468695,0.1619686996613348,0.1071012865519972,0.1509792720197027,0.1831369848822686,0.2377937717378271
249,249.0,0.1587866115206355,0.1627793538224476,0.1073957378681754,0.1509822268612574,0.1815922416753529,0.2384638282521312
250,250.0,0.1584158129747226,0.1635276121556218,0.1076379950161081,0.1511191379866935,0.1803188422006515,0.2389805996662025
251,251.0,0.1580697845748191,0.1647005957757837,0.1075648816654416,0.1511994043698367,0.1791752831264939,0.2392900504876251
252,252.0,0.1575353416321566,0.1656818682221344,0.1076962597915613,0.1514219016618309,0.1782997651799233,0.2393648635123935
253,253.0,0.1567350979317754,0.1666711067584124,0.1078626226895769,0.1518083028259144,0.1777231185239106,0.2391997512704101
254,254.0,0.1559643735703679,0.1674604384575794,0.1080271300789772,0.1521937993650314,0.177101900865934,0.23925235766211
255,255.0,0.1553634567347895,0.1681551361198667,0.1081348114038966,0.1526862944602934,0.1764093525647881,0.2392509487163656
256,256.0,0.1546972064174558,0.1685492489508256,0.1081449798531802,0.1534561278339996,0.175989652488326,0.2391627844562128
257,257.0,0.1540094269286135,0.1690244286976116,0.1081877977021825,0.1540971162602409,0.1756102565374436,0.2390709738739077
258,258.0,0.1536223510439969,0.1694430489204548,0.1078317678988557,0.1546758703341836,0.175317629588778,0.2391093322137309
259,259.0,0.1531328099851389,0.1699522136660944,0.1073408924413793,0.1553573481845898,0.1748943773775185,0.2393223583452789
260,260.0,0.1527916219334965,0.1702956978784229,0.1068945406523327,0.1557983356010505,0.1746493926336583,0.239570411301039
261,261.0,0.1525136394722938,0.1704639846503952,0.1064890009019604,0.1561651398810245,0.1745846572721295,0.2397835778221965
262,262.0,0.1522567381309632,0.1706774075716534,0.1060254851877096,0.1565568864785645,0.1744721273677823,0.2400113552633269
263,263.0,0.1519164152955693,0.1709314790369305,0.1055035484242575,0.1569899655866758,0.1742646085790564,0.2403939830775104
264,264.0,0.1516136140913313,0.1712016523610124,0.1050856092406602,0.1574421356064365,0.1739676279949247,0.2406893607056349
265,265.0,0.1512047269398209,0.1715726922103257,0.1047578499405807,0.1578364037565816,0.1735489174105205,0.2410794097421706
266,266.0,0.1507351100984519,0.1718450150352859,0.104546727233998,0.1581796220365686,0.1732122563013614,0.2414812692943341
267,267.0,0.1502410394619079,0.1720327999508848,0.1043697429980104,0.1585483734275403,0.1730783597191526,0.2417296844425039
268,268.0,0.14976404073589,0.1721910927003539,0.1042891956095627,0.1586698538329932,0.1728772106432875,0.2422086064779126
269,269.0,0.1495167494294021,0.1722233664221337,0.1042833407972711,0.1587519260608136,0.1727791147716269,0.2424455025187525
270,270.0,0.149275285455161,0.1723003417667378,0.1043039532638234,0.1587594482351018,0.1727242830483128,0.2426366882308632
271,271.0,0.149143336714572,0.1722551607504696,0.1043671010141892,0.1587750218976422,0.1726771451813142,0.2427822344418126
272,272.0,0.1489709238178511,0.1720305045400769,0.1047539271580038,0.1587686002727991,0.17261115343541,0.242864890775859
273,273.0,0.1488387433246125,0.1717524065029194,0.1047869775502014,0.158900284488506,0.1726632458226172,0.2430583423111435
274,274.0,0.1489067581122674,0.171442578923961,0.1048676250136579,0.1590202295351795,0.172717918403943,0.2430448900109912
275,275.0,0.1490050250591447,0.1711675598440493,0.1049460808158125,0.1590098567051725,0.1727773902216199,0.2430940873542011
276,276.0,0.1490585553025137,0.1708457999134889,0.1051003436348832,0.1589691821590613,0.1728075954800897,0.2432185235099631
277,277.0,0.1491859704579146,0.1704386120967282,0.1052203172695184,0.1589674744601487,0.1727921405114445,0.2433954852042455
278,278.0,0.1492843267930505,0.1700201225967788,0.1053458667666439,0.1589326261058534,0.1728145255742259,0.2436025321634474
279,279.0,0.1494052256118452,0.1696105213285531,0.1054239468608933,0.1590035039808247,0.1727478865749047,0.2438089156429789
280,280.0,0.1493316929281236,0.1692423515900611,0.1054688791766595,0.1591350738769529,0.1727056453436438,0.244116357084559
281,281.0,0.1492677371457508,0.168877335467036,0.1056038717328257,0.1592374015324396,0.1727433211332084,0.2442703329887394
282,282.0,0.1492762414553401,0.1684124127795278,0.10581350348369,0.1594030064088494,0.1728558011894951,0.2442390346830975
283,283.0,0.1492681078565225,0.1679967301366102,0.1060797556698773,0.1593005874573537,0.1730486440889477,0.2443061747906885
284,284.0,0.1493779035247747,0.1675778273909814,0.1063422933750141,0.159279895049483,0.1730889044052199,0.2443331762545268
285,285.0,0.1493694690363293,0.1670732926460737,0.1066568768243125,0.1593648898616524,0.1733184853737355,0.2442169862578966
286,286.0,0.1495415247810598,0.1665685808233652,0.1069795142452683,0.159439253035793,0.1734348606174864,0.2440362664970273
287,287.0,0.1495550532937821,0.1660269281168337,0.1072881282759589,0.1593630620043957,0.1736477228266828,0.2441191054823468
288,288.0,0.1495232651335824,0.1654788767041453,0.1076848264105762,0.1594752963776772,0.1735799334358933,0.2442578019381256
289,289.0,0.1488645732861958,0.1647822018082451,0.1086705780907887,0.1598282538357285,0.1733344482777214,0.2445199447013205
290,290.0,0.1482428523313276,0.1643024087663365,0.1096955641068041,0.1601239417523634,0.1727887871373051,0.2448464459058632
291,291.0,0.1476472891610089,0.1639672406965708,0.1104678977622188,0.1602275228173211,0.1723432977047523,0.245346751858128
292,292.0,0.1470339303930749,0.1636662396371646,0.1110461507587691,0.1603732304681022,0.1721886271498523,0.2456918215930367
293,293.0,0.1465225636469535,0.1634774832065971,0.1114900319104267,0.160318700114341,0.1721137506599513,0.2460774704617302
294,294.0,0.1456643771777788,0.163336750484659,0.1117871444052287,0.1602918194368875,0.1722998661846397,0.2466200423108062
295,295.0,0.1449934918036093,0.1627335488351458,0.1120525921597439,0.1602359401946307,0.1728909424390836,0.2470934845677866
296,296.0,0.1445296356676951,0.1621584634100151,0.1124374034977784,0.1601575639966182,0.1735683607987938,0.2471485726290993
297,297.0,0.1443482937988513,0.16163318514117,0.1122482584548937,0.1602475508288217,0.1743480406773116,0.2471746710989517
298,298.0,0.14410225392576,0.1610184223078247,0.1118524466987251,0.1605086058118223,0.1755275642264095,0.2469907070294584
299,299.0,0.1437854556685104,0.160321531077461,0.1119390483444105,0.1607168035751865,0.1765820790354204,0.246655082299011
300,300.0,0.1433219084528105,0.1593845215413748,0.112786066240579,0.1608920158988499,0.177309925494951,0.2463055623714346
301,301.0,0.1430044722455228,0.1584239883121822,0.1136454052877649,0.1609668424393802,0.178147672462616,0.2458116192525338
302,302.0,0.142711027485819,0.1574697602334061,0.1145456568645423,0.1609965440924325,0.1789206201277033,0.2453563911960967
303,303.0,0.1423740445741961,0.1564543056773364,0.1153481546185108,0.1613719488960407,0.1797129749660761,0.2447385712678398
304,304.0,0.1418343157289853,0.1554993697651416,0.1160997345842487,0.1617533350276484,0.1807487575834926,0.2440644873104833
305,305.0,0.1413392005113858,0.1547303493501366,0.1166481744795842,0.1621803158269709,0.1815934099908465,0.243508549841076
306,306.0,0.1408764893002516,0.1541421930747485,0.1170952860510779,0.1624643806507201,0.182490472141878,0.2429311787813239
307,307.0,0.1404297167600545,0.1534708327614768,0.1175427102835488,0.1626497644858507,0.183617523074639,0.2422894526344301
308,308.0,0.1403934997628179,0.1529152046445013,0.1178470673318375,0.162340522436066,0.1846140271812878,0.2418896786434894
309,309.0,0.1405963121665063,0.1524756315130625,0.1181745053185101,0.16204362931835,0.1855453548196653,0.2411645668639057
310,310.0,0.1407248495663733,0.1523409442198018,0.1184327942746285,0.1617843330013988,0.1865307698327805,0.2401863091050171
311,311.0,0.1409930183328438,0.1521907699365366,0.1185038552421662,0.1616692370996459,0.1875140788231582,0.2391290405656492
312,312.0,0.1411241927874138,0.1518761772475918,0.1188121330514823,0.1615582622451726,0.1883134362277664,0.2383157984405729
313,313.0,0.1411658175882556,0.1515594757652067,0.1189882082762801,0.1615184861872656,0.1893628084896539,0.237405203693338
314,314.0,0.1413602167425957,0.1510968472883937,0.1193409855456461,0.1613415211913484,0.1904055348471438,0.2364548943848722
315,315.0,0.1415989063284054,0.1507472424131391,0.1195377023882116,0.1611370818932881,0.1913857022645927,0.2355933647123631
316,316.0,0.1418900524436165,0.1504994207008552,0.1197564775722845,0.1609079871233603,0.1923195879555261,0.2346264742043574
317,317.0,0.142191370719584,0.1504629422399025,0.1199451915953813,0.1605455714204647,0.1932079440569903,0.2336469799676771
318,318.0,0.1419480985607208,0.1506704070882008,0.1201837491823879,0.1602085920696728,0.194037747282444,0.2329514058165736
319,319.0,0.1416806491329387,0.1511076636048927,0.1204168833842201,0.1598789635734832,0.1943793517684446,0.2325364885360205
320,320.0,0.1414567706421612,0.1515541912800073,0.1204940485980627,0.1595355640743754,0.194948117607679,0.2320113077977144
321,321.0,0.1412709718620581,0.1520653250803739,0.1206950917474003,0.1591563045398732,0.1954008816018108,0.2314114251684835
322,322.0,0.1411762725971956,0.1525958904619326,0.1208310269413604,0.1587492538598373,0.1958536739800427,0.2307938821596312
