,Unnamed: 0,Generation,Intertwine_two,Add_vertex,Delete_vertex,Invert_path_vertices,Insert_inside_vertex,Delete_inside_vertex,Replace_inside_vertex,Donate_between_routes,Trim_one_terminal_cb,Grow_one_terminal_cb
0,0.0,0.0,0.09999999999999999,0.09999999999999999,0.09999999999999999,0.09999999999999999,0.09999999999999999,0.09999999999999999,0.09999999999999999,0.09999999999999999,0.09999999999999999,0.09999999999999999
1,1.0,1.0,0.10345323262715703,0.09720375015082898,0.0913570025492654,0.10795139919301075,0.08819778126737383,0.09811766489850929,0.10589507961113258,0.09661683613020143,0.10706507720634242,0.1041421763661782
2,2.0,2.0,0.09904526783362244,0.08981934549086883,0.09344978879605866,0.09751850760462123,0.1093672954201996,0.10819567411885136,0.09784906232308396,0.09695219642493604,0.10367115531382694,0.10413170667393083
3,3.0,3.0,0.11097457700122981,0.09020026619889288,0.08067982813489052,0.10823691332717181,0.09532760664136347,0.10791982639649762,0.10516163216715382,0.09803003154979606,0.1046026924893296,0.09886662609367437
4,4.0,4.0,0.09979858279754839,0.09066962213148469,0.08514244881883096,0.11890306089171405,0.09027195032612689,0.09852454722814437,0.10217810696501939,0.09470107978529511,0.10458179054683465,0.11522881050900144
5,5.0,5.0,0.09310554539681994,0.09037534544298567,0.085619401284457,0.09747869620839171,0.10025251812658538,0.10587785171582145,0.10969514048311642,0.09957353059143942,0.10100842962938654,0.11701354112099642
6,6.0,6.0,0.10420044254069707,0.09675852338377496,0.0766456187142374,0.11365977771441775,0.08543414102300334,0.10825508863947178,0.09995951788266921,0.1012341434637476,0.11021039677638585,0.10364234986159493
7,7.0,7.0,0.09340975802616035,0.10345694184915515,0.09345902141508315,0.09756446105793415,0.0903258303284102,0.09835369737699526,0.09842684744082006,0.09289559878791212,0.11940709091063333,0.11270075280689626
8,8.0,8.0,0.09860333493652831,0.09706117350434948,0.0941806915800645,0.0908341078452523,0.09209791983643285,0.11784865700321576,0.0926574612169402,0.10053758932139116,0.10761883832186661,0.10856022643395877
9,9.0,9.0,0.10206150348379699,0.1056425377799431,0.07560068356646946,0.09347292638264314,0.09568948522764623,0.1116119575017247,0.09129531698686313,0.08843875463278197,0.12251783895208464,0.11366899548604661
10,10.0,10.0,0.10240577003808224,0.10092895573129979,0.0835478320985934,0.09805174157091642,0.08730832039202326,0.11672041184202067,0.08621202493226954,0.08619452858118466,0.12648317674555024,0.11214723806805971
11,11.0,11.0,0.10071166780343961,0.10477566379349476,0.06860330201754067,0.09664637039942807,0.07974555862861148,0.12230471677680772,0.1039981152875861,0.07960185215333584,0.12707425049312362,0.1165385026466321
12,12.0,12.0,0.10419045522422302,0.1041857116460448,0.08580711080653705,0.10013718824938571,0.07702255475224674,0.12209775126931059,0.08565823661949186,0.08620215909603622,0.11906799070963366,0.11563084162709036
13,13.0,13.0,0.10178534621090196,0.10079133872935744,0.07796286023865336,0.10344335154138337,0.07598946985265438,0.12088238085340211,0.09186895105412372,0.08873121679498408,0.11963013379485699,0.11891495092968252
14,14.0,14.0,0.08817276193250348,0.09770571024574402,0.08973592704090355,0.09578962554269516,0.08130737988061637,0.11133643478141406,0.09213191564199108,0.09692664069425971,0.13201617034230584,0.11487743389756669
15,15.0,15.0,0.0975854432880522,0.11129237015855438,0.09451024346482015,0.09005412281528731,0.07946887196576241,0.10560981327592114,0.09473403703464742,0.0871423927339975,0.11760260388033164,0.12200010138262578
16,16.0,16.0,0.09583377362489541,0.09296982181943003,0.09417653209746303,0.10363466087080622,0.08372073766502891,0.13020031917131641,0.08877822876823932,0.08317218966489111,0.12645569967370568,0.10105803664422382
17,17.0,17.0,0.09190303516519319,0.09845393096837224,0.09930303081566214,0.0975293449388284,0.07791610594139672,0.11762629830930316,0.09273147213273013,0.08280039348460347,0.12377256181504892,0.1179638264288616
18,18.0,18.0,0.09370932388558074,0.09454283367144398,0.081971872721176,0.09845055625801279,0.07492241678680864,0.11738978663740011,0.09070345746567335,0.10715988432897734,0.13336895792964074,0.10778091031528629
19,19.0,19.0,0.08644037696941273,0.11409124502500914,0.08154348267815645,0.10431160611507924,0.07898466935210183,0.1144024902852984,0.09369319900142817,0.08899150496609018,0.12310727214067312,0.11443415346675065
20,20.0,20.0,0.0832059677622772,0.09994160380144261,0.09938444702538156,0.10453943336152208,0.08266013259709362,0.12960474609650702,0.08314593278887746,0.07860165961593915,0.12614469578103119,0.1127713811699281
21,21.0,21.0,0.09668748095783383,0.10532552603420502,0.10291103904805095,0.08674291466511923,0.08496517156913656,0.12614876654423512,0.07056853523259851,0.0790716768445594,0.12805846766941875,0.11952042143484251
22,22.0,22.0,0.09306468393938125,0.1132086236639602,0.09771292355663307,0.09407463344454817,0.07274504835622474,0.11648449262189975,0.09506442127375195,0.08498851455584341,0.13794712022543248,0.0947095383623249
23,23.0,23.0,0.09438407878162708,0.11524077821602267,0.09147762741793783,0.08812240984771821,0.07878537054410571,0.12526807584873642,0.09573635560553712,0.07096383893102157,0.1317772998359902,0.10824416497130318
24,24.0,24.0,0.09403859486679524,0.10234414144593125,0.0894546728797093,0.09297408698914493,0.06960536896879219,0.12454439055345431,0.08758859388435233,0.09988865881417971,0.1289857842394597,0.11057570735818098
25,25.0,25.0,0.09270881480285052,0.10506365828871252,0.08694704231174588,0.09968264590665878,0.07765506416562228,0.1097483623486045,0.09635905511151216,0.08747066741409966,0.1343336620739937,0.11003102757620001
26,26.0,26.0,0.09327350746630769,0.1014770615609033,0.07766694750294577,0.10347770373194856,0.07288781698198596,0.13671512730261176,0.09409008195850689,0.07436425948145657,0.12573094252902356,0.12031655148430989
27,27.0,27.0,0.0857992571198091,0.09397941073162724,0.09520771558963934,0.09568392836499877,0.07835282852825283,0.12715672350290924,0.0880030386330638,0.07119938530510381,0.1358815336555202,0.12873617856907568
28,28.0,28.0,0.08881853318543195,0.1295416973420817,0.07536525137237639,0.08554651513038188,0.0689253190458473,0.1307767820182016,0.07815292685695295,0.08734771318568044,0.13914132943754773,0.11638393242549808
29,29.0,29.0,0.0955382716224212,0.11142548245226085,0.09564614835543946,0.08742300357495345,0.05153956624241214,0.12212946900908886,0.08421820742979313,0.08806631639904873,0.15433217693850082,0.10968135797608132
30,30.0,30.0,0.09870348790451659,0.09124542971575884,0.09944324829681073,0.0919571576745594,0.07562444589662579,0.1308264363731268,0.0759971397877385,0.08346821883804897,0.13371185609463504,0.11902257941817936
31,31.0,31.0,0.0989250860209505,0.10354811568524683,0.0843428578223979,0.09661242657276747,0.07947593334762312,0.13136549944090437,0.07207676694278993,0.09938464892867295,0.13315517598297832,0.10111348925566851
32,32.0,32.0,0.0958317753063446,0.10571570293394186,0.10429497594230239,0.08689300878627221,0.06954946555012569,0.12627924425129003,0.08863152934907051,0.07050695769486107,0.14447133293073072,0.10782600725506093
33,33.0,33.0,0.0956750335804338,0.10041887187627907,0.10302304887979333,0.10343533932819457,0.07932670819647794,0.12457078833615087,0.0773068160693939,0.07687993604241004,0.1336480706182669,0.1057153870725995
34,34.0,34.0,0.08956279412506976,0.09350469173615661,0.09851678043767623,0.10035644435987197,0.06203595701022813,0.13409655023955097,0.08558926247172197,0.0858823507186074,0.13001160773828926,0.1204435611628277
35,35.0,35.0,0.08323594627253253,0.10103123639255782,0.09248794878513542,0.09361298525891956,0.06993832921189735,0.12048544577202631,0.09486029636730244,0.0735031308775236,0.14596506819526459,0.12487961286684042
36,36.0,36.0,0.10931831381630437,0.09360109712517015,0.09079817719356667,0.08943017281491053,0.07828820900282443,0.13513184410234647,0.09776538504974985,0.07948054662742723,0.12486751990304626,0.10131873436465393
37,37.0,37.0,0.1029754070213279,0.10368264021366065,0.09751849009200597,0.0893142620850869,0.07159205007175093,0.13037778550801932,0.086145442868739,0.07663402992833562,0.13352254779197542,0.1082373444190982
38,38.0,38.0,0.08716665896607657,0.10438489536303568,0.09659499749392388,0.10294164799032035,0.06416670689561846,0.1312377192691913,0.08174084994487862,0.06386231050091644,0.15862106830591163,0.10928314527012697
39,39.0,39.0,0.07645706403822723,0.10504848973623342,0.10783062590851204,0.0712001785807184,0.05367071194583911,0.1479627039338743,0.07340022225179127,0.07873884294271147,0.1604420002001887,0.12524916046190393
40,40.0,40.0,0.08396192549316758,0.10915010039637414,0.09147752538967935,0.07285221376643965,0.08091792980159726,0.1389135283570754,0.07313744495799446,0.09677773950563995,0.1338903800845949,0.11892121224743728
41,41.0,41.0,0.09158515428137315,0.0959698702492668,0.10557861752550421,0.0965200498764725,0.06065976733179408,0.14757024449025583,0.08473322811954677,0.07767140631200939,0.1255837936462135,0.11412786816756373
42,42.0,42.0,0.10807238999708166,0.09411544586367737,0.10115201753674008,0.09313258037161672,0.06911724646370596,0.11826664613071461,0.08444493328384264,0.07287673061083906,0.13831048222998213,0.1205115275117997
43,43.0,43.0,0.0914954040087154,0.11475430858439935,0.09115847539770758,0.09306643345370576,0.0768395769727584,0.11571933402746318,0.09012557238258694,0.0817553432293963,0.13429711813754075,0.11078843380572631
44,44.0,44.0,0.09224503908431643,0.09799595980064368,0.09849905577217777,0.0951573728440303,0.06499290965256257,0.12469642727156627,0.08340853012560294,0.07048396126053827,0.1443048490778687,0.12821589511069303
45,45.0,45.0,0.09362065011210272,0.10124012514328813,0.09923174073842042,0.09393832690818765,0.06382328233159415,0.12052472258771393,0.09054803921158584,0.08019572419507943,0.14431181872418372,0.11256557004784393
46,46.0,46.0,0.08321291147806975,0.0937635205940818,0.09704342524925624,0.10140289638879851,0.06814317071441636,0.13098233625309416,0.076633249916596,0.07285719682718791,0.14477961164916503,0.13118168092933416
47,47.0,47.0,0.08430175244298674,0.10874489276436561,0.09687926503348637,0.09367738254110776,0.08295789611476787,0.12619146949610144,0.06324138106039301,0.07708816667003235,0.15389742583635196,0.11302036804040685
48,48.0,48.0,0.09333252112325732,0.10363234735377067,0.10677671057062225,0.09914707279566554,0.06440939352464223,0.11511525992063125,0.08327411144023844,0.0777548794721144,0.13777227311282444,0.1187854306862334
49,49.0,49.0,0.09073861672836206,0.11350972857186674,0.10171081651720207,0.08821392591750035,0.07060753641257597,0.15080578182634627,0.0822856253697256,0.058941049225506956,0.12355356802392939,0.11963335140698457
50,50.0,50.0,0.08400203970968717,0.09950529420483678,0.1054686156427671,0.08032878710991594,0.06100648084283833,0.13899138548006987,0.09373520554565348,0.061938351242562126,0.15164222835312322,0.12338161186854595
51,51.0,51.0,0.09687026506786131,0.11706919521237455,0.09177773094564447,0.08873389045815892,0.06244018408803655,0.11750983669573523,0.08937549449806524,0.07152298337912058,0.14237700820323165,0.12232341145177146
52,52.0,52.0,0.0820215013815279,0.11030076816375642,0.10480613934113632,0.09401504669511698,0.06908408906709547,0.13385375821535522,0.08336288152028296,0.0729994812067051,0.13250935744867548,0.11704697696034808
53,53.0,53.0,0.085299966343734,0.11736855494783986,0.12498640505188581,0.09620176755162738,0.057803714972011214,0.1112547681547164,0.08177190878687701,0.08268976206092768,0.12592989613692032,0.11669325599346032
54,54.0,54.0,0.08078479870419926,0.108918186215009,0.10075061406552388,0.09065560534410572,0.0689095547611955,0.12858942451691946,0.09360221800326049,0.07947853107746003,0.1379918551464186,0.11031921216590801
55,55.0,55.0,0.1035544544688056,0.10423652212336945,0.10107122985137654,0.07626095459560049,0.06657298020114513,0.12425301017791009,0.08137380423128479,0.09058863514767032,0.13120012058847363,0.12088828861436393
56,56.0,56.0,0.08422172533525474,0.10611346510770825,0.11199229682630578,0.10142631959509252,0.07002263368881474,0.1285344440539538,0.08040396390663657,0.07022849586837775,0.13934638525014822,0.10771027036770753
57,57.0,57.0,0.10325314113742119,0.08141633772172496,0.11287327165227586,0.09170909011404157,0.06196395334817062,0.10986277650586188,0.0960366873759826,0.057899493504958044,0.15447997729849755,0.13050527134106574
58,58.0,58.0,0.0879024767370993,0.104126564064609,0.09414360270960419,0.0782718464550051,0.08866655444964261,0.12406421963076722,0.08686629273516677,0.05652741075179222,0.15391942137193354,0.12551161109437997
59,59.0,59.0,0.100538613252629,0.11386425627348644,0.11401476546787212,0.08955526929817047,0.06376681238466349,0.13899910388344472,0.0722947271559665,0.05988350077377608,0.13456122435305523,0.11252172715693591
60,60.0,60.0,0.09547559562705413,0.09266994121137129,0.09370686497251302,0.10186390441523878,0.05463811002489362,0.12495414311169484,0.0994556123808151,0.0692436258742936,0.1448949940179211,0.1230972083642045
61,61.0,61.0,0.09634932106657033,0.11929426704614883,0.11865737925948686,0.08319479233252627,0.04884508249215675,0.14213859378105925,0.07981031950872923,0.06311341744561735,0.12602458344253353,0.12257224362517156
62,62.0,62.0,0.09606905009739095,0.12222016532141984,0.10474853234812002,0.08054434959929116,0.07612255121487879,0.12168405195764284,0.08132462866580299,0.06313688799615182,0.1475868595736389,0.10656292322566263
63,63.0,63.0,0.11156320465008589,0.10967286820648574,0.10683891981573794,0.07034317248300084,0.055520802202847976,0.14364628177224428,0.07385472423348372,0.06545736223151354,0.15433023794140305,0.108772426463197
64,64.0,64.0,0.09358497852532384,0.11254934443469602,0.10025829042385023,0.0858094011640853,0.06767449210331941,0.14123517823001258,0.07101781284323148,0.07232408639910178,0.14803056192290628,0.10751585395347307
65,65.0,65.0,0.08691133191967557,0.10011097222481022,0.10174457803429446,0.10354249380855636,0.05708432147019812,0.12858407729398202,0.09030035177410052,0.0774391002466249,0.1462225877527136,0.10806018547504415
66,66.0,66.0,0.0826855451777203,0.09892991934515082,0.0993516054185726,0.09028301901528757,0.06095833452350741,0.1296519358528861,0.10485565601124489,0.06766018659757249,0.14849561805570732,0.11712818000235048
67,67.0,67.0,0.07531192318888515,0.10612298663983935,0.10613598575191666,0.09826132702485856,0.05001219598434735,0.13629581747829084,0.08964240074691457,0.07489699848922929,0.13855474248047256,0.1247656222152456
68,68.0,68.0,0.08811848824949056,0.12179882285064143,0.10958163377662049,0.08414526589172697,0.07402977514446321,0.11935780720771369,0.06947149578902934,0.08245050811662513,0.13954257363271713,0.11150362934097198
69,69.0,69.0,0.08028950567652453,0.10536220251867925,0.10621340794090053,0.08793628743390174,0.05494275059854774,0.11618089779398907,0.07835363639701802,0.07203922050233949,0.1478217863851367,0.15086030475296286
70,70.0,70.0,0.08820462393997683,0.0907933023338039,0.10271899910945134,0.10062275617422209,0.07682733928182825,0.12532724332987782,0.06840231926517244,0.08963059423208998,0.14017287664539382,0.1172999456881835
71,71.0,71.0,0.09787989581222514,0.0921338865069827,0.0959259921474616,0.08968266447390592,0.08096795030393855,0.12952234168840868,0.06529124417728319,0.08646204456745266,0.14926993584110843,0.11286404448123308
72,72.0,72.0,0.09367625758389803,0.10417817407330399,0.07925671522529992,0.08362789793189683,0.07523674365834425,0.12077995551919159,0.10045017349978821,0.06855588303010897,0.15569216089836727,0.11854603857980087
73,73.0,73.0,0.07060697005237657,0.10574543486416484,0.09848315181524478,0.09543393389020975,0.07036812348666024,0.12673623739209794,0.09712348173289846,0.0635738058891665,0.13692593597691796,0.13500292490026286
74,74.0,74.0,0.08186354037427632,0.09499672724104062,0.10812187955438748,0.0914032903350965,0.0693933938628675,0.14762869153783792,0.07546286980575967,0.0734902816134347,0.13954408505591442,0.11809524061938478
75,75.0,75.0,0.08276882591469,0.10075849301513977,0.105312035488236,0.10086314549130955,0.0708235584175136,0.1337216957300442,0.07793571530298445,0.07080917487475391,0.13193476476154636,0.12507259100378218
76,76.0,76.0,0.08694493078389989,0.09104323433254083,0.09971816070733722,0.08461637369635518,0.06762048149047958,0.13544681815741214,0.08250734637994309,0.09698437922142299,0.13591964264062864,0.1191986325899804
77,77.0,77.0,0.08023879413762701,0.10513406000204988,0.10263614930743496,0.09985381752226734,0.05830474481652226,0.1372094449330749,0.10554700471518977,0.08201530671817006,0.130476065416449,0.09858461243121477
78,78.0,78.0,0.09038903047004979,0.12757511153164275,0.10438222433021775,0.08490003391106062,0.058441275362263824,0.1042356111043669,0.07652532516430202,0.0790592825669633,0.13671204362704822,0.13778006193208475
79,79.0,79.0,0.08124492251440316,0.10053521118720825,0.08186131649506137,0.10359606387792301,0.062339630310601316,0.11838088218869096,0.10016626230210066,0.06768148430164977,0.16651061698187283,0.11768360984048856
80,80.0,80.0,0.08626198568198859,0.0997558469770568,0.09459353601007925,0.10297811838206969,0.07213052544639045,0.13118313684952373,0.08732605186473287,0.06256710130313253,0.14506606887800724,0.11813762860701882
81,81.0,81.0,0.10412964625387515,0.1149269455385042,0.10193476474385461,0.08793247846059773,0.06320240451713538,0.11727119464381948,0.08743737990599441,0.07933829165864854,0.12301019081998754,0.12081670345758291
82,82.0,82.0,0.08886901589605492,0.11801349910263317,0.09972111109878158,0.09108622040481876,0.058615530847818884,0.12023810400032545,0.0813726678318342,0.09626178106817612,0.1297615634650102,0.11606050628454663
83,83.0,83.0,0.0833975336388113,0.09697346262967585,0.10945884561628619,0.0966435858177791,0.06478420882478313,0.13481795224216137,0.07853774371268135,0.0746214049375696,0.13594341015904027,0.12482185242121177
84,84.0,84.0,0.07476898703312049,0.10446866209217827,0.10632427027586733,0.07828734537209212,0.06746349163431496,0.13439720650589213,0.07082959438627937,0.06535952342462707,0.15491941354030964,0.14318150573531857
85,85.0,85.0,0.09541958095172406,0.10138387757816825,0.10231706662346884,0.08995759290445446,0.04695730173978675,0.12946188642203013,0.08694674048797478,0.07645427505781528,0.15028937164243766,0.12081230659213975
86,86.0,86.0,0.07391762235818326,0.11328232641333051,0.095297183083022,0.0996578215502916,0.07879469294718924,0.1356114337391804,0.08252052457068229,0.08217365853851849,0.11793634729623415,0.12080838950336807
87,87.0,87.0,0.08662136712238201,0.09305300326053174,0.1199582392788027,0.08715909550905043,0.048537934481401854,0.12037214295293452,0.09058151667443173,0.06838711778627443,0.1472153725863148,0.13811421034787572
88,88.0,88.0,0.10337667950795013,0.09767803393637566,0.10039577074946737,0.08963608817603333,0.0734339117427274,0.12766795097381703,0.07921191135156617,0.06010348044669924,0.15708113650958166,0.11141503660578196
89,89.0,89.0,0.09518254498889238,0.11527163175093465,0.0986787285765145,0.10629368934812908,0.056748443147850526,0.11927647452203724,0.08963787537701981,0.060433165027220535,0.1367003968281766,0.12177705043322462
90,90.0,90.0,0.09139119024712727,0.12062636418897517,0.0977401516131495,0.08433434180517722,0.05733240368175664,0.13631099890590154,0.08146773505737748,0.07306279923755905,0.13768178276885418,0.12005223249412193
91,91.0,91.0,0.07496023831814633,0.09912328036356455,0.09943151251137965,0.09630012277161626,0.0714756835125291,0.14106000084596368,0.07570551203218434,0.06668324293509056,0.14663756705396527,0.1286228396555602
92,92.0,92.0,0.08682144918107619,0.09561731494322509,0.08486045376658491,0.09284013275200613,0.0896561139652085,0.11293694583924985,0.09471210331804406,0.08288159240682162,0.1481427659782785,0.11153112784950506
93,93.0,93.0,0.0993603350190796,0.11505348963087247,0.09498599359074555,0.0924010454299341,0.08086304707580405,0.12925690376382143,0.07146185843125394,0.06812640613989832,0.12397004381733337,0.12452087710125712
94,94.0,94.0,0.08982841623666311,0.1256006340264205,0.07952909791279895,0.12058937320633252,0.06315278281645328,0.12640036225941487,0.08501968756747633,0.07225154904147907,0.11767449963414105,0.1199535972988203
95,95.0,95.0,0.08993565182529248,0.10108241257678614,0.1077100014245818,0.08849770762805914,0.0642619821694976,0.12844922820295016,0.07363943606138276,0.056304321560513924,0.17161409599669142,0.11850516255424459
96,96.0,96.0,0.11608406003724644,0.09335509550712143,0.09805885129687948,0.08140916695915501,0.07031833054743465,0.1477516356908027,0.078614720601303,0.07277738838487004,0.13807230863754744,0.1035584423376398
97,97.0,97.0,0.08104076830333283,0.1128001487275437,0.09574756838642515,0.1081774201933335,0.05676473055894088,0.12909129427828683,0.0783405119678957,0.06778474980696429,0.14211928389113565,0.12813352388614144
98,98.0,98.0,0.08129691868953272,0.11721167322730104,0.1171245106220353,0.08106849614002432,0.06713500183494761,0.11800274992804254,0.0824083484811009,0.07142855449772999,0.13086756006499828,0.1334561865142872
99,99.0,99.0,0.06664527079750324,0.09920769679472749,0.11012456313768378,0.09207700422380023,0.06917042596471511,0.14318551102045723,0.10836609750127388,0.0648208726940588,0.13522058759560335,0.11118197027017691
100,100.0,100.0,0.10221604480672367,0.10544788715747892,0.10469317436250274,0.10251120853423465,0.06988775163292929,0.11958899908914414,0.07893235609690002,0.08911318001196872,0.11372333242669752,0.11388606588142025
101,101.0,101.0,0.08675704608384481,0.10741793211136386,0.11008092757002767,0.07634870044910218,0.06305329028922171,0.14878799024227515,0.06783055961535131,0.07683716195292539,0.14910652256106682,0.11377986912482103
102,102.0,102.0,0.07644710686807088,0.10040056602323541,0.10292193930628832,0.0875493362287157,0.0641853690404175,0.140578808177853,0.09554076405212378,0.08330779089443945,0.13534848765656543,0.11371983175229053
103,103.0,103.0,0.09452428731871895,0.10108450730236399,0.11021662020835306,0.10338239061036443,0.044762662852373694,0.14894148944957827,0.09045278556318773,0.06302314493633092,0.13445005604393834,0.10916205571479058
104,104.0,104.0,0.10061672132853627,0.09072069893189696,0.08693254357015892,0.08762988179687492,0.054194093694639824,0.13552439235141323,0.10589752416099156,0.07705576214092447,0.13818768858609526,0.12324069343846852
105,105.0,105.0,0.09877584818105586,0.10100857385235003,0.09130048932222977,0.09736460979272762,0.0676682863478722,0.128047721756375,0.08015763480190193,0.07707550990069846,0.1308044944287014,0.1277968316160877
106,106.0,106.0,0.10184014056096066,0.10113754119711896,0.0983316729541908,0.11590475658744934,0.0729495886681204,0.11738844124311283,0.08893132568646381,0.06442164101489359,0.1239397449010935,0.11515514718659599
107,107.0,107.0,0.09023588517668052,0.10687139232884804,0.1200202177368915,0.09905547147831191,0.06589077963515769,0.14321930292837431,0.08703360135379368,0.06388235101267647,0.11125243042641142,0.11253856792285433
108,108.0,108.0,0.08526748207885448,0.09809392382597429,0.089980270156128,0.08924681861129562,0.0806803808565515,0.1380555308161861,0.0796419339444043,0.07965378068985254,0.13387721424856344,0.1255026647721897
109,109.0,109.0,0.08408982886854618,0.11680909955171344,0.10021136867617073,0.09891173855276705,0.05672482706100612,0.11680569603566097,0.08469538510249623,0.06529337003350945,0.16437046124805926,0.11208822487007049
110,110.0,110.0,0.06984946644127132,0.11049147074960826,0.11382143150738555,0.11202479407387825,0.052750545168830786,0.12772237374748416,0.07537143549367013,0.07128166424837752,0.13160183380015097,0.135084984769343
111,111.0,111.0,0.08224204998431739,0.10038779507642452,0.0879868147770688,0.10691282598361532,0.05337568406108528,0.13186613108216105,0.07946061164222307,0.0775780887913951,0.1435762618602555,0.13661373674145386
112,112.0,112.0,0.06693355206217362,0.10430097202111659,0.08400124696991174,0.09321764870334098,0.0810545533007687,0.12201524133202286,0.07116681862460054,0.09165470653588315,0.15107446807448538,0.13458079237569642
113,113.0,113.0,0.07868717398703091,0.11013128063209936,0.09725306237762729,0.0813715207829743,0.0643204913688138,0.11830551527801896,0.08361327263112336,0.08814919117456241,0.14704609546359593,0.13112239630415362
114,114.0,114.0,0.08107691410014628,0.09811778973077638,0.11689980255471025,0.1035600175199746,0.06744759552288121,0.11756016862012779,0.07871479923219296,0.061347185670122,0.14684870439359696,0.1284270226554716
115,115.0,115.0,0.08084849654057956,0.09817634067982682,0.09354720303537277,0.08966357709537703,0.06635865841570024,0.1378116378078284,0.11283506098968772,0.08325990488120552,0.12911821211864727,0.10838090843577455
116,116.0,116.0,0.09204279393203328,0.1056715482351599,0.11468052395550013,0.09342594269685811,0.05201557648575197,0.120127560083312,0.08602699937506506,0.07877191704780301,0.13106355076566162,0.12617358742285484
117,117.0,117.0,0.09052732276290905,0.11782075058998949,0.0926213536182516,0.09124575946030583,0.058594592322722204,0.135439759276133,0.07206023610439133,0.06266831747183553,0.14964785106179518,0.1293740573316667
118,118.0,118.0,0.11054196135676912,0.11232826549178407,0.09684330574800579,0.08413155877632886,0.05569618594820565,0.15469337550949555,0.07089485434991685,0.07348532207618735,0.12666668528086927,0.11471848546243742
119,119.0,119.0,0.08338670003712434,0.10424600934281078,0.09868676298322847,0.07472026308992101,0.0695871049792917,0.13841755743248832,0.07800616007697313,0.057385421776373124,0.16813348783521104,0.12743053244657798
120,120.0,120.0,0.08262368207296725,0.11463791668182965,0.09730093978585153,0.09983297235454724,0.05919886872298737,0.12242416168542203,0.08464773982395064,0.056066478717415866,0.1508033209776515,0.13246391917737693
121,121.0,121.0,0.1055162901707503,0.11529210961348227,0.09067293545750277,0.08287909135979261,0.060977550190034126,0.12509993172965203,0.08168907835508836,0.08059998336591144,0.1420830032797387,0.11519002647804735
122,122.0,122.0,0.0978123949969333,0.13255438513247114,0.10516415567400453,0.08301318600739868,0.05129477387857351,0.12960180302545357,0.0632971435802306,0.05091474432575245,0.1528870191430833,0.13346039423609884
123,123.0,123.0,0.09969168606368956,0.10642823836871193,0.10307672177547204,0.07453169056352475,0.06505367269041852,0.12945376918530657,0.08296396090195789,0.07657722719825757,0.14531849511901937,0.11690453813364172
124,124.0,124.0,0.07685594722075778,0.1059740089585222,0.1049223764109927,0.0836971308442304,0.04588420950103428,0.1555302583415707,0.07201883920858522,0.07265731571815602,0.15075350263431667,0.13170641116183399
125,125.0,125.0,0.09376827827088163,0.1123632131072821,0.0999267681081292,0.09841605354165575,0.05911595212335213,0.14249550582826923,0.06939151489572448,0.0650022193348829,0.13520645201724146,0.12431404277258103
126,126.0,126.0,0.06990505168776533,0.11533891265052817,0.11018066497418429,0.08447863443463563,0.07345647079655164,0.14567769474808606,0.061475750557184475,0.07822221028180795,0.14151471351462658,0.11974989635462988
127,127.0,127.0,0.0949478613747812,0.1007196692827526,0.11258918528791961,0.10689317190000784,0.054491084849704975,0.11864363999880512,0.06660008298289073,0.05892503141059511,0.15900392661522553,0.1271863462973173
128,128.0,128.0,0.08573016881768322,0.10830901242164137,0.12092098254056856,0.07819903076500863,0.05329477394973324,0.12344695320316335,0.0639146475933738,0.08280508537174944,0.16908842169805485,0.11429092363902357
129,129.0,129.0,0.10452062512555216,0.09123595789899244,0.10138933878750574,0.0721689317922132,0.0703639403088954,0.12325068619188591,0.10495003637573239,0.07612077680666214,0.13801548778346084,0.11798421892909974
130,130.0,130.0,0.09165082120253475,0.11922565209228426,0.12532322713366734,0.06983567584468128,0.05486109200946465,0.12498175956313058,0.07670679463472853,0.06657863718726678,0.15355070670643667,0.11728563362580517
131,131.0,131.0,0.09118313597146573,0.11444212342383016,0.10708302353768126,0.08546439929924117,0.060086039534953596,0.13977523238349923,0.09515801880099874,0.07159808421422703,0.14434111322411394,0.09086882960998918
132,132.0,132.0,0.08542864083159589,0.1204218977210594,0.10506229179371933,0.09896879114287521,0.06165760911825775,0.10398062576285891,0.07674485854607002,0.06159968158701492,0.13126073937440097,0.1548748641221476
133,133.0,133.0,0.08235674110602259,0.12242864107566309,0.10120913856405318,0.06698073093128769,0.04326760759845475,0.13631325007272624,0.09944915657677947,0.07507493811507705,0.14308587935740147,0.1298339166025344
134,134.0,134.0,0.09233924772190219,0.10885718603612562,0.110517834197337,0.08807645551559481,0.052218656764045225,0.12887808561476627,0.07012054836337292,0.04993086968500074,0.17149117358487093,0.12756994251698425
135,135.0,135.0,0.08897956152045107,0.12176958141593566,0.12107537705574659,0.08982429781235973,0.05122483551714746,0.14110603828264806,0.07576882030965319,0.048830037670733586,0.14416716722136327,0.11725428319396136
136,136.0,136.0,0.09709873483159971,0.10906547970035871,0.11721875529521238,0.08499411316816267,0.05338836567138057,0.1460902066114841,0.062386977083649334,0.06237643482588,0.16390116273754005,0.10347977007473239
137,137.0,137.0,0.08137063732887888,0.1096900625310385,0.10541650395359611,0.08412978370971311,0.07103217482973456,0.12572020948403986,0.0738659837844505,0.07784867151993019,0.13749824695778184,0.13342772590083635
138,138.0,138.0,0.08863390046500294,0.11225289996327648,0.12167933421356972,0.0656534327422181,0.0700689721875222,0.14090130852534766,0.08363407402941003,0.05749301355180979,0.14002032038580448,0.11966274393603855
139,139.0,139.0,0.08300333198583944,0.11473596098409881,0.11612814527427592,0.08138664551275795,0.052937452292139184,0.13823482128967096,0.08750894725175316,0.05060268694843599,0.14268702356692303,0.1327749848941055
140,140.0,140.0,0.07426710184398413,0.1062007061675125,0.10178097569532232,0.08557247001444497,0.05194337740854987,0.16809079363533821,0.08601707795234728,0.06045251722020688,0.1382804372849687,0.12739454277732515
141,141.0,141.0,0.09924632391208563,0.12474730073090183,0.07338095520924519,0.08464165006257689,0.0549262069014698,0.12871763394152846,0.08981657970998946,0.0635710013973104,0.15080248604050048,0.13014986209439178
142,142.0,142.0,0.07143677085794614,0.10678633182180478,0.10711680314268957,0.08169359701712955,0.060979771052218266,0.14780859353183212,0.08337666202416584,0.056223132267761065,0.15958234885209457,0.12499598943235812
143,143.0,143.0,0.07603680824035189,0.09351662420018655,0.09209703047818511,0.08111929285089067,0.09270154814156739,0.14301426775509626,0.07043992503326937,0.07007182087556998,0.14704651087239767,0.13395617155248501
144,144.0,144.0,0.09656033714534434,0.12550915653291025,0.09739671806164446,0.06894000250145797,0.05405366622970649,0.14032547694811764,0.08139288848918651,0.07756620839147511,0.1356698211157878,0.12258572458436948
145,145.0,145.0,0.07873999400425083,0.10943574419763176,0.10192220703060717,0.0736837056256556,0.07943415266618249,0.1117921674658348,0.09247154408699851,0.06645995776141955,0.1648091387954182,0.12125138836600106
146,146.0,146.0,0.09467026284955471,0.11751550676905406,0.11126989622081256,0.08364579715167622,0.061522283764228844,0.10709981990781696,0.09769666005795491,0.06073510471439394,0.13779461959357917,0.12805004897092856
147,147.0,147.0,0.1035128527034086,0.12271683662920807,0.09778901737996973,0.1039524708444226,0.05697607032691802,0.1304486145068057,0.07449399910780946,0.05771122035673605,0.12737254217641714,0.12502637596830468
148,148.0,148.0,0.08242526073908799,0.14175715920995807,0.09944889282425876,0.09234260401821434,0.06151028204904039,0.1297919440605761,0.06073566196265225,0.07701436658570958,0.11892481483888609,0.1360490137116164
149,149.0,149.0,0.06794280535611266,0.10423295788978208,0.10226300260377866,0.08847504320791505,0.06196080429465117,0.12677753724600704,0.11160128520126704,0.07405092474425155,0.12625870025514527,0.1364369392010895
150,150.0,150.0,0.08714222795826657,0.12579874061483254,0.09943134202770508,0.08501245499649424,0.06836212568317804,0.10897177318356839,0.08178238187366633,0.08076567761151555,0.14750929978355476,0.11522397626721845
151,151.0,151.0,0.08583236599530973,0.10721857242775792,0.11230694404561707,0.08417851515919916,0.056338188811109725,0.11861379774526107,0.09494041884401991,0.0705674053358738,0.13941025538494967,0.13059353625090192
152,152.0,152.0,0.08878958988856872,0.11746550856623068,0.09851457910307966,0.07440842470116507,0.07197752745720329,0.11651473692700798,0.09328870488527885,0.05157640061254881,0.1441300376073345,0.14333449025158243
153,153.0,153.0,0.08287636829990168,0.1260117798911629,0.11812475549845222,0.08591394857265738,0.05853638983428292,0.11918192456672713,0.07123329964875921,0.08701561292372585,0.1429071429717009,0.1081987777926297
154,154.0,154.0,0.08266295742269238,0.11883130785313309,0.1105137621669422,0.07403703887478948,0.054476085150566476,0.11323089362964578,0.0683980441298015,0.07530860011172706,0.14931753919704702,0.15322377146365493
155,155.0,155.0,0.0948283404418042,0.10700761329396635,0.09347737758588476,0.08614684326947952,0.06716941997667078,0.1010170508309955,0.09663467972296572,0.06352451773051805,0.14424557036182806,0.145948586785887
156,156.0,156.0,0.09316424248035635,0.10851290546499334,0.1192263817725536,0.09128835440021088,0.06972616173709931,0.1312013312758581,0.07534809466794047,0.05409724815959559,0.1467620105256285,0.11067326951576381
157,157.0,157.0,0.10791737906791095,0.12036798749971973,0.10661069359036932,0.07569333780894695,0.05302260771382054,0.13750774509741337,0.07418383609925461,0.05850077467126293,0.16702997403787348,0.09916566441342808
158,158.0,158.0,0.09886520153602599,0.10694974154503886,0.09593622687740239,0.07587300840661435,0.09775540598001668,0.13514411513673102,0.0810069354380738,0.057080835620641056,0.13693730446370772,0.11445122499574809
159,159.0,159.0,0.08792178965157363,0.10359287905723687,0.10859106330347934,0.09278661133801616,0.06618332113126535,0.12952735567379542,0.08638107767761444,0.0773227114545895,0.1329647024084927,0.11472848830393659
160,160.0,160.0,0.0870630146414708,0.10672918850205078,0.08524869432697096,0.0881059680078414,0.05928264607961616,0.13365718394896833,0.08516031182503837,0.056877673714226674,0.1671989681413614,0.13067635081245513
161,161.0,161.0,0.08528707198170529,0.11309247498729831,0.11032246883385577,0.07537658941373018,0.0433522718201608,0.11523302609632644,0.06159705600797484,0.09326087038279512,0.1610298642769707,0.14144830619918253
162,162.0,162.0,0.06625442771909637,0.110215210186049,0.11432724240737321,0.08487674606036334,0.08751687643679068,0.12566622071310404,0.08159199211293015,0.058664149398909446,0.13523372683654108,0.13565340812884266
163,163.0,163.0,0.07991698171066061,0.11934975765658735,0.11746473423577253,0.08268266396936973,0.05849870565070923,0.13532271815256589,0.07547896506482536,0.03851960086279578,0.15067670504673875,0.14208916764997476
164,164.0,164.0,0.09393148898248352,0.09975993500941689,0.09848319731857037,0.0897736487389409,0.04850416049747075,0.16083185499357222,0.07834489702193329,0.06043298511529618,0.15726586792135241,0.11267196440096346
165,165.0,165.0,0.08125050552682134,0.09240226564362305,0.11920937210189367,0.08991548957976805,0.0481477771813917,0.12783106552251206,0.10013024745905433,0.058183413105097226,0.15059232038043313,0.13233754349940535
166,166.0,166.0,0.09384440901997135,0.10868335350069332,0.10292917336104153,0.08488212582662678,0.05997737836721116,0.1347002105465574,0.08846801329073736,0.05356508938646272,0.15072564261568205,0.1222246040850163
167,167.0,167.0,0.10994282892254674,0.09752267030287742,0.11497167717600505,0.085985172103455,0.05838651309369473,0.12163679132489287,0.08191795676644059,0.05248434598527165,0.1546807997871275,0.1224712445376884
168,168.0,168.0,0.11366813244203075,0.11759494154916554,0.10006154987242721,0.07355250410118455,0.05542178244441609,0.11731223872843421,0.07868103532988098,0.060937932254947855,0.16792637410359115,0.11484350917392157
169,169.0,169.0,0.07570744344180669,0.0842683677375353,0.11872481406830568,0.07673865576494507,0.0636846252381338,0.11987639192699373,0.08568058989706821,0.07297075840377473,0.1672431931562669,0.13510516036516992
170,170.0,170.0,0.08878091052106118,0.0961848538551463,0.11005770216903635,0.09607946153985096,0.062468288834995334,0.1410660329076624,0.07568788886244483,0.05792764998266159,0.15219622531141305,0.11955098601572796
171,171.0,171.0,0.08528977557648229,0.10489040713123347,0.1185716668737854,0.06648226629043368,0.059301297560843014,0.14347461010481338,0.07535472339240293,0.05807222263614324,0.17013038483320805,0.11843264560065443
172,172.0,172.0,0.08532534691941987,0.09209227692324293,0.114026749085862,0.0844606717180132,0.05860510330726325,0.11921609990771367,0.09623427951353036,0.048326167050032086,0.17899063927920061,0.122722666295722
173,173.0,173.0,0.08937007667909262,0.1264314176120826,0.09520172789727775,0.08282543120344808,0.06409546032109573,0.147905796741836,0.06774906544251504,0.0642992141393048,0.15392670707837638,0.10819510288497096
174,174.0,174.0,0.08404690941081597,0.11932299285646475,0.0886700595000605,0.06982002057716033,0.07261730394969691,0.1258235411075284,0.09155255279820726,0.0606350086113487,0.17485445716791165,0.11265715402080548
175,175.0,175.0,0.11097290579740507,0.12067907496369128,0.0968618294630385,0.11666829824356828,0.056480370632025975,0.11091779040572555,0.0716833367974033,0.0676411636758179,0.1305657892781804,0.11752944074314362
176,176.0,176.0,0.06323525663910093,0.12159434323664871,0.08989974794692454,0.09373285250222257,0.053341387724568964,0.12115317560266861,0.09256671015853032,0.05541838392354992,0.15127039652441568,0.1577877457413697
177,177.0,177.0,0.08185817304352291,0.1270514309094722,0.11740891706250567,0.07136213705059272,0.06495181193994293,0.11297793994002596,0.08376991799727075,0.06676275323663286,0.14860412350707658,0.1252527953129574
178,178.0,178.0,0.08561417325735846,0.1244285897794819,0.10449436814509946,0.07239517643656054,0.06924415597888614,0.14442707021869003,0.06581506025142114,0.053861835546105984,0.1629684253407143,0.11675114504568196
179,179.0,179.0,0.0996534333246133,0.09494621527720573,0.1262967166807868,0.08504570138591258,0.05238875489032461,0.12990440462936031,0.08029878759168653,0.07073374551018215,0.14147234229007657,0.11925989841985137
180,180.0,180.0,0.08613329125652186,0.09027863737167492,0.10645237052679983,0.0793998916033903,0.05390962401981906,0.11850805966230463,0.0655982669601938,0.07831289931015337,0.1565728763608046,0.1648340829283375
181,181.0,181.0,0.09630491831783347,0.08554423728476461,0.11341417841923944,0.07570694919225945,0.058866529233648615,0.13045162047226053,0.08807724619403164,0.06573551113552112,0.14106899043718296,0.1448298193132581
182,182.0,182.0,0.07946998909575165,0.09376122458518354,0.13356430517098455,0.08041686771061554,0.06858013655527943,0.12176515498253453,0.0808751973687654,0.06029283455127062,0.15248926504750476,0.12878502493210994
183,183.0,183.0,0.11276548064294056,0.12602317412142117,0.10666682685083131,0.08883094037437435,0.036717875793250955,0.13960869364877965,0.074747761306502,0.04037387274149025,0.16039558065406448,0.11386979386634524
184,184.0,184.0,0.09295096477945318,0.11492732732664694,0.10498944617030256,0.06055988031974739,0.05068354842599739,0.15001703772904798,0.08015557059208761,0.06847595929841829,0.1648473774821229,0.11239288787617574
185,185.0,185.0,0.0841704846861161,0.11879654809778743,0.1111214481819475,0.10249484067886987,0.06010838251571212,0.13242531745153308,0.07620264521859635,0.04707450709212667,0.14741193424149346,0.12019389183581737
186,186.0,186.0,0.06620028543210464,0.1231355710443145,0.11680986476461523,0.08554692897927338,0.1018359183133813,0.10970964793863065,0.0831586546087644,0.07878251262347893,0.13867199192617985,0.09614862436925709
