,Unnamed: 0,Generation,Intertwine_two,Add_vertex,Delete_vertex,Invert_path_vertices,Insert_inside_vertex,Delete_inside_vertex,Replace_inside_vertex,Donate_between_routes,Trim_one_terminal_cb,Grow_one_terminal_cb
0,0.0,0.0,0.09999999999999999,0.09999999999999999,0.09999999999999999,0.09999999999999999,0.09999999999999999,0.09999999999999999,0.09999999999999999,0.09999999999999999,0.09999999999999999,0.09999999999999999
1,1.0,0.10900000000000001,0.10037640235636011,0.09969520876644035,0.09905791327786992,0.10086670251203816,0.09871355815814374,0.0997948254739375,0.10064256367761346,0.09963123513819196,0.10077009341549131,0.10045149722391342
2,2.0,0.31601,0.10030513630043873,0.09865754160408455,0.09834230474534614,0.10067429258084329,0.099567554146848,0.1006011977167612,0.10046879441799589,0.09930273880195828,0.10118673513809048,0.10089370454763341
3,3.0,0.6191589000000001,0.10142132908220206,0.09767335126763459,0.09637233584046505,0.10154140636526074,0.09903017907153172,0.10137529272708803,0.10101746174779797,0.09909137018806374,0.10167971060773735,0.10079756310221873
4,4.0,1.015801321,0.10140383564461118,0.09675978470740138,0.09488870081741037,0.10345537859730979,0.09800395014792174,0.10119789565624096,0.10125435152859993,0.0985576298727259,0.10215052815498597,0.10232794487279279
5,5.0,1.50262148669,0.10070273528223593,0.09584724550858241,0.09350366202323797,0.10318999396076572,0.09800108089850065,0.10174683525696535,0.10222849323749561,0.09852594316866196,0.1022412404796834,0.10401277018387103
6,6.0,2.0757334209441005,0.10110526277163176,0.0956095590230683,0.09128090624407303,0.10451214296095493,0.09653917523594432,0.10251991475457088,0.10220632498791321,0.09867396229646301,0.10323075017810804,0.10432200154727256
7,7.0,2.7307768275633495,0.10041942085832498,0.09607697267625069,0.09081541343761082,0.10418402174301149,0.0956015787280549,0.10228289891501723,0.1020106384480517,0.09799892685557325,0.10511077478609775,0.10549935355200728
8,8.0,3.4630081252450404,0.10025142419906405,0.09593186782136331,0.09049507300806767,0.10314948171874344,0.09488219333776024,0.10397978860666077,0.10122174402971602,0.09810456073144376,0.10576693483565718,0.10621693171152366
9,9.0,4.2673862119061114,0.10042956316783071,0.09667070293635391,0.08838562200583931,0.10235912381190637,0.0945660602906031,0.10502200806295639,0.10028988180207846,0.09701407803676577,0.10786589797814455,0.10739706190752155
10,10.0,5.138652627782014,0.10064063429830888,0.096954014683417,0.08715398157265249,0.10201682124028771,0.09345465831396982,0.10653675050203973,0.09885293094359313,0.095722467772356,0.11029801799546916,0.1083697226779062
11,11.0,6.071405875792507,0.10067883944967271,0.0976334154724721,0.08451499067993848,0.10152856101198836,0.09163665697943922,0.10856028580409327,0.09921187514637476,0.09380547149969062,0.11270788497331946,0.10972201898301118
12,12.0,7.060169740244025,0.10106143111151618,0.09825730345108695,0.08370116286877154,0.1013893866853891,0.08960924440721693,0.11049821533491888,0.09774879946348092,0.09259816935509826,0.11421980293023377,0.11091648439228768
13,13.0,8.099455520847952,0.10119654294697025,0.09853864942212114,0.08220535226131057,0.1015822241362895,0.08755539770570793,0.112236810230415,0.09693219716389975,0.09170054309226933,0.11568522527777297,0.1123670577632438
14,14.0,9.183818168183006,0.09996277320367838,0.09850582484076294,0.08199400447459414,0.10100901651628198,0.0861230673986155,0.11293340673539257,0.0961729190919657,0.09168252858267797,0.11828215813047399,0.11333430102555708
15,15.0,10.307906369102724,0.09967574845755883,0.0998269475628714,0.0823586423346041,0.09986738547579857,0.08460196245556692,0.1129717117197833,0.09570937093199092,0.09074033184913537,0.1193153811738258,0.11493251803886505
16,16.0,11.466506686239443,0.0992213561680405,0.09929835740481341,0.08277496128317953,0.10009983871831027,0.08360682367185181,0.11539161781083587,0.09468684342239937,0.089459355090885,0.12111346371924489,0.11434738271043962
17,17.0,12.654581904800096,0.09838545343607233,0.0993077518216016,0.08377631391686016,0.09973386326489797,0.08213187473407675,0.11646021822018666,0.09410280685367448,0.08820642473617096,0.122516846583801,0.11537844643265838
18,18.0,13.867303782456686,0.09774894566663092,0.09891655885848588,0.08309968264671214,0.09947456130548465,0.08046289408669359,0.11740996822230323,0.09336065912790693,0.08946067618885004,0.12475208792567316,0.11531396597125976
19,19.0,15.100080434523047,0.09640879776470636,0.10047558907516782,0.0824365974000216,0.0998170544772446,0.07931163198757922,0.11796581177314895,0.0929651283116693,0.08894965664137376,0.12582380525450104,0.11584592731458769
20,20.0,16.348578617037543,0.09477953952430777,0.10059990870732333,0.08361498596550397,0.10019302657285117,0.0786397727965207,0.11995066333515246,0.09156170466269793,0.08745117299687719,0.12706492788334364,0.11614429755542222
21,21.0,17.608741195130214,0.0945456227098844,0.1012436055504807,0.08518588948730382,0.09879521365714351,0.07830580701977805,0.12148797261334197,0.08895672590425761,0.0860610443058829,0.12836411311711762,0.11705400563480978
22,22.0,18.876800103462312,0.0939942364575376,0.10265206167713511,0.08625714260338936,0.09814983092102927,0.07684981914491207,0.12195173151078792,0.08887795171906007,0.08533171858050322,0.1305191886286386,0.11541631875700716
23,23.0,20.14928511992658,0.0936206327894685,0.10422845326619858,0.08671229860352926,0.09693301212407865,0.07610241456843392,0.12319280045228406,0.08893611308110771,0.08326942582493271,0.13191605386603117,0.1150887954239358
24,24.0,21.423028783545156,0.09325747555664471,0.1044676652688448,0.08696729683797641,0.09623493689820214,0.07453857985182893,0.1242581467240669,0.08824168456007643,0.08418278846429597,0.13289269347973104,0.11495873235833304
25,25.0,22.695167792966423,0.09280546723381033,0.10493367251727538,0.08697090595259983,0.09624491658757413,0.07388676601773708,0.12374021798648036,0.088487214107107,0.08392007440321372,0.13426738782311162,0.11474337737109094
26,26.0,23.963141223515898,0.09245416248529552,0.10499571922579636,0.08604590603847237,0.09666778138372872,0.07286109183016964,0.12583084006167441,0.08856001179417804,0.08240849688508425,0.13464500352016595,0.11553098677543512
27,27.0,25.224685898775267,0.09139875662679245,0.1042666096038887,0.08688369333907173,0.09633708138705507,0.0724847534675038,0.1268654024217882,0.08807212608164096,0.08065114732709618,0.13591077615025307,0.1171296535949102
28,28.0,26.477829247520948,0.09069482396563214,0.10706376761649464,0.08573669571039054,0.09501917853636654,0.07126197874347148,0.12816142760823104,0.08664732688826074,0.08058984789274465,0.1373756586705869,0.11744929436782169
29,29.0,27.720879968916847,0.09071449550648478,0.10799436763611375,0.08662877309950365,0.09392598818114418,0.06839953961452264,0.12848927251921805,0.08588659167118948,0.08067411737609446,0.14023079439665226,0.1170560599990771
30,30.0,28.95241681848399,0.09109695928262106,0.10684821352828225,0.08790152649640193,0.09333050242534274,0.06806323263016893,0.12959043164040884,0.0843631393692059,0.08036407214523886,0.14087939829114302,0.11756252419118682
31,31.0,30.17127581490958,0.09153940177900605,0.10689091559005745,0.08765238272417317,0.09324635868743442,0.06822131722201491,0.13064774120358552,0.08251633501711117,0.08170771591345932,0.14133579836305393,0.11624203350010441
32,32.0,31.376536153543515,0.0917021257967114,0.10711267817147653,0.08939026989214,0.09223234822352072,0.06748349273618262,0.13109787187385627,0.08240529166011075,0.08020599551162869,0.14279636789874825,0.11557355823562512
33,33.0,32.567505096778625,0.09187419973515147,0.10676861163661208,0.09097622269756084,0.09292057846581817,0.06781783469170823,0.13128395760936035,0.08123514368773231,0.07939475460656834,0.14304530389994657,0.11468339296954198
34,34.0,33.74370209472243,0.09145585067266396,0.1057040363436185,0.09207342164005022,0.09333724379567737,0.06650475606810398,0.13233687926892196,0.08097097187664114,0.07953973107399218,0.14281172768021053,0.11526538158012055
35,35.0,34.90484237192463,0.09042772116569553,0.10537657959948976,0.09252245111101284,0.09310808868809735,0.06606853453644831,0.13194099502548123,0.08170650354216794,0.0784957141070114,0.14406885392872637,0.1162845582958696
36,36.0,36.05082019768737,0.0920387236148695,0.10429540117096582,0.09275725545246355,0.09248861681258265,0.06654962108380542,0.13293478354688204,0.08279052883763816,0.07810391457942417,0.1431094748658342,0.11493168003553482
37,37.0,37.18169203889697,0.09302713104164277,0.10422355185368537,0.09362101986702415,0.09188891661166033,0.06643036896250966,0.1333757579622647,0.08275390594758138,0.07748040965516656,0.14292911694849628,0.11426982114996913
38,38.0,38.29765977559663,0.09243530568001043,0.10422370386667022,0.0943450332825703,0.09268617847608787,0.06563212454682264,0.13382864858768384,0.0823144014233558,0.07563361948332448,0.14518258118272054,0.11371840347075418
39,39.0,39.399054140870355,0.09077901689461707,0.10429181203064002,0.09614270784013418,0.09033212190825478,0.06384945090121434,0.13588283932384446,0.08107904906745929,0.07534144848302202,0.147527177054182,0.11477437649663215
40,40.0,40.48631852820801,0.08989562360469315,0.10477083722128283,0.09624218407074218,0.08818735508250175,0.06486797901618893,0.13694749207480938,0.07986416594961605,0.07691635818363954,0.14711129955839802,0.11519670523812836
41,41.0,41.55999329152982,0.08980355554146693,0.10392772950990156,0.09769417530506126,0.08847049713716669,0.06391933758053985,0.13879101152681853,0.07986308224979616,0.07662175740805227,0.14577414197361627,0.11513471176758071
42,42.0,42.62070064560415,0.09138723384353326,0.10290391153849313,0.09863715183927643,0.08846707356327262,0.06387871249915938,0.13760761152730702,0.07988197889508535,0.07588764562894627,0.14564146552241553,0.11570721514251124
43,43.0,43.669130257815,0.0913216972780918,0.10395847697954957,0.09851162516314148,0.08850403272306029,0.06466676831646768,0.1360944106634556,0.08051267932960762,0.07608469713942552,0.14504741047416636,0.11529820193303426
44,44.0,44.70602560622662,0.09133941494406085,0.10333970931417331,0.0990591776944127,0.08879201391320811,0.06431307990658848,0.1354264884440397,0.08050473442550907,0.07519161176287074,0.14540603110140865,0.11662773849372858
45,45.0,45.73217116373481,0.09150197818761417,0.10305379745446382,0.09961964224995873,0.08899294598006512,0.06388459590306009,0.13430088736645543,0.08124057287741959,0.07531193471240225,0.14571847481032285,0.1163751704582382
46,46.0,46.748380453854836,0.09062869796265373,0.10203067960269288,0.09990134978591834,0.08996969559757872,0.0639303360024521,0.1341958461153802,0.08060442321798175,0.07473521052501822,0.14603238687998235,0.11797137431034194
47,47.0,47.755485010424316,0.08987747199183521,0.1025253391630413,0.10010989130133839,0.0901905508764841,0.06549510297905971,0.13359008721509036,0.07865298990585354,0.07462047560367874,0.14721416140908644,0.11772392955453248
48,48.0,48.7543242612326,0.09004868829063711,0.10252147376230863,0.1012550169562515,0.09097115796960095,0.06522317093035107,0.1318632970700926,0.07874585687446807,0.07460856236534494,0.14673207585720002,0.11803069992374537
49,49.0,49.745736344347726,0.0899762308483955,0.10351684175937347,0.10183425757647498,0.09066214881385025,0.06559010860124957,0.13371075775867147,0.07877587108482757,0.07274792059725148,0.14478673032416897,0.11839913263573698
50,50.0,50.730549855707864,0.08924498530731022,0.10311215838815374,0.10273011963663989,0.08957104446395267,0.06501042122619774,0.13436298298444158,0.07998293943459289,0.07123500449395542,0.14563245375435802,0.11911789031039804
51,51.0,51.70957651737491,0.08982125740017464,0.1044682648129766,0.10219469198113731,0.08933713831032877,0.06459203350933732,0.13284811483415748,0.08077085250573346,0.07073887668213089,0.14552718057252664,0.11970158939149703
52,52.0,52.68360474770151,0.08892551599179616,0.10513792719444934,0.10291147832037927,0.08964870591724138,0.06485835656785582,0.13296574286947957,0.08096475939190506,0.07044785250121717,0.14441416790972986,0.11972549333594652
53,53.0,53.65339410751842,0.08837815507437345,0.10649903042587622,0.10559355920697953,0.09019145225689251,0.06401226723600645,0.13082058924866435,0.0810041595374027,0.07118047511087196,0.14263546227742668,0.1196848496255063
54,54.0,54.61967059027847,0.08740323159743316,0.10698768170609696,0.10577778136473265,0.09018541089477372,0.06429928529362047,0.13042775841521148,0.08223032808248365,0.07163380523071505,0.14207376744789857,0.1189809499670344
55,55.0,55.58312271885972,0.08873658171571519,0.1069786064942208,0.10592537121230364,0.08874521053850962,0.06437004678414382,0.12962218589222002,0.0822247572950667,0.07323126000406233,0.14084824952251399,0.11931773054124402
56,56.0,56.544398407394254,0.08815150263634483,0.1071307122582576,0.10710176735900118,0.08984072415839203,0.0648007268085518,0.129271622251989,0.08211425002328882,0.07280652912358168,0.1404634285664949,0.11831873681409824
57,57.0,57.504102543001395,0.08948877527211724,0.10478772223578692,0.10829752666829902,0.08997081942254812,0.06443468986525719,0.1270815764389915,0.0835609629644568,0.0711655907622551,0.14161927847774922,0.11959305789253896
58,58.0,58.462795239617805,0.08929489786293326,0.10471634000471108,0.10754650060223968,0.08876156350129988,0.0667508093612684,0.12635849152045303,0.08407072239154166,0.06941887698917162,0.1427320947934292,0.1203497029729523
59,59.0,59.42099071417639,0.09037009763496232,0.10561996745822955,0.1087236644396867,0.08869667828603006,0.0665645001520643,0.12717826080013928,0.08310030502143427,0.06805352893322109,0.14190968304143836,0.11978331423279419
60,60.0,60.379156734137354,0.09093316082340766,0.10439624354833724,0.10780523285413496,0.08987773101411545,0.06545597475012963,0.12662976550551497,0.08483496213216779,0.06767902791132291,0.14212940484424938,0.12025849661662014
61,61.0,61.337714584760846,0.09157271458499655,0.10584006158954225,0.10933271217701956,0.08919362899513229,0.06377082048786237,0.12783780858335134,0.08457783074710584,0.06674460212837661,0.14046776930097724,0.12066205140563604
62,62.0,62.29703950447439,0.09216805193832434,0.10756662970871991,0.1094098055473037,0.08825290453809788,0.06483267114413697,0.1270226010230395,0.0844501683038737,0.06586965413195082,0.1409840930665584,0.11944342059799484
63,63.0,63.257461537171835,0.0942922809931795,0.1080123466606134,0.10964161559532938,0.0863090492657498,0.06384106063428846,0.12843175170956503,0.08355702626535214,0.06528692069734578,0.14218914995742868,0.11843879822114786
64,64.0,64.21926675122782,0.09457897376664202,0.10871774475559731,0.1091641547415678,0.08594654362091748,0.06408077758115754,0.1296110222738416,0.08237248427133884,0.06545083743830174,0.142765144437202,0.11731231711343368
65,65.0,65.18269877636592,0.09415969264978027,0.10814708181688523,0.10879401009104964,0.08739222638044719,0.06327344291524921,0.1295234972476492,0.08312110365553269,0.06617859637952242,0.14315539622683576,0.11625495263704842
66,66.0,66.14796061122655,0.09328727736310814,0.10743501878815767,0.10815108832344356,0.08752889605897814,0.06287235180681212,0.12954211638042976,0.08532218400620727,0.06596829310038682,0.1437645977830643,0.11612817638941228
67,67.0,67.11521665648885,0.09165872408436582,0.10742841779734164,0.10816290193688377,0.0884772708001762,0.061397615782469696,0.1302243599571973,0.08597716551543173,0.06651962027330231,0.14336610182887294,0.11678782202395865
68,68.0,68.08459493066005,0.09131021463060345,0.1089770062151124,0.10849782982960067,0.08801704251618811,0.062358257078591876,0.12920529272444134,0.08458621073026007,0.06785493947382511,0.14305812499184117,0.11613508180953588
69,69.0,69.05618942810752,0.09018174060110959,0.10885529192426517,0.10847328038894408,0.0879432214485717,0.061430846971169,0.12787196641842122,0.08407141833499213,0.06816155367929506,0.1435737116001633,0.11943696863306885
70,70.0,70.03006258152917,0.0898587034516645,0.10725392814995927,0.10807914628472781,0.08914536002160225,0.06271975577909025,0.12746969661034765,0.08255579564668666,0.07023542050542352,0.14331532932152866,0.11936686422896951
71,71.0,71.00624779379335,0.09051895640927188,0.10578215291224027,0.10699152342298142,0.08924804952882434,0.0644349106434578,0.12750573908612983,0.0807390929546077,0.07197899741974206,0.1439610666635676,0.11883951095917722
72,72.0,71.98475200689319,0.09076642964231534,0.10552550129087274,0.1042350798424383,0.08873933958057412,0.06557075975343396,0.1266841047234349,0.08246547497621388,0.0719024309603715,0.1452375414689039,0.11887333776144149
73,73.0,72.96555827861411,0.08871132507831814,0.10543776763855235,0.10342714063277259,0.08941098980649345,0.06620282177429321,0.12648122049225763,0.08386639660420622,0.07130184795354111,0.1446142924958563,0.12054619752370913
74,74.0,73.94862834037681,0.08780634445265122,0.10428701326140771,0.10361442822981246,0.08967264009514668,0.06671585764781093,0.1283904202677705,0.08309373572797236,0.07167569039917683,0.1442382997628237,0.12050557015542773
75,75.0,74.93390511255946,0.0870229624028086,0.10373460803918377,0.10354707717377892,0.0908714173729554,0.06734738175159205,0.12891038319765338,0.08256931682986224,0.07176218383852348,0.1430920321265885,0.1211426372670538
76,76.0,75.92131515639825,0.08669298767999005,0.10223615632068189,0.10294472332840345,0.09042555702467134,0.06763020751895088,0.1295989752026087,0.08250816691399022,0.07444801827896468,0.14234730636823462,0.12116790136350436
77,77.0,76.91077104428919,0.08572791619586517,0.1021847031210997,0.10266213810136463,0.09148993526052374,0.06695307978189337,0.1304534491141828,0.08475708961788961,0.07559372563446104,0.1410684188260221,0.11910954434669806
78,78.0,77.90217363294813,0.08581948427281269,0.10441199396324452,0.10258215901136866,0.09103613613428767,0.06627083452346205,0.1279926522099176,0.08408685124728328,0.07639347565012419,0.14043509432499504,0.12097131866250455
79,79.0,78.89541422641172,0.08503318020847314,0.10394419686241538,0.10027608770004516,0.09243595889512918,0.06596835369409565,0.1269548916934558,0.08577211516668765,0.07600212890685806,0.14280772910257364,0.12080535777026657
80,80.0,79.89037661826481,0.0847893302903854,0.10341115319390194,0.09928969775930596,0.09374560588012913,0.06663892322740984,0.12721539259967582,0.08614877312176891,0.07505527209201474,0.14303567447080084,0.12067017736460764
81,81.0,80.88693900474995,0.08637135797521113,0.10441197068621615,0.09908910806852594,0.09351204929950131,0.06640453973665693,0.12609832663720189,0.08651067087289785,0.07575533828631853,0.14105554144047544,0.12079109699699514
82,82.0,81.88497576253909,0.0864467027385589,0.10572651153423471,0.09871566854906991,0.09356142686296934,0.06570288587585243,0.12530138688669212,0.08623917473182884,0.07811357633586799,0.13976810547147991,0.12042456101344612
83,83.0,82.88435908692391,0.08599158793142248,0.10492846452583966,0.09936340085880706,0.09413685114680509,0.06561739164854448,0.12599149310655328,0.08566267072395149,0.07825343501472494,0.13912753234872227,0.12092717269462952
84,84.0,83.88496048800103,0.0846931894015045,0.10488019214557272,0.0997338568511034,0.0928441763043983,0.06580004329668289,0.12665877872215747,0.08430175291410899,0.07741679937363038,0.1404167756544705,0.1232544353363711
85,85.0,84.88665214409042,0.08549044809275486,0.10452415325139752,0.0997324510131779,0.09270222539014536,0.06393044527393096,0.1268431880456524,0.08455391991014198,0.07765272970047407,0.1412591168187151,0.1233113225036101
86,86.0,85.88930811312994,0.08415707638411579,0.10536216037342379,0.09905504356110317,0.09351704610704453,0.06526181473885304,0.1276502981522766,0.08436217682062075,0.07842502079627714,0.13887222398015214,0.12333713908613333
87,87.0,86.89280540413424,0.08412502178250117,0.10417263612836661,0.10087390386903318,0.09306191990256213,0.06356970019278753,0.12693237952548286,0.0849772907279272,0.07777891508469789,0.13944256418761436,0.12506566859902735
88,88.0,87.89702491199675,0.08579666733300365,0.1034533710467212,0.10074547464733434,0.09284097734129114,0.06438607717034726,0.12695023119773124,0.0844499749716815,0.07627513823733481,0.14102017485064405,0.12408191320391108
89,89.0,88.90185221995306,0.08665753499829956,0.10450763888359275,0.10045468709153144,0.09427584026170424,0.06354274793638715,0.12613432725533769,0.08496560655740458,0.07479299095485382,0.14056256009581963,0.12410606596506941
90,90.0,89.90717827491419,0.08713843052279531,0.10609959310925464,0.10008136100982215,0.0934914606266451,0.06277420463132828,0.12703488761823692,0.08465938364078728,0.07457842356237845,0.140210223777869,0.1239320315008832
91,91.0,90.91289994163006,0.0859706688991867,0.10552731124060648,0.09989109153214008,0.09389052586352109,0.06344242563035683,0.12841305325172908,0.08377564422747828,0.07373220103565557,0.14076341511013438,0.12459366320919182
92,92.0,91.91892044225806,0.08599570021842153,0.10459762070801876,0.09825814733753914,0.09392778154382944,0.06594220015357219,0.12696756629714298,0.08480023656213323,0.07451994612777244,0.14147054872104287,0.12352025233052777
93,93.0,92.92514968840067,0.08728037447915976,0.10561471363980662,0.09766707460910481,0.09390652643598152,0.06754982967364193,0.12715831762589375,0.08349646384220277,0.07383701454677577,0.1397564189273383,0.12373326622009508
94,94.0,93.93150451304501,0.08760418904098172,0.10767919947788117,0.09556260877553568,0.09669117480649775,0.06735880198979124,0.12706532553270802,0.08355850525377811,0.07357778432996809,0.13742628394358497,0.12347612684927359
95,95.0,94.93790881009448,0.08792858797744123,0.10726462893267022,0.09632634476787438,0.09622717376613336,0.06725573681789668,0.1271798696104615,0.08249092919672354,0.07173649203385978,0.14052560425136754,0.12306463264557216
96,96.0,95.94429358933806,0.09085545847992871,0.10605696157145506,0.09616242871477604,0.09502342410153426,0.06773867545450128,0.12922589361514972,0.08193912426801304,0.07157231394506444,0.14027169870991069,0.12115402113966711
97,97.0,96.9505969547639,0.09023759877434925,0.1067875476077603,0.09580274020176315,0.09648073215538913,0.06684375677952538,0.1293865384988741,0.08138183493216576,0.07093734055175613,0.1404258873472347,0.12171602315118245
98,98.0,97.9567640140995,0.08961517177323755,0.10794635350160858,0.09761616304545917,0.09519838387890703,0.06697456683744189,0.12841931201699575,0.08125664495158103,0.07069871905940729,0.13945641870365164,0.12281826623171042
99,99.0,98.96274672736057,0.08750664015219704,0.10728153436007161,0.0987433323321162,0.0950038223610619,0.06729744265251857,0.12996291867165716,0.08375126590636726,0.06983048989030945,0.13893331109110083,0.12168924258260033
100,100.0,99.96850370202192,0.08895742540063568,0.10722647779331003,0.0993284581206451,0.09584286924467211,0.06767849328603096,0.1291247393912091,0.08329919894118656,0.07142821819794988,0.13627566148795953,0.12083845813640136
101,101.0,100.97399994219691,0.08884981844600345,0.10735614547225479,0.10044749381349218,0.09404844402430368,0.06736008530529033,0.13119491975109832,0.0817384905959262,0.07181542148706212,0.13719657256795667,0.11999260853661256
102,102.0,101.97920655893245,0.08770105054163546,0.10677172764088333,0.10083506144824597,0.09337652746818144,0.06714365804758267,0.13241309457346817,0.08296579421906336,0.07286118474607317,0.13676868854943505,0.11916321276543167
103,103.0,102.98410044840509,0.08836233803603344,0.1062504341043854,0.10193420918831128,0.09429683609344164,0.06497702000676973,0.1344273771768174,0.08368731932932381,0.07187837314485593,0.1362795477625742,0.11790654515748746
104,104.0,103.98866394444643,0.08962835967480019,0.10469322981647032,0.10067785860075106,0.09364071851999609,0.06376804528272075,0.13504366293274284,0.08594882045067725,0.07230855214213451,0.13619478939142876,0.1180959631882785
105,105.0,104.99288445143917,0.09069357545147962,0.10418080814054634,0.09984648449684802,0.09396357713624916,0.06393164778051909,0.1348554603477586,0.08560966956108951,0.07274516011565055,0.13540011643360517,0.11877350053625425
106,106.0,105.99675406321822,0.09203952161577733,0.10370080302380968,0.09971590621478521,0.09614217489691387,0.06464438664623594,0.13355207258403273,0.08612728250132486,0.07191602390108497,0.13395247959875412,0.11820934901728158
107,107.0,107.0002691731872,0.09218845381466909,0.10381655091365269,0.10175339790659281,0.09661561018750374,0.06466302274230369,0.1348004734517964,0.08643140214612105,0.07104092847889232,0.1312807476529433,0.11740941270552517
108,108.0,108.0034300804274,0.09180612679750917,0.10307352557837597,0.10076581386944627,0.09608523527524106,0.06617103291983259,0.13549184531633066,0.08597196507757542,0.07175889979197439,0.13093838411166348,0.11793717126205122
109,109.0,109.00624059613932,0.09127888071384788,0.10422652433167684,0.10079224265088549,0.09650600568171233,0.06527778017942125,0.13401473337135753,0.08600051652036181,0.07104798171709271,0.1337089699258302,0.11714636490781413
110,110.0,110.00870765431864,0.08930843247737222,0.10475828608163745,0.10217122609755513,0.09822006192835814,0.06399089499264934,0.13360491001870706,0.0850807665438083,0.07094943875435018,0.13323224932701175,0.11868373377855057
111,111.0,111.01084093013685,0.08857969775848772,0.10428383593596334,0.10094535158062444,0.09938956306276829,0.0627828087155419,0.1335916193720771,0.08456481586926408,0.07149371479712395,0.13398433943881696,0.12038425346933236
112,112.0,112.01265246907188,0.08632961024153558,0.10420918809073046,0.09931392236663554,0.09914782898491845,0.06436934674356898,0.13257731393219715,0.08322003891814161,0.07345206875001184,0.13550696038507903,0.12187372158718145
113,113.0,113.01415632942268,0.08528593308697079,0.10472595373042301,0.09901769086084986,0.09768635372000116,0.06429067684116986,0.13118784570490308,0.08313385285984827,0.07504606214933758,0.13663015705252002,0.1229954739939765
114,114.0,114.01536824044418,0.0845196100681746,0.10404374698503077,0.1006981102385188,0.09842672732590535,0.06453288248969383,0.12973396633028045,0.08257123226520395,0.07393148694853896,0.1377254543303278,0.12381678301832563
115,115.0,115.01630527795908,0.08377265063562107,0.10337635643654025,0.10003724464964903,0.09775475243070007,0.06467112099297918,0.13032888383478863,0.08543833557544345,0.07499379817614438,0.1370294051534925,0.1225974521146416
116,116.0,116.0169855589429,0.08419057534451786,0.10347322554086497,0.1014908972955362,0.0974452998318102,0.06337810282716838,0.12917072935612475,0.08561188964733916,0.0755837405646996,0.13651838282869372,0.12313715676324533
117,117.0,117.01742795623892,0.0844936826514877,0.10479731119718312,0.10072516390970945,0.09690858059780456,0.06275866279822152,0.12956917855188121,0.0843755630822552,0.07453621052163362,0.13786234444535783,0.12397330224446595
118,118.0,118.01765183424293,0.08682827948826077,0.10556997417197697,0.10037716097252622,0.09565748500742681,0.061869685429962705,0.1319118502586408,0.08302317772845355,0.07455645501281143,0.13689164838842732,0.12331428354151361
119,119.0,119.01767680610413,0.08645102732807715,0.10552472814759219,0.10021296550033837,0.09347511014513507,0.0623969627068208,0.13262048823953226,0.08239587824895231,0.07295397369552378,0.14006245256154845,0.12390641342647979
120,120.0,120.01752251271817,0.08600455531458666,0.10651041027149996,0.09991134523046051,0.09383469522498297,0.061904590053087356,0.13171689353955754,0.08245156951037916,0.07122416068487768,0.14146386998433816,0.12497791018623022
121,121.0,121.01720842354362,0.0878581825798073,0.10754421854028551,0.09895098250028948,0.09252291646866627,0.06161226559813093,0.1310783079954619,0.08222778720191282,0.07196910262047111,0.14194650840499076,0.12428972808998415
122,122.0,122.01675365905109,0.08893263867703362,0.11027835244482335,0.09945299759435786,0.0912592868016531,0.060374548803443125,0.1308939843726979,0.08018180255833908,0.06975733526594372,0.14346264951866003,0.12540640396304845
123,123.0,123.0161768344173,0.09017637583441193,0.11034921860940797,0.09975317936996261,0.08919140954901131,0.060545695820159895,0.13070036791472314,0.08013825152151437,0.07014456702471766,0.1441645678148002,0.12483636654129109
124,124.0,124.01549592390272,0.08910731849405201,0.11032836541410819,0.10024114385561406,0.0881002668598494,0.05882786158496916,0.13312129603087813,0.07903280051283929,0.07016541106133946,0.14535133430589825,0.12572420188045222
125,125.0,125.01472814520056,0.08971388628000754,0.11090497438865853,0.10022756338796779,0.08854609934919003,0.05847554851468993,0.13422074570719436,0.0777050225607031,0.06944358010253993,0.14491874076946318,0.12584383893958576
126,126.0,126.01388986291661,0.0879140185489646,0.11173607480726466,0.10123772270089328,0.08765230622081924,0.059598922654845204,0.1356112169090714,0.07563531089327674,0.07007151772663628,0.14506310984888793,0.12547979968934078
127,127.0,127.0129965102319,0.08861832889111557,0.11105816922566528,0.10247714753663266,0.08905760943396092,0.05885199626771734,0.13425990029422283,0.07414340803180272,0.06878845062675343,0.14690647936708745,0.12583851032504192
128,128.0,128.01206252771334,0.08839373426817829,0.11110360351668558,0.10452692999157587,0.08763132383694898,0.05801652231512497,0.13336788405834074,0.0724567186670353,0.06992306144081271,0.14969493591423136,0.12488528599106632
129,129.0,129.0111013181695,0.09004400908381668,0.10940924301538851,0.1045825103512084,0.08565033397163928,0.05892429491005414,0.13244623343636733,0.07495681640624388,0.07040460055626671,0.14929118827303972,0.12429076999597548
130,130.0,130.01012521639834,0.09038704218600686,0.11050155513238637,0.10699398979385681,0.0834993034763131,0.05830540186953572,0.13169789974127094,0.07468251239712609,0.06994093356073973,0.15036858028336902,0.12362278155939552
131,131.0,131.0091454726403,0.09066164124503638,0.11109352414043802,0.10752359330603987,0.0829896120996592,0.058236449787017336,0.13243658529593963,0.07630100402792311,0.06999195500372675,0.15044909500866382,0.12031654008555605
132,132.0,132.0081722485317,0.09033854583144027,0.11225775967024135,0.10779375759492485,0.08390607691702993,0.05835004576856056,0.12959532810395302,0.07610490061787833,0.06905409533179885,0.14915244105861233,0.12344704910556069
133,133.0,133.00721462434865,0.089691470936648,0.1135878873630329,0.10762427547394265,0.08168271637376329,0.05664635763346614,0.13001531203874087,0.07820523693119089,0.06948300314242212,0.14898904948502392,0.12407469062176943
134,134.0,134.0062806163404,0.09003400689461667,0.11351626431971784,0.10833845975928817,0.08164424448882926,0.055874355728090096,0.1297127605145938,0.07737511798828742,0.06741053267870196,0.15162349479026507,0.12447076283760991
135,135.0,135.00537720296956,0.0900293730449162,0.11469645233587938,0.11005877364632058,0.08184872613233278,0.055043614898921435,0.13065491266065132,0.07712029243805318,0.06526042942999011,0.1514607717165774,0.12382665369635781
136,136.0,136.00451035890612,0.090826621796056,0.11455894266966762,0.1113315600026906,0.08162949686386652,0.05447411337427521,0.13210577768120668,0.07553925039895798,0.06451567230407151,0.15321478445692402,0.12180378045228406
137,137.0,137.00368509565993,0.09003405705216518,0.11444270762345192,0.1113557145421872,0.08137940373944488,0.05571508544090006,0.13151440077626483,0.07513269050069932,0.06537122218536788,0.15225996812806633,0.12279475001145257
138,138.0,138.0029055077818,0.08996044089904297,0.11454685337415746,0.11294434454784559,0.07933418863041859,0.05688881093052953,0.13244232955302573,0.0757309285496,0.0642304257750682,0.15150522356319382,0.12241645417711829
139,139.0,139.00217482361367,0.08931786410897623,0.11486595111776586,0.11390634255566601,0.0789300087504669,0.056363813494227685,0.13309540651826607,0.07673586157064302,0.06244730222322851,0.15097777474114654,0.12335967491961332
140,140.0,140.0014954596262,0.08780277666249928,0.11429831370401813,0.11335964183199512,0.07900939567630202,0.0557576447011762,0.13672016716926316,0.07759884521645226,0.06170902790100196,0.1499795046613663,0.12376468247592574
141,141.0,141.00086907744122,0.08880176341929502,0.11556112341261904,0.10991182247071687,0.07905339265774823,0.0554722330637956,0.13635884205044033,0.07883966300080375,0.06134386432190046,0.1502162757913533,0.12444101981132759
142,142.0,142.0002966427003,0.08702434179992515,0.114993417032633,0.10981706116629618,0.07885406721055338,0.05581525874360464,0.137866333321441,0.07942217640522958,0.06030270155850829,0.15131321819199248,0.12459142456981652
143,143.0,142.99977848500652,0.08572879037131304,0.11307343967637545,0.10820279614563104,0.07864563918951988,0.05934780468745383,0.13884306548977193,0.07869230962631255,0.06070972823932875,0.15112957386119907,0.12562685271309465
144,144.0,143.99931435823203,0.08651822715475178,0.11434914513425415,0.1071188687287039,0.07726486147226017,0.05899584528027314,0.13949495738322518,0.07904820202494849,0.061919111930020095,0.14978579435793601,0.12550498653362732
145,145.0,144.99890350055264,0.08554710704564322,0.11400153892680367,0.10649866144369514,0.07641328324943818,0.06116770866695247,0.13723663433475372,0.08049981760814441,0.062053403153251294,0.1513491648405408,0.1252326807307773
146,146.0,145.9985446936357,0.086198054701562,0.11445101164994877,0.10682947926207692,0.07661577622526261,0.061513863264760785,0.13448046416663842,0.08244850049490493,0.06164584549553849,0.15018934609425,0.1256276586450573
147,147.0,146.99823632047406,0.0877528886587542,0.1154063150379858,0.1058235315841236,0.07889898748204338,0.06137086526405187,0.13406098403264535,0.08203453059360535,0.06096754776001974,0.14797935421586536,0.1257049953709056
148,148.0,147.99797642142389,0.08720107966424166,0.11824322556120635,0.10500382107635296,0.08004342576414904,0.06165164028625475,0.1335816611721702,0.08021071865306205,0.06225483114691738,0.1449395206711716,0.12687007600447425
149,149.0,148.99776274806447,0.08520844784163131,0.11727916423657478,0.10449194331479045,0.08080965591955486,0.06194797644842627,0.13281093274516975,0.08346109966353046,0.06326463736536737,0.14267691196425028,0.12804923050070474
150,150.0,149.99759281456036,0.0851623650366422,0.11843762525344348,0.10372579786466671,0.08122965811116162,0.06285493941169557,0.13027636679963384,0.08368595409556934,0.06495280112248762,0.14260144196377098,0.12707305034092892
151,151.0,150.99746394626104,0.08500970294507257,0.11769583450353174,0.10428088260297692,0.08156209406873152,0.06252388425414593,0.12874641396866013,0.08518509105922065,0.06561045004122193,0.14177269310167695,0.12761295345476192
152,152.0,151.99737332532905,0.08517625608248816,0.11794814382170071,0.10348148298762877,0.0809104415956457,0.06372801152253026,0.1270582241767245,0.08646669620848071,0.06435280314869683,0.14147517297086354,0.1294027674852411
153,153.0,152.99731803323698,0.08477096508535628,0.11902502298799131,0.10467337193450721,0.08140948658807287,0.06355010746113085,0.12570013725545717,0.08548282040593079,0.06663707815118047,0.14111166403593284,0.1276393460944405
154,154.0,153.99729509002177,0.08436591613236213,0.11934603460288158,0.10511948648918625,0.0807159807313164,0.06293382616123126,0.12381757380572114,0.08417131142416838,0.06772600971994132,0.14144350040638748,0.13036036052680436
155,155.0,154.99730149022784,0.08520088078948188,0.11844742833286866,0.1038712938870692,0.0812360164811393,0.06356392906382541,0.12079601561933295,0.08565688422695496,0.06760346579762304,0.14131369664418136,0.13231038915752355
156,156.0,155.99733423551103,0.08588221378126809,0.11767481375657071,0.1052188818008189,0.08226730803693645,0.06442275076133144,0.12089725164818646,0.08497501919892046,0.06650965982977329,0.14147783601175237,0.13067426517444214
157,157.0,156.99739036391077,0.08804354741962202,0.11807334975845941,0.10531021710469254,0.08172617924166024,0.06357836899651668,0.12172204625258685,0.08414864557151103,0.06584146299317348,0.14370519953892952,0.1278509831228485
158,158.0,157.99746697583146,0.08928226825743495,0.11711315394210378,0.1043379769717389,0.08119680197135126,0.06718614762197606,0.12238585538892724,0.08398757114600189,0.06502468505195236,0.1429338075009618,0.12655173214755205
159,159.0,158.99756125680176,0.08939860515580726,0.11581165733463285,0.10464442699374495,0.08235848478556598,0.06758163248359476,0.12254919026281806,0.08435021202991844,0.06623433399393508,0.14178232943089683,0.12528912752908603
160,160.0,159.997670497107,0.08940266270828973,0.11483175354961643,0.10262546147899688,0.08304021625086626,0.06723351824036337,0.12317895613094687,0.0845748208966627,0.06538939804228978,0.14408124947090117,0.12564196323106697
161,161.0,160.99779210841066,0.08920532375887921,0.11450514314115076,0.10314200229489187,0.08243149422779515,0.06524766927390213,0.12200811190517882,0.08242649820430993,0.06818215810938524,0.14576454430717062,0.12708705477733645
162,162.0,161.99792363749984,0.08708527176037711,0.1139093406118682,0.10407917105193874,0.08276311102355381,0.06765791169121259,0.12192992070557682,0.08228420696972462,0.06748675719411668,0.1448525491154682,0.12795175987616345
163,163.0,162.9980627773051,0.08633517192046883,0.11424963177830955,0.1053388528296752,0.08286329428100533,0.06712390243563963,0.12286256136995646,0.08153792000521942,0.06475821543881152,0.14547986304116645,0.12945058689974775
164,164.0,163.9982073753568,0.08699735088963559,0.1126479128221725,0.10469567155197877,0.08366075138655249,0.06555758762245081,0.12637745321982488,0.0810922653834716,0.06423148013852678,0.14675533028181198,0.12798419670357478
165,165.0,164.99835543984977,0.08639455499724794,0.11034171904694222,0.10612730113805023,0.08445377583915152,0.06394173168772319,0.12658532095533792,0.08284223758399527,0.0634944762170183,0.14734100142069645,0.12847788111383718
166,166.0,165.99850514349492,0.08705998854870979,0.10971485890090879,0.10591856860106777,0.08471877860858268,0.06351248191998694,0.12747177386537592,0.08342386924638548,0.062316229684678016,0.14791395085881473,0.1279494997654901
167,167.0,166.99865482534062,0.08933656493999562,0.10802430139569497,0.10690506574687965,0.085069219200934,0.06293171956614492,0.12703552392905548,0.0833427735305505,0.0610602220624705,0.1488532379878344,0.12744137164044023
168,168.0,167.99880299074837,0.09196407668392677,0.10840501045470316,0.1063825665620438,0.08415050846284834,0.06206710831803473,0.1261564564006796,0.08293184707500197,0.060689415068679364,0.15108142945359138,0.12617158152049113
169,169.0,168.99894830970783,0.09074980891102344,0.10550689053759212,0.10771543354838323,0.08353630392133066,0.06204878921537115,0.1255332687682748,0.08321946060427579,0.061561456561012716,0.15318693312454024,0.12694165480819608
170,170.0,169.99908961367427,0.09081389096864372,0.10387784599595272,0.108158396451361,0.08484962392989147,0.061927026742887706,0.12703479522876454,0.08250365397008783,0.060956076080429036,0.15371775224422612,0.12616093838775608
171,171.0,170.99922589110733,0.09050212152156825,0.10320533131467792,0.10942745259169265,0.08318419078875407,0.061506154011158456,0.1287673391397094,0.08175795380123803,0.06039540665227422,0.15597369013479478,0.12528036004413245
172,172.0,171.99935628188598,0.09017296269404323,0.1013371058388971,0.11020655348201971,0.08331612225950517,0.061035700562741005,0.1280478503495008,0.08311074695729762,0.058892966768162455,0.15903162662788997,0.12484836445994316
173,173.0,172.99948007076793,0.09023271656749177,0.10299716869042179,0.10906344412049408,0.08328278202630973,0.06113702218799376,0.13018096261730747,0.08161097471621202,0.05903240758420784,0.15947696637810632,0.12298555511145548
174,174.0,173.99959668005403,0.08974555192788378,0.10401472527044882,0.10724286169316713,0.08194766124557643,0.062109980394912376,0.13006978643614797,0.08250290934206725,0.05884415183140404,0.16191504456925726,0.12160732728913516
175,175.0,174.99970566161096,0.09194271696572481,0.10521921707905597,0.1062377864829396,0.0853096039028731,0.061477022684919884,0.12843669034963795,0.08140922533981795,0.059393245728126993,0.1598098422783065,0.1207646491885974
