,Unnamed: 0,Total_iterations,Intertwine_two,Invert_path_vertices,Insert_inside_vertex,Delete_inside_vertex,Replace_inside_vertex,Donate_between_routes,Trim_one_terminal_cb,Grow_one_terminal_cb
0,0.0,0.0,0.125,0.125,0.125,0.125,0.125,0.125,0.125,0.125
1,1.0,1.0,0.125,0.125,0.125,0.125,0.125,0.125,0.125,0.125
2,2.0,2.0,0.125,0.125,0.125,0.125,0.125,0.125,0.125,0.125
3,3.0,3.0,0.125,0.125,0.125,0.125,0.125,0.125,0.125,0.125
4,4.0,4.0,0.125,0.125,0.125,0.125,0.125,0.125,0.125,0.125
5,5.0,5.0,0.125,0.125,0.125,0.125,0.125,0.125,0.125,0.125
6,6.0,6.0,0.125,0.125,0.125,0.125,0.125,0.125,0.125,0.125
7,7.0,7.0,0.125,0.125,0.125,0.125,0.125,0.125,0.125,0.125
8,8.0,8.0,0.125,0.125,0.125,0.125,0.125,0.125,0.125,0.125
9,9.0,9.0,0.125,0.125,0.125,0.125,0.125,0.125,0.125,0.125
10,10.0,10.0,0.125,0.125,0.125,0.125,0.125,0.125,0.125,0.125
11,11.0,11.0,0.125,0.125,0.125,0.125,0.125,0.125,0.125,0.125
12,12.0,12.0,0.125,0.125,0.125,0.125,0.125,0.125,0.125,0.125
13,13.0,13.0,0.125,0.125,0.125,0.125,0.125,0.125,0.125,0.125
14,14.0,14.0,0.125,0.125,0.125,0.125,0.125,0.125,0.125,0.125
15,15.0,15.0,0.125,0.125,0.125,0.125,0.125,0.125,0.125,0.125
16,16.0,16.0,0.125,0.125,0.125,0.125,0.125,0.125,0.125,0.125
17,17.0,17.0,0.125,0.125,0.125,0.125,0.125,0.125,0.125,0.125
18,18.0,18.0,0.125,0.125,0.125,0.125,0.125,0.125,0.125,0.125
19,19.0,19.0,0.125,0.125,0.125,0.125,0.125,0.125,0.125,0.125
20,20.0,20.0,0.125,0.125,0.125,0.125,0.125,0.125,0.125,0.125
21,21.0,21.0,0.125,0.125,0.125,0.125,0.125,0.125,0.125,0.125
22,22.0,22.0,0.125,0.125,0.125,0.125,0.125,0.125,0.125,0.125
23,23.0,23.0,0.125,0.125,0.125,0.125,0.125,0.125,0.125,0.125
24,24.0,24.0,0.125,0.125,0.125,0.125,0.125,0.125,0.125,0.125
25,25.0,25.0,0.125,0.125,0.125,0.125,0.125,0.125,0.125,0.125
26,26.0,26.0,0.125,0.125,0.125,0.125,0.125,0.125,0.125,0.125
27,27.0,27.0,0.125,0.125,0.125,0.125,0.125,0.125,0.125,0.125
28,28.0,28.0,0.125,0.125,0.125,0.125,0.125,0.125,0.125,0.125
29,29.0,29.0,0.125,0.125,0.125,0.125,0.125,0.125,0.125,0.125
30,30.0,30.0,0.125,0.125,0.125,0.125,0.125,0.125,0.125,0.125
31,31.0,31.0,0.125,0.125,0.125,0.125,0.125,0.125,0.125,0.125
32,32.0,32.0,0.125,0.125,0.125,0.125,0.125,0.125,0.125,0.125
33,33.0,33.0,0.125,0.125,0.125,0.125,0.125,0.125,0.125,0.125
34,34.0,34.0,0.125,0.125,0.125,0.125,0.125,0.125,0.125,0.125
35,35.0,35.0,0.125,0.125,0.125,0.125,0.125,0.125,0.125,0.125
36,36.0,36.0,0.125,0.125,0.125,0.125,0.125,0.125,0.125,0.125
37,37.0,37.0,0.125,0.125,0.125,0.125,0.125,0.125,0.125,0.125
38,38.0,38.0,0.125,0.125,0.125,0.125,0.125,0.125,0.125,0.125
39,39.0,39.0,0.125,0.125,0.125,0.125,0.125,0.125,0.125,0.125
40,40.0,40.0,0.125,0.125,0.125,0.125,0.125,0.125,0.125,0.125
41,41.0,41.0,0.125,0.125,0.125,0.125,0.125,0.125,0.125,0.125
42,42.0,42.0,0.125,0.125,0.125,0.125,0.125,0.125,0.125,0.125
43,43.0,43.0,0.125,0.125,0.125,0.125,0.125,0.125,0.125,0.125
44,44.0,44.0,0.125,0.125,0.125,0.125,0.125,0.125,0.125,0.125
45,45.0,45.0,0.125,0.125,0.125,0.125,0.125,0.125,0.125,0.125
46,46.0,46.0,0.125,0.125,0.125,0.125,0.125,0.125,0.125,0.125
47,47.0,47.0,0.125,0.125,0.125,0.125,0.125,0.125,0.125,0.125
48,48.0,48.0,0.125,0.125,0.125,0.125,0.125,0.125,0.125,0.125
49,49.0,49.0,0.125,0.125,0.125,0.125,0.125,0.125,0.125,0.125
50,50.0,50.0,0.125,0.125,0.125,0.125,0.125,0.125,0.125,0.125
51,51.0,51.0,0.125,0.125,0.125,0.125,0.125,0.125,0.125,0.125
52,52.0,52.0,0.125,0.125,0.125,0.125,0.125,0.125,0.125,0.125
53,53.0,53.0,0.125,0.125,0.125,0.125,0.125,0.125,0.125,0.125
54,54.0,54.0,0.125,0.125,0.125,0.125,0.125,0.125,0.125,0.125
55,55.0,55.0,0.125,0.125,0.125,0.125,0.125,0.125,0.125,0.125
56,56.0,56.0,0.125,0.125,0.125,0.125,0.125,0.125,0.125,0.125
57,57.0,57.0,0.125,0.125,0.125,0.125,0.125,0.125,0.125,0.125
58,58.0,58.0,0.125,0.125,0.125,0.125,0.125,0.125,0.125,0.125
59,59.0,59.0,0.125,0.125,0.125,0.125,0.125,0.125,0.125,0.125
60,60.0,60.0,0.125,0.125,0.125,0.125,0.125,0.125,0.125,0.125
61,61.0,61.0,0.125,0.125,0.125,0.125,0.125,0.125,0.125,0.125
62,62.0,62.0,0.125,0.125,0.125,0.125,0.125,0.125,0.125,0.125
63,63.0,63.0,0.125,0.125,0.125,0.125,0.125,0.125,0.125,0.125
64,64.0,64.0,0.125,0.125,0.125,0.125,0.125,0.125,0.125,0.125
65,65.0,65.0,0.125,0.125,0.125,0.125,0.125,0.125,0.125,0.125
66,66.0,66.0,0.125,0.125,0.125,0.125,0.125,0.125,0.125,0.125
67,67.0,67.0,0.125,0.125,0.125,0.125,0.125,0.125,0.125,0.125
68,68.0,68.0,0.125,0.125,0.125,0.125,0.125,0.125,0.125,0.125
69,69.0,69.0,0.125,0.125,0.125,0.125,0.125,0.125,0.125,0.125
70,70.0,70.0,0.125,0.125,0.125,0.125,0.125,0.125,0.125,0.125
71,71.0,71.0,0.125,0.125,0.125,0.125,0.125,0.125,0.125,0.125
72,72.0,72.0,0.125,0.125,0.125,0.125,0.125,0.125,0.125,0.125
73,73.0,73.0,0.125,0.125,0.125,0.125,0.125,0.125,0.125,0.125
74,74.0,74.0,0.125,0.125,0.125,0.125,0.125,0.125,0.125,0.125
75,75.0,75.0,0.125,0.125,0.125,0.125,0.125,0.125,0.125,0.125
76,76.0,76.0,0.125,0.125,0.125,0.125,0.125,0.125,0.125,0.125
77,77.0,77.0,0.125,0.125,0.125,0.125,0.125,0.125,0.125,0.125
78,78.0,78.0,0.125,0.125,0.125,0.125,0.125,0.125,0.125,0.125
79,79.0,79.0,0.125,0.125,0.125,0.125,0.125,0.125,0.125,0.125
80,80.0,80.0,0.125,0.125,0.125,0.125,0.125,0.125,0.125,0.125
81,81.0,81.0,0.125,0.125,0.125,0.125,0.125,0.125,0.125,0.125
82,82.0,82.0,0.125,0.125,0.125,0.125,0.125,0.125,0.125,0.125
83,83.0,83.0,0.125,0.125,0.125,0.125,0.125,0.125,0.125,0.125
84,84.0,84.0,0.125,0.125,0.125,0.125,0.125,0.125,0.125,0.125
85,85.0,85.0,0.125,0.125,0.125,0.125,0.125,0.125,0.125,0.125
86,86.0,86.0,0.125,0.125,0.125,0.125,0.125,0.125,0.125,0.125
87,87.0,87.0,0.125,0.125,0.125,0.125,0.125,0.125,0.125,0.125
88,88.0,88.0,0.125,0.125,0.125,0.125,0.125,0.125,0.125,0.125
89,89.0,89.0,0.125,0.125,0.125,0.125,0.125,0.125,0.125,0.125
90,90.0,90.0,0.125,0.125,0.125,0.125,0.125,0.125,0.125,0.125
91,91.0,91.0,0.125,0.125,0.125,0.125,0.125,0.125,0.125,0.125
92,92.0,92.0,0.125,0.125,0.125,0.125,0.125,0.125,0.125,0.125
93,93.0,93.0,0.125,0.125,0.125,0.125,0.125,0.125,0.125,0.125
94,94.0,94.0,0.125,0.125,0.125,0.125,0.125,0.125,0.125,0.125
95,95.0,95.0,0.125,0.125,0.125,0.125,0.125,0.125,0.125,0.125
96,96.0,96.0,0.125,0.125,0.125,0.125,0.125,0.125,0.125,0.125
97,97.0,97.0,0.125,0.125,0.125,0.125,0.125,0.125,0.125,0.125
98,98.0,98.0,0.125,0.125,0.125,0.125,0.125,0.125,0.125,0.125
99,99.0,99.0,0.125,0.125,0.125,0.125,0.125,0.125,0.125,0.125
100,100.0,100.0,0.125,0.125,0.125,0.125,0.125,0.125,0.125,0.125
101,101.0,101.0,0.125,0.125,0.125,0.125,0.125,0.125,0.125,0.125
102,102.0,102.0,0.125,0.125,0.125,0.125,0.125,0.125,0.125,0.125
103,103.0,103.0,0.125,0.125,0.125,0.125,0.125,0.125,0.125,0.125
104,104.0,104.0,0.125,0.125,0.125,0.125,0.125,0.125,0.125,0.125
105,105.0,105.0,0.125,0.125,0.125,0.125,0.125,0.125,0.125,0.125
106,106.0,106.0,0.125,0.125,0.125,0.125,0.125,0.125,0.125,0.125
107,107.0,107.0,0.125,0.125,0.125,0.125,0.125,0.125,0.125,0.125
108,108.0,108.0,0.125,0.125,0.125,0.125,0.125,0.125,0.125,0.125
109,109.0,109.0,0.125,0.125,0.125,0.125,0.125,0.125,0.125,0.125
110,110.0,110.0,0.125,0.125,0.125,0.125,0.125,0.125,0.125,0.125
111,111.0,111.0,0.125,0.125,0.125,0.125,0.125,0.125,0.125,0.125
112,112.0,112.0,0.125,0.125,0.125,0.125,0.125,0.125,0.125,0.125
113,113.0,113.0,0.125,0.125,0.125,0.125,0.125,0.125,0.125,0.125
114,114.0,114.0,0.125,0.125,0.125,0.125,0.125,0.125,0.125,0.125
115,115.0,115.0,0.125,0.125,0.125,0.125,0.125,0.125,0.125,0.125
116,116.0,116.0,0.125,0.125,0.125,0.125,0.125,0.125,0.125,0.125
117,117.0,117.0,0.125,0.125,0.125,0.125,0.125,0.125,0.125,0.125
118,118.0,118.0,0.125,0.125,0.125,0.125,0.125,0.125,0.125,0.125
119,119.0,119.0,0.125,0.125,0.125,0.125,0.125,0.125,0.125,0.125
120,120.0,120.0,0.125,0.125,0.125,0.125,0.125,0.125,0.125,0.125
121,121.0,121.0,0.125,0.125,0.125,0.125,0.125,0.125,0.125,0.125
122,122.0,122.0,0.125,0.125,0.125,0.125,0.125,0.125,0.125,0.125
123,123.0,123.0,0.125,0.125,0.125,0.125,0.125,0.125,0.125,0.125
124,124.0,124.0,0.125,0.125,0.125,0.125,0.125,0.125,0.125,0.125
125,125.0,125.0,0.125,0.125,0.125,0.125,0.125,0.125,0.125,0.125
126,126.0,126.0,0.125,0.125,0.125,0.125,0.125,0.125,0.125,0.125
127,127.0,127.0,0.125,0.125,0.125,0.125,0.125,0.125,0.125,0.125
128,128.0,128.0,0.125,0.125,0.125,0.125,0.125,0.125,0.125,0.125
129,129.0,129.0,0.125,0.125,0.125,0.125,0.125,0.125,0.125,0.125
130,130.0,130.0,0.125,0.125,0.125,0.125,0.125,0.125,0.125,0.125
131,131.0,131.0,0.125,0.125,0.125,0.125,0.125,0.125,0.125,0.125
132,132.0,132.0,0.125,0.125,0.125,0.125,0.125,0.125,0.125,0.125
133,133.0,133.0,0.125,0.125,0.125,0.125,0.125,0.125,0.125,0.125
134,134.0,134.0,0.125,0.125,0.125,0.125,0.125,0.125,0.125,0.125
135,135.0,135.0,0.125,0.125,0.125,0.125,0.125,0.125,0.125,0.125
136,136.0,136.0,0.125,0.125,0.125,0.125,0.125,0.125,0.125,0.125
137,137.0,137.0,0.125,0.125,0.125,0.125,0.125,0.125,0.125,0.125
138,138.0,138.0,0.125,0.125,0.125,0.125,0.125,0.125,0.125,0.125
139,139.0,139.0,0.125,0.125,0.125,0.125,0.125,0.125,0.125,0.125
140,140.0,140.0,0.125,0.125,0.125,0.125,0.125,0.125,0.125,0.125
141,141.0,141.0,0.125,0.125,0.125,0.125,0.125,0.125,0.125,0.125
142,142.0,142.0,0.125,0.125,0.125,0.125,0.125,0.125,0.125,0.125
143,143.0,143.0,0.125,0.125,0.125,0.125,0.125,0.125,0.125,0.125
144,144.0,144.0,0.125,0.125,0.125,0.125,0.125,0.125,0.125,0.125
145,145.0,145.0,0.125,0.125,0.125,0.125,0.125,0.125,0.125,0.125
146,146.0,146.0,0.125,0.125,0.125,0.125,0.125,0.125,0.125,0.125
147,147.0,147.0,0.125,0.125,0.125,0.125,0.125,0.125,0.125,0.125
148,148.0,148.0,0.125,0.125,0.125,0.125,0.125,0.125,0.125,0.125
149,149.0,149.0,0.125,0.125,0.125,0.125,0.125,0.125,0.125,0.125
150,150.0,150.0,0.125,0.125,0.125,0.125,0.125,0.125,0.125,0.125
151,151.0,151.0,0.125,0.125,0.125,0.125,0.125,0.125,0.125,0.125
152,152.0,152.0,0.125,0.125,0.125,0.125,0.125,0.125,0.125,0.125
153,153.0,153.0,0.125,0.125,0.125,0.125,0.125,0.125,0.125,0.125
154,154.0,154.0,0.125,0.125,0.125,0.125,0.125,0.125,0.125,0.125
155,155.0,155.0,0.125,0.125,0.125,0.125,0.125,0.125,0.125,0.125
156,156.0,156.0,0.125,0.125,0.125,0.125,0.125,0.125,0.125,0.125
157,157.0,157.0,0.125,0.125,0.125,0.125,0.125,0.125,0.125,0.125
158,158.0,158.0,0.125,0.125,0.125,0.125,0.125,0.125,0.125,0.125
159,159.0,159.0,0.125,0.125,0.125,0.125,0.125,0.125,0.125,0.125
160,160.0,160.0,0.125,0.125,0.125,0.125,0.125,0.125,0.125,0.125
161,161.0,161.0,0.125,0.125,0.125,0.125,0.125,0.125,0.125,0.125
162,162.0,162.0,0.125,0.125,0.125,0.125,0.125,0.125,0.125,0.125
163,163.0,163.0,0.125,0.125,0.125,0.125,0.125,0.125,0.125,0.125
164,164.0,164.0,0.125,0.125,0.125,0.125,0.125,0.125,0.125,0.125
165,165.0,165.0,0.125,0.125,0.125,0.125,0.125,0.125,0.125,0.125
166,166.0,166.0,0.125,0.125,0.125,0.125,0.125,0.125,0.125,0.125
167,167.0,167.0,0.125,0.125,0.125,0.125,0.125,0.125,0.125,0.125
168,168.0,168.0,0.125,0.125,0.125,0.125,0.125,0.125,0.125,0.125
169,169.0,169.0,0.125,0.125,0.125,0.125,0.125,0.125,0.125,0.125
170,170.0,170.0,0.125,0.125,0.125,0.125,0.125,0.125,0.125,0.125
171,171.0,171.0,0.125,0.125,0.125,0.125,0.125,0.125,0.125,0.125
172,172.0,172.0,0.125,0.125,0.125,0.125,0.125,0.125,0.125,0.125
173,173.0,173.0,0.125,0.125,0.125,0.125,0.125,0.125,0.125,0.125
174,174.0,174.0,0.125,0.125,0.125,0.125,0.125,0.125,0.125,0.125
175,175.0,175.0,0.125,0.125,0.125,0.125,0.125,0.125,0.125,0.125
176,176.0,176.0,0.125,0.125,0.125,0.125,0.125,0.125,0.125,0.125
177,177.0,177.0,0.125,0.125,0.125,0.125,0.125,0.125,0.125,0.125
178,178.0,178.0,0.125,0.125,0.125,0.125,0.125,0.125,0.125,0.125
179,179.0,179.0,0.125,0.125,0.125,0.125,0.125,0.125,0.125,0.125
180,180.0,180.0,0.125,0.125,0.125,0.125,0.125,0.125,0.125,0.125
181,181.0,181.0,0.125,0.125,0.125,0.125,0.125,0.125,0.125,0.125
182,182.0,182.0,0.125,0.125,0.125,0.125,0.125,0.125,0.125,0.125
183,183.0,183.0,0.125,0.125,0.125,0.125,0.125,0.125,0.125,0.125
184,184.0,184.0,0.125,0.125,0.125,0.125,0.125,0.125,0.125,0.125
185,185.0,185.0,0.125,0.125,0.125,0.125,0.125,0.125,0.125,0.125
186,186.0,186.0,0.125,0.125,0.125,0.125,0.125,0.125,0.125,0.125
187,187.0,187.0,0.125,0.125,0.125,0.125,0.125,0.125,0.125,0.125
188,188.0,188.0,0.125,0.125,0.125,0.125,0.125,0.125,0.125,0.125
189,189.0,189.0,0.125,0.125,0.125,0.125,0.125,0.125,0.125,0.125
190,190.0,190.0,0.125,0.125,0.125,0.125,0.125,0.125,0.125,0.125
191,191.0,191.0,0.125,0.125,0.125,0.125,0.125,0.125,0.125,0.125
192,192.0,192.0,0.125,0.125,0.125,0.125,0.125,0.125,0.125,0.125
193,193.0,193.0,0.125,0.125,0.125,0.125,0.125,0.125,0.125,0.125
194,194.0,194.0,0.125,0.125,0.125,0.125,0.125,0.125,0.125,0.125
195,195.0,195.0,0.125,0.125,0.125,0.125,0.125,0.125,0.125,0.125
196,196.0,196.0,0.125,0.125,0.125,0.125,0.125,0.125,0.125,0.125
197,197.0,197.0,0.125,0.125,0.125,0.125,0.125,0.125,0.125,0.125
198,198.0,198.0,0.125,0.125,0.125,0.125,0.125,0.125,0.125,0.125
199,199.0,199.0,0.125,0.125,0.125,0.125,0.125,0.125,0.125,0.125
200,200.0,200.0,0.125,0.125,0.125,0.125,0.125,0.125,0.125,0.125
201,201.0,201.0,0.125,0.125,0.125,0.125,0.125,0.125,0.125,0.125
202,202.0,202.0,0.125,0.125,0.125,0.125,0.125,0.125,0.125,0.125
203,203.0,203.0,0.125,0.125,0.125,0.125,0.125,0.125,0.125,0.125
204,204.0,204.0,0.125,0.125,0.125,0.125,0.125,0.125,0.125,0.125
205,205.0,205.0,0.125,0.125,0.125,0.125,0.125,0.125,0.125,0.125
206,206.0,206.0,0.125,0.125,0.125,0.125,0.125,0.125,0.125,0.125
207,207.0,207.0,0.125,0.125,0.125,0.125,0.125,0.125,0.125,0.125
208,208.0,208.0,0.125,0.125,0.125,0.125,0.125,0.125,0.125,0.125
209,209.0,209.0,0.125,0.125,0.125,0.125,0.125,0.125,0.125,0.125
210,210.0,210.0,0.125,0.125,0.125,0.125,0.125,0.125,0.125,0.125
211,211.0,211.0,0.125,0.125,0.125,0.125,0.125,0.125,0.125,0.125
212,212.0,212.0,0.125,0.125,0.125,0.125,0.125,0.125,0.125,0.125
213,213.0,213.0,0.125,0.125,0.125,0.125,0.125,0.125,0.125,0.125
214,214.0,214.0,0.125,0.125,0.125,0.125,0.125,0.125,0.125,0.125
215,215.0,215.0,0.125,0.125,0.125,0.125,0.125,0.125,0.125,0.125
216,216.0,216.0,0.125,0.125,0.125,0.125,0.125,0.125,0.125,0.125
217,217.0,217.0,0.125,0.125,0.125,0.125,0.125,0.125,0.125,0.125
218,218.0,218.0,0.125,0.125,0.125,0.125,0.125,0.125,0.125,0.125
219,219.0,219.0,0.125,0.125,0.125,0.125,0.125,0.125,0.125,0.125
220,220.0,220.0,0.125,0.125,0.125,0.125,0.125,0.125,0.125,0.125
221,221.0,221.0,0.125,0.125,0.125,0.125,0.125,0.125,0.125,0.125
222,222.0,222.0,0.125,0.125,0.125,0.125,0.125,0.125,0.125,0.125
223,223.0,223.0,0.125,0.125,0.125,0.125,0.125,0.125,0.125,0.125
224,224.0,224.0,0.125,0.125,0.125,0.125,0.125,0.125,0.125,0.125
225,225.0,225.0,0.125,0.125,0.125,0.125,0.125,0.125,0.125,0.125
226,226.0,226.0,0.125,0.125,0.125,0.125,0.125,0.125,0.125,0.125
227,227.0,227.0,0.125,0.125,0.125,0.125,0.125,0.125,0.125,0.125
228,228.0,228.0,0.125,0.125,0.125,0.125,0.125,0.125,0.125,0.125
229,229.0,229.0,0.125,0.125,0.125,0.125,0.125,0.125,0.125,0.125
230,230.0,230.0,0.125,0.125,0.125,0.125,0.125,0.125,0.125,0.125
231,231.0,231.0,0.125,0.125,0.125,0.125,0.125,0.125,0.125,0.125
232,232.0,232.0,0.125,0.125,0.125,0.125,0.125,0.125,0.125,0.125
233,233.0,233.0,0.125,0.125,0.125,0.125,0.125,0.125,0.125,0.125
234,234.0,234.0,0.125,0.125,0.125,0.125,0.125,0.125,0.125,0.125
235,235.0,235.0,0.125,0.125,0.125,0.125,0.125,0.125,0.125,0.125
236,236.0,236.0,0.125,0.125,0.125,0.125,0.125,0.125,0.125,0.125
237,237.0,237.0,0.125,0.125,0.125,0.125,0.125,0.125,0.125,0.125
238,238.0,238.0,0.125,0.125,0.125,0.125,0.125,0.125,0.125,0.125
239,239.0,239.0,0.125,0.125,0.125,0.125,0.125,0.125,0.125,0.125
240,240.0,240.0,0.125,0.125,0.125,0.125,0.125,0.125,0.125,0.125
241,241.0,241.0,0.125,0.125,0.125,0.125,0.125,0.125,0.125,0.125
242,242.0,242.0,0.125,0.125,0.125,0.125,0.125,0.125,0.125,0.125
243,243.0,243.0,0.125,0.125,0.125,0.125,0.125,0.125,0.125,0.125
244,244.0,244.0,0.125,0.125,0.125,0.125,0.125,0.125,0.125,0.125
245,245.0,245.0,0.125,0.125,0.125,0.125,0.125,0.125,0.125,0.125
246,246.0,246.0,0.125,0.125,0.125,0.125,0.125,0.125,0.125,0.125
247,247.0,247.0,0.125,0.125,0.125,0.125,0.125,0.125,0.125,0.125
248,248.0,248.0,0.12361111111111112,0.12361111111111112,0.12361111111111112,0.12361111111111112,0.12361111111111112,0.12361111111111112,0.13472222222222224,0.12361111111111112
249,249.0,249.0,0.12250000000000001,0.12250000000000001,0.12250000000000001,0.1325,0.12250000000000001,0.12250000000000001,0.1325,0.12250000000000001
250,250.0,250.0,0.12159090909090908,0.12159090909090908,0.12159090909090908,0.13977272727272727,0.12159090909090908,0.12159090909090908,0.13068181818181818,0.12159090909090908
251,251.0,251.0,0.12159090909090908,0.12159090909090908,0.12159090909090908,0.13977272727272727,0.12159090909090908,0.12159090909090908,0.13068181818181818,0.12159090909090908
252,252.0,252.0,0.12159090909090908,0.12159090909090908,0.12159090909090908,0.13977272727272727,0.12159090909090908,0.12159090909090908,0.13068181818181818,0.12159090909090908
253,253.0,253.0,0.12916666666666665,0.12083333333333332,0.12083333333333332,0.1375,0.12083333333333332,0.12083333333333332,0.12916666666666665,0.12083333333333332
254,254.0,254.0,0.12788461538461537,0.12019230769230768,0.12019230769230768,0.13557692307692307,0.12019230769230768,0.12788461538461537,0.12788461538461537,0.12019230769230768
255,255.0,255.0,0.12678571428571428,0.11964285714285713,0.11964285714285713,0.14107142857142857,0.11964285714285713,0.12678571428571428,0.12678571428571428,0.11964285714285713
256,256.0,256.0,0.12583333333333332,0.11916666666666667,0.11916666666666667,0.14583333333333331,0.11916666666666667,0.12583333333333332,0.12583333333333332,0.11916666666666667
257,257.0,257.0,0.125,0.11875,0.11875,0.15,0.11875,0.125,0.125,0.11875
258,258.0,258.0,0.12426470588235294,0.11838235294117647,0.11838235294117647,0.14779411764705883,0.12426470588235294,0.12426470588235294,0.12426470588235294,0.11838235294117647
259,259.0,259.0,0.12426470588235294,0.11838235294117647,0.11838235294117647,0.14779411764705883,0.12426470588235294,0.12426470588235294,0.12426470588235294,0.11838235294117647
260,260.0,260.0,0.12426470588235294,0.11838235294117647,0.11838235294117647,0.14779411764705883,0.12426470588235294,0.12426470588235294,0.12426470588235294,0.11838235294117647
261,261.0,261.0,0.12361111111111112,0.11805555555555555,0.11805555555555555,0.15138888888888888,0.12361111111111112,0.12361111111111112,0.12361111111111112,0.11805555555555555
262,262.0,262.0,0.12302631578947368,0.11776315789473683,0.11776315789473683,0.1493421052631579,0.12302631578947368,0.12302631578947368,0.12302631578947368,0.12302631578947368
263,263.0,263.0,0.12250000000000001,0.11750000000000001,0.11750000000000001,0.1525,0.12250000000000001,0.12250000000000001,0.12250000000000001,0.12250000000000001
264,264.0,264.0,0.1220238095238095,0.11726190476190476,0.11726190476190476,0.1505952380952381,0.1220238095238095,0.1220238095238095,0.1220238095238095,0.12678571428571428
265,265.0,265.0,0.12613636363636363,0.11704545454545454,0.11704545454545454,0.14886363636363636,0.12159090909090908,0.12159090909090908,0.12159090909090908,0.12613636363636363
266,266.0,266.0,0.12554347826086956,0.11684782608695651,0.11684782608695651,0.15163043478260868,0.12119565217391304,0.12119565217391304,0.12119565217391304,0.12554347826086956
267,267.0,267.0,0.125,0.11666666666666665,0.11666666666666665,0.15416666666666667,0.12083333333333332,0.12083333333333332,0.12083333333333332,0.125
268,268.0,268.0,0.125,0.11666666666666665,0.11666666666666665,0.15416666666666667,0.12083333333333332,0.12083333333333332,0.12083333333333332,0.125
269,269.0,269.0,0.12450000000000001,0.1165,0.1165,0.1525,0.12050000000000001,0.12050000000000001,0.12450000000000001,0.12450000000000001
270,270.0,270.0,0.12450000000000001,0.1165,0.1165,0.1525,0.12050000000000001,0.12050000000000001,0.12450000000000001,0.12450000000000001
271,271.0,271.0,0.12450000000000001,0.1165,0.1165,0.1525,0.12050000000000001,0.12050000000000001,0.12450000000000001,0.12450000000000001
272,272.0,272.0,0.12450000000000001,0.1165,0.1165,0.1525,0.12050000000000001,0.12050000000000001,0.1285,0.12050000000000001
273,273.0,273.0,0.12403846153846151,0.11634615384615384,0.11634615384615384,0.1548076923076923,0.12019230769230768,0.12019230769230768,0.12788461538461537,0.12019230769230768
274,274.0,274.0,0.12361111111111112,0.1162037037037037,0.1162037037037037,0.15694444444444444,0.1199074074074074,0.1199074074074074,0.12731481481481483,0.1199074074074074
275,275.0,275.0,0.12361111111111112,0.1162037037037037,0.1162037037037037,0.15694444444444444,0.1199074074074074,0.1199074074074074,0.12731481481481483,0.1199074074074074
276,276.0,276.0,0.12321428571428572,0.11607142857142856,0.11607142857142856,0.15892857142857145,0.11964285714285713,0.11964285714285713,0.12678571428571428,0.11964285714285713
277,277.0,277.0,0.12284482758620689,0.11594827586206895,0.11594827586206895,0.15732758620689655,0.12284482758620689,0.11939655172413792,0.12629310344827588,0.11939655172413792
278,278.0,278.0,0.12284482758620689,0.11594827586206895,0.11594827586206895,0.15732758620689655,0.12284482758620689,0.11939655172413792,0.12629310344827588,0.11939655172413792
279,279.0,279.0,0.12284482758620689,0.11594827586206895,0.11594827586206895,0.15732758620689655,0.12629310344827588,0.11939655172413792,0.12629310344827588,0.11594827586206895
280,280.0,280.0,0.12250000000000001,0.11583333333333332,0.11583333333333332,0.15916666666666668,0.12583333333333332,0.11916666666666667,0.12583333333333332,0.11583333333333332
281,281.0,281.0,0.1221774193548387,0.1157258064516129,0.1157258064516129,0.16088709677419355,0.1254032258064516,0.1189516129032258,0.1254032258064516,0.1157258064516129
282,282.0,282.0,0.121875,0.115625,0.115625,0.159375,0.125,0.11875,0.128125,0.115625
283,283.0,283.0,0.12159090909090908,0.11553030303030302,0.11553030303030302,0.16098484848484848,0.1246212121212121,0.11856060606060606,0.12765151515151513,0.11553030303030302
284,284.0,284.0,0.12159090909090908,0.11553030303030302,0.11553030303030302,0.16098484848484848,0.1246212121212121,0.11856060606060606,0.12765151515151513,0.11553030303030302
285,285.0,285.0,0.12159090909090908,0.11553030303030302,0.11553030303030302,0.16098484848484848,0.1246212121212121,0.11856060606060606,0.12765151515151513,0.11553030303030302
286,286.0,286.0,0.12159090909090908,0.11553030303030302,0.11553030303030302,0.16098484848484848,0.1246212121212121,0.11856060606060606,0.12765151515151513,0.11553030303030302
287,287.0,287.0,0.12159090909090908,0.11553030303030302,0.11553030303030302,0.16098484848484848,0.1246212121212121,0.11856060606060606,0.12765151515151513,0.11553030303030302
288,288.0,288.0,0.12159090909090908,0.11553030303030302,0.11553030303030302,0.16098484848484848,0.1246212121212121,0.11856060606060606,0.12765151515151513,0.11553030303030302
289,289.0,289.0,0.12159090909090908,0.11553030303030302,0.11553030303030302,0.16098484848484848,0.1246212121212121,0.11856060606060606,0.12765151515151513,0.11553030303030302
290,290.0,290.0,0.12159090909090908,0.11553030303030302,0.11553030303030302,0.16098484848484848,0.1246212121212121,0.11856060606060606,0.12765151515151513,0.11553030303030302
291,291.0,291.0,0.12159090909090908,0.11553030303030302,0.11553030303030302,0.16098484848484848,0.1246212121212121,0.11856060606060606,0.12765151515151513,0.11553030303030302
292,292.0,292.0,0.12159090909090908,0.11553030303030302,0.11553030303030302,0.1640151515151515,0.12159090909090908,0.11856060606060606,0.12765151515151513,0.11553030303030302
293,293.0,293.0,0.12132352941176469,0.11544117647058823,0.11544117647058823,0.16544117647058823,0.12132352941176469,0.11838235294117647,0.12720588235294117,0.11544117647058823
294,294.0,294.0,0.12107142857142857,0.11535714285714285,0.11535714285714285,0.16678571428571426,0.12107142857142857,0.11821428571428572,0.12678571428571428,0.11535714285714285
295,295.0,295.0,0.12083333333333332,0.11527777777777777,0.11527777777777777,0.16805555555555557,0.12083333333333332,0.11805555555555555,0.12638888888888888,0.11527777777777777
296,296.0,296.0,0.1206081081081081,0.11520270270270269,0.11520270270270269,0.16925675675675675,0.1206081081081081,0.1179054054054054,0.1260135135135135,0.11520270270270269
297,297.0,297.0,0.12039473684210526,0.11513157894736843,0.11513157894736843,0.16776315789473686,0.12039473684210526,0.11776315789473683,0.1256578947368421,0.11776315789473683
298,298.0,298.0,0.12019230769230768,0.11506410256410256,0.11506410256410256,0.16891025641025642,0.12019230769230768,0.11762820512820511,0.12532051282051282,0.11762820512820511
299,299.0,299.0,0.12,0.11499999999999999,0.11499999999999999,0.1675,0.12250000000000001,0.11750000000000001,0.125,0.11750000000000001
300,300.0,300.0,0.11981707317073169,0.11493902439024391,0.11737804878048781,0.16615853658536586,0.12225609756097562,0.11737804878048781,0.1246951219512195,0.11737804878048781
301,301.0,301.0,0.11964285714285713,0.11488095238095238,0.11964285714285713,0.16488095238095238,0.1220238095238095,0.11726190476190476,0.1244047619047619,0.11726190476190476
302,302.0,302.0,0.11947674418604651,0.11482558139534882,0.11947674418604651,0.16598837209302325,0.12180232558139534,0.11715116279069766,0.12412790697674418,0.11715116279069766
303,303.0,303.0,0.11931818181818181,0.11477272727272728,0.11931818181818181,0.16704545454545455,0.12159090909090908,0.11704545454545454,0.12386363636363636,0.11704545454545454
304,304.0,304.0,0.11931818181818181,0.11477272727272728,0.11931818181818181,0.16704545454545455,0.12159090909090908,0.11704545454545454,0.12386363636363636,0.11704545454545454
305,305.0,305.0,0.11916666666666667,0.11472222222222221,0.11916666666666667,0.16583333333333333,0.12138888888888888,0.11916666666666667,0.12361111111111112,0.11694444444444443
306,306.0,306.0,0.11916666666666667,0.11472222222222221,0.11916666666666667,0.16583333333333333,0.12138888888888888,0.11916666666666667,0.12361111111111112,0.11694444444444443
307,307.0,307.0,0.11916666666666667,0.11472222222222221,0.11916666666666667,0.16583333333333333,0.12138888888888888,0.11916666666666667,0.12361111111111112,0.11694444444444443
308,308.0,308.0,0.11916666666666667,0.11472222222222221,0.11916666666666667,0.16583333333333333,0.12138888888888888,0.11916666666666667,0.12361111111111112,0.11694444444444443
309,309.0,309.0,0.11916666666666667,0.11472222222222221,0.11916666666666667,0.16583333333333333,0.12138888888888888,0.11916666666666667,0.12361111111111112,0.11694444444444443
310,310.0,310.0,0.11694444444444443,0.11472222222222221,0.11916666666666667,0.16805555555555557,0.12138888888888888,0.11916666666666667,0.12361111111111112,0.11694444444444443
311,311.0,311.0,0.11694444444444443,0.11472222222222221,0.11916666666666667,0.16805555555555557,0.12138888888888888,0.11916666666666667,0.12361111111111112,0.11694444444444443
312,312.0,312.0,0.11694444444444443,0.11472222222222221,0.11916666666666667,0.16805555555555557,0.12138888888888888,0.11916666666666667,0.12361111111111112,0.11694444444444443
313,313.0,313.0,0.11684782608695651,0.11467391304347826,0.11902173913043479,0.16902173913043478,0.12119565217391304,0.11902173913043479,0.12336956521739131,0.11684782608695651
314,314.0,314.0,0.11675531914893618,0.11462765957446808,0.11888297872340425,0.16781914893617023,0.12313829787234043,0.11888297872340425,0.12313829787234043,0.11675531914893618
315,315.0,315.0,0.11666666666666665,0.11458333333333333,0.11875,0.16875,0.12291666666666665,0.11875,0.12291666666666665,0.11666666666666665
316,316.0,316.0,0.11658163265306123,0.11454081632653061,0.11862244897959182,0.16964285714285715,0.12270408163265305,0.11862244897959182,0.12270408163265305,0.11658163265306123
317,317.0,317.0,0.1165,0.1145,0.11850000000000001,0.1685,0.12250000000000001,0.11850000000000001,0.12450000000000001,0.1165
318,318.0,318.0,0.11642156862745098,0.11446078431372549,0.11838235294117647,0.16936274509803922,0.12230392156862746,0.11838235294117647,0.12426470588235294,0.11642156862745098
319,319.0,319.0,0.11642156862745098,0.11446078431372549,0.11838235294117647,0.16936274509803922,0.12230392156862746,0.11838235294117647,0.12426470588235294,0.11642156862745098
320,320.0,320.0,0.11642156862745098,0.11446078431372549,0.11838235294117647,0.16936274509803922,0.12230392156862746,0.11838235294117647,0.12426470588235294,0.11642156862745098
321,321.0,321.0,0.11634615384615384,0.11442307692307692,0.11826923076923075,0.16826923076923078,0.1221153846153846,0.11826923076923075,0.12596153846153846,0.11634615384615384
322,322.0,322.0,0.11627358490566038,0.11438679245283019,0.11816037735849057,0.16910377358490564,0.12193396226415094,0.11816037735849057,0.1257075471698113,0.11627358490566038
323,323.0,323.0,0.1162037037037037,0.11435185185185186,0.11805555555555555,0.1699074074074074,0.12175925925925926,0.11805555555555555,0.12546296296296294,0.1162037037037037
324,324.0,324.0,0.11613636363636363,0.1143181818181818,0.11795454545454545,0.17068181818181818,0.12159090909090908,0.11795454545454545,0.12522727272727271,0.11613636363636363
325,325.0,325.0,0.11613636363636363,0.1143181818181818,0.11795454545454545,0.17068181818181818,0.12159090909090908,0.11795454545454545,0.12522727272727271,0.11613636363636363
326,326.0,326.0,0.11613636363636363,0.1143181818181818,0.11795454545454545,0.17068181818181818,0.12159090909090908,0.11795454545454545,0.12522727272727271,0.11613636363636363
327,327.0,327.0,0.11613636363636363,0.1143181818181818,0.11795454545454545,0.17068181818181818,0.12159090909090908,0.11795454545454545,0.12522727272727271,0.11613636363636363
328,328.0,328.0,0.11613636363636363,0.1143181818181818,0.11795454545454545,0.17068181818181818,0.12159090909090908,0.11795454545454545,0.12522727272727271,0.11613636363636363
329,329.0,329.0,0.11607142857142856,0.11428571428571428,0.11785714285714285,0.17142857142857143,0.12142857142857141,0.11785714285714285,0.125,0.11607142857142856
330,330.0,330.0,0.11600877192982455,0.11425438596491229,0.11776315789473683,0.17214912280701755,0.1212719298245614,0.11776315789473683,0.12478070175438596,0.11600877192982455
331,331.0,331.0,0.11594827586206895,0.11422413793103448,0.11767241379310345,0.1728448275862069,0.12112068965517242,0.11767241379310345,0.12456896551724136,0.11594827586206895
332,332.0,332.0,0.11588983050847457,0.11419491525423728,0.11758474576271186,0.1735169491525424,0.12097457627118643,0.11758474576271186,0.12436440677966101,0.11588983050847457
333,333.0,333.0,0.11583333333333332,0.11416666666666667,0.11750000000000001,0.17416666666666666,0.12083333333333332,0.11750000000000001,0.12416666666666668,0.11583333333333332
334,334.0,334.0,0.11583333333333332,0.11416666666666667,0.11750000000000001,0.17416666666666666,0.12083333333333332,0.11750000000000001,0.12416666666666668,0.11583333333333332
335,335.0,335.0,0.11577868852459017,0.11413934426229508,0.11741803278688523,0.1747950819672131,0.1206967213114754,0.11741803278688523,0.12397540983606556,0.11577868852459017
336,336.0,336.0,0.1157258064516129,0.11411290322580644,0.11733870967741936,0.1754032258064516,0.12056451612903225,0.11733870967741936,0.12379032258064515,0.1157258064516129
337,337.0,337.0,0.11567460317460317,0.11408730158730158,0.11726190476190476,0.1744047619047619,0.1220238095238095,0.11726190476190476,0.12361111111111112,0.11567460317460317
338,338.0,338.0,0.115625,0.1140625,0.1171875,0.175,0.121875,0.1171875,0.1234375,0.115625
339,339.0,339.0,0.11557692307692306,0.11403846153846153,0.1171153846153846,0.17557692307692307,0.12173076923076923,0.1171153846153846,0.12326923076923077,0.11557692307692306
340,340.0,340.0,0.11553030303030302,0.11401515151515151,0.11704545454545454,0.17613636363636362,0.12159090909090908,0.11704545454545454,0.1231060606060606,0.11553030303030302
341,341.0,341.0,0.11548507462686568,0.11399253731343284,0.1169776119402985,0.17667910447761193,0.12145522388059701,0.1169776119402985,0.12294776119402986,0.11548507462686568
342,342.0,342.0,0.11544117647058823,0.11397058823529412,0.11691176470588235,0.17573529411764705,0.12132352941176469,0.11691176470588235,0.12426470588235294,0.11544117647058823
343,343.0,343.0,0.11539855072463767,0.11394927536231884,0.11684782608695651,0.17626811594202899,0.12119565217391304,0.11684782608695651,0.12409420289855073,0.11539855072463767
344,344.0,344.0,0.11535714285714285,0.11392857142857142,0.11678571428571427,0.17535714285714285,0.12107142857142857,0.11678571428571427,0.12392857142857142,0.11678571428571427
345,345.0,345.0,0.11535714285714285,0.11392857142857142,0.11678571428571427,0.17535714285714285,0.12107142857142857,0.11678571428571427,0.12392857142857142,0.11678571428571427
346,346.0,346.0,0.1153169014084507,0.11390845070422535,0.11672535211267605,0.17588028169014086,0.1209507042253521,0.11672535211267605,0.1237676056338028,0.11672535211267605
347,347.0,347.0,0.11527777777777777,0.11388888888888889,0.11666666666666665,0.17638888888888887,0.12083333333333332,0.11666666666666665,0.12361111111111112,0.11666666666666665
348,348.0,348.0,0.11523972602739727,0.11386986301369864,0.11660958904109589,0.17688356164383562,0.12071917808219176,0.11660958904109589,0.12345890410958904,0.11660958904109589
349,349.0,349.0,0.11520270270270269,0.11385135135135135,0.11655405405405406,0.17736486486486486,0.1206081081081081,0.11655405405405406,0.12331081081081081,0.11655405405405406
350,350.0,350.0,0.11516666666666667,0.11383333333333331,0.1165,0.17783333333333334,0.12050000000000001,0.1165,0.12316666666666667,0.1165
351,351.0,351.0,0.11516666666666667,0.11383333333333331,0.1165,0.17783333333333334,0.12050000000000001,0.1165,0.12316666666666667,0.1165
352,352.0,352.0,0.11516666666666667,0.11383333333333331,0.1165,0.17783333333333334,0.12050000000000001,0.1165,0.12316666666666667,0.1165
353,353.0,353.0,0.11516666666666667,0.11383333333333331,0.1165,0.17783333333333334,0.12050000000000001,0.1165,0.12316666666666667,0.1165
354,354.0,354.0,0.11513157894736843,0.1138157894736842,0.11644736842105263,0.17828947368421053,0.12039473684210526,0.11644736842105263,0.12302631578947368,0.11644736842105263
355,355.0,355.0,0.1150974025974026,0.11379870129870129,0.11639610389610389,0.17743506493506495,0.12159090909090908,0.11639610389610389,0.1228896103896104,0.11639610389610389
356,356.0,356.0,0.11506410256410256,0.11378205128205128,0.11634615384615384,0.17788461538461536,0.12147435897435896,0.11634615384615384,0.12275641025641024,0.11634615384615384
357,357.0,357.0,0.11503164556962024,0.11376582278481011,0.11629746835443038,0.1783227848101266,0.1213607594936709,0.11629746835443038,0.122626582278481,0.11629746835443038
358,358.0,358.0,0.11503164556962024,0.11376582278481011,0.11629746835443038,0.1783227848101266,0.1213607594936709,0.11629746835443038,0.122626582278481,0.11629746835443038
359,359.0,359.0,0.11503164556962024,0.11376582278481011,0.11629746835443038,0.1783227848101266,0.1213607594936709,0.11629746835443038,0.122626582278481,0.11629746835443038
360,360.0,360.0,0.11499999999999999,0.11374999999999999,0.11625,0.17875000000000002,0.12125,0.11625,0.12250000000000001,0.11625
361,361.0,361.0,0.11499999999999999,0.11374999999999999,0.11625,0.17875000000000002,0.12125,0.11625,0.12250000000000001,0.11625
362,362.0,362.0,0.11499999999999999,0.11374999999999999,0.11625,0.17875000000000002,0.12125,0.11625,0.12250000000000001,0.11625
363,363.0,363.0,0.11496913580246912,0.11373456790123455,0.1162037037037037,0.17916666666666664,0.12114197530864197,0.1162037037037037,0.12237654320987654,0.1162037037037037
364,364.0,364.0,0.11493902439024391,0.11371951219512196,0.11615853658536586,0.17957317073170734,0.12103658536585364,0.11615853658536586,0.12225609756097562,0.11615853658536586
365,365.0,365.0,0.11490963855421685,0.11370481927710843,0.1161144578313253,0.17996987951807228,0.12093373493975904,0.1161144578313253,0.12213855421686748,0.1161144578313253
366,366.0,366.0,0.11488095238095238,0.11369047619047619,0.11607142857142856,0.18035714285714285,0.12083333333333332,0.11607142857142856,0.1220238095238095,0.11607142857142856
367,367.0,367.0,0.11485294117647057,0.1136764705882353,0.11602941176470587,0.18073529411764705,0.12073529411764705,0.11602941176470587,0.12191176470588234,0.11602941176470587
368,368.0,368.0,0.11482558139534882,0.11366279069767442,0.11598837209302323,0.18110465116279068,0.12063953488372092,0.11598837209302323,0.12180232558139534,0.11598837209302323
369,369.0,369.0,0.11479885057471265,0.1136494252873563,0.11594827586206895,0.18146551724137933,0.12054597701149425,0.11594827586206895,0.12169540229885056,0.11594827586206895
370,370.0,370.0,0.11477272727272728,0.11363636363636362,0.11590909090909089,0.18068181818181817,0.12045454545454545,0.11590909090909089,0.12272727272727273,0.11590909090909089
371,371.0,371.0,0.11474719101123595,0.11362359550561799,0.11587078651685392,0.17991573033707864,0.12148876404494383,0.11587078651685392,0.1226123595505618,0.11587078651685392
372,372.0,372.0,0.11472222222222221,0.11361111111111111,0.11583333333333332,0.17916666666666664,0.12138888888888888,0.11583333333333332,0.12361111111111112,0.11583333333333332
373,373.0,373.0,0.11469780219780219,0.1135989010989011,0.11579670329670329,0.179532967032967,0.12129120879120878,0.11579670329670329,0.12348901098901097,0.11579670329670329
374,374.0,374.0,0.11467391304347826,0.11358695652173914,0.11576086956521739,0.17880434782608695,0.12119565217391304,0.11576086956521739,0.12445652173913042,0.11576086956521739
375,375.0,375.0,0.1146505376344086,0.1135752688172043,0.1168010752688172,0.17809139784946235,0.1211021505376344,0.1157258064516129,0.1243279569892473,0.1157258064516129
376,376.0,376.0,0.1146505376344086,0.1135752688172043,0.1168010752688172,0.17809139784946235,0.1211021505376344,0.1157258064516129,0.1243279569892473,0.1157258064516129
377,377.0,377.0,0.1146505376344086,0.1135752688172043,0.1168010752688172,0.17809139784946235,0.1211021505376344,0.1157258064516129,0.1243279569892473,0.1157258064516129
378,378.0,378.0,0.1146505376344086,0.1135752688172043,0.1168010752688172,0.17809139784946235,0.1211021505376344,0.1157258064516129,0.1243279569892473,0.1157258064516129
379,379.0,379.0,0.1146505376344086,0.1135752688172043,0.1168010752688172,0.17809139784946235,0.1211021505376344,0.1157258064516129,0.1243279569892473,0.1157258064516129
380,380.0,380.0,0.11462765957446808,0.11356382978723405,0.11675531914893618,0.17845744680851064,0.12101063829787233,0.11569148936170212,0.12420212765957446,0.11569148936170212
381,381.0,381.0,0.11460526315789472,0.11355263157894735,0.11671052631578946,0.1788157894736842,0.12092105263157893,0.1156578947368421,0.12407894736842104,0.1156578947368421
382,382.0,382.0,0.11458333333333333,0.11354166666666665,0.11666666666666665,0.178125,0.121875,0.115625,0.12395833333333332,0.115625
383,383.0,383.0,0.11456185567010309,0.11353092783505155,0.11765463917525773,0.1774484536082474,0.1217783505154639,0.11559278350515463,0.12384020618556701,0.11559278350515463
384,384.0,384.0,0.11454081632653061,0.1135204081632653,0.11760204081632653,0.1778061224489796,0.12168367346938776,0.11556122448979592,0.12372448979591837,0.11556122448979592
385,385.0,385.0,0.11452020202020201,0.11351010101010102,0.11755050505050506,0.17714646464646466,0.12159090909090908,0.11553030303030302,0.1246212121212121,0.11553030303030302
386,386.0,386.0,0.1145,0.1135,0.11750000000000001,0.1775,0.12150000000000001,0.1155,0.12450000000000001,0.1155
387,387.0,387.0,0.1145,0.1135,0.11750000000000001,0.1775,0.12150000000000001,0.1155,0.12450000000000001,0.1155
388,388.0,388.0,0.1145,0.1135,0.11750000000000001,0.1775,0.12150000000000001,0.1155,0.12450000000000001,0.1155
389,389.0,389.0,0.11448019801980198,0.113490099009901,0.11745049504950496,0.17784653465346537,0.12141089108910892,0.11547029702970298,0.1243811881188119,0.11547029702970298
390,390.0,390.0,0.11446078431372549,0.11348039215686274,0.11740196078431372,0.17720588235294116,0.12132352941176469,0.11642156862745098,0.12426470588235294,0.11544117647058823
391,391.0,391.0,0.11444174757281553,0.11347087378640777,0.11735436893203884,0.1775485436893204,0.1212378640776699,0.11638349514563107,0.1241504854368932,0.1154126213592233
392,392.0,392.0,0.11442307692307692,0.11346153846153846,0.1173076923076923,0.1769230769230769,0.12115384615384614,0.11634615384615384,0.12403846153846151,0.11634615384615384
