Total_iterations,Unnamed: 0.1,Intertwine_two,Invert_path_vertices,Insert_inside_vertex,Delete_inside_vertex,Replace_inside_vertex,Donate_between_routes,Trim_one_terminal_cb,Grow_one_terminal_cb
0,0.0,0.125,0.125,0.125,0.125,0.125,0.125,0.125,0.125
1,1.0,0.125,0.125,0.125,0.125,0.125,0.125,0.125,0.125
2,2.0,0.125,0.125,0.125,0.125,0.125,0.125,0.125,0.125
3,3.0,0.125,0.125,0.125,0.125,0.125,0.125,0.125,0.125
4,4.0,0.125,0.125,0.125,0.125,0.125,0.125,0.125,0.125
5,5.0,0.125,0.125,0.125,0.125,0.125,0.125,0.125,0.125
6,6.0,0.125,0.125,0.125,0.125,0.125,0.125,0.125,0.125
7,7.0,0.125,0.125,0.125,0.125,0.125,0.125,0.125,0.125
8,8.0,0.125,0.125,0.125,0.125,0.125,0.125,0.125,0.125
9,9.0,0.125,0.125,0.125,0.125,0.125,0.125,0.125,0.125
10,10.0,0.125,0.125,0.125,0.125,0.125,0.125,0.125,0.125
11,11.0,0.125,0.125,0.125,0.125,0.125,0.125,0.125,0.125
12,12.0,0.125,0.125,0.125,0.125,0.125,0.125,0.125,0.125
13,13.0,0.125,0.125,0.125,0.125,0.125,0.125,0.125,0.125
14,14.0,0.125,0.125,0.125,0.125,0.125,0.125,0.125,0.125
15,15.0,0.125,0.125,0.125,0.125,0.125,0.125,0.125,0.125
16,16.0,0.125,0.125,0.125,0.125,0.125,0.125,0.125,0.125
17,17.0,0.125,0.125,0.125,0.125,0.125,0.125,0.125,0.125
18,18.0,0.125,0.125,0.125,0.125,0.125,0.125,0.125,0.125
19,19.0,0.125,0.125,0.125,0.125,0.125,0.125,0.125,0.125
20,20.0,0.125,0.125,0.125,0.125,0.125,0.125,0.125,0.125
21,21.0,0.125,0.125,0.125,0.125,0.125,0.125,0.125,0.125
22,22.0,0.125,0.125,0.125,0.125,0.125,0.125,0.125,0.125
23,23.0,0.125,0.125,0.125,0.125,0.125,0.125,0.125,0.125
24,24.0,0.125,0.125,0.125,0.125,0.125,0.125,0.125,0.125
25,25.0,0.125,0.125,0.125,0.125,0.125,0.125,0.125,0.125
26,26.0,0.125,0.125,0.125,0.125,0.125,0.125,0.125,0.125
27,27.0,0.125,0.125,0.125,0.125,0.125,0.125,0.125,0.125
28,28.0,0.125,0.125,0.125,0.125,0.125,0.125,0.125,0.125
29,29.0,0.125,0.125,0.125,0.125,0.125,0.125,0.125,0.125
30,30.0,0.125,0.125,0.125,0.125,0.125,0.125,0.125,0.125
31,31.0,0.125,0.125,0.125,0.125,0.125,0.125,0.125,0.125
32,32.0,0.125,0.125,0.125,0.125,0.125,0.125,0.125,0.125
33,33.0,0.125,0.125,0.125,0.125,0.125,0.125,0.125,0.125
34,34.0,0.125,0.125,0.125,0.125,0.125,0.125,0.125,0.125
35,35.0,0.125,0.125,0.125,0.125,0.125,0.125,0.125,0.125
36,36.0,0.125,0.125,0.125,0.125,0.125,0.125,0.125,0.125
37,37.0,0.125,0.125,0.125,0.125,0.125,0.125,0.125,0.125
38,38.0,0.125,0.125,0.125,0.125,0.125,0.125,0.125,0.125
39,39.0,0.125,0.125,0.125,0.125,0.125,0.125,0.125,0.125
40,40.0,0.125,0.125,0.125,0.125,0.125,0.125,0.125,0.125
41,41.0,0.125,0.125,0.125,0.125,0.125,0.125,0.125,0.125
42,42.0,0.125,0.125,0.125,0.125,0.125,0.125,0.125,0.125
43,43.0,0.125,0.125,0.125,0.125,0.125,0.125,0.125,0.125
44,44.0,0.125,0.125,0.125,0.125,0.125,0.125,0.125,0.125
45,45.0,0.125,0.125,0.125,0.125,0.125,0.125,0.125,0.125
46,46.0,0.125,0.125,0.125,0.125,0.125,0.125,0.125,0.125
47,47.0,0.125,0.125,0.125,0.125,0.125,0.125,0.125,0.125
48,48.0,0.125,0.125,0.125,0.125,0.125,0.125,0.125,0.125
49,49.0,0.125,0.125,0.125,0.125,0.125,0.125,0.125,0.125
50,50.0,0.125,0.125,0.125,0.125,0.125,0.125,0.125,0.125
51,51.0,0.125,0.125,0.125,0.125,0.125,0.125,0.125,0.125
52,52.0,0.125,0.125,0.125,0.125,0.125,0.125,0.125,0.125
53,53.0,0.125,0.125,0.125,0.125,0.125,0.125,0.125,0.125
54,54.0,0.125,0.125,0.125,0.125,0.125,0.125,0.125,0.125
55,55.0,0.125,0.125,0.125,0.125,0.125,0.125,0.125,0.125
56,56.0,0.125,0.125,0.125,0.125,0.125,0.125,0.125,0.125
57,57.0,0.125,0.125,0.125,0.125,0.125,0.125,0.125,0.125
58,58.0,0.125,0.125,0.125,0.125,0.125,0.125,0.125,0.125
59,59.0,0.125,0.125,0.125,0.125,0.125,0.125,0.125,0.125
60,60.0,0.125,0.125,0.125,0.125,0.125,0.125,0.125,0.125
61,61.0,0.125,0.125,0.125,0.125,0.125,0.125,0.125,0.125
62,62.0,0.125,0.125,0.125,0.125,0.125,0.125,0.125,0.125
63,63.0,0.125,0.125,0.125,0.125,0.125,0.125,0.125,0.125
64,64.0,0.125,0.125,0.125,0.125,0.125,0.125,0.125,0.125
65,65.0,0.125,0.125,0.125,0.125,0.125,0.125,0.125,0.125
66,66.0,0.125,0.125,0.125,0.125,0.125,0.125,0.125,0.125
67,67.0,0.125,0.125,0.125,0.125,0.125,0.125,0.125,0.125
68,68.0,0.125,0.125,0.125,0.125,0.125,0.125,0.125,0.125
69,69.0,0.125,0.125,0.125,0.125,0.125,0.125,0.125,0.125
70,70.0,0.125,0.125,0.125,0.125,0.125,0.125,0.125,0.125
71,71.0,0.125,0.125,0.125,0.125,0.125,0.125,0.125,0.125
72,72.0,0.125,0.125,0.125,0.125,0.125,0.125,0.125,0.125
73,73.0,0.125,0.125,0.125,0.125,0.125,0.125,0.125,0.125
74,74.0,0.125,0.125,0.125,0.125,0.125,0.125,0.125,0.125
75,75.0,0.125,0.125,0.125,0.125,0.125,0.125,0.125,0.125
76,76.0,0.125,0.125,0.125,0.125,0.125,0.125,0.125,0.125
77,77.0,0.125,0.125,0.125,0.125,0.125,0.125,0.125,0.125
78,78.0,0.125,0.125,0.125,0.125,0.125,0.125,0.125,0.125
79,79.0,0.125,0.125,0.125,0.125,0.125,0.125,0.125,0.125
80,80.0,0.125,0.125,0.125,0.125,0.125,0.125,0.125,0.125
81,81.0,0.125,0.125,0.125,0.125,0.125,0.125,0.125,0.125
82,82.0,0.125,0.125,0.125,0.125,0.125,0.125,0.125,0.125
83,83.0,0.125,0.125,0.125,0.125,0.125,0.125,0.125,0.125
84,84.0,0.125,0.125,0.125,0.125,0.125,0.125,0.125,0.125
85,85.0,0.125,0.125,0.125,0.125,0.125,0.125,0.125,0.125
86,86.0,0.125,0.125,0.125,0.125,0.125,0.125,0.125,0.125
87,87.0,0.125,0.125,0.125,0.125,0.125,0.125,0.125,0.125
88,88.0,0.125,0.125,0.125,0.125,0.125,0.125,0.125,0.125
89,89.0,0.125,0.125,0.125,0.125,0.125,0.125,0.125,0.125
90,90.0,0.125,0.125,0.125,0.125,0.125,0.125,0.125,0.125
91,91.0,0.125,0.125,0.125,0.125,0.125,0.125,0.125,0.125
92,92.0,0.125,0.125,0.125,0.125,0.125,0.125,0.125,0.125
93,93.0,0.125,0.125,0.125,0.125,0.125,0.125,0.125,0.125
94,94.0,0.125,0.125,0.125,0.125,0.125,0.125,0.125,0.125
95,95.0,0.125,0.125,0.125,0.125,0.125,0.125,0.125,0.125
96,96.0,0.125,0.125,0.125,0.125,0.125,0.125,0.125,0.125
97,97.0,0.125,0.125,0.125,0.125,0.125,0.125,0.125,0.125
98,98.0,0.125,0.125,0.125,0.125,0.125,0.125,0.125,0.125
99,99.0,0.125,0.125,0.125,0.125,0.125,0.125,0.125,0.125
100,100.0,0.125,0.125,0.125,0.125,0.125,0.125,0.125,0.125
101,101.0,0.125,0.125,0.125,0.125,0.125,0.125,0.125,0.125
102,102.0,0.125,0.125,0.125,0.125,0.125,0.125,0.125,0.125
103,103.0,0.125,0.125,0.125,0.125,0.125,0.125,0.125,0.125
104,104.0,0.125,0.125,0.125,0.125,0.125,0.125,0.125,0.125
105,105.0,0.125,0.125,0.125,0.125,0.125,0.125,0.125,0.125
106,106.0,0.125,0.125,0.125,0.125,0.125,0.125,0.125,0.125
107,107.0,0.125,0.125,0.125,0.125,0.125,0.125,0.125,0.125
108,108.0,0.125,0.125,0.125,0.125,0.125,0.125,0.125,0.125
109,109.0,0.125,0.125,0.125,0.125,0.125,0.125,0.125,0.125
110,110.0,0.125,0.125,0.125,0.125,0.125,0.125,0.125,0.125
111,111.0,0.125,0.125,0.125,0.125,0.125,0.125,0.125,0.125
112,112.0,0.125,0.125,0.125,0.125,0.125,0.125,0.125,0.125
113,113.0,0.125,0.125,0.125,0.125,0.125,0.125,0.125,0.125
114,114.0,0.125,0.125,0.125,0.125,0.125,0.125,0.125,0.125
115,115.0,0.125,0.125,0.125,0.125,0.125,0.125,0.125,0.125
116,116.0,0.125,0.125,0.125,0.125,0.125,0.125,0.125,0.125
117,117.0,0.125,0.125,0.125,0.125,0.125,0.125,0.125,0.125
118,118.0,0.125,0.125,0.125,0.125,0.125,0.125,0.125,0.125
119,119.0,0.125,0.125,0.125,0.125,0.125,0.125,0.125,0.125
120,120.0,0.125,0.125,0.125,0.125,0.125,0.125,0.125,0.125
121,121.0,0.125,0.125,0.125,0.125,0.125,0.125,0.125,0.125
122,122.0,0.125,0.125,0.125,0.125,0.125,0.125,0.125,0.125
123,123.0,0.125,0.125,0.125,0.125,0.125,0.125,0.125,0.125
124,124.0,0.125,0.125,0.125,0.125,0.125,0.125,0.125,0.125
125,125.0,0.125,0.125,0.125,0.125,0.125,0.125,0.125,0.125
126,126.0,0.125,0.125,0.125,0.125,0.125,0.125,0.125,0.125
127,127.0,0.125,0.125,0.125,0.125,0.125,0.125,0.125,0.125
128,128.0,0.125,0.125,0.125,0.125,0.125,0.125,0.125,0.125
129,129.0,0.125,0.125,0.125,0.125,0.125,0.125,0.125,0.125
130,130.0,0.125,0.125,0.125,0.125,0.125,0.125,0.125,0.125
131,131.0,0.125,0.125,0.125,0.125,0.125,0.125,0.125,0.125
132,132.0,0.125,0.125,0.125,0.125,0.125,0.125,0.125,0.125
133,133.0,0.125,0.125,0.125,0.125,0.125,0.125,0.125,0.125
134,134.0,0.125,0.125,0.125,0.125,0.125,0.125,0.125,0.125
135,135.0,0.125,0.125,0.125,0.125,0.125,0.125,0.125,0.125
136,136.0,0.125,0.125,0.125,0.125,0.125,0.125,0.125,0.125
137,137.0,0.125,0.125,0.125,0.125,0.125,0.125,0.125,0.125
138,138.0,0.125,0.125,0.125,0.125,0.125,0.125,0.125,0.125
139,139.0,0.125,0.125,0.125,0.125,0.125,0.125,0.125,0.125
140,140.0,0.125,0.125,0.125,0.125,0.125,0.125,0.125,0.125
141,141.0,0.125,0.125,0.125,0.125,0.125,0.125,0.125,0.125
142,142.0,0.125,0.125,0.125,0.125,0.125,0.125,0.125,0.125
143,143.0,0.125,0.125,0.125,0.125,0.125,0.125,0.125,0.125
144,144.0,0.125,0.125,0.125,0.125,0.125,0.125,0.125,0.125
145,145.0,0.125,0.125,0.125,0.125,0.125,0.125,0.125,0.125
146,146.0,0.125,0.125,0.125,0.125,0.125,0.125,0.125,0.125
147,147.0,0.125,0.125,0.125,0.125,0.125,0.125,0.125,0.125
148,148.0,0.125,0.125,0.125,0.125,0.125,0.125,0.125,0.125
149,149.0,0.125,0.125,0.125,0.125,0.125,0.125,0.125,0.125
150,150.0,0.125,0.125,0.125,0.125,0.125,0.125,0.125,0.125
151,151.0,0.125,0.125,0.125,0.125,0.125,0.125,0.125,0.125
152,152.0,0.125,0.125,0.125,0.125,0.125,0.125,0.125,0.125
153,153.0,0.125,0.125,0.125,0.125,0.125,0.125,0.125,0.125
154,154.0,0.125,0.125,0.125,0.125,0.125,0.125,0.125,0.125
155,155.0,0.125,0.125,0.125,0.125,0.125,0.125,0.125,0.125
156,156.0,0.125,0.125,0.125,0.125,0.125,0.125,0.125,0.125
157,157.0,0.125,0.125,0.125,0.125,0.125,0.125,0.125,0.125
158,158.0,0.125,0.125,0.125,0.125,0.125,0.125,0.125,0.125
159,159.0,0.125,0.125,0.125,0.125,0.125,0.125,0.125,0.125
160,160.0,0.125,0.125,0.125,0.125,0.125,0.125,0.125,0.125
161,161.0,0.125,0.125,0.125,0.125,0.125,0.125,0.125,0.125
162,162.0,0.125,0.125,0.125,0.125,0.125,0.125,0.125,0.125
163,163.0,0.125,0.125,0.125,0.125,0.125,0.125,0.125,0.125
164,164.0,0.125,0.125,0.125,0.125,0.125,0.125,0.125,0.125
165,165.0,0.125,0.125,0.125,0.125,0.125,0.125,0.125,0.125
166,166.0,0.125,0.125,0.125,0.125,0.125,0.125,0.125,0.125
167,167.0,0.125,0.125,0.125,0.125,0.125,0.125,0.125,0.125
168,168.0,0.125,0.125,0.125,0.125,0.125,0.125,0.125,0.125
169,169.0,0.125,0.125,0.125,0.125,0.125,0.125,0.125,0.125
170,170.0,0.125,0.125,0.125,0.125,0.125,0.125,0.125,0.125
171,171.0,0.125,0.125,0.125,0.125,0.125,0.125,0.125,0.125
172,172.0,0.125,0.125,0.125,0.125,0.125,0.125,0.125,0.125
173,173.0,0.125,0.125,0.125,0.125,0.125,0.125,0.125,0.125
174,174.0,0.125,0.125,0.125,0.125,0.125,0.125,0.125,0.125
175,175.0,0.125,0.125,0.125,0.125,0.125,0.125,0.125,0.125
176,176.0,0.125,0.125,0.125,0.125,0.125,0.125,0.125,0.125
177,177.0,0.125,0.125,0.125,0.125,0.125,0.125,0.125,0.125
178,178.0,0.125,0.125,0.125,0.125,0.125,0.125,0.125,0.125
179,179.0,0.125,0.125,0.125,0.125,0.125,0.125,0.125,0.125
180,180.0,0.125,0.125,0.125,0.125,0.125,0.125,0.125,0.125
181,181.0,0.125,0.125,0.125,0.125,0.125,0.125,0.125,0.125
182,182.0,0.125,0.125,0.125,0.125,0.125,0.125,0.125,0.125
183,183.0,0.125,0.125,0.125,0.125,0.125,0.125,0.125,0.125
184,184.0,0.125,0.125,0.125,0.125,0.125,0.125,0.125,0.125
185,185.0,0.125,0.125,0.125,0.125,0.125,0.125,0.125,0.125
186,186.0,0.125,0.125,0.125,0.125,0.125,0.125,0.125,0.125
187,187.0,0.125,0.125,0.125,0.125,0.125,0.125,0.125,0.125
188,188.0,0.125,0.125,0.125,0.125,0.125,0.125,0.125,0.125
189,189.0,0.125,0.125,0.125,0.125,0.125,0.125,0.125,0.125
190,190.0,0.125,0.125,0.125,0.125,0.125,0.125,0.125,0.125
191,191.0,0.125,0.125,0.125,0.125,0.125,0.125,0.125,0.125
192,192.0,0.125,0.125,0.125,0.125,0.125,0.125,0.125,0.125
193,193.0,0.125,0.125,0.125,0.125,0.125,0.125,0.125,0.125
194,194.0,0.125,0.125,0.125,0.125,0.125,0.125,0.125,0.125
195,195.0,0.125,0.125,0.125,0.125,0.125,0.125,0.125,0.125
196,196.0,0.125,0.125,0.125,0.125,0.125,0.125,0.125,0.125
197,197.0,0.125,0.125,0.125,0.125,0.125,0.125,0.125,0.125
198,198.0,0.125,0.125,0.125,0.125,0.125,0.125,0.125,0.125
199,199.0,0.125,0.125,0.125,0.125,0.125,0.125,0.125,0.125
200,200.0,0.125,0.125,0.125,0.125,0.125,0.125,0.125,0.125
201,201.0,0.125,0.125,0.125,0.125,0.125,0.125,0.125,0.125
202,202.0,0.125,0.125,0.125,0.125,0.125,0.125,0.125,0.125
203,203.0,0.125,0.125,0.125,0.125,0.125,0.125,0.125,0.125
204,204.0,0.125,0.125,0.125,0.125,0.125,0.125,0.125,0.125
205,205.0,0.125,0.125,0.125,0.125,0.125,0.125,0.125,0.125
206,206.0,0.125,0.125,0.125,0.125,0.125,0.125,0.125,0.125
207,207.0,0.125,0.125,0.125,0.125,0.125,0.125,0.125,0.125
208,208.0,0.125,0.125,0.125,0.125,0.125,0.125,0.125,0.125
209,209.0,0.125,0.125,0.125,0.125,0.125,0.125,0.125,0.125
210,210.0,0.125,0.125,0.125,0.125,0.125,0.125,0.125,0.125
211,211.0,0.125,0.125,0.125,0.125,0.125,0.125,0.125,0.125
212,212.0,0.125,0.125,0.125,0.125,0.125,0.125,0.125,0.125
213,213.0,0.125,0.125,0.125,0.125,0.125,0.125,0.125,0.125
214,214.0,0.125,0.125,0.125,0.125,0.125,0.125,0.125,0.125
215,215.0,0.125,0.125,0.125,0.125,0.125,0.125,0.125,0.125
216,216.0,0.125,0.125,0.125,0.125,0.125,0.125,0.125,0.125
217,217.0,0.125,0.125,0.125,0.125,0.125,0.125,0.125,0.125
218,218.0,0.125,0.125,0.125,0.125,0.125,0.125,0.125,0.125
219,219.0,0.125,0.125,0.125,0.125,0.125,0.125,0.125,0.125
220,220.0,0.125,0.125,0.125,0.125,0.125,0.125,0.125,0.125
221,221.0,0.125,0.125,0.125,0.125,0.125,0.125,0.125,0.125
222,222.0,0.125,0.125,0.125,0.125,0.125,0.125,0.125,0.125
223,223.0,0.125,0.125,0.125,0.125,0.125,0.125,0.125,0.125
224,224.0,0.125,0.125,0.125,0.125,0.125,0.125,0.125,0.125
225,225.0,0.125,0.125,0.125,0.125,0.125,0.125,0.125,0.125
226,226.0,0.125,0.125,0.125,0.125,0.125,0.125,0.125,0.125
227,227.0,0.125,0.125,0.125,0.125,0.125,0.125,0.125,0.125
228,228.0,0.125,0.125,0.125,0.125,0.125,0.125,0.125,0.125
229,229.0,0.125,0.125,0.125,0.125,0.125,0.125,0.125,0.125
230,230.0,0.125,0.125,0.125,0.125,0.125,0.125,0.125,0.125
231,231.0,0.125,0.125,0.125,0.125,0.125,0.125,0.125,0.125
232,232.0,0.125,0.125,0.125,0.125,0.125,0.125,0.125,0.125
233,233.0,0.125,0.125,0.125,0.125,0.125,0.125,0.125,0.125
234,234.0,0.125,0.125,0.125,0.125,0.125,0.125,0.125,0.125
235,235.0,0.125,0.125,0.125,0.125,0.125,0.125,0.125,0.125
236,236.0,0.125,0.125,0.125,0.125,0.125,0.125,0.125,0.125
237,237.0,0.125,0.125,0.125,0.125,0.125,0.125,0.125,0.125
238,238.0,0.125,0.125,0.125,0.125,0.125,0.125,0.125,0.125
239,239.0,0.125,0.125,0.125,0.125,0.125,0.125,0.125,0.125
240,240.0,0.125,0.125,0.125,0.125,0.125,0.125,0.125,0.125
241,241.0,0.125,0.125,0.125,0.125,0.125,0.125,0.125,0.125
242,242.0,0.125,0.125,0.125,0.125,0.125,0.125,0.125,0.125
243,243.0,0.125,0.125,0.125,0.125,0.125,0.125,0.125,0.125
244,244.0,0.125,0.125,0.125,0.125,0.125,0.125,0.125,0.125
245,245.0,0.125,0.125,0.125,0.125,0.125,0.125,0.125,0.125
246,246.0,0.125,0.125,0.125,0.125,0.125,0.125,0.125,0.125
247,247.0,0.125,0.125,0.125,0.125,0.125,0.125,0.125,0.125
248,248.0,0.1248611111111111,0.1248611111111111,0.1248611111111111,0.1248611111111111,0.1248611111111111,0.1248611111111111,0.1259722222222222,0.1248611111111111
249,249.0,0.1246125,0.1246125,0.1246125,0.1256125,0.1246125,0.1246125,0.1267125,0.1246125
250,250.0,0.1242767159090909,0.1242767159090909,0.1242767159090909,0.1270848977272727,0.1242767159090909,0.1242767159090909,0.1272548068181818,0.1242767159090909
251,251.0,0.1239476521590909,0.1239476521590909,0.1239476521590909,0.1285369339772727,0.1239476521590909,0.1239476521590909,0.1277771530681818,0.1239476521590909
252,252.0,0.1236279273534091,0.1236279273534091,0.1236279273534091,0.1299561245352272,0.1236279273534091,0.1236279273534091,0.1282763113443182,0.1236279273534091
253,253.0,0.1240773806032462,0.1232440472699129,0.1232440472699129,0.1311042893374886,0.1232440472699129,0.1232440472699129,0.1285980937097007,0.1232440472699129
254,254.0,0.1244045762605287,0.1228103454912979,0.1228103454912979,0.1320092870738413,0.1228103454912979,0.1235795762605287,0.1287651784399096,0.1228103454912979
255,255.0,0.1246239626334337,0.1223388884576095,0.1223388884576095,0.13340891194604,0.1223388884576095,0.1238147126334337,0.1287968589566545,0.1223388884576095
256,256.0,0.1247477897903329,0.1218399977665234,0.1218399977665234,0.1352213899734632,0.1218399977665234,0.1239608072903329,0.1287100218797774,0.1218399977665234
257,257.0,0.1247867563336388,0.1213225961668806,0.1213225961668806,0.1373754062984095,0.1213225961668806,0.1240276844086389,0.1285197682917903,0.1213225961668806
258,258.0,0.1247504292475131,0.120794444059651,0.120794444059651,0.139219678692583,0.1213826793537686,0.1240240675592631,0.1282398129679192,0.120794444059651
259,259.0,0.1247128776363484,0.1202949862519596,0.1202949862519596,0.1409652682368838,0.1214655744872537,0.1240232187780558,0.1279481021055797,0.1202949862519596
260,260.0,0.1246745994687601,0.1198263478919294,0.1198263478919294,0.1426045873208563,0.1215681714213412,0.1240248697460123,0.1276487283672417,0.1198263478919294
261,261.0,0.1245706907049425,0.1193574536798327,0.1193574536798327,0.1444913469238767,0.1216221145295059,0.1239633945014123,0.1272800923007646,0.1193574536798327
262,262.0,0.1244090974894045,0.118893190141621,0.118893190141621,0.146053727623672,0.1216320737605065,0.1238460644152056,0.1268531504968748,0.1194195059310947
263,263.0,0.1241972041994736,0.118437736845288,0.118437736845288,0.1478085435035668,0.1216023479097493,0.1236796382724148,0.1263780029473526,0.1194587894768669
264,264.0,0.1239419091489221,0.1179946419863258,0.1179946419863258,0.1492443161699602,0.1215369521173513,0.1234704393135599,0.1258639710756902,0.1199531282018647
265,265.0,0.12410421801843,0.1175668842193706,0.1175668842193706,0.150376860615807,0.1214396744349676,0.123224403909403,0.125319650732385,0.1204014238502661
266,266.0,0.124211328919617,0.117156925086522,0.117156925086522,0.1516576982164446,0.1213141111756821,0.1229471114057772,0.1247529493152961,0.1208029507941389
267,267.0,0.1242667023980109,0.1167667549349336,0.1167667549349336,0.1530638026110858,0.1211636877682495,0.1226438016761374,0.1241711131844442,0.1211573824922048
268,268.0,0.1243238715045853,0.1164146009158214,0.1164146009158214,0.1543403252068188,0.1210250031572109,0.1223527182360335,0.1236140828681664,0.1215147971955421
269,269.0,0.1243320849854564,0.1160835162894622,0.1160835162894622,0.1553207922909103,0.1208649369757042,0.1220422159575797,0.1234516147548348,0.1218213224565902
270,270.0,0.1243411562683859,0.1157897049628443,0.1157897049628443,0.1561750047436835,0.1207172280425911,0.1217473417473955,0.1233158773052879,0.1221239819669676
271,271.0,0.1243509088603385,0.1155323777192597,0.1155323777192597,0.1569070459037426,0.1205821177223633,0.1214694815407557,0.1232055548276429,0.1224201357066376
272,272.0,0.1243611771044925,0.115310459422841,0.115310459422841,0.1575218124887583,0.1204596972569347,0.1212097125393723,0.1235192090494859,0.1223074727152742
273,273.0,0.1243256529070323,0.1151072437464511,0.1151072437464511,0.1582556535211541,0.1203191526347104,0.1209380540819644,0.1237897672971113,0.1221572320651252
274,274.0,0.1242480741728974,0.1149224937244522,0.1149224937244522,0.159095306051851,0.1201629039967945,0.1206576139779106,0.1240172381438692,0.1219738762077728
275,275.0,0.1241718836815581,0.1147690308044458,0.1147690308044458,0.159829484713404,0.1200197252567763,0.1203977158185572,0.1242549376726607,0.1217881912481521
276,276.0,0.1240580219739657,0.114632033392205,0.114632033392205,0.1606598078045249,0.1198632861858112,0.1201324493645726,0.1244465559670845,0.121575811919631
277,277.0,0.1239101632617279,0.1145108144020446,0.1145108144020446,0.1612296877006067,0.120040483775848,0.1198641830918974,0.1245931429315085,0.1213407104343223
278,278.0,0.1237664370639587,0.1144160919255005,0.1144160919255005,0.1617035585921432,0.1202280050449848,0.1196180671328121,0.1247420708046577,0.1211096775104426
279,279.0,0.1236278673911889,0.1143461635359764,0.1143461635359764,0.1620862826706735,0.1207677699988269,0.1193943476155486,0.1248916162169281,0.120539789034881
280,280.0,0.1234608415290255,0.1142877548557922,0.1142877548557922,0.1625670554226901,0.1212628347802852,0.1191700335853502,0.1249942449487908,0.1199694800222738
281,281.0,0.1232686517732721,0.1142398901402297,0.1142398901402297,0.1631377900226975,0.1217110873164399,0.1189466119126407,0.1250519909386244,0.1194040877558659
282,282.0,0.1230545267334258,0.1142015904141761,0.1142015904141761,0.1634777345527997,0.122111113403234,0.1187254211267854,0.1253796520975078,0.118848371257895
283,283.0,0.1228216098393208,0.1141718850596163,0.1141718850596163,0.1639036421328486,0.1224621469594377,0.1185076558143085,0.1256546521346793,0.1183065230001725
284,284.0,0.1225996776271422,0.1141587344202194,0.1141587344202194,0.1642577710184126,0.1227996678116387,0.1183121965355422,0.1259221207983019,0.1177910973685236
285,285.0,0.1223898509508191,0.114160614530863,0.114160614530863,0.1645437577900845,0.1231216520217153,0.1181387672799031,0.1261801365390945,0.1173046063566573
286,286.0,0.1221930175235292,0.1141760035154366,0.1141760035154366,0.1647655567915369,0.1234264334117793,0.117986899337635,0.126427064491932,0.1168490214127142
287,287.0,0.1220098463546422,0.1142033965967016,0.1142033965967016,0.1649273688097772,0.1237126844499312,0.1178559552568235,0.1266615441560816,0.1164258077793412
288,288.0,0.1218408029300064,0.114241319434176,0.114241319434176,0.1650335744229441,0.1239793956609807,0.1177451520921309,0.1268824755637705,0.1160359604618151
289,289.0,0.1216861649094433,0.1142883398238643,0.1142883398238643,0.1650886722154134,0.1242258539155276,0.1176535837835923,0.1270890042265681,0.1156800413017266
290,290.0,0.1215460381327512,0.1143430778066482,0.1143430778066482,0.1650972219913302,0.1244516199266766,0.1175802425286777,0.1272805051323353,0.1153582166749327
291,291.0,0.1214203727433098,0.1144042142433902,0.1144042142433902,0.1650637930545904,0.1246565052586561,0.1175240390345738,0.1274565660477176,0.1150702953743718
292,292.0,0.1213089792562886,0.1144704979243271,0.1144704979243271,0.1652959478688574,0.1245375188230329,0.1174838215601407,0.1276169703625996,0.1148157662804264
293,293.0,0.1211848064484013,0.1145318386322586,0.1145318386322586,0.1656346817337044,0.1243742269657363,0.1174405683662126,0.1277171164140252,0.1145849228074027
294,294.0,0.1210492280669027,0.1145877352864358,0.1145877352864358,0.1660720609409482,0.1241715472345961,0.1173942516147378,0.1277601187129747,0.1143773228569688
295,295.0,0.1209036200047897,0.1146377998429657,0.1146377998429657,0.1665998228878993,0.1239343247661286,0.117344893863533,0.1277493941980741,0.1141923445936435
296,296.0,0.1207493473596509,0.1146817502156833,0.1146817502156833,0.167209486086952,0.1236672921076575,0.1172925634893539,0.1276885995440342,0.1140292109809845
297,297.0,0.1205877524599103,0.1147194027004659,0.1147194027004659,0.1676292957865955,0.1233750337484377,0.1172373698206863,0.127581571617426,0.1141501711660121
298,298.0,0.120420143978986,0.1147506640609127,0.1147506640609127,0.1681231729889081,0.1230619553410968,0.1171794581229729,0.1274322715230398,0.114281669923171
299,299.0,0.1202477872140565,0.1147755234139364,0.1147755234139364,0.1684345076641772,0.1229822575287713,0.1171190045522625,0.1272447325690156,0.1144206636438438
300,300.0,0.1200718955705526,0.1147940440365428,0.1150379464755672,0.1685712174538142,0.1228813166784882,0.1170562111711494,0.1270230123798257,0.1145643562340596
301,301.0,0.1198936232646134,0.1148063551994965,0.1155240090903211,0.1685423710353617,0.1227609889183417,0.1169913011023827,0.1267711493006229,0.1147102020888599
302,302.0,0.1197140592323695,0.1148126441194089,0.1159860426284438,0.1685905370434174,0.1226231737460231,0.1169245138799671,0.1264931231625801,0.1148559061877899
303,303.0,0.1195342222161003,0.1148131481078274,0.1164209235915439,0.1687135730464068,0.1224697899602414,0.1168561010443761,0.1261928204151723,0.1149994216183316
304,304.0,0.1193702084974788,0.114813197489053,0.1168412890406003,0.1688076242640876,0.1223229557443447,0.116796423027355,0.12589925610199,0.1151490458350904
305,305.0,0.119206924368775,0.1148077867249422,0.1172292353573754,0.168753436541602,0.1221632824633012,0.1169573243393382,0.1255894394974899,0.115292570707176
306,306.0,0.1190595660759205,0.1148020613922154,0.1175977613555659,0.1686754665592822,0.1220118325746179,0.1171242289433964,0.125290821269576,0.1154382618294256
307,307.0,0.1189280146182589,0.1147961102010613,0.1179451238070483,0.1685768722429349,0.1218692982379457,0.1172948674642814,0.1250052677628688,0.1155844456656005
308,308.0,0.1188120048268475,0.1147900152492342,0.1182699654419787,0.1684607019691264,0.1217362132414501,0.1174671601251018,0.1247343280403148,0.1157296111059464
309,309.0,0.1187111426329755,0.1147838518623197,0.1185712899256629,0.1683298750363407,0.1216129635010785,0.1176392185852559,0.1244792501207241,0.1158724083356426
310,310.0,0.1184026996766053,0.1147776885176957,0.1188484357283888,0.1684093876020258,0.1214997979886221,0.1178093456802086,0.1242409986029964,0.1160116462034573
311,311.0,0.1181105184635506,0.1147715868445793,0.1191010492602248,0.1684774105906776,0.121396839936414,0.1179760332755306,0.1240202733621226,0.1161462882669003
312,312.0,0.1178358946316103,0.1147656016925511,0.1193290576129417,0.168534412730113,0.1213040981789515,0.1181379584452318,0.123817529022826,0.1162754476857745
313,313.0,0.1175701568452435,0.1147549503431479,0.1195181484673009,0.1686775444413473,0.1212021548328371,0.118279485426554,0.12360884034897,0.1163887192945992
314,314.0,0.1173145188361286,0.1147399284087874,0.1196694901021525,0.1686895459089225,0.1213046053645875,0.1184004062060798,0.1233955010566787,0.1164860041166629
315,315.0,0.1170699873828262,0.1147208533554062,0.119784534587391,0.1687847283663957,0.1213929846476731,0.1185007627604858,0.1231787605412058,0.1165673883586161
316,316.0,0.116837372466332,0.1146980589064622,0.1198649741761909,0.1689593310087433,0.1214665043192387,0.1185808209298055,0.1229598146351334,0.1166331235580939
317,317.0,0.1166172983780483,0.1146718898439602,0.1199126996561857,0.1690090229339116,0.1215246396335166,0.1186410446647319,0.1229397978263782,0.1166836070632674
318,318.0,0.1164102155775576,0.1146426972206413,0.1199297608857368,0.1691349299470279,0.1215671071768943,0.1186820708736361,0.12291385530847,0.1167193630100361
319,319.0,0.1162239545876149,0.1146146047305852,0.1199296419128872,0.1692505244103426,0.1216126961098515,0.1187159972823252,0.1229040155480914,0.116748565418302
320,320.0,0.1160582958370649,0.114587783285366,0.1199140619476054,0.1693556816342028,0.1216606384041008,0.1187431946067339,0.1229087666670933,0.1167715776178328
321,321.0,0.115905294211344,0.1145586032558876,0.1198734106715929,0.1693410423374346,0.1216913656052461,0.1187527515648516,0.1230962853242662,0.116781247029377
322,322.0,0.1157647444504939,0.1145273575190042,0.1198098973830841,0.1694006031362286,0.1217051180412549,0.1187456322781272,0.1232683055179218,0.1167783416738852
323,323.0,0.1156363499500849,0.1144943366450495,0.1197257580428867,0.1695316029418802,0.1217023133754026,0.1187228901905855,0.1234230576880459,0.1167636911660646
324,324.0,0.1155197344305189,0.1144598260071914,0.1196232296017347,0.1697307018890629,0.1216835236181391,0.1186856479553466,0.1235591646703377,0.1167381718276686
325,325.0,0.115420946754968,0.1144273499912289,0.119514267163226,0.1699194021044549,0.1216656866913297,0.1186448189186236,0.1236983420349697,0.116709186341199
326,326.0,0.1153391920157861,0.1143970298951323,0.1194006037514814,0.1700968564590814,0.1216488856811969,0.1186011700509321,0.1238388909700615,0.1166773711763281
327,327.0,0.1152735844667282,0.1143689533278758,0.1192838460979419,0.1702624149954725,0.1216331850061746,0.1185554198240459,0.1239792688292163,0.1166433274525446
328,328.0,0.1152231654642725,0.114343176702248,0.1191654712033224,0.170415611710088,0.1216186316395019,0.1185082358761533,0.1241180889414361,0.1166076184629777
329,329.0,0.1151804268372897,0.1143164810370956,0.1190370842809368,0.1706308261426346,0.1215890226177767,0.1184504931590937,0.124231391607565,0.1165642743176078
330,330.0,0.1151446064261862,0.1142890144388644,0.1189003381403112,0.1709045517226305,0.121545105825931,0.1183831927144799,0.1243191202664441,0.1165140704651527
331,331.0,0.1151149601044538,0.114260923412329,0.1187568204011291,0.1712329209333897,0.1214877249363173,0.1183073475559667,0.1243815182506001,0.1164577844058142
332,332.0,0.1150907670371114,0.1142323513659545,0.1186080435667458,0.1716117844462346,0.1214178004444549,0.118223970772637,0.1244190950352489,0.1163961873316127
333,333.0,0.1150713341937028,0.1142034373043432,0.1184554368614893,0.1720367850062706,0.1213363118662607,0.1181340648412699,0.1244325932475776,0.1163300366790859
334,334.0,0.1150614646260313,0.1141770469425163,0.1183085364581435,0.1724405843269069,0.1212579423605567,0.1180468088546267,0.1244420823728642,0.1162655340583542
335,335.0,0.1150548362213257,0.1141504595736764,0.1181600440092394,0.1728841060689318,0.1211695025129651,0.1179546136567902,0.1244287427455002,0.1161976952115712
336,336.0,0.1150508209728256,0.1141237756849578,0.1180110483820556,0.1733631997796609,0.1210719583198734,0.1178583398590916,0.1243936950262361,0.1161271619752989
337,337.0,0.1150488367762623,0.1140970912966691,0.1178625484389924,0.173714937989416,0.1211250234636602,0.1177588166477948,0.1243381972074891,0.1160545481797161
338,338.0,0.1150483483458785,0.1140704972913854,0.1177154515772741,0.1740979244268729,0.1211668890012888,0.1176568361625782,0.1242636171985419,0.11598043599618
339,339.0,0.1150488675827666,0.1140440788675624,0.1175705733474933,0.1745093252840077,0.1211972260182186,0.117553148825796,0.1241714070954271,0.1159053729787281
340,340.0,0.1150499534462455,0.1140179151104997,0.1174286380463766,0.1749462060893022,0.121215878751595,0.1174484595735949,0.1240630792230449,0.1158298697593413
341,341.0,0.1150512113788733,0.1139920786730179,0.1172902801798467,0.1754055744736627,0.1212228479939956,0.1173434249358169,0.1239401840105279,0.1157543983542591
342,342.0,0.1150522923350904,0.1139666355578745,0.1171560466941327,0.1757373602836301,0.121218274624139,0.1172386509084199,0.1239513485599299,0.1156793910367834
343,343.0,0.1150528914624458,0.1139416449937222,0.117026399875215,0.1760892290333792,0.1212024234153591,0.1171346915598446,0.1239474799292358,0.1156052397307983
344,344.0,0.1150527464829381,0.1139171593962963,0.1169017208201822,0.1763166024687513,0.1211756672547943,0.1170320483112737,0.1239289022443063,0.1156751530214577
345,345.0,0.1150556599651232,0.1138952364789358,0.1167883496053081,0.17651164396447,0.1211505443234523,0.1169372060473044,0.1239121790197123,0.1157491805956938
346,346.0,0.1150572727831408,0.113873827130373,0.1166802529414216,0.1767279501828434,0.1211150700931166,0.1168442968748122,0.1238811954621895,0.1158201345321026
347,347.0,0.1150574082425425,0.1138529487708715,0.1165775483910354,0.1769650098143273,0.121069762537935,0.116753620627347,0.123836524909866,0.1158871767060754
348,348.0,0.1150559286763182,0.1138326150609812,0.116480297715887,0.177222069548903,0.1210152059211113,0.1166654347024644,0.123778846574635,0.1159496017996997
349,349.0,0.1150527327077577,0.1138128360353724,0.1163885115228014,0.1774981685530734,0.1209520376901725,0.1165799554147522,0.1237089273183989,0.1160068307576713
350,350.0,0.1150477524323992,0.1137936182636824,0.1163021539689315,0.1777921714667916,0.1208809361756961,0.1164973596367988,0.1236276044082961,0.1160584036474042
351,351.0,0.1150444593269191,0.113776719419858,0.1162264106307592,0.1780571857078034,0.1208131354509104,0.1164230498402728,0.1235498044117872,0.1161092352116898
352,352.0,0.1150427176053845,0.1137620765995507,0.1161609775200966,0.1782934600009692,0.1207489834440942,0.1163569405249967,0.1234759530374781,0.1161588912674299
353,353.0,0.1150423895466162,0.113749610628612,0.1161054779452993,0.1785015055981422,0.1206887568035186,0.1162988727359982,0.1234063939368917,0.1162069928049218
354,354.0,0.1150398282929955,0.1137374740958495,0.1160542103906339,0.1787276789480374,0.1206221389431759,0.1162433598406448,0.1233273583859425,0.1162479511027204
355,355.0,0.1150350230362839,0.1137256255526433,0.1160068747192444,0.1788414120353904,0.1206795260727372,0.116190311868136,0.1232395454241371,0.1162816812914277
356,356.0,0.1150279920975247,0.1137140276195533,0.1159631699017675,0.1789746633879597,0.120728633307869,0.1161396316081627,0.123143694394847,0.116308187682316
357,357.0,0.1150187796578589,0.1137026468666731,0.1159227968563098,0.1791275060677899,0.1207689271280838,0.1160912160473943,0.1230405728293086,0.1163275545465815
358,358.0,0.1150106171212774,0.1136930359482624,0.115890207830379,0.1792570172670604,0.1208111098899329,0.1160497045657731,0.1229436235148158,0.1163446838624989
359,359.0,0.1150034811228374,0.1136851139900582,0.1158649503122818,0.1793642350218345,0.1208545708716345,0.1160148218702006,0.1228531987194089,0.1163596280917439
360,360.0,0.1149941758117472,0.1136772090371409,0.1158417968909728,0.1794930380180015,0.1208876716920193,0.1159815070735847,0.1227568920112853,0.1163677094652482
361,361.0,0.1149858592736486,0.1136708224891439,0.115825040842885,0.1796015303343717,0.1209210857134453,0.1159542086858944,0.1226676470538612,0.1163738056067496
362,362.0,0.1149785157966234,0.1136658663710552,0.1158142099911771,0.1796906581157612,0.1209544474755943,0.1159325980501143,0.122585650121641,0.1163780540780334
363,363.0,0.1149690350895813,0.1136607039911883,0.1158041904950986,0.1798031332045208,0.1209766261176367,0.1159116928677814,0.1224986507024139,0.1163759675317789
364,364.0,0.1149574923191498,0.1136552909177972,0.1157946513688802,0.17993864652553,0.120987701393106,0.1158912816002072,0.1224070855852942,0.1163678502900352
365,365.0,0.1149439805628697,0.1136495920727172,0.1157852971320445,0.1800966246351365,0.1209878729381465,0.115871176133838,0.1223114127652324,0.1163540437600152
366,366.0,0.1149286079448046,0.1136435810755258,0.1157758669998954,0.1802762638165188,0.1209774457880564,0.1158512111050909,0.1222121041723873,0.1163349190977206
367,367.0,0.1149114949124594,0.113637239568979,0.1157661338160043,0.1804765629962195,0.1209568163068595,0.1158312430732096,0.1221096390105483,0.1163108703157203
368,368.0,0.1148927716678766,0.1136305565342234,0.1157559027628211,0.1806963552736788,0.1209264586284975,0.1158111495642631,0.1220044977093978,0.1162823078592416
369,369.0,0.1148725757629632,0.113623527603546,0.1157450098851628,0.1809343378901421,0.1208869116933013,0.1157908280084035,0.1218971564888278,0.1162496526676531
370,370.0,0.11485104986646,0.1136161543776752,0.1157333204597416,0.1810754641325154,0.1208387669491118,0.1157701945913686,0.1219017188912573,0.1162133307318698
371,371.0,0.1148283397075208,0.1136084437539038,0.1157207272421323,0.1811219325066704,0.1208950163234354,0.1157491830399908,0.1219025892741329,0.1161737681522134
372,372.0,0.1148045921986112,0.113600407270576,0.1157071486206791,0.1810767856546728,0.1209415907219362,0.1157277433601673,0.1220103454775402,0.116131386695817
373,373.0,0.1147799537383867,0.1135920604727653,0.1156925267048347,0.1810536823346249,0.1209782126524885,0.1157058405443949,0.1221111237047324,0.1160865998477724
374,374.0,0.1147545686933464,0.1135834223032809,0.1156768253733449,0.1809448202728773,0.1210047466896431,0.1156834532645742,0.1223123540570601,0.1160398093458729
375,375.0,0.1147285780554045,0.113574514522476,0.1157675551872828,0.180754144695174,0.1210211862142972,0.1156605725643815,0.1225020465759875,0.1159914021849964
376,376.0,0.1147044060770469,0.1135665050626988,0.1158595472206422,0.180555909206784,0.1210367914297192,0.1156406322730804,0.1226910289471547,0.1159451797828738
377,377.0,0.1146821126120986,0.1135593841864445,0.1159517553311474,0.1803528521536597,0.1210514897146781,0.1156235377526948,0.1228774823616261,0.1159013858876507
378,378.0,0.1146617327438682,0.1135531342441231,0.1160432358299788,0.1801474862628059,0.1210652247793707,0.1156091753713369,0.1230597951809266,0.1158602155875896
379,379.0,0.1146432789113663,0.1135477306417647,0.1161331466733155,0.1799420960769041,0.1210779555951767,0.1155974155389175,0.1232365583363802,0.1158218182261749
380,380.0,0.1146244552433509,0.1135419988783996,0.1162161701062854,0.1797753428232228,0.1210805040548505,0.115584683889876,0.1233939762298499,0.1157828687741649
381,381.0,0.1146053063437909,0.1135359387796306,0.1162918034030701,0.1796479202012799,0.1210731404443578,0.1155709339979708,0.1235314158191545,0.1157435410107453
382,382.0,0.1145858789198718,0.1135295551275036,0.1163596746343913,0.1794558395868869,0.1211603870536287,0.1155561392289607,0.1236485253615125,0.1157040000872444
383,383.0,0.1145662210161563,0.1135228570728194,0.1165226259137622,0.179202003998889,0.1212363901829825,0.1155402908950775,0.1237452093145764,0.1156644016057366
384,384.0,0.1145463813149944,0.1135158575640474,0.1166753423619179,0.1789917833498578,0.1213007448981182,0.1155233964191474,0.1238216032020788,0.1156248908898379
385,385.0,0.1145264085034313,0.1135085727968283,0.1168169005732199,0.1787247623764694,0.1213532169896052,0.1155054775255676,0.1239790587992988,0.1155856024355794
386,386.0,0.114506350706172,0.1135010216874537,0.1169465885031141,0.1785040140584733,0.1213937278838656,0.1154865684733628,0.1241150691578947,0.1155466595296636
387,387.0,0.1144882351815769,0.113494215472142,0.1170688417549877,0.1782953004316921,0.1214312504098612,0.1154696846416449,0.1242413277890521,0.1155111443190428
388,388.0,0.1144720488576255,0.1134881477236401,0.1171831812641241,0.1780995051632721,0.1214657081791587,0.1154547923466823,0.1243575472792032,0.1154790691862937
389,389.0,0.1144557804794733,0.1134818151737421,0.1172843045146561,0.177951947835408,0.1214881521986458,0.1154388710607194,0.1244516881594284,0.1154474405779268
390,390.0,0.1144394417439318,0.1134752280318917,0.1173721239189642,0.1777540268784584,0.1214988430373543,0.1155199833228175,0.124524061727579,0.1154162913390029
391,391.0,0.1144230466335515,0.1134683994084305,0.1174467005662676,0.1776046827055865,0.1214981451225267,0.1155981928635701,0.1245751823359163,0.1153856503641507
392,392.0,0.114406610978628,0.1134613448586083,0.1175082285700637,0.1774071648832148,0.1214865123963508,0.1156727003431203,0.1246057415245864,0.1154516964454275
393,393.0,0.1143919835486413,0.1134549976997976,0.1175615984108564,0.1772245579634789,0.1214727162803675,0.1157464916097458,0.1246275719945283,0.115520082492584
394,394.0,0.1143791297953977,0.1134493506644853,0.1176070922065383,0.1770571969253125,0.1214571110747173,0.1158189003720729,0.1246413283129154,0.1155898906485604
395,395.0,0.1143680008887552,0.1134443902106749,0.1176450426236634,0.1769052307909405,0.1214400337404234,0.1158893407929081,0.1246476803317192,0.1156602806209152
396,396.0,0.1143585356331201,0.1134400972847541,0.1176758244959164,0.176768639731327,0.1214218022636932,0.1159573053021922,0.12464730496071,0.1157304903282869
397,397.0,0.1143488308141167,0.1134355323122775,0.1176952681044831,0.1766811349334751,0.1213944726152957,0.1160186988423245,0.1246298896815903,0.115796172696437
398,398.0,0.11434065578792,0.1134315923234496,0.1177084337187673,0.1766081883136927,0.1213666454912993,0.1160768612781155,0.1246072027478523,0.115860420338903
399,399.0,0.1143339393255115,0.1134282542197937,0.1177158174820545,0.1764538354251326,0.1213386489105038,0.1161315340956416,0.1246752362895335,0.1159227342518287
400,400.0,0.1143268057899431,0.1134245927212328,0.1177134313788285,0.1763476166679427,0.1213026935310279,0.1161789256381675,0.1247268434942051,0.1159790907786523
401,401.0,0.1143209854745604,0.1134214854075798,0.1177063193834576,0.1762550530537546,0.1212672124145666,0.1162225246191158,0.1247736630529014,0.1160327565940637
402,402.0,0.1143164052604987,0.1134189079334804,0.11769502520511,0.17617570470441,0.1212325129459832,0.1162622743048346,0.1248157055346331,0.1160834641110499
403,403.0,0.1143129869397665,0.1134168330897203,0.1176800800038668,0.176109043576918,0.1211988639551756,0.1162981621279899,0.1248530282222792,0.1161310020842836
404,404.0,0.1143106485062381,0.1134152313617032,0.1176619983340299,0.1760544675603683,0.1211664968842744,0.1163302153966063,0.1248857298683718,0.1161752120884077
405,405.0,0.1143093053555285,0.1134140714551349,0.1176412746591573,0.1760113139038322,0.1211356072119979,0.1163584970334516,0.1249139455606055,0.1162159848202919
406,406.0,0.1143071080334303,0.1134124391082199,0.1176139720229197,0.1760123756990921,0.12109842098676,0.1163795746704694,0.1249263799141321,0.1162497295649763
