,Unnamed: 0,Total_iterations,Intertwine_two,Invert_path_vertices,Insert_inside_vertex,Delete_inside_vertex,Replace_inside_vertex,Donate_between_routes,Trim_one_terminal_cb,Grow_one_terminal_cb
0,0.0,0.0,0.125,0.125,0.125,0.125,0.125,0.125,0.125,0.125
1,1.0,0.10900000000000001,0.125,0.125,0.125,0.125,0.125,0.125,0.125,0.125
2,2.0,0.31601,0.125,0.125,0.125,0.125,0.125,0.125,0.125,0.125
3,3.0,0.6191589000000001,0.125,0.125,0.125,0.125,0.125,0.125,0.125,0.125
4,4.0,1.015801321,0.125,0.125,0.125,0.125,0.125,0.125,0.125,0.125
5,5.0,1.50262148669,0.125,0.125,0.125,0.125,0.125,0.125,0.125,0.125
6,6.0,2.0757334209441005,0.125,0.125,0.125,0.125,0.125,0.125,0.125,0.125
7,7.0,2.7307768275633495,0.125,0.125,0.125,0.125,0.125,0.125,0.125,0.125
8,8.0,3.4630081252450404,0.125,0.125,0.125,0.125,0.125,0.125,0.125,0.125
9,9.0,4.2673862119061114,0.125,0.125,0.125,0.125,0.125,0.125,0.125,0.125
10,10.0,5.138652627782014,0.125,0.125,0.125,0.125,0.125,0.125,0.125,0.125
11,11.0,6.071405875792507,0.125,0.125,0.125,0.125,0.125,0.125,0.125,0.125
12,12.0,7.060169740244025,0.125,0.125,0.125,0.125,0.125,0.125,0.125,0.125
13,13.0,8.099455520847952,0.125,0.125,0.125,0.125,0.125,0.125,0.125,0.125
14,14.0,9.183818168183006,0.125,0.125,0.125,0.125,0.125,0.125,0.125,0.125
15,15.0,10.307906369102724,0.125,0.125,0.125,0.125,0.125,0.125,0.125,0.125
16,16.0,11.466506686239443,0.125,0.125,0.125,0.125,0.125,0.125,0.125,0.125
17,17.0,12.654581904800096,0.125,0.125,0.125,0.125,0.125,0.125,0.125,0.125
18,18.0,13.867303782456686,0.125,0.125,0.125,0.125,0.125,0.125,0.125,0.125
19,19.0,15.100080434523047,0.125,0.125,0.125,0.125,0.125,0.125,0.125,0.125
20,20.0,16.348578617037543,0.125,0.125,0.125,0.125,0.125,0.125,0.125,0.125
21,21.0,17.608741195130214,0.125,0.125,0.125,0.125,0.125,0.125,0.125,0.125
22,22.0,18.876800103462312,0.125,0.125,0.125,0.125,0.125,0.125,0.125,0.125
23,23.0,20.14928511992658,0.125,0.125,0.125,0.125,0.125,0.125,0.125,0.125
24,24.0,21.423028783545156,0.125,0.125,0.125,0.125,0.125,0.125,0.125,0.125
25,25.0,22.695167792966423,0.125,0.125,0.125,0.125,0.125,0.125,0.125,0.125
26,26.0,23.963141223515898,0.125,0.125,0.125,0.125,0.125,0.125,0.125,0.125
27,27.0,25.224685898775267,0.125,0.125,0.125,0.125,0.125,0.125,0.125,0.125
28,28.0,26.477829247520948,0.125,0.125,0.125,0.125,0.125,0.125,0.125,0.125
29,29.0,27.720879968916847,0.125,0.125,0.125,0.125,0.125,0.125,0.125,0.125
30,30.0,28.95241681848399,0.125,0.125,0.125,0.125,0.125,0.125,0.125,0.125
31,31.0,30.17127581490958,0.125,0.125,0.125,0.125,0.125,0.125,0.125,0.125
32,32.0,31.376536153543515,0.125,0.125,0.125,0.125,0.125,0.125,0.125,0.125
33,33.0,32.567505096778625,0.125,0.125,0.125,0.125,0.125,0.125,0.125,0.125
34,34.0,33.74370209472243,0.125,0.125,0.125,0.125,0.125,0.125,0.125,0.125
35,35.0,34.90484237192463,0.125,0.125,0.125,0.125,0.125,0.125,0.125,0.125
36,36.0,36.05082019768737,0.125,0.125,0.125,0.125,0.125,0.125,0.125,0.125
37,37.0,37.18169203889697,0.125,0.125,0.125,0.125,0.125,0.125,0.125,0.125
38,38.0,38.29765977559663,0.125,0.125,0.125,0.125,0.125,0.125,0.125,0.125
39,39.0,39.399054140870355,0.125,0.125,0.125,0.125,0.125,0.125,0.125,0.125
40,40.0,40.48631852820801,0.125,0.125,0.125,0.125,0.125,0.125,0.125,0.125
41,41.0,41.55999329152982,0.125,0.125,0.125,0.125,0.125,0.125,0.125,0.125
42,42.0,42.62070064560415,0.125,0.125,0.125,0.125,0.125,0.125,0.125,0.125
43,43.0,43.669130257815,0.125,0.125,0.125,0.125,0.125,0.125,0.125,0.125
44,44.0,44.70602560622662,0.125,0.125,0.125,0.125,0.125,0.125,0.125,0.125
45,45.0,45.73217116373481,0.125,0.125,0.125,0.125,0.125,0.125,0.125,0.125
46,46.0,46.748380453854836,0.125,0.125,0.125,0.125,0.125,0.125,0.125,0.125
47,47.0,47.755485010424316,0.125,0.125,0.125,0.125,0.125,0.125,0.125,0.125
48,48.0,48.7543242612326,0.125,0.125,0.125,0.125,0.125,0.125,0.125,0.125
49,49.0,49.745736344347726,0.125,0.125,0.125,0.125,0.125,0.125,0.125,0.125
50,50.0,50.730549855707864,0.125,0.125,0.125,0.125,0.125,0.125,0.125,0.125
51,51.0,51.70957651737491,0.125,0.125,0.125,0.125,0.125,0.125,0.125,0.125
52,52.0,52.68360474770151,0.125,0.125,0.125,0.125,0.125,0.125,0.125,0.125
53,53.0,53.65339410751842,0.125,0.125,0.125,0.125,0.125,0.125,0.125,0.125
54,54.0,54.61967059027847,0.125,0.125,0.125,0.125,0.125,0.125,0.125,0.125
55,55.0,55.58312271885972,0.125,0.125,0.125,0.125,0.125,0.125,0.125,0.125
56,56.0,56.544398407394254,0.125,0.125,0.125,0.125,0.125,0.125,0.125,0.125
57,57.0,57.504102543001395,0.125,0.125,0.125,0.125,0.125,0.125,0.125,0.125
58,58.0,58.462795239617805,0.125,0.125,0.125,0.125,0.125,0.125,0.125,0.125
59,59.0,59.42099071417639,0.125,0.125,0.125,0.125,0.125,0.125,0.125,0.125
60,60.0,60.379156734137354,0.125,0.125,0.125,0.125,0.125,0.125,0.125,0.125
61,61.0,61.337714584760846,0.125,0.125,0.125,0.125,0.125,0.125,0.125,0.125
62,62.0,62.29703950447439,0.125,0.125,0.125,0.125,0.125,0.125,0.125,0.125
63,63.0,63.257461537171835,0.125,0.125,0.125,0.125,0.125,0.125,0.125,0.125
64,64.0,64.21926675122782,0.125,0.125,0.125,0.125,0.125,0.125,0.125,0.125
65,65.0,65.18269877636592,0.125,0.125,0.125,0.125,0.125,0.125,0.125,0.125
66,66.0,66.14796061122655,0.125,0.125,0.125,0.125,0.125,0.125,0.125,0.125
67,67.0,67.11521665648885,0.125,0.125,0.125,0.125,0.125,0.125,0.125,0.125
68,68.0,68.08459493066005,0.125,0.125,0.125,0.125,0.125,0.125,0.125,0.125
69,69.0,69.05618942810752,0.125,0.125,0.125,0.125,0.125,0.125,0.125,0.125
70,70.0,70.03006258152917,0.125,0.125,0.125,0.125,0.125,0.125,0.125,0.125
71,71.0,71.00624779379335,0.125,0.125,0.125,0.125,0.125,0.125,0.125,0.125
72,72.0,71.98475200689319,0.125,0.125,0.125,0.125,0.125,0.125,0.125,0.125
73,73.0,72.96555827861411,0.125,0.125,0.125,0.125,0.125,0.125,0.125,0.125
74,74.0,73.94862834037681,0.125,0.125,0.125,0.125,0.125,0.125,0.125,0.125
75,75.0,74.93390511255946,0.125,0.125,0.125,0.125,0.125,0.125,0.125,0.125
76,76.0,75.92131515639825,0.125,0.125,0.125,0.125,0.125,0.125,0.125,0.125
77,77.0,76.91077104428919,0.125,0.125,0.125,0.125,0.125,0.125,0.125,0.125
78,78.0,77.90217363294813,0.125,0.125,0.125,0.125,0.125,0.125,0.125,0.125
79,79.0,78.89541422641172,0.125,0.125,0.125,0.125,0.125,0.125,0.125,0.125
80,80.0,79.89037661826481,0.125,0.125,0.125,0.125,0.125,0.125,0.125,0.125
81,81.0,80.88693900474995,0.125,0.125,0.125,0.125,0.125,0.125,0.125,0.125
82,82.0,81.88497576253909,0.125,0.125,0.125,0.125,0.125,0.125,0.125,0.125
83,83.0,82.88435908692391,0.125,0.125,0.125,0.125,0.125,0.125,0.125,0.125
84,84.0,83.88496048800103,0.125,0.125,0.125,0.125,0.125,0.125,0.125,0.125
85,85.0,84.88665214409042,0.125,0.125,0.125,0.125,0.125,0.125,0.125,0.125
86,86.0,85.88930811312994,0.125,0.125,0.125,0.125,0.125,0.125,0.125,0.125
87,87.0,86.89280540413424,0.125,0.125,0.125,0.125,0.125,0.125,0.125,0.125
88,88.0,87.89702491199675,0.125,0.125,0.125,0.125,0.125,0.125,0.125,0.125
89,89.0,88.90185221995306,0.125,0.125,0.125,0.125,0.125,0.125,0.125,0.125
90,90.0,89.90717827491419,0.125,0.125,0.125,0.125,0.125,0.125,0.125,0.125
91,91.0,90.91289994163006,0.125,0.125,0.125,0.125,0.125,0.125,0.125,0.125
92,92.0,91.91892044225806,0.125,0.125,0.125,0.125,0.125,0.125,0.125,0.125
93,93.0,92.92514968840067,0.125,0.125,0.125,0.125,0.125,0.125,0.125,0.125
94,94.0,93.93150451304501,0.125,0.125,0.125,0.125,0.125,0.125,0.125,0.125
95,95.0,94.93790881009448,0.125,0.125,0.125,0.125,0.125,0.125,0.125,0.125
96,96.0,95.94429358933806,0.125,0.125,0.125,0.125,0.125,0.125,0.125,0.125
97,97.0,96.9505969547639,0.125,0.125,0.125,0.125,0.125,0.125,0.125,0.125
98,98.0,97.9567640140995,0.125,0.125,0.125,0.125,0.125,0.125,0.125,0.125
99,99.0,98.96274672736057,0.125,0.125,0.125,0.125,0.125,0.125,0.125,0.125
100,100.0,99.96850370202192,0.125,0.125,0.125,0.125,0.125,0.125,0.125,0.125
101,101.0,100.97399994219691,0.125,0.125,0.125,0.125,0.125,0.125,0.125,0.125
102,102.0,101.97920655893245,0.125,0.125,0.125,0.125,0.125,0.125,0.125,0.125
103,103.0,102.98410044840509,0.125,0.125,0.125,0.125,0.125,0.125,0.125,0.125
104,104.0,103.98866394444643,0.125,0.125,0.125,0.125,0.125,0.125,0.125,0.125
105,105.0,104.99288445143917,0.125,0.125,0.125,0.125,0.125,0.125,0.125,0.125
106,106.0,105.99675406321822,0.125,0.125,0.125,0.125,0.125,0.125,0.125,0.125
107,107.0,107.0002691731872,0.125,0.125,0.125,0.125,0.125,0.125,0.125,0.125
108,108.0,108.0034300804274,0.125,0.125,0.125,0.125,0.125,0.125,0.125,0.125
109,109.0,109.00624059613932,0.125,0.125,0.125,0.125,0.125,0.125,0.125,0.125
110,110.0,110.00870765431864,0.125,0.125,0.125,0.125,0.125,0.125,0.125,0.125
111,111.0,111.01084093013685,0.125,0.125,0.125,0.125,0.125,0.125,0.125,0.125
112,112.0,112.01265246907188,0.125,0.125,0.125,0.125,0.125,0.125,0.125,0.125
113,113.0,113.01415632942268,0.125,0.125,0.125,0.125,0.125,0.125,0.125,0.125
114,114.0,114.01536824044418,0.125,0.125,0.125,0.125,0.125,0.125,0.125,0.125
115,115.0,115.01630527795908,0.125,0.125,0.125,0.125,0.125,0.125,0.125,0.125
116,116.0,116.0169855589429,0.125,0.125,0.125,0.125,0.125,0.125,0.125,0.125
117,117.0,117.01742795623892,0.125,0.125,0.125,0.125,0.125,0.125,0.125,0.125
118,118.0,118.01765183424293,0.125,0.125,0.125,0.125,0.125,0.125,0.125,0.125
119,119.0,119.01767680610413,0.125,0.125,0.125,0.125,0.125,0.125,0.125,0.125
120,120.0,120.01752251271817,0.125,0.125,0.125,0.125,0.125,0.125,0.125,0.125
121,121.0,121.01720842354362,0.125,0.125,0.125,0.125,0.125,0.125,0.125,0.125
122,122.0,122.01675365905109,0.125,0.125,0.125,0.125,0.125,0.125,0.125,0.125
123,123.0,123.0161768344173,0.125,0.125,0.125,0.125,0.125,0.125,0.125,0.125
124,124.0,124.01549592390272,0.125,0.125,0.125,0.125,0.125,0.125,0.125,0.125
125,125.0,125.01472814520056,0.125,0.125,0.125,0.125,0.125,0.125,0.125,0.125
126,126.0,126.01388986291661,0.125,0.125,0.125,0.125,0.125,0.125,0.125,0.125
127,127.0,127.0129965102319,0.125,0.125,0.125,0.125,0.125,0.125,0.125,0.125
128,128.0,128.01206252771334,0.125,0.125,0.125,0.125,0.125,0.125,0.125,0.125
129,129.0,129.0111013181695,0.125,0.125,0.125,0.125,0.125,0.125,0.125,0.125
130,130.0,130.01012521639834,0.125,0.125,0.125,0.125,0.125,0.125,0.125,0.125
131,131.0,131.0091454726403,0.125,0.125,0.125,0.125,0.125,0.125,0.125,0.125
132,132.0,132.0081722485317,0.125,0.125,0.125,0.125,0.125,0.125,0.125,0.125
133,133.0,133.00721462434865,0.125,0.125,0.125,0.125,0.125,0.125,0.125,0.125
134,134.0,134.0062806163404,0.125,0.125,0.125,0.125,0.125,0.125,0.125,0.125
135,135.0,135.00537720296956,0.125,0.125,0.125,0.125,0.125,0.125,0.125,0.125
136,136.0,136.00451035890612,0.125,0.125,0.125,0.125,0.125,0.125,0.125,0.125
137,137.0,137.00368509565993,0.125,0.125,0.125,0.125,0.125,0.125,0.125,0.125
138,138.0,138.0029055077818,0.125,0.125,0.125,0.125,0.125,0.125,0.125,0.125
139,139.0,139.00217482361367,0.125,0.125,0.125,0.125,0.125,0.125,0.125,0.125
140,140.0,140.0014954596262,0.125,0.125,0.125,0.125,0.125,0.125,0.125,0.125
141,141.0,141.00086907744122,0.125,0.125,0.125,0.125,0.125,0.125,0.125,0.125
142,142.0,142.0002966427003,0.125,0.125,0.125,0.125,0.125,0.125,0.125,0.125
143,143.0,142.99977848500652,0.125,0.125,0.125,0.125,0.125,0.125,0.125,0.125
144,144.0,143.99931435823203,0.125,0.125,0.125,0.125,0.125,0.125,0.125,0.125
145,145.0,144.99890350055264,0.125,0.125,0.125,0.125,0.125,0.125,0.125,0.125
146,146.0,145.9985446936357,0.125,0.125,0.125,0.125,0.125,0.125,0.125,0.125
147,147.0,146.99823632047406,0.125,0.125,0.125,0.125,0.125,0.125,0.125,0.125
148,148.0,147.99797642142389,0.125,0.125,0.125,0.125,0.125,0.125,0.125,0.125
149,149.0,148.99776274806447,0.125,0.125,0.125,0.125,0.125,0.125,0.125,0.125
150,150.0,149.99759281456036,0.125,0.125,0.125,0.125,0.125,0.125,0.125,0.125
151,151.0,150.99746394626104,0.125,0.125,0.125,0.125,0.125,0.125,0.125,0.125
152,152.0,151.99737332532905,0.125,0.125,0.125,0.125,0.125,0.125,0.125,0.125
153,153.0,152.99731803323698,0.125,0.125,0.125,0.125,0.125,0.125,0.125,0.125
154,154.0,153.99729509002177,0.125,0.125,0.125,0.125,0.125,0.125,0.125,0.125
155,155.0,154.99730149022784,0.125,0.125,0.125,0.125,0.125,0.125,0.125,0.125
156,156.0,155.99733423551103,0.125,0.125,0.125,0.125,0.125,0.125,0.125,0.125
157,157.0,156.99739036391077,0.125,0.125,0.125,0.125,0.125,0.125,0.125,0.125
158,158.0,157.99746697583146,0.125,0.125,0.125,0.125,0.125,0.125,0.125,0.125
159,159.0,158.99756125680176,0.125,0.125,0.125,0.125,0.125,0.125,0.125,0.125
160,160.0,159.997670497107,0.125,0.125,0.125,0.125,0.125,0.125,0.125,0.125
161,161.0,160.99779210841066,0.125,0.125,0.125,0.125,0.125,0.125,0.125,0.125
162,162.0,161.99792363749984,0.125,0.125,0.125,0.125,0.125,0.125,0.125,0.125
163,163.0,162.9980627773051,0.125,0.125,0.125,0.125,0.125,0.125,0.125,0.125
164,164.0,163.9982073753568,0.125,0.125,0.125,0.125,0.125,0.125,0.125,0.125
165,165.0,164.99835543984977,0.125,0.125,0.125,0.125,0.125,0.125,0.125,0.125
166,166.0,165.99850514349492,0.125,0.125,0.125,0.125,0.125,0.125,0.125,0.125
167,167.0,166.99865482534062,0.125,0.125,0.125,0.125,0.125,0.125,0.125,0.125
168,168.0,167.99880299074837,0.125,0.125,0.125,0.125,0.125,0.125,0.125,0.125
169,169.0,168.99894830970783,0.125,0.125,0.125,0.125,0.125,0.125,0.125,0.125
170,170.0,169.99908961367427,0.125,0.125,0.125,0.125,0.125,0.125,0.125,0.125
171,171.0,170.99922589110733,0.125,0.125,0.125,0.125,0.125,0.125,0.125,0.125
172,172.0,171.99935628188598,0.125,0.125,0.125,0.125,0.125,0.125,0.125,0.125
173,173.0,172.99948007076793,0.125,0.125,0.125,0.125,0.125,0.125,0.125,0.125
174,174.0,173.99959668005403,0.125,0.125,0.125,0.125,0.125,0.125,0.125,0.125
175,175.0,174.99970566161096,0.125,0.125,0.125,0.125,0.125,0.125,0.125,0.125
176,176.0,175.9998066883961,0.125,0.125,0.125,0.125,0.125,0.125,0.125,0.125
177,177.0,176.99989954561875,0.125,0.125,0.125,0.125,0.125,0.125,0.125,0.125
178,178.0,177.99998412166295,0.125,0.125,0.125,0.125,0.125,0.125,0.125,0.125
179,179.0,179.00006039888612,0.125,0.125,0.125,0.125,0.125,0.125,0.125,0.125
180,180.0,180.0001284443981,0.125,0.125,0.125,0.125,0.125,0.125,0.125,0.125
181,181.0,181.00018840091488,0.125,0.125,0.125,0.125,0.125,0.125,0.125,0.125
182,182.0,182.00024047777083,0.125,0.125,0.125,0.125,0.125,0.125,0.125,0.125
183,183.0,183.0002849421635,0.125,0.125,0.125,0.125,0.125,0.125,0.125,0.125
184,184.0,184.00032211069524,0.125,0.125,0.125,0.125,0.125,0.125,0.125,0.125
185,185.0,185.00035234126688,0.125,0.125,0.125,0.125,0.125,0.125,0.125,0.125
186,186.0,186.00037602536867,0.125,0.125,0.125,0.125,0.125,0.125,0.125,0.125
187,187.0,187.0003935808066,0.125,0.125,0.125,0.125,0.125,0.125,0.125,0.125
188,188.0,188.00040544489266,0.125,0.125,0.125,0.125,0.125,0.125,0.125,0.125
189,189.0,189.0004120681212,0.125,0.125,0.125,0.125,0.125,0.125,0.125,0.125
190,190.0,190.00041390834568,0.125,0.125,0.125,0.125,0.125,0.125,0.125,0.125
191,191.0,191.00041142546425,0.125,0.125,0.125,0.125,0.125,0.125,0.125,0.125
192,192.0,192.00040507661635,0.125,0.125,0.125,0.125,0.125,0.125,0.125,0.125
193,193.0,193.00039531188708,0.125,0.125,0.125,0.125,0.125,0.125,0.125,0.125
194,194.0,194.00038257051185,0.125,0.125,0.125,0.125,0.125,0.125,0.125,0.125
195,195.0,195.00036727756904,0.125,0.125,0.125,0.125,0.125,0.125,0.125,0.125
196,196.0,196.0003498411448,0.125,0.125,0.125,0.125,0.125,0.125,0.125,0.125
197,197.0,197.00033064995154,0.125,0.125,0.125,0.125,0.125,0.125,0.125,0.125
198,198.0,198.0003100713781,0.125,0.125,0.125,0.125,0.125,0.125,0.125,0.125
199,199.0,199.00028844994821,0.125,0.125,0.125,0.125,0.125,0.125,0.125,0.125
200,200.0,200.00026610616183,0.125,0.125,0.125,0.125,0.125,0.125,0.125,0.125
201,201.0,201.00024333569246,0.125,0.125,0.125,0.125,0.125,0.125,0.125,0.125
202,202.0,202.0002204089131,0.125,0.125,0.125,0.125,0.125,0.125,0.125,0.125
203,203.0,203.00019757072255,0.125,0.125,0.125,0.125,0.125,0.125,0.125,0.125
204,204.0,204.00017504064385,0.125,0.125,0.125,0.125,0.125,0.125,0.125,0.125
205,205.0,205.0001530131666,0.125,0.125,0.125,0.125,0.125,0.125,0.125,0.125
206,206.0,206.00013165830538,0.125,0.125,0.125,0.125,0.125,0.125,0.125,0.125
207,207.0,207.00011112234722,0.125,0.125,0.125,0.125,0.125,0.125,0.125,0.125
208,208.0,208.00009152876143,0.125,0.125,0.125,0.125,0.125,0.125,0.125,0.125
209,209.0,209.0000729792466,0.125,0.125,0.125,0.125,0.125,0.125,0.125,0.125
210,210.0,210.00005555489076,0.125,0.125,0.125,0.125,0.125,0.125,0.125,0.125
211,211.0,211.00003931742162,0.125,0.125,0.125,0.125,0.125,0.125,0.125,0.125
212,212.0,212.0000243105252,0.125,0.125,0.125,0.125,0.125,0.125,0.125,0.125
213,213.0,213.00001056121314,0.125,0.125,0.125,0.125,0.125,0.125,0.125,0.125
214,214.0,213.99999808122018,0.125,0.125,0.125,0.125,0.125,0.125,0.125,0.125
215,215.0,214.9999868684143,0.125,0.125,0.125,0.125,0.125,0.125,0.125,0.125
216,216.0,215.99997690820487,0.125,0.125,0.125,0.125,0.125,0.125,0.125,0.125
217,217.0,216.99996817493434,0.125,0.125,0.125,0.125,0.125,0.125,0.125,0.125
218,218.0,217.9999606332415,0.125,0.125,0.125,0.125,0.125,0.125,0.125,0.125
219,219.0,218.99995423938554,0.125,0.125,0.125,0.125,0.125,0.125,0.125,0.125
220,220.0,219.9999489425213,0.125,0.125,0.125,0.125,0.125,0.125,0.125,0.125
221,221.0,220.99994468591828,0.125,0.125,0.125,0.125,0.125,0.125,0.125,0.125
222,222.0,221.9999414081164,0.125,0.125,0.125,0.125,0.125,0.125,0.125,0.125
223,223.0,222.99993904401353,0.125,0.125,0.125,0.125,0.125,0.125,0.125,0.125
224,224.0,223.99993752588082,0.125,0.125,0.125,0.125,0.125,0.125,0.125,0.125
225,225.0,224.99993678430258,0.125,0.125,0.125,0.125,0.125,0.125,0.125,0.125
226,226.0,225.99993674903914,0.125,0.125,0.125,0.125,0.125,0.125,0.125,0.125
227,227.0,226.99993734981166,0.125,0.125,0.125,0.125,0.125,0.125,0.125,0.125
228,228.0,227.9999385170088,0.125,0.125,0.125,0.125,0.125,0.125,0.125,0.125
229,229.0,228.99994018231612,0.125,0.125,0.125,0.125,0.125,0.125,0.125,0.125
230,230.0,229.99994227926956,0.125,0.125,0.125,0.125,0.125,0.125,0.125,0.125
231,231.0,230.99994474373494,0.125,0.125,0.125,0.125,0.125,0.125,0.125,0.125
232,232.0,231.9999475143165,0.125,0.125,0.125,0.125,0.125,0.125,0.125,0.125
233,233.0,232.9999505326967,0.125,0.125,0.125,0.125,0.125,0.125,0.125,0.125
234,234.0,233.9999537439119,0.125,0.125,0.125,0.125,0.125,0.125,0.125,0.125
235,235.0,234.99995709656648,0.125,0.125,0.125,0.125,0.125,0.125,0.125,0.125
236,236.0,235.99996054298992,0.125,0.125,0.125,0.125,0.125,0.125,0.125,0.125
237,237.0,236.99996403934114,0.125,0.125,0.125,0.125,0.125,0.125,0.125,0.125
238,238.0,237.99996754566382,0.125,0.125,0.125,0.125,0.125,0.125,0.125,0.125
239,239.0,238.9999710258976,0.125,0.125,0.125,0.125,0.125,0.125,0.125,0.125
240,240.0,239.999974447849,0.125,0.125,0.125,0.125,0.125,0.125,0.125,0.125
241,241.0,240.99997778312678,0.125,0.125,0.125,0.125,0.125,0.125,0.125,0.125
242,242.0,241.9999810070455,0.125,0.125,0.125,0.125,0.125,0.125,0.125,0.125
243,243.0,242.99998409850193,0.125,0.125,0.125,0.125,0.125,0.125,0.125,0.125
244,244.0,243.9999870398277,0.125,0.125,0.125,0.125,0.125,0.125,0.125,0.125
245,245.0,244.9999898166226,0.125,0.125,0.125,0.125,0.125,0.125,0.125,0.125
246,246.0,245.99999241757178,0.125,0.125,0.125,0.125,0.125,0.125,0.125,0.125
247,247.0,246.99999483425034,0.125,0.125,0.125,0.125,0.125,0.125,0.125,0.125
248,248.0,247.99999706091853,0.12486111111111112,0.12486111111111112,0.12486111111111112,0.12486111111111112,0.12486111111111112,0.12486111111111112,0.12597222222222224,0.12486111111111112
249,249.0,248.9999990943107,0.12461250000000001,0.12461250000000001,0.12461250000000001,0.12561250000000002,0.12461250000000001,0.12461250000000001,0.1267125,0.12461250000000001
250,250.0,250.00000093342055,0.12427671590909094,0.12427671590909094,0.12427671590909094,0.12708489772727274,0.12427671590909094,0.12427671590909094,0.12725480681818183,0.12427671590909094
251,251.0,251.00000257928522,0.12394765215909094,0.12394765215909094,0.12394765215909094,0.12853693397727273,0.12394765215909094,0.12394765215909094,0.12777715306818183,0.12394765215909094
252,252.0,252.0000040347706,0.12362792735340913,0.12362792735340913,0.12362792735340913,0.12995612453522729,0.12362792735340913,0.12362792735340913,0.1282763113443182,0.12362792735340913
253,253.0,253.00000530435972,0.12407738060324625,0.12324404726991292,0.12324404726991292,0.13110428933748866,0.12324404726991292,0.12324404726991292,0.12859809370970077,0.12324404726991292
254,254.0,254.00000639394634,0.12440457626052873,0.12281034549129798,0.12281034549129798,0.1320092870738413,0.12281034549129798,0.12357957626052875,0.12876517843990962,0.12281034549129798
255,255.0,255.00000731063483,0.12462396263343373,0.12233888845760957,0.12233888845760957,0.13340891194604004,0.12233888845760957,0.12381471263343374,0.12879685895665452,0.12233888845760957
256,256.0,256.00000806254815,0.12474778979033294,0.12183999776652343,0.12183999776652343,0.13522138997346328,0.12183999776652343,0.12396080729033294,0.12871002187977745,0.12183999776652343
257,257.0,257.0000086586446,0.12478675633363889,0.12132259616688067,0.12132259616688067,0.13737540629840955,0.12132259616688067,0.1240276844086389,0.12851976829179032,0.12132259616688067
258,258.0,258.000009108545,0.12475042924751317,0.12079444405965102,0.12079444405965102,0.139219678692583,0.12138267935376867,0.12402406755926315,0.12823981296791928,0.12079444405965102
259,259.0,259.0000094223699,0.12471287763634842,0.1202949862519596,0.1202949862519596,0.14096526823688385,0.12146557448725373,0.12402321877805589,0.1279481021055797,0.1202949862519596
260,260.0,260.00000961058856,0.12467459946876017,0.11982634789192947,0.11982634789192947,0.14260458732085637,0.12156817142134127,0.12402486974601232,0.12764872836724178,0.11982634789192947
261,261.0,261.00000968387957,0.1245706907049425,0.11935745367983275,0.11935745367983275,0.1444913469238767,0.12162211452950598,0.12396339450141233,0.1272800923007646,0.11935745367983275
262,262.0,262.0000096530026,0.12440909748940454,0.11889319014162106,0.11889319014162106,0.146053727623672,0.12163207376050654,0.1238460644152056,0.12685315049687484,0.11941950593109474
263,263.0,263.00000952868334,0.12419720419947369,0.118437736845288,0.118437736845288,0.1478085435035668,0.12160234790974933,0.12367963827241484,0.12637800294735269,0.11945878947686694
264,264.0,264.00000932150914,0.12394190914892214,0.11799464198632585,0.11799464198632585,0.14924431616996028,0.1215369521173513,0.12347043931355996,0.1258639710756902,0.1199531282018647
265,265.0,265.0000090418373,0.12410421801843004,0.11756688421937068,0.11756688421937068,0.15037686061580702,0.12143967443496761,0.12322440390940302,0.12531965073238507,0.12040142385026611
266,266.0,266.0000086997143,0.12421132891961707,0.11715692508652208,0.11715692508652208,0.1516576982164446,0.12131411117568211,0.12294711140577724,0.12475294931529612,0.12080295079413894
267,267.0,267.0000083048064,0.12426670239801096,0.11676675493493369,0.11676675493493369,0.15306380261108588,0.1211636877682495,0.12264380167613742,0.12417111318444425,0.12115738249220484
268,268.0,268.0000078663412,0.12432387150458536,0.11641460091582145,0.11641460091582145,0.15434032520681884,0.12102500315721099,0.12235271823603355,0.12361408286816647,0.1215147971955421
269,269.0,269.00000739305915,0.12433208498545648,0.11608351628946223,0.11608351628946223,0.15532079229091034,0.12086493697570422,0.12204221595757973,0.12345161475483481,0.12182132245659022
270,270.0,270.0000068931747,0.1243411562683859,0.1157897049628443,0.1157897049628443,0.15617500474368357,0.1207172280425911,0.1217473417473955,0.12331587730528795,0.12212398196696762
271,271.0,271.000006374347,0.12435090886033853,0.11553237771925973,0.11553237771925973,0.1569070459037426,0.12058211772236337,0.12146948154075574,0.12320555482764291,0.12242013570663761
272,272.0,272.0000058436586,0.12436117710449252,0.11531045942284102,0.11531045942284102,0.15752181248875835,0.12045969725693477,0.12120971253937239,0.12351920904948593,0.12230747271527423
273,273.0,273.0000053076024,0.12432565290703233,0.11510724374645116,0.11510724374645116,0.15825565352115417,0.12031915263471045,0.12093805408196442,0.12378976729711134,0.1221572320651252
274,274.0,274.00000477207584,0.12424807417289742,0.11492249372445229,0.11492249372445229,0.159095306051851,0.12016290399679452,0.12065761397791067,0.1240172381438692,0.12197387620777289
275,275.0,275.0000042423811,0.12417188368155814,0.11476903080444581,0.11476903080444581,0.15982948471340405,0.12001972525677632,0.12039771581855724,0.12425493767266071,0.12178819124815216
276,276.0,276.0000037232321,0.12405802197396579,0.11463203339220505,0.11463203339220505,0.16065980780452493,0.11986328618581121,0.12013244936457264,0.12444655596708457,0.12157581191963102
277,277.0,277.0000032187657,0.12391016326172798,0.11451081440204465,0.11451081440204465,0.1612296877006067,0.12004048377584806,0.11986418309189742,0.1245931429315085,0.12134071043432232
278,278.0,278.00000273255824,0.12376643706395873,0.11441609192550052,0.11441609192550052,0.1617035585921432,0.1202280050449848,0.11961806713281212,0.1247420708046577,0.12110967751044266
279,279.0,279.0000022676459,0.1236278673911889,0.11434616353597649,0.11434616353597649,0.16208628267067357,0.12076776999882699,0.1193943476155486,0.12489161621692817,0.12053978903488101
280,280.0,280.0000018265484,0.12346084152902553,0.11428775485579223,0.11428775485579223,0.16256705542269015,0.1212628347802852,0.11917003358535021,0.12499424494879081,0.11996948002227384
281,281.0,281.00000141129516,0.12326865177327213,0.11423989014022978,0.11423989014022978,0.16313779002269752,0.1217110873164399,0.11894661191264075,0.12505199093862443,0.11940408775586595
282,282.0,282.0000010234543,0.12305452673342586,0.11420159041417612,0.11420159041417612,0.16347773455279974,0.12211111340323408,0.11872542112678548,0.12537965209750782,0.11884837125789502
283,283.0,283.00000066416294,0.12282160983932086,0.11417188505961635,0.11417188505961635,0.16390364213284864,0.12246214695943772,0.11850765581430851,0.1256546521346793,0.11830652300017254
284,284.0,284.0000003341591,0.12259967762714225,0.11415873442021943,0.11415873442021943,0.1642577710184126,0.12279966781163873,0.11831219653554222,0.12592212079830198,0.11779109736852361
285,285.0,285.00000003381405,0.12238985095081915,0.11416061453086303,0.11416061453086303,0.16454375779008457,0.12312165202171538,0.11813876727990319,0.12618013653909452,0.11730460635665736
286,286.0,285.99999976316536,0.12219301752352928,0.11417600351543668,0.11417600351543668,0.16476555679153693,0.12342643341177933,0.11798689933763509,0.12642706449193203,0.1168490214127142
287,287.0,286.99999952194986,0.1220098463546422,0.11420339659670162,0.11420339659670162,0.1649273688097772,0.12371268444993122,0.1178559552568235,0.1266615441560816,0.11642580777934124
288,288.0,287.99999930963645,0.12184080293000649,0.11424131943417608,0.11424131943417608,0.16503357442294414,0.12397939566098072,0.1177451520921309,0.12688247556377058,0.11603596046181519
289,289.0,288.99999912545803,0.12168616490944338,0.11428833982386437,0.11428833982386437,0.16508867221541346,0.1242258539155276,0.11765358378359232,0.1270890042265681,0.11568004130172664
290,290.0,289.99999896844287,0.12154603813275124,0.11434307780664822,0.11434307780664822,0.1650972219913302,0.12445161992667662,0.11758024252867773,0.12728050513233533,0.1153582166749327
291,291.0,290.9999988374448,0.12142037274330988,0.11440421424339023,0.11440421424339023,0.1650637930545904,0.12465650525865611,0.11752403903457388,0.12745656604771763,0.11507029537437186
292,292.0,291.9999987311721,0.12130897925628865,0.11447049792432716,0.11447049792432716,0.16529594786885748,0.1245375188230329,0.11748382156014074,0.12761697036259967,0.11481576628042642
293,293.0,292.99999864821496,0.12118480644840131,0.11453183863225869,0.11453183863225869,0.16563468173370446,0.12437422696573634,0.11744056836621261,0.12771711641402525,0.11458492280740279
294,294.0,293.99999858707133,0.12104922806690273,0.11458773528643582,0.11458773528643582,0.1660720609409482,0.1241715472345961,0.11739425161473785,0.12776011871297477,0.11437732285696885
295,295.0,294.9999985461714,0.12090362000478974,0.11463779984296579,0.11463779984296579,0.16659982288789935,0.12393432476612869,0.11734489386353303,0.12774939419807418,0.11419234459364354
296,296.0,295.99999852389976,0.12074934735965097,0.11468175021568339,0.11468175021568339,0.16720948608695207,0.12366729210765755,0.11729256348935391,0.12768859954403428,0.11402921098098459
297,297.0,296.9999985186163,0.12058775245991035,0.11471940270046599,0.11471940270046599,0.16762929578659558,0.12337503374843774,0.11723736982068636,0.127581571617426,0.11415017116601214
298,298.0,297.999998528675,0.120420143978986,0.11475066406091275,0.11475066406091275,0.1681231729889081,0.12306195534109682,0.1171794581229729,0.1274322715230398,0.11428166992317101
299,299.0,298.99999855244107,0.12024778721405652,0.11477552341393649,0.11477552341393649,0.16843450766417722,0.12298225752877133,0.11711900455226258,0.12724473256901564,0.11442066364384382
300,300.0,299.9999985883061,0.1200718955705526,0.11479404403654288,0.11503794647556727,0.16857121745381426,0.12288131667848824,0.11705621117114945,0.12702301237982572,0.11456435623405968
301,301.0,300.99999863470157,0.11989362326461342,0.1148063551994965,0.11552400909032112,0.16854237103536177,0.12276098891834174,0.1169913011023827,0.12677114930062297,0.11471020208885993
302,302.0,301.9999986901105,0.11971405923236952,0.11481264411940896,0.11598604262844388,0.16859053704341748,0.12262317374602313,0.11692451387996716,0.1264931231625801,0.1148559061877899
303,303.0,302.9999987530774,0.11953422221610031,0.1148131481078274,0.11642092359154392,0.1687135730464068,0.12246978996024149,0.11685610104437616,0.12619282041517238,0.11499942161833164
304,304.0,303.99999882221687,0.11937020849747884,0.114813197489053,0.11684128904060034,0.16880762426408766,0.1223229557443447,0.11679642302735503,0.12589925610199007,0.11514904583509045
305,305.0,304.99999889622023,0.11920692436877503,0.11480778672494227,0.11722923535737542,0.16875343654160202,0.1221632824633012,0.11695732433933824,0.12558943949748994,0.115292570707176
306,306.0,305.99999897386107,0.11905956607592053,0.11480206139221542,0.1175977613555659,0.16867546655928226,0.12201183257461794,0.11712422894339641,0.125290821269576,0.11543826182942568
307,307.0,306.9999990539992,0.11892801461825893,0.11479611020106133,0.11794512380704836,0.16857687224293497,0.1218692982379457,0.11729486746428147,0.12500526776286883,0.11558444566560058
308,308.0,307.9999991355835,0.11881200482684758,0.11479001524923424,0.11826996544197874,0.1684607019691264,0.12173621324145013,0.11746716012510189,0.1247343280403148,0.11572961110594643
309,309.0,308.9999992176535,0.11871114263297554,0.11478385186231975,0.11857128992566296,0.16832987503634075,0.1216129635010785,0.1176392185852559,0.12447925012072414,0.11587240833564266
310,310.0,309.99999929934,0.11840269967660538,0.11477768851769572,0.11884843572838881,0.1684093876020258,0.12149979798862214,0.11780934568020864,0.12424099860299641,0.1160116462034573
311,311.0,310.9999993798645,0.11811051846355064,0.11477158684457937,0.11910104926022484,0.16847741059067764,0.12139683993641408,0.11797603327553066,0.12402027336212261,0.11614628826690035
312,312.0,311.99999945853784,0.11783589463161032,0.1147656016925511,0.1193290576129417,0.16853441273011308,0.12130409817895157,0.11813795844523185,0.12381752902282607,0.11627544768577452
313,313.0,312.9999995347585,0.11757015684524358,0.11475495034314796,0.11951814846730092,0.1686775444413473,0.12120215483283711,0.11827948542655407,0.12360884034897006,0.11638871929459921
314,314.0,313.9999996080095,0.1173145188361286,0.11473992840878741,0.11966949010215251,0.16868954590892254,0.12130460536458758,0.11840040620607983,0.12339550105667876,0.11648600411666295
315,315.0,314.99999967785527,0.11706998738282626,0.11472085335540626,0.11978453458739102,0.16878472836639574,0.12139298464767315,0.11850076276048582,0.12317876054120586,0.1165673883586161
316,316.0,315.99999974393796,0.11683737246633201,0.11469805890646222,0.11986497417619096,0.16895933100874336,0.12146650431923874,0.11858082092980556,0.12295981463513347,0.1166331235580939
317,317.0,316.999999805973,0.11661729837804835,0.1146718898439602,0.11991269965618574,0.16900902293391165,0.12152463963351662,0.11864104466473198,0.12293979782637822,0.11668360706326747
318,318.0,317.99999986374485,0.11641021557755767,0.11464269722064134,0.11992976088573683,0.1691349299470279,0.1215671071768943,0.1186820708736361,0.12291385530847002,0.1167193630100361
319,319.0,318.999999917102,0.11622395458761499,0.1146146047305852,0.1199296419128872,0.16925052441034263,0.12161269610985154,0.11871599728232521,0.12290401554809144,0.11674856541830202
320,320.0,319.99999996595244,0.11605829583706494,0.11458778328536608,0.11991406194760543,0.16935568163420286,0.12166063840410081,0.11874319460673392,0.12290876666709336,0.11677157761783283
321,321.0,321.00000001025836,0.11590529421134405,0.11455860325588761,0.11987341067159299,0.1693410423374346,0.12169136560524613,0.1187527515648516,0.12309628532426622,0.11678124702937702
322,322.0,322.0000000500311,0.11576474445049399,0.11452735751900421,0.11980989738308415,0.16940060313622862,0.12170511804125493,0.11874563227812729,0.12326830551792181,0.11677834167388522
323,323.0,323.0000000853262,0.11563634995008493,0.11449433664504957,0.11972575804288674,0.1695316029418802,0.12170231337540266,0.11872289019058554,0.1234230576880459,0.11676369116606469
324,324.0,324.00000011623854,0.11551973443051897,0.11445982600719141,0.11962322960173474,0.16973070188906292,0.12168352361813915,0.11868564795534667,0.12355916467033773,0.1167381718276686
325,325.0,325.0000001428973,0.11542094675496804,0.11442734999122899,0.11951426716322608,0.16991940210445494,0.1216656866913297,0.11864481891862366,0.12369834203496972,0.11670918634119908
326,326.0,326.00000016546124,0.11533919201578617,0.11439702989513233,0.11940060375148145,0.1700968564590814,0.12164888568119699,0.11860117005093218,0.12383889097006155,0.11667737117632813
327,327.0,327.00000018411407,0.11527358446672827,0.11436895332787583,0.11928384609794196,0.17026241499547257,0.12163318500617468,0.11855541982404597,0.12397926882921631,0.11664332745254465
328,328.0,328.00000019906054,0.11522316546427251,0.11434317670224804,0.11916547120332244,0.17041561171008807,0.12161863163950193,0.11850823587615339,0.12411808894143614,0.11660761846297771
329,329.0,329.00000021052176,0.11518042683728973,0.11431648103709562,0.11903708428093683,0.17063082614263467,0.12158902261777677,0.11845049315909373,0.12423139160756508,0.11656427431760781
330,330.0,330.0000002187316,0.11514460642618621,0.11428901443886441,0.11890033814031126,0.17090455172263058,0.12154510582593106,0.11838319271447992,0.1243191202664441,0.1165140704651527
331,331.0,331.00000022393317,0.11511496010445385,0.11426092341232903,0.11875682040112914,0.1712329209333897,0.12148772493631733,0.11830734755596672,0.12438151825060015,0.11645778440581427
332,332.0,332.0000002263752,0.11509076703711146,0.11423235136595453,0.11860804356674583,0.17161178444623465,0.12141780044445492,0.11822397077263705,0.12441909503524898,0.11639618733161279
333,333.0,333.00000022630934,0.11507133419370282,0.11420343730434325,0.11845543686148931,0.1720367850062706,0.12133631186626076,0.1181340648412699,0.12443259324757762,0.11633003667908595
334,334.0,334.0000002239869,0.11506146462603134,0.11417704694251632,0.11830853645814354,0.17244058432690693,0.12125794236055674,0.11804680885462678,0.12444208237286429,0.11626553405835427
335,335.0,335.0000002196569,0.11505483622132573,0.11415045957367644,0.11816004400923946,0.17288410606893184,0.1211695025129651,0.11795461365679022,0.1244287427455002,0.11619769521157125
336,336.0,336.00000021356334,0.1150508209728256,0.11412377568495786,0.11801104838205566,0.17336319977966094,0.12107195831987341,0.11785833985909168,0.12439369502623612,0.11612716197529899
337,337.0,337.0000002059435,0.11504883677626238,0.11409709129666915,0.1178625484389924,0.17371493798941606,0.1211250234636602,0.1177588166477948,0.12433819720748915,0.11605454817971611
338,338.0,338.0000001970262,0.11504834834587856,0.11407049729138546,0.11771545157727412,0.17409792442687294,0.12116688900128886,0.11765683616257826,0.12426361719854198,0.11598043599618008
339,339.0,339.00000018703037,0.11504886758276665,0.11404407886756246,0.11757057334749338,0.1745093252840077,0.12119722601821868,0.11755314882579604,0.12417140709542719,0.11590537297872816
340,340.0,340.00000017616384,0.1150499534462455,0.11401791511049973,0.11742863804637663,0.1749462060893022,0.12121587875159502,0.11744845957359493,0.12406307922304491,0.11582986975934137
341,341.0,341.0000001646223,0.1150512113788733,0.11399207867301794,0.11729028017984673,0.1754055744736627,0.12122284799399566,0.11734342493581691,0.12394018401052792,0.11575439835425913
342,342.0,342.0000001525887,0.11505229233509048,0.11396663555787459,0.11715604669413271,0.17573736028363016,0.121218274624139,0.1172386509084199,0.12395134855992998,0.11567939103678343
343,343.0,343.0000001402326,0.11505289146244588,0.11394164499372225,0.11702639987521501,0.17608922903337923,0.12120242341535911,0.11713469155984463,0.12394747992923583,0.11560523973079831
344,344.0,344.0000001277097,0.11505274648293817,0.11391715939629637,0.11690172082018228,0.1763166024687513,0.1211756672547943,0.11703204831127377,0.1239289022443063,0.11567515302145776
345,345.0,345.00000011516204,0.11505565996512329,0.11389523647893582,0.11678834960530815,0.17651164396447006,0.12115054432345232,0.11693720604730441,0.12391217901971238,0.11574918059569382
346,346.0,346.00000010271754,0.11505727278314087,0.11387382713037308,0.11668025294142167,0.17672795018284346,0.12111507009311666,0.11684429687481226,0.12388119546218959,0.11582013453210266
347,347.0,347.0000000904903,0.1150574082425425,0.1138529487708715,0.11657754839103546,0.1769650098143273,0.12106976253793503,0.11675362062734704,0.12383652490986605,0.1158871767060754
348,348.0,348.00000007858085,0.11505592867631827,0.11383261506098122,0.11648029771588708,0.17722206954890304,0.12101520592111138,0.11666543470246445,0.12377884657463509,0.11594960179969972
349,349.0,349.00000006707654,0.11505273270775779,0.1138128360353724,0.11638851152280145,0.17749816855307346,0.12095203769017256,0.11657995541475225,0.12370892731839894,0.11600683075767138
350,350.0,350.00000005605193,0.1150477524323992,0.11379361826368245,0.11630215396893151,0.17779217146679163,0.12088093617569616,0.11649735963679889,0.12362760440829612,0.11605840364740427
351,351.0,351.00000004556927,0.11504445932691915,0.11377671941985801,0.11622641063075925,0.1780571857078034,0.12081313545091045,0.11642304984027285,0.12354980441178728,0.11610923521168987
352,352.0,352.00000003567914,0.11504271760538456,0.11376207659955076,0.11616097752009663,0.17829346000096927,0.1207489834440942,0.1163569405249967,0.12347595303747813,0.11615889126742998
353,353.0,353.0000000264213,0.11504238954661627,0.11374961062861207,0.1161054779452993,0.1785015055981422,0.12068875680351862,0.1162988727359982,0.12340639393689178,0.1162069928049218
354,354.0,354.00000001782496,0.1150398282929955,0.11373747409584956,0.11605421039063396,0.17872767894803746,0.12062213894317594,0.11624335984064484,0.12332735838594251,0.11624795110272047
355,355.0,355.00000000991,0.11503502303628395,0.11372562555264334,0.11600687471924448,0.1788414120353904,0.12067952607273721,0.11619031186813601,0.12323954542413716,0.11628168129142773
356,356.0,356.0000000026875,0.11502799209752473,0.11371402761955332,0.11596316990176753,0.17897466338795978,0.12072863330786907,0.11613963160816275,0.12314369439484706,0.116308187682316
357,357.0,356.99999999616034,0.11501877965785899,0.11370264686667318,0.1159227968563098,0.17912750606778993,0.12076892712808382,0.11609121604739436,0.12304057282930866,0.1163275545465815
358,358.0,357.9999999903243,0.11501061712127743,0.11369303594826242,0.11589020783037904,0.17925701726706045,0.12081110988993297,0.11604970456577318,0.12294362351481583,0.11634468386249894
359,359.0,358.9999999851686,0.11500348112283747,0.11368511399005822,0.11586495031228186,0.17936423502183454,0.12085457087163459,0.11601482187020068,0.12285319871940893,0.11635962809174394
