,Unnamed: 0,Total_iterations,Intertwine_two,Add_vertex,Delete_vertex,Invert_path_vertices,Insert_inside_vertex,Delete_inside_vertex,Replace_inside_vertex,Donate_between_routes
0,0.0,0.0,0.125,0.125,0.125,0.125,0.125,0.125,0.125,0.125
1,1.0,1.0,0.125,0.125,0.125,0.125,0.125,0.125,0.125,0.125
2,2.0,2.0,0.125,0.125,0.125,0.125,0.125,0.125,0.125,0.125
3,3.0,3.0,0.125,0.125,0.125,0.125,0.125,0.125,0.125,0.125
4,4.0,4.0,0.125,0.125,0.125,0.125,0.125,0.125,0.125,0.125
5,5.0,5.0,0.125,0.125,0.125,0.125,0.125,0.125,0.125,0.125
6,6.0,6.0,0.125,0.125,0.125,0.125,0.125,0.125,0.125,0.125
7,7.0,7.0,0.125,0.125,0.125,0.125,0.125,0.125,0.125,0.125
8,8.0,8.0,0.125,0.125,0.125,0.125,0.125,0.125,0.125,0.125
9,9.0,9.0,0.125,0.125,0.125,0.125,0.125,0.125,0.125,0.125
10,10.0,10.0,0.125,0.125,0.125,0.125,0.125,0.125,0.125,0.125
11,11.0,11.0,0.125,0.125,0.125,0.125,0.125,0.125,0.125,0.125
12,12.0,12.0,0.125,0.125,0.125,0.125,0.125,0.125,0.125,0.125
13,13.0,13.0,0.125,0.125,0.125,0.125,0.125,0.125,0.125,0.125
14,14.0,14.0,0.125,0.125,0.125,0.125,0.125,0.125,0.125,0.125
15,15.0,15.0,0.125,0.125,0.125,0.125,0.125,0.125,0.125,0.125
16,16.0,16.0,0.125,0.125,0.125,0.125,0.125,0.125,0.125,0.125
17,17.0,17.0,0.125,0.125,0.125,0.125,0.125,0.125,0.125,0.125
18,18.0,18.0,0.125,0.125,0.125,0.125,0.125,0.125,0.125,0.125
19,19.0,19.0,0.125,0.125,0.125,0.125,0.125,0.125,0.125,0.125
20,20.0,20.0,0.125,0.125,0.125,0.125,0.125,0.125,0.125,0.125
21,21.0,21.0,0.125,0.125,0.125,0.125,0.125,0.125,0.125,0.125
22,22.0,22.0,0.125,0.125,0.125,0.125,0.125,0.125,0.125,0.125
23,23.0,23.0,0.125,0.125,0.125,0.125,0.125,0.125,0.125,0.125
24,24.0,24.0,0.125,0.125,0.125,0.125,0.125,0.125,0.125,0.125
25,25.0,25.0,0.125,0.125,0.125,0.125,0.125,0.125,0.125,0.125
26,26.0,26.0,0.125,0.125,0.125,0.125,0.125,0.125,0.125,0.125
27,27.0,27.0,0.125,0.125,0.125,0.125,0.125,0.125,0.125,0.125
28,28.0,28.0,0.125,0.125,0.125,0.125,0.125,0.125,0.125,0.125
29,29.0,29.0,0.125,0.125,0.125,0.125,0.125,0.125,0.125,0.125
30,30.0,30.0,0.125,0.125,0.125,0.125,0.125,0.125,0.125,0.125
31,31.0,31.0,0.125,0.125,0.125,0.125,0.125,0.125,0.125,0.125
32,32.0,32.0,0.125,0.125,0.125,0.125,0.125,0.125,0.125,0.125
33,33.0,33.0,0.125,0.125,0.125,0.125,0.125,0.125,0.125,0.125
34,34.0,34.0,0.125,0.125,0.125,0.125,0.125,0.125,0.125,0.125
35,35.0,35.0,0.125,0.125,0.125,0.125,0.125,0.125,0.125,0.125
36,36.0,36.0,0.125,0.125,0.125,0.125,0.125,0.125,0.125,0.125
37,37.0,37.0,0.125,0.125,0.125,0.125,0.125,0.125,0.125,0.125
38,38.0,38.0,0.125,0.125,0.125,0.125,0.125,0.125,0.125,0.125
39,39.0,39.0,0.125,0.125,0.125,0.125,0.125,0.125,0.125,0.125
40,40.0,40.0,0.125,0.125,0.125,0.125,0.125,0.125,0.125,0.125
41,41.0,41.0,0.125,0.125,0.125,0.125,0.125,0.125,0.125,0.125
42,42.0,42.0,0.125,0.125,0.125,0.125,0.125,0.125,0.125,0.125
43,43.0,43.0,0.125,0.125,0.125,0.125,0.125,0.125,0.125,0.125
44,44.0,44.0,0.125,0.125,0.125,0.125,0.125,0.125,0.125,0.125
45,45.0,45.0,0.125,0.125,0.125,0.125,0.125,0.125,0.125,0.125
46,46.0,46.0,0.125,0.125,0.125,0.125,0.125,0.125,0.125,0.125
47,47.0,47.0,0.125,0.125,0.125,0.125,0.125,0.125,0.125,0.125
48,48.0,48.0,0.125,0.125,0.125,0.125,0.125,0.125,0.125,0.125
49,49.0,49.0,0.125,0.125,0.125,0.125,0.125,0.125,0.125,0.125
50,50.0,50.0,0.125,0.125,0.125,0.125,0.125,0.125,0.125,0.125
51,51.0,51.0,0.125,0.125,0.125,0.125,0.125,0.125,0.125,0.125
52,52.0,52.0,0.125,0.125,0.125,0.125,0.125,0.125,0.125,0.125
53,53.0,53.0,0.125,0.125,0.125,0.125,0.125,0.125,0.125,0.125
54,54.0,54.1,0.125,0.125,0.125,0.125,0.125,0.125,0.125,0.125
55,55.0,55.1,0.125,0.125,0.125,0.125,0.125,0.125,0.125,0.125
56,56.0,56.1,0.125,0.125,0.125,0.125,0.125,0.125,0.125,0.125
57,57.0,57.1,0.125,0.125,0.125,0.125,0.125,0.125,0.125,0.125
58,58.0,58.1,0.125,0.125,0.125,0.125,0.125,0.125,0.125,0.125
59,59.0,59.1,0.125,0.125,0.125,0.125,0.125,0.125,0.125,0.125
60,60.0,60.1,0.125,0.125,0.125,0.125,0.125,0.125,0.125,0.125
61,61.0,61.1,0.125,0.125,0.125,0.125,0.125,0.125,0.125,0.125
62,62.0,62.1,0.125,0.125,0.125,0.125,0.125,0.125,0.125,0.125
63,63.0,63.1,0.125,0.125,0.125,0.125,0.125,0.125,0.125,0.125
64,64.0,64.1,0.125,0.125,0.125,0.125,0.125,0.125,0.125,0.125
65,65.0,65.1,0.125,0.125,0.125,0.125,0.125,0.125,0.125,0.125
66,66.0,66.1,0.125,0.125,0.125,0.125,0.125,0.125,0.125,0.125
67,67.0,67.1,0.125,0.125,0.125,0.125,0.125,0.125,0.125,0.125
68,68.0,68.1,0.125,0.125,0.125,0.125,0.125,0.125,0.125,0.125
69,69.0,69.1,0.125,0.125,0.125,0.125,0.125,0.125,0.125,0.125
70,70.0,70.1,0.125,0.125,0.125,0.125,0.125,0.125,0.125,0.125
71,71.0,71.1,0.125,0.125,0.125,0.125,0.125,0.125,0.125,0.125
72,72.0,72.1,0.125,0.125,0.125,0.125,0.125,0.125,0.125,0.125
73,73.0,73.1,0.125,0.125,0.125,0.125,0.125,0.125,0.125,0.125
74,74.0,74.1,0.125,0.125,0.125,0.125,0.125,0.125,0.125,0.125
75,75.0,75.1,0.125,0.125,0.125,0.125,0.125,0.125,0.125,0.125
76,76.0,76.1,0.125,0.125,0.125,0.125,0.125,0.125,0.125,0.125
77,77.0,77.1,0.125,0.125,0.125,0.125,0.125,0.125,0.125,0.125
78,78.0,78.1,0.125,0.125,0.125,0.125,0.125,0.125,0.125,0.125
79,79.0,79.2,0.125,0.125,0.125,0.125,0.125,0.125,0.125,0.125
80,80.0,80.2,0.125,0.125,0.125,0.125,0.125,0.125,0.125,0.125
81,81.0,81.2,0.125,0.125,0.125,0.125,0.125,0.125,0.125,0.125
82,82.0,82.2,0.125,0.125,0.125,0.125,0.125,0.125,0.125,0.125
83,83.0,83.2,0.125,0.125,0.125,0.125,0.125,0.125,0.125,0.125
84,84.0,84.2,0.125,0.125,0.125,0.125,0.125,0.125,0.125,0.125
85,85.0,85.2,0.125,0.125,0.125,0.125,0.125,0.125,0.125,0.125
86,86.0,86.2,0.125,0.125,0.125,0.125,0.125,0.125,0.125,0.125
87,87.0,87.2,0.125,0.125,0.125,0.125,0.125,0.125,0.125,0.125
88,88.0,88.2,0.125,0.125,0.125,0.125,0.125,0.125,0.125,0.125
89,89.0,89.3,0.125,0.125,0.125,0.125,0.125,0.125,0.125,0.125
90,90.0,90.3,0.125,0.125,0.125,0.125,0.125,0.125,0.125,0.125
91,91.0,91.3,0.125,0.125,0.125,0.125,0.125,0.125,0.125,0.125
92,92.0,92.3,0.125,0.125,0.125,0.125,0.125,0.125,0.125,0.125
93,93.0,93.3,0.125,0.125,0.125,0.125,0.125,0.125,0.125,0.125
94,94.0,94.3,0.125,0.125,0.125,0.125,0.125,0.125,0.125,0.125
95,95.0,95.3,0.125,0.125,0.125,0.125,0.125,0.125,0.125,0.125
96,96.0,96.4,0.125,0.125,0.125,0.125,0.125,0.125,0.125,0.125
97,97.0,97.5,0.125,0.125,0.125,0.125,0.125,0.125,0.125,0.125
98,98.0,98.5,0.125,0.125,0.125,0.125,0.125,0.125,0.125,0.125
99,99.0,99.5,0.125,0.125,0.125,0.125,0.125,0.125,0.125,0.125
100,100.0,100.5,0.125,0.125,0.125,0.125,0.125,0.125,0.125,0.125
101,101.0,101.5,0.125,0.125,0.125,0.125,0.125,0.125,0.125,0.125
102,102.0,102.5,0.125,0.125,0.125,0.125,0.125,0.125,0.125,0.125
103,103.0,103.5,0.125,0.125,0.125,0.125,0.125,0.125,0.125,0.125
104,104.0,104.5,0.125,0.125,0.125,0.125,0.125,0.125,0.125,0.125
105,105.0,105.5,0.125,0.125,0.125,0.125,0.125,0.125,0.125,0.125
106,106.0,106.5,0.125,0.125,0.125,0.125,0.125,0.125,0.125,0.125
107,107.0,107.5,0.125,0.125,0.125,0.125,0.125,0.125,0.125,0.125
108,108.0,108.5,0.125,0.125,0.125,0.125,0.125,0.125,0.125,0.125
109,109.0,109.5,0.125,0.125,0.125,0.125,0.125,0.125,0.125,0.125
110,110.0,110.5,0.125,0.125,0.125,0.125,0.125,0.125,0.125,0.125
111,111.0,111.5,0.125,0.125,0.125,0.125,0.125,0.125,0.125,0.125
112,112.0,112.5,0.125,0.125,0.125,0.125,0.125,0.125,0.125,0.125
113,113.0,113.5,0.125,0.125,0.125,0.125,0.125,0.125,0.125,0.125
114,114.0,114.5,0.125,0.125,0.125,0.125,0.125,0.125,0.125,0.125
115,115.0,115.6,0.125,0.125,0.125,0.125,0.125,0.125,0.125,0.125
116,116.0,116.6,0.125,0.125,0.125,0.125,0.125,0.125,0.125,0.125
117,117.0,117.6,0.125,0.125,0.125,0.125,0.125,0.125,0.125,0.125
118,118.0,118.6,0.125,0.125,0.125,0.125,0.125,0.125,0.125,0.125
119,119.0,119.6,0.125,0.125,0.125,0.125,0.125,0.125,0.125,0.125
120,120.0,120.6,0.125,0.125,0.125,0.125,0.125,0.125,0.125,0.125
121,121.0,121.6,0.125,0.125,0.125,0.125,0.125,0.125,0.125,0.125
122,122.0,122.6,0.125,0.125,0.125,0.125,0.125,0.125,0.125,0.125
123,123.0,123.6,0.125,0.125,0.125,0.125,0.125,0.125,0.125,0.125
124,124.0,124.6,0.125,0.125,0.125,0.125,0.125,0.125,0.125,0.125
125,125.0,125.6,0.125,0.125,0.125,0.125,0.125,0.125,0.125,0.125
126,126.0,126.6,0.125,0.125,0.125,0.125,0.125,0.125,0.125,0.125
127,127.0,127.6,0.125,0.125,0.125,0.125,0.125,0.125,0.125,0.125
128,128.0,128.6,0.125,0.125,0.125,0.125,0.125,0.125,0.125,0.125
129,129.0,129.6,0.125,0.125,0.125,0.125,0.125,0.125,0.125,0.125
130,130.0,130.6,0.125,0.125,0.125,0.125,0.125,0.125,0.125,0.125
131,131.0,131.6,0.125,0.125,0.125,0.125,0.125,0.125,0.125,0.125
132,132.0,132.7,0.125,0.125,0.125,0.125,0.125,0.125,0.125,0.125
133,133.0,133.7,0.125,0.125,0.125,0.125,0.125,0.125,0.125,0.125
134,134.0,134.7,0.125,0.125,0.125,0.125,0.125,0.125,0.125,0.125
135,135.0,135.7,0.125,0.125,0.125,0.125,0.125,0.125,0.125,0.125
136,136.0,136.7,0.125,0.125,0.125,0.125,0.125,0.125,0.125,0.125
137,137.0,137.7,0.125,0.125,0.125,0.125,0.125,0.125,0.125,0.125
138,138.0,138.7,0.125,0.125,0.125,0.125,0.125,0.125,0.125,0.125
139,139.0,139.7,0.125,0.125,0.125,0.125,0.125,0.125,0.125,0.125
140,140.0,140.7,0.125,0.125,0.125,0.125,0.125,0.125,0.125,0.125
141,141.0,141.7,0.125,0.125,0.125,0.125,0.125,0.125,0.125,0.125
142,142.0,142.7,0.125,0.125,0.125,0.125,0.125,0.125,0.125,0.125
143,143.0,143.7,0.125,0.125,0.125,0.125,0.125,0.125,0.125,0.125
144,144.0,144.7,0.125,0.125,0.125,0.125,0.125,0.125,0.125,0.125
145,145.0,145.7,0.125,0.125,0.125,0.125,0.125,0.125,0.125,0.125
146,146.0,146.7,0.125,0.125,0.125,0.125,0.125,0.125,0.125,0.125
147,147.0,147.7,0.125,0.125,0.125,0.125,0.125,0.125,0.125,0.125
148,148.0,148.7,0.125,0.125,0.125,0.125,0.125,0.125,0.125,0.125
149,149.0,149.7,0.125,0.125,0.125,0.125,0.125,0.125,0.125,0.125
150,150.0,150.7,0.125,0.125,0.125,0.125,0.125,0.125,0.125,0.125
151,151.0,151.7,0.125,0.125,0.125,0.125,0.125,0.125,0.125,0.125
152,152.0,152.7,0.125,0.125,0.125,0.125,0.125,0.125,0.125,0.125
153,153.0,153.7,0.125,0.125,0.125,0.125,0.125,0.125,0.125,0.125
154,154.0,154.7,0.125,0.125,0.125,0.125,0.125,0.125,0.125,0.125
155,155.0,155.7,0.125,0.125,0.125,0.125,0.125,0.125,0.125,0.125
156,156.0,156.7,0.125,0.125,0.125,0.125,0.125,0.125,0.125,0.125
157,157.0,157.7,0.125,0.125,0.125,0.125,0.125,0.125,0.125,0.125
158,158.0,158.7,0.125,0.125,0.125,0.125,0.125,0.125,0.125,0.125
159,159.0,159.7,0.125,0.125,0.125,0.125,0.125,0.125,0.125,0.125
160,160.0,160.7,0.125,0.125,0.125,0.125,0.125,0.125,0.125,0.125
161,161.0,161.7,0.125,0.125,0.125,0.125,0.125,0.125,0.125,0.125
162,162.0,162.7,0.125,0.125,0.125,0.125,0.125,0.125,0.125,0.125
163,163.0,163.7,0.125,0.125,0.125,0.125,0.125,0.125,0.125,0.125
164,164.0,164.7,0.125,0.125,0.125,0.125,0.125,0.125,0.125,0.125
165,165.0,165.7,0.125,0.125,0.125,0.125,0.125,0.125,0.125,0.125
166,166.0,166.7,0.125,0.125,0.125,0.125,0.125,0.125,0.125,0.125
167,167.0,167.7,0.125,0.125,0.125,0.125,0.125,0.125,0.125,0.125
168,168.0,168.7,0.125,0.125,0.125,0.125,0.125,0.125,0.125,0.125
169,169.0,169.7,0.125,0.125,0.125,0.125,0.125,0.125,0.125,0.125
170,170.0,170.7,0.125,0.125,0.125,0.125,0.125,0.125,0.125,0.125
171,171.0,171.7,0.125,0.125,0.125,0.125,0.125,0.125,0.125,0.125
172,172.0,172.7,0.125,0.125,0.125,0.125,0.125,0.125,0.125,0.125
173,173.0,173.7,0.125,0.125,0.125,0.125,0.125,0.125,0.125,0.125
174,174.0,174.7,0.125,0.125,0.125,0.125,0.125,0.125,0.125,0.125
175,175.0,175.7,0.125,0.125,0.125,0.125,0.125,0.125,0.125,0.125
176,176.0,176.7,0.125,0.125,0.125,0.125,0.125,0.125,0.125,0.125
177,177.0,177.7,0.125,0.125,0.125,0.125,0.125,0.125,0.125,0.125
178,178.0,178.7,0.125,0.125,0.125,0.125,0.125,0.125,0.125,0.125
179,179.0,179.7,0.125,0.125,0.125,0.125,0.125,0.125,0.125,0.125
180,180.0,180.7,0.125,0.125,0.125,0.125,0.125,0.125,0.125,0.125
181,181.0,181.7,0.125,0.125,0.125,0.125,0.125,0.125,0.125,0.125
182,182.0,182.7,0.125,0.125,0.125,0.125,0.125,0.125,0.125,0.125
183,183.0,183.7,0.125,0.125,0.125,0.125,0.125,0.125,0.125,0.125
184,184.0,184.7,0.125,0.125,0.125,0.125,0.125,0.125,0.125,0.125
185,185.0,185.7,0.125,0.125,0.125,0.125,0.125,0.125,0.125,0.125
186,186.0,186.7,0.125,0.125,0.125,0.125,0.125,0.125,0.125,0.125
187,187.0,187.7,0.125,0.125,0.125,0.125,0.125,0.125,0.125,0.125
188,188.0,188.7,0.125,0.125,0.125,0.125,0.125,0.125,0.125,0.125
189,189.0,189.7,0.125,0.125,0.125,0.125,0.125,0.125,0.125,0.125
190,190.0,190.7,0.125,0.125,0.125,0.125,0.125,0.125,0.125,0.125
191,191.0,191.7,0.125,0.125,0.125,0.125,0.125,0.125,0.125,0.125
192,192.0,192.7,0.125,0.125,0.125,0.125,0.125,0.125,0.125,0.125
193,193.0,193.7,0.125,0.125,0.125,0.125,0.125,0.125,0.125,0.125
194,194.0,194.7,0.125,0.125,0.125,0.125,0.125,0.125,0.125,0.125
195,195.0,195.7,0.125,0.125,0.125,0.125,0.125,0.125,0.125,0.125
196,196.0,196.7,0.125,0.125,0.125,0.125,0.125,0.125,0.125,0.125
197,197.0,197.7,0.125,0.125,0.125,0.125,0.125,0.125,0.125,0.125
198,198.0,198.7,0.125,0.125,0.125,0.125,0.125,0.125,0.125,0.125
199,199.0,199.7,0.125,0.125,0.125,0.125,0.125,0.125,0.125,0.125
200,200.0,200.7,0.13055555555555554,0.11944444444444444,0.13055555555555556,0.11944444444444444,0.11944444444444444,0.13055555555555556,0.11944444444444444,0.13055555555555556
201,201.0,201.7,0.12611111111111112,0.12611111111111112,0.1461111111111111,0.1161111111111111,0.1161111111111111,0.1272222222222222,0.1161111111111111,0.12611111111111112
202,202.0,202.7,0.12318181818181817,0.14136363636363636,0.15045454545454545,0.11318181818181819,0.11318181818181819,0.1231818181818182,0.11318181818181819,0.12227272727272727
203,203.0,203.7,0.12242424242424241,0.14742424242424243,0.1496969696969697,0.1124242424242424,0.1124242424242424,0.12242424242424241,0.1124242424242424,0.12075757575757576
204,204.0,204.7,0.12178321678321677,0.16255244755244755,0.14905594405594405,0.11178321678321676,0.11178321678321676,0.11178321678321676,0.11178321678321676,0.11947552447552448
205,205.0,205.7,0.11865800865800864,0.15813852813852813,0.15199134199134198,0.11865800865800864,0.10956709956709956,0.10956709956709956,0.10956709956709956,0.12385281385281384
206,206.0,206.7,0.11818181818181817,0.16242424242424242,0.15151515151515152,0.11818181818181817,0.10909090909090909,0.10909090909090909,0.10909090909090909,0.12242424242424241
207,207.0,207.7,0.11776515151515152,0.16617424242424242,0.15109848484848484,0.11776515151515152,0.10867424242424244,0.10867424242424244,0.10867424242424244,0.12117424242424243
208,208.0,208.7,0.11712412587412586,0.16553321678321678,0.15558566433566431,0.10803321678321678,0.10803321678321678,0.11712412587412586,0.10803321678321678,0.12053321678321678
209,209.0,209.7,0.11657467532467532,0.16498376623376623,0.1594318181818182,0.10748376623376624,0.10748376623376624,0.11657467532467532,0.10748376623376624,0.11998376623376623
210,210.0,210.7,0.1150595238095238,0.1788095238095238,0.15791666666666665,0.10672619047619047,0.10672619047619047,0.1150595238095238,0.10672619047619047,0.11297619047619048
211,211.0,211.7,0.11293363499245852,0.17411010558069379,0.16729260935143286,0.10524132730015082,0.10524132730015082,0.11293363499245852,0.11112368024132728,0.11112368024132728
212,212.0,212.7,0.11141806722689074,0.17259453781512604,0.17570378151260502,0.10427521008403362,0.10427521008403362,0.11141806722689074,0.11015756302521007,0.11015756302521007
213,213.0,213.7,0.11009803921568628,0.17127450980392156,0.17637254901960783,0.1034313725490196,0.1034313725490196,0.11676470588235295,0.10931372549019606,0.10931372549019606
214,214.0,214.7,0.10926470588235296,0.17044117647058823,0.1809558823529412,0.10301470588235295,0.10301470588235295,0.11551470588235295,0.1088970588235294,0.1088970588235294
215,215.0,215.7,0.10926470588235296,0.17044117647058823,0.1809558823529412,0.10301470588235295,0.10301470588235295,0.11551470588235295,0.1088970588235294,0.1088970588235294
216,216.0,216.7,0.10787581699346405,0.18016339869281045,0.1795669934640523,0.10162581699346404,0.10162581699346404,0.11412581699346407,0.10750816993464052,0.10750816993464052
217,217.0,217.7,0.10602582058464412,0.17830119227178048,0.1858747216835452,0.09757801838684191,0.10087472168354521,0.1144736227824463,0.11231263018027723,0.10455927242691947
218,218.0,218.7,0.10469294166595282,0.17604727786683633,0.1873393427477086,0.09626902862247458,0.10577989818769196,0.1068668547094311,0.11976631811451437,0.10323833808539015
219,219.0,219.7,0.10367220801364023,0.1876023017902813,0.18292945439045183,0.09524829497016196,0.10475916453537937,0.1058461210571185,0.11772485080988915,0.10221760443307756
220,220.0,220.7,0.10819601753744976,0.18712611131409085,0.1803104067714042,0.09501019973206673,0.10452106929728411,0.10560802581902325,0.11724866033369867,0.10197950919498233
221,221.0,221.7,0.10679560635442989,0.18683654580713402,0.1780847338935574,0.09380234961117313,0.10554685510567863,0.10554685510567863,0.12150454937219642,0.10188250475015179
222,222.0,222.7,0.10640034943743382,0.18019128889013797,0.18650864693703567,0.09360472115267511,0.1053492266471806,0.1053492266471806,0.12091166399670232,0.10168487629165376
223,223.0,223.7,0.10679560635442986,0.17301078823137644,0.1900165520753756,0.10327204658087011,0.1059256429844665,0.1059256429844665,0.1127924281600752,0.10226129262893965
224,224.0,224.7,0.10567528223410576,0.17009670231729054,0.1910995246583482,0.10229396910279262,0.10500861556743908,0.11409952465834819,0.11041874628639334,0.10130763517528223
225,225.0,225.7,0.10311714429361488,0.1656334841628959,0.19664655605832074,0.09949974861739566,0.1084866767219708,0.11093765711412769,0.11640774258421313,0.09927099044746102
226,226.0,226.7,0.10219121836768894,0.16406653259594434,0.19629043070219537,0.09807524719289422,0.10770320093849503,0.11015418133065188,0.1153393665158371,0.10617982235629293
227,227.0,227.7,0.10176661176330706,0.17032718205884098,0.20307082883090813,0.09707622125004807,0.10731604751763375,0.10976702790979062,0.10547031546701076,0.1052057652024605
228,228.0,228.7,0.10137721755368814,0.16992530345471518,0.20435107376283845,0.09795518207282912,0.10702147525676937,0.10947245564892623,0.1049486461251167,0.1049486461251167
229,229.0,229.7,0.10035521724162696,0.16921789051606492,0.20467293018002955,0.09739534186795848,0.10575920023181684,0.11409253356515017,0.10413029048931684,0.10437659590803605
230,230.0,230.7,0.10023577147000728,0.16908650016728327,0.20558071804433914,0.09728784067350074,0.10560392072871125,0.11393725406204458,0.10401084471769714,0.10425715013641637
231,231.0,231.7,0.09667061856259003,0.17240621127946915,0.2064689835889862,0.0971826513326873,0.10545198056975846,0.1137853139030918,0.10389396767234885,0.10414027309106806
232,232.0,232.7,0.09644128573415181,0.17193555436358937,0.2003960307527266,0.09802858732145338,0.11233118779426662,0.11352166398474281,0.10343474978643936,0.10391094026262984
233,233.0,233.7,0.09738193523023245,0.17181237407243596,0.20020566121185315,0.09791660523858664,0.11218561108653986,0.11337608727701605,0.10332276770357263,0.1037989581797631
234,234.0,234.7,0.09656899899178685,0.17633993962610509,0.20048933410376035,0.09740703157324047,0.1182012045055713,0.11224882355319035,0.10259814027478562,0.0961465273715598
235,235.0,235.7,0.09635006539240763,0.17591939312350005,0.20140490610243011,0.09719883680547638,0.11796079324296183,0.11303934012563241,0.1021883326037957,0.09593833260379571
236,236.0,236.7,0.09566346155687153,0.1812338715390462,0.20184905541163833,0.09604656216553606,0.12463410244480563,0.10398784394140428,0.10132285450065193,0.09526224844004585
237,237.0,237.7,0.10082006149288322,0.17576350040691038,0.19954953303858652,0.09309418774257339,0.12687403571415068,0.11256324729621943,0.09860889362492634,0.09272654068374986
238,238.0,238.7,0.09906352554517081,0.17327167034155092,0.19705770297322706,0.09097000473603745,0.14100802264225526,0.11080671134850699,0.09685235767721392,0.09097000473603745
239,239.0,239.7,0.09742820475018615,0.17081468754843365,0.20752354800342418,0.08901819370859616,0.13804489799845837,0.10276620008818149,0.09505927680850278,0.09934499109421707
240,240.0,240.7,0.09493733889089924,0.1736242522527352,0.21082956946734038,0.08679448174804211,0.13436423947569456,0.10997629992986029,0.09296923235003729,0.09650458588539082
241,241.0,241.7,0.09418374709197135,0.16936211431368217,0.219801608309103,0.08756301745143971,0.13613470534569144,0.10674063435964547,0.09213817210521988,0.0940760010232468
242,242.0,242.7,0.09479016167870655,0.16864981080151356,0.22222566219470244,0.08810801513587888,0.13672170622635016,0.1073082215342277,0.09338665290677672,0.0888097695218438
243,243.0,243.7,0.09408165965441503,0.17280635601069033,0.22944563520414912,0.08733203672832152,0.13101320420205867,0.10531766822788491,0.0925431981159535,0.08746024185652665
244,244.0,244.7,0.09270864256109526,0.17434084807487973,0.23249226423664338,0.08566634020325894,0.12866876941544797,0.1099505336967013,0.09062530922776194,0.08554729258421132
245,245.0,245.7,0.09158737919987495,0.1744202079784864,0.2301290517676203,0.0842676510158323,0.1266817051884268,0.11406736557357619,0.08901444758820587,0.08983219168797699
246,246.0,246.7,0.09064628668908933,0.17040101993436227,0.2372698652735233,0.08312893004654867,0.12495009884364909,0.1177096063961239,0.08774655769179937,0.0881476351249038
247,247.0,247.7,0.09020218228498073,0.16923227784909425,0.2385276288521399,0.08568042236149913,0.12380039349929099,0.12134769312089402,0.08388303674058412,0.08732636529151666
248,248.0,248.7,0.0885395351122905,0.16761221681655114,0.2390828541943093,0.09362636984618405,0.120359968548823,0.11772426163447833,0.08771787311415792,0.08533692073320555
249,249.0,249.7,0.08848416412668696,0.16739073287413697,0.23974730602155186,0.09351562787497697,0.12030459756321946,0.11864928280573754,0.08662673898608808,0.08528154974760199
250,250.0,250.7,0.08728267555677735,0.16618924430422735,0.23766862446918607,0.09140504839597643,0.12728492717512802,0.12095656616565247,0.08542525041617846,0.08378766351687367
251,251.0,251.7,0.0859862713825562,0.16571466991900424,0.23823063451856016,0.09103618225599647,0.1269689151577696,0.12379844888513618,0.0850563842761985,0.08320849360477842
252,252.0,252.7,0.08627711086198356,0.16616743832442082,0.24550615542316262,0.08763386114233028,0.12862250387365812,0.12212741623707175,0.08007747890564115,0.08358803523173146
253,253.0,253.7,0.08541104141218556,0.16800790424932296,0.2479860611039101,0.08654765841836777,0.1270037907680928,0.11947373310645619,0.08339109276180212,0.08217871817986233
254,254.0,254.7,0.08478318673228355,0.16612857147072538,0.2467392273889669,0.09023053386556962,0.13161162145545507,0.11720990570362495,0.0822361160027307,0.08106083738064357
255,255.0,255.7,0.0850812936596811,0.16891790646829838,0.2448828720738015,0.08108990561510157,0.13279808563963097,0.11605873726870367,0.08608990561510158,0.0850812936596811
256,256.0,256.7,0.08479887218045111,0.171359649122807,0.244938596491228,0.08076315789473681,0.13227756892230574,0.11577631578947367,0.08552506265664159,0.08456077694235588
257,257.0,257.7,0.08372238913968236,0.16823503564105063,0.24850241362647374,0.08418045488346237,0.12823238791283903,0.11571631626518844,0.07905224975525724,0.09235875277604598
258,258.0,258.7,0.08331727768798705,0.1659288190832813,0.24759695262784506,0.08771805806702829,0.1316296480026457,0.11397787148015981,0.07840869351853333,0.09142267953251933
259,259.0,259.7,0.0824289111525617,0.16489533296155987,0.24708102737662566,0.08679963335448593,0.13754114826708713,0.11302540238063186,0.07845180726752941,0.0897767372395182
260,260.0,260.7,0.0817501781208875,0.16410347775793996,0.24689249042338285,0.08608319293216314,0.14263164600464368,0.11234666934895765,0.07773536684520663,0.08845697856681836
261,261.0,261.7,0.08171389365064075,0.16395833987695302,0.24732790406634364,0.08201062399166968,0.14164298058201602,0.11231038487871092,0.08261517885709412,0.08842069409657163
262,262.0,262.7,0.08147904194080954,0.16020952915193226,0.249610137738241,0.0819912271699759,0.14082754183548618,0.11557142092891841,0.08223532269709029,0.08807577853754613
263,263.0,263.7,0.08090834532578364,0.15746155393763336,0.2549092387960841,0.08089164028266657,0.1393381492625488,0.11735184243824288,0.08211667677791842,0.08702255317912193
264,264.0,264.7,0.08055725992796928,0.15655540747073923,0.2561479274179502,0.08041693326590348,0.13831703469003237,0.11918020618249447,0.08241831352815332,0.0864069175167573
265,265.0,265.7,0.08043410721860968,0.1559396439239412,0.2584878288957828,0.08029378055654388,0.13770127114323433,0.11881074805441565,0.08204885540007449,0.08628376480739769
266,266.0,266.7,0.07996734259892152,0.14750322776638564,0.26452469557732716,0.08476772739930633,0.13477456266929946,0.12144743171058958,0.08154983418141311,0.08546517809675701
267,267.0,267.7,0.07949115212273104,0.14702703729019515,0.2635723146249462,0.0878629654945444,0.1323936102883471,0.11739981266297053,0.08107364370522262,0.09117946381104272
268,268.0,268.7,0.0794682266691247,0.14492735576065308,0.2643595829880964,0.08628628813853972,0.1312471304503168,0.11751664961327753,0.08523585648105311,0.09095890989893837
269,269.0,269.7,0.07885586524911004,0.14386725323943117,0.2657931729427557,0.08891736674446347,0.12496656626532517,0.11651117325079952,0.08532538716252441,0.09576321514559036
270,270.0,270.7,0.06697951073981964,0.13929243228319813,0.26705239980462514,0.09014534717644004,0.1280902117560348,0.1247098042423798,0.08675640544658812,0.0969738885509141
271,271.0,271.7,0.06593716800630044,0.1457364920360814,0.264261938631811,0.0890693344092508,0.12493625514619582,0.12366746150886061,0.08568039267939889,0.10071095758210076
272,272.0,272.7,0.06593716800630044,0.14138866594912486,0.26081366276974205,0.0890693344092508,0.12493625514619582,0.12711573737092957,0.0900282187663554,0.10071095758210076
273,273.0,273.7,0.06507382266592365,0.14565292254112067,0.26738754711807106,0.08763778813433644,0.12481607899425118,0.12659302310013842,0.0847094392246791,0.09812937822147921
274,274.0,274.7,0.06408276511845841,0.1418211424977605,0.27065359135361355,0.08631673429469469,0.13358678217043415,0.12418186914926199,0.0836034391484782,0.09575367626729824
275,275.0,275.7,0.06355857157007132,0.1346168414224917,0.27633907522458123,0.08568501386458717,0.13201420152527282,0.1295850949557136,0.0829717187183707,0.09522948271891116
276,276.0,276.7,0.06309627947620028,0.13352467919875052,0.27956817069051887,0.08469025423824861,0.12963962872964743,0.1289561361951759,0.08697695909203214,0.0935478923794261
277,277.0,277.7,0.06309627947620028,0.13352467919875052,0.27634236423890596,0.0879160606898615,0.12963962872964743,0.1289561361951759,0.08697695909203214,0.0935478923794261
278,278.0,278.7,0.06309627947620028,0.13029887274713764,0.27634236423890596,0.09114186714147442,0.12963962872964743,0.1289561361951759,0.08697695909203214,0.0935478923794261
279,279.0,279.7,0.0624426514911157,0.1328000913095267,0.2812734245564638,0.08979375947082355,0.12774140141599766,0.1274785956425829,0.08572965787299416,0.09274041824049535
280,280.0,280.7,0.06121043379890928,0.1304740811467218,0.2840382344012108,0.08914565231602435,0.1258377874394208,0.12602411061916505,0.08545517612554814,0.09781452415299964
281,281.0,281.7,0.06080795092760064,0.12817336742541452,0.28388314393767744,0.09086108938862122,0.1289278901988557,0.12523938282737912,0.08499651639954477,0.09711065889490642
282,282.0,282.7,0.06068500537033304,0.1276533366087735,0.28907992103064095,0.09061519827408604,0.12852085373249716,0.12170734636102062,0.08475062528500957,0.09698771333763882
283,283.0,283.7,0.060515232823511324,0.13221008191185185,0.2885804114327707,0.093694456599246,0.12280302300603833,0.12139512367174876,0.08412617990646584,0.09667549064836696
284,284.0,284.7,0.06002510282680239,0.13251132428546267,0.2864819360777164,0.09212797726960878,0.12178518485004228,0.1246572879207551,0.08323922451293149,0.09917196225668068
285,285.0,285.7,0.06401918675897744,0.1327143622393941,0.28638421239856326,0.09331206394295202,0.12255266779699567,0.12239981699641458,0.08183739995553946,0.0967802899111632
286,286.0,286.7,0.06385727152559437,0.13547275588288943,0.2859703100302904,0.09282266776911384,0.1223907525636126,0.121395064108759,0.08164952418217716,0.09644165393756297
287,287.0,287.7,0.06366233885002585,0.13770380525021902,0.2875357255418348,0.0921947071798816,0.12192844020889973,0.1229962438175382,0.07789074804833626,0.0960879911032643
288,288.0,288.7,0.06347762852300054,0.13694704686537715,0.28576557371475697,0.09160006130060573,0.12149162904153825,0.12451138460212866,0.08045354532650356,0.09575313062608884
289,289.0,289.7,0.06286943766809917,0.13449780079771004,0.28929150309594953,0.09060320875770056,0.1251907974939962,0.12611456284607372,0.07987827294202064,0.09155441639844994
290,290.0,290.7,0.06292755683588813,0.13569930164543728,0.2910681146131271,0.08960134786197174,0.12502369143655995,0.12612215979352914,0.07887121817317341,0.09068660964031298
291,291.0,291.7,0.0628248957281133,0.1400224046283886,0.2946727996878954,0.0894930103052124,0.1249210303287851,0.11875429732130376,0.07872761346776305,0.09058394853253815
292,292.0,292.7,0.06235175719117956,0.142487732428946,0.29420691231627866,0.08903717879493148,0.12425026333335334,0.11912054957703185,0.0784347963626745,0.09011080999560442
293,293.0,293.7,0.06172691946714156,0.14385435544658137,0.29607060290425813,0.08789843666714739,0.12551764628418416,0.1179590134636006,0.07760199602425577,0.08937102974283076
294,294.0,294.7,0.06154433003329436,0.14423325542595483,0.29494349877626613,0.08730242027355775,0.1250124762051757,0.11746962714704648,0.07718767225982844,0.09230671987887605
295,295.0,295.7,0.06096900379137219,0.1457552734131681,0.292763630868894,0.08607034270850059,0.12396806394174813,0.11682873498005075,0.08225012232906967,0.09139482796719636
296,296.0,296.7,0.06125444751431591,0.14646820631360105,0.2926242910420542,0.08640313491629278,0.1206820790932633,0.11711417870299448,0.08282100977495713,0.09263265264252105
297,297.0,297.7,0.06125444751431591,0.15046820631360106,0.2926242910420542,0.08640313491629278,0.1166820790932633,0.11711417870299448,0.08282100977495713,0.09263265264252105
298,298.0,298.7,0.060111374371242775,0.15242083026622497,0.2936416160593792,0.08211868175683965,0.11644809685928106,0.12010347656729232,0.08275725371120106,0.0923986704085388
299,299.0,299.7,0.05995115733602574,0.151935572280967,0.2956440730618362,0.08169075382891171,0.1159955989067831,0.12045359941741518,0.08228837574232309,0.09204086942573783
300,300.0,300.7,0.05988680727167568,0.15183100342639816,0.2962714861892493,0.08164249128064915,0.11592320508438927,0.1202766367404525,0.08219989440384175,0.09196847560334401
301,301.0,301.7,0.05975949358241509,0.15160008021981125,0.29849035876210417,0.08127457011626782,0.11578799000448395,0.11939767794113973,0.08198477397854434,0.09170505539523353
302,302.0,302.7,0.059636415814609,0.1513772129934678,0.29974305206453794,0.08092311544894984,0.1156571494669216,0.11943335828164132,0.08177743229171339,0.09145226363815899
303,303.0,303.7,0.059661217401910584,0.1515012209299757,0.2994206314296173,0.08097271862355301,0.11568195105422316,0.1194581598689429,0.08182703546631656,0.09147706522546058
304,304.0,304.7,0.059636415814609,0.1529397129934678,0.30061957645478177,0.08092311544894984,0.1156571494669216,0.11943335828164132,0.07933840790146951,0.09145226363815899
305,305.0,305.7,0.061092766882240544,0.15652549205180782,0.30168857458331144,0.0805846784794153,0.1155750389960916,0.11877052771789609,0.07923225896910105,0.08653066232013598
306,306.0,306.7,0.06446495025442392,0.15424887977519558,0.3018957747905116,0.08025315814789498,0.1152668286878813,0.1184623174096858,0.07904318878003087,0.08636490215437581
307,307.0,307.7,0.06396752546855762,0.1520183256095494,0.3011060349431529,0.08323795312331819,0.1149242932360088,0.11989165349712669,0.07881031425871483,0.08604389986357139
308,308.0,308.7,0.06355416918420136,0.15261042337993583,0.3013121184058741,0.08282459683896193,0.11465603873915087,0.12050059198272493,0.07864326339307778,0.08589879807607305
309,309.0,309.7,0.0635115434382508,0.15248254614208417,0.3016318115005032,0.08278197109301139,0.1146347258661756,0.12047927910974965,0.07860063764712724,0.08587748520309778
310,310.0,310.7,0.06312530798454909,0.15051924207982958,0.3018274279779788,0.08239573563930966,0.11438413687495692,0.12022869011853095,0.0817776205842301,0.08574183874061472
311,311.0,311.7,0.06276248589069565,0.15190389407783914,0.3020217119614495,0.08203291354545623,0.11414896238716998,0.11999351563074404,0.0815223253720971,0.08561419113454824
312,312.0,312.7,0.062420942905184004,0.15007281350840102,0.3022143327398835,0.08481637055994459,0.11392778766860771,0.11977234091218177,0.08128158883819836,0.08549382286759886
313,313.0,313.7,0.0623828911548035,0.14995865825725946,0.3024997208677374,0.08477831880956407,0.11390876179341747,0.11975331503699152,0.08124353708781784,0.08547479699240862
314,314.0,314.7,0.06234586783010894,0.15119893963452716,0.30142604445159527,0.08474129548486951,0.1138902501310702,0.11973480337464423,0.0812065137631233,0.08545628533006132
315,315.0,315.7,0.0591848317940729,0.15107281350840102,0.3017143327398836,0.08470525944883348,0.11387223211305215,0.1228417853566262,0.08117047772708726,0.0854382673120433
316,316.0,316.7,0.05956357783455625,0.15374316068567645,0.3070499271059274,0.08293103406235844,0.11144327708267654,0.12131953065510977,0.08050941588099977,0.08344007669269525
317,317.0,317.7,0.062264399027664896,0.15205349214349143,0.30755853381744375,0.08252795120496177,0.11120292180519695,0.12086584450181537,0.0802380095244952,0.08328884797493047
318,318.0,318.7,0.06195127606681008,0.1504569816857614,0.30719227289659945,0.08214605016079123,0.11184339767517881,0.12328782015706603,0.07997840911682644,0.08314379224096641
319,319.0,319.7,0.06181127961102414,0.1494378935614101,0.30487309110373345,0.08219123889019049,0.10836070103458743,0.126127874839226,0.08018232800495584,0.08701559295487236
320,320.0,320.7,0.06164570444544898,0.14879224291575946,0.3076527188833612,0.08176111346006505,0.10807950075338717,0.12571439942575058,0.0797522025748304,0.08660211754139696
321,321.0,321.7,0.06138802222574143,0.1500299947864227,0.30783729976414465,0.08142835616528245,0.10791312210599587,0.12532279555313403,0.07956959543019795,0.08651081396908072
322,322.0,322.7,0.061143005390118355,0.1485678839414005,0.3080193405657724,0.08111221557432506,0.10775505181051717,0.12758293293902093,0.07939570234990914,0.08642386742893633
323,323.0,323.7,0.06087844565147986,0.146877127237624,0.3080029100881251,0.0830827210676744,0.10656525052839363,0.130439958734972,0.07810563165362047,0.08604795503811034
324,324.0,324.7,0.06068459191456902,0.14546434019832186,0.31808733790999233,0.08324370709382149,0.10632055682684971,0.1223750953470633,0.07772311212814645,0.08610125858123568
325,325.0,325.7,0.06048522522556162,0.14480425676056993,0.31610044608766913,0.08502440859259275,0.10602909535488732,0.12466755729498025,0.07730869167569818,0.08558031900804065
326,326.0,326.7,0.05934454975738527,0.1434241862138327,0.31511601798941985,0.0843409870758379,0.10827304081021487,0.12620302423695123,0.07709855703466924,0.08619963688168869
327,327.0,327.7,0.05906248898078872,0.14450856967642442,0.3145250366386724,0.08367342360451464,0.10798348378174427,0.1274944284092675,0.07684458325986795,0.08590798564871999
328,328.0,328.7,0.058843521901356534,0.14207592952398845,0.3192278872008536,0.08307944394076754,0.10776451670231209,0.1266336612694306,0.0766809871660393,0.08569405229525172
329,329.0,329.7,0.0609576868062191,0.14101884707155715,0.3190693248329889,0.08281517332765971,0.10760595433444738,0.1263165365337012,0.07657527892079616,0.08564119817263018
330,330.0,330.7,0.06090718175571406,0.14091783697054705,0.31805922382288787,0.08251214302462942,0.10755544928394234,0.12803370825087293,0.07652477387029114,0.08548968302111502
331,331.0,331.7,0.06084993594937891,0.1385247151313373,0.3193866129712569,0.08260778509498154,0.10778587085658183,0.13133291312492135,0.0770134769858782,0.08249868988566379
332,332.0,332.7,0.06166524028767807,0.14158706126900777,0.31547264031957784,0.08292099596283098,0.10229151682070517,0.13429072314613233,0.07352074303562935,0.08825107915843831
333,333.0,333.7,0.061246890635779073,0.14077933487553862,0.3215523179533432,0.0825098895385142,0.10076298276475334,0.13373475217017133,0.07306617724581928,0.08634765481608077
334,334.0,334.7,0.061246890635779073,0.1429532479190169,0.3193784049098649,0.0825098895385142,0.10076298276475334,0.13373475217017133,0.07306617724581928,0.08634765481608077
335,335.0,335.7,0.061017550518603615,0.14392842522398142,0.32043838024134813,0.0820126647466548,0.10057989611658806,0.13292531646249325,0.07292934406666418,0.08616842262366632
336,336.0,336.7,0.06089831756335612,0.14390263260283334,0.3211336998845141,0.08184910555027256,0.10047595339782958,0.13268839502033053,0.07289876359368619,0.08615313238717734
337,337.0,337.7,0.0606988637001182,0.14276624284269773,0.32329518304962857,0.08160713468023192,0.1003337094594079,0.13241860006150066,0.07278434374405371,0.0860959224623611
338,338.0,338.7,0.060664653319334426,0.14271196496515737,0.3271542995697719,0.08180167699778677,0.1003067206725915,0.12849569391026286,0.07271452589994562,0.08615046466514933
339,339.0,339.7,0.06042435720088705,0.1447279713677184,0.3265976769207123,0.08152756735392923,0.10011424368179518,0.12805471751970662,0.07252084842895723,0.0860326175262938
340,340.0,340.7,0.06021928508939782,0.14560027731489064,0.3261907736635416,0.0812901666085071,0.10076794648523062,0.127640360041178,0.07235977242830902,0.08593141836894493
341,341.0,341.7,0.06021811950949864,0.14562504275446905,0.32914400220079776,0.07935312948002471,0.10075323260564303,0.126572525923,0.07232473609918888,0.08600921142737769
342,342.0,342.7,0.06009785825190302,0.14538381646242104,0.330899896962734,0.07905451834745465,0.10063332323647581,0.12596263678255906,0.07217115483626206,0.08579679512019013
343,343.0,343.7,0.05998090556988557,0.14629883163381857,0.33064419989645644,0.07957326883097947,0.1005166229304203,0.12537330923822018,0.07202141956835424,0.08559144233186511
344,344.0,344.7,0.059893227272760266,0.14694928149118086,0.329261338364747,0.0813563388331739,0.10041604140748854,0.1248164626286086,0.07190148320671282,0.0854058267953279
345,345.0,345.7,0.059893227272760266,0.14694928149118086,0.329261338364747,0.0813563388331739,0.10041604140748854,0.1248164626286086,0.07190148320671282,0.0854058267953279
346,346.0,346.7,0.059822659526330445,0.14678800866439076,0.32919730890761406,0.08128577108674409,0.10034583689935299,0.12463197240618733,0.07179916942853695,0.08612927308084314
347,347.0,347.7,0.059753378732905614,0.1466298903418471,0.3291328825890959,0.08121649029331926,0.10027682579897854,0.12523787694135843,0.07169864254087391,0.08605401276162104
348,348.0,348.7,0.059710317709283575,0.14656222301901245,0.3288683648725605,0.08117342926969721,0.10022146162575021,0.12584688284687023,0.07162482364323611,0.08599249701358956
349,349.0,349.7,0.05955948814668931,0.14746720039457806,0.3287552427006148,0.08098489231645438,0.10010833945380448,0.12562063850297883,0.07154940886193897,0.08595478962294098
350,350.0,350.7,0.059595756161393974,0.1468140470190527,0.3333629425778564,0.08189190533937037,0.1001808919387559,0.11814669585383406,0.0735450382699673,0.08646272283976907
351,351.0,351.7,0.060513547534725855,0.15514653371417184,0.3183680110807528,0.08401634004416712,0.09702519215453595,0.12420240443899448,0.07655751362553964,0.0841704574071121
352,352.0,352.7,0.06031303345917105,0.1559133757908197,0.31870991599260884,0.08354676161602562,0.09683942840710236,0.12437446080470878,0.07635991170963911,0.08394311221992436
353,353.0,353.7,0.060068980187946694,0.15469084774649952,0.31830555102449504,0.08494381897290085,0.0966345545975408,0.12553964837330972,0.07611804496313035,0.08369855413417673
354,354.0,354.7,0.05990192570020678,0.15543979076594439,0.31794919277645994,0.08474543616435892,0.09649286540138406,0.12591069002036115,0.07595250365009823,0.08360759552118632
355,355.0,355.7,0.059739829630461885,0.1544375098190797,0.3176000810882147,0.08455309206073622,0.09807928330594663,0.1255169220744673,0.07579129566120706,0.08428198635988632
356,356.0,356.7,0.059648475184764425,0.1547573473899499,0.31615899119878327,0.08444528306898721,0.09967007598374081,0.1253251314676326,0.0757291638923068,0.08426553181383477
