Total_iterations,Unnamed: 0.1,Intertwine_two,Add_vertex,Delete_vertex,Invert_path_vertices,Insert_inside_vertex,Delete_inside_vertex,Replace_inside_vertex,Donate_between_routes
0,0.0,0.125,0.125,0.125,0.125,0.125,0.125,0.125,0.125
1,1.0,0.125,0.125,0.125,0.125,0.125,0.125,0.125,0.125
2,2.0,0.125,0.125,0.125,0.125,0.125,0.125,0.125,0.125
3,3.0,0.125,0.125,0.125,0.125,0.125,0.125,0.125,0.125
4,4.0,0.125,0.125,0.125,0.125,0.125,0.125,0.125,0.125
5,5.0,0.125,0.125,0.125,0.125,0.125,0.125,0.125,0.125
6,6.0,0.125,0.125,0.125,0.125,0.125,0.125,0.125,0.125
7,7.0,0.125,0.125,0.125,0.125,0.125,0.125,0.125,0.125
8,8.0,0.125,0.125,0.125,0.125,0.125,0.125,0.125,0.125
9,9.0,0.125,0.125,0.125,0.125,0.125,0.125,0.125,0.125
10,10.0,0.125,0.125,0.125,0.125,0.125,0.125,0.125,0.125
11,11.0,0.125,0.125,0.125,0.125,0.125,0.125,0.125,0.125
12,12.0,0.125,0.125,0.125,0.125,0.125,0.125,0.125,0.125
13,13.0,0.125,0.125,0.125,0.125,0.125,0.125,0.125,0.125
14,14.0,0.125,0.125,0.125,0.125,0.125,0.125,0.125,0.125
15,15.0,0.125,0.125,0.125,0.125,0.125,0.125,0.125,0.125
16,16.0,0.125,0.125,0.125,0.125,0.125,0.125,0.125,0.125
17,17.0,0.125,0.125,0.125,0.125,0.125,0.125,0.125,0.125
18,18.0,0.125,0.125,0.125,0.125,0.125,0.125,0.125,0.125
19,19.0,0.125,0.125,0.125,0.125,0.125,0.125,0.125,0.125
20,20.0,0.125,0.125,0.125,0.125,0.125,0.125,0.125,0.125
21,21.0,0.125,0.125,0.125,0.125,0.125,0.125,0.125,0.125
22,22.0,0.125,0.125,0.125,0.125,0.125,0.125,0.125,0.125
23,23.0,0.125,0.125,0.125,0.125,0.125,0.125,0.125,0.125
24,24.0,0.125,0.125,0.125,0.125,0.125,0.125,0.125,0.125
25,25.0,0.125,0.125,0.125,0.125,0.125,0.125,0.125,0.125
26,26.0,0.125,0.125,0.125,0.125,0.125,0.125,0.125,0.125
27,27.0,0.125,0.125,0.125,0.125,0.125,0.125,0.125,0.125
28,28.0,0.125,0.125,0.125,0.125,0.125,0.125,0.125,0.125
29,29.0,0.125,0.125,0.125,0.125,0.125,0.125,0.125,0.125
30,30.0,0.125,0.125,0.125,0.125,0.125,0.125,0.125,0.125
31,31.0,0.125,0.125,0.125,0.125,0.125,0.125,0.125,0.125
32,32.0,0.125,0.125,0.125,0.125,0.125,0.125,0.125,0.125
33,33.0,0.125,0.125,0.125,0.125,0.125,0.125,0.125,0.125
34,34.0,0.125,0.125,0.125,0.125,0.125,0.125,0.125,0.125
35,35.0,0.125,0.125,0.125,0.125,0.125,0.125,0.125,0.125
36,36.0,0.125,0.125,0.125,0.125,0.125,0.125,0.125,0.125
37,37.0,0.125,0.125,0.125,0.125,0.125,0.125,0.125,0.125
38,38.0,0.125,0.125,0.125,0.125,0.125,0.125,0.125,0.125
39,39.0,0.125,0.125,0.125,0.125,0.125,0.125,0.125,0.125
40,40.0,0.125,0.125,0.125,0.125,0.125,0.125,0.125,0.125
41,41.0,0.125,0.125,0.125,0.125,0.125,0.125,0.125,0.125
42,42.0,0.125,0.125,0.125,0.125,0.125,0.125,0.125,0.125
43,43.0,0.125,0.125,0.125,0.125,0.125,0.125,0.125,0.125
44,44.0,0.125,0.125,0.125,0.125,0.125,0.125,0.125,0.125
45,45.0,0.125,0.125,0.125,0.125,0.125,0.125,0.125,0.125
46,46.0,0.125,0.125,0.125,0.125,0.125,0.125,0.125,0.125
47,47.0,0.125,0.125,0.125,0.125,0.125,0.125,0.125,0.125
48,48.0,0.125,0.125,0.125,0.125,0.125,0.125,0.125,0.125
49,49.0,0.125,0.125,0.125,0.125,0.125,0.125,0.125,0.125
50,50.0,0.125,0.125,0.125,0.125,0.125,0.125,0.125,0.125
51,51.0,0.125,0.125,0.125,0.125,0.125,0.125,0.125,0.125
52,52.0,0.125,0.125,0.125,0.125,0.125,0.125,0.125,0.125
53,53.0,0.125,0.125,0.125,0.125,0.125,0.125,0.125,0.125
54,54.0,0.125,0.125,0.125,0.125,0.125,0.125,0.125,0.125
55,55.0,0.125,0.125,0.125,0.125,0.125,0.125,0.125,0.125
56,56.0,0.125,0.125,0.125,0.125,0.125,0.125,0.125,0.125
57,57.0,0.125,0.125,0.125,0.125,0.125,0.125,0.125,0.125
58,58.0,0.125,0.125,0.125,0.125,0.125,0.125,0.125,0.125
59,59.0,0.125,0.125,0.125,0.125,0.125,0.125,0.125,0.125
60,60.0,0.125,0.125,0.125,0.125,0.125,0.125,0.125,0.125
61,61.0,0.125,0.125,0.125,0.125,0.125,0.125,0.125,0.125
62,62.0,0.125,0.125,0.125,0.125,0.125,0.125,0.125,0.125
63,63.0,0.125,0.125,0.125,0.125,0.125,0.125,0.125,0.125
64,64.0,0.125,0.125,0.125,0.125,0.125,0.125,0.125,0.125
65,65.0,0.125,0.125,0.125,0.125,0.125,0.125,0.125,0.125
66,66.0,0.125,0.125,0.125,0.125,0.125,0.125,0.125,0.125
67,67.0,0.125,0.125,0.125,0.125,0.125,0.125,0.125,0.125
68,68.0,0.125,0.125,0.125,0.125,0.125,0.125,0.125,0.125
69,69.0,0.125,0.125,0.125,0.125,0.125,0.125,0.125,0.125
70,70.0,0.125,0.125,0.125,0.125,0.125,0.125,0.125,0.125
71,71.0,0.125,0.125,0.125,0.125,0.125,0.125,0.125,0.125
72,72.0,0.125,0.125,0.125,0.125,0.125,0.125,0.125,0.125
73,73.0,0.125,0.125,0.125,0.125,0.125,0.125,0.125,0.125
74,74.0,0.125,0.125,0.125,0.125,0.125,0.125,0.125,0.125
75,75.0,0.125,0.125,0.125,0.125,0.125,0.125,0.125,0.125
76,76.0,0.125,0.125,0.125,0.125,0.125,0.125,0.125,0.125
77,77.0,0.125,0.125,0.125,0.125,0.125,0.125,0.125,0.125
78,78.0,0.125,0.125,0.125,0.125,0.125,0.125,0.125,0.125
79,79.0,0.125,0.125,0.125,0.125,0.125,0.125,0.125,0.125
80,80.0,0.125,0.125,0.125,0.125,0.125,0.125,0.125,0.125
81,81.0,0.125,0.125,0.125,0.125,0.125,0.125,0.125,0.125
82,82.0,0.125,0.125,0.125,0.125,0.125,0.125,0.125,0.125
83,83.0,0.125,0.125,0.125,0.125,0.125,0.125,0.125,0.125
84,84.0,0.125,0.125,0.125,0.125,0.125,0.125,0.125,0.125
85,85.0,0.125,0.125,0.125,0.125,0.125,0.125,0.125,0.125
86,86.0,0.125,0.125,0.125,0.125,0.125,0.125,0.125,0.125
87,87.0,0.125,0.125,0.125,0.125,0.125,0.125,0.125,0.125
88,88.0,0.125,0.125,0.125,0.125,0.125,0.125,0.125,0.125
89,89.0,0.125,0.125,0.125,0.125,0.125,0.125,0.125,0.125
90,90.0,0.125,0.125,0.125,0.125,0.125,0.125,0.125,0.125
91,91.0,0.125,0.125,0.125,0.125,0.125,0.125,0.125,0.125
92,92.0,0.125,0.125,0.125,0.125,0.125,0.125,0.125,0.125
93,93.0,0.125,0.125,0.125,0.125,0.125,0.125,0.125,0.125
94,94.0,0.125,0.125,0.125,0.125,0.125,0.125,0.125,0.125
95,95.0,0.125,0.125,0.125,0.125,0.125,0.125,0.125,0.125
96,96.0,0.125,0.125,0.125,0.125,0.125,0.125,0.125,0.125
97,97.0,0.125,0.125,0.125,0.125,0.125,0.125,0.125,0.125
98,98.0,0.125,0.125,0.125,0.125,0.125,0.125,0.125,0.125
99,99.0,0.125,0.125,0.125,0.125,0.125,0.125,0.125,0.125
100,100.0,0.125,0.125,0.125,0.125,0.125,0.125,0.125,0.125
101,101.0,0.125,0.125,0.125,0.125,0.125,0.125,0.125,0.125
102,102.0,0.125,0.125,0.125,0.125,0.125,0.125,0.125,0.125
103,103.0,0.125,0.125,0.125,0.125,0.125,0.125,0.125,0.125
104,104.0,0.125,0.125,0.125,0.125,0.125,0.125,0.125,0.125
105,105.0,0.125,0.125,0.125,0.125,0.125,0.125,0.125,0.125
106,106.0,0.125,0.125,0.125,0.125,0.125,0.125,0.125,0.125
107,107.0,0.125,0.125,0.125,0.125,0.125,0.125,0.125,0.125
108,108.0,0.125,0.125,0.125,0.125,0.125,0.125,0.125,0.125
109,109.0,0.125,0.125,0.125,0.125,0.125,0.125,0.125,0.125
110,110.0,0.125,0.125,0.125,0.125,0.125,0.125,0.125,0.125
111,111.0,0.125,0.125,0.125,0.125,0.125,0.125,0.125,0.125
112,112.0,0.125,0.125,0.125,0.125,0.125,0.125,0.125,0.125
113,113.0,0.125,0.125,0.125,0.125,0.125,0.125,0.125,0.125
114,114.0,0.125,0.125,0.125,0.125,0.125,0.125,0.125,0.125
115,115.0,0.125,0.125,0.125,0.125,0.125,0.125,0.125,0.125
116,116.0,0.125,0.125,0.125,0.125,0.125,0.125,0.125,0.125
117,117.0,0.125,0.125,0.125,0.125,0.125,0.125,0.125,0.125
118,118.0,0.125,0.125,0.125,0.125,0.125,0.125,0.125,0.125
119,119.0,0.125,0.125,0.125,0.125,0.125,0.125,0.125,0.125
120,120.0,0.125,0.125,0.125,0.125,0.125,0.125,0.125,0.125
121,121.0,0.125,0.125,0.125,0.125,0.125,0.125,0.125,0.125
122,122.0,0.125,0.125,0.125,0.125,0.125,0.125,0.125,0.125
123,123.0,0.125,0.125,0.125,0.125,0.125,0.125,0.125,0.125
124,124.0,0.125,0.125,0.125,0.125,0.125,0.125,0.125,0.125
125,125.0,0.125,0.125,0.125,0.125,0.125,0.125,0.125,0.125
126,126.0,0.125,0.125,0.125,0.125,0.125,0.125,0.125,0.125
127,127.0,0.125,0.125,0.125,0.125,0.125,0.125,0.125,0.125
128,128.0,0.125,0.125,0.125,0.125,0.125,0.125,0.125,0.125
129,129.0,0.125,0.125,0.125,0.125,0.125,0.125,0.125,0.125
130,130.0,0.125,0.125,0.125,0.125,0.125,0.125,0.125,0.125
131,131.0,0.125,0.125,0.125,0.125,0.125,0.125,0.125,0.125
132,132.0,0.125,0.125,0.125,0.125,0.125,0.125,0.125,0.125
133,133.0,0.125,0.125,0.125,0.125,0.125,0.125,0.125,0.125
134,134.0,0.125,0.125,0.125,0.125,0.125,0.125,0.125,0.125
135,135.0,0.125,0.125,0.125,0.125,0.125,0.125,0.125,0.125
136,136.0,0.125,0.125,0.125,0.125,0.125,0.125,0.125,0.125
137,137.0,0.125,0.125,0.125,0.125,0.125,0.125,0.125,0.125
138,138.0,0.125,0.125,0.125,0.125,0.125,0.125,0.125,0.125
139,139.0,0.125,0.125,0.125,0.125,0.125,0.125,0.125,0.125
140,140.0,0.125,0.125,0.125,0.125,0.125,0.125,0.125,0.125
141,141.0,0.125,0.125,0.125,0.125,0.125,0.125,0.125,0.125
142,142.0,0.125,0.125,0.125,0.125,0.125,0.125,0.125,0.125
143,143.0,0.125,0.125,0.125,0.125,0.125,0.125,0.125,0.125
144,144.0,0.125,0.125,0.125,0.125,0.125,0.125,0.125,0.125
145,145.0,0.125,0.125,0.125,0.125,0.125,0.125,0.125,0.125
146,146.0,0.125,0.125,0.125,0.125,0.125,0.125,0.125,0.125
147,147.0,0.125,0.125,0.125,0.125,0.125,0.125,0.125,0.125
148,148.0,0.125,0.125,0.125,0.125,0.125,0.125,0.125,0.125
149,149.0,0.125,0.125,0.125,0.125,0.125,0.125,0.125,0.125
150,150.0,0.125,0.125,0.125,0.125,0.125,0.125,0.125,0.125
151,151.0,0.125,0.125,0.125,0.125,0.125,0.125,0.125,0.125
152,152.0,0.125,0.125,0.125,0.125,0.125,0.125,0.125,0.125
153,153.0,0.125,0.125,0.125,0.125,0.125,0.125,0.125,0.125
154,154.0,0.125,0.125,0.125,0.125,0.125,0.125,0.125,0.125
155,155.0,0.125,0.125,0.125,0.125,0.125,0.125,0.125,0.125
156,156.0,0.125,0.125,0.125,0.125,0.125,0.125,0.125,0.125
157,157.0,0.125,0.125,0.125,0.125,0.125,0.125,0.125,0.125
158,158.0,0.125,0.125,0.125,0.125,0.125,0.125,0.125,0.125
159,159.0,0.125,0.125,0.125,0.125,0.125,0.125,0.125,0.125
160,160.0,0.125,0.125,0.125,0.125,0.125,0.125,0.125,0.125
161,161.0,0.125,0.125,0.125,0.125,0.125,0.125,0.125,0.125
162,162.0,0.125,0.125,0.125,0.125,0.125,0.125,0.125,0.125
163,163.0,0.125,0.125,0.125,0.125,0.125,0.125,0.125,0.125
164,164.0,0.125,0.125,0.125,0.125,0.125,0.125,0.125,0.125
165,165.0,0.125,0.125,0.125,0.125,0.125,0.125,0.125,0.125
166,166.0,0.125,0.125,0.125,0.125,0.125,0.125,0.125,0.125
167,167.0,0.125,0.125,0.125,0.125,0.125,0.125,0.125,0.125
168,168.0,0.125,0.125,0.125,0.125,0.125,0.125,0.125,0.125
169,169.0,0.125,0.125,0.125,0.125,0.125,0.125,0.125,0.125
170,170.0,0.125,0.125,0.125,0.125,0.125,0.125,0.125,0.125
171,171.0,0.125,0.125,0.125,0.125,0.125,0.125,0.125,0.125
172,172.0,0.125,0.125,0.125,0.125,0.125,0.125,0.125,0.125
173,173.0,0.125,0.125,0.125,0.125,0.125,0.125,0.125,0.125
174,174.0,0.125,0.125,0.125,0.125,0.125,0.125,0.125,0.125
175,175.0,0.125,0.125,0.125,0.125,0.125,0.125,0.125,0.125
176,176.0,0.125,0.125,0.125,0.125,0.125,0.125,0.125,0.125
177,177.0,0.125,0.125,0.125,0.125,0.125,0.125,0.125,0.125
178,178.0,0.125,0.125,0.125,0.125,0.125,0.125,0.125,0.125
179,179.0,0.125,0.125,0.125,0.125,0.125,0.125,0.125,0.125
180,180.0,0.125,0.125,0.125,0.125,0.125,0.125,0.125,0.125
181,181.0,0.125,0.125,0.125,0.125,0.125,0.125,0.125,0.125
182,182.0,0.125,0.125,0.125,0.125,0.125,0.125,0.125,0.125
183,183.0,0.125,0.125,0.125,0.125,0.125,0.125,0.125,0.125
184,184.0,0.125,0.125,0.125,0.125,0.125,0.125,0.125,0.125
185,185.0,0.125,0.125,0.125,0.125,0.125,0.125,0.125,0.125
186,186.0,0.125,0.125,0.125,0.125,0.125,0.125,0.125,0.125
187,187.0,0.125,0.125,0.125,0.125,0.125,0.125,0.125,0.125
188,188.0,0.125,0.125,0.125,0.125,0.125,0.125,0.125,0.125
189,189.0,0.125,0.125,0.125,0.125,0.125,0.125,0.125,0.125
190,190.0,0.125,0.125,0.125,0.125,0.125,0.125,0.125,0.125
191,191.0,0.125,0.125,0.125,0.125,0.125,0.125,0.125,0.125
192,192.0,0.125,0.125,0.125,0.125,0.125,0.125,0.125,0.125
193,193.0,0.125,0.125,0.125,0.125,0.125,0.125,0.125,0.125
194,194.0,0.125,0.125,0.125,0.125,0.125,0.125,0.125,0.125
195,195.0,0.125,0.125,0.125,0.125,0.125,0.125,0.125,0.125
196,196.0,0.125,0.125,0.125,0.125,0.125,0.125,0.125,0.125
197,197.0,0.125,0.125,0.125,0.125,0.125,0.125,0.125,0.125
198,198.0,0.125,0.125,0.125,0.125,0.125,0.125,0.125,0.125
199,199.0,0.125,0.125,0.125,0.125,0.125,0.125,0.125,0.125
200,200.0,0.1255555555555555,0.1244444444444444,0.1255555555555555,0.1244444444444444,0.1244444444444444,0.1255555555555555,0.1244444444444444,0.1255555555555555
201,201.0,0.1256611111111111,0.1245611111111111,0.1276611111111111,0.1235611111111111,0.1235611111111111,0.1257722222222222,0.1235611111111111,0.1256611111111111
202,202.0,0.1254676818181818,0.1262068636363636,0.1301749545454545,0.1223986818181818,0.1223986818181818,0.1255776818181818,0.1223986818181818,0.1253767727272727
203,203.0,0.1251949792424242,0.1284456692424242,0.132564451969697,0.1211845692424242,0.1211845692424242,0.1253028792424242,0.1211845692424242,0.1249383125757575
204,204.0,0.124857736991958,0.1321632005325174,0.1348222222646853,0.119940162091958,0.119940162091958,0.123962667991958,0.119940162091958,0.124373685943007
205,205.0,0.1242109529519302,0.1353714792224087,0.1372900925416272,0.1194261053909302,0.1185170144818393,0.1224130716328393,0.1185170144818393,0.1242542692965855
206,206.0,0.1235256988253469,0.1389151719610435,0.139610569237753,0.1189081543450569,0.117099063435966,0.120842356141356,0.117099063435966,0.1239999226175114
207,207.0,0.12281386463832,0.1427145861304468,0.1417763774203735,0.1183930683754719,0.1157011592845628,0.1192695310618499,0.1157011592845628,0.123630253804412
208,208.0,0.1220586241746615,0.1463045528817451,0.1442675438077311,0.1169500183610487,0.1143086738155942,0.1185930239489067,0.1143086738155942,0.1232088891947183
209,209.0,0.1212746177194185,0.1496728645419833,0.1470073901462476,0.1155071602773445,0.1129377372682536,0.117914533511565,0.1129377372682536,0.1227479592669339
210,210.0,0.1203704973342372,0.1542400298106913,0.149445980979753,0.1140525964858173,0.1115735970895446,0.1171389783845733,0.1115735970895446,0.1216047228258387
211,211.0,0.1192910903706203,0.1581262316696338,0.1526630138552537,0.1125217386957426,0.110148910544969,0.1162075953428238,0.1107371458390866,0.1203042736818701
212,212.0,0.1181044927730268,0.1616320953052358,0.1565457566142832,0.1109745508491078,0.108721005100791,0.1151850542251889,0.1098915933360851,0.1189454517962813
213,213.0,0.1168376878786108,0.1647649942012561,0.1602986820970933,0.1094307046259843,0.1073070484973619,0.1147617612148806,0.1090488720267736,0.1175502494580393
214,214.0,0.1155468336536738,0.1675663650303677,0.1642953870341809,0.1079395830377368,0.1059540641281256,0.1142758269522779,0.1082514047163609,0.1161705354472764
215,215.0,0.1143222435735173,0.1701163468909703,0.1680590264307473,0.1065483248367602,0.1047069846133552,0.1138508749052363,0.1075401406780611,0.1148560580713523
216,216.0,0.1130306482355759,0.1733868010835312,0.1714363815579901,0.1051219673774483,0.1034288013738629,0.113346167483781,0.106774683336157,0.1134745495516534
217,217.0,0.1116316644781256,0.1762117551908257,0.1751880801135186,0.1033985042995656,0.102185297083524,0.1129345078784664,0.1065735526189919,0.1118766383369823
218,218.0,0.1101832327656163,0.1785497168177058,0.1788179373356108,0.1016582836939072,0.1015435551186339,0.1118187285754215,0.1071952945425799,0.1102332511505247
219,219.0,0.1087226679481301,0.1817843602847338,0.1817290340538891,0.099936119232869,0.1009062774156921,0.1106629350987899,0.1076764257790658,0.1085821801868302
220,220.0,0.1078100359654285,0.1847060997724954,0.1840991205418005,0.098315483451498,0.1003474468304318,0.1095507433055952,0.1081623090945924,0.1070087610381581
221,221.0,0.1068524858784154,0.1873309088762011,0.1859717439554321,0.0967030733989805,0.0999888141092055,0.1085042264455199,0.1091160564948071,0.1055326908414385
222,222.0,0.1059505963131641,0.189023767747146,0.1884206262314295,0.0952031342679868,0.0997018622242168,0.1075130247122038,0.1100390255462249,0.1041479629576281
223,223.0,0.1051829189273802,0.1897409658765501,0.1909562910007173,0.0948039374617589,0.0995577208056852,0.1066569468052977,0.1101665004933429,0.1029347186292676
224,224.0,0.1043961037424128,0.1899277338251535,0.1933372891621202,0.0944315336795372,0.0993999700090918,0.1066965518182621,0.1100701190350483,0.1017406987283742
225,225.0,0.1034449480668099,0.1894511928483785,0.1960125130023423,0.0938955725812304,0.0996618868631944,0.1064900393039088,0.1105857616248786,0.100458085709257
226,226.0,0.1024930373284428,0.188627433725731,0.1983909423534894,0.0933267992106659,0.099907512352127,0.1062703066407455,0.1110012221584816,0.0999827462303168
227,227.0,0.1015908388138667,0.18826650645034,0.2011885634658802,0.0927624850626955,0.1001678168359438,0.1060726706487115,0.1104316129774152,0.0995195057451472
228,228.0,0.1007416784592808,0.1877220907981605,0.2038532696138752,0.0923856357736737,0.1004441159521094,0.1059022846024052,0.109817184805162,0.0991337399953332
229,229.0,0.0998815894998913,0.1869834075438995,0.2062886688302795,0.0920461828560587,0.1006323312472098,0.1062466466628171,0.1091336784997537,0.0987874948600904
230,230.0,0.0991003011366962,0.1861277984099082,0.2085551495249717,0.0917834167008783,0.1008374657523357,0.1066195034359006,0.1084565443676198,0.0985198206716894
231,231.0,0.098051981022412,0.1855193083181083,0.2106540643898532,0.0915914524668609,0.1010545573408174,0.107013058022042,0.1077909789476653,0.0983245994922409
232,232.0,0.0970717460121142,0.184793470573514,0.2118939416766118,0.0915591902437801,0.1019818347251912,0.1074086147165448,0.1071070781683622,0.0981841238838818
233,233.0,0.0962772948496746,0.1839993194121645,0.2128758151713684,0.0915836500054974,0.1029053202310457,0.1078111885635066,0.1064436459748834,0.0981037657918593
234,234.0,0.09549204158344,0.1836154704689196,0.2136611670662449,0.0916180359768392,0.1044308194367729,0.1081164276405247,0.1057428854751607,0.0973231523520978
235,235.0,0.0947741898579744,0.1831551964613106,0.2143278226418759,0.0916860538302345,0.1059174314463543,0.108511518426212,0.1050397728063076,0.0965880145297307
236,236.0,0.094075221676846,0.183200039662639,0.2148429984254701,0.0916871702640487,0.1080431467931281,0.1080072287319018,0.1042919091920002,0.0958522852539659
237,237.0,0.0939776927062319,0.182673699749385,0.2149467649632615,0.0914365315312,0.1103461934886758,0.1083707144945993,0.1033177453046376,0.0949306577620088
238,238.0,0.0937826867257745,0.1818817088274958,0.214636999521491,0.0910151149330963,0.1139976126297339,0.1085641234142719,0.1022182556944428,0.0939034982536936
239,239.0,0.0934964576520584,0.1808371183336242,0.2152290021614346,0.0904402077900883,0.1172576814924317,0.1079565661952871,0.1009957479782241,0.0937872183968513
240,240.0,0.0930290823707664,0.1800777190517181,0.2160153521421954,0.0896862000245108,0.1200315497816437,0.1080788710212976,0.0996271218760836,0.0934541037317843
241,241.0,0.0925521680029122,0.1789035112361075,0.2175684131823078,0.0890555294230661,0.1228484047258746,0.1078843530967711,0.0982456734644149,0.0929419468685456
242,242.0,0.0921999023214075,0.1776800798816168,0.2192309054582369,0.0885275005304935,0.1255751372699465,0.1077546084947844,0.0970661429604768,0.0919657230830376
243,243.0,0.0918379155991971,0.1769043434926919,0.2214790933748823,0.0879704818324763,0.127569812046746,0.1074343191527564,0.0958834251273131,0.0909206093739366
244,244.0,0.091397263280428,0.1763186500742584,0.2238867908214054,0.087296210900713,0.1291650097887577,0.1075881787825641,0.0945937879185331,0.0897541084333402
245,245.0,0.0909016636502204,0.1757796839680351,0.2259034520105262,0.0865331994364088,0.130397018930133,0.10816195918622,0.0932323434797678,0.0890906793386886
246,246.0,0.0903683718874516,0.1748791009081262,0.2284747844288961,0.0857099615374009,0.131295513385476,0.1091016396956385,0.0918380755363227,0.0883325526206878
247,247.0,0.0898467780085651,0.1739069211359437,0.231002710771737,0.0851983863448803,0.1319257337154305,0.1103972404935971,0.0901559671136554,0.0875662624161905
248,248.0,0.0892146328430625,0.1728232068048568,0.2334086161953148,0.0855373837802465,0.1320676361151814,0.1113104425893913,0.0889628238668815,0.086675257805065
249,249.0,0.088633414118242,0.171773605612754,0.235697118639249,0.0859122971356147,0.1320727345007333,0.1122889647831828,0.0877674320244508,0.0858544331857732
250,250.0,0.0879886759089971,0.1706649869554844,0.2375894045573763,0.0861146945149397,0.1326576746395457,0.1134639662738122,0.0865600235788885,0.084960573570956
251,251.0,0.0872717110997323,0.1695750152989068,0.2393494550877463,0.0863128690811445,0.1330987920880969,0.1148805818862454,0.0854251216322574,0.0840864538258702
252,252.0,0.086642672322165,0.1686007141947297,0.2416498644498477,0.0861982272111108,0.1335998578940785,0.1160776113426177,0.083902131969673,0.0833289206157774
253,253.0,0.0859862748627728,0.1678835570347573,0.2440067863535468,0.0860007855949964,0.1338391722687012,0.1169500675892359,0.0828245561283229,0.0825088001676665
254,254.0,0.0853269793468238,0.1670514257850681,0.2460431254428854,0.0861968444134473,0.1344469844595918,0.1175341321260813,0.0817449055615354,0.0816556028645667
255,255.0,0.084757986149064,0.1665722126169617,0.2476971561112343,0.0854995714195275,0.1350843082197695,0.1179414311015254,0.0811635111170757,0.0812838232648414
256,256.0,0.0842208831982634,0.1664085519696302,0.2491632133141167,0.084795254294919,0.1355829857063956,0.1182609310931739,0.0806330357661963,0.0809351446573046
257,257.0,0.0836356221282878,0.1659983070103879,0.2507968003420066,0.084462777617642,0.1355942231755715,0.1185176349801921,0.0795572469291708,0.0814373878167409
258,258.0,0.0830692436902542,0.1654208321775996,0.2521535387000893,0.0845144856991076,0.1358704445541831,0.1185468108128555,0.0785196313804363,0.081905012985474
259,259.0,0.0824731467824587,0.1648028360849748,0.2532774448365193,0.0845012162248516,0.1366677858558624,0.1184321327589729,0.0775889793828559,0.0822564580735041
260,260.0,0.0818683439059764,0.1641683790500163,0.2542081424893831,0.0844406138270852,0.1379031764252416,0.1182069819035276,0.0766883768216479,0.0825159855771214
261,261.0,0.0813192112122668,0.1635822049175343,0.2550161552205965,0.0839952405660969,0.1389634460912142,0.1179421145610565,0.0763762856179851,0.0828053418132492
262,262.0,0.0808054534413288,0.1626835284753925,0.2558947075343359,0.0835726187832938,0.1398629402608445,0.1179735202610299,0.0761198068510793,0.083087424392695
263,263.0,0.0802927376709767,0.1615751821628004,0.2571524690245247,0.0830664865739069,0.1405331917719645,0.1181558065486172,0.075938266527407,0.0832858597198022
264,264.0,0.0798023410144266,0.1604459195525265,0.2583858909255968,0.08254174842087,0.1410223562496266,0.1184946609407672,0.0758668280136305,0.0834402548825555
265,265.0,0.0793562179417309,0.1593291017277822,0.2597075811492685,0.0820359206606511,0.1413739747092468,0.1187695395333116,0.075831102393569,0.0835965618844395
266,266.0,0.0789188096071047,0.1574464294917184,0.2614885914961926,0.0820106489596893,0.1413610334398514,0.11928101071743,0.0758112247437126,0.0836822515443006
267,267.0,0.0784880083882403,0.1556049734143887,0.2630266237539975,0.0823249990227437,0.1410454263515948,0.1193582370883062,0.0758031019055998,0.0843486300751287
268,268.0,0.0781080261832466,0.1536519154305957,0.2644950365310464,0.0825056260086101,0.1405602138277283,0.1194198402728722,0.0762647180468775,0.0849946236990227
269,269.0,0.0777184080616095,0.1517009073963604,0.2659586124904269,0.0829691047777816,0.1394023353039752,0.1193557035961378,0.0767788370265163,0.0861160913471917
270,270.0,0.0761914908730822,0.1494091815283561,0.2674000991445796,0.0835685163329004,0.1385282514912819,0.1200893983827815,0.0774701114379577,0.0873429508090602
271,271.0,0.074620911328723,0.1478898667299889,0.268414914022636,0.0840661537642238,0.1373218000015215,0.1206916934760049,0.0780775200716224,0.088917140605279
272,272.0,0.0731205523055756,0.1460661670558238,0.2689418900727717,0.0845640592588651,0.1361121382121839,0.1216083443264414,0.079134999176694,0.0904518495916441
273,273.0,0.0716120608077124,0.1448044879972077,0.2699922746796964,0.0849140723280547,0.1348996661559258,0.1224361325952,0.0796637846129874,0.0916775208232151
274,274.0,0.0700899303234711,0.1432942831855564,0.2712381779738667,0.085124215864424,0.134584675751295,0.1229815955470445,0.0800795480441484,0.0926075733101936
275,275.0,0.0686075218807652,0.1411999373406653,0.2729221934595141,0.0852620981884483,0.1341339473868025,0.1240248375203719,0.0804258020002257,0.0934236622232066
276,276.0,0.0671766355698358,0.1391399788987075,0.2747948857608412,0.0852909454741978,0.1334696371205815,0.1249564619946662,0.0811634137652429,0.0940080414159268
277,277.0,0.0658480343290629,0.137229863303946,0.2762054610361711,0.085633481764174,0.1328334577970732,0.1258349207635362,0.0818853998070263,0.09452938119901
278,278.0,0.0646247756638388,0.1351511267824473,0.2774763478159954,0.0862871708595708,0.1322289581152415,0.1266567458098355,0.0825861028374815,0.094988772115589
279,279.0,0.0634431951047522,0.1334818632289843,0.279101912113822,0.0867892272411819,0.131469192376372,0.127271628200099,0.0831359140055328,0.0953070677292554
280,280.0,0.0622465453962172,0.1317401072953925,0.2808631160907672,0.0872063125914484,0.1305577639041281,0.1276816435234193,0.083629233320709,0.096075277877918
281,281.0,0.0611189512554318,0.1299297953215425,0.282464441806769,0.0877726265111937,0.1299992887904049,0.1279556092061864,0.0840456141598156,0.0967136729486558
282,282.0,0.0600887119697199,0.1282309471844521,0.284439499681776,0.0882886045562852,0.1294452435555028,0.1278218124102528,0.0844052768259553,0.0972799038160557
283,283.0,0.0591504822919031,0.1271518822856218,0.2862135050229839,0.0890841765665615,0.1283655758732149,0.1276090283644931,0.0846699821722172,0.0977553674230041
284,284.0,0.0582707100875132,0.1262614301102979,0.2876239313586635,0.0896896462431734,0.1272364656148844,0.1276816001012825,0.084814083421842,0.0984221330623427
285,285.0,0.0578958674241727,0.1255428258896512,0.2888721227400503,0.0903773609297227,0.1262425018694339,0.1274909244501537,0.084787843501676,0.0987905531951391
286,286.0,0.057603550697176,0.1252436368189161,0.2899292256430563,0.0909767115603656,0.1252948446344657,0.1271679300008348,0.084715935560729,0.0990681650844561
287,287.0,0.0573835095836062,0.1252997627826272,0.2909975706507885,0.0914717906311084,0.1243666809668146,0.126979624308405,0.0842446766867071,0.0992563843899426
288,288.0,0.0572297898413552,0.1253986407361589,0.2917474475239501,0.0918651263723371,0.1234632701416132,0.1269218294587685,0.0840132841415205,0.0993606117842961
289,289.0,0.0570931013746555,0.125358190348863,0.292715110909823,0.0921167926344351,0.1230004008331771,0.1270060274699238,0.083711906224254,0.0989984702048683
290,290.0,0.0570336570343391,0.1255333311895578,0.2937294330306876,0.0922279703419831,0.1225890118164491,0.1270736507284706,0.0833016242890071,0.0985113215695054
291,291.0,0.0570288300152924,0.1262249279490371,0.2949761782627669,0.0922909302983002,0.1222328423868176,0.1263882105045908,0.0828737060155855,0.0979843745676093
292,292.0,0.0570351325015852,0.1272318725794177,0.296048626448728,0.0922740319080267,0.1218720950800257,0.1257316003968388,0.082417836933519,0.0973888041518588
293,293.0,0.0570314872137409,0.1284273436470191,0.2971817817335663,0.0921125806128711,0.1216979424815293,0.1249583871803209,0.0818844443201089,0.0967060328108435
294,294.0,0.0570569018338302,0.1296954277237932,0.2980777992888285,0.0918655313684149,0.1215288851730083,0.1241435629166322,0.0813201341086384,0.096311757586854
295,295.0,0.0570671166497131,0.131134283468633,0.2986348852927017,0.0914743481809501,0.1213071282793183,0.1232793925049169,0.0812771753067511,0.0958256703170158
296,296.0,0.0571438732277186,0.1326467568284773,0.2990636161692655,0.0911015224782864,0.1208055579467731,0.1224656769314188,0.0813053305998644,0.0954676658181956
297,297.0,0.0572540598907896,0.1345461973471885,0.2993850807069008,0.0907189954702692,0.1199529098589474,0.1216798179329863,0.0813458271554173,0.0951171116375007
298,298.0,0.0572789244494814,0.1366101762989551,0.2997085233958566,0.0899031172415686,0.1191294200488491,0.1212258182285269,0.0813906502752347,0.0947533700615273
299,299.0,0.0573136053479999,0.1385773380966919,0.3001391984427978,0.089048189688098,0.1183162161926152,0.1208410073629134,0.0813977693205423,0.0943666755483413
300,300.0,0.0573647586701119,0.1404709091710409,0.3005445960439765,0.0882003542765563,0.117553887166907,0.12047310723671,0.0814042343916887,0.0939881530430084
301,301.0,0.0574232857771022,0.1422656317598499,0.3010886100437756,0.0873349316597716,0.1168379627149539,0.1200521365382331,0.0813964975133123,0.0936009439930011
302,302.0,0.057487014474666,0.1439519398517433,0.3016775094610214,0.0864603022224985,0.1161700469273352,0.1196702863576831,0.0813746829187428,0.0932082177863095
303,303.0,0.057568344474603,0.1455562706595153,0.3021559322990857,0.0856227241786776,0.1155662739026044,0.1193267320731578,0.0813640375948202,0.0928396848175356
304,304.0,0.0576599900450892,0.147203467095564,0.3026790543471654,0.0848174435662272,0.1150215547931326,0.1190163673363128,0.0811102240255202,0.0924918987909883
305,305.0,0.0579078704229852,0.1491018842528209,0.3032361692243663,0.0840199040368956,0.114529452494263,0.118674925926231,0.0808534587586728,0.091676334883765
306,306.0,0.0585000300649025,0.1506570345446806,0.3037428166881565,0.0832346141717703,0.1140661952594775,0.1183377636442531,0.0805872510017074,0.0908742946250518
307,307.0,0.0590428804659366,0.151869532843095,0.3041013550018553,0.0827965182304612,0.1136270165372674,0.1181784967368713,0.0803089359460902,0.0900752642384227
308,308.0,0.0595393566484579,0.1530214790163711,0.3044146946298695,0.0823653106037759,0.11321790300458,0.1181131819363901,0.0800267610925972,0.0893013130679582
309,309.0,0.0600220707634894,0.1540413322921701,0.3046976438423051,0.0819775540275159,0.1128619508952094,0.1180761414291228,0.0797547061728633,0.0885686005773237
310,310.0,0.0604527846483952,0.1547472819726629,0.3049412014578267,0.0815979937341667,0.1125342628473637,0.1180417774502667,0.0798160143535557,0.0878686835357621
311,311.0,0.0608308701687867,0.155478821485979,0.3051486939753447,0.0812280846798185,0.1122343248957998,0.1180092015472001,0.0798652782572723,0.0872047249897986
312,312.0,0.0611563089958069,0.1559183497169382,0.3053234294988154,0.0811815605210103,0.1119614096424498,0.1179776089034194,0.0799021125883757,0.086579220133184
313,313.0,0.0614580451041808,0.1562440542376021,0.3054781393151351,0.0811722317034343,0.1117335471071773,0.1179652202565853,0.0799452530738288,0.0860035092020559
314,314.0,0.0617351537297541,0.1565983624841229,0.3054802263237346,0.0811961943062077,0.1115483718060598,0.117970100256004,0.0799933600184071,0.0854782310757095
315,315.0,0.06167455503017,0.156850633064883,0.3054703916415817,0.0812496080568868,0.1114033310165023,0.1183028374848655,0.0800451842023711,0.0850034595027394
316,316.0,0.0616329935722317,0.1572869331097299,0.3059575392752314,0.0811548144077699,0.1110545878138285,0.1184954649994067,0.0800369727185771,0.0843806941032246
317,317.0,0.0618449762220213,0.157475198571633,0.3064577566949747,0.0810469540343709,0.1107205702963626,0.1186517018037214,0.0800071661791363,0.0837956761977795
318,318.0,0.0620086425388029,0.1574307693772914,0.3068823340518839,0.0809264995656007,0.1104888256327298,0.1190566539201107,0.0799566886863263,0.083249586227254
319,319.0,0.0621413689136078,0.1572191364130336,0.3070356348822628,0.0808348049225993,0.1099455314918257,0.1197474279554466,0.0799318680359152,0.0831442273853087
320,320.0,0.0622409642413489,0.1568862892521202,0.3074299429697813,0.0807228315405615,0.1094125984323195,0.1203915815147391,0.0798690215072231,0.0830467705419061
321,321.0,0.0622988792163862,0.1566295615310009,0.3078055060957621,0.0805991625864442,0.1089029898372355,0.1209853875099509,0.0797930307276131,0.082985482495607
322,322.0,0.0623173924404509,0.1561862998300455,0.3081620349259913,0.0804645384044312,0.1084186363947997,0.1217892007246619,0.079705015364961,0.0829568819146582
323,323.0,0.062295854497742,0.1555421044699215,0.3084798408818308,0.0805469039616535,0.1078571023225522,0.1228562725196406,0.0794937013387947,0.0829282200078644
324,324.0,0.0622429108871503,0.1547344001695568,0.309769539716336,0.0806624897368284,0.1073143337694335,0.1230859876584839,0.0792513860658459,0.0829389519963649
325,325.0,0.0621597417789912,0.153848757355741,0.3108147574670949,0.0809703992579329,0.1067867581550046,0.1235148685551203,0.0789765775355702,0.0829281398945447
326,326.0,0.0619540768692961,0.1528232267626813,0.3117098675191587,0.0812197157685981,0.1065287580195502,0.1240659349436887,0.0786915575356204,0.0830068625814062
327,327.0,0.0617146771017917,0.1519146971696983,0.312490429935644,0.0814085569941368,0.1062850450227008,0.1247124060035646,0.078393712153176,0.0830804756192875
328,328.0,0.0614507987218845,0.1507796952458372,0.3136835672337292,0.0815417647968507,0.1060607910051836,0.1252359734675262,0.0780938004106601,0.0831536091183282
329,329.0,0.061398651902249,0.1495654476119007,0.3147969777648906,0.0816506015494216,0.1058601434096029,0.1256894485895378,0.0777991808854252,0.0832395482869719
330,330.0,0.0613422596085663,0.1483770577258533,0.3157407606126068,0.0817298973142148,0.1056919681777782,0.126275564250507,0.077516733788017,0.0833257585224563
331,331.0,0.0612814311850898,0.1469936024369367,0.316746088722491,0.081818650166668,0.1055822874374616,0.1271505702727878,0.0773014821127311,0.0831258876658337
332,332.0,0.0613039010854337,0.1459700384176228,0.3172858919987066,0.0819377401699439,0.1049561752017801,0.128275680123483,0.0767556021586804,0.0835149708443491
333,333.0,0.0612859024225758,0.1449242283894072,0.3183615501938859,0.0820136430883895,0.1042131742002609,0.129292832321739,0.0761865050298232,0.0837221643539181
334,334.0,0.0612693135081357,0.1441589417332222,0.3191441589427941,0.0820869181794917,0.1035099713845385,0.1302526884986538,0.0756431143360117,0.0839348934171519
335,335.0,0.0612312252446985,0.1435556445350102,0.3199568468096304,0.0821073729958881,0.102831310299374,0.1310704361238244,0.0751146100227639,0.0841325539688101
336,336.0,0.0611828857648194,0.1430138256013943,0.3207626131884168,0.0821084793285142,0.1021876069090222,0.1318012656456484,0.0746140454339821,0.0843292781282021
337,337.0,0.0611165891645897,0.1424214376551408,0.321707662112797,0.0820826842030912,0.1015769329287516,0.1324409040131539,0.0741349425007123,0.0845188474217631
338,338.0,0.0610493239316599,0.1418863087676342,0.3229599930061219,0.0820741673267374,0.1010121952331329,0.1326240648892684,0.0736832620887921,0.0847106847566528
339,339.0,0.0609609089040551,0.1416145499711096,0.3240733716108449,0.0820363662703438,0.100477628862391,0.1327035283289259,0.0732476946090765,0.0848859514432529
340,340.0,0.0608554626510302,0.1414883318629207,0.3250599650824771,0.0819735172558831,0.1000582555572609,0.1326871215686725,0.0728323078154666,0.0850450382062886
341,341.0,0.0607540826897015,0.1414183315640284,0.3262545301464823,0.0817164159235465,0.0996864451039648,0.1325151044573517,0.072450230714434,0.0852048594004905
342,342.0,0.0606454549669441,0.1413732757777248,0.3275341229008239,0.0814315307467514,0.0993504926340983,0.1322398743577754,0.0720897482510595,0.0853355003648223
343,343.0,0.0605305187811103,0.1414643324940383,0.3286938444137226,0.0812032390119952,0.0990492936866367,0.1318704621379707,0.0717511545730838,0.0854371549014422
344,344.0,0.0604128122520351,0.1416596735158544,0.3296188111769879,0.081159783749124,0.0987828297740659,0.1314173349501878,0.0714371292766941,0.0855116253050505
345,345.0,0.0603016805260746,0.1418883765152423,0.3304477065358042,0.0811226395633804,0.0985593443690864,0.1309435117579674,0.0711591500492437,0.0855775906832008
346,346.0,0.0601905206655341,0.1421286909817717,0.3311754457313149,0.0810844900142661,0.0983697540241753,0.1304373513714333,0.0709061606982953,0.0857075865132089
347,347.0,0.0600798701003131,0.14237575534622,0.3318041870071859,0.0810452401514456,0.0982119824324697,0.1299843436874173,0.0706773476809779,0.0858212735939703
348,348.0,0.0599727135755779,0.1426338878918963,0.3323168893396352,0.0810073216739636,0.0980851000162769,0.1295900726948934,0.0704742470242275,0.0859197677835289
349,349.0,0.0598585657883939,0.1429959882718327,0.3327325239769743,0.0809560024248629,0.0979809572406035,0.1291751724687526,0.0702954207212124,0.0860053691073674
350,350.0,0.0597564688049817,0.1433012753974503,0.3335275923255401,0.0810008053018797,0.0979157578131246,0.1280188226606536,0.070346579870709,0.0861326978256606
351,351.0,0.059754753530808,0.1444444101962342,0.332742014192062,0.0812624823620495,0.0975641596912279,0.1274849574238124,0.0707258552248057,0.0860213673789998
352,352.0,0.0597407463165354,0.1456569369579838,0.3319254443320044,0.0814785724502093,0.0972237553314107,0.1269888588173786,0.07110575943591,0.0858799263585675
353,353.0,0.059709457367994,0.1467285226274547,0.3310179396777472,0.0818334411568988,0.0968930607573759,0.1266327448483215,0.0714760280739904,0.0857088054902172
354,354.0,0.0596681870937323,0.1478474672831136,0.3300384257775796,0.0821640884902252,0.0965786816595305,0.1263384154761252,0.0718391358858508,0.0855255983338425
355,355.0,0.0596171716259869,0.1488302126133484,0.3290010597685931,0.082468250156598,0.0964535240993445,0.1260298649920015,0.0721909457952786,0.0854089709488487
356,356.0,0.0595633488404912,0.149802740139704,0.3278093115847583,0.0827520631762,0.0965162191550225,0.1257278610664313,0.0725373650355329,0.0852910910018596
357,357.0,0.0595044601619594,0.1508066570311243,0.326611760439176,0.0830103027989844,0.0965900589796346,0.1254322562261307,0.0728725857640583,0.085171918598932
358,358.0,0.0594367934815224,0.1518277401505958,0.3253949472441886,0.0832379465158909,0.0967433725191797,0.1251261101728296,0.0731868663968148,0.0850462235189781
359,359.0,0.0593654443264864,0.1527066643851712,0.3243749468647907,0.0836235505104802,0.0969012346818723,0.1241816725469489,0.0739174212236232,0.084929065460627
360,360.0,0.0592816451814581,0.153424791485035,0.3234380716404827,0.0839457707403351,0.097284842365195,0.1232170924320063,0.0746141018501285,0.0847936843053592
361,361.0,0.059403658882316,0.154167618478274,0.322472808136779,0.084216511515815,0.0976613212419153,0.1222600160663886,0.0751675973128281,0.0846504683656839
362,362.0,0.059527671987494,0.1548365417309099,0.3214599750799271,0.0845793400010445,0.0980412866462215,0.1213471313090782,0.0756959347144722,0.0845121185308526
363,363.0,0.059652037869167,0.1554314361591116,0.3207293012590059,0.0849163548647232,0.0984204869931412,0.1202747112353135,0.0761962432089792,0.0843794284105584
364,364.0,0.059765659677283,0.1561374205203358,0.3199546291603422,0.0852119391855054,0.0987806824435357,0.1192400053899154,0.076659009799171,0.0842506538239115
365,365.0,0.0598794277108046,0.1567794915901455,0.3190267016076766,0.085484857470772,0.0991343014335514,0.1182658827710376,0.077299333859293,0.0841300035567192
366,366.0,0.0599836862654955,0.1573491165856235,0.3182384057348612,0.0857091369371404,0.0994742137186458,0.1173432711801761,0.0778970530003904,0.0840051165776672
367,367.0,0.0600803871257593,0.1578588249778377,0.3175642488229978,0.08589097531189,0.0997994125574937,0.1164767571373898,0.0784512171319477,0.083878176934684
368,368.0,0.0601718141015283,0.1582950247783926,0.3169758555787343,0.086045135357395,0.1001093648308774,0.1156779904916209,0.0789655611075371,0.0837592537539143
369,369.0,0.0602598785750284,0.1586710470343527,0.3164487000641783,0.0861774398331934,0.1004036448043767,0.1149493333013922,0.0794400726347667,0.0836498837527114
370,370.0,0.059997401536367,0.1590732838930026,0.3161891415999662,0.0863031743284209,0.100695299985168,0.1143078881161291,0.0798812013816616,0.0835526091592846
371,371.0,0.0597301635198099,0.1594132896640672,0.3159616500591998,0.0864048881857684,0.1009631676155077,0.1137931414909678,0.0802747504550002,0.0834589490096788
372,372.0,0.0594575840519156,0.159769071573872,0.315780470186182,0.0864730258405923,0.1011974998215928,0.1133295003319783,0.0806203009421969,0.08337254725167
373,373.0,0.0591786078139533,0.1601343615870254,0.3156912995983338,0.0865054456556757,0.1013928549559388,0.1128978885246858,0.0809121586269039,0.0832873832374831
374,374.0,0.0589873812671713,0.1614742275660021,0.3144037175188273,0.0867786880460377,0.101641264097147,0.1124281362612891,0.0809915424124634,0.083295042831062
375,375.0,0.058771248446287,0.1631872799144381,0.3131373992567898,0.0869422748752891,0.101830114722303,0.1118996167193502,0.0809494408324371,0.0832826252331055
