,Unnamed: 0,Generation,Intertwine_two,Add_vertex,Delete_vertex,Invert_path_vertices,Insert_inside_vertex,Delete_inside_vertex,Replace_inside_vertex,Donate_between_routes,Merge_terminals,Trim_one_terminal_cb,Trim_one_path_random_cb,Grow_one_terminal_cb,Grow_one_path_random_cb
0,0.0,0.0,0.0769230769230769,0.0769230769230769,0.0769230769230769,0.0769230769230769,0.0769230769230769,0.0769230769230769,0.0769230769230769,0.0769230769230769,0.0769230769230769,0.0769230769230769,0.0769230769230769,0.0769230769230769,0.0769230769230769
1,1.0,1.0,0.09044819802412048,0.06498370699769963,0.07611669271320662,0.06879789881109608,0.07753481833511476,0.08242754910337169,0.07063544307883837,0.06352325061108079,0.061592201792620795,0.10226918371516458,0.07126859843552871,0.09420559388789232,0.07619686449426517
2,2.0,2.0,0.0899857797389384,0.08635655477388772,0.08399977105606521,0.08431428973420267,0.058553342043845026,0.08951020798470374,0.06621709383656801,0.07639777249504089,0.05356826032048445,0.08081049095406091,0.0761842190651814,0.09105395869375242,0.0630482593032692
3,3.0,3.0,0.08626795186022444,0.08270270464328779,0.06973928025724731,0.08540691708828414,0.06852737674101567,0.08346166268316066,0.06384275709950213,0.06894791895207104,0.06466179436512788,0.08697188036093387,0.06892131865879422,0.09440960887818402,0.07613882841216682
4,4.0,4.0,0.08600387170275285,0.08144933457874183,0.06953346652382224,0.07511684138142642,0.07415710484640045,0.08726067035213048,0.06602317626431167,0.06977953702502249,0.06169063247608085,0.08120955534841838,0.07628665602808885,0.10051125427585787,0.07097789919694568
5,5.0,5.0,0.08011367958775549,0.07749791794447534,0.07308392027203664,0.08288732726154655,0.0880019544328466,0.07513018328242696,0.06763327150609771,0.06864587600908237,0.06266223379038376,0.0947311001038473,0.06412594430370913,0.09663872841244527,0.06884786309334694
6,6.0,6.0,0.09077152478603945,0.07464808135948504,0.07043906156941994,0.07769535966101085,0.0794603172376733,0.08225808853255015,0.058194091771651434,0.06825133469922987,0.06925359425285083,0.09479771913782992,0.06286902081768632,0.09930012819268456,0.07206167798188835
7,7.0,7.0,0.08312341235619582,0.08064093103312793,0.08295919442004833,0.08632155732901794,0.05963200523104347,0.08407168238129788,0.06734385475414614,0.053023057740903455,0.05465999429071537,0.09671287676399476,0.07384455979533575,0.09683576488202413,0.08083110902214904
8,8.0,8.0,0.10854299928079536,0.0838124935431949,0.07852947325946277,0.079413715255809,0.06697890480617794,0.09197219839329415,0.05623948512985094,0.05827422855878846,0.05588266477942144,0.08397608941368011,0.05855203941708057,0.11470039249783097,0.06312531566461348
9,9.0,9.0,0.08523800295259834,0.08633141504752778,0.08377587496260107,0.09449592305586958,0.05036682531071943,0.08394470760962139,0.07039629976715973,0.055609485265016675,0.05291442351445993,0.09745166185949099,0.0605990343415166,0.10267985674179873,0.07619648957161984
10,10.0,10.0,0.08981126275161085,0.08476093690342724,0.07412567504348683,0.08502168079358129,0.05620560944666171,0.08227750020678486,0.07624513605706616,0.08989014055550354,0.045458541053187494,0.10157710770367176,0.061678108045115906,0.09645871945591626,0.05648958198398615
11,11.0,11.0,0.09546236782821776,0.07664315537311817,0.07370964787112551,0.06758411324143701,0.06278036816566988,0.07633904885881244,0.07085337538780831,0.05990152088053248,0.05595131887183989,0.09966539656237378,0.07434096214808243,0.11174609477825226,0.07502263003273005
12,12.0,12.0,0.08036012944924587,0.08669240304258784,0.09000381041576998,0.09244018246373749,0.05246946910202936,0.10219747844497744,0.07615827365181924,0.04487738743379387,0.042158036433424445,0.11053278992456309,0.07199565931751307,0.08865081246339465,0.06146356785714365
13,13.0,13.0,0.09289587929529221,0.07215501346790922,0.07160575870505424,0.07581616120568792,0.07100895249185249,0.08591142871512578,0.058038928454027416,0.07518064920074377,0.046871302693687736,0.1017890668859744,0.08093806630017675,0.10532955790823037,0.06245923467623776
14,14.0,14.0,0.07460292731363818,0.07611757836242757,0.09763767073438583,0.097609726321698,0.07085114769776484,0.08859638097547835,0.052834517993916794,0.05603740276537543,0.03876547594048697,0.11771031847091422,0.04209084610997961,0.11536367603377262,0.07178233128016162
15,15.0,15.0,0.08859175331059314,0.08987624952815855,0.08227967176205023,0.07788964716492695,0.07955743442355191,0.08554473912261598,0.05529123890875979,0.05774329825719262,0.05425489037594204,0.10885404712025046,0.06547432639621723,0.09544813117737289,0.05919457245236822
16,16.0,16.0,0.07800018843225962,0.08261636973876724,0.06888351755851368,0.10020926137238328,0.05555718409366994,0.07816710697477686,0.07320922001982565,0.05361055762413234,0.052723919533566276,0.10981198831144319,0.07190005548717181,0.09807402309056083,0.07723660776292929
17,17.0,17.0,0.07953294340902871,0.08770833563658627,0.08828124579190363,0.08176846811142315,0.07294338767588132,0.08140646613392905,0.04840093996302946,0.06724749062097676,0.041401669235445686,0.10488591079430062,0.06293307177805565,0.1208544744201507,0.06263559642928905
18,18.0,18.0,0.08807285258707388,0.08756415015886607,0.07766695358086467,0.09244551221092905,0.06905275894301757,0.08522628281957331,0.053910933782867654,0.05406097314169807,0.04197551168462345,0.12120566489592548,0.07143482482037632,0.09529200308284275,0.062091578291341765
19,19.0,19.0,0.06644811069526624,0.08538974208751758,0.1016967495099663,0.08802975101328667,0.06866166360824122,0.08427707913429147,0.05586544413366466,0.05304686927614536,0.050528865660895525,0.09555204235766727,0.07450626730900778,0.10845825979298376,0.0675391554210662
20,20.0,20.0,0.060964837084901614,0.08448980990176447,0.09583214108334731,0.08716094364412108,0.08317681978935929,0.07478803266767496,0.05706879882046219,0.04714567456627974,0.03963360383410272,0.12098781306120668,0.07175580661193079,0.10161642342952645,0.07537929550532278
21,21.0,21.0,0.06600881120532534,0.09210543177895054,0.07855567901603851,0.08670952425372289,0.0652885508955364,0.09132326349120892,0.0408243348016226,0.09793318492756128,0.0476728049911211,0.12375963817007656,0.0530684681364428,0.10719316310129112,0.04955714523110198
22,22.0,22.0,0.10771340775104703,0.07423071834004129,0.10387631348301758,0.1089121824011429,0.050080541865730986,0.08532236266018985,0.04913309629487091,0.04525112569930479,0.04087002038936126,0.12045417742431433,0.04823297630051034,0.11651088432471515,0.049412193065753555
23,23.0,23.0,0.09315598554648055,0.10451602680701622,0.09713276647608554,0.06566213496383659,0.04123791457191634,0.09529870765703283,0.05082178914519671,0.03522681810481276,0.04144433109653954,0.12285219586724756,0.06683378230710207,0.12865652117201334,0.057161026284720015
24,24.0,24.0,0.07168949264597128,0.09080667007788684,0.10455308952543747,0.07305758883752413,0.06401283156097431,0.09474797103585549,0.06871014391809678,0.055418500438104715,0.048793976224250704,0.12781059746281018,0.049909935330889305,0.11180539596862031,0.0386838069735785
25,25.0,25.0,0.07799865402854471,0.08340464322900762,0.10975497866451926,0.06540357634958766,0.10109640944151566,0.07917768686761276,0.05089402635520205,0.04493581582402166,0.029223682349027502,0.10558909945432,0.04797897037907565,0.12070920887103018,0.08383324818653534
26,26.0,26.0,0.08972427976908055,0.08814177599222746,0.10492302132999605,0.06652358276093438,0.06397460795723028,0.07507746295958823,0.05338162111291496,0.05210681924573883,0.05013748661651464,0.11278115533418309,0.06430172794654623,0.12626208308237075,0.05266437589267457
27,27.0,27.0,0.08638845025721101,0.06281603712981551,0.09464003184236991,0.10408572755806085,0.06399751697809286,0.08291902661734099,0.05434133091467722,0.0431923009104586,0.04216609802590497,0.12357648970234505,0.07592766761470154,0.10516038957790189,0.06078893287111965
28,28.0,28.0,0.07998629074931225,0.08686504668154273,0.08257510161430577,0.0738046186078401,0.06325323550099088,0.1060461781770932,0.06278464054964847,0.05181694920453791,0.0433064110434938,0.1319806382868923,0.06026907435371283,0.09597599086996733,0.0613358243606625
29,29.0,29.0,0.06162413004907682,0.06376244437463192,0.09231911573451047,0.08729891475617899,0.07593879004304527,0.08971898842484041,0.04839005008745202,0.058897303717399915,0.062250157604454105,0.11682510939320445,0.08584587482664643,0.09401235717737748,0.06311676381118177
30,30.0,30.0,0.10756469578366516,0.07473561169467592,0.0949076846791564,0.06802830879551225,0.05972754033690345,0.07548234489440123,0.06462010763217434,0.046767932117855376,0.034588184551633844,0.12920942202601285,0.06709343293625308,0.12351879359668139,0.053755940955074785
31,31.0,31.0,0.09452334754887552,0.08506349640171922,0.08825585834951324,0.06576775297651043,0.0496597136319082,0.0923991803399296,0.066969320771833,0.042150093278328596,0.04006675649715096,0.1273648492776679,0.06377306804252758,0.11705345027714627,0.06695311260688956
32,32.0,32.0,0.078991192233936,0.09099652735494017,0.10580611279784484,0.07918860010715549,0.061534230291735284,0.09494023722480045,0.05663301375549005,0.04362151836884805,0.02970523357649458,0.11942906383357325,0.07464468115255495,0.10587142850385331,0.0586381607987736
33,33.0,33.0,0.0738106776165117,0.08677782421352381,0.11243830702622166,0.06479807374714527,0.06513696822870789,0.08200227929283507,0.08464664533166823,0.049218159243216764,0.028315626590958997,0.12715926614492484,0.05459129588751828,0.11477277444110175,0.05633210223566586
34,34.0,34.0,0.08099051229499199,0.10744254372560882,0.0976653191947673,0.08047541471755484,0.05304782383664847,0.09442382796191505,0.04598728990776343,0.055958617554363745,0.048229592669280286,0.12231664501283543,0.045708662279800756,0.11926381817764087,0.04848993266682903
35,35.0,35.0,0.07767269970816208,0.079532357586571,0.09891336205214551,0.08816891587697583,0.05389663072467734,0.11150212805045194,0.04958362868399469,0.060457663510915104,0.04218100959393866,0.12264302231072739,0.05202312420513773,0.10657204423374438,0.05685341346255827
36,36.0,36.0,0.07893771270841406,0.09656880566556003,0.09743698612607632,0.09491710063037763,0.05045183700333737,0.08929555085646872,0.03958514596209071,0.046768603396653625,0.0621745012822712,0.11952994962958981,0.053678706665350226,0.10913262335889029,0.0615224767149201
37,37.0,37.0,0.0880678716202825,0.09217939008969285,0.10478903003963962,0.08505186600002591,0.05820668436247919,0.0855400371777755,0.05287877453568455,0.039344162656025035,0.03983151328416013,0.11899189177230227,0.06010474652648329,0.1055319035104042,0.069482128425045
38,38.0,38.0,0.07678454893844164,0.08317785210212447,0.08909270545927528,0.08312029824557773,0.06231264565114294,0.10379262337283116,0.04704614536508775,0.051597244030898194,0.04525171155953978,0.11629348326285867,0.07406161196326505,0.10631738872458622,0.0611517413243712
39,39.0,39.0,0.08700349631000709,0.09212546268911638,0.09326654426924162,0.09017454070305211,0.05131271051279416,0.08807837743266637,0.05228477488536513,0.05285983784525383,0.03429875620949514,0.13358194352071578,0.07060910429340352,0.086694470528424,0.06770998080046496
40,40.0,40.0,0.0813296418659242,0.08466086109673063,0.10206252887825924,0.0787276935400557,0.07759297640274178,0.10542490813174159,0.03610216994421913,0.049266094452906126,0.029723978367664394,0.12264225906753567,0.0760965490888311,0.09290458136399386,0.06346575779939664
41,41.0,41.0,0.07254013133286949,0.07366081252944583,0.0872137376225868,0.09635664391539925,0.07331647782467797,0.08679692588137453,0.05921318533565154,0.04589247078769153,0.053326499521118884,0.1292180602180152,0.05720323890600267,0.09423654082791164,0.07102527529725469
42,42.0,42.0,0.07464477370661363,0.08480113965467062,0.09874028377581166,0.06721700786261518,0.05940665329562935,0.08385676346627298,0.05298839413480359,0.08252385566347455,0.037913891575260754,0.11836196405841955,0.057698974916831194,0.12918333492280717,0.05266296296678981
43,43.0,43.0,0.07840822787841462,0.09869472349140097,0.08898466966850785,0.07745523080464163,0.05981983991480403,0.09852487452061054,0.07409606937117356,0.04298300936540858,0.04116453810703147,0.1114545790324247,0.0693389327488387,0.09767109181904379,0.061404213277699585
44,44.0,44.0,0.0667886055331267,0.08732427279198281,0.09601371229454787,0.0811869332901791,0.07030790285493037,0.11612612821437684,0.050342348420268815,0.04563219125145793,0.03210088239004062,0.11614362550252141,0.08140526883240531,0.10509942093593494,0.05152870768822733
45,45.0,45.0,0.07664142399859379,0.08942209090197796,0.09345303282301876,0.06633429058927812,0.07210346179598728,0.0923572335776419,0.05128724228700356,0.056338098263766366,0.037569428279457244,0.14130391735266057,0.05912812102049433,0.09889752771802482,0.0651641313920954
46,46.0,46.0,0.0532313335233177,0.10287159600331845,0.10607423339379381,0.08403335259939279,0.06804669949420525,0.08421206329596598,0.04600919799477675,0.04793448924939912,0.05259713648750171,0.1123545035398928,0.06642148909501709,0.1122328953745861,0.06398100994883246
47,47.0,47.0,0.08166512615236479,0.08602921566429073,0.11168106982973333,0.08600447454498472,0.04898617786905808,0.10537665830345828,0.06057496472510769,0.037268089997393984,0.027771815351556817,0.12103287456685505,0.06689466690207874,0.10139992579009802,0.0653149403030198
48,48.0,48.0,0.07227520100497668,0.08899276260239623,0.11229776505443587,0.07948197569491582,0.05456010036633628,0.08851318515744261,0.04957550123995071,0.075755121577775,0.0482071813114804,0.107879065465292,0.03591625097979899,0.11992692964233051,0.06661895990286895
49,49.0,49.0,0.08464084127608687,0.09776222880372973,0.09403970470907061,0.07254559094338588,0.08210475273539848,0.10197543164361392,0.04153186133724522,0.04764527860553557,0.028719718090482783,0.10917244668298572,0.06500335297710687,0.11664800206997986,0.05821079012537859
50,50.0,50.0,0.08571903527912053,0.09769130257177605,0.09709398198536819,0.0521878809584093,0.06032741118867787,0.0831956538324004,0.05542545535676725,0.045408109983017995,0.06226755471635844,0.10731308912388267,0.04255401776105723,0.09706433662695454,0.1137521706162096
51,51.0,51.0,0.07784950408381436,0.08763316182855817,0.0970517973783668,0.10046935869384103,0.07683464916238401,0.10583622958655267,0.047192953845813956,0.039497471074152024,0.041268514540284046,0.10433612740264779,0.06236164652297734,0.11284919176592774,0.046819394114680064
52,52.0,52.0,0.10783372828665486,0.07924928648922075,0.07413844326470269,0.08321971034359976,0.06519055385837222,0.07431304478364897,0.07082978123812364,0.04964938750232338,0.03498459362445029,0.11319901962618868,0.07116271794394022,0.11881202905710002,0.05741770398167463
53,53.0,53.0,0.08157297347951797,0.10527022008687872,0.0727505277586731,0.07897095525262013,0.07650558144101371,0.06688265831298848,0.06970782907531498,0.04486338299722066,0.05250908399994273,0.13612351528979752,0.05076278828675411,0.10484250278892568,0.059237981230352246
54,54.0,54.0,0.08418499587417752,0.09179142584757434,0.08618153706932488,0.0845525292796903,0.06597791793894218,0.07840605927653616,0.05085950742340867,0.05248197618014037,0.02797763910865044,0.13411576988804477,0.061381600949367475,0.12641669594726074,0.05567234521688221
55,55.0,55.0,0.07253726402094925,0.08567053702689284,0.10191898354854909,0.08056795570969696,0.045494079495781874,0.09168903373151521,0.0658189416050798,0.03842253506914349,0.035198044038896384,0.1364444716720017,0.05391400183288543,0.11429588363543161,0.07802826861317637
56,56.0,56.0,0.054150923615338006,0.08173293578583771,0.11453563899688231,0.06725661666900566,0.06149637907827353,0.10598310566454439,0.043716379368780325,0.03614741272912257,0.03670245450458781,0.14066742111997937,0.059592766461893654,0.12588110374498906,0.07213686226076567
57,57.0,57.0,0.07962937032872092,0.09378419253688541,0.15096268061179055,0.05931399204800515,0.0425955661589595,0.11850760901106902,0.04064753960337154,0.0325502160119049,0.048002541229405934,0.1277289996876598,0.04714758360301691,0.10093563037699485,0.05819407879221557
58,58.0,58.0,0.10642294759354157,0.07906529693350867,0.12007831313726809,0.07131137272587866,0.05498116880461732,0.09817929494277423,0.04890171482414772,0.050772178682345216,0.04477255192144867,0.11858736276954251,0.05928538814807568,0.09796740945329599,0.049675000063555755
59,59.0,59.0,0.08055244383591594,0.10571671082300878,0.0904136529621437,0.06696866413437799,0.057782256666889444,0.0895125475340719,0.08095807114253487,0.041302131414358415,0.04261561150033696,0.11683357418977411,0.03545342474850014,0.12557831028648964,0.0663126007615982
60,60.0,60.0,0.0812685096440225,0.07755310895740546,0.11099410855356084,0.0927743127071989,0.04340995463757628,0.0907423092830295,0.05713202382677489,0.047329100558273045,0.03213500395777006,0.1350625047241211,0.04605238536836066,0.12470633714761607,0.06084034063429076
61,61.0,61.0,0.11027628880853498,0.09099754759026793,0.10613242513734537,0.06561759026212323,0.06656678480881043,0.0784484742241466,0.0292906488875531,0.05657660088791252,0.05404163581237116,0.10749565026064452,0.051906583867270005,0.1269212099303963,0.055728559522623934
62,62.0,62.0,0.07824067241134738,0.10412852745462178,0.11239830761928371,0.07091153571697514,0.04116999654085711,0.10689870832749346,0.06066197908035509,0.04084472188273925,0.02997212724950461,0.13444058733811995,0.07469110501155712,0.1027992548398762,0.04284247652726926
63,63.0,63.0,0.10124073101103417,0.07444463751953509,0.12381729426279746,0.08028923164507756,0.04643692615549304,0.07387135966951812,0.049360976174742374,0.0384310749751822,0.03688555045117472,0.12558216972812858,0.06747543184032505,0.11098418655032949,0.07118043001666216
64,64.0,64.0,0.08986372332380163,0.08884409828254826,0.13003862382905693,0.05985488357132447,0.0520956204154285,0.09385982278781445,0.07893559515074525,0.028661247311780637,0.026442457499093887,0.13410640713400565,0.04778527952311846,0.11420291862506574,0.05530932254621619
65,65.0,65.0,0.08443986152199924,0.0940060587699154,0.11467277470265569,0.07089335294946153,0.049833852603712724,0.10833309152116644,0.052055347721096434,0.0548171019554682,0.039285527570173326,0.1327681685896293,0.051134469498903004,0.09573326774829446,0.05202712484752438
66,66.0,66.0,0.06831481341756107,0.08077087016184357,0.08691782671267707,0.06664604488398373,0.0489802200915402,0.09624324883152229,0.057808304112044274,0.05108647794101231,0.036378494616669796,0.15036058491317067,0.05517434460618709,0.13756992013259323,0.06374884957919479
67,67.0,67.0,0.09016906583009202,0.07132852948675103,0.11457924596761497,0.06856037869141855,0.055759071816682014,0.09085082939210101,0.05409955322703763,0.033395349679892564,0.025895412974376412,0.13938730681692033,0.06154184602032696,0.1265837212787005,0.06784968881808608
68,68.0,68.0,0.0805212676848299,0.08538549303960856,0.11092364525469856,0.10055584516525524,0.07250517323742185,0.08781183802424809,0.046501518088793777,0.023144074553659813,0.03406633721731954,0.1329555289449291,0.060797713305322486,0.11583508738724484,0.048996478096668294
69,69.0,69.0,0.07686614873037942,0.07819086360346446,0.09898135095030816,0.07372225625145981,0.06251079654056009,0.1083547335803361,0.04710808310267899,0.061596316762051184,0.03985471143413766,0.12416327851344973,0.05571914080665641,0.09866491565565233,0.07426740406886569
70,70.0,70.0,0.07539067707010214,0.07703054231296669,0.10800771566174028,0.08240535019383863,0.049200006989683576,0.10102808277236497,0.04561407278011362,0.06664897449729232,0.04328425619839676,0.14964665228376567,0.0536754549530304,0.10936822573942476,0.038699988547280254
71,71.0,71.0,0.08836355656358463,0.0796737793069354,0.10717332785079026,0.08317613834418872,0.040756417948101045,0.08104800062196432,0.04705201156514695,0.0616378243524978,0.03884622506414539,0.14201693513842767,0.056717698366902145,0.10577358108610191,0.06776450379121382
72,72.0,72.0,0.08588441823583476,0.07965878863460489,0.11245484354334565,0.08903870325614369,0.05030252413062479,0.09222320893560929,0.05796946359501115,0.05978535979000564,0.04320573544337686,0.12687080390100142,0.060642085608502816,0.10362048581779648,0.03834357910814264
73,73.0,73.0,0.07320838768273388,0.09467399040629007,0.10626180821990164,0.06605242032698652,0.0590274018978739,0.08907642108010874,0.03923213949912816,0.044107947344187645,0.06685724101926734,0.11970084898592774,0.06860696408578548,0.11305990458925892,0.06013452486255002
74,74.0,74.0,0.07164519780410732,0.10309164904371752,0.10694303671448771,0.07281398351084291,0.05405097625141163,0.10240143054309088,0.04843157898134777,0.03418913238442003,0.045053238871875366,0.12682979102455766,0.05613232755704286,0.1225243374730653,0.055893319840033165
75,75.0,75.0,0.06794430778188257,0.08611470338161623,0.1074771092001751,0.06246277691714521,0.04619286238944809,0.08641619048368601,0.05074711750292706,0.047150094283141944,0.06466100212426008,0.12447421074320175,0.07166074127021796,0.11374216346811643,0.07095672045418148
76,76.0,76.0,0.07388621412087179,0.08801526884397884,0.10833333751373779,0.058160815363843245,0.06718603134673952,0.07781648083543088,0.05436812633039913,0.06036409858281585,0.03742779102755115,0.10188261113434068,0.04819180103450563,0.1374850088411857,0.08688241502459995
77,77.0,77.0,0.09281188072531955,0.0827685338175295,0.10112557328648401,0.09156067961885966,0.03414152331369628,0.09529804597857139,0.03323177617310188,0.03921845853952008,0.054776533599973955,0.12118710124583978,0.08902561802631945,0.10194172245274477,0.06291255322203973
78,78.0,78.0,0.1221496636926386,0.10604556979422104,0.09357143882637238,0.06178926381869003,0.04837252776521027,0.09130816323796234,0.02973095826868104,0.025196356853611164,0.035185299314296446,0.15147977665047901,0.06412980159908314,0.10746389548099904,0.0635772846977555
79,79.0,79.0,0.0853013546355883,0.08055746185896233,0.10189000883354997,0.0839186277624734,0.0641875483327752,0.08327838049714956,0.06573950206947535,0.04676930443316262,0.039596089623682044,0.1201490251325426,0.06766463288065629,0.10764981379920494,0.05329825014077751
80,80.0,80.0,0.07314044992779034,0.08264829265478077,0.10094629714782737,0.07008068528415054,0.06429931186350822,0.12208232431256513,0.04771092247558676,0.0540078122666906,0.04938020020066401,0.15300435235007825,0.049025997103827414,0.09137335045154703,0.04230000396098359
81,81.0,81.0,0.08798524044831105,0.09501199756748993,0.09987342568535637,0.06649157435768535,0.05119725209771416,0.07938654453160299,0.07016114863121883,0.03802170755158155,0.02675136677397056,0.14822761739015683,0.07111233939778136,0.12283092509191873,0.042948860475212375
82,82.0,82.0,0.0800533918077684,0.07806321493634913,0.1339719403729766,0.06832312535633409,0.03569160638212784,0.10754747756702587,0.04872539443954768,0.05173598448024945,0.03921985121319133,0.1441788096544273,0.042848343840117216,0.11201533962324026,0.05762552032664482
83,83.0,83.0,0.06251143207135268,0.07769596309159776,0.15215212462869915,0.06476824076458645,0.049717278590963934,0.07583648907362431,0.059479387597955326,0.058095913878527694,0.033873070571283026,0.13589162213776101,0.07410748298866668,0.09795944027280476,0.057911554332177276
84,84.0,84.0,0.08728393901753037,0.07739857049842294,0.1468608761781491,0.05566645666706369,0.03793430594468134,0.0990292504762546,0.03398596877303137,0.038250149031097413,0.03313001618553645,0.1421080647191634,0.07943542398015148,0.12270787190638044,0.04620910662253745
85,85.0,85.0,0.07495654214936008,0.08238050228764392,0.11241081637984736,0.05975252098681344,0.04952967167535839,0.09242378505112539,0.03451842006557822,0.05542330859871941,0.039025529865539116,0.1399549794499339,0.06255004822623678,0.12095517550238699,0.07611869976145705
86,86.0,86.0,0.08438610973908688,0.07952008325232207,0.12176117560468751,0.07102817174369179,0.07218340664616477,0.10645056304579956,0.049162136807894746,0.04056620652696197,0.0247445698857438,0.14442352423226812,0.06314443438124577,0.08475101995099622,0.057878598183136856
87,87.0,87.0,0.09317058224491204,0.12728731901218956,0.09942100337013851,0.07706214033194961,0.046050385021508336,0.08864650742118259,0.030912151425156846,0.0560807630106413,0.05180007534904287,0.11057408152447404,0.03971370767681011,0.11447122979998717,0.06481005381200702
88,88.0,88.0,0.0847903440020065,0.06904011236526743,0.10472163905426941,0.06556914269248112,0.0491847749086187,0.1020976670599485,0.041240562051601294,0.04670420286805394,0.028988798660093944,0.16178917966811962,0.05477801370598512,0.13188550113039235,0.059210061833162096
89,89.0,89.0,0.0749093959207662,0.08088628692077232,0.09649977508541316,0.07185241844428854,0.07496797545353916,0.07826461038080083,0.056292594977372004,0.053779957223903295,0.02461378725756346,0.15134224844786143,0.05193053218814488,0.1272118114474764,0.057448606252098335
90,90.0,90.0,0.085252900785911,0.07661858377314185,0.11456273764394982,0.08425271222960308,0.03650305951865558,0.07598755916864015,0.04900883000938101,0.046574179715088544,0.03815601452004218,0.1244454358438424,0.06475536095876502,0.12590015054943343,0.07798247528354597
91,91.0,91.0,0.06680139951848776,0.08623042136665357,0.11483605906807497,0.0948378335287361,0.05578118147508868,0.10011333060090961,0.06414575255222814,0.03817447565524745,0.036933286606396644,0.15283624406019541,0.04805212176312419,0.10460691446792418,0.03665097933693329
92,92.0,92.0,0.09793467716692084,0.07873409557514288,0.14251697933679658,0.0758331255525703,0.042728910739574286,0.0754480200804261,0.035822983176146544,0.04042771218500181,0.0347809405639774,0.13695674926978213,0.08004421213968335,0.09995281460266417,0.05881877961131369
93,93.0,93.0,0.0855660309243457,0.06451634245261391,0.13220008982939857,0.05516933890270701,0.031227658499247336,0.06535380844377497,0.048629812589968575,0.03725796025681177,0.05575352483925813,0.18454487799525104,0.05029149759515903,0.15593076403282158,0.033558293638642475
94,94.0,94.0,0.08835548634071631,0.09249252228884294,0.1468897297521154,0.06099411233044424,0.055210562281196175,0.054905894229138594,0.0421136717110709,0.025663655365339294,0.04023926148092488,0.1568284148199398,0.0375228198096184,0.13479066999282932,0.06399319959782382
95,95.0,95.0,0.07148705780508088,0.09296498165437136,0.1208365206042431,0.0940662662414265,0.03323791722171553,0.09113719732715309,0.03345827078186937,0.03312492085136884,0.03643339116434354,0.1597591671145488,0.03664462646282633,0.13479506831311916,0.06205461445793353
96,96.0,96.0,0.10565114989972854,0.07611032136303583,0.0847811737415643,0.07404082920340196,0.023785745269516236,0.10151650113826613,0.08143436046742474,0.0266687672192134,0.02792132671738275,0.14676802740986175,0.07672852222903301,0.11864900796396534,0.05594426737760605
97,97.0,97.0,0.0720503628178849,0.09191886205958077,0.13188553224295704,0.05884678913036664,0.03172908728755413,0.11976025674370405,0.07059092102617666,0.024965442590389415,0.023541603527818693,0.13391400511652932,0.061359656617260505,0.1197562182920621,0.059681262547715844
98,98.0,98.0,0.058760674530482414,0.09160089499968337,0.11542057073727278,0.0726797127243601,0.03444914348084265,0.08870398024407988,0.05765898670246596,0.03595381960467632,0.03512484502326573,0.13438713278307307,0.06575919954627155,0.13305646726600312,0.07644457235752314
99,99.0,99.0,0.06334326579343516,0.09835547218922558,0.1515972054363818,0.05605832661962851,0.029231309142986318,0.0631404335650533,0.042911483684349834,0.06299716517123448,0.024693081067322795,0.1782049346718349,0.05602104464344748,0.11145695115944887,0.06198932685565104
100,100.0,100.0,0.07156447596290219,0.09959296662389447,0.12808587060268098,0.04341252752949608,0.04916950735466091,0.11450956444761122,0.05750754673448093,0.03206379386566183,0.020000000000000004,0.14806615686107855,0.064181892190467,0.11803463988713651,0.05381105793992944
101,101.0,101.0,0.0675961105096817,0.11004036615595891,0.10212118704057024,0.04656188685924516,0.03991782756912042,0.09749294566722615,0.04001351676164087,0.056309539300484525,0.042086377122324506,0.16794743798627557,0.02910525699778811,0.13957666540476493,0.06123088262491888
102,102.0,102.0,0.09449180856877466,0.0910386260582764,0.1190069103347465,0.03866353538005547,0.07521310797426,0.07304607539859759,0.0330428356231746,0.03177888166927491,0.03469794002573738,0.1489778323624022,0.07071217715208544,0.12501683081721937,0.06431343863539557
103,103.0,103.0,0.08729227539437301,0.08894211262069365,0.12708103925896233,0.07788660350207824,0.03273432416415537,0.11174133066891903,0.043052973037012186,0.03459346831852442,0.028604688058712024,0.1502990194844927,0.03584859784711803,0.11346003284331307,0.06846353480164608
104,104.0,104.0,0.07674312749715886,0.06239991329440555,0.13467287630239233,0.04934875856269636,0.07100829053071835,0.11414023529459845,0.06822482625002436,0.0313972387750822,0.03696663387049441,0.12466727534223736,0.03532154453257484,0.13310130315767763,0.06200797658993932
105,105.0,105.0,0.07670756151280309,0.07114871290254894,0.15815399905429847,0.05708183701449565,0.06121791393494277,0.08794366339758591,0.04841931331863355,0.03778944465635239,0.04696327429399266,0.14203257413499318,0.0681826951169491,0.09776417465344547,0.04659483600895882
106,106.0,106.0,0.08976355166740728,0.06466106053450439,0.1578023469028594,0.07698666189716039,0.03509775447455382,0.0809956781652335,0.026277038793879697,0.056910299067285175,0.021255108113469555,0.14250876480111488,0.07444373075870123,0.13648498840097828,0.036813016422852465
107,107.0,107.0,0.07515286320563876,0.11820468685291981,0.09674082439904817,0.057205120612499064,0.0430266421729211,0.05460458027053829,0.04356607359127962,0.04242715054047037,0.045163460270357766,0.1372445479484897,0.055381720906869034,0.16495017850529256,0.06633215072367588
108,108.0,108.0,0.07672129292033933,0.06268477430858968,0.11019345097790449,0.07364490518679556,0.04681171753435558,0.0927429474141635,0.03814013513037652,0.024358680781257223,0.028068077491512272,0.1779494646524269,0.041692970495873984,0.13496319636008564,0.09202838674631933
109,109.0,109.0,0.0895587768525271,0.0752363749127711,0.12868884610009673,0.05240859659423548,0.06974524115818068,0.07509962534483577,0.041757406447881236,0.029910156864824212,0.023091497958623898,0.15918481196002449,0.048856498723771194,0.14046203094054333,0.0660001361416848
110,110.0,110.0,0.09430935730434592,0.09834190058189009,0.1334008907271787,0.08020711743686279,0.03679303142388422,0.08059953966631235,0.034800684514321924,0.02825197600773449,0.03869203097167474,0.14753565705596494,0.060432216036599276,0.10623396677384249,0.0604016314993881
111,111.0,111.0,0.07504851071970639,0.11275357779270649,0.12459519129871852,0.06779457218012039,0.03346436304826824,0.09208649807844294,0.06379511506729722,0.021356842689502067,0.029549684778112095,0.1573015511140187,0.05237149481793517,0.10827824072540508,0.0616043576897668
112,112.0,112.0,0.05161944901797055,0.09000716208004512,0.1018499936949474,0.08619178571446304,0.049234337191702116,0.09088141422445487,0.06811450891822558,0.03797378060175567,0.029759292869358727,0.15000799302457984,0.05363121362820318,0.12935937459314145,0.06136969444115248
113,113.0,113.0,0.07370784749523117,0.08862749607099923,0.13295104928387216,0.06537562996919442,0.043912635723341746,0.09842470715675593,0.04799987577970013,0.030633390285267285,0.032313738394404455,0.14346811760366204,0.0877981287033186,0.10804811681968092,0.046739266714571986
114,114.0,114.0,0.0836958462023405,0.10167627281381655,0.1208646824875518,0.06955093670728542,0.03370100138685557,0.08711780697745972,0.07046282905739124,0.042421840388169776,0.032698371557687386,0.1547798702596729,0.06727668633013474,0.06950113611365664,0.06625271971797783
115,115.0,115.0,0.06494750938488794,0.09725765616338145,0.10453005495910699,0.08046284220663963,0.03881806289219053,0.06625152572493476,0.03584800646242173,0.037833985309254005,0.04698021019359086,0.1715067641019782,0.07801059298995625,0.11556399740996519,0.0619887922016926
116,116.0,116.0,0.06053428704587277,0.1094416876353654,0.10294400072552297,0.056784016306222776,0.03454098411019961,0.11117129938735744,0.020000000000000004,0.059096568732272224,0.04116176014794235,0.16627362689286973,0.07049027348526839,0.11269935343829973,0.05486214209280663
117,117.0,117.0,0.10830741613736461,0.07509265486884498,0.15696767382140048,0.04813344175720419,0.03045628550001552,0.08310477914869846,0.025156404329896458,0.052591788957399174,0.02385152113648093,0.16653345731184205,0.04815673679444599,0.11760730944663951,0.06404053078976765
118,118.0,118.0,0.0889169486111395,0.08377358057774267,0.1335424857433294,0.04846804399344697,0.04891150656736938,0.09169949266264375,0.056786554260171984,0.037728347636990546,0.030210406212979456,0.15770569344765722,0.06123821737148446,0.10698418139221641,0.05403454152282833
119,119.0,119.0,0.07190530259682817,0.09372706663890949,0.138651573921382,0.053190591773926064,0.057645797888995445,0.08199428810531789,0.04190681305020487,0.03632925164121632,0.02176120587068624,0.1784264617444007,0.05091122394971229,0.10849200587710903,0.0650584169413116
120,120.0,120.0,0.0985043270954558,0.08902210244457828,0.10198812860307815,0.07851212744625831,0.040040387348534656,0.10061133602080688,0.041392134665317035,0.04312834716530769,0.02556162770093498,0.13506628917912783,0.05898846764281932,0.10354157254446868,0.08364315214331251
121,121.0,121.0,0.09103665171211567,0.100475947884284,0.14053883509186876,0.06358658610286083,0.031045536233735932,0.09302711895681956,0.028243351783903366,0.036301784330410466,0.039526049399218215,0.14998496146140977,0.04675961543891211,0.13005628748422685,0.049417274120234625
122,122.0,122.0,0.09560866140558696,0.07848827753865269,0.12880717171642783,0.050974866288216444,0.048643284712473214,0.0899624327521064,0.03652706397100634,0.032228976165000436,0.0289835229351169,0.18915457072626243,0.03383542011536488,0.1283162166152148,0.05846953505857071
123,123.0,123.0,0.05845752853026104,0.11656934185521217,0.12338555058590765,0.06995938923867684,0.0560976016110782,0.07033871831334235,0.02766669931199962,0.03112675158577554,0.036912049066521284,0.1724613847465239,0.05411916703356353,0.11571728657721736,0.0671885315439206
124,124.0,124.0,0.08522919997604556,0.09928183243872132,0.1197632490684434,0.05439605887542853,0.0527577366061005,0.0843828579162327,0.04233463335669759,0.021273709858802954,0.026252551807245516,0.1582607223106415,0.04292872139383118,0.14212426125631522,0.07101446513549406
125,125.0,125.0,0.08685377213886232,0.10466356840758866,0.12301112936472061,0.03366455089339397,0.037607106541540716,0.11115180356765446,0.03974449227431573,0.03645462739318711,0.05098287680765272,0.1419369357096543,0.0764088267755719,0.10237579337431238,0.05514451675154523
126,126.0,126.0,0.07542122452482515,0.10830557082860895,0.10165722370160506,0.0320597637649127,0.05038054591765077,0.12986227128668712,0.04549227663046168,0.03031572113761436,0.03164598016576456,0.13160686013784645,0.04942702952425984,0.1252895801374413,0.08853595224232211
127,127.0,127.0,0.07621506355122268,0.09708853369440537,0.11939282573114134,0.052362352370115474,0.046131463201323476,0.11234401222751886,0.047247803970342214,0.02685298384710811,0.021855100165410774,0.15731278781760033,0.0545837929169687,0.09831266504599491,0.09030061546084778
128,128.0,128.0,0.11499876209578382,0.09337937093548336,0.10744016359717992,0.07045012303230802,0.0355335428557059,0.0739921129419563,0.02273253945452891,0.055451117230314796,0.049276356733214066,0.14411350034979287,0.06945483168506458,0.11267591077758805,0.05050166831107942
129,129.0,129.0,0.0931031615818304,0.09842992091529272,0.13560215424739308,0.06603634552492392,0.04397983646255528,0.09070671537561271,0.025127917964511953,0.027876590318126605,0.031004744193264468,0.1546116932558206,0.0651912488444873,0.12988769427429966,0.03844197704188139
130,130.0,130.0,0.08892666769692424,0.08253947665531881,0.11836395200237096,0.06336126145434776,0.04313955098018165,0.09536694858568853,0.0663971641487606,0.032515117682700274,0.03178843634919455,0.1647972370796855,0.05588419496171258,0.10104698331760646,0.055873009085508116
131,131.0,131.0,0.06851569576778589,0.09847658633117387,0.10769261050500553,0.0404558918139068,0.07674742942854432,0.10801478656013404,0.039976413355639756,0.048436131265307526,0.042445401603156865,0.14758808271102136,0.061025413014809224,0.09144064141960315,0.06918491622391179
132,132.0,132.0,0.09315913969511255,0.08687833735334873,0.13067428065576492,0.03205963068019596,0.028261889198117916,0.10086416108486415,0.023388608234152765,0.04408714698230522,0.04108970641732983,0.1706983483497509,0.05332614716356847,0.13202584794393887,0.06348675624154984
133,133.0,133.0,0.0848989621075519,0.07546184940415314,0.12234541402055954,0.11629994251715159,0.05293700516918372,0.07308528141822614,0.04628941666804216,0.03236354611306789,0.02149509072232609,0.13527122131561115,0.06446389225469469,0.11034633330397699,0.06474204498545502
134,134.0,134.0,0.054566765414498855,0.1140104573340102,0.11532171292539417,0.04972637369417897,0.07482775471057578,0.12821212644902918,0.03912018019558233,0.02575026795284031,0.028168873241141024,0.1648852681566875,0.03381208584335272,0.11330422321843733,0.05829391086427167
135,135.0,135.0,0.06742869838568993,0.09274649133195192,0.13016082187087424,0.07032250901224965,0.03174037298266577,0.10286884547772646,0.025891319250546007,0.03828403140337086,0.05286185269292989,0.18892332924529426,0.04430221100924767,0.12447369730934536,0.02999582002810804
136,136.0,136.0,0.062206016060788384,0.10698000616254669,0.12428097287986606,0.05854260874348353,0.02577544989257415,0.10242959083350878,0.04065187892651938,0.037548408672327505,0.03314845604306564,0.17792497783173927,0.05126337938408214,0.13065655781057622,0.0485916967589223
137,137.0,137.0,0.07141325443742508,0.07113133706803162,0.13679478700936193,0.0333288622861507,0.057730798889973886,0.1155466879309256,0.049532015735364934,0.02515037562286255,0.042471421923225575,0.1387016222729211,0.07892795229296824,0.12171710411261191,0.057553780418176916
138,138.0,138.0,0.08883160931162987,0.09133210347580344,0.12130346850189486,0.07714032818941895,0.0535801142889177,0.07563252610845775,0.05122392878949515,0.030194761946570663,0.02854523350977207,0.14823015773924628,0.05072410432956505,0.13685186450815742,0.046409799301070906
139,139.0,139.0,0.08858822898724433,0.07711250872470203,0.12466477800963949,0.07766263629060863,0.07203382280077199,0.0609495939337273,0.049556181048177265,0.04149363029712272,0.02534603513721782,0.14490787582736325,0.05484419139932426,0.1459942893656073,0.03684622817849366
140,140.0,140.0,0.09809993180106616,0.09396289725026376,0.10811765979618555,0.05796605380992058,0.04926013794368759,0.07590133339572872,0.030105421067889694,0.02284030922861655,0.02138806394375286,0.14835937016318376,0.0612536075136607,0.13202083478966903,0.10072437929637515
141,141.0,141.0,0.07126468904524616,0.1169318570636926,0.12481971891392563,0.03362884476314873,0.0772348450490987,0.1052180787009664,0.030936151511829046,0.04515380722872596,0.03219437076061666,0.14661664013832468,0.043597572978766104,0.09665505375453505,0.07574837009112431
142,142.0,142.0,0.05386352564338444,0.08267231791891157,0.12284397214314849,0.03971886922657127,0.040261726926925256,0.09730511852767951,0.055397845005668266,0.037725125047632056,0.039582481494536484,0.15784979825843412,0.0741899225848582,0.09199037810430209,0.10659891911794828
143,143.0,143.0,0.07605831543901412,0.04803317584834821,0.16435214613622579,0.052262563861629995,0.06126072375864726,0.08528152587338003,0.023192065894670787,0.03954588034722957,0.032063992327009,0.13714105321542794,0.0382130823293131,0.1445595539456724,0.09803592102343187
144,144.0,144.0,0.06815480203188438,0.05966461702269259,0.15462813885439353,0.04419694816020751,0.02571421398789635,0.11378156870212626,0.021544176409649254,0.05304203687980332,0.03537724786846493,0.156918226146941,0.09971974983677988,0.11712406807210754,0.0501342060270535
