,Unnamed: 0,Generation,Intertwine_two,Add_vertex,Delete_vertex,Invert_path_vertices,Insert_inside_vertex,Delete_inside_vertex,Replace_inside_vertex,Donate_between_routes,Trim_one_terminal_cb,Grow_one_terminal_cb
0,0.0,0.0,0.09999999999999999,0.09999999999999999,0.09999999999999999,0.09999999999999999,0.09999999999999999,0.09999999999999999,0.09999999999999999,0.09999999999999999,0.09999999999999999,0.09999999999999999
1,1.0,0.10900000000000001,0.10055537443206317,0.0997341099295306,0.09854109104814646,0.1014061132100974,0.09938563807036638,0.10089525099853648,0.10028167589107753,0.09924446859164954,0.10010109289174399,0.09985518493678835
2,2.0,0.31601,0.10088521064329647,0.09819401516836945,0.09697726747392392,0.10291177454098449,0.09933255497507519,0.10129427226824124,0.09997703878408334,0.09956337911190184,0.10047536706668717,0.10038911996743677
3,3.0,0.6191589000000001,0.10126237062509301,0.09685926824016922,0.09517235296876025,0.10341041686178651,0.09978406783084942,0.1015376309707851,0.1002361785226272,0.10026945578578036,0.1010810921518824,0.10038716604226638
4,4.0,1.015801321,0.10139708892585159,0.09546442169844388,0.09436063171530407,0.10356666099205666,0.09866141485619602,0.10298711897588292,0.10054134332913646,0.09917706578145304,0.10199005023791606,0.10185420348775916
5,5.0,1.50262148669,0.10160998620009942,0.0950995612441585,0.09230358718382939,0.10414496814414559,0.09878601033050191,0.10311036689341324,0.10021439219476341,0.09953006171080035,0.10241414487316085,0.10278692122512718
6,6.0,2.0757334209441005,0.10190138636541608,0.09522221027784938,0.08979826759979362,0.10406101384625113,0.09845944573577521,0.10448893299662892,0.09891842541286851,0.09930610113268613,0.10313755349591247,0.10470666313681838
7,7.0,2.7307768275633495,0.10091352661605588,0.09441858881635894,0.08811570946002946,0.10523160002325802,0.09674176456484779,0.10513389878388801,0.0991626694552244,0.09909820635196553,0.1044849879460913,0.10669904798228048
8,8.0,3.4630081252450404,0.09988059731862864,0.09471371420655017,0.08720672449117514,0.10677287161839713,0.09597445728060233,0.10537286164858495,0.09881462572643424,0.09848869134845573,0.10550808754014823,0.10726736882102325
9,9.0,4.2673862119061114,0.09982514534787063,0.09472793078586605,0.08678346077210555,0.10790803422244433,0.0946091782980043,0.1070808531958753,0.09880627235613709,0.0972984950446675,0.10569736796634101,0.10726326201068802
10,10.0,5.138652627782014,0.09955996485284406,0.09581345750621789,0.08580435072062204,0.10817158028780577,0.0922462733103338,0.10918613681287663,0.09826800984031105,0.09572804739245348,0.10690827707257344,0.10831390220396162
11,11.0,6.071405875792507,0.09950105133296352,0.09584713085724846,0.08353911482351935,0.10756644744178151,0.09101209597869049,0.11164226920846486,0.09865390676442634,0.09372993045229905,0.10761942367235453,0.11088862946825168
12,12.0,7.060169740244025,0.09886432659362504,0.09600824092657485,0.08426190324949835,0.10708161215442877,0.08839181429749417,0.11355031482235363,0.09724251174773983,0.09235545628848958,0.11015700740775851,0.11208681251203703
13,13.0,8.099455520847952,0.09836513461561917,0.09697129444502198,0.08312628636263059,0.10589051876402798,0.08752281057413037,0.11486260862586173,0.09704713344927343,0.09136077582857714,0.11239440474401383,0.1124590325908435
14,14.0,9.183818168183006,0.09903412928344499,0.09629449710839898,0.08316143468935977,0.10551715128548442,0.08670802029468914,0.11538684377642822,0.09725420103228398,0.09059968369324266,0.11336215021862289,0.11268188861804468
15,15.0,10.307906369102724,0.09893992118089208,0.09665819242205954,0.08156664410391982,0.10542823685849101,0.08501425667462305,0.11674541266864422,0.09614311471502932,0.09055160788373431,0.11469475521581383,0.11425785827679254
16,16.0,11.466506686239443,0.09819370004015693,0.09698452905310123,0.08226041417962947,0.10471577793080204,0.08329000074384746,0.1183822363391138,0.09461380521198022,0.08928859991463282,0.11691263906233611,0.11535829752439965
17,17.0,12.654581904800096,0.09689470558981203,0.09798762358008202,0.08233128892578383,0.10323512508365312,0.08171133218902024,0.11983223670590004,0.09380436124887268,0.08841374136445053,0.11954885471398821,0.11624073059843705
18,18.0,13.867303782456686,0.09633332996088476,0.0996143665278074,0.08207226049163643,0.10314021706739279,0.07905625333956288,0.12257737219489856,0.09178443427195865,0.08623964506242743,0.12211368312199744,0.11706843796143339
19,19.0,15.100080434523047,0.09611865019762181,0.10021502333670727,0.08448714413676814,0.10374607476161485,0.07634647481281216,0.12225009299440526,0.0902585333113205,0.08630972817381599,0.12311307365280341,0.11715520462213036
20,20.0,16.348578617037543,0.09567229256669671,0.10121409381613938,0.08515721619778323,0.10279952450078111,0.07505235949109375,0.12260387117262808,0.09054917719592362,0.08496000458316637,0.1241592836052042,0.11783217687058331
21,21.0,17.608741195130214,0.09445302534327055,0.10174965124365976,0.08611577231885288,0.10106530286223414,0.0753365439652107,0.12368437326178479,0.09059213888570786,0.08380482282907879,0.12722524925447912,0.11597312003572116
22,22.0,18.876800103462312,0.09386409447661137,0.10127944697531549,0.0870538830161132,0.10057373483570373,0.07360998753613716,0.12503435842702396,0.09046005217563233,0.08370190237104033,0.1297665525287764,0.11465598765764573
23,23.0,20.14928511992658,0.09397646104183202,0.10102930616418457,0.08747685395634464,0.10002376691480032,0.07163002225675538,0.12748118399134536,0.08970053478359993,0.08236812936668901,0.13123987078670998,0.11507387073773849
24,24.0,21.423028783545156,0.09198222271955933,0.10180399938972615,0.08771053407573864,0.09986294051133572,0.06983646175260111,0.12787873172716516,0.08997327443590153,0.08261021130444633,0.1334604309704104,0.11488119311311534
25,25.0,22.695167792966423,0.0919303713302469,0.10341865521659746,0.08723147552501798,0.09908504133307816,0.06872360177948209,0.12816139227031786,0.09037291344359268,0.08125635696976248,0.13424740691059137,0.11557278522131278
26,26.0,23.963141223515898,0.09173555536708296,0.10331339091535523,0.08844674274185754,0.09897430744628236,0.06807194304436821,0.1288638193412994,0.08925122765839814,0.07989399940852787,0.1354769814175176,0.11597203265931043
27,27.0,25.224685898775267,0.09165253084408385,0.1038528238940939,0.08777425578421337,0.09842257021217206,0.06791350862440244,0.1297079932396465,0.08996625077590666,0.07855841402577357,0.13668685879256223,0.11546479380714517
28,28.0,26.477829247520948,0.09198704451598894,0.1033861908685174,0.08696458954480862,0.09872936666736212,0.06826100798758988,0.1313668722200883,0.08949533498255972,0.0783582309555255,0.13700521512272806,0.11444614713483114
29,29.0,27.720879968916847,0.09146724084108675,0.10325253182295707,0.08716158104777733,0.09953825240592293,0.06861831970483157,0.13135007582098268,0.0878450660340182,0.07783561224439497,0.13726852895423716,0.11566279112379108
30,30.0,28.95241681848399,0.09150945804674722,0.10328624803872306,0.08794188571731121,0.09802018140924385,0.0680139653956719,0.13159837242209046,0.08684248182464269,0.07743796035066204,0.13837060530207296,0.11697884149283438
31,31.0,30.17127581490958,0.09071499581704807,0.10303246026495051,0.08913694601191134,0.09706454439356031,0.06696338764279988,0.13229325752237533,0.08772259741732713,0.07711009388005734,0.13867614821885535,0.11728556883111453
32,32.0,31.376536153543515,0.09104351454100246,0.10207302762123521,0.09134422407892695,0.09715042800247332,0.06631968564585,0.13236583595277168,0.0876549886864884,0.07573351072310729,0.13937574042932627,0.11693904431881823
33,33.0,32.567505096778625,0.09163624324971129,0.10185239680646918,0.09297946059716838,0.09708859913246354,0.06609787196061623,0.1331006803296736,0.08690997642987816,0.07361562279212296,0.14029380858337903,0.11642534011851739
34,34.0,33.74370209472243,0.09037459040714274,0.10039927869381506,0.09347511238769131,0.09581898122238872,0.06722019282156799,0.1338018511512504,0.08732139405126046,0.0728626092676614,0.14139442131855318,0.1173315686786685
35,35.0,34.90484237192463,0.09013841834415072,0.10186172700727394,0.09448477526606502,0.0957509474663311,0.06765651032301791,0.1326247769399303,0.08631653970162484,0.07147721956002766,0.14256121126834792,0.11712787412323034
36,36.0,36.05082019768737,0.09063353659009084,0.10128314197231075,0.09416159102595478,0.09599634527292598,0.06777758533468403,0.13293113996309872,0.08516175536846587,0.07256527233316676,0.1421867368505663,0.11730289528873569
37,37.0,37.18169203889697,0.09040634745938336,0.10287400589220447,0.09404405550750694,0.09387854274090618,0.0683719912161193,0.13271549426672974,0.08598874737727143,0.072484338859814,0.14159720065694004,0.11763927602312428
38,38.0,38.29765977559663,0.08996912933423987,0.10290541459730414,0.09305325260527177,0.09300473718987116,0.06941114828768144,0.13386258770608533,0.08615878982363047,0.07312026575129796,0.1413702821787883,0.11714439252582931
39,39.0,39.399054140870355,0.09110848191230031,0.10165344415711344,0.09361040807956161,0.09195604061628058,0.07045291393799116,0.13335170754208328,0.08538405482154372,0.07320745704463531,0.14148165833037651,0.11779383355811382
40,40.0,40.48631852820801,0.09129386241355963,0.10224160925906889,0.09386157082492028,0.09032404117102011,0.07030920742959325,0.13406287564376854,0.08378948147306989,0.07244263997138108,0.1436730120258369,0.11800169978778122
41,41.0,41.55999329152982,0.09170140563095697,0.10266835945167005,0.0940696194034435,0.08999540462288588,0.06903654163072052,0.13405190873210998,0.08371421706149772,0.07333540620012599,0.14329688610245458,0.11813025116413463
42,42.0,42.62070064560415,0.09137910267119498,0.1019278704683963,0.09578078824112497,0.09091976709848264,0.06751003599595415,0.13484849913645158,0.08381078208854895,0.0736331407099009,0.14225368372687133,0.11793632986307402
43,43.0,43.669130257815,0.08999660866050868,0.10343237009411418,0.09704559026732487,0.09100997403926978,0.06658586570339126,0.13512956460089698,0.08357319612448826,0.07429770919545284,0.1427821260940127,0.11614699522054026
44,44.0,44.70602560622662,0.08937777223955058,0.10343536602218584,0.09877530574014792,0.09046321548776512,0.06674027768819497,0.1340819152549272,0.08340058313437569,0.07541223926241897,0.1429306167831011,0.11538270838733243
45,45.0,45.73217116373481,0.0896682756033163,0.1028489996120117,0.10093149539036288,0.0900705289799301,0.06663017280797445,0.13309772283072355,0.08225967766555944,0.07549205038581816,0.14364078123928542,0.11536029548501782
46,46.0,46.748380453854836,0.09048725043436961,0.10259840973641407,0.10083306549269697,0.09023291755834904,0.06610249761467614,0.13226732438229316,0.08282961170310348,0.07509663563779059,0.14518755127342725,0.11436473616687948
47,47.0,47.755485010424316,0.08934417481014319,0.10308823801815016,0.10050768487865025,0.08920554845081216,0.06608771504516159,0.13272746438276697,0.08287745963483882,0.07529843464625988,0.14587957432136697,0.1149837058118498
48,48.0,48.7543242612326,0.08837642509269693,0.10354078897446882,0.10133498951207279,0.08949425783222426,0.06452862645681848,0.13286450296449157,0.08198302278695142,0.0745505513489757,0.14763718578239496,0.11568964924890485
49,49.0,49.745736344347726,0.08736830208997942,0.10534703358494844,0.10176108382483993,0.08790986649532914,0.06485726069227381,0.13308476901419997,0.0807286393165592,0.0746621653437779,0.14806105969785305,0.11621981994023892
50,50.0,50.730549855707864,0.08803720877908955,0.10605652700077352,0.10310937519482408,0.08688045361216881,0.062331203630813306,0.13207981444434902,0.082408000937364,0.07486924208511228,0.14836937084763807,0.1158588034678671
51,51.0,51.70957651737491,0.08662875994780253,0.10564526709994464,0.10314215549804125,0.08805371412642865,0.06267327732035935,0.1323810714949106,0.08153745787401138,0.07509537229809306,0.14864172706127338,0.11620119727913492
52,52.0,52.68360474770151,0.0872846495686705,0.10472176300747933,0.10271606545757254,0.09004438883426043,0.0628449368043465,0.1339225966203464,0.08087586119947257,0.07456726887721359,0.14673188891227118,0.11629058071836675
53,53.0,53.65339410751842,0.08860776832690315,0.10523677846563227,0.10188753128717487,0.08870422985593378,0.06427323482557347,0.13499365594515203,0.081168303518486,0.07347371690317707,0.1445348216490906,0.11711995922287655
54,54.0,54.61967059027847,0.08899697582955671,0.10538223899892103,0.1028565597567219,0.09016186851450506,0.06383348536977104,0.13470163324568812,0.08033269540577187,0.0737147532748402,0.143301840471248,0.11671794913297591
55,55.0,55.58312271885972,0.08865860039901932,0.1042764969376277,0.10218985347779466,0.09084571153601742,0.06354717068935953,0.13498735152296124,0.07964811798239621,0.07347071416374366,0.14387656969643162,0.11849941359464847
56,56.0,56.544398407394254,0.08979418133653194,0.10294786418924351,0.1035223605267868,0.08949331905198059,0.06388648810613683,0.13494389848998875,0.08032338432059774,0.07286208734221433,0.14430976420779357,0.11791665242872575
57,57.0,57.504102543001395,0.08988580300377182,0.10260502257463132,0.10336110528828055,0.08857294807903442,0.06506497256700483,0.13390233462755816,0.08097360938799404,0.07282471119806304,0.14423879414257648,0.11857069913108516
58,58.0,58.462795239617805,0.08852296175839837,0.10255174852763124,0.10242048162168937,0.08987730119965462,0.06414939908087469,0.13519413505651878,0.07934721495195278,0.07338415079550316,0.14448633684456808,0.1200662701632087
59,59.0,59.42099071417639,0.08917711363587164,0.10130689104569775,0.10290503030045589,0.08934228884832762,0.0659435555046355,0.13446386079845135,0.07885370960205844,0.07358417911277707,0.14315375424671187,0.12126961690501271
60,60.0,60.379156734137354,0.09092081298280419,0.1006962209631646,0.10277918375393293,0.08984742757655419,0.06614352086688123,0.13405426042185448,0.07868550118034451,0.07293764150363714,0.14298110679260856,0.12095432395821802
61,61.0,61.337714584760846,0.09003235131337628,0.10142304501638794,0.10341790875338172,0.0900156937021848,0.06608117121718465,0.1341880533039426,0.07757389979405604,0.07176606585864143,0.14227024616188214,0.12323156487896227
62,62.0,62.29703950447439,0.09109439261113111,0.1018425321734224,0.1032030618603299,0.08997205191216798,0.0662400489688572,0.13347011426242117,0.07762354982310268,0.07168901694799605,0.14167589174455172,0.12318933969601968
63,63.0,63.257461537171835,0.09107596636107959,0.10280408440986885,0.10185564699111616,0.08839314363778875,0.06593202500446127,0.1332606337765184,0.0793331739664282,0.07207121139152278,0.14125753638860752,0.12401657807260842
64,64.0,64.21926675122782,0.0896378142252572,0.1054230197312706,0.10199761611798376,0.09043421802511713,0.06485064423586612,0.1317637747026632,0.07884833665820161,0.07241971305493114,0.14008190585106442,0.12454295739764479
65,65.0,65.18269877636592,0.08864990797816545,0.10593210109927528,0.10072526127109628,0.09171241318743087,0.06403295874667347,0.13100542936969767,0.08108446308990115,0.07228452947435712,0.1384323063922437,0.126140629391159
66,66.0,66.14796061122655,0.08823010510700234,0.10648403146312481,0.09964006722426587,0.09221797742894927,0.06261945292280796,0.1323860596276458,0.08089566469513144,0.0721170629701787,0.13871779919048075,0.12669177937041304
67,67.0,67.11521665648885,0.08775318196075652,0.10628586513374366,0.10021838465535626,0.09323914939396315,0.061536498515201286,0.1310474254387689,0.08129022146916628,0.07201046056069914,0.139479950443759,0.1271388624285858
68,68.0,68.08459493066005,0.08690192235785979,0.1063401235832649,0.10114594018587883,0.09353015690160907,0.061505117881821315,0.13055836359250403,0.07971231969235831,0.07393354302678813,0.13944950072231432,0.12692301205560125
69,69.0,69.05618942810752,0.08830747978931744,0.10756706327384812,0.09917968946124975,0.093210611658506,0.06141498926353782,0.13028557065660104,0.08009438806959487,0.07269716698716241,0.13962225032193895,0.12762079051824352
70,70.0,70.03006258152917,0.0864857620449566,0.10720554491327838,0.09788819863223532,0.09468240952535126,0.0601570413236924,0.13269348318564847,0.0810678842376836,0.07166101239833099,0.13961163059167883,0.12854703314714402
71,71.0,71.00624779379335,0.08681890670432107,0.10862081155247352,0.09952797620403216,0.09423384056794343,0.060844700510064714,0.13335804612146887,0.07949187714889079,0.07146609336258052,0.13762092659820227,0.12801682123002253
72,72.0,71.98475200689319,0.08572200268569427,0.11036239827146119,0.09951434276140804,0.09428602249972591,0.06224166823901555,0.13300761022290322,0.07725769172665398,0.071663183828127,0.13785948608634557,0.12808559367866512
73,73.0,72.96555827861411,0.08487068421856245,0.10825660368651542,0.09934589530443567,0.09410800663141966,0.06286844421534396,0.13307781812096178,0.07773425533512886,0.07305683146907374,0.1376566777526124,0.12902478326594594
74,74.0,73.94862834037681,0.08474165955927859,0.10773404419589956,0.09805492078413564,0.09534821770533272,0.062024105190708355,0.1318669295943347,0.07957159954812634,0.07238338620241241,0.13830352815039862,0.12997160906937294
75,75.0,74.93390511255946,0.08419335883185998,0.10919043849415924,0.09694043316505935,0.09488661801501773,0.06275686831093549,0.1297296645674845,0.07960142440372517,0.07221194571472773,0.13861518408145437,0.1318740644155763
76,76.0,75.92131515639825,0.08489193073302292,0.110074015059304,0.09673046406771703,0.09268010060860274,0.06113578362454668,0.12961155623230972,0.08014572095710676,0.0720952837895952,0.14050338045245345,0.13213176447534136
77,77.0,76.91077104428919,0.08557535050476468,0.1096654251497914,0.09411535307198499,0.09421422816586748,0.0610253445918264,0.1301979691063493,0.07921910832823946,0.07321020658643855,0.1415593625064752,0.1312176519882625
78,78.0,77.90217363294813,0.08490365555063285,0.1111415870691785,0.09541476505517053,0.09420858776924178,0.06195337152034741,0.13116410079394086,0.07923956087956144,0.07196672723157936,0.14099128538846878,0.1290163587418784
79,79.0,78.89541422641172,0.08539273076529759,0.1103877095818778,0.09420102407969362,0.09420262624272897,0.06103253190142365,0.1315633452014205,0.07960703364263808,0.07305734959602929,0.14107937320461625,0.1294762757842742
80,80.0,79.89037661826481,0.08538381340382133,0.10948835759747667,0.0947549935265977,0.09385028740114336,0.06179438379339407,0.13083315932456505,0.08034151298510075,0.07345177753976355,0.1406170602883777,0.12948465413975976
81,81.0,80.88693900474995,0.0848288164211292,0.11125814219337467,0.09526726599049008,0.09312214818684128,0.06310513788186023,0.1317397778170818,0.080683528508915,0.07260745445952568,0.13911451371264263,0.12827321482813933
82,82.0,81.88497576253909,0.08555398212173862,0.1110711687403753,0.0956798636419759,0.0936131297986383,0.06299324693228105,0.1318392546746831,0.0817813589084569,0.07269071206490926,0.13798105708640562,0.1267962260305358
83,83.0,82.88435908692391,0.08482463468475791,0.11099757446508136,0.09735069972342378,0.09334680965044301,0.0614236342193961,0.13227140451327277,0.08112402170664385,0.07208928346356056,0.13909425862977542,0.12747767894364515
84,84.0,83.88496048800103,0.08499716273519504,0.11172861687319634,0.09674393381328848,0.0933081304392149,0.061041847508539956,0.13329063331271956,0.08124936091281199,0.07096182238745835,0.1409791004971285,0.1256993915204468
85,85.0,84.88665214409042,0.08492467805690485,0.11218163605442633,0.09697917720809807,0.09468406110351944,0.06100345711191641,0.13376746240358356,0.08111660965050044,0.06949517337404953,0.1393728228782237,0.1264749221587776
86,86.0,85.88930811312994,0.08471082159470993,0.11171943005734616,0.09838558709517888,0.09447807799134064,0.06023361045215664,0.1334878295898133,0.08245235374951443,0.07080792369686298,0.13917681348744476,0.12454755228563219
87,87.0,86.89280540413424,0.08482301938573164,0.11145872311721805,0.09772457875423737,0.09424615851623153,0.060420127196599206,0.13447121036153864,0.08171174645102701,0.07061615972461192,0.1393671660298118,0.1251611104629927
88,88.0,87.89702491199675,0.0863055675918612,0.11198492886238057,0.09736767951815976,0.09509850839018866,0.05974701015195771,0.13505843180730628,0.08089279947490488,0.07108346603468546,0.13826651902736953,0.12419508914118584
89,89.0,88.90185221995306,0.08605991816808654,0.11228619082844477,0.09737041671985223,0.09411795619656371,0.05922142927395463,0.13520435782150697,0.07960475397800558,0.07329138970790088,0.13897685216881234,0.12386673513687219
90,90.0,89.90717827491419,0.08553487285761463,0.11306682333307615,0.09718483069215067,0.0940808313876582,0.06013643554756798,0.1353415085261923,0.07878056262075053,0.07244190861661345,0.13887648960401927,0.12455573681435664
91,91.0,90.91289994163006,0.08571718329828719,0.11334243995562668,0.0966047301580943,0.09452139108756225,0.06025483957898237,0.1343960732100058,0.07960016675258941,0.0727653519544018,0.13771090605756472,0.12508691794688528
92,92.0,91.91892044225806,0.08514903028089282,0.11353514826907155,0.09790122958114217,0.09441614891095756,0.061074274077824516,0.13345428865674522,0.08029650357289962,0.0728674374191743,0.13648183340291392,0.12482410582837812
93,93.0,92.92514968840067,0.08568467165890813,0.11251535251138926,0.09711769150865115,0.09531842191835044,0.06266017621332154,0.13432566959136313,0.08015999671779063,0.07183138003795328,0.13543837489518115,0.12494826494709108
94,94.0,93.93150451304501,0.08630790958952639,0.11152586588924435,0.0962738284069072,0.09679186859494918,0.06335962454968896,0.13485002008499014,0.08008449954656131,0.07147184007548486,0.1348393507914882,0.12449519247115919
95,95.0,94.93790881009448,0.0868326378617378,0.1119188219063932,0.09638350717391148,0.09656912464108515,0.06271451241482819,0.13526207242703236,0.07898608220135263,0.07051118526385744,0.1346214066883327,0.12620064942146886
96,96.0,95.94429358933806,0.0874295551753199,0.11164442184305061,0.09658765327873087,0.09602150782298162,0.0631864929319769,0.13630868461644757,0.07862817924422093,0.06872221608038039,0.13458871858572644,0.1268825704211646
97,97.0,96.9505969547639,0.08800383185206233,0.11241290702459576,0.09693723882874804,0.09493502511187972,0.06366301131056407,0.13516248270202091,0.07905295598728108,0.06848073795961361,0.13417347646083044,0.1271783327624039
98,98.0,97.9567640140995,0.08883085675254486,0.1114457676239293,0.0973507545045233,0.09401409517172614,0.06362555482446977,0.133780637948171,0.08006163838327521,0.07025031375394136,0.1344568446997265,0.12618353633769241
99,99.0,98.96274672736057,0.08862442878375291,0.11044209822942112,0.09727865874772361,0.09581646617686412,0.06247676564206801,0.13384886174304736,0.08008554041376936,0.07087422450269967,0.1348941066395322,0.12565884912112146
100,100.0,99.96850370202192,0.08753724241259808,0.11016086792537744,0.09630289781379024,0.09463196934217112,0.06271975000038205,0.13332198066582943,0.08017351838894904,0.07127058089215894,0.1375125089018464,0.12636868365689707
101,101.0,100.97399994219691,0.0901014003151593,0.10859845236267224,0.09559573356058819,0.0931780237786978,0.06380331813884212,0.13230195356576618,0.07902991170753736,0.07380900937750372,0.13695892905276447,0.12662326814046843
102,102.0,101.97920655893245,0.09104895752885558,0.10778502401568106,0.096428588274018,0.09178041749456166,0.06377025444584809,0.13108359872259215,0.08048230123042613,0.07337489755303381,0.13731169247424946,0.1269342682607339
103,103.0,102.98410044840509,0.09102470509063752,0.10703027274502473,0.09711233445299669,0.09157430251866186,0.06319232131257764,0.13028792940869072,0.08028299014115753,0.07254295804034211,0.1379626299436215,0.1289895563462895
104,104.0,103.98866394444643,0.0922573047889743,0.10771397264322187,0.09704027607756432,0.09120293933659206,0.06413338962859028,0.13029272401385938,0.08043962733676965,0.07213430669854803,0.1370486879284171,0.12773677154746277
105,105.0,104.99288445143917,0.09310962927574953,0.1080092009514801,0.09743859766530341,0.09071397243038001,0.06415952291575838,0.12830069230382093,0.08193193880314258,0.07085200152318867,0.13837109111131096,0.12711335301986518
106,106.0,105.99675406321822,0.09452768550546221,0.10814168862149133,0.09641969804964043,0.09221938506860636,0.06208286825034618,0.12777386401045243,0.08205422354373769,0.07062974520018496,0.13833826644862546,0.1278125753014527
107,107.0,107.0002691731872,0.09354226948465878,0.10739974028148905,0.09593192316026247,0.09136773875427448,0.06379109510661948,0.12797017121330842,0.08201566049836925,0.06914534781997739,0.14098738735928973,0.12784866632175068
108,108.0,108.0034300804274,0.09288532521784922,0.10844392312258497,0.09662983072691397,0.09218664052536926,0.06342548036977877,0.1267819527806392,0.08117485283485625,0.0689190701226392,0.14180788224897914,0.12774504205038978
109,109.0,109.00624059613932,0.0950580965528244,0.10705595873346901,0.09842231337577047,0.09092010044883365,0.06429156821476362,0.1267816725343667,0.08020812870073478,0.06846537441323923,0.14220381085253517,0.12659297617346274
110,110.0,110.00870765431864,0.09497797973912839,0.10704227215996581,0.09835083252250057,0.09228662993499918,0.06454584428035422,0.1263134025650444,0.07952718245398983,0.06802986149155585,0.1436014159690132,0.1253245788834483
111,111.0,111.01084093013685,0.09475452149553203,0.10885491399436857,0.09875792791488512,0.09274263285219222,0.06273036789707977,0.1277695112468424,0.07884366358076866,0.06774002765740998,0.1426227692446415,0.12518366411627949
112,112.0,112.01265246907188,0.09370476817957023,0.10943714361579522,0.1003829083686173,0.09229924624098271,0.06368424219397827,0.128397653632565,0.07918010722296383,0.06636749161835803,0.1419496269641571,0.12459681196301206
113,113.0,113.01415632942268,0.09194214377432418,0.11132744199677648,0.10097915280236874,0.09361937619942538,0.0644934421889107,0.12648911205336785,0.08120475820765725,0.06547317265654828,0.14169360833065217,0.12277779178996873
114,114.0,114.01536824044418,0.09144967318257967,0.11120276649152624,0.10108620855469914,0.09264374399889057,0.06535387942241735,0.12597277095310408,0.08130292185069503,0.06565383734952433,0.14229617207830142,0.12303802611826192
115,115.0,115.01630527795908,0.09035741840008198,0.11150441579060938,0.09967073225172515,0.0936602576511875,0.06514537683319392,0.1251178189327179,0.08253940136465934,0.06640437033149703,0.14210794350081868,0.1234922649435089
116,116.0,116.0169855589429,0.09027965356717133,0.10998668275069359,0.09929164841581581,0.0923711607379202,0.06563658166244253,0.12458204704607498,0.0836660103860481,0.06732115739172458,0.14263946461091642,0.12422559343119223
117,117.0,117.01742795623892,0.0902989027952755,0.11024907390267812,0.10003695159307766,0.0936718054692662,0.06412173249574968,0.12297475936826975,0.08462638551603367,0.06813550046425679,0.1420163688467654,0.12386851954862696
118,118.0,118.01765183424293,0.088779154755881,0.10909205604829347,0.09889246423084527,0.09465594471432565,0.06427115231490824,0.12200260420557793,0.08534111523565804,0.06955235708515986,0.14307882393918114,0.12433432747016912
119,119.0,119.01767680610413,0.08823481990704367,0.10995764116551732,0.09930875471977937,0.09323094540105092,0.0659500105832018,0.12041268164518724,0.0860773406808406,0.06979150455452557,0.1419305839193033,0.12510571742354995
120,120.0,120.01752251271817,0.08771574630923497,0.1119300230088704,0.10024080107953509,0.09320744752712813,0.06469214692692717,0.11897580061978276,0.08769226870804453,0.0687776916860526,0.141678960427297,0.12508911370712714
121,121.0,121.01720842354362,0.08855471197824061,0.11367066814336683,0.10052114530883323,0.09399884166321484,0.06477005211689074,0.11649450125011972,0.08791459420233172,0.06851177363386132,0.14127771875206324,0.12428599295107753
122,122.0,122.01675365905109,0.08771871711789347,0.11424644975018317,0.10092582870440889,0.09484467259859702,0.06368230191838203,0.11784142057096324,0.08731763160810313,0.06641332997198154,0.14206429154563896,0.12494535621384838
123,123.0,123.0161768344173,0.08827077322347031,0.1142059964904366,0.10161996042081003,0.09579493924651442,0.06208143994772327,0.11818526238405282,0.0847516194471569,0.06790049248496055,0.14229794853377614,0.12489156782109882
124,124.0,124.01549592390272,0.0891886235433503,0.1145237683601461,0.10116425975436757,0.09433437834922016,0.06283716476779848,0.11693089062344622,0.08435195428286735,0.06910978940437842,0.1420828953931038,0.12547627552132143
125,125.0,125.01472814520056,0.08806289420427632,0.11525220467424548,0.10179884598366713,0.09322191765025595,0.06488955329230002,0.11614095462586035,0.08440079702363641,0.06806563545871475,0.14239911970774533,0.12576807737929815
126,126.0,126.01388986291661,0.08663640578266996,0.11578690303093453,0.1013258846601643,0.09455790160945958,0.06518924822005769,0.11780060643713307,0.08275764351139263,0.06888415796256185,0.1417370870303034,0.12532416175532288
127,127.0,127.0129965102319,0.08778047258438075,0.1170172968123565,0.10168289603056489,0.09471167931159699,0.06447714679688155,0.11859804978935398,0.08202727103052436,0.06832736014168703,0.14026242796055005,0.12511539954210377
128,128.0,128.01206252771334,0.088394780880962,0.11744854001160605,0.10239157746020362,0.09445597689939784,0.06397934612138007,0.11963713320313299,0.08315855027908209,0.06850564536609854,0.13814002779788048,0.12388842198025617
129,129.0,129.0111013181695,0.09086762847497666,0.11579158004701737,0.10239855839677371,0.09432824792880799,0.06499523042115679,0.12062086920721637,0.08261191253466839,0.06930106012149631,0.1370756322432551,0.12200928062463115
130,130.0,130.01012521639834,0.09176776149050846,0.11595680626928655,0.10258955257626651,0.09414030189643016,0.06555248631862592,0.1196129939339021,0.08238697611613527,0.07032769926192123,0.13565337322660265,0.12201204891032102
131,131.0,131.0091454726403,0.09202289766200634,0.11595834469964716,0.10276171457778047,0.09448587997626196,0.06577594906360767,0.11899088118675193,0.08277162415064176,0.0700719190970415,0.13526802277194788,0.12189276681431316
132,132.0,132.0081722485317,0.09127501806453141,0.116201455181761,0.10210964382738058,0.09638491515041478,0.06464153877568876,0.12034065577340185,0.08376141774781351,0.06957003906739845,0.13421193454138095,0.12150338187022855
133,133.0,133.00721462434865,0.09366552314041941,0.11627864095415609,0.10322481145202568,0.09535992406963778,0.0642307150524852,0.11997283000286493,0.08436499735123706,0.06761286588473969,0.1334400503414244,0.12184964175100961
134,134.0,134.0062806163404,0.09331815592080447,0.11582147284650865,0.10436383420368728,0.09578903492848302,0.063861738171541,0.11861638443621288,0.0831998474589246,0.06779415013696152,0.13393055962397304,0.12330482227290337
135,135.0,135.00537720296956,0.09392382488589263,0.11476967701764612,0.10567993605646724,0.0965185259929303,0.06374732322808922,0.117478202811789,0.08388120972784686,0.06699715331895313,0.13290651196552533,0.12409763499486003
136,136.0,136.00451035890612,0.09201135155257817,0.1143151752537255,0.1053628793481471,0.09578948581074911,0.06479656661939531,0.11582485909169063,0.08537285379373571,0.06900282348869463,0.13271539774317956,0.12480860729810414
137,137.0,137.00368509565993,0.09357550861055974,0.11425761566493002,0.10425417325416526,0.09527436722804258,0.06550288312903803,0.11524374071782591,0.084939501043467,0.06930842649302581,0.13193436967910607,0.1257094141798394
138,138.0,138.0029055077818,0.095991021321429,0.11409188094680693,0.1018168128670391,0.09496111130659497,0.0662829410342996,0.11579792764343583,0.08612135210010884,0.07033823273329252,0.13148688375542852,0.12311183629156454
139,139.0,139.00217482361367,0.09618655196114785,0.11272369508017763,0.10254543174120377,0.09508990164997325,0.06559857177034868,0.11528835650995253,0.086607654290412,0.07026963181653939,0.13166454327165208,0.12402566190859271
140,140.0,140.0014954596262,0.09486757268187157,0.11354902085093065,0.10151606659007376,0.09472787859778248,0.06596353621402817,0.11652724585132175,0.08707473759396218,0.0689322983761742,0.13281825647940307,0.12402338676445207
141,141.0,141.00086907744122,0.09479128019814433,0.11506059613095605,0.10146154620710446,0.09389876241630153,0.06538803048905188,0.11664296311866242,0.08561704912975034,0.06909198882652932,0.1335204186135648,0.12452736486993475
142,142.0,142.0002966427003,0.09495581468363154,0.11338324672095251,0.09909012426744312,0.09491805087218025,0.06426828650742136,0.11728725190450125,0.08563825465631744,0.07137444623674138,0.13394143631336827,0.12514308783744277
143,143.0,142.99977848500652,0.09431526021309802,0.11464614263253764,0.09922343948147307,0.09566792594656692,0.06251352345343268,0.12036086131167505,0.08389807828410792,0.0721089275169855,0.13264343912941762,0.12462240203070547
144,144.0,143.99931435823203,0.0956434420024961,0.11452291273747632,0.09794492188711083,0.09436102886128923,0.0647113649490504,0.12014014477296646,0.08327869587990976,0.07080973982688983,0.13323455748072693,0.125353191602084
145,145.0,144.99890350055264,0.0958406423270678,0.11452885931586698,0.09736379275927648,0.09504255674898215,0.0639862478325186,0.12021558349318424,0.08265656945877232,0.07072265432669769,0.13360192131653365,0.12604117242109994
146,146.0,145.9985446936357,0.0946914111769059,0.11480737779392378,0.0985539743970311,0.09330379034496511,0.06392196931588033,0.12004509075037265,0.08219207086511551,0.07054175947460523,0.13376193710398893,0.12818061877721135
147,147.0,146.99823632047406,0.09244138735625715,0.11530267626045394,0.0986328567439853,0.0915676845649277,0.06540026587151382,0.12031186640861516,0.08277700440273246,0.07065477102910572,0.13399441362025613,0.12891707374215253
148,148.0,147.99797642142389,0.09491975664175564,0.11444646089252876,0.09838631743521441,0.09048637933555852,0.06563851077711971,0.11956781719444409,0.08201997509641026,0.0723419647653532,0.1327445207263042,0.12944829713531109
149,149.0,148.99776274806447,0.09398594977001754,0.11303644538038438,0.0964529073875125,0.09286542769880492,0.06661793688397938,0.1219467307796485,0.08008849107847699,0.0724054345684425,0.13256603040340706,0.13003464604932613
150,150.0,149.99759281456036,0.09308742079734939,0.11299785793014297,0.09522641717232846,0.0931791306070642,0.06779947098406007,0.12279976347392202,0.07892697693399883,0.07265000947350372,0.13171332563203997,0.13161962699559024
151,151.0,150.99746394626104,0.0913272665966629,0.1115337714985466,0.09758618034892654,0.09218534637203528,0.06795065709904174,0.1238496137223317,0.08159603967470686,0.07126321340748384,0.1315369732169914,0.13117093806327298
152,152.0,151.99737332532905,0.09148641627780597,0.11160799554010853,0.09669749162142728,0.09271727539839233,0.06670052465433653,0.12445039425595376,0.08153200740991588,0.07098285683542085,0.13234342370587332,0.13148161430076538
153,153.0,152.99731803323698,0.09132697354738087,0.11170796201857422,0.09665978704164202,0.09234508109067134,0.06632074143026681,0.12308395333575953,0.08150525620736149,0.07213749054220248,0.13262245733594824,0.1322902974501929
154,154.0,153.99729509002177,0.09026156801891176,0.11185927308141982,0.09792605330081938,0.09175845463622083,0.06448614815669934,0.1234836039510261,0.08281773567173568,0.07234416417133327,0.13382524092207623,0.1312377580897575
155,155.0,154.99730149022784,0.08978862399604658,0.11225395931839702,0.09735533106312458,0.0914956471606654,0.06425910584679241,0.1221254058726819,0.08235331464920101,0.07192023593378742,0.1366717257940763,0.1317766503652273
156,156.0,155.99733423551103,0.08988361827840172,0.11335657875143847,0.09627697377086064,0.0910943986895672,0.06429515842230207,0.12150456533471528,0.08313326876580614,0.06963836689885163,0.1393071538769267,0.13150991721113006
157,157.0,156.99739036391077,0.08909582252211747,0.11240712979594675,0.09597268336596337,0.09074317159885416,0.06425163134874107,0.12328910733906093,0.0814749558516907,0.06951681154805994,0.1400302416648278,0.13321844496473767
158,158.0,157.99746697583146,0.09116711394515423,0.11366682814099828,0.09566893600395715,0.09044609488796042,0.0653683553883982,0.12219861537267118,0.07931285399950462,0.06945012290757803,0.1402069301624694,0.1325141491913083
159,159.0,158.99756125680176,0.09247482071568841,0.11460270759473008,0.09537597016778947,0.08935219114702957,0.06518156832816009,0.12364447770529714,0.07779216432814547,0.06905971321107195,0.14072881660087036,0.13178757020121729
160,160.0,159.997670497107,0.09295311877782077,0.11462808295824446,0.09389229680228807,0.08936060359085295,0.0658225228263756,0.12523874907163182,0.07646575871804084,0.06951722802256334,0.1416236617983168,0.13049797743386513
161,161.0,160.99779210841066,0.0936795486381957,0.11495056590005777,0.09451243108350187,0.09016898504282637,0.06568399303372614,0.12412225647016412,0.07552073388284744,0.06941755739300277,0.1421436487871511,0.12980027976852648
162,162.0,161.99792363749984,0.09500963286104308,0.11536733261647031,0.09469155979030977,0.08918014729545429,0.06499964362265745,0.1259634240227047,0.07495397405926332,0.06798274040627889,0.14300966987016742,0.12884187545565057
163,163.0,162.9980627773051,0.09432583193763383,0.116386784573782,0.09502658307058756,0.08822168680204365,0.0643997458380457,0.12551493674847283,0.07421045128712991,0.06910011293871685,0.14367317097525717,0.1291406958283303
164,164.0,163.9982073753568,0.09403413296803151,0.1166391752701188,0.09627651509940469,0.08873031811098622,0.06392642376497781,0.12434727783872045,0.07433279358819582,0.06857935417110873,0.14387376009942437,0.12926024908903136
165,165.0,164.99835543984977,0.09437961492819213,0.11771427489374428,0.09574127193951958,0.08797266730940363,0.062443318187050165,0.12550415831128217,0.07365681749459728,0.06788604717479776,0.1433484933652437,0.13135333639616903
166,166.0,165.99850514349492,0.09513631394235474,0.11720975908989736,0.09823598496336731,0.08620183775901855,0.0630390076664553,0.12641183061310748,0.07305404978013781,0.0659162962791427,0.14526434377987096,0.1295305761266475
167,167.0,166.99865482534062,0.09580339822562757,0.1168777752551098,0.09757068417242672,0.08626547743391444,0.06281139621844348,0.12686995555164005,0.07405305094230574,0.06637780192345794,0.14373793765514914,0.12963252262192487
168,168.0,167.99880299074837,0.0945798184764818,0.1190863656086606,0.09606536782608971,0.0856213300933511,0.06154863656111282,0.1252031506518168,0.07389879197681626,0.0675119486673672,0.14742422567061456,0.1290603644676889
169,169.0,168.99894830970783,0.09483032614576292,0.11806089305107373,0.09693676939499792,0.08516784192693973,0.062180057604826464,0.12361659274346166,0.0741653867931174,0.06714206264811255,0.14850935705090798,0.1293907126407994
170,170.0,169.99908961367427,0.09586377543255883,0.11867396520641545,0.09863265929893858,0.08488346825299654,0.06275140280826372,0.12120101264663306,0.07419303698273672,0.06745164349228128,0.1487792658052034,0.12756977007397216
171,171.0,170.99922589110733,0.09847496294827891,0.11783356077005598,0.09819232740562468,0.08623247818945846,0.061744087728499694,0.1247204040638579,0.0739937844879527,0.06573296355779357,0.14801537882349458,0.1250600520249833
172,172.0,171.99935628188598,0.09751551250341721,0.1194592992288161,0.09867253052078911,0.08548870026418344,0.06279619939524027,0.12491870498180388,0.07323940289551054,0.067330871389142,0.14749887860219174,0.1230799002189055
173,173.0,172.99948007076793,0.09549261609220677,0.11784471848229325,0.09784541285927861,0.08539456567233521,0.0619749315228109,0.12488950666242025,0.07486633117765244,0.06725900550592584,0.14953420489311814,0.12489870713195836
174,174.0,173.99959668005403,0.09736383751506436,0.11677656307032461,0.09749773233408832,0.08488864783556221,0.061051085668889775,0.1256284538219989,0.07501670335540497,0.06649363458093788,0.14829384640161475,0.126989495416114
175,175.0,174.99970566161096,0.09656417885783515,0.11552689603798928,0.09934602707107908,0.08429712609530686,0.062098191035274135,0.12686994324694698,0.07694556631328506,0.06660809810432891,0.14539413849665137,0.126349834741303
