,Unnamed: 0,Generation,Intertwine_two,Add_vertex,Delete_vertex,Invert_path_vertices,Insert_inside_vertex,Delete_inside_vertex,Replace_inside_vertex,Donate_between_routes,Trim_one_terminal_cb,Grow_one_terminal_cb
0,0.0,0.0,0.09999999999999999,0.09999999999999999,0.09999999999999999,0.09999999999999999,0.09999999999999999,0.09999999999999999,0.09999999999999999,0.09999999999999999,0.09999999999999999,0.09999999999999999
1,1.0,1.0,0.11281697221274878,0.10034951884784113,0.0805848346731031,0.09894080909187888,0.09534624396081301,0.1041447724511865,0.10805355020645413,0.09889365993112009,0.09921761406238182,0.10165202456247213
2,2.0,2.0,0.10469941421617471,0.09893887271650263,0.08216779781683474,0.10518136839808404,0.09166126223823647,0.1129449612707502,0.1085220933361823,0.08932918412514655,0.1065085688178821,0.10004647706420589
3,3.0,3.0,0.10078271020300082,0.09635899127710873,0.080389921697314,0.10050728192305074,0.10656593649843342,0.10579766248301645,0.09959648232243763,0.09733820275787815,0.11453049571105403,0.09813231512670553
4,4.0,4.0,0.09745271901474731,0.10464794863393394,0.07488664745892482,0.10281291316416871,0.09610800196220085,0.10791801672955474,0.11150751039018374,0.08743782488249877,0.11041616992304419,0.10681224784074239
5,5.0,5.0,0.09687637842461362,0.09238976108457347,0.08534257087684616,0.11288209996252292,0.08196325612240614,0.10594500044258677,0.11089940378671323,0.08112031050189554,0.12024488830170274,0.11233633049613893
6,6.0,6.0,0.0972311902454954,0.09162510595154867,0.07828666224396612,0.10727961637672108,0.08957797952808674,0.1092068253646807,0.10709467551863161,0.0979770434546837,0.11161349586270183,0.11010740545348363
7,7.0,7.0,0.10539134790703727,0.09496922373934895,0.09366656800774487,0.09565238737925855,0.07333452965359777,0.11513039366196412,0.10195886333660235,0.09174679596820608,0.1129020821346893,0.11524780821155031
8,8.0,8.0,0.10930630380456477,0.0859158779020902,0.08092457455499283,0.09417130125141544,0.08133003506480858,0.11940655419563044,0.10085314460139347,0.09983062215607495,0.12103140326030944,0.10723018320871938
9,9.0,9.0,0.10603140334744403,0.09888459383208542,0.07771062664659116,0.08980250346614417,0.08987874350364593,0.11280225121153079,0.11814375855281822,0.08466560491248465,0.12162540442616843,0.1004551101010868
10,10.0,10.0,0.10575166364493868,0.09063706237167456,0.07182368887348016,0.10003238776958208,0.0783127460403135,0.11162246158319097,0.11370447450721304,0.08359592821549856,0.13141566458665424,0.11310392240745377
11,11.0,11.0,0.10546388224039002,0.07878689124565197,0.08342344011463501,0.10115773715096628,0.08117923473921128,0.1259565678875009,0.10027859063270776,0.08324626356750191,0.12872566706725083,0.11178172535418344
12,12.0,12.0,0.09653899289612289,0.09427761292129064,0.08132231903143097,0.09441874943986384,0.08885124154306887,0.11769040377106514,0.11168404897979278,0.06983807041108392,0.1329827461404947,0.11239581486578573
13,13.0,13.0,0.09930793712866194,0.08843150188513949,0.08690801357700971,0.10835789700252585,0.09041101628694949,0.12277211563777865,0.0974519144342347,0.083724968648159,0.11347506263304115,0.10915957276649949
14,14.0,14.0,0.09490714609851478,0.10172426946684136,0.07678916676025585,0.08938437595075015,0.09089957827843001,0.12893817344013642,0.10693395007239373,0.08311470886147573,0.11962877927928657,0.1076798517919149
15,15.0,15.0,0.09315209250416903,0.10460723325111516,0.07929902242463278,0.09622127797010536,0.07445502645932832,0.11535426913300517,0.09924820123718817,0.09333563360381344,0.1308685501189494,0.11345869329769262
16,16.0,16.0,0.08656125972129827,0.09803968231907136,0.08459055077807061,0.10241960906207184,0.07343746448486234,0.12321370579826196,0.09630346433012069,0.07947465130810344,0.12657015952162448,0.12938945267651453
17,17.0,17.0,0.09787504265882799,0.09423309385629158,0.08167462117891273,0.10144248343266866,0.08510847512958267,0.1324357191192705,0.09316464645405659,0.08654728226958934,0.11862683238559339,0.10889180351520608
18,18.0,18.0,0.10298818342518609,0.09090320381214266,0.07310483439565554,0.09438644308085478,0.080013717164204,0.13106752962702958,0.10396303141139829,0.07385482016551645,0.1378056754524782,0.11191256146553386
19,19.0,19.0,0.0949783179300241,0.09541143257846886,0.07981907302898962,0.11102326587931874,0.06981521315638699,0.11909545716597643,0.10105766419250986,0.09327808291844328,0.12395836231136399,0.11156313083851768
20,20.0,20.0,0.08325819510727041,0.09100423776135028,0.07712040457495144,0.09199783543677306,0.07704850347555645,0.1242364361251032,0.11912985401115488,0.08761020737864056,0.14855800859971816,0.10003631752948099
21,21.0,21.0,0.09333702135386371,0.08991562758281477,0.09252209296302198,0.08571713046780359,0.0861403768059503,0.1277987437018354,0.09444496155518398,0.08813580829997018,0.12710586391753795,0.1148823733520176
22,22.0,22.0,0.10721617587839652,0.08396673716029758,0.09817824184537997,0.09581703643956088,0.08147773070632185,0.12831711438679402,0.09714083170055729,0.08471652067825017,0.13712706977245995,0.0860425414319813
23,23.0,23.0,0.0947080822554007,0.08272035051037177,0.0828200815878678,0.102029639782878,0.06839990345629446,0.12666695267319578,0.12084909820594229,0.07783761459052854,0.11755876823417136,0.1264095087033488
24,24.0,24.0,0.09877184616499415,0.08016019517235853,0.0762785171837274,0.07876763345541098,0.08908229942244197,0.14495116296300442,0.09721400957907869,0.09815839247320804,0.125009133835874,0.11160680974990136
25,25.0,25.0,0.09542674975998458,0.10915851107542032,0.07020748062228592,0.09373743076505783,0.06933811974509099,0.133361622004439,0.09013141830732199,0.09076170515307111,0.14211896787052344,0.10575799469680439
26,26.0,26.0,0.08089078276102635,0.07657088914203916,0.07065170439579137,0.0898825443886216,0.08296132097855836,0.1500980050954974,0.10299367631234255,0.08716384260062346,0.13380505258499148,0.12498218174050783
27,27.0,27.0,0.09237082237226309,0.09637603435555726,0.0748729930160892,0.09320124641985814,0.05628592196948724,0.15008138200970894,0.09772970520817445,0.08578872512840319,0.1373459786726273,0.11594719084783064
28,28.0,28.0,0.08002050919049092,0.08828559171251978,0.07860222834636713,0.12095733013385859,0.08016308181160534,0.14167909676800425,0.09289272874361276,0.07496777308223602,0.1297376809966771,0.11269397921462773
29,29.0,29.0,0.09124880299796723,0.1064414785183427,0.06311655411174157,0.11021414117947168,0.07700628110486189,0.1366879259609231,0.08669199304226285,0.08892254144554904,0.13897983542149606,0.10069044621738348
30,30.0,30.0,0.10102245780890043,0.08360001185299079,0.07799849683561717,0.09729725293888106,0.062269842356490655,0.13925893566496114,0.10706686153603066,0.08718161097535992,0.13412615900041094,0.11017837103035674
31,31.0,31.0,0.08155993409541151,0.09501002030010508,0.07691568528304196,0.10416670249741275,0.06944553050378466,0.13512118596965886,0.1006635641121452,0.08311925425070214,0.15511294148917693,0.09888518149856038
32,32.0,32.0,0.10818115896403209,0.0952707516891659,0.07260622532575241,0.10277260891376867,0.08089485194105132,0.12254447658273046,0.08952774761691058,0.06750931703435833,0.14860821451419112,0.11208464741803859
33,33.0,33.0,0.07705634000215938,0.10090315389712398,0.09965875171547689,0.09573719138592288,0.06474641948914148,0.1451170285067719,0.09989248559359727,0.07243473384791056,0.13502542696198186,0.10942846859991333
34,34.0,34.0,0.10174705406470538,0.09459894391500034,0.07265376880657051,0.08188129765374993,0.07659674073295998,0.1400994341723947,0.09153053667036279,0.09177447083689709,0.1362172389809116,0.11290051416644724
35,35.0,35.0,0.09990917149249348,0.08847394835125652,0.08697825694606862,0.07957780377273302,0.07150542642304228,0.14378506431803392,0.1029140230276397,0.08699433421212059,0.13727298193768106,0.10258898951893032
36,36.0,36.0,0.10372347840052591,0.08262122272922572,0.07724485846900568,0.09141707823812639,0.07162564633782922,0.1469975858306435,0.10998016980717477,0.07507908561913866,0.15053734498511862,0.09077352958321104
37,37.0,37.0,0.09703698726130575,0.10724930592388068,0.09252090961726925,0.08782382692599015,0.05614424033482551,0.13182329514187457,0.10140279133085464,0.06848297065847866,0.13716352416112312,0.12035214864439725
38,38.0,38.0,0.10278620229232419,0.10579078720777935,0.08553276514595835,0.09988768650409993,0.05395134983009266,0.13741280573336795,0.08818860995079084,0.08950876373539396,0.12851808408502302,0.1084229455151694
39,39.0,39.0,0.09072168932940322,0.09397051251653134,0.08367935508531335,0.10085680405943569,0.06961701074966611,0.13850286114748153,0.09204990170924361,0.08020751397494597,0.13960442805592455,0.11078992337205404
40,40.0,40.0,0.08909629936619964,0.09743470017437336,0.0703555727377462,0.08179239530422537,0.0699029060070245,0.1431293622798338,0.10348330977571199,0.08045663363917724,0.14819063588853357,0.11615818482717384
41,41.0,41.0,0.0823356469365922,0.08414665839063987,0.09631053017683147,0.10948752622582847,0.05196122877961083,0.14277300817132685,0.09629478140651815,0.09072622636442385,0.1344455561956416,0.1115188373525862
42,42.0,42.0,0.09515070257986502,0.09260628411575066,0.08490337275451493,0.10178153170203567,0.08009697787912971,0.12814345671983401,0.08980860258556907,0.07779022716374115,0.14280233018689262,0.10691651431266676
43,43.0,43.0,0.09004420349805628,0.09947948306942771,0.06392525122899852,0.10033667327796572,0.06729436273361677,0.14120125118336183,0.09974460650200603,0.09125275753966068,0.13922180413099425,0.1074996068359118
44,44.0,44.0,0.10177136835519698,0.09914690202139681,0.07937838136677935,0.0985405702113858,0.07189380346693923,0.1473908409400294,0.0723346202233498,0.08856601644816658,0.14011579927013584,0.10086169769661975
45,45.0,45.0,0.07609110243594842,0.09077721324298714,0.08561213856522673,0.0918921180678482,0.08479912920928745,0.1238951770550261,0.1138281728863946,0.0888050544463836,0.15122136773099978,0.0930785263598975
46,46.0,46.0,0.09341397956669743,0.10026941194281147,0.08091965719073305,0.10039117957844698,0.061929108652636636,0.14861192816996785,0.08144218798599087,0.08884364195513053,0.1425853188564533,0.10159358610113134
47,47.0,47.0,0.09288119066755249,0.09421885719746068,0.08043501123714589,0.10649358334786836,0.055148144513051535,0.13390177281896734,0.11849418014469011,0.07704608106576213,0.13201584088781856,0.10936533811968241
48,48.0,48.0,0.09655567308529156,0.08917253941119152,0.10741173771366201,0.07949140397628064,0.08048316495745435,0.13418798191750847,0.08556837286395129,0.07545828351522058,0.15366009735094813,0.09801074520849107
49,49.0,49.0,0.09392350123498128,0.09789422630747589,0.08613199486856712,0.1038819572578072,0.07463550888552566,0.13283943398100478,0.1056345688498503,0.0687210816747781,0.1412277113861526,0.09511001555385665
50,50.0,50.0,0.08738585381428363,0.10243776202944985,0.06924536860752843,0.0954783826412668,0.07882321233899939,0.1425435806258165,0.09334417615826385,0.0765992743144558,0.14361232410245447,0.11053006536748082
51,51.0,51.0,0.090871624045901,0.09486716161662928,0.08988655085427398,0.09052559460254504,0.06863103233663241,0.1544592033917658,0.08886404291241769,0.08632131042875582,0.13437267437958966,0.1012008054314888
52,52.0,52.0,0.07629767268012541,0.09560185437477874,0.08268050212847416,0.08108628954386668,0.0839904116522121,0.14475792179097127,0.09892611610474653,0.07400401094642545,0.14867455804876611,0.11398066272963307
53,53.0,53.0,0.09667435029856178,0.09819073876014366,0.08489039622963276,0.09173468485481592,0.06800432234903496,0.11946053207437099,0.09108843003306097,0.09144316744894607,0.13572955783976282,0.12278382011166963
54,54.0,54.0,0.0912568426356769,0.11008493713965765,0.09229277207340744,0.09910924382308674,0.06314752884792577,0.15067400638115086,0.09394150332431414,0.0693251146472849,0.12495078859650255,0.10521726253099266
55,55.0,55.0,0.09514998379043357,0.10504194573770091,0.08263580248773575,0.08850844029059338,0.06683180767651474,0.15122210240266432,0.08748955344632763,0.08220745715472262,0.13346680504577124,0.10744610196753542
56,56.0,56.0,0.08330928550857962,0.08576877113948134,0.07224297940565247,0.09162453019907954,0.0740823986214113,0.14836113436730103,0.10136440616811715,0.09777850264667723,0.1426774056494608,0.10279058629423905
57,57.0,57.0,0.07869870464970931,0.08708074241806517,0.07367389390299946,0.09768450070841506,0.06623149809081243,0.12404229819865746,0.11677963147656847,0.08291744992982489,0.1663404658213764,0.10655081480357101
58,58.0,58.0,0.08391998554665887,0.08973447308047502,0.06439050469784174,0.08776011954055356,0.07609589084736859,0.14783496383204034,0.09372452441984917,0.09384343524742893,0.13187403057667008,0.1308220722111132
59,59.0,59.0,0.08135970825158903,0.1012752787222082,0.07196036322221644,0.1073421133848376,0.08382547451768331,0.1342206419092724,0.0970672879730545,0.08361107389988716,0.1462313389637316,0.09310671915551934
60,60.0,60.0,0.07159972177381443,0.09281041384890135,0.09939232181080185,0.10387080743166757,0.06924270824125622,0.1451519930272659,0.08027617063793022,0.08751340782081515,0.1475524489821248,0.10259000642542208
61,61.0,61.0,0.1099166310347148,0.09526973192708418,0.09691206589349631,0.09723729047074686,0.07695482183755725,0.13002389556489785,0.08605991716719161,0.07280801385288689,0.13570118335917616,0.09911644889224759
62,62.0,62.0,0.09853705849784351,0.08942762448061395,0.07408541235041487,0.10615769339076335,0.07901871034900496,0.14339019145145662,0.08414677112779281,0.07538383882193259,0.14331343329252105,0.10653926623765579
63,63.0,63.0,0.1026220283591511,0.09387955009428738,0.07624568023348607,0.11744794864194259,0.08172425056435577,0.12500547170314694,0.0905859923059122,0.06606393350782726,0.13700375323493705,0.10942139135495318
64,64.0,64.0,0.08434062868523617,0.08117176915804536,0.0910835735969904,0.10799861359223488,0.08194848421033052,0.1296847131349498,0.08615821476646125,0.08436188764162633,0.14109778205588558,0.11215433315823922
65,65.0,65.0,0.09629143440054967,0.09141742687270829,0.07416177974318745,0.11430933404617671,0.07099678252313549,0.13211165377791406,0.09639346730593507,0.07157291066166035,0.13331593112230883,0.11942927954642371
66,66.0,66.0,0.07785428852242916,0.09701278440323861,0.07575562747127038,0.10018085654650347,0.07256007398742526,0.1369488037373313,0.08423577282733596,0.0796335764658375,0.1517892514889509,0.12402896454967705
67,67.0,67.0,0.09647403421794698,0.10595172386141796,0.08352917268751661,0.09720867793087529,0.07577296864747114,0.1322487167328362,0.09123274809517071,0.07223651142227494,0.1292570337926106,0.11608841261187919
68,68.0,68.0,0.09186327881597232,0.0950243028977145,0.07016861691553952,0.09321548587221909,0.07287055821495081,0.1493772327157113,0.09705388069942837,0.0741535590836723,0.1375052758066614,0.11876780897812993
69,69.0,69.0,0.09753762373511557,0.09346495502958338,0.08184038655736131,0.09074171889011777,0.05844952578681545,0.12862846824856294,0.11154598960220516,0.0886924562689462,0.1397224853218471,0.10937639055944456
70,70.0,70.0,0.10706075998623746,0.07820369561780449,0.08650267580934314,0.09739189804559206,0.07327387829811247,0.13201725786445745,0.1005043729582149,0.09124148604250155,0.12823234994623825,0.10557162543149771
71,71.0,71.0,0.09390833448379385,0.10834824842507418,0.08186440935747472,0.08794126905632799,0.0714560534578894,0.12913871862995516,0.0966528550814811,0.08524455281120476,0.12607681160337694,0.11936874709342149
72,72.0,72.0,0.0887031396789897,0.10534359160749865,0.08116143883617359,0.08584742240549284,0.07072927746333593,0.13557182325708123,0.09766208490316866,0.08335534253031443,0.1411918991455165,0.110433980172428
73,73.0,73.0,0.08798094130277492,0.10121536725014009,0.08085965743660664,0.105449418795919,0.0660626190866369,0.1475830952707761,0.07808454575600768,0.0808451876592773,0.14653480557997758,0.10538436186188335
74,74.0,74.0,0.10412536780154584,0.08030520301072415,0.08748114421498238,0.08437329146066415,0.07442322407944305,0.14142239534629783,0.10924658092051205,0.07200303597176422,0.14086972131078473,0.1057500358832812
75,75.0,75.0,0.11621894880819388,0.0877095064665007,0.07084236461710981,0.08856126662645725,0.06870841653866144,0.16717402033976575,0.08030830947722634,0.07376474370142476,0.15203304269492407,0.09467938072973561
76,76.0,76.0,0.08500828257952903,0.08775330419858558,0.0725758720558097,0.09877901021941782,0.06360488697941648,0.16418980961012122,0.10481137518264969,0.06519458987857274,0.15973959336736976,0.09834327592852762
77,77.0,77.0,0.08448021135324338,0.09919429801668893,0.08261245144453636,0.10365703744424679,0.06257758757141466,0.1297871321117902,0.09388629194960826,0.08368025011983889,0.13896460054433019,0.12116013944430197
78,78.0,78.0,0.08301397839041015,0.1116499100834472,0.07930072337493714,0.08697306711609958,0.05612896515745893,0.13709062135120598,0.12041754216826746,0.07365665260668171,0.13370878198294506,0.11805975776854635
79,79.0,79.0,0.08221729537681767,0.08872992077027098,0.09758095439020226,0.11732849251738828,0.04442498216997365,0.1370721119339911,0.09450238971330649,0.06788318903915522,0.1564248150268964,0.11383584906199753
80,80.0,80.0,0.09212280307112487,0.07217406401927348,0.09230604291907754,0.10344891459489072,0.07504449066755756,0.14982711059999226,0.09746851817183089,0.07054986149321418,0.1352529855197841,0.11180520894325405
81,81.0,81.0,0.10945425668330437,0.08708183804599574,0.08457439823722629,0.08825864008977498,0.0715397274003627,0.15048384516070562,0.0832318054216555,0.05105931630506675,0.14956968269836488,0.12474648995754274
82,82.0,82.0,0.08449059516114132,0.09309934841337816,0.07977568285498254,0.0725541877344772,0.06210885199420636,0.13662168258612678,0.0871140500210166,0.08239901044777925,0.1635684953198287,0.13826809546706267
83,83.0,83.0,0.09351279229844724,0.08955924481180369,0.06590835147825423,0.09036633246931061,0.062328755715105134,0.13956182436492254,0.09767799196508063,0.06993831229698841,0.16765829790503547,0.12348809669505156
84,84.0,84.0,0.09470316989493169,0.08060883926904949,0.08754077894006594,0.08584063596294808,0.05854143485359842,0.15305334650462996,0.09341136253701995,0.08146214711845857,0.15314039171819105,0.11169789320110632
85,85.0,85.0,0.08652320099906805,0.094056301583667,0.07579051774288734,0.0988158453963264,0.07176148022812735,0.14158150369549957,0.10716059377669955,0.09161749920951985,0.13722179257141925,0.09547126479678514
86,86.0,86.0,0.09815756358691763,0.0973291758659915,0.06156407206616281,0.08905596364583024,0.06940892593529881,0.14172190341616758,0.10246018859204833,0.06728542982034566,0.14734753402779815,0.12566924304343874
87,87.0,87.0,0.09755879120643532,0.09260058472792614,0.07883125621010842,0.09915705457713538,0.0846742941706928,0.12810140852925686,0.10658336166377755,0.08247133682827597,0.12210533135416739,0.1079165807322237
88,88.0,88.0,0.09538718673854467,0.09356477773501409,0.07693399955337833,0.08993971114748793,0.06288751131687033,0.13584677168679787,0.10655037921380488,0.08775657651150663,0.12964081444251196,0.12149227165408298
89,89.0,89.0,0.08496631743463459,0.08702645862879185,0.06711394203122191,0.0775012282758386,0.09348426493139148,0.15093407864727423,0.08927786507722658,0.08369897224389268,0.16886715711091999,0.09712971561880762
90,90.0,90.0,0.10160248747752236,0.09701731636027751,0.0983418064989055,0.07651880073021519,0.06605873289649637,0.1242130760333422,0.09311842782128191,0.0636325940667404,0.15235513900110134,0.12714161911411676
91,91.0,91.0,0.08439040302532586,0.10357027693021337,0.08339309297665465,0.10352374936099143,0.06505458555471193,0.14996066016431037,0.09391732296224423,0.057180311210556625,0.16190175245396754,0.09710784536102353
92,92.0,92.0,0.10087331952637457,0.09542510494733544,0.07772154288784626,0.09136352704960475,0.06029187345544783,0.14330873633072852,0.11338148584323453,0.07293317296327588,0.14550678955798166,0.09919444743817014
93,93.0,93.0,0.08724341828951883,0.09480829463936577,0.0758329632997876,0.08706013729756328,0.07857638744575636,0.15871400589160883,0.09174217029167375,0.0703268227857298,0.14785006068611753,0.10784573937287775
94,94.0,94.0,0.10385468579577739,0.092613978786565,0.074234808034431,0.08930610671218145,0.06795774248796238,0.15052791538939347,0.08508606040418172,0.07213229098516453,0.14472305958621526,0.11956335181812736
95,95.0,95.0,0.09682195975562499,0.09529803516632032,0.07876810924054291,0.0743282083471124,0.053116155561850266,0.15898913117289928,0.1237247525051712,0.07189464979854786,0.141999358051544,0.10505964040038626
96,96.0,96.0,0.08684337703719353,0.09357283230243646,0.07871354500415592,0.08512295540255013,0.07261153363837883,0.160024385308611,0.11540241911899776,0.06990407696943644,0.13797412190523234,0.09983075331300718
97,97.0,97.0,0.08488353038766819,0.10363553515928894,0.08520421745277516,0.09695209876969023,0.06193348299989389,0.14711830498870582,0.08764135497298459,0.06817020222538063,0.14974955833205444,0.11471171471155768
98,98.0,98.0,0.09211730027475988,0.10486900607644958,0.08113707123810085,0.09037202381298344,0.04746121837495739,0.15312938190557498,0.09686761169095487,0.07465681289634549,0.14406327419149748,0.11532629953837559
99,99.0,99.0,0.0816041619028828,0.08856286597491628,0.08652143642427383,0.09145515116614053,0.058076492920321354,0.14539826282118015,0.09121695471171563,0.07010971565031136,0.16872281205285075,0.11833214637540683
100,100.0,100.0,0.08637093432796773,0.09031869088485663,0.07330144939422578,0.10027591195145724,0.05402140907420405,0.15557024409273273,0.0994613105009003,0.07308761679486589,0.15085319091578753,0.11673924206300172
101,101.0,101.0,0.08541010652238577,0.10354060163516657,0.07550936230379188,0.09663984093373305,0.05439031472624939,0.1485643195957589,0.0825906189915937,0.09182016838385888,0.14973281730497076,0.11180184960249065
102,102.0,102.0,0.09093906792572261,0.09324305296772296,0.06566310661489885,0.0878312826880176,0.0651134482674798,0.15416990350155133,0.09033310265613413,0.08213202728244795,0.14915507733592454,0.12141993076009994
103,103.0,103.0,0.09894005626346376,0.09037257247576622,0.09262353024858026,0.09174154519397412,0.04783509689985573,0.15899131661601124,0.08415846368697513,0.0731481820402327,0.14442837350590454,0.11776086306923583
104,104.0,104.0,0.10595955549713265,0.08701768896497793,0.0804216792191005,0.08799356633767344,0.06869789746128328,0.16360487827780287,0.09641882778397344,0.059421466081129484,0.15812888152535648,0.09233555885156948
105,105.0,105.0,0.08706006359595833,0.088802508188069,0.07799201381428575,0.10253046032902771,0.059490762734369394,0.15479355075757067,0.09254026722535559,0.08034271722373437,0.14532364648094562,0.11112400965068307
106,106.0,106.0,0.0850628995091648,0.09155705453692077,0.0911130023977606,0.10218515282210634,0.060008252846125175,0.14344809978837222,0.09478902991850402,0.07780178685625683,0.14246312866784028,0.11157159265694842
107,107.0,107.0,0.10328116531955774,0.09524604608306442,0.08233100043685533,0.09171624504702182,0.049798655883425705,0.13676691411020753,0.09778419236017517,0.07303782746288937,0.15469305879787026,0.11534489449893222
108,108.0,108.0,0.08508118825472141,0.09914143972692444,0.08955360613926475,0.0838262256317757,0.08005719316173593,0.14550805844531772,0.09926925134858708,0.07252068137566406,0.14490156230422685,0.1001407936117816
109,109.0,109.0,0.09899061878067318,0.10096035135899792,0.08008474006142315,0.08978895570973032,0.07203589000834972,0.15061765439118763,0.07924244858260741,0.0745315491635426,0.13875870573812385,0.11498908620536392
110,110.0,110.0,0.06671621813320183,0.08401640408697901,0.09822823833028926,0.11317016987476787,0.0628729816899964,0.1576372117243464,0.0952347648765676,0.060051541391911156,0.14904290407635193,0.11302956581558816
111,111.0,111.0,0.07647307753504799,0.10099331396927291,0.09404633766236438,0.0862229996495523,0.06124957287027895,0.15843128692277625,0.07995636091856163,0.05503109036591214,0.16191303093266285,0.12568292917357024
112,112.0,112.0,0.0980308663898381,0.08909437808827333,0.07849816270614961,0.10365912881818654,0.05944100063725215,0.14512707051925575,0.07009249122844498,0.09277269773200397,0.15271881350474512,0.11056539037585
113,113.0,113.0,0.10300704550750547,0.10450496386081096,0.08314539399015114,0.06279401156825534,0.06487065186889855,0.1451976627889474,0.07403596887605833,0.0688661306156573,0.17777471838047562,0.11580345254323947
114,114.0,114.0,0.1133424172512579,0.08964225566196243,0.0827285229700758,0.0701595194030584,0.06841448589742608,0.15047509003155052,0.07670984295071519,0.07225407181372123,0.15822499206832205,0.11804880195190992
115,115.0,115.0,0.10140842321008788,0.0939295130167839,0.09538052324280857,0.11314682058396142,0.06632430028547256,0.12066529267448692,0.08619709871320805,0.07001789764632818,0.14106089280179762,0.11186923782506455
116,116.0,116.0,0.07520689766459815,0.08777390061240309,0.08230199116798002,0.09005896591265151,0.07328092701479616,0.13955621859402045,0.10344650203900643,0.08049163971013207,0.14728817195766125,0.12059478532675036
117,117.0,117.0,0.10351832600609712,0.11376329080810718,0.08466868470939107,0.09880488664588519,0.05261689289293551,0.13398663041399955,0.09866466654676517,0.06463518497243576,0.14123161870260073,0.1081098183017823
118,118.0,118.0,0.10882779433233047,0.09422879721119023,0.08357587602441889,0.0955066051175957,0.05966971298174819,0.1406410771936796,0.10189307931274458,0.08682428386693322,0.13054733821485284,0.09828543574450581
119,119.0,119.0,0.08996384037466655,0.09084909137190583,0.07162554154961069,0.08953237508190909,0.056907159158499,0.14766470416717495,0.09866321213096876,0.0889866119861363,0.15175278516499693,0.11405467901413147
120,120.0,120.0,0.10257202399012058,0.09909515327469129,0.08846140568322429,0.08696605518035025,0.05599387812100707,0.1463771968469121,0.09687353297754057,0.06690514960992493,0.1407270265160234,0.11602857780020508
121,121.0,121.0,0.1076562084543553,0.10454393124295766,0.06195291589626151,0.09173771522927937,0.06295838902842935,0.14296938209651852,0.08105571565119445,0.0859074331337548,0.15944090012968232,0.10177740913756628
122,122.0,122.0,0.08040415877207735,0.09547657960056918,0.08299402597820342,0.09283505012712695,0.059825757255697165,0.15160353263833976,0.09920041714972065,0.07459374007086135,0.1544024283260065,0.10866431008139721
123,123.0,123.0,0.07382685006662895,0.07939187591384175,0.08104489680641493,0.1105728505173688,0.06666908587740099,0.12678456200647842,0.08464150471171163,0.0919236357986808,0.1562378090747272,0.12890692922674613
124,124.0,124.0,0.06648718136906537,0.10819128839177823,0.10096823144688535,0.10966868849744671,0.06589396392097122,0.1396062630960337,0.09691527812694255,0.0735829132886206,0.1354023960252569,0.10328379583699905
125,125.0,125.0,0.10494043764981273,0.060626659665124684,0.08016253449100275,0.09039151831344726,0.06446590115588836,0.15584652759313572,0.09560924792482332,0.061717713045055654,0.15448157911394503,0.13175788104776404
126,126.0,126.0,0.10496873554358929,0.07302483433303222,0.07370554690747491,0.08214239891761084,0.06779407736016431,0.14995631845571872,0.10142914406171724,0.05623800691966545,0.17872163349720585,0.11201930400382074
127,127.0,127.0,0.10484461595123733,0.10807283950876775,0.08597829375667657,0.07525059953891408,0.06537061502706873,0.15497493702760648,0.07888341076372009,0.061767009190191825,0.16470728864364498,0.1001503905921719
128,128.0,128.0,0.08114356119779492,0.08798816878486712,0.08157670594204881,0.0789349627590156,0.06418897246306621,0.14212308374585753,0.09549080035354972,0.06647882497708035,0.18150143181907455,0.12057348795764485
129,129.0,129.0,0.10864215188195117,0.08132629417138842,0.07372426866195239,0.08226885217239575,0.07912020503771551,0.15105818170052202,0.06823455409517663,0.0778733895934524,0.15133722694759727,0.12641487573784804
130,130.0,130.0,0.10343912580408918,0.07744518851301173,0.07703157580172727,0.09853903368925596,0.053472041492185776,0.1288948605836135,0.09169533032233126,0.08330868669986571,0.15765970712987126,0.12851444996404787
131,131.0,131.0,0.08943975182514338,0.10152177122505945,0.09075480384717086,0.06995395225488821,0.056293932214516805,0.14843474214285476,0.08388842685360609,0.07302477712836848,0.16033452469737478,0.12635331781101683
132,132.0,132.0,0.09357662712666556,0.08528719453601827,0.07572875066843256,0.10058680230740395,0.051256288409969396,0.141196302351767,0.10356578770856392,0.056768348061466786,0.16745270517841454,0.12458119365129763
133,133.0,133.0,0.07987917926301766,0.1024582902651533,0.07395521264267144,0.08876502679970923,0.04916437835273674,0.1533371439345504,0.06719842686475015,0.07762438767254252,0.17189456362761998,0.1357233905772482
134,134.0,134.0,0.10637497464613777,0.1030060459646609,0.05494901266667378,0.10765622704197095,0.06945186819567048,0.13119121777574913,0.07652543100497701,0.09634848673134248,0.150513981186729,0.10398275478608802
135,135.0,135.0,0.08647668201081346,0.08567944364042476,0.10701188995820635,0.09152531870420495,0.06464981582389093,0.1404414343228106,0.09150558688501216,0.06973453383383028,0.15386488318891434,0.10911041163189186
136,136.0,136.0,0.08436029001812785,0.10972642226714029,0.08879427059937503,0.07793326122189323,0.07986014644363237,0.1320604797906944,0.10039362280936619,0.05862226774991926,0.14995075278600858,0.1182984863138423
137,137.0,137.0,0.09188082694164831,0.09129603721018832,0.0932908269785127,0.08863254981626738,0.0506913975771498,0.14129343561120888,0.08935354739446068,0.05601323811796384,0.17224891234312886,0.12529922800947074
138,138.0,138.0,0.08355098577979042,0.11143304765375035,0.07879561304617726,0.07786575567360941,0.08220517379089343,0.12435147563888935,0.1032175250881248,0.06411027452403095,0.14501422950662468,0.1294559192981089
139,139.0,139.0,0.09222262192823219,0.09615979552820854,0.08335504128132665,0.09152184230767624,0.059399146598301235,0.14522382884995264,0.08631229908612546,0.05845080116722249,0.1797678576467155,0.10758676560623866
140,140.0,140.0,0.08950163025259342,0.09205024352207106,0.08728721040317175,0.08973061777964766,0.05530289446062027,0.14433622044244113,0.09551833922667645,0.07216771012371101,0.15579822325843865,0.11830691053062814
141,141.0,141.0,0.09352166623916416,0.09740089612578944,0.07932355624147548,0.08406824795196813,0.05053636974939749,0.15891234552332945,0.07732275832493435,0.08765412856392309,0.13675243477685955,0.1345075965031585
142,142.0,142.0,0.07686644205063413,0.1098948279703755,0.08539839263880568,0.09186526799335842,0.07410886777395971,0.13324744024177065,0.0914619683743634,0.0748758037387345,0.14422756054608746,0.11805342867191009
143,143.0,143.0,0.09333357463798435,0.0794718978293279,0.08595420437364261,0.08146220635893789,0.05915470447317147,0.18509507786982143,0.09128222524322274,0.0642446643884153,0.14989782641592928,0.11010361840954666
144,144.0,144.0,0.08913290864081015,0.09613342836284153,0.06489537536519578,0.10194408296637066,0.06279276288591908,0.13992265924898256,0.09788896206391819,0.0815850460311155,0.14734111526757587,0.11836365916727018
145,145.0,145.0,0.09472641843248636,0.11788371911797577,0.08417879232844597,0.08550471400329601,0.05668414950913936,0.14636651613115995,0.09405176286972523,0.07378682782828866,0.13838111039489234,0.10843598938459006
146,146.0,146.0,0.09455315656338434,0.11647399407553198,0.06468405022218035,0.07944948240018997,0.057682030955681626,0.15240680367671408,0.10024848437882124,0.07745104266260498,0.14222600705473049,0.11482494801016059
147,147.0,147.0,0.07253702731370892,0.11472875642509799,0.09367007455650274,0.08903461824233339,0.058293377653725276,0.1428509685402348,0.10078293452174576,0.07158853918486999,0.15995285557046468,0.09656084799131609
148,148.0,148.0,0.10166012769203081,0.08746127074628092,0.08610087275316661,0.09794214402290004,0.0724145686143008,0.1329818026652941,0.08693699624869342,0.06471323787524103,0.16561775806490658,0.10417122131718534
149,149.0,149.0,0.08141104237966629,0.08157483869278218,0.06282538007231793,0.08744206701099402,0.07259915999541364,0.1548880281684151,0.10315071312392907,0.10435912287381406,0.14670870508984665,0.10504094259282067
150,150.0,150.0,0.09146423910887222,0.10729168264813445,0.07626639927692865,0.09754218765313875,0.06641386575773651,0.165101431748513,0.08709948999631095,0.05806968960031171,0.1418006916942627,0.10895032251579059
151,151.0,151.0,0.09070768537403089,0.10960810314206822,0.10107512817685675,0.11035235421513745,0.04764535695011185,0.14065024686675548,0.0848135882492144,0.061654188141929314,0.14878987342266278,0.10470347546123249
152,152.0,152.0,0.090813876444514,0.07694077761872879,0.09976552183850816,0.0800529493656388,0.06764855895830932,0.17031453360346044,0.09731778787503591,0.054470221688389775,0.15765458734362772,0.10502118526378675
153,153.0,153.0,0.10396685735330058,0.09155163359482953,0.08286492744523685,0.10005774363917401,0.06916521265494888,0.14957975688674846,0.07945954685954777,0.08350071054225457,0.15042463628170166,0.08942897474225728
154,154.0,154.0,0.08579299064792392,0.12357401634033387,0.09121445723057472,0.09241224571896973,0.037382488417802104,0.14995007546437422,0.08639855228398999,0.07104445483704143,0.14420560164952562,0.11802511740946395
155,155.0,155.0,0.11063910085184789,0.10829279997517256,0.07639431455567942,0.07517775670064243,0.0638890412766577,0.14201419157365366,0.0912654801705999,0.07165677347512522,0.17633982362766198,0.08433071779295889
156,156.0,156.0,0.09209968061194301,0.08309384367204398,0.07529536749504037,0.08440087051664434,0.054074189907373095,0.1525476421044667,0.08990037735276908,0.0912482082461979,0.1590888240454514,0.11825099604806963
157,157.0,157.0,0.10626885439032552,0.08431258067252313,0.08703114724762084,0.08948099464728265,0.03682524841346514,0.1423844716319586,0.08700872363405199,0.0883884339506923,0.16406003180650808,0.11423951360557139
158,158.0,158.0,0.09768938344811152,0.08976486009331566,0.08527416816872257,0.08616455304090573,0.07761260620399099,0.14886077578776025,0.08314347605039622,0.07632982632341458,0.14814274051459145,0.10701761036879062
159,159.0,159.0,0.08307484220932462,0.08657873230765457,0.0933656585696917,0.10788030086748841,0.06769976169104253,0.13707953333600426,0.08898169130592289,0.06198584844651787,0.15853768213718292,0.11481594912916986
160,160.0,160.0,0.07917204345423835,0.10090025500112301,0.1063916517771571,0.07830679229337759,0.05685846651408415,0.14714673723204091,0.09293220847413278,0.053381202963741756,0.1569807710513483,0.12792987123875563
161,161.0,161.0,0.08180026125344612,0.0811993606867508,0.08598959028900963,0.0968819356573859,0.08567840159470139,0.14912948270988752,0.09236194860541876,0.06916844423048849,0.1392435660647891,0.11854700890812195
162,162.0,162.0,0.08536432077680477,0.10001301236209437,0.08641136425988682,0.07604656985917928,0.050945769096803685,0.16261337747148658,0.09261228583432007,0.06974157350952184,0.14034424102163628,0.1359074858082659
163,163.0,163.0,0.0942659583803283,0.08456371009342695,0.08130843312363759,0.09612147338057125,0.06032382971375051,0.159937855704256,0.08362302138204125,0.06103563055853149,0.15224239509012213,0.12657769257333412
164,164.0,164.0,0.10284620584919138,0.09623215515194872,0.08658827931597568,0.07292756611754647,0.0649147001693059,0.1418637340628571,0.100842030508234,0.0903946700630803,0.13860091955751525,0.10478973920434473
165,165.0,165.0,0.07551492735937822,0.10070804549945486,0.10929162010397073,0.08642361162095988,0.04519673820482788,0.14391380136588788,0.087488868936372,0.08144554476517549,0.14459387960995781,0.1254229625340148
166,166.0,166.0,0.07974918351168209,0.08767394224799525,0.08489071068629624,0.09645064829469542,0.04123009343819141,0.15535559207592123,0.08036258736703085,0.08099463499886736,0.17083734057181715,0.1224552668075026
167,167.0,167.0,0.13622366418005877,0.08953007817473567,0.07784311396011431,0.09278452462309962,0.05101936769776335,0.13713596341227213,0.07835737354730353,0.07235046860459288,0.1446756022329277,0.12007984356713172
168,168.0,168.0,0.08200146294233215,0.08703350973603961,0.07887171789450062,0.10336480030968494,0.04340093668360038,0.1469793995947209,0.11083005530950145,0.051674191193137334,0.15945139560487842,0.1363925307316038
169,169.0,169.0,0.09162735230728739,0.09782284984355798,0.10120866524181867,0.08308419572879085,0.05618681888524714,0.12719682879074784,0.09729976483073789,0.09033784292808969,0.14991844730577533,0.10531723413794696
170,170.0,170.0,0.10070791457123504,0.0960071107243094,0.0668407774625555,0.08141763074293058,0.0558877110922001,0.1636122635329337,0.08780314829489334,0.06538697851438274,0.15615162641076014,0.12618483865379906
171,171.0,171.0,0.09919703100596969,0.0731425570392519,0.10800840028013929,0.09948919082559524,0.06567300141476203,0.14447359757679956,0.08012901667162134,0.06829403242148648,0.14647202251676159,0.11512115024761242
172,172.0,172.0,0.10007563132420425,0.10205867238810648,0.08518153475970751,0.10326519326450194,0.05855129417100664,0.14189232944971228,0.08375420161479144,0.048440302911193195,0.1812996910373798,0.095481149079396
173,173.0,173.0,0.10366962612446959,0.07218663114047418,0.06023145475679731,0.09787809526128008,0.06197849108253921,0.16025630172180486,0.1088189801333536,0.0712072248395456,0.15765482282836896,0.10611837211136625
174,174.0,174.0,0.07779104301594933,0.10118275573727242,0.08591484251325099,0.08123254883770234,0.05996317661120998,0.17396733620978821,0.08036978340107401,0.06486861689076373,0.14462517409478592,0.13008472268820262
175,175.0,175.0,0.07515438495288342,0.10119513505281774,0.08285348394387268,0.09333763950936504,0.06812706290324512,0.1551869099179235,0.10064952150758641,0.07230099307788805,0.14082641509342067,0.1103684540409969
176,176.0,176.0,0.08784217411626777,0.08883093260913412,0.06801249733690286,0.09671104500194462,0.04154888899953461,0.14319594809466307,0.0878992157927916,0.07525024507738019,0.18492095957902308,0.1257880933923577
177,177.0,177.0,0.099161184812644,0.06839564099099246,0.08936509739251845,0.09599151104046713,0.0636603881001598,0.11747364231386788,0.0899523381559724,0.09409028726652599,0.16363803066602184,0.11827187926082965
178,178.0,178.0,0.09485367549624282,0.06592332320197196,0.0984724502433943,0.08503183685793823,0.07241956946088697,0.15674309173703302,0.09571756986133001,0.07171429188250208,0.15529574249816322,0.10382844876053691
179,179.0,179.0,0.09438992011533057,0.08843458346256344,0.07821118641205778,0.09031498083422247,0.055108211575061385,0.1454630057603402,0.09705184629847699,0.08708484490480553,0.16175352601497608,0.10218789462216518
180,180.0,180.0,0.08235561949627175,0.07981835648519717,0.06931323993600862,0.08558831854949148,0.06513278010900439,0.16034179821035235,0.08653805183004767,0.07598651281440147,0.17011648522912381,0.12480883734010084
181,181.0,181.0,0.0851905183061923,0.09471116690679174,0.0824942518634191,0.07577344352364734,0.056505861160290174,0.16223779488072274,0.07686769832310503,0.06789966227714085,0.1613051039665318,0.13701449879215857
182,182.0,182.0,0.09670807608881964,0.10209784295141296,0.07440407259502531,0.06406889886763692,0.05568532420795014,0.13906607074014501,0.10450569387073227,0.06612411374738097,0.1502672730907122,0.14707263384018426
183,183.0,183.0,0.08236602179383015,0.10307215235579734,0.1060630966256068,0.08443991764578507,0.0565180214693613,0.15072773005442364,0.07675265029749631,0.0679283900756198,0.17668415825679926,0.0954478614252799
184,184.0,184.0,0.0783859850483746,0.11897575038853465,0.07933623599691426,0.09278283207481702,0.062264152324501276,0.15713180241065225,0.08176992046759038,0.052960287341491344,0.15447402257860204,0.12191901136852176
185,185.0,185.0,0.0870087017430218,0.10094487011803228,0.08502855179157824,0.10392607923629522,0.05124873876042875,0.142031840645575,0.10090708647849592,0.051757275931878344,0.16555536887937328,0.11159148641532073
