,Unnamed: 0,Generation,Intertwine_two,Add_vertex,Delete_vertex,Invert_path_vertices,Insert_inside_vertex,Delete_inside_vertex,Replace_inside_vertex,Donate_between_routes,Trim_one_terminal_cb,Grow_one_terminal_cb
0,0.0,0.0,0.09999999999999999,0.09999999999999999,0.09999999999999999,0.09999999999999999,0.09999999999999999,0.09999999999999999,0.09999999999999999,0.09999999999999999,0.09999999999999999,0.09999999999999999
1,1.0,0.10900000000000001,0.10139704997118962,0.10003809755441467,0.09788374697936823,0.09988454819101479,0.0994927405917286,0.10045178019717933,0.10087783697250349,0.09987940893249209,0.09991471993279961,0.10018007067730947
2,2.0,0.31601,0.10195683836801846,0.09993443495318831,0.09596442645211017,0.10039526010255727,0.09862624398571755,0.10177533117913717,0.10178650169306898,0.09880457190112389,0.10056009228916513,0.100196299075913
3,3.0,0.6191589000000001,0.10209640328232858,0.09957319484577833,0.09392128407927308,0.10043535325839743,0.09926721464885248,0.10236349348504198,0.10177909475663457,0.0985433665584059,0.10200260486449846,0.10001799022078907
4,4.0,1.015801321,0.10187587565558906,0.10004483244910518,0.09139681489606119,0.10070271950941191,0.09887128201054647,0.10313921667498988,0.10294170519627624,0.0973061923244165,0.10301471251196302,0.10070664877164037
5,5.0,1.50262148669,0.10157553516610172,0.09928951869901158,0.09000528329859125,0.10197136975170794,0.09707283525160815,0.10368785391779184,0.10401290198354578,0.09546230040134653,0.10498249580665779,0.10193990572363722
6,6.0,2.0757334209441005,0.10129371834023641,0.09846427323448048,0.08800068687336285,0.10266201391330232,0.09606460971783969,0.10453038139377095,0.10466537128331188,0.09534505106686787,0.10604298545293345,0.10293090872389388
7,7.0,2.7307768275633495,0.10181547368216441,0.0979875724223532,0.08763740042074121,0.1021670467836252,0.09346799544810165,0.1059277773915896,0.10476330547725164,0.09464282184106747,0.10718198986587797,0.10440861666722744
8,8.0,3.4630081252450404,0.10271230782190109,0.09662302362088274,0.08609653494397657,0.10150832116008783,0.09172925848851346,0.10770507600569675,0.10471282995687003,0.09479023789790539,0.10907722687277818,0.10504518323138778
9,9.0,4.2673862119061114,0.10325790846177865,0.09658472983537092,0.08433664162015837,0.10040521812129033,0.09091527383453078,0.10876122924188256,0.10635786653011431,0.09345681446728218,0.11096188205944958,0.10496243582814216
10,10.0,5.138652627782014,0.10374871001627459,0.09574851092233633,0.08209778370167523,0.1003293866701649,0.08901572259630428,0.10963419841131229,0.10751232996170067,0.0920618536144747,0.11374373296716961,0.10610777113858721
11,11.0,6.071405875792507,0.1041816828111527,0.09375978230249633,0.08114004575087393,0.10037070331328461,0.08748574558623028,0.11187316392594883,0.107270680108133,0.09068676312815856,0.11615511834837214,0.10707631472534941
12,12.0,7.060169740244025,0.10369169138640866,0.09336926980163576,0.08009080343046995,0.09974185985935893,0.08681290184907925,0.11320245051709366,0.10812382017987633,0.08803395737922565,0.1188767785859676,0.10805646701088395
13,13.0,8.099455520847952,0.10345606654249007,0.09244228087844268,0.0797173699526739,0.10051658440289708,0.0863837033569713,0.11495185916833506,0.1075040350778887,0.08685316315921213,0.1195165641246034,0.10865837333648543
14,14.0,9.183818168183006,0.10276244378581034,0.09289715981580605,0.0784413015772254,0.09939489751290012,0.08608655404252197,0.11722113529938254,0.10779391084347918,0.0856981404374211,0.12064732775908456,0.10905712892636844
15,15.0,10.307906369102724,0.10188412496849106,0.09368311833437082,0.07752730425758975,0.09896896429821689,0.08422279471996648,0.11802226376801969,0.10727762454127922,0.08565487814628349,0.12277880662928589,0.10998012033649639
16,16.0,11.466506686239443,0.1003472344299734,0.09384296705704218,0.07725157668693187,0.09917798065091751,0.08234597744961356,0.11950254310996866,0.1064381989455516,0.08430665140926394,0.12434819598763125,0.1124386742731057
17,17.0,12.654581904800096,0.09995755149197375,0.09364813921378871,0.07678521865433538,0.09930079908951929,0.08173485784112046,0.12179410747670652,0.10526748677563601,0.08375219044108334,0.12498853333187887,0.11277111568395731
18,18.0,13.867303782456686,0.1000973258360784,0.09314565469687074,0.0755574117719186,0.098727148492511,0.08070911056982343,0.12382611257397215,0.10517265591523035,0.08201188027759858,0.12741910423892738,0.11333359562706904
19,19.0,15.100080434523047,0.09945104477214747,0.0931218169994299,0.07509928366731429,0.09983113818093338,0.07875913369081819,0.12453012408593647,0.1047846751739381,0.08230635680463415,0.12832575245329514,0.11379067417155263
20,20.0,16.348578617037543,0.09765265226391304,0.09268253974581167,0.07446429942138333,0.09903410713324279,0.07763804432628611,0.12562348567341744,0.10620544137882529,0.08211431538612397,0.13155802657364218,0.11302708809735382
21,21.0,17.608741195130214,0.09689803705959495,0.0921615461798571,0.0754595434903882,0.0976183459764596,0.07753235582273935,0.12694987136434038,0.10514488584394997,0.08204899712152294,0.1324918586339973,0.11369455850714982
22,22.0,18.876800103462312,0.09757118867110463,0.09107530374227585,0.07709150353545473,0.09723513937744394,0.07705705176941652,0.12820394427804185,0.10435297363421187,0.08170915003299449,0.13428056812664446,0.11142317683241128
23,23.0,20.14928511992658,0.09702266563123668,0.08990196121764035,0.07723531893336263,0.0974973327432827,0.07536570218579228,0.12916872543010088,0.1059389578766495,0.08074547075099928,0.13396204153265626,0.11316182369827905
24,24.0,21.423028783545156,0.09691222545255652,0.0885181213045944,0.07676644397761076,0.09545242921018685,0.07584206916985024,0.1318404317683658,0.10515193623544995,0.08188115862386684,0.13425637142525226,0.113378812832266
25,25.0,22.695167792966423,0.0964969158583678,0.09008891771183686,0.0757324735933511,0.09494214780381749,0.07442878379029323,0.13321712068889408,0.10365597836463097,0.08232638131592736,0.13613977935615984,0.11297150151672092
26,26.0,23.963141223515898,0.0946588388627183,0.0884345682186528,0.07479107269515728,0.09408535873005384,0.07446824043158662,0.13613122403963082,0.10346059648082287,0.0824516487219085,0.1370632468505671,0.1144552049689015
27,27.0,25.224685898775267,0.09401489296674048,0.08880753140537281,0.07432454706581898,0.09360409062337591,0.07192114231331329,0.1388919225572737,0.10275368647329396,0.08247399957885664,0.13821587826164144,0.11499230875431238
28,28.0,26.477829247520948,0.09218386963623847,0.08840983903861893,0.074283081991945,0.09594252925673064,0.07186011778764083,0.14064821729350618,0.10158353000741058,0.08144516740098873,0.1384837177681232,0.11515992981879705
29,29.0,27.720879968916847,0.0915371444150768,0.08986626211586174,0.0727403874655401,0.09722295314008249,0.07157254528410092,0.14174007427015228,0.09982340760534257,0.08184992133405136,0.1395615283987242,0.11408577597106714
30,30.0,28.95241681848399,0.09192957378295352,0.08905864838286988,0.07274391833062525,0.09721355769143397,0.0698944235142855,0.1429293250364453,0.10014547014722734,0.08211083302790381,0.14004037339438433,0.11393387669187073
31,31.0,30.17127581490958,0.09042743668295317,0.08941821050258986,0.0726913607389943,0.09789288369597796,0.06902543692460307,0.14354917186286392,0.09986421060642313,0.0819901256593798,0.1425108699954153,0.11263029333079919
32,32.0,31.376536153543515,0.09164896075393947,0.08982380764721906,0.07225535615623797,0.09842760592971748,0.06939248207340737,0.14276508320901582,0.09850548890523309,0.08033178659198704,0.1442098649537822,0.11263956377946022
33,33.0,32.567505096778625,0.0898011725037408,0.09080655473860062,0.07457171336242485,0.09824876421713899,0.06822300316081668,0.1441144525466938,0.0982293357589475,0.0792035984171125,0.14442466515669558,0.1123767401378284
34,34.0,33.74370209472243,0.09047978615980079,0.09116157211421691,0.07420680694063293,0.09667710157428888,0.06832073842715017,0.14483715127676705,0.09716123453331352,0.08005451411293203,0.14464317415926348,0.11245792070163402
35,35.0,34.90484237192463,0.09101942287208264,0.09090296191390501,0.0752953095936294,0.09488429776841671,0.06798232875891663,0.14580876597735315,0.09728198508734112,0.08045952414393161,0.144861147205468,0.1115042566789555
36,36.0,36.05082019768737,0.09197542409014366,0.09006065003579473,0.0754184516071443,0.09430163684971425,0.0677250130256264,0.14698423434254843,0.09815359564332245,0.07969785641321493,0.14630787759911795,0.10937526039337266
37,37.0,37.18169203889697,0.09228465661558038,0.0916909833918953,0.07707514860275269,0.09338907130555253,0.06598429459848686,0.14652486031722825,0.09819857303771216,0.07830655625156316,0.1463148475448634,0.11023100833436511
38,38.0,38.29765977559663,0.09318541069803254,0.09316801476609551,0.07802181906181431,0.09371849582982235,0.06409995842095136,0.14652335910183586,0.09694967673758795,0.07905872955783724,0.1453650632545869,0.10990947257143585
39,39.0,39.399054140870355,0.0928856459918903,0.09344154325816774,0.07876359092974672,0.09417358156394154,0.06386913586721818,0.1465399080157094,0.09612418857545346,0.07891006089921469,0.1454504219987325,0.10984192289992531
40,40.0,40.48631852820801,0.09243167919341704,0.09403942735940059,0.07814796501768484,0.09274355007408272,0.06374746384341864,0.14693708168274852,0.09648384716751718,0.07881414560363484,0.1463274057122964,0.1103274343457991
41,41.0,41.55999329152982,0.0913136900335582,0.09328267160028653,0.08011147351793829,0.09411652327767152,0.06190534572089374,0.1472208253782039,0.09615868168953708,0.07977120599049306,0.1457608153869771,0.11035876740444049
42,42.0,42.62070064560415,0.09149922492304287,0.09335619385749849,0.08089990599252367,0.09473530973800373,0.06296157315116038,0.14596876138689568,0.09521877587442988,0.07944851062233649,0.14597340890140148,0.10993833555270725
43,43.0,43.669130257815,0.09119207119196641,0.0941021846869395,0.0795517177347188,0.09521819392953605,0.06280327037112876,0.14596943019440045,0.09531235929958849,0.08048775499400157,0.14577497967164849,0.10958803792607144
44,44.0,44.70602560622662,0.09207687064277256,0.09479409131245818,0.07972739665141527,0.09552436418874144,0.06316565286605742,0.1465413093067111,0.0926999082263898,0.08126205084480734,0.1456202611233784,0.10858809483726842
45,45.0,45.73217116373481,0.0904021085336975,0.09462336650467341,0.08050539324344048,0.09516523426789897,0.06486961119173687,0.14471492943562358,0.09429440464678505,0.08205586056638782,0.14653652665748929,0.10683256495226698
46,46.0,46.748380453854836,0.09048400028762735,0.09538047251503269,0.08078740949203167,0.09565919232820011,0.0643154668093588,0.14533466513933302,0.0926861906174965,0.0828416400054849,0.14654440916146955,0.10596655364396537
47,47.0,47.755485010424316,0.09053372376904041,0.09550570184409876,0.08099408199739203,0.09676131483191575,0.0631147768696928,0.14445418436787777,0.09483155718069168,0.08242910543123187,0.14545496471513816,0.1059205889929207
48,48.0,48.7543242612326,0.0909693978130712,0.09510090801516492,0.0838721691922655,0.09515032983326058,0.06448799164486727,0.14358484846793307,0.09370643258913344,0.0818452143156953,0.14650449912147964,0.10477820900712898
49,49.0,49.745736344347726,0.0911541500203901,0.09554947857271316,0.0845698690683561,0.09598290940405378,0.06529907106845728,0.14257362269882823,0.0946190594580691,0.0805821228196634,0.14627739747300214,0.1033923194164666
50,50.0,50.730549855707864,0.09069435577705325,0.09643099312405161,0.0835247575887359,0.09597086403465116,0.06654117727320635,0.1425365922839368,0.09432153946487037,0.08011454932575361,0.14626097040013405,0.10360420072760677
51,51.0,51.70957651737491,0.09059603296158411,0.09652736386802813,0.08450548159194018,0.09545981958438278,0.06676267520790174,0.14369489707054828,0.09359598451334082,0.08063078404255182,0.14529573459928952,0.10293122656043246
52,52.0,52.68360474770151,0.08905290320192749,0.09667096479090796,0.0847213390148674,0.09400660682345502,0.06851664485197288,0.1438748862816313,0.09390187296018788,0.07992057060329921,0.14574798014325008,0.10358623132850057
53,53.0,53.65339410751842,0.08957420187486216,0.09704840295587502,0.08511619173675383,0.09363435169691907,0.06865134626932158,0.1415159679550394,0.09344364638662728,0.08096612856165519,0.1448897668909694,0.10515999567197686
54,54.0,54.61967059027847,0.08957262139845187,0.09858894050033946,0.08620953881575787,0.09401778131144277,0.06828042795562163,0.142293734532978,0.0932929976360124,0.07980009583288238,0.14294789594907872,0.10499596606743475
55,55.0,55.58312271885972,0.08997735529753054,0.09958608511655496,0.08628868656087084,0.0933537022363812,0.0682637003650736,0.14313233677375584,0.09251870382954336,0.07993415081587464,0.14187184267277822,0.10507343633163671
56,56.0,56.544398407394254,0.08920927226344497,0.09861075641753841,0.08528410838253282,0.09301918744021653,0.06895938570118446,0.1436818796432086,0.09315903317206803,0.0816346379131516,0.14174040440820665,0.10470133465844782
57,57.0,57.504102543001395,0.08799793957933227,0.09773573786350133,0.0843926681819945,0.09331017460219053,0.0688516425798266,0.1417913771560927,0.09535890584114584,0.08184040967635091,0.14399778599969631,0.10472335851986891
58,58.0,58.462795239617805,0.08733687590402958,0.09710704427665458,0.0825548453382043,0.0926233681922432,0.06971491160137,0.14229170069145228,0.09524748779399816,0.08312897319752542,0.1428062127057832,0.10718858029873915
59,59.0,59.42099071417639,0.08645172196317646,0.09762157490070403,0.08147614722482696,0.09391480932120212,0.07132862188025053,0.141435992312405,0.09546625827314431,0.08337258885232733,0.1430602057586764,0.10587207951328673
60,60.0,60.379156734137354,0.08462816463151532,0.09727470301323289,0.08315335694161978,0.0948642487825845,0.07144765302997462,0.14168683637903048,0.09400005026786251,0.08398446118421746,0.14345262184017016,0.10550790392979213
61,61.0,61.337714584760846,0.08668836953053331,0.09716380723068382,0.08457720974369459,0.09514545818822741,0.07230394297646922,0.14043443785923895,0.09312159891973572,0.08309989635249172,0.14266166802263924,0.10480361117628585
62,62.0,62.29703950447439,0.0876368793010042,0.09646084952870665,0.08369936047275181,0.09631150526813285,0.07332750156807001,0.14053980335713906,0.09206906128495627,0.08245845167584707,0.14264142973356125,0.10485515780983062
63,63.0,63.257461537171835,0.08900803687252715,0.09620304790781362,0.08302918343598704,0.098588435046392,0.07457617040985516,0.13882466421136136,0.0916864766298951,0.08087841480691722,0.14199896730322226,0.10520660337602891
64,64.0,64.21926675122782,0.08855007863437254,0.09467701337725042,0.08384197840722418,0.09988133347780996,0.07579387653360427,0.13761077119825957,0.0908883678431551,0.08113803222526936,0.1417802018573292,0.10583834644572522
65,65.0,65.18269877636592,0.0892909022920734,0.09419309562901779,0.08295373044785498,0.10175718691262456,0.07585618795302623,0.13668170097013127,0.09114629365826955,0.08012502875795326,0.14079830366465332,0.1071975697143955
66,66.0,66.14796061122655,0.08818393431727686,0.09428934872109834,0.0822257725501843,0.1021581287253259,0.07602000332263606,0.13628355228883535,0.09021512918048931,0.07993387103682355,0.1416871036024858,0.10900315625484436
67,67.0,67.11521665648885,0.0889463412515633,0.09529710480661019,0.08228326351311618,0.10220198577340606,0.0764541273279374,0.13546186228970447,0.09001698511373901,0.07901911963774069,0.14033482325576563,0.10998438703041688
68,68.0,68.08459493066005,0.08924670888188746,0.09521788937774858,0.08101140889430117,0.10179220483238727,0.0765477863026519,0.13640306143320555,0.09043292634390383,0.07831972206255121,0.13983181725049101,0.11119647462087184
69,69.0,69.05618942810752,0.09011063994043438,0.09498872484015969,0.08092548878176223,0.10109025809765855,0.0751532038562044,0.13530500592846673,0.0923226938848851,0.07910249233361927,0.13957756738282412,0.11142392495398536
70,70.0,70.03006258152917,0.0919147613561856,0.09324111311704603,0.08132353858343135,0.10102003855987472,0.07521347812483747,0.13458886955899219,0.0931115559645424,0.08015778819428931,0.13820117814375327,0.11122767839704742
71,71.0,71.00624779379335,0.09237468806641788,0.09453234367197828,0.08126974813200583,0.09997549667180006,0.07506654648431768,0.13363077678606955,0.09351030821849732,0.0806186981242448,0.1366471857123282,0.11237420813234017
72,72.0,71.98475200689319,0.09228343908932027,0.09553214453719072,0.08115698628584744,0.09870568203129461,0.07482552547813025,0.13336688317159062,0.09400153369785536,0.08089085457998532,0.13665439753717012,0.11258255359161509
73,73.0,72.96555827861411,0.09209329217820762,0.09611725735084914,0.08102536700985145,0.09939446589762431,0.0741009782547437,0.13435255552078398,0.09252248822661462,0.08090942478255136,0.13724055383905742,0.1122436169397162
74,74.0,73.94862834037681,0.09349547909932901,0.09460382355819304,0.0815674012435602,0.0979673081727785,0.07420456266129535,0.1347558960401101,0.09416317139424231,0.08004128042487675,0.1372945286012459,0.11190654880436865
75,75.0,74.93390511255946,0.09607310431602523,0.0938391772849055,0.08045049152382504,0.09696572356987544,0.07372849448729515,0.13776072999991226,0.09289679319604138,0.07935573883140454,0.13849518995272486,0.11043455683799042
76,76.0,75.92131515639825,0.09547335883310702,0.09309407870397117,0.07952254225086622,0.09700202721712456,0.07273947939528413,0.1404607923941683,0.09408147455101473,0.07782582606369454,0.14048181876372248,0.10931860182704667
77,77.0,76.91077104428919,0.0947761300133163,0.09351418161788674,0.07962157914212538,0.0975402730521546,0.07165528994751535,0.13968787097132518,0.09416247845350295,0.07817115823503093,0.14038486315735285,0.11048617540978954
78,78.0,77.90217363294813,0.09389904159262061,0.0951946366110746,0.07940944826032281,0.09641746491478784,0.0699438801793669,0.1396235832261126,0.09688574512256931,0.07753468835676605,0.13975781862935144,0.11133369310702768
79,79.0,78.89541422641172,0.09292114308061312,0.0945795999083498,0.08104546631937316,0.09834803615329973,0.06709506393906567,0.1395385436949507,0.09698048784968992,0.07634573875207418,0.14140459149208123,0.11174132881050232
80,80.0,79.89037661826481,0.09292454671219916,0.09231198440941692,0.0821557463061143,0.09888739703935157,0.06736637935486203,0.1407128436658955,0.09733758816858706,0.07545772585612819,0.14091970635317497,0.11192608213427009
81,81.0,80.88693900474995,0.0946527379054338,0.09156052865914813,0.08248333679212584,0.09789940956184204,0.06733686801548622,0.14192652976515815,0.0962366164806094,0.07266038108733291,0.14185831223768353,0.11338527949517979
82,82.0,81.88497576253909,0.09385975901490737,0.09144118261451292,0.08231920730576285,0.09534336790183302,0.06640924886328112,0.14171820415099212,0.09550391831077608,0.07306072956186575,0.14418005250049443,0.11616432977557416
83,83.0,82.88435908692391,0.09395460608862652,0.09099634247217245,0.08075932238585552,0.09459625307963469,0.06555337802969567,0.14177376006047362,0.0958169854694349,0.07226835618272535,0.14687248342373826,0.11740851280764285
84,84.0,83.88496048800103,0.0941545880767204,0.08968657481318691,0.08137015899504409,0.09342898088291669,0.06437211597017219,0.1431507932360222,0.09569069303437823,0.07268430318478865,0.14805173878078623,0.11741005302598424
85,85.0,84.88665214409042,0.09352206079460065,0.08976175279612031,0.08080659202304614,0.09360007340000864,0.06457267784288821,0.14334196434578894,0.0969291596618216,0.07416196913508843,0.14757209521682627,0.11573165478381059
86,86.0,85.88930811312994,0.0940462339015225,0.0901996458968683,0.07882657643777397,0.09283022621030496,0.06458981612290216,0.14351045371014293,0.0976760534492043,0.07323321685218515,0.14804948712844612,0.11703829029064941
87,87.0,86.89280540413424,0.09449922575655789,0.09019218587342617,0.07859865578170745,0.0931097302070574,0.06617996849657808,0.14228215914643072,0.09880841651645009,0.07385645262804683,0.14594790005053443,0.11652530554321074
88,88.0,87.89702491199675,0.09472035363379946,0.09030597514158205,0.07820612752985859,0.09250002270487065,0.06561737060424531,0.14180942284867207,0.09990199448344732,0.07503203763664769,0.1445715943022847,0.11733510111459199
89,89.0,88.90185221995306,0.09388395012397331,0.08978714159823444,0.07685812507121417,0.0906818345501638,0.06814340926972419,0.1428330643651182,0.09922544708739056,0.07581154910637566,0.147106245597103,0.1156692332307025
90,90.0,89.90717827491419,0.09470562764252516,0.09029167035267573,0.07867026747480264,0.08881541639362206,0.06792769942178234,0.14116325161134802,0.09890113488524338,0.07458534584279078,0.1479538390665958,0.11698574730861391
91,91.0,90.91289994163006,0.09379289756235215,0.0914682987487425,0.0790030396760482,0.08971316875917804,0.06761445615920336,0.14206567679027163,0.09863131634676751,0.0727270071021855,0.14971534753377097,0.11526879132147991
92,92.0,91.91892044225806,0.09452570719493104,0.0918337668887295,0.07877928018129442,0.08944322946305788,0.06683066730691097,0.14229161690168513,0.10028775601639305,0.07247432145199639,0.14978307291383203,0.11375058168116939
93,93.0,92.92514968840067,0.09388572186388092,0.0921369205645069,0.07837846130427567,0.08878914809721106,0.06788832080036403,0.14404566115233572,0.09974555746216836,0.07199085786418438,0.15003559003514205,0.1131037608559307
94,94.0,93.93150451304501,0.09490443878081804,0.09221704102817507,0.07783245380837826,0.08840778170141426,0.0678852251151463,0.14495237537509245,0.09851193390291199,0.0717196471043125,0.1499283000408406,0.11364080314291031
95,95.0,94.93790881009448,0.09520751387219581,0.09256152446103585,0.07775840072494232,0.08657574535879792,0.06639900547956731,0.1466702951540671,0.10113128317469292,0.07145591974057466,0.14950731648795593,0.11273299554617001
96,96.0,95.94429358933806,0.09449856764142693,0.09272640437127502,0.07769639361136728,0.08588391198587011,0.0668781171160219,0.14844313672890375,0.10288239887398318,0.0710238951308792,0.14865082809136446,0.111316346448908
97,97.0,96.9505969547639,0.09358797946274008,0.09388953085548714,0.07829982596793955,0.08643656672111591,0.06629884669020611,0.14886389860006333,0.10180749679119325,0.07045048732613328,0.148950765115253,0.11141460246986824
98,98.0,97.9567640140995,0.09340478259988036,0.09515715182603213,0.07850524438223551,0.0863811038076522,0.06428662320757512,0.14982623603968026,0.10162104917029725,0.07056027851795091,0.148660067954865,0.11159746249383112
99,99.0,98.96274672736057,0.09217571676286769,0.09476451523187346,0.07925487574227782,0.08647940912090388,0.06336889547941746,0.14995225928555495,0.10084064623877351,0.0702453462097673,0.15081842635901746,0.1120999095695463
100,100.0,99.96850370202192,0.09144051920346494,0.09452470829555511,0.07868021087013108,0.08749971740181442,0.062084508113872866,0.1510373383693537,0.10086648226405001,0.07025834094126295,0.1511530306659867,0.11245514387450806
101,101.0,100.97399994219691,0.0906320627706893,0.0955890129537926,0.07833001616139655,0.08818214969835793,0.06088481905969058,0.15135864615230898,0.09918861381823672,0.07217158411704436,0.15133913878367533,0.11232395648480746
102,102.0,101.97920655893245,0.09040512855904187,0.09559664816627574,0.07700200881607012,0.08800005985302928,0.060812467221715155,0.15218043828198252,0.09828680063519238,0.07312117470777468,0.15143279887790345,0.11316247488101468
103,103.0,102.98410044840509,0.0910063259960001,0.09529293585632935,0.07838945554663276,0.08822551747117904,0.05906252524123251,0.15342208716233033,0.09677816789374598,0.07316753024095718,0.15102164536428694,0.11363380922730563
104,104.0,103.98866394444643,0.09232869091530405,0.09463490279249315,0.07856031324821064,0.0880887917191117,0.059461583231527115,0.15505661961535935,0.09652023779407634,0.07183638514290386,0.15195572528539347,0.11155675025562016
105,105.0,104.99288445143917,0.09176517879837844,0.09414498281907452,0.07848973229885815,0.08941847568757214,0.05899238509239843,0.1557320486576867,0.09589923054841086,0.0726063304782986,0.1515776052723479,0.11137403034697409
106,106.0,105.99675406321822,0.09101125033244185,0.09392608473157288,0.07973333111794267,0.09071178035490896,0.0586268395547779,0.15519600471986028,0.09553161066339622,0.0731225521108605,0.15088870589138229,0.11125184052285624
107,107.0,107.0002691731872,0.09209505778590543,0.09407428530548924,0.08008816657182641,0.09094359750267562,0.05729070300756295,0.15392796755868518,0.09549284320360123,0.07315754798828342,0.15140743368928086,0.11152239738668948
108,108.0,108.0034300804274,0.09136234786287556,0.09460892279417571,0.08115220738921299,0.09037095746958446,0.059039113371659145,0.15348923801265382,0.09562937188019266,0.07313613246398758,0.1509279953091111,0.11028371344654676
109,109.0,109.00624059613932,0.0920310403886623,0.09531731286652838,0.08124697150457727,0.09038640712921979,0.06002073318190787,0.15352552922013923,0.09378596620721093,0.07331179076002593,0.1498219507802992,0.11055229796142889
110,110.0,110.00870765431864,0.08947501938104334,0.09431689958936858,0.0831349867208602,0.09273245872520045,0.060108051747560814,0.15423106829190245,0.09358069755467736,0.07203408003333248,0.1497442980877695,0.11064243986828458
111,111.0,111.01084093013685,0.08792269840189249,0.09501121367313026,0.08456694286481664,0.09235356525055716,0.06005194687410107,0.15497952241065677,0.09188465604481545,0.07026226989029424,0.1509544094100097,0.11201277517972597
112,112.0,112.01265246907188,0.08856689219746727,0.09450602376337723,0.08439567984673142,0.09369486838423156,0.0598325715246464,0.15435722712230482,0.08925254876566552,0.0722894897029252,0.1512336740724607,0.11187102462018964
113,113.0,113.01415632942268,0.08973892426717504,0.09553829496510224,0.08464729108744906,0.09091517208388496,0.06017418312442789,0.15371191902372672,0.08708639940381972,0.07192816290294918,0.15400545415056244,0.11225419899090247
114,114.0,114.01536824044418,0.09195997151669057,0.09507073491572698,0.08481703513111444,0.08886878459189702,0.0608829816545287,0.15357374189691897,0.08527374808034657,0.07191114257990425,0.1547827762319378,0.11285908340093444
115,115.0,115.01630527795908,0.09297933909448322,0.09502437181423375,0.08621411967607616,0.0911386733153098,0.06138719681285304,0.15043741622843196,0.08450544841417372,0.07167563616476268,0.15380037833688703,0.11283742014278841
116,116.0,116.0169855589429,0.09136090820110368,0.09435613519447726,0.08625530659472619,0.09109286917193682,0.0625860241630035,0.14920609448320754,0.08555583555018834,0.0724944772123313,0.1534115532915768,0.11368079613744834
117,117.0,117.01742795623892,0.09257392312584692,0.0962878389104461,0.08648951102138486,0.09191589848363166,0.06170551439447079,0.14744444733561157,0.08620190708826556,0.07172576030635144,0.15239472161195236,0.1132604777220385
118,118.0,118.01765183424293,0.0943060274195417,0.09624767741410296,0.0865728058737605,0.0923956865929506,0.06152745139665726,0.14638983141152712,0.08723084034371796,0.07318191922708016,0.1502995140224221,0.11184824629823942
119,119.0,119.01767680610413,0.09412374355722847,0.09585337268143657,0.08542276849492435,0.09226118207301544,0.06107236193215107,0.14608555223502218,0.08798051594513781,0.07484511871405483,0.15033685012878356,0.11201853423824548
120,120.0,120.01752251271817,0.09517890741086638,0.09627306179922006,0.08593334899788002,0.09185620794500685,0.06052980128260979,0.14569874176346298,0.08858308303293118,0.07427526694743172,0.14928203610997365,0.11238954471061716
121,121.0,121.01720842354362,0.09671090449135648,0.09722388071680654,0.0837673030386973,0.09191999570704545,0.06069258855714884,0.14501661541485483,0.08762651617875669,0.07558892753647885,0.15011854075847114,0.11133472760038367
122,122.0,122.01675365905109,0.09547394993519978,0.09724608308365705,0.08370382881220267,0.09208531537788729,0.06054849193167357,0.14524564442210625,0.08851436815457664,0.07574303781630468,0.1504607713554634,0.11097850911092845
123,123.0,123.0161768344173,0.09355226205248268,0.09563989981031888,0.08344469106283868,0.09401538046816153,0.06109591048415644,0.14303345234760872,0.08796440417896513,0.07760323366347543,0.15099173353733394,0.11265903239465834
124,124.0,124.01549592390272,0.0908915219684224,0.0969117958731434,0.08517980260989388,0.0958275975479082,0.0615668067396805,0.14216216068610518,0.08866358494776534,0.07758654169627516,0.1494385189514443,0.1117716689793614
125,125.0,125.01472814520056,0.09209813811484932,0.09341283438220646,0.08481871759502523,0.09566928681077566,0.06189107866495677,0.14297646566456146,0.08924476155126539,0.07634496261736186,0.1498081829037506,0.11373557169524703
126,126.0,126.01388986291661,0.09331534543136083,0.09117572475998316,0.08380148049225042,0.09464911752279943,0.06254148924304233,0.14324901985071617,0.09041345497184039,0.07453329833807781,0.15261161986125427,0.11370944952867494
127,127.0,127.0129965102319,0.09451495395810827,0.09248561771328624,0.0840122824488255,0.09291671803969928,0.06293703841118099,0.1440632534614942,0.08932086261145696,0.07327274779959068,0.153994378774011,0.11248214678234662
128,128.0,128.01206252771334,0.09332779277676803,0.09181192651682375,0.08378150554135882,0.09154933364191145,0.0631992041722644,0.14361999521868068,0.08989389392761746,0.07249437650754713,0.15702540521173136,0.11329656648529668
129,129.0,129.0111013181695,0.09488736446618772,0.09050117940134007,0.08276651460063607,0.09052593291641145,0.06493817429761242,0.14409960348088674,0.08773996655058391,0.07287314329104047,0.15698166878460543,0.11468645221069554
130,130.0,130.01012521639834,0.09590822425303686,0.08884164757926759,0.08209333100857624,0.09114931960770732,0.06408025136327371,0.14238450458737767,0.08795245540941511,0.07380756556984994,0.1575181096000494,0.11626459102144601
131,131.0,131.0091454726403,0.09550236967881703,0.08964176261994455,0.08280917102819828,0.08892575662725231,0.06348422769589109,0.142660007299106,0.08740043378461984,0.07371516587492888,0.15826980406599753,0.11759130132524437
132,132.0,132.0081722485317,0.09549016191363466,0.08885720857370086,0.08203027805617401,0.08979811690637075,0.06237213905997824,0.14224186310899023,0.08883623033848975,0.07199945935534416,0.1596787943397686,0.11869574834754869
133,133.0,133.00721462434865,0.09409029479073605,0.08983251936461821,0.08108890530489862,0.08950895046081819,0.06105090977543332,0.14306916188859214,0.08663900672629203,0.07238861633588671,0.16146881053946954,0.12086282481325514
134,134.0,134.0062806163404,0.09533788276316213,0.09089133235539994,0.07826971290452873,0.09113038144743597,0.061771687089409305,0.1417018179948133,0.08539980009072136,0.07466362523762154,0.1610460244059928,0.11978773571091485
135,135.0,135.00537720296956,0.09458125359364292,0.09023275095077248,0.08070552047097056,0.09114183695756073,0.06201698324587235,0.14129112414292783,0.08569378601585381,0.0742665865743689,0.16089528665388964,0.11917487139414071
136,136.0,136.00451035890612,0.09360760242597878,0.09199919247617584,0.08133904903975742,0.08979677598590827,0.06378511117444342,0.14007490732481812,0.0869052949496,0.07275270464164503,0.16029790560205648,0.11944145637961652
137,137.0,137.00368509565993,0.09339089694335459,0.09192322364125331,0.08243343260517552,0.08953751482321833,0.06262030177620101,0.1398234634952296,0.0870265287270787,0.07098800357008075,0.16188660708295818,0.12037002733544987
138,138.0,138.0029055077818,0.09234777719278997,0.0938622808698686,0.08207743036455165,0.08821845071246207,0.06460406189716669,0.13791766777252779,0.08854530708284976,0.07005972859175845,0.16069659318472101,0.12167070233130389
139,139.0,139.00217482361367,0.092188165117996,0.094255814830907,0.08218015299832136,0.0882933747257996,0.06428485440571387,0.1381540250218661,0.08836840718289653,0.06859883923491024,0.16294411985353566,0.12073224662805354
140,140.0,140.0014954596262,0.09177275965121992,0.09421808000220083,0.08267756916372866,0.08821396856081928,0.0635390853715641,0.1383486837438003,0.08910924020602601,0.06855424932871884,0.16273816779457295,0.12082819617734902
141,141.0,141.00086907744122,0.09177818703579224,0.09469750555193582,0.08237497470882005,0.08759143252175734,0.06230887886059758,0.14004136446861631,0.08802052282687482,0.07009889486511771,0.16057883264798725,0.12250940651250079
142,142.0,142.0002966427003,0.09013498405508806,0.09640541563689445,0.08267960915446186,0.08777562024504272,0.06344121771207194,0.13918699640334198,0.08834762054556226,0.07038679570234589,0.15914467961427164,0.12249706093091911
143,143.0,142.99977848500652,0.09017012921114477,0.09503513582258727,0.08303654916386663,0.08694197951004067,0.0630715828489389,0.14354343334578445,0.0886551776575549,0.06962768260118321,0.15827179728022994,0.12164653255866917
144,144.0,143.99931435823203,0.08981332770614679,0.09531240466312957,0.081281088823584,0.08818509277777106,0.06306354852963628,0.14336250117713914,0.08961892321627452,0.07062468879227914,0.15714679235611406,0.12159163195792536
145,145.0,144.99890350055264,0.09004475314016287,0.09774518593212818,0.08146565907907076,0.08779754772430697,0.06244274844814876,0.14380964949429456,0.0901852746881793,0.07085177611637115,0.15514023066625604,0.12051717471108137
146,146.0,145.9985446936357,0.09028252649679037,0.09999510190184104,0.07970942943087604,0.08682030567866855,0.061926230530074136,0.14484168040065848,0.09135332804561866,0.07145192670860478,0.153551223608654,0.12006824719821389
147,147.0,146.99823632047406,0.08833761589345353,0.10201029143127611,0.08087717138884608,0.08682559318902354,0.06148005707786741,0.14489057593549867,0.09254697264493857,0.07146580305338156,0.15378054994284635,0.11778536944286819
148,148.0,147.99797642142389,0.0893415005024851,0.10122439808982418,0.08129914800236206,0.08774319477693278,0.06245875327269749,0.1439272692554081,0.09231901857578931,0.07079198899403263,0.15461515694933983,0.11627957158112848
149,149.0,148.99776274806447,0.08834327439127251,0.09979081960373214,0.07939939493394962,0.08762101799732018,0.06345759713957187,0.14514146112773757,0.0936814113778076,0.07408935732928798,0.15358542396883365,0.11489024213048682
150,150.0,149.99759281456036,0.08838086824398572,0.10089012355267503,0.07886797894422318,0.08851928145002005,0.06382944282454953,0.14735303984125064,0.09339713560432346,0.07273074315911283,0.15209909575802982,0.11393229062182966
151,151.0,150.99746394626104,0.08836988104659234,0.10217515474707162,0.08084456164678924,0.090698964275681,0.06231309728959882,0.1470758261143093,0.09284972077739795,0.07171982972452894,0.15135733450050873,0.11259562987752203
152,152.0,151.99737332532905,0.08839398971926099,0.10013927975364456,0.08269483111056453,0.08982727223322054,0.06280202910556806,0.149728506641257,0.0935271060704653,0.0699909545722235,0.15155054615005775,0.1113454846437377
153,153.0,152.99731803323698,0.08975518448279397,0.09953609283582113,0.08284072109591457,0.09094548559368383,0.06344219840813174,0.1502483017134608,0.09238883555072283,0.07118280849169674,0.15106248194039495,0.10859788988737934
154,154.0,153.99729509002177,0.08930498982814106,0.10211561829192055,0.08380721712475662,0.09127845040653526,0.06089730849919255,0.15074646368793967,0.09192899973848706,0.07113303046920692,0.14999494223189389,0.10879297972192625
155,155.0,154.99730149022784,0.09134930566754365,0.10312365354637804,0.08326912168428315,0.08986600778939317,0.06102241466621894,0.15039325719366295,0.0919465358215909,0.07114857635645282,0.15218968528623292,0.10569144198824336
156,156.0,155.99733423551103,0.09152814585085854,0.10156268110936487,0.08260619301050706,0.08937023830467798,0.06018219134571861,0.15104492574569509,0.09181899745809136,0.07312679310326811,0.15268135546033126,0.10607847861148696
157,157.0,156.99739036391077,0.09311173474129103,0.10009499124172772,0.08311002692421196,0.0893823645036178,0.05764001619349406,0.15063013755886095,0.09139586135801683,0.0748024248972806,0.15368505407897665,0.10614738850252223
158,158.0,157.99746697583146,0.09381058884494922,0.0991614741972415,0.08342699074189064,0.08906262022346259,0.059222646657744266,0.15082200194702136,0.09058464273234454,0.07524049283969819,0.15310040348384113,0.10556813833180637
159,159.0,158.99756125680176,0.09301689136039452,0.09790872993759854,0.08453987899216668,0.09091744448215561,0.059839629219737074,0.1497969433895975,0.09036395582797266,0.0742112495350215,0.15356413548078585,0.10584114177456987
160,160.0,159.997670497107,0.09181286325727597,0.09810011239696727,0.08693233553393691,0.08979906402142157,0.05938938533254782,0.14975393697698378,0.09054656668563846,0.07230221200164985,0.15387553863601658,0.1074879851575616
161,161.0,160.99779210841066,0.09086565154635969,0.09633026860500346,0.08723993343514758,0.09053511322588133,0.061840850153954574,0.14988743375596664,0.09067774688855122,0.07197359225791096,0.15241313330122166,0.10823627683000273
162,162.0,161.99792363749984,0.09027891305594174,0.09646746528058786,0.08754644551186351,0.08917748915438949,0.06081228075783835,0.15134839082275034,0.09083768481123151,0.07170709593617507,0.15107534032322661,0.11074889434599533
163,163.0,162.9980627773051,0.09059186625212658,0.09508146753256215,0.08730066245476316,0.08983180864923393,0.06072570924641809,0.15250834987262,0.09010044850664678,0.0705769997272472,0.15095383105686375,0.1123288567015182
164,164.0,163.9982073753568,0.09176828979686126,0.09489573649079984,0.0875475200292954,0.08816420211560481,0.061102863136368715,0.15181919591167914,0.09109406247389375,0.07240040339797985,0.14949321080420908,0.111714515843308
165,165.0,164.99835543984977,0.09020472229866446,0.09518953177457587,0.09003043351804073,0.08786059442569938,0.05950862381120584,0.15130440945864723,0.0907504785675732,0.07332649683849973,0.14866902566959717,0.11315568363749617
166,166.0,165.99850514349492,0.08907403921612486,0.09420572234207712,0.09001757658200338,0.08857568134411065,0.05753402508583184,0.15191137464099425,0.0896960087986386,0.07419608043760358,0.150510853684036,0.11427863786857953
167,167.0,166.99865482534062,0.09361062395163247,0.09344058964456145,0.0892499770079945,0.08893139687302705,0.05657277434247602,0.15067012261309093,0.08845313041030864,0.07418227458298224,0.14975558993201982,0.11513352064190668
168,168.0,167.99880299074837,0.09269746049210091,0.0924632082582295,0.08854792915434632,0.09034809969521107,0.054890271505592364,0.15040199781421462,0.0904808504684014,0.0720839035128936,0.15050263201540942,0.11758364708360058
169,169.0,168.99894830970783,0.09273124233952033,0.09260820203606067,0.09005301870819632,0.08972523878323202,0.05453971382434183,0.1481482024326337,0.09115626152121956,0.07385763760011148,0.15031116269644446,0.11686932005823944
170,170.0,169.99908961367427,0.09365866332827026,0.09260926900225885,0.08808236699407122,0.08893159703332043,0.0542107721825207,0.14955181632701064,0.09087590484826663,0.07312371389051667,0.15075823106596775,0.1181976653277967
171,171.0,170.99922589110733,0.09441274637404831,0.09035775232055196,0.09021312683780186,0.08994933580376258,0.05491002312623467,0.1490418067083957,0.08982544311474805,0.07267652058883037,0.15024656616258678,0.11836667896303958
172,172.0,171.99935628188598,0.09522712399339123,0.09105084688908822,0.09002607687953963,0.0913382994912695,0.054934808034086985,0.14827898914761756,0.08914558178446708,0.07024484878460993,0.1532310891651475,0.11652233583078228
173,173.0,172.99948007076793,0.09636794840413453,0.08879750613099782,0.08731427849561428,0.09216892594743586,0.055335999003676514,0.1493649839731474,0.09098627063737366,0.0701149908949126,0.15383335906527335,0.11571573744743385
174,174.0,173.99959668005403,0.09487984884015481,0.08950300315849104,0.08717117048833867,0.09130902680876626,0.0555619643499628,0.1518223959424092,0.08997629802672143,0.06937518033875316,0.1531106517396593,0.11729046030674324
175,175.0,174.99970566161096,0.09310600536802442,0.09025598594057728,0.08672367414510192,0.09164486187141926,0.056625733913436435,0.1523774734882321,0.0909992313415292,0.0694075228224422,0.15199548447002137,0.1168640266392157
