,Unnamed: 0,Generation,Intertwine_two,Add_vertex,Delete_vertex,Invert_path_vertices,Insert_inside_vertex,Delete_inside_vertex,Replace_inside_vertex,Donate_between_routes,Trim_one_terminal_cb,Grow_one_terminal_cb
0,0.0,0.0,0.09999999999999999,0.09999999999999999,0.09999999999999999,0.09999999999999999,0.09999999999999999,0.09999999999999999,0.09999999999999999,0.09999999999999999,0.09999999999999999,0.09999999999999999
1,1.0,1.0,0.1074339256854941,0.09715889431911752,0.09075290043064016,0.1119080218360883,0.10014014271849395,0.11498442882095383,0.08408452594768948,0.08151949145801005,0.11098763526672539,0.10103003351678667
2,2.0,2.0,0.11226702573154364,0.10207829203808863,0.09704538061998456,0.10060717618317287,0.0990704256203433,0.09380789544919484,0.09350883282213115,0.09460462673948482,0.11018169010582976,0.09682865469022589
3,3.0,3.0,0.11989977182818926,0.0965906572102436,0.09367410316046246,0.1082893413665551,0.08643844704996093,0.11016580849926456,0.08933226232022047,0.08055396234555329,0.10713352124299913,0.10792212497655077
4,4.0,4.0,0.12171476118365557,0.09444872671696926,0.09588992155796713,0.10030587296845847,0.09854758916322355,0.0924579027456141,0.09076306671458503,0.09697255174782528,0.0956731402631528,0.11322646693854829
5,5.0,5.0,0.11020649480640932,0.10003077363382988,0.09378886231978098,0.1096388002714952,0.09835091192542905,0.09630947767195437,0.0870716906511603,0.07771055073658277,0.12069522909291888,0.10619720889043878
6,6.0,6.0,0.11311867399148941,0.10667354945030005,0.10396622283002328,0.10523521008540275,0.08691950573757964,0.09907145912173883,0.08744844141925565,0.0799360715066551,0.10224660844751725,0.11538425741003748
7,7.0,7.0,0.11327977669401026,0.10207035127392845,0.0988662181584166,0.09902696421118248,0.07735769938623695,0.10248389069337933,0.08567835309496459,0.07879878514606399,0.12180571366371898,0.12063224767809785
8,8.0,8.0,0.09905827586327531,0.10216476706231392,0.09579000932560214,0.10569468215376895,0.09915510987786721,0.10058859148635554,0.08661200149785583,0.06849672521117998,0.12238551984491738,0.12005431767686323
9,9.0,9.0,0.1087561410734457,0.09510062626039775,0.10022672047062278,0.11274166876892822,0.08860006445064476,0.10990978087935166,0.08896013484300205,0.06973215253789226,0.11701659153801766,0.10895611917769668
10,10.0,10.0,0.11710579229874182,0.10015301966527068,0.10879470925995653,0.10538845110593234,0.0982054787484921,0.09737503550182632,0.079973735351121,0.07029028026654341,0.11133830213807956,0.11137519566403586
11,11.0,11.0,0.09965595385967395,0.1042635804283232,0.10462063068080363,0.11017364467539863,0.08718117909712993,0.10522225992355014,0.08067566164801906,0.0689300584765116,0.11741123861963051,0.12186579259095882
12,12.0,12.0,0.10304543461859791,0.09781890977672444,0.11580324150418275,0.10989592384906348,0.0823864790394888,0.09912199202334114,0.07281704100364247,0.09845434027438899,0.11345794701513964,0.10719869089542991
13,13.0,13.0,0.12254866740932413,0.0998851701220488,0.09592663282681987,0.11530310674626436,0.07621244937380939,0.08741641445667252,0.07391915900945388,0.08210351497974196,0.12262771010502016,0.12405717497084441
14,14.0,14.0,0.1039643923197014,0.10071263268747024,0.09964702768366615,0.12020518475527472,0.07546054565008117,0.10515382789342373,0.08640928461485287,0.0654437658429932,0.11495653575423766,0.12804680279829833
15,15.0,15.0,0.11945021995166408,0.09133377790658417,0.10223510518849088,0.09777936360657898,0.07809123006621234,0.10995139464590671,0.08651709418657236,0.07193340971157436,0.12298735925384534,0.11972104548257032
16,16.0,16.0,0.11045522996825248,0.09717673647967949,0.09220296405998825,0.09655427584976059,0.08400717637856422,0.10153412016079262,0.08993803544677959,0.06211015662899959,0.12799553299140592,0.13802577203577682
17,17.0,17.0,0.10474289208885512,0.0979791742811341,0.1027713937959549,0.09819126021982859,0.08873808053402735,0.0948085106445992,0.08202132331534458,0.06733843554482236,0.13808441895449658,0.12532451062093683
18,18.0,18.0,0.10227242044975904,0.08961666822959999,0.12288785876478539,0.10930904480616248,0.07936288192984708,0.10416502608359435,0.07255325538510389,0.07502983575440111,0.12835319822502758,0.11644981037171862
19,19.0,19.0,0.10413070167950189,0.10174926450435513,0.11456872635424493,0.10542145863756162,0.09504967820507734,0.10496112211995687,0.05733548679931085,0.05431074598980855,0.13944384497484333,0.12302897073533905
20,20.0,20.0,0.11446893667490857,0.1091202177889383,0.10753946776031258,0.09165886674009965,0.0767369224596685,0.11546015544193482,0.08405410055433822,0.05456875185332587,0.12502218001981213,0.12137040070666098
21,21.0,21.0,0.10491287249461848,0.10767338499536158,0.09856203092685241,0.12370160552284618,0.07388984428081916,0.10290170660265989,0.07879634814557501,0.07467716865751013,0.11065533054029061,0.1242297078334661
22,22.0,22.0,0.10500150474660552,0.0958037960221306,0.12136988632350962,0.09407018339074394,0.07893653924098046,0.10549511728295516,0.07775241002230336,0.05719880360220943,0.13079076776344115,0.1335809916051203
23,23.0,23.0,0.09647757889062519,0.09422063504862627,0.11727151829288356,0.08567434501009948,0.08159404371310539,0.11861757729400639,0.08977506521232852,0.0627573345050331,0.1336342283750513,0.11997767365824039
24,24.0,24.0,0.10315662869981787,0.09985692563934122,0.11239399465402353,0.09067789335105357,0.06443828195954883,0.11404929373167497,0.0890174934937769,0.05629310837412773,0.1435240394461522,0.1265923406504828
25,25.0,25.0,0.10918883837141251,0.09658174130957879,0.10744579894877615,0.0922280761243787,0.0830302307891216,0.10503871140108625,0.08104171691070258,0.06624469439609657,0.13423179181308736,0.1249683999357591
26,26.0,26.0,0.10436766593642774,0.09787144853714133,0.12234639817333699,0.11147715474394845,0.07313477714218897,0.09592066803022481,0.07705937398692463,0.0821437835019573,0.11916656809349416,0.11651216185435517
27,27.0,27.0,0.11207768999992482,0.09205029813742227,0.10896836339852937,0.11341176792216574,0.0750751793119522,0.11625785913327151,0.0712617556382609,0.05889285383446084,0.12049883639773355,0.13150539622627835
28,28.0,28.0,0.10983860344131953,0.0864036427639664,0.1289786830314704,0.09996965200965088,0.08761792426788957,0.10394541895548388,0.07364954105757945,0.06651530165415159,0.12241085622958292,0.12067037658890489
29,29.0,29.0,0.09224677804095549,0.08930510859589169,0.13675705976006744,0.09199121678084392,0.07529662033086235,0.11113170672673452,0.07134833902406175,0.06586806701744011,0.13335927689446092,0.13269582682868136
30,30.0,30.0,0.11021765254005758,0.10865020620852206,0.12219056871430986,0.08573285628801379,0.06970489646637859,0.09327244958476359,0.07280097196651714,0.0627865394682115,0.14085976108558398,0.13378409767764132
31,31.0,31.0,0.12470331849720448,0.10732701861896557,0.10759093657175789,0.10646543199187716,0.07256799778150144,0.09450732497130694,0.0792146237208624,0.05608081931246835,0.13578853805117475,0.1157539904828806
32,32.0,32.0,0.10340808685970113,0.08666240787695383,0.11323608615763943,0.0901975307691348,0.09191880776894631,0.1044686929615453,0.07706550510307011,0.07206504701483976,0.13313525450576535,0.1278425809824036
33,33.0,33.0,0.099202101195797,0.11489439322600589,0.10483902490709367,0.0887047150506603,0.09104071264393598,0.10235095847012683,0.08260211416452509,0.06695208594070849,0.1295370233431893,0.11987687105795704
34,34.0,34.0,0.09412944602772763,0.09465492821836413,0.10686988451200093,0.10992510881595212,0.08016032570229671,0.10498374048124934,0.08257602272374295,0.06787330286674702,0.1431335728698936,0.11569366778202514
35,35.0,35.0,0.11555131375241842,0.09565882493615982,0.129578421810085,0.09135278576993641,0.0740181190752171,0.11478826711308585,0.06876628861027503,0.06463339902406962,0.1222525579357725,0.12340002197297976
36,36.0,36.0,0.08830621090192975,0.10188251431977216,0.1019658741146245,0.11161241869131688,0.07807825420438677,0.10741835273278047,0.06150196108019309,0.07439320084566026,0.13289763465437412,0.14194357845496147
37,37.0,37.0,0.10783555382078622,0.1082527027277104,0.1040359463581169,0.11054045627644478,0.08107996384591684,0.10088663818025537,0.05996954499005469,0.0801819170811939,0.12316106190377565,0.12405621481574478
38,38.0,38.0,0.10127694914992155,0.10624909862332095,0.11318322286963764,0.12065200821369035,0.06253255303396574,0.1084499844818659,0.07173911722205185,0.06036931399633927,0.1409411455689153,0.11460660684029104
39,39.0,39.0,0.10131191960787904,0.10473181969285525,0.10681045479605163,0.11615933926850926,0.07353200465592409,0.10405184573635742,0.050575799334096484,0.07583999245798967,0.13664114893509136,0.13034567551524534
40,40.0,40.0,0.10614474025986871,0.10897371701220089,0.09409911214128486,0.10549667019744265,0.08537407143895297,0.09791057089204455,0.08125728023286104,0.04850908916737635,0.13733389343431607,0.1349008552236515
41,41.0,41.0,0.11184511186111959,0.09019278873728756,0.11401050712452429,0.09467331570602867,0.0632756416080982,0.11477808415643083,0.09085183542838296,0.06978997162698959,0.12835436019787094,0.12222838355326697
42,42.0,42.0,0.07782363272901624,0.10907749475422798,0.11623527853510769,0.08362290502367306,0.09494142715129347,0.10345055364805904,0.08558248605498162,0.07823864067986638,0.12475149019367374,0.12627609123010042
43,43.0,43.0,0.08888573747440569,0.0924364764231225,0.13161198710496008,0.09141033821346563,0.08125810508288303,0.10467571550996213,0.07495719138331478,0.06571068534531364,0.148750029719866,0.12030373374270611
44,44.0,44.0,0.101174618000567,0.10252401114033538,0.1194953007378428,0.11453440595436629,0.07626244909147062,0.09901589938840437,0.05997075116361707,0.058689974780432516,0.15281650633166607,0.11551608341129745
45,45.0,45.0,0.10900847274263523,0.0929913554524618,0.113824918336795,0.10244391440499905,0.06363959157341846,0.11223464743877509,0.06937801033630431,0.06191390592394243,0.1340100545652741,0.1405551292253941
46,46.0,46.0,0.09894803937145231,0.1043221415612791,0.11133104780619614,0.09920694012249695,0.06471474810347944,0.12879979920486856,0.06887035998640618,0.07155562317948816,0.11909819035992446,0.13315311030440835
47,47.0,47.0,0.10533166426506542,0.09724998709788542,0.10952824138081488,0.10212387764570094,0.05746500112955253,0.11733764572694869,0.07831093683135418,0.06628317815694891,0.13212483506536912,0.13424463270035955
48,48.0,48.0,0.09637229016577667,0.09177786456349535,0.1250541353072654,0.09588951715935283,0.0887970340834969,0.09856990948876407,0.06421741278398527,0.062351344546691355,0.14851308837029506,0.12845740353087665
49,49.0,49.0,0.1049621020870837,0.09763254957651071,0.11062976643099875,0.1072569765008858,0.0735859598460235,0.09615175798977242,0.06563386433711217,0.06635788174210581,0.13861543008496177,0.13917371140454493
50,50.0,50.0,0.09021331940548186,0.11462831575127948,0.11049159068457153,0.10033744888529694,0.07391301436408113,0.0932182551761013,0.06994237640268264,0.07189075061202872,0.14229300091146158,0.13307192780701446
51,51.0,51.0,0.09087137118113622,0.10524655091164255,0.12900209923408057,0.0981831914049748,0.07030848169648622,0.1124250177513306,0.0870466008990777,0.05915701155349168,0.13349792893128964,0.11426174643648959
52,52.0,52.0,0.1058148568712868,0.1109630272639955,0.12583150868369758,0.10173632401762116,0.06591832463284605,0.12743390864106083,0.06004060645672844,0.05184172728005888,0.13707742165198017,0.11334229450072424
53,53.0,53.0,0.09371814672708233,0.11006245372733829,0.12896207263536066,0.09322753189751477,0.08676611740427932,0.10744083941336928,0.052442476855786256,0.05988697598743483,0.13569992716843438,0.13179345818339946
54,54.0,54.0,0.11422008360415045,0.12076906593449788,0.1044188575535405,0.084471619967112,0.06880547383472632,0.11799521890128137,0.0645350973789122,0.05226824772104035,0.1447551088865655,0.12776122621817296
55,55.0,55.0,0.10513675057121552,0.11751103092414714,0.1275710276224426,0.10146536861877023,0.06610173248819046,0.09706271340716319,0.057157788583375356,0.049853857248767564,0.16253647664864174,0.11560325388728583
56,56.0,56.0,0.07853200050035375,0.1056418982804814,0.12080862147655376,0.12166316182757293,0.06163955241757495,0.09917942748104165,0.07855386967822008,0.046075000677242704,0.15437072890835274,0.13353573875260571
57,57.0,57.0,0.11097885297483936,0.10637722171218153,0.1056290944886118,0.1069177724432047,0.08679045690322061,0.10320039225086838,0.06489702935231215,0.05708405605341234,0.13128588539233693,0.12683923842901174
58,58.0,58.0,0.09454848056163292,0.115976155444077,0.12118188149836859,0.0974136566222571,0.06898026587428678,0.10163483372184315,0.08179768300002689,0.05721268124341642,0.12409379720473479,0.13716056482935587
59,59.0,59.0,0.10787321245411222,0.09857203594856856,0.10563494395551479,0.09636480240100369,0.05609085357313785,0.11295690241313841,0.08930591535576804,0.04402970270211891,0.1540984308124008,0.13507320038423626
60,60.0,60.0,0.10628910861676821,0.09834166309352348,0.09402161646125981,0.1133723354903923,0.06132284709873849,0.10561689583399902,0.05413936422395323,0.07703814075982857,0.14973476656162926,0.1401232618599072
61,61.0,61.0,0.10901416602356886,0.09361089869172434,0.12630841965005332,0.10064840430154906,0.07296682274686084,0.11254450513861118,0.05007420650426825,0.05099637330835453,0.14127278379209707,0.14256341984291218
62,62.0,62.0,0.08596213171206331,0.13226074033730445,0.139694254792692,0.10613355090264712,0.06272522645610372,0.10412670552340797,0.04974609606123024,0.042315535287543116,0.15339661862305917,0.12363914030394847
63,63.0,63.0,0.11708634715285134,0.09576357405292528,0.10806776915385055,0.0903758486658653,0.06673236250468756,0.12394142358046911,0.06708537509697242,0.057608065244850834,0.14986251558385036,0.12347671896367689
64,64.0,64.0,0.10636539691239255,0.10232184411686387,0.13709554964204715,0.08107591068754835,0.07488311298492034,0.1103794780640914,0.0530753921326381,0.07882265055368712,0.1337513222842895,0.12222934262152123
65,65.0,65.0,0.08806467406098006,0.10597580358220929,0.10660291831462518,0.10935519209664164,0.05755126750683252,0.12682144447852786,0.05665560008461207,0.05985140836808249,0.15338137313245598,0.13574031837503256
66,66.0,66.0,0.0978227555744654,0.10231865150175874,0.12630327666434996,0.09172923163809782,0.07135444114474562,0.1177454942928469,0.06927388274160638,0.05809010702820151,0.14186165777254742,0.1235005016413798
67,67.0,67.0,0.09028920291317069,0.11451768852092674,0.12971197684700514,0.08762933857730786,0.06478131106069517,0.12076880128668788,0.04762630440552186,0.06652737160957722,0.1414393576209658,0.1367086471581413
68,68.0,68.0,0.08993618702045918,0.13067662092752555,0.12382517603837258,0.08408590262075638,0.05708991939326548,0.10268392620353775,0.07182435204081221,0.057875847206089605,0.15161795507275483,0.13038411347642603
69,69.0,69.0,0.08310649653759986,0.11181013937568926,0.12441167047135993,0.10495487695910737,0.06031475604961071,0.10831714832152106,0.048025374244456784,0.058234533330657326,0.163477211685234,0.13734779302476333
70,70.0,70.0,0.08566710298603902,0.09365267169430669,0.14018912716524873,0.10371974167347772,0.05643616909610585,0.09960815086596411,0.06531023729960074,0.049300694208453566,0.16651348430156138,0.13960262070924187
71,71.0,71.0,0.10485371219802793,0.11303502695781824,0.11755613216872987,0.09808032622436832,0.058800750020053985,0.10270153412479195,0.055732977733545984,0.062472565149433654,0.1529778587759391,0.13378911664729057
72,72.0,72.0,0.09643011787384276,0.1117758082704114,0.13929095412093997,0.08075676556454484,0.05113433607292374,0.1260862110291489,0.046014182683685456,0.06474519379908719,0.1407105784643222,0.14305585212109312
73,73.0,73.0,0.10449029629408872,0.0891146643262328,0.10932408391059609,0.10555572310019332,0.05113853197123889,0.13443812381008152,0.05391284084359392,0.07413924536709915,0.15329299589002854,0.12459349448684662
74,74.0,74.0,0.08670590019427954,0.110671078840242,0.11922740985627103,0.09742580312005684,0.05630765593081375,0.1028134474863065,0.06798646238851701,0.05517416694381026,0.16657588793313943,0.1371121873065633
75,75.0,75.0,0.08826604909361982,0.11341401393681425,0.12793908025555123,0.10495043747512751,0.04341542318494661,0.11009135719072576,0.05051619184074459,0.06277367252562009,0.16058951592725257,0.13804425856959718
76,76.0,76.0,0.09769992610095465,0.0825316464151493,0.13547549908779055,0.1234728729942531,0.04944275599297412,0.09590419422265968,0.0746876857107591,0.052349414006791495,0.1558948563534953,0.13254114911517234
77,77.0,77.0,0.09901183273098405,0.11227724350988622,0.14958146580090503,0.09371792535497848,0.056722459763437885,0.10394010465689014,0.06115583547839034,0.06209787269249979,0.1339558370635669,0.1275394229484608
78,78.0,78.0,0.08442103156222612,0.10344820922985258,0.11591208149980899,0.11377424035289571,0.07002906886491027,0.1076192000791772,0.05704806294375111,0.057303758636890814,0.14859062847869028,0.1418537183517965
79,79.0,79.0,0.11878754422707734,0.08710369936291992,0.11209208773916006,0.09531022335905807,0.07074735844303073,0.11382720409304037,0.07716288440297217,0.05146950640619765,0.15753441374339638,0.1159650782231469
80,80.0,80.0,0.09014210661727937,0.11146420397325847,0.14250068706712876,0.10035071547463706,0.06256952238057324,0.09023305121143142,0.07115120629034125,0.056114375974865315,0.15932710679011647,0.11614702422036823
81,81.0,81.0,0.09130505210215595,0.10437804917861242,0.1324856724266304,0.10144262576639292,0.06921364237384647,0.09469811095907474,0.07293757292294879,0.05833739336072015,0.13560806827400046,0.13959381263561726
82,82.0,82.0,0.08621909645446221,0.08617080977756977,0.1153632864374925,0.10244609368730542,0.0773244534384916,0.09906370533777617,0.06857197273146608,0.06768444095492261,0.14804833301610837,0.14910780816440494
83,83.0,83.0,0.07560508510290928,0.10176831890155043,0.14760673060495466,0.09830745433522128,0.0711916215353214,0.09809908318709082,0.060871482651059586,0.055950266571621096,0.1618335711885192,0.1287663859217519
84,84.0,84.0,0.07854098848454202,0.11556237063513777,0.12401305875183596,0.10472195601529737,0.0647438996164164,0.12164167499081058,0.06418258826691635,0.05863638255818099,0.16050055329355367,0.10745652738730857
85,85.0,85.0,0.06007422201372732,0.1350456439084742,0.10230832491790434,0.10520278089917887,0.08618687356197995,0.11324166901918956,0.07590101387879586,0.045924183592593724,0.1211147664322896,0.15500052177586618
86,86.0,86.0,0.0781912764923656,0.11038556556102634,0.14000545061567707,0.1076533668411207,0.0494566437251073,0.10158954696377023,0.05577335068189373,0.0630025424719621,0.1555019636090776,0.13844029303799898
87,87.0,87.0,0.08120771543571577,0.10967279412440296,0.13410187040252222,0.0726479019709235,0.04368469237551209,0.10697648823941885,0.0673536256039827,0.05164886431359435,0.17132083392730332,0.16138521360662392
88,88.0,88.0,0.0982736931563238,0.12567733475801293,0.12494461549761063,0.09130650471664009,0.06444624551893975,0.1083052196801628,0.056283072780149004,0.041154421611429584,0.15611282327474688,0.13349606900598415
89,89.0,89.0,0.10010277237523471,0.09316975265685826,0.12262443276272864,0.11035564044938544,0.06990934313171362,0.12154305768327003,0.047349484337654305,0.057164185613558204,0.15612742831807963,0.12165390267151674
90,90.0,90.0,0.09916980443392168,0.10747786554130903,0.1121380781347521,0.09841081749289018,0.06431249871894804,0.09677462369715154,0.08706818600411118,0.05656447884715059,0.14147570306878193,0.13660794406098337
91,91.0,91.0,0.08111185044342392,0.1091545837739348,0.12998839024317177,0.086236670827544,0.059979255032138655,0.12828022736783312,0.06298098706313893,0.04739707596152334,0.16505537661310116,0.1298155826741899
92,92.0,92.0,0.08819111137559035,0.12491185340295927,0.1261135056514057,0.12330672446258018,0.04550619422563133,0.09685901057190073,0.046992127743890465,0.04027194383360053,0.17349825261259394,0.13434927611984718
93,93.0,93.0,0.07828282733485292,0.12261194272980988,0.13834725299237854,0.10233687296018697,0.052783943215908714,0.10101297940201877,0.04267498931975102,0.03762288314590424,0.1794964807622723,0.14482982813691636
94,94.0,94.0,0.08755453714637804,0.10448253086094561,0.12716834065026023,0.11043236717442673,0.07348174799216733,0.12011050408997001,0.05102055732948725,0.05015216023836448,0.14123714289835218,0.13436011161964784
95,95.0,95.0,0.0842572154310146,0.10481801028228824,0.14407954740250345,0.09849140548397625,0.0521985335891275,0.1075024901304619,0.05930816689026162,0.0558407256400021,0.13604743182434875,0.15745647332601528
96,96.0,96.0,0.11154489784475508,0.10893551420460193,0.12954180205132035,0.0771503991444889,0.07252862613159416,0.09294917053402671,0.05551003764850286,0.0501744535458369,0.15439841819321842,0.14726668070165427
97,97.0,97.0,0.08858590212418357,0.11091752464564195,0.10956515651582333,0.09698237207398319,0.07217781842043228,0.1054086296849565,0.08201706230114056,0.05172468330936897,0.13604658788275187,0.14657426304171745
98,98.0,98.0,0.07662683708009124,0.09334701238627999,0.13045717492717018,0.10743498529521985,0.07879842896646054,0.11332022451599762,0.05675362411165793,0.0650230104183115,0.1282746390441875,0.14996406325462333
99,99.0,99.0,0.06880997836874597,0.12596698048864868,0.15223907823123195,0.1045615089377691,0.06804651371734032,0.09837271561936897,0.054191735135154386,0.045615169345292896,0.14255776653592583,0.13963855362052152
100,100.0,100.0,0.10122042609644658,0.10579639864736476,0.1321622131773839,0.0994506275375551,0.05872173403162049,0.08669720429082813,0.06956554496195606,0.04880372372302357,0.1511253612255752,0.1464567663082458
101,101.0,101.0,0.1028972749313964,0.10778583457828106,0.1498603149231022,0.0820648377742223,0.034114284157545006,0.10576271644195716,0.054591213658156904,0.07305974462471618,0.15587936379998651,0.133984415110636
102,102.0,102.0,0.08162927003769126,0.12582413394329356,0.13287263930919158,0.09257521049532898,0.05138208328188959,0.1022404514557617,0.06918853488595375,0.04191250993134545,0.15494345481509203,0.14743171184445164
103,103.0,103.0,0.07068414021192268,0.09177648650850674,0.13860090402802958,0.09934672785489732,0.047316195976323985,0.10667209120324501,0.07476857344729163,0.07187546565350363,0.15405034111484034,0.14490907400143874
104,104.0,104.0,0.0630102297293141,0.11568120760506206,0.1458935955925186,0.07551785834906359,0.05836377694465665,0.0926327167454661,0.06884581002555294,0.05400634724183778,0.1625946246762224,0.1634538330903053
105,105.0,105.0,0.08731307095735001,0.1084926468427874,0.13647473219681316,0.09375354553831552,0.08116016320342337,0.10485296551109577,0.06042627180968776,0.0545790435976735,0.13700743037369081,0.13594012996916233
106,106.0,106.0,0.09177553486128978,0.10412465208059127,0.14896762660326585,0.10701428573624741,0.07612470563086485,0.07209242700820376,0.036574328555890614,0.06883813048586931,0.16667432425230513,0.12781398478547168
107,107.0,107.0,0.09177765545491345,0.11927079908826503,0.11946547562369178,0.10400053634906596,0.05657956348305038,0.11944389558269201,0.05387876238562568,0.03312458059401589,0.1476865006811338,0.1547722307575456
108,108.0,108.0,0.10197353659831017,0.09993659624973422,0.12679262019007018,0.08376338987819251,0.050638696225629734,0.14009195225427742,0.05235594777910794,0.06723157719400823,0.14671132119595548,0.13050436243471383
109,109.0,109.0,0.07897313769033398,0.1194549762712351,0.13763734116973245,0.10949399572168819,0.04699969841512121,0.12063993972072731,0.06185191252054458,0.04934183051670269,0.13729256066521386,0.13831460730870024
110,110.0,110.0,0.08386932107560927,0.11226914855588935,0.11832754029953045,0.08640064950501858,0.06292886128155481,0.11675189626277475,0.07643905511931236,0.030000000000000006,0.1757705159318778,0.1372430119684322
111,111.0,111.0,0.08994937605505475,0.13021133609448848,0.1052287656141675,0.10197514596762929,0.05936737453896214,0.10950907417556946,0.060416433277354534,0.03490526349583134,0.1687117099131205,0.1397255208678216
112,112.0,112.0,0.09608296082135105,0.10785582661173021,0.12875091763662755,0.08047484493927658,0.07275544598379892,0.1152048439287748,0.08236770545677048,0.04011875736788282,0.13729735164087756,0.1390913456129097
113,113.0,113.0,0.10829563379016119,0.1046737559688399,0.11830299029301243,0.07717900470955714,0.07842457794057606,0.11853254498712498,0.06638539320758982,0.030000000000000006,0.15307041998493473,0.14513567911820335
114,114.0,114.0,0.07045723588221674,0.11092729287590981,0.13222816786884534,0.09386004263116735,0.06984100528187634,0.12872769739758264,0.0544496977331597,0.051651786232104015,0.1683206609877749,0.1195364131093628
115,115.0,115.0,0.0931196821593281,0.11776923802766626,0.12892823235609913,0.09965059921344416,0.07507293756159011,0.09575978389842277,0.04916966293453664,0.034021294336236865,0.17340773937446968,0.1331008301382059
116,116.0,116.0,0.08158807346740463,0.14299684562465093,0.13849694324491513,0.09198290824672925,0.03757013330218519,0.11934679555349137,0.05479114810781231,0.06969586228396937,0.13214170911878959,0.13138958105005188
117,117.0,117.0,0.08873426600246873,0.1258732008825974,0.12258161538801812,0.10594982383050626,0.055658282268138334,0.08537311281039144,0.0664493974193037,0.04680698811229348,0.1345079539109774,0.1680653593753048
118,118.0,118.0,0.08829414782840347,0.10364500852071538,0.13996998474496544,0.08891403159463149,0.040615681318845,0.10347302435352952,0.05057436233752468,0.054014345476868064,0.1833770240482487,0.14712238977626785
119,119.0,119.0,0.08174073286834385,0.11574037130480241,0.1397497142395539,0.08252994362420599,0.04352673196147899,0.1346873663377132,0.05400505237204345,0.04278410537706624,0.1493843570693059,0.15585162484548576
120,120.0,120.0,0.08144420269479008,0.12466253433499128,0.12500314883782254,0.07578868047203438,0.09334383110563817,0.11099740114810837,0.045148297428806994,0.04593572575215445,0.1641032765410819,0.13357290168457153
121,121.0,121.0,0.11721392084575137,0.10913390922169253,0.12983663589971275,0.08823080829539136,0.07959655209830663,0.10019532734129728,0.04544353248329551,0.052038307523516715,0.1456000053997563,0.13271100089127924
122,122.0,122.0,0.0831257971101019,0.08530209257226432,0.12127459560290772,0.09409486112397972,0.0932888738517855,0.10709672699456155,0.0526243840314501,0.04555012528545464,0.15380573300549533,0.16383681042199888
123,123.0,123.0,0.10297817404052659,0.11251117428232182,0.1585522832956729,0.08274964358771787,0.046205063615281226,0.10467318054548887,0.05767428450521887,0.04053750631025006,0.14225982249765373,0.15185886731986778
124,124.0,124.0,0.07705582691002597,0.12143779176383647,0.15056631169177992,0.10291929629161208,0.06305315377702492,0.11134709511465143,0.0503393454150481,0.04753308325846654,0.138219228798724,0.13752886697883024
125,125.0,125.0,0.06202748729026182,0.12709439007768233,0.13635324369271634,0.10537506308319211,0.053622300225259135,0.10745986936684013,0.06495597892938654,0.06536615128018897,0.13381267362422195,0.14393284243025029
126,126.0,126.0,0.09983652913470582,0.11526506723271948,0.14665544288787,0.07749992761026796,0.05407120548481562,0.10569871137938877,0.05619329975756469,0.044669611556451036,0.17527863820045902,0.12483156675575721
127,127.0,127.0,0.10897749239127226,0.10906140231852812,0.14250639421818706,0.09019570193550448,0.0495992462364109,0.10387228150698555,0.058702213868879895,0.052064314709295734,0.13693274713465514,0.1480882056802805
128,128.0,128.0,0.0915907536255408,0.0988922251537854,0.16239586829940228,0.09247344310371489,0.0666350809668714,0.0943368251987339,0.049857665684439216,0.05110891388290045,0.1600431377108357,0.13266608637377558
129,129.0,129.0,0.08525442504291399,0.12646205282541337,0.13791421755628713,0.10324241893749422,0.07634132083771276,0.08069446078069217,0.06535229586195024,0.04803352258141617,0.16211663325204112,0.11458865232407837
130,130.0,130.0,0.1035808957631676,0.11614520279902289,0.1221215805982688,0.1057734453215172,0.08097688137480716,0.09774926903217696,0.056348355386337125,0.04822566536022817,0.13648423467280832,0.13259446969166544
131,131.0,131.0,0.08955185472071538,0.0978527763616406,0.17657882903407168,0.08429546931829161,0.05542479730359595,0.09763530080047285,0.09190705997528394,0.03460943429150718,0.14663201726772218,0.12551246092669832
132,132.0,132.0,0.11850107450938559,0.12716261589621553,0.12089623489944715,0.10013803728414836,0.06708346509239194,0.08548250722738926,0.05722051507097629,0.05305735050811561,0.15766738780891093,0.11279081170301905
133,133.0,133.0,0.10054011337460844,0.1079343320421227,0.13075410414777103,0.12566534291871215,0.05679293615582014,0.09500902192276997,0.04989422569407874,0.04771646853608913,0.1438196261542164,0.14187382905381102
134,134.0,134.0,0.07784434679773383,0.10477702490335612,0.15094356163606476,0.10279677251015214,0.055535092972632774,0.12462899126824596,0.05107445577894132,0.039894171598524056,0.16555944182901788,0.1269461407053309
135,135.0,135.0,0.0718302753729392,0.11531599046259196,0.13472065275667772,0.10327140349384352,0.07881508328312949,0.0965510506633273,0.06635446376856846,0.0525112361322001,0.1277683637258527,0.15286148034086922
136,136.0,136.0,0.07783917705577187,0.10888458606930411,0.15649791951470549,0.09281727909137924,0.08115287369979958,0.10988868742570287,0.043666467051457845,0.047055449410263184,0.13397127808822257,0.14822628259339296
137,137.0,137.0,0.10070340922987195,0.10480873823098591,0.14072213768606756,0.08300974317349995,0.05384950150240582,0.0922961290994078,0.07096164705765229,0.04519125257745542,0.1738571143652629,0.13460032707739003
138,138.0,138.0,0.08401661918433082,0.10927059660590552,0.13808582054577703,0.0905871967603896,0.07571049739201205,0.09142637626083078,0.057604476651447134,0.0666060985070873,0.14222814423571128,0.1444641738565081
139,139.0,139.0,0.08039732329715203,0.12633382817900723,0.13617416838928942,0.08820068081269497,0.04790646207388174,0.11222059885364218,0.05927427844577737,0.058640419316045,0.15120405862118091,0.1396481820113288
140,140.0,140.0,0.09924799420634975,0.1108825007814425,0.12630860049949583,0.09603251766237061,0.05234803721475626,0.10167648688915865,0.06509541456979662,0.04917799902934582,0.1470410312212876,0.152189417925996
141,141.0,141.0,0.0902311605558145,0.1152411393793984,0.11592911087840288,0.10222962814818808,0.04256141883251223,0.09541087804724745,0.061656081289901986,0.06426908345464857,0.1640743459269677,0.14839715348691782
142,142.0,142.0,0.08198529561901843,0.12589274090474467,0.13094145753261477,0.09122328630037478,0.061404490682060206,0.09396801861379087,0.04588453233023045,0.044134300884649126,0.17378102031455325,0.1507848568179631
143,143.0,143.0,0.0803558422988609,0.1279027696195967,0.12022594862137267,0.0947919559588821,0.03686262550239282,0.07874616783501684,0.05792537292852094,0.04223382711256318,0.1869599748071974,0.17399551531559615
144,144.0,144.0,0.08739521623662369,0.11562196560112654,0.11820318402401582,0.12192440470355266,0.055289923402948894,0.0772694739264872,0.05551642780332326,0.05446976670261274,0.16218152558027726,0.1521281120190316
145,145.0,145.0,0.06367992048957287,0.12815722403972016,0.1517631582929539,0.08407870624036004,0.07438153984833248,0.0827782698959041,0.042811642788959756,0.04585454245924516,0.17601136918890675,0.15048362675604457
146,146.0,146.0,0.10340554904268992,0.10107117366672433,0.13453581490858726,0.088895259681189,0.0743274902947792,0.10278618235505968,0.048370670343571044,0.057859997540640154,0.15128775917178555,0.13746010299497352
147,147.0,147.0,0.09916512752700658,0.11320248433628528,0.14635941798788815,0.08733553444775324,0.048776242715108296,0.08819328387004081,0.044267510538754995,0.06404655700780047,0.16663651151004957,0.1420173300593121
148,148.0,148.0,0.0885328763671946,0.12738704286076258,0.14774774852953274,0.0727411580990997,0.05326935939309717,0.09565946584700581,0.0559874040326125,0.04268833674778313,0.17015309894464012,0.1458335091782713
149,149.0,149.0,0.1133935594147788,0.0800454240931228,0.15846604285743665,0.08155901052738865,0.079821206447411,0.07477163698769995,0.07144022328351947,0.045053710605303186,0.16296719233165305,0.13248199345168615
150,150.0,150.0,0.09002322319875367,0.12363330231253482,0.14207011855666513,0.09678811843560506,0.052712797392248247,0.12742088129849283,0.04133586353978565,0.045774346235505484,0.13657981372573774,0.14366153530467105
151,151.0,151.0,0.09501532552422809,0.10168377517688765,0.11586351941177502,0.09259034163484822,0.07582006997758464,0.08509209765445533,0.05561748189447589,0.05624338408822208,0.1529898666347383,0.16908413800278438
152,152.0,152.0,0.09014806169322227,0.11255930628570043,0.12066702993212415,0.08813313534085539,0.06465373630600031,0.08855948023913643,0.06652089356836313,0.05287861748265762,0.1882230450955389,0.12765669405640095
153,153.0,153.0,0.08497674647256115,0.11150201210930902,0.13691549947347095,0.0944614668156802,0.05288811061968002,0.11951954189914002,0.08161719066024409,0.030000000000000006,0.1584208157996392,0.12969861615027495
154,154.0,154.0,0.08378974915052777,0.10924932703626375,0.11757952100642914,0.07985120951157118,0.05239393185102513,0.11625624710603517,0.07900982950777113,0.07069842219692295,0.1618367433261494,0.12933501930730396
155,155.0,155.0,0.10140662327339456,0.12947752834967818,0.12770902829401853,0.09902314277916327,0.04156294467022597,0.09966173063413368,0.0452548795613041,0.05299389721382658,0.14794075533663295,0.15496946988762184
156,156.0,156.0,0.07083899640912163,0.12461478509651032,0.13960110235004936,0.08510368744745918,0.07044008201991628,0.11566404964846741,0.05663826297506941,0.056361331038464614,0.14878113797645337,0.1319565650384881
157,157.0,157.0,0.09315434211124297,0.10481130361878876,0.11190876004406147,0.12087033838111957,0.05775064649602377,0.10121814979171677,0.04990224307080916,0.03923253717209742,0.17038493144369427,0.15076674787044547
158,158.0,158.0,0.09070458953572774,0.1189239435389829,0.1434597611772297,0.08795951500307117,0.04654347569978389,0.12713260171479263,0.03767626915164827,0.06268831476960891,0.14442528779923272,0.14048624160992176
159,159.0,159.0,0.11150167318329865,0.11614385071197479,0.1459347354774395,0.09619724344462996,0.07548960454885134,0.09547983559797532,0.061075947648583206,0.047610166258686595,0.10692587018243863,0.14364107294612166
160,160.0,160.0,0.08821318067935321,0.10288033141231578,0.13865261886777086,0.08904552054915907,0.06681737034904647,0.11350093473816465,0.06298134872316577,0.04399908514043116,0.15562935565021532,0.1382802538903773
161,161.0,161.0,0.08081760363975596,0.09192692064555619,0.16569949094162778,0.09563758266389785,0.05634953760603682,0.0908470250923413,0.05700206208104428,0.04547094499157802,0.16912892142330666,0.1471199109148548
162,162.0,162.0,0.1262049079305002,0.08138301693551203,0.14525257036738806,0.10634565471926968,0.045738761677083864,0.10697379868810071,0.04198300961172715,0.04189658370557768,0.1686643478341819,0.13555734853065843
163,163.0,163.0,0.11124622921183802,0.11296415391112205,0.12217527812346152,0.09107177772230451,0.05751117274462395,0.08681950072351041,0.05851028896301571,0.04959733652177863,0.1635950954036601,0.14650916667468475
164,164.0,164.0,0.11552507915397359,0.1278234525309115,0.14860226952557468,0.07876156915378171,0.04561795648605861,0.08430370685038262,0.046953762692301546,0.030000000000000006,0.17940179568949813,0.14301040791751735
165,165.0,165.0,0.08668067869799333,0.12564747035569518,0.1370232699490296,0.09285243669710351,0.07015507749513375,0.09064432119487312,0.045251309125862595,0.06357299652209074,0.17567477425885908,0.1124976657033588
166,166.0,166.0,0.11222124247806389,0.11145661022280148,0.14182399439901192,0.07336949518553414,0.08867219210725423,0.11092648242936294,0.06080602798266112,0.055529106010027265,0.13209311732839463,0.11310173185688802
167,167.0,167.0,0.10109983900797585,0.08890222731063517,0.11623264546190937,0.10243459562981957,0.04822301564242272,0.09050016646468637,0.07262181964505281,0.04016486341066387,0.23054154216243097,0.10927928526440293
168,168.0,168.0,0.10909255028202056,0.13958288400353497,0.1430355489951843,0.0800513910386736,0.05106553350699681,0.08946989930450337,0.05613891409607469,0.03348404506080255,0.17668475624885796,0.12139447746335086
169,169.0,169.0,0.08482175903750226,0.15596697766827125,0.1557989515922243,0.08361338282452202,0.0642545967297692,0.0953153273770601,0.04750964691437515,0.030000000000000006,0.1704342087449218,0.1122851491113537
170,170.0,170.0,0.09730325149411188,0.10633797870501646,0.12891675548857803,0.11323876089931176,0.03804029590977228,0.08288150833816554,0.06701556788507872,0.054953266201225814,0.1689833213155995,0.1423292937631397
171,171.0,171.0,0.08202922830533367,0.12947661677456174,0.15241955048374956,0.08436814965332524,0.05696477932516079,0.09426820926124696,0.04382305972465278,0.04327943943778189,0.17289090211135524,0.14048006492283183
172,172.0,172.0,0.11921169701426171,0.11078467802728904,0.11436877902483267,0.09647858981827355,0.07195820911039223,0.11405096097739978,0.05013910154294029,0.03541036584598447,0.1501300605295443,0.1374675581090816
173,173.0,173.0,0.1161131057510784,0.12165918887180957,0.11995233678712088,0.09535687840862114,0.06673766124444722,0.09844209604089868,0.046884443338625306,0.030000000000000006,0.15289442341443862,0.1519598661429598
174,174.0,174.0,0.08729388944442296,0.12481928617835777,0.13976936082104544,0.09571432962948492,0.0702977686636531,0.09324328293931657,0.043630956828435465,0.03725547323089103,0.16480322764857752,0.14317242461581495
175,175.0,175.0,0.10265916542620787,0.10842794282356268,0.15268842928931234,0.08904853614675314,0.04966948762871458,0.09468773924141426,0.05881436024334585,0.03639414452127038,0.15341017114828126,0.15420002353113738
176,176.0,176.0,0.08051312934285634,0.11395512384420994,0.14666399744148126,0.10050707923144178,0.0524392668168794,0.09349991676304682,0.048273074659304305,0.030000000000000006,0.14802138738346543,0.1861270245173144
177,177.0,177.0,0.07049060491049014,0.12624636966812308,0.1359439226469393,0.07879220315230637,0.05953958711940037,0.11844968816028564,0.03765050231466249,0.05372096018714072,0.18360955155393657,0.13555661028671492
178,178.0,178.0,0.07694369716868198,0.11557282890750228,0.14903020920591062,0.07325341365355527,0.06251240871028632,0.09023115868094386,0.061612324200865286,0.03578883263912944,0.17606139020593575,0.1589937366271889
179,179.0,179.0,0.07918468360249431,0.10143826474413668,0.12491144415575402,0.08534126729256016,0.05546947978651177,0.12008245725036042,0.06645188024325356,0.05231001974549534,0.183028934283495,0.13178156889593853
180,180.0,180.0,0.07795603674953208,0.10219743487390232,0.141226040730212,0.08910884557405407,0.07101829387273975,0.1004214141787989,0.06449158088727489,0.05412353915484286,0.15914398976579416,0.1403128242128486
181,181.0,181.0,0.08107721438522185,0.11863440902004022,0.12410652150934061,0.08303311834687586,0.0934321071408223,0.11651844126334385,0.0507751583165012,0.051358668396608353,0.15039525149460914,0.13066911012663632
182,182.0,182.0,0.09400655672000154,0.13325307594164365,0.1380217585394193,0.07491680561721724,0.06995373116106693,0.10204225610124582,0.04225960752252545,0.04494576704196708,0.14555917313101002,0.15504126822390263
183,183.0,183.0,0.08580623940186274,0.1269935154318333,0.1552836222534901,0.11345456677027124,0.054040254660899255,0.08147344227186752,0.05828772493480235,0.04130382995263985,0.15889328641757244,0.12446351790476093
184,184.0,184.0,0.0874186548446412,0.10941907309581829,0.15422002013648922,0.07591817436320161,0.042367232747861305,0.11956694608952664,0.05649719642812314,0.07369270814833026,0.16144737865419906,0.119452615491809
185,185.0,185.0,0.08272439538979572,0.13212958668029293,0.13883633717398025,0.08799612747309041,0.032690419698177556,0.1239880217631654,0.05136415055683578,0.03766479997132234,0.17759088744913804,0.13501527384420123
