,Unnamed: 0,Generation,Intertwine_two,Add_vertex,Delete_vertex,Invert_path_vertices,Insert_inside_vertex,Delete_inside_vertex,Replace_inside_vertex,Donate_between_routes,Trim_one_terminal_cb,Grow_one_terminal_cb
0,0.0,0.0,0.09999999999999999,0.09999999999999999,0.09999999999999999,0.09999999999999999,0.09999999999999999,0.09999999999999999,0.09999999999999999,0.09999999999999999,0.09999999999999999,0.09999999999999999
1,1.0,0.10900000000000001,0.10081029789971885,0.0996903194807838,0.09899206614693977,0.10129797438013362,0.10001527555631583,0.10163330274148395,0.09826521332829814,0.09798562456892308,0.10119765224407305,0.10011227365332975
2,2.0,0.31601,0.10208911229192853,0.09987823253376968,0.09863178204095702,0.10144216723152188,0.0999233005188068,0.10111913313243832,0.09750452913740457,0.09731653887799221,0.10229284457787578,0.09980235965730502
3,3.0,0.6191589000000001,0.10410509898897796,0.09952059139371566,0.0979545345854106,0.10233180740562606,0.0985687963790258,0.10221905941247181,0.09636229935225654,0.09528217619537621,0.10305258924729471,0.10060304703984446
4,4.0,1.015801321,0.10625893268026118,0.09895522197650489,0.09752378940091982,0.10239371206211945,0.09843935337125852,0.1015176699800048,0.09540707261473941,0.09494582658275078,0.10263113067174416,0.10192729065969677
5,5.0,1.50262148669,0.10720111464972541,0.0989595292401059,0.09690967413262996,0.10336184059233056,0.09830426929840816,0.10118097931107463,0.09413179088562997,0.09273717908191438,0.10468444693263936,0.10252917587554142
6,6.0,2.0757334209441005,0.10837035014231806,0.09963839580293106,0.09734349832406483,0.10385556684770296,0.09704001944032811,0.10110544083762472,0.09295111140389632,0.09082168212471553,0.10484767732450766,0.10402625775191045
7,7.0,2.7307768275633495,0.10948625559439525,0.09985940742831025,0.09729016687425512,0.1036928923224931,0.09484480879589431,0.101358359551525,0.09165646433806052,0.08887515012099687,0.10692448451003941,0.10601201046402987
8,8.0,3.4630081252450404,0.10910635562918737,0.10008986890844623,0.09695030819898656,0.10416659776294976,0.09487398917097034,0.10140771178475141,0.09052486570666646,0.08599230167441232,0.10900040388667462,0.10788759727695457
9,9.0,4.2673862119061114,0.1096337513838582,0.09961161914191569,0.09707650351701308,0.10531291216478487,0.0938875581728855,0.10237605653097084,0.08970211163083833,0.08334632504052515,0.11046568965453876,0.10858747276266924
10,10.0,5.138652627782014,0.11093459658248743,0.09964132376371031,0.09807838035170642,0.10568356092617832,0.09390743676717146,0.10206942950829959,0.08805557324552654,0.08088461711786547,0.11128212692445748,0.10946295481259663
11,11.0,6.071405875792507,0.1104220853745095,0.10008423095864633,0.09866982493409765,0.1064927130701766,0.09286587795670583,0.10253124369000312,0.08656306294949169,0.07842711443995537,0.11262477586767564,0.11131907075873798
12,12.0,7.060169740244025,0.11019211204807339,0.09988017386362563,0.10037989419805472,0.10722998723319375,0.09139215803292687,0.10236375982585087,0.08437506760560794,0.07907281964998958,0.11348569538364243,0.1116283321590345
13,13.0,8.099455520847952,0.11186399255905877,0.09988253587177043,0.10008552914094107,0.10846091163578798,0.0893583503450235,0.10101004891342187,0.08240050333067404,0.07821268701579966,0.11517722177331559,0.11354821941420677
14,14.0,9.183818168183006,0.11161710425848599,0.09996743427814568,0.1001510511120822,0.11012737335012858,0.0873212740438255,0.1014295140913434,0.08178759460056124,0.07581150101099328,0.11600698297226023,0.11578017028217359
15,15.0,10.307906369102724,0.1128669604317789,0.09911340934988805,0.10046378840230753,0.109485384892217,0.08563236653042297,0.1023240325647419,0.08129297460077459,0.07419572064184565,0.11754634592909094,0.11707901665693217
16,16.0,11.466506686239443,0.11315816458460022,0.09885128645733267,0.0997597510185219,0.10866802629155836,0.08462853303495378,0.10236364536310077,0.0812421519228453,0.0717365698920526,0.11948700009724217,0.12010487133779192
17,17.0,12.654581904800096,0.1128219851880362,0.09867887413440175,0.10010739247712616,0.10797496448355441,0.08419195973801392,0.10171844067798134,0.08049169913480476,0.06994989797619061,0.122327562773829,0.12173722341606155
18,18.0,13.867303782456686,0.11219158563622716,0.09768045544007785,0.10245855629994133,0.10836515027234699,0.08290698511831016,0.10200430870493955,0.07888478107434962,0.06908491864855901,0.12406851567161692,0.12235474313363115
19,19.0,15.100080434523047,0.11171086251070864,0.09791450037055706,0.10394698352406938,0.10833699781073837,0.08328374655621516,0.10236280670662473,0.07585346270446824,0.06629397744828973,0.12678728478014173,0.12350937758818671
20,20.0,16.348578617037543,0.11223623358897054,0.09890058377778466,0.10468985959469314,0.10690624601381267,0.08190921559227742,0.10376134139447252,0.07561195778802617,0.0636880986398143,0.12791857608425794,0.12437788752589043
21,21.0,17.608741195130214,0.11177578817223666,0.09974557190504335,0.10448920045656471,0.10867036948211706,0.08033570697552242,0.10388116587008264,0.07495324955001509,0.06326245592473995,0.12747108934936593,0.125415402314312
22,22.0,18.876800103462312,0.11130162136559868,0.09939838045315626,0.10653012107661772,0.10744525075078806,0.07935976008951202,0.10423855437348707,0.07429444930943355,0.061245688102970666,0.12891373742218742,0.12727243705624836
23,23.0,20.14928511992658,0.10995947748783653,0.09889164620479719,0.10810551048407173,0.10536930938092709,0.07874292613082984,0.10588501565675085,0.07493837421904137,0.05994598130865306,0.1305152370523003,0.12764652207479182
24,24.0,21.423028783545156,0.10928463399279775,0.09895250432878382,0.10912726866498247,0.10380436733843933,0.07650071056848298,0.10703732807182767,0.07559051637576614,0.058157936112640474,0.13297675773973952,0.12856797680653967
25,25.0,22.695167792966423,0.10921921576149252,0.0986888024205011,0.1095846987171678,0.102419673037659,0.07622128715923873,0.10724347066893641,0.07551413642969111,0.05752520576104091,0.13436837441219243,0.12921513563207981
26,26.0,23.963141223515898,0.10867791833591851,0.0985593708146937,0.11146505668890677,0.10299644005978088,0.07504835016252448,0.10649514707656962,0.0751024359906559,0.05863285224153793,0.1341129412194497,0.12890948740996233
27,27.0,25.224685898775267,0.10891865053525673,0.0978538881067196,0.11192838880083539,0.10379379884435398,0.07416761135225462,0.10774963016328074,0.07417171314062053,0.05753975041983979,0.13386681444514562,0.13000975419169283
28,28.0,26.477829247520948,0.10894299125344727,0.09659625223250436,0.1143168194108422,0.1032633898499964,0.07463829659820247,0.10773250321324189,0.07354374154249695,0.05733173459642675,0.13370282255098276,0.1299314487518588
29,29.0,27.720879968916847,0.10721467148166107,0.09565260043421778,0.11739086326891429,0.10195524085379043,0.07395957920254967,0.1083978468927544,0.07274950489598477,0.05717163256226113,0.13453715224951,0.13097090815835627
30,30.0,28.95241681848399,0.10730659220255666,0.09667434865863965,0.11889451560151496,0.10005243046719259,0.07280293157129691,0.1072380690884584,0.07216594354965011,0.05680635232114099,0.1360263186437463,0.13203249789580324
31,31.0,30.17127581490958,0.10886699805045238,0.09758136187716251,0.11882080001772832,0.10026996294784907,0.07201727848363253,0.10617810040820935,0.07228845379755212,0.055866829960029264,0.13690778051953645,0.13120243393784783
32,32.0,31.376536153543515,0.1083002033542757,0.09642866926704995,0.11920667231644878,0.09890090674860595,0.07325077889645776,0.10610355764064003,0.0722530628581178,0.056621822498790234,0.13742457542852302,0.13150975099109058
33,33.0,32.567505096778625,0.10732056839638054,0.09811678183895288,0.11865454539865454,0.09743244083764499,0.07445980004422431,0.10580834705389484,0.07282299634122195,0.05694445192142248,0.13748697452112574,0.13095309364647753
34,34.0,33.74370209472243,0.10585044674546214,0.09777991276677186,0.11822256192821484,0.09814558363643945,0.0746256895090474,0.10577136184109875,0.07343111851017049,0.05742701643458821,0.13882328914535927,0.1299230194828474
35,35.0,34.90484237192463,0.1065523140249273,0.09754587042810443,0.11999110376046537,0.09704797510254803,0.0742161157266127,0.10671065159916743,0.07268890409301312,0.057641796976491216,0.13798097365100268,0.12962429463766753
36,36.0,36.05082019768737,0.10454947428867199,0.09793873080674553,0.11891740982044101,0.09802913882085768,0.0742515328688245,0.10689979709853788,0.07125525220973591,0.05888099566683877,0.1381301132207896,0.13114755519855695
37,37.0,37.18169203889697,0.10453742018406044,0.09896876182344662,0.11798857714171015,0.09894082272455373,0.07462184647432374,0.1064220421490612,0.06971419099447716,0.06073026816349315,0.13723835677287383,0.13083771357199978
38,38.0,38.29765977559663,0.10390369235919084,0.0997882687370813,0.11792782907416852,0.10088848976712367,0.07316496881179388,0.10669304328500519,0.06940674666389976,0.06060786959117363,0.13807301138757264,0.1295460803229904
39,39.0,39.399054140870355,0.10331056693051126,0.10043870536516834,0.11718843294397713,0.10238975839538415,0.07284739991993455,0.10651469984477255,0.0670370386831661,0.062042393166302764,0.1384228822192326,0.12980812253155039
40,40.0,40.48631852820801,0.10324004963667227,0.10149121920565811,0.11514806237984895,0.10281232906244318,0.07375264064292394,0.10571543472304773,0.06780783719689157,0.06073835004777452,0.13878922308480762,0.13050485401993195
41,41.0,41.55999329152982,0.10377566813857422,0.100635213812673,0.1150923788680719,0.1021371506250049,0.07247372861848922,0.10660479880162399,0.06959550580915637,0.06157050687825644,0.1382064232436757,0.1299086252044741
42,42.0,42.62070064560415,0.10093627131430111,0.1016488553099266,0.11525392213109542,0.10034981061388513,0.07439730548071358,0.1063542062750535,0.07089003591904681,0.06324650957846518,0.13722309575577923,0.1296999876217333
43,43.0,43.669130257815,0.0992558982611414,0.10097131721878728,0.11694679548884195,0.09935267886695448,0.07496563366658025,0.10622215266106043,0.07113950805214089,0.06365203778621178,0.13861323891367056,0.12888073908461084
44,44.0,44.70602560622662,0.09886874895804643,0.10128493800052656,0.11740536479026327,0.10068824366227207,0.07504048814888206,0.10552185842479991,0.06990356578326752,0.06333552859228664,0.14037238332501473,0.1275788803146407
45,45.0,45.73217116373481,0.09932675874989298,0.10062632186670263,0.11727193828091348,0.10081966444604212,0.07385779104057436,0.10614840882683857,0.06963261551235371,0.06332660789398645,0.1401994093486518,0.1287904840340438
46,46.0,46.748380453854836,0.09882974136536403,0.10109029629300041,0.1168679971699976,0.10063048822277453,0.07279869730143196,0.10842968175140207,0.06933544918178097,0.06426862397137041,0.1384906528015564,0.12925837194132153
47,47.0,47.755485010424316,0.09902197118871017,0.10083297628301183,0.11626880003399716,0.10073768789315131,0.07103969874683158,0.1095403132102519,0.07000740627680656,0.06466206393084324,0.13806151175529868,0.12982757068109746
48,48.0,48.7543242612326,0.09836213755055637,0.10001834612873184,0.11721470641771001,0.1002245934453811,0.07245405636691289,0.10874108122456524,0.06928585056313817,0.06463918767560409,0.13925474337726004,0.12980529725014014
49,49.0,49.745736344347726,0.09860736999450086,0.09978824267552902,0.11670197956432045,0.10085620361368092,0.07236930057840457,0.1076782455701901,0.06872741119835779,0.06499637433414117,0.1394314694584223,0.13084340301245276
50,50.0,50.730549855707864,0.09741674824681654,0.10125916925413318,0.1161659856902939,0.10079670773246392,0.07233789241322904,0.10631307832408116,0.06862473150800004,0.06588474428789648,0.1399501196203837,0.131250822922702
51,51.0,51.70957651737491,0.09633895956305273,0.10177851815588469,0.1174778981085637,0.10052314310286475,0.07196492301732008,0.10687415582862625,0.07025591868526439,0.06547096340366387,0.13956082638104256,0.12975469375371693
52,52.0,52.68360474770151,0.0968086224328612,0.10285226013025392,0.11845680224122337,0.10060884868051123,0.07117367044142967,0.1089355232909169,0.0691912945227055,0.06430389266200953,0.13950778276320705,0.12816130283488156
53,53.0,53.65339410751842,0.09611171034565263,0.10380967822485791,0.11972461942020815,0.09984637924175353,0.07249376894218577,0.10897643093771077,0.06738181293564853,0.0639334322114387,0.13929799044768823,0.12842417729285568
54,54.0,54.61967059027847,0.09751074751868603,0.10580454348574228,0.11850370790526396,0.09821837708038891,0.07202851672053191,0.11005332985337304,0.06681314819881122,0.06279768041704546,0.13997871490274189,0.12829123391741518
55,55.0,55.58312271885972,0.09802864103197724,0.1074237639439907,0.11957925604518715,0.09831508242919383,0.0713071851575318,0.10900870721853635,0.06554083854790496,0.061428770427904233,0.142417267628336,0.12695048756943758
56,56.0,56.544398407394254,0.09590535128224553,0.10779502176184927,0.1199509264723017,0.10045339942589429,0.07015971421707673,0.10816075831645744,0.0664515374719285,0.05970311664873327,0.14399658239754487,0.12742359200596823
57,57.0,57.504102543001395,0.09706534224711665,0.10818115490627832,0.11877605410795311,0.10111544340850466,0.07155687920123671,0.10770988747321494,0.06602650579302183,0.059114652625381466,0.14321322280333937,0.12724085743395278
58,58.0,58.462795239617805,0.09660543198145724,0.10947052877751304,0.11914247808482165,0.10081889470110623,0.07118564436110716,0.1071024529091707,0.06732274788237019,0.05857759155764555,0.14166971697568417,0.12810451276912388
59,59.0,59.42099071417639,0.09750341641741345,0.10895560957873908,0.11793795994385342,0.10041306306153382,0.06954053799000748,0.10763329247878714,0.0693849383495344,0.0567622896394112,0.1431052658938516,0.12876362664686822
60,60.0,60.379156734137354,0.09825688998640662,0.10836530927803631,0.11556953070767313,0.10170808528825222,0.06844864476440912,0.10743028353287151,0.06792346442686303,0.05830203584939831,0.14407082514431063,0.1299249310217789
61,61.0,61.337714584760846,0.09928784412548416,0.10726072610537876,0.1164511455715261,0.10171785467543584,0.06855908044952613,0.10792220253501994,0.06606378112246122,0.05727099174234362,0.14415026960694374,0.13131610406588032
62,62.0,62.29703950447439,0.09800776263848424,0.10999508714040843,0.11868175520404291,0.10226446728027204,0.06767839036002908,0.10756937270146912,0.06419735935801385,0.05541222205957336,0.14540537824826127,0.13078820500944552
63,63.0,63.257461537171835,0.0998476545349989,0.10902895197546618,0.11773678030531037,0.10121933923717018,0.06723695124530087,0.10919887098519887,0.0641069950406176,0.055137615473090595,0.14626147812527415,0.1302253630775721
64,64.0,64.21926675122782,0.10060384914399474,0.1086826035541866,0.11969239083375616,0.09924029529483376,0.06764968520266262,0.10945665041487058,0.0626544526590911,0.05703663257385734,0.14545685905921543,0.1295265812635315
65,65.0,65.18269877636592,0.09951196748463373,0.1086726783271963,0.11857720876469807,0.10010544004156746,0.06636029549430199,0.11134207681951099,0.06160939470565012,0.05706648392578524,0.14657865161682995,0.130175802819826
66,66.0,66.14796061122655,0.09939060920832082,0.10827106166741012,0.11942383783301755,0.09921397178832417,0.06649207184069403,0.11228615924170941,0.061881132867042284,0.056945069252955234,0.14650432059784843,0.1295917657026778
67,67.0,67.11521665648885,0.09851235295717117,0.10906998627386283,0.12059546840108393,0.09792681365282394,0.06600198123708234,0.11349275747158347,0.06003486687743242,0.05769097288329826,0.1463487660373539,0.1303260342083076
68,68.0,68.08459493066005,0.09760438924142534,0.11145938868280078,0.12115242091593961,0.09631105298446342,0.06477955382532498,0.11284296880830616,0.06066894662559347,0.05758549769752101,0.14717753259392383,0.13041824862470122
69,69.0,69.05618942810752,0.09602757082675847,0.11191537501810857,0.12173905517383281,0.09682151431313699,0.06392495647605728,0.11271989079710722,0.05897127467345506,0.05752934213786395,0.149153752380873,0.13119726820280647
70,70.0,70.03006258152917,0.09473528415551064,0.11050896359532313,0.12387149782830083,0.09723874960683992,0.0627318581621014,0.11169419341671662,0.0590623972177549,0.05659247013388015,0.15137921204380358,0.13218537383976864
71,71.0,71.00624779379335,0.09540020526089175,0.11101286592215721,0.12369057301103964,0.09711512974692801,0.06183157088127598,0.11095954367474034,0.05824915995183774,0.05699355466513847,0.1521799059104565,0.1325674909755342
72,72.0,71.98475200689319,0.09525080989268761,0.11136067775792381,0.12563987846230248,0.09528116777179935,0.06022436272520785,0.11255424650189791,0.056520205085343334,0.05763658371307927,0.15168178188793724,0.133850286201821
73,73.0,72.96555827861411,0.09593416498314003,0.10941174532082078,0.12453407710399103,0.09596525372567585,0.0586873947080552,0.1149599899697055,0.055648951297472625,0.059225801113887255,0.15238199997600438,0.13325062180124717
74,74.0,73.94862834037681,0.09485630626767577,0.10961037676888308,0.12437708854414428,0.09586384377989624,0.05774554726120715,0.11415747279675857,0.05625482393834252,0.05890872337481768,0.15434959541871615,0.1338762218495584
75,75.0,74.93390511255946,0.093960744252958,0.11007404560250997,0.12505546909333148,0.09654065785760327,0.05559428237115324,0.11404955805844375,0.05517039864484992,0.05934595840352597,0.15564405704171227,0.13456482867391198
76,76.0,75.92131515639825,0.09404117918885212,0.10743651048395073,0.1264484895824461,0.09908613187562737,0.05413908865904542,0.11249413648847661,0.05656502319966698,0.05873132121870151,0.15638906113388848,0.13466905816934455
77,77.0,76.91077104428919,0.09428134876328079,0.10778823994603308,0.12920307478901413,0.09864543113910787,0.05351042136853404,0.11173194869627108,0.05664822690087638,0.05908917454881123,0.15486072084005026,0.13424141300802098
78,78.0,77.90217363294813,0.09308572610306783,0.10726678306954238,0.12851904695493468,0.10020515691819076,0.05430740210117008,0.11133597078512097,0.056357409064276054,0.05896191812178596,0.15473964487934339,0.13522094200256773
79,79.0,78.89541422641172,0.09535967002995287,0.10512483515561058,0.12739535287364703,0.09989819925432863,0.05525373038599196,0.11156322335941277,0.05811406169605262,0.05824738051954495,0.15546356487717128,0.13357998184828715
80,80.0,79.89037661826481,0.09477595454514084,0.1054529211361789,0.12927185548194015,0.10008010680945792,0.05544257851665629,0.10943097519545078,0.05928436948045763,0.058001004893261335,0.15631507066855063,0.13194516327290534
81,81.0,80.88693900474995,0.09432056667801907,0.10509969586759658,0.130091494681206,0.10035572072490165,0.056348223272220686,0.10776647858280912,0.060634951517781734,0.057982702279007606,0.15473964239039611,0.13266052400606126
82,82.0,81.88497576253909,0.09337196688708146,0.10295385271887839,0.12914087313908573,0.10071498909130717,0.05810303884970941,0.10657430739306442,0.06153694154627683,0.05890448159641662,0.15437446767310387,0.1343250811050759
83,83.0,82.88435908692391,0.09138529723575614,0.10241451436801699,0.13137188230090777,0.1006417777318237,0.05926130382502007,0.10532978508667278,0.06164903387573365,0.05864846513733964,0.15536107289821197,0.13393686754051706
84,84.0,83.88496048800103,0.08973308276639815,0.1033020530709358,0.1311827718442762,0.10119399444233017,0.05977827328801217,0.10649166717229645,0.06207325202158373,0.05865967993716917,0.1561804407942158,0.13140478466278213
85,85.0,84.88665214409042,0.08628749215407593,0.1061717684065384,0.12877040191899022,0.10177435158590381,0.06243749946254546,0.1068488605303808,0.06364798427649009,0.05739832038666713,0.15302249433948623,0.1336408269389217
86,86.0,85.88930811312994,0.08473603334944628,0.1065772431288553,0.13010436078599927,0.10257601590244703,0.061395273776932505,0.10606905043200286,0.06317500728223864,0.057856191311211405,0.15329998496883646,0.13421083906203007
87,87.0,86.89280540413424,0.0835759167510438,0.1069089764595999,0.1308135766432887,0.09984774080970293,0.05976068922440307,0.10586112043634527,0.06383333891361778,0.057184370839071984,0.15515363335347665,0.13706063656944978
88,88.0,87.89702491199675,0.08421472757138909,0.10883562869727907,0.13056902836195033,0.09898615511241711,0.060204958472980435,0.10581801026235857,0.0633539849663793,0.055474933078675244,0.15546278784013542,0.13707978563643528
89,89.0,88.90185221995306,0.0851131548874403,0.10748727456168218,0.13006067250661424,0.10003884505417665,0.06119352342843704,0.1071278670002593,0.06195849844775289,0.05539421037985859,0.15574898773680773,0.13587696599697097
90,90.0,89.90717827491419,0.08597833885263303,0.10756139190904183,0.12848015437657523,0.09989495166006279,0.061610705644104195,0.10597404657258822,0.06452834060653383,0.055279289026619834,0.15454517952469574,0.1361476018271452
91,91.0,90.91289994163006,0.0850831236780696,0.10779493408125075,0.12867929850796386,0.09853319159715397,0.06157986320027213,0.10799417432599803,0.06465787710931521,0.05427197141834753,0.15568902472366772,0.13571654135796105
92,92.0,91.91892044225806,0.08494564338183269,0.10959444549606807,0.1284841306843891,0.10089164769634355,0.06008879283849121,0.10687302815489197,0.06315880512943184,0.052584123403541946,0.15765643652158612,0.13572294669342333
93,93.0,92.92514968840067,0.0838635373910833,0.11113718878115764,0.12950814812693925,0.10114142380303723,0.059328778425787515,0.10617925330807843,0.06121625973126746,0.05067703232574788,0.1601853481155906,0.13676302999131054
94,94.0,93.93150451304501,0.08376100587999907,0.11082746409033833,0.129400263639677,0.102187726212057,0.06064909757988127,0.10741294567568074,0.060117112969777974,0.0500830365731808,0.15882854609026945,0.13673280128913823
95,95.0,94.93790881009448,0.0833769306611507,0.1105188104784413,0.1309719690464711,0.10201774862075345,0.05983738988238452,0.10738944299471492,0.05986567628411196,0.05011798817268603,0.1569125391281609,0.138991504731125
96,96.0,95.94429358933806,0.08576883405325986,0.11059576461800381,0.1310638051610278,0.09969540472326374,0.06106347364595154,0.10591408909355964,0.05925399524889818,0.04964004477749737,0.15681458042611204,0.14019000825242592
97,97.0,96.9505969547639,0.08588340817201591,0.11084662188358005,0.12913357307948206,0.09936304245268468,0.062246519786902106,0.10570256731201752,0.06131674520646559,0.049370262785864184,0.1548670729408925,0.14127018638009534
98,98.0,97.9567640140995,0.0848176433140088,0.10931605122428309,0.12928988188158896,0.10008537102750019,0.06407263535469573,0.10630041781546312,0.06085387952027474,0.05048083590952362,0.15214891646975706,0.14263436748290462
99,99.0,98.96274672736057,0.08299486100832869,0.11104084405277267,0.13162042306434718,0.10052161525176627,0.06478820577691563,0.10541393044590665,0.060140108950966456,0.049684989358603125,0.1508921456206533,0.14290287646974
100,100.0,99.96850370202192,0.08445355287959083,0.11072536077864366,0.13191641017511363,0.10044354585044436,0.0645323242677458,0.10337812853218636,0.06097561268311105,0.04924688470041465,0.1505344675345776,0.14379371259817209
101,101.0,100.97399994219691,0.08610172917939028,0.11059107980370639,0.13395506677939797,0.09862477522979247,0.06178318001972416,0.1032856487825374,0.060316032234449715,0.051273760988440366,0.15069386645146055,0.14337486053110068
102,102.0,101.97920655893245,0.08562624281735935,0.11224600441050984,0.13425014264329985,0.09787331956876073,0.06075904115031735,0.102874961185828,0.06112489376767127,0.0502010860146892,0.15079558955165104,0.14424871888991336
103,103.0,102.98410044840509,0.08406382238115798,0.11046645310848212,0.13507476235935426,0.09782118011905469,0.05933695785861037,0.10294216122623721,0.062491509414887285,0.05214908834969553,0.15083930762443168,0.14481475755808887
104,104.0,103.98866394444643,0.08175645611862352,0.11106842938031294,0.1365814506769389,0.0954066231410943,0.059041633374084496,0.1016360031165977,0.06325195779553187,0.052312642383072726,0.1517651925809766,0.14717961143276698
105,105.0,104.99288445143917,0.081922648341253,0.1109374797309807,0.13708870527235031,0.09485820293193484,0.061048701399593605,0.1015924528307738,0.0631503460388257,0.052534047697283426,0.1501480639325663,0.14671935182443835
106,106.0,105.99675406321822,0.08257237195817448,0.11035837724148015,0.13878838411811048,0.09567965218954833,0.06255263148333425,0.09830980885004628,0.06064646039011905,0.05417967112789654,0.15152793120126973,0.14538471144002077
107,107.0,107.0002691731872,0.08324936690179734,0.11128946245008814,0.13746967240618876,0.0962309279181493,0.06208737508539468,0.09982840230642193,0.059882685370914276,0.052235961819842726,0.151022493316496,0.14670365242470684
108,108.0,108.0034300804274,0.08496353335092874,0.11027383222036401,0.1368355043542721,0.09478105751111202,0.061019479485483565,0.10345609701708125,0.05898296716312533,0.05370620929033526,0.15043672134532823,0.14554459826196953
109,109.0,109.00624059613932,0.0843763432968232,0.11120823065605608,0.13724879636387133,0.09593905805279883,0.05959066583191417,0.10514217955569159,0.059056547056418766,0.05337571102508471,0.14893039651670933,0.14513207164463202
110,110.0,110.00870765431864,0.08428345853059085,0.11141307393279616,0.13569366453354903,0.0948074732953389,0.05977174015617715,0.106425827096296,0.06060943687490089,0.051103740729605135,0.15130612133910376,0.14458546351164214
111,111.0,111.01084093013685,0.08480372636437647,0.11340021238195308,0.1328105071753825,0.09526242842198282,0.05961012958500834,0.10696008836578423,0.060563071709783145,0.049338456405960594,0.15298303702331076,0.1442683425664581
112,112.0,112.01265246907188,0.08593678238831995,0.11312119727504384,0.13229206333966648,0.09358898510858354,0.06080105966497962,0.10803599034174202,0.06271500389479448,0.048126717972784366,0.15150811204077086,0.1438740879733149
113,113.0,113.01415632942268,0.0882792618910804,0.11249922290790335,0.13074525969613016,0.09162216070185919,0.06255935379581969,0.10940876076180939,0.06325003865200637,0.045944198040088466,0.15161587878689173,0.14407586476641135
114,114.0,114.01536824044418,0.08680381737176115,0.11248654499879326,0.13062123148049956,0.09137569096804526,0.06344211348915334,0.11175500722316893,0.06256935393160991,0.04598566674347166,0.15325243837066496,0.14170813542283203
115,115.0,115.01630527795908,0.08757869611718955,0.113143736874541,0.13019568189904088,0.09175776738247164,0.06482377935905223,0.11073956459022068,0.06134753764140627,0.044316600581816155,0.15538473206090142,0.14071190349336024
116,116.0,116.0169855589429,0.08717833597930413,0.11630422533394369,0.13075688386918022,0.09141379537709361,0.06241948979804611,0.11203456957915611,0.06068827275048187,0.04627894476864366,0.15335742342968195,0.13956805911446868
117,117.0,117.01742795623892,0.08747672848359467,0.11770322667610783,0.12974783345037327,0.09250660325932744,0.06181595052477731,0.10987582805463136,0.061201788033372354,0.04599033629477407,0.15155731299769426,0.1421243922253474
118,118.0,118.01765183424293,0.08771384529523836,0.11682120838993225,0.1305068628285182,0.09192098333546218,0.059706928401339676,0.1094979246844305,0.0601289243736552,0.046459490922924104,0.1546536270317653,0.14259020473673412
119,119.0,119.01767680610413,0.08727771195504337,0.11710516621209076,0.13126259343747199,0.0907254470895326,0.05790900108368425,0.11221899684635908,0.05941087046300033,0.045834254623818384,0.1543282769346998,0.1439276813542993
120,120.0,120.01752251271817,0.08680016914064552,0.11823929660597943,0.13055296565337807,0.08889338311832556,0.061128753720988235,0.11252364896804787,0.057824888268177735,0.045556202499664536,0.15545791459586453,0.14302277742892844
121,121.0,121.01720842354362,0.08989379275832503,0.11777138382643947,0.130342151185727,0.088357691300112,0.06297395396767516,0.11170236601868727,0.056300261889892546,0.045920008997587206,0.15471071499623237,0.14202767505932185
122,122.0,122.01675365905109,0.08954244292154591,0.11488070591386321,0.1292911589823004,0.08846070511653144,0.0661700923463476,0.11153828094281526,0.055537616010185364,0.04565979960717069,0.15476770102117257,0.14415149713806746
123,123.0,123.0161768344173,0.09114729930337273,0.11470421783013435,0.13199286913469904,0.08747523735775722,0.06460942367855675,0.11110383419014064,0.05532709244603843,0.04492325251505821,0.15365477771267783,0.1450619958315647
124,124.0,124.01549592390272,0.09011774408133832,0.11541610986745171,0.13389140525307827,0.08855802570754948,0.06470558729308659,0.11131591703320322,0.054427599249880915,0.044916060364930545,0.15213513781298937,0.14451641333649148
125,125.0,125.01472814520056,0.08755769124781784,0.11668268935138576,0.13434553002410024,0.08992172460736111,0.06383252485582626,0.11111838079799291,0.05503883618642466,0.04671906446092325,0.1501876472956769,0.144595911172491
126,126.0,126.01388986291661,0.08877924584251826,0.1167437956096931,0.13580453937422154,0.08851607345465749,0.06298955694194194,0.11072789727324696,0.054811852939561465,0.046458585043135554,0.15241775255100481,0.14275070097001885
127,127.0,127.0129965102319,0.09090331413632713,0.11616363746698082,0.1368112519574989,0.08841040339130397,0.06169450638003432,0.1101435272547967,0.05487227389669615,0.046945734147544244,0.1508188670307141,0.14323648433810363
128,128.0,128.01206252771334,0.09125704350673142,0.11455355507058096,0.13976319211317695,0.08856092743654885,0.06211159174592728,0.10860133614988819,0.05408049733939513,0.04733981406449005,0.1515520479211099,0.1421799946521512
129,129.0,129.0111013181695,0.0909451041830207,0.11570485038181594,0.14019809994083793,0.08981242181731884,0.06350282745452451,0.10570648260415481,0.054875133139025756,0.04742463785777696,0.15250417117448392,0.13932627144704052
130,130.0,130.01012521639834,0.09244009907230534,0.11581690318372434,0.13898741446608548,0.09132616936961588,0.06534688057980334,0.10455647501990864,0.054794682938361254,0.04752628239685277,0.15089396686537287,0.13831112610797
131,131.0,131.0091454726403,0.09249409833532493,0.11409179105785666,0.14317486404371035,0.09068521732587968,0.06460761999338321,0.10344199931103934,0.058293684941137645,0.04626313320478265,0.15031546392473866,0.1366321278621468
132,132.0,132.0081722485317,0.09540819721476348,0.11530778395107108,0.14170934890001394,0.09162871980302689,0.06501632401758682,0.10116562483064295,0.058310266003547086,0.04685455356444763,0.15086151386571656,0.13373766784918348
133,133.0,133.00721462434865,0.09646571886572669,0.11459789748900623,0.14116804105551387,0.09511569577072698,0.06437577615646095,0.09991270809179173,0.05758166251270013,0.04691477166038015,0.15003624138655916,0.13383148701113406
134,134.0,134.0062806163404,0.09518865563899492,0.11357663330480236,0.14259567037521573,0.09627261357228091,0.06359767036312251,0.10169804309968301,0.05696706801123791,0.046194755221719994,0.15140531157047424,0.13250357884246836
135,135.0,135.00537720296956,0.09326444850404428,0.11362339601092801,0.1423417247876172,0.09742654428142729,0.06514474840626269,0.10072636002797894,0.05788300763656166,0.0467454410440615,0.14899990822826673,0.13384442107285166
136,136.0,136.00451035890612,0.0919192105195609,0.11303926795162894,0.1442146897142719,0.09747811807153677,0.06690760103552452,0.1011438558460363,0.05652326818896204,0.04675313756285655,0.14724302121149282,0.1347778298981292
137,137.0,137.00368509565993,0.09285411921629798,0.11206442109560472,0.1444456122634017,0.0964971725010458,0.06590628390876355,0.09984779456545509,0.057900452675366795,0.046576667864965386,0.14951768909286764,0.13438978681623132
138,138.0,138.0029055077818,0.09210535093894298,0.1115606879340287,0.1443525760978161,0.09623719255301742,0.06707063025957571,0.09851884747441383,0.0579348136163334,0.04854547557695143,0.14864538742587374,0.13502903812304662
139,139.0,139.00217482361367,0.09098864258305948,0.11279075033263922,0.1440150107776199,0.09570805904709614,0.06542453711481801,0.09933129263962201,0.05812941527298752,0.049701440827936,0.1486937349322246,0.13521711647199708
140,140.0,140.0014954596262,0.09176275896082503,0.11248810453009589,0.1426462367765807,0.09593994879439056,0.06421203004821416,0.09913697515400122,0.05889811900810604,0.04988495731003328,0.14834604818484057,0.13668482123291253
141,141.0,141.00086907744122,0.09163263268821575,0.11263553113011596,0.14021301485076526,0.09676928630421708,0.062023471921711704,0.09836092365010296,0.05930799199734015,0.05155216100364424,0.14972341141312745,0.13778157504075944
142,142.0,142.0002966427003,0.09067691782786377,0.11385943130516146,0.13928151074322892,0.09646965929671933,0.061743456261922305,0.09748869089722031,0.05812320368460932,0.051166335295404194,0.1520772151024826,0.13911357958538778
143,143.0,142.99977848500652,0.0895669128994428,0.11528227743018345,0.1372882056232159,0.09650439822585864,0.059033865994346485,0.09514628961891423,0.05813859154943683,0.050558724436672,0.15573057192428733,0.14275016229764234
144,144.0,143.99931435823203,0.08917973515163438,0.11546096346275037,0.13512133198545004,0.09923178371388132,0.05821625213866431,0.09272645785974683,0.05790941392905267,0.051152219649576905,0.1568530421700487,0.14414879993919452
145,145.0,144.99890350055264,0.0864419004147516,0.11687691675730372,0.13635796165874023,0.09812878701667917,0.059360298025731575,0.09094491903410525,0.05640874570801327,0.05085801838738492,0.15929953458619914,0.14532291841109118
146,146.0,145.9985446936357,0.08772279220761701,0.1155554727579263,0.1359022459926069,0.09747724452551694,0.06053474678696279,0.09126065884556138,0.055478076035348406,0.051743748000270234,0.1591961351050495,0.1451288797431406
147,147.0,146.99823632047406,0.08860838023797829,0.1154344612345307,0.13666079789017677,0.09664906391168407,0.05917455334918195,0.090200790062465,0.054159083292550654,0.053220723093986746,0.1605588670465086,0.14533327988093725
148,148.0,147.99797642142389,0.08844775182221251,0.11672168694693995,0.1375793138531312,0.09435112842972983,0.05829570781663735,0.08997345129345051,0.05404506344588047,0.05252243699146801,0.16219776098191627,0.1458656984186339
149,149.0,148.99776274806447,0.09079010579823156,0.11325268177048252,0.13957949199934463,0.0929486720354936,0.06010966805854319,0.08773692366094243,0.055507150914835324,0.05203217588251631,0.1630337282421117,0.14500940163749873
150,150.0,149.99759281456036,0.09078722529121167,0.11415729235683844,0.13992892540944046,0.09309547545642159,0.059228506754630844,0.09085932035603203,0.05397192438620815,0.05159321979470787,0.16114669555659147,0.14523141463791744
151,151.0,150.99746394626104,0.09127620304651661,0.112871249270551,0.13764416749550995,0.09284474728497294,0.06068103174601955,0.08980221462663353,0.053892021737448496,0.05218687436535992,0.16084370261221476,0.14795778781477317
152,152.0,151.99737332532905,0.0912669478679676,0.11268948886283696,0.13585042994417004,0.09217082724476862,0.06102306125342661,0.0891504565589212,0.054927705122523804,0.052425251915618934,0.164015788448581,0.1464800427811851
153,153.0,152.99731803323698,0.09073029782345994,0.11241887325248381,0.13570907910197835,0.09215675543702809,0.06019063199198667,0.09165397070078263,0.05748538176273807,0.05035646361825668,0.16413251533819023,0.14516603097309538
154,154.0,153.99729509002177,0.09007107753769071,0.11194088208442972,0.13366032970101657,0.09070611219343723,0.05931900256610216,0.093859459661131,0.05976787271265868,0.05236083173414037,0.16452204529610406,0.14379238651328935
155,155.0,154.99730149022784,0.09117665340891346,0.1135065946140408,0.13266859788196406,0.091209177574146,0.05738218665757542,0.09440891595270343,0.05863903914089165,0.052577686444753885,0.16345617043957533,0.14497497788543587
156,156.0,155.99733423551103,0.08921720870523143,0.11458917090273037,0.13291565095454042,0.09034813053566365,0.05836857365499689,0.0965561866633663,0.05862758567188197,0.05311376117446058,0.16242576718165208,0.1438379645554762
157,157.0,156.99739036391077,0.08950146091916866,0.11368339755671662,0.13043561900321546,0.09309740886351353,0.058108093483936155,0.09723521894713881,0.05792378233237911,0.051915824743199925,0.16352233730419324,0.14457685684653837
158,158.0,157.99746697583146,0.08954884146608139,0.11419074459794437,0.13117342177074826,0.09255840631594964,0.05674936978047838,0.10047762250328744,0.05598754654229475,0.053056426839105456,0.16198191199142917,0.144275708192681
159,159.0,158.99756125680176,0.09168274980375639,0.11441667964175894,0.13220780508561356,0.09285108795416924,0.058319072391466185,0.10049705888425454,0.05640178940700585,0.05267147275363324,0.15667002120634013,0.14428226287200177
160,160.0,159.997670497107,0.09147260729106478,0.11331094096192831,0.13254780771194374,0.09243279069392439,0.05903628664294858,0.10226648930828107,0.05701188967511988,0.05191329289993324,0.15626222653629865,0.14374566827855723
161,161.0,160.99779210841066,0.09051132705956548,0.11111612897790865,0.13561954539458487,0.09268165666973027,0.05871280703204274,0.10170593017962144,0.05702274584269081,0.0512989749391229,0.1572388392017096,0.14409204470302311
162,162.0,161.99792363749984,0.09408796804609244,0.10789451573796302,0.13664021670700835,0.09400600251343441,0.057336965095072134,0.10270551527253091,0.05553040430895647,0.05033037234631812,0.158190234063883,0.1432778059087411
163,163.0,162.9980627773051,0.09613224646094456,0.10788806253154844,0.1353372152004006,0.09379392259512997,0.05715996642437272,0.1016323948938461,0.055704550916752124,0.0501443674080065,0.15864430533448987,0.1435629682345091
164,164.0,163.9982073753568,0.09855112185603397,0.10941894542155,0.13667559361389556,0.09234480836307545,0.05581485805808922,0.10026687822401362,0.05473368761715943,0.0480117590024859,0.16068314740731152,0.14349920043638528
165,165.0,164.99835543984977,0.0980134092389958,0.1107631868761234,0.1368415009875033,0.09231385991646561,0.056956003613621284,0.09951234294187714,0.05361186604163354,0.04926959349970158,0.16233258961260896,0.14038564727146932
166,166.0,165.99850514349492,0.09997019695625849,0.1107027610067458,0.13747270775836376,0.09034309793116621,0.05996673681362731,0.10077279709393326,0.054074092940182374,0.04974028952621323,0.15959234375079273,0.13736497622271676
167,167.0,166.99865482534062,0.10074167601000414,0.10840047792524989,0.1355251718248344,0.09130618616136897,0.05891853360008585,0.09996611108767041,0.05573899566554028,0.04868537985497552,0.16669597269433778,0.13402149517593268
168,168.0,167.99880299074837,0.10223885991575943,0.1112015063150474,0.1362597545743562,0.09004592920412136,0.058152447314779324,0.09904240751978571,0.05575794580325971,0.04698267415143233,0.16834201584685193,0.13197645935460647
169,169.0,168.99894830970783,0.10122778321014995,0.11564465500922365,0.13826497725283815,0.08916795173952886,0.05871100684220285,0.09869989203379231,0.054915883891965396,0.04496684822125691,0.16928182733774114,0.12911917446130064
170,170.0,169.99908961367427,0.10140190317903593,0.11508381216424728,0.13755679779650112,0.09128476413972453,0.056647716233760005,0.09711440054594148,0.05603455789909497,0.045498263022009044,0.169994092750681,0.12938369226900454
171,171.0,170.99922589110733,0.09999022231530623,0.11680545907613075,0.13918331536223572,0.09052237414289785,0.05649712882446041,0.09668379937710611,0.05483192378932883,0.04490370369813374,0.17101578198755163,0.12956629142684858
172,172.0,171.99935628188598,0.10225834646874259,0.11661245899908293,0.1369744663767203,0.09098572491735295,0.057865619639620926,0.09825037759561098,0.05427106863172129,0.04356545030486271,0.16967796934379215,0.12953851772249303
173,173.0,172.99948007076793,0.10415933258597217,0.11746793220447402,0.1353188011924664,0.09134549812240651,0.05871613248137861,0.09825741733243314,0.05339951349855521,0.04173843482173155,0.16855489516475555,0.13104204259582675
174,174.0,173.99959668005403,0.1031078361924643,0.11859578038665416,0.13565674028597685,0.09174515293190323,0.05991782006851179,0.09774571857249953,0.05222461452608744,0.04070228386178529,0.16857840410953334,0.13172564906458395
175,175.0,174.99970566161096,0.10353987756900532,0.11803394447305382,0.13729391852231365,0.09147795467915293,0.05904031027938921,0.09738461096243722,0.05259960921538097,0.03964914702056265,0.16742250474519418,0.13355812253350996
