,Unnamed: 0,Total_iterations,Intertwine_two,Add_vertex,Delete_vertex,Invert_path_vertices,Insert_inside_vertex,Delete_inside_vertex,Replace_inside_vertex,Donate_between_routes
0,0.0,0.0,0.125,0.125,0.125,0.125,0.125,0.125,0.125,0.125
1,1.0,1.0,0.125,0.125,0.125,0.125,0.125,0.125,0.125,0.125
2,2.0,2.0,0.125,0.125,0.125,0.125,0.125,0.125,0.125,0.125
3,3.0,3.0,0.125,0.125,0.125,0.125,0.125,0.125,0.125,0.125
4,4.0,4.0,0.125,0.125,0.125,0.125,0.125,0.125,0.125,0.125
5,5.0,5.0,0.125,0.125,0.125,0.125,0.125,0.125,0.125,0.125
6,6.0,6.0,0.125,0.125,0.125,0.125,0.125,0.125,0.125,0.125
7,7.0,7.0,0.125,0.125,0.125,0.125,0.125,0.125,0.125,0.125
8,8.0,8.0,0.125,0.125,0.125,0.125,0.125,0.125,0.125,0.125
9,9.0,9.0,0.125,0.125,0.125,0.125,0.125,0.125,0.125,0.125
10,10.0,10.0,0.125,0.125,0.125,0.125,0.125,0.125,0.125,0.125
11,11.0,11.0,0.125,0.125,0.125,0.125,0.125,0.125,0.125,0.125
12,12.0,12.0,0.125,0.125,0.125,0.125,0.125,0.125,0.125,0.125
13,13.0,13.0,0.125,0.125,0.125,0.125,0.125,0.125,0.125,0.125
14,14.0,14.0,0.125,0.125,0.125,0.125,0.125,0.125,0.125,0.125
15,15.0,15.0,0.125,0.125,0.125,0.125,0.125,0.125,0.125,0.125
16,16.0,16.0,0.125,0.125,0.125,0.125,0.125,0.125,0.125,0.125
17,17.0,17.0,0.125,0.125,0.125,0.125,0.125,0.125,0.125,0.125
18,18.0,18.0,0.125,0.125,0.125,0.125,0.125,0.125,0.125,0.125
19,19.0,19.0,0.125,0.125,0.125,0.125,0.125,0.125,0.125,0.125
20,20.0,20.0,0.125,0.125,0.125,0.125,0.125,0.125,0.125,0.125
21,21.0,21.0,0.125,0.125,0.125,0.125,0.125,0.125,0.125,0.125
22,22.0,22.0,0.125,0.125,0.125,0.125,0.125,0.125,0.125,0.125
23,23.0,23.0,0.125,0.125,0.125,0.125,0.125,0.125,0.125,0.125
24,24.0,24.0,0.125,0.125,0.125,0.125,0.125,0.125,0.125,0.125
25,25.0,25.0,0.125,0.125,0.125,0.125,0.125,0.125,0.125,0.125
26,26.0,26.0,0.125,0.125,0.125,0.125,0.125,0.125,0.125,0.125
27,27.0,27.0,0.125,0.125,0.125,0.125,0.125,0.125,0.125,0.125
28,28.0,28.0,0.125,0.125,0.125,0.125,0.125,0.125,0.125,0.125
29,29.0,29.0,0.125,0.125,0.125,0.125,0.125,0.125,0.125,0.125
30,30.0,30.0,0.125,0.125,0.125,0.125,0.125,0.125,0.125,0.125
31,31.0,31.0,0.125,0.125,0.125,0.125,0.125,0.125,0.125,0.125
32,32.0,32.0,0.125,0.125,0.125,0.125,0.125,0.125,0.125,0.125
33,33.0,33.0,0.125,0.125,0.125,0.125,0.125,0.125,0.125,0.125
34,34.0,34.0,0.125,0.125,0.125,0.125,0.125,0.125,0.125,0.125
35,35.0,35.0,0.125,0.125,0.125,0.125,0.125,0.125,0.125,0.125
36,36.0,36.0,0.125,0.125,0.125,0.125,0.125,0.125,0.125,0.125
37,37.0,37.0,0.125,0.125,0.125,0.125,0.125,0.125,0.125,0.125
38,38.0,38.0,0.125,0.125,0.125,0.125,0.125,0.125,0.125,0.125
39,39.0,39.0,0.125,0.125,0.125,0.125,0.125,0.125,0.125,0.125
40,40.0,40.0,0.125,0.125,0.125,0.125,0.125,0.125,0.125,0.125
41,41.0,41.0,0.125,0.125,0.125,0.125,0.125,0.125,0.125,0.125
42,42.0,42.0,0.125,0.125,0.125,0.125,0.125,0.125,0.125,0.125
43,43.0,43.0,0.125,0.125,0.125,0.125,0.125,0.125,0.125,0.125
44,44.0,44.0,0.125,0.125,0.125,0.125,0.125,0.125,0.125,0.125
45,45.0,45.0,0.125,0.125,0.125,0.125,0.125,0.125,0.125,0.125
46,46.0,46.0,0.125,0.125,0.125,0.125,0.125,0.125,0.125,0.125
47,47.0,47.0,0.125,0.125,0.125,0.125,0.125,0.125,0.125,0.125
48,48.0,48.0,0.125,0.125,0.125,0.125,0.125,0.125,0.125,0.125
49,49.0,49.0,0.125,0.125,0.125,0.125,0.125,0.125,0.125,0.125
50,50.0,50.0,0.125,0.125,0.125,0.125,0.125,0.125,0.125,0.125
51,51.0,51.0,0.125,0.125,0.125,0.125,0.125,0.125,0.125,0.125
52,52.0,52.0,0.125,0.125,0.125,0.125,0.125,0.125,0.125,0.125
53,53.0,53.0,0.125,0.125,0.125,0.125,0.125,0.125,0.125,0.125
54,54.0,54.0,0.125,0.125,0.125,0.125,0.125,0.125,0.125,0.125
55,55.0,55.0,0.125,0.125,0.125,0.125,0.125,0.125,0.125,0.125
56,56.0,56.0,0.125,0.125,0.125,0.125,0.125,0.125,0.125,0.125
57,57.0,57.0,0.125,0.125,0.125,0.125,0.125,0.125,0.125,0.125
58,58.0,58.0,0.125,0.125,0.125,0.125,0.125,0.125,0.125,0.125
59,59.0,59.0,0.125,0.125,0.125,0.125,0.125,0.125,0.125,0.125
60,60.0,60.0,0.125,0.125,0.125,0.125,0.125,0.125,0.125,0.125
61,61.0,61.0,0.125,0.125,0.125,0.125,0.125,0.125,0.125,0.125
62,62.0,62.0,0.125,0.125,0.125,0.125,0.125,0.125,0.125,0.125
63,63.0,63.0,0.125,0.125,0.125,0.125,0.125,0.125,0.125,0.125
64,64.0,64.0,0.125,0.125,0.125,0.125,0.125,0.125,0.125,0.125
65,65.0,65.0,0.125,0.125,0.125,0.125,0.125,0.125,0.125,0.125
66,66.0,66.0,0.125,0.125,0.125,0.125,0.125,0.125,0.125,0.125
67,67.0,67.0,0.125,0.125,0.125,0.125,0.125,0.125,0.125,0.125
68,68.0,68.0,0.125,0.125,0.125,0.125,0.125,0.125,0.125,0.125
69,69.0,69.0,0.125,0.125,0.125,0.125,0.125,0.125,0.125,0.125
70,70.0,70.0,0.125,0.125,0.125,0.125,0.125,0.125,0.125,0.125
71,71.0,71.0,0.125,0.125,0.125,0.125,0.125,0.125,0.125,0.125
72,72.0,72.0,0.125,0.125,0.125,0.125,0.125,0.125,0.125,0.125
73,73.0,73.0,0.125,0.125,0.125,0.125,0.125,0.125,0.125,0.125
74,74.0,74.0,0.125,0.125,0.125,0.125,0.125,0.125,0.125,0.125
75,75.0,75.0,0.125,0.125,0.125,0.125,0.125,0.125,0.125,0.125
76,76.0,76.0,0.125,0.125,0.125,0.125,0.125,0.125,0.125,0.125
77,77.0,77.0,0.125,0.125,0.125,0.125,0.125,0.125,0.125,0.125
78,78.0,78.0,0.125,0.125,0.125,0.125,0.125,0.125,0.125,0.125
79,79.0,79.0,0.125,0.125,0.125,0.125,0.125,0.125,0.125,0.125
80,80.0,80.1,0.125,0.125,0.125,0.125,0.125,0.125,0.125,0.125
81,81.0,81.1,0.125,0.125,0.125,0.125,0.125,0.125,0.125,0.125
82,82.0,82.2,0.125,0.125,0.125,0.125,0.125,0.125,0.125,0.125
83,83.0,83.2,0.125,0.125,0.125,0.125,0.125,0.125,0.125,0.125
84,84.0,84.2,0.125,0.125,0.125,0.125,0.125,0.125,0.125,0.125
85,85.0,85.2,0.125,0.125,0.125,0.125,0.125,0.125,0.125,0.125
86,86.0,86.2,0.125,0.125,0.125,0.125,0.125,0.125,0.125,0.125
87,87.0,87.2,0.125,0.125,0.125,0.125,0.125,0.125,0.125,0.125
88,88.0,88.2,0.125,0.125,0.125,0.125,0.125,0.125,0.125,0.125
89,89.0,89.2,0.125,0.125,0.125,0.125,0.125,0.125,0.125,0.125
90,90.0,90.2,0.125,0.125,0.125,0.125,0.125,0.125,0.125,0.125
91,91.0,91.2,0.125,0.125,0.125,0.125,0.125,0.125,0.125,0.125
92,92.0,92.2,0.125,0.125,0.125,0.125,0.125,0.125,0.125,0.125
93,93.0,93.3,0.125,0.125,0.125,0.125,0.125,0.125,0.125,0.125
94,94.0,94.3,0.125,0.125,0.125,0.125,0.125,0.125,0.125,0.125
95,95.0,95.3,0.125,0.125,0.125,0.125,0.125,0.125,0.125,0.125
96,96.0,96.3,0.125,0.125,0.125,0.125,0.125,0.125,0.125,0.125
97,97.0,97.3,0.125,0.125,0.125,0.125,0.125,0.125,0.125,0.125
98,98.0,98.3,0.125,0.125,0.125,0.125,0.125,0.125,0.125,0.125
99,99.0,99.4,0.125,0.125,0.125,0.125,0.125,0.125,0.125,0.125
100,100.0,100.4,0.125,0.125,0.125,0.125,0.125,0.125,0.125,0.125
101,101.0,101.4,0.125,0.125,0.125,0.125,0.125,0.125,0.125,0.125
102,102.0,102.4,0.125,0.125,0.125,0.125,0.125,0.125,0.125,0.125
103,103.0,103.4,0.125,0.125,0.125,0.125,0.125,0.125,0.125,0.125
104,104.0,104.4,0.125,0.125,0.125,0.125,0.125,0.125,0.125,0.125
105,105.0,105.4,0.125,0.125,0.125,0.125,0.125,0.125,0.125,0.125
106,106.0,106.4,0.125,0.125,0.125,0.125,0.125,0.125,0.125,0.125
107,107.0,107.4,0.125,0.125,0.125,0.125,0.125,0.125,0.125,0.125
108,108.0,108.4,0.125,0.125,0.125,0.125,0.125,0.125,0.125,0.125
109,109.0,109.4,0.125,0.125,0.125,0.125,0.125,0.125,0.125,0.125
110,110.0,110.4,0.125,0.125,0.125,0.125,0.125,0.125,0.125,0.125
111,111.0,111.4,0.125,0.125,0.125,0.125,0.125,0.125,0.125,0.125
112,112.0,112.4,0.125,0.125,0.125,0.125,0.125,0.125,0.125,0.125
113,113.0,113.4,0.125,0.125,0.125,0.125,0.125,0.125,0.125,0.125
114,114.0,114.4,0.125,0.125,0.125,0.125,0.125,0.125,0.125,0.125
115,115.0,115.4,0.125,0.125,0.125,0.125,0.125,0.125,0.125,0.125
116,116.0,116.4,0.125,0.125,0.125,0.125,0.125,0.125,0.125,0.125
117,117.0,117.4,0.125,0.125,0.125,0.125,0.125,0.125,0.125,0.125
118,118.0,118.4,0.125,0.125,0.125,0.125,0.125,0.125,0.125,0.125
119,119.0,119.4,0.125,0.125,0.125,0.125,0.125,0.125,0.125,0.125
120,120.0,120.4,0.125,0.125,0.125,0.125,0.125,0.125,0.125,0.125
121,121.0,121.4,0.125,0.125,0.125,0.125,0.125,0.125,0.125,0.125
122,122.0,122.4,0.125,0.125,0.125,0.125,0.125,0.125,0.125,0.125
123,123.0,123.4,0.125,0.125,0.125,0.125,0.125,0.125,0.125,0.125
124,124.0,124.4,0.125,0.125,0.125,0.125,0.125,0.125,0.125,0.125
125,125.0,125.4,0.125,0.125,0.125,0.125,0.125,0.125,0.125,0.125
126,126.0,126.4,0.125,0.125,0.125,0.125,0.125,0.125,0.125,0.125
127,127.0,127.4,0.125,0.125,0.125,0.125,0.125,0.125,0.125,0.125
128,128.0,128.4,0.125,0.125,0.125,0.125,0.125,0.125,0.125,0.125
129,129.0,129.4,0.125,0.125,0.125,0.125,0.125,0.125,0.125,0.125
130,130.0,130.4,0.125,0.125,0.125,0.125,0.125,0.125,0.125,0.125
131,131.0,131.4,0.125,0.125,0.125,0.125,0.125,0.125,0.125,0.125
132,132.0,132.4,0.125,0.125,0.125,0.125,0.125,0.125,0.125,0.125
133,133.0,133.4,0.125,0.125,0.125,0.125,0.125,0.125,0.125,0.125
134,134.0,134.4,0.125,0.125,0.125,0.125,0.125,0.125,0.125,0.125
135,135.0,135.4,0.125,0.125,0.125,0.125,0.125,0.125,0.125,0.125
136,136.0,136.4,0.125,0.125,0.125,0.125,0.125,0.125,0.125,0.125
137,137.0,137.4,0.125,0.125,0.125,0.125,0.125,0.125,0.125,0.125
138,138.0,138.4,0.125,0.125,0.125,0.125,0.125,0.125,0.125,0.125
139,139.0,139.4,0.125,0.125,0.125,0.125,0.125,0.125,0.125,0.125
140,140.0,140.4,0.125,0.125,0.125,0.125,0.125,0.125,0.125,0.125
141,141.0,141.4,0.125,0.125,0.125,0.125,0.125,0.125,0.125,0.125
142,142.0,142.4,0.125,0.125,0.125,0.125,0.125,0.125,0.125,0.125
143,143.0,143.4,0.125,0.125,0.125,0.125,0.125,0.125,0.125,0.125
144,144.0,144.4,0.125,0.125,0.125,0.125,0.125,0.125,0.125,0.125
145,145.0,145.4,0.125,0.125,0.125,0.125,0.125,0.125,0.125,0.125
146,146.0,146.4,0.125,0.125,0.125,0.125,0.125,0.125,0.125,0.125
147,147.0,147.4,0.125,0.125,0.125,0.125,0.125,0.125,0.125,0.125
148,148.0,148.4,0.125,0.125,0.125,0.125,0.125,0.125,0.125,0.125
149,149.0,149.4,0.125,0.125,0.125,0.125,0.125,0.125,0.125,0.125
150,150.0,150.4,0.125,0.125,0.125,0.125,0.125,0.125,0.125,0.125
151,151.0,151.4,0.125,0.125,0.125,0.125,0.125,0.125,0.125,0.125
152,152.0,152.4,0.125,0.125,0.125,0.125,0.125,0.125,0.125,0.125
153,153.0,153.4,0.125,0.125,0.125,0.125,0.125,0.125,0.125,0.125
154,154.0,154.5,0.125,0.125,0.125,0.125,0.125,0.125,0.125,0.125
155,155.0,155.5,0.125,0.125,0.125,0.125,0.125,0.125,0.125,0.125
156,156.0,156.5,0.125,0.125,0.125,0.125,0.125,0.125,0.125,0.125
157,157.0,157.5,0.125,0.125,0.125,0.125,0.125,0.125,0.125,0.125
158,158.0,158.5,0.125,0.125,0.125,0.125,0.125,0.125,0.125,0.125
159,159.0,159.5,0.125,0.125,0.125,0.125,0.125,0.125,0.125,0.125
160,160.0,160.5,0.125,0.125,0.125,0.125,0.125,0.125,0.125,0.125
161,161.0,161.5,0.125,0.125,0.125,0.125,0.125,0.125,0.125,0.125
162,162.0,162.5,0.125,0.125,0.125,0.125,0.125,0.125,0.125,0.125
163,163.0,163.5,0.125,0.125,0.125,0.125,0.125,0.125,0.125,0.125
164,164.0,164.5,0.125,0.125,0.125,0.125,0.125,0.125,0.125,0.125
165,165.0,165.5,0.125,0.125,0.125,0.125,0.125,0.125,0.125,0.125
166,166.0,166.5,0.125,0.125,0.125,0.125,0.125,0.125,0.125,0.125
167,167.0,167.5,0.125,0.125,0.125,0.125,0.125,0.125,0.125,0.125
168,168.0,168.5,0.125,0.125,0.125,0.125,0.125,0.125,0.125,0.125
169,169.0,169.5,0.125,0.125,0.125,0.125,0.125,0.125,0.125,0.125
170,170.0,170.5,0.125,0.125,0.125,0.125,0.125,0.125,0.125,0.125
171,171.0,171.5,0.125,0.125,0.125,0.125,0.125,0.125,0.125,0.125
172,172.0,172.5,0.125,0.125,0.125,0.125,0.125,0.125,0.125,0.125
173,173.0,173.5,0.125,0.125,0.125,0.125,0.125,0.125,0.125,0.125
174,174.0,174.5,0.125,0.125,0.125,0.125,0.125,0.125,0.125,0.125
175,175.0,175.5,0.125,0.125,0.125,0.125,0.125,0.125,0.125,0.125
176,176.0,176.5,0.125,0.125,0.125,0.125,0.125,0.125,0.125,0.125
177,177.0,177.5,0.125,0.125,0.125,0.125,0.125,0.125,0.125,0.125
178,178.0,178.5,0.125,0.125,0.125,0.125,0.125,0.125,0.125,0.125
179,179.0,179.5,0.125,0.125,0.125,0.125,0.125,0.125,0.125,0.125
180,180.0,180.5,0.125,0.125,0.125,0.125,0.125,0.125,0.125,0.125
181,181.0,181.5,0.125,0.125,0.125,0.125,0.125,0.125,0.125,0.125
182,182.0,182.6,0.125,0.125,0.125,0.125,0.125,0.125,0.125,0.125
183,183.0,183.6,0.125,0.125,0.125,0.125,0.125,0.125,0.125,0.125
184,184.0,184.6,0.125,0.125,0.125,0.125,0.125,0.125,0.125,0.125
185,185.0,185.6,0.125,0.125,0.125,0.125,0.125,0.125,0.125,0.125
186,186.0,186.6,0.125,0.125,0.125,0.125,0.125,0.125,0.125,0.125
187,187.0,187.6,0.125,0.125,0.125,0.125,0.125,0.125,0.125,0.125
188,188.0,188.6,0.125,0.125,0.125,0.125,0.125,0.125,0.125,0.125
189,189.0,189.6,0.125,0.125,0.125,0.125,0.125,0.125,0.125,0.125
190,190.0,190.6,0.125,0.125,0.125,0.125,0.125,0.125,0.125,0.125
191,191.0,191.6,0.125,0.125,0.125,0.125,0.125,0.125,0.125,0.125
192,192.0,192.6,0.125,0.125,0.125,0.125,0.125,0.125,0.125,0.125
193,193.0,193.6,0.125,0.125,0.125,0.125,0.125,0.125,0.125,0.125
194,194.0,194.6,0.125,0.125,0.125,0.125,0.125,0.125,0.125,0.125
195,195.0,195.6,0.125,0.125,0.125,0.125,0.125,0.125,0.125,0.125
196,196.0,196.6,0.125,0.125,0.125,0.125,0.125,0.125,0.125,0.125
197,197.0,197.6,0.125,0.125,0.125,0.125,0.125,0.125,0.125,0.125
198,198.0,198.6,0.125,0.125,0.125,0.125,0.125,0.125,0.125,0.125
199,199.0,199.6,0.12361111111111112,0.12361111111111112,0.12361111111111112,0.13472222222222224,0.12361111111111112,0.12361111111111112,0.12361111111111112,0.12361111111111112
200,200.0,200.6,0.12348224513172967,0.12451317296678122,0.12348224513172967,0.13459335624284077,0.12348224513172967,0.12348224513172967,0.12348224513172967,0.12348224513172967
201,201.0,201.6,0.12335600907029479,0.1243764172335601,0.12335600907029479,0.13446712018140589,0.12335600907029479,0.1243764172335601,0.12335600907029479,0.12335600907029479
202,202.0,202.6,0.12184343434343434,0.12386363636363637,0.12184343434343434,0.13295454545454546,0.12184343434343434,0.12285353535353535,0.13295454545454546,0.12184343434343434
203,203.0,203.6,0.11906565656565657,0.12108585858585859,0.11906565656565657,0.1301767676767677,0.11906565656565657,0.14229797979797978,0.1301767676767677,0.11906565656565657
204,204.0,204.6,0.11684343434343436,0.11886363636363635,0.12684343434343434,0.13795454545454547,0.11684343434343436,0.13896464646464646,0.12684343434343434,0.11684343434343436
205,205.0,205.6,0.11503762110904966,0.1180988455988456,0.12707843743558028,0.13626004947433518,0.11605802927231497,0.1372804576376005,0.13412853019995877,0.11605802927231497
206,206.0,206.6,0.11492424242424241,0.11795454545454546,0.12694444444444444,0.13613636363636364,0.11593434343434343,0.13714646464646463,0.13502525252525252,0.11593434343434343
207,207.0,207.6,0.1137929292929293,0.11579292929292931,0.12388383838383836,0.13288383838383838,0.1137929292929293,0.13499494949494947,0.15106565656565657,0.1137929292929293
208,208.0,208.6,0.1129165416541654,0.11489673967396738,0.12323007300730074,0.14034078407840783,0.1129165416541654,0.13410866086608658,0.14867411741174116,0.1129165416541654
209,209.0,209.6,0.1110479226655697,0.11398909913615793,0.12070101467160291,0.1478311394487865,0.1110479226655697,0.13111922391334155,0.14552344714109416,0.11874023035787742
210,210.0,210.6,0.10947516076156852,0.11238778212079181,0.11953063926364896,0.14479983608624383,0.10947516076156852,0.13771876182070356,0.14999464128104906,0.11661801790442565
211,211.0,211.6,0.10888694638694636,0.11177156177156175,0.1251048951048951,0.14373543123543123,0.10888694638694636,0.13808275058275057,0.14797785547785547,0.11555361305361304
212,212.0,212.6,0.10888694638694636,0.11177156177156175,0.1251048951048951,0.14373543123543123,0.10888694638694636,0.13808275058275057,0.14797785547785547,0.11555361305361304
213,213.0,213.6,0.10851190476190475,0.1113690476190476,0.1301190476190476,0.14404761904761904,0.10851190476190475,0.14541666666666667,0.13726190476190475,0.11476190476190476
214,214.0,214.6,0.10807289932289929,0.11093004218004217,0.13877095127095126,0.14316960816960816,0.10807289932289929,0.1421454933954934,0.134515207015207,0.1143228993228993
215,215.0,215.6,0.10807289932289929,0.11093004218004217,0.13972333222333222,0.14316960816960816,0.10807289932289929,0.1421454933954934,0.134515207015207,0.11337051837051834
216,216.0,216.6,0.11465409590409589,0.10981893106893106,0.1386122211122211,0.15094738594738594,0.10696178821178819,0.1333420745920746,0.1334040959040959,0.11225940725940724
217,217.0,217.6,0.11434023523646164,0.11002756677284978,0.1272047292330311,0.15151739769664294,0.1071973780936045,0.13960365106591519,0.13671220289144817,0.11339683901004653
218,218.0,218.6,0.11291166380789022,0.11574185248713549,0.12577615780445967,0.14961263579188105,0.11291166380789022,0.1372226986849628,0.1338550600343053,0.11196826758147511
219,219.0,219.6,0.1198434819897084,0.11358276157804459,0.12361706689536878,0.15146869639794164,0.1170025728987993,0.1342302744425386,0.1304459691252144,0.10980917667238421
220,220.0,220.6,0.11947583493088487,0.11284746746039753,0.1287641257188982,0.15036575522147105,0.11663492583997578,0.13386262738371507,0.12897538088992028,0.10907388255473716
221,221.0,221.6,0.12027583527583526,0.11989219114219112,0.11989219114219112,0.15143939393939393,0.11647338772338771,0.13464646464646463,0.12881313131313132,0.10856740481740482
222,222.0,222.6,0.11876068376068374,0.11913461538461538,0.11913461538461538,0.15749999999999997,0.11571581196581193,0.1338888888888889,0.12805555555555553,0.10780982905982905
223,223.0,223.6,0.11846828609986501,0.12352058029689608,0.11825742240215922,0.15662280701754386,0.11542341430499323,0.13359649122807019,0.1268859649122807,0.10722503373819162
224,224.0,224.6,0.11820512820512818,0.1274679487179487,0.11746794871794872,0.15583333333333332,0.1151602564102564,0.13333333333333336,0.12583333333333332,0.10669871794871795
225,225.0,225.6,0.11122460872460871,0.1413045288045288,0.1179279054279054,0.14989177489177488,0.11692973692973693,0.1355194805194805,0.1198051948051948,0.1073967698967699
226,226.0,226.6,0.11039127539127538,0.14088786213786214,0.11751123876123874,0.14905844155844156,0.11567973692973692,0.14010281385281384,0.11938852813852814,0.10698010323010321
227,227.0,227.6,0.11039127539127538,0.14564976689976689,0.112749333999334,0.14905844155844156,0.11567973692973692,0.14010281385281384,0.11938852813852814,0.10698010323010321
228,228.0,228.6,0.10943953105717812,0.15376696832579184,0.11194878650761005,0.13767379679144384,0.11436034553681611,0.14393048128342245,0.1227005347593583,0.10617955573837926
229,229.0,229.6,0.10858830782743825,0.15640459781764127,0.11122673220499305,0.13642731664470792,0.11318232492145534,0.14177206851119895,0.1269411506368028,0.1054575014357623
230,230.0,230.6,0.11695959595959593,0.15357070707070705,0.11664646464646464,0.1272929292929293,0.11342424242424243,0.14209090909090907,0.12553535353535353,0.10447979797979796
231,231.0,231.6,0.11557070707070705,0.15218181818181817,0.12636868686868685,0.1259040404040404,0.11203535353535352,0.1407020202020202,0.12414646464646464,0.10309090909090908
232,232.0,232.6,0.10901515151515148,0.15218181818181817,0.13192424242424244,0.1269040404040404,0.11203535353535352,0.1407020202020202,0.12414646464646464,0.10309090909090908
233,233.0,233.6,0.10891614161416138,0.15204320432043203,0.13274602460246024,0.12676542654265427,0.1119264426442644,0.14057330733073306,0.12402765276527652,0.10300180018001799
234,234.0,234.6,0.10447169716971696,0.1684068406840684,0.13183693369336932,0.12585633563356335,0.11101735173517349,0.13875512551255123,0.11756300630063006,0.10209270927092709
235,235.0,235.6,0.11146265942383711,0.1658417157505224,0.13049456261415612,0.12451396455435018,0.11464574088987844,0.13548558803248745,0.11651303288223558,0.10104273585253261
236,236.0,236.6,0.10965429235231214,0.16365548093270865,0.12932722118365683,0.12334662312385083,0.12064439136221314,0.1376245893820151,0.11560884934647309,0.10013855231677013
237,237.0,237.6,0.10807920077722058,0.1689118911891189,0.1283015801580158,0.12232098209820981,0.12335501407283585,0.13485902161644736,0.1148213035589273,0.09935100652922434
238,238.0,238.6,0.10807920077722058,0.1689118911891189,0.1283015801580158,0.12232098209820981,0.12335501407283585,0.13485902161644736,0.1148213035589273,0.09935100652922434
239,239.0,239.6,0.10827922077922077,0.16919191919191917,0.12866161616161614,0.12159090909090908,0.12256493506493504,0.1351190476190476,0.11607142857142856,0.09852092352092351
240,240.0,240.6,0.10870202020202017,0.17405050505050504,0.13757070707070707,0.10736868686868686,0.12270202020202019,0.13570202020202018,0.11570202020202018,0.09820202020202018
241,241.0,241.6,0.1085931093109311,0.1739118911891189,0.1373924892489249,0.10723997399739973,0.12260301030103009,0.13557330733073308,0.11656340634063404,0.0981228122812281
242,242.0,242.6,0.10848633392751039,0.1646850861556744,0.13721776589423648,0.10711378490790253,0.12250594177064764,0.1455184194890077,0.11642751039809862,0.09804515745692215
243,243.0,243.6,0.10737522281639929,0.16357397504456328,0.14499554367201423,0.10600267379679143,0.12139483065953653,0.1444073083778966,0.11531639928698749,0.09693404634581104
244,244.0,244.6,0.10651294498381876,0.16192556634304206,0.1392799352750809,0.10512135922330094,0.120542071197411,0.14775889967637537,0.11442556634304205,0.10443365695792876
245,245.0,245.6,0.10539572886660262,0.16040541982289552,0.14545209644724205,0.10424223834418007,0.11871056936590915,0.14457208648956218,0.11830835022582593,0.10291351043778225
246,246.0,246.6,0.1089588324297062,0.1590900685075442,0.15073015172529733,0.10347633757827931,0.11707886773420753,0.14174158365905937,0.11732599924347493,0.10159815912243093
247,247.0,247.6,0.10756994354081731,0.15770117961865532,0.14934126283640844,0.10208744868939043,0.11568997884531865,0.14035269477017048,0.12704822146569716,0.10020927023354205
248,248.0,248.6,0.10679132198934178,0.15797033274756045,0.1487164430728787,0.10233737659480233,0.11232687554469731,0.14516730244453016,0.1263272755847013,0.10036307202148784
249,249.0,249.6,0.10597064912921687,0.1565256972354159,0.15723298014858117,0.100902447935696,0.1103184752161734,0.14648946535135793,0.12358360735598586,0.09897667762757276
250,250.0,250.6,0.10532246879334255,0.15621128062875636,0.15688049006010168,0.10156842348589919,0.10948913546000923,0.14871128062875633,0.12309754969949142,0.09871937124364305
251,251.0,251.6,0.1047197802197802,0.14877106227106227,0.16465018315018315,0.10127106227106224,0.10871978021978021,0.15074725274725273,0.12264285714285712,0.09847802197802194
252,252.0,252.6,0.1067191142191142,0.14723193473193472,0.16847902097902095,0.0997319347319347,0.1067191142191142,0.15370629370629368,0.12094988344988342,0.09646270396270393
253,253.0,253.6,0.10539173789173786,0.1463319088319088,0.16530626780626778,0.09883190883190882,0.11372507122507121,0.15123931623931625,0.11990740740740738,0.09926638176638172
254,254.0,254.6,0.10390109890109886,0.14619963369963368,0.16517399267399263,0.09869963369963367,0.11319597069597068,0.15322344322344322,0.12060439560439558,0.09900183150183148
255,255.0,255.6,0.10299182139699378,0.14565981432360742,0.16296750663129972,0.0981598143236074,0.11228669319186557,0.1600707338638373,0.11994142351900969,0.09792219274977892
256,256.0,256.6,0.10143180349062701,0.15029034690799398,0.16596854126265886,0.09690799396681747,0.1110288730876966,0.1595550527903469,0.11857466063348414,0.0962427278603749
257,257.0,257.6,0.10110500610500608,0.14963675213675215,0.16989010989010989,0.09658119658119656,0.11070207570207566,0.15824786324786322,0.11824786324786321,0.09558913308913305
258,258.0,258.6,0.10286389049546943,0.15944331983805665,0.1691613649508386,0.09731443994601888,0.10476865240023132,0.15143724696356273,0.11898110661268553,0.09602997879313667
259,259.0,259.6,0.10286389049546943,0.15944331983805665,0.1691613649508386,0.09731443994601888,0.10476865240023132,0.15143724696356273,0.11898110661268553,0.09602997879313667
260,260.0,260.6,0.09642710888627401,0.1595582623667923,0.16927630747957426,0.09742938247475451,0.10522842251517384,0.15660966075666619,0.11921099167015681,0.09625986385060793
261,261.0,261.6,0.09619722382880276,0.15944331983805665,0.1691613649508386,0.09731443994601888,0.10476865240023132,0.15477058029689608,0.12231443994601887,0.09602997879313667
262,262.0,262.6,0.09648962148962145,0.15476495726495726,0.1709157509157509,0.0976068376068376,0.10506105006105004,0.16149572649572647,0.12260683760683759,0.09105921855921853
263,263.0,263.6,0.09917341430499324,0.14227540003855793,0.19049595141700398,0.09910015423173316,0.10774484287642179,0.1630099286678234,0.10862396375554269,0.08957634470792362
264,264.0,264.6,0.09891025641025639,0.14174908424908422,0.18865384615384612,0.09883699633699632,0.09978937728937727,0.17438644688644686,0.10836080586080585,0.0893131868131868
265,265.0,265.6,0.0970336017118195,0.13982292460015233,0.18920456606100167,0.10429178906901679,0.09600796068617848,0.17667274144996917,0.10762512240235009,0.08934129401951182
266,266.0,266.6,0.09681715149536928,0.1393900241672519,0.1922348690913047,0.10407533885256655,0.09579151046972825,0.17515758993481764,0.10740867218589989,0.0891248438030616
267,267.0,267.6,0.09625359934183461,0.13975832990538872,0.1958696695461401,0.10346325243384066,0.09522795831619359,0.17406931303990125,0.10679658576717396,0.0885612916495269
268,268.0,268.6,0.09563930421666991,0.138946406321726,0.19571980129844577,0.10284895730867598,0.0946136631910289,0.1718525804970818,0.11243229064200928,0.08794699652436223
269,269.0,269.6,0.09509049773755653,0.13821644042232278,0.19739819004524883,0.10230015082956259,0.0940648567119155,0.17401583710407237,0.11151583710407238,0.08739819004524883
270,270.0,270.6,0.09523989082812609,0.1381277382747971,0.19502190619837678,0.10776700423759245,0.09111901170724697,0.1736003375709258,0.11157652804711626,0.0875475831358184
271,271.0,271.6,0.09470118774858817,0.13771218790461875,0.19782273009720427,0.10705905620659543,0.09045715591834944,0.17461652747096326,0.11062227459740001,0.08700888005628048
272,272.0,272.6,0.0940414781297134,0.13700075414781296,0.19883936651583708,0.10625113122171945,0.09301583710407238,0.17491779788838613,0.10958446455505277,0.08634917043740571
273,273.0,273.6,0.09666028942594405,0.136347439720305,0.19972817663045364,0.10551356770996238,0.09219378818524925,0.1751827157662072,0.10863184727985484,0.08574217528202345
274,274.0,274.6,0.09635787007110533,0.13624663326869207,0.20275237017884074,0.10541276125834949,0.09179056237879765,0.17356981254040077,0.10832942792501614,0.08554056237879765
275,275.0,275.6,0.0962154199286552,0.1359617329837918,0.20147031889678946,0.10527031111589932,0.09535181594005121,0.17214531111589934,0.10818697778256599,0.08539811223634751
276,276.0,276.6,0.09608314479638005,0.13569718271924153,0.20385127127774183,0.10513803598362421,0.09508726567550095,0.17082255979314803,0.10805470265029087,0.08526583710407237
277,277.0,277.6,0.09574354187057024,0.1352344270840721,0.20823252221071692,0.10458198284136415,0.09462451004033151,0.16915813226665152,0.10749864950803083,0.08492623417826253
278,278.0,278.6,0.0957333902381753,0.1349077200197157,0.21247938521616433,0.10417258984724538,0.09460022233081383,0.1692263532881056,0.10406506296552494,0.0848152760942547
279,279.0,279.6,0.09376403166725746,0.1330709306054928,0.21372094495366384,0.10426296821458111,0.09354374504144086,0.17259520433483566,0.10415544133286066,0.08488673384986746
280,280.0,280.6,0.09319413919413919,0.13260184458398744,0.21397632129774985,0.10372802197802197,0.09277223966509679,0.17266509680795394,0.10664468864468864,0.0844176478283621
281,281.0,281.6,0.09275620213120211,0.13337370962370962,0.21532538889681746,0.10332563270063266,0.09121919746919746,0.17387255601541315,0.1060529054279054,0.084074407735122
282,282.0,282.6,0.09217952526776053,0.1328084388378506,0.21154604110486463,0.1037227097521215,0.09045869707634412,0.17675301278242456,0.10896533205356732,0.08356624312506664
283,283.0,283.6,0.09176759079700256,0.1324047379635615,0.2140678134501664,0.10339803442744618,0.08987360243242594,0.1767873901697431,0.10848269051210227,0.08321814024755199
284,284.0,284.6,0.08614488017429192,0.11386383442265795,0.2189945533769063,0.10562636165577341,0.09186383442265794,0.1775871459694989,0.12055228758169934,0.08536710239651414
285,285.0,285.6,0.08614488017429192,0.11092265795206968,0.22193572984749452,0.10562636165577341,0.09186383442265794,0.1775871459694989,0.12055228758169934,0.08536710239651414
286,286.0,286.6,0.09324266474266472,0.10902044252044249,0.22641101491101487,0.1009295334295334,0.09356445406445404,0.1728078403078403,0.11965007215007213,0.08437397787397785
287,287.0,287.6,0.0912312418500537,0.1154132951905229,0.22537237024860785,0.09973672753375723,0.09207119070980455,0.17572468154151322,0.11728499008201976,0.08316550284372064
288,288.0,288.6,0.08966074422692451,0.12103632712934434,0.22339184721545324,0.09894950306232222,0.09092439614195734,0.1753839562007879,0.11571449245889057,0.08493873356431979
289,289.0,289.6,0.09037729033169364,0.12089772699074419,0.22113246272574044,0.09881090292372209,0.0904447667149595,0.17823073010019336,0.11544093955375871,0.08466518065918795
290,290.0,290.6,0.0823020458544528,0.12833530302632384,0.22372363894214353,0.09855617126699406,0.08986614841855535,0.17812275126716914,0.11481169735010632,0.08428224387425477
291,291.0,291.6,0.08163765277626661,0.1326159648931926,0.22432361368004933,0.09789177818880788,0.08920175534036917,0.17734341566024733,0.11336796866499835,0.0836178507960686
292,292.0,292.6,0.08157355021216406,0.13255186232909005,0.22829797265440832,0.09782767562470532,0.08657355021216405,0.17631777463460632,0.1133038661008958,0.08355374823196603
293,293.0,293.6,0.08202554401781639,0.1307448549733022,0.22980010196141568,0.09840162064986986,0.09363123507472697,0.1781112318548928,0.10327966943035767,0.08400574203761837
294,294.0,294.6,0.0817438011082214,0.13057925608229026,0.23064308274145384,0.0982360217588579,0.09329142015584047,0.17899954626799086,0.10278287275732181,0.08372399912802338
295,295.0,295.6,0.08164299465660851,0.13047844963067737,0.2316511472575829,0.098135215307245,0.08652394703756087,0.17879793336476507,0.1024804534024831,0.09028985934307716
296,296.0,296.6,0.0813212091203448,0.13026740606562076,0.23377907203652865,0.0979241717421884,0.08608581490593754,0.17868497839574088,0.10196927392682546,0.08996807380681346
297,297.0,297.6,0.08693790807652194,0.12765647993370766,0.2344866450930807,0.09739657894360865,0.08534158773020158,0.1783433879102196,0.10091930621633591,0.08891810609632392
298,298.0,298.6,0.08669726636529199,0.1275168483234878,0.2351758904882085,0.09725694733338879,0.08505044096846656,0.17912473075038596,0.10050041138567636,0.08867746438509397
299,299.0,299.6,0.08567764011236409,0.1310056051339302,0.23440329412239555,0.09670158649677238,0.08429478161001473,0.17862095509115022,0.09931271790585774,0.08998341952751492
300,300.0,300.6,0.08489182613913564,0.1285858042325972,0.24169420202889852,0.09624256990916483,0.0837829108997856,0.17728976158485413,0.09836817377389913,0.08914475143166489
301,301.0,301.6,0.0841814506919181,0.13167659837602289,0.24307227867013306,0.09582459212276599,0.08331442806288172,0.17603913296580445,0.09750764817653142,0.08838387093394229
302,302.0,302.6,0.08353570196836617,0.13445190228404993,0.24224270768037903,0.0954420012939509,0.08288352805532269,0.17486078070049565,0.09889356498578919,0.0876898130316464
303,303.0,303.6,0.08330287324968173,0.13742985737666585,0.24118835149990164,0.09559312268278833,0.07964821989897974,0.17766463104608998,0.0977015950952121,0.08747134915068042
304,304.0,304.6,0.08297736683606247,0.13712881924838446,0.24261340109166193,0.09629187841144363,0.07928869439739003,0.17748753058535668,0.09713140724010287,0.08708090218959783
305,305.0,305.6,0.08175303164744156,0.14263649807749187,0.23452218278615797,0.09497663413191362,0.07803194321206743,0.18649201419698314,0.09579384797397218,0.08579384797397217
306,306.0,306.6,0.08132013121454114,0.14480100024199402,0.23430573256970771,0.0947601839154634,0.0778154929956172,0.1862755639805329,0.09536094754107174,0.08536094754107174
307,307.0,307.6,0.08074529756398395,0.14664939870490284,0.23302513105149555,0.0944754856614246,0.07739747147702744,0.18821662041319764,0.09474529756398395,0.08474529756398395
308,308.0,308.6,0.08430814404969908,0.14403295476606484,0.23359638905066973,0.09405236847214132,0.07694549602019024,0.18894923315860995,0.09403295476606482,0.08408245971655988
309,309.0,309.6,0.08377043665905051,0.14579087331810103,0.234485529322163,0.09384799441482608,0.07670341457222643,0.1881038334602691,0.09362420665143435,0.0836737116019294
310,310.0,310.6,0.08326876832010013,0.14733881869148238,0.23710570875665216,0.09356665670622383,0.0764828609237599,0.18823074077236118,0.09073625458891826,0.08327019124050197
311,311.0,311.6,0.08261482370726067,0.14872926948557202,0.24038926681783823,0.09328264639189007,0.07607887599484237,0.18605564448001422,0.09012571695344801,0.08272375616913429
312,312.0,312.6,0.08212335266700911,0.15005598026350228,0.24174853311612893,0.09305572561618881,0.07581828518547105,0.18519535752216626,0.08967187540204549,0.08233089022748787
313,313.0,313.6,0.08147427742439456,0.15111357947933107,0.24269122546909622,0.09264892311125988,0.07539256619956317,0.18496630637524508,0.08898878473384665,0.08272433720726322
314,314.0,314.6,0.08092510347295859,0.15222070398194096,0.24375573636187609,0.0924080655898442,0.07504194898479645,0.18492181014008197,0.08846785400474075,0.08225877746376084
315,315.0,315.6,0.07952745562413913,0.15240384725850462,0.2430880515987328,0.1003917953766718,0.07288848111301008,0.18360683361725938,0.08712487891502015,0.08096865649666182
316,316.0,316.6,0.07835160818713446,0.15041048133153395,0.25009193657219975,0.10170096716149346,0.07193291722896981,0.18171249437696801,0.0859339856050382,0.07986560953666214
317,317.0,317.6,0.07766227336736489,0.14972114651176432,0.24860364225781845,0.10037060670069822,0.07893589010150792,0.18033382473742882,0.08519634160652464,0.07917627471689254
318,318.0,318.6,0.08001001428871932,0.13870530606590764,0.25047292903354895,0.09847592337962843,0.08125338298898457,0.18212109561385054,0.08746758102499112,0.08149376760436919
319,319.0,319.6,0.07950013699328254,0.13809079131237653,0.24853537020473712,0.09734118075344395,0.08016483246730004,0.18138600868224491,0.09402701195447953,0.08095466763213521
320,320.0,320.6,0.07899569792952144,0.13755810366104482,0.24792600781571367,0.09636055121349238,0.07915595433977785,0.18656357123268885,0.09301813382695735,0.0804219799808035
321,321.0,321.6,0.07896837552514986,0.13750345885230167,0.24499567994686125,0.09841656214245412,0.07910130953103467,0.18768378981192382,0.09296348901821418,0.08036733517206032
322,322.0,322.6,0.07555936371841765,0.14223332858972598,0.2430240712346296,0.09767336666225251,0.07827338356953426,0.1859207415201587,0.09100886237644165,0.08630688232883947
323,323.0,323.6,0.07529133285015636,0.14314937350231466,0.2425529919426978,0.09736451946746064,0.07808055751438103,0.18681357123268888,0.09073440366822719,0.08601324982207334
324,324.0,324.6,0.07507713732346084,0.1440467400246812,0.24322714417935004,0.0971503239407651,0.07793625737008089,0.18619804092965855,0.09059010352392706,0.08577425270807623
325,325.0,325.6,0.07616307012315414,0.1549485703372258,0.2275311418273603,0.09990760639920301,0.07899815170823572,0.18500328453059547,0.0906120280279944,0.08683614704623106
326,326.0,326.6,0.07577495543672012,0.1565674178762414,0.22779570919276804,0.09950954927425515,0.0786941685765215,0.18502616501145913,0.09023478482302011,0.0863972498090145
327,327.0,327.6,0.0851957364216007,0.1554005881736223,0.22679275876910757,0.0973479456860443,0.07761089202071855,0.18338743245947925,0.0890796304594903,0.0851850160099369
328,328.0,328.6,0.09177358253412636,0.15459748190519554,0.22367930457136892,0.09749977707580368,0.07669234563685172,0.18348473443562233,0.0880856692943263,0.08418710454670497
329,329.0,329.6,0.09154452216777892,0.155269322439749,0.2247429679474388,0.09721946064193807,0.07653836034557937,0.18286820721459768,0.08785911506256049,0.08395804418035753
330,330.0,330.6,0.09136733405613204,0.15594561939211346,0.22509113140384457,0.09697239132833449,0.07643229598926675,0.1827272022573067,0.0876831695042912,0.08378085606871064
331,331.0,331.6,0.08988438866014314,0.15591194935844344,0.22512626535202201,0.09687138122732439,0.07821680777377853,0.18265986218996666,0.0875821594032811,0.08374718603504061
332,332.0,332.6,0.08880099741370842,0.15544887981928696,0.22736929406244202,0.09011408055698023,0.07211229634318014,0.18560555779870574,0.09573089472592945,0.08481799927976688
333,333.0,333.6,0.09363291062034365,0.1544769823073598,0.22632178770174066,0.08828993052860486,0.0709162808439771,0.18303462613585414,0.09355116995354347,0.08977631190857618
334,334.0,334.6,0.09236831555634414,0.1610356492708477,0.22770770489540815,0.08737176580377619,0.07109454992343733,0.17680209709324868,0.0936991909991259,0.08992072645781166
335,335.0,335.6,0.09680047499336808,0.16036618269161146,0.22719329075068226,0.08632881322053906,0.07055846229342018,0.17626600946323154,0.09313388069231157,0.08935288589483562
336,336.0,336.6,0.09529403756928725,0.1661742564378524,0.2291084261034316,0.08586881979778759,0.07055243652635437,0.1758234757596578,0.08690913014719893,0.09026941765842983
337,337.0,337.6,0.09526394296438191,0.16695286790110966,0.23036177684809092,0.08596550273537273,0.07049508015724397,0.17563959317846933,0.08504651233162697,0.09027472388370432
338,338.0,338.6,0.095218990265546,0.16688940353992646,0.23129788351755604,0.08586766796355957,0.07040517475957216,0.17517945453385192,0.08493016589746652,0.09021125952252114
339,339.0,339.6,0.09506966236377998,0.17449916423445833,0.2250115701292172,0.08566713678478383,0.07026508132390483,0.17467900073782422,0.08476447082329433,0.09004391360273709
340,340.0,340.6,0.0944501163396287,0.1740470501935285,0.23294179816141888,0.08499798758602936,0.06965369490330789,0.17276435617186392,0.08269055387766686,0.08845444276655574
341,341.0,341.6,0.09389570467895272,0.17366981483989155,0.2313497947065722,0.08593396054073801,0.0753564657848545,0.17104203022041894,0.08170261963100836,0.08704960959756353
342,342.0,342.6,0.0840237859762265,0.18324723044998387,0.22446241597368002,0.08704243399487452,0.07535923192368746,0.17067714930042838,0.0817053857698413,0.0934823666112777
343,343.0,343.6,0.08369698859060558,0.18259363567874204,0.2251075225011395,0.0867156366092536,0.07470563715244563,0.17395361140041987,0.08105179099859947,0.09217517706879405
344,344.0,344.6,0.08363161238161235,0.18137791637791637,0.223300127050127,0.08620697620697618,0.08445397320397319,0.16625548625548622,0.08184742434742431,0.09292648417648414
345,345.0,345.6,0.08234110869267287,0.17955526233620916,0.2236779015529123,0.08350804269347625,0.08340178364823317,0.17026368872841346,0.0822282459932864,0.09502396635479624
346,346.0,346.6,0.0821522904184535,0.17979416633211182,0.2237325835625607,0.08466923652857922,0.08323571604402631,0.1696504708798338,0.08198355223814502,0.09478198399628948
347,347.0,347.6,0.08204870868725356,0.17822119684580984,0.2239801870815803,0.0844778584848244,0.08315100156121827,0.16693417744965733,0.08187688867719826,0.09930998121245796
348,348.0,348.6,0.08078745600804423,0.1769903217697335,0.2233050527903469,0.08367835595776771,0.08218828557063848,0.1732139265962795,0.08130844645550525,0.09852815485168423
349,349.0,349.6,0.07961420702211676,0.18003740841619198,0.22315059892515632,0.08464974227181535,0.0819408445479262,0.1721997442243016,0.08118111994611137,0.09722633464638031
350,350.0,350.6,0.07950489310988258,0.1804052128898812,0.22390698233855127,0.08445517686768006,0.08183107013419803,0.1717813278352648,0.08105003265940791,0.09706530416513397
351,351.0,351.6,0.07939925226806588,0.180758629049536,0.2246444984445221,0.08426672029087372,0.08172461025349967,0.17137375383231407,0.08092286884496211,0.0969096670162263
352,352.0,352.6,0.07962389594398714,0.1752563492641817,0.2266307928491345,0.08441088106941068,0.08227490770635226,0.1781661406373146,0.08145304557346864,0.0921839869561503
353,353.0,353.6,0.07926319365639752,0.17485261771669539,0.2255678140629597,0.08397193152047519,0.08155350313117302,0.18292351391865952,0.08071207918295294,0.09115534681068659
354,354.0,354.6,0.07918425298922155,0.17343295894409544,0.22596060754398847,0.08389299085329924,0.08149302439422368,0.18256891753465138,0.08065160044600361,0.09281564729451648
355,355.0,355.6,0.0795163331897228,0.1697487484177796,0.22902451731842458,0.08571629912397592,0.08198801186289537,0.18227443131911253,0.08101500896730687,0.09071664980078215
