Total_iterations,Unnamed: 0.1,Intertwine_two,Add_vertex,Delete_vertex,Invert_path_vertices,Insert_inside_vertex,Delete_inside_vertex,Replace_inside_vertex,Donate_between_routes
0,0.0,0.125,0.125,0.125,0.125,0.125,0.125,0.125,0.125
1,1.0,0.125,0.125,0.125,0.125,0.125,0.125,0.125,0.125
2,2.0,0.125,0.125,0.125,0.125,0.125,0.125,0.125,0.125
3,3.0,0.125,0.125,0.125,0.125,0.125,0.125,0.125,0.125
4,4.0,0.125,0.125,0.125,0.125,0.125,0.125,0.125,0.125
5,5.0,0.125,0.125,0.125,0.125,0.125,0.125,0.125,0.125
6,6.0,0.125,0.125,0.125,0.125,0.125,0.125,0.125,0.125
7,7.0,0.125,0.125,0.125,0.125,0.125,0.125,0.125,0.125
8,8.0,0.125,0.125,0.125,0.125,0.125,0.125,0.125,0.125
9,9.0,0.125,0.125,0.125,0.125,0.125,0.125,0.125,0.125
10,10.0,0.125,0.125,0.125,0.125,0.125,0.125,0.125,0.125
11,11.0,0.125,0.125,0.125,0.125,0.125,0.125,0.125,0.125
12,12.0,0.125,0.125,0.125,0.125,0.125,0.125,0.125,0.125
13,13.0,0.125,0.125,0.125,0.125,0.125,0.125,0.125,0.125
14,14.0,0.125,0.125,0.125,0.125,0.125,0.125,0.125,0.125
15,15.0,0.125,0.125,0.125,0.125,0.125,0.125,0.125,0.125
16,16.0,0.125,0.125,0.125,0.125,0.125,0.125,0.125,0.125
17,17.0,0.125,0.125,0.125,0.125,0.125,0.125,0.125,0.125
18,18.0,0.125,0.125,0.125,0.125,0.125,0.125,0.125,0.125
19,19.0,0.125,0.125,0.125,0.125,0.125,0.125,0.125,0.125
20,20.0,0.125,0.125,0.125,0.125,0.125,0.125,0.125,0.125
21,21.0,0.125,0.125,0.125,0.125,0.125,0.125,0.125,0.125
22,22.0,0.125,0.125,0.125,0.125,0.125,0.125,0.125,0.125
23,23.0,0.125,0.125,0.125,0.125,0.125,0.125,0.125,0.125
24,24.0,0.125,0.125,0.125,0.125,0.125,0.125,0.125,0.125
25,25.0,0.125,0.125,0.125,0.125,0.125,0.125,0.125,0.125
26,26.0,0.125,0.125,0.125,0.125,0.125,0.125,0.125,0.125
27,27.0,0.125,0.125,0.125,0.125,0.125,0.125,0.125,0.125
28,28.0,0.125,0.125,0.125,0.125,0.125,0.125,0.125,0.125
29,29.0,0.125,0.125,0.125,0.125,0.125,0.125,0.125,0.125
30,30.0,0.125,0.125,0.125,0.125,0.125,0.125,0.125,0.125
31,31.0,0.125,0.125,0.125,0.125,0.125,0.125,0.125,0.125
32,32.0,0.125,0.125,0.125,0.125,0.125,0.125,0.125,0.125
33,33.0,0.125,0.125,0.125,0.125,0.125,0.125,0.125,0.125
34,34.0,0.125,0.125,0.125,0.125,0.125,0.125,0.125,0.125
35,35.0,0.125,0.125,0.125,0.125,0.125,0.125,0.125,0.125
36,36.0,0.125,0.125,0.125,0.125,0.125,0.125,0.125,0.125
37,37.0,0.125,0.125,0.125,0.125,0.125,0.125,0.125,0.125
38,38.0,0.125,0.125,0.125,0.125,0.125,0.125,0.125,0.125
39,39.0,0.125,0.125,0.125,0.125,0.125,0.125,0.125,0.125
40,40.0,0.125,0.125,0.125,0.125,0.125,0.125,0.125,0.125
41,41.0,0.125,0.125,0.125,0.125,0.125,0.125,0.125,0.125
42,42.0,0.125,0.125,0.125,0.125,0.125,0.125,0.125,0.125
43,43.0,0.125,0.125,0.125,0.125,0.125,0.125,0.125,0.125
44,44.0,0.125,0.125,0.125,0.125,0.125,0.125,0.125,0.125
45,45.0,0.125,0.125,0.125,0.125,0.125,0.125,0.125,0.125
46,46.0,0.125,0.125,0.125,0.125,0.125,0.125,0.125,0.125
47,47.0,0.125,0.125,0.125,0.125,0.125,0.125,0.125,0.125
48,48.0,0.125,0.125,0.125,0.125,0.125,0.125,0.125,0.125
49,49.0,0.125,0.125,0.125,0.125,0.125,0.125,0.125,0.125
50,50.0,0.125,0.125,0.125,0.125,0.125,0.125,0.125,0.125
51,51.0,0.125,0.125,0.125,0.125,0.125,0.125,0.125,0.125
52,52.0,0.125,0.125,0.125,0.125,0.125,0.125,0.125,0.125
53,53.0,0.125,0.125,0.125,0.125,0.125,0.125,0.125,0.125
54,54.0,0.125,0.125,0.125,0.125,0.125,0.125,0.125,0.125
55,55.0,0.125,0.125,0.125,0.125,0.125,0.125,0.125,0.125
56,56.0,0.125,0.125,0.125,0.125,0.125,0.125,0.125,0.125
57,57.0,0.125,0.125,0.125,0.125,0.125,0.125,0.125,0.125
58,58.0,0.125,0.125,0.125,0.125,0.125,0.125,0.125,0.125
59,59.0,0.125,0.125,0.125,0.125,0.125,0.125,0.125,0.125
60,60.0,0.125,0.125,0.125,0.125,0.125,0.125,0.125,0.125
61,61.0,0.125,0.125,0.125,0.125,0.125,0.125,0.125,0.125
62,62.0,0.125,0.125,0.125,0.125,0.125,0.125,0.125,0.125
63,63.0,0.125,0.125,0.125,0.125,0.125,0.125,0.125,0.125
64,64.0,0.125,0.125,0.125,0.125,0.125,0.125,0.125,0.125
65,65.0,0.125,0.125,0.125,0.125,0.125,0.125,0.125,0.125
66,66.0,0.125,0.125,0.125,0.125,0.125,0.125,0.125,0.125
67,67.0,0.125,0.125,0.125,0.125,0.125,0.125,0.125,0.125
68,68.0,0.125,0.125,0.125,0.125,0.125,0.125,0.125,0.125
69,69.0,0.125,0.125,0.125,0.125,0.125,0.125,0.125,0.125
70,70.0,0.125,0.125,0.125,0.125,0.125,0.125,0.125,0.125
71,71.0,0.125,0.125,0.125,0.125,0.125,0.125,0.125,0.125
72,72.0,0.125,0.125,0.125,0.125,0.125,0.125,0.125,0.125
73,73.0,0.125,0.125,0.125,0.125,0.125,0.125,0.125,0.125
74,74.0,0.125,0.125,0.125,0.125,0.125,0.125,0.125,0.125
75,75.0,0.125,0.125,0.125,0.125,0.125,0.125,0.125,0.125
76,76.0,0.125,0.125,0.125,0.125,0.125,0.125,0.125,0.125
77,77.0,0.125,0.125,0.125,0.125,0.125,0.125,0.125,0.125
78,78.0,0.125,0.125,0.125,0.125,0.125,0.125,0.125,0.125
79,79.0,0.125,0.125,0.125,0.125,0.125,0.125,0.125,0.125
80,80.0,0.125,0.125,0.125,0.125,0.125,0.125,0.125,0.125
81,81.0,0.125,0.125,0.125,0.125,0.125,0.125,0.125,0.125
82,82.0,0.125,0.125,0.125,0.125,0.125,0.125,0.125,0.125
83,83.0,0.125,0.125,0.125,0.125,0.125,0.125,0.125,0.125
84,84.0,0.125,0.125,0.125,0.125,0.125,0.125,0.125,0.125
85,85.0,0.125,0.125,0.125,0.125,0.125,0.125,0.125,0.125
86,86.0,0.125,0.125,0.125,0.125,0.125,0.125,0.125,0.125
87,87.0,0.125,0.125,0.125,0.125,0.125,0.125,0.125,0.125
88,88.0,0.125,0.125,0.125,0.125,0.125,0.125,0.125,0.125
89,89.0,0.125,0.125,0.125,0.125,0.125,0.125,0.125,0.125
90,90.0,0.125,0.125,0.125,0.125,0.125,0.125,0.125,0.125
91,91.0,0.125,0.125,0.125,0.125,0.125,0.125,0.125,0.125
92,92.0,0.125,0.125,0.125,0.125,0.125,0.125,0.125,0.125
93,93.0,0.125,0.125,0.125,0.125,0.125,0.125,0.125,0.125
94,94.0,0.125,0.125,0.125,0.125,0.125,0.125,0.125,0.125
95,95.0,0.125,0.125,0.125,0.125,0.125,0.125,0.125,0.125
96,96.0,0.125,0.125,0.125,0.125,0.125,0.125,0.125,0.125
97,97.0,0.125,0.125,0.125,0.125,0.125,0.125,0.125,0.125
98,98.0,0.125,0.125,0.125,0.125,0.125,0.125,0.125,0.125
99,99.0,0.125,0.125,0.125,0.125,0.125,0.125,0.125,0.125
100,100.0,0.125,0.125,0.125,0.125,0.125,0.125,0.125,0.125
101,101.0,0.125,0.125,0.125,0.125,0.125,0.125,0.125,0.125
102,102.0,0.125,0.125,0.125,0.125,0.125,0.125,0.125,0.125
103,103.0,0.125,0.125,0.125,0.125,0.125,0.125,0.125,0.125
104,104.0,0.125,0.125,0.125,0.125,0.125,0.125,0.125,0.125
105,105.0,0.125,0.125,0.125,0.125,0.125,0.125,0.125,0.125
106,106.0,0.125,0.125,0.125,0.125,0.125,0.125,0.125,0.125
107,107.0,0.125,0.125,0.125,0.125,0.125,0.125,0.125,0.125
108,108.0,0.125,0.125,0.125,0.125,0.125,0.125,0.125,0.125
109,109.0,0.125,0.125,0.125,0.125,0.125,0.125,0.125,0.125
110,110.0,0.125,0.125,0.125,0.125,0.125,0.125,0.125,0.125
111,111.0,0.125,0.125,0.125,0.125,0.125,0.125,0.125,0.125
112,112.0,0.125,0.125,0.125,0.125,0.125,0.125,0.125,0.125
113,113.0,0.125,0.125,0.125,0.125,0.125,0.125,0.125,0.125
114,114.0,0.125,0.125,0.125,0.125,0.125,0.125,0.125,0.125
115,115.0,0.125,0.125,0.125,0.125,0.125,0.125,0.125,0.125
116,116.0,0.125,0.125,0.125,0.125,0.125,0.125,0.125,0.125
117,117.0,0.125,0.125,0.125,0.125,0.125,0.125,0.125,0.125
118,118.0,0.125,0.125,0.125,0.125,0.125,0.125,0.125,0.125
119,119.0,0.125,0.125,0.125,0.125,0.125,0.125,0.125,0.125
120,120.0,0.125,0.125,0.125,0.125,0.125,0.125,0.125,0.125
121,121.0,0.125,0.125,0.125,0.125,0.125,0.125,0.125,0.125
122,122.0,0.125,0.125,0.125,0.125,0.125,0.125,0.125,0.125
123,123.0,0.125,0.125,0.125,0.125,0.125,0.125,0.125,0.125
124,124.0,0.125,0.125,0.125,0.125,0.125,0.125,0.125,0.125
125,125.0,0.125,0.125,0.125,0.125,0.125,0.125,0.125,0.125
126,126.0,0.125,0.125,0.125,0.125,0.125,0.125,0.125,0.125
127,127.0,0.125,0.125,0.125,0.125,0.125,0.125,0.125,0.125
128,128.0,0.125,0.125,0.125,0.125,0.125,0.125,0.125,0.125
129,129.0,0.125,0.125,0.125,0.125,0.125,0.125,0.125,0.125
130,130.0,0.125,0.125,0.125,0.125,0.125,0.125,0.125,0.125
131,131.0,0.125,0.125,0.125,0.125,0.125,0.125,0.125,0.125
132,132.0,0.125,0.125,0.125,0.125,0.125,0.125,0.125,0.125
133,133.0,0.125,0.125,0.125,0.125,0.125,0.125,0.125,0.125
134,134.0,0.125,0.125,0.125,0.125,0.125,0.125,0.125,0.125
135,135.0,0.125,0.125,0.125,0.125,0.125,0.125,0.125,0.125
136,136.0,0.125,0.125,0.125,0.125,0.125,0.125,0.125,0.125
137,137.0,0.125,0.125,0.125,0.125,0.125,0.125,0.125,0.125
138,138.0,0.125,0.125,0.125,0.125,0.125,0.125,0.125,0.125
139,139.0,0.125,0.125,0.125,0.125,0.125,0.125,0.125,0.125
140,140.0,0.125,0.125,0.125,0.125,0.125,0.125,0.125,0.125
141,141.0,0.125,0.125,0.125,0.125,0.125,0.125,0.125,0.125
142,142.0,0.125,0.125,0.125,0.125,0.125,0.125,0.125,0.125
143,143.0,0.125,0.125,0.125,0.125,0.125,0.125,0.125,0.125
144,144.0,0.125,0.125,0.125,0.125,0.125,0.125,0.125,0.125
145,145.0,0.125,0.125,0.125,0.125,0.125,0.125,0.125,0.125
146,146.0,0.125,0.125,0.125,0.125,0.125,0.125,0.125,0.125
147,147.0,0.125,0.125,0.125,0.125,0.125,0.125,0.125,0.125
148,148.0,0.125,0.125,0.125,0.125,0.125,0.125,0.125,0.125
149,149.0,0.125,0.125,0.125,0.125,0.125,0.125,0.125,0.125
150,150.0,0.125,0.125,0.125,0.125,0.125,0.125,0.125,0.125
151,151.0,0.125,0.125,0.125,0.125,0.125,0.125,0.125,0.125
152,152.0,0.125,0.125,0.125,0.125,0.125,0.125,0.125,0.125
153,153.0,0.125,0.125,0.125,0.125,0.125,0.125,0.125,0.125
154,154.0,0.125,0.125,0.125,0.125,0.125,0.125,0.125,0.125
155,155.0,0.125,0.125,0.125,0.125,0.125,0.125,0.125,0.125
156,156.0,0.125,0.125,0.125,0.125,0.125,0.125,0.125,0.125
157,157.0,0.125,0.125,0.125,0.125,0.125,0.125,0.125,0.125
158,158.0,0.125,0.125,0.125,0.125,0.125,0.125,0.125,0.125
159,159.0,0.125,0.125,0.125,0.125,0.125,0.125,0.125,0.125
160,160.0,0.125,0.125,0.125,0.125,0.125,0.125,0.125,0.125
161,161.0,0.125,0.125,0.125,0.125,0.125,0.125,0.125,0.125
162,162.0,0.125,0.125,0.125,0.125,0.125,0.125,0.125,0.125
163,163.0,0.125,0.125,0.125,0.125,0.125,0.125,0.125,0.125
164,164.0,0.125,0.125,0.125,0.125,0.125,0.125,0.125,0.125
165,165.0,0.125,0.125,0.125,0.125,0.125,0.125,0.125,0.125
166,166.0,0.125,0.125,0.125,0.125,0.125,0.125,0.125,0.125
167,167.0,0.125,0.125,0.125,0.125,0.125,0.125,0.125,0.125
168,168.0,0.125,0.125,0.125,0.125,0.125,0.125,0.125,0.125
169,169.0,0.125,0.125,0.125,0.125,0.125,0.125,0.125,0.125
170,170.0,0.125,0.125,0.125,0.125,0.125,0.125,0.125,0.125
171,171.0,0.125,0.125,0.125,0.125,0.125,0.125,0.125,0.125
172,172.0,0.125,0.125,0.125,0.125,0.125,0.125,0.125,0.125
173,173.0,0.125,0.125,0.125,0.125,0.125,0.125,0.125,0.125
174,174.0,0.125,0.125,0.125,0.125,0.125,0.125,0.125,0.125
175,175.0,0.125,0.125,0.125,0.125,0.125,0.125,0.125,0.125
176,176.0,0.125,0.125,0.125,0.125,0.125,0.125,0.125,0.125
177,177.0,0.125,0.125,0.125,0.125,0.125,0.125,0.125,0.125
178,178.0,0.125,0.125,0.125,0.125,0.125,0.125,0.125,0.125
179,179.0,0.125,0.125,0.125,0.125,0.125,0.125,0.125,0.125
180,180.0,0.125,0.125,0.125,0.125,0.125,0.125,0.125,0.125
181,181.0,0.125,0.125,0.125,0.125,0.125,0.125,0.125,0.125
182,182.0,0.125,0.125,0.125,0.125,0.125,0.125,0.125,0.125
183,183.0,0.125,0.125,0.125,0.125,0.125,0.125,0.125,0.125
184,184.0,0.125,0.125,0.125,0.125,0.125,0.125,0.125,0.125
185,185.0,0.125,0.125,0.125,0.125,0.125,0.125,0.125,0.125
186,186.0,0.125,0.125,0.125,0.125,0.125,0.125,0.125,0.125
187,187.0,0.125,0.125,0.125,0.125,0.125,0.125,0.125,0.125
188,188.0,0.125,0.125,0.125,0.125,0.125,0.125,0.125,0.125
189,189.0,0.125,0.125,0.125,0.125,0.125,0.125,0.125,0.125
190,190.0,0.125,0.125,0.125,0.125,0.125,0.125,0.125,0.125
191,191.0,0.125,0.125,0.125,0.125,0.125,0.125,0.125,0.125
192,192.0,0.125,0.125,0.125,0.125,0.125,0.125,0.125,0.125
193,193.0,0.125,0.125,0.125,0.125,0.125,0.125,0.125,0.125
194,194.0,0.125,0.125,0.125,0.125,0.125,0.125,0.125,0.125
195,195.0,0.125,0.125,0.125,0.125,0.125,0.125,0.125,0.125
196,196.0,0.125,0.125,0.125,0.125,0.125,0.125,0.125,0.125
197,197.0,0.125,0.125,0.125,0.125,0.125,0.125,0.125,0.125
198,198.0,0.125,0.125,0.125,0.125,0.125,0.125,0.125,0.125
199,199.0,0.1248611111111111,0.1248611111111111,0.1248611111111111,0.1259722222222222,0.1248611111111111,0.1248611111111111,0.1248611111111111,0.1248611111111111
200,200.0,0.1247107245131729,0.1248138172966781,0.1247107245131729,0.126921835624284,0.1247107245131729,0.1247107245131729,0.1247107245131729,0.1247107245131729
201,201.0,0.1245504681750707,0.1247545708470673,0.1245504681750707,0.1278405792861818,0.1245504681750707,0.1246525089913972,0.1245504681750707,0.1245504681750707
202,202.0,0.1242430354070449,0.1246461894192902,0.1242430354070449,0.128582456518156,0.1242430354070449,0.1244450659162182,0.125354146518156,0.1242430354070449
203,203.0,0.1236645721274077,0.1242630428259565,0.1236645721274077,0.1290160891385189,0.1236645721274077,0.1261868962873748,0.1258756832385189,0.1236645721274077
204,204.0,0.1228757437978946,0.1236642168273329,0.1238757437978946,0.1301957430600057,0.1228757437978946,0.1275823211231884,0.1260547437978946,0.1228757437978946
205,205.0,0.1219248938833497,0.1230007885474557,0.1241189755160028,0.1311655700152683,0.1220269346996762,0.1287836078461306,0.1269522947924406,0.1220269346996762
206,206.0,0.1209889183640355,0.12234025365165,0.1243540793823823,0.132076990485798,0.1211909488732089,0.1299363350955797,0.1279215252741365,0.1211909488732089
207,207.0,0.1199727623241236,0.1214857535472923,0.1242855159066839,0.132612610115528,0.1201718541608583,0.1308307394004413,0.1304689103842145,0.1201718541608583
208,208.0,0.1189087847940145,0.1205701562489305,0.1241544154656731,0.133843074634425,0.119103240907187,0.1315887165128754,0.1327283705297075,0.119103240907187
209,209.0,0.1177044206866582,0.1195986204608743,0.1237742758106099,0.13576450533291,0.1178927600874931,0.1319971516623238,0.1346062751024068,0.1186619908567239
210,210.0,0.1163966518194266,0.11850801133684,0.1232843799688675,0.137311328966451,0.1165776027851492,0.1330159178100737,0.1368526803522186,0.1180534269609734
211,211.0,0.1150916234908773,0.1174036387981256,0.1233633618883719,0.1386719148227546,0.1152641153553417,0.1340162346593596,0.1388041861060182,0.1173849248791513
212,212.0,0.1138550512241436,0.116353382743017,0.123451860948091,0.1399470772575545,0.114018204978831,0.1349571849829508,0.1406522779781561,0.1167649598872559
213,213.0,0.1126549509732072,0.1153220826684533,0.1240494556948215,0.141163825769872,0.1128080688915483,0.1365686875385726,0.1413172213664822,0.1161157070970429
214,214.0,0.1114895297413509,0.1143104817069514,0.1255131772513115,0.1421999362759342,0.111632084227797,0.1377804023027957,0.1416004474752601,0.1154739410185992
215,215.0,0.1104064843284957,0.1133662364463305,0.1270583424875871,0.1431421324503269,0.1105381061813717,0.1389145965015236,0.1417844985685598,0.1147896030358048
216,216.0,0.1100665272649897,0.1123809426579978,0.1284645299864814,0.1447681615422509,0.1094177627598932,0.1390873383689764,0.1417663405258848,0.1140483968935258
217,217.0,0.1097750555274619,0.1114894217029995,0.1286908264588247,0.1463503811439595,0.1084084529232631,0.139811511059299,0.1419971865399946,0.1134771646441975
218,218.0,0.1094155256179197,0.1112438628656282,0.1287367751688186,0.147635572760548,0.108059391893428,0.1402230926425603,0.1418663838304937,0.1128193952206034
219,219.0,0.1098200918994133,0.1108519307172999,0.1285326137432604,0.1489976219063969,0.108202850594812,0.140264269703677,0.141327639063072,0.1120029823720683
220,220.0,0.1102476707477782,0.1104529706806472,0.1288144188741321,0.1501378827649294,0.108383195943215,0.1402042244001884,0.1405868932494844,0.1111727433396252
221,221.0,0.1108047733876326,0.1108223239836367,0.1281803471026935,0.1512737601339664,0.1086118702440866,0.1401651513831588,0.139787881935981,0.1103538918288443
222,222.0,0.1112493612308685,0.1111696830521552,0.1274510433730362,0.1529037667102145,0.1088205347139065,0.1399990412247077,0.1388832666718419,0.1095233030232695
223,223.0,0.1116953637489971,0.1120005520283745,0.1266237864382148,0.15432901566349,0.1090480457431815,0.1397592007926616,0.1378438767586263,0.108700158826454
224,224.0,0.1121381794493478,0.1132582712317623,0.125716644188094,0.1555557302665575,0.1092902435656735,0.1394554015187005,0.1366935835603742,0.1078919462194901
225,225.0,0.1118993311191693,0.1159159732983312,0.1248637248792794,0.1560683935958301,0.1097438697863101,0.1393393762088966,0.134946903326863,0.1072224277853201
226,226.0,0.1115942870647297,0.1185201240466386,0.1239850726401659,0.1563846910718016,0.1100989920563174,0.1396550878065122,0.1331818073648195,0.1065799379490148
227,227.0,0.1113077172989996,0.1215637275772179,0.1226533568099841,0.1565960963050424,0.1104744095480581,0.1399437055048293,0.1314552882067175,0.106005698749151
228,228.0,0.1109454656573554,0.1253555512905673,0.1212757175855415,0.1555725199907933,0.1107323994251495,0.1405878192598554,0.1301119540258268,0.1054185727649107
229,229.0,0.1105192575109,0.1293160697521189,0.1198703675425021,0.154347666061302,0.1108830677141123,0.1409851069823922,0.129252900658105,0.1048255637785674
230,230.0,0.1109534894954712,0.1328680325734772,0.1190610893945387,0.152152655295416,0.1110658534965309,0.1413824196059345,0.1283160554167973,0.104200404721834
231,231.0,0.1112654704573377,0.1361329369687831,0.1192808150361132,0.1497896594572049,0.111115055701096,0.1416081969730833,0.1273061987919171,0.1035016666144647
232,232.0,0.1109337501335956,0.1392318397366887,0.1201050023874115,0.1475241070122833,0.1111685406635471,0.1418023348358066,0.1263657304880705,0.1028686947425967
233,233.0,0.1106061148659443,0.1421364906261164,0.1210471416217701,0.1452650477596327,0.1112144541693622,0.141953184478791,0.1254852351680736,0.1022923313103095
234,234.0,0.1098498989480959,0.1464861071999082,0.1219211466715906,0.1429559891291684,0.1111719871184358,0.1418933322041783,0.1240317489095838,0.1016897898190391
235,235.0,0.1098146188296605,0.1503634569578077,0.1226726719787255,0.1405726027188731,0.1114950593342399,0.1414811293421041,0.1225539265090139,0.1010465343295751
236,236.0,0.1096185104218579,0.1537892308460632,0.1233105295184514,0.1381502344249122,0.1124171961912534,0.141264091488094,0.121073059058657,0.1003771480507109
237,237.0,0.109284861516631,0.1574967308720005,0.1238422041182925,0.1357195027447726,0.1136004535853374,0.1407558056218673,0.1196068816774595,0.0996935598636391
238,238.0,0.1089725208945327,0.1609476324985153,0.1243653050185468,0.1333978590261814,0.114762930844888,0.1402393805022091,0.1182394662531963,0.0990749049619303
239,239.0,0.1087024831336711,0.1641610893495647,0.1249114621805304,0.1311246036094395,0.115816073309973,0.1397467969059191,0.1170996232456669,0.0984378682652352
240,240.0,0.1084974964676311,0.1675893673997912,0.1263314142570356,0.1275611145669643,0.1168450986598076,0.1393154914346866,0.1160265417552072,0.0978334754588763
241,241.0,0.1083041626164301,0.1707255676353636,0.1277039422718488,0.1241391788646251,0.1178198896999818,0.138878310511122,0.115143661812123,0.0972852865885054
242,242.0,0.1081223740789521,0.1726573305795719,0.1290186306194826,0.1208778257748979,0.1187353259891109,0.1394463088639375,0.1143496777143787,0.0967925263796683
243,243.0,0.1078512928825964,0.1742050836740093,0.1310616192628783,0.1176938564743623,0.1194858136960313,0.139907117376611,0.113544759242135,0.0962504573913763
244,244.0,0.1075163313219562,0.1753269095025564,0.1324680874463324,0.1146232408197555,0.1200950668556822,0.1407020060778779,0.1127489657231697,0.0965193922526696
245,245.0,0.1070931104422771,0.1760505246646389,0.1344192434069448,0.1116767558267327,0.1204647145596351,0.1411692935263217,0.112437795950578,0.0966885616228715
246,246.0,0.1070515481911195,0.1764137921305607,0.1368134178297044,0.1088739840815967,0.1206166858780852,0.1413408298765033,0.1121182135997628,0.0967715284126672
247,247.0,0.1068943261185746,0.1764286067247712,0.1389684532602551,0.1061586241570522,0.1205791929943627,0.1413603312406034,0.1128548895626885,0.0967555759416921
248,248.0,0.1066817202723591,0.17628158090139,0.1409492312671593,0.1036990812608267,0.1201602469274599,0.1418492668710251,0.1135877366602522,0.0967911358395276
249,249.0,0.1064094037419225,0.1758216816275941,0.1436612572990005,0.1013283827416528,0.1195040217205673,0.1424547055848225,0.1141003276144324,0.0967202196700076
250,250.0,0.106095113284815,0.1751833707765901,0.1462025489473054,0.0992570922813571,0.1187386295937037,0.1432621295526454,0.1146078865049606,0.0966532290586223
251,251.0,0.1057442565711474,0.1736751482734388,0.149373460150916,0.0973863080576527,0.1178803462141665,0.1442468998462966,0.115104116882718,0.0965894640036637
252,252.0,0.1056181741652662,0.1719147944066661,0.152762931247042,0.0955875370445401,0.1168162189125726,0.1454941007354964,0.1154568142560036,0.0963494292324126
253,253.0,0.105382971767774,0.1699936447398208,0.1556533408135998,0.0939200845196101,0.1164581289947992,0.1464520057187865,0.1157249249796518,0.0964148984659574
254,254.0,0.1050223133722068,0.1680147651673533,0.158338011180201,0.0924552679770686,0.1160556074381959,0.1475604060073656,0.1160777482749116,0.0964758805826969
255,255.0,0.1045955809210747,0.1659616402998528,0.1606019257208107,0.0911453948084043,0.1155738139194201,0.149299325703287,0.1163742585054017,0.0964480601217486
256,256.0,0.1040394823291783,0.1643738629177785,0.1629632080796002,0.0899114711160794,0.1149815465348294,0.1509204994038726,0.1165401130744263,0.096269816544235
257,257.0,0.1034802370695239,0.1627386686366897,0.1655105723970865,0.0888382252829323,0.1143762994156643,0.1523351823140161,0.1166770479235769,0.0960437669605099
258,258.0,0.1031290524652361,0.1621166313888408,0.1677741211638272,0.0880230580825648,0.1132014924410955,0.1529864621140537,0.1168893217775376,0.095879860566844
259,259.0,0.1028103347016795,0.1615300647502689,0.1698251874917641,0.0873823214208685,0.1120598377635749,0.1535571217825826,0.1171012860944536,0.0957338459948076
260,260.0,0.1018803461114968,0.1609927815793057,0.1716760032143715,0.086916473863467,0.1110054137116672,0.1545667581153787,0.1173338406906075,0.0956283827137052
261,261.0,0.1009658355023331,0.1604833872804401,0.1733062461544966,0.086590845895045,0.109952685141491,0.1553119517953311,0.1178722561645277,0.095516792066335
262,262.0,0.1001243296034324,0.1595466954797272,0.1749074545850639,0.0864342564300567,0.1089826288670018,0.1566497270121869,0.1184304916949527,0.094924416327578
263,263.0,0.0995990064948207,0.157406899754298,0.1782666451860066,0.0865543833858246,0.1083387417134391,0.1580536049194023,0.1175763797463246,0.0942043387998836
264,264.0,0.0990956439856983,0.155277137025307,0.1812279992628493,0.0867616395650012,0.1069577577281581,0.1605043100952426,0.1166918390431777,0.0934836732945654
265,265.0,0.09845309838189,0.1530324540765597,0.1840225483916332,0.0876144029671821,0.1052650466766975,0.1630773955777633,0.1157388737326762,0.0927961801955977
266,266.0,0.0978389673501168,0.150836854084633,0.1868924930872627,0.0885270188685182,0.1036273908488327,0.1653776108192387,0.1147784224182767,0.0921212425231209
267,267.0,0.09721967604762,0.1487831763665388,0.1898923471188532,0.0894426477376886,0.1020187865846099,0.1674367766382307,0.1137791100911207,0.0914274794153377
268,268.0,0.0965912235957986,0.1467634255972763,0.1926370021467881,0.090345490254387,0.1004417049516088,0.1691346779850584,0.1133734742409243,0.0907130012281583
269,269.0,0.0959612165474566,0.1447944831222442,0.1953058585381264,0.0912282025420472,0.0989091704163906,0.1709062938830225,0.1129073447859648,0.0899874301647475
270,270.0,0.0954004423249068,0.1429477842529635,0.1974911242207149,0.0926800484246194,0.0971868616971826,0.1724902936700861,0.1124799822939867,0.0893234631155397
271,271.0,0.0948402697016904,0.1411959997738114,0.1997132535447039,0.0940667844739645,0.0955099197711063,0.1740286129074554,0.111990896163766,0.0886542636635017
272,272.0,0.0942687525593772,0.139513412248202,0.2017959283436823,0.0953639771372137,0.0942060125176824,0.1754491064084652,0.1114332514266691,0.0879695593587079
273,273.0,0.0940139955166216,0.1379086254513988,0.203729651055946,0.0965665657238074,0.0929383893435825,0.1767487292619554,0.1108176215670459,0.0872764220796422
274,274.0,0.093780935181751,0.1364386248318037,0.2057324061075672,0.097728284826442,0.091749759894664,0.1777414393725583,0.1102114550150292,0.0866170947701842
275,275.0,0.093582705215016,0.135085214330047,0.2073768801665338,0.0988364317688872,0.0910365267716041,0.1784507120613293,0.109632839833069,0.0859986898535132
276,276.0,0.0934173978788634,0.1338494550385484,0.2090359364450016,0.0998848752973304,0.0904113148260796,0.1788937283394938,0.1090844000355724,0.0854228921391102
277,277.0,0.0932613184529202,0.1327094733894897,0.2109153655372476,0.1008254007655663,0.0898491080200849,0.1790452885517287,0.1085249019297465,0.084869143353216
278,278.0,0.0931446540405083,0.131676068735847,0.2130047095875483,0.1016685002083247,0.0893884471439403,0.1790896432820347,0.1076677324560355,0.084360244545761
279,279.0,0.0928686075742225,0.1305946421189849,0.2150040219628551,0.10246136843993,0.0889203223783416,0.1793678147440438,0.1068692910715241,0.0839139317100976
280,280.0,0.0925721307481838,0.1295992124465236,0.216816109964948,0.1031394712224654,0.0884680937782994,0.1795574322030718,0.10637248005926,0.0834750695772478
281,281.0,0.0922677279829149,0.1288105385666553,0.2185534980400663,0.1037154103065639,0.0879488252775394,0.1797799104829917,0.1058688939123982,0.0830551954308701
282,282.0,0.0919409825493115,0.1280898367067585,0.219706931437045,0.1042695654113421,0.0874381373094867,0.180209113066945,0.1057087491579439,0.0826366843611671
283,283.0,0.0916081036391772,0.1274480209667333,0.2209155898255342,0.1047303689165828,0.086950214271516,0.1805642721283896,0.1055489205537448,0.082234509698322
284,284.0,0.0907478364293634,0.1250658636165887,0.2224275786040948,0.1053546014492407,0.0867393406179747,0.1809261220440789,0.1066413722165088,0.0820972850221499
285,285.0,0.0899275663779804,0.1225157840624603,0.2240481558995863,0.1059191283306982,0.0866007992678343,0.1812183972074535,0.1077636878666484,0.0820064809873386
286,286.0,0.089861274926536,0.1199145596594781,0.2259330797113597,0.1059545920346367,0.0866988043684359,0.1809672017759451,0.1088114364057617,0.0818590511178466
287,287.0,0.0896342842291363,0.1181038017924119,0.2275304260277117,0.1058169781925526,0.0867063391204725,0.1809512163962739,0.1096262882416016,0.0816306659998394
288,288.0,0.0892889124153728,0.1170095178399155,0.2287484048513219,0.1055536007809456,0.086652089456414,0.1808504916719496,0.1102791921499488,0.0816177908341316
289,289.0,0.0890534507115781,0.116051070361703,0.2295650817672412,0.1052366601194529,0.086598024882917,0.1809898514552867,0.1108938033800375,0.0816120573217834
290,290.0,0.0880472491266399,0.1159806918011602,0.2304748824227938,0.1048616827864795,0.0865299723554498,0.1810768861634367,0.1114295006284893,0.0815991347155506
291,291.0,0.087017776359655,0.1164689633956102,0.2312861880517753,0.1043947087637899,0.0864356475335417,0.1810477424911169,0.1118010772508013,0.0815478961537096
292,292.0,0.0860310393771245,0.1170634675891807,0.2323441732715773,0.1039029925812092,0.0861155957590722,0.1808819058151562,0.1121447548686138,0.081516070738066
293,293.0,0.0851436005817627,0.1175727045752145,0.2334061108939281,0.103457089349838,0.0865378971928368,0.1808663572170148,0.1114632361699141,0.081553004019491
294,294.0,0.084285550809338,0.1181461794775246,0.2344100927427225,0.102988661865503,0.0869549203701552,0.1809136436663761,0.1107183540063851,0.0815825970619953
295,295.0,0.0834778078719834,0.11877655701049,0.2353768127582376,0.1025094700833738,0.0867168589157707,0.1809168992064949,0.1099383633112346,0.0822872308424148
296,296.0,0.0827003125425842,0.1194398113598551,0.2364223965950894,0.1020133505751905,0.0864568612748802,0.180887344037282,0.1091106746389459,0.0829692489761726
297,297.0,0.0825484456075202,0.1198839236081501,0.2374077461083255,0.1014731919496376,0.0861447302168157,0.1808045616800229,0.1081893440557158,0.083548056773812
298,298.0,0.0824315958195296,0.1203473870338491,0.2383342741995983,0.1009323198955577,0.0858266661635181,0.1807835801048083,0.1072455566693491,0.0840986201137897
299,299.0,0.0822671250905029,0.1211850744109189,0.2390593060080487,0.1003532452376025,0.0854570803277545,0.1806977306276473,0.1062099272208003,0.0847705110767247
300,300.0,0.0820746251872746,0.1217952182673785,0.2403943653074478,0.0997496597992737,0.0850616430173669,0.1804665789922079,0.1051144342107612,0.0853434752182891
301,301.0,0.081858509739166,0.1227213330121869,0.241746724708245,0.0991295642272368,0.0846461138331519,0.180101711484334,0.1039749753376206,0.0858210676580586
302,302.0,0.0816226603730406,0.1239219193269555,0.2428941466096059,0.0985001694084774,0.0842157307088998,0.1796148697155312,0.103023380761109,0.0862071230963804
303,303.0,0.0814062434876126,0.1254055423490798,0.2438148763134907,0.0979182445293324,0.0834915330549029,0.1794095562680178,0.1020064504954376,0.086547553502126
304,304.0,0.0811978839469861,0.1268309424064394,0.2447597727580271,0.097441136492502,0.0827653694845874,0.1791896148669631,0.1009911459168202,0.0868241341276744
305,305.0,0.080905721670451,0.1287675491093932,0.2447795940108959,0.0968687222505911,0.0819513804018993,0.1798750951243605,0.0999050184826842,0.0869469189497246
306,306.0,0.0806079586780492,0.1308656348481829,0.2446732140045854,0.0963129835300394,0.0811579508339366,0.1805365515250994,0.0988431020435847,0.0870026045365223
307,307.0,0.0802896103451968,0.1330781055133225,0.244345737032736,0.0957688208599933,0.080368637492528,0.1813833580535851,0.0977909907056613,0.0869747399969768
308,308.0,0.080363938366389,0.1349433976499802,0.2439949274981765,0.0952238293860378,0.0795833462794216,0.1822870778273597,0.0967423992903215,0.0868610837023136
309,309.0,0.0804165049032303,0.1368888479993366,0.2436641275597472,0.0947011850446073,0.0788259975402371,0.1830825072072352,0.09573069775981,0.0866901319857961
310,310.0,0.0804471872700506,0.1388835681042832,0.2435366395762339,0.0941941394601619,0.0781011024804442,0.1838612976428627,0.0945103062650144,0.086465759200949
311,311.0,0.0804376227494054,0.140902413784016,0.2436859468889948,0.0937031225751882,0.0773921160181721,0.1843883938369878,0.0933131596393903,0.0861772245078453
312,312.0,0.0804016395863781,0.1429303145305842,0.243923283299597,0.0932343105393088,0.0767148367209568,0.1847934242223458,0.092158469094329,0.0858437220065002
313,313.0,0.0803215643461984,0.1449324417814076,0.2442094078026011,0.0927699136072932,0.0760537479395173,0.1851390657874741,0.091026072600031,0.0855477861354771
314,314.0,0.080206106365675,0.1469068801343889,0.2445581891212477,0.0923266607113773,0.0754170944973456,0.185443965978451,0.0899344498035905,0.0852066533879239
315,315.0,0.0799696193693949,0.1487553272182039,0.2447972993041216,0.0927269201325204,0.0746250081570869,0.1855816569396642,0.0888030258198334,0.0847411430591744
316,316.0,0.0796347746915898,0.1502560782013434,0.2456957944890009,0.0932947195424729,0.0737992087920093,0.1854963966475029,0.0876488734344057,0.0841741542016749
317,317.0,0.0792516493345436,0.1515393646354939,0.2463995721447862,0.0937567654415408,0.0737376237350629,0.1852439563978985,0.0865192230093758,0.0835518453012982
318,318.0,0.0791257168456657,0.1515745562004063,0.2472419414136963,0.0940492768311866,0.0739659291362232,0.185146385944292,0.0857164327546669,0.0831797608738628
319,319.0,0.0789702328505625,0.1514160846321294,0.2478386277490327,0.0942433292847337,0.0741354234836266,0.1849548109395812,0.0856673761010811,0.0827741149592526
320,320.0,0.0787851523900207,0.1510869385223495,0.2483216766364902,0.094350892053618,0.0742473746733743,0.1852644616678125,0.0856059336586356,0.082337570397699
321,321.0,0.0786179531904909,0.1506499541940602,0.248459431160109,0.0946733962301089,0.0743917520599369,0.1856681602767929,0.0856192929812435,0.0819200599072576
322,322.0,0.0781300769535875,0.1505981903189247,0.2483516118480102,0.0949267621000539,0.0744859946864041,0.1858753404910501,0.0855092956677831,0.0821227279341862
323,323.0,0.0776384781211965,0.1505595587052696,0.2481541911317943,0.0951513727091473,0.0745894043335406,0.1861515396654256,0.0854378478819339,0.0823176074516919
324,324.0,0.0771511481666648,0.1505404250531872,0.2479879157189742,0.0953542341722448,0.0747029545333419,0.1863451862077332,0.0854120804181025,0.0825060557297511
325,325.0,0.0768004043791235,0.1515484509472824,0.2462210598968409,0.0958304986325617,0.0749436721753459,0.186398521003123,0.0854428623821192,0.0828145305836032
326,326.0,0.0764395501591332,0.152651560199769,0.244470447212767,0.0962601020120184,0.075170464535307,0.1864348580023349,0.0854845334856956,0.0830884843929746
327,327.0,0.0770502135124058,0.1535668341335098,0.2426278533745344,0.0964630791673308,0.0753014870441038,0.1862896011165189,0.0854540245559346,0.0832469070956616
328,328.0,0.0783390503706958,0.154328607587435,0.2404998225542969,0.096669790411275,0.0753506467134004,0.1861395784303283,0.0853634264616689,0.0833090774708994
329,329.0,0.0796104428281563,0.1550840764926006,0.2385227559738609,0.0968360987540835,0.0753929088758746,0.1859163568507073,0.0852864551819797,0.0833509050427367
330,330.0,0.0808563180221022,0.1558334806619576,0.2366404145168448,0.0969649029501293,0.0754317929011672,0.1856708754369583,0.0852253130732384,0.0833769024376018
331,331.0,0.081934421317395,0.1565056987983135,0.2348343277692181,0.0970708006002516,0.0756552447332627,0.1854137714260536,0.0851847627295806,0.0834009726259245
332,332.0,0.0828758748319426,0.1570584506727194,0.2333360719432241,0.096488384224598,0.0752715158694939,0.1854494082847524,0.0859871149192905,0.0835331792539787
333,333.0,0.0842656255415165,0.1574426418999576,0.2318232232849515,0.095718051446996,0.0747749661469186,0.1852259497864357,0.0865886972108572,0.0841608446823663
334,334.0,0.0854836145245214,0.1584146241048949,0.2305452368560409,0.0948586542654875,0.0743073114515175,0.1843796709971843,0.0872145481052524,0.0847963396951008
335,335.0,0.0870918675632464,0.1592486716830743,0.2293152323359423,0.093906032659189,0.0738006858473739,0.183488635584817,0.0877861293084653,0.0853627450178914
336,336.0,0.088485737629992,0.1605912969881453,0.228378522387276,0.0929269016768586,0.0733116979913986,0.1825702240821131,0.0877315548506841,0.0860040643935317
337,337.0,0.0898052942289655,0.161933350503532,0.2276681175451038,0.0919847712677291,0.0728382806694593,0.1816577979883363,0.087487951810089,0.0866244359867845
338,338.0,0.0910429863855123,0.1631850474052374,0.2271493004471252,0.0910668777370077,0.0723797825348246,0.1807304185913767,0.0872326600353527,0.0872129268635628
339,339.0,0.092183736575028,0.1651095942475724,0.2260952195508149,0.0901687283437464,0.0719333787923341,0.1797902221139351,0.086963302989294,0.0877558173872745
340,340.0,0.0931773164010646,0.1668903707014498,0.2259287330531398,0.0892484630543461,0.0714537938073487,0.1787014686138805,0.0864915016316184,0.0881083527371515
341,341.0,0.0940288250778156,0.1685269127694965,0.2256898255108303,0.0884713168346736,0.0715744434199761,0.1774899867442667,0.085930077507505,0.0882886121354357
342,342.0,0.0938066598126302,0.1710089712124517,0.22484267054142,0.0878573590194426,0.0717211249088728,0.1762986854043768,0.0853827978309213,0.0890817312698841
343,343.0,0.0934762025970373,0.1732998469263625,0.2241409391760192,0.087263967996927,0.0718241598419038,0.1754979450474355,0.084788112524261,0.0897088258900533
344,344.0,0.09307446134204,0.1753330010263235,0.2233383072353085,0.0866735667225584,0.0729205396598899,0.1739920228752248,0.0842950958678925,0.0903730052707619
345,345.0,0.0924894153540442,0.1770410234656337,0.2226533341370956,0.0858676463191208,0.0739173968759442,0.1729601478013305,0.0838649863265425,0.0912060497202881
346,346.0,0.0918425090708123,0.1786272764493087,0.222052572223827,0.0852348413032809,0.0748928054776953,0.1719431738592385,0.0834370509604807,0.0919697706553561
347,347.0,0.09115303305626,0.1799092760848142,0.2215534469671745,0.0846405229369025,0.0758456308766538,0.1707333409385441,0.0830267077877071,0.0931380413519435
348,348.0,0.090315336131552,0.1809231074567714,0.221060988208208,0.0840240595099354,0.0766799558435041,0.1702344745896924,0.0825890565189365,0.0941730217413999
349,349.0,0.0893488051994869,0.1821009364993084,0.2206247705844405,0.0835629240215482,0.0774611875086695,0.169713871158594,0.0821696316254692,0.0950178734024831
350,350.0,0.0883706499876313,0.1831771278041294,0.2203330713477964,0.0831393137240888,0.0781981151363381,0.1692283451623588,0.0817691553758847,0.0957842214617724
351,351.0,0.087391088644002,0.1841533224452913,0.2201800327553214,0.0827523774301306,0.0788870335631486,0.1687761441921811,0.0813888191426494,0.0964711818272755
352,352.0,0.0864520294385684,0.1844477227098441,0.220285572119447,0.0824336942720294,0.0795904656594668,0.1690743780959225,0.0810948747026113,0.0966212630021103
353,353.0,0.0855025245899734,0.1845803960587363,0.2203377118758396,0.0821227563428186,0.0801782585091041,0.1699094435628383,0.080759809776234,0.0966090992844556
354,354.0,0.0845776828501846,0.1844605584120589,0.2204762180265669,0.0818535098915878,0.0807149766463035,0.1707556835482198,0.0804517261628668,0.0967096444622117
355,355.0,0.0837245990058151,0.183874007482738,0.2209621084348393,0.0818139137221649,0.0812553021941292,0.1716059832533736,0.0802127905057979,0.0965512954011418
356,356.0,0.0830811050740496,0.1830778173134128,0.221470959480957,0.0819258736723625,0.0817458974804723,0.1723572656064582,0.0800027457956633,0.0963383355766241
357,357.0,0.0824691694297669,0.1822426217537422,0.2220917403796427,0.0820587407536486,0.0821831383565073,0.1730736814140416,0.0798134671493726,0.096067440763278
358,358.0,0.0818937266677917,0.1813992814466204,0.2227485503455469,0.0822058326521085,0.0825670228233236,0.1737869744537621,0.0796451300463388,0.0957534815645079
359,359.0,0.0813561703007068,0.1805599401266178,0.2234327791317025,0.0823629762436792,0.0828985737613416,0.1744898501561755,0.0794967077632945,0.0954030025164818
360,360.0,0.0808518986479657,0.1797198461012739,0.2241180548501557,0.0825116934593776,0.0831746674972917,0.1751584594683985,0.0794522562765778,0.095013123698959
361,361.0,0.0803891835016883,0.1788480016915112,0.224805109477754,0.0826566113351745,0.0833998255190618,0.1758845791091964,0.0794163654353281,0.0946003239302855
362,362.0,0.0800426389092665,0.1779942250231959,0.2253058104288942,0.0828402631307785,0.0839601160374044,0.176115214103045,0.0794707756252516,0.0942709567421638
363,363.0,0.0795819206830193,0.1773062366595674,0.2257894251594549,0.0830366381843732,0.084478077032817,0.1763239223541744,0.0795450103856924,0.0939387695409012
364,364.0,0.0782107133788323,0.1760326581863074,0.2271181615256529,0.0828379945312467,0.0852676620012483,0.1769844397666853,0.07950680062116,0.0940415699888669
365,365.0,0.0770035493137295,0.1748856613195777,0.2293774017714206,0.0827495418773645,0.0862264429256921,0.1762524669612453,0.0790319820591453,0.0944729537718249
366,366.0,0.0758509023386927,0.1738007172655324,0.2316496254180731,0.0826528492661599,0.0871249659459715,0.1754695606689601,0.0785658874395556,0.0948854916570546
367,367.0,0.0747936840893913,0.1728673714074536,0.2339745414606677,0.0825783451123853,0.0883026739211182,0.1741005366151856,0.0780463040290914,0.0953365433647067
368,368.0,0.0744734489085745,0.1719738747134374,0.2362582051380531,0.08251134847336,0.089416105528436,0.1727115802413072,0.0775489581613241,0.0951064788355075
369,369.0,0.0741585915307248,0.1712810376111562,0.2384853142500148,0.0824515837525684,0.0904603592772036,0.1712211933220977,0.077076404729231,0.0948655155270033
370,370.0,0.0738978447526624,0.1706521966254056,0.2407117562758291,0.0823771471921537,0.0914248230934172,0.1697194584685235,0.0766184118656147,0.0945983617263937
371,371.0,0.0736949728306997,0.1699569262778132,0.242808472309776,0.0823048357485846,0.0923138569419511,0.168412080952125,0.0761889808040664,0.0943198741349838
372,372.0,0.073466646568876,0.1692758135500306,0.2451400908198475,0.0822081120725644,0.0930482080531827,0.1671454587355866,0.0757549759154212,0.0939606942844909
373,373.0,0.0732883623901786,0.1687721203505824,0.2472689546158597,0.0821097295673738,0.0937023366424958,0.1659096476973742,0.0753468665808776,0.0936019821552577
374,374.0,0.0731578264732644,0.1683202174189277,0.2491484727785776,0.0819179803640285,0.0944061610450353,0.1648322093046146,0.0749678750805104,0.0932492575350413
375,375.0,0.073066858164862,0.1685314956702142,0.2502318244512673,0.0818165598716944,0.0950322621207422,0.163809344250207,0.0746135627742817,0.0928980926967311
