,Unnamed: 0,Total_iterations,Intertwine_two,Add_vertex,Delete_vertex,Invert_path_vertices,Insert_inside_vertex,Delete_inside_vertex,Replace_inside_vertex,Donate_between_routes
0,0.0,0.0,0.125,0.125,0.125,0.125,0.125,0.125,0.125,0.125
1,1.0,0.10900000000000001,0.125,0.125,0.125,0.125,0.125,0.125,0.125,0.125
2,2.0,0.31601,0.125,0.125,0.125,0.125,0.125,0.125,0.125,0.125
3,3.0,0.6191589000000001,0.125,0.125,0.125,0.125,0.125,0.125,0.125,0.125
4,4.0,1.015801321,0.125,0.125,0.125,0.125,0.125,0.125,0.125,0.125
5,5.0,1.50262148669,0.125,0.125,0.125,0.125,0.125,0.125,0.125,0.125
6,6.0,2.0757334209441005,0.125,0.125,0.125,0.125,0.125,0.125,0.125,0.125
7,7.0,2.7307768275633495,0.125,0.125,0.125,0.125,0.125,0.125,0.125,0.125
8,8.0,3.4630081252450404,0.125,0.125,0.125,0.125,0.125,0.125,0.125,0.125
9,9.0,4.2673862119061114,0.125,0.125,0.125,0.125,0.125,0.125,0.125,0.125
10,10.0,5.138652627782014,0.125,0.125,0.125,0.125,0.125,0.125,0.125,0.125
11,11.0,6.071405875792507,0.125,0.125,0.125,0.125,0.125,0.125,0.125,0.125
12,12.0,7.060169740244025,0.125,0.125,0.125,0.125,0.125,0.125,0.125,0.125
13,13.0,8.099455520847952,0.125,0.125,0.125,0.125,0.125,0.125,0.125,0.125
14,14.0,9.183818168183006,0.125,0.125,0.125,0.125,0.125,0.125,0.125,0.125
15,15.0,10.307906369102724,0.125,0.125,0.125,0.125,0.125,0.125,0.125,0.125
16,16.0,11.466506686239443,0.125,0.125,0.125,0.125,0.125,0.125,0.125,0.125
17,17.0,12.654581904800096,0.125,0.125,0.125,0.125,0.125,0.125,0.125,0.125
18,18.0,13.867303782456686,0.125,0.125,0.125,0.125,0.125,0.125,0.125,0.125
19,19.0,15.100080434523047,0.125,0.125,0.125,0.125,0.125,0.125,0.125,0.125
20,20.0,16.348578617037543,0.125,0.125,0.125,0.125,0.125,0.125,0.125,0.125
21,21.0,17.608741195130214,0.125,0.125,0.125,0.125,0.125,0.125,0.125,0.125
22,22.0,18.876800103462312,0.125,0.125,0.125,0.125,0.125,0.125,0.125,0.125
23,23.0,20.14928511992658,0.125,0.125,0.125,0.125,0.125,0.125,0.125,0.125
24,24.0,21.423028783545156,0.125,0.125,0.125,0.125,0.125,0.125,0.125,0.125
25,25.0,22.695167792966423,0.125,0.125,0.125,0.125,0.125,0.125,0.125,0.125
26,26.0,23.963141223515898,0.125,0.125,0.125,0.125,0.125,0.125,0.125,0.125
27,27.0,25.224685898775267,0.125,0.125,0.125,0.125,0.125,0.125,0.125,0.125
28,28.0,26.477829247520948,0.125,0.125,0.125,0.125,0.125,0.125,0.125,0.125
29,29.0,27.720879968916847,0.125,0.125,0.125,0.125,0.125,0.125,0.125,0.125
30,30.0,28.95241681848399,0.125,0.125,0.125,0.125,0.125,0.125,0.125,0.125
31,31.0,30.17127581490958,0.125,0.125,0.125,0.125,0.125,0.125,0.125,0.125
32,32.0,31.376536153543515,0.125,0.125,0.125,0.125,0.125,0.125,0.125,0.125
33,33.0,32.567505096778625,0.125,0.125,0.125,0.125,0.125,0.125,0.125,0.125
34,34.0,33.74370209472243,0.125,0.125,0.125,0.125,0.125,0.125,0.125,0.125
35,35.0,34.90484237192463,0.125,0.125,0.125,0.125,0.125,0.125,0.125,0.125
36,36.0,36.05082019768737,0.125,0.125,0.125,0.125,0.125,0.125,0.125,0.125
37,37.0,37.18169203889697,0.125,0.125,0.125,0.125,0.125,0.125,0.125,0.125
38,38.0,38.29765977559663,0.125,0.125,0.125,0.125,0.125,0.125,0.125,0.125
39,39.0,39.399054140870355,0.125,0.125,0.125,0.125,0.125,0.125,0.125,0.125
40,40.0,40.48631852820801,0.125,0.125,0.125,0.125,0.125,0.125,0.125,0.125
41,41.0,41.55999329152982,0.125,0.125,0.125,0.125,0.125,0.125,0.125,0.125
42,42.0,42.62070064560415,0.125,0.125,0.125,0.125,0.125,0.125,0.125,0.125
43,43.0,43.669130257815,0.125,0.125,0.125,0.125,0.125,0.125,0.125,0.125
44,44.0,44.70602560622662,0.125,0.125,0.125,0.125,0.125,0.125,0.125,0.125
45,45.0,45.73217116373481,0.125,0.125,0.125,0.125,0.125,0.125,0.125,0.125
46,46.0,46.748380453854836,0.125,0.125,0.125,0.125,0.125,0.125,0.125,0.125
47,47.0,47.755485010424316,0.125,0.125,0.125,0.125,0.125,0.125,0.125,0.125
48,48.0,48.7543242612326,0.125,0.125,0.125,0.125,0.125,0.125,0.125,0.125
49,49.0,49.745736344347726,0.125,0.125,0.125,0.125,0.125,0.125,0.125,0.125
50,50.0,50.730549855707864,0.125,0.125,0.125,0.125,0.125,0.125,0.125,0.125
51,51.0,51.70957651737491,0.125,0.125,0.125,0.125,0.125,0.125,0.125,0.125
52,52.0,52.68360474770151,0.125,0.125,0.125,0.125,0.125,0.125,0.125,0.125
53,53.0,53.65339410751842,0.125,0.125,0.125,0.125,0.125,0.125,0.125,0.125
54,54.0,54.61967059027847,0.125,0.125,0.125,0.125,0.125,0.125,0.125,0.125
55,55.0,55.58312271885972,0.125,0.125,0.125,0.125,0.125,0.125,0.125,0.125
56,56.0,56.544398407394254,0.125,0.125,0.125,0.125,0.125,0.125,0.125,0.125
57,57.0,57.504102543001395,0.125,0.125,0.125,0.125,0.125,0.125,0.125,0.125
58,58.0,58.462795239617805,0.125,0.125,0.125,0.125,0.125,0.125,0.125,0.125
59,59.0,59.42099071417639,0.125,0.125,0.125,0.125,0.125,0.125,0.125,0.125
60,60.0,60.379156734137354,0.125,0.125,0.125,0.125,0.125,0.125,0.125,0.125
61,61.0,61.337714584760846,0.125,0.125,0.125,0.125,0.125,0.125,0.125,0.125
62,62.0,62.29703950447439,0.125,0.125,0.125,0.125,0.125,0.125,0.125,0.125
63,63.0,63.257461537171835,0.125,0.125,0.125,0.125,0.125,0.125,0.125,0.125
64,64.0,64.21926675122782,0.125,0.125,0.125,0.125,0.125,0.125,0.125,0.125
65,65.0,65.18269877636592,0.125,0.125,0.125,0.125,0.125,0.125,0.125,0.125
66,66.0,66.14796061122655,0.125,0.125,0.125,0.125,0.125,0.125,0.125,0.125
67,67.0,67.11521665648885,0.125,0.125,0.125,0.125,0.125,0.125,0.125,0.125
68,68.0,68.08459493066005,0.125,0.125,0.125,0.125,0.125,0.125,0.125,0.125
69,69.0,69.05618942810752,0.125,0.125,0.125,0.125,0.125,0.125,0.125,0.125
70,70.0,70.03006258152917,0.125,0.125,0.125,0.125,0.125,0.125,0.125,0.125
71,71.0,71.00624779379335,0.125,0.125,0.125,0.125,0.125,0.125,0.125,0.125
72,72.0,71.98475200689319,0.125,0.125,0.125,0.125,0.125,0.125,0.125,0.125
73,73.0,72.96555827861411,0.125,0.125,0.125,0.125,0.125,0.125,0.125,0.125
74,74.0,73.94862834037681,0.125,0.125,0.125,0.125,0.125,0.125,0.125,0.125
75,75.0,74.93390511255946,0.125,0.125,0.125,0.125,0.125,0.125,0.125,0.125
76,76.0,75.92131515639825,0.125,0.125,0.125,0.125,0.125,0.125,0.125,0.125
77,77.0,76.91077104428919,0.125,0.125,0.125,0.125,0.125,0.125,0.125,0.125
78,78.0,77.90217363294813,0.125,0.125,0.125,0.125,0.125,0.125,0.125,0.125
79,79.0,78.89541422641172,0.125,0.125,0.125,0.125,0.125,0.125,0.125,0.125
80,80.0,79.90037661826481,0.125,0.125,0.125,0.125,0.125,0.125,0.125,0.125
81,81.0,80.90683900474995,0.125,0.125,0.125,0.125,0.125,0.125,0.125,0.125
82,82.0,81.92458676253908,0.125,0.125,0.125,0.125,0.125,0.125,0.125,0.125
83,83.0,82.9433138769239,0.125,0.125,0.125,0.125,0.125,0.125,0.125,0.125
84,84.0,83.96273514110099,0.125,0.125,0.125,0.125,0.125,0.125,0.125,0.125
85,85.0,84.98258692744938,0.125,0.125,0.125,0.125,0.125,0.125,0.125,0.125
86,86.0,86.00262766588843,0.125,0.125,0.125,0.125,0.125,0.125,0.125,0.125
87,87.0,87.02263805382468,0.125,0.125,0.125,0.125,0.125,0.125,0.125,0.125
88,88.0,88.04242102242907,0.125,0.125,0.125,0.125,0.125,0.125,0.125,0.125
89,89.0,89.06180148394873,0.125,0.125,0.125,0.125,0.125,0.125,0.125,0.125
90,90.0,90.08062588447693,0.125,0.125,0.125,0.125,0.125,0.125,0.125,0.125
91,91.0,91.09876158610754,0.125,0.125,0.125,0.125,0.125,0.125,0.125,0.125
92,92.0,92.11609610171402,0.125,0.125,0.125,0.125,0.125,0.125,0.125,0.125
93,93.0,93.14253620474271,0.125,0.125,0.125,0.125,0.125,0.125,0.125,0.125
94,94.0,94.16790693542112,0.125,0.125,0.125,0.125,0.125,0.125,0.125,0.125
95,95.0,95.19206152367747,0.125,0.125,0.125,0.125,0.125,0.125,0.125,0.125
96,96.0,96.2148800378714,0.125,0.125,0.125,0.125,0.125,0.125,0.125,0.125
97,97.0,97.23626790026722,0.125,0.125,0.125,0.125,0.125,0.125,0.125,0.125
98,98.0,98.25615429742079,0.125,0.125,0.125,0.125,0.125,0.125,0.125,0.125
99,99.0,99.2844905118848,0.125,0.125,0.125,0.125,0.125,0.125,0.125,0.125
100,100.0,100.31114819978356,0.125,0.125,0.125,0.125,0.125,0.125,0.125,0.125
101,101.0,101.33602863689461,0.125,0.125,0.125,0.125,0.125,0.125,0.125,0.125
102,102.0,102.35906074392562,0.125,0.125,0.125,0.125,0.125,0.125,0.125,0.125
103,103.0,103.38019903281428,0.125,0.125,0.125,0.125,0.125,0.125,0.125,0.125
104,104.0,104.39942150248591,0.125,0.125,0.125,0.125,0.125,0.125,0.125,0.125
105,105.0,105.41672751016552,0.125,0.125,0.125,0.125,0.125,0.125,0.125,0.125
106,106.0,106.43213564197552,0.125,0.125,0.125,0.125,0.125,0.125,0.125,0.125
107,107.0,107.44568160418476,0.125,0.125,0.125,0.125,0.125,0.125,0.125,0.125
108,108.0,108.45741615413124,0.125,0.125,0.125,0.125,0.125,0.125,0.125,0.125
109,109.0,109.46740308754175,0.125,0.125,0.125,0.125,0.125,0.125,0.125,0.125
110,110.0,110.47571729673581,0.125,0.125,0.125,0.125,0.125,0.125,0.125,0.125
111,111.0,111.4824429120431,0.125,0.125,0.125,0.125,0.125,0.125,0.125,0.125
112,112.0,112.48767153669922,0.125,0.125,0.125,0.125,0.125,0.125,0.125,0.125
113,113.0,113.49150058352275,0.125,0.125,0.125,0.125,0.125,0.125,0.125,0.125
114,114.0,114.49403171982868,0.125,0.125,0.125,0.125,0.125,0.125,0.125,0.125
115,115.0,115.49536942530574,0.125,0.125,0.125,0.125,0.125,0.125,0.125,0.125
116,116.0,116.49561966598203,0.125,0.125,0.125,0.125,0.125,0.125,0.125,0.125
117,117.0,117.49488868593087,0.125,0.125,0.125,0.125,0.125,0.125,0.125,0.125
118,118.0,118.49328191702554,0.125,0.125,0.125,0.125,0.125,0.125,0.125,0.125
119,119.0,119.49090300584047,0.125,0.125,0.125,0.125,0.125,0.125,0.125,0.125
120,120.0,120.4878529557155,0.125,0.125,0.125,0.125,0.125,0.125,0.125,0.125
121,121.0,121.48422938104588,0.125,0.125,0.125,0.125,0.125,0.125,0.125,0.125
122,122.0,122.48012587003277,0.125,0.125,0.125,0.125,0.125,0.125,0.125,0.125
123,123.0,123.47563145142063,0.125,0.125,0.125,0.125,0.125,0.125,0.125,0.125
124,124.0,124.47083016015549,0.125,0.125,0.125,0.125,0.125,0.125,0.125,0.125
125,125.0,125.46580069641533,0.125,0.125,0.125,0.125,0.125,0.125,0.125,0.125
126,126.0,126.46061617208503,0.125,0.125,0.125,0.125,0.125,0.125,0.125,0.125
127,127.0,127.45534393846691,0.125,0.125,0.125,0.125,0.125,0.125,0.125,0.125
128,128.0,128.45004548882594,0.125,0.125,0.125,0.125,0.125,0.125,0.125,0.125
129,129.0,129.4447764292608,0.125,0.125,0.125,0.125,0.125,0.125,0.125,0.125
130,130.0,130.43958651135958,0.125,0.125,0.125,0.125,0.125,0.125,0.125,0.125
131,131.0,131.43451972013486,0.125,0.125,0.125,0.125,0.125,0.125,0.125,0.125
132,132.0,132.42961441083128,0.125,0.125,0.125,0.125,0.125,0.125,0.125,0.125
133,133.0,133.42490348834974,0.125,0.125,0.125,0.125,0.125,0.125,0.125,0.125
134,134.0,134.4204146232329,0.125,0.125,0.125,0.125,0.125,0.125,0.125,0.125
135,135.0,135.41617049839536,0.125,0.125,0.125,0.125,0.125,0.125,0.125,0.125
136,136.0,136.41218908105762,0.125,0.125,0.125,0.125,0.125,0.125,0.125,0.125
137,137.0,137.4084839146431,0.125,0.125,0.125,0.125,0.125,0.125,0.125,0.125
138,138.0,138.4050644257236,0.125,0.125,0.125,0.125,0.125,0.125,0.125,0.125
139,139.0,139.40193624143882,0.125,0.125,0.125,0.125,0.125,0.125,0.125,0.125
140,140.0,140.39910151316812,0.125,0.125,0.125,0.125,0.125,0.125,0.125,0.125
141,141.0,141.39655924259282,0.125,0.125,0.125,0.125,0.125,0.125,0.125,0.125
142,142.0,142.39430560664914,0.125,0.125,0.125,0.125,0.125,0.125,0.125,0.125
143,143.0,143.3923342782333,0.125,0.125,0.125,0.125,0.125,0.125,0.125,0.125
144,144.0,144.39063673987673,0.125,0.125,0.125,0.125,0.125,0.125,0.125,0.125
145,145.0,145.38920258795704,0.125,0.125,0.125,0.125,0.125,0.125,0.125,0.125
146,146.0,146.38801982534977,0.125,0.125,0.125,0.125,0.125,0.125,0.125,0.125
147,147.0,147.38707514074972,0.125,0.125,0.125,0.125,0.125,0.125,0.125,0.125
148,148.0,148.38635417320216,0.125,0.125,0.125,0.125,0.125,0.125,0.125,0.125
149,149.0,149.38584176067735,0.125,0.125,0.125,0.125,0.125,0.125,0.125,0.125
150,150.0,150.38552217179824,0.125,0.125,0.125,0.125,0.125,0.125,0.125,0.125
151,151.0,151.38537932008904,0.125,0.125,0.125,0.125,0.125,0.125,0.125,0.125
152,152.0,152.3853969603499,0.125,0.125,0.125,0.125,0.125,0.125,0.125,0.125
153,153.0,153.3855588669812,0.125,0.125,0.125,0.125,0.125,0.125,0.125,0.125
154,154.0,154.3958489942795,0.125,0.125,0.125,0.125,0.125,0.125,0.125,0.125
155,155.0,155.40615161890523,0.125,0.125,0.125,0.125,0.125,0.125,0.125,0.125
156,156.0,156.4163624648793,0.125,0.125,0.125,0.125,0.125,0.125,0.125,0.125
157,157.0,157.4263886016072,0.125,0.125,0.125,0.125,0.125,0.125,0.125,0.125
158,158.0,158.4361482386462,0.125,0.125,0.125,0.125,0.125,0.125,0.125,0.125
159,159.0,159.44557042959485,0.125,0.125,0.125,0.125,0.125,0.125,0.125,0.125
160,160.0,160.4545946971527,0.125,0.125,0.125,0.125,0.125,0.125,0.125,0.125
161,161.0,161.46317059098322,0.125,0.125,0.125,0.125,0.125,0.125,0.125,0.125
162,162.0,162.47125718952088,0.125,0.125,0.125,0.125,0.125,0.125,0.125,0.125
163,163.0,163.47882255630955,0.125,0.125,0.125,0.125,0.125,0.125,0.125,0.125
164,164.0,164.48584316085626,0.125,0.125,0.125,0.125,0.125,0.125,0.125,0.125
165,165.0,165.49230327333973,0.125,0.125,0.125,0.125,0.125,0.125,0.125,0.125
166,166.0,166.49819434184147,0.125,0.125,0.125,0.125,0.125,0.125,0.125,0.125
167,167.0,167.5035143600746,0.125,0.125,0.125,0.125,0.125,0.125,0.125,0.125
168,168.0,168.50826723288367,0.125,0.125,0.125,0.125,0.125,0.125,0.125,0.125
169,169.0,169.512462146083,0.125,0.125,0.125,0.125,0.125,0.125,0.125,0.125
170,170.0,170.5161129465016,0.125,0.125,0.125,0.125,0.125,0.125,0.125,0.125
171,171.0,171.51923753741332,0.125,0.125,0.125,0.125,0.125,0.125,0.125,0.125
172,172.0,172.5218572938597,0.125,0.125,0.125,0.125,0.125,0.125,0.125,0.125
173,173.0,173.52399650172288,0.125,0.125,0.125,0.125,0.125,0.125,0.125,0.125
174,174.0,174.5256818237825,0.125,0.125,0.125,0.125,0.125,0.125,0.125,0.125
175,175.0,175.52694179539833,0.125,0.125,0.125,0.125,0.125,0.125,0.125,0.125
176,176.0,176.5278063518986,0.125,0.125,0.125,0.125,0.125,0.125,0.125,0.125
177,177.0,177.52830638922984,0.125,0.125,0.125,0.125,0.125,0.125,0.125,0.125
178,178.0,178.52847335893566,0.125,0.125,0.125,0.125,0.125,0.125,0.125,0.125
179,179.0,179.52833889808153,0.125,0.125,0.125,0.125,0.125,0.125,0.125,0.125
180,180.0,180.52793449433202,0.125,0.125,0.125,0.125,0.125,0.125,0.125,0.125
181,181.0,181.52729118601414,0.125,0.125,0.125,0.125,0.125,0.125,0.125,0.125
182,182.0,182.53643929666788,0.125,0.125,0.125,0.125,0.125,0.125,0.125,0.125
183,183.0,183.5453082032896,0.125,0.125,0.125,0.125,0.125,0.125,0.125,0.125
184,184.0,184.55383713721628,0.125,0.125,0.125,0.125,0.125,0.125,0.125,0.125
185,185.0,185.5619748063781,0.125,0.125,0.125,0.125,0.125,0.125,0.125,0.125
186,186.0,186.56967896055994,0.125,0.125,0.125,0.125,0.125,0.125,0.125,0.125
187,187.0,187.576915909718,0.125,0.125,0.125,0.125,0.125,0.125,0.125,0.125
188,188.0,188.58366000486308,0.125,0.125,0.125,0.125,0.125,0.125,0.125,0.125
189,189.0,189.58989309044503,0.125,0.125,0.125,0.125,0.125,0.125,0.125,0.125
190,190.0,190.59560393656434,0.125,0.125,0.125,0.125,0.125,0.125,0.125,0.125
191,191.0,191.60078765870608,0.125,0.125,0.125,0.125,0.125,0.125,0.125,0.125
192,192.0,192.60544513204658,0.125,0.125,0.125,0.125,0.125,0.125,0.125,0.125
193,193.0,193.60958240673256,0.125,0.125,0.125,0.125,0.125,0.125,0.125,0.125
194,194.0,194.61321012988265,0.125,0.125,0.125,0.125,0.125,0.125,0.125,0.125
195,195.0,195.61634297941887,0.125,0.125,0.125,0.125,0.125,0.125,0.125,0.125
196,196.0,196.61899911420727,0.125,0.125,0.125,0.125,0.125,0.125,0.125,0.125
197,197.0,197.62119964437477,0.125,0.125,0.125,0.125,0.125,0.125,0.125,0.125
198,198.0,198.62296812508174,0.125,0.125,0.125,0.125,0.125,0.125,0.125,0.125
199,199.0,199.62433007646723,0.12486111111111112,0.12486111111111112,0.12486111111111112,0.12597222222222224,0.12486111111111112,0.12486111111111112,0.12486111111111112,0.12486111111111112
200,200.0,200.6253125319495,0.12471072451317299,0.12481381729667815,0.12471072451317299,0.12692183562428408,0.12471072451317299,0.12471072451317299,0.12471072451317299,0.12471072451317299
201,201.0,201.62594361656406,0.12455046817507075,0.12475457084706738,0.12455046817507075,0.12784057928618184,0.12455046817507075,0.12465250899139728,0.12455046817507075,0.12455046817507075
202,202.0,202.6262521565515,0.12424303540704491,0.12464618941929025,0.12424303540704491,0.12858245651815603,0.12424303540704491,0.12444506591621829,0.12535414651815602,0.12424303540704491
203,203.0,203.6262673209747,0.12366457212740778,0.12426304282595652,0.12366457212740778,0.1290160891385189,0.12366457212740778,0.1261868962873748,0.1258756832385189,0.12366457212740778
204,204.0,204.62601829574584,0.12287574379789463,0.12366421682733295,0.12387574379789464,0.13019574306000575,0.12287574379789463,0.1275823211231884,0.12605474379789464,0.12287574379789463
205,205.0,205.62553399008237,0.12192489388334973,0.1230007885474557,0.1241189755160028,0.1311655700152683,0.12202693469967626,0.12878360784613063,0.12695229479244063,0.12202693469967626
206,206.0,206.62484277508446,0.12098891836403558,0.12234025365165008,0.12435407938238233,0.13207699048579807,0.12119094887320897,0.12993633509557975,0.12792152527413658,0.12119094887320897
207,207.0,207.6239722538355,0.11997276232412361,0.12148575354729235,0.12428551590668392,0.13261261011552802,0.12017185416085834,0.1308307394004413,0.13046891038421451,0.12017185416085834
208,208.0,208.62294906217306,0.1189087847940145,0.12057015624893057,0.12415441546567314,0.13384307463442502,0.11910324090718707,0.13158871651287546,0.1327283705297075,0.11910324090718707
209,209.0,209.62179869905515,0.11770442068665825,0.11959862046087438,0.12377427581060993,0.13576450533291,0.11789276008749316,0.13199715166232381,0.13460627510240686,0.11866199085672394
210,210.0,210.62054538525848,0.11639665181942661,0.11850801133684004,0.12328437996886758,0.137311328966451,0.11657760278514928,0.1330159178100737,0.13685268035221865,0.11805342696097346
211,211.0,211.6192119489889,0.11509162349087734,0.11740363879812564,0.1233633618883719,0.1386719148227546,0.11526411535534176,0.13401623465935963,0.1388041861060182,0.1173849248791513
212,212.0,212.61781973685635,0.11385505122414369,0.11635338274301704,0.123451860948091,0.13994707725755456,0.11401820497883103,0.13495718498295087,0.14065227797815616,0.11676495988725596
213,213.0,213.61638854856852,0.11265495097320727,0.11532208266845334,0.1240494556948215,0.14116382576987208,0.11280806889154837,0.1365686875385726,0.14131722136648225,0.11611570709704291
214,214.0,214.6149365936238,0.11148952974135093,0.1143104817069514,0.12551317725131156,0.14219993627593425,0.111632084227797,0.13778040230279576,0.14160044747526018,0.11547394101859923
215,215.0,215.6134804682373,0.1104064843284957,0.11336623644633056,0.1270583424875871,0.14314213245032692,0.11053810618137178,0.1389145965015236,0.1417844985685598,0.11478960303580482
216,216.0,216.61203515070707,0.1100665272649897,0.11238094265799782,0.12846452998648145,0.14476816154225092,0.10941776275989325,0.13908733836897647,0.1417663405258848,0.11404839689352589
217,217.0,217.61061401342278,0.10977505552746192,0.11148942170299957,0.12869082645882474,0.14635038114395957,0.10840845292326315,0.13981151105929907,0.14199718653999466,0.11347716464419759
218,218.0,218.6092288497327,0.10941552561791978,0.1112438628656282,0.12873677516881862,0.147635572760548,0.10805939189342806,0.14022309264256033,0.14186638383049377,0.11281939522060346
219,219.0,219.6078899139143,0.10982009189941339,0.11085193071729997,0.12853261374326044,0.14899762190639698,0.10820285059481201,0.14026426970367709,0.141327639063072,0.11200298237206838
220,220.0,220.60660597253863,0.11024767074777822,0.11045297068064729,0.12881441887413211,0.15013788276492945,0.10838319594321509,0.14020422440018843,0.1405868932494844,0.11117274333962526
221,221.0,221.6053843655751,0.11080477338763267,0.11082232398363674,0.12818034710269355,0.1512737601339664,0.10861187024408665,0.14016515138315883,0.13978788193598102,0.11035389182884435
222,222.0,222.6042310756522,0.11124936123086855,0.11116968305215522,0.12745104337303625,0.1529037667102145,0.1088205347139065,0.1399990412247077,0.1388832666718419,0.10952330302326954
223,223.0,223.60315080396504,0.11169536374899713,0.11200055202837451,0.12662378643821487,0.15432901566349003,0.10904804574318154,0.1397592007926616,0.13784387675862636,0.10870015882645408
224,224.0,224.60214705140697,0.11213817944934786,0.11325827123176235,0.12571664418809403,0.1555557302665575,0.10929024356567352,0.13945540151870053,0.1366935835603742,0.10789194621949015
225,225.0,225.60122220359062,0.11189933111916935,0.11591597329833128,0.12486372487927949,0.15606839359583016,0.10974386978631018,0.13933937620889664,0.134946903326863,0.1072224277853201
226,226.0,226.60037761852,0.11159428706472976,0.11852012404663863,0.12398507264016599,0.15638469107180167,0.11009899205631743,0.13965508780651228,0.13318180736481955,0.10657993794901488
227,227.0,227.59961371577126,0.1113077172989996,0.12156372757721796,0.1226533568099841,0.1565960963050424,0.11047440954805815,0.13994370550482937,0.13145528820671754,0.10600569874915107
228,228.0,228.5989300661397,0.11094546565735548,0.12535555129056736,0.1212757175855415,0.1555725199907933,0.11073239942514951,0.14058781925985547,0.13011195402582684,0.10541857276491076
229,229.0,229.5983254808099,0.11051925751090001,0.12931606975211898,0.11987036754250213,0.15434766606130204,0.11088306771411231,0.14098510698239228,0.129252900658105,0.10482556377856747
230,230.0,230.59779809920497,0.11095348949547124,0.13286803257347726,0.11906108939453877,0.15215265529541608,0.11106585349653098,0.1413824196059345,0.12831605541679736,0.10420040472183403
231,231.0,231.59734547476845,0.1112654704573377,0.13613293696878312,0.11928081503611322,0.14978965945720496,0.111115055701096,0.14160819697308333,0.12730619879191718,0.1035016666144647
232,232.0,232.5969646580279,0.11093375013359565,0.13923183973668873,0.12010500238741152,0.1475241070122833,0.11116854066354712,0.14180233483580665,0.1263657304880705,0.10286869474259673
233,233.0,233.59665227638112,0.11060611486594435,0.14213649062611647,0.1210471416217701,0.14526504775963278,0.11121445416936225,0.14195318447879107,0.1254852351680736,0.10229233131030957
234,234.0,234.59640461013524,0.10984989894809591,0.1464861071999082,0.12192114667159062,0.14295598912916843,0.11117198711843582,0.1418933322041783,0.1240317489095838,0.10168978981903913
235,235.0,235.5962176644126,0.10981461882966054,0.15036345695780778,0.12267267197872557,0.14057260271887315,0.1114950593342399,0.14148112934210413,0.12255392650901396,0.10104653432957517
236,236.0,236.59608723661808,0.10961851042185797,0.1537892308460632,0.1233105295184514,0.13815023442491223,0.11241719619125343,0.141264091488094,0.12107305905865709,0.10037714805071092
237,237.0,237.5960089792368,0.10928486151663105,0.15749673087200053,0.12384220411829258,0.13571950274477268,0.11360045358533746,0.14075580562186732,0.1196068816774595,0.09969355986363912
238,238.0,238.59597845780132,0.10897252089453273,0.16094763249851532,0.12436530501854688,0.13339785902618145,0.11476293084488808,0.1402393805022091,0.11823946625319634,0.09907490496193033
239,239.0,239.5959912039314,0.10870248313367113,0.1641610893495647,0.12491146218053048,0.13112460360943956,0.11581607330997302,0.13974679690591912,0.11709962324566692,0.09843786826523529
240,240.0,240.59604276340914,0.10849749646763113,0.16758936739979124,0.12633141425703567,0.12756111456696434,0.11684509865980762,0.13931549143468666,0.11602654175520723,0.0978334754588763
241,241.0,241.596128739305,0.10830416261643011,0.17072556763536367,0.12770394227184884,0.12413917886462515,0.11781988969998186,0.13887831051112207,0.11514366181212302,0.09728528658850544
242,242.0,242.5962448302182,0.10812237407895213,0.17265733057957197,0.1290186306194826,0.1208778257748979,0.11873532598911092,0.13944630886393752,0.11434967771437879,0.0967925263796683
243,243.0,243.5963868637379,0.10785129288259643,0.17420508367400936,0.13106161926287832,0.11769385647436231,0.11948581369603133,0.13990711737661102,0.11354475924213508,0.0962504573913763
244,244.0,244.5965508252683,0.10751633132195626,0.17532690950255642,0.13246808744633248,0.11462324081975553,0.1200950668556822,0.1407020060778779,0.11274896572316973,0.09651939225266963
245,245.0,245.59673288239296,0.10709311044227712,0.17605052466463897,0.13441924340694483,0.11167675582673278,0.1204647145596351,0.14116929352632174,0.11243779595057801,0.09668856162287155
246,246.0,246.5969294049812,0.10705154819111952,0.1764137921305607,0.13681341782970444,0.10887398408159672,0.12061668587808529,0.14134082987650332,0.11211821359976286,0.09677152841266726
247,247.0,247.59713698126083,0.10689432611857465,0.1764286067247712,0.13896845326025514,0.10615862415705221,0.12057919299436277,0.14136033124060343,0.11285488956268856,0.09675557594169215
248,248.0,248.59735243009987,0.10668172027235914,0.17628158090139,0.14094923126715933,0.10369908126082672,0.12016024692745994,0.14184926687102517,0.1135877366602522,0.09679113583952764
249,249.0,249.597572809754,0.10640940374192252,0.17582168162759418,0.14366125729900053,0.10132838274165289,0.11950402172056737,0.14245470558482254,0.1141003276144324,0.09672021967000767
250,250.0,250.59779542334522,0.10609511328481508,0.17518337077659019,0.14620254894730547,0.09925709228135719,0.11873862959370371,0.1432621295526454,0.11460788650496068,0.09665322905862238
251,251.0,251.59801782134383,0.10574425657114742,0.17367514827343886,0.14937346015091602,0.09738630805765279,0.11788034621416657,0.14424689984629668,0.115104116882718,0.09658946400366371
252,252.0,252.59823780132916,0.10561817416526625,0.17191479440666615,0.152762931247042,0.09558753704454018,0.11681621891257268,0.14549410073549648,0.11545681425600361,0.09634942923241269
253,253.0,253.59845340530268,0.10538297176777406,0.1699936447398208,0.15565334081359983,0.09392008451961018,0.11645812899479929,0.14645200571878655,0.11572492497965187,0.09641489846595747
254,254.0,254.5986629148258,0.10502231337220681,0.16801476516735336,0.15833801118020102,0.09245526797706866,0.1160556074381959,0.14756040600736564,0.11607774827491167,0.09647588058269697
255,255.0,255.59886484424837,0.1045955809210747,0.16596164029985283,0.16060192572081072,0.0911453948084043,0.1155738139194201,0.149299325703287,0.11637425850540173,0.09644806012174863
256,256.0,256.5990579322862,0.10403948232917831,0.16437386291777856,0.16296320807960027,0.08991147111607942,0.11498154653482942,0.15092049940387267,0.11654011307442633,0.09626981654423501
257,257.0,257.59924113219733,0.10348023706952394,0.1627386686366897,0.16551057239708653,0.08883822528293231,0.11437629941566438,0.15233518231401616,0.11667704792357696,0.09604376696050998
258,258.0,258.5994136007954,0.10312905246523618,0.1621166313888408,0.16777412116382728,0.0880230580825648,0.11320149244109554,0.1529864621140537,0.11688932177753761,0.09587986056684404
259,259.0,259.5995746865257,0.10281033470167952,0.16153006475026893,0.1698251874917641,0.08738232142086859,0.11205983776357493,0.1535571217825826,0.11710128609445367,0.09573384599480762
260,260.0,260.59972391681777,0.10188034611149689,0.16099278157930572,0.17167600321437151,0.08691647386346706,0.11100541371166721,0.15456675811537873,0.11733384069060757,0.09562838271370526
261,261.0,261.5998609849124,0.10096583550233318,0.1604833872804401,0.17330624615449666,0.086590845895045,0.10995268514149106,0.1553119517953311,0.11787225616452779,0.09551679206633504
262,262.0,262.59998573634846,0.1001243296034324,0.15954669547972727,0.17490745458506393,0.08643425643005674,0.10898262886700183,0.15664972701218693,0.11843049169495276,0.09492441632757803
263,263.0,263.6000981552774,0.09959900649482077,0.15740689975429809,0.17826664518600668,0.08655438338582469,0.10833874171343916,0.1580536049194023,0.1175763797463246,0.09420433879988366
264,264.0,264.6001983507607,0.09909564398569834,0.15527713702530707,0.18122799926284933,0.08676163956500124,0.10695775772815813,0.16050431009524269,0.11669183904317774,0.09348367329456543
265,265.0,265.6002865431881,0.09845309838189005,0.15303245407655972,0.18402254839163323,0.08761440296718213,0.1052650466766975,0.1630773955777633,0.11573887373267629,0.09279618019559774
266,266.0,266.6003630509408,0.09783896735011686,0.150836854084633,0.18689249308726275,0.08852701886851826,0.10362739084883274,0.16537761081923874,0.1147784224182767,0.09212124252312094
267,267.0,267.6004282774089,0.09721967604762005,0.14878317636653882,0.18989234711885325,0.08944264773768866,0.10201878658460994,0.16743677663823078,0.11377911009112071,0.09142747941533777
268,268.0,268.6004826984561,0.0965912235957986,0.1467634255972763,0.19263700214678814,0.09034549025438707,0.1004417049516088,0.1691346779850584,0.11337347424092438,0.09071300122815831
269,269.0,269.60052685041404,0.09596121654745665,0.1447944831222442,0.19530585853812643,0.0912282025420472,0.09890917041639062,0.17090629388302253,0.11290734478596484,0.08998743016474753
270,270.0,270.600561318672,0.09540044232490687,0.1429477842529635,0.1974911242207149,0.09268004842461945,0.09718686169718266,0.17249029367008611,0.11247998229398673,0.08932346311553978
271,271.0,271.60058672691747,0.09484026970169046,0.1411959997738114,0.19971325354470393,0.09406678447396451,0.09550991977110637,0.17402861290745547,0.11199089616376609,0.08865426366350179
272,272.0,272.6006037270692,0.0942687525593772,0.139513412248202,0.20179592834368232,0.09536397713721377,0.09420601251768244,0.17544910640846526,0.11143325142666914,0.08796955935870793
273,273.0,273.6006129899351,0.09401399551662168,0.13790862545139884,0.20372965105594606,0.09656656572380745,0.0929383893435825,0.1767487292619554,0.11081762156704592,0.0872764220796422
274,274.0,274.600615196615,0.09378093518175107,0.13643862483180377,0.20573240610756724,0.09772828482644202,0.09174975989466405,0.17774143937255837,0.11021145501502924,0.08661709477018428
275,275.0,275.6006110306608,0.09358270521501606,0.13508521433004708,0.20737688016653388,0.0988364317688872,0.09103652677160415,0.17845071206132934,0.10963283983306908,0.08599868985351328
276,276.0,276.6006011709954,0.09341739787886343,0.13384945503854848,0.20903593644500168,0.09988487529733048,0.09041131482607968,0.1788937283394938,0.1090844000355724,0.0854228921391102
277,277.0,277.6005862855866,0.09326131845292024,0.1327094733894897,0.2109153655372476,0.10082540076556634,0.08984910802008492,0.1790452885517287,0.10852490192974658,0.08486914335321605
278,278.0,278.6005670258628,0.09314465404050837,0.131676068735847,0.21300470958754836,0.10166850020832473,0.08938844714394034,0.17908964328203472,0.10766773245603559,0.084360244545761
279,279.0,279.6005440218528,0.09286860757422258,0.13059464211898497,0.21500402196285517,0.10246136843993005,0.08892032237834166,0.17936781474404387,0.10686929107152415,0.08391393171009767
280,280.0,280.60051787802524,0.09257213074818389,0.12959921244652367,0.216816109964948,0.10313947122246545,0.08846809377829944,0.17955743220307185,0.10637248005926003,0.08347506957724785
281,281.0,281.6004891698002,0.09226772798291491,0.12881053856665536,0.2185534980400663,0.10371541030656393,0.08794882527753946,0.17977991048299177,0.10586889391239827,0.08305519543087013
282,282.0,282.60045844069964,0.09194098254931155,0.12808983670675853,0.219706931437045,0.10426956541134215,0.08743813730948674,0.18020911306694506,0.10570874915794397,0.08263668436116718
283,283.0,283.60042620010216,0.09160810363917721,0.12744802096673338,0.22091558982553422,0.1047303689165828,0.08695021427151604,0.18056427212838969,0.10554892055374482,0.08223450969832204
284,284.0,284.60039292156335,0.09074783642936349,0.1250658636165887,0.22242757860409482,0.10535460144924075,0.08673934061797473,0.18092612204407896,0.10664137221650886,0.08209728502214993
285,285.0,285.60035904166284,0.08992756637798043,0.12251578406246035,0.2240481558995863,0.10591912833069822,0.08660079926783437,0.1812183972074535,0.1077636878666484,0.08200648098733868
286,286.0,286.6003249593358,0.08986127492653607,0.11991455965947818,0.22593307971135973,0.1059545920346367,0.0866988043684359,0.18096720177594516,0.10881143640576177,0.08185905111784667
287,287.0,287.60029103564807,0.08963428422913633,0.11810380179241194,0.2275304260277117,0.10581697819255267,0.0867063391204725,0.1809512163962739,0.10962628824160167,0.08163066599983945
288,288.0,288.60025759397263,0.08928891241537283,0.11700951783991556,0.22874840485132197,0.1055536007809456,0.08665208945641405,0.18085049167194964,0.11027919214994884,0.08161779083413169
289,289.0,289.60022492052497,0.0890534507115781,0.11605107036170309,0.22956508176724125,0.10523666011945298,0.08659802488291708,0.18098985145528673,0.11089380338003754,0.08161205732178341
290,290.0,290.60019326521683,0.0880472491266399,0.11598069180116026,0.23047488242279388,0.10486168278647953,0.08652997235544982,0.18107688616343676,0.11142950062848934,0.08159913471555068
291,291.0,291.60016284278737,0.08701777635965505,0.11646896339561022,0.23128618805177534,0.10439470876378994,0.08643564753354172,0.18104774249111694,0.11180107725080134,0.08154789615370964
292,292.0,292.600133834173,0.08603103937712453,0.11706346758918076,0.2323441732715773,0.10390299258120922,0.0861155957590722,0.18088190581515629,0.11214475486861383,0.08151607073806605
293,293.0,293.60010638807836,0.0851436005817627,0.11757270457521454,0.2334061108939281,0.10345708934983801,0.08653789719283683,0.18086635721701486,0.1114632361699141,0.08155300401949103
294,294.0,294.60008062271237,0.08428555080933808,0.11814617947752462,0.2344100927427225,0.10298866186550304,0.08695492037015526,0.18091364366637613,0.11071835400638519,0.0815825970619953
295,295.0,295.6000566276558,0.08347780787198349,0.11877655701049007,0.23537681275823769,0.10250947008337381,0.08671685891577074,0.1809168992064949,0.10993836331123467,0.08228723084241481
296,296.0,296.6000344658284,0.08270031254258423,0.11943981135985518,0.2364223965950894,0.10201335057519058,0.08645686127488024,0.18088734403728204,0.10911067463894591,0.08296924897617261
297,297.0,297.6000141755254,0.0825484456075202,0.11988392360815013,0.23740774610832555,0.10147319194963766,0.08614473021681576,0.18080456168002293,0.10818934405571588,0.08354805677381208
298,298.0,298.5999957724975,0.08243159581952961,0.12034738703384917,0.23833427419959838,0.10093231989555776,0.0858266661635181,0.18078358010480833,0.1072455566693491,0.08409862011378973
299,299.0,299.5999792520474,0.08226712509050291,0.12118507441091894,0.23905930600804876,0.10035324523760251,0.08545708032775451,0.18069773062764738,0.10620992722080039,0.08477051107672476
300,300.0,300.5999645911218,0.08207462518727465,0.12179521826737855,0.24039436530744784,0.09974965979927375,0.08506164301736696,0.18046657899220797,0.10511443421076128,0.08534347521828917
301,301.0,301.5999517503776,0.08185850973916607,0.12272133301218695,0.241746724708245,0.09912956422723687,0.08464611383315196,0.18010171148433402,0.10397497533762068,0.08582106765805864
302,302.0,302.599940676204,0.08162266037304068,0.12392191932695558,0.2428941466096059,0.09850016940847747,0.08421573070889986,0.17961486971553126,0.10302338076110902,0.08620712309638041
303,303.0,303.5999313026858,0.08140624348761263,0.12540554234907988,0.2438148763134907,0.09791824452933248,0.08349153305490291,0.17940955626801786,0.10200645049543763,0.08654755350212608
304,304.0,304.59992355349243,0.08119788394698615,0.12683094240643947,0.24475977275802718,0.09744113649250208,0.08276536948458744,0.17918961486696316,0.10099114591682021,0.08682413412767447
305,305.0,305.5999173436835,0.080905721670451,0.12876754910939328,0.24477959401089597,0.09686872225059114,0.0819513804018993,0.17987509512436053,0.09990501848268427,0.08694691894972467
306,306.0,306.5999125814187,0.08060795867804924,0.13086563484818292,0.24467321400458547,0.09631298353003949,0.08115795083393662,0.1805365515250994,0.09884310204358476,0.0870026045365223
307,307.0,307.59990916956616,0.08028961034519684,0.13307810551332258,0.24434573703273602,0.09576882085999336,0.08036863749252804,0.18138335805358516,0.0977909907056613,0.08697473999697687
308,308.0,308.5999070072032,0.08036393836638907,0.13494339764998028,0.24399492749817653,0.09522382938603784,0.0795833462794216,0.1822870778273597,0.09674239929032151,0.08686108370231364
309,309.0,309.5999059910045,0.08041650490323032,0.13688884799933668,0.24366412755974726,0.09470118504460738,0.0788259975402371,0.18308250720723523,0.09573069775981008,0.08669013198579616
310,310.0,310.59990601651566,0.08044718727005061,0.1388835681042832,0.24353663957623398,0.09419413946016192,0.07810110248044429,0.18386129764286277,0.09451030626501443,0.086465759200949
311,311.0,311.59990697931056,0.08043762274940541,0.14090241378401608,0.2436859468889948,0.09370312257518826,0.07739211601817216,0.18438839383698782,0.09331315963939035,0.08617722450784532
312,312.0,312.59990877603286,0.08040163958637814,0.14293031453058425,0.24392328329959706,0.09323431053930883,0.07671483672095682,0.18479342422234582,0.09215846909432901,0.08584372200650026
313,313.0,313.59991130532256,0.08032156434619844,0.14493244178140766,0.24420940780260114,0.09276991360729327,0.07605374793951736,0.18513906578747413,0.09102607260003107,0.08554778613547712
314,314.0,314.5999144686301,0.08020610636567507,0.14690688013438893,0.24455818912124774,0.09232666071137736,0.07541709449734563,0.185443965978451,0.0899344498035905,0.08520665338792391
315,315.0,315.5999181709206,0.07996961936939495,0.14875532721820395,0.24479729930412164,0.09272692013252049,0.07462500815708695,0.18558165693966425,0.08880302581983343,0.08474114305917449
316,316.0,316.59992232127286,0.0796347746915898,0.15025607820134343,0.24569579448900097,0.09329471954247298,0.07379920879200934,0.18549639664750295,0.08764887343440575,0.08417415420167493
317,317.0,317.5999268333771,0.07925164933454366,0.1515393646354939,0.24639957214478625,0.09375676544154089,0.0737376237350629,0.18524395639789856,0.0865192230093758,0.08355184530129824
318,318.0,318.59993162593713,0.07912571684566579,0.15157455620040633,0.24724194141369635,0.0940492768311866,0.07396592913622323,0.18514638594429206,0.08571643275466698,0.08317976087386282
319,319.0,319.59993662298183,0.07897023285056255,0.15141608463212944,0.24783862774903279,0.09424332928473374,0.07413542348362669,0.18495481093958124,0.08566737610108112,0.0827741149592526
320,320.0,320.59994175409224,0.07878515239002074,0.15108693852234953,0.24832167663649027,0.09435089205361809,0.07424737467337432,0.18526446166781252,0.08560593365863561,0.08233757039769907
321,321.0,321.5999469545507,0.07861795319049095,0.15064995419406024,0.248459431160109,0.09467339623010892,0.07439175205993691,0.18566816027679295,0.08561929298124356,0.08192005990725762
322,322.0,322.5999521654178,0.07813007695358751,0.15059819031892474,0.2483516118480102,0.09492676210005398,0.07448599468640417,0.1858753404910501,0.08550929566778316,0.08212272793418625
323,323.0,323.599957333544,0.07763847812119659,0.15055955870526966,0.2481541911317943,0.09515137270914731,0.07458940433354068,0.18615153966542564,0.08543784788193394,0.08231760745169195
324,324.0,324.59996241152214,0.07715114816666481,0.1505404250531872,0.24798791571897424,0.09535423417224488,0.07470295453334194,0.18634518620773324,0.08541208041810255,0.08250605572975117
325,325.0,325.5999673575873,0.0768004043791235,0.1515484509472824,0.24622105989684098,0.0958304986325617,0.07494367217534594,0.18639852100312304,0.08544286238211929,0.0828145305836032
326,326.0,326.59997213547007,0.07643955015913322,0.15265156019976905,0.244470447212767,0.09626010201201846,0.075170464535307,0.18643485800233495,0.08548453348569567,0.08308848439297464
327,327.0,327.5999767142098,0.07705021351240587,0.15356683413350988,0.2426278533745344,0.09646307916733082,0.07530148704410383,0.1862896011165189,0.08545402455593468,0.0832469070956616
328,328.0,328.59998106793347,0.0783390503706958,0.15432860758743505,0.24049982255429692,0.09666979041127502,0.07535064671340042,0.18613957843032836,0.08536342646166895,0.0833090774708994
329,329.0,329.5999851756054,0.0796104428281563,0.15508407649260067,0.2385227559738609,0.09683609875408353,0.07539290887587463,0.18591635685070737,0.08528645518197978,0.08335090504273673
330,330.0,330.59998902075415,0.08085631802210229,0.15583348066195765,0.23664041451684487,0.09696490295012937,0.07543179290116721,0.1856708754369583,0.0852253130732384,0.08337690243760186
331,331.0,331.59999259118047,0.08193442131739508,0.1565056987983135,0.23483432776921814,0.09707080060025167,0.0756552447332627,0.1854137714260536,0.08518476272958068,0.08340097262592457
