,Unnamed: 0,Total_iterations,Intertwine_two,Add_vertex,Delete_vertex,Invert_path_vertices,Insert_inside_vertex,Delete_inside_vertex,Replace_inside_vertex,Donate_between_routes
0,0.0,0.0,0.125,0.125,0.125,0.125,0.125,0.125,0.125,0.125
1,1.0,1.0,0.125,0.125,0.125,0.125,0.125,0.125,0.125,0.125
2,2.0,2.0,0.125,0.125,0.125,0.125,0.125,0.125,0.125,0.125
3,3.0,3.0,0.125,0.125,0.125,0.125,0.125,0.125,0.125,0.125
4,4.0,4.0,0.125,0.125,0.125,0.125,0.125,0.125,0.125,0.125
5,5.0,5.0,0.125,0.125,0.125,0.125,0.125,0.125,0.125,0.125
6,6.0,6.0,0.125,0.125,0.125,0.125,0.125,0.125,0.125,0.125
7,7.0,7.0,0.125,0.125,0.125,0.125,0.125,0.125,0.125,0.125
8,8.0,8.0,0.125,0.125,0.125,0.125,0.125,0.125,0.125,0.125
9,9.0,9.0,0.125,0.125,0.125,0.125,0.125,0.125,0.125,0.125
10,10.0,10.0,0.125,0.125,0.125,0.125,0.125,0.125,0.125,0.125
11,11.0,11.0,0.125,0.125,0.125,0.125,0.125,0.125,0.125,0.125
12,12.0,12.0,0.125,0.125,0.125,0.125,0.125,0.125,0.125,0.125
13,13.0,13.0,0.125,0.125,0.125,0.125,0.125,0.125,0.125,0.125
14,14.0,14.0,0.125,0.125,0.125,0.125,0.125,0.125,0.125,0.125
15,15.0,15.0,0.125,0.125,0.125,0.125,0.125,0.125,0.125,0.125
16,16.0,16.0,0.125,0.125,0.125,0.125,0.125,0.125,0.125,0.125
17,17.0,17.0,0.125,0.125,0.125,0.125,0.125,0.125,0.125,0.125
18,18.0,18.0,0.125,0.125,0.125,0.125,0.125,0.125,0.125,0.125
19,19.0,19.0,0.125,0.125,0.125,0.125,0.125,0.125,0.125,0.125
20,20.0,20.0,0.125,0.125,0.125,0.125,0.125,0.125,0.125,0.125
21,21.0,21.0,0.125,0.125,0.125,0.125,0.125,0.125,0.125,0.125
22,22.0,22.0,0.125,0.125,0.125,0.125,0.125,0.125,0.125,0.125
23,23.0,23.0,0.125,0.125,0.125,0.125,0.125,0.125,0.125,0.125
24,24.0,24.0,0.125,0.125,0.125,0.125,0.125,0.125,0.125,0.125
25,25.0,25.0,0.125,0.125,0.125,0.125,0.125,0.125,0.125,0.125
26,26.0,26.0,0.125,0.125,0.125,0.125,0.125,0.125,0.125,0.125
27,27.0,27.0,0.125,0.125,0.125,0.125,0.125,0.125,0.125,0.125
28,28.0,28.0,0.125,0.125,0.125,0.125,0.125,0.125,0.125,0.125
29,29.0,29.0,0.125,0.125,0.125,0.125,0.125,0.125,0.125,0.125
30,30.0,30.0,0.125,0.125,0.125,0.125,0.125,0.125,0.125,0.125
31,31.0,31.0,0.125,0.125,0.125,0.125,0.125,0.125,0.125,0.125
32,32.0,32.0,0.125,0.125,0.125,0.125,0.125,0.125,0.125,0.125
33,33.0,33.0,0.125,0.125,0.125,0.125,0.125,0.125,0.125,0.125
34,34.0,34.0,0.125,0.125,0.125,0.125,0.125,0.125,0.125,0.125
35,35.0,35.0,0.125,0.125,0.125,0.125,0.125,0.125,0.125,0.125
36,36.0,36.0,0.125,0.125,0.125,0.125,0.125,0.125,0.125,0.125
37,37.0,37.0,0.125,0.125,0.125,0.125,0.125,0.125,0.125,0.125
38,38.0,38.0,0.125,0.125,0.125,0.125,0.125,0.125,0.125,0.125
39,39.0,39.0,0.125,0.125,0.125,0.125,0.125,0.125,0.125,0.125
40,40.0,40.0,0.125,0.125,0.125,0.125,0.125,0.125,0.125,0.125
41,41.0,41.0,0.125,0.125,0.125,0.125,0.125,0.125,0.125,0.125
42,42.0,42.0,0.125,0.125,0.125,0.125,0.125,0.125,0.125,0.125
43,43.0,43.0,0.125,0.125,0.125,0.125,0.125,0.125,0.125,0.125
44,44.0,44.0,0.125,0.125,0.125,0.125,0.125,0.125,0.125,0.125
45,45.0,45.0,0.125,0.125,0.125,0.125,0.125,0.125,0.125,0.125
46,46.0,46.0,0.125,0.125,0.125,0.125,0.125,0.125,0.125,0.125
47,47.0,47.0,0.125,0.125,0.125,0.125,0.125,0.125,0.125,0.125
48,48.0,48.0,0.125,0.125,0.125,0.125,0.125,0.125,0.125,0.125
49,49.0,49.0,0.125,0.125,0.125,0.125,0.125,0.125,0.125,0.125
50,50.0,50.0,0.125,0.125,0.125,0.125,0.125,0.125,0.125,0.125
51,51.0,51.0,0.125,0.125,0.125,0.125,0.125,0.125,0.125,0.125
52,52.0,52.0,0.125,0.125,0.125,0.125,0.125,0.125,0.125,0.125
53,53.0,53.0,0.125,0.125,0.125,0.125,0.125,0.125,0.125,0.125
54,54.0,54.0,0.125,0.125,0.125,0.125,0.125,0.125,0.125,0.125
55,55.0,55.0,0.125,0.125,0.125,0.125,0.125,0.125,0.125,0.125
56,56.0,56.0,0.125,0.125,0.125,0.125,0.125,0.125,0.125,0.125
57,57.0,57.0,0.125,0.125,0.125,0.125,0.125,0.125,0.125,0.125
58,58.0,58.0,0.125,0.125,0.125,0.125,0.125,0.125,0.125,0.125
59,59.0,59.0,0.125,0.125,0.125,0.125,0.125,0.125,0.125,0.125
60,60.0,60.0,0.125,0.125,0.125,0.125,0.125,0.125,0.125,0.125
61,61.0,61.0,0.125,0.125,0.125,0.125,0.125,0.125,0.125,0.125
62,62.0,62.0,0.125,0.125,0.125,0.125,0.125,0.125,0.125,0.125
63,63.0,63.0,0.125,0.125,0.125,0.125,0.125,0.125,0.125,0.125
64,64.0,64.0,0.125,0.125,0.125,0.125,0.125,0.125,0.125,0.125
65,65.0,65.0,0.125,0.125,0.125,0.125,0.125,0.125,0.125,0.125
66,66.0,66.0,0.125,0.125,0.125,0.125,0.125,0.125,0.125,0.125
67,67.0,67.0,0.125,0.125,0.125,0.125,0.125,0.125,0.125,0.125
68,68.0,68.0,0.125,0.125,0.125,0.125,0.125,0.125,0.125,0.125
69,69.0,69.0,0.125,0.125,0.125,0.125,0.125,0.125,0.125,0.125
70,70.0,70.0,0.125,0.125,0.125,0.125,0.125,0.125,0.125,0.125
71,71.0,71.0,0.125,0.125,0.125,0.125,0.125,0.125,0.125,0.125
72,72.0,72.0,0.125,0.125,0.125,0.125,0.125,0.125,0.125,0.125
73,73.0,73.0,0.125,0.125,0.125,0.125,0.125,0.125,0.125,0.125
74,74.0,74.0,0.125,0.125,0.125,0.125,0.125,0.125,0.125,0.125
75,75.0,75.0,0.125,0.125,0.125,0.125,0.125,0.125,0.125,0.125
76,76.0,76.0,0.125,0.125,0.125,0.125,0.125,0.125,0.125,0.125
77,77.0,77.0,0.125,0.125,0.125,0.125,0.125,0.125,0.125,0.125
78,78.0,78.0,0.125,0.125,0.125,0.125,0.125,0.125,0.125,0.125
79,79.0,79.0,0.125,0.125,0.125,0.125,0.125,0.125,0.125,0.125
80,80.0,80.0,0.125,0.125,0.125,0.125,0.125,0.125,0.125,0.125
81,81.0,81.0,0.125,0.125,0.125,0.125,0.125,0.125,0.125,0.125
82,82.0,82.0,0.125,0.125,0.125,0.125,0.125,0.125,0.125,0.125
83,83.0,83.0,0.125,0.125,0.125,0.125,0.125,0.125,0.125,0.125
84,84.0,84.0,0.125,0.125,0.125,0.125,0.125,0.125,0.125,0.125
85,85.0,85.0,0.125,0.125,0.125,0.125,0.125,0.125,0.125,0.125
86,86.0,86.0,0.125,0.125,0.125,0.125,0.125,0.125,0.125,0.125
87,87.0,87.0,0.125,0.125,0.125,0.125,0.125,0.125,0.125,0.125
88,88.0,88.0,0.125,0.125,0.125,0.125,0.125,0.125,0.125,0.125
89,89.0,89.0,0.125,0.125,0.125,0.125,0.125,0.125,0.125,0.125
90,90.0,90.0,0.125,0.125,0.125,0.125,0.125,0.125,0.125,0.125
91,91.0,91.0,0.125,0.125,0.125,0.125,0.125,0.125,0.125,0.125
92,92.0,92.0,0.125,0.125,0.125,0.125,0.125,0.125,0.125,0.125
93,93.0,93.0,0.125,0.125,0.125,0.125,0.125,0.125,0.125,0.125
94,94.0,94.0,0.125,0.125,0.125,0.125,0.125,0.125,0.125,0.125
95,95.0,95.0,0.125,0.125,0.125,0.125,0.125,0.125,0.125,0.125
96,96.0,96.0,0.125,0.125,0.125,0.125,0.125,0.125,0.125,0.125
97,97.0,97.0,0.125,0.125,0.125,0.125,0.125,0.125,0.125,0.125
98,98.0,98.0,0.125,0.125,0.125,0.125,0.125,0.125,0.125,0.125
99,99.0,99.0,0.125,0.125,0.125,0.125,0.125,0.125,0.125,0.125
100,100.0,100.0,0.125,0.125,0.125,0.125,0.125,0.125,0.125,0.125
101,101.0,101.0,0.125,0.125,0.125,0.125,0.125,0.125,0.125,0.125
102,102.0,102.0,0.125,0.125,0.125,0.125,0.125,0.125,0.125,0.125
103,103.0,103.0,0.125,0.125,0.125,0.125,0.125,0.125,0.125,0.125
104,104.0,104.0,0.125,0.125,0.125,0.125,0.125,0.125,0.125,0.125
105,105.0,105.0,0.125,0.125,0.125,0.125,0.125,0.125,0.125,0.125
106,106.0,106.0,0.125,0.125,0.125,0.125,0.125,0.125,0.125,0.125
107,107.0,107.0,0.125,0.125,0.125,0.125,0.125,0.125,0.125,0.125
108,108.0,108.0,0.125,0.125,0.125,0.125,0.125,0.125,0.125,0.125
109,109.0,109.0,0.125,0.125,0.125,0.125,0.125,0.125,0.125,0.125
110,110.0,110.0,0.125,0.125,0.125,0.125,0.125,0.125,0.125,0.125
111,111.0,111.0,0.125,0.125,0.125,0.125,0.125,0.125,0.125,0.125
112,112.0,112.0,0.125,0.125,0.125,0.125,0.125,0.125,0.125,0.125
113,113.0,113.0,0.125,0.125,0.125,0.125,0.125,0.125,0.125,0.125
114,114.0,114.0,0.125,0.125,0.125,0.125,0.125,0.125,0.125,0.125
115,115.0,115.0,0.125,0.125,0.125,0.125,0.125,0.125,0.125,0.125
116,116.0,116.0,0.125,0.125,0.125,0.125,0.125,0.125,0.125,0.125
117,117.0,117.0,0.125,0.125,0.125,0.125,0.125,0.125,0.125,0.125
118,118.0,118.0,0.125,0.125,0.125,0.125,0.125,0.125,0.125,0.125
119,119.0,119.0,0.125,0.125,0.125,0.125,0.125,0.125,0.125,0.125
120,120.0,120.0,0.125,0.125,0.125,0.125,0.125,0.125,0.125,0.125
121,121.0,121.0,0.125,0.125,0.125,0.125,0.125,0.125,0.125,0.125
122,122.0,122.0,0.125,0.125,0.125,0.125,0.125,0.125,0.125,0.125
123,123.0,123.0,0.125,0.125,0.125,0.125,0.125,0.125,0.125,0.125
124,124.0,124.0,0.125,0.125,0.125,0.125,0.125,0.125,0.125,0.125
125,125.0,125.0,0.125,0.125,0.125,0.125,0.125,0.125,0.125,0.125
126,126.0,126.0,0.125,0.125,0.125,0.125,0.125,0.125,0.125,0.125
127,127.0,127.0,0.125,0.125,0.125,0.125,0.125,0.125,0.125,0.125
128,128.0,128.0,0.125,0.125,0.125,0.125,0.125,0.125,0.125,0.125
129,129.0,129.0,0.125,0.125,0.125,0.125,0.125,0.125,0.125,0.125
130,130.0,130.0,0.125,0.125,0.125,0.125,0.125,0.125,0.125,0.125
131,131.0,131.0,0.125,0.125,0.125,0.125,0.125,0.125,0.125,0.125
132,132.0,132.0,0.125,0.125,0.125,0.125,0.125,0.125,0.125,0.125
133,133.0,133.0,0.125,0.125,0.125,0.125,0.125,0.125,0.125,0.125
134,134.0,134.0,0.125,0.125,0.125,0.125,0.125,0.125,0.125,0.125
135,135.0,135.0,0.125,0.125,0.125,0.125,0.125,0.125,0.125,0.125
136,136.0,136.0,0.125,0.125,0.125,0.125,0.125,0.125,0.125,0.125
137,137.0,137.0,0.125,0.125,0.125,0.125,0.125,0.125,0.125,0.125
138,138.0,138.0,0.125,0.125,0.125,0.125,0.125,0.125,0.125,0.125
139,139.0,139.0,0.125,0.125,0.125,0.125,0.125,0.125,0.125,0.125
140,140.0,140.0,0.125,0.125,0.125,0.125,0.125,0.125,0.125,0.125
141,141.0,141.0,0.125,0.125,0.125,0.125,0.125,0.125,0.125,0.125
142,142.0,142.0,0.125,0.125,0.125,0.125,0.125,0.125,0.125,0.125
143,143.0,143.0,0.125,0.125,0.125,0.125,0.125,0.125,0.125,0.125
144,144.0,144.0,0.125,0.125,0.125,0.125,0.125,0.125,0.125,0.125
145,145.0,145.0,0.125,0.125,0.125,0.125,0.125,0.125,0.125,0.125
146,146.0,146.0,0.125,0.125,0.125,0.125,0.125,0.125,0.125,0.125
147,147.0,147.0,0.125,0.125,0.125,0.125,0.125,0.125,0.125,0.125
148,148.0,148.0,0.125,0.125,0.125,0.125,0.125,0.125,0.125,0.125
149,149.0,149.0,0.125,0.125,0.125,0.125,0.125,0.125,0.125,0.125
150,150.0,150.0,0.125,0.125,0.125,0.125,0.125,0.125,0.125,0.125
151,151.0,151.0,0.125,0.125,0.125,0.125,0.125,0.125,0.125,0.125
152,152.0,152.0,0.125,0.125,0.125,0.125,0.125,0.125,0.125,0.125
153,153.0,153.0,0.125,0.125,0.125,0.125,0.125,0.125,0.125,0.125
154,154.0,154.0,0.125,0.125,0.125,0.125,0.125,0.125,0.125,0.125
155,155.0,155.0,0.125,0.125,0.125,0.125,0.125,0.125,0.125,0.125
156,156.0,156.0,0.125,0.125,0.125,0.125,0.125,0.125,0.125,0.125
157,157.0,157.0,0.125,0.125,0.125,0.125,0.125,0.125,0.125,0.125
158,158.0,158.0,0.125,0.125,0.125,0.125,0.125,0.125,0.125,0.125
159,159.0,159.0,0.125,0.125,0.125,0.125,0.125,0.125,0.125,0.125
160,160.0,160.0,0.125,0.125,0.125,0.125,0.125,0.125,0.125,0.125
161,161.0,161.0,0.125,0.125,0.125,0.125,0.125,0.125,0.125,0.125
162,162.0,162.0,0.125,0.125,0.125,0.125,0.125,0.125,0.125,0.125
163,163.0,163.0,0.125,0.125,0.125,0.125,0.125,0.125,0.125,0.125
164,164.0,164.0,0.125,0.125,0.125,0.125,0.125,0.125,0.125,0.125
165,165.0,165.0,0.125,0.125,0.125,0.125,0.125,0.125,0.125,0.125
166,166.0,166.0,0.125,0.125,0.125,0.125,0.125,0.125,0.125,0.125
167,167.0,167.0,0.125,0.125,0.125,0.125,0.125,0.125,0.125,0.125
168,168.0,168.0,0.125,0.125,0.125,0.125,0.125,0.125,0.125,0.125
169,169.0,169.0,0.125,0.125,0.125,0.125,0.125,0.125,0.125,0.125
170,170.0,170.0,0.125,0.125,0.125,0.125,0.125,0.125,0.125,0.125
171,171.0,171.0,0.125,0.125,0.125,0.125,0.125,0.125,0.125,0.125
172,172.0,172.0,0.125,0.125,0.125,0.125,0.125,0.125,0.125,0.125
173,173.0,173.0,0.125,0.125,0.125,0.125,0.125,0.125,0.125,0.125
174,174.0,174.0,0.125,0.125,0.125,0.125,0.125,0.125,0.125,0.125
175,175.0,175.0,0.125,0.125,0.125,0.125,0.125,0.125,0.125,0.125
176,176.0,176.0,0.125,0.125,0.125,0.125,0.125,0.125,0.125,0.125
177,177.0,177.0,0.125,0.125,0.125,0.125,0.125,0.125,0.125,0.125
178,178.0,178.0,0.125,0.125,0.125,0.125,0.125,0.125,0.125,0.125
179,179.0,179.0,0.125,0.125,0.125,0.125,0.125,0.125,0.125,0.125
180,180.0,180.0,0.125,0.125,0.125,0.125,0.125,0.125,0.125,0.125
181,181.0,181.0,0.125,0.125,0.125,0.125,0.125,0.125,0.125,0.125
182,182.0,182.0,0.125,0.125,0.125,0.125,0.125,0.125,0.125,0.125
183,183.0,183.0,0.125,0.125,0.125,0.125,0.125,0.125,0.125,0.125
184,184.0,184.0,0.125,0.125,0.125,0.125,0.125,0.125,0.125,0.125
185,185.0,185.0,0.125,0.125,0.125,0.125,0.125,0.125,0.125,0.125
186,186.0,186.0,0.125,0.125,0.125,0.125,0.125,0.125,0.125,0.125
187,187.0,187.0,0.125,0.125,0.125,0.125,0.125,0.125,0.125,0.125
188,188.0,188.0,0.125,0.125,0.125,0.125,0.125,0.125,0.125,0.125
189,189.0,189.0,0.125,0.125,0.125,0.125,0.125,0.125,0.125,0.125
190,190.0,190.0,0.125,0.125,0.125,0.125,0.125,0.125,0.125,0.125
191,191.0,191.0,0.125,0.125,0.125,0.125,0.125,0.125,0.125,0.125
192,192.0,192.0,0.125,0.125,0.125,0.125,0.125,0.125,0.125,0.125
193,193.0,193.0,0.125,0.125,0.125,0.125,0.125,0.125,0.125,0.125
194,194.0,194.0,0.125,0.125,0.125,0.125,0.125,0.125,0.125,0.125
195,195.0,195.0,0.125,0.125,0.125,0.125,0.125,0.125,0.125,0.125
196,196.0,196.0,0.125,0.125,0.125,0.125,0.125,0.125,0.125,0.125
197,197.0,197.0,0.125,0.125,0.125,0.125,0.125,0.125,0.125,0.125
198,198.0,198.0,0.125,0.125,0.125,0.125,0.125,0.125,0.125,0.125
199,199.0,199.0,0.125,0.125,0.125,0.125,0.125,0.125,0.125,0.125
200,200.0,200.0,0.12083333333333335,0.13194444444444445,0.12083333333333335,0.12083333333333335,0.12083333333333335,0.13194444444444445,0.13194444444444448,0.12083333333333335
201,201.0,201.0,0.12861111111111112,0.12972222222222224,0.11861111111111108,0.11861111111111108,0.11861111111111108,0.12861111111111112,0.1286111111111111,0.1286111111111111
202,202.0,202.0,0.12588383838383838,0.1279040404040404,0.11679292929292928,0.11679292929292928,0.11679292929292928,0.14406565656565656,0.12588383838383838,0.12588383838383838
203,203.0,203.0,0.12588383838383838,0.1279040404040404,0.11679292929292928,0.11679292929292928,0.11679292929292928,0.14406565656565656,0.12588383838383838,0.12588383838383838
204,204.0,204.0,0.12449494949494948,0.12651515151515152,0.12651515151515152,0.1154040404040404,0.1154040404040404,0.14267676767676768,0.1244949494949495,0.1244949494949495
205,205.0,205.0,0.12449494949494948,0.12651515151515152,0.12651515151515152,0.1154040404040404,0.1154040404040404,0.14267676767676768,0.1244949494949495,0.1244949494949495
206,206.0,206.0,0.12373737373737373,0.12575757575757576,0.12575757575757573,0.11464646464646464,0.11464646464646464,0.14949494949494951,0.12297979797979797,0.12297979797979797
207,207.0,207.0,0.12373737373737373,0.12575757575757576,0.11464646464646464,0.12575757575757573,0.11464646464646464,0.14949494949494951,0.12297979797979797,0.12297979797979797
208,208.0,208.0,0.12234848484848485,0.12436868686868685,0.11325757575757575,0.12436868686868685,0.11325757575757575,0.14810606060606063,0.1327020202020202,0.12159090909090908
209,209.0,209.0,0.12123737373737371,0.12325757575757575,0.11214646464646463,0.13325757575757574,0.11214646464646463,0.15532828282828284,0.13047979797979797,0.11214646464646463
210,210.0,210.0,0.12737956487956487,0.1217074592074592,0.11059634809634808,0.1307983682983683,0.11059634809634808,0.15185508935508935,0.13647047397047396,0.11059634809634808
211,211.0,211.0,0.12737956487956487,0.1217074592074592,0.11059634809634808,0.1307983682983683,0.11059634809634808,0.15185508935508935,0.13647047397047396,0.11059634809634808
212,212.0,212.0,0.12737956487956487,0.1217074592074592,0.11059634809634808,0.1307983682983683,0.11059634809634808,0.15185508935508935,0.13647047397047396,0.11059634809634808
213,213.0,213.0,0.12866161616161614,0.12234848484848485,0.11123737373737375,0.13143939393939394,0.11123737373737375,0.15441919191919193,0.1294191919191919,0.11123737373737375
214,214.0,214.0,0.12737956487956487,0.1217074592074592,0.11059634809634808,0.1307983682983683,0.11059634809634808,0.15954739704739707,0.12877816627816627,0.11059634809634808
215,215.0,215.0,0.11718975468975468,0.12115800865800866,0.11718975468975468,0.13024891774891775,0.11004689754689753,0.16589105339105337,0.12822871572871572,0.11004689754689753
216,216.0,216.0,0.12615440115440119,0.11901154401154401,0.11504329004329006,0.1281024531024531,0.1079004329004329,0.1698051948051948,0.12608225108225107,0.1079004329004329
217,217.0,217.0,0.1255133755133755,0.11837051837051837,0.11440226440226442,0.12746142746142747,0.10725940725940726,0.17429237429237426,0.12544122544122543,0.10725940725940726
218,218.0,218.0,0.12198412698412697,0.11595238095238095,0.12198412698412697,0.12428571428571429,0.10484126984126982,0.17626984126984127,0.1298412698412698,0.10484126984126982
219,219.0,219.0,0.1195249195249195,0.11440226440226438,0.1286158286158286,0.1297868797868798,0.10329115329115328,0.1747197247197247,0.12636807636807637,0.10329115329115328
220,220.0,220.0,0.11904872904872903,0.1139260739260739,0.12813963813963813,0.12931068931068931,0.1028149628149628,0.1713863913863914,0.12589188589188588,0.10948162948162947
221,221.0,221.0,0.11711691086691085,0.11275183150183148,0.14003357753357754,0.1281364468864469,0.10164072039072039,0.16771214896214898,0.12471764346764347,0.10789072039072038
222,222.0,222.0,0.11546721252603605,0.11174315880198234,0.13673418085182792,0.1271277741865977,0.10063204769087122,0.17037994685053506,0.1237089707677943,0.11420670832435538
223,223.0,223.0,0.10808913308913307,0.10094627594627592,0.1434065934065934,0.12744200244200243,0.10094627594627592,0.1703907203907204,0.13513431013431013,0.11364468864468864
224,224.0,224.0,0.1068443544759334,0.10017768780926675,0.14710751237067027,0.11556230319388212,0.11128879892037787,0.16728295096716148,0.13436572199730093,0.11737067026540708
225,225.0,225.0,0.11351102114260007,0.09726102114260007,0.15321862348178136,0.11264563652721546,0.10726102114260008,0.16436628430049482,0.13144905533063428,0.12028733693207376
226,226.0,226.0,0.11239991003148897,0.09614991003148896,0.16210751237067028,0.11153452541610434,0.10614991003148895,0.1632551731893837,0.11922683310841205,0.12917622582096266
227,227.0,227.0,0.11370858501663454,0.11194387913428158,0.1549521350682341,0.10823758542798789,0.1019438791342816,0.17431230018691318,0.11592989312029559,0.11897174291137136
228,228.0,228.0,0.11079836829836828,0.12620240870240867,0.15468725718725715,0.10598096348096346,0.09968725718725716,0.1739296814296814,0.11367327117327115,0.11504079254079251
229,229.0,229.0,0.1176165501165501,0.12404623154623151,0.15328865578865575,0.11483877233877231,0.09817210567210564,0.17253108003108,0.09817210567210564,0.1213344988344988
230,230.0,230.0,0.11182289932289931,0.12380813630813625,0.1631299256299256,0.11460067710067708,0.09793401043401041,0.16991203241203237,0.09793401043401041,0.12085830835830833
231,231.0,231.0,0.11102165378481166,0.12329928843086732,0.16995000613421662,0.11409182922340814,0.10511747024904916,0.16723868237026127,0.09742516255674147,0.11185590725064405
232,232.0,232.0,0.11029770953683996,0.12283850207763247,0.17613889733454946,0.1136310428701733,0.10465668389581431,0.16480161143204616,0.09696437620350662,0.11067117664943751
233,233.0,233.0,0.09297369297369294,0.12166167166167163,0.17685647685647682,0.11321178821178819,0.1133283383283383,0.1667374292374292,0.09654512154512152,0.11868548118548114
234,234.0,234.0,0.0909340659340659,0.12527472527472522,0.18186813186813183,0.10924908424908422,0.10989010989010986,0.1730311355311355,0.09386446886446882,0.11588827838827835
235,235.0,235.0,0.08978504828504826,0.12379270729270724,0.18264985014985008,0.10666816516816516,0.11555094905094902,0.17426523476523473,0.0929319014319014,0.11435614385614382
236,236.0,236.0,0.08875975473801556,0.12248885172798211,0.17903288740245257,0.10441192865105905,0.12043756967670008,0.17593924191750274,0.09210423634336676,0.1168255295429208
237,237.0,237.0,0.09530626780626779,0.12088319088319084,0.17198005698005694,0.10344729344729342,0.11883190883190879,0.1838390313390313,0.09113960113960111,0.11457264957264954
238,238.0,238.0,0.09336843711843709,0.11852869352869348,0.16951312576312572,0.10025946275946274,0.13300518925518923,0.18375305250305246,0.08920177045177043,0.1123702686202686
239,239.0,239.0,0.09213417329796639,0.11729442970822276,0.16778625110521658,0.099025198938992,0.14065981432360739,0.18079465075154727,0.08796750663129971,0.11433797524314762
240,240.0,240.0,0.08814866605158955,0.11747558912851264,0.16579349748202818,0.09920635835928186,0.14084097374389723,0.18115696959212696,0.08814866605158955,0.11922927959097371
241,241.0,241.0,0.08803372352285392,0.117360646599777,0.16521878483835,0.09284141583054624,0.14697603121516162,0.18276616499442583,0.08803372352285392,0.11876950947603118
242,242.0,242.0,0.0873773901620201,0.11633666618011965,0.16630625699411275,0.09733214129324183,0.14448146256021016,0.1835415754391086,0.0873773901620201,0.11724711720916652
243,243.0,243.0,0.09115608003108,0.12348086635586633,0.16304069541569538,0.09548941336441334,0.15545444832944827,0.17697338772338772,0.08651505439005437,0.10789005439005436
244,244.0,244.0,0.09021953485111378,0.12774642900958688,0.16117591180749072,0.09367567520199097,0.15802667507930662,0.177457297088876,0.08502905866063758,0.10666941830099723
245,245.0,245.0,0.0890651402261309,0.12674588053845015,0.17015219043082813,0.09267512673085423,0.15475339933544263,0.17763980085961506,0.08402851018950086,0.10493995168917766
246,246.0,246.0,0.08779202279202276,0.1253520553520553,0.17758852258852253,0.09075498575498572,0.15485754985754982,0.1747700447700447,0.08575498575498572,0.1031298331298331
247,247.0,247.0,0.08744810744810742,0.1251404151404151,0.17877899877899872,0.0905433455433455,0.1546459096459096,0.17569597069597068,0.08546398046398043,0.10228327228327225
248,248.0,248.0,0.08737303237303236,0.12506534006534004,0.17840362340362334,0.09046827046827044,0.15457083457083454,0.1768220968220968,0.08531383031383029,0.10198297198297195
249,249.0,249.0,0.08712672695431314,0.12494218735598042,0.17643318005386965,0.09034511775891083,0.15444768186147492,0.1765757914033776,0.08519067760447067,0.1049386370076025
250,250.0,250.0,0.08744629244629241,0.11988218988218984,0.17902633402633397,0.09077962577962576,0.15488218988218985,0.17959805959805955,0.08617463617463614,0.10221067221067218
251,251.0,251.0,0.08661066437806673,0.12464859419019007,0.17896966361312708,0.09005152459312049,0.1541540886956846,0.17982928785984809,0.08482596068334605,0.10091021598661665
252,252.0,252.0,0.09186789088104876,0.125006627144785,0.18277002602660491,0.08567271544245225,0.15109106901870056,0.17827139965297856,0.08485335935993826,0.10046691247349138
253,253.0,253.0,0.09161439437755226,0.12484782761098545,0.18058616821774712,0.08551391590865272,0.15093226948490104,0.17904354417512308,0.0876607602923392,0.09980111993269884
254,254.0,254.0,0.09137516564836656,0.12469772544151456,0.1785269099246294,0.08536381373918181,0.15078216731543012,0.17734090081179105,0.08736055595339741,0.10455276116568872
255,255.0,255.0,0.0906227106227106,0.12402930402930398,0.18417582417582412,0.0844322344322344,0.1485347985347985,0.17783882783882782,0.08681318681318678,0.10355311355311352
256,256.0,256.0,0.09326575233551974,0.11675171082147824,0.19344677286537745,0.08524987931964673,0.13982863389840133,0.17166127154499247,0.09075006388959875,0.10904591532498506
257,257.0,257.0,0.09268270175246918,0.11624373531350274,0.19421507363367824,0.084525453595221,0.14256741163717906,0.1712946711783921,0.0903083884479233,0.10816256444163416
258,258.0,258.0,0.09248760011917904,0.1161197574355469,0.19503592898329733,0.08440147571726517,0.14244343375922325,0.17199808962966856,0.08998930893667732,0.10752440541914224
259,259.0,259.0,0.092437095068674,0.11606925238504187,0.19473289868026705,0.0843509706667601,0.14239292870871817,0.17280617043774937,0.08988829883566722,0.10732238521712203
260,260.0,260.0,0.09502036483729845,0.11602094320629788,0.19444304360780326,0.08430266148801616,0.1423446195299742,0.17094753835028434,0.0897916804781793,0.1071291485021462
261,261.0,261.0,0.09477168221849071,0.11590721335402185,0.19268104236189337,0.08418893163574012,0.1422308896776982,0.17418422003528383,0.08949674439036139,0.10653927632651035
262,262.0,262.0,0.09453504828504826,0.11579878454878453,0.19350482850482845,0.0840805028305028,0.1421224608724609,0.17476523476523473,0.08921578421578419,0.10597735597735596
263,263.0,263.0,0.09589113267684694,0.1171548689405832,0.17926371247799816,0.08543658722230149,0.14767434946006375,0.17480329194614908,0.09052935160078016,0.1092467056752771
264,264.0,264.0,0.09585031635031634,0.11711405261405261,0.17901881451881446,0.08539577089577087,0.14763353313353314,0.17549716949716948,0.09044771894771893,0.10904262404262403
265,265.0,265.0,0.09562817383477354,0.11701386131802201,0.1773810813767772,0.08529557959974027,0.1475333418375025,0.17848090933456787,0.09018636074590161,0.10848069195271488
266,266.0,266.0,0.09541625041625039,0.11691808191808191,0.1801232101232101,0.08519980019980017,0.14743756243756242,0.17702464202464202,0.08993672993672991,0.10794372294372293
267,267.0,267.0,0.09521385298919302,0.11682642646223163,0.18086589657234672,0.08510814474394988,0.14734590698171215,0.1775116495322726,0.0896980480394258,0.10743007467886798
268,268.0,268.0,0.0951789123882147,0.11679148586125328,0.1806213123654984,0.08507320414297156,0.1473109663807338,0.17814058034988267,0.08962816683746913,0.1072553716739763
269,269.0,269.0,0.09498667998667995,0.11670496170496167,0.1813369963369963,0.08498667998667996,0.14722444222444223,0.17858807858807857,0.08940226440226437,0.10676989676989675
270,270.0,270.0,0.0943228993228993,0.12725330225330225,0.18110250860250857,0.0844239094239094,0.12938894438894438,0.18675546675546673,0.08870601620601617,0.10804695304695303
271,271.0,271.0,0.09442802874725069,0.11555028813037967,0.19015861395152006,0.09295899053908205,0.12868160126169279,0.18875198473024557,0.08163696016670842,0.10783353247312055
272,272.0,272.0,0.09361799466531673,0.11355070970441475,0.18955964777864992,0.09160043775414278,0.12796407411777916,0.1944688276181306,0.08079667805089664,0.10844163031066918
273,273.0,273.0,0.09234468215400418,0.11125493856426058,0.18701794674252298,0.09041577772509972,0.13677941408873612,0.1937648650784244,0.0794941428627869,0.10892823278416497
274,274.0,274.0,0.09218888254602538,0.11118417296988722,0.18564399885828453,0.09034501213072638,0.13670864849436276,0.19415976880262592,0.07931009466723749,0.11045942153085009
275,275.0,275.0,0.09203911116206195,0.11111603423898504,0.18432337880698532,0.09027687339982418,0.1366405097634606,0.19454295158393517,0.07913300087890249,0.11192814016584507
276,276.0,276.0,0.09110357921648242,0.11836232047522369,0.18320275960598537,0.08934134145424466,0.13479588690879013,0.19416268140461684,0.07817102789683432,0.11086040303782238
277,277.0,277.0,0.0898074978445822,0.11562951896072098,0.18274707460768835,0.08792606299639544,0.14411842136266687,0.19356264721354233,0.07704697334492727,0.10916180366947628
278,278.0,278.0,0.08942037741670092,0.11524239853283968,0.18374884306869596,0.0873577831482243,0.14228202557246675,0.1923150195392842,0.08098287741670092,0.10865067530508705
279,279.0,279.0,0.09611428767311117,0.11296194981489097,0.18451892225421634,0.08619271904566018,0.14266824352118465,0.19201213492389962,0.07996044151926501,0.10557130124777181
280,280.0,280.0,0.10202181152181149,0.11125258075258074,0.18458924408924404,0.08558225108225105,0.14095887445887442,0.19180136530136527,0.07925124875124871,0.104542624042624
281,281.0,281.0,0.09657062589152139,0.11646806178895727,0.18390952579758546,0.0850834464043419,0.1435076888285843,0.19180007306126706,0.07872982987162089,0.10393074835612146
282,282.0,282.0,0.09639483065953651,0.11613842040312625,0.1834042917866447,0.0845999588646647,0.1454857397504456,0.192107157548334,0.07837823940765112,0.10349136157959685
283,283.0,283.0,0.09487221423337089,0.11412925610833728,0.18287165023321703,0.0836983444274256,0.14602999425907545,0.1904011978283922,0.08377519329939342,0.1042221496107878
284,284.0,284.0,0.09351147218794273,0.11822082601494363,0.18283604739487086,0.08287822743705095,0.14659098526745584,0.19021699977582326,0.08262911924676627,0.10311632267514619
285,285.0,285.0,0.09796550476127938,0.11653304832882294,0.18126427172201814,0.08249763929341389,0.14555680235257695,0.19201636000931774,0.08183427292582218,0.10233210060674847
286,286.0,286.0,0.09784854034854032,0.11648101898101895,0.1832367632367632,0.0747533022533022,0.15319708069708066,0.1908954933954934,0.08169774669774667,0.10189005439005434
287,287.0,287.0,0.09718607896149352,0.1219251702795322,0.18268045721001738,0.0741534975078594,0.15204782540218728,0.1900775458219582,0.0810162594355096,0.1009131653814422
288,288.0,288.0,0.09695367048815322,0.12163010516458791,0.18123233838751077,0.0737352796835555,0.15015177506556815,0.1919530591082315,0.08064218659046242,0.10370158551193029
289,289.0,289.0,0.09566913731614272,0.11805853255490276,0.18785291281207792,0.0730980544365299,0.15088377748541087,0.19154571891867714,0.07982750621135373,0.1030643602649047
290,290.0,290.0,0.09461650573719535,0.12147958518648169,0.1875897549173411,0.07283489654179306,0.15009430380120034,0.1912825610239403,0.07930119042188004,0.10280120237016788
291,291.0,291.0,0.08572761684830647,0.12259069629759281,0.1898119771395633,0.07394600765290418,0.15120541491231146,0.1923936721350514,0.08041230153299114,0.10391231348127898
292,292.0,292.0,0.08636781149939043,0.12426929597982225,0.18652059217848688,0.07452570623623253,0.15233456404509033,0.1936740614372193,0.08105249618407509,0.10125547243968294
293,293.0,293.0,0.0768033831872307,0.1313443111038392,0.18747945485241307,0.07475861609709156,0.15309378969542306,0.19375573112868932,0.08148806787191538,0.1012766460633974
294,294.0,294.0,0.07708047225843832,0.13010089816022016,0.1783972910328842,0.07535730841663042,0.14907525713457914,0.19554983340576557,0.0928582500362161,0.10158068955526581
295,295.0,295.0,0.07598201405370186,0.12492984782912187,0.17452452417515935,0.07454523244450648,0.14630915817394946,0.1947876820698962,0.09843838708176275,0.11048315417190188
296,296.0,296.0,0.0739323395902343,0.12976317542107013,0.17216349440033646,0.07250376816166286,0.14638655204444675,0.19956950943793045,0.09481522863101807,0.11086593231330073
297,297.0,297.0,0.0733486222323234,0.12848821382352787,0.1711035865662351,0.0717049970403111,0.14704707431787226,0.1980334111276386,0.10031446058186293,0.10995963431022852
298,298.0,298.0,0.07326665501920863,0.12846089141915631,0.17173200186678156,0.07167767463593952,0.14701975191350067,0.2069603857923182,0.10023249336874818,0.10065014598434674
299,299.0,299.0,0.07184534056775141,0.12579375774197504,0.17030551367138802,0.07052569247390976,0.14288075676445794,0.21385801662966344,0.1054778455839576,0.09931307656689659
300,300.0,300.0,0.07184534056775141,0.12579375774197504,0.17030551367138802,0.07052569247390976,0.14288075676445794,0.21385801662966344,0.1054778455839576,0.09931307656689659
301,301.0,301.0,0.07029338508616205,0.12263936484273086,0.17089861937968526,0.07750469878415178,0.144886113535833,0.21303791556736856,0.10269343396201738,0.09804646884205087
302,302.0,302.0,0.06984893311182393,0.12187846908657893,0.1707265613091452,0.07711145008682338,0.1444928648385046,0.21732167208072659,0.10114604081120866,0.09747400867518842
303,303.0,303.0,0.06944773096429825,0.12276257272803552,0.16072276812520497,0.08509318444723421,0.14414126586558212,0.21556367721611408,0.1053200020623758,0.0969487985911548
304,304.0,304.0,0.06901329673910314,0.12126522044263979,0.16109449332029974,0.08488798656540589,0.14701577812868133,0.2152623254881319,0.1048855678371807,0.09657533147855725
305,305.0,305.0,0.06861003333583975,0.11988526706268639,0.1614639571897636,0.08469800987542922,0.149659134772038,0.21497910870491516,0.1044823044339173,0.0962221846254104
306,306.0,306.0,0.06861003333583975,0.11988526706268639,0.1614639571897636,0.08469800987542922,0.149659134772038,0.21497910870491516,0.1044823044339173,0.0962221846254104
307,307.0,307.0,0.06837745839903946,0.12257576904896303,0.163619970190847,0.08461928109247507,0.14834963675831458,0.2116139949454352,0.10432484686800902,0.09651904269691636
308,308.0,308.0,0.07170885739735038,0.12122892754813792,0.16374334308855248,0.08999021048852533,0.14702540945920817,0.21184751917780323,0.0983774247917242,0.09607830804869799
309,309.0,309.0,0.07402396254388662,0.12634375955059066,0.16689367453124565,0.0870582085003337,0.14859076196837104,0.2068075188568547,0.09173389597962649,0.0985482180690909
310,310.0,310.0,0.07247945468577086,0.1274067714620019,0.1661496067892063,0.08469152069577661,0.1577388524889371,0.20407780178261867,0.09031254083087034,0.09714345126481796
311,311.0,311.0,0.07046796043289728,0.13205149455500081,0.164367997593804,0.0910917296821925,0.15412861215455884,0.20078104107206488,0.08841598910673241,0.098695175402749
312,312.0,312.0,0.07079475781851821,0.13270508932624264,0.17229283419511118,0.09174532445343432,0.15768121599179266,0.20102613911128056,0.07795847276686313,0.09579616633675701
313,313.0,313.0,0.07063183956566307,0.12402792877057578,0.17266821821968875,0.0914222011648482,0.15907180238062588,0.20915514632426394,0.0776947480623951,0.09532811551193901
314,314.0,314.0,0.0699304517515992,0.12270563603983234,0.17387885812751175,0.09076105479947648,0.15841065601525417,0.2127938589418498,0.07699336024833123,0.09452612407614477
315,315.0,315.0,0.06954496891996889,0.12201291763791758,0.1789039432789432,0.09008789821289818,0.1580642968142968,0.21106206293706292,0.07628108003108,0.09404283216783213
316,316.0,316.0,0.06925257125915019,0.12142812231628017,0.17773435263566836,0.08950310289126075,0.15777189915347808,0.21486323252770617,0.07569628470944258,0.09375043450701342
317,317.0,317.0,0.06898941336441335,0.12090180652680646,0.17529283216783212,0.08897678710178707,0.15750874125874123,0.21328428515928516,0.08016996891996889,0.0948761655011655
318,318.0,318.0,0.06897201827852512,0.1209034373161085,0.1763446912676364,0.08899744376627935,0.15444408046291608,0.2106494732436513,0.08162082780233462,0.0980680278625484
319,319.0,319.0,0.06891648329148328,0.11586641399141395,0.1767889711639711,0.08897893210393207,0.1544255688005688,0.2155569149319149,0.0815652928152928,0.09790142290142288
320,320.0,320.0,0.06886242923742922,0.1158303779553779,0.17722140359640354,0.08896091408591406,0.15440755078255078,0.21546682484182483,0.08151123876123875,0.09773926073926073
321,321.0,321.0,0.06880979765848186,0.11579529023607966,0.1776424562279825,0.08894337022626495,0.15439000692290167,0.2153791055435792,0.08145860718229138,0.09758136600241861
322,322.0,322.0,0.07020839905708325,0.10950158394237337,0.1790410576265839,0.09034197162486633,0.15578860832150304,0.2132812034456771,0.08285720858089277,0.09897996740102001
323,323.0,323.0,0.07020839905708325,0.10950158394237337,0.1803568471002681,0.09034197162486633,0.15578860832150304,0.2132812034456771,0.08285720858089277,0.09766417792733581
324,324.0,324.0,0.07015713453213451,0.10946740759240754,0.17945117382617376,0.09032488344988342,0.15577152014652013,0.21449446386946383,0.08280594405594402,0.09752747252747253
325,325.0,325.0,0.06943618881118879,0.10876311188811186,0.18690705128205123,0.08963723776223774,0.15517045454545456,0.21718677156177155,0.07725815850815848,0.09564102564102563
326,326.0,326.0,0.06850838244034445,0.10785153401450867,0.18419921059952699,0.09326569790968522,0.16196741286140018,0.2122176057065297,0.07609225689921889,0.0958978995687856
327,327.0,327.0,0.06788884933474484,0.10724782369371919,0.1839260397562636,0.09267781037370587,0.1608074605742516,0.21568154792968222,0.07667749539018193,0.09509297294745053
328,328.0,328.0,0.06929119219560395,0.1071950104180496,0.1839541399958066,0.09264042919680171,0.1607481303192087,0.21477683944595705,0.07654991976070405,0.09484433866786804
329,329.0,329.0,0.07126876846985541,0.10919389956527634,0.18561202317542894,0.07645750016221027,0.1536347975025511,0.2160084651660738,0.08961729427309134,0.09820725168551252
330,330.0,330.0,0.07126876846985541,0.10919389956527634,0.18561202317542894,0.07645750016221027,0.1536347975025511,0.2160084651660738,0.08961729427309134,0.09820725168551252
331,331.0,331.0,0.07061451531560226,0.10977421431225776,0.18826023915697823,0.07702238281042625,0.15474913070021765,0.21170545336306207,0.09022847321760362,0.09764559112385196
332,332.0,332.0,0.06892308945750972,0.11522564559702238,0.18573547996555237,0.07534638905109917,0.15252368639144,0.20898906481334012,0.08739507205086912,0.10586157267316683
333,333.0,333.0,0.06845941331504457,0.11426446610539147,0.1926646676494237,0.07487645574177135,0.1501282872436029,0.20729129878968466,0.086922597369154,0.10539281378592709
334,334.0,334.0,0.06468002747901752,0.11673508026936444,0.19099383798931988,0.07444509615709116,0.14928026099225603,0.2125599343073652,0.08644715903043328,0.10485860377515228
335,335.0,335.0,0.06556791489204726,0.12059181651224868,0.1901510169899524,0.0739699222165472,0.15080303139073797,0.20877593683740944,0.0858644582081689,0.10427590295288791
336,336.0,336.0,0.06530236336989563,0.11936082621991857,0.1899323477829702,0.07384780289195904,0.1528986540016337,0.2079078669586866,0.08680372596312569,0.10394641281181045
337,337.0,337.0,0.06850308667604063,0.11695257516708923,0.18595140987883954,0.07715756625443324,0.1475691399748305,0.2034249210224274,0.08996142000937395,0.1104798810169654
338,338.0,338.0,0.06739197556492951,0.11584146405597813,0.18484029876772842,0.08604645514332213,0.1464580288637194,0.20231380991131628,0.08885030889826284,0.10825765879474318
339,339.0,339.0,0.06766424751718866,0.1164877769289534,0.18690285204991083,0.0866927680162974,0.14971797810033102,0.20034823020117135,0.0863006111535523,0.10588553603259483
340,340.0,340.0,0.06827709574203261,0.12516349125395407,0.18940828339495938,0.08713318822365104,0.14954486257080926,0.1842219479912327,0.08680593249667581,0.10944519832668498
341,341.0,341.0,0.0739475108225108,0.1262987012987013,0.18806006493506494,0.08639339826839823,0.15153679653679655,0.1821672077922078,0.08612554112554112,0.10547077922077921
342,342.0,342.0,0.07388714864947257,0.1262785805743552,0.18906610115236872,0.08637327754405218,0.15149655508810436,0.1814831031644412,0.08606517895250287,0.10535005487470275
343,343.0,343.0,0.078797268907563,0.12657096171802054,0.18921977124183004,0.08589694211017737,0.14956349206349204,0.17962593370681607,0.08554971988795516,0.10477591036414564
344,344.0,344.0,0.07766510215543251,0.13042151397711427,0.18805291024670556,0.0852670279402753,0.15038699705702124,0.18927382783748614,0.08497645093736952,0.09395616984859527
345,345.0,345.0,0.07770359079182605,0.13022964625905803,0.19028150484032832,0.08507271169035871,0.14892639730875024,0.18798734254616606,0.08391848700672226,0.09588031955679008
346,346.0,346.0,0.07767113379734374,0.13575274482013128,0.19361216524470432,0.08505648319311755,0.14596899234092087,0.1823181875099224,0.08385357301775764,0.09576672007610201
347,347.0,347.0,0.07576917072273107,0.1327214879227263,0.19767715013071047,0.08267798008897077,0.1549787638448629,0.17972041726298688,0.08242072608171676,0.09403430394529462
348,348.0,348.0,0.07911189200404883,0.13003664028173828,0.19642110597992946,0.08064614334222173,0.15427107079067862,0.18582489352097192,0.08117953387561228,0.09250872020479861
349,349.0,349.0,0.07815951105166788,0.12995942020451823,0.19570682026564373,0.08040804810412648,0.15379488031448812,0.18399735169343007,0.08094143863751704,0.09703252972860812
350,350.0,350.0,0.07815951105166788,0.12995942020451823,0.19570682026564373,0.08040804810412648,0.15379488031448812,0.18399735169343007,0.08094143863751704,0.09703252972860812
351,351.0,351.0,0.07729371018586702,0.12866071890581693,0.19960292416174766,0.08019159788767627,0.15336197988158767,0.18356445126052967,0.08072498842106682,0.09659962929570769
352,352.0,352.0,0.07721863511079194,0.13106312130821932,0.1995278490866726,0.07996637266245105,0.15193555345516127,0.1834893761854546,0.08057483827091667,0.09622425392033232
353,353.0,353.0,0.07718852369856671,0.1310330098959941,0.1953437314879208,0.08449677150179298,0.15192049774904864,0.18338398624266627,0.08051461544646621,0.09611886397754399
354,354.0,354.0,0.07819912521831651,0.13175911639440674,0.19673634887602207,0.08537981842888773,0.15429714353816332,0.19543223428345957,0.07142470737485469,0.08677150588588907
355,355.0,355.0,0.07365367067286197,0.13630457093986129,0.2050696822093554,0.08537981842888773,0.14596381020483,0.19543223428345957,0.07142470737485469,0.08677150588588907
356,356.0,356.0,0.07190153392072521,0.1445524341877245,0.202676519816193,0.0803550770883569,0.14684325240006166,0.19897924283046814,0.06967257062271794,0.08501936913375233
