,Unnamed: 0,Total_iterations,Intertwine_two,Add_vertex,Delete_vertex,Invert_path_vertices,Insert_inside_vertex,Delete_inside_vertex,Replace_inside_vertex,Donate_between_routes
0,0.0,0.0,0.125,0.125,0.125,0.125,0.125,0.125,0.125,0.125
1,1.0,0.10900000000000001,0.125,0.125,0.125,0.125,0.125,0.125,0.125,0.125
2,2.0,0.31601,0.125,0.125,0.125,0.125,0.125,0.125,0.125,0.125
3,3.0,0.6191589000000001,0.125,0.125,0.125,0.125,0.125,0.125,0.125,0.125
4,4.0,1.015801321,0.125,0.125,0.125,0.125,0.125,0.125,0.125,0.125
5,5.0,1.50262148669,0.125,0.125,0.125,0.125,0.125,0.125,0.125,0.125
6,6.0,2.0757334209441005,0.125,0.125,0.125,0.125,0.125,0.125,0.125,0.125
7,7.0,2.7307768275633495,0.125,0.125,0.125,0.125,0.125,0.125,0.125,0.125
8,8.0,3.4630081252450404,0.125,0.125,0.125,0.125,0.125,0.125,0.125,0.125
9,9.0,4.2673862119061114,0.125,0.125,0.125,0.125,0.125,0.125,0.125,0.125
10,10.0,5.138652627782014,0.125,0.125,0.125,0.125,0.125,0.125,0.125,0.125
11,11.0,6.071405875792507,0.125,0.125,0.125,0.125,0.125,0.125,0.125,0.125
12,12.0,7.060169740244025,0.125,0.125,0.125,0.125,0.125,0.125,0.125,0.125
13,13.0,8.099455520847952,0.125,0.125,0.125,0.125,0.125,0.125,0.125,0.125
14,14.0,9.183818168183006,0.125,0.125,0.125,0.125,0.125,0.125,0.125,0.125
15,15.0,10.307906369102724,0.125,0.125,0.125,0.125,0.125,0.125,0.125,0.125
16,16.0,11.466506686239443,0.125,0.125,0.125,0.125,0.125,0.125,0.125,0.125
17,17.0,12.654581904800096,0.125,0.125,0.125,0.125,0.125,0.125,0.125,0.125
18,18.0,13.867303782456686,0.125,0.125,0.125,0.125,0.125,0.125,0.125,0.125
19,19.0,15.100080434523047,0.125,0.125,0.125,0.125,0.125,0.125,0.125,0.125
20,20.0,16.348578617037543,0.125,0.125,0.125,0.125,0.125,0.125,0.125,0.125
21,21.0,17.608741195130214,0.125,0.125,0.125,0.125,0.125,0.125,0.125,0.125
22,22.0,18.876800103462312,0.125,0.125,0.125,0.125,0.125,0.125,0.125,0.125
23,23.0,20.14928511992658,0.125,0.125,0.125,0.125,0.125,0.125,0.125,0.125
24,24.0,21.423028783545156,0.125,0.125,0.125,0.125,0.125,0.125,0.125,0.125
25,25.0,22.695167792966423,0.125,0.125,0.125,0.125,0.125,0.125,0.125,0.125
26,26.0,23.963141223515898,0.125,0.125,0.125,0.125,0.125,0.125,0.125,0.125
27,27.0,25.224685898775267,0.125,0.125,0.125,0.125,0.125,0.125,0.125,0.125
28,28.0,26.477829247520948,0.125,0.125,0.125,0.125,0.125,0.125,0.125,0.125
29,29.0,27.720879968916847,0.125,0.125,0.125,0.125,0.125,0.125,0.125,0.125
30,30.0,28.95241681848399,0.125,0.125,0.125,0.125,0.125,0.125,0.125,0.125
31,31.0,30.17127581490958,0.125,0.125,0.125,0.125,0.125,0.125,0.125,0.125
32,32.0,31.376536153543515,0.125,0.125,0.125,0.125,0.125,0.125,0.125,0.125
33,33.0,32.567505096778625,0.125,0.125,0.125,0.125,0.125,0.125,0.125,0.125
34,34.0,33.74370209472243,0.125,0.125,0.125,0.125,0.125,0.125,0.125,0.125
35,35.0,34.90484237192463,0.125,0.125,0.125,0.125,0.125,0.125,0.125,0.125
36,36.0,36.05082019768737,0.125,0.125,0.125,0.125,0.125,0.125,0.125,0.125
37,37.0,37.18169203889697,0.125,0.125,0.125,0.125,0.125,0.125,0.125,0.125
38,38.0,38.29765977559663,0.125,0.125,0.125,0.125,0.125,0.125,0.125,0.125
39,39.0,39.399054140870355,0.125,0.125,0.125,0.125,0.125,0.125,0.125,0.125
40,40.0,40.48631852820801,0.125,0.125,0.125,0.125,0.125,0.125,0.125,0.125
41,41.0,41.55999329152982,0.125,0.125,0.125,0.125,0.125,0.125,0.125,0.125
42,42.0,42.62070064560415,0.125,0.125,0.125,0.125,0.125,0.125,0.125,0.125
43,43.0,43.669130257815,0.125,0.125,0.125,0.125,0.125,0.125,0.125,0.125
44,44.0,44.70602560622662,0.125,0.125,0.125,0.125,0.125,0.125,0.125,0.125
45,45.0,45.73217116373481,0.125,0.125,0.125,0.125,0.125,0.125,0.125,0.125
46,46.0,46.748380453854836,0.125,0.125,0.125,0.125,0.125,0.125,0.125,0.125
47,47.0,47.755485010424316,0.125,0.125,0.125,0.125,0.125,0.125,0.125,0.125
48,48.0,48.7543242612326,0.125,0.125,0.125,0.125,0.125,0.125,0.125,0.125
49,49.0,49.745736344347726,0.125,0.125,0.125,0.125,0.125,0.125,0.125,0.125
50,50.0,50.730549855707864,0.125,0.125,0.125,0.125,0.125,0.125,0.125,0.125
51,51.0,51.70957651737491,0.125,0.125,0.125,0.125,0.125,0.125,0.125,0.125
52,52.0,52.68360474770151,0.125,0.125,0.125,0.125,0.125,0.125,0.125,0.125
53,53.0,53.65339410751842,0.125,0.125,0.125,0.125,0.125,0.125,0.125,0.125
54,54.0,54.61967059027847,0.125,0.125,0.125,0.125,0.125,0.125,0.125,0.125
55,55.0,55.58312271885972,0.125,0.125,0.125,0.125,0.125,0.125,0.125,0.125
56,56.0,56.544398407394254,0.125,0.125,0.125,0.125,0.125,0.125,0.125,0.125
57,57.0,57.504102543001395,0.125,0.125,0.125,0.125,0.125,0.125,0.125,0.125
58,58.0,58.462795239617805,0.125,0.125,0.125,0.125,0.125,0.125,0.125,0.125
59,59.0,59.42099071417639,0.125,0.125,0.125,0.125,0.125,0.125,0.125,0.125
60,60.0,60.379156734137354,0.125,0.125,0.125,0.125,0.125,0.125,0.125,0.125
61,61.0,61.337714584760846,0.125,0.125,0.125,0.125,0.125,0.125,0.125,0.125
62,62.0,62.29703950447439,0.125,0.125,0.125,0.125,0.125,0.125,0.125,0.125
63,63.0,63.257461537171835,0.125,0.125,0.125,0.125,0.125,0.125,0.125,0.125
64,64.0,64.21926675122782,0.125,0.125,0.125,0.125,0.125,0.125,0.125,0.125
65,65.0,65.18269877636592,0.125,0.125,0.125,0.125,0.125,0.125,0.125,0.125
66,66.0,66.14796061122655,0.125,0.125,0.125,0.125,0.125,0.125,0.125,0.125
67,67.0,67.11521665648885,0.125,0.125,0.125,0.125,0.125,0.125,0.125,0.125
68,68.0,68.08459493066005,0.125,0.125,0.125,0.125,0.125,0.125,0.125,0.125
69,69.0,69.05618942810752,0.125,0.125,0.125,0.125,0.125,0.125,0.125,0.125
70,70.0,70.03006258152917,0.125,0.125,0.125,0.125,0.125,0.125,0.125,0.125
71,71.0,71.00624779379335,0.125,0.125,0.125,0.125,0.125,0.125,0.125,0.125
72,72.0,71.98475200689319,0.125,0.125,0.125,0.125,0.125,0.125,0.125,0.125
73,73.0,72.96555827861411,0.125,0.125,0.125,0.125,0.125,0.125,0.125,0.125
74,74.0,73.94862834037681,0.125,0.125,0.125,0.125,0.125,0.125,0.125,0.125
75,75.0,74.93390511255946,0.125,0.125,0.125,0.125,0.125,0.125,0.125,0.125
76,76.0,75.92131515639825,0.125,0.125,0.125,0.125,0.125,0.125,0.125,0.125
77,77.0,76.91077104428919,0.125,0.125,0.125,0.125,0.125,0.125,0.125,0.125
78,78.0,77.90217363294813,0.125,0.125,0.125,0.125,0.125,0.125,0.125,0.125
79,79.0,78.89541422641172,0.125,0.125,0.125,0.125,0.125,0.125,0.125,0.125
80,80.0,79.89037661826481,0.125,0.125,0.125,0.125,0.125,0.125,0.125,0.125
81,81.0,80.88693900474995,0.125,0.125,0.125,0.125,0.125,0.125,0.125,0.125
82,82.0,81.88497576253909,0.125,0.125,0.125,0.125,0.125,0.125,0.125,0.125
83,83.0,82.88435908692391,0.125,0.125,0.125,0.125,0.125,0.125,0.125,0.125
84,84.0,83.88496048800103,0.125,0.125,0.125,0.125,0.125,0.125,0.125,0.125
85,85.0,84.88665214409042,0.125,0.125,0.125,0.125,0.125,0.125,0.125,0.125
86,86.0,85.88930811312994,0.125,0.125,0.125,0.125,0.125,0.125,0.125,0.125
87,87.0,86.89280540413424,0.125,0.125,0.125,0.125,0.125,0.125,0.125,0.125
88,88.0,87.89702491199675,0.125,0.125,0.125,0.125,0.125,0.125,0.125,0.125
89,89.0,88.90185221995306,0.125,0.125,0.125,0.125,0.125,0.125,0.125,0.125
90,90.0,89.90717827491419,0.125,0.125,0.125,0.125,0.125,0.125,0.125,0.125
91,91.0,90.91289994163006,0.125,0.125,0.125,0.125,0.125,0.125,0.125,0.125
92,92.0,91.91892044225806,0.125,0.125,0.125,0.125,0.125,0.125,0.125,0.125
93,93.0,92.92514968840067,0.125,0.125,0.125,0.125,0.125,0.125,0.125,0.125
94,94.0,93.93150451304501,0.125,0.125,0.125,0.125,0.125,0.125,0.125,0.125
95,95.0,94.93790881009448,0.125,0.125,0.125,0.125,0.125,0.125,0.125,0.125
96,96.0,95.94429358933806,0.125,0.125,0.125,0.125,0.125,0.125,0.125,0.125
97,97.0,96.9505969547639,0.125,0.125,0.125,0.125,0.125,0.125,0.125,0.125
98,98.0,97.9567640140995,0.125,0.125,0.125,0.125,0.125,0.125,0.125,0.125
99,99.0,98.96274672736057,0.125,0.125,0.125,0.125,0.125,0.125,0.125,0.125
100,100.0,99.96850370202192,0.125,0.125,0.125,0.125,0.125,0.125,0.125,0.125
101,101.0,100.97399994219691,0.125,0.125,0.125,0.125,0.125,0.125,0.125,0.125
102,102.0,101.97920655893245,0.125,0.125,0.125,0.125,0.125,0.125,0.125,0.125
103,103.0,102.98410044840509,0.125,0.125,0.125,0.125,0.125,0.125,0.125,0.125
104,104.0,103.98866394444643,0.125,0.125,0.125,0.125,0.125,0.125,0.125,0.125
105,105.0,104.99288445143917,0.125,0.125,0.125,0.125,0.125,0.125,0.125,0.125
106,106.0,105.99675406321822,0.125,0.125,0.125,0.125,0.125,0.125,0.125,0.125
107,107.0,107.0002691731872,0.125,0.125,0.125,0.125,0.125,0.125,0.125,0.125
108,108.0,108.0034300804274,0.125,0.125,0.125,0.125,0.125,0.125,0.125,0.125
109,109.0,109.00624059613932,0.125,0.125,0.125,0.125,0.125,0.125,0.125,0.125
110,110.0,110.00870765431864,0.125,0.125,0.125,0.125,0.125,0.125,0.125,0.125
111,111.0,111.01084093013685,0.125,0.125,0.125,0.125,0.125,0.125,0.125,0.125
112,112.0,112.01265246907188,0.125,0.125,0.125,0.125,0.125,0.125,0.125,0.125
113,113.0,113.01415632942268,0.125,0.125,0.125,0.125,0.125,0.125,0.125,0.125
114,114.0,114.01536824044418,0.125,0.125,0.125,0.125,0.125,0.125,0.125,0.125
115,115.0,115.01630527795908,0.125,0.125,0.125,0.125,0.125,0.125,0.125,0.125
116,116.0,116.0169855589429,0.125,0.125,0.125,0.125,0.125,0.125,0.125,0.125
117,117.0,117.01742795623892,0.125,0.125,0.125,0.125,0.125,0.125,0.125,0.125
118,118.0,118.01765183424293,0.125,0.125,0.125,0.125,0.125,0.125,0.125,0.125
119,119.0,119.01767680610413,0.125,0.125,0.125,0.125,0.125,0.125,0.125,0.125
120,120.0,120.01752251271817,0.125,0.125,0.125,0.125,0.125,0.125,0.125,0.125
121,121.0,121.01720842354362,0.125,0.125,0.125,0.125,0.125,0.125,0.125,0.125
122,122.0,122.01675365905109,0.125,0.125,0.125,0.125,0.125,0.125,0.125,0.125
123,123.0,123.0161768344173,0.125,0.125,0.125,0.125,0.125,0.125,0.125,0.125
124,124.0,124.01549592390272,0.125,0.125,0.125,0.125,0.125,0.125,0.125,0.125
125,125.0,125.01472814520056,0.125,0.125,0.125,0.125,0.125,0.125,0.125,0.125
126,126.0,126.01388986291661,0.125,0.125,0.125,0.125,0.125,0.125,0.125,0.125
127,127.0,127.0129965102319,0.125,0.125,0.125,0.125,0.125,0.125,0.125,0.125
128,128.0,128.01206252771334,0.125,0.125,0.125,0.125,0.125,0.125,0.125,0.125
129,129.0,129.0111013181695,0.125,0.125,0.125,0.125,0.125,0.125,0.125,0.125
130,130.0,130.01012521639834,0.125,0.125,0.125,0.125,0.125,0.125,0.125,0.125
131,131.0,131.0091454726403,0.125,0.125,0.125,0.125,0.125,0.125,0.125,0.125
132,132.0,132.0081722485317,0.125,0.125,0.125,0.125,0.125,0.125,0.125,0.125
133,133.0,133.00721462434865,0.125,0.125,0.125,0.125,0.125,0.125,0.125,0.125
134,134.0,134.0062806163404,0.125,0.125,0.125,0.125,0.125,0.125,0.125,0.125
135,135.0,135.00537720296956,0.125,0.125,0.125,0.125,0.125,0.125,0.125,0.125
136,136.0,136.00451035890612,0.125,0.125,0.125,0.125,0.125,0.125,0.125,0.125
137,137.0,137.00368509565993,0.125,0.125,0.125,0.125,0.125,0.125,0.125,0.125
138,138.0,138.0029055077818,0.125,0.125,0.125,0.125,0.125,0.125,0.125,0.125
139,139.0,139.00217482361367,0.125,0.125,0.125,0.125,0.125,0.125,0.125,0.125
140,140.0,140.0014954596262,0.125,0.125,0.125,0.125,0.125,0.125,0.125,0.125
141,141.0,141.00086907744122,0.125,0.125,0.125,0.125,0.125,0.125,0.125,0.125
142,142.0,142.0002966427003,0.125,0.125,0.125,0.125,0.125,0.125,0.125,0.125
143,143.0,142.99977848500652,0.125,0.125,0.125,0.125,0.125,0.125,0.125,0.125
144,144.0,143.99931435823203,0.125,0.125,0.125,0.125,0.125,0.125,0.125,0.125
145,145.0,144.99890350055264,0.125,0.125,0.125,0.125,0.125,0.125,0.125,0.125
146,146.0,145.9985446936357,0.125,0.125,0.125,0.125,0.125,0.125,0.125,0.125
147,147.0,146.99823632047406,0.125,0.125,0.125,0.125,0.125,0.125,0.125,0.125
148,148.0,147.99797642142389,0.125,0.125,0.125,0.125,0.125,0.125,0.125,0.125
149,149.0,148.99776274806447,0.125,0.125,0.125,0.125,0.125,0.125,0.125,0.125
150,150.0,149.99759281456036,0.125,0.125,0.125,0.125,0.125,0.125,0.125,0.125
151,151.0,150.99746394626104,0.125,0.125,0.125,0.125,0.125,0.125,0.125,0.125
152,152.0,151.99737332532905,0.125,0.125,0.125,0.125,0.125,0.125,0.125,0.125
153,153.0,152.99731803323698,0.125,0.125,0.125,0.125,0.125,0.125,0.125,0.125
154,154.0,153.99729509002177,0.125,0.125,0.125,0.125,0.125,0.125,0.125,0.125
155,155.0,154.99730149022784,0.125,0.125,0.125,0.125,0.125,0.125,0.125,0.125
156,156.0,155.99733423551103,0.125,0.125,0.125,0.125,0.125,0.125,0.125,0.125
157,157.0,156.99739036391077,0.125,0.125,0.125,0.125,0.125,0.125,0.125,0.125
158,158.0,157.99746697583146,0.125,0.125,0.125,0.125,0.125,0.125,0.125,0.125
159,159.0,158.99756125680176,0.125,0.125,0.125,0.125,0.125,0.125,0.125,0.125
160,160.0,159.997670497107,0.125,0.125,0.125,0.125,0.125,0.125,0.125,0.125
161,161.0,160.99779210841066,0.125,0.125,0.125,0.125,0.125,0.125,0.125,0.125
162,162.0,161.99792363749984,0.125,0.125,0.125,0.125,0.125,0.125,0.125,0.125
163,163.0,162.9980627773051,0.125,0.125,0.125,0.125,0.125,0.125,0.125,0.125
164,164.0,163.9982073753568,0.125,0.125,0.125,0.125,0.125,0.125,0.125,0.125
165,165.0,164.99835543984977,0.125,0.125,0.125,0.125,0.125,0.125,0.125,0.125
166,166.0,165.99850514349492,0.125,0.125,0.125,0.125,0.125,0.125,0.125,0.125
167,167.0,166.99865482534062,0.125,0.125,0.125,0.125,0.125,0.125,0.125,0.125
168,168.0,167.99880299074837,0.125,0.125,0.125,0.125,0.125,0.125,0.125,0.125
169,169.0,168.99894830970783,0.125,0.125,0.125,0.125,0.125,0.125,0.125,0.125
170,170.0,169.99908961367427,0.125,0.125,0.125,0.125,0.125,0.125,0.125,0.125
171,171.0,170.99922589110733,0.125,0.125,0.125,0.125,0.125,0.125,0.125,0.125
172,172.0,171.99935628188598,0.125,0.125,0.125,0.125,0.125,0.125,0.125,0.125
173,173.0,172.99948007076793,0.125,0.125,0.125,0.125,0.125,0.125,0.125,0.125
174,174.0,173.99959668005403,0.125,0.125,0.125,0.125,0.125,0.125,0.125,0.125
175,175.0,174.99970566161096,0.125,0.125,0.125,0.125,0.125,0.125,0.125,0.125
176,176.0,175.9998066883961,0.125,0.125,0.125,0.125,0.125,0.125,0.125,0.125
177,177.0,176.99989954561875,0.125,0.125,0.125,0.125,0.125,0.125,0.125,0.125
178,178.0,177.99998412166295,0.125,0.125,0.125,0.125,0.125,0.125,0.125,0.125
179,179.0,179.00006039888612,0.125,0.125,0.125,0.125,0.125,0.125,0.125,0.125
180,180.0,180.0001284443981,0.125,0.125,0.125,0.125,0.125,0.125,0.125,0.125
181,181.0,181.00018840091488,0.125,0.125,0.125,0.125,0.125,0.125,0.125,0.125
182,182.0,182.00024047777083,0.125,0.125,0.125,0.125,0.125,0.125,0.125,0.125
183,183.0,183.0002849421635,0.125,0.125,0.125,0.125,0.125,0.125,0.125,0.125
184,184.0,184.00032211069524,0.125,0.125,0.125,0.125,0.125,0.125,0.125,0.125
185,185.0,185.00035234126688,0.125,0.125,0.125,0.125,0.125,0.125,0.125,0.125
186,186.0,186.00037602536867,0.125,0.125,0.125,0.125,0.125,0.125,0.125,0.125
187,187.0,187.0003935808066,0.125,0.125,0.125,0.125,0.125,0.125,0.125,0.125
188,188.0,188.00040544489266,0.125,0.125,0.125,0.125,0.125,0.125,0.125,0.125
189,189.0,189.0004120681212,0.125,0.125,0.125,0.125,0.125,0.125,0.125,0.125
190,190.0,190.00041390834568,0.125,0.125,0.125,0.125,0.125,0.125,0.125,0.125
191,191.0,191.00041142546425,0.125,0.125,0.125,0.125,0.125,0.125,0.125,0.125
192,192.0,192.00040507661635,0.125,0.125,0.125,0.125,0.125,0.125,0.125,0.125
193,193.0,193.00039531188708,0.125,0.125,0.125,0.125,0.125,0.125,0.125,0.125
194,194.0,194.00038257051185,0.125,0.125,0.125,0.125,0.125,0.125,0.125,0.125
195,195.0,195.00036727756904,0.125,0.125,0.125,0.125,0.125,0.125,0.125,0.125
196,196.0,196.0003498411448,0.125,0.125,0.125,0.125,0.125,0.125,0.125,0.125
197,197.0,197.00033064995154,0.125,0.125,0.125,0.125,0.125,0.125,0.125,0.125
198,198.0,198.0003100713781,0.125,0.125,0.125,0.125,0.125,0.125,0.125,0.125
199,199.0,199.00028844994821,0.125,0.125,0.125,0.125,0.125,0.125,0.125,0.125
200,200.0,200.00026610616183,0.12458333333333334,0.12569444444444444,0.12458333333333334,0.12458333333333334,0.12458333333333334,0.12569444444444444,0.12569444444444444,0.12458333333333334
201,201.0,201.00024333569246,0.12494861111111112,0.12615972222222224,0.12394861111111112,0.12394861111111112,0.12394861111111112,0.12604861111111113,0.12604861111111113,0.12494861111111112
202,202.0,202.0002204089131,0.12504125883838385,0.12643227904040405,0.12314216792929294,0.12314216792929294,0.12314216792929294,0.12793844065656568,0.12612025883838385,0.12504125883838385
203,203.0,203.00019757072255,0.12513306758838386,0.12669229779040406,0.12235287667929294,0.12235287667929294,0.12235287667929294,0.12980055940656568,0.12618237758838385,0.12513306758838386
204,204.0,204.00017504064385,0.1250843142824495,0.12679954320265152,0.12255913730265153,0.12144802619154042,0.12144802619154042,0.1314802283642677,0.12609641018244952,0.1250843142824495
205,205.0,205.0001530131666,0.1250345426592336,0.12689322015679924,0.12278433200579925,0.12057322089468817,0.12057322089468817,0.13310389581932452,0.12600302491023363,0.1250345426592336
206,206.0,206.00013165830538,0.12490859469093887,0.12689799115335815,0.12294855785796815,0.11965844674685706,0.11965844674685706,0.1353427434292683,0.1257523822595713,0.1248328371151813
207,207.0,207.00011112234722,0.12478352930993795,0.12689088089630332,0.12201334019280514,0.11989614130391626,0.11878503019280516,0.13749922833887449,0.1254990780311775,0.12463277173418039
208,208.0,208.00009152876143,0.1245216200224226,0.12673425972467783,0.12095908664980612,0.12002979186091725,0.11781868074980614,0.1394211330801919,0.1262181336473315,0.12429729426484686
209,209.0,209.0000729792466,0.1241530592008083,0.1264585338305439,0.11982213224107359,0.12108235520118472,0.11679224409007362,0.1419599188448585,0.12670790034519475,0.12302385624626286
210,210.0,210.00005555489076,0.1244064167209402,0.126023359290082,0.11856710494225656,0.12190549366706863,0.11566698164686659,0.14403119032557335,0.12778547694868533,0.12161397645852762
211,211.0,211.00003931742162,0.12466416997064515,0.12558854320284007,0.11735787280486215,0.12273524703267713,0.11460353911247509,0.14597357364851185,0.12884214586204473,0.12023490836594411
212,212.0,212.0000243105252,0.12492330184446881,0.12515839788436853,0.11620194863412206,0.1235626562743817,0.11360636892136147,0.14778053379622227,0.12986943116515248,0.118897361479923
213,213.0,213.00001056121314,0.1253092882894662,0.12480086027507759,0.11516966343918081,0.12444378427625824,0.11274291810521164,0.1497039537411606,0.13015487016087446,0.1176746617127708
214,214.0,213.99999808122018,0.1255619942404802,0.12439045010834726,0.11413718130261305,0.1252426530104759,0.11188665436289585,0.1519950045862059,0.13034030591050486,0.1164457564784773
215,215.0,214.9999868684143,0.12478862428380263,0.12393930599433603,0.11383187970698005,0.1259622469692057,0.1110481688772011,0.15476683990572423,0.13043663163390376,0.1152263026288468
216,216.0,215.99997690820487,0.124913067273317,0.12329081685371618,0.11337604055609166,0.12643810177521314,0.11006887276212633,0.15776414796955815,0.13028659916126445,0.1138623536487134
217,217.0,216.99996817493434,0.1249733767385882,0.12260028133463402,0.1129183552510615,0.12681891204978968,0.10910171929583955,0.161030853644083,0.13004542389099638,0.11251107779500796
218,218.0,217.9999606332415,0.12468013039215531,0.12169468799600519,0.11327946382623266,0.12685049513345364,0.10797104431400337,0.164301250655385,0.13022232860326183,0.11100059907950331
219,219.0,218.99995423938554,0.12414332790036467,0.12066721926579134,0.1143546783386358,0.12740338865039036,0.10676712743061181,0.16720928221668968,0.1300304129093615,0.10942456328815514
220,220.0,219.9999489425213,0.1235664025263796,0.11963222881234456,0.11541736385495151,0.12787720867937924,0.1056012234465458,0.16956828171356092,0.12977344637181926,0.10856384459501939
221,221.0,220.99994468591828,0.12280881113683471,0.11852625161295552,0.11769039750187646,0.1282005572693581,0.10440662301214629,0.1713421381150491,0.12938593664080766,0.10763928471097241
222,222.0,221.9999414081164,0.12190509004945758,0.11737226066240923,0.11962961991625097,0.12839006262652505,0.10320295632498756,0.17316908877369805,0.12888962768118067,0.1074412939654911
223,223.0,222.99993904401353,0.12028955435189367,0.11519768950274266,0.12221320695402034,0.12857941738911652,0.10212537004574403,0.174786530301269,0.1295336769850341,0.10727455447017989
224,224.0,223.99993752588082,0.11858909015013858,0.11302120250977717,0.1251204610489462,0.12755049260116566,0.10217800375084035,0.1758874926346215,0.13009246887629403,0.10756078842821673
225,225.0,224.99993678430258,0.1176078916784836,0.11064226240243644,0.12856797135870782,0.1262129117312704,0.10191370425934464,0.1765006466512975,0.13034644744297139,0.10820816447548848
226,226.0,225.99993674903914,0.11657273323752418,0.10825629278212032,0.1328061260476129,0.12476230508521297,0.10161819677471995,0.17682003053168674,0.12936383200963542,0.10980048353148779
227,227.0,226.99993734981166,0.1157302299071149,0.10756725320660876,0.13619794140061442,0.12299478730825857,0.10097695408140468,0.17807754015036698,0.12804841413180915,0.11040687981382279
228,228.0,227.9999385170088,0.11466073878901513,0.10841673680473779,0.1394116293668943,0.12103078709549446,0.10018384271324726,0.17913338453182148,0.12651769063694793,0.11064519006184187
229,229.0,228.99994018231612,0.11434139125963705,0.1091435110464129,0.14231684467488967,0.11999846955364234,0.09931356147513053,0.17989174730424898,0.12346147874681951,0.1115329959392192
230,230.0,229.99994227926956,0.11350736499240083,0.10992282554510917,0.14602538354735017,0.1189939772700172,0.0984950842789857,0.18023876236479727,0.12043418479114727,0.11238241721019254
231,231.0,230.99994474373494,0.11265977214138445,0.11071217691383918,0.15021612200381948,0.11799511642533429,0.09847119004550947,0.180180473615586,0.117433733699744,0.11233141515478327
232,232.0,231.9999475143165,0.11180816296710681,0.11150238562554299,0.15480401457597912,0.11701103015777692,0.09847006940209278,0.17975488873502107,0.11448716337072755,0.11216228516575288
233,233.0,232.9999505326967,0.10929420851963957,0.11220925158900123,0.1592182246707012,0.11604962717826074,0.09939809241120738,0.17941591135002122,0.11161809673710202,0.11279658754406674
234,234.0,233.9999537439119,0.10666448165749688,0.11330126051814571,0.16386856177897433,0.11475971571076106,0.10002879273475898,0.17961341751176607,0.10861714174685397,0.11314662834124309
235,235.0,234.99995709656648,0.10402552155943237,0.11425560140373973,0.16831203270548356,0.11328559716730267,0.10126112011359285,0.17984876016094004,0.10567549878355015,0.11333586810595869
236,236.0,235.99996054298992,0.10140552338372721,0.11507949370319152,0.17209283843904577,0.11166709250648814,0.103001775106492,0.18017213400646637,0.10281781763420673,0.1137633252203823
237,237.0,236.99996403934114,0.09957571864596068,0.1157345242684669,0.1748596810466463,0.1100414231528242,0.1045821564613242,0.18121082048870327,0.1000423052665127,0.1139533706695618
238,238.0,237.99996754566382,0.09769241680479081,0.11614008870791226,0.17707435003112773,0.10819359636868828,0.10756432524670705,0.18216332254762188,0.09726153402553589,0.11391036626761614
239,239.0,238.9999710258976,0.09583077896882732,0.11640555636957382,0.17881925240869012,0.10632778454482662,0.11126814830047825,0.1827406315250524,0.09455481589087204,0.11405303199167947
240,240.0,239.999974447849,0.09371978813511388,0.11667148194048471,0.18008005917314268,0.10459364398932176,0.11491362165113261,0.18327698168106282,0.09207101241910784,0.11467341101063376
241,241.0,240.99997778312678,0.09175269091106297,0.11690736177331122,0.18101444837987102,0.10234255038019344,0.11906732693477562,0.1838994162408127,0.0897848715779713,0.11523133380200176
242,242.0,241.9999810070455,0.08987948039945168,0.11702178842915399,0.1818061892460876,0.10067062733275103,0.12283529186736306,0.18452581587659203,0.08764420000431386,0.11561660684428679
243,243.0,242.99998409850193,0.0885464390235332,0.11783234121449682,0.18203720054532105,0.09894823893677493,0.127540220590544,0.1844229143728465,0.08562869391240266,0.1150439514040809
244,244.0,243.9999870398277,0.08727914367728541,0.11904488023809111,0.18186866730251441,0.09718212730843058,0.13231102139378176,0.18430419868952977,0.08367500246151742,0.11433495892884962
245,245.0,244.9999898166226,0.0860525423149024,0.12012312599992726,0.18240768769137194,0.0954575074747426,0.13653457107916459,0.18414713593561208,0.08183016587059821,0.11344726363368099
246,246.0,245.99999241757178,0.08485141532445915,0.12102039221232554,0.18351388428450774,0.09368551171939768,0.14052836913078265,0.18365373049736916,0.08036444393850846,0.11238225289264972
247,247.0,246.99999483425034,0.08376541557334434,0.12185008441371727,0.1845692552204177,0.0920402462587791,0.14424491516334256,0.18321342133826987,0.07907009908869192,0.11124656294343734
248,248.0,247.99999706091853,0.08281733520858113,0.1226222031947293,0.18542364896078495,0.09053703082956055,0.14768630902996466,0.18285458120127016,0.0779541125225949,0.1101047790525145
249,249.0,248.9999990943107,0.08198498931006683,0.12332922619541027,0.18592535873656849,0.08917113406871499,0.15084009349439723,0.18244666969230672,0.07701100652008398,0.1092915219824516
250,250.0,250.00000093342055,0.08131925192704435,0.12347567676024979,0.1865412911451931,0.08799701762292744,0.1537580261981288,0.18232306737081852,0.07634240368568457,0.10824326528995346
251,251.0,251.00000257928522,0.08069779588069403,0.12404818783062478,0.18701481370044598,0.0868953287846351,0.15632259714967733,0.18220769802993045,0.0757041159104856,0.10710946271350677
252,252.0,252.0000040347706,0.08072333677425068,0.12460525515301742,0.18774056874064815,0.08549748987319002,0.15830272395383269,0.1819242927007434,0.07522361522819436,0.1059827175761233
253,253.0,253.00000530435972,0.08083241946917,0.1250947495097085,0.1881256570688039,0.08422530715520213,0.15999684157484123,0.18170991342621184,0.07516820214868977,0.10484690964737263
254,254.0,254.00000639394634,0.08101449077076263,0.12551781499479617,0.18819091584632178,0.08307821857960045,0.1614158914959024,0.18132004405028934,0.07521323552467796,0.10424938873764927
255,255.0,255.00000731063483,0.08120671618840644,0.1258235308946212,0.18871790011199038,0.08197553688246,0.1623619623049896,0.1809791628822778,0.07532050185333346,0.10361468888192113
256,256.0,256.00000806254815,0.08173818317990983,0.12535297361502798,0.1900738600606858,0.08108945481927256,0.16220453793182643,0.1800232108512494,0.07592565610636313,0.10359212343566487
257,257.0,257.0000086586446,0.08227347410551393,0.12479266188466104,0.1914047832193887,0.08026114263496503,0.16211297472952313,0.1790425745936012,0.07657437146775466,0.10353801736459237
258,258.0,258.000009108545,0.08283981805169814,0.12419049427382363,0.19271280250132608,0.07954590699089524,0.1618227144287311,0.1781528647726934,0.07726364751168413,0.10347175146914832
259,259.0,259.0000094223699,0.08344095491888825,0.1235627855506367,0.19388294808958642,0.07894570009344563,0.1613626368462727,0.1773713862632542,0.07800115155536957,0.10343243668254659
260,260.0,260.00000961058856,0.08433026647771966,0.12291808145023811,0.19491559311768114,0.07845473567359973,0.1607540390228102,0.17643654023775734,0.07877411483174065,0.10341662918845322
261,261.0,261.00000968387957,0.08521267960238293,0.12225750339221236,0.19566404802327664,0.07805997396865498,0.16001083380153802,0.17586395696443544,0.07955046382815723,0.10338054041934253
262,262.0,262.0000096530026,0.0860787780473967,0.12158863735908355,0.19639020599599225,0.07775513513035182,0.15915330678063092,0.1753899361221493,0.08032054471309645,0.10332345585129914
263,263.0,263.00000952868334,0.08707843778946547,0.12106436784034451,0.19559078279384162,0.07767964229206034,0.15876641286149312,0.17496087606861402,0.08123392664306824,0.10362555371111276
264,264.0,264.00000932150914,0.08806217687354813,0.12054934865182869,0.1946835414128293,0.07768518655424737,0.15830320606760176,0.17464253393430965,0.08214076136431384,0.10393324514132136
265,265.0,265.0000090418373,0.08900320919243593,0.12004145929218363,0.19354660358677428,0.07775726310402786,0.15776960409415575,0.1746629463528042,0.08301384636908721,0.10420506800853122
266,266.0,266.0000086997143,0.08989519558400601,0.11954450494876745,0.1926359171958681,0.07788793722379343,0.1571774217554938,0.17457387042827432,0.08384638493623421,0.10443876792756274
267,267.0,267.0000083048064,0.09073295414203578,0.11906181626380101,0.1917654410182396,0.07806949701575748,0.1565378935119337,0.17456691056292417,0.08463270490694105,0.10463278257836721
268,268.0,268.0000078663412,0.09152825177263632,0.11860154848921768,0.19084855859323022,0.07829979324570921,0.15586690416732957,0.17465298715556352,0.0853840581917064,0.10481789838460707
269,269.0,269.00000739305915,0.09226130300617913,0.11816055445018389,0.18999266034559426,0.07856614154600924,0.15516880196369073,0.17481008184470173,0.08608012699093236,0.10496032985270869
270,270.0,270.0000068931747,0.0928819248197946,0.11880393794243532,0.18911234650918712,0.07881378334440892,0.15267751659947348,0.17580598584909868,0.08667018546472421,0.10523431947087765
271,271.0,271.000006374347,0.0934654071395147,0.11829717531627801,0.18914557621225508,0.0799462703352809,0.15013173973684754,0.1770114460595975,0.08651469079461903,0.10548769440560722
272,272.0,272.0000058436586,0.09391916403514677,0.11761366223828094,0.18912571670512188,0.08095978055060978,0.1475542864613413,0.17878544992454143,0.08624194007366408,0.10580000001129383
273,273.0,273.0000053076024,0.09419720229638606,0.11672829382872951,0.18885801235582456,0.08185988031353678,0.14592021038704572,0.18046849092595624,0.08581175828576598,0.10615615160675511
274,274.0,274.00000477207584,0.09441333156927974,0.1158696521480512,0.1884612829969001,0.08274845251484939,0.14435105739775927,0.1821556819411744,0.08534301370287296,0.10665752772911287
275,275.0,275.0000042423811,0.09457062628625515,0.11504320597056886,0.18794399172735202,0.08361731921909928,0.14285558174527732,0.18383251300161618,0.08484310500907939,0.10729365704075174
276,276.0,276.0000037232321,0.09459332318573314,0.11498476131714278,0.1873301615354551,0.08437234160017347,0.14126304065275833,0.18541073832390514,0.0842398888451566,0.10780574453967538
277,277.0,277.0000032187657,0.0944492448183808,0.11469265656918984,0.18669087184362346,0.08496002389589605,0.14069733557743924,0.18685865712566488,0.08352390023295214,0.10812730993685352
278,278.0,278.00000273255824,0.09423444477523757,0.11440041887715938,0.1861762499947164,0.08546177036823423,0.14003877228848433,0.1881040611807016,0.08320833162026527,0.10837595089520113
279,279.0,279.0000022676459,0.09466237508846434,0.1139177798790939,0.18576582417999188,0.08581579591088209,0.1395071196561365,0.18923674595228204,0.08279982173706783,0.10829453759608135
280,280.0,280.0000018265484,0.09565278388108492,0.11330290957396191,0.18539100411098486,0.08607714133427202,0.1388893066194429,0.19026283917416717,0.08233284976321048,0.10809116554287565
281,281.0,281.00000141129516,0.0960627235078217,0.11325057111476697,0.18497767661949524,0.08625752284501184,0.138608852001784,0.19120157911112592,0.08182961708865646,0.10781145771133775
282,282.0,282.0000010234543,0.09641916867252331,0.11320267726965033,0.1845444769678414,0.08635977668630326,0.1386032363063451,0.19208313844259692,0.08131055076299053,0.10747697489174901
283,283.0,283.00000066416294,0.09658746429800834,0.1129880138109012,0.18408993127419823,0.08634404552152525,0.1387214326657541,0.19270618605998402,0.08135376334551202,0.10720916302411673
284,284.0,284.0000003341591,0.09658570365575567,0.113215386111662,0.18366509705567494,0.08622141876324657,0.13895699410599344,0.1932254592280596,0.08130226156405745,0.10682767951555024
285,285.0,285.00000003381405,0.09699878002038381,0.11330129781276746,0.18311727819511064,0.08603956395317011,0.13914192102233558,0.1938426565081547,0.08118969390548102,0.10636880858259656
286,286.0,285.99999976316536,0.09736851955468419,0.11340573291414253,0.18280296030734638,0.08506604167349255,0.1401365318947963,0.19426778443386947,0.0810811761801581,0.10587125304151036
287,287.0,286.99999952194986,0.0976398392047884,0.1140748924959002,0.18246878163497815,0.08402676375303657,0.14104736163854445,0.19453488189927548,0.08092152720631965,0.10528595216715703
288,288.0,287.99999930963645,0.09785624844011521,0.11472613238582396,0.18202532570334645,0.08295085917974403,0.1417875080118923,0.19491824758599507,0.08074138316765223,0.10499429552543066
289,289.0,288.99999912545803,0.09791353765518868,0.11502413075357448,0.1822803429341763,0.08182666674411629,0.14261048266042636,0.1951928908003096,0.08049679352916878,0.10465515492303937
290,290.0,289.99999896844287,0.09783739078746959,0.11566477856572112,0.1825392683512285,0.08070129163950178,0.14335494542393584,0.1953772821849027,0.08021733840240815,0.10430770464483219
291,291.0,290.9999988374448,0.09684776086713079,0.11641062077397182,0.1830450283144588,0.07972090120548274,0.14420346660597813,0.19561339833053795,0.08006777841962942,0.10409104548281019
292,292.0,291.9999987311721,0.09590991196374601,0.1173115394848566,0.18323874327350947,0.07883877073767266,0.14515007006615743,0.19592174452987163,0.08000063913137058,0.10362858081281548
293,293.0,292.99999864821496,0.09401398411484019,0.11889944540200427,0.1835417914930975,0.0780250136577151,0.1461497806851414,0.19618494624749241,0.07999428951124869,0.10319074888846036
294,294.0,293.99999858707133,0.09216325194866962,0.12032866809009361,0.18294569514236697,0.07731983754210092,0.14671710707624538,0.1965769458698707,0.08114053085317574,0.10280796347747696
295,295.0,294.9999985461714,0.09023691938174014,0.12119558577696546,0.1819764476998422,0.07658434614958108,0.14697467243275933,0.1968432592717832,0.08284733895729515,0.1033414303300334
296,296.0,295.99999852389976,0.08815570357187648,0.1224964870748665,0.1807935027888408,0.07569786633097812,0.14720756549808353,0.19754056829828898,0.08417706088717282,0.10393124554989276
297,297.0,296.9999985186163,0.08608200396739166,0.12361246896668526,0.17953656150164432,0.07478821640040711,0.1474750113496815,0.1980348260025114,0.08603011549658565,0.10444079631509305
298,298.0,297.999998528675,0.08408014378469317,0.1246628778774534,0.17838382612386805,0.07393596702885509,0.14770870100536443,0.19937234125403083,0.08783251137459852,0.10402363155113649
299,299.0,298.99999855244107,0.08202820328746396,0.12537951266484365,0.1771371972217592,0.07303116145432614,0.14749823268965614,0.2013417485095157,0.09010320270627253,0.10348074146616267
300,300.0,299.9999985883061,0.08007962821276056,0.12602862642426618,0.1759469143743575,0.07219178174744592,0.1472626364462667,0.20323937772065354,0.092300571333556,0.10295046374069357
301,301.0,300.99999863470157,0.07808837222091845,0.12629504083099913,0.174878556375496,0.07211757974954258,0.14720731670753562,0.20497142029353824,0.0941315346784211,0.10231017914354884
302,302.0,301.9999986901105,0.07617384675947919,0.1264221674615609,0.17386002899950856,0.07206534427204281,0.1470949920412278,0.20703929921320857,0.0957102813665548,0.10163403988641735
303,303.0,302.9999987530774,0.07434740449295474,0.12657955480946234,0.1719116403658222,0.07286696683648192,0.1469327186722313,0.2088274144831258,0.09760290710543837,0.10093139323448337
304,304.0,303.99999882221687,0.07261116629527666,0.1265332983732198,0.17008337439260782,0.0736901695324018,0.14704620933837784,0.21047394568058297,0.09933999779748345,0.10022183859004974
305,305.0,304.99999889622023,0.0709722468814783,0.12630099146330037,0.16838499259293815,0.07452403246006206,0.14741238229014844,0.21197538587804823,0.10091850878039467,0.09951145965362987
306,306.0,305.99999897386107,0.06947359727360339,0.12602775800036675,0.16678723861920372,0.07537624886910997,0.14776440547156086,0.21335671928403563,0.10237480662154998,0.09883922586056978
307,307.0,306.9999990539992,0.06809291949345832,0.12598947317297737,0.16551162852865664,0.07622858836902087,0.1479692238264645,0.2142796318676851,0.1036908039001226,0.0982377308416147
308,308.0,307.9999991355835,0.06718629478021465,0.12578619563700424,0.16435700015355673,0.07761669378578025,0.14802494174528563,0.21510694924698393,0.10428679967288834,0.09763512497828633
309,309.0,308.9999992176535,0.06664706867912032,0.12606915637398505,0.1636267311895861,0.07869652362907197,0.14822162780028017,0.2153149405555662,0.1040997492383561,0.09732420253403419
310,310.0,309.99999929934,0.06608108334097151,0.12643286826017494,0.16292775178122518,0.07951531855629142,0.14931714564351273,0.2151440868088795,0.10366560979981418,0.09691613580913054
311,311.0,310.9999993798645,0.06543453082479823,0.127234420299064,0.16215272794423993,0.08094401691082538,0.15002630473743844,0.21454997951554353,0.10295169844302321,0.09670632132506723
312,312.0,311.99999945853784,0.06493564759488536,0.12806934735374773,0.16226984284757956,0.0823966820347438,0.1510608313798662,0.2139021033710279,0.1011180694945615,0.09624747592358787
313,313.0,312.9999995347585,0.0645289519649146,0.12799942306712134,0.16251301457651832,0.08376525474159867,0.1521971678430538,0.2140031559196647,0.09920983500322217,0.09578319688390634
314,314.0,313.9999996080095,0.064153815992542,0.1277645469931178,0.1629544851597772,0.08500742500546338,0.15322250236876117,0.21440949437924242,0.09720713431020211,0.09528059579089387
315,315.0,314.99999967785527,0.0638354116918342,0.12743329757679026,0.16396356092953068,0.0861155988822239,0.15416254905826698,0.21458586303800975,0.09513133792414023,0.0947723808992039
316,316.0,315.99999974393796,0.06357670362739666,0.127022489770543,0.16490417388147546,0.08709419883245138,0.15501836879030062,0.2150894737889552,0.0930161390655902,0.09427845224328732
317,317.0,316.999999805973,0.06337430925624674,0.1265441874914305,0.16563487527898407,0.08794639624929684,0.15578982606328898,0.21538256631535152,0.09138662997038632,0.09394120937501488
318,318.0,317.99999986374485,0.06324656585470463,0.1260574547095132,0.16649427201561073,0.08872574349943188,0.15619486068135052,0.21536188558598413,0.08995299106243525,0.09396622659096948
319,319.0,318.999999917102,0.06318329781885076,0.12506415269938415,0.16741066126072845,0.08942802186098717,0.15654003286918686,0.2157868929749565,0.08857384091397408,0.09401309960193185
320,320.0,319.99999996595244,0.0631782830359032,0.12407459989958468,0.16837243792361006,0.09005377968701457,0.15682774139575156,0.21615809083559226,0.08725711489396681,0.09407795232857669
321,321.0,321.00000001025836,0.06322534803537092,0.12309805138839326,0.16936863184008932,0.09060427868846332,0.1570607227775629,0.2164764843204022,0.08600933955673824,0.09415714339297966
322,322.0,322.0000000500311,0.06346341117098311,0.12151675948742723,0.17048780474865974,0.09122297884500535,0.1573835590025066,0.2165422744591727,0.08498069456934822,0.09440251771689687
323,323.0,323.0000000853262,0.06374511787189509,0.11997344502110725,0.17171217184252077,0.09177099891369178,0.1576581620981459,0.2165688748739312,0.08403367922081265,0.09453755015789517
324,324.0,324.00000011623854,0.06405816026207288,0.11847632575563535,0.17280998165216374,0.09224821788512302,0.15788490052895657,0.21668126457530995,0.08316447424823656,0.09467667509250172
325,325.0,325.0000001428973,0.06432879358383894,0.1169683996646488,0.17461001014817026,0.09258971704629418,0.15800772475275526,0.21702977806872317,0.08182382591621659,0.09464175081935262
326,326.0,326.00000016546124,0.06453065688861746,0.1154380555176352,0.1760822221376625,0.0932303875132524,0.15876958968369562,0.2168480935622014,0.08045499558242408,0.09464599911451119
327,327.0,327.00000018411407,0.06469015780787543,0.11392450953821276,0.17746106572849785,0.0937485552838812,0.15937125112460412,0.2169846668500903,0.07923794474427508,0.0945818489225631
328,328.0,328.00000019906054,0.06500592983656223,0.11249026997072067,0.17876948472448162,0.09420046071065494,0.15992117549041396,0.2170040807716137,0.07810423693345225,0.09450436156210047
329,329.0,329.00000021052176,0.0655307349133959,0.11134639067917376,0.1801646966915425,0.09297328237615364,0.15971304368626504,0.21712244345973988,0.07837509418322296,0.09477431401050623
330,330.0,330.0000002187316,0.06606043981811079,0.11029537440564256,0.18147486072673613,0.09170366405296304,0.15946494260069385,0.21721783009611678,0.07873128770891528,0.09505160059082146
331,331.0,331.00000022393317,0.06652383220344632,0.10939647648575897,0.18296020158105225,0.09046503418800556,0.159294783492465,0.2168612832392544,0.07922183984213135,0.09527654896788604
