Total_iterations,Unnamed: 0.1,Intertwine_two,Add_vertex,Delete_vertex,Invert_path_vertices,Insert_inside_vertex,Delete_inside_vertex,Replace_inside_vertex,Donate_between_routes
0,0.0,0.125,0.125,0.125,0.125,0.125,0.125,0.125,0.125
1,1.0,0.125,0.125,0.125,0.125,0.125,0.125,0.125,0.125
2,2.0,0.125,0.125,0.125,0.125,0.125,0.125,0.125,0.125
3,3.0,0.125,0.125,0.125,0.125,0.125,0.125,0.125,0.125
4,4.0,0.125,0.125,0.125,0.125,0.125,0.125,0.125,0.125
5,5.0,0.125,0.125,0.125,0.125,0.125,0.125,0.125,0.125
6,6.0,0.125,0.125,0.125,0.125,0.125,0.125,0.125,0.125
7,7.0,0.125,0.125,0.125,0.125,0.125,0.125,0.125,0.125
8,8.0,0.125,0.125,0.125,0.125,0.125,0.125,0.125,0.125
9,9.0,0.125,0.125,0.125,0.125,0.125,0.125,0.125,0.125
10,10.0,0.125,0.125,0.125,0.125,0.125,0.125,0.125,0.125
11,11.0,0.125,0.125,0.125,0.125,0.125,0.125,0.125,0.125
12,12.0,0.125,0.125,0.125,0.125,0.125,0.125,0.125,0.125
13,13.0,0.125,0.125,0.125,0.125,0.125,0.125,0.125,0.125
14,14.0,0.125,0.125,0.125,0.125,0.125,0.125,0.125,0.125
15,15.0,0.125,0.125,0.125,0.125,0.125,0.125,0.125,0.125
16,16.0,0.125,0.125,0.125,0.125,0.125,0.125,0.125,0.125
17,17.0,0.125,0.125,0.125,0.125,0.125,0.125,0.125,0.125
18,18.0,0.125,0.125,0.125,0.125,0.125,0.125,0.125,0.125
19,19.0,0.125,0.125,0.125,0.125,0.125,0.125,0.125,0.125
20,20.0,0.125,0.125,0.125,0.125,0.125,0.125,0.125,0.125
21,21.0,0.125,0.125,0.125,0.125,0.125,0.125,0.125,0.125
22,22.0,0.125,0.125,0.125,0.125,0.125,0.125,0.125,0.125
23,23.0,0.125,0.125,0.125,0.125,0.125,0.125,0.125,0.125
24,24.0,0.125,0.125,0.125,0.125,0.125,0.125,0.125,0.125
25,25.0,0.125,0.125,0.125,0.125,0.125,0.125,0.125,0.125
26,26.0,0.125,0.125,0.125,0.125,0.125,0.125,0.125,0.125
27,27.0,0.125,0.125,0.125,0.125,0.125,0.125,0.125,0.125
28,28.0,0.125,0.125,0.125,0.125,0.125,0.125,0.125,0.125
29,29.0,0.125,0.125,0.125,0.125,0.125,0.125,0.125,0.125
30,30.0,0.125,0.125,0.125,0.125,0.125,0.125,0.125,0.125
31,31.0,0.125,0.125,0.125,0.125,0.125,0.125,0.125,0.125
32,32.0,0.125,0.125,0.125,0.125,0.125,0.125,0.125,0.125
33,33.0,0.125,0.125,0.125,0.125,0.125,0.125,0.125,0.125
34,34.0,0.125,0.125,0.125,0.125,0.125,0.125,0.125,0.125
35,35.0,0.125,0.125,0.125,0.125,0.125,0.125,0.125,0.125
36,36.0,0.125,0.125,0.125,0.125,0.125,0.125,0.125,0.125
37,37.0,0.125,0.125,0.125,0.125,0.125,0.125,0.125,0.125
38,38.0,0.125,0.125,0.125,0.125,0.125,0.125,0.125,0.125
39,39.0,0.125,0.125,0.125,0.125,0.125,0.125,0.125,0.125
40,40.0,0.125,0.125,0.125,0.125,0.125,0.125,0.125,0.125
41,41.0,0.125,0.125,0.125,0.125,0.125,0.125,0.125,0.125
42,42.0,0.125,0.125,0.125,0.125,0.125,0.125,0.125,0.125
43,43.0,0.125,0.125,0.125,0.125,0.125,0.125,0.125,0.125
44,44.0,0.125,0.125,0.125,0.125,0.125,0.125,0.125,0.125
45,45.0,0.125,0.125,0.125,0.125,0.125,0.125,0.125,0.125
46,46.0,0.125,0.125,0.125,0.125,0.125,0.125,0.125,0.125
47,47.0,0.125,0.125,0.125,0.125,0.125,0.125,0.125,0.125
48,48.0,0.125,0.125,0.125,0.125,0.125,0.125,0.125,0.125
49,49.0,0.125,0.125,0.125,0.125,0.125,0.125,0.125,0.125
50,50.0,0.125,0.125,0.125,0.125,0.125,0.125,0.125,0.125
51,51.0,0.125,0.125,0.125,0.125,0.125,0.125,0.125,0.125
52,52.0,0.125,0.125,0.125,0.125,0.125,0.125,0.125,0.125
53,53.0,0.125,0.125,0.125,0.125,0.125,0.125,0.125,0.125
54,54.0,0.125,0.125,0.125,0.125,0.125,0.125,0.125,0.125
55,55.0,0.125,0.125,0.125,0.125,0.125,0.125,0.125,0.125
56,56.0,0.125,0.125,0.125,0.125,0.125,0.125,0.125,0.125
57,57.0,0.125,0.125,0.125,0.125,0.125,0.125,0.125,0.125
58,58.0,0.125,0.125,0.125,0.125,0.125,0.125,0.125,0.125
59,59.0,0.125,0.125,0.125,0.125,0.125,0.125,0.125,0.125
60,60.0,0.125,0.125,0.125,0.125,0.125,0.125,0.125,0.125
61,61.0,0.125,0.125,0.125,0.125,0.125,0.125,0.125,0.125
62,62.0,0.125,0.125,0.125,0.125,0.125,0.125,0.125,0.125
63,63.0,0.125,0.125,0.125,0.125,0.125,0.125,0.125,0.125
64,64.0,0.125,0.125,0.125,0.125,0.125,0.125,0.125,0.125
65,65.0,0.125,0.125,0.125,0.125,0.125,0.125,0.125,0.125
66,66.0,0.125,0.125,0.125,0.125,0.125,0.125,0.125,0.125
67,67.0,0.125,0.125,0.125,0.125,0.125,0.125,0.125,0.125
68,68.0,0.125,0.125,0.125,0.125,0.125,0.125,0.125,0.125
69,69.0,0.125,0.125,0.125,0.125,0.125,0.125,0.125,0.125
70,70.0,0.125,0.125,0.125,0.125,0.125,0.125,0.125,0.125
71,71.0,0.125,0.125,0.125,0.125,0.125,0.125,0.125,0.125
72,72.0,0.125,0.125,0.125,0.125,0.125,0.125,0.125,0.125
73,73.0,0.125,0.125,0.125,0.125,0.125,0.125,0.125,0.125
74,74.0,0.125,0.125,0.125,0.125,0.125,0.125,0.125,0.125
75,75.0,0.125,0.125,0.125,0.125,0.125,0.125,0.125,0.125
76,76.0,0.125,0.125,0.125,0.125,0.125,0.125,0.125,0.125
77,77.0,0.125,0.125,0.125,0.125,0.125,0.125,0.125,0.125
78,78.0,0.125,0.125,0.125,0.125,0.125,0.125,0.125,0.125
79,79.0,0.125,0.125,0.125,0.125,0.125,0.125,0.125,0.125
80,80.0,0.125,0.125,0.125,0.125,0.125,0.125,0.125,0.125
81,81.0,0.125,0.125,0.125,0.125,0.125,0.125,0.125,0.125
82,82.0,0.125,0.125,0.125,0.125,0.125,0.125,0.125,0.125
83,83.0,0.125,0.125,0.125,0.125,0.125,0.125,0.125,0.125
84,84.0,0.125,0.125,0.125,0.125,0.125,0.125,0.125,0.125
85,85.0,0.125,0.125,0.125,0.125,0.125,0.125,0.125,0.125
86,86.0,0.125,0.125,0.125,0.125,0.125,0.125,0.125,0.125
87,87.0,0.125,0.125,0.125,0.125,0.125,0.125,0.125,0.125
88,88.0,0.125,0.125,0.125,0.125,0.125,0.125,0.125,0.125
89,89.0,0.125,0.125,0.125,0.125,0.125,0.125,0.125,0.125
90,90.0,0.125,0.125,0.125,0.125,0.125,0.125,0.125,0.125
91,91.0,0.125,0.125,0.125,0.125,0.125,0.125,0.125,0.125
92,92.0,0.125,0.125,0.125,0.125,0.125,0.125,0.125,0.125
93,93.0,0.125,0.125,0.125,0.125,0.125,0.125,0.125,0.125
94,94.0,0.125,0.125,0.125,0.125,0.125,0.125,0.125,0.125
95,95.0,0.125,0.125,0.125,0.125,0.125,0.125,0.125,0.125
96,96.0,0.125,0.125,0.125,0.125,0.125,0.125,0.125,0.125
97,97.0,0.125,0.125,0.125,0.125,0.125,0.125,0.125,0.125
98,98.0,0.125,0.125,0.125,0.125,0.125,0.125,0.125,0.125
99,99.0,0.125,0.125,0.125,0.125,0.125,0.125,0.125,0.125
100,100.0,0.125,0.125,0.125,0.125,0.125,0.125,0.125,0.125
101,101.0,0.125,0.125,0.125,0.125,0.125,0.125,0.125,0.125
102,102.0,0.125,0.125,0.125,0.125,0.125,0.125,0.125,0.125
103,103.0,0.125,0.125,0.125,0.125,0.125,0.125,0.125,0.125
104,104.0,0.125,0.125,0.125,0.125,0.125,0.125,0.125,0.125
105,105.0,0.125,0.125,0.125,0.125,0.125,0.125,0.125,0.125
106,106.0,0.125,0.125,0.125,0.125,0.125,0.125,0.125,0.125
107,107.0,0.125,0.125,0.125,0.125,0.125,0.125,0.125,0.125
108,108.0,0.125,0.125,0.125,0.125,0.125,0.125,0.125,0.125
109,109.0,0.125,0.125,0.125,0.125,0.125,0.125,0.125,0.125
110,110.0,0.125,0.125,0.125,0.125,0.125,0.125,0.125,0.125
111,111.0,0.125,0.125,0.125,0.125,0.125,0.125,0.125,0.125
112,112.0,0.125,0.125,0.125,0.125,0.125,0.125,0.125,0.125
113,113.0,0.125,0.125,0.125,0.125,0.125,0.125,0.125,0.125
114,114.0,0.125,0.125,0.125,0.125,0.125,0.125,0.125,0.125
115,115.0,0.125,0.125,0.125,0.125,0.125,0.125,0.125,0.125
116,116.0,0.125,0.125,0.125,0.125,0.125,0.125,0.125,0.125
117,117.0,0.125,0.125,0.125,0.125,0.125,0.125,0.125,0.125
118,118.0,0.125,0.125,0.125,0.125,0.125,0.125,0.125,0.125
119,119.0,0.125,0.125,0.125,0.125,0.125,0.125,0.125,0.125
120,120.0,0.125,0.125,0.125,0.125,0.125,0.125,0.125,0.125
121,121.0,0.125,0.125,0.125,0.125,0.125,0.125,0.125,0.125
122,122.0,0.125,0.125,0.125,0.125,0.125,0.125,0.125,0.125
123,123.0,0.125,0.125,0.125,0.125,0.125,0.125,0.125,0.125
124,124.0,0.125,0.125,0.125,0.125,0.125,0.125,0.125,0.125
125,125.0,0.125,0.125,0.125,0.125,0.125,0.125,0.125,0.125
126,126.0,0.125,0.125,0.125,0.125,0.125,0.125,0.125,0.125
127,127.0,0.125,0.125,0.125,0.125,0.125,0.125,0.125,0.125
128,128.0,0.125,0.125,0.125,0.125,0.125,0.125,0.125,0.125
129,129.0,0.125,0.125,0.125,0.125,0.125,0.125,0.125,0.125
130,130.0,0.125,0.125,0.125,0.125,0.125,0.125,0.125,0.125
131,131.0,0.125,0.125,0.125,0.125,0.125,0.125,0.125,0.125
132,132.0,0.125,0.125,0.125,0.125,0.125,0.125,0.125,0.125
133,133.0,0.125,0.125,0.125,0.125,0.125,0.125,0.125,0.125
134,134.0,0.125,0.125,0.125,0.125,0.125,0.125,0.125,0.125
135,135.0,0.125,0.125,0.125,0.125,0.125,0.125,0.125,0.125
136,136.0,0.125,0.125,0.125,0.125,0.125,0.125,0.125,0.125
137,137.0,0.125,0.125,0.125,0.125,0.125,0.125,0.125,0.125
138,138.0,0.125,0.125,0.125,0.125,0.125,0.125,0.125,0.125
139,139.0,0.125,0.125,0.125,0.125,0.125,0.125,0.125,0.125
140,140.0,0.125,0.125,0.125,0.125,0.125,0.125,0.125,0.125
141,141.0,0.125,0.125,0.125,0.125,0.125,0.125,0.125,0.125
142,142.0,0.125,0.125,0.125,0.125,0.125,0.125,0.125,0.125
143,143.0,0.125,0.125,0.125,0.125,0.125,0.125,0.125,0.125
144,144.0,0.125,0.125,0.125,0.125,0.125,0.125,0.125,0.125
145,145.0,0.125,0.125,0.125,0.125,0.125,0.125,0.125,0.125
146,146.0,0.125,0.125,0.125,0.125,0.125,0.125,0.125,0.125
147,147.0,0.125,0.125,0.125,0.125,0.125,0.125,0.125,0.125
148,148.0,0.125,0.125,0.125,0.125,0.125,0.125,0.125,0.125
149,149.0,0.125,0.125,0.125,0.125,0.125,0.125,0.125,0.125
150,150.0,0.125,0.125,0.125,0.125,0.125,0.125,0.125,0.125
151,151.0,0.125,0.125,0.125,0.125,0.125,0.125,0.125,0.125
152,152.0,0.125,0.125,0.125,0.125,0.125,0.125,0.125,0.125
153,153.0,0.125,0.125,0.125,0.125,0.125,0.125,0.125,0.125
154,154.0,0.125,0.125,0.125,0.125,0.125,0.125,0.125,0.125
155,155.0,0.125,0.125,0.125,0.125,0.125,0.125,0.125,0.125
156,156.0,0.125,0.125,0.125,0.125,0.125,0.125,0.125,0.125
157,157.0,0.125,0.125,0.125,0.125,0.125,0.125,0.125,0.125
158,158.0,0.125,0.125,0.125,0.125,0.125,0.125,0.125,0.125
159,159.0,0.125,0.125,0.125,0.125,0.125,0.125,0.125,0.125
160,160.0,0.125,0.125,0.125,0.125,0.125,0.125,0.125,0.125
161,161.0,0.125,0.125,0.125,0.125,0.125,0.125,0.125,0.125
162,162.0,0.125,0.125,0.125,0.125,0.125,0.125,0.125,0.125
163,163.0,0.125,0.125,0.125,0.125,0.125,0.125,0.125,0.125
164,164.0,0.125,0.125,0.125,0.125,0.125,0.125,0.125,0.125
165,165.0,0.125,0.125,0.125,0.125,0.125,0.125,0.125,0.125
166,166.0,0.125,0.125,0.125,0.125,0.125,0.125,0.125,0.125
167,167.0,0.125,0.125,0.125,0.125,0.125,0.125,0.125,0.125
168,168.0,0.125,0.125,0.125,0.125,0.125,0.125,0.125,0.125
169,169.0,0.125,0.125,0.125,0.125,0.125,0.125,0.125,0.125
170,170.0,0.125,0.125,0.125,0.125,0.125,0.125,0.125,0.125
171,171.0,0.125,0.125,0.125,0.125,0.125,0.125,0.125,0.125
172,172.0,0.125,0.125,0.125,0.125,0.125,0.125,0.125,0.125
173,173.0,0.125,0.125,0.125,0.125,0.125,0.125,0.125,0.125
174,174.0,0.125,0.125,0.125,0.125,0.125,0.125,0.125,0.125
175,175.0,0.125,0.125,0.125,0.125,0.125,0.125,0.125,0.125
176,176.0,0.125,0.125,0.125,0.125,0.125,0.125,0.125,0.125
177,177.0,0.125,0.125,0.125,0.125,0.125,0.125,0.125,0.125
178,178.0,0.125,0.125,0.125,0.125,0.125,0.125,0.125,0.125
179,179.0,0.125,0.125,0.125,0.125,0.125,0.125,0.125,0.125
180,180.0,0.125,0.125,0.125,0.125,0.125,0.125,0.125,0.125
181,181.0,0.125,0.125,0.125,0.125,0.125,0.125,0.125,0.125
182,182.0,0.125,0.125,0.125,0.125,0.125,0.125,0.125,0.125
183,183.0,0.125,0.125,0.125,0.125,0.125,0.125,0.125,0.125
184,184.0,0.125,0.125,0.125,0.125,0.125,0.125,0.125,0.125
185,185.0,0.125,0.125,0.125,0.125,0.125,0.125,0.125,0.125
186,186.0,0.125,0.125,0.125,0.125,0.125,0.125,0.125,0.125
187,187.0,0.125,0.125,0.125,0.125,0.125,0.125,0.125,0.125
188,188.0,0.125,0.125,0.125,0.125,0.125,0.125,0.125,0.125
189,189.0,0.125,0.125,0.125,0.125,0.125,0.125,0.125,0.125
190,190.0,0.125,0.125,0.125,0.125,0.125,0.125,0.125,0.125
191,191.0,0.125,0.125,0.125,0.125,0.125,0.125,0.125,0.125
192,192.0,0.125,0.125,0.125,0.125,0.125,0.125,0.125,0.125
193,193.0,0.125,0.125,0.125,0.125,0.125,0.125,0.125,0.125
194,194.0,0.125,0.125,0.125,0.125,0.125,0.125,0.125,0.125
195,195.0,0.125,0.125,0.125,0.125,0.125,0.125,0.125,0.125
196,196.0,0.125,0.125,0.125,0.125,0.125,0.125,0.125,0.125
197,197.0,0.125,0.125,0.125,0.125,0.125,0.125,0.125,0.125
198,198.0,0.125,0.125,0.125,0.125,0.125,0.125,0.125,0.125
199,199.0,0.125,0.125,0.125,0.125,0.125,0.125,0.125,0.125
200,200.0,0.1245833333333333,0.1256944444444444,0.1245833333333333,0.1245833333333333,0.1245833333333333,0.1256944444444444,0.1256944444444444,0.1245833333333333
201,201.0,0.1249486111111111,0.1261597222222222,0.1239486111111111,0.1239486111111111,0.1239486111111111,0.1260486111111111,0.1260486111111111,0.1249486111111111
202,202.0,0.1250412588383838,0.126432279040404,0.1231421679292929,0.1231421679292929,0.1231421679292929,0.1279384406565656,0.1261202588383838,0.1250412588383838
203,203.0,0.1251330675883838,0.126692297790404,0.1223528766792929,0.1223528766792929,0.1223528766792929,0.1298005594065656,0.1261823775883838,0.1251330675883838
204,204.0,0.1250843142824495,0.1267995432026515,0.1225591373026515,0.1214480261915404,0.1214480261915404,0.1314802283642677,0.1260964101824495,0.1250843142824495
205,205.0,0.1250345426592336,0.1268932201567992,0.1227843320057992,0.1205732208946881,0.1205732208946881,0.1331038958193245,0.1260030249102336,0.1250345426592336
206,206.0,0.1249085946909388,0.1268979911533581,0.1229485578579681,0.119658446746857,0.119658446746857,0.1353427434292683,0.1257523822595713,0.1248328371151813
207,207.0,0.1247835293099379,0.1268908808963033,0.1220133401928051,0.1198961413039162,0.1187850301928051,0.1374992283388744,0.1254990780311775,0.1246327717341803
208,208.0,0.1245216200224226,0.1267342597246778,0.1209590866498061,0.1200297918609172,0.1178186807498061,0.1394211330801919,0.1262181336473315,0.1242972942648468
209,209.0,0.1241530592008083,0.1264585338305439,0.1198221322410735,0.1210823552011847,0.1167922440900736,0.1419599188448585,0.1267079003451947,0.1230238562462628
210,210.0,0.1244064167209402,0.126023359290082,0.1185671049422565,0.1219054936670686,0.1156669816468665,0.1440311903255733,0.1277854769486853,0.1216139764585276
211,211.0,0.1246641699706451,0.12558854320284,0.1173578728048621,0.1227352470326771,0.114603539112475,0.1459735736485118,0.1288421458620447,0.1202349083659441
212,212.0,0.1249233018444688,0.1251583978843685,0.116201948634122,0.1235626562743817,0.1136063689213614,0.1477805337962222,0.1298694311651524,0.118897361479923
213,213.0,0.1253092882894662,0.1248008602750775,0.1151696634391808,0.1244437842762582,0.1127429181052116,0.1497039537411606,0.1301548701608744,0.1176746617127708
214,214.0,0.1255619942404802,0.1243904501083472,0.114137181302613,0.1252426530104759,0.1118866543628958,0.1519950045862059,0.1303403059105048,0.1164457564784773
215,215.0,0.1247886242838026,0.123939305994336,0.11383187970698,0.1259622469692057,0.1110481688772011,0.1547668399057242,0.1304366316339037,0.1152263026288468
216,216.0,0.124913067273317,0.1232908168537161,0.1133760405560916,0.1264381017752131,0.1100688727621263,0.1577641479695581,0.1302865991612644,0.1138623536487134
217,217.0,0.1249733767385882,0.122600281334634,0.1129183552510615,0.1268189120497896,0.1091017192958395,0.161030853644083,0.1300454238909963,0.1125110777950079
218,218.0,0.1246801303921553,0.1216946879960051,0.1132794638262326,0.1268504951334536,0.1079710443140033,0.164301250655385,0.1302223286032618,0.1110005990795033
219,219.0,0.1241433279003646,0.1206672192657913,0.1143546783386358,0.1274033886503903,0.1067671274306118,0.1672092822166896,0.1300304129093615,0.1094245632881551
220,220.0,0.1235664025263796,0.1196322288123445,0.1154173638549515,0.1278772086793792,0.1056012234465458,0.1695682817135609,0.1297734463718192,0.1085638445950193
221,221.0,0.1228088111368347,0.1185262516129555,0.1176903975018764,0.1282005572693581,0.1044066230121462,0.1713421381150491,0.1293859366408076,0.1076392847109724
222,222.0,0.1219050900494575,0.1173722606624092,0.1196296199162509,0.128390062626525,0.1032029563249875,0.173169088773698,0.1288896276811806,0.1074412939654911
223,223.0,0.1202895543518936,0.1151976895027426,0.1222132069540203,0.1285794173891165,0.102125370045744,0.174786530301269,0.1295336769850341,0.1072745544701798
224,224.0,0.1185890901501385,0.1130212025097771,0.1251204610489462,0.1275504926011656,0.1021780037508403,0.1758874926346215,0.130092468876294,0.1075607884282167
225,225.0,0.1176078916784836,0.1106422624024364,0.1285679713587078,0.1262129117312704,0.1019137042593446,0.1765006466512975,0.1303464474429713,0.1082081644754884
226,226.0,0.1165727332375241,0.1082562927821203,0.1328061260476129,0.1247623050852129,0.1016181967747199,0.1768200305316867,0.1293638320096354,0.1098004835314877
227,227.0,0.1157302299071149,0.1075672532066087,0.1361979414006144,0.1229947873082585,0.1009769540814046,0.1780775401503669,0.1280484141318091,0.1104068798138227
228,228.0,0.1146607387890151,0.1084167368047377,0.1394116293668943,0.1210307870954944,0.1001838427132472,0.1791333845318214,0.1265176906369479,0.1106451900618418
229,229.0,0.114341391259637,0.1091435110464129,0.1423168446748896,0.1199984695536423,0.0993135614751305,0.1798917473042489,0.1234614787468195,0.1115329959392192
230,230.0,0.1135073649924008,0.1099228255451091,0.1460253835473501,0.1189939772700172,0.0984950842789857,0.1802387623647972,0.1204341847911472,0.1123824172101925
231,231.0,0.1126597721413844,0.1107121769138391,0.1502161220038194,0.1179951164253342,0.0984711900455094,0.180180473615586,0.117433733699744,0.1123314151547832
232,232.0,0.1118081629671068,0.1115023856255429,0.1548040145759791,0.1170110301577769,0.0984700694020927,0.179754888735021,0.1144871633707275,0.1121622851657528
233,233.0,0.1092942085196395,0.1122092515890012,0.1592182246707012,0.1160496271782607,0.0993980924112073,0.1794159113500212,0.111618096737102,0.1127965875440667
234,234.0,0.1066644816574968,0.1133012605181457,0.1638685617789743,0.114759715710761,0.1000287927347589,0.179613417511766,0.1086171417468539,0.113146628341243
235,235.0,0.1040255215594323,0.1142556014037397,0.1683120327054835,0.1132855971673026,0.1012611201135928,0.17984876016094,0.1056754987835501,0.1133358681059586
236,236.0,0.1014055233837272,0.1150794937031915,0.1720928384390457,0.1116670925064881,0.103001775106492,0.1801721340064663,0.1028178176342067,0.1137633252203823
237,237.0,0.0995757186459606,0.1157345242684669,0.1748596810466463,0.1100414231528242,0.1045821564613242,0.1812108204887032,0.1000423052665127,0.1139533706695618
238,238.0,0.0976924168047908,0.1161400887079122,0.1770743500311277,0.1081935963686882,0.107564325246707,0.1821633225476218,0.0972615340255358,0.1139103662676161
239,239.0,0.0958307789688273,0.1164055563695738,0.1788192524086901,0.1063277845448266,0.1112681483004782,0.1827406315250524,0.094554815890872,0.1140530319916794
240,240.0,0.0937197881351138,0.1166714819404847,0.1800800591731426,0.1045936439893217,0.1149136216511326,0.1832769816810628,0.0920710124191078,0.1146734110106337
241,241.0,0.0917526909110629,0.1169073617733112,0.181014448379871,0.1023425503801934,0.1190673269347756,0.1838994162408127,0.0897848715779713,0.1152313338020017
242,242.0,0.0898794803994516,0.1170217884291539,0.1818061892460876,0.100670627332751,0.122835291867363,0.184525815876592,0.0876442000043138,0.1156166068442867
243,243.0,0.0885464390235332,0.1178323412144968,0.182037200545321,0.0989482389367749,0.127540220590544,0.1844229143728465,0.0856286939124026,0.1150439514040809
244,244.0,0.0872791436772854,0.1190448802380911,0.1818686673025144,0.0971821273084305,0.1323110213937817,0.1843041986895297,0.0836750024615174,0.1143349589288496
245,245.0,0.0860525423149024,0.1201231259999272,0.1824076876913719,0.0954575074747426,0.1365345710791645,0.184147135935612,0.0818301658705982,0.1134472636336809
246,246.0,0.0848514153244591,0.1210203922123255,0.1835138842845077,0.0936855117193976,0.1405283691307826,0.1836537304973691,0.0803644439385084,0.1123822528926497
247,247.0,0.0837654155733443,0.1218500844137172,0.1845692552204177,0.0920402462587791,0.1442449151633425,0.1832134213382698,0.0790700990886919,0.1112465629434373
248,248.0,0.0828173352085811,0.1226222031947293,0.1854236489607849,0.0905370308295605,0.1476863090299646,0.1828545812012701,0.0779541125225949,0.1101047790525145
249,249.0,0.0819849893100668,0.1233292261954102,0.1859253587365684,0.0891711340687149,0.1508400934943972,0.1824466696923067,0.0770110065200839,0.1092915219824516
250,250.0,0.0813192519270443,0.1234756767602497,0.1865412911451931,0.0879970176229274,0.1537580261981288,0.1823230673708185,0.0763424036856845,0.1082432652899534
251,251.0,0.080697795880694,0.1240481878306247,0.1870148137004459,0.0868953287846351,0.1563225971496773,0.1822076980299304,0.0757041159104856,0.1071094627135067
252,252.0,0.0807233367742506,0.1246052551530174,0.1877405687406481,0.08549748987319,0.1583027239538326,0.1819242927007434,0.0752236152281943,0.1059827175761233
253,253.0,0.08083241946917,0.1250947495097085,0.1881256570688039,0.0842253071552021,0.1599968415748412,0.1817099134262118,0.0751682021486897,0.1048469096473726
254,254.0,0.0810144907707626,0.1255178149947961,0.1881909158463217,0.0830782185796004,0.1614158914959024,0.1813200440502893,0.0752132355246779,0.1042493887376492
255,255.0,0.0812067161884064,0.1258235308946212,0.1887179001119903,0.08197553688246,0.1623619623049896,0.1809791628822778,0.0753205018533334,0.1036146888819211
256,256.0,0.0817381831799098,0.1253529736150279,0.1900738600606858,0.0810894548192725,0.1622045379318264,0.1800232108512494,0.0759256561063631,0.1035921234356648
257,257.0,0.0822734741055139,0.124792661884661,0.1914047832193887,0.080261142634965,0.1621129747295231,0.1790425745936012,0.0765743714677546,0.1035380173645923
258,258.0,0.0828398180516981,0.1241904942738236,0.192712802501326,0.0795459069908952,0.1618227144287311,0.1781528647726934,0.0772636475116841,0.1034717514691483
259,259.0,0.0834409549188882,0.1235627855506367,0.1938829480895864,0.0789457000934456,0.1613626368462727,0.1773713862632542,0.0780011515553695,0.1034324366825465
260,260.0,0.0843302664777196,0.1229180814502381,0.1949155931176811,0.0784547356735997,0.1607540390228102,0.1764365402377573,0.0787741148317406,0.1034166291884532
261,261.0,0.0852126796023829,0.1222575033922123,0.1956640480232766,0.0780599739686549,0.160010833801538,0.1758639569644354,0.0795504638281572,0.1033805404193425
262,262.0,0.0860787780473967,0.1215886373590835,0.1963902059959922,0.0777551351303518,0.1591533067806309,0.1753899361221493,0.0803205447130964,0.1033234558512991
263,263.0,0.0870784377894654,0.1210643678403445,0.1955907827938416,0.0776796422920603,0.1587664128614931,0.174960876068614,0.0812339266430682,0.1036255537111127
264,264.0,0.0880621768735481,0.1205493486518286,0.1946835414128293,0.0776851865542473,0.1583032060676017,0.1746425339343096,0.0821407613643138,0.1039332451413213
265,265.0,0.0890032091924359,0.1200414592921836,0.1935466035867742,0.0777572631040278,0.1577696040941557,0.1746629463528042,0.0830138463690872,0.1042050680085312
266,266.0,0.089895195584006,0.1195445049487674,0.1926359171958681,0.0778879372237934,0.1571774217554938,0.1745738704282743,0.0838463849362342,0.1044387679275627
267,267.0,0.0907329541420357,0.119061816263801,0.1917654410182396,0.0780694970157574,0.1565378935119337,0.1745669105629241,0.084632704906941,0.1046327825783672
268,268.0,0.0915282517726363,0.1186015484892176,0.1908485585932302,0.0782997932457092,0.1558669041673295,0.1746529871555635,0.0853840581917064,0.104817898384607
269,269.0,0.0922613030061791,0.1181605544501838,0.1899926603455942,0.0785661415460092,0.1551688019636907,0.1748100818447017,0.0860801269909323,0.1049603298527086
270,270.0,0.0928819248197946,0.1188039379424353,0.1891123465091871,0.0788137833444089,0.1526775165994734,0.1758059858490986,0.0866701854647242,0.1052343194708776
271,271.0,0.0934654071395147,0.118297175316278,0.189145576212255,0.0799462703352809,0.1501317397368475,0.1770114460595975,0.086514690794619,0.1054876944056072
272,272.0,0.0939191640351467,0.1176136622382809,0.1891257167051218,0.0809597805506097,0.1475542864613413,0.1787854499245414,0.086241940073664,0.1058000000112938
273,273.0,0.094197202296386,0.1167282938287295,0.1888580123558245,0.0818598803135367,0.1459202103870457,0.1804684909259562,0.0858117582857659,0.1061561516067551
274,274.0,0.0944133315692797,0.1158696521480512,0.1884612829969001,0.0827484525148493,0.1443510573977592,0.1821556819411744,0.0853430137028729,0.1066575277291128
275,275.0,0.0945706262862551,0.1150432059705688,0.187943991727352,0.0836173192190992,0.1428555817452773,0.1838325130016161,0.0848431050090793,0.1072936570407517
276,276.0,0.0945933231857331,0.1149847613171427,0.1873301615354551,0.0843723416001734,0.1412630406527583,0.1854107383239051,0.0842398888451566,0.1078057445396753
277,277.0,0.0944492448183808,0.1146926565691898,0.1866908718436234,0.084960023895896,0.1406973355774392,0.1868586571256648,0.0835239002329521,0.1081273099368535
278,278.0,0.0942344447752375,0.1144004188771593,0.1861762499947164,0.0854617703682342,0.1400387722884843,0.1881040611807016,0.0832083316202652,0.1083759508952011
279,279.0,0.0946623750884643,0.1139177798790939,0.1857658241799918,0.085815795910882,0.1395071196561365,0.189236745952282,0.0827998217370678,0.1082945375960813
280,280.0,0.0956527838810849,0.1133029095739619,0.1853910041109848,0.086077141334272,0.1388893066194429,0.1902628391741671,0.0823328497632104,0.1080911655428756
281,281.0,0.0960627235078217,0.1132505711147669,0.1849776766194952,0.0862575228450118,0.138608852001784,0.1912015791111259,0.0818296170886564,0.1078114577113377
282,282.0,0.0964191686725233,0.1132026772696503,0.1845444769678414,0.0863597766863032,0.1386032363063451,0.1920831384425969,0.0813105507629905,0.107476974891749
283,283.0,0.0965874642980083,0.1129880138109012,0.1840899312741982,0.0863440455215252,0.1387214326657541,0.192706186059984,0.081353763345512,0.1072091630241167
284,284.0,0.0965857036557556,0.113215386111662,0.1836650970556749,0.0862214187632465,0.1389569941059934,0.1932254592280596,0.0813022615640574,0.1068276795155502
285,285.0,0.0969987800203838,0.1133012978127674,0.1831172781951106,0.0860395639531701,0.1391419210223355,0.1938426565081547,0.081189693905481,0.1063688085825965
286,286.0,0.0973685195546841,0.1134057329141425,0.1828029603073463,0.0850660416734925,0.1401365318947963,0.1942677844338694,0.0810811761801581,0.1058712530415103
287,287.0,0.0976398392047884,0.1140748924959002,0.1824687816349781,0.0840267637530365,0.1410473616385444,0.1945348818992754,0.0809215272063196,0.105285952167157
288,288.0,0.0978562484401152,0.1147261323858239,0.1820253257033464,0.082950859179744,0.1417875080118923,0.194918247585995,0.0807413831676522,0.1049942955254306
289,289.0,0.0979135376551886,0.1150241307535744,0.1822803429341763,0.0818266667441162,0.1426104826604263,0.1951928908003096,0.0804967935291687,0.1046551549230393
290,290.0,0.0978373907874695,0.1156647785657211,0.1825392683512285,0.0807012916395017,0.1433549454239358,0.1953772821849027,0.0802173384024081,0.1043077046448321
291,291.0,0.0968477608671307,0.1164106207739718,0.1830450283144588,0.0797209012054827,0.1442034666059781,0.1956133983305379,0.0800677784196294,0.1040910454828101
292,292.0,0.095909911963746,0.1173115394848566,0.1832387432735094,0.0788387707376726,0.1451500700661574,0.1959217445298716,0.0800006391313705,0.1036285808128154
293,293.0,0.0940139841148401,0.1188994454020042,0.1835417914930975,0.0780250136577151,0.1461497806851414,0.1961849462474924,0.0799942895112486,0.1031907488884603
294,294.0,0.0921632519486696,0.1203286680900936,0.1829456951423669,0.0773198375421009,0.1467171070762453,0.1965769458698707,0.0811405308531757,0.1028079634774769
295,295.0,0.0902369193817401,0.1211955857769654,0.1819764476998422,0.076584346149581,0.1469746724327593,0.1968432592717832,0.0828473389572951,0.1033414303300334
296,296.0,0.0881557035718764,0.1224964870748665,0.1807935027888408,0.0756978663309781,0.1472075654980835,0.1975405682982889,0.0841770608871728,0.1039312455498927
297,297.0,0.0860820039673916,0.1236124689666852,0.1795365615016443,0.0747882164004071,0.1474750113496815,0.1980348260025114,0.0860301154965856,0.104440796315093
298,298.0,0.0840801437846931,0.1246628778774534,0.178383826123868,0.073935967028855,0.1477087010053644,0.1993723412540308,0.0878325113745985,0.1040236315511364
299,299.0,0.0820282032874639,0.1253795126648436,0.1771371972217592,0.0730311614543261,0.1474982326896561,0.2013417485095157,0.0901032027062725,0.1034807414661626
300,300.0,0.0800796282127605,0.1260286264242661,0.1759469143743575,0.0721917817474459,0.1472626364462667,0.2032393777206535,0.092300571333556,0.1029504637406935
301,301.0,0.0780883722209184,0.1262950408309991,0.174878556375496,0.0721175797495425,0.1472073167075356,0.2049714202935382,0.0941315346784211,0.1023101791435488
302,302.0,0.0761738467594791,0.1264221674615609,0.1738600289995085,0.0720653442720428,0.1470949920412278,0.2070392992132085,0.0957102813665548,0.1016340398864173
303,303.0,0.0743474044929547,0.1265795548094623,0.1719116403658222,0.0728669668364819,0.1469327186722313,0.2088274144831258,0.0976029071054383,0.1009313932344833
304,304.0,0.0726111662952766,0.1265332983732198,0.1700833743926078,0.0736901695324018,0.1470462093383778,0.2104739456805829,0.0993399977974834,0.1002218385900497
305,305.0,0.0709722468814783,0.1263009914633003,0.1683849925929381,0.074524032460062,0.1474123822901484,0.2119753858780482,0.1009185087803946,0.0995114596536298
306,306.0,0.0694735972736033,0.1260277580003667,0.1667872386192037,0.0753762488691099,0.1477644054715608,0.2133567192840356,0.1023748066215499,0.0988392258605697
307,307.0,0.0680929194934583,0.1259894731729773,0.1655116285286566,0.0762285883690208,0.1479692238264645,0.2142796318676851,0.1036908039001226,0.0982377308416147
308,308.0,0.0671862947802146,0.1257861956370042,0.1643570001535567,0.0776166937857802,0.1480249417452856,0.2151069492469839,0.1042867996728883,0.0976351249782863
309,309.0,0.0666470686791203,0.126069156373985,0.1636267311895861,0.0786965236290719,0.1482216278002801,0.2153149405555662,0.1040997492383561,0.0973242025340341
310,310.0,0.0660810833409715,0.1264328682601749,0.1629277517812251,0.0795153185562914,0.1493171456435127,0.2151440868088795,0.1036656097998141,0.0969161358091305
311,311.0,0.0654345308247982,0.127234420299064,0.1621527279442399,0.0809440169108253,0.1500263047374384,0.2145499795155435,0.1029516984430232,0.0967063213250672
312,312.0,0.0649356475948853,0.1280693473537477,0.1622698428475795,0.0823966820347438,0.1510608313798662,0.2139021033710279,0.1011180694945615,0.0962474759235878
313,313.0,0.0645289519649146,0.1279994230671213,0.1625130145765183,0.0837652547415986,0.1521971678430538,0.2140031559196647,0.0992098350032221,0.0957831968839063
314,314.0,0.064153815992542,0.1277645469931178,0.1629544851597772,0.0850074250054633,0.1532225023687611,0.2144094943792424,0.0972071343102021,0.0952805957908938
315,315.0,0.0638354116918342,0.1274332975767902,0.1639635609295306,0.0861155988822239,0.1541625490582669,0.2145858630380097,0.0951313379241402,0.0947723808992039
316,316.0,0.0635767036273966,0.127022489770543,0.1649041738814754,0.0870941988324513,0.1550183687903006,0.2150894737889552,0.0930161390655902,0.0942784522432873
317,317.0,0.0633743092562467,0.1265441874914305,0.165634875278984,0.0879463962492968,0.1557898260632889,0.2153825663153515,0.0913866299703863,0.0939412093750148
318,318.0,0.0632465658547046,0.1260574547095132,0.1664942720156107,0.0887257434994318,0.1561948606813505,0.2153618855859841,0.0899529910624352,0.0939662265909694
319,319.0,0.0631832978188507,0.1250641526993841,0.1674106612607284,0.0894280218609871,0.1565400328691868,0.2157868929749565,0.088573840913974,0.0940130996019318
320,320.0,0.0631782830359032,0.1240745998995846,0.16837243792361,0.0900537796870145,0.1568277413957515,0.2161580908355922,0.0872571148939668,0.0940779523285766
321,321.0,0.0632253480353709,0.1230980513883932,0.1693686318400893,0.0906042786884633,0.1570607227775629,0.2164764843204022,0.0860093395567382,0.0941571433929796
322,322.0,0.0634634111709831,0.1215167594874272,0.1704878047486597,0.0912229788450053,0.1573835590025066,0.2165422744591727,0.0849806945693482,0.0944025177168968
323,323.0,0.063745117871895,0.1199734450211072,0.1717121718425207,0.0917709989136917,0.1576581620981459,0.2165688748739312,0.0840336792208126,0.0945375501578951
324,324.0,0.0640581602620728,0.1184763257556353,0.1728099816521637,0.092248217885123,0.1578849005289565,0.2166812645753099,0.0831644742482365,0.0946766750925017
325,325.0,0.0643287935838389,0.1169683996646488,0.1746100101481702,0.0925897170462941,0.1580077247527552,0.2170297780687231,0.0818238259162165,0.0946417508193526
326,326.0,0.0645306568886174,0.1154380555176352,0.1760822221376625,0.0932303875132524,0.1587695896836956,0.2168480935622014,0.080454995582424,0.0946459991145111
327,327.0,0.0646901578078754,0.1139245095382127,0.1774610657284978,0.0937485552838812,0.1593712511246041,0.2169846668500903,0.079237944744275,0.0945818489225631
328,328.0,0.0650059298365622,0.1124902699707206,0.1787694847244816,0.0942004607106549,0.1599211754904139,0.2170040807716137,0.0781042369334522,0.0945043615621004
329,329.0,0.0655307349133959,0.1113463906791737,0.1801646966915425,0.0929732823761536,0.159713043686265,0.2171224434597398,0.0783750941832229,0.0947743140105062
330,330.0,0.0660604398181107,0.1102953744056425,0.1814748607267361,0.091703664052963,0.1594649426006938,0.2172178300961167,0.0787312877089152,0.0950516005908214
331,331.0,0.0665238322034463,0.1093964764857589,0.1829602015810522,0.0904650341880055,0.159294783492465,0.2168612832392544,0.0792218398421313,0.095276548967886
332,332.0,0.0668126495955606,0.1091363888646051,0.1840975328065534,0.0890482414198353,0.1588736393362588,0.2162171939143441,0.079490062979107,0.0963242910837352
333,333.0,0.0670473220328364,0.1088670846237278,0.1858304291494816,0.0875891160738619,0.1581915701514413,0.2153954556285493,0.0797632664249313,0.0973157559151699
334,334.0,0.066894709555604,0.1089257460381522,0.187291295277106,0.086105640700697,0.1574122724308925,0.2151017131547133,0.0800331990017433,0.0982354238410912
335,335.0,0.066824000246632,0.1094423082777346,0.1885588181191534,0.0846063900253581,0.1567818614078604,0.2144335273927919,0.0802820078389346,0.0990710866915346
336,336.0,0.0667212458627962,0.1098956103464709,0.1896936437450058,0.0831384878070062,0.1563642654480499,0.2136887773136366,0.0806556870715947,0.0998422824054394
337,337.0,0.0669346504230294,0.1101574092617852,0.1903192800582396,0.0820554452975864,0.1554208215670759,0.2125123985452213,0.081369248174529,0.1012307466725329
338,338.0,0.0670312877786583,0.1103498688335099,0.1907275629272448,0.0819206171375659,0.1543820941471658,0.2112516717673085,0.0819862637744072,0.1023506336341391
339,339.0,0.067149095471813,0.1106426296875844,0.1912424001959726,0.0819051614609026,0.1536939937400734,0.2098310810776126,0.0823552484910651,0.103180389874976
340,340.0,0.0673215587385903,0.1118321373611652,0.1919129013908719,0.0819831694381949,0.1530176316643406,0.2068450927271281,0.0827773204969944,0.1043101881827144
341,341.0,0.0680533725567722,0.1131495288107905,0.1923564844403326,0.0820308978100873,0.1525733715018445,0.2037259977444305,0.0831294322852141,0.104980914850528
342,342.0,0.0687649101584894,0.1144646607678978,0.192813348611525,0.0821154662769389,0.1521591474610784,0.2006348138977038,0.0834702577657113,0.1055773950606552
343,343.0,0.0699475284107538,0.1157956568417255,0.1932024208999528,0.082186522466389,0.1515864135981978,0.1974755143825546,0.0837514040035719,0.1060545393968544
344,344.0,0.0709871655675468,0.1174863615828427,0.193396073363444,0.0822245858163418,0.1511330744056112,0.1954184384252299,0.0839650918814317,0.1053892089575516
345,345.0,0.0719934672381787,0.1191181606019853,0.1937397884087811,0.082269835627547,0.1505715483839702,0.1933769754286283,0.0840617281690002,0.1048684961419089
346,346.0,0.0729529942778356,0.1212502044318917,0.1943476151543375,0.0823369663685357,0.1497539829569582,0.1909188468992378,0.0841407770172926,0.1042986128939106
347,347.0,0.0736735537012607,0.1230109435929493,0.1952938032148425,0.0821867288932566,0.1498813013168813,0.1883607476041997,0.0840657642471564,0.1035271574294532
348,348.0,0.0746772854806897,0.1244242295171002,0.1960436015233776,0.0818532440027877,0.1499760931606734,0.1865825025610518,0.0838576831517689,0.1025853606025504
349,349.0,0.0755297520521714,0.1257445889487604,0.1966507664741962,0.0815172270709505,0.1500567365487673,0.1847917517490637,0.083619819149349,0.1020893580067413
350,350.0,0.0763232695564998,0.1269750607498121,0.1971877754678473,0.0812037200426288,0.1501666970357091,0.1831721320177181,0.0833789577420529,0.1015923873877318
351,351.0,0.076969217638767,0.1279824588354355,0.1980458843997218,0.0808919619761092,0.1502586532634544,0.1816794364129741,0.0831161622627959,0.101056225210742
352,352.0,0.0775463083307709,0.1291361399534407,0.1988262453285215,0.0805818535528347,0.1502298044919638,0.1803473530096725,0.0828407195780324,0.1004915757547632
353,353.0,0.0780594020801522,0.1301907116319706,0.1991171744421476,0.080749641046918,0.1502193925166431,0.1791693591841801,0.082564140066229,0.0999301790317592
354,354.0,0.0786135378227544,0.131220859775129,0.1994805379536789,0.0810264257888512,0.1504646973700899,0.1793561358159011,0.0813857324522471,0.098452073021348
355,355.0,0.0786535704105066,0.1326079211247099,0.2006134565566139,0.0813190659829915,0.1498904628665394,0.1796849957691257,0.0802255553488896,0.0970049719406233
356,356.0,0.0784643870668935,0.1347180291622704,0.2014383293164666,0.0811205755481236,0.1494223295062501,0.1804931429668719,0.0789181738009137,0.09542503263221
357,357.0,0.0785921298898163,0.1365336522645113,0.2021021876144221,0.0808433700812357,0.1488843096200187,0.1807689728071159,0.0775581652850444,0.0947172124378353
358,358.0,0.0786275607769998,0.1381807237274586,0.2033527681921253,0.0804729960745394,0.1483186200485876,0.1808132730269172,0.0762031651597533,0.0940308929936187
359,359.0,0.0786236524102538,0.13970372379752,0.2045280828888695,0.0801186978448123,0.1477804578294701,0.1809389252618361,0.0749049636320005,0.0934014963352376
360,360.0,0.0784610011752622,0.1409006954141493,0.2060719570938352,0.079611415125659,0.1471490752262495,0.1816278797793534,0.0735474862339332,0.092630489951558
361,361.0,0.0779457471723773,0.1427276591428397,0.2075736770682702,0.0787066432622387,0.1465504905652988,0.1824193090739064,0.0723344697446988,0.0917420039703699
362,362.0,0.0773482289034049,0.1445520589125567,0.2094556129929152,0.077738622215718,0.1458467583495407,0.1830281548583511,0.0711526519507188,0.0908779118167944
363,363.0,0.0775166204904039,0.1463624697892044,0.2110341284567464,0.0767237306947133,0.145053347134733,0.1832701076179449,0.0700061264317613,0.0900334693844926
364,364.0,0.0776381815790594,0.1479988975710636,0.2123409488852871,0.0756851846805573,0.1442707607069716,0.1839320981920027,0.0689108007374559,0.0892231276476021
365,365.0,0.0777197973063916,0.1498797134017861,0.2133537100272464,0.0746377019296788,0.1432218230144633,0.1849731760081941,0.0678791715398009,0.0883349067724385
366,366.0,0.0777847950117814,0.1516076689564491,0.2141676054016941,0.0736421991077303,0.1422240337927487,0.1860107316036046,0.0669291676126781,0.0876337985133134
367,367.0,0.0778371076498726,0.1531851524013667,0.2148747136929806,0.07270489381479,0.141027306395307,0.1870435050328684,0.0660679687273125,0.0872593522855018
368,368.0,0.0771199048434384,0.1547629512645797,0.2155544001022667,0.0719050969266441,0.1399700287202121,0.1882131619298229,0.0653710639441395,0.0871033922688963
369,369.0,0.0763832553309408,0.1563317495221197,0.2161185551196047,0.0711609372455763,0.1391576919308436,0.1893500172344292,0.0647528745746532,0.0867449190418321
370,370.0,0.0755599834016243,0.1582948708700903,0.2170229192470029,0.0703981704215673,0.1385340222666196,0.1897677869615225,0.0641355887450576,0.086286658086515
371,371.0,0.0747081388076187,0.1599468984948787,0.2176603195654414,0.0696414794576089,0.1378743439338325,0.1907491573575913,0.0635667993695912,0.0858528630134367
372,372.0,0.0738318686909465,0.1617401983671741,0.2180432233158292,0.0688844060376024,0.1372938921245463,0.1915030467479221,0.0630340523701454,0.0856693123458336
373,373.0,0.0721547517480576,0.1637725412736855,0.2181468608084501,0.0682631533904263,0.1370583426113631,0.1921310784308186,0.0627038344262199,0.0857694373109784
374,374.0,0.0705617165363114,0.1648096651355176,0.2181166967184734,0.067739173095186,0.1371124105218622,0.1917850350131814,0.062930723403648,0.0869445795758196
375,375.0,0.0689707642462005,0.1653205796002567,0.218102636449734,0.0672307554875165,0.1371862161685895,0.1911812778541597,0.0634085218174008,0.0885992483761418
