,Unnamed: 0,Total_iterations,Intertwine_two,Invert_path_vertices,Insert_inside_vertex,Delete_inside_vertex,Replace_inside_vertex,Donate_between_routes,Trim_one_terminal_cb,Grow_one_terminal_cb
0,0.0,0.0,0.125,0.125,0.125,0.125,0.125,0.125,0.125,0.125
1,1.0,1.0,0.125,0.125,0.125,0.125,0.125,0.125,0.125,0.125
2,2.0,2.0,0.125,0.125,0.125,0.125,0.125,0.125,0.125,0.125
3,3.0,3.0,0.125,0.125,0.125,0.125,0.125,0.125,0.125,0.125
4,4.0,4.0,0.125,0.125,0.125,0.125,0.125,0.125,0.125,0.125
5,5.0,5.0,0.125,0.125,0.125,0.125,0.125,0.125,0.125,0.125
6,6.0,6.0,0.125,0.125,0.125,0.125,0.125,0.125,0.125,0.125
7,7.0,7.0,0.125,0.125,0.125,0.125,0.125,0.125,0.125,0.125
8,8.0,8.0,0.125,0.125,0.125,0.125,0.125,0.125,0.125,0.125
9,9.0,9.0,0.125,0.125,0.125,0.125,0.125,0.125,0.125,0.125
10,10.0,10.0,0.125,0.125,0.125,0.125,0.125,0.125,0.125,0.125
11,11.0,11.0,0.125,0.125,0.125,0.125,0.125,0.125,0.125,0.125
12,12.0,12.0,0.125,0.125,0.125,0.125,0.125,0.125,0.125,0.125
13,13.0,13.0,0.125,0.125,0.125,0.125,0.125,0.125,0.125,0.125
14,14.0,14.0,0.125,0.125,0.125,0.125,0.125,0.125,0.125,0.125
15,15.0,15.0,0.125,0.125,0.125,0.125,0.125,0.125,0.125,0.125
16,16.0,16.0,0.125,0.125,0.125,0.125,0.125,0.125,0.125,0.125
17,17.0,17.0,0.125,0.125,0.125,0.125,0.125,0.125,0.125,0.125
18,18.0,18.0,0.125,0.125,0.125,0.125,0.125,0.125,0.125,0.125
19,19.0,19.0,0.125,0.125,0.125,0.125,0.125,0.125,0.125,0.125
20,20.0,20.0,0.125,0.125,0.125,0.125,0.125,0.125,0.125,0.125
21,21.0,21.0,0.125,0.125,0.125,0.125,0.125,0.125,0.125,0.125
22,22.0,22.0,0.125,0.125,0.125,0.125,0.125,0.125,0.125,0.125
23,23.0,23.0,0.125,0.125,0.125,0.125,0.125,0.125,0.125,0.125
24,24.0,24.0,0.125,0.125,0.125,0.125,0.125,0.125,0.125,0.125
25,25.0,25.0,0.125,0.125,0.125,0.125,0.125,0.125,0.125,0.125
26,26.0,26.0,0.125,0.125,0.125,0.125,0.125,0.125,0.125,0.125
27,27.0,27.0,0.125,0.125,0.125,0.125,0.125,0.125,0.125,0.125
28,28.0,28.0,0.125,0.125,0.125,0.125,0.125,0.125,0.125,0.125
29,29.0,29.0,0.125,0.125,0.125,0.125,0.125,0.125,0.125,0.125
30,30.0,30.0,0.125,0.125,0.125,0.125,0.125,0.125,0.125,0.125
31,31.0,31.0,0.125,0.125,0.125,0.125,0.125,0.125,0.125,0.125
32,32.0,32.0,0.125,0.125,0.125,0.125,0.125,0.125,0.125,0.125
33,33.0,33.0,0.125,0.125,0.125,0.125,0.125,0.125,0.125,0.125
34,34.0,34.0,0.125,0.125,0.125,0.125,0.125,0.125,0.125,0.125
35,35.0,35.0,0.125,0.125,0.125,0.125,0.125,0.125,0.125,0.125
36,36.0,36.0,0.125,0.125,0.125,0.125,0.125,0.125,0.125,0.125
37,37.0,37.0,0.125,0.125,0.125,0.125,0.125,0.125,0.125,0.125
38,38.0,38.0,0.125,0.125,0.125,0.125,0.125,0.125,0.125,0.125
39,39.0,39.0,0.125,0.125,0.125,0.125,0.125,0.125,0.125,0.125
40,40.0,40.0,0.125,0.125,0.125,0.125,0.125,0.125,0.125,0.125
41,41.0,41.0,0.125,0.125,0.125,0.125,0.125,0.125,0.125,0.125
42,42.0,42.0,0.125,0.125,0.125,0.125,0.125,0.125,0.125,0.125
43,43.0,43.0,0.125,0.125,0.125,0.125,0.125,0.125,0.125,0.125
44,44.0,44.0,0.125,0.125,0.125,0.125,0.125,0.125,0.125,0.125
45,45.0,45.0,0.125,0.125,0.125,0.125,0.125,0.125,0.125,0.125
46,46.0,46.0,0.125,0.125,0.125,0.125,0.125,0.125,0.125,0.125
47,47.0,47.0,0.125,0.125,0.125,0.125,0.125,0.125,0.125,0.125
48,48.0,48.0,0.125,0.125,0.125,0.125,0.125,0.125,0.125,0.125
49,49.0,49.0,0.125,0.125,0.125,0.125,0.125,0.125,0.125,0.125
50,50.0,50.0,0.125,0.125,0.125,0.125,0.125,0.125,0.125,0.125
51,51.0,51.0,0.125,0.125,0.125,0.125,0.125,0.125,0.125,0.125
52,52.0,52.0,0.125,0.125,0.125,0.125,0.125,0.125,0.125,0.125
53,53.0,53.0,0.125,0.125,0.125,0.125,0.125,0.125,0.125,0.125
54,54.0,54.0,0.125,0.125,0.125,0.125,0.125,0.125,0.125,0.125
55,55.0,55.0,0.125,0.125,0.125,0.125,0.125,0.125,0.125,0.125
56,56.0,56.0,0.125,0.125,0.125,0.125,0.125,0.125,0.125,0.125
57,57.0,57.0,0.125,0.125,0.125,0.125,0.125,0.125,0.125,0.125
58,58.0,58.0,0.125,0.125,0.125,0.125,0.125,0.125,0.125,0.125
59,59.0,59.0,0.125,0.125,0.125,0.125,0.125,0.125,0.125,0.125
60,60.0,60.0,0.125,0.125,0.125,0.125,0.125,0.125,0.125,0.125
61,61.0,61.0,0.125,0.125,0.125,0.125,0.125,0.125,0.125,0.125
62,62.0,62.0,0.125,0.125,0.125,0.125,0.125,0.125,0.125,0.125
63,63.0,63.0,0.125,0.125,0.125,0.125,0.125,0.125,0.125,0.125
64,64.0,64.0,0.125,0.125,0.125,0.125,0.125,0.125,0.125,0.125
65,65.0,65.0,0.125,0.125,0.125,0.125,0.125,0.125,0.125,0.125
66,66.0,66.0,0.125,0.125,0.125,0.125,0.125,0.125,0.125,0.125
67,67.0,67.0,0.125,0.125,0.125,0.125,0.125,0.125,0.125,0.125
68,68.0,68.0,0.125,0.125,0.125,0.125,0.125,0.125,0.125,0.125
69,69.0,69.0,0.125,0.125,0.125,0.125,0.125,0.125,0.125,0.125
70,70.0,70.0,0.125,0.125,0.125,0.125,0.125,0.125,0.125,0.125
71,71.0,71.0,0.125,0.125,0.125,0.125,0.125,0.125,0.125,0.125
72,72.0,72.0,0.125,0.125,0.125,0.125,0.125,0.125,0.125,0.125
73,73.0,73.0,0.125,0.125,0.125,0.125,0.125,0.125,0.125,0.125
74,74.0,74.0,0.125,0.125,0.125,0.125,0.125,0.125,0.125,0.125
75,75.0,75.0,0.125,0.125,0.125,0.125,0.125,0.125,0.125,0.125
76,76.0,76.0,0.125,0.125,0.125,0.125,0.125,0.125,0.125,0.125
77,77.0,77.0,0.125,0.125,0.125,0.125,0.125,0.125,0.125,0.125
78,78.0,78.0,0.125,0.125,0.125,0.125,0.125,0.125,0.125,0.125
79,79.0,79.0,0.125,0.125,0.125,0.125,0.125,0.125,0.125,0.125
80,80.0,80.0,0.125,0.125,0.125,0.125,0.125,0.125,0.125,0.125
81,81.0,81.0,0.125,0.125,0.125,0.125,0.125,0.125,0.125,0.125
82,82.0,82.0,0.125,0.125,0.125,0.125,0.125,0.125,0.125,0.125
83,83.0,83.0,0.125,0.125,0.125,0.125,0.125,0.125,0.125,0.125
84,84.0,84.0,0.125,0.125,0.125,0.125,0.125,0.125,0.125,0.125
85,85.0,85.0,0.125,0.125,0.125,0.125,0.125,0.125,0.125,0.125
86,86.0,86.0,0.125,0.125,0.125,0.125,0.125,0.125,0.125,0.125
87,87.0,87.1,0.125,0.125,0.125,0.125,0.125,0.125,0.125,0.125
88,88.0,88.1,0.125,0.125,0.125,0.125,0.125,0.125,0.125,0.125
89,89.0,89.1,0.125,0.125,0.125,0.125,0.125,0.125,0.125,0.125
90,90.0,90.1,0.125,0.125,0.125,0.125,0.125,0.125,0.125,0.125
91,91.0,91.1,0.125,0.125,0.125,0.125,0.125,0.125,0.125,0.125
92,92.0,92.2,0.125,0.125,0.125,0.125,0.125,0.125,0.125,0.125
93,93.0,93.2,0.125,0.125,0.125,0.125,0.125,0.125,0.125,0.125
94,94.0,94.2,0.125,0.125,0.125,0.125,0.125,0.125,0.125,0.125
95,95.0,95.2,0.125,0.125,0.125,0.125,0.125,0.125,0.125,0.125
96,96.0,96.2,0.125,0.125,0.125,0.125,0.125,0.125,0.125,0.125
97,97.0,97.2,0.125,0.125,0.125,0.125,0.125,0.125,0.125,0.125
98,98.0,98.2,0.125,0.125,0.125,0.125,0.125,0.125,0.125,0.125
99,99.0,99.2,0.125,0.125,0.125,0.125,0.125,0.125,0.125,0.125
100,100.0,100.2,0.125,0.125,0.125,0.125,0.125,0.125,0.125,0.125
101,101.0,101.2,0.125,0.125,0.125,0.125,0.125,0.125,0.125,0.125
102,102.0,102.2,0.125,0.125,0.125,0.125,0.125,0.125,0.125,0.125
103,103.0,103.2,0.125,0.125,0.125,0.125,0.125,0.125,0.125,0.125
104,104.0,104.2,0.125,0.125,0.125,0.125,0.125,0.125,0.125,0.125
105,105.0,105.2,0.125,0.125,0.125,0.125,0.125,0.125,0.125,0.125
106,106.0,106.2,0.125,0.125,0.125,0.125,0.125,0.125,0.125,0.125
107,107.0,107.2,0.125,0.125,0.125,0.125,0.125,0.125,0.125,0.125
108,108.0,108.2,0.125,0.125,0.125,0.125,0.125,0.125,0.125,0.125
109,109.0,109.2,0.125,0.125,0.125,0.125,0.125,0.125,0.125,0.125
110,110.0,110.2,0.125,0.125,0.125,0.125,0.125,0.125,0.125,0.125
111,111.0,111.2,0.125,0.125,0.125,0.125,0.125,0.125,0.125,0.125
112,112.0,112.2,0.125,0.125,0.125,0.125,0.125,0.125,0.125,0.125
113,113.0,113.2,0.125,0.125,0.125,0.125,0.125,0.125,0.125,0.125
114,114.0,114.2,0.125,0.125,0.125,0.125,0.125,0.125,0.125,0.125
115,115.0,115.2,0.125,0.125,0.125,0.125,0.125,0.125,0.125,0.125
116,116.0,116.2,0.125,0.125,0.125,0.125,0.125,0.125,0.125,0.125
117,117.0,117.2,0.125,0.125,0.125,0.125,0.125,0.125,0.125,0.125
118,118.0,118.2,0.125,0.125,0.125,0.125,0.125,0.125,0.125,0.125
119,119.0,119.2,0.125,0.125,0.125,0.125,0.125,0.125,0.125,0.125
120,120.0,120.2,0.125,0.125,0.125,0.125,0.125,0.125,0.125,0.125
121,121.0,121.2,0.125,0.125,0.125,0.125,0.125,0.125,0.125,0.125
122,122.0,122.2,0.125,0.125,0.125,0.125,0.125,0.125,0.125,0.125
123,123.0,123.2,0.125,0.125,0.125,0.125,0.125,0.125,0.125,0.125
124,124.0,124.2,0.125,0.125,0.125,0.125,0.125,0.125,0.125,0.125
125,125.0,125.2,0.125,0.125,0.125,0.125,0.125,0.125,0.125,0.125
126,126.0,126.2,0.125,0.125,0.125,0.125,0.125,0.125,0.125,0.125
127,127.0,127.2,0.125,0.125,0.125,0.125,0.125,0.125,0.125,0.125
128,128.0,128.2,0.125,0.125,0.125,0.125,0.125,0.125,0.125,0.125
129,129.0,129.2,0.125,0.125,0.125,0.125,0.125,0.125,0.125,0.125
130,130.0,130.2,0.125,0.125,0.125,0.125,0.125,0.125,0.125,0.125
131,131.0,131.2,0.125,0.125,0.125,0.125,0.125,0.125,0.125,0.125
132,132.0,132.2,0.125,0.125,0.125,0.125,0.125,0.125,0.125,0.125
133,133.0,133.2,0.125,0.125,0.125,0.125,0.125,0.125,0.125,0.125
134,134.0,134.2,0.125,0.125,0.125,0.125,0.125,0.125,0.125,0.125
135,135.0,135.2,0.125,0.125,0.125,0.125,0.125,0.125,0.125,0.125
136,136.0,136.2,0.125,0.125,0.125,0.125,0.125,0.125,0.125,0.125
137,137.0,137.2,0.125,0.125,0.125,0.125,0.125,0.125,0.125,0.125
138,138.0,138.2,0.125,0.125,0.125,0.125,0.125,0.125,0.125,0.125
139,139.0,139.2,0.125,0.125,0.125,0.125,0.125,0.125,0.125,0.125
140,140.0,140.2,0.125,0.125,0.125,0.125,0.125,0.125,0.125,0.125
141,141.0,141.2,0.125,0.125,0.125,0.125,0.125,0.125,0.125,0.125
142,142.0,142.2,0.125,0.125,0.125,0.125,0.125,0.125,0.125,0.125
143,143.0,143.2,0.125,0.125,0.125,0.125,0.125,0.125,0.125,0.125
144,144.0,144.2,0.125,0.125,0.125,0.125,0.125,0.125,0.125,0.125
145,145.0,145.2,0.125,0.125,0.125,0.125,0.125,0.125,0.125,0.125
146,146.0,146.2,0.125,0.125,0.125,0.125,0.125,0.125,0.125,0.125
147,147.0,147.2,0.125,0.125,0.125,0.125,0.125,0.125,0.125,0.125
148,148.0,148.2,0.125,0.125,0.125,0.125,0.125,0.125,0.125,0.125
149,149.0,149.2,0.125,0.125,0.125,0.125,0.125,0.125,0.125,0.125
150,150.0,150.2,0.125,0.125,0.125,0.125,0.125,0.125,0.125,0.125
151,151.0,151.2,0.125,0.125,0.125,0.125,0.125,0.125,0.125,0.125
152,152.0,152.2,0.125,0.125,0.125,0.125,0.125,0.125,0.125,0.125
153,153.0,153.2,0.125,0.125,0.125,0.125,0.125,0.125,0.125,0.125
154,154.0,154.2,0.125,0.125,0.125,0.125,0.125,0.125,0.125,0.125
155,155.0,155.2,0.125,0.125,0.125,0.125,0.125,0.125,0.125,0.125
156,156.0,156.2,0.125,0.125,0.125,0.125,0.125,0.125,0.125,0.125
157,157.0,157.2,0.125,0.125,0.125,0.125,0.125,0.125,0.125,0.125
158,158.0,158.2,0.125,0.125,0.125,0.125,0.125,0.125,0.125,0.125
159,159.0,159.2,0.125,0.125,0.125,0.125,0.125,0.125,0.125,0.125
160,160.0,160.2,0.125,0.125,0.125,0.125,0.125,0.125,0.125,0.125
161,161.0,161.2,0.125,0.125,0.125,0.125,0.125,0.125,0.125,0.125
162,162.0,162.2,0.125,0.125,0.125,0.125,0.125,0.125,0.125,0.125
163,163.0,163.2,0.125,0.125,0.125,0.125,0.125,0.125,0.125,0.125
164,164.0,164.2,0.125,0.125,0.125,0.125,0.125,0.125,0.125,0.125
165,165.0,165.2,0.125,0.125,0.125,0.125,0.125,0.125,0.125,0.125
166,166.0,166.2,0.125,0.125,0.125,0.125,0.125,0.125,0.125,0.125
167,167.0,167.2,0.125,0.125,0.125,0.125,0.125,0.125,0.125,0.125
168,168.0,168.2,0.125,0.125,0.125,0.125,0.125,0.125,0.125,0.125
169,169.0,169.2,0.125,0.125,0.125,0.125,0.125,0.125,0.125,0.125
170,170.0,170.2,0.125,0.125,0.125,0.125,0.125,0.125,0.125,0.125
171,171.0,171.2,0.125,0.125,0.125,0.125,0.125,0.125,0.125,0.125
172,172.0,172.2,0.125,0.125,0.125,0.125,0.125,0.125,0.125,0.125
173,173.0,173.2,0.125,0.125,0.125,0.125,0.125,0.125,0.125,0.125
174,174.0,174.2,0.125,0.125,0.125,0.125,0.125,0.125,0.125,0.125
175,175.0,175.2,0.125,0.125,0.125,0.125,0.125,0.125,0.125,0.125
176,176.0,176.2,0.125,0.125,0.125,0.125,0.125,0.125,0.125,0.125
177,177.0,177.2,0.125,0.125,0.125,0.125,0.125,0.125,0.125,0.125
178,178.0,178.2,0.125,0.125,0.125,0.125,0.125,0.125,0.125,0.125
179,179.0,179.2,0.125,0.125,0.125,0.125,0.125,0.125,0.125,0.125
180,180.0,180.2,0.125,0.125,0.125,0.125,0.125,0.125,0.125,0.125
181,181.0,181.2,0.125,0.125,0.125,0.125,0.125,0.125,0.125,0.125
182,182.0,182.2,0.125,0.125,0.125,0.125,0.125,0.125,0.125,0.125
183,183.0,183.2,0.125,0.125,0.125,0.125,0.125,0.125,0.125,0.125
184,184.0,184.2,0.125,0.125,0.125,0.125,0.125,0.125,0.125,0.125
185,185.0,185.2,0.125,0.125,0.125,0.125,0.125,0.125,0.125,0.125
186,186.0,186.2,0.125,0.125,0.125,0.125,0.125,0.125,0.125,0.125
187,187.0,187.2,0.125,0.125,0.125,0.125,0.125,0.125,0.125,0.125
188,188.0,188.2,0.125,0.125,0.125,0.125,0.125,0.125,0.125,0.125
189,189.0,189.2,0.125,0.125,0.125,0.125,0.125,0.125,0.125,0.125
190,190.0,190.2,0.125,0.125,0.125,0.125,0.125,0.125,0.125,0.125
191,191.0,191.2,0.125,0.125,0.125,0.125,0.125,0.125,0.125,0.125
192,192.0,192.2,0.125,0.125,0.125,0.125,0.125,0.125,0.125,0.125
193,193.0,193.2,0.125,0.125,0.125,0.125,0.125,0.125,0.125,0.125
194,194.0,194.2,0.125,0.125,0.125,0.125,0.125,0.125,0.125,0.125
195,195.0,195.2,0.125,0.125,0.125,0.125,0.125,0.125,0.125,0.125
196,196.0,196.2,0.125,0.125,0.125,0.125,0.125,0.125,0.125,0.125
197,197.0,197.2,0.125,0.125,0.125,0.125,0.125,0.125,0.125,0.125
198,198.0,198.2,0.125,0.125,0.125,0.125,0.125,0.125,0.125,0.125
199,199.0,199.2,0.12361111111111112,0.12361111111111112,0.12361111111111112,0.13472222222222224,0.12361111111111112,0.12361111111111112,0.12361111111111112,0.12361111111111112
200,200.0,200.2,0.119315578465063,0.119315578465063,0.1304266895761741,0.1304266895761741,0.13042668957617412,0.119315578465063,0.13042668957617412,0.12034650630011454
201,201.0,201.2,0.11585600907029478,0.11585600907029478,0.12585600907029476,0.1258560090702948,0.1269671201814059,0.11585600907029478,0.14585600907029478,0.12789682539682537
202,202.0,202.2,0.11264893836322407,0.11264893836322407,0.12264893836322406,0.15103277674706245,0.1237600494743352,0.11264893836322407,0.13992166563595135,0.12468975468975467
203,203.0,203.2,0.10911358482787051,0.1182044939187796,0.1182044939187796,0.15244691816120384,0.12022469593898162,0.10911358482787051,0.1534673263244692,0.11922490208204495
204,204.0,204.2,0.10680589252017822,0.11513922585351155,0.12423013494442063,0.148589109303395,0.11791700363128935,0.10680589252017822,0.16435310721025004,0.11615963401677687
205,205.0,205.2,0.10561541632970203,0.11394874966303536,0.13018251589680158,0.15261841333269904,0.11672652744081316,0.10561541632970203,0.16032380318094602,0.11496915782630068
206,206.0,206.2,0.10332712247660698,0.1116604558099403,0.12741803156751608,0.16146565061513515,0.1144382335877181,0.10332712247660698,0.16670292765653588,0.1116604558099403
207,207.0,207.2,0.10230802927231497,0.1106413626056483,0.1270026798598227,0.16389893836322406,0.11341914038342608,0.10230802927231497,0.16978045763760047,0.1106413626056483
208,208.0,208.2,0.10140002970885323,0.11074346405228756,0.12571672608437312,0.17188799762329174,0.11251114081996434,0.10140002970885323,0.1666072489601901,0.10973336304218655
209,209.0,209.2,0.10095202020202018,0.11028535353535351,0.12493181818181816,0.17045959595959598,0.11206313131313131,0.10095202020202018,0.17107070707070707,0.10928535353535351
210,210.0,210.2,0.10734325753365999,0.10834325753365999,0.12269732451930593,0.1657078032047072,0.11076206095246341,0.0996509498413523,0.17288893098645422,0.11260641542839685
211,211.0,211.2,0.10663449037211412,0.1076245893820151,0.1217154984729242,0.16846763522506097,0.11505329379091753,0.09894218267980644,0.16992781970504742,0.11163449037211412
212,212.0,212.2,0.10639639513401888,0.10738649414391988,0.1212393079967337,0.1722771590345848,0.11457710331472706,0.09870408744171119,0.1682611530383807,0.11115829989592366
213,213.0,213.2,0.10477643614563883,0.10576653515553983,0.11940289879190347,0.17726083033404555,0.12274069410989681,0.09708412845333114,0.16364658631855084,0.1093218906910934
214,214.0,214.2,0.10468861016536435,0.09734537584193201,0.11078411101979761,0.1872663244585328,0.12090512312100773,0.09635527683203102,0.1736187423090135,0.10903643625232087
215,215.0,215.2,0.10264898312573731,0.0959467744433306,0.10938550962119623,0.193443480635689,0.11874894596483059,0.09495667543342962,0.17787282156309275,0.10699680921269383
216,216.0,216.2,0.10067096114771532,0.09451820301475918,0.10795693819262478,0.19311381030601865,0.12002383050058467,0.09352810400485818,0.18516936559876723,0.10501878723467184
217,217.0,217.2,0.10078977302890343,0.0946469158860463,0.10608565106391192,0.19324252317730578,0.12014264238177279,0.0936469158860463,0.18630797946015334,0.10513759911585996
218,218.0,218.2,0.09932097055859432,0.1003110695684953,0.1049217806396024,0.20119102294844868,0.11145772269534644,0.09265430389192764,0.18665549247232413,0.10348763722526097
219,219.0,219.2,0.0974574093141868,0.10278562755800605,0.10331792624823315,0.1958615871908711,0.1166042347110122,0.09120740931418679,0.18730839634931706,0.10545740931418682
220,220.0,220.2,0.09664621326386032,0.10179327208738971,0.10235288404406048,0.19484534256593078,0.11484065770830476,0.09039621326386031,0.19478689611042552,0.104338520956168
221,221.0,221.2,0.09560180233709645,0.1045821944939592,0.10153367003367,0.19128966131907307,0.11416389384036443,0.08971944939591998,0.20010011883541293,0.10300920974450385
222,222.0,222.2,0.09543216328743412,0.10411456998964279,0.1002319499887933,0.19589564273169396,0.11399425479070209,0.08954981034625764,0.19820658843518482,0.10257502043029125
223,223.0,223.2,0.09519252834161555,0.10386522819078599,0.09988857603969163,0.19834595368571026,0.10708795317821687,0.09029056755730183,0.1965734462742576,0.10875574673242014
224,224.0,224.2,0.10079669870075351,0.10320988017946897,0.09914684061100394,0.1989598229361222,0.10602545687068816,0.09060609333239258,0.1937918420021504,0.10746336536742018
225,225.0,225.2,0.09981142755893589,0.1023073558115746,0.08933078055538032,0.19808844433229578,0.10504018572887053,0.08998846924939849,0.20328794336020622,0.11214539340333815
226,226.0,226.2,0.0984002570301183,0.10955631600171126,0.08824640741218362,0.20082165883021613,0.10362901520005292,0.08890409610620179,0.20003482393061617,0.11040742548889963
227,227.0,227.2,0.09767664860121425,0.10196952932805001,0.08734674313366188,0.19542160612197657,0.10253775971232537,0.09336839617402978,0.21873951043279094,0.1029398064959511
228,228.0,228.2,0.09757301936761742,0.10260950520305168,0.08614898803259535,0.1961804230933888,0.10145373832186577,0.0932838036813429,0.22010373897717767,0.10264678332296032
229,229.0,229.2,0.09690934837270712,0.10762734691778089,0.08551387214905001,0.194948264808118,0.10079958569741047,0.09357196973193042,0.21864649999495295,0.10198311232805002
230,230.0,230.2,0.09659325538582501,0.1070626982236889,0.08807783504764927,0.1930229466955473,0.10049282803539768,0.09322787077044041,0.21670046628637957,0.10482209955507167
231,231.0,231.2,0.09566403754484247,0.11294989925794877,0.08737566956607203,0.19176163447835273,0.09994041476239617,0.09263882746080887,0.2155770553835569,0.10409246154602188
232,232.0,232.2,0.09551587301587298,0.11218253968253963,0.08710317460317457,0.19218253968253968,0.1001190476190476,0.08726190476190473,0.22400793650793646,0.10162698412698412
233,233.0,233.2,0.09434628237259814,0.1110129490392648,0.08651837928153715,0.19569131161236422,0.09924185463659145,0.08667710944026731,0.22576232247284875,0.10074979114452798
234,234.0,234.2,0.10036143286143284,0.10274238524238524,0.08576683826683826,0.19317353067353066,0.10337730587730587,0.08607571857571858,0.22884277134277137,0.09966001716001714
235,235.0,235.2,0.09981411862990809,0.10195697577276523,0.08531537176274018,0.1949269005847953,0.10306808688387634,0.08576649958228903,0.23001461988304092,0.09913742690058476
236,236.0,236.2,0.09854377977336234,0.09772798637136201,0.0847376735988351,0.1957120924044699,0.10249038871997126,0.08518880141838396,0.23692460644819988,0.09867467126541535
237,237.0,237.2,0.097710446440029,0.09731131970469538,0.08432100693216846,0.19487875907113655,0.1020737220533046,0.08477213475171731,0.24067460644819993,0.09825800459874869
238,238.0,238.2,0.09720024699429733,0.09648854927173003,0.0840084359449348,0.19606044095746614,0.10176115106607098,0.08445956376448366,0.244822699865606,0.09519891213541097
239,239.0,239.2,0.09592763077108425,0.09529489380533022,0.0831496734343034,0.20420600167279482,0.10103734132197129,0.083735754020384,0.24241608223107272,0.09423262274305914
240,240.0,240.2,0.09408905431486074,0.09460545905707193,0.0827386269644334,0.20819630548662804,0.0956446098704163,0.08337965260545904,0.2484587813620071,0.09288751033912321
241,241.0,241.2,0.09272037620934052,0.09038762124500661,0.08205428791167328,0.21348631089717673,0.09472217557956095,0.08269531355269892,0.25196883855627483,0.09196507604826787
242,242.0,242.2,0.09183774032670465,0.08954235539974079,0.08142066227804765,0.21076976818063406,0.09398198983937521,0.08213494799233337,0.2546703962578326,0.09564213972533153
243,243.0,243.2,0.09111695753540223,0.09245835450608983,0.08090783185800621,0.21273355976001418,0.09339348218034793,0.08174406879180411,0.25291169298004124,0.09473405238829405
244,244.0,244.2,0.09018743233229339,0.09495801873720415,0.08026644269234248,0.21437171898211688,0.09285026758133554,0.08116491528892829,0.2521265106150805,0.0940746937706986
245,245.0,245.2,0.0890220532992616,0.09383179962769951,0.07965289442075693,0.21593765402854936,0.0920379263151346,0.08049846629436617,0.2559380129300238,0.09308119308420784
246,246.0,246.2,0.08821792166570387,0.09614734401704358,0.07906199791416274,0.21482577703332656,0.09155777177974753,0.08001831175897908,0.25778138570503567,0.09238949012600076
247,247.0,247.2,0.08714016741983015,0.09815565908988297,0.0783436369998235,0.22126250466879274,0.09077845244398473,0.07847107965063065,0.254605400818424,0.09124309890863119
248,248.0,248.2,0.09049719132800495,0.09990324412774931,0.07776798971445753,0.22310466620149136,0.09014996910578271,0.07799644246627477,0.25030986430038105,0.09027063275585814
249,249.0,249.2,0.08939055431152138,0.09875059655982044,0.0771352147859665,0.22871798859710274,0.08947136239232946,0.07963419893874993,0.247631160485488,0.08926892392902144
250,250.0,250.2,0.08840684738663798,0.0977612242763305,0.07668060186076532,0.22788608629461224,0.08888447433485316,0.07917958601354876,0.2499530063955692,0.0912481734376827
251,251.0,251.2,0.08744379576959234,0.09673980411730769,0.0761171299134046,0.232892324482498,0.08829035661615317,0.07866236753519819,0.24956597564439323,0.0902882459214526
252,252.0,252.2,0.08654290516009647,0.09855503244091535,0.07558644469429023,0.23397687169637488,0.089816714683906,0.07817600855721857,0.24796059463299996,0.0893854281341984
253,253.0,253.2,0.08643291177002789,0.09840252204404405,0.07539141729061619,0.23430134359039564,0.0896642042870347,0.08006431448687787,0.24668783856701076,0.08905544796399266
254,254.0,254.2,0.08279738063449676,0.0983384194799415,0.07532731472651363,0.2384680102570623,0.08960010172293213,0.08000021192277532,0.24993875431792656,0.08552980693835163
255,255.0,255.2,0.08212489569243046,0.09744616367850475,0.07496058445060241,0.23740552692478056,0.08912584456530051,0.07963348164686411,0.2543699044803092,0.0849335985612078
256,256.0,256.2,0.08206682368313893,0.09738809166921324,0.0749025124413109,0.23821853505486187,0.08906777255600898,0.07957540963757259,0.2540214724245601,0.08475938253333323
257,257.0,257.2,0.07841693491784416,0.09728728521760034,0.074801705989698,0.23985229478789857,0.08886615965278319,0.08259960318595969,0.2536182466181085,0.08455776963010744
258,258.0,258.2,0.07643069978618149,0.09742666006785607,0.0738177882446985,0.2425415312790728,0.08784146298265896,0.0826173220442323,0.25494066614498506,0.0843838694503146
259,259.0,259.2,0.07611717496171275,0.09809969770053803,0.07360254748910208,0.2443735831761042,0.08751878064903273,0.08021719334744543,0.25612470131377696,0.08394632136228772
260,260.0,260.2,0.07582742887459866,0.0977902758185777,0.073324187088338,0.2440095583208791,0.08717923350942217,0.07984170730397144,0.25847063591403213,0.0835569731701807
261,261.0,261.2,0.07557897797908894,0.09758197431615855,0.07307666989964436,0.2425803078328051,0.08689156692763793,0.07955404072218722,0.261607381521366,0.08312908080111185
262,262.0,262.2,0.07514134604590124,0.09675496753539162,0.07270982201556886,0.24757867701223885,0.08648735135913593,0.0791498251536852,0.2594908530361168,0.08268715784196126
263,263.0,263.2,0.07475960820179008,0.09511372280615295,0.07238513064359853,0.25001432334438245,0.08614579015400976,0.07884420285242247,0.26051554346257727,0.08222167853506632
264,264.0,264.2,0.07449501786458307,0.09744577081533601,0.07211813548770069,0.24721321753930448,0.08584625921582441,0.07854467191423711,0.2624497201671115,0.08188720699590261
265,265.0,265.2,0.0752347549639206,0.09715453329879327,0.0718561210192489,0.24762692599962782,0.08559994532911094,0.08120359559424847,0.25972588544549646,0.08159823834955326
266,266.0,266.2,0.07583646025742732,0.09886049230015094,0.07154004794699632,0.253395680801207,0.08273460365089783,0.08078305571804148,0.25559394440946653,0.08125571491581242
267,267.0,267.2,0.07550237308246462,0.09846046275108059,0.07123336723451139,0.2584541062801932,0.08244194423256207,0.08031231460293245,0.2527364607170099,0.0808589710992457
268,268.0,268.2,0.07272884528498935,0.09815668691972754,0.07096031897903664,0.26317864184174156,0.08219914401096512,0.07993346369650431,0.25241045897104086,0.08043244029599447
269,269.0,269.2,0.07240705298338398,0.0997568914535201,0.06971222740720248,0.2609196185309629,0.08453777998922249,0.07951132496276746,0.25319155451441516,0.07996355015852523
270,270.0,270.2,0.07200655495932703,0.09877151782520734,0.06934458212666934,0.2591356790482792,0.084105422713198,0.07898961776807792,0.2573076734208588,0.08033895213838214
271,271.0,271.2,0.07181815332410878,0.09805745491518561,0.06915438980532947,0.258851851172,0.08394255279622972,0.07877389372848807,0.25930579856423747,0.08009590569442071
272,272.0,272.2,0.07166428910047712,0.09742790358795986,0.06905103063220286,0.26407213660823226,0.0838391936231031,0.07862002950485641,0.2574241917989098,0.07790122514425843
273,273.0,273.2,0.07137100873308998,0.09710126208629415,0.06883942057783823,0.2658772615679244,0.083538460153927,0.07823762572265777,0.2574761729914973,0.07755878816677106
274,274.0,274.2,0.07112780544853396,0.09640351334719269,0.06864247076229239,0.2664576575281317,0.08328053472862507,0.07793344682834566,0.2588782021609379,0.07727636919594053
275,275.0,275.2,0.07089506438758042,0.09573598967754346,0.0684540559424736,0.267020531341629,0.08303404789951473,0.07764263375810057,0.26021175624881965,0.0770059207443384
276,276.0,276.2,0.07058203135902441,0.09497391539513585,0.06821629995348036,0.2687506039980806,0.08271635090034793,0.07724965971937102,0.2608627254372139,0.07664841323734564
277,277.0,277.2,0.07025335536625857,0.0941876871634936,0.0679077332464429,0.26669444056540825,0.08235723983304626,0.07681755729336373,0.265558115719406,0.07622387081258046
278,278.0,278.2,0.0699782319739373,0.09385535657008845,0.06765222782596544,0.2682020434883527,0.08205312682863435,0.07644262304009827,0.2659604175539886,0.07585597271893468
279,279.0,279.2,0.07062150894173203,0.09356558788910045,0.06743746710637441,0.2691414724831487,0.08179157020833219,0.07611230795012257,0.26576539466127563,0.07556469075991384
280,280.0,280.2,0.07057525547272184,0.09351933442009028,0.06739121363736422,0.2684939239170062,0.08169906327031183,0.07814746058657031,0.26465531140503146,0.07551843729090366
281,281.0,281.2,0.06841729612692343,0.09285487717941131,0.06714639311689,0.27039500527078164,0.08141107167504681,0.07778463168991118,0.2667877145283978,0.07520301041263773
282,282.0,282.2,0.06824303997923134,0.09225367959938695,0.06692551692257785,0.27037266205387184,0.08117098849724197,0.07746574703505688,0.26865384448535623,0.07491452142727684
283,283.0,283.2,0.06814626949025983,0.09174641313124782,0.06678351803016898,0.2704379754603816,0.08105160380655177,0.07927220605711381,0.2678244320903865,0.07473758193388963
284,284.0,284.2,0.06801212666127188,0.10232839578572514,0.06660547704490359,0.2696422362205778,0.06974358446178339,0.07896310407260734,0.2701792048381764,0.07452587091495422
285,285.0,285.2,0.06788506559789756,0.10185346161715494,0.06643579023557872,0.26926000167944814,0.06955599483915928,0.07870001429346199,0.2719837356655476,0.07432593607175154
286,286.0,286.2,0.07670979120901092,0.10110446256020403,0.06526051584669207,0.26691010229449263,0.06838072045027263,0.07748979930359702,0.27102316932966286,0.07312143900606771
287,287.0,287.2,0.07481018933704353,0.10824259831293077,0.06422859701632078,0.26808629468476014,0.06540872123992326,0.0764461168745056,0.2707486784788575,0.07202880405565826
288,288.0,288.2,0.07471383122122137,0.10626306002445474,0.06413223890049861,0.26699570334103473,0.0653123631241011,0.0762430156565843,0.2728266482551473,0.07351313947695759
289,289.0,289.2,0.07484657002818215,0.10521941840370175,0.0632154194885809,0.27207157333344434,0.06537839735578413,0.07537287343923224,0.27126609836556026,0.072629649585514
290,290.0,290.2,0.07473971636507609,0.10477157245625421,0.06306944219480193,0.27394127787076294,0.0652519818773416,0.07518476775152498,0.27063799514630976,0.0724032463379281
291,291.0,291.2,0.07465533786940189,0.10604365715245803,0.06298506369912772,0.2732133811515639,0.0651676033816674,0.07504081234747817,0.27065312831822264,0.0722410160800801
292,292.0,292.2,0.07453878836863571,0.09650932144713939,0.06286851419836154,0.26902411006283244,0.0741419629718103,0.0747968112065059,0.276071424492849,0.07204906725186541
293,293.0,293.2,0.07440711872317958,0.09604273976234098,0.06269879280252488,0.269172125462111,0.07399126745116391,0.07452311190523361,0.2773585591205257,0.07180628477292009
294,294.0,294.2,0.0810978569187524,0.09574285906375454,0.061776750097645584,0.26990296266415664,0.07233016065105613,0.07350079557169106,0.2748352030068448,0.07081341202609856
295,295.0,295.2,0.08092496124477308,0.09550455743388253,0.06165126276753476,0.26872600120909146,0.0721730677583663,0.07323254027816137,0.27720789130900536,0.07057971799918496
296,296.0,296.2,0.07882712218483331,0.09371091750866314,0.06088205160818379,0.26784064742589786,0.07842408757127237,0.07229713279685099,0.2782703863747841,0.06974765452951426
297,297.0,297.2,0.07861728437646613,0.09315677574064192,0.06068194435416959,0.27063229916334486,0.07821148727501685,0.07195345279200792,0.27730328361743717,0.0694434726809153
298,298.0,298.2,0.07855343494456474,0.09281936606404277,0.06058300720296993,0.2718530860534312,0.07813009398346633,0.07184645786195254,0.27691142622735143,0.06930312766222083
299,299.0,299.2,0.07839594340870963,0.0923536377479863,0.06047049317835921,0.2711680956212151,0.07798759495135936,0.07163405428520311,0.27749145337511283,0.07049872743205432
300,300.0,300.2,0.07823328995166519,0.09189196529764704,0.060352048386213095,0.27256865409865444,0.07783967771594769,0.07136154800252387,0.2774313235396608,0.07032149300768754
301,301.0,301.2,0.0780744259200218,0.09229034645890707,0.06023664372006295,0.27228312101291546,0.07769530013946871,0.07109617303826979,0.27817543037970294,0.07014855933065109
302,302.0,302.2,0.07633675328437894,0.09083457448803316,0.05959787218332121,0.27063454792889396,0.07595762750382587,0.07036120129308468,0.2868470249043094,0.06943039841415252
303,303.0,303.2,0.07625005596819903,0.09195873317706804,0.0595111748671413,0.26978614830743997,0.07587093018764594,0.07018123089741024,0.28717522384703953,0.06926650274805576
304,304.0,304.2,0.07618437969258571,0.09161949166805375,0.05944549859152798,0.2712529217385924,0.07580525391203262,0.070025076758882,0.28648611298121945,0.06918126465710597
305,305.0,305.2,0.07618289767704459,0.09159750176178119,0.0594791042952851,0.26818326700815903,0.07582131575614062,0.07002211272779975,0.28951795628811683,0.06919584448567284
306,306.0,306.2,0.07614684215504816,0.09150687905544112,0.059407961053990446,0.2666459298783111,0.07576771637449509,0.06995000168380694,0.2914684802168762,0.06910618958203091
307,307.0,307.2,0.07606918583816148,0.08992682316521665,0.059296128387137936,0.26525822664989945,0.07567297188262549,0.0697891622508424,0.2937153465646465,0.07027215526146989
308,308.0,308.2,0.07600762802145493,0.08962313829173774,0.05923457057043139,0.2651627447100239,0.07561141406591895,0.06964273659411925,0.2945247141611994,0.07019305358511421
309,309.0,309.2,0.07451923349183584,0.09504221731154919,0.05869855699319322,0.2647894223889902,0.07412301953629985,0.06902428571411476,0.29416331273112356,0.06963995183289315
310,310.0,310.2,0.07572647384711192,0.09472183818145931,0.058590446033117985,0.26426450724057904,0.07403155859287462,0.06885271478242562,0.2942972704662635,0.06951519085616789
311,311.0,311.2,0.06897078294055625,0.0944100981951854,0.05848519329598785,0.26520405026911215,0.07394253435298563,0.06868581042415466,0.2942411542335547,0.07606037628846327
312,312.0,312.2,0.0689048029237786,0.0941273559853147,0.058403390494400055,0.2664143380668804,0.07387655433620798,0.0685854959602196,0.29372531153113324,0.07596275070206535
313,313.0,313.2,0.06892432244329812,0.09396669532465404,0.05842291001391956,0.2625836813231802,0.0738960738557275,0.06858699746172109,0.2974868992057643,0.07613242037173502
314,314.0,314.2,0.06888607464990158,0.09375300893476628,0.05838466222052302,0.26082556320178973,0.07385782606233096,0.06848979794118061,0.2997088944111692,0.07609417257833849
315,315.0,315.2,0.06881800155304171,0.09349862198931187,0.0583320212224286,0.260748309407894,0.07380518506423653,0.06836439522064566,0.3004073660609628,0.07602609948147862
316,316.0,316.2,0.06796487030992542,0.09334036541103029,0.05830518717463251,0.2574891520385172,0.0738073239267693,0.06831743441248952,0.3030661822029179,0.07770948452371772
317,317.0,317.2,0.0678314287717424,0.09301566599010687,0.05820796177436057,0.2582283304586419,0.07368112561616849,0.06811522617152041,0.3034295333160787,0.07749072790138054
318,318.0,318.2,0.06779758796891426,0.09282359733917747,0.05817412097153243,0.258685366608716,0.07364728481334035,0.06806556258388216,0.303439682705975,0.0773667970084623
319,319.0,319.2,0.06778004410926515,0.09280605347952835,0.05690657711188331,0.25786080520520727,0.07362974095369124,0.06682850652911108,0.306926738760746,0.07726153385056758
320,320.0,320.2,0.06762436948141082,0.09243744687658131,0.05678577076660137,0.25764234400812136,0.07348044863774986,0.06664241763640968,0.30840595904895807,0.07698124354416727
321,321.0,321.2,0.06759080211295093,0.0923888238020088,0.056737147692028866,0.25942955833013914,0.07343182556317733,0.06655677123714261,0.30696256220518264,0.07690250905736952
322,322.0,322.2,0.0675444034721748,0.09217717518209297,0.05667605613323921,0.2594852258263003,0.0725303978699339,0.06732096010669411,0.3051126683580314,0.07915311305153311
323,323.0,323.2,0.06738974705331269,0.09309905807679178,0.05657075680661159,0.2584650754918408,0.07240409013994493,0.06710890941705336,0.3047194056515392,0.08024295736290549
324,324.0,324.2,0.06723826854198182,0.09274677210272107,0.056467719159229615,0.2575436180226295,0.07228039133553818,0.06690134454500811,0.3068345212593074,0.07998736503358421
325,325.0,325.2,0.06719283167812577,0.09254693612982381,0.05640793920874132,0.25791212352709675,0.07222061138504987,0.06679338264231309,0.3070727133828738,0.07985346204597538
326,326.0,326.2,0.06714849616867398,0.09235179611252238,0.05634959809704863,0.2570367785118749,0.07216227027335717,0.0666880616067595,0.30854022500941414,0.07972277422034911
327,327.0,327.2,0.06698791484238052,0.09198767220378397,0.05622288751997615,0.2576877661979147,0.0720152372467521,0.06646133542613306,0.3092296934827893,0.07940749308026994
328,328.0,328.2,0.06691724387982892,0.09175796361487479,0.05616558196774264,0.2581279133871469,0.0719579316945186,0.0663593226532866,0.309481383651249,0.07923265915135244
329,329.0,329.2,0.06686365952908437,0.09154894338766743,0.05612505926799076,0.25852788684267813,0.07191740899476672,0.06630603182278907,0.3104378402063762,0.07827316994864711
330,330.0,330.2,0.06672462636440721,0.09121793364596069,0.05601874882907237,0.2563344562238449,0.0717911065526496,0.0669469331109152,0.31295639195598796,0.07800980331716194
331,331.0,331.2,0.0665998937754592,0.09093239047169337,0.05593928322052161,0.25816649749816223,0.07169197139256461,0.06676538463802087,0.31203403735198326,0.07787054165159464
332,332.0,332.2,0.06657547375103917,0.09089576043506332,0.0559270732083116,0.25967001313960897,0.0716797613803546,0.06675317462581085,0.31180204711999304,0.07669669633981828
333,333.0,333.2,0.06652657836856059,0.08989596143990722,0.05587706075200231,0.2591628404753697,0.0716297489240453,0.06669121759233959,0.3136199210205755,0.07659667142719968
334,334.0,334.2,0.06637871807392144,0.0895734078236887,0.05576037809566845,0.2590501575037497,0.0714937114290018,0.06647467130311666,0.31494231722657495,0.0763266385442781
335,335.0,335.2,0.06623370251108812,0.08925735102706715,0.05564606320004456,0.2597328762754891,0.07136034891433027,0.06626238868435261,0.31544493257779355,0.07606233680983444
336,336.0,336.2,0.06617239938927777,0.0890595022037853,0.05559595828652088,0.2601405093192752,0.07131024400080659,0.06617239938927777,0.31564032206954173,0.07590866534151469
337,337.0,337.2,0.06612644300144298,0.08887987012987011,0.05556096681096678,0.25869498556998555,0.0712752525252525,0.06612644300144296,0.3175496031746031,0.07578643578643576
338,338.0,338.2,0.06602198461954809,0.08965522546737696,0.05547554451110011,0.2585645101810103,0.07117108256884289,0.06597403890033238,0.3175543474315263,0.07558326632026272
339,339.0,339.2,0.06590536305101749,0.08938000381311943,0.055377736239423284,0.2577974976222373,0.07105481957275663,0.06578233557915919,0.3171480095661453,0.07755423455614127
340,340.0,340.2,0.06576938241026295,0.08907783933454652,0.05527108773350098,0.2565983644720275,0.07093000246218317,0.06558351432499734,0.3194834408791184,0.07728636838336297
341,341.0,341.2,0.06570149303913916,0.08886493557339313,0.05520227900419315,0.2545831968317409,0.07086119373287535,0.06547787376495232,0.32223143904473855,0.07707758900896722
342,342.0,342.2,0.06487289803144045,0.08965952941697013,0.05514798673982167,0.25390803825618324,0.07080690146850385,0.06541368051048183,0.32329159782733524,0.07689936774926343
343,343.0,343.2,0.06476095492376079,0.09014397777283494,0.055059031846837705,0.2531323749348489,0.07070005748786336,0.06526135150149001,0.32427106454354415,0.07667118698882
344,344.0,344.2,0.06468029797781083,0.09001202383395915,0.05499112403169189,0.2519423733906335,0.07061453370090309,0.06514059577090088,0.32613279383680616,0.07648625745729434
345,345.0,345.2,0.06457840316179425,0.0897455088831649,0.05490184162808985,0.2534735711583839,0.07050790223415047,0.06496362450540671,0.3255694509489586,0.07625969748005114
346,346.0,346.2,0.06445849115792548,0.08945414571434786,0.054804307694466356,0.25238510416353144,0.07039328012554405,0.06477995446047385,0.32667607237211216,0.07704864431159866
347,347.0,347.2,0.06437979532800059,0.09008356231837984,0.054737955024567256,0.2516637778931704,0.07031009432804987,0.0646381336187757,0.32615289928865054,0.0780337822004057
348,348.0,348.2,0.06430545766898729,0.08985626606352337,0.054675828039357666,0.25117929821946355,0.07023138359491324,0.06451709788062751,0.32731845754531264,0.07791621098781452
349,349.0,349.2,0.06426735238390671,0.089690930360776,0.05463772275427707,0.2510521899005772,0.07019327830983263,0.06447000786958104,0.3278582248564342,0.07783029356461509
350,350.0,350.2,0.06416330424223216,0.08942936429367632,0.054555461104977256,0.2503853442055081,0.07009467679125178,0.06430548980085532,0.3294059778088672,0.07766038175263154
351,351.0,351.2,0.06406102907365799,0.08917237365335987,0.05447465437779425,0.24996616961169207,0.0699977687330254,0.06487376342019115,0.32996065140300157,0.07749358972727759
352,352.0,352.2,0.06396048084698677,0.08891983765235001,0.05439526345568241,0.2511968521332661,0.06990250983249402,0.06470960909434577,0.32958561633709366,0.07732983064778114
353,353.0,353.2,0.06386161514827163,0.08867163977450086,0.054317250639878335,0.2514989026087175,0.06980885735450666,0.06454824572775388,0.3301244678239507,0.07716902092242016
354,354.0,354.2,0.06380525689852044,0.08848884818035782,0.05426089239012714,0.2507343718817821,0.06975249910475545,0.06446130105323933,0.3315236590944666,0.0769731713967509
355,355.0,355.2,0.06372455361357228,0.08827048016884462,0.05420074408976274,0.24967300676996937,0.06967693456595322,0.06431979170881037,0.33333900587989373,0.07679548320319346
