Total_iterations,Unnamed: 0.1,Intertwine_two,Invert_path_vertices,Insert_inside_vertex,Delete_inside_vertex,Replace_inside_vertex,Donate_between_routes,Trim_one_terminal_cb,Grow_one_terminal_cb
0,0.0,0.125,0.125,0.125,0.125,0.125,0.125,0.125,0.125
1,1.0,0.125,0.125,0.125,0.125,0.125,0.125,0.125,0.125
2,2.0,0.125,0.125,0.125,0.125,0.125,0.125,0.125,0.125
3,3.0,0.125,0.125,0.125,0.125,0.125,0.125,0.125,0.125
4,4.0,0.125,0.125,0.125,0.125,0.125,0.125,0.125,0.125
5,5.0,0.125,0.125,0.125,0.125,0.125,0.125,0.125,0.125
6,6.0,0.125,0.125,0.125,0.125,0.125,0.125,0.125,0.125
7,7.0,0.125,0.125,0.125,0.125,0.125,0.125,0.125,0.125
8,8.0,0.125,0.125,0.125,0.125,0.125,0.125,0.125,0.125
9,9.0,0.125,0.125,0.125,0.125,0.125,0.125,0.125,0.125
10,10.0,0.125,0.125,0.125,0.125,0.125,0.125,0.125,0.125
11,11.0,0.125,0.125,0.125,0.125,0.125,0.125,0.125,0.125
12,12.0,0.125,0.125,0.125,0.125,0.125,0.125,0.125,0.125
13,13.0,0.125,0.125,0.125,0.125,0.125,0.125,0.125,0.125
14,14.0,0.125,0.125,0.125,0.125,0.125,0.125,0.125,0.125
15,15.0,0.125,0.125,0.125,0.125,0.125,0.125,0.125,0.125
16,16.0,0.125,0.125,0.125,0.125,0.125,0.125,0.125,0.125
17,17.0,0.125,0.125,0.125,0.125,0.125,0.125,0.125,0.125
18,18.0,0.125,0.125,0.125,0.125,0.125,0.125,0.125,0.125
19,19.0,0.125,0.125,0.125,0.125,0.125,0.125,0.125,0.125
20,20.0,0.125,0.125,0.125,0.125,0.125,0.125,0.125,0.125
21,21.0,0.125,0.125,0.125,0.125,0.125,0.125,0.125,0.125
22,22.0,0.125,0.125,0.125,0.125,0.125,0.125,0.125,0.125
23,23.0,0.125,0.125,0.125,0.125,0.125,0.125,0.125,0.125
24,24.0,0.125,0.125,0.125,0.125,0.125,0.125,0.125,0.125
25,25.0,0.125,0.125,0.125,0.125,0.125,0.125,0.125,0.125
26,26.0,0.125,0.125,0.125,0.125,0.125,0.125,0.125,0.125
27,27.0,0.125,0.125,0.125,0.125,0.125,0.125,0.125,0.125
28,28.0,0.125,0.125,0.125,0.125,0.125,0.125,0.125,0.125
29,29.0,0.125,0.125,0.125,0.125,0.125,0.125,0.125,0.125
30,30.0,0.125,0.125,0.125,0.125,0.125,0.125,0.125,0.125
31,31.0,0.125,0.125,0.125,0.125,0.125,0.125,0.125,0.125
32,32.0,0.125,0.125,0.125,0.125,0.125,0.125,0.125,0.125
33,33.0,0.125,0.125,0.125,0.125,0.125,0.125,0.125,0.125
34,34.0,0.125,0.125,0.125,0.125,0.125,0.125,0.125,0.125
35,35.0,0.125,0.125,0.125,0.125,0.125,0.125,0.125,0.125
36,36.0,0.125,0.125,0.125,0.125,0.125,0.125,0.125,0.125
37,37.0,0.125,0.125,0.125,0.125,0.125,0.125,0.125,0.125
38,38.0,0.125,0.125,0.125,0.125,0.125,0.125,0.125,0.125
39,39.0,0.125,0.125,0.125,0.125,0.125,0.125,0.125,0.125
40,40.0,0.125,0.125,0.125,0.125,0.125,0.125,0.125,0.125
41,41.0,0.125,0.125,0.125,0.125,0.125,0.125,0.125,0.125
42,42.0,0.125,0.125,0.125,0.125,0.125,0.125,0.125,0.125
43,43.0,0.125,0.125,0.125,0.125,0.125,0.125,0.125,0.125
44,44.0,0.125,0.125,0.125,0.125,0.125,0.125,0.125,0.125
45,45.0,0.125,0.125,0.125,0.125,0.125,0.125,0.125,0.125
46,46.0,0.125,0.125,0.125,0.125,0.125,0.125,0.125,0.125
47,47.0,0.125,0.125,0.125,0.125,0.125,0.125,0.125,0.125
48,48.0,0.125,0.125,0.125,0.125,0.125,0.125,0.125,0.125
49,49.0,0.125,0.125,0.125,0.125,0.125,0.125,0.125,0.125
50,50.0,0.125,0.125,0.125,0.125,0.125,0.125,0.125,0.125
51,51.0,0.125,0.125,0.125,0.125,0.125,0.125,0.125,0.125
52,52.0,0.125,0.125,0.125,0.125,0.125,0.125,0.125,0.125
53,53.0,0.125,0.125,0.125,0.125,0.125,0.125,0.125,0.125
54,54.0,0.125,0.125,0.125,0.125,0.125,0.125,0.125,0.125
55,55.0,0.125,0.125,0.125,0.125,0.125,0.125,0.125,0.125
56,56.0,0.125,0.125,0.125,0.125,0.125,0.125,0.125,0.125
57,57.0,0.125,0.125,0.125,0.125,0.125,0.125,0.125,0.125
58,58.0,0.125,0.125,0.125,0.125,0.125,0.125,0.125,0.125
59,59.0,0.125,0.125,0.125,0.125,0.125,0.125,0.125,0.125
60,60.0,0.125,0.125,0.125,0.125,0.125,0.125,0.125,0.125
61,61.0,0.125,0.125,0.125,0.125,0.125,0.125,0.125,0.125
62,62.0,0.125,0.125,0.125,0.125,0.125,0.125,0.125,0.125
63,63.0,0.125,0.125,0.125,0.125,0.125,0.125,0.125,0.125
64,64.0,0.125,0.125,0.125,0.125,0.125,0.125,0.125,0.125
65,65.0,0.125,0.125,0.125,0.125,0.125,0.125,0.125,0.125
66,66.0,0.125,0.125,0.125,0.125,0.125,0.125,0.125,0.125
67,67.0,0.125,0.125,0.125,0.125,0.125,0.125,0.125,0.125
68,68.0,0.125,0.125,0.125,0.125,0.125,0.125,0.125,0.125
69,69.0,0.125,0.125,0.125,0.125,0.125,0.125,0.125,0.125
70,70.0,0.125,0.125,0.125,0.125,0.125,0.125,0.125,0.125
71,71.0,0.125,0.125,0.125,0.125,0.125,0.125,0.125,0.125
72,72.0,0.125,0.125,0.125,0.125,0.125,0.125,0.125,0.125
73,73.0,0.125,0.125,0.125,0.125,0.125,0.125,0.125,0.125
74,74.0,0.125,0.125,0.125,0.125,0.125,0.125,0.125,0.125
75,75.0,0.125,0.125,0.125,0.125,0.125,0.125,0.125,0.125
76,76.0,0.125,0.125,0.125,0.125,0.125,0.125,0.125,0.125
77,77.0,0.125,0.125,0.125,0.125,0.125,0.125,0.125,0.125
78,78.0,0.125,0.125,0.125,0.125,0.125,0.125,0.125,0.125
79,79.0,0.125,0.125,0.125,0.125,0.125,0.125,0.125,0.125
80,80.0,0.125,0.125,0.125,0.125,0.125,0.125,0.125,0.125
81,81.0,0.125,0.125,0.125,0.125,0.125,0.125,0.125,0.125
82,82.0,0.125,0.125,0.125,0.125,0.125,0.125,0.125,0.125
83,83.0,0.125,0.125,0.125,0.125,0.125,0.125,0.125,0.125
84,84.0,0.125,0.125,0.125,0.125,0.125,0.125,0.125,0.125
85,85.0,0.125,0.125,0.125,0.125,0.125,0.125,0.125,0.125
86,86.0,0.125,0.125,0.125,0.125,0.125,0.125,0.125,0.125
87,87.0,0.125,0.125,0.125,0.125,0.125,0.125,0.125,0.125
88,88.0,0.125,0.125,0.125,0.125,0.125,0.125,0.125,0.125
89,89.0,0.125,0.125,0.125,0.125,0.125,0.125,0.125,0.125
90,90.0,0.125,0.125,0.125,0.125,0.125,0.125,0.125,0.125
91,91.0,0.125,0.125,0.125,0.125,0.125,0.125,0.125,0.125
92,92.0,0.125,0.125,0.125,0.125,0.125,0.125,0.125,0.125
93,93.0,0.125,0.125,0.125,0.125,0.125,0.125,0.125,0.125
94,94.0,0.125,0.125,0.125,0.125,0.125,0.125,0.125,0.125
95,95.0,0.125,0.125,0.125,0.125,0.125,0.125,0.125,0.125
96,96.0,0.125,0.125,0.125,0.125,0.125,0.125,0.125,0.125
97,97.0,0.125,0.125,0.125,0.125,0.125,0.125,0.125,0.125
98,98.0,0.125,0.125,0.125,0.125,0.125,0.125,0.125,0.125
99,99.0,0.125,0.125,0.125,0.125,0.125,0.125,0.125,0.125
100,100.0,0.125,0.125,0.125,0.125,0.125,0.125,0.125,0.125
101,101.0,0.125,0.125,0.125,0.125,0.125,0.125,0.125,0.125
102,102.0,0.125,0.125,0.125,0.125,0.125,0.125,0.125,0.125
103,103.0,0.125,0.125,0.125,0.125,0.125,0.125,0.125,0.125
104,104.0,0.125,0.125,0.125,0.125,0.125,0.125,0.125,0.125
105,105.0,0.125,0.125,0.125,0.125,0.125,0.125,0.125,0.125
106,106.0,0.125,0.125,0.125,0.125,0.125,0.125,0.125,0.125
107,107.0,0.125,0.125,0.125,0.125,0.125,0.125,0.125,0.125
108,108.0,0.125,0.125,0.125,0.125,0.125,0.125,0.125,0.125
109,109.0,0.125,0.125,0.125,0.125,0.125,0.125,0.125,0.125
110,110.0,0.125,0.125,0.125,0.125,0.125,0.125,0.125,0.125
111,111.0,0.125,0.125,0.125,0.125,0.125,0.125,0.125,0.125
112,112.0,0.125,0.125,0.125,0.125,0.125,0.125,0.125,0.125
113,113.0,0.125,0.125,0.125,0.125,0.125,0.125,0.125,0.125
114,114.0,0.125,0.125,0.125,0.125,0.125,0.125,0.125,0.125
115,115.0,0.125,0.125,0.125,0.125,0.125,0.125,0.125,0.125
116,116.0,0.125,0.125,0.125,0.125,0.125,0.125,0.125,0.125
117,117.0,0.125,0.125,0.125,0.125,0.125,0.125,0.125,0.125
118,118.0,0.125,0.125,0.125,0.125,0.125,0.125,0.125,0.125
119,119.0,0.125,0.125,0.125,0.125,0.125,0.125,0.125,0.125
120,120.0,0.125,0.125,0.125,0.125,0.125,0.125,0.125,0.125
121,121.0,0.125,0.125,0.125,0.125,0.125,0.125,0.125,0.125
122,122.0,0.125,0.125,0.125,0.125,0.125,0.125,0.125,0.125
123,123.0,0.125,0.125,0.125,0.125,0.125,0.125,0.125,0.125
124,124.0,0.125,0.125,0.125,0.125,0.125,0.125,0.125,0.125
125,125.0,0.125,0.125,0.125,0.125,0.125,0.125,0.125,0.125
126,126.0,0.125,0.125,0.125,0.125,0.125,0.125,0.125,0.125
127,127.0,0.125,0.125,0.125,0.125,0.125,0.125,0.125,0.125
128,128.0,0.125,0.125,0.125,0.125,0.125,0.125,0.125,0.125
129,129.0,0.125,0.125,0.125,0.125,0.125,0.125,0.125,0.125
130,130.0,0.125,0.125,0.125,0.125,0.125,0.125,0.125,0.125
131,131.0,0.125,0.125,0.125,0.125,0.125,0.125,0.125,0.125
132,132.0,0.125,0.125,0.125,0.125,0.125,0.125,0.125,0.125
133,133.0,0.125,0.125,0.125,0.125,0.125,0.125,0.125,0.125
134,134.0,0.125,0.125,0.125,0.125,0.125,0.125,0.125,0.125
135,135.0,0.125,0.125,0.125,0.125,0.125,0.125,0.125,0.125
136,136.0,0.125,0.125,0.125,0.125,0.125,0.125,0.125,0.125
137,137.0,0.125,0.125,0.125,0.125,0.125,0.125,0.125,0.125
138,138.0,0.125,0.125,0.125,0.125,0.125,0.125,0.125,0.125
139,139.0,0.125,0.125,0.125,0.125,0.125,0.125,0.125,0.125
140,140.0,0.125,0.125,0.125,0.125,0.125,0.125,0.125,0.125
141,141.0,0.125,0.125,0.125,0.125,0.125,0.125,0.125,0.125
142,142.0,0.125,0.125,0.125,0.125,0.125,0.125,0.125,0.125
143,143.0,0.125,0.125,0.125,0.125,0.125,0.125,0.125,0.125
144,144.0,0.125,0.125,0.125,0.125,0.125,0.125,0.125,0.125
145,145.0,0.125,0.125,0.125,0.125,0.125,0.125,0.125,0.125
146,146.0,0.125,0.125,0.125,0.125,0.125,0.125,0.125,0.125
147,147.0,0.125,0.125,0.125,0.125,0.125,0.125,0.125,0.125
148,148.0,0.125,0.125,0.125,0.125,0.125,0.125,0.125,0.125
149,149.0,0.125,0.125,0.125,0.125,0.125,0.125,0.125,0.125
150,150.0,0.125,0.125,0.125,0.125,0.125,0.125,0.125,0.125
151,151.0,0.125,0.125,0.125,0.125,0.125,0.125,0.125,0.125
152,152.0,0.125,0.125,0.125,0.125,0.125,0.125,0.125,0.125
153,153.0,0.125,0.125,0.125,0.125,0.125,0.125,0.125,0.125
154,154.0,0.125,0.125,0.125,0.125,0.125,0.125,0.125,0.125
155,155.0,0.125,0.125,0.125,0.125,0.125,0.125,0.125,0.125
156,156.0,0.125,0.125,0.125,0.125,0.125,0.125,0.125,0.125
157,157.0,0.125,0.125,0.125,0.125,0.125,0.125,0.125,0.125
158,158.0,0.125,0.125,0.125,0.125,0.125,0.125,0.125,0.125
159,159.0,0.125,0.125,0.125,0.125,0.125,0.125,0.125,0.125
160,160.0,0.125,0.125,0.125,0.125,0.125,0.125,0.125,0.125
161,161.0,0.125,0.125,0.125,0.125,0.125,0.125,0.125,0.125
162,162.0,0.125,0.125,0.125,0.125,0.125,0.125,0.125,0.125
163,163.0,0.125,0.125,0.125,0.125,0.125,0.125,0.125,0.125
164,164.0,0.125,0.125,0.125,0.125,0.125,0.125,0.125,0.125
165,165.0,0.125,0.125,0.125,0.125,0.125,0.125,0.125,0.125
166,166.0,0.125,0.125,0.125,0.125,0.125,0.125,0.125,0.125
167,167.0,0.125,0.125,0.125,0.125,0.125,0.125,0.125,0.125
168,168.0,0.125,0.125,0.125,0.125,0.125,0.125,0.125,0.125
169,169.0,0.125,0.125,0.125,0.125,0.125,0.125,0.125,0.125
170,170.0,0.125,0.125,0.125,0.125,0.125,0.125,0.125,0.125
171,171.0,0.125,0.125,0.125,0.125,0.125,0.125,0.125,0.125
172,172.0,0.125,0.125,0.125,0.125,0.125,0.125,0.125,0.125
173,173.0,0.125,0.125,0.125,0.125,0.125,0.125,0.125,0.125
174,174.0,0.125,0.125,0.125,0.125,0.125,0.125,0.125,0.125
175,175.0,0.125,0.125,0.125,0.125,0.125,0.125,0.125,0.125
176,176.0,0.125,0.125,0.125,0.125,0.125,0.125,0.125,0.125
177,177.0,0.125,0.125,0.125,0.125,0.125,0.125,0.125,0.125
178,178.0,0.125,0.125,0.125,0.125,0.125,0.125,0.125,0.125
179,179.0,0.125,0.125,0.125,0.125,0.125,0.125,0.125,0.125
180,180.0,0.125,0.125,0.125,0.125,0.125,0.125,0.125,0.125
181,181.0,0.125,0.125,0.125,0.125,0.125,0.125,0.125,0.125
182,182.0,0.125,0.125,0.125,0.125,0.125,0.125,0.125,0.125
183,183.0,0.125,0.125,0.125,0.125,0.125,0.125,0.125,0.125
184,184.0,0.125,0.125,0.125,0.125,0.125,0.125,0.125,0.125
185,185.0,0.125,0.125,0.125,0.125,0.125,0.125,0.125,0.125
186,186.0,0.125,0.125,0.125,0.125,0.125,0.125,0.125,0.125
187,187.0,0.125,0.125,0.125,0.125,0.125,0.125,0.125,0.125
188,188.0,0.125,0.125,0.125,0.125,0.125,0.125,0.125,0.125
189,189.0,0.125,0.125,0.125,0.125,0.125,0.125,0.125,0.125
190,190.0,0.125,0.125,0.125,0.125,0.125,0.125,0.125,0.125
191,191.0,0.125,0.125,0.125,0.125,0.125,0.125,0.125,0.125
192,192.0,0.125,0.125,0.125,0.125,0.125,0.125,0.125,0.125
193,193.0,0.125,0.125,0.125,0.125,0.125,0.125,0.125,0.125
194,194.0,0.125,0.125,0.125,0.125,0.125,0.125,0.125,0.125
195,195.0,0.125,0.125,0.125,0.125,0.125,0.125,0.125,0.125
196,196.0,0.125,0.125,0.125,0.125,0.125,0.125,0.125,0.125
197,197.0,0.125,0.125,0.125,0.125,0.125,0.125,0.125,0.125
198,198.0,0.125,0.125,0.125,0.125,0.125,0.125,0.125,0.125
199,199.0,0.1248611111111111,0.1248611111111111,0.1248611111111111,0.1259722222222222,0.1248611111111111,0.1248611111111111,0.1248611111111111,0.1248611111111111
200,200.0,0.1242940578465063,0.1242940578465063,0.1254051689576174,0.1265051689576174,0.1254051689576174,0.1242940578465063,0.1254051689576174,0.1243971506300114
201,201.0,0.1233879681750707,0.1233879681750707,0.1254879681750707,0.1265669681750707,0.1255990792861818,0.1233879681750707,0.1274879681750707,0.1246941116633938
202,202.0,0.1221764608090238,0.1221764608090238,0.1252454608090239,0.1291331546474077,0.125466571920135,0.1221764608090238,0.1289527335362966,0.1246726966600653
203,203.0,0.1206372936015883,0.1215463845106792,0.1245567945106792,0.1318031328349217,0.1249767147126994,0.1206372936015883,0.1317352777512482,0.1241071084765955
204,204.0,0.11890603679639,0.1206393701297233,0.1244760359388142,0.1340267701711662,0.124257553807501,0.11890603679639,0.1355454661190149,0.1232427302410004
205,205.0,0.1171078566099017,0.1196490081250532,0.1249961323094298,0.136576597568039,0.1234278558720128,0.1171078566099017,0.1388597816579869,0.1222749112476749
206,206.0,0.1151457406539507,0.1184718503509204,0.1252396344459291,0.1399165841111146,0.1223852850604518,0.1151457406539507,0.1426952183058504,0.1209999464178322
207,207.0,0.1131597407913922,0.1172423850883619,0.1254390351692249,0.1433813914397319,0.1212655914948904,0.1131597407913922,0.1466949413805408,0.1196571738444657
208,208.0,0.1111730238435527,0.1160800662718961,0.1255055368895521,0.1475037994307291,0.1200886028184244,0.1111730238435527,0.1502082264425916,0.1182677204597014
209,209.0,0.1092424476984667,0.1149348022631873,0.1254890095395394,0.1513149684381826,0.118908737438937,0.1092424476984667,0.1539805190346652,0.1168870678885551
210,210.0,0.1080611486260889,0.1136633605679017,0.1252451136446995,0.154461287544616,0.1176482955000735,0.1072919178568581,0.1577283066394664,0.1159005696202958
211,211.0,0.10691992383387,0.1123939951966378,0.1249019468434515,0.1576814230990424,0.1168741586934657,0.1053891546031007,0.1609568105991168,0.1148825871313151
212,212.0,0.1058661576624459,0.1111800627805445,0.1245136131910039,0.1610683596002387,0.1161116078708741,0.1035883884316766,0.1637855075871947,0.1138863028760215
213,213.0,0.1047610745840419,0.1098875920208563,0.1239477289313754,0.1647270575756049,0.1162263261644972,0.1017568599686573,0.1659146346589937,0.1127787260959732
214,214.0,0.1037578708310669,0.107841041837123,0.1225311060191045,0.1691457728934677,0.1162111592093231,0.0999888718746566,0.1688053841392547,0.1117187931960037
215,215.0,0.1026603321427696,0.1057543298719509,0.1209988153082074,0.1739215378129104,0.1160288308731655,0.0982214864997696,0.1718806001785951,0.1105340673126316
216,216.0,0.1014746316353295,0.1036353564061528,0.1193607634686728,0.1783819786356696,0.1160194249751157,0.0964553344088507,0.1754378712314139,0.1092346392387951
217,217.0,0.1004113456618761,0.1016499800401492,0.1175853498474599,0.1825565649799851,0.1160628849102445,0.0948484064111026,0.1788505915087629,0.1080348766404199
218,218.0,0.0993112923124074,0.1003595260374498,0.1157560935581018,0.1872154022489565,0.1152743044579329,0.0932908951084669,0.182031364939108,0.1067611213375767
219,219.0,0.0981349849559067,0.0994450886692819,0.1138410343293576,0.1910151684222679,0.1150410674347933,0.0917380795661553,0.18500559268945,0.1057789839327872
220,220.0,0.0969884129736062,0.0985562648797564,0.1119157457222593,0.1943817977034403,0.114670428086459,0.0902541192705225,0.1884532756774674,0.1047799556864888
221,221.0,0.0958486350997619,0.0980675857819168,0.1100054359580498,0.1970608313804345,0.1142708785823826,0.0888522995575923,0.1921508488435113,0.1037434847963506
222,222.0,0.0948034027807092,0.0976461582305498,0.1080712675065298,0.1998748481303777,0.1138932502763275,0.0875823694093722,0.1953688043528471,0.1027598993132865
223,223.0,0.0938450178040471,0.0973066233720248,0.1062177853300743,0.2026127022467415,0.112863764684773,0.0865331824064474,0.19813002793598,0.1024908962199118
224,224.0,0.0935563634663407,0.0970010932464083,0.1044121857354918,0.2050954903908997,0.1117732199065556,0.0856580405328327,0.2003214029169716,0.1021822038044996
225,225.0,0.0932704508005674,0.0966979515658945,0.1017528866435602,0.2071815051857118,0.1106357248616195,0.0848581309662756,0.2031779549265214,0.1024253950498496
226,226.0,0.0929374221160732,0.0972061141149026,0.0991268590856203,0.2092413093423004,0.1094149068769678,0.0840810784248858,0.2054246396764941,0.1025676703627557
227,227.0,0.0926199638062786,0.0970282837605119,0.0965646633388879,0.2104709313072854,0.1081491862252393,0.083876391321231,0.2092632264442282,0.1020273537963377
228,228.0,0.0923744552520531,0.0969816464847357,0.0940467324546698,0.2115029795210601,0.1068455212345086,0.0837786337272009,0.2129491402295132,0.1015208910962586
229,229.0,0.0921391160949147,0.0974977356951933,0.0916381056262982,0.2121553815206535,0.1055528896512789,0.083814520197174,0.2161922847255239,0.1010099664889634
230,230.0,0.0919434038775799,0.0980070472274218,0.0896654954358513,0.2123779403419051,0.1043113124206323,0.0839099826193483,0.2189410535537704,0.1008437645234908
231,231.0,0.0917208396129627,0.0991447042198161,0.0878040531124092,0.2122585621228485,0.1031004667418979,0.084030173349853,0.2212801985362362,0.1006610023039762
232,232.0,0.0915451473012292,0.1002299115058114,0.0860972216895583,0.2119882429696713,0.101996968396907,0.0836867392785264,0.2241714857013665,0.1002842831569298
233,233.0,0.0913097724134879,0.1012091652806469,0.0845126534059649,0.211897775891923,0.100897321380391,0.0833549207370025,0.2269474472545407,0.0998709436360429
234,234.0,0.0917298151629954,0.1013614751358971,0.0830314451080167,0.2114025127852705,0.10030462952216,0.0830293668502087,0.2297420062915728,0.0993987491438786
235,235.0,0.092139438391384,0.1014338221597252,0.0816805649210416,0.2109498231592924,0.0997710117139607,0.0827359099700065,0.2323653019294407,0.0989241277551487
236,236.0,0.0924578122136644,0.1010812670771606,0.0804433510047906,0.2104606924521346,0.0992659566218899,0.0824443348575568,0.2353937598395736,0.0984528259332293
237,237.0,0.0927218749959804,0.1006887680291277,0.0793311350394384,0.2097896554818826,0.0988019846933404,0.0821676952552936,0.2385096804247796,0.097989206080157
238,238.0,0.0929583972699321,0.1002194673593573,0.0783487822908254,0.2091547814331813,0.098385870232522,0.0819135069094977,0.2417504675534398,0.0972687269512442
239,239.0,0.093086424191411,0.0996404220290477,0.0774353851025517,0.2092670074561258,0.0979727390517111,0.0816378169924213,0.2444572365289022,0.096502968647829
240,240.0,0.0930462028409164,0.099006882474706,0.0766293658694358,0.2097164312003259,0.0970922938665283,0.0813750652958396,0.2474771869769336,0.0956565714753141
241,241.0,0.0928835643296586,0.0979708988604156,0.0758966072653055,0.2106347118540239,0.0961931729308172,0.0810902007367363,0.2505559640434394,0.0947748799796032
242,242.0,0.0926472942000599,0.0968781542468736,0.0752353387646894,0.2112180261611293,0.095295235541146,0.0807938372056663,0.2536111479185787,0.0943209659618565
243,243.0,0.0923544772655572,0.0961129260168494,0.0746507673072642,0.2119349056156572,0.0944151086675215,0.0805014332155171,0.2561955355618174,0.0938348463498154
244,244.0,0.0919856143068924,0.0956376413178314,0.0741230847245227,0.2127518995883862,0.0935584567564865,0.0801927806298581,0.2584101277784185,0.0933403948976036
245,245.0,0.0915191179210449,0.0950904669519585,0.0736482491525749,0.2136599858624229,0.0926991540181834,0.0798580697498995,0.2607215748332204,0.092803381510695
246,246.0,0.0909938873642086,0.0948169777883647,0.0732218539398443,0.2143888524911948,0.0918711538231414,0.0795152184698428,0.2629383788410114,0.0922536772823916
247,247.0,0.0903856447814834,0.094784972710701,0.0728246635966961,0.2156928744660576,0.0910448878935934,0.0790569600398482,0.2645643340280023,0.0916456624836176
248,248.0,0.0901414740742317,0.0949646335083822,0.0724648172933573,0.2171064066987312,0.0902357358686839,0.0785912049305253,0.2654985507123941,0.0909971769136939
249,249.0,0.0898146139085946,0.095060449575696,0.0721307098517144,0.2189999005427262,0.089438780707291,0.0783298533547397,0.2659195884827372,0.0903061035765006
250,250.0,0.0894178284710621,0.0950846482777706,0.0718345969110581,0.2207180356526165,0.0886631580731402,0.0780622190998527,0.2663478227870816,0.0898716907274179
251,251.0,0.088954306604734,0.0950310508537212,0.0715602081192284,0.2228366615767262,0.0879078990931515,0.0777808000917562,0.2665305824219589,0.0893984912387231
252,252.0,0.0884319427557378,0.0951814235370733,0.071305758902612,0.2249524362588704,0.087384626393167,0.0774877027611059,0.2663648819244335,0.0888912274669997
253,253.0,0.0879319255766779,0.0953352440014414,0.0711000587252067,0.2269793250165773,0.0869227508064013,0.0774196288144477,0.2659044329971474,0.0884066340621
254,254.0,0.0871033668639044,0.0954979449433886,0.0709514318947857,0.2292934117509183,0.0865280670567082,0.0773783988627693,0.26562295459338,0.0876244240341451
255,255.0,0.0862473556659075,0.0955835549563628,0.070824753548133,0.2313615874636585,0.0861561463128834,0.0773308370092677,0.2656558970434732,0.0868398680003134
256,256.0,0.0854299137870464,0.095673422854332,0.0707462941442411,0.233364685812744,0.0858453074250362,0.0773052505865631,0.2655378421173505,0.0860972832726864
257,257.0,0.0842955963185028,0.0957613700054917,0.0707071622185478,0.2353793887926459,0.0855776157869608,0.0776073437514777,0.265276106406267,0.0853954167201059
258,258.0,0.0830173004696408,0.0958697190786821,0.0706144971486354,0.2375062741836275,0.0852671090843388,0.077930922080073,0.2650562076210979,0.0847379703339042
259,259.0,0.0817696157163835,0.0960501064177134,0.0705416074211152,0.2396540287961685,0.0849811283575996,0.0780289937057716,0.2648755468165638,0.0840989727686841
260,260.0,0.0805612004221938,0.0962020087474738,0.0704787800269505,0.2415978010057323,0.0847151675124875,0.0781015915609697,0.2648600370974807,0.0834834136267114
261,261.0,0.0794014438523961,0.0963337733647273,0.0704259377239467,0.2432283885186838,0.0844716767536776,0.0781555641298996,0.2650958588992049,0.0828873567574637
262,262.0,0.0782756750875264,0.096382142851693,0.0703682021845928,0.2451892733914247,0.0842363124156381,0.0781777026510092,0.2650615608984534,0.0823091305196622
263,263.0,0.0771929661243163,0.0962652791638753,0.070307187260287,0.247221528446314,0.0840128387803249,0.0781767863149083,0.2650774546617996,0.0817459592481744
264,264.0,0.0761677354444812,0.0963817910821805,0.0702463537466551,0.2487983753641873,0.0838030889284613,0.0781526826839741,0.2652395576072725,0.0812104151427879
265,265.0,0.0753022743667644,0.0964681678543324,0.0701841199549517,0.2502430568580567,0.0836101143759864,0.0784008016764371,0.265085168411635,0.0807062965018362
266,266.0,0.0745828547321415,0.0967233665038495,0.0701132222458363,0.2520939843741129,0.0831698014204689,0.0786100827212112,0.2644794312022968,0.0802272568000828
267,267.0,0.0739145043987375,0.0969344135914708,0.0700330144933955,0.254278678650733,0.0827399018409738,0.0787730912799653,0.2635596644767184,0.0797667312680054
268,268.0,0.0730515150057636,0.0971092388787909,0.0699455262180626,0.2567591113321405,0.0823257326211845,0.0788973061254309,0.262591042211504,0.079320527607123
269,269.0,0.0722394186247189,0.0974370765711675,0.0697521255406892,0.2588297937194254,0.0821855780350976,0.0789772471886869,0.2616955858947438,0.0788831744254706
270,270.0,0.0714701584229596,0.0976567912802987,0.069540901421665,0.2605359121678288,0.0820397251995582,0.0790023642038892,0.2612162467865007,0.0785379005172997
271,271.0,0.070764348043218,0.0977942754929638,0.0693298172894593,0.2620290336525684,0.0819128276310123,0.0790032696492542,0.2609455683697633,0.0782208598717606
272,272.0,0.0701242703318963,0.0978576879458619,0.0691277513783202,0.2638630997076517,0.0818085811536605,0.0789864043685118,0.2604973994201116,0.0777348056939857
273,273.0,0.069534272542654,0.0978777971597247,0.0689239638453973,0.2656963620222016,0.0817049921018208,0.0789293214889872,0.2600685134084718,0.0772647774307424
274,274.0,0.0689973215657846,0.0978183552275567,0.0687200146515366,0.2674061466967745,0.0816043040931558,0.0788406120503207,0.2597967955107704,0.0768164502041006
275,275.0,0.0685120964193342,0.097683956702837,0.0685168434561876,0.2689917553935534,0.081505798508801,0.0787226205962765,0.2596764188781289,0.0763905100448811
276,276.0,0.0680679201643558,0.0974673109320955,0.0683095859063371,0.2705720982457804,0.0814006562768722,0.078566331015382,0.2596385302012979,0.0759775672578789
277,277.0,0.0676604350475453,0.0971687729598944,0.0680912645812393,0.2717705755270404,0.0812832741076408,0.0783692934370161,0.2600862113727284,0.0755701729668951
278,278.0,0.0672921153063709,0.0968370448676088,0.0678673895332555,0.2729492040228525,0.0811579585121454,0.0781389488297237,0.2605840736539409,0.075173265274102
279,279.0,0.0670518164027691,0.0964796958334778,0.0676422743010382,0.2740564409632181,0.0810279704973343,0.0778816439162668,0.2610664108567613,0.0747937472291344
280,280.0,0.066866618968016,0.0961243152764152,0.0674329971731949,0.2749390496681321,0.0809093665873122,0.0778358913981388,0.2614364958517203,0.0744552650770703
281,281.0,0.0665212317072055,0.0957119772424276,0.0672197478707302,0.2758590543804211,0.0807817208755958,0.0777615469340421,0.2620150008150532,0.0741297201745244
282,282.0,0.066211918201904,0.0952521822532062,0.0670050023315424,0.2766301838086937,0.080649124925265,0.0776629792984283,0.2627699954148822,0.0738186137660781
283,283.0,0.0659441702160088,0.0947576550895548,0.0667967366029428,0.2772681564172419,0.0805230687366181,0.0777529420059479,0.263425387805936,0.0735318831257497
284,284.0,0.0657118037385468,0.0953406664881332,0.0665913611629489,0.2776944560313862,0.0792841015830584,0.0778181908847765,0.2642947086755079,0.073264711435642
285,285.0,0.0655129710317208,0.0958877606229727,0.0663896957448414,0.2779593800318951,0.0780548670113795,0.077862055029686,0.2653163955024865,0.0730168750250179
286,286.0,0.0662402151023505,0.096364902448575,0.0660911303745634,0.2778758279103331,0.0767460397362576,0.0777888908537559,0.2662065304148093,0.0726864631593552
287,287.0,0.0668094703397871,0.097555539268006,0.0657109235129974,0.2778085929837956,0.0751872420747531,0.077615683937008,0.2670283691399678,0.072284178743685
288,288.0,0.0673921714318704,0.0985360291670956,0.065344278261039,0.277541799432549,0.0736769031594686,0.0774277919195177,0.2680130240636284,0.0720680025648314
289,289.0,0.068003092893335,0.0993913762227745,0.0649104951994792,0.2777038112747528,0.0722405561585271,0.077159827119412,0.2687912947478794,0.0717995463838401
290,290.0,0.0686106716136909,0.10017468439995,0.0644885419575886,0.2779802700070551,0.0708665807218081,0.0768819786937443,0.269453676077957,0.0715435965282061
291,291.0,0.0692103450599577,0.1010528391095914,0.0640861551926917,0.2781159032728443,0.0695654189907489,0.0766005474608165,0.2700631757829017,0.0713056151304479
292,292.0,0.0697928461396157,0.1009396529581654,0.0637013412392722,0.2777700208819686,0.0692478312357191,0.0763072618859508,0.2711594546601678,0.0710815909991403
293,293.0,0.0703513895690524,0.100746823938292,0.0633297082712019,0.277386069161917,0.0689958740214886,0.0760008304316501,0.2723239388108017,0.0708653657955963
294,294.0,0.071563709766644,0.1004962489087877,0.062896725174764,0.2770314568970771,0.0686529557829671,0.075608033304161,0.2731699851381013,0.0705808850274977
295,295.0,0.0727328498485996,0.1001993673207963,0.0624832919041876,0.2765233247708854,0.0683653921277096,0.0752066179827431,0.2741853478415745,0.0703038082035036
296,296.0,0.0736572131303274,0.099705861800213,0.0620259605533672,0.2758994972433756,0.0687697635755751,0.0747320626682902,0.2752356492159526,0.0699739918128987
297,297.0,0.0745198553935908,0.0991463432119704,0.0615829125227755,0.2755366291441867,0.0692089810889854,0.0742462455860839,0.2761145575487466,0.0696444755036606
298,298.0,0.0753308227771664,0.0985491398401789,0.0611652658984371,0.2752830832441169,0.06968616258376,0.0737753827911519,0.2768782765699394,0.0693318662952493
299,299.0,0.076077170390473,0.0979077862361995,0.0607723099471167,0.2749520929189256,0.0701858153398435,0.0733110766687462,0.2776239579003632,0.0691697905983323
300,300.0,0.0767558056269268,0.097228859262702,0.0604037869440262,0.2747564175010203,0.0706987288928926,0.0728491803064776,0.2782877330689469,0.0690194883970074
301,301.0,0.0773654657798183,0.0966042941630297,0.0600600583890515,0.274529878682308,0.0712173228212195,0.072392059760971,0.2789509773093837,0.0688799430942183
302,302.0,0.0777474822552584,0.095853468899196,0.0596885913892103,0.2741386688603707,0.0715750698663318,0.0718941952282696,0.2804073011089405,0.0686952223924225
303,303.0,0.0780685200618277,0.0952399530865375,0.0593446941656763,0.2736666988491671,0.0719321980516899,0.071412790169919,0.2818152096607684,0.0685199359544139
304,304.0,0.0783327018192424,0.0946210525051488,0.0590302838439491,0.2733497976767818,0.0722864331123104,0.0709515946108255,0.2830670164126942,0.0683611200190476
305,305.0,0.078548833978095,0.0940318273829007,0.058754827272246,0.2727366523892098,0.0726420390592769,0.0705269570260137,0.2845310177858024,0.0682278451064552
306,306.0,0.0787160880058522,0.0934681192460322,0.0585070448038142,0.2719855540635997,0.0729885172403508,0.0701325236523017,0.2860935407994989,0.06810861218855
307,307.0,0.0788331585406369,0.0927831639319222,0.0582818664780421,0.2711173990058566,0.0733186651454718,0.0697596244529795,0.2877782475407765,0.0681278749043141
308,308.0,0.0789047265132478,0.0921077722542083,0.0580831928222675,0.2702679195363406,0.0736331855457816,0.0694096679858958,0.2894347913578204,0.0681587439844377
309,309.0,0.0787913272507177,0.0920169813066222,0.0578622989518282,0.2694150040334098,0.0737871967382999,0.0690351927636022,0.2909404398781861,0.0681515590773337
310,310.0,0.0787672710123795,0.091933483900835,0.0576610459528389,0.2685486327494866,0.0739200189452038,0.0686808988998742,0.2923411480485585,0.0681475004908231
311,311.0,0.0780396433355668,0.0918550457798054,0.0574786869808384,0.26782001164172,0.0740317719039052,0.0683470621455175,0.2936157350027999,0.0688120432098466
312,312.0,0.0772874918208075,0.0917817277740454,0.0573164486890306,0.2672591218107809,0.0741248591895494,0.0680399651029893,0.2947175331836826,0.069472852429114
313,313.0,0.0765286805205058,0.0917231317849081,0.0571832555964092,0.2663628074511266,0.0742081066500477,0.0677691832234363,0.2960753880974146,0.0701494466761512
314,314.0,0.0757658819901226,0.0916714623910932,0.0570719535778854,0.2653425214540192,0.0742760842572134,0.0675239377221675,0.2975337721513974,0.0708143864561009
315,315.0,0.0750037579296895,0.0916203367075511,0.056979644747831,0.2643713690947107,0.0743278174219042,0.0673003351011621,0.298937916187559,0.071458822809592
316,316.0,0.0741706755872215,0.0915772807873526,0.0569074071607483,0.2631351856375273,0.0743693648328026,0.0671050372626366,0.300482221933034,0.0722528267986768
317,317.0,0.0733454992724091,0.0915236913633184,0.0568466485924856,0.2620400780320845,0.0743885172624907,0.0669211723553652,0.3019342718179764,0.0730001213038698
318,318.0,0.0725443158037885,0.0914711737628626,0.056802194932585,0.261062067326459,0.0743952964524639,0.0667626681182186,0.3032570842683952,0.0737051993352267
319,319.0,0.0717740290177163,0.0914356777722506,0.0566491515130991,0.2600756345438677,0.0743921632210837,0.0665093376439663,0.3047981470636251,0.0743658592243909
320,320.0,0.0710252635983813,0.0913805744774779,0.0565019060570215,0.2591438506264404,0.0743667898585734,0.0662659230167205,0.3063543115251244,0.0749613808402604
321,321.0,0.0703140090429642,0.0913366879287162,0.0563673614861901,0.2584689514667744,0.0743302281126487,0.0660420501584694,0.3076310363313345,0.0755096754729022
322,322.0,0.069642008009711,0.091286546531572,0.0562438600786213,0.2578767150413247,0.0741981957464974,0.0659221306837854,0.3085884145309469,0.0762421293775409
323,323.0,0.0690007653925216,0.0913425138501174,0.0561265008396928,0.2572577723328238,0.0740500578651967,0.0658069863818347,0.3093759711782197,0.0770394321595928
324,324.0,0.0683923890025259,0.0913752212816679,0.0560150163195881,0.256620651179842,0.0738879042143329,0.0656956192532268,0.3102497180662753,0.0777634806825406
325,325.0,0.0678287653605388,0.0913983898809841,0.0559132292848415,0.2560933223610331,0.0737199128047186,0.065596649900128,0.3110257575098123,0.0784239728979431
326,326.0,0.067310711194981,0.091411213081127,0.0558207339416393,0.2555493799342435,0.0735478934106999,0.0655090127062056,0.3118314137303803,0.0790196420007231
327,327.0,0.0668267821630867,0.0913957474006957,0.0557301057166041,0.2551398045045132,0.0733645164220491,0.0654192571026183,0.3125925392890193,0.0795312474014134
328,328.0,0.0663857902649195,0.0913647766774475,0.0556477375768828,0.254840680953613,0.073180253785287,0.0653386965653402,0.3132690928505781,0.0799729713259315
329,329.0,0.0659888536576437,0.0913199328731776,0.0555747324250671,0.2546443394276914,0.0729981419213183,0.0652710692596197,0.3139357596195004,0.0802671708159815
330,330.0,0.0656264554533421,0.091248762580309,0.0555039000129704,0.2542871244666285,0.0728108036702692,0.0652846444389155,0.3147526356923604,0.0804856736852046
331,331.0,0.0652988055196866,0.091155846709957,0.0554373527693892,0.2541693084466758,0.0726220887571404,0.0652953301397123,0.3153776262601703,0.0806436413972682
332,332.0,0.0650144894595123,0.0910663248605946,0.0553812585534565,0.2542535974833779,0.0724417231604576,0.0653184268141915,0.3158834828589182,0.0806406968094912
333,333.0,0.0647693253100229,0.0908840696523974,0.0553312306600347,0.2543329045065481,0.0722667732600112,0.0653473655959918,0.3164797268304604,0.0805886041845332
334,334.0,0.0645514640766039,0.0906779035212733,0.0552799955912413,0.2544413118899276,0.0720893443567454,0.0653651943906533,0.3171199879673493,0.0804747982062055
335,335.0,0.0643591599502166,0.0904497033666235,0.0552272563648092,0.2546532388682813,0.0719103657630616,0.0653711068130969,0.3177247078182636,0.080304461055647
336,336.0,0.0641987013498957,0.090212614821715,0.0551789686380203,0.2549355328272503,0.0717387743689065,0.0653763418825012,0.3182656968808565,0.0800933692308542
337,337.0,0.0640694299512173,0.0899697407977265,0.0551361804328398,0.2550970947803136,0.0715765576629305,0.0653844183812493,0.3189172613995832,0.0798493165941394
338,338.0,0.0639632099847195,0.089817791003209,0.0550933766819721,0.2552654319070699,0.0714171325805344,0.0653838670662135,0.3194904673098797,0.0795687234664017
339,339.0,0.0638765376043666,0.0896518883673592,0.0550488941573146,0.2553732248480126,0.0712595632066523,0.0653701022689052,0.3199463576438249,0.0794734319035643
340,340.0,0.0638052226524402,0.0894696407016947,0.0550014834553518,0.2553745679075823,0.0711032216227621,0.065341954159014,0.3205622185948962,0.0793416909062586
341,341.0,0.0637538918561722,0.0892804094128097,0.054954628993436,0.2551864978628109,0.0709539011327244,0.0653084724057673,0.3213805054902645,0.0791816928460149
342,342.0,0.0636443106505908,0.0891854058987769,0.0549095072513822,0.2549436859546501,0.0708131563912548,0.0652736135159901,0.3222314889099004,0.0789988314274547
343,343.0,0.0635467791286081,0.0891530888069157,0.0548623869891197,0.2546372324281873,0.0706757391766406,0.0652284082842363,0.3231059217483679,0.0787904434379243
344,344.0,0.0634630768221801,0.0891207169200122,0.0548151544201461,0.2542273755250159,0.070543754487904,0.0651759774347715,0.3240907356602667,0.0785632087297033
345,345.0,0.0633897274763497,0.0890738437958592,0.0547654765638251,0.2539887740675928,0.0704150129134959,0.0651107387270651,0.3249411544739562,0.078315271981856
346,346.0,0.0633236086215698,0.0890092383181128,0.0547123767504165,0.2536600340273346,0.0702886121788744,0.0650321857434195,0.3258234765133422,0.0781504678469301
347,347.0,0.063267580894639,0.0890184841225066,0.0546588709607994,0.2532792860654282,0.0701675796174324,0.0649447836611391,0.3265737749990311,0.0780896396790242
348,348.0,0.0632208443188336,0.0890147265029341,0.0546052938922607,0.2528720098506192,0.070052204385927,0.0648509517128483,0.3273613907047135,0.0780225786318636
349,349.0,0.0631858170056021,0.08900322647065,0.0545539693435388,0.2524758233090908,0.069946347941154,0.0647584554199598,0.3281237922393458,0.0779525682706586
350,350.0,0.0631547029633095,0.0889735968737856,0.0545003886188664,0.2520383345181233,0.069843686292687,0.0646558724739837,0.328962073241929,0.0778713450173154
351,351.0,0.0631265588211779,0.0889257888467749,0.0544446360188041,0.2515861472437447,0.0697441099082298,0.0646168713578076,0.3297764325493368,0.0777794552541242
352,352.0,0.0631005189731171,0.0888599738704301,0.0543868197701268,0.2512860471726409,0.069647501860413,0.0645679238412883,0.3304736946079497,0.077677519904034
353,353.0,0.0630757961587296,0.0887765192417541,0.0543270683015923,0.2510452702057988,0.0695537394493,0.0645091515922924,0.3311462348266784,0.0775662202238542
354,354.0,0.0630557679907011,0.0886820821218589,0.054267557978319,0.2507566541869766,0.0694662686333753,0.0644479530420992,0.3318812224805585,0.0774424935661111
355,355.0,0.0630371672000589,0.0885733195733868,0.0542079172014547,0.2503905404358034,0.0693828507498766,0.0643788568925939,0.3327206704137324,0.077308677533093
356,356.0,0.063017629670585,0.0884483375688913,0.054218311768729,0.2500822652006886,0.0693024167478031,0.0643012969564375,0.3334658036356639,0.0771639384512014
357,357.0,0.0629966362694246,0.0883080050636317,0.054226741531522,0.2497365159254494,0.0692247785776802,0.0642156604489512,0.3342824139788677,0.0770092482044729
358,358.0,0.0630689675487378,0.0881550511360688,0.0542344841412835,0.249355203046055,0.0691515125871689,0.0641241582063968,0.3350606086297944,0.0768500147044947
359,359.0,0.0631363205772795,0.0880564183593373,0.0542375914818425,0.2488185806293083,0.0690788899993716,0.0641138328080452,0.3358799752787323,0.0766783908660832
360,360.0,0.0631976027404112,0.087942623988723,0.0542357719651486,0.2482216035733329,0.069006764929798,0.0640934593820006,0.3368066943443847,0.0764954790762009
361,361.0,0.063251904905713,0.08781425331954,0.0542288232718263,0.247824118398563,0.0689350130129061,0.0640628746903466,0.3375805985767653,0.0763024138243394
362,362.0,0.0633024246280591,0.0876852641099571,0.0542197816877569,0.2475317868793722,0.0688666867140824,0.0640266988738443,0.338162776281915,0.0762045808250128
363,363.0,0.0633486515764832,0.0875486054797371,0.0542086844323064,0.2473007145636852,0.0688017836539665,0.0639843617325693,0.3386976241622966,0.0761095743989554
364,364.0,0.0633945546312947,0.0874125964332765,0.0541986088806135,0.2470795629144084,0.0687441987327049,0.0639431762275963,0.3392059380943931,0.0760213640857124
365,365.0,0.0634427634311387,0.0872824814597649,0.0541910153827825,0.2467184789933628,0.068695237750588,0.0639062882834988,0.3397264677627065,0.0760372669361576
366,366.0,0.0634895645530966,0.0872358127276744,0.0541841659713704,0.2463672926371619,0.0686529622264874,0.0638704325761809,0.3401421215425327,0.0760576477654955
367,367.0,0.0635363164101411,0.0871255270011745,0.0541797403882532,0.2462222019967089,0.0686188120262463,0.0638373496878447,0.3403841563896702,0.0760958960999608
368,368.0,0.063580797060283,0.0870157809056268,0.0541757811565226,0.2461772088629964,0.0685905567695709,0.0638051366096893,0.3405184234077829,0.0761363152275279
369,369.0,0.0636234982689607,0.0869076114184652,0.0541729906846066,0.2461566186580033,0.0685685989659211,0.0637762119199712,0.3406124737259799,0.0761819963580917
370,370.0,0.0636623669134875,0.0867985171869035,0.0541694759464967,0.2461761801979279,0.0685507243932845,0.0637470096398099,0.340675373942101,0.0762203517799888
371,371.0,0.0636987247929311,0.0866992616040479,0.0540991041777237,0.2463579765098976,0.0685380307033839,0.0637196114581252,0.3406281658567758,0.0762591248971146
372,372.0,0.063727232471975,0.0865937816016771,0.0540266625712533,0.2464275725453557,0.0685253532854223,0.0636854037001895,0.3406324893826428,0.0763815044414841
373,373.0,0.0637470593422397,0.0864806982268644,0.0539527135552795,0.2465234167911424,0.0685123304116067,0.0636452381919661,0.3406394428743,0.076499100606601
374,374.0,0.0637643824459276,0.0863788064130936,0.0538821100535249,0.2464722166709622,0.0685042976025645,0.0636070090645789,0.3406682221262762,0.076722955623072
