,Unnamed: 0,Total_iterations,Intertwine_two,Invert_path_vertices,Insert_inside_vertex,Delete_inside_vertex,Replace_inside_vertex,Donate_between_routes,Trim_one_terminal_cb,Grow_one_terminal_cb
0,0.0,0.0,0.125,0.125,0.125,0.125,0.125,0.125,0.125,0.125
1,1.0,0.10900000000000001,0.125,0.125,0.125,0.125,0.125,0.125,0.125,0.125
2,2.0,0.31601,0.125,0.125,0.125,0.125,0.125,0.125,0.125,0.125
3,3.0,0.6191589000000001,0.125,0.125,0.125,0.125,0.125,0.125,0.125,0.125
4,4.0,1.015801321,0.125,0.125,0.125,0.125,0.125,0.125,0.125,0.125
5,5.0,1.50262148669,0.125,0.125,0.125,0.125,0.125,0.125,0.125,0.125
6,6.0,2.0757334209441005,0.125,0.125,0.125,0.125,0.125,0.125,0.125,0.125
7,7.0,2.7307768275633495,0.125,0.125,0.125,0.125,0.125,0.125,0.125,0.125
8,8.0,3.4630081252450404,0.125,0.125,0.125,0.125,0.125,0.125,0.125,0.125
9,9.0,4.2673862119061114,0.125,0.125,0.125,0.125,0.125,0.125,0.125,0.125
10,10.0,5.138652627782014,0.125,0.125,0.125,0.125,0.125,0.125,0.125,0.125
11,11.0,6.071405875792507,0.125,0.125,0.125,0.125,0.125,0.125,0.125,0.125
12,12.0,7.060169740244025,0.125,0.125,0.125,0.125,0.125,0.125,0.125,0.125
13,13.0,8.099455520847952,0.125,0.125,0.125,0.125,0.125,0.125,0.125,0.125
14,14.0,9.183818168183006,0.125,0.125,0.125,0.125,0.125,0.125,0.125,0.125
15,15.0,10.307906369102724,0.125,0.125,0.125,0.125,0.125,0.125,0.125,0.125
16,16.0,11.466506686239443,0.125,0.125,0.125,0.125,0.125,0.125,0.125,0.125
17,17.0,12.654581904800096,0.125,0.125,0.125,0.125,0.125,0.125,0.125,0.125
18,18.0,13.867303782456686,0.125,0.125,0.125,0.125,0.125,0.125,0.125,0.125
19,19.0,15.100080434523047,0.125,0.125,0.125,0.125,0.125,0.125,0.125,0.125
20,20.0,16.348578617037543,0.125,0.125,0.125,0.125,0.125,0.125,0.125,0.125
21,21.0,17.608741195130214,0.125,0.125,0.125,0.125,0.125,0.125,0.125,0.125
22,22.0,18.876800103462312,0.125,0.125,0.125,0.125,0.125,0.125,0.125,0.125
23,23.0,20.14928511992658,0.125,0.125,0.125,0.125,0.125,0.125,0.125,0.125
24,24.0,21.423028783545156,0.125,0.125,0.125,0.125,0.125,0.125,0.125,0.125
25,25.0,22.695167792966423,0.125,0.125,0.125,0.125,0.125,0.125,0.125,0.125
26,26.0,23.963141223515898,0.125,0.125,0.125,0.125,0.125,0.125,0.125,0.125
27,27.0,25.224685898775267,0.125,0.125,0.125,0.125,0.125,0.125,0.125,0.125
28,28.0,26.477829247520948,0.125,0.125,0.125,0.125,0.125,0.125,0.125,0.125
29,29.0,27.720879968916847,0.125,0.125,0.125,0.125,0.125,0.125,0.125,0.125
30,30.0,28.95241681848399,0.125,0.125,0.125,0.125,0.125,0.125,0.125,0.125
31,31.0,30.17127581490958,0.125,0.125,0.125,0.125,0.125,0.125,0.125,0.125
32,32.0,31.376536153543515,0.125,0.125,0.125,0.125,0.125,0.125,0.125,0.125
33,33.0,32.567505096778625,0.125,0.125,0.125,0.125,0.125,0.125,0.125,0.125
34,34.0,33.74370209472243,0.125,0.125,0.125,0.125,0.125,0.125,0.125,0.125
35,35.0,34.90484237192463,0.125,0.125,0.125,0.125,0.125,0.125,0.125,0.125
36,36.0,36.05082019768737,0.125,0.125,0.125,0.125,0.125,0.125,0.125,0.125
37,37.0,37.18169203889697,0.125,0.125,0.125,0.125,0.125,0.125,0.125,0.125
38,38.0,38.29765977559663,0.125,0.125,0.125,0.125,0.125,0.125,0.125,0.125
39,39.0,39.399054140870355,0.125,0.125,0.125,0.125,0.125,0.125,0.125,0.125
40,40.0,40.48631852820801,0.125,0.125,0.125,0.125,0.125,0.125,0.125,0.125
41,41.0,41.55999329152982,0.125,0.125,0.125,0.125,0.125,0.125,0.125,0.125
42,42.0,42.62070064560415,0.125,0.125,0.125,0.125,0.125,0.125,0.125,0.125
43,43.0,43.669130257815,0.125,0.125,0.125,0.125,0.125,0.125,0.125,0.125
44,44.0,44.70602560622662,0.125,0.125,0.125,0.125,0.125,0.125,0.125,0.125
45,45.0,45.73217116373481,0.125,0.125,0.125,0.125,0.125,0.125,0.125,0.125
46,46.0,46.748380453854836,0.125,0.125,0.125,0.125,0.125,0.125,0.125,0.125
47,47.0,47.755485010424316,0.125,0.125,0.125,0.125,0.125,0.125,0.125,0.125
48,48.0,48.7543242612326,0.125,0.125,0.125,0.125,0.125,0.125,0.125,0.125
49,49.0,49.745736344347726,0.125,0.125,0.125,0.125,0.125,0.125,0.125,0.125
50,50.0,50.730549855707864,0.125,0.125,0.125,0.125,0.125,0.125,0.125,0.125
51,51.0,51.70957651737491,0.125,0.125,0.125,0.125,0.125,0.125,0.125,0.125
52,52.0,52.68360474770151,0.125,0.125,0.125,0.125,0.125,0.125,0.125,0.125
53,53.0,53.65339410751842,0.125,0.125,0.125,0.125,0.125,0.125,0.125,0.125
54,54.0,54.61967059027847,0.125,0.125,0.125,0.125,0.125,0.125,0.125,0.125
55,55.0,55.58312271885972,0.125,0.125,0.125,0.125,0.125,0.125,0.125,0.125
56,56.0,56.544398407394254,0.125,0.125,0.125,0.125,0.125,0.125,0.125,0.125
57,57.0,57.504102543001395,0.125,0.125,0.125,0.125,0.125,0.125,0.125,0.125
58,58.0,58.462795239617805,0.125,0.125,0.125,0.125,0.125,0.125,0.125,0.125
59,59.0,59.42099071417639,0.125,0.125,0.125,0.125,0.125,0.125,0.125,0.125
60,60.0,60.379156734137354,0.125,0.125,0.125,0.125,0.125,0.125,0.125,0.125
61,61.0,61.337714584760846,0.125,0.125,0.125,0.125,0.125,0.125,0.125,0.125
62,62.0,62.29703950447439,0.125,0.125,0.125,0.125,0.125,0.125,0.125,0.125
63,63.0,63.257461537171835,0.125,0.125,0.125,0.125,0.125,0.125,0.125,0.125
64,64.0,64.21926675122782,0.125,0.125,0.125,0.125,0.125,0.125,0.125,0.125
65,65.0,65.18269877636592,0.125,0.125,0.125,0.125,0.125,0.125,0.125,0.125
66,66.0,66.14796061122655,0.125,0.125,0.125,0.125,0.125,0.125,0.125,0.125
67,67.0,67.11521665648885,0.125,0.125,0.125,0.125,0.125,0.125,0.125,0.125
68,68.0,68.08459493066005,0.125,0.125,0.125,0.125,0.125,0.125,0.125,0.125
69,69.0,69.05618942810752,0.125,0.125,0.125,0.125,0.125,0.125,0.125,0.125
70,70.0,70.03006258152917,0.125,0.125,0.125,0.125,0.125,0.125,0.125,0.125
71,71.0,71.00624779379335,0.125,0.125,0.125,0.125,0.125,0.125,0.125,0.125
72,72.0,71.98475200689319,0.125,0.125,0.125,0.125,0.125,0.125,0.125,0.125
73,73.0,72.96555827861411,0.125,0.125,0.125,0.125,0.125,0.125,0.125,0.125
74,74.0,73.94862834037681,0.125,0.125,0.125,0.125,0.125,0.125,0.125,0.125
75,75.0,74.93390511255946,0.125,0.125,0.125,0.125,0.125,0.125,0.125,0.125
76,76.0,75.92131515639825,0.125,0.125,0.125,0.125,0.125,0.125,0.125,0.125
77,77.0,76.91077104428919,0.125,0.125,0.125,0.125,0.125,0.125,0.125,0.125
78,78.0,77.90217363294813,0.125,0.125,0.125,0.125,0.125,0.125,0.125,0.125
79,79.0,78.89541422641172,0.125,0.125,0.125,0.125,0.125,0.125,0.125,0.125
80,80.0,79.89037661826481,0.125,0.125,0.125,0.125,0.125,0.125,0.125,0.125
81,81.0,80.88693900474995,0.125,0.125,0.125,0.125,0.125,0.125,0.125,0.125
82,82.0,81.88497576253909,0.125,0.125,0.125,0.125,0.125,0.125,0.125,0.125
83,83.0,82.88435908692391,0.125,0.125,0.125,0.125,0.125,0.125,0.125,0.125
84,84.0,83.88496048800103,0.125,0.125,0.125,0.125,0.125,0.125,0.125,0.125
85,85.0,84.88665214409042,0.125,0.125,0.125,0.125,0.125,0.125,0.125,0.125
86,86.0,85.88930811312994,0.125,0.125,0.125,0.125,0.125,0.125,0.125,0.125
87,87.0,86.90280540413423,0.125,0.125,0.125,0.125,0.125,0.125,0.125,0.125
88,88.0,87.91692491199674,0.125,0.125,0.125,0.125,0.125,0.125,0.125,0.125
89,89.0,88.93146321995303,0.125,0.125,0.125,0.125,0.125,0.125,0.125,0.125
90,90.0,89.94623306491417,0.125,0.125,0.125,0.125,0.125,0.125,0.125,0.125
91,91.0,90.96106359473005,0.125,0.125,0.125,0.125,0.125,0.125,0.125,0.125
92,92.0,91.98580043561704,0.125,0.125,0.125,0.125,0.125,0.125,0.125,0.125
93,93.0,93.01020558805916,0.125,0.125,0.125,0.125,0.125,0.125,0.125,0.125
94,94.0,94.03406816937648,0.125,0.125,0.125,0.125,0.125,0.125,0.125,0.125
95,95.0,95.0572038108683,0.125,0.125,0.125,0.125,0.125,0.125,0.125,0.125
96,96.0,96.07945385010227,0.125,0.125,0.125,0.125,0.125,0.125,0.125,0.125
97,97.0,97.1006843469118,0.125,0.125,0.125,0.125,0.125,0.125,0.125,0.125
98,98.0,98.12078495057128,0.125,0.125,0.125,0.125,0.125,0.125,0.125,0.125
99,99.0,99.13966764435908,0.125,0.125,0.125,0.125,0.125,0.125,0.125,0.125
100,100.0,100.1572653923245,0.125,0.125,0.125,0.125,0.125,0.125,0.125,0.125
101,101.0,101.17353071157017,0.125,0.125,0.125,0.125,0.125,0.125,0.125,0.125
102,102.0,102.18843419177556,0.125,0.125,0.125,0.125,0.125,0.125,0.125,0.125
103,103.0,103.20196298204266,0.125,0.125,0.125,0.125,0.125,0.125,0.125,0.125
104,104.0,104.2141192634626,0.125,0.125,0.125,0.125,0.125,0.125,0.125,0.125
105,105.0,105.22491872410593,0.125,0.125,0.125,0.125,0.125,0.125,0.125,0.125
106,106.0,106.23438905144388,0.125,0.125,0.125,0.125,0.125,0.125,0.125,0.125
107,107.0,107.24256845553359,0.125,0.125,0.125,0.125,0.125,0.125,0.125,0.125
108,108.0,108.24950423465899,0.125,0.125,0.125,0.125,0.125,0.125,0.125,0.125
109,109.0,109.25525139352526,0.125,0.125,0.125,0.125,0.125,0.125,0.125,0.125
110,110.0,110.25987132256965,0.125,0.125,0.125,0.125,0.125,0.125,0.125,0.125
111,111.0,111.26343054548391,0.125,0.125,0.125,0.125,0.125,0.125,0.125,0.125
112,112.0,112.2659995406519,0.125,0.125,0.125,0.125,0.125,0.125,0.125,0.125
113,113.0,113.26765164089659,0.125,0.125,0.125,0.125,0.125,0.125,0.125,0.125
114,114.0,114.26846201470782,0.125,0.125,0.125,0.125,0.125,0.125,0.125,0.125
115,115.0,115.26850673099086,0.125,0.125,0.125,0.125,0.125,0.125,0.125,0.125
116,116.0,116.26786190833569,0.125,0.125,0.125,0.125,0.125,0.125,0.125,0.125
117,117.0,117.26660294886267,0.125,0.125,0.125,0.125,0.125,0.125,0.125,0.125
118,118.0,118.26480385584833,0.125,0.125,0.125,0.125,0.125,0.125,0.125,0.125
119,119.0,119.26253663357694,0.125,0.125,0.125,0.125,0.125,0.125,0.125,0.125
120,120.0,120.25987076719693,0.125,0.125,0.125,0.125,0.125,0.125,0.125,0.125
121,121.0,121.25687277978295,0.125,0.125,0.125,0.125,0.125,0.125,0.125,0.125
122,122.0,122.25360586331253,0.125,0.125,0.125,0.125,0.125,0.125,0.125,0.125
123,123.0,123.25012957985604,0.125,0.125,0.125,0.125,0.125,0.125,0.125,0.125
124,124.0,124.24649962894664,0.125,0.125,0.125,0.125,0.125,0.125,0.125,0.125
125,125.0,125.2427676768387,0.125,0.125,0.125,0.125,0.125,0.125,0.125,0.125
126,126.0,126.23898124317317,0.125,0.125,0.125,0.125,0.125,0.125,0.125,0.125
127,127.0,127.23518364044247,0.125,0.125,0.125,0.125,0.125,0.125,0.125,0.125
128,128.0,128.23141396158042,0.125,0.125,0.125,0.125,0.125,0.125,0.125,0.125
129,129.0,129.22770711098875,0.125,0.125,0.125,0.125,0.125,0.125,0.125,0.125
130,130.0,130.22409387434638,0.125,0.125,0.125,0.125,0.125,0.125,0.125,0.125
131,131.0,131.22060102262478,0.125,0.125,0.125,0.125,0.125,0.125,0.125,0.125
132,132.0,132.2172514458491,0.125,0.125,0.125,0.125,0.125,0.125,0.125,0.125
133,133.0,133.21406431229246,0.125,0.125,0.125,0.125,0.125,0.125,0.125,0.125
134,134.0,134.21105524896856,0.125,0.125,0.125,0.125,0.125,0.125,0.125,0.125
135,135.0,135.2082365394874,0.125,0.125,0.125,0.125,0.125,0.125,0.125,0.125
136,136.0,136.20561733555945,0.125,0.125,0.125,0.125,0.125,0.125,0.125,0.125
137,137.0,137.20320387866872,0.125,0.125,0.125,0.125,0.125,0.125,0.125,0.125
138,138.0,138.2009997286804,0.125,0.125,0.125,0.125,0.125,0.125,0.125,0.125
139,139.0,139.19900599640405,0.125,0.125,0.125,0.125,0.125,0.125,0.125,0.125
140,140.0,140.19722157739133,0.125,0.125,0.125,0.125,0.125,0.125,0.125,0.125
141,141.0,141.19564338450598,0.125,0.125,0.125,0.125,0.125,0.125,0.125,0.125
142,142.0,142.19426657706407,0.125,0.125,0.125,0.125,0.125,0.125,0.125,0.125
143,143.0,143.19308478459573,0.125,0.125,0.125,0.125,0.125,0.125,0.125,0.125
144,144.0,144.19209032352825,0.125,0.125,0.125,0.125,0.125,0.125,0.125,0.125
145,145.0,145.19127440533225,0.125,0.125,0.125,0.125,0.125,0.125,0.125,0.125
146,146.0,146.19062733490253,0.125,0.125,0.125,0.125,0.125,0.125,0.125,0.125
147,147.0,147.19013869816678,0.125,0.125,0.125,0.125,0.125,0.125,0.125,0.125
148,148.0,148.18979753812292,0.125,0.125,0.125,0.125,0.125,0.125,0.125,0.125
149,149.0,149.1895925187022,0.125,0.125,0.125,0.125,0.125,0.125,0.125,0.125
150,150.0,150.18951207603655,0.125,0.125,0.125,0.125,0.125,0.125,0.125,0.125
151,151.0,151.1895445568771,0.125,0.125,0.125,0.125,0.125,0.125,0.125,0.125
152,152.0,152.18967834406482,0.125,0.125,0.125,0.125,0.125,0.125,0.125,0.125
153,153.0,153.1899019690931,0.125,0.125,0.125,0.125,0.125,0.125,0.125,0.125
154,154.0,154.19020421192764,0.125,0.125,0.125,0.125,0.125,0.125,0.125,0.125
155,155.0,155.19057418835945,0.125,0.125,0.125,0.125,0.125,0.125,0.125,0.125
156,156.0,156.1910014252645,0.125,0.125,0.125,0.125,0.125,0.125,0.125,0.125
157,157.0,157.19147592422635,0.125,0.125,0.125,0.125,0.125,0.125,0.125,0.125
158,158.0,158.1919882140498,0.125,0.125,0.125,0.125,0.125,0.125,0.125,0.125
159,159.0,159.19252939275037,0.125,0.125,0.125,0.125,0.125,0.125,0.125,0.125
160,160.0,160.19309115965342,0.125,0.125,0.125,0.125,0.125,0.125,0.125,0.125
161,161.0,161.19366583826962,0.125,0.125,0.125,0.125,0.125,0.125,0.125,0.125
162,162.0,162.1942463906415,0.125,0.125,0.125,0.125,0.125,0.125,0.125,0.125
163,163.0,163.19482642386978,0.125,0.125,0.125,0.125,0.125,0.125,0.125,0.125
164,164.0,164.1954001895365,0.125,0.125,0.125,0.125,0.125,0.125,0.125,0.125
165,165.0,165.19596257674124,0.125,0.125,0.125,0.125,0.125,0.125,0.125,0.125
166,166.0,166.19650909945807,0.125,0.125,0.125,0.125,0.125,0.125,0.125,0.125
167,167.0,167.19703587890865,0.125,0.125,0.125,0.125,0.125,0.125,0.125,0.125
168,168.0,168.19753962162508,0.125,0.125,0.125,0.125,0.125,0.125,0.125,0.125
169,169.0,169.1980175938536,0.125,0.125,0.125,0.125,0.125,0.125,0.125,0.125
170,170.0,170.19846759292074,0.125,0.125,0.125,0.125,0.125,0.125,0.125,0.125
171,171.0,171.19888791615196,0.125,0.125,0.125,0.125,0.125,0.125,0.125,0.125
172,172.0,172.19927732789853,0.125,0.125,0.125,0.125,0.125,0.125,0.125,0.125
173,173.0,173.19963502519147,0.125,0.125,0.125,0.125,0.125,0.125,0.125,0.125
174,174.0,174.19996060250318,0.125,0.125,0.125,0.125,0.125,0.125,0.125,0.125
175,175.0,175.20025401605872,0.125,0.125,0.125,0.125,0.125,0.125,0.125,0.125
176,176.0,176.2005155480981,0.125,0.125,0.125,0.125,0.125,0.125,0.125,0.125
177,177.0,177.20074577145257,0.125,0.125,0.125,0.125,0.125,0.125,0.125,0.125
178,178.0,178.20094551475705,0.125,0.125,0.125,0.125,0.125,0.125,0.125,0.125
179,179.0,179.2011158285835,0.125,0.125,0.125,0.125,0.125,0.125,0.125,0.125
180,180.0,180.2012579527415,0.125,0.125,0.125,0.125,0.125,0.125,0.125,0.125
181,181.0,181.2013732849563,0.125,0.125,0.125,0.125,0.125,0.125,0.125,0.125
182,182.0,182.20146335110005,0.125,0.125,0.125,0.125,0.125,0.125,0.125,0.125
183,183.0,183.2015297771184,0.125,0.125,0.125,0.125,0.125,0.125,0.125,0.125
184,184.0,184.20157426276373,0.125,0.125,0.125,0.125,0.125,0.125,0.125,0.125
185,185.0,185.20159855721693,0.125,0.125,0.125,0.125,0.125,0.125,0.125,0.125
186,186.0,186.20160443665262,0.125,0.125,0.125,0.125,0.125,0.125,0.125,0.125
187,187.0,187.2015936837782,0.125,0.125,0.125,0.125,0.125,0.125,0.125,0.125
188,188.0,188.20156806935344,0.125,0.125,0.125,0.125,0.125,0.125,0.125,0.125
189,189.0,189.20152933567763,0.125,0.125,0.125,0.125,0.125,0.125,0.125,0.125
190,190.0,190.20147918201263,0.125,0.125,0.125,0.125,0.125,0.125,0.125,0.125
191,191.0,191.201419251894,0.125,0.125,0.125,0.125,0.125,0.125,0.125,0.125
192,192.0,192.2013511222683,0.125,0.125,0.125,0.125,0.125,0.125,0.125,0.125
193,193.0,193.20127629438247,0.125,0.125,0.125,0.125,0.125,0.125,0.125,0.125
194,194.0,194.2011961863414,0.125,0.125,0.125,0.125,0.125,0.125,0.125,0.125
195,195.0,195.20111212724103,0.125,0.125,0.125,0.125,0.125,0.125,0.125,0.125
196,196.0,196.2010253527783,0.125,0.125,0.125,0.125,0.125,0.125,0.125,0.125
197,197.0,197.20093700223404,0.125,0.125,0.125,0.125,0.125,0.125,0.125,0.125
198,198.0,198.2008481167219,0.125,0.125,0.125,0.125,0.125,0.125,0.125,0.125
199,199.0,199.2007596385937,0.12486111111111112,0.12486111111111112,0.12486111111111112,0.12597222222222224,0.12486111111111112,0.12486111111111112,0.12486111111111112,0.12486111111111112
200,200.0,200.2006724118924,0.12429405784650632,0.12429405784650632,0.12540516895761744,0.12650516895761743,0.12540516895761744,0.12429405784650632,0.12540516895761744,0.12439715063001147
201,201.0,201.20058718374236,0.12338796817507075,0.12338796817507075,0.12548796817507074,0.12656696817507074,0.12559907928618186,0.12338796817507075,0.12748796817507074,0.12469411166339389
202,202.0,202.20050460656987,0.12217646080902389,0.12217646080902389,0.1252454608090239,0.12913315464740774,0.125466571920135,0.12217646080902389,0.1289527335362966,0.12467269666006532
203,203.0,203.20042524104892,0.12063729360158837,0.12154638451067927,0.12455679451067929,0.13180313283492173,0.12497671471269947,0.12063729360158837,0.13173527775124821,0.12410710847659553
204,204.0,204.20034955966958,0.11890603679639,0.12063937012972331,0.12447603593881425,0.13402677017116624,0.12425755380750109,0.11890603679639,0.13554546611901497,0.12324273024100041
205,205.0,205.2002779508315,0.11710785660990172,0.11964900812505322,0.12499613230942987,0.136576597568039,0.12342785587201281,0.11710785660990172,0.13885978165798699,0.12227491124767495
206,206.0,206.20021072336888,0.11514574065395078,0.11847185035092045,0.1252396344459291,0.13991658411111468,0.12238528506045186,0.11514574065395078,0.1426952183058504,0.12099994641783225
207,207.0,207.20014811141886,0.11315974079139228,0.11724238508836196,0.12543903516922492,0.14338139143973191,0.12126559149489047,0.11315974079139228,0.1466949413805408,0.1196571738444657
208,208.0,208.20009027954964,0.1111730238435527,0.1160800662718961,0.12550553688955218,0.1475037994307291,0.1200886028184244,0.1111730238435527,0.15020822644259169,0.11826772045970145
209,209.0,209.20003732807186,0.10924244769846676,0.11493480226318734,0.12548900953953945,0.15131496843818262,0.11890873743893704,0.10924244769846676,0.1539805190346652,0.11688706788855519
210,210.0,210.19998929846116,0.10806114862608894,0.11366336056790176,0.12524511364469956,0.15446128754461605,0.11764829550007355,0.10729191785685817,0.15772830663946646,0.11590056962029585
211,211.0,211.1999461788269,0.10691992383387003,0.11239399519663784,0.12490194684345153,0.15768142309904243,0.11687415869346574,0.10538915460310079,0.16095681059911682,0.11488258713131519
212,212.0,212.1999079093678,0.10586615766244592,0.11118006278054457,0.12451361319100399,0.16106835960023874,0.11611160787087417,0.10358838843167668,0.16378550758719476,0.11388630287602153
213,213.0,213.1998743877609,0.10476107458404195,0.10988759202085636,0.12394772893137548,0.16472705757560496,0.11622632616449727,0.10175685996865733,0.16591463465899378,0.11277872609597324
214,214.0,214.1998454744371,0.1037578708310669,0.10784104183712304,0.12253110601910452,0.1691457728934677,0.11621115920932314,0.09998887187465663,0.16880538413925475,0.11171879319600374
215,215.0,215.19982099770132,0.10266033214276962,0.10575432987195099,0.12099881530820746,0.1739215378129104,0.11602883087316555,0.09822148649976961,0.17188060017859516,0.11053406731263164
216,216.0,216.1998007586621,0.10147463163532955,0.1036353564061528,0.11936076346867283,0.1783819786356696,0.11601942497511579,0.09645533440885075,0.1754378712314139,0.10923463923879517
217,217.0,217.19978453594015,0.10041134566187615,0.10164998004014922,0.1175853498474599,0.1825565649799851,0.1160628849102445,0.09484840641110265,0.17885059150876292,0.10803487664041994
218,218.0,218.199772090131,0.09931129231240746,0.10035952603744985,0.11575609355810183,0.18721540224895653,0.11527430445793298,0.09329089510846694,0.18203136493910801,0.10676112133757673
219,219.0,219.19976316800148,0.09813498495590675,0.09944508866928196,0.11384103432935765,0.19101516842226798,0.11504106743479332,0.09173807956615532,0.18500559268945008,0.10577898393278726
220,220.0,220.1997575064049,0.09698841297360626,0.09855626487975647,0.11191574572225937,0.1943817977034403,0.11467042808645908,0.09025411927052253,0.18845327567746742,0.10477995568648886
221,221.0,221.19975483590392,0.09584863509976198,0.0980675857819168,0.11000543595804989,0.1970608313804345,0.11427087858238268,0.08885229955759237,0.19215084884351138,0.10374348479635068
222,222.0,222.199754884094,0.09480340278070924,0.09764615823054987,0.10807126750652989,0.19987484813037779,0.1138932502763275,0.08758236940937227,0.19536880435284715,0.10275989931328658
223,223.0,223.19975737862413,0.09384501780404716,0.09730662337202489,0.10621778533007437,0.20261270224674152,0.11286376468477308,0.08653318240644745,0.19813002793598,0.10249089621991182
224,224.0,224.19976204991502,0.09355636346634078,0.09700109324640832,0.1044121857354918,0.20509549039089978,0.11177321990655567,0.08565804053283271,0.2003214029169716,0.10218220380449963
225,225.0,225.19976863357766,0.0932704508005674,0.09669795156589457,0.10175288664356023,0.2071815051857118,0.11063572486161957,0.08485813096627566,0.2031779549265214,0.10242539504984965
226,226.0,226.19977687253828,0.09293742211607328,0.09720611411490267,0.09912685908562036,0.20924130934230045,0.10941490687696782,0.08408107842488587,0.2054246396764941,0.10256767036275573
227,227.0,227.19978651887746,0.09261996380627863,0.09702828376051192,0.09656466333888793,0.21047093130728547,0.10814918622523934,0.08387639132123101,0.20926322644422823,0.10202735379633777
228,228.0,228.19979733539392,0.09237445525205311,0.09698164648473578,0.09404673245466982,0.21150297952106012,0.1068455212345086,0.08377863372720093,0.21294914022951322,0.10152089109625868
229,229.0,229.1998090969048,0.09213911609491475,0.09749773569519335,0.09163810562629826,0.2121553815206535,0.10555288965127899,0.08381452019717403,0.2161922847255239,0.10100996648896347
230,230.0,230.19982159129557,0.09194340387757993,0.09800704722742183,0.0896654954358513,0.2123779403419051,0.10431131242063237,0.08390998261934839,0.21894105355377047,0.10084376452349081
231,231.0,231.1998346203343,0.09172083961296279,0.09914470421981612,0.08780405311240928,0.21225856212284852,0.1031004667418979,0.08403017334985308,0.2212801985362362,0.10066100230397625
232,232.0,232.1998480002658,0.09154514730122922,0.1002299115058114,0.08609722168955836,0.21198824296967134,0.10199696839690703,0.08368673927852645,0.22417148570136652,0.10028428315692983
233,233.0,233.1998615622015,0.09130977241348795,0.10120916528064694,0.08451265340596495,0.21189777589192302,0.10089732138039102,0.08335492073700251,0.22694744725454075,0.09987094363604299
234,234.0,234.19987515232162,0.0917298151629954,0.10136147513589716,0.0830314451080167,0.21140251278527059,0.10030462952216007,0.08302936685020876,0.22974200629157288,0.0993987491438786
235,235.0,235.19988863190653,0.092139438391384,0.10143382215972524,0.08168056492104168,0.21094982315929245,0.09977101171396072,0.08273590997000652,0.23236530192944072,0.09892412775514878
236,236.0,236.19990187721388,0.0924578122136644,0.1010812670771606,0.08044335100479065,0.21046069245213464,0.09926595662188994,0.08244433485755681,0.23539375983957367,0.09845282593322936
237,237.0,237.19991477921835,0.0927218749959804,0.10068876802912777,0.07933113503943849,0.2097896554818826,0.0988019846933404,0.08216769525529369,0.2385096804247796,0.09798920608015708
238,238.0,238.19992724323015,0.09295839726993213,0.10021946735935736,0.07834878229082548,0.2091547814331813,0.09838587023252209,0.08191350690949775,0.2417504675534398,0.0972687269512442
239,239.0,239.1999391884085,0.09308642419141101,0.09964042202904773,0.07743538510255174,0.20926700745612584,0.09797273905171112,0.0816378169924213,0.24445723652890228,0.09650296864782906
240,240.0,240.19995054718493,0.0930462028409164,0.09900688247470606,0.07662936586943588,0.20971643120032593,0.09709229386652836,0.08137506529583963,0.24747718697693363,0.09565657147531414
241,241.0,241.1999612646119,0.09288356432965866,0.09797089886041568,0.07589660726530557,0.2106347118540239,0.09619317293081722,0.0810902007367363,0.2505559640434394,0.09477487997960328
242,242.0,242.19997129765,0.09264729420005995,0.09687815424687368,0.07523533876468941,0.21121802616112934,0.09529523554114606,0.08079383720566637,0.2536111479185787,0.09432096596185652
243,243.0,243.1999806144078,0.09235447726555729,0.09611292601684947,0.07465076730726429,0.21193490561565728,0.09441510866752158,0.08050143321551717,0.25619553556181746,0.09383484634981543
244,244.0,244.19998919334574,0.09198561430689248,0.09563764131783149,0.07412308472452273,0.21275189958838625,0.09355845675648657,0.08019278062985818,0.25841012777841854,0.09334039489760369
245,245.0,245.19999702245644,0.09151911792104499,0.09509046695195858,0.07364824915257497,0.2136599858624229,0.09269915401818345,0.07985806974989959,0.26072157483322045,0.092803381510695
246,246.0,246.20000409843152,0.09099388736420863,0.09481697778836477,0.07322185393984439,0.21438885249119488,0.09187115382314145,0.07951521846984282,0.2629383788410114,0.0922536772823916
247,247.0,247.20001042582476,0.09038564478148348,0.09478497271070108,0.07282466359669612,0.2156928744660576,0.09104488789359344,0.07905696003984823,0.26456433402800233,0.09164566248361768
248,248.0,248.20001601622042,0.09014147407423179,0.0949646335083822,0.07246481729335737,0.2171064066987312,0.09023573586868394,0.07859120493052535,0.2654985507123941,0.09099717691369398
249,249.0,249.20002088741433,0.08981461390859465,0.09506044957569601,0.0721307098517144,0.21899990054272625,0.08943878070729105,0.07832985335473976,0.2659195884827372,0.09030610357650062
250,250.0,250.20002506261469,0.08941782847106214,0.09508464827777068,0.07183459691105812,0.2207180356526165,0.08866315807314021,0.0780622190998527,0.26634782278708163,0.08987169072741794
251,251.0,251.20002856966886,0.08895430660473408,0.0950310508537212,0.07156020811922846,0.22283666157672624,0.08790789909315157,0.07778080009175627,0.26653058242195893,0.08939849123872315
252,252.0,252.20003144032094,0.08843194275573783,0.0951814235370733,0.07130575890261209,0.22495243625887043,0.08738462639316709,0.07748770276110593,0.2663648819244335,0.08889122746699972
253,253.0,253.2000337095046,0.08793192557667792,0.09533524400144147,0.07110005872520674,0.2269793250165773,0.08692275080640131,0.0774196288144477,0.2659044329971474,0.08840663406210005
254,254.0,254.20003541467486,0.0871033668639044,0.0954979449433886,0.07095143189478577,0.22929341175091833,0.0865280670567082,0.07737839886276933,0.26562295459338003,0.08762442403414517
255,255.0,255.20003659518133,0.08624735566590752,0.09558355495636289,0.07082475354813304,0.23136158746365854,0.08615614631288347,0.07733083700926772,0.2656558970434732,0.08683986800031344
256,256.0,256.20003729168536,0.0854299137870464,0.09567342285433202,0.07074629414424115,0.23336468581274408,0.08584530742503624,0.0773052505865631,0.2655378421173505,0.0860972832726864
257,257.0,257.20003754562214,0.08429559631850285,0.09576137000549174,0.07070716221854784,0.23537938879264592,0.08557761578696088,0.07760734375147774,0.265276106406267,0.08539541672010593
258,258.0,258.200037398709,0.0830173004696408,0.09586971907868216,0.07061449714863541,0.23750627418362752,0.08526710908433885,0.077930922080073,0.2650562076210979,0.08473797033390425
259,259.0,259.20003689250007,0.0817696157163835,0.09605010641771347,0.07054160742111522,0.23965402879616857,0.0849811283575996,0.07802899370577164,0.2648755468165638,0.08409897276868415
260,260.0,260.200036067987,0.08056120042219381,0.09620200874747385,0.0704787800269505,0.24159780100573233,0.08471516751248756,0.07810159156096975,0.26486003709748074,0.0834834136267114
261,261.0,261.2000349652454,0.07940144385239617,0.09633377336472732,0.07042593772394677,0.2432283885186838,0.08447167675367764,0.07815556412989966,0.26509585889920495,0.08288735675746373
262,262.0,262.2000336231255,0.07827567508752643,0.09638214285169307,0.07036820218459285,0.2451892733914247,0.08423631241563813,0.07817770265100923,0.2650615608984534,0.08230913051966224
263,263.0,263.20003207898634,0.07719296612431631,0.09626527916387535,0.07030718726028704,0.24722152844631404,0.08401283878032492,0.07817678631490835,0.26507745466179966,0.0817459592481744
264,264.0,264.20003036847123,0.07616773544448124,0.0963817910821805,0.07024635374665514,0.2487983753641873,0.08380308892846133,0.07815268268397416,0.2652395576072725,0.0812104151427879
265,265.0,265.2000285253229,0.07530227436676444,0.09646816785433242,0.0701841199549517,0.25024305685805676,0.0836101143759864,0.07840080167643715,0.265085168411635,0.08070629650183625
266,266.0,266.2000265812362,0.07458285473214156,0.09672336650384952,0.07011322224583633,0.2520939843741129,0.0831698014204689,0.07861008272121127,0.2644794312022968,0.08022725680008286
267,267.0,267.2000245657458,0.07391450439873755,0.09693441359147088,0.07003301449339559,0.254278678650733,0.08273990184097386,0.07877309127996537,0.26355966447671847,0.07976673126800543
268,268.0,268.20002250614704,0.07305151500576369,0.0971092388787909,0.0699455262180626,0.2567591113321405,0.08232573262118452,0.07889730612543092,0.262591042211504,0.07932052760712303
269,269.0,269.20002042744665,0.07223941862471893,0.09743707657116754,0.06975212554068924,0.25882979371942544,0.08218557803509764,0.07897724718868696,0.2616955858947438,0.07888317442547066
270,270.0,270.20001835234183,0.0714701584229596,0.09765679128029876,0.06954090142166504,0.26053591216782884,0.08203972519955827,0.07900236420388924,0.2612162467865007,0.07853790051729975
271,271.0,271.2000163012241,0.07076434804321804,0.0977942754929638,0.0693298172894593,0.26202903365256847,0.08191282763101237,0.0790032696492542,0.2609455683697633,0.07822085987176063
272,272.0,272.2000142922059,0.07012427033189639,0.09785768794586194,0.0691277513783202,0.2638630997076517,0.08180858115366059,0.07898640436851184,0.26049739942011163,0.07773480569398578
273,273.0,273.20001234116745,0.069534272542654,0.09787779715972471,0.06892396384539737,0.2656963620222016,0.0817049921018208,0.07892932148898729,0.26006851340847187,0.0772647774307424
274,274.0,274.2000104618212,0.0689973215657846,0.09781835522755673,0.06872001465153664,0.2674061466967745,0.08160430409315586,0.0788406120503207,0.2597967955107704,0.0768164502041006
275,275.0,275.2000086657913,0.06851209641933428,0.097683956702837,0.06851684345618766,0.2689917553935534,0.08150579850880108,0.0787226205962765,0.2596764188781289,0.07639051004488118
276,276.0,276.20000696270654,0.06806792016435587,0.09746731093209554,0.06830958590633712,0.2705720982457804,0.08140065627687222,0.078566331015382,0.25963853020129796,0.07597756725787898
277,277.0,277.2000053603032,0.06766043504754539,0.09716877295989441,0.06809126458123932,0.2717705755270404,0.08128327410764083,0.07836929343701612,0.26008621137272847,0.07557017296689517
278,278.0,278.2000038645371,0.06729211530637097,0.09683704486760887,0.06786738953325558,0.27294920402285255,0.08115795851214547,0.07813894882972376,0.26058407365394093,0.075173265274102
279,279.0,279.2000024797023,0.06705181640276912,0.09647969583347787,0.06764227430103822,0.27405644096321813,0.0810279704973343,0.07788164391626681,0.2610664108567613,0.0747937472291344
280,280.0,280.2000012085539,0.06686661896801607,0.0961243152764152,0.06743299717319494,0.27493904966813215,0.0809093665873122,0.07783589139813889,0.26143649585172035,0.07445526507707033
281,281.0,281.2000000524348,0.06652123170720554,0.09571197724242762,0.06721974787073025,0.2758590543804211,0.0807817208755958,0.07776154693404215,0.26201500081505325,0.0741297201745244
282,282.0,282.1999990114033,0.06621191820190404,0.09525218225320621,0.06700500233154243,0.27663018380869375,0.08064912492526508,0.07766297929842836,0.2627699954148822,0.07381861376607812
283,283.0,283.1999980843609,0.0659441702160088,0.09475765508955485,0.06679673660294284,0.2772681564172419,0.08052306873661816,0.07775294200594793,0.26342538780593605,0.07353188312574974
284,284.0,284.19999726917916,0.0657118037385468,0.09534066648813327,0.06659136116294895,0.27769445603138626,0.07928410158305844,0.07781819088477654,0.26429470867550797,0.07326471143564205
285,285.0,285.1999965628238,0.06551297103172082,0.09588776062297277,0.06638969574484149,0.27795938003189513,0.07805486701137954,0.07786205502968607,0.2653163955024865,0.07301687502501797
286,286.0,286.19999596147574,0.06624021510235055,0.09636490244857505,0.06609113037456349,0.2778758279103331,0.07674603973625765,0.0777888908537559,0.2662065304148093,0.07268646315935526
287,287.0,287.19999546064776,0.06680947033978717,0.09755553926800606,0.06571092351299745,0.2778085929837956,0.07518724207475316,0.07761568393700803,0.26702836913996786,0.072284178743685
288,288.0,288.19999505529603,0.06739217143187046,0.09853602916709561,0.06534427826103904,0.277541799432549,0.07367690315946862,0.07742779191951779,0.2680130240636284,0.07206800256483142
289,289.0,289.1999947399265,0.06800309289333502,0.0993913762227745,0.06491049519947929,0.27770381127475285,0.07224055615852715,0.07715982711941204,0.2687912947478794,0.07179954638384012
290,290.0,290.1999945086947,0.06861067161369098,0.10017468439995002,0.06448854195758863,0.2779802700070551,0.07086658072180814,0.07688197869374432,0.269453676077957,0.0715435965282061
291,291.0,291.1999943554992,0.06921034505995778,0.1010528391095914,0.06408615519269174,0.27811590327284436,0.06956541899074895,0.0766005474608165,0.27006317578290173,0.0713056151304479
292,292.0,292.1999942740682,0.06979284613961573,0.10093965295816544,0.06370134123927228,0.27777002088196867,0.06924783123571915,0.07630726188595087,0.2711594546601678,0.07108159099914038
293,293.0,293.1999942580396,0.07035138956905247,0.100746823938292,0.06332970827120199,0.27738606916191705,0.0689958740214886,0.07600083043165012,0.2723239388108017,0.07086536579559632
294,294.0,294.1999943010335,0.07156370976664408,0.10049624890878775,0.06289672517476404,0.2770314568970771,0.0686529557829671,0.07560803330416103,0.27316998513810137,0.07058088502749775
295,295.0,295.1999943967176,0.07273284984859969,0.10019936732079637,0.06248329190418762,0.2765233247708854,0.06836539212770963,0.07520661798274318,0.27418534784157456,0.07030380820350368
296,296.0,296.1999945388662,0.07365721313032748,0.09970586180021306,0.06202596055336721,0.27589949724337565,0.0687697635755751,0.07473206266829026,0.27523564921595267,0.06997399181289876
297,297.0,297.19999472141126,0.07451985539359085,0.09914634321197045,0.06158291252277559,0.2755366291441867,0.06920898108898545,0.07424624558608392,0.2761145575487466,0.0696444755036606
298,298.0,298.1999949384877,0.07533082277716649,0.09854913984017892,0.061165265898437106,0.2752830832441169,0.06968616258376002,0.07377538279115192,0.2768782765699394,0.06933186629524936
299,299.0,299.1999951844716,0.07607717039047304,0.09790778623619953,0.06077230994711673,0.27495209291892564,0.0701858153398435,0.0733110766687462,0.2776239579003632,0.0691697905983323
300,300.0,300.19999545401237,0.07675580562692685,0.09722885926270201,0.060403786944026205,0.2747564175010203,0.07069872889289262,0.07284918030647769,0.27828773306894694,0.06901948839700749
301,301.0,301.199995742059,0.07736546577981834,0.09660429416302971,0.06006005838905158,0.274529878682308,0.0712173228212195,0.07239205976097109,0.2789509773093837,0.06887994309421831
302,302.0,302.19999604388033,0.07774748225525843,0.09585346889919602,0.05968859138921036,0.27413866886037075,0.07157506986633187,0.07189419522826962,0.2804073011089405,0.06869522239242253
303,303.0,303.19999635508077,0.07806852006182771,0.09523995308653754,0.05934469416567638,0.2736666988491671,0.07193219805168996,0.071412790169919,0.2818152096607684,0.06851993595441394
304,304.0,304.1999966716104,0.07833270181924246,0.09462105250514881,0.059030283843949115,0.2733497976767818,0.07228643311231048,0.07095159461082552,0.2830670164126942,0.06836112001904765
305,305.0,305.1999969897709,0.07854883397809503,0.09403182738290074,0.058754827272246075,0.2727366523892098,0.07264203905927696,0.07052695702601373,0.2845310177858024,0.06822784510645526
306,306.0,306.19999730621765,0.07871608800585221,0.09346811924603228,0.05850704480381427,0.2719855540635997,0.07298851724035088,0.07013252365230171,0.2860935407994989,0.06810861218855009
307,307.0,307.1999976179576,0.07883315854063697,0.09278316393192229,0.058281866478042156,0.2711173990058566,0.07331866514547188,0.0697596244529795,0.2877782475407765,0.06812787490431414
308,308.0,308.1999979223439,0.07890472651324784,0.09210777225420835,0.05808319282226755,0.27026791953634066,0.07363318554578166,0.0694096679858958,0.2894347913578204,0.06815874398443779
309,309.0,309.19999821706824,0.07879132725071779,0.09201698130662225,0.057862298951828234,0.2694150040334098,0.07378719673829993,0.06903519276360226,0.2909404398781861,0.06815155907733372
310,310.0,310.1999985001494,0.07876727101237953,0.09193348390083504,0.05766104595283897,0.26854863274948665,0.07392001894520386,0.06868089889987429,0.29234114804855854,0.06814750049082315
311,311.0,311.1999987699209,0.07803964333556684,0.09185504577980541,0.05747868698083841,0.26782001164172003,0.0740317719039052,0.06834706214551753,0.29361573500279997,0.0688120432098466
312,312.0,312.19999902501604,0.07728749182080756,0.09178172777404547,0.05731644868903063,0.2672591218107809,0.07412485918954943,0.06803996510298932,0.2947175331836826,0.06947285242911408
313,313.0,313.19999926435156,0.07652868052050588,0.09172313178490815,0.057183255596409265,0.2663628074511266,0.07420810665004779,0.06776918322343638,0.2960753880974146,0.07014944667615129
314,314.0,314.19999948711,0.07576588199012263,0.09167146239109324,0.057071953577885484,0.26534252145401926,0.07427608425721345,0.06752393772216753,0.2975337721513974,0.07081438645610097
315,315.0,315.19999969272146,0.0750037579296895,0.09162033670755111,0.056979644747831015,0.26437136909471076,0.07432781742190428,0.06730033510116219,0.29893791618755905,0.07145882280959207
316,316.0,316.1999998808446,0.07417067558722158,0.09157728078735265,0.056907407160748366,0.2631351856375273,0.07436936483280264,0.06710503726263663,0.30048222193303403,0.07225282679867684
317,317.0,317.20000005134693,0.07334549927240919,0.09152369136331846,0.05684664859248562,0.2620400780320845,0.07438851726249074,0.06692117235536522,0.30193427181797644,0.0730001213038698
318,318.0,318.20000020428563,0.07254431580378855,0.09147117376286265,0.05680219493258509,0.261062067326459,0.07439529645246398,0.06676266811821868,0.30325708426839526,0.07370519933522676
319,319.0,319.2000003398876,0.07177402901771633,0.09143567777225065,0.056649151513099176,0.26007563454386773,0.07439216322108376,0.06650933764396634,0.3047981470636251,0.07436585922439093
320,320.0,320.20000045853044,0.07102526359838138,0.09138057447747792,0.0565019060570215,0.2591438506264404,0.07436678985857349,0.06626592301672053,0.3063543115251244,0.07496138084026041
321,321.0,321.20000056072377,0.07031400904296424,0.09133668792871624,0.05636736148619014,0.2584689514667744,0.07433022811264876,0.06604205015846949,0.3076310363313345,0.07550967547290223
322,322.0,322.2000006470905,0.06964200800971106,0.09128654653157207,0.05624386007862133,0.2578767150413247,0.07419819574649746,0.06592213068378543,0.30858841453094693,0.0762421293775409
323,323.0,323.20000071834966,0.06900076539252163,0.09134251385011742,0.056126500839692825,0.2572577723328238,0.07405005786519674,0.06580698638183478,0.30937597117821974,0.07703943215959286
324,324.0,324.20000077529943,0.06839238900252596,0.09137522128166792,0.05601501631958816,0.25662065117984206,0.0738879042143329,0.06569561925322687,0.3102497180662753,0.07776348068254063
325,325.0,325.2000008188012,0.06782876536053882,0.09139838988098416,0.05591322928484155,0.2560933223610331,0.07371991280471868,0.06559664990012806,0.3110257575098123,0.07842397289794317
326,326.0,326.20000084976476,0.06731071119498108,0.09141121308112703,0.05582073394163932,0.25554937993424354,0.07354789341069992,0.06550901270620563,0.3118314137303803,0.07901964200072314
327,327.0,327.2000008691343,0.0668267821630867,0.09139574740069573,0.05573010571660416,0.2551398045045132,0.07336451642204911,0.06541925710261833,0.3125925392890193,0.07953124740141347
328,328.0,328.2000008778756,0.06638579026491953,0.09136477667744751,0.05564773757688289,0.25484068095361306,0.07318025378528706,0.06533869656534026,0.3132690928505781,0.07997297132593158
329,329.0,329.200000876964,0.06598885365764372,0.09131993287317766,0.05557473242506716,0.25464433942769144,0.07299814192131834,0.06527106925961972,0.3139357596195004,0.08026717081598155
330,330.0,330.2000008673739,0.06562645545334217,0.09124876258030902,0.0555039000129704,0.25428712446662854,0.07281080367026926,0.06528464443891552,0.31475263569236045,0.08048567368520465
331,331.0,331.2000008500691,0.06529880551968663,0.09115584670995702,0.05543735276938925,0.2541693084466758,0.0726220887571404,0.06529533013971231,0.3153776262601703,0.08064364139726829
