,Unnamed: 0,Total_iterations,Intertwine_two,Invert_path_vertices,Insert_inside_vertex,Delete_inside_vertex,Replace_inside_vertex,Donate_between_routes,Trim_one_terminal_cb,Grow_one_terminal_cb
0,0.0,0.0,0.125,0.125,0.125,0.125,0.125,0.125,0.125,0.125
1,1.0,1.0,0.125,0.125,0.125,0.125,0.125,0.125,0.125,0.125
2,2.0,2.0,0.125,0.125,0.125,0.125,0.125,0.125,0.125,0.125
3,3.0,3.0,0.125,0.125,0.125,0.125,0.125,0.125,0.125,0.125
4,4.0,4.0,0.125,0.125,0.125,0.125,0.125,0.125,0.125,0.125
5,5.0,5.0,0.125,0.125,0.125,0.125,0.125,0.125,0.125,0.125
6,6.0,6.0,0.125,0.125,0.125,0.125,0.125,0.125,0.125,0.125
7,7.0,7.0,0.125,0.125,0.125,0.125,0.125,0.125,0.125,0.125
8,8.0,8.0,0.125,0.125,0.125,0.125,0.125,0.125,0.125,0.125
9,9.0,9.0,0.125,0.125,0.125,0.125,0.125,0.125,0.125,0.125
10,10.0,10.0,0.125,0.125,0.125,0.125,0.125,0.125,0.125,0.125
11,11.0,11.0,0.125,0.125,0.125,0.125,0.125,0.125,0.125,0.125
12,12.0,12.0,0.125,0.125,0.125,0.125,0.125,0.125,0.125,0.125
13,13.0,13.0,0.125,0.125,0.125,0.125,0.125,0.125,0.125,0.125
14,14.0,14.0,0.125,0.125,0.125,0.125,0.125,0.125,0.125,0.125
15,15.0,15.0,0.125,0.125,0.125,0.125,0.125,0.125,0.125,0.125
16,16.0,16.0,0.125,0.125,0.125,0.125,0.125,0.125,0.125,0.125
17,17.0,17.0,0.125,0.125,0.125,0.125,0.125,0.125,0.125,0.125
18,18.0,18.0,0.125,0.125,0.125,0.125,0.125,0.125,0.125,0.125
19,19.0,19.0,0.125,0.125,0.125,0.125,0.125,0.125,0.125,0.125
20,20.0,20.0,0.125,0.125,0.125,0.125,0.125,0.125,0.125,0.125
21,21.0,21.0,0.125,0.125,0.125,0.125,0.125,0.125,0.125,0.125
22,22.0,22.0,0.125,0.125,0.125,0.125,0.125,0.125,0.125,0.125
23,23.0,23.0,0.125,0.125,0.125,0.125,0.125,0.125,0.125,0.125
24,24.0,24.0,0.125,0.125,0.125,0.125,0.125,0.125,0.125,0.125
25,25.0,25.0,0.125,0.125,0.125,0.125,0.125,0.125,0.125,0.125
26,26.0,26.0,0.125,0.125,0.125,0.125,0.125,0.125,0.125,0.125
27,27.0,27.0,0.125,0.125,0.125,0.125,0.125,0.125,0.125,0.125
28,28.0,28.0,0.125,0.125,0.125,0.125,0.125,0.125,0.125,0.125
29,29.0,29.0,0.125,0.125,0.125,0.125,0.125,0.125,0.125,0.125
30,30.0,30.0,0.125,0.125,0.125,0.125,0.125,0.125,0.125,0.125
31,31.0,31.0,0.125,0.125,0.125,0.125,0.125,0.125,0.125,0.125
32,32.0,32.0,0.125,0.125,0.125,0.125,0.125,0.125,0.125,0.125
33,33.0,33.0,0.125,0.125,0.125,0.125,0.125,0.125,0.125,0.125
34,34.0,34.0,0.125,0.125,0.125,0.125,0.125,0.125,0.125,0.125
35,35.0,35.0,0.125,0.125,0.125,0.125,0.125,0.125,0.125,0.125
36,36.0,36.0,0.125,0.125,0.125,0.125,0.125,0.125,0.125,0.125
37,37.0,37.0,0.125,0.125,0.125,0.125,0.125,0.125,0.125,0.125
38,38.0,38.0,0.125,0.125,0.125,0.125,0.125,0.125,0.125,0.125
39,39.0,39.0,0.125,0.125,0.125,0.125,0.125,0.125,0.125,0.125
40,40.0,40.0,0.125,0.125,0.125,0.125,0.125,0.125,0.125,0.125
41,41.0,41.0,0.125,0.125,0.125,0.125,0.125,0.125,0.125,0.125
42,42.0,42.0,0.125,0.125,0.125,0.125,0.125,0.125,0.125,0.125
43,43.0,43.0,0.125,0.125,0.125,0.125,0.125,0.125,0.125,0.125
44,44.0,44.0,0.125,0.125,0.125,0.125,0.125,0.125,0.125,0.125
45,45.0,45.0,0.125,0.125,0.125,0.125,0.125,0.125,0.125,0.125
46,46.0,46.0,0.125,0.125,0.125,0.125,0.125,0.125,0.125,0.125
47,47.0,47.0,0.125,0.125,0.125,0.125,0.125,0.125,0.125,0.125
48,48.0,48.0,0.125,0.125,0.125,0.125,0.125,0.125,0.125,0.125
49,49.0,49.0,0.125,0.125,0.125,0.125,0.125,0.125,0.125,0.125
50,50.0,50.0,0.125,0.125,0.125,0.125,0.125,0.125,0.125,0.125
51,51.0,51.0,0.125,0.125,0.125,0.125,0.125,0.125,0.125,0.125
52,52.0,52.0,0.125,0.125,0.125,0.125,0.125,0.125,0.125,0.125
53,53.0,53.0,0.125,0.125,0.125,0.125,0.125,0.125,0.125,0.125
54,54.0,54.0,0.125,0.125,0.125,0.125,0.125,0.125,0.125,0.125
55,55.0,55.0,0.125,0.125,0.125,0.125,0.125,0.125,0.125,0.125
56,56.0,56.0,0.125,0.125,0.125,0.125,0.125,0.125,0.125,0.125
57,57.0,57.0,0.125,0.125,0.125,0.125,0.125,0.125,0.125,0.125
58,58.0,58.0,0.125,0.125,0.125,0.125,0.125,0.125,0.125,0.125
59,59.0,59.0,0.125,0.125,0.125,0.125,0.125,0.125,0.125,0.125
60,60.0,60.0,0.125,0.125,0.125,0.125,0.125,0.125,0.125,0.125
61,61.0,61.0,0.125,0.125,0.125,0.125,0.125,0.125,0.125,0.125
62,62.0,62.0,0.125,0.125,0.125,0.125,0.125,0.125,0.125,0.125
63,63.0,63.0,0.125,0.125,0.125,0.125,0.125,0.125,0.125,0.125
64,64.0,64.0,0.125,0.125,0.125,0.125,0.125,0.125,0.125,0.125
65,65.0,65.0,0.125,0.125,0.125,0.125,0.125,0.125,0.125,0.125
66,66.0,66.0,0.125,0.125,0.125,0.125,0.125,0.125,0.125,0.125
67,67.0,67.0,0.125,0.125,0.125,0.125,0.125,0.125,0.125,0.125
68,68.0,68.0,0.125,0.125,0.125,0.125,0.125,0.125,0.125,0.125
69,69.0,69.0,0.125,0.125,0.125,0.125,0.125,0.125,0.125,0.125
70,70.0,70.0,0.125,0.125,0.125,0.125,0.125,0.125,0.125,0.125
71,71.0,71.0,0.125,0.125,0.125,0.125,0.125,0.125,0.125,0.125
72,72.0,72.0,0.125,0.125,0.125,0.125,0.125,0.125,0.125,0.125
73,73.0,73.0,0.125,0.125,0.125,0.125,0.125,0.125,0.125,0.125
74,74.0,74.0,0.125,0.125,0.125,0.125,0.125,0.125,0.125,0.125
75,75.0,75.0,0.125,0.125,0.125,0.125,0.125,0.125,0.125,0.125
76,76.0,76.0,0.125,0.125,0.125,0.125,0.125,0.125,0.125,0.125
77,77.0,77.0,0.125,0.125,0.125,0.125,0.125,0.125,0.125,0.125
78,78.0,78.0,0.125,0.125,0.125,0.125,0.125,0.125,0.125,0.125
79,79.0,79.0,0.125,0.125,0.125,0.125,0.125,0.125,0.125,0.125
80,80.0,80.0,0.125,0.125,0.125,0.125,0.125,0.125,0.125,0.125
81,81.0,81.0,0.125,0.125,0.125,0.125,0.125,0.125,0.125,0.125
82,82.0,82.0,0.125,0.125,0.125,0.125,0.125,0.125,0.125,0.125
83,83.0,83.0,0.125,0.125,0.125,0.125,0.125,0.125,0.125,0.125
84,84.0,84.0,0.125,0.125,0.125,0.125,0.125,0.125,0.125,0.125
85,85.0,85.0,0.125,0.125,0.125,0.125,0.125,0.125,0.125,0.125
86,86.0,86.0,0.125,0.125,0.125,0.125,0.125,0.125,0.125,0.125
87,87.0,87.0,0.125,0.125,0.125,0.125,0.125,0.125,0.125,0.125
88,88.0,88.0,0.125,0.125,0.125,0.125,0.125,0.125,0.125,0.125
89,89.0,89.0,0.125,0.125,0.125,0.125,0.125,0.125,0.125,0.125
90,90.0,90.0,0.125,0.125,0.125,0.125,0.125,0.125,0.125,0.125
91,91.0,91.0,0.125,0.125,0.125,0.125,0.125,0.125,0.125,0.125
92,92.0,92.0,0.125,0.125,0.125,0.125,0.125,0.125,0.125,0.125
93,93.0,93.0,0.125,0.125,0.125,0.125,0.125,0.125,0.125,0.125
94,94.0,94.0,0.125,0.125,0.125,0.125,0.125,0.125,0.125,0.125
95,95.0,95.0,0.125,0.125,0.125,0.125,0.125,0.125,0.125,0.125
96,96.0,96.0,0.125,0.125,0.125,0.125,0.125,0.125,0.125,0.125
97,97.0,97.0,0.125,0.125,0.125,0.125,0.125,0.125,0.125,0.125
98,98.0,98.0,0.125,0.125,0.125,0.125,0.125,0.125,0.125,0.125
99,99.0,99.0,0.125,0.125,0.125,0.125,0.125,0.125,0.125,0.125
100,100.0,100.0,0.125,0.125,0.125,0.125,0.125,0.125,0.125,0.125
101,101.0,101.0,0.125,0.125,0.125,0.125,0.125,0.125,0.125,0.125
102,102.0,102.0,0.125,0.125,0.125,0.125,0.125,0.125,0.125,0.125
103,103.0,103.0,0.125,0.125,0.125,0.125,0.125,0.125,0.125,0.125
104,104.0,104.0,0.125,0.125,0.125,0.125,0.125,0.125,0.125,0.125
105,105.0,105.0,0.125,0.125,0.125,0.125,0.125,0.125,0.125,0.125
106,106.0,106.0,0.125,0.125,0.125,0.125,0.125,0.125,0.125,0.125
107,107.0,107.0,0.125,0.125,0.125,0.125,0.125,0.125,0.125,0.125
108,108.0,108.0,0.125,0.125,0.125,0.125,0.125,0.125,0.125,0.125
109,109.0,109.0,0.125,0.125,0.125,0.125,0.125,0.125,0.125,0.125
110,110.0,110.0,0.125,0.125,0.125,0.125,0.125,0.125,0.125,0.125
111,111.0,111.0,0.125,0.125,0.125,0.125,0.125,0.125,0.125,0.125
112,112.0,112.0,0.125,0.125,0.125,0.125,0.125,0.125,0.125,0.125
113,113.0,113.0,0.125,0.125,0.125,0.125,0.125,0.125,0.125,0.125
114,114.0,114.0,0.125,0.125,0.125,0.125,0.125,0.125,0.125,0.125
115,115.0,115.0,0.125,0.125,0.125,0.125,0.125,0.125,0.125,0.125
116,116.0,116.0,0.125,0.125,0.125,0.125,0.125,0.125,0.125,0.125
117,117.0,117.0,0.125,0.125,0.125,0.125,0.125,0.125,0.125,0.125
118,118.0,118.0,0.125,0.125,0.125,0.125,0.125,0.125,0.125,0.125
119,119.0,119.0,0.125,0.125,0.125,0.125,0.125,0.125,0.125,0.125
120,120.0,120.0,0.125,0.125,0.125,0.125,0.125,0.125,0.125,0.125
121,121.0,121.0,0.125,0.125,0.125,0.125,0.125,0.125,0.125,0.125
122,122.0,122.0,0.125,0.125,0.125,0.125,0.125,0.125,0.125,0.125
123,123.0,123.0,0.125,0.125,0.125,0.125,0.125,0.125,0.125,0.125
124,124.0,124.0,0.125,0.125,0.125,0.125,0.125,0.125,0.125,0.125
125,125.0,125.0,0.125,0.125,0.125,0.125,0.125,0.125,0.125,0.125
126,126.0,126.0,0.125,0.125,0.125,0.125,0.125,0.125,0.125,0.125
127,127.0,127.0,0.125,0.125,0.125,0.125,0.125,0.125,0.125,0.125
128,128.0,128.0,0.125,0.125,0.125,0.125,0.125,0.125,0.125,0.125
129,129.0,129.0,0.125,0.125,0.125,0.125,0.125,0.125,0.125,0.125
130,130.0,130.0,0.125,0.125,0.125,0.125,0.125,0.125,0.125,0.125
131,131.0,131.0,0.125,0.125,0.125,0.125,0.125,0.125,0.125,0.125
132,132.0,132.0,0.125,0.125,0.125,0.125,0.125,0.125,0.125,0.125
133,133.0,133.0,0.125,0.125,0.125,0.125,0.125,0.125,0.125,0.125
134,134.0,134.0,0.125,0.125,0.125,0.125,0.125,0.125,0.125,0.125
135,135.0,135.0,0.125,0.125,0.125,0.125,0.125,0.125,0.125,0.125
136,136.0,136.0,0.125,0.125,0.125,0.125,0.125,0.125,0.125,0.125
137,137.0,137.0,0.125,0.125,0.125,0.125,0.125,0.125,0.125,0.125
138,138.0,138.0,0.125,0.125,0.125,0.125,0.125,0.125,0.125,0.125
139,139.0,139.0,0.125,0.125,0.125,0.125,0.125,0.125,0.125,0.125
140,140.0,140.0,0.125,0.125,0.125,0.125,0.125,0.125,0.125,0.125
141,141.0,141.0,0.125,0.125,0.125,0.125,0.125,0.125,0.125,0.125
142,142.0,142.0,0.125,0.125,0.125,0.125,0.125,0.125,0.125,0.125
143,143.0,143.0,0.125,0.125,0.125,0.125,0.125,0.125,0.125,0.125
144,144.0,144.0,0.125,0.125,0.125,0.125,0.125,0.125,0.125,0.125
145,145.0,145.0,0.125,0.125,0.125,0.125,0.125,0.125,0.125,0.125
146,146.0,146.0,0.125,0.125,0.125,0.125,0.125,0.125,0.125,0.125
147,147.0,147.0,0.125,0.125,0.125,0.125,0.125,0.125,0.125,0.125
148,148.0,148.0,0.125,0.125,0.125,0.125,0.125,0.125,0.125,0.125
149,149.0,149.0,0.125,0.125,0.125,0.125,0.125,0.125,0.125,0.125
150,150.0,150.0,0.125,0.125,0.125,0.125,0.125,0.125,0.125,0.125
151,151.0,151.0,0.125,0.125,0.125,0.125,0.125,0.125,0.125,0.125
152,152.0,152.0,0.125,0.125,0.125,0.125,0.125,0.125,0.125,0.125
153,153.0,153.0,0.125,0.125,0.125,0.125,0.125,0.125,0.125,0.125
154,154.0,154.0,0.125,0.125,0.125,0.125,0.125,0.125,0.125,0.125
155,155.0,155.0,0.125,0.125,0.125,0.125,0.125,0.125,0.125,0.125
156,156.0,156.0,0.125,0.125,0.125,0.125,0.125,0.125,0.125,0.125
157,157.0,157.0,0.125,0.125,0.125,0.125,0.125,0.125,0.125,0.125
158,158.0,158.0,0.125,0.125,0.125,0.125,0.125,0.125,0.125,0.125
159,159.0,159.0,0.125,0.125,0.125,0.125,0.125,0.125,0.125,0.125
160,160.0,160.0,0.125,0.125,0.125,0.125,0.125,0.125,0.125,0.125
161,161.0,161.0,0.125,0.125,0.125,0.125,0.125,0.125,0.125,0.125
162,162.0,162.0,0.125,0.125,0.125,0.125,0.125,0.125,0.125,0.125
163,163.0,163.0,0.125,0.125,0.125,0.125,0.125,0.125,0.125,0.125
164,164.0,164.0,0.125,0.125,0.125,0.125,0.125,0.125,0.125,0.125
165,165.0,165.0,0.125,0.125,0.125,0.125,0.125,0.125,0.125,0.125
166,166.0,166.0,0.125,0.125,0.125,0.125,0.125,0.125,0.125,0.125
167,167.0,167.0,0.125,0.125,0.125,0.125,0.125,0.125,0.125,0.125
168,168.0,168.0,0.125,0.125,0.125,0.125,0.125,0.125,0.125,0.125
169,169.0,169.0,0.125,0.125,0.125,0.125,0.125,0.125,0.125,0.125
170,170.0,170.0,0.125,0.125,0.125,0.125,0.125,0.125,0.125,0.125
171,171.0,171.0,0.125,0.125,0.125,0.125,0.125,0.125,0.125,0.125
172,172.0,172.0,0.125,0.125,0.125,0.125,0.125,0.125,0.125,0.125
173,173.0,173.0,0.125,0.125,0.125,0.125,0.125,0.125,0.125,0.125
174,174.0,174.0,0.125,0.125,0.125,0.125,0.125,0.125,0.125,0.125
175,175.0,175.0,0.125,0.125,0.125,0.125,0.125,0.125,0.125,0.125
176,176.0,176.0,0.125,0.125,0.125,0.125,0.125,0.125,0.125,0.125
177,177.0,177.0,0.125,0.125,0.125,0.125,0.125,0.125,0.125,0.125
178,178.0,178.0,0.125,0.125,0.125,0.125,0.125,0.125,0.125,0.125
179,179.0,179.0,0.125,0.125,0.125,0.125,0.125,0.125,0.125,0.125
180,180.0,180.0,0.125,0.125,0.125,0.125,0.125,0.125,0.125,0.125
181,181.0,181.0,0.125,0.125,0.125,0.125,0.125,0.125,0.125,0.125
182,182.0,182.0,0.125,0.125,0.125,0.125,0.125,0.125,0.125,0.125
183,183.0,183.0,0.125,0.125,0.125,0.125,0.125,0.125,0.125,0.125
184,184.0,184.0,0.125,0.125,0.125,0.125,0.125,0.125,0.125,0.125
185,185.0,185.0,0.125,0.125,0.125,0.125,0.125,0.125,0.125,0.125
186,186.0,186.0,0.125,0.125,0.125,0.125,0.125,0.125,0.125,0.125
187,187.0,187.0,0.125,0.125,0.125,0.125,0.125,0.125,0.125,0.125
188,188.0,188.0,0.125,0.125,0.125,0.125,0.125,0.125,0.125,0.125
189,189.0,189.0,0.125,0.125,0.125,0.125,0.125,0.125,0.125,0.125
190,190.0,190.0,0.125,0.125,0.125,0.125,0.125,0.125,0.125,0.125
191,191.0,191.0,0.125,0.125,0.125,0.125,0.125,0.125,0.125,0.125
192,192.0,192.0,0.125,0.125,0.125,0.125,0.125,0.125,0.125,0.125
193,193.0,193.0,0.125,0.125,0.125,0.125,0.125,0.125,0.125,0.125
194,194.0,194.0,0.125,0.125,0.125,0.125,0.125,0.125,0.125,0.125
195,195.0,195.0,0.125,0.125,0.125,0.125,0.125,0.125,0.125,0.125
196,196.0,196.0,0.125,0.125,0.125,0.125,0.125,0.125,0.125,0.125
197,197.0,197.0,0.125,0.125,0.125,0.125,0.125,0.125,0.125,0.125
198,198.0,198.0,0.125,0.125,0.125,0.125,0.125,0.125,0.125,0.125
199,199.0,199.0,0.125,0.125,0.125,0.125,0.125,0.125,0.125,0.125
200,200.0,200.0,0.12111111111111113,0.12111111111111113,0.12111111111111113,0.12111111111111113,0.12111111111111113,0.13111111111111112,0.12111111111111113,0.14222222222222222
201,201.0,201.0,0.11492424242424241,0.11492424242424241,0.12603535353535353,0.12492424242424241,0.12492424242424241,0.12401515151515152,0.13512626262626265,0.13512626262626265
202,202.0,202.0,0.10964646464646463,0.10964646464646463,0.12964646464646462,0.14893939393939393,0.11873737373737374,0.11797979797979796,0.13742424242424242,0.12797979797979797
203,203.0,203.0,0.0999242424242424,0.10825757575757573,0.1199242424242424,0.15436868686868685,0.10825757575757573,0.10825757575757575,0.17441919191919192,0.12659090909090906
204,204.0,204.0,0.11162198912198909,0.10264763014763012,0.1131371406371406,0.1448154623154623,0.12173853923853921,0.10328865578865579,0.18331973581973576,0.11943084693084689
205,205.0,205.0,0.11665917415917415,0.10546869796869793,0.10881535131535129,0.1479362304362304,0.11595820845820844,0.0983258408258408,0.1826365301365301,0.12419996669996666
206,206.0,206.0,0.11927822177822175,0.10165917415917414,0.10472444222444219,0.141507659007659,0.11214868464868463,0.11122627372627372,0.18858891108891113,0.12086663336663332
207,207.0,207.0,0.11451590076590075,0.09889110889110889,0.1023730436230436,0.1379062604062604,0.11847152847152846,0.11464868464868463,0.19467823842823842,0.11851523476523473
208,208.0,208.0,0.11913170163170164,0.10349067599067596,0.09996503496503494,0.1362558275058275,0.11682109557109555,0.11258158508158504,0.1948892773892774,0.11686480186480182
209,209.0,209.0,0.12651515151515152,0.09526515151515151,0.09943181818181816,0.13636363636363633,0.11477272727272725,0.10435606060606059,0.19810606060606062,0.1251893939393939
210,210.0,210.0,0.1266131907308378,0.09239750445632798,0.09989750445632797,0.13682932263814612,0.12112076648841352,0.1048217468805704,0.1959982174688057,0.12232174688057038
211,211.0,211.0,0.12485665478312535,0.09133541295306,0.09920306001188352,0.13613487819370168,0.12009952465834817,0.1037596553773024,0.20298351158645275,0.12162730243612593
212,212.0,212.0,0.12329146730462517,0.09038942052099945,0.09858386496544388,0.14460659223817116,0.11918793195108983,0.09273591174906963,0.21019670388091435,0.1210081073896863
213,213.0,213.0,0.11459048691246834,0.0896541264033524,0.09821621790662036,0.14901835694405352,0.11845263783344277,0.0923682646902461,0.2170594489789536,0.12064046033086277
214,214.0,214.0,0.11981924508240296,0.08900053163211057,0.08955608718766608,0.15496012759170652,0.11779904306220094,0.09204146730462517,0.21650983519404568,0.12031366294524186
215,215.0,215.0,0.11252412190492682,0.08164176896375037,0.08804527773568019,0.1626710905193877,0.11573267805465944,0.09059429734352333,0.21833632827440871,0.13045443720366318
216,216.0,216.0,0.11680799592564298,0.07902088107970459,0.08568754774637126,0.17096893302775654,0.10378278584160935,0.08799847211611916,0.22983447924624395,0.12589890501655204
217,217.0,217.0,0.10050674815380696,0.08175961293608351,0.07699770817417875,0.17177489177489175,0.10414820473644001,0.08860198624904506,0.2496880570409982,0.1265227909345556
218,218.0,218.0,0.09978721564919743,0.08088374172170934,0.07612183695980458,0.1708716607793958,0.10306102517300694,0.08788245374443551,0.26043734871464896,0.12095471725780116
219,219.0,219.0,0.09626536026672822,0.07791069281835353,0.07336523827289898,0.17889428287171102,0.09990681684936129,0.08457704857841652,0.2716400175292104,0.1174405428133198
220,220.0,220.0,0.09489631264768061,0.07701783567549639,0.07247238113004184,0.18794190191933008,0.09901395970650415,0.0836841914355594,0.2703304937196866,0.11464292376570076
221,221.0,221.0,0.08868469072314308,0.08854754105110968,0.070625054330669,0.18125085213365114,0.09696900444863328,0.08183686463618656,0.27223911365899706,0.11984687901760996
222,222.0,222.0,0.08339857509111953,0.08914377836026259,0.07140245106011177,0.17979669418588706,0.09739857509111952,0.07656524175778619,0.2816704087066604,0.12062427574705273
223,223.0,223.0,0.08354390054390051,0.0877721559486265,0.07052429270076326,0.18485904291786642,0.09386064262534846,0.0755469171351524,0.2801606106311988,0.12373243749714333
224,224.0,224.0,0.08296176590294232,0.08671383083147786,0.0767626708803179,0.17247133041250687,0.09265986736574967,0.08283332136273307,0.28101833895951545,0.1245788742847566
225,225.0,225.0,0.08143208700484238,0.08566034240956837,0.07419897153643279,0.17158966420576321,0.09160637894384019,0.08192228308327373,0.28530298219152705,0.1282872906247519
226,226.0,226.0,0.08061198118473659,0.08454783892864384,0.07351114084860212,0.17607727211442376,0.08708256942003069,0.08123445239544307,0.2894675603034736,0.12746718480464608
227,227.0,227.0,0.07889881416757684,0.08416465127164922,0.07192112654080197,0.18810973593681501,0.08578606906953762,0.08762113731434215,0.27433758516669265,0.12916088053258437
228,228.0,228.0,0.07777987563484519,0.08304571273891756,0.07091713053680597,0.19695721030153077,0.09180998767966311,0.07761120471820267,0.27438638693963235,0.12749249145040215
229,229.0,229.0,0.07653796516988495,0.0815657070358621,0.07413057304052267,0.2017819303252642,0.0900918867385124,0.07588568813003674,0.27423185905066527,0.12577439050925146
230,230.0,230.0,0.07477352344050633,0.07958481509003328,0.0722857783424671,0.20247618960735653,0.08791077834246712,0.07369785930388394,0.28567777376007925,0.12359328211320617
231,231.0,231.0,0.07428709515122557,0.07888675274001358,0.07168536354949397,0.20575091937048456,0.08619185705598748,0.07319131593044634,0.28814634097786274,0.12186035522448564
232,232.0,232.0,0.07314278113191156,0.0783834643617252,0.07051834674277126,0.20810680368225123,0.09224642258849418,0.07205543710339103,0.2915601257225298,0.11398661866692554
233,233.0,233.0,0.0744151100837147,0.07858177675038136,0.07191574897970242,0.2126633153668037,0.09268061395968369,0.07253262241634331,0.2905421032455916,0.10666870919777893
234,234.0,234.0,0.0725229717209881,0.07716582886384524,0.06996052555389075,0.2085807204018558,0.09126466607314757,0.07110691304945747,0.29938370826366717,0.11001466607314755
235,235.0,235.0,0.07051753165125255,0.07215651282511744,0.06906067612462957,0.21614427134775965,0.09042201670108643,0.07141809583670045,0.2975374502409386,0.11274344527251498
236,236.0,236.0,0.07042276635185929,0.0715855570495337,0.068913881871211,0.20970721042113433,0.09074391806835984,0.0650650892132764,0.3115122402370535,0.11204933678757167
237,237.0,237.0,0.07001902490274578,0.07118181560042021,0.061796007609961026,0.20990870886219723,0.09034017661924634,0.06472882414742875,0.3112640202175086,0.12076142204049176
238,238.0,238.0,0.06852689913642647,0.07010635650076756,0.06061302162858797,0.20828544389215806,0.0954551937100699,0.06357828997270103,0.31010635910017,0.12332843605911867
239,239.0,239.0,0.06474253786753784,0.06992110929610926,0.060243911493911464,0.21705623205623206,0.09432587120087117,0.06339304276804272,0.3166164241164241,0.11370087120087113
240,240.0,240.0,0.06457779449652513,0.06928367684946632,0.06003456811506345,0.20434487468156198,0.09300916704554474,0.06316525579683473,0.332143232154842,0.1134414308601615
241,241.0,241.0,0.06347126928547299,0.06780950457959065,0.05898901851376741,0.21261196180672504,0.09741734771684554,0.06205222981227284,0.325313762636216,0.11233490564910935
242,242.0,242.0,0.061787754728931166,0.0669756632256632,0.06409560211030797,0.21195958453311392,0.09625670897729718,0.06153915528915528,0.32555766945472825,0.11182786168080283
243,243.0,243.0,0.060811956307887424,0.06563906769099637,0.0627662906732125,0.2114318900913815,0.09402884057281331,0.06048935279115458,0.3340833450630706,0.1107492568094834
244,244.0,244.0,0.06027769382240543,0.06510480520551437,0.062232028187730506,0.21060726755944192,0.0934945780873313,0.05989701829638107,0.3381716145171937,0.11021499432400139
245,245.0,245.0,0.05975531891049564,0.06458243029360458,0.058821330927854035,0.20934493493083023,0.09922220317542152,0.05942749750709284,0.33688093756988197,0.11196534668481888
246,246.0,246.0,0.05843419285612743,0.06450617428027605,0.05757806970511263,0.2141477806639085,0.0990912275998495,0.05934637555866582,0.33519634689076333,0.11169983244529644
247,247.0,247.0,0.05855077253331499,0.06374553097524746,0.0569204551410715,0.21188099891673956,0.0983853038570644,0.05858118730975962,0.33776069329298813,0.11417505797381408
248,248.0,248.0,0.057150685022977155,0.06931039464185193,0.05588005307504666,0.2157013216154719,0.09671385300039194,0.057436818551957335,0.33745417928257637,0.11035269480972647
249,249.0,249.0,0.05666659951369568,0.06882630913257044,0.055440293806899944,0.21596304270306085,0.09570345170163679,0.05699705928381062,0.34057896079901523,0.10982428305931027
250,250.0,250.0,0.0565954757583614,0.06875518537723616,0.05421974476420934,0.21802563160775498,0.0893823279463025,0.05470371330625412,0.3486358856912396,0.10968203554864171
251,251.0,251.0,0.06119501649075868,0.06956791630597912,0.04796617232151204,0.22916672612079933,0.08837885174734936,0.053647990503330224,0.343805424830398,0.10627190167987297
252,252.0,252.0,0.059988651004353646,0.06856548595171087,0.047086604220727905,0.2329035177093263,0.08968889646820051,0.05382817725443577,0.34262320450700423,0.10531546288424061
253,253.0,253.0,0.059518664282821446,0.06283234133544183,0.046659134505998436,0.2344430841361477,0.0886120761041204,0.053400707539706306,0.349792008549614,0.10474198354614958
254,254.0,254.0,0.05877304057448619,0.062042391385971826,0.04595432712419379,0.24024439997975722,0.086788067557348,0.052695900157901654,0.3548675596130858,0.09863431360725536
255,255.0,255.0,0.058037895826703476,0.06123234027114791,0.045258398062685584,0.24213893418722776,0.08505998536427288,0.051925064729352266,0.35855528376552204,0.09779209779308774
256,256.0,256.0,0.05748018229840172,0.06170026776848717,0.044700684534383826,0.24297737842273084,0.0835571613908607,0.05129409112779043,0.36106806020476906,0.09722217425257597
257,257.0,257.0,0.05690820790985681,0.06104468133980849,0.044128710145838926,0.24187147849383678,0.0821164470466193,0.05065044927627371,0.3686554089372436,0.09462461685052204
258,258.0,258.0,0.056478658924495606,0.058449985089370146,0.04373686855112628,0.24234740973548452,0.08128556732002139,0.051263750271556385,0.3723048849978244,0.09413287511012094
259,259.0,259.0,0.051246802479994136,0.05877368420042424,0.0440968521324271,0.24224687965136135,0.08124872550449683,0.05162373385285721,0.3701050571360077,0.10065826504243107
260,260.0,260.0,0.05039302200769957,0.05791990372812968,0.04327801226111089,0.24374692273136156,0.07969810866452211,0.050804893981541,0.374722299114322,0.09943683751131299
261,261.0,261.0,0.04613817015314002,0.06033171854023679,0.04431998833495819,0.2530764771110258,0.08006192381882918,0.05184687005538831,0.3806680671670992,0.0835567848193222
262,262.0,262.0,0.04739498679189578,0.059088535178992554,0.04352593917284815,0.24973472672339145,0.07863760170386554,0.05105282089327827,0.3790332938059643,0.09153209572976373
263,263.0,263.0,0.04916393616943342,0.05857335210972257,0.04332791755145992,0.24812771174303197,0.0781488484321734,0.05573200962307116,0.3705072490622723,0.09641897530883499
264,264.0,264.0,0.048193995985022234,0.057603230646628825,0.04246985805398776,0.2505961417240474,0.07974041306647825,0.05480382389839004,0.37199211713912284,0.09460041948632239
265,265.0,265.0,0.04762051246008815,0.057028105284451944,0.042004028578399875,0.25155909723787556,0.07864208805751069,0.05533319003021466,0.37389054086604145,0.09392243748541743
266,266.0,266.0,0.04686993261296661,0.05594775537499992,0.04135711210014611,0.249724271256779,0.07764783891718871,0.054281088708333244,0.37386812533871355,0.10030387569087255
267,267.0,267.0,0.0463048148142321,0.05508605446997522,0.04615504354101348,0.24875080132008848,0.07717164755103856,0.053446710207680145,0.3747828389499612,0.09830208914601049
268,268.0,268.0,0.045658442424987525,0.05443439146138148,0.04560499339021421,0.24938907182203826,0.07661085856862415,0.05282148823557503,0.37845443034229176,0.09702632375488729
269,269.0,269.0,0.0451099456497675,0.06016316310899998,0.04514943832083911,0.2510046804124319,0.07614478382746281,0.05229229546369626,0.37240132937870657,0.09773436383809544
270,270.0,270.0,0.044670559306227695,0.059525553935658414,0.04479978862953596,0.2510759229214993,0.08079513413615966,0.0519426457723931,0.37042173359344355,0.09676866170508196
271,271.0,271.0,0.0442621535950789,0.05996211779128367,0.04345766985826432,0.24962547885174216,0.0802353282900581,0.051620935164386775,0.374952250931443,0.09588406551774267
272,272.0,272.0,0.04368571404449397,0.059136959713525485,0.042975343551909316,0.2548280690617917,0.07926963204220508,0.05105615163271741,0.37855992116625914,0.0904882087870976
273,273.0,273.0,0.04334072697473371,0.05875950890645051,0.04441643230180041,0.2518482658911547,0.0797657184601856,0.05072151704756313,0.38113975324971194,0.09000807716839967
274,274.0,274.0,0.043009647604826035,0.05839581780079298,0.0441454515877011,0.24901260088794794,0.07927822959991901,0.05039957700024235,0.38620900658199664,0.08954966893657355
275,275.0,275.0,0.04263864451295697,0.05799209784032291,0.043832790626217144,0.24704951246459764,0.07876215758046609,0.050036583618824015,0.387541148044986,0.09214706531162901
276,276.0,276.0,0.0425931916472181,0.05813031192991671,0.04545690432697574,0.24671812954757139,0.07898770419699216,0.05096896195303274,0.38467646523064825,0.09246833116764461
277,277.0,277.0,0.042456225171078985,0.057909327529953834,0.04532927317570592,0.24800148047739762,0.07883206707111444,0.05075731287793918,0.3844016196550428,0.09231269404176687
278,278.0,278.0,0.042865645067172595,0.05302437522590275,0.04636704562739667,0.24522612702326613,0.07927437522590275,0.04588151808304561,0.3863235833393376,0.10103733040797555
279,279.0,279.0,0.042684723537302224,0.05289305687063556,0.04620624482187238,0.24481478330768924,0.07916317759498162,0.045770320452124494,0.3876562068489367,0.10081148656645751
280,280.0,280.0,0.04155727368985494,0.05276606489864616,0.04605073774214253,0.2444078026974446,0.0790557474383287,0.045662890295471555,0.3899066658435949,0.10059281739451628
281,281.0,281.0,0.04154913532721296,0.04795279456106087,0.04573482786906989,0.24388593581610607,0.0743243960576947,0.04563953532094715,0.39453051497290137,0.1063828600750067
282,282.0,282.0,0.041431238075122036,0.04779195784077974,0.04563544227932624,0.24285999970767008,0.07121959496151302,0.04550602705017604,0.3951059779327356,0.11044976215267692
283,283.0,283.0,0.0411178497714875,0.04743593256015853,0.04534007199370972,0.24557167018854323,0.07084135584058182,0.04517667330089928,0.39373899413566593,0.11077745220895374
284,284.0,284.0,0.04091112176783236,0.047186882969800184,0.04515088784970371,0.24498487058369173,0.07066931324273022,0.044953662303455426,0.3956623622097043,0.11048089907308192
285,285.0,285.0,0.04066534051433329,0.04698250958379594,0.044922194771187564,0.2432393981758066,0.07038733106201192,0.04476637709243409,0.39902891702897164,0.1100079317714586
286,286.0,286.0,0.040137195468465184,0.04649460598661999,0.04411830208115074,0.24512234002061004,0.06982695092177119,0.044295123511908154,0.39723194721448507,0.11277353479498933
287,287.0,287.0,0.03959760592505425,0.04591073723818556,0.04459760592505425,0.2403969960382352,0.06923365904212003,0.04373582354428453,0.4004805406304407,0.11604703165662522
288,288.0,288.0,0.04003080255910758,0.04638198562261941,0.04503080255910758,0.2426893757066698,0.06962554234718879,0.044207071928718374,0.38861120398577426,0.12342321529081386
289,289.0,289.0,0.03949377120429749,0.04497288668341297,0.046248157169209776,0.24388975277133168,0.06906628202680828,0.04497288668341297,0.3840794007241376,0.12727686273738903
290,290.0,290.0,0.03939262445547141,0.04490777597062292,0.046147010420383695,0.24558273973752542,0.06901660341278368,0.04490777597062292,0.3829032041608102,0.1271422658717795
291,291.0,291.0,0.0396098481531729,0.04512499966832441,0.04136423411808518,0.2407322029780309,0.0692488828165978,0.04512499966832441,0.38408197768146424,0.13471285491599994
292,292.0,292.0,0.03823169688504709,0.045080181733531934,0.0413194161832927,0.24131252789105248,0.06921875779981884,0.045080181733531934,0.3851038937105308,0.13465334406319393
293,293.0,293.0,0.03819769432756902,0.04506372303570299,0.041237621732287705,0.23666860974594134,0.06929171726369723,0.04506372303570299,0.3844936921144261,0.1399832187446724
294,294.0,294.0,0.03816944728420416,0.04341280206026922,0.040228484397890424,0.2395412151668971,0.07023053395221772,0.044347381499521554,0.38413507632891886,0.13993505931008066
295,295.0,295.0,0.03797051074140853,0.04316994094083873,0.03999330276420055,0.23913576676734566,0.06994250961743217,0.04409586686676466,0.3861921016719778,0.13950000063003154
296,296.0,296.0,0.03751512306271879,0.04267131862653251,0.03950285891716345,0.23989400685282541,0.06940189511965625,0.043588749819193064,0.3862398864918085,0.14118616111010174
297,297.0,297.0,0.039910899571566724,0.04256709513538044,0.039372194389522754,0.23902641837718858,0.06923356906440162,0.04348452632804099,0.3854515646431541,0.14095373249074453
298,298.0,298.0,0.03969097595248956,0.04242396991086951,0.0391718219568867,0.2386493393761183,0.06904314812069544,0.04334140110353006,0.3846128113874361,0.14306653219197404
299,299.0,299.0,0.03959551769602823,0.042343943753173616,0.03903613001435835,0.23820084532163652,0.06897648737331766,0.043261374945834166,0.38565885656798743,0.14292684432766375
300,300.0,300.0,0.04583913210285044,0.04685349271374629,0.04522350200693771,0.25016812981351977,0.07297914978594998,0.048722651592250955,0.3347328523535678,0.15548108963117685
301,301.0,301.0,0.04493891874998098,0.04592470471225829,0.044293939226071125,0.25018734029101614,0.07131420767095828,0.04777655656411014,0.33594945188184133,0.1596148809037634
302,302.0,302.0,0.05520471300066743,0.04787276397257603,0.04629296688598112,0.24988784289657504,0.07350157960139167,0.04970762635789712,0.3069271508124166,0.1706053564724947
303,303.0,303.0,0.05372551344440921,0.0470482596250988,0.04431368496281328,0.24708779235513062,0.0726339142805209,0.05888433053093715,0.30858836214970553,0.16771814265138416
304,304.0,304.0,0.05348378791618411,0.05452508895748516,0.044110389363681085,0.23895204273132303,0.07237752637513997,0.058599618032014224,0.3106259444313912,0.167325602192781
305,305.0,305.0,0.05284956264507312,0.053355418739164516,0.04345421501443138,0.2380015546273772,0.07121954386135415,0.05797939836314414,0.3109941232422963,0.17214618350715888
306,306.0,306.0,0.0527668137227489,0.05328634970740117,0.04335015321913188,0.23865907620197527,0.07116191385956105,0.05791032933138078,0.310840728184058,0.17202463577374266
307,307.0,307.0,0.05273515768865128,0.052399918215480776,0.04328960324309685,0.2384308458480418,0.07234519677237458,0.05704027785584043,0.3117466196084616,0.1720123807680522
308,308.0,308.0,0.052607104957003284,0.052252167102065414,0.043149619795292776,0.23672827535793992,0.07218715891205724,0.05687614672604505,0.3135087164838871,0.172690810665709
309,309.0,309.0,0.0524289994441489,0.05213733477046175,0.04300245751760699,0.23649954998567463,0.07201979223081797,0.05671080934393634,0.31477513169810994,0.17242592500924311
310,310.0,310.0,0.05145275738230726,0.05207447800402788,0.04290809048147598,0.23699497669164987,0.07195497074166346,0.05664795257750246,0.31565167873387046,0.1723150953875024
311,311.0,311.0,0.053700122700122664,0.05245926145926143,0.043738342738342706,0.2363060183060183,0.07233785133785131,0.06557419457419456,0.3186458526458526,0.1572383562383562
312,312.0,312.0,0.05353149415999177,0.053684220008369796,0.04360000535893775,0.23777446522560597,0.07127842290692052,0.06541751061122562,0.31772645337389205,0.15698742835505639
313,313.0,313.0,0.051414066007628524,0.051925423330241846,0.04228640643316044,0.23592115892953675,0.06947158604534658,0.06283879719042422,0.31850781888487434,0.16763474317878715
314,314.0,314.0,0.05173386126940299,0.050991330239212526,0.041748028324208146,0.2353208502709608,0.06850897839589962,0.06186211893661976,0.3188691558982042,0.17096567666549178
315,315.0,315.0,0.05158097059846202,0.05087506660837804,0.04162056648508699,0.23497197498251904,0.06941823767436098,0.0626819649355039,0.318112864514969,0.17073835420071976
316,316.0,316.0,0.05054797419308088,0.05076215717737057,0.04149669214179884,0.23485171985744602,0.07015352318599324,0.06253573168545835,0.31913396968726226,0.17051823207158967
317,317.0,317.0,0.04214963495499527,0.05069166160699227,0.0414154577398054,0.23540366535740193,0.07008693595878335,0.062472479886355334,0.3190242401678832,0.17875592432778292
318,318.0,318.0,0.0420005165020481,0.05053724004102121,0.04894282419435579,0.23317258374233868,0.0699362825600158,0.06168403867700602,0.32295776515320596,0.17076874913000814
319,319.0,319.0,0.040994521676468075,0.05055205521619975,0.047426594505599724,0.2305260923624469,0.06888222074989671,0.06095310053597571,0.32290732514492676,0.1777580898084862
320,320.0,320.0,0.04008018382003378,0.04962185382632442,0.046058341464858106,0.23129909148635536,0.06792066880629881,0.06037272157705922,0.3208006462971775,0.18384649272189252
321,321.0,321.0,0.03925518427899707,0.0487806017900515,0.05108790402128882,0.22980333850485146,0.0670492854971841,0.05906514980901863,0.32200207030693123,0.18295646579167704
322,322.0,322.0,0.038612109804304004,0.048122834397344924,0.049694842510935186,0.229549799888368,0.06640484445302243,0.05805594512035028,0.3212818169032263,0.18827780692244858
323,323.0,323.0,0.038313877040837066,0.04698313018270684,0.04941720726181435,0.23027871016670734,0.0661148016977455,0.05775771235688334,0.32141946161700985,0.18971509967629555
324,324.0,324.0,0.03764456599622215,0.04715871198095635,0.04811396587738673,0.228174999139448,0.06539980737582105,0.056696765541711235,0.32265988485148966,0.19415129923696453
325,325.0,325.0,0.03706451189156797,0.04659744551820883,0.04696790409300177,0.22547114022698828,0.06598111003461672,0.05582574771046288,0.323863560696688,0.19822857982846526
326,326.0,326.0,0.036592539105083116,0.04611210732140588,0.04595625010672515,0.22636230503183635,0.06549437709841252,0.05808346476009546,0.3232352289419653,0.19816372763447598
327,327.0,327.0,0.036171140977411496,0.04569070919373427,0.04505866150286305,0.22796390650401768,0.06507162200983989,0.057282878212779484,0.3247045039697007,0.19805657762965317
328,328.0,328.0,0.03585191178940958,0.044548107471833506,0.04433786020276271,0.22744216707566361,0.06475107228654926,0.05674851934361602,0.32532393971531065,0.20099642211485436
329,329.0,329.0,0.03554131425306128,0.044254696318370326,0.043649192132303484,0.2264268495351483,0.06442612769669827,0.05624157875127974,0.3266640803758274,0.20279616093731087
330,330.0,330.0,0.0355025951037839,0.04421597716909295,0.0436104729830261,0.22840323174011085,0.06438615704173772,0.05620411110768553,0.32495274049390754,0.2027247143606552
331,331.0,331.0,0.03461485535470472,0.04421977882879656,0.043222483358884456,0.23098512007010646,0.06439635463950447,0.05533782575820253,0.3282314789873149,0.1989921030024856
332,332.0,332.0,0.03789814163493122,0.04379174352803462,0.04164312954093609,0.2301341997862436,0.06391617043212254,0.05455053384614698,0.3337512534880431,0.19431482774354153
333,333.0,333.0,0.03779165877528549,0.04370074112521384,0.041559248630780164,0.22937275369752985,0.06379599717635225,0.05444520769220338,0.33518554937310563,0.19414884352952907
334,334.0,334.0,0.03771361893707518,0.04357400075458561,0.041468483971601244,0.23052434734418853,0.0636538717610353,0.05431034927413596,0.3347804202873538,0.19397490767002415
335,335.0,335.0,0.04044322305738103,0.04629139486268144,0.04419276513203866,0.2327439369600282,0.06081483459616092,0.05704105216313181,0.32931878200311016,0.18915401122546766
336,336.0,336.0,0.04040247465040099,0.046238701878539436,0.04414684629774086,0.23143382101357252,0.06076128799679829,0.05700793152121662,0.3309253312682823,0.18908360537344893
337,337.0,337.0,0.03953673849561355,0.046252195011829075,0.043283329667067036,0.23228210246019126,0.06078843533444452,0.057062338293661766,0.33168625437227883,0.1891086063649138
338,338.0,338.0,0.0395041142107206,0.046208131696965866,0.04324582286938189,0.22947830668845168,0.06074356042594299,0.05704374612065145,0.33472233275642543,0.18905398523145986
339,339.0,339.0,0.03946552632146306,0.046158345599421655,0.0432024883847409,0.22928424020505753,0.06069298271371979,0.05701240145897611,0.33519679927006835,0.18898721604655244
340,340.0,340.0,0.04003765493153396,0.04828793448632671,0.04348340410573141,0.2326835436844124,0.05944573093824079,0.053811810712905514,0.3304987919145884,0.1917511292262605
341,341.0,341.0,0.04001115089159778,0.048261430446390516,0.043463149284642864,0.23218976349517134,0.059418473316031804,0.05379230947408977,0.33037895395315714,0.1924847691389185
342,342.0,342.0,0.03998507363730829,0.04823535319210104,0.04344322360515653,0.23170385687167078,0.059391660584203865,0.05377311927214189,0.33190405422493674,0.19156365861248068
343,343.0,343.0,0.03992656977045485,0.048121901828734145,0.04337266899742196,0.23296891496146116,0.059277491272543184,0.053655076557785154,0.33127096971595293,0.19140640689564642
344,344.0,344.0,0.05099069713824915,0.04803145871992407,0.043324405055741796,0.2338836847848788,0.0480752360807746,0.05354956776729471,0.33088263441068333,0.1912623160424533
345,345.0,345.0,0.04872225342246657,0.046831397159263426,0.04216582294901027,0.23103794511536022,0.0468744899935407,0.052334698245817525,0.3420239166434869,0.1900094764710542
346,346.0,346.0,0.04696663056831123,0.04694631474967607,0.04221664246118025,0.23117665863548215,0.04698873899210031,0.050536162996667175,0.3422109005840098,0.19295795101257285
347,347.0,347.0,0.04505021838799829,0.056828781084732716,0.041197823042779975,0.23009369268325552,0.04589285063539611,0.04946632040837838,0.3389082884573169,0.19256202530014188
348,348.0,348.0,0.043445982289476145,0.06343725120842103,0.04033989858442008,0.23189221075126457,0.04495986560798925,0.04856494193768189,0.33584024355469044,0.1915196060660564
349,349.0,349.0,0.04338895327424846,0.06513106394403512,0.04028839748516808,0.230955606638685,0.044868542900264076,0.048514064497257356,0.3355213148668839,0.1913320563934578
350,350.0,350.0,0.04208389634290904,0.06236530924052249,0.039629812817947974,0.2314113025790779,0.044203902031493575,0.05554839710080165,0.3341184166349415,0.1906389632523055
351,351.0,351.0,0.04094234296167594,0.060640985304507664,0.03903641309544698,0.23171475835278138,0.04357121927444255,0.05435283073919124,0.33264033202652216,0.19710111824543183
352,352.0,352.0,0.049832961202105945,0.05649649247080505,0.041731943481441616,0.2350323818530952,0.04037852472865592,0.050700301362382925,0.33455191008074364,0.19127548482076948
353,353.0,353.0,0.04773825373543046,0.055205086281172634,0.04127908384587031,0.23519064807859236,0.0399198820720344,0.049841051713505606,0.33963030949707684,0.19119568477631715
354,354.0,354.0,0.04770706575602833,0.055164379931315524,0.04124351624215915,0.23646981507700976,0.03987861840999559,0.049815559792431116,0.3385839136614201,0.19113713112964023
355,355.0,355.0,0.0478365933521025,0.055284572202520366,0.034104068487140746,0.23817992403887275,0.040733559612445486,0.05220069843103699,0.3354216639838289,0.1962389198920519
