Total_iterations,Unnamed: 0.1,Intertwine_two,Invert_path_vertices,Insert_inside_vertex,Delete_inside_vertex,Replace_inside_vertex,Donate_between_routes,Trim_one_terminal_cb,Grow_one_terminal_cb
0,0.0,0.125,0.125,0.125,0.125,0.125,0.125,0.125,0.125
1,1.0,0.125,0.125,0.125,0.125,0.125,0.125,0.125,0.125
2,2.0,0.125,0.125,0.125,0.125,0.125,0.125,0.125,0.125
3,3.0,0.125,0.125,0.125,0.125,0.125,0.125,0.125,0.125
4,4.0,0.125,0.125,0.125,0.125,0.125,0.125,0.125,0.125
5,5.0,0.125,0.125,0.125,0.125,0.125,0.125,0.125,0.125
6,6.0,0.125,0.125,0.125,0.125,0.125,0.125,0.125,0.125
7,7.0,0.125,0.125,0.125,0.125,0.125,0.125,0.125,0.125
8,8.0,0.125,0.125,0.125,0.125,0.125,0.125,0.125,0.125
9,9.0,0.125,0.125,0.125,0.125,0.125,0.125,0.125,0.125
10,10.0,0.125,0.125,0.125,0.125,0.125,0.125,0.125,0.125
11,11.0,0.125,0.125,0.125,0.125,0.125,0.125,0.125,0.125
12,12.0,0.125,0.125,0.125,0.125,0.125,0.125,0.125,0.125
13,13.0,0.125,0.125,0.125,0.125,0.125,0.125,0.125,0.125
14,14.0,0.125,0.125,0.125,0.125,0.125,0.125,0.125,0.125
15,15.0,0.125,0.125,0.125,0.125,0.125,0.125,0.125,0.125
16,16.0,0.125,0.125,0.125,0.125,0.125,0.125,0.125,0.125
17,17.0,0.125,0.125,0.125,0.125,0.125,0.125,0.125,0.125
18,18.0,0.125,0.125,0.125,0.125,0.125,0.125,0.125,0.125
19,19.0,0.125,0.125,0.125,0.125,0.125,0.125,0.125,0.125
20,20.0,0.125,0.125,0.125,0.125,0.125,0.125,0.125,0.125
21,21.0,0.125,0.125,0.125,0.125,0.125,0.125,0.125,0.125
22,22.0,0.125,0.125,0.125,0.125,0.125,0.125,0.125,0.125
23,23.0,0.125,0.125,0.125,0.125,0.125,0.125,0.125,0.125
24,24.0,0.125,0.125,0.125,0.125,0.125,0.125,0.125,0.125
25,25.0,0.125,0.125,0.125,0.125,0.125,0.125,0.125,0.125
26,26.0,0.125,0.125,0.125,0.125,0.125,0.125,0.125,0.125
27,27.0,0.125,0.125,0.125,0.125,0.125,0.125,0.125,0.125
28,28.0,0.125,0.125,0.125,0.125,0.125,0.125,0.125,0.125
29,29.0,0.125,0.125,0.125,0.125,0.125,0.125,0.125,0.125
30,30.0,0.125,0.125,0.125,0.125,0.125,0.125,0.125,0.125
31,31.0,0.125,0.125,0.125,0.125,0.125,0.125,0.125,0.125
32,32.0,0.125,0.125,0.125,0.125,0.125,0.125,0.125,0.125
33,33.0,0.125,0.125,0.125,0.125,0.125,0.125,0.125,0.125
34,34.0,0.125,0.125,0.125,0.125,0.125,0.125,0.125,0.125
35,35.0,0.125,0.125,0.125,0.125,0.125,0.125,0.125,0.125
36,36.0,0.125,0.125,0.125,0.125,0.125,0.125,0.125,0.125
37,37.0,0.125,0.125,0.125,0.125,0.125,0.125,0.125,0.125
38,38.0,0.125,0.125,0.125,0.125,0.125,0.125,0.125,0.125
39,39.0,0.125,0.125,0.125,0.125,0.125,0.125,0.125,0.125
40,40.0,0.125,0.125,0.125,0.125,0.125,0.125,0.125,0.125
41,41.0,0.125,0.125,0.125,0.125,0.125,0.125,0.125,0.125
42,42.0,0.125,0.125,0.125,0.125,0.125,0.125,0.125,0.125
43,43.0,0.125,0.125,0.125,0.125,0.125,0.125,0.125,0.125
44,44.0,0.125,0.125,0.125,0.125,0.125,0.125,0.125,0.125
45,45.0,0.125,0.125,0.125,0.125,0.125,0.125,0.125,0.125
46,46.0,0.125,0.125,0.125,0.125,0.125,0.125,0.125,0.125
47,47.0,0.125,0.125,0.125,0.125,0.125,0.125,0.125,0.125
48,48.0,0.125,0.125,0.125,0.125,0.125,0.125,0.125,0.125
49,49.0,0.125,0.125,0.125,0.125,0.125,0.125,0.125,0.125
50,50.0,0.125,0.125,0.125,0.125,0.125,0.125,0.125,0.125
51,51.0,0.125,0.125,0.125,0.125,0.125,0.125,0.125,0.125
52,52.0,0.125,0.125,0.125,0.125,0.125,0.125,0.125,0.125
53,53.0,0.125,0.125,0.125,0.125,0.125,0.125,0.125,0.125
54,54.0,0.125,0.125,0.125,0.125,0.125,0.125,0.125,0.125
55,55.0,0.125,0.125,0.125,0.125,0.125,0.125,0.125,0.125
56,56.0,0.125,0.125,0.125,0.125,0.125,0.125,0.125,0.125
57,57.0,0.125,0.125,0.125,0.125,0.125,0.125,0.125,0.125
58,58.0,0.125,0.125,0.125,0.125,0.125,0.125,0.125,0.125
59,59.0,0.125,0.125,0.125,0.125,0.125,0.125,0.125,0.125
60,60.0,0.125,0.125,0.125,0.125,0.125,0.125,0.125,0.125
61,61.0,0.125,0.125,0.125,0.125,0.125,0.125,0.125,0.125
62,62.0,0.125,0.125,0.125,0.125,0.125,0.125,0.125,0.125
63,63.0,0.125,0.125,0.125,0.125,0.125,0.125,0.125,0.125
64,64.0,0.125,0.125,0.125,0.125,0.125,0.125,0.125,0.125
65,65.0,0.125,0.125,0.125,0.125,0.125,0.125,0.125,0.125
66,66.0,0.125,0.125,0.125,0.125,0.125,0.125,0.125,0.125
67,67.0,0.125,0.125,0.125,0.125,0.125,0.125,0.125,0.125
68,68.0,0.125,0.125,0.125,0.125,0.125,0.125,0.125,0.125
69,69.0,0.125,0.125,0.125,0.125,0.125,0.125,0.125,0.125
70,70.0,0.125,0.125,0.125,0.125,0.125,0.125,0.125,0.125
71,71.0,0.125,0.125,0.125,0.125,0.125,0.125,0.125,0.125
72,72.0,0.125,0.125,0.125,0.125,0.125,0.125,0.125,0.125
73,73.0,0.125,0.125,0.125,0.125,0.125,0.125,0.125,0.125
74,74.0,0.125,0.125,0.125,0.125,0.125,0.125,0.125,0.125
75,75.0,0.125,0.125,0.125,0.125,0.125,0.125,0.125,0.125
76,76.0,0.125,0.125,0.125,0.125,0.125,0.125,0.125,0.125
77,77.0,0.125,0.125,0.125,0.125,0.125,0.125,0.125,0.125
78,78.0,0.125,0.125,0.125,0.125,0.125,0.125,0.125,0.125
79,79.0,0.125,0.125,0.125,0.125,0.125,0.125,0.125,0.125
80,80.0,0.125,0.125,0.125,0.125,0.125,0.125,0.125,0.125
81,81.0,0.125,0.125,0.125,0.125,0.125,0.125,0.125,0.125
82,82.0,0.125,0.125,0.125,0.125,0.125,0.125,0.125,0.125
83,83.0,0.125,0.125,0.125,0.125,0.125,0.125,0.125,0.125
84,84.0,0.125,0.125,0.125,0.125,0.125,0.125,0.125,0.125
85,85.0,0.125,0.125,0.125,0.125,0.125,0.125,0.125,0.125
86,86.0,0.125,0.125,0.125,0.125,0.125,0.125,0.125,0.125
87,87.0,0.125,0.125,0.125,0.125,0.125,0.125,0.125,0.125
88,88.0,0.125,0.125,0.125,0.125,0.125,0.125,0.125,0.125
89,89.0,0.125,0.125,0.125,0.125,0.125,0.125,0.125,0.125
90,90.0,0.125,0.125,0.125,0.125,0.125,0.125,0.125,0.125
91,91.0,0.125,0.125,0.125,0.125,0.125,0.125,0.125,0.125
92,92.0,0.125,0.125,0.125,0.125,0.125,0.125,0.125,0.125
93,93.0,0.125,0.125,0.125,0.125,0.125,0.125,0.125,0.125
94,94.0,0.125,0.125,0.125,0.125,0.125,0.125,0.125,0.125
95,95.0,0.125,0.125,0.125,0.125,0.125,0.125,0.125,0.125
96,96.0,0.125,0.125,0.125,0.125,0.125,0.125,0.125,0.125
97,97.0,0.125,0.125,0.125,0.125,0.125,0.125,0.125,0.125
98,98.0,0.125,0.125,0.125,0.125,0.125,0.125,0.125,0.125
99,99.0,0.125,0.125,0.125,0.125,0.125,0.125,0.125,0.125
100,100.0,0.125,0.125,0.125,0.125,0.125,0.125,0.125,0.125
101,101.0,0.125,0.125,0.125,0.125,0.125,0.125,0.125,0.125
102,102.0,0.125,0.125,0.125,0.125,0.125,0.125,0.125,0.125
103,103.0,0.125,0.125,0.125,0.125,0.125,0.125,0.125,0.125
104,104.0,0.125,0.125,0.125,0.125,0.125,0.125,0.125,0.125
105,105.0,0.125,0.125,0.125,0.125,0.125,0.125,0.125,0.125
106,106.0,0.125,0.125,0.125,0.125,0.125,0.125,0.125,0.125
107,107.0,0.125,0.125,0.125,0.125,0.125,0.125,0.125,0.125
108,108.0,0.125,0.125,0.125,0.125,0.125,0.125,0.125,0.125
109,109.0,0.125,0.125,0.125,0.125,0.125,0.125,0.125,0.125
110,110.0,0.125,0.125,0.125,0.125,0.125,0.125,0.125,0.125
111,111.0,0.125,0.125,0.125,0.125,0.125,0.125,0.125,0.125
112,112.0,0.125,0.125,0.125,0.125,0.125,0.125,0.125,0.125
113,113.0,0.125,0.125,0.125,0.125,0.125,0.125,0.125,0.125
114,114.0,0.125,0.125,0.125,0.125,0.125,0.125,0.125,0.125
115,115.0,0.125,0.125,0.125,0.125,0.125,0.125,0.125,0.125
116,116.0,0.125,0.125,0.125,0.125,0.125,0.125,0.125,0.125
117,117.0,0.125,0.125,0.125,0.125,0.125,0.125,0.125,0.125
118,118.0,0.125,0.125,0.125,0.125,0.125,0.125,0.125,0.125
119,119.0,0.125,0.125,0.125,0.125,0.125,0.125,0.125,0.125
120,120.0,0.125,0.125,0.125,0.125,0.125,0.125,0.125,0.125
121,121.0,0.125,0.125,0.125,0.125,0.125,0.125,0.125,0.125
122,122.0,0.125,0.125,0.125,0.125,0.125,0.125,0.125,0.125
123,123.0,0.125,0.125,0.125,0.125,0.125,0.125,0.125,0.125
124,124.0,0.125,0.125,0.125,0.125,0.125,0.125,0.125,0.125
125,125.0,0.125,0.125,0.125,0.125,0.125,0.125,0.125,0.125
126,126.0,0.125,0.125,0.125,0.125,0.125,0.125,0.125,0.125
127,127.0,0.125,0.125,0.125,0.125,0.125,0.125,0.125,0.125
128,128.0,0.125,0.125,0.125,0.125,0.125,0.125,0.125,0.125
129,129.0,0.125,0.125,0.125,0.125,0.125,0.125,0.125,0.125
130,130.0,0.125,0.125,0.125,0.125,0.125,0.125,0.125,0.125
131,131.0,0.125,0.125,0.125,0.125,0.125,0.125,0.125,0.125
132,132.0,0.125,0.125,0.125,0.125,0.125,0.125,0.125,0.125
133,133.0,0.125,0.125,0.125,0.125,0.125,0.125,0.125,0.125
134,134.0,0.125,0.125,0.125,0.125,0.125,0.125,0.125,0.125
135,135.0,0.125,0.125,0.125,0.125,0.125,0.125,0.125,0.125
136,136.0,0.125,0.125,0.125,0.125,0.125,0.125,0.125,0.125
137,137.0,0.125,0.125,0.125,0.125,0.125,0.125,0.125,0.125
138,138.0,0.125,0.125,0.125,0.125,0.125,0.125,0.125,0.125
139,139.0,0.125,0.125,0.125,0.125,0.125,0.125,0.125,0.125
140,140.0,0.125,0.125,0.125,0.125,0.125,0.125,0.125,0.125
141,141.0,0.125,0.125,0.125,0.125,0.125,0.125,0.125,0.125
142,142.0,0.125,0.125,0.125,0.125,0.125,0.125,0.125,0.125
143,143.0,0.125,0.125,0.125,0.125,0.125,0.125,0.125,0.125
144,144.0,0.125,0.125,0.125,0.125,0.125,0.125,0.125,0.125
145,145.0,0.125,0.125,0.125,0.125,0.125,0.125,0.125,0.125
146,146.0,0.125,0.125,0.125,0.125,0.125,0.125,0.125,0.125
147,147.0,0.125,0.125,0.125,0.125,0.125,0.125,0.125,0.125
148,148.0,0.125,0.125,0.125,0.125,0.125,0.125,0.125,0.125
149,149.0,0.125,0.125,0.125,0.125,0.125,0.125,0.125,0.125
150,150.0,0.125,0.125,0.125,0.125,0.125,0.125,0.125,0.125
151,151.0,0.125,0.125,0.125,0.125,0.125,0.125,0.125,0.125
152,152.0,0.125,0.125,0.125,0.125,0.125,0.125,0.125,0.125
153,153.0,0.125,0.125,0.125,0.125,0.125,0.125,0.125,0.125
154,154.0,0.125,0.125,0.125,0.125,0.125,0.125,0.125,0.125
155,155.0,0.125,0.125,0.125,0.125,0.125,0.125,0.125,0.125
156,156.0,0.125,0.125,0.125,0.125,0.125,0.125,0.125,0.125
157,157.0,0.125,0.125,0.125,0.125,0.125,0.125,0.125,0.125
158,158.0,0.125,0.125,0.125,0.125,0.125,0.125,0.125,0.125
159,159.0,0.125,0.125,0.125,0.125,0.125,0.125,0.125,0.125
160,160.0,0.125,0.125,0.125,0.125,0.125,0.125,0.125,0.125
161,161.0,0.125,0.125,0.125,0.125,0.125,0.125,0.125,0.125
162,162.0,0.125,0.125,0.125,0.125,0.125,0.125,0.125,0.125
163,163.0,0.125,0.125,0.125,0.125,0.125,0.125,0.125,0.125
164,164.0,0.125,0.125,0.125,0.125,0.125,0.125,0.125,0.125
165,165.0,0.125,0.125,0.125,0.125,0.125,0.125,0.125,0.125
166,166.0,0.125,0.125,0.125,0.125,0.125,0.125,0.125,0.125
167,167.0,0.125,0.125,0.125,0.125,0.125,0.125,0.125,0.125
168,168.0,0.125,0.125,0.125,0.125,0.125,0.125,0.125,0.125
169,169.0,0.125,0.125,0.125,0.125,0.125,0.125,0.125,0.125
170,170.0,0.125,0.125,0.125,0.125,0.125,0.125,0.125,0.125
171,171.0,0.125,0.125,0.125,0.125,0.125,0.125,0.125,0.125
172,172.0,0.125,0.125,0.125,0.125,0.125,0.125,0.125,0.125
173,173.0,0.125,0.125,0.125,0.125,0.125,0.125,0.125,0.125
174,174.0,0.125,0.125,0.125,0.125,0.125,0.125,0.125,0.125
175,175.0,0.125,0.125,0.125,0.125,0.125,0.125,0.125,0.125
176,176.0,0.125,0.125,0.125,0.125,0.125,0.125,0.125,0.125
177,177.0,0.125,0.125,0.125,0.125,0.125,0.125,0.125,0.125
178,178.0,0.125,0.125,0.125,0.125,0.125,0.125,0.125,0.125
179,179.0,0.125,0.125,0.125,0.125,0.125,0.125,0.125,0.125
180,180.0,0.125,0.125,0.125,0.125,0.125,0.125,0.125,0.125
181,181.0,0.125,0.125,0.125,0.125,0.125,0.125,0.125,0.125
182,182.0,0.125,0.125,0.125,0.125,0.125,0.125,0.125,0.125
183,183.0,0.125,0.125,0.125,0.125,0.125,0.125,0.125,0.125
184,184.0,0.125,0.125,0.125,0.125,0.125,0.125,0.125,0.125
185,185.0,0.125,0.125,0.125,0.125,0.125,0.125,0.125,0.125
186,186.0,0.125,0.125,0.125,0.125,0.125,0.125,0.125,0.125
187,187.0,0.125,0.125,0.125,0.125,0.125,0.125,0.125,0.125
188,188.0,0.125,0.125,0.125,0.125,0.125,0.125,0.125,0.125
189,189.0,0.125,0.125,0.125,0.125,0.125,0.125,0.125,0.125
190,190.0,0.125,0.125,0.125,0.125,0.125,0.125,0.125,0.125
191,191.0,0.125,0.125,0.125,0.125,0.125,0.125,0.125,0.125
192,192.0,0.125,0.125,0.125,0.125,0.125,0.125,0.125,0.125
193,193.0,0.125,0.125,0.125,0.125,0.125,0.125,0.125,0.125
194,194.0,0.125,0.125,0.125,0.125,0.125,0.125,0.125,0.125
195,195.0,0.125,0.125,0.125,0.125,0.125,0.125,0.125,0.125
196,196.0,0.125,0.125,0.125,0.125,0.125,0.125,0.125,0.125
197,197.0,0.125,0.125,0.125,0.125,0.125,0.125,0.125,0.125
198,198.0,0.125,0.125,0.125,0.125,0.125,0.125,0.125,0.125
199,199.0,0.125,0.125,0.125,0.125,0.125,0.125,0.125,0.125
200,200.0,0.1246111111111111,0.1246111111111111,0.1246111111111111,0.1246111111111111,0.1246111111111111,0.1256111111111111,0.1246111111111111,0.1267222222222222
201,201.0,0.1236074242424242,0.1236074242424242,0.1247185353535353,0.1246074242424242,0.1246074242424242,0.1255065151515151,0.1256276262626262,0.1277176262626262
202,202.0,0.1220894964646464,0.1220894964646464,0.1251894964646464,0.1270087893939394,0.1239885873737373,0.1247939297979798,0.1268672742424242,0.1279729297979798
203,203.0,0.1196267089242424,0.1204600422575757,0.1246857089242424,0.1299322533686868,0.1223311422575757,0.1231122394393939,0.1317880220555555,0.1280638827727273
204,204.0,0.1183829501426534,0.1183105142452175,0.1235059752941686,0.1318524128256371,0.1220468023361266,0.1209532794829564,0.1375330611760644,0.1274150044971756
205,205.0,0.1176996761327352,0.1165014169752261,0.1219083477483529,0.1340222636438674,0.1212097806978135,0.1183372877889382,0.1430931425626386,0.1272280844504278
206,206.0,0.117336229265978,0.1143819498612161,0.1199304620836979,0.1354714119053412,0.1200229931199832,0.1170728240847342,0.1490878877815324,0.1266962418975168
207,207.0,0.1165523149097868,0.1120703951747802,0.117763164926776,0.1364758679515509,0.1195084255975074,0.116218582339607,0.1554871014455433,0.1259241476544482
208,208.0,0.116288007934356,0.1103181598041078,0.1154178954067081,0.1372291390276434,0.118869902565976,0.1152273558353734,0.161659409009084,0.1249901304167511
209,209.0,0.1168169135817867,0.1078503206848159,0.1130993025559085,0.1379081307666894,0.1180699069378122,0.1134862418264728,0.1678684628217508,0.1249007208247634
210,210.0,0.1173997149653766,0.1052166490798743,0.110922462773899,0.1385503470152513,0.1179517429973825,0.1118745060337091,0.1735482029172686,0.1245363742172384
211,211.0,0.1178407173734909,0.1026119440388645,0.1087836129424703,0.1390416869507415,0.1177749615028996,0.1102472070783636,0.1795829985605147,0.1241168715526548
212,212.0,0.11815126016704,0.1000603449478916,0.1067009230602347,0.1403019962095592,0.1175479445186936,0.1076153881387187,0.1859696389991418,0.1236525039587203
213,213.0,0.1176120527133945,0.0975936671099823,0.1047085668793923,0.1419204969733695,0.1172864996954674,0.1050611916232595,0.1926461605525277,0.1231713644526065
214,214.0,0.1176194261640977,0.0952289021716735,0.101984509755011,0.1440423033252709,0.1169975012588195,0.102602805751454,0.1988442014563486,0.1226803501173246
215,215.0,0.116918548141166,0.092302453754964,0.0992574931721958,0.1468322035774146,0.116538781583116,0.1001399280862506,0.2047817439152006,0.1232288477696922
216,216.0,0.1166722010602367,0.0892999545436086,0.0964552830943661,0.1503312869246006,0.1149228836183933,0.0975682993573998,0.2114108930689431,0.1233391983324516
217,217.0,0.1148217218588708,0.0867687877043877,0.0929566327136202,0.153767434272813,0.1133937163618581,0.0952184866423139,0.2195467209485597,0.1235264994975765
218,218.0,0.1129411875901298,0.0843530586799684,0.089560671004117,0.1569497183616755,0.1118162927583789,0.0929655369443429,0.2282453085685041,0.1231682260928832
219,219.0,0.1107649814906068,0.0818469044980729,0.0860942572564305,0.1607552556750604,0.1099936380070293,0.0905565108675681,0.2375162247093717,0.1224722274958602
220,220.0,0.1085244950268925,0.0794627179032839,0.0827579089793915,0.1652663914338352,0.1081630948049523,0.0882393070612935,0.2460703347833985,0.1215157500069523
221,221.0,0.1057506131933037,0.0784454716832574,0.0794676075716257,0.1688840637430196,0.1062196190463115,0.0859235397994517,0.2542024974333166,0.1211065875297136
222,222.0,0.1025548487551699,0.0776905945098273,0.0764956504451712,0.1721182209104155,0.1044209417818066,0.0832713202243214,0.2626449394852659,0.1208034838880219
223,223.0,0.099501630569487,0.076988574651081,0.0736821412015767,0.1756119819670244,0.1023781153302681,0.0807154293597755,0.2702824122166882,0.1208397147040989
224,224.0,0.0965359434380208,0.0763587600794699,0.0717422422152889,0.1776100662769449,0.1003343192708745,0.0790920828821959,0.277340692491945,0.1209858933452598
225,225.0,0.0935781153545404,0.075790128830349,0.0697901674798918,0.1792687881765546,0.098312809456178,0.0775773796092338,0.284158385527553,0.1215242255656992
226,226.0,0.0907125992139004,0.07526581249384,0.0680086051898166,0.1811336074373615,0.0959740053654468,0.0761888126295252,0.2907222130374346,0.1219943446326746
227,227.0,0.0878613118053169,0.0748484292896304,0.0663012230545569,0.1839646278010974,0.0936505172892853,0.0756282272373365,0.2951041137553103,0.122641549767466
228,228.0,0.0850936343079411,0.0744540527723888,0.0647203785672859,0.1874387446462885,0.092083125399555,0.0742426362255228,0.2988450392928062,0.1231223887882112
229,229.0,0.082405395927076,0.0740370299362311,0.063680930298809,0.1911431064658863,0.0904979312274838,0.0728567383410007,0.3019518329641241,0.1234270348393888
230,230.0,0.0797508629037875,0.0735389069601026,0.0626654438147913,0.1946528462703273,0.0888490851881254,0.0714209368602059,0.305615339000117,0.1235065790025427
231,231.0,0.0772633669592671,0.0730812491278843,0.0617876678451548,0.1982173185040072,0.0871838485555983,0.0701008304145836,0.3089599755018886,0.1234057430916157
232,232.0,0.0748804264891869,0.0726770832771803,0.0609799447488531,0.2017362679541607,0.0862806722245785,0.0688300515859766,0.3121033904827095,0.1225121632373542
233,233.0,0.0728456365077222,0.0723902290612578,0.0604881182058138,0.2054226789850349,0.0855708901674188,0.0677663230266997,0.3146252290701527,0.1208908949758998
234,234.0,0.0708408064238913,0.0720523809551651,0.0599642282822362,0.2084045957801446,0.0848615887652441,0.0667140593805583,0.3175382130424136,0.1196241273703466
235,235.0,0.0688527369944408,0.0712985205348957,0.0595027053808068,0.2118464372365508,0.0842029833391597,0.0658420689144444,0.3197937277673879,0.1186608198323134
236,236.0,0.0670706459245643,0.0705715305019971,0.0591682350516167,0.214343366795766,0.0837046189260305,0.064477737101822,0.3229986072442119,0.1176652584539913
237,237.0,0.0654599110210369,0.0698870055929524,0.0582528807974165,0.2165643916794196,0.0832861098007261,0.0632220854849916,0.3257433131013274,0.1175843025221291
238,238.0,0.0639066281700475,0.0691763353649215,0.0573461946386245,0.2183344307495318,0.0834914939652197,0.0619920129989959,0.3279529893321594,0.1177999147804995
239,239.0,0.0621764401869319,0.0685275076505864,0.0565259343521437,0.2207040548604663,0.0836830444597925,0.0608822858108709,0.3304142381392136,0.1170864945399943
240,240.0,0.0606284576418327,0.0678937554794757,0.0558039455278439,0.2215291025947981,0.0838301977567862,0.0598858602140094,0.3340440647291763,0.1163846160560774
241,241.0,0.0591641141986851,0.0671898605121884,0.0550919068517166,0.2229265119890806,0.0844952434840982,0.0589105685342061,0.3366089533825368,0.1156128410474879
242,242.0,0.057720925195066,0.0664791673469112,0.0550007015194766,0.2240157972147503,0.0851069418070517,0.058012915182852,0.3388287919449493,0.1148347597889428
243,243.0,0.056365143545043,0.0657108489034825,0.0548766345826594,0.2248228223468633,0.0855461811289639,0.0571353093178963,0.3415465029870525,0.1139965571880389
244,244.0,0.0551359819391026,0.0649652182437236,0.0547904446518812,0.2253327733900163,0.0859728968645751,0.0563197710246914,0.3443266382911179,0.1131562755948917
245,245.0,0.0540289161213983,0.0642433090283675,0.0544462198235517,0.2255182410076871,0.0870049203476618,0.055574606954595,0.3466381421323063,0.112545644584432
246,246.0,0.0529577083079186,0.0635893563458665,0.054055842466824,0.22600371337613,0.0880428167531602,0.0549343760021906,0.3484524644758399,0.1119637222720699
247,247.0,0.0520600440889877,0.0629339027804569,0.0536739636617479,0.2260954010058896,0.0890168152522972,0.0543257693157008,0.3502092280493918,0.111684875845528
248,248.0,0.0511770448253593,0.0629085972201966,0.0532586974453701,0.2264178081216549,0.0898199537019009,0.0537061406020203,0.3516351785169833,0.1110765795665145
249,249.0,0.0503936733391418,0.0629014316392507,0.0528671954801122,0.2266269817695407,0.0905106771696536,0.0531418056123925,0.3530892020971154,0.1104690328927928
250,250.0,0.0497442558877582,0.0629471190157992,0.052418519790379,0.2269148575524426,0.0905521436604175,0.052443122060686,0.3550784133954757,0.1099015686370415
251,251.0,0.0496882464534587,0.0631275914111815,0.0514073666750876,0.2281991629489118,0.0904774177250685,0.0517313404963135,0.3563212322008735,0.1090476420891046
252,252.0,0.0496322691143217,0.0632541767805467,0.0503749601177111,0.2297383925963058,0.0905201831955623,0.051127922263559,0.3571963890196874,0.1081557069123057
253,253.0,0.0496384546558455,0.0628479022430602,0.0493701636856296,0.2313093071727726,0.0904426772153251,0.0505691014325157,0.3585551787157541,0.1072672148790971
254,254.0,0.0496682613686531,0.0624031045552991,0.0483682558667794,0.2333345996455875,0.0901722149673224,0.0500239980074682,0.3601980128468998,0.1058315527419903
255,255.0,0.04971262072746,0.0619181743931385,0.0473728066362376,0.2354159142952096,0.0897221492507126,0.0494830404035748,0.3619920314478365,0.1043832628458302
256,256.0,0.0497800255485485,0.0615216716557079,0.0463999868901842,0.23744017210234,0.0891201860695583,0.0489575014431724,0.3638235583557811,0.1029568979347074
257,257.0,0.0498604940161721,0.0611010465102803,0.0454502586563237,0.2392067861990719,0.0883787175253082,0.0484435180905047,0.3662031124646686,0.1013560665376702
258,258.0,0.0499604378774342,0.0604624506026469,0.0445431036012731,0.240870978933243,0.0875656851580365,0.0480643324844898,0.3687341817334511,0.0997988296094252
259,259.0,0.0495923839185905,0.0598999595417495,0.0437546000593562,0.2423734636936071,0.0867674706675593,0.0477910579750771,0.3708278683218174,0.0989931958222426
260,260.0,0.0491923014940157,0.0592970767862992,0.0429664854052301,0.2438744384455124,0.0858388284905017,0.0475015536882518,0.3731666823373205,0.0981626333528684
261,261.0,0.0484187493315793,0.0589818920570229,0.0423644950924601,0.246156996003052,0.0849780248483209,0.0473782308404267,0.3758817479243209,0.0958398639028169
262,262.0,0.0478254282574777,0.0585874057293819,0.0417628538271811,0.247946317577154,0.0840117083485668,0.0472325217533227,0.3782096928089357,0.0944240716979798
263,263.0,0.0474640298138843,0.0581858610220741,0.0412192053797479,0.2494138895872722,0.0830394071051719,0.047607505439308,0.37946047474069,0.0936096269118514
264,264.0,0.0470587762597645,0.0577313335500643,0.0406652029490278,0.2509686856160378,0.082274586862817,0.0479334172260642,0.3806451330301697,0.0927228645060544
265,265.0,0.0466480519058159,0.0572634652600033,0.0401380643648706,0.2524605721543896,0.0814510744058374,0.0483483785140506,0.3818146377044829,0.0918757556905492
266,266.0,0.0462130666080927,0.0567319952082478,0.0396176076334391,0.2536107726916315,0.0805823984170404,0.0486864816562118,0.3827857093902476,0.0917719683950888
267,267.0,0.0457716367203172,0.0561596596728328,0.0396463847639044,0.2545097411671317,0.0797236252955095,0.0489632827046128,0.3836619694280452,0.0915637002476461
268,268.0,0.0453150443633338,0.0555686553380714,0.0396823657540145,0.2553250504468063,0.0788691308104455,0.0491947157259938,0.3847289712965153,0.0913160662648189
269,269.0,0.0448526955451434,0.0555982859627811,0.039728419414538,0.2561610298713053,0.0780308955773536,0.0493863538931447,0.3850212174722376,0.091221102263496
270,270.0,0.0443952154754642,0.0556068413791479,0.0397891129289418,0.2568689721096723,0.0777226577809417,0.0495529226901557,0.384960080570926,0.09110419706475
271,271.0,0.0439453962799457,0.0556973847650056,0.0397596319717841,0.2573031452253452,0.077419987943113,0.0496945607774873,0.3852127256237708,0.090967167413548
272,272.0,0.0434860826220719,0.0557390053347645,0.0397218468585714,0.2581373833867197,0.0770791688677513,0.0497848204467879,0.3856982684478894,0.0903534240354436
273,273.0,0.0430401979372337,0.0557726983106276,0.0398644840986024,0.2585571242716438,0.0768439449734683,0.0498453040025022,0.3863218567251251,0.0897543896807964
274,274.0,0.0426087990742636,0.0557965209842969,0.0400112790252525,0.2585842359839499,0.0766127123174542,0.0498763073283637,0.3873381904731116,0.0891719548133074
275,275.0,0.0421874482737091,0.0558035823627172,0.0401534700887136,0.2583166113317303,0.0763796508979208,0.0498731436802159,0.3883748131536871,0.0889112802113055
276,276.0,0.0418081992290287,0.0558456441670309,0.0404806466212794,0.2579299398643587,0.0762162753488189,0.0499651686296899,0.3890129686336844,0.0887411575061085
277,277.0,0.0414610283653843,0.0558842480285458,0.0408121049625187,0.257598152533539,0.076081387930521,0.0500368641099405,0.3895164589740911,0.0886097550954589
278,278.0,0.0411994685457707,0.0554507470685182,0.041259366396935,0.2569260418698268,0.0760317268609378,0.0496210150503567,0.3901106482556961,0.0894009859519581
279,279.0,0.0409626343203454,0.0550232006505405,0.0416968983996619,0.2561630087524625,0.0760083386188704,0.0491982361639661,0.3907408103109369,0.0902068727832158
280,280.0,0.0406539594248875,0.0546044082393625,0.0421202199583652,0.2553220986313624,0.0760080945751055,0.0487727129934308,0.3915021560254995,0.0910163501519861
281,281.0,0.0403843713253608,0.0537277846021367,0.0425089235517286,0.2544039498748993,0.075565216326286,0.0483563084155171,0.3926337971797173,0.0924196487243536
282,282.0,0.0401415999505963,0.0528649897561946,0.0428810772699548,0.253369842242651,0.0748437375900444,0.0479410257373719,0.3937287876924287,0.094228939760758
283,283.0,0.03990466326419,0.0520021415476304,0.0432140222378904,0.252605213996365,0.0741203413890484,0.0475099859652415,0.3945913526765651,0.0960522789230687
284,284.0,0.0396828793111318,0.0511550111110121,0.0435160147921901,0.2517880331761443,0.0734192906928823,0.0470764159439364,0.3955514743842827,0.0978108805884201
285,285.0,0.0394709780525965,0.0503324750980431,0.0437812875137833,0.2508099915712325,0.0727326470737594,0.0466462468672549,0.3967533482814094,0.0994730255419206
286,286.0,0.0392393960399453,0.0495099026715109,0.0439510527667875,0.2500423423773381,0.0720351766424072,0.0461931706424407,0.3976780934948505,0.1013508653647195
287,287.0,0.0389859912685033,0.0486810476459395,0.0441534443720253,0.2488297236810283,0.0713260418090188,0.0457104915720402,0.3988307620657393,0.1034824975857048
288,288.0,0.0388073627841764,0.0479544998572912,0.044383358095675,0.247883277544765,0.0707060849618071,0.0453034585668457,0.3986977279007196,0.1062642302887197
289,289.0,0.0386051284105504,0.0471439718112403,0.0447184903526042,0.2470995747102133,0.0700813923411324,0.0450027464712587,0.3980239515868888,0.1093247443161115
290,290.0,0.0384218892273419,0.0463862746472372,0.0450252913771239,0.2465314426363473,0.0695040500179794,0.044725295916073,0.3971604877394808,0.112245268438416
291,291.0,0.0382884036845057,0.0457112845826385,0.0448343518593945,0.2455255830649303,0.0690027954014712,0.0444991375867215,0.3963586747930923,0.1157797690272457
292,292.0,0.0380436660138273,0.0450934488818772,0.0446233233225456,0.2446304081410881,0.0685511146190872,0.044297371917642,0.3956164677731331,0.1191441993307994
293,293.0,0.037821882163181,0.0445356182099257,0.0443921791228886,0.2433271800926187,0.0681585742931367,0.0441219650438464,0.3947823355549332,0.1228602655194695
294,294.0,0.0376232101149068,0.0438737595558838,0.0440516900358515,0.242374949687625,0.0679105010983389,0.0439018822837307,0.3938928685455976,0.1263711386780654
295,295.0,0.0374299739888734,0.0432491910803468,0.0436834996377696,0.2414490601379683,0.0676816331180812,0.0436831113285089,0.3932004728493346,0.129623057859117
296,296.0,0.0372159280750997,0.0426364247195379,0.0432661819260564,0.2406684506181189,0.0674441992510651,0.0434396333194347,0.3925120114929075,0.1328171705977796
297,297.0,0.0372658563534644,0.0420748615847646,0.0428398963026616,0.239871398765038,0.0672332531239111,0.0432115719271502,0.3917508428372466,0.1357523191057634
298,298.0,0.0373152498742659,0.0415600645765236,0.0424015249792112,0.2391078943932795,0.0670443626745068,0.042994733695652,0.390918922939639,0.1386572468669216
299,299.0,0.0373739154781234,0.0410973837066807,0.0419611245636299,0.2383713055030771,0.066887683049767,0.0427950433456128,0.3902117384343254,0.1413018059187835
300,300.0,0.0380732919844564,0.0411443914203442,0.0421542514433718,0.2389033993492689,0.0671678256719999,0.0431661130112215,0.3844371431394378,0.1449535839798993
301,301.0,0.0386903679060531,0.0411509105754266,0.0422658018626886,0.2394968521632337,0.0673115730616499,0.0434610315932654,0.3788646244190075,0.148758838418675
302,302.0,0.040334801168998,0.0413993216824009,0.0425863813796985,0.2401079148376357,0.0676997092514713,0.0439627205461922,0.3705179757383062,0.1533911753952971
303,303.0,0.0418155702683393,0.0416051756668317,0.0427140406077535,0.2404756654710424,0.0680202839937227,0.0453893600792473,0.362536204810145,0.1574436991029179
304,304.0,0.0432431893366847,0.0425925580256408,0.0428246007966403,0.2400591873475686,0.0683292987740788,0.0467798141136215,0.3550168907763641,0.161154460829401
305,305.0,0.0445670299568794,0.0434835604360554,0.0428713454173839,0.2395782367798851,0.0685320961010313,0.0480873988168552,0.3478424165636021,0.1650379159283074
306,306.0,0.0458330369497042,0.0443772742852832,0.0429088380924937,0.2391953666049047,0.0687357251727126,0.049356238142052,0.3410015673330794,0.16859195341977
307,307.0,0.0470386154075672,0.0451820643546174,0.0429409396537554,0.2388225975079998,0.0690615815153755,0.0504967292990685,0.3346337837765591,0.171823688485057
308,308.0,0.0481677961692899,0.0459637788442853,0.0429593193500039,0.2383129307551755,0.0693718845903104,0.0515721937129715,0.3288501166215524,0.174801979956411
309,309.0,0.049210641391432,0.0467187225344038,0.0429630478533118,0.2378155115864348,0.0696625734328453,0.052576617477404,0.3236180437020921,0.177434842022076
310,310.0,0.050083761465703,0.0474460723012277,0.0429573608993189,0.2374042173891581,0.0699412834301911,0.0535156551074153,0.3189084036581139,0.179743245748872
311,311.0,0.0511079960234944,0.0481854494939205,0.0430347751622334,0.2369610643660708,0.0702505473605357,0.0552847361487954,0.3149365777604894,0.1802388536844602
312,312.0,0.0520388655382599,0.0490161229419083,0.0430976499366771,0.2367025208766505,0.070443815094526,0.0569641352739947,0.3113070872742849,0.1804298030636985
313,313.0,0.0526798315725298,0.0496345303479491,0.0430279008953213,0.2362952205500548,0.0704454184470838,0.0583022568979662,0.3081828760487952,0.1814319652402996
314,314.0,0.0532760228739012,0.0501205966341059,0.0429038740025843,0.2358648787740559,0.0703408623754237,0.0594542639370847,0.3055104690755482,0.182529032327296
315,315.0,0.0537818843619963,0.0505551372646146,0.042767945158425,0.2354372433617818,0.0703193689989806,0.0605971334221751,0.3031632605295289,0.1833780269024975
316,316.0,0.0541118509231085,0.0509381321824093,0.0426217479776196,0.2350356932944352,0.0703645421980988,0.0616319409488852,0.3013023793951953,0.183993713080248
317,317.0,0.0535333481370006,0.0512740183013363,0.042470796516337,0.2347276530494489,0.0703964291644631,0.0625659804503797,0.2997949293252778,0.1852368450557562
318,318.0,0.0528839466523888,0.0515550500848301,0.0430771234588725,0.2342340687905345,0.0704069671622575,0.0633268368751496,0.2990238698693104,0.1854921371066564
319,319.0,0.0520900515321767,0.0517992821070543,0.0435298517456337,0.2335145789690404,0.070306338333238,0.0639220858613581,0.2985642113109508,0.1862736001405479
320,320.0,0.0511731568397853,0.0519135985191599,0.0438394493272442,0.2329144531760206,0.0701053760169274,0.0643700821998002,0.2981832818619919,0.1875006020590703
321,321.0,0.0501545219323318,0.0519094406394994,0.0446432323277129,0.2322086110472557,0.06981552452923,0.0646025481213666,0.2981867614032562,0.1884793599993471
322,322.0,0.0490644496916211,0.0518086334200397,0.0452917775940351,0.231523946544295,0.0694625516955657,0.0646554729987861,0.2983560207390602,0.1898371473165967
323,323.0,0.0479490379997615,0.0515670785108353,0.045891735457982,0.2309608980529049,0.0690852947973148,0.0646072868333326,0.2987513765743039,0.1911872917735645
324,324.0,0.0467818847630372,0.051321397789095,0.0463366281151298,0.230236961429066,0.0686445592257008,0.0643893288581427,0.2994579199998983,0.1928313198199298
325,325.0,0.0455820682518518,0.0510025316351726,0.0466401987057469,0.2292944129534688,0.0682735799586289,0.0640291392641827,0.3004461963159689,0.1947318729149789
326,326.0,0.0443698605495335,0.0506229674157925,0.0468155238925471,0.2284970030786514,0.0678681006254037,0.0638487064190447,0.3015069854687675,0.1964708525502591
327,327.0,0.0431589605902354,0.0501941112046393,0.0468749649624229,0.2279181473580656,0.0674371564813739,0.0635486057870994,0.3028259056437917,0.1980421479723711
328,328.0,0.0419673495119387,0.0496488464223024,0.0468382187607055,0.2273454608581626,0.0669935964347026,0.0631624220556891,0.3042936633591336,0.1997504425973649
329,329.0,0.0408026854106116,0.0490777596133482,0.0467112767865345,0.2267294783163733,0.0665394726922318,0.0627000236110655,0.3059589621325547,0.2014803414372799
330,330.0,0.0396980020929139,0.0485116789374118,0.0465625362483105,0.2263697059614469,0.0661056308085568,0.062215533797947,0.3074936482228745,0.2030432639305381
331,331.0,0.0385730590621868,0.0479596294773563,0.046360350168842,0.2263244349327994,0.0656989981353577,0.0616327502042894,0.3093773304762133,0.2040734475429547
332,332.0,0.0378493569254802,0.0473825829267445,0.0459890686474258,0.2262452058300035,0.0652719838737817,0.0609665665343311,0.3118131634394022,0.2044820718228305
333,333.0,0.0371878645635742,0.0468182323969247,0.0456030677960708,0.2261366449681781,0.0648620955783698,0.0602923082890925,0.3143682235952648,0.2047315628125246
334,334.0,0.0365907553961549,0.046266467970307,0.0452061523722805,0.2261864606444947,0.0644683225869472,0.0596135190206021,0.3168354380847443,0.2048328839244689
335,335.0,0.0363375461929173,0.0460146947250034,0.0450839799229062,0.2264966325817606,0.0638218786699203,0.0592226472703956,0.3186892171188777,0.2043334035182187
336,336.0,0.0361466398379501,0.0457855965071927,0.0449605206871308,0.2267072487744369,0.0632046540439222,0.0588457346799457,0.3206245688249572,0.2037250366444641
337,337.0,0.0359308088511254,0.0455852884782056,0.0447549189679717,0.2270288972148988,0.0626274329538173,0.0584935759941979,0.3225454852952617,0.2030335922445212
338,338.0,0.0357693578309387,0.045407273985967,0.044551410847951,0.2270905332865936,0.062085056505679,0.0581604615827186,0.3246693256477206,0.2022665803124312
339,339.0,0.0356575406876428,0.0452500909103079,0.0443508642116825,0.227150476836798,0.0615784449703349,0.057846356991599,0.3267287586873849,0.2014374667042497
340,340.0,0.0356521979760217,0.0453306675777964,0.0441869800528705,0.2275656940136,0.0609889147884111,0.057235264229658,0.3281971280933616,0.2008431532682802
341,341.0,0.0356885937011243,0.0454301088436277,0.0440304230683595,0.2279411899505059,0.0604401800239571,0.0566490960848621,0.3295296934008098,0.2002907149267533
342,342.0,0.0357619677001924,0.0455453114734745,0.0438818564765138,0.2282730313668178,0.0599334203956865,0.0560910578682432,0.3308900048102146,0.1996233499088569
343,343.0,0.0358643849720395,0.0456645491211862,0.0437367047543656,0.228732502705526,0.059460502200962,0.0555538398158895,0.3320611171219277,0.198926399308103
344,344.0,0.0371035951014655,0.0457873922203213,0.0435976014526947,0.2292798680152646,0.057912820197249,0.0550408050571411,0.3330683831978829,0.1982095347579806
345,345.0,0.0381309108667384,0.0458003855184728,0.0433538183065483,0.2295339609947735,0.0563014559440191,0.0544426744492214,0.3350671934016509,0.1973696005185753
346,346.0,0.0389858461956258,0.0458338813622583,0.0431276154726582,0.2297915558695497,0.0547683833564633,0.0537034236151445,0.3369543882115127,0.1968349059167871
347,347.0,0.03964345461732,0.0468633985890451,0.0428130412502022,0.2299289456892849,0.0532012327483491,0.0528994409994617,0.3383751674514441,0.1962753186548926
348,348.0,0.0401289462246994,0.0485504649304789,0.0424279798220816,0.2302340958037871,0.0516244148771761,0.0520513875923667,0.3393523954871784,0.1956303152622314
349,349.0,0.0405933561304658,0.0503870737741102,0.0420553936144713,0.230431651645056,0.050129501029656,0.0512481873253919,0.3401648863312337,0.1949899501496147
350,350.0,0.0409087753239595,0.0519108861647263,0.041636537599607,0.2306602610461736,0.048665004898717,0.0512013991171877,0.3407094025530457,0.1943077332965829
351,351.0,0.04109024847017,0.0532144291534373,0.0411801599661624,0.2309038654998788,0.0472390790764945,0.051083203073479,0.3409857488326536,0.1943032659277241
352,352.0,0.0421411570707175,0.0540474341214177,0.0410175356659546,0.2314629807867739,0.045599797783895,0.0506442699731174,0.3413421641216616,0.1937446604764621
353,353.0,0.0429544221058566,0.0546924885571306,0.0408330319103653,0.2320177051781924,0.044026367624341,0.0501638655317969,0.3421028752829928,0.1932092438093241
354,354.0,0.0437310801558373,0.055274092891527,0.0406678822893188,0.2326766032593148,0.0425650892590154,0.0497257242043181,0.3426581500867661,0.1927013778539022
355,355.0,0.0444827850164293,0.055808458890002,0.0398110591944036,0.2334785545466882,0.0413085681419772,0.0495708092293289,0.3428009300781495,0.192738834903021
356,356.0,0.0451648542497388,0.0562592288468988,0.0389557617772291,0.2342700573129335,0.0400656743224902,0.0493549309988248,0.3429084333889117,0.1930210591029728
357,357.0,0.0457011873572023,0.0565472385124561,0.0380978413675148,0.2351464243954849,0.0389029838733412,0.0490719236914592,0.3432825259623173,0.1932498748402238
358,358.0,0.0467635830363818,0.0568236613609977,0.0373253594542654,0.2360604432228412,0.0379030532661979,0.0489496318312184,0.3436642188290078,0.1925100489990894
359,359.0,0.04704363063325,0.0575050643347644,0.036401162685161,0.2367599748769419,0.0369217398007804,0.0487641434817053,0.3448467485769466,0.1917575356104501
360,360.0,0.047232007377601,0.058089456544106,0.0354829188057454,0.2371983878784264,0.0361079877899014,0.0485707395374123,0.3459519350184796,0.1913665670483275
361,361.0,0.047275335756871,0.0584576095163214,0.0345465449110467,0.2375760396305344,0.0353311961684248,0.0488021538621257,0.3467680318362156,0.1912430883184601
362,362.0,0.0472028882006814,0.0586431494948024,0.0336183508773988,0.2378541054750338,0.0354452593331367,0.0489282927063277,0.347079014329303,0.1912289395833158
363,363.0,0.0468988729770124,0.0585979195556658,0.0330428680461606,0.2379916365633112,0.0354821579505944,0.0488931895058504,0.3483682628065806,0.1907250925948241
364,364.0,0.0465628923545209,0.0585065120743637,0.0325260292499705,0.2380146412539588,0.0356028672829606,0.048877513978967,0.3496617833622746,0.1902477604429834
365,365.0,0.046184968720141,0.0583578530802642,0.0320352591997738,0.2380183835461093,0.0357806613757132,0.0487847054475375,0.3509033684240457,0.1899348002064149
366,366.0,0.0450019814571333,0.0581535293275379,0.0315694049776122,0.2378918477514326,0.0360023540245113,0.0487650395964364,0.3520785558257763,0.1905372870395596
367,367.0,0.0438656055062199,0.0579678001695967,0.0312104194526859,0.2374037759973695,0.0363279145190741,0.0488070863098362,0.3532273938613762,0.191190004183841
368,368.0,0.0427001318863995,0.0577178759852486,0.0308555018722965,0.2368396563958198,0.036660840650892,0.0488213716712942,0.3542848015618304,0.1921198199762186
369,369.0,0.0414834046735241,0.0573791078524519,0.0304717744420706,0.2362308351783718,0.0369084826815945,0.0487792165935239,0.3550944547785967,0.1936527237998661
370,370.0,0.0402055435916201,0.057013451816054,0.0301153320467109,0.2355666289727129,0.0371764230131041,0.0487360117108402,0.3558360567334552,0.1953505521155022
371,371.0,0.038953538150942,0.0566219444248398,0.0297837444148358,0.2352427022906136,0.0381689006951712,0.0486847016061976,0.3564760798382267,0.1960683885791729
372,372.0,0.0377468141346498,0.0562201642931966,0.0294968972779446,0.2349606200956597,0.0391697304389771,0.0486355531432582,0.3570280394796536,0.19674218113666
373,373.0,0.0365746111154744,0.0558696378775155,0.029234773792447,0.2354003507900574,0.0394350489727471,0.0485700016441665,0.3574019947991481,0.1975135810084436
374,374.0,0.0354613222802418,0.055516236688079,0.0290135359494253,0.2357299400248148,0.0396943063635302,0.0485059331348343,0.3577703500132292,0.1983083755458448
375,375.0,0.0344060964698023,0.0555572460101067,0.0288358590588464,0.235946623633036,0.0399390013826814,0.0485112956708784,0.3581304284362583,0.1986734493383901
