,Unnamed: 0,Generation,Intertwine_two,Add_vertex,Delete_vertex,Invert_path_vertices,Insert_inside_vertex,Delete_inside_vertex,Replace_inside_vertex,Donate_between_routes,Trim_one_terminal_cb,Grow_one_terminal_cb
0,0.0,0.0,0.09999999999999999,0.09999999999999999,0.09999999999999999,0.09999999999999999,0.09999999999999999,0.09999999999999999,0.09999999999999999,0.09999999999999999,0.09999999999999999,0.09999999999999999
1,1.0,1.0,0.10856230351966108,0.09063310421411053,0.08394605411281031,0.10903917254585008,0.10336383350230131,0.09697622476957131,0.11195358879298471,0.10561128251431377,0.09734949836140455,0.09256493766699186
2,2.0,2.0,0.0977926623639316,0.08792526429115054,0.08280511922362349,0.10684297269802041,0.10371705205255319,0.106289517100041,0.10848851491952452,0.09796919577438905,0.1016992195383499,0.10647048203841578
3,3.0,3.0,0.09995238091357361,0.10048101591428171,0.06356736484326637,0.1086673158346096,0.11287890339456925,0.09490468852526268,0.11491695723087472,0.09816549943000907,0.10170240832873083,0.10476346558482161
4,4.0,4.0,0.10503824314935428,0.10538721558742396,0.07436333703091516,0.11321113876826175,0.09831005793112371,0.1026404730636393,0.11343514141286681,0.099714193584676,0.0957029307883842,0.09219726868335432
5,5.0,5.0,0.1097222862045892,0.08018456166262353,0.06149812879539831,0.11432353674538046,0.1051498993486218,0.10606760701390476,0.10901537385699393,0.10142859730757792,0.10826586804718766,0.104344141017722
6,6.0,6.0,0.10175694981186008,0.08151990824087957,0.07023838223624276,0.09629918305764629,0.11611464279660313,0.11720410241515382,0.10064181914305519,0.1032202988435597,0.11169169179721498,0.10131302165778404
7,7.0,7.0,0.10265025896609745,0.09026792563096012,0.06161131540647126,0.10995368996586549,0.09867610879927716,0.10321898981040593,0.11956836493478398,0.10823959081212298,0.10064506966009674,0.10516868601391845
8,8.0,8.0,0.1049327930983763,0.08939852355119379,0.07885852357912827,0.10142338649556715,0.09265968310603019,0.11703323280966582,0.1259544047842724,0.08814657431834941,0.09791077622854708,0.1036821020288691
9,9.0,9.0,0.10423197863003231,0.09991644631025419,0.07233204415402268,0.1097937061661306,0.09133797278430104,0.11180528322730802,0.10036188490465588,0.10522037392337746,0.10673964437391951,0.09826066552599785
10,10.0,10.0,0.1174234025502762,0.08545222708574157,0.06858675871669462,0.1006747078757569,0.0836583928619303,0.09519617610410572,0.09733370107288257,0.10749477731886237,0.13893137444474155,0.10524848196900775
11,11.0,11.0,0.10648452085296971,0.09041471404740409,0.07968847461414115,0.10935661401253267,0.10615692047903542,0.09457704827255403,0.09591509863597061,0.09362851630520898,0.12049119700430289,0.1032868957758799
12,12.0,12.0,0.11370559179019815,0.07007390435218352,0.05911550008256472,0.10869753423427315,0.10632476609765118,0.1089953034122522,0.10556063661253619,0.08460450892956332,0.12513008701930634,0.11779216746947072
13,13.0,13.0,0.0993871158892882,0.08857602470458996,0.06992531295052203,0.11188263732829862,0.10274694540260028,0.11191239335919578,0.09806313503393459,0.09259590268384132,0.11589551917350568,0.10901501347422309
14,14.0,14.0,0.09507821758124266,0.0934162771475108,0.07337715585215979,0.10692339587323033,0.08805616705952196,0.10676031859302082,0.10570569987426234,0.1193963644592001,0.11193358818359092,0.09935281537625976
15,15.0,15.0,0.09967076004893526,0.09424802392663836,0.06704549107977928,0.11250687822309016,0.08732792440959956,0.11629173490854845,0.10807896412713888,0.09769284950337491,0.12619885657703128,0.09093851719586339
16,16.0,16.0,0.10803644711854694,0.065225310784329,0.06764297013543742,0.1120581195440793,0.11582023158333794,0.10809576491893569,0.11866533748881262,0.09048396141763396,0.10523294282054856,0.10873891418833811
17,17.0,17.0,0.10001372790340127,0.0672285491344692,0.06446589177395848,0.10138025651834129,0.09971388339643462,0.13973542446505438,0.10001487776263214,0.09097655117586133,0.1282799567430903,0.10819088112675661
18,18.0,18.0,0.10927667305545105,0.10609067722213186,0.06121892199879102,0.10458184454820998,0.08415923677665267,0.11280338078683198,0.10528729663898843,0.09617997803569825,0.11588376815256107,0.10451822278468317
19,19.0,19.0,0.11189805800306867,0.09291589950324704,0.06826944472675127,0.10123096580384641,0.09239061970560575,0.11971322193615164,0.09882567374103385,0.0998548417088265,0.12230383857738625,0.09259743629408215
20,20.0,20.0,0.09964563318504675,0.07821581425537702,0.08092827506842429,0.08445321829366073,0.10347918937287244,0.11047885057764635,0.12141539424276795,0.10389918711208113,0.11834684663167098,0.09913759126045199
21,21.0,21.0,0.10396444860311868,0.10150073611073337,0.06402741592329295,0.09871203162020384,0.0978930854422778,0.10786480096305255,0.09819923924683506,0.10646505903713269,0.11025517879705707,0.1111180042562955
22,22.0,22.0,0.10473303337904552,0.09070184144973596,0.054618068635383876,0.09529601717374676,0.10421388098515223,0.11411254568904797,0.11415027354430987,0.0989140013179499,0.11154200438549604,0.11171833344013138
23,23.0,23.0,0.10235511250175773,0.09573142846056143,0.05951803429287963,0.0980105441668893,0.11135925856820708,0.09816602064362041,0.10731098290211816,0.09498444137664697,0.12778813380208032,0.10477604328523851
24,24.0,24.0,0.11021182997142924,0.10051236269947979,0.06702250459607742,0.10141896762454769,0.09360390761412847,0.10638097408272196,0.10050881710019681,0.10149810701193925,0.12484996622006636,0.09399256307941259
25,25.0,25.0,0.10245832620656806,0.09537520179157155,0.06589700246016403,0.1053136352582044,0.08944733057835705,0.11907025254078647,0.10655135774816771,0.10035757815792541,0.11361977997609071,0.10190953528216411
26,26.0,26.0,0.10062022092496717,0.08186317908749817,0.057807055712556954,0.09337447484398329,0.10606427136089643,0.11171786657051819,0.11646807249612919,0.1020442060105834,0.12516971979034,0.10487093320252674
27,27.0,27.0,0.11205307355695107,0.07117247324590657,0.0472717466785972,0.09399643879797105,0.10210229423461056,0.11258859281191506,0.11974344804528514,0.1027198278916579,0.11868213086891802,0.11966997386818698
28,28.0,28.0,0.09827224947114807,0.08380861862099069,0.0576368254766893,0.10595387385290089,0.10048602894273333,0.12427640480272961,0.10069527368199611,0.09873168820261742,0.1174907454085691,0.11264829153962505
29,29.0,29.0,0.10523084526512982,0.09432841357998213,0.06850435548297941,0.08586708653522031,0.08935066290954548,0.11610363200620744,0.11212435946159213,0.09513792998259882,0.10733512906982608,0.12601758570691796
30,30.0,30.0,0.10624815956471453,0.08488729770320672,0.06711091414910372,0.09943281044968447,0.08352259772414858,0.12842926738045965,0.11228367721801351,0.09560834378583093,0.11971726571056218,0.10275966631427522
31,31.0,31.0,0.09502694411914703,0.09920244642251602,0.053928812900353264,0.11090824673168438,0.08819216359894337,0.11360272909414566,0.10321186159814824,0.11133466839680295,0.12012511073310679,0.10446701640515185
32,32.0,32.0,0.1089392246658732,0.09489907165661485,0.05336854039353469,0.10367344838263941,0.10823397750569205,0.12456183470944968,0.09841065910247151,0.09727756187302422,0.11745130763669853,0.0931843740740014
33,33.0,33.0,0.0884657588855703,0.09728819711708256,0.07948550352431841,0.10222716718967333,0.08473794228816099,0.11675908916363395,0.10193363834748241,0.09522750243745244,0.11398415978284697,0.11989104126377828
34,34.0,34.0,0.09636851122229179,0.104558438502892,0.04983476713288604,0.09631640150789948,0.09588553506658817,0.11595061073674551,0.10916543447133217,0.10564499215839791,0.11473754293814722,0.11153776626281922
35,35.0,35.0,0.1003880710578768,0.10093591477506784,0.05967216310765905,0.0889131965681438,0.10063039903061759,0.11716764748300704,0.10459094909392608,0.10036231232143714,0.11690236490003085,0.1104369816622334
36,36.0,36.0,0.09776319683772014,0.08617317935099608,0.05206922940940628,0.10534471151442089,0.09897258254300989,0.10560306666789818,0.09284149509117494,0.10347547870209686,0.1414988423279335,0.11625821755534269
37,37.0,37.0,0.10334009908820618,0.09410333182346588,0.05398536137095472,0.08399373767069088,0.09144035681723686,0.11311501385776605,0.10537987754786585,0.11393168700826858,0.1272571276069023,0.11345340720864217
38,38.0,38.0,0.08946265696579916,0.09623512298097184,0.05628292455977776,0.09876434455932961,0.09595556661058538,0.1389287406126907,0.11479394628041298,0.09189782313391029,0.12760026798863722,0.0900786063078846
39,39.0,39.0,0.09482726950033663,0.08147058016421789,0.05823166946881673,0.1107379880575885,0.08686220341665965,0.12876825182568347,0.11614748842319789,0.08786762379021157,0.12043544185751172,0.11465148349577552
40,40.0,40.0,0.0816100059751712,0.10260745679944519,0.0672840096109588,0.09508481544549337,0.09172475728773055,0.1290694040171171,0.1004478570292812,0.0981536426871872,0.13311284916148022,0.10090520198613469
41,41.0,41.0,0.11017788006806088,0.09370993237065826,0.06559381053367186,0.08292193380713171,0.07718843421193167,0.12619756809693147,0.09823283609588401,0.09910265742309868,0.12293090895706762,0.12394403843556331
42,42.0,42.0,0.09151675857049812,0.12375670774603761,0.04168907702206717,0.11658218736330983,0.0811654517037481,0.12869192505162935,0.09705635014600938,0.087249010305571,0.13245538598857862,0.09983714610255034
43,43.0,43.0,0.10626355829948422,0.1051506900490056,0.05621861153079164,0.0937839885514387,0.08155145941522898,0.1217799600007444,0.11195883393879988,0.1074243095025792,0.12480762094951306,0.09106096776241393
44,44.0,44.0,0.09656012687518246,0.09136787530002982,0.07850767011316273,0.10701319366817139,0.09261494823228023,0.11588956374688728,0.11186114984826671,0.08563036671076849,0.12137152023025984,0.09918358527499056
45,45.0,45.0,0.11149338187989002,0.0934877082502655,0.06612305703016116,0.09197515750206031,0.07675665609187296,0.11363587496000752,0.09865279434000086,0.09935016463482063,0.13149046116856994,0.11703474414235071
46,46.0,46.0,0.07649384492593622,0.09057645965654779,0.058986849599997324,0.11479484424699156,0.08465106076684444,0.13191716524597225,0.11169856377067847,0.10147814856203644,0.10931514047957014,0.12008792274542499
47,47.0,47.0,0.09145483797658448,0.10802028203722211,0.043568474255365065,0.10995423443891594,0.1031820117778381,0.11519549223160601,0.09705445746196914,0.09935040987716662,0.1243010206480869,0.10791877929524515
48,48.0,48.0,0.09312365473919823,0.0960326329737603,0.054686656791599265,0.09726891607778203,0.08815093210172806,0.1222403543334126,0.10742365984271307,0.11796204008759348,0.1187054825023283,0.10440567054988426
49,49.0,49.0,0.09918646250778078,0.08384226454146801,0.05966877477590059,0.10648037090662284,0.07596872096094778,0.13024951581802968,0.10826644678806971,0.09544663983413319,0.1239525264595327,0.11693827740751425
50,50.0,50.0,0.09961109576520535,0.09220754961167468,0.06920734437398215,0.0886684925100383,0.07500117657061345,0.13556723315896352,0.10929960016791256,0.09594409028829626,0.11244098841084157,0.12205242914247176
51,51.0,51.0,0.08348063697577775,0.08077083375905608,0.06192117418325342,0.09678364105654216,0.09194125168914881,0.12837198934682065,0.10762479791102844,0.09797473895374878,0.14287637580702944,0.10825456031759399
52,52.0,52.0,0.09484996204047506,0.10927089544879431,0.06845384510319912,0.09786605396497672,0.08224644746926739,0.12816501297921595,0.10594461158281668,0.08617993944694095,0.12289276231529436,0.104130469649019
53,53.0,53.0,0.09491316942982787,0.09130562739539287,0.07309995216979634,0.11618813403036751,0.08426625008575861,0.11972303855383018,0.10173907634208038,0.07730931792210793,0.12219453531327269,0.11926089875756525
54,54.0,54.0,0.09162875614945522,0.08874751271872963,0.04803409485842336,0.09231559293223163,0.0939499179289049,0.13190794993544103,0.11767081499462655,0.1213849531910262,0.11940939352049129,0.09495101377066974
55,55.0,55.0,0.09828372423276857,0.09939053810800809,0.054232429783149384,0.0918962409175559,0.08451531494732538,0.11573997729262642,0.11056995682071832,0.1129887671403835,0.12468421220341426,0.1076988385540498
56,56.0,56.0,0.0968519201952342,0.09470340535262903,0.06211736764920599,0.11417231687064419,0.097056664892402,0.11427827213240424,0.09602800545346948,0.10361918221721722,0.12678615977995694,0.09438670545683622
57,57.0,57.0,0.10267339320881745,0.10385928657226531,0.05291426298633719,0.10789545811957395,0.11144878941833311,0.11194632700870329,0.10169911630527466,0.0930166018186319,0.13121476232933046,0.08333200223273216
58,58.0,58.0,0.0909514531222945,0.09415800669331253,0.09045185112861077,0.10739213726593329,0.09832608959392815,0.12502675818970035,0.09542697564276306,0.08584676049279408,0.11723130997571167,0.09518865789495108
59,59.0,59.0,0.11787149358190416,0.07962313843094439,0.07140612301893254,0.0950061558941605,0.08689715936246757,0.12538907344333847,0.0942663045698094,0.09433065151350885,0.11520422426501897,0.12000567591991476
60,60.0,60.0,0.11215513153280912,0.10453451682257138,0.06738762761116675,0.10387189623668883,0.09419486393401429,0.10836039774988149,0.09371503514096043,0.08044236148856836,0.1197677547032961,0.1155704147800429
61,61.0,61.0,0.10762717177903373,0.1032137729057081,0.06628053236392484,0.10652935377866539,0.0816605476389483,0.12034688549206726,0.10857440281305161,0.08887252463336756,0.12200486408920619,0.09488994450602653
62,62.0,62.0,0.08658896382333514,0.09180289627846236,0.05982913499250529,0.09316327390951892,0.09615493682043234,0.13916013129987442,0.09947551884906927,0.08793013064087672,0.13912152022558644,0.10677349316033868
63,63.0,63.0,0.0995478482936431,0.08354069007645178,0.07168878689853886,0.09266700756010349,0.06858428753235593,0.15651055054843058,0.1122350115624079,0.10188791213331047,0.11335217295422537,0.09998573244053213
64,64.0,64.0,0.09260438120186215,0.0742018660557803,0.06864184134541765,0.10762350876655799,0.07680281762091262,0.13608249310674497,0.10844412935768107,0.10084344372471896,0.14254415950214375,0.09221135931818004
65,65.0,65.0,0.09819091132494649,0.102221266371411,0.05657579278273796,0.09787244954727718,0.08478277559001814,0.12035099080996328,0.10464113529154095,0.08671356522621035,0.13878602763525605,0.10986508542063818
66,66.0,66.0,0.11691515827608598,0.08889574516398102,0.06760341797405459,0.09469050592143374,0.06887579974812891,0.12889934896406724,0.10922894362612405,0.0977669793088873,0.12029976702674627,0.10682433399049043
67,67.0,67.0,0.1116416295644879,0.09435155126612285,0.04349413392802424,0.08490996776976445,0.08527741774726029,0.11850698235458024,0.11442970582994647,0.07702747131283219,0.14657544821707466,0.12378569200990622
68,68.0,68.0,0.10010906679523875,0.09545587681085307,0.07166817335473004,0.10355249119297838,0.07132055249904302,0.1289172191486985,0.10065114295644055,0.09245226187730965,0.12230793884536802,0.11356527651933952
69,69.0,69.0,0.09990531170586511,0.10120728305549465,0.05699137205757333,0.09658878032455917,0.08582223425485218,0.13395625951382267,0.08067205101778571,0.10442241211787824,0.12007346868253133,0.12036082726963708
70,70.0,70.0,0.11070239523598291,0.08646163151252459,0.060659678468640656,0.08244518078102625,0.08202816398961837,0.12146878200424072,0.11786659605160243,0.09051702186204492,0.13746483761714484,0.11038571247717381
71,71.0,71.0,0.10283316668371052,0.10162601731182097,0.05956049900801132,0.09946133406198995,0.08958426428219501,0.12153877169844556,0.09603464822729102,0.09015828350935763,0.1362137068008346,0.10298930841634295
72,72.0,72.0,0.08863982037850371,0.10790228733681746,0.05317050506315045,0.08123181926763197,0.08121547526779697,0.12089356833948373,0.10015250046967081,0.1088791920054559,0.1515969595339928,0.10631787233749583
73,73.0,73.0,0.1003924691515337,0.08387825558634751,0.07893601438288808,0.08321581743568428,0.06746862098184969,0.15015946651282008,0.10944449885730871,0.0966824945585696,0.13135775628973032,0.09846460624326753
74,74.0,74.0,0.09450935106846833,0.10276195412944142,0.0847317625424456,0.09049318401214264,0.07010994912551469,0.12121817618398185,0.09365116365346318,0.1035522531217751,0.13839751398387184,0.10057469217889495
75,75.0,75.0,0.0867841131661496,0.08794185688918463,0.07732483005291244,0.08899379297842973,0.10390476595387385,0.12369948557843077,0.12506407606969328,0.0868229699893486,0.11757782292800519,0.1018862863939715
76,76.0,76.0,0.10169645122775364,0.09736986553791013,0.06608612013896617,0.10412028744820279,0.08302108064447154,0.1318972731683771,0.10814298675507265,0.0795308802949805,0.13221457901655928,0.09592047576770582
77,77.0,77.0,0.11205127088574385,0.08912655957195724,0.04548808151070903,0.11625778749361185,0.07993973134836313,0.1293520791413164,0.09741795677271495,0.08638864369225781,0.16003210669010237,0.08394578289322294
78,78.0,78.0,0.10844976075413253,0.09208414990636546,0.08066107700760536,0.10830602610910194,0.06598573050599302,0.12592246720405464,0.10646487081120379,0.0898945137019425,0.11944052313437334,0.10279088086522692
79,79.0,79.0,0.10346540160551601,0.0902833851141158,0.05860828644461347,0.12410062881207924,0.081895912629404,0.11578988146235884,0.10238779360034167,0.08727583934708956,0.12262811406981969,0.11356475691466128
80,80.0,80.0,0.10053260583032761,0.08003490424049402,0.057797420127194396,0.10731433322174588,0.0808327976572634,0.12266565139711072,0.12317261155064732,0.08492688722425218,0.1277472183632526,0.11497557038771138
81,81.0,81.0,0.10056197790218686,0.09531972789002052,0.05264366788239585,0.09175670026722216,0.10186598392446881,0.1405808192881107,0.09212956580825984,0.07913350791930374,0.13548755724658257,0.1105204918714485
82,82.0,82.0,0.09827476017495426,0.09293961120831537,0.06896489812434257,0.0932524560216851,0.0786018138583566,0.1278112301739312,0.10421535253085186,0.1065786006348722,0.12888079660705265,0.10048048066563772
83,83.0,83.0,0.09470118957937433,0.08962019342294306,0.06080891066928281,0.09720680469736637,0.07068739145981418,0.12002030717883264,0.10032034527098568,0.1219976191255537,0.14315056332326287,0.10148667527258393
84,84.0,84.0,0.10967468892375576,0.07516823688856625,0.06283522522802383,0.09322499701910222,0.09189346668823288,0.1273938560356896,0.10178458534202439,0.11493401197264055,0.12385560809422054,0.09923532380774354
85,85.0,85.0,0.10426269308035825,0.09736864489167889,0.06198802097172138,0.0832506437024281,0.08302197854327402,0.11360112891588263,0.09836749633272414,0.11247121625282883,0.13941563851850106,0.10625253879060234
86,86.0,86.0,0.08003970656106296,0.09622132242891243,0.05896961316735141,0.09438201380250291,0.09193524648546654,0.12963556217412872,0.11141781401653113,0.09916186903516681,0.12868397662144435,0.10955287570743229
87,87.0,87.0,0.0927261292078039,0.08238956783941313,0.08071485959766979,0.10219092176407903,0.09701088035464914,0.13469376338256742,0.10805300187196261,0.08042919560649216,0.11978929412780123,0.10200238624756115
88,88.0,88.0,0.11282782030541738,0.07622101486183226,0.06763718947624246,0.0810449252708412,0.0879989217137698,0.143264060436311,0.09260567375110659,0.08591550830576429,0.14468945812343129,0.10779542775528325
89,89.0,89.0,0.09299753878274039,0.07088232602956371,0.07505940921838977,0.10206779152132273,0.09136289230372116,0.1133859831237308,0.11434685694592886,0.09906374570240681,0.12959002967471428,0.11124342669748102
90,90.0,90.0,0.0921121813911549,0.09576667191594342,0.053090186269653616,0.10722487689447599,0.07178880413108207,0.1356313426468022,0.10010407327022777,0.09477058288380358,0.13988788894779897,0.10962339164905707
91,91.0,91.0,0.0912154210639039,0.09442713473684428,0.06655248927181943,0.10255916116619679,0.09576172080350474,0.13040043915253538,0.08689553600563966,0.08616441298690153,0.12686923549086385,0.11915444932179002
92,92.0,92.0,0.09345727330289005,0.0821887938694748,0.06053872403617812,0.09212546077820433,0.07627137893949046,0.13144609551361497,0.09737924722656535,0.10248433444616774,0.15142656235104104,0.11268212953637277
93,93.0,93.0,0.11734966314055018,0.09938175723517437,0.05832764622090721,0.08574652281088248,0.1054029511174162,0.1318943716335892,0.08261701637433944,0.08702733928854314,0.13616328562605057,0.09608944655254681
94,94.0,94.0,0.11965822329191234,0.08678236518191791,0.06461488383554452,0.09437916470568539,0.07744927236306795,0.1300974268556822,0.09291989006652983,0.08270728539955528,0.13894349221678842,0.11244799608331571
95,95.0,95.0,0.08913529832215508,0.1060079212115878,0.06460481560893669,0.10593833133514201,0.07809297801954182,0.13172110778156995,0.09576136744602556,0.10550245178516411,0.13443627414919918,0.08879945434067729
96,96.0,96.0,0.08456909405846266,0.08173585646618897,0.0504462370894733,0.10825324047539826,0.06533677204055631,0.13760035653211167,0.11167819300622825,0.10687738322436924,0.14969231100524336,0.10381055610196746
97,97.0,97.0,0.07355326143991112,0.09065759243344215,0.0787859478707651,0.08904725212096956,0.09252882251488058,0.1258277794552914,0.0879830675346247,0.10929092267172309,0.13941506505240062,0.11291028890599128
98,98.0,98.0,0.09362147354462905,0.08733212239214001,0.0726501883129321,0.0991252041404895,0.08679035391408296,0.14314878634200737,0.09850489617584393,0.0940094542067204,0.1250861942466405,0.09973132672451386
99,99.0,99.0,0.09811714210688252,0.1037373748316048,0.056739588658463035,0.08953813240576843,0.09418403893212739,0.12373982786061821,0.10905516434509384,0.09708829363681422,0.11874557641611458,0.10905486080651257
100,100.0,100.0,0.08078492189461788,0.09653730492350861,0.04943831225083202,0.07763601307973952,0.08215536360110426,0.13403964585579,0.10152774160473765,0.08090873690093722,0.15944043218257636,0.137531527706156
101,101.0,101.0,0.09611916241245597,0.1097406212254621,0.04571656698303186,0.0844121363083555,0.09109389922005365,0.1317614447173179,0.10417665644726122,0.08989631895988207,0.14253723216564024,0.10454596156053922
102,102.0,102.0,0.08926078039849243,0.09758728324278815,0.07209674334191614,0.08543353051329924,0.07789844011382753,0.14099623303901088,0.09098175700480211,0.10517804027146008,0.14664208940808435,0.09392510266631862
103,103.0,103.0,0.09522474326072512,0.07329906396812988,0.0765736236635129,0.08999285791973771,0.09497643946477849,0.13505296048434087,0.12093201754463985,0.09272622791319171,0.13107093631307837,0.09015112946786477
104,104.0,104.0,0.09542404208051566,0.11827656206345705,0.058537492824531544,0.08417769234849257,0.06616307525953277,0.13629062656021643,0.10166938994678291,0.09353637690880337,0.14216540358311694,0.10375933842455029
105,105.0,105.0,0.11349356413803355,0.10322942330455365,0.04773810617035037,0.09775847575623976,0.082599433589754,0.1324362177235981,0.10147862934395464,0.08969455097190282,0.12391858042524542,0.10765301857636729
106,106.0,106.0,0.07510331801621728,0.09519198219879568,0.0855799525873027,0.08180942063383051,0.08755598675270582,0.14223803900656412,0.09504901248844796,0.09542456903902988,0.1291341218748707,0.11291359740223492
107,107.0,107.0,0.0872709559918677,0.09593242373236384,0.07767408354661395,0.0988910365312206,0.08376760046733117,0.10595853928118901,0.11457735259022919,0.09263162767967012,0.13406056903319855,0.10923581114631545
108,108.0,108.0,0.07414970847018829,0.09259689475547558,0.07103806138896245,0.10545293824934414,0.08710930493013497,0.12456974370526544,0.0984015111408398,0.08497839574308592,0.1454915149968894,0.11621192661981357
109,109.0,109.0,0.08404506458554793,0.08461381973920115,0.0719472044010929,0.07875930545208246,0.06498221279302693,0.12621735636252335,0.13096138762706505,0.1081809098040117,0.1361371067563165,0.11415563247913156
110,110.0,110.0,0.09965747054456484,0.10097728340578052,0.05903020631557206,0.09100518434146539,0.06567896758056961,0.13893603498852705,0.09324395711665126,0.09001705396192414,0.15039190553420484,0.11106193621073987
111,111.0,111.0,0.08832550692529806,0.07987989297097327,0.0643797484219451,0.10828213782176452,0.07730230632032482,0.14473520584195212,0.11311302289211064,0.09619621591551938,0.1344468591442731,0.09333910374583856
112,112.0,112.0,0.08677679864739693,0.09609359959920254,0.07422755449785107,0.11159962692981447,0.07991887533121723,0.1339656546510895,0.09371049951510847,0.09989772312659477,0.12907692408382257,0.09473274361790203
113,113.0,113.0,0.11303367414360492,0.11154808859702761,0.054679234405522005,0.09998667194370182,0.06111738542388584,0.122582415671403,0.10099209885602864,0.0912685144116425,0.12660539307500818,0.1181865234721751
114,114.0,114.0,0.09682686701349844,0.08751733530134083,0.08462906847911864,0.0951528693228303,0.09640937225003675,0.12798289362255072,0.10476010887358367,0.08377303671257433,0.12556339703641226,0.09738505138805367
115,115.0,115.0,0.10797883257660887,0.09479723325170716,0.07389868164294593,0.10376481496534704,0.06824259756387616,0.11000637810193781,0.111851415127148,0.08094042094269063,0.13512014758147495,0.11339947824626298
116,116.0,116.0,0.09409958157148954,0.09800431780345627,0.05293538731825256,0.11066694585794941,0.08394287092152289,0.14320580196618818,0.08855818857100406,0.0927771740437952,0.1313996633677998,0.10441006857854171
117,117.0,117.0,0.09501977253149478,0.09822652879418733,0.05545434209560316,0.09441002927905343,0.07975623814157681,0.13790582612443056,0.0913747762726819,0.0947360775353186,0.1369469888302277,0.1161694203954253
118,118.0,118.0,0.10094015466561587,0.09855353086163818,0.0699628065697952,0.08775404938745998,0.08852777342918537,0.1335683643739236,0.0897175161541742,0.07203381089693292,0.13947398857955984,0.11946800508171444
119,119.0,119.0,0.07302099761224877,0.08666496727894195,0.06787801514740885,0.11414377012813934,0.08961352679711133,0.1388430433880173,0.12012226677885755,0.07974345803858,0.12347335806697388,0.1064965967637205
120,120.0,120.0,0.08988392499515531,0.10394339202970601,0.07574743595076182,0.08541332678824247,0.07567692418815523,0.14632966233845868,0.11909139839111522,0.08882575496838134,0.1154951018416424,0.09959307850838109
121,121.0,121.0,0.1020540512050027,0.08098412016373233,0.07977119868749002,0.08350382122783499,0.08893874277343587,0.12947494197145956,0.0962810175359495,0.09107657879193727,0.13028845060798472,0.11762707703517257
122,122.0,122.0,0.10587798261152062,0.08399343332380739,0.07495674535506011,0.08756817646383215,0.07806155303782217,0.12357200445377799,0.10329904054659837,0.09891555248645198,0.1291634929739548,0.11459201874717403
123,123.0,123.0,0.11035454132512497,0.09193913267042801,0.06612016652826466,0.11766001158657768,0.07303892328463887,0.12131971320975606,0.09572458379120283,0.07615121334895968,0.13515959983114256,0.11253211442390423
124,124.0,124.0,0.0718285201545415,0.09604094766961566,0.07215876748697818,0.10074448705111816,0.08032655211000791,0.12893080713678667,0.12679725710125972,0.08387222067712932,0.12582086082100757,0.1134795797915549
125,125.0,125.0,0.07780701383945117,0.10619654658472233,0.0704871800922355,0.09204439908694602,0.08995693719015285,0.14082908765649096,0.09737965525191186,0.1015239922670393,0.13265658062936006,0.09111860740168959
126,126.0,126.0,0.1001908432056547,0.09570359054852542,0.05131148922806955,0.09490723780356444,0.10116979565014603,0.12937866082938926,0.09991978393492643,0.09168257709117508,0.15761486592454363,0.07812115578400507
127,127.0,127.0,0.10265789826418385,0.08033969953829505,0.05421490100681905,0.10080660466816752,0.0771512724546865,0.14592978838843598,0.11909825123280249,0.10894861779260874,0.1322169213212157,0.07863604533278469
128,128.0,128.0,0.09203693405389152,0.10279212617295024,0.05831517718247261,0.09138962868783575,0.093142283095598,0.11811026962014788,0.1196507345252205,0.08281410771832617,0.1388722444294897,0.10287649451406722
129,129.0,129.0,0.09191723939236393,0.09113182056261719,0.070282957154129,0.09282474151723845,0.10666353001111877,0.12911006206231213,0.0911743207493321,0.10055619758196699,0.137755443913425,0.08858368705549596
130,130.0,130.0,0.09520668218467036,0.1008106130917972,0.05078953580581793,0.0915080678385649,0.10435835471514887,0.13463354882968429,0.08709421095597361,0.10084930971653905,0.13825536709065078,0.09649430977115267
131,131.0,131.0,0.10430762527894848,0.09753984828317515,0.06324345583735239,0.09711657043828507,0.08189043738254512,0.13805415623367728,0.08132625812240307,0.11382267821691286,0.12170329992890325,0.10099567027779685
132,132.0,132.0,0.09540734793787169,0.10615798754498162,0.06149593155961528,0.09705326338459964,0.07201746762810893,0.13724720965457365,0.09535251500099232,0.08377390097445223,0.14849188840192498,0.10300248791287929
133,133.0,133.0,0.10009355763666708,0.09822236535483021,0.04735286554209023,0.0935855845515239,0.06135842073453791,0.14212194523410204,0.1036242091955996,0.08679330364539312,0.14650169589150946,0.12034605221374597
134,134.0,134.0,0.10558090746537067,0.09946365373135162,0.048993561499107975,0.09950133562726377,0.061787112857915695,0.1375948788938344,0.10770669444231293,0.09301096136502321,0.13886898638035858,0.10749190773746076
135,135.0,135.0,0.08167299486147506,0.08569255095103424,0.06507531345534377,0.09610401299862614,0.0912426458963035,0.12120823889830301,0.14495211437986155,0.08822638478548042,0.13244963634273468,0.09337610743083728
136,136.0,136.0,0.10865400073513173,0.08133332764397225,0.04188374639048716,0.10445462666554717,0.07740135163710808,0.13115386484928823,0.10523660931536467,0.1060670367356652,0.13622990810380747,0.1075855279236276
137,137.0,137.0,0.09539215644274146,0.09199934766912765,0.05271800254693254,0.11145950444170846,0.07612917783614985,0.13729562006541904,0.09983882073244543,0.0962521543221825,0.1281902262923313,0.1107249896509613
138,138.0,138.0,0.10198166182337565,0.08532947501444849,0.07165135571968581,0.09513481864045335,0.08485084399292783,0.11380925917635339,0.0978566045096421,0.10521420580736976,0.13633971358432406,0.10783206173141906
139,139.0,139.0,0.09933035719535974,0.08236886585844835,0.04142775196116623,0.12468108709722794,0.11970513950839615,0.1313903015325118,0.10985560142310899,0.08485702490431693,0.10407862060228626,0.10230524991717715
140,140.0,140.0,0.0950067703220168,0.09099864711491298,0.05374534800525681,0.08034406211609092,0.08941123107039448,0.1317732253149722,0.12517404383342523,0.09539362445313437,0.1484924110703543,0.08966063669944144
141,141.0,141.0,0.07729840317676281,0.07654302620911034,0.07875397729040261,0.09836678855200863,0.061331855585717444,0.13029783237265763,0.12631402601802366,0.0914292811461689,0.14728833314413878,0.11237647650500877
142,142.0,142.0,0.1122093988620491,0.10521141888810501,0.05379973292811692,0.09814578764133142,0.07222176964310906,0.13741084117738783,0.09866656266128507,0.0878848885615662,0.14640829650622614,0.08804130313082294
143,143.0,143.0,0.09116311557958953,0.10058341347250266,0.0827540215082438,0.08580364512136913,0.056853119219704575,0.1482289335275362,0.1146578433196529,0.07581169625887198,0.13622558387780087,0.107918628114728
144,144.0,144.0,0.08727910048561785,0.09496509760590219,0.0586139174003326,0.08563134165612439,0.08903885117635793,0.15056722536642111,0.08535310978229144,0.11691368187854749,0.13528575672948248,0.09635191791892206
145,145.0,145.0,0.08729555867218082,0.12003815827752999,0.07503849309221422,0.08789467808846263,0.0867078125500177,0.14528424807324142,0.08752750470996307,0.10901735618800194,0.11924997418131733,0.08194621616707044
146,146.0,146.0,0.09733280567255856,0.09179250236374405,0.0657991240652845,0.11067239109744169,0.07514681384500395,0.14626965470583983,0.0993556947417932,0.09205800126404054,0.12877879147440352,0.09279422076988983
147,147.0,147.0,0.07804578834196266,0.08470158513428935,0.07329834622709502,0.08293364019333052,0.07056495648804213,0.14624890559810205,0.10146328709249867,0.12132683156918397,0.14153883026832345,0.0998778290871717
148,148.0,148.0,0.11322525641537648,0.10703927415933619,0.061251517309653745,0.07849406413138747,0.07667380233700985,0.1389517752588915,0.10531657105945451,0.0972195474048981,0.13263918447179754,0.08918900745219412
149,149.0,149.0,0.11913291907499501,0.10825728525786334,0.06618533775338188,0.10127843529836737,0.09681523345005015,0.12832800008045608,0.08597616501479798,0.0922426976422199,0.11339727882983505,0.08838664759803272
150,150.0,150.0,0.09487419707186527,0.07816225977754918,0.07987674213378221,0.10183513199003533,0.08262545132172802,0.1126373717612881,0.09839241247384538,0.10596000115200055,0.1462163877807216,0.0994200445371839
151,151.0,151.0,0.08085005881398263,0.09035006526814612,0.06579424650413977,0.11174544713974735,0.08116230852476339,0.127989189803373,0.11789869899246783,0.09691061608860649,0.13483349799752628,0.09246587086724677
152,152.0,152.0,0.08768440182924044,0.10205708264348083,0.062462721019945856,0.08415188504813441,0.0955499030631919,0.12642174489566801,0.07788291126134197,0.07971195666279005,0.1443992433876305,0.13967815018857566
153,153.0,153.0,0.07390117002755467,0.08739096135524868,0.06004256757632461,0.12285676057442721,0.0830175113552693,0.1321836252260796,0.10769149578614656,0.07620695462910558,0.15440583009853076,0.10230312337131246
154,154.0,154.0,0.08881346451447394,0.09487233952934618,0.07819292230434649,0.09201065237154968,0.08141501668078363,0.117583351058217,0.10729484923393642,0.08505216933245882,0.13519932922671948,0.11956590574816786
155,155.0,155.0,0.08487355858350101,0.09392992461833204,0.058263632761607655,0.11554728466115918,0.07341749071799658,0.1281146779821841,0.0966308378033881,0.08929277023544635,0.13669913832577762,0.12323068431060699
156,156.0,156.0,0.09848859855855792,0.09432651938824879,0.06525304554115233,0.10111716588698454,0.08630029534269036,0.14418508992353601,0.09695766107661796,0.08794710344747185,0.12656222564117442,0.09886229519356546
157,157.0,157.0,0.09223604429673739,0.07845144792232006,0.05647901502024364,0.11145268151383589,0.07901326604662473,0.14509140343263202,0.1071945638700373,0.07267733402116228,0.14463822142682897,0.1127660224495773
158,158.0,158.0,0.09705111777331007,0.11236176738327475,0.07371740786383436,0.10772274519911947,0.08384107150226916,0.1230441343686574,0.08902705189232822,0.10066807740779045,0.10581899195709694,0.10674763465231871
159,159.0,159.0,0.07669623884865018,0.0933588798501365,0.05434003346223093,0.10674453294597279,0.07798904466912426,0.16003613187809188,0.10439744016578015,0.08190286276621907,0.1427553325110916,0.10177950290270218
160,160.0,160.0,0.08365316251847046,0.09833023804461564,0.04382875178247229,0.10647969163912796,0.08808732897078697,0.1351829562467054,0.10580770042670853,0.08498827525117174,0.1447451017300412,0.10889679338989944
161,161.0,161.0,0.096088752523628,0.10788333143014348,0.04824668370088338,0.10727114160651925,0.07147384828341345,0.1388539068650662,0.09519186720717573,0.09921709930472063,0.12982993599790066,0.10594343308054881
162,162.0,162.0,0.08892882497249902,0.10736060502451539,0.05010629906218552,0.11360153759820299,0.08936643376581169,0.1302395091442386,0.10961163144227588,0.10205358468744241,0.09861603151691793,0.11011554278591022
163,163.0,163.0,0.09382241493320617,0.08459087870367696,0.05207777350139965,0.09917091183979194,0.09557364351485906,0.14114568587648552,0.1011457477824436,0.08376606670807718,0.1335413538164446,0.11516552332361488
164,164.0,164.0,0.10692769198335408,0.0782557597606946,0.06730081225581808,0.07291016978814892,0.08514791839436395,0.130960150514075,0.11079768034109723,0.10207860387582343,0.14198637601187686,0.10363483707474737
165,165.0,165.0,0.0744704602480543,0.10589303318933092,0.05715147974233305,0.08695828440127278,0.08750871564932114,0.11841826710951393,0.11631227401106162,0.09536328572163087,0.15343247789547013,0.10449172203201089
166,166.0,166.0,0.10703102790471727,0.09500741899166061,0.051235486176058706,0.09879242078917697,0.08101944051886523,0.14919558160570773,0.08480587516765467,0.08720509637190134,0.131282392222506,0.11442526025175107
167,167.0,167.0,0.08762754121875668,0.07785668753893668,0.06715101926325738,0.09135479949840589,0.07929734855434557,0.13482221064949834,0.11339907260807498,0.10416069573820952,0.14000278130922156,0.10432784362129291
168,168.0,168.0,0.10110474453854898,0.08023344759738184,0.06342318282333072,0.09762022351222258,0.06382378119894809,0.12239248396439847,0.11697108367133605,0.10559166735561518,0.13625652615518197,0.11258285918303568
169,169.0,169.0,0.09437852949843353,0.08654956885898846,0.08336126450775196,0.07462600693425234,0.08721004979375567,0.13744122434956896,0.09236616695431427,0.07727364081284285,0.14391128065637088,0.12288226763372072
170,170.0,170.0,0.09312862410903713,0.09471505319868614,0.05223098743477987,0.08494498453302382,0.100523600713012,0.14002590621465355,0.0997291309814676,0.10947389528463695,0.13650392688840818,0.08872389064229425
171,171.0,171.0,0.08356164057083137,0.08654516813494992,0.06178775013355633,0.09924676404729893,0.08577928961986248,0.14452113602768898,0.12314023994052196,0.09910230442555654,0.12055011584987552,0.09576559124985762
172,172.0,172.0,0.08570138027811187,0.1247642133630604,0.05201291337602561,0.11733159568126543,0.07986260063542282,0.13243192072008347,0.10080778215771061,0.08146686502784764,0.14166566730590835,0.08395506145456336
173,173.0,173.0,0.10551705643266644,0.10834809902596627,0.04280831742472935,0.08938087702012633,0.0704878496506555,0.14930221633831006,0.10253177078030636,0.10698736069770838,0.13615895448332643,0.08847749814620451
174,174.0,174.0,0.10482339722944223,0.08044266086635207,0.06309651607108324,0.10110572871966741,0.0757139213328775,0.12871905766926178,0.09966094492059371,0.10831521991266697,0.13875381123334363,0.09936874204471105
175,175.0,175.0,0.10104925561835928,0.11025611675105333,0.05383903609477817,0.09540196438531144,0.0967009535788442,0.1317165503770865,0.08522434343310382,0.08574491178613501,0.1342499291401443,0.10581693883518348
176,176.0,176.0,0.10927069021018405,0.09788760410449024,0.054142070749796475,0.09418916563446796,0.1123225380227281,0.14803385699094979,0.08312938599849443,0.07450264714470294,0.12783772070446764,0.098684320439718
177,177.0,177.0,0.0942161215100892,0.09021545421885832,0.06338435694664757,0.09380112606081459,0.08810502680013758,0.12219959244645176,0.11734658608963713,0.09410849394056611,0.11258561902035806,0.12403762296643923
178,178.0,178.0,0.07921317006967868,0.09921681650228034,0.0654672311485265,0.10465984977228131,0.07721351271165186,0.1396383179701704,0.0900983877505022,0.08770497420753612,0.13401459745140426,0.12277314241596793
179,179.0,179.0,0.07598646648383937,0.08303391090766446,0.0949346358464009,0.1055812190856575,0.08077218324958953,0.13136939479649928,0.08378481930503459,0.09424211985920057,0.13011559983434734,0.12017965063176597
180,180.0,180.0,0.09234023710371872,0.09408342061831024,0.060082181115436374,0.0947201252488257,0.08849024964209376,0.1429711586937653,0.10572428098028389,0.0908357794573126,0.1337058828151242,0.09704668432512874
181,181.0,181.0,0.09067664281167694,0.08469163672743499,0.08013169417136941,0.10094931863179427,0.09978726363742917,0.11066593933643834,0.0980111160175114,0.08136274507012412,0.1463778251675254,0.10734581842869562
182,182.0,182.0,0.08993143024583174,0.07769343126666121,0.06462248030460126,0.0900427853453803,0.095632254424452,0.16339093637484076,0.1005348145900947,0.08165149499372362,0.12721506681043088,0.1092853056439832
183,183.0,183.0,0.10165403500548516,0.06995473325889437,0.054409465415653925,0.10832183915003664,0.06984168295001783,0.1295805962148033,0.10639407198821407,0.09274401865367704,0.1363077285027015,0.1307918288605157
184,184.0,184.0,0.10733960732264577,0.08963078900001534,0.0565816597632511,0.08319203033960768,0.10533335596999485,0.1333593658047408,0.09199407782841133,0.08206627166214606,0.1292514556472753,0.12125138666191138
185,185.0,185.0,0.09956349617073676,0.08899566566771801,0.05566297966269127,0.09195282604740662,0.09599080198762529,0.1300375609837907,0.11300270091554006,0.0973495889694419,0.12135717067089447,0.10608720892415453
186,186.0,186.0,0.10374186109260781,0.09639744057146628,0.055316225230677495,0.1102709534621525,0.0912569258022549,0.1208928463312362,0.10028370795516524,0.1049145225626471,0.12173901954304878,0.0951864974487432
