,Unnamed: 0,Generation,Intertwine_two,Add_vertex,Delete_vertex,Invert_path_vertices,Insert_inside_vertex,Delete_inside_vertex,Replace_inside_vertex,Donate_between_routes,Trim_one_terminal_cb,Grow_one_terminal_cb
0,0.0,0.0,0.09999999999999999,0.09999999999999999,0.09999999999999999,0.09999999999999999,0.09999999999999999,0.09999999999999999,0.09999999999999999,0.09999999999999999,0.09999999999999999,0.09999999999999999
1,1.0,0.10900000000000001,0.10093329108364306,0.09897900835933804,0.09825011989829632,0.10098526980749764,0.10036665785175083,0.09967040849988326,0.10130294117843533,0.10061162979406019,0.09971109532139309,0.0991895782057021
2,2.0,0.31601,0.10077257906770905,0.09770587284899401,0.09641809365998946,0.10173293167684609,0.10076194352985729,0.10027816354552205,0.10223558732782662,0.10044788446192443,0.09986243725874154,0.09978450662258928
3,3.0,0.6191589000000001,0.10081411094129486,0.09771781996641908,0.09270936486311393,0.10263936208313036,0.10206343685958168,0.09974677376466433,0.10378034236933077,0.1002953571416889,0.10001733170418932,0.1002161003065866
4,4.0,1.015801321,0.10135145855082295,0.09824682429889449,0.09015968616449235,0.1039698112796662,0.10188605097533894,0.09999368056333602,0.10513380647349915,0.10029165339182682,0.09957363971730306,0.09939338858481982
5,5.0,1.50262148669,0.10234034355090703,0.0962740667185276,0.08642049102084548,0.10537086862914628,0.10237462789082813,0.10058507800217013,0.10599296076105709,0.10045398579116963,0.10039190356569658,0.09979567406965183
6,6.0,2.0757334209441005,0.10250762583824662,0.09447122450346397,0.08368001711339326,0.10491891155606728,0.10393857417414447,0.10228581052736307,0.10595906827942472,0.10078900121934042,0.1015496630490684,0.09990010373948753
7,7.0,2.7307768275633495,0.10274000405201211,0.09359395508628891,0.08021646756493761,0.10579140359613391,0.10372403311562116,0.10256714145843984,0.10776804713376478,0.10161675727779265,0.1015884046578727,0.10039378605713609
8,8.0,3.4630081252450404,0.1031765004067698,0.09268421210830144,0.07863794226700856,0.10576523894886135,0.10287882435046204,0.1042082820798546,0.11015273526562987,0.10041866441636561,0.10134040941266383,0.10073719074408266
9,9.0,4.2673862119061114,0.1035168286061334,0.09288437881844769,0.07656682736948306,0.10653530420883944,0.10188377401720161,0.1052907631881902,0.1098977192915332,0.10092503990060392,0.10196580417467192,0.10053356042489534
10,10.0,5.138652627782014,0.105149417877824,0.09168842761004611,0.0742859475858227,0.10634904713335527,0.10011481271270115,0.10466923067376319,0.10927002818780011,0.10165117151619461,0.10579557086955388,0.10102634583293875
11,11.0,6.071405875792507,0.10564759989933942,0.09104595821340788,0.07328633548158174,0.10699286298652111,0.10060803610185352,0.10395320808192712,0.10844388267959996,0.10097649992688759,0.10772970118665566,0.10131591544222572
12,12.0,7.060169740244025,0.10682644002196244,0.08842734234525139,0.07039340852593282,0.10753002678680453,0.10112421055772407,0.10465685166515076,0.10853961767944009,0.0993934149227299,0.11006192243172408,0.10304676506327962
13,13.0,8.099455520847952,0.10652434005991454,0.08773726571922051,0.06875797646821086,0.10834365959093684,0.10128299105390173,0.1056252244022174,0.10784623921076701,0.09861988873448413,0.11138814641358141,0.10387426834676527
14,14.0,9.183818168183006,0.10575018802156061,0.0876086095899385,0.06764294527124798,0.10861539474652271,0.09997145520964079,0.10604442407852968,0.10788862403122569,0.10054352148209239,0.11223062862586078,0.10370420894338062
15,15.0,10.307906369102724,0.10540598572940814,0.08763407042707319,0.06606359282255245,0.10940138463280305,0.09859909580331251,0.1073820043639084,0.10814226755335653,0.10029296788912838,0.11441241905183355,0.10266621172662357
16,16.0,11.466506686239443,0.10587542011662734,0.08482085340125911,0.06471174250686455,0.11009495459845714,0.10010049134105375,0.10785532692723437,0.10942855102517947,0.09932057966302912,0.11439730343481275,0.1033947769854821
17,17.0,12.654581904800096,0.10551724941362928,0.08229332648687115,0.06320668166288329,0.10967101291442824,0.0999983099087534,0.11144768756875663,0.10881352804183839,0.09840632305290858,0.11659675716560555,0.1040491237843252
18,18.0,13.867303782456686,0.10606615508103372,0.08375411729916425,0.06154002202689415,0.10952671663782823,0.0983480376925817,0.1122704851472674,0.10869926274167499,0.09802953707101332,0.11745347866004101,0.10431218764250094
19,19.0,15.100080434523047,0.10685441385620364,0.08397471685756921,0.06074186962701893,0.10901231339355569,0.09754404298176318,0.11370731603925469,0.10791614202070561,0.09803942046426728,0.11885083794244063,0.10335892681722085
20,20.0,16.348578617037543,0.10638904071352304,0.08279265976180347,0.06136469125229585,0.10679376224679474,0.09787777047599161,0.1141370857651617,0.10937940073920988,0.09847090427096689,0.11974729210837821,0.10304739266587436
21,21.0,17.608741195130214,0.10633465235163292,0.08401153210608568,0.06043078063869323,0.10599954210783286,0.09767552901670654,0.11422589120514347,0.108495078021306,0.09917010971791282,0.11973092961949358,0.10392595521519264
22,22.0,18.876800103462312,0.10633885926603935,0.0842035197898864,0.05868529271050595,0.10487026743324515,0.09812776682189314,0.1148669796713057,0.10919133261719527,0.09911723834143808,0.11975012843011694,0.10484861491837372
23,23.0,20.14928511992658,0.10608879514240643,0.08494425062298808,0.057563677900135765,0.1040296304228355,0.09931017974649914,0.11384176244648637,0.1091836220985476,0.09867466573824564,0.12130993906089019,0.10505347682096497
24,24.0,21.423028783545156,0.10661207235169748,0.08619687357504716,0.05732421516504982,0.1035537085966732,0.09871930707145377,0.11358380487003047,0.10847773965960826,0.09889081471528569,0.12248473381779662,0.10415673017735724
25,25.0,22.695167792966423,0.1063436690397706,0.08695367303235384,0.0570931313841914,0.10349349830677154,0.09772070996576253,0.11454854258915353,0.10836701030376583,0.09899736883218688,0.12244268279863754,0.104039713747406
26,26.0,23.963141223515898,0.10587944210254431,0.08636780556111467,0.05616420001741784,0.10226359437395226,0.0984009328550203,0.11472678503885378,0.10924086883274782,0.09927553241592113,0.12347160183459382,0.10420923696783373
27,27.0,25.224685898775267,0.10655233091046326,0.08472640798810412,0.05429105944087705,0.101129986034514,0.09869356912778247,0.11494418668304035,0.11042715110038101,0.09962112856533603,0.12376585125436974,0.10584832889513163
28,28.0,26.477829247520948,0.10583485585547489,0.08437722536248105,0.05357154767417676,0.1012341465621471,0.09882940249514899,0.11628507342317847,0.10968315067437101,0.09956433812416862,0.12386069998227867,0.10675955984657409
29,29.0,27.720879968916847,0.10580936182154027,0.08510925442790453,0.05405139286280063,0.09936640957815639,0.09785468218693591,0.11675450752344606,0.11006658009899788,0.09914552440590059,0.1228668026577853,0.10897548443653213
30,30.0,28.95241681848399,0.10588236345539348,0.08491616059062888,0.05448843902537633,0.09890702545358179,0.09630958719823055,0.11840305299593973,0.11044817615043015,0.09877555749554953,0.12305519199393528,0.10881444564093393
31,31.0,30.17127581490958,0.10482960134239783,0.08617360238013753,0.053689795198056695,0.09964638121962567,0.09525808840113438,0.11850435223639783,0.10990278604540848,0.0999835476002336,0.12323214763589099,0.10877969794071664
32,32.0,31.376536153543515,0.10517531692314186,0.08700525095452899,0.052917378679810126,0.09970094022928126,0.09624526162640078,0.119642415882918,0.10886490545684872,0.0997785392500371,0.12309295703498246,0.10757703396205039
33,33.0,32.567505096778625,0.1034767534452085,0.08807158542454893,0.054838411743603835,0.09964514030020827,0.09490400116618035,0.11993559279846991,0.10817856838810225,0.09936401601753293,0.1225645542147968,0.10902137650134795
34,34.0,33.74370209472243,0.10258821160314424,0.08985047670307314,0.053848738779682076,0.09902966406475984,0.09470996544104449,0.12008683914342942,0.1082215953382092,0.09999132894457294,0.12207852604784024,0.10959465393424415
35,35.0,34.90484237192463,0.10212828292503638,0.09123630609896072,0.053901632993161835,0.09770828233331208,0.09502157538108058,0.12030330224445229,0.10781230944689607,0.1000841792273511,0.12178417306267077,0.11001995628707792
36,36.0,36.05082019768737,0.10143445757405205,0.09110427509961343,0.05324664971661331,0.09807423941198512,0.09519233091484768,0.11931030440624754,0.10623679314090945,0.10048184245085828,0.1239300850371821,0.11098902224769078
37,37.0,37.18169203889697,0.10133099237585144,0.09172915148996168,0.052837003760802415,0.09634120811944222,0.09463059083894237,0.11903072869346656,0.10593871373069325,0.10191529654514431,0.1246129219150467,0.11163339253064883
38,38.0,38.29765977559663,0.09987022055235373,0.09252846116036074,0.052709562295556435,0.09613506594052997,0.09454464340974539,0.12130132607909914,0.1066062607729251,0.10112218274719714,0.1252882312002169,0.10989404584201524
39,39.0,39.399054140870355,0.09898791152879399,0.09180845220025062,0.052825473090381166,0.09717319511552283,0.09357206363608395,0.12250508899280364,0.10742428418028713,0.09991311679854195,0.1252026473116417,0.11058776714569281
40,40.0,40.48631852820801,0.09683050063478911,0.09317075307931391,0.053889088783721985,0.09667784204122754,0.09311589862470149,0.12368122246260986,0.10667777414995039,0.09973310440436654,0.1263456904877796,0.10987812533153936
41,41.0,41.55999329152982,0.0975934132928775,0.09360143846479349,0.0548112722082724,0.09499980584456827,0.09123780639350768,0.12450644080896195,0.10572211385810093,0.09965020010602803,0.12642390691259944,0.11145360211029007
42,42.0,42.62070064560415,0.09653976720315263,0.09699481778832168,0.0533585893224613,0.09673481990281838,0.08980473141279914,0.12551548428902834,0.10466947822282678,0.09838474609894131,0.12741181941853308,0.11058574634111713
43,43.0,43.669130257815,0.0970159356089723,0.09845587630937103,0.053387433053099814,0.09621498634866128,0.08846717190421903,0.1257641913236256,0.10513622324959092,0.09915201005433039,0.12758659983566725,0.1088195723124622
44,44.0,44.70602560622662,0.09656662025868494,0.09845949564081419,0.05567061005368851,0.09704574668362095,0.08830056010331215,0.1253591457161486,0.10561475147151742,0.09774587632948195,0.12737250235030118,0.10786469139242993
45,45.0,45.73217116373481,0.09765549701006206,0.09860382013072877,0.056715378646512916,0.09638930183831904,0.08660792414974493,0.12467453997103871,0.10478705530419216,0.09773118067333644,0.12813169888610226,0.10870360338996252
46,46.0,46.748380453854836,0.09527391123960437,0.09839142619347549,0.05703612642087498,0.09803632870867784,0.08577547957845286,0.12577613717892597,0.1052853630870253,0.09794694281514191,0.12663103132224793,0.10984725345557315
47,47.0,47.755485010424316,0.09443878268812059,0.0998665042226457,0.05580246911512884,0.09920217706657636,0.08686813037727327,0.12515681764525835,0.1043335614675407,0.0979636669317488,0.12660585962320395,0.10976203086250327
48,48.0,48.7543242612326,0.0938242092209312,0.10007684732069846,0.055681655844983094,0.09909042932629503,0.08651154694260628,0.12520430302100163,0.10444106920802325,0.09985374908719186,0.12600060288973736,0.1093155871385317
49,49.0,49.745736344347726,0.09387036833250167,0.09900667712224734,0.05606118570974822,0.09989278671044077,0.08498879458891918,0.1260183165207564,0.1046519307753401,0.0994843659117486,0.12590762502146374,0.11011794930683381
50,50.0,50.730549855707864,0.09400753580041035,0.0987284083248542,0.0573926954385065,0.09889959635847531,0.08343136229528765,0.12732501239760183,0.10498116668403684,0.09916128883848983,0.12465324014952908,0.11141969371280827
51,51.0,51.70957651737491,0.09257397624223335,0.09726908623480672,0.05798058366467085,0.09871492885787242,0.08363937888562607,0.12786393651316202,0.10515318311101426,0.09904141235360026,0.1264457099870198,0.11131780414999413
52,52.0,52.68360474770151,0.09232977175367922,0.09864071999798031,0.059202356065399156,0.09863765652015996,0.08294013212297774,0.1283333511087423,0.10516469541047291,0.09774337683252034,0.126224878149788,0.11078306203827991
53,53.0,53.65339410751842,0.09214151035578375,0.09818496533400453,0.06085907682309235,0.10039260339720599,0.08250585345170625,0.12790994342093073,0.1047623021176355,0.0955724483372093,0.1259229856377323,0.11174831112469912
54,54.0,54.61967059027847,0.091671350360381,0.0974501812893739,0.059965948527345964,0.09974275678306546,0.08310097339821707,0.1286654985913904,0.10596308976158089,0.09784354491417019,0.12533548369435946,0.11026117268011551
55,55.0,55.58312271885972,0.09191327723074061,0.09776615150242773,0.0596626480169576,0.09904168799036306,0.08280161049722573,0.12776112549396315,0.10645079007607137,0.09928332731113929,0.1252749529118775,0.11004442896923382
56,56.0,56.544398407394254,0.0920515354803311,0.09759805528469409,0.060123869161875655,0.10056687920151165,0.08380345592534219,0.12668080770824303,0.1054767168898344,0.09977922737438728,0.1254247625582134,0.1084946904155671
57,57.0,57.504102543001395,0.09280611905346989,0.09833341031137677,0.05963859271088832,0.1014479197931297,0.08627686135291071,0.12535130183296644,0.10507267499303799,0.09920367893988025,0.12601606546707048,0.10585337554526934
58,58.0,58.462795239617805,0.09241172300219598,0.0980803606101048,0.06288835942198157,0.10225499962348632,0.08744237553593609,0.1253287399150746,0.10404808763279244,0.09790683044502765,0.12520187981830255,0.10443664399509787
59,59.0,59.42099071417639,0.09473416790321142,0.09635990551355529,0.06418421156806395,0.10179414471005445,0.08745728241809281,0.125341645897082,0.10292368078137579,0.09746745520220947,0.12418669846491626,0.10555080754143846
60,60.0,60.379156734137354,0.09648410536600273,0.09713526609499733,0.0650208480732702,0.10219806943405968,0.08819486783863227,0.12365086798700553,0.10177001391010024,0.09565182044429205,0.12363956354869735,0.10625457730294256
61,61.0,61.337714584760846,0.09776296336880544,0.09777500873388456,0.0656867791986106,0.10284408570788833,0.087665263048565,0.12317491193978403,0.10213710070546997,0.09470867088708904,0.12333213497423731,0.10491308143566562
62,62.0,62.29703950447439,0.09690875685986029,0.09726407708787674,0.06564691500592816,0.10212574504812724,0.0885780105015567,0.12459959581358823,0.10162196344598029,0.09370723542382003,0.12475384216201099,0.1047938586512512
63,63.0,63.257461537171835,0.09733266151847521,0.09592340617817449,0.06673882462298308,0.10133998710801463,0.08671818754363035,0.1277624585797305,0.10241282473780434,0.09414395060829188,0.12360012068450695,0.10402757841838844
64,64.0,64.21926675122782,0.09704198086980223,0.09365909279635809,0.06746634834577596,0.10204172528707961,0.08568486089023955,0.128853710244777,0.10284373354821935,0.09450998704870757,0.12537849053224234,0.10252007043679819
65,65.0,65.18269877636592,0.09729464530162557,0.09422857851688063,0.06692626977001799,0.1017540015611048,0.08546404226640511,0.12833497434226032,0.10290725602907345,0.09348976656199096,0.12677486689821443,0.10282559875242658
66,66.0,66.14796061122655,0.09940343064561374,0.09348849042315321,0.06743945680109469,0.10113804032500487,0.08366779525400134,0.12864310801008275,0.10344054588792512,0.09360914751885588,0.12630309117410876,0.10286689396015948
67,67.0,67.11521665648885,0.100949101860348,0.09332206429642101,0.06549203633619027,0.09954114605331228,0.08354341478769234,0.12788375405971408,0.10449846695865586,0.09168421789832912,0.12844602789997286,0.10463976984936398
68,68.0,68.08459493066005,0.10129387495372533,0.09329300820653205,0.06633678283636522,0.09982188176827486,0.0820531258727882,0.12814759146674276,0.10417205202367584,0.0913476928304478,0.12812921421925091,0.10540477582219678
69,69.0,69.05618942810752,0.1015719471472427,0.09386362703613937,0.06568268846199066,0.09941547891914632,0.08205470829121793,0.12889664544640053,0.10184516029765599,0.0922528809838801,0.12756242213657867,0.10685444127974747
70,70.0,70.03006258152917,0.10288525412000632,0.0929760553886825,0.0653739210021161,0.09760708941463145,0.08171440070091765,0.12837264241780857,0.10325868115482109,0.09179870660772582,0.12871655662109452,0.10729669257219568
71,71.0,71.00624779379335,0.10335847895142612,0.09362853524713938,0.06493896991683132,0.0975295351023284,0.08216687153179209,0.12783900005736062,0.10249373429280635,0.09134125898646142,0.12971764738548824,0.10698596852836575
72,72.0,71.98475200689319,0.1023597935465061,0.09492336894289705,0.06385472983650071,0.09565610273141646,0.0818113903056433,0.12723119931347213,0.10215247648057592,0.09278981722216226,0.1322219149409119,0.10699920667991389
73,73.0,72.96555827861411,0.10249904182770105,0.09381610527797116,0.06534862244844344,0.0940241705797631,0.0801108126231362,0.12954739215156624,0.10275454452822326,0.09303474363743733,0.13264558586229774,0.10621898106346021
74,74.0,73.94862834037681,0.10201498774570829,0.09460855933693099,0.0674085745344921,0.09317508476948014,0.07871800360683345,0.12894395741657966,0.10178397179401216,0.09397863077671675,0.13371798716523348,0.10565024285401271
75,75.0,74.93390511255946,0.10073175891491054,0.09392129221389427,0.0686950700430621,0.09223414942928079,0.0807578766301837,0.12857173928221066,0.10397041949343971,0.09325093711227617,0.13264797450047536,0.10521878238026644
76,76.0,75.92131515639825,0.10092861031586536,0.09418575831478668,0.06881534260947898,0.09286755350557019,0.0807368627134956,0.12900779918323538,0.10445705005722497,0.09180252417361355,0.13299793719532377,0.10420056193140527
77,77.0,76.91077104428919,0.10214893695164262,0.0936312882812258,0.06683649183172334,0.09476389451819787,0.08043265743817522,0.12917462843130298,0.10385937393337441,0.09106201242975862,0.136086822806254,0.10200389337834494
78,78.0,77.90217363294813,0.10298610325002201,0.09338297699736914,0.06835934157822274,0.09589036422086593,0.07875854334525174,0.12898358806793778,0.10416174265415121,0.09069940517388263,0.1350471143393568,0.10173082037293982
79,79.0,78.89541422641172,0.10329575357874292,0.09296643209176314,0.06764764464806684,0.09860780384244727,0.07871513074556913,0.12776778195810068,0.10404919806333464,0.09010314229338955,0.1342740699006441,0.10257304287794151
80,80.0,79.89037661826481,0.10328285577734064,0.0915398631195791,0.06683563719715009,0.09962979819253348,0.07860155572747907,0.12724135444776508,0.10600977568200036,0.08930333745919904,0.13397378077683775,0.10358204162011525
81,81.0,80.88693900474995,0.10324668246379438,0.09166938382077526,0.06549907309614561,0.09907067516245081,0.0806249692572164,0.12851332944705646,0.10484161932324722,0.08796041067558326,0.13441528882960915,0.10415856792412129
82,82.0,81.88497576253909,0.10295855766326341,0.09158444422437374,0.06579973437729875,0.09864390026187042,0.0803320345740413,0.1285018229334113,0.10487173673747872,0.08940801681432312,0.13416269269732017,0.10373705971661891
83,83.0,82.88435908692391,0.10229505030834446,0.09118960847891457,0.06528638242230103,0.09860132327651433,0.0792596489121726,0.127705468844026,0.1045027778422342,0.09242447002646262,0.13530951388897844,0.10342575600005158
84,84.0,83.88496048800103,0.10311930501606584,0.0893733665040039,0.06498222240114701,0.09815087803607597,0.08032938676480908,0.12764925343261302,0.10427531451790553,0.09472864869308777,0.13449056793290948,0.10290105670138228
85,85.0,84.88665214409042,0.10338548850775221,0.08981673823074118,0.06460228798474692,0.09669878317784429,0.08052064281692026,0.12621683287639138,0.10370398133332087,0.09675818355386476,0.13520317001648857,0.10309389150192938
86,86.0,85.88930811312994,0.1012115270440665,0.09017655960513747,0.06393236355941959,0.0963705534206891,0.08160911341530311,0.12640494066201144,0.10444144838556942,0.09741096053378749,0.1348134703870242,0.10362906298699151
87,87.0,86.89280540413424,0.1003118857865934,0.08917767101138196,0.06545432871573614,0.09683615203922519,0.08319956167146758,0.1271123640050345,0.10483845117444586,0.09614270155786428,0.13351197753348618,0.10341490650476473
88,88.0,87.89702491199675,0.10143652019884108,0.08759393494752422,0.06566893565309764,0.0951941388438324,0.08386788242475948,0.128681888712905,0.10368316637932423,0.09539276468994688,0.1346934235308081,0.1037873446189608
89,89.0,88.90185221995306,0.10057957601866206,0.08552097440596848,0.06662398640916918,0.09567712145729715,0.08484707855460744,0.12725247493596448,0.10470675345691481,0.09593787268464365,0.13434674242945238,0.10450741964732026
90,90.0,89.90717827491419,0.09964397014498316,0.08599735802344224,0.06537096402285215,0.096691421047371,0.08383610439169782,0.1280518735709028,0.10430010449406638,0.09603041232818804,0.13501694823799332,0.105060843738503
91,91.0,90.91289994163006,0.09863693093840878,0.08638984270018374,0.06546666639785141,0.09724305366408059,0.08520304630971527,0.1283240366836796,0.10257130638880559,0.09524048272324395,0.1343669775270847,0.10655765666694629
92,92.0,91.91892044225806,0.0978805657776454,0.08559961774288072,0.06496228024052629,0.09674931405534115,0.08458984659446744,0.12869431314597524,0.10190700151233179,0.09607077752735746,0.13616275915292245,0.10738352425055196
93,93.0,92.92514968840067,0.0995448431919768,0.0865736033791439,0.06424298935536311,0.0956208160779721,0.08686793939198721,0.12909990739771512,0.09978762649542511,0.09533647890448527,0.13640527297565858,0.10652052283027268
94,94.0,93.93150451304501,0.10145159707949702,0.08631833278501543,0.06416519788883543,0.09536968915514935,0.08630820515157446,0.12931319238884909,0.09873877024821727,0.09416051335884208,0.1368991362016988,0.10727536574232097
95,95.0,94.93790881009448,0.10029744934341366,0.08801578517723581,0.06409867560576682,0.09628968634305989,0.0857802255729653,0.12967535931812674,0.09802075856186292,0.09526712872673124,0.13691333485852697,0.10564159649231052
96,96.0,95.94429358933806,0.0986904744443568,0.08729620721603779,0.06262800909909043,0.09744566117612583,0.08395255087878428,0.13060969191416524,0.0989436366890059,0.09650292893233632,0.13842694672818345,0.10550389292191381
97,97.0,96.9505969547639,0.09600139996949153,0.0874851571401864,0.06401656260111468,0.09667351548343502,0.08484069091307152,0.13034324018909732,0.09753206001944643,0.09796024760503662,0.1388741264583606,0.10627299962075969
98,98.0,97.9567640140995,0.09536357276728877,0.0873543894207225,0.06480037864984972,0.09691011692834063,0.08514305139986834,0.13179037971786972,0.09721833395611663,0.09785699431463346,0.13784911052088444,0.10571367232442554
99,99.0,98.96274672736057,0.09522167414930505,0.08887700104686565,0.06399325122489519,0.09618650192740506,0.08617101736493207,0.13126549351186736,0.09800387293824209,0.09803347489520088,0.13616490523136088,0.10608280770992556
100,100.0,99.96850370202192,0.093389698051469,0.08967594825743225,0.06246417227600867,0.0942785527987438,0.08597344941605907,0.13174782106946992,0.09806862866218789,0.09656489993153998,0.13854441275928336,0.10929241677780581
101,101.0,100.97399994219691,0.09314829585363185,0.09178394594379831,0.060585568094979024,0.09307258550862021,0.08665131096581877,0.13197701400532819,0.09842639142741696,0.09598537903983365,0.13920460972695292,0.10916489943361984
102,102.0,101.97920655893245,0.0922749043397703,0.09264537681607701,0.0613841519568213,0.09200274987600073,0.08598626633252224,0.13310461078688984,0.09748639062207567,0.09693109176765623,0.14024259894648683,0.10794185855569961
103,103.0,102.98410044840509,0.09205510702410541,0.09104126173792912,0.06265769137848998,0.09143013835366001,0.08701464783546352,0.13360403685734953,0.09957036961507955,0.09661952147190775,0.1396836688391827,0.1063235568868322
104,104.0,103.98866394444643,0.09190891568435226,0.09391788599943074,0.062139423096943876,0.09031889862208964,0.08513847268387925,0.13419177616462075,0.09973330442829295,0.09638119016970813,0.1402039511443518,0.10606618200633042
105,105.0,104.99288445143917,0.09361944694828786,0.09524572071953213,0.060557023675410146,0.09061544914171504,0.08490379690623205,0.13435628916145895,0.09988023055508707,0.09575406127142937,0.1388671374276045,0.1062008441932427
106,106.0,105.99675406321822,0.09151864164554571,0.0957168648828978,0.06278885966267442,0.08935886936328222,0.08516520038947997,0.13546533227253132,0.09938548637153981,0.09570205196669591,0.13803607365747086,0.10686261978788177
107,107.0,107.0002691731872,0.09068052743434955,0.09620968995644269,0.06423483607638968,0.08986061466513717,0.0850455327594979,0.1329032481672993,0.10084968587769447,0.09537317462722318,0.13769174146235738,0.10715094897360852
108,108.0,108.0034300804274,0.08858000417768024,0.09631690696270348,0.0650070051076705,0.09105867982727983,0.08525922301587276,0.132189045826137,0.10068715795542006,0.09428444635856377,0.13848862535883275,0.10812890540983949
109,109.0,109.00624059613932,0.0875347659011389,0.09557789464463846,0.06585318209984921,0.0896115177777027,0.08325733585204192,0.131634831963608,0.10377401400584982,0.0955317818167081,0.13834040893798386,0.1088842670004789
110,110.0,110.00870765431864,0.08812039503499747,0.09643948917598352,0.0653839818072704,0.08942513769876537,0.0813425616527583,0.13235373259392144,0.10305231513640738,0.09496448942470227,0.139610461015192,0.10930743646000171
111,111.0,111.01084093013685,0.08762963564863918,0.09515056315301132,0.06543311799966979,0.09100089144217868,0.08062496280665668,0.13364648327049208,0.10429160915125756,0.09502236811262876,0.1392668176908763,0.10793355072458949
112,112.0,112.01265246907188,0.0870400400858932,0.09545919369333887,0.0664515874846426,0.09292363118585152,0.08020755418139114,0.133843890986034,0.10355493556433104,0.09545634813089905,0.13837234560748107,0.10669047308013732
113,113.0,113.01415632942268,0.08913245921465765,0.09728875413847482,0.0654911376820173,0.09367956141398545,0.07794885063941728,0.13288445166870363,0.10352164490969695,0.09502842302580405,0.13722721341630736,0.10779750389093534
114,114.0,114.01536824044418,0.08963396786682448,0.09667487655411403,0.06751359723424923,0.09393958946251599,0.07927690148210058,0.13245798371824807,0.1038431888617451,0.09385614357517012,0.1359861766369784,0.10681757460805381
115,115.0,115.01630527795908,0.09127245120155242,0.09675880111069822,0.06843192686008939,0.0950469420690483,0.07782679447957885,0.13023176010981982,0.10485087824406325,0.09241699942398525,0.13572069079408297,0.10744275570708138
116,116.0,116.0169855589429,0.0915262249160462,0.09713542598820898,0.06721676163870477,0.0968209512331506,0.07799588354391694,0.1313458474285806,0.10349848140136604,0.09219067921321639,0.1351036996819835,0.10716604495482587
117,117.0,117.01742795623892,0.09187237392164554,0.09750529839519426,0.06623219467398916,0.09693032776920105,0.07778887029760267,0.1319371279766656,0.10241358008480271,0.09218874632098252,0.1350660998641949,0.10806538069572143
118,118.0,118.01765183424293,0.09280742022619556,0.09787809607221602,0.06668915232738046,0.09633796567758564,0.07849938558312043,0.13209522127636908,0.10116105484992376,0.08994225336627683,0.1353037688927787,0.10928568172815338
119,119.0,119.01767680610413,0.09093837353934807,0.09703151197116021,0.06692467161561813,0.09835797270629845,0.07934770855533965,0.13277970457848712,0.10295982181404353,0.08851228999651299,0.13395931016411336,0.10918863505907835
120,120.0,120.01752251271817,0.09076335050020498,0.09789376330836419,0.06793311449068525,0.0974607926723687,0.07882019715185908,0.1342050348335328,0.10464724969262523,0.08804586433712633,0.13184661216481,0.1083840208484233
121,121.0,121.01720842354362,0.09181404813091046,0.09643435861246383,0.06932123256651923,0.09634190542694991,0.07964018601761758,0.13392360630142325,0.10402933818481709,0.08785896253234649,0.13126100373883953,0.10937535848811249
122,122.0,122.01675365905109,0.0932444691699381,0.0952673233176737,0.07019359316273653,0.09561296158768157,0.07938344259079703,0.13303554022745687,0.10409753692236597,0.088506824440092,0.13061173486075459,0.1100465737205035
123,123.0,123.0161768344173,0.09510583911083925,0.09489882258708597,0.0701426913385758,0.09788564779337612,0.07863689163581047,0.13191641627874814,0.10339348514686272,0.08691755352377734,0.1306125211373289,0.11049013144759515
124,124.0,124.01549592390272,0.09308095696273479,0.09494775653030922,0.07066051454459939,0.09843725656288728,0.07863777897534775,0.1315643470869234,0.1057904168663589,0.08615164703016293,0.12972482567217042,0.11100449976850577
125,125.0,125.01472814520056,0.0916438880298498,0.09601828888211386,0.07097437921997013,0.09808676796391241,0.07961850382029241,0.1324109774667502,0.10521596363131969,0.08720471408137062,0.12957043208585142,0.10925608481856929
126,126.0,126.01388986291661,0.09245054018496968,0.09603425497214443,0.06933441635010985,0.09799718840772723,0.08172582636044051,0.13211208322778156,0.10487460550429177,0.08731152569172781,0.13195816787311776,0.10620139142768921
127,127.0,127.0129965102319,0.09350063566063734,0.09450892870791272,0.06796856167389016,0.09847560398757924,0.08141500401992491,0.13347085694463054,0.10643568170406059,0.08917797072518713,0.13182390260183893,0.10322285397433828
128,128.0,128.01206252771334,0.09347519779374446,0.09523968544187353,0.06701178347618708,0.09798779041821874,0.08269172766189964,0.13203639072740386,0.10802252430838176,0.08844202671854647,0.13237252635570915,0.10272034709803515
129,129.0,129.0111013181695,0.09342595160998958,0.09480686034871572,0.0672604950324828,0.09762628787143074,0.08529740918556596,0.13170608916504373,0.10671932337685035,0.08949760690893174,0.13281960486332367,0.10084037163766553
130,130.0,130.01012521639834,0.09369548720166458,0.09534844661993071,0.06556521791953429,0.09712125274791227,0.08762566623552417,0.13193520616462948,0.10498298153286105,0.09058752620046605,0.13332132622840034,0.09981688914907684
131,131.0,131.0091454726403,0.09486327549342995,0.09556341944788066,0.06513710369989692,0.09717143954762418,0.08764163273202244,0.13251045563130653,0.10266459088414476,0.09296840824804505,0.1321670091494171,0.0993126651662322
132,132.0,132.0081722485317,0.09511870071976627,0.09663847320756921,0.06455811199582413,0.09720972827090298,0.0866111936499325,0.13300292249942922,0.10176728166054161,0.09231486706630876,0.13370234553342922,0.09907637539629591
133,133.0,133.00721462434865,0.09582009086552958,0.09690765451564788,0.06259209105604403,0.09689585558968328,0.08447195652647621,0.13397605911024393,0.10172272511216401,0.09194321060892162,0.13503302445668355,0.10063733215860575
134,134.0,134.0062806163404,0.09704281164729828,0.09728719363896265,0.06083434955080418,0.09717184257377795,0.08235837696978394,0.13448063428718895,0.10210988758412987,0.09217898649960092,0.1355820512508456,0.10095386599760749
135,135.0,135.00537720296956,0.09583785004868127,0.0962734331728381,0.06074214951119493,0.09710379352713425,0.083195996031481,0.13332723039295283,0.10623884387123582,0.09192104689191223,0.13546710971312417,0.09989254683944525
136,136.0,136.00451035890612,0.09730983664541958,0.09481931760040176,0.05838334440850243,0.09786761294656193,0.08264619025973705,0.13316253956829233,0.10637048672826775,0.09343601981894657,0.13571151477157828,0.10029313725229218
137,137.0,137.00368509565993,0.09742188179414216,0.0944423556881603,0.05717884945154356,0.09932140833885283,0.08197169929884537,0.1336084066005209,0.10593784766717554,0.0939443173810964,0.13513269507636166,0.10104053870330114
138,138.0,138.0029055077818,0.09816137571254188,0.09341167262148473,0.0579435308385098,0.0991187365728177,0.0821783988350937,0.13169792297526903,0.1052892606205649,0.09532106870496083,0.13535728139202569,0.10152075172673158
139,139.0,139.00217482361367,0.09859999263740839,0.09210717496980635,0.05574646195973922,0.10185111964973989,0.08587658242084237,0.13155770531016903,0.1058311054088528,0.09462335817715763,0.1323431240998425,0.10146337536644166
140,140.0,140.0014954596262,0.09856969282803346,0.09169872211782869,0.054857672473269024,0.10010486159533105,0.08651384237509153,0.13146812775204852,0.10789085491948608,0.09495141532428807,0.13378911654870887,0.10015569406591451
141,141.0,141.00086907744122,0.09673595706001045,0.08987855171043937,0.05654750161928031,0.10013789399516246,0.08430841267240112,0.13124301963113785,0.11003145958665528,0.09485465451729738,0.1351171349052835,0.10114541430233209
142,142.0,142.0002966427003,0.09838231889848591,0.09097388235667517,0.05579498817117312,0.10012781200951146,0.08318275177485207,0.13174227133020647,0.10935608311574738,0.09437887679883422,0.13634605974479796,0.09971495579971609
143,143.0,142.99977848500652,0.0978976870245035,0.09163925476204145,0.05799320237345877,0.09886470372674754,0.08052318210340005,0.13333009279285485,0.11024047715322242,0.09267841773957528,0.13653444320513272,0.10029853911906328
144,144.0,143.99931435823203,0.097005771114073,0.09176569992731566,0.057805192936072586,0.09758006533968175,0.08111144196592161,0.13514194970047372,0.10815013209487813,0.09508953593340273,0.13660691701132888,0.09974329397685179
145,145.0,144.99890350055264,0.09610742590705731,0.0944188006200111,0.059286529256255785,0.09653073719772079,0.08148704607166136,0.1363985759446722,0.10625829081200956,0.09668815119824434,0.13505535357927043,0.09776908941309699
146,146.0,145.9985446936357,0.09621452124843222,0.0942382192286336,0.059853314680087276,0.09777775257976125,0.08072119756110933,0.13771693694899637,0.10555114479959041,0.09655426149410322,0.1344537744257469,0.09691887703353934
147,147.0,146.99823632047406,0.09439338816685128,0.09334214708479947,0.06117280187156864,0.09625513771836335,0.07951800432875526,0.13898691411968275,0.10506351812290574,0.09931568118858994,0.1351316072374543,0.09682080016102916
148,148.0,147.99797642142389,0.09610883920252095,0.09468304543834835,0.06127691289571301,0.09430761176166061,0.07895648452612625,0.13947280045416366,0.10497398020028104,0.09961034200100534,0.13491576441864706,0.09569421910153365
149,149.0,148.99776274806447,0.09841467557271405,0.09613521735360493,0.06186374090595516,0.0946751400410234,0.080442432993173,0.1388425103854002,0.10296278137404491,0.0993539438099503,0.13277454951805578,0.09453500804607817
150,150.0,149.99759281456036,0.09827123854059769,0.09455389020834702,0.0638042425216874,0.09512761811419015,0.08052453640525162,0.13660104138854684,0.10222446101274466,0.10042380332730153,0.1339355942957301,0.0945335741856029
151,151.0,150.99746394626104,0.09670576097121737,0.09418556002236662,0.06430316940900312,0.09659295503376988,0.08047312434559069,0.13587926439931475,0.10347228085404768,0.10053710036482522,0.13396505355216734,0.09388573104769726
152,152.0,151.99737332532905,0.0958217084387285,0.09498640964497553,0.06443396183011924,0.09530392697329011,0.08187250478753043,0.13499401987227594,0.10073800411949202,0.09888293691325271,0.13495682586642488,0.09800970155391056
153,153.0,152.99731803323698,0.09356636491322508,0.09431126890648539,0.06428994725665989,0.09790276885223605,0.08201548199724056,0.1346877650812161,0.10102946258229088,0.09685197980096438,0.13694450379555875,0.09840045681412286
154,154.0,153.99729509002177,0.09283113324010721,0.09438257698374164,0.06593289581654531,0.09740665564022155,0.08199393231211138,0.13292706695392462,0.1013187308756274,0.09570218961852162,0.13698737710762782,0.10051744145157138
155,155.0,154.99730149022784,0.09173525745394752,0.09435741038762689,0.06554122083104631,0.09925985694568275,0.08116899584290314,0.13224213417280192,0.10057243238015852,0.09498493834176125,0.1371580635195867,0.10297969012448491
156,156.0,155.99733423551103,0.09204185625520502,0.09437014507042235,0.0658148787413573,0.09964760052033511,0.08163731843183605,0.1331914613020205,0.09989403011579182,0.09414792383281632,0.1362934007699513,0.10296138496026416
157,157.0,156.99739036391077,0.09175700717318824,0.09279366288152366,0.06517814947654428,0.10104481695387386,0.08137673560137765,0.13424642335544199,0.10027779466681197,0.0918056256282815,0.13722549212255714,0.10429429214039967
158,158.0,157.99746697583146,0.0919869407182659,0.09462243870801826,0.06624194107800863,0.10203339675818672,0.08160135690398199,0.13309961209789575,0.09887559925699146,0.09230534866679177,0.1342565786859719,0.10497678712588755
159,159.0,158.99756125680176,0.09020903478692023,0.09454544148530215,0.06533637074702445,0.10288219084116296,0.08124071053899427,0.13566612693975522,0.09905217674185156,0.09096220522470387,0.1349938147811559,0.1051119279131293
160,160.0,159.997670497107,0.08916948385630846,0.09496141418795391,0.06336026590831488,0.10365824480620518,0.08189344058197291,0.13573437278367342,0.09940557513855777,0.08997132395073518,0.13593391936601584,0.10591195942026234
161,161.0,160.99779210841066,0.08942228380589524,0.09632478719745989,0.06182824960405896,0.10446405283981153,0.08088148843580448,0.13615737493966623,0.09872607162652158,0.09045258272252261,0.13537660874281598,0.10636650008544338
162,162.0,161.99792363749984,0.08900047569258777,0.0976151357077793,0.06049958080732709,0.10585039055689272,0.08166591365096879,0.135703602427231,0.09952115284500558,0.09125700932122546,0.13169817200638867,0.1071885669845935
163,163.0,162.9980627773051,0.08910949087948089,0.09659693142815029,0.05939699351673841,0.10573254339683777,0.08306962252066985,0.13633118390643406,0.09949104236163064,0.09026020721578368,0.13154928976866204,0.10846269500561224
164,164.0,163.9982073753568,0.09056526149323674,0.09492697515494121,0.05985377663049705,0.10293479043205354,0.08341542820129318,0.13592559872117627,0.10044568323666671,0.09112939763258363,0.13227971861472915,0.10852336988282239
165,165.0,164.99835543984977,0.0887933561769882,0.09602102969797421,0.05932441853778453,0.1015213780186211,0.08398005794128059,0.13425672923191712,0.1019598393622399,0.09134962925471672,0.13417878133852032,0.10861478043995712
166,166.0,165.99850514349492,0.09031146919874147,0.09601583740185043,0.058234667509761306,0.10128708954914883,0.08387458377130408,0.13567409351997925,0.10031546433740329,0.0907721553443327,0.13386546618820547,0.10964917317927293
167,167.0,166.99865482534062,0.08990461783678312,0.09428600700596475,0.058775453079923254,0.10030752110994696,0.08357889638934887,0.13564759916447153,0.10153975066739489,0.09191231817189358,0.13442969072193667,0.10961814585233615
168,168.0,167.99880299074837,0.09086340117681957,0.09280254246084188,0.05897313211090968,0.09996292469993154,0.0817226055316994,0.13437252769085484,0.10311740269012024,0.0932040456541021,0.13461859819276364,0.11036281979195688
169,169.0,168.99894830970783,0.09115609811245812,0.09197334554775735,0.061189351914363796,0.09732993926124354,0.08221158237596812,0.1346100369658523,0.10221533464868303,0.09165867395082768,0.135570469646251,0.11208516757659483
170,170.0,169.99908961367427,0.09132675912945294,0.09198937899306336,0.060292641156109175,0.09576511080303159,0.08403300130191348,0.13511057537369564,0.10204127813716118,0.09334401453368024,0.13576982668769455,0.11032741388419759
171,171.0,170.99922589110733,0.09054167434072354,0.09121407732952137,0.060360661206344375,0.09567874187936826,0.08436275322006033,0.1360597362304678,0.10420261670114003,0.09398496077984908,0.1343612079231476,0.1092335703893774
172,172.0,171.99935628188598,0.0899792716638962,0.09429152126319892,0.0594586664650751,0.0974451732331472,0.08408202641194655,0.1357896734687744,0.10410395186283368,0.09284944189808722,0.13506689525992593,0.10693337847311458
173,173.0,172.99948007076793,0.09141189795634921,0.0957243362907979,0.05765195407191263,0.09643875380991554,0.08284970292840219,0.1372000690175861,0.1041545906735663,0.09426569870278523,0.13521733030122807,0.10508566624745666
174,174.0,173.99959668005403,0.09277294728399768,0.09434956362702726,0.05790629641622996,0.09663488273106327,0.08213960042865699,0.13653213061781905,0.10389685481832181,0.09580033236845853,0.1356216237552227,0.10434576795320266
175,175.0,174.99970566161096,0.09374098201722744,0.09595454479049706,0.05726135872503359,0.09628573078654666,0.08353495461252519,0.13615260459932557,0.1021788733008755,0.09504962073035339,0.1355664215292791,0.10427490890833639
