Total_iterations,Unnamed: 0.1,Intertwine_two,Add_vertex,Delete_vertex,Invert_path_vertices,Insert_inside_vertex,Delete_inside_vertex
0,0.0,0.1666666666666666,0.1666666666666666,0.1666666666666666,0.1666666666666666,0.1666666666666666,0.1666666666666666
1,1.0,0.1666666666666666,0.1666666666666666,0.1666666666666666,0.1666666666666666,0.1666666666666666,0.1666666666666666
2,2.0,0.1666666666666666,0.1666666666666666,0.1666666666666666,0.1666666666666666,0.1666666666666666,0.1666666666666666
3,3.0,0.1666666666666666,0.1666666666666666,0.1666666666666666,0.1666666666666666,0.1666666666666666,0.1666666666666666
4,4.0,0.1666666666666666,0.1666666666666666,0.1666666666666666,0.1666666666666666,0.1666666666666666,0.1666666666666666
5,5.0,0.1666666666666666,0.1666666666666666,0.1666666666666666,0.1666666666666666,0.1666666666666666,0.1666666666666666
6,6.0,0.1666666666666666,0.1666666666666666,0.1666666666666666,0.1666666666666666,0.1666666666666666,0.1666666666666666
7,7.0,0.1666666666666666,0.1666666666666666,0.1666666666666666,0.1666666666666666,0.1666666666666666,0.1666666666666666
8,8.0,0.1666666666666666,0.1666666666666666,0.1666666666666666,0.1666666666666666,0.1666666666666666,0.1666666666666666
9,9.0,0.1666666666666666,0.1666666666666666,0.1666666666666666,0.1666666666666666,0.1666666666666666,0.1666666666666666
10,10.0,0.1666666666666666,0.1666666666666666,0.1666666666666666,0.1666666666666666,0.1666666666666666,0.1666666666666666
11,11.0,0.1666666666666666,0.1666666666666666,0.1666666666666666,0.1666666666666666,0.1666666666666666,0.1666666666666666
12,12.0,0.1666666666666666,0.1666666666666666,0.1666666666666666,0.1666666666666666,0.1666666666666666,0.1666666666666666
13,13.0,0.1666666666666666,0.1666666666666666,0.1666666666666666,0.1666666666666666,0.1666666666666666,0.1666666666666666
14,14.0,0.1666666666666666,0.1666666666666666,0.1666666666666666,0.1666666666666666,0.1666666666666666,0.1666666666666666
15,15.0,0.1666666666666666,0.1666666666666666,0.1666666666666666,0.1666666666666666,0.1666666666666666,0.1666666666666666
16,16.0,0.1666666666666666,0.1666666666666666,0.1666666666666666,0.1666666666666666,0.1666666666666666,0.1666666666666666
17,17.0,0.1666666666666666,0.1666666666666666,0.1666666666666666,0.1666666666666666,0.1666666666666666,0.1666666666666666
18,18.0,0.1666666666666666,0.1666666666666666,0.1666666666666666,0.1666666666666666,0.1666666666666666,0.1666666666666666
19,19.0,0.1666666666666666,0.1666666666666666,0.1666666666666666,0.1666666666666666,0.1666666666666666,0.1666666666666666
20,20.0,0.1666666666666666,0.1666666666666666,0.1666666666666666,0.1666666666666666,0.1666666666666666,0.1666666666666666
21,21.0,0.1666666666666666,0.1666666666666666,0.1666666666666666,0.1666666666666666,0.1666666666666666,0.1666666666666666
22,22.0,0.1666666666666666,0.1666666666666666,0.1666666666666666,0.1666666666666666,0.1666666666666666,0.1666666666666666
23,23.0,0.1666666666666666,0.1666666666666666,0.1666666666666666,0.1666666666666666,0.1666666666666666,0.1666666666666666
24,24.0,0.1666666666666666,0.1666666666666666,0.1666666666666666,0.1666666666666666,0.1666666666666666,0.1666666666666666
25,25.0,0.1666666666666666,0.1666666666666666,0.1666666666666666,0.1666666666666666,0.1666666666666666,0.1666666666666666
26,26.0,0.1666666666666666,0.1666666666666666,0.1666666666666666,0.1666666666666666,0.1666666666666666,0.1666666666666666
27,27.0,0.1666666666666666,0.1666666666666666,0.1666666666666666,0.1666666666666666,0.1666666666666666,0.1666666666666666
28,28.0,0.1666666666666666,0.1666666666666666,0.1666666666666666,0.1666666666666666,0.1666666666666666,0.1666666666666666
29,29.0,0.1666666666666666,0.1666666666666666,0.1666666666666666,0.1666666666666666,0.1666666666666666,0.1666666666666666
30,30.0,0.1666666666666666,0.1666666666666666,0.1666666666666666,0.1666666666666666,0.1666666666666666,0.1666666666666666
31,31.0,0.1666666666666666,0.1666666666666666,0.1666666666666666,0.1666666666666666,0.1666666666666666,0.1666666666666666
32,32.0,0.1666666666666666,0.1666666666666666,0.1666666666666666,0.1666666666666666,0.1666666666666666,0.1666666666666666
33,33.0,0.1666666666666666,0.1666666666666666,0.1666666666666666,0.1666666666666666,0.1666666666666666,0.1666666666666666
34,34.0,0.1666666666666666,0.1666666666666666,0.1666666666666666,0.1666666666666666,0.1666666666666666,0.1666666666666666
35,35.0,0.1666666666666666,0.1666666666666666,0.1666666666666666,0.1666666666666666,0.1666666666666666,0.1666666666666666
36,36.0,0.1666666666666666,0.1666666666666666,0.1666666666666666,0.1666666666666666,0.1666666666666666,0.1666666666666666
37,37.0,0.1666666666666666,0.1666666666666666,0.1666666666666666,0.1666666666666666,0.1666666666666666,0.1666666666666666
38,38.0,0.1666666666666666,0.1666666666666666,0.1666666666666666,0.1666666666666666,0.1666666666666666,0.1666666666666666
39,39.0,0.1666666666666666,0.1666666666666666,0.1666666666666666,0.1666666666666666,0.1666666666666666,0.1666666666666666
40,40.0,0.1666666666666666,0.1666666666666666,0.1666666666666666,0.1666666666666666,0.1666666666666666,0.1666666666666666
41,41.0,0.1666666666666666,0.1666666666666666,0.1666666666666666,0.1666666666666666,0.1666666666666666,0.1666666666666666
42,42.0,0.1666666666666666,0.1666666666666666,0.1666666666666666,0.1666666666666666,0.1666666666666666,0.1666666666666666
43,43.0,0.1666666666666666,0.1666666666666666,0.1666666666666666,0.1666666666666666,0.1666666666666666,0.1666666666666666
44,44.0,0.1666666666666666,0.1666666666666666,0.1666666666666666,0.1666666666666666,0.1666666666666666,0.1666666666666666
45,45.0,0.1666666666666666,0.1666666666666666,0.1666666666666666,0.1666666666666666,0.1666666666666666,0.1666666666666666
46,46.0,0.1666666666666666,0.1666666666666666,0.1666666666666666,0.1666666666666666,0.1666666666666666,0.1666666666666666
47,47.0,0.1666666666666666,0.1666666666666666,0.1666666666666666,0.1666666666666666,0.1666666666666666,0.1666666666666666
48,48.0,0.1666666666666666,0.1666666666666666,0.1666666666666666,0.1666666666666666,0.1666666666666666,0.1666666666666666
49,49.0,0.1666666666666666,0.1666666666666666,0.1666666666666666,0.1666666666666666,0.1666666666666666,0.1666666666666666
50,50.0,0.1666666666666666,0.1666666666666666,0.1666666666666666,0.1666666666666666,0.1666666666666666,0.1666666666666666
51,51.0,0.1666666666666666,0.1666666666666666,0.1666666666666666,0.1666666666666666,0.1666666666666666,0.1666666666666666
52,52.0,0.1666666666666666,0.1666666666666666,0.1666666666666666,0.1666666666666666,0.1666666666666666,0.1666666666666666
53,53.0,0.1666666666666666,0.1666666666666666,0.1666666666666666,0.1666666666666666,0.1666666666666666,0.1666666666666666
54,54.0,0.1666666666666666,0.1666666666666666,0.1666666666666666,0.1666666666666666,0.1666666666666666,0.1666666666666666
55,55.0,0.1666666666666666,0.1666666666666666,0.1666666666666666,0.1666666666666666,0.1666666666666666,0.1666666666666666
56,56.0,0.1666666666666666,0.1666666666666666,0.1666666666666666,0.1666666666666666,0.1666666666666666,0.1666666666666666
57,57.0,0.1666666666666666,0.1666666666666666,0.1666666666666666,0.1666666666666666,0.1666666666666666,0.1666666666666666
58,58.0,0.1666666666666666,0.1666666666666666,0.1666666666666666,0.1666666666666666,0.1666666666666666,0.1666666666666666
59,59.0,0.1666666666666666,0.1666666666666666,0.1666666666666666,0.1666666666666666,0.1666666666666666,0.1666666666666666
60,60.0,0.1666666666666666,0.1666666666666666,0.1666666666666666,0.1666666666666666,0.1666666666666666,0.1666666666666666
61,61.0,0.1666666666666666,0.1666666666666666,0.1666666666666666,0.1666666666666666,0.1666666666666666,0.1666666666666666
62,62.0,0.1666666666666666,0.1666666666666666,0.1666666666666666,0.1666666666666666,0.1666666666666666,0.1666666666666666
63,63.0,0.1666666666666666,0.1666666666666666,0.1666666666666666,0.1666666666666666,0.1666666666666666,0.1666666666666666
64,64.0,0.1666666666666666,0.1666666666666666,0.1666666666666666,0.1666666666666666,0.1666666666666666,0.1666666666666666
65,65.0,0.1666666666666666,0.1666666666666666,0.1666666666666666,0.1666666666666666,0.1666666666666666,0.1666666666666666
66,66.0,0.1666666666666666,0.1666666666666666,0.1666666666666666,0.1666666666666666,0.1666666666666666,0.1666666666666666
67,67.0,0.1666666666666666,0.1666666666666666,0.1666666666666666,0.1666666666666666,0.1666666666666666,0.1666666666666666
68,68.0,0.1666666666666666,0.1666666666666666,0.1666666666666666,0.1666666666666666,0.1666666666666666,0.1666666666666666
69,69.0,0.1666666666666666,0.1666666666666666,0.1666666666666666,0.1666666666666666,0.1666666666666666,0.1666666666666666
70,70.0,0.1666666666666666,0.1666666666666666,0.1666666666666666,0.1666666666666666,0.1666666666666666,0.1666666666666666
71,71.0,0.1666666666666666,0.1666666666666666,0.1666666666666666,0.1666666666666666,0.1666666666666666,0.1666666666666666
72,72.0,0.1666666666666666,0.1666666666666666,0.1666666666666666,0.1666666666666666,0.1666666666666666,0.1666666666666666
73,73.0,0.1666666666666666,0.1666666666666666,0.1666666666666666,0.1666666666666666,0.1666666666666666,0.1666666666666666
74,74.0,0.1666666666666666,0.1666666666666666,0.1666666666666666,0.1666666666666666,0.1666666666666666,0.1666666666666666
75,75.0,0.1666666666666666,0.1666666666666666,0.1666666666666666,0.1666666666666666,0.1666666666666666,0.1666666666666666
76,76.0,0.1666666666666666,0.1666666666666666,0.1666666666666666,0.1666666666666666,0.1666666666666666,0.1666666666666666
77,77.0,0.1666666666666666,0.1666666666666666,0.1666666666666666,0.1666666666666666,0.1666666666666666,0.1666666666666666
78,78.0,0.1666666666666666,0.1666666666666666,0.1666666666666666,0.1666666666666666,0.1666666666666666,0.1666666666666666
79,79.0,0.1666666666666666,0.1666666666666666,0.1666666666666666,0.1666666666666666,0.1666666666666666,0.1666666666666666
80,80.0,0.1666666666666666,0.1666666666666666,0.1666666666666666,0.1666666666666666,0.1666666666666666,0.1666666666666666
81,81.0,0.1666666666666666,0.1666666666666666,0.1666666666666666,0.1666666666666666,0.1666666666666666,0.1666666666666666
82,82.0,0.1666666666666666,0.1666666666666666,0.1666666666666666,0.1666666666666666,0.1666666666666666,0.1666666666666666
83,83.0,0.1666666666666666,0.1666666666666666,0.1666666666666666,0.1666666666666666,0.1666666666666666,0.1666666666666666
84,84.0,0.1666666666666666,0.1666666666666666,0.1666666666666666,0.1666666666666666,0.1666666666666666,0.1666666666666666
85,85.0,0.1666666666666666,0.1666666666666666,0.1666666666666666,0.1666666666666666,0.1666666666666666,0.1666666666666666
86,86.0,0.1666666666666666,0.1666666666666666,0.1666666666666666,0.1666666666666666,0.1666666666666666,0.1666666666666666
87,87.0,0.1666666666666666,0.1666666666666666,0.1666666666666666,0.1666666666666666,0.1666666666666666,0.1666666666666666
88,88.0,0.1666666666666666,0.1666666666666666,0.1666666666666666,0.1666666666666666,0.1666666666666666,0.1666666666666666
89,89.0,0.1666666666666666,0.1666666666666666,0.1666666666666666,0.1666666666666666,0.1666666666666666,0.1666666666666666
90,90.0,0.1666666666666666,0.1666666666666666,0.1666666666666666,0.1666666666666666,0.1666666666666666,0.1666666666666666
91,91.0,0.1666666666666666,0.1666666666666666,0.1666666666666666,0.1666666666666666,0.1666666666666666,0.1666666666666666
92,92.0,0.1666666666666666,0.1666666666666666,0.1666666666666666,0.1666666666666666,0.1666666666666666,0.1666666666666666
93,93.0,0.1666666666666666,0.1666666666666666,0.1666666666666666,0.1666666666666666,0.1666666666666666,0.1666666666666666
94,94.0,0.1666666666666666,0.1666666666666666,0.1666666666666666,0.1666666666666666,0.1666666666666666,0.1666666666666666
95,95.0,0.1666666666666666,0.1666666666666666,0.1666666666666666,0.1666666666666666,0.1666666666666666,0.1666666666666666
96,96.0,0.1666666666666666,0.1666666666666666,0.1666666666666666,0.1666666666666666,0.1666666666666666,0.1666666666666666
97,97.0,0.1666666666666666,0.1666666666666666,0.1666666666666666,0.1666666666666666,0.1666666666666666,0.1666666666666666
98,98.0,0.1666666666666666,0.1666666666666666,0.1666666666666666,0.1666666666666666,0.1666666666666666,0.1666666666666666
99,99.0,0.1666666666666666,0.1666666666666666,0.1666666666666666,0.1666666666666666,0.1666666666666666,0.1666666666666666
100,100.0,0.1666666666666666,0.1666666666666666,0.1666666666666666,0.1666666666666666,0.1666666666666666,0.1666666666666666
101,101.0,0.1666666666666666,0.1666666666666666,0.1666666666666666,0.1666666666666666,0.1666666666666666,0.1666666666666666
102,102.0,0.1666666666666666,0.1666666666666666,0.1666666666666666,0.1666666666666666,0.1666666666666666,0.1666666666666666
103,103.0,0.1666666666666666,0.1666666666666666,0.1666666666666666,0.1666666666666666,0.1666666666666666,0.1666666666666666
104,104.0,0.1666666666666666,0.1666666666666666,0.1666666666666666,0.1666666666666666,0.1666666666666666,0.1666666666666666
105,105.0,0.1666666666666666,0.1666666666666666,0.1666666666666666,0.1666666666666666,0.1666666666666666,0.1666666666666666
106,106.0,0.1666666666666666,0.1666666666666666,0.1666666666666666,0.1666666666666666,0.1666666666666666,0.1666666666666666
107,107.0,0.1666666666666666,0.1666666666666666,0.1666666666666666,0.1666666666666666,0.1666666666666666,0.1666666666666666
108,108.0,0.1666666666666666,0.1666666666666666,0.1666666666666666,0.1666666666666666,0.1666666666666666,0.1666666666666666
109,109.0,0.1666666666666666,0.1666666666666666,0.1666666666666666,0.1666666666666666,0.1666666666666666,0.1666666666666666
110,110.0,0.1666666666666666,0.1666666666666666,0.1666666666666666,0.1666666666666666,0.1666666666666666,0.1666666666666666
111,111.0,0.1666666666666666,0.1666666666666666,0.1666666666666666,0.1666666666666666,0.1666666666666666,0.1666666666666666
112,112.0,0.1666666666666666,0.1666666666666666,0.1666666666666666,0.1666666666666666,0.1666666666666666,0.1666666666666666
113,113.0,0.1666666666666666,0.1666666666666666,0.1666666666666666,0.1666666666666666,0.1666666666666666,0.1666666666666666
114,114.0,0.1666666666666666,0.1666666666666666,0.1666666666666666,0.1666666666666666,0.1666666666666666,0.1666666666666666
115,115.0,0.1666666666666666,0.1666666666666666,0.1666666666666666,0.1666666666666666,0.1666666666666666,0.1666666666666666
116,116.0,0.1666666666666666,0.1666666666666666,0.1666666666666666,0.1666666666666666,0.1666666666666666,0.1666666666666666
117,117.0,0.1666666666666666,0.1666666666666666,0.1666666666666666,0.1666666666666666,0.1666666666666666,0.1666666666666666
118,118.0,0.1666666666666666,0.1666666666666666,0.1666666666666666,0.1666666666666666,0.1666666666666666,0.1666666666666666
119,119.0,0.1666666666666666,0.1666666666666666,0.1666666666666666,0.1666666666666666,0.1666666666666666,0.1666666666666666
120,120.0,0.1666666666666666,0.1666666666666666,0.1666666666666666,0.1666666666666666,0.1666666666666666,0.1666666666666666
121,121.0,0.1666666666666666,0.1666666666666666,0.1666666666666666,0.1666666666666666,0.1666666666666666,0.1666666666666666
122,122.0,0.1666666666666666,0.1666666666666666,0.1666666666666666,0.1666666666666666,0.1666666666666666,0.1666666666666666
123,123.0,0.1666666666666666,0.1666666666666666,0.1666666666666666,0.1666666666666666,0.1666666666666666,0.1666666666666666
124,124.0,0.1666666666666666,0.1666666666666666,0.1666666666666666,0.1666666666666666,0.1666666666666666,0.1666666666666666
125,125.0,0.1666666666666666,0.1666666666666666,0.1666666666666666,0.1666666666666666,0.1666666666666666,0.1666666666666666
126,126.0,0.1666666666666666,0.1666666666666666,0.1666666666666666,0.1666666666666666,0.1666666666666666,0.1666666666666666
127,127.0,0.1666666666666666,0.1666666666666666,0.1666666666666666,0.1666666666666666,0.1666666666666666,0.1666666666666666
128,128.0,0.1666666666666666,0.1666666666666666,0.1666666666666666,0.1666666666666666,0.1666666666666666,0.1666666666666666
129,129.0,0.1666666666666666,0.1666666666666666,0.1666666666666666,0.1666666666666666,0.1666666666666666,0.1666666666666666
130,130.0,0.1666666666666666,0.1666666666666666,0.1666666666666666,0.1666666666666666,0.1666666666666666,0.1666666666666666
131,131.0,0.1666666666666666,0.1666666666666666,0.1666666666666666,0.1666666666666666,0.1666666666666666,0.1666666666666666
132,132.0,0.1666666666666666,0.1666666666666666,0.1666666666666666,0.1666666666666666,0.1666666666666666,0.1666666666666666
133,133.0,0.1666666666666666,0.1666666666666666,0.1666666666666666,0.1666666666666666,0.1666666666666666,0.1666666666666666
134,134.0,0.1666666666666666,0.1666666666666666,0.1666666666666666,0.1666666666666666,0.1666666666666666,0.1666666666666666
135,135.0,0.1666666666666666,0.1666666666666666,0.1666666666666666,0.1666666666666666,0.1666666666666666,0.1666666666666666
136,136.0,0.1666666666666666,0.1666666666666666,0.1666666666666666,0.1666666666666666,0.1666666666666666,0.1666666666666666
137,137.0,0.1666666666666666,0.1666666666666666,0.1666666666666666,0.1666666666666666,0.1666666666666666,0.1666666666666666
138,138.0,0.1666666666666666,0.1666666666666666,0.1666666666666666,0.1666666666666666,0.1666666666666666,0.1666666666666666
139,139.0,0.1666666666666666,0.1666666666666666,0.1666666666666666,0.1666666666666666,0.1666666666666666,0.1666666666666666
140,140.0,0.1666666666666666,0.1666666666666666,0.1666666666666666,0.1666666666666666,0.1666666666666666,0.1666666666666666
141,141.0,0.1666666666666666,0.1666666666666666,0.1666666666666666,0.1666666666666666,0.1666666666666666,0.1666666666666666
142,142.0,0.1666666666666666,0.1666666666666666,0.1666666666666666,0.1666666666666666,0.1666666666666666,0.1666666666666666
143,143.0,0.1666666666666666,0.1666666666666666,0.1666666666666666,0.1666666666666666,0.1666666666666666,0.1666666666666666
144,144.0,0.1666666666666666,0.1666666666666666,0.1666666666666666,0.1666666666666666,0.1666666666666666,0.1666666666666666
145,145.0,0.1666666666666666,0.1666666666666666,0.1666666666666666,0.1666666666666666,0.1666666666666666,0.1666666666666666
146,146.0,0.1666666666666666,0.1666666666666666,0.1666666666666666,0.1666666666666666,0.1666666666666666,0.1666666666666666
147,147.0,0.1666666666666666,0.1666666666666666,0.1666666666666666,0.1666666666666666,0.1666666666666666,0.1666666666666666
148,148.0,0.1666666666666666,0.1666666666666666,0.1666666666666666,0.1666666666666666,0.1666666666666666,0.1666666666666666
149,149.0,0.1666666666666666,0.1666666666666666,0.1666666666666666,0.1666666666666666,0.1666666666666666,0.1666666666666666
150,150.0,0.1666666666666666,0.1666666666666666,0.1666666666666666,0.1666666666666666,0.1666666666666666,0.1666666666666666
151,151.0,0.1666666666666666,0.1666666666666666,0.1666666666666666,0.1666666666666666,0.1666666666666666,0.1666666666666666
152,152.0,0.1666666666666666,0.1666666666666666,0.1666666666666666,0.1666666666666666,0.1666666666666666,0.1666666666666666
153,153.0,0.1666666666666666,0.1666666666666666,0.1666666666666666,0.1666666666666666,0.1666666666666666,0.1666666666666666
154,154.0,0.1666666666666666,0.1666666666666666,0.1666666666666666,0.1666666666666666,0.1666666666666666,0.1666666666666666
155,155.0,0.1666666666666666,0.1666666666666666,0.1666666666666666,0.1666666666666666,0.1666666666666666,0.1666666666666666
156,156.0,0.1666666666666666,0.1666666666666666,0.1666666666666666,0.1666666666666666,0.1666666666666666,0.1666666666666666
157,157.0,0.1666666666666666,0.1666666666666666,0.1666666666666666,0.1666666666666666,0.1666666666666666,0.1666666666666666
158,158.0,0.1666666666666666,0.1666666666666666,0.1666666666666666,0.1666666666666666,0.1666666666666666,0.1666666666666666
159,159.0,0.1666666666666666,0.1666666666666666,0.1666666666666666,0.1666666666666666,0.1666666666666666,0.1666666666666666
160,160.0,0.1666666666666666,0.1666666666666666,0.1666666666666666,0.1666666666666666,0.1666666666666666,0.1666666666666666
161,161.0,0.1666666666666666,0.1666666666666666,0.1666666666666666,0.1666666666666666,0.1666666666666666,0.1666666666666666
162,162.0,0.1666666666666666,0.1666666666666666,0.1666666666666666,0.1666666666666666,0.1666666666666666,0.1666666666666666
163,163.0,0.1666666666666666,0.1666666666666666,0.1666666666666666,0.1666666666666666,0.1666666666666666,0.1666666666666666
164,164.0,0.1666666666666666,0.1666666666666666,0.1666666666666666,0.1666666666666666,0.1666666666666666,0.1666666666666666
165,165.0,0.1666666666666666,0.1666666666666666,0.1666666666666666,0.1666666666666666,0.1666666666666666,0.1666666666666666
166,166.0,0.1666666666666666,0.1666666666666666,0.1666666666666666,0.1666666666666666,0.1666666666666666,0.1666666666666666
167,167.0,0.1666666666666666,0.1666666666666666,0.1666666666666666,0.1666666666666666,0.1666666666666666,0.1666666666666666
168,168.0,0.1666666666666666,0.1666666666666666,0.1666666666666666,0.1666666666666666,0.1666666666666666,0.1666666666666666
169,169.0,0.1666666666666666,0.1666666666666666,0.1666666666666666,0.1666666666666666,0.1666666666666666,0.1666666666666666
170,170.0,0.1666666666666666,0.1666666666666666,0.1666666666666666,0.1666666666666666,0.1666666666666666,0.1666666666666666
171,171.0,0.1666666666666666,0.1666666666666666,0.1666666666666666,0.1666666666666666,0.1666666666666666,0.1666666666666666
172,172.0,0.1666666666666666,0.1666666666666666,0.1666666666666666,0.1666666666666666,0.1666666666666666,0.1666666666666666
173,173.0,0.1666666666666666,0.1666666666666666,0.1666666666666666,0.1666666666666666,0.1666666666666666,0.1666666666666666
174,174.0,0.1666666666666666,0.1666666666666666,0.1666666666666666,0.1666666666666666,0.1666666666666666,0.1666666666666666
175,175.0,0.1666666666666666,0.1666666666666666,0.1666666666666666,0.1666666666666666,0.1666666666666666,0.1666666666666666
176,176.0,0.1666666666666666,0.1666666666666666,0.1666666666666666,0.1666666666666666,0.1666666666666666,0.1666666666666666
177,177.0,0.1666666666666666,0.1666666666666666,0.1666666666666666,0.1666666666666666,0.1666666666666666,0.1666666666666666
178,178.0,0.1666666666666666,0.1666666666666666,0.1666666666666666,0.1666666666666666,0.1666666666666666,0.1666666666666666
179,179.0,0.1666666666666666,0.1666666666666666,0.1666666666666666,0.1666666666666666,0.1666666666666666,0.1666666666666666
180,180.0,0.1666666666666666,0.1666666666666666,0.1666666666666666,0.1666666666666666,0.1666666666666666,0.1666666666666666
181,181.0,0.1666666666666666,0.1666666666666666,0.1666666666666666,0.1666666666666666,0.1666666666666666,0.1666666666666666
182,182.0,0.1666666666666666,0.1666666666666666,0.1666666666666666,0.1666666666666666,0.1666666666666666,0.1666666666666666
183,183.0,0.1666666666666666,0.1666666666666666,0.1666666666666666,0.1666666666666666,0.1666666666666666,0.1666666666666666
184,184.0,0.1666666666666666,0.1666666666666666,0.1666666666666666,0.1666666666666666,0.1666666666666666,0.1666666666666666
185,185.0,0.1666666666666666,0.1666666666666666,0.1666666666666666,0.1666666666666666,0.1666666666666666,0.1666666666666666
186,186.0,0.1666666666666666,0.1666666666666666,0.1666666666666666,0.1666666666666666,0.1666666666666666,0.1666666666666666
187,187.0,0.1666666666666666,0.1666666666666666,0.1666666666666666,0.1666666666666666,0.1666666666666666,0.1666666666666666
188,188.0,0.1666666666666666,0.1666666666666666,0.1666666666666666,0.1666666666666666,0.1666666666666666,0.1666666666666666
189,189.0,0.1666666666666666,0.1666666666666666,0.1666666666666666,0.1666666666666666,0.1666666666666666,0.1666666666666666
190,190.0,0.1666666666666666,0.1666666666666666,0.1666666666666666,0.1666666666666666,0.1666666666666666,0.1666666666666666
191,191.0,0.1666666666666666,0.1666666666666666,0.1666666666666666,0.1666666666666666,0.1666666666666666,0.1666666666666666
192,192.0,0.1666666666666666,0.1666666666666666,0.1666666666666666,0.1666666666666666,0.1666666666666666,0.1666666666666666
193,193.0,0.1666666666666666,0.1666666666666666,0.1666666666666666,0.1666666666666666,0.1666666666666666,0.1666666666666666
194,194.0,0.1666666666666666,0.1666666666666666,0.1666666666666666,0.1666666666666666,0.1666666666666666,0.1666666666666666
195,195.0,0.1666666666666666,0.1666666666666666,0.1666666666666666,0.1666666666666666,0.1666666666666666,0.1666666666666666
196,196.0,0.1666666666666666,0.1666666666666666,0.1666666666666666,0.1666666666666666,0.1666666666666666,0.1666666666666666
197,197.0,0.1666666666666666,0.1666666666666666,0.1666666666666666,0.1666666666666666,0.1666666666666666,0.1666666666666666
198,198.0,0.1666666666666666,0.1666666666666666,0.1666666666666666,0.1666666666666666,0.1666666666666666,0.1666666666666666
199,199.0,0.1666666666666666,0.1666666666666666,0.1666666666666666,0.1666666666666666,0.1666666666666666,0.1666666666666666
200,200.0,0.1664285714285714,0.1678571428571428,0.1664285714285714,0.1664285714285714,0.1664285714285714,0.1664285714285714
201,201.0,0.1657761904761905,0.1698690476190476,0.1657761904761905,0.1657761904761905,0.1670261904761905,0.1657761904761905
202,202.0,0.164894380952381,0.1716120238095238,0.1663229523809524,0.164894380952381,0.167381880952381,0.164894380952381
203,203.0,0.1637910942857143,0.173071725,0.1666339514285715,0.1652196657142857,0.1674924692857143,0.1637910942857143
204,204.0,0.1625352253428572,0.1742975959642857,0.1667653682,0.1651995110571429,0.1686670740928572,0.1625352253428572
205,205.0,0.1625562865675527,0.1752738851134813,0.1665049506512468,0.165002500853267,0.1695346616754712,0.1611277151389813
206,206.0,0.1623713959758204,0.1759465236683396,0.167435611930943,0.163329026690106,0.1713889029018281,0.1595285388329632
207,207.0,0.1618006167028392,0.1761367693503649,0.1704408423053515,0.1612660887528392,0.1727852090429091,0.1575704738456964
208,208.0,0.1611243565205752,0.1761270701011314,0.1741025770057014,0.1591093739093608,0.1739915216569421,0.1555451008062894
209,209.0,0.1603063546932076,0.1758839459776858,0.1785864053952522,0.1568362555701555,0.1749612055419201,0.1534258328217791
210,210.0,0.1594582511178064,0.1765224564229695,0.1833902798211883,0.155998962411045,0.1732975124461846,0.1513325377808064
211,211.0,0.1585447116081035,0.1770012274788314,0.1876039982054532,0.1551297451630713,0.1714835916019388,0.150236725942602
212,212.0,0.1575905060617169,0.177340536282746,0.1921898935138258,0.1542495793166914,0.1695616959015672,0.149067788923453
213,213.0,0.1566153037438395,0.1775569965779293,0.1961951921311146,0.1533744219962703,0.1675679023937467,0.1486901831570997
214,214.0,0.1558102492840922,0.1768400215415957,0.1993121431644977,0.1526918168517093,0.1657086317235933,0.1496371374345121
215,215.0,0.1536378070126879,0.1760901244572601,0.2044603166239363,0.152089334716868,0.1638890243140417,0.1498333928752061
216,216.0,0.1525494804265467,0.1750754225078922,0.209376866773989,0.1498937426908773,0.1618806359204535,0.1512238516802415
217,217.0,0.1514862027614651,0.1739960047379503,0.2143407354990388,0.147735483507288,0.1598858900636296,0.1525556834306282
218,218.0,0.1490769810228673,0.1727400160280705,0.2198937061004893,0.146753285594575,0.157794249069341,0.153741762184657
219,219.0,0.1466273272323162,0.1713594987561706,0.225812211700559,0.1457361902016031,0.1556581442581024,0.1548066278512488
220,220.0,0.1442907811329126,0.1712557109511718,0.2301255137433852,0.1448228580303279,0.1536283830597212,0.1558767530824813
221,221.0,0.1419682863054248,0.1710659064333227,0.2346315551198197,0.1439009349691815,0.1516035176137843,0.1568297995584671
222,222.0,0.1396907534800268,0.1717187667372688,0.2383114560281917,0.1429895902468533,0.1496123979085978,0.1576770355990618
223,223.0,0.1389110938193958,0.1708070465613408,0.2420746678698601,0.1421029400827453,0.1476776211731988,0.1584266304934592
224,224.0,0.1382697841361289,0.1699183990773633,0.2454661365239878,0.1413155633408585,0.1458810826961445,0.159149034225517
225,225.0,0.1376952999652198,0.1697004291320067,0.2481045062381722,0.140561303882287,0.1441628214722685,0.1597756393100458
226,226.0,0.1376177725282107,0.1686347022173161,0.2503036882242508,0.1404540329329254,0.1429632613195605,0.1600265427777366
227,227.0,0.1376522424650428,0.1676056123383327,0.2521586613832252,0.1404333711045931,0.141906488771392,0.1602436239374144
228,228.0,0.1391211091729074,0.1665938404143294,0.2525222932032124,0.1405748079374143,0.1410727366267344,0.1601152126454022
229,229.0,0.1406656948570732,0.1656311240173999,0.2525867847966148,0.1407851697463959,0.1403724909161338,0.1599587356663825
230,230.0,0.1422629817630684,0.1647221847588061,0.2523814052701566,0.1410554604158322,0.1397994034532905,0.1597785643388462
231,231.0,0.1438917268996502,0.1638707343173003,0.2519351955310885,0.1413769841529832,0.1393464892880572,0.1595788698109205
232,232.0,0.1455324969923941,0.1630795383155888,0.2512767006980623,0.1417414024137061,0.1390062602323253,0.1593636013479234
233,233.0,0.1471676818447563,0.1623504832697094,0.250433734228804,0.1421407815630364,0.1387708500657019,0.1591364690279921
234,234.0,0.1487814881322516,0.1616846456345375,0.2494331729516293,0.1425676317206199,0.1386321310009424,0.1589009305600193
235,235.0,0.1501218204103962,0.160844266807259,0.2494912581505779,0.1427768420459605,0.1383437258804128,0.1584220867053937
236,236.0,0.1528454799002011,0.1600694904096429,0.2494301157546194,0.1415737987047431,0.138137773075181,0.1579433421556124
237,237.0,0.1575682825669874,0.159384952736148,0.2458513852863093,0.141670920556199,0.1380315356552185,0.1574929231991378
238,238.0,0.1619049186782217,0.1586284825061043,0.2420735291634824,0.1415133381886644,0.1378561116712051,0.1580236197923221
239,239.0,0.1657673051950136,0.157828726566356,0.2390570162905962,0.1412669867366026,0.1376340629082749,0.1584459023031565
240,240.0,0.1702975765449727,0.1569591221583822,0.2357780996936078,0.1397932066229871,0.1384444945541712,0.1587275004258788
241,241.0,0.1743609142585554,0.1560694410821761,0.233182172547261,0.1382635694242003,0.1392101451606431,0.1589137575271639
242,242.0,0.1780302614391467,0.1550738345685696,0.2315470250480849,0.1366022039739938,0.1398310830788153,0.1589155918913894
243,243.0,0.1813301490650651,0.1540146766232644,0.2306838037222273,0.1348607221488372,0.1403373955951613,0.1587732528454444
244,244.0,0.1853895242155189,0.1529228028577723,0.2304545037211703,0.1330784392933658,0.1407493710135893,0.1574053588985832
245,245.0,0.1901009352956408,0.1519124035917667,0.2293889350033537,0.131377258339166,0.1411723232897066,0.156048144480366
246,246.0,0.194533882783481,0.1509854353679592,0.2283995619458134,0.1297660809056525,0.1416009252149833,0.1547141137821106
247,247.0,0.1983688532603588,0.1500670671886105,0.2272613859858243,0.1290095941726675,0.141954568229493,0.1533385311630457
248,248.0,0.2024128425081497,0.1491697019851473,0.2260129069354691,0.1282198706274649,0.1422412910482466,0.1519433868955223
249,249.0,0.2031270972798729,0.1486753657371684,0.2251681771348251,0.1278409761195633,0.1442686425163561,0.150919741212214
250,250.0,0.2027825034204728,0.148262984625891,0.2251787854404442,0.1275499024045973,0.1462708576827765,0.1499549664258182
251,251.0,0.2021889966822607,0.1477978953181659,0.2258205360700879,0.1272101865098313,0.1482387252843096,0.1487436601353444
252,252.0,0.2009767179948146,0.1482643341010297,0.2283283012144613,0.125785173617277,0.1495767445471719,0.1470687285252453
253,253.0,0.1995094608797259,0.1487292773173885,0.2311884120936581,0.1243797447877398,0.1507850279381098,0.1454080769833778
254,254.0,0.197885088058602,0.1492459173994216,0.2340485714869423,0.1230636882109058,0.1519221585180986,0.1438345763260297
255,255.0,0.1961355548302576,0.1509150293708522,0.2368801729489724,0.1218412272272729,0.1529838802624334,0.1412441353602115
256,256.0,0.1936590044358302,0.1526138324321837,0.2402529943534915,0.1207243843965149,0.1539762743463937,0.138773510035586
257,257.0,0.1911215854145535,0.1543141276855711,0.2435434712064914,0.1197055245734101,0.1548881078369355,0.1364271832830383
258,258.0,0.1885547588193254,0.1559987629592749,0.2467269331945939,0.1187850380554243,0.1557183184584954,0.1342161885128861
259,259.0,0.1860541499905096,0.1578369955830641,0.2495384631906237,0.1179011035660366,0.1569659893909789,0.1317032982787872
260,260.0,0.1838143782213676,0.1586246101574973,0.2511996823522573,0.1172255654155235,0.1596742502603085,0.1294615135930459
261,261.0,0.1809370446415689,0.1594385003974233,0.2530939735524842,0.1167196657129049,0.1623537292807876,0.1274570864148311
262,262.0,0.1781283151316136,0.1601997180157118,0.254838177584534,0.1163033177922359,0.1649123280289146,0.1256181434469904
263,263.0,0.1754094165796167,0.1609059180983435,0.2564298611249037,0.1159717299545281,0.1673365485444433,0.1239465256981648
264,264.0,0.1727400493864173,0.1613892116494507,0.2577934146415268,0.1156546608781991,0.1701852614961661,0.1222374019482402
265,265.0,0.1692855181189734,0.162725843169512,0.2590054658728596,0.1154124024503713,0.1728748229653274,0.1206959474229564
266,266.0,0.1659770663155656,0.1639989307282498,0.2600690445351178,0.1152398961904729,0.1753942524854917,0.1193208097451024
267,267.0,0.1631750508897048,0.1655439781880892,0.2581678492780733,0.1154737722861903,0.1791883604093485,0.1184509889485939
268,268.0,0.1605491560502026,0.1670106467766294,0.2561558309846885,0.1157633614333125,0.1827840455095978,0.1177369592455693
269,269.0,0.157996917575707,0.1682809965840039,0.2537308588081979,0.1159890853241166,0.1869429709953755,0.1170591707125992
270,270.0,0.1555455831235533,0.1693710468993463,0.2518948414950406,0.1161641641544173,0.1905944963005438,0.1164298680270989
271,271.0,0.1533065453329985,0.1694758059565853,0.2501860316108027,0.1163888813389316,0.1946952704325361,0.1159474653281459
272,272.0,0.1511764194612427,0.1694063916545952,0.2489269783296165,0.1165514804158476,0.1984411789491683,0.1154975511895298
273,273.0,0.1491695116790198,0.169188274779678,0.2478476341863264,0.116786850235459,0.2019432363397972,0.1150644927797198
274,274.0,0.1477922705539,0.1683340911734601,0.2478103455180994,0.1174702950902352,0.2025913266236361,0.1160016710406694
275,275.0,0.1466097875457099,0.1674302750594194,0.2477898510926829,0.1181644587423976,0.2029786513228115,0.1170269762369788
276,276.0,0.1456144116728384,0.1664908278494786,0.2477846764300501,0.1188613276756861,0.203127413748798,0.1181213426231489
277,277.0,0.1447973859804823,0.1655287071253272,0.2477933413005489,0.1195536626726551,0.2030599825046545,0.119266920416332
278,278.0,0.143929867625322,0.1644772626328423,0.2478582107185996,0.1204231216308481,0.2028315279821644,0.1204800094102237
279,279.0,0.143222841331162,0.163426626125289,0.2465049920519004,0.1212739824960677,0.2024308480132911,0.1231407099822898
280,280.0,0.142667328154844,0.1622502368678797,0.2442656496722167,0.1222365827703289,0.2027882628514528,0.1257919396832778
281,281.0,0.1421539091795378,0.1609940477963633,0.2418035044543562,0.1238947919365722,0.2028380314017548,0.1283157152314157
282,282.0,0.1417499262146,0.1597448820703799,0.2393813147755142,0.1256118101304033,0.2027455624741287,0.1307665043349738
283,283.0,0.1414695565697243,0.1585372317153386,0.2370403880596585,0.127270532213071,0.2025405991002382,0.1331416923419693
284,284.0,0.1412804355918094,0.1574860392415553,0.234773200260105,0.1288303760134616,0.2022206508847645,0.1354092980083041
285,285.0,0.1411095387481473,0.1571693509388222,0.2324027183608881,0.1301552180013858,0.2016710418346466,0.1374921321161097
286,286.0,0.141034438066172,0.1569053369246732,0.2301545481772747,0.1313968394613197,0.2010494601609709,0.1394593772095894
287,287.0,0.1410463049365342,0.1568212400402615,0.2280389402395407,0.1324212761015926,0.20036931894283,0.1413029197392409
288,288.0,0.1411363239352968,0.1567830264245742,0.2260637944024753,0.1333568851546512,0.1996432755468518,0.1430166945361506
289,289.0,0.141295779659632,0.156786489886896,0.2242348159143824,0.1342031932886863,0.1988831806247797,0.1445965406256235
290,290.0,0.1415161338797393,0.1568274280848026,0.2225556778252457,0.1349606675142598,0.198100040278444,0.1460400524175086
291,291.0,0.1417890932038403,0.1569016841627565,0.2210281874760609,0.1356306164799622,0.1973039904537342,0.1473464282236458
292,292.0,0.141997303208404,0.1570325248519461,0.2198079573886692,0.1361108553547278,0.1965196619542196,0.1485316972420332
293,293.0,0.1422435846132401,0.1571883763123805,0.2201650831132265,0.1365093668395589,0.1943113130820682,0.1495822760395257
294,294.0,0.1410930960357016,0.1573651789523309,0.2206525435255782,0.1382589099871719,0.1921291436489795,0.1505011278502379
295,295.0,0.1398252148485231,0.1574085683743133,0.220921603485152,0.1395022496083339,0.1899629087838241,0.1523794548998534
296,296.0,0.1400136448388261,0.1575704119056543,0.2198342695804872,0.1406317957171225,0.1878416372782098,0.1541082406797001
297,297.0,0.1399266433542058,0.1574266274879071,0.2183901038269457,0.1411721267734448,0.1865914857785735,0.156493012778923
298,298.0,0.1398783378427152,0.1572949300458726,0.2170499453526648,0.1416231895434128,0.1854235580850281,0.1587300391303064
299,299.0,0.1402178897989147,0.1576595548405266,0.215654723168179,0.1424735272120893,0.1822143269669158,0.1617799780133745
300,300.0,0.1404072532948191,0.1578529376859682,0.2141911890994362,0.143060423198631,0.1789357293635887,0.1655524673575568
301,301.0,0.1406202678272132,0.1580509832343785,0.2128415239612639,0.1435650669971001,0.1757882021853159,0.1691339557947284
302,302.0,0.1407135492582353,0.1581123558710874,0.2114689486230979,0.1438517484994304,0.1726512247724858,0.1732021729756633
303,303.0,0.1393036575642317,0.1580842000699891,0.2113703240141633,0.1439734880293033,0.170407384649955,0.1768609456723576
304,304.0,0.1395296842993204,0.1582361398432648,0.2115575529959381,0.1429559519990554,0.168513832463945,0.1792068383984761
305,305.0,0.1397793487818127,0.1583879319500302,0.2118394636338193,0.1418875290392871,0.1667937606569496,0.181311965938101
306,306.0,0.1397115332822018,0.1588012311306053,0.2123207277201449,0.1407401324234253,0.1651812324354529,0.1832451430081696
307,307.0,0.1394675034039179,0.1589960935766265,0.2124837498538652,0.1406212046886487,0.1635451345331933,0.1848863139437483
308,308.0,0.1392269244695845,0.1591506295483863,0.2126779311808505,0.1405982715954347,0.1620636496457754,0.1862825935599685
309,309.0,0.1389907711566257,0.1593982161274968,0.2116460419334555,0.1417869105608492,0.1607349095508743,0.1874431506706984
310,310.0,0.1397321225435093,0.1594640393543987,0.2105049949432109,0.1426422643336143,0.1594168434022089,0.1882397354230578
311,311.0,0.1419205646624481,0.1592996161110427,0.2068986860835051,0.1430229897152015,0.1594683452005282,0.1893897982272742
312,312.0,0.1440960974256407,0.1591285163757892,0.2033855288057056,0.143371643389814,0.1596651299463375,0.1903530840567129
313,313.0,0.1462382564410296,0.1589531187951805,0.1999913395243997,0.1436879459914032,0.1599907014974295,0.1911386377505574
314,314.0,0.1500749892392733,0.1590930674470185,0.1970556236502114,0.1442894299187156,0.1607463857752255,0.1887405039695556
315,315.0,0.153827042542675,0.1592297139358259,0.1942761767154566,0.1448558479141918,0.1615959003785627,0.1862153185132878
316,316.0,0.1574653637676851,0.1593620220130177,0.1916651662955394,0.1453850423910604,0.1625213671288538,0.1836010384038435
317,317.0,0.160898226823903,0.1610937302055831,0.1892392717416186,0.1458643244087486,0.1620199147523933,0.1808845320677532
318,318.0,0.1641718933750363,0.1628034164301195,0.1869975688040348,0.1463038998058961,0.1615766689379775,0.1781465526469357
319,319.0,0.1655682477047836,0.1643852769302753,0.1871908085972833,0.146430616217858,0.1610993323966368,0.1753257181531629
320,320.0,0.1666136548945832,0.1669895224267337,0.1871943436711277,0.1463413754959166,0.1604993343197239,0.1723617691919147
321,321.0,0.1674934698722464,0.1695235862506143,0.1873485377181985,0.1462193800463958,0.1599556551272794,0.1694593709852654
322,322.0,0.1682154537092101,0.1721099910013585,0.1874959378302798,0.1460691252965488,0.159468099722781,0.1666413924398216
323,323.0,0.1687881696811746,0.1758408779753922,0.18651250996313,0.1458949397239066,0.159035931281479,0.1639275713749174
