,Unnamed: 0,Generation,Intertwine_two,Add_vertex,Delete_vertex,Invert_path_vertices,Insert_inside_vertex,Delete_inside_vertex,Replace_inside_vertex,Donate_between_routes,Trim_one_terminal_cb,Grow_one_terminal_cb
0,0.0,0.0,0.09999999999999999,0.09999999999999999,0.09999999999999999,0.09999999999999999,0.09999999999999999,0.09999999999999999,0.09999999999999999,0.09999999999999999,0.09999999999999999,0.09999999999999999
1,1.0,1.0,0.11414163743937289,0.09697623939048075,0.09857211010937453,0.10612437807003092,0.09464340559591407,0.0993213619413278,0.09439847560637746,0.08441567133929331,0.10152087014357938,0.10988585036424843
2,2.0,2.0,0.11633201147091535,0.10288378073427204,0.09015320229742582,0.10325314884487294,0.09197159488199498,0.10580612335007233,0.09064919663215562,0.08169249063754855,0.10735759766415783,0.10990085348658403
3,3.0,3.0,0.11161672734111397,0.09553588439899305,0.09862478086580613,0.11058584286883288,0.08804142310553245,0.10904600383824141,0.08785434928081799,0.08541620618039536,0.11016091131088672,0.10311787080937951
4,4.0,4.0,0.11282475443759359,0.09996531634311842,0.09817065220099408,0.10569960896739423,0.09575505728806524,0.09144117917015353,0.08239699584810803,0.08212924291348328,0.11970331543311194,0.11191387739797712
5,5.0,5.0,0.11110202477026387,0.09970880798464032,0.09595307559770858,0.10365429590275932,0.09072195147012294,0.10425088214179583,0.08539068197069205,0.08040849566742062,0.11581179308062169,0.11299799141397426
6,6.0,6.0,0.11729491946534717,0.09677389285314661,0.09358586909060107,0.10512804185254235,0.09042424758651584,0.10519579773154679,0.08665385486601437,0.0786486741136745,0.11807504523803836,0.10821965720257246
7,7.0,7.0,0.10681464222432938,0.10842602228910991,0.09506256958369236,0.09897331171484762,0.09601695158422106,0.0954733062308388,0.07650367011599751,0.07291230905900714,0.13161687620265056,0.11820034099530519
8,8.0,8.0,0.09803045848327958,0.10532864164972336,0.08625986395388052,0.11313273726010524,0.09748125594278131,0.08925892484129774,0.09409009625950027,0.07693672869174079,0.11690077938677694,0.12258051353091388
9,9.0,9.0,0.11330896081845196,0.10004150882218417,0.0931249034171713,0.11211821437017186,0.08730337311224165,0.09822395512761702,0.07879645737253368,0.0836440043728082,0.1197804885044906,0.11365813408232914
10,10.0,10.0,0.10243528731512944,0.10259052170628398,0.0894076295750644,0.10081512602791835,0.08623990373184001,0.10149565504820493,0.0841486988866634,0.07884370232224679,0.13005012227955623,0.12397335310709198
11,11.0,11.0,0.11052690684246187,0.10593058562137665,0.09587446260191498,0.113023832172409,0.08548238126392349,0.10840854456603646,0.0783190480393286,0.07690254375177819,0.11754717705900594,0.10798451808176432
12,12.0,12.0,0.10549224912976914,0.10996343111680189,0.1007448186560947,0.10879367749335947,0.06990516678504191,0.10835333301655833,0.08211538174909017,0.06821280975613486,0.12479165096220608,0.12162748133494292
13,13.0,13.0,0.11675338009707918,0.10689675040871083,0.10996906565613355,0.09403244890550302,0.0787124842367933,0.09917961604119228,0.07282801399512522,0.08093098163760856,0.11653278932763422,0.12416446969421932
14,14.0,14.0,0.11100831822935112,0.09801770086648373,0.10753692670021579,0.10690424395616702,0.0913264060286899,0.09773832559208734,0.07317892378791599,0.08031229030161109,0.11845350924919618,0.11552335528828137
15,15.0,15.0,0.09924645282619589,0.10573312165998656,0.10761001155598215,0.09263926742276878,0.08240030677914874,0.10452969524512719,0.09133542675867988,0.07636794283835384,0.11528772702352719,0.12485004789022935
16,16.0,16.0,0.0971624526904993,0.10007400817819437,0.09695263273397174,0.11407583816831712,0.08304283689289903,0.1059770291482843,0.08415421587925506,0.07430078336246956,0.13095379633074292,0.11330640661536615
17,17.0,17.0,0.11165263172954928,0.10766816204629841,0.11737468177812715,0.09159632787919231,0.0671645027165008,0.09745574756336348,0.06472906457874512,0.07486669672938016,0.13640102868572646,0.1310911562931163
18,18.0,18.0,0.10161548702427385,0.11307385540556059,0.09973711454583567,0.09905861082632123,0.08942522425243747,0.10011661980809486,0.08034342113869926,0.07119840993869689,0.12208540242942453,0.12334585463065513
19,19.0,19.0,0.10041370246264561,0.0903093274321797,0.10263935955637282,0.09978120233069263,0.08980022498921134,0.10519399682919528,0.08423839560528106,0.08040145318886308,0.11981863006803746,0.12740370753752056
20,20.0,20.0,0.10425453501111051,0.1166213457071116,0.10762797082026945,0.10213736407137672,0.076491313610821,0.10628791671026527,0.07448624032123288,0.08039477017162872,0.11568847998882444,0.11601006358735896
21,21.0,21.0,0.09802840919104111,0.09823505797322289,0.10003746738857655,0.10033533150713951,0.0852540512138899,0.10328508165566777,0.0893712418380969,0.07702552608145831,0.130110949564848,0.11831688358605863
22,22.0,22.0,0.10213184660506021,0.10692844425202183,0.10738171730980672,0.09740830896176345,0.08154285569434147,0.10689046626890523,0.0763361645480989,0.07938232735822764,0.1272804252507792,0.11471744375099475
23,23.0,23.0,0.10972263640186823,0.08571890379623123,0.10176786363361852,0.10836135387406895,0.08812029663097062,0.11735067200551681,0.07878525867263211,0.08129437906091973,0.1151850207820728,0.11369361514210057
24,24.0,24.0,0.09168825671587161,0.08970876688217386,0.11362105373297608,0.10178775182824706,0.08462320768083219,0.11335108779270861,0.08696797591357616,0.06241290017695561,0.13520931253413193,0.1206296867425265
25,25.0,25.0,0.10921303687590578,0.09370500513661087,0.11036198561718806,0.10851840821183703,0.07580719049732629,0.09276192773413817,0.07852601301849069,0.07213454636019831,0.1456634099380647,0.11330847661023964
26,26.0,26.0,0.10674784930894246,0.09237133381477361,0.10337397848163651,0.10654350660866323,0.07035990049320595,0.11159481579105317,0.06817595669240421,0.07404947809316122,0.13831235380307508,0.12847082691308415
27,27.0,27.0,0.10419383891441354,0.09110744805205082,0.11771690226090062,0.09668059194022062,0.08442392646946577,0.10019622630042382,0.0667120049655929,0.08091916811284752,0.1388311072148653,0.1192187857692186
28,28.0,28.0,0.09370350890068954,0.11093109969572304,0.123813028857641,0.10214971653949131,0.06611491188731548,0.10097965787516187,0.09384068734237143,0.06538406573591919,0.13092998511354548,0.11215333805214119
29,29.0,29.0,0.10682340957231418,0.10492445043698743,0.10869664885932324,0.09071372346156117,0.08515155080759283,0.11126031106731112,0.06797332830107236,0.06894631994615914,0.12934603891325142,0.1261642186344266
30,30.0,30.0,0.11042434061868485,0.10749427601426569,0.11596872320976163,0.11057748198629606,0.0682426574965164,0.09359609070889299,0.07247146521879846,0.07784766353246667,0.12222255173083933,0.12115474948347744
31,31.0,31.0,0.10002552402130485,0.09990586651192747,0.11296589627400337,0.10128380477642232,0.06902782814552494,0.10375712065637688,0.08699675558998943,0.07525938297968393,0.1362783517621687,0.11449946928259766
32,32.0,32.0,0.1228455146110032,0.10844349477581405,0.1116306693217703,0.0953277486289052,0.06216045849248915,0.1000760589238791,0.07297792122346843,0.06313459469790753,0.14667150265830078,0.11673203666646181
33,33.0,33.0,0.09398155791074939,0.10718660909793407,0.10605582226278998,0.09589386021964101,0.06707888362766277,0.10638817676843251,0.07970722855931846,0.07905789067027817,0.1270715232351221,0.13757844764807106
34,34.0,34.0,0.09465405200399599,0.10030737185735679,0.1231643071604079,0.10018544344630778,0.07281014550914235,0.10101531605138403,0.06888959731168517,0.062128630283251204,0.15549164881828462,0.12135348755818379
35,35.0,35.0,0.09500764336696588,0.10847754931437223,0.12000901704309905,0.1014554128424769,0.07643022789887889,0.10780479793987467,0.07117470495375863,0.0689757632220614,0.12969289001724424,0.12097199340126763
36,36.0,36.0,0.11903755742475446,0.09907925750255617,0.09038021052794203,0.09588493936721144,0.0717771046227372,0.10293872649104145,0.08121027901330331,0.05709419066288124,0.14557781745010062,0.13701991693747154
37,37.0,37.0,0.09943643145886469,0.10363569933620713,0.10567696762746817,0.11587227041536459,0.07390305850992837,0.11560952926730253,0.059633310714452936,0.06244761538384147,0.1374675114763558,0.12631760581021384
38,38.0,38.0,0.10273754416111977,0.10571276211553252,0.11645286763438312,0.10731769850983072,0.07599671823139328,0.09712649517269809,0.07534415969535077,0.05417181905143351,0.13961780463948908,0.12552213078876864
39,39.0,39.0,0.09819567396971425,0.11503551398272809,0.11428908543244534,0.09448363804567264,0.07560204075851684,0.11083882365129974,0.08100003569052386,0.05740078113734073,0.13102250724988754,0.12213190008187055
40,40.0,40.0,0.08533042651329006,0.1067130657400619,0.1154901882489483,0.09805100934655223,0.08280157941969776,0.10092784802442015,0.06334961401268133,0.06752706162880433,0.14773362190661785,0.1320755851589257
41,41.0,41.0,0.11759207459787568,0.08839756854982438,0.12063987810387777,0.11182776521264222,0.07651732465580445,0.11677438040445343,0.06356932643045496,0.052500977517068684,0.13829979975695544,0.11388090477104247
42,42.0,42.0,0.10153953413444602,0.10727718474387031,0.12019138372515945,0.09324041070441266,0.06959403927425466,0.11534024019204678,0.06932464212094742,0.070667318776773,0.13241008757022044,0.12041515875786875
43,43.0,43.0,0.09968109163715962,0.10467178670001387,0.11363790633690647,0.1031213992526514,0.061541202878641774,0.11976696723361577,0.06766938595294883,0.07073321084710368,0.13278311649947694,0.12639393266148113
44,44.0,44.0,0.0851902050599919,0.09388739673212267,0.13519817523908934,0.08545702879490609,0.0786890931620168,0.09827420764421431,0.07424157657971894,0.06235347913897212,0.16085386320582923,0.12585497444313803
45,45.0,45.0,0.10697077455473122,0.08437496025382157,0.11520008303656484,0.09415607282620254,0.07135584968412917,0.1099570232774838,0.07480396624145852,0.061290958876830184,0.14885341856982942,0.13303689267894822
46,46.0,46.0,0.09535149297404144,0.10168055598258152,0.12011140603393251,0.10214648722616149,0.08850008453932355,0.10270126988786543,0.0632001628125601,0.07763827288525264,0.12330703614162444,0.12536323151665646
47,47.0,47.0,0.09623222206964016,0.11870164647946413,0.1016139625965367,0.10047165566931193,0.07417397833047912,0.10851884679946835,0.07706405601611033,0.058466036844980564,0.13435332184478224,0.13040427334922605
48,48.0,48.0,0.09847750369233124,0.09172586058418299,0.12044391768136047,0.08602101132812838,0.07209948762009857,0.10103225343111624,0.07819636663523977,0.07218730929907625,0.14853764356153823,0.13127864616692744
49,49.0,49.0,0.10707670565077605,0.11184872713917152,0.11219016441623364,0.09935425379707662,0.05589470734134573,0.10832567303331395,0.07737760275072045,0.05809166775499104,0.1369819553611604,0.13285854275521014
50,50.0,50.0,0.08848988115830321,0.11783045900787617,0.12248111064567027,0.09438214030902897,0.07446187136198953,0.10262515137456238,0.07227292996340501,0.07670357509322077,0.12979105772231636,0.1209618233636269
51,51.0,51.0,0.11054872653056882,0.11899299217469994,0.11748181015242087,0.09727165061279079,0.05539577746655178,0.12045903137601895,0.05311168417753189,0.06264569930491362,0.13259528664931386,0.13149734155518905
52,52.0,52.0,0.09758918910747276,0.10090470536470801,0.1371379685880465,0.09017758694757459,0.06824823487897622,0.1039620269305993,0.05888314110569345,0.06956385925657385,0.1415701173076302,0.1319631705127247
53,53.0,53.0,0.10961442379717372,0.10145975689716484,0.12229504550345494,0.09348740484375932,0.06596955838416359,0.10761619889981859,0.0688362499455872,0.0630532761353488,0.13584467585572918,0.13182340973779932
54,54.0,54.0,0.09028665629036295,0.10101940676108409,0.13651387403707807,0.10265612074172933,0.0648968983735497,0.1114201364394789,0.06496646337371356,0.06534006823919705,0.13849077453894146,0.12440960120486441
55,55.0,55.0,0.09672451201854639,0.09427473207807512,0.13588150134837343,0.11035785187226672,0.05508278777207463,0.10238043011795175,0.060938421440045853,0.05155614864480203,0.1504255649212494,0.1423780497866143
56,56.0,56.0,0.09174674213188021,0.10795378927367975,0.11441309899993053,0.10471550902098384,0.07642829223906807,0.11100713801679425,0.06679366139561912,0.05777202183477126,0.13730727301972445,0.13186247406754797
57,57.0,57.0,0.0956360344522966,0.10247945959226698,0.13702517879753415,0.12569634247302555,0.052014732738375556,0.09551764991161013,0.05776173509128464,0.06470255043443372,0.13806522783715366,0.1311010886720186
58,58.0,58.0,0.09978745491105849,0.10634124988546242,0.11643913507373385,0.10646645378561292,0.058027537793259774,0.10950442818207984,0.07065485429969949,0.05541402089912021,0.15674172031986533,0.12062314485010717
59,59.0,59.0,0.09295398305557326,0.09492897072837733,0.12315644575659483,0.09497300406825641,0.07233551954951288,0.1057554332809619,0.07087274623216044,0.06479755581406131,0.14881241693982666,0.13141392457467446
60,60.0,60.0,0.09142859332745724,0.10623128689451544,0.1271715565948648,0.0914563562006743,0.07699640163672634,0.11236590214138535,0.057256734482907246,0.06219144774322947,0.1488509150569971,0.12605080592124235
61,61.0,61.0,0.10183015592170067,0.08405376986474963,0.11594946471138257,0.09520001308936278,0.07505710273757317,0.09229688444927293,0.08043032290455757,0.06322140896298063,0.15514308726851161,0.13681779008990794
62,62.0,62.0,0.11063701124967143,0.09580470751979134,0.11493199501708755,0.09321590210415039,0.06867058907603103,0.09372836490000643,0.08927230580364286,0.041251207688072486,0.15654709092976601,0.13594082571178012
63,63.0,63.0,0.09755145742857194,0.11620698197010108,0.1245789375434418,0.09931778078849204,0.06342500110950382,0.10991208971544944,0.08261107187530288,0.052615591284529105,0.13406064488176922,0.1197204434028383
64,64.0,64.0,0.09593147748043933,0.10768661103588298,0.11667365259308153,0.10439988168464338,0.08238710645320385,0.1005588402778197,0.06380878492470077,0.047867365956718234,0.15432950476766036,0.12635677482584937
65,65.0,65.0,0.10495699790840121,0.10161027400862692,0.13551172037298947,0.09189152718103458,0.07266212899022001,0.10569430736621763,0.05823674797881816,0.06418900187480951,0.1338466566063153,0.1314006377125668
66,66.0,66.0,0.0907054591937319,0.09642892281627272,0.11474559070989973,0.08319596023029913,0.0792684033266126,0.11290809565034807,0.07933463526842796,0.0757107008748953,0.13603233124143682,0.13166990068807533
67,67.0,67.0,0.09394172165954877,0.10074450600386868,0.1175906232965936,0.10516638310227064,0.07014524596095348,0.10632398398769724,0.057680297007368396,0.06661609119109604,0.14226333319467538,0.13952781459592728
68,68.0,68.0,0.10391887728758768,0.10639725852177417,0.13068762241427398,0.09748437500908251,0.0684561220337507,0.11295193413197806,0.07031757303079209,0.0371826792233775,0.13903926134124428,0.13356429700613853
69,69.0,69.0,0.10628519519247041,0.1102485356207655,0.13720406752220365,0.09876517239853282,0.06711799001526093,0.1016961788578227,0.054841821718090954,0.05634675884991225,0.14185578085105394,0.12563849897388635
70,70.0,70.0,0.09103868252907386,0.1205992562535351,0.11785494195229881,0.10337097518491649,0.06995397501615946,0.10914530261613312,0.07437665867519802,0.03900099090227297,0.13712371100599216,0.13753550586441965
71,71.0,71.0,0.1003840030270196,0.10257872549949236,0.13050033678619868,0.08587575164949299,0.06958799046680161,0.09038012437128519,0.06291732243124212,0.05515108040452991,0.14774854225806294,0.15487612310587423
72,72.0,72.0,0.10141162981709266,0.11705659800899818,0.1227600462221844,0.07979519490956552,0.08691388538260389,0.09323613109464121,0.0697676062900744,0.05309308858391577,0.15091988603009726,0.12504593366082623
73,73.0,73.0,0.082419649925669,0.10158992900335666,0.13482312766737709,0.0965768395741029,0.06692479222411939,0.10677508036884487,0.0626554311387521,0.0512142796819979,0.15424122360368098,0.14277964681209873
74,74.0,74.0,0.099526957938409,0.0922591222320381,0.13587248762001541,0.11259515832176399,0.05427369609781117,0.10964945058143508,0.058735316268459646,0.05763185005016781,0.14143626376333893,0.13801969712656043
75,75.0,75.0,0.08757743107328732,0.08938226628541099,0.13198266211516854,0.09374540504294847,0.06963848220908106,0.12162100326583618,0.06363902145313968,0.041910538222556595,0.15849072667556324,0.14201246365700756
76,76.0,76.0,0.08615688864639678,0.09779672795988412,0.13353249413380647,0.10533867768212284,0.062464755845520914,0.11499590980029906,0.06495580650040933,0.0659636286218058,0.150157768068291,0.11863734274146331
77,77.0,77.0,0.09531183109681862,0.10185566823734912,0.1250509494753657,0.10105038369144079,0.07519505093673684,0.1155099957127117,0.06751416168039412,0.043181441003110756,0.13993791680219253,0.13539260136387934
78,78.0,78.0,0.10563164699321181,0.10435429083594461,0.12935128130237009,0.09115456075458973,0.06649309255791469,0.11684086636563476,0.05999455599160589,0.04217651539219105,0.1596284744566318,0.12437471534990521
79,79.0,79.0,0.1100550133322239,0.10260903461041826,0.13770306521730385,0.08248237975646575,0.060242190724690434,0.10263549095064868,0.060852430930028976,0.050725879907488836,0.15859583998708027,0.13409867458365066
80,80.0,80.0,0.09052779011093443,0.09795325060871259,0.1323360074763195,0.09195624345080826,0.055034763365207684,0.10593427887872364,0.07552469200305337,0.05800946532204643,0.15669524097664964,0.13602826780754407
81,81.0,81.0,0.11747635905923488,0.09518395411972971,0.1236094117777586,0.08306376275098792,0.09338816282706401,0.09122224688125066,0.05832621576001997,0.04841978369930193,0.13928908797771467,0.15002101514693733
82,82.0,82.0,0.08114841469808175,0.10810444505806113,0.12174615361125389,0.08095774437876815,0.05371578333652667,0.1325632959418015,0.060645240074049866,0.05978279840792694,0.1599652122294657,0.14137091226406392
83,83.0,83.0,0.07027079601198268,0.1091625858655219,0.1217726238312481,0.07759625597993308,0.05964558496768711,0.11923213491618026,0.06077139891662788,0.05503493612067617,0.1781445148881116,0.1483691685020309
84,84.0,84.0,0.09404603841866413,0.09670745440003634,0.12191303459277199,0.10398913005365049,0.06182099303082533,0.11242778195570621,0.04351789915805985,0.048780952438831814,0.1723363572929298,0.14446035865852372
85,85.0,85.0,0.09722837821677541,0.11357320214308553,0.13906919173175336,0.09979678802273652,0.06588918118872686,0.10326066054304676,0.06125312704369299,0.05584750504271717,0.13881086737759263,0.12527109868987235
86,86.0,86.0,0.0949090354887337,0.09439016225200828,0.11599206226877981,0.08887312814368795,0.056519550884037574,0.12132430594932522,0.058388938202351845,0.05707600364228451,0.1679124254807441,0.14461438768804663
87,87.0,87.0,0.09914424552277899,0.10865772928425885,0.1501159899773549,0.08996876657334922,0.06011726072011978,0.10072554131021653,0.06614823587732027,0.04462054760825089,0.15888255806796986,0.12161912505838031
88,88.0,88.0,0.08933548680367034,0.11082768201715605,0.1297140116430355,0.10864320211299187,0.05627939779942846,0.10372655146178814,0.05309440515459296,0.06315728765689677,0.13623975912965797,0.14898221622078153
89,89.0,89.0,0.09789929474353264,0.0991024034272249,0.15443226039607436,0.09678005764053618,0.0526516870132257,0.09139409398932472,0.06814416952625767,0.04311524017075989,0.16563970956149338,0.13084108353157023
90,90.0,90.0,0.11649849113921291,0.09413173228170904,0.1229911091601242,0.10248687372837237,0.05372631042707495,0.1064406951950112,0.06176821490983057,0.050601106861385824,0.14267024845446796,0.14868521784281058
91,91.0,91.0,0.08386504194942437,0.11108089572675765,0.1473934566415087,0.08609885189288939,0.05000682679749452,0.11283066319242752,0.0468812157766678,0.041547927327872027,0.15251088668954804,0.16778423400540965
92,92.0,92.0,0.0898969175476673,0.0942118871674914,0.12834115547113734,0.09660763588519214,0.050993670547592164,0.11971641985357465,0.054310571090235,0.041025044533799224,0.17380216126999712,0.1510945366333133
93,93.0,93.0,0.08907492770204117,0.11647904901968265,0.12585886800810658,0.08312441410578032,0.059907520859935295,0.1025177734912626,0.06774181022553423,0.045714541420206645,0.15122265964387172,0.1583584355235784
94,94.0,94.0,0.09481586263163197,0.12459190698003111,0.11886371013094839,0.10126529191467744,0.04022288465653908,0.1096037303391364,0.05692464387173115,0.050456543777471205,0.15693988734147085,0.14631553835636207
95,95.0,95.0,0.10590284841061733,0.10680777752605061,0.11102999126352837,0.11119304317034624,0.0504657564902463,0.12375546311390226,0.06372171164610194,0.04070639234880487,0.15247250121770892,0.1339445148126928
96,96.0,96.0,0.11308196465376072,0.0932525938958813,0.12097283698117278,0.0986604178092931,0.0876219352032153,0.09857780520627622,0.06419622015189003,0.04233083615296172,0.15947848992126917,0.12182690002427918
97,97.0,97.0,0.09001270710344252,0.12539761531933355,0.1393382308575388,0.10526167679296958,0.06041298668662407,0.08175912208418201,0.060058368707182605,0.06372217286168236,0.1507697733487955,0.12326734623824857
98,98.0,98.0,0.09790434422437339,0.10905157147801417,0.1338339691317131,0.10352862295712091,0.06561698813313988,0.07703102020995004,0.03878056009558979,0.04313821633654323,0.1640400958096225,0.1670746116239326
99,99.0,99.0,0.07739292890514334,0.09585384646220989,0.15236932298782058,0.10474190832377653,0.04632513459651007,0.10737108369189548,0.06606043169834688,0.0417550688284849,0.165193831345712,0.14293644316009999
100,100.0,100.0,0.09427741738896642,0.0942066704411725,0.14469297364761974,0.0936847889192391,0.06489541505012916,0.10066535676762223,0.05303562168795872,0.05167097698291547,0.15993815950072912,0.1429326196136472
101,101.0,101.0,0.08572608607837603,0.08151076868894111,0.1270736240461839,0.0997904306517547,0.0685534289494232,0.10342039493800874,0.08102571442567348,0.0528341081674525,0.16396183033377923,0.13610361372040672
102,102.0,102.0,0.0901920665335073,0.11159708303759563,0.1489936195751736,0.09490706797580813,0.05083815195702113,0.08934042143495999,0.05294855851685992,0.046435167687111645,0.16823901826933366,0.14650884501262862
103,103.0,103.0,0.089751988289901,0.092581151482556,0.14904141814459465,0.08860938430600132,0.06379521179887566,0.12049414358428431,0.05218290844426469,0.0423893992491617,0.15526766108053797,0.1458867336198224
104,104.0,104.0,0.0902481606168195,0.10212791189596468,0.14326489517116653,0.1032849668008117,0.04566998706099147,0.10005876986331201,0.06365975493345422,0.05464851607382228,0.16184849270828439,0.13518854487537282
105,105.0,105.0,0.10130402036793618,0.10836757820054843,0.12950861864181726,0.10759912482973388,0.05751688875979305,0.08135888951322831,0.06485588959562621,0.05741393386622625,0.1373437286809699,0.1547313275441201
106,106.0,106.0,0.08361376333622929,0.12293384435594237,0.13657821671536258,0.07258993192098127,0.07869409879234288,0.10316080797250934,0.05050651856836572,0.04593417852841201,0.15941141597695527,0.14657722383289887
107,107.0,107.0,0.08346993888004847,0.11478514738368326,0.14375640179824828,0.09588241880550191,0.057736342596402125,0.10230663972056657,0.04867380732254674,0.05004892122593625,0.15325552806679085,0.15008485420027523
108,108.0,108.0,0.10288520472113735,0.12647850106840758,0.13331175248266017,0.09964898987933121,0.04214844192088664,0.12024044638099274,0.03268164417557458,0.05327614931805811,0.16212686864057324,0.12720200141237803
109,109.0,109.0,0.10627215417062115,0.1001056790464955,0.1357311703093682,0.11473028918091047,0.0773880502234118,0.09345507192523139,0.0449287695423202,0.04389065781711042,0.15616961190045675,0.12732854588407375
110,110.0,110.0,0.08727505047167107,0.13010167316240304,0.11897222196748163,0.0903497910463628,0.05907949694567567,0.11475686058754046,0.05476076055127714,0.048379942767293516,0.14572923987940672,0.15059496262088762
111,111.0,111.0,0.09607075504200557,0.11353447401040058,0.14522029571928272,0.0746114023450295,0.048305933649941304,0.13140548464306395,0.053332796114180125,0.06325118071124164,0.14964009266957726,0.12462758509527702
112,112.0,112.0,0.10264644242485468,0.11019753918321021,0.13606379412212039,0.10486728388826794,0.08202197107712819,0.09648383299448746,0.049754701177531654,0.03845367828051166,0.1632168874524765,0.11629386939941093
113,113.0,113.0,0.10630070087333379,0.11857398125747384,0.12282791515263751,0.0806689827573426,0.05334866670918635,0.10795376386825799,0.0650222965286397,0.044730118207786586,0.1729326727223258,0.12764090192301542
114,114.0,114.0,0.0796775378079624,0.10821161441633138,0.12618348048155853,0.10460071142298122,0.06587566198294738,0.10155895748100927,0.06231859802265851,0.05344308443704195,0.16776699666712339,0.1303633572803856
115,115.0,115.0,0.09710204932657754,0.1215535895913165,0.11593749550848154,0.10585484879639058,0.05387898397948056,0.11302498782787221,0.04650218889854528,0.045489579824463944,0.15567900412166694,0.14497727212520453
116,116.0,116.0,0.07641332390344217,0.1208347743993436,0.13430259014210544,0.10298586785118632,0.03585879541348401,0.11147875526340645,0.05514017430778262,0.0635628472953071,0.17933687256875347,0.12008599885518838
117,117.0,117.0,0.1283664708212309,0.10380500041388523,0.1168588582387192,0.09096193872646628,0.06492874419812925,0.08439837148797175,0.07111470990735115,0.05567890432014193,0.13797111734927434,0.14591588453682955
118,118.0,118.0,0.10448895623311871,0.10764716721752166,0.1360073009218971,0.08492131010593554,0.0563834918947125,0.09277662359020543,0.07493875857461692,0.04152889025991546,0.15842742896575784,0.14288007223631843
119,119.0,119.0,0.08054263087043384,0.10436967770615721,0.16294336279321125,0.09367702313053156,0.06764844557579902,0.09761317200999628,0.0647160221105024,0.05589777314608747,0.14080872402776987,0.13178316862951067
120,120.0,120.0,0.1052027526329832,0.11944228881546026,0.14645922171170797,0.06206576208092407,0.05383107625835196,0.10568654263255468,0.05019735949688572,0.030000000000000006,0.18192985331713613,0.1451851430539957
121,121.0,121.0,0.0928368423994146,0.12546649476941468,0.13272866979820203,0.08136350797925629,0.045083489653229315,0.10263125617134303,0.042939435739935576,0.05426936163514018,0.15852375041402805,0.1641571914400359
122,122.0,122.0,0.10989277756814719,0.11446218287142211,0.12510349700465234,0.07579359221076946,0.07927964236022249,0.10063040726056498,0.05850435215129449,0.06059232159610302,0.1441531556465896,0.1315880713302338
123,123.0,123.0,0.06670055071488329,0.12609904051507273,0.14058138168940987,0.09566453292093702,0.060003798443465095,0.08692345275643142,0.05901503777606626,0.05652775234922587,0.17451109241052215,0.13397336042398594
124,124.0,124.0,0.12805337294838118,0.10199394441572233,0.11648993861420306,0.08193895997934618,0.0802470585133295,0.0970789692142484,0.05637763527236474,0.054531459436031014,0.14433956547520177,0.1389490961311713
125,125.0,125.0,0.10370098405769453,0.1170313739464379,0.13043834700423798,0.09709132708702153,0.03944346481417956,0.10012430701367292,0.044441373824903894,0.04735695898433022,0.17187101218976827,0.14850085107775285
126,126.0,126.0,0.09573254664983957,0.12234568282983446,0.1371830145037762,0.11374867144585381,0.04064322756267139,0.09429786201131991,0.061053801518979454,0.04207261753741388,0.15260238275150068,0.14032019318881028
127,127.0,127.0,0.09557287183751757,0.1146167025604596,0.1280104377650876,0.09723001702964161,0.03417857474247512,0.11299040995799463,0.0549297513735566,0.03440160061745977,0.1717204573990692,0.15634917671673793
128,128.0,128.0,0.08502195585901402,0.11291919600775993,0.13769525184434578,0.11782242835664958,0.04558662034895407,0.09314328450577618,0.04605537436999059,0.051462678948780816,0.15472233973034055,0.15557087002838815
129,129.0,129.0,0.08743266265937323,0.11538637521630417,0.13734522753113249,0.10398335487409341,0.04133920521563704,0.13029991558677206,0.048662433159040876,0.058600429767744225,0.1353933309872554,0.1415570650026467
130,130.0,130.0,0.12009437312741995,0.11296838628373865,0.12635511028674803,0.10691860149450343,0.04325641360172198,0.10558402587775839,0.06658089453564649,0.037455542661386884,0.15663599763506897,0.12415065449600675
131,131.0,131.0,0.090991645102068,0.11145398004621061,0.12292915705106466,0.10063382526722034,0.05715028063405635,0.09022202498639721,0.06134262954633486,0.0424598468607432,0.17966192509942042,0.14315468540648396
132,132.0,132.0,0.09433000538681961,0.09778223860846011,0.15328701917124793,0.1080760986081419,0.04358667261944786,0.08002087115923967,0.060388807464126816,0.05612306035520076,0.1533791505331787,0.15302607609413635
133,133.0,133.0,0.0871762989277319,0.13604468321457894,0.13660972645018987,0.08955080388416278,0.054104696508821784,0.09188166313845483,0.06005602092937422,0.03189898392542319,0.17165018045645647,0.14102694256480558
134,134.0,134.0,0.09985236484933271,0.1258043967812179,0.13136531970901524,0.10686664518137663,0.04658719217964983,0.10814611403695742,0.04936259226344889,0.04451302493500139,0.15521179073352687,0.1322905593304728
135,135.0,135.0,0.09927361813652068,0.11009608741608415,0.1434084875739367,0.10338308350205712,0.05116596826686731,0.09459640365833294,0.05450830099260542,0.042444419596328296,0.17887673436061796,0.12224689649664902
136,136.0,136.0,0.09383994495068212,0.11065577027933574,0.11969062196272832,0.10215676105207061,0.05222665805833434,0.08755958530474424,0.0422100207597836,0.0318332592409004,0.17201087666240072,0.1878165017290195
137,137.0,137.0,0.09218229941559791,0.12278665386639395,0.1369836506076963,0.10763594117042082,0.05229271289415864,0.07141469350379062,0.06710704522199665,0.041183170037044484,0.16376700362906316,0.14464682965383718
138,138.0,138.0,0.10758486261338338,0.10444306500647835,0.1544833017758292,0.1056622870293005,0.04750451591050158,0.07721501092000037,0.05627479272830845,0.04734686194855385,0.16685875940439668,0.1326265426632473
139,139.0,139.0,0.09142387027581211,0.0938681293114851,0.14497444586692537,0.10659365512073934,0.059270211195040765,0.09102485923726497,0.057082500875663744,0.06518975383983625,0.14592350802081544,0.14464906625641655
140,140.0,140.0,0.11152400310098927,0.09843860057187051,0.14887330518077163,0.09289811709639827,0.05692790774275834,0.1065464123483936,0.0451767738209915,0.040352431904160324,0.17585277526220186,0.12340967297146435
141,141.0,141.0,0.11096154227596207,0.09175143464467558,0.13110962598049078,0.08593859417738854,0.06921826830559465,0.07019564844697143,0.062116310940640906,0.04450091880857049,0.17580737609700436,0.15840028032270084
142,142.0,142.0,0.1179175215330994,0.09466574972089811,0.11699717671985133,0.09475771714460127,0.07361531947062841,0.13445246352440904,0.05863840144919402,0.030000000000000006,0.14591250333564104,0.13304314710167703
143,143.0,143.0,0.09105646308553782,0.09908695680020904,0.12578525560022863,0.08345345521461649,0.08643572807664789,0.08642684787303163,0.047879836931044195,0.03996140209930664,0.17801218568907018,0.16190186863030714
144,144.0,144.0,0.07430023820283968,0.121380763164749,0.12375599297155,0.09557678774680253,0.07580692860038032,0.13982652875222473,0.04416810800293466,0.05012919821855821,0.132419551384462,0.14263590295549852
145,145.0,145.0,0.10244093498199784,0.11425534095536236,0.1463898215944359,0.08109657574534626,0.054423908600736384,0.09133819830298773,0.07366899663817254,0.04917537534556817,0.15316898049741312,0.13404186733797935
146,146.0,146.0,0.1151828226823985,0.10001501777787178,0.13891163162800166,0.08621661067593453,0.06796706933936526,0.10005651638289743,0.05612993496782587,0.04653508954087798,0.14007567892263484,0.1489096280821918
147,147.0,147.0,0.1131204722282952,0.11326201157545931,0.1429117836469755,0.10305876858532452,0.04472985616028071,0.08928623698695438,0.04122580686498266,0.052474238956768914,0.15099609214561727,0.1489347328493411
148,148.0,148.0,0.09059873733692209,0.10695580526500789,0.1504794576973038,0.07555181393897356,0.061064797210928334,0.1162628115960614,0.060872298353135346,0.042118815068205716,0.14534547598921335,0.15074998754424818
149,149.0,149.0,0.08475301642239412,0.10211485966543625,0.1525467795186935,0.09158246845620295,0.06959333224080902,0.09964914907370376,0.04143683582721276,0.04357208476584226,0.16068881188758524,0.15406266214211978
150,150.0,150.0,0.09718078541626854,0.09477556202124568,0.13918184626610652,0.12482596153989647,0.06057976725948239,0.10527577057518975,0.034654627810429474,0.051900629976787994,0.16039038361337804,0.13123466552121485
151,151.0,151.0,0.09314406665517509,0.12773738602413556,0.12033032411556495,0.08166571542751952,0.06681725786128598,0.11382862579530788,0.03961383813425136,0.03806241984978905,0.18842576596297197,0.13037460017399824
152,152.0,152.0,0.13305736722432057,0.10435316088983038,0.15154427710143223,0.0938619561204074,0.05528654470445667,0.0947871922439967,0.049677181741423826,0.03482736190460478,0.16769854687383484,0.11490641119569223
153,153.0,153.0,0.09309172288783485,0.09900753344608114,0.1695601164257397,0.09314759152748993,0.049532003036489754,0.10007184469606925,0.05826775220938951,0.0379893362308472,0.1587486843633444,0.1405834151767139
154,154.0,154.0,0.10942976436196675,0.10567058149354222,0.11805953483391045,0.08335074127712695,0.06420069161504804,0.1015886851202588,0.04153941149145417,0.04357529889667029,0.17108523728460076,0.1615000536254212
155,155.0,155.0,0.11099804222799678,0.08831097971906338,0.12503456139162497,0.10183865887074868,0.05166835735120949,0.09423460216267739,0.051501176121056466,0.05347355197036141,0.17271031592240163,0.15022975426285945
156,156.0,156.0,0.10476076908915662,0.09405557530237654,0.14000148849980887,0.1032216172059058,0.039696137929046436,0.12408164963277006,0.05831192645944479,0.03848317923756911,0.152526470025424,0.14486118661849742
157,157.0,157.0,0.10033496264432387,0.12873564876778062,0.1404559462750335,0.07922543519174662,0.0372171108182182,0.09595175151369716,0.05965673348842341,0.05429746273120807,0.16679577283384023,0.13732917573572806
158,158.0,158.0,0.1071302739948172,0.11150215202934306,0.11876515008579965,0.11291500303813695,0.04112895860504211,0.11939870396935837,0.05415073438810991,0.04834614347110535,0.1528562881633037,0.13380659225498331
159,159.0,159.0,0.09547235003172817,0.10862682589463486,0.12899728194528676,0.10062168676369451,0.057104973439808984,0.10762867166846932,0.057986720784781356,0.035500389616398134,0.14821868081653902,0.15984241903865853
160,160.0,160.0,0.08888642657187322,0.11495485013968673,0.14128458257959423,0.09729348310126389,0.06926369648428915,0.09002900150376549,0.0620353990623157,0.04380861515153982,0.14912054188918927,0.14332340351648215
161,161.0,161.0,0.119073416098186,0.11787185178511086,0.14067502429379403,0.08454022738084661,0.051907816812862995,0.10053156436967443,0.04076245227963045,0.03381407373567832,0.16389040955425666,0.14693316368995935
162,162.0,162.0,0.13321141167803435,0.0980732072925169,0.13580834536035724,0.10336146369452463,0.05624129708905441,0.07545286336318398,0.06990297000048414,0.051436731706189606,0.15005431263630167,0.12645739717935273
163,163.0,163.0,0.11510778756883151,0.11182913088531483,0.1563718407006425,0.06699634574209133,0.07642131974551483,0.08934792506827208,0.05544473393797254,0.0322530879553628,0.14733442292396268,0.14889340547203458
164,164.0,164.0,0.13760141278991872,0.09436989955888757,0.16545142306781765,0.08089048864017281,0.04669016530818324,0.09613472151408574,0.05479912461431802,0.04584541935280155,0.14602388223911394,0.1321934629147004
165,165.0,165.0,0.10425010459811439,0.12259054083344426,0.14081471589971448,0.1033116946137271,0.04766559276120055,0.10873144750257555,0.03864744129198937,0.05123265548398028,0.15424896458387086,0.12850684243138283
166,166.0,166.0,0.10995243169210171,0.11024947808494948,0.12562087841064515,0.08416344506345146,0.04484208146740892,0.10714487832640077,0.06513829148521057,0.04225350525411459,0.16847679943001856,0.1421582107856985
167,167.0,167.0,0.10856137960842653,0.08940425508326995,0.15513783037667234,0.12220366801385778,0.049272002642520726,0.08868426318967283,0.05890105478835132,0.033275028838709385,0.1721690079208981,0.12239150953762071
168,168.0,168.0,0.11514639348607218,0.08799955198555241,0.14596791879692464,0.0866420154754372,0.07405287714412068,0.11488416299557862,0.03979282753305009,0.03318993447775144,0.17519567543330536,0.12712864267220708
169,169.0,169.0,0.10726370003068444,0.08052351002282966,0.12231262135701795,0.09569995767204356,0.04694070354559739,0.10558052706434637,0.0388944113283614,0.04827130544381082,0.18026078553671085,0.1742524779985973
170,170.0,170.0,0.08814661634222884,0.1458494189716729,0.1339147484839323,0.08328623685907965,0.06625683900949089,0.10101474366537706,0.06035659892143989,0.04194916550244184,0.1624725924081818,0.11675303983615444
171,171.0,171.0,0.1267576996033347,0.0927921809711373,0.15364533179825654,0.06396175257262998,0.06278566360893781,0.12249864465943938,0.06308582091751117,0.040557885767289484,0.16160120503886738,0.11231381506259588
172,172.0,172.0,0.10867316238643146,0.09589650339495535,0.12618665253570358,0.09374658277667869,0.05096400882976435,0.12994272228010473,0.04308614421406518,0.030000000000000006,0.16883659052028643,0.15266763306200987
173,173.0,173.0,0.11579719398097846,0.10706612965695742,0.11936999327639859,0.06577213110755264,0.08717780560024585,0.09525199706549217,0.06867141175335756,0.04593223202564619,0.16830711105980342,0.12665399447356734
174,174.0,174.0,0.09510670537243845,0.11057439905275257,0.14121273225861516,0.08384654758439174,0.05091478102277599,0.0946900540822602,0.048386374491951455,0.053971633589995995,0.17762209222563546,0.14367468031918262
175,175.0,175.0,0.0955673565696162,0.1132087765857056,0.16725372153197013,0.10426987970452899,0.06338778581342035,0.11859868807599852,0.03442277067390229,0.04179616034306612,0.13795252545550724,0.12354233524628425
176,176.0,176.0,0.10727380619332254,0.10748460626718956,0.17688258303928145,0.08688487277532302,0.048952691536334865,0.0735426311076999,0.03726712547142598,0.03999502696788043,0.20263695090931133,0.1190797057322307
177,177.0,177.0,0.0983176914661593,0.11755322043505259,0.13113676388672785,0.09549809628385887,0.06207966944960591,0.11406648782432167,0.030000000000000006,0.05739676571988156,0.17303904108864865,0.12091226384574327
178,178.0,178.0,0.11102425410177381,0.11440922255748014,0.13255900205555002,0.08551917279865479,0.061820551107538035,0.11166694086912077,0.05681283272090363,0.052127747556622396,0.14713071199717864,0.12692956423517748
179,179.0,179.0,0.1000939345099878,0.08323171594387989,0.13947341618182302,0.07861536077167501,0.07806106032181392,0.10347146643975218,0.07409344957853378,0.037741045242582615,0.17868235815455796,0.1265361928553934
180,180.0,180.0,0.14003689343718945,0.11350364197725274,0.14560272004044056,0.06581928091347375,0.039209450882897776,0.10155696448283613,0.047111513240967975,0.03853329379012006,0.16720140190763677,0.14142483932718447
181,181.0,181.0,0.11732146822999456,0.07759204684333523,0.1451405845348179,0.07613690087924233,0.05212911001735743,0.09617055565141548,0.046934579110733565,0.04714850518946615,0.20352791310777812,0.13789833643585891
182,182.0,182.0,0.10777785995978613,0.08645942605628128,0.15894278418782276,0.08396784122579491,0.04601230139021741,0.14113619761354107,0.045054784343417496,0.0663166525437931,0.15543722610961808,0.10889492656972755
183,183.0,183.0,0.15566692514045177,0.11087466423046896,0.15476760253681549,0.08917938236051465,0.04227726378308979,0.07401576523377772,0.040497326383221635,0.04453862064106816,0.18157558833077692,0.10660686135981463
184,184.0,184.0,0.11780007639982264,0.09248972164199211,0.14962613958355725,0.09911510587318119,0.05549371442142677,0.09989497892100332,0.03402722061191338,0.030000000000000006,0.1805806773274154,0.14097236521968776
185,185.0,185.0,0.10075745248999543,0.09500462942078274,0.14875023648122304,0.07982197204320421,0.04537924387244154,0.09761622405244183,0.056342228430923645,0.057786970268529414,0.18042119918582145,0.13811984375463643
