,Unnamed: 0,Generation,Intertwine_two,Add_vertex,Delete_vertex,Invert_path_vertices,Insert_inside_vertex,Delete_inside_vertex,Replace_inside_vertex,Donate_between_routes,Trim_one_terminal_cb,Grow_one_terminal_cb
0,0.0,0.0,0.09999999999999999,0.09999999999999999,0.09999999999999999,0.09999999999999999,0.09999999999999999,0.09999999999999999,0.09999999999999999,0.09999999999999999,0.09999999999999999,0.09999999999999999
1,1.0,0.10900000000000001,0.10154143848089164,0.0996704100935624,0.0998443600019218,0.10066755720963337,0.09941613120995461,0.09992602845160473,0.09938943384109514,0.09830130817598298,0.10016577484565013,0.10107755768970307
2,2.0,0.31601,0.10327377250643319,0.09993759160511688,0.0988496707235311,0.10103580398439158,0.09857574097138147,0.10050188353382067,0.0984150868183114,0.09636131109582628,0.10091219591177242,0.10213694284941487
3,3.0,0.6191589000000001,0.10449192710608525,0.09947272722327954,0.09871464354555645,0.10212266893267477,0.09736033111812553,0.10139718355479443,0.09718103086081073,0.09484099707338715,0.10192876025347922,0.10248973033180672
4,4.0,1.015801321,0.10578031695777036,0.09945792404579563,0.09854680759210056,0.10269685573534737,0.09694463658832253,0.10051895930969651,0.09543137833998919,0.09304977021757083,0.10388023008381192,0.10369312112959486
5,5.0,1.50262148669,0.10683803923235223,0.09942402427318553,0.09817023601975064,0.10303912008360969,0.09605530513670303,0.10091874998487718,0.09402571585858939,0.09115638604968898,0.10540563154935534,0.10496679181188773
6,6.0,2.0757334209441005,0.10845191860436336,0.0991028708018016,0.09757242934970455,0.10350068435021556,0.09517180290521897,0.10140637447308407,0.09280058657598284,0.08916887923939802,0.10710887969939875,0.10571557400083201
7,7.0,2.7307768275633495,0.10894481232368143,0.09995575584166587,0.09714220779338115,0.10331689275141465,0.09488844574346679,0.1009108815949841,0.09062148442953558,0.0867012845534122,0.11010564778628543,0.10741258718217252
8,8.0,3.4630081252450404,0.1084886965959692,0.10049831697807948,0.09585394144761203,0.10452398705665392,0.09479113979215342,0.09978912411209855,0.09027775696894794,0.08474500154435426,0.11154624166705973,0.10948579383707119
9,9.0,4.2673862119061114,0.10950146029341853,0.10050621196481425,0.09528506490781158,0.10559500714441045,0.09371267731442369,0.09957074341342549,0.08847716175862792,0.08357699167578272,0.11318429244872515,0.11059038907855995
10,10.0,5.138652627782014,0.10936365527604101,0.10076357170985922,0.09437974702287408,0.10549384846142358,0.09257162110440495,0.09968790289382044,0.08729504317689193,0.08204642271598245,0.11575146349028824,0.1126467241484138
11,11.0,6.071405875792507,0.10997950903352538,0.10134747137187322,0.0941619230546373,0.10657688903684942,0.0914056010948708,0.10050271289950291,0.08561670792569379,0.08044276759117798,0.11695460949353267,0.11301180849833628
12,12.0,7.060169740244025,0.1100357856220814,0.10232209675972337,0.09447004248411495,0.1071930795181833,0.0887392294400924,0.10130957906633464,0.08441286297172795,0.07809510234089564,0.11876781396242742,0.11465440783441866
13,13.0,8.099455520847952,0.11116711228358969,0.10296900488155018,0.09573252243236852,0.10628753407234992,0.08703188606941649,0.10118882445844883,0.08237769092553585,0.0771551978779413,0.11963405019097327,0.11645617680782568
14,14.0,9.183818168183006,0.11166666277030925,0.10270259469224322,0.0967679059224426,0.1066371718244978,0.0866734751966716,0.10091592418226854,0.0804856302939379,0.07628517256527932,0.12057472218018735,0.11729074037216214
15,15.0,10.307906369102724,0.11093348822263174,0.10318751866295964,0.09781474975686365,0.10552801886940777,0.08550482479456727,0.10131767491310845,0.08052535895751595,0.07514798621492114,0.12108353661860322,0.11895684298942096
16,16.0,11.466506686239443,0.10994836076218797,0.10308349491839547,0.09778912394363272,0.10654455076991519,0.08448624726389421,0.10185610416450028,0.07995109434480532,0.07393000211824466,0.1230501184479483,0.11936090326647565
17,17.0,12.654581904800096,0.11038290487097668,0.1037191940676961,0.09979990070404382,0.1052867913254434,0.08196725996493869,0.10152977158209868,0.07753377227865928,0.07289411558036914,0.1254438021086852,0.1214424875170888
18,18.0,13.867303782456686,0.10978297736694471,0.10487138231777891,0.10002159087592549,0.10476413148566917,0.081778215976988,0.10146141924222302,0.0767915709981241,0.07161471482870295,0.12627612704348862,0.12263786986415479
19,19.0,15.100080434523047,0.1090411892537264,0.10371392367639318,0.10050849176837182,0.10430894157371604,0.08172204654426427,0.10189419184410368,0.07654860579370637,0.07137939542831993,0.12675663500253237,0.12412657911486573
20,20.0,16.348578617037543,0.1086713883387656,0.10516936676419707,0.10146687237584319,0.10408960943459639,0.08042138470142335,0.1024260772237542,0.07543161947944135,0.07125716024385723,0.12670669710840549,0.12435982432971597
21,21.0,17.608741195130214,0.1076717864000174,0.10475515655926083,0.1016319755638424,0.10369248479933278,0.08008776209226738,0.10264310895484503,0.07590537815670716,0.07090160026810145,0.12799381779009783,0.12471692941552756
22,22.0,18.876800103462312,0.10708605462445617,0.10518650501683774,0.10249904834341204,0.103008798840136,0.07946804508328839,0.10320539570115875,0.07516291187406048,0.07087851567573177,0.12889034528996154,0.12461437955095692
23,23.0,20.14928511992658,0.1072684329259379,0.10347118397542975,0.10276685516706985,0.10343278106930572,0.07958879197498074,0.10479432505217973,0.07475133415887217,0.0711339828296932,0.12847158039257645,0.12432073245395431
24,24.0,21.423028783545156,0.1056536774634311,0.10214885854496483,0.10418321040296312,0.10320629059902392,0.0794330703290499,0.10594996651635115,0.0752395251844347,0.06957735934217436,0.12996425556403074,0.124643786053576
25,25.0,22.695167792966423,0.1058132213557028,0.1012339885663622,0.1052264017369884,0.10366132942642152,0.0784632205028794,0.10500513904101197,0.07495198532522385,0.06907691823007948,0.1324055235284339,0.12416227228689634
26,26.0,23.963141223515898,0.10574429025725303,0.10020194861913859,0.10551782906285798,0.10392194499861615,0.07701906635885838,0.10591565100582946,0.07369393409625809,0.06884859068379157,0.13400013794699409,0.12513660697040255
27,27.0,25.224685898775267,0.10543688681971224,0.09906841794232141,0.1071929675282548,0.10319642316284752,0.07705913856820892,0.10565204447295451,0.07236011304346925,0.06938207376819477,0.1355302884234381,0.1251216462705984
28,28.0,26.477829247520948,0.10409876024550013,0.09995099579865045,0.10941544415411243,0.10302520765835656,0.07533794997742194,0.10543858356911555,0.07381606125285838,0.06842406924991136,0.13615031983001996,0.12434260826405313
29,29.0,27.720879968916847,0.1041024838824236,0.10025445198244377,0.11004801096458781,0.10171875948533302,0.07560031375684033,0.10622994481793588,0.0727399249980738,0.06788769056934035,0.13649775012874948,0.1249206694142718
30,30.0,28.95241681848399,0.10449313751719069,0.10083124509013103,0.11133101490800684,0.10241928162184759,0.07424106419771677,0.10522605156852612,0.07217355009357028,0.06830567040922539,0.13602657156720988,0.12495241302657523
31,31.0,30.17127581490958,0.10386415615975803,0.10065814824605708,0.1122318128465257,0.10220196582736783,0.07303627259239441,0.10522235103020938,0.07311932086788851,0.06851844414107607,0.13687005066659347,0.12427747762212936
32,32.0,31.376536153543515,0.10554168567565392,0.10134860109543788,0.11291634913024413,0.10140159438707487,0.07122513873783201,0.10483626206873622,0.07270740547534382,0.06756487105995011,0.13866257995660766,0.12379551241311917
33,33.0,32.567505096778625,0.10433810485928832,0.10191526902889637,0.11296209028160796,0.1006771327923031,0.06999631397978978,0.10507239175641715,0.07301231751311985,0.06825468212055338,0.1383959476023195,0.12537575006570437
34,34.0,33.74370209472243,0.10321856606439857,0.10179005984564166,0.11464504312740902,0.10040644295394854,0.06943432358217846,0.10476078025374529,0.07227192433281693,0.06729061812189088,0.14088474679810442,0.125297494919866
35,35.0,34.90484237192463,0.10216069514469076,0.10247956244653111,0.11592936431722907,0.10028760904396997,0.06932429868257158,0.10512182344816606,0.07180025796454033,0.06705605393858927,0.1406908592144086,0.12514947579930302
36,36.0,36.05082019768737,0.10354007220495534,0.10222026547482843,0.11416316926381012,0.09963528921544777,0.06883102323747428,0.10498698492317851,0.07237306010893804,0.06567598601053451,0.1419948734403964,0.12657927612043637
37,37.0,37.18169203889697,0.10297637381480249,0.10241113230393839,0.113865439838327,0.10100943097611075,0.06862913153945846,0.10611222794399447,0.0708192573980546,0.06488344939390472,0.14239328508650795,0.12690027170490098
38,38.0,38.29765977559663,0.10276375711033103,0.10280286439839258,0.1145931886339751,0.10153932976454658,0.06870953425309541,0.10537161626650147,0.07088006038951326,0.06331822846559648,0.14291762714822018,0.12710379356982773
39,39.0,39.399054140870355,0.10211795292767406,0.1041167974472923,0.11505038111986868,0.10079061631517586,0.06881530078786399,0.1059938473936799,0.07154501167440175,0.06214096174456816,0.14249700703971369,0.12693212354976138
40,40.0,40.48631852820801,0.10021098162806077,0.1045762795323898,0.11557435168194898,0.10041044155813514,0.06969831193498034,0.10561120760802872,0.07047297590317834,0.062046647938716754,0.14367481540983262,0.1277239868047283
41,41.0,41.55999329152982,0.10157206671571967,0.10317963155203051,0.11656005253898419,0.10142236554129165,0.0699956291658429,0.1068046514431099,0.06945888133194969,0.060513961239177794,0.14383204879294129,0.12666071167895215
42,42.0,42.62070064560415,0.10135198932709127,0.10366278935908968,0.11744313212809297,0.10057841567202308,0.06963610309036383,0.10783503416305573,0.0690628322378782,0.060871047498342074,0.14332926512870572,0.1262293913953572
43,43.0,43.669130257815,0.10096995087567062,0.1038732355349051,0.11761003853543625,0.10073357959482912,0.06850682534471031,0.10928010337545378,0.06854348053524467,0.061296977051407305,0.14280487094823452,0.12638093820410806
44,44.0,44.70602560622662,0.09916413901929015,0.10299218360800094,0.11987655987027819,0.09913066827615825,0.06913560817729895,0.10853625834625351,0.06872454211972856,0.06093670281630982,0.14503977331195808,0.12646356445472326
45,45.0,45.73217116373481,0.09957722595842869,0.10115694535719831,0.12006983600507161,0.0984212160976716,0.06906372322868715,0.10893245887627982,0.06899890685653791,0.06052037174173451,0.14600928187464804,0.1272500340037421
46,46.0,46.748380453854836,0.09886101153154742,0.10106797065331816,0.12068621929643737,0.09853909914431482,0.07073637152501037,0.10857370965835371,0.0681435053706257,0.061788111046809945,0.1443556427052003,0.12724835906838194
47,47.0,47.755485010424316,0.09826939627133909,0.10269612832280692,0.11938547178230194,0.09851378461142722,0.07098678150095997,0.10877386865567562,0.06871059992807908,0.06117035443573505,0.14376150995737735,0.12773210453429754
48,48.0,48.7543242612326,0.09794109895740369,0.10162394681738526,0.11992007943620477,0.09706551580828887,0.07103657337657174,0.10820280219786806,0.06941775065258038,0.06195945755526967,0.14455114077488637,0.12828163442354099
49,49.0,49.745736344347726,0.09851091561805561,0.1025722892556726,0.11958108938065619,0.09698495308755758,0.06947153717918231,0.10834647885839349,0.0700600960760062,0.06136236472588037,0.14414610471847322,0.1289641711001222
50,50.0,50.730549855707864,0.09725072606372225,0.10411673501583667,0.1202311837039619,0.09643892829718986,0.06978395270521784,0.10790552762874044,0.07020091474510506,0.06265346494354408,0.14299084101024384,0.12842772588643786
51,51.0,51.70957651737491,0.09823483155299459,0.10576012675658711,0.12033883781502919,0.09621588913635347,0.06820529647567376,0.10923925575965657,0.0684322471208897,0.06255016866210747,0.14209952873265785,0.12892381798805005
52,52.0,52.68360474770151,0.09794771170080584,0.10556267929644443,0.12237277208192622,0.09531630513984347,0.06794165642023532,0.10890210838910275,0.06726438632247847,0.0631499733104086,0.14209978832782869,0.129442619010926
53,53.0,53.65339410751842,0.09888824207687273,0.10539390199624434,0.12286667257873561,0.09478627415068026,0.06747957850544686,0.1089146921379412,0.06712481003572987,0.06310287804121878,0.1415221811080903,0.1299207693690398
54,54.0,54.61967059027847,0.09790920448185486,0.10515862596146539,0.12472734960847355,0.09521312915716117,0.06694134217986304,0.1092934263334806,0.06662932711956736,0.06328867549027406,0.1412101694261234,0.1296287502417363
55,55.0,55.58312271885972,0.09759563073724221,0.10423101786985962,0.1264565869106533,0.0964419016918934,0.06545507398862696,0.10875158357837335,0.06576395966419578,0.06209801516247355,0.14209564400171218,0.13111058639496945
56,56.0,56.544398407394254,0.09680692619123725,0.10466451344905706,0.12596030939214797,0.09712272218982787,0.0661482602010483,0.10906288435405685,0.06552239756767719,0.06154258952127328,0.14166404113878495,0.13150535599488908
57,57.0,57.504102543001395,0.09643541949128084,0.10454011926043968,0.12765939550133137,0.0999094718514846,0.06443357216253846,0.10781354877828098,0.06441451168865643,0.06169805362729428,0.14130782636270273,0.1317880812759904
58,58.0,58.462795239617805,0.09650821165680643,0.10479373692332186,0.12722362646017843,0.10075242638444981,0.06336744503912639,0.10796486559846294,0.0646401985524055,0.06093916333725322,0.14282245632724444,0.13098786972075072
59,59.0,59.42099071417639,0.09592316985277345,0.10389624003382873,0.12739532047756244,0.10041888076639448,0.06378532973122217,0.10774154687235109,0.06492525248049871,0.06113926414332904,0.1435318855972543,0.1312431100447853
60,60.0,60.379156734137354,0.09521440138836017,0.10412905175684421,0.12790896742982538,0.09971256615640509,0.06471301606101264,0.10818174576897886,0.0638796747783739,0.06109532697842142,0.14422702706540597,0.1309382226163721
61,61.0,61.337714584760846,0.09557880794920352,0.10214185295595828,0.12724166639016418,0.09936868659672618,0.06547683772366587,0.10661286457045668,0.06518978428567195,0.06116974085962776,0.1455281104878098,0.13169164818071552
62,62.0,62.29703950447439,0.0968499728664846,0.10134758696975302,0.1264264264682518,0.09881909715942028,0.06562142850403864,0.10520085973564824,0.06740548651833755,0.05906020990625618,0.14693563570190576,0.13233329616990372
63,63.0,63.257461537171835,0.09682333629375948,0.10261754623269964,0.1265424604766544,0.09887862258372644,0.06525749301544134,0.10543370291750853,0.06895216332775567,0.05811998038568557,0.146049878342071,0.13132481642469768
64,64.0,64.21926675122782,0.09664464659484175,0.10304436683330381,0.12583672735984863,0.09944479713726477,0.0668078366910144,0.10475272070539922,0.06860053284664723,0.05674390739337938,0.14715969037220583,0.13096477406609475
65,65.0,65.18269877636592,0.09737924621746795,0.10286729411314775,0.12699374358504656,0.09875306963056218,0.06738644095035366,0.10461144461906485,0.0676789442398419,0.057048839877746324,0.14618193452714723,0.1310990422396214
66,66.0,66.14796061122655,0.09669100952327392,0.10217722334472668,0.1260436249892951,0.09719234275496104,0.06862056909779692,0.10521650359724849,0.06886488126006785,0.058546850633655785,0.14539716895089833,0.1312498258480757
67,67.0,67.11521665648885,0.09633536724178557,0.10193023496662275,0.12536004116899427,0.09784476702887053,0.06892544703621808,0.10517956143187968,0.06787148829224884,0.05915723784800677,0.14522033175050356,0.13217552323486978
68,68.0,68.08459493066005,0.09698906829542758,0.10226136338849223,0.12597682146376754,0.09773696422680428,0.06904312277732422,0.10582055272303399,0.06813925031070532,0.056837833677581696,0.14470920109924687,0.13248582203761614
69,69.0,69.05618942810752,0.09788332912411526,0.10298586562940672,0.12723067624936152,0.09776549555171245,0.06900934773503502,0.10534318317174679,0.06685444422324689,0.05647022634231056,0.14447413606651677,0.13198329590654787
70,70.0,70.03006258152917,0.09724753126427808,0.10474561640942032,0.12652396691213402,0.09826175079123639,0.06924363511986686,0.10562199290828012,0.06753147621519345,0.054403568270878624,0.1437631870003989,0.13265727510831316
71,71.0,71.00624779379335,0.09754775675286714,0.10468587543446942,0.12706577774242092,0.09700995039720238,0.06942499871024266,0.10403163694375384,0.06706332320814982,0.054004559183129526,0.1441194212061558,0.1350467004216084
72,72.0,71.98475200689319,0.09794908483434613,0.10605882430861441,0.12681372402371546,0.09516393238110193,0.0713224453507267,0.1027494021222911,0.0672855538799247,0.05345111703430793,0.14479345757905954,0.134412458485912
73,73.0,72.96555827861411,0.09644570756836231,0.10585778913178459,0.12775264704338452,0.0950269932583499,0.07118715241163265,0.1028541530001185,0.06679916449349135,0.052761557925672775,0.14579348835654166,0.13552134681066164
74,74.0,73.94862834037681,0.09666313825382394,0.10470109819422162,0.12877331856259044,0.09652107838579671,0.06975765555194205,0.10327507508510946,0.06592796522512472,0.05276723898228138,0.14549749742471274,0.13611593433439684
75,75.0,74.93390511255946,0.0956925113810731,0.10324797099613041,0.12937393206996534,0.09614152047197697,0.0698527473948062,0.10491480398500468,0.0655623299124961,0.05124886686114687,0.14689593954067542,0.13706937738672487
76,76.0,75.92131515639825,0.09459574214983042,0.10264294563818845,0.13009555472891857,0.09693528445916634,0.06921881476517065,0.10589511264116498,0.06534570355126373,0.05219425770566483,0.14743718945566348,0.1356393949049685
77,77.0,76.91077104428919,0.09443975555171986,0.10245585466700413,0.12993123005018126,0.09730487658079814,0.06985376431842377,0.10691980699454186,0.06540267637364455,0.050904584413022896,0.14692953503866915,0.13585791601199435
78,78.0,77.90217363294813,0.09534006995851067,0.10253133318850124,0.13016456821626998,0.09668538226768808,0.06960843594465248,0.10806102086505506,0.06472310619797594,0.049566154454454066,0.14837178564645342,0.13494814326043902
79,79.0,78.89541422641172,0.09669560532887063,0.10244296781177045,0.13120161808810418,0.09520531107094564,0.06873139679106852,0.10775537426202413,0.0641499950316528,0.049142607552649265,0.1496791146346059,0.13499600942830844
80,80.0,79.89037661826481,0.09609645892009917,0.10189952124052865,0.13166327166994854,0.09469340405016691,0.0673364267562309,0.10775897227899002,0.06506844544824819,0.049505606606029096,0.15075481807642482,0.1352230749533337
81,81.0,80.88693900474995,0.09819639735894325,0.10109402697119456,0.13121282768181608,0.09331606805549042,0.06979327703715245,0.10627276036050937,0.06427976566442874,0.048958376178956674,0.15004174010317062,0.13683476058833782
82,82.0,81.88497576253909,0.09664634713479052,0.1016020304941124,0.13054506811680583,0.09176334077001459,0.06827315319882722,0.10891876940513928,0.06374232079135014,0.049596784340657445,0.15136005583116233,0.1375521299171402
83,83.0,82.88435908692391,0.09400856074007606,0.10223007189112401,0.1298587423852405,0.08992168140929038,0.06735244820882755,0.11020350670811069,0.0632402654826642,0.04979842559813576,0.15445052181620253,0.13893577576032828
84,84.0,83.88496048800103,0.09377469957822027,0.1016191211416299,0.1291742291174442,0.09078022113771675,0.06666428589173026,0.11076962126681825,0.061038377063329693,0.049406869466907206,0.1568880653739396,0.13988450996226387
85,85.0,84.88665214409042,0.09388517190076563,0.10270672357397417,0.1302011709450789,0.09126576177936843,0.06640332569352381,0.110378993835278,0.06065499549543925,0.04975486503890929,0.15588378850355913,0.13886520323410334
86,86.0,85.88930811312994,0.09378609478141238,0.1018759265596674,0.12890638585151953,0.09069569263138375,0.0652263570396211,0.1117626103545973,0.06002951451568627,0.05025183731370598,0.15771936591927221,0.139746215033134
87,87.0,86.89280540413424,0.09413167578447218,0.10248010830693978,0.1310243288023462,0.09027396859628671,0.06443978817316104,0.11104360571402107,0.06022610563827209,0.04952180842090542,0.1585703294477513,0.1382882811158441
88,88.0,87.89702491199675,0.09351194851269821,0.10330264336254782,0.13108119623640838,0.09175880849843426,0.06330486462674745,0.11059342190862159,0.05915687587871708,0.050669443814122965,0.15707503901575345,0.13954575814594866
89,89.0,88.90185221995306,0.0937688101449976,0.10294564744014803,0.1335905299564345,0.09207769389926708,0.06185040768808175,0.10888634203204739,0.0596389208250428,0.0498229893578328,0.15846091987127797,0.13895773878486994
90,90.0,89.90717827491419,0.09590121009962042,0.1020888515553074,0.13291323248525938,0.09298239600621291,0.06055687157791898,0.10867970778327202,0.05952021830210539,0.049742689524363524,0.15748305442744964,0.14013176823849016
91,91.0,90.91289994163006,0.09476299795019805,0.10293308041071972,0.13464467827608886,0.09225287049613747,0.05895243510430601,0.10911034363323321,0.05794716608422269,0.04877368589426002,0.15743891129178236,0.14318383085905148
92,92.0,91.91892044225806,0.09423281501553445,0.10208746367782455,0.13442523715445245,0.09258563575026735,0.057517670569995995,0.11022369475990494,0.05716369511640943,0.0477770367620957,0.15947902968170438,0.1445077215118106
93,93.0,92.92514968840067,0.09363009241509591,0.1034743690383347,0.13391867058184348,0.09157702230239231,0.05705252752012725,0.109600773388615,0.05777316391864568,0.04728148230950559,0.15920041738590457,0.14649148113953536
94,94.0,93.93150451304501,0.09361618392052978,0.10566391645864215,0.13268264685304224,0.09239883189822837,0.054693985088303844,0.10967790984026791,0.05733965566834688,0.04729401412900796,0.15944161151202435,0.14719124463160643
95,95.0,94.93790881009448,0.09472436164042983,0.1060453760967347,0.13064866424315813,0.09421990026021221,0.05345087307871585,0.1111617641292208,0.057625054902548885,0.04636190292017808,0.1591869303714504,0.146575172357351
96,96.0,95.94429358933806,0.09655141808035607,0.10504079542229423,0.1296161777362306,0.09477533067899369,0.056017838975498856,0.11010540418836261,0.057990331631345024,0.045628892106933154,0.15959117192375247,0.1446826392562332
97,97.0,96.9505969547639,0.09605414858699192,0.1072332929423789,0.13043704586008184,0.09597419482556765,0.0559232543932216,0.10735753593955996,0.057967354427996255,0.047075335486345064,0.15908299084355212,0.14289484669430458
98,98.0,97.9567640140995,0.09633535534022178,0.10775357955009272,0.13071441284893998,0.09697274199357336,0.05640342573675768,0.10415566018966059,0.05583980422661494,0.04648520724905525,0.15986952794250694,0.14547028492257666
99,99.0,98.96274672736057,0.09455298977504717,0.10691504491473394,0.13284877408735077,0.09805832179107957,0.054998530216241,0.1040367319631486,0.056482403764337226,0.04578230717556346,0.16073449056384637,0.1455904057486518
100,100.0,99.96850370202192,0.09446570900607329,0.10588503415628205,0.13419726975690507,0.09799646753370836,0.05550441833694058,0.10329246738414793,0.05585404262658856,0.04610101554139312,0.1610319831463722,0.14567159251158865
101,101.0,100.97399994219691,0.09353014026676669,0.10357165066130113,0.13375393793826754,0.09850824608918114,0.0564194290026315,0.10287186197392074,0.058059342666999934,0.04655986580350874,0.1616911553174941,0.14503437027992835
102,102.0,101.97920655893245,0.09305668590501998,0.10427762813096014,0.13548013571547188,0.09849333236713773,0.055592750901981035,0.10109080508405227,0.057466060830075556,0.046395679415018154,0.16273483581522205,0.14541208583506104
103,103.0,102.98410044840509,0.09255792296137218,0.10308460924721564,0.1371736284104949,0.09781427900640467,0.056096900606131476,0.10248572226161216,0.056810367146451934,0.04584372970430257,0.16243205436883876,0.14570078628717556
104,104.0,103.98866394444643,0.0921305941980663,0.10286053371553988,0.1382387974360138,0.09857864028422195,0.054815095978005886,0.10187769456254556,0.05732165289308776,0.04653834334257319,0.16274599029698544,0.1448926572929601
105,105.0,104.99288445143917,0.0928327599503902,0.10327550614929432,0.13787208288339742,0.09974504450231561,0.05475471089340287,0.09944229235138491,0.05796480455168086,0.04752113912356964,0.16056908125369898,0.14602257834086504
106,106.0,105.99675406321822,0.09178039602848648,0.10515652867572522,0.13816536495098142,0.09737242981099883,0.05684570709917904,0.09924978817888687,0.05717761479212805,0.047356607740111585,0.16058437831861241,0.1463111844048899
107,107.0,107.0002691731872,0.09073721972623248,0.10621235240908933,0.13913126583773938,0.09731850029836561,0.05685031198171516,0.09903022779638057,0.056219161921711,0.047605779472634766,0.1599708272626015,0.14692435329353004
108,108.0,108.0034300804274,0.09166721482985093,0.10841765708733538,0.13900236306386785,0.09763226002945001,0.055304526614592994,0.1006587682374094,0.0536818844776468,0.04817718825865082,0.16023861237761183,0.1452195250235839
109,109.0,109.00624059613932,0.09295508526696879,0.10794575753537634,0.1390713862442422,0.0994429410160827,0.05730571976749849,0.09964173397019502,0.052413044911642864,0.047803896626564576,0.15990277586973908,0.14351765879168987
110,110.0,110.00870765431864,0.09234762897951637,0.11044224656531515,0.1374242101130417,0.09878737757224564,0.05747676158189896,0.10079471537548336,0.05217944564944178,0.04787773026461073,0.15851915417085577,0.1441507297275905
111,111.0,111.01084093013685,0.0926297629927642,0.1112289610430307,0.13838203908868577,0.09653915573740011,0.056569370238923715,0.10363688249791578,0.05185222301876946,0.04943632645827391,0.15753708077796338,0.14218819814627293
112,112.0,112.01265246907188,0.09357566226346455,0.11162636571992939,0.13839681757335517,0.09732206670643928,0.059041687407074855,0.1029803537646988,0.051214718888453636,0.04849746133202744,0.15793192432156627,0.13941294202299057
113,113.0,113.01415632942268,0.0948831052535567,0.11280738587119736,0.137063200078097,0.09568230863730028,0.058629245258317225,0.10347150578447846,0.05215312452917098,0.04817968888061796,0.1593117116691029,0.13781872403816112
114,114.0,114.01536824044418,0.09351166359430026,0.11289173327708706,0.13605614801600213,0.09644956598283946,0.05945794106632016,0.10331888454439307,0.052856011475213155,0.04873049459054665,0.16017316228689787,0.13655439516640017
115,115.0,115.01630527795908,0.0938814759949676,0.11425504227127874,0.13402647598746464,0.09734702278556709,0.05906827670234239,0.10431052919236868,0.05200159467971424,0.04847799516668962,0.15981560693216995,0.13681598028743705
116,116.0,116.0169855589429,0.09217764034657076,0.11548312432005434,0.13385539082035344,0.09795291407360977,0.05686366699093413,0.10513553070545517,0.05204142404687727,0.05002818827888036,0.16181822792951847,0.1346438924877463
117,117.0,117.01742795623892,0.0956818597903612,0.11493893726619943,0.13196151297283226,0.09734615285815193,0.05757646441335671,0.10323342593526907,0.05370571153988989,0.05077031437249977,0.15965919775157655,0.13512642309986317
118,118.0,118.01765183424293,0.09677475194127008,0.11472204622957051,0.13202084063103986,0.09613216276086994,0.05743697966104309,0.10217100630785197,0.055760065134002446,0.05007231235021102,0.15954482094905414,0.1353650140350869
119,119.0,119.01767680610413,0.09544086438373806,0.11412834655534757,0.13480770631346667,0.09580303444922642,0.058427403874406175,0.1016045396579792,0.056778496656698436,0.050795564597865384,0.15766883741315224,0.13454520609811982
120,120.0,120.01752251271817,0.09655739542308113,0.11500369127098531,0.13594882788429793,0.09232443275059955,0.05802925915170217,0.10186214305886973,0.056322594020301195,0.04890773639162779,0.15992396402592332,0.13511995602261184
121,121.0,121.01720842354362,0.09641213590723205,0.11643830808589947,0.13570788604496958,0.09082087910497184,0.05675418841182281,0.10182670146928688,0.055125236926614515,0.049446549805611695,0.1598330265800186,0.13763508766357252
122,122.0,122.01675365905109,0.09795124292476298,0.1167193138963581,0.13469872894775142,0.08881611553580106,0.05890953302904477,0.10160276469460507,0.055482249171565606,0.05061200599258878,0.15830103064030063,0.13690701516722156
123,123.0,123.0161768344173,0.09513663190164826,0.11811333357988658,0.13524232370929984,0.08886869716131379,0.059125459886180565,0.10002080257263768,0.05588484978429605,0.051354262792215576,0.1598165492210106,0.13643708939151106
124,124.0,124.01549592390272,0.09845440339232717,0.11703729875447905,0.13337580526697382,0.08761142168771241,0.06135290345016207,0.09948161481048667,0.056014751965301,0.05187439951613032,0.15831030868201262,0.13648709247441485
125,125.0,125.01472814520056,0.09930114854043005,0.11742217682129624,0.13292192084135618,0.08793838585515504,0.059466184838462104,0.09927685314853082,0.054941666616530015,0.05165164312168251,0.159568129436303,0.137511890780254
126,126.0,126.01388986291661,0.0993103737881098,0.1182960899410228,0.13316305586988297,0.0899899174540553,0.0576878871625385,0.09851839769118668,0.05553212964412742,0.050879781380614324,0.15889633399887224,0.13772603306958997
127,127.0,127.0129965102319,0.09926693075840666,0.11835020965072732,0.13250301930802716,0.09042201799136229,0.055270507376188945,0.09966283721744577,0.055506358073171315,0.04932993248322554,0.16014058605746767,0.13954760108397732
128,128.0,128.01206252771334,0.0981357998446146,0.11819183166328875,0.13283254199485334,0.09293822959802217,0.054024750802785106,0.0988413959732626,0.05458995989195808,0.04949189299005009,0.1596763998567467,0.14127719738441855
129,129.0,129.0111013181695,0.09722771426238166,0.11824328303889317,0.1331427370801705,0.09406775468334673,0.052394447068851636,0.10176078084692246,0.053940561552551516,0.05037114038767583,0.15727619080052527,0.1415753902786812
130,130.0,130.01012521639834,0.09957865776914661,0.11801922130545471,0.13236492583702714,0.0954770079240873,0.05100834212838786,0.10220202960971346,0.055095167900811065,0.04913026722870394,0.15702144071657465,0.14010293958009326
131,131.0,131.0091454726403,0.09898939127628259,0.11761561677139012,0.13126220223912696,0.09623127415372966,0.051072715099937244,0.10109677336976969,0.05572534438166185,0.04839716455989171,0.1590909039566392,0.14051861419157097
132,132.0,132.0081722485317,0.09871290999943799,0.11582358217970516,0.1332222067611545,0.09769836660563486,0.04983506562821203,0.09897317988727082,0.05625329385785348,0.04904432033041497,0.15853085362750088,0.14190622112281526
133,133.0,133.00721462434865,0.0977048771582429,0.11785658207208813,0.1335191296829744,0.09726999765997668,0.049710499562509086,0.09805850186366305,0.05673652486901342,0.047275140281156,0.159802394292661,0.14206635255771527
134,134.0,134.0062806163404,0.09795996841102228,0.1188441343433216,0.13329282560616704,0.09853885780084756,0.04889058163992237,0.09879996834501423,0.056135284873068444,0.046790520774223424,0.15942141978065008,0.1413264384257629
135,135.0,135.00537720296956,0.09815059983162563,0.11823170307529732,0.13427419366456103,0.0994157536335047,0.048587499223713346,0.09820577859728728,0.05604101282353742,0.04612472772572457,0.16140294079207812,0.1395657906326705
136,136.0,136.00451035890612,0.09779003097463375,0.11765512706380848,0.13287698129508854,0.100122000936583,0.04844657871870347,0.09693123223958461,0.054711012837368,0.044427594865238854,0.16267446186822704,0.14436497920076416
137,137.0,137.00368509565993,0.09726025358959312,0.11827930344432963,0.1332169294337365,0.10132588912234336,0.04836415654117332,0.09407593486820844,0.055878705375260976,0.04370922301417273,0.16308780768136905,0.1448017969298128
138,138.0,138.0029055077818,0.09827293072109514,0.11705177680502774,0.13531051508707254,0.10227512359589644,0.04785044244656033,0.09185958656194668,0.0559586868084632,0.04365379700959287,0.16377578645020716,0.1439913545141378
139,139.0,139.00217482361367,0.09766136022461272,0.11476342214217122,0.13643558445107218,0.10325644306557213,0.04856121002450198,0.0910994121616181,0.05611460197227919,0.04542513344398885,0.16233227193334523,0.14435056058083834
140,140.0,140.0014954596262,0.09905858516080825,0.11295199714333204,0.137923421424215,0.10280344890639782,0.0490737605111266,0.0919666649831917,0.05507403190328019,0.044733250245336115,0.16386194795318285,0.14255289176912936
141,141.0,141.00086907744122,0.10038449570028331,0.11050786408594267,0.137595605617581,0.10160074855313997,0.05084263347768871,0.08925791360611775,0.05573249997232315,0.04448159587357791,0.16535402472760713,0.1442426183857383
142,142.0,142.0002966427003,0.10237918357728137,0.10841201154750182,0.13582446666917558,0.10124360898817167,0.053058080612377045,0.09305509622290349,0.056041168395000306,0.042805208287488405,0.1638119400621466,0.1433692356379536
143,143.0,142.99977848500652,0.10164368020138165,0.10683040235257012,0.1349209766041552,0.099726898268266,0.05653959628278101,0.09208397268588797,0.0552690858541367,0.04216454758706363,0.16545503773131,0.1453658024324476
144,144.0,143.99931435823203,0.09920023250364367,0.10755890025806196,0.1338135520727297,0.09941145744303302,0.05890904175645649,0.09649335834236475,0.05412914618531757,0.04258270111372892,0.16250013368267385,0.14540147664198994
145,145.0,144.99890350055264,0.09956619931058726,0.10764022478113282,0.13497967726572357,0.0976411928032154,0.05907221955123926,0.09604630409236875,0.055953678965080314,0.04293912197147697,0.16161485712721432,0.14454652413196117
146,146.0,145.9985446936357,0.10119850556359065,0.10635553569588983,0.13539547238606175,0.09639451194985968,0.06052691253090161,0.09646870601746951,0.056019005476563036,0.043058234696722104,0.15942431930352488,0.14515879637941675
147,147.0,146.99823632047406,0.10260118931707146,0.10646060971974972,0.13620486478868288,0.09685493596003927,0.05958681646277392,0.09580771791412018,0.0545884958215258,0.04379411963947338,0.15835139018069372,0.14574986019586947
148,148.0,147.99797642142389,0.10171662403517913,0.10599256972873558,0.13775715454465767,0.09458066043081867,0.06022565450349882,0.09784527127274482,0.05513205939124212,0.04350767489226617,0.15674713937415455,0.1464951918267023
149,149.0,148.99776274806447,0.10022476432304064,0.10509687153222841,0.1394881705387004,0.09394658944132461,0.0616618536702136,0.0982018784465044,0.05373512274101348,0.04338131299130272,0.15672363060425704,0.14753980571141448
150,150.0,149.99759281456036,0.099970150002497,0.10352699327228497,0.13984017769788012,0.0966766336492981,0.06213239120783019,0.0990999597593086,0.05167667608499138,0.04410234951927558,0.15671228169676185,0.146262387109872
151,151.0,150.99746394626104,0.09930943159203609,0.10532277092611447,0.13826524861176998,0.09509914210414253,0.063164097812382,0.10082527657100301,0.050149774644208056,0.04344544418632639,0.15954238693414174,0.14487642661787553
152,152.0,151.99737332532905,0.10264446143016721,0.10482469445211073,0.13978985848789552,0.09476468951602507,0.06297609404128474,0.10060395183863993,0.049676538343120746,0.042476893348788326,0.16030559352915824,0.14193722501280934
153,153.0,152.99731803323698,0.10195355290877818,0.10383714754550963,0.14308113549497462,0.09438321839347144,0.06215454098713222,0.10087505722877396,0.050109689152921764,0.04184489971318647,0.1601714227470708,0.14158933582818076
154,154.0,153.99729509002177,0.1028769210867318,0.10356636399332046,0.14115801645147052,0.09304785308947706,0.06275578671674437,0.10126270399698652,0.04890827144051382,0.04179614607290372,0.1612700969514805,0.14335784020037112
155,155.0,154.99730149022784,0.10393030866624542,0.10160774079390454,0.13989372715191267,0.09359784495712078,0.06205812349599449,0.10087943760385239,0.04874948336281631,0.042759884632256016,0.1625195630025605,0.14400388633333677
156,156.0,155.99733423551103,0.10432530750954118,0.10028647186201313,0.14010396783552612,0.09431354161065214,0.06012910699365544,0.10345275424262917,0.04931516605430978,0.04223534873577491,0.16172760538803316,0.14411072976786488
157,157.0,156.99739036391077,0.10424258043982024,0.10250302820425489,0.14033760543494353,0.09264713115336698,0.05794075973982138,0.10316203835952241,0.050048728783603114,0.043307173083323755,0.16234976246217406,0.14346119233916957
158,158.0,157.99746697583146,0.10480858103416577,0.10303690544406396,0.1383799830638967,0.09438210156683316,0.056155195500837085,0.10517298644183419,0.050254415376983975,0.043786585966586286,0.1615602154655639,0.1424630301392349
159,159.0,158.99756125680176,0.10417540610237436,0.10331451481227412,0.1374451877861223,0.09489957232622152,0.055995526800269965,0.10594809366110114,0.05086209514080515,0.04297907775109703,0.16029882316091568,0.14408170245881868
160,160.0,159.997670497107,0.10285992575707012,0.10425028877899205,0.13774812304114775,0.09508969678780271,0.057078791740602965,0.1049025289220447,0.0518851210124374,0.043008356029323874,0.15913295477055353,0.14404421316002486
161,161.0,160.99779210841066,0.10455495740707561,0.10549123112718754,0.1379951735374751,0.09400752109431867,0.05643999126719691,0.10486304166930199,0.05078005239913668,0.04204325492936405,0.15946053585692072,0.1443642407120227
162,162.0,161.99792363749984,0.10763947003697649,0.10475202099788333,0.1377576495983892,0.09482101366441612,0.05625309712420726,0.10227631826818824,0.05259936641805634,0.04285463792451448,0.15841604787982902,0.14263037808753948
163,163.0,162.9980627773051,0.10886088840937759,0.10539553610373567,0.1395807345448601,0.09200204968256157,0.05810277666081109,0.10106953882864463,0.05296396146465716,0.04175233918288394,0.15712040237677732,0.1431517727456909
164,164.0,163.9982073753568,0.11227199645824183,0.10429311251417583,0.14229738029495925,0.09060433934929592,0.05697755823086841,0.10054490084003302,0.053252343798965596,0.04202451094288511,0.15572540756101777,0.1420084500095572
165,165.0,164.99835543984977,0.11226015704635597,0.10602376328147478,0.14251023118096676,0.09149138213962105,0.05595953045999488,0.10128829745587209,0.05191218737576385,0.04284639822410321,0.15519540520809083,0.14051264762775656
166,166.0,165.99850514349492,0.11273963376057504,0.10651291047271404,0.14116545807665407,0.09049309882062714,0.0546780149598416,0.1018731289929768,0.05322248415336665,0.0427720443268117,0.15613172216882915,0.1404115042676038
167,167.0,166.99865482534062,0.11300418557431995,0.10490598632078377,0.14275141168271527,0.0933353695910015,0.053869283792290494,0.10060613335603248,0.05389718565684169,0.04180209278698185,0.1574670790551935,0.13836127218383948
168,168.0,167.99880299074837,0.11385635553479599,0.10316426696189963,0.14338564295713516,0.09262593101472492,0.0555735403801568,0.10196660856170958,0.052643632975754195,0.04083535632555646,0.1591185862928192,0.13683007899544802
169,169.0,168.99894830970783,0.11384793953319841,0.10069746819286818,0.1416167441185203,0.09283339136034377,0.05458094731702379,0.10238984819803446,0.05129708588787954,0.0413969763884015,0.16127222470842772,0.14006737429530236
170,170.0,169.99908961367427,0.11186281436788989,0.1048082006139238,0.1409919066488433,0.09180739925322134,0.055542824668879165,0.102346092319493,0.05210738552250502,0.04133896374137923,0.16162156557790533,0.1375728472859599
171,171.0,170.99922589110733,0.1137001480649662,0.10361254817639778,0.14233183967591734,0.08886634630422477,0.05616853688889981,0.10444178864167078,0.05319206952726442,0.04115372640315458,0.16185734389180648,0.1346756524256978
172,172.0,171.99935628188598,0.11367587018602825,0.10273868955295358,0.14090504639525206,0.08894883573321677,0.05561568367620143,0.107252891653875,0.05226725497510575,0.0399252658156648,0.16279052153393006,0.13587994047777227
173,173.0,172.99948007076793,0.11431639617644282,0.103000757556474,0.13879208257812733,0.0862736085228316,0.05869297871335666,0.10654071014965984,0.05390163752448178,0.04031362183133197,0.16363789415565652,0.1345303127916374
174,174.0,173.99959668005403,0.11283862868500728,0.10362809942022676,0.13888046814791943,0.08546833090701605,0.058121090057918275,0.10573066536670132,0.05349177583506836,0.04152326850381054,0.16537871980083502,0.13493895327549688
175,175.0,174.99970566161096,0.1113773838293074,0.1045256078472248,0.1415874367291748,0.08676969643156955,0.058781627656736744,0.10728208234856808,0.05167548591936019,0.041518886835210114,0.16310093992873084,0.1333808524741174
