,Unnamed: 0,Total_iterations,Intertwine_two,Invert_path_vertices,Insert_inside_vertex,Delete_inside_vertex,MSC_add_terminal,MSC_del_terminal
0,0.0,0.0,0.16666666666666657,0.16666666666666657,0.16666666666666657,0.16666666666666657,0.16666666666666657,0.16666666666666657
1,1.0,1.0,0.16666666666666657,0.16666666666666657,0.16666666666666657,0.16666666666666657,0.16666666666666657,0.16666666666666657
2,2.0,2.0,0.16666666666666657,0.16666666666666657,0.16666666666666657,0.16666666666666657,0.16666666666666657,0.16666666666666657
3,3.0,3.0,0.16666666666666657,0.16666666666666657,0.16666666666666657,0.16666666666666657,0.16666666666666657,0.16666666666666657
4,4.0,4.0,0.16666666666666657,0.16666666666666657,0.16666666666666657,0.16666666666666657,0.16666666666666657,0.16666666666666657
5,5.0,5.0,0.16666666666666657,0.16666666666666657,0.16666666666666657,0.16666666666666657,0.16666666666666657,0.16666666666666657
6,6.0,6.0,0.16666666666666657,0.16666666666666657,0.16666666666666657,0.16666666666666657,0.16666666666666657,0.16666666666666657
7,7.0,7.0,0.16666666666666657,0.16666666666666657,0.16666666666666657,0.16666666666666657,0.16666666666666657,0.16666666666666657
8,8.0,8.0,0.16666666666666657,0.16666666666666657,0.16666666666666657,0.16666666666666657,0.16666666666666657,0.16666666666666657
9,9.0,9.0,0.16666666666666657,0.16666666666666657,0.16666666666666657,0.16666666666666657,0.16666666666666657,0.16666666666666657
10,10.0,10.0,0.16666666666666657,0.16666666666666657,0.16666666666666657,0.16666666666666657,0.16666666666666657,0.16666666666666657
11,11.0,11.0,0.16666666666666657,0.16666666666666657,0.16666666666666657,0.16666666666666657,0.16666666666666657,0.16666666666666657
12,12.0,12.0,0.16666666666666657,0.16666666666666657,0.16666666666666657,0.16666666666666657,0.16666666666666657,0.16666666666666657
13,13.0,13.0,0.16666666666666657,0.16666666666666657,0.16666666666666657,0.16666666666666657,0.16666666666666657,0.16666666666666657
14,14.0,14.0,0.16666666666666657,0.16666666666666657,0.16666666666666657,0.16666666666666657,0.16666666666666657,0.16666666666666657
15,15.0,15.0,0.16666666666666657,0.16666666666666657,0.16666666666666657,0.16666666666666657,0.16666666666666657,0.16666666666666657
16,16.0,16.0,0.16666666666666657,0.16666666666666657,0.16666666666666657,0.16666666666666657,0.16666666666666657,0.16666666666666657
17,17.0,17.0,0.16666666666666657,0.16666666666666657,0.16666666666666657,0.16666666666666657,0.16666666666666657,0.16666666666666657
18,18.0,18.0,0.16666666666666657,0.16666666666666657,0.16666666666666657,0.16666666666666657,0.16666666666666657,0.16666666666666657
19,19.0,19.0,0.16666666666666657,0.16666666666666657,0.16666666666666657,0.16666666666666657,0.16666666666666657,0.16666666666666657
20,20.0,20.0,0.16666666666666657,0.16666666666666657,0.16666666666666657,0.16666666666666657,0.16666666666666657,0.16666666666666657
21,21.0,21.0,0.16666666666666657,0.16666666666666657,0.16666666666666657,0.16666666666666657,0.16666666666666657,0.16666666666666657
22,22.0,22.0,0.16666666666666657,0.16666666666666657,0.16666666666666657,0.16666666666666657,0.16666666666666657,0.16666666666666657
23,23.0,23.0,0.16666666666666657,0.16666666666666657,0.16666666666666657,0.16666666666666657,0.16666666666666657,0.16666666666666657
24,24.0,24.0,0.16666666666666657,0.16666666666666657,0.16666666666666657,0.16666666666666657,0.16666666666666657,0.16666666666666657
25,25.0,25.0,0.16666666666666657,0.16666666666666657,0.16666666666666657,0.16666666666666657,0.16666666666666657,0.16666666666666657
26,26.0,26.0,0.16666666666666657,0.16666666666666657,0.16666666666666657,0.16666666666666657,0.16666666666666657,0.16666666666666657
27,27.0,27.0,0.16666666666666657,0.16666666666666657,0.16666666666666657,0.16666666666666657,0.16666666666666657,0.16666666666666657
28,28.0,28.0,0.16666666666666657,0.16666666666666657,0.16666666666666657,0.16666666666666657,0.16666666666666657,0.16666666666666657
29,29.0,29.0,0.16666666666666657,0.16666666666666657,0.16666666666666657,0.16666666666666657,0.16666666666666657,0.16666666666666657
30,30.0,30.0,0.16666666666666657,0.16666666666666657,0.16666666666666657,0.16666666666666657,0.16666666666666657,0.16666666666666657
31,31.0,31.0,0.16666666666666657,0.16666666666666657,0.16666666666666657,0.16666666666666657,0.16666666666666657,0.16666666666666657
32,32.0,32.0,0.16666666666666657,0.16666666666666657,0.16666666666666657,0.16666666666666657,0.16666666666666657,0.16666666666666657
33,33.0,33.0,0.16666666666666657,0.16666666666666657,0.16666666666666657,0.16666666666666657,0.16666666666666657,0.16666666666666657
34,34.0,34.0,0.16666666666666657,0.16666666666666657,0.16666666666666657,0.16666666666666657,0.16666666666666657,0.16666666666666657
35,35.0,35.0,0.16666666666666657,0.16666666666666657,0.16666666666666657,0.16666666666666657,0.16666666666666657,0.16666666666666657
36,36.0,36.0,0.16666666666666657,0.16666666666666657,0.16666666666666657,0.16666666666666657,0.16666666666666657,0.16666666666666657
37,37.0,37.0,0.16666666666666657,0.16666666666666657,0.16666666666666657,0.16666666666666657,0.16666666666666657,0.16666666666666657
38,38.0,38.0,0.16666666666666657,0.16666666666666657,0.16666666666666657,0.16666666666666657,0.16666666666666657,0.16666666666666657
39,39.0,39.0,0.16666666666666657,0.16666666666666657,0.16666666666666657,0.16666666666666657,0.16666666666666657,0.16666666666666657
40,40.0,40.0,0.16666666666666657,0.16666666666666657,0.16666666666666657,0.16666666666666657,0.16666666666666657,0.16666666666666657
41,41.0,41.0,0.16666666666666657,0.16666666666666657,0.16666666666666657,0.16666666666666657,0.16666666666666657,0.16666666666666657
42,42.0,42.0,0.16666666666666657,0.16666666666666657,0.16666666666666657,0.16666666666666657,0.16666666666666657,0.16666666666666657
43,43.0,43.0,0.16666666666666657,0.16666666666666657,0.16666666666666657,0.16666666666666657,0.16666666666666657,0.16666666666666657
44,44.0,44.0,0.16666666666666657,0.16666666666666657,0.16666666666666657,0.16666666666666657,0.16666666666666657,0.16666666666666657
45,45.0,45.0,0.16666666666666657,0.16666666666666657,0.16666666666666657,0.16666666666666657,0.16666666666666657,0.16666666666666657
46,46.0,46.0,0.16666666666666657,0.16666666666666657,0.16666666666666657,0.16666666666666657,0.16666666666666657,0.16666666666666657
47,47.0,47.0,0.16666666666666657,0.16666666666666657,0.16666666666666657,0.16666666666666657,0.16666666666666657,0.16666666666666657
48,48.0,48.0,0.16666666666666657,0.16666666666666657,0.16666666666666657,0.16666666666666657,0.16666666666666657,0.16666666666666657
49,49.0,49.0,0.16666666666666657,0.16666666666666657,0.16666666666666657,0.16666666666666657,0.16666666666666657,0.16666666666666657
50,50.0,50.0,0.16666666666666657,0.16666666666666657,0.16666666666666657,0.16666666666666657,0.16666666666666657,0.16666666666666657
51,51.0,51.0,0.16666666666666657,0.16666666666666657,0.16666666666666657,0.16666666666666657,0.16666666666666657,0.16666666666666657
52,52.0,52.0,0.16666666666666657,0.16666666666666657,0.16666666666666657,0.16666666666666657,0.16666666666666657,0.16666666666666657
53,53.0,53.0,0.16666666666666657,0.16666666666666657,0.16666666666666657,0.16666666666666657,0.16666666666666657,0.16666666666666657
54,54.0,54.0,0.16666666666666657,0.16666666666666657,0.16666666666666657,0.16666666666666657,0.16666666666666657,0.16666666666666657
55,55.0,55.0,0.16666666666666657,0.16666666666666657,0.16666666666666657,0.16666666666666657,0.16666666666666657,0.16666666666666657
56,56.0,56.0,0.16666666666666657,0.16666666666666657,0.16666666666666657,0.16666666666666657,0.16666666666666657,0.16666666666666657
57,57.0,57.0,0.16666666666666657,0.16666666666666657,0.16666666666666657,0.16666666666666657,0.16666666666666657,0.16666666666666657
58,58.0,58.0,0.16666666666666657,0.16666666666666657,0.16666666666666657,0.16666666666666657,0.16666666666666657,0.16666666666666657
59,59.0,59.0,0.16666666666666657,0.16666666666666657,0.16666666666666657,0.16666666666666657,0.16666666666666657,0.16666666666666657
60,60.0,60.0,0.16666666666666657,0.16666666666666657,0.16666666666666657,0.16666666666666657,0.16666666666666657,0.16666666666666657
61,61.0,61.0,0.16666666666666657,0.16666666666666657,0.16666666666666657,0.16666666666666657,0.16666666666666657,0.16666666666666657
62,62.0,62.0,0.16666666666666657,0.16666666666666657,0.16666666666666657,0.16666666666666657,0.16666666666666657,0.16666666666666657
63,63.0,63.0,0.16666666666666657,0.16666666666666657,0.16666666666666657,0.16666666666666657,0.16666666666666657,0.16666666666666657
64,64.0,64.0,0.16666666666666657,0.16666666666666657,0.16666666666666657,0.16666666666666657,0.16666666666666657,0.16666666666666657
65,65.0,65.0,0.16666666666666657,0.16666666666666657,0.16666666666666657,0.16666666666666657,0.16666666666666657,0.16666666666666657
66,66.0,66.0,0.16666666666666657,0.16666666666666657,0.16666666666666657,0.16666666666666657,0.16666666666666657,0.16666666666666657
67,67.0,67.0,0.16666666666666657,0.16666666666666657,0.16666666666666657,0.16666666666666657,0.16666666666666657,0.16666666666666657
68,68.0,68.0,0.16666666666666657,0.16666666666666657,0.16666666666666657,0.16666666666666657,0.16666666666666657,0.16666666666666657
69,69.0,69.0,0.16666666666666657,0.16666666666666657,0.16666666666666657,0.16666666666666657,0.16666666666666657,0.16666666666666657
70,70.0,70.0,0.16666666666666657,0.16666666666666657,0.16666666666666657,0.16666666666666657,0.16666666666666657,0.16666666666666657
71,71.0,71.0,0.16666666666666657,0.16666666666666657,0.16666666666666657,0.16666666666666657,0.16666666666666657,0.16666666666666657
72,72.0,72.0,0.16666666666666657,0.16666666666666657,0.16666666666666657,0.16666666666666657,0.16666666666666657,0.16666666666666657
73,73.0,73.0,0.16666666666666657,0.16666666666666657,0.16666666666666657,0.16666666666666657,0.16666666666666657,0.16666666666666657
74,74.0,74.0,0.16666666666666657,0.16666666666666657,0.16666666666666657,0.16666666666666657,0.16666666666666657,0.16666666666666657
75,75.0,75.0,0.16666666666666657,0.16666666666666657,0.16666666666666657,0.16666666666666657,0.16666666666666657,0.16666666666666657
76,76.0,76.0,0.16666666666666657,0.16666666666666657,0.16666666666666657,0.16666666666666657,0.16666666666666657,0.16666666666666657
77,77.0,77.0,0.16666666666666657,0.16666666666666657,0.16666666666666657,0.16666666666666657,0.16666666666666657,0.16666666666666657
78,78.0,78.0,0.16666666666666657,0.16666666666666657,0.16666666666666657,0.16666666666666657,0.16666666666666657,0.16666666666666657
79,79.0,79.0,0.16666666666666657,0.16666666666666657,0.16666666666666657,0.16666666666666657,0.16666666666666657,0.16666666666666657
80,80.0,80.0,0.16666666666666657,0.16666666666666657,0.16666666666666657,0.16666666666666657,0.16666666666666657,0.16666666666666657
81,81.0,81.0,0.16666666666666657,0.16666666666666657,0.16666666666666657,0.16666666666666657,0.16666666666666657,0.16666666666666657
82,82.0,82.0,0.16666666666666657,0.16666666666666657,0.16666666666666657,0.16666666666666657,0.16666666666666657,0.16666666666666657
83,83.0,83.1,0.16666666666666657,0.16666666666666657,0.16666666666666657,0.16666666666666657,0.16666666666666657,0.16666666666666657
84,84.0,84.1,0.16666666666666657,0.16666666666666657,0.16666666666666657,0.16666666666666657,0.16666666666666657,0.16666666666666657
85,85.0,85.1,0.16666666666666657,0.16666666666666657,0.16666666666666657,0.16666666666666657,0.16666666666666657,0.16666666666666657
86,86.0,86.1,0.16666666666666657,0.16666666666666657,0.16666666666666657,0.16666666666666657,0.16666666666666657,0.16666666666666657
87,87.0,87.2,0.16666666666666657,0.16666666666666657,0.16666666666666657,0.16666666666666657,0.16666666666666657,0.16666666666666657
88,88.0,88.2,0.16666666666666657,0.16666666666666657,0.16666666666666657,0.16666666666666657,0.16666666666666657,0.16666666666666657
89,89.0,89.2,0.16666666666666657,0.16666666666666657,0.16666666666666657,0.16666666666666657,0.16666666666666657,0.16666666666666657
90,90.0,90.2,0.16666666666666657,0.16666666666666657,0.16666666666666657,0.16666666666666657,0.16666666666666657,0.16666666666666657
91,91.0,91.2,0.16666666666666657,0.16666666666666657,0.16666666666666657,0.16666666666666657,0.16666666666666657,0.16666666666666657
92,92.0,92.2,0.16666666666666657,0.16666666666666657,0.16666666666666657,0.16666666666666657,0.16666666666666657,0.16666666666666657
93,93.0,93.2,0.16666666666666657,0.16666666666666657,0.16666666666666657,0.16666666666666657,0.16666666666666657,0.16666666666666657
94,94.0,94.2,0.16666666666666657,0.16666666666666657,0.16666666666666657,0.16666666666666657,0.16666666666666657,0.16666666666666657
95,95.0,95.2,0.16666666666666657,0.16666666666666657,0.16666666666666657,0.16666666666666657,0.16666666666666657,0.16666666666666657
96,96.0,96.3,0.16666666666666657,0.16666666666666657,0.16666666666666657,0.16666666666666657,0.16666666666666657,0.16666666666666657
97,97.0,97.3,0.16666666666666657,0.16666666666666657,0.16666666666666657,0.16666666666666657,0.16666666666666657,0.16666666666666657
98,98.0,98.5,0.16666666666666657,0.16666666666666657,0.16666666666666657,0.16666666666666657,0.16666666666666657,0.16666666666666657
99,99.0,99.5,0.16666666666666657,0.16666666666666657,0.16666666666666657,0.16666666666666657,0.16666666666666657,0.16666666666666657
100,100.0,100.5,0.16666666666666657,0.16666666666666657,0.16666666666666657,0.16666666666666657,0.16666666666666657,0.16666666666666657
101,101.0,101.5,0.16666666666666657,0.16666666666666657,0.16666666666666657,0.16666666666666657,0.16666666666666657,0.16666666666666657
102,102.0,102.5,0.16666666666666657,0.16666666666666657,0.16666666666666657,0.16666666666666657,0.16666666666666657,0.16666666666666657
103,103.0,103.5,0.16666666666666657,0.16666666666666657,0.16666666666666657,0.16666666666666657,0.16666666666666657,0.16666666666666657
104,104.0,104.5,0.16666666666666657,0.16666666666666657,0.16666666666666657,0.16666666666666657,0.16666666666666657,0.16666666666666657
105,105.0,105.5,0.16666666666666657,0.16666666666666657,0.16666666666666657,0.16666666666666657,0.16666666666666657,0.16666666666666657
106,106.0,106.5,0.16666666666666657,0.16666666666666657,0.16666666666666657,0.16666666666666657,0.16666666666666657,0.16666666666666657
107,107.0,107.5,0.16666666666666657,0.16666666666666657,0.16666666666666657,0.16666666666666657,0.16666666666666657,0.16666666666666657
108,108.0,108.5,0.16666666666666657,0.16666666666666657,0.16666666666666657,0.16666666666666657,0.16666666666666657,0.16666666666666657
109,109.0,109.5,0.16666666666666657,0.16666666666666657,0.16666666666666657,0.16666666666666657,0.16666666666666657,0.16666666666666657
110,110.0,110.5,0.16666666666666657,0.16666666666666657,0.16666666666666657,0.16666666666666657,0.16666666666666657,0.16666666666666657
111,111.0,111.5,0.16666666666666657,0.16666666666666657,0.16666666666666657,0.16666666666666657,0.16666666666666657,0.16666666666666657
112,112.0,112.5,0.16666666666666657,0.16666666666666657,0.16666666666666657,0.16666666666666657,0.16666666666666657,0.16666666666666657
113,113.0,113.5,0.16666666666666657,0.16666666666666657,0.16666666666666657,0.16666666666666657,0.16666666666666657,0.16666666666666657
114,114.0,114.5,0.16666666666666657,0.16666666666666657,0.16666666666666657,0.16666666666666657,0.16666666666666657,0.16666666666666657
115,115.0,115.5,0.16666666666666657,0.16666666666666657,0.16666666666666657,0.16666666666666657,0.16666666666666657,0.16666666666666657
116,116.0,116.5,0.16666666666666657,0.16666666666666657,0.16666666666666657,0.16666666666666657,0.16666666666666657,0.16666666666666657
117,117.0,117.5,0.16666666666666657,0.16666666666666657,0.16666666666666657,0.16666666666666657,0.16666666666666657,0.16666666666666657
118,118.0,118.5,0.16666666666666657,0.16666666666666657,0.16666666666666657,0.16666666666666657,0.16666666666666657,0.16666666666666657
119,119.0,119.5,0.16666666666666657,0.16666666666666657,0.16666666666666657,0.16666666666666657,0.16666666666666657,0.16666666666666657
120,120.0,120.5,0.16666666666666657,0.16666666666666657,0.16666666666666657,0.16666666666666657,0.16666666666666657,0.16666666666666657
121,121.0,121.5,0.16666666666666657,0.16666666666666657,0.16666666666666657,0.16666666666666657,0.16666666666666657,0.16666666666666657
122,122.0,122.5,0.16666666666666657,0.16666666666666657,0.16666666666666657,0.16666666666666657,0.16666666666666657,0.16666666666666657
123,123.0,123.5,0.16666666666666657,0.16666666666666657,0.16666666666666657,0.16666666666666657,0.16666666666666657,0.16666666666666657
124,124.0,124.5,0.16666666666666657,0.16666666666666657,0.16666666666666657,0.16666666666666657,0.16666666666666657,0.16666666666666657
125,125.0,125.5,0.16666666666666657,0.16666666666666657,0.16666666666666657,0.16666666666666657,0.16666666666666657,0.16666666666666657
126,126.0,126.5,0.16666666666666657,0.16666666666666657,0.16666666666666657,0.16666666666666657,0.16666666666666657,0.16666666666666657
127,127.0,127.5,0.16666666666666657,0.16666666666666657,0.16666666666666657,0.16666666666666657,0.16666666666666657,0.16666666666666657
128,128.0,128.5,0.16666666666666657,0.16666666666666657,0.16666666666666657,0.16666666666666657,0.16666666666666657,0.16666666666666657
129,129.0,129.5,0.16666666666666657,0.16666666666666657,0.16666666666666657,0.16666666666666657,0.16666666666666657,0.16666666666666657
130,130.0,130.5,0.16666666666666657,0.16666666666666657,0.16666666666666657,0.16666666666666657,0.16666666666666657,0.16666666666666657
131,131.0,131.5,0.16666666666666657,0.16666666666666657,0.16666666666666657,0.16666666666666657,0.16666666666666657,0.16666666666666657
132,132.0,132.5,0.16666666666666657,0.16666666666666657,0.16666666666666657,0.16666666666666657,0.16666666666666657,0.16666666666666657
133,133.0,133.5,0.16666666666666657,0.16666666666666657,0.16666666666666657,0.16666666666666657,0.16666666666666657,0.16666666666666657
134,134.0,134.5,0.16666666666666657,0.16666666666666657,0.16666666666666657,0.16666666666666657,0.16666666666666657,0.16666666666666657
135,135.0,135.5,0.16666666666666657,0.16666666666666657,0.16666666666666657,0.16666666666666657,0.16666666666666657,0.16666666666666657
136,136.0,136.5,0.16666666666666657,0.16666666666666657,0.16666666666666657,0.16666666666666657,0.16666666666666657,0.16666666666666657
137,137.0,137.5,0.16666666666666657,0.16666666666666657,0.16666666666666657,0.16666666666666657,0.16666666666666657,0.16666666666666657
138,138.0,138.5,0.16666666666666657,0.16666666666666657,0.16666666666666657,0.16666666666666657,0.16666666666666657,0.16666666666666657
139,139.0,139.5,0.16666666666666657,0.16666666666666657,0.16666666666666657,0.16666666666666657,0.16666666666666657,0.16666666666666657
140,140.0,140.5,0.16666666666666657,0.16666666666666657,0.16666666666666657,0.16666666666666657,0.16666666666666657,0.16666666666666657
141,141.0,141.5,0.16666666666666657,0.16666666666666657,0.16666666666666657,0.16666666666666657,0.16666666666666657,0.16666666666666657
142,142.0,142.5,0.16666666666666657,0.16666666666666657,0.16666666666666657,0.16666666666666657,0.16666666666666657,0.16666666666666657
143,143.0,143.5,0.16666666666666657,0.16666666666666657,0.16666666666666657,0.16666666666666657,0.16666666666666657,0.16666666666666657
144,144.0,144.5,0.16666666666666657,0.16666666666666657,0.16666666666666657,0.16666666666666657,0.16666666666666657,0.16666666666666657
145,145.0,145.5,0.16666666666666657,0.16666666666666657,0.16666666666666657,0.16666666666666657,0.16666666666666657,0.16666666666666657
146,146.0,146.5,0.16666666666666657,0.16666666666666657,0.16666666666666657,0.16666666666666657,0.16666666666666657,0.16666666666666657
147,147.0,147.5,0.16666666666666657,0.16666666666666657,0.16666666666666657,0.16666666666666657,0.16666666666666657,0.16666666666666657
148,148.0,148.5,0.16666666666666657,0.16666666666666657,0.16666666666666657,0.16666666666666657,0.16666666666666657,0.16666666666666657
149,149.0,149.5,0.16666666666666657,0.16666666666666657,0.16666666666666657,0.16666666666666657,0.16666666666666657,0.16666666666666657
150,150.0,150.5,0.16666666666666657,0.16666666666666657,0.16666666666666657,0.16666666666666657,0.16666666666666657,0.16666666666666657
151,151.0,151.5,0.16666666666666657,0.16666666666666657,0.16666666666666657,0.16666666666666657,0.16666666666666657,0.16666666666666657
152,152.0,152.5,0.16666666666666657,0.16666666666666657,0.16666666666666657,0.16666666666666657,0.16666666666666657,0.16666666666666657
153,153.0,153.5,0.16666666666666657,0.16666666666666657,0.16666666666666657,0.16666666666666657,0.16666666666666657,0.16666666666666657
154,154.0,154.5,0.16666666666666657,0.16666666666666657,0.16666666666666657,0.16666666666666657,0.16666666666666657,0.16666666666666657
155,155.0,155.5,0.16666666666666657,0.16666666666666657,0.16666666666666657,0.16666666666666657,0.16666666666666657,0.16666666666666657
156,156.0,156.5,0.16666666666666657,0.16666666666666657,0.16666666666666657,0.16666666666666657,0.16666666666666657,0.16666666666666657
157,157.0,157.5,0.16666666666666657,0.16666666666666657,0.16666666666666657,0.16666666666666657,0.16666666666666657,0.16666666666666657
158,158.0,158.5,0.16666666666666657,0.16666666666666657,0.16666666666666657,0.16666666666666657,0.16666666666666657,0.16666666666666657
159,159.0,159.5,0.16666666666666657,0.16666666666666657,0.16666666666666657,0.16666666666666657,0.16666666666666657,0.16666666666666657
160,160.0,160.5,0.16666666666666657,0.16666666666666657,0.16666666666666657,0.16666666666666657,0.16666666666666657,0.16666666666666657
161,161.0,161.5,0.16666666666666657,0.16666666666666657,0.16666666666666657,0.16666666666666657,0.16666666666666657,0.16666666666666657
162,162.0,162.5,0.16666666666666657,0.16666666666666657,0.16666666666666657,0.16666666666666657,0.16666666666666657,0.16666666666666657
163,163.0,163.5,0.16666666666666657,0.16666666666666657,0.16666666666666657,0.16666666666666657,0.16666666666666657,0.16666666666666657
164,164.0,164.5,0.16666666666666657,0.16666666666666657,0.16666666666666657,0.16666666666666657,0.16666666666666657,0.16666666666666657
165,165.0,165.5,0.16666666666666657,0.16666666666666657,0.16666666666666657,0.16666666666666657,0.16666666666666657,0.16666666666666657
166,166.0,166.5,0.16666666666666657,0.16666666666666657,0.16666666666666657,0.16666666666666657,0.16666666666666657,0.16666666666666657
167,167.0,167.5,0.16666666666666657,0.16666666666666657,0.16666666666666657,0.16666666666666657,0.16666666666666657,0.16666666666666657
168,168.0,168.6,0.16666666666666657,0.16666666666666657,0.16666666666666657,0.16666666666666657,0.16666666666666657,0.16666666666666657
169,169.0,169.6,0.16666666666666657,0.16666666666666657,0.16666666666666657,0.16666666666666657,0.16666666666666657,0.16666666666666657
170,170.0,170.6,0.16666666666666657,0.16666666666666657,0.16666666666666657,0.16666666666666657,0.16666666666666657,0.16666666666666657
171,171.0,171.6,0.16666666666666657,0.16666666666666657,0.16666666666666657,0.16666666666666657,0.16666666666666657,0.16666666666666657
172,172.0,172.6,0.16666666666666657,0.16666666666666657,0.16666666666666657,0.16666666666666657,0.16666666666666657,0.16666666666666657
173,173.0,173.6,0.16666666666666657,0.16666666666666657,0.16666666666666657,0.16666666666666657,0.16666666666666657,0.16666666666666657
174,174.0,174.6,0.16666666666666657,0.16666666666666657,0.16666666666666657,0.16666666666666657,0.16666666666666657,0.16666666666666657
175,175.0,175.6,0.16666666666666657,0.16666666666666657,0.16666666666666657,0.16666666666666657,0.16666666666666657,0.16666666666666657
176,176.0,176.6,0.16666666666666657,0.16666666666666657,0.16666666666666657,0.16666666666666657,0.16666666666666657,0.16666666666666657
177,177.0,177.6,0.16666666666666657,0.16666666666666657,0.16666666666666657,0.16666666666666657,0.16666666666666657,0.16666666666666657
178,178.0,178.6,0.16666666666666657,0.16666666666666657,0.16666666666666657,0.16666666666666657,0.16666666666666657,0.16666666666666657
179,179.0,179.6,0.16666666666666657,0.16666666666666657,0.16666666666666657,0.16666666666666657,0.16666666666666657,0.16666666666666657
180,180.0,180.6,0.16666666666666657,0.16666666666666657,0.16666666666666657,0.16666666666666657,0.16666666666666657,0.16666666666666657
181,181.0,181.6,0.16666666666666657,0.16666666666666657,0.16666666666666657,0.16666666666666657,0.16666666666666657,0.16666666666666657
182,182.0,182.6,0.16666666666666657,0.16666666666666657,0.16666666666666657,0.16666666666666657,0.16666666666666657,0.16666666666666657
183,183.0,183.6,0.16666666666666657,0.16666666666666657,0.16666666666666657,0.16666666666666657,0.16666666666666657,0.16666666666666657
184,184.0,184.6,0.16666666666666657,0.16666666666666657,0.16666666666666657,0.16666666666666657,0.16666666666666657,0.16666666666666657
185,185.0,185.6,0.16666666666666657,0.16666666666666657,0.16666666666666657,0.16666666666666657,0.16666666666666657,0.16666666666666657
186,186.0,186.6,0.16666666666666657,0.16666666666666657,0.16666666666666657,0.16666666666666657,0.16666666666666657,0.16666666666666657
187,187.0,187.6,0.16666666666666657,0.16666666666666657,0.16666666666666657,0.16666666666666657,0.16666666666666657,0.16666666666666657
188,188.0,188.6,0.16666666666666657,0.16666666666666657,0.16666666666666657,0.16666666666666657,0.16666666666666657,0.16666666666666657
189,189.0,189.6,0.16666666666666657,0.16666666666666657,0.16666666666666657,0.16666666666666657,0.16666666666666657,0.16666666666666657
190,190.0,190.6,0.16666666666666657,0.16666666666666657,0.16666666666666657,0.16666666666666657,0.16666666666666657,0.16666666666666657
191,191.0,191.6,0.16666666666666657,0.16666666666666657,0.16666666666666657,0.16666666666666657,0.16666666666666657,0.16666666666666657
192,192.0,192.6,0.16666666666666657,0.16666666666666657,0.16666666666666657,0.16666666666666657,0.16666666666666657,0.16666666666666657
193,193.0,193.6,0.16666666666666657,0.16666666666666657,0.16666666666666657,0.16666666666666657,0.16666666666666657,0.16666666666666657
194,194.0,194.6,0.16666666666666657,0.16666666666666657,0.16666666666666657,0.16666666666666657,0.16666666666666657,0.16666666666666657
195,195.0,195.6,0.16666666666666657,0.16666666666666657,0.16666666666666657,0.16666666666666657,0.16666666666666657,0.16666666666666657
196,196.0,196.6,0.16666666666666657,0.16666666666666657,0.16666666666666657,0.16666666666666657,0.16666666666666657,0.16666666666666657
197,197.0,197.6,0.16666666666666657,0.16666666666666657,0.16666666666666657,0.16666666666666657,0.16666666666666657,0.16666666666666657
198,198.0,198.6,0.16666666666666657,0.16666666666666657,0.16666666666666657,0.16666666666666657,0.16666666666666657,0.16666666666666657
199,199.0,199.6,0.1642857142857142,0.1642857142857142,0.1642857142857142,0.1642857142857142,0.1642857142857142,0.17857142857142846
200,200.0,200.6,0.16190476190476183,0.16190476190476183,0.16190476190476183,0.16190476190476183,0.16190476190476183,0.19047619047619038
201,201.0,201.6,0.16011904761904755,0.17261904761904753,0.16011904761904755,0.16011904761904755,0.16011904761904755,0.18690476190476182
202,202.0,202.6,0.154563492063492,0.16567460317460309,0.154563492063492,0.154563492063492,0.154563492063492,0.21607142857142853
203,203.0,203.6,0.14789682539682533,0.1578968253968253,0.14789682539682533,0.16039682539682532,0.14789682539682533,0.23801587301587296
204,204.0,204.6,0.14520202020202017,0.1542929292929292,0.14520202020202017,0.15770202020202012,0.14520202020202017,0.25239898989898985
205,205.0,205.6,0.13817460317460312,0.14650793650793645,0.13817460317460312,0.18301587301587294,0.13817460317460312,0.2559523809523809
206,206.0,206.6,0.134041514041514,0.14173382173382168,0.15601953601953594,0.18601953601953597,0.134041514041514,0.2481440781440781
207,207.0,207.6,0.13170634920634916,0.1388492063492063,0.1513492063492063,0.18313492063492057,0.14420634920634917,0.25075396825396823
208,208.0,208.6,0.1285353535353535,0.13520202020202016,0.14770202020202014,0.17770202020202014,0.14103535353535349,0.26982323232323224
209,209.0,209.6,0.12700757575757574,0.13325757575757574,0.14575757575757572,0.17575757575757572,0.14575757575757572,0.27246212121212116
210,210.0,210.6,0.12482174688057039,0.13070409982174686,0.14320409982174684,0.18545008912655964,0.14320409982174684,0.2726158645276292
211,211.0,211.6,0.12330659536541884,0.13752228163992866,0.14168894830659534,0.18393493761140814,0.15002228163992865,0.2635249554367201
212,212.0,212.6,0.12233877233877229,0.13558663558663556,0.1459498834498834,0.18231351981351976,0.14872766122766118,0.26508352758352755
213,213.0,213.6,0.12178932178932174,0.13448773448773446,0.14540043290043286,0.1817640692640692,0.14817821067821063,0.26838023088023083
214,214.0,214.6,0.12131313131313126,0.1335353535353535,0.14492424242424237,0.18128787878787872,0.14770202020202014,0.27123737373737367
215,215.0,215.6,0.12131313131313126,0.1335353535353535,0.14492424242424237,0.18128787878787872,0.14770202020202014,0.27123737373737367
216,216.0,216.6,0.11921517809675701,0.1359914938862307,0.14085260499734178,0.18971624136097814,0.14392278043593829,0.2703017012227538
217,217.0,217.6,0.1281040669856459,0.13488038277511957,0.13863038277511958,0.1874940191387559,0.14170055821371608,0.2691905901116427
218,218.0,218.6,0.13550356506238856,0.13320409982174683,0.13641265597147947,0.19115864527629228,0.14050356506238854,0.26321746880570407
219,219.0,219.6,0.14881313131313126,0.1310353535353535,0.13381313131313127,0.18823232323232314,0.13714646464646457,0.26095959595959595
220,220.0,220.6,0.14519905533063424,0.12905195681511467,0.1314811066126855,0.19026990553306336,0.13481443994601885,0.2691835357624831
221,221.0,221.6,0.1440567765567765,0.12717032967032962,0.1298626373626373,0.19351648351648343,0.13343406593406587,0.27195970695970695
222,222.0,222.6,0.1430527805527805,0.12549533799533794,0.12842574092574086,0.189094239094239,0.13221361971361967,0.2817182817182816
223,223.0,223.6,0.1344702037093341,0.12399336171075297,0.1271402148576061,0.18521131042870168,0.14548469646295728,0.2837002128306475
224,224.0,224.6,0.13244306418219456,0.1225051759834368,0.12530020703933742,0.1826242236024844,0.15041925465838504,0.2867080745341614
225,225.0,225.6,0.13399999999999995,0.1268333333333333,0.1253333333333333,0.18199999999999994,0.14799999999999994,0.28383333333333327
226,226.0,226.6,0.13364701964701958,0.12676123876123874,0.14895837495837488,0.16958175158175154,0.14840226440226434,0.2726493506493506
227,227.0,227.6,0.13739834239834234,0.12409803159803157,0.14480574980574973,0.1670609945609945,0.15669062419062413,0.2699462574462574
228,228.0,228.6,0.14302008177008174,0.12147847522847517,0.15218314093314086,0.1723118085618085,0.15391895141895137,0.25708754208754203
229,229.0,229.6,0.14882525998905308,0.11996373836891075,0.1501662561576354,0.17424534756431304,0.15265051997810614,0.2541488779419814
230,230.0,230.6,0.14531288156288152,0.11844627594627591,0.14770604395604392,0.17511294261294258,0.1555296092796092,0.25789224664224664
231,231.0,231.6,0.14929196279920937,0.1168527653924009,0.14542611538497485,0.17256908417797964,0.15782762307741036,0.2580324491680246
232,232.0,232.6,0.13595179738562088,0.12310457516339865,0.14720179738562086,0.1722181372549019,0.16384803921568622,0.2576756535947712
233,233.0,233.6,0.13344909193805624,0.12576580748057822,0.14476222325118754,0.18667901425117037,0.15866200202363184,0.25068186105537543
234,234.0,234.6,0.13141846092503984,0.12363437001594893,0.14050937001594893,0.18628887559808607,0.15929525518341303,0.258853668261563
235,235.0,235.6,0.1347510822510822,0.12187229437229434,0.13884199134199132,0.1825054112554112,0.16044913419913415,0.2615800865800865
236,236.0,236.6,0.13245607333842624,0.1209587471352177,0.13801757066462944,0.18187038451744328,0.15981410746116625,0.26688311688311683
237,237.0,237.6,0.1288311688311688,0.12331890331890327,0.13388167388167385,0.18274170274170265,0.16001443001442994,0.2712121212121211
238,238.0,238.6,0.12790510143451314,0.12204609116373817,0.13950640862405564,0.1796961208725914,0.15884050589932935,0.2720057720057719
239,239.0,239.6,0.12735073582899664,0.12116454964281045,0.1360015294797903,0.18392936414675537,0.1604234980321936,0.2711303228694532
240,240.0,240.6,0.12720024699429727,0.12348261959245936,0.13553358032763063,0.18323980240456206,0.1600513966074606,0.2704923540735897
241,241.0,241.6,0.12705769553595636,0.12297229145055226,0.13509072856898938,0.18258692280431404,0.1596988173075129,0.2725935443326747
242,242.0,242.6,0.12677714275540358,0.1224111858894467,0.13481017578843663,0.1804465631639544,0.16157360918230476,0.2739813232204536
243,243.0,243.6,0.12657951429690556,0.12201592897245066,0.1346125473299386,0.1830157331244287,0.16117835226530872,0.27259792401096744
244,244.0,244.6,0.1240664625508628,0.11915740659531468,0.1318150005625587,0.18265669032957077,0.17269696422037767,0.26960747574131505
245,245.0,245.6,0.13869877912825945,0.11667199155269141,0.12951074494022527,0.17858704715809695,0.16862826404183767,0.2679031731788889
246,246.0,246.6,0.1296697936210131,0.1145874504898895,0.12759287054409002,0.1845435688972274,0.17843985824473624,0.2651664582030435
247,247.0,247.6,0.13713987909109854,0.11316864707108605,0.12632791327913276,0.1817401500938086,0.17864498644986443,0.26297842401500937
248,248.0,248.6,0.12850804795926743,0.11535784676028575,0.12495585940707887,0.17881538966904814,0.18695306725794525,0.26540978894637424
249,249.0,249.6,0.12674057371810896,0.1140428927084896,0.12776928185208028,0.17598317023156557,0.1854914864767239,0.26997259501303145
250,250.0,250.6,0.11703759489149683,0.11709575210028926,0.1362481212072863,0.17744101180126584,0.1826401200130782,0.2695373999865832
251,251.0,251.6,0.11495228704837021,0.1154552563579491,0.1341628133641597,0.1900810326850718,0.17696212430300554,0.26838648624144334
252,252.0,252.6,0.1146348826611984,0.11495272271588057,0.13741683754841644,0.18939336978810656,0.17481943495101385,0.2687827523353839
253,253.0,253.6,0.1144021747560767,0.11825104316937343,0.13988148975444797,0.18919796174787093,0.17523515907363452,0.2630321714985961
254,254.0,254.6,0.11417228969860542,0.1177912730544309,0.13953666216824107,0.1887381916329284,0.17351102114260003,0.26625056230319377
255,255.0,255.6,0.11143955059277635,0.11901226909291421,0.13998586986490208,0.19007237386269638,0.17256237937689545,0.2669275572098152
256,256.0,256.6,0.1110868298368298,0.121532634032634,0.13953234265734263,0.18830856643356636,0.1740748834498834,0.26546474358974353
257,257.0,257.6,0.11373834498834494,0.12077505827505823,0.13905885780885777,0.19210372960372954,0.17227564102564097,0.2620483682983682
258,258.0,258.6,0.11245715069244477,0.11968325791855199,0.13851295763060464,0.19297271356094878,0.17172974084738785,0.2646441793500617
259,259.0,259.6,0.1120217037864096,0.11899061722591128,0.13551340816046692,0.19403968580439163,0.17298769857593382,0.2664468864468864
260,260.0,260.6,0.11149626517273573,0.11791549953314655,0.13723155929038278,0.1943837535014005,0.1737791783380018,0.26519374416433233
261,261.0,261.6,0.11216265178221696,0.11168641467554508,0.13716265178221695,0.2043525590808199,0.1750732798015406,0.2595624428776602
262,262.0,262.6,0.11197415080253821,0.11130941271618759,0.13697415080253822,0.20544777280079626,0.17474601841483134,0.25954849446310807
263,263.0,263.6,0.11179487179487176,0.11095085470085467,0.13679487179487176,0.20392094017094015,0.17443376068376062,0.26210470085470083
264,264.0,264.6,0.10884637188208612,0.11060941043083897,0.1366241496598639,0.20246882086167797,0.1769132653061224,0.26453798185941035
265,265.0,265.6,0.10853345418589318,0.10998357503845306,0.13623615688859586,0.2031496923753021,0.17775417490661388,0.2643429466051417
266,266.0,266.6,0.1083519909889501,0.10962064864456691,0.13598356993631852,0.20263721085353265,0.17866416849153005,0.26474241108510155
267,267.0,267.6,0.10139652014652012,0.11070970695970692,0.12896062271062267,0.19856684981684977,0.19351190476190472,0.26685439560439556
268,268.0,268.6,0.10034040279597538,0.10950656316770838,0.12790450536007794,0.19858375626859606,0.1978014794551652,0.2658632929524768
269,269.0,269.6,0.09931397306397302,0.10821127946127942,0.12681397306397302,0.1961153198653198,0.20236952861952856,0.26717592592592593
270,270.0,270.6,0.0958235360417645,0.10979821918204453,0.13642045516885049,0.20208225236466565,0.20494649267434886,0.25092904456832565
271,271.0,271.6,0.09499888999888996,0.11627983127983124,0.13520035520035514,0.20061105561105555,0.20118603618603617,0.25172383172383167
272,272.0,272.6,0.09483816907729947,0.11826608174434257,0.13471912145825185,0.20111272785185824,0.20089711013624054,0.2501667897320071
273,273.0,273.6,0.09419621158982858,0.11698216676940076,0.13407716397078095,0.1994069405771533,0.20410130649492347,0.2512362105979127
274,274.0,274.6,0.09410755910755905,0.11680486180486176,0.13398851148851146,0.20038211788211782,0.20401265401265398,0.25070429570429564
275,275.0,275.6,0.0934528914755395,0.11525162410179828,0.1354679901979553,0.20019115901520074,0.20825768018276727,0.2473786550267386
276,276.0,276.6,0.09292326383500964,0.1141923688207385,0.14118836255742542,0.19851580992819756,0.20426940592569603,0.24891078893293267
277,277.0,277.6,0.09281458442858281,0.11641403439812874,0.14107968315099859,0.1992665305431223,0.20403973438375797,0.2463854330954093
278,278.0,278.6,0.09552449253969689,0.12643859546900418,0.14344115920636355,0.2052325976615607,0.20511800637049885,0.22424514875287552
279,279.0,279.6,0.09544087296652273,0.12599450139463814,0.14302531371956811,0.20691859724862458,0.20481065047583513,0.2238100641948111
280,280.0,280.6,0.09397683041954864,0.13291490114917484,0.14156127117259404,0.20360729716972564,0.20399489406895044,0.22394480602000613
281,281.0,281.6,0.10036064579331642,0.13093894215312066,0.14025277885405413,0.20155201506420556,0.20322166324548166,0.2236739548898213
282,282.0,282.6,0.0986866925064599,0.12923938722775927,0.13912827611664816,0.20691851236618675,0.20413150609080838,0.2218956256921373
283,283.0,283.6,0.09725812107788848,0.12781081579918785,0.1381758951642672,0.2073947028423772,0.2079410299003322,0.2214194352159468
284,284.0,284.6,0.1021473791066814,0.1286649132521225,0.13717644887412325,0.20339581026208928,0.20572342192691026,0.22289202657807303
285,285.0,285.6,0.10193843790158766,0.1281941767193135,0.13691465354640794,0.20389585406044022,0.2064475552377399,0.22260932253451057
286,286.0,286.6,0.10044381120475507,0.12704315861976595,0.13615532096722244,0.20818742645863023,0.20556803035086207,0.222602252398764
287,287.0,287.6,0.09913662166227141,0.1260627664629032,0.1355017261959806,0.21210899508608122,0.20491443557962025,0.22227545501314308
288,288.0,288.6,0.09913662166227141,0.1260627664629032,0.1355017261959806,0.21210899508608122,0.20491443557962025,0.22227545501314308
289,289.0,289.6,0.09802240200460009,0.12795412276062426,0.13530452777356797,0.21379052449098884,0.20449575321479344,0.22043266975542514
290,290.0,290.6,0.09799909198129007,0.12790750271400422,0.13724200206398346,0.21171319006071326,0.20435589307493326,0.22078232010507545
291,291.0,291.6,0.09792110679396784,0.12741930642573848,0.1391573723583888,0.21110178018168796,0.2040540949078106,0.22034633933240605
292,292.0,292.6,0.10184652613688176,0.12658593458525053,0.13860910749077637,0.20914992952783643,0.2033960846495046,0.22041241760975
293,293.0,293.6,0.10058063516510843,0.12572081930837053,0.14278169960454495,0.20842594762738398,0.20284447939201694,0.2196464189025748
294,294.0,294.6,0.09942581514236389,0.12492633077803297,0.14656895008990864,0.20781790786840082,0.2023390100186231,0.21892198610267027
295,295.0,295.6,0.0980391207465674,0.12321921646019676,0.14899008432239222,0.20797364715991792,0.20449041461435935,0.21728751669656607
