Total_iterations,Unnamed: 0.1,Intertwine_two,Invert_path_vertices,Insert_inside_vertex,Delete_inside_vertex,MSC_add_terminal,MSC_del_terminal
0,0.0,0.1666666666666665,0.1666666666666665,0.1666666666666665,0.1666666666666665,0.1666666666666665,0.1666666666666665
1,1.0,0.1666666666666665,0.1666666666666665,0.1666666666666665,0.1666666666666665,0.1666666666666665,0.1666666666666665
2,2.0,0.1666666666666665,0.1666666666666665,0.1666666666666665,0.1666666666666665,0.1666666666666665,0.1666666666666665
3,3.0,0.1666666666666665,0.1666666666666665,0.1666666666666665,0.1666666666666665,0.1666666666666665,0.1666666666666665
4,4.0,0.1666666666666665,0.1666666666666665,0.1666666666666665,0.1666666666666665,0.1666666666666665,0.1666666666666665
5,5.0,0.1666666666666665,0.1666666666666665,0.1666666666666665,0.1666666666666665,0.1666666666666665,0.1666666666666665
6,6.0,0.1666666666666665,0.1666666666666665,0.1666666666666665,0.1666666666666665,0.1666666666666665,0.1666666666666665
7,7.0,0.1666666666666665,0.1666666666666665,0.1666666666666665,0.1666666666666665,0.1666666666666665,0.1666666666666665
8,8.0,0.1666666666666665,0.1666666666666665,0.1666666666666665,0.1666666666666665,0.1666666666666665,0.1666666666666665
9,9.0,0.1666666666666665,0.1666666666666665,0.1666666666666665,0.1666666666666665,0.1666666666666665,0.1666666666666665
10,10.0,0.1666666666666665,0.1666666666666665,0.1666666666666665,0.1666666666666665,0.1666666666666665,0.1666666666666665
11,11.0,0.1666666666666665,0.1666666666666665,0.1666666666666665,0.1666666666666665,0.1666666666666665,0.1666666666666665
12,12.0,0.1666666666666665,0.1666666666666665,0.1666666666666665,0.1666666666666665,0.1666666666666665,0.1666666666666665
13,13.0,0.1666666666666665,0.1666666666666665,0.1666666666666665,0.1666666666666665,0.1666666666666665,0.1666666666666665
14,14.0,0.1666666666666665,0.1666666666666665,0.1666666666666665,0.1666666666666665,0.1666666666666665,0.1666666666666665
15,15.0,0.1666666666666665,0.1666666666666665,0.1666666666666665,0.1666666666666665,0.1666666666666665,0.1666666666666665
16,16.0,0.1666666666666665,0.1666666666666665,0.1666666666666665,0.1666666666666665,0.1666666666666665,0.1666666666666665
17,17.0,0.1666666666666665,0.1666666666666665,0.1666666666666665,0.1666666666666665,0.1666666666666665,0.1666666666666665
18,18.0,0.1666666666666665,0.1666666666666665,0.1666666666666665,0.1666666666666665,0.1666666666666665,0.1666666666666665
19,19.0,0.1666666666666665,0.1666666666666665,0.1666666666666665,0.1666666666666665,0.1666666666666665,0.1666666666666665
20,20.0,0.1666666666666665,0.1666666666666665,0.1666666666666665,0.1666666666666665,0.1666666666666665,0.1666666666666665
21,21.0,0.1666666666666665,0.1666666666666665,0.1666666666666665,0.1666666666666665,0.1666666666666665,0.1666666666666665
22,22.0,0.1666666666666665,0.1666666666666665,0.1666666666666665,0.1666666666666665,0.1666666666666665,0.1666666666666665
23,23.0,0.1666666666666665,0.1666666666666665,0.1666666666666665,0.1666666666666665,0.1666666666666665,0.1666666666666665
24,24.0,0.1666666666666665,0.1666666666666665,0.1666666666666665,0.1666666666666665,0.1666666666666665,0.1666666666666665
25,25.0,0.1666666666666665,0.1666666666666665,0.1666666666666665,0.1666666666666665,0.1666666666666665,0.1666666666666665
26,26.0,0.1666666666666665,0.1666666666666665,0.1666666666666665,0.1666666666666665,0.1666666666666665,0.1666666666666665
27,27.0,0.1666666666666665,0.1666666666666665,0.1666666666666665,0.1666666666666665,0.1666666666666665,0.1666666666666665
28,28.0,0.1666666666666665,0.1666666666666665,0.1666666666666665,0.1666666666666665,0.1666666666666665,0.1666666666666665
29,29.0,0.1666666666666665,0.1666666666666665,0.1666666666666665,0.1666666666666665,0.1666666666666665,0.1666666666666665
30,30.0,0.1666666666666665,0.1666666666666665,0.1666666666666665,0.1666666666666665,0.1666666666666665,0.1666666666666665
31,31.0,0.1666666666666665,0.1666666666666665,0.1666666666666665,0.1666666666666665,0.1666666666666665,0.1666666666666665
32,32.0,0.1666666666666665,0.1666666666666665,0.1666666666666665,0.1666666666666665,0.1666666666666665,0.1666666666666665
33,33.0,0.1666666666666665,0.1666666666666665,0.1666666666666665,0.1666666666666665,0.1666666666666665,0.1666666666666665
34,34.0,0.1666666666666665,0.1666666666666665,0.1666666666666665,0.1666666666666665,0.1666666666666665,0.1666666666666665
35,35.0,0.1666666666666665,0.1666666666666665,0.1666666666666665,0.1666666666666665,0.1666666666666665,0.1666666666666665
36,36.0,0.1666666666666665,0.1666666666666665,0.1666666666666665,0.1666666666666665,0.1666666666666665,0.1666666666666665
37,37.0,0.1666666666666665,0.1666666666666665,0.1666666666666665,0.1666666666666665,0.1666666666666665,0.1666666666666665
38,38.0,0.1666666666666665,0.1666666666666665,0.1666666666666665,0.1666666666666665,0.1666666666666665,0.1666666666666665
39,39.0,0.1666666666666665,0.1666666666666665,0.1666666666666665,0.1666666666666665,0.1666666666666665,0.1666666666666665
40,40.0,0.1666666666666665,0.1666666666666665,0.1666666666666665,0.1666666666666665,0.1666666666666665,0.1666666666666665
41,41.0,0.1666666666666665,0.1666666666666665,0.1666666666666665,0.1666666666666665,0.1666666666666665,0.1666666666666665
42,42.0,0.1666666666666665,0.1666666666666665,0.1666666666666665,0.1666666666666665,0.1666666666666665,0.1666666666666665
43,43.0,0.1666666666666665,0.1666666666666665,0.1666666666666665,0.1666666666666665,0.1666666666666665,0.1666666666666665
44,44.0,0.1666666666666665,0.1666666666666665,0.1666666666666665,0.1666666666666665,0.1666666666666665,0.1666666666666665
45,45.0,0.1666666666666665,0.1666666666666665,0.1666666666666665,0.1666666666666665,0.1666666666666665,0.1666666666666665
46,46.0,0.1666666666666665,0.1666666666666665,0.1666666666666665,0.1666666666666665,0.1666666666666665,0.1666666666666665
47,47.0,0.1666666666666665,0.1666666666666665,0.1666666666666665,0.1666666666666665,0.1666666666666665,0.1666666666666665
48,48.0,0.1666666666666665,0.1666666666666665,0.1666666666666665,0.1666666666666665,0.1666666666666665,0.1666666666666665
49,49.0,0.1666666666666665,0.1666666666666665,0.1666666666666665,0.1666666666666665,0.1666666666666665,0.1666666666666665
50,50.0,0.1666666666666665,0.1666666666666665,0.1666666666666665,0.1666666666666665,0.1666666666666665,0.1666666666666665
51,51.0,0.1666666666666665,0.1666666666666665,0.1666666666666665,0.1666666666666665,0.1666666666666665,0.1666666666666665
52,52.0,0.1666666666666665,0.1666666666666665,0.1666666666666665,0.1666666666666665,0.1666666666666665,0.1666666666666665
53,53.0,0.1666666666666665,0.1666666666666665,0.1666666666666665,0.1666666666666665,0.1666666666666665,0.1666666666666665
54,54.0,0.1666666666666665,0.1666666666666665,0.1666666666666665,0.1666666666666665,0.1666666666666665,0.1666666666666665
55,55.0,0.1666666666666665,0.1666666666666665,0.1666666666666665,0.1666666666666665,0.1666666666666665,0.1666666666666665
56,56.0,0.1666666666666665,0.1666666666666665,0.1666666666666665,0.1666666666666665,0.1666666666666665,0.1666666666666665
57,57.0,0.1666666666666665,0.1666666666666665,0.1666666666666665,0.1666666666666665,0.1666666666666665,0.1666666666666665
58,58.0,0.1666666666666665,0.1666666666666665,0.1666666666666665,0.1666666666666665,0.1666666666666665,0.1666666666666665
59,59.0,0.1666666666666665,0.1666666666666665,0.1666666666666665,0.1666666666666665,0.1666666666666665,0.1666666666666665
60,60.0,0.1666666666666665,0.1666666666666665,0.1666666666666665,0.1666666666666665,0.1666666666666665,0.1666666666666665
61,61.0,0.1666666666666665,0.1666666666666665,0.1666666666666665,0.1666666666666665,0.1666666666666665,0.1666666666666665
62,62.0,0.1666666666666665,0.1666666666666665,0.1666666666666665,0.1666666666666665,0.1666666666666665,0.1666666666666665
63,63.0,0.1666666666666665,0.1666666666666665,0.1666666666666665,0.1666666666666665,0.1666666666666665,0.1666666666666665
64,64.0,0.1666666666666665,0.1666666666666665,0.1666666666666665,0.1666666666666665,0.1666666666666665,0.1666666666666665
65,65.0,0.1666666666666665,0.1666666666666665,0.1666666666666665,0.1666666666666665,0.1666666666666665,0.1666666666666665
66,66.0,0.1666666666666665,0.1666666666666665,0.1666666666666665,0.1666666666666665,0.1666666666666665,0.1666666666666665
67,67.0,0.1666666666666665,0.1666666666666665,0.1666666666666665,0.1666666666666665,0.1666666666666665,0.1666666666666665
68,68.0,0.1666666666666665,0.1666666666666665,0.1666666666666665,0.1666666666666665,0.1666666666666665,0.1666666666666665
69,69.0,0.1666666666666665,0.1666666666666665,0.1666666666666665,0.1666666666666665,0.1666666666666665,0.1666666666666665
70,70.0,0.1666666666666665,0.1666666666666665,0.1666666666666665,0.1666666666666665,0.1666666666666665,0.1666666666666665
71,71.0,0.1666666666666665,0.1666666666666665,0.1666666666666665,0.1666666666666665,0.1666666666666665,0.1666666666666665
72,72.0,0.1666666666666665,0.1666666666666665,0.1666666666666665,0.1666666666666665,0.1666666666666665,0.1666666666666665
73,73.0,0.1666666666666665,0.1666666666666665,0.1666666666666665,0.1666666666666665,0.1666666666666665,0.1666666666666665
74,74.0,0.1666666666666665,0.1666666666666665,0.1666666666666665,0.1666666666666665,0.1666666666666665,0.1666666666666665
75,75.0,0.1666666666666665,0.1666666666666665,0.1666666666666665,0.1666666666666665,0.1666666666666665,0.1666666666666665
76,76.0,0.1666666666666665,0.1666666666666665,0.1666666666666665,0.1666666666666665,0.1666666666666665,0.1666666666666665
77,77.0,0.1666666666666665,0.1666666666666665,0.1666666666666665,0.1666666666666665,0.1666666666666665,0.1666666666666665
78,78.0,0.1666666666666665,0.1666666666666665,0.1666666666666665,0.1666666666666665,0.1666666666666665,0.1666666666666665
79,79.0,0.1666666666666665,0.1666666666666665,0.1666666666666665,0.1666666666666665,0.1666666666666665,0.1666666666666665
80,80.0,0.1666666666666665,0.1666666666666665,0.1666666666666665,0.1666666666666665,0.1666666666666665,0.1666666666666665
81,81.0,0.1666666666666665,0.1666666666666665,0.1666666666666665,0.1666666666666665,0.1666666666666665,0.1666666666666665
82,82.0,0.1666666666666665,0.1666666666666665,0.1666666666666665,0.1666666666666665,0.1666666666666665,0.1666666666666665
83,83.0,0.1666666666666665,0.1666666666666665,0.1666666666666665,0.1666666666666665,0.1666666666666665,0.1666666666666665
84,84.0,0.1666666666666665,0.1666666666666665,0.1666666666666665,0.1666666666666665,0.1666666666666665,0.1666666666666665
85,85.0,0.1666666666666665,0.1666666666666665,0.1666666666666665,0.1666666666666665,0.1666666666666665,0.1666666666666665
86,86.0,0.1666666666666665,0.1666666666666665,0.1666666666666665,0.1666666666666665,0.1666666666666665,0.1666666666666665
87,87.0,0.1666666666666665,0.1666666666666665,0.1666666666666665,0.1666666666666665,0.1666666666666665,0.1666666666666665
88,88.0,0.1666666666666665,0.1666666666666665,0.1666666666666665,0.1666666666666665,0.1666666666666665,0.1666666666666665
89,89.0,0.1666666666666665,0.1666666666666665,0.1666666666666665,0.1666666666666665,0.1666666666666665,0.1666666666666665
90,90.0,0.1666666666666665,0.1666666666666665,0.1666666666666665,0.1666666666666665,0.1666666666666665,0.1666666666666665
91,91.0,0.1666666666666665,0.1666666666666665,0.1666666666666665,0.1666666666666665,0.1666666666666665,0.1666666666666665
92,92.0,0.1666666666666665,0.1666666666666665,0.1666666666666665,0.1666666666666665,0.1666666666666665,0.1666666666666665
93,93.0,0.1666666666666665,0.1666666666666665,0.1666666666666665,0.1666666666666665,0.1666666666666665,0.1666666666666665
94,94.0,0.1666666666666665,0.1666666666666665,0.1666666666666665,0.1666666666666665,0.1666666666666665,0.1666666666666665
95,95.0,0.1666666666666665,0.1666666666666665,0.1666666666666665,0.1666666666666665,0.1666666666666665,0.1666666666666665
96,96.0,0.1666666666666665,0.1666666666666665,0.1666666666666665,0.1666666666666665,0.1666666666666665,0.1666666666666665
97,97.0,0.1666666666666665,0.1666666666666665,0.1666666666666665,0.1666666666666665,0.1666666666666665,0.1666666666666665
98,98.0,0.1666666666666665,0.1666666666666665,0.1666666666666665,0.1666666666666665,0.1666666666666665,0.1666666666666665
99,99.0,0.1666666666666665,0.1666666666666665,0.1666666666666665,0.1666666666666665,0.1666666666666665,0.1666666666666665
100,100.0,0.1666666666666665,0.1666666666666665,0.1666666666666665,0.1666666666666665,0.1666666666666665,0.1666666666666665
101,101.0,0.1666666666666665,0.1666666666666665,0.1666666666666665,0.1666666666666665,0.1666666666666665,0.1666666666666665
102,102.0,0.1666666666666665,0.1666666666666665,0.1666666666666665,0.1666666666666665,0.1666666666666665,0.1666666666666665
103,103.0,0.1666666666666665,0.1666666666666665,0.1666666666666665,0.1666666666666665,0.1666666666666665,0.1666666666666665
104,104.0,0.1666666666666665,0.1666666666666665,0.1666666666666665,0.1666666666666665,0.1666666666666665,0.1666666666666665
105,105.0,0.1666666666666665,0.1666666666666665,0.1666666666666665,0.1666666666666665,0.1666666666666665,0.1666666666666665
106,106.0,0.1666666666666665,0.1666666666666665,0.1666666666666665,0.1666666666666665,0.1666666666666665,0.1666666666666665
107,107.0,0.1666666666666665,0.1666666666666665,0.1666666666666665,0.1666666666666665,0.1666666666666665,0.1666666666666665
108,108.0,0.1666666666666665,0.1666666666666665,0.1666666666666665,0.1666666666666665,0.1666666666666665,0.1666666666666665
109,109.0,0.1666666666666665,0.1666666666666665,0.1666666666666665,0.1666666666666665,0.1666666666666665,0.1666666666666665
110,110.0,0.1666666666666665,0.1666666666666665,0.1666666666666665,0.1666666666666665,0.1666666666666665,0.1666666666666665
111,111.0,0.1666666666666665,0.1666666666666665,0.1666666666666665,0.1666666666666665,0.1666666666666665,0.1666666666666665
112,112.0,0.1666666666666665,0.1666666666666665,0.1666666666666665,0.1666666666666665,0.1666666666666665,0.1666666666666665
113,113.0,0.1666666666666665,0.1666666666666665,0.1666666666666665,0.1666666666666665,0.1666666666666665,0.1666666666666665
114,114.0,0.1666666666666665,0.1666666666666665,0.1666666666666665,0.1666666666666665,0.1666666666666665,0.1666666666666665
115,115.0,0.1666666666666665,0.1666666666666665,0.1666666666666665,0.1666666666666665,0.1666666666666665,0.1666666666666665
116,116.0,0.1666666666666665,0.1666666666666665,0.1666666666666665,0.1666666666666665,0.1666666666666665,0.1666666666666665
117,117.0,0.1666666666666665,0.1666666666666665,0.1666666666666665,0.1666666666666665,0.1666666666666665,0.1666666666666665
118,118.0,0.1666666666666665,0.1666666666666665,0.1666666666666665,0.1666666666666665,0.1666666666666665,0.1666666666666665
119,119.0,0.1666666666666665,0.1666666666666665,0.1666666666666665,0.1666666666666665,0.1666666666666665,0.1666666666666665
120,120.0,0.1666666666666665,0.1666666666666665,0.1666666666666665,0.1666666666666665,0.1666666666666665,0.1666666666666665
121,121.0,0.1666666666666665,0.1666666666666665,0.1666666666666665,0.1666666666666665,0.1666666666666665,0.1666666666666665
122,122.0,0.1666666666666665,0.1666666666666665,0.1666666666666665,0.1666666666666665,0.1666666666666665,0.1666666666666665
123,123.0,0.1666666666666665,0.1666666666666665,0.1666666666666665,0.1666666666666665,0.1666666666666665,0.1666666666666665
124,124.0,0.1666666666666665,0.1666666666666665,0.1666666666666665,0.1666666666666665,0.1666666666666665,0.1666666666666665
125,125.0,0.1666666666666665,0.1666666666666665,0.1666666666666665,0.1666666666666665,0.1666666666666665,0.1666666666666665
126,126.0,0.1666666666666665,0.1666666666666665,0.1666666666666665,0.1666666666666665,0.1666666666666665,0.1666666666666665
127,127.0,0.1666666666666665,0.1666666666666665,0.1666666666666665,0.1666666666666665,0.1666666666666665,0.1666666666666665
128,128.0,0.1666666666666665,0.1666666666666665,0.1666666666666665,0.1666666666666665,0.1666666666666665,0.1666666666666665
129,129.0,0.1666666666666665,0.1666666666666665,0.1666666666666665,0.1666666666666665,0.1666666666666665,0.1666666666666665
130,130.0,0.1666666666666665,0.1666666666666665,0.1666666666666665,0.1666666666666665,0.1666666666666665,0.1666666666666665
131,131.0,0.1666666666666665,0.1666666666666665,0.1666666666666665,0.1666666666666665,0.1666666666666665,0.1666666666666665
132,132.0,0.1666666666666665,0.1666666666666665,0.1666666666666665,0.1666666666666665,0.1666666666666665,0.1666666666666665
133,133.0,0.1666666666666665,0.1666666666666665,0.1666666666666665,0.1666666666666665,0.1666666666666665,0.1666666666666665
134,134.0,0.1666666666666665,0.1666666666666665,0.1666666666666665,0.1666666666666665,0.1666666666666665,0.1666666666666665
135,135.0,0.1666666666666665,0.1666666666666665,0.1666666666666665,0.1666666666666665,0.1666666666666665,0.1666666666666665
136,136.0,0.1666666666666665,0.1666666666666665,0.1666666666666665,0.1666666666666665,0.1666666666666665,0.1666666666666665
137,137.0,0.1666666666666665,0.1666666666666665,0.1666666666666665,0.1666666666666665,0.1666666666666665,0.1666666666666665
138,138.0,0.1666666666666665,0.1666666666666665,0.1666666666666665,0.1666666666666665,0.1666666666666665,0.1666666666666665
139,139.0,0.1666666666666665,0.1666666666666665,0.1666666666666665,0.1666666666666665,0.1666666666666665,0.1666666666666665
140,140.0,0.1666666666666665,0.1666666666666665,0.1666666666666665,0.1666666666666665,0.1666666666666665,0.1666666666666665
141,141.0,0.1666666666666665,0.1666666666666665,0.1666666666666665,0.1666666666666665,0.1666666666666665,0.1666666666666665
142,142.0,0.1666666666666665,0.1666666666666665,0.1666666666666665,0.1666666666666665,0.1666666666666665,0.1666666666666665
143,143.0,0.1666666666666665,0.1666666666666665,0.1666666666666665,0.1666666666666665,0.1666666666666665,0.1666666666666665
144,144.0,0.1666666666666665,0.1666666666666665,0.1666666666666665,0.1666666666666665,0.1666666666666665,0.1666666666666665
145,145.0,0.1666666666666665,0.1666666666666665,0.1666666666666665,0.1666666666666665,0.1666666666666665,0.1666666666666665
146,146.0,0.1666666666666665,0.1666666666666665,0.1666666666666665,0.1666666666666665,0.1666666666666665,0.1666666666666665
147,147.0,0.1666666666666665,0.1666666666666665,0.1666666666666665,0.1666666666666665,0.1666666666666665,0.1666666666666665
148,148.0,0.1666666666666665,0.1666666666666665,0.1666666666666665,0.1666666666666665,0.1666666666666665,0.1666666666666665
149,149.0,0.1666666666666665,0.1666666666666665,0.1666666666666665,0.1666666666666665,0.1666666666666665,0.1666666666666665
150,150.0,0.1666666666666665,0.1666666666666665,0.1666666666666665,0.1666666666666665,0.1666666666666665,0.1666666666666665
151,151.0,0.1666666666666665,0.1666666666666665,0.1666666666666665,0.1666666666666665,0.1666666666666665,0.1666666666666665
152,152.0,0.1666666666666665,0.1666666666666665,0.1666666666666665,0.1666666666666665,0.1666666666666665,0.1666666666666665
153,153.0,0.1666666666666665,0.1666666666666665,0.1666666666666665,0.1666666666666665,0.1666666666666665,0.1666666666666665
154,154.0,0.1666666666666665,0.1666666666666665,0.1666666666666665,0.1666666666666665,0.1666666666666665,0.1666666666666665
155,155.0,0.1666666666666665,0.1666666666666665,0.1666666666666665,0.1666666666666665,0.1666666666666665,0.1666666666666665
156,156.0,0.1666666666666665,0.1666666666666665,0.1666666666666665,0.1666666666666665,0.1666666666666665,0.1666666666666665
157,157.0,0.1666666666666665,0.1666666666666665,0.1666666666666665,0.1666666666666665,0.1666666666666665,0.1666666666666665
158,158.0,0.1666666666666665,0.1666666666666665,0.1666666666666665,0.1666666666666665,0.1666666666666665,0.1666666666666665
159,159.0,0.1666666666666665,0.1666666666666665,0.1666666666666665,0.1666666666666665,0.1666666666666665,0.1666666666666665
160,160.0,0.1666666666666665,0.1666666666666665,0.1666666666666665,0.1666666666666665,0.1666666666666665,0.1666666666666665
161,161.0,0.1666666666666665,0.1666666666666665,0.1666666666666665,0.1666666666666665,0.1666666666666665,0.1666666666666665
162,162.0,0.1666666666666665,0.1666666666666665,0.1666666666666665,0.1666666666666665,0.1666666666666665,0.1666666666666665
163,163.0,0.1666666666666665,0.1666666666666665,0.1666666666666665,0.1666666666666665,0.1666666666666665,0.1666666666666665
164,164.0,0.1666666666666665,0.1666666666666665,0.1666666666666665,0.1666666666666665,0.1666666666666665,0.1666666666666665
165,165.0,0.1666666666666665,0.1666666666666665,0.1666666666666665,0.1666666666666665,0.1666666666666665,0.1666666666666665
166,166.0,0.1666666666666665,0.1666666666666665,0.1666666666666665,0.1666666666666665,0.1666666666666665,0.1666666666666665
167,167.0,0.1666666666666665,0.1666666666666665,0.1666666666666665,0.1666666666666665,0.1666666666666665,0.1666666666666665
168,168.0,0.1666666666666665,0.1666666666666665,0.1666666666666665,0.1666666666666665,0.1666666666666665,0.1666666666666665
169,169.0,0.1666666666666665,0.1666666666666665,0.1666666666666665,0.1666666666666665,0.1666666666666665,0.1666666666666665
170,170.0,0.1666666666666665,0.1666666666666665,0.1666666666666665,0.1666666666666665,0.1666666666666665,0.1666666666666665
171,171.0,0.1666666666666665,0.1666666666666665,0.1666666666666665,0.1666666666666665,0.1666666666666665,0.1666666666666665
172,172.0,0.1666666666666665,0.1666666666666665,0.1666666666666665,0.1666666666666665,0.1666666666666665,0.1666666666666665
173,173.0,0.1666666666666665,0.1666666666666665,0.1666666666666665,0.1666666666666665,0.1666666666666665,0.1666666666666665
174,174.0,0.1666666666666665,0.1666666666666665,0.1666666666666665,0.1666666666666665,0.1666666666666665,0.1666666666666665
175,175.0,0.1666666666666665,0.1666666666666665,0.1666666666666665,0.1666666666666665,0.1666666666666665,0.1666666666666665
176,176.0,0.1666666666666665,0.1666666666666665,0.1666666666666665,0.1666666666666665,0.1666666666666665,0.1666666666666665
177,177.0,0.1666666666666665,0.1666666666666665,0.1666666666666665,0.1666666666666665,0.1666666666666665,0.1666666666666665
178,178.0,0.1666666666666665,0.1666666666666665,0.1666666666666665,0.1666666666666665,0.1666666666666665,0.1666666666666665
179,179.0,0.1666666666666665,0.1666666666666665,0.1666666666666665,0.1666666666666665,0.1666666666666665,0.1666666666666665
180,180.0,0.1666666666666665,0.1666666666666665,0.1666666666666665,0.1666666666666665,0.1666666666666665,0.1666666666666665
181,181.0,0.1666666666666665,0.1666666666666665,0.1666666666666665,0.1666666666666665,0.1666666666666665,0.1666666666666665
182,182.0,0.1666666666666665,0.1666666666666665,0.1666666666666665,0.1666666666666665,0.1666666666666665,0.1666666666666665
183,183.0,0.1666666666666665,0.1666666666666665,0.1666666666666665,0.1666666666666665,0.1666666666666665,0.1666666666666665
184,184.0,0.1666666666666665,0.1666666666666665,0.1666666666666665,0.1666666666666665,0.1666666666666665,0.1666666666666665
185,185.0,0.1666666666666665,0.1666666666666665,0.1666666666666665,0.1666666666666665,0.1666666666666665,0.1666666666666665
186,186.0,0.1666666666666665,0.1666666666666665,0.1666666666666665,0.1666666666666665,0.1666666666666665,0.1666666666666665
187,187.0,0.1666666666666665,0.1666666666666665,0.1666666666666665,0.1666666666666665,0.1666666666666665,0.1666666666666665
188,188.0,0.1666666666666665,0.1666666666666665,0.1666666666666665,0.1666666666666665,0.1666666666666665,0.1666666666666665
189,189.0,0.1666666666666665,0.1666666666666665,0.1666666666666665,0.1666666666666665,0.1666666666666665,0.1666666666666665
190,190.0,0.1666666666666665,0.1666666666666665,0.1666666666666665,0.1666666666666665,0.1666666666666665,0.1666666666666665
191,191.0,0.1666666666666665,0.1666666666666665,0.1666666666666665,0.1666666666666665,0.1666666666666665,0.1666666666666665
192,192.0,0.1666666666666665,0.1666666666666665,0.1666666666666665,0.1666666666666665,0.1666666666666665,0.1666666666666665
193,193.0,0.1666666666666665,0.1666666666666665,0.1666666666666665,0.1666666666666665,0.1666666666666665,0.1666666666666665
194,194.0,0.1666666666666665,0.1666666666666665,0.1666666666666665,0.1666666666666665,0.1666666666666665,0.1666666666666665
195,195.0,0.1666666666666665,0.1666666666666665,0.1666666666666665,0.1666666666666665,0.1666666666666665,0.1666666666666665
196,196.0,0.1666666666666665,0.1666666666666665,0.1666666666666665,0.1666666666666665,0.1666666666666665,0.1666666666666665
197,197.0,0.1666666666666665,0.1666666666666665,0.1666666666666665,0.1666666666666665,0.1666666666666665,0.1666666666666665
198,198.0,0.1666666666666665,0.1666666666666665,0.1666666666666665,0.1666666666666665,0.1666666666666665,0.1666666666666665
199,199.0,0.1664285714285713,0.1664285714285713,0.1664285714285713,0.1664285714285713,0.1664285714285713,0.1678571428571427
200,200.0,0.1659547619047618,0.1659547619047618,0.1659547619047618,0.1659547619047618,0.1659547619047618,0.1702261904761904
201,201.0,0.1653092619047618,0.1665592619047618,0.1653092619047618,0.1653092619047618,0.1653092619047618,0.1722036904761904
202,202.0,0.1641208542063491,0.1664694653174602,0.1641208542063491,0.1641208542063491,0.1641208542063491,0.1770471178571428
203,203.0,0.1622890469896825,0.1656029219896824,0.1622890469896825,0.1635390469896824,0.1622890469896825,0.1839908900515872
204,204.0,0.1602270177592734,0.1643855824183643,0.1602270177592734,0.1627145177592734,0.1602270177592734,0.1922188465445418
205,205.0,0.1575181997735909,0.1624105509944243,0.1575181997735909,0.1644537017577179,0.1575181997735909,0.2005811479270844
206,206.0,0.154473518707178,0.1599965850906019,0.1566713209049802,0.1665049553692659,0.154473518707178,0.2078801012207955
207,207.0,0.1512954692172332,0.1573529266051325,0.1554355791073431,0.1682577678877002,0.1525454692172332,0.2151127879653574
208,208.0,0.1479222339090745,0.1544238781509321,0.1539178291471697,0.1694407806384733,0.1504097339090745,0.2238855442452755
209,209.0,0.1445396755502166,0.1514010715182182,0.1522952516491177,0.17039366006536,0.1488660505502166,0.2325042906668703
210,210.0,0.1411014691416177,0.1482437629975864,0.1505142075483727,0.1722741420433787,0.1471903031857353,0.2406761150833089
211,211.0,0.137692770999753,0.1459086068790775,0.1486866516289207,0.1739468201429121,0.1463240867058804,0.247441063643456
212,212.0,0.1343842986130667,0.1435295385146987,0.1473979677825194,0.1753899698273883,0.1454520117821247,0.2538462134802017
213,213.0,0.1312312731473611,0.1411990578475871,0.1461687264224869,0.1767030949883332,0.1446449557902549,0.2600528918039765
214,214.0,0.1282515116670266,0.13893927391835,0.1450071072156181,0.1778878983283219,0.1439063188988326,0.2660078899718506
215,215.0,0.1255003425311866,0.1368514291782066,0.1439608212815223,0.1789882211389073,0.1432795027095844,0.2714196831605925
216,216.0,0.1227726228751126,0.1351848221907368,0.1426216344095733,0.1808443445022338,0.1423816693375771,0.2761949066847661
217,217.0,0.1211709896257514,0.1335818315078577,0.1411764537084747,0.1823813522755929,0.141366808191532,0.2803225646907911
218,218.0,0.1205388002825994,0.131984497110602,0.1396285576877883,0.1841822485540013,0.1403370713451805,0.2833288250198282
219,219.0,0.1214504341466349,0.1303422175515439,0.1379433397861727,0.1855801869673949,0.1390762630790438,0.2856075584692096
220,220.0,0.122183123997682,0.1286727576362058,0.1361521391199437,0.1870686111321725,0.1376890351851505,0.2882343329288455
221,221.0,0.1229584762995682,0.1269858729897122,0.1343315012702601,0.1887648636228232,0.1362737467270598,0.2906855390905765
222,222.0,0.1237668767734383,0.1253020222071749,0.1325045489227791,0.1898967826211209,0.1348495456848036,0.2936802237906831
223,223.0,0.1238290385533701,0.1236382920323144,0.1306909511232623,0.1905191914177664,0.134868513161995,0.2964540137112917
224,224.0,0.1237886818541544,0.1219956669989928,0.1288392049592137,0.1907675718422349,0.1354852015440197,0.2991236728013844
225,225.0,0.1239945982299213,0.1209552152938374,0.1271405560617708,0.1908472583816107,0.135947636153147,0.3011147358797128
226,226.0,0.1242446789505142,0.1200703804823831,0.127956203989292,0.1895886788414079,0.1365245773800566,0.3016154803563463
227,227.0,0.1249389072811451,0.119074617018542,0.1284850463184894,0.1880038122805531,0.1379914373333332,0.3015061797679371
228,228.0,0.1262504810670589,0.1179667084099244,0.1298619505623788,0.1868930855986696,0.1392214358826879,0.2998063384792805
229,229.0,0.1281791113033087,0.1168532346443975,0.1311226878080363,0.1859409727148563,0.1403485665883852,0.2975554269410161
230,230.0,0.1297701021601737,0.115730467050405,0.1322017657924648,0.1850538743727818,0.1417739126875603,0.2954698779366144
231,231.0,0.1317553298490122,0.1145877832493829,0.1330999859029795,0.1839016907038201,0.1434240825225184,0.2932311277722869
232,232.0,0.1323833845571099,0.114207198626993,0.1342092134973272,0.1827163046441885,0.1456553123933573,0.2908285862810242
233,233.0,0.1327340473779265,0.1142197694639241,0.1350934867576797,0.1829905632162539,0.1473267428261301,0.2876353903580857
234,234.0,0.132853731260961,0.1141333998508657,0.1355607347334082,0.1832352665761536,0.1490077081235788,0.2852091594550327
235,235.0,0.1332803561849372,0.1139744693363985,0.1358640063969935,0.1831076892560151,0.150738840263453,0.2830346385622027
236,236.0,0.1334495249859116,0.1138190554000294,0.1360842886759341,0.1829233442140876,0.1523304594548999,0.2813933272691375
237,237.0,0.1332293519395879,0.1139865953930175,0.135888285868572,0.1828340359018124,0.1538577854625911,0.280203945434419
238,238.0,0.1328946076271469,0.1141034232504493,0.1362542906963153,0.1824481769022525,0.1551765529035215,0.2791229486203145
239,239.0,0.1324880061234719,0.1141998408491779,0.1362657283061351,0.1824967075697683,0.1565583823436034,0.2779913348078432
240,240.0,0.1320556431837498,0.1145880707709349,0.1362265852514936,0.1824857555620831,0.1578034698540897,0.2768404753776488
241,241.0,0.1316037074302713,0.1149753903745408,0.1361401412772134,0.1824181512635664,0.1589112699510663,0.2759513397033417
242,242.0,0.1311234498551422,0.1153478364724356,0.1360237922952238,0.1821449591462729,0.1601036446993889,0.2752563175315365
243,243.0,0.1306279921206788,0.1157141457630114,0.1358871792005154,0.182139019276933,0.1611519559260088,0.2744797077128524
244,244.0,0.1298902902068197,0.1158209897189105,0.1354717264198341,0.1821065362535162,0.1632475611888666,0.2734628962120526
245,245.0,0.1306313518655267,0.1157019719437213,0.1348308260964148,0.1816758387560543,0.1648212299378997,0.2723387814003828
246,246.0,0.1304760830802656,0.1153961020358606,0.1340090275541621,0.1818529752662721,0.1672567615733587,0.2710090504900805
247,247.0,0.1310752868259467,0.1149708522614459,0.1330787515695382,0.1817589621814357,0.1695810838324985,0.2695350633291347
248,248.0,0.130812033006528,0.1147890253814891,0.1320367894132672,0.1813816862417306,0.172594420972706,0.2683860449842786
249,249.0,0.1303753172944628,0.1144995739981362,0.1313095564170616,0.180733252986521,0.175303852783623,0.2677784465201949
250,250.0,0.1289756278351794,0.1145397868794022,0.1314675279103473,0.1802479463862529,0.1775590811040147,0.267210029884803
251,251.0,0.1273879962080748,0.1144374885505164,0.1314489774029612,0.1810471031885422,0.1790717974104507,0.2666066372394541
252,252.0,0.1258030302133664,0.1143053443683867,0.1317848227243513,0.1817879173158714,0.1801978764199694,0.2661210089580541
253,253.0,0.124241608552095,0.1145227204332941,0.1323898688824463,0.1825111637511665,0.1811991355261088,0.2651355028548886
254,254.0,0.1227149462132435,0.1147096651075774,0.1329748438748311,0.1831829765114048,0.181868215164006,0.2645493531289365
255,255.0,0.1209822496325478,0.1150308309977492,0.1336118603205776,0.1839765783698114,0.182291950721329,0.2641065299579844
256,256.0,0.1192921236439293,0.1156117311738274,0.1342035624964367,0.1845753972543931,0.1827272674167742,0.2635899180146386
257,257.0,0.1179541088312532,0.1161179927851283,0.1347420337714706,0.1855311822593247,0.1828526043605816,0.2628020779922408
258,258.0,0.1165796184318256,0.1165110188545478,0.1352152361415496,0.1865440126329292,0.1828050479588337,0.2623450659803135
259,259.0,0.1152578077043434,0.1168272006384014,0.1353741405424974,0.1876265442027976,0.1827772898990006,0.2621370170129589
260,260.0,0.1139832731490627,0.1170258866404681,0.1356903622925218,0.1886993608013961,0.182733559708127,0.2618675574084236
261,261.0,0.112877960630495,0.1165906916854949,0.1359834830867057,0.1907186202250766,0.1827340688689934,0.2610951755032338
262,262.0,0.1118571761773333,0.1161122732599837,0.1362402333904585,0.1927818144669442,0.1826251930844277,0.2603833096208519
263,263.0,0.1109217120149732,0.1155978122700524,0.1364607199371902,0.194612665604978,0.1824171873585156,0.2599899028142901
264,264.0,0.1097936758753696,0.1150541833764207,0.1366454271343247,0.1962083024439417,0.1823980984006832,0.2599003127692595
265,265.0,0.1087376785401742,0.1144578861034577,0.1367726515598744,0.1977750679345489,0.1824101609677376,0.2598465548942066
266,266.0,0.1077670923752612,0.1138401828077524,0.1368565299009286,0.1991876549683259,0.182465456775967,0.2598830831717643
267,267.0,0.1062038667287334,0.1133509603314998,0.1362209960856616,0.200086442753909,0.1839619837475666,0.2601757503526291
268,268.0,0.1046432784459818,0.1127639331899546,0.1354708001831165,0.2008818464767379,0.1858333147014756,0.2604068270027331
269,269.0,0.1030930772618051,0.1120735066916986,0.1346109076929851,0.2013278852848748,0.1880939991239669,0.2608006239446691
270,270.0,0.1013110614518468,0.1115721945430405,0.1347196833160644,0.2022738878079371,0.1905290668046468,0.259594106076464
271,271.0,0.0995699073644961,0.1117514350654169,0.1347125790985141,0.2029762540488993,0.1924887563271244,0.2585010680955487
272,272.0,0.0979410864200653,0.112156660544151,0.1346629396895269,0.2036348989054672,0.1943105570909638,0.2572938573498252
273,273.0,0.0963799226479029,0.1124540661895194,0.1345546302903786,0.2040318788383718,0.1963364629447404,0.2562430390890865
274,274.0,0.094944172894149,0.1127492817796959,0.1344435119197222,0.2044404291258701,0.1982285614004141,0.2551940428801482
275,275.0,0.0935781652147027,0.1129002078408,0.1344869032527637,0.2047484453854894,0.2004137935536543,0.2538724847525895
276,276.0,0.0922945428017563,0.1129536299302977,0.1351078035579,0.2048125522467436,0.2020601139321544,0.2527713575311476
277,277.0,0.0911347018997945,0.1132362637574891,0.1357165514818752,0.2048823530601793,0.2035409280385461,0.2514892017621154
278,278.0,0.0903786347244281,0.1145248680154553,0.1365542035356807,0.2054856222789448,0.2049864759964249,0.248070195449066
279,279.0,0.0897412708874337,0.1157593397147237,0.1373353753921329,0.2061946342883662,0.2062580488727901,0.2447113308445531
280,280.0,0.0890782352002321,0.1176647558363181,0.1379489251915168,0.2065088547185582,0.2073064148368608,0.2414928142165137
281,281.0,0.0891688705713207,0.1193345358992763,0.1384063942389191,0.2065571093196907,0.2081395059144984,0.2383935840562946
282,282.0,0.0891949648288347,0.1207834265259409,0.1387241299539919,0.2070871372483532,0.2089310937422148,0.2352792477006643
283,283.0,0.0891705097945164,0.1220291305541001,0.1389188954639459,0.2076100951829468,0.2099764792915979,0.2322948897128927
284,284.0,0.089718302179343,0.1232934907771877,0.1389868097908934,0.2076787141426465,0.2106752109947878,0.2296474721151414
285,285.0,0.0903147119744509,0.124438055549435,0.1390036495432068,0.2077476465474058,0.2113269649680629,0.2271689714174384
286,286.0,0.0908182553796361,0.1253906232462016,0.1389219821024024,0.2082003250266386,0.2117767969580195,0.2248920172871017
287,287.0,0.0912369810483057,0.1261664203113409,0.1387554553172024,0.2089997635350131,0.2120541986057847,0.2227871811823532
288,288.0,0.0916928305562479,0.1268636011314819,0.1385730439193102,0.2097503505080608,0.2122324624585117,0.2208877114263874
289,289.0,0.092066111058689,0.1276721911526951,0.1383584406417327,0.2106176181700747,0.2122778514206944,0.219007787556114
290,290.0,0.0924592954180141,0.1283980794832043,0.1383285059922728,0.2112221546860688,0.2122268944906138,0.217365069929826
291,291.0,0.0928607607883073,0.128997653584144,0.1384822367979166,0.2117100069163074,0.2120721434226722,0.2158771984906525
292,292.0,0.0936652250159191,0.1294381496193569,0.1385725193918395,0.2119478065907908,0.2117868859505456,0.2145894134315482
293,293.0,0.094344466734802,0.1297195623730194,0.1390713988187362,0.2120614493371511,0.2113910856868724,0.2134120370494188
294,294.0,0.0949026639638253,0.1298533975676354,0.1399362183593378,0.2120665688158793,0.2108988524492786,0.2123422988440435
295,295.0,0.0953116035421519,0.1297538671431102,0.1410229966864333,0.2120442636664117,0.2105853845707113,0.2112818843911816
296,296.0,0.0956996789218257,0.1295541493981766,0.1420381691089609,0.2119220032772514,0.2102139928184024,0.2105720064753829
297,297.0,0.0955993233753609,0.129202567892634,0.1431304680307768,0.212120131098266,0.210033937779392,0.2099135718235702
298,298.0,0.0954562077233732,0.1287529514235424,0.1441207322447645,0.2122569729418954,0.2095134100311594,0.2098997256352651
299,299.0,0.0952404619788167,0.1282443104661189,0.1449871706851559,0.2120178315747215,0.2090823246410777,0.2104279006541092
300,300.0,0.0949731851003936,0.1277080455859373,0.145751381601747,0.211737540412213,0.2086342864520511,0.2111955608476577
301,301.0,0.0946939824745295,0.1271408408325844,0.1459222991046601,0.2113396951109744,0.2087035664195925,0.2121996160576591
302,302.0,0.0943716643414425,0.1264758281070797,0.1459905264704132,0.2107922280436721,0.2092000587762421,0.2131696942611504
303,303.0,0.0940106078711084,0.1257228295757242,0.1459619644611067,0.2103204581646316,0.2097130736843938,0.2142710662430352
304,304.0,0.0936240412897254,0.1249093759966276,0.1458553016011029,0.2097966988271369,0.2104535588904419,0.2153610233949651
305,305.0,0.093242137669939,0.1241258681882409,0.1457415408219795,0.2092975111437484,0.211274487004449,0.2163184551716431
306,306.0,0.0928604085120521,0.1233105545205495,0.1455419270841267,0.2088564529422807,0.2120501494826029,0.217380507458388
307,307.0,0.0924203929805433,0.1224255053063785,0.1451869540087095,0.2089344922318271,0.212745269771938,0.2182873857006035
308,308.0,0.0924085150404784,0.1214985200792572,0.1447518377855874,0.2089541689733128,0.213097451678741,0.219289506442623
309,309.0,0.0923763194031965,0.1205743184248406,0.144284518766317,0.2089646762520882,0.2135611612625078,0.2202390058910496
310,310.0,0.0923189416506174,0.1196481523517342,0.1437827878421251,0.2090573727137052,0.2141170137039355,0.2210757317378823
311,311.0,0.0922423537890578,0.1187360092278294,0.1432612902233135,0.2092769939625207,0.2147437929170675,0.2217395598802109
312,312.0,0.0922098275785069,0.1182610229446414,0.1428035859017914,0.2098482635924032,0.2146906370843367,0.22218666289832
313,313.0,0.0921567359941783,0.1181437622179748,0.1423307544837346,0.2103190723010344,0.2143582143994523,0.2226914606036254
314,314.0,0.0920888675863127,0.1180492917048314,0.1421006702948671,0.2105247986203019,0.2143005153545366,0.2229358564391501
315,315.0,0.0920052997396141,0.1179461829553206,0.1418650867815115,0.2106444786186529,0.2143392060215957,0.2231997458833048
316,316.0,0.0919031832737053,0.1182258212751191,0.1416218679512633,0.2102555555105943,0.2144394085540271,0.2235541634352907
317,317.0,0.0917915906678838,0.1184995284795332,0.1413833515755194,0.2098525286312445,0.2146190562266521,0.2238539444191667
318,318.0,0.0916663267486759,0.1187526431810103,0.1411428587349509,0.2093856779083959,0.2150091100268908,0.2240433834000758
319,319.0,0.0915267908613291,0.119272370279322,0.1408999764206062,0.208991855000092,0.2151468572525355,0.2241621501861149
320,320.0,0.0910976985812706,0.1199363662035373,0.1412754113878924,0.2080105197540518,0.2152897910966928,0.2243902129765546
321,321.0,0.0906829917220249,0.1206075633103811,0.1416626639144132,0.2070466222503986,0.2154115716536403,0.2245885871491417
322,322.0,0.090285378810103,0.121278529510522,0.14205667971898,0.2059493275311998,0.2155130964465293,0.2249169879826656
