,Unnamed: 0,Total_iterations,Intertwine_two,Invert_path_vertices,Insert_inside_vertex,Delete_inside_vertex,MSC_add_terminal,MSC_del_terminal
0,0.0,0.0,0.16666666666666657,0.16666666666666657,0.16666666666666657,0.16666666666666657,0.16666666666666657,0.16666666666666657
1,1.0,0.10900000000000001,0.16666666666666657,0.16666666666666657,0.16666666666666657,0.16666666666666657,0.16666666666666657,0.16666666666666657
2,2.0,0.31601,0.16666666666666657,0.16666666666666657,0.16666666666666657,0.16666666666666657,0.16666666666666657,0.16666666666666657
3,3.0,0.6191589000000001,0.16666666666666657,0.16666666666666657,0.16666666666666657,0.16666666666666657,0.16666666666666657,0.16666666666666657
4,4.0,1.015801321,0.16666666666666657,0.16666666666666657,0.16666666666666657,0.16666666666666657,0.16666666666666657,0.16666666666666657
5,5.0,1.50262148669,0.16666666666666657,0.16666666666666657,0.16666666666666657,0.16666666666666657,0.16666666666666657,0.16666666666666657
6,6.0,2.0757334209441005,0.16666666666666657,0.16666666666666657,0.16666666666666657,0.16666666666666657,0.16666666666666657,0.16666666666666657
7,7.0,2.7307768275633495,0.16666666666666657,0.16666666666666657,0.16666666666666657,0.16666666666666657,0.16666666666666657,0.16666666666666657
8,8.0,3.4630081252450404,0.16666666666666657,0.16666666666666657,0.16666666666666657,0.16666666666666657,0.16666666666666657,0.16666666666666657
9,9.0,4.2673862119061114,0.16666666666666657,0.16666666666666657,0.16666666666666657,0.16666666666666657,0.16666666666666657,0.16666666666666657
10,10.0,5.138652627782014,0.16666666666666657,0.16666666666666657,0.16666666666666657,0.16666666666666657,0.16666666666666657,0.16666666666666657
11,11.0,6.071405875792507,0.16666666666666657,0.16666666666666657,0.16666666666666657,0.16666666666666657,0.16666666666666657,0.16666666666666657
12,12.0,7.060169740244025,0.16666666666666657,0.16666666666666657,0.16666666666666657,0.16666666666666657,0.16666666666666657,0.16666666666666657
13,13.0,8.099455520847952,0.16666666666666657,0.16666666666666657,0.16666666666666657,0.16666666666666657,0.16666666666666657,0.16666666666666657
14,14.0,9.183818168183006,0.16666666666666657,0.16666666666666657,0.16666666666666657,0.16666666666666657,0.16666666666666657,0.16666666666666657
15,15.0,10.307906369102724,0.16666666666666657,0.16666666666666657,0.16666666666666657,0.16666666666666657,0.16666666666666657,0.16666666666666657
16,16.0,11.466506686239443,0.16666666666666657,0.16666666666666657,0.16666666666666657,0.16666666666666657,0.16666666666666657,0.16666666666666657
17,17.0,12.654581904800096,0.16666666666666657,0.16666666666666657,0.16666666666666657,0.16666666666666657,0.16666666666666657,0.16666666666666657
18,18.0,13.867303782456686,0.16666666666666657,0.16666666666666657,0.16666666666666657,0.16666666666666657,0.16666666666666657,0.16666666666666657
19,19.0,15.100080434523047,0.16666666666666657,0.16666666666666657,0.16666666666666657,0.16666666666666657,0.16666666666666657,0.16666666666666657
20,20.0,16.348578617037543,0.16666666666666657,0.16666666666666657,0.16666666666666657,0.16666666666666657,0.16666666666666657,0.16666666666666657
21,21.0,17.608741195130214,0.16666666666666657,0.16666666666666657,0.16666666666666657,0.16666666666666657,0.16666666666666657,0.16666666666666657
22,22.0,18.876800103462312,0.16666666666666657,0.16666666666666657,0.16666666666666657,0.16666666666666657,0.16666666666666657,0.16666666666666657
23,23.0,20.14928511992658,0.16666666666666657,0.16666666666666657,0.16666666666666657,0.16666666666666657,0.16666666666666657,0.16666666666666657
24,24.0,21.423028783545156,0.16666666666666657,0.16666666666666657,0.16666666666666657,0.16666666666666657,0.16666666666666657,0.16666666666666657
25,25.0,22.695167792966423,0.16666666666666657,0.16666666666666657,0.16666666666666657,0.16666666666666657,0.16666666666666657,0.16666666666666657
26,26.0,23.963141223515898,0.16666666666666657,0.16666666666666657,0.16666666666666657,0.16666666666666657,0.16666666666666657,0.16666666666666657
27,27.0,25.224685898775267,0.16666666666666657,0.16666666666666657,0.16666666666666657,0.16666666666666657,0.16666666666666657,0.16666666666666657
28,28.0,26.477829247520948,0.16666666666666657,0.16666666666666657,0.16666666666666657,0.16666666666666657,0.16666666666666657,0.16666666666666657
29,29.0,27.720879968916847,0.16666666666666657,0.16666666666666657,0.16666666666666657,0.16666666666666657,0.16666666666666657,0.16666666666666657
30,30.0,28.95241681848399,0.16666666666666657,0.16666666666666657,0.16666666666666657,0.16666666666666657,0.16666666666666657,0.16666666666666657
31,31.0,30.17127581490958,0.16666666666666657,0.16666666666666657,0.16666666666666657,0.16666666666666657,0.16666666666666657,0.16666666666666657
32,32.0,31.376536153543515,0.16666666666666657,0.16666666666666657,0.16666666666666657,0.16666666666666657,0.16666666666666657,0.16666666666666657
33,33.0,32.567505096778625,0.16666666666666657,0.16666666666666657,0.16666666666666657,0.16666666666666657,0.16666666666666657,0.16666666666666657
34,34.0,33.74370209472243,0.16666666666666657,0.16666666666666657,0.16666666666666657,0.16666666666666657,0.16666666666666657,0.16666666666666657
35,35.0,34.90484237192463,0.16666666666666657,0.16666666666666657,0.16666666666666657,0.16666666666666657,0.16666666666666657,0.16666666666666657
36,36.0,36.05082019768737,0.16666666666666657,0.16666666666666657,0.16666666666666657,0.16666666666666657,0.16666666666666657,0.16666666666666657
37,37.0,37.18169203889697,0.16666666666666657,0.16666666666666657,0.16666666666666657,0.16666666666666657,0.16666666666666657,0.16666666666666657
38,38.0,38.29765977559663,0.16666666666666657,0.16666666666666657,0.16666666666666657,0.16666666666666657,0.16666666666666657,0.16666666666666657
39,39.0,39.399054140870355,0.16666666666666657,0.16666666666666657,0.16666666666666657,0.16666666666666657,0.16666666666666657,0.16666666666666657
40,40.0,40.48631852820801,0.16666666666666657,0.16666666666666657,0.16666666666666657,0.16666666666666657,0.16666666666666657,0.16666666666666657
41,41.0,41.55999329152982,0.16666666666666657,0.16666666666666657,0.16666666666666657,0.16666666666666657,0.16666666666666657,0.16666666666666657
42,42.0,42.62070064560415,0.16666666666666657,0.16666666666666657,0.16666666666666657,0.16666666666666657,0.16666666666666657,0.16666666666666657
43,43.0,43.669130257815,0.16666666666666657,0.16666666666666657,0.16666666666666657,0.16666666666666657,0.16666666666666657,0.16666666666666657
44,44.0,44.70602560622662,0.16666666666666657,0.16666666666666657,0.16666666666666657,0.16666666666666657,0.16666666666666657,0.16666666666666657
45,45.0,45.73217116373481,0.16666666666666657,0.16666666666666657,0.16666666666666657,0.16666666666666657,0.16666666666666657,0.16666666666666657
46,46.0,46.748380453854836,0.16666666666666657,0.16666666666666657,0.16666666666666657,0.16666666666666657,0.16666666666666657,0.16666666666666657
47,47.0,47.755485010424316,0.16666666666666657,0.16666666666666657,0.16666666666666657,0.16666666666666657,0.16666666666666657,0.16666666666666657
48,48.0,48.7543242612326,0.16666666666666657,0.16666666666666657,0.16666666666666657,0.16666666666666657,0.16666666666666657,0.16666666666666657
49,49.0,49.745736344347726,0.16666666666666657,0.16666666666666657,0.16666666666666657,0.16666666666666657,0.16666666666666657,0.16666666666666657
50,50.0,50.730549855707864,0.16666666666666657,0.16666666666666657,0.16666666666666657,0.16666666666666657,0.16666666666666657,0.16666666666666657
51,51.0,51.70957651737491,0.16666666666666657,0.16666666666666657,0.16666666666666657,0.16666666666666657,0.16666666666666657,0.16666666666666657
52,52.0,52.68360474770151,0.16666666666666657,0.16666666666666657,0.16666666666666657,0.16666666666666657,0.16666666666666657,0.16666666666666657
53,53.0,53.65339410751842,0.16666666666666657,0.16666666666666657,0.16666666666666657,0.16666666666666657,0.16666666666666657,0.16666666666666657
54,54.0,54.61967059027847,0.16666666666666657,0.16666666666666657,0.16666666666666657,0.16666666666666657,0.16666666666666657,0.16666666666666657
55,55.0,55.58312271885972,0.16666666666666657,0.16666666666666657,0.16666666666666657,0.16666666666666657,0.16666666666666657,0.16666666666666657
56,56.0,56.544398407394254,0.16666666666666657,0.16666666666666657,0.16666666666666657,0.16666666666666657,0.16666666666666657,0.16666666666666657
57,57.0,57.504102543001395,0.16666666666666657,0.16666666666666657,0.16666666666666657,0.16666666666666657,0.16666666666666657,0.16666666666666657
58,58.0,58.462795239617805,0.16666666666666657,0.16666666666666657,0.16666666666666657,0.16666666666666657,0.16666666666666657,0.16666666666666657
59,59.0,59.42099071417639,0.16666666666666657,0.16666666666666657,0.16666666666666657,0.16666666666666657,0.16666666666666657,0.16666666666666657
60,60.0,60.379156734137354,0.16666666666666657,0.16666666666666657,0.16666666666666657,0.16666666666666657,0.16666666666666657,0.16666666666666657
61,61.0,61.337714584760846,0.16666666666666657,0.16666666666666657,0.16666666666666657,0.16666666666666657,0.16666666666666657,0.16666666666666657
62,62.0,62.29703950447439,0.16666666666666657,0.16666666666666657,0.16666666666666657,0.16666666666666657,0.16666666666666657,0.16666666666666657
63,63.0,63.257461537171835,0.16666666666666657,0.16666666666666657,0.16666666666666657,0.16666666666666657,0.16666666666666657,0.16666666666666657
64,64.0,64.21926675122782,0.16666666666666657,0.16666666666666657,0.16666666666666657,0.16666666666666657,0.16666666666666657,0.16666666666666657
65,65.0,65.18269877636592,0.16666666666666657,0.16666666666666657,0.16666666666666657,0.16666666666666657,0.16666666666666657,0.16666666666666657
66,66.0,66.14796061122655,0.16666666666666657,0.16666666666666657,0.16666666666666657,0.16666666666666657,0.16666666666666657,0.16666666666666657
67,67.0,67.11521665648885,0.16666666666666657,0.16666666666666657,0.16666666666666657,0.16666666666666657,0.16666666666666657,0.16666666666666657
68,68.0,68.08459493066005,0.16666666666666657,0.16666666666666657,0.16666666666666657,0.16666666666666657,0.16666666666666657,0.16666666666666657
69,69.0,69.05618942810752,0.16666666666666657,0.16666666666666657,0.16666666666666657,0.16666666666666657,0.16666666666666657,0.16666666666666657
70,70.0,70.03006258152917,0.16666666666666657,0.16666666666666657,0.16666666666666657,0.16666666666666657,0.16666666666666657,0.16666666666666657
71,71.0,71.00624779379335,0.16666666666666657,0.16666666666666657,0.16666666666666657,0.16666666666666657,0.16666666666666657,0.16666666666666657
72,72.0,71.98475200689319,0.16666666666666657,0.16666666666666657,0.16666666666666657,0.16666666666666657,0.16666666666666657,0.16666666666666657
73,73.0,72.96555827861411,0.16666666666666657,0.16666666666666657,0.16666666666666657,0.16666666666666657,0.16666666666666657,0.16666666666666657
74,74.0,73.94862834037681,0.16666666666666657,0.16666666666666657,0.16666666666666657,0.16666666666666657,0.16666666666666657,0.16666666666666657
75,75.0,74.93390511255946,0.16666666666666657,0.16666666666666657,0.16666666666666657,0.16666666666666657,0.16666666666666657,0.16666666666666657
76,76.0,75.92131515639825,0.16666666666666657,0.16666666666666657,0.16666666666666657,0.16666666666666657,0.16666666666666657,0.16666666666666657
77,77.0,76.91077104428919,0.16666666666666657,0.16666666666666657,0.16666666666666657,0.16666666666666657,0.16666666666666657,0.16666666666666657
78,78.0,77.90217363294813,0.16666666666666657,0.16666666666666657,0.16666666666666657,0.16666666666666657,0.16666666666666657,0.16666666666666657
79,79.0,78.89541422641172,0.16666666666666657,0.16666666666666657,0.16666666666666657,0.16666666666666657,0.16666666666666657,0.16666666666666657
80,80.0,79.89037661826481,0.16666666666666657,0.16666666666666657,0.16666666666666657,0.16666666666666657,0.16666666666666657,0.16666666666666657
81,81.0,80.88693900474995,0.16666666666666657,0.16666666666666657,0.16666666666666657,0.16666666666666657,0.16666666666666657,0.16666666666666657
82,82.0,81.88497576253909,0.16666666666666657,0.16666666666666657,0.16666666666666657,0.16666666666666657,0.16666666666666657,0.16666666666666657
83,83.0,82.89435908692391,0.16666666666666657,0.16666666666666657,0.16666666666666657,0.16666666666666657,0.16666666666666657,0.16666666666666657
84,84.0,83.904860488001,0.16666666666666657,0.16666666666666657,0.16666666666666657,0.16666666666666657,0.16666666666666657,0.16666666666666657
85,85.0,84.9162631440904,0.16666666666666657,0.16666666666666657,0.16666666666666657,0.16666666666666657,0.16666666666666657,0.16666666666666657
86,86.0,85.92836290312992,0.16666666666666657,0.16666666666666657,0.16666666666666657,0.16666666666666657,0.16666666666666657,0.16666666666666657
87,87.0,86.9509690572342,0.16666666666666657,0.16666666666666657,0.16666666666666657,0.16666666666666657,0.16666666666666657,0.16666666666666657
88,88.0,87.9738049053557,0.16666666666666657,0.16666666666666657,0.16666666666666657,0.16666666666666657,0.16666666666666657,0.16666666666666657
89,89.0,88.99661911961151,0.16666666666666657,0.16666666666666657,0.16666666666666657,0.16666666666666657,0.16666666666666657,0.16666666666666657
90,90.0,90.01918572124562,0.16666666666666657,0.16666666666666657,0.16666666666666657,0.16666666666666657,0.16666666666666657,0.16666666666666657
91,91.0,91.04130380550386,0.16666666666666657,0.16666666666666657,0.16666666666666657,0.16666666666666657,0.16666666666666657,0.16666666666666657
92,92.0,92.06279704328125,0.16666666666666657,0.16666666666666657,0.16666666666666657,0.16666666666666657,0.16666666666666657,0.16666666666666657
93,93.0,93.08351298684809,0.16666666666666657,0.16666666666666657,0.16666666666666657,0.16666666666666657,0.16666666666666657,0.16666666666666657
94,94.0,94.10332220618976,0.16666666666666657,0.16666666666666657,0.16666666666666657,0.16666666666666657,0.16666666666666657,0.16666666666666657
95,95.0,95.12211728153537,0.16666666666666657,0.16666666666666657,0.16666666666666657,0.16666666666666657,0.16666666666666657,0.16666666666666657
96,96.0,96.14981167653106,0.16666666666666657,0.16666666666666657,0.16666666666666657,0.16666666666666657,0.16666666666666657,0.16666666666666657
97,97.0,97.17623851526187,0.16666666666666657,0.16666666666666657,0.16666666666666657,0.16666666666666657,0.16666666666666657,0.16666666666666657
98,98.0,98.22126028496697,0.16666666666666657,0.16666666666666657,0.16666666666666657,0.16666666666666657,0.16666666666666657,0.16666666666666657
99,99.0,99.2645672748519,0.16666666666666657,0.16666666666666657,0.16666666666666657,0.16666666666666657,0.16666666666666657,0.16666666666666657
100,100.0,100.30589789299981,0.16666666666666657,0.16666666666666657,0.16666666666666657,0.16666666666666657,0.16666666666666657,0.16666666666666657
101,101.0,101.34503647040295,0.16666666666666657,0.16666666666666657,0.16666666666666657,0.16666666666666657,0.16666666666666657,0.16666666666666657
102,102.0,102.38181082536173,0.16666666666666657,0.16666666666666657,0.16666666666666657,0.16666666666666657,0.16666666666666657,0.16666666666666657
103,103.0,103.416089636571,0.16666666666666657,0.16666666666666657,0.16666666666666657,0.16666666666666657,0.16666666666666657,0.16666666666666657
104,104.0,104.44777967029366,0.16666666666666657,0.16666666666666657,0.16666666666666657,0.16666666666666657,0.16666666666666657,0.16666666666666657
105,105.0,105.47682290394111,0.16666666666666657,0.16666666666666657,0.16666666666666657,0.16666666666666657,0.16666666666666657,0.16666666666666657
106,106.0,106.50319358518442,0.16666666666666657,0.16666666666666657,0.16666666666666657,0.16666666666666657,0.16666666666666657,0.16666666666666657
107,107.0,107.52689526245153,0.16666666666666657,0.16666666666666657,0.16666666666666657,0.16666666666666657,0.16666666666666657,0.16666666666666657
108,108.0,108.54795781936744,0.16666666666666657,0.16666666666666657,0.16666666666666657,0.16666666666666657,0.16666666666666657,0.16666666666666657
109,109.0,109.56643454239807,0.16666666666666657,0.16666666666666657,0.16666666666666657,0.16666666666666657,0.16666666666666657,0.16666666666666657
110,110.0,110.58239924770166,0.16666666666666657,0.16666666666666657,0.16666666666666657,0.16666666666666657,0.16666666666666657,0.16666666666666657
111,111.0,111.59594348999788,0.16666666666666657,0.16666666666666657,0.16666666666666657,0.16666666666666657,0.16666666666666657,0.16666666666666657
112,112.0,112.6071738731645,0.16666666666666657,0.16666666666666657,0.16666666666666657,0.16666666666666657,0.16666666666666657,0.16666666666666657
113,113.0,113.61620947928282,0.16666666666666657,0.16666666666666657,0.16666666666666657,0.16666666666666657,0.16666666666666657,0.16666666666666657
114,114.0,114.62317942999647,0.16666666666666657,0.16666666666666657,0.16666666666666657,0.16666666666666657,0.16666666666666657,0.16666666666666657
115,115.0,115.62822059133879,0.16666666666666657,0.16666666666666657,0.16666666666666657,0.16666666666666657,0.16666666666666657,0.16666666666666657
116,116.0,116.6314754306335,0.16666666666666657,0.16666666666666657,0.16666666666666657,0.16666666666666657,0.16666666666666657,0.16666666666666657
117,117.0,117.6330900316924,0.16666666666666657,0.16666666666666657,0.16666666666666657,0.16666666666666657,0.16666666666666657,0.16666666666666657
118,118.0,118.63321227232848,0.16666666666666657,0.16666666666666657,0.16666666666666657,0.16666666666666657,0.16666666666666657,0.16666666666666657
119,119.0,119.63199016617767,0.16666666666666657,0.16666666666666657,0.16666666666666657,0.16666666666666657,0.16666666666666657,0.16666666666666657
120,120.0,120.62957036898017,0.16666666666666657,0.16666666666666657,0.16666666666666657,0.16666666666666657,0.16666666666666657,0.16666666666666657
121,121.0,121.62609684781262,0.16666666666666657,0.16666666666666657,0.16666666666666657,0.16666666666666657,0.16666666666666657,0.16666666666666657
122,122.0,122.6217097102837,0.16666666666666657,0.16666666666666657,0.16666666666666657,0.16666666666666657,0.16666666666666657,0.16666666666666657
123,123.0,123.61654418940483,0.16666666666666657,0.16666666666666657,0.16666666666666657,0.16666666666666657,0.16666666666666657,0.16666666666666657
124,124.0,124.6107297787198,0.16666666666666657,0.16666666666666657,0.16666666666666657,0.16666666666666657,0.16666666666666657,0.16666666666666657
125,125.0,125.60438951131607,0.16666666666666657,0.16666666666666657,0.16666666666666657,0.16666666666666657,0.16666666666666657,0.16666666666666657
126,126.0,126.59763937553956,0.16666666666666657,0.16666666666666657,0.16666666666666657,0.16666666666666657,0.16666666666666657,0.16666666666666657
127,127.0,127.5905878595853,0.16666666666666657,0.16666666666666657,0.16666666666666657,0.16666666666666657,0.16666666666666657,0.16666666666666657
128,128.0,128.58333561663062,0.16666666666666657,0.16666666666666657,0.16666666666666657,0.16666666666666657,0.16666666666666657,0.16666666666666657
129,129.0,129.57597524180508,0.16666666666666657,0.16666666666666657,0.16666666666666657,0.16666666666666657,0.16666666666666657,0.16666666666666657
130,130.0,130.56859115204406,0.16666666666666657,0.16666666666666657,0.16666666666666657,0.16666666666666657,0.16666666666666657,0.16666666666666657
131,131.0,131.56125955973872,0.16666666666666657,0.16666666666666657,0.16666666666666657,0.16666666666666657,0.16666666666666657,0.16666666666666657
132,132.0,132.55404853106648,0.16666666666666657,0.16666666666666657,0.16666666666666657,0.16666666666666657,0.16666666666666657,0.16666666666666657
133,133.0,133.54701811995082,0.16666666666666657,0.16666666666666657,0.16666666666666657,0.16666666666666657,0.16666666666666657,0.16666666666666657
134,134.0,134.54022056874723,0.16666666666666657,0.16666666666666657,0.16666666666666657,0.16666666666666657,0.16666666666666657,0.16666666666666657
135,135.0,135.5337005669765,0.16666666666666657,0.16666666666666657,0.16666666666666657,0.16666666666666657,0.16666666666666657,0.16666666666666657
136,136.0,136.5274955597131,0.16666666666666657,0.16666666666666657,0.16666666666666657,0.16666666666666657,0.16666666666666657,0.16666666666666657
137,137.0,137.5216360975789,0.16666666666666657,0.16666666666666657,0.16666666666666657,0.16666666666666657,0.16666666666666657,0.16666666666666657
138,138.0,138.51614622068234,0.16666666666666657,0.16666666666666657,0.16666666666666657,0.16666666666666657,0.16666666666666657,0.16666666666666657
139,139.0,139.5110438692686,0.16666666666666657,0.16666666666666657,0.16666666666666657,0.16666666666666657,0.16666666666666657,0.16666666666666657
140,140.0,140.50634131430357,0.16666666666666657,0.16666666666666657,0.16666666666666657,0.16666666666666657,0.16666666666666657,0.16666666666666657
141,141.0,141.502045601692,0.16666666666666657,0.16666666666666657,0.16666666666666657,0.16666666666666657,0.16666666666666657,0.16666666666666657
142,142.0,142.49815900432466,0.16666666666666657,0.16666666666666657,0.16666666666666657,0.16666666666666657,0.16666666666666657,0.16666666666666657
143,143.0,143.49467947665082,0.16666666666666657,0.16666666666666657,0.16666666666666657,0.16666666666666657,0.16666666666666657,0.16666666666666657
144,144.0,144.49160110697784,0.16666666666666657,0.16666666666666657,0.16666666666666657,0.16666666666666657,0.16666666666666657,0.16666666666666657
145,145.0,145.4889145632024,0.16666666666666657,0.16666666666666657,0.16666666666666657,0.16666666666666657,0.16666666666666657,0.16666666666666657
146,146.0,146.48660752817247,0.16666666666666657,0.16666666666666657,0.16666666666666657,0.16666666666666657,0.16666666666666657,0.16666666666666657
147,147.0,147.4846651213638,0.16666666666666657,0.16666666666666657,0.16666666666666657,0.16666666666666657,0.16666666666666657,0.16666666666666657
148,148.0,148.48307030402236,0.16666666666666657,0.16666666666666657,0.16666666666666657,0.16666666666666657,0.16666666666666657,0.16666666666666657
149,149.0,149.48180426537482,0.16666666666666657,0.16666666666666657,0.16666666666666657,0.16666666666666657,0.16666666666666657,0.16666666666666657
150,150.0,150.48084678793833,0.16666666666666657,0.16666666666666657,0.16666666666666657,0.16666666666666657,0.16666666666666657,0.16666666666666657
151,151.0,151.4801765903661,0.16666666666666657,0.16666666666666657,0.16666666666666657,0.16666666666666657,0.16666666666666657,0.16666666666666657
152,152.0,152.47977164664744,0.16666666666666657,0.16666666666666657,0.16666666666666657,0.16666666666666657,0.16666666666666657,0.16666666666666657
153,153.0,153.47960948083414,0.16666666666666657,0.16666666666666657,0.16666666666666657,0.16666666666666657,0.16666666666666657,0.16666666666666657
154,154.0,154.47966743679385,0.16666666666666657,0.16666666666666657,0.16666666666666657,0.16666666666666657,0.16666666666666657,0.16666666666666657
155,155.0,155.47992292278965,0.16666666666666657,0.16666666666666657,0.16666666666666657,0.16666666666666657,0.16666666666666657,0.16666666666666657
156,156.0,156.48035363095798,0.16666666666666657,0.16666666666666657,0.16666666666666657,0.16666666666666657,0.16666666666666657,0.16666666666666657
157,157.0,157.4809377319999,0.16666666666666657,0.16666666666666657,0.16666666666666657,0.16666666666666657,0.16666666666666657,0.16666666666666657
158,158.0,158.4816540456176,0.16666666666666657,0.16666666666666657,0.16666666666666657,0.16666666666666657,0.16666666666666657,0.16666666666666657
159,159.0,159.48248218741736,0.16666666666666657,0.16666666666666657,0.16666666666666657,0.16666666666666657,0.16666666666666657,0.16666666666666657
160,160.0,160.483402693163,0.16666666666666657,0.16666666666666657,0.16666666666666657,0.16666666666666657,0.16666666666666657,0.16666666666666657
161,161.0,161.48439712140242,0.16666666666666657,0.16666666666666657,0.16666666666666657,0.16666666666666657,0.16666666666666657,0.16666666666666657
162,162.0,162.4854481356039,0.16666666666666657,0.16666666666666657,0.16666666666666657,0.16666666666666657,0.16666666666666657,0.16666666666666657
163,163.0,163.48653956702915,0.16666666666666657,0.16666666666666657,0.16666666666666657,0.16666666666666657,0.16666666666666657,0.16666666666666657
164,164.0,164.4876564596416,0.16666666666666657,0.16666666666666657,0.16666666666666657,0.16666666666666657,0.16666666666666657,0.16666666666666657
165,165.0,165.48878509839642,0.16666666666666657,0.16666666666666657,0.16666666666666657,0.16666666666666657,0.16666666666666657,0.16666666666666657
166,166.0,166.4899130222918,0.16666666666666657,0.16666666666666657,0.16666666666666657,0.16666666666666657,0.16666666666666657,0.16666666666666657
167,167.0,167.4910290235747,0.16666666666666657,0.16666666666666657,0.16666666666666657,0.16666666666666657,0.16666666666666657,0.16666666666666657
168,168.0,168.50212313449356,0.16666666666666657,0.16666666666666657,0.16666666666666657,0.16666666666666657,0.16666666666666657,0.16666666666666657
169,169.0,169.5130866029756,0.16666666666666657,0.16666666666666657,0.16666666666666657,0.16666666666666657,0.16666666666666657,0.16666666666666657
170,170.0,170.52382285857968,0.16666666666666657,0.16666666666666657,0.16666666666666657,0.16666666666666657,0.16666666666666657,0.16666666666666657
171,171.0,171.53424726003755,0.16666666666666657,0.16666666666666657,0.16666666666666657,0.16666666666666657,0.16666666666666657,0.16666666666666657
172,172.0,172.54428674874924,0.16666666666666657,0.16666666666666657,0.16666666666666657,0.16666666666666657,0.16666666666666657,0.16666666666666657
173,173.0,173.5538794211023,0.16666666666666657,0.16666666666666657,0.16666666666666657,0.16666666666666657,0.16666666666666657,0.16666666666666657
174,174.0,174.56297403200904,0.16666666666666657,0.16666666666666657,0.16666666666666657,0.16666666666666657,0.16666666666666657,0.16666666666666657
175,175.0,175.571529441505,0.16666666666666657,0.16666666666666657,0.16666666666666657,0.16666666666666657,0.16666666666666657,0.16666666666666657
176,176.0,176.5795140156363,0.16666666666666657,0.16666666666666657,0.16666666666666657,0.16666666666666657,0.16666666666666657,0.16666666666666657
177,177.0,177.58690499219813,0.16666666666666657,0.16666666666666657,0.16666666666666657,0.16666666666666657,0.16666666666666657,0.16666666666666657
178,178.0,178.5936878211818,0.16666666666666657,0.16666666666666657,0.16666666666666657,0.16666666666666657,0.16666666666666657,0.16666666666666657
179,179.0,179.59985548905527,0.16666666666666657,0.16666666666666657,0.16666666666666657,0.16666666666666657,0.16666666666666657,0.16666666666666657
180,180.0,180.60540783525087,0.16666666666666657,0.16666666666666657,0.16666666666666657,0.16666666666666657,0.16666666666666657,0.16666666666666657
181,181.0,181.61035086847437,0.16666666666666657,0.16666666666666657,0.16666666666666657,0.16666666666666657,0.16666666666666657,0.16666666666666657
182,182.0,182.6146960896908,0.16666666666666657,0.16666666666666657,0.16666666666666657,0.16666666666666657,0.16666666666666657,0.16666666666666657
183,183.0,183.61845982788867,0.16666666666666657,0.16666666666666657,0.16666666666666657,0.16666666666666657,0.16666666666666657,0.16666666666666657
184,184.0,184.62166259398788,0.16666666666666657,0.16666666666666657,0.16666666666666657,0.16666666666666657,0.16666666666666657,0.16666666666666657
185,185.0,185.62432845753727,0.16666666666666657,0.16666666666666657,0.16666666666666657,0.16666666666666657,0.16666666666666657,0.16666666666666657
186,186.0,186.62648445015637,0.16666666666666657,0.16666666666666657,0.16666666666666657,0.16666666666666657,0.16666666666666657,0.16666666666666657
187,187.0,187.62815999901196,0.16666666666666657,0.16666666666666657,0.16666666666666657,0.16666666666666657,0.16666666666666657,0.16666666666666657
188,188.0,188.62938639299188,0.16666666666666657,0.16666666666666657,0.16666666666666657,0.16666666666666657,0.16666666666666657,0.16666666666666657
189,189.0,189.6301962836439,0.16666666666666657,0.16666666666666657,0.16666666666666657,0.16666666666666657,0.16666666666666657,0.16666666666666657
190,190.0,190.63062322239426,0.16666666666666657,0.16666666666666657,0.16666666666666657,0.16666666666666657,0.16666666666666657,0.16666666666666657
191,191.0,191.63070123504565,0.16666666666666657,0.16666666666666657,0.16666666666666657,0.16666666666666657,0.16666666666666657,0.16666666666666657
192,192.0,192.63046443408146,0.16666666666666657,0.16666666666666657,0.16666666666666657,0.16666666666666657,0.16666666666666657,0.16666666666666657
193,193.0,193.62994666887283,0.16666666666666657,0.16666666666666657,0.16666666666666657,0.16666666666666657,0.16666666666666657,0.16666666666666657
194,194.0,194.62918121349637,0.16666666666666657,0.16666666666666657,0.16666666666666657,0.16666666666666657,0.16666666666666657,0.16666666666666657
195,195.0,195.6282004915226,0.16666666666666657,0.16666666666666657,0.16666666666666657,0.16666666666666657,0.16666666666666657,0.16666666666666657
196,196.0,196.62703583683097,0.16666666666666657,0.16666666666666657,0.16666666666666657,0.16666666666666657,0.16666666666666657,0.16666666666666657
197,197.0,197.62571728924019,0.16666666666666657,0.16666666666666657,0.16666666666666657,0.16666666666666657,0.16666666666666657,0.16666666666666657
198,198.0,198.62427342351612,0.16666666666666657,0.16666666666666657,0.16666666666666657,0.16666666666666657,0.16666666666666657,0.16666666666666657
199,199.0,199.62273121012927,0.16642857142857134,0.16642857142857134,0.16642857142857134,0.16642857142857134,0.16642857142857134,0.16785714285714276
200,200.0,200.62111590597982,0.16595476190476183,0.16595476190476183,0.16595476190476183,0.16595476190476183,0.16595476190476183,0.1702261904761904
201,201.0,201.61945097318554,0.16530926190476183,0.16655926190476184,0.16530926190476183,0.16530926190476183,0.16530926190476183,0.1722036904761904
202,202.0,202.6177580239388,0.16412085420634914,0.16646946531746026,0.16412085420634914,0.16412085420634914,0.16412085420634914,0.1770471178571428
203,203.0,203.61605678937735,0.1622890469896825,0.16560292198968246,0.1622890469896825,0.16353904698968247,0.1622890469896825,0.18399089005158725
204,204.0,204.6143651103783,0.1602270177592734,0.1643855824183643,0.1602270177592734,0.1627145177592734,0.1602270177592734,0.1922188465445418
205,205.0,205.61269894817534,0.15751819977359097,0.1624105509944243,0.15751819977359097,0.16445370175771795,0.15751819977359097,0.20058114792708448
206,206.0,206.61107241271094,0.15447351870717801,0.15999658509060194,0.1566713209049802,0.16650495536926593,0.15447351870717801,0.20788010122079556
207,207.0,207.60949780666587,0.15129546921723322,0.1573529266051325,0.15543557910734312,0.16825776788770025,0.15254546921723322,0.2151127879653574
208,208.0,208.60798568315863,0.1479222339090745,0.15442387815093211,0.15391782914716975,0.16944078063847332,0.1504097339090745,0.22388554424527554
209,209.0,209.60654491517056,0.14453967555021668,0.15140107151821822,0.15229525164911778,0.17039366006536008,0.14886605055021665,0.23250429066687034
210,210.0,210.60518277482956,0.1411014691416177,0.1482437629975864,0.1505142075483727,0.1722741420433787,0.1471903031857353,0.24067611508330897
211,211.0,211.60390502077436,0.137692770999753,0.14590860687907753,0.1486866516289207,0.17394682014291213,0.1463240867058804,0.24744106364345603
212,212.0,212.60271599191694,0.13438429861306675,0.14352953851469874,0.14739796778251946,0.17538996982738836,0.14545201178212472,0.25384621348020175
213,213.0,213.6016187060261,0.13123127314736113,0.14119905784758713,0.14616872642248696,0.17670309498833323,0.1446449557902549,0.2600528918039765
214,214.0,214.6006149616641,0.12825151166702664,0.13893927391835,0.1450071072156181,0.17788789832832194,0.1439063188988326,0.2660078899718506
215,215.0,215.59970544212166,0.12550034253118664,0.13685142917820664,0.14396082128152238,0.17898822113890733,0.1432795027095844,0.2714196831605925
216,216.0,216.59888982011225,0.12277262287511265,0.1351848221907368,0.14262163440957337,0.18084434450223386,0.14238166933757718,0.2761949066847661
217,217.0,217.59816686210263,0.1211709896257514,0.13358183150785777,0.1411764537084747,0.18238135227559293,0.14136680819153205,0.2803225646907911
218,218.0,218.59753453127297,0.12053880028259949,0.131984497110602,0.13962855768778837,0.18418224855400137,0.14033707134518053,0.28332882501982826
219,219.0,219.59699008821354,0.12145043414663492,0.13034221755154393,0.13794333978617276,0.18558018696739495,0.13907626307904386,0.28560755846920965
220,220.0,220.59653018857793,0.12218312399768208,0.12867275763620586,0.13615213911994373,0.1870686111321725,0.1376890351851505,0.2882343329288455
221,221.0,221.59615097702007,0.12295847629956827,0.1269858729897122,0.13433150127026017,0.1887648636228232,0.13627374672705983,0.2906855390905765
222,222.0,222.5958481768478,0.12376687677343833,0.1253020222071749,0.1325045489227791,0.18989678262112097,0.13484954568480367,0.29368022379068315
223,223.0,223.59561717492426,0.12382903855337016,0.12363829203231447,0.1306909511232623,0.19051919141776644,0.13486851316199508,0.29645401371129176
224,224.0,224.59545310144387,0.12378868185415448,0.12199566699899285,0.12883920495921372,0.19076757184223497,0.13548520154401972,0.29912367280138447
225,225.0,225.59535090429708,0.12399459822992132,0.12095521529383749,0.12714055606177085,0.1908472583816107,0.13594763615314703,0.3011147358797128
226,226.0,226.595305417822,0.12424467895051422,0.12007038048238315,0.12795620398929206,0.18958867884140793,0.1365245773800566,0.3016154803563463
227,227.0,227.5953114258162,0.12493890728114518,0.11907461701854209,0.12848504631848942,0.18800381228055313,0.13799143733333327,0.3015061797679371
228,228.0,228.59536371875282,0.12625048106705894,0.1179667084099244,0.1298619505623788,0.18689308559866963,0.13922143588268793,0.2998063384792805
229,229.0,229.59545714520826,0.1281791113033087,0.11685323464439755,0.1311226878080363,0.18594097271485632,0.1403485665883852,0.29755542694101617
230,230.0,230.59558665756606,0.12977010216017376,0.11573046705040503,0.13220176579246487,0.18505387437278187,0.1417739126875603,0.2954698779366144
231,231.0,231.59574735211243,0.1317553298490122,0.11458778324938296,0.1330999859029795,0.18390169070382018,0.14342408252251845,0.29323112777228694
232,232.0,232.59593450368303,0.1323833845571099,0.11420719862699305,0.13420921349732723,0.1827163046441885,0.1456553123933573,0.29082858628102426
233,233.0,233.59614359505974,0.1327340473779265,0.11421976946392416,0.13509348675767976,0.18299056321625395,0.14732674282613012,0.2876353903580857
234,234.0,234.59637034134818,0.13285373126096106,0.11413339985086576,0.13556073473340827,0.1832352665761536,0.14900770812357883,0.2852091594550327
235,235.0,235.5966107095943,0.13328035618493722,0.11397446933639857,0.13586400639699356,0.18310768925601512,0.15073884026345308,0.2830346385622027
236,236.0,236.59686093391988,0.13344952498591162,0.1138190554000294,0.13608428867593414,0.18292334421408765,0.15233045945489992,0.2813933272691375
237,237.0,237.59711752647368,0.13322935193958796,0.11398659539301759,0.13588828586857205,0.18283403590181244,0.15385778546259113,0.28020394543441907
238,238.0,238.5973772845074,0.13289460762714692,0.1141034232504493,0.13625429069631534,0.1824481769022525,0.15517655290352156,0.27912294862031456
239,239.0,239.59763729389266,0.13248800612347197,0.11419984084917795,0.13626572830613518,0.18249670756976835,0.15655838234360345,0.27799133480784327
240,240.0,240.59789492940044,0.13205564318374985,0.11458807077093495,0.13622658525149361,0.18248575556208313,0.15780346985408975,0.27684047537764883
241,241.0,241.59814785206345,0.13160370743027133,0.1149753903745408,0.13614014127721347,0.18241815126356645,0.15891126995106633,0.27595133970334174
242,242.0,242.59839400393952,0.1311234498551422,0.1153478364724356,0.1360237922952238,0.18214495914627293,0.16010364469938893,0.27525631753153657
243,243.0,243.5986316005886,0.13062799212067883,0.11571414576301145,0.1358871792005154,0.18213901927693302,0.1611519559260088,0.27447970771285246
244,244.0,244.59885912156687,0.12989029020681978,0.1158209897189105,0.13547172641983413,0.18210653625351625,0.1632475611888666,0.27346289621205266
245,245.0,245.59907529923166,0.1306313518655267,0.11570197194372137,0.13483082609641486,0.18167583875605434,0.16482122993789972,0.2723387814003828
246,246.0,246.59927910613766,0.13047608308026565,0.11539610203586065,0.1340090275541621,0.1818529752662721,0.16725676157335878,0.27100905049008056
247,247.0,247.59946974129167,0.1310752868259467,0.11497085226144595,0.1330787515695382,0.18175896218143572,0.1695810838324985,0.2695350633291347
248,248.0,248.59964661551737,0.13081203300652808,0.1147890253814891,0.1320367894132672,0.18138168624173068,0.17259442097270603,0.26838604498427865
249,249.0,249.59980933616532,0.13037531729446286,0.11449957399813626,0.1313095564170616,0.18073325298652107,0.17530385278362304,0.2677784465201949
250,250.0,250.59995769138683,0.1289756278351794,0.11453978687940222,0.13146752791034733,0.1802479463862529,0.17755908110401478,0.267210029884803
251,251.0,251.60009163417232,0.12738799620807484,0.11443748855051644,0.13144897740296121,0.18104710318854228,0.17907179741045073,0.26660663723945416
252,252.0,252.60021126633754,0.12580303021336647,0.11430534436838671,0.13178482272435135,0.18178791731587146,0.18019787641996945,0.26612100895805413
253,253.0,253.60031682262286,0.12424160855209508,0.11452272043329417,0.1323898688824463,0.18251116375116652,0.1811991355261088,0.2651355028548886
254,254.0,254.60040865505343,0.12271494621324353,0.11470966510757744,0.1329748438748311,0.18318297651140486,0.18186821516400603,0.26454935312893657
255,255.0,255.6004872176904,0.12098224963254785,0.11503083099774924,0.13361186032057762,0.1839765783698114,0.18229195072132903,0.26410652995798445
256,256.0,256.6005530518868,0.11929212364392935,0.11561173117382748,0.13420356249643678,0.18457539725439315,0.1827272674167742,0.2635899180146386
257,257.0,257.60060677214466,0.11795410883125323,0.11611799278512838,0.1347420337714706,0.18553118225932477,0.18285260436058168,0.26280207799224087
258,258.0,258.6006490526553,0.11657961843182563,0.11651101885454787,0.1352152361415496,0.18654401263292922,0.1828050479588337,0.26234506598031354
259,259.0,259.60068061458827,0.11525780770434346,0.1168272006384014,0.13537414054249744,0.18762654420279767,0.18277728989900066,0.26213701701295894
260,260.0,260.6007022141821,0.11398327314906279,0.11702588664046817,0.1356903622925218,0.1886993608013961,0.18273355970812707,0.26186755740842366
261,261.0,261.60071463167475,0.11287796063049502,0.11659069168549493,0.13598348308670574,0.19071862022507668,0.18273406886899346,0.2610951755032338
262,262.0,262.6007186611014,0.11185717617733337,0.11611227325998376,0.13624023339045854,0.19278181446694426,0.18262519308442776,0.26038330962085193
263,263.0,263.60071510097436,0.11092171201497329,0.11559781227005245,0.13646071993719022,0.194612665604978,0.1824171873585156,0.25998990281429013
264,264.0,264.6007047458503,0.10979367587536966,0.11505418337642073,0.13664542713432476,0.19620830244394177,0.18239809840068325,0.2599003127692595
265,265.0,265.6006883787801,0.10873767854017426,0.11445788610345778,0.13677265155987442,0.19777506793454894,0.18241016096773768,0.2598465548942066
266,266.0,266.6006667646291,0.10776709237526128,0.11384018280775245,0.1368565299009286,0.19918765496832597,0.18246545677596707,0.25988308317176434
267,267.0,267.60064064424694,0.10620386672873348,0.1133509603314998,0.13622099608566166,0.20008644275390908,0.1839619837475666,0.2601757503526291
268,268.0,268.6006107294605,0.10464327844598185,0.11276393318995463,0.13547080018311655,0.2008818464767379,0.1858333147014756,0.2604068270027331
269,269.0,269.60057769885816,0.1030930772618051,0.11207350669169863,0.1346109076929851,0.20132788528487483,0.18809399912396696,0.2608006239446691
270,270.0,270.60054219432743,0.10131106145184683,0.11157219454304054,0.1347196833160644,0.2022738878079371,0.19052906680464682,0.259594106076464
