,Unnamed: 0,Generation,Intertwine_two,Add_vertex,Delete_vertex,Invert_path_vertices,Insert_inside_vertex,Delete_inside_vertex,Replace_inside_vertex,Donate_between_routes,Trim_one_terminal_cb,Grow_one_terminal_cb
0,0.0,0.0,0.09999999999999999,0.09999999999999999,0.09999999999999999,0.09999999999999999,0.09999999999999999,0.09999999999999999,0.09999999999999999,0.09999999999999999,0.09999999999999999,0.09999999999999999
1,1.0,1.0,0.11930717808544375,0.09816679536503185,0.0783182801454059,0.10937442975690514,0.10051093258561558,0.09799830518200472,0.1067352192189932,0.09235330489479956,0.09968959037310418,0.09754596439269561
2,2.0,2.0,0.10851367395868253,0.09163785086465148,0.07359868730235045,0.10656707186968502,0.10138435234025836,0.0985341429506591,0.10721477034957265,0.09687210274731642,0.11311906708042647,0.10255828053639697
3,3.0,3.0,0.10538523179313164,0.08435453512918109,0.07930968200147723,0.11605674376051522,0.09407400681336901,0.11592910246951729,0.10603236130631215,0.0875784698119317,0.10822074090659402,0.10305912600797015
4,4.0,4.0,0.10324871973874458,0.0837265435098952,0.09350532768203547,0.10506120839988646,0.09996540174691185,0.10530687454212215,0.1131678827105566,0.08816756025352471,0.09793742055211747,0.10991306086420505
5,5.0,5.0,0.1016041805839905,0.08869166877959825,0.08365236473835543,0.10519820892724838,0.09716484665348726,0.10476977199881801,0.1084429204254348,0.09536420762799326,0.11367571863797934,0.10143611162709434
6,6.0,6.0,0.1157762934773848,0.08111165945133875,0.07875352709271417,0.10125153669036335,0.1058060038646788,0.10569273295407175,0.11356052661529988,0.083654255357668,0.11248413455007038,0.1019093299464096
7,7.0,7.0,0.10758582999454377,0.09034417816411272,0.06243365080143759,0.10466636544024459,0.10076504860118514,0.10895713435339396,0.10670936343694071,0.09568166334498145,0.12021340566841117,0.10264336019474837
8,8.0,8.0,0.10450668335200744,0.09140719983609957,0.07388234910154348,0.10622563576797639,0.0888338448488242,0.12751332006208357,0.1036451034597596,0.09279424716393585,0.1146634489668096,0.0965281674409599
9,9.0,9.0,0.11552636269869221,0.07704184883218528,0.07728664482287778,0.11094178758564313,0.09768974325390575,0.10624335792248288,0.09978887727404852,0.09622467572503478,0.1125538969054346,0.10670280497969464
10,10.0,10.0,0.10448080731821818,0.08617200845198672,0.06950765157360864,0.10647128974092261,0.0953988732074679,0.10570917944245783,0.11700452824320065,0.09096546017794774,0.12205562981416229,0.10223457203002688
11,11.0,11.0,0.10611499208457568,0.09502385632996113,0.06729195199272804,0.09524381535474735,0.10285576981449415,0.11130242738431706,0.11080098582586313,0.09816043979560607,0.11579067103972662,0.09741509037798028
12,12.0,12.0,0.11563043540482265,0.08301794018637162,0.06736687721500934,0.1059462101350721,0.10016393623830463,0.11546969643507143,0.10823150269277157,0.08583519593252344,0.11288842688896365,0.10544977887108908
13,13.0,13.0,0.11425038320406575,0.09859415751930231,0.059873120871254924,0.1014841829226211,0.08368133883257114,0.11290725978556553,0.10234461545441495,0.09550264076935237,0.1236954836422808,0.10766681699857057
14,14.0,14.0,0.11871223416435558,0.0901284863286109,0.08053443254679396,0.08914822264011349,0.09583002357485823,0.11061831728873976,0.10962345236417326,0.0871600793569924,0.12239043176765481,0.09585431996770717
15,15.0,15.0,0.09903594774298836,0.09483909035154585,0.07594939819540888,0.11157931029041261,0.09329895458851373,0.11933288878137771,0.09724765941147152,0.08337383173611436,0.12423880217822539,0.10110411672394112
16,16.0,16.0,0.11468036729723337,0.07678473985953374,0.07426776132558853,0.09400158829978161,0.10092473608031863,0.12577252104871636,0.0834019230286111,0.09522368447732714,0.12027666783327398,0.11466601074961513
17,17.0,17.0,0.1073654452435588,0.09053795852941296,0.07179817471761872,0.10383152096140746,0.09718592475774304,0.11795275888987486,0.09079637276619472,0.0925013541819538,0.11942213452889279,0.10860835542334238
18,18.0,18.0,0.0977438130608862,0.09071294980156008,0.06592252965324365,0.10039481286385472,0.08617827758586694,0.12497634968509967,0.09969518819038636,0.08954983008720555,0.13117752155283657,0.11364872751905981
19,19.0,19.0,0.10479472444295475,0.08221416773526222,0.07182744274865063,0.11461628899218046,0.07007542634335392,0.1296103169621943,0.09557248791952329,0.10363843003195498,0.1219908073246729,0.10565990749925205
20,20.0,20.0,0.10147916229401792,0.08959959646329195,0.06772896426548491,0.1010388083417039,0.08721881862401934,0.1129028754990962,0.11305443234208139,0.09667814528875035,0.12488018465154757,0.10541901223000591
21,21.0,21.0,0.08980744933119998,0.07894245135557255,0.0749120995602265,0.10177132612287616,0.08752828259056207,0.12856647777664476,0.10888342855889158,0.10157965369333984,0.11961987746005882,0.10838895355062732
22,22.0,22.0,0.0998277620294681,0.09122471340319539,0.06871509633136626,0.09383629415063083,0.09151783145569714,0.12481445271249973,0.10037182413256614,0.1013881458545157,0.12657542102426828,0.101728458905792
23,23.0,23.0,0.10949295971719157,0.08506978947724916,0.06793141375645637,0.10263335059943648,0.09852133753691121,0.11489102207066526,0.10394524935102167,0.0859489054932954,0.12155007176924093,0.11001590022853144
24,24.0,24.0,0.10106072069016528,0.09466736590985536,0.060607544733144635,0.10411101236488929,0.0896669186312383,0.1246078533561962,0.10442928998175656,0.10394917095614939,0.12467094675691079,0.09222917661969367
25,25.0,25.0,0.10345897305105142,0.08546667362253065,0.07065607579732312,0.10323866433325761,0.07819821754234271,0.1320909480084185,0.102155368248288,0.08983848527074183,0.14050619750237914,0.09439039662366651
26,26.0,26.0,0.10416192789796712,0.07849311341924392,0.06064070901771477,0.09470362464092513,0.09842179888419775,0.11830106088189256,0.10989335285126359,0.09605942365901197,0.12794847131807222,0.11137651742971058
27,27.0,27.0,0.10691727723149928,0.08252892786984908,0.06324705063147648,0.10692041608263377,0.08892886990671504,0.12556617464348033,0.09873576491114855,0.10365921763040738,0.11525332553144234,0.10824297556134718
28,28.0,28.0,0.10282277662009767,0.09208082031163839,0.06746100222652841,0.09104652043885043,0.087837973650181,0.1224518038260494,0.10163042309646586,0.09797902517749317,0.12951388437213168,0.10717577028056349
29,29.0,29.0,0.10896441224259326,0.09670606423152162,0.07595719362937589,0.08226836677789774,0.09718745535829312,0.12481090439973434,0.10530286365909747,0.08104405994728305,0.1252445987545313,0.10251408099967178
30,30.0,30.0,0.1054393945287501,0.08449213312284873,0.06627454643642232,0.09602655559679761,0.09479973788426374,0.11586424767434249,0.1159903847101735,0.100914536396524,0.13227291312689546,0.08792555052298154
31,31.0,31.0,0.10531460958209564,0.08667141623291254,0.07472365338012876,0.08461540652825243,0.09672461955331282,0.13053947967292628,0.10047856831125927,0.09797119689819592,0.1256064064733803,0.09735464336753545
32,32.0,32.0,0.09574796245720461,0.08962120432887317,0.0697483671115204,0.10442398470084306,0.08587656086861421,0.12580173421502036,0.09474081686843887,0.0962100403596489,0.12611829333068975,0.11171103575914614
33,33.0,33.0,0.10482335706894992,0.08355602976579943,0.0717197389108041,0.08230129759256744,0.09027274579139202,0.13449726025546133,0.10042597408509343,0.09848427948185892,0.12991401241681677,0.10400530463125617
34,34.0,34.0,0.08782311808912137,0.09057225466592564,0.06783022727241968,0.10570042182726931,0.08575785524968334,0.13541265217019946,0.10512545317855318,0.09121013445881905,0.12517677209417172,0.10539111099383691
35,35.0,35.0,0.10515620860043555,0.08035672671134658,0.07283924911314087,0.09268953790015191,0.09604698139011222,0.12262622668217962,0.09953349263414887,0.1000250907087559,0.12641740535284057,0.1043090809068874
36,36.0,36.0,0.09010602911628489,0.08516015256711591,0.06066941849669814,0.09223027104278222,0.07940919776856477,0.12705017972066385,0.10808655011919126,0.10035599340133532,0.1367962739589528,0.12013593380841033
37,37.0,37.0,0.10355323329276112,0.08233416396071122,0.06685219991848929,0.0903704151418887,0.08107702112522205,0.12186110366837868,0.10175474849303519,0.10085964247623595,0.14862377512724192,0.1027136967960354
38,38.0,38.0,0.0945089143764968,0.09408552932386859,0.07170647991252452,0.09221031081491825,0.08674705649219372,0.1268205740473828,0.09770694585280852,0.09620835689728066,0.1281154774962711,0.11189035478625449
39,39.0,39.0,0.10373856232081557,0.08042279959257952,0.06621895227169644,0.09593815585044368,0.08733451854893944,0.1345355694499124,0.09940803643337846,0.08285387977744144,0.13427163985985194,0.1152778858949407
40,40.0,40.0,0.09825867251513243,0.07746043787328705,0.06510759378394969,0.10182181824750829,0.0958164143021676,0.12445917016846804,0.11401401102463038,0.10251597476632894,0.11946589603875468,0.10108001127977244
41,41.0,41.0,0.10200917893481179,0.08758490534177972,0.071909265169253,0.0989608426821261,0.0889226058252867,0.13025842618012282,0.09069388355091842,0.09527900472873488,0.13664980255423026,0.09773208503273587
42,42.0,42.0,0.09832539392993109,0.09192527985552644,0.05560587357058755,0.09121232249859342,0.08406583373962458,0.14114953442502562,0.10920793150279254,0.09305197485715071,0.12987010165560592,0.10558575396516168
43,43.0,43.0,0.10899405636374251,0.09139129187096277,0.06871312098818698,0.10551695524597345,0.0843997592254539,0.12188545086059048,0.10238061136090734,0.09123050820616277,0.13597327335873624,0.08951497251928309
44,44.0,44.0,0.09334987156860487,0.08208159147543706,0.07120261893366438,0.09489244338474145,0.07562446868814125,0.1368220656958332,0.09610528710157909,0.10260372266996456,0.138195968619856,0.10912196186217768
45,45.0,45.0,0.11130579457836971,0.08689326585887708,0.06357415281547772,0.08644544822700165,0.08844368118875737,0.12763850487707645,0.11354486800488198,0.0912481611075646,0.13344058081757,0.09746554252442294
46,46.0,46.0,0.0908542661335403,0.09997375722230485,0.054066778453969414,0.09936568462789043,0.07438970419119802,0.13676429871456294,0.1089872989580217,0.10117418363678973,0.13687183077691434,0.09755219728480778
47,47.0,47.0,0.09042267644078028,0.09460138994195527,0.056744614143181916,0.10381935862538974,0.09535095338220785,0.13224069115650397,0.10432517733906557,0.09080082995876981,0.12261372106467132,0.1090805879474738
48,48.0,48.0,0.1147781025110309,0.09047075976911668,0.04923109100897709,0.09222775789105332,0.08403501927140183,0.14349385738571993,0.09053900060703188,0.09751062720447264,0.1323860467264498,0.10532773762474548
49,49.0,49.0,0.08981315899979456,0.0792586834652636,0.060493622009786654,0.09923906546249353,0.08626999772223778,0.1393744965906945,0.10496163907767035,0.09513363460652051,0.13364657879141933,0.11180912327411865
50,50.0,50.0,0.10521871222824852,0.0901649500055712,0.06689249519814408,0.0906597237894224,0.08431462712133567,0.138384380428061,0.09677310205352137,0.0925013330245479,0.12846301162012513,0.10662766453102221
51,51.0,51.0,0.1092803351697651,0.08603503517793142,0.06715217145572239,0.09940344656434517,0.08064250718041567,0.13120123768678166,0.10405430477457508,0.07882120802285936,0.13459473269033,0.10881502127727367
52,52.0,52.0,0.08762301786508356,0.07519827346196764,0.06925719389779864,0.09962885954166709,0.08487358391142572,0.12844562120224703,0.10486198578408076,0.1071073499835491,0.13971626712347968,0.10328784722870019
53,53.0,53.0,0.09967205199222992,0.07959410856972746,0.06808410063612338,0.08168812619882607,0.08837068676911639,0.13486752224937065,0.11133941408969854,0.08955632643985557,0.14287864758667085,0.10394901546838073
54,54.0,54.0,0.10523884162295469,0.0729410880145887,0.05350937331559741,0.10136234851041734,0.08554005273613277,0.13299991491341825,0.09524398916478907,0.09304671184445303,0.14425282120127822,0.11586485867637006
55,55.0,55.0,0.08743063568269636,0.1003785731522067,0.06142779423553657,0.104485030389702,0.07939857300867893,0.13454035520715776,0.11139548847284617,0.08170294058194247,0.13285484391981334,0.10638576534941917
56,56.0,56.0,0.09629167706991193,0.0945049653935501,0.0703989008901376,0.08481337759930038,0.07556861373028131,0.12926335668384997,0.09910292151839474,0.10562449076875864,0.14071568524685005,0.10371601109896482
57,57.0,57.0,0.09925197341098378,0.08838729663842933,0.06847916603204159,0.09561053623813931,0.0827704923878961,0.14173090712781233,0.10142026092734147,0.09008598013815938,0.12926235110651216,0.10300103599268404
58,58.0,58.0,0.09329737561672236,0.08658307012020687,0.07189023964664734,0.09849447977064209,0.07866210616837854,0.13939850227402684,0.08581806860568687,0.08728713884418471,0.15575798893073806,0.10281103002276588
59,59.0,59.0,0.09357978028508639,0.08574827296808211,0.06340146672168903,0.09775451739350373,0.083317753242172,0.14568579423321387,0.09741461365550111,0.09475807810448202,0.13615710610451598,0.10218261729175333
60,60.0,60.0,0.10302173119118699,0.08355387711382775,0.06531936927223722,0.09895482792663841,0.08167983238004003,0.12894359888242699,0.10315263461161721,0.09022995142058707,0.12739476509109351,0.11774941211034426
61,61.0,61.0,0.09615912645398068,0.09981012504409155,0.0724287553405292,0.10032639284252125,0.08182932105579609,0.13274265843615068,0.09841235030927313,0.08689816767544811,0.1301011219933665,0.10129198084884232
62,62.0,62.0,0.08743895998958287,0.08953548944994268,0.06699884136011985,0.0942241427392811,0.08152914145904747,0.13039021248420585,0.1103399165965993,0.09701933937224774,0.13901716215826324,0.10350679439070949
63,63.0,63.0,0.09314862513449063,0.10396666457751727,0.06428114299142294,0.09426900198384983,0.08252656964523894,0.12454692572501058,0.12242151995230095,0.08350786059791906,0.1445479042354731,0.08678378515677632
64,64.0,64.0,0.10166697827517754,0.08676880759223864,0.0747104126853147,0.08293725459377983,0.0816811621577604,0.1391794520249878,0.10509642588611101,0.09164837961785867,0.13025837513936506,0.1060527520274059
65,65.0,65.0,0.08682826245478525,0.08423564094222444,0.05819407930457875,0.10825431348821604,0.0811300916844339,0.1306206663673978,0.11237477871495083,0.09602264206427315,0.1384474793998076,0.10389204557933182
66,66.0,66.0,0.09269971931809842,0.07718977782201952,0.06925578181833682,0.09498939854941474,0.07707082560701575,0.1293267879827134,0.11340567805407831,0.0901841267553529,0.1451048986373435,0.11077300545562618
67,67.0,67.0,0.08949260498863221,0.08819059605224856,0.0502789158421311,0.10495080650438589,0.07692229024283907,0.12719633265308147,0.11019190050963887,0.09915291395759843,0.1374145753334131,0.11620906391603085
68,68.0,68.0,0.09268959906173907,0.10391184195576506,0.0766700146738225,0.10487907986243597,0.06172426379109556,0.12817541888178705,0.09930654123698779,0.09768249549859709,0.12516283624031904,0.10979790879745044
69,69.0,69.0,0.08385075542836887,0.10209296346688453,0.06999312231211029,0.08627338358563226,0.06747448368564532,0.12909613535425332,0.10685144992147196,0.09139535588045197,0.14537066520626793,0.11760168515891309
70,70.0,70.0,0.10137683347616182,0.08095581319535936,0.07307237235764646,0.11400869550018977,0.06140335403062119,0.14496864768123077,0.10756130063835445,0.09315609328771556,0.13318888374417887,0.09030800608854131
71,71.0,71.0,0.10210247228802309,0.08440125326756989,0.07430580385012348,0.0912958111921584,0.07282356446886004,0.143288180705479,0.09396386979369534,0.09202070424650494,0.14758188713078074,0.09821645305680457
72,72.0,72.0,0.10407150391336244,0.07729099680771401,0.05702572322655615,0.10688252148800463,0.0868796272151136,0.13134074750697838,0.09687344734306737,0.08709210071946816,0.1425703895407328,0.10997294223900198
73,73.0,73.0,0.09039639169110221,0.10796204253174395,0.05618099346282328,0.09682033944797983,0.08108768357424748,0.14218969757692348,0.10368781833929401,0.09122476663085417,0.13587840430646803,0.09457186243856316
74,74.0,74.0,0.09301263801125023,0.08913401690321587,0.06880449709455795,0.08961700071305415,0.08314916333857798,0.12760588456109292,0.1015554517247003,0.10436047208683644,0.13811117400197725,0.10464970156473645
75,75.0,75.0,0.09643661806652538,0.0831384721463098,0.07096462815598882,0.09969753078986601,0.0622998025562523,0.13973428399521995,0.11453853459973129,0.09502029896363995,0.13710385912053535,0.10106597160593074
76,76.0,76.0,0.09448420278310563,0.08261169463086088,0.06396277426441697,0.09301343435065061,0.08194629675416412,0.13246383121607408,0.11054140170738717,0.09888154731287832,0.14434838927407298,0.09774642770638878
77,77.0,77.0,0.09732245651258001,0.09861337960329057,0.06239911029406388,0.09859197207668918,0.08717448016723138,0.13259472044644377,0.09381302563185479,0.09086713992054113,0.1361438548584492,0.10247986048885564
78,78.0,78.0,0.09961303265696216,0.07683347964039934,0.08486926336626377,0.09761462197222595,0.07534670282268893,0.13716093501128895,0.09618027081466932,0.09026191473774445,0.14346281221897894,0.09865696675877778
79,79.0,79.0,0.11276818490900838,0.07970588088728947,0.06078207790444088,0.08957212401310581,0.07337372018628548,0.13698417472168273,0.11126087386487171,0.09578472985031246,0.13842285901096513,0.1013453746520375
80,80.0,80.0,0.09558194691503645,0.08382276792096438,0.05793520451892185,0.10247078116756474,0.08700088118640507,0.12871513297767717,0.09857925608428883,0.08395952596145753,0.14360018630396612,0.11833431696371748
81,81.0,81.0,0.09375607184246504,0.09289213073903249,0.06627799052309102,0.10121194919519641,0.08393055168128792,0.12747471385965228,0.09140441916391093,0.10512494250553914,0.12404428433059597,0.11388294615922841
82,82.0,82.0,0.09123816188142911,0.07656679267213413,0.06425939602503829,0.08911782051256427,0.08555918078487226,0.14158987549308305,0.11731415516443047,0.08989941607449868,0.14312454526440935,0.10133065612753991
83,83.0,83.0,0.09518868837777485,0.10968715063413122,0.07032041888389944,0.09857267488923349,0.07306772190487844,0.1432321308105014,0.09570763369002064,0.07908183971986789,0.13690653702434302,0.0982352040653492
84,84.0,84.0,0.09816850583625657,0.08108165792878991,0.06671182236362579,0.09518183073361211,0.084576227865438,0.11709732853107735,0.1162488391364522,0.10946238213323349,0.1299363367874266,0.10153506868408742
85,85.0,85.0,0.10553484983844608,0.08071678650045586,0.07455254588811244,0.09866645876707072,0.06475422997481894,0.1344026326108266,0.10502050086651502,0.09684574098457147,0.14181507488175155,0.09769117968743082
86,86.0,86.0,0.10201022883040997,0.09218691401807537,0.07440175292992697,0.09774825835194621,0.08677307176330493,0.13249298527994585,0.0903784753184241,0.0882239874832352,0.13681954288940107,0.09896478313532983
87,87.0,87.0,0.09948531842626472,0.08754506255264455,0.06460491405750006,0.11035168393458983,0.07408936400032813,0.13512048694824283,0.10446731348288249,0.08266573659495446,0.1336602972706818,0.10800982273191059
88,88.0,88.0,0.10115563969997816,0.10051840646574342,0.07787352908157118,0.09686497180815169,0.07956279521366826,0.11740070248274537,0.11304100510289976,0.08302127588896854,0.1362046547668533,0.09435701948941985
89,89.0,89.0,0.09620179709590604,0.09002073401367423,0.0652987032246373,0.10356392378188976,0.07448851149924143,0.1504527569923998,0.10304839032867023,0.07717130021502785,0.1424446632342106,0.09730921961434222
90,90.0,90.0,0.09836656648310574,0.0800720463061513,0.06826424696071007,0.09872125449763611,0.0749507600457358,0.13908440242351658,0.11220361650996327,0.08004699445137466,0.15467647302898416,0.09361363929282182
91,91.0,91.0,0.08220819974919129,0.08904303379799708,0.074331967062893,0.10081847733278719,0.08312576405240445,0.13557707854088635,0.10855438445115499,0.09782412026547839,0.13227046315095675,0.09624651159624995
92,92.0,92.0,0.09558758314211149,0.09197029121310203,0.06166427705718498,0.09618201908273932,0.08668201777901585,0.13680803470694985,0.10254903583521915,0.08845814800194789,0.1424877155221318,0.09761087765959714
93,93.0,93.0,0.09938282151214681,0.09783066364839611,0.07123406154995734,0.0866234034282651,0.08682948322733926,0.12091809606105816,0.10571902873979688,0.09132180491240927,0.1342920759506053,0.10584856097002533
94,94.0,94.0,0.10049164283423653,0.09151515652694266,0.07433681318486958,0.095812152700179,0.07249534927005853,0.13286800623109837,0.10005839655652624,0.08646159871684511,0.13906920497116096,0.10689167900808264
95,95.0,95.0,0.10145977370675541,0.08961176663536433,0.06460524096612522,0.10696616135801915,0.07599760771999046,0.13973921147601462,0.09655508809993849,0.08242940147920765,0.14158846728289087,0.10104728127569329
96,96.0,96.0,0.10001444456709319,0.08305146791486831,0.07065645664348497,0.10142080769866531,0.08220470191133472,0.13328332340815507,0.11768334770016906,0.08304150221771708,0.1290952656247788,0.09954868231373307
97,97.0,97.0,0.09103244014661047,0.09364689516057131,0.06587032059978755,0.09919912284930335,0.08481013855590348,0.13869388892231432,0.10382469444233869,0.07700363821807397,0.14490470673266698,0.10101415437242944
98,98.0,98.0,0.11075502822976499,0.09181776672855291,0.07196226163238659,0.0919270740940297,0.07450489048518587,0.1297196083284368,0.10448499363171948,0.09208716380151336,0.13081340462475452,0.10192780844365527
99,99.0,99.0,0.09410808689278452,0.08615243044693363,0.06938636295846623,0.10012796009455678,0.07923141848363138,0.14022384084800393,0.10296762198999765,0.08839891758934507,0.12949949513595255,0.10990386556032776
100,100.0,100.0,0.09563527376134581,0.09117544085209298,0.06527261660546474,0.11015966509385462,0.08744054038230349,0.1174688312546945,0.10169642414924687,0.085487867779617,0.14054691136056977,0.10511642876080977
101,101.0,101.0,0.09033508614159566,0.0990318951066885,0.06777167419282339,0.0878235195632866,0.09107058571907266,0.14551514742720784,0.09241822840730116,0.09149762911135731,0.12798488578041706,0.10655134855024928
102,102.0,102.0,0.0947442386150845,0.09455988099784715,0.06106627041006333,0.09895991002682106,0.08249648474805146,0.12689837411770513,0.12112495602416706,0.09194749155742235,0.12513476328954448,0.10306763021329304
103,103.0,103.0,0.08855747710237186,0.09094562550895177,0.06511021874145653,0.10290916952422066,0.08591122107793916,0.1383418369667895,0.09433104643024666,0.08715676340184512,0.14254879383831662,0.10418784740786165
104,104.0,104.0,0.09045617671001313,0.10250144019418521,0.06616653237836975,0.09713548170589567,0.07456662626002405,0.13636909724822183,0.11079171207002352,0.09070568767941753,0.13286451620471326,0.09844272954913555
105,105.0,105.0,0.10804464542158354,0.09406397030083277,0.06111902824768676,0.09997764506189381,0.07233919893679447,0.15057954728527315,0.09855983564195481,0.07989038861943437,0.14093584839043638,0.09448989209410943
106,106.0,106.0,0.08426819345324806,0.08882545413617851,0.07116511524187774,0.10232502070355706,0.08008036887859211,0.12013742191847374,0.12052440249936831,0.08712477900314111,0.1395372302783136,0.10601201388724932
107,107.0,107.0,0.10466416210221015,0.09064323193581146,0.06188927901073356,0.09380723975575427,0.06489135946028317,0.14281450788978622,0.10284826876286732,0.08751775490259912,0.14690788456597115,0.1040163116139831
108,108.0,108.0,0.09691623536454648,0.09511014435896072,0.06590320704386204,0.09993303394747902,0.07484111178932337,0.13072131424690198,0.10163374521641869,0.09548832880829425,0.1355401110904818,0.10391276813373125
109,109.0,109.0,0.09728460918776982,0.09173324257986817,0.070165576217503,0.09458696945316766,0.08734598306470745,0.13000394483494127,0.10483641308347917,0.08998466605308877,0.13950936719550633,0.09454922832996789
110,110.0,110.0,0.1028814459307762,0.08554861675371951,0.071889422948913,0.08673857531060858,0.08306320234465206,0.13853323938624726,0.09943009250511534,0.08150678159633132,0.13175374792948585,0.11865487529415042
111,111.0,111.0,0.10846506969628289,0.09606170920055915,0.05607331130396431,0.11471374476644192,0.07062585523780149,0.13023561119266752,0.10818523266529627,0.08646135617751378,0.12872919549455902,0.10044891426491313
112,112.0,112.0,0.08891010141223923,0.09555188974751297,0.07226741726683064,0.10469145243398655,0.07021957700593526,0.1225247933101723,0.0899623453315699,0.08687866404443172,0.15457045873713532,0.11442330071018562
113,113.0,113.0,0.09442338544550614,0.08937214618518279,0.06951147480459305,0.09892123098735313,0.10490614858142425,0.129785176641507,0.09486239208059546,0.08317501409499614,0.13366448447617288,0.10137854670266869
114,114.0,114.0,0.0912160114932939,0.09463896091709799,0.06720069192923486,0.09648394718879033,0.07713317685347494,0.1275978857218143,0.10948879323138612,0.09399759757418755,0.13226347965561344,0.1099794554351061
115,115.0,115.0,0.09693812348723707,0.08659719397539531,0.06891602622129611,0.110688688479284,0.09651256821917314,0.12784779326533996,0.099718089107,0.09357912740998851,0.12147886431812485,0.0977235255171606
116,116.0,116.0,0.10746548894938102,0.09530321373471921,0.07094833517582379,0.10090304485924013,0.08630600131269776,0.11770446907616079,0.09852111058419144,0.09471746396852491,0.1350821604877735,0.093048711851487
117,117.0,117.0,0.10322844820487724,0.10955468535832738,0.05724821248855734,0.09363279994862968,0.07159256444871273,0.12111343851983132,0.10063952330919934,0.10619590214597849,0.1343392175551234,0.10245520802076265
118,118.0,118.0,0.07950025363707193,0.0878071340884125,0.07347076002977405,0.11298872191330164,0.07581180954592023,0.13290686151037906,0.10230728010975361,0.08803920150993856,0.14811541818885693,0.09905255946659107
119,119.0,119.0,0.10116675486089835,0.08672551154117385,0.06997999861067464,0.10216673379063916,0.0703268481282541,0.12020270549956633,0.10033920577370684,0.09245235848679277,0.1451656592773514,0.11147422403094201
120,120.0,120.0,0.09159276544582098,0.09286841564601056,0.0696754792178724,0.10643688497058179,0.08404187118909122,0.12442512289173643,0.11353283848826437,0.09868168969872855,0.12851695173677838,0.09022798071511491
121,121.0,121.0,0.10052371705016509,0.09098870970878357,0.07358514380696488,0.09119853259639134,0.07416571521703554,0.14104980483221558,0.10367249809708276,0.09246003714755388,0.13866480022363845,0.09369104132016852
122,122.0,122.0,0.09278504803690944,0.09688947737967477,0.05191624925650391,0.08478660122774966,0.09729224809055738,0.14072036078441866,0.11069144144857643,0.08184998784004541,0.14667841449403257,0.09639017144153138
123,123.0,123.0,0.09791858057142436,0.09008594304668129,0.05691393660948487,0.09091379720849055,0.09311361191401282,0.12374245060587123,0.11967584669436904,0.08958514192902134,0.12871098080679275,0.10933971061385132
124,124.0,124.0,0.10553499042351325,0.09306001247941621,0.0627071883007718,0.08947611517329143,0.081205163758239,0.1254771174024923,0.10381117163233307,0.08410826679430372,0.14370577558873496,0.11091419844690376
125,125.0,125.0,0.10462367308922058,0.08963438661615689,0.05403948770790425,0.08689709012973659,0.0823741080338776,0.13853607303886217,0.10324864956943929,0.08768205060370532,0.15102340193378788,0.10194107927730903
126,126.0,126.0,0.09035823893051635,0.09120115610321163,0.06318188075089284,0.09745875531618267,0.08416769473219057,0.12704370307506316,0.1025414083639603,0.09566000668056318,0.15076251044768318,0.09762464559973563
127,127.0,127.0,0.10281231335262934,0.09342149198904585,0.05973684598703155,0.09992221737216724,0.08316276141049007,0.13770488195934102,0.11420901390148604,0.07792059495081279,0.1319362520792163,0.0991736269977794
128,128.0,128.0,0.09862392440062909,0.09966233122160024,0.06466293254100386,0.10401503487193053,0.06746923962750363,0.12854871397208317,0.10589299170288609,0.09252208645073148,0.1330876985327822,0.10551504667884921
129,129.0,129.0,0.09822269197151134,0.10802811032997842,0.06858267199989558,0.08727509742042612,0.08486909514879086,0.12791151487670782,0.1039040825700119,0.08474802822602069,0.13144198832104542,0.1050167191356115
130,130.0,130.0,0.10086662092021279,0.0887544004602106,0.06280740592735876,0.10527548070968165,0.06223457467253154,0.13792185345070557,0.09883267312706384,0.10324790832042122,0.14120780204394853,0.09885128036786504
131,131.0,131.0,0.08999747938293917,0.09668313713304318,0.06648629342357582,0.08369502266443278,0.07690173873845892,0.14108918110404634,0.09817752996588533,0.08886965626954853,0.12950103403138252,0.128598927286687
132,132.0,132.0,0.10000098537523656,0.09117857866201098,0.06909596506942386,0.09633795016470373,0.06410915696606087,0.1302669030313329,0.1106780462698848,0.09082724903512969,0.1447218781673168,0.10278328725889932
133,133.0,133.0,0.09654068337616746,0.09776517479791161,0.067468139809144,0.1017503878734908,0.0836242102398434,0.11967409236346971,0.0932498132619772,0.10469170522954437,0.12499162448847297,0.11024416855997816
134,134.0,134.0,0.09642517997762022,0.08746050169729024,0.06479096817119165,0.10839475457868711,0.07285659610052622,0.14151978289086506,0.09439093262687862,0.09384819020078472,0.1314142553625138,0.10889883839364187
135,135.0,135.0,0.10439062304490668,0.08793832007157439,0.05917818778466588,0.10201688931109294,0.08145215903778591,0.13495095002047755,0.1066831868017761,0.08300206354741801,0.13646156306483764,0.10392605731546448
136,136.0,136.0,0.11681176779618938,0.07578187017280659,0.0687202521591227,0.10055649567035185,0.0705702044377279,0.13648720051979465,0.10151368550631304,0.08833718568101942,0.1345395982611903,0.10668173979548363
137,137.0,137.0,0.09750670378784825,0.10168545005311054,0.0759928789391154,0.10730609203708652,0.0653813458555382,0.1271609516297129,0.09508063644378192,0.0827420918312991,0.1403858023308294,0.10675804709167742
138,138.0,138.0,0.10557941064662132,0.10013794018040438,0.06827346399202391,0.09371331820070426,0.08507143124355317,0.12381467078650736,0.10065198281094263,0.07759414231065387,0.1340807383153258,0.11108290151326276
139,139.0,139.0,0.09366894253474872,0.08286976101354569,0.08008732886630332,0.10184817105028918,0.07006029288096834,0.1268783934545724,0.10273569793430223,0.09725744292097258,0.13898913191909626,0.10560483742520077
140,140.0,140.0,0.11254206922688137,0.09028670829586008,0.07281615851190662,0.09919169377477015,0.08452748003087002,0.12360250798639479,0.08761176544246746,0.0791762120534926,0.14613663890473627,0.10410876577262018
141,141.0,141.0,0.08390144672046917,0.07563407559260618,0.08638472870945219,0.0924337079464025,0.08264437812594244,0.1385936289729876,0.09910911457036141,0.08752379778622085,0.14179532335915873,0.11197979821639845
142,142.0,142.0,0.09626998700254766,0.09313857387629895,0.0653732963228328,0.0997898770546154,0.08554630142336259,0.12584386585803695,0.11706866761532439,0.08896464061591346,0.12650714520405132,0.10149764502701605
143,143.0,143.0,0.09016113525085262,0.08567470823535109,0.06701472927640659,0.10048214642939801,0.0856106984990583,0.14514576377502714,0.10376116889309354,0.08401191228054582,0.13949893229497803,0.09863880506528841
144,144.0,144.0,0.09276167220861029,0.083523291405346,0.07433618479617887,0.09516235913199797,0.07550613528624778,0.1416411581142086,0.10770243734246501,0.08466111570345877,0.127207884411186,0.1174977616003002
145,145.0,145.0,0.10245949779506561,0.09690509051083782,0.06053423639792891,0.09107631847412048,0.07713595744716864,0.14854217640270007,0.09663402267262035,0.08846639524821051,0.12512088162275076,0.11312542342859651
146,146.0,146.0,0.08684244630501148,0.09614983261926309,0.05636630849682263,0.09763687135727936,0.07272860389724484,0.13493005591216528,0.1082212167758672,0.0958871628254706,0.1419871214107286,0.10925038040014645
147,147.0,147.0,0.1002903921859164,0.09890687757011726,0.058246152398363636,0.09611597035853489,0.07407198997789209,0.1306181207753127,0.09267459034498508,0.08576151036353304,0.1515456556628005,0.11176874036254396
148,148.0,148.0,0.08932148115633791,0.08592639822927732,0.07440140835154503,0.09654090339606557,0.07033523017399293,0.13387641148124507,0.10163389772126727,0.08621192425334878,0.14166942187081627,0.12008292336610338
149,149.0,149.0,0.10722938648748295,0.11920404944664667,0.04452749866781933,0.09407673108846668,0.07749768808599619,0.13406705651829512,0.10242915576643327,0.0866118067058533,0.1341412862800469,0.10021534095295906
150,150.0,150.0,0.10587175805874052,0.09368965983776503,0.06783546383391428,0.09342194231444076,0.08952198039434581,0.14956131655377583,0.10001795510183453,0.06954808308402818,0.1175512845516626,0.11298055626949204
151,151.0,151.0,0.08739709029984477,0.09820539723151045,0.0691238979935046,0.09959294579397751,0.07046818932669141,0.1489805957064477,0.0979095612055198,0.08840320412389671,0.12048569900312389,0.11943341931548264
152,152.0,152.0,0.08947575822294263,0.07705375136441699,0.07023275586541843,0.1032978371570514,0.0882332028153382,0.12487687101792913,0.1225024885261142,0.08437200742488803,0.14249777453262308,0.09745755307327744
153,153.0,153.0,0.1056258883813527,0.07318116548773128,0.07515446731831825,0.09817404477098937,0.0904621390634319,0.12009339094933531,0.09093175328371446,0.09348683548186856,0.14488604530181864,0.10800426996143897
154,154.0,154.0,0.078531615706355,0.0912134493002188,0.06526797229425665,0.10194197689689728,0.08635111731941922,0.14792682652835906,0.09406004927906364,0.09297666122386122,0.1272618696893429,0.11446846176222573
155,155.0,155.0,0.09418658695556963,0.08749081368066317,0.07831574930495083,0.0905370828981114,0.0786242962615938,0.131746920796951,0.1198099084080712,0.09757423852785022,0.13319574051820532,0.08851866264803292
156,156.0,156.0,0.10341967732324649,0.09096933269032706,0.06955315190763886,0.10124634425906942,0.07323738147169243,0.11754397583082254,0.10190132677693634,0.0891642571329279,0.1529926083070247,0.09997194430031374
157,157.0,157.0,0.09826651262507341,0.08800076742072742,0.06500220136367935,0.10920882797346618,0.07707452731412666,0.12289081847920089,0.09004683957130064,0.10247492213482104,0.1395129830500849,0.10752160006751905
158,158.0,158.0,0.08823060277948745,0.09927232291763471,0.05450574526438484,0.08525394368734948,0.09085406000323584,0.14105632868999812,0.11310562355393858,0.08049021891727878,0.14700679906590747,0.10022435512078427
159,159.0,159.0,0.09210095524796225,0.07460558463662628,0.06873009832030318,0.09710308342011961,0.06810309570590892,0.13749242139224166,0.11733800396875968,0.09449394237628199,0.149145022737335,0.100887792194461
160,160.0,160.0,0.08845578166361683,0.11439611951473165,0.06644092913556729,0.08600777681284513,0.08679649494982215,0.1357100281186868,0.09959150650189551,0.08104401686864453,0.14884960830873734,0.09270773812545229
161,161.0,161.0,0.09107505814682879,0.09620919541713986,0.06867066790922507,0.09105712765828254,0.08343260754832686,0.1227567610952162,0.1082782885976,0.08565306178159317,0.1446619480807497,0.10820528376503732
162,162.0,162.0,0.11150604656655642,0.1009888700200768,0.07225539178117925,0.1096081767273351,0.07257759310548104,0.13330715685148506,0.08981640515099723,0.08323119931038403,0.1250475752568203,0.10166158522968419
163,163.0,163.0,0.09711066442925831,0.08567421573675739,0.07241643361092882,0.09119181111579525,0.07028357939396059,0.13037405810846414,0.08908627344212758,0.08577680293635956,0.1598896103457578,0.11819655088059008
164,164.0,164.0,0.11358029654901691,0.0856449124988897,0.07826723407867983,0.09478455334063382,0.06778398155478389,0.129191186750999,0.11688952652359808,0.08634232481192691,0.13106659325096345,0.0964493906405079
165,165.0,165.0,0.1191410281955356,0.09202774838361151,0.0703914367565169,0.09783440208474772,0.08511077867671887,0.12970533995840783,0.09875124379756103,0.08801883670001219,0.12231092707553488,0.09670825837135294
166,166.0,166.0,0.1004446166578055,0.09370397770702452,0.062686627666987,0.10243348049204634,0.07564452085393086,0.12458434344093705,0.09414714078148828,0.09493395523149625,0.14977234873024586,0.10164898843803782
167,167.0,167.0,0.11308091524371315,0.07224542096874242,0.06849941704992663,0.08826986970563218,0.07118109828310162,0.1388727343701866,0.11511988814208962,0.07685204279734216,0.14370912260731614,0.11216949083194913
168,168.0,168.0,0.09125673039545032,0.09513765942420103,0.06687381930270105,0.10555210385882059,0.07899307789412544,0.13002843181913298,0.10136308866717694,0.09380342694280626,0.12883665026083918,0.10815501143474575
169,169.0,169.0,0.09790368898808942,0.09434730430936147,0.06992348393807953,0.08180499638852483,0.10210532232017407,0.11758754217212819,0.10864859717530398,0.08685985709739792,0.13006567700848004,0.11075353060246011
170,170.0,170.0,0.10439077805374741,0.09199832262165128,0.06845689648973305,0.09457124865237612,0.08220206641130803,0.11884888081907581,0.10153123922000078,0.09438999994235331,0.13847693410221515,0.10513363368753861
171,171.0,171.0,0.09348728638519024,0.09044951919451284,0.07445125950064993,0.08845488539145008,0.06636986933521656,0.1463234416764873,0.10183709546684434,0.08816462665548504,0.14249328623713325,0.10796873015702987
172,172.0,172.0,0.08746670868656126,0.08814765449684847,0.07857457841139098,0.09337828745779671,0.05714564175417351,0.13846187871584847,0.10581548769021379,0.0791692441575926,0.1456698171908996,0.12617070143867412
173,173.0,173.0,0.07305961217406942,0.08483179045424472,0.0841992382736527,0.09872094113327967,0.08520919369438293,0.13952742277009855,0.10592140427095502,0.07113913337561546,0.13993944184025098,0.11745182201345021
174,174.0,174.0,0.09289183183286974,0.10249651136549728,0.07023309050962197,0.09410875379580286,0.07996879015237422,0.13191726658714203,0.10129847872194853,0.07744274840227333,0.14253313358492456,0.10710939504754505
175,175.0,175.0,0.09397246338272933,0.1007116450885452,0.0693232813531333,0.07946227440845521,0.07159572672612707,0.12580254259772156,0.11582367513079048,0.07226765416671296,0.16681014805882804,0.1042305890869564
176,176.0,176.0,0.10267871406943714,0.10220387239907472,0.07061192307943047,0.09398847130530509,0.07590865701644309,0.13193260459026643,0.08181221846330558,0.09969711082100616,0.1347768101738484,0.10638961808188244
177,177.0,177.0,0.10528187487734328,0.09087067253273602,0.05278834478590969,0.0834523459731358,0.08309943937167098,0.1469276270242455,0.10464528741350317,0.10107357485991608,0.130413530471858,0.10144730268968098
178,178.0,178.0,0.09146047588394325,0.09270082870301768,0.06509241505079859,0.10046744590626577,0.0751443375651484,0.14493211612301124,0.11374209006385243,0.08214518332354939,0.13382100175611691,0.10049410562429598
179,179.0,179.0,0.10236989273524219,0.0848566279943801,0.06570148734896739,0.08991490454633586,0.0764665605835464,0.13710952937087648,0.09593634767503534,0.08612361107907743,0.14500287683917243,0.11651816182736588
180,180.0,180.0,0.09576544710323241,0.0890367821027124,0.06877956661480697,0.10070650491192756,0.06533088153227588,0.1447166069268729,0.09890165303712242,0.09148482008865329,0.13938222788146726,0.1058955098009285
181,181.0,181.0,0.11790559868616801,0.09180611770967281,0.06716055730421107,0.08653730277446632,0.06298799690934785,0.14541981573721213,0.10580407273080654,0.08845788294603217,0.13576986180327144,0.0981507933988113
182,182.0,182.0,0.08803797039417785,0.10515316216001089,0.07085601429775189,0.08997045111181248,0.06038811845928012,0.14477406703173348,0.10740259285985176,0.08582366230105246,0.14228901144167921,0.10530494994264945
183,183.0,183.0,0.10033443323737383,0.08646222174893817,0.07597314726447732,0.10972970030167155,0.0639303466377967,0.1291629488003489,0.09258685416307608,0.08551769270916662,0.14113447405552035,0.11516818108163011
184,184.0,184.0,0.09228329440089404,0.08315591500107894,0.06505394669098948,0.08259525342381535,0.08782986490027203,0.14585064345118925,0.13558345075930536,0.09027911982471958,0.1172551695898661,0.10011334195786947
185,185.0,185.0,0.09490510857510333,0.09451879602172596,0.06545976487886265,0.08646600422996299,0.08241776919569002,0.13035982595985657,0.09781280075309426,0.08532633300223436,0.14433842927552182,0.11839516810794762
186,186.0,186.0,0.09734491903493303,0.08892612751372318,0.05766496557685703,0.0925413665113097,0.0793311727411272,0.11988272306301521,0.1115444686070971,0.09234150758341998,0.15418084387210235,0.10624190549641481
