,Unnamed: 0,Generation,Intertwine_two,Add_vertex,Delete_vertex,Invert_path_vertices,Insert_inside_vertex,Delete_inside_vertex,Replace_inside_vertex,Donate_between_routes,Trim_one_terminal_cb,Grow_one_terminal_cb
0,0.0,0.0,0.09999999999999999,0.09999999999999999,0.09999999999999999,0.09999999999999999,0.09999999999999999,0.09999999999999999,0.09999999999999999,0.09999999999999999,0.09999999999999999,0.09999999999999999
1,1.0,0.10900000000000001,0.10210448241131337,0.09980018069478847,0.09763669253584924,0.10102181284350266,0.10005569165183209,0.09978181526483852,0.10073413889487026,0.09916651023353315,0.09996616535066835,0.09973251011880382
2,2.0,0.31601,0.10309119312556059,0.09895111501676249,0.09484457240990357,0.10174423478306707,0.1001977085232831,0.09962119767923029,0.10150282981655266,0.09880011717557734,0.10127589608722647,0.09997113538283632
3,3.0,0.6191589000000001,0.10372061336015921,0.09738549169147095,0.09269030491538964,0.10339161008862424,0.09960635559306982,0.101205267256783,0.10213353014707098,0.09752171998559601,0.10208325284267752,0.1002618541191585
4,4.0,1.015801321,0.104090086550189,0.0957833219711571,0.0920372225092438,0.10390134566428173,0.09960795396143515,0.10171594543596825,0.10345370089655431,0.0963306390570355,0.10184291676777497,0.10123686718636005
5,5.0,1.50262148669,0.10424974483762596,0.09471731396523231,0.09047883310107245,0.10438540636246571,0.09933291146147626,0.10215775483396611,0.10426650016071717,0.09589670017074278,0.10316138914679229,0.10135344595990885
6,6.0,2.0757334209441005,0.10578419294312229,0.09293964937521772,0.08851813418552694,0.10443452179279061,0.09992780828455251,0.10267379955933807,0.10555154432009742,0.09432983502061931,0.10433399917402886,0.10150651534470614
7,7.0,2.7307768275633495,0.10644607089512752,0.09214472321624319,0.08502387146148019,0.10478837870404686,0.10001790185477304,0.1034948692860524,0.10610305756865576,0.09401564138761001,0.10624377666413627,0.10172170896187462
8,8.0,3.4630081252450404,0.10674524397867274,0.09151758638984349,0.08279800263324827,0.10526155682431267,0.09891333716019954,0.10614407326163766,0.106299056553323,0.0934607857193708,0.10754727702511555,0.10131308045427612
9,9.0,4.2673862119061114,0.10809408208226529,0.08951552428015488,0.08104599372465593,0.1061686731037552,0.0987040238524778,0.1066150530937088,0.10606329349001677,0.09329779308851108,0.10858063386327631,0.10191492942117779
10,10.0,5.138652627782014,0.10827780364361544,0.08850194758893559,0.07865369289297812,0.10658575911560031,0.09827641206489872,0.10698180014285807,0.1075099276677967,0.09265444699239385,0.11050056093891536,0.1020576489520077
11,11.0,6.071405875792507,0.10856860156221235,0.08845161396326619,0.07618759177318635,0.10583724439389659,0.09860847572820586,0.10785847107427432,0.10828649019181892,0.09277804359950971,0.1117175501182994,0.10170591759533014
12,12.0,7.060169740244025,0.1097573279261979,0.08727144450947172,0.07388663688979731,0.10612788633200423,0.09868062260842622,0.10909864138072481,0.10875359310647022,0.09171058012156669,0.11256334717388301,0.10214991995145772
13,13.0,8.099455520847952,0.11074790750849545,0.08772437869111878,0.07100120426362384,0.10594144459308669,0.09711212819634998,0.11002226154212313,0.10858007610168373,0.09165785363321043,0.11440852099639079,0.102804224473917
14,14.0,9.183818168183006,0.11212063898554792,0.08739415012381382,0.07035916523369795,0.10449547838310548,0.0967810438060723,0.11065347542013348,0.10908943988187904,0.0908145915238152,0.1160315418756441,0.10226047476629055
15,15.0,10.307906369102724,0.1114543846245465,0.08759534817758083,0.0694245793447571,0.10528374500172238,0.0962204507538758,0.11209267347829265,0.10831562811360758,0.08964048574160347,0.11774068660694924,0.10223201815706431
16,16.0,11.466506686239443,0.11229501328625416,0.08604342879850958,0.0684805365462348,0.1042983684123014,0.09644928019442581,0.1141043171104006,0.10612394419685586,0.08970610927167931,0.11894768458634147,0.10355131759699687
17,17.0,12.654581904800096,0.11234394041653338,0.0859294363349436,0.0674418116145613,0.1042915549468599,0.09632610011752218,0.11524950220279677,0.10466365343385522,0.0895481131712667,0.11996181926982569,0.10424406849183507
18,18.0,13.867303782456686,0.11137602666378768,0.08589042746689363,0.0659629583006482,0.10393715167835275,0.09512307157752352,0.11700956043234659,0.10410060048289722,0.0891402966815274,0.12204468233994653,0.10541522437607627
19,19.0,15.100080434523047,0.11107367328849439,0.08505366650236552,0.06522207734119308,0.10500491296138392,0.09234061282735687,0.11913667745917841,0.1031375286770236,0.09018621716929376,0.12309191607236783,0.10575271770134241
20,20.0,16.348578617037543,0.11040720954738134,0.08501072951942218,0.06421149028344147,0.1047042638113723,0.09132808731543338,0.11948507503204742,0.10394330808641815,0.09056603926258963,0.1243123530767575,0.10603144406513643
21,21.0,17.608741195130214,0.10855094041156417,0.08395226039343992,0.06405545020075962,0.10447027679978237,0.09040666806444238,0.12129917108005485,0.10434252041911089,0.09145915104727648,0.12489039397730725,0.10657316760626187
22,22.0,18.876800103462312,0.10769489454835189,0.0841777662944395,0.06340388029705459,0.10343919578535783,0.08994756177032519,0.12262932808381294,0.10389606015729963,0.09234500589607286,0.1260534799790505,0.10641282718823489
23,23.0,20.14928511992658,0.10781230171504436,0.08383569868383206,0.0627922112865722,0.10329489950090905,0.09025041941059483,0.12285597756929865,0.1038163460832677,0.091688782623452,0.12660294186556884,0.10705042126146012
24,24.0,21.423028783545156,0.10709155084238642,0.08449993638548017,0.061560714299505714,0.10330618353243569,0.0897202585775334,0.12395199567980256,0.10379429651239,0.09284080945307704,0.12735901636123906,0.10587523835614977
25,25.0,22.695167792966423,0.10662239199156068,0.08427935538347475,0.06144768842190011,0.10323715264597104,0.08809571031942559,0.12569328002124222,0.10355340965994687,0.09257764864622955,0.1295961277858458,0.10489723512440319
26,26.0,23.963141223515898,0.106238810321104,0.08339534964373174,0.06043651232784847,0.10232153599579247,0.08855700009354324,0.12594542389575708,0.10409642953892903,0.09293550612513896,0.1304628561467265,0.10561057591142829
27,27.0,25.224685898775267,0.1061483529268148,0.08295430356077867,0.05978912997147682,0.10264298104125394,0.08812151598040739,0.1268224211288406,0.10352735786912481,0.09404879642863569,0.12994825324456963,0.10599688784809737
28,28.0,26.477829247520948,0.10566518045386122,0.08350829757339054,0.05966246021684753,0.10138766636820473,0.08762856419219481,0.12728771909201905,0.10325674325525298,0.09457884266850904,0.1307642172395661,0.10626030894015367
29,29.0,27.720879968916847,0.10581606475211493,0.08455514180411203,0.06047606199806272,0.09927665633707163,0.08812194984819455,0.12789403816358846,0.10336417095744363,0.09339638958646389,0.13105915294462855,0.10604037360831928
30,30.0,28.95241681848399,0.10563084232406372,0.08439741772516818,0.06039485019817417,0.09858248329535009,0.08841788024629238,0.12751422831782322,0.10454899492153935,0.09419570616115555,0.1319692809745202,0.10434831583591282
31,31.0,30.17127581490958,0.10544974916619906,0.0844743415191019,0.0612254672350276,0.09679105337396067,0.08894052434786504,0.12852342285005805,0.10417856874722042,0.09468794543089892,0.1321247818575949,0.10360414547207308
32,32.0,31.376536153543515,0.10432874921579074,0.08486052249037641,0.061610475802785857,0.09703786779351217,0.08840393912286504,0.1289780839515075,0.10323441004169173,0.0949876776344862,0.13225073758425093,0.10430753636273302
33,33.0,32.567505096778625,0.10414158085401193,0.08464917472660108,0.06223549960678401,0.09512159322935426,0.08833535713010032,0.13022506804949124,0.10286824699664884,0.09549708415718741,0.13268234520431846,0.10424405004550208
34,34.0,33.74370209472243,0.1022799231925775,0.08514965277960787,0.0625039122595841,0.09560865558871447,0.08784151816905414,0.13148161485121013,0.10298422543634067,0.09525800747856122,0.13256938470223972,0.10432310554210986
35,35.0,34.90484237192463,0.10219317229738338,0.08463275625071927,0.06329964898130466,0.09484684098181247,0.08840513908896175,0.13137317479714503,0.10255082225504501,0.09588385536259392,0.13251785745015507,0.10429673253487917
36,36.0,36.05082019768737,0.10063970890632412,0.08460513166490272,0.06289422497052725,0.09409370811904708,0.08732503797773535,0.1316305045711852,0.1029858918441742,0.0965216210809429,0.13344836526291695,0.10585580560224393
37,37.0,37.18169203889697,0.10048097547411802,0.0843032208860495,0.0631253734382684,0.09321126858170622,0.0864405709112056,0.13129739051408762,0.10279528089452501,0.09718431885815096,0.13550205149819192,0.10565954894369639
38,38.0,38.29765977559663,0.09946440607169253,0.08518694715214395,0.06385610332344119,0.09257265403100426,0.08615791859016618,0.13139917203214313,0.10220854545180319,0.09735237153592355,0.1354307565831328,0.1063711252285489
39,39.0,39.399054140870355,0.09942290348698953,0.08470501364021729,0.0640435112219047,0.09236706200676416,0.08596816908592556,0.13221648895879845,0.10180557661542058,0.09615673108754852,0.13590905460506908,0.10740548929136184
40,40.0,40.48631852820801,0.09888071876852675,0.08393221516707769,0.06412279689224512,0.09280610636309133,0.08665924760206192,0.13196762506955492,0.10287952671998103,0.09691383566979869,0.13484257429524982,0.10699535345241246
41,41.0,41.55999329152982,0.09876158270134425,0.0841844255151634,0.06488416910299886,0.09300530584609173,0.08668340908589764,0.13224848862139038,0.10162541390976072,0.09692755418102975,0.1354473658853951,0.10623228515092795
42,42.0,42.62070064560415,0.0983184577027266,0.08487945707808138,0.06400931589347324,0.09246928873079918,0.08624186918017744,0.1335704760181199,0.10223880187216143,0.0967007123594563,0.13532573259335176,0.10624588857165254
43,43.0,43.669130257815,0.09898658080962391,0.08552204491402565,0.06444863832343126,0.09340476693945182,0.08585611545920668,0.132909646902802,0.10217781032043988,0.09627792067991836,0.13577202349144835,0.10464445215965192
44,44.0,44.70602560622662,0.09812354788185891,0.08522809639639228,0.06513562313158877,0.09330536802418121,0.08461684449426421,0.13369832022211803,0.10149741350836232,0.09698425548997684,0.13639796732452011,0.10501256352673713
45,45.0,45.73217116373481,0.09909467378471434,0.08541324511965671,0.06505173280513263,0.09238708023826928,0.08469349811781636,0.13352100758236396,0.10257509320375496,0.09654059533458936,0.13650375800700948,0.10421931580669275
46,46.0,46.748380453854836,0.09804564546073785,0.08690272831432969,0.06401071827527473,0.09279322855092476,0.08339459050996677,0.13421518056328108,0.10319894577293359,0.0970809791053929,0.13691146284528993,0.1034465206018686
47,47.0,47.755485010424316,0.09698644720661104,0.08783673675058015,0.06324214936911081,0.09366985399283427,0.08423164971881544,0.13441306667181338,0.10335208445514962,0.09657092117662805,0.1358521899078343,0.10384490075062285
48,48.0,48.7543242612326,0.09840307367726366,0.08833192785783545,0.06173410968788351,0.09340115186344475,0.08396460263233256,0.13569475703726097,0.10212102252477984,0.09672514785313138,0.1357436921418704,0.10388051472419736
49,49.0,49.745736344347726,0.09734529343806504,0.08767778054309273,0.06137809688807083,0.09384871676441428,0.08394846226597226,0.13651433329014584,0.1023395104153334,0.09663410739570259,0.13573852090484567,0.10457517809435721
50,50.0,50.730549855707864,0.097858525201249,0.08809548364307676,0.061688727938292325,0.09344749449496054,0.08376161423072043,0.13718154193448434,0.10174351710104008,0.09627393609792759,0.13519459065325973,0.10475456870498906
51,51.0,51.70957651737491,0.09880019795253621,0.08807911961392334,0.062046301181848014,0.09393288902288907,0.08323176913380793,0.13707574382519686,0.10188553923980628,0.09454404339902744,0.13525090974352152,0.10515348688744319
52,52.0,52.68360474770151,0.09758677307039883,0.08696027497172895,0.0626296780479945,0.0944469909711715,0.08315212360015378,0.13664621881700048,0.10211581492099411,0.0956585258123246,0.1358071885975402,0.10499641119069288
53,53.0,53.65339410751842,0.09759995653713667,0.08627527828943239,0.06310368305985686,0.09316742807604653,0.08344736750874682,0.1368198304381886,0.10299826757325581,0.09502094587163495,0.1366631683977355,0.10490407424796572
54,54.0,54.61967059027847,0.09818922157482413,0.08492666752265456,0.06212261901424304,0.09386845068282097,0.08347925681578588,0.1367697970817745,0.10226634393296481,0.0947415162711562,0.1376331223712614,0.10600300473251437
55,55.0,55.58312271885972,0.09700923571519832,0.08633681055123564,0.061945371008198066,0.09488657819512242,0.08291441717857914,0.13684111226869217,0.10315253903982688,0.09333870446020726,0.13743248020758836,0.10614275137535162
56,56.0,56.544398407394254,0.09673756657993163,0.08715899612710266,0.06267778270049108,0.09393171219909935,0.0819879071355543,0.13635458851397195,0.10280328743488779,0.09435197121025217,0.13799221003010853,0.10600397806860037
57,57.0,57.504102543001395,0.0967846350971986,0.08736065596253538,0.06322219091964167,0.0940608653205645,0.0818100430285407,0.13709255986081875,0.10268369127217235,0.09382278541781773,0.13737786820851033,0.10578470491219982
58,58.0,58.462795239617805,0.0962562103664506,0.08737199356936154,0.06410583542946176,0.09448099419230914,0.08124873120387026,0.1375698770602723,0.10100320119011467,0.09302926602243268,0.13939336918047457,0.10554052178525236
59,59.0,59.42099071417639,0.0957792802281165,0.08729082846580105,0.06413008223797587,0.09482524879494882,0.08118324901869128,0.13864647798783672,0.10049856329539991,0.09300477122083338,0.1394108779701228,0.10523062078027352
60,60.0,60.379156734137354,0.09627224319479558,0.08698291473219398,0.06433640846553051,0.09528440167662355,0.08098186800805182,0.1380115924500198,0.10058735178936927,0.09254744629984099,0.1385178640608079,0.10647790932276645
61,61.0,61.337714584760846,0.09609714427105003,0.08829712678879034,0.06524287028522596,0.09587150002421924,0.08082255360977178,0.137729421485681,0.10021888583192975,0.09177950054764142,0.13787355624295464,0.10606744091273568
62,62.0,62.29703950447439,0.09506815841506856,0.08856758406286519,0.06558755337546397,0.09583421245491436,0.08065922036610514,0.1371903553920863,0.10106195774374023,0.09205165321161984,0.1381075588808805,0.10587174609725576
63,63.0,63.257461537171835,0.09463674567492117,0.09026379217616079,0.06564011119965504,0.09578903886984053,0.08062066247635372,0.13605286580285272,0.10312166238846843,0.09099511959337382,0.13888033149550857,0.10399967032286506
64,64.0,64.21926675122782,0.0950854283174529,0.09020762250361253,0.06671675052873387,0.09460000753540715,0.08052047869851844,0.13637731840176182,0.10343588573774314,0.09078341864899182,0.1382035496664627,0.10406953996131549
65,65.0,65.18269877636592,0.09407118661326946,0.08986936498420393,0.06611402920839703,0.09594495769444447,0.08038681308572647,0.13584146851125325,0.10446312743645803,0.09103896365337814,0.1383339047010947,0.10393618411177438
66,66.0,66.14796061122655,0.09367308552425085,0.08880400966429591,0.06659855077243149,0.09595201490163564,0.07986802021245895,0.13517760774988857,0.10556985141199911,0.09073493941054275,0.1391181019030042,0.1045038184494924
67,67.0,67.11521665648885,0.09298434944912595,0.08882912938097884,0.06516350589290097,0.09694488102008261,0.07935828114404608,0.1343085793340254,0.10632288350196292,0.09135268818566356,0.13911471502167308,0.10562098706954041
68,68.0,68.08459493066005,0.09264926894421929,0.09041747638305782,0.06636222948398496,0.09791134711733293,0.07735535342828809,0.13355323991580967,0.10595076662574202,0.09183962249509149,0.1378694915222831,0.1060912040841905
69,69.0,69.05618942810752,0.0914642154276415,0.09180004449176792,0.0668764693316877,0.09699027430462887,0.07597142957718894,0.1329117278763219,0.10630391005170406,0.09170757814179718,0.13864250671660736,0.10733184408065444
70,70.0,70.03006258152917,0.09207414046750803,0.09103356995220564,0.06767837672897802,0.09882767105746099,0.07403381568678187,0.13388346234825999,0.10669819960545585,0.09176168974194521,0.1381873238301869,0.10582175058121739
71,71.0,71.00624779379335,0.09278866381466058,0.0905875093062522,0.06857737649207368,0.09836184994863405,0.07330567961267777,0.13470082852875878,0.10570194812969552,0.09171079531341507,0.13916697517020857,0.1050983736836236
72,72.0,71.98475200689319,0.09372177607436544,0.0894131665185217,0.06771575249008356,0.09943062159270968,0.07405114226917126,0.13432758829312486,0.10497889877308844,0.09117522906436516,0.13963166073682903,0.10555416418774075
73,73.0,72.96555827861411,0.09329756316426374,0.09130214088485916,0.06674891761928388,0.09946081686732822,0.07427114914538821,0.13504669868018734,0.10492853693746451,0.0910656547479099,0.1394100665114,0.10446845544191491
74,74.0,73.94862834037681,0.09314838446245541,0.09128601426817891,0.06703543735717303,0.09874125396679884,0.07474346865470512,0.1343069467159279,0.1046575674379619,0.09228219952752781,0.13939859205601549,0.10440013555325547
75,75.0,74.93390511255946,0.09335516417184336,0.09065042586382645,0.0675270088247902,0.09901045783146614,0.0731676770816965,0.13478699926995877,0.10568098201878003,0.09256385524245737,0.13927465937748484,0.10398277031769622
76,76.0,75.92131515639825,0.09337683892089739,0.08995059901118917,0.06730361394980044,0.09859120239532917,0.07360543534052548,0.13454147413792455,0.10629091737809145,0.09322803465802965,0.13986586497959153,0.10324601922862103
77,77.0,76.91077104428919,0.09369124520661554,0.09084753429725531,0.06691278376842053,0.09871594859496298,0.07460564472891466,0.13431281401291223,0.10520952643721145,0.09308089051935946,0.13962232182287,0.10300129061147772
78,78.0,77.90217363294813,0.09423958059125973,0.08955444451148607,0.06876291517765502,0.09872924539900435,0.07444874379839386,0.13454646042122098,0.10435903410064734,0.09286580077028843,0.14010024404822938,0.10239353118181474
79,79.0,78.89541422641172,0.09610233218330114,0.0885506941802719,0.06818037838166986,0.09792581649246176,0.07411921428752775,0.13476521090563892,0.10501986366990008,0.09319846264705586,0.14006000441195893,0.10207802284021367
80,80.0,79.89037661826481,0.09622684334399828,0.08797055945261681,0.06729742492195903,0.09840905926722578,0.0751778988867478,0.13415737180537496,0.10440885860611898,0.09234120061929363,0.1405251500146057,0.10348563308205894
81,81.0,80.88693900474995,0.09614986691707895,0.08831389656421751,0.06724342320460583,0.09875871178627996,0.07594191189853067,0.13343185231505791,0.1030831743314599,0.09360238970213744,0.13901894122254438,0.10445583205808737
82,82.0,81.88497576253909,0.09580485918600183,0.08703614849971647,0.06698330788236752,0.09788851855925465,0.07687227291732127,0.1341308295525616,0.1043642445326432,0.09333013276162683,0.13942163283415104,0.10416805327435551
83,83.0,82.88435908692391,0.09584373790462127,0.0890935174795894,0.06732806725966586,0.0979631231121319,0.07654732102490894,0.13499872505746194,0.10348605467258505,0.09196903671283291,0.13919928358489297,0.1035711331913096
84,84.0,83.88496048800103,0.09617016000195847,0.08829053662248633,0.06730741456344935,0.09769727831193031,0.0773709189265935,0.13324868484146024,0.10467202013335022,0.09365323254032529,0.1382792217712636,0.10331053228718251
85,85.0,84.88665214409042,0.09722055774812387,0.0874592779213232,0.06806694356730492,0.09778132631931157,0.07620201033843614,0.1332426654919298,0.10473232341107619,0.09406543616613132,0.13855561109859127,0.10267384793777151
86,86.0,85.88930811312994,0.09789659653977234,0.08779073292782966,0.06880029639816446,0.09777400080891983,0.07723739898430693,0.13305788301545335,0.10332527558077485,0.09360204712740752,0.13833740293178273,0.10217836568558811
87,87.0,86.89280540413424,0.09829367673474784,0.08766881909804485,0.06853664462401297,0.0990274929832619,0.07699623471708295,0.13314867997609914,0.10333834834732598,0.0925753913072863,0.1378099124193593,0.10260479979277853
88,88.0,87.89702491199675,0.09882999745451228,0.0888551934770944,0.06958690222401863,0.09892020663703922,0.07729746129074783,0.131478136863852,0.10421877265057929,0.0915878584514553,0.1375481105563086,0.10167736039439218
89,89.0,88.90185221995306,0.09884055826434772,0.08898979530291858,0.06935751774690585,0.09947299177452373,0.07708379017483274,0.133139079169984,0.10410011537060751,0.09002841548818846,0.13792305516840414,0.10106468153928698
90,90.0,89.90717827491419,0.09904015232023516,0.0881263775625156,0.06940703794588894,0.0995271407899081,0.0769117582384027,0.1336702285668386,0.10489832918634284,0.08878391509215139,0.13952890237942556,0.10010615791829079
91,91.0,90.91289994163006,0.09759721443877115,0.08816585703277385,0.07004695022534022,0.09977753832434641,0.07755481991435585,0.1338516723743115,0.10532485128786002,0.08935420811072063,0.13888503958803766,0.09944184870348234
92,92.0,91.91892044225806,0.09748261853784976,0.08850288606516901,0.0693989524446511,0.09954965967042051,0.07854491023675532,0.13415532147930923,0.10514048164926487,0.08901557372262747,0.13926114254853525,0.09894845364541714
93,93.0,92.92514968840067,0.09774005571006665,0.0894269234893334,0.06969538613743347,0.09835503091056297,0.07953210914716977,0.1328661389414944,0.10526563380684653,0.08899159420718297,0.13881233698556641,0.09931479066434308
94,94.0,93.93150451304501,0.09809905895529163,0.08971104386052661,0.07028783837855405,0.0980814236790596,0.0790601485116164,0.13278138524566074,0.10481674147967246,0.08850729413077878,0.1388409222706004,0.09981414348823897
95,95.0,94.93790881009448,0.09854290080203544,0.08979445433210684,0.0698883779217513,0.09892788532670177,0.07891996179219599,0.13339309365375646,0.10401482409032556,0.08764774738411191,0.1391208580853096,0.09974989661170477
96,96.0,95.94429358933806,0.09882699427918584,0.08921166700751203,0.07008115370880855,0.09921554820395752,0.07938527962313,0.1333615035924792,0.10533132704003255,0.08688318192691362,0.13814815624471247,0.09955518837326788
97,97.0,96.9505969547639,0.09819635246945202,0.08968509914902055,0.06978179134213709,0.09927432890349858,0.08009280355830951,0.13387334728690234,0.10525383457558718,0.0855528698183789,0.13876313979276456,0.09952643310394896
98,98.0,97.9567640140995,0.09952939452577861,0.08996789319329189,0.07008244460796918,0.0985992745970162,0.07974622364287526,0.13348478396884955,0.10523582987519194,0.08577844916303852,0.1379689104446192,0.09960679598136932
99,99.0,98.96274672736057,0.09917669457981437,0.08967437294032678,0.07011424085007022,0.0987450923162049,0.07985454118725209,0.13414784847815464,0.1050603801182293,0.0856757330984001,0.13705115802420956,0.10049993840733774
100,100.0,99.96850370202192,0.09896129723843237,0.08987728632824019,0.06972420405374495,0.09989332744118805,0.08076670794002225,0.13252986550089677,0.10475442797160553,0.08531941550416217,0.13725440583942,0.10091906218228743
101,101.0,100.97399994219691,0.09820416063444269,0.09085853534806032,0.06957856082130529,0.09879578787714274,0.08201740087561513,0.13372770209615398,0.10352067142722599,0.08560139032527661,0.13621405137030562,0.10148173922447132
102,102.0,101.97920655893245,0.09788496219327239,0.09137619165260061,0.06875887266754876,0.09881191863271685,0.08237614626898117,0.13306195215424574,0.10516993886877174,0.08595911629674692,0.13491042844311654,0.10169047282199899
103,103.0,102.98410044840509,0.09694760020916597,0.09151249367124979,0.06834862213973235,0.09922284217641456,0.08304169414079009,0.1335454877110714,0.10413443877832482,0.08586188060811924,0.1353808142119879,0.10200412635314368
104,104.0,103.98866394444643,0.09620994315316639,0.09278507827493442,0.06805264399440615,0.09905216785738805,0.08253492301299808,0.13383135923291486,0.1047505213374195,0.08614220974404882,0.13490741343687504,0.10173373995584847
105,105.0,104.99288445143917,0.09724736100949229,0.09318382104810784,0.0672626521343839,0.0991636104443491,0.08177640329813257,0.13553506598643217,0.10414221990512387,0.08535861083974082,0.1352680569855242,0.10106219834871305
106,106.0,105.99675406321822,0.09591136472747294,0.09302763942002575,0.067494831920916,0.0995067866829558,0.08177348050532,0.13417463434090623,0.10573538145916749,0.08532212864203122,0.13550945228214523,0.10154430001905912
107,107.0,107.0002691731872,0.09663213322580949,0.09302683188187669,0.06681291293889009,0.09899204954312757,0.08023501793369052,0.1350775823328398,0.10554950369455865,0.08534661875764948,0.13650405125783163,0.10182329843372585
108,108.0,108.0034300804274,0.09658635248931002,0.0934489603403968,0.06655134231909805,0.09908951743858091,0.07969194026739394,0.13475828541686105,0.10523374900244892,0.08618742861372493,0.13636645132148184,0.1020859727907033
109,109.0,109.00624059613932,0.0965852860375352,0.09350779761534131,0.06673568432589695,0.09865106726014676,0.08040514921048472,0.1343588115395845,0.1052338365283959,0.08648680021061798,0.13663127358695948,0.10140429368503696
110,110.0,110.00870765431864,0.09715100313674085,0.09292454302982175,0.06710827572407302,0.09743098170723032,0.08068816752580311,0.13480866583811982,0.10468930900946263,0.08594342486057069,0.13612283263537278,0.10313279653280483
111,111.0,111.01084093013685,0.09827581533051696,0.0933771638847771,0.06590980829018502,0.09902349759122263,0.0797228996470931,0.13442101762292488,0.10502215609339731,0.08590547807100397,0.1353190896883932,0.10302307378048563
112,112.0,112.01265246907188,0.09743454202016875,0.0937603861620901,0.06635223322611024,0.09961143512532239,0.07872256028897454,0.13325919837669736,0.10353106050128488,0.08591861552815083,0.1371139484184309,0.10429602035276987
113,113.0,113.01415632942268,0.09714348003810275,0.09350522689129302,0.06653397326262639,0.09961435693443546,0.08120588219138633,0.1328322553375608,0.1025433919915891,0.08556967472980226,0.13681328895255557,0.10423846967064816
114,114.0,114.01536824044418,0.09653358591309616,0.09376093421370607,0.06649623602337477,0.09936632692331011,0.0809005773946624,0.13219880672340809,0.10304032044883202,0.08631393975285963,0.13637110690644802,0.10501816570030255
115,115.0,115.01630527795908,0.09650371665578653,0.09319567437674145,0.06664085049631305,0.10053475024500148,0.08252606820876882,0.1316076845150073,0.10257497037573758,0.08701876783540463,0.13485360525869405,0.10454391203254498
116,116.0,116.0169855589429,0.09753391493873677,0.09349155769539222,0.06699698617466009,0.10070930625486216,0.0831082182509211,0.13002374319603197,0.10200788864498435,0.08783255036129461,0.13471443598327462,0.10358139849984198
117,117.0,117.01742795623892,0.09813670505904803,0.095201116404932,0.06598700950645742,0.1001413195587195,0.08219278743307741,0.12881590021212252,0.1016744885791993,0.08978164758841325,0.13451856658717712,0.10355045907085329
118,118.0,118.01765183424293,0.09635731414200593,0.09470849980606028,0.06661289728901769,0.10150063853255739,0.0816848219768952,0.1288311592087359,0.1015308545473482,0.08988430757479168,0.13571811070374218,0.10317139621884541
119,119.0,119.01767680610413,0.09675394183400136,0.09408796895517538,0.06689569877881955,0.1017567076305527,0.08062042680025484,0.12761523372762307,0.10121254074070157,0.09039956619956915,0.13662669759235133,0.10403121774095087
120,120.0,120.01752251271817,0.09619763594555847,0.09407015702572263,0.06715061117867956,0.1024182851983436,0.08093103766064223,0.12686901725155797,0.10223668823650542,0.0915067600059347,0.13586494465489227,0.10275486284216297
121,121.0,121.01720842354362,0.0965440071013969,0.09385413828169535,0.06779624747785473,0.10153005576965873,0.0802540801730698,0.12783545167354907,0.10228534844612831,0.09195281847347415,0.13612067193068397,0.10182718067248875
122,122.0,122.01675365905109,0.09612167133981361,0.0942211438934308,0.0662683196553574,0.09998614091524553,0.08189658807204644,0.12880444178014802,0.10304490846644783,0.09129833835024963,0.13717762918886547,0.10118081833839503
123,123.0,123.0161768344173,0.0962215561748111,0.0938977788455558,0.06524943264641936,0.09905734174747277,0.08311093816365608,0.12809790104827506,0.10470341833913593,0.09138833814314311,0.1364271552055565,0.10184613968597404
124,124.0,124.01549592390272,0.09709006375548386,0.09386603888775302,0.06482840454713447,0.09799621884756757,0.08311303516803095,0.12759192656482746,0.10475933400190397,0.09090361848113425,0.13717404635478503,0.10267731339137919
125,125.0,125.01472814520056,0.09786503811134037,0.09348685007532123,0.06356149703602769,0.09669810469655463,0.08321273818543426,0.12842129700173827,0.10474392426841012,0.09075679564939813,0.13864332831593548,0.10261042665983958
126,126.0,126.01388986291661,0.0972035579655196,0.09326373245824646,0.0632402994870492,0.09648795833361941,0.08347344326941297,0.12811964115894933,0.10464437864072804,0.09139170325806449,0.14006339366853895,0.10211189175987129
127,127.0,127.0129965102319,0.09778518008614219,0.09326433442791222,0.06260613402922088,0.0965548807824018,0.08361452702745154,0.1289035094080282,0.10570051842679906,0.09023186196711416,0.13956581781682684,0.10177323602810284
128,128.0,128.01206252771334,0.09794007243216736,0.0938905316994782,0.06249930089215073,0.09705806610217994,0.082167632575218,0.1287813877589865,0.10590452696914987,0.09052504128508772,0.13915684853826643,0.102076591747315
129,129.0,129.0111013181695,0.09804619082036287,0.09534840514994661,0.0628167613311653,0.09590650883252734,0.08245842919085938,0.12860543162744245,0.10588912839131553,0.0900314673004493,0.13856351366633354,0.1023341636895975
130,130.0,130.01012521639834,0.09840785527612045,0.09485991732019172,0.06258260822571204,0.09658383150464453,0.08048080075689001,0.1294411657989452,0.1053482782687568,0.09138440433297046,0.13893487840043137,0.10197626011533725
131,131.0,131.0091454726403,0.09767102678901582,0.09515209677209577,0.06274200715744227,0.0951222925970755,0.07998518931206673,0.13059486619514937,0.10473084279091915,0.09128285749702675,0.138121159096298,0.10459766179291051
132,132.0,132.0081722485317,0.09793149627579062,0.09487991283531567,0.06318387622324562,0.09495692763096403,0.0782290463287499,0.13065591189355075,0.10535966936301487,0.09136309260896075,0.13882469488552224,0.10461537195488543
133,133.0,133.00721462434865,0.0978405835049755,0.0952565935640706,0.06347789674490242,0.0953631531576798,0.0784588240775161,0.1296476818667035,0.10423597374617896,0.0928163913934045,0.1375438235607576,0.10535907838381087
134,134.0,134.0062806163404,0.0977342126700991,0.09459022472222631,0.06351470048124072,0.09645706514940175,0.07764051649909726,0.13082510800024819,0.10322889802267476,0.09315876193488931,0.13690778046515065,0.10594273205497183
135,135.0,135.00537720296956,0.0984219328985142,0.09396697737174549,0.06299930848219212,0.09692317630948494,0.07771575676826055,0.13133485498230582,0.10346337563505278,0.09238917703954792,0.13678513719831042,0.10600030331458565
136,136.0,136.00451035890612,0.10034268248067997,0.09213012319343426,0.06345145091351882,0.09724757411950177,0.07673264157319697,0.13198341326647112,0.10318965346831394,0.09213619171217952,0.13647932603645474,0.10630694323624879
137,137.0,137.00368509565993,0.10030554155695015,0.09290382989077829,0.06463832979216816,0.0982475810006989,0.07526732766806607,0.13167952870574492,0.10228323893237584,0.09131100547226433,0.1367693191199959,0.10659429786095734
138,138.0,138.0029055077818,0.1010513970337796,0.09353323113274062,0.06504812477971289,0.09787889492050196,0.07581869387412449,0.13102621874601048,0.10195257446186168,0.08996785376786647,0.13643597132574092,0.10728703995766077
139,139.0,139.00217482361367,0.10057690028786727,0.09243892142429748,0.06663058014805419,0.09831890696608522,0.07490633699701287,0.13067249656946095,0.1018503420342257,0.09060161018036815,0.13660324534118434,0.10740066005144368
140,140.0,140.0014954596262,0.10196808630822825,0.09210004581082258,0.06746224043130418,0.0984845627204003,0.07548347408144213,0.12998861703259973,0.1002547931591706,0.08943042619227771,0.13749240151942654,0.1073353527443278
141,141.0,141.00086907744122,0.10046183130509843,0.09031166111322016,0.06962113088678976,0.0979649256269908,0.07590502732642998,0.13080837645762186,0.0998421038072434,0.08910857703488129,0.13794495289913986,0.10803141354258428
142,142.0,142.0002966427003,0.10017745198464317,0.09030578885854111,0.06963062503629144,0.09817755697693767,0.0766420110846562,0.13034903615380036,0.10125930880263638,0.08894714928370717,0.1368619350299713,0.107649136788815
143,143.0,142.99977848500652,0.09927155077124297,0.08958244511541276,0.06976073977906577,0.09845427533014488,0.07740077907801643,0.13182076796910241,0.10136213701439387,0.08830676638743576,0.13708284975855306,0.1069576887966319
144,144.0,143.99931435823203,0.09862518921975465,0.08867721669479611,0.07058252849451331,0.0981916218292839,0.07715531314497001,0.13292811599485166,0.10187279956869974,0.08775239358201388,0.1360767290512617,0.10813809241985485
145,145.0,144.99890350055264,0.09895461121194925,0.08914915177389582,0.06997948006160774,0.09751633698574841,0.07708088424273309,0.13470196146806868,0.10128385077832822,0.0876030732328238,0.1348738316894552,0.10885681855538959
146,146.0,145.9985446936357,0.09772443472175013,0.0895759269432975,0.06892549124524532,0.09750023572976607,0.07657371360777183,0.13507561249425684,0.10186601799626144,0.08821939489643263,0.13538031854196006,0.10915885382325792
147,147.0,146.99823632047406,0.09785325058449404,0.09030146814760408,0.06803929387318901,0.09733502085578265,0.07621314754726616,0.13497924933832,0.1008988578371092,0.08783819682677718,0.13685807816310933,0.10968343682634804
148,148.0,147.99797642142389,0.09689666517401993,0.08974246139162115,0.06875931041890822,0.09721663026797817,0.07549355053672739,0.13517474028294005,0.10084210175657916,0.08751939308843641,0.13734731421794213,0.11100783286484707
149,149.0,148.99776274806447,0.09775077699753092,0.09252895980135001,0.0664763553210093,0.09685690423947513,0.07551057581481549,0.1353567633487861,0.10087846504826561,0.0872593832808293,0.13707803418474349,0.11030378196319432
150,150.0,149.99759281456036,0.09847850089071608,0.09275212030567077,0.06653300368297788,0.09643987020490971,0.07674819891864154,0.13705711304329074,0.10068557885150523,0.08531252632605063,0.13514731450297932,0.1108457732732578
151,151.0,150.99746394626104,0.09735991819037339,0.09341391389425495,0.06672585522621799,0.09665146064284982,0.0760844184200766,0.13865439771871693,0.10029446564729269,0.08528822273831646,0.13352714793502451,0.11200019958687632
152,152.0,151.99737332532905,0.09646143227346947,0.09194227837064392,0.06703428782999833,0.09724179602481459,0.07720735502929899,0.13778484343762595,0.10237790745114311,0.08489437965331063,0.1341397910874961,0.11091592884219853
153,153.0,152.99731803323698,0.09719795122359168,0.09008166254166315,0.06783603299904482,0.09732127904129906,0.07855115008026889,0.13639481685358776,0.10129717736111823,0.0854461799602192,0.13501357683609136,0.11086017310311547
154,154.0,153.99729509002177,0.09523567038277951,0.0900413317062899,0.06764213849197324,0.09777813462602275,0.07946857334157216,0.1377641222268132,0.10053369563885672,0.08597218936585269,0.1341362911332368,0.11142785308660262
155,155.0,154.99730149022784,0.09486807420420579,0.0896444915684377,0.06874866947470107,0.09709045367510423,0.07959039761074103,0.13748013353259075,0.10235681153812419,0.0869754002799018,0.133871376869115,0.109374191247078
156,156.0,155.99733423551103,0.09545373180777075,0.08961365056645935,0.06896395841772741,0.09747693324760345,0.0791516869605114,0.1357469170838213,0.1023812886530509,0.08714328034553327,0.1356058844467782,0.10846266847074348
157,157.0,156.99739036391077,0.09554516663631668,0.08930259395895755,0.06870851534695428,0.09865870734440707,0.07908141890465999,0.13453967713223666,0.10121306971716024,0.08864564867266485,0.13599284597958358,0.10831235630705864
158,158.0,157.99746697583146,0.09465108045733699,0.09013678029651435,0.06739190783349627,0.09743231680920926,0.08037606200739927,0.13515322361035986,0.10235588877166382,0.0879376025799506,0.1371256943313957,0.10743944330267342
159,159.0,158.99756125680176,0.09416923336632423,0.08851222959842585,0.06750053475128477,0.09739169556958964,0.07937092435009031,0.13540805576169146,0.1039151613100219,0.08862625960578138,0.13845789126251448,0.10664801442427552
160,160.0,159.997670497107,0.0933503708447946,0.09089012100833874,0.06738167769451102,0.09624271967170984,0.08022296209646176,0.1354800090268399,0.10367808527444514,0.08795973520597035,0.1397341983724098,0.10506012080451838
161,161.0,160.99779210841066,0.09282637633192735,0.09144659085256508,0.067488272735191,0.09561122701957311,0.08071914265658015,0.13425174045404495,0.104292529264271,0.08775161055406203,0.1405552628478801,0.10505724728390478
162,162.0,161.99792363749984,0.0943803669304686,0.09247300721830823,0.06795450461073872,0.0968524475459424,0.08010733836531957,0.13408638852056806,0.10303919810378731,0.08730112663249893,0.13937385044573913,0.10443177162662856
163,163.0,162.9980627773051,0.09451067705178678,0.09195047514716281,0.06843322635341105,0.09625546675033471,0.07925201567943463,0.13363646958944594,0.10170595895893711,0.08710955219246855,0.14165152004081683,0.10549463823620112
164,164.0,163.9982073753568,0.09630091924672374,0.09141450336524111,0.06948898804116642,0.09602682170042626,0.07814258111536576,0.13308063130087971,0.10316017218155088,0.08698035989143685,0.14100150186995675,0.10440352128725208
165,165.0,164.99835543984977,0.0986410041598418,0.09151271644132025,0.0697393762883051,0.0961136033463221,0.07877318372429146,0.13259289771641217,0.10279242935272004,0.08702535765852175,0.13944156981244987,0.10336786149981501
166,166.0,165.99850514349492,0.09908243966823198,0.0917738814615557,0.06920076540645903,0.09666882265574249,0.07845747623957006,0.13161296226106428,0.10196063864961342,0.08776730229246146,0.14061246669879562,0.10286324466650552
167,167.0,166.99865482534062,0.10075698325426964,0.08988237526839407,0.06923215317369681,0.09580980553394246,0.0776988676923815,0.13208957325597487,0.10323116677419635,0.08669852774898215,0.14115155010452834,0.10344899719363344
168,168.0,167.99880299074837,0.10020489331677168,0.09029287399709797,0.06909051502825056,0.09668951418135817,0.07773214026692138,0.13170192450743115,0.10311784935250864,0.08733330422488078,0.14017505366006797,0.10366193146471138
169,169.0,168.99894830970783,0.10028322660307422,0.09063173519571853,0.06924584020363128,0.09519516711377735,0.08008591940288418,0.13009221674215835,0.10372686691694911,0.08727494729582796,0.13930572550082543,0.1041583550251533
170,170.0,169.99908961367427,0.10097864009116245,0.09073896779684246,0.06924575055398376,0.09499297827208722,0.08043418906353698,0.12864456687240727,0.10361246423199875,0.08797128944219168,0.1392720553819572,0.10410909829383196
171,171.0,170.99922589110733,0.100548284443212,0.09069319034338823,0.06983721762975018,0.09419515469227639,0.07918209082399308,0.12999118121483913,0.10351927519010781,0.08803964715023381,0.1396354362756702,0.10435852223652894
172,172.0,171.99935628188598,0.09948829660961349,0.09041936745402424,0.07082801030772305,0.09391205098407304,0.07700465743541149,0.13058030043158042,0.10381642247751027,0.087202880632735,0.14030871067500317,0.10643930299232565
173,173.0,172.99948007076793,0.0969733820288951,0.08981862331976452,0.0723596553851615,0.09418618537897556,0.07765273242289661,0.13129587791491526,0.10411443734637364,0.08556644332403693,0.14039523116449695,0.10763743171448378
174,174.0,173.99959668005403,0.09645404317358035,0.09099455736140082,0.07245991700733793,0.09401703515818319,0.07778752417014721,0.1312611974801728,0.10393842784269584,0.08457973814939022,0.14072791088626624,0.10777964877082526
175,175.0,174.99970566161096,0.09605907924537592,0.09198943091121925,0.07243690328667071,0.09240106920711148,0.07709334305987031,0.13062507338103221,0.10520613943906254,0.08310282417118099,0.1434730763102355,0.10761306098824092
