,Unnamed: 0,Total_iterations,Intertwine_two,Invert_path_vertices,Insert_inside_vertex,Delete_inside_vertex,MSC_add_terminal,MSC_del_terminal
0,0.0,0.0,0.16666666666666657,0.16666666666666657,0.16666666666666657,0.16666666666666657,0.16666666666666657,0.16666666666666657
1,1.0,0.10900000000000001,0.16666666666666657,0.16666666666666657,0.16666666666666657,0.16666666666666657,0.16666666666666657,0.16666666666666657
2,2.0,0.31601,0.16666666666666657,0.16666666666666657,0.16666666666666657,0.16666666666666657,0.16666666666666657,0.16666666666666657
3,3.0,0.6191589000000001,0.16666666666666657,0.16666666666666657,0.16666666666666657,0.16666666666666657,0.16666666666666657,0.16666666666666657
4,4.0,1.015801321,0.16666666666666657,0.16666666666666657,0.16666666666666657,0.16666666666666657,0.16666666666666657,0.16666666666666657
5,5.0,1.50262148669,0.16666666666666657,0.16666666666666657,0.16666666666666657,0.16666666666666657,0.16666666666666657,0.16666666666666657
6,6.0,2.0757334209441005,0.16666666666666657,0.16666666666666657,0.16666666666666657,0.16666666666666657,0.16666666666666657,0.16666666666666657
7,7.0,2.7307768275633495,0.16666666666666657,0.16666666666666657,0.16666666666666657,0.16666666666666657,0.16666666666666657,0.16666666666666657
8,8.0,3.4630081252450404,0.16666666666666657,0.16666666666666657,0.16666666666666657,0.16666666666666657,0.16666666666666657,0.16666666666666657
9,9.0,4.2673862119061114,0.16666666666666657,0.16666666666666657,0.16666666666666657,0.16666666666666657,0.16666666666666657,0.16666666666666657
10,10.0,5.138652627782014,0.16666666666666657,0.16666666666666657,0.16666666666666657,0.16666666666666657,0.16666666666666657,0.16666666666666657
11,11.0,6.071405875792507,0.16666666666666657,0.16666666666666657,0.16666666666666657,0.16666666666666657,0.16666666666666657,0.16666666666666657
12,12.0,7.060169740244025,0.16666666666666657,0.16666666666666657,0.16666666666666657,0.16666666666666657,0.16666666666666657,0.16666666666666657
13,13.0,8.099455520847952,0.16666666666666657,0.16666666666666657,0.16666666666666657,0.16666666666666657,0.16666666666666657,0.16666666666666657
14,14.0,9.183818168183006,0.16666666666666657,0.16666666666666657,0.16666666666666657,0.16666666666666657,0.16666666666666657,0.16666666666666657
15,15.0,10.307906369102724,0.16666666666666657,0.16666666666666657,0.16666666666666657,0.16666666666666657,0.16666666666666657,0.16666666666666657
16,16.0,11.466506686239443,0.16666666666666657,0.16666666666666657,0.16666666666666657,0.16666666666666657,0.16666666666666657,0.16666666666666657
17,17.0,12.654581904800096,0.16666666666666657,0.16666666666666657,0.16666666666666657,0.16666666666666657,0.16666666666666657,0.16666666666666657
18,18.0,13.867303782456686,0.16666666666666657,0.16666666666666657,0.16666666666666657,0.16666666666666657,0.16666666666666657,0.16666666666666657
19,19.0,15.100080434523047,0.16666666666666657,0.16666666666666657,0.16666666666666657,0.16666666666666657,0.16666666666666657,0.16666666666666657
20,20.0,16.348578617037543,0.16666666666666657,0.16666666666666657,0.16666666666666657,0.16666666666666657,0.16666666666666657,0.16666666666666657
21,21.0,17.608741195130214,0.16666666666666657,0.16666666666666657,0.16666666666666657,0.16666666666666657,0.16666666666666657,0.16666666666666657
22,22.0,18.876800103462312,0.16666666666666657,0.16666666666666657,0.16666666666666657,0.16666666666666657,0.16666666666666657,0.16666666666666657
23,23.0,20.14928511992658,0.16666666666666657,0.16666666666666657,0.16666666666666657,0.16666666666666657,0.16666666666666657,0.16666666666666657
24,24.0,21.423028783545156,0.16666666666666657,0.16666666666666657,0.16666666666666657,0.16666666666666657,0.16666666666666657,0.16666666666666657
25,25.0,22.695167792966423,0.16666666666666657,0.16666666666666657,0.16666666666666657,0.16666666666666657,0.16666666666666657,0.16666666666666657
26,26.0,23.963141223515898,0.16666666666666657,0.16666666666666657,0.16666666666666657,0.16666666666666657,0.16666666666666657,0.16666666666666657
27,27.0,25.224685898775267,0.16666666666666657,0.16666666666666657,0.16666666666666657,0.16666666666666657,0.16666666666666657,0.16666666666666657
28,28.0,26.477829247520948,0.16666666666666657,0.16666666666666657,0.16666666666666657,0.16666666666666657,0.16666666666666657,0.16666666666666657
29,29.0,27.720879968916847,0.16666666666666657,0.16666666666666657,0.16666666666666657,0.16666666666666657,0.16666666666666657,0.16666666666666657
30,30.0,28.95241681848399,0.16666666666666657,0.16666666666666657,0.16666666666666657,0.16666666666666657,0.16666666666666657,0.16666666666666657
31,31.0,30.17127581490958,0.16666666666666657,0.16666666666666657,0.16666666666666657,0.16666666666666657,0.16666666666666657,0.16666666666666657
32,32.0,31.376536153543515,0.16666666666666657,0.16666666666666657,0.16666666666666657,0.16666666666666657,0.16666666666666657,0.16666666666666657
33,33.0,32.567505096778625,0.16666666666666657,0.16666666666666657,0.16666666666666657,0.16666666666666657,0.16666666666666657,0.16666666666666657
34,34.0,33.74370209472243,0.16666666666666657,0.16666666666666657,0.16666666666666657,0.16666666666666657,0.16666666666666657,0.16666666666666657
35,35.0,34.90484237192463,0.16666666666666657,0.16666666666666657,0.16666666666666657,0.16666666666666657,0.16666666666666657,0.16666666666666657
36,36.0,36.05082019768737,0.16666666666666657,0.16666666666666657,0.16666666666666657,0.16666666666666657,0.16666666666666657,0.16666666666666657
37,37.0,37.18169203889697,0.16666666666666657,0.16666666666666657,0.16666666666666657,0.16666666666666657,0.16666666666666657,0.16666666666666657
38,38.0,38.29765977559663,0.16666666666666657,0.16666666666666657,0.16666666666666657,0.16666666666666657,0.16666666666666657,0.16666666666666657
39,39.0,39.399054140870355,0.16666666666666657,0.16666666666666657,0.16666666666666657,0.16666666666666657,0.16666666666666657,0.16666666666666657
40,40.0,40.48631852820801,0.16666666666666657,0.16666666666666657,0.16666666666666657,0.16666666666666657,0.16666666666666657,0.16666666666666657
41,41.0,41.55999329152982,0.16666666666666657,0.16666666666666657,0.16666666666666657,0.16666666666666657,0.16666666666666657,0.16666666666666657
42,42.0,42.62070064560415,0.16666666666666657,0.16666666666666657,0.16666666666666657,0.16666666666666657,0.16666666666666657,0.16666666666666657
43,43.0,43.669130257815,0.16666666666666657,0.16666666666666657,0.16666666666666657,0.16666666666666657,0.16666666666666657,0.16666666666666657
44,44.0,44.70602560622662,0.16666666666666657,0.16666666666666657,0.16666666666666657,0.16666666666666657,0.16666666666666657,0.16666666666666657
45,45.0,45.73217116373481,0.16666666666666657,0.16666666666666657,0.16666666666666657,0.16666666666666657,0.16666666666666657,0.16666666666666657
46,46.0,46.748380453854836,0.16666666666666657,0.16666666666666657,0.16666666666666657,0.16666666666666657,0.16666666666666657,0.16666666666666657
47,47.0,47.755485010424316,0.16666666666666657,0.16666666666666657,0.16666666666666657,0.16666666666666657,0.16666666666666657,0.16666666666666657
48,48.0,48.7543242612326,0.16666666666666657,0.16666666666666657,0.16666666666666657,0.16666666666666657,0.16666666666666657,0.16666666666666657
49,49.0,49.745736344347726,0.16666666666666657,0.16666666666666657,0.16666666666666657,0.16666666666666657,0.16666666666666657,0.16666666666666657
50,50.0,50.730549855707864,0.16666666666666657,0.16666666666666657,0.16666666666666657,0.16666666666666657,0.16666666666666657,0.16666666666666657
51,51.0,51.70957651737491,0.16666666666666657,0.16666666666666657,0.16666666666666657,0.16666666666666657,0.16666666666666657,0.16666666666666657
52,52.0,52.68360474770151,0.16666666666666657,0.16666666666666657,0.16666666666666657,0.16666666666666657,0.16666666666666657,0.16666666666666657
53,53.0,53.65339410751842,0.16666666666666657,0.16666666666666657,0.16666666666666657,0.16666666666666657,0.16666666666666657,0.16666666666666657
54,54.0,54.61967059027847,0.16666666666666657,0.16666666666666657,0.16666666666666657,0.16666666666666657,0.16666666666666657,0.16666666666666657
55,55.0,55.58312271885972,0.16666666666666657,0.16666666666666657,0.16666666666666657,0.16666666666666657,0.16666666666666657,0.16666666666666657
56,56.0,56.544398407394254,0.16666666666666657,0.16666666666666657,0.16666666666666657,0.16666666666666657,0.16666666666666657,0.16666666666666657
57,57.0,57.504102543001395,0.16666666666666657,0.16666666666666657,0.16666666666666657,0.16666666666666657,0.16666666666666657,0.16666666666666657
58,58.0,58.462795239617805,0.16666666666666657,0.16666666666666657,0.16666666666666657,0.16666666666666657,0.16666666666666657,0.16666666666666657
59,59.0,59.42099071417639,0.16666666666666657,0.16666666666666657,0.16666666666666657,0.16666666666666657,0.16666666666666657,0.16666666666666657
60,60.0,60.379156734137354,0.16666666666666657,0.16666666666666657,0.16666666666666657,0.16666666666666657,0.16666666666666657,0.16666666666666657
61,61.0,61.337714584760846,0.16666666666666657,0.16666666666666657,0.16666666666666657,0.16666666666666657,0.16666666666666657,0.16666666666666657
62,62.0,62.29703950447439,0.16666666666666657,0.16666666666666657,0.16666666666666657,0.16666666666666657,0.16666666666666657,0.16666666666666657
63,63.0,63.257461537171835,0.16666666666666657,0.16666666666666657,0.16666666666666657,0.16666666666666657,0.16666666666666657,0.16666666666666657
64,64.0,64.21926675122782,0.16666666666666657,0.16666666666666657,0.16666666666666657,0.16666666666666657,0.16666666666666657,0.16666666666666657
65,65.0,65.18269877636592,0.16666666666666657,0.16666666666666657,0.16666666666666657,0.16666666666666657,0.16666666666666657,0.16666666666666657
66,66.0,66.14796061122655,0.16666666666666657,0.16666666666666657,0.16666666666666657,0.16666666666666657,0.16666666666666657,0.16666666666666657
67,67.0,67.12521665648886,0.16666666666666657,0.16666666666666657,0.16666666666666657,0.16666666666666657,0.16666666666666657,0.16666666666666657
68,68.0,68.10449493066005,0.16666666666666657,0.16666666666666657,0.16666666666666657,0.16666666666666657,0.16666666666666657,0.16666666666666657
69,69.0,69.08580042810752,0.16666666666666657,0.16666666666666657,0.16666666666666657,0.16666666666666657,0.16666666666666657,0.16666666666666657
70,70.0,70.06911737152917,0.16666666666666657,0.16666666666666657,0.16666666666666657,0.16666666666666657,0.16666666666666657,0.16666666666666657
71,71.0,71.05441144689335,0.16666666666666657,0.16666666666666657,0.16666666666666657,0.16666666666666657,0.16666666666666657,0.16666666666666657
72,72.0,72.04163200025218,0.16666666666666657,0.16666666666666657,0.16666666666666657,0.16666666666666657,0.16666666666666657,0.16666666666666657
73,73.0,73.03071417827262,0.16666666666666657,0.16666666666666657,0.16666666666666657,0.16666666666666657,0.16666666666666657,0.16666666666666657
74,74.0,74.03158099670829,0.16666666666666657,0.16666666666666657,0.16666666666666657,0.16666666666666657,0.16666666666666657,0.16666666666666657
75,75.0,75.03404532333329,0.16666666666666657,0.16666666666666657,0.16666666666666657,0.16666666666666657,0.16666666666666657,0.16666666666666657
76,76.0,76.04792276406246,0.16666666666666657,0.16666666666666657,0.16666666666666657,0.16666666666666657,0.16666666666666657,0.16666666666666657
77,77.0,77.0629332330781,0.16666666666666657,0.16666666666666657,0.16666666666666657,0.16666666666666657,0.16666666666666657,0.16666666666666657
78,78.0,78.0788133228614,0.16666666666666657,0.16666666666666657,0.16666666666666657,0.16666666666666657,0.16666666666666657,0.16666666666666657
79,79.0,79.09531727043773,0.16666666666666657,0.16666666666666657,0.16666666666666657,0.16666666666666657,0.16666666666666657,0.16666666666666657
80,80.0,80.12221765055207,0.16666666666666657,0.16666666666666657,0.16666666666666657,0.16666666666666657,0.16666666666666657,0.16666666666666657
81,81.0,81.15920581614945,0.16666666666666657,0.16666666666666657,0.16666666666666657,0.16666666666666657,0.16666666666666657,0.16666666666666657
82,82.0,82.1959031070256,0.16666666666666657,0.16666666666666657,0.16666666666666657,0.16666666666666657,0.16666666666666657,0.16666666666666657
83,83.0,83.23197163774387,0.16666666666666657,0.16666666666666657,0.16666666666666657,0.16666666666666657,0.16666666666666657,0.16666666666666657
84,84.0,84.26711359901289,0.16666666666666657,0.16666666666666657,0.16666666666666657,0.16666666666666657,0.16666666666666657,0.16666666666666657
85,85.0,85.30107022816487,0.16666666666666657,0.16666666666666657,0.16666666666666657,0.16666666666666657,0.16666666666666657,0.16666666666666657
86,86.0,86.33362049212002,0.16666666666666657,0.16666666666666657,0.16666666666666657,0.16666666666666657,0.16666666666666657,0.16666666666666657
87,87.0,87.36457952475844,0.16666666666666657,0.16666666666666657,0.16666666666666657,0.16666666666666657,0.16666666666666657,0.16666666666666657
88,88.0,88.39379685888544,0.16666666666666657,0.16666666666666657,0.16666666666666657,0.16666666666666657,0.16666666666666657,0.16666666666666657
89,89.0,89.42115449101088,0.16666666666666657,0.16666666666666657,0.16666666666666657,0.16666666666666657,0.16666666666666657,0.16666666666666657
90,90.0,90.44656481501366,0.16666666666666657,0.16666666666666657,0.16666666666666657,0.16666666666666657,0.16666666666666657,0.16666666666666657
91,91.0,91.46996845846604,0.16666666666666657,0.16666666666666657,0.16666666666666657,0.16666666666666657,0.16666666666666657,0.16666666666666657
92,92.0,92.49133205298853,0.16666666666666657,0.16666666666666657,0.16666666666666657,0.16666666666666657,0.16666666666666657,0.16666666666666657
93,93.0,93.51064596752887,0.16666666666666657,0.16666666666666657,0.16666666666666657,0.16666666666666657,0.16666666666666657,0.16666666666666657
94,94.0,94.5379220309399,0.16666666666666657,0.16666666666666657,0.16666666666666657,0.16666666666666657,0.16666666666666657,0.16666666666666657
95,95.0,95.57309126770042,0.16666666666666657,0.16666666666666657,0.16666666666666657,0.16666666666666657,0.16666666666666657,0.16666666666666657
96,96.0,96.6060126681079,0.16666666666666657,0.16666666666666657,0.16666666666666657,0.16666666666666657,0.16666666666666657,0.16666666666666657
97,97.0,97.63658180179353,0.16666666666666657,0.16666666666666657,0.16666666666666657,0.16666666666666657,0.16666666666666657,0.16666666666666657
98,98.0,98.66472820409267,0.16666666666666657,0.16666666666666657,0.16666666666666657,0.16666666666666657,0.16666666666666657,0.16666666666666657
99,99.0,99.69041268412097,0.16666666666666657,0.16666666666666657,0.16666666666666657,0.16666666666666657,0.16666666666666657,0.16666666666666657
100,100.0,100.71362458930523,0.16666666666666657,0.16666666666666657,0.16666666666666657,0.16666666666666657,0.16666666666666657,0.16666666666666657
101,101.0,101.73437905807802,0.16666666666666657,0.16666666666666657,0.16666666666666657,0.16666666666666657,0.16666666666666657,0.16666666666666657
102,102.0,102.75271428939274,0.16666666666666657,0.16666666666666657,0.16666666666666657,0.16666666666666657,0.16666666666666657,0.16666666666666657
103,103.0,103.76868885468207,0.16666666666666657,0.16666666666666657,0.16666666666666657,0.16666666666666657,0.16666666666666657,0.16666666666666657
104,104.0,104.78237907489564,0.16666666666666657,0.16666666666666657,0.16666666666666657,0.16666666666666657,0.16666666666666657,0.16666666666666657
105,105.0,105.7938764823389,0.16666666666666657,0.16666666666666657,0.16666666666666657,0.16666666666666657,0.16666666666666657,0.16666666666666657
106,106.0,106.80328538421445,0.16666666666666657,0.16666666666666657,0.16666666666666657,0.16666666666666657,0.16666666666666657,0.16666666666666657
107,107.0,107.8107205420603,0.16666666666666657,0.16666666666666657,0.16666666666666657,0.16666666666666657,0.16666666666666657,0.16666666666666657
108,108.0,108.81630497870096,0.16666666666666657,0.16666666666666657,0.16666666666666657,0.16666666666666657,0.16666666666666657,0.16666666666666657
109,109.0,109.82016792189053,0.16666666666666657,0.16666666666666657,0.16666666666666657,0.16666666666666657,0.16666666666666657,0.16666666666666657
110,110.0,110.82244289154224,0.16666666666666657,0.16666666666666657,0.16666666666666657,0.16666666666666657,0.16666666666666657,0.16666666666666657
111,111.0,111.82326593531337,0.16666666666666657,0.16666666666666657,0.16666666666666657,0.16666666666666657,0.16666666666666657,0.16666666666666657
112,112.0,112.82277401535426,0.16666666666666657,0.16666666666666657,0.16666666666666657,0.16666666666666657,0.16666666666666657,0.16666666666666657
113,113.0,113.8211035472375,0.16666666666666657,0.16666666666666657,0.16666666666666657,0.16666666666666657,0.16666666666666657,0.16666666666666657
114,114.0,114.81838909046006,0.16666666666666657,0.16666666666666657,0.16666666666666657,0.16666666666666657,0.16666666666666657,0.16666666666666657
115,115.0,115.81476218845575,0.16666666666666657,0.16666666666666657,0.16666666666666657,0.16666666666666657,0.16666666666666657,0.16666666666666657
116,116.0,116.81035035476732,0.16666666666666657,0.16666666666666657,0.16666666666666657,0.16666666666666657,0.16666666666666657,0.16666666666666657
117,117.0,117.80527620090005,0.16666666666666657,0.16666666666666657,0.16666666666666657,0.16666666666666657,0.16666666666666657,0.16666666666666657
118,118.0,118.79965670041052,0.16666666666666657,0.16666666666666657,0.16666666666666657,0.16666666666666657,0.16666666666666657,0.16666666666666657
119,119.0,119.79360258296583,0.16666666666666657,0.16666666666666657,0.16666666666666657,0.16666666666666657,0.16666666666666657,0.16666666666666657
120,120.0,120.78721785143594,0.16666666666666657,0.16666666666666657,0.16666666666666657,0.16666666666666657,0.16666666666666657,0.16666666666666657
121,121.0,121.7805994145447,0.16666666666666657,0.16666666666666657,0.16666666666666657,0.16666666666666657,0.16666666666666657,0.16666666666666657
122,122.0,122.77383682719712,0.16666666666666657,0.16666666666666657,0.16666666666666657,0.16666666666666657,0.16666666666666657,0.16666666666666657
123,123.0,123.76701213031234,0.16666666666666657,0.16666666666666657,0.16666666666666657,0.16666666666666657,0.16666666666666657,0.16666666666666657
124,124.0,124.7601997818129,0.16666666666666657,0.16666666666666657,0.16666666666666657,0.16666666666666657,0.16666666666666657,0.16666666666666657
125,125.0,125.75346667034529,0.16666666666666657,0.16666666666666657,0.16666666666666657,0.16666666666666657,0.16666666666666657,0.16666666666666657
126,126.0,126.74687220332098,0.16666666666666657,0.16666666666666657,0.16666666666666657,0.16666666666666657,0.16666666666666657,0.16666666666666657
127,127.0,127.74046846096589,0.16666666666666657,0.16666666666666657,0.16666666666666657,0.16666666666666657,0.16666666666666657,0.16666666666666657
128,128.0,128.73430040823666,0.16666666666666657,0.16666666666666657,0.16666666666666657,0.16666666666666657,0.16666666666666657,0.16666666666666657
129,129.0,129.728406156698,0.16666666666666657,0.16666666666666657,0.16666666666666657,0.16666666666666657,0.16666666666666657,0.16666666666666657
130,130.0,130.72281726874618,0.16666666666666657,0.16666666666666657,0.16666666666666657,0.16666666666666657,0.16666666666666657,0.16666666666666657
131,131.0,131.7175590969021,0.16666666666666657,0.16666666666666657,0.16666666666666657,0.16666666666666657,0.16666666666666657,0.16666666666666657
132,132.0,132.71265115127343,0.16666666666666657,0.16666666666666657,0.16666666666666657,0.16666666666666657,0.16666666666666657,0.16666666666666657
133,133.0,133.70810748869488,0.16666666666666657,0.16666666666666657,0.16666666666666657,0.16666666666666657,0.16666666666666657,0.16666666666666657
134,134.0,134.70393711748724,0.16666666666666657,0.16666666666666657,0.16666666666666657,0.16666666666666657,0.16666666666666657,0.16666666666666657
135,135.0,135.70014441222548,0.16666666666666657,0.16666666666666657,0.16666666666666657,0.16666666666666657,0.16666666666666657,0.16666666666666657
136,136.0,136.70672953336765,0.16666666666666657,0.16666666666666657,0.16666666666666657,0.16666666666666657,0.16666666666666657,0.16666666666666657
137,137.0,137.71358884706194,0.16666666666666657,0.16666666666666657,0.16666666666666657,0.16666666666666657,0.16666666666666657,0.16666666666666657
138,138.0,138.7206263409162,0.16666666666666657,0.16666666666666657,0.16666666666666657,0.16666666666666657,0.16666666666666657,0.16666666666666657
139,139.0,139.72775382197582,0.16666666666666657,0.16666666666666657,0.16666666666666657,0.16666666666666657,0.16666666666666657,0.16666666666666657
140,140.0,140.73489101670975,0.16666666666666657,0.16666666666666657,0.16666666666666657,0.16666666666666657,0.16666666666666657,0.16666666666666657
141,141.0,141.74196558180319,0.16666666666666657,0.16666666666666657,0.16666666666666657,0.16666666666666657,0.16666666666666657,0.16666666666666657
142,142.0,142.74891303456923,0.16666666666666657,0.16666666666666657,0.16666666666666657,0.16666666666666657,0.16666666666666657,0.16666666666666657
143,143.0,143.765676611713,0.16666666666666657,0.16666666666666657,0.16666666666666657,0.16666666666666657,0.16666666666666657,0.16666666666666657
144,144.0,144.78210706502526,0.16666666666666657,0.16666666666666657,0.16666666666666657,0.16666666666666657,0.16666666666666657,0.16666666666666657
145,145.0,145.79807340235604,0.16666666666666657,0.16666666666666657,0.16666666666666657,0.16666666666666657,0.16666666666666657,0.16666666666666657
146,146.0,146.81346237193017,0.16666666666666657,0.16666666666666657,0.16666666666666657,0.16666666666666657,0.16666666666666657,0.16666666666666657
147,147.0,147.8281778208276,0.16666666666666657,0.16666666666666657,0.16666666666666657,0.16666666666666657,0.16666666666666657,0.16666666666666657
148,148.0,148.84213994662701,0.16666666666666657,0.16666666666666657,0.16666666666666657,0.16666666666666657,0.16666666666666657,0.16666666666666657
149,149.0,149.85528446038023,0.16666666666666657,0.16666666666666657,0.16666666666666657,0.16666666666666657,0.16666666666666657,0.16666666666666657
150,150.0,150.86756167815432,0.16666666666666657,0.16666666666666657,0.16666666666666657,0.16666666666666657,0.16666666666666657,0.16666666666666657
151,151.0,151.87893555736943,0.16666666666666657,0.16666666666666657,0.16666666666666657,0.16666666666666657,0.16666666666666657,0.16666666666666657
152,152.0,152.88938269308932,0.16666666666666657,0.16666666666666657,0.16666666666666657,0.16666666666666657,0.16666666666666657,0.16666666666666657
153,153.0,153.89889128830634,0.16666666666666657,0.16666666666666657,0.16666666666666657,0.16666666666666657,0.16666666666666657,0.16666666666666657
154,154.0,154.9074601111186,0.16666666666666657,0.16666666666666657,0.16666666666666657,0.16666666666666657,0.16666666666666657,0.16666666666666657
155,155.0,155.91509745053847,0.16666666666666657,0.16666666666666657,0.16666666666666657,0.16666666666666657,0.16666666666666657,0.16666666666666657
156,156.0,156.92182008151096,0.16666666666666657,0.16666666666666657,0.16666666666666657,0.16666666666666657,0.16666666666666657,0.16666666666666657
157,157.0,157.9276522485711,0.16666666666666657,0.16666666666666657,0.16666666666666657,0.16666666666666657,0.16666666666666657,0.16666666666666657
158,158.0,158.9326246764395,0.16666666666666657,0.16666666666666657,0.16666666666666657,0.16666666666666657,0.16666666666666657,0.16666666666666657
159,159.0,159.93677361475667,0.16666666666666657,0.16666666666666657,0.16666666666666657,0.16666666666666657,0.16666666666666657,0.16666666666666657
160,160.0,160.94013992309456,0.16666666666666657,0.16666666666666657,0.16666666666666657,0.16666666666666657,0.16666666666666657,0.16666666666666657
161,161.0,161.9427682013677,0.16666666666666657,0.16666666666666657,0.16666666666666657,0.16666666666666657,0.16666666666666657,0.16666666666666657
162,162.0,162.94470596979986,0.16666666666666657,0.16666666666666657,0.16666666666666657,0.16666666666666657,0.16666666666666657,0.16666666666666657
163,163.0,163.9460029016908,0.16666666666666657,0.16666666666666657,0.16666666666666657,0.16666666666666657,0.16666666666666657,0.16666666666666657
164,164.0,164.94671011137575,0.16666666666666657,0.16666666666666657,0.16666666666666657,0.16666666666666657,0.16666666666666657,0.16666666666666657
165,165.0,165.94687949897843,0.16666666666666657,0.16666666666666657,0.16666666666666657,0.16666666666666657,0.16666666666666657,0.16666666666666657
166,166.0,166.9465631528311,0.16666666666666657,0.16666666666666657,0.16666666666666657,0.16666666666666657,0.16666666666666657,0.16666666666666657
167,167.0,167.94581280977013,0.16666666666666657,0.16666666666666657,0.16666666666666657,0.16666666666666657,0.16666666666666657,0.16666666666666657
168,168.0,168.95467937291758,0.16666666666666657,0.16666666666666657,0.16666666666666657,0.16666666666666657,0.16666666666666657,0.16666666666666657
169,169.0,169.96311248602112,0.16666666666666657,0.16666666666666657,0.16666666666666657,0.16666666666666657,0.16666666666666657,0.16666666666666657
170,170.0,170.97107116295408,0.16666666666666657,0.16666666666666657,0.16666666666666657,0.16666666666666657,0.16666666666666657,0.16666666666666657
171,171.0,171.9785232605642,0.16666666666666657,0.16666666666666657,0.16666666666666657,0.16666666666666657,0.16666666666666657,0.16666666666666657
172,172.0,172.9854449158077,0.16666666666666657,0.16666666666666657,0.16666666666666657,0.16666666666666657,0.16666666666666657,0.16666666666666657
173,173.0,174.00181995636873,0.16666666666666657,0.16666666666666657,0.16666666666666657,0.16666666666666657,0.16666666666666657,0.16666666666666657
174,174.0,175.01753929331,0.16666666666666657,0.16666666666666657,0.16666666666666657,0.16666666666666657,0.16666666666666657,0.16666666666666657
175,175.0,176.032511303624,0.16666666666666657,0.16666666666666657,0.16666666666666657,0.16666666666666657,0.16666666666666657,0.16666666666666657
176,176.0,177.0466609998704,0.16666666666666657,0.16666666666666657,0.16666666666666657,0.16666666666666657,0.16666666666666657,0.16666666666666657
177,177.0,178.05992911649344,0.16666666666666657,0.16666666666666657,0.16666666666666657,0.16666666666666657,0.16666666666666657,0.16666666666666657
178,178.0,179.07227113028924,0.16666666666666657,0.16666666666666657,0.16666666666666657,0.16666666666666657,0.16666666666666657,0.16666666666666657
179,179.0,180.08365623140259,0.16666666666666657,0.16666666666666657,0.16666666666666657,0.16666666666666657,0.16666666666666657,0.16666666666666657
180,180.0,181.09406626009059,0.16666666666666657,0.16666666666666657,0.16666666666666657,0.16666666666666657,0.16666666666666657,0.16666666666666657
181,181.0,182.10349462330888,0.16666666666666657,0.16666666666666657,0.16666666666666657,0.16666666666666657,0.16666666666666657,0.16666666666666657
182,182.0,183.11194520397223,0.16666666666666657,0.16666666666666657,0.16666666666666657,0.16666666666666657,0.16666666666666657,0.16666666666666657
183,183.0,184.11943127452952,0.16666666666666657,0.16666666666666657,0.16666666666666657,0.16666666666666657,0.16666666666666657,0.16666666666666657
184,184.0,185.1259744252858,0.16666666666666657,0.16666666666666657,0.16666666666666657,0.16666666666666657,0.16666666666666657,0.16666666666666657
185,185.0,186.1316035167136,0.16666666666666657,0.16666666666666657,0.16666666666666657,0.16666666666666657,0.16666666666666657,0.16666666666666657
186,186.0,187.13635366383147,0.16666666666666657,0.16666666666666657,0.16666666666666657,0.16666666666666657,0.16666666666666657,0.16666666666666657
187,187.0,188.14026525959926,0.16666666666666657,0.16666666666666657,0.16666666666666657,0.16666666666666657,0.16666666666666657,0.16666666666666657
188,188.0,189.14338304319426,0.16666666666666657,0.16666666666666657,0.16666666666666657,0.16666666666666657,0.16666666666666657,0.16666666666666657
189,189.0,190.14575521799782,0.16666666666666657,0.16666666666666657,0.16666666666666657,0.16666666666666657,0.16666666666666657,0.16666666666666657
190,190.0,191.14743262314101,0.16666666666666657,0.16666666666666657,0.16666666666666657,0.16666666666666657,0.16666666666666657,0.16666666666666657
191,191.0,192.1484679615385,0.16666666666666657,0.16666666666666657,0.16666666666666657,0.16666666666666657,0.16666666666666657,0.16666666666666657
192,192.0,193.14891508648086,0.16666666666666657,0.16666666666666657,0.16666666666666657,0.16666666666666657,0.16666666666666657,0.16666666666666657
193,193.0,194.14882834806417,0.16666666666666657,0.16666666666666657,0.16666666666666657,0.16666666666666657,0.16666666666666657,0.16666666666666657
194,194.0,195.15826200000853,0.16666666666666657,0.16666666666666657,0.16666666666666657,0.16666666666666657,0.16666666666666657,0.16666666666666657
195,195.0,196.16716966675835,0.16666666666666657,0.16666666666666657,0.16666666666666657,0.16666666666666657,0.16666666666666657,0.16666666666666657
196,196.0,197.1755148701656,0.16666666666666657,0.16666666666666657,0.16666666666666657,0.16666666666666657,0.16666666666666657,0.16666666666666657
197,197.0,198.1932704045305,0.16632814611660776,0.16707588874686805,0.16602351023020545,0.16599767057912668,0.1670364245524932,0.16753835977469828
198,198.0,199.21031768141358,0.1653446245536982,0.16614563222330986,0.16435943957308446,0.165318101509641,0.16788573888486225,0.17094646325540366
199,199.0,200.2265570537942,0.16267938028094683,0.16269830298119492,0.1604065681561639,0.16349153752419227,0.1699556570781658,0.18076855397933578
200,200.0,201.24190691839885,0.15935222141780017,0.15823577783046688,0.15594202167273946,0.1608461734874014,0.17604946785936149,0.18957433773223012
201,201.0,202.256302727359,0.15609275568120923,0.15385345574330134,0.15157586407964602,0.1582540836577885,0.1820541362879256,0.19816970455012886
202,202.0,203.26969592814962,0.15292680841588435,0.14958713963421366,0.14734191806378144,0.1557358615129319,0.18791852991483568,0.20648974245835258
203,203.0,204.28205284957966,0.1498766872473522,0.14546789206648697,0.14326930192758147,0.1533093025058045,0.193598032283988,0.21447878396878656
204,204.0,205.29335355037088,0.1469613107776188,0.14152219866166238,0.13938260884444165,0.15098950591270466,0.19905433749746684,0.2220900383061054
205,205.0,206.30359064557928,0.1441963583015016,0.137772160937498,0.13570211343988733,0.14878899345816066,0.20425520221870477,0.22928517164424744
206,206.0,207.31276812481104,0.1415944369444002,0.1342357137031694,0.13224400090010555,0.1467178418528623,0.2091741618497135,0.23603384474974892
207,207.0,208.32090017487155,0.13916526280798397,0.13092686238203627,0.12902061406401685,0.14478382652793806,0.21379021730320583,0.2423132169148189
208,208.0,209.32801001817728,0.1369158529115486,0.12785593589599042,0.12604071422961283,0.14299257400859972,0.2180874984423985,0.24810742451184986
209,209.0,210.33412877697066,0.13485072493006034,0.12502985102638361,0.12330975169506903,0.14134772053948208,0.22205490988732957,0.25340704192167535
210,210.0,211.34929437211497,0.13297210195183937,0.12245238446026797,0.12083014235574488,0.1398510747502543,0.22568576449297587,0.2582085319889177
211,211.0,212.3634504640237,0.13128011970634115,0.12012444903295556,0.11860154698551166,0.1385027823308196,0.2289774093972094,0.2625136925471627
212,212.0,213.37655644210133,0.1297730339427484,0.11804437098483916,0.1166211501411626,0.13730149086839308,0.2319308491211291,0.26632910494172773
213,213.0,214.38858625795018,0.1284474258705065,0.11620816535848034,0.1148839359385528,0.13624451318189812,0.23455036978552718,0.26966558986503514
214,214.0,215.39952722963463,0.12729840380120278,0.11460980696796694,0.1133829582555344,0.13532798767060655,0.2368431680897118,0.27253767521497757
215,215.0,216.40937883185433,0.12631979935523646,0.11324149467361955,0.11210960321697847,0.13454703437211096,0.23881898828666245,0.2749630800953921
216,216.0,217.41815148553349,0.1255043568147335,0.11209390698876504,0.1110538421088243,0.1338959055981167,0.24048976998513305,0.2769622185044274
217,217.0,218.42586535898943,0.12484391441455253,0.11115644732930266,0.11020447314911327,0.13336813018391358,0.24186930921798688,0.2785577257051311
218,218.0,219.43254919150985,0.12432957656466322,0.11041747748928782,0.10954935081259817,0.1329566505476645,0.2429729348394571,0.2797740097463292
219,219.0,220.43823914886312,0.12395187618853526,0.10986453818517593,0.10907560166032457,0.13265395190793658,0.24381720195446735,0.2806368301035604
220,220.0,221.44297771899244,0.12370092654255381,0.10948455575641779,0.10876982586539104,0.13245218315147494,0.24441960374251354,0.2811729049416489
221,221.0,222.44681265491892,0.12356656205016403,0.10926403433976561,0.10861828385001292,0.1323432689775176,0.24479830271841158,0.2814095480641283
222,222.0,223.44979597070355,0.12353846784093064,0.10918923304817534,0.10860706765638843,0.1323190130695537,0.24497188217361734,0.2813743362113346
223,223.0,224.45198299520268,0.12360629782863036,0.10924632788205668,0.10872225686427847,0.13237119216006354,0.24495911826564798,0.2810948069993231
224,224.0,225.45343148729987,0.12375978129369286,0.10942155828052365,0.10895005904145269,0.13249164095829463,0.2447787729699007,0.28059818745613563
225,225.0,226.45420081531432,0.12398881805373124,0.10970135838313302,0.10927693486921092,0.13267232800549256,0.24444940787811076,0.27991115281032164
226,226.0,227.4543512023742,0.12428356241164754,0.11007247321844446,0.10968970822421717,0.13290542260628863,0.24398921862080036,0.27905961491860204
227,227.0,228.45394303870435,0.12463449616407479,0.11052206016483465,0.1101756616201966,0.13318335305931506,0.2434158895070946,0.27806853948448446
228,228.0,229.45303626101446,0.12503249103403763,0.11103777614173181,0.11072261751909207,0.1334988564748186,0.24274646781377013,0.27696179101654994
229,229.0,230.45168979848341,0.12546886096108287,0.11160785108631625,0.11131900611162303,0.13384502052239647,0.241997257015722,0.2757620043028595
230,230.0,231.4499610842206,0.1259354047402318,0.11222114835237344,0.11195392024250063,0.13421531749836546,0.24118372813140312,0.2744904810351257
231,231.0,232.4479056305419,0.1264244395484826,0.1128672127350955,0.11261715821658143,0.13460363114012677,0.24032044825828372,0.27316711010143013
232,232.0,233.44557666592564,0.12692882593484253,0.11353630687898875,0.11329925526980429,0.13500427664468356,0.23942102529397505,0.27181030997770594
233,233.0,234.44302483111176,0.1274419848776371,0.1142194368664971,0.1139915045237228,0.1354120143707107,0.23849806777723911,0.2704369915841932
234,234.0,235.44029793146814,0.12795790753179492,0.114908367813384,0.11468596826572817,0.13582205771880093,0.23756315873848602,0.269062539931806
235,235.0,236.43744074247417,0.12847115829963807,0.11559563031424268,0.1153754804095917,0.13623007569326698,0.23662684242030502,0.2677008128629556
236,236.0,237.43449486495487,0.1289768718621196,0.11627451858866741,0.11605364099368892,0.13663219065172663,0.23569862271382067,0.2663641551899768
237,237.0,238.43149862653797,0.12947074480415083,0.11693908117655734,0.11671480356815549,0.13702497174619593,0.2347869721549282,0.26506342655001225
238,238.0,239.4284870256974,0.1299490224583565,0.11758410502068702,0.1173540563082098,0.13740542455212923,0.2338993503344573,0.26380804132616015
239,239.0,240.4254917146839,0.13040848157697707,0.11820509375699119,0.11796719766989255,0.1377709773703208,0.23304223059677054,0.26260601902904784
240,240.0,241.4225410176249,0.1308464094223849,0.11879824100888937,0.11855070737742406,0.13811946467136285,0.23222113393096638,0.2614640435889724
241,241.0,242.41965998009556,0.13126057984344713,0.11936039945230317,0.11910171349914414,0.13844910813395994,0.23144066899651464,0.26038753007463095
242,242.0,243.4168704465182,0.13164922687838773,0.1198890463836469,0.11961795633241674,0.13875849570733062,0.2307045772696245,0.25938069742859343
243,243.0,244.4141911618334,0.13201101639546947,0.12038224648481413,0.12009774977775388,0.1390465591046638,0.23001578234680878,0.2584466458904899
244,244.0,245.41163789399874,0.1323450162513074,0.12083861243781083,0.12053994083949571,0.1393125501095899,0.22937644249688816,0.2575874378649079
245,245.0,246.40922357400757,0.13265066541346754,0.12125726399792408,0.12094386784538437,0.13955601605130036,0.22878800561107235,0.25680418108085123
246,246.0,247.40695845027545,0.13292774245969605,0.1216377860888411,0.12130931793094628,0.13977677477669964,0.22825126576180904,0.2560971129820078
247,247.0,248.40485025441376,0.1331763338311238,0.12198018643657234,0.1216364842873585,0.13997488942016487,0.2277664206439356,0.2554656853808448
248,248.0,249.4029043755941,0.1333968021815166,0.12228485321195906,0.12192592362397188,0.1401506432434548,0.22733312923549176,0.2549086485036058
249,249.0,250.40112404090044,0.13358975512947402,0.12255251310448186,0.12217851424940016,0.14030451479035408,0.22695056907961902,0.2544241336466707
250,250.0,251.3995104992672,0.13375601468576,0.1227841902035019,0.12239541512850756,0.14043715357303274,0.226617492652619,0.25400973375657865
251,251.0,252.39806320680458,0.13389658759397888,0.12298116601737924,0.12257802622713512,0.1405493564800861,0.2263322823458744,0.2536625813355461
252,252.0,253.39678001152018,0.13401263678985512,0.12314494091648939,0.12272795041234454,0.14064204507000613,0.22609300365042717,0.25337942316087747
253,253.0,254.39565733564902,0.13410545415266426,0.12327719724331797,0.12284695713362552,0.14071624388860698,0.22589745619210203,0.2531566913896831
254,254.0,255.39469035400847,0.13417643469208487,0.12337976429182483,0.1229369480701581,0.14077305992483455,0.22574322232177,0.25299057069932746
255,255.0,256.3938731669919,0.13422705228506165,0.1234545853193571,0.12299992489105183,0.1408136632965639,0.22562771301933507,0.25287706118863024
256,256.0,257.39319896700704,0.13425883705030922,0.12350368671773691,0.12303795923966163,0.14083926923652754,0.22554821092103192,0.2528120368347326
257,257.0,258.3926601973506,0.134273354422948,0.12352914943589571,0.12305316501972978,0.14085112142850242,0.22550191032743042,0.2527912993654935
258,258.0,259.3922487026863,0.13427218596851245,0.123533082714674,0.12304767303030978,0.14085047672536768,0.22548595409399638,0.2528106274671395
259,259.0,260.3919558704616,0.13425691195425443,0.12351760016522206,0.12302360796824464,0.14083859126366563,0.22549746734704743,0.2528658213015657
260,260.0,261.39177276275467,0.1342290956762987,0.12348479819585743,0.12298306779141954,0.14081670797386997,0.22553358800540452,0.25295274235714976
261,261.0,262.39169023819096,0.13419026952379462,0.12343673676826501,0.12292810541307872,0.14078604547168808,0.22559149412195348,0.25306734870122005
262,262.0,263.3916990637017,0.13414192274572206,0.12337542244254353,0.12286071267715715,0.14074778830338033,0.22566842808970963,0.2532057257414872
263,263.0,264.3917900160244,0.1340854908724186,0.12330279365176308,0.12278280654677212,0.14070307850724245,0.2257617177838747,0.2533641126379289
264,264.0,265.3919539729545,0.13402234673214036,0.12322070813033738,0.12269621742267385,0.14065300844401882,0.22586879473486612,0.25353892453596333
265,265.0,266.39218199446213,0.13395379299298762,0.12313093240654521,0.12260267949547463,0.14059861484105024,0.2259872094474914,0.2537267708164508
266,266.0,267.3924653938744,0.13388105615223933,0.12303513325786115,0.12250382302475654,0.1405408739883409,0.22611464399846085,0.25392446957834114
267,267.0,268.40279579940665,0.13380528188846255,0.12293487101826121,0.12240116842957866,0.14048069801939192,0.2262489220584304,0.25412905858587514
268,268.0,269.4130652063916,0.13372753168659787,0.12283159461923299,0.12229612206833873,0.14041893220551682,0.2263880164959003,0.25433780292441316
269,269.0,270.42317702061416,0.13364878064247274,0.12272663824070959,0.12218997358125537,0.14035635318934694,0.22653005472874582,0.2545481996174694
270,270.0,271.4330458832083,0.13356991635075446,0.12262121944442576,0.12208389466578376,0.14029366808127344,0.22667332199510096,0.25475797946266143
