Total_iterations,Unnamed: 0.1,Intertwine_two,Invert_path_vertices,Insert_inside_vertex,Delete_inside_vertex,MSC_add_terminal,MSC_del_terminal
0,0.0,0.1666666666666665,0.1666666666666665,0.1666666666666665,0.1666666666666665,0.1666666666666665,0.1666666666666665
1,1.0,0.1666666666666665,0.1666666666666665,0.1666666666666665,0.1666666666666665,0.1666666666666665,0.1666666666666665
2,2.0,0.1666666666666665,0.1666666666666665,0.1666666666666665,0.1666666666666665,0.1666666666666665,0.1666666666666665
3,3.0,0.1666666666666665,0.1666666666666665,0.1666666666666665,0.1666666666666665,0.1666666666666665,0.1666666666666665
4,4.0,0.1666666666666665,0.1666666666666665,0.1666666666666665,0.1666666666666665,0.1666666666666665,0.1666666666666665
5,5.0,0.1666666666666665,0.1666666666666665,0.1666666666666665,0.1666666666666665,0.1666666666666665,0.1666666666666665
6,6.0,0.1666666666666665,0.1666666666666665,0.1666666666666665,0.1666666666666665,0.1666666666666665,0.1666666666666665
7,7.0,0.1666666666666665,0.1666666666666665,0.1666666666666665,0.1666666666666665,0.1666666666666665,0.1666666666666665
8,8.0,0.1666666666666665,0.1666666666666665,0.1666666666666665,0.1666666666666665,0.1666666666666665,0.1666666666666665
9,9.0,0.1666666666666665,0.1666666666666665,0.1666666666666665,0.1666666666666665,0.1666666666666665,0.1666666666666665
10,10.0,0.1666666666666665,0.1666666666666665,0.1666666666666665,0.1666666666666665,0.1666666666666665,0.1666666666666665
11,11.0,0.1666666666666665,0.1666666666666665,0.1666666666666665,0.1666666666666665,0.1666666666666665,0.1666666666666665
12,12.0,0.1666666666666665,0.1666666666666665,0.1666666666666665,0.1666666666666665,0.1666666666666665,0.1666666666666665
13,13.0,0.1666666666666665,0.1666666666666665,0.1666666666666665,0.1666666666666665,0.1666666666666665,0.1666666666666665
14,14.0,0.1666666666666665,0.1666666666666665,0.1666666666666665,0.1666666666666665,0.1666666666666665,0.1666666666666665
15,15.0,0.1666666666666665,0.1666666666666665,0.1666666666666665,0.1666666666666665,0.1666666666666665,0.1666666666666665
16,16.0,0.1666666666666665,0.1666666666666665,0.1666666666666665,0.1666666666666665,0.1666666666666665,0.1666666666666665
17,17.0,0.1666666666666665,0.1666666666666665,0.1666666666666665,0.1666666666666665,0.1666666666666665,0.1666666666666665
18,18.0,0.1666666666666665,0.1666666666666665,0.1666666666666665,0.1666666666666665,0.1666666666666665,0.1666666666666665
19,19.0,0.1666666666666665,0.1666666666666665,0.1666666666666665,0.1666666666666665,0.1666666666666665,0.1666666666666665
20,20.0,0.1666666666666665,0.1666666666666665,0.1666666666666665,0.1666666666666665,0.1666666666666665,0.1666666666666665
21,21.0,0.1666666666666665,0.1666666666666665,0.1666666666666665,0.1666666666666665,0.1666666666666665,0.1666666666666665
22,22.0,0.1666666666666665,0.1666666666666665,0.1666666666666665,0.1666666666666665,0.1666666666666665,0.1666666666666665
23,23.0,0.1666666666666665,0.1666666666666665,0.1666666666666665,0.1666666666666665,0.1666666666666665,0.1666666666666665
24,24.0,0.1666666666666665,0.1666666666666665,0.1666666666666665,0.1666666666666665,0.1666666666666665,0.1666666666666665
25,25.0,0.1666666666666665,0.1666666666666665,0.1666666666666665,0.1666666666666665,0.1666666666666665,0.1666666666666665
26,26.0,0.1666666666666665,0.1666666666666665,0.1666666666666665,0.1666666666666665,0.1666666666666665,0.1666666666666665
27,27.0,0.1666666666666665,0.1666666666666665,0.1666666666666665,0.1666666666666665,0.1666666666666665,0.1666666666666665
28,28.0,0.1666666666666665,0.1666666666666665,0.1666666666666665,0.1666666666666665,0.1666666666666665,0.1666666666666665
29,29.0,0.1666666666666665,0.1666666666666665,0.1666666666666665,0.1666666666666665,0.1666666666666665,0.1666666666666665
30,30.0,0.1666666666666665,0.1666666666666665,0.1666666666666665,0.1666666666666665,0.1666666666666665,0.1666666666666665
31,31.0,0.1666666666666665,0.1666666666666665,0.1666666666666665,0.1666666666666665,0.1666666666666665,0.1666666666666665
32,32.0,0.1666666666666665,0.1666666666666665,0.1666666666666665,0.1666666666666665,0.1666666666666665,0.1666666666666665
33,33.0,0.1666666666666665,0.1666666666666665,0.1666666666666665,0.1666666666666665,0.1666666666666665,0.1666666666666665
34,34.0,0.1666666666666665,0.1666666666666665,0.1666666666666665,0.1666666666666665,0.1666666666666665,0.1666666666666665
35,35.0,0.1666666666666665,0.1666666666666665,0.1666666666666665,0.1666666666666665,0.1666666666666665,0.1666666666666665
36,36.0,0.1666666666666665,0.1666666666666665,0.1666666666666665,0.1666666666666665,0.1666666666666665,0.1666666666666665
37,37.0,0.1666666666666665,0.1666666666666665,0.1666666666666665,0.1666666666666665,0.1666666666666665,0.1666666666666665
38,38.0,0.1666666666666665,0.1666666666666665,0.1666666666666665,0.1666666666666665,0.1666666666666665,0.1666666666666665
39,39.0,0.1666666666666665,0.1666666666666665,0.1666666666666665,0.1666666666666665,0.1666666666666665,0.1666666666666665
40,40.0,0.1666666666666665,0.1666666666666665,0.1666666666666665,0.1666666666666665,0.1666666666666665,0.1666666666666665
41,41.0,0.1666666666666665,0.1666666666666665,0.1666666666666665,0.1666666666666665,0.1666666666666665,0.1666666666666665
42,42.0,0.1666666666666665,0.1666666666666665,0.1666666666666665,0.1666666666666665,0.1666666666666665,0.1666666666666665
43,43.0,0.1666666666666665,0.1666666666666665,0.1666666666666665,0.1666666666666665,0.1666666666666665,0.1666666666666665
44,44.0,0.1666666666666665,0.1666666666666665,0.1666666666666665,0.1666666666666665,0.1666666666666665,0.1666666666666665
45,45.0,0.1666666666666665,0.1666666666666665,0.1666666666666665,0.1666666666666665,0.1666666666666665,0.1666666666666665
46,46.0,0.1666666666666665,0.1666666666666665,0.1666666666666665,0.1666666666666665,0.1666666666666665,0.1666666666666665
47,47.0,0.1666666666666665,0.1666666666666665,0.1666666666666665,0.1666666666666665,0.1666666666666665,0.1666666666666665
48,48.0,0.1666666666666665,0.1666666666666665,0.1666666666666665,0.1666666666666665,0.1666666666666665,0.1666666666666665
49,49.0,0.1666666666666665,0.1666666666666665,0.1666666666666665,0.1666666666666665,0.1666666666666665,0.1666666666666665
50,50.0,0.1666666666666665,0.1666666666666665,0.1666666666666665,0.1666666666666665,0.1666666666666665,0.1666666666666665
51,51.0,0.1666666666666665,0.1666666666666665,0.1666666666666665,0.1666666666666665,0.1666666666666665,0.1666666666666665
52,52.0,0.1666666666666665,0.1666666666666665,0.1666666666666665,0.1666666666666665,0.1666666666666665,0.1666666666666665
53,53.0,0.1666666666666665,0.1666666666666665,0.1666666666666665,0.1666666666666665,0.1666666666666665,0.1666666666666665
54,54.0,0.1666666666666665,0.1666666666666665,0.1666666666666665,0.1666666666666665,0.1666666666666665,0.1666666666666665
55,55.0,0.1666666666666665,0.1666666666666665,0.1666666666666665,0.1666666666666665,0.1666666666666665,0.1666666666666665
56,56.0,0.1666666666666665,0.1666666666666665,0.1666666666666665,0.1666666666666665,0.1666666666666665,0.1666666666666665
57,57.0,0.1666666666666665,0.1666666666666665,0.1666666666666665,0.1666666666666665,0.1666666666666665,0.1666666666666665
58,58.0,0.1666666666666665,0.1666666666666665,0.1666666666666665,0.1666666666666665,0.1666666666666665,0.1666666666666665
59,59.0,0.1666666666666665,0.1666666666666665,0.1666666666666665,0.1666666666666665,0.1666666666666665,0.1666666666666665
60,60.0,0.1666666666666665,0.1666666666666665,0.1666666666666665,0.1666666666666665,0.1666666666666665,0.1666666666666665
61,61.0,0.1666666666666665,0.1666666666666665,0.1666666666666665,0.1666666666666665,0.1666666666666665,0.1666666666666665
62,62.0,0.1666666666666665,0.1666666666666665,0.1666666666666665,0.1666666666666665,0.1666666666666665,0.1666666666666665
63,63.0,0.1666666666666665,0.1666666666666665,0.1666666666666665,0.1666666666666665,0.1666666666666665,0.1666666666666665
64,64.0,0.1666666666666665,0.1666666666666665,0.1666666666666665,0.1666666666666665,0.1666666666666665,0.1666666666666665
65,65.0,0.1666666666666665,0.1666666666666665,0.1666666666666665,0.1666666666666665,0.1666666666666665,0.1666666666666665
66,66.0,0.1666666666666665,0.1666666666666665,0.1666666666666665,0.1666666666666665,0.1666666666666665,0.1666666666666665
67,67.0,0.1666666666666665,0.1666666666666665,0.1666666666666665,0.1666666666666665,0.1666666666666665,0.1666666666666665
68,68.0,0.1666666666666665,0.1666666666666665,0.1666666666666665,0.1666666666666665,0.1666666666666665,0.1666666666666665
69,69.0,0.1666666666666665,0.1666666666666665,0.1666666666666665,0.1666666666666665,0.1666666666666665,0.1666666666666665
70,70.0,0.1666666666666665,0.1666666666666665,0.1666666666666665,0.1666666666666665,0.1666666666666665,0.1666666666666665
71,71.0,0.1666666666666665,0.1666666666666665,0.1666666666666665,0.1666666666666665,0.1666666666666665,0.1666666666666665
72,72.0,0.1666666666666665,0.1666666666666665,0.1666666666666665,0.1666666666666665,0.1666666666666665,0.1666666666666665
73,73.0,0.1666666666666665,0.1666666666666665,0.1666666666666665,0.1666666666666665,0.1666666666666665,0.1666666666666665
74,74.0,0.1666666666666665,0.1666666666666665,0.1666666666666665,0.1666666666666665,0.1666666666666665,0.1666666666666665
75,75.0,0.1666666666666665,0.1666666666666665,0.1666666666666665,0.1666666666666665,0.1666666666666665,0.1666666666666665
76,76.0,0.1666666666666665,0.1666666666666665,0.1666666666666665,0.1666666666666665,0.1666666666666665,0.1666666666666665
77,77.0,0.1666666666666665,0.1666666666666665,0.1666666666666665,0.1666666666666665,0.1666666666666665,0.1666666666666665
78,78.0,0.1666666666666665,0.1666666666666665,0.1666666666666665,0.1666666666666665,0.1666666666666665,0.1666666666666665
79,79.0,0.1666666666666665,0.1666666666666665,0.1666666666666665,0.1666666666666665,0.1666666666666665,0.1666666666666665
80,80.0,0.1666666666666665,0.1666666666666665,0.1666666666666665,0.1666666666666665,0.1666666666666665,0.1666666666666665
81,81.0,0.1666666666666665,0.1666666666666665,0.1666666666666665,0.1666666666666665,0.1666666666666665,0.1666666666666665
82,82.0,0.1666666666666665,0.1666666666666665,0.1666666666666665,0.1666666666666665,0.1666666666666665,0.1666666666666665
83,83.0,0.1666666666666665,0.1666666666666665,0.1666666666666665,0.1666666666666665,0.1666666666666665,0.1666666666666665
84,84.0,0.1666666666666665,0.1666666666666665,0.1666666666666665,0.1666666666666665,0.1666666666666665,0.1666666666666665
85,85.0,0.1666666666666665,0.1666666666666665,0.1666666666666665,0.1666666666666665,0.1666666666666665,0.1666666666666665
86,86.0,0.1666666666666665,0.1666666666666665,0.1666666666666665,0.1666666666666665,0.1666666666666665,0.1666666666666665
87,87.0,0.1666666666666665,0.1666666666666665,0.1666666666666665,0.1666666666666665,0.1666666666666665,0.1666666666666665
88,88.0,0.1666666666666665,0.1666666666666665,0.1666666666666665,0.1666666666666665,0.1666666666666665,0.1666666666666665
89,89.0,0.1666666666666665,0.1666666666666665,0.1666666666666665,0.1666666666666665,0.1666666666666665,0.1666666666666665
90,90.0,0.1666666666666665,0.1666666666666665,0.1666666666666665,0.1666666666666665,0.1666666666666665,0.1666666666666665
91,91.0,0.1666666666666665,0.1666666666666665,0.1666666666666665,0.1666666666666665,0.1666666666666665,0.1666666666666665
92,92.0,0.1666666666666665,0.1666666666666665,0.1666666666666665,0.1666666666666665,0.1666666666666665,0.1666666666666665
93,93.0,0.1666666666666665,0.1666666666666665,0.1666666666666665,0.1666666666666665,0.1666666666666665,0.1666666666666665
94,94.0,0.1666666666666665,0.1666666666666665,0.1666666666666665,0.1666666666666665,0.1666666666666665,0.1666666666666665
95,95.0,0.1666666666666665,0.1666666666666665,0.1666666666666665,0.1666666666666665,0.1666666666666665,0.1666666666666665
96,96.0,0.1666666666666665,0.1666666666666665,0.1666666666666665,0.1666666666666665,0.1666666666666665,0.1666666666666665
97,97.0,0.1666666666666665,0.1666666666666665,0.1666666666666665,0.1666666666666665,0.1666666666666665,0.1666666666666665
98,98.0,0.1666666666666665,0.1666666666666665,0.1666666666666665,0.1666666666666665,0.1666666666666665,0.1666666666666665
99,99.0,0.1666666666666665,0.1666666666666665,0.1666666666666665,0.1666666666666665,0.1666666666666665,0.1666666666666665
100,100.0,0.1666666666666665,0.1666666666666665,0.1666666666666665,0.1666666666666665,0.1666666666666665,0.1666666666666665
101,101.0,0.1666666666666665,0.1666666666666665,0.1666666666666665,0.1666666666666665,0.1666666666666665,0.1666666666666665
102,102.0,0.1666666666666665,0.1666666666666665,0.1666666666666665,0.1666666666666665,0.1666666666666665,0.1666666666666665
103,103.0,0.1666666666666665,0.1666666666666665,0.1666666666666665,0.1666666666666665,0.1666666666666665,0.1666666666666665
104,104.0,0.1666666666666665,0.1666666666666665,0.1666666666666665,0.1666666666666665,0.1666666666666665,0.1666666666666665
105,105.0,0.1666666666666665,0.1666666666666665,0.1666666666666665,0.1666666666666665,0.1666666666666665,0.1666666666666665
106,106.0,0.1666666666666665,0.1666666666666665,0.1666666666666665,0.1666666666666665,0.1666666666666665,0.1666666666666665
107,107.0,0.1666666666666665,0.1666666666666665,0.1666666666666665,0.1666666666666665,0.1666666666666665,0.1666666666666665
108,108.0,0.1666666666666665,0.1666666666666665,0.1666666666666665,0.1666666666666665,0.1666666666666665,0.1666666666666665
109,109.0,0.1666666666666665,0.1666666666666665,0.1666666666666665,0.1666666666666665,0.1666666666666665,0.1666666666666665
110,110.0,0.1666666666666665,0.1666666666666665,0.1666666666666665,0.1666666666666665,0.1666666666666665,0.1666666666666665
111,111.0,0.1666666666666665,0.1666666666666665,0.1666666666666665,0.1666666666666665,0.1666666666666665,0.1666666666666665
112,112.0,0.1666666666666665,0.1666666666666665,0.1666666666666665,0.1666666666666665,0.1666666666666665,0.1666666666666665
113,113.0,0.1666666666666665,0.1666666666666665,0.1666666666666665,0.1666666666666665,0.1666666666666665,0.1666666666666665
114,114.0,0.1666666666666665,0.1666666666666665,0.1666666666666665,0.1666666666666665,0.1666666666666665,0.1666666666666665
115,115.0,0.1666666666666665,0.1666666666666665,0.1666666666666665,0.1666666666666665,0.1666666666666665,0.1666666666666665
116,116.0,0.1666666666666665,0.1666666666666665,0.1666666666666665,0.1666666666666665,0.1666666666666665,0.1666666666666665
117,117.0,0.1666666666666665,0.1666666666666665,0.1666666666666665,0.1666666666666665,0.1666666666666665,0.1666666666666665
118,118.0,0.1666666666666665,0.1666666666666665,0.1666666666666665,0.1666666666666665,0.1666666666666665,0.1666666666666665
119,119.0,0.1666666666666665,0.1666666666666665,0.1666666666666665,0.1666666666666665,0.1666666666666665,0.1666666666666665
120,120.0,0.1666666666666665,0.1666666666666665,0.1666666666666665,0.1666666666666665,0.1666666666666665,0.1666666666666665
121,121.0,0.1666666666666665,0.1666666666666665,0.1666666666666665,0.1666666666666665,0.1666666666666665,0.1666666666666665
122,122.0,0.1666666666666665,0.1666666666666665,0.1666666666666665,0.1666666666666665,0.1666666666666665,0.1666666666666665
123,123.0,0.1666666666666665,0.1666666666666665,0.1666666666666665,0.1666666666666665,0.1666666666666665,0.1666666666666665
124,124.0,0.1666666666666665,0.1666666666666665,0.1666666666666665,0.1666666666666665,0.1666666666666665,0.1666666666666665
125,125.0,0.1666666666666665,0.1666666666666665,0.1666666666666665,0.1666666666666665,0.1666666666666665,0.1666666666666665
126,126.0,0.1666666666666665,0.1666666666666665,0.1666666666666665,0.1666666666666665,0.1666666666666665,0.1666666666666665
127,127.0,0.1666666666666665,0.1666666666666665,0.1666666666666665,0.1666666666666665,0.1666666666666665,0.1666666666666665
128,128.0,0.1666666666666665,0.1666666666666665,0.1666666666666665,0.1666666666666665,0.1666666666666665,0.1666666666666665
129,129.0,0.1666666666666665,0.1666666666666665,0.1666666666666665,0.1666666666666665,0.1666666666666665,0.1666666666666665
130,130.0,0.1666666666666665,0.1666666666666665,0.1666666666666665,0.1666666666666665,0.1666666666666665,0.1666666666666665
131,131.0,0.1666666666666665,0.1666666666666665,0.1666666666666665,0.1666666666666665,0.1666666666666665,0.1666666666666665
132,132.0,0.1666666666666665,0.1666666666666665,0.1666666666666665,0.1666666666666665,0.1666666666666665,0.1666666666666665
133,133.0,0.1666666666666665,0.1666666666666665,0.1666666666666665,0.1666666666666665,0.1666666666666665,0.1666666666666665
134,134.0,0.1666666666666665,0.1666666666666665,0.1666666666666665,0.1666666666666665,0.1666666666666665,0.1666666666666665
135,135.0,0.1666666666666665,0.1666666666666665,0.1666666666666665,0.1666666666666665,0.1666666666666665,0.1666666666666665
136,136.0,0.1666666666666665,0.1666666666666665,0.1666666666666665,0.1666666666666665,0.1666666666666665,0.1666666666666665
137,137.0,0.1666666666666665,0.1666666666666665,0.1666666666666665,0.1666666666666665,0.1666666666666665,0.1666666666666665
138,138.0,0.1666666666666665,0.1666666666666665,0.1666666666666665,0.1666666666666665,0.1666666666666665,0.1666666666666665
139,139.0,0.1666666666666665,0.1666666666666665,0.1666666666666665,0.1666666666666665,0.1666666666666665,0.1666666666666665
140,140.0,0.1666666666666665,0.1666666666666665,0.1666666666666665,0.1666666666666665,0.1666666666666665,0.1666666666666665
141,141.0,0.1666666666666665,0.1666666666666665,0.1666666666666665,0.1666666666666665,0.1666666666666665,0.1666666666666665
142,142.0,0.1666666666666665,0.1666666666666665,0.1666666666666665,0.1666666666666665,0.1666666666666665,0.1666666666666665
143,143.0,0.1666666666666665,0.1666666666666665,0.1666666666666665,0.1666666666666665,0.1666666666666665,0.1666666666666665
144,144.0,0.1666666666666665,0.1666666666666665,0.1666666666666665,0.1666666666666665,0.1666666666666665,0.1666666666666665
145,145.0,0.1666666666666665,0.1666666666666665,0.1666666666666665,0.1666666666666665,0.1666666666666665,0.1666666666666665
146,146.0,0.1666666666666665,0.1666666666666665,0.1666666666666665,0.1666666666666665,0.1666666666666665,0.1666666666666665
147,147.0,0.1666666666666665,0.1666666666666665,0.1666666666666665,0.1666666666666665,0.1666666666666665,0.1666666666666665
148,148.0,0.1666666666666665,0.1666666666666665,0.1666666666666665,0.1666666666666665,0.1666666666666665,0.1666666666666665
149,149.0,0.1666666666666665,0.1666666666666665,0.1666666666666665,0.1666666666666665,0.1666666666666665,0.1666666666666665
150,150.0,0.1666666666666665,0.1666666666666665,0.1666666666666665,0.1666666666666665,0.1666666666666665,0.1666666666666665
151,151.0,0.1666666666666665,0.1666666666666665,0.1666666666666665,0.1666666666666665,0.1666666666666665,0.1666666666666665
152,152.0,0.1666666666666665,0.1666666666666665,0.1666666666666665,0.1666666666666665,0.1666666666666665,0.1666666666666665
153,153.0,0.1666666666666665,0.1666666666666665,0.1666666666666665,0.1666666666666665,0.1666666666666665,0.1666666666666665
154,154.0,0.1666666666666665,0.1666666666666665,0.1666666666666665,0.1666666666666665,0.1666666666666665,0.1666666666666665
155,155.0,0.1666666666666665,0.1666666666666665,0.1666666666666665,0.1666666666666665,0.1666666666666665,0.1666666666666665
156,156.0,0.1666666666666665,0.1666666666666665,0.1666666666666665,0.1666666666666665,0.1666666666666665,0.1666666666666665
157,157.0,0.1666666666666665,0.1666666666666665,0.1666666666666665,0.1666666666666665,0.1666666666666665,0.1666666666666665
158,158.0,0.1666666666666665,0.1666666666666665,0.1666666666666665,0.1666666666666665,0.1666666666666665,0.1666666666666665
159,159.0,0.1666666666666665,0.1666666666666665,0.1666666666666665,0.1666666666666665,0.1666666666666665,0.1666666666666665
160,160.0,0.1666666666666665,0.1666666666666665,0.1666666666666665,0.1666666666666665,0.1666666666666665,0.1666666666666665
161,161.0,0.1666666666666665,0.1666666666666665,0.1666666666666665,0.1666666666666665,0.1666666666666665,0.1666666666666665
162,162.0,0.1666666666666665,0.1666666666666665,0.1666666666666665,0.1666666666666665,0.1666666666666665,0.1666666666666665
163,163.0,0.1666666666666665,0.1666666666666665,0.1666666666666665,0.1666666666666665,0.1666666666666665,0.1666666666666665
164,164.0,0.1666666666666665,0.1666666666666665,0.1666666666666665,0.1666666666666665,0.1666666666666665,0.1666666666666665
165,165.0,0.1666666666666665,0.1666666666666665,0.1666666666666665,0.1666666666666665,0.1666666666666665,0.1666666666666665
166,166.0,0.1666666666666665,0.1666666666666665,0.1666666666666665,0.1666666666666665,0.1666666666666665,0.1666666666666665
167,167.0,0.1666666666666665,0.1666666666666665,0.1666666666666665,0.1666666666666665,0.1666666666666665,0.1666666666666665
168,168.0,0.1666666666666665,0.1666666666666665,0.1666666666666665,0.1666666666666665,0.1666666666666665,0.1666666666666665
169,169.0,0.1666666666666665,0.1666666666666665,0.1666666666666665,0.1666666666666665,0.1666666666666665,0.1666666666666665
170,170.0,0.1666666666666665,0.1666666666666665,0.1666666666666665,0.1666666666666665,0.1666666666666665,0.1666666666666665
171,171.0,0.1666666666666665,0.1666666666666665,0.1666666666666665,0.1666666666666665,0.1666666666666665,0.1666666666666665
172,172.0,0.1666666666666665,0.1666666666666665,0.1666666666666665,0.1666666666666665,0.1666666666666665,0.1666666666666665
173,173.0,0.1666666666666665,0.1666666666666665,0.1666666666666665,0.1666666666666665,0.1666666666666665,0.1666666666666665
174,174.0,0.1666666666666665,0.1666666666666665,0.1666666666666665,0.1666666666666665,0.1666666666666665,0.1666666666666665
175,175.0,0.1666666666666665,0.1666666666666665,0.1666666666666665,0.1666666666666665,0.1666666666666665,0.1666666666666665
176,176.0,0.1666666666666665,0.1666666666666665,0.1666666666666665,0.1666666666666665,0.1666666666666665,0.1666666666666665
177,177.0,0.1666666666666665,0.1666666666666665,0.1666666666666665,0.1666666666666665,0.1666666666666665,0.1666666666666665
178,178.0,0.1666666666666665,0.1666666666666665,0.1666666666666665,0.1666666666666665,0.1666666666666665,0.1666666666666665
179,179.0,0.1666666666666665,0.1666666666666665,0.1666666666666665,0.1666666666666665,0.1666666666666665,0.1666666666666665
180,180.0,0.1666666666666665,0.1666666666666665,0.1666666666666665,0.1666666666666665,0.1666666666666665,0.1666666666666665
181,181.0,0.1666666666666665,0.1666666666666665,0.1666666666666665,0.1666666666666665,0.1666666666666665,0.1666666666666665
182,182.0,0.1666666666666665,0.1666666666666665,0.1666666666666665,0.1666666666666665,0.1666666666666665,0.1666666666666665
183,183.0,0.1666666666666665,0.1666666666666665,0.1666666666666665,0.1666666666666665,0.1666666666666665,0.1666666666666665
184,184.0,0.1666666666666665,0.1666666666666665,0.1666666666666665,0.1666666666666665,0.1666666666666665,0.1666666666666665
185,185.0,0.1666666666666665,0.1666666666666665,0.1666666666666665,0.1666666666666665,0.1666666666666665,0.1666666666666665
186,186.0,0.1666666666666665,0.1666666666666665,0.1666666666666665,0.1666666666666665,0.1666666666666665,0.1666666666666665
187,187.0,0.1666666666666665,0.1666666666666665,0.1666666666666665,0.1666666666666665,0.1666666666666665,0.1666666666666665
188,188.0,0.1666666666666665,0.1666666666666665,0.1666666666666665,0.1666666666666665,0.1666666666666665,0.1666666666666665
189,189.0,0.1666666666666665,0.1666666666666665,0.1666666666666665,0.1666666666666665,0.1666666666666665,0.1666666666666665
190,190.0,0.1666666666666665,0.1666666666666665,0.1666666666666665,0.1666666666666665,0.1666666666666665,0.1666666666666665
191,191.0,0.1666666666666665,0.1666666666666665,0.1666666666666665,0.1666666666666665,0.1666666666666665,0.1666666666666665
192,192.0,0.1666666666666665,0.1666666666666665,0.1666666666666665,0.1666666666666665,0.1666666666666665,0.1666666666666665
193,193.0,0.1666666666666665,0.1666666666666665,0.1666666666666665,0.1666666666666665,0.1666666666666665,0.1666666666666665
194,194.0,0.1666666666666665,0.1666666666666665,0.1666666666666665,0.1666666666666665,0.1666666666666665,0.1666666666666665
195,195.0,0.1666666666666665,0.1666666666666665,0.1666666666666665,0.1666666666666665,0.1666666666666665,0.1666666666666665
196,196.0,0.1666666666666665,0.1666666666666665,0.1666666666666665,0.1666666666666665,0.1666666666666665,0.1666666666666665
197,197.0,0.1663281461166077,0.167075888746868,0.1660235102302054,0.1659976705791266,0.1670364245524932,0.1675383597746982
198,198.0,0.1653446245536982,0.1661456322233098,0.1643594395730844,0.165318101509641,0.1678857388848622,0.1709464632554036
199,199.0,0.1626793802809468,0.1626983029811949,0.1604065681561639,0.1634915375241922,0.1699556570781658,0.1807685539793357
200,200.0,0.1593522214178001,0.1582357778304668,0.1559420216727394,0.1608461734874014,0.1760494678593614,0.1895743377322301
201,201.0,0.1560927556812092,0.1538534557433013,0.151575864079646,0.1582540836577885,0.1820541362879256,0.1981697045501288
202,202.0,0.1529268084158843,0.1495871396342136,0.1473419180637814,0.1557358615129319,0.1879185299148356,0.2064897424583525
203,203.0,0.1498766872473522,0.1454678920664869,0.1432693019275814,0.1533093025058045,0.193598032283988,0.2144787839687865
204,204.0,0.1469613107776188,0.1415221986616623,0.1393826088444416,0.1509895059127046,0.1990543374974668,0.2220900383061054
205,205.0,0.1441963583015016,0.137772160937498,0.1357021134398873,0.1487889934581606,0.2042552022187047,0.2292851716442474
206,206.0,0.1415944369444002,0.1342357137031694,0.1322440009001055,0.1467178418528623,0.2091741618497135,0.2360338447497489
207,207.0,0.1391652628079839,0.1309268623820362,0.1290206140640168,0.144783826527938,0.2137902173032058,0.2423132169148189
208,208.0,0.1369158529115486,0.1278559358959904,0.1260407142296128,0.1429925740085997,0.2180874984423985,0.2481074245118498
209,209.0,0.1348507249300603,0.1250298510263836,0.123309751695069,0.141347720539482,0.2220549098873295,0.2534070419216753
210,210.0,0.1329721019518393,0.1224523844602679,0.1208301423557448,0.1398510747502543,0.2256857644929758,0.2582085319889177
211,211.0,0.1312801197063411,0.1201244490329555,0.1186015469855116,0.1385027823308196,0.2289774093972094,0.2625136925471627
212,212.0,0.1297730339427484,0.1180443709848391,0.1166211501411626,0.137301490868393,0.2319308491211291,0.2663291049417277
213,213.0,0.1284474258705065,0.1162081653584803,0.1148839359385528,0.1362445131818981,0.2345503697855271,0.2696655898650351
214,214.0,0.1272984038012027,0.1146098069679669,0.1133829582555344,0.1353279876706065,0.2368431680897118,0.2725376752149775
215,215.0,0.1263197993552364,0.1132414946736195,0.1121096032169784,0.1345470343721109,0.2388189882866624,0.2749630800953921
216,216.0,0.1255043568147335,0.112093906988765,0.1110538421088243,0.1338959055981167,0.240489769985133,0.2769622185044274
217,217.0,0.1248439144145525,0.1111564473293026,0.1102044731491132,0.1333681301839135,0.2418693092179868,0.2785577257051311
218,218.0,0.1243295765646632,0.1104174774892878,0.1095493508125981,0.1329566505476645,0.2429729348394571,0.2797740097463292
219,219.0,0.1239518761885352,0.1098645381851759,0.1090756016603245,0.1326539519079365,0.2438172019544673,0.2806368301035604
220,220.0,0.1237009265425538,0.1094845557564177,0.108769825865391,0.1324521831514749,0.2444196037425135,0.2811729049416489
221,221.0,0.123566562050164,0.1092640343397656,0.1086182838500129,0.1323432689775176,0.2447983027184115,0.2814095480641283
222,222.0,0.1235384678409306,0.1091892330481753,0.1086070676563884,0.1323190130695537,0.2449718821736173,0.2813743362113346
223,223.0,0.1236062978286303,0.1092463278820566,0.1087222568642784,0.1323711921600635,0.2449591182656479,0.2810948069993231
224,224.0,0.1237597812936928,0.1094215582805236,0.1089500590414526,0.1324916409582946,0.2447787729699007,0.2805981874561356
225,225.0,0.1239888180537312,0.109701358383133,0.1092769348692109,0.1326723280054925,0.2444494078781107,0.2799111528103216
226,226.0,0.1242835624116475,0.1100724732184444,0.1096897082242171,0.1329054226062886,0.2439892186208003,0.279059614918602
227,227.0,0.1246344961640747,0.1105220601648346,0.1101756616201966,0.133183353059315,0.2434158895070946,0.2780685394844844
228,228.0,0.1250324910340376,0.1110377761417318,0.110722617519092,0.1334988564748186,0.2427464678137701,0.2769617910165499
229,229.0,0.1254688609610828,0.1116078510863162,0.111319006111623,0.1338450205223964,0.241997257015722,0.2757620043028595
230,230.0,0.1259354047402318,0.1122211483523734,0.1119539202425006,0.1342153174983654,0.2411837281314031,0.2744904810351257
231,231.0,0.1264244395484826,0.1128672127350955,0.1126171582165814,0.1346036311401267,0.2403204482582837,0.2731671101014301
232,232.0,0.1269288259348425,0.1135363068789887,0.1132992552698042,0.1350042766446835,0.239421025293975,0.2718103099777059
233,233.0,0.1274419848776371,0.1142194368664971,0.1139915045237228,0.1354120143707107,0.2384980677772391,0.2704369915841932
234,234.0,0.1279579075317949,0.114908367813384,0.1146859682657281,0.1358220577188009,0.237563158738486,0.269062539931806
235,235.0,0.128471158299638,0.1155956303142426,0.1153754804095917,0.1362300756932669,0.236626842420305,0.2677008128629556
236,236.0,0.1289768718621196,0.1162745185886674,0.1160536409936889,0.1366321906517266,0.2356986227138206,0.2663641551899768
237,237.0,0.1294707448041508,0.1169390811765573,0.1167148035681554,0.1370249717461959,0.2347869721549282,0.2650634265500122
238,238.0,0.1299490224583565,0.117584105020687,0.1173540563082098,0.1374054245521292,0.2338993503344573,0.2638080413261601
239,239.0,0.130408481576977,0.1182050937569911,0.1179671976698925,0.1377709773703208,0.2330422305967705,0.2626060190290478
240,240.0,0.1308464094223849,0.1187982410088893,0.118550707377424,0.1381194646713628,0.2322211339309663,0.2614640435889724
241,241.0,0.1312605798434471,0.1193603994523031,0.1191017134991441,0.1384491081339599,0.2314406689965146,0.2603875300746309
242,242.0,0.1316492268783877,0.1198890463836469,0.1196179563324167,0.1387584957073306,0.2307045772696245,0.2593806974285934
243,243.0,0.1320110163954694,0.1203822464848141,0.1200977497777538,0.1390465591046638,0.2300157823468087,0.2584466458904899
244,244.0,0.1323450162513074,0.1208386124378108,0.1205399408394957,0.1393125501095899,0.2293764424968881,0.2575874378649079
245,245.0,0.1326506654134675,0.121257263997924,0.1209438678453843,0.1395560160513003,0.2287880056110723,0.2568041810808512
246,246.0,0.132927742459696,0.1216377860888411,0.1213093179309462,0.1397767747766996,0.228251265761809,0.2560971129820078
247,247.0,0.1331763338311238,0.1219801864365723,0.1216364842873585,0.1399748894201648,0.2277664206439356,0.2554656853808448
248,248.0,0.1333968021815166,0.122284853211959,0.1219259236239718,0.1401506432434548,0.2273331292354917,0.2549086485036058
249,249.0,0.133589755129474,0.1225525131044818,0.1221785142494001,0.140304514790354,0.226950569079619,0.2544241336466707
250,250.0,0.13375601468576,0.1227841902035019,0.1223954151285075,0.1404371535730327,0.226617492652619,0.2540097337565786
251,251.0,0.1338965875939788,0.1229811660173792,0.1225780262271351,0.1405493564800861,0.2263322823458744,0.2536625813355461
252,252.0,0.1340126367898551,0.1231449409164893,0.1227279504123445,0.1406420450700061,0.2260930036504271,0.2533794231608774
253,253.0,0.1341054541526642,0.1232771972433179,0.1228469571336255,0.1407162438886069,0.225897456192102,0.2531566913896831
254,254.0,0.1341764346920848,0.1233797642918248,0.1229369480701581,0.1407730599248345,0.22574322232177,0.2529905706993274
255,255.0,0.1342270522850616,0.1234545853193571,0.1229999248910518,0.1408136632965639,0.225627713019335,0.2528770611886302
256,256.0,0.1342588370503092,0.1235036867177369,0.1230379592396616,0.1408392692365275,0.2255482109210319,0.2528120368347326
257,257.0,0.134273354422948,0.1235291494358957,0.1230531650197297,0.1408511214285024,0.2255019103274304,0.2527912993654935
258,258.0,0.1342721859685124,0.123533082714674,0.1230476730303097,0.1408504767253676,0.2254859540939963,0.2528106274671395
259,259.0,0.1342569119542544,0.123517600165222,0.1230236079682446,0.1408385912636656,0.2254974673470474,0.2528658213015657
260,260.0,0.1342290956762987,0.1234847981958574,0.1229830677914195,0.1408167079738699,0.2255335880054045,0.2529527423571497
261,261.0,0.1341902695237946,0.123436736768265,0.1229281054130787,0.140786045471688,0.2255914941219534,0.25306734870122
262,262.0,0.134141922745722,0.1233754224425435,0.1228607126771571,0.1407477883033803,0.2256684280897096,0.2532057257414872
263,263.0,0.1340854908724186,0.123302793651763,0.1227828065467721,0.1407030785072424,0.2257617177838747,0.2533641126379289
264,264.0,0.1340223467321403,0.1232207081303373,0.1226962174226738,0.1406530084440188,0.2258687947348661,0.2535389245359633
265,265.0,0.1339537929929876,0.1231309324065452,0.1226026794954746,0.1405986148410502,0.2259872094474914,0.2537267708164508
266,266.0,0.1338810561522393,0.1230351332578611,0.1225038230247565,0.1405408739883409,0.2261146439984608,0.2539244695783411
267,267.0,0.1338052818884625,0.1229348710182612,0.1224011684295786,0.1404806980193919,0.2262489220584304,0.2541290585858751
268,268.0,0.1337275316865978,0.1228315946192329,0.1222961220683387,0.1404189322055168,0.2263880164959003,0.2543378029244131
269,269.0,0.1336487806424727,0.1227266382407095,0.1221899735812553,0.1403563531893469,0.2265300547287458,0.2545481996174694
270,270.0,0.1335699163507544,0.1226212194444257,0.1220838946657837,0.1402936680812734,0.2266733219951009,0.2547579794626614
271,271.0,0.1334917387791195,0.1225164386601204,0.1219789391539174,0.1402315143415674,0.2268162627189512,0.2549651063463238
272,272.0,0.1334149610312759,0.1224132798944387,0.1218760442604145,0.1401704603707892,0.2269574801473085,0.2551677742957728
273,273.0,0.133340210902323,0.1223126125331751,0.1217760328723737,0.1401110067317538,0.2270957344354387,0.2553644025249353
274,274.0,0.1332680331316612,0.1222151941095005,0.1216796167531292,0.1400535879276773,0.227229939354483,0.2555536287235484
275,275.0,0.133198892261168,0.1221216739138926,0.1215874005369938,0.1399985746631045,0.2273591577921598,0.2557343008326808
276,276.0,0.1331331760095316,0.122032597325501,0.121499886395818,0.1399462765167309,0.2274825962122289,0.2559054675401893
277,277.0,0.1330711990773825,0.1219484107494878,0.1214174792635176,0.1398969449582002,0.2275995982322504,0.2560663677191612
278,278.0,0.1330132073020935,0.1218694670503754,0.1213404925105279,0.1398507766443134,0.2277096374720289,0.2562164190206604
279,279.0,0.1329593820857316,0.1217960313774648,0.121269153966448,0.139807916933745,0.2278123098171909,0.2563552058194193
280,280.0,0.1329098450245676,0.121728287284865,0.1212036121958275,0.1397684635632689,0.2279073252337464,0.2564824666977242
281,281.0,0.1328646626736934,0.1216663430554708,0.1211439429390267,0.1397324704325807,0.2279944992603906,0.2565980816388375
282,282.0,0.1328238513855888,0.1216102381452557,0.1210901556372317,0.1396999514490083,0.228073744295848,0.2567020590870673
283,283.0,0.1327873821668578,0.1215599496714039,0.1210421999679599,0.1396708843876759,0.2281450607888828,0.2567945230172195
284,284.0,0.1327551855027503,0.1215153988750175,0.1209999723246516,0.1396452147269729,0.2282085284288069,0.2568757001418004
285,285.0,0.1327271561044452,0.121476457496314,0.1209633221811436,0.1396228594234433,0.2282642974245322,0.2569459073701214
286,286.0,0.1327031575393452,0.121442954007312,0.1209320582888909,0.1396037105944051,0.2283125799505213,0.2570055396195252
287,287.0,0.1326830267097808,0.1214146796539314,0.1209059546616905,0.1395876390806996,0.2283536418284879,0.2570550580654095
288,288.0,0.1326665781504941,0.1213913942661439,0.1208847563093092,0.1395744978659305,0.2283877945044546,0.2570949789036674
289,289.0,0.1326536081200502,0.121372831801268,0.1208681846877889,0.1395641253323519,0.2284153873718616,0.257125862686679
290,290.0,0.1326438984658692,0.1213587055916614,0.1208559428402587,0.1395563483371805,0.228436800482891,0.2571483042821388
291,291.0,0.1326372202468667,0.1213487132738931,0.120847720207795,0.1395509850965273,0.2284524376820702,0.2571629234928473
292,292.0,0.1326333371017148,0.1213425413819571,0.1208431970952156,0.139547847867347,0.2284627201885923,0.2571703563651727
293,293.0,0.1326320083544801,0.1213398695921895,0.1208420487816579,0.1395467454207842,0.228468080646658,0.2571712472042299
294,294.0,0.132632991852843,0.121340374612271,0.1208439492703554,0.1395474853030427,0.2284689576565322,0.2571662413049553
295,295.0,0.1326360465372603,0.121343733711016,0.1208485746761955,0.1395498758824178,0.2284657907929352,0.2571559784001747
296,296.0,0.1326409347422824,0.1213496278895707,0.1208556062534057,0.139553728183404,0.2284590161118502,0.2571410868194865
297,297.0,0.1326474242337985,0.1213577446981686,0.1208647330690767,0.1395588575108305,0.2284490621418368,0.2571221783462884
298,298.0,0.132655289988244,0.1213677807057193,0.1208756543312058,0.1395650848687789,0.2284363463514881,0.2570998437545634
299,299.0,0.1326643157217816,0.1213794436322521,0.1208880813825259,0.1395722381806176,0.2284212720807409,0.2570746490020814
300,300.0,0.1326742951791667,0.1213924541566034,0.1209017393736047,0.1395801533178391,0.2284042259203427,0.2570471320524429
301,301.0,0.1326850331934407,0.1214065474137479,0.1209163686305556,0.1395886749465329,0.2283855755208625,0.25701780029486
302,302.0,0.1326963465287719,0.1214214741978347,0.1209317257342217,0.1395976572012649,0.2283656678102034,0.2569871285277029
303,303.0,0.1327080645197013,0.1214370018883289,0.120947584328895,0.1396069641968839,0.2283448275965897,0.2569555574696007
304,304.0,0.1327200295207599,0.1214529151176847,0.120963735679528,0.139616470389345,0.2283233565324532,0.2569234927602287
305,305.0,0.1327320971809241,0.1214690161997225,0.1209799889970184,0.1396260607970395,0.2283015324134873,0.2568913044118079
306,306.0,0.1327441365576816,0.1214851253383535,0.1209961715515055,0.139635631094367,0.2282796087863649,0.2568593266717272
307,307.0,0.1327560300856057,0.1215010806365323,0.1210121285937448,0.139645087589391,0.2282578148381726,0.2568278582565533
308,308.0,0.1327676734143004,0.1215167379253222,0.1210277231045386,0.1396543470973915,0.2282363555404995,0.2567971629179475
309,309.0,0.1327789751304016,0.1215319704327742,0.1210428353919237,0.1396633367219909,0.2282154120212703,0.2567674703016389
310,310.0,0.1327898563780078,0.1215466683119476,0.121057362555367,0.1396719935552834,0.228195142137833,0.2567389770615609
311,311.0,0.1328002503914923,0.1215607380468785,0.1210712178356282,0.1396802643080666,0.2281756812254427,0.2567118481924913
312,312.0,0.1328101019541325,0.1215741017546419,0.121084329868223,0.1396881048808638,0.2281571429961186,0.2566862185460198
313,313.0,0.1328193667953865,0.1215866964008768,0.1210966418575921,0.1396954798859455,0.2281396205638474,0.2566621944963514
314,314.0,0.1328280109389802,0.1215984729452739,0.1211081106881643,0.1397023621300324,0.2281231875732465,0.2566398557243026
315,315.0,0.1328360100132438,0.1216093954325728,0.1211187059875136,0.1397087320667831,0.2281078994100548,0.2566192570898317
316,316.0,0.1328433485343677,0.1216194400436104,0.1211284091557688,0.1397145772275639,0.2280937944731633,0.2566004305655257
317,317.0,0.1328500191724546,0.1216285941199025,0.1211372123743567,0.1397198916383638,0.2280808954893111,0.2565833872056112
318,318.0,0.1328560220094273,0.1216368551741607,0.1211451176060582,0.1397246752300729,0.2280692108530325,0.2565681191272482
319,319.0,0.1328613637970276,0.1216442298980458,0.121152135597245,0.1397289332486833,0.2280587359759331,0.2565546014830651
320,320.0,0.1328660572223166,0.1216507331773563,0.1211582848920566,0.1397326756713187,0.2280494546308659,0.2565427944060858
321,321.0,0.1328701201872725,0.1216563871237565,0.1211635908671825,0.1397359166333502,0.2280413402780785,0.2565326449103597
322,322.0,0.1328735751082793,0.1216612201310734,0.1211680847948398,0.139738673871218,0.2280343573618706,0.2565240887327188
