,Unnamed: 0,Generation,Intertwine_two,Add_vertex,Delete_vertex,Invert_path_vertices,Insert_inside_vertex,Delete_inside_vertex,Replace_inside_vertex,Donate_between_routes,Trim_one_terminal_cb,Grow_one_terminal_cb
0,0.0,0.0,0.09999999999999999,0.09999999999999999,0.09999999999999999,0.09999999999999999,0.09999999999999999,0.09999999999999999,0.09999999999999999,0.09999999999999999,0.09999999999999999,0.09999999999999999
1,1.0,1.0,0.11316724340163113,0.09195990310115672,0.08389241818666547,0.10297815380743296,0.08414498946434784,0.11295441286780272,0.10653354607645586,0.10491091121044716,0.0961854792046368,0.10327294267942333
2,2.0,2.0,0.09959746163983688,0.10009457498333256,0.07993401857309583,0.1088183366920413,0.09539582243123909,0.10844586603029997,0.10926717441657811,0.09748344457922989,0.10417176223785207,0.09679153841649422
3,3.0,3.0,0.10757236333109088,0.09042716965009617,0.08810195990194673,0.10190266888963413,0.10224623729636653,0.10208363668004361,0.09953797243381192,0.0957259617831789,0.10282008985289041,0.10958194018094067
4,4.0,4.0,0.09836714327070044,0.10379172950869434,0.06959658938027638,0.10191980658998481,0.10123353140402258,0.11983989784758109,0.10282675298328965,0.09600333100253616,0.10511515801528522,0.10130605999762934
5,5.0,5.0,0.10398666888019736,0.09219397997889212,0.08005670703355094,0.09798150552759345,0.08855014916112189,0.1142587407103746,0.09934901717225927,0.09858094797679386,0.11748997399439129,0.10755230956482516
6,6.0,6.0,0.08383856946822589,0.09721393579305532,0.08124536692621794,0.1046250097571958,0.08773841035430899,0.11013685631535715,0.10656156075773178,0.10741101001621838,0.10992939674390201,0.11129988386778673
7,7.0,7.0,0.09691907431483596,0.09621940175529398,0.09180852554529198,0.1057301151569409,0.09657939724053803,0.1004751644367838,0.09660865841327029,0.10146704444400467,0.10062946389524022,0.11356315479780019
8,8.0,8.0,0.11034805518731192,0.10311107772298037,0.08597492951997307,0.10059970580669093,0.09190889154474202,0.11066135688312642,0.10347787678050331,0.09082631221109948,0.10621055489284406,0.09688123945072835
9,9.0,9.0,0.09513772773748741,0.10147200177696374,0.07167796288494216,0.10450668286773994,0.09673136804957483,0.11351708127800522,0.10161348199322177,0.0918877906544889,0.11737660951453592,0.10607929324304004
10,10.0,10.0,0.10774828636422504,0.09649980534084776,0.08693618595835992,0.0956087147122767,0.0914089391471586,0.10315109175622594,0.0895301209434608,0.0906071680905033,0.11196443321059346,0.1265452544763485
11,11.0,11.0,0.09598772104933832,0.09453563091423235,0.08215345647845493,0.10526190089346918,0.09515739263954104,0.10444165744179856,0.09004926061393788,0.09481807075617306,0.11474931359479168,0.12284559561826296
12,12.0,12.0,0.09427522314223943,0.09125995210051144,0.0818587726945679,0.1056242637238918,0.08525842992381945,0.1273981251461875,0.08856744999097058,0.08616687427587526,0.12582521572133323,0.1137656932806034
13,13.0,13.0,0.11247426496131185,0.10592643022591457,0.0852832462960666,0.10295610865036467,0.08056352715169728,0.11414051698309764,0.09684509515771635,0.07674809213721472,0.11580245003455325,0.10926026840206307
14,14.0,14.0,0.10254048004969411,0.10181840956969286,0.07654762365413284,0.10447311280592345,0.07885852151293789,0.10535126054945891,0.10437532892500093,0.08498573168011996,0.11679883156838884,0.12425069968465022
15,15.0,15.0,0.10119434046069978,0.09631543482677297,0.08421093029397778,0.09207964278760375,0.08495226449980671,0.11622845211135213,0.09022115887056634,0.08541774925138593,0.1262999607376191,0.12308006616021556
16,16.0,16.0,0.10105376674228261,0.0964593662714793,0.08556751211260952,0.08867937133032425,0.0897011044021882,0.10873956697411184,0.09974584886189936,0.08360648180917125,0.12822014869130938,0.11822683280462429
17,17.0,17.0,0.09204653131145647,0.0907423546970749,0.0974534678012534,0.11130450387905658,0.0897134860835381,0.11257464181914476,0.0836467693284498,0.08671060898525224,0.12211455017931028,0.11369308591546341
18,18.0,18.0,0.1018795150705633,0.0715649824540757,0.08675406488757952,0.11561933019832296,0.09657024069628226,0.11424443144902455,0.10285748901043004,0.09063447673997078,0.1133519303334141,0.10652353916033679
19,19.0,19.0,0.09619017576528098,0.09127362683242485,0.08080751451254238,0.09382015123389123,0.08034061363549018,0.13134461535472344,0.10229499366195165,0.08798320919654995,0.11285758662518011,0.12308751318196517
20,20.0,20.0,0.08637990226169767,0.10348185929181146,0.08723542921041205,0.09337017496954444,0.0885740662654232,0.1142580557839377,0.1072488676908436,0.08134455709619519,0.12012004751778185,0.11798703991235275
21,21.0,21.0,0.11900151922139424,0.10009501692323233,0.0897974484110253,0.10836821551909004,0.08056778732241152,0.10188293124087619,0.09054489636666814,0.07993060824299679,0.12423832581700878,0.10557325093529664
22,22.0,22.0,0.08964704271405916,0.10990103597117344,0.07458560412364623,0.10540867142804947,0.08216418548496975,0.11483937245349289,0.1054682115451561,0.09503012884581899,0.1009943655758296,0.1219613818578043
23,23.0,23.0,0.08624774835615567,0.10174005870737565,0.09662898659917801,0.09820137482436417,0.07969100765033091,0.11437737108676523,0.094155562190206,0.09577519617380684,0.13650441424513982,0.09667828016667768
24,24.0,24.0,0.09332948226853759,0.10380138704890832,0.10070774204750643,0.09785114628385719,0.08136733330223331,0.11576369994136593,0.07769786277974444,0.09709256174143469,0.12426225527951382,0.10812652930689828
25,25.0,25.0,0.10001586751445343,0.10644132277621769,0.08318032520688727,0.10619434462252927,0.07921150577591617,0.10153621668964607,0.087710568021752,0.0921113257314832,0.12794126557494284,0.11565725808617196
26,26.0,26.0,0.10483139630109603,0.10389379655369582,0.10041388608307082,0.09807287940829675,0.06972332971199419,0.1154152659233754,0.0774066736697602,0.08695984226345924,0.12899442255286972,0.11428850753238182
27,27.0,27.0,0.10859816059371045,0.10177203878666632,0.07978655960054562,0.09846249989796646,0.08149963565794305,0.12438116904355483,0.08195283101215294,0.09395216186431521,0.12541747807859097,0.10417746546455406
28,28.0,28.0,0.10371754307679701,0.0878028960682842,0.09798151225187748,0.10209851547942253,0.06649765905390008,0.1292455443143182,0.08173868475602035,0.0847691202038819,0.12376998119736968,0.12237854359812854
29,29.0,29.0,0.10452157179219204,0.09665740223912847,0.07014530625208368,0.09147973703281956,0.0593709610404593,0.1416539659376214,0.08131314641400628,0.08927083169942568,0.14720020740950476,0.11838687018275876
30,30.0,30.0,0.07921307745044315,0.10320430750162427,0.10075392927988965,0.10867123345438752,0.06775725847880315,0.1200174474390521,0.09421616784585207,0.08871291684101829,0.11741541655441064,0.12003824515451919
31,31.0,31.0,0.08081244067060134,0.09648268842588639,0.07987095913221412,0.11135136557839014,0.06794213419784803,0.1249566364445311,0.09964600765539516,0.09163735937093412,0.14416791780694155,0.10313249071725794
32,32.0,32.0,0.10077013729197544,0.10308828162432085,0.0852823151272359,0.10250613652773335,0.07280587665979396,0.1289018349355911,0.08891171306506174,0.085958008462543,0.11851110805550638,0.11326458825023825
33,33.0,33.0,0.09103844022678642,0.10594803600327038,0.10805952707356763,0.10616196762930263,0.06055519236037402,0.13928693813124865,0.09686514423802382,0.0793503057568923,0.11488565098760825,0.09784879759292583
34,34.0,34.0,0.0896971989323444,0.10557333190988367,0.08982992510547093,0.10903658885937648,0.06839457770018695,0.11945303222981796,0.08732679601582663,0.0924861179213918,0.12406784509791484,0.1141345862277863
35,35.0,35.0,0.09079215743091053,0.09676614264544289,0.0947440566123175,0.09467222741729457,0.06965297671356976,0.13849359271221287,0.0834272459191081,0.07749796336943751,0.1388130244869011,0.1151406126928051
36,36.0,36.0,0.09916368032431129,0.11021499954100489,0.08912125335425376,0.10048531508220573,0.08387677196961214,0.11468536593329823,0.07319679623600049,0.06928176870312455,0.143940311417396,0.11603373743879283
37,37.0,37.0,0.08566956562396524,0.1008244913124369,0.08650719339671153,0.09216296595335592,0.07289180955469265,0.1255497128943543,0.09346330744539194,0.08700523665676171,0.1286808927714617,0.12724482439086804
38,38.0,38.0,0.08602285254415723,0.10912997501794759,0.08728134051405789,0.09041498410029197,0.07017363164330018,0.1369124186672161,0.0938415171881861,0.07474566265154985,0.1367008813324541,0.11477673634083896
39,39.0,39.0,0.0918184744292107,0.09367223578255719,0.10121228569949156,0.09613367782988061,0.06683146748620464,0.12423504357824473,0.07940152107219883,0.09052589565233511,0.13884533308814506,0.11732406538173153
40,40.0,40.0,0.09239799211738127,0.1026026988774114,0.08999735696955548,0.10166959530768623,0.08872418421238222,0.116222949602605,0.07658726116585221,0.08655850842711946,0.12747029243637056,0.11776916088363612
41,41.0,41.0,0.10832588032621163,0.09634443713316429,0.094779671734085,0.0878573795238271,0.08683911706413454,0.1223375339042991,0.09305634454836734,0.05546044858464896,0.14223418897042744,0.1127649982108345
42,42.0,42.0,0.09975100689796775,0.09225683674823613,0.07740452491436292,0.09266439940892537,0.06576657321707305,0.12668097055805363,0.09096589382319123,0.06635569947151715,0.15320727992114147,0.1349468150395312
43,43.0,43.0,0.10786621509557695,0.08788173201974606,0.09388433191892354,0.10209586825035244,0.07158491712816317,0.12193790237675631,0.08889522319586327,0.0774274282115309,0.13845760851890304,0.10996877328418424
44,44.0,44.0,0.10452687340038384,0.10181251765067081,0.09324012338858473,0.1030280782696961,0.07819321180532571,0.12589204069321505,0.0871454552182323,0.07431847677389418,0.11972568975231308,0.11211753304768417
45,45.0,45.0,0.09178148500379857,0.11067669171910541,0.081280241501497,0.10004391503355188,0.09253300409190748,0.128554213506048,0.07391895857987142,0.07121222209591745,0.1361291396681668,0.11387012880013588
46,46.0,46.0,0.10594041465049753,0.10038150354756573,0.08967535691928408,0.09466478830220958,0.08418251805564242,0.10385859412284275,0.09482051370785394,0.0716084816519122,0.13752212018610904,0.11734570885608267
47,47.0,47.0,0.08601261231138177,0.11647237247046134,0.08544735053547106,0.09622034463549631,0.0772741671799426,0.12046211134120033,0.09085540048486675,0.07797693165647171,0.12725870550180318,0.1220200038829049
48,48.0,48.0,0.10463826966431196,0.09500139418981343,0.09233046888509404,0.09989347831236708,0.07262244716298819,0.1352020639507056,0.08075624214523094,0.07107226621475342,0.13301635558495822,0.11546701388977705
49,49.0,49.0,0.08281629011153814,0.08889229961006237,0.0936720242086233,0.11051609833274205,0.07072007641806352,0.12857828282954165,0.06953337562132417,0.0732018348126153,0.14716408926903274,0.13490562878645673
50,50.0,50.0,0.10585075898472152,0.09479037762754605,0.10491839993505918,0.09256971330114312,0.08161399969812012,0.13674188042256935,0.07761219333047951,0.07734135033440653,0.13063032084008325,0.09793100552587128
51,51.0,51.0,0.08615941151359456,0.09488203391258575,0.09270813109038982,0.07141959880377932,0.07226623985909178,0.1430030881220274,0.09733887265266726,0.07491204743782442,0.1446631011913001,0.12264747541673962
52,52.0,52.0,0.08142466402464074,0.11557095375148949,0.08859026599764919,0.08211766381882948,0.07656507457953549,0.12931493188092733,0.0767566637062621,0.10209351918934213,0.14203317898848006,0.10553308406284394
53,53.0,53.0,0.08874538540695384,0.10110355296248652,0.1034961387779042,0.07896379921758165,0.06574928852013036,0.13624399419146938,0.07924653256243389,0.08936482997287513,0.14127384573804286,0.11581263265012216
54,54.0,54.0,0.10078108398046823,0.11060704268863115,0.09589891012268591,0.10051605731002591,0.07092092081156254,0.11326379251241665,0.08022317679145109,0.08314697758702475,0.13357485753537812,0.11106718066035552
55,55.0,55.0,0.07732951165006416,0.10828660523344255,0.09823534090218587,0.08053789170497136,0.07221458590123637,0.14003609290046345,0.08312628753333606,0.08218193993016641,0.1340534199402159,0.12399832430391775
56,56.0,56.0,0.08946322984973462,0.10165312807815671,0.1173024816886203,0.08923974859868596,0.07005102175779879,0.1269929746498105,0.08558821924534538,0.06865318940282508,0.13787696825198242,0.11317903847704021
57,57.0,57.0,0.09203353525565086,0.10162897716560368,0.09152629258085823,0.09505673908434671,0.06319068055992413,0.12266767488606609,0.07950720814170163,0.10159039032875701,0.1415308066082138,0.11126769538887774
58,58.0,58.0,0.10643258123509698,0.10111502770773736,0.09548430372513687,0.07182650272639057,0.06970818187410047,0.1374090927093155,0.0870090715075704,0.07216878281760455,0.14076591092025664,0.1180805447767906
59,59.0,59.0,0.08141574818488453,0.09852111259059969,0.10047405328767274,0.07602268815945083,0.05810523143543341,0.13988792231234384,0.08520381260189794,0.08200213300917132,0.14724453369203155,0.13112276472651413
60,60.0,60.0,0.09037155793310067,0.0981352060885737,0.09615501461578899,0.07925569022014559,0.07562074582728096,0.11436207913475434,0.08994658466063499,0.0792002994300808,0.12992731834498789,0.14702550374465206
61,61.0,61.0,0.08106539661766236,0.08758714147382736,0.08604185024975816,0.09654155499932297,0.06417760019414102,0.12722684404363876,0.1069222837700173,0.082072376565436,0.1400098998443119,0.1283550522418841
62,62.0,62.0,0.09720415230555576,0.0881997145593451,0.10796222240436845,0.09046835914817936,0.06277707088582107,0.13293170462290516,0.08252431872278766,0.07850141405159146,0.13401160304310328,0.12541944025634272
63,63.0,63.0,0.09762462522648695,0.08136969709356366,0.10320529687706326,0.09053427157297692,0.05949856016108447,0.1263568531656127,0.10376854919719267,0.07571639878720941,0.13907306708814865,0.12285268083066125
64,64.0,64.0,0.08783510472959517,0.10430989747073834,0.10713241582225086,0.08823396011269621,0.07526273831850974,0.1303914998188124,0.08147539916852697,0.0687697976486554,0.12918766770931384,0.12740151920090098
65,65.0,65.0,0.09785908688611071,0.09486409239272742,0.0913401679736637,0.1214770009701451,0.0613010557965283,0.12973916654607603,0.09525155505091176,0.055209729345675404,0.14027413096847288,0.11268401406968868
66,66.0,66.0,0.10588594383616709,0.11349896266997699,0.07534282022888714,0.08519470377735446,0.07372665050567115,0.13744193279686517,0.07244899811998201,0.07547811947383294,0.12493273384833814,0.13604913474292485
67,67.0,67.0,0.09392480891542468,0.10987790379030245,0.08520650763681359,0.08363730657615147,0.0766427448601963,0.12380683301960053,0.09890443583978144,0.05610956643256663,0.1350428570442704,0.1368470358848925
68,68.0,68.0,0.09986412711015605,0.10692025549694177,0.08889329924077721,0.07413336032222363,0.058737254466632936,0.13711809965646676,0.08129629982562743,0.06350347747066333,0.14079583814111812,0.14873798826939272
69,69.0,69.0,0.08985117972685377,0.11024474734287759,0.10169144144819012,0.07055795374037575,0.08042634752296951,0.12496477000762103,0.09293895957759357,0.06944090906143797,0.1363755459165104,0.1235081456555702
70,70.0,70.0,0.09280813031874266,0.08876929072381273,0.09412706950754192,0.10772257206437455,0.06544592575346543,0.1152124219249592,0.07353978119390436,0.09406663135541361,0.14158626509414396,0.12672191206364153
71,71.0,71.0,0.09348569457033488,0.10241156806172799,0.08845179700460709,0.09386015535119087,0.06714010004019731,0.13102748499346703,0.07874471733381598,0.07369682222955379,0.14654405380407867,0.12463760661102627
72,72.0,72.0,0.10621769853645183,0.1063818829909644,0.09041659550214462,0.08683305185769657,0.07373000061471124,0.1287451624830439,0.08623790637522452,0.06523490790319682,0.13550291393350924,0.12069987980305674
73,73.0,73.0,0.08466602077312328,0.11071605074257669,0.08859136585125209,0.09571823584390296,0.05572775925844779,0.12448529497197969,0.0897350057649134,0.09368935016357496,0.13686786406755597,0.11980305256267317
74,74.0,74.0,0.07704646440293991,0.11247164004187578,0.10045206293769855,0.08238534023926045,0.06668172531320102,0.12107466248037549,0.08845197983688474,0.0772571632249683,0.140585580035068,0.13359338148772776
75,75.0,75.0,0.11118778295402243,0.09338872722984029,0.09547439997048748,0.09527797545384853,0.061038125241283034,0.13123302379884133,0.08775605730597702,0.07695087524647717,0.13134118095974065,0.11635185183948193
76,76.0,76.0,0.0784632491925699,0.1127615113749216,0.09083749666794669,0.09792816012682021,0.05221351937355819,0.14209886292847185,0.076447615935859,0.07826450379171153,0.14735276341237963,0.12363231719576136
77,77.0,77.0,0.08601569296334807,0.0877989756094397,0.0713835858235618,0.10367624029551092,0.047383364140878494,0.1562650117980852,0.08898373244620686,0.07785302198537783,0.15807943852118406,0.12256093641640704
78,78.0,78.0,0.07831077337182199,0.08781672322999945,0.08201818732752746,0.09342751967872476,0.07831348802931924,0.12688037881678588,0.11971203497885703,0.06574339374956235,0.15125421846924583,0.11652328234815601
79,79.0,79.0,0.06731324352213677,0.11339600104374432,0.11638771296037398,0.09017071633047993,0.07965738599419578,0.13115149279953403,0.08489175605893774,0.07245983253233453,0.1204602502322418,0.12411160852602103
80,80.0,80.0,0.06771731428976487,0.14461407147963254,0.08781451525899438,0.11469151748594993,0.056040624656557195,0.11638314633156874,0.06814830382292993,0.08018891316496253,0.1553999046212791,0.10900168888836075
81,81.0,81.0,0.06313703433284114,0.1020467728737177,0.11419742150544925,0.11083088511995098,0.07015458050008094,0.11995447837785825,0.061089406866849896,0.09537535126359831,0.1419257312122108,0.12128833794744272
82,82.0,82.0,0.08945713771751748,0.10380726689300221,0.0880621486911695,0.09951455247215832,0.06200017422228821,0.135209546452488,0.07840784821475658,0.0712636892985404,0.1319944307531351,0.14028320528494406
83,83.0,83.0,0.08968349034934006,0.1025561659843451,0.10261537370859816,0.08241717658660384,0.08238294430029951,0.13670301379591965,0.08885573765084544,0.06545924247724746,0.1259220493255664,0.12340480582123434
84,84.0,84.0,0.09042617457917328,0.10653221006507696,0.09317493917960722,0.09204703070753703,0.06028641538859212,0.13688856167783975,0.08971427566981156,0.05468592569399192,0.16060321397708363,0.11564125306128645
85,85.0,85.0,0.0933416044269201,0.1155498590118973,0.09877663986552561,0.08695432569977676,0.06256356022221676,0.13371006154361215,0.08516583917998825,0.07675394333392878,0.14871255185553148,0.0984716148606028
86,86.0,86.0,0.0962622873560576,0.12397310172519109,0.11219886882565111,0.09865204773457792,0.08641794347812061,0.08571699237027572,0.08721098493531196,0.04862101818052709,0.1314512087460278,0.12949554664825919
87,87.0,87.0,0.07421911554226994,0.11035296261451447,0.13434843027336524,0.0977242058691811,0.07559302251009094,0.1232700181757461,0.0694051990452872,0.07826815650146383,0.14418115136496673,0.09263773810311444
88,88.0,88.0,0.0787513232953767,0.10886706112902766,0.10104387552464758,0.08150103221885485,0.07197452955659706,0.11638631212697907,0.07945299801911783,0.07696648909174056,0.1463806718140812,0.13867570722357744
89,89.0,89.0,0.10116778468197436,0.09415032363149618,0.09034989169197595,0.0972903341488608,0.06748804366194884,0.13575029575311698,0.07719021838693227,0.0769176603273428,0.15106876882896492,0.10862667888738682
90,90.0,90.0,0.0856360637688747,0.10036134126828429,0.10211385904480197,0.07787739216664655,0.07403878712671935,0.12833239057173246,0.10614513825508791,0.056197127135687065,0.14982306055505917,0.11947484010710652
91,91.0,91.0,0.10053938598619463,0.10301847404481372,0.10406095749611458,0.08405938000567686,0.060368850045026415,0.12218360587317494,0.08441136000744989,0.08158375877303767,0.12571419363404307,0.13406003413446813
92,92.0,92.0,0.08810718652482831,0.09921601355682917,0.08809383236752151,0.08368783602347671,0.08675147763890867,0.1379269754292768,0.09242511167974063,0.06619468633797679,0.13962853108544354,0.11796834935599784
93,93.0,93.0,0.09001008189434163,0.0969762310484492,0.09064262062347479,0.09437004479873679,0.05600063176193724,0.1331492666926546,0.07134861333056083,0.09153312886768852,0.14702239985434665,0.12894698112780972
94,94.0,94.0,0.08424161807069444,0.10988459137957281,0.10402388700101566,0.07882594776057293,0.07184418796461377,0.14340839676682074,0.05033089544835566,0.08416556792068061,0.1351212568137798,0.13815365087389359
95,95.0,95.0,0.08212846542811576,0.09558795202781481,0.10608958545040732,0.08395619540727917,0.09269366789269591,0.12849999720471467,0.06686537287916738,0.07692578521448597,0.14252489355985093,0.12472808493546803
96,96.0,96.0,0.08955546842520577,0.0953422832166453,0.127828236728545,0.09982165126243822,0.06011655128139529,0.11912871398527544,0.059192104126219426,0.08133083011595513,0.1302022806835734,0.1374818801747469
97,97.0,97.0,0.07996107573314096,0.09449216059805046,0.0987419254051499,0.08878783888276241,0.06062078960521335,0.14782807804807382,0.09176837343546769,0.06230084279134542,0.14446040036111138,0.13103851513968448
98,98.0,98.0,0.06688057663730368,0.10628783662187655,0.10022944527299844,0.08976864978138319,0.05229280409923505,0.16198914299187034,0.08818517587204493,0.06944393473976151,0.152748046623132,0.11217438736039427
99,99.0,99.0,0.07550819764854658,0.08958877539624703,0.09924509307340665,0.10121033550783894,0.06640129239147388,0.13840390659683338,0.10060259055491494,0.06328787103336916,0.1311488264529984,0.13460311134437114
100,100.0,100.0,0.08567957826032255,0.10762658731542449,0.09462088903155766,0.1046525926136688,0.07623441638880077,0.1430140223393291,0.07321257340533958,0.06068072813754739,0.11575355210851597,0.13852506039949367
101,101.0,101.0,0.10183362810971182,0.10533433464785405,0.08765791769423772,0.09733021918923496,0.059227204448896995,0.1245457709774884,0.07948360104521529,0.09833237056847983,0.12551620173980854,0.12073875157907236
102,102.0,102.0,0.09438154233481161,0.11192115849836685,0.08295475049113141,0.07894634167979694,0.06999556199206289,0.1238830673168004,0.08684781934789818,0.08248419238096258,0.1436071928397715,0.12497837311839763
103,103.0,103.0,0.09148321453728933,0.10062014025728283,0.10079169945959357,0.09663709958473751,0.08050454873535569,0.12651722847800403,0.0781844024832217,0.06856901887235493,0.13388969798821654,0.12280294960394386
104,104.0,104.0,0.07913857193882774,0.09008710939684006,0.09417085373714285,0.09108906338938924,0.06602955706239197,0.15037193392083897,0.08635287259872028,0.08430372417659827,0.13195729235371817,0.12649902142553232
105,105.0,105.0,0.1054858276338767,0.13219072009787886,0.10636558242674898,0.07433006529328934,0.05427909648710551,0.1272845709553509,0.08748314831379378,0.07539728489000172,0.13142408066229094,0.10575962323966319
106,106.0,106.0,0.07741340760912634,0.12203989379983753,0.09642231263160789,0.08040308556026927,0.06076375902125443,0.11551331717102051,0.07305989672832058,0.07848604555953773,0.15404340273954203,0.14185487917948364
107,107.0,107.0,0.08382527097165392,0.12170475859608224,0.09611002594571881,0.09181380441765767,0.07085783388694886,0.12501966884804444,0.08898430132162166,0.04891542314946719,0.14349793503810238,0.1292709778247028
108,108.0,108.0,0.10456009651809106,0.10137207695169523,0.1058539895298155,0.0990403059659946,0.0766245981566396,0.1241203665443595,0.08108537891531913,0.059573141204561565,0.14109924198650173,0.10667080422702209
109,109.0,109.0,0.09500240839805914,0.0976305419829919,0.10257518116181145,0.10398180091487763,0.054574713541129104,0.12537560716305976,0.09984852229414568,0.07244211598819683,0.12220369640235088,0.1263654121533776
110,110.0,110.0,0.07684090083314685,0.13514922205610153,0.0971074361760455,0.08572475323416087,0.0740160528020251,0.131391275292725,0.08109291222345086,0.07743903571907529,0.12632145320639548,0.11491695845687344
111,111.0,111.0,0.07986413619103921,0.11225248279068675,0.11238009388710954,0.10521587352342884,0.06482001809003018,0.11363312186747514,0.08634661807348788,0.07684465249541127,0.13533656157370855,0.11330644150762256
112,112.0,112.0,0.10056247140461734,0.09184115086647102,0.09747868869297602,0.07655474802540191,0.05777133601761022,0.14772250816052726,0.08213869920808202,0.08176313150866929,0.12814078255527867,0.13602648356036617
113,113.0,113.0,0.0713089899224268,0.11548670906382656,0.12636905413714522,0.091976157381258,0.07080691672362004,0.13219248375100656,0.06982310177838118,0.07867608135054441,0.11185940505673572,0.13150110083505545
114,114.0,114.0,0.08401978163117298,0.10799703371454417,0.07470405070452162,0.080280097169496,0.07428358560666495,0.12187052441645545,0.0942941402796715,0.08366869751846914,0.13048832392424198,0.1483937650347622
115,115.0,115.0,0.08937499212758494,0.10457754280088301,0.09321478474162827,0.10079642692068458,0.05495173103068489,0.14305382851780446,0.10597656070825408,0.0835558645993866,0.11256730523247518,0.11193096332061399
116,116.0,116.0,0.09338260871010536,0.10757350173958076,0.09933691355939761,0.0729613852005212,0.06340149917873847,0.1536122384089258,0.06755993587986923,0.06864188521674906,0.13585424939094426,0.13767578271516825
117,117.0,117.0,0.08064248118582254,0.11335057708125298,0.08607795839096317,0.10767705881530416,0.08428497962202765,0.12119223982424636,0.09535123945785143,0.060255619407063324,0.13581095913981725,0.11535688707565109
118,118.0,118.0,0.09586556708330442,0.1306998690032491,0.09068157492746864,0.09340292667224412,0.06165778627931027,0.15004552541751248,0.061872946562761655,0.062158038704581454,0.12364244386251055,0.1299733214870573
119,119.0,119.0,0.1148548523770416,0.10832897151575945,0.09908952123100438,0.08800079194277625,0.06365826399842951,0.12501194841875818,0.07538386506133507,0.07744262111026942,0.12431085439287445,0.12391830995175161
120,120.0,120.0,0.09468544834152516,0.11177217775941246,0.08128487837639307,0.0991265719912164,0.07204740592138804,0.14501923340614326,0.06980147161179592,0.05716235994136161,0.14683071108775764,0.12226974156300634
121,121.0,121.0,0.10878887096190135,0.1259781825481848,0.10795807629941385,0.1027426449049926,0.05138148538486711,0.12880607340441083,0.07832674557278337,0.04641901798138538,0.1250916774515293,0.12450722549053136
122,122.0,122.0,0.07526747584095843,0.10484451142385669,0.11079540383262294,0.07608353725222276,0.07153177038013463,0.13873038406849308,0.09245597752252437,0.0693406742752185,0.12793566121504135,0.1330146041889273
123,123.0,123.0,0.08905453901024331,0.09731853148349437,0.11541545856849081,0.06597141389606802,0.04740191116995636,0.13818185123980858,0.09256613462043381,0.08216989402683257,0.152323884924077,0.11959638106059509
124,124.0,124.0,0.07195357616464768,0.12275610331360283,0.12339916151115853,0.07235311345845967,0.06377217719479256,0.12863365432063384,0.07954028377165366,0.0659246024925059,0.14316026713901725,0.1285070606335281
125,125.0,125.0,0.09896825247765854,0.10793758178479822,0.10409714938235878,0.10924892622665416,0.05825856428544109,0.11738159170336404,0.0911115140061882,0.05553565352489324,0.14042839141673613,0.11703237519190757
126,126.0,126.0,0.08652492496213438,0.1232166342419783,0.09191081222195865,0.08331269280358308,0.08182584797335543,0.12098694300540276,0.08479408630686273,0.06368847446760165,0.13508748870524573,0.12865209531187724
127,127.0,127.0,0.08194057806936446,0.11718192267374643,0.1302951368060623,0.08084881331701141,0.05577000218343018,0.12103023742495995,0.05692129660879632,0.08527110521737764,0.15423047054246836,0.11651043715678291
128,128.0,128.0,0.11254020431178,0.11180230097745222,0.0989955749597055,0.08162174397881354,0.05915920702140644,0.12909897711279433,0.07481532724367403,0.058650230442569264,0.1426318330626518,0.13068460088915276
129,129.0,129.0,0.09369285691884652,0.10253394588359159,0.10997524245605958,0.09870774066956896,0.06263649536191421,0.1255678545740017,0.08720964113993597,0.08299317294055539,0.12138152900962014,0.1153015210459059
130,130.0,130.0,0.09850219523489183,0.0947485059529862,0.10163050728425452,0.07991306368955467,0.10860307243876743,0.11856915454484014,0.06846853731600672,0.07206233101139665,0.13456216185180214,0.12294047067549965
131,131.0,131.0,0.07689615150790859,0.1106449186439142,0.11050269178648371,0.10091280061189925,0.053990600681546506,0.13674039748241823,0.07301728534369681,0.07877325218453182,0.12793636178631776,0.13058553997128305
132,132.0,132.0,0.11196580587507995,0.09912528151936086,0.1153391520369467,0.10230570637006606,0.051941170074091346,0.11930449783709585,0.06798033813962422,0.0729777391907448,0.13964287407810455,0.11941743487888565
133,133.0,133.0,0.10598786669684845,0.1306841573875264,0.08727912794064621,0.087186267379,0.06937823508890029,0.12058725061760342,0.07865262584119534,0.0668749447631902,0.1285837227513324,0.12478580153375729
134,134.0,134.0,0.09528084461383177,0.08678107841173532,0.10746794501755422,0.07378562658972447,0.07645226470283017,0.12254437600331107,0.08771028848354309,0.08627775536502316,0.13048200772621135,0.13321781308623531
135,135.0,135.0,0.0854843202654281,0.10712626655680653,0.08834068903892926,0.1011389129138324,0.07233346521111872,0.1679967276952102,0.06678895103226898,0.06214568739821034,0.14296651883217618,0.10567846105601922
136,136.0,136.0,0.1022127057961572,0.1220257625756261,0.10017142271495982,0.08460816347786423,0.04924896233588361,0.1202946285565488,0.09025028800866094,0.08199853100921531,0.164169207823858,0.08502032770122595
137,137.0,137.0,0.08243935261696331,0.095045370004653,0.08934985728218856,0.09872646791411581,0.06133690561287576,0.1340134114823609,0.07947695661550054,0.09142273766071761,0.1321062700327119,0.13608267077791256
138,138.0,138.0,0.09983645655369205,0.09306365132810593,0.10854224021541248,0.08144369069814478,0.056672256183004054,0.11035020009960343,0.08163545500968523,0.07400263870011878,0.15421040571235217,0.14024300549988103
139,139.0,139.0,0.09024290076931238,0.10728435636439064,0.12927609968513545,0.09078911069133179,0.0792818949573722,0.12226428744013149,0.06782563396175383,0.0769708389705552,0.1273441161071647,0.10872076105285226
140,140.0,140.0,0.09378989571898075,0.09631072556164864,0.09876198857619524,0.11359817385812365,0.07828444064498681,0.10835778065792567,0.09541525810973085,0.068305933468405,0.14217129589497018,0.1050045075090332
141,141.0,141.0,0.08026131904410624,0.09956677069410165,0.08809008365167016,0.10707185353164213,0.05709437872297265,0.12422436800640338,0.09031600620035611,0.07872827805663661,0.13877591205884762,0.13587103003326345
142,142.0,142.0,0.10835740977088797,0.079393387396379,0.09669189035578304,0.09298711803148434,0.06279018174713238,0.10958385980638186,0.09360284665833121,0.08274520116731723,0.13506934342359125,0.13877876164271172
143,143.0,143.0,0.08750356973003157,0.09620044762181452,0.10920853764134897,0.08888269955734462,0.08836047827560592,0.12669247331488342,0.08293712926122147,0.07260282908277513,0.13085896145629086,0.11675287405868347
144,144.0,144.0,0.07991408653114805,0.11623860649981366,0.11454587998727614,0.09123988311537926,0.06980291141260467,0.11623085024423922,0.0922716423927821,0.07285461097568677,0.12036253337200324,0.12653899546906688
145,145.0,145.0,0.09208958545193803,0.12484682894245769,0.11083898795453787,0.0892652889061106,0.047576388267986214,0.12869466607765706,0.09614746465866007,0.06830294597903545,0.14412866436533137,0.09810917939628563
146,146.0,146.0,0.0824734902981773,0.09103512800625624,0.09974642464954407,0.11586058803483204,0.05884036412933361,0.1473647207583272,0.10026770894976744,0.0752250543935788,0.13142981431877382,0.09775670646140948
147,147.0,147.0,0.10808340667729441,0.10581649686933045,0.10321220675573488,0.07940370582710453,0.04764039932526952,0.12163293644461921,0.07700635528583102,0.08358806652511232,0.14948164367851907,0.12413478261118452
148,148.0,148.0,0.09265870605431914,0.09229277350362756,0.09285864479513817,0.0908036414459455,0.07330507005783782,0.151287442330318,0.08334680813755461,0.08476929021973355,0.12390980583252158,0.11476781762300407
149,149.0,149.0,0.10434017967691915,0.11955933669995848,0.10939681009731224,0.09451770972240231,0.055919441957997584,0.13446878453161318,0.06944347570547246,0.06436595369871626,0.13533707497824188,0.11265123293136643
150,150.0,150.0,0.08220044783122414,0.11435039980227643,0.09639030852343583,0.10462110378471252,0.06109420814196759,0.11900121548198468,0.07731238399203669,0.07325205154790142,0.1338037015582902,0.13797417933617054
151,151.0,151.0,0.09021489261587821,0.09996559278729852,0.0720275452874444,0.09472018869357121,0.0719938740287668,0.12130110581415014,0.09373891657650218,0.06777381699252942,0.1600446176631765,0.12821944954068257
152,152.0,152.0,0.09512332062890352,0.1100115240986663,0.10428864931276047,0.0971153281492427,0.06817907760489919,0.13860319264815693,0.0754835747298156,0.0535647057876539,0.12959298542327222,0.12803764161662912
153,153.0,153.0,0.10676048248712133,0.112267489047122,0.09274052813924326,0.08321765182641479,0.06162028214496308,0.13957999551848108,0.06768519047227581,0.0741576262985554,0.1351156868404692,0.12685506722535406
154,154.0,154.0,0.09126749981030965,0.116182335550754,0.09766651537501411,0.0688826495488086,0.05715530680464107,0.12466082885469314,0.09238741668336609,0.07696608145117736,0.15916753096818984,0.11566383495304611
155,155.0,155.0,0.09997326400867032,0.09852813418677621,0.09656287756862472,0.09444572836590483,0.07387679809202875,0.11035595400520817,0.09858038012317585,0.09277306651325841,0.11068879573327808,0.12421500140307469
156,156.0,156.0,0.1181035197936698,0.09516329384246634,0.09268578476011947,0.07826503017323075,0.06294503083649812,0.12494594331727907,0.070373239056212,0.06224829629190263,0.14134541222583685,0.15392444970278496
157,157.0,157.0,0.11055783421897933,0.12073225564759338,0.10139108942964734,0.07683973763548654,0.04378134309892663,0.14116309846008165,0.07988166850017112,0.07768668546944923,0.13097119037947175,0.11699509716019293
158,158.0,158.0,0.1039087731742964,0.09700829701095448,0.0737678483711092,0.11042002669900819,0.06918951169453243,0.12121559392074457,0.08804610542494057,0.0607003383455625,0.14946030520462306,0.1262832001542286
159,159.0,159.0,0.1010569752883935,0.09042046962001106,0.10675896831745327,0.09203641969719484,0.05135933675108121,0.14439514764527442,0.05790241903035261,0.08870530255104217,0.14080062938376633,0.12656433171543055
160,160.0,160.0,0.08508040138525191,0.12166075183028713,0.10017761307025821,0.08326624886966338,0.06398738556299281,0.1295683082559068,0.06488189383742324,0.06849273784777225,0.15699201141740599,0.12589264792303823
161,161.0,161.0,0.0924202209151613,0.10955195820901324,0.11304331792186002,0.0913831114003029,0.048651410619523106,0.14464311193318075,0.06213065466527749,0.07732072340713976,0.12287544790279074,0.13798004302575065
162,162.0,162.0,0.07701729036751159,0.09054391324012939,0.10239415184501537,0.10010724134998791,0.04721582468103207,0.15024539762522035,0.09410200473289901,0.05331221040230701,0.1463394982022547,0.13872246755364256
163,163.0,163.0,0.07707996921267857,0.11055934914736894,0.09721521202206024,0.06960355740380157,0.07513555086334511,0.12110281782274561,0.08786499833072385,0.0702776441347557,0.149795823474596,0.14136507758792435
164,164.0,164.0,0.11230352167383784,0.10887281821990291,0.09806014829552394,0.07676399528597878,0.07894252501392722,0.11395024617239635,0.09742142285064981,0.05836822937118006,0.12626386339593137,0.12905322972067174
165,165.0,165.0,0.10952612863021378,0.12212130626097317,0.0956152666704582,0.09823188328600577,0.05564585939875005,0.11929305703248352,0.08206090145896427,0.05709083595697938,0.13081890242491084,0.129595858880261
166,166.0,166.0,0.0990953051600959,0.10948704530247824,0.10526314169032505,0.0861174178934971,0.060435889959783995,0.12629069225755407,0.09390261442012282,0.06480300603945324,0.1373991452895571,0.11720574198713254
167,167.0,167.0,0.08193419144173215,0.11354672082643699,0.11453195339000548,0.09550241032638532,0.05319681464436108,0.1006695293499738,0.09527228881134221,0.08386107015439381,0.14625538172652697,0.11522963932884212
168,168.0,168.0,0.09779490924527572,0.11041202056126602,0.11497234119506416,0.07226100708533573,0.06527752405388945,0.11768347293167489,0.07889073975683372,0.06016769386253255,0.15650928771993933,0.12603100358818847
169,169.0,169.0,0.10008946765037663,0.0939619129539938,0.09661797208717206,0.11244541880543986,0.09133188672477847,0.12416124780498235,0.07639852038169938,0.06610068808077614,0.12193599801555866,0.1169568874952227
170,170.0,170.0,0.09796083068519586,0.08529006000762834,0.09572049668338031,0.08680998140769486,0.08847281149041462,0.10898011549004967,0.10244586839705228,0.05122849314528274,0.15397243518218673,0.12911890751111457
171,171.0,171.0,0.10008781487366565,0.10004902864903917,0.08562835037796943,0.07479070977096061,0.07293401930988172,0.13272496431675113,0.07748250178923609,0.08860984853919815,0.14987262969641643,0.11782013267688167
172,172.0,172.0,0.07229972914789813,0.11159021655468619,0.10810063997392623,0.08599015988480943,0.06977850784020515,0.14030992548182347,0.06401165413973635,0.07262002302216815,0.13962490549751072,0.1356742384572362
173,173.0,173.0,0.08237909857412257,0.10632339130695309,0.08742603719932102,0.09601780170365962,0.07316588080252089,0.1144637416281434,0.07667722786804251,0.09431384102836687,0.13427314588068767,0.1349598340081823
174,174.0,174.0,0.09825909755229256,0.094219937895293,0.10664296391619314,0.09619781141282761,0.07441613064338339,0.11702631125595286,0.07936514062614194,0.07373613463539061,0.1334897932762023,0.12664667878632258
175,175.0,175.0,0.09559625598813196,0.10916233061204964,0.08329595771879729,0.10267740536146541,0.05759653005279689,0.11718254685130425,0.07781232992646922,0.08725256320937605,0.15030561356096755,0.11911846671864172
176,176.0,176.0,0.07353136994142949,0.12384080966055344,0.08539900466533289,0.10513851722505858,0.05923229589240684,0.10047746043090662,0.09365559999099071,0.06394720456258828,0.14752436565565472,0.14725337197507835
177,177.0,177.0,0.09223091489876778,0.10675954369325677,0.07391508062146505,0.09012454505930553,0.06728651874641514,0.1302101558304721,0.07558919227758923,0.10403172569772715,0.1424262523101451,0.11742607086485615
178,178.0,178.0,0.0907075973716105,0.11182942692188844,0.09332599121371266,0.09269263639977518,0.06362004479204778,0.12517899130322463,0.08237266870479709,0.05837694940697713,0.16123258997480408,0.12066310391116244
179,179.0,179.0,0.08124106949857963,0.11945709467900419,0.09779724703936213,0.10274686327156282,0.0822268288267919,0.11752660387596667,0.0802741594054721,0.07617273498030722,0.14271699538776236,0.09984040303519091
180,180.0,180.0,0.08147600934566722,0.09239229871333324,0.10217388275497308,0.11328103137624623,0.05663942438903393,0.11764525350354751,0.07688600838166453,0.05001816369973024,0.16506553969983845,0.1444223881359655
181,181.0,181.0,0.09047511476573307,0.1271212306286591,0.10250909092300745,0.09815835770797784,0.06552578197051176,0.10841187728113852,0.10933771651018102,0.056549336525554585,0.12641939585988662,0.11549209782735001
182,182.0,182.0,0.08061990906556367,0.10764082352590347,0.10263862021377748,0.09981653050609099,0.0445306242687598,0.13218717617882744,0.10669145236587936,0.06329787114325751,0.13387448990848366,0.1287025028234566
183,183.0,183.0,0.10242627490911049,0.11061868781026904,0.0963646621093955,0.10240712680750182,0.06978590438474981,0.13594863221270315,0.07765130002099867,0.044572481359960434,0.14936848330784308,0.11085644707746796
184,184.0,184.0,0.08836748957303815,0.09348978383288806,0.08677486587773753,0.08645774732436437,0.06310807162872233,0.10907383025716515,0.08439639013324612,0.10847320574907596,0.15092699677414254,0.1289316188496198
185,185.0,185.0,0.11172014212983514,0.10708573250860931,0.1346479641596829,0.07507316605815449,0.040849224799408855,0.13082505064934388,0.06898938582604518,0.06530363891784928,0.14565567857194023,0.11985001637913073
186,186.0,186.0,0.0946252329885964,0.09752445682700049,0.09957674308062915,0.09642461191068888,0.07127086594997331,0.09738095788392756,0.08487559430241905,0.08680351265406998,0.16791377761415652,0.10360424678853866
