,Unnamed: 0,Generation,Intertwine_two,Add_vertex,Delete_vertex,Invert_path_vertices,Insert_inside_vertex,Delete_inside_vertex,Replace_inside_vertex,Donate_between_routes,Trim_one_terminal_cb,Grow_one_terminal_cb
0,0.0,0.0,0.09999999999999999,0.09999999999999999,0.09999999999999999,0.09999999999999999,0.09999999999999999,0.09999999999999999,0.09999999999999999,0.09999999999999999,0.09999999999999999,0.09999999999999999
1,1.0,0.10900000000000001,0.1014352295307778,0.09912362943802606,0.09824427358234653,0.10032461876501018,0.09827180385161391,0.10141203100259048,0.10071215652233369,0.10053528932193873,0.0995842172333054,0.10035675075205715
2,2.0,0.31601,0.10148727807100692,0.09907672585709842,0.09612476129114463,0.10122732929240441,0.09770024247088291,0.10234742803982377,0.10168467412198746,0.10031805926744694,0.09997465366631512,0.10005884792188934
3,3.0,0.6191589000000001,0.10231271376202684,0.09807795059220227,0.09487208693476752,0.10142411206081486,0.09784783451434131,0.10261404681821286,0.10166284476634514,0.09991845779191708,0.10023285030324307,0.101037102456129
4,4.0,1.015801321,0.10218768037359637,0.09843900103023448,0.09182644169153288,0.10160771589070755,0.09792338079203973,0.1046243257341351,0.10195082767788949,0.09954462842578854,0.10072060648821417,0.10117539189586168
5,5.0,1.50262148669,0.10259889751392967,0.09765769875626784,0.0899090742148366,0.1013822501383646,0.09675613572379807,0.10602761676587893,0.10187099797023037,0.09943053071946611,0.10244101416786948,0.10192578402935834
6,6.0,2.0757334209441005,0.10096806071269518,0.09740188510334043,0.0882037858032638,0.10180967393810847,0.09554238141607252,0.1069607014943916,0.10249518578390471,0.10020235316029166,0.10338381295277554,0.10303215963515616
7,7.0,2.7307768275633495,0.10063706316380044,0.09707031991882678,0.08765575790598522,0.10233301925604334,0.09525606151712479,0.10686607011040532,0.10210232833150373,0.10037468336837255,0.1033677944122361,0.10433690201570187
8,8.0,3.4630081252450404,0.10164488356855313,0.09745256966789781,0.08662070087229569,0.1023249600661687,0.09454455639572637,0.10773561205271572,0.10238074176188383,0.09947663094311114,0.10388410352034103,0.10393524115130678
9,9.0,4.2673862119061114,0.10111792090403568,0.09768927192801088,0.08425299516494877,0.10269115195879165,0.09436009278844124,0.10883302968858705,0.10245584572068395,0.0986880284173947,0.10548865169352968,0.10442301173557661
10,10.0,5.138652627782014,0.10184490843697827,0.09744291161699059,0.08352213201287827,0.10214908315569546,0.09368554540425432,0.10883094712458752,0.10130667954135335,0.09778222151022228,0.10651040699721527,0.10692516419982492
11,11.0,6.071405875792507,0.10138217446441039,0.09701533883164937,0.08242022276747914,0.10256113616659394,0.09343053204515338,0.10890133083186158,0.10020657836102458,0.0973163350261369,0.1077630150710859,0.1090033364346051
12,12.0,7.060169740244025,0.1007405195642387,0.09627815836429598,0.08139636840534095,0.10299522780671361,0.09222839235633425,0.1112157262049465,0.09896673305896109,0.09600693489973064,0.1100678155354607,0.11010412380397788
13,13.0,8.099455520847952,0.1019182813717714,0.09703116169358042,0.08082197088245874,0.10314538513464036,0.09060727673485967,0.11213474521382635,0.09857464397309862,0.0937881959658604,0.11129743338657874,0.11068090564332561
14,14.0,9.183818168183006,0.10209044834328448,0.09738701530963759,0.07947606360180745,0.10343033438048757,0.088877334615825,0.11210299439614706,0.09895749168439702,0.09244469384138124,0.11254877777244829,0.11268484605458465
15,15.0,10.307906369102724,0.10211528497581092,0.09720130003239759,0.07900179331372904,0.10245786948417245,0.0878295728763518,0.11309462047795812,0.09794081599152818,0.09120415406486398,0.1146676011746133,0.11448698760857498
16,16.0,11.466506686239443,0.10211437112809188,0.09703969077529598,0.07876269960612413,0.1011388416647952,0.08733269821729862,0.113269533754198,0.0979010802958699,0.08984867747364221,0.11688288462756091,0.11570952245712356
17,17.0,12.654581904800096,0.10120221907820404,0.09631673804142593,0.07980415896320894,0.1020896351788842,0.08691043325413465,0.11376516351951632,0.0962738579020928,0.088876739302506,0.11837945252465133,0.11638160223537619
18,18.0,13.867303782456686,0.10127302373154819,0.09369259952319946,0.07984802518159834,0.10346898066049266,0.08724410077685552,0.11436630405428708,0.09660415883015498,0.08837272042078274,0.11888745262398967,0.11624263419709178
19,19.0,15.100080434523047,0.10077387890241984,0.0930804631239393,0.0793619101377049,0.1026519771928754,0.08601470024041936,0.11661613020009802,0.09690771343236586,0.0876765942360816,0.11923986311966503,0.1176767694144311
20,20.0,16.348578617037543,0.09929778417447462,0.09373229524762867,0.07958165411173614,0.10178335818599535,0.08567484415457083,0.11707960262579555,0.09773017277954071,0.08638928160941978,0.12021945589008817,0.11851155122075058
21,21.0,17.608741195130214,0.10110228179616579,0.09407775556253302,0.08011216335941235,0.10241727330259336,0.08459733800411451,0.11623099988619859,0.09689517600869356,0.08503885811497204,0.12151192312966863,0.11801623083564851
22,22.0,18.876800103462312,0.09996987437920664,0.09542944436434805,0.07916529010409915,0.10275135192059247,0.08374692677814262,0.11661942085536978,0.09757250763635966,0.08528234653153155,0.12037801164804653,0.11908482578230391
23,23.0,20.14928511992658,0.09850754995150157,0.09597458247567005,0.08047164556206592,0.10235786621149771,0.08271841147837229,0.1169049991069323,0.09712979820485211,0.08567347066237677,0.1227146597207955,0.1175470166259361
24,24.0,21.423028783545156,0.09777703334185173,0.09672899437233018,0.08221681442943998,0.10192714130539039,0.08193010623548883,0.11727537613859698,0.0950558474153027,0.08625823619201456,0.1237313246349504,0.11709912593463456
25,25.0,22.695167792966423,0.09774373140702532,0.09774268257882102,0.08221963400219538,0.10233304877354568,0.08099942103492944,0.11617085037995091,0.0940169823825534,0.08639474482318762,0.12501953339367836,0.11735937122411318
26,26.0,23.963141223515898,0.0982180339054201,0.09848723574438455,0.08395513461734051,0.10192483193195204,0.07919510759544367,0.11641833578363932,0.09198855027427184,0.08605962005352392,0.12631345429613886,0.1174396957978855
27,27.0,25.224685898775267,0.09908771620719359,0.09899922342478189,0.08361894003737592,0.10155787929824818,0.07865413831566687,0.11752763226037419,0.0904717583450126,0.08646624194301156,0.12714709834349272,0.1164693718248428
28,28.0,26.477829247520948,0.09947747297096356,0.09809082621892012,0.08509753637617268,0.10156026969205749,0.0766955232768862,0.11908097198434371,0.08900004170973741,0.08598875667672014,0.12771533209534008,0.1172932689988589
29,29.0,27.720879968916847,0.09995105763095438,0.0980558400492226,0.08377349223986741,0.10050592565969921,0.07411812129840967,0.12182146562154636,0.08756032933425117,0.08599699472188384,0.13053031158423647,0.11768646185992913
30,30.0,28.95241681848399,0.09789213953238361,0.09866505864464346,0.08550643296009543,0.10118590378646476,0.07248961765903568,0.12232258304833256,0.0874924185102957,0.08598135584646587,0.13025201299698652,0.11821247701529666
31,31.0,30.17127581490958,0.09601225894486633,0.09858658596151826,0.08513025755673104,0.10214075060963326,0.07099512836370124,0.12324445627689523,0.08804152024304565,0.08628704072152679,0.1325484284292889,0.11701357289279354
32,32.0,31.376536153543515,0.09616413789549552,0.09915548089119271,0.08528024230896011,0.1022076959951068,0.07010593230243631,0.12448578383338399,0.08757832721761075,0.0860477252047366,0.13216571623699405,0.11680895811408341
33,33.0,32.567505096778625,0.0953737192385077,0.09999278977312595,0.0876929705087822,0.10263651435751618,0.06810758686092945,0.1266856494648117,0.08797013047049004,0.0851706738016384,0.13132218347532398,0.1150477820488746
34,34.0,33.74370209472243,0.09448486552765724,0.10076844981982865,0.08824513125746028,0.10334516753940987,0.06701749055254902,0.12680815082961794,0.08745786871353704,0.08563670507485252,0.13131685807597443,0.11491931260911324
35,35.0,34.90484237192463,0.0937465163717953,0.10063387375631754,0.0892493370204353,0.10260343347210565,0.0661760146478213,0.12874890692018504,0.08660556739563038,0.08462581189401519,0.13271409302567785,0.11489644549601662
36,36.0,36.05082019768737,0.09388961083145081,0.10181896367760498,0.08964578907722527,0.10243786951747487,0.06687583547982806,0.12821221158172424,0.08478366802643841,0.08282311007938452,0.1345453224880727,0.11496761924079632
37,37.0,37.18169203889697,0.09272172507003475,0.1020304541425409,0.0897359445753523,0.1014371015010695,0.06657718735204005,0.1286803520167309,0.0850547409972004,0.08283761182781803,0.13476143702892784,0.11616344548828554
38,38.0,38.29765977559663,0.09163543498231881,0.10303928430323325,0.08986221172361487,0.10026887074552113,0.06609973246791812,0.1302066425942993,0.08542061330964751,0.08166638224917644,0.13569713352922205,0.11610369409504875
39,39.0,39.399054140870355,0.0911812102674982,0.10246236443146448,0.09134313796349897,0.09969079357203417,0.06537654564825263,0.13037962436594286,0.08439010781803657,0.08212109173250128,0.13676374303308825,0.11629138116768281
40,40.0,40.48631852820801,0.09083673243459384,0.10274828156986893,0.09165317018376097,0.09968854470625493,0.06692949840155098,0.12967265275498113,0.08313134101749368,0.0822176395841704,0.13660700342194093,0.1165151359253844
41,41.0,41.55999329152982,0.0921351038026908,0.10237832499308364,0.09239387252630768,0.09832510965468202,0.06835659602280303,0.12951333970376122,0.08357991843674019,0.07923813535485505,0.13785096031545835,0.11622863918961819
42,42.0,42.62070064560415,0.09260805845638889,0.10157626515688487,0.09134684794470528,0.09747404279546767,0.06771855470763705,0.12973254356504416,0.08386935730266071,0.07740832976945598,0.1401116629012451,0.11815433740051043
43,43.0,43.669130257815,0.09391666794889389,0.10032370654737048,0.09191308329141576,0.09760313307245204,0.06770663210019104,0.12942500449199915,0.08399375058446168,0.07675815131361882,0.1408022842584283,0.11755758639116895
44,44.0,44.70602560622662,0.09489997779409591,0.10046506261662377,0.0923779867366964,0.09785746267545135,0.0683955140714856,0.1294687621367521,0.08397974246643347,0.07586878832858081,0.13952720484583894,0.11715949832804179
45,45.0,45.73217116373481,0.09460668677118209,0.10149217503613567,0.09160903301525906,0.09783964915047877,0.07054746405164729,0.12973859408387767,0.08267614262388998,0.07474223305870208,0.13982196321515863,0.11692605899366892
46,46.0,46.748380453854836,0.0957303657975557,0.10147890256337208,0.09165319829260656,0.09730774696369994,0.07186902583056891,0.12750003709219188,0.08350548643795891,0.07373265916178283,0.14018961556387066,0.11703296229639269
47,47.0,47.755485010424316,0.0948509971759098,0.10306507024001638,0.09125036799010477,0.09695816104231275,0.07249073126627913,0.1269092730918169,0.08396853482102118,0.07343964587991277,0.1394674862555033,0.11759973223712321
48,48.0,48.7543242612326,0.09583374730307621,0.10247959634323589,0.09151810237826913,0.0970034689166832,0.0726329285158595,0.12778710913492378,0.0834442311884521,0.07253084023982347,0.13927124707875113,0.1174987289009257
49,49.0,49.745736344347726,0.09462406968586097,0.10126697835662411,0.09190134252503823,0.09813540809961092,0.07257056415246066,0.12798893300976139,0.08182319137631704,0.07191128628327857,0.1404468562731437,0.11933137023790444
50,50.0,50.730549855707864,0.09572072892194236,0.10064168318295627,0.09338860304660987,0.09748332176341731,0.0735853236760634,0.12899282775461582,0.08104923915876108,0.07178054475986068,0.139918700035161,0.11743902770061228
51,51.0,51.70957651737491,0.0948398877879307,0.10002957009960509,0.09362140860044191,0.09473229652648393,0.07364411802362358,0.13059994432161015,0.08229097963689669,0.0714755551548718,0.14075375366414747,0.11801248618438875
52,52.0,52.68360474770151,0.09348685125568147,0.1014960849466092,0.09341001431451615,0.09309305333752187,0.07411313762682681,0.13080156504579923,0.08150080410273591,0.07395357660836312,0.1412814031852248,0.11686350957672152
53,53.0,53.65339410751842,0.09288056864257806,0.1015099569180614,0.09466214925203979,0.0911925941121443,0.07347819603329629,0.13166106359697488,0.08099119160364367,0.07519232642066839,0.14168787218718323,0.11674408123341005
54,54.0,54.61967059027847,0.09349713231578019,0.10246872662542711,0.09511768772554788,0.09151511866960328,0.07334662275313039,0.13018242143107264,0.08061275818695027,0.07582714104868016,0.14127965520418795,0.11615273603962019
55,55.0,55.58312271885972,0.09177972190526858,0.10318095877716943,0.09576912765362655,0.08989758359721514,0.07333331629053277,0.13135968723137875,0.08055858337215972,0.07637516881358837,0.14088306818328789,0.1168627841757729
56,56.0,56.544398407394254,0.09130292225322313,0.10320967646277165,0.09828679980002639,0.08921839080251484,0.07309379675595819,0.13120167868327978,0.08078169625166093,0.07557358646043741,0.14084019821322374,0.11649125431690402
57,57.0,57.504102543001395,0.09111243618293897,0.10321754180471221,0.09816524263989597,0.08918902991381235,0.07216176730507201,0.13058485397328157,0.08042246196278446,0.0780766784646186,0.14113736677617675,0.11593262097670715
58,58.0,58.462795239617805,0.09239011430835495,0.10315734002028099,0.09838525280961607,0.08689825856988985,0.07188498006324061,0.131424681725736,0.0808401849011717,0.07762243763590783,0.1413322633123591,0.11606448665344296
59,59.0,59.42099071417639,0.09117876598547552,0.10282334377945368,0.09905322742777296,0.08510546534523063,0.07045380851983424,0.1324882537730836,0.08109729852121696,0.07814241936104177,0.14214986894817971,0.11750754833871101
60,60.0,60.379156734137354,0.09088650329169971,0.10244113420061797,0.09923670897552478,0.083724423877249,0.07079381979910924,0.13096688098333006,0.08184404312593821,0.07836881669223457,0.1412049391331524,0.12053272992114408
61,61.0,61.337714584760846,0.08968770128217168,0.10099927983707076,0.09835970898830097,0.08416538569741225,0.07000378464742449,0.1307180739449546,0.08429470859647253,0.07886809683122208,0.1412499842416786,0.12165327593329214
62,62.0,62.29703950447439,0.0901364319957407,0.09962874683479761,0.09963926762787516,0.08407869344346391,0.06909443823554337,0.13102972136933017,0.08428678676696591,0.07899239550226851,0.1406782943152576,0.12243522390875718
63,63.0,63.257461537171835,0.09065301413314408,0.0975979750634191,0.10039840739852635,0.08407115831443732,0.06788500171887948,0.1306717387380747,0.08638645548740866,0.07882085296526534,0.14060325287326175,0.12291214330758342
64,64.0,64.21926675122782,0.09020870211805138,0.09790201772719737,0.10150241398141654,0.08389897668487072,0.06828906225404656,0.13070987017954008,0.08622066327003841,0.07794076002632651,0.13953187377973084,0.12379565997878178
65,65.0,65.18269877636592,0.09078748354623493,0.09729515441423212,0.10097309513956736,0.08711166713828392,0.06732628524414343,0.13067577144597803,0.08740161322162857,0.07570095992720685,0.13957283686076477,0.12315513306196028
66,66.0,66.14796061122655,0.09218178856000454,0.0985881538400733,0.09880064413576638,0.08671851216539533,0.06764209311166873,0.13140599316185209,0.08626271190325956,0.07550706654499961,0.13808257686275888,0.12481045971422183
67,67.0,67.11521665648885,0.09237759113308457,0.09953885552366196,0.09759722873406936,0.0861936948857949,0.06827877520183404,0.1307600421247624,0.08774510735087461,0.0733954177261748,0.1376208567540026,0.126492430565741
68,68.0,68.08459493066005,0.09316321744615312,0.10020211269222207,0.09675892682196584,0.08474540082566531,0.0671448797402101,0.13144028076401668,0.08743004293720182,0.07206146638010606,0.13775482676870943,0.1292988456237498
69,69.0,69.05618942810752,0.09293599548622462,0.10119867475656696,0.09720561304600207,0.08297827510832947,0.06820920687764645,0.13089394076338548,0.08824941350897718,0.07136907343862722,0.13746378067320889,0.1294960263410319
70,70.0,70.03006258152917,0.09299634262388416,0.10003849567843398,0.09689605173759175,0.08498012058144756,0.06779123053084199,0.12936770824699356,0.08709382464589226,0.07318921037692194,0.13771202875745478,0.12993498682053833
71,71.0,71.00624779379335,0.09311652934988557,0.10024587019235962,0.09602222948742849,0.08562296435076473,0.0675610161996174,0.12943405242587128,0.0864387478485871,0.07299912691858612,0.13846997326763644,0.1300894899592636
72,72.0,71.98475200689319,0.09450158945210302,0.10085119572651,0.09535656498720708,0.08558118530380501,0.06800860419737245,0.12928146426149484,0.08652155733000562,0.07198883732655785,0.1381287501451074,0.129780251269837
73,73.0,72.96555827861411,0.09371013685860934,0.10188471235505112,0.09452554427706794,0.08644462122570083,0.06666842322389904,0.12871278514466514,0.08694295929270333,0.07385748162553661,0.13793188598611997,0.1293214500106469
74,74.0,73.94862834037681,0.09214543272659184,0.1030787496345433,0.09490435356232921,0.08598116014112483,0.06644825031359378,0.12781763578863115,0.08722183893105054,0.07409436148613721,0.13811583962059681,0.13019237779540155
75,75.0,74.93390511255946,0.09400034117964783,0.10233902080895604,0.09480299271609693,0.08681735048744661,0.06568806943712333,0.12796040776696457,0.08741553976153058,0.07430855258021696,0.13738165538823796,0.1292860698737794
76,76.0,75.92131515639825,0.0925691798289967,0.10352104034464449,0.09425479169677771,0.08791954651609739,0.06407494661956903,0.12920821262074647,0.08646243154739527,0.07465911064607478,0.13826164308009395,0.12906909709960446
77,77.0,76.91077104428919,0.09189531968412425,0.10218100906051866,0.0917818467446636,0.08958641709485939,0.06202150628804209,0.13187675837918877,0.08675809764959293,0.0749695186561698,0.1402172107169676,0.12871231572587313
78,78.0,77.90217363294813,0.09045955732737866,0.10083293533235062,0.09041567382894646,0.09020262678607308,0.06312004095704027,0.13158386879784587,0.09011928374280198,0.07406675807496585,0.14147332186300227,0.1277259332895952
79,79.0,78.89541422641172,0.08794613038178353,0.10204743463735035,0.0925390959030715,0.09046378410226744,0.06439504642634909,0.13170034467310146,0.08995825084705875,0.07384268378690548,0.1396222340367955,0.12748499520531714
80,80.0,79.89037661826481,0.08551812433891426,0.10637577671950285,0.0918313421702191,0.09314797512467149,0.06333349861064164,0.1303228497952993,0.08808831106940784,0.07440009647836823,0.14125860059406758,0.12572342509890794
81,81.0,80.88693900474995,0.08269688280414805,0.10639693768044993,0.09379248616618517,0.09539311923184803,0.06371657242131645,0.129300840575269,0.08550007550144925,0.07647829987741425,0.14152532619497776,0.12519945954694234
82,82.0,81.88497576253909,0.08259417727661304,0.10654853029916343,0.0931480378345193,0.09643649332240867,0.06331027830393217,0.1298130754627306,0.0846584009387312,0.0761264872539117,0.14077625324006168,0.12658826606792845
83,83.0,82.88435908692391,0.08259300716942282,0.10653244093107826,0.09397249794632939,0.0956965730068553,0.064969789565271,0.13047739830568678,0.08488317724865409,0.07518078323107641,0.13940703121301107,0.12628730138261512
84,84.0,83.88496048800103,0.08273712732773413,0.10687580215840747,0.09385689735168207,0.09586083617074807,0.06442782835665549,0.13115609980744167,0.0852110553335032,0.0731551025246608,0.1415079980349428,0.12521125293422453
85,85.0,84.88665214409042,0.08323526892750338,0.10808315623675249,0.09430620730337055,0.09546126446284343,0.06412636362258337,0.1315064057643023,0.08509633416424817,0.07335409988457375,0.14240075412194755,0.12243014551187525
86,86.0,85.88930811312994,0.08407672801520362,0.11008676620634382,0.0960975134815243,0.09618635274157872,0.06622485565350518,0.1270444107659363,0.08519829473760841,0.07075390342764878,0.1415412182666373,0.12278995670401384
87,87.0,86.89280540413424,0.08275157960616361,0.11066686462309683,0.10008565874007536,0.09677080495583078,0.067232937262778,0.12637064366399736,0.08352960756660718,0.07115711159603877,0.14193973016354586,0.11949506182186653
88,88.0,87.89702491199675,0.08192684217269934,0.11103722402954004,0.10068716171323244,0.09568402859275851,0.06786196226824728,0.1250448764124931,0.08289132492487594,0.07146094265567168,0.1425407571276892,0.12086488010279273
89,89.0,88.90185221995306,0.08339446943246803,0.10987717211658066,0.10016268314392081,0.09614303009525503,0.06802056185658831,0.1257014986058979,0.08205620931504169,0.07178456319726222,0.14358889024377056,0.1192709219932151
90,90.0,89.90717827491419,0.08333989502744495,0.10929695867374517,0.1007689212523035,0.09462631028981652,0.06881305065062589,0.125651156033296,0.08415143734372534,0.07005509933682892,0.1444824380067051,0.11881473338550892
91,91.0,90.91289994163006,0.08480407197207046,0.10895112367879156,0.10152269477290415,0.0937119720675932,0.06821155422185135,0.12501778159348287,0.08408370175389045,0.07089866530416261,0.14292915052672814,0.1198692841085255
92,92.0,91.91892044225806,0.08503596441623804,0.10820029963819508,0.10062976105581754,0.09275538734875304,0.07023004315357424,0.12599373979605816,0.0848273914728037,0.07022581836594559,0.14275047597096208,0.11935111878165282
93,93.0,92.92514968840067,0.08546566937402611,0.1072107368900066,0.09995564024915196,0.09287200646607013,0.06913681294928105,0.12651366366104588,0.08346503958697703,0.07211378905424175,0.1432978362988077,0.11996880547039204
94,94.0,93.93150451304501,0.08532100157887379,0.10750862139133374,0.10059392796465025,0.0914375343511658,0.06960589957381139,0.12807386417726754,0.08001598683894835,0.07327039997714198,0.14263759192536749,0.1215351722214399
95,95.0,94.93790881009448,0.08496869146389704,0.10637081320723477,0.10140925634390154,0.0905334183465166,0.07213540841260493,0.12814055001155197,0.07826843619489779,0.0736963232165681,0.14270857231276252,0.12176853049006496
96,96.0,95.94429358933806,0.08536591039976917,0.10521439034863454,0.10436372030410652,0.09124048729845585,0.07135983730118997,0.12726703341239565,0.07581428310680018,0.07455245324217771,0.1415383565862612,0.12328352800020943
97,97.0,96.9505969547639,0.08480586375310195,0.10398987644271496,0.10434875190019588,0.09085927975687341,0.07059981427310036,0.1292694216851636,0.07669695046863134,0.07348775530150317,0.14179761364113694,0.1241446727775786
98,98.0,97.9567640140995,0.08294532398131814,0.1039724043713233,0.1044279640585107,0.09059355965057019,0.06898320475054301,0.13267326418866351,0.07728374556760548,0.07313196722463612,0.14288633748392693,0.12310222872290288
99,99.0,98.96274672736057,0.08197295281439684,0.10230992770701339,0.10435883459317974,0.09149033102885099,0.0687722010029522,0.13367135759034182,0.0791626169280136,0.07215927125996778,0.1418048840168166,0.12429762305846734
100,100.0,99.96850370202192,0.08205030927368677,0.10249026837794455,0.10378306025499924,0.09273885102467658,0.06954190094373838,0.13507797871616678,0.07832899917369239,0.07093441659991812,0.13918548788633087,0.12586872774884664
101,101.0,100.97399994219691,0.083771627761853,0.10247471290440036,0.10247694450467039,0.09324941909436615,0.06860083485090619,0.1345764730294568,0.07815468170110734,0.07349467476434295,0.1375699769742448,0.12563065441465235
102,102.0,101.97920655893245,0.08475622582719117,0.1031479915806964,0.10068293334095946,0.09191135060709166,0.06873697481765371,0.13395854052482933,0.07874750699949017,0.07446246625161494,0.1378045785110193,0.1257914315394542
103,103.0,102.98410044840509,0.0854487844713195,0.10271157223443116,0.10067473636196755,0.09234651466976572,0.06992298533379986,0.1335650626547047,0.07849571120505114,0.07402217850059245,0.13710199655224836,0.12571045801611996
104,104.0,103.98866394444643,0.08489796729184854,0.10124457741697665,0.10000644413960603,0.09222626455578725,0.06964871126505057,0.135525924774109,0.07908282891438759,0.07514485845881418,0.13624430924026437,0.12597811394315622
105,105.0,104.99288445143917,0.08697936344629936,0.10402306847117013,0.10056609810441665,0.09043076763193267,0.06819062700362098,0.13513042447649135,0.07979696286114105,0.0753562151497319,0.13537619932147057,0.12415027353372571
106,106.0,105.99675406321822,0.08623044262470583,0.10579030430640719,0.10013345453645542,0.08926111540377511,0.06738770211658408,0.133518890294991,0.07907422010919837,0.07585572293591417,0.13681731141568948,0.12593083625627965
107,107.0,107.0002691731872,0.08610942987136862,0.10750979893267934,0.09967573523765293,0.08926091998573708,0.06760823777386701,0.1328390889681034,0.0799560488579713,0.07337452092870739,0.13723202644358107,0.12643419300033215
108,108.0,108.0034300804274,0.0880511593590117,0.1071660255285196,0.10020252713422101,0.09000892310865576,0.06841589225352156,0.13205914334233548,0.0800500850158732,0.07196261994993833,0.13742805974946865,0.12465556455845503
109,109.0,109.00624059613932,0.08900803645747807,0.10642453648213726,0.10040527362828781,0.09126658924274426,0.06701987988269079,0.1314033285730346,0.08202138483486202,0.07185491175995594,0.13575164698872272,0.12484441215008685
110,110.0,110.00870765431864,0.08811301880901237,0.10942112440271265,0.10006267004970659,0.09069993611207357,0.06758315101161706,0.1313543848795306,0.08209826503947532,0.07226353840434203,0.13451917167859212,0.12388473961293799
111,111.0,111.01084093013685,0.08749710528142385,0.11008566058122292,0.10125204026135329,0.09208930849461763,0.06723482057435531,0.12953488911698396,0.08268277428047073,0.07262361903507045,0.1342294775514839,0.12277030482301826
112,112.0,112.01265246907188,0.08893628693704814,0.10866427817155523,0.10094361346867951,0.0906048967393927,0.06619230694873449,0.1311472638875021,0.0828246791487562,0.07348174983865524,0.13326024577546575,0.12394467908421092
113,113.0,113.01415632942268,0.08742246412356663,0.10958135854953902,0.10352041665193301,0.09067056560813597,0.06647339304696548,0.13121115118274662,0.08171397398783628,0.07402817636276919,0.13070860479499327,0.12466989569151479
114,114.0,114.01536824044418,0.08716996802029651,0.10971681685993906,0.10090152554845092,0.08957311748655993,0.0671173726604444,0.13024626714069418,0.08304253447104284,0.07506570090114198,0.13008652780193608,0.12708016910949438
115,115.0,115.01630527795908,0.08744674071310336,0.10947958241647904,0.10013362221058841,0.0905441169490897,0.06583543098443964,0.1314124444857395,0.08551899700687329,0.0760742196599425,0.127738574600231,0.12581627097351383
116,116.0,116.0169855589429,0.08811588030902637,0.10951664691507884,0.09998553371359949,0.08873703539306611,0.06541782329130316,0.13363425892571307,0.08411072644329602,0.07556530505399366,0.12780239844086577,0.1271143915140578
117,117.0,117.01742795623892,0.08749676047693959,0.1101082810462309,0.09851987234792399,0.09042447285219773,0.06711016117068361,0.13259167185805346,0.08545690538824041,0.07419942112929868,0.12793602938182516,0.12615642434860674
118,118.0,118.01765183424293,0.08839331842489852,0.11240810391681758,0.09753671963289698,0.09068827921074125,0.0665422941123677,0.13442467773614836,0.0834195804898775,0.07302092950960266,0.12691819499853785,0.12664790196811188
119,119.0,119.01767680610413,0.09117387159401932,0.11242377240246094,0.09742412537267198,0.09041263793509866,0.06618241645346475,0.13372723380337195,0.08272161359193708,0.07338011638439483,0.12603622759525537,0.12651798486732538
120,120.0,120.01752251271817,0.09189623885050663,0.11274124665503826,0.09555898021159165,0.0912530203319411,0.06667219922819759,0.13501310990876558,0.08146182655353076,0.07171598350207574,0.12747718886976567,0.12621020588858725
121,121.0,121.01720842354362,0.09398460373829301,0.11443788327227881,0.09640492834056945,0.09244970729706968,0.06510016373873695,0.13464914363842037,0.08106394206564646,0.06899839347638381,0.12679368587538203,0.12611754855721963
122,122.0,122.01675365905109,0.09266003529744253,0.11396689210812157,0.09756554588955882,0.09096374417648764,0.06556317351421043,0.13525557435917782,0.08209139725659607,0.06861893432769439,0.12644591147254944,0.1268687915981615
123,123.0,123.0161768344173,0.09267270442304075,0.11269917825950117,0.09920440573666668,0.0884663629631057,0.06362658235977799,0.1357812568220842,0.08313076844090095,0.06956756046851056,0.12858663437832857,0.1262645461480836
124,124.0,124.01549592390272,0.09093782869739162,0.11394818651099357,0.10163986042164877,0.08663194033663074,0.06335843021137418,0.13532355729095974,0.08285797108369265,0.06892281817739568,0.1298342957204813,0.12654511154943193
125,125.0,125.01472814520056,0.09188806565028104,0.11367852095248238,0.10211916143614777,0.088527752980841,0.0625698694567098,0.13371952242151747,0.08373639961253825,0.06727367306178211,0.130817263070376,0.12566977135732432
126,126.0,126.01388986291661,0.09156974802460288,0.11490631780386347,0.10135167851261898,0.08784757275078127,0.0641737800945906,0.13247304686204178,0.08396899366250324,0.06648734435663185,0.1312639546975958,0.12595756323477028
127,127.0,127.0129965102319,0.09077437924159085,0.11549096697766441,0.10440496767694682,0.08694367379559836,0.06318823576847844,0.13124068726190297,0.08139930026410869,0.06790992289808392,0.13361851068589237,0.12502935542973326
128,128.0,128.01206252771334,0.09303017194939932,0.11549609862141666,0.10428187343149735,0.08614650919732811,0.06256598402292465,0.13083633309219206,0.08063119923248822,0.06670176793110288,0.1347838669259434,0.12552619559570743
129,129.0,129.0111013181695,0.09337075097075741,0.11453694361496797,0.10521619237551033,0.08709241307577525,0.062319618515961836,0.13010192852577898,0.08112118097376789,0.06796820733573322,0.13378613679805326,0.12448662781369396
130,130.0,130.01012521639834,0.09416142698106511,0.11277513013878984,0.10527019640874699,0.0861804121443142,0.06669771603584014,0.1286957536735733,0.07974893876018832,0.06816516826303287,0.134082196889286,0.12422306070516333
131,131.0,131.0091454726403,0.09275583870018198,0.1125988730374643,0.10616962159763799,0.08739691151368612,0.06559581019203779,0.12914605460905867,0.0788559915562939,0.06905249684239971,0.13369087061447218,0.12473753133676747
132,132.0,132.0081722485317,0.09483917781218155,0.11126873838988047,0.10750608099457462,0.08876621041291965,0.06428309977676526,0.12788367891519686,0.07749025729025569,0.06936874881787249,0.13445178310803688,0.12414222448231661
133,133.0,133.00721462434865,0.09628765537578703,0.11310607022516639,0.10598122275261128,0.0886220304826947,0.06472194760747413,0.126790024257991,0.0772332260294721,0.06907918605677126,0.13408260012926856,0.12409603708276369
134,134.0,134.0062806163404,0.0966175850879409,0.11054514185096821,0.10644071109441541,0.08713784683552774,0.06587087649131937,0.12593941986867258,0.07792185815711887,0.07073681821902764,0.13388517517208562,0.12490456722292381
135,135.0,135.00537720296956,0.09592150198929791,0.11003718449430464,0.10495179734340804,0.08840388798303023,0.06659884641972404,0.12968516064882232,0.0765473776301378,0.06997088973983703,0.1349219121467587,0.12296144160467941
136,136.0,136.00451035890612,0.09686349393635345,0.11104086329581439,0.10462873725205966,0.08801760032149367,0.06500291525567867,0.12866923310755482,0.07755889458751536,0.07118858644624973,0.13805569038998683,0.11897398540729352
137,137.0,137.00368509565993,0.09578744348938208,0.10935598395287398,0.103211253481198,0.08904767750129963,0.06461783200653912,0.12904303056748523,0.07751884064405058,0.07333503359280105,0.13793093220411626,0.12015197256025421
138,138.0,138.0029055077818,0.09642522757205653,0.1074983145370907,0.1037161424187548,0.08834325714565605,0.06377198287538971,0.1270628309522956,0.07771822309406523,0.0737057031693165,0.1399708167830827,0.12178750145229227
139,139.0,139.00217482361367,0.09607398995784193,0.10710413593442437,0.1062921893874948,0.08857482516042042,0.06520068526786821,0.1263049337241508,0.07655585751344149,0.07433909517053208,0.1392624798329265,0.12029180805089953
140,140.0,140.0014954596262,0.09605426470813033,0.10565381431605014,0.10578905965144317,0.09108628554569666,0.06652758408675535,0.12419176907775972,0.07818138867016095,0.07406897485941132,0.13998851091930883,0.11845834816528368
141,141.0,141.00086907744122,0.09466101062601094,0.10458069848521462,0.10419878168579173,0.09291908674292139,0.06572035539713468,0.12371823974665717,0.07930678021466667,0.07481047062431573,0.1403242283631973,0.11976034811408993
142,142.0,142.0002966427003,0.09607269410896262,0.10154741662977924,0.10346662520677549,0.09330166193829507,0.06547717011215043,0.1218330738112602,0.08075840891037624,0.07591868719812098,0.1402402340361278,0.12138402804815214
143,143.0,142.99977848500652,0.09538067239615274,0.10027662869009697,0.10399160175570757,0.09323239232764932,0.06778846312486178,0.1217247936802043,0.08112674737428342,0.07597011004578345,0.1396918920389098,0.12081669856635088
144,144.0,143.99931435823203,0.09392013350807428,0.10109597362150002,0.10504998424319556,0.09336227110616854,0.0682185903015093,0.12063085605153635,0.08240980712382533,0.07600789598834076,0.13806041212715867,0.12124407592869141
145,145.0,144.99890350055264,0.09368313793111341,0.1028456326328103,0.10572679823610173,0.09326047870600108,0.06639889565714119,0.12084869371100403,0.08405076147769042,0.07555520398685067,0.1387917145183639,0.11883868314292353
146,146.0,145.9985446936357,0.0924922968716808,0.10125916761246588,0.10527779639640228,0.09578844356072362,0.06569934298945307,0.12299021279625846,0.08606061185708944,0.07576746944688577,0.13823337116426254,0.11643128730477845
147,147.0,146.99823632047406,0.09388134349036813,0.10120724558440122,0.10516495923382325,0.09461864515394224,0.06388115931952616,0.12258814662123735,0.08568541280308169,0.07678938542353764,0.13946800951309096,0.11671569285699168
148,148.0,147.99797642142389,0.09373103601675845,0.09985423593542204,0.10400852206666159,0.09455367075645471,0.06464885348990622,0.12518218555052205,0.08589498836447457,0.0778952189830022,0.13812213658409106,0.11610915225270747
149,149.0,148.99776274806447,0.09475318335314535,0.10128756894665593,0.10451004637371825,0.09482910033325652,0.06368777759894355,0.12609600737480575,0.08466779132425074,0.07691887624678588,0.1379114545550475,0.11533819389339088
150,150.0,149.99759281456036,0.09355501273456181,0.10223939264453125,0.10370963572991754,0.09608421245250064,0.06326260255906468,0.1254554178832663,0.08419796166051795,0.07680324834362902,0.13754275959114504,0.11714975640086611
151,151.0,150.99746394626104,0.09316455800726864,0.1017786633426987,0.10047979655483294,0.09630909076402834,0.06394822766768267,0.12504433435008455,0.08534891244492017,0.07611584780729336,0.13979763515379293,0.11801293390739807
152,152.0,151.99737332532905,0.09327449490009343,0.10235046939663217,0.10051452918711454,0.09673510616926584,0.06426426708666293,0.1263671355682623,0.08464313400752933,0.07399285589595607,0.13898432976127942,0.11887367802720435
153,153.0,152.99731803323698,0.09455564254674562,0.10316730188703821,0.0994287176400727,0.09573255462149657,0.0639319711229339,0.1277776975224536,0.08313649939534645,0.07393717372575963,0.1387107116063569,0.11962172993179673
154,154.0,153.99729509002177,0.09428142556045517,0.10438493765036769,0.09887720407630385,0.09327160897279278,0.06316329033176589,0.1276733095948073,0.08409623777626019,0.074170109813573,0.14083368943203983,0.11924818679163467
155,155.0,154.99730149022784,0.09487506743512839,0.10383336367997029,0.09825837120126005,0.09336917617642915,0.06408354691318219,0.12611874816757596,0.08566221045213458,0.07598841051518918,0.13807983436702478,0.11973127109210577
156,156.0,155.99733423551103,0.09727335266656964,0.10294741077724971,0.09729675739654374,0.09184968236232924,0.06391653362269227,0.12602101387265116,0.08438005345043556,0.07474025068448886,0.13839311607142965,0.12318182909561048
157,157.0,156.99739036391077,0.09888554248866874,0.10462910817596606,0.09725572571288763,0.09020376215397391,0.06184013785963225,0.1275440178159454,0.08403688694936012,0.07503582621068737,0.13766717038230158,0.12290182225057728
158,158.0,157.99746697583146,0.09978833014139274,0.10393127144586316,0.0944978267289109,0.09194682262762141,0.06233161058483175,0.12705616171741788,0.08450292860637729,0.07362971806446496,0.13879577094457315,0.12351955913854709
159,159.0,158.99756125680176,0.10035686367058308,0.10257520590532711,0.09510752985438822,0.09186194839443669,0.06105949755426318,0.12887664092322937,0.08194342922641958,0.07503542335622373,0.1390521892111324,0.12413127190399695
160,160.0,159.997670497107,0.09927788757271833,0.10435722777701911,0.09511464152722897,0.09091028921484487,0.06108039909991082,0.12918757333674338,0.08009741716320401,0.07441600044042784,0.14091958825612605,0.12463897561177692
161,161.0,160.99779210841066,0.09889881617575633,0.1049232033399472,0.0964582422333761,0.09078904180282438,0.059594682861277545,0.13097870022582503,0.07800872715583763,0.07468208574622172,0.1393493152767716,0.12631718518216276
162,162.0,161.99792363749984,0.09695257291111961,0.10357806439838477,0.09676841701810891,0.09155827282294922,0.058004546930240944,0.133287587112276,0.07916726043106444,0.07254709759756213,0.14011773595155919,0.12801844482673508
163,163.0,162.9980627773051,0.09500786903202718,0.10423864143011996,0.09658593769034199,0.08928570203171333,0.05925750998804722,0.13262090543496388,0.0797355871815694,0.0721298027650608,0.1412171647086091,0.1299208797375474
164,164.0,163.9982073753568,0.09660071178876643,0.10472771474310755,0.0965124926660153,0.08775961066153964,0.06092465456388406,0.13119045388422584,0.081284017820508,0.07054477435314901,0.13993924116974743,0.13051632834905702
165,165.0,164.99835543984977,0.09791355906432006,0.10653418056367135,0.0962173805379098,0.08842296107463041,0.06027559682511993,0.13026492649745203,0.0813029273066856,0.06886874399118863,0.1391078601099317,0.13109186402909076
166,166.0,165.99850514349492,0.09816816496096549,0.1070524449633023,0.09691054598592702,0.08790661912927497,0.06012415054207191,0.13002199667721298,0.0825116968818841,0.06801375459332958,0.13893475186571197,0.13035587440031998
167,167.0,166.99865482534062,0.0966904702981013,0.10794919647875778,0.09854480201615455,0.08836251860938614,0.05926705874996352,0.12720393050404322,0.08385046611406706,0.06911796306121173,0.13964922202384963,0.12936437214446533
168,168.0,167.99880299074837,0.09679905409331419,0.1084987780596274,0.1002195427376037,0.08652008673455122,0.05964304463696278,0.12610372129481984,0.08353142174455364,0.06788984412405136,0.14138369736254153,0.12941080921197456
169,169.0,168.99894830970783,0.0971361939010355,0.10736752314669924,0.10003890046069332,0.08873774842271805,0.06264321299652029,0.12567710801021809,0.08294865305460092,0.0673006149998162,0.13963865210050017,0.12851139290719843
170,170.0,169.99908961367427,0.09725628876896003,0.1053481523285003,0.0997523655873596,0.0884071769061209,0.06534434373396823,0.1237598842205309,0.08496339470844974,0.06527109002526481,0.14109472854047633,0.12880257518036936
171,171.0,170.99922589110733,0.09758411798810143,0.10480603453305362,0.09844495088177836,0.08689176342252579,0.06645276685718256,0.12426107000517775,0.08445515027301809,0.06704222711876028,0.14212399385429497,0.12793792506610735
172,172.0,171.99935628188598,0.09512539268160759,0.10542467724887615,0.09938734060131284,0.0865268257621594,0.06719960904563478,0.1255552722709829,0.0825809190313418,0.06725294416540757,0.14210304657526238,0.12884397261741473
173,173.0,172.99948007076793,0.09369222021304847,0.10551642856140121,0.0982551640651595,0.0871957793909412,0.06823629329941906,0.12428298245694794,0.08197497563774771,0.06966564209657762,0.1415242366516732,0.1296562776270842
174,174.0,173.99959668005403,0.09387723367277301,0.1043967290289633,0.0990496065856503,0.08790405885088878,0.06934362998694218,0.12329598617880937,0.08164544038162592,0.07002578158465092,0.14085246155228456,0.12960907217741174
175,175.0,174.99970566161096,0.09382128026890423,0.10478147081010813,0.09750583780765787,0.08927240728532479,0.06870899795321878,0.12236061633879122,0.08117077458359422,0.07173865351182285,0.1418558193085505,0.12878414213202755
