,Unnamed: 0,Total_iterations,Intertwine_two,Add_vertex,Delete_vertex,Invert_path_vertices,Insert_inside_vertex,Delete_inside_vertex
0,0.0,0.0,0.16666666666666669,0.16666666666666669,0.16666666666666669,0.16666666666666669,0.16666666666666669,0.16666666666666669
1,1.0,0.10900000000000001,0.16666666666666669,0.16666666666666669,0.16666666666666669,0.16666666666666669,0.16666666666666669,0.16666666666666669
2,2.0,0.31601,0.16666666666666669,0.16666666666666669,0.16666666666666669,0.16666666666666669,0.16666666666666669,0.16666666666666669
3,3.0,0.6191589000000001,0.16666666666666669,0.16666666666666669,0.16666666666666669,0.16666666666666669,0.16666666666666669,0.16666666666666669
4,4.0,1.015801321,0.16666666666666669,0.16666666666666669,0.16666666666666669,0.16666666666666669,0.16666666666666669,0.16666666666666669
5,5.0,1.50262148669,0.16666666666666669,0.16666666666666669,0.16666666666666669,0.16666666666666669,0.16666666666666669,0.16666666666666669
6,6.0,2.0757334209441005,0.16666666666666669,0.16666666666666669,0.16666666666666669,0.16666666666666669,0.16666666666666669,0.16666666666666669
7,7.0,2.7307768275633495,0.16666666666666669,0.16666666666666669,0.16666666666666669,0.16666666666666669,0.16666666666666669,0.16666666666666669
8,8.0,3.4630081252450404,0.16666666666666669,0.16666666666666669,0.16666666666666669,0.16666666666666669,0.16666666666666669,0.16666666666666669
9,9.0,4.2673862119061114,0.16666666666666669,0.16666666666666669,0.16666666666666669,0.16666666666666669,0.16666666666666669,0.16666666666666669
10,10.0,5.138652627782014,0.16666666666666669,0.16666666666666669,0.16666666666666669,0.16666666666666669,0.16666666666666669,0.16666666666666669
11,11.0,6.071405875792507,0.16666666666666669,0.16666666666666669,0.16666666666666669,0.16666666666666669,0.16666666666666669,0.16666666666666669
12,12.0,7.060169740244025,0.16666666666666669,0.16666666666666669,0.16666666666666669,0.16666666666666669,0.16666666666666669,0.16666666666666669
13,13.0,8.099455520847952,0.16666666666666669,0.16666666666666669,0.16666666666666669,0.16666666666666669,0.16666666666666669,0.16666666666666669
14,14.0,9.183818168183006,0.16666666666666669,0.16666666666666669,0.16666666666666669,0.16666666666666669,0.16666666666666669,0.16666666666666669
15,15.0,10.307906369102724,0.16666666666666669,0.16666666666666669,0.16666666666666669,0.16666666666666669,0.16666666666666669,0.16666666666666669
16,16.0,11.466506686239443,0.16666666666666669,0.16666666666666669,0.16666666666666669,0.16666666666666669,0.16666666666666669,0.16666666666666669
17,17.0,12.654581904800096,0.16666666666666669,0.16666666666666669,0.16666666666666669,0.16666666666666669,0.16666666666666669,0.16666666666666669
18,18.0,13.867303782456686,0.16666666666666669,0.16666666666666669,0.16666666666666669,0.16666666666666669,0.16666666666666669,0.16666666666666669
19,19.0,15.100080434523047,0.16666666666666669,0.16666666666666669,0.16666666666666669,0.16666666666666669,0.16666666666666669,0.16666666666666669
20,20.0,16.348578617037543,0.16666666666666669,0.16666666666666669,0.16666666666666669,0.16666666666666669,0.16666666666666669,0.16666666666666669
21,21.0,17.608741195130214,0.16666666666666669,0.16666666666666669,0.16666666666666669,0.16666666666666669,0.16666666666666669,0.16666666666666669
22,22.0,18.876800103462312,0.16666666666666669,0.16666666666666669,0.16666666666666669,0.16666666666666669,0.16666666666666669,0.16666666666666669
23,23.0,20.14928511992658,0.16666666666666669,0.16666666666666669,0.16666666666666669,0.16666666666666669,0.16666666666666669,0.16666666666666669
24,24.0,21.423028783545156,0.16666666666666669,0.16666666666666669,0.16666666666666669,0.16666666666666669,0.16666666666666669,0.16666666666666669
25,25.0,22.695167792966423,0.16666666666666669,0.16666666666666669,0.16666666666666669,0.16666666666666669,0.16666666666666669,0.16666666666666669
26,26.0,23.963141223515898,0.16666666666666669,0.16666666666666669,0.16666666666666669,0.16666666666666669,0.16666666666666669,0.16666666666666669
27,27.0,25.224685898775267,0.16666666666666669,0.16666666666666669,0.16666666666666669,0.16666666666666669,0.16666666666666669,0.16666666666666669
28,28.0,26.477829247520948,0.16666666666666669,0.16666666666666669,0.16666666666666669,0.16666666666666669,0.16666666666666669,0.16666666666666669
29,29.0,27.720879968916847,0.16666666666666669,0.16666666666666669,0.16666666666666669,0.16666666666666669,0.16666666666666669,0.16666666666666669
30,30.0,28.95241681848399,0.16666666666666669,0.16666666666666669,0.16666666666666669,0.16666666666666669,0.16666666666666669,0.16666666666666669
31,31.0,30.17127581490958,0.16666666666666669,0.16666666666666669,0.16666666666666669,0.16666666666666669,0.16666666666666669,0.16666666666666669
32,32.0,31.376536153543515,0.16666666666666669,0.16666666666666669,0.16666666666666669,0.16666666666666669,0.16666666666666669,0.16666666666666669
33,33.0,32.567505096778625,0.16666666666666669,0.16666666666666669,0.16666666666666669,0.16666666666666669,0.16666666666666669,0.16666666666666669
34,34.0,33.74370209472243,0.16666666666666669,0.16666666666666669,0.16666666666666669,0.16666666666666669,0.16666666666666669,0.16666666666666669
35,35.0,34.90484237192463,0.16666666666666669,0.16666666666666669,0.16666666666666669,0.16666666666666669,0.16666666666666669,0.16666666666666669
36,36.0,36.05082019768737,0.16666666666666669,0.16666666666666669,0.16666666666666669,0.16666666666666669,0.16666666666666669,0.16666666666666669
37,37.0,37.18169203889697,0.16666666666666669,0.16666666666666669,0.16666666666666669,0.16666666666666669,0.16666666666666669,0.16666666666666669
38,38.0,38.29765977559663,0.16666666666666669,0.16666666666666669,0.16666666666666669,0.16666666666666669,0.16666666666666669,0.16666666666666669
39,39.0,39.399054140870355,0.16666666666666669,0.16666666666666669,0.16666666666666669,0.16666666666666669,0.16666666666666669,0.16666666666666669
40,40.0,40.48631852820801,0.16666666666666669,0.16666666666666669,0.16666666666666669,0.16666666666666669,0.16666666666666669,0.16666666666666669
41,41.0,41.55999329152982,0.16666666666666669,0.16666666666666669,0.16666666666666669,0.16666666666666669,0.16666666666666669,0.16666666666666669
42,42.0,42.62070064560415,0.16666666666666669,0.16666666666666669,0.16666666666666669,0.16666666666666669,0.16666666666666669,0.16666666666666669
43,43.0,43.669130257815,0.16666666666666669,0.16666666666666669,0.16666666666666669,0.16666666666666669,0.16666666666666669,0.16666666666666669
44,44.0,44.70602560622662,0.16666666666666669,0.16666666666666669,0.16666666666666669,0.16666666666666669,0.16666666666666669,0.16666666666666669
45,45.0,45.73217116373481,0.16666666666666669,0.16666666666666669,0.16666666666666669,0.16666666666666669,0.16666666666666669,0.16666666666666669
46,46.0,46.748380453854836,0.16666666666666669,0.16666666666666669,0.16666666666666669,0.16666666666666669,0.16666666666666669,0.16666666666666669
47,47.0,47.755485010424316,0.16666666666666669,0.16666666666666669,0.16666666666666669,0.16666666666666669,0.16666666666666669,0.16666666666666669
48,48.0,48.7543242612326,0.16666666666666669,0.16666666666666669,0.16666666666666669,0.16666666666666669,0.16666666666666669,0.16666666666666669
49,49.0,49.745736344347726,0.16666666666666669,0.16666666666666669,0.16666666666666669,0.16666666666666669,0.16666666666666669,0.16666666666666669
50,50.0,50.730549855707864,0.16666666666666669,0.16666666666666669,0.16666666666666669,0.16666666666666669,0.16666666666666669,0.16666666666666669
51,51.0,51.70957651737491,0.16666666666666669,0.16666666666666669,0.16666666666666669,0.16666666666666669,0.16666666666666669,0.16666666666666669
52,52.0,52.68360474770151,0.16666666666666669,0.16666666666666669,0.16666666666666669,0.16666666666666669,0.16666666666666669,0.16666666666666669
53,53.0,53.65339410751842,0.16666666666666669,0.16666666666666669,0.16666666666666669,0.16666666666666669,0.16666666666666669,0.16666666666666669
54,54.0,54.61967059027847,0.16666666666666669,0.16666666666666669,0.16666666666666669,0.16666666666666669,0.16666666666666669,0.16666666666666669
55,55.0,55.58312271885972,0.16666666666666669,0.16666666666666669,0.16666666666666669,0.16666666666666669,0.16666666666666669,0.16666666666666669
56,56.0,56.544398407394254,0.16666666666666669,0.16666666666666669,0.16666666666666669,0.16666666666666669,0.16666666666666669,0.16666666666666669
57,57.0,57.504102543001395,0.16666666666666669,0.16666666666666669,0.16666666666666669,0.16666666666666669,0.16666666666666669,0.16666666666666669
58,58.0,58.462795239617805,0.16666666666666669,0.16666666666666669,0.16666666666666669,0.16666666666666669,0.16666666666666669,0.16666666666666669
59,59.0,59.42099071417639,0.16666666666666669,0.16666666666666669,0.16666666666666669,0.16666666666666669,0.16666666666666669,0.16666666666666669
60,60.0,60.379156734137354,0.16666666666666669,0.16666666666666669,0.16666666666666669,0.16666666666666669,0.16666666666666669,0.16666666666666669
61,61.0,61.337714584760846,0.16666666666666669,0.16666666666666669,0.16666666666666669,0.16666666666666669,0.16666666666666669,0.16666666666666669
62,62.0,62.29703950447439,0.16666666666666669,0.16666666666666669,0.16666666666666669,0.16666666666666669,0.16666666666666669,0.16666666666666669
63,63.0,63.257461537171835,0.16666666666666669,0.16666666666666669,0.16666666666666669,0.16666666666666669,0.16666666666666669,0.16666666666666669
64,64.0,64.21926675122782,0.16666666666666669,0.16666666666666669,0.16666666666666669,0.16666666666666669,0.16666666666666669,0.16666666666666669
65,65.0,65.18269877636592,0.16666666666666669,0.16666666666666669,0.16666666666666669,0.16666666666666669,0.16666666666666669,0.16666666666666669
66,66.0,66.14796061122655,0.16666666666666669,0.16666666666666669,0.16666666666666669,0.16666666666666669,0.16666666666666669,0.16666666666666669
67,67.0,67.11521665648885,0.16666666666666669,0.16666666666666669,0.16666666666666669,0.16666666666666669,0.16666666666666669,0.16666666666666669
68,68.0,68.08459493066005,0.16666666666666669,0.16666666666666669,0.16666666666666669,0.16666666666666669,0.16666666666666669,0.16666666666666669
69,69.0,69.05618942810752,0.16666666666666669,0.16666666666666669,0.16666666666666669,0.16666666666666669,0.16666666666666669,0.16666666666666669
70,70.0,70.03006258152917,0.16666666666666669,0.16666666666666669,0.16666666666666669,0.16666666666666669,0.16666666666666669,0.16666666666666669
71,71.0,71.00624779379335,0.16666666666666669,0.16666666666666669,0.16666666666666669,0.16666666666666669,0.16666666666666669,0.16666666666666669
72,72.0,71.98475200689319,0.16666666666666669,0.16666666666666669,0.16666666666666669,0.16666666666666669,0.16666666666666669,0.16666666666666669
73,73.0,72.96555827861411,0.16666666666666669,0.16666666666666669,0.16666666666666669,0.16666666666666669,0.16666666666666669,0.16666666666666669
74,74.0,73.94862834037681,0.16666666666666669,0.16666666666666669,0.16666666666666669,0.16666666666666669,0.16666666666666669,0.16666666666666669
75,75.0,74.94390511255946,0.16666666666666669,0.16666666666666669,0.16666666666666669,0.16666666666666669,0.16666666666666669,0.16666666666666669
76,76.0,75.94121515639826,0.16666666666666669,0.16666666666666669,0.16666666666666669,0.16666666666666669,0.16666666666666669,0.16666666666666669
77,77.0,76.9403820442892,0.16666666666666669,0.16666666666666669,0.16666666666666669,0.16666666666666669,0.16666666666666669,0.16666666666666669
78,78.0,77.94122842294814,0.16666666666666669,0.16666666666666669,0.16666666666666669,0.16666666666666669,0.16666666666666669,0.16666666666666669
79,79.0,78.95357787951171,0.16666666666666669,0.16666666666666669,0.16666666666666669,0.16666666666666669,0.16666666666666669,0.16666666666666669
80,80.0,79.9671566116238,0.16666666666666669,0.16666666666666669,0.16666666666666669,0.16666666666666669,0.16666666666666669,0.16666666666666669
81,81.0,80.98170590440847,0.16666666666666669,0.16666666666666669,0.16666666666666669,0.16666666666666669,0.16666666666666669,0.16666666666666669
82,82.0,81.99698320887056,0.16666666666666669,0.16666666666666669,0.16666666666666669,0.16666666666666669,0.16666666666666669,0.16666666666666669
83,83.0,83.01276295079774,0.16666666666666669,0.16666666666666669,0.16666666666666669,0.16666666666666669,0.16666666666666669,0.16666666666666669
84,84.0,84.04883708902422,0.16666666666666669,0.16666666666666669,0.16666666666666669,0.16666666666666669,0.16666666666666669,0.16666666666666669
85,85.0,85.09481544253781,0.16666666666666669,0.16666666666666669,0.16666666666666669,0.16666666666666669,0.16666666666666669,0.16666666666666669
86,86.0,86.14024780627467,0.16666666666666669,0.16666666666666669,0.16666666666666669,0.16666666666666669,0.16666666666666669,0.16666666666666669
87,87.0,87.1847344555751,0.16666666666666669,0.16666666666666669,0.16666666666666669,0.16666666666666669,0.16666666666666669,0.16666666666666669
88,88.0,88.22792509538972,0.16666666666666669,0.16666666666666669,0.16666666666666669,0.16666666666666669,0.16666666666666669,0.16666666666666669
89,89.0,89.269517420269,0.16666666666666669,0.16666666666666669,0.16666666666666669,0.16666666666666669,0.16666666666666669,0.16666666666666669
90,90.0,90.30925533845765,0.16666666666666669,0.16666666666666669,0.16666666666666669,0.16666666666666669,0.16666666666666669,0.16666666666666669
91,91.0,91.34692691144286,0.16666666666666669,0.16666666666666669,0.16666666666666669,0.16666666666666669,0.16666666666666669,0.16666666666666669
92,92.0,92.38236205801512,0.16666666666666669,0.16666666666666669,0.16666666666666669,0.16666666666666669,0.16666666666666669,0.16666666666666669
93,93.0,93.41543006935,0.16666666666666669,0.16666666666666669,0.16666666666666669,0.16666666666666669,0.16666666666666669,0.16666666666666669
94,94.0,94.44603697885789,0.16666666666666669,0.16666666666666669,0.16666666666666669,0.16666666666666669,0.16666666666666669,0.16666666666666669
95,95.0,95.47412282762642,0.16666666666666669,0.16666666666666669,0.16666666666666669,0.16666666666666669,0.16666666666666669,0.16666666666666669
96,96.0,96.49965886324183,0.16666666666666669,0.16666666666666669,0.16666666666666669,0.16666666666666669,0.16666666666666669,0.16666666666666669
97,97.0,97.53264470666329,0.16666666666666669,0.16666666666666669,0.16666666666666669,0.16666666666666669,0.16666666666666669,0.16666666666666669
98,98.0,98.56300551867596,0.16666666666666669,0.16666666666666669,0.16666666666666669,0.16666666666666669,0.16666666666666669,0.16666666666666669
99,99.0,99.59070019430061,0.16666666666666669,0.16666666666666669,0.16666666666666669,0.16666666666666669,0.16666666666666669,0.16666666666666669
100,100.0,100.6257184004198,0.16666666666666669,0.16666666666666669,0.16666666666666669,0.16666666666666669,0.16666666666666669,0.16666666666666669
101,101.0,101.65797760192287,0.16666666666666669,0.16666666666666669,0.16666666666666669,0.16666666666666669,0.16666666666666669,0.16666666666666669
102,102.0,102.68743110725639,0.16666666666666669,0.16666666666666669,0.16666666666666669,0.16666666666666669,0.16666666666666669,0.16666666666666669
103,103.0,103.714064950984,0.16666666666666669,0.16666666666666669,0.16666666666666669,0.16666666666666669,0.16666666666666669,0.16666666666666669
104,104.0,104.737894760829,0.16666666666666669,0.16666666666666669,0.16666666666666669,0.16666666666666669,0.16666666666666669,0.16666666666666669
105,105.0,105.75896264208123,0.16666666666666669,0.16666666666666669,0.16666666666666669,0.16666666666666669,0.16666666666666669,0.16666666666666669
106,106.0,106.77733410878741,0.16666666666666669,0.16666666666666669,0.16666666666666669,0.16666666666666669,0.16666666666666669,0.16666666666666669
107,107.0,107.79309508773511,0.16666666666666669,0.16666666666666669,0.16666666666666669,0.16666666666666669,0.16666666666666669,0.16666666666666669
108,108.0,108.80634901791069,0.16666666666666669,0.16666666666666669,0.16666666666666669,0.16666666666666669,0.16666666666666669,0.16666666666666669
109,109.0,109.8272140648896,0.16666666666666669,0.16666666666666669,0.16666666666666669,0.16666666666666669,0.16666666666666669,0.16666666666666669
110,110.0,110.84572046652173,0.16666666666666669,0.16666666666666669,0.16666666666666669,0.16666666666666669,0.16666666666666669,0.16666666666666669
111,111.0,111.86191902332541,0.16666666666666669,0.16666666666666669,0.16666666666666669,0.16666666666666669,0.16666666666666669,0.16666666666666669
112,112.0,112.87587853421549,0.16666666666666669,0.16666666666666669,0.16666666666666669,0.16666666666666669,0.16666666666666669,0.16666666666666669
113,113.0,113.8876833086744,0.16666666666666669,0.16666666666666669,0.16666666666666669,0.16666666666666669,0.16666666666666669,0.16666666666666669
114,114.0,114.89743077260067,0.16666666666666669,0.16666666666666669,0.16666666666666669,0.16666666666666669,0.16666666666666669,0.16666666666666669
115,115.0,115.90522918240832,0.16666666666666669,0.16666666666666669,0.16666666666666669,0.16666666666666669,0.16666666666666669,0.16666666666666669
116,116.0,116.91119545941112,0.16666666666666669,0.16666666666666669,0.16666666666666669,0.16666666666666669,0.16666666666666669,0.16666666666666669
117,117.0,117.91545315411952,0.16666666666666669,0.16666666666666669,0.16666666666666669,0.16666666666666669,0.16666666666666669,0.16666666666666669
118,118.0,118.91813054781588,0.16666666666666669,0.16666666666666669,0.16666666666666669,0.16666666666666669,0.16666666666666669,0.16666666666666669
119,119.0,119.91935889666446,0.16666666666666669,0.16666666666666669,0.16666666666666669,0.16666666666666669,0.16666666666666669,0.16666666666666669
120,120.0,120.91927082166153,0.16666666666666669,0.16666666666666669,0.16666666666666669,0.16666666666666669,0.16666666666666669,0.16666666666666669
121,121.0,121.91799884594226,0.16666666666666669,0.16666666666666669,0.16666666666666669,0.16666666666666669,0.16666666666666669,0.16666666666666669
122,122.0,122.91567407933552,0.16666666666666669,0.16666666666666669,0.16666666666666669,0.16666666666666669,0.16666666666666669,0.16666666666666669
123,123.0,123.91242504859609,0.16666666666666669,0.16666666666666669,0.16666666666666669,0.16666666666666669,0.16666666666666669,0.16666666666666669
124,124.0,124.90837667044465,0.16666666666666669,0.16666666666666669,0.16666666666666669,0.16666666666666669,0.16666666666666669,0.16666666666666669
125,125.0,125.9036493634039,0.16666666666666669,0.16666666666666669,0.16666666666666669,0.16666666666666669,0.16666666666666669,0.16666666666666669
126,126.0,126.89835829343318,0.16666666666666669,0.16666666666666669,0.16666666666666669,0.16666666666666669,0.16666666666666669,0.16666666666666669
127,127.0,127.8926127475252,0.16666666666666669,0.16666666666666669,0.16666666666666669,0.16666666666666669,0.16666666666666669,0.16666666666666669
128,128.0,128.88651562873278,0.16666666666666669,0.16666666666666669,0.16666666666666669,0.16666666666666669,0.16666666666666669,0.16666666666666669
129,129.0,129.8801630655323,0.16666666666666669,0.16666666666666669,0.16666666666666669,0.16666666666666669,0.16666666666666669,0.16666666666666669
130,130.0,130.8736441279965,0.16666666666666669,0.16666666666666669,0.16666666666666669,0.16666666666666669,0.16666666666666669,0.16666666666666669
131,131.0,131.86704064293434,0.16666666666666669,0.16666666666666669,0.16666666666666669,0.16666666666666669,0.16666666666666669,0.16666666666666669
132,132.0,132.86042709994905,0.16666666666666669,0.16666666666666669,0.16666666666666669,0.16666666666666669,0.16666666666666669,0.16666666666666669
133,133.0,133.85387064026278,0.16666666666666669,0.16666666666666669,0.16666666666666669,0.16666666666666669,0.16666666666666669,0.16666666666666669
134,134.0,134.84743112014252,0.16666666666666669,0.16666666666666669,0.16666666666666669,0.16666666666666669,0.16666666666666669,0.16666666666666669
135,135.0,135.84116124083286,0.16666666666666669,0.16666666666666669,0.16666666666666669,0.16666666666666669,0.16666666666666669,0.16666666666666669
136,136.0,136.83510673704583,0.16666666666666669,0.16666666666666669,0.16666666666666669,0.16666666666666669,0.16666666666666669,0.16666666666666669
137,137.0,137.82930661626705,0.16666666666666669,0.16666666666666669,0.16666666666666669,0.16666666666666669,0.16666666666666669,0.16666666666666669
138,138.0,138.8237934414035,0.16666666666666669,0.16666666666666669,0.16666666666666669,0.16666666666666669,0.16666666666666669,0.16666666666666669
139,139.0,139.81859364961224,0.16666666666666669,0.16666666666666669,0.16666666666666669,0.16666666666666669,0.16666666666666669,0.16666666666666669
140,140.0,140.813727900504,0.16666666666666669,0.16666666666666669,0.16666666666666669,0.16666666666666669,0.16666666666666669,0.16666666666666669
141,141.0,141.80921144730155,0.16666666666666669,0.16666666666666669,0.16666666666666669,0.16666666666666669,0.16666666666666669,0.16666666666666669
142,142.0,142.8050545249463,0.16666666666666669,0.16666666666666669,0.16666666666666669,0.16666666666666669,0.16666666666666669,0.16666666666666669
143,143.0,143.80126274957715,0.16666666666666669,0.16666666666666669,0.16666666666666669,0.16666666666666669,0.16666666666666669,0.16666666666666669
144,144.0,144.79783752424913,0.16666666666666669,0.16666666666666669,0.16666666666666669,0.16666666666666669,0.16666666666666669,0.16666666666666669
145,145.0,145.79477644621144,0.16666666666666669,0.16666666666666669,0.16666666666666669,0.16666666666666669,0.16666666666666669,0.16666666666666669
146,146.0,146.7920737115154,0.16666666666666669,0.16666666666666669,0.16666666666666669,0.16666666666666669,0.16666666666666669,0.16666666666666669
147,147.0,147.7897205131738,0.16666666666666669,0.16666666666666669,0.16666666666666669,0.16666666666666669,0.16666666666666669,0.16666666666666669
148,148.0,148.7877054295346,0.16666666666666669,0.16666666666666669,0.16666666666666669,0.16666666666666669,0.16666666666666669,0.16666666666666669
149,149.0,149.786014799964,0.16666666666666669,0.16666666666666669,0.16666666666666669,0.16666666666666669,0.16666666666666669,0.16666666666666669
150,150.0,150.78463308535083,0.16666666666666669,0.16666666666666669,0.16666666666666669,0.16666666666666669,0.16666666666666669,0.16666666666666669
151,151.0,151.7835432113455,0.16666666666666669,0.16666666666666669,0.16666666666666669,0.16666666666666669,0.16666666666666669,0.16666666666666669
152,152.0,152.7827268926272,0.16666666666666669,0.16666666666666669,0.16666666666666669,0.16666666666666669,0.16666666666666669,0.16666666666666669
153,153.0,153.78216493685449,0.16666666666666669,0.16666666666666669,0.16666666666666669,0.16666666666666669,0.16666666666666669,0.16666666666666669
154,154.0,154.7818375272905,0.16666666666666669,0.16666666666666669,0.16666666666666669,0.16666666666666669,0.16666666666666669,0.16666666666666669
155,155.0,155.78172448341,0.16666666666666669,0.16666666666666669,0.16666666666666669,0.16666666666666669,0.16666666666666669,0.16666666666666669
156,156.0,156.78180549908345,0.16666666666666669,0.16666666666666669,0.16666666666666669,0.16666666666666669,0.16666666666666669,0.16666666666666669
157,157.0,157.7820603581987,0.16666666666666669,0.16666666666666669,0.16666666666666669,0.16666666666666669,0.16666666666666669,0.16666666666666669
158,158.0,158.78246912782043,0.16666666666666669,0.16666666666666669,0.16666666666666669,0.16666666666666669,0.16666666666666669,0.16666666666666669
159,159.0,159.79301232920182,0.16666666666666669,0.16666666666666669,0.16666666666666669,0.16666666666666669,0.16666666666666669,0.16666666666666669
160,160.0,160.80357108715302,0.16666666666666669,0.16666666666666669,0.16666666666666669,0.16666666666666669,0.16666666666666669,0.16666666666666669
161,161.0,161.81403825843756,0.16666666666666669,0.16666666666666669,0.16666666666666669,0.16666666666666669,0.16666666666666669,0.16666666666666669
162,162.0,162.8243183300093,0.16666666666666669,0.16666666666666669,0.16666666666666669,0.16666666666666669,0.16666666666666669,0.16666666666666669
163,163.0,163.83432721112376,0.16666666666666669,0.16666666666666669,0.16666666666666669,0.16666666666666669,0.16666666666666669,0.16666666666666669
164,164.0,164.84399193201557,0.16666666666666669,0.16666666666666669,0.16666666666666669,0.16666666666666669,0.16666666666666669,0.16666666666666669
165,165.0,165.85325026149803,0.16666666666666669,0.16666666666666669,0.16666666666666669,0.16666666666666669,0.16666666666666669,0.16666666666666669
166,166.0,166.86205025541727,0.16666666666666669,0.16666666666666669,0.16666666666666669,0.16666666666666669,0.16666666666666669,0.16666666666666669
167,167.0,167.8703497473904,0.16666666666666669,0.16666666666666669,0.16666666666666669,0.16666666666666669,0.16666666666666669,0.16666666666666669
168,168.0,168.8781157926923,0.16666666666666669,0.16666666666666669,0.16666666666666669,0.16666666666666669,0.16666666666666669,0.16666666666666669
169,169.0,169.8853240755371,0.16666666666666669,0.16666666666666669,0.16666666666666669,0.16666666666666669,0.16666666666666669,0.16666666666666669
170,170.0,170.89195828934206,0.16666666666666669,0.16666666666666669,0.16666666666666669,0.16666666666666669,0.16666666666666669,0.16666666666666669
171,171.0,171.90800949887307,0.16666666666666669,0.16666666666666669,0.16666666666666669,0.16666666666666669,0.16666666666666669,0.16666666666666669
172,172.0,172.9233754924623,0.16666666666666669,0.16666666666666669,0.16666666666666669,0.16666666666666669,0.16666666666666669,0.16666666666666669
173,173.0,173.93797113176797,0.16666666666666669,0.16666666666666669,0.16666666666666669,0.16666666666666669,0.16666666666666669,0.16666666666666669
174,174.0,174.95172749582537,0.16666666666666669,0.16666666666666669,0.16666666666666669,0.16666666666666669,0.16666666666666669,0.16666666666666669
175,175.0,175.96459094851878,0.16666666666666669,0.16666666666666669,0.16666666666666669,0.16666666666666669,0.16666666666666669,0.16666666666666669
176,176.0,176.97652214645765,0.16666666666666669,0.16666666666666669,0.16666666666666669,0.16666666666666669,0.16666666666666669,0.16666666666666669
177,177.0,177.9874950031381,0.16666666666666669,0.16666666666666669,0.16666666666666669,0.16666666666666669,0.16666666666666669,0.16666666666666669
178,178.0,178.9974956241191,0.16666666666666669,0.16666666666666669,0.16666666666666669,0.16666666666666669,0.16666666666666669,0.16666666666666669
179,179.0,180.0065212267608,0.16666666666666669,0.16666666666666669,0.16666666666666669,0.16666666666666669,0.16666666666666669,0.16666666666666669
180,180.0,181.01457905687076,0.16666666666666669,0.16666666666666669,0.16666666666666669,0.16666666666666669,0.16666666666666669,0.16666666666666669
181,181.0,182.02168531340098,0.16666666666666669,0.16666666666666669,0.16666666666666669,0.16666666666666669,0.16666666666666669,0.16666666666666669
182,182.0,183.0278640911442,0.16666666666666669,0.16666666666666669,0.16666666666666669,0.16666666666666669,0.16666666666666669,0.16666666666666669
183,183.0,184.03314635020163,0.16666666666666669,0.16666666666666669,0.16666666666666669,0.16666666666666669,0.16666666666666669,0.16666666666666669
184,184.0,185.0375689198513,0.16666666666666669,0.16666666666666669,0.16666666666666669,0.16666666666666669,0.16666666666666669,0.16666666666666669
185,185.0,186.0411735433375,0.16666666666666669,0.16666666666666669,0.16666666666666669,0.16666666666666669,0.16666666666666669,0.16666666666666669
186,186.0,187.0440059690417,0.16666666666666669,0.16666666666666669,0.16666666666666669,0.16666666666666669,0.16666666666666669,0.16666666666666669
187,187.0,188.04611509248508,0.16666666666666669,0.16666666666666669,0.16666666666666669,0.16666666666666669,0.16666666666666669,0.16666666666666669
188,188.0,189.04755215265925,0.16666666666666669,0.16666666666666669,0.16666666666666669,0.16666666666666669,0.16666666666666669,0.16666666666666669
189,189.0,190.0483699852894,0.16666666666666669,0.16666666666666669,0.16666666666666669,0.16666666666666669,0.16666666666666669,0.16666666666666669
190,190.0,191.04862233480367,0.16666666666666669,0.16666666666666669,0.16666666666666669,0.16666666666666669,0.16666666666666669,0.16666666666666669
191,191.0,192.04836322601847,0.16666666666666669,0.16666666666666669,0.16666666666666669,0.16666666666666669,0.16666666666666669,0.16666666666666669
192,192.0,193.04764639585161,0.16666666666666669,0.16666666666666669,0.16666666666666669,0.16666666666666669,0.16666666666666669,0.16666666666666669
193,193.0,194.04652478474293,0.16666666666666669,0.16666666666666669,0.16666666666666669,0.16666666666666669,0.16666666666666669,0.16666666666666669
194,194.0,195.04505008689767,0.16666666666666669,0.16666666666666669,0.16666666666666669,0.16666666666666669,0.16666666666666669,0.16666666666666669
195,195.0,196.04327235796796,0.16666666666666669,0.16666666666666669,0.16666666666666669,0.16666666666666669,0.16666666666666669,0.16666666666666669
196,196.0,197.0412396783516,0.16666666666666669,0.16666666666666669,0.16666666666666669,0.16666666666666669,0.16666666666666669,0.16666666666666669
197,197.0,198.03899786991332,0.16666666666666669,0.16666666666666669,0.16666666666666669,0.16666666666666669,0.16666666666666669,0.16666666666666669
198,198.0,199.03659026361973,0.16666666666666669,0.16666666666666669,0.16666666666666669,0.16666666666666669,0.16666666666666669,0.16666666666666669
199,199.0,200.0340575153193,0.16666666666666669,0.16666666666666669,0.16666666666666669,0.16666666666666669,0.16666666666666669,0.16666666666666669
200,200.0,201.0314374666957,0.16666666666666669,0.16666666666666669,0.16666666666666669,0.16666666666666669,0.16666666666666669,0.16666666666666669
201,201.0,202.02876504826753,0.16666666666666669,0.16666666666666669,0.16666666666666669,0.16666666666666669,0.16666666666666669,0.16666666666666669
202,202.0,203.0260722211995,0.16642857142857145,0.16642857142857145,0.16785714285714287,0.16642857142857145,0.16642857142857145,0.16642857142857145
203,203.0,204.0233879546263,0.16601428571428578,0.16601428571428578,0.16867857142857146,0.16601428571428578,0.16601428571428578,0.16726428571428575
204,204.0,205.02073823516412,0.1656062857142858,0.1656062857142858,0.1694810714285715,0.1656062857142858,0.1656062857142858,0.1680937857142858
205,205.0,206.01814610529652,0.16520802285714295,0.16520802285714295,0.17025851071428577,0.16520802285714295,0.16520802285714295,0.16890939785714293
206,206.0,207.01563172736275,0.16482250605714296,0.16607250605714297,0.16975562096428579,0.16482250605714296,0.16482250605714296,0.16970435480714297
207,207.0,208.0132124699487,0.16445231587657155,0.16693981587657153,0.16923046397964295,0.16445231587657155,0.16445231587657155,0.17047277251407156
208,208.0,209.01090301357658,0.16409962155529156,0.16780099655529152,0.16869051805366797,0.16409962155529156,0.16409962155529156,0.17120962072516654
209,209.0,210.00871547270592,0.16394477187915807,0.16757662062915804,0.16832123296832524,0.16394477187915807,0.1653733433077295,0.17083925933647182
210,210.0,211.00665953119525,0.1638088165947035,0.16734177323220348,0.16794852120469067,0.1638088165947035,0.16665167373756062,0.17044039863613897
211,211.0,212.0047425885237,0.1636912258156045,0.16709984998547947,0.16757645254822978,0.1636912258156045,0.16792136867274732,0.1700198771623352
212,212.0,213.00296991423406,0.1635913389991165,0.1668539777064302,0.16720868337478983,0.1635913389991165,0.16917059471340215,0.16958406620714556
213,213.0,214.00134480823104,0.16350838461714326,0.1666070100210787,0.1668484614278031,0.16350838461714326,0.17038890648857177,0.16913885282826058
214,214.0,214.99986876474603,0.16344149897005306,0.16636152614690872,0.16649863420409416,0.16344149897005306,0.171567212307053,0.16868962940183863
215,215.0,215.99854163796203,0.16315164880273325,0.16588173730344857,0.16735213669404853,0.16315164880273325,0.17245963446823462,0.1680031939288024
216,216.0,216.99736180747686,0.16287831478316572,0.16541015759034755,0.16820867232997172,0.16287831478316572,0.1733001228305205,0.16732441768282938
217,217.0,217.9963263419654,0.1626225786367709,0.16495068189170078,0.16905937244090763,0.1626225786367709,0.17408546589017734,0.16665932250367302
218,218.0,218.99543115958545,0.16220666650912405,0.16432812313447787,0.17078917072110278,0.16220666650912405,0.17463475331830008,0.16583461980787173
219,219.0,219.99467118384763,0.16167258051645222,0.16358684060893405,0.1720726212755912,0.16278369162756334,0.17498792320058626,0.16489634277087345
220,220.0,220.99404049384512,0.16219321176570475,0.162901852377677,0.17301865203097314,0.16308044580825792,0.1752104054745934,0.1635954325427943
221,221.0,221.9935324679044,0.16273022264572856,0.16224671931912243,0.1739196297659884,0.1633858183904094,0.1753811291847923,0.1623364806939594
222,222.0,222.99313991987873,0.16303850984655105,0.16138691200849045,0.1745329547672283,0.1634577985699553,0.1752654677123665,0.16231835709540882
223,223.0,223.99285522745683,0.16235214857836985,0.16056578165838084,0.17609554477234363,0.16353329149964646,0.17510750190458851,0.16234573158667107
224,224.0,224.99267045200256,0.16158655820985807,0.15969676278533337,0.17723321101725936,0.16433846370244418,0.1748221327621622,0.1623228715229431
225,225.0,225.99257744957367,0.16083913573655204,0.15887515261219048,0.17830434194281902,0.16513775007446432,0.17593534392036633,0.16090827571360805
226,226.0,226.99256797289195,0.16011553859366426,0.15810442637069314,0.17930487977170262,0.1659237463350645,0.1770104309518415,0.1595409779770342
227,227.0,227.99263376414947,0.15942062021958178,0.15738720293009176,0.18023187843528893,0.16668992153278064,0.17804045539894583,0.15822992148331122
228,228.0,228.99276663863975,0.15875846192116488,0.15672530424470274,0.18108342186347182,0.16743059602192403,0.17901962327564538,0.15698259267309123
229,229.0,229.9929585592946,0.15813240927383118,0.15611981682585876,0.1818585401455098,0.16814091312846052,0.17994322856021366,0.1558050920661261
230,230.0,230.99320170229103,0.15746935466318815,0.15549539684533623,0.18308742764350003,0.1685895326923127,0.18073183388326047,0.15462645427240249
231,231.0,231.9934885139649,0.15684781064985495,0.15492836357728998,0.18423514583359463,0.16900268372665594,0.18145923500588937,0.15352676120671524
232,232.0,232.99381175933175,0.15626984161423393,0.15441864868315286,0.18529833446468225,0.16937978157409767,0.1821242783369158,0.15250911532691763
233,233.0,233.99416456256859,0.15573686974891007,0.15396561747447532,0.18627481460635265,0.16972066057485363,0.1827265492221898,0.15157548837321866
234,234.0,234.99454043985605,0.1552497250555069,0.1535681318947982,0.18633015897279753,0.1708588671569182,0.18326630219743387,0.15072681472254543
235,235.0,235.9949333250162,0.1548086962637664,0.15322461223701822,0.18630592769787502,0.17195328649633984,0.18374439152389851,0.14996308578110212
236,236.0,236.99533758841022,0.1543494795073371,0.1528689945414209,0.18672314117129163,0.1727409428675784,0.18409810010909453,0.14921934180327756
237,237.0,237.99574804958073,0.15393617805794452,0.15256373709643622,0.18707194432194077,0.17347540523450905,0.18439402124898907,0.14855871404018048
238,238.0,238.99615998413836,0.1535683333993789,0.1523068564514528,0.1873556901505927,0.17415464837389322,0.18463497447671337,0.1479794971479691
239,239.0,239.99656912539882,0.1532450782991432,0.15209608373292038,0.18757804693116062,0.17477740177709172,0.1848240470512072,0.14747934220847694
240,240.0,240.99697166127928,0.15296518635240677,0.15192891587537913,0.18774293000064726,0.17534308688369116,0.18496453631204868,0.14705534457582703
241,241.0,241.9973642269589,0.15272712016328707,0.15180266407130535,0.18785443789946588,0.17585175367228545,0.1850598956979946,0.1467041284956616
242,242.0,242.997743893801,0.15252907781791364,0.15171449923339306,0.1879167930656951,0.17630401730678918,0.1851136846026751,0.1464219279735339
243,243.0,243.99810815502084,0.1533214183077465,0.15118530383721474,0.18745809674474107,0.17622480499007584,0.1846533317089794,0.1471570444112424
244,244.0,244.99845490856848,0.15414003708722387,0.1506930443211302,0.1869636124771031,0.17609662786900576,0.18416342615425352,0.14794325209128348
245,245.0,245.9987824376757,0.1547955487110151,0.15006037826371948,0.18626329247155457,0.17574709276665385,0.1834732508315763,0.14966043695548065
246,246.0,246.99908938949545,0.15545842306416516,0.14946838726540362,0.18554543778765628,0.1753625451178861,0.182770448756684,0.1513947580082049
247,247.0,247.99937475223825,0.15598240624131776,0.14878003484136737,0.1846800915511933,0.17481144276494287,0.18303553284776922,0.15271049175340962
248,248.0,248.9996378311844,0.15650114752830116,0.14813684065842314,0.18381565637978672,0.17424095220177116,0.18329406364732334,0.15401133958439472
249,249.0,249.9998782239241,0.1570099837012624,0.14754072083429115,0.18296068551864497,0.1736587171550255,0.18354411117650393,0.15528578161427228
250,250.0,251.00009579515057,0.15798558614064337,0.14747369836210075,0.17952662839919914,0.17374481134660774,0.1842647925178258,0.1570044832336235
251,251.0,252.00029065130292,0.1575102584591445,0.1474508414236874,0.17614227268001253,0.17382577168,0.18639771659754067,0.15867313915961526
252,252.0,253.000463115327,0.1568409898028116,0.14853939060648608,0.1726579203496797,0.17372273050911588,0.18813747275815498,0.1601014959737521
253,253.0,254.0006137017954,0.15605347013029464,0.14954192298115074,0.17016801776722174,0.17350472157069508,0.18960518657917902,0.1611266809714591
254,254.0,255.00074309259898,0.15517649064902805,0.15137519672293,0.16761620080185757,0.17319451263996638,0.19083156697454334,0.16180603221167492
255,255.0,256.00085211339626,0.1543095853165177,0.15320144132133098,0.16519781542516787,0.17288624398728603,0.19199211984649667,0.16241279410320106
256,256.0,257.0009417109799,0.15463465819545547,0.1536015820931923,0.1636055205138702,0.17250704669561845,0.1929303072671454,0.1627208852347185
257,257.0,258.0010129316953,0.1555035780852245,0.15489897382319515,0.16158970178761015,0.17169490072887414,0.19315126939969904,0.16316157617539734
258,258.0,259.0010669010222,0.15619667767925058,0.15705273068503853,0.1595466610239378,0.17071962900763482,0.19312561805274042,0.16335868355139818
259,259.0,260.0011048044062,0.15577421118577092,0.15915210716834854,0.15689103435071464,0.17087912222138776,0.1938082161426354,0.16349530893114309
260,260.0,261.0011278694078,0.15515812593463696,0.16301610188069973,0.15415416531915663,0.170328760714948,0.19412538099876797,0.16321746515179109
261,261.0,262.0011373492151,0.15440950631468708,0.16761184748429891,0.15145655906542507,0.16952384920421482,0.19424494705541576,0.1627532908759587
262,262.0,263.0011345075496,0.15318202846693893,0.17308608444985832,0.1495176939457032,0.16809709815393126,0.19438984361132589,0.16172725137224275
263,263.0,264.0011206049751,0.15197871013550693,0.1783819355572406,0.14776679878350155,0.16671067331426948,0.19448466007958443,0.16067722212989738
264,264.0,265.00109688660825,0.15080916855207382,0.18346428088118966,0.14620258553469012,0.1653744063125639,0.194533456304274,0.15961610241520893
265,265.0,266.001064571212,0.14990394367989626,0.18841475865792043,0.1439331392515291,0.16542997736836926,0.19365145745861562,0.15866672358366976
266,266.0,267.0010248416433,0.14904565609657047,0.19309705086438742,0.14185167770028506,0.16553764696537646,0.1927405630381007,0.15772740533528026
267,267.0,268.000978836615,0.1482381949490445,0.19749115313555235,0.13996021702327874,0.16569112855349524,0.19181277154442009,0.15680653479420942
268,268.0,269.00092764372334,0.14739364311430453,0.20203648889677922,0.13816776264894737,0.16579339702682416,0.19078814150891804,0.15582056680422696
269,269.0,270.0108722936837,0.1466059733612376,0.20626339053235868,0.13656415667258492,0.1659303691939271,0.1897684212679499,0.15486768897194203
270,270.0,271.02071375571114,0.1447662630680959,0.2101614324384997,0.13625766142526924,0.1660972049637556,0.18876331704447197,0.1539541210599078
