Total_iterations,Unnamed: 0.1,Intertwine_two,Add_vertex,Delete_vertex,Invert_path_vertices,Insert_inside_vertex,Delete_inside_vertex
0,0.0,0.1666666666666666,0.1666666666666666,0.1666666666666666,0.1666666666666666,0.1666666666666666,0.1666666666666666
1,1.0,0.1666666666666666,0.1666666666666666,0.1666666666666666,0.1666666666666666,0.1666666666666666,0.1666666666666666
2,2.0,0.1666666666666666,0.1666666666666666,0.1666666666666666,0.1666666666666666,0.1666666666666666,0.1666666666666666
3,3.0,0.1666666666666666,0.1666666666666666,0.1666666666666666,0.1666666666666666,0.1666666666666666,0.1666666666666666
4,4.0,0.1666666666666666,0.1666666666666666,0.1666666666666666,0.1666666666666666,0.1666666666666666,0.1666666666666666
5,5.0,0.1666666666666666,0.1666666666666666,0.1666666666666666,0.1666666666666666,0.1666666666666666,0.1666666666666666
6,6.0,0.1666666666666666,0.1666666666666666,0.1666666666666666,0.1666666666666666,0.1666666666666666,0.1666666666666666
7,7.0,0.1666666666666666,0.1666666666666666,0.1666666666666666,0.1666666666666666,0.1666666666666666,0.1666666666666666
8,8.0,0.1666666666666666,0.1666666666666666,0.1666666666666666,0.1666666666666666,0.1666666666666666,0.1666666666666666
9,9.0,0.1666666666666666,0.1666666666666666,0.1666666666666666,0.1666666666666666,0.1666666666666666,0.1666666666666666
10,10.0,0.1666666666666666,0.1666666666666666,0.1666666666666666,0.1666666666666666,0.1666666666666666,0.1666666666666666
11,11.0,0.1666666666666666,0.1666666666666666,0.1666666666666666,0.1666666666666666,0.1666666666666666,0.1666666666666666
12,12.0,0.1666666666666666,0.1666666666666666,0.1666666666666666,0.1666666666666666,0.1666666666666666,0.1666666666666666
13,13.0,0.1666666666666666,0.1666666666666666,0.1666666666666666,0.1666666666666666,0.1666666666666666,0.1666666666666666
14,14.0,0.1666666666666666,0.1666666666666666,0.1666666666666666,0.1666666666666666,0.1666666666666666,0.1666666666666666
15,15.0,0.1666666666666666,0.1666666666666666,0.1666666666666666,0.1666666666666666,0.1666666666666666,0.1666666666666666
16,16.0,0.1666666666666666,0.1666666666666666,0.1666666666666666,0.1666666666666666,0.1666666666666666,0.1666666666666666
17,17.0,0.1666666666666666,0.1666666666666666,0.1666666666666666,0.1666666666666666,0.1666666666666666,0.1666666666666666
18,18.0,0.1666666666666666,0.1666666666666666,0.1666666666666666,0.1666666666666666,0.1666666666666666,0.1666666666666666
19,19.0,0.1666666666666666,0.1666666666666666,0.1666666666666666,0.1666666666666666,0.1666666666666666,0.1666666666666666
20,20.0,0.1666666666666666,0.1666666666666666,0.1666666666666666,0.1666666666666666,0.1666666666666666,0.1666666666666666
21,21.0,0.1666666666666666,0.1666666666666666,0.1666666666666666,0.1666666666666666,0.1666666666666666,0.1666666666666666
22,22.0,0.1666666666666666,0.1666666666666666,0.1666666666666666,0.1666666666666666,0.1666666666666666,0.1666666666666666
23,23.0,0.1666666666666666,0.1666666666666666,0.1666666666666666,0.1666666666666666,0.1666666666666666,0.1666666666666666
24,24.0,0.1666666666666666,0.1666666666666666,0.1666666666666666,0.1666666666666666,0.1666666666666666,0.1666666666666666
25,25.0,0.1666666666666666,0.1666666666666666,0.1666666666666666,0.1666666666666666,0.1666666666666666,0.1666666666666666
26,26.0,0.1666666666666666,0.1666666666666666,0.1666666666666666,0.1666666666666666,0.1666666666666666,0.1666666666666666
27,27.0,0.1666666666666666,0.1666666666666666,0.1666666666666666,0.1666666666666666,0.1666666666666666,0.1666666666666666
28,28.0,0.1666666666666666,0.1666666666666666,0.1666666666666666,0.1666666666666666,0.1666666666666666,0.1666666666666666
29,29.0,0.1666666666666666,0.1666666666666666,0.1666666666666666,0.1666666666666666,0.1666666666666666,0.1666666666666666
30,30.0,0.1666666666666666,0.1666666666666666,0.1666666666666666,0.1666666666666666,0.1666666666666666,0.1666666666666666
31,31.0,0.1666666666666666,0.1666666666666666,0.1666666666666666,0.1666666666666666,0.1666666666666666,0.1666666666666666
32,32.0,0.1666666666666666,0.1666666666666666,0.1666666666666666,0.1666666666666666,0.1666666666666666,0.1666666666666666
33,33.0,0.1666666666666666,0.1666666666666666,0.1666666666666666,0.1666666666666666,0.1666666666666666,0.1666666666666666
34,34.0,0.1666666666666666,0.1666666666666666,0.1666666666666666,0.1666666666666666,0.1666666666666666,0.1666666666666666
35,35.0,0.1666666666666666,0.1666666666666666,0.1666666666666666,0.1666666666666666,0.1666666666666666,0.1666666666666666
36,36.0,0.1666666666666666,0.1666666666666666,0.1666666666666666,0.1666666666666666,0.1666666666666666,0.1666666666666666
37,37.0,0.1666666666666666,0.1666666666666666,0.1666666666666666,0.1666666666666666,0.1666666666666666,0.1666666666666666
38,38.0,0.1666666666666666,0.1666666666666666,0.1666666666666666,0.1666666666666666,0.1666666666666666,0.1666666666666666
39,39.0,0.1666666666666666,0.1666666666666666,0.1666666666666666,0.1666666666666666,0.1666666666666666,0.1666666666666666
40,40.0,0.1666666666666666,0.1666666666666666,0.1666666666666666,0.1666666666666666,0.1666666666666666,0.1666666666666666
41,41.0,0.1666666666666666,0.1666666666666666,0.1666666666666666,0.1666666666666666,0.1666666666666666,0.1666666666666666
42,42.0,0.1666666666666666,0.1666666666666666,0.1666666666666666,0.1666666666666666,0.1666666666666666,0.1666666666666666
43,43.0,0.1666666666666666,0.1666666666666666,0.1666666666666666,0.1666666666666666,0.1666666666666666,0.1666666666666666
44,44.0,0.1666666666666666,0.1666666666666666,0.1666666666666666,0.1666666666666666,0.1666666666666666,0.1666666666666666
45,45.0,0.1666666666666666,0.1666666666666666,0.1666666666666666,0.1666666666666666,0.1666666666666666,0.1666666666666666
46,46.0,0.1666666666666666,0.1666666666666666,0.1666666666666666,0.1666666666666666,0.1666666666666666,0.1666666666666666
47,47.0,0.1666666666666666,0.1666666666666666,0.1666666666666666,0.1666666666666666,0.1666666666666666,0.1666666666666666
48,48.0,0.1666666666666666,0.1666666666666666,0.1666666666666666,0.1666666666666666,0.1666666666666666,0.1666666666666666
49,49.0,0.1666666666666666,0.1666666666666666,0.1666666666666666,0.1666666666666666,0.1666666666666666,0.1666666666666666
50,50.0,0.1666666666666666,0.1666666666666666,0.1666666666666666,0.1666666666666666,0.1666666666666666,0.1666666666666666
51,51.0,0.1666666666666666,0.1666666666666666,0.1666666666666666,0.1666666666666666,0.1666666666666666,0.1666666666666666
52,52.0,0.1666666666666666,0.1666666666666666,0.1666666666666666,0.1666666666666666,0.1666666666666666,0.1666666666666666
53,53.0,0.1666666666666666,0.1666666666666666,0.1666666666666666,0.1666666666666666,0.1666666666666666,0.1666666666666666
54,54.0,0.1666666666666666,0.1666666666666666,0.1666666666666666,0.1666666666666666,0.1666666666666666,0.1666666666666666
55,55.0,0.1666666666666666,0.1666666666666666,0.1666666666666666,0.1666666666666666,0.1666666666666666,0.1666666666666666
56,56.0,0.1666666666666666,0.1666666666666666,0.1666666666666666,0.1666666666666666,0.1666666666666666,0.1666666666666666
57,57.0,0.1666666666666666,0.1666666666666666,0.1666666666666666,0.1666666666666666,0.1666666666666666,0.1666666666666666
58,58.0,0.1666666666666666,0.1666666666666666,0.1666666666666666,0.1666666666666666,0.1666666666666666,0.1666666666666666
59,59.0,0.1666666666666666,0.1666666666666666,0.1666666666666666,0.1666666666666666,0.1666666666666666,0.1666666666666666
60,60.0,0.1666666666666666,0.1666666666666666,0.1666666666666666,0.1666666666666666,0.1666666666666666,0.1666666666666666
61,61.0,0.1666666666666666,0.1666666666666666,0.1666666666666666,0.1666666666666666,0.1666666666666666,0.1666666666666666
62,62.0,0.1666666666666666,0.1666666666666666,0.1666666666666666,0.1666666666666666,0.1666666666666666,0.1666666666666666
63,63.0,0.1666666666666666,0.1666666666666666,0.1666666666666666,0.1666666666666666,0.1666666666666666,0.1666666666666666
64,64.0,0.1666666666666666,0.1666666666666666,0.1666666666666666,0.1666666666666666,0.1666666666666666,0.1666666666666666
65,65.0,0.1666666666666666,0.1666666666666666,0.1666666666666666,0.1666666666666666,0.1666666666666666,0.1666666666666666
66,66.0,0.1666666666666666,0.1666666666666666,0.1666666666666666,0.1666666666666666,0.1666666666666666,0.1666666666666666
67,67.0,0.1666666666666666,0.1666666666666666,0.1666666666666666,0.1666666666666666,0.1666666666666666,0.1666666666666666
68,68.0,0.1666666666666666,0.1666666666666666,0.1666666666666666,0.1666666666666666,0.1666666666666666,0.1666666666666666
69,69.0,0.1666666666666666,0.1666666666666666,0.1666666666666666,0.1666666666666666,0.1666666666666666,0.1666666666666666
70,70.0,0.1666666666666666,0.1666666666666666,0.1666666666666666,0.1666666666666666,0.1666666666666666,0.1666666666666666
71,71.0,0.1666666666666666,0.1666666666666666,0.1666666666666666,0.1666666666666666,0.1666666666666666,0.1666666666666666
72,72.0,0.1666666666666666,0.1666666666666666,0.1666666666666666,0.1666666666666666,0.1666666666666666,0.1666666666666666
73,73.0,0.1666666666666666,0.1666666666666666,0.1666666666666666,0.1666666666666666,0.1666666666666666,0.1666666666666666
74,74.0,0.1666666666666666,0.1666666666666666,0.1666666666666666,0.1666666666666666,0.1666666666666666,0.1666666666666666
75,75.0,0.1666666666666666,0.1666666666666666,0.1666666666666666,0.1666666666666666,0.1666666666666666,0.1666666666666666
76,76.0,0.1666666666666666,0.1666666666666666,0.1666666666666666,0.1666666666666666,0.1666666666666666,0.1666666666666666
77,77.0,0.1666666666666666,0.1666666666666666,0.1666666666666666,0.1666666666666666,0.1666666666666666,0.1666666666666666
78,78.0,0.1666666666666666,0.1666666666666666,0.1666666666666666,0.1666666666666666,0.1666666666666666,0.1666666666666666
79,79.0,0.1666666666666666,0.1666666666666666,0.1666666666666666,0.1666666666666666,0.1666666666666666,0.1666666666666666
80,80.0,0.1666666666666666,0.1666666666666666,0.1666666666666666,0.1666666666666666,0.1666666666666666,0.1666666666666666
81,81.0,0.1666666666666666,0.1666666666666666,0.1666666666666666,0.1666666666666666,0.1666666666666666,0.1666666666666666
82,82.0,0.1666666666666666,0.1666666666666666,0.1666666666666666,0.1666666666666666,0.1666666666666666,0.1666666666666666
83,83.0,0.1666666666666666,0.1666666666666666,0.1666666666666666,0.1666666666666666,0.1666666666666666,0.1666666666666666
84,84.0,0.1666666666666666,0.1666666666666666,0.1666666666666666,0.1666666666666666,0.1666666666666666,0.1666666666666666
85,85.0,0.1666666666666666,0.1666666666666666,0.1666666666666666,0.1666666666666666,0.1666666666666666,0.1666666666666666
86,86.0,0.1666666666666666,0.1666666666666666,0.1666666666666666,0.1666666666666666,0.1666666666666666,0.1666666666666666
87,87.0,0.1666666666666666,0.1666666666666666,0.1666666666666666,0.1666666666666666,0.1666666666666666,0.1666666666666666
88,88.0,0.1666666666666666,0.1666666666666666,0.1666666666666666,0.1666666666666666,0.1666666666666666,0.1666666666666666
89,89.0,0.1666666666666666,0.1666666666666666,0.1666666666666666,0.1666666666666666,0.1666666666666666,0.1666666666666666
90,90.0,0.1666666666666666,0.1666666666666666,0.1666666666666666,0.1666666666666666,0.1666666666666666,0.1666666666666666
91,91.0,0.1666666666666666,0.1666666666666666,0.1666666666666666,0.1666666666666666,0.1666666666666666,0.1666666666666666
92,92.0,0.1666666666666666,0.1666666666666666,0.1666666666666666,0.1666666666666666,0.1666666666666666,0.1666666666666666
93,93.0,0.1666666666666666,0.1666666666666666,0.1666666666666666,0.1666666666666666,0.1666666666666666,0.1666666666666666
94,94.0,0.1666666666666666,0.1666666666666666,0.1666666666666666,0.1666666666666666,0.1666666666666666,0.1666666666666666
95,95.0,0.1666666666666666,0.1666666666666666,0.1666666666666666,0.1666666666666666,0.1666666666666666,0.1666666666666666
96,96.0,0.1666666666666666,0.1666666666666666,0.1666666666666666,0.1666666666666666,0.1666666666666666,0.1666666666666666
97,97.0,0.1666666666666666,0.1666666666666666,0.1666666666666666,0.1666666666666666,0.1666666666666666,0.1666666666666666
98,98.0,0.1666666666666666,0.1666666666666666,0.1666666666666666,0.1666666666666666,0.1666666666666666,0.1666666666666666
99,99.0,0.1666666666666666,0.1666666666666666,0.1666666666666666,0.1666666666666666,0.1666666666666666,0.1666666666666666
100,100.0,0.1666666666666666,0.1666666666666666,0.1666666666666666,0.1666666666666666,0.1666666666666666,0.1666666666666666
101,101.0,0.1666666666666666,0.1666666666666666,0.1666666666666666,0.1666666666666666,0.1666666666666666,0.1666666666666666
102,102.0,0.1666666666666666,0.1666666666666666,0.1666666666666666,0.1666666666666666,0.1666666666666666,0.1666666666666666
103,103.0,0.1666666666666666,0.1666666666666666,0.1666666666666666,0.1666666666666666,0.1666666666666666,0.1666666666666666
104,104.0,0.1666666666666666,0.1666666666666666,0.1666666666666666,0.1666666666666666,0.1666666666666666,0.1666666666666666
105,105.0,0.1666666666666666,0.1666666666666666,0.1666666666666666,0.1666666666666666,0.1666666666666666,0.1666666666666666
106,106.0,0.1666666666666666,0.1666666666666666,0.1666666666666666,0.1666666666666666,0.1666666666666666,0.1666666666666666
107,107.0,0.1666666666666666,0.1666666666666666,0.1666666666666666,0.1666666666666666,0.1666666666666666,0.1666666666666666
108,108.0,0.1666666666666666,0.1666666666666666,0.1666666666666666,0.1666666666666666,0.1666666666666666,0.1666666666666666
109,109.0,0.1666666666666666,0.1666666666666666,0.1666666666666666,0.1666666666666666,0.1666666666666666,0.1666666666666666
110,110.0,0.1666666666666666,0.1666666666666666,0.1666666666666666,0.1666666666666666,0.1666666666666666,0.1666666666666666
111,111.0,0.1666666666666666,0.1666666666666666,0.1666666666666666,0.1666666666666666,0.1666666666666666,0.1666666666666666
112,112.0,0.1666666666666666,0.1666666666666666,0.1666666666666666,0.1666666666666666,0.1666666666666666,0.1666666666666666
113,113.0,0.1666666666666666,0.1666666666666666,0.1666666666666666,0.1666666666666666,0.1666666666666666,0.1666666666666666
114,114.0,0.1666666666666666,0.1666666666666666,0.1666666666666666,0.1666666666666666,0.1666666666666666,0.1666666666666666
115,115.0,0.1666666666666666,0.1666666666666666,0.1666666666666666,0.1666666666666666,0.1666666666666666,0.1666666666666666
116,116.0,0.1666666666666666,0.1666666666666666,0.1666666666666666,0.1666666666666666,0.1666666666666666,0.1666666666666666
117,117.0,0.1666666666666666,0.1666666666666666,0.1666666666666666,0.1666666666666666,0.1666666666666666,0.1666666666666666
118,118.0,0.1666666666666666,0.1666666666666666,0.1666666666666666,0.1666666666666666,0.1666666666666666,0.1666666666666666
119,119.0,0.1666666666666666,0.1666666666666666,0.1666666666666666,0.1666666666666666,0.1666666666666666,0.1666666666666666
120,120.0,0.1666666666666666,0.1666666666666666,0.1666666666666666,0.1666666666666666,0.1666666666666666,0.1666666666666666
121,121.0,0.1666666666666666,0.1666666666666666,0.1666666666666666,0.1666666666666666,0.1666666666666666,0.1666666666666666
122,122.0,0.1666666666666666,0.1666666666666666,0.1666666666666666,0.1666666666666666,0.1666666666666666,0.1666666666666666
123,123.0,0.1666666666666666,0.1666666666666666,0.1666666666666666,0.1666666666666666,0.1666666666666666,0.1666666666666666
124,124.0,0.1666666666666666,0.1666666666666666,0.1666666666666666,0.1666666666666666,0.1666666666666666,0.1666666666666666
125,125.0,0.1666666666666666,0.1666666666666666,0.1666666666666666,0.1666666666666666,0.1666666666666666,0.1666666666666666
126,126.0,0.1666666666666666,0.1666666666666666,0.1666666666666666,0.1666666666666666,0.1666666666666666,0.1666666666666666
127,127.0,0.1666666666666666,0.1666666666666666,0.1666666666666666,0.1666666666666666,0.1666666666666666,0.1666666666666666
128,128.0,0.1666666666666666,0.1666666666666666,0.1666666666666666,0.1666666666666666,0.1666666666666666,0.1666666666666666
129,129.0,0.1666666666666666,0.1666666666666666,0.1666666666666666,0.1666666666666666,0.1666666666666666,0.1666666666666666
130,130.0,0.1666666666666666,0.1666666666666666,0.1666666666666666,0.1666666666666666,0.1666666666666666,0.1666666666666666
131,131.0,0.1666666666666666,0.1666666666666666,0.1666666666666666,0.1666666666666666,0.1666666666666666,0.1666666666666666
132,132.0,0.1666666666666666,0.1666666666666666,0.1666666666666666,0.1666666666666666,0.1666666666666666,0.1666666666666666
133,133.0,0.1666666666666666,0.1666666666666666,0.1666666666666666,0.1666666666666666,0.1666666666666666,0.1666666666666666
134,134.0,0.1666666666666666,0.1666666666666666,0.1666666666666666,0.1666666666666666,0.1666666666666666,0.1666666666666666
135,135.0,0.1666666666666666,0.1666666666666666,0.1666666666666666,0.1666666666666666,0.1666666666666666,0.1666666666666666
136,136.0,0.1666666666666666,0.1666666666666666,0.1666666666666666,0.1666666666666666,0.1666666666666666,0.1666666666666666
137,137.0,0.1666666666666666,0.1666666666666666,0.1666666666666666,0.1666666666666666,0.1666666666666666,0.1666666666666666
138,138.0,0.1666666666666666,0.1666666666666666,0.1666666666666666,0.1666666666666666,0.1666666666666666,0.1666666666666666
139,139.0,0.1666666666666666,0.1666666666666666,0.1666666666666666,0.1666666666666666,0.1666666666666666,0.1666666666666666
140,140.0,0.1666666666666666,0.1666666666666666,0.1666666666666666,0.1666666666666666,0.1666666666666666,0.1666666666666666
141,141.0,0.1666666666666666,0.1666666666666666,0.1666666666666666,0.1666666666666666,0.1666666666666666,0.1666666666666666
142,142.0,0.1666666666666666,0.1666666666666666,0.1666666666666666,0.1666666666666666,0.1666666666666666,0.1666666666666666
143,143.0,0.1666666666666666,0.1666666666666666,0.1666666666666666,0.1666666666666666,0.1666666666666666,0.1666666666666666
144,144.0,0.1666666666666666,0.1666666666666666,0.1666666666666666,0.1666666666666666,0.1666666666666666,0.1666666666666666
145,145.0,0.1666666666666666,0.1666666666666666,0.1666666666666666,0.1666666666666666,0.1666666666666666,0.1666666666666666
146,146.0,0.1666666666666666,0.1666666666666666,0.1666666666666666,0.1666666666666666,0.1666666666666666,0.1666666666666666
147,147.0,0.1666666666666666,0.1666666666666666,0.1666666666666666,0.1666666666666666,0.1666666666666666,0.1666666666666666
148,148.0,0.1666666666666666,0.1666666666666666,0.1666666666666666,0.1666666666666666,0.1666666666666666,0.1666666666666666
149,149.0,0.1666666666666666,0.1666666666666666,0.1666666666666666,0.1666666666666666,0.1666666666666666,0.1666666666666666
150,150.0,0.1666666666666666,0.1666666666666666,0.1666666666666666,0.1666666666666666,0.1666666666666666,0.1666666666666666
151,151.0,0.1666666666666666,0.1666666666666666,0.1666666666666666,0.1666666666666666,0.1666666666666666,0.1666666666666666
152,152.0,0.1666666666666666,0.1666666666666666,0.1666666666666666,0.1666666666666666,0.1666666666666666,0.1666666666666666
153,153.0,0.1666666666666666,0.1666666666666666,0.1666666666666666,0.1666666666666666,0.1666666666666666,0.1666666666666666
154,154.0,0.1666666666666666,0.1666666666666666,0.1666666666666666,0.1666666666666666,0.1666666666666666,0.1666666666666666
155,155.0,0.1666666666666666,0.1666666666666666,0.1666666666666666,0.1666666666666666,0.1666666666666666,0.1666666666666666
156,156.0,0.1666666666666666,0.1666666666666666,0.1666666666666666,0.1666666666666666,0.1666666666666666,0.1666666666666666
157,157.0,0.1666666666666666,0.1666666666666666,0.1666666666666666,0.1666666666666666,0.1666666666666666,0.1666666666666666
158,158.0,0.1666666666666666,0.1666666666666666,0.1666666666666666,0.1666666666666666,0.1666666666666666,0.1666666666666666
159,159.0,0.1666666666666666,0.1666666666666666,0.1666666666666666,0.1666666666666666,0.1666666666666666,0.1666666666666666
160,160.0,0.1666666666666666,0.1666666666666666,0.1666666666666666,0.1666666666666666,0.1666666666666666,0.1666666666666666
161,161.0,0.1666666666666666,0.1666666666666666,0.1666666666666666,0.1666666666666666,0.1666666666666666,0.1666666666666666
162,162.0,0.1666666666666666,0.1666666666666666,0.1666666666666666,0.1666666666666666,0.1666666666666666,0.1666666666666666
163,163.0,0.1666666666666666,0.1666666666666666,0.1666666666666666,0.1666666666666666,0.1666666666666666,0.1666666666666666
164,164.0,0.1666666666666666,0.1666666666666666,0.1666666666666666,0.1666666666666666,0.1666666666666666,0.1666666666666666
165,165.0,0.1666666666666666,0.1666666666666666,0.1666666666666666,0.1666666666666666,0.1666666666666666,0.1666666666666666
166,166.0,0.1666666666666666,0.1666666666666666,0.1666666666666666,0.1666666666666666,0.1666666666666666,0.1666666666666666
167,167.0,0.1666666666666666,0.1666666666666666,0.1666666666666666,0.1666666666666666,0.1666666666666666,0.1666666666666666
168,168.0,0.1666666666666666,0.1666666666666666,0.1666666666666666,0.1666666666666666,0.1666666666666666,0.1666666666666666
169,169.0,0.1666666666666666,0.1666666666666666,0.1666666666666666,0.1666666666666666,0.1666666666666666,0.1666666666666666
170,170.0,0.1666666666666666,0.1666666666666666,0.1666666666666666,0.1666666666666666,0.1666666666666666,0.1666666666666666
171,171.0,0.1666666666666666,0.1666666666666666,0.1666666666666666,0.1666666666666666,0.1666666666666666,0.1666666666666666
172,172.0,0.1666666666666666,0.1666666666666666,0.1666666666666666,0.1666666666666666,0.1666666666666666,0.1666666666666666
173,173.0,0.1666666666666666,0.1666666666666666,0.1666666666666666,0.1666666666666666,0.1666666666666666,0.1666666666666666
174,174.0,0.1666666666666666,0.1666666666666666,0.1666666666666666,0.1666666666666666,0.1666666666666666,0.1666666666666666
175,175.0,0.1666666666666666,0.1666666666666666,0.1666666666666666,0.1666666666666666,0.1666666666666666,0.1666666666666666
176,176.0,0.1666666666666666,0.1666666666666666,0.1666666666666666,0.1666666666666666,0.1666666666666666,0.1666666666666666
177,177.0,0.1666666666666666,0.1666666666666666,0.1666666666666666,0.1666666666666666,0.1666666666666666,0.1666666666666666
178,178.0,0.1666666666666666,0.1666666666666666,0.1666666666666666,0.1666666666666666,0.1666666666666666,0.1666666666666666
179,179.0,0.1666666666666666,0.1666666666666666,0.1666666666666666,0.1666666666666666,0.1666666666666666,0.1666666666666666
180,180.0,0.1666666666666666,0.1666666666666666,0.1666666666666666,0.1666666666666666,0.1666666666666666,0.1666666666666666
181,181.0,0.1666666666666666,0.1666666666666666,0.1666666666666666,0.1666666666666666,0.1666666666666666,0.1666666666666666
182,182.0,0.1666666666666666,0.1666666666666666,0.1666666666666666,0.1666666666666666,0.1666666666666666,0.1666666666666666
183,183.0,0.1666666666666666,0.1666666666666666,0.1666666666666666,0.1666666666666666,0.1666666666666666,0.1666666666666666
184,184.0,0.1666666666666666,0.1666666666666666,0.1666666666666666,0.1666666666666666,0.1666666666666666,0.1666666666666666
185,185.0,0.1666666666666666,0.1666666666666666,0.1666666666666666,0.1666666666666666,0.1666666666666666,0.1666666666666666
186,186.0,0.1666666666666666,0.1666666666666666,0.1666666666666666,0.1666666666666666,0.1666666666666666,0.1666666666666666
187,187.0,0.1666666666666666,0.1666666666666666,0.1666666666666666,0.1666666666666666,0.1666666666666666,0.1666666666666666
188,188.0,0.1666666666666666,0.1666666666666666,0.1666666666666666,0.1666666666666666,0.1666666666666666,0.1666666666666666
189,189.0,0.1666666666666666,0.1666666666666666,0.1666666666666666,0.1666666666666666,0.1666666666666666,0.1666666666666666
190,190.0,0.1666666666666666,0.1666666666666666,0.1666666666666666,0.1666666666666666,0.1666666666666666,0.1666666666666666
191,191.0,0.1666666666666666,0.1666666666666666,0.1666666666666666,0.1666666666666666,0.1666666666666666,0.1666666666666666
192,192.0,0.1666666666666666,0.1666666666666666,0.1666666666666666,0.1666666666666666,0.1666666666666666,0.1666666666666666
193,193.0,0.1666666666666666,0.1666666666666666,0.1666666666666666,0.1666666666666666,0.1666666666666666,0.1666666666666666
194,194.0,0.1666666666666666,0.1666666666666666,0.1666666666666666,0.1666666666666666,0.1666666666666666,0.1666666666666666
195,195.0,0.1666666666666666,0.1666666666666666,0.1666666666666666,0.1666666666666666,0.1666666666666666,0.1666666666666666
196,196.0,0.1666666666666666,0.1666666666666666,0.1666666666666666,0.1666666666666666,0.1666666666666666,0.1666666666666666
197,197.0,0.1666666666666666,0.1666666666666666,0.1666666666666666,0.1666666666666666,0.1666666666666666,0.1666666666666666
198,198.0,0.1666666666666666,0.1666666666666666,0.1666666666666666,0.1666666666666666,0.1666666666666666,0.1666666666666666
199,199.0,0.1666666666666666,0.1666666666666666,0.1666666666666666,0.1666666666666666,0.1666666666666666,0.1666666666666666
200,200.0,0.1666666666666666,0.1666666666666666,0.1666666666666666,0.1666666666666666,0.1666666666666666,0.1666666666666666
201,201.0,0.1666666666666666,0.1666666666666666,0.1666666666666666,0.1666666666666666,0.1666666666666666,0.1666666666666666
202,202.0,0.1664285714285714,0.1664285714285714,0.1678571428571428,0.1664285714285714,0.1664285714285714,0.1664285714285714
203,203.0,0.1660142857142857,0.1660142857142857,0.1686785714285714,0.1660142857142857,0.1660142857142857,0.1672642857142857
204,204.0,0.1656062857142858,0.1656062857142858,0.1694810714285715,0.1656062857142858,0.1656062857142858,0.1680937857142858
205,205.0,0.1652080228571429,0.1652080228571429,0.1702585107142857,0.1652080228571429,0.1652080228571429,0.1689093978571429
206,206.0,0.1648225060571429,0.1660725060571429,0.1697556209642857,0.1648225060571429,0.1648225060571429,0.1697043548071429
207,207.0,0.1644523158765715,0.1669398158765715,0.1692304639796429,0.1644523158765715,0.1644523158765715,0.1704727725140715
208,208.0,0.1640996215552915,0.1678009965552915,0.1686905180536679,0.1640996215552915,0.1640996215552915,0.1712096207251665
209,209.0,0.163944771879158,0.167576620629158,0.1683212329683252,0.163944771879158,0.1653733433077295,0.1708392593364718
210,210.0,0.1638088165947035,0.1673417732322034,0.1679485212046906,0.1638088165947035,0.1666516737375606,0.1704403986361389
211,211.0,0.1636912258156045,0.1670998499854794,0.1675764525482297,0.1636912258156045,0.1679213686727473,0.1700198771623352
212,212.0,0.1635913389991165,0.1668539777064302,0.1672086833747898,0.1635913389991165,0.1691705947134021,0.1695840662071455
213,213.0,0.1635083846171432,0.1666070100210787,0.1668484614278031,0.1635083846171432,0.1703889064885717,0.1691388528282605
214,214.0,0.163441498970053,0.1663615261469087,0.1664986342040941,0.163441498970053,0.171567212307053,0.1686896294018386
215,215.0,0.1631516488027332,0.1658817373034485,0.1673521366940485,0.1631516488027332,0.1724596344682346,0.1680031939288024
216,216.0,0.1628783147831657,0.1654101575903475,0.1682086723299717,0.1628783147831657,0.1733001228305205,0.1673244176828293
217,217.0,0.1626225786367709,0.1649506818917007,0.1690593724409076,0.1626225786367709,0.1740854658901773,0.166659322503673
218,218.0,0.162206666509124,0.1643281231344778,0.1707891707211027,0.162206666509124,0.1746347533183,0.1658346198078717
219,219.0,0.1616725805164522,0.163586840608934,0.1720726212755912,0.1627836916275633,0.1749879232005862,0.1648963427708734
220,220.0,0.1621932117657047,0.162901852377677,0.1730186520309731,0.1630804458082579,0.1752104054745934,0.1635954325427943
221,221.0,0.1627302226457285,0.1622467193191224,0.1739196297659884,0.1633858183904094,0.1753811291847923,0.1623364806939594
222,222.0,0.163038509846551,0.1613869120084904,0.1745329547672283,0.1634577985699553,0.1752654677123665,0.1623183570954088
223,223.0,0.1623521485783698,0.1605657816583808,0.1760955447723436,0.1635332914996464,0.1751075019045885,0.162345731586671
224,224.0,0.161586558209858,0.1596967627853333,0.1772332110172593,0.1643384637024441,0.1748221327621622,0.1623228715229431
225,225.0,0.160839135736552,0.1588751526121904,0.178304341942819,0.1651377500744643,0.1759353439203663,0.160908275713608
226,226.0,0.1601155385936642,0.1581044263706931,0.1793048797717026,0.1659237463350645,0.1770104309518415,0.1595409779770342
227,227.0,0.1594206202195817,0.1573872029300917,0.1802318784352889,0.1666899215327806,0.1780404553989458,0.1582299214833112
228,228.0,0.1587584619211648,0.1567253042447027,0.1810834218634718,0.167430596021924,0.1790196232756453,0.1569825926730912
229,229.0,0.1581324092738311,0.1561198168258587,0.1818585401455098,0.1681409131284605,0.1799432285602136,0.1558050920661261
230,230.0,0.1574693546631881,0.1554953968453362,0.1830874276435,0.1685895326923127,0.1807318338832604,0.1546264542724024
231,231.0,0.1568478106498549,0.1549283635772899,0.1842351458335946,0.1690026837266559,0.1814592350058893,0.1535267612067152
232,232.0,0.1562698416142339,0.1544186486831528,0.1852983344646822,0.1693797815740976,0.1821242783369158,0.1525091153269176
233,233.0,0.15573686974891,0.1539656174744753,0.1862748146063526,0.1697206605748536,0.1827265492221898,0.1515754883732186
234,234.0,0.1552497250555069,0.1535681318947982,0.1863301589727975,0.1708588671569182,0.1832663021974338,0.1507268147225454
235,235.0,0.1548086962637664,0.1532246122370182,0.186305927697875,0.1719532864963398,0.1837443915238985,0.1499630857811021
236,236.0,0.1543494795073371,0.1528689945414209,0.1867231411712916,0.1727409428675784,0.1840981001090945,0.1492193418032775
237,237.0,0.1539361780579445,0.1525637370964362,0.1870719443219407,0.173475405234509,0.184394021248989,0.1485587140401804
238,238.0,0.1535683333993789,0.1523068564514528,0.1873556901505927,0.1741546483738932,0.1846349744767133,0.1479794971479691
239,239.0,0.1532450782991432,0.1520960837329203,0.1875780469311606,0.1747774017770917,0.1848240470512072,0.1474793422084769
240,240.0,0.1529651863524067,0.1519289158753791,0.1877429300006472,0.1753430868836911,0.1849645363120486,0.147055344575827
241,241.0,0.152727120163287,0.1518026640713053,0.1878544378994658,0.1758517536722854,0.1850598956979946,0.1467041284956616
242,242.0,0.1525290778179136,0.151714499233393,0.1879167930656951,0.1763040173067891,0.1851136846026751,0.1464219279735339
243,243.0,0.1533214183077465,0.1511853038372147,0.187458096744741,0.1762248049900758,0.1846533317089794,0.1471570444112424
244,244.0,0.1541400370872238,0.1506930443211302,0.1869636124771031,0.1760966278690057,0.1841634261542535,0.1479432520912834
245,245.0,0.1547955487110151,0.1500603782637194,0.1862632924715545,0.1757470927666538,0.1834732508315763,0.1496604369554806
246,246.0,0.1554584230641651,0.1494683872654036,0.1855454377876562,0.1753625451178861,0.182770448756684,0.1513947580082049
247,247.0,0.1559824062413177,0.1487800348413673,0.1846800915511933,0.1748114427649428,0.1830355328477692,0.1527104917534096
248,248.0,0.1565011475283011,0.1481368406584231,0.1838156563797867,0.1742409522017711,0.1832940636473233,0.1540113395843947
249,249.0,0.1570099837012624,0.1475407208342911,0.1829606855186449,0.1736587171550255,0.1835441111765039,0.1552857816142722
250,250.0,0.1579855861406433,0.1474736983621007,0.1795266283991991,0.1737448113466077,0.1842647925178258,0.1570044832336235
251,251.0,0.1575102584591445,0.1474508414236874,0.1761422726800125,0.17382577168,0.1863977165975406,0.1586731391596152
252,252.0,0.1568409898028116,0.148539390606486,0.1726579203496797,0.1737227305091158,0.1881374727581549,0.1601014959737521
253,253.0,0.1560534701302946,0.1495419229811507,0.1701680177672217,0.173504721570695,0.189605186579179,0.1611266809714591
254,254.0,0.155176490649028,0.15137519672293,0.1676162008018575,0.1731945126399663,0.1908315669745433,0.1618060322116749
255,255.0,0.1543095853165177,0.1532014413213309,0.1651978154251678,0.172886243987286,0.1919921198464966,0.162412794103201
256,256.0,0.1546346581954554,0.1536015820931923,0.1636055205138702,0.1725070466956184,0.1929303072671454,0.1627208852347185
257,257.0,0.1555035780852245,0.1548989738231951,0.1615897017876101,0.1716949007288741,0.193151269399699,0.1631615761753973
258,258.0,0.1561966776792505,0.1570527306850385,0.1595466610239378,0.1707196290076348,0.1931256180527404,0.1633586835513981
259,259.0,0.1557742111857709,0.1591521071683485,0.1568910343507146,0.1708791222213877,0.1938082161426354,0.163495308931143
260,260.0,0.1551581259346369,0.1630161018806997,0.1541541653191566,0.170328760714948,0.1941253809987679,0.163217465151791
261,261.0,0.154409506314687,0.1676118474842989,0.151456559065425,0.1695238492042148,0.1942449470554157,0.1627532908759587
262,262.0,0.1531820284669389,0.1730860844498583,0.1495176939457032,0.1680970981539312,0.1943898436113258,0.1617272513722427
263,263.0,0.1519787101355069,0.1783819355572406,0.1477667987835015,0.1667106733142694,0.1944846600795844,0.1606772221298973
264,264.0,0.1508091685520738,0.1834642808811896,0.1462025855346901,0.1653744063125639,0.194533456304274,0.1596161024152089
265,265.0,0.1499039436798962,0.1884147586579204,0.1439331392515291,0.1654299773683692,0.1936514574586156,0.1586667235836697
266,266.0,0.1490456560965704,0.1930970508643874,0.141851677700285,0.1655376469653764,0.1927405630381007,0.1577274053352802
267,267.0,0.1482381949490445,0.1974911531355523,0.1399602170232787,0.1656911285534952,0.19181277154442,0.1568065347942094
268,268.0,0.1473936431143045,0.2020364888967792,0.1381677626489473,0.1657933970268241,0.190788141508918,0.1558205668042269
269,269.0,0.1466059733612376,0.2062633905323586,0.1365641566725849,0.1659303691939271,0.1897684212679499,0.154867688971942
270,270.0,0.1447662630680959,0.2101614324384997,0.1362576614252692,0.1660972049637556,0.1887633170444719,0.1539541210599078
271,271.0,0.1430612447049496,0.2124921969367614,0.136073650988589,0.1663801587092479,0.1878445495921013,0.1541481990683507
272,272.0,0.1413467719897035,0.214407285941131,0.136772171531302,0.1664102436408374,0.1868649456355236,0.1541985812615025
273,273.0,0.1396586507024356,0.216331447113285,0.1375393367313939,0.1663937977719503,0.185858100482441,0.1542186671984943
274,274.0,0.1382473906494844,0.2168846415148333,0.1385968742073894,0.1667504738061583,0.1850730704402985,0.1544475493818361
275,275.0,0.1369387040222336,0.2171627195931066,0.1397444570712241,0.1671179642213813,0.1843348100127093,0.1547013450793451
276,276.0,0.1358379844469496,0.217395540404778,0.1411667331606038,0.1684658716497245,0.1825178197142888,0.1546160506236552
277,277.0,0.134788189666936,0.2172907959738855,0.1425275048975748,0.1696409170738342,0.1806536369405988,0.1550989554471706
278,278.0,0.1352251280808687,0.2168869532726574,0.1444896446703378,0.1692255593168159,0.1787692857705662,0.155403428888754
279,279.0,0.1365699994094562,0.2160493458365247,0.1460532644074563,0.1683914338327939,0.1752884404083395,0.1576475161054295
280,280.0,0.1386466335760191,0.2149111864197995,0.1479155319630755,0.1672367106972609,0.1717727332189347,0.1595172041249103
281,281.0,0.1407639725704788,0.2136466041224006,0.149751036802866,0.1660905738298004,0.1683934997646561,0.1613543129097981
282,282.0,0.1427868824102109,0.2122259420004243,0.1520935506994634,0.1647987908074444,0.1651159399515887,0.1629788941308682
283,283.0,0.1445653827730968,0.2119189413974749,0.1541363468756203,0.1632991004861625,0.1617740173250975,0.164306211142548
284,284.0,0.1462311296031922,0.2113673061676791,0.1555675405701906,0.1605022904990601,0.1605861588213612,0.1657455743385169
285,285.0,0.1471997572689916,0.2108166754666788,0.1571359031713103,0.1571670024510519,0.1596359245252295,0.1680447371167379
286,286.0,0.1478911815201569,0.2056763013024508,0.1608807154809946,0.156190876589148,0.1596975158973649,0.1696634092098849
287,287.0,0.1494689129733442,0.199377959809358,0.1649038746372804,0.1559230021536012,0.1594586643717491,0.170867586054667
288,288.0,0.1492352896255655,0.1943960660558528,0.1684508064274369,0.1565273756032742,0.1590807710073818,0.1723096912804887
289,289.0,0.1484920371586492,0.1891817307134481,0.1724808864923975,0.1566321569865769,0.1584858840011467,0.1747273046477815
290,290.0,0.1476568916685188,0.1840696819537984,0.1761000046985378,0.1566906533007088,0.1579609922466338,0.1775217761318022
291,291.0,0.1467968444618477,0.1791502621556753,0.1795108682474805,0.1568058091883468,0.1575537956856665,0.180182420260983
292,292.0,0.1459229861823566,0.1744534026209074,0.1827001939694561,0.1569708071332639,0.1572565967644998,0.1826960133295159
293,293.0,0.1451843254090113,0.1690315936962847,0.1870471312788304,0.1574567907280608,0.1560891454861432,0.1851910134016694
294,294.0,0.1444497289989307,0.1638865484100387,0.1911424496437697,0.1579768015718015,0.1550251415990993,0.1875193297763599
295,295.0,0.1428372475910002,0.1591531519623056,0.1940814688861793,0.1599666812755988,0.1541759915142183,0.1897854587706978
296,296.0,0.1412507944990841,0.1547375734337111,0.196750428725888,0.1619595441564089,0.1534287013521326,0.191872957832775
297,297.0,0.1397036314225002,0.1506521868176276,0.2003996455047688,0.1626851632677226,0.1527805580221837,0.1937788149651969
298,298.0,0.138207300990481,0.1469048267889646,0.2037696013611158,0.1633880067953762,0.1522281282744574,0.1955021357896048
299,299.0,0.1367716832428903,0.1434991642892668,0.2068545228286188,0.1640633238624593,0.1517673650482087,0.1970439407285559
300,300.0,0.1354050630887612,0.1404350861906346,0.2096520641314871,0.1647071139443581,0.1513937093235523,0.1984069633212065
301,301.0,0.1341816672877491,0.1392051065799796,0.2097304481906161,0.1660502188228991,0.1497410757964644,0.2010914833222918
302,302.0,0.1328601216482666,0.1381131154046105,0.209192949746931,0.1671699902553468,0.1480003171538876,0.2046635057909575
303,303.0,0.1314455994676986,0.1357098051613239,0.2096779606065787,0.169309706729129,0.1461797963509394,0.2076771316843303
304,304.0,0.1299436864791021,0.1346681980022016,0.2095962368734867,0.1712031194325173,0.1442878376688293,0.210300921543863
305,305.0,0.1285388551788802,0.1338982539761326,0.2093266978156883,0.1730166389012314,0.142511218768009,0.2127083353600584
306,306.0,0.1272354457111976,0.1333805062100723,0.2088908203562323,0.1759901192640517,0.1408561718593576,0.2136469365990885
307,307.0,0.1259454408965682,0.1342540034647713,0.2069686880189698,0.1793073750824848,0.1392361811218355,0.2142883114153703
308,308.0,0.1246233296107623,0.1349110377807583,0.2059071880190945,0.1823528764548052,0.1376068701386345,0.2145986979959452
309,309.0,0.1232994325026444,0.1354083517754112,0.2055336499006442,0.1851372327007899,0.1359993529330433,0.2146219801874669
310,310.0,0.1235276433160031,0.1376294551634277,0.2036630994367476,0.1861418316537296,0.1345394300612617,0.2144985403688303
311,311.0,0.1233570375821256,0.1401239221407555,0.2021052520578968,0.1863508534696497,0.1341477954644805,0.2139151392850918
312,312.0,0.1231574580913293,0.143043975508194,0.2023488698088298,0.1860230427003701,0.1337640774537084,0.2116625764375682
313,313.0,0.1228147503951666,0.1456832407084424,0.2021106373983261,0.1857721372688801,0.1345222739314046,0.2090969602977802
314,314.0,0.122550225819707,0.1483326896205028,0.2018482650237774,0.1854108128385728,0.1353791829125167,0.2064788237849232
315,315.0,0.1239658541557777,0.151143380812645,0.2017453618339051,0.1838822959822043,0.1364949354854635,0.2027681717300044
316,316.0,0.1252941463685476,0.1531048133036694,0.2024596289897593,0.1828106546030081,0.1373939977018398,0.1989367590331758
317,317.0,0.1275484102910761,0.1548287272102063,0.2029736353566374,0.1815073461384873,0.1381604765465676,0.1949814044570253
318,318.0,0.1309210457957018,0.1564823495373532,0.2034629812354824,0.180169284667534,0.1378495687429676,0.1911147700209609
319,319.0,0.1340879179405973,0.1576990303626348,0.203746667787738,0.1786347546769295,0.1373935506053372,0.1884380786267631
320,320.0,0.1369208708482232,0.1585539478216357,0.2038642494773657,0.1769605737153704,0.1368333187452812,0.1868670393921239
321,321.0,0.1396749669132301,0.1593247290763939,0.2039561609737322,0.1753024486895677,0.1363098968536426,0.1854317974934337
322,322.0,0.1423305508592299,0.160012079934786,0.2040240501811998,0.1736753552562039,0.135824838152496,0.1841331256160846
