,Unnamed: 0,Generation,Intertwine_two,Add_vertex,Delete_vertex,Invert_path_vertices,Insert_inside_vertex,Delete_inside_vertex,Replace_inside_vertex,Donate_between_routes,Trim_one_terminal_cb,Grow_one_terminal_cb
0,0.0,0.0,0.09999999999999999,0.09999999999999999,0.09999999999999999,0.09999999999999999,0.09999999999999999,0.09999999999999999,0.09999999999999999,0.09999999999999999,0.09999999999999999,0.09999999999999999
1,1.0,1.0,0.10470829276749405,0.10472891348007282,0.09547433334030953,0.10625560925518396,0.09871205396884837,0.10150514354643354,0.09040231195088624,0.08553989344026945,0.11035826740295622,0.10231518084754532
2,2.0,2.0,0.11108552293006171,0.09810452003384834,0.09388007354696105,0.10384335976759138,0.09056596952247789,0.10921896032626485,0.09728341355516147,0.08672379483612301,0.10769352839064865,0.10160085709086113
3,3.0,3.0,0.12147675695401487,0.0954700261455099,0.09886441977207645,0.11008251020692397,0.08563369494590974,0.10594682842808303,0.09500394831520252,0.07395494432703185,0.12130157312948946,0.09226529777575779
4,4.0,4.0,0.10818175930183482,0.10286549153924966,0.0924935824801824,0.09796329331142983,0.08751712318989976,0.10974236336083724,0.08556767728853397,0.08744448317845957,0.11423415796265983,0.11399006838691236
5,5.0,5.0,0.11470284656696891,0.0973571656787883,0.09187085230372288,0.10143299921766769,0.09589804950534095,0.09105272984253822,0.08102593082345154,0.0883055247911375,0.11920653425350443,0.11914736701687907
6,6.0,6.0,0.10826837616375003,0.10012732811772403,0.11155307386163234,0.09714684386231308,0.08042782725032717,0.10451132257221699,0.08424948093098245,0.08508994569622044,0.11252768920898645,0.11609811233584658
7,7.0,7.0,0.10585782888848587,0.09924388152914053,0.09272606800422067,0.09879697245104586,0.09798289619227554,0.10560807419917217,0.08956000866266953,0.07822686512165519,0.11653094131634986,0.11546646363498425
8,8.0,8.0,0.10807099883558106,0.10927466548071407,0.1101591018130017,0.10227449819823602,0.08130717232945177,0.0981224680331175,0.08054573710323404,0.07464834765393094,0.12431797590197864,0.1112790346507538
9,9.0,9.0,0.10575194692385922,0.10422828519687428,0.09161448490914753,0.11128925103950056,0.08854007793474557,0.10330282648277714,0.08434119293358519,0.06621076076585161,0.12833258215434099,0.11638859165931743
10,10.0,10.0,0.10614004943395425,0.09917897142654938,0.10699537454370656,0.09735313363117773,0.07464667889135837,0.10537197137824879,0.08275875179341603,0.07940675030343083,0.12482931891782904,0.12331899968032858
11,11.0,11.0,0.10376082770649189,0.1006338825144761,0.09667336937247019,0.10662172968560121,0.06725228731535952,0.11072433799828688,0.08625581945743409,0.07764960750997676,0.13471239002802593,0.11571574841187701
12,12.0,12.0,0.10809649416820503,0.09664061902256138,0.10538657361877282,0.09998095091126066,0.08479472057760677,0.10202428579054983,0.08420429304651855,0.07603977988373886,0.1204919191424079,0.12234036383837779
13,13.0,13.0,0.10121660374659136,0.09351323724598591,0.10701546966291572,0.10953695960852224,0.08135704270431678,0.09702799597390792,0.07991283298711005,0.08495084467397931,0.12397884930558992,0.12149016409108035
14,14.0,14.0,0.10869595783177573,0.09705059181942087,0.10849092949218056,0.09677287561065118,0.08393491105609896,0.10870577332527057,0.07828460534986673,0.0737003906244892,0.13051499377377868,0.11384897111646705
15,15.0,15.0,0.09455080966373601,0.10628996215670125,0.11150928684275133,0.1019927401960377,0.08086865733585838,0.10496346269020593,0.08269368558677524,0.07832210679852607,0.11969738700043842,0.11911190172896927
16,16.0,16.0,0.1266718139829376,0.09540661539983267,0.11166182699051644,0.10421828943330569,0.06806696188584828,0.09714547233556532,0.08302772589145367,0.06769886602405428,0.12586536032194284,0.12023706773454272
17,17.0,17.0,0.10349091942439186,0.09821373714677209,0.1129973253841722,0.09126501320736514,0.08417825687533541,0.11517009905597457,0.07028409061242472,0.06230766412302844,0.13820253384030315,0.12389036033023197
18,18.0,18.0,0.10185790969738769,0.10140432220781817,0.11521906545366534,0.09630749117896727,0.08074007627829424,0.10378534777201834,0.07741982191309894,0.0704869040286176,0.13120159598348208,0.12157746548664983
19,19.0,19.0,0.10462865284070408,0.10671029810621221,0.11141560520141076,0.09868078639243433,0.07496368233533221,0.10590890660766739,0.06722034526110257,0.07747932087367168,0.12584307352412613,0.12714932885733818
20,20.0,20.0,0.10255709918489067,0.11892654974220869,0.09989693305001594,0.09794846004266358,0.07166338745737248,0.11365292396220288,0.06930019769934483,0.06574039609743557,0.13451559225720428,0.12579846050666055
21,21.0,21.0,0.10331706939162652,0.09726267123864958,0.11151249287321034,0.09007445256966737,0.0892116830040114,0.09820004194875558,0.09025804993352776,0.06220102345529373,0.13276540390882294,0.12519711167643427
22,22.0,22.0,0.11880814524239366,0.10350880272765133,0.10939579007705247,0.0904600245063559,0.08052887037866939,0.10251357027548269,0.08007020220697443,0.07319662814483284,0.12123508036663955,0.12028288607394737
23,23.0,23.0,0.10871105742915044,0.09493898657054133,0.1117724665566219,0.1102834606364107,0.07459574166334072,0.09144328251080043,0.08776575082158923,0.06007624765372083,0.14127164412879847,0.1191413620290255
24,24.0,24.0,0.08401637267992892,0.10724927297305176,0.12436946033724564,0.10619817146724471,0.06562408104592624,0.10865383231809671,0.07237565575799335,0.0684354940491512,0.13764627044984387,0.1254313889215172
25,25.0,25.0,0.10440025585611887,0.10018967863612827,0.10669196272157774,0.09874361052349742,0.0641393586052971,0.10886811778078805,0.0917489684153783,0.06966470217250012,0.1352399193165829,0.1203134259721308
26,26.0,26.0,0.09033268792702702,0.1089093780560459,0.1248318024246537,0.09527739225317908,0.08527442992599865,0.10397285420004218,0.0758340783679446,0.06598282444103612,0.13596369611968864,0.11362085628438365
27,27.0,27.0,0.10514509830763127,0.10998107197904872,0.11291912614553126,0.10204285856294344,0.07097313587894417,0.10213062982842827,0.07705471017165391,0.06743388917748891,0.1306087218625725,0.12171075808575708
28,28.0,28.0,0.09989704084903187,0.10068417456062813,0.11258418922956279,0.10328956289942806,0.09322509776579616,0.09431292166771847,0.06647189215443057,0.07834305597521726,0.12647145143110386,0.12472061346708238
29,29.0,29.0,0.10819173051840911,0.11221214386978193,0.11611972231819756,0.10093794306140291,0.08008846653823207,0.09879461810282603,0.065622485352617,0.06601395190369998,0.13164186359446414,0.12037707474036885
30,30.0,30.0,0.10094526398423569,0.11070189254124094,0.1066737550799364,0.1077419792650072,0.06619280182795743,0.10949504420905672,0.06540381242002179,0.061171767319054236,0.13148085894798017,0.140192824405509
31,31.0,31.0,0.10821264903179154,0.10470704104945519,0.10511620462085965,0.1004651230793634,0.07917292744797515,0.10134441572548887,0.06530024827955254,0.08026182631495951,0.1286639424766448,0.1267556219739089
32,32.0,32.0,0.08739031056472268,0.10604042362543926,0.11897194107447095,0.09927065735940248,0.08008765196311288,0.10697848512645532,0.06939003201198726,0.05919616419101381,0.13799811555114064,0.13467621853225417
33,33.0,33.0,0.11266087293883151,0.10680001069336749,0.11422177281187569,0.09437596233236716,0.06818432194448124,0.10958969611908653,0.08271252986324452,0.05308528836142886,0.13630554838689202,0.12206399654842456
34,34.0,34.0,0.09487431605668536,0.10652115066643535,0.12119535409795171,0.09630644169774721,0.08029286679608576,0.10381666655637045,0.06583044091008537,0.05691880833188595,0.15326874659264633,0.12097520829410609
35,35.0,35.0,0.09236444306541265,0.11572892825865208,0.11026840739068326,0.09703016077848509,0.06380236422234337,0.11228319359875898,0.07281301436318248,0.08267879538365583,0.13680574748474025,0.1162249454540856
36,36.0,36.0,0.10207000817508786,0.1185176355148225,0.12164930788341621,0.10235982373545208,0.06791846159101603,0.09934142155437897,0.0777447822741357,0.06214954325135412,0.13051561697532502,0.11773339904501104
37,37.0,37.0,0.09279501914873448,0.11807143963456848,0.10385233514629726,0.10152988832048107,0.06727156898714455,0.0908664093353819,0.08835486622468616,0.06540984011550544,0.14941216038885924,0.12243647269834093
38,38.0,38.0,0.10693503695051335,0.09469515123733242,0.12217393973251822,0.09392724610427075,0.08128431226893615,0.10763691899256327,0.07008889189035925,0.06287611952561598,0.1341427154277047,0.12623966787018548
39,39.0,39.0,0.10961149485277193,0.09553205818373567,0.12086965641476018,0.10885371032682727,0.06154013621892842,0.10384257798062732,0.06601339105481736,0.05032445519070485,0.14036544290827485,0.14304707686855167
40,40.0,40.0,0.10005813398587819,0.08513440284766717,0.11813781254086028,0.10506930333784714,0.08869730945186517,0.10301210940459922,0.06344584472043789,0.08240127571301945,0.12767886965281564,0.12636493834500948
41,41.0,41.0,0.10089674556221936,0.11363387151467705,0.1111283737829613,0.09861619120150325,0.08146582765726067,0.09830183169891853,0.059920809303350676,0.060321966919119285,0.15255582757605723,0.12315855478393219
42,42.0,42.0,0.10558768210596443,0.1043593584942147,0.13550094232597681,0.09377456558793487,0.07935575850180933,0.11783705800355457,0.05258259072982842,0.064224468658823,0.13517839615222838,0.11159917943966498
43,43.0,43.0,0.12267715438593849,0.10718340283742347,0.11982181166836407,0.09951541769988877,0.06425651077948828,0.11439126328206187,0.05648031572510589,0.06111792622069541,0.1255361453145004,0.12902005208653294
44,44.0,44.0,0.10768198498796384,0.10046327611922867,0.13226702544472238,0.09521924874372693,0.06009591730592577,0.1110407932446045,0.07637062778079053,0.04538796130507129,0.152854915054409,0.1186182500135566
45,45.0,45.0,0.10097738753497576,0.09513093760444682,0.13309783701692038,0.08853931544079008,0.06381292239620852,0.10110418161387562,0.06031810259785862,0.07398779627173113,0.1512566277307768,0.13177489179241592
46,46.0,46.0,0.10188595378766878,0.1049869051959454,0.12997757899848786,0.10724915048175639,0.08480978356632521,0.0998869218535256,0.051415555232317264,0.05211241676014803,0.14250602596656028,0.12516970815726472
47,47.0,47.0,0.10339295544046045,0.09067202826325411,0.13848729874499227,0.07683969593049164,0.06786591191229838,0.1281607876264046,0.05844744285336835,0.05295441475990146,0.1710508296967908,0.11212863477203752
48,48.0,48.0,0.10468455965219652,0.09065340194348781,0.1244413059792659,0.0807854975081729,0.07236995349323054,0.0980223119374635,0.06351262814635185,0.0505185960098659,0.17805643636839455,0.1369553089615702
49,49.0,49.0,0.10403165557947278,0.10265244847424053,0.11529200239864053,0.09030633002834079,0.08726400433362237,0.10646908574171957,0.05812268540255514,0.05595326479428592,0.15018188803590105,0.12972663521122094
50,50.0,50.0,0.09922272234368804,0.11610287363926475,0.12543942429141378,0.09882857070995377,0.062285770013801124,0.11303185314241684,0.061894414153619626,0.05355781194079094,0.1470749093484355,0.12256165041661518
51,51.0,51.0,0.08460979761941656,0.09746603989200017,0.1381851653578267,0.10051106236352339,0.05454784329600172,0.09615473420370185,0.06087028945509099,0.06803716522366471,0.1745031616046589,0.12511474098411451
52,52.0,52.0,0.1012080310525807,0.0999818891984795,0.1169602729832975,0.09061868136608794,0.08306050862938266,0.09845340079274581,0.06325685637209935,0.05535996951052739,0.1626679771165621,0.12843241297823654
53,53.0,53.0,0.08689166654467635,0.10074363832279395,0.13293433752375658,0.09285880891131024,0.07008950625741776,0.09649489369225257,0.07824473982508935,0.05540615979383499,0.1537452909102495,0.13259095821861833
54,54.0,54.0,0.09404650687518826,0.1204092964109134,0.12541455564624326,0.08854378445231925,0.059750079740062724,0.10312140170546864,0.07539152780292654,0.04633644433558962,0.14924053688641328,0.13774586614487463
55,55.0,55.0,0.10670647065142605,0.11143175762908128,0.12326849439596528,0.08831012423275073,0.0630337695252661,0.10684926911097814,0.05037549493563154,0.054404091051344125,0.15588093547030554,0.13973959299725083
56,56.0,56.0,0.11166744576708391,0.10762478036764837,0.12661058438665007,0.10335150427928637,0.07078900662524344,0.09290389541552044,0.05783549268111623,0.05936032499233701,0.1462301817944275,0.12362678369068622
57,57.0,57.0,0.08274124830650621,0.08649788960006675,0.144127642440191,0.10014608871561033,0.07697866533879491,0.09898147756922997,0.06099117247783553,0.05258943779036347,0.16379691779724126,0.1331494599641601
58,58.0,58.0,0.10211604310797251,0.07855754979071052,0.13132778689749003,0.12781706534917664,0.06538847608596662,0.11759746791741237,0.047697486159578764,0.05633148359338532,0.14683746013370608,0.12632918096460063
59,59.0,59.0,0.09427904931270013,0.10110372235446408,0.12031024623875788,0.09984305579349229,0.06924511269287487,0.112667406202885,0.06806496926169507,0.040777369004599856,0.16749647837591047,0.12621259076261998
60,60.0,60.0,0.10380824312902089,0.09936331729261852,0.15136709151781275,0.08867650273981956,0.05191987418509825,0.11644474950488586,0.04733239279679604,0.041345995339964026,0.17110138307344275,0.128640450420541
61,61.0,61.0,0.08151036226156214,0.10362200592700374,0.13417881898469872,0.07375109804219396,0.04795207944331932,0.09579421486401474,0.06286645800641576,0.0758193339508054,0.17079181224111958,0.15371381627886632
62,62.0,62.0,0.09564760862035324,0.10529423901438642,0.11018189998871264,0.11020812627848164,0.07323787192074155,0.11832550031373039,0.06506445552719978,0.046893814411578146,0.1399784389265764,0.13516804499823928
63,63.0,63.0,0.09466020868509842,0.10147243946660497,0.13448460903531392,0.10348438699847635,0.0643414781271326,0.10233572604609889,0.054229189932288126,0.056922673121238096,0.148742692796962,0.1393265957907862
64,64.0,64.0,0.082393049444704,0.09477924012069795,0.12609607885780058,0.11186300591219385,0.07088047117276933,0.10344554728464479,0.06960501852347104,0.06259926795106424,0.1398142201285546,0.13852410060409925
65,65.0,65.0,0.0795738067469266,0.11269162567556487,0.13691409402747604,0.09022338539767623,0.0743857687797164,0.11654181275246552,0.06007127172282719,0.04922884539562843,0.14651262693343317,0.13385676256828521
66,66.0,66.0,0.08949233514892106,0.09571211686317793,0.10837219445325534,0.09578546878370739,0.06464331705920952,0.12933774383954572,0.04873168167517614,0.0601807740097388,0.1696167754646915,0.13812759270257619
67,67.0,67.0,0.09347170673149556,0.08942981196595587,0.1152318291456051,0.1015573806068392,0.07643004757651392,0.09771911345735748,0.08097665161148865,0.05505050899925088,0.15496479696660162,0.13516815293889123
68,68.0,68.0,0.08781894626318112,0.09876805768135899,0.13290623312984035,0.09912732261526738,0.05821715286773099,0.08751999584474675,0.06475079557356875,0.059703408831428176,0.1654617309861431,0.1457263562067339
69,69.0,69.0,0.08299894556511775,0.11094712600751513,0.13450574888177527,0.093144125034932,0.07580202475569073,0.09803305514865741,0.0684895407653352,0.0428747727673372,0.15673459424107244,0.1364700668325664
70,70.0,70.0,0.08418457575242436,0.11346739633167405,0.14789722199422034,0.09404427345432106,0.060039658190988554,0.11047973059224125,0.05040724091150138,0.047968457049393044,0.15982511932418,0.1316863263990556
71,71.0,71.0,0.09419332882739455,0.09294018847029721,0.13889104881333453,0.12326030694546705,0.040864704321958885,0.11624570007276291,0.0696310300544269,0.05963297309414143,0.1458541023001511,0.11848661710006499
72,72.0,72.0,0.09525679871651946,0.1135555345001541,0.13742718116213598,0.09493567077266571,0.06578254473170633,0.10813998157469355,0.05442955021040857,0.05628985627358544,0.14527040153866713,0.1289124805194633
73,73.0,73.0,0.09967765551031363,0.08169676518654993,0.12594448134395578,0.09744228568973488,0.07865483401566056,0.11429942555949243,0.06060848404311867,0.04968800860178946,0.14337252718998963,0.1486155328593947
74,74.0,74.0,0.10014415942531799,0.10471172131688204,0.11939956081343642,0.10472093350107932,0.06256459698762341,0.1176713352419704,0.05066150686156652,0.044233553239623205,0.16367597896414535,0.13221665364835494
75,75.0,75.0,0.10676566527264,0.11128690212635654,0.1351080387171072,0.09917188457775923,0.08135841551815806,0.09429256607508134,0.05037210391931659,0.04695535256105229,0.14651122870214614,0.12817784253038225
76,76.0,76.0,0.08735192460258834,0.09083135466998642,0.12082960523509119,0.09973233391810211,0.056211917775829845,0.09910647680133323,0.06556025011854319,0.057668635162571126,0.16485131745847714,0.15785618425747702
77,77.0,77.0,0.09156534967697369,0.1141259983085503,0.13131763858874604,0.08482165446954269,0.07390746419715047,0.13779999118632677,0.06245998869068642,0.03634391113962522,0.1383823985584618,0.12927560518393622
78,78.0,78.0,0.08685435243017663,0.10070976710349211,0.12372204037774767,0.10701411089653845,0.05055730838769085,0.11238519660356254,0.059030194120653204,0.05222028788638562,0.16604734087912784,0.1414594013146247
79,79.0,79.0,0.093310457228375,0.10960120959945222,0.14472951501764925,0.10912019258333247,0.05993842991011837,0.10447149158924814,0.051835411135249865,0.05423635377536248,0.13270213643900233,0.1400548027222096
80,80.0,80.0,0.09210904995272157,0.08841572910162321,0.14255661549720805,0.08883934442856185,0.06433404818697268,0.11736215486055446,0.05377350677572643,0.04766485828587973,0.15936191276017822,0.14558278015057347
81,81.0,81.0,0.08528849613940669,0.098200234761652,0.12238420623937488,0.10232826420440266,0.05416532333943369,0.13598683223650063,0.06584030613825335,0.05378852364565225,0.1576023211265426,0.1244154921687809
82,82.0,82.0,0.06359777317489493,0.08568596571840166,0.1537891674036427,0.10286649569546831,0.07224524130386023,0.11459722305580315,0.050392183456969705,0.03755652800425922,0.17592337814962195,0.1433460440370779
83,83.0,83.0,0.08639866542318866,0.10948221475060846,0.13838605454866307,0.09378624017798105,0.052363800723067386,0.10760849738224995,0.05289180569235552,0.05124657896237413,0.15396572108895762,0.15387042125055378
84,84.0,84.0,0.10939388428678269,0.11283136342534701,0.10573360226401449,0.1008350942845146,0.06733753081341684,0.09970218622009049,0.06619442061965017,0.05076662252659496,0.14632475919151924,0.14088053636806913
85,85.0,85.0,0.09345639084379669,0.10596691692874145,0.126200705182687,0.08339627665194962,0.05214938534884652,0.12367756487625241,0.052713898001946244,0.06594526043350996,0.15874740196457415,0.13774619976769556
86,86.0,86.0,0.10334352721359896,0.11006687977972915,0.12459714434429488,0.08355257384306584,0.05450721510599173,0.09092822171988903,0.06850631960597423,0.05868607711660688,0.15701745255268892,0.14879458871815993
87,87.0,87.0,0.08862943445633846,0.1218073405402172,0.14274100290832387,0.08584129160387903,0.08002641099932421,0.10402215229169698,0.0638120441999817,0.0515858121410282,0.14447397136268153,0.11706053949652843
88,88.0,88.0,0.1020169235723671,0.12122698552758893,0.11186586047041314,0.09518495648938806,0.0694301420961084,0.12031681716795747,0.04564105837373633,0.05518497645555067,0.16006166290682824,0.11907061694006134
89,89.0,89.0,0.10565804505575165,0.1103122490243555,0.12437918907498494,0.08716050685524507,0.04654856626381706,0.10598648883232224,0.039701899662232795,0.054234033150791526,0.19035377233203743,0.1356652497484615
90,90.0,90.0,0.10088526519044805,0.12107668964604221,0.13950269170489257,0.08593574031559616,0.057561529469485985,0.10186002700330106,0.04560844440009321,0.0385046402706243,0.15353651441332303,0.15552845758619294
91,91.0,91.0,0.1045338760326681,0.11979541855777447,0.12815681464757522,0.10246374672218557,0.05754028914264098,0.10322142759111166,0.06621574072991099,0.03472067598899029,0.1435075189794881,0.13984449160765425
92,92.0,92.0,0.09152787808019953,0.10383601609271272,0.14789303478704963,0.07411541593294846,0.06080402994213792,0.10592789101769222,0.06263795787912743,0.06353994675640069,0.14179380261169017,0.14792402690004083
93,93.0,93.0,0.09895248595997629,0.11742114888601447,0.1438888247884595,0.07942410772627302,0.05968397364202062,0.09969426196694349,0.05810450524794171,0.05055207974634011,0.14840232281693574,0.14387628921909473
94,94.0,94.0,0.09089533348749554,0.10696558149194242,0.13658789389195308,0.1076141121608134,0.04744604622623285,0.1078055734755401,0.0661549717484706,0.04267023918250794,0.1604859864892118,0.13337426184583182
95,95.0,95.0,0.07614170510289023,0.11148316282989264,0.14743589523704964,0.1015435579436164,0.05581389312360426,0.11697110250374895,0.04901027475515769,0.04285885910169375,0.1578909411561877,0.1408506082461583
96,96.0,96.0,0.09625930198795726,0.10121904940720321,0.13960199270542678,0.094448787800201,0.039105526411614654,0.10723714714646135,0.06579681123514422,0.07786952578489423,0.14290877249834838,0.13555308502274852
97,97.0,97.0,0.09773252483784751,0.10641677206847763,0.12455336872186902,0.10738189519369123,0.053771379906434755,0.11652431950827716,0.07143844348196282,0.04504240271626055,0.15161246163081965,0.1255264319343593
98,98.0,98.0,0.10410816097934747,0.10535297390767492,0.1277807317955349,0.11482484231647672,0.06881300192058969,0.10326167156044427,0.048209425659789515,0.03553910260426737,0.16561337910563217,0.1264967101502426
99,99.0,99.0,0.10903811858237819,0.10972280243552457,0.1290985655359934,0.09324371800667001,0.05501433739267646,0.09667842285208386,0.07156693973856175,0.033471327308842246,0.17281369110647182,0.12935207704079738
100,100.0,100.0,0.08485525990475441,0.11479520978101328,0.1270689930090081,0.08877795692646659,0.07491481553980099,0.09318398806052118,0.05938604792112392,0.057577994882667516,0.15467977445283757,0.14475995952180604
101,101.0,101.0,0.07294165712523068,0.10409814971508022,0.13979403478896002,0.09091158619578803,0.052536888697196304,0.11103818677022075,0.06312533007795333,0.07119609152305245,0.1663643735757753,0.12799370153074263
102,102.0,102.0,0.08873446170519154,0.11989725550279637,0.11321723218353863,0.09342524511448977,0.05112670084791017,0.11142322399075932,0.04490577417703241,0.05021173148879375,0.17346248988333066,0.15359588510615696
103,103.0,103.0,0.08853435729260757,0.10471499898605388,0.1295638324060188,0.08895752388028996,0.07416410753611113,0.10208804941867107,0.064430227948081,0.058691637993591714,0.14450108013636828,0.14435418440220626
104,104.0,104.0,0.0991080794160447,0.09605909126925624,0.13717906819251294,0.11140882701532132,0.05245693783697084,0.1046506937546056,0.07072953004040715,0.048298519317686125,0.16250015094315004,0.11760910221404464
105,105.0,105.0,0.10211694673884422,0.1243801814813966,0.1408848758731675,0.08366706200197913,0.07685004913642746,0.08508178547585474,0.06701098130654126,0.047913808189306774,0.1491433539533568,0.12295095584312514
106,106.0,106.0,0.10994782022514063,0.10384216041727694,0.13537468207592854,0.10287859659543837,0.05629882462010803,0.08207769918788249,0.06225794563524474,0.04477715890744658,0.1706839457256081,0.1318611666099252
107,107.0,107.0,0.10038771661345391,0.09296498123965354,0.13314594434433524,0.10518034709095729,0.07723217522622369,0.11046789245007634,0.08130520709139927,0.046355313592369565,0.14489295751687323,0.10806746483465741
108,108.0,108.0,0.09553115334817847,0.09634185257751549,0.11910034832645866,0.08834869239494723,0.07295378430402438,0.12019114312945692,0.04837525128470939,0.057635839921151955,0.15904648244648484,0.1424754522670723
109,109.0,109.0,0.11719428858373723,0.09412138266811257,0.10295179718922728,0.10077175286989844,0.06214257034250622,0.0919118742765838,0.0524745342779771,0.06382739335799516,0.16004420034950373,0.15456020608445806
110,110.0,110.0,0.09341107253760508,0.1137465849823103,0.14924146446408465,0.09934759890158264,0.057855945092968944,0.11328989821651839,0.04803436232534797,0.0679600622774108,0.1304713512981331,0.12664165990403775
111,111.0,111.0,0.0846450058189243,0.10964067111321255,0.1303814136394283,0.09843558082522227,0.06748578242539469,0.10850827853043817,0.062128089460798244,0.04848633169130141,0.14747937429912708,0.14280947219615264
112,112.0,112.0,0.10242193507738846,0.12408411665443238,0.11232025324889834,0.11755751523103741,0.06605746050652327,0.08148791571330988,0.05587173561919985,0.04843515329392991,0.14106229762825429,0.15070161702702584
113,113.0,113.0,0.11509639559231455,0.08281863880076148,0.16193262315550977,0.08890913286480273,0.07113422305815474,0.0973891537201036,0.047214178807703254,0.052475274384842785,0.11350837514977767,0.169522004466029
114,114.0,114.0,0.10566520413933575,0.10772261681534064,0.14952479630237042,0.08618040151509393,0.06052578399546267,0.10324887135035057,0.04523584976732103,0.05228680096787697,0.14406975644034684,0.145539918706501
115,115.0,115.0,0.12278048232309613,0.09049448269999218,0.1375940059910096,0.0938598111347386,0.04959678163217604,0.08139262986104169,0.06318400588009665,0.053800290917992544,0.1737853689476097,0.13351214061224645
116,116.0,116.0,0.10767559163935428,0.11919822928709509,0.12877042123856006,0.08495282423198923,0.05755885311344357,0.12909746820345308,0.03877499911503588,0.05760726741511037,0.13092518800972874,0.14543915774622926
117,117.0,117.0,0.08928842651930455,0.10464536984655175,0.14428873266872647,0.07362460257786048,0.06328321185563338,0.10618196468881351,0.05435095988500895,0.03469600060944032,0.18638914823012231,0.14325158311853792
118,118.0,118.0,0.10565082032612812,0.10588053501868085,0.15221923986559804,0.05804810094833409,0.0506509824365192,0.13155574762880518,0.05476130338880686,0.04982341879583382,0.1556068236015816,0.13580302798971197
119,119.0,119.0,0.08781419994069216,0.14159055523397288,0.12751176874846196,0.09795980553218854,0.07023540060716514,0.08386671355559781,0.057685266767810384,0.05650335113608096,0.14465894227707046,0.1321739962009594
120,120.0,120.0,0.09403309616751608,0.11235562246718042,0.12076531842576321,0.11180465327163513,0.05191892555177082,0.09014436489331124,0.057444852236399044,0.0392014116089824,0.16085390287627635,0.1614778525011649
121,121.0,121.0,0.09779157331002578,0.12862559063942766,0.1419275513962893,0.08266380560499467,0.06374017705378429,0.10428690460078505,0.04978553042740187,0.034685582326775044,0.1702088235607939,0.12628446107972216
122,122.0,122.0,0.09465090221775425,0.12722562669835474,0.12945836214078157,0.08772920149737932,0.036056550108168536,0.11585272454707632,0.04833095009372853,0.06453640037874184,0.1610190125284719,0.13514026978954272
123,123.0,123.0,0.07632295697171904,0.12136495912417819,0.15189105849712656,0.09055182325793174,0.0665147556171536,0.09343592559310451,0.053496386290332466,0.049991369225189444,0.16606138081881786,0.13036938460444628
124,124.0,124.0,0.10522053360330008,0.11455536027668826,0.1445175083669301,0.0988029075109901,0.05339881712729274,0.08406339116978719,0.05183798361437005,0.045603250078028554,0.15592065434458596,0.1460795939080266
125,125.0,125.0,0.1351505961687892,0.1140920398840994,0.11731579211365947,0.0977749366499719,0.0647312489334745,0.08315024077670162,0.051497498046390054,0.053161025162214215,0.15505970582725653,0.12806691643744272
126,126.0,126.0,0.10537358408753206,0.086322178221044,0.15545285603379516,0.10863969217423979,0.04322948064114118,0.13878216620701264,0.04820648452143563,0.04015322313754116,0.15092052632046377,0.1229198086557944
127,127.0,127.0,0.1359807515839816,0.1163338905187354,0.1085559488077757,0.09084789330513901,0.05895789843348441,0.09041258105996139,0.04716658311229231,0.0316483696857001,0.16875281267466768,0.151343270818262
128,128.0,128.0,0.08991004821299291,0.09605463911793079,0.14812657650819858,0.07736659453169267,0.06539761101427863,0.0909458883384966,0.056515813254274364,0.059238091801253986,0.16813939320684407,0.148305344014037
129,129.0,129.0,0.09233673282313613,0.09019075782996301,0.13928531792358906,0.09999663318286416,0.0888720295715387,0.11974546747135666,0.05241085790956361,0.03994596885013739,0.14838754378970467,0.12882869064814623
130,130.0,130.0,0.1087216338982788,0.11823870378938031,0.10808339104447026,0.07933670884673565,0.08261894248332054,0.11613015806966967,0.049073339739599785,0.030000000000000006,0.1580296202108742,0.1497675019176705
131,131.0,131.0,0.11056291747849271,0.11082449363093312,0.12281414577543821,0.0986458374257391,0.04542912493446248,0.09245519022583984,0.05413413661707043,0.033442267948569145,0.16959562540132933,0.1620962605621253
132,132.0,132.0,0.10828358896388372,0.10323813925611007,0.13628415034715913,0.060486550610744615,0.05811804729026661,0.10643257682706023,0.058420999180928315,0.04584800456043308,0.1854835349667833,0.13740440799663053
133,133.0,133.0,0.10452236210152263,0.09307910136225518,0.14301710748812702,0.09769593923684713,0.07382057598203687,0.11070611815727638,0.04858132934364492,0.04152548052030315,0.1659111339483529,0.12114085185963341
134,134.0,134.0,0.12789948377200272,0.09856869590131509,0.15068024379962136,0.09464685821929594,0.050482882681099336,0.08072569830167783,0.03983348142654862,0.04427199730235656,0.19680671617558598,0.1160839424204962
135,135.0,135.0,0.08388861855891641,0.134508584553934,0.1179983950863865,0.08321673531544661,0.07252187422663184,0.08963826057850335,0.04748238018958695,0.0580226215955754,0.18016857419132576,0.13255395570369288
136,136.0,136.0,0.10948702516538841,0.1111743081308169,0.1408124805575855,0.07384076822685988,0.04418852734361654,0.09766116388506893,0.0836433442778767,0.044930511974378924,0.15982240606760506,0.13443946437080279
137,137.0,137.0,0.09940978235512221,0.10902678495151266,0.16740622022052315,0.08860888853365631,0.055344544639543636,0.11682550867722233,0.0415254721286874,0.03277131414239134,0.1515760552304178,0.13750542912092284
138,138.0,138.0,0.10418139406833071,0.08217817797911867,0.19446509727958822,0.09687315867094402,0.06697925166179312,0.10069112545535326,0.04429358263329216,0.04659679144924747,0.14637960491860533,0.11736181588372674
139,139.0,139.0,0.0930777073644937,0.09606212164642608,0.1557951771761151,0.09812328935198847,0.04852119005244734,0.10450168153920596,0.05119383963410416,0.044393259131515636,0.17654533825039892,0.1317863958533043
140,140.0,140.0,0.11343576462925409,0.09906901037132534,0.13408727485279714,0.09471600213707725,0.04654476754658619,0.09483081565284163,0.060046664713135856,0.033146191394448264,0.17377137686240526,0.15035213184012858
141,141.0,141.0,0.11178104396932324,0.07065562805016061,0.1685883869867199,0.0773656235867932,0.08736626604250997,0.07533473216359236,0.06248936856913386,0.04282648972083951,0.1559721587396106,0.14762030217131644
142,142.0,142.0,0.10246905163539455,0.11795746753597289,0.13731883078274718,0.07219247927990516,0.058789669055285154,0.0824888566461778,0.05388873331573581,0.03946543984630228,0.1731502772256952,0.1622791946767837
143,143.0,143.0,0.11016609658973193,0.11318022797243935,0.10943021032301212,0.07940858179857216,0.07917551655868624,0.09923421797165223,0.05130232858921056,0.07111006420328352,0.16183813911671147,0.1251546168767001
144,144.0,144.0,0.10303070887285348,0.10962673626079422,0.16325284653238845,0.06893868277998776,0.03881382548698634,0.1152125229288383,0.03978339692895727,0.034104132185036606,0.19046922863303636,0.13676791939112096
145,145.0,145.0,0.11010488060915884,0.08915539210463712,0.15810010777382852,0.08096563627436329,0.07007975531784545,0.09506205548737956,0.030000000000000006,0.06642734246218077,0.17210946834012128,0.1279953616304849
146,146.0,146.0,0.11886860427759452,0.0983661607587362,0.1438359405871867,0.11006443772701398,0.0413011098220709,0.0936847599946083,0.036522519643566474,0.058032572795848156,0.16526522831496335,0.13405866607841105
147,147.0,147.0,0.10492005916515434,0.10241882915135414,0.12723784689533374,0.07592960972912366,0.04525856390965997,0.11700499643378395,0.057623767374339926,0.05170169394541825,0.1917366207609696,0.12616801263486213
148,148.0,148.0,0.08486066318607469,0.09896510860442288,0.1490243280016619,0.08703160335234958,0.05570332852512546,0.09829341631479817,0.03776430590187263,0.06917048929378292,0.1744625224028355,0.14472423441707602
149,149.0,149.0,0.12066895862654511,0.10947106600307668,0.15240346132753427,0.08378279170713389,0.04271841855375889,0.11639449857670743,0.04869937601333167,0.04231980831949054,0.16801739940259355,0.11552422146982766
150,150.0,150.0,0.11174214251720063,0.10099687008106137,0.1558797835353521,0.08137136675729631,0.055039390996682626,0.10581628288098854,0.0541434976176588,0.030000000000000006,0.14698223660073634,0.15802842901302308
151,151.0,151.0,0.09269062174800058,0.10188073295085665,0.13978198482598939,0.08801658146734288,0.054963667728157375,0.12570011131212105,0.04325452077010531,0.03924197198186515,0.17927796132950324,0.1351918458860581
152,152.0,152.0,0.09637601461485887,0.0905777391098865,0.15156528811878034,0.09525934134465402,0.07208034313690895,0.1108222487086343,0.04562992103014264,0.03239276196704223,0.1719678077908051,0.13332853417828677
153,153.0,153.0,0.13391586531995506,0.06274527311849133,0.15575279972040576,0.09418207435869932,0.05619624066600772,0.07445018852044016,0.049485247884278515,0.049457450450665554,0.17867691954651427,0.14513794041454192
154,154.0,154.0,0.09553421780407635,0.09973442920734131,0.1529716780581983,0.08064728393779634,0.045946065437930506,0.10938699179397762,0.03700545409852622,0.05328846018978648,0.16577729094420007,0.15970812852816654
155,155.0,155.0,0.09620191178433947,0.119776827948611,0.138493687190413,0.09860147601146114,0.061035190005091965,0.09175195435639835,0.030000000000000006,0.03153876105239377,0.19347836187415104,0.13912182977713994
156,156.0,156.0,0.08249551325438342,0.1342057858345515,0.17710776589205582,0.0688863738215045,0.04009022548902026,0.08632180020222222,0.030000000000000006,0.05266540711575046,0.174247842049207,0.1539792863413045
157,157.0,157.0,0.12118454482622731,0.09452677462920735,0.1368787661108067,0.08558810165231019,0.06908786141930522,0.09519862375031511,0.06377314807617925,0.030000000000000006,0.16900813981843954,0.13475403971720903
158,158.0,158.0,0.12117692738918029,0.12600617618978494,0.1396046195997907,0.11359893623374699,0.04536570783231125,0.06840462157612637,0.058453875752434825,0.03883344733844779,0.166347986006678,0.1222077020814986
159,159.0,159.0,0.13621490386156324,0.09813701622746616,0.14198869055997118,0.09715187851669851,0.04503961504336149,0.09839088735866121,0.06736923604405591,0.05201382693612805,0.15911127560058924,0.10458266985150463
160,160.0,160.0,0.12406302569563024,0.07729455960538897,0.1438973216897436,0.0785136725464759,0.05975605381748992,0.10363029541097091,0.049958409010662494,0.03233985685126345,0.16981757539002199,0.16072922998235228
161,161.0,161.0,0.0893530550156316,0.09137501539591404,0.14665087922378878,0.09949080536266394,0.03629009899950575,0.09179364355521984,0.0489510996011434,0.036280213275229775,0.2173659223236049,0.1424492672472977
162,162.0,162.0,0.09615381264455922,0.1229498578408641,0.15018475872626577,0.059553983361768925,0.045940471689580265,0.08706084652444117,0.04288746305197618,0.035748837271493784,0.211103952926779,0.14841601596227133
163,163.0,163.0,0.11812479134067284,0.0859581500277137,0.16003565791806507,0.06848428950303072,0.0434806793540326,0.08389851345696062,0.05348987152312431,0.05862661397174586,0.19993423061071514,0.12796720229393893
164,164.0,164.0,0.11743462483150198,0.11640445054850021,0.1278073923739009,0.08322481576750998,0.04250943872146547,0.08861821558747968,0.05389715918223673,0.06587218391277193,0.14776523296559196,0.15646648610904096
165,165.0,165.0,0.10183847449665491,0.0759836029322364,0.1458502348916437,0.05981035852338016,0.06643389466746957,0.12176022590834194,0.055690589120191404,0.030000000000000006,0.20301808205231847,0.1396145374077632
166,166.0,166.0,0.09811440210132259,0.06250638437965705,0.15450890211073012,0.049953185460815785,0.049920707354882285,0.1222867161713638,0.06437512883196968,0.04256491820306415,0.20902447842935654,0.14674517695683778
167,167.0,167.0,0.09526056265399038,0.0946138549161746,0.1743854387610832,0.041112428587870176,0.034436828172244596,0.1162323095606154,0.05042243809931374,0.0480100405334364,0.17870835671244673,0.16681774200282448
168,168.0,168.0,0.08396422691443393,0.101402936733011,0.18003676256116002,0.08010846182149503,0.04318123559388077,0.10396439134118915,0.06561395442029774,0.05066884689465238,0.1687758853934745,0.12228329832640525
169,169.0,169.0,0.12450290786323637,0.07071632595853164,0.13724229192106194,0.08773566954071686,0.04426767651227757,0.10376634149653943,0.05641960043112049,0.04940472113502477,0.1728110185735738,0.1531334465679168
170,170.0,170.0,0.11051526668085603,0.08389983694724944,0.1590036674341591,0.07926265616949263,0.04188700446786962,0.1280602965770219,0.037774325749825866,0.030000000000000006,0.17186989667218305,0.15772704930134213
171,171.0,171.0,0.1076887930349412,0.09360486099276585,0.15702477806135995,0.07660569768426588,0.030000000000000006,0.1080481530861543,0.043493522895920324,0.030000000000000006,0.19200971237518838,0.16152448186940385
172,172.0,172.0,0.11081088877815622,0.10633978893242935,0.14645114025848616,0.04476026826517027,0.03692736839302376,0.1228728480951117,0.055050011760146525,0.06152716602221431,0.16341563193060651,0.15184488756465497
173,173.0,173.0,0.08108393036850126,0.0966599167056547,0.13022306710796844,0.0765149788818194,0.07482017390008164,0.07137767448767278,0.07423848576187932,0.030000000000000006,0.20770599381114,0.15737577897528224
174,174.0,174.0,0.12973709825136942,0.10468479146577765,0.17587596415803314,0.061078339844244524,0.042167572896696294,0.11022241918635067,0.04300707149921272,0.030000000000000006,0.17723465474892455,0.1259920879493907
175,175.0,175.0,0.11716197316662016,0.123664763427184,0.14560479580334124,0.045754689581669526,0.04787091508786325,0.13345770448110866,0.04627488932044619,0.042189826769813,0.20366444999437058,0.09435599236758319
176,176.0,176.0,0.11586797787273255,0.09713433192313595,0.15346904961708013,0.06614043490250288,0.05872453245936473,0.09966961073217181,0.041255938868145395,0.030000000000000006,0.16986885446922473,0.16786926915564154
177,177.0,177.0,0.10327375617615946,0.09455794306108281,0.15253491096952018,0.09629354494669078,0.05290546738281663,0.11711044684373464,0.06239172505651873,0.030000000000000006,0.1761649796546953,0.11476722590878116
178,178.0,178.0,0.10331277439021629,0.08171125986852831,0.13907735763850393,0.0767945994043677,0.05059918169333653,0.11350299109692727,0.04150904916941237,0.04197491596757141,0.21536460823009587,0.13615326254104004
179,179.0,179.0,0.12385252917928077,0.09132441966927733,0.16199475501153757,0.0680203908559375,0.035080762505028465,0.11268079998527117,0.04215009674809147,0.04265910937235384,0.18830492403395876,0.1339322126392629
180,180.0,180.0,0.12455817699998842,0.08714373860216419,0.15677163180001225,0.08337790058060529,0.04813609242976401,0.09638813034823242,0.034997659135815186,0.03557904096314997,0.17630971629940467,0.1567379128408633
181,181.0,181.0,0.12028402556935976,0.14198190502065192,0.13436157878019941,0.10813444567221515,0.04589878754416793,0.08313117880346335,0.03560923106828819,0.03884721218017963,0.18393245607459793,0.10781917928687648
182,182.0,182.0,0.12030122286278892,0.128401494213586,0.10925637903531724,0.057460627063958956,0.030000000000000006,0.10019023251945396,0.09693488379160782,0.0327776237154665,0.16609783635272618,0.1585797004450942
183,183.0,183.0,0.10672253989503852,0.08932444123676009,0.13135197315516264,0.07028854295715778,0.04010177253042876,0.07183335806804252,0.04932156993157004,0.04868624401952135,0.19428245065909286,0.19808710754722522
184,184.0,184.0,0.11588341142772765,0.10965724996395562,0.1365743942433136,0.06769207807534261,0.04204810321484511,0.09896097658536818,0.05127466523015314,0.03352879730741211,0.19829144932399817,0.14608887462788359
185,185.0,185.0,0.11101140629104275,0.08695704405787051,0.14699626550878248,0.07239650842881108,0.07480958074515856,0.09042976921667947,0.05253080599162733,0.030000000000000006,0.19795726329895474,0.13691135646107283
