,Unnamed: 0,Generation,Intertwine_two,Add_vertex,Delete_vertex,Invert_path_vertices,Insert_inside_vertex,Delete_inside_vertex,Replace_inside_vertex,Donate_between_routes,Trim_one_terminal_cb,Grow_one_terminal_cb
0,0.0,0.0,0.09999999999999999,0.09999999999999999,0.09999999999999999,0.09999999999999999,0.09999999999999999,0.09999999999999999,0.09999999999999999,0.09999999999999999,0.09999999999999999,0.09999999999999999
1,1.0,0.10900000000000001,0.10051320391165684,0.10051545156932794,0.09950670233409373,0.10068186140881505,0.09985961388260446,0.10016406064656125,0.0989538520026466,0.09842384838498937,0.10112905114692222,0.10025235471238243
2,2.0,0.31601,0.10165476133696315,0.10035905325620809,0.09886298476550541,0.10111004920645303,0.09890718233317389,0.10109650773544825,0.09861491356493846,0.09699486252161796,0.10197101544048182,0.10042866983920982
3,3.0,0.6191589000000001,0.10381559403806512,0.09993230005334278,0.09873224446410202,0.10214666637387186,0.09747335435292259,0.10168972145153651,0.09806860744690747,0.09432917951681963,0.10414681290807119,0.09966551939436068
4,4.0,1.015801321,0.1046074553329984,0.10024314597105964,0.09797881621672931,0.1019470585733299,0.0962528554010253,0.10264573835905684,0.09660265824669569,0.09307527634574603,0.10556983671443285,0.10107715883892587
5,5.0,1.50262148669,0.10600798226464012,0.09999829816664059,0.09718360543908246,0.10207454449084694,0.09590514165375061,0.10170815647401305,0.0947187795104152,0.09197655972137471,0.10743443898172507,0.10299249329751109
6,6.0,2.0757334209441005,0.10671195810581906,0.1000285400616785,0.09838301036363763,0.10175425082834501,0.0940451061342179,0.10210363778412676,0.09320871517164622,0.09062944650064646,0.10856241747055406,0.10457291757932821
7,7.0,2.7307768275633495,0.10712004581593301,0.09996840098891471,0.09771147484497605,0.10158492532130622,0.0939904082719944,0.10259332297380551,0.09229111769751622,0.08867534153649023,0.11001757603862082,0.10604738651044257
8,8.0,3.4630081252450404,0.1076960195804706,0.10091010902398692,0.09880054219065121,0.10175240541098773,0.09231353268891367,0.10231562654016459,0.0905365417245072,0.08645431055782886,0.11217105586122109,0.10704985642126787
9,9.0,4.2673862119061114,0.10798624056993336,0.10133665379173519,0.09803982670759694,0.10280983370370005,0.09141757162107578,0.10254180400978327,0.08923706088562147,0.0834935643591867,0.11463211752720513,0.10850532682416186
10,10.0,5.138652627782014,0.1082639067749986,0.10124452901972754,0.0988290183183195,0.10245270159966685,0.08919309181881965,0.10295988844671716,0.08786032533708703,0.08197566369823334,0.11663375134921093,0.11058712363721912
11,11.0,6.071405875792507,0.10825464561340065,0.10128645225778155,0.09858875381310002,0.10300714663179442,0.08630615670991465,0.1038955219312768,0.08691995437437113,0.08040814969008188,0.11950548457572202,0.1118277344025566
12,12.0,7.060169740244025,0.10863493903506471,0.10091833112540563,0.09922468233862647,0.10287821511381325,0.08527161974417931,0.10393587500727687,0.08586182651766588,0.07880881889832071,0.12082006644554324,0.11364562577410361
13,13.0,8.099455520847952,0.10828382962373242,0.1002315068075813,0.10002152652881602,0.10368880497533081,0.08399199969602278,0.10345344790184546,0.08446379010597885,0.0782328372746139,0.12234860167166918,0.11528365541440892
14,14.0,9.183818168183006,0.10864509430328038,0.09989991768326696,0.1009561717142541,0.10320040899724144,0.08307177891794307,0.1041227867228141,0.0829972250005475,0.07665658848232242,0.12439420029834061,0.11605582787998908
15,15.0,10.307906369102724,0.10755622633335452,0.10049693124647363,0.10217453569398471,0.10321856374163375,0.08194558616702884,0.10439679046420397,0.08207109823284332,0.07567057420808543,0.12521468631976526,0.11725500759262622
16,16.0,11.466506686239443,0.1096582914256452,0.10000383908677506,0.10337966480200644,0.10344519969985769,0.0796410738578933,0.10386726151825082,0.08127721404591674,0.07374735260972937,0.1265147480780046,0.11846535487592043
17,17.0,12.654581904800096,0.10940219577842518,0.09979479608087087,0.10468065246047668,0.10236157533699963,0.07906240115889959,0.10512593024710705,0.07930585986823528,0.07141684811524958,0.12891202713469546,0.11993771381904036
18,18.0,13.867303782456686,0.10894929595968642,0.09990990529232072,0.10615688208928617,0.10177959558629125,0.07824893622726549,0.10522069866277071,0.07815499654583129,0.07004622622085446,0.13046238956709116,0.12107107384860201
19,19.0,15.100080434523047,0.10874784657453018,0.10055904534161994,0.10719576456363303,0.10143842228792718,0.07696408979500889,0.10550399261152539,0.07609192014414073,0.0695163149784819,0.1313292555744756,0.1226533481286568
20,20.0,16.348578617037543,0.10831819482496996,0.10242640907723483,0.1070210899817835,0.10103055732546752,0.0754576944435852,0.10653740804081957,0.07435442087761308,0.06794513244167488,0.13292182503392594,0.12398726795292518
21,21.0,17.608741195130214,0.10794989431463856,0.10210564999558204,0.1079541972711207,0.09984525713912616,0.07581882511210565,0.10599334888505342,0.0748359145293738,0.066155083530892,0.1341960563848259,0.12514577283728143
22,22.0,18.876800103462312,0.10912120319118687,0.10239315018342539,0.10861790650792928,0.09871933611939321,0.07540949003015891,0.10585711540817362,0.07440469539734465,0.06560405937938532,0.13417552572165747,0.12569751806134488
23,23.0,20.14928511992658,0.10926254181926812,0.10180607526221566,0.10946069130470518,0.09960575769850866,0.07449896938835908,0.10459404105118668,0.0748428081080762,0.0638720252815726,0.1360313000474716,0.12602579003863584
24,24.0,21.423028783545156,0.1069147632657179,0.10244006558646121,0.11150201475238504,0.10010178523217497,0.0727833024717476,0.1050468215252242,0.07382732946851014,0.06311116145680566,0.13739136301362215,0.12688139322735076
25,25.0,22.695167792966423,0.10661116697928383,0.10235278951845575,0.11170013054957872,0.09986371778045064,0.07101913778847614,0.10551182260605581,0.07483621322153401,0.06260254815277377,0.13837733364419375,0.12712513975919723
26,26.0,23.963141223515898,0.10490906441735232,0.10312457989041933,0.11364233705908061,0.09929163417429736,0.07147609891377019,0.105474360172477,0.07432184714645057,0.06184722994619593,0.13930571074874265,0.12660713753121366
27,27.0,25.224685898775267,0.10471264938477114,0.10398420859914309,0.11431094994337582,0.09941316314052467,0.07059521783195168,0.10524140648537034,0.07399610317146134,0.061353905978869555,0.13957233257083454,0.12682006289369752
28,28.0,26.477829247520948,0.10401539459881673,0.10388815332895147,0.11486528960966619,0.09967350659800189,0.07203140022747014,0.10421886958433393,0.07267523786225064,0.06206163092003484,0.13930892906048775,0.12726158820998612
29,29.0,27.720879968916847,0.10417615072089763,0.10492246072901118,0.11569493761438998,0.09970881428894315,0.0722222382360636,0.10364769653774578,0.07133948494670143,0.0616284872104837,0.13946053234121783,0.12719919737454544
30,30.0,28.95241681848399,0.10363634037532822,0.10577520908761852,0.11550127194185335,0.10043328611887531,0.07108308825579193,0.10415515262209031,0.07005827003350679,0.060798294060355265,0.13950268814175895,0.12905639936282107
31,31.0,30.17127581490958,0.10385033880516041,0.10599246429572277,0.11508294262204355,0.10043071207871118,0.07130696297127087,0.10385019916551327,0.06884827562144982,0.06196386085741719,0.13917871842317464,0.129495525159536
32,32.0,31.376536153543515,0.10200432664756881,0.10630847800815232,0.11599235249956401,0.1003092929805739,0.07167858231148273,0.10411409016029033,0.06813277875042306,0.06108928441695377,0.13971541522443306,0.1306553990005577
33,33.0,32.567505096778625,0.10272383178231878,0.10666616851230462,0.11636560044882197,0.09970015993333509,0.07090679741232654,0.10464135710451444,0.06883365388424034,0.059672146835318796,0.14001201263240784,0.13047827145441124
34,34.0,33.74370209472243,0.10169210112694427,0.10696154238515909,0.11737744345539226,0.0992917461513485,0.07139582073356797,0.10458807778819026,0.06791502136915004,0.05871420642415413,0.14193820547770541,0.1301258350883877
35,35.0,34.90484237192463,0.10044437838727735,0.10814375271276257,0.1172335865970043,0.09896669261109835,0.0702758619259362,0.10537906499541916,0.06776566364628782,0.060410104778360244,0.14213878453883205,0.12924210980702167
36,36.0,36.05082019768737,0.100211185079326,0.10956246448868162,0.1181725536816652,0.09918774540224377,0.06961477375889893,0.10486581756352056,0.0681748919939761,0.06010617498996853,0.14163696227236355,0.1284674307693554
37,37.0,37.18169203889697,0.09909240043049207,0.11088423720924478,0.11727269432616563,0.09933542015610965,0.06893814202649942,0.10350114969282069,0.06969990480475219,0.060179101549444974,0.14296376312092499,0.12813318668354534
38,38.0,38.29765977559663,0.09943652221390184,0.10980807584228126,0.11816077777303943,0.0987300078946116,0.06971378206512548,0.10382365217133457,0.06943236851521731,0.06004367077964543,0.14269542336119415,0.12815571938364867
39,39.0,39.399054140870355,0.10008886275656262,0.10877209206060492,0.11886975616304483,0.09962975566361561,0.06855314579692626,0.10377260296901576,0.06879060100483314,0.05869494114079443,0.1429906632461585,0.12983757919844366
40,40.0,40.48631852820801,0.09981585947923004,0.10666754078472068,0.11925465132917687,0.10015332750345332,0.07015416038306066,0.10364431157944214,0.06792848351254929,0.0606050616585591,0.14196146961370168,0.12981513415610602
41,41.0,41.55999329152982,0.09965644043233131,0.10740806012375531,0.11888894471502263,0.1000283907040168,0.07105735682180922,0.10305149953650937,0.06675524783986399,0.060334201385701884,0.14338006513720583,0.12943979330378347
42,42.0,42.62070064560415,0.09999445999579583,0.10720933434074947,0.12091945990726474,0.09941766302814196,0.0717633114094923,0.10442399464995757,0.06489716949172986,0.06048055496943494,0.14301081559036521,0.12788323661706794
43,43.0,43.669130257815,0.102063557052013,0.10728438581189972,0.1213248253387085,0.09938566235664793,0.07096467023709814,0.10544879141344767,0.06349152569031788,0.060339058087875805,0.14163594172005448,0.1280615822919367
44,44.0,44.70602560622662,0.10263236343615025,0.10667890963437072,0.12291914546794026,0.09892854241011953,0.06976275224001105,0.10612548621552916,0.06414536537496345,0.058646503084238376,0.14296943424671013,0.12719149788996692
45,45.0,45.73217116373481,0.10252432565209309,0.10553859088796501,0.12453059354123648,0.09781204819128636,0.06895605820232008,0.10579000344462036,0.06325082119690953,0.059850601659839,0.14410860359641398,0.12763835362731593
46,46.0,46.748380453854836,0.10250247889053977,0.10539382424251455,0.12575454344011666,0.09858545957092818,0.07027828832734875,0.10531948475646,0.06152614951411636,0.058888124372840175,0.14433027607606944,0.12742137080906593
47,47.0,47.755485010424316,0.10262735171939225,0.1038279773778743,0.12774930067934298,0.09632722126658762,0.06991922322686164,0.10766907888537422,0.060576027818889634,0.058038337538389655,0.1473660191796873,0.1258994623076002
48,48.0,48.7543242612326,0.10287655372374377,0.10228529307657525,0.1282473628987305,0.09449451169708828,0.07002593568137083,0.10697478311991321,0.060206150972828706,0.05697910828459575,0.15103559674527478,0.1268747037998787
49,49.0,49.745736344347726,0.10305362517967229,0.1019804629471505,0.12774262796892213,0.0936600661946665,0.07163482215258687,0.10710506959959941,0.05936733230872944,0.05650466371187594,0.15182097011728535,0.12713035981951132
50,50.0,50.730549855707864,0.10274187647042748,0.10305787820244156,0.1281786024656691,0.09372775194898497,0.07074128836650956,0.10787224433280791,0.0589771219170848,0.055832604321902714,0.15220071746253447,0.1266699145116372
51,51.0,51.70957651737491,0.10096481861841262,0.10229431851184528,0.12981816183764008,0.09400792648083824,0.06907876010373294,0.10692658578692016,0.0585526930171171,0.05665293827540307,0.15523405721774003,0.1264697401503502
52,52.0,52.68360474770151,0.1008617396849257,0.10181041693475812,0.12925494607016294,0.09333587681858947,0.07028844203249478,0.1061976412386934,0.05843253966322676,0.05623736153172227,0.15697323559248455,0.12660780043294176
53,53.0,53.65339410751842,0.09934079510767359,0.10143279515044833,0.13022251160261075,0.0929278729225628,0.07020777619715282,0.10526829803078051,0.05987143315711317,0.05585918757052836,0.15770317492436414,0.12716615533676529
54,54.0,54.61967059027847,0.0985629377355679,0.10305260978510491,0.1303684606532739,0.09212847633012718,0.06910005159421219,0.10500680590159525,0.06106484916607443,0.05460732918186237,0.157870066080531,0.12823841357165064
55,55.0,55.58312271885972,0.09908369816969277,0.10378625594437073,0.13023566962377264,0.09134980645620017,0.06833796871154448,0.1051253956839182,0.05978058707377858,0.05420471245517571,0.15859801268752924,0.1294978931940173
56,56.0,56.544398407394254,0.10012470779678827,0.10414229477841376,0.13038069494401192,0.09212274475208494,0.06837457583527848,0.10385482785273369,0.05927670004387931,0.05433997458121869,0.15826091849406762,0.12912256092152316
57,57.0,57.504102543001395,0.09828442409481941,0.10238486550818668,0.13222522243200774,0.09261013525728565,0.06905063242589388,0.10320956569566643,0.059124357623014274,0.0538348252785712,0.1595938999532371,0.12968207173131746
58,58.0,58.462795239617805,0.09841021648531094,0.0998502754249655,0.1327243358170157,0.09589124390990617,0.06857934476129392,0.10444814790785978,0.05767654896095828,0.05374194161160856,0.15913966767857618,0.12953827744250482
59,59.0,59.42099071417639,0.09777678852345267,0.09961083435009922,0.13205781830845442,0.0963660989560889,0.06850894083709151,0.10520135892747659,0.05831047884730571,0.0521288302722814,0.16067373838015309,0.12936511259759634
60,60.0,60.379156734137354,0.0981246453473048,0.09923622575657867,0.13444616135795778,0.09571158276066011,0.0667204151730895,0.1063316436480859,0.056905303002672394,0.05062037808774657,0.1624831198812831,0.12942052498462103
61,61.0,61.337714584760846,0.096264764379843,0.0993262178012091,0.13504605215079796,0.09355962691480323,0.0645659571914299,0.10538497749111515,0.05709832216140562,0.05261736115527153,0.1641667887809894,0.131969931973135
62,62.0,62.29703950447439,0.09585705212382369,0.09961739183137269,0.1331775896330945,0.09507048418843472,0.06498938547819738,0.10669019886854204,0.05754952051479403,0.05175411369007661,0.16266700369387205,0.13262725997779218
63,63.0,63.257461537171835,0.0953892766648461,0.09955403697557193,0.13369628737537773,0.095909258227603,0.06456331642135266,0.10638227369591498,0.05694722182347648,0.05193147384958219,0.16196673685483204,0.13366011811144282
64,64.0,64.21926675122782,0.09373427214792937,0.09884688169567088,0.13333214554228065,0.09757776804193495,0.06483153519181388,0.10617565768790704,0.057915555541497105,0.052708669468836386,0.16031140899227658,0.13456610568985314
65,65.0,65.18269877636592,0.09184943158589431,0.09996100408349688,0.134013858742616,0.09705831720208452,0.06548395120573323,0.10727202872344936,0.05795057583747101,0.05217000925544386,0.15928648270782733,0.13495434065598347
66,66.0,66.14796061122655,0.09102217167187253,0.09939306956722227,0.13180221301834438,0.09707867046677818,0.0651858986219498,0.10963105360443562,0.05686934205793599,0.052750996286203465,0.16054672534720488,0.1357198593580529
67,67.0,67.11521665648885,0.09066027654228086,0.09821688848581248,0.13026339515008398,0.09766124757048494,0.06609089853264775,0.10878937986145554,0.05903935204615812,0.052835155890073676,0.16030644637401054,0.1361369595469921
68,68.0,68.08459493066005,0.08979740918070905,0.0980042793188854,0.13049558380702836,0.0979815224950274,0.06518750047183627,0.10690125906747142,0.05958914842741936,0.05339834304786637,0.1610864722060157,0.13755848197774065
69,69.0,69.05618942810752,0.0885190438563128,0.09903847568489138,0.1308886116666999,0.09768290817028445,0.06606322592986086,0.10605944365104952,0.060509456161192604,0.05228539854130631,0.16095953436811458,0.13799390197028752
70,70.0,70.03006258152917,0.0874318771001749,0.10034036594993889,0.13261765542379955,0.09745878228860119,0.06537253017387108,0.10646621343560428,0.05960930398224657,0.05169901065586815,0.1611120934210439,0.13789216756885142
71,71.0,71.00624779379335,0.08742182931367029,0.09959061670616133,0.13342597315280488,0.10014452725585804,0.06278007988674848,0.1074490383613221,0.060629525304780246,0.05230040762738389,0.15983942512530877,0.1364185772659619
72,72.0,71.98475200689319,0.08758684828986588,0.10091087270738858,0.1340617231003951,0.09996039190600517,0.06271950491366499,0.1076109755617756,0.06011759155815519,0.052580678874360035,0.15849580035474717,0.1359556127336422
73,73.0,72.96555827861411,0.08825415055208786,0.09903967279506033,0.1335192826520257,0.09999508437151111,0.06398284676446568,0.10837795350079282,0.06021786415598618,0.052209830003451224,0.15696449663821319,0.13743881856640583
74,74.0,73.94862834037681,0.08901560802917036,0.09948365941091301,0.1323008461823606,0.10072864438478314,0.06365755059989453,0.10946463933474312,0.05931731797475018,0.05130540226940005,0.15748074877626592,0.137245583037719
75,75.0,74.93390511255946,0.09047435585723826,0.10059304606518757,0.13264608829633984,0.10087386639555893,0.06523323636871126,0.10818684662768177,0.05839132800628095,0.050692878750599135,0.15629085297619225,0.13661750065620995
76,76.0,75.92131515639825,0.09000876792964824,0.09965287786900935,0.13155358235492723,0.10104359132111342,0.06429795557790796,0.10737928145842572,0.05899655941371165,0.051175560581934725,0.15695615938901858,0.138935664104303
77,77.0,76.91077104428919,0.08998451286898516,0.10104797562431511,0.13151189057182303,0.09969216323522641,0.06514489713029628,0.11043909619802371,0.05929687844466193,0.04954243257364853,0.15498699485125533,0.1383531585017644
78,78.0,77.90217363294813,0.08950739195778858,0.10109272071042683,0.13071286562609863,0.10054641851297083,0.06365975461716834,0.11092505895526851,0.0592558172179741,0.049528269826526757,0.15581519503640706,0.13895650753937025
79,79.0,78.89541422641172,0.08969706322225535,0.10201830600145403,0.13202458238645332,0.1015905333554559,0.06313021404530118,0.11058565631184034,0.05849712758444151,0.04974405012361344,0.1533283762174583,0.13938409075172653
80,80.0,79.89037661826481,0.0897837605727713,0.1008086137495756,0.1331148868450404,0.10057744849049416,0.06306127151695434,0.11150811861265969,0.057941499313817924,0.049326025878560664,0.1535499545147374,0.1403284205053884
81,81.0,80.88693900474995,0.08920298570070367,0.10057441244240836,0.1321733372185071,0.10089718304899335,0.06199507852338847,0.11425934278347066,0.058606433881128475,0.049545558918063615,0.1536315354013795,0.1391141320819567
82,82.0,81.88497576253909,0.08647207112377867,0.09908846258482526,0.13436854736126258,0.10125307811230329,0.06276519907378228,0.1148137585136611,0.057732401446150855,0.04816236873675285,0.15557677175891693,0.13976734128856608
83,83.0,82.88435908692391,0.08606559424988669,0.09999670764755691,0.13499813140466838,0.10068149229336515,0.06156496393335821,0.1146116947488986,0.057122332298317764,0.048180444262059724,0.15533518483854122,0.14144345432334723
84,84.0,83.88496048800103,0.08800261766147634,0.10124389814251977,0.13233339104670866,0.10080299794582034,0.061890113683908586,0.1135691742707299,0.05786122629193783,0.04817937793826113,0.15433996578296344,0.14177723723567387
85,85.0,84.88665214409042,0.08836610205386149,0.10179579959115406,0.13171583712858523,0.09916879223316045,0.06071840808424197,0.11488977382548787,0.057261510567702616,0.04972215448341724,0.15460638084433445,0.14175524118805444
86,86.0,85.88930811312994,0.0897328545318877,0.10274421835339956,0.13094453119897595,0.09755591165506608,0.05981396579290258,0.11289125701964137,0.05825553245063616,0.05054696610186836,0.15471456966958225,0.1428001932260398
87,87.0,86.89280540413424,0.08962762921320236,0.10484506792973261,0.1320012678501837,0.09619315753274245,0.06149881981316128,0.11218235459856278,0.05878323247623047,0.05066066117106388,0.1535806203221356,0.1406271890929847
88,88.0,87.89702491199675,0.09086169339041977,0.10684741977327439,0.12997221394306102,0.09579752665191346,0.062140837452934146,0.11309220688414943,0.05749135203387833,0.05113215467449174,0.15402776857425374,0.1386368266216238
89,89.0,88.90185221995306,0.09244801560007337,0.10770185843968177,0.12921633475238128,0.09463288819412781,0.060503388791932344,0.11255028721045199,0.05561624082800964,0.051501932714911484,0.15751975188700676,0.1383093015814234
90,90.0,89.90717827491419,0.09353052789678803,0.10957340120746382,0.13000002228698632,0.093387513114767,0.05999143309231646,0.11158427533744086,0.05436015180485608,0.050289114667631335,0.15730915128106332,0.13997440931068658
91,91.0,90.91289994163006,0.09494319742098983,0.1112446954740267,0.1296657800565782,0.09384495845600953,0.059504249893749354,0.11075376222717051,0.05520288424295203,0.04870133725294573,0.15607898482365334,0.14006015015192463
92,92.0,91.91892044225806,0.09500990698364138,0.11123842729826458,0.1313234944090683,0.09150801406686584,0.05937251948747757,0.11020162342422467,0.05571369371702962,0.05001445804383017,0.1546747487167629,0.14094311385283484
93,93.0,92.92514968840067,0.09577758608897102,0.11251727510735332,0.13258071173023017,0.08976170731462982,0.05915627159636784,0.1090385982724332,0.05578931962220185,0.050032734941745816,0.15394297878003532,0.14140281654603146
94,94.0,93.93150451304501,0.0956945310352297,0.1126717201339126,0.13309519536020753,0.09090565568518785,0.05774313277324683,0.10870956342362564,0.05668558144316715,0.049266193541532624,0.15443734564457715,0.14079108095931275
95,95.0,94.93790881009448,0.09409642667292462,0.11320541740519129,0.13467795774701424,0.09149523836172664,0.05720512165670493,0.10932094506303888,0.05587244128575766,0.048529208729669086,0.15468325769780872,0.14091398538016378
96,96.0,95.94429358933806,0.09449034521965641,0.11264211106132016,0.13544663301687837,0.09141686895208889,0.055036162695287244,0.10897429457718913,0.05675064712678178,0.0513102855710322,0.15343843851451697,0.14049421326524866
97,97.0,96.9505969547639,0.09500988376438704,0.11254067700142242,0.1346751319582858,0.09266996641124509,0.05439137861665662,0.10957365490179867,0.058195657249468964,0.05079613482353425,0.15308317350263984,0.13906434177056115
98,98.0,97.9567640140995,0.09614225847952922,0.11228176748210475,0.1342022996805549,0.09468916812458866,0.05530903516020233,0.10885632104522874,0.057305692439995046,0.04932553181851404,0.15414881962071347,0.13773910614856869
99,99.0,98.96274672736057,0.09773405050845843,0.1124164438317595,0.13384431832579272,0.0945496939775361,0.054890099264206016,0.10749644920863191,0.05874951285154368,0.04765734729231087,0.1559425779219129,0.13671950681784767
100,100.0,99.96850370202192,0.09686141814747155,0.1130179568670353,0.13327172032591023,0.09396453137745978,0.05650434715380649,0.10581494081297302,0.05895903630906385,0.04842478777627587,0.15591227985947456,0.13726898137052912
101,101.0,100.97399994219691,0.09476462716220382,0.11250738512132999,0.13396685903084218,0.09359938221981332,0.05590348225404639,0.10596069360032546,0.05952580575263555,0.05056882594694677,0.15704114646150746,0.13616179245034885
102,102.0,101.97920655893245,0.09423856603308922,0.11354368877490432,0.13199307536231997,0.09349523590956141,0.0551880191237652,0.10618114976269548,0.058249937905011165,0.05060629695288577,0.15886017030523528,0.137643859870532
103,103.0,102.98410044840509,0.0936900595323487,0.1130216720787259,0.13166357165111017,0.09295403219896399,0.05680722979257367,0.1054984635939003,0.05892066058197429,0.05148406585406975,0.15774717398567503,0.138213070730658
104,104.0,103.98866394444643,0.09420221887162852,0.11160319954955886,0.13210754449721984,0.09467211408974271,0.05626737120202263,0.10510620633382581,0.06020933687413478,0.05130682171893999,0.15841292344025593,0.13611226342267074
105,105.0,104.99288445143917,0.09501310761470448,0.11300324221171952,0.13292841606373695,0.09361157841936514,0.05818270526682185,0.10279172884609147,0.061102492595355364,0.051078747860472735,0.15771729052542835,0.13457069059630397
106,106.0,105.99675406321822,0.09659703322334388,0.11232324789394892,0.13319574569197276,0.09447880461119738,0.05803805691220526,0.10023119104463098,0.061490114064436094,0.05052816706295453,0.15915954071358793,0.1339580987817221
107,107.0,107.0002691731872,0.09720006377996865,0.1105387242154263,0.1332352579480652,0.09557348115324071,0.05998381613074093,0.10058419143096842,0.06375137784793229,0.050132949732125356,0.1579937111121783,0.1310064266493537
108,108.0,108.0034300804274,0.09728901148273825,0.10909460260878442,0.13186536624072345,0.09497159323085586,0.06147964392615792,0.10197305385680126,0.06266905796484455,0.05086753040585979,0.15822880942791773,0.13156133085531663
109,109.0,109.00624059613932,0.09951779935744115,0.10744531867155376,0.12888995841125012,0.09560597113984552,0.061859508949660066,0.10057728404749007,0.061961960302591004,0.05221549145105802,0.15854834643257076,0.1333783612365394
110,110.0,110.00870765431864,0.09932215173232352,0.10779024399943152,0.1305816764799896,0.09608615367840517,0.06177555555978673,0.1013722395153944,0.06078668095105376,0.05395804230274736,0.15589360337079078,0.13243365241007704
111,111.0,111.01084093013685,0.0982103514059024,0.10774964881744051,0.13040481553923045,0.0964597306077046,0.06262378513747512,0.10172871405491149,0.06101077906195821,0.053718985210403455,0.1549509143945616,0.13314227577041204
112,112.0,112.01265246907188,0.09885177058210001,0.10917636793072831,0.12843929063449622,0.09872790178683077,0.06329297953838672,0.09941530050351932,0.06059800508160077,0.05344638945236578,0.15338607124791373,0.13466592324205826
113,113.0,113.01415632942268,0.10073219553712336,0.10648294483455728,0.13147036483704055,0.09809271374586293,0.06443057556405168,0.09874407826004367,0.05931349012350541,0.0535549530176388,0.14909908243188638,0.13807960164828983
114,114.0,114.01536824044418,0.1016251008518984,0.10631261878912329,0.13326217151720124,0.09715633556521037,0.06446060455582198,0.09871240075854086,0.057838600644023345,0.053623016098359975,0.1479410235536976,0.13906812766612286
115,115.0,115.01630527795908,0.10418064448644634,0.10445061191696005,0.13384434474606144,0.09697177682408638,0.06335538220648299,0.09654363156417553,0.05817998821500003,0.05382225971471576,0.14983161914292045,0.1388197411831509
116,116.0,116.0169855589429,0.10515614306753182,0.10550561909855373,0.13352343878924017,0.09588385560990638,0.06301930323446157,0.09921071310645654,0.056096376529023925,0.05438205693118052,0.14748667457747983,0.1397358190561654
117,117.0,117.01742795623892,0.10422056976422199,0.10513676571981913,0.13473892439561086,0.09366259403795232,0.0632346635326511,0.09961840369401546,0.05560550831450286,0.05262699985027109,0.1507570056249451,0.14039856506600992
118,118.0,118.01765183424293,0.10486547173947633,0.10492340023743824,0.13672141024376278,0.08990542854564013,0.06216575034234008,0.10258833912676563,0.05519221578751875,0.052380880303683645,0.15097839253086154,0.14027871114251267
119,119.0,119.01767680610413,0.10367007496452815,0.10831194467263705,0.13618987869160423,0.09019657678497153,0.06304702260906654,0.10078205169394044,0.05510833972714629,0.05280179133070116,0.15012913692444246,0.1397631826009619
120,120.0,120.01752251271817,0.10305754873951883,0.1087709274932501,0.13495007416296026,0.09192072726178663,0.062080403923561914,0.09961500475678568,0.05503457909007658,0.05148743290036087,0.15092960099211217,0.14215370067958674
121,121.0,121.01720842354362,0.1027918783255414,0.11084685579876587,0.13580862582686132,0.09075721718435466,0.06229095747309119,0.09988421008545906,0.05422636506727735,0.04973006717192009,0.15268475374030827,0.14097906932642057
122,122.0,122.01675365905109,0.1021887047935794,0.11275298222802939,0.13539559265451578,0.09013566358811075,0.05972658516891289,0.10132710382104748,0.053309106066991956,0.050983074973068615,0.1535206508086574,0.1406605358970861
123,123.0,123.0161768344173,0.09973767606445182,0.11402715570165216,0.13720776012990196,0.08983446290663916,0.06022777029544348,0.10052928449494017,0.05295033502666286,0.05079181213280378,0.15485217861640438,0.1398415646311
124,124.0,124.01549592390272,0.10018736068046777,0.11456632997738891,0.13824818882840212,0.09039566432213349,0.05943011291355203,0.09880306007009348,0.05246706133540713,0.05017285923277319,0.1551485730179776,0.14058078962180404
125,125.0,125.01472814520056,0.10363541482065937,0.11500514508928611,0.13652709622711048,0.09088202094186514,0.059785151492605305,0.09701074635941986,0.0519917756792686,0.05032588303961679,0.15533695394092667,0.13949981240924147
126,126.0,126.01388986291661,0.10407611415218739,0.11261396147163617,0.13859970623682705,0.09247514660913148,0.05800397035892861,0.10082225150701753,0.05122997445991969,0.049191175684534696,0.15508980633976482,0.13789789318005236
127,127.0,127.0129965102319,0.107546434999561,0.11320014961301444,0.1359438960209397,0.09229142527841218,0.05782600422067603,0.09979524677215024,0.05041012832220651,0.047229074194306775,0.15660890933394656,0.13914873124478633
128,128.0,128.01206252771334,0.10634699659094259,0.11173113120923164,0.13723685012455175,0.09076351088368746,0.058321124896456224,0.09883044658150131,0.05057475436036371,0.048066348019570965,0.15803619911533495,0.14009263821835916
129,129.0,129.0111013181695,0.10534580100042085,0.10966586159611733,0.1376252802231781,0.09151742263003242,0.06118494022156262,0.10076323874077323,0.050371832849173216,0.0470023996050139,0.15744660691778567,0.13907661621594242
130,130.0,130.01012521639834,0.1059531243946927,0.11041716250259463,0.13487127500103407,0.09021474287365833,0.06341393619883633,0.10233104303125509,0.0498758419227093,0.04497968483935005,0.15778959095082745,0.14015359828504184
131,131.0,131.0091454726403,0.10671152890259461,0.11043012771544736,0.1335978669346356,0.09086446361055277,0.061893100886341694,0.10151256125868995,0.04992750475480774,0.04335367149671599,0.15925727739221104,0.14245189704800307
132,132.0,132.0081722485317,0.10720467399400442,0.10968710462868735,0.13369096292045707,0.08771109733041019,0.061628601581158154,0.10208309261317484,0.05044475387870476,0.04303171911405026,0.16227036962609287,0.14224762431325993
133,133.0,133.00721462434865,0.10728317103973593,0.10793799040749208,0.13447397689606022,0.08832176107369547,0.06292569953276107,0.10306741980737172,0.05000607355950596,0.04233787242010194,0.16325704418815037,0.14038899107512512
134,134.0,134.0062806163404,0.10966392245856019,0.10676415817186996,0.13603043441117316,0.08866019212252861,0.0618682671236027,0.1010316592800881,0.04872222903835881,0.0419799381547558,0.16726115041432746,0.13801804882473512
135,135.0,135.00537720296956,0.1075878678273278,0.1092197434023664,0.1343095593973358,0.08788163443706118,0.06300662326548839,0.09988767142343129,0.048242771369512105,0.043055780336742164,0.1694964874770734,0.1373118610636614
136,136.0,136.00451035890612,0.10804226682718174,0.10934923087901716,0.13487906878889258,0.08619668682006568,0.06129296161449542,0.09955787857464744,0.05141975196457979,0.042864495750998585,0.1695803948883152,0.13681726389180635
137,137.0,137.00368509565993,0.10745794922940573,0.10926926806259042,0.1381103353252744,0.08603348680951729,0.06069522351548566,0.10115853234306155,0.05038948320835475,0.04149708000286441,0.168733696586507,0.1366549449169388
138,138.0,138.0029055077818,0.10732874289398533,0.10651001599945617,0.144017321762877,0.08673878783099392,0.061267223139842404,0.10114235217578894,0.04965041226741601,0.04156169590162453,0.16728044667013747,0.1345030013578782
139,139.0,139.00217482361367,0.10607061503346674,0.10517176512916271,0.14597109530153912,0.08759991552682683,0.0599933369260484,0.1015043333664245,0.049621705824311114,0.041449847934211685,0.16878008666106895,0.1338372982969399
140,140.0,140.0014954596262,0.1068441766087863,0.10417693178356116,0.145656942072749,0.08813943546983695,0.05853447561431167,0.10089300333108789,0.05049687387151781,0.040253912101806434,0.1699300190300012,0.13507423011634154
141,141.0,141.00086907744122,0.1074408258407855,0.10038916432628095,0.14870861870803068,0.08695573123019006,0.06118375320266374,0.09833257607357755,0.05162429340801981,0.040074522478207246,0.16922344992808483,0.13606706480415964
142,142.0,142.0002966427003,0.1070900130974773,0.10141302220054878,0.1485269697421738,0.08527718190738506,0.06097226846185658,0.09651362555097694,0.05188755821714295,0.039604486501940574,0.1701728366730838,0.13854203764741424
143,143.0,142.99977848500652,0.10749777650931282,0.1020222147843907,0.14546254223733485,0.08435725074245248,0.06279869095140453,0.09641085852413583,0.051885867823687176,0.04234452609244231,0.1699258453382106,0.1372944269966287
144,144.0,143.99931435823203,0.10717790800908114,0.1023267190705644,0.1477264977847742,0.08243283610271591,0.060570070340900506,0.0979444322901726,0.05072661791120688,0.0413976239031776,0.17248578502624223,0.1372115095611645
145,145.0,144.99890350055264,0.10755597154114088,0.10062663868440733,0.14940404738908974,0.08176861674316327,0.06147334232599366,0.0974822828418465,0.0485955210872564,0.04370479804337236,0.17313358915224714,0.13625519219148272
146,146.0,145.9985446936357,0.1087980901775184,0.09990293073647817,0.14957438591815697,0.08407266966014296,0.05949448669291857,0.09690441651553121,0.04714383069918505,0.04516900324710246,0.17302194765501447,0.13591823869795172
147,147.0,146.99823632047406,0.1086218475800149,0.09964149272282631,0.14801049677182246,0.08299275216630436,0.05792732826320141,0.09868416390055577,0.04784122101244199,0.04598233574090403,0.17549104235870522,0.13480731948322355
148,148.0,147.99797642142389,0.1064202717602052,0.09908859982013177,0.14857391815198934,0.0830603943598004,0.057434674494467104,0.09859798686051159,0.046580751610745486,0.048518408102207054,0.1761482735402361,0.13557672129970597
149,149.0,148.99776274806447,0.1078040869806822,0.09964035703541499,0.14942341482522348,0.08283610325935076,0.055675481645776154,0.10032749004520561,0.046451671703275806,0.04832232594186629,0.1760784117922157,0.13344065677098899
150,150.0,149.99759281456036,0.10828548778463568,0.09938782602664496,0.1505653945169391,0.08240256565844016,0.0551947346953265,0.10098689142717336,0.04690238899008636,0.0468538459893868,0.1738314098149154,0.13558945509645165
151,151.0,150.99746394626104,0.10684816297859945,0.09926502484627564,0.150036540258731,0.08266659129961385,0.05475293667608285,0.10361702942859573,0.04629154794973624,0.0462878727704479,0.17477018877608003,0.13546410501583728
152,152.0,151.99737332532905,0.10578153452754668,0.09805036148089204,0.1506363562012954,0.08368199026607856,0.05606909331015947,0.10471719818836245,0.04594896076762856,0.04502311686403477,0.17492915221279262,0.1351622361812094
153,153.0,152.99731803323698,0.10848149879298194,0.09409919162919723,0.15160423102894074,0.0846038961480871,0.05582533653200579,0.10213119455853581,0.04602297459177038,0.04546500184765536,0.17571351703718502,0.1360531578336406
154,154.0,153.99729509002177,0.10732764554555553,0.09392851518644983,0.15223869189451547,0.08417591418191059,0.05458464695019979,0.10302066155866463,0.04487623038784786,0.04628572379285609,0.17515911654400004,0.13840285395800017
155,155.0,154.99730149022784,0.10623801274348328,0.09583720540231307,0.151369237448391,0.08555086331727707,0.05489055296816783,0.10212134141737576,0.04306490743157176,0.044919430993766774,0.17733644493713063,0.1386720033405228
156,156.0,155.99733423551103,0.10378634235903121,0.099237318610647,0.1543193808144635,0.0839473134470531,0.05313281830310115,0.10066524400418839,0.04130406769660755,0.045668625381508336,0.17753440767782397,0.14040448170557576
157,157.0,156.99739036391077,0.10523583387916226,0.09867920404985218,0.15317949371657977,0.0840236819506766,0.054320194769428815,0.10009900424910938,0.04298358606579161,0.04414632743624311,0.17715573826508507,0.14017693561807118
158,158.0,157.99746697583146,0.10669910161304616,0.10128331680698816,0.15226317340132509,0.08690914125909775,0.053164294896923085,0.09686098444713145,0.044171120985786703,0.04351814074498676,0.17646744442797743,0.13866328141673737
159,159.0,158.99756125680176,0.10966461847854131,0.10108733088600662,0.15155030667559857,0.08812824681471845,0.052013389862126835,0.09666082957489475,0.04627426599061087,0.04422396374855867,0.1750231143497587,0.13537393361918515
160,160.0,159.997670497107,0.11138389869472387,0.0987971947483301,0.15100397357426568,0.08745185753477462,0.052379481460035404,0.09702193157295036,0.046636963492147736,0.042969706075162636,0.1746347288708134,0.13772026397679613
161,161.0,160.99779210841066,0.10958704509129737,0.09792909145204433,0.15071656301762537,0.08885143861456099,0.050436134139929235,0.09622934182400551,0.04689587475776415,0.04212861131926384,0.17899184509831303,0.13823405468519612
162,162.0,161.99792363749984,0.10844761271034961,0.10023974196932085,0.15077062462895843,0.08622377305376024,0.049510698469436905,0.09499837436418941,0.04654308349033599,0.041260004458140986,0.18267079353563304,0.1393352933198745
163,163.0,162.9980627773051,0.1094962834364501,0.09884725781227012,0.1517985113393112,0.08448520676624584,0.04839612486464047,0.09349489506520939,0.04724925599238187,0.042710924281289156,0.1851492064915261,0.13837233395067575
164,164.0,163.9982073753568,0.11045735551806567,0.10050976104515755,0.1495831542899998,0.08423454056129864,0.04724673010196089,0.0925177700930968,0.047987946165441824,0.04490046601312968,0.18231072862850944,0.14025154758333971
165,165.0,164.99835543984977,0.10983247805116934,0.09812287608816327,0.14917585957823284,0.08165739800449531,0.04855734749634473,0.09491356310522552,0.048891202445159196,0.04349355235950538,0.18493592850383794,0.14041979436786653
166,166.0,165.99850514349492,0.10881774105588428,0.09440556504005122,0.14964190481268533,0.07813378200230472,0.0482643498917427,0.09739089247047471,0.050640580934832986,0.04334888636795487,0.1880800695648222,0.1412762278592471
167,167.0,166.99865482534062,0.10751206042584888,0.09395174034379819,0.1520976691617083,0.07379664594762374,0.0464688277039685,0.09926400647513303,0.05095709798124517,0.04375535952694773,0.18808762843666238,0.14410896399706416
168,168.0,167.99880299074837,0.10508479930714279,0.09422882744457786,0.15509586715183044,0.0734659846481758,0.0456069784818181,0.09989270028823773,0.052755768356295224,0.04442961281622779,0.18700739157217916,0.1424320699335152
169,169.0,168.99894830970783,0.10674292667126047,0.09148128585071597,0.15376420723302384,0.07399753502232803,0.04491570084484304,0.10047943664609649,0.05358371815556257,0.044972420541401326,0.18625637665036715,0.1438063923844012
170,170.0,169.99908961367427,0.1070140769926481,0.09011919991619019,0.15457663170428798,0.0737660103671265,0.044049003523799035,0.10346976392472206,0.0524927043295293,0.04356479838649127,0.1853518974498293,0.14559591340537628
171,171.0,170.99922589110733,0.10701047681418757,0.08980163134997923,0.1551541951484445,0.07334690878694612,0.042058655497513184,0.1044057494529213,0.051935527814911765,0.04216229046320731,0.18641702773186936,0.1477075369400197
172,172.0,171.99935628188598,0.10732622939010214,0.09082734473078359,0.15463534429702716,0.06981776231184741,0.04083949255818316,0.1067670299655287,0.052505297788988686,0.0439311270298411,0.18457216378768038,0.14877820814001771
173,173.0,172.99948007076793,0.1046725574613403,0.0909376239928465,0.1524637291753144,0.06956642660545671,0.04349240522184033,0.10390372324742729,0.054962385305542774,0.04254632372751382,0.18712925710739292,0.15032556815532502
174,174.0,173.99959668005403,0.10691368324281306,0.09189658573184349,0.1548521586501059,0.06786604608871123,0.042928044205575666,0.10488596118340628,0.05424338364873816,0.04117453751814412,0.18658927455595015,0.14865032517471202
175,175.0,174.99970566161096,0.10790141808774917,0.09478553055042076,0.15418486639702836,0.06473546153493812,0.04298284879696537,0.10814686843529259,0.0538107008182421,0.04104716723151125,0.188652723586126,0.14375241456172638
