Total_iterations,Unnamed: 0.1,Intertwine_two,Add_vertex,Delete_vertex,Invert_path_vertices,Insert_inside_vertex,Delete_inside_vertex
0,0.0,0.1666666666666666,0.1666666666666666,0.1666666666666666,0.1666666666666666,0.1666666666666666,0.1666666666666666
1,1.0,0.1666666666666666,0.1666666666666666,0.1666666666666666,0.1666666666666666,0.1666666666666666,0.1666666666666666
2,2.0,0.1666666666666666,0.1666666666666666,0.1666666666666666,0.1666666666666666,0.1666666666666666,0.1666666666666666
3,3.0,0.1666666666666666,0.1666666666666666,0.1666666666666666,0.1666666666666666,0.1666666666666666,0.1666666666666666
4,4.0,0.1666666666666666,0.1666666666666666,0.1666666666666666,0.1666666666666666,0.1666666666666666,0.1666666666666666
5,5.0,0.1666666666666666,0.1666666666666666,0.1666666666666666,0.1666666666666666,0.1666666666666666,0.1666666666666666
6,6.0,0.1666666666666666,0.1666666666666666,0.1666666666666666,0.1666666666666666,0.1666666666666666,0.1666666666666666
7,7.0,0.1666666666666666,0.1666666666666666,0.1666666666666666,0.1666666666666666,0.1666666666666666,0.1666666666666666
8,8.0,0.1666666666666666,0.1666666666666666,0.1666666666666666,0.1666666666666666,0.1666666666666666,0.1666666666666666
9,9.0,0.1666666666666666,0.1666666666666666,0.1666666666666666,0.1666666666666666,0.1666666666666666,0.1666666666666666
10,10.0,0.1666666666666666,0.1666666666666666,0.1666666666666666,0.1666666666666666,0.1666666666666666,0.1666666666666666
11,11.0,0.1666666666666666,0.1666666666666666,0.1666666666666666,0.1666666666666666,0.1666666666666666,0.1666666666666666
12,12.0,0.1666666666666666,0.1666666666666666,0.1666666666666666,0.1666666666666666,0.1666666666666666,0.1666666666666666
13,13.0,0.1666666666666666,0.1666666666666666,0.1666666666666666,0.1666666666666666,0.1666666666666666,0.1666666666666666
14,14.0,0.1666666666666666,0.1666666666666666,0.1666666666666666,0.1666666666666666,0.1666666666666666,0.1666666666666666
15,15.0,0.1666666666666666,0.1666666666666666,0.1666666666666666,0.1666666666666666,0.1666666666666666,0.1666666666666666
16,16.0,0.1666666666666666,0.1666666666666666,0.1666666666666666,0.1666666666666666,0.1666666666666666,0.1666666666666666
17,17.0,0.1666666666666666,0.1666666666666666,0.1666666666666666,0.1666666666666666,0.1666666666666666,0.1666666666666666
18,18.0,0.1666666666666666,0.1666666666666666,0.1666666666666666,0.1666666666666666,0.1666666666666666,0.1666666666666666
19,19.0,0.1666666666666666,0.1666666666666666,0.1666666666666666,0.1666666666666666,0.1666666666666666,0.1666666666666666
20,20.0,0.1666666666666666,0.1666666666666666,0.1666666666666666,0.1666666666666666,0.1666666666666666,0.1666666666666666
21,21.0,0.1666666666666666,0.1666666666666666,0.1666666666666666,0.1666666666666666,0.1666666666666666,0.1666666666666666
22,22.0,0.1666666666666666,0.1666666666666666,0.1666666666666666,0.1666666666666666,0.1666666666666666,0.1666666666666666
23,23.0,0.1666666666666666,0.1666666666666666,0.1666666666666666,0.1666666666666666,0.1666666666666666,0.1666666666666666
24,24.0,0.1666666666666666,0.1666666666666666,0.1666666666666666,0.1666666666666666,0.1666666666666666,0.1666666666666666
25,25.0,0.1666666666666666,0.1666666666666666,0.1666666666666666,0.1666666666666666,0.1666666666666666,0.1666666666666666
26,26.0,0.1666666666666666,0.1666666666666666,0.1666666666666666,0.1666666666666666,0.1666666666666666,0.1666666666666666
27,27.0,0.1666666666666666,0.1666666666666666,0.1666666666666666,0.1666666666666666,0.1666666666666666,0.1666666666666666
28,28.0,0.1666666666666666,0.1666666666666666,0.1666666666666666,0.1666666666666666,0.1666666666666666,0.1666666666666666
29,29.0,0.1666666666666666,0.1666666666666666,0.1666666666666666,0.1666666666666666,0.1666666666666666,0.1666666666666666
30,30.0,0.1666666666666666,0.1666666666666666,0.1666666666666666,0.1666666666666666,0.1666666666666666,0.1666666666666666
31,31.0,0.1666666666666666,0.1666666666666666,0.1666666666666666,0.1666666666666666,0.1666666666666666,0.1666666666666666
32,32.0,0.1666666666666666,0.1666666666666666,0.1666666666666666,0.1666666666666666,0.1666666666666666,0.1666666666666666
33,33.0,0.1666666666666666,0.1666666666666666,0.1666666666666666,0.1666666666666666,0.1666666666666666,0.1666666666666666
34,34.0,0.1666666666666666,0.1666666666666666,0.1666666666666666,0.1666666666666666,0.1666666666666666,0.1666666666666666
35,35.0,0.1666666666666666,0.1666666666666666,0.1666666666666666,0.1666666666666666,0.1666666666666666,0.1666666666666666
36,36.0,0.1666666666666666,0.1666666666666666,0.1666666666666666,0.1666666666666666,0.1666666666666666,0.1666666666666666
37,37.0,0.1666666666666666,0.1666666666666666,0.1666666666666666,0.1666666666666666,0.1666666666666666,0.1666666666666666
38,38.0,0.1666666666666666,0.1666666666666666,0.1666666666666666,0.1666666666666666,0.1666666666666666,0.1666666666666666
39,39.0,0.1666666666666666,0.1666666666666666,0.1666666666666666,0.1666666666666666,0.1666666666666666,0.1666666666666666
40,40.0,0.1666666666666666,0.1666666666666666,0.1666666666666666,0.1666666666666666,0.1666666666666666,0.1666666666666666
41,41.0,0.1666666666666666,0.1666666666666666,0.1666666666666666,0.1666666666666666,0.1666666666666666,0.1666666666666666
42,42.0,0.1666666666666666,0.1666666666666666,0.1666666666666666,0.1666666666666666,0.1666666666666666,0.1666666666666666
43,43.0,0.1666666666666666,0.1666666666666666,0.1666666666666666,0.1666666666666666,0.1666666666666666,0.1666666666666666
44,44.0,0.1666666666666666,0.1666666666666666,0.1666666666666666,0.1666666666666666,0.1666666666666666,0.1666666666666666
45,45.0,0.1666666666666666,0.1666666666666666,0.1666666666666666,0.1666666666666666,0.1666666666666666,0.1666666666666666
46,46.0,0.1666666666666666,0.1666666666666666,0.1666666666666666,0.1666666666666666,0.1666666666666666,0.1666666666666666
47,47.0,0.1666666666666666,0.1666666666666666,0.1666666666666666,0.1666666666666666,0.1666666666666666,0.1666666666666666
48,48.0,0.1666666666666666,0.1666666666666666,0.1666666666666666,0.1666666666666666,0.1666666666666666,0.1666666666666666
49,49.0,0.1666666666666666,0.1666666666666666,0.1666666666666666,0.1666666666666666,0.1666666666666666,0.1666666666666666
50,50.0,0.1666666666666666,0.1666666666666666,0.1666666666666666,0.1666666666666666,0.1666666666666666,0.1666666666666666
51,51.0,0.1666666666666666,0.1666666666666666,0.1666666666666666,0.1666666666666666,0.1666666666666666,0.1666666666666666
52,52.0,0.1666666666666666,0.1666666666666666,0.1666666666666666,0.1666666666666666,0.1666666666666666,0.1666666666666666
53,53.0,0.1666666666666666,0.1666666666666666,0.1666666666666666,0.1666666666666666,0.1666666666666666,0.1666666666666666
54,54.0,0.1666666666666666,0.1666666666666666,0.1666666666666666,0.1666666666666666,0.1666666666666666,0.1666666666666666
55,55.0,0.1666666666666666,0.1666666666666666,0.1666666666666666,0.1666666666666666,0.1666666666666666,0.1666666666666666
56,56.0,0.1666666666666666,0.1666666666666666,0.1666666666666666,0.1666666666666666,0.1666666666666666,0.1666666666666666
57,57.0,0.1666666666666666,0.1666666666666666,0.1666666666666666,0.1666666666666666,0.1666666666666666,0.1666666666666666
58,58.0,0.1666666666666666,0.1666666666666666,0.1666666666666666,0.1666666666666666,0.1666666666666666,0.1666666666666666
59,59.0,0.1666666666666666,0.1666666666666666,0.1666666666666666,0.1666666666666666,0.1666666666666666,0.1666666666666666
60,60.0,0.1666666666666666,0.1666666666666666,0.1666666666666666,0.1666666666666666,0.1666666666666666,0.1666666666666666
61,61.0,0.1666666666666666,0.1666666666666666,0.1666666666666666,0.1666666666666666,0.1666666666666666,0.1666666666666666
62,62.0,0.1666666666666666,0.1666666666666666,0.1666666666666666,0.1666666666666666,0.1666666666666666,0.1666666666666666
63,63.0,0.1666666666666666,0.1666666666666666,0.1666666666666666,0.1666666666666666,0.1666666666666666,0.1666666666666666
64,64.0,0.1666666666666666,0.1666666666666666,0.1666666666666666,0.1666666666666666,0.1666666666666666,0.1666666666666666
65,65.0,0.1666666666666666,0.1666666666666666,0.1666666666666666,0.1666666666666666,0.1666666666666666,0.1666666666666666
66,66.0,0.1666666666666666,0.1666666666666666,0.1666666666666666,0.1666666666666666,0.1666666666666666,0.1666666666666666
67,67.0,0.1666666666666666,0.1666666666666666,0.1666666666666666,0.1666666666666666,0.1666666666666666,0.1666666666666666
68,68.0,0.1666666666666666,0.1666666666666666,0.1666666666666666,0.1666666666666666,0.1666666666666666,0.1666666666666666
69,69.0,0.1666666666666666,0.1666666666666666,0.1666666666666666,0.1666666666666666,0.1666666666666666,0.1666666666666666
70,70.0,0.1666666666666666,0.1666666666666666,0.1666666666666666,0.1666666666666666,0.1666666666666666,0.1666666666666666
71,71.0,0.1666666666666666,0.1666666666666666,0.1666666666666666,0.1666666666666666,0.1666666666666666,0.1666666666666666
72,72.0,0.1666666666666666,0.1666666666666666,0.1666666666666666,0.1666666666666666,0.1666666666666666,0.1666666666666666
73,73.0,0.1666666666666666,0.1666666666666666,0.1666666666666666,0.1666666666666666,0.1666666666666666,0.1666666666666666
74,74.0,0.1666666666666666,0.1666666666666666,0.1666666666666666,0.1666666666666666,0.1666666666666666,0.1666666666666666
75,75.0,0.1666666666666666,0.1666666666666666,0.1666666666666666,0.1666666666666666,0.1666666666666666,0.1666666666666666
76,76.0,0.1666666666666666,0.1666666666666666,0.1666666666666666,0.1666666666666666,0.1666666666666666,0.1666666666666666
77,77.0,0.1666666666666666,0.1666666666666666,0.1666666666666666,0.1666666666666666,0.1666666666666666,0.1666666666666666
78,78.0,0.1666666666666666,0.1666666666666666,0.1666666666666666,0.1666666666666666,0.1666666666666666,0.1666666666666666
79,79.0,0.1666666666666666,0.1666666666666666,0.1666666666666666,0.1666666666666666,0.1666666666666666,0.1666666666666666
80,80.0,0.1666666666666666,0.1666666666666666,0.1666666666666666,0.1666666666666666,0.1666666666666666,0.1666666666666666
81,81.0,0.1666666666666666,0.1666666666666666,0.1666666666666666,0.1666666666666666,0.1666666666666666,0.1666666666666666
82,82.0,0.1666666666666666,0.1666666666666666,0.1666666666666666,0.1666666666666666,0.1666666666666666,0.1666666666666666
83,83.0,0.1666666666666666,0.1666666666666666,0.1666666666666666,0.1666666666666666,0.1666666666666666,0.1666666666666666
84,84.0,0.1666666666666666,0.1666666666666666,0.1666666666666666,0.1666666666666666,0.1666666666666666,0.1666666666666666
85,85.0,0.1666666666666666,0.1666666666666666,0.1666666666666666,0.1666666666666666,0.1666666666666666,0.1666666666666666
86,86.0,0.1666666666666666,0.1666666666666666,0.1666666666666666,0.1666666666666666,0.1666666666666666,0.1666666666666666
87,87.0,0.1666666666666666,0.1666666666666666,0.1666666666666666,0.1666666666666666,0.1666666666666666,0.1666666666666666
88,88.0,0.1666666666666666,0.1666666666666666,0.1666666666666666,0.1666666666666666,0.1666666666666666,0.1666666666666666
89,89.0,0.1666666666666666,0.1666666666666666,0.1666666666666666,0.1666666666666666,0.1666666666666666,0.1666666666666666
90,90.0,0.1666666666666666,0.1666666666666666,0.1666666666666666,0.1666666666666666,0.1666666666666666,0.1666666666666666
91,91.0,0.1666666666666666,0.1666666666666666,0.1666666666666666,0.1666666666666666,0.1666666666666666,0.1666666666666666
92,92.0,0.1666666666666666,0.1666666666666666,0.1666666666666666,0.1666666666666666,0.1666666666666666,0.1666666666666666
93,93.0,0.1666666666666666,0.1666666666666666,0.1666666666666666,0.1666666666666666,0.1666666666666666,0.1666666666666666
94,94.0,0.1666666666666666,0.1666666666666666,0.1666666666666666,0.1666666666666666,0.1666666666666666,0.1666666666666666
95,95.0,0.1666666666666666,0.1666666666666666,0.1666666666666666,0.1666666666666666,0.1666666666666666,0.1666666666666666
96,96.0,0.1666666666666666,0.1666666666666666,0.1666666666666666,0.1666666666666666,0.1666666666666666,0.1666666666666666
97,97.0,0.1666666666666666,0.1666666666666666,0.1666666666666666,0.1666666666666666,0.1666666666666666,0.1666666666666666
98,98.0,0.1666666666666666,0.1666666666666666,0.1666666666666666,0.1666666666666666,0.1666666666666666,0.1666666666666666
99,99.0,0.1666666666666666,0.1666666666666666,0.1666666666666666,0.1666666666666666,0.1666666666666666,0.1666666666666666
100,100.0,0.1666666666666666,0.1666666666666666,0.1666666666666666,0.1666666666666666,0.1666666666666666,0.1666666666666666
101,101.0,0.1666666666666666,0.1666666666666666,0.1666666666666666,0.1666666666666666,0.1666666666666666,0.1666666666666666
102,102.0,0.1666666666666666,0.1666666666666666,0.1666666666666666,0.1666666666666666,0.1666666666666666,0.1666666666666666
103,103.0,0.1666666666666666,0.1666666666666666,0.1666666666666666,0.1666666666666666,0.1666666666666666,0.1666666666666666
104,104.0,0.1666666666666666,0.1666666666666666,0.1666666666666666,0.1666666666666666,0.1666666666666666,0.1666666666666666
105,105.0,0.1666666666666666,0.1666666666666666,0.1666666666666666,0.1666666666666666,0.1666666666666666,0.1666666666666666
106,106.0,0.1666666666666666,0.1666666666666666,0.1666666666666666,0.1666666666666666,0.1666666666666666,0.1666666666666666
107,107.0,0.1666666666666666,0.1666666666666666,0.1666666666666666,0.1666666666666666,0.1666666666666666,0.1666666666666666
108,108.0,0.1666666666666666,0.1666666666666666,0.1666666666666666,0.1666666666666666,0.1666666666666666,0.1666666666666666
109,109.0,0.1666666666666666,0.1666666666666666,0.1666666666666666,0.1666666666666666,0.1666666666666666,0.1666666666666666
110,110.0,0.1666666666666666,0.1666666666666666,0.1666666666666666,0.1666666666666666,0.1666666666666666,0.1666666666666666
111,111.0,0.1666666666666666,0.1666666666666666,0.1666666666666666,0.1666666666666666,0.1666666666666666,0.1666666666666666
112,112.0,0.1666666666666666,0.1666666666666666,0.1666666666666666,0.1666666666666666,0.1666666666666666,0.1666666666666666
113,113.0,0.1666666666666666,0.1666666666666666,0.1666666666666666,0.1666666666666666,0.1666666666666666,0.1666666666666666
114,114.0,0.1666666666666666,0.1666666666666666,0.1666666666666666,0.1666666666666666,0.1666666666666666,0.1666666666666666
115,115.0,0.1666666666666666,0.1666666666666666,0.1666666666666666,0.1666666666666666,0.1666666666666666,0.1666666666666666
116,116.0,0.1666666666666666,0.1666666666666666,0.1666666666666666,0.1666666666666666,0.1666666666666666,0.1666666666666666
117,117.0,0.1666666666666666,0.1666666666666666,0.1666666666666666,0.1666666666666666,0.1666666666666666,0.1666666666666666
118,118.0,0.1666666666666666,0.1666666666666666,0.1666666666666666,0.1666666666666666,0.1666666666666666,0.1666666666666666
119,119.0,0.1666666666666666,0.1666666666666666,0.1666666666666666,0.1666666666666666,0.1666666666666666,0.1666666666666666
120,120.0,0.1666666666666666,0.1666666666666666,0.1666666666666666,0.1666666666666666,0.1666666666666666,0.1666666666666666
121,121.0,0.1666666666666666,0.1666666666666666,0.1666666666666666,0.1666666666666666,0.1666666666666666,0.1666666666666666
122,122.0,0.1666666666666666,0.1666666666666666,0.1666666666666666,0.1666666666666666,0.1666666666666666,0.1666666666666666
123,123.0,0.1666666666666666,0.1666666666666666,0.1666666666666666,0.1666666666666666,0.1666666666666666,0.1666666666666666
124,124.0,0.1666666666666666,0.1666666666666666,0.1666666666666666,0.1666666666666666,0.1666666666666666,0.1666666666666666
125,125.0,0.1666666666666666,0.1666666666666666,0.1666666666666666,0.1666666666666666,0.1666666666666666,0.1666666666666666
126,126.0,0.1666666666666666,0.1666666666666666,0.1666666666666666,0.1666666666666666,0.1666666666666666,0.1666666666666666
127,127.0,0.1666666666666666,0.1666666666666666,0.1666666666666666,0.1666666666666666,0.1666666666666666,0.1666666666666666
128,128.0,0.1666666666666666,0.1666666666666666,0.1666666666666666,0.1666666666666666,0.1666666666666666,0.1666666666666666
129,129.0,0.1666666666666666,0.1666666666666666,0.1666666666666666,0.1666666666666666,0.1666666666666666,0.1666666666666666
130,130.0,0.1666666666666666,0.1666666666666666,0.1666666666666666,0.1666666666666666,0.1666666666666666,0.1666666666666666
131,131.0,0.1666666666666666,0.1666666666666666,0.1666666666666666,0.1666666666666666,0.1666666666666666,0.1666666666666666
132,132.0,0.1666666666666666,0.1666666666666666,0.1666666666666666,0.1666666666666666,0.1666666666666666,0.1666666666666666
133,133.0,0.1666666666666666,0.1666666666666666,0.1666666666666666,0.1666666666666666,0.1666666666666666,0.1666666666666666
134,134.0,0.1666666666666666,0.1666666666666666,0.1666666666666666,0.1666666666666666,0.1666666666666666,0.1666666666666666
135,135.0,0.1666666666666666,0.1666666666666666,0.1666666666666666,0.1666666666666666,0.1666666666666666,0.1666666666666666
136,136.0,0.1666666666666666,0.1666666666666666,0.1666666666666666,0.1666666666666666,0.1666666666666666,0.1666666666666666
137,137.0,0.1666666666666666,0.1666666666666666,0.1666666666666666,0.1666666666666666,0.1666666666666666,0.1666666666666666
138,138.0,0.1666666666666666,0.1666666666666666,0.1666666666666666,0.1666666666666666,0.1666666666666666,0.1666666666666666
139,139.0,0.1666666666666666,0.1666666666666666,0.1666666666666666,0.1666666666666666,0.1666666666666666,0.1666666666666666
140,140.0,0.1666666666666666,0.1666666666666666,0.1666666666666666,0.1666666666666666,0.1666666666666666,0.1666666666666666
141,141.0,0.1666666666666666,0.1666666666666666,0.1666666666666666,0.1666666666666666,0.1666666666666666,0.1666666666666666
142,142.0,0.1666666666666666,0.1666666666666666,0.1666666666666666,0.1666666666666666,0.1666666666666666,0.1666666666666666
143,143.0,0.1666666666666666,0.1666666666666666,0.1666666666666666,0.1666666666666666,0.1666666666666666,0.1666666666666666
144,144.0,0.1666666666666666,0.1666666666666666,0.1666666666666666,0.1666666666666666,0.1666666666666666,0.1666666666666666
145,145.0,0.1666666666666666,0.1666666666666666,0.1666666666666666,0.1666666666666666,0.1666666666666666,0.1666666666666666
146,146.0,0.1666666666666666,0.1666666666666666,0.1666666666666666,0.1666666666666666,0.1666666666666666,0.1666666666666666
147,147.0,0.1666666666666666,0.1666666666666666,0.1666666666666666,0.1666666666666666,0.1666666666666666,0.1666666666666666
148,148.0,0.1666666666666666,0.1666666666666666,0.1666666666666666,0.1666666666666666,0.1666666666666666,0.1666666666666666
149,149.0,0.1666666666666666,0.1666666666666666,0.1666666666666666,0.1666666666666666,0.1666666666666666,0.1666666666666666
150,150.0,0.1666666666666666,0.1666666666666666,0.1666666666666666,0.1666666666666666,0.1666666666666666,0.1666666666666666
151,151.0,0.1666666666666666,0.1666666666666666,0.1666666666666666,0.1666666666666666,0.1666666666666666,0.1666666666666666
152,152.0,0.1666666666666666,0.1666666666666666,0.1666666666666666,0.1666666666666666,0.1666666666666666,0.1666666666666666
153,153.0,0.1666666666666666,0.1666666666666666,0.1666666666666666,0.1666666666666666,0.1666666666666666,0.1666666666666666
154,154.0,0.1666666666666666,0.1666666666666666,0.1666666666666666,0.1666666666666666,0.1666666666666666,0.1666666666666666
155,155.0,0.1666666666666666,0.1666666666666666,0.1666666666666666,0.1666666666666666,0.1666666666666666,0.1666666666666666
156,156.0,0.1666666666666666,0.1666666666666666,0.1666666666666666,0.1666666666666666,0.1666666666666666,0.1666666666666666
157,157.0,0.1666666666666666,0.1666666666666666,0.1666666666666666,0.1666666666666666,0.1666666666666666,0.1666666666666666
158,158.0,0.1666666666666666,0.1666666666666666,0.1666666666666666,0.1666666666666666,0.1666666666666666,0.1666666666666666
159,159.0,0.1666666666666666,0.1666666666666666,0.1666666666666666,0.1666666666666666,0.1666666666666666,0.1666666666666666
160,160.0,0.1666666666666666,0.1666666666666666,0.1666666666666666,0.1666666666666666,0.1666666666666666,0.1666666666666666
161,161.0,0.1666666666666666,0.1666666666666666,0.1666666666666666,0.1666666666666666,0.1666666666666666,0.1666666666666666
162,162.0,0.1666666666666666,0.1666666666666666,0.1666666666666666,0.1666666666666666,0.1666666666666666,0.1666666666666666
163,163.0,0.1666666666666666,0.1666666666666666,0.1666666666666666,0.1666666666666666,0.1666666666666666,0.1666666666666666
164,164.0,0.1666666666666666,0.1666666666666666,0.1666666666666666,0.1666666666666666,0.1666666666666666,0.1666666666666666
165,165.0,0.1666666666666666,0.1666666666666666,0.1666666666666666,0.1666666666666666,0.1666666666666666,0.1666666666666666
166,166.0,0.1666666666666666,0.1666666666666666,0.1666666666666666,0.1666666666666666,0.1666666666666666,0.1666666666666666
167,167.0,0.1666666666666666,0.1666666666666666,0.1666666666666666,0.1666666666666666,0.1666666666666666,0.1666666666666666
168,168.0,0.1666666666666666,0.1666666666666666,0.1666666666666666,0.1666666666666666,0.1666666666666666,0.1666666666666666
169,169.0,0.1666666666666666,0.1666666666666666,0.1666666666666666,0.1666666666666666,0.1666666666666666,0.1666666666666666
170,170.0,0.1666666666666666,0.1666666666666666,0.1666666666666666,0.1666666666666666,0.1666666666666666,0.1666666666666666
171,171.0,0.1666666666666666,0.1666666666666666,0.1666666666666666,0.1666666666666666,0.1666666666666666,0.1666666666666666
172,172.0,0.1666666666666666,0.1666666666666666,0.1666666666666666,0.1666666666666666,0.1666666666666666,0.1666666666666666
173,173.0,0.1666666666666666,0.1666666666666666,0.1666666666666666,0.1666666666666666,0.1666666666666666,0.1666666666666666
174,174.0,0.1666666666666666,0.1666666666666666,0.1666666666666666,0.1666666666666666,0.1666666666666666,0.1666666666666666
175,175.0,0.1666666666666666,0.1666666666666666,0.1666666666666666,0.1666666666666666,0.1666666666666666,0.1666666666666666
176,176.0,0.1666666666666666,0.1666666666666666,0.1666666666666666,0.1666666666666666,0.1666666666666666,0.1666666666666666
177,177.0,0.1666666666666666,0.1666666666666666,0.1666666666666666,0.1666666666666666,0.1666666666666666,0.1666666666666666
178,178.0,0.1666666666666666,0.1666666666666666,0.1666666666666666,0.1666666666666666,0.1666666666666666,0.1666666666666666
179,179.0,0.1666666666666666,0.1666666666666666,0.1666666666666666,0.1666666666666666,0.1666666666666666,0.1666666666666666
180,180.0,0.1666666666666666,0.1666666666666666,0.1666666666666666,0.1666666666666666,0.1666666666666666,0.1666666666666666
181,181.0,0.1666666666666666,0.1666666666666666,0.1666666666666666,0.1666666666666666,0.1666666666666666,0.1666666666666666
182,182.0,0.1666666666666666,0.1666666666666666,0.1666666666666666,0.1666666666666666,0.1666666666666666,0.1666666666666666
183,183.0,0.1666666666666666,0.1666666666666666,0.1666666666666666,0.1666666666666666,0.1666666666666666,0.1666666666666666
184,184.0,0.1666666666666666,0.1666666666666666,0.1666666666666666,0.1666666666666666,0.1666666666666666,0.1666666666666666
185,185.0,0.1666666666666666,0.1666666666666666,0.1666666666666666,0.1666666666666666,0.1666666666666666,0.1666666666666666
186,186.0,0.1666666666666666,0.1666666666666666,0.1666666666666666,0.1666666666666666,0.1666666666666666,0.1666666666666666
187,187.0,0.1666666666666666,0.1666666666666666,0.1666666666666666,0.1666666666666666,0.1666666666666666,0.1666666666666666
188,188.0,0.1666666666666666,0.1666666666666666,0.1666666666666666,0.1666666666666666,0.1666666666666666,0.1666666666666666
189,189.0,0.1666666666666666,0.1666666666666666,0.1666666666666666,0.1666666666666666,0.1666666666666666,0.1666666666666666
190,190.0,0.1666666666666666,0.1666666666666666,0.1666666666666666,0.1666666666666666,0.1666666666666666,0.1666666666666666
191,191.0,0.1666666666666666,0.1666666666666666,0.1666666666666666,0.1666666666666666,0.1666666666666666,0.1666666666666666
192,192.0,0.1666666666666666,0.1666666666666666,0.1666666666666666,0.1666666666666666,0.1666666666666666,0.1666666666666666
193,193.0,0.1666666666666666,0.1666666666666666,0.1666666666666666,0.1666666666666666,0.1666666666666666,0.1666666666666666
194,194.0,0.1666666666666666,0.1666666666666666,0.1666666666666666,0.1666666666666666,0.1666666666666666,0.1666666666666666
195,195.0,0.1666666666666666,0.1666666666666666,0.1666666666666666,0.1666666666666666,0.1666666666666666,0.1666666666666666
196,196.0,0.1666666666666666,0.1666666666666666,0.1666666666666666,0.1666666666666666,0.1666666666666666,0.1666666666666666
197,197.0,0.1666666666666666,0.1666666666666666,0.1666666666666666,0.1666666666666666,0.1666666666666666,0.1666666666666666
198,198.0,0.1666666666666666,0.1666666666666666,0.1666666666666666,0.1666666666666666,0.1666666666666666,0.1666666666666666
199,199.0,0.1666666666666666,0.1666666666666666,0.1666666666666666,0.1666666666666666,0.1666666666666666,0.1666666666666666
200,200.0,0.1666666666666666,0.1666666666666666,0.1666666666666666,0.1666666666666666,0.1666666666666666,0.1666666666666666
201,201.0,0.1666666666666666,0.1666666666666666,0.1666666666666666,0.1666666666666666,0.1666666666666666,0.1666666666666666
202,202.0,0.1666666666666666,0.1666666666666666,0.1666666666666666,0.1666666666666666,0.1666666666666666,0.1666666666666666
203,203.0,0.1664285714285714,0.1664285714285714,0.1678571428571428,0.1664285714285714,0.1664285714285714,0.1664285714285714
204,204.0,0.1672642857142857,0.1660142857142857,0.1686785714285714,0.1660142857142857,0.1660142857142857,0.1660142857142857
205,205.0,0.167816007936508,0.1654673968253968,0.1692032936507937,0.166578507936508,0.1654673968253968,0.1654673968253968
206,206.0,0.1683566200793651,0.164931633968254,0.1697057329365079,0.1671427450793651,0.164931633968254,0.164931633968254
207,207.0,0.1688818270293651,0.164411242168254,0.1701830931865079,0.1677013532793651,0.164411242168254,0.164411242168254
208,208.0,0.1699275997759762,0.1635606818884762,0.1716013626701191,0.1677889918884762,0.1635606818884762,0.1635606818884762
209,209.0,0.1707076144882617,0.1624976660558867,0.1741713153881917,0.1676280719558867,0.1624976660558867,0.1624976660558867
210,210.0,0.1714549325368169,0.1614683560983782,0.1766806549186704,0.1674593442493782,0.1614683560983782,0.1614683560983782
211,211.0,0.173236778978958,0.1617296745280177,0.1773246348992954,0.1671067053948363,0.1603011030994463,0.1603011030994463
212,212.0,0.1747890253680478,0.1616678024646512,0.1777119229138174,0.1678242157527526,0.1590035167503655,0.1590035167503655
213,213.0,0.1762798235312148,0.1616371062496415,0.1780250295644157,0.1685333995840164,0.1577623205353558,0.1577623205353558
214,214.0,0.1769226325316418,0.1617458863714141,0.1784904641431989,0.1694502199252026,0.1566953985142713,0.1566953985142713
215,215.0,0.1774958231955987,0.1618791073950732,0.1788883395115606,0.170344744921907,0.1556959924879303,0.1556959924879303
216,216.0,0.1780006254500927,0.1620329930201933,0.1792214328368595,0.1712102588586108,0.1547673449171219,0.1547673449171219
217,217.0,0.1784388301135253,0.1622039379303773,0.1794928913901488,0.172041007701947,0.1539116664320009,0.1539116664320009
218,218.0,0.1788127148983682,0.1623885267480168,0.1797061640630965,0.172832160472819,0.1531302169088498,0.1531302169088498
219,219.0,0.1791974367127481,0.1624386216579582,0.1800460961372973,0.1737609246710544,0.152387156062645,0.1521697647582972
220,220.0,0.1795228472442629,0.1624976058844804,0.1792224677625118,0.1746412080336735,0.1517186843298063,0.1523971867452652
221,221.0,0.1797916235158841,0.1625640006536602,0.1782511756152125,0.1755777514627858,0.1511240275163254,0.1526914212361321
222,222.0,0.1800067411908848,0.1626364009635401,0.1772545250810804,0.1764577374304943,0.1506017506984013,0.1530428446355993
223,223.0,0.179060303841066,0.1627134822569511,0.1762450185041401,0.1783891329343734,0.1500411429924837,0.1535509194709861
224,224.0,0.1779481199040409,0.1636665317251462,0.175104225116075,0.1786431118642711,0.1506719957539277,0.1539660156365394
225,225.0,0.1766758272835418,0.1643353707859011,0.1738346229375194,0.1786899212807443,0.1521919142494299,0.1542723434628637
226,226.0,0.1753971597741209,0.1639917320893524,0.172586788869308,0.1795672831592501,0.15385431960235,0.1546027165056187
227,227.0,0.1742136220705357,0.1636242851562375,0.1713527219931361,0.1803606964773993,0.1555144063349132,0.1549342679677784
228,228.0,0.1730482640915445,0.1632534984573067,0.1701598584617185,0.1810881236739004,0.1571712481322894,0.1552790071832406
229,229.0,0.171910921444478,0.1628834138361309,0.169016006575894,0.1817488890889534,0.1588086010700235,0.1556321679845204
230,230.0,0.1708101660226142,0.1625176619311463,0.1679277036899616,0.1823430512465524,0.1604120405047024,0.1559893766050232
231,231.0,0.1697533466576515,0.1621594669897837,0.1669002779327914,0.1828713288508668,0.1619689233922848,0.1563466561766217
232,232.0,0.1687466379375495,0.1618116552650946,0.1659379158490789,0.1833350275811821,0.1634683365586046,0.1567004268084904
233,233.0,0.1677950958850231,0.1614766665526584,0.1650437346923154,0.1847359683375949,0.1649010328441247,0.1560475016882835
234,234.0,0.16690271925384,0.1611565684383742,0.1642198581813736,0.1860664175099314,0.1662593569740701,0.1553950796424107
235,235.0,0.1658344200300825,0.1606149776054745,0.1632293993786856,0.1870820245267806,0.1687276391131749,0.154511539345802
236,236.0,0.1643841386511235,0.1598543832463078,0.1621907494858345,0.189149453049071,0.1707942361780612,0.1536270393896022
237,237.0,0.1628694457329509,0.1589808283001184,0.1610904368187898,0.1908471240421215,0.1735860663395134,0.152626098766506
238,238.0,0.1614369293586677,0.1581393443750707,0.1600706307816415,0.1924450365489256,0.1762526879862604,0.1516553709494341
239,239.0,0.1600926970376279,0.1573351392083008,0.1591334787717712,0.195048298404151,0.1776688446421943,0.1507215419359548
240,240.0,0.1588413626877175,0.1565725269756487,0.1582800869065501,0.1975303420544033,0.1789454212398368,0.1498302601358436
241,241.0,0.1576861498553227,0.1558549745060292,0.1575106130901652,0.1998784688836773,0.1800836100190407,0.1489861836457648
242,242.0,0.1566289985170158,0.1551851513478351,0.156824360255897,0.2020825893057781,0.1810858678738579,0.148193032699616
243,243.0,0.1557231215892187,0.1545000477365708,0.15616617253018,0.2041987490708883,0.1818983227607363,0.1475135863124057
244,244.0,0.1548973722199118,0.1538511625552028,0.1556813593071863,0.2061355591424706,0.1825656533462554,0.1468688934289731
245,245.0,0.1541680829916784,0.1532551523937603,0.1552735446498746,0.2079111216292029,0.1831117865994354,0.1462803117360484
246,246.0,0.1535329007826937,0.1527126898518654,0.1549391068482497,0.2095238056647026,0.1835433809209785,0.1457481159315101
247,247.0,0.1529887667131226,0.1522238447929821,0.1546740525947593,0.2109737722537382,0.1838675742608329,0.1452719893845651
248,248.0,0.1525320173097194,0.1517881439193981,0.1544740940771247,0.2122627934750657,0.1840918647837689,0.1448510864349232
249,249.0,0.1521584815999015,0.1514046298213194,0.1543347213069368,0.2133940736532427,0.184223999866249,0.1444840937523508
250,250.0,0.1528959038482175,0.1509879721715265,0.1544075396166697,0.2144159847197575,0.183081981756081,0.1442106178877479
251,251.0,0.1536967167872428,0.1506212040132735,0.1545299585536688,0.2152897249090516,0.1818755487045031,0.1439868470322604
252,252.0,0.1545465732185161,0.150303004078989,0.1546957938658374,0.2160213739069542,0.180623206536172,0.1438100483935315
253,253.0,0.1554320702284998,0.1500316975456189,0.1548990455625369,0.2166178243426253,0.1793420695844464,0.1436772927362729
254,254.0,0.1552296776781121,0.1498053081384055,0.1551339394883472,0.2181977426790425,0.1780478286971831,0.1435855033189099
255,255.0,0.1550502084488939,0.1496216080388052,0.1553949624810991,0.219646982942767,0.1767547366768083,0.1435315014116267
256,256.0,0.1547820537899094,0.1503670542059416,0.1555657802930599,0.2205196760939864,0.1753644984457259,0.143400937171377
257,257.0,0.154536763790725,0.1511412775514698,0.155753705264189,0.2212647499124391,0.1740007310073175,0.1433027724738599
258,258.0,0.1543145048853526,0.1519336581240951,0.1559551474288583,0.2218875155932171,0.1726744249566997,0.1432347490117775
259,259.0,0.1538771013153693,0.152924932585858,0.1559286454079719,0.2231558810551849,0.1711570019775044,0.1429564376581117
260,260.0,0.1533738182063129,0.1538229611408892,0.1558206352636708,0.224761433834435,0.169606124615758,0.1426150269389342
261,261.0,0.1528980945249993,0.1547099062761299,0.1557221660915577,0.2262453087623558,0.1681224652651513,0.1423020590798061
262,262.0,0.1530309358944718,0.1551451064493062,0.1553789394818059,0.2269717179916841,0.1664598097137472,0.1430134904689848
263,263.0,0.1531890534998531,0.1555589945445033,0.155047759548173,0.2275789491947911,0.1648815802410358,0.143743662971644
264,264.0,0.1533683385414984,0.155949562888567,0.1547307334223832,0.2280728478622679,0.1633951165338747,0.1444834007514089
265,265.0,0.1535648814253651,0.1563152377731702,0.1544296159849103,0.2284598082610026,0.1620061066527807,0.1452243499027713
266,266.0,0.1536140713981622,0.1564571506459874,0.1540584712194582,0.2289259649587098,0.1608244424403948,0.1461198993372878
267,267.0,0.1536749794374758,0.1565741896139519,0.1537066339961345,0.2292973574481703,0.1597460335581768,0.1470008059460908
268,268.0,0.1540632849737215,0.1558740208842186,0.15369315225042,0.2298972085427744,0.1582951480857417,0.1481771852631241
269,269.0,0.1544391070564799,0.1551456175404209,0.1536740495627877,0.2303828894099089,0.156931061333828,0.1494272750965747
270,270.0,0.1546371538553853,0.1542331472277792,0.1534936128888923,0.2306076519929728,0.1565705388091809,0.1504578952257897
271,271.0,0.154833936716548,0.1533248556320186,0.1533304942798133,0.2307560547802567,0.1563132578857489,0.1514414007056147
272,272.0,0.1550276142051307,0.1524294077974087,0.1531845931151598,0.2308342497234658,0.1561514672126447,0.1523726679461906
273,273.0,0.1550776711946166,0.1514155849372915,0.1540278688843581,0.2307095867686865,0.1556605690048998,0.1531087192101475
274,274.0,0.1550474199315767,0.1503477011738415,0.1545704004077077,0.2313392510932868,0.1548275887827881,0.1538676386107993
275,275.0,0.1550131880639935,0.1493162368831063,0.1551136504503208,0.2319119258438635,0.1540782793437082,0.1545667194150077
276,276.0,0.1548848068800881,0.1482369556698125,0.155470296478027,0.233154855957586,0.1531390394310206,0.1551140455834658
277,277.0,0.1547547933051499,0.1472072502201672,0.1558190687956761,0.2343340411424571,0.1522837090366676,0.1556011374998822
278,278.0,0.1546246107140316,0.1462324600123019,0.1561572670510974,0.2354440640395131,0.151512450512759,0.156029147670297
279,279.0,0.1546741492628338,0.1456739842812602,0.1566611380965309,0.2366593120771364,0.1510031406860611,0.1553282755961777
280,280.0,0.1547242271663621,0.1451743477652416,0.1571483616568068,0.2377963959751799,0.1505739634994054,0.1545827039370044
281,281.0,0.1547742897101087,0.1447326629079039,0.1576157302448379,0.2388517613086209,0.1502211974606543,0.1538043583678744
282,282.0,0.1546452663760428,0.1439904085348095,0.1578819842433972,0.2396444548520141,0.1510121576868334,0.1528257283069032
283,283.0,0.1543768990438729,0.1432916642196043,0.1594430642618944,0.2398275393043047,0.1514400423364074,0.1516207908339165
284,284.0,0.1553412559573986,0.1426337785030592,0.1610838192628756,0.239908692656889,0.1506464570888137,0.150385996530964
285,285.0,0.1564297275897354,0.1432798106788023,0.1630778849680164,0.2376137658336977,0.1501748288603515,0.1494239820693969
286,286.0,0.1574818503035394,0.1439558865030506,0.164978524190426,0.2352551437530016,0.1498745449874844,0.1484540502624982
287,287.0,0.1582670952999164,0.145317629302129,0.1667998180143312,0.2327499667605822,0.1494921819575026,0.1473733086655388
288,288.0,0.158842849759745,0.1465196944808964,0.1683553138730459,0.2311513472055985,0.1489783231755173,0.146152471505197
289,289.0,0.1592461305889071,0.1475878545464217,0.1696778620013273,0.2291643774446188,0.1494841933124853,0.1448395821062399
290,290.0,0.1593222230492485,0.1490841618437172,0.1717005114889158,0.2267985197716101,0.14971462946201,0.1433799543844984
291,291.0,0.1592152062651691,0.1510144749402694,0.1735390863110653,0.2244213821605659,0.1499009312674014,0.1419089190555289
292,292.0,0.1587732330138878,0.152337126166771,0.1749106685230217,0.2228063860073196,0.1512989130044469,0.139873673284553
293,293.0,0.1594456113154823,0.1548859897158034,0.1752786087611752,0.2194864278959269,0.1529557707744068,0.1379475915372054
294,294.0,0.1597118465000881,0.157959854282719,0.1753973337265059,0.2171154175130375,0.1539737905868068,0.1358417573908428
295,295.0,0.1595167706974661,0.1606463954952,0.1760394431113532,0.2144286144105107,0.1545385562091872,0.1348302200762827
296,296.0,0.158951865048962,0.1635963412200036,0.1770691876638427,0.2090887024216285,0.155455366911145,0.1358385367344183
297,297.0,0.1582831382190256,0.1662363190811168,0.1789108830450621,0.2035650409055645,0.1561623176101702,0.1368423011390609
298,298.0,0.1573796797961197,0.1685047644701361,0.1799573414607503,0.1979378070867632,0.1565162540924953,0.1397041530937356
299,299.0,0.1572939470187198,0.16943609567533,0.1811708038414854,0.1922996406346964,0.156574948515977,0.1432245643137915
300,300.0,0.1569312106862353,0.1699560483543669,0.1833351446796649,0.1871001965193915,0.1577013263762531,0.1449760733840885
301,301.0,0.1563701345148355,0.1717576370901481,0.1848584745460043,0.1819667694424978,0.1586038457275317,0.1464431386789828
302,302.0,0.1557860133999762,0.1739594176543769,0.1859531644025275,0.1770667193435704,0.159443469624802,0.1477912155747473
303,303.0,0.1549371012722601,0.1761556634148764,0.1882985838991033,0.1727620976371906,0.1590215878779887,0.1488249658985812
304,304.0,0.1538664790748626,0.1786945874390368,0.1893688332493882,0.1693598384370982,0.1591486148240132,0.1495616469756013
305,305.0,0.1528283527080547,0.181693630562348,0.1903097479535293,0.1663086231895605,0.1592397179954602,0.1496199275910475
306,306.0,0.1515445023879895,0.184556777807045,0.1909181734358536,0.1649098198607426,0.1589582116375119,0.1491125148708577
307,307.0,0.1503091553312038,0.1872307486614974,0.1914072853676409,0.1638368111040101,0.1586496021571922,0.1485663973784559
308,308.0,0.1492790684132806,0.1897077210561853,0.1916348702532838,0.1630677475497216,0.1583196859615415,0.1479909067659874
309,309.0,0.1485218886831666,0.1922285331778566,0.1914166858800174,0.162287924184366,0.1574184244280103,0.1481265436465833
310,310.0,0.1477792976750867,0.1950660851981593,0.1909172175110478,0.161578540048156,0.1564642672685381,0.1481945922990122
311,311.0,0.1471001195697754,0.1976888990355985,0.1903410168010635,0.1611110736309679,0.155514902760171,0.1482439882024238
312,312.0,0.146484804858009,0.2000922203700864,0.1897015189912659,0.1608660078250712,0.1545793452828819,0.1482761026726858
313,313.0,0.1459807393951697,0.2017501557147635,0.1884876392459248,0.1610140294178721,0.1537131887559551,0.1490542474703151
314,314.0,0.1454913627205169,0.2030492357437356,0.187764192651286,0.1611524446916679,0.1528276784591474,0.1497150857336464
315,315.0,0.145021290198169,0.2040159266168549,0.1868512751201304,0.1612855920303831,0.1519347953486055,0.1508911206858571
316,316.0,0.1446107921381191,0.2047863003409756,0.1859269629214212,0.1615626667541387,0.1510817055368082,0.1520315723085372
317,317.0,0.1446548414715632,0.2033087928302642,0.1846841783264407,0.1631569815676692,0.1506697859888244,0.1535254198152383
318,318.0,0.1439726223308968,0.2014578879182316,0.1840084662620356,0.1655161074090999,0.1501907849054987,0.1548541311742374
319,319.0,0.1433852504216044,0.1996144343941303,0.1841832099291257,0.1667733052505599,0.1497978671178651,0.1562459328867147
320,320.0,0.1428099480729747,0.1975586216544083,0.1847882829845572,0.1679928625802983,0.1494071868075641,0.1574430979001975
321,321.0,0.1421686633132121,0.1951677829637109,0.185637346856981,0.1691261517977584,0.1489814956574165,0.1589185594109211
322,322.0,0.1414244541077018,0.19281931082124,0.1865405968468672,0.1702304810189291,0.1485544061577117,0.1604307510475504
