,Unnamed: 0,Generation,Intertwine_two,Add_vertex,Delete_vertex,Invert_path_vertices,Insert_inside_vertex,Delete_inside_vertex,Replace_inside_vertex,Donate_between_routes,Trim_one_terminal_cb,Grow_one_terminal_cb
0,0.0,0.0,0.09999999999999999,0.09999999999999999,0.09999999999999999,0.09999999999999999,0.09999999999999999,0.09999999999999999,0.09999999999999999,0.09999999999999999,0.09999999999999999,0.09999999999999999
1,1.0,1.0,0.11761446884768652,0.10089892119400838,0.10110207255694541,0.09842238392897644,0.09967596251234191,0.09581633025275661,0.08265205657335098,0.07312972341789317,0.11110708657520514,0.11958099414083537
2,2.0,2.0,0.12879226562257642,0.09352336407181132,0.09696786911467022,0.09592572260448115,0.08817819172719941,0.09615771510942453,0.07314729716130916,0.07528921720362512,0.1340367936712214,0.11798156371368122
3,3.0,3.0,0.11986576252600249,0.1122580686876919,0.09549048975557388,0.09852346952504362,0.1020176097491989,0.0854940419753005,0.0669268874476052,0.0735492787298644,0.12412009240767645,0.12175429919604261
4,4.0,4.0,0.10977053331643905,0.10092364644726723,0.10433709711145504,0.09962467275259221,0.10510411630908356,0.09144321896843635,0.08669015495195057,0.06781425876069005,0.1209215629315827,0.11337073845050323
5,5.0,5.0,0.12375783979330468,0.09325582811230179,0.09260519903128997,0.09461121116188344,0.09338569565854994,0.09425423347239825,0.07073867425164687,0.07338630880528632,0.13710957202602134,0.12689543768731731
6,6.0,6.0,0.12726223458824368,0.09886757806257593,0.1054091797187057,0.09211370046400051,0.09306146116300298,0.08646846837891298,0.06885506200950342,0.07363024671149834,0.1387595869498494,0.115572481953707
7,7.0,7.0,0.1205205986512284,0.10065981817914005,0.11066512309255638,0.08321138509716311,0.08173913171827299,0.08497367335479344,0.056018957659883205,0.0761372218204727,0.15533316180782086,0.13074092861866882
8,8.0,8.0,0.11600166731616404,0.10047921834693144,0.10209804792760517,0.08595462646438795,0.08487351217270199,0.09160804336295499,0.07656255547417404,0.06258118265818051,0.14494455243104237,0.13489659384585756
9,9.0,9.0,0.1353024051007103,0.09385505150883977,0.10541680165025888,0.07475710207546127,0.09350246824269033,0.07917584008826077,0.08400206817982589,0.07190390623182194,0.1413398079788167,0.1207445489433141
10,10.0,10.0,0.1259285877455091,0.1130396347165609,0.10529367805197945,0.08325586313020125,0.09065752246531886,0.08600162233832036,0.055265711218697854,0.07667352246271762,0.142964642086212,0.12091921578448253
11,11.0,11.0,0.14349188847886163,0.08893619607213228,0.10899191760780746,0.07321549174747108,0.07388967697623292,0.08504297848720183,0.06623411032422864,0.0784951764005355,0.15329664754159994,0.12840591636392867
12,12.0,12.0,0.12317410808132187,0.10197904854485607,0.1315954923281987,0.08846520389494719,0.09060111692904119,0.07610802367016697,0.054081128170871254,0.0665791425443544,0.13504360315030906,0.13237313268593326
13,13.0,13.0,0.13254645004193427,0.09903808945266915,0.11227758076187491,0.08090556757436655,0.08517361420020296,0.07949464220902516,0.053539996108252816,0.07904326723692404,0.14996077809597103,0.12802001431877907
14,14.0,14.0,0.12149907189982376,0.10098607882474045,0.10050980022638303,0.07963431091134703,0.10524511444656418,0.09841958052999644,0.0682154368110888,0.057430773321248116,0.14604381297816837,0.12201602005063979
15,15.0,15.0,0.11097236782433825,0.11419683897880506,0.10158465472149439,0.076642337471202,0.08184968693151143,0.08988522330148893,0.06373009025251375,0.06537390643956206,0.1565440030252157,0.13922089105386834
16,16.0,16.0,0.1491863018541934,0.09737110007872661,0.09204582980498668,0.06696239889909972,0.09958289751456548,0.0962521391793961,0.05289112229745648,0.06846469203402053,0.15327195593018114,0.12397156240737377
17,17.0,17.0,0.13697144216817725,0.09922923539073022,0.10969484635455799,0.06693173210302159,0.095378240015942,0.07609125910474072,0.05192086087954974,0.07049726597234551,0.16325091031221195,0.13003420769872295
18,18.0,18.0,0.13443568356531593,0.10073003944945243,0.1127912770384647,0.08394949615981288,0.08863215742305315,0.0866832530633927,0.05394399273179179,0.06618426267503368,0.15111764616621942,0.12153219172746332
19,19.0,19.0,0.1351828831418466,0.10550640645067957,0.10455419121848453,0.06815800941906333,0.09589531072315702,0.09637407952403777,0.05708513081054549,0.060318324928188304,0.155442938044142,0.12148272573985533
20,20.0,20.0,0.15032016990260816,0.09118956503347211,0.11962731841560433,0.05150701160876327,0.09118811591107724,0.07697985546773214,0.05467704283373616,0.06163077525060075,0.18669455590198422,0.11618558967442157
21,21.0,21.0,0.12109762943353568,0.10058258033641536,0.11930005680979375,0.08239682543921051,0.09056616879281842,0.07510453043475913,0.04607690217209309,0.07067906090520445,0.1673549056593882,0.12684134001678132
22,22.0,22.0,0.13582676029742638,0.10911226000526923,0.10511862114929267,0.06656133122445299,0.09610601716291642,0.06995973327568464,0.056763760420406525,0.06502797957380076,0.1669135128585713,0.12861002403217897
23,23.0,23.0,0.12459758671884553,0.10579133832307168,0.12648507166842085,0.07625881727203734,0.08009800952014386,0.06289379423107926,0.07566866246170281,0.05508665346731032,0.18140623621811697,0.11171383011927132
24,24.0,24.0,0.1647497702230871,0.10905070157844006,0.1208331501823122,0.07712148010899333,0.07454563167682982,0.05268931112757104,0.04164851863665804,0.0501863331342154,0.1793058107724586,0.12986929255943438
25,25.0,25.0,0.11830639999392403,0.10392599807948381,0.1289584885637444,0.07286145314069284,0.07948596399705335,0.07319301010058703,0.06514112243420761,0.0686152748678683,0.1712331153636079,0.1182791734588307
26,26.0,26.0,0.14337814078675884,0.12418710830466481,0.1323286718573566,0.06676315350482585,0.08841626719582421,0.07069453846640021,0.04706897287354006,0.06656450120774311,0.15909352866698406,0.10150511713590216
27,27.0,27.0,0.13338057179971644,0.10306052714872897,0.12623497832092578,0.05972356389330809,0.0608428524470472,0.09335804515479176,0.04772138401043925,0.05043879282312412,0.18934960482710364,0.13588967957481474
28,28.0,28.0,0.1373223734756494,0.09720667616565234,0.1066738468965179,0.052185376613042324,0.09452914656917713,0.08061367955270368,0.07032825984057363,0.06899297287767056,0.1736241851016551,0.11852348290735785
29,29.0,29.0,0.15404266468633515,0.08181012922515637,0.10129054880183375,0.06413982959148058,0.08531714212982162,0.06157370052333124,0.058611268303599987,0.06278317065456254,0.20006106603751964,0.13037048004635915
30,30.0,30.0,0.1675806625769601,0.08850617674002685,0.09295111340617969,0.04629291950968827,0.05929749442652321,0.09515693158324139,0.0563623475003628,0.06051208526255859,0.21645014581860766,0.11689012317585132
31,31.0,31.0,0.16515928920057665,0.11594206679591781,0.08826800163541271,0.065236679417034,0.08340515035574853,0.09179327522071741,0.06956676328933752,0.039403848815539586,0.17231971842472,0.1089052068449958
32,32.0,32.0,0.18828449590062044,0.1130449246982238,0.12729515366183847,0.06142540954483321,0.06619307011883445,0.07350408385688839,0.0359280222572013,0.05767647829529306,0.16587755251406844,0.11077080915219839
33,33.0,33.0,0.18405335243278617,0.08819095085068504,0.15143541226961582,0.034422070808734925,0.046733867698532605,0.06817510926860702,0.044758633133004315,0.06363437174815559,0.21960732175360392,0.09898891003627461
34,34.0,34.0,0.182302196030006,0.08941776367652678,0.10626893927329403,0.05793115961856347,0.09386491903838261,0.06497556335949253,0.04030967844660752,0.049707602063300126,0.19244844667557232,0.12277373181825464
35,35.0,35.0,0.2083717612124944,0.09699457714851026,0.11701020398230892,0.043652729174921946,0.06709743649425548,0.059413960776602825,0.04935245443219716,0.04937293109766714,0.19003610527563505,0.1186978404054068
36,36.0,36.0,0.2064063283246524,0.07724899714636611,0.10929230631778482,0.04173262957940647,0.08485020242445614,0.07131797345947297,0.03251918073608317,0.04292248760238178,0.21928247926739458,0.11442741514200158
37,37.0,37.0,0.2042270704826643,0.11674940295952474,0.10447561344352167,0.049474685914158954,0.06342722995451941,0.08387858959806563,0.030000000000000006,0.046352095996558526,0.2127957187245048,0.08861959292648194
38,38.0,38.0,0.19280196201484742,0.07026549127386125,0.13232478127907515,0.0415302774171646,0.07325601082292975,0.07151122557743253,0.048674697081745266,0.050725320280027505,0.17864663373411638,0.1402636005188001
39,39.0,39.0,0.18085247397198373,0.10117574633974799,0.11688573757890539,0.052429798707283135,0.0679174566059384,0.12939564778537022,0.030000000000000006,0.05732875288041056,0.18567594803001103,0.0783384381003496
40,40.0,40.0,0.1970401184317535,0.07488120592741677,0.14440620548874566,0.034318600430119736,0.04148937439500171,0.0804988233096306,0.036342656351270056,0.05512617618542377,0.23464719751222057,0.10124964196841757
41,41.0,41.0,0.23959082652327818,0.09574573913849935,0.1011735510308505,0.04938752119022457,0.03550010131197764,0.08195198668952577,0.03267820193321752,0.05032355320970757,0.21750708607192668,0.09614143290079225
42,42.0,42.0,0.25746808526163706,0.06288565622105649,0.12357679770875152,0.05370828339974063,0.06822626887719696,0.06980263243754752,0.03743974400600546,0.04170872809591684,0.22292439729563637,0.06225940669651112
43,43.0,43.0,0.1873285579463403,0.1272379625669899,0.06664227362954969,0.06237550115753525,0.07337551332577948,0.05859465779019275,0.04429338658966091,0.039631776270248366,0.20480640519394525,0.13571396552975817
44,44.0,44.0,0.3113729354027373,0.06275207369577673,0.061769923666667705,0.038867043625752426,0.03687943193707388,0.03900673447777382,0.04879854656740741,0.036240901283406124,0.22688373870694517,0.1374286706364595
45,45.0,45.0,0.23222485852130875,0.06410586657179919,0.13111903369090366,0.055139251821960444,0.06561073265173054,0.07157362211713954,0.03176412583275171,0.037738088601017,0.21634509625404053,0.09437932393734864
46,46.0,46.0,0.2522342088906922,0.0906711630712814,0.14302925369100178,0.03781832165887281,0.04873053312160258,0.07763606243164185,0.05466819523944679,0.04109568390623765,0.18360893665192438,0.07050764133729863
47,47.0,47.0,0.289887613329871,0.0631527404611231,0.09274147161026285,0.04407742951150164,0.039644171485159085,0.05418606170209591,0.03276449300420083,0.03723646698158454,0.23706595268002598,0.10924359923417508
48,48.0,48.0,0.21743465425743733,0.08449248695399918,0.13888502613932008,0.05410817372814304,0.07019802293270869,0.06753182066440222,0.030000000000000006,0.055872975122205126,0.2000063640254762,0.08147047617630825
49,49.0,49.0,0.2163504014697048,0.05692933802534154,0.09906762529531202,0.05386751919271556,0.04744029561777581,0.07723492291901307,0.058055677782152204,0.03499711629401545,0.24018917416391256,0.11586792924005698
50,50.0,50.0,0.24101914261157137,0.055525776505584115,0.15084510197230896,0.04628341140435181,0.042976141001012325,0.039062648718189166,0.030000000000000006,0.04090331842526642,0.24412636700828108,0.1092580923534348
51,51.0,51.0,0.2664096344549161,0.13191133625432477,0.1031205256632797,0.03242554403439243,0.04594717819484051,0.044559656550157,0.030000000000000006,0.030000000000000006,0.1987439780838046,0.11688214676428488
52,52.0,52.0,0.2395721412354971,0.09083295094639712,0.13484352734459285,0.030000000000000006,0.07174412176359099,0.030000000000000006,0.030000000000000006,0.03544933618433569,0.2210837464252739,0.11647417610031234
53,53.0,53.0,0.26750674319107437,0.08972435081947906,0.10216672193885731,0.04044443493154121,0.03863368694738428,0.047875077408987665,0.04505570280573186,0.04706191010072611,0.21478683148360647,0.10674454037261168
54,54.0,54.0,0.25969309219354764,0.07166120862590145,0.16504172314080628,0.030000000000000006,0.030000000000000006,0.04427002458503597,0.030000000000000006,0.032248098740805385,0.20479045033313148,0.1322954023807717
55,55.0,55.0,0.28965178288641236,0.07698513120093341,0.11624163298232007,0.03934006946637196,0.030000000000000006,0.08672224162404235,0.030000000000000006,0.030000000000000006,0.22294866064327518,0.07811048119664474
56,56.0,56.0,0.33619970195674476,0.055351154975943395,0.12348358958300479,0.030000000000000006,0.030000000000000006,0.047599049808156504,0.030000000000000006,0.030000000000000006,0.25540773687283486,0.06195876680331562
57,57.0,57.0,0.2747112869369182,0.04998478932204768,0.12002781776270485,0.07195010459984318,0.03876343853147809,0.0454276141711071,0.030000000000000006,0.05455797690107019,0.2220799038567339,0.09249706791809682
58,58.0,58.0,0.23470664002562397,0.08290417378618696,0.09427673303657677,0.05798886300546467,0.04241594901748726,0.06829755753685174,0.030000000000000006,0.045032542186301316,0.21484903695026195,0.12952850445524547
59,59.0,59.0,0.2702116465586454,0.07484548732397243,0.09902240525933624,0.030000000000000006,0.030000000000000006,0.09289453335896271,0.030000000000000006,0.03343655815220359,0.2548209306579452,0.08476843868893441
60,60.0,60.0,0.2535994251185329,0.03955609476034021,0.11485542082587681,0.03706330559779789,0.07189361243498855,0.04724843089809411,0.030000000000000006,0.035247027015507006,0.2705076124468324,0.10002907090203003
61,61.0,61.0,0.32500015492781426,0.052635755930758,0.11084098447754412,0.030000000000000006,0.044706922419879266,0.05079316896711751,0.030000000000000006,0.030000000000000006,0.2365835608776404,0.08943945239924642
62,62.0,62.0,0.26419691546548196,0.04632348413591238,0.1028120001855662,0.030000000000000006,0.04227778658926684,0.047126645483431685,0.030000000000000006,0.030000000000000006,0.32934891789277543,0.07791425024756543
63,63.0,63.0,0.30897567886461497,0.030000000000000006,0.1000558674389566,0.030000000000000006,0.030000000000000006,0.08975797979032248,0.030000000000000006,0.030000000000000006,0.2539516064253082,0.0972588674807977
64,64.0,64.0,0.2591406348136813,0.06505811540058117,0.11789199637493326,0.043095425689408585,0.07304100848521362,0.04800067692102241,0.030000000000000006,0.046838040096577736,0.2625502927610093,0.05438380945757264
65,65.0,65.0,0.2681314993444878,0.10532811636021229,0.0838075236390407,0.0371347548431429,0.04801287533204714,0.03507383446456105,0.030000000000000006,0.030000000000000006,0.2714366014956736,0.09107479452083443
66,66.0,66.0,0.3179346895300405,0.04533914074789728,0.05248367941361949,0.030000000000000006,0.052368160958506674,0.07681938523309864,0.030000000000000006,0.06320540267984825,0.28858847473521226,0.04326106670177692
67,67.0,67.0,0.27177660442877166,0.04365637371338084,0.06509903636932166,0.030000000000000006,0.09155604634932012,0.042214690884968244,0.030000000000000006,0.053075073881860724,0.29427515492522466,0.07834701944715208
68,68.0,68.0,0.21929355480717344,0.08905557038044085,0.2384978347591907,0.030000000000000006,0.0336231167667425,0.030000000000000006,0.030000000000000006,0.04036700102972914,0.20351877329741486,0.08564414895930852
69,69.0,69.0,0.28696465440114405,0.059475219392579416,0.10570594264365532,0.030000000000000006,0.030000000000000006,0.07234737432952247,0.030000000000000006,0.030000000000000006,0.2846095888044142,0.07089722042868458
70,70.0,70.0,0.27663821490883445,0.03174655945311744,0.15135552607698208,0.030000000000000006,0.05579533961527293,0.08615508904427793,0.04330411808541152,0.030000000000000006,0.2232144071099778,0.07179074570612579
71,71.0,71.0,0.22468748219892612,0.06565189587767838,0.0981404095558469,0.04106087471056315,0.06654232151175705,0.07510945027693049,0.030000000000000006,0.030000000000000006,0.28641856692034817,0.08238899894794977
72,72.0,72.0,0.2428161844054461,0.08331058290649487,0.10565659618025028,0.030000000000000006,0.059151795366805024,0.03489772917248317,0.030000000000000006,0.04658268592139449,0.27439103700687584,0.09319338904025017
73,73.0,73.0,0.28182965396391585,0.07444585799562684,0.1527097997301573,0.030000000000000006,0.059816008474162796,0.030000000000000006,0.030000000000000006,0.030000000000000006,0.2121729597501127,0.09902572008602444
74,74.0,74.0,0.2846132526772545,0.07084639466911048,0.13179117162175596,0.030000000000000006,0.03309810793530512,0.07309619642350598,0.030000000000000006,0.030000000000000006,0.21799694107269244,0.09855793560037555
75,75.0,75.0,0.2943066640158533,0.08444527852308889,0.12263609640241471,0.030000000000000006,0.030000000000000006,0.03915144827398091,0.030000000000000006,0.04670617238163285,0.2703555890189042,0.05239875138412502
76,76.0,76.0,0.2945352931911834,0.06978003189170531,0.060352354434293765,0.07991764809313127,0.030000000000000006,0.061555356753058496,0.030000000000000006,0.030000000000000006,0.2763936460833151,0.06746566955331268
77,77.0,77.0,0.25682037384927103,0.06614279460792763,0.04353245868120635,0.03133687782014062,0.030000000000000006,0.05833326277164617,0.030000000000000006,0.030000000000000006,0.30403047164707564,0.1498037606227326
78,78.0,78.0,0.2676903457799377,0.06524143008089985,0.09675987942402037,0.05655905272745674,0.030000000000000006,0.0728270370379303,0.043679347350695175,0.030000000000000006,0.24327231927571358,0.09397058832334626
79,79.0,79.0,0.20645292217686007,0.04496739419083702,0.12651524080938034,0.04688245538979617,0.05649440451278319,0.08094549246205227,0.030000000000000006,0.030000000000000006,0.2976084522035503,0.08013363825474067
80,80.0,80.0,0.281858384142778,0.03748409517244668,0.12471101417922734,0.042478950276257435,0.06347826086956523,0.07343531871305617,0.04969471947194719,0.030000000000000006,0.2620600829572101,0.03479917421751181
81,81.0,81.0,0.2760940832648556,0.0636525227175452,0.08245334697017422,0.06389898435252914,0.04535620883880353,0.08170214893763188,0.030000000000000006,0.030000000000000006,0.24339654500841595,0.08344615991004446
82,82.0,82.0,0.2992800888562264,0.030000000000000006,0.11921688716576766,0.030000000000000006,0.05844844746907083,0.07546015183011354,0.030000000000000006,0.045521664896943426,0.2297208360719165,0.08235192370996167
83,83.0,83.0,0.25557696220434245,0.060751338176073796,0.08997720003488971,0.030000000000000006,0.05060127423884544,0.09000878870144509,0.048036231341424485,0.030000000000000006,0.24246542912337077,0.10258277617960827
84,84.0,84.0,0.23305185201619683,0.08518639321684966,0.09190191233065377,0.07442209267485289,0.06562483395593975,0.06748398410528014,0.04878272310841103,0.030000000000000006,0.2088682027611483,0.09467800583066763
85,85.0,85.0,0.29081538503806825,0.04583818521694301,0.073636881963073,0.04592498152768286,0.030000000000000006,0.057785595204270755,0.03337089414469331,0.030000000000000006,0.3068063950824743,0.08582168182279451
86,86.0,86.0,0.23094887109401516,0.08047486915655368,0.1247514563972508,0.05074298492389815,0.038571705330663245,0.03606963499584588,0.030000000000000006,0.042381352144291354,0.2507605303728428,0.11529859558463892
87,87.0,87.0,0.2676701393132776,0.10048771918404867,0.07407585505778043,0.08707287188052834,0.040446326902401464,0.0607267544996716,0.030000000000000006,0.05199443668648809,0.22901407786971503,0.058511818606088783
88,88.0,88.0,0.2500780576785427,0.08072563647210523,0.1545287769019927,0.032054778736733666,0.054821940666369764,0.030000000000000006,0.030000000000000006,0.055496184221302466,0.2430991473176447,0.06919547800530883
89,89.0,89.0,0.21965722426403528,0.11982693656887711,0.14249331913926525,0.030000000000000006,0.030000000000000006,0.05449817460216503,0.030000000000000006,0.030000000000000006,0.263945406832716,0.0795789385929413
90,90.0,90.0,0.2863658643356841,0.07719189175739347,0.12937073909588553,0.04057369822243924,0.0536973106800843,0.05973094228179365,0.030000000000000006,0.030000000000000006,0.2380223298511675,0.05504722377555219
91,91.0,91.0,0.2441374850206111,0.06311248020618071,0.13541231131804438,0.054888304313332505,0.030000000000000006,0.06264905516393236,0.030000000000000006,0.030000000000000006,0.27378999255096337,0.07601037142693554
92,92.0,92.0,0.2893367116904514,0.04557872360578894,0.12089503316173651,0.04666614799080453,0.030000000000000006,0.038982788421535707,0.030000000000000006,0.030000000000000006,0.25919101322965404,0.10934958190002889
93,93.0,93.0,0.31130548091870774,0.030000000000000006,0.12247428848899153,0.035182155984695394,0.030000000000000006,0.05937785214481291,0.05517047192566332,0.030000000000000006,0.254272031032167,0.07221771950496217
94,94.0,94.0,0.22221504663104144,0.09419980991334795,0.12258801534098629,0.030000000000000006,0.030000000000000006,0.08971825123970925,0.036215725707558745,0.030000000000000006,0.26336178552988054,0.0817013656374758
95,95.0,95.0,0.28047068570490236,0.03984353096916794,0.08586572937743184,0.030000000000000006,0.030000000000000006,0.07935727089580033,0.030000000000000006,0.030000000000000006,0.3238909787835108,0.07057180426918666
96,96.0,96.0,0.23171564692125446,0.11285618420841159,0.12849916340031162,0.030000000000000006,0.04147024522850349,0.03810322233177117,0.030000000000000006,0.030000000000000006,0.2899256236695468,0.06742991424020084
97,97.0,97.0,0.24321876104276505,0.04878804410374169,0.16371516077644865,0.030000000000000006,0.030000000000000006,0.0376902547667737,0.030000000000000006,0.030000000000000006,0.2626042328469283,0.12398354646334257
98,98.0,98.0,0.314295727445126,0.09538545156166062,0.06744015289736024,0.030000000000000006,0.05051404622743355,0.03418654004641501,0.030000000000000006,0.030000000000000006,0.269647175392465,0.07853090642953948
99,99.0,99.0,0.24969435911529275,0.09506143837474909,0.09325997799778173,0.05913143872113678,0.051993410512952275,0.030000000000000006,0.030000000000000006,0.055984945312467824,0.2614732983924499,0.07340113157316965
100,100.0,100.0,0.26878827430162755,0.0777890540061134,0.18352163308997924,0.030000000000000006,0.04317854499027378,0.030000000000000006,0.030000000000000006,0.030000000000000006,0.26279780819988713,0.04392468541211888
101,101.0,101.0,0.3432753261075808,0.05984668650301994,0.08940444521439338,0.04878952498787541,0.07191076086251033,0.030000000000000006,0.030000000000000006,0.030000000000000006,0.23639325405243214,0.06038000227218794
102,102.0,102.0,0.246753374225782,0.08632348569410615,0.12068639275566198,0.030000000000000006,0.030000000000000006,0.06799244017880621,0.030000000000000006,0.030000000000000006,0.2602210291821495,0.09802327796349418
103,103.0,103.0,0.2577920206375842,0.09708134318346144,0.11207751280045189,0.030000000000000006,0.030000000000000006,0.07106411516705327,0.04536286050051053,0.030000000000000006,0.2616587457889502,0.0649634019219884
104,104.0,104.0,0.25004724310261833,0.07926967323863209,0.11291675323422083,0.030000000000000006,0.07758682824432608,0.06105376865395153,0.030000000000000006,0.030000000000000006,0.2310608242774629,0.09806490924878819
105,105.0,105.0,0.2453132567582399,0.07305179084702378,0.07832135012899274,0.030000000000000006,0.05937089447938506,0.04027814086905718,0.030000000000000006,0.030000000000000006,0.28161442114262747,0.13205014577467383
106,106.0,106.0,0.27094293113937823,0.05821127119339013,0.06406674078111933,0.030000000000000006,0.030000000000000006,0.09121475141507847,0.030000000000000006,0.030000000000000006,0.2796723510036646,0.11589195446736918
107,107.0,107.0,0.2905498048831287,0.05024308701576123,0.13497230727948595,0.030000000000000006,0.030000000000000006,0.03837881913825662,0.030000000000000006,0.030000000000000006,0.2441676336572336,0.12168834802613385
108,108.0,108.0,0.2712808125684547,0.06999087904737654,0.13484525539931286,0.030000000000000006,0.030000000000000006,0.030000000000000006,0.04812094212444386,0.030000000000000006,0.24809095432732792,0.10767115653308408
109,109.0,109.0,0.2860659783082564,0.038491612168335645,0.12232367737715517,0.030000000000000006,0.0466466763034553,0.053732080667368606,0.030000000000000006,0.030000000000000006,0.2555819986119225,0.10715797656350638
110,110.0,110.0,0.3226669340615973,0.045820260568997614,0.08506459039883212,0.04857950356352912,0.030000000000000006,0.03741100594689674,0.030000000000000006,0.030000000000000006,0.3174658744867684,0.05299183097337863
111,111.0,111.0,0.29270974037150094,0.037690265953572596,0.1760124132668823,0.030000000000000006,0.030000000000000006,0.030000000000000006,0.030000000000000006,0.030000000000000006,0.26480269661226197,0.07878488379578219
112,112.0,112.0,0.3099894269828015,0.049615103780794444,0.12657903902084747,0.04487449214526679,0.030000000000000006,0.051545519783282076,0.030000000000000006,0.030000000000000006,0.256266747912656,0.07112967037435156
113,113.0,113.0,0.27399602577756543,0.06411094587552671,0.10758176888987418,0.04192956974587551,0.04756759292797134,0.03708166632186336,0.030000000000000006,0.030000000000000006,0.2645522042933729,0.10318022616795064
114,114.0,114.0,0.279329671056015,0.07459952564790469,0.12889870757798588,0.030000000000000006,0.030000000000000006,0.087603714803888,0.030000000000000006,0.030000000000000006,0.23005431727563316,0.07951406363857319
115,115.0,115.0,0.3062966337461174,0.0429579105956304,0.13529253567835903,0.030000000000000006,0.030000000000000006,0.04088212971018408,0.030000000000000006,0.04299151659473137,0.27141719440527334,0.0701620792697045
116,116.0,116.0,0.23489095393791715,0.04940211875687402,0.14391279002133311,0.030000000000000006,0.030000000000000006,0.059510647517646696,0.030000000000000006,0.030000000000000006,0.32149645983403874,0.07078702993219023
117,117.0,117.0,0.2725638575651567,0.06590483311446474,0.09929005697927731,0.030000000000000006,0.030000000000000006,0.0905500817893375,0.030000000000000006,0.030000000000000006,0.2880881966529776,0.06360297389878615
118,118.0,118.0,0.23262528593821452,0.03501082902468564,0.13613563567813583,0.030000000000000006,0.0931711119049497,0.035558957450553465,0.030000000000000006,0.030000000000000006,0.2696867907017223,0.1078113893017385
119,119.0,119.0,0.27529461297580926,0.055698471324721464,0.11063036289308718,0.030000000000000006,0.04229268292682927,0.030000000000000006,0.030000000000000006,0.030000000000000006,0.31344086513135727,0.08264300474819554
120,120.0,120.0,0.260727843056879,0.05076785692329065,0.13545786496752293,0.04909616974373106,0.030000000000000006,0.030000000000000006,0.030000000000000006,0.030000000000000006,0.2784856550428904,0.10546461026568583
121,121.0,121.0,0.2877905723530844,0.030000000000000006,0.10220433832273504,0.038709479705802234,0.0634801911794686,0.030000000000000006,0.030000000000000006,0.030000000000000006,0.31791196303715613,0.06990345540175359
122,122.0,122.0,0.28125538117545473,0.07828708324170022,0.14892797049150353,0.036735347417024555,0.03551004538518722,0.030000000000000006,0.030000000000000006,0.03514270902617474,0.24425873681721075,0.07988272644574439
123,123.0,123.0,0.27644785601167216,0.10753467240274801,0.09143965581884543,0.030000000000000006,0.04040237525427557,0.05834230728514535,0.030000000000000006,0.037201644406806164,0.23591884216741182,0.0927126466530955
124,124.0,124.0,0.24795354243977125,0.03454757856206436,0.16227749671201439,0.030000000000000006,0.049800929082622736,0.04709200128018909,0.030000000000000006,0.03794892267348382,0.28034267248404066,0.08003685676581367
125,125.0,125.0,0.2048392301692418,0.07869100013149741,0.12990221982278016,0.09059441554030201,0.039731221624456504,0.030000000000000006,0.030000000000000006,0.032326193560739826,0.2698089691267723,0.0941067500242099
126,126.0,126.0,0.26525749455939235,0.07143766706739398,0.18038518072412008,0.035863689875847524,0.030000000000000006,0.07819688540878701,0.030000000000000006,0.030000000000000006,0.2188754625404124,0.059983619824046694
127,127.0,127.0,0.2725000928094065,0.07790294719025928,0.15021633453139327,0.043182666683029655,0.05366018978761863,0.037285941270510624,0.05887534603816293,0.030000000000000006,0.2261764454976583,0.05020003619196085
128,128.0,128.0,0.3180400450843154,0.055695484362126825,0.10491981364331007,0.030000000000000006,0.05729351816338831,0.030000000000000006,0.030000000000000006,0.030000000000000006,0.2781311335074175,0.0659200052394419
129,129.0,129.0,0.3279195038244401,0.05112610342364201,0.14192594574547662,0.030000000000000006,0.03437795840904727,0.030000000000000006,0.030000000000000006,0.030000000000000006,0.2801010129175702,0.04454947567982385
130,130.0,130.0,0.3393652775498941,0.050897517504774045,0.07707426550528433,0.044252093026412684,0.030000000000000006,0.030000000000000006,0.030000000000000006,0.030000000000000006,0.32130833478193954,0.04710251163169523
131,131.0,131.0,0.33128165305709645,0.0670468373809032,0.10571211703855962,0.030000000000000006,0.030000000000000006,0.030000000000000006,0.030000000000000006,0.030000000000000006,0.2865560738718743,0.05940331865156645
132,132.0,132.0,0.21259617104605905,0.09958764736576223,0.1331394149114015,0.03844820953892227,0.030000000000000006,0.030000000000000006,0.030000000000000006,0.037321781600399305,0.20915206151980342,0.17975471401765225
133,133.0,133.0,0.32580120357160697,0.10383803315830195,0.11895482515097851,0.036855573454459035,0.030000000000000006,0.030000000000000006,0.030000000000000006,0.030000000000000006,0.21187359948765078,0.08267676517700276
134,134.0,134.0,0.2955706550036351,0.0661754562979355,0.13570944375608654,0.030000000000000006,0.030000000000000006,0.046780821917808225,0.030000000000000006,0.040226849090624794,0.23421475346809043,0.09132202046581936
135,135.0,135.0,0.3142815183518233,0.08614740699208209,0.10499197316576994,0.030000000000000006,0.030000000000000006,0.07071410321958999,0.030000000000000006,0.030000000000000006,0.23524783165694174,0.06861716661379297
136,136.0,136.0,0.2945142022054329,0.05236334853056287,0.10148953588570828,0.030000000000000006,0.049683209101608485,0.07355632330184937,0.030000000000000006,0.030000000000000006,0.2863460237114676,0.05204735726337038
137,137.0,137.0,0.28713824436666424,0.07967356194172129,0.10202143761337783,0.05415351812366739,0.05568402572921015,0.048734344108496454,0.04671864996229055,0.030000000000000006,0.2489456126249716,0.046930605529600544
138,138.0,138.0,0.24825293671460394,0.047871620899824975,0.08957938612671346,0.030000000000000006,0.030000000000000006,0.09563606010923877,0.030000000000000006,0.030000000000000006,0.3075147610753375,0.09114523507428143
139,139.0,139.0,0.2790684676809073,0.055655014823359564,0.12882007011966568,0.030000000000000006,0.030000000000000006,0.050549074697202344,0.030000000000000006,0.030000000000000006,0.3050355927315901,0.06087177994727485
140,140.0,140.0,0.3054917486896006,0.05184120848725042,0.07782034505891866,0.07196825864961015,0.07940328637874744,0.030000000000000006,0.030000000000000006,0.030000000000000006,0.23788804630568533,0.08558710643018744
141,141.0,141.0,0.33812433044902457,0.053290203327171916,0.0927553874384597,0.034266129631310926,0.03844263111449316,0.030000000000000006,0.030000000000000006,0.030000000000000006,0.27092312847942635,0.08219818956011335
142,142.0,142.0,0.3014956432283686,0.057249906707435315,0.06956539104048534,0.030000000000000006,0.030000000000000006,0.030000000000000006,0.030000000000000006,0.030000000000000006,0.35251158726554244,0.06917747175816824
143,143.0,143.0,0.25719546160837703,0.0865093527256518,0.055858819171953566,0.055045430251202586,0.030000000000000006,0.07401615144664384,0.030000000000000006,0.030000000000000006,0.3407886232375672,0.040586161558603964
144,144.0,144.0,0.29727688168600197,0.04328313728165597,0.08025597038158346,0.030000000000000006,0.04697902654883747,0.05236480465552482,0.030000000000000006,0.030000000000000006,0.2671133775720672,0.12272680187432905
145,145.0,145.0,0.31139943186047037,0.06028180551099275,0.10370288061747417,0.030000000000000006,0.03675960332299827,0.035162129606030726,0.030000000000000006,0.07927214410009414,0.2686822663306263,0.04473973865131316
146,146.0,146.0,0.28745900736787755,0.060690393488601134,0.15602705113585594,0.030000000000000006,0.030000000000000006,0.036566523605150225,0.05363475764601966,0.030000000000000006,0.2811054574958988,0.03451680926059656
147,147.0,147.0,0.28928377873749894,0.0469121162103213,0.14974609785515997,0.030000000000000006,0.030000000000000006,0.07360888472180283,0.030000000000000006,0.030000000000000006,0.24490897681188892,0.07554014566332798
148,148.0,148.0,0.25946707407776615,0.08857310436818558,0.11691313645995247,0.04846830340784171,0.030000000000000006,0.03882919570179151,0.030000000000000006,0.030000000000000006,0.3019510544380401,0.05579813154642245
149,149.0,149.0,0.3027254838092519,0.0626838814586533,0.09289326180591345,0.030000000000000006,0.04689591730005194,0.04663433818487915,0.030000000000000006,0.030000000000000006,0.2963516962266465,0.06181542121460369
150,150.0,150.0,0.26815500244315454,0.060548454565486534,0.1428020487248037,0.0697338881248751,0.030000000000000006,0.04698617181611801,0.030000000000000006,0.030000000000000006,0.27274305455467307,0.049031379770889026
151,151.0,151.0,0.2600480167173858,0.05529667233369131,0.10223647285673618,0.03681185938863381,0.053440810249122214,0.058311588555880436,0.030000000000000006,0.030000000000000006,0.31520372761548576,0.05865085228306456
152,152.0,152.0,0.24599127023983014,0.09965468310580299,0.18551909761370003,0.04375709398764551,0.04119359315803295,0.03424584568063319,0.030000000000000006,0.030000000000000006,0.22553881215034335,0.06409960406401194
153,153.0,153.0,0.2607543278965417,0.12085934318981144,0.11070886494523,0.03562629529849927,0.030000000000000006,0.030000000000000006,0.030000000000000006,0.030000000000000006,0.2787913533401655,0.07325981532975205
154,154.0,154.0,0.22923927828362506,0.0538098647356083,0.11064285127058818,0.05398196461062166,0.06046057534654943,0.0597525323896532,0.030000000000000006,0.047129974721872615,0.24568809060052216,0.10929486804095942
155,155.0,155.0,0.29527527763344225,0.0867610380643818,0.0799344794751076,0.030000000000000006,0.030000000000000006,0.030000000000000006,0.030000000000000006,0.030000000000000006,0.30021660395042377,0.0878126008766446
156,156.0,156.0,0.30290836174237123,0.10042931171544105,0.09471033504929771,0.030000000000000006,0.05006915220672198,0.05059216151349919,0.030000000000000006,0.030000000000000006,0.25747314196434967,0.05381753580831913
157,157.0,157.0,0.265433866279,0.1037334920068688,0.10448171888218635,0.030000000000000006,0.030000000000000006,0.0635195774542066,0.030000000000000006,0.030000000000000006,0.25491466105331595,0.08791668432442228
158,158.0,158.0,0.3960709528748291,0.05802625200873387,0.09062672530093561,0.030000000000000006,0.030000000000000006,0.03272121436504999,0.030000000000000006,0.04438757477741517,0.23772184931101062,0.05044543136202558
159,159.0,159.0,0.2961059584147891,0.05260750297266524,0.09746363356783973,0.030000000000000006,0.04805031446540882,0.030000000000000006,0.030000000000000006,0.030000000000000006,0.2914954532880577,0.09427713729123932
160,160.0,160.0,0.31850958886133524,0.032942396494886526,0.13109562180901146,0.030000000000000006,0.05230648007693032,0.030000000000000006,0.030000000000000006,0.030000000000000006,0.29696463312099164,0.048181279636844807
161,161.0,161.0,0.3359579047623876,0.030000000000000006,0.10878557172202866,0.030000000000000006,0.030000000000000006,0.030000000000000006,0.030000000000000006,0.030000000000000006,0.30111174878592645,0.07414477472965712
162,162.0,162.0,0.3137119345562019,0.0590346907993967,0.12403961385717333,0.030000000000000006,0.030000000000000006,0.05189476265455204,0.030000000000000006,0.030000000000000006,0.28760713278605476,0.04371186534662127
163,163.0,163.0,0.28625968552244774,0.03538345962164931,0.09523402737960093,0.030000000000000006,0.030000000000000006,0.05509649699697825,0.030000000000000006,0.030000000000000006,0.3517731890157275,0.05625314146359626
164,164.0,164.0,0.3394673949234766,0.0863300191118624,0.0915162930149955,0.05873100402649696,0.030000000000000006,0.030000000000000006,0.030000000000000006,0.030000000000000006,0.26814174143713504,0.03581354748603351
165,165.0,165.0,0.3101258325516649,0.07782758374401458,0.08790974671647571,0.030000000000000006,0.053127283800243605,0.030000000000000006,0.030000000000000006,0.030000000000000006,0.27789116631838084,0.07311838686922031
166,166.0,166.0,0.35076735262960296,0.07211365842609627,0.118906305668306,0.030000000000000006,0.034030344290993976,0.030000000000000006,0.030000000000000006,0.030000000000000006,0.27044262591659674,0.0337397130684041
167,167.0,167.0,0.3970866153423137,0.039949613041330476,0.05355658554895747,0.030000000000000006,0.030000000000000006,0.030000000000000006,0.030000000000000006,0.05390603948216275,0.2888519940252281,0.0466491525600075
168,168.0,168.0,0.28906068115690997,0.06601529073194976,0.17145470136889404,0.030000000000000006,0.030000000000000006,0.052881386575385395,0.030000000000000006,0.030000000000000006,0.23752909655992913,0.06305884360693166
169,169.0,169.0,0.3323532475507093,0.06610881338677084,0.09509520580765266,0.030000000000000006,0.030000000000000006,0.05249626307922271,0.030000000000000006,0.030000000000000006,0.28961823177302237,0.044328238402622164
170,170.0,170.0,0.32534217471283833,0.0556104376521936,0.09834791203728228,0.030000000000000006,0.030000000000000006,0.05232456296634147,0.030000000000000006,0.030000000000000006,0.3183749126313444,0.030000000000000006
171,171.0,171.0,0.31604543229531823,0.06448380733502188,0.11790492899069709,0.030000000000000006,0.08291519624265448,0.03327806728072295,0.030000000000000006,0.030000000000000006,0.22719286968357538,0.06817969817200988
172,172.0,172.0,0.29535794131173687,0.0904140598746666,0.10638398428184363,0.05698911275184583,0.031148399343771803,0.030000000000000006,0.030000000000000006,0.054575055583446906,0.24126555934047395,0.06386588751221436
173,173.0,173.0,0.3563222593402452,0.05938647588691946,0.1403283195546069,0.033862339115836596,0.030000000000000006,0.030000000000000006,0.030000000000000006,0.030000000000000006,0.25513643058855884,0.03496417551383296
174,174.0,174.0,0.30812924462121394,0.06163270927371284,0.12871514292355207,0.043037965459447644,0.06689286944540132,0.040900549725137444,0.030000000000000006,0.030000000000000006,0.22758601505687945,0.06310550349465532
175,175.0,175.0,0.3284393838557834,0.05812228943259381,0.18818147245144012,0.030000000000000006,0.030000000000000006,0.030000000000000006,0.030000000000000006,0.030000000000000006,0.2364286584551789,0.038828195805003816
176,176.0,176.0,0.3163973746607656,0.0532678821879383,0.12419810980426202,0.030000000000000006,0.030000000000000006,0.06958788480635551,0.030000000000000006,0.030000000000000006,0.2678895207688047,0.04865922777187389
177,177.0,177.0,0.32396408186303033,0.04793121753840962,0.09021999655166844,0.030000000000000006,0.030000000000000006,0.060475011583021175,0.030000000000000006,0.041838574633931945,0.2543805821114932,0.09119053571844522
178,178.0,178.0,0.28238765159310597,0.03538147932440303,0.15281755039822514,0.030000000000000006,0.04645950336504991,0.030000000000000006,0.030000000000000006,0.036390754132231404,0.30781377352408534,0.04874928766289911
179,179.0,179.0,0.2989837322383514,0.07549075911962566,0.0917222651592153,0.05367186501342196,0.04660172762298133,0.030000000000000006,0.030000000000000006,0.030000000000000006,0.2713572791179517,0.07217237172845259
180,180.0,180.0,0.31636676376335016,0.05184983982807449,0.08287132614062137,0.10744410628476228,0.048358661808318514,0.030000000000000006,0.030000000000000006,0.030000000000000006,0.2545909643978802,0.048518337776992854
181,181.0,181.0,0.27178604126997846,0.08744155409041476,0.15244880125536867,0.037241135381630784,0.030000000000000006,0.06906367950650805,0.030000000000000006,0.030000000000000006,0.22561846468253224,0.066400323813567
182,182.0,182.0,0.36722731106192225,0.034887982373857464,0.08811643450745486,0.04090387703601743,0.030000000000000006,0.040911764705882356,0.030000000000000006,0.030000000000000006,0.2749991721577397,0.06295345815712584
183,183.0,183.0,0.3246742388055396,0.030000000000000006,0.07224141697488498,0.030000000000000006,0.048416762817547886,0.030000000000000006,0.030000000000000006,0.030000000000000006,0.2962529104438584,0.10841467095816915
