,Unnamed: 0,Generation,Intertwine_two,Add_vertex,Delete_vertex,Invert_path_vertices,Insert_inside_vertex,Delete_inside_vertex,Replace_inside_vertex,Donate_between_routes,Trim_one_terminal_cb,Grow_one_terminal_cb
0,0.0,0.0,0.09999999999999999,0.09999999999999999,0.09999999999999999,0.09999999999999999,0.09999999999999999,0.09999999999999999,0.09999999999999999,0.09999999999999999,0.09999999999999999,0.09999999999999999
1,1.0,0.10900000000000001,0.10191997710439783,0.1000979824101469,0.10012012590870704,0.09982803984825843,0.09996467991384528,0.09954397999755046,0.09810907416649525,0.09707113985255035,0.10121067243669737,0.10213432836135106
2,2.0,0.31601,0.10492268109327776,0.09945662025489804,0.09982463834879826,0.09940955302004867,0.09878022758377673,0.09913042398356474,0.09530219479920536,0.09441170093407229,0.1046922124807117,0.10406974750164644
3,3.0,0.6191589000000001,0.10697116021890529,0.10069353221493124,0.09938239391662944,0.09925785126256047,0.09899214193034922,0.09766212916882377,0.0919324134208951,0.09165298722276151,0.1071273742058752,0.10632801643826875
4,4.0,1.015801321,0.1079342145340847,0.10078895611964628,0.09983011562165506,0.09922409618620077,0.09952177017644143,0.09681390066293527,0.09062588167111751,0.08841560580073539,0.10916909399293098,0.10767636523425264
5,5.0,1.50262148669,0.11021805725325626,0.10010940270366947,0.09910494516305961,0.09869637622407007,0.09888241699419746,0.09627788964108681,0.08781549775909564,0.08585315405497106,0.11274296740011158,0.11029929280648205
6,6.0,2.0757334209441005,0.11275935300540504,0.09999044387840408,0.09966769235774758,0.09793082553774228,0.09821960846726674,0.09499666665038779,0.08492702277898712,0.08344667282190751,0.11636812100521601,0.11169359349693585
7,7.0,2.7307768275633495,0.11451738440446582,0.10005137628916336,0.10075717404396141,0.09629342713262612,0.09643926637551344,0.09360880447363197,0.0808830652542326,0.08143337296194367,0.12151203139505348,0.11450409766940815
8,8.0,3.4630081252450404,0.1157077516725817,0.10009423989452562,0.10098007953554468,0.09496327228438942,0.09500339519180595,0.0929368142041795,0.07904922218743911,0.07821283766033228,0.12544090111235703,0.11761148625684471
9,9.0,4.2673862119061114,0.11871209514877645,0.09947425024006655,0.1015237495341556,0.09255629402388371,0.09447270790327703,0.09107551492579061,0.0781178480307575,0.07609031169622466,0.12881144592589452,0.11916578257117341
10,10.0,5.138652627782014,0.12064452564135095,0.10077852588451322,0.10203967069423853,0.09106189777541834,0.09370089236925798,0.08996392705187126,0.07446481779512194,0.07461513589697333,0.132132703289347,0.12059790360190749
11,11.0,6.071405875792507,0.12419288377904482,0.09966464118839284,0.10290636376747336,0.08863484366707433,0.09129904014069284,0.0888280105330965,0.07208193942783878,0.07349022693708637,0.1362633548499617,0.12263869570933851
12,12.0,7.060169740244025,0.1255476181102135,0.09985914575799429,0.10600760054382717,0.08782127266511632,0.09063442349862046,0.08687433986403677,0.06866357239091209,0.07133625498220449,0.13832596974230219,0.1249298024447728
13,13.0,8.099455520847952,0.12768037810403765,0.09976130298928551,0.10712280140375695,0.08633953444359432,0.0894931851821757,0.08534703495383014,0.06538710440921582,0.07059652156768925,0.1416412169740549,0.12663091997235984
14,14.0,9.183818168183006,0.12854378500364727,0.09986081129928857,0.10700125191772573,0.08482450470923031,0.0904300250121918,0.08580643043929326,0.06378735621296315,0.0678539795597503,0.14431643858207124,0.12757541726383845
15,15.0,10.307906369102724,0.12819773367470916,0.10128269746895231,0.10693442831289535,0.08310987866630937,0.08908178900204475,0.08549258215426633,0.06194332898645949,0.06607577300205161,0.14779143077795165,0.13009035795436005
16,16.0,11.466506686239443,0.13153542722314668,0.10100896254674036,0.10586690684098322,0.08053404595851922,0.08956937663051247,0.08589073669700505,0.05921767529976102,0.06477744699394375,0.15067924476721323,0.13092017704217515
17,17.0,12.654581904800096,0.1334943741944493,0.10091203602326983,0.10653282840085948,0.07807701337130607,0.08968787495511159,0.08433660180282826,0.05660429530991867,0.06384908343087993,0.15430209990738142,0.13220379260399562
18,18.0,13.867303782456686,0.13503862128807279,0.10095805455169317,0.10747342105267577,0.07745600763581054,0.08917681883857023,0.08391462636695347,0.05440773215998108,0.06264873771980597,0.15643883122298183,0.13248714916345536
19,19.0,15.100080434523047,0.13649713425275942,0.10147482777637448,0.10754942441717029,0.0753828886850296,0.08943773704953824,0.08453161738769507,0.052740301738630715,0.06101718805470715,0.1587412067442468,0.1326276738938484
20,20.0,16.348578617037543,0.13931038208594443,0.10054855532360997,0.10909518783294049,0.07177973305563709,0.08926641969493763,0.08326591152209538,0.0510422538524536,0.05967304975709427,0.16390552381216847,0.13211298306311886
21,21.0,17.608741195130214,0.13903014896707033,0.10056062174351485,0.11055897005237925,0.07142314715775981,0.0890692563261326,0.08187638317921472,0.048690344578542724,0.05938773110963811,0.16684733446993652,0.13255606241581128
22,22.0,18.876800103462312,0.14007152705113737,0.10142466907424363,0.11054564135139817,0.06962840721100903,0.08946076325588474,0.08004360942727011,0.047616177632789775,0.058678749491742864,0.1694559004937406,0.13307455501078388
23,23.0,20.14928511992658,0.13984340230140252,0.10194709541299005,0.11261602037040697,0.0689522191038262,0.08827877126745473,0.07758668038454358,0.04863139341361793,0.05711002572580867,0.17322745837476716,0.13180693364518242
24,24.0,21.423028783545156,0.14350085022123973,0.10278165787249946,0.11405285985188415,0.06850298207273937,0.0865779330760632,0.07420806707420423,0.04641344592433963,0.05518790858057342,0.1764936057015587,0.1322806896248983
25,25.0,22.695167792966423,0.14236070552619537,0.10308298417322172,0.11622635212666113,0.06775885102829371,0.08542088892184085,0.07300249743273408,0.04671890429086731,0.05525088156876341,0.17865399080549502,0.13152394412592758
26,26.0,23.963141223515898,0.1436012063246162,0.10538871900545248,0.11864683486769247,0.0665303291458299,0.08521323025366996,0.0716695427186708,0.04537082404610886,0.055236123825112934,0.17931016997495644,0.12903301983789012
27,27.0,25.224685898775267,0.14371566948911216,0.1055392061318587,0.12035271835087422,0.06472302873405067,0.08230102634685998,0.07272648410233029,0.04423977442779048,0.0537235547911919,0.18272417243040398,0.12995436519552778
28,28.0,26.477829247520948,0.14410951552785783,0.10506447265748534,0.11999072294299752,0.06229264498701535,0.08283409050394588,0.07260961039793963,0.045517333450143874,0.05418481304643695,0.18429048699172892,0.12910630949444885
29,29.0,27.720879968916847,0.14606813466327545,0.10301897987158139,0.11899342850597527,0.06119967222878766,0.08250959836203994,0.07068046685259845,0.045743546680468865,0.05412704685215902,0.18823719517160706,0.12942193081150705
30,30.0,28.95241681848399,0.14926443697444441,0.10163555260929064,0.11708489117604845,0.05846070731183044,0.07964366610167256,0.07221149310448971,0.045850923723668946,0.05393450997613253,0.19354637922026532,0.12836743980215715
31,31.0,30.17127581490958,0.15208213397288328,0.10300276332012541,0.1146575586243389,0.057768336999282084,0.07927163094351297,0.07348250547972698,0.04737311887921343,0.05171617889587104,0.1941406397906524,0.12650513309439365
32,32.0,31.376536153543515,0.15706135349375958,0.10407293178486524,0.11611177896055364,0.05683876015494601,0.07725692647160028,0.07298060517846754,0.045601156860091085,0.051423820570807736,0.1938130484992763,0.12483961802563276
33,33.0,32.567505096778625,0.16143176813983343,0.1026404059475108,0.11994643687093748,0.05334767361533258,0.07338713364132102,0.07200123223529009,0.04479272078443238,0.051819014000781864,0.1986118383011393,0.12202177646342126
34,34.0,33.74370209472243,0.1654162415239514,0.10132931942550771,0.11919587144463754,0.052367348582597374,0.0743508925686268,0.07076158076585211,0.043619891971185584,0.050900164696746776,0.20042481644953747,0.12163387257135744
35,35.0,34.90484237192463,0.17177808363296698,0.10078790734541349,0.11946521971015567,0.050112851119131205,0.07273666761348684,0.06903187401100537,0.04343552150257665,0.05002780760021743,0.20173549894536244,0.12088856851968419
36,36.0,36.05082019768737,0.17767313501809207,0.09828814517114523,0.1189112932253911,0.047827192223018004,0.07300274943568863,0.0685693600675863,0.04164543004051341,0.04859109309878698,0.20572275665408363,0.11976884506569496
37,37.0,37.18169203889697,0.18304808741357143,0.09977800831537187,0.1178349002326006,0.04648335922355526,0.07121840035856425,0.06943664526628725,0.03969116715800388,0.0475843248319532,0.20879820976377678,0.11612689743631577
38,38.0,38.29765977559663,0.18695482355341211,0.09664020792305102,0.11951747045475372,0.044509381941245395,0.0705174525719529,0.06912488498637258,0.03970288860033979,0.04710323353179574,0.2081911841530691,0.11773847228400797
39,39.0,39.399054140870355,0.18933440865959672,0.09664346591005904,0.11961595239291777,0.04379296347093756,0.06938012972481332,0.07465660636115376,0.03793568627508164,0.04736681548917466,0.2080523470288321,0.11322162468743383
40,40.0,40.48631852820801,0.1930099803542637,0.09406226686143002,0.12242933078010931,0.04142343537230762,0.06569910421010527,0.07529286356512502,0.03690011295472549,0.04748340095522936,0.21260075457525154,0.11109875037145306
41,41.0,41.55999329152982,0.20061336706939134,0.09363383042943202,0.12085787462987854,0.04072670381012928,0.061545156640414586,0.07606287098413372,0.035596076958565155,0.047184493329408925,0.21520077465236934,0.10857885149627747
42,42.0,42.62070064560415,0.20963391558138098,0.08998334843598021,0.12148704552647067,0.040618329798921333,0.06081877003093053,0.07559983339309766,0.034869420019046166,0.04608538455359444,0.2181055869583419,0.10279836570223647
43,43.0,43.669130257815,0.21121679820744452,0.0928621683543177,0.11638074444730621,0.04151841450062184,0.0607540215157158,0.07400433008687422,0.034926496271714215,0.04484472490821778,0.21895630692692103,0.10453599478086702
44,44.0,44.70602560622662,0.22480694791393038,0.08934827533582683,0.11080045377159245,0.04018621584554315,0.05717235463125262,0.07045548805706442,0.03552204980006958,0.043336914242314874,0.2217881892326125,0.10658311116979356
45,45.0,45.73217116373481,0.2299889348365129,0.0860551888903868,0.11222279786482439,0.04060126615339522,0.056619055279759634,0.07020373145837926,0.03448737086979721,0.042058643245174256,0.22333397455718768,0.10442903684458302
46,46.0,46.748380453854836,0.23667601734062346,0.08552844751625312,0.11488289190700375,0.039388098270838966,0.05452298268412286,0.07059709345760044,0.035819334322851136,0.04120075333182819,0.22138167660606226,0.10000270456281618
47,47.0,47.755485010424316,0.24661531395374153,0.08235396517406725,0.11252966195473127,0.038906460195681565,0.05166995668878021,0.06867650887368534,0.03501621981624103,0.04004168002309551,0.22459258265331813,0.0995976506666585
48,48.0,48.7543242612326,0.24874810799206573,0.08143889346825814,0.11482822854714707,0.039527770042862245,0.05203736058569058,0.06813765417267649,0.033994450191751444,0.04083411272888305,0.22390117293066056,0.09655224934000509
49,49.0,49.745736344347726,0.25024606281043793,0.0778895499750216,0.11315576637184221,0.04020868748863492,0.0502738579848868,0.06861693683214687,0.035840480806008525,0.03961010490520609,0.2270582371050605,0.0971003157207549
50,50.0,50.730549855707864,0.25372213964775225,0.07434518255963615,0.11668741667100224,0.04019969072803475,0.04821195455881594,0.06531724366645648,0.03491849255038612,0.03905298819091002,0.23042462351704585,0.09712026790996055
51,51.0,51.70957651737491,0.2592626280153078,0.07860561380012279,0.1154350211623564,0.03886664411326183,0.04660098705915695,0.06263467465104923,0.034039518194822094,0.03747975460786048,0.22905314983029737,0.09802200856576537
52,52.0,52.68360474770151,0.26163678828856196,0.07886522061031004,0.1173570204177157,0.037359936755738274,0.047724272577695744,0.058583646701158086,0.03320804609286625,0.036533980455470856,0.22974970862890576,0.09898137947157767
53,53.0,53.65339410751842,0.2663463462595178,0.07910768403014763,0.1159940042762343,0.03697474425956381,0.045664384554618936,0.05643939282014324,0.0339332110207505,0.03683319466724788,0.22966026043145024,0.099046777680326
54,54.0,54.61967059027847,0.26981518730294096,0.077625753556537,0.12091651704572215,0.03561832442657245,0.042876809663039035,0.05406341589072315,0.033191514093122966,0.03572339347618992,0.22843138464921434,0.10173769989593838
55,55.0,55.58312271885972,0.2758317923602144,0.07676476293848428,0.12090802158336345,0.03527537027925169,0.04023922416398674,0.05607232444508884,0.03249207171732695,0.03446500958280337,0.22890480813305553,0.09904661479642514
56,56.0,56.544398407394254,0.28603972872405564,0.07382867744236231,0.12157790744129865,0.03407335159189701,0.0377630049731998,0.05427452213421891,0.031837652861937266,0.03328781398292745,0.2325172354165708,0.0948001054315325
57,57.0,57.504102543001395,0.289579629681857,0.07046478870579878,0.12185428435282739,0.03714581171734315,0.03633312150490737,0.05237260176747041,0.031230299363467183,0.03465125749331686,0.2326645416846871,0.09370366372832509
58,58.0,58.462795239617805,0.28861639242529946,0.07052442729546803,0.11950965043468922,0.03886294459963183,0.035435780602310805,0.05287841789800759,0.030671378221209432,0.03512488037526797,0.23196818425706503,0.09640794389105099
59,59.0,59.42099071417639,0.290760882023703,0.06989603084485609,0.1176217179566597,0.037800737077203495,0.03345638057237693,0.05594754139409059,0.030161635410965365,0.03449061918372453,0.23516746046990544,0.09469699506651515
60,60.0,60.379156734137354,0.29082420816360444,0.06585102934773328,0.11731988715611394,0.037473073496025744,0.03582971798321154,0.05451461221412715,0.02970125052763605,0.034090290387350564,0.23981201194223095,0.09458391878196665
61,61.0,61.337714584760846,0.29764902683999306,0.0632555447714906,0.11662215113748713,0.03646774803420371,0.03560769159596952,0.053506787945902065,0.029289891627363306,0.03321685913534486,0.2409066591154507,0.09347763979679527
62,62.0,62.29703950447439,0.2979845509833879,0.06018218358498031,0.11513347862492576,0.035498277638221845,0.03525594657262956,0.05220595756634306,0.028926769700844207,0.032398602417186284,0.2511251462904839,0.09128908662099745
63,63.0,63.257461537171835,0.30242652269717746,0.055645223109039126,0.11339484530456599,0.03457077150545595,0.03378181579286328,0.055247550534599926,0.028610692269968575,0.0316381853466717,0.25356429131728997,0.09112010212236832
64,64.0,64.21926675122782,0.30150628439616906,0.05481131798965978,0.11348029843118376,0.034999850839852936,0.03672138078166637,0.05415435821165832,0.028340115659480816,0.032621232139399624,0.2566232636260657,0.08674189792486389
65,65.0,65.18269877636592,0.3011534998825173,0.05819027145229071,0.11019287595098799,0.03487091090467921,0.037227372233307965,0.051816264062458386,0.028113195553447025,0.03196433832276877,0.2603242398687797,0.08614703176876316
66,66.0,66.14796061122655,0.30548609283340566,0.05570381045650625,0.1038379577731502,0.03406402791809321,0.03822614813341875,0.053719110109053225,0.027927835502482144,0.034674030772558144,0.2654814294274452,0.08087955707388747
67,67.0,67.11521665648885,0.30489410394604466,0.053194072159762504,0.09886652432507112,0.03329719295098488,0.04318525511085068,0.052202204867415995,0.027781733101588928,0.03638503481664272,0.270922638502323,0.07927124021931575
68,68.0,68.08459493066005,0.2987818339900872,0.05537985037493531,0.11139443918122935,0.03257406955107753,0.042338866344666354,0.04951564592162119,0.027672423609769146,0.036821031561757867,0.2669776136711611,0.07854422579369522
69,69.0,69.05618942810752,0.2992530181972934,0.05472577286985975,0.11066140729599783,0.031897517795650136,0.04112764728264697,0.0511373238441419,0.027597320831033653,0.03621218822406829,0.27090158447007784,0.07648621918923049
70,70.0,70.03006258152917,0.2985215563965865,0.05141173158657275,0.11451708229609871,0.03126964603780898,0.04250580761553035,0.054189705950739894,0.028884166930402525,0.035602107337906995,0.2684307200630026,0.07466747578535088
71,71.0,71.00624779379335,0.292449334090082,0.051622976352735994,0.11303406258188481,0.03179795246643017,0.04495374542477123,0.056151939800878715,0.028856116122843445,0.03499701346698276,0.2720751949481417,0.07406166474524939
72,72.0,71.98475200689319,0.28811958571596835,0.05371925454041398,0.11230202697127226,0.03125997000357426,0.046633722599462676,0.05408635326031944,0.02884230923481184,0.03606072744062056,0.2742959030731417,0.07468014716041509
73,73.0,72.96555827861411,0.2876711251220079,0.05501534570189817,0.11628206096880145,0.030763186086968188,0.04833730409509417,0.05154566621568942,0.028841459943235274,0.03546502100956288,0.2700736839993028,0.07600514685744
74,74.0,73.94862834037681,0.28748745574719636,0.0560161865375196,0.11813650614335115,0.030308448701153047,0.04731352443106744,0.05335321085571611,0.028852280981384017,0.03487423501151534,0.26627707772261383,0.07738107386848338
75,75.0,74.93390511255946,0.28826275241302646,0.05842513375629264,0.11902654593329581,0.02989610056690789,0.04594015777495525,0.05178295607246551,0.02887349710590404,0.03596440250132068,0.2676131955017157,0.07421525837411627
76,76.0,75.92131515639825,0.2890438214458348,0.05938686303771797,0.11363530305212509,0.034517791049731295,0.04454472620670472,0.05248380253746289,0.028903856646913022,0.03538235370278533,0.2694469311445204,0.07265455117620474
77,77.0,76.91077104428919,0.28603020635862453,0.05999262735116288,0.1065683653975844,0.03427323402740729,0.04314339053321221,0.05288307049997525,0.028942141667351977,0.03480468624707566,0.2739304429288086,0.07943183498879744
78,78.0,77.90217363294813,0.28411285164810846,0.06050918045312817,0.10490050451561539,0.03654598663597464,0.04175075452173682,0.054746291015581504,0.03035511150414303,0.0342367386744662,0.27219078858471446,0.08065179244653159
79,79.0,78.89541422641172,0.27609926498965454,0.05899399715216836,0.10629355960946332,0.03782393491083401,0.04302931501746992,0.057415842482262815,0.030392091980650987,0.033683218472373024,0.2757695282747234,0.08049924711039991
80,80.0,79.89037661826481,0.2757311197655098,0.05674173624985218,0.10756910334291034,0.0386243230516432,0.04501305599426105,0.05930271792717428,0.03239092543689636,0.03314821810576543,0.2756539463103857,0.0758248538156019
81,81.0,80.88693900474995,0.27488463161976007,0.05713896778150343,0.10466274509047051,0.041525222058244785,0.04517086971904994,0.06196891485791099,0.03239344154067298,0.03263523559476095,0.2735476301140706,0.07607234162355607
82,82.0,81.88497576253909,0.2764534873641733,0.054196359437595445,0.10550128270163105,0.04096987035187614,0.04662397932558421,0.06394162472561941,0.03237177161866521,0.033699365468603644,0.2699828637926805,0.07625939521357143
83,83.0,82.88435908692391,0.27372341088387736,0.05438118215130968,0.10346915388322911,0.0403603551126256,0.04726530532987737,0.06728711256473507,0.03413217410681401,0.03322313885965113,0.26764641313136717,0.07851175397651382
84,84.0,83.88496048800103,0.26883236654600107,0.057054729657977726,0.10169778963776037,0.044150397113659146,0.04937821439454033,0.06827278792168978,0.0359302260951927,0.03276230352299735,0.261932075059883,0.07998911005029885
85,85.0,84.88665214409042,0.26984897479880154,0.055807418249577016,0.09817910000700936,0.04501444075548427,0.04787981535275701,0.06818216881468397,0.03613581495849392,0.03231992868477898,0.26605235130469246,0.08057998707372176
86,86.0,85.88930811312994,0.2649869349343093,0.05804881404565111,0.09987831460231188,0.04628298578047039,0.04720962859469078,0.06582504986143214,0.035956106312857686,0.03313672725796379,0.26456355389183567,0.08411188471847753
87,87.0,86.89280540413424,0.2639428452397896,0.06229161581597632,0.09658877902208649,0.0511022649900552,0.046707543436964725,0.06587180060523219,0.035734807468656496,0.03492560067691307,0.2609109607347619,0.08192378200956432
88,88.0,87.89702491199675,0.2612812292919832,0.0645158901717554,0.10144835994466181,0.050297513033206794,0.04763061600606247,0.06278975036362948,0.03547829043418887,0.03705644986754461,0.2587131650095379,0.08078873587742968
89,89.0,88.90185221995306,0.25573165988137236,0.07058996456463723,0.10514924116828016,0.04918533105540513,0.04605110049821654,0.06213782510276725,0.03519264219882611,0.03660899306052033,0.2586636346314246,0.08068960783855056
90,90.0,89.90717827491419,0.2570471670628141,0.07228549675712491,0.10754121704490856,0.049049883787073506,0.046838756604181464,0.06199797263094807,0.03488363236501137,0.03614019200359328,0.25607956731498066,0.07813611442936433
91,91.0,90.91289994163006,0.2543014725673331,0.07245259852524524,0.11051644777659977,0.050274679999018024,0.0452465015723005,0.06214124639103314,0.03455668719092799,0.035656869132323,0.25715010062552257,0.07770339621969695
92,92.0,91.91892044225806,0.256248630312917,0.07075621327332372,0.11199138625490554,0.05060091720065844,0.04366100702788463,0.059908644188599036,0.03421686966234367,0.035165309856856515,0.25682008159213376,0.08063094063037801
93,93.0,92.92514968840067,0.2605288300205435,0.06741981928934013,0.11356579288717453,0.04970678378942536,0.04209745186763149,0.05972955002106543,0.03638591238256067,0.03467125341036812,0.25605487555871037,0.07983973077318081
94,94.0,93.93150451304501,0.2559797328376224,0.07046284750219628,0.11508321649743426,0.04823860184279876,0.040569277704727354,0.0625988882010123,0.03663042180437654,0.034179890074424873,0.2562573371331352,0.07999978640227252
95,95.0,94.93790881009448,0.2573734624183136,0.06800331462346032,0.1128517171387481,0.046734852072406824,0.03908822818106636,0.06441638815896054,0.036224760752286776,0.033695864171331705,0.262563516359448,0.07904789612397817
96,96.0,95.94429358933806,0.2539832873954368,0.0728094025199794,0.11483685124060536,0.045214128758330016,0.038811425850811154,0.06207614209207944,0.035797418197883124,0.03322328221683454,0.2654558167759738,0.07779224495206676
97,97.0,96.9505969547639,0.2518597648822569,0.0711285354332639,0.12028169479148766,0.043693336488077585,0.037441867424508044,0.05968889467778363,0.03535483571694101,0.03276572563561875,0.26557144613752093,0.08221389881254201
98,98.0,97.9567640140995,0.2569698812222362,0.07405209088771662,0.1159888878592225,0.04218769007996962,0.038186250789333506,0.05697001413377143,0.03490296312692369,0.032326267456168345,0.26635013468456104,0.08206581976009743
99,99.0,98.96274672736057,0.25568210755746307,0.07686422308477237,0.11422185678060738,0.04362387528398644,0.0391274102006093,0.053876532898645385,0.034447248164638865,0.03450598695134808,0.26626653708397463,0.08138422199395473
100,100.0,99.96850370202192,0.25637262529337906,0.07784987577815873,0.12144807553124529,0.0421583737298594,0.0392216271216131,0.05085363445804549,0.03399263221693613,0.034084029549374256,0.2662758178372754,0.07774330848411339
101,101.0,100.97399994219691,0.2645669529263813,0.07694211823417665,0.11916068919484815,0.04259679109263402,0.042219213116426776,0.047924489516925135,0.03354355154183431,0.03366342759210407,0.2636089350041267,0.07577383178054314
102,102.0,101.97920655893245,0.26307673633971546,0.07860186204638984,0.11993267380641304,0.04117434155929605,0.04102287990296889,0.04890825819262819,0.03310394341882433,0.03324825155463986,0.2633193611577476,0.077611692021377
103,103.0,102.98410044840509,0.26267617243175706,0.08124863346279441,0.11977410915079292,0.03978239356369891,0.039835951211827106,0.050291659319447415,0.03421354272397816,0.03284211060537568,0.2631715330369306,0.07616389449339805
104,104.0,103.98866394444643,0.2614923456431562,0.08200788784028226,0.1196383590406083,0.03843181643202451,0.043428038702113834,0.05074341024075061,0.03378738922633088,0.03244816264498416,0.25996356770456674,0.0780590225251829
105,105.0,104.99288445143917,0.2598390518735722,0.08204204639484398,0.11598942757285545,0.03713197884919729,0.04518091196229991,0.049175526875566054,0.03336597718618502,0.03206912785418195,0.26184273115768464,0.08336322027361387
106,106.0,105.99675406321822,0.2607687969679071,0.08049883457310797,0.11090324754265192,0.035890805236160825,0.04396330827369973,0.052769119041436996,0.03295304657819189,0.03170730526391814,0.2635374881514439,0.08700804837148188
107,107.0,107.0002691731872,0.26366799626889825,0.07809024988198549,0.11294787709769008,0.0347148409320664,0.04272783187122257,0.05110421508677507,0.03255187856521615,0.03136459188004154,0.26167364633970636,0.09115687207639843
108,108.0,108.0034300804274,0.2646191944944652,0.07761883123447455,0.11499558281102508,0.033609324649060746,0.0414886247902809,0.04864066565426849,0.033977402780330214,0.031042503915752175,0.26021346064932727,0.09379440902101571
109,109.0,109.00624059613932,0.26702040565219554,0.07396834824193964,0.1157848568766937,0.03257826674786505,0.04192311979987611,0.04861027257520675,0.03358971575492962,0.030742199708734222,0.2595271728932255,0.09625564174933417
110,110.0,110.00870765431864,0.27303204699604755,0.07106101102798837,0.11283468304296775,0.033482482325663185,0.04069673324320207,0.04700202941292562,0.03320490027451979,0.030464503925330726,0.26505844975740556,0.09316315999394972
111,111.0,111.01084093013685,0.2759431537071602,0.06737900056929982,0.11899660795297806,0.03258929620170726,0.03948601800976341,0.04471759973752263,0.03282651733940575,0.030209932681014275,0.26529435539501056,0.09255751840613836
112,112.0,112.01265246907188,0.2804587842749351,0.06496078759304505,0.12016916100052291,0.03324698494265653,0.03830151411957099,0.044668989010612926,0.03245770752440906,0.029978719234319322,0.264648159011067,0.09110919328886151
113,113.0,113.01415632942268,0.2812188180924875,0.06408052328576647,0.1193888305104192,0.033660687641597846,0.03890920476999923,0.04324761931797901,0.03210120161566794,0.029770839939950673,0.26481131379260536,0.09281096103352716
114,114.0,114.01536824044418,0.2823639851329804,0.06433744761235113,0.12070015632193155,0.032922751917100264,0.03778595094416723,0.0469589319128498,0.031759334281644264,0.02958604017561938,0.2615057732992236,0.09207962840213274
115,115.0,115.01630527795908,0.2860609885976646,0.06150713878140545,0.12260171787489053,0.032229382245881434,0.03669716299147677,0.046033402567773496,0.031434060338206504,0.030723011645438163,0.2623525600079081,0.09036057494935529
116,116.0,116.0169855589429,0.28245008018654494,0.05941878936782095,0.12530205688488572,0.03158305571932567,0.03565028220414058,0.047011765209375195,0.031126973185730454,0.030569819358294864,0.26821324093257437,0.08867393695130765
117,117.0,117.01742795623892,0.28249196171677493,0.05908937962524449,0.12345619602104027,0.030985531288232226,0.034651586673496604,0.05112122383706852,0.030839325016644707,0.030426248106282944,0.27067985963568253,0.0862586880795332
118,118.0,118.01765183424293,0.27843651688977145,0.055771664982839975,0.1252378177230476,0.03043790398736581,0.04002335601967703,0.04971491274763679,0.03057204841430109,0.030292771498409386,0.27123375924352733,0.08827924849342396
119,119.0,119.01767680610413,0.2785954369397123,0.05464687767509795,0.1243997281559002,0.02994066037671237,0.04030158309228009,0.04775177746912206,0.03032577898804882,0.030169714836339095,0.27609220664813305,0.08777623581865449
120,120.0,120.01752251271817,0.27724877975312695,0.05315202359448329,0.12599050410028298,0.03140335149773026,0.03934263016328541,0.045807437943767584,0.030100878714541292,0.030057266692112443,0.2773427748882638,0.08955435265240641
121,121.0,121.01720842354362,0.2785778518478582,0.0497060275628891,0.12419152339442109,0.03185803268531349,0.0417341653435042,0.043899457991510876,0.0298974596812391,0.029955490695387325,0.2824223459053543,0.0877576448925227
122,122.0,122.01675365905109,0.27921262482040565,0.05123627918299546,0.12702493212530538,0.032138346995465514,0.04130699268463262,0.042043281454564735,0.029715407954454737,0.03037860829399832,0.2799835333700592,0.08695999311811876
123,123.0,123.0161768344173,0.2793235955428706,0.05580877259778302,0.12404519889949742,0.031763065137115465,0.041353800805562585,0.043086520485282095,0.029554407320804263,0.031012948678133125,0.2765973646577853,0.08745432587516656
124,124.0,124.01549592390272,0.27654528044058696,0.05314256628507309,0.12812116765478063,0.03140768081322927,0.0423262692417214,0.04305296288043073,0.029413962677310793,0.031720469807808946,0.2775854106234979,0.08668422957556071
125,125.0,125.01472814520056,0.26944744824147054,0.054971372883347386,0.1288935751361844,0.0371331996676296,0.04226926668685672,0.04135395129204317,0.02929342287139356,0.031857250441899534,0.27744885427551785,0.0873316585036576
126,126.0,126.01388986291661,0.26845514352055855,0.0561291617878654,0.13464712440644777,0.03734770622887117,0.041219461774408855,0.044530989890452635,0.029192002817354117,0.031752423087695485,0.2721562040522123,0.08456978243413399
127,127.0,127.0129965102319,0.2682543526071275,0.05797078486701343,0.13726581469358887,0.03825781965117657,0.04252846171422355,0.04363588917037686,0.03199633934436137,0.031640554238034885,0.26759010973184394,0.08085987398225328
128,128.0,128.01206252771334,0.2726700934145532,0.057606820978665874,0.13522248906158557,0.037807903533267,0.044181211778367695,0.04203820491625894,0.031901497681789626,0.03152346673096,0.2682619570021465,0.07878635490240583
129,129.0,129.0111013181695,0.2780859055319465,0.0568032020191392,0.13678108244881648,0.03732489999181571,0.04350825392451353,0.040479907038390224,0.031797125208657157,0.031402853307283,0.26916229925148677,0.07465447127795169
130,130.0,130.01012521639834,0.2846030497930708,0.056000315377723424,0.1317500971062717,0.03824215710723265,0.0423734930599854,0.03897263987792447,0.03168521873075136,0.03128027269290087,0.27420272659899075,0.07089002965514882
131,131.0,131.0091454726403,0.2902077394563711,0.05684162140933265,0.12953923713529905,0.03770257856765844,0.041228473351310226,0.03752637303472606,0.031567650713328635,0.03115714741302795,0.27573494120256736,0.06849423771637882
132,132.0,132.0081722485317,0.28379415108824496,0.060954929995982565,0.13005392174774047,0.037984753050257294,0.04008567087998947,0.03614946914550022,0.03144616299051489,0.031766941347051963,0.26948174443727224,0.07828225531744627
133,133.0,133.00721462434865,0.2886304450090643,0.06546827347691925,0.12912953385453205,0.03808408104103658,0.03895629194700089,0.03484876095374196,0.03132236241007738,0.031639126130167124,0.2635227243161167,0.0783984008613441
134,134.0,134.0062806163404,0.29033176226663,0.06614772252053945,0.12987129952411972,0.03747563381142627,0.037850287987841166,0.03530771816340293,0.031197718263582842,0.03253038608273157,0.259877230356836,0.07941024102289038
135,135.0,135.00537720296956,0.29378642306062797,0.06875669906698625,0.12752552301003664,0.03685327496666272,0.036776381544718996,0.03822883881982003,0.031073561349101934,0.03238679976105603,0.25644296884348106,0.07816952957750868
136,136.0,136.00451035890612,0.2951238371134991,0.06790027919188742,0.12483874492091304,0.036224619256708904,0.037710422840622704,0.04146692206281906,0.030951084512578095,0.03223370407393749,0.2582500013150488,0.07530038471198575
137,137.0,137.00368509565993,0.2955838176281256,0.06970515333880105,0.12224034272311671,0.038011934737550115,0.03927086953230607,0.0422198930745732,0.03250320951080991,0.03207358091479143,0.2564172496547744,0.07197394888515196
138,138.0,138.0029055077818,0.29202481359346877,0.0682490300528629,0.11845538654533617,0.037366582691801646,0.038271000543869116,0.04765288309556539,0.032370411417504304,0.03190873426241205,0.26054997163526594,0.07315118616191413
139,139.0,139.00217482361367,0.29146554429011934,0.06751308439634163,0.1186842343804427,0.036712100023710004,0.03728840844883717,0.04851370734339145,0.03222718901935421,0.03174128493264649,0.26449115247773436,0.0713632946874231
140,140.0,140.0014954596262,0.2934805592518821,0.06635077197613176,0.1138915832833561,0.04025277048715144,0.04127152011669479,0.047253895370252784,0.03207601697082558,0.031573167686531026,0.26172890499590395,0.07212080986127095
141,141.0,141.00086907744122,0.29867744278778807,0.06530449464704621,0.11071098915168788,0.03998631588404339,0.04114157275396175,0.045947525640725455,0.03191920195744156,0.03140613048816179,0.2623079818927285,0.07259834479641576
142,142.0,142.0002966427003,0.3000862381246502,0.06463867247569682,0.10534989877625676,0.03926269191558773,0.040153367599658006,0.044612317627743606,0.03175887642582152,0.031241735704747864,0.27107414844434924,0.07182205290548857
143,143.0,142.99977848500652,0.2969382298168642,0.0668914894656214,0.09879641517415788,0.04102334644994202,0.03916244928478806,0.04766612238444689,0.03159699468310528,0.031081363042627853,0.2786057763262223,0.06823781337222445
144,144.0,143.99931435823203,0.2977157366655344,0.06479258184475424,0.09490861909320983,0.04024361334375323,0.03987690096344098,0.04851291227698991,0.03143533116782961,0.030926214016293564,0.2786385453224715,0.07294954530572306
145,145.0,144.99890350055264,0.29982335929698906,0.0643883373632765,0.09360776715682939,0.03943941741474579,0.039568986407498646,0.04759327459911457,0.031275480692403206,0.035704532162439184,0.27870967461744767,0.06988917028925629
146,146.0,145.9985446936357,0.29944193794167384,0.06402431080918453,0.09777036860053162,0.03862124690449163,0.03858780914400572,0.046781728639007876,0.03348233622219738,0.03551348020333738,0.27991573601658526,0.06586104551898508
147,147.0,146.99823632047406,0.29916130655311435,0.06228552000946793,0.10147118139714727,0.037798680976217976,0.03761887151542203,0.04965342133623853,0.033306554648648394,0.035286398638112386,0.2773934404222012,0.06602462450343026
148,148.0,147.99797642142389,0.29582829255928134,0.06473297306751796,0.10200136593916075,0.038827215171793675,0.03667063893454249,0.048999530495600636,0.03311528568596782,0.03502916124302877,0.28050273751376753,0.06429279938933935
149,149.0,148.99776274806447,0.29679080875316505,0.06458515984181644,0.10022566226677689,0.038002476489388114,0.037440114952410675,0.049089839639397205,0.03291199076269563,0.03474735597502322,0.2829556522442806,0.06325093907504648
150,150.0,149.99759281456036,0.2942593719416115,0.06421957246553676,0.1035450836489118,0.04115357572281674,0.036537609661963254,0.049181746217392824,0.0326999054241237,0.034446257674068,0.28293637177436876,0.061020505469207
151,151.0,150.99746394626104,0.29090933654365186,0.06332865442470503,0.10286857495678536,0.040983165283298956,0.03800405982885317,0.05037504806755237,0.032482029565167735,0.034130806626467614,0.28706315348533235,0.05985517121818585
152,152.0,151.99737332532905,0.28618001683947003,0.0668823094442575,0.11058165858856749,0.04148260628868747,0.03825351077414786,0.04912181085005453,0.03226112099645568,0.033805592617362594,0.28209217121998686,0.05933920238101034
153,153.0,152.99731803323698,0.2829980474053811,0.07252878870687103,0.11079178498057571,0.04114176820161208,0.03738805813294863,0.04742055313454894,0.032039692074650274,0.033474844082994455,0.28237800770946175,0.059838455570956406
154,154.0,153.99729509002177,0.27676033275832096,0.0713889777426323,0.11097346816556548,0.04261542612542535,0.039581327709194786,0.04869046889821373,0.03182000912427891,0.03485541943342044,0.2792890677323318,0.06402550231061656
155,155.0,154.99730149022784,0.2772747789662016,0.07348247407762455,0.10806283968355845,0.041657187180647086,0.03871800526953493,0.046968760481461126,0.03160409437770189,0.03450768532950109,0.28162586331658696,0.06609831131718265
156,156.0,155.99733423551103,0.27868109395085955,0.07686623378409108,0.10663957600508663,0.04067820025854018,0.0398607502418179,0.04730875145291908,0.031393730162005556,0.03414964778267866,0.27964054055014753,0.0647814758118542
157,157.0,156.99739036391077,0.27644160056862965,0.08047766632836723,0.10621648466819295,0.03969033002605857,0.03898438951584943,0.048940319021907784,0.031190465066258798,0.03378591751271169,0.27737622798339073,0.06689659930863355
158,158.0,157.99746697583146,0.2873796878413094,0.07938978987518729,0.10443285544900349,0.03870434351656453,0.03810582096731931,0.04747468610940495,0.030995621829424128,0.03485945857235582,0.2733944498297783,0.0652632860096532
159,159.0,158.99756125680176,0.2883143795910523,0.07765519078505394,0.10337321867694273,0.03772991222285425,0.03903908251050988,0.04573596033420385,0.030810306697978684,0.03448216921034461,0.27483148388404416,0.06802829608701597
160,160.0,159.997670497107,0.29147388099871296,0.07387706407803216,0.10572364855511418,0.03677562493628646,0.040394746780082535,0.044013747533180825,0.030635420012698,0.034097787092431074,0.27683837221021695,0.06616970780324524
161,161.0,160.99779210841066,0.296332620934339,0.06977316371639246,0.10586175016930918,0.03584901012901258,0.03950331394797338,0.042323618536928294,0.030471667795818398,0.033710865315384586,0.27926054587937366,0.06691344357546881
162,162.0,161.99792363749984,0.2988771426940643,0.06858539083369247,0.10754068405112635,0.034956566701175966,0.0386059912595954,0.04286874252038693,0.03031957412266858,0.033325527062888896,0.28030855261069304,0.06461182814370833
163,163.0,162.9980627773051,0.29857033529306304,0.06505576512114478,0.10633615519506502,0.03410380194911125,0.037712340927459266,0.043769787741083976,0.030179494075607056,0.032945467365013886,0.28774135009360147,0.06358550223885054
164,164.0,163.9982073753568,0.30349187307455866,0.06667703487387822,0.10476928450999465,0.03616837605541159,0.036830932219262154,0.04218434583257244,0.030051627092495613,0.03257395896327624,0.286708041459581,0.060544525918969694
165,165.0,164.99835543984977,0.30534685605921275,0.06748246395693336,0.10286591634862935,0.03537901862814306,0.03828208343971649,0.04063560465658633,0.02993603053677036,0.032213861812079594,0.2865673431768627,0.06129082138506626
166,166.0,165.99850514349492,0.31112828251811975,0.06773940879776198,0.10410297920226205,0.03461480675731995,0.03782687759080569,0.03913538155163297,0.029832633331249928,0.03186763575788182,0.28560909891365305,0.058142895579313084
167,167.0,166.99865482534062,0.32135988330352194,0.0647979971123145,0.09882939702325708,0.03388086800600595,0.03697619256468847,0.03769382694165862,0.02974124951296904,0.033927959899741275,0.2864359511576569,0.05635667447818647
168,168.0,167.99880299074837,0.3205229979122315,0.06450881052376385,0.10542025652940326,0.033181514449763284,0.03614081411553608,0.038607628180803655,0.02966159158138655,0.03359142847502273,0.2820719888594062,0.05629296937268315
169,169.0,168.99894830970783,0.32378443453189676,0.06427295966163224,0.1043764249772056,0.032520281104647254,0.035327565370143574,0.03953427453036373,0.02959328352714844,0.03325263590802581,0.2829079073892951,0.0544302329996417
170,170.0,169.99908961367427,0.3261043083359966,0.06302921484950745,0.10366943501149514,0.031899968282996356,0.03454236584558888,0.04048070611916828,0.02953587344306266,0.032915196238648324,0.2866030053958646,0.05121992647767198
171,171.0,170.99922589110733,0.3272548991817028,0.06272299371490483,0.10493563050795508,0.03132268706068059,0.039081782239299215,0.03954628354900224,0.029488845632954834,0.032582348573822105,0.2811281083793551,0.051936421160323494
172,172.0,171.99935628188598,0.32610958717561644,0.0650580280839281,0.10505280496871111,0.03348881836517417,0.0384289114437838,0.038314814345097724,0.029451632147528238,0.03471446774808498,0.27706861764322854,0.052312318078847175
173,173.0,172.99948007076793,0.3308677217143508,0.06431036093518173,0.10856600730379919,0.03336066211948419,0.03765368267244263,0.037123343918132684,0.029423623689169023,0.034374475324930494,0.2744441325224956,0.04987598980001402
174,174.0,173.99959668005403,0.3305852867035675,0.0638128449895067,0.11088419486478104,0.03416790090268784,0.04056872689605129,0.037069842067196566,0.02940417983975404,0.03402473739084215,0.26913397734132866,0.05034830900428461
