,Unnamed: 0,Total_iterations,Add_vertex,Delete_vertex,Insert_inside_vertex,Delete_inside_vertex
0,0.0,0.0,0.25,0.25,0.25,0.25
1,1.0,1.0,0.25,0.25,0.25,0.25
2,2.0,2.0,0.25,0.25,0.25,0.25
3,3.0,3.0,0.25,0.25,0.25,0.25
4,4.0,4.0,0.25,0.25,0.25,0.25
5,5.0,5.0,0.25,0.25,0.25,0.25
6,6.0,6.0,0.25,0.25,0.25,0.25
7,7.0,7.0,0.25,0.25,0.25,0.25
8,8.0,8.0,0.25,0.25,0.25,0.25
9,9.0,9.0,0.25,0.25,0.25,0.25
10,10.0,10.0,0.25,0.25,0.25,0.25
11,11.0,11.0,0.25,0.25,0.25,0.25
12,12.0,12.0,0.25,0.25,0.25,0.25
13,13.0,13.0,0.25,0.25,0.25,0.25
14,14.0,14.0,0.25,0.25,0.25,0.25
15,15.0,15.0,0.25,0.25,0.25,0.25
16,16.0,16.0,0.25,0.25,0.25,0.25
17,17.0,17.0,0.25,0.25,0.25,0.25
18,18.0,18.0,0.25,0.25,0.25,0.25
19,19.0,19.0,0.25,0.25,0.25,0.25
20,20.0,20.0,0.25,0.25,0.25,0.25
21,21.0,21.0,0.25,0.25,0.25,0.25
22,22.0,22.0,0.25,0.25,0.25,0.25
23,23.0,23.0,0.25,0.25,0.25,0.25
24,24.0,24.0,0.25,0.25,0.25,0.25
25,25.0,25.0,0.25,0.25,0.25,0.25
26,26.0,26.0,0.25,0.25,0.25,0.25
27,27.0,27.0,0.25,0.25,0.25,0.25
28,28.0,28.0,0.25,0.25,0.25,0.25
29,29.0,29.0,0.25,0.25,0.25,0.25
30,30.0,30.0,0.25,0.25,0.25,0.25
31,31.0,31.0,0.25,0.25,0.25,0.25
32,32.0,32.0,0.25,0.25,0.25,0.25
33,33.0,33.0,0.25,0.25,0.25,0.25
34,34.0,34.0,0.25,0.25,0.25,0.25
35,35.0,35.0,0.25,0.25,0.25,0.25
36,36.0,36.0,0.25,0.25,0.25,0.25
37,37.0,37.0,0.25,0.25,0.25,0.25
38,38.0,38.0,0.25,0.25,0.25,0.25
39,39.0,39.0,0.25,0.25,0.25,0.25
40,40.0,40.0,0.25,0.25,0.25,0.25
41,41.0,41.0,0.25,0.25,0.25,0.25
42,42.0,42.0,0.25,0.25,0.25,0.25
43,43.0,43.0,0.25,0.25,0.25,0.25
44,44.0,44.0,0.25,0.25,0.25,0.25
45,45.0,45.0,0.25,0.25,0.25,0.25
46,46.0,46.0,0.25,0.25,0.25,0.25
47,47.0,47.0,0.25,0.25,0.25,0.25
48,48.0,48.0,0.25,0.25,0.25,0.25
49,49.0,49.0,0.25,0.25,0.25,0.25
50,50.0,50.0,0.25,0.25,0.25,0.25
51,51.0,51.0,0.25,0.25,0.25,0.25
52,52.0,52.0,0.25,0.25,0.25,0.25
53,53.0,53.0,0.25,0.25,0.25,0.25
54,54.0,54.0,0.25,0.25,0.25,0.25
55,55.0,55.0,0.25,0.25,0.25,0.25
56,56.0,56.0,0.25,0.25,0.25,0.25
57,57.0,57.0,0.25,0.25,0.25,0.25
58,58.0,58.0,0.25,0.25,0.25,0.25
59,59.0,59.0,0.25,0.25,0.25,0.25
60,60.0,60.0,0.25,0.25,0.25,0.25
61,61.0,61.0,0.25,0.25,0.25,0.25
62,62.0,62.0,0.25,0.25,0.25,0.25
63,63.0,63.0,0.25,0.25,0.25,0.25
64,64.0,64.0,0.25,0.25,0.25,0.25
65,65.0,65.0,0.25,0.25,0.25,0.25
66,66.0,66.0,0.25,0.25,0.25,0.25
67,67.0,67.0,0.25,0.25,0.25,0.25
68,68.0,68.0,0.25,0.25,0.25,0.25
69,69.0,69.0,0.25,0.25,0.25,0.25
70,70.0,70.0,0.25,0.25,0.25,0.25
71,71.0,71.0,0.25,0.25,0.25,0.25
72,72.0,72.0,0.25,0.25,0.25,0.25
73,73.0,73.0,0.25,0.25,0.25,0.25
74,74.0,74.0,0.25,0.25,0.25,0.25
75,75.0,75.1,0.25,0.25,0.25,0.25
76,76.0,76.1,0.25,0.25,0.25,0.25
77,77.0,77.1,0.25,0.25,0.25,0.25
78,78.0,78.1,0.25,0.25,0.25,0.25
79,79.0,79.1,0.25,0.25,0.25,0.25
80,80.0,80.1,0.25,0.25,0.25,0.25
81,81.0,81.1,0.25,0.25,0.25,0.25
82,82.0,82.1,0.25,0.25,0.25,0.25
83,83.0,83.1,0.25,0.25,0.25,0.25
84,84.0,84.1,0.25,0.25,0.25,0.25
85,85.0,85.1,0.25,0.25,0.25,0.25
86,86.0,86.1,0.25,0.25,0.25,0.25
87,87.0,87.2,0.25,0.25,0.25,0.25
88,88.0,88.3,0.25,0.25,0.25,0.25
89,89.0,89.5,0.25,0.25,0.25,0.25
90,90.0,90.5,0.25,0.25,0.25,0.25
91,91.0,91.5,0.25,0.25,0.25,0.25
92,92.0,92.5,0.25,0.25,0.25,0.25
93,93.0,93.5,0.25,0.25,0.25,0.25
94,94.0,94.5,0.25,0.25,0.25,0.25
95,95.0,95.5,0.25,0.25,0.25,0.25
96,96.0,96.5,0.25,0.25,0.25,0.25
97,97.0,97.5,0.25,0.25,0.25,0.25
98,98.0,98.5,0.25,0.25,0.25,0.25
99,99.0,99.5,0.25,0.25,0.25,0.25
100,100.0,100.5,0.25,0.25,0.25,0.25
101,101.0,101.5,0.25,0.25,0.25,0.25
102,102.0,102.5,0.25,0.25,0.25,0.25
103,103.0,103.5,0.25,0.25,0.25,0.25
104,104.0,104.5,0.25,0.25,0.25,0.25
105,105.0,105.5,0.25,0.25,0.25,0.25
106,106.0,106.5,0.25,0.25,0.25,0.25
107,107.0,107.5,0.25,0.25,0.25,0.25
108,108.0,108.5,0.25,0.25,0.25,0.25
109,109.0,109.5,0.25,0.25,0.25,0.25
110,110.0,110.5,0.25,0.25,0.25,0.25
111,111.0,111.5,0.25,0.25,0.25,0.25
112,112.0,112.5,0.25,0.25,0.25,0.25
113,113.0,113.5,0.25,0.25,0.25,0.25
114,114.0,114.5,0.25,0.25,0.25,0.25
115,115.0,115.5,0.25,0.25,0.25,0.25
116,116.0,116.5,0.25,0.25,0.25,0.25
117,117.0,117.5,0.25,0.25,0.25,0.25
118,118.0,118.5,0.25,0.25,0.25,0.25
119,119.0,119.5,0.25,0.25,0.25,0.25
120,120.0,120.5,0.25,0.25,0.25,0.25
121,121.0,121.5,0.25,0.25,0.25,0.25
122,122.0,122.5,0.25,0.25,0.25,0.25
123,123.0,123.5,0.25,0.25,0.25,0.25
124,124.0,124.5,0.25,0.25,0.25,0.25
125,125.0,125.5,0.25,0.25,0.25,0.25
126,126.0,126.5,0.25,0.25,0.25,0.25
127,127.0,127.5,0.25,0.25,0.25,0.25
128,128.0,128.5,0.25,0.25,0.25,0.25
129,129.0,129.5,0.25,0.25,0.25,0.25
130,130.0,130.5,0.25,0.25,0.25,0.25
131,131.0,131.5,0.25,0.25,0.25,0.25
132,132.0,132.5,0.25,0.25,0.25,0.25
133,133.0,133.5,0.25,0.25,0.25,0.25
134,134.0,134.5,0.25,0.25,0.25,0.25
135,135.0,135.5,0.25,0.25,0.25,0.25
136,136.0,136.5,0.25,0.25,0.25,0.25
137,137.0,137.5,0.25,0.25,0.25,0.25
138,138.0,138.5,0.25,0.25,0.25,0.25
139,139.0,139.5,0.25,0.25,0.25,0.25
140,140.0,140.5,0.25,0.25,0.25,0.25
141,141.0,141.5,0.25,0.25,0.25,0.25
142,142.0,142.5,0.25,0.25,0.25,0.25
143,143.0,143.5,0.25,0.25,0.25,0.25
144,144.0,144.5,0.25,0.25,0.25,0.25
145,145.0,145.5,0.25,0.25,0.25,0.25
146,146.0,146.5,0.25,0.25,0.25,0.25
147,147.0,147.5,0.25,0.25,0.25,0.25
148,148.0,148.5,0.25,0.25,0.25,0.25
149,149.0,149.5,0.25,0.25,0.25,0.25
150,150.0,150.5,0.25,0.25,0.25,0.25
151,151.0,151.5,0.25,0.25,0.25,0.25
152,152.0,152.5,0.25,0.25,0.25,0.25
153,153.0,153.5,0.25,0.25,0.25,0.25
154,154.0,154.5,0.25,0.25,0.25,0.25
155,155.0,155.5,0.25,0.25,0.25,0.25
156,156.0,156.5,0.25,0.25,0.25,0.25
157,157.0,157.5,0.25,0.25,0.25,0.25
158,158.0,158.5,0.25,0.25,0.25,0.25
159,159.0,159.5,0.25,0.25,0.25,0.25
160,160.0,160.5,0.25,0.25,0.25,0.25
161,161.0,161.5,0.25,0.25,0.25,0.25
162,162.0,162.5,0.25,0.25,0.25,0.25
163,163.0,163.6,0.25,0.25,0.25,0.25
164,164.0,164.6,0.25,0.25,0.25,0.25
165,165.0,165.6,0.25,0.25,0.25,0.25
166,166.0,166.6,0.25,0.25,0.25,0.25
167,167.0,167.6,0.25,0.25,0.25,0.25
168,168.0,168.6,0.25,0.25,0.25,0.25
169,169.0,169.6,0.25,0.25,0.25,0.25
170,170.0,170.6,0.25,0.25,0.25,0.25
171,171.0,171.6,0.25,0.25,0.25,0.25
172,172.0,172.6,0.25,0.25,0.25,0.25
173,173.0,173.6,0.25,0.25,0.25,0.25
174,174.0,174.6,0.25,0.25,0.25,0.25
175,175.0,175.6,0.25,0.25,0.25,0.25
176,176.0,176.6,0.25,0.25,0.25,0.25
177,177.0,177.6,0.25,0.25,0.25,0.25
178,178.0,178.6,0.25,0.25,0.25,0.25
179,179.0,179.6,0.25,0.25,0.25,0.25
180,180.0,180.6,0.25,0.25,0.25,0.25
181,181.0,181.6,0.25,0.25,0.25,0.25
182,182.0,182.6,0.25,0.25,0.25,0.25
183,183.0,183.6,0.25,0.25,0.25,0.25
184,184.0,184.6,0.25,0.25,0.25,0.25
185,185.0,185.6,0.25,0.25,0.25,0.25
186,186.0,186.6,0.25,0.25,0.25,0.25
187,187.0,187.6,0.25,0.25,0.25,0.25
188,188.0,188.6,0.25,0.25,0.25,0.25
189,189.0,189.6,0.25,0.25,0.25,0.25
190,190.0,190.6,0.25,0.25,0.25,0.25
191,191.0,191.6,0.25,0.25,0.25,0.25
192,192.0,192.6,0.25,0.25,0.25,0.25
193,193.0,193.6,0.25,0.25,0.25,0.25
194,194.0,194.6,0.25,0.25,0.25,0.25
195,195.0,195.6,0.25,0.25,0.25,0.25
196,196.0,196.6,0.25,0.25,0.25,0.25
197,197.0,197.6,0.25,0.25,0.25,0.25
198,198.0,198.6,0.25639820066497165,0.2366743594758459,0.270407979659691,0.2365194601994915
199,199.0,199.6,0.31600662106210886,0.19854910051063762,0.2634270289654635,0.22201724946179002
200,200.0,200.6,0.3178493111181796,0.2339717192187647,0.2117346655499372,0.23644430411311834
201,201.0,201.6,0.3188042034594521,0.23459195439550876,0.21176589243041838,0.2348379497146207
202,202.0,202.6,0.3168772370107892,0.23459991641197098,0.21299746070792933,0.23552538586931035
203,203.0,203.6,0.31534519469160116,0.23657887481286105,0.21036343666945118,0.23771249382608647
204,204.0,204.6,0.3098881721092488,0.23877379657940495,0.20934396045388853,0.24199407085745764
205,205.0,205.6,0.3119772236231083,0.2408652411490168,0.20398106861334736,0.24317646661452735
206,206.0,206.6,0.3067521009210521,0.24425062851866555,0.20233816517794573,0.24665910538233654
207,207.0,207.6,0.3029166093022976,0.24299923667672002,0.20598257822019791,0.24810157580078424
208,208.0,208.6,0.30341156601563357,0.24532487657516983,0.2031651084375552,0.24809844897164113
209,209.0,209.6,0.3028268912680546,0.2443215175123974,0.20310358771182963,0.24974800350771806
210,210.0,210.6,0.30332465590640995,0.245135808445662,0.20266115756972733,0.2488783780782005
211,211.0,211.6,0.294348226907298,0.2468156004032421,0.20375388918414528,0.25508228350531453
212,212.0,212.6,0.29333291459382993,0.24625467052853361,0.20792519303989376,0.2524872218377426
213,213.0,213.6,0.295138006744918,0.24682306890512912,0.20570928126032517,0.25232964308962746
214,214.0,214.6,0.29507009887054814,0.24716527855972065,0.205667038671352,0.25209758389837916
215,215.0,215.6,0.2942622373176005,0.2464136850927577,0.20651193822824737,0.2528121393613943
216,216.0,216.6,0.2942656352697003,0.2500581082260419,0.20334082080448304,0.25233543569977457
217,217.0,217.6,0.3009612709487194,0.24979533456436834,0.19602017820380382,0.2532232162831084
218,218.0,218.6,0.3006913709016135,0.25146471241141677,0.1943878060063344,0.2534561106806352
219,219.0,219.6,0.2996774441277572,0.2517181477998811,0.1941379947869362,0.2544664132854253
220,220.0,220.6,0.29787073209934806,0.25169182767320664,0.1970253154743775,0.2534121247530677
221,221.0,221.6,0.29682773575756694,0.25094988874894686,0.20003804616281848,0.2521843293306675
222,222.0,222.6,0.2985667943266205,0.24922127698637095,0.2047424407158017,0.24746948797120671
223,223.0,223.6,0.30430999148200316,0.24935621359207483,0.2022889454775695,0.24404484944835242
224,224.0,224.6,0.30241717759111336,0.24981786838336184,0.20273967982929925,0.24502527419622533
225,225.0,225.6,0.30207473789335576,0.2501808863101005,0.19938288676121285,0.24836148903533067
226,226.0,226.6,0.30470252246458335,0.25079033814021934,0.20013736417854391,0.2443697752166531
227,227.0,227.6,0.3052774804346659,0.2545495198104041,0.19884574210889758,0.2413272576460323
228,228.0,228.6,0.3107854022578193,0.24876833125827455,0.19934025656244547,0.24110600992146058
229,229.0,229.6,0.3092116191327908,0.2488778063526075,0.19988231236761977,0.2420282621469818
230,230.0,230.6,0.3058856685257721,0.25194826273141147,0.203449614763659,0.2387164539791573
231,231.0,231.6,0.2988951751295465,0.2527545135923853,0.20940562212117936,0.2389446891568887
232,232.0,232.6,0.3014128336119102,0.2566293465487195,0.20920918986351822,0.23274862997585197
233,233.0,233.6,0.3007869429807178,0.25568218072739796,0.2123496974044056,0.23118117888747855
234,234.0,234.6,0.30005778782889564,0.25431154179764537,0.21193013852397247,0.2337005318494864
235,235.0,235.6,0.28886848715447233,0.2556843613114124,0.22087614720477125,0.2345710043293439
236,236.0,236.6,0.28612820358108393,0.2559560455287875,0.2191203575505904,0.2387953933395381
237,237.0,237.6,0.2891015409552342,0.25667126632110565,0.21576688545695516,0.23846030726670492
238,238.0,238.6,0.2917227295081536,0.2556706103872474,0.213561942691473,0.23904471741312588
239,239.0,239.6,0.29317673362566776,0.2554742657475005,0.21730220851582818,0.23404679211100352
240,240.0,240.6,0.29109801445316824,0.2563678967879099,0.21823180007753598,0.23430228868138578
241,241.0,241.6,0.2900934404462428,0.2566266808892331,0.21844824251108608,0.2348316361534378
242,242.0,242.6,0.2958353135006549,0.25321317605918453,0.21547437745661724,0.23547713298354328
243,243.0,243.6,0.30013427478098,0.2527352512507127,0.21231503284454978,0.23481544112375746
244,244.0,244.6,0.30025796841047103,0.250155873238729,0.2108494618706524,0.23873669648014745
245,245.0,245.6,0.30054775574112613,0.25154264858703307,0.20594194927835,0.2419676463934907
246,246.0,246.6,0.2975574349293367,0.2516006167809362,0.20740126159212177,0.24344068669760538
247,247.0,247.6,0.2995135551036288,0.24781692223327031,0.20497541168631656,0.24769411097678423
248,248.0,248.6,0.29693558390094343,0.2459774870429292,0.2074179401901667,0.24966898886596053
249,249.0,249.6,0.2955925240318766,0.24445787508270606,0.21230054165368664,0.24764905923173056
250,250.0,250.6,0.2952374974827773,0.24381224278037275,0.21072865242694444,0.2502216073099054
251,251.0,251.6,0.29914040984385293,0.240941892205017,0.21096797531383285,0.24894972263729712
252,252.0,252.6,0.2977092381606891,0.2406925797457986,0.21372411153790621,0.24787407055560587
253,253.0,253.6,0.3018688959860762,0.23820402080018077,0.21393384886105543,0.24599323435268752
254,254.0,254.6,0.3014746521503341,0.23871602085013793,0.21215853409510207,0.24765079290442582
255,255.0,255.6,0.3028874192505929,0.23939173643723627,0.20949488896744556,0.24822595534472516
256,256.0,256.6,0.298285304838937,0.24568863076649938,0.2097522617959525,0.24627380259861104
257,257.0,257.6,0.29859261717835517,0.2454818085902409,0.2072652820827244,0.2486602921486794
258,258.0,258.6,0.30029945880904674,0.24402162231977792,0.20799681362365705,0.24768210524751805
259,259.0,259.6,0.3035288882230424,0.24381164169736946,0.2076629533602053,0.24499651671938266
260,260.0,260.6,0.3080520345405262,0.24156222325640608,0.20842724543265456,0.241958496770413
261,261.0,261.6,0.31020938423759764,0.23934579886909937,0.2088699965925657,0.24157482030073715
262,262.0,262.6,0.3067315048031186,0.24160729666629402,0.20699899188721677,0.2446622066433705
263,263.0,263.6,0.30653743491627555,0.2403476342114152,0.20783208751844534,0.24528284335386377
264,264.0,264.6,0.30357478677429156,0.23989733576697167,0.20942191108357622,0.2471059663751604
265,265.0,265.6,0.3091440445988869,0.2393637044853111,0.20614258783995934,0.24534966307584258
266,266.0,266.6,0.3091701383920003,0.23891095297169912,0.20650683456048494,0.24541207407581558
267,267.0,267.6,0.31106155628476123,0.2399167081101472,0.20647890341125935,0.2425428321938321
268,268.0,268.6,0.3096701858399891,0.24006964618343501,0.2089087133504887,0.24135145462608695
269,269.0,269.6,0.30815886081245586,0.23565721103890827,0.21088284250533368,0.24530108564330205
270,270.0,270.6,0.3131276981910436,0.23101121005354996,0.20917189013779916,0.2466892016176072
271,271.0,271.6,0.3106735718596337,0.23201251612168156,0.20948731228113737,0.24782659973754734
272,272.0,272.6,0.30969353225510055,0.23248490190000498,0.20898114510589177,0.24884042073900253
273,273.0,273.6,0.3093097795946166,0.2325763501351569,0.20727079641586207,0.2508430738543643
274,274.0,274.6,0.3070360611061023,0.23304313627474635,0.2058923033842921,0.2540284992348591
275,275.0,275.6,0.3073555411579069,0.23098453022991774,0.20471587640316136,0.25694405220901384
276,276.0,276.6,0.30155571622844707,0.23048481492785813,0.20866811646548392,0.25929135237821077
277,277.0,277.6,0.3006260814059087,0.23016758475805976,0.20476345239278304,0.26444288144324835
278,278.0,278.6,0.29977513912123194,0.231719330689464,0.20123733610325276,0.26726819408605107
279,279.0,279.6,0.2968620191951556,0.23597113277244763,0.198378154464565,0.26878869356783164
280,280.0,280.6,0.29648510561454533,0.23698842159937258,0.19518640743090726,0.27134006535517463
281,281.0,281.6,0.29747656985876786,0.23641736010217138,0.19496639282613684,0.27113967721292365
282,282.0,282.6,0.29664618645398627,0.23654617752451385,0.19706449288006217,0.2697431431414376
283,283.0,283.6,0.29679089470024084,0.23707226537905207,0.19772886087454772,0.2684079790461592
284,284.0,284.6,0.2973821952489225,0.23438481616603474,0.19718389684159326,0.2710490917434494
285,285.0,285.6,0.295955500378312,0.23401831186149247,0.19778606331983425,0.27224012444036105
286,286.0,286.6,0.29480600184164363,0.23309711499461142,0.19705334137261757,0.27504354179112733
287,287.0,287.6,0.2959416466967061,0.22951982338694146,0.1979412811187054,0.276597248797647
288,288.0,288.6,0.295445319017535,0.22993625150750288,0.19755124040485403,0.2770671890701079
289,289.0,289.6,0.2955576140641435,0.2301197203391832,0.19862417005466962,0.27569849554200354
290,290.0,290.6,0.2944041014012725,0.23137739998987636,0.19886094224044942,0.2753575563684016
291,291.0,291.6,0.2937546776795775,0.23047190594200032,0.20055249923725832,0.2752209171411638
292,292.0,292.6,0.2932498655785117,0.2339836445701728,0.1987190976728772,0.2740473921784382
293,293.0,293.6,0.2902492944239171,0.23587269841955766,0.19666446810307495,0.27721353905345014
294,294.0,294.6,0.2883524398584461,0.23788730885864293,0.19450053830273253,0.27925971298017827
295,295.0,295.6,0.28776870844848723,0.23853052837910874,0.19411421666787443,0.2795865465045296
296,296.0,296.6,0.28637361359409835,0.23764354316751177,0.19464717607074272,0.2813356671676471
297,297.0,297.6,0.28396593370382145,0.23796327494130942,0.19678801329646506,0.2812827780584039
298,298.0,298.6,0.2816511895362392,0.2369218593462754,0.1978335562673254,0.28359339485015994
299,299.0,299.6,0.28506554265315426,0.23593479568001272,0.19727486009235953,0.2817248015744734
300,300.0,300.6,0.28448901980009894,0.23683970716901315,0.19659482190876845,0.2820764511221193
301,301.0,301.6,0.2828889107910051,0.23523623471737834,0.19704289406404624,0.28483196042757003
302,302.0,302.6,0.28126765320258856,0.23603539394921444,0.19622720301263027,0.2864697498355665
303,303.0,303.6,0.28046769052208426,0.23497139702693376,0.19607030164129108,0.2884906108096908
304,304.0,304.6,0.2820138087211977,0.23295271131496417,0.1938903350795434,0.29114314488429466
305,305.0,305.6,0.2837310851835945,0.2338769334707483,0.19296642913003104,0.289425552215626
306,306.0,306.6,0.28409571546843787,0.23665229198249677,0.19275186074415135,0.28650013180491385
307,307.0,307.6,0.28248446151661016,0.2351222969673997,0.19507079708185693,0.28732244443413313
308,308.0,308.6,0.28279066761162924,0.23365531045766855,0.19754949558968432,0.28600452634101786
309,309.0,309.6,0.2807495859759122,0.2370379728083467,0.19559652450272466,0.28661591671301617
310,310.0,310.6,0.2809710050223049,0.23805903687020505,0.1954540001291367,0.2855159579783533
311,311.0,311.6,0.28071390105657146,0.23757034700062615,0.1961507344316098,0.28556501751119245
312,312.0,312.6,0.28081982769305697,0.23797659722125414,0.1984020132296131,0.28280156185607563
313,313.0,313.6,0.27878566270903854,0.23693092341001015,0.19978191251099633,0.2845015013699549
314,314.0,314.6,0.2789099005889737,0.23777560755328597,0.1996173728918379,0.28369711896590244
315,315.0,315.6,0.2797794978028308,0.2374132133056031,0.19899823324522373,0.28380905564634235
316,316.0,316.6,0.28024631741015016,0.23979446202019225,0.19691246127907905,0.2830467592905786
317,317.0,317.6,0.2790622351897182,0.23772541727672009,0.197342936923937,0.2858694106096246
318,318.0,318.6,0.27742970093736485,0.23911187852789978,0.1991090465757011,0.28434937395903404
319,319.0,319.6,0.2772884710346912,0.2407773565214693,0.20031667534111008,0.2816174971027293
320,320.0,320.6,0.2739848253341307,0.24475015498805766,0.20031852370012287,0.2809464959776886
321,321.0,321.6,0.2751271401611984,0.24542846091900836,0.19983592466518124,0.2796084742546118
322,322.0,322.6,0.2700982276393415,0.2521372855898721,0.19985062782735444,0.2779138589434319
323,323.0,323.6,0.26984480116292986,0.25058730187578454,0.20086980128876036,0.2786980956725252
324,324.0,324.6,0.2694142610696608,0.2520446020578007,0.20086697688020466,0.2776741599923335
325,325.0,325.6,0.2685537684738134,0.25685340701690634,0.20023248908140112,0.2743603354278791
326,326.0,326.6,0.26878277231277203,0.25743039023503683,0.20130476892214605,0.272482068530045
327,327.0,327.6,0.26578841271760206,0.25848148822624734,0.20388132200895726,0.27184877704719324
328,328.0,328.6,0.26518622957630156,0.25740597635010926,0.20330531592031606,0.274102478153273
329,329.0,329.6,0.2671249042639797,0.2566365603530026,0.20284823520703332,0.2733903001759843
330,330.0,330.6,0.2670772339591098,0.255630900648104,0.20506327336698021,0.27222859202580574
331,331.0,331.6,0.26556371268837525,0.2540379233917444,0.20476268732809055,0.2756356765917896
332,332.0,332.6,0.2651227946927298,0.25339584459715314,0.20769783138642772,0.27378352932368916
333,333.0,333.6,0.2647352526789864,0.25314688990338635,0.20665913400282587,0.27545872341480115
334,334.0,334.6,0.2624485739484867,0.25181780439091733,0.20946545044832604,0.2762681712122699
335,335.0,335.6,0.26441041213872907,0.25281502167699577,0.20611625216784124,0.2766583140164338
336,336.0,336.6,0.264338790933082,0.25256215507410207,0.20647587537620832,0.27662317861660746
337,337.0,337.6,0.26590693200386956,0.25155444395122945,0.20647085925382624,0.2760677647910746
338,338.0,338.6,0.2654243146059145,0.25268846926039995,0.20479994435335253,0.2770872717803328
339,339.0,339.6,0.2645013758940722,0.2530139805560226,0.2042339729274337,0.2782506706224714
340,340.0,340.6,0.2634626585353922,0.2533449368364141,0.2061552826349573,0.2770371219932364
341,341.0,341.6,0.26212493465521564,0.25365522096009996,0.20611080417231714,0.27810904021236715
342,342.0,342.6,0.26290208619447525,0.25185645756371955,0.20742114133916675,0.2778203149026383
343,343.0,343.6,0.26382418553881654,0.25078545445471423,0.20731159613801062,0.27807876386845853
344,344.0,344.6,0.2631837700486857,0.25263099237617725,0.20830654482942296,0.275878692745714
345,345.0,345.6,0.2608495648406117,0.2528625852453738,0.2100221037948907,0.2762657461191237
346,346.0,346.6,0.2601868110605954,0.25457470660600046,0.2101387395657753,0.2750997427676288
347,347.0,347.6,0.2605893916905452,0.25400902538986536,0.20925579148430234,0.276145791435287
348,348.0,348.6,0.26117244458980204,0.25572586993763563,0.20844357304174696,0.2746581124308152
349,349.0,349.6,0.2603620612857648,0.25688142120825247,0.2104664362540664,0.2722900812519163
350,350.0,350.6,0.25983716711077365,0.25653181630886157,0.21039167648910354,0.27323934009126116
351,351.0,351.6,0.2587364538735898,0.257368490060666,0.2099456915384439,0.27394936452730023
352,352.0,352.6,0.2551825098710293,0.25921333474369157,0.20940878705907795,0.2761953683262012
353,353.0,353.6,0.2550118227591365,0.2582364874138139,0.20740514504601731,0.27934654478103227
354,354.0,354.6,0.25369329258398055,0.25874038074962136,0.2086943597835916,0.27887196688280635
355,355.0,355.6,0.2524168360855325,0.2576733685633922,0.2106236804378505,0.27928611491322475
356,356.0,356.6,0.25179432689633147,0.25738299946184584,0.21110240639542038,0.2797202672464022
357,357.0,357.6,0.2518749803678665,0.25648662976725806,0.21196669911957913,0.27967169074529624
358,358.0,358.6,0.2515590764117439,0.2567800784913629,0.21223156915279304,0.27942927594409994
359,359.0,359.6,0.2484770168215337,0.2577034880291437,0.21464777912549343,0.27917171602382906
360,360.0,360.6,0.24648953537271892,0.25911448069841664,0.2148458995994495,0.27955008432941486
361,361.0,361.6,0.24658796450154882,0.26083811332004714,0.21350120844946305,0.2790727137289409
362,362.0,362.6,0.24675417390144908,0.26212890524639265,0.2101770654001976,0.2809398554519607
363,363.0,363.6,0.2454199880434628,0.2643154134163242,0.2108327955071554,0.2794318030330575
364,364.0,364.6,0.24605783353559021,0.2643969105846885,0.21009549441342562,0.2794497614662957
365,365.0,365.6,0.24533146190255736,0.26326488959847283,0.2109450417136946,0.28045860678527496
366,366.0,366.6,0.24015547655149866,0.26457678674335494,0.21126555129205254,0.28400218541309386
367,367.0,367.6,0.23692690178804449,0.26731128386737557,0.21353625762213868,0.28222555672244115
368,368.0,368.6,0.23486335668037558,0.2684922690765703,0.21569336524718313,0.280951008995871
369,369.0,369.6,0.23514624790087563,0.2703168709776934,0.21333709233373205,0.2811997887876988
370,370.0,370.6,0.23316964862573802,0.2719106771423083,0.2131142985670682,0.2818053756648853
371,371.0,371.6,0.2345449907013625,0.27332658879654415,0.21263872661013794,0.27948969389195527
372,372.0,372.6,0.23447113860839303,0.27305738661557527,0.21421146504350727,0.2782600097325242
373,373.0,373.6,0.23347148556689357,0.2752169129604265,0.21270285654509496,0.2786087449275848
374,374.0,374.6,0.23372831767236163,0.275307169619048,0.21245212841288943,0.2785123842957008
375,375.0,375.6,0.2340507065769822,0.27565133715041273,0.210149121932636,0.280148834339969
376,376.0,376.6,0.23530556496747584,0.27595172019629505,0.21052401892896383,0.2782186959072651
377,377.0,377.6,0.2361408232189098,0.278968904840306,0.20566550467099254,0.27922476726979156
378,378.0,378.6,0.23252290356264962,0.2810122496687877,0.20842435720373262,0.27804048956482985
379,379.0,379.6,0.2346714697966284,0.27690411086560923,0.21041428372912555,0.27801013560863674
380,380.0,380.6,0.23378415676817257,0.2762670986635219,0.21170268509723017,0.2782460594710753
381,381.0,381.6,0.23614499937412878,0.2715788181863653,0.21303297630547866,0.27924320613402726
382,382.0,382.6,0.2365966483992526,0.2695563162578146,0.21401184546860122,0.2798351898743315
383,383.0,383.6,0.23580358436381213,0.26961113774243695,0.21397317710850589,0.28061210078524496
384,384.0,384.6,0.2365594236046172,0.2693227182931894,0.2138460871155313,0.28027177098666195
385,385.0,385.6,0.22966580675807985,0.27146704379129016,0.2155337498050281,0.2833333996456018
386,386.0,386.6,0.22894570277534623,0.2724563990762147,0.21635844907711546,0.28223944907132337
387,387.0,387.6,0.2286015687241451,0.2736006409607483,0.21614588924386383,0.2816519010712426
388,388.0,388.6,0.22706999835901837,0.2745253321600161,0.21558427783243356,0.2828203916485319
389,389.0,389.6,0.22695803198112316,0.2741865359359956,0.216215868495185,0.28263956358769604
390,390.0,390.6,0.22748546370173198,0.2739644275398505,0.2166237458096587,0.2819263629487587
391,391.0,391.6,0.22747341203444557,0.2757911289228253,0.21183987587599096,0.284895583166738
392,392.0,392.6,0.22752581940465255,0.2764661333098115,0.21172854984176662,0.28427949744376924
393,393.0,393.6,0.221171371301688,0.2778840757638209,0.2138823306651641,0.287062222269327
394,394.0,394.6,0.22157986118575815,0.2747793857480268,0.21396967785168447,0.2896710752145305
395,395.0,395.6,0.21872303892608636,0.2767119078389106,0.21467663081957317,0.2898884224154298
396,396.0,396.6,0.2193924689557769,0.2755923810983675,0.2143456474529552,0.29066950249290024
397,397.0,397.6,0.2204236964782167,0.2762265327759515,0.20798747225770353,0.29536229848812806
398,398.0,398.6,0.22272223821773535,0.2740598255094656,0.20306789608022754,0.30015004019257135
399,399.0,399.6,0.2236781390555024,0.27198481469631786,0.20478336350110063,0.299553682747079
400,400.0,400.6,0.22366779807759488,0.26994599640846906,0.20539301748209363,0.3009931880318423
401,401.0,401.6,0.2234614573140258,0.27109997307594125,0.20600322391582523,0.2994353456942076
402,402.0,402.6,0.22462850257481146,0.27015292288225656,0.20500912756412518,0.3002094469788066
403,403.0,403.6,0.22684296714943053,0.2706209152367743,0.20256947760243307,0.29996664001136203
404,404.0,404.6,0.22544779523049518,0.26940197412298617,0.20352576099667835,0.30162446964984013
405,405.0,405.6,0.22611792540838574,0.266711658655918,0.20451309235167522,0.3026573235840209
406,406.0,406.6,0.22622443025745395,0.2667543812386274,0.20540510023975514,0.3016160882641633
407,407.0,407.6,0.22603149055051608,0.26694128081617674,0.2061622978222152,0.3008649308110919
408,408.0,408.6,0.22650919917654666,0.2675194065239682,0.20622742087985074,0.2997439734196342
409,409.0,409.6,0.2271747594746249,0.26773452666301284,0.2050951542534139,0.2999955596089483
410,410.0,410.6,0.2283455168997865,0.2682770183181665,0.2065489721601545,0.29682849262189237
411,411.0,411.6,0.2288684191433008,0.2673482545353014,0.20469883646145043,0.2990844898599472
412,412.0,412.6,0.22777838151901425,0.2682647041470999,0.20528842817742157,0.2986684861564642
413,413.0,413.6,0.22920611492777673,0.26809049094900134,0.2049421875946928,0.29776120652852905
414,414.0,414.6,0.2290757641288519,0.26786265869779263,0.20682817576555096,0.2962334014078044
415,415.0,415.6,0.2281694897667153,0.26760516162427683,0.20844128815621935,0.2957840604527884
416,416.0,416.6,0.22876717854392653,0.2667994878266119,0.20881902132156865,0.2956143123078928
417,417.0,417.6,0.22878887639296722,0.26786028328287514,0.2083159999601178,0.2950348403640397
418,418.0,418.6,0.22946494972756043,0.2695829713385371,0.2081801479221818,0.29277193101172044
419,419.0,419.6,0.23041800294368273,0.26961871090546374,0.2074737672732732,0.2924895188775802
420,420.0,420.6,0.23164593095008987,0.26959137977626524,0.20662778249576386,0.29213490677788095
421,421.0,421.6,0.23250020259726084,0.2690563564292283,0.20639353675069866,0.2920499042228122
422,422.0,422.6,0.23281624578813204,0.2690053867906716,0.20709397324862336,0.29108439417257287
423,423.0,423.6,0.23384405663234195,0.26963210358171275,0.20653660612878993,0.2899872336571553
424,424.0,424.6,0.23362259040585784,0.269389472180548,0.2081418499990455,0.2888460874145486
425,425.0,425.6,0.2341702124633799,0.26792383848034795,0.208273104497339,0.289632844558933
426,426.0,426.6,0.23527849666250336,0.2672354653925974,0.20763159926651795,0.2898544386783811
427,427.0,427.6,0.23618351732814058,0.269221272315494,0.2065229700750955,0.28807224028126993
428,428.0,428.6,0.23724609776651012,0.267538942777189,0.20853043279805678,0.286684526658244
429,429.0,429.6,0.23790143562074406,0.2656165153886869,0.2083137082378938,0.28816834075267506
430,430.0,430.6,0.23913232857431144,0.2657310084479655,0.20737703109696515,0.28775963188075787
431,431.0,431.6,0.24002430329746205,0.26042623592043285,0.20834113031632376,0.29120833046578126
432,432.0,432.6,0.24135937125647078,0.2619255444073759,0.2066047517260979,0.2901103326100554
433,433.0,433.6,0.2423765305068925,0.2614321364979527,0.20656152656857926,0.2896298064265754
434,434.0,434.6,0.24516979980588177,0.26121596944281783,0.20118957509187824,0.2924246556594221
435,435.0,435.6,0.2475621235643545,0.2616771576641818,0.2024281341348461,0.28833258463661754
436,436.0,436.6,0.24911965912300577,0.26181761628774813,0.20191878303215458,0.28714394155709133
437,437.0,437.6,0.25119944552929646,0.25526224122625213,0.204874057220352,0.28866425602409923
438,438.0,438.6,0.25493847993688945,0.24383251264662284,0.20690346855577105,0.2943255388607165
439,439.0,439.6,0.2532849815152809,0.2440660708225857,0.20917332225525467,0.29347562540687866
440,440.0,440.6,0.2532352567010204,0.24494246282611437,0.20845113514675107,0.2933711453261142
441,441.0,441.6,0.2485716048192538,0.245185817451889,0.21056208559655304,0.29568049213230396
442,442.0,442.6,0.24673054813378065,0.24611298825819478,0.21244244296016382,0.29471402064786073
443,443.0,443.6,0.2506023705666089,0.24522526277708798,0.21703445951290296,0.28713790714340004
444,444.0,444.6,0.24960004023804885,0.24570326124832698,0.21764993029976737,0.2870467682138566
445,445.0,445.6,0.25228800257422795,0.24499150611437445,0.2162916126647232,0.2864288786466741
446,446.0,446.6,0.25638788350825453,0.24619988134915777,0.2196661187584965,0.2777461163840911
447,447.0,447.6,0.2639775540536442,0.2465366382453576,0.21060863652459325,0.27887717117640476
448,448.0,448.6,0.27360438824320793,0.24601651540395292,0.1921465509585101,0.2882325453943289
449,449.0,449.6,0.2734049397845408,0.2461919717431686,0.19218011349565078,0.2882229749766397
450,450.0,450.6,0.2730473513475175,0.24646439746744817,0.1913706397637724,0.2891176114212618
451,451.0,451.6,0.27380450494823005,0.24758549959351553,0.18961924320770185,0.28899075225055243
452,452.0,452.6,0.2647777344982534,0.24725923011213657,0.18955158763024244,0.29841144775936745
453,453.0,453.6,0.26354818222263315,0.2449252710883229,0.1898044084831044,0.3017221382059395
454,454.0,454.6,0.26401409960029804,0.24476600885427097,0.19033396670477026,0.3008859248406607
455,455.0,455.6,0.2647436937370825,0.24275177297813041,0.18843702108146648,0.30406751220332046
456,456.0,456.6,0.2668325993881259,0.24232478017842052,0.1876404814968295,0.30320213893662384
457,457.0,457.6,0.26601032185557405,0.24318247757255365,0.18781718826620544,0.30299001230566686
458,458.0,458.6,0.25114242558829897,0.2508603852341879,0.18717205590247565,0.3108251332750373
459,459.0,459.6,0.25011541897034373,0.2552987422120536,0.18713917726822898,0.30744666154937356
460,460.0,460.6,0.24886536059223427,0.25290835757300184,0.18859760723955793,0.3096286745952058
461,461.0,461.6,0.26256150763781494,0.2505567764307532,0.1913543309565194,0.29552738497491243
462,462.0,462.6,0.3042744831841045,0.2505261178519548,0.1902147339174027,0.25498466504653794
463,463.0,463.6,0.3056989214079876,0.2539356867334975,0.1876516454227754,0.2527137464357394
464,464.0,464.6,0.30569080171071816,0.2510303659148562,0.19085585985915834,0.252422972515267
465,465.0,465.6,0.31409342635905807,0.2481527080431786,0.18986748833717512,0.2478863772605881
466,466.0,466.6,0.31303143228331437,0.24606837331109763,0.19046860357429798,0.2504315908312898
467,467.0,467.6,0.31253112159240815,0.25006517716527593,0.188149136111075,0.24925456513124078
468,468.0,468.6,0.31178256903587576,0.2502027109927055,0.18902527674558114,0.2489894432258374
469,469.0,469.6,0.3094187143173898,0.25353123844584935,0.1894188237067555,0.2476312235300052
470,470.0,470.6,0.308983523835019,0.2514123084413447,0.1894980787185711,0.25010608900506515
471,471.0,471.6,0.3082875268057995,0.2563190025528015,0.1902326421420185,0.2451608284993802
472,472.0,472.6,0.31256362338747934,0.25441440845364177,0.19120402076496806,0.2418179473939107
473,473.0,473.6,0.3148449062657028,0.25368544357390566,0.18910995565780883,0.24235969450258263
474,474.0,474.6,0.3135215705231934,0.25494974313766894,0.19023113676141234,0.24129754957772512
475,475.0,475.6,0.31253802850241447,0.25751157325422047,0.18975858213721777,0.24019181610614715
476,476.0,476.6,0.31365506603105187,0.255041003141459,0.19088499426348246,0.2404189365640066
477,477.0,477.6,0.3149782734677501,0.25186958722742075,0.19212711608932775,0.2410250232155013
478,478.0,478.6,0.3150876736622204,0.25154774818216474,0.1923651088324552,0.24099946932315958
479,479.0,479.6,0.31612623847407634,0.25220135720230547,0.19162090117746375,0.24005150314615425
480,480.0,480.6,0.31715319913486284,0.24951817515817615,0.19262355675319737,0.24070506895376353
481,481.0,481.6,0.3168554281685245,0.2514920529709709,0.1915823619277592,0.2400701569327453
482,482.0,482.6,0.31377494347817614,0.25204808026098674,0.192602536629858,0.241574439630979
483,483.0,483.6,0.3124886769318441,0.2520635250548357,0.19415505985855816,0.24129273815476196
484,484.0,484.6,0.31293099863790486,0.2511151333598778,0.19465800200413647,0.2412958659980809
485,485.0,485.6,0.31406149738723615,0.25148754765521064,0.19457284982399578,0.23987810513355728
486,486.0,486.6,0.3182127074257818,0.24699834405266463,0.19641144741931565,0.2383775011022377
487,487.0,487.6,0.31980029544955313,0.2455393900692721,0.19739430610214237,0.23726600837903233
488,488.0,488.6,0.31908520140745206,0.24511658987745202,0.1963458042604852,0.23945240445461052
489,489.0,489.6,0.3170694077754862,0.2457226497434235,0.19771146909206913,0.23949647338902103
490,490.0,490.6,0.31605484575314824,0.24638002516104787,0.19890451834101894,0.2386606107447849
491,491.0,491.6,0.31112207501467115,0.24635165478761606,0.200330053104967,0.24219621709274558
492,492.0,492.6,0.3130110728572351,0.24782392262150227,0.2006339499759723,0.23853105454529025
493,493.0,493.6,0.3130915291107292,0.24911034155541895,0.20099790470959053,0.23680022462426115
494,494.0,494.6,0.31113211060344026,0.2495760834244242,0.2029998623334829,0.23629194363865252
495,495.0,495.6,0.3125614161051599,0.24839630745439228,0.20432170775977226,0.23472056868067548
496,496.0,496.6,0.3125984009045328,0.25004464933415604,0.19864721723394266,0.23870973252736846
497,497.0,497.6,0.3131386067810564,0.2491568009345165,0.1990475225814387,0.23865706970298833
498,498.0,498.6,0.31010826622520776,0.24746321404012236,0.20240111456928833,0.24002740516538132
499,499.0,499.6,0.3127552028444044,0.2454156821350461,0.20255765547716936,0.23927145954337994
500,500.0,500.6,0.31483335517084343,0.2471855132708336,0.20138990221140465,0.2365912293469182
501,501.0,501.6,0.317016627537826,0.2475119209571229,0.20282206701435204,0.23264938449069894
502,502.0,502.6,0.31723988360077005,0.2489835604835397,0.2014874605951355,0.2322890953205546
503,503.0,503.6,0.3178069942889382,0.249360876658178,0.20056097461351588,0.23227115443936777
504,504.0,504.6,0.31229460602933157,0.24955654525466292,0.2008843033406206,0.2372645453753847
505,505.0,505.6,0.3094487062967247,0.2480348711206859,0.20379439139171582,0.2387220311908734
506,506.0,506.6,0.3053423460783907,0.25026366444804476,0.20133092332258662,0.24306306615097775
507,507.0,507.6,0.3067232300038988,0.25197433729323243,0.19531695564951773,0.2459854770533509
508,508.0,508.6,0.3096801166788131,0.24723001685108253,0.1962732693755895,0.2468165970945147
509,509.0,509.6,0.308567810171425,0.2458282824718229,0.1983312436347664,0.24727266372198567
510,510.0,510.6,0.3086310653848391,0.24508630864799433,0.1990742513856863,0.24720837458148023
511,511.0,511.6,0.31356292709756095,0.24516619016087488,0.19266239300216642,0.24860848973939764
512,512.0,512.6,0.31714447404304885,0.24479461172289735,0.19290159233342702,0.24515932190062667
513,513.0,513.6,0.3167035271546486,0.2459488754589884,0.19323422955744182,0.24411336782892104
514,514.0,514.6,0.2821710830507217,0.27785118974513123,0.1938381633382151,0.24613956386593178
515,515.0,515.6,0.2789072735349626,0.27775320690982797,0.1961275688508995,0.24721195070430987
516,516.0,516.6,0.26478673942846986,0.29333257991894623,0.19642160998248712,0.2454590706700967
517,517.0,517.6,0.2583946643719851,0.30138808203977974,0.19470315730251458,0.24551409628572043
518,518.0,518.6,0.25953107997936903,0.3026026666334024,0.1935453057808376,0.24432094760639084
519,519.0,519.6,0.2636403343233129,0.29552083756326725,0.19551564359803825,0.24532318451538151
520,520.0,520.6,0.263445181845289,0.29434755441378846,0.19627747974569665,0.24592978399522575
521,521.0,521.6,0.2625014089094898,0.28916702576089115,0.19950815719801193,0.24882340813160703
522,522.0,522.6,0.2682402787043328,0.28998431287316173,0.19981726566526764,0.2419581427572378
523,523.0,523.6,0.2676434701823155,0.2910057131459459,0.20047726160661566,0.2408735550651227
524,524.0,524.6,0.2692273504314361,0.2818501161346264,0.2043732324316831,0.2445493010022542
525,525.0,525.6,0.27537618876013753,0.28239753615728336,0.195890077108682,0.24633619797389703
526,526.0,526.6,0.2759893023768306,0.2840719090716,0.18998670833297363,0.2499520802185955
527,527.0,527.6,0.27884232170125706,0.28459525559646315,0.19043923013728797,0.24612319256499177
528,528.0,528.6,0.27116670742805987,0.28654284779943745,0.19084508136822637,0.25144536340427626
529,529.0,529.6,0.26904046913076113,0.28981993674477113,0.1864805385128256,0.25465905561164204
530,530.0,530.6,0.2664614434932376,0.2948972819473282,0.18505691887845113,0.253584355680983
531,531.0,531.6,0.26685288952639236,0.29940097678014344,0.1762626326032833,0.2574835010901808
532,532.0,532.6,0.25704385918945616,0.30403254989826944,0.17944255894066785,0.2594810319716064
533,533.0,533.6,0.2643340182535304,0.3005946148813467,0.1716687336506693,0.26340263321445345
534,534.0,534.6,0.26298623888431905,0.3034586398043442,0.1739186610025287,0.2596364603088079
535,535.0,535.6,0.26799469051221986,0.30079940556629825,0.1756441152626294,0.2555617886588523
536,536.0,536.6,0.2658045152999661,0.30102545369139144,0.1767210399026405,0.2564489911060018
537,537.0,537.6,0.26467226306731945,0.30446374797964565,0.1779212699281065,0.25294271902492815
538,538.0,538.6,0.2643253131614127,0.30753554096552493,0.1793493811961253,0.2487897646769368
539,539.0,539.6,0.2630270538985221,0.3051392352446495,0.17724160366994288,0.25459210718688535
540,540.0,540.6,0.2627110068674813,0.3039160745812755,0.17731414448007593,0.2560587740711672
541,541.0,541.6,0.27046399067592425,0.30631534159676155,0.16382122793643247,0.25939943979088165
542,542.0,542.6,0.26398525371475345,0.30810060793571076,0.16332500009706744,0.2645891382524682
543,543.0,543.6,0.2718661147209766,0.29134134501296094,0.16348252595153634,0.273310014314526
544,544.0,544.6,0.2728306331601046,0.29253663581652933,0.16453427850363078,0.27009845251973524
545,545.0,545.6,0.278798647850751,0.2934209589515264,0.16388844617847637,0.263891947019246
546,546.0,546.6,0.27903314655957684,0.29382502614411254,0.16440595971519034,0.26273586758112016
547,547.0,547.6,0.2794316285750282,0.2924497646371567,0.16450511892121794,0.26361348786659705
548,548.0,548.6,0.2799958918216706,0.29147793863714827,0.16419653162006548,0.26432963792111563
