Total_iterations,Unnamed: 0.1,Intertwine_two,Add_vertex,Delete_vertex,Invert_path_vertices,Insert_inside_vertex,Delete_inside_vertex
0,0.0,0.1666666666666666,0.1666666666666666,0.1666666666666666,0.1666666666666666,0.1666666666666666,0.1666666666666666
1,1.0,0.1666666666666666,0.1666666666666666,0.1666666666666666,0.1666666666666666,0.1666666666666666,0.1666666666666666
2,2.0,0.1666666666666666,0.1666666666666666,0.1666666666666666,0.1666666666666666,0.1666666666666666,0.1666666666666666
3,3.0,0.1666666666666666,0.1666666666666666,0.1666666666666666,0.1666666666666666,0.1666666666666666,0.1666666666666666
4,4.0,0.1666666666666666,0.1666666666666666,0.1666666666666666,0.1666666666666666,0.1666666666666666,0.1666666666666666
5,5.0,0.1666666666666666,0.1666666666666666,0.1666666666666666,0.1666666666666666,0.1666666666666666,0.1666666666666666
6,6.0,0.1666666666666666,0.1666666666666666,0.1666666666666666,0.1666666666666666,0.1666666666666666,0.1666666666666666
7,7.0,0.1666666666666666,0.1666666666666666,0.1666666666666666,0.1666666666666666,0.1666666666666666,0.1666666666666666
8,8.0,0.1666666666666666,0.1666666666666666,0.1666666666666666,0.1666666666666666,0.1666666666666666,0.1666666666666666
9,9.0,0.1666666666666666,0.1666666666666666,0.1666666666666666,0.1666666666666666,0.1666666666666666,0.1666666666666666
10,10.0,0.1666666666666666,0.1666666666666666,0.1666666666666666,0.1666666666666666,0.1666666666666666,0.1666666666666666
11,11.0,0.1666666666666666,0.1666666666666666,0.1666666666666666,0.1666666666666666,0.1666666666666666,0.1666666666666666
12,12.0,0.1666666666666666,0.1666666666666666,0.1666666666666666,0.1666666666666666,0.1666666666666666,0.1666666666666666
13,13.0,0.1666666666666666,0.1666666666666666,0.1666666666666666,0.1666666666666666,0.1666666666666666,0.1666666666666666
14,14.0,0.1666666666666666,0.1666666666666666,0.1666666666666666,0.1666666666666666,0.1666666666666666,0.1666666666666666
15,15.0,0.1666666666666666,0.1666666666666666,0.1666666666666666,0.1666666666666666,0.1666666666666666,0.1666666666666666
16,16.0,0.1666666666666666,0.1666666666666666,0.1666666666666666,0.1666666666666666,0.1666666666666666,0.1666666666666666
17,17.0,0.1666666666666666,0.1666666666666666,0.1666666666666666,0.1666666666666666,0.1666666666666666,0.1666666666666666
18,18.0,0.1666666666666666,0.1666666666666666,0.1666666666666666,0.1666666666666666,0.1666666666666666,0.1666666666666666
19,19.0,0.1666666666666666,0.1666666666666666,0.1666666666666666,0.1666666666666666,0.1666666666666666,0.1666666666666666
20,20.0,0.1666666666666666,0.1666666666666666,0.1666666666666666,0.1666666666666666,0.1666666666666666,0.1666666666666666
21,21.0,0.1666666666666666,0.1666666666666666,0.1666666666666666,0.1666666666666666,0.1666666666666666,0.1666666666666666
22,22.0,0.1666666666666666,0.1666666666666666,0.1666666666666666,0.1666666666666666,0.1666666666666666,0.1666666666666666
23,23.0,0.1666666666666666,0.1666666666666666,0.1666666666666666,0.1666666666666666,0.1666666666666666,0.1666666666666666
24,24.0,0.1666666666666666,0.1666666666666666,0.1666666666666666,0.1666666666666666,0.1666666666666666,0.1666666666666666
25,25.0,0.1666666666666666,0.1666666666666666,0.1666666666666666,0.1666666666666666,0.1666666666666666,0.1666666666666666
26,26.0,0.1666666666666666,0.1666666666666666,0.1666666666666666,0.1666666666666666,0.1666666666666666,0.1666666666666666
27,27.0,0.1666666666666666,0.1666666666666666,0.1666666666666666,0.1666666666666666,0.1666666666666666,0.1666666666666666
28,28.0,0.1666666666666666,0.1666666666666666,0.1666666666666666,0.1666666666666666,0.1666666666666666,0.1666666666666666
29,29.0,0.1666666666666666,0.1666666666666666,0.1666666666666666,0.1666666666666666,0.1666666666666666,0.1666666666666666
30,30.0,0.1666666666666666,0.1666666666666666,0.1666666666666666,0.1666666666666666,0.1666666666666666,0.1666666666666666
31,31.0,0.1666666666666666,0.1666666666666666,0.1666666666666666,0.1666666666666666,0.1666666666666666,0.1666666666666666
32,32.0,0.1666666666666666,0.1666666666666666,0.1666666666666666,0.1666666666666666,0.1666666666666666,0.1666666666666666
33,33.0,0.1666666666666666,0.1666666666666666,0.1666666666666666,0.1666666666666666,0.1666666666666666,0.1666666666666666
34,34.0,0.1666666666666666,0.1666666666666666,0.1666666666666666,0.1666666666666666,0.1666666666666666,0.1666666666666666
35,35.0,0.1666666666666666,0.1666666666666666,0.1666666666666666,0.1666666666666666,0.1666666666666666,0.1666666666666666
36,36.0,0.1666666666666666,0.1666666666666666,0.1666666666666666,0.1666666666666666,0.1666666666666666,0.1666666666666666
37,37.0,0.1666666666666666,0.1666666666666666,0.1666666666666666,0.1666666666666666,0.1666666666666666,0.1666666666666666
38,38.0,0.1666666666666666,0.1666666666666666,0.1666666666666666,0.1666666666666666,0.1666666666666666,0.1666666666666666
39,39.0,0.1666666666666666,0.1666666666666666,0.1666666666666666,0.1666666666666666,0.1666666666666666,0.1666666666666666
40,40.0,0.1666666666666666,0.1666666666666666,0.1666666666666666,0.1666666666666666,0.1666666666666666,0.1666666666666666
41,41.0,0.1666666666666666,0.1666666666666666,0.1666666666666666,0.1666666666666666,0.1666666666666666,0.1666666666666666
42,42.0,0.1666666666666666,0.1666666666666666,0.1666666666666666,0.1666666666666666,0.1666666666666666,0.1666666666666666
43,43.0,0.1666666666666666,0.1666666666666666,0.1666666666666666,0.1666666666666666,0.1666666666666666,0.1666666666666666
44,44.0,0.1666666666666666,0.1666666666666666,0.1666666666666666,0.1666666666666666,0.1666666666666666,0.1666666666666666
45,45.0,0.1666666666666666,0.1666666666666666,0.1666666666666666,0.1666666666666666,0.1666666666666666,0.1666666666666666
46,46.0,0.1666666666666666,0.1666666666666666,0.1666666666666666,0.1666666666666666,0.1666666666666666,0.1666666666666666
47,47.0,0.1666666666666666,0.1666666666666666,0.1666666666666666,0.1666666666666666,0.1666666666666666,0.1666666666666666
48,48.0,0.1666666666666666,0.1666666666666666,0.1666666666666666,0.1666666666666666,0.1666666666666666,0.1666666666666666
49,49.0,0.1666666666666666,0.1666666666666666,0.1666666666666666,0.1666666666666666,0.1666666666666666,0.1666666666666666
50,50.0,0.1666666666666666,0.1666666666666666,0.1666666666666666,0.1666666666666666,0.1666666666666666,0.1666666666666666
51,51.0,0.1666666666666666,0.1666666666666666,0.1666666666666666,0.1666666666666666,0.1666666666666666,0.1666666666666666
52,52.0,0.1666666666666666,0.1666666666666666,0.1666666666666666,0.1666666666666666,0.1666666666666666,0.1666666666666666
53,53.0,0.1666666666666666,0.1666666666666666,0.1666666666666666,0.1666666666666666,0.1666666666666666,0.1666666666666666
54,54.0,0.1666666666666666,0.1666666666666666,0.1666666666666666,0.1666666666666666,0.1666666666666666,0.1666666666666666
55,55.0,0.1666666666666666,0.1666666666666666,0.1666666666666666,0.1666666666666666,0.1666666666666666,0.1666666666666666
56,56.0,0.1666666666666666,0.1666666666666666,0.1666666666666666,0.1666666666666666,0.1666666666666666,0.1666666666666666
57,57.0,0.1666666666666666,0.1666666666666666,0.1666666666666666,0.1666666666666666,0.1666666666666666,0.1666666666666666
58,58.0,0.1666666666666666,0.1666666666666666,0.1666666666666666,0.1666666666666666,0.1666666666666666,0.1666666666666666
59,59.0,0.1666666666666666,0.1666666666666666,0.1666666666666666,0.1666666666666666,0.1666666666666666,0.1666666666666666
60,60.0,0.1666666666666666,0.1666666666666666,0.1666666666666666,0.1666666666666666,0.1666666666666666,0.1666666666666666
61,61.0,0.1666666666666666,0.1666666666666666,0.1666666666666666,0.1666666666666666,0.1666666666666666,0.1666666666666666
62,62.0,0.1666666666666666,0.1666666666666666,0.1666666666666666,0.1666666666666666,0.1666666666666666,0.1666666666666666
63,63.0,0.1666666666666666,0.1666666666666666,0.1666666666666666,0.1666666666666666,0.1666666666666666,0.1666666666666666
64,64.0,0.1666666666666666,0.1666666666666666,0.1666666666666666,0.1666666666666666,0.1666666666666666,0.1666666666666666
65,65.0,0.1666666666666666,0.1666666666666666,0.1666666666666666,0.1666666666666666,0.1666666666666666,0.1666666666666666
66,66.0,0.1666666666666666,0.1666666666666666,0.1666666666666666,0.1666666666666666,0.1666666666666666,0.1666666666666666
67,67.0,0.1666666666666666,0.1666666666666666,0.1666666666666666,0.1666666666666666,0.1666666666666666,0.1666666666666666
68,68.0,0.1666666666666666,0.1666666666666666,0.1666666666666666,0.1666666666666666,0.1666666666666666,0.1666666666666666
69,69.0,0.1666666666666666,0.1666666666666666,0.1666666666666666,0.1666666666666666,0.1666666666666666,0.1666666666666666
70,70.0,0.1666666666666666,0.1666666666666666,0.1666666666666666,0.1666666666666666,0.1666666666666666,0.1666666666666666
71,71.0,0.1666666666666666,0.1666666666666666,0.1666666666666666,0.1666666666666666,0.1666666666666666,0.1666666666666666
72,72.0,0.1666666666666666,0.1666666666666666,0.1666666666666666,0.1666666666666666,0.1666666666666666,0.1666666666666666
73,73.0,0.1666666666666666,0.1666666666666666,0.1666666666666666,0.1666666666666666,0.1666666666666666,0.1666666666666666
74,74.0,0.1666666666666666,0.1666666666666666,0.1666666666666666,0.1666666666666666,0.1666666666666666,0.1666666666666666
75,75.0,0.1666666666666666,0.1666666666666666,0.1666666666666666,0.1666666666666666,0.1666666666666666,0.1666666666666666
76,76.0,0.1666666666666666,0.1666666666666666,0.1666666666666666,0.1666666666666666,0.1666666666666666,0.1666666666666666
77,77.0,0.1666666666666666,0.1666666666666666,0.1666666666666666,0.1666666666666666,0.1666666666666666,0.1666666666666666
78,78.0,0.1666666666666666,0.1666666666666666,0.1666666666666666,0.1666666666666666,0.1666666666666666,0.1666666666666666
79,79.0,0.1666666666666666,0.1666666666666666,0.1666666666666666,0.1666666666666666,0.1666666666666666,0.1666666666666666
80,80.0,0.1666666666666666,0.1666666666666666,0.1666666666666666,0.1666666666666666,0.1666666666666666,0.1666666666666666
81,81.0,0.1666666666666666,0.1666666666666666,0.1666666666666666,0.1666666666666666,0.1666666666666666,0.1666666666666666
82,82.0,0.1666666666666666,0.1666666666666666,0.1666666666666666,0.1666666666666666,0.1666666666666666,0.1666666666666666
83,83.0,0.1666666666666666,0.1666666666666666,0.1666666666666666,0.1666666666666666,0.1666666666666666,0.1666666666666666
84,84.0,0.1666666666666666,0.1666666666666666,0.1666666666666666,0.1666666666666666,0.1666666666666666,0.1666666666666666
85,85.0,0.1666666666666666,0.1666666666666666,0.1666666666666666,0.1666666666666666,0.1666666666666666,0.1666666666666666
86,86.0,0.1666666666666666,0.1666666666666666,0.1666666666666666,0.1666666666666666,0.1666666666666666,0.1666666666666666
87,87.0,0.1666666666666666,0.1666666666666666,0.1666666666666666,0.1666666666666666,0.1666666666666666,0.1666666666666666
88,88.0,0.1666666666666666,0.1666666666666666,0.1666666666666666,0.1666666666666666,0.1666666666666666,0.1666666666666666
89,89.0,0.1666666666666666,0.1666666666666666,0.1666666666666666,0.1666666666666666,0.1666666666666666,0.1666666666666666
90,90.0,0.1666666666666666,0.1666666666666666,0.1666666666666666,0.1666666666666666,0.1666666666666666,0.1666666666666666
91,91.0,0.1666666666666666,0.1666666666666666,0.1666666666666666,0.1666666666666666,0.1666666666666666,0.1666666666666666
92,92.0,0.1666666666666666,0.1666666666666666,0.1666666666666666,0.1666666666666666,0.1666666666666666,0.1666666666666666
93,93.0,0.1666666666666666,0.1666666666666666,0.1666666666666666,0.1666666666666666,0.1666666666666666,0.1666666666666666
94,94.0,0.1666666666666666,0.1666666666666666,0.1666666666666666,0.1666666666666666,0.1666666666666666,0.1666666666666666
95,95.0,0.1666666666666666,0.1666666666666666,0.1666666666666666,0.1666666666666666,0.1666666666666666,0.1666666666666666
96,96.0,0.1666666666666666,0.1666666666666666,0.1666666666666666,0.1666666666666666,0.1666666666666666,0.1666666666666666
97,97.0,0.1666666666666666,0.1666666666666666,0.1666666666666666,0.1666666666666666,0.1666666666666666,0.1666666666666666
98,98.0,0.1666666666666666,0.1666666666666666,0.1666666666666666,0.1666666666666666,0.1666666666666666,0.1666666666666666
99,99.0,0.1666666666666666,0.1666666666666666,0.1666666666666666,0.1666666666666666,0.1666666666666666,0.1666666666666666
100,100.0,0.1666666666666666,0.1666666666666666,0.1666666666666666,0.1666666666666666,0.1666666666666666,0.1666666666666666
101,101.0,0.1666666666666666,0.1666666666666666,0.1666666666666666,0.1666666666666666,0.1666666666666666,0.1666666666666666
102,102.0,0.1666666666666666,0.1666666666666666,0.1666666666666666,0.1666666666666666,0.1666666666666666,0.1666666666666666
103,103.0,0.1666666666666666,0.1666666666666666,0.1666666666666666,0.1666666666666666,0.1666666666666666,0.1666666666666666
104,104.0,0.1666666666666666,0.1666666666666666,0.1666666666666666,0.1666666666666666,0.1666666666666666,0.1666666666666666
105,105.0,0.1666666666666666,0.1666666666666666,0.1666666666666666,0.1666666666666666,0.1666666666666666,0.1666666666666666
106,106.0,0.1666666666666666,0.1666666666666666,0.1666666666666666,0.1666666666666666,0.1666666666666666,0.1666666666666666
107,107.0,0.1666666666666666,0.1666666666666666,0.1666666666666666,0.1666666666666666,0.1666666666666666,0.1666666666666666
108,108.0,0.1666666666666666,0.1666666666666666,0.1666666666666666,0.1666666666666666,0.1666666666666666,0.1666666666666666
109,109.0,0.1666666666666666,0.1666666666666666,0.1666666666666666,0.1666666666666666,0.1666666666666666,0.1666666666666666
110,110.0,0.1666666666666666,0.1666666666666666,0.1666666666666666,0.1666666666666666,0.1666666666666666,0.1666666666666666
111,111.0,0.1666666666666666,0.1666666666666666,0.1666666666666666,0.1666666666666666,0.1666666666666666,0.1666666666666666
112,112.0,0.1666666666666666,0.1666666666666666,0.1666666666666666,0.1666666666666666,0.1666666666666666,0.1666666666666666
113,113.0,0.1666666666666666,0.1666666666666666,0.1666666666666666,0.1666666666666666,0.1666666666666666,0.1666666666666666
114,114.0,0.1666666666666666,0.1666666666666666,0.1666666666666666,0.1666666666666666,0.1666666666666666,0.1666666666666666
115,115.0,0.1666666666666666,0.1666666666666666,0.1666666666666666,0.1666666666666666,0.1666666666666666,0.1666666666666666
116,116.0,0.1666666666666666,0.1666666666666666,0.1666666666666666,0.1666666666666666,0.1666666666666666,0.1666666666666666
117,117.0,0.1666666666666666,0.1666666666666666,0.1666666666666666,0.1666666666666666,0.1666666666666666,0.1666666666666666
118,118.0,0.1666666666666666,0.1666666666666666,0.1666666666666666,0.1666666666666666,0.1666666666666666,0.1666666666666666
119,119.0,0.1666666666666666,0.1666666666666666,0.1666666666666666,0.1666666666666666,0.1666666666666666,0.1666666666666666
120,120.0,0.1666666666666666,0.1666666666666666,0.1666666666666666,0.1666666666666666,0.1666666666666666,0.1666666666666666
121,121.0,0.1666666666666666,0.1666666666666666,0.1666666666666666,0.1666666666666666,0.1666666666666666,0.1666666666666666
122,122.0,0.1666666666666666,0.1666666666666666,0.1666666666666666,0.1666666666666666,0.1666666666666666,0.1666666666666666
123,123.0,0.1666666666666666,0.1666666666666666,0.1666666666666666,0.1666666666666666,0.1666666666666666,0.1666666666666666
124,124.0,0.1666666666666666,0.1666666666666666,0.1666666666666666,0.1666666666666666,0.1666666666666666,0.1666666666666666
125,125.0,0.1666666666666666,0.1666666666666666,0.1666666666666666,0.1666666666666666,0.1666666666666666,0.1666666666666666
126,126.0,0.1666666666666666,0.1666666666666666,0.1666666666666666,0.1666666666666666,0.1666666666666666,0.1666666666666666
127,127.0,0.1666666666666666,0.1666666666666666,0.1666666666666666,0.1666666666666666,0.1666666666666666,0.1666666666666666
128,128.0,0.1666666666666666,0.1666666666666666,0.1666666666666666,0.1666666666666666,0.1666666666666666,0.1666666666666666
129,129.0,0.1666666666666666,0.1666666666666666,0.1666666666666666,0.1666666666666666,0.1666666666666666,0.1666666666666666
130,130.0,0.1666666666666666,0.1666666666666666,0.1666666666666666,0.1666666666666666,0.1666666666666666,0.1666666666666666
131,131.0,0.1666666666666666,0.1666666666666666,0.1666666666666666,0.1666666666666666,0.1666666666666666,0.1666666666666666
132,132.0,0.1666666666666666,0.1666666666666666,0.1666666666666666,0.1666666666666666,0.1666666666666666,0.1666666666666666
133,133.0,0.1666666666666666,0.1666666666666666,0.1666666666666666,0.1666666666666666,0.1666666666666666,0.1666666666666666
134,134.0,0.1666666666666666,0.1666666666666666,0.1666666666666666,0.1666666666666666,0.1666666666666666,0.1666666666666666
135,135.0,0.1666666666666666,0.1666666666666666,0.1666666666666666,0.1666666666666666,0.1666666666666666,0.1666666666666666
136,136.0,0.1666666666666666,0.1666666666666666,0.1666666666666666,0.1666666666666666,0.1666666666666666,0.1666666666666666
137,137.0,0.1666666666666666,0.1666666666666666,0.1666666666666666,0.1666666666666666,0.1666666666666666,0.1666666666666666
138,138.0,0.1666666666666666,0.1666666666666666,0.1666666666666666,0.1666666666666666,0.1666666666666666,0.1666666666666666
139,139.0,0.1666666666666666,0.1666666666666666,0.1666666666666666,0.1666666666666666,0.1666666666666666,0.1666666666666666
140,140.0,0.1666666666666666,0.1666666666666666,0.1666666666666666,0.1666666666666666,0.1666666666666666,0.1666666666666666
141,141.0,0.1666666666666666,0.1666666666666666,0.1666666666666666,0.1666666666666666,0.1666666666666666,0.1666666666666666
142,142.0,0.1666666666666666,0.1666666666666666,0.1666666666666666,0.1666666666666666,0.1666666666666666,0.1666666666666666
143,143.0,0.1666666666666666,0.1666666666666666,0.1666666666666666,0.1666666666666666,0.1666666666666666,0.1666666666666666
144,144.0,0.1666666666666666,0.1666666666666666,0.1666666666666666,0.1666666666666666,0.1666666666666666,0.1666666666666666
145,145.0,0.1666666666666666,0.1666666666666666,0.1666666666666666,0.1666666666666666,0.1666666666666666,0.1666666666666666
146,146.0,0.1666666666666666,0.1666666666666666,0.1666666666666666,0.1666666666666666,0.1666666666666666,0.1666666666666666
147,147.0,0.1666666666666666,0.1666666666666666,0.1666666666666666,0.1666666666666666,0.1666666666666666,0.1666666666666666
148,148.0,0.1666666666666666,0.1666666666666666,0.1666666666666666,0.1666666666666666,0.1666666666666666,0.1666666666666666
149,149.0,0.1666666666666666,0.1666666666666666,0.1666666666666666,0.1666666666666666,0.1666666666666666,0.1666666666666666
150,150.0,0.1666666666666666,0.1666666666666666,0.1666666666666666,0.1666666666666666,0.1666666666666666,0.1666666666666666
151,151.0,0.1666666666666666,0.1666666666666666,0.1666666666666666,0.1666666666666666,0.1666666666666666,0.1666666666666666
152,152.0,0.1666666666666666,0.1666666666666666,0.1666666666666666,0.1666666666666666,0.1666666666666666,0.1666666666666666
153,153.0,0.1666666666666666,0.1666666666666666,0.1666666666666666,0.1666666666666666,0.1666666666666666,0.1666666666666666
154,154.0,0.1666666666666666,0.1666666666666666,0.1666666666666666,0.1666666666666666,0.1666666666666666,0.1666666666666666
155,155.0,0.1666666666666666,0.1666666666666666,0.1666666666666666,0.1666666666666666,0.1666666666666666,0.1666666666666666
156,156.0,0.1666666666666666,0.1666666666666666,0.1666666666666666,0.1666666666666666,0.1666666666666666,0.1666666666666666
157,157.0,0.1666666666666666,0.1666666666666666,0.1666666666666666,0.1666666666666666,0.1666666666666666,0.1666666666666666
158,158.0,0.1666666666666666,0.1666666666666666,0.1666666666666666,0.1666666666666666,0.1666666666666666,0.1666666666666666
159,159.0,0.1666666666666666,0.1666666666666666,0.1666666666666666,0.1666666666666666,0.1666666666666666,0.1666666666666666
160,160.0,0.1666666666666666,0.1666666666666666,0.1666666666666666,0.1666666666666666,0.1666666666666666,0.1666666666666666
161,161.0,0.1666666666666666,0.1666666666666666,0.1666666666666666,0.1666666666666666,0.1666666666666666,0.1666666666666666
162,162.0,0.1666666666666666,0.1666666666666666,0.1666666666666666,0.1666666666666666,0.1666666666666666,0.1666666666666666
163,163.0,0.1666666666666666,0.1666666666666666,0.1666666666666666,0.1666666666666666,0.1666666666666666,0.1666666666666666
164,164.0,0.1666666666666666,0.1666666666666666,0.1666666666666666,0.1666666666666666,0.1666666666666666,0.1666666666666666
165,165.0,0.1666666666666666,0.1666666666666666,0.1666666666666666,0.1666666666666666,0.1666666666666666,0.1666666666666666
166,166.0,0.1666666666666666,0.1666666666666666,0.1666666666666666,0.1666666666666666,0.1666666666666666,0.1666666666666666
167,167.0,0.1666666666666666,0.1666666666666666,0.1666666666666666,0.1666666666666666,0.1666666666666666,0.1666666666666666
168,168.0,0.1666666666666666,0.1666666666666666,0.1666666666666666,0.1666666666666666,0.1666666666666666,0.1666666666666666
169,169.0,0.1666666666666666,0.1666666666666666,0.1666666666666666,0.1666666666666666,0.1666666666666666,0.1666666666666666
170,170.0,0.1666666666666666,0.1666666666666666,0.1666666666666666,0.1666666666666666,0.1666666666666666,0.1666666666666666
171,171.0,0.1666666666666666,0.1666666666666666,0.1666666666666666,0.1666666666666666,0.1666666666666666,0.1666666666666666
172,172.0,0.1666666666666666,0.1666666666666666,0.1666666666666666,0.1666666666666666,0.1666666666666666,0.1666666666666666
173,173.0,0.1666666666666666,0.1666666666666666,0.1666666666666666,0.1666666666666666,0.1666666666666666,0.1666666666666666
174,174.0,0.1666666666666666,0.1666666666666666,0.1666666666666666,0.1666666666666666,0.1666666666666666,0.1666666666666666
175,175.0,0.1666666666666666,0.1666666666666666,0.1666666666666666,0.1666666666666666,0.1666666666666666,0.1666666666666666
176,176.0,0.1666666666666666,0.1666666666666666,0.1666666666666666,0.1666666666666666,0.1666666666666666,0.1666666666666666
177,177.0,0.1666666666666666,0.1666666666666666,0.1666666666666666,0.1666666666666666,0.1666666666666666,0.1666666666666666
178,178.0,0.1666666666666666,0.1666666666666666,0.1666666666666666,0.1666666666666666,0.1666666666666666,0.1666666666666666
179,179.0,0.1666666666666666,0.1666666666666666,0.1666666666666666,0.1666666666666666,0.1666666666666666,0.1666666666666666
180,180.0,0.1666666666666666,0.1666666666666666,0.1666666666666666,0.1666666666666666,0.1666666666666666,0.1666666666666666
181,181.0,0.1666666666666666,0.1666666666666666,0.1666666666666666,0.1666666666666666,0.1666666666666666,0.1666666666666666
182,182.0,0.1666666666666666,0.1666666666666666,0.1666666666666666,0.1666666666666666,0.1666666666666666,0.1666666666666666
183,183.0,0.1666666666666666,0.1666666666666666,0.1666666666666666,0.1666666666666666,0.1666666666666666,0.1666666666666666
184,184.0,0.1666666666666666,0.1666666666666666,0.1666666666666666,0.1666666666666666,0.1666666666666666,0.1666666666666666
185,185.0,0.1666666666666666,0.1666666666666666,0.1666666666666666,0.1666666666666666,0.1666666666666666,0.1666666666666666
186,186.0,0.1666666666666666,0.1666666666666666,0.1666666666666666,0.1666666666666666,0.1666666666666666,0.1666666666666666
187,187.0,0.1666666666666666,0.1666666666666666,0.1666666666666666,0.1666666666666666,0.1666666666666666,0.1666666666666666
188,188.0,0.1666666666666666,0.1666666666666666,0.1666666666666666,0.1666666666666666,0.1666666666666666,0.1666666666666666
189,189.0,0.1666666666666666,0.1666666666666666,0.1666666666666666,0.1666666666666666,0.1666666666666666,0.1666666666666666
190,190.0,0.1666666666666666,0.1666666666666666,0.1666666666666666,0.1666666666666666,0.1666666666666666,0.1666666666666666
191,191.0,0.1666666666666666,0.1666666666666666,0.1666666666666666,0.1666666666666666,0.1666666666666666,0.1666666666666666
192,192.0,0.1666666666666666,0.1666666666666666,0.1666666666666666,0.1666666666666666,0.1666666666666666,0.1666666666666666
193,193.0,0.1666666666666666,0.1666666666666666,0.1666666666666666,0.1666666666666666,0.1666666666666666,0.1666666666666666
194,194.0,0.1666666666666666,0.1666666666666666,0.1666666666666666,0.1666666666666666,0.1666666666666666,0.1666666666666666
195,195.0,0.1666666666666666,0.1666666666666666,0.1666666666666666,0.1666666666666666,0.1666666666666666,0.1666666666666666
196,196.0,0.1666666666666666,0.1666666666666666,0.1666666666666666,0.1666666666666666,0.1666666666666666,0.1666666666666666
197,197.0,0.1666666666666666,0.1666666666666666,0.1666666666666666,0.1666666666666666,0.1666666666666666,0.1666666666666666
198,198.0,0.1666666666666666,0.1666666666666666,0.1666666666666666,0.1666666666666666,0.1666666666666666,0.1666666666666666
199,199.0,0.1664285714285714,0.1664285714285714,0.1664285714285714,0.1664285714285714,0.1664285714285714,0.1678571428571428
200,200.0,0.1661928571428572,0.1661928571428572,0.1661928571428572,0.1661928571428572,0.1661928571428572,0.1690357142857143
201,201.0,0.1659616428571429,0.1659616428571429,0.1659616428571429,0.1659616428571429,0.1659616428571429,0.1701917857142857
202,202.0,0.1652606002380953,0.1652606002380953,0.1666891716666667,0.1666891716666667,0.1652606002380953,0.170839855952381
203,203.0,0.1643937225452381,0.1643937225452381,0.1672365796880953,0.1672365796880953,0.1656437225452381,0.1710956729880953
204,204.0,0.1634080874597064,0.1634080874597064,0.1687493414279604,0.1676382303168493,0.1657566985708175,0.1710395547649603
205,205.0,0.1624504270716228,0.1624504270716228,0.1702407938970197,0.1680296827859085,0.1658754131827339,0.1709532559910925
206,206.0,0.161348949086552,0.161348949086552,0.1714798995294092,0.1682294709579806,0.1658195339476631,0.1717731973918433
207,207.0,0.1600516690916624,0.1600516690916624,0.1724378352858053,0.1696059538572339,0.1655296980902736,0.1723231745833626
208,208.0,0.1597776480243928,0.1586665369132817,0.1729307578438625,0.1708173797216403,0.1651075964567678,0.172700081040055
209,209.0,0.1591515065518602,0.1570515065518602,0.1741133345359294,0.1715248860277865,0.1654059941014101,0.1727527722311538
210,210.0,0.1583373371769353,0.1552683371769353,0.1750023932293032,0.1719551230017704,0.1654724761675581,0.1739643332474979
211,211.0,0.1572159804875026,0.1532964795784117,0.1762904730589976,0.1731477489733021,0.165183465496296,0.1748658524054901
212,212.0,0.1560426083201468,0.1513059425110559,0.1774016670149594,0.1741817344250472,0.1646795298952058,0.1763885178335849
213,213.0,0.1549341559443338,0.1494184992924247,0.1771925517450023,0.1751626035544669,0.1654372012132813,0.1778549882504911
214,214.0,0.1548674381268897,0.1475038260809431,0.1767833604355288,0.1758080815247217,0.1659199642676472,0.1791173295642696
215,215.0,0.1546417263679297,0.1455976814968997,0.1762120814924742,0.1771730304498034,0.1661782600319087,0.1801972201609843
216,216.0,0.1547988393326444,0.143625495271038,0.173893350846448,0.1785982238287953,0.1665428484734362,0.1825412422476381
217,217.0,0.1548067723450093,0.1416816276352345,0.1722721334490115,0.1798408259829136,0.1667010323694374,0.1846976082183937
218,218.0,0.1548611336924507,0.1398776054923551,0.1706554622759217,0.1810046136148554,0.1668506242803282,0.1867505606440889
219,219.0,0.1548052217764713,0.1381417269387785,0.1689370398470969,0.1820100727247613,0.1668394723339955,0.1892664663788963
220,220.0,0.1545488914408415,0.1377431944097683,0.1670159388867437,0.1826930681538226,0.1665820308338935,0.1914168762749303
221,221.0,0.1541504621165967,0.1383736871995866,0.1649673525433329,0.1831147306015472,0.1661412174361144,0.1932525501028222
222,222.0,0.1537888422815553,0.1391204264198807,0.1629852295043185,0.183457691027306,0.165700491750118,0.1949473190168214
223,223.0,0.1535024504901842,0.1399937484451343,0.1610114373691418,0.1836550827285286,0.1652982081189713,0.1965390728480398
224,224.0,0.1532519928814969,0.1409457762058382,0.1591290575392291,0.1837836652311147,0.1649039849018541,0.1979855232404669
225,225.0,0.1540086028355342,0.1415424521841737,0.1572088836934643,0.1837101447410133,0.1643820694006456,0.1991478471451689
226,226.0,0.1545667852742609,0.1429625383469814,0.1551802589790587,0.1834693556512831,0.1637643388876559,0.2000567228607601
227,227.0,0.1551213547738714,0.1443967039786792,0.1532550742816104,0.1832696571465522,0.1631493936242377,0.2008078161950491
228,228.0,0.1556846286491358,0.1458436126538236,0.1514566506241608,0.1830286351629767,0.1625585472285279,0.2014279256813752
229,229.0,0.1560120084856407,0.1470494257432234,0.1509807723297606,0.1825147370301817,0.1617572030396175,0.2016858533715761
230,230.0,0.1552515983316351,0.1484906759131164,0.151722068993882,0.1818892976079838,0.160904452363111,0.2017419067902716
231,231.0,0.1543587399432142,0.1497653420930209,0.1532616560702406,0.1811076762363035,0.1599509063325455,0.2015556793246753
232,232.0,0.1533694956165925,0.1508912249090256,0.1554348642024046,0.1802071962126946,0.1589300688325214,0.2011671502267611
233,233.0,0.1523124872979472,0.1518810347784514,0.1572020537489264,0.1792178391116771,0.1578679682940759,0.2015186167689218
234,234.0,0.1511757685403744,0.1533758546346357,0.1588841344708848,0.1781290932827091,0.1567500590971424,0.2016850899742535
235,235.0,0.1502572490039137,0.1549888067089121,0.160751367872088,0.1761689279140181,0.1558716726281107,0.2019619758729573
236,236.0,0.1491359646708494,0.1577418815597231,0.1623537096119787,0.1739267347659031,0.1549123106219805,0.2019293987695652
237,237.0,0.147927369480013,0.1612372866662027,0.1637896647580162,0.1714641917183482,0.1538809293777014,0.2017005579997184
238,238.0,0.1463606138024235,0.1650325016183859,0.1660956033272163,0.16949462585844,0.1525033779648646,0.2005132774286697
239,239.0,0.1447864236677745,0.1686088357064228,0.1687220736521769,0.167537677550255,0.1511272913386965,0.1992176980846742
240,240.0,0.1432894662413003,0.1721281223757501,0.1725198487631631,0.1656798363398847,0.1498344657049739,0.1965482605749278
241,241.0,0.1417380989375592,0.175325210419108,0.1769032648749071,0.1637908810407624,0.1484906143319005,0.1937519303957627
242,242.0,0.1401671653062043,0.1782142377075489,0.1817004792817712,0.1619067015036434,0.1471281671960309,0.1908832490048012
243,243.0,0.1386034222254013,0.180806210952771,0.1867766854647201,0.1600547528567895,0.1457716992540945,0.1879872292462236
244,244.0,0.1370795036886187,0.1831226314443595,0.1919646440957377,0.1582680471153584,0.1444518928838329,0.1851132807720927
245,245.0,0.1356094136795696,0.1851706375055092,0.1964732783656852,0.1565606742989693,0.1438953129588142,0.1822906831914525
246,246.0,0.1340967748656821,0.1869584220204839,0.2010067530492886,0.1539400221157227,0.1444536690562307,0.1795443588925918
247,247.0,0.132658933185318,0.1891203197749419,0.2048851065012036,0.151428041306779,0.1450122649652457,0.1768953342665118
248,248.0,0.1313402873419283,0.1910723004673903,0.2084725673100797,0.1490764845427973,0.1456404907456091,0.1743978695921952
249,249.0,0.1305706756388211,0.193244407425677,0.2121909215607036,0.1473213964154926,0.1471822440095254,0.1694903549497803
250,250.0,0.1299171764932849,0.1952071926679209,0.21560418208068,0.145734966656756,0.1487593259045715,0.1647771561967867
251,251.0,0.1293747136410179,0.196961960513304,0.2187087256378738,0.144316193727318,0.150352432748684,0.1602859737318022
252,252.0,0.1289376080812159,0.1985119650230585,0.2215043784929913,0.1430624996735433,0.1519440309785152,0.1560395177506758
253,253.0,0.1287260526536847,0.1998810131173835,0.2235726129275191,0.1419911074083066,0.153534822876759,0.1522943910163471
254,254.0,0.1294240679555455,0.2009656532974092,0.2248902572187784,0.1409845171105844,0.1550032514034748,0.1487322530142077
255,255.0,0.1303415838937076,0.202153759673045,0.224918669462659,0.1402723634376513,0.1567171483308281,0.145596475202109
256,256.0,0.1313176675528515,0.2031634891763581,0.2248050326975038,0.1395926264615599,0.1583752124648662,0.1427459716468604
257,257.0,0.1314276104151968,0.2040025821995477,0.2253748780020577,0.1390477629812882,0.1599664464435801,0.1401807199583293
258,258.0,0.1314993513742241,0.20543728721797,0.2252814314435772,0.1385539767062992,0.1614058633669577,0.1378220898909717
259,259.0,0.1316041750288567,0.2067118778000993,0.2250010475830413,0.1381792795969965,0.1627624325894806,0.1357411874015255
260,260.0,0.1316557054431423,0.2077921931419694,0.2249219225081334,0.1378334902780588,0.1639500482168797,0.1338466404118163
261,261.0,0.1317325741238336,0.2087205413217844,0.2246946929240545,0.1375909933505001,0.1650464719273098,0.1322147263525175
262,262.0,0.1318314785574833,0.2095028355739515,0.2243364415775626,0.137443884544458,0.1660498586753635,0.1308355010711811
263,263.0,0.1319492261244589,0.2101458583487139,0.2238638531583639,0.1373840961358413,0.1669594782897978,0.1296974879428242
264,264.0,0.132027809980813,0.2105472164561744,0.2229084718733056,0.1380628346283343,0.1677206662328854,0.1287330008284874
265,265.0,0.1321198112084948,0.2108259638808896,0.2218742846679781,0.1388060533534944,0.1683901043417806,0.1279837825473625
266,266.0,0.1326862057320618,0.2106844123511695,0.2187541247159952,0.1400631097747704,0.1699154488940034,0.1278966985319997
267,267.0,0.133294762880109,0.2106404235975617,0.2152077234203943,0.1414458672167023,0.1713841281050147,0.128027094780218
268,268.0,0.1338462279047723,0.2116466175435059,0.2108104103624195,0.1427345794844739,0.1726971392901924,0.128265025414636
269,269.0,0.1353148490921971,0.2128554658721392,0.205997873780512,0.1437905380875976,0.1735809728643219,0.1284603003032321
270,270.0,0.136539859534868,0.2137481067253986,0.201173650281773,0.1447260619811101,0.1751403431734017,0.1286719783034486
271,271.0,0.1375098853543488,0.2142404162604706,0.1967295750352972,0.145469596972795,0.1771867998105429,0.1288637265665455
272,272.0,0.1383250360686425,0.2152560788557626,0.1924151373495919,0.1461486573107364,0.1788452894291175,0.1290098009861492
273,273.0,0.1390977902259066,0.2161814083988269,0.1882953971659315,0.1467998605835293,0.1803816114220473,0.1292439322037585
274,274.0,0.1397878952343892,0.2169058907818087,0.1847948954351808,0.1472372554010219,0.181755854626085,0.1295182085215144
275,275.0,0.1410532972784011,0.2173306225832053,0.1815477365799557,0.1475613858676628,0.1827307996806146,0.1297761580101605
276,276.0,0.1420806742483576,0.2182023868622665,0.1784643228944465,0.1477817962323734,0.1834527108055097,0.1300181089570463
277,277.0,0.1435711587445857,0.2187992532466107,0.17557947672892,0.1479228990812939,0.1838656667867221,0.1302615454118677
278,278.0,0.1447372140475421,0.2190581590619408,0.1726867949228792,0.1492088699792459,0.1839129695997113,0.1303959923886808
279,279.0,0.1458125784505762,0.2192231785815743,0.1701328444947072,0.1504396927061664,0.1838436674602214,0.1305480383067545
280,280.0,0.1472389414598002,0.2171749825707117,0.1682618763973653,0.1520509610699345,0.1841134879450456,0.1311597505571428
281,281.0,0.1484026538702171,0.2147268031139397,0.1677100163644581,0.1534242321089421,0.1841215348726185,0.1316147596698246
282,282.0,0.1494790579033178,0.2122645489218455,0.1673865864755854,0.1547302871309893,0.1840546194151039,0.1320849001531582
283,283.0,0.150327231467614,0.2095364722321046,0.1681053113485659,0.155823898298663,0.1837820180766967,0.132425068576356
284,284.0,0.1509754047632321,0.2066242138391568,0.1696714549251511,0.1567292627746125,0.1833409143477591,0.1326587493500886
285,285.0,0.1515141217757833,0.2046837466448149,0.1709983326080421,0.1572025613329214,0.1828295951963332,0.1327716424421054
286,286.0,0.1519520862841169,0.2027998381706461,0.172423217503672,0.1575876423300789,0.1823708675585705,0.1328663481529158
287,287.0,0.1522350147189357,0.2007762810900403,0.1744712971534602,0.1578252899639604,0.1818073061912986,0.132884810882305
288,288.0,0.1523362363397045,0.1988518212889929,0.1766900254399405,0.1579960529127364,0.1812232118993227,0.1329026521193031
289,289.0,0.152369683805169,0.1970357936375584,0.1789433760230307,0.1581049120154298,0.1806264789180331,0.1329197556007791
290,290.0,0.1523418000562049,0.1953355151972899,0.1812053531672388,0.158156969065622,0.1800243384461741,0.1329360240674705
291,291.0,0.1522589970517447,0.1937564138314734,0.1834524744450109,0.1581573836980611,0.1794233526375211,0.1329513783361889
292,292.0,0.1521275947473827,0.192302162846322,0.1856637542302129,0.158111316008198,0.1788294158838402,0.1329657562840443
293,293.0,0.1522315448739304,0.1918081530469539,0.1858762194298054,0.1583016526829393,0.1785255404249486,0.1332568895414224
294,294.0,0.1521851615759203,0.1910999670794513,0.1868154046281312,0.1583417388079662,0.1781246477748453,0.1334330801336858
295,295.0,0.1521039420287882,0.1905061044203025,0.1876992459733337,0.1583461985769997,0.1777404485791524,0.1336040604214236
296,296.0,0.1519921820529177,0.1900210713652637,0.1885244394372731,0.1583185500279489,0.1773751154843859,0.1337686416322108
297,297.0,0.1518540532909413,0.1896388352844742,0.1892885978734365,0.1582622804781127,0.1770304152114007,0.1339258178616346
298,298.0,0.1516935739090894,0.1893529388413171,0.1899901832002397,0.158180814723068,0.1767077314807487,0.1340747578455372
299,299.0,0.151514583763168,0.1891566070364607,0.1906284368753507,0.1580774870408862,0.1764080894755029,0.1342147958086317
300,300.0,0.1514432544637015,0.1891916339209226,0.1912533220303136,0.1578192328300849,0.17615593738216,0.1341366193728177
301,301.0,0.1513592556496466,0.1893006248798071,0.1918149154127801,0.1575467829495501,0.1759276673853768,0.1340507537228394
302,302.0,0.1512646942606028,0.1894750935960831,0.1923139302661753,0.1572642814650606,0.1757231739754653,0.1339588264366129
303,303.0,0.1511615721679595,0.1897067476068488,0.1927516342948725,0.1569755585518566,0.1755421244278373,0.1338623629506255
304,304.0,0.1510517766630029,0.1899875518425474,0.1931297815410543,0.1566841235819417,0.1753839848517408,0.133762781519713
305,305.0,0.150937073042014,0.1903097832383288,0.1934505462105106,0.1563931621106861,0.1752480456457836,0.133661389752677
306,306.0,0.150819099152806,0.1906660767642267,0.1937164589142193,0.1561055364029365,0.1751334461650113,0.1335593826008003
307,307.0,0.1506993617610927,0.1910494632719707,0.193930345721718,0.1558237891394197,0.1750391984317132,0.1334578416740858
308,308.0,0.1505792345910419,0.1914533995982985,0.1940952703545529,0.1555501499483477,0.1749642097484748,0.1333577357592843
309,309.0,0.1504599578921878,0.1918717913980887,0.1942144797838619,0.1552865444143866,0.1749073040971226,0.1332599224143526
310,310.0,0.1503426393843993,0.192299009205997,0.1942913534357045,0.155034605227165,0.1748672422309814,0.133165150515753
311,311.0,0.1507511322506411,0.1942985256941129,0.1912574607264723,0.1547303256667569,0.1753656162071851,0.1335969394548317
312,312.0,0.1511581821895538,0.1962813511236522,0.1882189231017182,0.1544408060954969,0.1758730104664429,0.134027727023136
313,313.0,0.1515598629944811,0.1982293263461771,0.1852065904292417,0.1541674657101828,0.1763834490378569,0.1344533054820604
314,314.0,0.1519526947707722,0.2001264566301638,0.18224796554054,0.1539114199960731,0.1768915231044974,0.1348699399579535
315,315.0,0.1522225229924168,0.202625521833293,0.1791450416839003,0.1535623888320773,0.1772812772650641,0.1351632473932484
316,316.0,0.152388040641754,0.2055867923570736,0.1759614598128647,0.153142251983915,0.1775697368776497,0.135351718326743
317,317.0,0.1525398417813393,0.2084435258732936,0.1729007579112194,0.1527441395703025,0.1778459649827446,0.1355257698811005
318,318.0,0.152677780050752,0.2111776087475469,0.169981255001042,0.1523698302719211,0.178108422450047,0.135685103478691
319,319.0,0.1528018623543154,0.2137739652152876,0.1672180262122873,0.1520206868702314,0.178355861768663,0.1358295975792153
320,320.0,0.1529122334655786,0.2162204043524895,0.1646230764207007,0.1516976842095811,0.1785873103602752,0.1359592911913748
321,321.0,0.1530091607926591,0.2185074535008346,0.1622055272244811,0.1514014382424729,0.1788020528116678,0.1360743674278844
322,322.0,0.1530930194407043,0.2206281811677249,0.1599718140560542,0.1511322357592236,0.1789996123123489,0.136175137263944
