,Unnamed: 0,Total_iterations,Intertwine_two,Add_vertex,Delete_vertex,Invert_path_vertices,Insert_inside_vertex,Delete_inside_vertex,Replace_inside_vertex,Donate_between_routes
0,0.0,0.0,0.125,0.125,0.125,0.125,0.125,0.125,0.125,0.125
1,1.0,1.0,0.125,0.125,0.125,0.125,0.125,0.125,0.125,0.125
2,2.0,2.0,0.125,0.125,0.125,0.125,0.125,0.125,0.125,0.125
3,3.0,3.0,0.125,0.125,0.125,0.125,0.125,0.125,0.125,0.125
4,4.0,4.0,0.125,0.125,0.125,0.125,0.125,0.125,0.125,0.125
5,5.0,5.0,0.125,0.125,0.125,0.125,0.125,0.125,0.125,0.125
6,6.0,6.0,0.125,0.125,0.125,0.125,0.125,0.125,0.125,0.125
7,7.0,7.0,0.125,0.125,0.125,0.125,0.125,0.125,0.125,0.125
8,8.0,8.0,0.125,0.125,0.125,0.125,0.125,0.125,0.125,0.125
9,9.0,9.0,0.125,0.125,0.125,0.125,0.125,0.125,0.125,0.125
10,10.0,10.0,0.125,0.125,0.125,0.125,0.125,0.125,0.125,0.125
11,11.0,11.0,0.125,0.125,0.125,0.125,0.125,0.125,0.125,0.125
12,12.0,12.0,0.125,0.125,0.125,0.125,0.125,0.125,0.125,0.125
13,13.0,13.0,0.125,0.125,0.125,0.125,0.125,0.125,0.125,0.125
14,14.0,14.0,0.125,0.125,0.125,0.125,0.125,0.125,0.125,0.125
15,15.0,15.0,0.125,0.125,0.125,0.125,0.125,0.125,0.125,0.125
16,16.0,16.0,0.125,0.125,0.125,0.125,0.125,0.125,0.125,0.125
17,17.0,17.0,0.125,0.125,0.125,0.125,0.125,0.125,0.125,0.125
18,18.0,18.0,0.125,0.125,0.125,0.125,0.125,0.125,0.125,0.125
19,19.0,19.0,0.125,0.125,0.125,0.125,0.125,0.125,0.125,0.125
20,20.0,20.0,0.125,0.125,0.125,0.125,0.125,0.125,0.125,0.125
21,21.0,21.0,0.125,0.125,0.125,0.125,0.125,0.125,0.125,0.125
22,22.0,22.0,0.125,0.125,0.125,0.125,0.125,0.125,0.125,0.125
23,23.0,23.0,0.125,0.125,0.125,0.125,0.125,0.125,0.125,0.125
24,24.0,24.0,0.125,0.125,0.125,0.125,0.125,0.125,0.125,0.125
25,25.0,25.0,0.125,0.125,0.125,0.125,0.125,0.125,0.125,0.125
26,26.0,26.0,0.125,0.125,0.125,0.125,0.125,0.125,0.125,0.125
27,27.0,27.0,0.125,0.125,0.125,0.125,0.125,0.125,0.125,0.125
28,28.0,28.0,0.125,0.125,0.125,0.125,0.125,0.125,0.125,0.125
29,29.0,29.0,0.125,0.125,0.125,0.125,0.125,0.125,0.125,0.125
30,30.0,30.0,0.125,0.125,0.125,0.125,0.125,0.125,0.125,0.125
31,31.0,31.0,0.125,0.125,0.125,0.125,0.125,0.125,0.125,0.125
32,32.0,32.0,0.125,0.125,0.125,0.125,0.125,0.125,0.125,0.125
33,33.0,33.0,0.125,0.125,0.125,0.125,0.125,0.125,0.125,0.125
34,34.0,34.0,0.125,0.125,0.125,0.125,0.125,0.125,0.125,0.125
35,35.0,35.0,0.125,0.125,0.125,0.125,0.125,0.125,0.125,0.125
36,36.0,36.0,0.125,0.125,0.125,0.125,0.125,0.125,0.125,0.125
37,37.0,37.0,0.125,0.125,0.125,0.125,0.125,0.125,0.125,0.125
38,38.0,38.0,0.125,0.125,0.125,0.125,0.125,0.125,0.125,0.125
39,39.0,39.0,0.125,0.125,0.125,0.125,0.125,0.125,0.125,0.125
40,40.0,40.0,0.125,0.125,0.125,0.125,0.125,0.125,0.125,0.125
41,41.0,41.0,0.125,0.125,0.125,0.125,0.125,0.125,0.125,0.125
42,42.0,42.0,0.125,0.125,0.125,0.125,0.125,0.125,0.125,0.125
43,43.0,43.0,0.125,0.125,0.125,0.125,0.125,0.125,0.125,0.125
44,44.0,44.0,0.125,0.125,0.125,0.125,0.125,0.125,0.125,0.125
45,45.0,45.0,0.125,0.125,0.125,0.125,0.125,0.125,0.125,0.125
46,46.0,46.0,0.125,0.125,0.125,0.125,0.125,0.125,0.125,0.125
47,47.0,47.0,0.125,0.125,0.125,0.125,0.125,0.125,0.125,0.125
48,48.0,48.0,0.125,0.125,0.125,0.125,0.125,0.125,0.125,0.125
49,49.0,49.0,0.125,0.125,0.125,0.125,0.125,0.125,0.125,0.125
50,50.0,50.0,0.125,0.125,0.125,0.125,0.125,0.125,0.125,0.125
51,51.0,51.0,0.125,0.125,0.125,0.125,0.125,0.125,0.125,0.125
52,52.0,52.0,0.125,0.125,0.125,0.125,0.125,0.125,0.125,0.125
53,53.0,53.0,0.125,0.125,0.125,0.125,0.125,0.125,0.125,0.125
54,54.0,54.1,0.125,0.125,0.125,0.125,0.125,0.125,0.125,0.125
55,55.0,55.1,0.125,0.125,0.125,0.125,0.125,0.125,0.125,0.125
56,56.0,56.1,0.125,0.125,0.125,0.125,0.125,0.125,0.125,0.125
57,57.0,57.1,0.125,0.125,0.125,0.125,0.125,0.125,0.125,0.125
58,58.0,58.1,0.125,0.125,0.125,0.125,0.125,0.125,0.125,0.125
59,59.0,59.1,0.125,0.125,0.125,0.125,0.125,0.125,0.125,0.125
60,60.0,60.1,0.125,0.125,0.125,0.125,0.125,0.125,0.125,0.125
61,61.0,61.1,0.125,0.125,0.125,0.125,0.125,0.125,0.125,0.125
62,62.0,62.1,0.125,0.125,0.125,0.125,0.125,0.125,0.125,0.125
63,63.0,63.1,0.125,0.125,0.125,0.125,0.125,0.125,0.125,0.125
64,64.0,64.1,0.125,0.125,0.125,0.125,0.125,0.125,0.125,0.125
65,65.0,65.1,0.125,0.125,0.125,0.125,0.125,0.125,0.125,0.125
66,66.0,66.1,0.125,0.125,0.125,0.125,0.125,0.125,0.125,0.125
67,67.0,67.1,0.125,0.125,0.125,0.125,0.125,0.125,0.125,0.125
68,68.0,68.1,0.125,0.125,0.125,0.125,0.125,0.125,0.125,0.125
69,69.0,69.1,0.125,0.125,0.125,0.125,0.125,0.125,0.125,0.125
70,70.0,70.1,0.125,0.125,0.125,0.125,0.125,0.125,0.125,0.125
71,71.0,71.1,0.125,0.125,0.125,0.125,0.125,0.125,0.125,0.125
72,72.0,72.1,0.125,0.125,0.125,0.125,0.125,0.125,0.125,0.125
73,73.0,73.1,0.125,0.125,0.125,0.125,0.125,0.125,0.125,0.125
74,74.0,74.1,0.125,0.125,0.125,0.125,0.125,0.125,0.125,0.125
75,75.0,75.1,0.125,0.125,0.125,0.125,0.125,0.125,0.125,0.125
76,76.0,76.1,0.125,0.125,0.125,0.125,0.125,0.125,0.125,0.125
77,77.0,77.1,0.125,0.125,0.125,0.125,0.125,0.125,0.125,0.125
78,78.0,78.1,0.125,0.125,0.125,0.125,0.125,0.125,0.125,0.125
79,79.0,79.1,0.125,0.125,0.125,0.125,0.125,0.125,0.125,0.125
80,80.0,80.1,0.125,0.125,0.125,0.125,0.125,0.125,0.125,0.125
81,81.0,81.1,0.125,0.125,0.125,0.125,0.125,0.125,0.125,0.125
82,82.0,82.1,0.125,0.125,0.125,0.125,0.125,0.125,0.125,0.125
83,83.0,83.1,0.125,0.125,0.125,0.125,0.125,0.125,0.125,0.125
84,84.0,84.1,0.125,0.125,0.125,0.125,0.125,0.125,0.125,0.125
85,85.0,85.1,0.125,0.125,0.125,0.125,0.125,0.125,0.125,0.125
86,86.0,86.1,0.125,0.125,0.125,0.125,0.125,0.125,0.125,0.125
87,87.0,87.1,0.125,0.125,0.125,0.125,0.125,0.125,0.125,0.125
88,88.0,88.1,0.125,0.125,0.125,0.125,0.125,0.125,0.125,0.125
89,89.0,89.1,0.125,0.125,0.125,0.125,0.125,0.125,0.125,0.125
90,90.0,90.1,0.125,0.125,0.125,0.125,0.125,0.125,0.125,0.125
91,91.0,91.1,0.125,0.125,0.125,0.125,0.125,0.125,0.125,0.125
92,92.0,92.1,0.125,0.125,0.125,0.125,0.125,0.125,0.125,0.125
93,93.0,93.1,0.125,0.125,0.125,0.125,0.125,0.125,0.125,0.125
94,94.0,94.1,0.125,0.125,0.125,0.125,0.125,0.125,0.125,0.125
95,95.0,95.1,0.125,0.125,0.125,0.125,0.125,0.125,0.125,0.125
96,96.0,96.1,0.125,0.125,0.125,0.125,0.125,0.125,0.125,0.125
97,97.0,97.1,0.125,0.125,0.125,0.125,0.125,0.125,0.125,0.125
98,98.0,98.1,0.125,0.125,0.125,0.125,0.125,0.125,0.125,0.125
99,99.0,99.1,0.125,0.125,0.125,0.125,0.125,0.125,0.125,0.125
100,100.0,100.2,0.125,0.125,0.125,0.125,0.125,0.125,0.125,0.125
101,101.0,101.2,0.125,0.125,0.125,0.125,0.125,0.125,0.125,0.125
102,102.0,102.2,0.125,0.125,0.125,0.125,0.125,0.125,0.125,0.125
103,103.0,103.2,0.125,0.125,0.125,0.125,0.125,0.125,0.125,0.125
104,104.0,104.3,0.125,0.125,0.125,0.125,0.125,0.125,0.125,0.125
105,105.0,105.3,0.125,0.125,0.125,0.125,0.125,0.125,0.125,0.125
106,106.0,106.3,0.125,0.125,0.125,0.125,0.125,0.125,0.125,0.125
107,107.0,107.3,0.125,0.125,0.125,0.125,0.125,0.125,0.125,0.125
108,108.0,108.3,0.125,0.125,0.125,0.125,0.125,0.125,0.125,0.125
109,109.0,109.3,0.125,0.125,0.125,0.125,0.125,0.125,0.125,0.125
110,110.0,110.3,0.125,0.125,0.125,0.125,0.125,0.125,0.125,0.125
111,111.0,111.3,0.125,0.125,0.125,0.125,0.125,0.125,0.125,0.125
112,112.0,112.3,0.125,0.125,0.125,0.125,0.125,0.125,0.125,0.125
113,113.0,113.3,0.125,0.125,0.125,0.125,0.125,0.125,0.125,0.125
114,114.0,114.3,0.125,0.125,0.125,0.125,0.125,0.125,0.125,0.125
115,115.0,115.3,0.125,0.125,0.125,0.125,0.125,0.125,0.125,0.125
116,116.0,116.3,0.125,0.125,0.125,0.125,0.125,0.125,0.125,0.125
117,117.0,117.3,0.125,0.125,0.125,0.125,0.125,0.125,0.125,0.125
118,118.0,118.3,0.125,0.125,0.125,0.125,0.125,0.125,0.125,0.125
119,119.0,119.3,0.125,0.125,0.125,0.125,0.125,0.125,0.125,0.125
120,120.0,120.3,0.125,0.125,0.125,0.125,0.125,0.125,0.125,0.125
121,121.0,121.3,0.125,0.125,0.125,0.125,0.125,0.125,0.125,0.125
122,122.0,122.3,0.125,0.125,0.125,0.125,0.125,0.125,0.125,0.125
123,123.0,123.3,0.125,0.125,0.125,0.125,0.125,0.125,0.125,0.125
124,124.0,124.3,0.125,0.125,0.125,0.125,0.125,0.125,0.125,0.125
125,125.0,125.3,0.125,0.125,0.125,0.125,0.125,0.125,0.125,0.125
126,126.0,126.3,0.125,0.125,0.125,0.125,0.125,0.125,0.125,0.125
127,127.0,127.3,0.125,0.125,0.125,0.125,0.125,0.125,0.125,0.125
128,128.0,128.3,0.125,0.125,0.125,0.125,0.125,0.125,0.125,0.125
129,129.0,129.3,0.125,0.125,0.125,0.125,0.125,0.125,0.125,0.125
130,130.0,130.3,0.125,0.125,0.125,0.125,0.125,0.125,0.125,0.125
131,131.0,131.3,0.125,0.125,0.125,0.125,0.125,0.125,0.125,0.125
132,132.0,132.3,0.125,0.125,0.125,0.125,0.125,0.125,0.125,0.125
133,133.0,133.3,0.125,0.125,0.125,0.125,0.125,0.125,0.125,0.125
134,134.0,134.3,0.125,0.125,0.125,0.125,0.125,0.125,0.125,0.125
135,135.0,135.3,0.125,0.125,0.125,0.125,0.125,0.125,0.125,0.125
136,136.0,136.3,0.125,0.125,0.125,0.125,0.125,0.125,0.125,0.125
137,137.0,137.3,0.125,0.125,0.125,0.125,0.125,0.125,0.125,0.125
138,138.0,138.3,0.125,0.125,0.125,0.125,0.125,0.125,0.125,0.125
139,139.0,139.3,0.125,0.125,0.125,0.125,0.125,0.125,0.125,0.125
140,140.0,140.3,0.125,0.125,0.125,0.125,0.125,0.125,0.125,0.125
141,141.0,141.3,0.125,0.125,0.125,0.125,0.125,0.125,0.125,0.125
142,142.0,142.3,0.125,0.125,0.125,0.125,0.125,0.125,0.125,0.125
143,143.0,143.3,0.125,0.125,0.125,0.125,0.125,0.125,0.125,0.125
144,144.0,144.3,0.125,0.125,0.125,0.125,0.125,0.125,0.125,0.125
145,145.0,145.3,0.125,0.125,0.125,0.125,0.125,0.125,0.125,0.125
146,146.0,146.3,0.125,0.125,0.125,0.125,0.125,0.125,0.125,0.125
147,147.0,147.3,0.125,0.125,0.125,0.125,0.125,0.125,0.125,0.125
148,148.0,148.3,0.125,0.125,0.125,0.125,0.125,0.125,0.125,0.125
149,149.0,149.3,0.125,0.125,0.125,0.125,0.125,0.125,0.125,0.125
150,150.0,150.3,0.125,0.125,0.125,0.125,0.125,0.125,0.125,0.125
151,151.0,151.3,0.125,0.125,0.125,0.125,0.125,0.125,0.125,0.125
152,152.0,152.3,0.125,0.125,0.125,0.125,0.125,0.125,0.125,0.125
153,153.0,153.3,0.125,0.125,0.125,0.125,0.125,0.125,0.125,0.125
154,154.0,154.3,0.125,0.125,0.125,0.125,0.125,0.125,0.125,0.125
155,155.0,155.3,0.125,0.125,0.125,0.125,0.125,0.125,0.125,0.125
156,156.0,156.3,0.125,0.125,0.125,0.125,0.125,0.125,0.125,0.125
157,157.0,157.3,0.125,0.125,0.125,0.125,0.125,0.125,0.125,0.125
158,158.0,158.3,0.125,0.125,0.125,0.125,0.125,0.125,0.125,0.125
159,159.0,159.3,0.125,0.125,0.125,0.125,0.125,0.125,0.125,0.125
160,160.0,160.3,0.125,0.125,0.125,0.125,0.125,0.125,0.125,0.125
161,161.0,161.3,0.125,0.125,0.125,0.125,0.125,0.125,0.125,0.125
162,162.0,162.3,0.125,0.125,0.125,0.125,0.125,0.125,0.125,0.125
163,163.0,163.3,0.125,0.125,0.125,0.125,0.125,0.125,0.125,0.125
164,164.0,164.3,0.125,0.125,0.125,0.125,0.125,0.125,0.125,0.125
165,165.0,165.3,0.125,0.125,0.125,0.125,0.125,0.125,0.125,0.125
166,166.0,166.3,0.125,0.125,0.125,0.125,0.125,0.125,0.125,0.125
167,167.0,167.3,0.125,0.125,0.125,0.125,0.125,0.125,0.125,0.125
168,168.0,168.3,0.125,0.125,0.125,0.125,0.125,0.125,0.125,0.125
169,169.0,169.3,0.125,0.125,0.125,0.125,0.125,0.125,0.125,0.125
170,170.0,170.3,0.125,0.125,0.125,0.125,0.125,0.125,0.125,0.125
171,171.0,171.3,0.125,0.125,0.125,0.125,0.125,0.125,0.125,0.125
172,172.0,172.3,0.125,0.125,0.125,0.125,0.125,0.125,0.125,0.125
173,173.0,173.3,0.125,0.125,0.125,0.125,0.125,0.125,0.125,0.125
174,174.0,174.3,0.125,0.125,0.125,0.125,0.125,0.125,0.125,0.125
175,175.0,175.3,0.125,0.125,0.125,0.125,0.125,0.125,0.125,0.125
176,176.0,176.3,0.125,0.125,0.125,0.125,0.125,0.125,0.125,0.125
177,177.0,177.3,0.125,0.125,0.125,0.125,0.125,0.125,0.125,0.125
178,178.0,178.3,0.125,0.125,0.125,0.125,0.125,0.125,0.125,0.125
179,179.0,179.3,0.125,0.125,0.125,0.125,0.125,0.125,0.125,0.125
180,180.0,180.3,0.125,0.125,0.125,0.125,0.125,0.125,0.125,0.125
181,181.0,181.3,0.125,0.125,0.125,0.125,0.125,0.125,0.125,0.125
182,182.0,182.3,0.125,0.125,0.125,0.125,0.125,0.125,0.125,0.125
183,183.0,183.3,0.125,0.125,0.125,0.125,0.125,0.125,0.125,0.125
184,184.0,184.3,0.125,0.125,0.125,0.125,0.125,0.125,0.125,0.125
185,185.0,185.4,0.125,0.125,0.125,0.125,0.125,0.125,0.125,0.125
186,186.0,186.4,0.125,0.125,0.125,0.125,0.125,0.125,0.125,0.125
187,187.0,187.4,0.125,0.125,0.125,0.125,0.125,0.125,0.125,0.125
188,188.0,188.4,0.125,0.125,0.125,0.125,0.125,0.125,0.125,0.125
189,189.0,189.4,0.125,0.125,0.125,0.125,0.125,0.125,0.125,0.125
190,190.0,190.4,0.125,0.125,0.125,0.125,0.125,0.125,0.125,0.125
191,191.0,191.4,0.125,0.125,0.125,0.125,0.125,0.125,0.125,0.125
192,192.0,192.4,0.125,0.125,0.125,0.125,0.125,0.125,0.125,0.125
193,193.0,193.4,0.125,0.125,0.125,0.125,0.125,0.125,0.125,0.125
194,194.0,194.4,0.125,0.125,0.125,0.125,0.125,0.125,0.125,0.125
195,195.0,195.4,0.125,0.125,0.125,0.125,0.125,0.125,0.125,0.125
196,196.0,196.4,0.125,0.125,0.125,0.125,0.125,0.125,0.125,0.125
197,197.0,197.4,0.125,0.125,0.125,0.125,0.125,0.125,0.125,0.125
198,198.0,198.4,0.125,0.125,0.125,0.125,0.125,0.125,0.125,0.125
199,199.0,199.4,0.125,0.125,0.125,0.125,0.125,0.125,0.125,0.125
200,200.0,200.4,0.125,0.125,0.125,0.125,0.125,0.125,0.125,0.125
201,201.0,201.4,0.12361111111111112,0.12361111111111112,0.13472222222222224,0.12256944444444444,0.12361111111111112,0.12465277777777777,0.12361111111111112,0.12361111111111112
202,202.0,202.4,0.13201317296678122,0.12098224513172966,0.13098224513172968,0.11995131729667811,0.13209335624284077,0.1220131729667812,0.12098224513172966,0.12098224513172966
203,203.0,203.4,0.13187641723356008,0.12085600907029478,0.13187641723356008,0.11983560090702947,0.13196712018140588,0.12187641723356009,0.12085600907029478,0.12085600907029478
204,204.0,204.4,0.12881313131313132,0.1187121212121212,0.12881313131313132,0.1267929292929293,0.13972222222222222,0.11972222222222222,0.1187121212121212,0.1187121212121212
205,205.0,205.4,0.1272929292929293,0.1172020202020202,0.1272929292929293,0.1364040404040404,0.1382020202020202,0.1182020202020202,0.1182020202020202,0.1172020202020202
206,206.0,206.4,0.12577777777777777,0.11644444444444443,0.12577777777777777,0.1348888888888889,0.13744444444444442,0.11744444444444443,0.11744444444444443,0.12477777777777777
207,207.0,207.4,0.12438888888888888,0.12616666666666668,0.12538888888888888,0.1325,0.13605555555555554,0.11605555555555555,0.11605555555555555,0.12338888888888888
208,208.0,208.4,0.12426017601760175,0.12604785478547856,0.13624037403740374,0.1324009900990099,0.12592684268426843,0.11592684268426842,0.11592684268426842,0.12327007700770076
209,209.0,209.4,0.12297812473555048,0.12540682914445292,0.13495832275535247,0.13111893881695863,0.1252858170432428,0.11528581704324278,0.12297812473555048,0.12198802572564948
210,210.0,210.4,0.12297812473555048,0.12540682914445292,0.13495832275535247,0.13111893881695863,0.1252858170432428,0.11528581704324278,0.12297812473555048,0.12198802572564948
211,211.0,211.4,0.12187922363664938,0.12485737859500237,0.13385942165645137,0.1300200377180575,0.12473636649379224,0.12187922363664938,0.12187922363664938,0.12088912462674839
212,212.0,212.4,0.12049033474776047,0.12346848970611349,0.13247053276756246,0.13974225994027972,0.12334747760490335,0.12049033474776047,0.12049033474776047,0.1195002357378595
213,213.0,213.4,0.11223636649379223,0.12235737859500233,0.1385022787993085,0.13752003771805751,0.12223636649379224,0.11937922363664936,0.11937922363664936,0.1283891246267484
214,214.0,214.4,0.11132727558470132,0.12144828768591145,0.14668409698112667,0.13570185589987568,0.12132727558470133,0.11847013272755846,0.11847013272755846,0.12657094280856657
215,215.0,215.4,0.11009350935093509,0.11910341034103408,0.14207370737073707,0.13323432343234326,0.12009350935093507,0.12787128712871287,0.12342684268426844,0.12410341034103411
216,216.0,216.4,0.10903581704324279,0.11804571803334178,0.15626174155877126,0.12000782770584753,0.12672812473555045,0.1263969281543539,0.12153581704324279,0.12198802572564951
217,217.0,217.4,0.10737525538268114,0.11638515637278013,0.1623911676881974,0.11779781549583528,0.11451811252553826,0.12473636649379224,0.12701811252553824,0.12977801351563725
218,218.0,218.4,0.10689906490649063,0.11590896589658965,0.160962596259626,0.11684543454345434,0.1135657315731573,0.1371768426842684,0.1260657315731573,0.12257563256325629
219,219.0,219.4,0.106482398239824,0.11549229922992299,0.16971259625962595,0.116012101210121,0.11898239823982397,0.1363435093509351,0.12523239823982396,0.11174229922992299
220,220.0,220.4,0.10611475118100044,0.11512465217109946,0.16860965508315537,0.11527680709247394,0.11787945706335341,0.13560821523328803,0.12449710412217692,0.11688935805345242
221,221.0,221.4,0.1039697719771977,0.11207058205820582,0.18126562656265627,0.11280503050305031,0.11508088308830881,0.13313643864386437,0.12202532753275327,0.1196463396339634
222,222.0,222.4,0.10284454916079841,0.11018778348423075,0.18585564438796817,0.11131216062782749,0.11395566027190951,0.1371582746509945,0.12016481059870691,0.1185211168175641
223,223.0,223.4,0.1025177517751775,0.10986098609860984,0.19010401040104008,0.11065856585658566,0.10807330733073306,0.1414066406640664,0.11918441844184417,0.11819431943194318
224,224.0,224.4,0.09990304192362554,0.10660525060603225,0.18907499555623578,0.10745906068339625,0.11285850751067009,0.13732994250842087,0.132066784613684,0.11470241659793508
225,225.0,225.4,0.09937672613415187,0.10607893481655857,0.18670657450360423,0.1064064291044489,0.11206903382645957,0.13548783724526298,0.14048783724526298,0.11338662712425088
226,226.0,226.4,0.09806969982712557,0.10422245796008171,0.1969546597516895,0.10509940279742261,0.11021255696998271,0.1341808109382367,0.13918081093823667,0.11207960081722457
227,227.0,227.4,0.09783160458903031,0.10398436272198648,0.19576418356121325,0.10938511708313688,0.10997446173188745,0.13299033474776048,0.13822842998585572,0.11184150557912934
228,228.0,228.4,0.0976151543725801,0.10376791250553626,0.19968193247896218,0.10373576643378621,0.10975801151543725,0.13190808366550938,0.1419080836655094,0.11162505536267911
229,229.0,229.4,0.09677650027305644,0.1029292584060126,0.19548866198134385,0.1025018554172665,0.10891935741591359,0.13797122342430132,0.14462674181895016,0.11078640126315545
230,230.0,230.4,0.09575085924741542,0.10142742690418109,0.2041699806626625,0.10147621439162549,0.10741752591408209,0.13639613184920976,0.14360110079330915,0.10976076023751442
231,231.0,231.4,0.09601401714215226,0.10169058479891793,0.20548577013634675,0.10173937228636235,0.10794384170355575,0.13692244763868341,0.13939057447751965,0.1108133918164618
232,232.0,232.4,0.09485800210455828,0.1063679030946573,0.19881283780551967,0.10058335724876835,0.10610800210455829,0.14669375089682882,0.13770824365045198,0.10886790309465728
233,233.0,233.4,0.09365443372068298,0.10442904059313493,0.2024273488273197,0.09901747002431335,0.1101810443649407,0.14821792578417503,0.13512268768893693,0.10695004899649627
234,234.0,234.4,0.09279332260957186,0.10846989026633755,0.20677538804300596,0.0978230255798689,0.10866633848258773,0.1459548538887502,0.13342824324449248,0.10608893788538518
235,235.0,235.4,0.09231267907010479,0.10798924672687046,0.21248579528282502,0.09703468973270951,0.10818569494312065,0.1442052309626567,0.13217836893579468,0.10560829434591808
236,236.0,236.4,0.09225837664738132,0.10237938874859145,0.22186340597622514,0.09698038730998602,0.10836948775849242,0.14428041893258153,0.13760025698926165,0.09626827763748033
237,237.0,237.4,0.09172788374846737,0.10126410052804005,0.22338805092192274,0.09644989441107207,0.11227926219458266,0.14303564031938182,0.136355478376062,0.09549968950047114
238,238.0,238.4,0.0912482756372803,0.10025817662737932,0.2247926989055181,0.10097028629988505,0.11079373018273486,0.14190668155884414,0.1352265196155243,0.09480363117283389
239,239.0,239.4,0.08981170580826199,0.10993271790947208,0.21824923072017346,0.0992488161859664,0.1091595318952185,0.1435959248098723,0.1368326397857177,0.09316943288531751
240,240.0,240.4,0.08838716014458588,0.10850817224579598,0.21481180260883231,0.09755972025774004,0.10755382681125254,0.1540220807795065,0.1375935093509351,0.09156372780135155
241,241.0,241.4,0.08747806923549498,0.10759908133670508,0.22299362079065052,0.10165062934864913,0.10164473590216164,0.15129480805223378,0.13668441844184415,0.09065463689226065
242,242.0,242.4,0.08756677138302063,0.10721159300804028,0.22143199614079054,0.10126314101998432,0.10125724757349683,0.15791945791217776,0.13677312058936988,0.08657667237311964
243,243.0,243.4,0.08596219621962195,0.1144959067335305,0.21669996999699973,0.09608713728515708,0.09948600574343147,0.16779480805223382,0.13450187875930453,0.08497209720972096
244,244.0,244.4,0.09414401440144013,0.11176863400625776,0.21579087908790878,0.09517804637606617,0.09857691483434057,0.16688571714314288,0.1335927878502136,0.08406300630063004
245,245.0,245.4,0.09309404098304566,0.11071866058786328,0.2134921018417631,0.0941280729576717,0.09752694141594609,0.17548433489965537,0.13254281443181914,0.08301303288223559
246,246.0,246.4,0.09208271897172364,0.10927443814364084,0.20940152575118703,0.09268385051344923,0.09592887281787747,0.18771077512609557,0.13091610780511248,0.08200171087091357
247,247.0,247.4,0.08210228073041584,0.11233747816320258,0.2094281496908544,0.09139906444605447,0.10164449375088971,0.18342866432224564,0.1294567780849132,0.09020309081142394
248,248.0,248.4,0.08090038765781339,0.10907695531457906,0.21011603541306512,0.08983485253287231,0.10008028183770756,0.19349298025040598,0.12825488501231072,0.08824362198124572
249,249.0,249.4,0.08025936201678775,0.11484618608380984,0.20947500977203948,0.08919382689184667,0.09943925619668192,0.1922109289683547,0.12761385937128508,0.08696157069919444
250,250.0,250.4,0.08040181215923789,0.11498863622625996,0.2106146109116406,0.0929077056057254,0.09972415648158221,0.18977910153652727,0.12447995623738195,0.08710402084164458
251,251.0,251.4,0.08027865944987828,0.11486548351690036,0.20962938923676377,0.09278455289636578,0.09960100377222261,0.1922421557237194,0.12361788727186471,0.08698086813228498
252,252.0,252.4,0.08016371692114264,0.11475054098816473,0.21204318234021202,0.09266961036763015,0.09948606124348698,0.19120767296509872,0.12281328957071529,0.08686592560354935
253,253.0,253.4,0.08031667029990247,0.10849323795666814,0.2084340077632955,0.09282256374638997,0.09949656447979664,0.19717961619510643,0.1255974349355058,0.08765990462333481
254,254.0,254.4,0.07986713849956423,0.1080437061563299,0.2045204966925264,0.09237303194605173,0.09891475754718326,0.2014851038675296,0.12758539246781817,0.08721037282299657
255,255.0,255.4,0.0789337874303436,0.11352061149736567,0.20862667131500534,0.0914396808768311,0.09798140647796263,0.1977779867093255,0.12608385958041574,0.08563599611275029
256,256.0,256.4,0.07884466087062879,0.11343148493765087,0.2077354057178574,0.09135055431711629,0.09789227991824782,0.199738771023051,0.12545997366241216,0.08554686955303549
257,257.0,257.4,0.07834345184000799,0.11842478140153556,0.20961684056604418,0.09519717137345203,0.09381964231619846,0.1986896676210064,0.12141223490879105,0.08449620997296416
258,258.0,258.4,0.07747446173188745,0.1223176960553198,0.2123911676881974,0.09414702184504162,0.09295065220807792,0.19803001728744302,0.11953795379537949,0.08315102938865312
259,259.0,259.4,0.0831731961806219,0.12821913320675696,0.21012121916824889,0.09270289915091894,0.09150652951395524,0.1943910211484469,0.11811957112699682,0.08176643050405424
260,260.0,260.4,0.08197221578846504,0.1346827186409306,0.208920238776092,0.09150191875876208,0.09030554912179838,0.19198906036413316,0.11376382883007807,0.08686446971974052
261,261.0,261.4,0.08182657782313398,0.13780505453180872,0.21475286168032617,0.09153744021372087,0.0901599111564673,0.18390792936100725,0.113618190864747,0.08639203436878856
262,262.0,262.4,0.08182657782313398,0.13780505453180872,0.21832429025175473,0.09153744021372087,0.0901599111564673,0.1803365007895787,0.113618190864747,0.08639203436878856
263,263.0,263.4,0.08135302074202541,0.13499231616415042,0.22020580563441428,0.09088272371232245,0.08968635407535874,0.17884590836649197,0.11840779167837527,0.08562607962686128
264,264.0,264.4,0.07483986284728858,0.13762389511151885,0.223514076311106,0.09061956581758561,0.08942319618062192,0.1845695925770183,0.11431004731747303,0.08509976383738758
265,265.0,265.4,0.0741109678410102,0.1393908950149285,0.22463428301447702,0.08952302375248371,0.08832665411551999,0.18715229807300976,0.1130967516543802,0.08376512653419042
266,266.0,266.4,0.07359810417131937,0.13869196506116774,0.22508122616772958,0.08868336269717196,0.08748699306020827,0.19160562296831185,0.11192726039521242,0.0829254654788787
267,267.0,267.4,0.07342310090633307,0.14310386329309993,0.22287366010617368,0.08850835943218567,0.08731198979522196,0.19565812394780774,0.11113234506719012,0.07798855745198764
268,268.0,268.4,0.07310584423826995,0.1448503023379261,0.22447172601875573,0.0937466583196781,0.08699473312715884,0.19431796545039118,0.11039702527945099,0.07211574522836897
269,269.0,269.4,0.07281351881007497,0.14387546196091178,0.22294833998450012,0.09345433289148311,0.08670240769896387,0.19610073883642543,0.11228178001746661,0.07182341980017398
270,270.0,270.4,0.07358274957930575,0.14464469273014255,0.22717910921526935,0.09505689699404722,0.08747163846819464,0.18686996960565622,0.11260229283797943,0.07259265056940475
271,271.0,271.4,0.0733446543412105,0.14440659749204732,0.22456006159622172,0.09458070651785674,0.0872335432300994,0.18639377912946573,0.11712610236178893,0.07235455533130951
272,272.0,272.4,0.07316349492092064,0.14187036560798935,0.22437890217593187,0.09439954709756689,0.0912190504764762,0.186031460288886,0.11676378352120924,0.07217339591101965
273,273.0,273.4,0.07293585264449788,0.14044575363459688,0.228949855612739,0.09417190482114413,0.09082474153338678,0.18478349280921122,0.11594264530982712,0.07194575363459689
274,274.0,274.4,0.07287778063520636,0.14038768162530538,0.2281949194919492,0.09411383281185262,0.09076666952409526,0.18629336505079078,0.11547806923549493,0.07188768162530537
275,275.0,275.4,0.07281753217413708,0.1420197408565438,0.22860339974858265,0.09429167958887856,0.09055257490917983,0.18495141971842138,0.11493621984002036,0.0718274331642361
276,276.0,276.4,0.07253819429562001,0.14330735454497828,0.23164321194024168,0.09401234171036148,0.0901307868882126,0.18284362960105532,0.11397638573381141,0.07154809528571902
277,277.0,277.4,0.07227604903347476,0.14450023573785947,0.23231180260883236,0.09375019644821622,0.08973636649379221,0.18084747760490333,0.11529192204934775,0.07128595002357377
278,278.0,278.4,0.07202951207029612,0.14216010271556753,0.23240995816425922,0.09350365948503758,0.09281495268332293,0.18165679302441368,0.11438560879670767,0.07103941306039513
279,279.0,279.4,0.07179719231721601,0.14330709330731503,0.2303921097596882,0.09327133973195749,0.09235274787277159,0.18191477350422613,0.11352607125214198,0.07343867225468345
280,280.0,280.4,0.0716853896928154,0.14319529068291442,0.2285801176271473,0.0931595371075569,0.09224094524837098,0.18287128712871287,0.11500803926546496,0.073259393247017
281,281.0,281.4,0.0714712432401897,0.14427146681093386,0.23128590838017313,0.09294539065493117,0.09181174503230441,0.1810575939094897,0.1141755077416892,0.0729811442302887
282,282.0,282.4,0.07126864485229009,0.14527854584238908,0.23387350411870456,0.09274279226703157,0.09140753374117898,0.17932860420188362,0.113382804743889,0.072717570232633
283,283.0,283.4,0.07117135715672405,0.14518125814682306,0.23448442165645136,0.09264550457146555,0.09131024604561296,0.17982857004187813,0.11281643185326932,0.07256221052777546
284,284.0,284.4,0.07113364976607549,0.1451435507561745,0.23576647293850264,0.09260779718081698,0.09127253865496439,0.17911212961955536,0.11243935794678366,0.0725245031371269
285,285.0,285.4,0.07103895279637852,0.14618521742284116,0.23567177596880567,0.09251310021112,0.09098844774587349,0.17892273568016143,0.11224996400738971,0.07242980616742992
286,286.0,286.4,0.07314432955975801,0.1474370359797213,0.24333675880478714,0.08746664188148792,0.09131929185236735,0.1725068115829788,0.11223239531677043,0.07255673502212895
287,287.0,287.4,0.07269210911102206,0.14702110000123206,0.24059330960843028,0.09227946407293335,0.09057655848825723,0.1733653229362892,0.11138419086081744,0.07208794492101814
288,288.0,288.4,0.07219529158429626,0.14756762643682914,0.2450575558809014,0.09123279182554844,0.0896542166748003,0.17229414984104924,0.11042280481180944,0.07157556294476565
289,289.0,289.4,0.07206761732618722,0.14839233313110106,0.2439636980479131,0.0911051175674394,0.08936781225796109,0.17358469504463794,0.11011914711684741,0.07139957950791263
290,290.0,290.4,0.07199254225111215,0.14921815895692686,0.243888622972838,0.09103004249236432,0.08914258703273588,0.17343454489448779,0.10996899696669726,0.07132450443283757
291,291.0,291.4,0.07165826060104102,0.14973736237086713,0.24276486763855637,0.09016944505281954,0.08840289997725934,0.17671335001539817,0.10956359156129188,0.07099022278276644
292,292.0,292.4,0.07128534891233985,0.15020783731502627,0.24768536624326548,0.08935401292159792,0.08769061031760125,0.17644591298594742,0.10667993017648632,0.0706509811277353
293,293.0,293.4,0.07811860482283908,0.13901800520243748,0.253405962585971,0.08233084747567575,0.08622300042723467,0.18133704713702606,0.10765163680267956,0.07191489554613631
294,294.0,294.4,0.07807427858170432,0.13897367896130272,0.2524751115221412,0.07752461647263625,0.08617867418609992,0.1873844128918386,0.10756298432041003,0.07182624306386681
295,295.0,295.4,0.07247620601934603,0.14149526451860256,0.2536230707058147,0.07748209946583354,0.08357205461519464,0.19213214531814246,0.1074779503068046,0.07174120905026136
296,296.0,296.4,0.07451559019406853,0.1435659770141271,0.2327815024995848,0.08169566910421519,0.08564276711071916,0.19665864012659218,0.11136874873143761,0.07377110521925528
297,297.0,297.4,0.07637666275376392,0.14093241072987223,0.23557178918524885,0.08162620538406287,0.08557330339056686,0.19526936572354597,0.11098783702011061,0.07366242581282846
298,298.0,298.4,0.0757779243598765,0.14113212578201276,0.2324197327865531,0.08724716585744884,0.08493968510937404,0.19577543183744384,0.1096150241715526,0.07309291009573823
299,299.0,299.4,0.08149378490831251,0.14135794223509254,0.22959297930715392,0.08590794166012214,0.08437281863562456,0.1946435936122819,0.11004392040966751,0.07258701923174483
300,300.0,300.4,0.08130565330898067,0.13955075216132676,0.22996925672120444,0.08578483985581045,0.08419164482202139,0.19483887555121931,0.11193276754265229,0.07242621003678461
301,301.0,301.4,0.08123308436848721,0.13951446769108,0.22953341112026454,0.09199855538556373,0.07939345558986988,0.19411318614628464,0.11186019860215882,0.07235364109629114
302,302.0,302.4,0.0820633106842851,0.13889542981482791,0.23180790010396551,0.09006012611639083,0.07877441771361779,0.1958605798817472,0.11083857306610487,0.07169966261906072
303,303.0,303.4,0.08176467212477698,0.1362831789417075,0.23163223036307837,0.08963119916572473,0.07854311922144974,0.20013730154977322,0.1105736045402668,0.07143469409322262
304,304.0,304.4,0.08158351270448713,0.13610201952141762,0.22466292090016277,0.08926888032514504,0.0783619598011599,0.2024923740135413,0.11039244511997692,0.07713588761410922
305,305.0,305.4,0.08212479635060278,0.13512949774240096,0.22567830377507797,0.0946850532979565,0.07639933901224223,0.20659353907741002,0.10783861658055205,0.07155085416375737
306,306.0,306.4,0.08197619047619044,0.13507142857142856,0.22606349206349208,0.09621428571428568,0.07634126984126983,0.2053809523809524,0.10749206349206346,0.07146031746031743
307,307.0,307.4,0.08188220551378443,0.13265914786967417,0.22144778613199664,0.10173851294903927,0.07630994152046781,0.20475438596491227,0.10981035923141184,0.07139766081871343
308,308.0,308.4,0.08163761525830487,0.1324750536819502,0.22143215022525364,0.10140057260746912,0.07612584733274386,0.20230327144120247,0.1095960170098101,0.07502947244326551
309,309.0,309.4,0.08673614589863118,0.13251879047491302,0.2225297471587639,0.09998232109633837,0.07616958412570667,0.20100247041903924,0.10640617967136594,0.07465476115524153
310,310.0,310.4,0.08652301716887842,0.1323482874911108,0.22370195517240415,0.09981181811253616,0.07599908114190446,0.20078934168928644,0.10627830243351429,0.07454819679036515
311,311.0,311.4,0.08656545209176783,0.13229226913437436,0.21900424137266242,0.0998351648351648,0.07594306278516802,0.20468768074031227,0.10708759077180127,0.07458453826874877
312,312.0,312.4,0.08607640579548038,0.13193128275890625,0.2218578806505148,0.09930440591287494,0.0755820764096999,0.20294922088406656,0.10646337376743167,0.07583535382102541
313,313.0,313.4,0.0858035805598364,0.13174334391334527,0.2229247218416443,0.09895775089855022,0.07539413756413896,0.200166540281274,0.1059818018801872,0.0790281230610235
314,314.0,314.4,0.08700413279199029,0.13159194261641508,0.22296660767838694,0.09868319689226038,0.07524273626720872,0.2001353125878193,0.10580215199568636,0.0785739191702328
315,315.0,315.4,0.0868072230501399,0.13144967768330784,0.2230363269171282,0.09842598943041755,0.0751004713341015,0.1980672892224528,0.10563256465820754,0.08148045770424449
316,316.0,316.4,0.08818923271787661,0.13144967768330784,0.2198034446951874,0.09845243046690616,0.0751004713341015,0.19970663348474788,0.10587053398660522,0.08142757563126722
317,317.0,317.4,0.08915904802549293,0.13116005464039085,0.21803444359179283,0.09805528054226874,0.07481084829118449,0.20236303786082516,0.10559443293585628,0.0808228541121886
318,318.0,318.4,0.08900535950090277,0.13103280715228932,0.21677353666424123,0.09780078556606567,0.07468360080308296,0.2051079479613011,0.10520277508286843,0.08039318726924836
319,319.0,319.4,0.08885945925419605,0.13091250854408748,0.21557302346776033,0.09756018834966201,0.07456330219488112,0.2077162603478393,0.10482646008961796,0.07998879775195561
320,320.0,320.4,0.08864632475797332,0.13077377880976954,0.2168340581846774,0.09730753046832766,0.07442457246056318,0.2080657372598162,0.10441491289498255,0.0795330851638901
321,321.0,321.4,0.08844209883683564,0.13064166827324722,0.21785296574770258,0.0970673478568215,0.07429246192404086,0.20704581967739863,0.10555684081999869,0.07910079686395471
322,322.0,322.4,0.08805194805194803,0.13064935064935063,0.21640692640692638,0.0957359307359307,0.07144300144300142,0.20909090909090908,0.10494227994227993,0.08367965367965366
323,323.0,323.4,0.08793887704335462,0.13060412224591328,0.21523098791755507,0.09566808813077467,0.07139777303956407,0.21094527363184082,0.10462568111821842,0.08358919687277894
324,324.0,324.4,0.08787302980893849,0.13439169697729836,0.21604310380868763,0.10064613905263595,0.07137582396142535,0.20799364521928174,0.10458178296194098,0.07709477820979135
325,325.0,325.4,0.08764012302028132,0.13409733619335162,0.21864852199954737,0.10059786949915454,0.07122839125758718,0.20616909096259706,0.10432360828689571,0.07729505878058501
326,326.0,326.4,0.08728906714200829,0.1337358882947118,0.21920380273321452,0.10034462269756386,0.07325609031491383,0.20382650029708854,0.10373143196672607,0.078612596553773
327,327.0,327.4,0.08621300138081832,0.1340247713141242,0.21886021591483526,0.10321583586779956,0.07273101180118662,0.2041341773953973,0.10289644029142327,0.07792454603441533
328,328.0,328.4,0.0858619287903175,0.1374662532463044,0.21922217065439575,0.10435008080788129,0.07245431035712362,0.2018457441731099,0.10108013749957481,0.0777193744712926
329,329.0,329.4,0.08539441955463892,0.14060949911618958,0.21841315980992335,0.09914894671761681,0.07684387939312305,0.20066534451854512,0.10176163218389375,0.07716311870606926
330,330.0,330.4,0.08506333769205619,0.14106184846173403,0.2187583542188805,0.1002429533979877,0.0765860756964876,0.19989466419672364,0.10142239657113794,0.07697036976499218
331,331.0,331.4,0.08496374305968271,0.1416805776885846,0.2193347605805119,0.10018141051599475,0.07643949880088916,0.19933398330336177,0.10121427679354655,0.07685174925742841
332,332.0,332.4,0.08490820807264086,0.14166206602623732,0.22001969208736125,0.10016289885364746,0.07642098713854188,0.1988711917446798,0.10117725346885198,0.0767777026080393
333,333.0,333.4,0.08351931918375198,0.14027317713734844,0.21863080319847236,0.09877400996475855,0.0861432093607641,0.1974823028557909,0.0997883645799631,0.07538881371915039
334,334.0,334.4,0.08305240866420989,0.14112253024985943,0.1985392228963657,0.09823644984825108,0.09729094356112986,0.20389653762014012,0.10192672752610636,0.07593517963393737
335,335.0,335.4,0.08274215300155148,0.1408860842582647,0.20125736961451243,0.09801533595894496,0.09714458765962522,0.20266517484186658,0.10151706647571306,0.07577222818952138
336,336.0,336.4,0.08265064702791058,0.1408488753589357,0.20142382287955723,0.0979580063352699,0.09710737876029622,0.20308607343919216,0.1012414414335943,0.07568375476524367
337,337.0,337.4,0.08252133189859545,0.13926079677085712,0.20291732937306373,0.09911595949322308,0.09701136366428113,0.20274474809786686,0.1011287763209292,0.0752996943811833
338,338.0,338.4,0.08231080558280597,0.1390853581743659,0.20398750481166025,0.09894052089673182,0.0969061005063864,0.2025342217820773,0.10100596930338535,0.07522951894258681
339,339.0,339.4,0.08209730343997972,0.1389183686516417,0.20358116817881733,0.0987936520983537,0.09680746368359383,0.20359032719340134,0.10109534377617557,0.07511637297803661
340,340.0,340.4,0.08068354877886859,0.13811275217219499,0.20175391322921127,0.09730482236216749,0.09329314394833146,0.20381978228415182,0.0997409116154161,0.0852911256096581
341,341.0,341.4,0.08011230848505997,0.13808371980007556,0.2006306642132758,0.10291245831302458,0.09223614632092311,0.20272867631295344,0.09884107444483857,0.08445495210984881
342,342.0,342.4,0.07967718504297057,0.13751364359145443,0.1989204355874125,0.1020422114288458,0.09143337582001018,0.20569317182775854,0.0984059510027492,0.08631402569879856
343,343.0,343.4,0.07961308247886803,0.13732133589914677,0.1997324013993783,0.10191400630064067,0.09136927325590764,0.20716753080211753,0.09695295954975774,0.08592941031418318
344,344.0,344.4,0.0794240697574983,0.13565798217858555,0.19917528265343334,0.10373647986566573,0.09114589796574299,0.20650155483833926,0.09648098571607766,0.08787774702465703
345,345.0,345.4,0.07927888512537988,0.13608057894990475,0.1979129016396005,0.10352327109525605,0.0909499448780942,0.20865693587060763,0.09622878420313283,0.08736869823802404
346,346.0,346.4,0.07913913133516397,0.13648764558109916,0.19669468746584046,0.1033190420453873,0.09308745252290336,0.20718442696620346,0.09598643906020601,0.08810117502319621
347,347.0,347.4,0.0790425428182338,0.13917175430286696,0.19723667937700534,0.10316127785121403,0.09287295506289124,0.20491308636241307,0.09596265416605598,0.08763905005931934
348,348.0,348.4,0.07965898601269497,0.14026494591821548,0.1926276528531633,0.10672615364590032,0.1008650167069655,0.19441061186021125,0.09631335415969686,0.08913327884315217
349,349.0,349.4,0.07915199336056164,0.13964103693433208,0.19078530721925757,0.1057338871740942,0.1057543927472367,0.19264468809940258,0.09582036710980443,0.09046832735531066
350,350.0,350.4,0.08623787013582454,0.13884122936600626,0.191707981395179,0.1099010487404998,0.10180006860769905,0.1877687613328463,0.09448176863935988,0.08926127178258506
351,351.0,351.4,0.08579605315070428,0.13882366585854958,0.18997327590350843,0.10868331446819815,0.10028470481958851,0.19413896643547807,0.093772336592104,0.08852768277186879
352,352.0,352.4,0.08576001711466824,0.13880564784053157,0.19078408671431923,0.10864727843216208,0.10026668680157047,0.19365247994899154,0.0935741383939058,0.08850966475385078
353,353.0,353.4,0.08580105678635087,0.13881932773109243,0.19134496222731515,0.10866095832272298,0.10028036669213139,0.19614620999915117,0.09360149817502754,0.08534562006620826
354,354.0,354.4,0.08813949216050052,0.13944291049753232,0.18218963342912922,0.1085334073023148,0.1017826342658275,0.19608952065674753,0.08959072719997085,0.09423167448797697
355,355.0,355.4,0.08718639513221552,0.13896970367094205,0.1822785461872149,0.10662148463851247,0.10636182032621658,0.19650711225479026,0.0890645307564812,0.09301040703362681
356,356.0,356.4,0.0788138461126077,0.14714617425917734,0.18384717363819528,0.10650383757968893,0.10628338895366758,0.19568358284302553,0.08902531507020668,0.09269668154343072
