,Unnamed: 0,Total_iterations,Intertwine_two,Add_vertex,Delete_vertex,Invert_path_vertices,Insert_inside_vertex,Delete_inside_vertex,Replace_inside_vertex,Donate_between_routes
0,0.0,0.0,0.125,0.125,0.125,0.125,0.125,0.125,0.125,0.125
1,1.0,0.10900000000000001,0.125,0.125,0.125,0.125,0.125,0.125,0.125,0.125
2,2.0,0.31601,0.125,0.125,0.125,0.125,0.125,0.125,0.125,0.125
3,3.0,0.6191589000000001,0.125,0.125,0.125,0.125,0.125,0.125,0.125,0.125
4,4.0,1.015801321,0.125,0.125,0.125,0.125,0.125,0.125,0.125,0.125
5,5.0,1.50262148669,0.125,0.125,0.125,0.125,0.125,0.125,0.125,0.125
6,6.0,2.0757334209441005,0.125,0.125,0.125,0.125,0.125,0.125,0.125,0.125
7,7.0,2.7307768275633495,0.125,0.125,0.125,0.125,0.125,0.125,0.125,0.125
8,8.0,3.4630081252450404,0.125,0.125,0.125,0.125,0.125,0.125,0.125,0.125
9,9.0,4.2673862119061114,0.125,0.125,0.125,0.125,0.125,0.125,0.125,0.125
10,10.0,5.138652627782014,0.125,0.125,0.125,0.125,0.125,0.125,0.125,0.125
11,11.0,6.071405875792507,0.125,0.125,0.125,0.125,0.125,0.125,0.125,0.125
12,12.0,7.060169740244025,0.125,0.125,0.125,0.125,0.125,0.125,0.125,0.125
13,13.0,8.099455520847952,0.125,0.125,0.125,0.125,0.125,0.125,0.125,0.125
14,14.0,9.183818168183006,0.125,0.125,0.125,0.125,0.125,0.125,0.125,0.125
15,15.0,10.307906369102724,0.125,0.125,0.125,0.125,0.125,0.125,0.125,0.125
16,16.0,11.466506686239443,0.125,0.125,0.125,0.125,0.125,0.125,0.125,0.125
17,17.0,12.654581904800096,0.125,0.125,0.125,0.125,0.125,0.125,0.125,0.125
18,18.0,13.867303782456686,0.125,0.125,0.125,0.125,0.125,0.125,0.125,0.125
19,19.0,15.100080434523047,0.125,0.125,0.125,0.125,0.125,0.125,0.125,0.125
20,20.0,16.348578617037543,0.125,0.125,0.125,0.125,0.125,0.125,0.125,0.125
21,21.0,17.608741195130214,0.125,0.125,0.125,0.125,0.125,0.125,0.125,0.125
22,22.0,18.876800103462312,0.125,0.125,0.125,0.125,0.125,0.125,0.125,0.125
23,23.0,20.14928511992658,0.125,0.125,0.125,0.125,0.125,0.125,0.125,0.125
24,24.0,21.423028783545156,0.125,0.125,0.125,0.125,0.125,0.125,0.125,0.125
25,25.0,22.695167792966423,0.125,0.125,0.125,0.125,0.125,0.125,0.125,0.125
26,26.0,23.963141223515898,0.125,0.125,0.125,0.125,0.125,0.125,0.125,0.125
27,27.0,25.224685898775267,0.125,0.125,0.125,0.125,0.125,0.125,0.125,0.125
28,28.0,26.477829247520948,0.125,0.125,0.125,0.125,0.125,0.125,0.125,0.125
29,29.0,27.720879968916847,0.125,0.125,0.125,0.125,0.125,0.125,0.125,0.125
30,30.0,28.95241681848399,0.125,0.125,0.125,0.125,0.125,0.125,0.125,0.125
31,31.0,30.17127581490958,0.125,0.125,0.125,0.125,0.125,0.125,0.125,0.125
32,32.0,31.376536153543515,0.125,0.125,0.125,0.125,0.125,0.125,0.125,0.125
33,33.0,32.567505096778625,0.125,0.125,0.125,0.125,0.125,0.125,0.125,0.125
34,34.0,33.74370209472243,0.125,0.125,0.125,0.125,0.125,0.125,0.125,0.125
35,35.0,34.90484237192463,0.125,0.125,0.125,0.125,0.125,0.125,0.125,0.125
36,36.0,36.05082019768737,0.125,0.125,0.125,0.125,0.125,0.125,0.125,0.125
37,37.0,37.18169203889697,0.125,0.125,0.125,0.125,0.125,0.125,0.125,0.125
38,38.0,38.29765977559663,0.125,0.125,0.125,0.125,0.125,0.125,0.125,0.125
39,39.0,39.399054140870355,0.125,0.125,0.125,0.125,0.125,0.125,0.125,0.125
40,40.0,40.48631852820801,0.125,0.125,0.125,0.125,0.125,0.125,0.125,0.125
41,41.0,41.55999329152982,0.125,0.125,0.125,0.125,0.125,0.125,0.125,0.125
42,42.0,42.62070064560415,0.125,0.125,0.125,0.125,0.125,0.125,0.125,0.125
43,43.0,43.669130257815,0.125,0.125,0.125,0.125,0.125,0.125,0.125,0.125
44,44.0,44.70602560622662,0.125,0.125,0.125,0.125,0.125,0.125,0.125,0.125
45,45.0,45.73217116373481,0.125,0.125,0.125,0.125,0.125,0.125,0.125,0.125
46,46.0,46.748380453854836,0.125,0.125,0.125,0.125,0.125,0.125,0.125,0.125
47,47.0,47.755485010424316,0.125,0.125,0.125,0.125,0.125,0.125,0.125,0.125
48,48.0,48.7543242612326,0.125,0.125,0.125,0.125,0.125,0.125,0.125,0.125
49,49.0,49.745736344347726,0.125,0.125,0.125,0.125,0.125,0.125,0.125,0.125
50,50.0,50.730549855707864,0.125,0.125,0.125,0.125,0.125,0.125,0.125,0.125
51,51.0,51.70957651737491,0.125,0.125,0.125,0.125,0.125,0.125,0.125,0.125
52,52.0,52.68360474770151,0.125,0.125,0.125,0.125,0.125,0.125,0.125,0.125
53,53.0,53.65339410751842,0.125,0.125,0.125,0.125,0.125,0.125,0.125,0.125
54,54.0,54.629670590278465,0.125,0.125,0.125,0.125,0.125,0.125,0.125,0.125
55,55.0,55.60302271885971,0.125,0.125,0.125,0.125,0.125,0.125,0.125,0.125
56,56.0,56.57400940739424,0.125,0.125,0.125,0.125,0.125,0.125,0.125,0.125
57,57.0,57.543157333001375,0.125,0.125,0.125,0.125,0.125,0.125,0.125,0.125
58,58.0,58.51095889271778,0.125,0.125,0.125,0.125,0.125,0.125,0.125,0.125
59,59.0,59.477870707535374,0.125,0.125,0.125,0.125,0.125,0.125,0.125,0.125
60,60.0,60.444312633795846,0.125,0.125,0.125,0.125,0.125,0.125,0.125,0.125
61,61.0,61.41066724109232,0.125,0.125,0.125,0.125,0.125,0.125,0.125,0.125
62,62.0,62.37727971524822,0.125,0.125,0.125,0.125,0.125,0.125,0.125,0.125
63,63.0,63.344458144836054,0.125,0.125,0.125,0.125,0.125,0.125,0.125,0.125
64,64.0,64.31247415001674,0.125,0.125,0.125,0.125,0.125,0.125,0.125,0.125
65,65.0,65.28156381317919,0.125,0.125,0.125,0.125,0.125,0.125,0.125,0.125
66,66.0,66.2519288718936,0.125,0.125,0.125,0.125,0.125,0.125,0.125,0.125
67,67.0,67.22373813601763,0.125,0.125,0.125,0.125,0.125,0.125,0.125,0.125
68,68.0,68.1971290923691,0.125,0.125,0.125,0.125,0.125,0.125,0.125,0.125
69,69.0,69.17220966216172,0.125,0.125,0.125,0.125,0.125,0.125,0.125,0.125
70,70.0,70.14906007835346,0.125,0.125,0.125,0.125,0.125,0.125,0.125,0.125
71,71.0,71.12773485214248,0.125,0.125,0.125,0.125,0.125,0.125,0.125,0.125
72,72.0,72.10826480003118,0.125,0.125,0.125,0.125,0.125,0.125,0.125,0.125
73,73.0,73.09065910513071,0.125,0.125,0.125,0.125,0.125,0.125,0.125,0.125
74,74.0,74.07490738866896,0.125,0.125,0.125,0.125,0.125,0.125,0.125,0.125
75,75.0,75.06098176996672,0.125,0.125,0.125,0.125,0.125,0.125,0.125,0.125
76,76.0,76.04883889543503,0.125,0.125,0.125,0.125,0.125,0.125,0.125,0.125
77,77.0,77.03842191940215,0.125,0.125,0.125,0.125,0.125,0.125,0.125,0.125
78,78.0,78.02966242177855,0.125,0.125,0.125,0.125,0.125,0.125,0.125,0.125
79,79.0,79.02248224969952,0.125,0.125,0.125,0.125,0.125,0.125,0.125,0.125
80,80.0,80.01679527233141,0.125,0.125,0.125,0.125,0.125,0.125,0.125,0.125
81,81.0,81.01250903997678,0.125,0.125,0.125,0.125,0.125,0.125,0.125,0.125
82,82.0,82.00952634045784,0.125,0.125,0.125,0.125,0.125,0.125,0.125,0.125
83,83.0,83.00774664748621,0.125,0.125,0.125,0.125,0.125,0.125,0.125,0.125
84,84.0,84.0070674573369,0.125,0.125,0.125,0.125,0.125,0.125,0.125,0.125
85,85.0,85.00738551162915,0.125,0.125,0.125,0.125,0.125,0.125,0.125,0.125
86,86.0,86.00859790537588,0.125,0.125,0.125,0.125,0.125,0.125,0.125,0.125
87,87.0,87.01060308069417,0.125,0.125,0.125,0.125,0.125,0.125,0.125,0.125
88,88.0,88.01330170767369,0.125,0.125,0.125,0.125,0.125,0.125,0.125,0.125
89,89.0,89.01659745487852,0.125,0.125,0.125,0.125,0.125,0.125,0.125,0.125
90,90.0,90.0203976528141,0.125,0.125,0.125,0.125,0.125,0.125,0.125,0.125
91,91.0,91.02461385442797,0.125,0.125,0.125,0.125,0.125,0.125,0.125,0.125
92,92.0,92.02916229733617,0.125,0.125,0.125,0.125,0.125,0.125,0.125,0.125
93,93.0,93.0339642729802,0.125,0.125,0.125,0.125,0.125,0.125,0.125,0.125
94,94.0,94.03894640833,0.125,0.125,0.125,0.125,0.125,0.125,0.125,0.125
95,95.0,95.04404086606154,0.125,0.125,0.125,0.125,0.125,0.125,0.125,0.125
96,96.0,96.0491854693593,0.125,0.125,0.125,0.125,0.125,0.125,0.125,0.125
97,97.0,97.05432375763371,0.125,0.125,0.125,0.125,0.125,0.125,0.125,0.125
98,98.0,98.05940497950434,0.125,0.125,0.125,0.125,0.125,0.125,0.125,0.125
99,99.0,99.06438402939285,0.125,0.125,0.125,0.125,0.125,0.125,0.125,0.125
100,100.0,100.07922133399859,0.125,0.125,0.125,0.125,0.125,0.125,0.125,0.125
101,101.0,101.09378269480378,0.125,0.125,0.125,0.125,0.125,0.125,0.125,0.125
102,102.0,102.10795009258041,0.125,0.125,0.125,0.125,0.125,0.125,0.125,0.125
103,103.0,103.12162124965357,0.125,0.125,0.125,0.125,0.125,0.125,0.125,0.125
104,104.0,104.14470907852288,0.125,0.125,0.125,0.125,0.125,0.125,0.125,0.125
105,105.0,105.16704103372003,0.125,0.125,0.125,0.125,0.125,0.125,0.125,0.125
106,106.0,106.18846938306025,0.125,0.125,0.125,0.125,0.125,0.125,0.125,0.125
107,107.0,107.20887020363585,0.125,0.125,0.125,0.125,0.125,0.125,0.125,0.125
108,108.0,108.22814224011753,0.125,0.125,0.125,0.125,0.125,0.125,0.125,0.125
109,109.0,109.24620565054988,0.125,0.125,0.125,0.125,0.125,0.125,0.125,0.125
110,110.0,110.2630006634335,0.125,0.125,0.125,0.125,0.125,0.125,0.125,0.125
111,111.0,111.27848616839441,0.125,0.125,0.125,0.125,0.125,0.125,0.125,0.125
112,112.0,112.2926382611753,0.125,0.125,0.125,0.125,0.125,0.125,0.125,0.125
113,113.0,113.30544876206633,0.125,0.125,0.125,0.125,0.125,0.125,0.125,0.125
114,114.0,114.31692372524759,0.125,0.125,0.125,0.125,0.125,0.125,0.125,0.125
115,115.0,115.32708195485826,0.125,0.125,0.125,0.125,0.125,0.125,0.125,0.125
116,116.0,116.33595354195927,0.125,0.125,0.125,0.125,0.125,0.125,0.125,0.125
117,117.0,117.3435784349306,0.125,0.125,0.125,0.125,0.125,0.125,0.125,0.125
118,118.0,118.35000505425549,0.125,0.125,0.125,0.125,0.125,0.125,0.125,0.125
119,119.0,119.35528896110534,0.125,0.125,0.125,0.125,0.125,0.125,0.125,0.125
120,120.0,120.35949158765915,0.125,0.125,0.125,0.125,0.125,0.125,0.125,0.125
121,121.0,121.36267903568098,0.125,0.125,0.125,0.125,0.125,0.125,0.125,0.125
122,122.0,122.36492094854383,0.125,0.125,0.125,0.125,0.125,0.125,0.125,0.125
123,123.0,123.36628946063495,0.125,0.125,0.125,0.125,0.125,0.125,0.125,0.125
124,124.0,124.36685822691061,0.125,0.125,0.125,0.125,0.125,0.125,0.125,0.125
125,125.0,125.36670153428959,0.125,0.125,0.125,0.125,0.125,0.125,0.125,0.125
126,126.0,126.36589349558777,0.125,0.125,0.125,0.125,0.125,0.125,0.125,0.125
127,127.0,127.36450732580026,0.125,0.125,0.125,0.125,0.125,0.125,0.125,0.125
128,128.0,128.3626146997335,0.125,0.125,0.125,0.125,0.125,0.125,0.125,0.125
129,129.0,129.3602851892761,0.125,0.125,0.125,0.125,0.125,0.125,0.125,0.125
130,130.0,130.35758577797168,0.125,0.125,0.125,0.125,0.125,0.125,0.125,0.125
131,131.0,131.35458045001798,0.125,0.125,0.125,0.125,0.125,0.125,0.125,0.125
132,132.0,132.35132985035946,0.125,0.125,0.125,0.125,0.125,0.125,0.125,0.125
133,133.0,133.34789101216322,0.125,0.125,0.125,0.125,0.125,0.125,0.125,0.125
134,134.0,134.34431714766495,0.125,0.125,0.125,0.125,0.125,0.125,0.125,0.125
135,135.0,135.34065749813988,0.125,0.125,0.125,0.125,0.125,0.125,0.125,0.125
136,136.0,136.3369572385859,0.125,0.125,0.125,0.125,0.125,0.125,0.125,0.125
137,137.0,137.33325743260147,0.125,0.125,0.125,0.125,0.125,0.125,0.125,0.125
138,138.0,138.32959503288947,0.125,0.125,0.125,0.125,0.125,0.125,0.125,0.125
139,139.0,139.32600292281978,0.125,0.125,0.125,0.125,0.125,0.125,0.125,0.125
140,140.0,140.32250999452884,0.125,0.125,0.125,0.125,0.125,0.125,0.125,0.125
141,141.0,141.31914125912172,0.125,0.125,0.125,0.125,0.125,0.125,0.125,0.125
142,142.0,142.31591798466408,0.125,0.125,0.125,0.125,0.125,0.125,0.125,0.125
143,143.0,143.3128578578056,0.125,0.125,0.125,0.125,0.125,0.125,0.125,0.125
144,144.0,144.3099751650549,0.125,0.125,0.125,0.125,0.125,0.125,0.125,0.125
145,145.0,145.30728098992873,0.125,0.125,0.125,0.125,0.125,0.125,0.125,0.125
146,146.0,146.30478342241585,0.125,0.125,0.125,0.125,0.125,0.125,0.125,0.125
147,147.0,147.30248777743012,0.125,0.125,0.125,0.125,0.125,0.125,0.125,0.125
148,148.0,148.30039681916867,0.125,0.125,0.125,0.125,0.125,0.125,0.125,0.125
149,149.0,149.2985109885417,0.125,0.125,0.125,0.125,0.125,0.125,0.125,0.125
150,150.0,150.29682863109198,0.125,0.125,0.125,0.125,0.125,0.125,0.125,0.125
151,151.0,151.29534622307634,0.125,0.125,0.125,0.125,0.125,0.125,0.125,0.125
152,152.0,152.29405859363146,0.125,0.125,0.125,0.125,0.125,0.125,0.125,0.125
153,153.0,153.29295914119479,0.125,0.125,0.125,0.125,0.125,0.125,0.125,0.125
154,154.0,154.29204004258983,0.125,0.125,0.125,0.125,0.125,0.125,0.125,0.125
155,155.0,155.29129245341946,0.125,0.125,0.125,0.125,0.125,0.125,0.125,0.125
156,156.0,156.29070669863194,0.125,0.125,0.125,0.125,0.125,0.125,0.125,0.125
157,157.0,157.29027245233684,0.125,0.125,0.125,0.125,0.125,0.125,0.125,0.125
158,158.0,158.2899789061479,0.125,0.125,0.125,0.125,0.125,0.125,0.125,0.125
159,159.0,159.28981492551637,0.125,0.125,0.125,0.125,0.125,0.125,0.125,0.125
160,160.0,160.28976919369282,0.125,0.125,0.125,0.125,0.125,0.125,0.125,0.125
161,161.0,161.2898303431147,0.125,0.125,0.125,0.125,0.125,0.125,0.125,0.125
162,162.0,162.28998707416324,0.125,0.125,0.125,0.125,0.125,0.125,0.125,0.125
163,163.0,163.2902282613653,0.125,0.125,0.125,0.125,0.125,0.125,0.125,0.125
164,164.0,164.2905430472335,0.125,0.125,0.125,0.125,0.125,0.125,0.125,0.125
165,165.0,165.29092092404258,0.125,0.125,0.125,0.125,0.125,0.125,0.125,0.125
166,166.0,166.2913518039303,0.125,0.125,0.125,0.125,0.125,0.125,0.125,0.125
167,167.0,167.29182607778995,0.125,0.125,0.125,0.125,0.125,0.125,0.125,0.125
168,168.0,168.29233466348575,0.125,0.125,0.125,0.125,0.125,0.125,0.125,0.125
169,169.0,169.2928690439771,0.125,0.125,0.125,0.125,0.125,0.125,0.125,0.125
170,170.0,170.29342129597953,0.125,0.125,0.125,0.125,0.125,0.125,0.125,0.125
171,171.0,171.29398410982193,0.125,0.125,0.125,0.125,0.125,0.125,0.125,0.125
172,172.0,172.29455080118188,0.125,0.125,0.125,0.125,0.125,0.125,0.125,0.125
173,173.0,173.295115315394,0.125,0.125,0.125,0.125,0.125,0.125,0.125,0.125
174,174.0,174.29567222503098,0.125,0.125,0.125,0.125,0.125,0.125,0.125,0.125
175,175.0,175.29621672145393,0.125,0.125,0.125,0.125,0.125,0.125,0.125,0.125
176,176.0,176.29674460102007,0.125,0.125,0.125,0.125,0.125,0.125,0.125,0.125
177,177.0,177.29725224661937,0.125,0.125,0.125,0.125,0.125,0.125,0.125,0.125
178,178.0,178.29773660519257,0.125,0.125,0.125,0.125,0.125,0.125,0.125,0.125
179,179.0,179.29819516185654,0.125,0.125,0.125,0.125,0.125,0.125,0.125,0.125
180,180.0,180.29862591123552,0.125,0.125,0.125,0.125,0.125,0.125,0.125,0.125
181,181.0,181.29902732656424,0.125,0.125,0.125,0.125,0.125,0.125,0.125,0.125
182,182.0,182.29939832709445,0.125,0.125,0.125,0.125,0.125,0.125,0.125,0.125
183,183.0,183.29973824430073,0.125,0.125,0.125,0.125,0.125,0.125,0.125,0.125
184,184.0,184.30004678734335,0.125,0.125,0.125,0.125,0.125,0.125,0.125,0.125
185,185.0,185.31032400820828,0.125,0.125,0.125,0.125,0.125,0.125,0.125,0.125
186,186.0,186.32047026690464,0.125,0.125,0.125,0.125,0.125,0.125,0.125,0.125
187,187.0,187.33039719706233,0.125,0.125,0.125,0.125,0.125,0.125,0.125,0.125
188,188.0,188.34002746223362,0.125,0.125,0.125,0.125,0.125,0.125,0.125,0.125
189,189.0,189.34929442626543,0.125,0.125,0.125,0.125,0.125,0.125,0.125,0.125
190,190.0,190.35814174963141,0.125,0.125,0.125,0.125,0.125,0.125,0.125,0.125
191,191.0,191.3665229231645,0.125,0.125,0.125,0.125,0.125,0.125,0.125,0.125
192,192.0,192.37440075011264,0.125,0.125,0.125,0.125,0.125,0.125,0.125,0.125
193,193.0,193.38174678686482,0.125,0.125,0.125,0.125,0.125,0.125,0.125,0.125
194,194.0,194.38854075207314,0.125,0.125,0.125,0.125,0.125,0.125,0.125,0.125
195,195.0,195.39476991323988,0.125,0.125,0.125,0.125,0.125,0.125,0.125,0.125
196,196.0,196.40042845915758,0.125,0.125,0.125,0.125,0.125,0.125,0.125,0.125
197,197.0,197.40551686589194,0.125,0.125,0.125,0.125,0.125,0.125,0.125,0.125
198,198.0,198.41004126329395,0.125,0.125,0.125,0.125,0.125,0.125,0.125,0.125
199,199.0,199.4140128083228,0.125,0.125,0.125,0.125,0.125,0.125,0.125,0.125
200,200.0,200.41744707076552,0.125,0.125,0.125,0.125,0.125,0.125,0.125,0.125
201,201.0,201.4203634362563,0.12486111111111112,0.12486111111111112,0.12597222222222224,0.12475694444444445,0.12486111111111112,0.12496527777777777,0.12486111111111112,0.12486111111111112
202,202.0,202.4227845308355,0.12556381729667815,0.12446072451317299,0.12656072451317296,0.12425450672966781,0.1255718356242841,0.12466694229667812,0.12446072451317299,0.12446072451317299
203,203.0,203.42473567064837,0.12624707084706738,0.12405296817507075,0.12722400899139724,0.12374770925307409,0.12626407928618183,0.12435822709706736,0.12405296817507075,0.12405296817507075
204,204.0,204.4262443397735,0.12661196391423973,0.1234396290939136,0.12756116051217786,0.12394820327926927,0.12771963919492368,0.1238401458176488,0.1234396290939136,0.1234396290939136
205,205.0,205.42733969858836,0.12681035914666355,0.12268933874104414,0.12772509638686974,0.12511820627409265,0.12899764874104414,0.12318067322819763,0.12278933874104414,0.12268933874104414
206,206.0,206.42805212453584,0.1268422254057925,0.12188344666231381,0.12771680185163786,0.126132552159218,0.13016414347140473,0.12246160379167223,0.12208244666231383,0.12271677999564715
207,207.0,207.42841278664326,0.12672137167383954,0.12207597599150005,0.12765105764030169,0.12689413793423868,0.13114790284957076,0.1216253808164382,0.12126097488038895,0.12262319821372226
208,208.0,208.42845325467349,0.12657640720010363,0.12227827810640053,0.1286544146774365,0.12762572276231587,0.13106949152985134,0.12080421059899003,0.12045672479627952,0.12253475032862274
209,209.0,209.42820514335395,0.12629457173371117,0.12243394321249917,0.12950509047625236,0.12820369665274717,0.13088339228954546,0.11995228116003691,0.12039272910458912,0.12233429537061881
210,210.0,210.4276997917328,0.12600775534397635,0.1226037706673075,0.13032523101797766,0.12875302557577742,0.13065992722080716,0.11913888002381115,0.12036098693837738,0.12215042321196559
211,211.0,211.42696797735647,0.12560943417724066,0.12272970090646138,0.13099979831301406,0.12916119062902637,0.13035012250222197,0.11902762903074295,0.12024870025686843,0.12187342418442441
212,212.0,212.4260396646442,0.12507475413288374,0.1227254260096964,0.13149661622309228,0.13050934987006296,0.12987627180652211,0.11881713019415174,0.1200250585884193,0.12147539317517171
213,213.0,213.42494378655672,0.12372230107371446,0.12261789812846097,0.132556666110782,0.13159280006547583,0.12927340712726493,0.11853330217564463,0.11971732273729738,0.12198630258136003
214,214.0,214.42370805841244,0.12229932488375378,0.12242760874910541,0.13438834895476984,0.13244535943605504,0.12856954941868967,0.11819540708268919,0.11934607038937209,0.12232833108556523
215,215.0,215.42235882249844,0.12078554919642201,0.12201206736256573,0.1356987820335835,0.13299847458746128,0.12774027811925545,0.11883416419559342,0.11949885489529218,0.12243182960982668
216,216.0,216.42092092195088,0.11921046144859931,0.12150322431369547,0.13836072447669073,0.13217598713952616,0.12758092780054298,0.11935198092910253,0.11948653826440746,0.1223301556274356
217,217.0,217.41941760223855,0.11752507986544916,0.12084463434085252,0.14154842545925064,0.13109306562104656,0.1262079832620506,0.11972240929545708,0.12004417563262912,0.12301422652326455
218,218.0,218.41787043847506,0.1158591191481673,0.12015968953799411,0.14448292662298692,0.1298902456579247,0.12476019637480423,0.12134998201620714,0.1205205505377196,0.12297729010419622
219,219.0,219.41629928670318,0.11422848729353019,0.11945906531234082,0.14816377436671596,0.12859392624663699,0.12388691019493271,0.12288973273822948,0.12092140642932209,0.12185669741829201
220,220.0,220.41472225724146,0.1126466930279374,0.11875207114254635,0.15158173143735415,0.12722789111434818,0.12294161339585019,0.12433651674241195,0.12125175723810463,0.12126172590144747
221,221.0,221.4131557081535,0.11094326085005422,0.11777409518872747,0.1560937691853366,0.12563177099612716,0.1217603673158465,0.12550416167214254,0.12133434877590729,0.12095822601585852
222,222.0,222.41161425689282,0.10922791471959087,0.11664860184158776,0.1608653235148252,0.12391770849727518,0.12051792871992786,0.1270335484793303,0.1212295392540935,0.1205594349733696
223,223.0,223.41011080818927,0.10758758980802384,0.11553836990702637,0.16583446222140355,0.12218363729248972,0.11874587600500328,0.1289360804688231,0.12102652418222094,0.12014746011500943
224,224.0,224.40865659627417,0.10579912802212985,0.1141568137785792,0.17044648105464,0.12018777197650485,0.11752282289282215,0.1303653950457545,0.12211362617731586,0.11940796105225379
225,225.0,225.40726123958783,0.10407791997489285,0.1127852660523039,0.17454674104430562,0.11815894292129263,0.11629648456961655,0.13153721311330366,0.12403365482042286,0.11856377750386211
226,226.0,226.40593280617423,0.10235111816326953,0.111298162100651,0.17938338189440617,0.11608476900273058,0.11496485788565226,0.13250065298471486,0.12579551979276493,0.11762153817581086
227,227.0,227.40467788804028,0.10073037282563757,0.10986520197894817,0.1837930238190219,0.11453673024254307,0.11369506133711818,0.13326550282947253,0.12741981308408942,0.11669429388316935
228,228.0,228.40350168283933,0.0992210693177577,0.10849508445520098,0.18827318804037288,0.11252704416184518,0.11249339342574019,0.13384289090071222,0.1293577285832645,0.11578960111510656
229,229.0,229.40240808133007,0.09776277160126168,0.1071308415543795,0.1920000962342128,0.11050702281028452,0.11130067307644459,0.1349495060683551,0.13149922189868857,0.1148498667563734
230,230.0,230.40139975915844,0.0963378768405691,0.10571082396197334,0.19625733113427193,0.10850638781738565,0.11005322845529009,0.135818167735284,0.13345527697920878,0.11386090707601729
231,231.0,231.40047827161237,0.09507591716948793,0.10441628994770358,0.20029954798697747,0.10666183037899277,0.10895680284978633,0.1366583744556066,0.134896132158239,0.11303510505320649
232,232.0,232.3996441501048,0.09383393296148212,0.10369168411294685,0.20332211214282342,0.10483690259975346,0.1077763062334709,0.1383943315615423,0.13606961315985225,0.11207511722812888
233,233.0,233.39889699924694,0.09260603102732012,0.10287241480133066,0.20635877824189175,0.10299534342248273,0.10710448046353613,0.1401921046389719,0.13688357677005866,0.1109872706344082
234,234.0,234.39823559348238,0.09142529220239684,0.1025547236461144,0.20948726735847614,0.10117871698451293,0.10637913232137358,0.1416640514305681,0.13742909068398876,0.10988172537256938
235,235.0,235.39765797235947,0.09032824321009093,0.10227988891867529,0.21284682949422928,0.09943136269157773,0.10570112670109272,0.14285674927497716,0.1377550573012611,0.10880074240809587
236,236.0,236.39716153362525,0.08935531323334339,0.10152864544423415,0.2168045861436331,0.09782934685607501,0.1051341466067974,0.14395118094881457,0.1385348491784983,0.10686193158860416
237,237.0,237.39674312342822,0.0884556575985196,0.10074950492822554,0.2205696198209922,0.09632599371877029,0.10504719537705759,0.14481498397378595,0.1391028380847994,0.10493420649784947
238,238.0,238.3963991230166,0.08763072897755896,0.09995283202974989,0.22412679923998424,0.09542625409100036,0.10489270673728222,0.14546171738366237,0.13947365862732924,0.10303530291343274
239,239.0,239.39612553141598,0.08678081170238977,0.10020633399530736,0.22668057289519794,0.09449978173670441,0.10464925736718729,0.1461771514194058,0.1399255377425074,0.10108055314130006
240,240.0,240.39591804366123,0.0859037405294286,0.10038929503708312,0.2285509129520059,0.09354453736950805,0.10431468517098558,0.14783784538244296,0.14037738692312157,0.09908159663542424
241,241.0,241.39577212424535,0.08504830157900604,0.10054423965585933,0.23091500971788317,0.09313406017700453,0.10345505251989759,0.14912158503041978,0.1406653033190434,0.09711644800088616
242,242.0,242.3956830755286,0.0843115744149432,0.10071548939669991,0.2328073204529144,0.09281104756260133,0.10262453113487457,0.15096114792981147,0.1408934894413536,0.09487539966680154
243,243.0,243.39564610092827,0.08352061442062754,0.10166300657211885,0.23392344425694217,0.09208725677072957,0.10168626486973355,0.1536738726530932,0.1408305290799064,0.0926150113768487
244,244.0,244.39565636277868,0.08365134806191521,0.10237137375888275,0.23466481184705865,0.09138493477228016,0.10072891354893451,0.15616562516712912,0.14061966916048882,0.09041332368331079
245,245.0,245.39570903481626,0.08376893766062991,0.10299787948760455,0.23491342562595743,0.09068577874787409,0.09974078003122999,0.15937526512517283,0.14025462907807082,0.0882633042434604
246,246.0,246.3957993493019,0.08386688713156511,0.10349452021003452,0.23451390718006676,0.08994653902358436,0.09866951461933623,0.16364767580780104,0.1396863041947614,0.0861746518328506
247,247.0,247.395922638846,0.08303915614967759,0.10430560004151375,0.23390587915844313,0.0891801177798828,0.09824953142391848,0.16730526533496434,0.13894117686386653,0.08507327324773344
248,248.0,248.3960743730472,0.08216464020452596,0.10478983838619957,0.23318266521652703,0.08835610693589488,0.097749074979994,0.17176476149210018,0.13805552897101137,0.08393738381374707
249,249.0,249.39625019009782,0.08130083076431982,0.1058454471426237,0.23223700380666534,0.08756518206817297,0.09725787368493655,0.17586738509290034,0.13709633686375214,0.08282994057662922
250,250.0,250.3964459235424,0.08052723259490396,0.10689974742706229,0.2312722487114037,0.08724102400684786,0.0968660963729923,0.17947999902919232,0.13582484887890386,0.0818888029786938
251,251.0,251.39665762440706,0.07981742476713709,0.10791719130011303,0.2300988705801829,0.08699363329670808,0.09652976212239243,0.18308064801564766,0.13448085386957348,0.08108161604824549
252,252.0,252.39688157894122,0.07917171581610073,0.108890879455153,0.22907951475899485,0.08681739660070528,0.09624627946047729,0.18630939890467613,0.1330821689250841,0.08040264607880883
253,253.0,253.39711432223254,0.07861579310909443,0.10920006510686943,0.22763081373804608,0.08673260104984801,0.09602459320621473,0.1898614517684067,0.13199907821797902,0.0799356038035418
254,254.0,254.3973526479724,0.078087518264663,0.10942631074187839,0.2257436636523678,0.08667223150100804,0.09580161459685291,0.1935620297572736,0.13115907590199094,0.07954755558396558
255,255.0,255.39759361465858,0.07753653200010166,0.11016379630163453,0.22424361436790682,0.08658157180458045,0.0955387301710085,0.1966010689725359,0.1302171836945197,0.07911750268771264
256,256.0,256.39783454852954,0.0770457042603274,0.11085218880140091,0.22264827402164813,0.08653964651254666,0.0953176482948466,0.19954405187501242,0.1292657588748542,0.07878672735936391
257,257.0,257.3980730435281,0.0765718279575715,0.11199686465894161,0.22125148251179608,0.0869346845333955,0.09473715716232997,0.20208977333851724,0.1279666448096687,0.07845156502777964
258,258.0,258.3983069585915,0.0760761565131035,0.1134806435635326,0.22015545644568701,0.08726782866771898,0.09411864098379163,0.20428095656514011,0.12654446994065185,0.07807584732037454
259,259.0,259.39853441256264,0.07621390871014358,0.11549455881772609,0.21886439524661913,0.08749203805097108,0.09340588426593772,0.20582661246242412,0.12505260913024568,0.07764999331593285
260,260.0,260.39875377701105,0.07628738052296875,0.1180806868338079,0.21749491036745866,0.08762583706768176,0.0926253116331337,0.20686315077840856,0.12320502979115577,0.07781769300538517
261,261.0,261.3989636672445,0.07639578971063327,0.12088645595544056,0.21675988955072398,0.08778856914512806,0.09188503484196361,0.2068391812583392,0.12143323257983095,0.0780118469579406
262,262.0,262.3991629317822,0.07654766586065634,0.12358083415067364,0.21643544339410165,0.08797251672551565,0.09120153449305557,0.20623115331416064,0.11976046467248778,0.07827038738934897
263,263.0,263.3993506405483,0.07668978780719102,0.12586674289342892,0.216350481859984,0.0881082471326067,0.09052861223756159,0.20527592239684544,0.11867251089916436,0.07850769477321817
264,264.0,264.3995260720323,0.0762130140989469,0.12827847438935275,0.21664339678469163,0.0882318334753121,0.08988824383652129,0.20472428285201086,0.11728093087487515,0.07873982368828952
265,265.0,265.3996886996476,0.07569729674838277,0.1307191869332468,0.21708774768252972,0.08825728430065952,0.08919760759251584,0.20428453090850895,0.11587747045113156,0.078878875383025
266,266.0,266.3998381775048,0.07516600147683224,0.13293265230819223,0.21760782315922875,0.08820888133245926,0.08848335933260981,0.20416276432053246,0.11446959975587803,0.07896891831426742
267,267.0,267.39997432580134,0.07465465643288301,0.13542355409636606,0.2179298685121873,0.08815256314822753,0.08781307190947174,0.204332853075781,0.11309760120374097,0.0785958316213426
268,268.0,268.40009711601016,0.07415040467125689,0.1379168127021725,0.21842895383704802,0.08862926463400779,0.08717307674069866,0.2042651698144833,0.11176961796667821,0.07766669963365484
269,269.0,269.400206656038,0.07365689993864401,0.14013259630605435,0.2187862197478142,0.08908023736524724,0.08656606510984799,0.2042830601742779,0.110749182600251,0.0767457387578635
270,270.0,270.4003031755027,0.07328123494492982,0.14224115328301967,0.21957245719294757,0.08969011018888151,0.08609804114489662,0.20329426136163753,0.10987816802668995,0.07594457385699749
271,271.0,271.4003870112659,0.07292234207312126,0.14413908043295018,0.22009423265188605,0.09024504455058496,0.08566674602586385,0.20219248046508237,0.10957387711097887,0.07516619668953262
272,272.0,272.4004585933401,0.07258544566914547,0.14559626685007282,0.22059037291234504,0.09076972615376179,0.0856927991154144,0.20100665876076856,0.10933930565528902,0.07441942488320301
273,273.0,273.4005184312735,0.07226525517044274,0.1467280144157231,0.22153187978307473,0.09125547357841672,0.08573207851531157,0.19966487049419984,0.10912032230268913,0.07370210574014226
274,274.0,274.4005671011008,0.07197798249542169,0.14767795741606793,0.2223779221129491,0.09171600337210428,0.08581254940447063,0.1984594345015961,0.1089450029079874,0.07303314778940298
275,275.0,275.4006052329344,0.07172241022319366,0.1486232092815945,0.22323837820928938,0.09217224315852317,0.08591310494441846,0.1971186868805077,0.10879836117648348,0.07241360612598972
276,276.0,276.4006334992553,0.07147541260984616,0.14953666264516138,0.22437042013055447,0.09257611954275201,0.08600782082792241,0.19557956233817067,0.1086317787941444,0.07182222311144855
277,277.0,277.4006526039515,0.07123752804847663,0.15041576571065784,0.22552884484464897,0.09292775598401953,0.08609485274423684,0.193867375723081,0.10866685435098954,0.07126102259388968
278,278.0,278.4006632721386,0.07100916345677617,0.15091378986764747,0.22664907222051855,0.09322779948948441,0.08651745522536844,0.19227714033026955,0.10867404170386974,0.07073153770606568
279,279.0,279.4006662407856,0.07079060683507293,0.15138917379659209,0.22751310087778148,0.09347736526905032,0.08691455195191129,0.19076552305166194,0.10865167223793373,0.07049800597999618
280,280.0,280.40066225016005,0.07059279146792141,0.15172501826530943,0.22813831754488312,0.09368873395284864,0.08731514070256839,0.1894122113678894,0.1088284805100657,0.07029930618851388
281,281.0,281.40065203609544,0.07040426897447138,0.152049598624133,0.2289760096213998,0.09385225915455166,0.08768200860201115,0.18794745228818005,0.1089661503901609,0.070122252345092
282,282.0,282.40063632307636,0.07022500863423359,0.15236464753208775,0.2300117910517057,0.09397010331229819,0.08801306594670003,0.1863873715618941,0.10906287655598183,0.0699651354050987
283,283.0,283.4006158181284,0.07006438192064354,0.15256760176279346,0.23104370322342566,0.0940541611742608,0.0883352334653082,0.1849627078186361,0.10913649209803779,0.06983571853689433
284,284.0,284.4005912054939,0.06992711689170844,0.15267262639520401,0.232135036490509,0.09411195594493435,0.08865116361879376,0.18355752502970404,0.1092018380927919,0.06974273753635435
285,285.0,285.40056314206805,0.06980617399744084,0.1527960244746499,0.23314408109839427,0.09413945995392968,0.08893330541638338,0.1822294671716243,0.1092740852926711,0.06967740259490639
286,286.0,286.40053225356405,0.06992019085692733,0.15296615653132115,0.23484399647779328,0.09364330413163416,0.08924086886815832,0.18035955537471965,0.10936710969064765,0.06965881806879837
287,287.0,287.40049913137483,0.07000982537261986,0.15302239057896033,0.23618450302288663,0.09361627948821129,0.08946418686818686,0.17868395845491908,0.10939466405949248,0.06962419215472336
288,288.0,288.40046433009076,0.07006763752145459,0.15306764095961803,0.23788147160657322,0.09347392193023941,0.08958406260306755,0.1770156175623883,0.10934321965456527,0.06956642816209357
289,289.0,289.4004283656342,0.07012817757022337,0.15313583682640924,0.2393711183913356,0.09331062140120694,0.08966401186349357,0.17559595060225605,0.10927734977220702,0.06951693357286819
290,290.0,290.40039171396694,0.07019455050416738,0.15323236065215087,0.24075021878668,0.09313408837923251,0.08971048167929914,0.17428312276754584,0.10921146983651599,0.06948370739440826
291,291.0,291.40035481032675,0.07023883789717933,0.1533310104197601,0.24191041765092333,0.09286810845663236,0.08967265686151087,0.17342097244966712,0.10911921262515534,0.06943878363917151
292,292.0,292.4003180489473,0.07025559960905858,0.1534309062245354,0.2434551909890896,0.09252019667913194,0.0895546879906931,0.1726512172362885,0.10875225878581156,0.06937994248539128
293,293.0,293.40028178321637,0.07096430823383265,0.1523695985484792,0.24545984838025156,0.09147309769721403,0.08928311424118954,0.17248549791685222,0.10849844770692824,0.06946608727525261
294,294.0,294.4002463262263,0.0716692563379059,0.15127647308245473,0.24725041606797155,0.08995866301096855,0.0890036641043833,0.17302960259704253,0.10825268437866378,0.0695592404206097
295,295.0,295.40021195167304,0.07180795259777398,0.15042179077755116,0.2490289698598286,0.08846707962728403,0.08846324712498434,0.17413761815479215,0.1080160969812827,0.0696572448765031
296,296.0,296.40017889505833,0.07214340018334321,0.1497703826901009,0.24859145246033676,0.08743616174419162,0.08813503116797983,0.17576742690924527,0.10818686669935824,0.06996927814544414
297,297.0,297.40014735515456,0.07265513216643232,0.14885871472621046,0.24831861596975302,0.08644398435099347,0.08780776779408793,0.17730423948012194,0.10833428709481434,0.0702772584175865
298,298.0,298.4001174956896,0.0730930324176971,0.14797892202395974,0.24763038922051303,0.08606494295478442,0.08742752428543073,0.17891762866773497,0.10835621966512199,0.07053134076475802
299,299.0,299.4000894472142,0.07408557761810079,0.1471412222748226,0.24657620323391752,0.08560170550749024,0.08700374008850373,0.1804250731457676,0.10843143664727467,0.07073504148412285
300,300.0,300.4000633091143,0.07503413721143305,0.1461487406928253,0.245495231348119,0.08517554398602065,0.08657790771538032,0.18194348657455586,0.10870414148213448,0.0709208109895314
301,301.0,301.40003915173315,0.07594329911235821,0.14518589893668807,0.2443235123445372,0.08541946312837122,0.08569097702742051,0.18336644360973847,0.10897460520006413,0.07109580064082228
302,302.0,302.40001701857284,0.07689746530733194,0.14420072325608327,0.24334851312744094,0.08551093835214137,0.08476786040625597,0.18492931174031454,0.10914471592661638,0.07120047188381572
303,303.0,303.39999692854275,0.077778009480627,0.14299978712181435,0.24233804072773082,0.0855958652361104,0.08385399117106469,0.18687287790604992,0.10928825729932448,0.07127317105727844
304,304.0,304.3999788782303,0.07859224992100508,0.14183366257714228,0.24062462651805364,0.0856764208869207,0.08296028419786743,0.1889902389380258,0.10941218206514222,0.071910334895843
305,305.0,305.3999628441668,0.07940910730979174,0.14062958187847846,0.23902447496065682,0.08632646286431336,0.08191370259913103,0.19144100172394612,0.10927813413098403,0.07197753453269858
306,306.0,306.3999487850679,0.08015657526266659,0.13948510149122303,0.2374893956759853,0.0871480097899361,0.08091082860730214,0.1936769549351633,0.10910844050588848,0.0720246937318352
307,307.0,307.3999366440283,0.0808380940761486,0.13816970434331977,0.23553199469050642,0.08853048750571543,0.07995941359491562,0.19574369615811263,0.10917138204709909,0.07205522758418259
308,308.0,308.3999263506523,0.08143744309711082,0.136912331926698,0.23362792812731603,0.08987300367019305,0.07904823594425088,0.19744875870446404,0.10921298498387158,0.07243931354609574
309,309.0,309.39991782310744,0.08248871200162138,0.13574069764858718,0.2319020701347751,0.09105471875648259,0.07820332585183383,0.19890178002133135,0.1089352742133818,0.07277342137198689
310,310.0,310.399910970086,0.08345601548167571,0.13463695742817047,0.23037229551309218,0.09219048805916151,0.07740551905301699,0.20020919323751374,0.10864725585073566,0.07308227537663382
311,311.0,311.3999056926658,0.08436150212288558,0.13361510269475121,0.22845902357019648,0.09329122840436915,0.07666782671929706,0.20178150052169821,0.10844527862401063,0.07337853734279173
312,312.0,312.39990188606106,0.08514957497003453,0.1326461064615233,0.22692789492740026,0.094294258187135,0.07596055734206103,0.2030517928940258,0.10818750054099906,0.0737823146768211
313,313.0,313.3998994412561,0.08584082631715866,0.13174806773003592,0.2256058631252278,0.09521242096744918,0.0753014362086689,0.2039157622487418,0.10789010180982851,0.07448552159288938
314,314.0,314.39989824651906,0.08658263529521254,0.13092464550383734,0.22439341167411098,0.09604876536841397,0.07469401407247764,0.20465271967896606,0.10758539496402852,0.0751184134429531
315,315.0,315.3998981887906,0.08723478737624377,0.13017601197807366,0.22329490925202272,0.09680209889833646,0.0741385948785421,0.20506400495871976,0.10727636763937723,0.07601322501868442
316,316.0,316.39989915494704,0.08795564957268451,0.1295149784619387,0.22198038302660025,0.09749898208423638,0.07364833636855572,0.20552812897936495,0.10700560195021913,0.07686793955640048
317,317.0,317.39990103293843,0.08870374291169472,0.12891043298533925,0.22059863993006645,0.09809599644290926,0.07319266275493175,0.20615326608060716,0.10672295204526581,0.07762230684918574
318,318.0,318.39990371280123,0.08936621111548289,0.1283761135241401,0.21920333848704815,0.09860745270908813,0.07278601360922253,0.2069524781995749,0.10641811615441493,0.07829027620102849
319,319.0,319.39990708754976,0.08994423395807577,0.12790976308452218,0.2178032178504555,0.09903563695557853,0.07242697538920265,0.207914155042917,0.10609397894260865,0.07887203877663987
320,320.0,320.39991105394796,0.09043229331974828,0.1275062021700299,0.2166469108053869,0.0993809825032273,0.07211133128580974,0.20881263294617178,0.10574842554398954,0.07936122142563672
321,321.0,321.39991551316683,0.09083326446752203,0.127162462059732,0.21570999669492058,0.09964704071461158,0.07183717295085143,0.20951180234399577,0.1055382851512439,0.07975997561712288
322,322.0,322.39992037133214,0.09113121176572278,0.1268886562602094,0.21474359975195106,0.09972755446419045,0.07133003729101692,0.21032090391672245,0.10528788826668847,0.08057014828349865
323,323.0,323.39992553996757,0.09135726459610637,0.12667531514418673,0.21377288192089114,0.09975331634101321,0.07087022199834195,0.21122223183801148,0.10502741510493838,0.08132135305651092
324,324.0,324.3999309363398,0.09151994354448247,0.1269013536839221,0.2129950285220171,0.10023345484023746,0.07045946883753285,0.21173549454385399,0.10478458210386833,0.08137067392408588
325,325.0,325.39993648371143,0.09160659478179979,0.12715025572422306,0.21258598303498316,0.10066487937631512,0.07008421127365976,0.21197755706019805,0.1045381869439815,0.08139233180483976
326,326.0,326.3999421115088,0.0916098105899429,0.12740759357532122,0.21233399555966498,0.10102716667985434,0.06996069117174591,0.21190306959738084,0.10425506788149552,0.0815026049445945
327,327.0,327.3999477554113,0.09146189080667336,0.1277313688904447,0.21214154622177617,0.10163352113024031,0.0698299692200824,0.2117860328976733,0.10391152519858017,0.0815041456345298
328,328.0,328.39995335736944,0.09124116684842212,0.12842984889151063,0.2120717239885629,0.10230848777697144,0.06971365974498998,0.21137533799068506,0.10341055565569994,0.08144921910315814
329,329.0,329.3999588655581,0.09094197198184713,0.12946316952300643,0.211999487360882,0.1024162602803121,0.0700753446271281,0.2107923766707634,0.10300452835397837,0.08130686120208266
330,330.0,330.3999642342724,0.09058411289139927,0.1305498563218389,0.21203313056135537,0.10258998306572885,0.07044276599904879,0.21008937312912956,0.10259275125945252,0.0811180267720469
331,331.0,331.39996942377246,0.0901968724947654,0.13169486728487217,0.21218830231451977,0.10271670898772722,0.07082022064119196,0.20929865476299886,0.10218963634973699,0.08089473716418778
332,332.0,332.3999744000848,0.08979047134473993,0.1328233830894045,0.21246791462571257,0.1028035581665737,0.07121427143448307,0.20844108236301667,0.10181337700296164,0.08064594197310808
