Total_iterations,Unnamed: 0.1,Intertwine_two,Add_vertex,Delete_vertex,Invert_path_vertices,Insert_inside_vertex,Delete_inside_vertex,Replace_inside_vertex,Donate_between_routes
0,0.0,0.125,0.125,0.125,0.125,0.125,0.125,0.125,0.125
1,1.0,0.125,0.125,0.125,0.125,0.125,0.125,0.125,0.125
2,2.0,0.125,0.125,0.125,0.125,0.125,0.125,0.125,0.125
3,3.0,0.125,0.125,0.125,0.125,0.125,0.125,0.125,0.125
4,4.0,0.125,0.125,0.125,0.125,0.125,0.125,0.125,0.125
5,5.0,0.125,0.125,0.125,0.125,0.125,0.125,0.125,0.125
6,6.0,0.125,0.125,0.125,0.125,0.125,0.125,0.125,0.125
7,7.0,0.125,0.125,0.125,0.125,0.125,0.125,0.125,0.125
8,8.0,0.125,0.125,0.125,0.125,0.125,0.125,0.125,0.125
9,9.0,0.125,0.125,0.125,0.125,0.125,0.125,0.125,0.125
10,10.0,0.125,0.125,0.125,0.125,0.125,0.125,0.125,0.125
11,11.0,0.125,0.125,0.125,0.125,0.125,0.125,0.125,0.125
12,12.0,0.125,0.125,0.125,0.125,0.125,0.125,0.125,0.125
13,13.0,0.125,0.125,0.125,0.125,0.125,0.125,0.125,0.125
14,14.0,0.125,0.125,0.125,0.125,0.125,0.125,0.125,0.125
15,15.0,0.125,0.125,0.125,0.125,0.125,0.125,0.125,0.125
16,16.0,0.125,0.125,0.125,0.125,0.125,0.125,0.125,0.125
17,17.0,0.125,0.125,0.125,0.125,0.125,0.125,0.125,0.125
18,18.0,0.125,0.125,0.125,0.125,0.125,0.125,0.125,0.125
19,19.0,0.125,0.125,0.125,0.125,0.125,0.125,0.125,0.125
20,20.0,0.125,0.125,0.125,0.125,0.125,0.125,0.125,0.125
21,21.0,0.125,0.125,0.125,0.125,0.125,0.125,0.125,0.125
22,22.0,0.125,0.125,0.125,0.125,0.125,0.125,0.125,0.125
23,23.0,0.125,0.125,0.125,0.125,0.125,0.125,0.125,0.125
24,24.0,0.125,0.125,0.125,0.125,0.125,0.125,0.125,0.125
25,25.0,0.125,0.125,0.125,0.125,0.125,0.125,0.125,0.125
26,26.0,0.125,0.125,0.125,0.125,0.125,0.125,0.125,0.125
27,27.0,0.125,0.125,0.125,0.125,0.125,0.125,0.125,0.125
28,28.0,0.125,0.125,0.125,0.125,0.125,0.125,0.125,0.125
29,29.0,0.125,0.125,0.125,0.125,0.125,0.125,0.125,0.125
30,30.0,0.125,0.125,0.125,0.125,0.125,0.125,0.125,0.125
31,31.0,0.125,0.125,0.125,0.125,0.125,0.125,0.125,0.125
32,32.0,0.125,0.125,0.125,0.125,0.125,0.125,0.125,0.125
33,33.0,0.125,0.125,0.125,0.125,0.125,0.125,0.125,0.125
34,34.0,0.125,0.125,0.125,0.125,0.125,0.125,0.125,0.125
35,35.0,0.125,0.125,0.125,0.125,0.125,0.125,0.125,0.125
36,36.0,0.125,0.125,0.125,0.125,0.125,0.125,0.125,0.125
37,37.0,0.125,0.125,0.125,0.125,0.125,0.125,0.125,0.125
38,38.0,0.125,0.125,0.125,0.125,0.125,0.125,0.125,0.125
39,39.0,0.125,0.125,0.125,0.125,0.125,0.125,0.125,0.125
40,40.0,0.125,0.125,0.125,0.125,0.125,0.125,0.125,0.125
41,41.0,0.125,0.125,0.125,0.125,0.125,0.125,0.125,0.125
42,42.0,0.125,0.125,0.125,0.125,0.125,0.125,0.125,0.125
43,43.0,0.125,0.125,0.125,0.125,0.125,0.125,0.125,0.125
44,44.0,0.125,0.125,0.125,0.125,0.125,0.125,0.125,0.125
45,45.0,0.125,0.125,0.125,0.125,0.125,0.125,0.125,0.125
46,46.0,0.125,0.125,0.125,0.125,0.125,0.125,0.125,0.125
47,47.0,0.125,0.125,0.125,0.125,0.125,0.125,0.125,0.125
48,48.0,0.125,0.125,0.125,0.125,0.125,0.125,0.125,0.125
49,49.0,0.125,0.125,0.125,0.125,0.125,0.125,0.125,0.125
50,50.0,0.125,0.125,0.125,0.125,0.125,0.125,0.125,0.125
51,51.0,0.125,0.125,0.125,0.125,0.125,0.125,0.125,0.125
52,52.0,0.125,0.125,0.125,0.125,0.125,0.125,0.125,0.125
53,53.0,0.125,0.125,0.125,0.125,0.125,0.125,0.125,0.125
54,54.0,0.125,0.125,0.125,0.125,0.125,0.125,0.125,0.125
55,55.0,0.125,0.125,0.125,0.125,0.125,0.125,0.125,0.125
56,56.0,0.125,0.125,0.125,0.125,0.125,0.125,0.125,0.125
57,57.0,0.125,0.125,0.125,0.125,0.125,0.125,0.125,0.125
58,58.0,0.125,0.125,0.125,0.125,0.125,0.125,0.125,0.125
59,59.0,0.125,0.125,0.125,0.125,0.125,0.125,0.125,0.125
60,60.0,0.125,0.125,0.125,0.125,0.125,0.125,0.125,0.125
61,61.0,0.125,0.125,0.125,0.125,0.125,0.125,0.125,0.125
62,62.0,0.125,0.125,0.125,0.125,0.125,0.125,0.125,0.125
63,63.0,0.125,0.125,0.125,0.125,0.125,0.125,0.125,0.125
64,64.0,0.125,0.125,0.125,0.125,0.125,0.125,0.125,0.125
65,65.0,0.125,0.125,0.125,0.125,0.125,0.125,0.125,0.125
66,66.0,0.125,0.125,0.125,0.125,0.125,0.125,0.125,0.125
67,67.0,0.125,0.125,0.125,0.125,0.125,0.125,0.125,0.125
68,68.0,0.125,0.125,0.125,0.125,0.125,0.125,0.125,0.125
69,69.0,0.125,0.125,0.125,0.125,0.125,0.125,0.125,0.125
70,70.0,0.125,0.125,0.125,0.125,0.125,0.125,0.125,0.125
71,71.0,0.125,0.125,0.125,0.125,0.125,0.125,0.125,0.125
72,72.0,0.125,0.125,0.125,0.125,0.125,0.125,0.125,0.125
73,73.0,0.125,0.125,0.125,0.125,0.125,0.125,0.125,0.125
74,74.0,0.125,0.125,0.125,0.125,0.125,0.125,0.125,0.125
75,75.0,0.125,0.125,0.125,0.125,0.125,0.125,0.125,0.125
76,76.0,0.125,0.125,0.125,0.125,0.125,0.125,0.125,0.125
77,77.0,0.125,0.125,0.125,0.125,0.125,0.125,0.125,0.125
78,78.0,0.125,0.125,0.125,0.125,0.125,0.125,0.125,0.125
79,79.0,0.125,0.125,0.125,0.125,0.125,0.125,0.125,0.125
80,80.0,0.125,0.125,0.125,0.125,0.125,0.125,0.125,0.125
81,81.0,0.125,0.125,0.125,0.125,0.125,0.125,0.125,0.125
82,82.0,0.125,0.125,0.125,0.125,0.125,0.125,0.125,0.125
83,83.0,0.125,0.125,0.125,0.125,0.125,0.125,0.125,0.125
84,84.0,0.125,0.125,0.125,0.125,0.125,0.125,0.125,0.125
85,85.0,0.125,0.125,0.125,0.125,0.125,0.125,0.125,0.125
86,86.0,0.125,0.125,0.125,0.125,0.125,0.125,0.125,0.125
87,87.0,0.125,0.125,0.125,0.125,0.125,0.125,0.125,0.125
88,88.0,0.125,0.125,0.125,0.125,0.125,0.125,0.125,0.125
89,89.0,0.125,0.125,0.125,0.125,0.125,0.125,0.125,0.125
90,90.0,0.125,0.125,0.125,0.125,0.125,0.125,0.125,0.125
91,91.0,0.125,0.125,0.125,0.125,0.125,0.125,0.125,0.125
92,92.0,0.125,0.125,0.125,0.125,0.125,0.125,0.125,0.125
93,93.0,0.125,0.125,0.125,0.125,0.125,0.125,0.125,0.125
94,94.0,0.125,0.125,0.125,0.125,0.125,0.125,0.125,0.125
95,95.0,0.125,0.125,0.125,0.125,0.125,0.125,0.125,0.125
96,96.0,0.125,0.125,0.125,0.125,0.125,0.125,0.125,0.125
97,97.0,0.125,0.125,0.125,0.125,0.125,0.125,0.125,0.125
98,98.0,0.125,0.125,0.125,0.125,0.125,0.125,0.125,0.125
99,99.0,0.125,0.125,0.125,0.125,0.125,0.125,0.125,0.125
100,100.0,0.125,0.125,0.125,0.125,0.125,0.125,0.125,0.125
101,101.0,0.125,0.125,0.125,0.125,0.125,0.125,0.125,0.125
102,102.0,0.125,0.125,0.125,0.125,0.125,0.125,0.125,0.125
103,103.0,0.125,0.125,0.125,0.125,0.125,0.125,0.125,0.125
104,104.0,0.125,0.125,0.125,0.125,0.125,0.125,0.125,0.125
105,105.0,0.125,0.125,0.125,0.125,0.125,0.125,0.125,0.125
106,106.0,0.125,0.125,0.125,0.125,0.125,0.125,0.125,0.125
107,107.0,0.125,0.125,0.125,0.125,0.125,0.125,0.125,0.125
108,108.0,0.125,0.125,0.125,0.125,0.125,0.125,0.125,0.125
109,109.0,0.125,0.125,0.125,0.125,0.125,0.125,0.125,0.125
110,110.0,0.125,0.125,0.125,0.125,0.125,0.125,0.125,0.125
111,111.0,0.125,0.125,0.125,0.125,0.125,0.125,0.125,0.125
112,112.0,0.125,0.125,0.125,0.125,0.125,0.125,0.125,0.125
113,113.0,0.125,0.125,0.125,0.125,0.125,0.125,0.125,0.125
114,114.0,0.125,0.125,0.125,0.125,0.125,0.125,0.125,0.125
115,115.0,0.125,0.125,0.125,0.125,0.125,0.125,0.125,0.125
116,116.0,0.125,0.125,0.125,0.125,0.125,0.125,0.125,0.125
117,117.0,0.125,0.125,0.125,0.125,0.125,0.125,0.125,0.125
118,118.0,0.125,0.125,0.125,0.125,0.125,0.125,0.125,0.125
119,119.0,0.125,0.125,0.125,0.125,0.125,0.125,0.125,0.125
120,120.0,0.125,0.125,0.125,0.125,0.125,0.125,0.125,0.125
121,121.0,0.125,0.125,0.125,0.125,0.125,0.125,0.125,0.125
122,122.0,0.125,0.125,0.125,0.125,0.125,0.125,0.125,0.125
123,123.0,0.125,0.125,0.125,0.125,0.125,0.125,0.125,0.125
124,124.0,0.125,0.125,0.125,0.125,0.125,0.125,0.125,0.125
125,125.0,0.125,0.125,0.125,0.125,0.125,0.125,0.125,0.125
126,126.0,0.125,0.125,0.125,0.125,0.125,0.125,0.125,0.125
127,127.0,0.125,0.125,0.125,0.125,0.125,0.125,0.125,0.125
128,128.0,0.125,0.125,0.125,0.125,0.125,0.125,0.125,0.125
129,129.0,0.125,0.125,0.125,0.125,0.125,0.125,0.125,0.125
130,130.0,0.125,0.125,0.125,0.125,0.125,0.125,0.125,0.125
131,131.0,0.125,0.125,0.125,0.125,0.125,0.125,0.125,0.125
132,132.0,0.125,0.125,0.125,0.125,0.125,0.125,0.125,0.125
133,133.0,0.125,0.125,0.125,0.125,0.125,0.125,0.125,0.125
134,134.0,0.125,0.125,0.125,0.125,0.125,0.125,0.125,0.125
135,135.0,0.125,0.125,0.125,0.125,0.125,0.125,0.125,0.125
136,136.0,0.125,0.125,0.125,0.125,0.125,0.125,0.125,0.125
137,137.0,0.125,0.125,0.125,0.125,0.125,0.125,0.125,0.125
138,138.0,0.125,0.125,0.125,0.125,0.125,0.125,0.125,0.125
139,139.0,0.125,0.125,0.125,0.125,0.125,0.125,0.125,0.125
140,140.0,0.125,0.125,0.125,0.125,0.125,0.125,0.125,0.125
141,141.0,0.125,0.125,0.125,0.125,0.125,0.125,0.125,0.125
142,142.0,0.125,0.125,0.125,0.125,0.125,0.125,0.125,0.125
143,143.0,0.125,0.125,0.125,0.125,0.125,0.125,0.125,0.125
144,144.0,0.125,0.125,0.125,0.125,0.125,0.125,0.125,0.125
145,145.0,0.125,0.125,0.125,0.125,0.125,0.125,0.125,0.125
146,146.0,0.125,0.125,0.125,0.125,0.125,0.125,0.125,0.125
147,147.0,0.125,0.125,0.125,0.125,0.125,0.125,0.125,0.125
148,148.0,0.125,0.125,0.125,0.125,0.125,0.125,0.125,0.125
149,149.0,0.125,0.125,0.125,0.125,0.125,0.125,0.125,0.125
150,150.0,0.125,0.125,0.125,0.125,0.125,0.125,0.125,0.125
151,151.0,0.125,0.125,0.125,0.125,0.125,0.125,0.125,0.125
152,152.0,0.125,0.125,0.125,0.125,0.125,0.125,0.125,0.125
153,153.0,0.125,0.125,0.125,0.125,0.125,0.125,0.125,0.125
154,154.0,0.125,0.125,0.125,0.125,0.125,0.125,0.125,0.125
155,155.0,0.125,0.125,0.125,0.125,0.125,0.125,0.125,0.125
156,156.0,0.125,0.125,0.125,0.125,0.125,0.125,0.125,0.125
157,157.0,0.125,0.125,0.125,0.125,0.125,0.125,0.125,0.125
158,158.0,0.125,0.125,0.125,0.125,0.125,0.125,0.125,0.125
159,159.0,0.125,0.125,0.125,0.125,0.125,0.125,0.125,0.125
160,160.0,0.125,0.125,0.125,0.125,0.125,0.125,0.125,0.125
161,161.0,0.125,0.125,0.125,0.125,0.125,0.125,0.125,0.125
162,162.0,0.125,0.125,0.125,0.125,0.125,0.125,0.125,0.125
163,163.0,0.125,0.125,0.125,0.125,0.125,0.125,0.125,0.125
164,164.0,0.125,0.125,0.125,0.125,0.125,0.125,0.125,0.125
165,165.0,0.125,0.125,0.125,0.125,0.125,0.125,0.125,0.125
166,166.0,0.125,0.125,0.125,0.125,0.125,0.125,0.125,0.125
167,167.0,0.125,0.125,0.125,0.125,0.125,0.125,0.125,0.125
168,168.0,0.125,0.125,0.125,0.125,0.125,0.125,0.125,0.125
169,169.0,0.125,0.125,0.125,0.125,0.125,0.125,0.125,0.125
170,170.0,0.125,0.125,0.125,0.125,0.125,0.125,0.125,0.125
171,171.0,0.125,0.125,0.125,0.125,0.125,0.125,0.125,0.125
172,172.0,0.125,0.125,0.125,0.125,0.125,0.125,0.125,0.125
173,173.0,0.125,0.125,0.125,0.125,0.125,0.125,0.125,0.125
174,174.0,0.125,0.125,0.125,0.125,0.125,0.125,0.125,0.125
175,175.0,0.125,0.125,0.125,0.125,0.125,0.125,0.125,0.125
176,176.0,0.125,0.125,0.125,0.125,0.125,0.125,0.125,0.125
177,177.0,0.125,0.125,0.125,0.125,0.125,0.125,0.125,0.125
178,178.0,0.125,0.125,0.125,0.125,0.125,0.125,0.125,0.125
179,179.0,0.125,0.125,0.125,0.125,0.125,0.125,0.125,0.125
180,180.0,0.125,0.125,0.125,0.125,0.125,0.125,0.125,0.125
181,181.0,0.125,0.125,0.125,0.125,0.125,0.125,0.125,0.125
182,182.0,0.125,0.125,0.125,0.125,0.125,0.125,0.125,0.125
183,183.0,0.125,0.125,0.125,0.125,0.125,0.125,0.125,0.125
184,184.0,0.125,0.125,0.125,0.125,0.125,0.125,0.125,0.125
185,185.0,0.125,0.125,0.125,0.125,0.125,0.125,0.125,0.125
186,186.0,0.125,0.125,0.125,0.125,0.125,0.125,0.125,0.125
187,187.0,0.125,0.125,0.125,0.125,0.125,0.125,0.125,0.125
188,188.0,0.125,0.125,0.125,0.125,0.125,0.125,0.125,0.125
189,189.0,0.125,0.125,0.125,0.125,0.125,0.125,0.125,0.125
190,190.0,0.125,0.125,0.125,0.125,0.125,0.125,0.125,0.125
191,191.0,0.125,0.125,0.125,0.125,0.125,0.125,0.125,0.125
192,192.0,0.125,0.125,0.125,0.125,0.125,0.125,0.125,0.125
193,193.0,0.125,0.125,0.125,0.125,0.125,0.125,0.125,0.125
194,194.0,0.125,0.125,0.125,0.125,0.125,0.125,0.125,0.125
195,195.0,0.125,0.125,0.125,0.125,0.125,0.125,0.125,0.125
196,196.0,0.125,0.125,0.125,0.125,0.125,0.125,0.125,0.125
197,197.0,0.125,0.125,0.125,0.125,0.125,0.125,0.125,0.125
198,198.0,0.125,0.125,0.125,0.125,0.125,0.125,0.125,0.125
199,199.0,0.125,0.125,0.125,0.125,0.125,0.125,0.125,0.125
200,200.0,0.125,0.125,0.125,0.125,0.125,0.125,0.125,0.125
201,201.0,0.1248611111111111,0.1248611111111111,0.1259722222222222,0.1247569444444444,0.1248611111111111,0.1249652777777777,0.1248611111111111,0.1248611111111111
202,202.0,0.1255638172966781,0.1244607245131729,0.1265607245131729,0.1242545067296678,0.1255718356242841,0.1246669422966781,0.1244607245131729,0.1244607245131729
203,203.0,0.1262470708470673,0.1240529681750707,0.1272240089913972,0.123747709253074,0.1262640792861818,0.1243582270970673,0.1240529681750707,0.1240529681750707
204,204.0,0.1266119639142397,0.1234396290939136,0.1275611605121778,0.1239482032792692,0.1277196391949236,0.1238401458176488,0.1234396290939136,0.1234396290939136
205,205.0,0.1268103591466635,0.1226893387410441,0.1277250963868697,0.1251182062740926,0.1289976487410441,0.1231806732281976,0.1227893387410441,0.1226893387410441
206,206.0,0.1268422254057925,0.1218834466623138,0.1277168018516378,0.126132552159218,0.1301641434714047,0.1224616037916722,0.1220824466623138,0.1227167799956471
207,207.0,0.1267213716738395,0.1220759759915,0.1276510576403016,0.1268941379342386,0.1311479028495707,0.1216253808164382,0.1212609748803889,0.1226231982137222
208,208.0,0.1265764072001036,0.1222782781064005,0.1286544146774365,0.1276257227623158,0.1310694915298513,0.12080421059899,0.1204567247962795,0.1225347503286227
209,209.0,0.1262945717337111,0.1224339432124991,0.1295050904762523,0.1282036966527471,0.1308833922895454,0.1199522811600369,0.1203927291045891,0.1223342953706188
210,210.0,0.1260077553439763,0.1226037706673075,0.1303252310179776,0.1287530255757774,0.1306599272208071,0.1191388800238111,0.1203609869383773,0.1221504232119655
211,211.0,0.1256094341772406,0.1227297009064613,0.130999798313014,0.1291611906290263,0.1303501225022219,0.1190276290307429,0.1202487002568684,0.1218734241844244
212,212.0,0.1250747541328837,0.1227254260096964,0.1314966162230922,0.1305093498700629,0.1298762718065221,0.1188171301941517,0.1200250585884193,0.1214753931751717
213,213.0,0.1237223010737144,0.1226178981284609,0.132556666110782,0.1315928000654758,0.1292734071272649,0.1185333021756446,0.1197173227372973,0.12198630258136
214,214.0,0.1222993248837537,0.1224276087491054,0.1343883489547698,0.132445359436055,0.1285695494186896,0.1181954070826891,0.119346070389372,0.1223283310855652
215,215.0,0.120785549196422,0.1220120673625657,0.1356987820335835,0.1329984745874612,0.1277402781192554,0.1188341641955934,0.1194988548952921,0.1224318296098266
216,216.0,0.1192104614485993,0.1215032243136954,0.1383607244766907,0.1321759871395261,0.1275809278005429,0.1193519809291025,0.1194865382644074,0.1223301556274356
217,217.0,0.1175250798654491,0.1208446343408525,0.1415484254592506,0.1310930656210465,0.1262079832620506,0.119722409295457,0.1200441756326291,0.1230142265232645
218,218.0,0.1158591191481673,0.1201596895379941,0.1444829266229869,0.1298902456579247,0.1247601963748042,0.1213499820162071,0.1205205505377196,0.1229772901041962
219,219.0,0.1142284872935301,0.1194590653123408,0.1481637743667159,0.1285939262466369,0.1238869101949327,0.1228897327382294,0.120921406429322,0.121856697418292
220,220.0,0.1126466930279374,0.1187520711425463,0.1515817314373541,0.1272278911143481,0.1229416133958501,0.1243365167424119,0.1212517572381046,0.1212617259014474
221,221.0,0.1109432608500542,0.1177740951887274,0.1560937691853366,0.1256317709961271,0.1217603673158465,0.1255041616721425,0.1213343487759072,0.1209582260158585
222,222.0,0.1092279147195908,0.1166486018415877,0.1608653235148252,0.1239177084972751,0.1205179287199278,0.1270335484793303,0.1212295392540935,0.1205594349733696
223,223.0,0.1075875898080238,0.1155383699070263,0.1658344622214035,0.1221836372924897,0.1187458760050032,0.1289360804688231,0.1210265241822209,0.1201474601150094
224,224.0,0.1057991280221298,0.1141568137785792,0.17044648105464,0.1201877719765048,0.1175228228928221,0.1303653950457545,0.1221136261773158,0.1194079610522537
225,225.0,0.1040779199748928,0.1127852660523039,0.1745467410443056,0.1181589429212926,0.1162964845696165,0.1315372131133036,0.1240336548204228,0.1185637775038621
226,226.0,0.1023511181632695,0.111298162100651,0.1793833818944061,0.1160847690027305,0.1149648578856522,0.1325006529847148,0.1257955197927649,0.1176215381758108
227,227.0,0.1007303728256375,0.1098652019789481,0.1837930238190219,0.114536730242543,0.1136950613371181,0.1332655028294725,0.1274198130840894,0.1166942938831693
228,228.0,0.0992210693177577,0.1084950844552009,0.1882731880403728,0.1125270441618451,0.1124933934257401,0.1338428909007122,0.1293577285832645,0.1157896011151065
229,229.0,0.0977627716012616,0.1071308415543795,0.1920000962342128,0.1105070228102845,0.1113006730764445,0.1349495060683551,0.1314992218986885,0.1148498667563734
230,230.0,0.0963378768405691,0.1057108239619733,0.1962573311342719,0.1085063878173856,0.11005322845529,0.135818167735284,0.1334552769792087,0.1138609070760172
231,231.0,0.0950759171694879,0.1044162899477035,0.2002995479869774,0.1066618303789927,0.1089568028497863,0.1366583744556066,0.134896132158239,0.1130351050532064
232,232.0,0.0938339329614821,0.1036916841129468,0.2033221121428234,0.1048369025997534,0.1077763062334709,0.1383943315615423,0.1360696131598522,0.1120751172281288
233,233.0,0.0926060310273201,0.1028724148013306,0.2063587782418917,0.1029953434224827,0.1071044804635361,0.1401921046389719,0.1368835767700586,0.1109872706344082
234,234.0,0.0914252922023968,0.1025547236461144,0.2094872673584761,0.1011787169845129,0.1063791323213735,0.1416640514305681,0.1374290906839887,0.1098817253725693
235,235.0,0.0903282432100909,0.1022798889186752,0.2128468294942292,0.0994313626915777,0.1057011267010927,0.1428567492749771,0.1377550573012611,0.1088007424080958
236,236.0,0.0893553132333433,0.1015286454442341,0.2168045861436331,0.097829346856075,0.1051341466067974,0.1439511809488145,0.1385348491784983,0.1068619315886041
237,237.0,0.0884556575985196,0.1007495049282255,0.2205696198209922,0.0963259937187702,0.1050471953770575,0.1448149839737859,0.1391028380847994,0.1049342064978494
238,238.0,0.0876307289775589,0.0999528320297498,0.2241267992399842,0.0954262540910003,0.1048927067372822,0.1454617173836623,0.1394736586273292,0.1030353029134327
239,239.0,0.0867808117023897,0.1002063339953073,0.2266805728951979,0.0944997817367044,0.1046492573671872,0.1461771514194058,0.1399255377425074,0.1010805531413
240,240.0,0.0859037405294286,0.1003892950370831,0.2285509129520059,0.093544537369508,0.1043146851709855,0.1478378453824429,0.1403773869231215,0.0990815966354242
241,241.0,0.085048301579006,0.1005442396558593,0.2309150097178831,0.0931340601770045,0.1034550525198975,0.1491215850304197,0.1406653033190434,0.0971164480008861
242,242.0,0.0843115744149432,0.1007154893966999,0.2328073204529144,0.0928110475626013,0.1026245311348745,0.1509611479298114,0.1408934894413536,0.0948753996668015
243,243.0,0.0835206144206275,0.1016630065721188,0.2339234442569421,0.0920872567707295,0.1016862648697335,0.1536738726530932,0.1408305290799064,0.0926150113768487
244,244.0,0.0836513480619152,0.1023713737588827,0.2346648118470586,0.0913849347722801,0.1007289135489345,0.1561656251671291,0.1406196691604888,0.0904133236833107
245,245.0,0.0837689376606299,0.1029978794876045,0.2349134256259574,0.090685778747874,0.0997407800312299,0.1593752651251728,0.1402546290780708,0.0882633042434604
246,246.0,0.0838668871315651,0.1034945202100345,0.2345139071800667,0.0899465390235843,0.0986695146193362,0.163647675807801,0.1396863041947614,0.0861746518328506
247,247.0,0.0830391561496775,0.1043056000415137,0.2339058791584431,0.0891801177798828,0.0982495314239184,0.1673052653349643,0.1389411768638665,0.0850732732477334
248,248.0,0.0821646402045259,0.1047898383861995,0.233182665216527,0.0883561069358948,0.097749074979994,0.1717647614921001,0.1380555289710113,0.083937383813747
249,249.0,0.0813008307643198,0.1058454471426237,0.2322370038066653,0.0875651820681729,0.0972578736849365,0.1758673850929003,0.1370963368637521,0.0828299405766292
250,250.0,0.0805272325949039,0.1068997474270622,0.2312722487114037,0.0872410240068478,0.0968660963729923,0.1794799990291923,0.1358248488789038,0.0818888029786938
251,251.0,0.079817424767137,0.107917191300113,0.2300988705801829,0.086993633296708,0.0965297621223924,0.1830806480156476,0.1344808538695734,0.0810816160482454
252,252.0,0.0791717158161007,0.108890879455153,0.2290795147589948,0.0868173966007052,0.0962462794604772,0.1863093989046761,0.1330821689250841,0.0804026460788088
253,253.0,0.0786157931090944,0.1092000651068694,0.227630813738046,0.086732601049848,0.0960245932062147,0.1898614517684067,0.131999078217979,0.0799356038035418
254,254.0,0.078087518264663,0.1094263107418783,0.2257436636523678,0.086672231501008,0.0958016145968529,0.1935620297572736,0.1311590759019909,0.0795475555839655
255,255.0,0.0775365320001016,0.1101637963016345,0.2242436143679068,0.0865815718045804,0.0955387301710085,0.1966010689725359,0.1302171836945197,0.0791175026877126
256,256.0,0.0770457042603274,0.1108521888014009,0.2226482740216481,0.0865396465125466,0.0953176482948466,0.1995440518750124,0.1292657588748542,0.0787867273593639
257,257.0,0.0765718279575715,0.1119968646589416,0.221251482511796,0.0869346845333955,0.0947371571623299,0.2020897733385172,0.1279666448096687,0.0784515650277796
258,258.0,0.0760761565131035,0.1134806435635326,0.220155456445687,0.0872678286677189,0.0941186409837916,0.2042809565651401,0.1265444699406518,0.0780758473203745
259,259.0,0.0762139087101435,0.115494558817726,0.2188643952466191,0.087492038050971,0.0934058842659377,0.2058266124624241,0.1250526091302456,0.0776499933159328
260,260.0,0.0762873805229687,0.1180806868338079,0.2174949103674586,0.0876258370676817,0.0926253116331337,0.2068631507784085,0.1232050297911557,0.0778176930053851
261,261.0,0.0763957897106332,0.1208864559554405,0.2167598895507239,0.087788569145128,0.0918850348419636,0.2068391812583392,0.1214332325798309,0.0780118469579406
262,262.0,0.0765476658606563,0.1235808341506736,0.2164354433941016,0.0879725167255156,0.0912015344930555,0.2062311533141606,0.1197604646724877,0.0782703873893489
263,263.0,0.076689787807191,0.1258667428934289,0.216350481859984,0.0881082471326067,0.0905286122375615,0.2052759223968454,0.1186725108991643,0.0785076947732181
264,264.0,0.0762130140989469,0.1282784743893527,0.2166433967846916,0.0882318334753121,0.0898882438365212,0.2047242828520108,0.1172809308748751,0.0787398236882895
265,265.0,0.0756972967483827,0.1307191869332468,0.2170877476825297,0.0882572843006595,0.0891976075925158,0.2042845309085089,0.1158774704511315,0.078878875383025
266,266.0,0.0751660014768322,0.1329326523081922,0.2176078231592287,0.0882088813324592,0.0884833593326098,0.2041627643205324,0.114469599755878,0.0789689183142674
267,267.0,0.074654656432883,0.135423554096366,0.2179298685121873,0.0881525631482275,0.0878130719094717,0.204332853075781,0.1130976012037409,0.0785958316213426
268,268.0,0.0741504046712568,0.1379168127021725,0.218428953837048,0.0886292646340077,0.0871730767406986,0.2042651698144833,0.1117696179666782,0.0776666996336548
269,269.0,0.073656899938644,0.1401325963060543,0.2187862197478142,0.0890802373652472,0.0865660651098479,0.2042830601742779,0.110749182600251,0.0767457387578635
270,270.0,0.0732812349449298,0.1422411532830196,0.2195724571929475,0.0896901101888815,0.0860980411448966,0.2032942613616375,0.1098781680266899,0.0759445738569974
271,271.0,0.0729223420731212,0.1441390804329501,0.220094232651886,0.0902450445505849,0.0856667460258638,0.2021924804650823,0.1095738771109788,0.0751661966895326
272,272.0,0.0725854456691454,0.1455962668500728,0.220590372912345,0.0907697261537617,0.0856927991154144,0.2010066587607685,0.109339305655289,0.074419424883203
273,273.0,0.0722652551704427,0.1467280144157231,0.2215318797830747,0.0912554735784167,0.0857320785153115,0.1996648704941998,0.1091203223026891,0.0737021057401422
274,274.0,0.0719779824954216,0.1476779574160679,0.2223779221129491,0.0917160033721042,0.0858125494044706,0.1984594345015961,0.1089450029079874,0.0730331477894029
275,275.0,0.0717224102231936,0.1486232092815945,0.2232383782092893,0.0921722431585231,0.0859131049444184,0.1971186868805077,0.1087983611764834,0.0724136061259897
276,276.0,0.0714754126098461,0.1495366626451613,0.2243704201305544,0.092576119542752,0.0860078208279224,0.1955795623381706,0.1086317787941444,0.0718222231114485
277,277.0,0.0712375280484766,0.1504157657106578,0.2255288448446489,0.0929277559840195,0.0860948527442368,0.193867375723081,0.1086668543509895,0.0712610225938896
278,278.0,0.0710091634567761,0.1509137898676474,0.2266490722205185,0.0932277994894844,0.0865174552253684,0.1922771403302695,0.1086740417038697,0.0707315377060656
279,279.0,0.0707906068350729,0.151389173796592,0.2275131008777814,0.0934773652690503,0.0869145519519112,0.1907655230516619,0.1086516722379337,0.0704980059799961
280,280.0,0.0705927914679214,0.1517250182653094,0.2281383175448831,0.0936887339528486,0.0873151407025683,0.1894122113678894,0.1088284805100657,0.0702993061885138
281,281.0,0.0704042689744713,0.152049598624133,0.2289760096213998,0.0938522591545516,0.0876820086020111,0.18794745228818,0.1089661503901609,0.070122252345092
282,282.0,0.0702250086342335,0.1523646475320877,0.2300117910517057,0.0939701033122981,0.0880130659467,0.1863873715618941,0.1090628765559818,0.0699651354050987
283,283.0,0.0700643819206435,0.1525676017627934,0.2310437032234256,0.0940541611742608,0.0883352334653082,0.1849627078186361,0.1091364920980377,0.0698357185368943
284,284.0,0.0699271168917084,0.152672626395204,0.232135036490509,0.0941119559449343,0.0886511636187937,0.183557525029704,0.1092018380927919,0.0697427375363543
285,285.0,0.0698061739974408,0.1527960244746499,0.2331440810983942,0.0941394599539296,0.0889333054163833,0.1822294671716243,0.1092740852926711,0.0696774025949063
286,286.0,0.0699201908569273,0.1529661565313211,0.2348439964777932,0.0936433041316341,0.0892408688681583,0.1803595553747196,0.1093671096906476,0.0696588180687983
287,287.0,0.0700098253726198,0.1530223905789603,0.2361845030228866,0.0936162794882112,0.0894641868681868,0.178683958454919,0.1093946640594924,0.0696241921547233
288,288.0,0.0700676375214545,0.153067640959618,0.2378814716065732,0.0934739219302394,0.0895840626030675,0.1770156175623883,0.1093432196545652,0.0695664281620935
289,289.0,0.0701281775702233,0.1531358368264092,0.2393711183913356,0.0933106214012069,0.0896640118634935,0.175595950602256,0.109277349772207,0.0695169335728681
290,290.0,0.0701945505041673,0.1532323606521508,0.24075021878668,0.0931340883792325,0.0897104816792991,0.1742831227675458,0.1092114698365159,0.0694837073944082
291,291.0,0.0702388378971793,0.1533310104197601,0.2419104176509233,0.0928681084566323,0.0896726568615108,0.1734209724496671,0.1091192126251553,0.0694387836391715
292,292.0,0.0702555996090585,0.1534309062245354,0.2434551909890896,0.0925201966791319,0.0895546879906931,0.1726512172362885,0.1087522587858115,0.0693799424853912
293,293.0,0.0709643082338326,0.1523695985484792,0.2454598483802515,0.091473097697214,0.0892831142411895,0.1724854979168522,0.1084984477069282,0.0694660872752526
294,294.0,0.0716692563379059,0.1512764730824547,0.2472504160679715,0.0899586630109685,0.0890036641043833,0.1730296025970425,0.1082526843786637,0.0695592404206097
295,295.0,0.0718079525977739,0.1504217907775511,0.2490289698598286,0.088467079627284,0.0884632471249843,0.1741376181547921,0.1080160969812827,0.0696572448765031
296,296.0,0.0721434001833432,0.1497703826901009,0.2485914524603367,0.0874361617441916,0.0881350311679798,0.1757674269092452,0.1081868666993582,0.0699692781454441
297,297.0,0.0726551321664323,0.1488587147262104,0.248318615969753,0.0864439843509934,0.0878077677940879,0.1773042394801219,0.1083342870948143,0.0702772584175865
298,298.0,0.0730930324176971,0.1479789220239597,0.247630389220513,0.0860649429547844,0.0874275242854307,0.1789176286677349,0.1083562196651219,0.070531340764758
299,299.0,0.0740855776181007,0.1471412222748226,0.2465762032339175,0.0856017055074902,0.0870037400885037,0.1804250731457676,0.1084314366472746,0.0707350414841228
300,300.0,0.075034137211433,0.1461487406928253,0.245495231348119,0.0851755439860206,0.0865779077153803,0.1819434865745558,0.1087041414821344,0.0709208109895314
301,301.0,0.0759432991123582,0.145185898936688,0.2443235123445372,0.0854194631283712,0.0856909770274205,0.1833664436097384,0.1089746052000641,0.0710958006408222
302,302.0,0.0768974653073319,0.1442007232560832,0.2433485131274409,0.0855109383521413,0.0847678604062559,0.1849293117403145,0.1091447159266163,0.0712004718838157
303,303.0,0.077778009480627,0.1429997871218143,0.2423380407277308,0.0855958652361104,0.0838539911710646,0.1868728779060499,0.1092882572993244,0.0712731710572784
304,304.0,0.078592249921005,0.1418336625771422,0.2406246265180536,0.0856764208869207,0.0829602841978674,0.1889902389380258,0.1094121820651422,0.071910334895843
305,305.0,0.0794091073097917,0.1406295818784784,0.2390244749606568,0.0863264628643133,0.081913702599131,0.1914410017239461,0.109278134130984,0.0719775345326985
306,306.0,0.0801565752626665,0.139485101491223,0.2374893956759853,0.0871480097899361,0.0809108286073021,0.1936769549351633,0.1091084405058884,0.0720246937318352
307,307.0,0.0808380940761486,0.1381697043433197,0.2355319946905064,0.0885304875057154,0.0799594135949156,0.1957436961581126,0.109171382047099,0.0720552275841825
308,308.0,0.0814374430971108,0.136912331926698,0.233627928127316,0.089873003670193,0.0790482359442508,0.197448758704464,0.1092129849838715,0.0724393135460957
309,309.0,0.0824887120016213,0.1357406976485871,0.2319020701347751,0.0910547187564825,0.0782033258518338,0.1989017800213313,0.1089352742133818,0.0727734213719868
310,310.0,0.0834560154816757,0.1346369574281704,0.2303722955130921,0.0921904880591615,0.0774055190530169,0.2002091932375137,0.1086472558507356,0.0730822753766338
311,311.0,0.0843615021228855,0.1336151026947512,0.2284590235701964,0.0932912284043691,0.076667826719297,0.2017815005216982,0.1084452786240106,0.0733785373427917
312,312.0,0.0851495749700345,0.1326461064615233,0.2269278949274002,0.094294258187135,0.075960557342061,0.2030517928940258,0.108187500540999,0.0737823146768211
313,313.0,0.0858408263171586,0.1317480677300359,0.2256058631252278,0.0952124209674491,0.0753014362086689,0.2039157622487418,0.1078901018098285,0.0744855215928893
314,314.0,0.0865826352952125,0.1309246455038373,0.2243934116741109,0.0960487653684139,0.0746940140724776,0.204652719678966,0.1075853949640285,0.0751184134429531
315,315.0,0.0872347873762437,0.1301760119780736,0.2232949092520227,0.0968020988983364,0.0741385948785421,0.2050640049587197,0.1072763676393772,0.0760132250186844
316,316.0,0.0879556495726845,0.1295149784619387,0.2219803830266002,0.0974989820842363,0.0736483363685557,0.2055281289793649,0.1070056019502191,0.0768679395564004
317,317.0,0.0887037429116947,0.1289104329853392,0.2205986399300664,0.0980959964429092,0.0731926627549317,0.2061532660806071,0.1067229520452658,0.0776223068491857
318,318.0,0.0893662111154828,0.1283761135241401,0.2192033384870481,0.0986074527090881,0.0727860136092225,0.2069524781995749,0.1064181161544149,0.0782902762010284
319,319.0,0.0899442339580757,0.1279097630845221,0.2178032178504555,0.0990356369555785,0.0724269753892026,0.207914155042917,0.1060939789426086,0.0788720387766398
320,320.0,0.0904322933197482,0.1275062021700299,0.2166469108053869,0.0993809825032273,0.0721113312858097,0.2088126329461717,0.1057484255439895,0.0793612214256367
321,321.0,0.090833264467522,0.127162462059732,0.2157099966949205,0.0996470407146115,0.0718371729508514,0.2095118023439957,0.1055382851512439,0.0797599756171228
322,322.0,0.0911312117657227,0.1268886562602094,0.214743599751951,0.0997275544641904,0.0713300372910169,0.2103209039167224,0.1052878882666884,0.0805701482834986
323,323.0,0.0913572645961063,0.1266753151441867,0.2137728819208911,0.0997533163410132,0.0708702219983419,0.2112222318380114,0.1050274151049383,0.0813213530565109
324,324.0,0.0915199435444824,0.1269013536839221,0.2129950285220171,0.1002334548402374,0.0704594688375328,0.2117354945438539,0.1047845821038683,0.0813706739240858
325,325.0,0.0916065947817997,0.127150255724223,0.2125859830349831,0.1006648793763151,0.0700842112736597,0.211977557060198,0.1045381869439815,0.0813923318048397
326,326.0,0.0916098105899429,0.1274075935753212,0.2123339955596649,0.1010271666798543,0.0699606911717459,0.2119030695973808,0.1042550678814955,0.0815026049445945
327,327.0,0.0914618908066733,0.1277313688904447,0.2121415462217761,0.1016335211302403,0.0698299692200824,0.2117860328976733,0.1039115251985801,0.0815041456345298
328,328.0,0.0912411668484221,0.1284298488915106,0.2120717239885629,0.1023084877769714,0.0697136597449899,0.211375337990685,0.1034105556556999,0.0814492191031581
329,329.0,0.0909419719818471,0.1294631695230064,0.211999487360882,0.1024162602803121,0.0700753446271281,0.2107923766707634,0.1030045283539783,0.0813068612020826
330,330.0,0.0905841128913992,0.1305498563218389,0.2120331305613553,0.1025899830657288,0.0704427659990487,0.2100893731291295,0.1025927512594525,0.0811180267720469
331,331.0,0.0901968724947654,0.1316948672848721,0.2121883023145197,0.1027167089877272,0.0708202206411919,0.2092986547629988,0.1021896363497369,0.0808947371641877
332,332.0,0.0897904713447399,0.1328233830894045,0.2124679146257125,0.1028035581665737,0.071214271434483,0.2084410823630166,0.1018133770029616,0.080645941973108
333,333.0,0.0892369987881071,0.133788545253963,0.2126561945915137,0.1027164269455173,0.0725932065277078,0.2074346794079604,0.1013294934666338,0.0802444550185967
334,334.0,0.0886350056391398,0.1348069728321506,0.2108762346165936,0.1025448286651083,0.0750845215599773,0.207070816459323,0.1010924232896864,0.0798891969380208
335,335.0,0.0880063602690541,0.1357630686275371,0.2094227151937779,0.102325195035641,0.0775341337188809,0.2065884607393302,0.1008464370677586,0.07951362934802
336,336.0,0.0873787867659379,0.1366710641097593,0.2080495395839557,0.1020786932159859,0.0799311683113686,0.2061571975920946,0.1006041932578913,0.0791293571630065
337,337.0,0.0867537577028214,0.1373712302974432,0.2068967750174223,0.1019314300252845,0.0822506600394954,0.205704216983921,0.1003812797995012,0.0787106501341107
338,338.0,0.0861278546563955,0.1380027316714437,0.2059265099949584,0.1017531945886836,0.0844752833152678,0.2052458871161252,0.10017585195041,0.0782926867067156
339,339.0,0.0855050212095935,0.138565210220801,0.2049932477596235,0.1015499690789853,0.086591888753095,0.204911884122901,0.1000082055070367,0.0778745733479636
340,340.0,0.0847690184636646,0.1389944108515863,0.2039564654570535,0.101190619976832,0.0882475574229182,0.2046210113687792,0.0997327518746162,0.0784881645845498
341,341.0,0.0840086372660997,0.1393689715952872,0.2028890109608685,0.1013891114038331,0.0896824153282723,0.2042421030021035,0.099394941485788,0.0790248089577475
342,342.0,0.083241818556272,0.1396362161258038,0.2017346955842398,0.1014959624688081,0.0909190477029263,0.2041824007566844,0.0990418611212241,0.0797479976840414
343,343.0,0.0825096251258837,0.1398362797086944,0.2007488657265022,0.1015847704040654,0.0920307498648754,0.2042912123439538,0.0985724305466328,0.0804260662793919
344,344.0,0.0818027843399272,0.1398248521231444,0.1997957423366727,0.1018502372612653,0.0930023295155235,0.2043513083607001,0.0980865509361638,0.0812861951266027
345,345.0,0.0811283220235302,0.1398151582738357,0.1988054885876104,0.1020866989817482,0.0938385915768441,0.204642435343775,0.0976079834832464,0.0820753217294097
346,346.0,0.0804888361907698,0.1398097946793381,0.1977835129265982,0.1022934573463311,0.0947760917295261,0.2047973437433703,0.0971392462685269,0.0829117171155393
347,347.0,0.0798901430410364,0.1400401568254846,0.1969070457681962,0.1024740193020289,0.0955815057288724,0.2047334980748554,0.0967034762137812,0.0836701550457449
348,348.0,0.0794044875234944,0.1403481178933251,0.1956606190093383,0.1029998852271174,0.0970784989860317,0.2036275854058473,0.0963389449433969,0.0845418610114489
349,349.0,0.0789192432773852,0.1405620602362421,0.1943242707014138,0.1034112005967042,0.0989525956987115,0.2023635018922029,0.0959613121872247,0.0855058154101154
350,350.0,0.079193438634245,0.1406654173550157,0.1931784350070524,0.1042213274517469,0.1003118682966548,0.2006410459153393,0.0954861734088511,0.0863022939310946
351,351.0,0.0794664770719227,0.1407384405312762,0.1919590077968413,0.1048854654069426,0.1013985592591032,0.1995991332006002,0.0949775612558944,0.0869753554774192
352,352.0,0.0797719038230167,0.1407832118413816,0.1909227470697991,0.1055175644536277,0.1023636407791098,0.1985581614410352,0.0944879382517756,0.087594832340254
353,353.0,0.0801107729990862,0.1408050983695241,0.1900448133632059,0.1061191187244857,0.1032126125963965,0.1978216030475223,0.0940408755276021,0.0878451053721771
354,354.0,0.0807065016328363,0.1408672968151119,0.1883521416360945,0.1066731808621995,0.1040975915302814,0.1971362776286365,0.0932330482048146,0.088933961690025
355,355.0,0.0812216776056595,0.1408617108703062,0.1867760032754331,0.1069992467841629,0.1053288416041722,0.1965507763417247,0.0924169607599085,0.0898447827586327
356,356.0,0.0809077282545052,0.1416554105068109,0.1854693669250538,0.107277163786591,0.1064394533206395,0.1959410356014583,0.0916450361908312,0.0906648054141099
357,357.0,0.0805416195672951,0.1431021266695437,0.1843499067122643,0.1074404824078039,0.1072306886604999,0.195076144761463,0.0909804952364441,0.0912785359846857
358,358.0,0.0803531676727087,0.1443807703356852,0.1833547645782086,0.1075590777689039,0.1079001103907749,0.1943023530024441,0.0903325896571053,0.0918171665941689
359,359.0,0.0801611549895447,0.1464138409089855,0.1824386336776678,0.1076245765779257,0.1084450962491802,0.193615537015558,0.0898175884089872,0.0914835721721505
360,360.0,0.0806099330792421,0.1484445505166788,0.1816196657024408,0.1073866573775097,0.1089590706800411,0.1930435317964577,0.0893466051108188,0.0905899857368107
361,361.0,0.0809370217427591,0.1504008555059729,0.1809573409188583,0.1074880984272877,0.1092736544769132,0.1924996572788241,0.0888806013487474,0.089562770300637
362,362.0,0.0811543315115365,0.1522740082557704,0.1804484687759984,0.1078941230929102,0.1094058412490549,0.19196599839724,0.0884263719471303,0.0884308567703591
363,363.0,0.0812160096526134,0.1537921934854328,0.1805791685026967,0.1080436859128959,0.1096891775784884,0.191412633657842,0.0879379182118279,0.0873292129982026
364,364.0,0.0812270640903115,0.155015657604435,0.1806494620889586,0.1081211263275715,0.1097524617706581,0.1914979744672754,0.0875616824928,0.0861745711579897
365,365.0,0.0811965849031796,0.1559679235294555,0.1808292845520503,0.1087638418910004,0.1096221611679807,0.1914260089411098,0.0872082000604823,0.0849859949547412
366,366.0,0.0811633168989225,0.156815030450175,0.1811359010524384,0.1093793988327026,0.1094298792855005,0.1913639408818665,0.0868983140106449,0.0838142185877492
367,367.0,0.0811281435392041,0.1575480228853645,0.1815897014528061,0.1099563819363693,0.1091787863643461,0.1912739707773038,0.086503929238341,0.0828210638062647
368,368.0,0.0810575647103346,0.1578708784016619,0.1821277956415296,0.1104275163121497,0.1087724249660472,0.1916299400586381,0.0861187816960915,0.0819950982135471
369,369.0,0.080983626775514,0.1579849355000267,0.1828681301517301,0.1110208540749457,0.1083217179472371,0.1920167167956011,0.0857683109570121,0.081035707797933
370,370.0,0.0808714420773108,0.1579183148801048,0.1835806939715586,0.1114960328329583,0.1077311817774097,0.1923688884745842,0.0854162301596686,0.0806172158264044
371,371.0,0.0807255822972947,0.1580628932352777,0.1843684275794028,0.1120155982090038,0.1070203030597524,0.1925831571420143,0.0850654942535809,0.080158544223673
372,372.0,0.0804664924211548,0.1585307488598591,0.1850819121220679,0.1127370293531488,0.1061262143855172,0.1927103706365832,0.0846996866467337,0.0796475455749349
373,373.0,0.0805814149361858,0.1592921366340089,0.1855650367560535,0.1126794346348353,0.1039254414250193,0.193605294707865,0.0848055565911975,0.0795456843148343
374,374.0,0.080622092164065,0.1599659077947603,0.1860230095868041,0.1128610795924968,0.101667190128672,0.1944832740324536,0.084928325899758,0.07944912080099
375,375.0,0.0806054630994111,0.1609741698314942,0.186500889233024,0.112847914726737,0.0993822195737132,0.1952295013036157,0.0850797325771406,0.0793801096548639
376,376.0,0.0805258605016466,0.1618779904223662,0.1869488366051563,0.1130529201706187,0.0970912304878198,0.1959459804817951,0.0852415499873623,0.0793156313432346
