,Unnamed: 0,Generation,Intertwine_two,Add_vertex,Delete_vertex,Invert_path_vertices,Insert_inside_vertex,Delete_inside_vertex,Replace_inside_vertex,Donate_between_routes,Trim_one_terminal_cb,Grow_one_terminal_cb
0,0.0,0.0,0.09999999999999999,0.09999999999999999,0.09999999999999999,0.09999999999999999,0.09999999999999999,0.09999999999999999,0.09999999999999999,0.09999999999999999,0.09999999999999999,0.09999999999999999
1,1.0,1.0,0.10914290751389762,0.09713449639801633,0.08150449585817372,0.11329791360579677,0.09218377256539666,0.10523966468033867,0.10512894377030076,0.09230212113801207,0.10754949288408495,0.09651619158598193
2,2.0,2.0,0.10291987338039248,0.10500939005114555,0.08134399574043813,0.11404951400662204,0.08815052739196846,0.10619441400634659,0.09445795742788196,0.0886124374772445,0.11172925912707136,0.10753263139088834
3,3.0,3.0,0.10645201401634093,0.08916439445904126,0.08159324393578539,0.10547780218817533,0.09653078050546153,0.1082239267399536,0.10201271885366862,0.0948855525054509,0.10566020106335183,0.10999936573277011
4,4.0,4.0,0.10231312367853936,0.09149765691490055,0.07480021480775931,0.1032026891089491,0.08796128474046373,0.09973441374986582,0.1180782267052396,0.10007433901644676,0.11492998847412399,0.10740806280371143
5,5.0,5.0,0.08818352829612483,0.10263326422406496,0.08217036426510231,0.11446945705947811,0.08836363668087857,0.10403618146196328,0.10926187231682342,0.08395091438561225,0.11052025627821097,0.11641052503174079
6,6.0,6.0,0.10800114511045492,0.0882610505790549,0.08171528089233446,0.10164172477380726,0.08858636677201011,0.11064876293716834,0.10724687690504338,0.08636785548809194,0.11607683885294344,0.11145409768909076
7,7.0,7.0,0.10052071431037113,0.10973142110176826,0.07502559111205989,0.10925789952558684,0.0878811639816151,0.11014187629804004,0.09874245709607958,0.09104135635693676,0.11093824293444687,0.10671927728309494
8,8.0,8.0,0.10113678735301504,0.08808001315958143,0.08193619849363869,0.10181047022057103,0.09918497030394374,0.12493132623257905,0.09524411677414357,0.08993011051189256,0.11085256891753378,0.10689343803310061
9,9.0,9.0,0.09784090879649116,0.08733496038822486,0.08547723453747365,0.09700597255586146,0.09665661114388023,0.12291193350711674,0.1011297137748812,0.09441369956669246,0.1167676500458513,0.10046131568352645
10,10.0,10.0,0.09307658185550786,0.09365962376508645,0.08433083730379917,0.1040321486850769,0.08738140787870788,0.12115834004788677,0.10631559786180982,0.08895686885302409,0.10953768176223475,0.11155091198686576
11,11.0,11.0,0.08959098902805353,0.10319321336344218,0.08753957558845644,0.09758602741858112,0.08841917426642137,0.11677419238731587,0.10876231039432076,0.08393677180792716,0.11571257157217474,0.10848517417330635
12,12.0,12.0,0.099083752503254,0.0831961356936781,0.07886019477410247,0.09524268275410758,0.0884200429768759,0.12242491679437122,0.10678907526400953,0.08191719204702963,0.1262968805626571,0.11776912662991401
13,13.0,13.0,0.09221946030096335,0.09066909000922363,0.07874531388987976,0.11358833615416267,0.08717890802997165,0.1241510134083615,0.10850897900611345,0.06752018405943314,0.12254403509168624,0.11487468005020418
14,14.0,14.0,0.10053305879683794,0.09346197002793274,0.08284066168352214,0.10731998965608205,0.08359561494601579,0.12656078038566082,0.10819456848573954,0.07851784765769025,0.12036367925858904,0.09861182910192927
15,15.0,15.0,0.1096653629670421,0.10418891174296623,0.07236167066309676,0.10280823966765204,0.09740905637047484,0.11491236266276594,0.09013362381410783,0.0807146664704643,0.12446182152357894,0.10334428411785053
16,16.0,16.0,0.07986497598189557,0.08089226276913644,0.08468051464573449,0.11512489755775993,0.06721205450431209,0.122178533935747,0.11050665756141795,0.08695542243412095,0.14314352857295867,0.1094411520369164
17,17.0,17.0,0.1071830512331488,0.09152909747833107,0.07521768581111546,0.09156731301673104,0.07586915838923305,0.13163778223674558,0.10139335241672465,0.0876366177136712,0.13789343902103882,0.10007250268325985
18,18.0,18.0,0.0983051564496106,0.09635913911477798,0.08156936265322141,0.09159564643666598,0.07311918586532669,0.1359419524921165,0.10290600132154307,0.07680458420566003,0.1386650466944565,0.1047339247666208
19,19.0,19.0,0.08989703535299112,0.07582632402685216,0.07841599679074499,0.09794335002927193,0.07360850887494348,0.1428472869432678,0.09482058407074238,0.09489738122037505,0.13232992927239812,0.11941360341841256
20,20.0,20.0,0.09865691820432929,0.11143240367747834,0.082970102255874,0.08670856770188226,0.07120770870577384,0.1372460768674621,0.09158050275384619,0.07090846127752326,0.13139752943746216,0.11789172911836816
21,21.0,21.0,0.10364314712736686,0.09256883560596298,0.0872712402015009,0.09103579326559466,0.07700227047244436,0.11642610031640732,0.1037054407736481,0.07714430064038909,0.14124754764515696,0.10995532395152832
22,22.0,22.0,0.09770906289724464,0.0994439908823524,0.08252818718217292,0.10322283591034502,0.06929324194856275,0.1508075624322066,0.08354664289771027,0.08662241613499615,0.13431625927583996,0.0925098004385688
23,23.0,23.0,0.0892466481660343,0.09249584916557592,0.07955940107128362,0.08579687784878218,0.07132293549855971,0.1349449129769056,0.1009976830835507,0.08096999508218086,0.14373918333377894,0.12092651377334769
24,24.0,24.0,0.10977377170853211,0.08799633584180763,0.08505300000330171,0.09980028961743989,0.058997191375531735,0.12067375269467429,0.11761938486759418,0.07647887346386004,0.14306280913823144,0.10054459128902653
25,25.0,25.0,0.09124928817159769,0.09998750483707339,0.08935689671923065,0.09024001022925222,0.05208233983554765,0.14778490717007614,0.10579998343102304,0.10228865909580127,0.12174945053678013,0.09946095997361724
26,26.0,26.0,0.0851698575618169,0.08415006286330601,0.09032935700839577,0.08706430418042695,0.05896647338153087,0.150074239025682,0.10083906246136295,0.08135773119033413,0.13854664970917654,0.12350226261796746
27,27.0,27.0,0.07363421005530894,0.0863608572427367,0.08628984033304106,0.10645541258683171,0.06653162807657434,0.13556694188937893,0.10813654771668453,0.07295963998359382,0.148534268921931,0.1155306531939185
28,28.0,28.0,0.10398398281915558,0.09490555410143807,0.08107767168797736,0.09929965724416893,0.06061053132677648,0.13512186960987227,0.09849550377898923,0.08668478470162685,0.134713458296445,0.10510698643354977
29,29.0,29.0,0.0724499905950003,0.10371413572695531,0.0729652052286914,0.09890978562120825,0.08230268342632112,0.13994878236492217,0.08475741823770772,0.07808664800783369,0.1517212024675417,0.11514414832381789
30,30.0,30.0,0.07930262650427472,0.09502316507107077,0.08296335204028175,0.1099025153127103,0.06937279294258969,0.1283263681989068,0.08984693425157153,0.09134360225308126,0.13876284528654265,0.11515579813897008
31,31.0,31.0,0.07613116448498768,0.10726254485212175,0.08183547143759351,0.09843117232182397,0.06523366941872373,0.13180227805727865,0.10728677924981352,0.08414427990772791,0.14804430414801464,0.09982833612191412
32,32.0,32.0,0.09880330312817234,0.09483080613621062,0.08554653979292577,0.10115444042812147,0.07521671707887861,0.1319591714006511,0.09621076665370978,0.08537852084618493,0.14091548423744288,0.08998425029770205
33,33.0,33.0,0.105209910928145,0.09807811200030517,0.09120049714153644,0.08561355053798685,0.06635638105086182,0.14114184193660806,0.08709846678652597,0.09666259198694427,0.12156607353512264,0.10707257409596331
34,34.0,34.0,0.09081058181501796,0.09063642273175895,0.1031233057717534,0.10087715518261861,0.06337222630068642,0.13312043855492592,0.0842222651251829,0.09540993317476124,0.1375503984332127,0.10087727291008138
35,35.0,35.0,0.0909929627941667,0.09707230601357224,0.0851771868664564,0.10279588222187966,0.06269580019092137,0.1301666903476884,0.08409386156990459,0.09217514574318472,0.12243313650247103,0.13239702774975448
36,36.0,36.0,0.08730545454368135,0.09963609050002616,0.06447253802439241,0.11454206537932024,0.06942748712278621,0.1294004927960073,0.09507839540727936,0.08236033029695995,0.1501205615938803,0.1076565843356663
37,37.0,37.0,0.07605106323567151,0.09666302845436887,0.09133200973096185,0.10634320291115207,0.0696919786613395,0.13278113595662272,0.08723051952014882,0.08668883169679081,0.14930563644289105,0.10391259339005239
38,38.0,38.0,0.07774961889654984,0.10848747377966136,0.09789632587334055,0.10168497581515867,0.068674141651023,0.14548961587662734,0.08435218146330592,0.07998517197471519,0.13247258130680506,0.10320791336281261
39,39.0,39.0,0.09170312460880714,0.09165405012147276,0.0834917894593821,0.10406354930925059,0.06599463085643632,0.12216499149170726,0.09460626186008629,0.08254335711002625,0.1456651344122322,0.11811311077059869
40,40.0,40.0,0.10502419923953547,0.08900119331225446,0.08929664495422844,0.08944511359300514,0.07098464351445252,0.13355792886703438,0.09078621200529981,0.08648646452348582,0.13965439800898966,0.10576320198171378
41,41.0,41.0,0.08308910344694381,0.09471440398485804,0.08347514655127379,0.099542471124501,0.07747465098011468,0.13722621081036143,0.09142601320551305,0.08619523240095331,0.13783526829207307,0.10902149920340724
42,42.0,42.0,0.08079642088460942,0.10114056162647792,0.09200458349392901,0.09219553412788144,0.07493807255160323,0.13538303242262523,0.08213407259256651,0.07819169917056053,0.14800068744646797,0.1152153356832782
43,43.0,43.0,0.09701342398339073,0.09874323954676789,0.09413835480244345,0.08212806134913953,0.06890802137366474,0.13012186203464318,0.09026068200204708,0.08397321401146567,0.13924769037058707,0.11546545052585018
44,44.0,44.0,0.09477530948712201,0.10441444188128782,0.08899936180744401,0.09908078264876344,0.057780525385761596,0.13554900340317577,0.09164339373335006,0.07675767589865065,0.14134812299582905,0.10965138275861515
45,45.0,45.0,0.09656836631599432,0.10150141647665793,0.0705544842553625,0.1029777217385472,0.08164986686757894,0.13016017241409722,0.09434586915032955,0.07552815502738609,0.12821730679709342,0.11849664095695234
46,46.0,46.0,0.10184427224338,0.08949001291445251,0.09190145513279281,0.09188951363614384,0.07200206917614059,0.13445599528391974,0.0889309533530949,0.08957469307703851,0.1449666681488107,0.094944367034226
47,47.0,47.0,0.09174785449673599,0.0982945226921089,0.09932379875325144,0.1011319804839143,0.04843709503882348,0.129628420750432,0.09525422110238141,0.09059772339936265,0.14160837363033663,0.10397600965265277
48,48.0,48.0,0.09140132438164857,0.09296805867445798,0.07647980580144156,0.10017423970974877,0.08494495522602488,0.1418089940744876,0.09405286558077819,0.07317727205647258,0.13789817327083584,0.10709431122410351
49,49.0,49.0,0.09544349881695349,0.08675249714129976,0.08404380822108917,0.10789790500950155,0.07195043337801996,0.1374092914842325,0.09174416894919418,0.08178332434158783,0.1288136681748864,0.11416140448323471
50,50.0,50.0,0.1022935649139736,0.08564223222138712,0.08564003964759147,0.09724562227983877,0.0794772378587272,0.1383169918689319,0.09817078786405833,0.06504836184137018,0.14238622536117693,0.10577893614294402
51,51.0,51.0,0.09161121558754601,0.09363915431684809,0.08946609693037702,0.09270279722234234,0.07483594878736329,0.12982616130908295,0.10501458208586759,0.08758650195816112,0.1326035446076543,0.10271399719475682
52,52.0,52.0,0.09340452217876885,0.10913524232485247,0.07706390417933266,0.08183599972897473,0.07557854588246195,0.12670180042060702,0.10134479164317786,0.08062078649490353,0.14146261537085125,0.11285179177606915
53,53.0,53.0,0.09407910421437636,0.09657848117630634,0.07858352213018309,0.08659308490912589,0.06944359114856165,0.14022169277517663,0.09523046421692875,0.0701636418190191,0.13940134217467753,0.1297050754356442
54,54.0,54.0,0.08544939128015439,0.09341163450851196,0.07289600702721667,0.11259533854600363,0.060422431553061574,0.13339489947390099,0.09550875699728008,0.09655749808820889,0.13628892717582655,0.11347511534983482
55,55.0,55.0,0.09204317694484006,0.09366016175071862,0.0759256451411348,0.11134371476057378,0.06911983624891445,0.12911581282557663,0.10215702923208585,0.07303370566118923,0.14807499717021555,0.10552592026475056
56,56.0,56.0,0.08337874726011232,0.09720965147157892,0.08494378199828448,0.07680579424359155,0.06739307350779547,0.14736973699545403,0.09140957050798935,0.08505372853200802,0.13653279794808543,0.12990311753509995
57,57.0,57.0,0.08683413062015152,0.08163353353129475,0.0918494951168305,0.09164933831666028,0.08542560795216884,0.11754715067727388,0.11483468912863655,0.08832193184265692,0.1296074413619741,0.11229668145235219
58,58.0,58.0,0.09313953832502152,0.08983466548836092,0.07971382763223422,0.10233502506605582,0.07900272764999301,0.14449554990993152,0.09375043562227363,0.07065350909272043,0.13535916854787236,0.11171555266553619
59,59.0,59.0,0.09872105229278023,0.09751917405547847,0.08161289283296964,0.10001095106913234,0.06554908214715921,0.1353003359150157,0.09924604966847024,0.07860981856916044,0.14535622537950463,0.09807441807032867
60,60.0,60.0,0.0857075149236804,0.09075061570147862,0.08484106464150756,0.08764259301570544,0.08066651154123114,0.12673195545918417,0.09622335975216031,0.08275100743118717,0.15162090704916945,0.11306447048469541
61,61.0,61.0,0.09969979125812248,0.0811277384453432,0.08153682894698608,0.0987079566199979,0.07363508669169824,0.12698717029673018,0.1091373781479043,0.07410930068051928,0.1338120199682233,0.12124672894447457
62,62.0,62.0,0.09507484691654848,0.10447649650734663,0.08667935517684963,0.10441733914358527,0.0652910712016986,0.1253770009417354,0.09098746211541145,0.08962690666251913,0.13535613456705342,0.10271338676725161
63,63.0,63.0,0.09315681071714409,0.09599852242170384,0.09191707111727397,0.09419835705989124,0.07905957552551582,0.1307072309469192,0.08931832876449147,0.07043136058438482,0.14136514074120604,0.11384760212146909
64,64.0,64.0,0.09639645661277405,0.09504381626506744,0.07743455624663209,0.10023739748768172,0.06845715310937188,0.14696550020795734,0.09214413502717565,0.0825700313527591,0.13308704739161975,0.10766390629896053
65,65.0,65.0,0.10110223946859782,0.09699652427551195,0.09241561013974878,0.10303160271870651,0.08204908710230482,0.14313592944186548,0.09168370578782487,0.057898612174383815,0.13917914869138634,0.09250754019966932
66,66.0,66.0,0.09784394462078579,0.09452400801852492,0.07436306329931222,0.09901763984031742,0.0935249602466559,0.1349411367546685,0.0790226113200048,0.08545521898383322,0.12782542620869264,0.11348199070720406
67,67.0,67.0,0.09948885900672831,0.090735316933947,0.05232959748245607,0.11423490910849902,0.06867337714042007,0.1456264952512946,0.09143685725689052,0.07871880030512049,0.13786451933036065,0.12089126818428286
68,68.0,68.0,0.10050921737542753,0.0955639846990731,0.06606968591595744,0.09648835613804217,0.07340087227980266,0.15246797776230167,0.10459060056519373,0.0748969290165252,0.127288012215044,0.10872436403263219
69,69.0,69.0,0.08812455549895684,0.10696536331162967,0.05380136291830212,0.08453853364346804,0.07312592464282472,0.14732301594322278,0.11059125394645979,0.071804069085055,0.15000512263932397,0.11372079837075663
70,70.0,70.0,0.09252454258940043,0.09557795932307869,0.0650458332333224,0.10143420144625628,0.07211251662673171,0.14041012505702924,0.08888355055981248,0.0999138884893376,0.1446646528049394,0.09943272987009127
71,71.0,71.0,0.07864913935673815,0.0871293944033692,0.08809200642938077,0.09110191952366391,0.07102837173210476,0.15177312674712842,0.10049655062482436,0.07304974367602375,0.14012585876377226,0.11855388874299393
72,72.0,72.0,0.09062836332195767,0.0950569268148983,0.07913558197881022,0.0869044749449029,0.07502214445735947,0.13651144794895995,0.08689507610250027,0.08481314194518433,0.14560734956623145,0.11942549291919495
73,73.0,73.0,0.1088147908850737,0.08303381037909464,0.0921766060943291,0.10796267386312489,0.07076132486951528,0.13750080197038422,0.08029026908458399,0.08011393513087639,0.12592231013683977,0.11342347758617755
74,74.0,74.0,0.09686744749650852,0.09727696982906556,0.08354269276887875,0.08552329272386702,0.06996679326281155,0.11770188626306714,0.11245373496602391,0.08490452047441345,0.13580085856523363,0.11596180365013001
75,75.0,75.0,0.08908534762360128,0.09587032611281199,0.07951799976127591,0.0757297632958412,0.08635883160296745,0.14360173949177807,0.08860315747817153,0.07951880097545198,0.13903619714317234,0.12267783651492772
76,76.0,76.0,0.07626694263299746,0.10661944421436534,0.09300301159086102,0.11201678912905293,0.07450926972362264,0.13318622333709845,0.09710384332521975,0.07468395599264245,0.12727596783706735,0.10533455221707215
77,77.0,77.0,0.0707537234289722,0.10701387193024332,0.08748098652883263,0.09313921418577775,0.07527938932965642,0.13893615835060286,0.10537738929895453,0.08078753430092828,0.13363420648998842,0.1075975261560432
78,78.0,78.0,0.09254065497986355,0.08648965123745678,0.09355132107272923,0.0983878238273154,0.07091775134422347,0.1188166705412879,0.09186196921624518,0.08866060424336472,0.1403679539948472,0.11840559954266623
79,79.0,79.0,0.08370863460705522,0.09931421865242665,0.06713699492012133,0.08957303944465614,0.07589860112256328,0.14590718069483838,0.08681987194584467,0.07144180706248449,0.15955252548506635,0.12064712606494303
80,80.0,80.0,0.09208744137527272,0.10570250836351243,0.08691323707883794,0.08355683542676312,0.07341707344225443,0.13288145566896198,0.09881433668818931,0.07414821788219339,0.14333288592126892,0.10914600815274529
81,81.0,81.0,0.0947156044637679,0.10695400799069088,0.08576289993076998,0.0827879289835203,0.06091405249146763,0.1404031647849013,0.10926049725518694,0.07939776307737893,0.13681693194328848,0.10298714907902717
82,82.0,82.0,0.11286954603123409,0.09791871280423653,0.08001868041239332,0.09501310505889035,0.07325495801447005,0.13229504820992688,0.1075643155651392,0.06526285975002728,0.12770466485296159,0.10809810930072025
83,83.0,83.0,0.08881656554972006,0.08755932652026734,0.07254822873661729,0.0947059083112098,0.07325773871290735,0.17360810583523148,0.09267510377690606,0.06525426497626577,0.14022719913416232,0.1113475584467121
84,84.0,84.0,0.09067108705963517,0.11442388656152751,0.07802953849221121,0.08076927170774495,0.07724735015488424,0.14202259114094792,0.09840937065622644,0.07897324443254641,0.1340793468862573,0.1053743129080184
85,85.0,85.0,0.08545597307084599,0.0953901430189296,0.08112631802851465,0.10277650626865789,0.05862225192547128,0.1326599392040296,0.08988331357603767,0.0985025938253424,0.14617094040567924,0.10941202067649121
86,86.0,86.0,0.11539342434601733,0.09698350886841492,0.08574411811831069,0.08491884548831072,0.06505470293647063,0.1403430798087238,0.09632713235260042,0.07849441598463017,0.1293270721822403,0.10741369991428065
87,87.0,87.0,0.08639979994934063,0.09517885007197482,0.08689727443795871,0.08808650408267356,0.06930014391930239,0.15141742705922978,0.10916488006250209,0.07195927981343134,0.14359532406676614,0.09800051653682015
88,88.0,88.0,0.09005258753751352,0.0982969988394264,0.10146889223696406,0.09712539027902749,0.059909747767297086,0.11231817718744881,0.09959185895464556,0.08172060182320515,0.14313702451028715,0.11637872086418424
89,89.0,89.0,0.09626351971470218,0.08194169917556257,0.08906163957334436,0.10471201866982893,0.05705586606606803,0.14576185819648801,0.09426214278171871,0.09697411520007754,0.1230122374646164,0.1109549031575928
90,90.0,90.0,0.09857973266732054,0.09706938395439933,0.07076872503720184,0.09231420974933072,0.04818084876490336,0.13483590224134515,0.10516353061542805,0.09267820059441767,0.13547116956961547,0.12493829680603748
91,91.0,91.0,0.10537914471198664,0.08534206183470203,0.06576988631734468,0.07657285691173751,0.05773418502737062,0.15054401409726076,0.11104222881967936,0.08612805843978687,0.14268356210976757,0.11880400173036358
92,92.0,92.0,0.08005598169307906,0.1007036924610355,0.08897673356631507,0.10426745705669238,0.06715928387428151,0.14963263328245643,0.09482928621209867,0.08098883005751878,0.1259417205353275,0.10744438126119467
93,93.0,93.0,0.07921777187166763,0.10232096186646436,0.0930630765187844,0.0842972025770487,0.0713565567304938,0.14346303001233665,0.10652955417240732,0.060701713391864684,0.13538442637108353,0.12366570648784847
94,94.0,94.0,0.08912672125196522,0.09569774901616503,0.08578727404886721,0.07910542844454538,0.06987113746352623,0.14231444177360167,0.08660225085561644,0.06306859847218176,0.16044190370302125,0.1279844949705093
95,95.0,95.0,0.10901820080206395,0.0964541704966517,0.08430535745785082,0.10271674373832526,0.05518086813207033,0.13762475846934602,0.09408351857137533,0.0759436122193778,0.1377290553310358,0.10694371478190254
96,96.0,96.0,0.1030179083718736,0.08004448393822709,0.08824720538238362,0.11206616520361745,0.057667496563542434,0.130886663583243,0.10311182011940061,0.0675312495092539,0.1497471330045504,0.10767987432390749
97,97.0,97.0,0.11709246008835483,0.09364846593245357,0.08163812874475772,0.08274223397120622,0.05511358488992759,0.14212599770381137,0.09257635173041694,0.05361239202427702,0.16854504300571205,0.11290534190908226
98,98.0,98.0,0.08764338565008681,0.1077226979194251,0.08656293747673308,0.09172626391413484,0.07396203623547581,0.13753909035778888,0.09083516849923004,0.06706804205695668,0.1286945081751929,0.12824586971497545
99,99.0,99.0,0.09841836289549709,0.08245061178536633,0.09419711440491949,0.0798628556260966,0.06074108840397715,0.1425203833796779,0.09088753993691391,0.08066583806775421,0.15616277956567926,0.11409342593411757
100,100.0,100.0,0.10951111222471739,0.09316902670403263,0.09859778277591295,0.08583815341309273,0.06025973997423774,0.14783787188773073,0.08061084986050675,0.08231063710433842,0.13067134079449694,0.11119348526093328
101,101.0,101.0,0.09749143184605856,0.10026194746663297,0.07797570029161272,0.08442661636746723,0.0732523308768868,0.1390747398155104,0.10260497726757786,0.08130566764386529,0.12468487905903565,0.11892170936535203
102,102.0,102.0,0.08948312589982717,0.09134942078852279,0.0783306586963194,0.07714245825671939,0.06998280874960747,0.14070331115076956,0.1034080729024289,0.0828677409860411,0.1373902462332061,0.12934215633655768
103,103.0,103.0,0.08767966487162589,0.08889216017285256,0.08251239835137648,0.09343215398369745,0.06453130659931142,0.1332357285700842,0.0815290577105556,0.09329601147916386,0.1469629187222989,0.12792859953903313
104,104.0,104.0,0.08906579963738107,0.08916873916892527,0.0878847765271944,0.09205145948239887,0.062091101803547974,0.16483745486488216,0.09130806721130294,0.05618345181930009,0.14269292539119935,0.12471622409386747
105,105.0,105.0,0.1058909899321278,0.08799972170892074,0.08055500285100792,0.0862055370629062,0.06322339369577509,0.14058865680303465,0.11156726972103626,0.08126967569623801,0.11782668351867223,0.12487306901028068
106,106.0,106.0,0.0933895762922601,0.09819776573411104,0.08565170357817924,0.09593177165012777,0.07372652524439482,0.12684697899261987,0.08679049941548325,0.08306302072907126,0.14191279996175146,0.11448935840200072
107,107.0,107.0,0.08907869430737196,0.09391649908290647,0.07975188337801939,0.1075708329803696,0.0809488067974216,0.13667707758697423,0.10477909992613157,0.07403901364189666,0.13729068432864006,0.09594740797026795
108,108.0,108.0,0.07689645500550918,0.08746893930854864,0.0966207691783811,0.0901269756488094,0.06666567479651349,0.1412313302633058,0.0994199328400977,0.07668460149997232,0.14531966509775823,0.11956565636110372
109,109.0,109.0,0.08523452248211227,0.12081758262330082,0.09133541161193968,0.08215338603840214,0.05137563510799492,0.14693154421388568,0.0933570858537912,0.06351900312341463,0.15703549110809886,0.1082403378370594
110,110.0,110.0,0.09572985369438994,0.09430616759896623,0.08957554562565886,0.08548757411252697,0.06666462592942833,0.14091784343156785,0.08876936173006522,0.09426296301536587,0.1392174392589529,0.10506862560307736
111,111.0,111.0,0.0784315518738029,0.0890768159712836,0.09155850746177822,0.10116946795431792,0.05398985940717728,0.14908340202284595,0.09147378797033176,0.09664716944313648,0.15007383630308374,0.09849560159224166
112,112.0,112.0,0.09394182167230329,0.08587894031325892,0.07210900253154612,0.0800042516828792,0.08801152275663485,0.14640007911748662,0.09688286811071355,0.07194931538596237,0.1611236169813503,0.1036985814478644
113,113.0,113.0,0.08094370153987712,0.09276682934807008,0.07194526174378649,0.09765912246351774,0.07041656758650083,0.15200517074758563,0.10621330321463185,0.072480653392099,0.1418769994566652,0.11369239050726568
114,114.0,114.0,0.1072986170954223,0.08913419549978102,0.0806271145646927,0.09244654310744646,0.06093292324834595,0.13719808542551065,0.09784570064042562,0.07415304023292135,0.156519924927442,0.10384385525801154
115,115.0,115.0,0.09715034002415608,0.08710661423762948,0.07895619168333771,0.08167485363483298,0.07851198129819345,0.14260593433599567,0.0883818030810723,0.08773923098620542,0.1546999187508114,0.10317313196776508
116,116.0,116.0,0.08067566053935364,0.08474854516832651,0.10479531542771896,0.09448542678711663,0.07358468214703709,0.14560212346687298,0.08854059679891196,0.061832696358295934,0.14841673715298973,0.11731821615337609
117,117.0,117.0,0.09056557059527043,0.09540266201692628,0.08610121859694306,0.11257078312805742,0.059517006174157984,0.1336152298979276,0.09300409773425658,0.07676186393122592,0.132853202315714,0.11960836560952037
118,118.0,118.0,0.08447903683633266,0.09867008557861376,0.08291185299159347,0.07849107763029475,0.07311029434468341,0.1498605879812957,0.09684457603808617,0.06709451634529316,0.15568549947311947,0.11285247278068695
119,119.0,119.0,0.10445301703395429,0.1012150382077506,0.08274295945827928,0.07666191202199343,0.06372230038354429,0.1319965440952256,0.10958577380685235,0.08479523918645282,0.13280484988326555,0.11202236592268136
120,120.0,120.0,0.10109348566054152,0.0834324181845166,0.06792286328759538,0.10652765479865167,0.05685305007366648,0.15707590727512838,0.09306622060451944,0.07042369471633017,0.15410683319396742,0.10949787220508252
121,121.0,121.0,0.09478977710774308,0.10542258416384398,0.08761370663624637,0.08980548424413703,0.08404247089787545,0.12563441620179144,0.10593367755557948,0.07314565843922888,0.1290434863405416,0.1045687384130122
122,122.0,122.0,0.09571264763331393,0.09008961359715156,0.11343038441423073,0.09092988534838672,0.054250248250123666,0.14904783899188073,0.08324785362419378,0.06909004609813132,0.14486253673124574,0.10933894531134136
123,123.0,123.0,0.08747068814951828,0.0924578501656709,0.08932422673720618,0.09463986262420328,0.06613462271402656,0.13969001120473856,0.09613657771038037,0.08471329678890979,0.12496633150376805,0.1244665324015776
124,124.0,124.0,0.09373310450735668,0.08149729094762095,0.09053586844097634,0.09810287231487422,0.06281170826630987,0.13429986203547548,0.1019866532520894,0.08235343216761012,0.14640424721897932,0.10827496084870716
125,125.0,125.0,0.08918423436085494,0.05828629592476634,0.07095322784422106,0.09996127538219368,0.08962775149852312,0.14941612843046287,0.10186395004034177,0.08854003656591079,0.1418415948055999,0.11032550514712505
126,126.0,126.0,0.09389209043414681,0.08540847157157747,0.08268160093922208,0.08874008227153532,0.0560191042494522,0.1584653970246371,0.10825392956331463,0.0788100637521834,0.14821473634977664,0.09951452384415399
127,127.0,127.0,0.09405160653429692,0.088103273647012,0.0760289814510479,0.09041623037091298,0.07433209007694504,0.15680982316689346,0.10422276782501001,0.08259329699591393,0.13344637862207798,0.09999555130988934
128,128.0,128.0,0.10251283073355695,0.09431524615624538,0.07690422238348629,0.11099022901919957,0.07554771612035734,0.128127622051997,0.09385578690214398,0.0651271768763506,0.1351266575261874,0.11749251223047501
129,129.0,129.0,0.07915449107622322,0.10251583273135503,0.09400600934587068,0.08405969787962857,0.05504210506115205,0.14670033374835167,0.09970655757293626,0.09825952136228973,0.1442493272522858,0.09630612396990654
130,130.0,130.0,0.08310206532015701,0.10820910321794372,0.08026508195901644,0.09776760079504554,0.0667525902421256,0.14834120099545123,0.09434038009514112,0.07292833614455944,0.1485028200927105,0.09979082113784887
131,131.0,131.0,0.10017228263369657,0.08539306005227783,0.06729983448582719,0.10026383162666808,0.07133354836083505,0.13346080273926236,0.081237337367615,0.08866140710591504,0.14381327161596114,0.12836462401194132
132,132.0,132.0,0.08529780680432106,0.09799395759111465,0.08123186721986976,0.08739532256897684,0.07166455623360483,0.14566274184734715,0.10153909834408062,0.0750254117966952,0.14876425332477555,0.10542498426921391
133,133.0,133.0,0.07514448190992347,0.09276200983939417,0.07739864619696969,0.08504573073542765,0.07266113384406789,0.1441990492789615,0.09445518360386167,0.07058351621857631,0.15136971122713758,0.13638053714567963
134,134.0,134.0,0.1103824159258571,0.07849515795763277,0.0718073465582902,0.08712141615346738,0.06638568082255379,0.14104462591626252,0.09408469570037666,0.07401259739060004,0.14521754821341176,0.13144851536154736
135,135.0,135.0,0.09335155563797419,0.0804079507282531,0.09296899202609321,0.09887602498629086,0.043220286852110386,0.15305305799612184,0.0888068147888114,0.08020667469231593,0.1642778353610626,0.10483080693096596
136,136.0,136.0,0.10467430575417866,0.08498835795090731,0.0752437214326757,0.10445363066034859,0.05111346029863758,0.15411675275426606,0.078588293428787,0.06763115971161796,0.1589591568014908,0.12023116120708996
137,137.0,137.0,0.09988010284680666,0.08308963496844071,0.09596679326998528,0.0724553990283829,0.08219492989584519,0.13919440014787088,0.10586393720901355,0.07809703765646994,0.15292336789502514,0.09033439708215929
138,138.0,138.0,0.08402176789286862,0.10051893330166269,0.07675201744463966,0.09878489425767087,0.06459967192035367,0.13996915981476105,0.09239854442425344,0.07974536488499843,0.1380003067602829,0.12520933929850822
139,139.0,139.0,0.09936360174993808,0.09961400947849006,0.09721997849601136,0.08930837153764862,0.060524593331014453,0.13603174855085595,0.07985707924787257,0.0722670275744227,0.1608222181686069,0.10499137186513888
140,140.0,140.0,0.08851885701790489,0.10408244916450193,0.08203481762556666,0.09598696970608686,0.0573662350450284,0.16412758178081127,0.08298485126130029,0.0685067683563757,0.1510226158138473,0.10536885422857625
141,141.0,141.0,0.08376375913040021,0.11053840434582014,0.0825605772283146,0.08005807062876279,0.04802668037508565,0.13901045853905925,0.121572640600988,0.06959396352421884,0.1350691006392291,0.1298063449881209
142,142.0,142.0,0.08475830291730843,0.09274110815880915,0.09439663933023042,0.09822543570023538,0.07144005847948967,0.13649936066411897,0.09031734612275236,0.06525797225765444,0.14636356200260334,0.1200002143667975
143,143.0,143.0,0.08993992032535643,0.09442296013437454,0.10072846309472591,0.08228038963234914,0.07456961747989964,0.13781210550264483,0.09873071690067278,0.06100033919701455,0.1466393089752245,0.11387617875773728
144,144.0,144.0,0.09033617707402719,0.08480392193130934,0.08121683690744347,0.09160896382798389,0.07669898931199505,0.1363873633946971,0.09758221934672652,0.0718554378689646,0.15309721498639017,0.11641287535046214
145,145.0,145.0,0.11601640510096196,0.11191535476041123,0.07980551398521027,0.08624078512067114,0.07056485331494475,0.14219954286367475,0.08875705160876964,0.05987120659731129,0.14312169737847702,0.10150758926956763
146,146.0,146.0,0.1019594442663928,0.10148822212180404,0.08520842828163075,0.09401527777724923,0.0625648605047966,0.12964773297643778,0.09285791490027231,0.08470434135778325,0.1539292752298929,0.0936245025837399
147,147.0,147.0,0.08822304212069013,0.07663549904437024,0.08811370838775492,0.07423857610043998,0.07414860060160888,0.1681065177100129,0.08115941611296805,0.07658268863310509,0.16459976095071324,0.10819219033833612
148,148.0,148.0,0.11556763393281544,0.10664949934168985,0.07444123166988881,0.08774364701786244,0.05193846598188725,0.14356769634792824,0.10124365853637687,0.0734643803147721,0.1297843949051248,0.11559939195165385
149,149.0,149.0,0.10781163269007174,0.08428445283981963,0.08968334751635716,0.0886914008488034,0.06259545639145847,0.14002468627850623,0.0845035889306683,0.06575550794124366,0.14902463292079382,0.1276252936422772
150,150.0,150.0,0.10689197386382361,0.09015299429345469,0.07701880032158409,0.08536373540234746,0.05955745114337624,0.15860245013325552,0.07877882863187032,0.07339111331553375,0.1437906074452326,0.12645204544952132
151,151.0,151.0,0.09340437873384795,0.11191725321824117,0.10472574191934655,0.08737952140638106,0.05735127034926316,0.12858732293687125,0.06873354438674749,0.06893203601650671,0.16348035480761586,0.11548857622517827
152,152.0,152.0,0.08009969630709554,0.0924256080189274,0.08348986396192969,0.09344561860306837,0.05548147832519593,0.14791415448958864,0.10228621646412264,0.07707569270838707,0.14692853263757044,0.1208531384841139
153,153.0,153.0,0.08224901083264685,0.09202262128440261,0.0950484199170753,0.10047137500660866,0.05730628197016543,0.14645370463054036,0.0938522959360327,0.05825936724277257,0.14089188688572954,0.13344503629402557
154,154.0,154.0,0.09511674502441816,0.10740655528963998,0.08800491593318004,0.0787246660194001,0.0615974621423087,0.13962468946743245,0.10146750029389906,0.054967355620395356,0.14990491123696376,0.12318519897236191
155,155.0,155.0,0.1008896164817528,0.10124169370479277,0.07291194393385422,0.09126257485926313,0.06842456693204796,0.1432879494021845,0.09697653726559032,0.0801987288962122,0.13992584073456074,0.10488054778974092
156,156.0,156.0,0.08130475780922361,0.09671107855812044,0.08788219422290369,0.08273003640189733,0.10123308426563322,0.1307176154552972,0.10656928230867642,0.06488659031697677,0.1403746295530845,0.10759073110818629
157,157.0,157.0,0.09817729784357564,0.08565473477662075,0.08264202826605323,0.08641201080680594,0.05931171158930273,0.1745404377353247,0.10609106453888595,0.05094379032448776,0.13149102861416512,0.12473589550477773
158,158.0,158.0,0.08787080276092718,0.08970331584835227,0.08811568688004714,0.09597510501336574,0.06452460291342019,0.14951076607062377,0.102375435997484,0.059137807814454414,0.15343430198319877,0.10935217471812617
159,159.0,159.0,0.09870720182385559,0.1012185076033423,0.06429661447695294,0.0834005802899717,0.056824979298206194,0.13935049855352052,0.11350303899848244,0.07602496345101702,0.14993169963883032,0.11674191586582054
160,160.0,160.0,0.08779354865026757,0.08912567504627732,0.10554087199939846,0.10909810854042594,0.06049332394881759,0.14023238953453038,0.09904932781254827,0.07354317727968354,0.13714142590260087,0.09798215128544964
161,161.0,161.0,0.0913154582915338,0.08436371094794043,0.08140079691086995,0.1016786014317492,0.05500795551023404,0.1479049443789106,0.11808475306917884,0.06697169513685604,0.14123786161351154,0.11203422270921512
162,162.0,162.0,0.10763067961140302,0.09191645922846872,0.08049424056908283,0.07059717878410035,0.07241617896926597,0.14903692874675986,0.09061088069038675,0.057157024571183754,0.1630040606406977,0.11713636818865056
163,163.0,163.0,0.09564564644847251,0.087527633084624,0.08613115110121547,0.08442783975743359,0.06533201020061918,0.14200557279308468,0.10076893598466505,0.05826561774139488,0.145706459644194,0.13418913324429624
164,164.0,164.0,0.10677014206962902,0.09250942661110188,0.09054326774608397,0.08818896759793816,0.0538832471796627,0.15082700431013304,0.07087561328306709,0.06177971773705519,0.16651412990453246,0.11810848356079615
165,165.0,165.0,0.09958034822085267,0.10766187497488637,0.09190910412104625,0.07412341569956189,0.06647370650451227,0.14515801771125122,0.08048859937655514,0.07528146755643694,0.14452705070322225,0.11479641513167464
166,166.0,166.0,0.09372458498561506,0.10887803192813242,0.08583199910741197,0.09099841185739563,0.07193853304161216,0.14543764574880846,0.09312565812747556,0.07018620229468917,0.14812038234498548,0.09175855056387368
167,167.0,167.0,0.0839938054711458,0.10829099018393747,0.0885563350430089,0.07097394748762413,0.055780167258568956,0.1542438049683768,0.08449797288173447,0.06493718533508258,0.14901235750835506,0.13971343386216542
168,168.0,168.0,0.0990158453152359,0.10535967294192679,0.08881927776475962,0.07662317515032757,0.05565638579551391,0.1504766063367589,0.08771897122116763,0.06398174249945285,0.15670991652073832,0.11563840645411813
169,169.0,169.0,0.08757468575304014,0.08745103262097711,0.0801130878642882,0.10216121693847877,0.05341904555676924,0.1383817839635893,0.10840017121432255,0.07314536299283467,0.14622177398902836,0.12313183910667128
170,170.0,170.0,0.09514963233447028,0.09344368900781506,0.10893840995525543,0.08164425310024107,0.06915452938180852,0.15206786002908465,0.08792646036857192,0.058815995721743196,0.1475241390724929,0.10533503102851653
171,171.0,171.0,0.09283811453457332,0.10908875362538603,0.08593339643304092,0.09238550298350827,0.0616983492248786,0.1469066457138718,0.08529291292636923,0.0840529308332665,0.13704331798498393,0.10476007574012103
172,172.0,172.0,0.10325883612556186,0.0925114564877317,0.09027772971074666,0.08506406471332875,0.05780306548449168,0.1461527592231191,0.09967770399002227,0.060407321823826576,0.15314817759821384,0.11169888484295716
173,173.0,173.0,0.07525296174261012,0.08908505704384258,0.06824311295795071,0.09423733857640773,0.0837322672365908,0.1447553871023347,0.08972154126330564,0.09142558110635368,0.13728547187927262,0.126261281091331
174,174.0,174.0,0.10469802384069524,0.1099384893337934,0.09196247907795148,0.09968630086575357,0.06251080539772377,0.1404787448027941,0.07735816225110528,0.06438435686799825,0.13536937011848757,0.11361326744369693
175,175.0,175.0,0.0811544498224559,0.0945572774729325,0.09315292644359849,0.09535601212912567,0.05611738088466277,0.14081787689214617,0.08050419927263212,0.072587523459799,0.16795442698323032,0.11779792663941657
176,176.0,176.0,0.0948191394445779,0.10394952828069744,0.0916489110228103,0.09730751192338444,0.07079930622042421,0.14472644522133757,0.07930047965353224,0.05954742160504484,0.15663020419670554,0.10127105243148513
177,177.0,177.0,0.09290614534184997,0.08270224351939277,0.09737986124126624,0.09926314630691932,0.05970477610533814,0.13036023898971774,0.08897090867392474,0.08998152570230125,0.14730811866931198,0.11142303544997738
178,178.0,178.0,0.10196688649492378,0.09364630981708341,0.07348527985007727,0.09216276455014176,0.05984520692997157,0.14242715596310848,0.10748949934339662,0.057034722459437484,0.15945707116385852,0.11248510342800067
179,179.0,179.0,0.09290594286007528,0.08957969844905093,0.08157588303820305,0.08614988552798111,0.062138373148626046,0.14188112506852177,0.09886287103769573,0.09067990637425512,0.1354855630348105,0.12074075146078005
180,180.0,180.0,0.10035492722377892,0.09555177504049381,0.09631162527640938,0.07938197365410529,0.05921239057074105,0.13855599708648397,0.0986550991697461,0.0623050762257024,0.15212334003752742,0.11754779571501114
181,181.0,181.0,0.0940174588771561,0.08451915190907311,0.10403120570357353,0.0967405336741706,0.078359921799982,0.13718933149284845,0.08615309029464108,0.06653445439374024,0.1299096459194219,0.12254520593539257
182,182.0,182.0,0.07907460677534672,0.105673002264037,0.06962771786989064,0.10477047525631167,0.059654017425014375,0.15350554935438274,0.10430666231435581,0.06505999739024179,0.1401305648624575,0.11819740648796137
183,183.0,183.0,0.08688086064017952,0.09995846550070114,0.07989551453701169,0.073864618481319,0.06317591162475741,0.14939049983250516,0.09173274092117399,0.07155459074825493,0.14671668532956403,0.13683011238453274
184,184.0,184.0,0.08772991955972895,0.08770451990488493,0.10220233905133987,0.08793224287157222,0.06022932899220691,0.15257892151652935,0.0929771011534245,0.07091692704219962,0.15008535612171886,0.10764334378639433
185,185.0,185.0,0.10837215311332989,0.10515543710956757,0.10343140074642987,0.10369961297726946,0.06350393123709706,0.13565179593133075,0.09078872830460603,0.04209721013152663,0.14579376150488396,0.10150596894395836
186,186.0,186.0,0.11006716798178344,0.10583957956004668,0.09383955578976161,0.08814514985545732,0.04857356641742485,0.14889113700968215,0.10860486149780373,0.0563095564503024,0.1380173898329207,0.10171203560481672
