,Unnamed: 0,Generation,Intertwine_two,Add_vertex,Delete_vertex,Invert_path_vertices,Insert_inside_vertex,Delete_inside_vertex,Replace_inside_vertex,Donate_between_routes,Trim_one_terminal_cb,Grow_one_terminal_cb
0,0.0,0.0,0.09999999999999999,0.09999999999999999,0.09999999999999999,0.09999999999999999,0.09999999999999999,0.09999999999999999,0.09999999999999999,0.09999999999999999,0.09999999999999999,0.09999999999999999
1,1.0,0.10900000000000001,0.10099657691901484,0.09968766010738378,0.09798399004854093,0.10144947258303184,0.09914803120962823,0.10057112345015691,0.10055905487096278,0.0991609312040433,0.10082289472436524,0.09962026488287203
2,2.0,0.31601,0.10135265603872652,0.10016851193224843,0.09598873613855054,0.10294764235807069,0.09790829219450851,0.10122729490020074,0.1000408045095808,0.09796821282094523,0.10204874258218982,0.1003491065249786
3,3.0,0.6191589000000001,0.10204201348347854,0.09906518779660517,0.0940714850351128,0.1035498426902465,0.09753297474422468,0.10207047166966236,0.10027402685609868,0.09742852002554059,0.1026419050133088,0.10132357268572179
4,4.0,1.015801321,0.10229264615530381,0.09820651438673651,0.09154187371822295,0.10388359127626139,0.0963282175200818,0.10204191401387196,0.10210786467309758,0.0974362454855751,0.10413291290289353,0.10202821986795528
5,5.0,1.50262148669,0.10110546079693745,0.09848018047405281,0.08983482188965174,0.10530383277705456,0.09520050188459853,0.10242331389223028,0.10303638688987639,0.09585723687183142,0.10514181753964079,0.10361644698412592
6,6.0,2.0757334209441005,0.10188953633083263,0.09733078942563658,0.08817632233041538,0.10539093314202558,0.09413946216973954,0.1034439606059706,0.10373281219806876,0.09455876000484789,0.10665927435757226,0.10467814943489065
7,7.0,2.7307768275633495,0.10190827731912613,0.09835267714586751,0.08595009333469439,0.10619344886199526,0.09305847519334966,0.10438390200773602,0.10354429364161528,0.09377557186627963,0.10760530154681465,0.1052279590825213
8,8.0,3.4630081252450404,0.10197287588276713,0.09722102273941567,0.08452830295447702,0.10620161458610232,0.09316419443471428,0.10676637400568185,0.1029767745431582,0.09293223580197037,0.10848148802931781,0.1057551170223952
9,9.0,4.2673862119061114,0.10169306584909411,0.09603661840067501,0.08357687417205652,0.1056846025276724,0.09306671359462837,0.10889030905355584,0.10297724047693045,0.09259157099667123,0.10988527478528456,0.10559773014343135
10,10.0,5.138652627782014,0.10092628255416403,0.09551610425337008,0.08262495214816479,0.10583512298828888,0.09208735948752633,0.11076670749525504,0.10347777295899784,0.09175751088623539,0.11049450978989867,0.10651367743809877
11,11.0,6.071405875792507,0.09980912129899497,0.09598243567574838,0.0821061550066843,0.10530794953316203,0.09126265791381769,0.11212096765225354,0.1042013016951377,0.09047684066200132,0.11165074199476871,0.10708182856743116
12,12.0,7.060169740244025,0.09965077119415344,0.09447453396578938,0.08082563370373418,0.1045219397359547,0.09049207853205138,0.11395140648160836,0.10470076413162428,0.08905687879556015,0.11379040017397406,0.10853559328554983
13,13.0,8.099455520847952,0.09881615669265802,0.09375193387565971,0.07964202205336048,0.10555630368865514,0.08965372323821952,0.11585614619255434,0.10534315380999645,0.08626781544951816,0.1154658727920486,0.1096468722073293
14,14.0,9.183818168183006,0.09883039652698264,0.09335005335774957,0.07897733926575358,0.10594071692093256,0.0885161260132928,0.11789433730229373,0.10592152172045517,0.08466994848400522,0.11682654418800235,0.10907301622053209
15,15.0,10.307906369102724,0.09977346941759378,0.09406217422983562,0.07736985887904253,0.10584930655849073,0.08882442754263187,0.11865053195960339,0.10465868884035771,0.08339002908805784,0.11849633402156559,0.1089251794628207
16,16.0,11.466506686239443,0.09774111525612363,0.09247468549246139,0.0771049290471069,0.10696829235239548,0.08616804502069919,0.1200203425855118,0.10541419197273852,0.08283542360189493,0.12192697045173059,0.10934600421933732
17,17.0,12.654581904800096,0.09846504264318354,0.0919938048725108,0.0759959651708892,0.10570118716486052,0.084453451234288,0.12222067889243157,0.10523373893329871,0.08244559818062559,0.1247016998648994,0.10878883304301241
18,18.0,13.867303782456686,0.09831596789908328,0.09203936940425816,0.07562528257290613,0.10442228709659125,0.08254947664567676,0.12472556962763962,0.10518419222311896,0.08106346214601252,0.1274080344956545,0.10866635788905858
19,19.0,15.100080434523047,0.09734088040523638,0.0900702936711434,0.07503577244927687,0.10377778098781026,0.08079052890908481,0.12778266856308673,0.10430827654986137,0.08158623063692874,0.12932279404311625,0.10998477378445494
20,20.0,16.348578617037543,0.09726485149538552,0.09171629377995982,0.07499442612793812,0.102015902947583,0.07889557572889368,0.1301245827812104,0.10310106738744873,0.07979094179030262,0.13098290900463105,0.1111134489566468
21,21.0,17.608741195130214,0.09770896903591296,0.09150849816971826,0.0754670849945753,0.10070986191529271,0.07769269537315751,0.1302215228632787,0.10311186729692151,0.0787099409594979,0.1334661604950922,0.11140339889655268
22,22.0,18.876800103462312,0.09757460818028997,0.09201960102250224,0.07553621422468522,0.1006563885642095,0.07583229595159967,0.13360896092325142,0.1011116431626205,0.07866919535804327,0.13508577187107615,0.10990532074172178
23,23.0,20.14928511992658,0.09660878648427779,0.09185902331692866,0.07537147165027008,0.09889133121553968,0.07429551528716694,0.13524337624678628,0.10088089545768454,0.07814681441922211,0.13747801938930326,0.11122476653282033
24,24.0,21.423028783545156,0.09771863792893418,0.09127092030802209,0.07581444252070842,0.09857217624493504,0.07165011247898861,0.13528424937704575,0.10233656057790519,0.07725579121908058,0.13962601637559763,0.11047109296878219
25,25.0,22.695167792966423,0.09698560721322746,0.0919079986548706,0.07673589155052175,0.09734118996629715,0.06845123558659513,0.13788604567499577,0.10261754728534354,0.0790270797245951,0.13946224573074378,0.10958515861280936
26,26.0,23.963141223515898,0.09566057331769705,0.09097842003147956,0.07778865175795734,0.09584471991327007,0.06609697078052885,0.14055558414366215,0.10240616758652885,0.07876076238272353,0.14081744411567532,0.11109070597047693
27,27.0,25.224685898775267,0.09320957090351006,0.09029459513668896,0.07845759132961827,0.09634920354885775,0.06466334295058358,0.1416026256006518,0.10293000333187612,0.07770723734244118,0.14301317663932417,0.11177265321644775
28,28.0,26.477829247520948,0.09384289239864445,0.09049428503830802,0.07861674256964098,0.09618872537700013,0.06279965107991295,0.14244009884687905,0.1024894165527672,0.0780841033044019,0.1436624657708856,0.11138161906155931
29,29.0,27.720879968916847,0.09136089342605497,0.0915989768029482,0.07797334133091618,0.0960364171787039,0.06326965240873247,0.14360333375161854,0.10067914076970326,0.07764947581475946,0.1458581103316562,0.11197065818490644
30,30.0,28.95241681848399,0.08962324891334134,0.09184525391477599,0.07834401353620066,0.09702734645381252,0.06258999486647279,0.14345145823541558,0.09939962694101213,0.07858837822053678,0.14659698563960866,0.11253369327882319
31,31.0,30.17127581490958,0.08763901642587969,0.09332262040508905,0.07861102384572868,0.09690080019091063,0.06163221870681365,0.14351111035630498,0.09989652206811991,0.07884101039152648,0.1481117778993824,0.11153389971024413
32,32.0,31.376536153543515,0.08800534253207377,0.09354847561925002,0.07925468443575577,0.09707453908623781,0.06180453943625502,0.14346339827645244,0.09931002899472349,0.07924483613442493,0.14876153420460794,0.10953262128021848
33,33.0,32.567505096778625,0.08908367641360669,0.09408929920357394,0.08046229325521291,0.09571761411643764,0.061207716266376805,0.14422368218942286,0.09783996261853818,0.08079802326422707,0.14733291330940723,0.10924481936319635
34,34.0,33.74370209472243,0.08877550634081899,0.09387175963057816,0.08284880409460928,0.09592170147229616,0.06042364658631372,0.14407497897039986,0.09612186775551698,0.08222927148705786,0.14738791859579276,0.10834454506661592
35,35.0,34.90484237192463,0.08853674212796692,0.09428720897407511,0.08340479697630775,0.09634680733359816,0.05967982706042417,0.14353622584840064,0.09444374599696673,0.08332572276132497,0.14582732195883977,0.1106116009620955
36,36.0,36.05082019768737,0.08797766571801352,0.09494534280226272,0.08185244958453146,0.09796851167339683,0.05971371791161503,0.14284103292842615,0.09392839095373835,0.08341954159336147,0.1469575856401593,0.1103957611944949
37,37.0,37.18169203889697,0.08634233570651115,0.09528726452004348,0.08296748498698835,0.09877389486945805,0.05986780652365385,0.14241901821518643,0.09269128387065517,0.0839262365692134,0.14792496019778517,0.10979971454050468
38,38.0,38.29765977559663,0.08493748153753845,0.09679119623791865,0.08471109371087715,0.09910861011673075,0.06000294429483399,0.14321367414268552,0.09123544604669095,0.08373952202654836,0.14712609854849093,0.10913393333768498
39,39.0,39.399054140870355,0.08499658473027888,0.09657835519360487,0.08497174024260587,0.09967347484566966,0.059943329182999334,0.1416191614562821,0.09088176739896735,0.08378975395116257,0.14757984320225195,0.10996598979617714
40,40.0,40.48631852820801,0.08644895046560337,0.09607226952207933,0.08577200816281412,0.09876391027472593,0.06044918986488414,0.141128852076406,0.09021869657514864,0.08421680945624997,0.14736799266241243,0.10956132093967581
41,41.0,41.55999329152982,0.08574832253587558,0.09611740272286845,0.08594534581862022,0.09886184994720897,0.061658819761642364,0.1409786925967565,0.08969158810803464,0.08459473274924774,0.14691827825833098,0.10948496750141433
42,42.0,42.62070064560415,0.08486189695199782,0.09678660838036054,0.08692959141043775,0.09822210816455465,0.06265198713805835,0.14062170640843435,0.08830534067731217,0.08415051538642351,0.14743924711043457,0.11003099837198603
43,43.0,43.669130257815,0.08564515947571207,0.09719270079659359,0.08807953949475988,0.09657932754192486,0.06306569351317433,0.13972191506028814,0.08780866624976255,0.08426928308181358,0.14703843377310005,0.11059928101287067
44,44.0,44.70602560622662,0.08623996694250481,0.09814080959215708,0.0886611816242267,0.09665158444959257,0.06238370293059331,0.13935881645355339,0.08752445059562104,0.08365165950567967,0.14680983759799807,0.11057799030807314
45,45.0,45.73217116373481,0.08703995277095167,0.09876554129059253,0.08734355358737088,0.0971306015574636,0.06411081377900381,0.13845504647808046,0.08758009347996892,0.0829039063639624,0.145236402274511,0.1114340884180945
46,46.0,46.748380453854836,0.08838281474474284,0.09815401821482456,0.08812449474862358,0.09651136734611804,0.06487582430431517,0.13798828704649727,0.08715633825286216,0.08356182482801633,0.14532505566377024,0.10991997485022967
47,47.0,47.755485010424316,0.08871636332147687,0.0983974583713953,0.08960734575963855,0.09683208470358433,0.06327909881208195,0.13705012318709783,0.08742503147439705,0.08431638316038752,0.14506543038710654,0.10931068082283396
48,48.0,48.7543242612326,0.08901221894078135,0.09808287875375102,0.08875467690430718,0.09706795520569074,0.0653444118500596,0.13734961602167725,0.08762501171789797,0.08331625392762232,0.14442617703459143,0.10902079964362109
49,49.0,49.745736344347726,0.08970659749609454,0.0971270527437624,0.08862092646544503,0.09808366803260235,0.06609974683319864,0.1372237830943013,0.0876384028125192,0.08317535302793368,0.14287711847009532,0.10944735102404744
50,50.0,50.730549855707864,0.09107391381878702,0.09605203728675675,0.08861440303067578,0.09803072367362552,0.06759073563154272,0.1372031585820322,0.08833417435053147,0.08136112568132867,0.14269958697772578,0.10904014096699396
51,51.0,51.70957651737491,0.09134846008751936,0.09578011753434408,0.08896139403383116,0.09752094023085886,0.06858736166518785,0.1363466517978741,0.08974311429205871,0.08181900744266367,0.14155840694307542,0.10833454597258663
52,52.0,52.68360474770151,0.091777509943501,0.09706358892579814,0.08803851369053202,0.09592727395294695,0.06962107067620008,0.13519815469839633,0.09079689587310233,0.08159220442669439,0.1413277033648556,0.10865708444797295
53,53.0,53.65339410751842,0.09224738313979793,0.09708375359724274,0.08725013708153585,0.09482777007860162,0.06999748806478366,0.1354315330015454,0.09123934551111745,0.08033265306541569,0.14091529194490035,0.11067464451505911
54,54.0,54.61967059027847,0.09182561493378874,0.09678016441055406,0.08588518047362913,0.09635609510368384,0.06942860878579667,0.1350067957419883,0.0917052906504243,0.08173675235471986,0.1402177406693533,0.11105775687606156
55,55.0,55.58312271885972,0.09204163987831268,0.09649810156773451,0.08482979160344079,0.09776881768213805,0.06969629613196632,0.1341805045808736,0.09282750316274961,0.08079626992972654,0.14072926338586458,0.11063181207719308
56,56.0,56.544398407394254,0.09136963473057674,0.0965708145831128,0.08469271384136316,0.09572222492183298,0.06975877387057658,0.13521158803530514,0.0928560438121261,0.08107421239162906,0.14010887124635524,0.11263512256712196
57,57.0,57.504102543001395,0.09103045955891369,0.09508503287180947,0.08526242584891713,0.09517548153808288,0.07159460027613535,0.133278886002077,0.09520977752558829,0.08169097609981,0.138822221929203,0.11285013834946298
58,58.0,58.462795239617805,0.0913137793855163,0.09443342753393796,0.08462747059993521,0.09571671973543311,0.07274286608768098,0.13407697674218938,0.09541596163309844,0.08054553071960768,0.13814726245668352,0.11298000510591716
59,59.0,59.42099071417639,0.09214517621562958,0.09456944596610958,0.084196780966248,0.09603760976666219,0.07249353938341178,0.1339799227404764,0.096134433474369,0.08021134060880071,0.1385116236754911,0.11172012720280138
60,60.0,60.379156734137354,0.09165783838659304,0.09404450400055775,0.08410613859545052,0.09512930840245037,0.07371144371661417,0.13304894022509695,0.0965099053018225,0.08030867317488072,0.13953446295642455,0.11194878524010912
61,61.0,61.337714584760846,0.09255895873927525,0.09257682962295677,0.0837014861527412,0.09534350638122155,0.0741739658097892,0.1321734075973509,0.09813636633060846,0.079556525151849,0.1387949940420975,0.11298396017210985
62,62.0,62.29703950447439,0.0929788809477203,0.0934763075775401,0.08382990500523163,0.09614086731686211,0.07375044535346587,0.13117254892387378,0.09789519977143948,0.08037688028460713,0.1382340537383474,0.11214491108091187
63,63.0,63.257461537171835,0.0931859669750687,0.09354804221739887,0.08449774806823163,0.09591935866883644,0.07466153363363892,0.13074684363844136,0.09744215915653512,0.07928814556005515,0.13830132889067467,0.11240887319111884
64,64.0,64.21926675122782,0.09369601742666601,0.09354163757965119,0.08372474856835786,0.09630669491230294,0.07446525126309905,0.13198913968074077,0.09723576492546919,0.07943358353503908,0.13756470531131587,0.11204245679735775
65,65.0,65.18269877636592,0.09465264551054706,0.09374616599357687,0.08446425248456589,0.09697402508027905,0.07558770954736918,0.13287401264747323,0.09695305089459183,0.0771287002728643,0.13746617764067265,0.11015325992805967
66,66.0,66.14796061122655,0.09525227724083929,0.09371549352323064,0.08340406490166129,0.09723380172000291,0.07781012309319676,0.13295353821675668,0.09537980536895252,0.07761766513686713,0.13625926019933152,0.11037397059916099
67,67.0,67.11521665648885,0.09598235391049602,0.09331710433641417,0.08015613947933803,0.0990071660037757,0.07748228534535259,0.1341135230641535,0.09504173704907624,0.07746246718506807,0.13609260547438493,0.11134461815194048
68,68.0,68.08459493066005,0.09677652380101932,0.0934156029707673,0.07832875002262843,0.09898081599317274,0.07757189180418178,0.13595678739978276,0.09601680109409606,0.0769531652307899,0.1349026846489611,0.11109697703460036
69,69.0,69.05618942810752,0.09629013745058732,0.09466587342022383,0.07533467657075754,0.09773719413562136,0.07758333265818645,0.13726634102356639,0.09758016206745149,0.0761649451166499,0.13602732022416847,0.11135001733278703
70,70.0,70.03006258152917,0.09621073262472656,0.09477537132479366,0.07354912435905121,0.09817551463918242,0.07744771454502775,0.13785421694554886,0.09694652752359671,0.07822292019403619,0.13664522328256817,0.1101726545614682
71,71.0,71.00624779379335,0.09471486605783239,0.09403708882691841,0.07416171177686406,0.09756936176819889,0.07716389177453925,0.13954516452545782,0.09745692667099076,0.07760559296530549,0.13682765092623492,0.11091774470765774
72,72.0,71.98475200689319,0.09440585127713863,0.09409631087574812,0.07395670095436374,0.09653940530399224,0.07724647335320073,0.13966312908977574,0.09658653469095134,0.0781807797934711,0.13757296696415627,0.11175184769720178
73,73.0,72.96555827861411,0.09590860585127406,0.09295690523550598,0.07512808243590981,0.09762191507443758,0.07687247152625323,0.13983671578839613,0.09504578662123972,0.07829485087890649,0.1363555912813671,0.11197907530670961
74,74.0,73.94862834037681,0.09619541247947742,0.09325652515572104,0.07548941967334041,0.09645564334179947,0.07639530525476274,0.13798969310824266,0.09672790477127668,0.07889476423267175,0.13614347519825096,0.1124518567844566
75,75.0,74.93390511255946,0.09568204880774005,0.09342572315902269,0.07549268661722307,0.09431732233344325,0.07754077432451736,0.13871447995052386,0.0960140116594722,0.07895621186358176,0.1362726784149101,0.11358406286956538
76,76.0,75.92131515639825,0.09387221399227463,0.09467735920168738,0.0768843811811165,0.09583566041886782,0.07747492087214655,0.13837410908852152,0.09614746790173996,0.07853365612423852,0.13524057356657546,0.11295965765283136
77,77.0,76.91077104428919,0.09151598802436046,0.09596269526180021,0.0777458900865152,0.09547621848852426,0.07746300821413096,0.13859088995655564,0.09710449687138924,0.07872521678834221,0.1348678570110713,0.11254773929731027
78,78.0,77.90217363294813,0.09136645516237296,0.09517758741330751,0.07922563252018686,0.09565421167234137,0.07699428683452889,0.13677749664079533,0.0966970098600783,0.07970555155540504,0.1351934503563926,0.11320831798459091
79,79.0,78.89541422641172,0.09036041554747828,0.09566656772940256,0.07805922498075599,0.09496026322106058,0.07700975721581794,0.13767488541097103,0.09577771141642008,0.07895552365455316,0.13745668655258825,0.11407896427095192
80,80.0,79.89037661826481,0.0902263427614906,0.09678195549422693,0.07887786011053352,0.0936802169753545,0.07676441623001466,0.13726228575438018,0.0960602108966564,0.07847600245983667,0.13809259356210937,0.11377811575539697
81,81.0,80.88693900474995,0.090387104549089,0.09800015997397957,0.07957995178220954,0.09235005089440884,0.07525983381983543,0.13759930867418815,0.09738661774348417,0.07852611005833396,0.13806571739647194,0.11284514510799917
82,82.0,81.88497576253909,0.09239046931382099,0.09828255296727861,0.0796992418163659,0.09227979780998587,0.07499634238969069,0.13711985620562503,0.09852950453174142,0.0771664330944368,0.13711781428383374,0.11241798758722074
83,83.0,82.88435908692391,0.09199299032110249,0.09749712963122041,0.0790627520654893,0.09221318343172619,0.07474206432865194,0.14077140666649168,0.0981595295726836,0.07582282861610912,0.13742282341627068,0.11231529195025436
84,84.0,83.88496048800103,0.09178894713093354,0.09937732660178453,0.07897289703197104,0.09078449407974082,0.07489733196175731,0.14122761760353073,0.09834513453950583,0.07587979689484382,0.13711059016785235,0.1116158639880798
85,85.0,84.88665214409042,0.09107261826018957,0.09931659512062987,0.07919227187003733,0.09159924489532532,0.07319806319054212,0.1407098919885482,0.09766021566279418,0.0779149377603617,0.13800842716340211,0.11132773408816936
86,86.0,85.88930811312994,0.0933655009521437,0.09938200885152222,0.07987082969486137,0.09065852716504999,0.07216620828489767,0.14093175346768816,0.0976104015305424,0.07795162331590635,0.13721371876947577,0.11084942796791214
87,87.0,86.89280540413424,0.09275001216917349,0.09923643032985023,0.0806555802534023,0.09007125025047108,0.07159096791461657,0.1422329767873751,0.09883651089072655,0.07733655462546392,0.1378464399375223,0.10944327684139828
88,88.0,87.89702491199675,0.09249784890111927,0.09937664873451185,0.08288143447783525,0.0904267421853075,0.07011130372620991,0.13958599729063376,0.09908599089582439,0.07770535225692277,0.13842754787440872,0.10990113365722642
89,89.0,88.90185221995306,0.09286754256395327,0.09785651883337007,0.08382985259105422,0.0915723342466776,0.06839220222693189,0.14027540564343866,0.09878260996370795,0.07960277395858581,0.13698516107939818,0.10983559889288219
90,90.0,89.90717827491419,0.09346584792727321,0.09784202220364807,0.08290645530915994,0.09149498305409237,0.06584414578585657,0.13985814209097924,0.09955450123635422,0.08105457544193147,0.1367931769382408,0.11118615001246396
91,91.0,90.91289994163006,0.09473540280612824,0.09664851664243605,0.08145413658074978,0.08985942396395874,0.06432959564492596,0.141003193680861,0.10089316349595172,0.08182241881300434,0.1373284103915281,0.1119257379804559
92,92.0,91.91892044225806,0.09345212331426558,0.09699746015190125,0.08231089194744365,0.09102401512681174,0.06384305629660396,0.14203801023443818,0.10057815592206867,0.08204261140501094,0.13618948785922508,0.11152418774223082
93,93.0,92.92514968840067,0.09207938937323618,0.09751029857405416,0.08355726448890377,0.09020755614471389,0.06385806044451216,0.14242833103612584,0.1014071872045051,0.08020153525777655,0.13600625049048898,0.11274412698568327
94,94.0,93.93150451304501,0.09170620758932378,0.09735763850188593,0.08404647764952496,0.08889446211189884,0.0637980072137926,0.14267510792353333,0.10021180869669782,0.0785862570146382,0.1383408663506262,0.11438316694807821
95,95.0,94.93790881009448,0.09333369707543893,0.097279287690126,0.0843559857989758,0.08997591867506975,0.06233566367549674,0.1424246321302752,0.09974799923283635,0.07826483138510872,0.1383917461610751,0.11389023817559729
96,96.0,95.94429358933806,0.09435525340718977,0.09555955213176485,0.0850282216425236,0.09201157997908534,0.061196669378743414,0.14147739569112328,0.10017675606354895,0.07711109985586248,0.1396327188495302,0.11345075300062801
97,97.0,96.9505969547639,0.09676873582706048,0.09521703764672708,0.08500451607535264,0.09111182788170356,0.05988089161615193,0.14164290898686457,0.09953844101285043,0.07458505722757709,0.14273052941080613,0.11352005431490593
98,98.0,97.9567640140995,0.09619919980373028,0.0963005120917475,0.08544199806479036,0.09111675804924786,0.06053386369711217,0.14133801110559896,0.09872021825127875,0.0734474572133552,0.14179165056885162,0.11511033115428715
99,99.0,98.96274672736057,0.09667855696573768,0.09486265233713678,0.08661035894222237,0.08994094942988277,0.059933725512210156,0.1415237431071707,0.09791020441211212,0.07371960265007128,0.14356251532620462,0.11525769131725133
100,100.0,99.96850370202192,0.09823665140376396,0.09451629964433607,0.0881778181236375,0.08937947051311594,0.059353539931742076,0.14223261716211563,0.09608329630446946,0.074198475800951,0.14273315237309886,0.11508867874276935
101,101.0,100.97399994219691,0.09854971296833127,0.09490040156767243,0.08763052278500384,0.08869757261246303,0.060139694000010666,0.14205034315160017,0.09648376728385856,0.07461008630372931,0.14126746142597152,0.11567043790135907
102,102.0,101.97920655893245,0.09802005497059599,0.09440845608985374,0.0870769045957703,0.08731273912835065,0.060651406817493224,0.14201939764230131,0.09698571282863104,0.07520369890384873,0.1410530504673046,0.11726857855585031
103,103.0,102.98410044840509,0.09727764737910641,0.0936893887452366,0.08690935973197132,0.087593655756631,0.06066011215751907,0.14123162756094848,0.09531378590047691,0.0768574177140904,0.14178071981107265,0.11868628524294705
104,104.0,103.98866394444643,0.0966521141982665,0.09302191374896458,0.08725183755832808,0.08776679625422414,0.060462638428383904,0.14360284812730206,0.09464910533331372,0.07479889461497226,0.1420604448764662,0.1197334068597784
105,105.0,104.99288445143917,0.09769579021937641,0.09226575276051893,0.08683341962411918,0.08738087709239044,0.060414425895136604,0.14352441289821136,0.09604340269262009,0.07526869178550302,0.13983189805321505,0.12074132897890882
106,106.0,105.99675406321822,0.09746690927151608,0.0925623519629209,0.0869037293883172,0.08799441990516742,0.06144943744808239,0.14205029585003648,0.09497583195572466,0.07593085358137137,0.1400147654112515,0.12065140522561194
107,107.0,107.0002691731872,0.0967890548901604,0.09245751871767412,0.08636450589797805,0.08978988808714049,0.0632259468789994,0.14155456719754034,0.0957320250181812,0.07569572016041243,0.13973611481567813,0.11865465833623536
108,108.0,108.0034300804274,0.09488365841092614,0.09173300262316855,0.0874999671115094,0.08983923316669253,0.06357372076591812,0.14151506178182133,0.09596715281486821,0.07573209180217177,0.14026377305170354,0.11899233847122033
109,109.0,109.00624059613932,0.09382273629322142,0.09437316183644257,0.08808455446771218,0.0890891622020698,0.06238863283559907,0.14204669098754705,0.09560701093350817,0.07445779153907743,0.14196080698562102,0.11816945191920121
110,110.0,110.00870765431864,0.09383155737040387,0.09436260783382429,0.08846720506110889,0.08867815937968516,0.06274082280317922,0.14197263572673177,0.09480161157711435,0.07627592940733102,0.14185707918245696,0.11701239165816439
111,111.0,111.01084093013685,0.0921286491210492,0.093829609666351,0.08902097018442336,0.08984454037104649,0.061829555153038736,0.14271199392817424,0.09428687228191608,0.07833054446761667,0.14282296746478731,0.1151942973615968
112,112.0,112.01265246907188,0.0920100877040076,0.09298259581287188,0.08759978367515671,0.08889101091196053,0.06433318364539944,0.14317279809988323,0.09433638408715998,0.07789307886591153,0.14486975367509428,0.11391132352255469
113,113.0,113.01415632942268,0.0906228877551105,0.09283803569322567,0.08614943392660465,0.0897094538845562,0.06506373716262305,0.14418030382760724,0.09533945306250685,0.07749305599019107,0.1449497381449646,0.11365390055261002
114,114.0,114.01536824044418,0.09191310749450529,0.09234395613726362,0.08557026271317025,0.0900042913100748,0.06482639919854757,0.14368459911955114,0.09551419338441966,0.07725015006014398,0.14645528932804255,0.11243775125428096
115,115.0,115.01630527795908,0.09221333264884315,0.0916644288043078,0.08483248485145901,0.08921689856375391,0.06633176607636238,0.14371438463640876,0.09474838499076592,0.07835918270015778,0.14772893113114366,0.11119020559679746
116,116.0,116.0169855589429,0.09088543741302012,0.09077146915205046,0.08669363421867582,0.08971388195800425,0.06731566850349838,0.14402972601166422,0.09401137098916458,0.07686045909623972,0.14831660047034917,0.11140175218733309
117,117.0,117.01742795623892,0.0905772249376344,0.09097298791004162,0.08668027577818378,0.09201741809521478,0.06685710322706825,0.14313056786705167,0.09373970073935531,0.07685424698262704,0.14729015075873295,0.11188032370409001
118,118.0,118.01765183424293,0.08969106379046983,0.09152539388947124,0.08634352604939358,0.09088816371925641,0.06773032232480458,0.14385070796554592,0.09387188931485893,0.07588099749126834,0.1485052062495887,0.1117127292053422
119,119.0,119.01767680610413,0.0908387965082425,0.09234850145076302,0.08598924520957298,0.08956494735917413,0.06763121983685215,0.14277252846574126,0.09529470567692108,0.07668728042170173,0.1473824941646088,0.11149028090642207
120,120.0,120.01752251271817,0.09167194502215376,0.0913997016211721,0.08415591997915312,0.09123159655939408,0.0668160133721741,0.1442023433902022,0.09506619576384305,0.07605686019972702,0.14835647517638365,0.11104294891579666
121,121.0,121.01720842354362,0.09188562323577792,0.09266512553810645,0.08431268103972475,0.09121232436653316,0.06870164000339969,0.1424737633537326,0.0961272827855856,0.07570534671740567,0.14678422698181426,0.11013198597791962
122,122.0,122.01675365905109,0.0921992622193164,0.09239828459293549,0.08706844402800289,0.09129335110215935,0.0675728900156723,0.14309099012839946,0.09491174265971526,0.07495782646642493,0.1467737012393595,0.10973350754801413
123,123.0,123.0161768344173,0.09169247521026144,0.09237186468917573,0.08740163435361302,0.09173363823426683,0.06761222605545245,0.14277027993552024,0.0949899900646954,0.07578870550593719,0.14475549590332135,0.11088369004775607
124,124.0,124.01549592390272,0.09182039066728839,0.0912528907087519,0.08784189574087509,0.09250525986613004,0.06730056101306865,0.14191182315769485,0.09565688615980526,0.07638975609219799,0.14488501102841259,0.11043552556577499
125,125.0,125.01472814520056,0.09149975470236316,0.08782715862647368,0.08630680665673644,0.0934415357660263,0.06965677827067697,0.14257471908592853,0.09630811999515222,0.07760899882041689,0.1445605017615624,0.11021562631466314
126,126.0,126.01388986291661,0.09165881273784456,0.08716080869008733,0.08594452800238661,0.09322726216102878,0.06861621880989584,0.1441446663742016,0.09758878669971367,0.0778426303718961,0.1448785685062553,0.10893771764668998
127,127.0,127.0129965102319,0.09184024935675585,0.08681305058369795,0.08492058599402269,0.09315715892757385,0.06938504273233766,0.14553526885437737,0.09844492198862452,0.07844089642640331,0.14372135448214424,0.10774147065406232
128,128.0,128.01206252771334,0.09287177830547741,0.087134167769504,0.08399764623430928,0.09512405659672646,0.0702480173403226,0.14403133651817104,0.09823652411472153,0.07727424786919858,0.1427451399922546,0.10833708525931425
129,129.0,129.0111013181695,0.09156073091787424,0.08831504267810783,0.0848062449082974,0.09435987310923144,0.06902713036938886,0.14437603144055908,0.09859023572316229,0.07941602790637975,0.14270262909930306,0.10684605384769576
130,130.0,130.01012521639834,0.09065148329500826,0.09008916504504261,0.084251888620577,0.09493989650973159,0.06895953036056349,0.14487358661849623,0.09838312164147721,0.07899894635262888,0.14310518556121898,0.10574719599525545
131,131.0,131.0091454726403,0.09146468798603433,0.08958547024044634,0.08241657514769414,0.09573981769619712,0.06933471676330721,0.1438680225967903,0.09684598727974467,0.08013617394830796,0.1430525078745833,0.10755604046689435
132,132.0,132.0081722485317,0.09079620057149686,0.09035031056831169,0.08200682888888515,0.09521813599755168,0.06972547362902884,0.14407913668948819,0.09733665595271063,0.07988133158507323,0.14350780376490638,0.10709812235254709
133,133.0,133.00721462434865,0.0891242454713016,0.0905919085584465,0.0812469855369769,0.09443543515113012,0.07019620339527036,0.1441386061676563,0.09711189070827181,0.07915922470246628,0.14423068035203204,0.1097648199564478
134,134.0,134.0062806163404,0.09100348164710546,0.08940436257420115,0.07996551316299146,0.09384467588699766,0.07001696418722429,0.14387729079285075,0.09684598612688428,0.0787664795404835,0.14433744328782364,0.11193780279343754
135,135.0,135.00537720296956,0.09118549751932817,0.08841775841927668,0.08084677090713784,0.09442122083522549,0.06750279666929178,0.1448146235147458,0.0960512710082139,0.07898487780337177,0.14634835969405705,0.11142682362935126
136,136.0,136.00451035890612,0.09250324739713552,0.08790775732519984,0.07998859802871737,0.09554241989754697,0.06578653814963342,0.14584697678507955,0.09424173070321408,0.07793610271079085,0.14780561136037998,0.11244101764230216
137,137.0,137.00368509565993,0.09333151257999536,0.08722969004854111,0.08124110085590949,0.09344078799806774,0.0672033216631517,0.14536655722743227,0.09518417443399263,0.07793574349196149,0.14862509442383517,0.11044201727711278
138,138.0,138.0029055077818,0.09255660365184354,0.08832095878206944,0.08059413274198861,0.09397241492176839,0.06686881711009593,0.1449499340214431,0.09479263214096752,0.07810186585951301,0.1479133058021825,0.11192933496812768
139,139.0,139.00217482361367,0.0933080206446241,0.08933458800512362,0.0820202363916235,0.09355135167445577,0.06613756370151441,0.1441314242675955,0.0931621566824397,0.07751997724950666,0.14945575719310855,0.11137892419000797
140,140.0,140.0014954596262,0.0929603772759764,0.09079649248920722,0.0819372110102943,0.09379782476735019,0.06510747010148744,0.14612335205496085,0.09187445519676177,0.0765677220819454,0.14997766781922098,0.11085742720279529
141,141.0,141.00086907744122,0.0921275732528623,0.09289066160976724,0.08191604019352554,0.0924486520926101,0.06316901804390429,0.14558441703667294,0.09448540675426578,0.0757388024106689,0.14886248534520663,0.11277694326051614
142,142.0,142.0002966427003,0.0913938658695258,0.09317216162693069,0.08308703803897313,0.0929272273778528,0.06361432562583168,0.14478252614774367,0.09398060604666306,0.07449772719099909,0.14885033340787135,0.11369418866760862
143,143.0,142.99977848500652,0.0911853353358056,0.09358938630525312,0.08488721448923808,0.09181642261100645,0.0644063156781439,0.14410926717672365,0.09433098988837353,0.07286259863789883,0.14884210364747902,0.11397036623007772
144,144.0,143.99931435823203,0.09102482938021998,0.09301132043372799,0.08471462316180317,0.09165419541062163,0.065433676926452,0.1432978882752701,0.09457548286064134,0.07235787021289475,0.14945845951751996,0.11447165382084899
145,145.0,144.99890350055264,0.09344151029982449,0.09512013044724138,0.08438318081234483,0.09097092074371764,0.06585754157407968,0.1430797599620539,0.09394307712674752,0.07070016717978646,0.14905201559445422,0.11345169625974982
146,146.0,145.9985446936357,0.094436575992023,0.0961432984386744,0.08457939745920304,0.09108612145293138,0.06548609359333844,0.1416194613204519,0.09373213804021358,0.07158325832021142,0.14970767066667687,0.11162598471627597
147,147.0,146.99823632047406,0.09403372358317509,0.09463232656005205,0.08505281076021212,0.089241423486786,0.06628095208946713,0.14403135373292741,0.09236370075220318,0.0716970859045018,0.15140702484939145,0.11125959828128376
148,148.0,147.99797642142389,0.09634750878179965,0.09609388362386707,0.0841422440356091,0.08878167393513396,0.0648539877591322,0.14398892640771777,0.09302848858894236,0.07153655592581587,0.1495868343702889,0.11163989657169307
149,149.0,148.99776274806447,0.09784651658779756,0.09527833648829179,0.08474993544445603,0.0884522944525685,0.06450626368501546,0.143592228507489,0.09203494238091112,0.07064046995153525,0.1496746623460119,0.11322435015592339
150,150.0,149.99759281456036,0.0992033088915936,0.09502125937515282,0.08407973711365996,0.08782547743757635,0.06387040342056657,0.14505730136046824,0.09049296122930076,0.0705487034920088,0.1492238046823543,0.11467704299731864
151,151.0,150.99746394626104,0.09915254910173477,0.09691763321498943,0.08617664340779899,0.08743830330413448,0.06303438158037937,0.14350980569623897,0.08798350844236486,0.07004863004676755,0.15073267554892955,0.11500586965666207
152,152.0,151.99737332532905,0.09771891534450772,0.09682520135094352,0.0861257622618979,0.08769586848472799,0.062038151609493,0.14390051792611072,0.0888877685013039,0.07040176367493585,0.15056295390442961,0.11584309694164988
153,153.0,152.99731803323698,0.09646738422518437,0.09665771806652955,0.08720946584310181,0.08868775028879959,0.06125845826734925,0.1441462503127252,0.08899219498116821,0.06890469068406037,0.14977019563652696,0.11790589169455473
154,154.0,153.99729509002177,0.09648559590304512,0.09799902554325944,0.08755883820853552,0.08752360926092125,0.06094633051366236,0.14370758248754562,0.08989630025838138,0.06712167059562182,0.14986923254303006,0.11889181468599744
155,155.0,154.99730149022784,0.09706558505006699,0.09868379141129542,0.08636843691473974,0.08764168378740184,0.061354637330604554,0.14363827850815808,0.09037661070539754,0.06791854669385657,0.14896081549558185,0.11799161410289742
156,156.0,155.99733423551103,0.0956673297294506,0.09887259820079555,0.08665953584941961,0.0869309059262164,0.06507366449522549,0.1423153682409608,0.09183416387762262,0.06722732314636785,0.14809776928712065,0.11732134124682038
157,157.0,156.99739036391077,0.0959525282251288,0.09791527473676896,0.0864097348786813,0.08661739459639717,0.06459024587345537,0.14539105370062938,0.09324549113995668,0.0651875346260852,0.14635543620827327,0.11833530601462386
158,158.0,157.99746697583146,0.0952008050591588,0.0973359363267167,0.08669460280028993,0.08728948998231993,0.06462367290343247,0.14594769728820794,0.09427257855590644,0.0640286892638115,0.14683301969827292,0.11777350812188335
159,159.0,158.99756125680176,0.09553459409309632,0.09788972472838502,0.08458328753022584,0.08672377950762147,0.06388280416899034,0.1454682804531425,0.09639074610477684,0.06462553518692786,0.14697859742768501,0.11792265079914876
160,160.0,159.997670497107,0.09477536498358888,0.09721213886292959,0.08660466280887999,0.0887511609132618,0.06351227852434572,0.14506381658068837,0.09702284870910384,0.06502851218324013,0.1458601210326444,0.11616909540131726
161,161.0,160.99779210841066,0.09437443158582558,0.09604525053601949,0.08619925514272106,0.09003732294374205,0.06260007905455194,0.14541874030945612,0.09951554836969564,0.06481918991660285,0.14517594889689847,0.11581423324448677
162,162.0,161.99792363749984,0.09561452392688263,0.09563351047397244,0.0856957480266808,0.08820313929128946,0.06344400064219753,0.14587623214282655,0.09919728287334388,0.0636708578722646,0.14669743300461188,0.11596727174593016
163,163.0,162.9980627773051,0.09565226527438613,0.09478689129129059,0.08575426760088184,0.08775938049634356,0.06358483497748457,0.14561644616353173,0.09984078543422555,0.06268308001637049,0.14650007487826444,0.117821973867221
164,164.0,163.9982073753568,0.09679861586099578,0.09445052079745804,0.08625191571715296,0.08770279495755362,0.06258418132937861,0.14622867320016678,0.09743988697436365,0.06210131532288206,0.1483952834382449,0.11804681240180348
165,165.0,164.99835543984977,0.09721106726615317,0.09564362124752362,0.08687929617958252,0.08625017450920888,0.06285562963707104,0.1462587621843498,0.09597473423292378,0.06292468610482238,0.14808345168675918,0.1179185769516055
166,166.0,165.99850514349492,0.09702039001681806,0.09695920988518088,0.08688652617382034,0.08650904813338552,0.06368259653637863,0.14630279762913925,0.09576494129215626,0.06327976109691004,0.148126572264763,0.1154681569714479
167,167.0,166.99865482534062,0.0958427444906575,0.09820372370508243,0.08715492149152998,0.08478448159540744,0.06289358953250349,0.14721439393260327,0.09468696628924458,0.06314349130580607,0.14825451640210563,0.1178211712550595
168,168.0,167.99880299074837,0.0961665781113269,0.09913152708358132,0.08743678568515852,0.08365918913641969,0.062099970859970995,0.14772840485291686,0.09393699868649227,0.06294324115054228,0.1491470004380148,0.11775030399557627
169,169.0,168.99894830970783,0.09534240508574886,0.0982379675507188,0.08683366939017306,0.08512986996228492,0.061097544180172714,0.14700901445872055,0.09526796756867745,0.06368976307363217,0.14897705097798927,0.11841474775188211
170,170.0,169.99908961367427,0.09528046682754455,0.09792516026052892,0.08910619111852403,0.08457209979150179,0.06169212356462416,0.1476438984055421,0.0945497905145255,0.06302325207649594,0.14892678020242314,0.11728023723828977
171,171.0,170.99922589110733,0.09499226227024024,0.09916332544858798,0.08904928151018578,0.0851149531592111,0.061556251053109315,0.14774341214239564,0.09357384312010894,0.06490501312667812,0.14781942798436343,0.1160822301851194
172,172.0,171.99935628188598,0.09575340885040856,0.0987191986858437,0.08940133733968046,0.08494408286137448,0.06104585840042495,0.1477492181922033,0.09405116026956195,0.064425516347964,0.1483255358494389,0.11558468320309968
173,173.0,172.99948007076793,0.0937129076070164,0.0979147672330038,0.08752348983465676,0.08570882679814895,0.0631469972590596,0.1475987418352609,0.09354139486860259,0.06705561323013261,0.14724298877360043,0.1165542725605179
174,174.0,173.99959668005403,0.09463636323912789,0.09918782505255136,0.08801255992336843,0.08702727768796317,0.0631217287477194,0.14700721533672942,0.09180806957046617,0.06696227767901103,0.14597751106032403,0.11625917170273901
175,175.0,174.99970566161096,0.09321373251221997,0.0989029625468705,0.08861126693131946,0.08790744484691107,0.062453535402707164,0.14644346999164695,0.09041818143110246,0.06767281313407156,0.1479910053954312,0.11638558780771957
