,Unnamed: 0,Generation,Intertwine_two,Add_vertex,Delete_vertex,Invert_path_vertices,Insert_inside_vertex,Delete_inside_vertex,Replace_inside_vertex,Donate_between_routes,Trim_one_terminal_cb,Grow_one_terminal_cb
0,0.0,0.0,0.09999999999999999,0.09999999999999999,0.09999999999999999,0.09999999999999999,0.09999999999999999,0.09999999999999999,0.09999999999999999,0.09999999999999999,0.09999999999999999,0.09999999999999999
1,1.0,1.0,0.09926958684705603,0.09411204621172589,0.08815012960032817,0.095997106915115,0.09831608915003537,0.10705672069139609,0.11417881079349326,0.09301930011369003,0.11039687778022482,0.09950333189693489
2,2.0,2.0,0.10929253571621222,0.08655996441777,0.08485611434164768,0.11640326356413618,0.09640809003815401,0.10873600571619664,0.09941941746322112,0.08905866922574335,0.10484535138037498,0.10442058813654338
3,3.0,3.0,0.10536399325951754,0.09977793313364784,0.078179983587744,0.10463789195678348,0.09825712748672015,0.10385577816942963,0.09829307614897778,0.09438117079938582,0.10620112989031191,0.11105191556748137
4,4.0,4.0,0.10906099841855503,0.0940266532393019,0.07775263796762603,0.10980189209381175,0.08918888335666925,0.11503458880202092,0.09356339215063049,0.09543787206668058,0.11375820724024821,0.10237487466445536
5,5.0,5.0,0.09772738869351752,0.08429900400993082,0.073938516879336,0.0928815115954327,0.0956912931102514,0.12089906056271434,0.11058183308089509,0.08650798211550154,0.12025873047157196,0.11721467948084814
6,6.0,6.0,0.08877778513262409,0.11052915596915414,0.07656472019993668,0.10898969602964362,0.07686407713892134,0.12035125049101192,0.10262640017747171,0.08697228642029678,0.11860458473993418,0.1097200437010051
7,7.0,7.0,0.09623259639277487,0.09667101866927288,0.08165547138845408,0.08712572705773412,0.10791462224643403,0.11765110943684365,0.09823203635095407,0.07804687470050956,0.13204069812452657,0.10442984563249573
8,8.0,8.0,0.10161520160882705,0.09110794383346696,0.08362842537194086,0.10778874281146915,0.08390772160280402,0.11715538398241629,0.11011109126748023,0.07966897543516135,0.11956582992546887,0.10545068416096473
9,9.0,9.0,0.09992374185472364,0.0898454931636065,0.08191290650846053,0.09711524980994804,0.0811611128765426,0.1291698719448753,0.09714322125185912,0.09488863208477782,0.11340138785338447,0.11543838265182146
10,10.0,10.0,0.08532002381098876,0.10193800896155256,0.07830452383577621,0.10886984248697835,0.088190883020233,0.13203301084922275,0.09005898598595445,0.09135150700954606,0.1268886594324993,0.0970445546072481
11,11.0,11.0,0.09928106053086971,0.08681357567475191,0.09885049929190867,0.10711086804469146,0.09594666515907609,0.11026023174608571,0.07840837156881447,0.08377098859660484,0.12124547438229782,0.11831226500489882
12,12.0,12.0,0.11339637461224956,0.09081906831967686,0.08089373054823001,0.09249569577631633,0.07493371819376853,0.1314491335818875,0.1019858008895318,0.07674302450172692,0.13021144842846427,0.10707200514814783
13,13.0,13.0,0.08905289654468826,0.083651646528477,0.07247021692381325,0.09089928871696189,0.09109294878256916,0.12227638175745774,0.10499513321074846,0.08116352335798267,0.13913845950882817,0.12525950466847297
14,14.0,14.0,0.1054174706281757,0.09674335775883318,0.08635583434746719,0.0908173534802077,0.09110347793078091,0.10384683463611111,0.10209783008953319,0.07168648229367335,0.1400471484440972,0.11188421039112002
15,15.0,15.0,0.08856942191406163,0.0919820699413388,0.08357784729126154,0.111095682169978,0.08267331052588975,0.11682750622867896,0.08976503283788104,0.09687888453220286,0.13657874185737834,0.1020515027013286
16,16.0,16.0,0.09501387308465623,0.10006898051906636,0.07402842343667021,0.09689451754196424,0.0775746741794647,0.12536450458313905,0.09794998119605253,0.07743490459019162,0.13634437096848379,0.11932576990031082
17,17.0,17.0,0.08604686522854578,0.09196961761417602,0.08838305473673935,0.09414423174299466,0.06388747543456544,0.12779885273906677,0.10478821427756957,0.11027980565209512,0.12676979849163547,0.10593208408261143
18,18.0,18.0,0.08609586608820645,0.09826770138412762,0.07993547434524018,0.08301582316531926,0.08638016251495359,0.13089691202628814,0.09518828034731605,0.0854373851377064,0.1510173120010613,0.10376508298978045
19,19.0,19.0,0.10017748070523921,0.0914152241303635,0.06324002652574097,0.09595580791454801,0.08115425790500003,0.14011893252273686,0.09585689036871485,0.08705710308709204,0.14676170322965432,0.09826257361090973
20,20.0,20.0,0.09982046753504646,0.08962472523247492,0.07844619348259124,0.08460894380888594,0.08670963166859208,0.1293952514927118,0.09710076273441262,0.07493367604394677,0.14007460340868386,0.11928574459265391
21,21.0,21.0,0.10708310601429424,0.09117224574840332,0.07849744121282524,0.09538503030202451,0.05813966603266172,0.13516109039482854,0.0935733857175901,0.09680605160096899,0.12208950031629073,0.12209248266011215
22,22.0,22.0,0.09619859913189047,0.08178468052046468,0.09485853711776812,0.10509879296656974,0.06604967531295568,0.1308064329566782,0.09432884982152777,0.10005318757340886,0.130003385451441,0.10081785914729495
23,23.0,23.0,0.0938276671313906,0.0687235739740395,0.08301614081995959,0.0868004371471633,0.07792350136362172,0.1473905822714432,0.09797336951600406,0.07637075963473973,0.14272515787991127,0.12524881026172655
24,24.0,24.0,0.08354128383393539,0.10231126104250107,0.09514186008041893,0.08642160778334314,0.08015077089241765,0.1333219847980906,0.07913537066201819,0.09385716478067264,0.1264506672594386,0.11966802886716332
25,25.0,25.0,0.1149635021646799,0.10388123459198624,0.06967046933603498,0.09083306080841637,0.0619682079386137,0.13423065841673157,0.09306498246971683,0.08731940179149993,0.14204562283175456,0.10202285965056554
26,26.0,26.0,0.10776816726642999,0.09113600477734075,0.08521288595820473,0.09443796302947753,0.0636893200930515,0.1230956976916534,0.10155776283149728,0.09062622388627808,0.13697110950693012,0.10550486495913611
27,27.0,27.0,0.08368202301257956,0.09778033462985726,0.09001998667283558,0.10111992108970447,0.06997279959513414,0.13118361569201725,0.1086692295558029,0.07932035948127793,0.12972202050454168,0.10852970976624883
28,28.0,28.0,0.10741413826759687,0.10211967134273651,0.08208130594941099,0.11936310266216887,0.054461585195074325,0.13028382702277738,0.09582007066630008,0.0764628303047272,0.12966278935235467,0.10233067923685264
29,29.0,29.0,0.10329478009568409,0.07760718400784032,0.07008078495301154,0.09883169965240558,0.07075673042279153,0.15663583376181106,0.07979862761974234,0.07695877532787906,0.14760440427350746,0.11843117988532659
30,30.0,30.0,0.09249790838696953,0.09443292488685369,0.07381617809562518,0.08881467315869786,0.056499637886497124,0.1559861816021985,0.09349513770186123,0.06506812348491975,0.16072848144112747,0.11866075335524937
31,31.0,31.0,0.08890917781656278,0.0956165675203201,0.1032754013826149,0.10519098255306328,0.06594879703981114,0.12273494914785103,0.09390848949516846,0.08193720802219433,0.14079181512881983,0.10168661189359374
32,32.0,32.0,0.08253597033155274,0.0844834871503429,0.09178310177556755,0.09069801275205011,0.08167720680544835,0.13094445401535898,0.09024180491248,0.09109983306474935,0.1380441472080414,0.1184919819844081
33,33.0,33.0,0.10509947559695923,0.10290909550350083,0.09249053470640245,0.09788691499283023,0.06262085182351539,0.11255864725108741,0.10195488278743328,0.08782321772785805,0.13759573934328687,0.09906064026712584
34,34.0,34.0,0.11867412462728344,0.0950256817786751,0.06519651182034153,0.10415513580039315,0.07082148558699457,0.11875081532144123,0.07602729660852553,0.09418188197267365,0.15508425618873334,0.10208281029493801
35,35.0,35.0,0.08303563946871814,0.11071723072556243,0.08160012955468657,0.11933437359808052,0.08262001634143706,0.1282697706354632,0.096217825795301,0.07159067123844347,0.12996355101950025,0.09665079162280706
36,36.0,36.0,0.07977649400336,0.09506140917054173,0.09541402291328763,0.09267299378857083,0.07880875823828945,0.1411159546673351,0.07876621201063608,0.08563954225589443,0.13768909380391053,0.1150555191481738
37,37.0,37.0,0.10169152536679742,0.10014275772671014,0.07836251973588776,0.11085772006060908,0.04252115371051648,0.13843487272179428,0.09706911048511654,0.08808879240703463,0.14745477780525418,0.09537676998027902
38,38.0,38.0,0.08273098124180407,0.0978812096218579,0.09112147665043388,0.07892576570633711,0.04706833157162873,0.14975441680375387,0.11254122263083648,0.07694575671565913,0.1409228212028491,0.12210801785483934
39,39.0,39.0,0.0793056625509337,0.09271910336627562,0.07899073493271597,0.09105768540973021,0.09920110466302562,0.1381437740491419,0.10821108544775097,0.07642970390856388,0.1310008020776826,0.10494034359417903
40,40.0,40.0,0.09395328901818971,0.10233710327351879,0.08323345739165347,0.0929084755747246,0.07857669506262654,0.1378440851555947,0.10419610428159387,0.0768187824662679,0.1303611852966274,0.09977082247920248
41,41.0,41.0,0.09582745616943851,0.0894732042898416,0.09413112794130851,0.08181603507941462,0.06560632938591969,0.1348584647415128,0.11810617048010108,0.06122574394480636,0.15094512497958493,0.10801034298807148
42,42.0,42.0,0.09682617903638334,0.07377503491373978,0.09788951172180162,0.1047000050926173,0.06414954732582605,0.14760692774144807,0.09895964380207459,0.08269444164009157,0.12570958187470396,0.10768912685131331
43,43.0,43.0,0.09148864698769968,0.10465634169482281,0.09354795207452629,0.09875756986820003,0.05087477834320965,0.15460051155227356,0.06573270148279392,0.0783865973690717,0.14680275550458716,0.11515214512281483
44,44.0,44.0,0.07973534680502459,0.07942965209420194,0.10666510787957853,0.08891775108015994,0.08039043948558106,0.1448970380002043,0.09617467581252724,0.07927075732407483,0.13074137483274179,0.11377785668590543
45,45.0,45.0,0.09824488473248211,0.07313868740346677,0.0831225348731581,0.09087607992274346,0.0752032896587637,0.14117713491539713,0.08792510736365462,0.06831124439785688,0.16259292481472626,0.1194081119177505
46,46.0,46.0,0.09386379339572773,0.1022457986742377,0.08036305673327526,0.10526549038772033,0.06118082619653127,0.13474022460808993,0.07682651934659043,0.06491555659941244,0.15789379476565218,0.12270493929276227
47,47.0,47.0,0.1182784823839971,0.08832435874888596,0.08713206589756986,0.08309876904137986,0.09244522912701142,0.12654265255871514,0.09304879445929082,0.05920070747202828,0.1471438841289448,0.10478505618217633
48,48.0,48.0,0.09489760012273149,0.061108686881719276,0.0781687261110117,0.10334684245605252,0.08191160547968286,0.14066381675366565,0.08999416327220097,0.08390476848418962,0.15265592207911113,0.11334786835963437
49,49.0,49.0,0.08566362116368183,0.09345666559787788,0.09221357258858184,0.10358487213246603,0.0731824860494282,0.14448967330535006,0.09863483506780082,0.06892698106145886,0.13448271042350857,0.10536458260984546
50,50.0,50.0,0.07321471257722907,0.10975847649265547,0.07055636833925838,0.10024687527265133,0.06499235849387061,0.1469323931398911,0.09026309807672356,0.08603924544627126,0.15320941355617596,0.10478705860527282
51,51.0,51.0,0.08763475211438958,0.07748956536997828,0.08902653529996937,0.09581596335500192,0.057654443225095775,0.15797394186177235,0.10857625057827178,0.08273718595727066,0.14802167861880783,0.09506968361944211
52,52.0,52.0,0.07145861764366643,0.10779547895039747,0.07076818183413187,0.10888456449238355,0.06271380411900859,0.13507781537200103,0.08735579383545378,0.09155807706453326,0.13974628502174707,0.12464138166667652
53,53.0,53.0,0.10928277675320683,0.08551345711143625,0.0996310690049215,0.08653739770103244,0.07029900412999877,0.12782329611252885,0.08594960504377605,0.07186946943510482,0.14460186475956968,0.11849205994842438
54,54.0,54.0,0.07844336527873019,0.08694891693916137,0.09607519724162897,0.0783044741333899,0.06803868220223015,0.11935288700973719,0.08779655970384839,0.11264182084393051,0.15934584708238514,0.11305224956495777
55,55.0,55.0,0.09245234388524408,0.10333514435489688,0.07537488325806048,0.08478338264900201,0.07732398146243374,0.1355686792128396,0.09048608292769592,0.07945726076346946,0.15542016721901025,0.10579807426734718
56,56.0,56.0,0.08489316727017934,0.06744872671774135,0.08328206772916565,0.10291974441624459,0.06565991344866325,0.13740690843651054,0.11334579604269863,0.07715397017887629,0.1505799076592851,0.11730979810063487
57,57.0,57.0,0.08512087406607217,0.0955585062850578,0.09599013649145996,0.09963538107369357,0.05958884727251064,0.1300216407845053,0.0768146309349186,0.09080289179369325,0.1623952650220403,0.10407182627604808
58,58.0,58.0,0.09812242446350714,0.10941011529141956,0.08266221089714824,0.07256167289054742,0.06434706989129589,0.1502019217131371,0.09818610083451998,0.08757754940506965,0.12254289363342288,0.1143880409799318
59,59.0,59.0,0.08551917704807707,0.09092986237078762,0.056837942111873985,0.11887916940756153,0.09063844952051987,0.14237627863620111,0.0903002847456299,0.06848653141365925,0.146611123550696,0.10942118119499325
60,60.0,60.0,0.09521565388273154,0.08469809049005564,0.10731519151794075,0.09721540108027928,0.06046734213752035,0.13646694085535008,0.07624780682350067,0.07515754223082567,0.14271266672103383,0.12450336426076178
61,61.0,61.0,0.08234153493331356,0.1076691870656878,0.10168944500904338,0.08463191507792232,0.07407103676099666,0.13120594045253417,0.10401236469778856,0.06872476386396084,0.1378902119102541,0.10776360022849811
62,62.0,62.0,0.07673642942938444,0.09782336194565851,0.09364648949010004,0.09607752758152419,0.08869787248410221,0.14343768337385784,0.0795788006910772,0.070788628766786,0.13168131830805724,0.12153188792945184
63,63.0,63.0,0.09575962664844474,0.09818540915107782,0.10544415381797298,0.10406218232668214,0.044515278493172585,0.1453681948786663,0.08053666298950828,0.053226879514861415,0.1640944015381741,0.10880721064143921
64,64.0,64.0,0.10013522681828715,0.07744448003713503,0.0890368050962968,0.11254015437068905,0.0717688963364812,0.14206470074485233,0.10862553242814169,0.052564512816324335,0.12577259295944393,0.12004709839234802
65,65.0,65.0,0.06884808836038142,0.08533933932213078,0.08107695642531329,0.10569722868610351,0.08017193034677486,0.1367086796061786,0.0770868371196138,0.09238919822787044,0.14931826551256724,0.12336347639306564
66,66.0,66.0,0.07600165442156336,0.09169442344825676,0.07575251895975996,0.09245187854390277,0.0663882290646873,0.13644874051190883,0.09791335469856428,0.08955067715047281,0.15465789054134743,0.11914063265953616
67,67.0,67.0,0.0841446630921021,0.12345494812870095,0.08811563978974818,0.07135286644858081,0.05863373742092996,0.15103822862679733,0.09199807139101224,0.05902119615061615,0.14502879883712574,0.1272118501143861
68,68.0,68.0,0.09440775686803335,0.08805948798320032,0.0878918498386838,0.09090501264188203,0.05874870564542169,0.132376457116028,0.09123292967923491,0.09866104583374517,0.14428206212102096,0.11343469227274938
69,69.0,69.0,0.07467506061804301,0.08142397162434921,0.09150811696458172,0.10319206548529125,0.07743997092375457,0.1464610118112705,0.09147293401587685,0.07616433472697963,0.15173989932261772,0.10592263450723513
70,70.0,70.0,0.09155539335258252,0.1041082251740429,0.0896229729084284,0.09138047813175582,0.050671731341995506,0.16431129543278283,0.0982696382551209,0.06818176354148986,0.13243009008217094,0.10946841177962992
71,71.0,71.0,0.07951491002616431,0.08566797969012656,0.09916921755411531,0.06438713620333827,0.05498201042116152,0.14605083917790418,0.0757762246326782,0.08729424726089349,0.19162700438282826,0.1155304306507895
72,72.0,72.0,0.09416312921997341,0.08530592820326668,0.0926230838678352,0.06928223840378964,0.06190976116440128,0.15533121962725582,0.10010673467015344,0.0695294704710548,0.15168149543666493,0.12006693893560452
73,73.0,73.0,0.07403828586294542,0.1016807429913221,0.10083630226278684,0.08533172842642725,0.06475442658030267,0.14586910964759234,0.09069337114779014,0.06869366629861817,0.14838234533547706,0.11972002144673762
74,74.0,74.0,0.0733554528010455,0.0866678816348489,0.08379394071056985,0.08847418974186132,0.05422392044956623,0.16209062749736797,0.09310329730117164,0.0593828573880534,0.1768273311734286,0.12208050130208621
75,75.0,75.0,0.0826672653562424,0.10193677298300327,0.08871019060147552,0.08202169734385577,0.04759384840319407,0.14111143948613242,0.10163909195590404,0.08185052627573033,0.1549757244958939,0.11749344309856793
76,76.0,76.0,0.09096496366489443,0.09758496638128956,0.09271086543649051,0.07785922250962325,0.05064349011560797,0.15562079814954363,0.07313820306955517,0.06218664921316057,0.17383847224815496,0.12545236921167963
77,77.0,77.0,0.07959567676142706,0.0982906200791627,0.06717236362693561,0.10042171388084846,0.051995791391297994,0.15877324494193942,0.09079582151232679,0.08050469224158763,0.15833179948387605,0.11411827608059781
78,78.0,78.0,0.10151020021488508,0.10042834743108262,0.08050882657668605,0.07927952666002494,0.08061435052445767,0.14569955318863334,0.0887942880320057,0.07714325128657473,0.14831860006887074,0.09770305601677867
79,79.0,79.0,0.08568921261232838,0.07624761044069135,0.08807286833906988,0.08633294014320556,0.07111406626174979,0.13835604461859555,0.10953317165773487,0.06680545912186839,0.15889412389228624,0.11895450291246956
80,80.0,80.0,0.07616667099939743,0.08538599126858659,0.09956469905717932,0.08533435381104673,0.058107844188574544,0.1384926042213242,0.10128352719894396,0.10993207634722502,0.14827487322468183,0.09745735968303988
81,81.0,81.0,0.08066219002400414,0.09537037198122562,0.06569363409316434,0.10262045081176459,0.06241383815793877,0.14858860692705136,0.09425329866388833,0.07076330881403509,0.17123951378888577,0.10839478673804148
82,82.0,82.0,0.07505131090096158,0.09361214329527838,0.0979473620427429,0.0867212242352903,0.06748093522942325,0.1663529838548588,0.08344950871610093,0.10560488325277957,0.13483921108819288,0.08894043738437102
83,83.0,83.0,0.0857517812246782,0.09883238579651288,0.09696096267774461,0.07726589428767007,0.0670580415278878,0.1471697421070998,0.09669142262628315,0.06734304856079923,0.13731344828054487,0.125613272910779
84,84.0,84.0,0.0619402167042048,0.08638512209830167,0.08464345588466651,0.12872694754018896,0.061659123465305686,0.13479033070641747,0.09583237897416683,0.08149963333767758,0.14754441074422636,0.11697838054484373
85,85.0,85.0,0.08652160087201992,0.07562694932792693,0.11240234594956164,0.08384570207424094,0.0724759269075652,0.16629882770731208,0.09592634954977299,0.05956395245146957,0.14366838747290664,0.10366995768722365
86,86.0,86.0,0.10287561799339746,0.07742817051434989,0.08210844305053859,0.09602346689898408,0.0497298919605753,0.14270646998895092,0.10294997432730472,0.0711006328727937,0.1638359160696069,0.11124141632349804
87,87.0,87.0,0.07499824806329136,0.09286110597686523,0.09043360580195357,0.06912144539931506,0.07656988125770367,0.14296513075260922,0.10143668943142799,0.06001577438730834,0.15234801055495498,0.13925010837457014
88,88.0,88.0,0.07779665959616401,0.09809564941342344,0.09438753217085102,0.07641370625229066,0.06086572298405467,0.1638526639911067,0.0913408062702586,0.06613990106395727,0.15668331635600896,0.11442404190188431
89,89.0,89.0,0.07281880722400272,0.0929424664258328,0.0723230004592674,0.12403595286879594,0.053799130044200914,0.1538182100154871,0.09065477006080916,0.07336746603530316,0.15272262219950572,0.11351757466679464
90,90.0,90.0,0.09875250557516344,0.10077331343974778,0.08451250592220337,0.08172401487061577,0.05964468380588239,0.13357179872183564,0.09272543348123344,0.06557155440937654,0.153237151443757,0.1294870383301842
91,91.0,91.0,0.11305089349446865,0.10161210222165999,0.08636234237578903,0.08122087817966687,0.05521012342405953,0.17549634578035755,0.07743282258367315,0.05596098352005137,0.15509671300838654,0.09855679541188686
92,92.0,92.0,0.09061824731042678,0.08758280917970572,0.08010437503666765,0.08503398164333331,0.05072156674400778,0.15945660184884136,0.10624196972980941,0.06693075100770295,0.15542250371439364,0.11788719378511103
93,93.0,93.0,0.07835689832059103,0.09818967646707363,0.09521948914726713,0.08642902672349496,0.05962119761168059,0.15291678280929336,0.0738598730187437,0.08311524694299414,0.15707900756608995,0.11521280139277108
94,94.0,94.0,0.10208030887962435,0.07217391976651785,0.08648657434295352,0.09831851159604695,0.07380198829431034,0.1484264374120455,0.08413153494257622,0.08342599464078186,0.13748042757461235,0.11367430255053061
95,95.0,95.0,0.08965935853233147,0.08425908426798556,0.08127961134198122,0.11835469304506405,0.051902326412227584,0.16708418183866836,0.08708346035200612,0.07166493563081738,0.15317953379767824,0.09553281478123961
96,96.0,96.0,0.08298197348340158,0.10626120609055881,0.09445495263658814,0.08256534637430517,0.04546735483181446,0.1658123673937984,0.07089293345657227,0.07090567108279419,0.15202629501175308,0.12863189963841345
97,97.0,97.0,0.09335666816487016,0.09944121960603303,0.10736290574545007,0.08563476130179115,0.05767716926830857,0.15251996831184395,0.07703362813353246,0.07374900632633002,0.14707750297531846,0.10614717016652168
98,98.0,98.0,0.08375532849441905,0.0801557316665081,0.11161944241212252,0.0996286388015524,0.06584890448537159,0.15052410602144603,0.10780841344919745,0.049289251113519644,0.15161195387696988,0.09975822967889283
99,99.0,99.0,0.08052177362575821,0.0884743911149273,0.09749712656980145,0.07965776599215671,0.05421165350730082,0.15842522808489629,0.08379282508398815,0.07626697579918987,0.13976661690740314,0.1413856433145777
100,100.0,100.0,0.07022512224813543,0.07755200231681429,0.08745487037191621,0.07545818216901597,0.06474017332194634,0.1567694384036466,0.12473269872334616,0.08536790871444874,0.15282948320557824,0.10487012052515163
101,101.0,101.0,0.07397057200798843,0.07804583922636568,0.08422460183419636,0.10090219146378299,0.062081653613671815,0.16784135014562568,0.10481405211586595,0.05693612031650406,0.15984894897372529,0.11133467030227337
102,102.0,102.0,0.06738634307102864,0.0821342463926658,0.08891389887162379,0.10128766964322151,0.06655063198230392,0.13166637535358447,0.08197455755569441,0.08113236801562838,0.1804225091265946,0.11853139998765405
103,103.0,103.0,0.08553597808845519,0.08531755530049465,0.07200307294314927,0.09592764031376826,0.059375741625489864,0.16813737053971958,0.10280955795210403,0.0602763758028861,0.1498613519630206,0.12075535547091212
104,104.0,104.0,0.0796267822473791,0.10846127554024401,0.07897388131630023,0.08367880692221187,0.05766653402697902,0.17406509979421025,0.09021980539035131,0.07072272618932766,0.14156488283296048,0.11502020574003576
105,105.0,105.0,0.11596587898342654,0.07936803305820418,0.09755742812313498,0.08090470468266098,0.06808659191336894,0.15860199986916926,0.07910596937976641,0.07765009680287754,0.12650961172929967,0.11624968545809111
106,106.0,106.0,0.10293293945815005,0.09062277580964848,0.09012378857059825,0.08369698566532639,0.06784637190854083,0.13132395277563122,0.10829309111820251,0.04944283243241082,0.16327369816319925,0.11244356409829181
107,107.0,107.0,0.08865772147056004,0.10311741265798599,0.08060218314084851,0.09527133898230288,0.05771689155743144,0.14215419164059603,0.09383901237021627,0.059438021262082176,0.1791286078956905,0.10007461902228572
108,108.0,108.0,0.06241066573815052,0.08551939169607917,0.10668422495748724,0.1061529366891009,0.05730286766075844,0.16390642155568796,0.09728028341500203,0.07533124097540858,0.14598538402838707,0.09942658328393768
109,109.0,109.0,0.0745649222201258,0.09948780973239248,0.07977899267044822,0.10400163193970105,0.06797010438245216,0.16901749275173944,0.09875192005094954,0.04697768059044082,0.1580047786137927,0.10144466704795736
110,110.0,110.0,0.07728682072183006,0.1008273980646843,0.07986068858572692,0.09905673503353395,0.061957550563614974,0.1656342866783667,0.06703625334681661,0.0884386216406518,0.13299700864092706,0.12690463672384722
111,111.0,111.0,0.08556456706540112,0.09421916035600447,0.07002701652643362,0.09106517267152718,0.08228691763641519,0.16124393901211237,0.09324038706006092,0.061543557266137736,0.1511451385968828,0.10966414380902416
112,112.0,112.0,0.10166885271232769,0.09615705927031347,0.07426425654626796,0.10574535094278022,0.06832154740703761,0.15911452050991462,0.08279437635690057,0.05940865517941618,0.1539974233548858,0.0985279577201555
113,113.0,113.0,0.0791677643140655,0.09078514937550014,0.09419809134870935,0.07723976734741746,0.06480428242830469,0.15635513767113476,0.09013968091304139,0.08582195924070943,0.15971724392967082,0.10177092343144604
114,114.0,114.0,0.09810804080497548,0.11775115117754689,0.0817532615372911,0.08845872630184384,0.05996314578025136,0.14714279729569385,0.07503398516940941,0.05640697760206118,0.1646879153431427,0.1106939989877838
115,115.0,115.0,0.0767926495155779,0.09214271159813588,0.07902551716941279,0.08875999777879011,0.08242343334605158,0.15552696228150517,0.0721818846397626,0.07813510418814479,0.15072602999151757,0.12428570949110114
116,116.0,116.0,0.09654662952667112,0.09831770933069785,0.08041253935495661,0.1313446892956745,0.05779933184125892,0.14405027636804962,0.07491895487411857,0.058795936821800864,0.14676094844910742,0.11105298413766414
117,117.0,117.0,0.0925861262320439,0.08612148657977589,0.07505952042608457,0.0775387041268408,0.05686580957968762,0.16311984041267813,0.08544920121065995,0.1015282642669457,0.13059034829788058,0.13114069886740243
118,118.0,118.0,0.06791896479361577,0.08565588315527498,0.10393414032804134,0.09831488000704194,0.055880893178729296,0.14897221634346217,0.10504175835813864,0.05922518120938697,0.155959222862379,0.1190968597639295
119,119.0,119.0,0.0809139300620626,0.09049351083584949,0.09548561790183838,0.07864499572397206,0.04828374589816602,0.16038597551430606,0.09333547948497296,0.07784163386455914,0.16629624493203835,0.10831886578223453
120,120.0,120.0,0.11133297585182808,0.08398983027142506,0.0751457048207132,0.09628719869834809,0.07368861667542721,0.1742223338402797,0.07049817489530293,0.05056116868738014,0.14954077828838003,0.11473321797091525
121,121.0,121.0,0.08418141864663727,0.07795239430113388,0.07976305422552128,0.0926109219915082,0.073630675622959,0.1522882167081852,0.09869815739711946,0.08604817992024844,0.1629602275603848,0.0918667536263021
122,122.0,122.0,0.10341037850257669,0.07302878214083389,0.07723420340472867,0.10383671009595648,0.06820459649043327,0.15028859455625992,0.10677704205432934,0.0717767225784288,0.16218238189786072,0.08326058827859194
123,123.0,123.0,0.09286770334462699,0.09128277161811228,0.08467534550243701,0.10200433296895181,0.0676596828388671,0.1394550408074649,0.07412065410375443,0.0516726995056242,0.15775039437053642,0.1385113749396244
124,124.0,124.0,0.08114100657709719,0.09995749820458628,0.10376498270456558,0.09140992097903207,0.041139883059612956,0.1312435304649679,0.09024531294215421,0.06684842897027927,0.17230184103530582,0.12194759506239831
125,125.0,125.0,0.06301879884413457,0.08692206241726456,0.09514103009401151,0.09108307216249037,0.05813805225049418,0.1529948290350164,0.09039334043646928,0.08321651971887181,0.1451039808412562,0.13398831419999072
126,126.0,126.0,0.08427600633034715,0.09077516775624137,0.1027885369982851,0.09239872011166679,0.07333359719356597,0.13170001317012475,0.09674590728078826,0.06496130074248697,0.1399166710914977,0.12310407932499556
127,127.0,127.0,0.0702040377902098,0.12116465225238209,0.07909715938226265,0.08134280389206812,0.04789292268475465,0.14446033520730645,0.07815757665009275,0.06706096033710594,0.17075721141697203,0.13986234038684517
128,128.0,128.0,0.06375871415721027,0.11325263257755531,0.07782603229488468,0.09473668665157912,0.04379484897595337,0.160975524320002,0.08726801757428679,0.06526088882245117,0.17674401506840925,0.11638263955766774
129,129.0,129.0,0.0981858030560741,0.09805549443922498,0.08576148106405526,0.08113723159044138,0.09251062877391045,0.14545122490892443,0.06647035492925962,0.04687722327795514,0.16821908335554425,0.11733147460460999
130,130.0,130.0,0.06943399096042753,0.09240190373689502,0.07570126492615463,0.11637395925510849,0.048739916612214704,0.15641139881277877,0.10825222782923297,0.06251893742775101,0.148836038794333,0.12133036164510347
131,131.0,131.0,0.06864524529838731,0.12175019923665145,0.08254025522606165,0.1101948208705125,0.04979875045964981,0.158825069613526,0.08857092705233845,0.07600827313432054,0.14791103670479014,0.09575542240376188
132,132.0,132.0,0.08312158926529477,0.10349545911458571,0.0927030443889913,0.098631275186228,0.06725509578119943,0.13711221152179082,0.08206037640206643,0.08360247831723694,0.13567549844688953,0.11634297157571671
133,133.0,133.0,0.07870739075280117,0.09920827720922357,0.10256725908677058,0.08463599351038167,0.07444946829385005,0.1582670116858153,0.07576291708323003,0.06313287478212111,0.15886397357590032,0.10440483401990577
134,134.0,134.0,0.07705240222417115,0.11987114639262716,0.08929661971704375,0.07702793658842821,0.064603320645886,0.15048483377050986,0.07649354924144694,0.09230617101529079,0.15707515907176503,0.09578886133283072
135,135.0,135.0,0.07420964014016332,0.11408162411636147,0.08181703659319509,0.09279508159626965,0.06647855791997129,0.15427356949131638,0.08199546826767128,0.08767322724083784,0.1453904280628482,0.10128536657136514
136,136.0,136.0,0.08224459086044444,0.09239098240367385,0.09212538870647652,0.07593110655181326,0.06874380642859129,0.15159229640601624,0.11429632151408867,0.0651142235337423,0.14095663277560527,0.11660465081954771
137,137.0,137.0,0.0689095315971889,0.08997194606145784,0.0958524680813719,0.08655776958230074,0.04526860450262832,0.15820359135024348,0.09076809262933769,0.08325488079847292,0.16116330284214644,0.12004981255485139
138,138.0,138.0,0.08318189505816949,0.08605291555495108,0.10062059214975365,0.09478795922145852,0.05991480765405118,0.15222070744650518,0.08098286116204331,0.0972811029196376,0.13729922806330053,0.10765793077012906
139,139.0,139.0,0.08961299363331494,0.10115108375431817,0.08723791268988065,0.09810587056460794,0.04280314339957379,0.14965325146734668,0.09877239280218911,0.06377689857980208,0.14078880247412956,0.1280976506348367
140,140.0,140.0,0.07397535758538709,0.0867550301961014,0.08245703252713052,0.07958010174354195,0.06063979548714399,0.17238291970797898,0.10692521660085988,0.06887186352995421,0.15876386716487345,0.10964881545702816
141,141.0,141.0,0.08705742604657346,0.08748022025663313,0.0790796836622552,0.08731645750595507,0.06596290315543646,0.1517008349261515,0.09996921986515461,0.040333594344931355,0.16488963167221896,0.1362100285646899
142,142.0,142.0,0.07122883834769658,0.07931371027639586,0.11013782715029145,0.08888462169253442,0.04271838895553868,0.15283647885879265,0.10531287646343164,0.05758355316978,0.18128511601136216,0.11069858907417626
143,143.0,143.0,0.10533082478576068,0.08618694792140907,0.07728207783098222,0.11272734975483704,0.05660298921976921,0.13416486302465389,0.0780255655499831,0.0848062033283091,0.14129983251030842,0.12357334607398689
144,144.0,144.0,0.0908195826952897,0.11079386240767015,0.08163641149012221,0.09784474086282115,0.050957415018489126,0.15281605433135273,0.0737166924472075,0.06795386995149069,0.17039485140653715,0.10306651938901923
145,145.0,145.0,0.059918376736025736,0.0855712632040357,0.1073974803980579,0.11333317248811636,0.06406239416244694,0.14344268277922087,0.08302170600486049,0.07475559961310166,0.14811451397088357,0.1203828106432504
146,146.0,146.0,0.08004924783498679,0.08290428322053396,0.11936660393894763,0.0905780365727546,0.036738896735000956,0.15278234408528105,0.09873535397562658,0.07883203651350479,0.15311883085386563,0.10689436626949762
147,147.0,147.0,0.06711833707297846,0.102588759655631,0.09806807017410306,0.09450137264881373,0.054019586671867,0.15744530393369596,0.07567297849480506,0.06668028774562781,0.1494661208776189,0.1344391827248587
148,148.0,148.0,0.08447673839848907,0.08894805032857919,0.07963861797946091,0.09025993523780348,0.06520576732068205,0.13707505628982217,0.06977736849207093,0.09536034052306525,0.15692872114744516,0.13232940428258133
149,149.0,149.0,0.07656945090207347,0.09982749357058668,0.1054369927852121,0.10525438477188524,0.05624708189497879,0.13615617514206707,0.10353023655016838,0.06901377460184213,0.13472482680290188,0.11323958297828378
150,150.0,150.0,0.0946461203390561,0.1252992203686446,0.08723869416032956,0.07845276652040686,0.036999536566577826,0.14357384352176245,0.08726318679895836,0.07104920063116653,0.14554966984466153,0.12992776124843577
151,151.0,151.0,0.10296400898987412,0.0961740389581359,0.07969556670769792,0.08832386373780113,0.07432413514287259,0.1362233559799621,0.08666025359428617,0.07626368863341663,0.13891965890022767,0.12045142935572532
152,152.0,152.0,0.06795759711004248,0.1181165918903723,0.10473731351876352,0.08111799656343818,0.07971134135279868,0.1424400355892535,0.07703251557834886,0.06325886752448028,0.14480578884107698,0.12082195203142483
153,153.0,153.0,0.10053209583724125,0.09576699223092516,0.0912326006173462,0.07143072567427142,0.06954446419802936,0.13363783000170232,0.0846942704286442,0.06395040054545728,0.17231049666605813,0.11690012380032425
154,154.0,154.0,0.07665624297526262,0.08507543724539311,0.09855686076691252,0.07835564103017298,0.07193329681334301,0.16746058076605855,0.1069253414886279,0.052831882966584844,0.16381860575578472,0.09838611019185939
155,155.0,155.0,0.07478022138496314,0.09335423003858015,0.10709093815721955,0.1006982705835238,0.04959583560280062,0.13943991218002397,0.09533977391271233,0.05141370007072672,0.17017159420527841,0.11811552386417094
156,156.0,156.0,0.0997729582726978,0.10378417898366872,0.11274642862122886,0.06451464475495619,0.049124755043285326,0.13850543704643437,0.08350311768337486,0.06953905557807569,0.16277523375753683,0.11573419025874099
157,157.0,157.0,0.08328222104672507,0.10859185270253205,0.09058041759513163,0.09991216662513401,0.03234763808905006,0.13640518155683257,0.10100403320940185,0.07852540994017881,0.16145849723368605,0.10789258200132752
158,158.0,158.0,0.08449547598066526,0.09903951030794614,0.12668686918098843,0.0858265833081997,0.04377431631786658,0.1484372828383716,0.0950273778017155,0.06432608487918537,0.15761002266864055,0.09477647671642055
159,159.0,159.0,0.09137309841600606,0.10295920287158873,0.07998422713760682,0.07919406474555712,0.0398065161506793,0.15008675287822273,0.11778135594254069,0.06077998262267292,0.17802137711121602,0.10001342212390926
160,160.0,160.0,0.07266139155490295,0.0803385514646533,0.1028622675360495,0.12093413057897753,0.06132281486242107,0.15253847416529528,0.07829760947833697,0.0707865455008081,0.14783648330994084,0.11242173154861412
161,161.0,161.0,0.06776078047092608,0.11668834271438547,0.09970448329371602,0.09018298798260785,0.058220318351250785,0.15230255752429223,0.06595292362215757,0.07316116764035072,0.16497688858288703,0.11104954981742583
162,162.0,162.0,0.06784876812479973,0.10643359188586037,0.08862721827562077,0.07013883593625272,0.06204620384205536,0.1659268811218652,0.07850485100360285,0.06335288774924558,0.18174631613249734,0.11537444592819968
163,163.0,163.0,0.08492846902800193,0.08808993981654366,0.0790810623924725,0.10733287906927355,0.0750822380460893,0.14408050016086027,0.07542086175271749,0.06634815812097149,0.14988922418313616,0.12974666742993327
164,164.0,164.0,0.07737971290069301,0.12290505993863159,0.08255640378804538,0.11032008109787561,0.05177586063805891,0.15630922046530418,0.07701148203635051,0.05787815945763972,0.1548803460403166,0.10898367363708412
165,165.0,165.0,0.06574200782394077,0.09776863216251962,0.08406108674885862,0.07531497142941865,0.07182494206969456,0.16452378720683336,0.08974192309375481,0.05470854912924265,0.1767962999303913,0.11951780040534525
166,166.0,166.0,0.06478452440537863,0.09430559644562335,0.10597106413715382,0.08214910408743081,0.05138095017417701,0.15069596367504248,0.07367746054525158,0.09485907176337285,0.162662366235574,0.11951389853099512
167,167.0,167.0,0.07566015411419172,0.08723584420509703,0.08546243898565795,0.09881494075627387,0.05958256698239892,0.15720089277387922,0.0819419048791952,0.06005877005592105,0.16661564427196385,0.1274268429754209
168,168.0,168.0,0.09413507246815009,0.08904478265573817,0.07498811627368689,0.08953829313443393,0.04762941589732994,0.15205776583048655,0.07136605374887936,0.08586380253425677,0.16679273365305203,0.12858396380398593
169,169.0,169.0,0.08745649894070462,0.10414389949792138,0.09855845900954316,0.08271106136940545,0.062185076275679166,0.15536808367110239,0.08574052363780113,0.07439862969055552,0.1308047076041527,0.11863306030313399
170,170.0,170.0,0.05898872051294407,0.12625950295459673,0.09125797954555605,0.0675759168330485,0.04668624249791818,0.14733004218152554,0.07934256676792226,0.10167117218492845,0.16018045346697832,0.12070740305458157
171,171.0,171.0,0.05388271442348058,0.09747933796284092,0.10715289474122128,0.07249981775467307,0.06637972307634547,0.1519041905913855,0.07937862484661067,0.0748485643512938,0.17113972149696505,0.12533441075518328
172,172.0,172.0,0.09580486228704096,0.08766730972434893,0.0897427100339507,0.08744328468619451,0.04865186313928867,0.1448437159587665,0.08893879539882324,0.0851784931998121,0.15847944802499758,0.11324951754677637
173,173.0,173.0,0.06539486244290359,0.08022025068128594,0.09075579042933468,0.09458353132074693,0.05069962120784165,0.16932416186093507,0.08606043494304924,0.07300909724891647,0.15464939191195065,0.13530285795303545
174,174.0,174.0,0.06988740625755294,0.11955818431891754,0.10484218240836116,0.08482190383205557,0.035997651294870314,0.14894144899928075,0.08238364223212397,0.06974197599627681,0.16810960691669882,0.11571599774386172
175,175.0,175.0,0.08729475840103754,0.08642303743974988,0.08134283704567433,0.06678635551551022,0.10719982885974647,0.13529778019763586,0.10137466593328495,0.08022749416608914,0.1313260659616579,0.12272717647961336
176,176.0,176.0,0.07911945119523403,0.06918427738698402,0.09643333687320403,0.10123775303532359,0.06139859220013033,0.13819124207167838,0.10169498712143528,0.07044039816446937,0.16713382225571433,0.11516613969582626
177,177.0,177.0,0.07132148911182898,0.10604033878944633,0.09276346003757083,0.09405038068809082,0.06691429679516403,0.13992652852863982,0.0808378688868564,0.0728689759534908,0.13443472802800016,0.1408419331809115
178,178.0,178.0,0.08783777274659381,0.0903527092091181,0.09286506379607293,0.082701623157642,0.06572782757269223,0.14705693586779672,0.08692653771658101,0.07166246203974644,0.14952014348529502,0.12534892440846132
179,179.0,179.0,0.07678802167300738,0.086784220507482,0.07603886866414102,0.08807519762864124,0.08198652808367128,0.1476413759060061,0.08990771429732893,0.06751814822823374,0.16422405060951084,0.12103587440197705
180,180.0,180.0,0.07259996855752048,0.07650909342981162,0.09033331812414029,0.09660706816194561,0.08266569649526201,0.12936685917252377,0.10042155647204754,0.06143468482307819,0.16552443070054518,0.12453732406312497
181,181.0,181.0,0.07454324649779971,0.08972123905961873,0.08649759605095884,0.08207825944507653,0.0656240631240046,0.16708403096129698,0.10670115514806695,0.06327152935393267,0.14324806096956205,0.12123081938968257
182,182.0,182.0,0.09083313830460311,0.09457831125838727,0.07413855705799276,0.08339828755468792,0.057988642852975926,0.15126154374991665,0.09406204729945916,0.08353925221526351,0.1465422853832245,0.12365793432348882
183,183.0,183.0,0.0594415538856045,0.10987014032380082,0.09815840409939025,0.07110377092948593,0.06352102725200655,0.16286544447074225,0.11984049016432612,0.07402644124897015,0.1378362827831783,0.10333644484249475
184,184.0,184.0,0.06851063860410117,0.12521991979261893,0.11087509493629635,0.07876891426177446,0.06627438798056903,0.1395584867711705,0.08420899351210204,0.06711989166724706,0.14187544651086106,0.11758822596325894
185,185.0,185.0,0.08837236536572762,0.09077353068221464,0.07639476081214094,0.09452995204652781,0.04897284195702019,0.15599559124106985,0.06818159861166262,0.0821317342354166,0.15685056254198926,0.13779706250623008
186,186.0,186.0,0.07049178420501953,0.08432521948640402,0.09304272826441447,0.10866899239752523,0.03697039923057799,0.14676890370723433,0.08314862498756531,0.0690904192772627,0.17327138002726128,0.13422154841673473
