,Unnamed: 0,Generation,Intertwine_two,Add_vertex,Delete_vertex,Invert_path_vertices,Insert_inside_vertex,Delete_inside_vertex,Replace_inside_vertex,Donate_between_routes,Trim_one_terminal_cb,Grow_one_terminal_cb
0,0.0,0.0,0.09999999999999999,0.09999999999999999,0.09999999999999999,0.09999999999999999,0.09999999999999999,0.09999999999999999,0.09999999999999999,0.09999999999999999,0.09999999999999999,0.09999999999999999
1,1.0,0.10900000000000001,0.0999203849663291,0.09935821303707812,0.09870836412643576,0.09956368465374753,0.09981645371735386,0.10076918255536217,0.10154549037649076,0.09923910371239221,0.1011332596780445,0.09994586317676589
2,2.0,0.31601,0.1008445183417482,0.09797293492279932,0.09711090796909883,0.1011759507296361,0.09944545850611101,0.10169225073902852,0.10158682558647526,0.09809603592876351,0.10169067692932138,0.10038444034701775
3,3.0,0.6191589000000001,0.10136786430770053,0.09793385178648589,0.09488303641583071,0.10160272616554555,0.09926609287616948,0.10210542689942322,0.10148971906280445,0.09750915141383174,0.1023594770509748,0.10148265402123346
4,4.0,1.015801321,0.10224853748247957,0.09734198978784084,0.09266818692759675,0.10253357572947927,0.09818774974232254,0.10361267001973765,0.1008973883625277,0.09705534567097815,0.10375552142384988,0.1016990348531875
5,5.0,1.50262148669,0.10197590697663772,0.09580339570063778,0.09014425478975747,0.10175198545082505,0.09777749323336198,0.1056698551919128,0.10199279486318613,0.09573775677124904,0.1057620405407338,0.1033845164816981
6,6.0,2.0757334209441005,0.1007930939824595,0.09692663230117031,0.08797327881865798,0.1025706679049034,0.09550467877693335,0.1076188328934082,0.10226900780561346,0.0945060594454149,0.10754746007207394,0.10429028799936482
7,7.0,2.7307768275633495,0.10035389032521583,0.09668775674834129,0.08641438997733294,0.10118527549763037,0.09637779426051872,0.10923022289531328,0.10208173699486488,0.09242965294993427,0.11060852023541791,0.10463076011543034
8,8.0,3.4630081252450404,0.10045565461597732,0.09591629388642389,0.08516109623260032,0.10186412842205919,0.09487827641124172,0.11071511021700044,0.10306260175040467,0.09057926939497263,0.11233030934141279,0.10503725972790684
9,9.0,4.2673862119061114,0.10038969197218081,0.09504764874318263,0.08384625326738633,0.10146699289778713,0.0931443439261819,0.11331736034041892,0.10271907792399913,0.09032678692087068,0.11333583053544032,0.10640601347255196
10,10.0,5.138652627782014,0.0988652942872159,0.09542309813826433,0.08228272286383603,0.10224151276276691,0.0921669493935007,0.11610422445797487,0.10164572438692228,0.08979145863829482,0.115590182341156,0.10588883273006792
11,11.0,6.071405875792507,0.0987539873379733,0.09431370837339068,0.08289036105597343,0.10282896649426213,0.09202311186423925,0.11659441211737401,0.09939877737782941,0.08856721182639495,0.11716776523219342,0.10746169832036917
12,12.0,7.060169740244025,0.10007061322372193,0.0936408055225105,0.08180115993688857,0.1019389766412746,0.08983159892432158,0.11909112939070052,0.09952436394362743,0.08671463105389937,0.11952496433024477,0.10786175703281049
13,13.0,8.099455520847952,0.09895448632802482,0.09229023340557002,0.07996945327338392,0.1008839122590008,0.0893261815299702,0.12054447979616328,0.09996293945442637,0.0853896421787572,0.12264600946750959,0.11003266230719355
14,14.0,9.183818168183006,0.09948741363241283,0.09229750375458828,0.07963448665509944,0.09982631455585858,0.08889002646240111,0.12002685946855804,0.10011824903958712,0.08320718689649056,0.125710743484988,0.1108012160500158
15,15.0,10.307906369102724,0.09834154390490824,0.09187237682699773,0.07912243146994652,0.10081221988125111,0.08767660467578363,0.12069726808464565,0.09904454375156602,0.08364701032027538,0.12826552749163778,0.11052047359298775
16,16.0,11.466506686239443,0.09785698504730511,0.09229955058108238,0.0777511935760629,0.10038225283419028,0.08602462849168645,0.12211563805601083,0.09880390871902732,0.08223077214959985,0.13062452815239053,0.11191054239264413
17,17.0,12.654581904800096,0.09649575017022476,0.09195176496864939,0.07791531490018064,0.09968537655901631,0.08308463050838684,0.12366809451110355,0.09926262122266445,0.08419268922658815,0.1318473699275441,0.11189638800564158
18,18.0,13.867303782456686,0.09517105001740171,0.09226874482091013,0.07732294345110226,0.09788993560543198,0.0824959294807178,0.12541641883168878,0.09877072501346157,0.08373504370869383,0.13532190316176582,0.1116073059088259
19,19.0,15.100080434523047,0.0952962295022723,0.09192876852820056,0.07514638967392319,0.09741929609772781,0.08148235042516266,0.12796691770180632,0.0983590549806574,0.08350215795181762,0.13818037628381763,0.11071845885461426
20,20.0,16.348578617037543,0.09542200223366622,0.09143860453099471,0.07458904433866524,0.09584639924839607,0.08112238572632062,0.12931151873011892,0.09808791754158401,0.08211576751766723,0.1401701053810256,0.11189625475156115
21,21.0,17.608741195130214,0.09630544619285933,0.0911340701921171,0.07413112980139575,0.09539602617891627,0.07799729339319246,0.13109908087343786,0.09748128459666398,0.08298343276789692,0.14016139623955,0.1133108397639701
22,22.0,18.876800103462312,0.0961198716661071,0.08992161451989625,0.07539877942246176,0.09596195672407004,0.0757771349478012,0.13231304115382378,0.09697178236783899,0.08422727127867834,0.14076422756650442,0.11254432035281788
23,23.0,20.14928511992658,0.09571654866663794,0.08744292442026064,0.0755500220285934,0.0947328269951928,0.07486910035566721,0.13504895425567617,0.09685125300588102,0.083136742307462,0.14247134458245977,0.11418028338216879
24,24.0,21.423028783545156,0.0943060308220177,0.08838367853297255,0.07697337348807147,0.09350940340434095,0.07430514018570576,0.13622783258016571,0.09487019785982148,0.08383624692123337,0.14238283896774687,0.11520525723792388
25,25.0,22.695167792966423,0.0960711391250531,0.08952663041445706,0.07588893559308682,0.09277858951887165,0.07203777604442718,0.13735063195624964,0.09432286113715974,0.08391223395330473,0.14370335775465376,0.11440784450273608
26,26.0,23.963141223515898,0.09712912673835628,0.08942431016810386,0.07640499848724709,0.09246189195695084,0.0700685638516621,0.1372164555868222,0.09466695733626779,0.08434537617002871,0.1443677959811585,0.11391452372340241
27,27.0,25.224685898775267,0.09577909157022481,0.09001377187772999,0.077438244038164,0.09286482066797007,0.06886082839079569,0.13776328107542218,0.09575669864284789,0.08366742620174278,0.14416691462003164,0.11368892291507071
28,28.0,26.477829247520948,0.09681630075883177,0.0910558867152027,0.07770011438799349,0.09513432566935116,0.06623386474805333,0.13809964849440415,0.09558167523894924,0.08272804764542573,0.14383574933864388,0.11281438700314435
29,29.0,27.720879968916847,0.09744383158647439,0.08965317918171388,0.07677955751881423,0.09536602763954599,0.06538138919682714,0.140959421630675,0.0938243938250582,0.08186954927364858,0.14519013247764728,0.1135325176695951
30,30.0,28.95241681848399,0.0969874316455734,0.08995285653773655,0.07625760792515623,0.09460751348347918,0.06324220535935376,0.1436250163586689,0.093472233898715,0.07985872781529552,0.14774562773747094,0.11425077923855037
31,31.0,30.17127581490958,0.0961729034091358,0.09038573110499475,0.07870936132126771,0.09550455327920776,0.062194430146230564,0.14282254002086395,0.09319685418236828,0.07958799091320146,0.14818173537711804,0.11324390024561154
32,32.0,31.376536153543515,0.09472986999191522,0.08971431854268266,0.08001236981767679,0.09495945640800073,0.06286181709991921,0.14272038589486016,0.09258946033251539,0.08028408237666224,0.14822556625823963,0.11390267327752784
33,33.0,32.567505096778625,0.09556555144635372,0.0909002997579942,0.08137352807710733,0.0951451450114329,0.06174498375710099,0.14067210718623457,0.09319063710094277,0.08069106066696868,0.14811835907427162,0.1125983279215931
34,34.0,33.74370209472243,0.09777046889988686,0.09129942943674706,0.07998033828828169,0.09596650453509212,0.061568655805576654,0.13916673855615544,0.09122658003150155,0.08176452912333494,0.1496654980959352,0.11159125722748839
35,35.0,34.90484237192463,0.09640008264948412,0.09326506356573265,0.08021899098709372,0.09830553819880716,0.06268234202246317,0.13855964308813928,0.09132598875345224,0.08059570318913493,0.1486000402794371,0.11004660726625554
36,36.0,36.05082019768737,0.09470717604577818,0.09364307379791591,0.08182897913756057,0.09795481886919247,0.06350291055053603,0.13919497684558518,0.08971921359515986,0.08085859663059312,0.14822731763043046,0.11036293689724815
37,37.0,37.18169203889697,0.09522575641836238,0.09450560121622394,0.08170866859299802,0.09940482584893685,0.06076572024990183,0.13951787881094993,0.08999387578429952,0.08138793519927251,0.14876305340819365,0.10872668447086128
38,38.0,38.29765977559663,0.09386108203067318,0.09511209264732079,0.08284282330577523,0.09763116563739632,0.05857452110004842,0.14092961492708256,0.09185903531610537,0.08081704491402403,0.14857893719191062,0.10979368292966332
39,39.0,39.399054140870355,0.09217904220477718,0.09516941547949512,0.08273327490894954,0.09706100941803857,0.06170065727903584,0.14112736117490748,0.0933114870495694,0.08021292549460722,0.14734446952484861,0.10916035746577088
40,40.0,40.48631852820801,0.09200123521165796,0.09615830289804413,0.08302152819793782,0.09667291459703295,0.06282674335392452,0.14124552803733753,0.09436619147705315,0.07967029365704208,0.14600605027191565,0.10803121229805411
41,41.0,41.55999329152982,0.09204814617104085,0.09582369968012526,0.08437284250492993,0.09517674081837381,0.06270068377074066,0.14101930174329894,0.09680473120968464,0.07759410603917954,0.14670341826281882,0.1077563297998074
42,42.0,42.62070064560415,0.0922280314211639,0.09388923489248527,0.08606244661363593,0.09598497436151127,0.06247060839601761,0.14202893600863986,0.09729777869395449,0.07770872333168806,0.14484991221131127,0.10747935406959219
43,43.0,43.669130257815,0.09190215641755847,0.09503520526193011,0.08726720499782545,0.09620529133520431,0.060952853049803316,0.14369274514585734,0.0944354458489505,0.07743095165092777,0.14509967082457673,0.10797847546736586
44,44.0,44.70602560622662,0.09042940380174751,0.09364012099869734,0.08972601059486825,0.09544511751805398,0.062437658605381655,0.14432890367821033,0.09461651627775866,0.07727892959092526,0.1437353463561312,0.10836199257822572
45,45.0,45.73217116373481,0.09084793967029614,0.09161334400366936,0.08975406930441182,0.09489152030249812,0.06343479643152242,0.14453513739206722,0.09397010441414642,0.07606607672163271,0.14556266961749476,0.10932434214226089
46,46.0,46.748380453854836,0.09086048226893634,0.09251520926921923,0.08943705898470022,0.09579206945119798,0.06304765906109827,0.14404347667904102,0.09221802496468409,0.07455739203618722,0.14690765009978687,0.11062097718514861
47,47.0,47.755485010424316,0.09334327261780737,0.09203204990972913,0.08973791059087499,0.09448062575975902,0.0658070073921189,0.14268819231167046,0.09210946591525711,0.0725316725521801,0.14715300291683772,0.1101168000337651
48,48.0,48.7543242612326,0.09348904780332665,0.08883856238786295,0.08908628461084342,0.09521131521174744,0.06750344074265352,0.14271909740300243,0.09171569293750416,0.07304562146698831,0.14792493305932114,0.11046600437674987
49,49.0,49.745736344347726,0.09271093309758308,0.0889219227347378,0.0897951302915737,0.09597409395862141,0.06830140046247951,0.14310894483387626,0.09220814914043346,0.07211898821821465,0.1468496589121939,0.11001077835028612
50,50.0,50.730549855707864,0.09069526588442957,0.09067247556503433,0.08829155540226868,0.09640290292656498,0.06824936231063664,0.14371788678983158,0.09187845288323578,0.07296432466123202,0.14763091300815925,0.10949686056860707
51,51.0,51.70957651737491,0.09014836381323546,0.0892119420093097,0.08860800282733516,0.0963841795294101,0.0674361664089329,0.14540223448588008,0.09339688795384757,0.073525670718898,0.14787105320627145,0.10801549904687952
52,52.0,52.68360474770151,0.08801340238509998,0.09081082940080613,0.0870711554880376,0.0976685064239648,0.06711240895495243,0.14475425183710552,0.09279322746936063,0.07500508643390735,0.1472611462789917,0.10950998532777377
53,53.0,53.65339410751842,0.08970880516331776,0.09019147236475272,0.08841125186320968,0.09670184453061309,0.06753556119910961,0.14334885116261017,0.09205493981781554,0.07453322972077919,0.14712263940564974,0.11039140477214243
54,54.0,54.61967059027847,0.088346466232165,0.089730816862544,0.08937394959595243,0.0949069120015365,0.06771800045538309,0.14108169409478435,0.0915141230496918,0.07815915621698968,0.14844717370546273,0.11072170778549038
55,55.0,55.58312271885972,0.08842222804524455,0.09092703065289588,0.08823735863352082,0.0937733391982473,0.06881393252951806,0.1404455438832009,0.09125916464730674,0.07844886070180242,0.14935567332272615,0.11031686838553714
56,56.0,56.544398407394254,0.08777479717390965,0.08853906243751702,0.08787652046068829,0.09447686028651885,0.06871896508419165,0.1400080629684393,0.09330794257946436,0.07848934968029124,0.14974994196125355,0.1110584973677261
57,57.0,57.504102543001395,0.08718606377026024,0.08898996564320995,0.08877662845405321,0.09486602177300538,0.06799579724942732,0.138849791834634,0.09169910474226053,0.07987732812739873,0.15129461912918404,0.11046467927656659
58,58.0,58.462795239617805,0.08793570684967739,0.09084662483538822,0.08832606816902454,0.09255658988553553,0.06773669896024878,0.13973709439657114,0.09223945294066384,0.08091323012759606,0.1488105979003883,0.1108979359349062
59,59.0,59.42099071417639,0.0874519280557481,0.09085522772084578,0.08528149846125255,0.0949099016685642,0.07009875217222097,0.13985775066778663,0.09199665118927637,0.08000308332140735,0.1487191247435298,0.11082608199936825
60,60.0,60.379156734137354,0.08796684731460049,0.09024053947618381,0.08730467510137063,0.09510119811795176,0.06941288629817899,0.13940059281347963,0.09035591815637825,0.07973588675847666,0.14822587320746258,0.1122555827559172
61,61.0,61.337714584760846,0.08721535081830714,0.09192900522368996,0.0887630645907529,0.09403615835178813,0.07006652103228224,0.13843371418474046,0.09151463310086996,0.07880634856987605,0.14724456927905982,0.11199063484863334
62,62.0,62.29703950447439,0.08592975526240028,0.09262144370286256,0.08940058338348549,0.09412814137986239,0.07215752102257288,0.13871441997368547,0.09023909746621055,0.07807533484335885,0.14564696280958964,0.1130867401559719
63,63.0,63.257461537171835,0.08658310572565998,0.09333286223708778,0.09119657579079826,0.09502888544166165,0.06978656512935676,0.13920733896821857,0.08908029865710884,0.07558838050353521,0.1473107688650628,0.11288521868151012
64,64.0,64.21926675122782,0.0877004463688058,0.09194757147563612,0.09131470986548389,0.09677768527053186,0.07012535374343129,0.13938222520902144,0.09076083031610464,0.07306026991795347,0.14514384978384676,0.11378705804918468
65,65.0,65.18269877636592,0.08570168690634129,0.09134526480444417,0.09060226661791072,0.09782493723905808,0.07128700232305824,0.13903084546723496,0.08929808629946845,0.07456248136106823,0.1453544772978206,0.11499295168359519
66,66.0,66.14796061122655,0.0844496240107818,0.0913786379581609,0.08933337084661358,0.09752165191098207,0.07104296519675089,0.13866538813158957,0.08994215595059238,0.07580888672079977,0.14611764244542255,0.11573967682830641
67,67.0,67.11521665648885,0.08405258857593997,0.09458788411945132,0.08929186821657642,0.09508809617251066,0.07000133525737792,0.13977325886480077,0.09001000229332842,0.07401512134886923,0.1459269843888014,0.1172528607623438
68,68.0,68.08459493066005,0.08472248680733707,0.09422533029015513,0.08922037457016826,0.0946157583299772,0.06896168915602693,0.1390168150712339,0.09001443052158997,0.07621477823046212,0.1456717366107151,0.11733660041233421
69,69.0,69.05618942810752,0.08344897829120237,0.09317382178483391,0.08950437175367588,0.09538225209915709,0.06979300435753827,0.13967806754699588,0.090054601352266,0.076169260989252,0.14617390058570018,0.1166217412393783
70,70.0,70.03006258152917,0.08390311472340352,0.09437839098340933,0.08959149226532646,0.09496903588992676,0.06794083374638472,0.14212605257997565,0.09078460885043496,0.07532998909099117,0.14475052722651124,0.11622595464363601
71,71.0,71.00624779379335,0.0831843119660345,0.09371577705564191,0.09062483999681169,0.09186192153119602,0.06653221708021925,0.14272504591269766,0.0892671245305896,0.0764144104990018,0.14926597826186355,0.11640837316594387
72,72.0,71.98475200689319,0.0839655173843846,0.0930027413983101,0.09098568336209342,0.0892802809751049,0.06584173508840373,0.1442254358897347,0.09019953064749718,0.07572271045484641,0.14975894356027394,0.11701742123935088
73,73.0,72.96555827861411,0.08275809404355278,0.09392152265356657,0.09214813823539957,0.0883617730511735,0.06546544809811988,0.14474063370847687,0.09019643184070425,0.07495466759802497,0.14989192283748842,0.11756136793349306
74,74.0,73.94862834037681,0.08151593164880808,0.09332473185102762,0.09157699310642728,0.08781906160493118,0.0640666289786126,0.14683774828971358,0.09043960492299961,0.07326973812283513,0.1528410069957565,0.11830855447888831
75,75.0,74.93390511255946,0.0812475619605799,0.09424794076139623,0.0914767569554842,0.08669192334488185,0.06204625748112835,0.1467797614037796,0.09153867708632041,0.07386119967658415,0.153549885312221,0.11856003601762419
76,76.0,75.92131515639825,0.08184999610599639,0.09472053644277266,0.09175894623959685,0.08521454916740394,0.06038836321385459,0.14812182585360367,0.08977875729337007,0.07250702063469275,0.1560884089641019,0.11957159608460709
77,77.0,76.91077104428919,0.08134640782211347,0.09524508222518394,0.08946858560631167,0.08606760827821854,0.05893403976989474,0.1497199182606443,0.08979418578175377,0.07301686008561788,0.1569999136072073,0.11940739856305424
78,78.0,77.90217363294813,0.08306712340135777,0.09596140154308588,0.08851794511153631,0.08486468381189562,0.060417622099860874,0.1499413655184632,0.08961793443057274,0.0732144498175089,0.15683226670326836,0.1175652075624502
79,79.0,78.89541422641172,0.08321809943055725,0.09423268468903846,0.08833868165712834,0.08443154156900436,0.061004785054805576,0.14936389907019818,0.09152496011309705,0.07239778937443084,0.15765380020572087,0.11783375883601895
80,80.0,79.89037661826481,0.0824264348273614,0.09341082686070183,0.08932386948679155,0.08396086890292832,0.06033370231900772,0.14874775668251647,0.09259640089693622,0.07591953339567063,0.15734365852803336,0.11593694810005234
81,81.0,80.88693900474995,0.08210089094866616,0.09358934453054162,0.08692584033279081,0.08527960805261287,0.060138068672421746,0.14910027727956374,0.09294454601190598,0.075512351690983,0.15927030722150148,0.11513876525901244
82,82.0,81.88497576253909,0.08123242653628956,0.09359199783930955,0.08778066482675173,0.08504995905727306,0.060491465792497985,0.1511888668061619,0.09219058514711985,0.0785825551718691,0.15748395284122735,0.11240752598149978
83,83.0,82.88435908692391,0.08145904444116901,0.09411661152188382,0.08855303390697664,0.08391445461848537,0.060837128524782305,0.15130191437581128,0.09274880099552037,0.07778977811627766,0.15589721020068548,0.11338202329840791
84,84.0,83.88496048800103,0.07932477147134827,0.09339119520912584,0.08810049468757893,0.0879721203455202,0.06067054230761104,0.1501243943257404,0.09320471711017683,0.07838746994837842,0.15530640045136454,0.1135178941431554
85,85.0,84.88665214409042,0.07968821866761967,0.09159244251949794,0.09043452800858139,0.08754344322520342,0.0616121808679598,0.15206213534457283,0.09365071528956816,0.07676294614254128,0.15430944945277236,0.11234394048168302
86,86.0,85.88930811312994,0.0817190566784457,0.08999403228555942,0.0897254458869911,0.08833843288788303,0.06029368953797074,0.1515892334133133,0.09477723247137558,0.07628255282250955,0.15532253579391075,0.11195778822204071
87,87.0,86.89280540413424,0.08097063950832803,0.0899730980035542,0.08984361822433681,0.08644057177443877,0.06168540829491948,0.15110066011730192,0.09572149686397387,0.07468989378643531,0.15517065675222708,0.11440395667448441
88,88.0,87.89702491199675,0.08051718129405903,0.09050659157313842,0.09035126584061387,0.08528853159388526,0.061516384078436286,0.15266834218109449,0.09561889842686994,0.07372217212764212,0.15543926973284442,0.11437136315141602
89,89.0,88.90185221995306,0.07958407844702185,0.090547308065408,0.08864205818740724,0.08892517183962169,0.06065109637867222,0.15318765385904598,0.09541517529096534,0.073498156421226,0.15529739246598134,0.11425190904465019
90,90.0,89.90717827491419,0.08127000300757427,0.09139098919344638,0.08815953126853346,0.08831806207125821,0.060388373161707996,0.1516366988014016,0.09539128675839206,0.07251564421899959,0.15519540814756497,0.11573400337112134
91,91.0,90.91289994163006,0.08439199892967786,0.09232800432933515,0.08787377043344231,0.08765540913862976,0.059701029334699646,0.1542526449545782,0.0938138674565485,0.07060088524996706,0.15526999585041512,0.11411239432270627
92,92.0,91.91892044225806,0.08524511958681481,0.09186122962636285,0.08697567466737163,0.08737598653604117,0.05858865516328056,0.15521545910754328,0.09511129435077417,0.06982817990930379,0.15536797102516067,0.11443043002734693
93,93.0,92.92514968840067,0.08484052455649062,0.09245903491795802,0.08761018689266091,0.08724059065280051,0.058398810611577937,0.15547042136867006,0.09315207563826106,0.07072222040721997,0.15562234439449363,0.11448379055986717
94,94.0,93.93150451304501,0.08678389382274318,0.09045279042582925,0.08738404943753597,0.08829956720584607,0.05965825345330958,0.15522531647836563,0.09222302296318734,0.07168186189048104,0.15390598905946146,0.11438525526324038
95,95.0,94.93790881009448,0.08744379527821,0.089672898126467,0.08665085467688048,0.0913564536923908,0.05874322317106978,0.1568025077290907,0.09160115321635787,0.07148687465192256,0.15376692426539063,0.11247531519222007
96,96.0,95.94429358933806,0.08739212371577837,0.0911170691007135,0.08725480108840224,0.0907986992567319,0.05720778979142423,0.15819761515135206,0.08937724082602444,0.07123724029220657,0.15352056816745724,0.11389685260990938
97,97.0,96.9505969547639,0.088338987275413,0.09188626569898123,0.08916114968513986,0.09052132822856322,0.05692947684379655,0.1582001194456163,0.08780494606872585,0.07129358720072164,0.15278902574411668,0.11307511380892563
98,98.0,97.9567640140995,0.08828120732093364,0.09072554338254021,0.09148453464947406,0.09162221638391982,0.057503645636883066,0.15794598557007658,0.0893596461393717,0.06892287808836024,0.15252696742558736,0.11162737540285331
99,99.0,98.96274672736057,0.08786059108677097,0.09040706112542489,0.09236469861076922,0.0906959926669775,0.05694012504133873,0.15843315849294956,0.08854180503953027,0.06929067608605359,0.15109743110646812,0.11436846074371712
100,100.0,99.96850370202192,0.08637898316365214,0.08900886151410482,0.09220394483573667,0.08933205067266714,0.05745852377147301,0.15870595585132977,0.09185224561405336,0.07060155057263487,0.15100382690708763,0.11345405709726054
101,101.0,100.97399994219691,0.08525854239967535,0.08768529696289899,0.09168874883979718,0.090510165122228,0.057732047153271134,0.16003929947359302,0.09316858200146906,0.06908582235218169,0.15163978626744481,0.11319170942744071
102,102.0,101.97920655893245,0.08347884311448339,0.08680653500607842,0.09161936067713837,0.09171293620819217,0.058468612098356666,0.15769983176114616,0.09218578999527001,0.07001979470332947,0.15435159733411605,0.11365669910188925
103,103.0,102.98410044840509,0.08353115225911872,0.08628725724958866,0.08983877411984284,0.09235517458696489,0.05849485171209171,0.15898107577448187,0.09328266490493606,0.06888589633121125,0.15399682069568754,0.11434633236607639
104,104.0,103.98866394444643,0.08300735916347629,0.08812458227323189,0.08875497004382502,0.09174403044597275,0.05835635550373615,0.16081853125958545,0.09310614599793192,0.06882392762966576,0.15280652012076917,0.11445757756180555
105,105.0,104.99288445143917,0.08613604928184188,0.08707221747897692,0.0895400901688172,0.09083593825988712,0.05926681649008756,0.16105839688902085,0.0918070319744939,0.06947988084522642,0.1501173061200985,0.11468627249154964
106,106.0,105.99675406321822,0.08794687473285909,0.08717352159508415,0.08958350770559968,0.09019857105490432,0.06015040713155384,0.15852190727596038,0.09342953090129602,0.06733121446176087,0.15113734521897684,0.11452711992200479
107,107.0,107.0002691731872,0.08829895648726849,0.08854865152656007,0.08867582575437892,0.09071736004822167,0.060009650321532416,0.15705011096569915,0.09359300766278836,0.06621804977931549,0.1537622349106587,0.11312615254357669
108,108.0,108.0034300804274,0.08599471214282893,0.08817215398001196,0.09038637975380881,0.09231796970222791,0.059818639215204826,0.1577517580847222,0.09408672389968432,0.06673772325127496,0.15306397697629237,0.11166996299394369
109,109.0,109.00624059613932,0.08490047741698406,0.08920362036891066,0.0893983335766286,0.09368173758576227,0.06068829517613491,0.15895589424615772,0.09471016777163863,0.06445600851478304,0.1535666983644242,0.1104387669785759
110,110.0,110.00870765431864,0.08408450046192553,0.09036874084578349,0.08842106819963248,0.09451783793386587,0.06094254825115143,0.15980191216916825,0.09214011810877731,0.066373776077718,0.15156275141894993,0.11178674653302767
111,111.0,111.01084093013685,0.084109919039329,0.09086111207629008,0.08647255835826759,0.0945165609819551,0.06321446274907096,0.1601826172783443,0.09219644813590695,0.06563090890253738,0.15138835473583845,0.11142705774246017
112,112.0,112.01265246907188,0.0857577708039455,0.09153161655797404,0.08497816808470428,0.09594891566925645,0.06405337332313422,0.1603229232437206,0.09121298347924914,0.06470796471983867,0.15151419403544883,0.10997209008272818
113,113.0,113.01415632942268,0.08514983937135795,0.09164413402913169,0.08551946120335707,0.09448544088102663,0.06449934808275691,0.16016117630134324,0.0909782096726477,0.06646565226613493,0.15222426375577108,0.10887247443647273
114,114.0,114.01536824044418,0.08643690798054723,0.09443341008684192,0.08484892833045628,0.09411775273172633,0.06441966104506747,0.15905630962935743,0.08924795838474715,0.06529963596368249,0.15343532344714728,0.10870411240042634
115,115.0,115.01630527795908,0.08558044192812211,0.09461609199174707,0.08394171764012608,0.09376037028075186,0.06654940631507883,0.15878121099981474,0.0872633824405186,0.06633410736646744,0.15324161455318328,0.10993165648418989
116,116.0,116.0169855589429,0.08669714255792338,0.09537327167548179,0.08321476823267615,0.09764719150154366,0.06616250717791952,0.15735341115469764,0.08560015613614093,0.06544922486055628,0.15264561254875803,0.1098567141543025
117,117.0,117.01742795623892,0.08740461766496928,0.09486455549230301,0.08199718958430681,0.09610170706131423,0.06563731397495241,0.15784231635068866,0.08504946508323494,0.06885953046936316,0.1504333040886561,0.11181000023021129
118,118.0,118.01765183424293,0.08562644420313853,0.09427271989586673,0.08371945409938787,0.09660275862378312,0.06497843340823352,0.15692034386077885,0.08651709621164168,0.0680251845495093,0.15078068437310646,0.11255688077455382
119,119.0,119.01767680610413,0.0851485098202403,0.09413766225972564,0.08462678678262706,0.09510383781553072,0.06353475076783516,0.15715246326177126,0.08685258296135613,0.06904791845375684,0.15217881422097046,0.11221667365618636
120,120.0,120.01752251271817,0.08771792765702666,0.09332930081651744,0.08351798320062193,0.09535444096462557,0.06462341342050605,0.15877734167778712,0.0849356195423683,0.06732826960396973,0.1519027587267929,0.1125129443897842
121,121.0,121.01720842354362,0.08755139847156332,0.09190463721515002,0.08289807213349903,0.09522168370546417,0.06568806773521225,0.15820077046061687,0.08588597626899026,0.06916161575328227,0.15297263390484944,0.11051514435137225
122,122.0,122.01675365905109,0.089290718391991,0.08999055632874918,0.08205591691192939,0.0961986733655242,0.06618307478407273,0.1574227686124468,0.0876773075999523,0.06955334719515124,0.15395761293540328,0.10767002387477977
123,123.0,123.0161768344173,0.0899430354056868,0.0899236647368371,0.08199387428721552,0.09697110671418208,0.06659430497995414,0.15556786983365237,0.08621486434730442,0.06791773693938566,0.15448314299979385,0.1103903997559879
124,124.0,124.01549592390272,0.08938669772064944,0.0907445260315764,0.08387381435733812,0.09665718779152987,0.06432308595691112,0.1529161816082258,0.08639018920132581,0.06780081028132452,0.15644393723792974,0.11146356981318897
125,125.0,125.01472814520056,0.08699131611938404,0.09027188733983968,0.08490227684286533,0.09628950321136376,0.06374697372628756,0.15248806555091415,0.08660133555678486,0.0693228615508183,0.15564744507082084,0.11373833503092129
126,126.0,126.01388986291661,0.08672146825411393,0.09019832480194857,0.08669503130277863,0.09603808757364315,0.06469193799827559,0.14997834714768557,0.08746454400992673,0.06900612237740474,0.15430643650315135,0.11489970003107154
127,127.0,127.0129965102319,0.08504695370211944,0.09317683539700357,0.08610030761205342,0.094669828203115,0.0630847549841366,0.1488128494487224,0.08647541218739349,0.06889057486444525,0.1560396851706797,0.11770279843033096
128,128.0,128.01206252771334,0.08274692908290535,0.09534617113362417,0.08536791209936503,0.09464451280248026,0.061076564577537545,0.14937189528851091,0.08641305928415997,0.06858827880604285,0.15834546459906187,0.11809921232631185
129,129.0,129.0111013181695,0.0839297336662421,0.095957924097189,0.08542688221681774,0.09326270517428623,0.06396795403537826,0.14843864289352773,0.08428572498964834,0.06644457189919517,0.15975215841801277,0.11853370260970243
130,130.0,130.01012521639834,0.08226163727557884,0.09596411839758472,0.08447727969720749,0.09542149633953986,0.06247856007865066,0.1486648589485823,0.08637115771398132,0.06588373361179944,0.15916454764832277,0.11931261028875238
131,131.0,131.0091454726403,0.08055319949462636,0.0988689006713096,0.08421877631183843,0.09695601917896422,0.06110660246767497,0.14918728587684807,0.08649872778934407,0.06669426476195976,0.15843991265810758,0.11747631078932669
132,132.0,132.0081722485317,0.08034416034649748,0.09988654369110885,0.08498561697044148,0.09731312318293317,0.06150439662987157,0.14758256214048052,0.0859832077847733,0.06827630339911929,0.15645889858159068,0.1176651872731834
133,133.0,133.00721462434865,0.07974237955112011,0.10040979337262672,0.08673936930714765,0.09624817013895355,0.06263935561862684,0.1481490872879653,0.08485026553494887,0.06780643956823247,0.15678699942427954,0.11662814019609868
134,134.0,134.0062806163404,0.07902492809443429,0.10293498984269914,0.08714896137100675,0.09441278494089082,0.06279430507046241,0.14798192137314953,0.08381280724141141,0.07025415609589018,0.1569241784738022,0.11471096749625301
135,135.0,135.00537720296956,0.07807522031631363,0.10479807600363703,0.08679111249955546,0.09416380427989389,0.06313937346027719,0.1482353747458696,0.08335609409985048,0.07221432674253084,0.15588067632346053,0.11334594152861112
136,136.0,136.00451035890612,0.07798532258627164,0.10439862485833959,0.08745014296751383,0.09223963695371476,0.06370985170656943,0.14825573742024212,0.08616153133876558,0.07187716895878095,0.15439324237682264,0.11352874083297922
137,137.0,137.00368509565993,0.07661350138565004,0.10367713876880365,0.08846273078355552,0.09140746735918329,0.06192610148285636,0.14896855891145785,0.08661494986706732,0.07332016322562872,0.15494085273549044,0.11406853548030656
138,138.0,138.0029055077818,0.07672905895330404,0.10249884631049716,0.08992476959780939,0.09143303671025192,0.06161877162685461,0.14910416018756603,0.08608603482343215,0.07612082745363662,0.15310951908147347,0.11337497525517437
139,139.0,139.00217482361367,0.07754069898275584,0.10278374061040259,0.09000929481017,0.09182138948564068,0.05961396869127727,0.14900062121073693,0.08733793271156119,0.07550260757952018,0.15165217332375935,0.11473757259417572
140,140.0,140.0014954596262,0.07682813435097527,0.10158421355593493,0.08957956566381665,0.09038117491217365,0.05942520300509764,0.15118692925822008,0.08939426779165069,0.07533844909783344,0.15202943490239473,0.11425262746190268
141,141.0,141.00086907744122,0.0774665052608355,0.10042886637936889,0.08878384921424426,0.08975060664060831,0.05979977057918569,0.15129835792726976,0.09072467917825279,0.07227221369013427,0.15304889109652592,0.11642626003357437
142,142.0,142.0002966427003,0.0765540895176794,0.09844291646120837,0.09107647710291282,0.08931557012351092,0.05787406130163766,0.1515162328926674,0.0925488604928914,0.07091821151223787,0.15572435751091523,0.11602922308433869
143,143.0,142.99977848500652,0.0790898614809455,0.0971515932375171,0.0900448807712574,0.09130400058004376,0.05737782625480649,0.14985836123777266,0.0915895327444267,0.07228852798455944,0.15438935651876473,0.11690605918990601
144,144.0,143.99931435823203,0.08018334167188604,0.09834044733165999,0.08942424940927876,0.09181956059346966,0.056358908922180054,0.1500744608969061,0.09015961078858648,0.0719617562254045,0.15596646227536756,0.11571120188526066
145,145.0,144.99890350055264,0.07818371565804018,0.09701269024678524,0.0913639096951,0.09389265957077599,0.056698366298175144,0.14935902936925746,0.08963875320068179,0.07230775574558701,0.15530210760405647,0.11624101261154053
146,146.0,145.9985446936357,0.07821448596625485,0.09543659660162031,0.09446685201345767,0.09367734018798891,0.05434516847246884,0.14958994365907935,0.09067517569668596,0.07305127744246673,0.15513274415184294,0.11541041580813424
147,147.0,146.99823632047406,0.07696743578613455,0.0958612368306707,0.09537864424275001,0.09384489331493413,0.053779296705645095,0.15029598650902254,0.08938232017779696,0.07256307968358115,0.15459490691424632,0.11733219983521832
148,148.0,147.99797642142389,0.07748243976944577,0.09494661733236047,0.09438320628896243,0.0935781121814226,0.054391033080047446,0.14896589348383077,0.08749209579369353,0.07493287905894835,0.15480582556702574,0.11902189744426266
149,149.0,148.99776274806447,0.07722515759107473,0.0951514184380442,0.09591970372803373,0.0948042723452342,0.054153874616845586,0.14755801327444257,0.08898903338079397,0.0746353165192977,0.15279649187587707,0.118766718230356
150,150.0,149.99759281456036,0.07879471350734907,0.09792967286429077,0.09557789445128141,0.0933321557917833,0.052036609539905146,0.146918669542639,0.0888549842657571,0.07451483741736999,0.15188985920728948,0.12015060341233448
151,151.0,150.99746394626104,0.08119761676539483,0.09779127918190536,0.09443256135403165,0.09284556672270318,0.05371316009855495,0.14557476316962698,0.08865812876708871,0.07489319865799804,0.150347486817491,0.12054623846520508
152,152.0,151.99737332532905,0.08007725243189766,0.09984480775874444,0.09575856630115008,0.09164183281324574,0.05596688597277556,0.14489340132294865,0.08749820626496542,0.07394694656342381,0.14943368638158466,0.12093841418926378
153,153.0,152.99731803323698,0.08220517785125153,0.09964074135327117,0.09569128693559108,0.0894845068433193,0.05721599609789742,0.14337542144484608,0.08711579459121782,0.07305759219001529,0.15131545779636202,0.12089802489622815
154,154.0,153.99729509002177,0.08191599462233204,0.09834918859856856,0.09631857465836216,0.08805486719428517,0.05870236315303977,0.14529413871655794,0.08897051594921761,0.07105424957961479,0.15236981336733124,0.11897029416069058
155,155.0,154.99730149022784,0.08141553004080385,0.09788193288512316,0.09775892420897234,0.08890546220384841,0.05793865671821668,0.1444405818229902,0.08966075666921998,0.06892719927453822,0.15406852015003744,0.1190024360262496
156,156.0,155.99733423551103,0.08339803251964355,0.09845912060906573,0.09971410799040491,0.08617056321339533,0.057120784659770205,0.1435289264089906,0.08915509786672329,0.06865025455866611,0.1550187509502513,0.11878436122308894
157,157.0,156.99739036391077,0.08369696028553254,0.0995126075162464,0.09938749549739273,0.08703234712442096,0.05462702781558,0.14244817609380522,0.09039357669524548,0.06930852776078561,0.15581984984613154,0.11777343136485953
158,158.0,157.99746697583146,0.0840831733758386,0.09959630394511326,0.10261611863324484,0.08652819250765773,0.05330252058142518,0.14261828099292254,0.09101664666528837,0.06857320995838774,0.15621237786979472,0.11545317547032703
159,159.0,158.99756125680176,0.08512265042669638,0.10005803205108604,0.101092322756651,0.08540418540431197,0.05161840201133152,0.14299451242456773,0.09389291476377376,0.0675143424597864,0.1586207649833376,0.11368187271845759
160,160.0,159.997670497107,0.08424951356625117,0.09824053391397303,0.10179762955137038,0.08850448438805528,0.05213620631081488,0.1436492152462922,0.09277206581777792,0.06749467440048756,0.15796383012667747,0.1131918466783001
161,161.0,160.99779210841066,0.08285774806333931,0.10006074489105132,0.10212727362223127,0.08854393567569652,0.05238384661474894,0.144303748710934,0.09038408861736931,0.06774735407207609,0.1589853558148106,0.11260590391774267
162,162.0,161.99792363749984,0.08146298820018187,0.10083973566580264,0.1012919988809114,0.08659141715300724,0.05304767615473507,0.14633524927700248,0.08924579022519397,0.067048075923078,0.1616415870167722,0.11249548150331519
163,163.0,162.9980627773051,0.08177953221290658,0.09976240071834773,0.09945898821935577,0.08838902898372142,0.05503871143799918,0.14617487800881224,0.08780551335493171,0.06668130074441397,0.16104753319475879,0.11386211312475267
164,164.0,163.9982073753568,0.08134103557977888,0.10215758666882904,0.09795303350524416,0.09049503833507991,0.05470044071821475,0.14723247211940588,0.08654447968403683,0.06550087179104876,0.16090041385054854,0.11317462774781328
165,165.0,164.99835543984977,0.07974300487549787,0.10200708597934906,0.09659417626145306,0.08908818621208481,0.056371659412770767,0.14909653097655207,0.08658726350949501,0.06404529757684625,0.16289940115166446,0.11356739404428667
166,166.0,165.99850514349492,0.07806901892927318,0.10148294724895915,0.09743687158574463,0.08836770041936377,0.055985889874888665,0.14954567415710737,0.08505086929339965,0.06665696556300099,0.1634240653409743,0.11397999758728829
167,167.0,166.99865482534062,0.07751714960331331,0.10023247365952224,0.09622977678797155,0.08932366090947981,0.05641280957460985,0.15061189882467016,0.0843808248448267,0.0658094576417988,0.16428397392393818,0.1151979742298694
168,168.0,167.99880299074837,0.07884938909045407,0.0991579749795489,0.09398828582075555,0.0893512733868682,0.0556334197699299,0.15112307827062949,0.08269581052842315,0.06756969688469161,0.1650989172901947,0.11653215397850442
169,169.0,168.99894830970783,0.07953340410991315,0.0995997059285531,0.09413797652837609,0.08869527163749055,0.056307494944826876,0.15192351843165305,0.0825034470647567,0.06819033597542067,0.16225050187856427,0.11685834350044554
170,170.0,169.99908961367427,0.07738147073295819,0.1022542660640181,0.09358685504364753,0.08653151350673413,0.05542305503776657,0.15187455608001105,0.08172289502619945,0.07153824834366547,0.1623100446516353,0.11737709551336419
171,171.0,170.99922589110733,0.07475020258255223,0.10200540605566681,0.09465704847197744,0.08488696531447894,0.05650903905385655,0.15224245966553437,0.08100020071678399,0.07217043793013496,0.16343826403855133,0.11833997617046332
172,172.0,171.99935628188598,0.07636560115195219,0.10075496854337318,0.09400416254943972,0.08477734715900337,0.05581234551485673,0.151864142738502,0.08128957713482961,0.07379918270702092,0.16326464871416316,0.11806802378685906
173,173.0,172.99948007076793,0.07497285249134931,0.09875399228981237,0.09347525873353928,0.08541937485780252,0.055318492312856515,0.15390149782659235,0.0813386720481332,0.07416190651605661,0.16267753730401746,0.11998041561984031
174,174.0,173.99959668005403,0.0740728531777872,0.10070156960928554,0.09438068981408951,0.08511267860248205,0.05335763872870904,0.15385107276005167,0.08106239582796307,0.07415011772625338,0.16341487708144045,0.119896106671938
175,175.0,174.99970566161096,0.0749617345407274,0.09932944065599095,0.09295025817625874,0.08303018939333481,0.05853948838512554,0.15239222708239286,0.08272606206396765,0.07514397821511193,0.16044707608396966,0.12047954540312034
