,Unnamed: 0,Generation,Intertwine_two,Add_vertex,Delete_vertex,Invert_path_vertices,Insert_inside_vertex,Delete_inside_vertex,Replace_inside_vertex,Donate_between_routes,Trim_one_terminal_cb,Grow_one_terminal_cb
0,0.0,0.0,0.09999999999999999,0.09999999999999999,0.09999999999999999,0.09999999999999999,0.09999999999999999,0.09999999999999999,0.09999999999999999,0.09999999999999999,0.09999999999999999,0.09999999999999999
1,1.0,1.0,0.12372722561915935,0.1045038345818575,0.09294211514256037,0.09285534640710677,0.09693840898686361,0.0979009819490532,0.07424838093270188,0.057704474793696656,0.12980489428561462,0.12937433730138562
2,2.0,2.0,0.1289284656332323,0.09757548559769227,0.09488790418627724,0.09680209529996084,0.09834448855465731,0.08902217288535387,0.06804137646960892,0.0719352253552365,0.13214988116499318,0.12231290485298714
3,3.0,3.0,0.1349880610564731,0.1004078943496105,0.09275708435265202,0.10170210626766599,0.09810882960385446,0.08505279935766837,0.07163501537617081,0.05941847646151612,0.13315457757989121,0.12277515559449699
4,4.0,4.0,0.1356367651900146,0.09968420155981397,0.08700319732214312,0.09062685278640456,0.0896412336942479,0.09235278651316622,0.06459624355315662,0.05516143042189507,0.14142158081512618,0.14387570814403128
5,5.0,5.0,0.13943148397958188,0.11226180647934492,0.10323793194625544,0.084519875471136,0.09417649606449732,0.09546493025469067,0.0602437103124124,0.043466944883407146,0.14170224482884636,0.1254945757798274
6,6.0,6.0,0.1270017542773853,0.1081779515568464,0.11398008120053627,0.09358774119085847,0.09375224367207544,0.08088738745422247,0.0675588049661831,0.05512659867813141,0.13744076063848698,0.12248667636527363
7,7.0,7.0,0.13689127228899933,0.10102538502592558,0.0984770424195128,0.0800153168255507,0.084468703540466,0.09649803028241025,0.05728911565000684,0.0658252634699878,0.1543544358205346,0.12515543467660553
8,8.0,8.0,0.12167232479166139,0.11113768113569604,0.08985182453657863,0.08771886806968487,0.07210323302171204,0.08595274385542676,0.06889225037775103,0.06109550081371917,0.16460333296944757,0.1369722404283221
9,9.0,9.0,0.12249502651336466,0.11692372876001789,0.09829396006884523,0.07725879923373002,0.0622393701024407,0.08712032657505231,0.06248963647974522,0.07456197888922851,0.1595757003813381,0.13904147299623684
10,10.0,10.0,0.13611951941837627,0.09796250625281447,0.09965271131907313,0.07911921032823628,0.07245640824217185,0.09712621608636057,0.05197414862365805,0.0644537865499911,0.15276413466660357,0.14837135851271427
11,11.0,11.0,0.13866947734851562,0.08872354595219152,0.10437940645967123,0.06107994200939332,0.09359113477705988,0.09061131135213436,0.042952009221703294,0.07188465585689523,0.1675993647253401,0.14050915229709499
12,12.0,12.0,0.12887768296210117,0.1093280669367459,0.11425175448826327,0.055892380171760736,0.082736473619155,0.0893877062016714,0.06727689556283954,0.06336707661470913,0.14542098571458698,0.14346097772816635
13,13.0,13.0,0.12902251978408544,0.10172415926908758,0.09277262632552305,0.06588074148247125,0.09100516515921177,0.09423182751143618,0.05941887403182398,0.06420121109132895,0.1556136585615812,0.1461292167834502
14,14.0,14.0,0.1386265255230088,0.1147846195426476,0.0854290972024964,0.0647389517844207,0.07725422960931717,0.08149959789599319,0.060665376030849164,0.05642958418721376,0.1811956572444979,0.13937636097955491
15,15.0,15.0,0.15451659469764756,0.11168661260833405,0.09404926818292024,0.08216707150244047,0.05821583461625607,0.08008035773707957,0.04389500887613031,0.04682678523993538,0.16966677138702385,0.15889569515223206
16,16.0,16.0,0.15355489576466577,0.09774877677296581,0.10720225498188245,0.08004854888615914,0.07623265278769863,0.09994226090106122,0.04355997940548705,0.06204876132860152,0.15472636970689987,0.12493549946457816
17,17.0,17.0,0.1448407156069634,0.11795217284977703,0.111215395156166,0.06594448355495679,0.07060429129588204,0.0779090336210141,0.04942171944571182,0.05772122622051472,0.16843986335492253,0.1359510988940911
18,18.0,18.0,0.15014875603884661,0.10341648831772936,0.10282057001720499,0.08540112479013126,0.06162586682715012,0.09236973997159745,0.03862434044876968,0.05983335463042294,0.17290413753701922,0.132855621421128
19,19.0,19.0,0.13065965159146234,0.10503078457151369,0.10616915453705036,0.04488102375361961,0.07681687089419531,0.10254261048791588,0.04388810531813048,0.06181281843027694,0.18524373092343202,0.14295524949240304
20,20.0,20.0,0.1337088398858101,0.10294196564875202,0.14489313584123414,0.041096295563916786,0.06557900033302697,0.08454723885085177,0.03552617973336958,0.06413244448432322,0.19982378819254204,0.12775111146617318
21,21.0,21.0,0.13088966648539543,0.09144688687293337,0.11231775730043625,0.054530222035492924,0.0669262871032276,0.07928482331406615,0.036899214601089046,0.06348009123787329,0.2182099449977625,0.14601510605172308
22,22.0,22.0,0.1275134768345182,0.11020762426987826,0.10380062525476823,0.05497846451737688,0.050576597299103,0.08821469135559439,0.04437083883480616,0.06631315367664152,0.22160619360572542,0.13241833435158756
23,23.0,23.0,0.12725840468126376,0.13896530690680584,0.1223909600203377,0.06628058677150798,0.06693195842241188,0.06103729274100724,0.034404213202098334,0.06240390980348801,0.2125451241520968,0.1077822432989822
24,24.0,24.0,0.14798990136331985,0.10201521465191261,0.12315866213562052,0.043520129365810865,0.05542016245703232,0.08370428544665418,0.053124723485542855,0.07092747162469988,0.18353051662981765,0.1366089328395889
25,25.0,25.0,0.12261593114307165,0.10440483648460692,0.09887822477743642,0.06716464123982327,0.056571860930101484,0.08391267174492757,0.03564710833311941,0.07934331947248505,0.20349299123183356,0.1479684146425944
26,26.0,26.0,0.14095607618708172,0.10593463944155648,0.1268276071970754,0.06867116870207826,0.038893796620571984,0.044279721025004805,0.030000000000000006,0.06472966575515923,0.2579901509800724,0.12171717409139951
27,27.0,27.0,0.14687045718131683,0.10749609298895402,0.11795096392511864,0.06362531383293911,0.0722386094511571,0.04853677509473473,0.030000000000000006,0.032611956582729106,0.2833840599935502,0.09728577094950006
28,28.0,28.0,0.13613917953092258,0.11411597919761163,0.10410014491492099,0.034192395272392165,0.08992987387428182,0.08423436727471882,0.030000000000000006,0.05619807946213497,0.24471649869349324,0.10637348177952366
29,29.0,29.0,0.11961586851793496,0.07620258886734609,0.119333994522472,0.051459361982898535,0.04347480924195059,0.11795458270211404,0.030000000000000006,0.0889483030608086,0.23237919121959338,0.12063129988488155
30,30.0,30.0,0.16947630404325226,0.13672194523088,0.11392975644251968,0.03597780605965241,0.055720452200164826,0.05985718480640643,0.030000000000000006,0.03772509162579416,0.24341397780164659,0.11717748178968343
31,31.0,31.0,0.1801723350003795,0.11975780651795875,0.12568734360051437,0.030000000000000006,0.050893206941605505,0.05744605064231405,0.030000000000000006,0.03856801030738083,0.20666270750755222,0.16081253948229454
32,32.0,32.0,0.15018856860115737,0.09992139993513424,0.1331775099568053,0.04485566386744013,0.04061442115170401,0.06413970998373744,0.030000000000000006,0.030000000000000006,0.26962547287436694,0.1374772536296544
33,33.0,33.0,0.14520710245376361,0.06372305739983691,0.12744585202916656,0.04807138787644114,0.053259875990045766,0.09040920100856373,0.030000000000000006,0.030000000000000006,0.28036563282085397,0.1315178904213281
34,34.0,34.0,0.1416688182363864,0.06313996535982438,0.1554548350406024,0.030000000000000006,0.032488612734446906,0.07563212548409295,0.06279875509153318,0.030000000000000006,0.2546559924241873,0.15416089562892624
35,35.0,35.0,0.12817202781096115,0.08923641780003778,0.09048665324585235,0.07374653924222523,0.030000000000000006,0.09654159778663414,0.030000000000000006,0.09701157870899918,0.25438280905664035,0.11042237634864964
36,36.0,36.0,0.18388607672113716,0.06242595847357187,0.12212942676693869,0.0321828916069094,0.05150342835765841,0.07677681354792079,0.030000000000000006,0.05777349778762345,0.21413324357512448,0.16918866316311554
37,37.0,37.0,0.19060734759951012,0.04190813842968918,0.16449258032582376,0.054725557707569115,0.030000000000000006,0.04274659323612175,0.030000000000000006,0.030000000000000006,0.28544356844720137,0.13007621425408447
38,38.0,38.0,0.1672336980870497,0.057133591804966424,0.09802232447964081,0.05730599351045812,0.055900279444899295,0.04504177068360007,0.030000000000000006,0.03497022175109086,0.2854391938585627,0.16895292637973178
39,39.0,39.0,0.141211725097316,0.11431469877749559,0.1425916624563322,0.05711696567131595,0.050233540080460784,0.10002164240561325,0.030000000000000006,0.030000000000000006,0.23381476056035946,0.10069500495110659
40,40.0,40.0,0.16307584392239205,0.08140263904616499,0.08867957281306389,0.043668412892415985,0.09103358702591162,0.03556509490240123,0.04945474091266509,0.0434251063583367,0.25338806652468093,0.15030693560196734
41,41.0,41.0,0.1735761449902983,0.07296101362252268,0.0906420959356566,0.036488847920508896,0.0486241276516283,0.07074418653035996,0.04099074221129445,0.030000000000000006,0.2806339225260006,0.15533891861173
42,42.0,42.0,0.13792711490110848,0.07573037547377211,0.18442004498048598,0.05115379415081239,0.030000000000000006,0.06026383697817282,0.030000000000000006,0.030000000000000006,0.28467743647089916,0.1158273970447489
43,43.0,43.0,0.13508978668007318,0.09133874777330972,0.11769313599776858,0.045866164533221045,0.030000000000000006,0.06427542500248672,0.030000000000000006,0.030000000000000006,0.2704719083888091,0.1852648316243314
44,44.0,44.0,0.14761818857809975,0.08732080513034682,0.10129229776985507,0.030000000000000006,0.030000000000000006,0.04169611706522589,0.030000000000000006,0.030000000000000006,0.2989839627465306,0.20308862870994168
45,45.0,45.0,0.13701332407051098,0.07349777121506582,0.11039601071232145,0.05320372200467692,0.030000000000000006,0.0685356187121893,0.030000000000000006,0.030000000000000006,0.30673647502887613,0.16061707825635915
46,46.0,46.0,0.1724530115314553,0.06658241979499194,0.11973722287791203,0.06607938331230019,0.041513003365889325,0.04286667105142618,0.030000000000000006,0.030000000000000006,0.32236279736015927,0.10840549070586561
47,47.0,47.0,0.14802937100579316,0.09573504470133,0.1149697413815786,0.03344941990397132,0.03230577863805421,0.08032150890176315,0.04920731707317074,0.030000000000000006,0.285970290125914,0.13001152826842458
48,48.0,48.0,0.10881694363436853,0.09123969882735745,0.12183889564922316,0.030000000000000006,0.06029258626164209,0.05899365184966705,0.03350228907782864,0.030000000000000006,0.31824856780566735,0.1470673668942455
49,49.0,49.0,0.1874980826358456,0.08118294111326803,0.1011775803917682,0.10305012907760114,0.032805628606622825,0.05290794328515649,0.030000000000000006,0.030000000000000006,0.24451335067196914,0.13686434421776844
50,50.0,50.0,0.16734226616518194,0.12675312455449478,0.10103650881143325,0.03175823134248782,0.03888939282272238,0.06641964033132672,0.030000000000000006,0.030000000000000006,0.2470236630101319,0.16077717296222097
51,51.0,51.0,0.13260151260166558,0.09876618591910277,0.09946242943534411,0.030000000000000006,0.04868033538818278,0.07536528930079453,0.030000000000000006,0.030000000000000006,0.2771582618707275,0.17796598548418247
52,52.0,52.0,0.1282081711315122,0.06903597139558099,0.11961345982221323,0.045078471801717604,0.039047083081030554,0.07171482000347516,0.030000000000000006,0.030000000000000006,0.3256721308956088,0.14162989186886127
53,53.0,53.0,0.1415492667374078,0.06629136668757653,0.10892112705159271,0.030000000000000006,0.05522987540511198,0.05043750048161424,0.030000000000000006,0.030000000000000006,0.32886684097397917,0.1587040226627175
54,54.0,54.0,0.18047862774596182,0.10407933491405978,0.08549299699516297,0.030000000000000006,0.04716626166699582,0.055680662050542416,0.030000000000000006,0.030000000000000006,0.31277108360561084,0.12433103302166619
55,55.0,55.0,0.17398109335100748,0.127311483111019,0.10342453307266815,0.030000000000000006,0.030000000000000006,0.055296475409454114,0.030000000000000006,0.030000000000000006,0.3094926610378984,0.11049375401795267
56,56.0,56.0,0.11737794660126791,0.09020518681706288,0.2164622398599251,0.030000000000000006,0.04640097267319711,0.0363019284654568,0.030000000000000006,0.046929178391673265,0.276320723914557,0.11000182327685984
57,57.0,57.0,0.14461950026082876,0.061430995864515794,0.14574735471536154,0.0392735060262848,0.03349555986469401,0.06831388769188382,0.046027571606789566,0.032772046141635626,0.31974266519607875,0.10857691263192722
58,58.0,58.0,0.15041645536462686,0.09227855668441676,0.09341788475986863,0.04377443137507135,0.035425429041353464,0.0704492242239622,0.030000000000000006,0.04903429028812094,0.27104936522383005,0.16415436303874967
59,59.0,59.0,0.1783043298359198,0.07483541066698637,0.16244323159849655,0.030000000000000006,0.030000000000000006,0.05460093648404453,0.030000000000000006,0.030000000000000006,0.2729463218869784,0.13686976952757418
60,60.0,60.0,0.16729706856088775,0.10790337055283741,0.10096146425416516,0.030000000000000006,0.08185878350654786,0.043911174574200296,0.030000000000000006,0.07010648033274694,0.22826059505887364,0.13970106315974068
61,61.0,61.0,0.1737132394655066,0.12884057260341997,0.09443194073510375,0.030000000000000006,0.030000000000000006,0.030000000000000006,0.030000000000000006,0.03316605904407908,0.30258793425717545,0.14726025389471503
62,62.0,62.0,0.12114379450942273,0.188401227814951,0.07030764901037964,0.030000000000000006,0.04657352502026365,0.05364032903575936,0.030000000000000006,0.030000000000000006,0.3141179931797156,0.11581548142950797
63,63.0,63.0,0.15207399136416572,0.19419729863063348,0.11431583368650658,0.030000000000000006,0.04865356025819614,0.03828212952234611,0.030000000000000006,0.030000000000000006,0.2266976334181437,0.13577955312000806
64,64.0,64.0,0.14051439072189204,0.11701413792539368,0.1470694193239657,0.030000000000000006,0.07219630103716553,0.07236867140511123,0.030000000000000006,0.030000000000000006,0.2627956450956207,0.09804143449085093
65,65.0,65.0,0.1551693949398369,0.12796070956260652,0.1229734380978349,0.06242143689441028,0.03705901184505388,0.06094278908310106,0.030000000000000006,0.030000000000000006,0.2647617185497767,0.10871150102737961
66,66.0,66.0,0.17146153841212133,0.10403412835503675,0.10556338060260664,0.04805571157913934,0.04659707036116066,0.04481850797652358,0.030000000000000006,0.030000000000000006,0.30420119403954776,0.11526846867386387
67,67.0,67.0,0.10393311569621475,0.08605782939834317,0.1454971521308833,0.030000000000000006,0.05015598592177867,0.030000000000000006,0.030000000000000006,0.030000000000000006,0.33019617868366713,0.1641597381691128
68,68.0,68.0,0.1158460795154713,0.04541010641882511,0.15633653127374436,0.04877727315628745,0.038878703901087185,0.05288361749444033,0.030000000000000006,0.030000000000000006,0.31272973560719053,0.1691379526329536
69,69.0,69.0,0.15983983157777037,0.09436160844648475,0.09952835856967138,0.030000000000000006,0.030000000000000006,0.030000000000000006,0.030000000000000006,0.04043267679436892,0.3578820264533608,0.1279554981583435
70,70.0,70.0,0.1320434326920535,0.061599124488155146,0.15589432309288273,0.030000000000000006,0.030000000000000006,0.030000000000000006,0.030000000000000006,0.030000000000000006,0.3373557161718697,0.16310740355503875
71,71.0,71.0,0.1706691708888311,0.08705185432225553,0.14053918865554055,0.030000000000000006,0.030000000000000006,0.04251031565917063,0.030000000000000006,0.030000000000000006,0.29589036926347206,0.14333910121073007
72,72.0,72.0,0.1499447349806219,0.0800898702610642,0.09964583400481507,0.05041536112326724,0.06027847497941724,0.05352777617976427,0.030000000000000006,0.030000000000000006,0.3233290184179439,0.12276893005310592
73,73.0,73.0,0.1653444829121614,0.10033869479898985,0.08663749139444614,0.04897667513602912,0.030000000000000006,0.03969981895789755,0.030000000000000006,0.030000000000000006,0.3746920171746984,0.09431081962577748
74,74.0,74.0,0.16714257903789626,0.07447778654180283,0.07028322869075589,0.030000000000000006,0.07063467843674513,0.03627221497561639,0.030000000000000006,0.030000000000000006,0.38963362476654545,0.10155588755063798
75,75.0,75.0,0.17172978155118374,0.06846190778423351,0.1031897147569445,0.030000000000000006,0.048785627801956874,0.030000000000000006,0.030000000000000006,0.030000000000000006,0.28921466531753975,0.19861830278814152
76,76.0,76.0,0.11773346573505727,0.0855393748873208,0.0767567369581498,0.030000000000000006,0.05804774083546462,0.030000000000000006,0.030000000000000006,0.030000000000000006,0.3539816529486332,0.18794102863537415
77,77.0,77.0,0.1501178930809624,0.07416873495808037,0.05262249279209412,0.038817679558011055,0.039658189627537435,0.060301670077676416,0.030000000000000006,0.030000000000000006,0.3370469723894669,0.18726636751617115
78,78.0,78.0,0.13776104828517838,0.08769801013052805,0.0975073605680106,0.030000000000000006,0.034651476659256907,0.043190977616545924,0.030000000000000006,0.030000000000000006,0.3536367544608389,0.15555437227964108
79,79.0,79.0,0.12694918134256494,0.10073852106750625,0.13743658553079222,0.046011970363855126,0.030000000000000006,0.0659904833335657,0.030000000000000006,0.030000000000000006,0.3223386719566602,0.11053458640505545
80,80.0,80.0,0.12821648871569208,0.09243186320274416,0.16344764595643216,0.03178279054443822,0.0412910067814421,0.04778179921756813,0.030000000000000006,0.030000000000000006,0.3104488892991485,0.12459951628253456
81,81.0,81.0,0.12019326587471697,0.12666179406394537,0.1266054364873932,0.05659103775639072,0.030000000000000006,0.052056427515588276,0.030000000000000006,0.030000000000000006,0.3005085011697599,0.12738353713220543
82,82.0,82.0,0.12900028914222783,0.07713166366289133,0.08992337339335477,0.03191542288557213,0.08918181818181818,0.06788902794551274,0.030000000000000006,0.030000000000000006,0.3141738290461955,0.14078457574242728
83,83.0,83.0,0.1446831926980205,0.11069983415456242,0.12471693100252856,0.03768775881646248,0.030000000000000006,0.07579981372960007,0.030000000000000006,0.030000000000000006,0.30961445989269226,0.10679800970613358
84,84.0,84.0,0.10990566429961435,0.12728467500995286,0.16051642507160307,0.030000000000000006,0.06086507379357621,0.03646209858603019,0.030000000000000006,0.030000000000000006,0.26148663833430963,0.15347942490491356
85,85.0,85.0,0.14578698906235743,0.10085633570748272,0.1050816696215358,0.030000000000000006,0.04961967538777932,0.03848966143308534,0.030000000000000006,0.030000000000000006,0.2800466051801471,0.19011906360761208
86,86.0,86.0,0.17498155165816337,0.07425033364560456,0.10474456728986108,0.046669644254157004,0.06279967442130482,0.036439559078736236,0.030000000000000006,0.030000000000000006,0.2882635975686011,0.15185107208357165
87,87.0,87.0,0.08162140575613844,0.12201077019272152,0.14932654275404705,0.04410602227551993,0.030000000000000006,0.04446716676864608,0.030000000000000006,0.030000000000000006,0.31912998549063476,0.14933810676229206
88,88.0,88.0,0.11507458238723753,0.1508490508210674,0.08886979206760441,0.030000000000000006,0.030000000000000006,0.030000000000000006,0.030000000000000006,0.030000000000000006,0.3791404284356083,0.11606614628848229
89,89.0,89.0,0.13798215673974315,0.11803223336809968,0.09022324422489685,0.030000000000000006,0.037883842083697696,0.030000000000000006,0.030000000000000006,0.030000000000000006,0.36952319434836356,0.126355329235199
90,90.0,90.0,0.18092817859435512,0.1066401412371829,0.09732087846127287,0.030000000000000006,0.057260563380281695,0.030000000000000006,0.030000000000000006,0.030000000000000006,0.3071176732469214,0.13073256507998593
91,91.0,91.0,0.13503585650114158,0.08450727698589258,0.07976002911158867,0.030000000000000006,0.04391025641025641,0.048439689007426415,0.030000000000000006,0.030000000000000006,0.393293127406391,0.12505376457730333
92,92.0,92.0,0.1529165030960288,0.13135057861674868,0.0689644255962097,0.030000000000000006,0.030000000000000006,0.030000000000000006,0.030000000000000006,0.030000000000000006,0.37969107602479324,0.11707741666621949
93,93.0,93.0,0.16038944560921714,0.046229302471265825,0.13029113785003557,0.030000000000000006,0.030000000000000006,0.030000000000000006,0.04475432577953624,0.030000000000000006,0.3107357020842088,0.18760008620573634
94,94.0,94.0,0.17897030040433132,0.09571110991189774,0.08397214080548797,0.030000000000000006,0.030000000000000006,0.0605400199313906,0.030000000000000006,0.030000000000000006,0.3677503562799744,0.09305607266691789
95,95.0,95.0,0.23753376391364966,0.07505243998957879,0.13056626885374664,0.030000000000000006,0.030000000000000006,0.034733984023474315,0.030000000000000006,0.030000000000000006,0.306913746664119,0.09519979655543145
96,96.0,96.0,0.14635987228249941,0.06182999397237974,0.1387387192305734,0.06708781030011116,0.030000000000000006,0.039068339803195816,0.030000000000000006,0.030000000000000006,0.37141406294753276,0.08550120146370759
97,97.0,97.0,0.12342808357856705,0.07797454231054116,0.0927900478341973,0.031203608719816478,0.08000552514325358,0.05615486011830593,0.030000000000000006,0.030000000000000006,0.38563298472277313,0.09281034757254532
98,98.0,98.0,0.1368007242152762,0.11914748073182442,0.09695796600445997,0.030000000000000006,0.030000000000000006,0.0323947111034384,0.030000000000000006,0.030000000000000006,0.3219376258412459,0.17276149210375502
99,99.0,99.0,0.13382023380875221,0.08519922311785166,0.11155804460989197,0.0516697115781285,0.030000000000000006,0.06194600648504471,0.030000000000000006,0.030000000000000006,0.28646749887051626,0.17933928152981463
100,100.0,100.0,0.12859371673580228,0.0581163037948641,0.1734674006886801,0.030000000000000006,0.030000000000000006,0.030000000000000006,0.030000000000000006,0.030000000000000006,0.33896049700015707,0.15086208178049637
101,101.0,101.0,0.16372773604791344,0.09658035850318396,0.1458548510521655,0.030000000000000006,0.030000000000000006,0.030000000000000006,0.030000000000000006,0.030000000000000006,0.3172416810741889,0.1265953733225481
102,102.0,102.0,0.13212195352081874,0.10781637204659349,0.1206218753616209,0.030000000000000006,0.030000000000000006,0.030000000000000006,0.030000000000000006,0.030000000000000006,0.38200432569094483,0.10743547338002184
103,103.0,103.0,0.15103608570803956,0.09281110885398927,0.11478909313806081,0.030000000000000006,0.030000000000000006,0.030000000000000006,0.030000000000000006,0.030000000000000006,0.38185464344359327,0.10950906885631703
104,104.0,104.0,0.12144873913168105,0.08434946163320974,0.148815222444934,0.030000000000000006,0.08090060040026685,0.030000000000000006,0.030000000000000006,0.030000000000000006,0.3081519111064816,0.13633406528342662
105,105.0,105.0,0.24877874312178636,0.03829525248623196,0.10251777967116642,0.030000000000000006,0.030000000000000006,0.04265769943534283,0.030000000000000006,0.030000000000000006,0.32988297961691904,0.11786754566855326
106,106.0,106.0,0.12316618878935037,0.1239991959418472,0.10595969284733213,0.030000000000000006,0.07792768689802783,0.03960357528787909,0.030000000000000006,0.030000000000000006,0.31779645853695154,0.12154720169861175
107,107.0,107.0,0.19214404315176858,0.11866679107845339,0.05822175914403577,0.05470172277281786,0.07792768689802783,0.05632216569858377,0.030000000000000006,0.030000000000000006,0.2826234786172666,0.0993923526390462
108,108.0,108.0,0.1613550399582645,0.0914393937978983,0.05976715898446454,0.03634885175587525,0.030000000000000006,0.03501407233713501,0.030000000000000006,0.030000000000000006,0.3475177975948488,0.1785576855715135
109,109.0,109.0,0.2215699046284076,0.0776989513122479,0.14555707570762902,0.036335312859917236,0.030000000000000006,0.030000000000000006,0.030000000000000006,0.043956699581872115,0.2688747646507506,0.11600729125917542
110,110.0,110.0,0.20007881980072403,0.07706619467572902,0.11380117646440616,0.05567745106997696,0.030000000000000006,0.030000000000000006,0.030000000000000006,0.03522677623909087,0.2972903213606163,0.13085926038945653
111,111.0,111.0,0.11290300208807116,0.09137493994259803,0.11016003921262205,0.030000000000000006,0.030000000000000006,0.030000000000000006,0.030000000000000006,0.030000000000000006,0.4017678858466186,0.13379413291008996
112,112.0,112.0,0.20921043173025472,0.05505305334939255,0.14330256855955598,0.03869663590399499,0.04451235751181609,0.030000000000000006,0.030000000000000006,0.030000000000000006,0.3142824936503159,0.10494245929466958
113,113.0,113.0,0.11918228179107401,0.07884317511247789,0.1971421871207564,0.05304780199616714,0.05682889733840306,0.030000000000000006,0.030000000000000006,0.030000000000000006,0.31837564365814847,0.08658001298297294
114,114.0,114.0,0.1694531285907293,0.12135322207114987,0.07520000430911912,0.037016078513259554,0.12099767736486484,0.030000000000000006,0.030000000000000006,0.030000000000000006,0.27276658819543126,0.11321330095544593
115,115.0,115.0,0.10181790494479478,0.10055695618157919,0.1461253230054476,0.030000000000000006,0.035785831877329866,0.030000000000000006,0.030000000000000006,0.030000000000000006,0.3747976175888361,0.12091636640201238
116,116.0,116.0,0.1387833515325893,0.07309632957873709,0.16598097302886478,0.030000000000000006,0.047155628339015807,0.04380321798538064,0.030000000000000006,0.030000000000000006,0.3252668872745578,0.11591361226085442
117,117.0,117.0,0.09620463959070087,0.055499977422967174,0.1103279755819386,0.04084300887661772,0.03883105172555127,0.06636335217526146,0.030000000000000006,0.030000000000000006,0.3893075687343439,0.14262242589261884
118,118.0,118.0,0.14377700635134152,0.070557338307509,0.08446365688417136,0.030000000000000006,0.030000000000000006,0.03503736507057846,0.030000000000000006,0.030000000000000006,0.40377171665385125,0.14239291673254834
119,119.0,119.0,0.1632558797631613,0.064871240946685,0.14003508590274039,0.05019328095628284,0.030000000000000006,0.030000000000000006,0.030000000000000006,0.030000000000000006,0.3068284335393635,0.15481607889176688
120,120.0,120.0,0.10791789455315581,0.12318296582850614,0.21040710006790092,0.03468073634701614,0.030000000000000006,0.030000000000000006,0.030000000000000006,0.030000000000000006,0.30384721244988044,0.09996409075354051
121,121.0,121.0,0.12811222782156995,0.12708542005909185,0.1516579920957174,0.05038855397290073,0.030000000000000006,0.030000000000000006,0.030000000000000006,0.030000000000000006,0.31593039424114977,0.10682541180957028
122,122.0,122.0,0.19643717849148218,0.05717735562206251,0.21451059908075032,0.03501191348689413,0.030000000000000006,0.05561644671079223,0.030000000000000006,0.030000000000000006,0.275436150994682,0.07581035561333657
123,123.0,123.0,0.17992470498969942,0.059401944733839376,0.13957019240189156,0.04022240568926126,0.030000000000000006,0.03252925501589969,0.030000000000000006,0.030000000000000006,0.37958835655697454,0.07876314061243413
124,124.0,124.0,0.1116818739996512,0.03772936635464341,0.21560667556700497,0.04098393799842749,0.030000000000000006,0.030000000000000006,0.030000000000000006,0.030000000000000006,0.38714505986578057,0.08685308621449224
125,125.0,125.0,0.13263584321780938,0.12897160729982757,0.17171921997148984,0.03508282687222732,0.030000000000000006,0.030000000000000006,0.030000000000000006,0.030000000000000006,0.32091835000940927,0.09067215262923653
126,126.0,126.0,0.17419645543500953,0.06343140466040373,0.07347562644854057,0.030000000000000006,0.030000000000000006,0.030000000000000006,0.030000000000000006,0.030000000000000006,0.42742736498946343,0.1114691484665826
127,127.0,127.0,0.19586015302326112,0.056013806396582176,0.06625238994507684,0.030000000000000006,0.030000000000000006,0.030000000000000006,0.030000000000000006,0.030000000000000006,0.42256675772556873,0.1093068929095111
128,128.0,128.0,0.13731600903127486,0.05396653450567447,0.11345669296956903,0.030000000000000006,0.04906279155737849,0.030000000000000006,0.030000000000000006,0.030000000000000006,0.438734007580387,0.08746396435571609
129,129.0,129.0,0.11714808144070572,0.06233799603142358,0.09063743721896049,0.030000000000000006,0.0358861184580461,0.06966139954853275,0.030000000000000006,0.030000000000000006,0.3987723789035419,0.13555658839878937
130,130.0,130.0,0.10754718325568387,0.06985956744366813,0.058875026621892965,0.030000000000000006,0.06090501082823633,0.05052479328059036,0.030000000000000006,0.030000000000000006,0.4183630882403523,0.14392533032957605
131,131.0,131.0,0.11779234098552552,0.08087526897860467,0.11101224622208265,0.030000000000000006,0.030000000000000006,0.035688318631381985,0.030000000000000006,0.030000000000000006,0.3924078975865834,0.14222392759582175
132,132.0,132.0,0.13651761293967118,0.03611582626060909,0.07246486387975018,0.049123809205886895,0.030000000000000006,0.04310999878973334,0.030000000000000006,0.030000000000000006,0.35389760859061725,0.218770280333732
133,133.0,133.0,0.13262252596416216,0.07261835763620654,0.07695742740642478,0.03745790155440414,0.04453023645114042,0.03416288375849732,0.030000000000000006,0.030000000000000006,0.3912738483693439,0.1503768188598207
134,134.0,134.0,0.12191512301117495,0.07753609476496595,0.06520381664385982,0.035349021359018226,0.0715625,0.128179830432932,0.030000000000000006,0.030000000000000006,0.2967015413383546,0.14355207244969437
135,135.0,135.0,0.07693006546525896,0.050109223149966034,0.09495776708240972,0.030000000000000006,0.04263332771531072,0.04793185596480725,0.030000000000000006,0.030000000000000006,0.38797201200576825,0.2094657486164789
136,136.0,136.0,0.11818840009957352,0.07790057580218866,0.104456161564991,0.030000000000000006,0.060489910282172474,0.030000000000000006,0.030000000000000006,0.030000000000000006,0.41639249201339645,0.10257246023767785
137,137.0,137.0,0.1977044017633635,0.06218146803367582,0.06084334099977194,0.04509801357901324,0.07587234042553191,0.030000000000000006,0.030000000000000006,0.030000000000000006,0.3874547651405542,0.08084567005808924
138,138.0,138.0,0.10668342285634527,0.05799795744639215,0.16192995930703083,0.03519440941479611,0.03238044082237451,0.030000000000000006,0.030000000000000006,0.030000000000000006,0.34298709099945174,0.17282671915360928
139,139.0,139.0,0.06417123822459934,0.1114805503954122,0.1022278491476674,0.030000000000000006,0.030000000000000006,0.030000000000000006,0.030000000000000006,0.030000000000000006,0.3506723520455787,0.22144801018674226
140,140.0,140.0,0.056040902582687346,0.09688743735899301,0.09857272582892866,0.030000000000000006,0.030000000000000006,0.030000000000000006,0.030000000000000006,0.030000000000000006,0.3983613341421801,0.20013760008721074
141,141.0,141.0,0.1485079364205089,0.04191544497031574,0.14619755001337542,0.030000000000000006,0.04081109476168574,0.07040169133192391,0.030000000000000006,0.030000000000000006,0.2658790823517888,0.1962872001504014
142,142.0,142.0,0.2096464921270885,0.05613920772065191,0.07391178315103934,0.030000000000000006,0.0789353153877059,0.033937324226597024,0.030000000000000006,0.030000000000000006,0.3709828494854531,0.08644702790146419
143,143.0,143.0,0.17656444526554785,0.07628105413488698,0.11116399047998231,0.030000000000000006,0.03835164835164836,0.030000000000000006,0.030000000000000006,0.030000000000000006,0.34862200216591377,0.12901685960202078
144,144.0,144.0,0.09895296677852143,0.12416700317703575,0.11636423041330443,0.05012009648528308,0.07877268675291471,0.030000000000000006,0.030000000000000006,0.030000000000000006,0.34536806465670933,0.09625495173623114
145,145.0,145.0,0.14530012025813394,0.13912446106195192,0.054668205355569266,0.032517561717536905,0.09055345614479529,0.08324468085106385,0.030000000000000006,0.030000000000000006,0.3074775593802058,0.08711395523074293
146,146.0,146.0,0.09499634718639097,0.04248251097893332,0.1023806184119516,0.030000000000000006,0.032010678617217514,0.12301960037309023,0.030000000000000006,0.030000000000000006,0.3225663515870647,0.1925438928453516
147,147.0,147.0,0.08947980642413292,0.06225185907515829,0.05603021075584226,0.030000000000000006,0.030000000000000006,0.12249731235408419,0.030000000000000006,0.030000000000000006,0.35337394423240986,0.19636686715837226
148,148.0,148.0,0.05121013252921146,0.05424529012040087,0.1224287838995429,0.042914641375915406,0.05370818828515213,0.1,0.030000000000000006,0.030000000000000006,0.3352540841811623,0.18023887960861473
149,149.0,149.0,0.09132291370793626,0.05830047406764126,0.09689101944240519,0.046202388536596264,0.08068816762530814,0.1,0.030000000000000006,0.030000000000000006,0.2957497811265263,0.17084525549358648
150,150.0,150.0,0.21427858252387572,0.09071002963777974,0.04747369738460413,0.030000000000000006,0.0622093023255814,0.030000000000000006,0.030000000000000006,0.044736842105263165,0.3033509083028857,0.14724063772001006
151,151.0,151.0,0.1670228490215591,0.05547839683565052,0.05559829736575047,0.030000000000000006,0.030000000000000006,0.05251567677099593,0.030000000000000006,0.030000000000000006,0.46110110632758267,0.0882836736784612
152,152.0,152.0,0.12794585379043202,0.05997050559635449,0.04856981414401381,0.030000000000000006,0.030000000000000006,0.03293367664563297,0.030000000000000006,0.030000000000000006,0.46634124835130597,0.14423890147226062
153,153.0,153.0,0.16902718386288804,0.06995963694261366,0.05539639771975054,0.030000000000000006,0.030000000000000006,0.04517919350990217,0.030000000000000006,0.030000000000000006,0.4583310245136952,0.08210656345115035
154,154.0,154.0,0.16136006533268965,0.0508445419741824,0.12354738983628044,0.04873353556318353,0.030000000000000006,0.030000000000000006,0.030000000000000006,0.030000000000000006,0.4247961930626973,0.0707182742309667
155,155.0,155.0,0.1333633285216675,0.06743262780151799,0.12173874552155695,0.030000000000000006,0.030000000000000006,0.030000000000000006,0.030000000000000006,0.030000000000000006,0.39045522016994194,0.1370100779853156
156,156.0,156.0,0.09732157664867318,0.07666699145402618,0.16623166712248946,0.030000000000000006,0.030000000000000006,0.030000000000000006,0.030000000000000006,0.030000000000000006,0.38836738398813864,0.12141238078667246
157,157.0,157.0,0.1634701000201631,0.056340002604389317,0.07835975526940472,0.049211913151441355,0.04799679084580664,0.030000000000000006,0.030000000000000006,0.030000000000000006,0.4353353521182699,0.07928608599052492
158,158.0,158.0,0.12552759238703268,0.06460048827076173,0.08220347828040071,0.030000000000000006,0.030000000000000006,0.030000000000000006,0.030000000000000006,0.030000000000000006,0.4687471868815775,0.10892125418022731
159,159.0,159.0,0.10319409696078288,0.10468658322896958,0.17574450486607038,0.030000000000000006,0.030000000000000006,0.030000000000000006,0.030000000000000006,0.030000000000000006,0.3523282724912845,0.11404654245289259
160,160.0,160.0,0.1452714214265668,0.0458636048256489,0.1450470338114917,0.051745640973579365,0.030000000000000006,0.07605700712589074,0.030000000000000006,0.030000000000000006,0.35675722957409706,0.0892580622627254
161,161.0,161.0,0.19299401105294328,0.030000000000000006,0.09657348957075271,0.030000000000000006,0.06635353138382705,0.062061783439490446,0.030000000000000006,0.030000000000000006,0.37897356175758434,0.0830436227954021
162,162.0,162.0,0.22671121715638173,0.0912432064053802,0.058348799133031024,0.06345358244678431,0.033087389279517855,0.032711644305473575,0.030000000000000006,0.030000000000000006,0.3692754242057076,0.06516873706772366
163,163.0,163.0,0.14194345857935284,0.04495002959787339,0.05221482706882624,0.030000000000000006,0.05571492597984205,0.030000000000000006,0.030000000000000006,0.030000000000000006,0.48609549970513755,0.09908125906896775
164,164.0,164.0,0.14397934944324883,0.06167133373212817,0.030000000000000006,0.030000000000000006,0.030000000000000006,0.06481675392670158,0.030000000000000006,0.030000000000000006,0.4644940591266161,0.11503850377130535
165,165.0,165.0,0.12092578194383112,0.06218381246801996,0.13032191265505236,0.030000000000000006,0.030000000000000006,0.049604548876649376,0.030000000000000006,0.030000000000000006,0.3817981054385916,0.1351658386178555
166,166.0,166.0,0.0678713028944061,0.07668021393738272,0.16020790252183986,0.057638640429338105,0.04560860782285847,0.03276750802348886,0.030000000000000006,0.030000000000000006,0.39570743618961823,0.10351838818106758
167,167.0,167.0,0.13980293056577855,0.04083694428625131,0.17921524383419735,0.03328955649729366,0.030000000000000006,0.05031764318971575,0.030000000000000006,0.030000000000000006,0.36629851396831264,0.10023916765845071
168,168.0,168.0,0.135219516187605,0.07428379311060958,0.10489070128713376,0.030000000000000006,0.056602253857354554,0.030000000000000006,0.030000000000000006,0.030000000000000006,0.4167517549112076,0.09225198064608944
169,169.0,169.0,0.16806377292282057,0.11214704753575525,0.2207197693359122,0.030000000000000006,0.06102419073371969,0.05865535056604716,0.04245438394537463,0.030000000000000006,0.22489328404054226,0.052042200919828176
170,170.0,170.0,0.16929523905975685,0.07053484724512918,0.10568418086217905,0.0460485403260516,0.030000000000000006,0.032340412130882526,0.030000000000000006,0.030000000000000006,0.410220048909726,0.07587673146627474
171,171.0,171.0,0.1332781076469837,0.08933979012723318,0.07555642696769524,0.030000000000000006,0.030000000000000006,0.030000000000000006,0.030000000000000006,0.030000000000000006,0.45127450992333673,0.10055116533475106
172,172.0,172.0,0.1491083269957591,0.06761105663484603,0.05759762801799134,0.030000000000000006,0.030000000000000006,0.04327603417207898,0.030000000000000006,0.030000000000000006,0.4966409223605729,0.0657660318187517
173,173.0,173.0,0.13158356414391048,0.030000000000000006,0.09536323947822431,0.030000000000000006,0.030000000000000006,0.032935042942592405,0.030000000000000006,0.030000000000000006,0.5308475411146472,0.05927061232062557
174,174.0,174.0,0.10301737188828182,0.06732449913235526,0.13786144087011312,0.030000000000000006,0.030000000000000006,0.05444852022390025,0.030000000000000006,0.030000000000000006,0.45167256436127545,0.06567560352407402
175,175.0,175.0,0.11219943870379707,0.08701184985651186,0.16197805820480513,0.030000000000000006,0.030000000000000006,0.030000000000000006,0.030000000000000006,0.030000000000000006,0.37148259032939895,0.11732806290548688
176,176.0,176.0,0.14588103118968404,0.06589569708385123,0.0789235255735298,0.030000000000000006,0.030000000000000006,0.030000000000000006,0.030000000000000006,0.030000000000000006,0.4138679887456577,0.14543175740727715
177,177.0,177.0,0.15617877679256512,0.047461525403055635,0.12199813447912362,0.030000000000000006,0.030000000000000006,0.030000000000000006,0.030000000000000006,0.030000000000000006,0.3961359927339453,0.1282255705913104
178,178.0,178.0,0.2046933051573449,0.04621290432166171,0.08344740160857131,0.030000000000000006,0.030000000000000006,0.030000000000000006,0.030000000000000006,0.030000000000000006,0.3612171025260663,0.15442928638635575
179,179.0,179.0,0.15741577549985314,0.07552156839706092,0.16572804769990707,0.030000000000000006,0.030000000000000006,0.030000000000000006,0.030000000000000006,0.030000000000000006,0.30488951364383027,0.14644509475934853
180,180.0,180.0,0.12514405213872826,0.052181847745945156,0.16810086626856874,0.030000000000000006,0.030000000000000006,0.030000000000000006,0.030000000000000006,0.030000000000000006,0.38807691431556623,0.11649631953119155
181,181.0,181.0,0.17361497809948528,0.045626382203720575,0.09855893214535204,0.04729304545947706,0.030000000000000006,0.030000000000000006,0.030000000000000006,0.030000000000000006,0.4326712819853308,0.08223538010663418
182,182.0,182.0,0.14939432494415605,0.030000000000000006,0.11100662881240064,0.030000000000000006,0.030000000000000006,0.030000000000000006,0.030000000000000006,0.030000000000000006,0.4702489809731847,0.08935006527025864
183,183.0,183.0,0.17628273179465304,0.030000000000000006,0.05630067302307672,0.030000000000000006,0.11268945470555089,0.030000000000000006,0.047883165716136246,0.030000000000000006,0.38510598314441224,0.10173799161617084
