,Unnamed: 0,Generation,Intertwine_two,Add_vertex,Delete_vertex,Invert_path_vertices,Insert_inside_vertex,Delete_inside_vertex,Replace_inside_vertex,Donate_between_routes,Trim_one_terminal_cb,Grow_one_terminal_cb
0,0.0,0.0,0.09999999999999999,0.09999999999999999,0.09999999999999999,0.09999999999999999,0.09999999999999999,0.09999999999999999,0.09999999999999999,0.09999999999999999,0.09999999999999999,0.09999999999999999
1,1.0,0.10900000000000001,0.10258626759248836,0.10049091796942246,0.09923069055053908,0.09922123275837463,0.09966628657956814,0.0997712070324468,0.09719307352166451,0.09538978775251293,0.103248733477132,0.10320180276585102
2,2.0,0.31601,0.1056454420074019,0.1002800384096105,0.09867000519631616,0.09885135826668454,0.0994792736820318,0.09865871020444505,0.09381669231896364,0.0922868186563404,0.10667265390257348,0.10563900735563243
3,3.0,0.6191589000000001,0.10923748875940648,0.10034644215285239,0.09791448538405263,0.09898797969126673,0.09927604832789505,0.09716416033328401,0.0908795599686955,0.08803895564740205,0.11010942419958482,0.10804545553556025
4,4.0,1.015801321,0.1127927069725354,0.10033445076475803,0.09660755483965056,0.09803055489102855,0.09823471373097092,0.09642795055503271,0.08733981822522752,0.08350396954353656,0.11425966932422157,0.11246861115303809
5,5.0,1.50262148669,0.11660031582548297,0.10157491651537676,0.09695874723692484,0.0964841378182411,0.09766510403039692,0.0960358244883403,0.0834913615853112,0.07796960810499243,0.11829457545267572,0.1149254089422577
6,6.0,2.0757334209441005,0.11901250250445711,0.10238981909832344,0.0984118271669931,0.09587950640123359,0.09707514398097913,0.09421944780593385,0.08052678356203459,0.07380962155755927,0.12173391924301022,0.11694142867947564
7,7.0,2.7307768275633495,0.12225231483442452,0.1024658560944686,0.0983249777662876,0.09395517803729231,0.09558259692025314,0.09401245247106968,0.0767020146235095,0.07094866991526079,0.1266777645864708,0.11907817475096297
8,8.0,3.4630081252450404,0.12379264075620713,0.10353111429129085,0.0973858121638915,0.09285423902204115,0.09289161857992648,0.092796483805107,0.07422590706187632,0.06784960310711256,0.13242888182281726,0.12224369938972965
9,9.0,4.2673862119061114,0.12524000109833636,0.10514451709930711,0.09730943679868853,0.09076603331519606,0.0892754679261232,0.09175043287820633,0.07130381229976461,0.06633954976439617,0.13742386858818442,0.12544688023179706
10,10.0,5.138652627782014,0.1278776249509041,0.10481824949240852,0.09738641932773022,0.08893761694767144,0.08677227517343655,0.09176327493209503,0.06753423647005517,0.064051906813276,0.14145971842347296,0.12939867746894987
11,11.0,6.071405875792507,0.1305889011559037,0.10353215518374155,0.09795103603784097,0.08538993131882064,0.08648971568019471,0.09117697171871489,0.06308380340465723,0.0627401338853254,0.14668855044353762,0.1323588011712631
12,12.0,7.060169740244025,0.13213067606368806,0.10428703631208122,0.09951070958401816,0.08143515817599739,0.08522096021145523,0.09052128170796066,0.06130958433808317,0.060799225545666954,0.1493857695033385,0.1353995985577105
13,13.0,8.099455520847952,0.13350022723187652,0.10425644886706775,0.09891391340834606,0.07861927069848514,0.08488110457767237,0.09040423707419544,0.05898665813731252,0.059161499998326754,0.1527928861039712,0.1384837539027461
14,14.0,9.183818168183006,0.13564844678266055,0.10550964329793182,0.09758103106711027,0.07584340770675893,0.08326138155809372,0.08906394984663485,0.05702499691546657,0.056960781426239074,0.15844569863740843,0.14066066276169562
15,15.0,10.307906369102724,0.13920063208323355,0.10642046735472528,0.09712193471939431,0.07497689842678394,0.07983971982167906,0.08764012380643253,0.053618868891487155,0.05401454284424207,0.16260784091782543,0.14455897113419652
16,16.0,11.466506686239443,0.1424545885865952,0.10589908687483865,0.09799332002098142,0.07405708954393488,0.0783456672239959,0.0882692730259551,0.05042261212268778,0.052813248153268315,0.1649303181068803,0.1448147963408623
17,17.0,12.654581904800096,0.14462273449563118,0.10736868094960308,0.09927097015944719,0.07187876960967272,0.07641705359253642,0.08674891447427174,0.04806352870761882,0.051391684552336586,0.16828985745783212,0.14594780600104995
18,18.0,13.867303782456686,0.1471070496680652,0.10734358208268804,0.09970081702013746,0.07180460293180707,0.07372533125438314,0.08673826360428248,0.04487419764174347,0.05038678556917063,0.17176137035086933,0.14655799987685292
19,19.0,15.100080434523047,0.1474244399422252,0.10744315179019336,0.10045373517671392,0.06782180803666006,0.07270088691247739,0.08780227963659715,0.04246767759746199,0.0497747885549192,0.1761311189651056,0.14798011338764586
20,20.0,16.348578617037543,0.14784736213489635,0.10729975896248517,0.10506091384165449,0.06362941196922707,0.07069625978846257,0.08710776021048713,0.03947982127633926,0.04957633414625112,0.18161302456441256,0.14768935310578407
21,21.0,17.608741195130214,0.14780468954576803,0.1059776196068286,0.10634815900601699,0.06097431699164189,0.06897565145931493,0.08593084595971319,0.03688851765867106,0.049478050957185576,0.18856746292059212,0.14905468589426737
22,22.0,18.876800103462312,0.14725951501986112,0.10651846059909323,0.10671466243232064,0.05856511481044213,0.06577164133910873,0.085698149711713,0.03530361379556556,0.04981292273371029,0.19546250712272173,0.14889341243546333
23,23.0,20.14928511992658,0.14654589034936605,0.109917877392532,0.10887440862077534,0.05749117856984481,0.06437161790285398,0.08279614864349293,0.03297121000589224,0.049888385254696486,0.20102337682410557,0.1461199064364404
24,24.0,21.423028783545156,0.14778390295744503,0.10957281757628032,0.11103011591590847,0.054336484294754135,0.06198602061888232,0.0822334583936347,0.032758427655492764,0.050933812951193175,0.203241916276403,0.14612304336000587
25,25.0,22.695167792966423,0.14636277726675007,0.10942564989567956,0.11066349420790701,0.05375354708528434,0.05988849432899625,0.08176258406911983,0.03102282498319139,0.05291621924955377,0.20703773524720645,0.14716667366631117
26,26.0,23.963141223515898,0.14668031018828884,0.1093959711447231,0.11301062021836489,0.05351366728453242,0.056199747903156884,0.07739700298182225,0.028942314578307496,0.053503290548575035,0.2158682408555997,0.14548883429662926
27,27.0,25.224685898775267,0.14750028557708514,0.10949079230657038,0.1143735391703684,0.052944764991117235,0.05604129789013412,0.07356251259065925,0.027080432068128914,0.050932147552517,0.22677630590574613,0.14129792194767332
28,28.0,26.477829247520948,0.1471588373780047,0.11021817297992254,0.1142508585736993,0.04959626655940708,0.05782979243633633,0.07343097308165171,0.025433933488286903,0.05079352923430748,0.2332928858617503,0.1379947504066336
29,29.0,27.720879968916847,0.14508900631906274,0.1071204546150898,0.11556232386086442,0.04815527592904843,0.05511493187906466,0.07679264300821512,0.023997745431546223,0.05399784061006455,0.23803831320308144,0.13613146514396252
30,30.0,28.95241681848399,0.14795747054053543,0.1100752650656163,0.11623993551793388,0.04534326962993954,0.05377972044697043,0.07442002554949041,0.02276519872616415,0.052108904329251915,0.24335608524864993,0.13395412494544795
31,31.0,30.17127581490958,0.15182387977060074,0.11130464740145064,0.11800244293434173,0.042121028719073424,0.05211471294976164,0.0718979280127981,0.02172825470405864,0.05034931541764463,0.2444675319857821,0.13619025810448832
32,32.0,31.376536153543515,0.15258875599003507,0.1105119824365842,0.12041456525139961,0.0405853679988472,0.04957611256320202,0.07015288739021253,0.020877722537123097,0.047791071315357356,0.2513860623411002,0.1361154721761387
33,33.0,32.567505096778625,0.15275499609889784,0.10607284388966016,0.12213993899104189,0.03956754871022962,0.048466300785017555,0.07114916815830338,0.020203466361509874,0.04531074091014524,0.25886914976086794,0.13546584633432654
34,34.0,33.74370209472243,0.15247530483868527,0.10159581212852904,0.12654673278824477,0.03692941095449181,0.04543827961114193,0.07076071362564067,0.022974476648996194,0.042925336136352875,0.26324792922959206,0.13710600403832543
35,35.0,34.90484237192463,0.15076583879592842,0.09979157031984534,0.12430511004877592,0.03886044678900538,0.04233470261244223,0.07255076589508286,0.022586753183005938,0.047350376349476135,0.26707559304663503,0.1343788429598028
36,36.0,36.05082019768737,0.15457278613861522,0.09538115523418533,0.12511374236733339,0.03679087520106821,0.04156847912325391,0.07242524283262501,0.022311934531784643,0.04790571647274473,0.2663686060939221,0.13756146200446748
37,37.0,37.18169203889697,0.15896429874069584,0.08903044768509692,0.13004798365391965,0.037136447546049146,0.03882788463956264,0.06895276575238601,0.022141478400367634,0.04572685061807291,0.27234099669850026,0.13683084626534905
38,38.0,38.29765977559663,0.1608957256199105,0.08436613313589102,0.128186221193948,0.03788139733843608,0.03886309870233479,0.0657949923997561,0.022066653098088654,0.04410562501779662,0.2778467365012437,0.13999341699259457
39,39.0,39.399054140870355,0.16009519223690172,0.08561403532554937,0.13066592981049963,0.03872719532939033,0.03849848922981152,0.06824345133742893,0.022078643795056682,0.04205814576977183,0.2777153835674657,0.1363035335981244
40,40.0,40.48631852820801,0.16137228940330556,0.08373294795762828,0.12762571592752756,0.038327455946778416,0.04236769590759216,0.06431919154169512,0.024114123075643847,0.04143734362468546,0.2791154902934266,0.1375877463217171
41,41.0,41.55999329152982,0.1635887425050505,0.08117250369502044,0.12469631431396734,0.03730314357469335,0.042095694891349594,0.06401772592193762,0.025353060736405444,0.039555988685610576,0.2828428977092359,0.13937392796672932
42,42.0,42.62070064560415,0.16211852131255447,0.07906292514307334,0.13109710558246299,0.037839614106305305,0.04005376553917125,0.06276563651502139,0.025525407224710327,0.03776720935358707,0.28657982602612175,0.1371899891969922
43,43.0,43.669130257815,0.16026967535309006,0.07869181617958171,0.13071835621981753,0.037926816423442,0.038115491466819015,0.06201489685585968,0.02572526499193762,0.036079635861230044,0.2885034848075578,0.14195456184066466
44,44.0,44.70602560622662,0.15960675529264456,0.07808249316408024,0.1286071457684248,0.03649807553664071,0.03628988988703382,0.05910390565035434,0.025947884332522805,0.03450002335949642,0.2929056673824349,0.14845815962636755
45,45.0,45.73217116373481,0.15782975512033928,0.07624418217826347,0.1273442791764323,0.03746760018362084,0.03458394956635681,0.05899388584424459,0.02618876289572425,0.0330333718743412,0.2977036658816998,0.15061054727897766
46,46.0,46.748380453854836,0.1595662594008607,0.07387070303938902,0.12697233777555697,0.03978509971487584,0.03415406411867286,0.056423390581348945,0.026443665973648306,0.03168305181895809,0.3036748248556383,0.1474266027210512
47,47.0,47.755485010424316,0.15881561672206967,0.07457695147259184,0.1260884912161594,0.0388707957881467,0.032920034135445954,0.05771986143447733,0.028629373791360546,0.030450933250923712,0.30559649693380364,0.14633144525502145
48,48.0,48.7543242612326,0.15411093311685256,0.07497462140736451,0.12586875724112023,0.037648766504851584,0.034601945357926614,0.05697991597175613,0.02923178746058545,0.029337517207183528,0.3103575675040489,0.14688818822831076
49,49.0,49.745736344347726,0.15729189187748,0.0744894993514509,0.12356456652192051,0.043777465392597574,0.03362387610169444,0.055725531557635107,0.029466435871277438,0.028342067595745528,0.307347919306916,0.14637074642328277
50,50.0,50.730549855707864,0.15844123502256197,0.0786768422628695,0.12125281785530574,0.042756831254907667,0.03334380771774473,0.055919579406818416,0.02968295508218745,0.027462742269493877,0.3042619214769632,0.14820126765114772
51,51.0,51.70957651737491,0.1560905788082103,0.0801275198425233,0.1188126730273048,0.04155245139761378,0.03412629627978579,0.05709378797727526,0.029880992821184588,0.02669672205317245,0.3039256007313969,0.15169337706153307
52,52.0,52.68360474770151,0.15330076340621304,0.07864649487262532,0.11843814328487126,0.0418608321922449,0.0340127511459915,0.05796824377418967,0.030060416858070163,0.02604033663795144,0.3082066255742687,0.15146539225357425
53,53.0,53.65339410751842,0.15187311318225805,0.07694300669414625,0.11704358640499246,0.04066270412333588,0.035579183077335166,0.056764987801519416,0.030221294322686484,0.025489186397873016,0.31255367399390377,0.1528692640019498
54,54.0,54.61967059027847,0.15437792561710545,0.07908214775609772,0.11336444761392457,0.039477761820084396,0.03637911736501062,0.05614309870980995,0.030363871097614306,0.025038259317823705,0.3150195735045392,0.15075379719799034
55,55.0,55.58312271885972,0.15624351039026127,0.08358056140312958,0.11156766180352636,0.038316536128957225,0.03549030350023881,0.05554035549656992,0.0304885514840732,0.02468204235260109,0.3168885559083506,0.14720192153229225
56,56.0,56.544398407394254,0.152439597840735,0.08435581327314155,0.12117289396558509,0.037188267645653195,0.03627556525426149,0.053095993109383,0.03059587831704548,0.02610754449954205,0.3151794874107422,0.14358895868391128
57,57.0,57.504102543001395,0.1513896153997228,0.08223461459633682,0.123699007855925,0.03702829393685152,0.035793013626220956,0.05392932223711821,0.03228927084422903,0.02618299954570646,0.3175949322560849,0.1398589297018046
58,58.0,58.462795239617805,0.15095662556180267,0.08320225568188445,0.12096004683027599,0.037356862254702985,0.03552872954103515,0.0550366977598354,0.032347949965640874,0.027943023967862253,0.3149209799490684,0.14174682848789208
59,59.0,59.42099071417639,0.1533503204528321,0.08241958106715962,0.1251220949703506,0.03633930629446587,0.03474729795523576,0.05460263222093037,0.03237728167525512,0.027834529582192964,0.31226540239181605,0.14094155338976183
60,60.0,60.379156734137354,0.15465345982108622,0.08494612819849062,0.12309297292826606,0.0353601128673078,0.03918241489911874,0.05314298008756257,0.0323799073971554,0.03176918737254337,0.30501361910243,0.1404592173260394
61,61.0,61.337714584760846,0.15659433843037487,0.08954331324529026,0.12039249565174283,0.03442523765419247,0.038414905484032924,0.05034585765497789,0.03235847147289409,0.03199971018459398,0.3051522178213772,0.14077345240052366
62,62.0,62.29703950447439,0.15325537369347758,0.10002981790214434,0.11529003138123312,0.03353959758584674,0.039297350457641725,0.049989021792677835,0.032315594426329974,0.03190223829962647,0.30640431972504173,0.1379766547359807
63,63.0,63.257461537171835,0.15302220932390379,0.11093099327400932,0.11464880818167854,0.032707125548477115,0.04037231620330911,0.04816856263769727,0.03225384914015897,0.03179549122015945,0.2988663121967294,0.13723433227387732
64,64.0,64.21926675122782,0.1516469191474626,0.11385639809173007,0.11734373612087362,0.03193082945935968,0.043776871892855576,0.049839939255337765,0.032175739891203474,0.03168146393643754,0.2949702198012101,0.13277788240352986
65,65.0,65.18269877636592,0.1517633331262043,0.11761549698973667,0.11765682997556703,0.03445499837400143,0.043611437385679325,0.05042687730051093,0.03208368416823149,0.03156202474172344,0.2913385982436024,0.12948671969474324
66,66.0,66.14796061122655,0.1535313806724366,0.11870948000291431,0.11625077477649096,0.035569842250855986,0.04435082792542513,0.04944785254833493,0.0319799971758744,0.03143890921906352,0.2917483175937944,0.12697261783481004
67,67.0,67.11521665648885,0.14854908276985188,0.11774968130262606,0.11887182830841131,0.034892489275394,0.0453946333916155,0.047038586028006056,0.03186687891099427,0.03131371615647895,0.2948410922378366,0.12948201161878561
68,68.0,68.08459493066005,0.1448101513687149,0.112504171655372,0.12258096763965046,0.03611167402035301,0.04525394363441932,0.04698822204887405,0.03174640368349221,0.031187905238588054,0.2962314959742853,0.13258506473625098
69,69.0,69.05618942810752,0.1455548475953891,0.11200742252324385,0.12057593140369932,0.03545786896654672,0.04417570006550072,0.04471348667266687,0.03162051194190543,0.03210606403953726,0.3021630708180352,0.13162509597347585
70,70.0,70.03006258152917,0.143588284150648,0.10810764176772795,0.12419751951532416,0.034814865728455595,0.043063523852818975,0.04251908996735374,0.03149100425505828,0.03197240540850297,0.3060060467056142,0.13423961864849643
71,71.0,71.00624779379335,0.14556550235547283,0.10667802689837796,0.12623840340782788,0.03418801415688902,0.04193193002287721,0.041669973598815455,0.03135953729434526,0.031832388586487084,0.30563168700825816,0.1349045366706495
72,72.0,71.98475200689319,0.14552359183432784,0.10449891338408261,0.12412887129848581,0.035623503713236936,0.04382202377364258,0.04201591833979391,0.031227621656760095,0.03168804956080791,0.307941215018637,0.13353029142022563
73,73.0,72.96555827861411,0.14707005858991423,0.10431850324377918,0.12068462776610434,0.03691949428932655,0.042659825163447435,0.04105959146288755,0.03109662136636584,0.031541263942088574,0.31530996813764656,0.12934004603844013
74,74.0,73.94862834037681,0.14882443252573796,0.1015302452073395,0.11560891095287541,0.03630879010267132,0.045550716006311845,0.039842539150393805,0.03096775489134735,0.03139374424582029,0.32402982719431034,0.1259430397231926
75,75.0,74.93390511255946,0.15104527078442964,0.0981487005121315,0.11387815760496706,0.0356960684336549,0.04621845232571532,0.03808426732984003,0.03084209751491724,0.031247039076720627,0.3224918423761295,0.13234810404149464
76,76.0,75.92131515639825,0.14785123874330705,0.09651618906947403,0.10957029738348983,0.03508765824720358,0.047771298071291636,0.03642098001804323,0.030720584900980966,0.03110253403376373,0.32725158303229024,0.1377076365001562
77,77.0,76.91077104428919,0.14791387491080474,0.09380009663633673,0.10295166316330137,0.03537098045272646,0.047432668549159326,0.03788997864501332,0.030604017699428512,0.03096145415476488,0.33010918226608166,0.14296608352238346
78,78.0,77.90217363294813,0.14675660316367584,0.09251222734697537,0.10098008743901132,0.03477866947294879,0.04654948589319598,0.037725125077499984,0.03049306704103702,0.030824867722118267,0.334409377684865,0.1449704891586729
79,79.0,78.89541422641172,0.1445439163482135,0.0926090539080835,0.10316386451471844,0.03579899993280491,0.04517049374456389,0.03991136596383042,0.030388280778074303,0.030693691255515132,0.3353420190791119,0.1423783144750845
80,80.0,79.89037661826481,0.14250328160155362,0.09194682669819883,0.10807309713557957,0.03539650906904423,0.04490679655149358,0.04031890552362541,0.030290090333627118,0.030568695523017164,0.3348623845969584,0.14113341296690257
81,81.0,80.88693900474995,0.13972152011660363,0.0947786656604682,0.10936093103565922,0.03747895482760881,0.043504210501885576,0.04118778289418233,0.030198818030288378,0.03045051240853882,0.3331925397971033,0.14012606472766223
82,82.0,81.88497576253909,0.13790335456448086,0.09269313897044001,0.1070242202908444,0.03707671535252289,0.048025022770401334,0.043661719016890074,0.03011468477698063,0.030339642481422922,0.3327293718786038,0.14043212989741355
83,83.0,82.88435908692391,0.13774626526892708,0.09401736724550626,0.10822952791245354,0.03724032049336509,0.04658713994799787,0.046921613195022006,0.030037818001233847,0.030236463122204384,0.3316710284082799,0.1373124564050105
84,84.0,83.88496048800103,0.134196501337379,0.09703448144769547,0.11305912820970997,0.0366232636217078,0.048213681387712384,0.04621052844632953,0.02996825972304941,0.030141237067685657,0.32568517144399417,0.13886774731473697
85,85.0,84.88665214409042,0.1343469379048824,0.09740955223504133,0.11233686590085296,0.03600167980099916,0.0486795427669344,0.045675824158608824,0.029905974675452918,0.03005412124794194,0.321511911529624,0.14407758977966245
86,86.0,85.88930811312994,0.1375161875867908,0.0951209835721892,0.111580567626921,0.03704920198976709,0.05042621923779521,0.04491771843697004,0.029850858385861545,0.029975175797693182,0.3181630237820414,0.1454000635839708
87,87.0,86.89280540413424,0.13140715135101957,0.09762860893106816,0.11528973672343025,0.03783181418443842,0.048841995171274556,0.04495340246290379,0.0298027451413707,0.029904373134492367,0.3179366693392861,0.14640350356071638
88,88.0,87.89702491199675,0.12875647894598657,0.10301312142951033,0.11292268190195048,0.037188305013001445,0.04722777355969323,0.04353393905243698,0.029761415769915228,0.02984160700626671,0.32374592779681716,0.1440087495244222
89,89.0,88.90185221995306,0.12852481225111995,0.10505586022672708,0.11068714888000446,0.03653726370857815,0.04639108058204287,0.04212108259249248,0.02972660517790615,0.02978670142080095,0.32856648200625854,0.1426029631540697
90,90.0,89.90717827491419,0.13270548785608743,0.1058848796625442,0.10918029353733957,0.0358859538975114,0.047490656646832496,0.04072830095261751,0.02969800959331892,0.029739419379673754,0.32707399580803265,0.14161300266604243
91,91.0,90.91289994163006,0.13236109059861947,0.10442526334539697,0.10594944464321208,0.03524091552857621,0.04724294347547513,0.0412114833679465,0.029675293471257226,0.02969947134886254,0.3341487404199652,0.14004535380068905
92,92.0,91.91892044225806,0.13386594538541227,0.10759675895945503,0.10170022613164323,0.03460797184124878,0.04559564910957566,0.039874660697394745,0.029658096026689125,0.02966652340764383,0.33974724930240896,0.13768691913852876
93,93.0,92.92514968840067,0.13615811452195078,0.10217651559413192,0.1036812426912595,0.0339922428042416,0.04395712768917039,0.038572773686924224,0.031121469944264568,0.02964020502647055,0.3382898081697738,0.14241049987181312
94,94.0,93.93150451304501,0.14032146553521954,0.10168700517817567,0.10109835684204715,0.03339816424289273,0.042342887133913945,0.04036934963377057,0.03109940245048156,0.029620116433149893,0.34240403550912296,0.13765921704122644
95,95.0,94.93790881009448,0.15031131614678436,0.09912081985892035,0.1032619102222163,0.03282951189524981,0.040766641762844,0.03960737109811685,0.031068547681572037,0.029605835534829802,0.34027664236066024,0.1331514034388067
96,96.0,95.94429358933806,0.15105701701174631,0.09524832467117726,0.10629939688836651,0.0359982106934298,0.039240354511252615,0.039306292123254226,0.03103009291273775,0.02959692437099342,0.3444783911984197,0.12774499561862276
97,97.0,96.9505969547639,0.14938799747252637,0.09304335052903664,0.10476266097168617,0.035572515449829145,0.0427748449540332,0.0407415935541883,0.030985182691659507,0.029592935079830747,0.3499512140474184,0.12318770524979185
98,98.0,97.9567640140995,0.14896354481195972,0.09502547956105345,0.10367666433232522,0.03502533979130678,0.041327640640102574,0.039811482606183383,0.030934911665772495,0.02959341536698603,0.34886403643011804,0.12677748479419254
99,99.0,98.96274672736057,0.14816186017083052,0.09365578994017902,0.10409208823416494,0.036649599458536436,0.039911880351163984,0.04185534457611215,0.030880318625816458,0.02959791347175593,0.344069299771586,0.13112590539985475
100,100.0,99.96850370202192,0.14677427602289847,0.08963021168087,0.11073156491745675,0.03609466312242619,0.03853857728760761,0.04070112631963289,0.030822381703597863,0.029605982631331275,0.34442731858286063,0.13267389773131852
101,101.0,100.97399994219691,0.1488570466280998,0.08953845763946382,0.11457319732648016,0.03553427378870271,0.0372172187575308,0.039555318625605226,0.030762014656565147,0.029617185048635773,0.3425229857045839,0.13182230182433285
102,102.0,101.97920655893245,0.14771966881426962,0.0906498993651764,0.11582018546280362,0.034974580650464555,0.03595582389288636,0.03842853851472428,0.030700064167670058,0.029631095373723465,0.3470325375295065,0.12908760622877527
103,103.0,102.98410044840509,0.14843146484761005,0.09032133532587147,0.1164072134621269,0.03442111101954557,0.0347610102757775,0.03733015102978418,0.030637308085987774,0.029647303712565153,0.35142588382881607,0.12661721841191542
104,104.0,103.98866394444643,0.14613939282858487,0.08920436070370025,0.12032197038896453,0.03387877724152302,0.03872812795764844,0.036268300783040254,0.030574454531613844,0.029665418180397023,0.3483139098606313,0.12690528752389657
105,105.0,104.99288445143917,0.15656262187350373,0.08354511363834348,0.11950043986630132,0.0333518890688875,0.037630198555731784,0.03651572249667459,0.03051214178736117,0.029685067019641735,0.34728462015276723,0.12541218554078756
106,106.0,105.99675406321822,0.1543044337931699,0.0865696870135628,0.11893542711156965,0.03284417082282666,0.04135852879825226,0.0364944093935858,0.03045093889966015,0.02970590030476556,0.3449755909023343,0.12436091296027295
107,107.0,107.0002691731872,0.1588584675070731,0.08913285765420363,0.11352336491933915,0.034828954970425416,0.04507971759751844,0.03817817830081929,0.030391346911732627,0.02972759125832934,0.3391083752613224,0.12117114561923664
108,108.0,108.0034300804274,0.16021105328668253,0.08901231083696738,0.10825403287262153,0.03497870127959397,0.04396449852006032,0.037744200855162204,0.030333800653480528,0.029749837203953453,0.3397524641157294,0.1259991003757488
109,109.0,109.00624059613932,0.16746130682206112,0.08755404528249904,0.11160575696401054,0.035125820573012674,0.042821156365147404,0.03682491263517706,0.030278671014518838,0.03116803014116283,0.332545494125077,0.12461480607733355
110,110.0,110.00870765431864,0.172378512499197,0.08607977968012312,0.11178623190937456,0.037204536680964524,0.041663936862074306,0.03592930411083865,0.030226267629308128,0.03169929814478024,0.3282640695097332,0.12476806297360636
111,111.0,111.01084093013685,0.16836341891036927,0.08609367931462775,0.11160469508057409,0.03669236521501362,0.04050579994068777,0.035063963397825706,0.030176841906325406,0.03169003650506992,0.33454880632303285,0.12526039340647374
112,112.0,112.01265246907188,0.17382597347641968,0.08252681293264108,0.11474111831066754,0.03703415083390717,0.04080965446321463,0.034234517122135794,0.03013059033657771,0.03166480066427994,0.3321287210306081,0.12290366082954851
113,113.0,113.01415632942268,0.17009330217448532,0.08142090776932912,0.12323347557636057,0.03879349935082946,0.0423518045466335,0.033445670302793516,0.030087658020439,0.031625440400926165,0.33018149699440613,0.11876674486379735
114,114.0,114.01536824044418,0.17125187247887583,0.08465082049164704,0.11942146594976452,0.038916283694222134,0.050301388552274374,0.032701251462357535,0.030048142355709774,0.0315737617598985,0.32375003128219004,0.11738498197306035
115,115.0,115.01630527795908,0.16551307594935236,0.08584513936857113,0.12264097453905448,0.03830617970013997,0.04964179249672356,0.03200426199134157,0.03001209683389637,0.03151151336537461,0.32765498064966847,0.11686998510587757
116,116.0,116.0169855589429,0.16340775202151508,0.08432108186564868,0.12775894075642108,0.03767402430846462,0.05004657608670249,0.03273725064605185,0.029979534895925343,0.031440374676649376,0.32668778841836293,0.11594667632425862
117,117.0,117.01742795623892,0.15700884528738346,0.08107754737457237,0.12718203093008285,0.03811264510053393,0.0495495141788602,0.035763613527672475,0.029950433802792165,0.03136194611003016,0.3322071745447285,0.11778624914334394
118,118.0,118.01765183424293,0.15539902384576224,0.07940832672154183,0.12390783966312027,0.037450406563495374,0.048111868664713925,0.03566073879713863,0.029924738480944388,0.03127774093897257,0.33919204079230436,0.11966727553200646
119,119.0,119.01767680610413,0.15578185171454093,0.07724890851359162,0.12612376859692137,0.038799215910154006,0.04663686901533514,0.03505818129533472,0.029902365306471945,0.031189178875631017,0.33642988886228936,0.12282977190972998
120,120.0,120.01752251271817,0.1506673385559274,0.08101282793894946,0.1352944192269166,0.03857583051168139,0.04514300064074089,0.034465297730757856,0.029883205796382026,0.031097581229867305,0.3333498154630983,0.12051068290567889
121,121.0,121.01720842354362,0.1476562155999889,0.08521230222372567,0.13842422080510378,0.03990661447399784,0.043647089097198645,0.033887049545331095,0.029867130179337273,0.031004167536381293,0.33149104155282105,0.1189041689861145
122,122.0,122.01675365905109,0.1515832601288513,0.08241975381467499,0.14765864063688167,0.03967147538647102,0.04216429781703864,0.035889400354072926,0.02985399082220363,0.030910053536880068,0.3256131142358081,0.11423601326711774
123,123.0,123.0161768344173,0.15391489203827546,0.07987649517578094,0.1491440974020346,0.039934303808937824,0.04070814268672425,0.035580067376018515,0.02984362549256131,0.030816250401960163,0.3302364305743144,0.10994569504339259
124,124.0,124.01549592390272,0.14944917578726666,0.07521555905843727,0.15798891775718213,0.040249883638877805,0.03929052164257406,0.035018234070578386,0.02983586044095761,0.030723665076512648,0.3356466048696773,0.10658157765793619
125,125.0,125.01472814520056,0.1471477550652984,0.07977007872030845,0.16213668809536164,0.03995113491679927,0.037921757486413146,0.03446240175497649,0.0298305132901047,0.03063310163284476,0.3344080752998278,0.10373849373806543
126,126.0,126.01388986291661,0.14908741851877208,0.07780714143784531,0.15614114736618953,0.039125295299260135,0.03661065217100419,0.033917528653385015,0.029827395721436036,0.03054526351721521,0.3438094029320645,0.10312875438282805
127,127.0,127.0129965102319,0.15325057575488596,0.07515498068947193,0.14919618185041178,0.03829078669048231,0.035364550865426087,0.033387967575418835,0.029826315952419878,0.030460756577976464,0.352620716695262,0.1024471673482448
128,128.0,128.01206252771334,0.15156909864087353,0.07237189708391621,0.14683670526960768,0.03745682107567745,0.03609569333748938,0.03287748292949509,0.029827081000781137,0.030380092766881833,0.36286708447792465,0.09971804341735305
129,129.0,129.0111013181695,0.14789644558310946,0.07052021436570856,0.14209745064882276,0.0366316838115963,0.035565725234612,0.03635541187372204,0.02982949873429846,0.030303694409227845,0.3688513218456612,0.10194855349324143
130,130.0,130.01012521639834,0.14332348437119558,0.06952403487720327,0.13414128029611094,0.035822743435807304,0.037593847111275724,0.03790494717348016,0.029833379707121063,0.03023189894324698,0.3764954169808839,0.10512896710367513
131,131.0,131.0091454726403,0.13987457204230214,0.06973239881670681,0.1314417864019471,0.03503646966323913,0.036561767354619044,0.03794207993941274,0.029838538785590202,0.03016496403443173,0.3811982602498022,0.10820916271194903
132,132.0,132.0081722485317,0.13842225583114484,0.06555541079207942,0.12495320826116775,0.03619083949188408,0.03556727790008185,0.038695129831506886,0.02984479656835652,0.030103072976153687,0.38169188666559983,0.11897612168202529
133,133.0,133.00721462434865,0.13670661611463764,0.06515197886215982,0.11903786084331963,0.03619251126965628,0.03606958825711159,0.038522311920850275,0.029851980607162647,0.03004634029394191,0.38559583163694056,0.12282498019421986
134,134.0,134.0062806163404,0.13405095917297769,0.06535532762584859,0.11211788275663087,0.03599578175296015,0.039309500415264605,0.04772487618707927,0.02985992643601653,0.029994817477011895,0.3797089315753723,0.12588199660083835
135,135.0,135.00537720296956,0.12704100380927408,0.06291746202305966,0.10839615686133827,0.03527735544809239,0.03965503412498075,0.04878693612233141,0.029868478417624862,0.029948498767004762,0.382707694684332,0.135401379741962
136,136.0,136.00451035890612,0.12435676806193215,0.06337443585704094,0.10586205910604377,0.03457799821923049,0.04178145565631475,0.04794105366600238,0.029877490416896114,0.029907326940328292,0.388301272656373,0.13402013941983834
137,137.0,137.00368509565993,0.12983087237607982,0.0623590629302243,0.09920603009434627,0.035412598088963784,0.045420562595109876,0.04700034891864623,0.029886826312071277,0.029871199026916186,0.3907226323374958,0.1302898673201466
138,138.0,138.0029055077818,0.12633420366198372,0.061025100288395466,0.10294063892359868,0.035270231710202535,0.04465108665801396,0.04598371115683924,0.029896360354608215,0.02983997191457613,0.3884224099644267,0.13563628536735547
139,139.0,139.00217482361367,0.11873947554806627,0.06514252177723148,0.10092146905782384,0.03462190280488374,0.0435978077740338,0.04490890005964455,0.029905977389345376,0.029813467794324318,0.3866663827436274,0.14568209505101928
140,140.0,140.0014954596262,0.11054550430811469,0.06785227009972379,0.09875176764765103,0.03399218776204798,0.04251387870071132,0.04379248107157288,0.029915572946715367,0.029791479408154443,0.3894949161475878,0.1533499419077208
141,141.0,141.00086907744122,0.11187258755868615,0.06508419602369184,0.10155972837875296,0.03338552234587532,0.04249431322388255,0.04668994830478504,0.029925053218881205,0.029773775066520014,0.3788810352120589,0.16033384066686612
142,142.0,142.0002966427003,0.11954717154347665,0.06378361811976294,0.09730469456685731,0.03280566824786117,0.04627229417271671,0.04588834953441469,0.029934334931641646,0.02976010340838383,0.37870889955484666,0.15599486592003853
143,143.0,142.99977848500652,0.12404708564947017,0.06455083854365931,0.09696645575488734,0.03225574287716983,0.04594074053521158,0.044653667965343494,0.029943345123809625,0.029750197881977428,0.37624063223070775,0.15565129343776363
144,144.0,143.99931435823203,0.12086103409232248,0.07014723398529321,0.09732404016469753,0.03375026226330423,0.049608555179747965,0.04339591787352598,0.02995202084552271,0.029743780929391887,0.3734176115874144,0.1517995430787798
145,145.0,144.99890350055264,0.12240922236571278,0.07721993336317276,0.09166666553023926,0.03349877457627036,0.05437930661475044,0.04745445169726134,0.029960308786609262,0.029740567862770982,0.3668073470114929,0.14686342219172008
146,146.0,145.9985446936357,0.11900112348351398,0.07454021307195029,0.09097628506311835,0.03301086735759885,0.053180446648795336,0.05544252638236383,0.02996816484572106,0.029740270424184458,0.36177369023753664,0.1523664124852174
147,147.0,146.99823632047406,0.11514213265033801,0.0737848225985424,0.08583394521058693,0.03254164218721851,0.05168870713739822,0.06325533553696273,0.029975553650464476,0.02974260002521474,0.35993208501900575,0.15810317598426843
148,148.0,147.99797642142389,0.10758545024872546,0.07218898464176571,0.08754765931313127,0.033385387249595555,0.05250007333428204,0.06862955230886454,0.0299824480382289,0.02974727066588985,0.3563970729093373,0.16203610129017962
149,149.0,148.99776274806447,0.10423196102795149,0.07097881193017708,0.08688503680557152,0.03456882506306618,0.05594038199500179,0.07378005188048753,0.029988828506834597,0.02975400153583855,0.3490537018178903,0.1648183994371812
150,150.0,149.99759281456036,0.11338029713764872,0.0730038286681358,0.08144700416935599,0.03413001587626542,0.05743625111597994,0.07167770097614334,0.029994682643511378,0.031236203513960312,0.3426717413463103,0.16502227455268906
151,151.0,150.99746394626104,0.11789720914000681,0.07148024246178217,0.07702550172702911,0.03369378744938208,0.05560933360439816,0.07162037582957173,0.03000000454008537,0.03123150746965661,0.35230978839392374,0.15913224938416445
152,152.0,151.99737332532905,0.11854598681783193,0.07039820729587298,0.07212902916314848,0.033264243990693255,0.05370901450793057,0.06941953619453523,0.030004794201601105,0.03121496595508671,0.3625959581184848,0.1587182637548152
153,153.0,152.99731803323698,0.12333201840484613,0.07031901176418544,0.06816927006303823,0.03284501243796638,0.05176163717603044,0.06829847361394026,0.030009056954949258,0.031187928932422934,0.37208994138915685,0.1519876492634643
154,154.0,153.99729509002177,0.1273296866347195,0.06833263254060781,0.07129285736115912,0.03431260747245088,0.049791381205560016,0.0655404051393742,0.030012802863413103,0.031151716322701306,0.37814345401890725,0.14409245644110702
155,155.0,154.99730149022784,0.12846821814748302,0.06802881891645726,0.07444576682274678,0.033904298728075905,0.047820237020081036,0.062702739460871,0.030016046152396433,0.03110760781072483,0.380624045486845,0.14288222145431895
156,156.0,155.99733423551103,0.1259376724254126,0.06867286110882319,0.08220560728525704,0.03349777787085767,0.04586800488294914,0.05982181295560941,0.030018804650957465,0.03105683407183875,0.3827461059366396,0.14017451881165532
157,157.0,156.99739036391077,0.1299888726549308,0.06729974150044087,0.08124253311458011,0.03501812263579682,0.045751994995281604,0.0569307609713179,0.03002109925315282,0.031000569366122888,0.3894089699349829,0.1333373355733935
158,158.0,157.99746697583146,0.13017551437183647,0.0667803850305735,0.08073131088361872,0.034607179514254356,0.04387035497030541,0.05405950657574236,0.030022953402597113,0.03093992543731739,0.3992059948316555,0.12960687498209938
159,159.0,158.99756125680176,0.12806366315457857,0.07029977473591553,0.08964003520828825,0.034191258909723604,0.04203817539812379,0.05123478255396694,0.030024392603071007,0.030875946647019266,0.39707683772013075,0.12655513306918248
160,160.0,159.997670497107,0.13012203384368687,0.06792879571532183,0.09544918469161079,0.03594958187390662,0.040268832029179094,0.053085883821418475,0.0300254439574668,0.03080960626928076,0.39515600637575127,0.12120463142237765
161,161.0,160.99779210841066,0.1368983203023508,0.06398790220532588,0.09632604329372599,0.03551546903531013,0.04220908781521977,0.053582063826529545,0.03002613573684834,0.0307418038666233,0.39526490361614197,0.11544827030192446
162,162.0,161.99792363749984,0.14692965563299812,0.06622553966481429,0.09329522145462776,0.038414971034898625,0.04087014824791154,0.051178409113857425,0.030026496980923245,0.030673363665565348,0.39423018395872034,0.10815601024568353
163,163.0,162.9980627773051,0.14827889718811163,0.06386027236500884,0.08960462036980292,0.03792955070396869,0.04185002871768262,0.04855928779382133,0.03002655713078143,0.03060503384795754,0.4047313962194537,0.10455435566341151
164,164.0,163.9982073753568,0.1496334492880158,0.06321455978093805,0.08368769875356817,0.03741337689909206,0.04029907751511398,0.04949816112052079,0.03002634569434598,0.03053748667363094,0.41283598423111845,0.102853860043656
165,165.0,164.99835543984977,0.14849064842954016,0.06266923406837543,0.08785778357692645,0.03687468670571218,0.038800230657651064,0.048975112537606884,0.030025891944610618,0.030471319350000692,0.4123770988217692,0.10345799390780755
166,166.0,165.99850514349492,0.14188103108711245,0.06362322685800179,0.09502410019540891,0.03908498270754697,0.03892412696164377,0.04682695909105874,0.030025224650402686,0.03040705556523346,0.4130492450946258,0.10115404778896564
167,167.0,166.99865482534062,0.1423854409641377,0.06102806327434618,0.10402635730654318,0.038824877293211754,0.03754161766156351,0.046508039995112396,0.030024371839111517,0.030345147603290615,0.41053986642901613,0.09877621763366726
168,168.0,167.99880299074837,0.14235524331165947,0.06183518974161101,0.1054478233171342,0.03820647356262151,0.038882168500611096,0.04422734452173515,0.03002336059055835,0.030285978961509148,0.41288433619964987,0.09585208129291041
169,169.0,168.99894830970783,0.14554113382671008,0.06647241503835391,0.11830447831124398,0.037567845469464074,0.04070805879695788,0.044897980207083,0.03126765525549238,0.03022986739429074,0.39584718609326924,0.08916337960713491
170,170.0,169.99908961367427,0.14875680829491036,0.06694144410133393,0.11939606186881613,0.0385222557635329,0.03945210230966563,0.04300763218396925,0.031253949346294364,0.030177068309851264,0.3973368884639178,0.08515578935770855
171,171.0,170.99922589110733,0.14825458648266177,0.0692799985776643,0.11722859287111631,0.03785163384121487,0.03822722044800595,0.04096560554954774,0.03122907453455321,0.030127778450757224,0.4029118983033207,0.08392361094115813
172,172.0,171.99935628188598,0.1492358439981588,0.06941242217261862,0.11306526921918188,0.0371695577727165,0.037042554568032175,0.04034572894028081,0.03119439645864064,0.030082139793065017,0.41294967451870707,0.07950241255859875
173,173.0,172.99948007076793,0.1483652243068973,0.06575248408921516,0.11254016266645228,0.036483993733340804,0.03590592973037546,0.03878304392130989,0.03115124222573292,0.030040243603211378,0.42624124746638087,0.07473642825708422
174,174.0,173.99959668005403,0.1445572307575692,0.06583346488649543,0.11614561767630224,0.035802146160569266,0.034823908079180656,0.03946949512257968,0.03110089099385864,0.030002134596310993,0.43133222838043284,0.07093288334670139
