Total_iterations,Unnamed: 0.1,Intertwine_two,Add_vertex,Delete_vertex
0,0.0,0.3333333333333333,0.3333333333333333,0.3333333333333333
1,1.0,0.3333333333333333,0.3333333333333333,0.3333333333333333
2,2.0,0.3333333333333333,0.3333333333333333,0.3333333333333333
3,3.0,0.3333333333333333,0.3333333333333333,0.3333333333333333
4,4.0,0.3333333333333333,0.3333333333333333,0.3333333333333333
5,5.0,0.3333333333333333,0.3333333333333333,0.3333333333333333
6,6.0,0.3333333333333333,0.3333333333333333,0.3333333333333333
7,7.0,0.3333333333333333,0.3333333333333333,0.3333333333333333
8,8.0,0.3333333333333333,0.3333333333333333,0.3333333333333333
9,9.0,0.3333333333333333,0.3333333333333333,0.3333333333333333
10,10.0,0.3333333333333333,0.3333333333333333,0.3333333333333333
11,11.0,0.3333333333333333,0.3333333333333333,0.3333333333333333
12,12.0,0.3333333333333333,0.3333333333333333,0.3333333333333333
13,13.0,0.3333333333333333,0.3333333333333333,0.3333333333333333
14,14.0,0.3333333333333333,0.3333333333333333,0.3333333333333333
15,15.0,0.3333333333333333,0.3333333333333333,0.3333333333333333
16,16.0,0.3333333333333333,0.3333333333333333,0.3333333333333333
17,17.0,0.3333333333333333,0.3333333333333333,0.3333333333333333
18,18.0,0.3333333333333333,0.3333333333333333,0.3333333333333333
19,19.0,0.3333333333333333,0.3333333333333333,0.3333333333333333
20,20.0,0.3333333333333333,0.3333333333333333,0.3333333333333333
21,21.0,0.3333333333333333,0.3333333333333333,0.3333333333333333
22,22.0,0.3333333333333333,0.3333333333333333,0.3333333333333333
23,23.0,0.3333333333333333,0.3333333333333333,0.3333333333333333
24,24.0,0.3333333333333333,0.3333333333333333,0.3333333333333333
25,25.0,0.3333333333333333,0.3333333333333333,0.3333333333333333
26,26.0,0.3333333333333333,0.3333333333333333,0.3333333333333333
27,27.0,0.3333333333333333,0.3333333333333333,0.3333333333333333
28,28.0,0.3333333333333333,0.3333333333333333,0.3333333333333333
29,29.0,0.3333333333333333,0.3333333333333333,0.3333333333333333
30,30.0,0.3333333333333333,0.3333333333333333,0.3333333333333333
31,31.0,0.3333333333333333,0.3333333333333333,0.3333333333333333
32,32.0,0.3333333333333333,0.3333333333333333,0.3333333333333333
33,33.0,0.3333333333333333,0.3333333333333333,0.3333333333333333
34,34.0,0.3333333333333333,0.3333333333333333,0.3333333333333333
35,35.0,0.3333333333333333,0.3333333333333333,0.3333333333333333
36,36.0,0.3333333333333333,0.3333333333333333,0.3333333333333333
37,37.0,0.3333333333333333,0.3333333333333333,0.3333333333333333
38,38.0,0.3333333333333333,0.3333333333333333,0.3333333333333333
39,39.0,0.3333333333333333,0.3333333333333333,0.3333333333333333
40,40.0,0.3333333333333333,0.3333333333333333,0.3333333333333333
41,41.0,0.3333333333333333,0.3333333333333333,0.3333333333333333
42,42.0,0.3333333333333333,0.3333333333333333,0.3333333333333333
43,43.0,0.3333333333333333,0.3333333333333333,0.3333333333333333
44,44.0,0.3333333333333333,0.3333333333333333,0.3333333333333333
45,45.0,0.3333333333333333,0.3333333333333333,0.3333333333333333
46,46.0,0.3333333333333333,0.3333333333333333,0.3333333333333333
47,47.0,0.3333333333333333,0.3333333333333333,0.3333333333333333
48,48.0,0.3333333333333333,0.3333333333333333,0.3333333333333333
49,49.0,0.3333333333333333,0.3333333333333333,0.3333333333333333
50,50.0,0.3333333333333333,0.3333333333333333,0.3333333333333333
51,51.0,0.3333333333333333,0.3333333333333333,0.3333333333333333
52,52.0,0.3333333333333333,0.3333333333333333,0.3333333333333333
53,53.0,0.3333333333333333,0.3333333333333333,0.3333333333333333
54,54.0,0.3333333333333333,0.3333333333333333,0.3333333333333333
55,55.0,0.3333333333333333,0.3333333333333333,0.3333333333333333
56,56.0,0.3333333333333333,0.3333333333333333,0.3333333333333333
57,57.0,0.3333333333333333,0.3333333333333333,0.3333333333333333
58,58.0,0.3333333333333333,0.3333333333333333,0.3333333333333333
59,59.0,0.3333333333333333,0.3333333333333333,0.3333333333333333
60,60.0,0.3333333333333333,0.3333333333333333,0.3333333333333333
61,61.0,0.3333333333333333,0.3333333333333333,0.3333333333333333
62,62.0,0.3333333333333333,0.3333333333333333,0.3333333333333333
63,63.0,0.3333333333333333,0.3333333333333333,0.3333333333333333
64,64.0,0.3333333333333333,0.3333333333333333,0.3333333333333333
65,65.0,0.3333333333333333,0.3333333333333333,0.3333333333333333
66,66.0,0.3333333333333333,0.3333333333333333,0.3333333333333333
67,67.0,0.3333333333333333,0.3333333333333333,0.3333333333333333
68,68.0,0.3333333333333333,0.3333333333333333,0.3333333333333333
69,69.0,0.3333333333333333,0.3333333333333333,0.3333333333333333
70,70.0,0.3333333333333333,0.3333333333333333,0.3333333333333333
71,71.0,0.3333333333333333,0.3333333333333333,0.3333333333333333
72,72.0,0.3333333333333333,0.3333333333333333,0.3333333333333333
73,73.0,0.3333333333333333,0.3333333333333333,0.3333333333333333
74,74.0,0.3333333333333333,0.3333333333333333,0.3333333333333333
75,75.0,0.3333333333333333,0.3333333333333333,0.3333333333333333
76,76.0,0.3333333333333333,0.3333333333333333,0.3333333333333333
77,77.0,0.3333333333333333,0.3333333333333333,0.3333333333333333
78,78.0,0.3333333333333333,0.3333333333333333,0.3333333333333333
79,79.0,0.3333333333333333,0.3333333333333333,0.3333333333333333
80,80.0,0.3333333333333333,0.3333333333333333,0.3333333333333333
81,81.0,0.3333333333333333,0.3333333333333333,0.3333333333333333
82,82.0,0.3333333333333333,0.3333333333333333,0.3333333333333333
83,83.0,0.3333333333333333,0.3333333333333333,0.3333333333333333
84,84.0,0.3333333333333333,0.3333333333333333,0.3333333333333333
85,85.0,0.3333333333333333,0.3333333333333333,0.3333333333333333
86,86.0,0.3333333333333333,0.3333333333333333,0.3333333333333333
87,87.0,0.3333333333333333,0.3333333333333333,0.3333333333333333
88,88.0,0.3333333333333333,0.3333333333333333,0.3333333333333333
89,89.0,0.3333333333333333,0.3333333333333333,0.3333333333333333
90,90.0,0.3333333333333333,0.3333333333333333,0.3333333333333333
91,91.0,0.3333333333333333,0.3333333333333333,0.3333333333333333
92,92.0,0.3333333333333333,0.3333333333333333,0.3333333333333333
93,93.0,0.3333333333333333,0.3333333333333333,0.3333333333333333
94,94.0,0.3333333333333333,0.3333333333333333,0.3333333333333333
95,95.0,0.3333333333333333,0.3333333333333333,0.3333333333333333
96,96.0,0.3333333333333333,0.3333333333333333,0.3333333333333333
97,97.0,0.3333333333333333,0.3333333333333333,0.3333333333333333
98,98.0,0.3333333333333333,0.3333333333333333,0.3333333333333333
99,99.0,0.3333333333333333,0.3333333333333333,0.3333333333333333
100,100.0,0.3333333333333333,0.3333333333333333,0.3333333333333333
101,101.0,0.3333333333333333,0.3333333333333333,0.3333333333333333
102,102.0,0.3333333333333333,0.3333333333333333,0.3333333333333333
103,103.0,0.3333333333333333,0.3333333333333333,0.3333333333333333
104,104.0,0.3333333333333333,0.3333333333333333,0.3333333333333333
105,105.0,0.3333333333333333,0.3333333333333333,0.3333333333333333
106,106.0,0.3333333333333333,0.3333333333333333,0.3333333333333333
107,107.0,0.3333333333333333,0.3333333333333333,0.3333333333333333
108,108.0,0.3333333333333333,0.3333333333333333,0.3333333333333333
109,109.0,0.3333333333333333,0.3333333333333333,0.3333333333333333
110,110.0,0.3333333333333333,0.3333333333333333,0.3333333333333333
111,111.0,0.3333333333333333,0.3333333333333333,0.3333333333333333
112,112.0,0.3333333333333333,0.3333333333333333,0.3333333333333333
113,113.0,0.3333333333333333,0.3333333333333333,0.3333333333333333
114,114.0,0.3333333333333333,0.3333333333333333,0.3333333333333333
115,115.0,0.3333333333333333,0.3333333333333333,0.3333333333333333
116,116.0,0.3333333333333333,0.3333333333333333,0.3333333333333333
117,117.0,0.3333333333333333,0.3333333333333333,0.3333333333333333
118,118.0,0.3333333333333333,0.3333333333333333,0.3333333333333333
119,119.0,0.3333333333333333,0.3333333333333333,0.3333333333333333
120,120.0,0.3333333333333333,0.3333333333333333,0.3333333333333333
121,121.0,0.3333333333333333,0.3333333333333333,0.3333333333333333
122,122.0,0.3333333333333333,0.3333333333333333,0.3333333333333333
123,123.0,0.3333333333333333,0.3333333333333333,0.3333333333333333
124,124.0,0.3333333333333333,0.3333333333333333,0.3333333333333333
125,125.0,0.3333333333333333,0.3333333333333333,0.3333333333333333
126,126.0,0.3333333333333333,0.3333333333333333,0.3333333333333333
127,127.0,0.3333333333333333,0.3333333333333333,0.3333333333333333
128,128.0,0.3333333333333333,0.3333333333333333,0.3333333333333333
129,129.0,0.3333333333333333,0.3333333333333333,0.3333333333333333
130,130.0,0.3333333333333333,0.3333333333333333,0.3333333333333333
131,131.0,0.3333333333333333,0.3333333333333333,0.3333333333333333
132,132.0,0.3333333333333333,0.3333333333333333,0.3333333333333333
133,133.0,0.3333333333333333,0.3333333333333333,0.3333333333333333
134,134.0,0.3333333333333333,0.3333333333333333,0.3333333333333333
135,135.0,0.3333333333333333,0.3333333333333333,0.3333333333333333
136,136.0,0.3333333333333333,0.3333333333333333,0.3333333333333333
137,137.0,0.3333333333333333,0.3333333333333333,0.3333333333333333
138,138.0,0.3333333333333333,0.3333333333333333,0.3333333333333333
139,139.0,0.3333333333333333,0.3333333333333333,0.3333333333333333
140,140.0,0.3333333333333333,0.3333333333333333,0.3333333333333333
141,141.0,0.3333333333333333,0.3333333333333333,0.3333333333333333
142,142.0,0.3333333333333333,0.3333333333333333,0.3333333333333333
143,143.0,0.3333333333333333,0.3333333333333333,0.3333333333333333
144,144.0,0.3333333333333333,0.3333333333333333,0.3333333333333333
145,145.0,0.3333333333333333,0.3333333333333333,0.3333333333333333
146,146.0,0.3333333333333333,0.3333333333333333,0.3333333333333333
147,147.0,0.3333333333333333,0.3333333333333333,0.3333333333333333
148,148.0,0.3333333333333333,0.3333333333333333,0.3333333333333333
149,149.0,0.3333333333333333,0.3333333333333333,0.3333333333333333
150,150.0,0.3333333333333333,0.3333333333333333,0.3333333333333333
151,151.0,0.3333333333333333,0.3333333333333333,0.3333333333333333
152,152.0,0.3333333333333333,0.3333333333333333,0.3333333333333333
153,153.0,0.3333333333333333,0.3333333333333333,0.3333333333333333
154,154.0,0.3333333333333333,0.3333333333333333,0.3333333333333333
155,155.0,0.3333333333333333,0.3333333333333333,0.3333333333333333
156,156.0,0.3333333333333333,0.3333333333333333,0.3333333333333333
157,157.0,0.3333333333333333,0.3333333333333333,0.3333333333333333
158,158.0,0.3333333333333333,0.3333333333333333,0.3333333333333333
159,159.0,0.3333333333333333,0.3333333333333333,0.3333333333333333
160,160.0,0.3333333333333333,0.3333333333333333,0.3333333333333333
161,161.0,0.3333333333333333,0.3333333333333333,0.3333333333333333
162,162.0,0.3333333333333333,0.3333333333333333,0.3333333333333333
163,163.0,0.3333333333333333,0.3333333333333333,0.3333333333333333
164,164.0,0.3333333333333333,0.3333333333333333,0.3333333333333333
165,165.0,0.3333333333333333,0.3333333333333333,0.3333333333333333
166,166.0,0.3333333333333333,0.3333333333333333,0.3333333333333333
167,167.0,0.3333333333333333,0.3333333333333333,0.3333333333333333
168,168.0,0.3333333333333333,0.3333333333333333,0.3333333333333333
169,169.0,0.3333333333333333,0.3333333333333333,0.3333333333333333
170,170.0,0.3333333333333333,0.3333333333333333,0.3333333333333333
171,171.0,0.3333333333333333,0.3333333333333333,0.3333333333333333
172,172.0,0.3333333333333333,0.3333333333333333,0.3333333333333333
173,173.0,0.3333333333333333,0.3333333333333333,0.3333333333333333
174,174.0,0.3333333333333333,0.3333333333333333,0.3333333333333333
175,175.0,0.3333333333333333,0.3333333333333333,0.3333333333333333
176,176.0,0.3333333333333333,0.3333333333333333,0.3333333333333333
177,177.0,0.3333333333333333,0.3333333333333333,0.3333333333333333
178,178.0,0.3333333333333333,0.3333333333333333,0.3333333333333333
179,179.0,0.3333333333333333,0.3333333333333333,0.3333333333333333
180,180.0,0.3333333333333333,0.3333333333333333,0.3333333333333333
181,181.0,0.3333333333333333,0.3333333333333333,0.3333333333333333
182,182.0,0.3333333333333333,0.3333333333333333,0.3333333333333333
183,183.0,0.3333333333333333,0.3333333333333333,0.3333333333333333
184,184.0,0.3333333333333333,0.3333333333333333,0.3333333333333333
185,185.0,0.3333333333333333,0.3333333333333333,0.3333333333333333
186,186.0,0.3333333333333333,0.3333333333333333,0.3333333333333333
187,187.0,0.3333333333333333,0.3333333333333333,0.3333333333333333
188,188.0,0.3333333333333333,0.3333333333333333,0.3333333333333333
189,189.0,0.3333333333333333,0.3333333333333333,0.3333333333333333
190,190.0,0.3333333333333333,0.3333333333333333,0.3333333333333333
191,191.0,0.3333333333333333,0.3333333333333333,0.3333333333333333
192,192.0,0.3333333333333333,0.3333333333333333,0.3333333333333333
193,193.0,0.3333333333333333,0.3333333333333333,0.3333333333333333
194,194.0,0.3333333333333333,0.3333333333333333,0.3333333333333333
195,195.0,0.3333333333333333,0.3333333333333333,0.3333333333333333
196,196.0,0.3333333333333333,0.3333333333333333,0.3333333333333333
197,197.0,0.3333333333333333,0.3333333333333333,0.3333333333333333
198,198.0,0.3333333333333333,0.3333333333333333,0.3333333333333333
199,199.0,0.3295548518070674,0.33109055838955,0.3393545898033828
200,200.0,0.3122685640541059,0.331464174713738,0.3562672612321562
201,201.0,0.2953612140079267,0.3316583447653719,0.3729804412267017
202,202.0,0.2785286400222997,0.3321981708227566,0.3892731891549439
203,203.0,0.262348804194932,0.3323133394687925,0.4053378563362758
204,204.0,0.246519646207634,0.3323088133729845,0.4211715404193816
205,205.0,0.2312692178553024,0.3324959026626481,0.4362348794820496
206,206.0,0.2170086017120856,0.3328627748006369,0.4501286234872777
207,207.0,0.2038623316697357,0.3331733956691752,0.4629642726610892
208,208.0,0.1915770062314346,0.3333623959392847,0.4750605978292809
209,209.0,0.1801355076329682,0.3336876618897288,0.4861768304773032
210,210.0,0.1695747006384213,0.3338724051069167,0.4965528942546623
211,211.0,0.1598932837884971,0.3343050058473201,0.505801710364183
212,212.0,0.1512834804685821,0.3346295026123678,0.5140870169190503
213,213.0,0.1434993671210457,0.3350363402428142,0.5214642926361404
214,214.0,0.1367450698248945,0.3351573463747508,0.528097583800355
215,215.0,0.1309872299200256,0.3353978738736548,0.5336148962063199
216,216.0,0.1258646567882853,0.3355993034519873,0.5385360397597276
217,217.0,0.1214860613687528,0.3358672048837876,0.5426467337474599
218,218.0,0.1181279848684424,0.3359545119387271,0.5459175031928307
219,219.0,0.1151877306289541,0.336264304206413,0.5485479651646332
220,220.0,0.1131081043382223,0.3364581912249906,0.5504337044367875
221,221.0,0.1118213607270579,0.3362502972536248,0.5519283420193176
222,222.0,0.1112377008111427,0.335875714643856,0.5528865845450016
223,223.0,0.1113633881554052,0.3355426280936927,0.5530939837509025
224,224.0,0.1121491970822581,0.3349516694534838,0.5528991334642583
225,225.0,0.1134101315510303,0.3343047008896244,0.5522851675593458
226,226.0,0.115494046559108,0.3335796624029397,0.5509262910379527
227,227.0,0.1179873969963556,0.3328265021810406,0.549186100822604
228,228.0,0.1209096445781733,0.3323058367603246,0.5467845186615024
229,229.0,0.1242733847650125,0.331802952911818,0.5439236623231698
230,230.0,0.1276499380875297,0.3312235138585783,0.5411265480538923
231,231.0,0.1308352056213962,0.3308041104334521,0.5383606839451519
232,232.0,0.1340759209108317,0.330424119315177,0.5354999597739915
233,233.0,0.1370432238828536,0.3303670519448094,0.5325897241723372
234,234.0,0.1399211044635773,0.3304223197989289,0.529656575737494
235,235.0,0.1428219589951946,0.3303387592677304,0.5268392817370753
236,236.0,0.1459179383694994,0.3301521471095887,0.5239299145209121
237,237.0,0.1488963407674809,0.3299252487752855,0.5211784104572339
238,238.0,0.1518121702890482,0.329711922067583,0.518475907643369
239,239.0,0.1545007797577579,0.3295228951572911,0.5159763250849512
240,240.0,0.1570974424387567,0.3293789470573108,0.5135236105039327
241,241.0,0.1595252587458293,0.3292307181248685,0.5112440231293024
242,242.0,0.161672856521723,0.3292071613541509,0.5091199821241262
243,243.0,0.1637498869444411,0.3291098230069004,0.5071402900486587
244,244.0,0.1658217456124135,0.3287931154045421,0.5053851389830447
245,245.0,0.1675813033763072,0.3287343730090541,0.503684323614639
246,246.0,0.1689936857472663,0.3287444117463334,0.5022619025064006
247,247.0,0.1700830623756557,0.3291084360620462,0.5008085015622984
248,248.0,0.1712585189522713,0.3292366826463928,0.4995047984013362
249,249.0,0.1722247061030584,0.3293566103846775,0.4984186835122645
250,250.0,0.173034215198499,0.3289215101327706,0.4980442746687308
251,251.0,0.1739083705711267,0.3281187094020404,0.4979729200268333
252,252.0,0.1747696379198148,0.3273386623131216,0.497891699767064
253,253.0,0.1754424201656828,0.3267183557870901,0.4978392240472276
254,254.0,0.1758993327231572,0.3261710410166338,0.4979296262602095
255,255.0,0.1763081474010935,0.325598689848143,0.498093162750764
256,256.0,0.1768078589704749,0.3250082065240046,0.498183934505521
257,257.0,0.1769451496023675,0.3245787712630043,0.4984760791346286
258,258.0,0.1769426323339993,0.3240957671249164,0.4989616005410847
259,259.0,0.1767206911326986,0.3237172067547932,0.4995621021125085
260,260.0,0.1764696739645139,0.3233933791581072,0.5001369468773792
261,261.0,0.1761791602987313,0.3231147931070448,0.5007060465942241
262,262.0,0.1755928180246176,0.3229015861975631,0.5015055957778195
263,263.0,0.174916596677102,0.3228007109623717,0.5022826923605266
264,264.0,0.1742256515327198,0.3227745652301285,0.502999783237152
265,265.0,0.1735804339580993,0.3228208457122756,0.5035987203296253
266,266.0,0.1731997367072268,0.3229043143573904,0.503895948935383
267,267.0,0.172821752231225,0.322889010057964,0.5042892377108112
268,268.0,0.1724583906403513,0.3229530605630828,0.5045885487965659
269,269.0,0.1722505408232662,0.3230167368878264,0.5047327222889074
270,270.0,0.1719354138952353,0.3228681078912765,0.5051964782134881
271,271.0,0.1715750192628163,0.3227309972227113,0.5056939835144723
272,272.0,0.1712122214310839,0.3224015569240067,0.5063862216449093
273,273.0,0.1707665998407955,0.3219520131206732,0.5072813870385314
274,274.0,0.1699355985646247,0.3216525552908675,0.5084118461445077
275,275.0,0.1691609775653528,0.3216867194657022,0.509152302968945
276,276.0,0.1684928059341473,0.3217322577854647,0.5097749362803881
277,277.0,0.167932557318767,0.3219559806438201,0.510111462037413
278,278.0,0.167506800539332,0.3222367563313922,0.510256443129276
279,279.0,0.1669548165154919,0.3230040768221318,0.5100411066623765
280,280.0,0.1664578312498173,0.3239457811360868,0.509596387614096
281,281.0,0.1661327382799423,0.3248344037613742,0.5090328579586836
282,282.0,0.1657581955208515,0.3254260330781881,0.5088157714009605
283,283.0,0.1653204494951198,0.3257654607799931,0.5089140897248872
284,284.0,0.1647676245401589,0.3259546288303855,0.5092777466294556
285,285.0,0.1641114862378774,0.3261871828088812,0.5097013309532414
286,286.0,0.1635093691384573,0.3264286727668671,0.5100619580946756
287,287.0,0.1631424916593618,0.3263970844332504,0.5104604239073878
288,288.0,0.1628300659680324,0.3263161360458315,0.5108537979861361
289,289.0,0.1625448313570519,0.3259603768586082,0.5114947917843399
290,290.0,0.162278896901651,0.3255172846290814,0.5122038184692677
291,291.0,0.1619939514545078,0.3250883872351168,0.5129176613103755
292,292.0,0.1619649803942155,0.3244393310961159,0.5135956885096686
293,293.0,0.1622057466613716,0.3234195142905565,0.5143747390480718
294,294.0,0.1623980075649375,0.3226147625306301,0.5149872299044322
295,295.0,0.1625362517076757,0.3218201670790314,0.5156435812132929
296,296.0,0.1626598076031525,0.3208930349595946,0.5164471574372529
297,297.0,0.1628814997117244,0.3198593369701464,0.5172591633181293
298,298.0,0.1630911052556123,0.3187802556099201,0.5181286391344677
299,299.0,0.1633705721679043,0.3177007618094364,0.5189286660226594
300,300.0,0.1636090975490846,0.3167366185587733,0.5196542838921422
301,301.0,0.1637370538275432,0.3158072314115002,0.5204557147609568
302,302.0,0.1639191795337726,0.3148303844941949,0.5212504359720327
303,303.0,0.1637803315939588,0.3138680201074508,0.5223516482985906
304,304.0,0.1635951699674115,0.3129680905285469,0.5234367395040418
305,305.0,0.1635532921264872,0.3121068071476729,0.52433990072584
306,306.0,0.1636299162618435,0.3112097214014724,0.5251603623366842
307,307.0,0.1637137590029405,0.3102663731249625,0.5260198678720972
308,308.0,0.1635877792168933,0.3097156980078986,0.5266965227752083
309,309.0,0.1630794191814986,0.3091656147904318,0.5277549660280697
310,310.0,0.1624586210307099,0.3087244240672054,0.5288169549020848
311,311.0,0.1618251727345125,0.3085011254851484,0.5296737017803392
312,312.0,0.1612550253234164,0.3082280965599318,0.5305168781166519
313,313.0,0.1604701570114342,0.3082249445570588,0.5313048984315072
314,314.0,0.1597711955461215,0.3080176644432318,0.5322111400106468
315,315.0,0.1590547345856667,0.3078561971524036,0.5330890682619298
316,316.0,0.1583968968341325,0.3074277869319206,0.5341753162339471
317,317.0,0.1577789395765327,0.3069848734719675,0.5352361869514999
318,318.0,0.1573091641379885,0.3065042695933161,0.5361865662686957
319,319.0,0.1567420914327663,0.3060872659096649,0.5371706426575691
320,320.0,0.1564764930738578,0.3055401431740892,0.5379833637520532
321,321.0,0.1563641090105631,0.3050098711387388,0.5386260198506984
322,322.0,0.1563860607310116,0.3045045339234611,0.5391094053455275
323,323.0,0.1564837167896732,0.3039131273657423,0.5396031558445848
324,324.0,0.1572285308178533,0.3026004523324902,0.5401710168496567
325,325.0,0.1580130639843681,0.3015726505054648,0.5404142855101675
326,326.0,0.1589235098257592,0.3004687210580657,0.5406077691161755
327,327.0,0.1598485550994245,0.2992701497660991,0.5408812951344768
328,328.0,0.1606691071851366,0.2982430511984044,0.5410878416164594
329,329.0,0.1614870835915482,0.2973631218692582,0.541149794539194
330,330.0,0.1623615952935996,0.2963993642124165,0.5412390404939842
331,331.0,0.1631075735482882,0.2954757574715305,0.5414166689801816
332,332.0,0.1641480428169592,0.2945309330505014,0.5413210241325398
333,333.0,0.1651152341345767,0.2939011873243798,0.5409835785410437
334,334.0,0.166150896021154,0.2932564417745777,0.5405926622042686
335,335.0,0.1669431965590586,0.292793687963927,0.5402631154770147
336,336.0,0.1676820268344263,0.2923865165548036,0.5399314566107704
337,337.0,0.1684789919863762,0.2920130141342852,0.5395079938793387
338,338.0,0.1691183794854319,0.2919629519004532,0.5389186686141151
339,339.0,0.1697449476989665,0.291675872075688,0.5385791802253456
340,340.0,0.1703267697697361,0.2912763682115485,0.5383968620187155
341,341.0,0.1709513156428281,0.2908718310806182,0.5381768532765537
342,342.0,0.1717602000227874,0.290612087076014,0.5376277129011987
343,343.0,0.1722735458707793,0.2906652227382857,0.5370612313909351
344,344.0,0.1725533274537997,0.2905984757510764,0.5368481967951241
345,345.0,0.1728282165957054,0.2905413903509632,0.5366303930533315
346,346.0,0.1731450184902071,0.2899711910774506,0.5368837904323425
347,347.0,0.173469556604513,0.2892622706243682,0.537268172771119
348,348.0,0.1736421148814677,0.2886160689718487,0.5377418161466839
349,349.0,0.173706850340713,0.2881198072355932,0.5381733424236942
350,350.0,0.1737336334732046,0.2877627865419874,0.5385035799848085
351,351.0,0.1738267422489567,0.2875702436754816,0.5386030140755621
352,352.0,0.1739329741585339,0.287542032403731,0.5385249934377354
353,353.0,0.1737653127101691,0.2878668891862888,0.5383677981035425
354,354.0,0.1737518060050223,0.2881570290255651,0.5380911649694128
355,355.0,0.1739063022091453,0.2885171041231119,0.537576593667743
356,356.0,0.1738174984360284,0.2889919753173437,0.5371905262466281
357,357.0,0.1740124574388673,0.2894531223006758,0.5365344202604572
358,358.0,0.1742311640466883,0.2898236894889813,0.5359451464643307
359,359.0,0.1744811844805718,0.2901226535333014,0.535396161986127
360,360.0,0.1747365335369539,0.2905162761084418,0.5347471903546046
361,361.0,0.1750981066027825,0.2908884899079839,0.5340134034892339
362,362.0,0.1753965297097527,0.291332682219907,0.5332707880703407
363,363.0,0.1757273380752065,0.2915784104043917,0.5326942515204021
364,364.0,0.1760816693827786,0.291397647771275,0.5325206828459466
365,365.0,0.1766726209870036,0.2910533928720661,0.5322739861409305
366,366.0,0.1773425474176171,0.2906740427801824,0.5319834098022007
367,367.0,0.1779071177773951,0.2899988144609617,0.5320940677616434
368,368.0,0.1783759015051751,0.2893536590122151,0.5322704394826101
369,369.0,0.178722045765888,0.2889019857008989,0.5323759685332135
370,370.0,0.1789656471004986,0.2885193901662595,0.5325149627332424
371,371.0,0.1791457183581798,0.2882070559260555,0.5326472257157651
372,372.0,0.1793067764921322,0.2880154737691832,0.5326777497386851
373,373.0,0.1793970910134351,0.2880666981365637,0.5325362108500017
374,374.0,0.179921226041191,0.2880403539571944,0.532038420001615
375,375.0,0.1803973897632994,0.2880388045604831,0.531563805676218
376,376.0,0.1808321216283888,0.2880889223216705,0.5310789560499413
377,377.0,0.1811961484159662,0.2881421714937936,0.5306616800902406
378,378.0,0.1816640603659843,0.2881766556144495,0.5301592840195667
379,379.0,0.1823772568161232,0.2881908976162274,0.5294318455676498
380,380.0,0.1832565547368451,0.288131357943133,0.5286120873200223
381,381.0,0.1842147489295156,0.2881856559681101,0.5275995951023746
382,382.0,0.1850486342772235,0.2882482789814156,0.5267030867413611
383,383.0,0.1859947570465663,0.2881732929717104,0.5258319499817236
384,384.0,0.1869709481025998,0.2881020279178647,0.5249270239795357
385,385.0,0.1878251507069743,0.2880516226315851,0.5241232266614408
386,386.0,0.1887029694993582,0.2880999324378733,0.5231970980627687
387,387.0,0.1896448007010586,0.2881864712772438,0.5221687280216978
388,388.0,0.1906133798636416,0.288325274697949,0.5210613454384097
389,389.0,0.1916021989597609,0.2884372229696201,0.5199605780706192
390,390.0,0.1929047130549286,0.2884812951008008,0.5186139918442709
391,391.0,0.1941043594650671,0.2887972588206251,0.5170983817143081
392,392.0,0.1953571070372053,0.2889770233954706,0.5156658695673244
393,393.0,0.1971962778827675,0.2886973556644631,0.5141063664527697
394,394.0,0.1990099810358807,0.2882220713837492,0.5127679475803705
395,395.0,0.2007269728091189,0.2878103654699823,0.5114626617208993
396,396.0,0.2028375016463565,0.2873588079867912,0.5098036903668527
397,397.0,0.205054580379936,0.2870199887027147,0.5079254309173497
398,398.0,0.20741735771806,0.2866727955890644,0.5059098466928759
399,399.0,0.2094637485955996,0.286412510680148,0.5041237407242526
400,400.0,0.2113905047698684,0.2861678402372959,0.5024416549928359
401,401.0,0.2130491164923787,0.2862200056571701,0.5007308778504513
402,402.0,0.2144315020590366,0.2865844390692569,0.4989840588717066
403,403.0,0.2156906097063539,0.2870521401690357,0.4972572501246105
404,404.0,0.2169847741768019,0.2874967561063064,0.4955184697168918
405,405.0,0.2178182889854109,0.2879745532821386,0.4942071577324506
406,406.0,0.2183796215466335,0.288495653775878,0.4931247246774884
407,407.0,0.2188170783254421,0.288945171673194,0.4922377500013638
408,408.0,0.2192121551727535,0.2891557724129854,0.491632072414261
409,409.0,0.2195026793289066,0.2895007066878537,0.4909966139832397
410,410.0,0.2196699315749148,0.2897508039527804,0.4905792644723047
411,411.0,0.2197921305337231,0.2900313264073637,0.4901765430589132
412,412.0,0.2197471183411196,0.2903191912638377,0.4899336903950426
413,413.0,0.2196664291995692,0.2906868920444235,0.4896466787560072
414,414.0,0.219530638988066,0.2911042008723991,0.4893651601395349
415,415.0,0.2192697834050534,0.2917378992086088,0.4889923173863378
416,416.0,0.2189240814928711,0.2924149857097942,0.4886609327973346
417,417.0,0.2183893930201279,0.2931048470265485,0.4885057599533235
418,418.0,0.2178555222078712,0.2936950443767743,0.4884494334153544
419,419.0,0.2170228496641635,0.2945166829032234,0.488460467432613
420,420.0,0.216178805750204,0.2954253863971914,0.4883958078526046
421,421.0,0.2152197633734998,0.2965562990475651,0.4882239375789351
422,422.0,0.2141799132102005,0.2975679190302755,0.488252167759524
423,423.0,0.2132189022739524,0.2983567754699654,0.4884243222560824
424,424.0,0.2128378951141919,0.2987852636605997,0.4883768412252085
425,425.0,0.2123423662976459,0.299068113492404,0.4885895202099503
426,426.0,0.211700796308287,0.2991924636529164,0.4891067400387967
427,427.0,0.2115246616669568,0.299115005625463,0.4893603327075803
428,428.0,0.2109619364842675,0.2989805316047661,0.4900575319109665
429,429.0,0.2108996910077601,0.2984952097214332,0.4906050992708068
430,430.0,0.2110039493062842,0.2981535403604642,0.4908425103332517
431,431.0,0.2110519391289978,0.2977634356184779,0.4911846252525244
432,432.0,0.2111985225926121,0.2974212288909092,0.4913802485164788
433,433.0,0.2118192775940332,0.2968569795361236,0.4913237428698432
434,434.0,0.2125023891724392,0.2964215881760468,0.491076022651514
435,435.0,0.2130057768224269,0.2960052069088958,0.4909890162686773
436,436.0,0.2135206176375381,0.2956693113615746,0.4908100710008874
437,437.0,0.2140621305785786,0.2953452960515423,0.4905925733698792
438,438.0,0.2144492850013011,0.2949822278752295,0.4905684871234694
439,439.0,0.2148358223621445,0.2946595204453435,0.4905046571925121
440,440.0,0.2152378555527375,0.2942156684046445,0.4905464760426181
441,441.0,0.215599490891372,0.2939109106328904,0.4904895984757378
442,442.0,0.2158691245119843,0.2936838805402984,0.4904469949477175
443,443.0,0.2159698309304872,0.2935196114011533,0.4905105576683596
444,444.0,0.2163045632842409,0.2933003046429834,0.4903951320727758
445,445.0,0.2164120113065685,0.2933312841727971,0.4902567045206346
446,446.0,0.2165246424022107,0.2930562620831743,0.4904190955146152
447,447.0,0.21642755486475,0.2931579939945111,0.4904144511407391
448,448.0,0.2164131310042253,0.293237729728273,0.4903491392675018
449,449.0,0.2164472861429573,0.2935879001030834,0.4899648137539595
450,450.0,0.2163404102002593,0.2940963924257322,0.4895631973740086
451,451.0,0.2163004172117858,0.2944621623456512,0.4892374204425632
452,452.0,0.2162670966080923,0.2950932830968203,0.4886396202950877
453,453.0,0.2165235292343189,0.2957450096653795,0.4877314611003019
454,454.0,0.2168195670915766,0.2965295315642733,0.4866509013441502
455,455.0,0.2170488561083736,0.2974006386744105,0.485550505217216
456,456.0,0.2170655533959178,0.2982869578673154,0.4846474887367669
457,457.0,0.2170946410366467,0.2992858829936254,0.4836194759697282
458,458.0,0.2171943077090469,0.3001984134789578,0.4826072788119955
459,459.0,0.2173291612683786,0.3011241637501384,0.4815466749814831
460,460.0,0.2176193263422884,0.3020417139958952,0.4803389596618165
461,461.0,0.2179354441520974,0.302940229510782,0.4791243263371207
462,462.0,0.2182395185795989,0.3039517141216774,0.4778087672987238
463,463.0,0.2184525827923374,0.3048834560189709,0.4766639611886917
464,464.0,0.2187340285722136,0.3056566301462016,0.4756093412815848
465,465.0,0.2188127970749,0.3064565295409225,0.4747306733841775
466,466.0,0.2187572755542214,0.3072660532293053,0.4739766712164733
467,467.0,0.219119693731514,0.3077140965218128,0.4731662097466733
468,468.0,0.2193815570440146,0.3080628283963924,0.4725556145595931
469,469.0,0.2197885942148211,0.3085055639244294,0.4717058418607496
470,470.0,0.2204384993399716,0.3087539911143442,0.4708075095456843
471,471.0,0.2211209388511155,0.3089365798983147,0.4699424812505698
472,472.0,0.22195300182418,0.3090847337051647,0.4689622644706553
473,473.0,0.2228976988325263,0.3091562057581222,0.4679460954093516
474,474.0,0.2238605375205772,0.309010940132048,0.4671285223473748
475,475.0,0.224637524867547,0.3089160663573718,0.4664464087750811
476,476.0,0.2252069306997152,0.3089344922907949,0.4658585770094899
477,477.0,0.2256825917163925,0.309013132235264,0.4653042760483434
478,478.0,0.2260428760998721,0.3089855752312656,0.4649715486688622
479,479.0,0.2263061602000354,0.3090521694129577,0.4646416703870069
480,480.0,0.2265082658304901,0.308828863647719,0.464662870521791
481,481.0,0.2267471578983484,0.3088350017090536,0.4644178403925981
482,482.0,0.2269931299344149,0.309144313053184,0.4638625570124013
483,483.0,0.2272530120968618,0.3097286710131234,0.4630183168900149
484,484.0,0.2275033235893552,0.310191961107562,0.462304715303083
485,485.0,0.2278106645247722,0.31035399944487,0.4618353360303578
486,486.0,0.227874646222181,0.3109279578386681,0.461197395939151
487,487.0,0.2278435865109229,0.3116137968507618,0.4605426166383154
488,488.0,0.228070791485483,0.3122226424089848,0.4597065661055324
489,489.0,0.2286658901767465,0.3125780006273773,0.4587561091958764
490,490.0,0.2291705969542672,0.312801269890482,0.458028133155251
491,491.0,0.2296379545969034,0.3130695022964285,0.4572925431066685
492,492.0,0.2297940111334054,0.3135155193493864,0.4566904695172085
493,493.0,0.2299633820526387,0.3136902528332316,0.4563463651141299
494,494.0,0.2302262863164997,0.3138563846898144,0.4559173289936862
495,495.0,0.2305395739213754,0.3139606033739895,0.4554998227046354
496,496.0,0.2308210689214128,0.3140749357857861,0.4551039952928015
497,497.0,0.2310771913481734,0.3141336590115715,0.4547891496402554
498,498.0,0.2313185204082647,0.3142515304306517,0.454429949161084
499,499.0,0.231410819258571,0.3143333851015181,0.4542557956399113
500,500.0,0.231552667968427,0.3145251760601232,0.4539221559714501
501,501.0,0.2315563739080886,0.3149308302539373,0.4535127958379744
502,502.0,0.2317792250173574,0.3153789453332679,0.452841829649375
503,503.0,0.2319979301757695,0.3158103838104791,0.4521916860137516
504,504.0,0.2322012504691027,0.3161605461516076,0.4516382033792899
505,505.0,0.2324459946408921,0.3163656180941142,0.451188387264994
506,506.0,0.2327482985702538,0.3165029302831832,0.4507487711465632
507,507.0,0.2330565822289022,0.3165510722084314,0.4503923455626668
508,508.0,0.2334440664164855,0.3168512222272591,0.4497047113562558
509,509.0,0.2338839721608746,0.3175198148280718,0.448596213011054
510,510.0,0.2345304375586334,0.3180011064126256,0.4474684560287413
511,511.0,0.2350412457702105,0.3186364271336482,0.4463223270961417
512,512.0,0.2355259715620747,0.3192717271916169,0.4452023012463087
513,513.0,0.235879828469771,0.320030653609876,0.4440895179203534
514,514.0,0.2362270596129509,0.3208930745603969,0.4428798658266524
515,515.0,0.2365229384599254,0.3216697347202945,0.4418073268197804
516,516.0,0.2368189363284289,0.3224328794057322,0.4407481842658392
517,517.0,0.2370941551438155,0.323200077845308,0.4397057670108767
518,518.0,0.2375270486863253,0.3240523711032589,0.4384205802104159
519,519.0,0.237969781035787,0.3250710924374743,0.4369591265267389
520,520.0,0.2379463789838216,0.3260904784447071,0.4359631425714716
521,521.0,0.2376143521977602,0.3273840939415574,0.4350015538606826
522,522.0,0.2372517608399083,0.3286949252278414,0.4340533139322506
523,523.0,0.2366560100823173,0.3299926729686094,0.4333513169490736
524,524.0,0.2359224278594314,0.3312170938577636,0.4328604782828052
525,525.0,0.2355619751853276,0.3320859165924109,0.4323521082222617
526,526.0,0.2350431394686673,0.3330062700246181,0.4319505905067149
527,527.0,0.2344421787980995,0.3338027087606053,0.4317551124412955
528,528.0,0.2336634248373205,0.3341797935190362,0.4321567816436434
529,529.0,0.232831719944896,0.3344862007178054,0.4326820793372988
530,530.0,0.2319431112132648,0.3347398178499389,0.4333170709367965
531,531.0,0.2313643833605296,0.3346378164500723,0.4339978001893983
532,532.0,0.2307817152824326,0.3345341243690066,0.434684160348561
533,533.0,0.2303145046496635,0.3342178532936021,0.4354676420567345
534,534.0,0.2300846820225233,0.33372776603911,0.4361875519383669
535,535.0,0.2299200851208319,0.3332699782813576,0.4368099365978106
536,536.0,0.229616394627518,0.3328944951310922,0.4374891102413898
537,537.0,0.2294840363048767,0.3323833295438058,0.4381326341513177
538,538.0,0.2292833927686342,0.331984185477892,0.4387324217534739
539,539.0,0.2293957417103661,0.331520472200099,0.439083786089535
540,540.0,0.2295171902755825,0.3312248092560796,0.439258000468338
541,541.0,0.2293967267440613,0.3309610496045132,0.4396422236514257
542,542.0,0.2291596397155443,0.330823033879833,0.440017326404623
543,543.0,0.2291828538997993,0.330544077764105,0.4402730683360958
544,544.0,0.2291512905940463,0.330272317762099,0.4405763916438549
545,545.0,0.2292598890847205,0.3301083903917945,0.4406317205234852
546,546.0,0.2293721660095699,0.3300783163101022,0.4405495176803281
547,547.0,0.229479260987903,0.330187705000072,0.440333034012025
548,548.0,0.2296025756547393,0.3300896606272533,0.4403077637180074
549,549.0,0.2298886498124964,0.3300015690892529,0.4401097810982508
550,550.0,0.2302644409288623,0.3296769624024202,0.4400585966687176
551,551.0,0.2305354315096078,0.3296575168647023,0.4398070516256899
552,552.0,0.2310690497460084,0.3294507773888495,0.4394801728651422
553,553.0,0.2313715715400465,0.3291401383963205,0.4394882900636331
554,554.0,0.2314754147162476,0.3289515837165791,0.4395730015671735
555,555.0,0.2315994036491367,0.3287645452137153,0.4396360511371481
556,556.0,0.2315202003571659,0.3284956210805312,0.4399841785623031
557,557.0,0.231358334268903,0.328362558635827,0.4402791070952702
558,558.0,0.2312044403364311,0.3282157890775692,0.4405797705859998
559,559.0,0.2309729587819831,0.328163270884718,0.4408637703332991
560,560.0,0.2308443406710488,0.3281819038493645,0.4409737554795869
561,561.0,0.2306413878182547,0.3282230736897182,0.4411355384920273
562,562.0,0.2304746029885131,0.3282080245655294,0.4413173724459577
563,563.0,0.2302183118093236,0.3285591929440909,0.4412224952465856
564,564.0,0.2298623215833418,0.3289763498600056,0.4411613285566527
565,565.0,0.2296167502390986,0.3293395066042229,0.4410437431566787
566,566.0,0.22932114904167,0.3299862849223716,0.4406925660359586
567,567.0,0.2290098883429737,0.3307406056369973,0.4402495060200291
568,568.0,0.228752516402469,0.3314818131938644,0.4397656704036667
569,569.0,0.2286618581086217,0.3320784831596098,0.4392596587317687
570,570.0,0.2287048031451831,0.3325948924647133,0.4387003043901039
571,571.0,0.2288020225677473,0.3331241709702879,0.438073806461965
572,572.0,0.2289277225672121,0.3335068003276107,0.4375654771051775
573,573.0,0.2290882848362578,0.3338335126453108,0.4370782025184316
574,574.0,0.2292013813796619,0.3341337901082674,0.4366648285120711
575,575.0,0.2293582979328164,0.3344077551890986,0.4362339468780853
576,576.0,0.2296115756356241,0.3344902271054285,0.4358981972589478
577,577.0,0.2299725242152562,0.3345773623196493,0.4354501134650949
578,578.0,0.230148323000707,0.3344961815075488,0.4353554954917446
579,579.0,0.23032334274781,0.3344004979936713,0.4352761592585191
580,580.0,0.2302481901637494,0.334195445141047,0.4355563646952041
581,581.0,0.2303727593644287,0.333932122853004,0.4356951177825677
582,582.0,0.2304382925793933,0.3335601789656468,0.4360015284549604
583,583.0,0.2304992749228516,0.3330809242645194,0.4364198008126295
584,584.0,0.2306243112922244,0.3323690476521884,0.4370066410555877
585,585.0,0.2307183670228622,0.3318312487656897,0.4374503842114486
586,586.0,0.230570504761999,0.3315735516876104,0.437855943550391
587,587.0,0.2304993145537495,0.3311339476250537,0.4383667378211971
588,588.0,0.2303955286837447,0.3306224786363014,0.4389819926799543
589,589.0,0.2303074284299609,0.3301599478201716,0.4395326237498678
590,590.0,0.230337445853117,0.3294945543763399,0.4401679997705434
591,591.0,0.2301486328827811,0.3290018220783766,0.4408495450388425
592,592.0,0.229749959641471,0.3287827373537753,0.4414673030047538
593,593.0,0.2295936173029223,0.328685842010407,0.4417205406866708
594,594.0,0.2295610400125946,0.3286686383766491,0.4417703216107563
595,595.0,0.2293997056940037,0.3285243131459614,0.442075981160035
596,596.0,0.2290141439423066,0.328337471628994,0.4426483844286994
597,597.0,0.2287626681508623,0.328051839897793,0.4431854919513447
598,598.0,0.2287490791442603,0.3277788557642274,0.4434720650915123
599,599.0,0.228863159645807,0.3278165802330737,0.4433202601211192
600,600.0,0.2288349555026865,0.3279070936263125,0.443257950871001
