,Unnamed: 0,Total_iterations,Intertwine_two,Add_vertex,Delete_vertex,Invert_path_vertices,Insert_inside_vertex,Delete_inside_vertex
0,0.0,0.0,0.16666666666666669,0.16666666666666669,0.16666666666666669,0.16666666666666669,0.16666666666666669,0.16666666666666669
1,1.0,1.0,0.16666666666666669,0.16666666666666669,0.16666666666666669,0.16666666666666669,0.16666666666666669,0.16666666666666669
2,2.0,2.0,0.16666666666666669,0.16666666666666669,0.16666666666666669,0.16666666666666669,0.16666666666666669,0.16666666666666669
3,3.0,3.0,0.16666666666666669,0.16666666666666669,0.16666666666666669,0.16666666666666669,0.16666666666666669,0.16666666666666669
4,4.0,4.0,0.16666666666666669,0.16666666666666669,0.16666666666666669,0.16666666666666669,0.16666666666666669,0.16666666666666669
5,5.0,5.0,0.16666666666666669,0.16666666666666669,0.16666666666666669,0.16666666666666669,0.16666666666666669,0.16666666666666669
6,6.0,6.0,0.16666666666666669,0.16666666666666669,0.16666666666666669,0.16666666666666669,0.16666666666666669,0.16666666666666669
7,7.0,7.0,0.16666666666666669,0.16666666666666669,0.16666666666666669,0.16666666666666669,0.16666666666666669,0.16666666666666669
8,8.0,8.0,0.16666666666666669,0.16666666666666669,0.16666666666666669,0.16666666666666669,0.16666666666666669,0.16666666666666669
9,9.0,9.0,0.16666666666666669,0.16666666666666669,0.16666666666666669,0.16666666666666669,0.16666666666666669,0.16666666666666669
10,10.0,10.0,0.16666666666666669,0.16666666666666669,0.16666666666666669,0.16666666666666669,0.16666666666666669,0.16666666666666669
11,11.0,11.0,0.16666666666666669,0.16666666666666669,0.16666666666666669,0.16666666666666669,0.16666666666666669,0.16666666666666669
12,12.0,12.0,0.16666666666666669,0.16666666666666669,0.16666666666666669,0.16666666666666669,0.16666666666666669,0.16666666666666669
13,13.0,13.0,0.16666666666666669,0.16666666666666669,0.16666666666666669,0.16666666666666669,0.16666666666666669,0.16666666666666669
14,14.0,14.0,0.16666666666666669,0.16666666666666669,0.16666666666666669,0.16666666666666669,0.16666666666666669,0.16666666666666669
15,15.0,15.0,0.16666666666666669,0.16666666666666669,0.16666666666666669,0.16666666666666669,0.16666666666666669,0.16666666666666669
16,16.0,16.0,0.16666666666666669,0.16666666666666669,0.16666666666666669,0.16666666666666669,0.16666666666666669,0.16666666666666669
17,17.0,17.0,0.16666666666666669,0.16666666666666669,0.16666666666666669,0.16666666666666669,0.16666666666666669,0.16666666666666669
18,18.0,18.0,0.16666666666666669,0.16666666666666669,0.16666666666666669,0.16666666666666669,0.16666666666666669,0.16666666666666669
19,19.0,19.0,0.16666666666666669,0.16666666666666669,0.16666666666666669,0.16666666666666669,0.16666666666666669,0.16666666666666669
20,20.0,20.0,0.16666666666666669,0.16666666666666669,0.16666666666666669,0.16666666666666669,0.16666666666666669,0.16666666666666669
21,21.0,21.0,0.16666666666666669,0.16666666666666669,0.16666666666666669,0.16666666666666669,0.16666666666666669,0.16666666666666669
22,22.0,22.0,0.16666666666666669,0.16666666666666669,0.16666666666666669,0.16666666666666669,0.16666666666666669,0.16666666666666669
23,23.0,23.0,0.16666666666666669,0.16666666666666669,0.16666666666666669,0.16666666666666669,0.16666666666666669,0.16666666666666669
24,24.0,24.0,0.16666666666666669,0.16666666666666669,0.16666666666666669,0.16666666666666669,0.16666666666666669,0.16666666666666669
25,25.0,25.0,0.16666666666666669,0.16666666666666669,0.16666666666666669,0.16666666666666669,0.16666666666666669,0.16666666666666669
26,26.0,26.0,0.16666666666666669,0.16666666666666669,0.16666666666666669,0.16666666666666669,0.16666666666666669,0.16666666666666669
27,27.0,27.0,0.16666666666666669,0.16666666666666669,0.16666666666666669,0.16666666666666669,0.16666666666666669,0.16666666666666669
28,28.0,28.0,0.16666666666666669,0.16666666666666669,0.16666666666666669,0.16666666666666669,0.16666666666666669,0.16666666666666669
29,29.0,29.0,0.16666666666666669,0.16666666666666669,0.16666666666666669,0.16666666666666669,0.16666666666666669,0.16666666666666669
30,30.0,30.0,0.16666666666666669,0.16666666666666669,0.16666666666666669,0.16666666666666669,0.16666666666666669,0.16666666666666669
31,31.0,31.0,0.16666666666666669,0.16666666666666669,0.16666666666666669,0.16666666666666669,0.16666666666666669,0.16666666666666669
32,32.0,32.0,0.16666666666666669,0.16666666666666669,0.16666666666666669,0.16666666666666669,0.16666666666666669,0.16666666666666669
33,33.0,33.0,0.16666666666666669,0.16666666666666669,0.16666666666666669,0.16666666666666669,0.16666666666666669,0.16666666666666669
34,34.0,34.0,0.16666666666666669,0.16666666666666669,0.16666666666666669,0.16666666666666669,0.16666666666666669,0.16666666666666669
35,35.0,35.0,0.16666666666666669,0.16666666666666669,0.16666666666666669,0.16666666666666669,0.16666666666666669,0.16666666666666669
36,36.0,36.0,0.16666666666666669,0.16666666666666669,0.16666666666666669,0.16666666666666669,0.16666666666666669,0.16666666666666669
37,37.0,37.0,0.16666666666666669,0.16666666666666669,0.16666666666666669,0.16666666666666669,0.16666666666666669,0.16666666666666669
38,38.0,38.0,0.16666666666666669,0.16666666666666669,0.16666666666666669,0.16666666666666669,0.16666666666666669,0.16666666666666669
39,39.0,39.0,0.16666666666666669,0.16666666666666669,0.16666666666666669,0.16666666666666669,0.16666666666666669,0.16666666666666669
40,40.0,40.0,0.16666666666666669,0.16666666666666669,0.16666666666666669,0.16666666666666669,0.16666666666666669,0.16666666666666669
41,41.0,41.0,0.16666666666666669,0.16666666666666669,0.16666666666666669,0.16666666666666669,0.16666666666666669,0.16666666666666669
42,42.0,42.0,0.16666666666666669,0.16666666666666669,0.16666666666666669,0.16666666666666669,0.16666666666666669,0.16666666666666669
43,43.0,43.0,0.16666666666666669,0.16666666666666669,0.16666666666666669,0.16666666666666669,0.16666666666666669,0.16666666666666669
44,44.0,44.0,0.16666666666666669,0.16666666666666669,0.16666666666666669,0.16666666666666669,0.16666666666666669,0.16666666666666669
45,45.0,45.0,0.16666666666666669,0.16666666666666669,0.16666666666666669,0.16666666666666669,0.16666666666666669,0.16666666666666669
46,46.0,46.0,0.16666666666666669,0.16666666666666669,0.16666666666666669,0.16666666666666669,0.16666666666666669,0.16666666666666669
47,47.0,47.0,0.16666666666666669,0.16666666666666669,0.16666666666666669,0.16666666666666669,0.16666666666666669,0.16666666666666669
48,48.0,48.0,0.16666666666666669,0.16666666666666669,0.16666666666666669,0.16666666666666669,0.16666666666666669,0.16666666666666669
49,49.0,49.0,0.16666666666666669,0.16666666666666669,0.16666666666666669,0.16666666666666669,0.16666666666666669,0.16666666666666669
50,50.0,50.0,0.16666666666666669,0.16666666666666669,0.16666666666666669,0.16666666666666669,0.16666666666666669,0.16666666666666669
51,51.0,51.0,0.16666666666666669,0.16666666666666669,0.16666666666666669,0.16666666666666669,0.16666666666666669,0.16666666666666669
52,52.0,52.0,0.16666666666666669,0.16666666666666669,0.16666666666666669,0.16666666666666669,0.16666666666666669,0.16666666666666669
53,53.0,53.0,0.16666666666666669,0.16666666666666669,0.16666666666666669,0.16666666666666669,0.16666666666666669,0.16666666666666669
54,54.0,54.0,0.16666666666666669,0.16666666666666669,0.16666666666666669,0.16666666666666669,0.16666666666666669,0.16666666666666669
55,55.0,55.0,0.16666666666666669,0.16666666666666669,0.16666666666666669,0.16666666666666669,0.16666666666666669,0.16666666666666669
56,56.0,56.0,0.16666666666666669,0.16666666666666669,0.16666666666666669,0.16666666666666669,0.16666666666666669,0.16666666666666669
57,57.0,57.0,0.16666666666666669,0.16666666666666669,0.16666666666666669,0.16666666666666669,0.16666666666666669,0.16666666666666669
58,58.0,58.0,0.16666666666666669,0.16666666666666669,0.16666666666666669,0.16666666666666669,0.16666666666666669,0.16666666666666669
59,59.0,59.0,0.16666666666666669,0.16666666666666669,0.16666666666666669,0.16666666666666669,0.16666666666666669,0.16666666666666669
60,60.0,60.0,0.16666666666666669,0.16666666666666669,0.16666666666666669,0.16666666666666669,0.16666666666666669,0.16666666666666669
61,61.0,61.0,0.16666666666666669,0.16666666666666669,0.16666666666666669,0.16666666666666669,0.16666666666666669,0.16666666666666669
62,62.0,62.0,0.16666666666666669,0.16666666666666669,0.16666666666666669,0.16666666666666669,0.16666666666666669,0.16666666666666669
63,63.0,63.0,0.16666666666666669,0.16666666666666669,0.16666666666666669,0.16666666666666669,0.16666666666666669,0.16666666666666669
64,64.0,64.1,0.16666666666666669,0.16666666666666669,0.16666666666666669,0.16666666666666669,0.16666666666666669,0.16666666666666669
65,65.0,65.1,0.16666666666666669,0.16666666666666669,0.16666666666666669,0.16666666666666669,0.16666666666666669,0.16666666666666669
66,66.0,66.1,0.16666666666666669,0.16666666666666669,0.16666666666666669,0.16666666666666669,0.16666666666666669,0.16666666666666669
67,67.0,67.1,0.16666666666666669,0.16666666666666669,0.16666666666666669,0.16666666666666669,0.16666666666666669,0.16666666666666669
68,68.0,68.1,0.16666666666666669,0.16666666666666669,0.16666666666666669,0.16666666666666669,0.16666666666666669,0.16666666666666669
69,69.0,69.1,0.16666666666666669,0.16666666666666669,0.16666666666666669,0.16666666666666669,0.16666666666666669,0.16666666666666669
70,70.0,70.1,0.16666666666666669,0.16666666666666669,0.16666666666666669,0.16666666666666669,0.16666666666666669,0.16666666666666669
71,71.0,71.1,0.16666666666666669,0.16666666666666669,0.16666666666666669,0.16666666666666669,0.16666666666666669,0.16666666666666669
72,72.0,72.1,0.16666666666666669,0.16666666666666669,0.16666666666666669,0.16666666666666669,0.16666666666666669,0.16666666666666669
73,73.0,73.1,0.16666666666666669,0.16666666666666669,0.16666666666666669,0.16666666666666669,0.16666666666666669,0.16666666666666669
74,74.0,74.1,0.16666666666666669,0.16666666666666669,0.16666666666666669,0.16666666666666669,0.16666666666666669,0.16666666666666669
75,75.0,75.1,0.16666666666666669,0.16666666666666669,0.16666666666666669,0.16666666666666669,0.16666666666666669,0.16666666666666669
76,76.0,76.1,0.16666666666666669,0.16666666666666669,0.16666666666666669,0.16666666666666669,0.16666666666666669,0.16666666666666669
77,77.0,77.1,0.16666666666666669,0.16666666666666669,0.16666666666666669,0.16666666666666669,0.16666666666666669,0.16666666666666669
78,78.0,78.1,0.16666666666666669,0.16666666666666669,0.16666666666666669,0.16666666666666669,0.16666666666666669,0.16666666666666669
79,79.0,79.1,0.16666666666666669,0.16666666666666669,0.16666666666666669,0.16666666666666669,0.16666666666666669,0.16666666666666669
80,80.0,80.1,0.16666666666666669,0.16666666666666669,0.16666666666666669,0.16666666666666669,0.16666666666666669,0.16666666666666669
81,81.0,81.1,0.16666666666666669,0.16666666666666669,0.16666666666666669,0.16666666666666669,0.16666666666666669,0.16666666666666669
82,82.0,82.1,0.16666666666666669,0.16666666666666669,0.16666666666666669,0.16666666666666669,0.16666666666666669,0.16666666666666669
83,83.0,83.1,0.16666666666666669,0.16666666666666669,0.16666666666666669,0.16666666666666669,0.16666666666666669,0.16666666666666669
84,84.0,84.1,0.16666666666666669,0.16666666666666669,0.16666666666666669,0.16666666666666669,0.16666666666666669,0.16666666666666669
85,85.0,85.1,0.16666666666666669,0.16666666666666669,0.16666666666666669,0.16666666666666669,0.16666666666666669,0.16666666666666669
86,86.0,86.1,0.16666666666666669,0.16666666666666669,0.16666666666666669,0.16666666666666669,0.16666666666666669,0.16666666666666669
87,87.0,87.1,0.16666666666666669,0.16666666666666669,0.16666666666666669,0.16666666666666669,0.16666666666666669,0.16666666666666669
88,88.0,88.2,0.16666666666666669,0.16666666666666669,0.16666666666666669,0.16666666666666669,0.16666666666666669,0.16666666666666669
89,89.0,89.3,0.16666666666666669,0.16666666666666669,0.16666666666666669,0.16666666666666669,0.16666666666666669,0.16666666666666669
90,90.0,90.3,0.16666666666666669,0.16666666666666669,0.16666666666666669,0.16666666666666669,0.16666666666666669,0.16666666666666669
91,91.0,91.3,0.16666666666666669,0.16666666666666669,0.16666666666666669,0.16666666666666669,0.16666666666666669,0.16666666666666669
92,92.0,92.3,0.16666666666666669,0.16666666666666669,0.16666666666666669,0.16666666666666669,0.16666666666666669,0.16666666666666669
93,93.0,93.3,0.16666666666666669,0.16666666666666669,0.16666666666666669,0.16666666666666669,0.16666666666666669,0.16666666666666669
94,94.0,94.3,0.16666666666666669,0.16666666666666669,0.16666666666666669,0.16666666666666669,0.16666666666666669,0.16666666666666669
95,95.0,95.3,0.16666666666666669,0.16666666666666669,0.16666666666666669,0.16666666666666669,0.16666666666666669,0.16666666666666669
96,96.0,96.3,0.16666666666666669,0.16666666666666669,0.16666666666666669,0.16666666666666669,0.16666666666666669,0.16666666666666669
97,97.0,97.4,0.16666666666666669,0.16666666666666669,0.16666666666666669,0.16666666666666669,0.16666666666666669,0.16666666666666669
98,98.0,98.4,0.16666666666666669,0.16666666666666669,0.16666666666666669,0.16666666666666669,0.16666666666666669,0.16666666666666669
99,99.0,99.4,0.16666666666666669,0.16666666666666669,0.16666666666666669,0.16666666666666669,0.16666666666666669,0.16666666666666669
100,100.0,100.5,0.16666666666666669,0.16666666666666669,0.16666666666666669,0.16666666666666669,0.16666666666666669,0.16666666666666669
101,101.0,101.5,0.16666666666666669,0.16666666666666669,0.16666666666666669,0.16666666666666669,0.16666666666666669,0.16666666666666669
102,102.0,102.5,0.16666666666666669,0.16666666666666669,0.16666666666666669,0.16666666666666669,0.16666666666666669,0.16666666666666669
103,103.0,103.5,0.16666666666666669,0.16666666666666669,0.16666666666666669,0.16666666666666669,0.16666666666666669,0.16666666666666669
104,104.0,104.5,0.16666666666666669,0.16666666666666669,0.16666666666666669,0.16666666666666669,0.16666666666666669,0.16666666666666669
105,105.0,105.5,0.16666666666666669,0.16666666666666669,0.16666666666666669,0.16666666666666669,0.16666666666666669,0.16666666666666669
106,106.0,106.5,0.16666666666666669,0.16666666666666669,0.16666666666666669,0.16666666666666669,0.16666666666666669,0.16666666666666669
107,107.0,107.5,0.16666666666666669,0.16666666666666669,0.16666666666666669,0.16666666666666669,0.16666666666666669,0.16666666666666669
108,108.0,108.5,0.16666666666666669,0.16666666666666669,0.16666666666666669,0.16666666666666669,0.16666666666666669,0.16666666666666669
109,109.0,109.5,0.16666666666666669,0.16666666666666669,0.16666666666666669,0.16666666666666669,0.16666666666666669,0.16666666666666669
110,110.0,110.5,0.16666666666666669,0.16666666666666669,0.16666666666666669,0.16666666666666669,0.16666666666666669,0.16666666666666669
111,111.0,111.5,0.16666666666666669,0.16666666666666669,0.16666666666666669,0.16666666666666669,0.16666666666666669,0.16666666666666669
112,112.0,112.5,0.16666666666666669,0.16666666666666669,0.16666666666666669,0.16666666666666669,0.16666666666666669,0.16666666666666669
113,113.0,113.5,0.16666666666666669,0.16666666666666669,0.16666666666666669,0.16666666666666669,0.16666666666666669,0.16666666666666669
114,114.0,114.5,0.16666666666666669,0.16666666666666669,0.16666666666666669,0.16666666666666669,0.16666666666666669,0.16666666666666669
115,115.0,115.5,0.16666666666666669,0.16666666666666669,0.16666666666666669,0.16666666666666669,0.16666666666666669,0.16666666666666669
116,116.0,116.5,0.16666666666666669,0.16666666666666669,0.16666666666666669,0.16666666666666669,0.16666666666666669,0.16666666666666669
117,117.0,117.5,0.16666666666666669,0.16666666666666669,0.16666666666666669,0.16666666666666669,0.16666666666666669,0.16666666666666669
118,118.0,118.5,0.16666666666666669,0.16666666666666669,0.16666666666666669,0.16666666666666669,0.16666666666666669,0.16666666666666669
119,119.0,119.5,0.16666666666666669,0.16666666666666669,0.16666666666666669,0.16666666666666669,0.16666666666666669,0.16666666666666669
120,120.0,120.5,0.16666666666666669,0.16666666666666669,0.16666666666666669,0.16666666666666669,0.16666666666666669,0.16666666666666669
121,121.0,121.5,0.16666666666666669,0.16666666666666669,0.16666666666666669,0.16666666666666669,0.16666666666666669,0.16666666666666669
122,122.0,122.5,0.16666666666666669,0.16666666666666669,0.16666666666666669,0.16666666666666669,0.16666666666666669,0.16666666666666669
123,123.0,123.5,0.16666666666666669,0.16666666666666669,0.16666666666666669,0.16666666666666669,0.16666666666666669,0.16666666666666669
124,124.0,124.5,0.16666666666666669,0.16666666666666669,0.16666666666666669,0.16666666666666669,0.16666666666666669,0.16666666666666669
125,125.0,125.5,0.16666666666666669,0.16666666666666669,0.16666666666666669,0.16666666666666669,0.16666666666666669,0.16666666666666669
126,126.0,126.5,0.16666666666666669,0.16666666666666669,0.16666666666666669,0.16666666666666669,0.16666666666666669,0.16666666666666669
127,127.0,127.5,0.16666666666666669,0.16666666666666669,0.16666666666666669,0.16666666666666669,0.16666666666666669,0.16666666666666669
128,128.0,128.5,0.16666666666666669,0.16666666666666669,0.16666666666666669,0.16666666666666669,0.16666666666666669,0.16666666666666669
129,129.0,129.5,0.16666666666666669,0.16666666666666669,0.16666666666666669,0.16666666666666669,0.16666666666666669,0.16666666666666669
130,130.0,130.5,0.16666666666666669,0.16666666666666669,0.16666666666666669,0.16666666666666669,0.16666666666666669,0.16666666666666669
131,131.0,131.5,0.16666666666666669,0.16666666666666669,0.16666666666666669,0.16666666666666669,0.16666666666666669,0.16666666666666669
132,132.0,132.5,0.16666666666666669,0.16666666666666669,0.16666666666666669,0.16666666666666669,0.16666666666666669,0.16666666666666669
133,133.0,133.5,0.16666666666666669,0.16666666666666669,0.16666666666666669,0.16666666666666669,0.16666666666666669,0.16666666666666669
134,134.0,134.5,0.16666666666666669,0.16666666666666669,0.16666666666666669,0.16666666666666669,0.16666666666666669,0.16666666666666669
135,135.0,135.5,0.16666666666666669,0.16666666666666669,0.16666666666666669,0.16666666666666669,0.16666666666666669,0.16666666666666669
136,136.0,136.5,0.16666666666666669,0.16666666666666669,0.16666666666666669,0.16666666666666669,0.16666666666666669,0.16666666666666669
137,137.0,137.5,0.16666666666666669,0.16666666666666669,0.16666666666666669,0.16666666666666669,0.16666666666666669,0.16666666666666669
138,138.0,138.5,0.16666666666666669,0.16666666666666669,0.16666666666666669,0.16666666666666669,0.16666666666666669,0.16666666666666669
139,139.0,139.5,0.16666666666666669,0.16666666666666669,0.16666666666666669,0.16666666666666669,0.16666666666666669,0.16666666666666669
140,140.0,140.5,0.16666666666666669,0.16666666666666669,0.16666666666666669,0.16666666666666669,0.16666666666666669,0.16666666666666669
141,141.0,141.5,0.16666666666666669,0.16666666666666669,0.16666666666666669,0.16666666666666669,0.16666666666666669,0.16666666666666669
142,142.0,142.5,0.16666666666666669,0.16666666666666669,0.16666666666666669,0.16666666666666669,0.16666666666666669,0.16666666666666669
143,143.0,143.5,0.16666666666666669,0.16666666666666669,0.16666666666666669,0.16666666666666669,0.16666666666666669,0.16666666666666669
144,144.0,144.5,0.16666666666666669,0.16666666666666669,0.16666666666666669,0.16666666666666669,0.16666666666666669,0.16666666666666669
145,145.0,145.5,0.16666666666666669,0.16666666666666669,0.16666666666666669,0.16666666666666669,0.16666666666666669,0.16666666666666669
146,146.0,146.5,0.16666666666666669,0.16666666666666669,0.16666666666666669,0.16666666666666669,0.16666666666666669,0.16666666666666669
147,147.0,147.5,0.16666666666666669,0.16666666666666669,0.16666666666666669,0.16666666666666669,0.16666666666666669,0.16666666666666669
148,148.0,148.5,0.16666666666666669,0.16666666666666669,0.16666666666666669,0.16666666666666669,0.16666666666666669,0.16666666666666669
149,149.0,149.5,0.16666666666666669,0.16666666666666669,0.16666666666666669,0.16666666666666669,0.16666666666666669,0.16666666666666669
150,150.0,150.5,0.16666666666666669,0.16666666666666669,0.16666666666666669,0.16666666666666669,0.16666666666666669,0.16666666666666669
151,151.0,151.5,0.16666666666666669,0.16666666666666669,0.16666666666666669,0.16666666666666669,0.16666666666666669,0.16666666666666669
152,152.0,152.5,0.16666666666666669,0.16666666666666669,0.16666666666666669,0.16666666666666669,0.16666666666666669,0.16666666666666669
153,153.0,153.5,0.16666666666666669,0.16666666666666669,0.16666666666666669,0.16666666666666669,0.16666666666666669,0.16666666666666669
154,154.0,154.6,0.16666666666666669,0.16666666666666669,0.16666666666666669,0.16666666666666669,0.16666666666666669,0.16666666666666669
155,155.0,155.6,0.16666666666666669,0.16666666666666669,0.16666666666666669,0.16666666666666669,0.16666666666666669,0.16666666666666669
156,156.0,156.6,0.16666666666666669,0.16666666666666669,0.16666666666666669,0.16666666666666669,0.16666666666666669,0.16666666666666669
157,157.0,157.6,0.16666666666666669,0.16666666666666669,0.16666666666666669,0.16666666666666669,0.16666666666666669,0.16666666666666669
158,158.0,158.6,0.16666666666666669,0.16666666666666669,0.16666666666666669,0.16666666666666669,0.16666666666666669,0.16666666666666669
159,159.0,159.6,0.16666666666666669,0.16666666666666669,0.16666666666666669,0.16666666666666669,0.16666666666666669,0.16666666666666669
160,160.0,160.6,0.16666666666666669,0.16666666666666669,0.16666666666666669,0.16666666666666669,0.16666666666666669,0.16666666666666669
161,161.0,161.6,0.16666666666666669,0.16666666666666669,0.16666666666666669,0.16666666666666669,0.16666666666666669,0.16666666666666669
162,162.0,162.6,0.16666666666666669,0.16666666666666669,0.16666666666666669,0.16666666666666669,0.16666666666666669,0.16666666666666669
163,163.0,163.6,0.16666666666666669,0.16666666666666669,0.16666666666666669,0.16666666666666669,0.16666666666666669,0.16666666666666669
164,164.0,164.6,0.16666666666666669,0.16666666666666669,0.16666666666666669,0.16666666666666669,0.16666666666666669,0.16666666666666669
165,165.0,165.7,0.16666666666666669,0.16666666666666669,0.16666666666666669,0.16666666666666669,0.16666666666666669,0.16666666666666669
166,166.0,166.7,0.16666666666666669,0.16666666666666669,0.16666666666666669,0.16666666666666669,0.16666666666666669,0.16666666666666669
167,167.0,167.7,0.16666666666666669,0.16666666666666669,0.16666666666666669,0.16666666666666669,0.16666666666666669,0.16666666666666669
168,168.0,168.7,0.16666666666666669,0.16666666666666669,0.16666666666666669,0.16666666666666669,0.16666666666666669,0.16666666666666669
169,169.0,169.7,0.16666666666666669,0.16666666666666669,0.16666666666666669,0.16666666666666669,0.16666666666666669,0.16666666666666669
170,170.0,170.7,0.16666666666666669,0.16666666666666669,0.16666666666666669,0.16666666666666669,0.16666666666666669,0.16666666666666669
171,171.0,171.7,0.16666666666666669,0.16666666666666669,0.16666666666666669,0.16666666666666669,0.16666666666666669,0.16666666666666669
172,172.0,172.7,0.16666666666666669,0.16666666666666669,0.16666666666666669,0.16666666666666669,0.16666666666666669,0.16666666666666669
173,173.0,173.7,0.16666666666666669,0.16666666666666669,0.16666666666666669,0.16666666666666669,0.16666666666666669,0.16666666666666669
174,174.0,174.7,0.16666666666666669,0.16666666666666669,0.16666666666666669,0.16666666666666669,0.16666666666666669,0.16666666666666669
175,175.0,175.7,0.16666666666666669,0.16666666666666669,0.16666666666666669,0.16666666666666669,0.16666666666666669,0.16666666666666669
176,176.0,176.7,0.16666666666666669,0.16666666666666669,0.16666666666666669,0.16666666666666669,0.16666666666666669,0.16666666666666669
177,177.0,177.7,0.16666666666666669,0.16666666666666669,0.16666666666666669,0.16666666666666669,0.16666666666666669,0.16666666666666669
178,178.0,178.7,0.16666666666666669,0.16666666666666669,0.16666666666666669,0.16666666666666669,0.16666666666666669,0.16666666666666669
179,179.0,179.7,0.16666666666666669,0.16666666666666669,0.16666666666666669,0.16666666666666669,0.16666666666666669,0.16666666666666669
180,180.0,180.7,0.16666666666666669,0.16666666666666669,0.16666666666666669,0.16666666666666669,0.16666666666666669,0.16666666666666669
181,181.0,181.7,0.16666666666666669,0.16666666666666669,0.16666666666666669,0.16666666666666669,0.16666666666666669,0.16666666666666669
182,182.0,182.7,0.16666666666666669,0.16666666666666669,0.16666666666666669,0.16666666666666669,0.16666666666666669,0.16666666666666669
183,183.0,183.7,0.16666666666666669,0.16666666666666669,0.16666666666666669,0.16666666666666669,0.16666666666666669,0.16666666666666669
184,184.0,184.7,0.16666666666666669,0.16666666666666669,0.16666666666666669,0.16666666666666669,0.16666666666666669,0.16666666666666669
185,185.0,185.7,0.16666666666666669,0.16666666666666669,0.16666666666666669,0.16666666666666669,0.16666666666666669,0.16666666666666669
186,186.0,186.7,0.16666666666666669,0.16666666666666669,0.16666666666666669,0.16666666666666669,0.16666666666666669,0.16666666666666669
187,187.0,187.7,0.16666666666666669,0.16666666666666669,0.16666666666666669,0.16666666666666669,0.16666666666666669,0.16666666666666669
188,188.0,188.7,0.16666666666666669,0.16666666666666669,0.16666666666666669,0.16666666666666669,0.16666666666666669,0.16666666666666669
189,189.0,189.7,0.16666666666666669,0.16666666666666669,0.16666666666666669,0.16666666666666669,0.16666666666666669,0.16666666666666669
190,190.0,190.7,0.16666666666666669,0.16666666666666669,0.16666666666666669,0.16666666666666669,0.16666666666666669,0.16666666666666669
191,191.0,191.7,0.16666666666666669,0.16666666666666669,0.16666666666666669,0.16666666666666669,0.16666666666666669,0.16666666666666669
192,192.0,192.7,0.16666666666666669,0.16666666666666669,0.16666666666666669,0.16666666666666669,0.16666666666666669,0.16666666666666669
193,193.0,193.7,0.16666666666666669,0.16666666666666669,0.16666666666666669,0.16666666666666669,0.16666666666666669,0.16666666666666669
194,194.0,194.7,0.16666666666666669,0.16666666666666669,0.16666666666666669,0.16666666666666669,0.16666666666666669,0.16666666666666669
195,195.0,195.7,0.16666666666666669,0.16666666666666669,0.16666666666666669,0.16666666666666669,0.16666666666666669,0.16666666666666669
196,196.0,196.7,0.16666666666666669,0.16666666666666669,0.16666666666666669,0.16666666666666669,0.16666666666666669,0.16666666666666669
197,197.0,197.7,0.16666666666666669,0.16666666666666669,0.16666666666666669,0.16666666666666669,0.16666666666666669,0.16666666666666669
198,198.0,198.7,0.16666666666666669,0.16666666666666669,0.16666666666666669,0.16666666666666669,0.16666666666666669,0.16666666666666669
199,199.0,199.7,0.1642857142857143,0.1642857142857143,0.1642857142857143,0.1642857142857143,0.1785714285714286,0.1642857142857143
200,200.0,200.7,0.16250000000000003,0.16250000000000003,0.17500000000000002,0.16250000000000003,0.17500000000000002,0.16250000000000003
201,201.0,201.7,0.16250000000000003,0.16250000000000003,0.17500000000000002,0.16250000000000003,0.17500000000000002,0.16250000000000003
202,202.0,202.7,0.16111111111111112,0.17222222222222225,0.17222222222222225,0.16111111111111112,0.17222222222222225,0.16111111111111112
203,203.0,203.7,0.16111111111111112,0.17222222222222225,0.17222222222222225,0.16111111111111112,0.17222222222222225,0.16111111111111112
204,204.0,204.7,0.16111111111111112,0.17222222222222225,0.17222222222222225,0.16111111111111112,0.17222222222222225,0.16111111111111112
205,205.0,205.7,0.16111111111111112,0.17222222222222225,0.17222222222222225,0.16111111111111112,0.17222222222222225,0.16111111111111112
206,206.0,206.7,0.15873015873015872,0.16984126984126985,0.18412698412698417,0.15873015873015872,0.16984126984126985,0.15873015873015872
207,207.0,207.7,0.15873015873015872,0.16984126984126985,0.18412698412698417,0.15873015873015872,0.16984126984126985,0.15873015873015872
208,208.0,208.7,0.17083333333333334,0.17083333333333334,0.18333333333333335,0.15833333333333335,0.15833333333333335,0.15833333333333335
209,209.0,209.7,0.17083333333333334,0.17083333333333334,0.18333333333333335,0.15833333333333335,0.15833333333333335,0.15833333333333335
210,210.0,210.7,0.18055555555555558,0.16805555555555557,0.18055555555555558,0.15694444444444444,0.15694444444444444,0.15694444444444444
211,211.0,211.7,0.18055555555555558,0.16805555555555557,0.18055555555555558,0.15694444444444444,0.15694444444444444,0.15694444444444444
212,212.0,212.7,0.17777777777777778,0.16666666666666669,0.1888888888888889,0.15555555555555556,0.15555555555555556,0.15555555555555556
213,213.0,213.7,0.17317460317460318,0.1631746031746032,0.20746031746031748,0.15206349206349207,0.15206349206349207,0.15206349206349207
214,214.0,214.7,0.19893939393939394,0.15825757575757576,0.19803030303030306,0.14825757575757575,0.14825757575757575,0.14825757575757575
215,215.0,215.7,0.20064935064935066,0.17591991341991345,0.1908008658008658,0.1442099567099567,0.1442099567099567,0.1442099567099567
216,216.0,216.7,0.19829427818558257,0.1706921701486919,0.19838368153585542,0.14185488424618858,0.13642010163749294,0.1543548842461886
217,217.0,217.7,0.18242098403388726,0.1770527859237537,0.20684669273378947,0.15098159009449333,0.1331052460084718,0.14959270120560442
218,218.0,218.7,0.18130987292277617,0.165386119257087,0.2140689149560117,0.14987047898338218,0.1419941348973607,0.1473704789833822
219,219.0,219.7,0.18707910369200692,0.16474509361606135,0.2108637867508835,0.14922945334235654,0.14135310925633507,0.14672945334235657
220,220.0,220.7,0.18707910369200692,0.16474509361606135,0.2108637867508835,0.14922945334235654,0.14135310925633507,0.14672945334235657
221,221.0,221.7,0.18488130149420473,0.1641956430666108,0.2152593911464879,0.148680002792906,0.14080365870688452,0.14618000279290602
222,222.0,222.7,0.18210352371642696,0.16141786528883303,0.20831494670204348,0.15562444723735044,0.13802588092910675,0.15451333612623935
223,223.0,223.7,0.18292507741945946,0.16219109230345186,0.20786792483421695,0.15532240543476497,0.1363586101788349,0.15533488982927185
224,224.0,224.7,0.18181396630834834,0.16107998119234074,0.20453459150088366,0.15421129432365385,0.1352474990677238,0.16311266760704962
225,225.0,225.7,0.18999578449016655,0.16017089028324982,0.2018073187736109,0.15330220341456297,0.13433840815863288,0.1603853948797769
226,226.0,226.7,0.16791786241224443,0.17056050067286024,0.197911214877507,0.15849700860936816,0.13953321335343807,0.1655802000745821
227,227.0,227.7,0.1683569687017963,0.16097377718067374,0.19824700204010548,0.15891028511718167,0.1486420858834652,0.16486988107677764
228,228.0,228.7,0.17744787779270538,0.16097377718067374,0.19824700204010548,0.15891028511718167,0.1486420858834652,0.15577897198586854
229,229.0,229.7,0.17744787779270538,0.16097377718067374,0.19824700204010548,0.15891028511718167,0.1486420858834652,0.15577897198586854
230,230.0,230.7,0.17744787779270538,0.16097377718067374,0.19824700204010548,0.15891028511718167,0.1486420858834652,0.15577897198586854
231,231.0,231.7,0.17653878688361446,0.1591555953624919,0.1973379111310146,0.15800119420809072,0.15500572224710157,0.15396079016768674
232,232.0,232.7,0.17569463103945865,0.1654218291287257,0.18220804100114443,0.16426742797432453,0.16127195601333535,0.15113611484301143
233,233.0,233.7,0.1729673583121859,0.16451273821963477,0.1885716773647808,0.1633583370652336,0.1603628651042444,0.15022702393392048
234,234.0,234.7,0.17319457028759355,0.16472658478472432,0.18874542769891606,0.16357218363032316,0.1604831537971073,0.14927807980133562
235,235.0,235.7,0.17319457028759355,0.16472658478472432,0.18874542769891606,0.16357218363032316,0.1604831537971073,0.14927807980133562
236,236.0,236.7,0.17592184301486627,0.16563567569381527,0.1823817913352797,0.16448127453941405,0.16139224470619823,0.15018717071042653
237,237.0,237.7,0.16426364485188014,0.16764026822850353,0.17184534419828534,0.16648586707410234,0.17758679229267466,0.15217808335455396
238,238.0,238.7,0.16426364485188014,0.16764026822850353,0.17184534419828534,0.16648586707410234,0.17758679229267466,0.15217808335455396
239,239.0,239.7,0.16426364485188014,0.16764026822850353,0.17184534419828534,0.16648586707410234,0.17758679229267466,0.15217808335455396
240,240.0,240.7,0.16426364485188014,0.16764026822850353,0.17184534419828534,0.16648586707410234,0.17758679229267466,0.15217808335455396
241,241.0,241.7,0.1706272812155165,0.16673117731941262,0.16911807147101265,0.16557677616501143,0.17667770138358374,0.15126899244546305
242,242.0,242.7,0.1706272812155165,0.16673117731941262,0.16911807147101265,0.16557677616501143,0.17667770138358374,0.15126899244546305
243,243.0,243.7,0.1706272812155165,0.16673117731941262,0.16911807147101265,0.16557677616501143,0.17667770138358374,0.15126899244546305
244,244.0,244.7,0.1706272812155165,0.16673117731941262,0.16911807147101265,0.16557677616501143,0.17667770138358374,0.15126899244546305
245,245.0,245.7,0.1706272812155165,0.16673117731941262,0.16911807147101265,0.16557677616501143,0.17667770138358374,0.15126899244546305
246,246.0,246.7,0.17032227032227032,0.16642616642616642,0.17110790444123777,0.16527176527176526,0.17596600929934264,0.15090588423921755
247,247.0,247.7,0.17009643473058106,0.1662003308344772,0.17089712455566114,0.165045929680076,0.1758455636504417,0.15191461654876287
248,248.0,248.7,0.17009643473058106,0.1662003308344772,0.17089712455566114,0.165045929680076,0.1758455636504417,0.15191461654876287
249,249.0,249.7,0.17009643473058106,0.1662003308344772,0.17089712455566114,0.165045929680076,0.1758455636504417,0.15191461654876287
250,250.0,250.7,0.17009643473058106,0.1662003308344772,0.17089712455566114,0.165045929680076,0.1758455636504417,0.15191461654876287
251,251.0,251.7,0.17009643473058106,0.1662003308344772,0.17089712455566114,0.165045929680076,0.1758455636504417,0.15191461654876287
252,252.0,252.8,0.16706613170027804,0.16544275507690143,0.17695773061626718,0.16428835392250024,0.17508798789286592,0.15115704079118714
253,253.0,253.8,0.16589091802506434,0.16619061832476467,0.18486371352225012,0.1553139949481413,0.17583585114072917,0.15190490403905038
254,254.0,254.8,0.16589091802506434,0.16619061832476467,0.18486371352225012,0.1553139949481413,0.17583585114072917,0.15190490403905038
255,255.0,255.8,0.17219433682848317,0.1648017294358758,0.18550473916327573,0.1525362171703635,0.17444696225184028,0.1505160151501615
256,256.0,256.8,0.16833597297011932,0.16314116777531412,0.1799736036321402,0.14976454439869075,0.1799292577341358,0.1588554534895998
257,257.0,257.8,0.16833597297011932,0.16314116777531412,0.1799736036321402,0.14976454439869075,0.1799292577341358,0.1588554534895998
258,258.0,258.8,0.1826216872558336,0.16314116777531412,0.1799736036321402,0.14976454439869075,0.1656435434484215,0.1588554534895998
259,259.0,259.8,0.1826216872558336,0.16314116777531412,0.1799736036321402,0.14976454439869075,0.1656435434484215,0.1588554534895998
260,260.0,260.8,0.1869074015415479,0.16266497729912366,0.1780688417273783,0.14928835392250026,0.16469116249604054,0.15837926301340935
261,261.0,261.8,0.1869074015415479,0.16266497729912366,0.1780688417273783,0.14928835392250026,0.16469116249604054,0.15837926301340935
262,262.0,262.8,0.1869074015415479,0.16266497729912366,0.1780688417273783,0.14928835392250026,0.16469116249604054,0.15837926301340935
263,263.0,263.8,0.18773236567354215,0.16496052966641203,0.18158390628978865,0.1412897886427298,0.16522918258212377,0.1592042271454036
264,264.0,264.8,0.18773236567354215,0.16496052966641203,0.18158390628978865,0.1412897886427298,0.16522918258212377,0.1592042271454036
265,265.0,265.8,0.17273236567354217,0.1666271963330787,0.1882505729564553,0.1429564553093965,0.1685625159154571,0.16087089381207026
266,266.0,266.8,0.17273236567354217,0.1666271963330787,0.1882505729564553,0.1429564553093965,0.1685625159154571,0.16087089381207026
267,267.0,267.8,0.17273236567354217,0.1666271963330787,0.1882505729564553,0.1429564553093965,0.1685625159154571,0.16087089381207026
268,268.0,268.8,0.17701807995925642,0.17091291061879296,0.1868220015278839,0.13724216959511076,0.17284823020117138,0.15515660809778456
269,269.0,269.8,0.17523236567354214,0.16912719633307868,0.19575057295645532,0.13545645530939648,0.1710625159154571,0.15337089381207028
270,270.0,270.8,0.17523236567354214,0.16912719633307868,0.19575057295645532,0.13545645530939648,0.1710625159154571,0.15337089381207028
271,271.0,271.8,0.17523236567354214,0.16912719633307868,0.18741723962312198,0.13545645530939648,0.1710625159154571,0.1617042271454036
272,272.0,272.8,0.17330928875046522,0.16848617069205304,0.18549416270004504,0.13481542966837085,0.1774727723257135,0.16042217586335233
273,273.0,273.8,0.1788037942449707,0.1679367201426025,0.1838458110516934,0.1342659791189203,0.17582442067736184,0.15932327476445124
274,274.0,274.8,0.1788037942449707,0.1679367201426025,0.1838458110516934,0.1342659791189203,0.17582442067736184,0.15932327476445124
275,275.0,275.8,0.1788037942449707,0.1679367201426025,0.1838458110516934,0.1342659791189203,0.17582442067736184,0.15932327476445124
276,276.0,276.8,0.17968614718614717,0.1690151515151515,0.17944805194805194,0.13063852813852814,0.175530303030303,0.16568181818181818
277,277.0,277.8,0.17968614718614717,0.1690151515151515,0.17944805194805194,0.13063852813852814,0.175530303030303,0.16568181818181818
278,278.0,278.8,0.17968614718614717,0.1690151515151515,0.17944805194805194,0.13063852813852814,0.175530303030303,0.16568181818181818
279,279.0,279.8,0.1773051948051948,0.16663419913419913,0.17706709956709957,0.14254329004329003,0.17314935064935064,0.1633008658008658
280,280.0,280.8,0.17551948051948052,0.17734848484848487,0.1752813852813853,0.13897186147186147,0.17136363636363636,0.1615151515151515
281,281.0,281.8,0.17413059163059164,0.1856818181818182,0.1738924963924964,0.1361940836940837,0.16997474747474747,0.16012626262626262
282,282.0,282.8,0.1741034404192299,0.18176577808156755,0.17683526999316473,0.13610845295055823,0.16942128047391206,0.16176577808156753
283,283.0,283.8,0.1737707120465741,0.18143304970891178,0.17810568741603225,0.13598746081504703,0.16927004030452306,0.16143304970891176
284,284.0,284.8,0.17344926260180496,0.18111160026414264,0.17933303984151444,0.13587057010785825,0.16912392692053707,0.16111160026414262
285,285.0,285.8,0.17344926260180496,0.18111160026414264,0.17933303984151444,0.13587057010785825,0.16912392692053707,0.16111160026414262
286,286.0,286.8,0.17175434734756767,0.18111160026414264,0.1810279550957517,0.13587057010785825,0.16912392692053707,0.16111160026414262
287,287.0,287.8,0.1725829725829726,0.16191197691197692,0.1844083694083694,0.13797979797979798,0.1700937950937951,0.17302308802308802
288,288.0,288.8,0.1725829725829726,0.16191197691197692,0.1844083694083694,0.13797979797979798,0.1700937950937951,0.17302308802308802
289,289.0,289.8,0.16968614718614716,0.1715151515151515,0.18861471861471862,0.1339718614718615,0.16719696969696968,0.1690151515151515
290,290.0,290.8,0.1665788025533788,0.17182588597842835,0.1908463570327977,0.13408485582214397,0.1673382126348228,0.16932588597842835
291,291.0,291.8,0.16635281385281384,0.1731818181818182,0.19028138528138527,0.1339718614718615,0.16719696969696968,0.1690151515151515
292,292.0,292.8,0.1661342346178412,0.17285394932935916,0.19973493719395358,0.1355019161166702,0.16706035767511176,0.15871460506706409
293,293.0,293.8,0.17132903981264638,0.16895784543325526,0.20492974238875877,0.1549824355971897,0.14498243559718968,0.1548185011709602
294,294.0,294.8,0.16954332552693205,0.16717213114754098,0.2031440281030445,0.15141100702576113,0.1556967213114754,0.15303278688524588
295,295.0,295.8,0.16815443663804316,0.1768943533697632,0.2017551392141556,0.14863322924798333,0.15291894353369762,0.151643897996357
