Total_iterations,Unnamed: 0.1,Intertwine_two,Add_vertex,Delete_vertex,Invert_path_vertices,Insert_inside_vertex,Delete_inside_vertex
0,0.0,0.1666666666666666,0.1666666666666666,0.1666666666666666,0.1666666666666666,0.1666666666666666,0.1666666666666666
1,1.0,0.1666666666666666,0.1666666666666666,0.1666666666666666,0.1666666666666666,0.1666666666666666,0.1666666666666666
2,2.0,0.1666666666666666,0.1666666666666666,0.1666666666666666,0.1666666666666666,0.1666666666666666,0.1666666666666666
3,3.0,0.1666666666666666,0.1666666666666666,0.1666666666666666,0.1666666666666666,0.1666666666666666,0.1666666666666666
4,4.0,0.1666666666666666,0.1666666666666666,0.1666666666666666,0.1666666666666666,0.1666666666666666,0.1666666666666666
5,5.0,0.1666666666666666,0.1666666666666666,0.1666666666666666,0.1666666666666666,0.1666666666666666,0.1666666666666666
6,6.0,0.1666666666666666,0.1666666666666666,0.1666666666666666,0.1666666666666666,0.1666666666666666,0.1666666666666666
7,7.0,0.1666666666666666,0.1666666666666666,0.1666666666666666,0.1666666666666666,0.1666666666666666,0.1666666666666666
8,8.0,0.1666666666666666,0.1666666666666666,0.1666666666666666,0.1666666666666666,0.1666666666666666,0.1666666666666666
9,9.0,0.1666666666666666,0.1666666666666666,0.1666666666666666,0.1666666666666666,0.1666666666666666,0.1666666666666666
10,10.0,0.1666666666666666,0.1666666666666666,0.1666666666666666,0.1666666666666666,0.1666666666666666,0.1666666666666666
11,11.0,0.1666666666666666,0.1666666666666666,0.1666666666666666,0.1666666666666666,0.1666666666666666,0.1666666666666666
12,12.0,0.1666666666666666,0.1666666666666666,0.1666666666666666,0.1666666666666666,0.1666666666666666,0.1666666666666666
13,13.0,0.1666666666666666,0.1666666666666666,0.1666666666666666,0.1666666666666666,0.1666666666666666,0.1666666666666666
14,14.0,0.1666666666666666,0.1666666666666666,0.1666666666666666,0.1666666666666666,0.1666666666666666,0.1666666666666666
15,15.0,0.1666666666666666,0.1666666666666666,0.1666666666666666,0.1666666666666666,0.1666666666666666,0.1666666666666666
16,16.0,0.1666666666666666,0.1666666666666666,0.1666666666666666,0.1666666666666666,0.1666666666666666,0.1666666666666666
17,17.0,0.1666666666666666,0.1666666666666666,0.1666666666666666,0.1666666666666666,0.1666666666666666,0.1666666666666666
18,18.0,0.1666666666666666,0.1666666666666666,0.1666666666666666,0.1666666666666666,0.1666666666666666,0.1666666666666666
19,19.0,0.1666666666666666,0.1666666666666666,0.1666666666666666,0.1666666666666666,0.1666666666666666,0.1666666666666666
20,20.0,0.1666666666666666,0.1666666666666666,0.1666666666666666,0.1666666666666666,0.1666666666666666,0.1666666666666666
21,21.0,0.1666666666666666,0.1666666666666666,0.1666666666666666,0.1666666666666666,0.1666666666666666,0.1666666666666666
22,22.0,0.1666666666666666,0.1666666666666666,0.1666666666666666,0.1666666666666666,0.1666666666666666,0.1666666666666666
23,23.0,0.1666666666666666,0.1666666666666666,0.1666666666666666,0.1666666666666666,0.1666666666666666,0.1666666666666666
24,24.0,0.1666666666666666,0.1666666666666666,0.1666666666666666,0.1666666666666666,0.1666666666666666,0.1666666666666666
25,25.0,0.1666666666666666,0.1666666666666666,0.1666666666666666,0.1666666666666666,0.1666666666666666,0.1666666666666666
26,26.0,0.1666666666666666,0.1666666666666666,0.1666666666666666,0.1666666666666666,0.1666666666666666,0.1666666666666666
27,27.0,0.1666666666666666,0.1666666666666666,0.1666666666666666,0.1666666666666666,0.1666666666666666,0.1666666666666666
28,28.0,0.1666666666666666,0.1666666666666666,0.1666666666666666,0.1666666666666666,0.1666666666666666,0.1666666666666666
29,29.0,0.1666666666666666,0.1666666666666666,0.1666666666666666,0.1666666666666666,0.1666666666666666,0.1666666666666666
30,30.0,0.1666666666666666,0.1666666666666666,0.1666666666666666,0.1666666666666666,0.1666666666666666,0.1666666666666666
31,31.0,0.1666666666666666,0.1666666666666666,0.1666666666666666,0.1666666666666666,0.1666666666666666,0.1666666666666666
32,32.0,0.1666666666666666,0.1666666666666666,0.1666666666666666,0.1666666666666666,0.1666666666666666,0.1666666666666666
33,33.0,0.1666666666666666,0.1666666666666666,0.1666666666666666,0.1666666666666666,0.1666666666666666,0.1666666666666666
34,34.0,0.1666666666666666,0.1666666666666666,0.1666666666666666,0.1666666666666666,0.1666666666666666,0.1666666666666666
35,35.0,0.1666666666666666,0.1666666666666666,0.1666666666666666,0.1666666666666666,0.1666666666666666,0.1666666666666666
36,36.0,0.1666666666666666,0.1666666666666666,0.1666666666666666,0.1666666666666666,0.1666666666666666,0.1666666666666666
37,37.0,0.1666666666666666,0.1666666666666666,0.1666666666666666,0.1666666666666666,0.1666666666666666,0.1666666666666666
38,38.0,0.1666666666666666,0.1666666666666666,0.1666666666666666,0.1666666666666666,0.1666666666666666,0.1666666666666666
39,39.0,0.1666666666666666,0.1666666666666666,0.1666666666666666,0.1666666666666666,0.1666666666666666,0.1666666666666666
40,40.0,0.1666666666666666,0.1666666666666666,0.1666666666666666,0.1666666666666666,0.1666666666666666,0.1666666666666666
41,41.0,0.1666666666666666,0.1666666666666666,0.1666666666666666,0.1666666666666666,0.1666666666666666,0.1666666666666666
42,42.0,0.1666666666666666,0.1666666666666666,0.1666666666666666,0.1666666666666666,0.1666666666666666,0.1666666666666666
43,43.0,0.1666666666666666,0.1666666666666666,0.1666666666666666,0.1666666666666666,0.1666666666666666,0.1666666666666666
44,44.0,0.1666666666666666,0.1666666666666666,0.1666666666666666,0.1666666666666666,0.1666666666666666,0.1666666666666666
45,45.0,0.1666666666666666,0.1666666666666666,0.1666666666666666,0.1666666666666666,0.1666666666666666,0.1666666666666666
46,46.0,0.1666666666666666,0.1666666666666666,0.1666666666666666,0.1666666666666666,0.1666666666666666,0.1666666666666666
47,47.0,0.1666666666666666,0.1666666666666666,0.1666666666666666,0.1666666666666666,0.1666666666666666,0.1666666666666666
48,48.0,0.1666666666666666,0.1666666666666666,0.1666666666666666,0.1666666666666666,0.1666666666666666,0.1666666666666666
49,49.0,0.1666666666666666,0.1666666666666666,0.1666666666666666,0.1666666666666666,0.1666666666666666,0.1666666666666666
50,50.0,0.1666666666666666,0.1666666666666666,0.1666666666666666,0.1666666666666666,0.1666666666666666,0.1666666666666666
51,51.0,0.1666666666666666,0.1666666666666666,0.1666666666666666,0.1666666666666666,0.1666666666666666,0.1666666666666666
52,52.0,0.1666666666666666,0.1666666666666666,0.1666666666666666,0.1666666666666666,0.1666666666666666,0.1666666666666666
53,53.0,0.1666666666666666,0.1666666666666666,0.1666666666666666,0.1666666666666666,0.1666666666666666,0.1666666666666666
54,54.0,0.1666666666666666,0.1666666666666666,0.1666666666666666,0.1666666666666666,0.1666666666666666,0.1666666666666666
55,55.0,0.1666666666666666,0.1666666666666666,0.1666666666666666,0.1666666666666666,0.1666666666666666,0.1666666666666666
56,56.0,0.1666666666666666,0.1666666666666666,0.1666666666666666,0.1666666666666666,0.1666666666666666,0.1666666666666666
57,57.0,0.1666666666666666,0.1666666666666666,0.1666666666666666,0.1666666666666666,0.1666666666666666,0.1666666666666666
58,58.0,0.1666666666666666,0.1666666666666666,0.1666666666666666,0.1666666666666666,0.1666666666666666,0.1666666666666666
59,59.0,0.1666666666666666,0.1666666666666666,0.1666666666666666,0.1666666666666666,0.1666666666666666,0.1666666666666666
60,60.0,0.1666666666666666,0.1666666666666666,0.1666666666666666,0.1666666666666666,0.1666666666666666,0.1666666666666666
61,61.0,0.1666666666666666,0.1666666666666666,0.1666666666666666,0.1666666666666666,0.1666666666666666,0.1666666666666666
62,62.0,0.1666666666666666,0.1666666666666666,0.1666666666666666,0.1666666666666666,0.1666666666666666,0.1666666666666666
63,63.0,0.1666666666666666,0.1666666666666666,0.1666666666666666,0.1666666666666666,0.1666666666666666,0.1666666666666666
64,64.0,0.1666666666666666,0.1666666666666666,0.1666666666666666,0.1666666666666666,0.1666666666666666,0.1666666666666666
65,65.0,0.1666666666666666,0.1666666666666666,0.1666666666666666,0.1666666666666666,0.1666666666666666,0.1666666666666666
66,66.0,0.1666666666666666,0.1666666666666666,0.1666666666666666,0.1666666666666666,0.1666666666666666,0.1666666666666666
67,67.0,0.1666666666666666,0.1666666666666666,0.1666666666666666,0.1666666666666666,0.1666666666666666,0.1666666666666666
68,68.0,0.1666666666666666,0.1666666666666666,0.1666666666666666,0.1666666666666666,0.1666666666666666,0.1666666666666666
69,69.0,0.1666666666666666,0.1666666666666666,0.1666666666666666,0.1666666666666666,0.1666666666666666,0.1666666666666666
70,70.0,0.1666666666666666,0.1666666666666666,0.1666666666666666,0.1666666666666666,0.1666666666666666,0.1666666666666666
71,71.0,0.1666666666666666,0.1666666666666666,0.1666666666666666,0.1666666666666666,0.1666666666666666,0.1666666666666666
72,72.0,0.1666666666666666,0.1666666666666666,0.1666666666666666,0.1666666666666666,0.1666666666666666,0.1666666666666666
73,73.0,0.1666666666666666,0.1666666666666666,0.1666666666666666,0.1666666666666666,0.1666666666666666,0.1666666666666666
74,74.0,0.1666666666666666,0.1666666666666666,0.1666666666666666,0.1666666666666666,0.1666666666666666,0.1666666666666666
75,75.0,0.1666666666666666,0.1666666666666666,0.1666666666666666,0.1666666666666666,0.1666666666666666,0.1666666666666666
76,76.0,0.1666666666666666,0.1666666666666666,0.1666666666666666,0.1666666666666666,0.1666666666666666,0.1666666666666666
77,77.0,0.1666666666666666,0.1666666666666666,0.1666666666666666,0.1666666666666666,0.1666666666666666,0.1666666666666666
78,78.0,0.1666666666666666,0.1666666666666666,0.1666666666666666,0.1666666666666666,0.1666666666666666,0.1666666666666666
79,79.0,0.1666666666666666,0.1666666666666666,0.1666666666666666,0.1666666666666666,0.1666666666666666,0.1666666666666666
80,80.0,0.1666666666666666,0.1666666666666666,0.1666666666666666,0.1666666666666666,0.1666666666666666,0.1666666666666666
81,81.0,0.1666666666666666,0.1666666666666666,0.1666666666666666,0.1666666666666666,0.1666666666666666,0.1666666666666666
82,82.0,0.1666666666666666,0.1666666666666666,0.1666666666666666,0.1666666666666666,0.1666666666666666,0.1666666666666666
83,83.0,0.1666666666666666,0.1666666666666666,0.1666666666666666,0.1666666666666666,0.1666666666666666,0.1666666666666666
84,84.0,0.1666666666666666,0.1666666666666666,0.1666666666666666,0.1666666666666666,0.1666666666666666,0.1666666666666666
85,85.0,0.1666666666666666,0.1666666666666666,0.1666666666666666,0.1666666666666666,0.1666666666666666,0.1666666666666666
86,86.0,0.1666666666666666,0.1666666666666666,0.1666666666666666,0.1666666666666666,0.1666666666666666,0.1666666666666666
87,87.0,0.1666666666666666,0.1666666666666666,0.1666666666666666,0.1666666666666666,0.1666666666666666,0.1666666666666666
88,88.0,0.1666666666666666,0.1666666666666666,0.1666666666666666,0.1666666666666666,0.1666666666666666,0.1666666666666666
89,89.0,0.1666666666666666,0.1666666666666666,0.1666666666666666,0.1666666666666666,0.1666666666666666,0.1666666666666666
90,90.0,0.1666666666666666,0.1666666666666666,0.1666666666666666,0.1666666666666666,0.1666666666666666,0.1666666666666666
91,91.0,0.1666666666666666,0.1666666666666666,0.1666666666666666,0.1666666666666666,0.1666666666666666,0.1666666666666666
92,92.0,0.1666666666666666,0.1666666666666666,0.1666666666666666,0.1666666666666666,0.1666666666666666,0.1666666666666666
93,93.0,0.1666666666666666,0.1666666666666666,0.1666666666666666,0.1666666666666666,0.1666666666666666,0.1666666666666666
94,94.0,0.1666666666666666,0.1666666666666666,0.1666666666666666,0.1666666666666666,0.1666666666666666,0.1666666666666666
95,95.0,0.1666666666666666,0.1666666666666666,0.1666666666666666,0.1666666666666666,0.1666666666666666,0.1666666666666666
96,96.0,0.1666666666666666,0.1666666666666666,0.1666666666666666,0.1666666666666666,0.1666666666666666,0.1666666666666666
97,97.0,0.1666666666666666,0.1666666666666666,0.1666666666666666,0.1666666666666666,0.1666666666666666,0.1666666666666666
98,98.0,0.1666666666666666,0.1666666666666666,0.1666666666666666,0.1666666666666666,0.1666666666666666,0.1666666666666666
99,99.0,0.1666666666666666,0.1666666666666666,0.1666666666666666,0.1666666666666666,0.1666666666666666,0.1666666666666666
100,100.0,0.1666666666666666,0.1666666666666666,0.1666666666666666,0.1666666666666666,0.1666666666666666,0.1666666666666666
101,101.0,0.1666666666666666,0.1666666666666666,0.1666666666666666,0.1666666666666666,0.1666666666666666,0.1666666666666666
102,102.0,0.1666666666666666,0.1666666666666666,0.1666666666666666,0.1666666666666666,0.1666666666666666,0.1666666666666666
103,103.0,0.1666666666666666,0.1666666666666666,0.1666666666666666,0.1666666666666666,0.1666666666666666,0.1666666666666666
104,104.0,0.1666666666666666,0.1666666666666666,0.1666666666666666,0.1666666666666666,0.1666666666666666,0.1666666666666666
105,105.0,0.1666666666666666,0.1666666666666666,0.1666666666666666,0.1666666666666666,0.1666666666666666,0.1666666666666666
106,106.0,0.1666666666666666,0.1666666666666666,0.1666666666666666,0.1666666666666666,0.1666666666666666,0.1666666666666666
107,107.0,0.1666666666666666,0.1666666666666666,0.1666666666666666,0.1666666666666666,0.1666666666666666,0.1666666666666666
108,108.0,0.1666666666666666,0.1666666666666666,0.1666666666666666,0.1666666666666666,0.1666666666666666,0.1666666666666666
109,109.0,0.1666666666666666,0.1666666666666666,0.1666666666666666,0.1666666666666666,0.1666666666666666,0.1666666666666666
110,110.0,0.1666666666666666,0.1666666666666666,0.1666666666666666,0.1666666666666666,0.1666666666666666,0.1666666666666666
111,111.0,0.1666666666666666,0.1666666666666666,0.1666666666666666,0.1666666666666666,0.1666666666666666,0.1666666666666666
112,112.0,0.1666666666666666,0.1666666666666666,0.1666666666666666,0.1666666666666666,0.1666666666666666,0.1666666666666666
113,113.0,0.1666666666666666,0.1666666666666666,0.1666666666666666,0.1666666666666666,0.1666666666666666,0.1666666666666666
114,114.0,0.1666666666666666,0.1666666666666666,0.1666666666666666,0.1666666666666666,0.1666666666666666,0.1666666666666666
115,115.0,0.1666666666666666,0.1666666666666666,0.1666666666666666,0.1666666666666666,0.1666666666666666,0.1666666666666666
116,116.0,0.1666666666666666,0.1666666666666666,0.1666666666666666,0.1666666666666666,0.1666666666666666,0.1666666666666666
117,117.0,0.1666666666666666,0.1666666666666666,0.1666666666666666,0.1666666666666666,0.1666666666666666,0.1666666666666666
118,118.0,0.1666666666666666,0.1666666666666666,0.1666666666666666,0.1666666666666666,0.1666666666666666,0.1666666666666666
119,119.0,0.1666666666666666,0.1666666666666666,0.1666666666666666,0.1666666666666666,0.1666666666666666,0.1666666666666666
120,120.0,0.1666666666666666,0.1666666666666666,0.1666666666666666,0.1666666666666666,0.1666666666666666,0.1666666666666666
121,121.0,0.1666666666666666,0.1666666666666666,0.1666666666666666,0.1666666666666666,0.1666666666666666,0.1666666666666666
122,122.0,0.1666666666666666,0.1666666666666666,0.1666666666666666,0.1666666666666666,0.1666666666666666,0.1666666666666666
123,123.0,0.1666666666666666,0.1666666666666666,0.1666666666666666,0.1666666666666666,0.1666666666666666,0.1666666666666666
124,124.0,0.1666666666666666,0.1666666666666666,0.1666666666666666,0.1666666666666666,0.1666666666666666,0.1666666666666666
125,125.0,0.1666666666666666,0.1666666666666666,0.1666666666666666,0.1666666666666666,0.1666666666666666,0.1666666666666666
126,126.0,0.1666666666666666,0.1666666666666666,0.1666666666666666,0.1666666666666666,0.1666666666666666,0.1666666666666666
127,127.0,0.1666666666666666,0.1666666666666666,0.1666666666666666,0.1666666666666666,0.1666666666666666,0.1666666666666666
128,128.0,0.1666666666666666,0.1666666666666666,0.1666666666666666,0.1666666666666666,0.1666666666666666,0.1666666666666666
129,129.0,0.1666666666666666,0.1666666666666666,0.1666666666666666,0.1666666666666666,0.1666666666666666,0.1666666666666666
130,130.0,0.1666666666666666,0.1666666666666666,0.1666666666666666,0.1666666666666666,0.1666666666666666,0.1666666666666666
131,131.0,0.1666666666666666,0.1666666666666666,0.1666666666666666,0.1666666666666666,0.1666666666666666,0.1666666666666666
132,132.0,0.1666666666666666,0.1666666666666666,0.1666666666666666,0.1666666666666666,0.1666666666666666,0.1666666666666666
133,133.0,0.1666666666666666,0.1666666666666666,0.1666666666666666,0.1666666666666666,0.1666666666666666,0.1666666666666666
134,134.0,0.1666666666666666,0.1666666666666666,0.1666666666666666,0.1666666666666666,0.1666666666666666,0.1666666666666666
135,135.0,0.1666666666666666,0.1666666666666666,0.1666666666666666,0.1666666666666666,0.1666666666666666,0.1666666666666666
136,136.0,0.1666666666666666,0.1666666666666666,0.1666666666666666,0.1666666666666666,0.1666666666666666,0.1666666666666666
137,137.0,0.1666666666666666,0.1666666666666666,0.1666666666666666,0.1666666666666666,0.1666666666666666,0.1666666666666666
138,138.0,0.1666666666666666,0.1666666666666666,0.1666666666666666,0.1666666666666666,0.1666666666666666,0.1666666666666666
139,139.0,0.1666666666666666,0.1666666666666666,0.1666666666666666,0.1666666666666666,0.1666666666666666,0.1666666666666666
140,140.0,0.1666666666666666,0.1666666666666666,0.1666666666666666,0.1666666666666666,0.1666666666666666,0.1666666666666666
141,141.0,0.1666666666666666,0.1666666666666666,0.1666666666666666,0.1666666666666666,0.1666666666666666,0.1666666666666666
142,142.0,0.1666666666666666,0.1666666666666666,0.1666666666666666,0.1666666666666666,0.1666666666666666,0.1666666666666666
143,143.0,0.1666666666666666,0.1666666666666666,0.1666666666666666,0.1666666666666666,0.1666666666666666,0.1666666666666666
144,144.0,0.1666666666666666,0.1666666666666666,0.1666666666666666,0.1666666666666666,0.1666666666666666,0.1666666666666666
145,145.0,0.1666666666666666,0.1666666666666666,0.1666666666666666,0.1666666666666666,0.1666666666666666,0.1666666666666666
146,146.0,0.1666666666666666,0.1666666666666666,0.1666666666666666,0.1666666666666666,0.1666666666666666,0.1666666666666666
147,147.0,0.1666666666666666,0.1666666666666666,0.1666666666666666,0.1666666666666666,0.1666666666666666,0.1666666666666666
148,148.0,0.1666666666666666,0.1666666666666666,0.1666666666666666,0.1666666666666666,0.1666666666666666,0.1666666666666666
149,149.0,0.1666666666666666,0.1666666666666666,0.1666666666666666,0.1666666666666666,0.1666666666666666,0.1666666666666666
150,150.0,0.1666666666666666,0.1666666666666666,0.1666666666666666,0.1666666666666666,0.1666666666666666,0.1666666666666666
151,151.0,0.1666666666666666,0.1666666666666666,0.1666666666666666,0.1666666666666666,0.1666666666666666,0.1666666666666666
152,152.0,0.1666666666666666,0.1666666666666666,0.1666666666666666,0.1666666666666666,0.1666666666666666,0.1666666666666666
153,153.0,0.1666666666666666,0.1666666666666666,0.1666666666666666,0.1666666666666666,0.1666666666666666,0.1666666666666666
154,154.0,0.1666666666666666,0.1666666666666666,0.1666666666666666,0.1666666666666666,0.1666666666666666,0.1666666666666666
155,155.0,0.1666666666666666,0.1666666666666666,0.1666666666666666,0.1666666666666666,0.1666666666666666,0.1666666666666666
156,156.0,0.1666666666666666,0.1666666666666666,0.1666666666666666,0.1666666666666666,0.1666666666666666,0.1666666666666666
157,157.0,0.1666666666666666,0.1666666666666666,0.1666666666666666,0.1666666666666666,0.1666666666666666,0.1666666666666666
158,158.0,0.1666666666666666,0.1666666666666666,0.1666666666666666,0.1666666666666666,0.1666666666666666,0.1666666666666666
159,159.0,0.1666666666666666,0.1666666666666666,0.1666666666666666,0.1666666666666666,0.1666666666666666,0.1666666666666666
160,160.0,0.1666666666666666,0.1666666666666666,0.1666666666666666,0.1666666666666666,0.1666666666666666,0.1666666666666666
161,161.0,0.1666666666666666,0.1666666666666666,0.1666666666666666,0.1666666666666666,0.1666666666666666,0.1666666666666666
162,162.0,0.1666666666666666,0.1666666666666666,0.1666666666666666,0.1666666666666666,0.1666666666666666,0.1666666666666666
163,163.0,0.1666666666666666,0.1666666666666666,0.1666666666666666,0.1666666666666666,0.1666666666666666,0.1666666666666666
164,164.0,0.1666666666666666,0.1666666666666666,0.1666666666666666,0.1666666666666666,0.1666666666666666,0.1666666666666666
165,165.0,0.1666666666666666,0.1666666666666666,0.1666666666666666,0.1666666666666666,0.1666666666666666,0.1666666666666666
166,166.0,0.1666666666666666,0.1666666666666666,0.1666666666666666,0.1666666666666666,0.1666666666666666,0.1666666666666666
167,167.0,0.1666666666666666,0.1666666666666666,0.1666666666666666,0.1666666666666666,0.1666666666666666,0.1666666666666666
168,168.0,0.1666666666666666,0.1666666666666666,0.1666666666666666,0.1666666666666666,0.1666666666666666,0.1666666666666666
169,169.0,0.1666666666666666,0.1666666666666666,0.1666666666666666,0.1666666666666666,0.1666666666666666,0.1666666666666666
170,170.0,0.1666666666666666,0.1666666666666666,0.1666666666666666,0.1666666666666666,0.1666666666666666,0.1666666666666666
171,171.0,0.1666666666666666,0.1666666666666666,0.1666666666666666,0.1666666666666666,0.1666666666666666,0.1666666666666666
172,172.0,0.1666666666666666,0.1666666666666666,0.1666666666666666,0.1666666666666666,0.1666666666666666,0.1666666666666666
173,173.0,0.1666666666666666,0.1666666666666666,0.1666666666666666,0.1666666666666666,0.1666666666666666,0.1666666666666666
174,174.0,0.1666666666666666,0.1666666666666666,0.1666666666666666,0.1666666666666666,0.1666666666666666,0.1666666666666666
175,175.0,0.1666666666666666,0.1666666666666666,0.1666666666666666,0.1666666666666666,0.1666666666666666,0.1666666666666666
176,176.0,0.1666666666666666,0.1666666666666666,0.1666666666666666,0.1666666666666666,0.1666666666666666,0.1666666666666666
177,177.0,0.1666666666666666,0.1666666666666666,0.1666666666666666,0.1666666666666666,0.1666666666666666,0.1666666666666666
178,178.0,0.1666666666666666,0.1666666666666666,0.1666666666666666,0.1666666666666666,0.1666666666666666,0.1666666666666666
179,179.0,0.1666666666666666,0.1666666666666666,0.1666666666666666,0.1666666666666666,0.1666666666666666,0.1666666666666666
180,180.0,0.1666666666666666,0.1666666666666666,0.1666666666666666,0.1666666666666666,0.1666666666666666,0.1666666666666666
181,181.0,0.1666666666666666,0.1666666666666666,0.1666666666666666,0.1666666666666666,0.1666666666666666,0.1666666666666666
182,182.0,0.1666666666666666,0.1666666666666666,0.1666666666666666,0.1666666666666666,0.1666666666666666,0.1666666666666666
183,183.0,0.1666666666666666,0.1666666666666666,0.1666666666666666,0.1666666666666666,0.1666666666666666,0.1666666666666666
184,184.0,0.1666666666666666,0.1666666666666666,0.1666666666666666,0.1666666666666666,0.1666666666666666,0.1666666666666666
185,185.0,0.1666666666666666,0.1666666666666666,0.1666666666666666,0.1666666666666666,0.1666666666666666,0.1666666666666666
186,186.0,0.1666666666666666,0.1666666666666666,0.1666666666666666,0.1666666666666666,0.1666666666666666,0.1666666666666666
187,187.0,0.1666666666666666,0.1666666666666666,0.1666666666666666,0.1666666666666666,0.1666666666666666,0.1666666666666666
188,188.0,0.1666666666666666,0.1666666666666666,0.1666666666666666,0.1666666666666666,0.1666666666666666,0.1666666666666666
189,189.0,0.1666666666666666,0.1666666666666666,0.1666666666666666,0.1666666666666666,0.1666666666666666,0.1666666666666666
190,190.0,0.1666666666666666,0.1666666666666666,0.1666666666666666,0.1666666666666666,0.1666666666666666,0.1666666666666666
191,191.0,0.1666666666666666,0.1666666666666666,0.1666666666666666,0.1666666666666666,0.1666666666666666,0.1666666666666666
192,192.0,0.1666666666666666,0.1666666666666666,0.1666666666666666,0.1666666666666666,0.1666666666666666,0.1666666666666666
193,193.0,0.1666666666666666,0.1666666666666666,0.1666666666666666,0.1666666666666666,0.1666666666666666,0.1666666666666666
194,194.0,0.1666666666666666,0.1666666666666666,0.1666666666666666,0.1666666666666666,0.1666666666666666,0.1666666666666666
195,195.0,0.1666666666666666,0.1666666666666666,0.1666666666666666,0.1666666666666666,0.1666666666666666,0.1666666666666666
196,196.0,0.1666666666666666,0.1666666666666666,0.1666666666666666,0.1666666666666666,0.1666666666666666,0.1666666666666666
197,197.0,0.1666666666666666,0.1666666666666666,0.1666666666666666,0.1666666666666666,0.1666666666666666,0.1666666666666666
198,198.0,0.1666666666666666,0.1666666666666666,0.1666666666666666,0.1666666666666666,0.1666666666666666,0.1666666666666666
199,199.0,0.1664285714285714,0.1664285714285714,0.1664285714285714,0.1664285714285714,0.1678571428571428,0.1664285714285714
200,200.0,0.1660142857142857,0.1660142857142857,0.1672642857142857,0.1660142857142857,0.1686785714285714,0.1660142857142857
201,201.0,0.1656062857142858,0.1656062857142858,0.1680937857142858,0.1656062857142858,0.1694810714285715,0.1656062857142858
202,202.0,0.165069133968254,0.1661802450793651,0.1686316200793651,0.165069133968254,0.169980732936508,0.165069133968254
203,203.0,0.164546117168254,0.1667572282793651,0.1691515770293651,0.164546117168254,0.170452843186508,0.164546117168254
204,204.0,0.1640410519876825,0.1673311630987937,0.1696502447362937,0.1640410519876825,0.1708954362018651,0.1640410519876825
205,205.0,0.1635571939164025,0.1678966150275137,0.1701247654473887,0.1635571939164025,0.1713070377758901,0.1635571939164025
206,206.0,0.1628591655861024,0.1682106825972135,0.1717632848455987,0.1628591655861024,0.1714485357988807,0.1628591655861024
207,207.0,0.1621896500202728,0.168509649282384,0.1733615892968016,0.1621896500202728,0.1715598113599962,0.1621896500202728
208,208.0,0.1627628085584425,0.1688912418538326,0.1748283521718209,0.1615128085584425,0.1704919802990191,0.1615128085584425
209,209.0,0.1633593564905442,0.1692540960829313,0.1762334885709535,0.1608718564905442,0.169409345874483,0.1608718564905442
210,210.0,0.1649432116200858,0.1693186794838464,0.1772913320000188,0.1601307255089747,0.1681853258781,0.1601307255089747
211,211.0,0.1665248046760279,0.1693641733053871,0.1782760333217329,0.1594318448149168,0.1669712990670188,0.1594318448149168
212,212.0,0.1678107681573933,0.1692531426783865,0.1800183930669472,0.1586390892976711,0.1656395175019311,0.1586390892976711
213,213.0,0.1686074879265086,0.1687781440047625,0.1835323646530023,0.1575455676455225,0.163990868124682,0.1575455676455225
214,214.0,0.1719466859476724,0.1678029070484964,0.1859912171655237,0.1561259857721768,0.1620072182939543,0.1561259857721768
215,215.0,0.1753928869176327,0.1685959742411816,0.1876016315624969,0.1543649160812577,0.1596796751161737,0.1543649160812577
216,216.0,0.1785115251815373,0.1688601997792634,0.1898412784356555,0.1524428965193408,0.1566512035648626,0.1536928965193408
217,217.0,0.1799287977339224,0.1697523840447375,0.1927886857722937,0.1515198693757145,0.1533917825865068,0.1526184804868256
218,218.0,0.1811181537829574,0.1694616872357877,0.1963041546671052,0.1505726510425274,0.1511443272290952,0.1513990260425274
219,219.0,0.1827674144954103,0.1690952018638433,0.1993252114548118,0.1496490302579651,0.1489660129200048,0.1501971290079651
220,220.0,0.1842948660285839,0.1687218639466155,0.2021595483167084,0.148813575782703,0.1469294010051867,0.1490807449202029
221,221.0,0.185477634565294,0.1682911470628599,0.2052370543163176,0.1480108804756185,0.1449857423094168,0.1479975412704935
222,222.0,0.1862583851398445,0.1675847690497396,0.2074125886398231,0.1479895903668598,0.1429168508694209,0.1478378159343124
223,223.0,0.187001667413009,0.1669646825017841,0.2093348909248177,0.1480165736574233,0.1408392117989942,0.147842973703972
224,224.0,0.1875187444478105,0.1662477575955298,0.2107169599870734,0.1480028058255928,0.1388134195082975,0.1487003126356963
225,225.0,0.1887452478159191,0.1654599383249599,0.2116262711855144,0.1479615905710168,0.1368636381513556,0.1493433139512345
226,226.0,0.187653814006167,0.1657369715399909,0.2119568513503818,0.1484973834898144,0.1356030631496612,0.1505519164639849
227,227.0,0.1865180746904061,0.1650758643756289,0.2121474958502937,0.1491209210187092,0.1354187344031768,0.1517189096617857
228,228.0,0.1862233891554261,0.1644398470557535,0.2121800709621124,0.1497799984356992,0.1353850720461436,0.1519916223448654
229,229.0,0.1858704170603169,0.1638327707691149,0.2120700578735292,0.150464470977805,0.135487346063187,0.1522749372560472
230,230.0,0.1854685167820426,0.1632578121752557,0.2118328155354701,0.151164954407094,0.1357109400767288,0.152564961023409
231,231.0,0.1849356910507931,0.1625356909090184,0.2113925302053542,0.1517819337096459,0.1366778497833475,0.1526763043418411
232,232.0,0.1842877632665813,0.162478604190563,0.2093427402045194,0.1530260310635504,0.1383579706205652,0.1525068906542209
233,233.0,0.1833459696657921,0.1623657493024257,0.207862945848098,0.1541672235602632,0.1400083101370797,0.1522498014863415
234,234.0,0.1824172905090866,0.1623070344487831,0.2063555932758992,0.1553075925988633,0.1417091901209007,0.1519032990464674
235,235.0,0.1814892520658367,0.1622783865838642,0.2048228743051503,0.156416570643918,0.1434277217431017,0.1515651946581293
236,236.0,0.1808437979218566,0.1623679945783549,0.2026462891290504,0.1575771161052404,0.1452358636145317,0.1513289386509662
237,237.0,0.179047849826906,0.1626817778380199,0.1994310727789233,0.1588911078582411,0.1486442098683831,0.1513039818295268
238,238.0,0.1772836544917002,0.1630137676756233,0.1962615207780025,0.1601496480281003,0.1520011473210922,0.1512902617054816
239,239.0,0.1755656785936168,0.1633588235349951,0.1931647622113767,0.1613456963714336,0.1552782474782462,0.1512867918103316
240,240.0,0.1739064799479243,0.1637121882553649,0.1901644853212825,0.1624735415874603,0.1584507230678292,0.1512925818201388
241,241.0,0.1729531364522043,0.1639785882125199,0.1870083174362405,0.1634378164458417,0.1614064026997932,0.1512157387534004
242,242.0,0.1720718687536895,0.1642458740650285,0.1839888638800504,0.1643270534155766,0.1642192273553986,0.1511471125302564
243,243.0,0.1712642819496443,0.1645112843648299,0.181122647755389,0.1651398639158324,0.1668753542857254,0.1510865677285789
244,244.0,0.1705310838186625,0.1647723525641971,0.17842300748035,0.1658757624885544,0.1693638919939981,0.151033901654238
245,245.0,0.1698721674747473,0.1650269021911797,0.1759002818727215,0.1665350813407687,0.1716767140253395,0.1509888530952435
246,246.0,0.1692561928133067,0.1652425385174218,0.1737609900188612,0.1670883841666794,0.1737370945187049,0.150914799965026
247,247.0,0.1686898928339309,0.1654258639309582,0.1717880185060531,0.1675456069618811,0.1756016815456502,0.1509489362215267
248,248.0,0.1681942882714592,0.1655986014721761,0.1700034352050219,0.1679321107047444,0.1772822486909488,0.1509893156556498
249,249.0,0.1677672656298259,0.1657600825528953,0.1684062471276002,0.1682511022630748,0.1787803922713125,0.1510349101552916
250,250.0,0.1674062369433634,0.1659098180083583,0.1669936866322012,0.1685061429397421,0.1800993732074311,0.151084742268904
251,251.0,0.1671082131034194,0.1660474850465362,0.1657614165655768,0.1687010774161461,0.1812439179543679,0.1511378899139537
252,252.0,0.1665668435607111,0.1660971562630182,0.1653097911915763,0.1687642093917913,0.1821442671078142,0.151117732485089
253,253.0,0.1659670824861479,0.1662101026707771,0.165810406039821,0.1678788337177433,0.1829588048785528,0.1511747702069581
254,254.0,0.1654265358744302,0.1663115595943001,0.1664514924780655,0.166956347223404,0.1836206593348393,0.1512334054949612
255,255.0,0.1655750296257325,0.1662627725238865,0.16727669504703,0.1657319080779682,0.1839995913746671,0.1511540033507159
256,256.0,0.1653890306880957,0.1660381975635779,0.1676485442471469,0.1642207886608327,0.1847933334675134,0.1519101053728335
257,257.0,0.1652511010670428,0.1658071098014176,0.1681064591211021,0.1627162187427894,0.1854590605937413,0.152660050673907
258,258.0,0.1665863845556974,0.1655724713952123,0.1686372539527721,0.1612325890731094,0.1845743455501789,0.15339695547303
259,259.0,0.1679484927224879,0.1653369837934285,0.1692283327980689,0.1597826419236532,0.1835887939899552,0.1541147547724065
260,260.0,0.1697496934465042,0.165055467744023,0.1696772802767004,0.1583298894662739,0.1824271069851004,0.1547605620813981
261,261.0,0.1715423511790693,0.164778198395109,0.1701652486219756,0.1569319968991949,0.1812042292358406,0.1553779756688108
262,262.0,0.1733093936420027,0.1645075237701265,0.1706834560637773,0.1555974571590568,0.1799385085941087,0.1559636607709282
263,263.0,0.1751182083508377,0.164475046379661,0.1715752030742759,0.1535334238325899,0.1787006885641776,0.156597429798458
264,264.0,0.1768722831620162,0.1644506715611097,0.1724778624158797,0.1515533574868711,0.1774519354774191,0.1571938898967043
265,265.0,0.1770595513171921,0.1646004994721331,0.1740479829287289,0.1498353287539494,0.1765391635037169,0.1579174740242797
266,266.0,0.1771848208004139,0.1647556115606637,0.1756031172905705,0.1482203141598743,0.1756379022515022,0.1585982339369754
267,267.0,0.1772530387840448,0.1649139282880654,0.1771292127728868,0.146714162436702,0.1747560132611486,0.1592336444571525
268,268.0,0.177697799666779,0.1655021174517484,0.1784710551659499,0.1447496202431453,0.1743289496249449,0.1592504578474325
269,269.0,0.1779127158355932,0.1659070242021622,0.1806550799261833,0.1427278863338925,0.1737512137295523,0.1590460799726167
270,270.0,0.1780793368859054,0.1663036419988438,0.182771657140696,0.14083561150532,0.1732043644455581,0.1588053880236769
271,271.0,0.1782008261190628,0.1666888335591995,0.1839730324585817,0.1390787725976455,0.1726907816046623,0.1593677536608483
272,272.0,0.1780881741321415,0.1669957870271559,0.1848964046240165,0.1373972918437535,0.1728533000319896,0.1597690423409431
273,273.0,0.1784884490395462,0.1672320039300206,0.185568581988833,0.1358031954885517,0.1728809261746863,0.1600268433783624
274,274.0,0.1788518499082646,0.1674516463047246,0.1861563139077965,0.1343531366051738,0.1729352246481401,0.1602518286259006
275,275.0,0.1791784301334782,0.167654175180337,0.1866621676063025,0.1330472120352711,0.1730129852345407,0.1604450298100705
276,276.0,0.1795568412714031,0.1679471197552657,0.1866494964590477,0.131521322495156,0.1730816723520235,0.1612435476671039
277,277.0,0.1798987043546829,0.1682214501903004,0.1865660779814085,0.1301391939654862,0.1731679770645409,0.1620065964435811
278,278.0,0.1802042555579494,0.1684762845950801,0.1864198210911996,0.1289002716305137,0.1732692745654642,0.162730092559793
279,279.0,0.180235975319076,0.1684729289904873,0.1859803769604848,0.1289931002845948,0.1731449573628483,0.1631726610825087
280,280.0,0.1800566438703796,0.1695229502192196,0.1853171730403363,0.1288550051137119,0.1728545443847876,0.1633936833715649
281,281.0,0.179710985044155,0.1713795580047046,0.1844810427457242,0.128554110245721,0.1724393747354325,0.1634349292242626
282,282.0,0.1793413730452811,0.1728019236033871,0.1839169173771079,0.1283511415246603,0.1719857290783225,0.1636029153712409
283,283.0,0.1789230700827684,0.1741384183497177,0.1834654298138006,0.1282339435764135,0.1715366794839406,0.1637024586933591
284,284.0,0.1784629288916682,0.1753820649905302,0.1831282288253944,0.1281943115246589,0.1710952571188041,0.1637372086489441
285,285.0,0.1779986651567794,0.1765586423199976,0.1827867960459901,0.1282354052639117,0.1706782636881985,0.1637422275251226
286,286.0,0.177365842244406,0.1776630914959597,0.1826144605079053,0.1283487412776786,0.170287426232977,0.1637204382410735
287,287.0,0.176823049197842,0.1767716185067908,0.1827815349007691,0.1287368847655647,0.1700210243474789,0.1648658882815544
288,288.0,0.1762921346897857,0.1758206964005907,0.1829481701994226,0.1291786430368045,0.1697819903579938,0.1659783653154026
289,289.0,0.1754875374717844,0.1757860967704419,0.1835333788809351,0.1292634433795566,0.1692802952751327,0.1666492482221492
290,290.0,0.17439465160945,0.1757433210970828,0.1843340439334421,0.1293981473039848,0.1688220607385614,0.1673077753174788
291,291.0,0.1733102969727318,0.175801241860212,0.1850632684365507,0.1295549484861235,0.1683806868808245,0.1678895573635573
292,292.0,0.172242945044989,0.1757943894249985,0.1867171068490536,0.1298932441443866,0.167957952034837,0.1673943625017351
293,293.0,0.1717407217252296,0.1753692074427395,0.1888552202432358,0.1322018489045981,0.1653607225220588,0.1664722791621381
294,294.0,0.1711060324897488,0.1747438586100402,0.1907616960908835,0.1341502561985716,0.1638908616627382,0.1653472949480176
295,295.0,0.170380296219299,0.175077549608208,0.1924624587849992,0.1357986524936418,0.1622082677080593,0.1640727751857925
296,296.0,0.1697493317736355,0.1754627247345052,0.1941972139978793,0.1374383404227196,0.1606288254030758,0.1625235636681845
297,297.0,0.1691699605005377,0.1758303671535584,0.1958451871400225,0.1390287869967393,0.159133007059494,0.1609926911496479
298,298.0,0.1672142453669087,0.176348045237325,0.1988271481156527,0.1405590118854666,0.1577274084646096,0.1593241409300373
299,299.0,0.1653250921958522,0.1768430362656149,0.2016941642459505,0.1420197350085434,0.1564170636295015,0.1577009086545374
300,300.0,0.1649433077513929,0.1773126590336927,0.2030004884255747,0.143403299311304,0.1552055506265433,0.1561346948514923
301,301.0,0.16520768729103,0.1784690398541845,0.2036034123220821,0.1444178707470383,0.1543808156882639,0.1539211740974011
302,302.0,0.1653115342024844,0.1784643736926443,0.2045768693947454,0.1463972831207737,0.1535032026739546,0.1517467369153974
303,303.0,0.1650439274846571,0.1789707001528698,0.2046822367491143,0.1476295209261937,0.1544339675255116,0.1492396471616534
304,304.0,0.1656915139644799,0.1789703487715742,0.2053521368513944,0.1485126935277898,0.1550547902046581,0.1464185166801034
305,305.0,0.1661994802755712,0.1785753544830864,0.2064609772343842,0.1489342393562922,0.1562859112472982,0.1435440374033676
306,306.0,0.1667403451353299,0.1781564042482831,0.2074628663752737,0.1492633783579978,0.1575630805157471,0.1408139253673682
307,307.0,0.1672054540374316,0.1782868213261633,0.2081703927325695,0.149415178232873,0.1587780399020429,0.1381441137689195
308,308.0,0.167687691891195,0.1784003004688625,0.2087751963179231,0.1494876483282787,0.1600066542339648,0.1356425087597759
309,309.0,0.1673868726292653,0.1802434324245033,0.2084878505790244,0.1498054572386681,0.1604416210799802,0.1336347660485585
310,310.0,0.1669261820770136,0.1822258058139103,0.20728139628664,0.1500551787077248,0.1617055745678386,0.1318058625468726
311,311.0,0.166396828244927,0.1846304091113239,0.2057590557931402,0.150331901887814,0.1628101600318734,0.1300716449309213
312,312.0,0.1658321285384394,0.1866915301294701,0.2040284837000484,0.1512078001747419,0.1637789131298799,0.1284611443274202
313,313.0,0.1652430960438872,0.1890987300619184,0.202133303393749,0.1519255523863107,0.1646193925711438,0.1269799255429907
314,314.0,0.1646392448412129,0.1911576147321998,0.2007374989271974,0.1524961765603215,0.1653384018793078,0.1256310630597606
315,315.0,0.1642458987013368,0.1927946589829878,0.1991515347624136,0.1529658322734304,0.1665603392122905,0.1242817360675409
316,316.0,0.1638594691030024,0.1942778450228391,0.1975360156453043,0.1533558332810934,0.1677175712634201,0.1232532656843407
317,317.0,0.1635049072724308,0.1942145455835144,0.1973903478287758,0.1536865789820726,0.1688186078556155,0.1223850124775909
318,318.0,0.1631825720511516,0.1940457564930389,0.1972832885752209,0.1539606874500265,0.1698580581688482,0.1216696372617139
319,319.0,0.1628924641304482,0.1937837146074323,0.1972120476208779,0.1541810813235782,0.1708316863278821,0.1210990059897813
320,320.0,0.1626342618594702,0.1934403656250639,0.1971737555453689,0.1543509281234323,0.1717363382665468,0.120664350580118
321,321.0,0.1624073566959547,0.1930272737454336,0.1971655003815657,0.1544735840889601,0.1725698650874926,0.1203564200005936
322,322.0,0.1622108879807906,0.1925555441770637,0.1971843609899357,0.1545525417439388,0.1733310440342818,0.1201656210739894
