,Unnamed: 0,Total_iterations,Intertwine_two,Invert_path_vertices,Insert_inside_vertex,Delete_inside_vertex,Replace_inside_vertex,Donate_between_routes,MSC_add_terminal,MSC_del_terminal
0,0.0,0.0,0.125,0.125,0.125,0.125,0.125,0.125,0.125,0.125
1,1.0,1.0,0.125,0.125,0.125,0.125,0.125,0.125,0.125,0.125
2,2.0,2.0,0.125,0.125,0.125,0.125,0.125,0.125,0.125,0.125
3,3.0,3.0,0.125,0.125,0.125,0.125,0.125,0.125,0.125,0.125
4,4.0,4.0,0.125,0.125,0.125,0.125,0.125,0.125,0.125,0.125
5,5.0,5.0,0.125,0.125,0.125,0.125,0.125,0.125,0.125,0.125
6,6.0,6.0,0.125,0.125,0.125,0.125,0.125,0.125,0.125,0.125
7,7.0,7.0,0.125,0.125,0.125,0.125,0.125,0.125,0.125,0.125
8,8.0,8.0,0.125,0.125,0.125,0.125,0.125,0.125,0.125,0.125
9,9.0,9.0,0.125,0.125,0.125,0.125,0.125,0.125,0.125,0.125
10,10.0,10.0,0.125,0.125,0.125,0.125,0.125,0.125,0.125,0.125
11,11.0,11.0,0.125,0.125,0.125,0.125,0.125,0.125,0.125,0.125
12,12.0,12.0,0.125,0.125,0.125,0.125,0.125,0.125,0.125,0.125
13,13.0,13.0,0.125,0.125,0.125,0.125,0.125,0.125,0.125,0.125
14,14.0,14.0,0.125,0.125,0.125,0.125,0.125,0.125,0.125,0.125
15,15.0,15.0,0.125,0.125,0.125,0.125,0.125,0.125,0.125,0.125
16,16.0,16.0,0.125,0.125,0.125,0.125,0.125,0.125,0.125,0.125
17,17.0,17.0,0.125,0.125,0.125,0.125,0.125,0.125,0.125,0.125
18,18.0,18.0,0.125,0.125,0.125,0.125,0.125,0.125,0.125,0.125
19,19.0,19.0,0.125,0.125,0.125,0.125,0.125,0.125,0.125,0.125
20,20.0,20.0,0.125,0.125,0.125,0.125,0.125,0.125,0.125,0.125
21,21.0,21.0,0.125,0.125,0.125,0.125,0.125,0.125,0.125,0.125
22,22.0,22.0,0.125,0.125,0.125,0.125,0.125,0.125,0.125,0.125
23,23.0,23.0,0.125,0.125,0.125,0.125,0.125,0.125,0.125,0.125
24,24.0,24.0,0.125,0.125,0.125,0.125,0.125,0.125,0.125,0.125
25,25.0,25.0,0.125,0.125,0.125,0.125,0.125,0.125,0.125,0.125
26,26.0,26.0,0.125,0.125,0.125,0.125,0.125,0.125,0.125,0.125
27,27.0,27.0,0.125,0.125,0.125,0.125,0.125,0.125,0.125,0.125
28,28.0,28.0,0.125,0.125,0.125,0.125,0.125,0.125,0.125,0.125
29,29.0,29.0,0.125,0.125,0.125,0.125,0.125,0.125,0.125,0.125
30,30.0,30.0,0.125,0.125,0.125,0.125,0.125,0.125,0.125,0.125
31,31.0,31.0,0.125,0.125,0.125,0.125,0.125,0.125,0.125,0.125
32,32.0,32.0,0.125,0.125,0.125,0.125,0.125,0.125,0.125,0.125
33,33.0,33.0,0.125,0.125,0.125,0.125,0.125,0.125,0.125,0.125
34,34.0,34.0,0.125,0.125,0.125,0.125,0.125,0.125,0.125,0.125
35,35.0,35.0,0.125,0.125,0.125,0.125,0.125,0.125,0.125,0.125
36,36.0,36.0,0.125,0.125,0.125,0.125,0.125,0.125,0.125,0.125
37,37.0,37.0,0.125,0.125,0.125,0.125,0.125,0.125,0.125,0.125
38,38.0,38.0,0.125,0.125,0.125,0.125,0.125,0.125,0.125,0.125
39,39.0,39.0,0.125,0.125,0.125,0.125,0.125,0.125,0.125,0.125
40,40.0,40.0,0.125,0.125,0.125,0.125,0.125,0.125,0.125,0.125
41,41.0,41.0,0.125,0.125,0.125,0.125,0.125,0.125,0.125,0.125
42,42.0,42.0,0.125,0.125,0.125,0.125,0.125,0.125,0.125,0.125
43,43.0,43.0,0.125,0.125,0.125,0.125,0.125,0.125,0.125,0.125
44,44.0,44.0,0.125,0.125,0.125,0.125,0.125,0.125,0.125,0.125
45,45.0,45.0,0.125,0.125,0.125,0.125,0.125,0.125,0.125,0.125
46,46.0,46.0,0.125,0.125,0.125,0.125,0.125,0.125,0.125,0.125
47,47.0,47.0,0.125,0.125,0.125,0.125,0.125,0.125,0.125,0.125
48,48.0,48.0,0.125,0.125,0.125,0.125,0.125,0.125,0.125,0.125
49,49.0,49.0,0.125,0.125,0.125,0.125,0.125,0.125,0.125,0.125
50,50.0,50.0,0.125,0.125,0.125,0.125,0.125,0.125,0.125,0.125
51,51.0,51.0,0.125,0.125,0.125,0.125,0.125,0.125,0.125,0.125
52,52.0,52.0,0.125,0.125,0.125,0.125,0.125,0.125,0.125,0.125
53,53.0,53.0,0.125,0.125,0.125,0.125,0.125,0.125,0.125,0.125
54,54.0,54.0,0.125,0.125,0.125,0.125,0.125,0.125,0.125,0.125
55,55.0,55.0,0.125,0.125,0.125,0.125,0.125,0.125,0.125,0.125
56,56.0,56.0,0.125,0.125,0.125,0.125,0.125,0.125,0.125,0.125
57,57.0,57.0,0.125,0.125,0.125,0.125,0.125,0.125,0.125,0.125
58,58.0,58.0,0.125,0.125,0.125,0.125,0.125,0.125,0.125,0.125
59,59.0,59.0,0.125,0.125,0.125,0.125,0.125,0.125,0.125,0.125
60,60.0,60.0,0.125,0.125,0.125,0.125,0.125,0.125,0.125,0.125
61,61.0,61.0,0.125,0.125,0.125,0.125,0.125,0.125,0.125,0.125
62,62.0,62.0,0.125,0.125,0.125,0.125,0.125,0.125,0.125,0.125
63,63.0,63.0,0.125,0.125,0.125,0.125,0.125,0.125,0.125,0.125
64,64.0,64.0,0.125,0.125,0.125,0.125,0.125,0.125,0.125,0.125
65,65.0,65.0,0.125,0.125,0.125,0.125,0.125,0.125,0.125,0.125
66,66.0,66.0,0.125,0.125,0.125,0.125,0.125,0.125,0.125,0.125
67,67.0,67.0,0.125,0.125,0.125,0.125,0.125,0.125,0.125,0.125
68,68.0,68.0,0.125,0.125,0.125,0.125,0.125,0.125,0.125,0.125
69,69.0,69.0,0.125,0.125,0.125,0.125,0.125,0.125,0.125,0.125
70,70.0,70.0,0.125,0.125,0.125,0.125,0.125,0.125,0.125,0.125
71,71.0,71.0,0.125,0.125,0.125,0.125,0.125,0.125,0.125,0.125
72,72.0,72.0,0.125,0.125,0.125,0.125,0.125,0.125,0.125,0.125
73,73.0,73.0,0.125,0.125,0.125,0.125,0.125,0.125,0.125,0.125
74,74.0,74.0,0.125,0.125,0.125,0.125,0.125,0.125,0.125,0.125
75,75.0,75.0,0.125,0.125,0.125,0.125,0.125,0.125,0.125,0.125
76,76.0,76.0,0.125,0.125,0.125,0.125,0.125,0.125,0.125,0.125
77,77.0,77.0,0.125,0.125,0.125,0.125,0.125,0.125,0.125,0.125
78,78.0,78.0,0.125,0.125,0.125,0.125,0.125,0.125,0.125,0.125
79,79.0,79.0,0.125,0.125,0.125,0.125,0.125,0.125,0.125,0.125
80,80.0,80.0,0.125,0.125,0.125,0.125,0.125,0.125,0.125,0.125
81,81.0,81.0,0.125,0.125,0.125,0.125,0.125,0.125,0.125,0.125
82,82.0,82.0,0.125,0.125,0.125,0.125,0.125,0.125,0.125,0.125
83,83.0,83.0,0.125,0.125,0.125,0.125,0.125,0.125,0.125,0.125
84,84.0,84.0,0.125,0.125,0.125,0.125,0.125,0.125,0.125,0.125
85,85.0,85.0,0.125,0.125,0.125,0.125,0.125,0.125,0.125,0.125
86,86.0,86.0,0.125,0.125,0.125,0.125,0.125,0.125,0.125,0.125
87,87.0,87.0,0.125,0.125,0.125,0.125,0.125,0.125,0.125,0.125
88,88.0,88.0,0.125,0.125,0.125,0.125,0.125,0.125,0.125,0.125
89,89.0,89.0,0.125,0.125,0.125,0.125,0.125,0.125,0.125,0.125
90,90.0,90.0,0.125,0.125,0.125,0.125,0.125,0.125,0.125,0.125
91,91.0,91.0,0.125,0.125,0.125,0.125,0.125,0.125,0.125,0.125
92,92.0,92.0,0.125,0.125,0.125,0.125,0.125,0.125,0.125,0.125
93,93.0,93.0,0.125,0.125,0.125,0.125,0.125,0.125,0.125,0.125
94,94.0,94.0,0.125,0.125,0.125,0.125,0.125,0.125,0.125,0.125
95,95.0,95.0,0.125,0.125,0.125,0.125,0.125,0.125,0.125,0.125
96,96.0,96.1,0.125,0.125,0.125,0.125,0.125,0.125,0.125,0.125
97,97.0,97.1,0.125,0.125,0.125,0.125,0.125,0.125,0.125,0.125
98,98.0,98.1,0.125,0.125,0.125,0.125,0.125,0.125,0.125,0.125
99,99.0,99.2,0.125,0.125,0.125,0.125,0.125,0.125,0.125,0.125
100,100.0,100.2,0.125,0.125,0.125,0.125,0.125,0.125,0.125,0.125
101,101.0,101.2,0.125,0.125,0.125,0.125,0.125,0.125,0.125,0.125
102,102.0,102.2,0.125,0.125,0.125,0.125,0.125,0.125,0.125,0.125
103,103.0,103.2,0.125,0.125,0.125,0.125,0.125,0.125,0.125,0.125
104,104.0,104.2,0.125,0.125,0.125,0.125,0.125,0.125,0.125,0.125
105,105.0,105.2,0.125,0.125,0.125,0.125,0.125,0.125,0.125,0.125
106,106.0,106.2,0.125,0.125,0.125,0.125,0.125,0.125,0.125,0.125
107,107.0,107.2,0.125,0.125,0.125,0.125,0.125,0.125,0.125,0.125
108,108.0,108.2,0.125,0.125,0.125,0.125,0.125,0.125,0.125,0.125
109,109.0,109.2,0.125,0.125,0.125,0.125,0.125,0.125,0.125,0.125
110,110.0,110.2,0.125,0.125,0.125,0.125,0.125,0.125,0.125,0.125
111,111.0,111.2,0.125,0.125,0.125,0.125,0.125,0.125,0.125,0.125
112,112.0,112.2,0.125,0.125,0.125,0.125,0.125,0.125,0.125,0.125
113,113.0,113.2,0.125,0.125,0.125,0.125,0.125,0.125,0.125,0.125
114,114.0,114.2,0.125,0.125,0.125,0.125,0.125,0.125,0.125,0.125
115,115.0,115.2,0.125,0.125,0.125,0.125,0.125,0.125,0.125,0.125
116,116.0,116.2,0.125,0.125,0.125,0.125,0.125,0.125,0.125,0.125
117,117.0,117.2,0.125,0.125,0.125,0.125,0.125,0.125,0.125,0.125
118,118.0,118.2,0.125,0.125,0.125,0.125,0.125,0.125,0.125,0.125
119,119.0,119.2,0.125,0.125,0.125,0.125,0.125,0.125,0.125,0.125
120,120.0,120.2,0.125,0.125,0.125,0.125,0.125,0.125,0.125,0.125
121,121.0,121.2,0.125,0.125,0.125,0.125,0.125,0.125,0.125,0.125
122,122.0,122.2,0.125,0.125,0.125,0.125,0.125,0.125,0.125,0.125
123,123.0,123.2,0.125,0.125,0.125,0.125,0.125,0.125,0.125,0.125
124,124.0,124.2,0.125,0.125,0.125,0.125,0.125,0.125,0.125,0.125
125,125.0,125.2,0.125,0.125,0.125,0.125,0.125,0.125,0.125,0.125
126,126.0,126.2,0.125,0.125,0.125,0.125,0.125,0.125,0.125,0.125
127,127.0,127.2,0.125,0.125,0.125,0.125,0.125,0.125,0.125,0.125
128,128.0,128.2,0.125,0.125,0.125,0.125,0.125,0.125,0.125,0.125
129,129.0,129.2,0.125,0.125,0.125,0.125,0.125,0.125,0.125,0.125
130,130.0,130.2,0.125,0.125,0.125,0.125,0.125,0.125,0.125,0.125
131,131.0,131.2,0.125,0.125,0.125,0.125,0.125,0.125,0.125,0.125
132,132.0,132.2,0.125,0.125,0.125,0.125,0.125,0.125,0.125,0.125
133,133.0,133.2,0.125,0.125,0.125,0.125,0.125,0.125,0.125,0.125
134,134.0,134.2,0.125,0.125,0.125,0.125,0.125,0.125,0.125,0.125
135,135.0,135.2,0.125,0.125,0.125,0.125,0.125,0.125,0.125,0.125
136,136.0,136.2,0.125,0.125,0.125,0.125,0.125,0.125,0.125,0.125
137,137.0,137.2,0.125,0.125,0.125,0.125,0.125,0.125,0.125,0.125
138,138.0,138.2,0.125,0.125,0.125,0.125,0.125,0.125,0.125,0.125
139,139.0,139.2,0.125,0.125,0.125,0.125,0.125,0.125,0.125,0.125
140,140.0,140.2,0.125,0.125,0.125,0.125,0.125,0.125,0.125,0.125
141,141.0,141.2,0.125,0.125,0.125,0.125,0.125,0.125,0.125,0.125
142,142.0,142.2,0.125,0.125,0.125,0.125,0.125,0.125,0.125,0.125
143,143.0,143.2,0.125,0.125,0.125,0.125,0.125,0.125,0.125,0.125
144,144.0,144.2,0.125,0.125,0.125,0.125,0.125,0.125,0.125,0.125
145,145.0,145.2,0.125,0.125,0.125,0.125,0.125,0.125,0.125,0.125
146,146.0,146.2,0.125,0.125,0.125,0.125,0.125,0.125,0.125,0.125
147,147.0,147.2,0.125,0.125,0.125,0.125,0.125,0.125,0.125,0.125
148,148.0,148.2,0.125,0.125,0.125,0.125,0.125,0.125,0.125,0.125
149,149.0,149.2,0.125,0.125,0.125,0.125,0.125,0.125,0.125,0.125
150,150.0,150.2,0.125,0.125,0.125,0.125,0.125,0.125,0.125,0.125
151,151.0,151.2,0.125,0.125,0.125,0.125,0.125,0.125,0.125,0.125
152,152.0,152.2,0.125,0.125,0.125,0.125,0.125,0.125,0.125,0.125
153,153.0,153.2,0.125,0.125,0.125,0.125,0.125,0.125,0.125,0.125
154,154.0,154.2,0.125,0.125,0.125,0.125,0.125,0.125,0.125,0.125
155,155.0,155.2,0.125,0.125,0.125,0.125,0.125,0.125,0.125,0.125
156,156.0,156.2,0.125,0.125,0.125,0.125,0.125,0.125,0.125,0.125
157,157.0,157.2,0.125,0.125,0.125,0.125,0.125,0.125,0.125,0.125
158,158.0,158.2,0.125,0.125,0.125,0.125,0.125,0.125,0.125,0.125
159,159.0,159.2,0.125,0.125,0.125,0.125,0.125,0.125,0.125,0.125
160,160.0,160.2,0.125,0.125,0.125,0.125,0.125,0.125,0.125,0.125
161,161.0,161.2,0.125,0.125,0.125,0.125,0.125,0.125,0.125,0.125
162,162.0,162.2,0.125,0.125,0.125,0.125,0.125,0.125,0.125,0.125
163,163.0,163.2,0.125,0.125,0.125,0.125,0.125,0.125,0.125,0.125
164,164.0,164.2,0.125,0.125,0.125,0.125,0.125,0.125,0.125,0.125
165,165.0,165.2,0.125,0.125,0.125,0.125,0.125,0.125,0.125,0.125
166,166.0,166.2,0.125,0.125,0.125,0.125,0.125,0.125,0.125,0.125
167,167.0,167.2,0.125,0.125,0.125,0.125,0.125,0.125,0.125,0.125
168,168.0,168.2,0.125,0.125,0.125,0.125,0.125,0.125,0.125,0.125
169,169.0,169.2,0.125,0.125,0.125,0.125,0.125,0.125,0.125,0.125
170,170.0,170.2,0.125,0.125,0.125,0.125,0.125,0.125,0.125,0.125
171,171.0,171.2,0.125,0.125,0.125,0.125,0.125,0.125,0.125,0.125
172,172.0,172.2,0.125,0.125,0.125,0.125,0.125,0.125,0.125,0.125
173,173.0,173.2,0.125,0.125,0.125,0.125,0.125,0.125,0.125,0.125
174,174.0,174.2,0.125,0.125,0.125,0.125,0.125,0.125,0.125,0.125
175,175.0,175.2,0.125,0.125,0.125,0.125,0.125,0.125,0.125,0.125
176,176.0,176.2,0.125,0.125,0.125,0.125,0.125,0.125,0.125,0.125
177,177.0,177.2,0.125,0.125,0.125,0.125,0.125,0.125,0.125,0.125
178,178.0,178.2,0.125,0.125,0.125,0.125,0.125,0.125,0.125,0.125
179,179.0,179.2,0.125,0.125,0.125,0.125,0.125,0.125,0.125,0.125
180,180.0,180.2,0.125,0.125,0.125,0.125,0.125,0.125,0.125,0.125
181,181.0,181.2,0.125,0.125,0.125,0.125,0.125,0.125,0.125,0.125
182,182.0,182.2,0.125,0.125,0.125,0.125,0.125,0.125,0.125,0.125
183,183.0,183.2,0.125,0.125,0.125,0.125,0.125,0.125,0.125,0.125
184,184.0,184.2,0.125,0.125,0.125,0.125,0.125,0.125,0.125,0.125
185,185.0,185.2,0.125,0.125,0.125,0.125,0.125,0.125,0.125,0.125
186,186.0,186.2,0.125,0.125,0.125,0.125,0.125,0.125,0.125,0.125
187,187.0,187.2,0.125,0.125,0.125,0.125,0.125,0.125,0.125,0.125
188,188.0,188.2,0.125,0.125,0.125,0.125,0.125,0.125,0.125,0.125
189,189.0,189.3,0.125,0.125,0.125,0.125,0.125,0.125,0.125,0.125
190,190.0,190.3,0.125,0.125,0.125,0.125,0.125,0.125,0.125,0.125
191,191.0,191.3,0.125,0.125,0.125,0.125,0.125,0.125,0.125,0.125
192,192.0,192.3,0.125,0.125,0.125,0.125,0.125,0.125,0.125,0.125
193,193.0,193.3,0.125,0.125,0.125,0.125,0.125,0.125,0.125,0.125
194,194.0,194.3,0.125,0.125,0.125,0.125,0.125,0.125,0.125,0.125
195,195.0,195.3,0.125,0.125,0.125,0.125,0.125,0.125,0.125,0.125
196,196.0,196.3,0.125,0.125,0.125,0.125,0.125,0.125,0.125,0.125
197,197.0,197.3,0.125,0.125,0.125,0.125,0.125,0.125,0.125,0.125
198,198.0,198.3,0.125,0.125,0.125,0.125,0.125,0.125,0.125,0.125
199,199.0,199.3,0.125,0.125,0.125,0.125,0.125,0.125,0.125,0.125
200,200.0,200.3,0.12222222222222223,0.13333333333333336,0.12222222222222223,0.12222222222222223,0.13333333333333336,0.12222222222222223,0.12222222222222223,0.12222222222222223
201,201.0,201.3,0.1211111111111111,0.14111111111111113,0.1211111111111111,0.1211111111111111,0.1322222222222222,0.1211111111111111,0.1211111111111111,0.1211111111111111
202,202.0,202.3,0.11770202020202021,0.13588383838383838,0.11770202020202021,0.12679292929292932,0.1277020202020202,0.12881313131313132,0.1277020202020202,0.11770202020202021
203,203.0,203.3,0.1165909090909091,0.13477272727272727,0.1165909090909091,0.12568181818181817,0.13659090909090907,0.1265909090909091,0.1265909090909091,0.1165909090909091
204,204.0,204.3,0.11568181818181818,0.13386363636363635,0.11568181818181818,0.13386363636363635,0.13477272727272727,0.12568181818181817,0.12477272727272729,0.11568181818181818
205,205.0,205.3,0.1142929292929293,0.14358585858585857,0.1142929292929293,0.13247474747474747,0.13338383838383838,0.12429292929292927,0.1233838383838384,0.1142929292929293
206,206.0,206.3,0.11242424242424243,0.1490909090909091,0.11242424242424243,0.12984848484848485,0.13151515151515153,0.12242424242424241,0.1215151515151515,0.12075757575757576
207,207.0,207.3,0.11102564102564103,0.1464102564102564,0.11102564102564103,0.12705128205128205,0.12935897435897434,0.12102564102564102,0.1276923076923077,0.1264102564102564
208,208.0,208.3,0.11089677504625957,0.14628139043087493,0.11089677504625957,0.12692241607190058,0.1292301083795929,0.12089677504625958,0.12756344171292625,0.1273123182659265
209,209.0,209.3,0.11034732449680902,0.1446330387825233,0.11034732449680902,0.13296637211585663,0.12868065783014235,0.12034732449680903,0.11868065783014234,0.13399729995090817
210,210.0,210.3,0.11098224513172965,0.144315578465063,0.11098224513172965,0.14376002290950743,0.11931557846506298,0.11098224513172965,0.11931557846506298,0.14034650630011453
211,211.0,211.3,0.10945446735395188,0.14195446735395187,0.10945446735395188,0.1502878006872852,0.1240378006872852,0.10945446735395188,0.1177878006872852,0.13756872852233676
212,212.0,212.3,0.10229537644486097,0.13479537644486098,0.1106287097781943,0.15040143705092157,0.10854537644486098,0.10229537644486097,0.1606287097781943,0.13040963761324584
213,213.0,213.3,0.10229537644486097,0.13479537644486098,0.1106287097781943,0.15040143705092157,0.10854537644486098,0.10229537644486097,0.1606287097781943,0.13040963761324584
214,214.0,214.3,0.10165435080383534,0.13415435080383534,0.10934665849614303,0.156811693461178,0.10790435080383534,0.10790435080383534,0.153096658496143,0.12912758633119456
215,215.0,215.3,0.10661960613673774,0.13323725319556126,0.1078801103384184,0.15479569475400282,0.10698725319556127,0.10661960613673774,0.1490565809266537,0.13480389531632708
216,216.0,216.3,0.11104537644486097,0.13243426533374986,0.10660093200041651,0.15304032593981048,0.10618426533374985,0.10548982088930543,0.15215648755597208,0.13304852650213475
217,217.0,217.3,0.10987113402061854,0.13126002290950745,0.11126002290950746,0.14876002290950746,0.10501002290950742,0.10431557846506301,0.15014891179839635,0.13937428407789232
218,218.0,218.3,0.10987113402061854,0.13126002290950745,0.11126002290950746,0.14876002290950746,0.10501002290950742,0.10431557846506301,0.15014891179839635,0.13937428407789232
219,219.0,219.3,0.10784121949070402,0.1369224160719006,0.12034121949070402,0.144807031456516,0.1029801083795929,0.10228566393514846,0.14811899726848182,0.13670334390695216
220,220.0,220.3,0.106597324496809,0.13512907052855505,0.1121528800523646,0.1498909752904598,0.10173621338569791,0.10104176894125347,0.15104176894125348,0.1424099983636066
221,221.0,221.3,0.10570446735395186,0.13376002290950745,0.11084335624284077,0.1591766895761741,0.10084335624284076,0.10014891179839631,0.14973224513172967,0.139790950744559
222,222.0,222.3,0.10533682029512834,0.13339237585068392,0.11010806212519371,0.16358845428205643,0.10047570918401723,0.09978126473957279,0.1489969510140826,0.13832036250926488
223,223.0,223.3,0.10533682029512834,0.13339237585068392,0.11010806212519371,0.16358845428205643,0.10047570918401723,0.09978126473957279,0.1489969510140826,0.13832036250926488
224,224.0,224.3,0.10533682029512834,0.13339237585068392,0.11010806212519371,0.16358845428205643,0.10047570918401723,0.09978126473957279,0.1489969510140826,0.13832036250926488
225,225.0,225.3,0.10492015362846167,0.14255904251735058,0.09969139545852704,0.16108845428205645,0.10005904251735058,0.09936459807290612,0.14858028434741594,0.14373702917593154
226,226.0,226.3,0.10404296064600553,0.14226664485653187,0.09351664485653186,0.16667840956241423,0.09976664485653186,0.0987798027512687,0.15150426095560307,0.14344463151511283
227,227.0,227.3,0.1029266895761741,0.1409822451317297,0.09292668957617409,0.1644544673539519,0.09917668957617409,0.09792668957617409,0.15348224513172967,0.14812428407789233
228,228.0,228.3,0.10155235914224614,0.13979170751317346,0.09729170751317347,0.16613845673917965,0.09827854961843661,0.09679045438034137,0.15491075513222108,0.1452460099612281
229,229.0,229.3,0.09881490204430705,0.13831907254962172,0.09672816345871264,0.17379199398364156,0.0977150055639758,0.10178246588143613,0.14909029408171284,0.14375810243659212
230,230.0,230.3,0.09869802499895877,0.1381788200952038,0.09658791100429469,0.1736400538246888,0.09757475310955785,0.10164221342701818,0.1489967924454342,0.14468143109484366
231,231.0,231.3,0.09869802499895877,0.1381788200952038,0.09658791100429469,0.16808449826913324,0.09757475310955785,0.10164221342701818,0.1489967924454342,0.15023698665039922
232,232.0,232.3,0.09837547173522905,0.1389083623108141,0.09143510027872856,0.17509199026114536,0.09768510027872855,0.10124371271891994,0.14622493410082044,0.15103532831561395
233,233.0,233.3,0.09719263107937721,0.12779398118633742,0.09064751653987277,0.18164702778131953,0.09689751653987276,0.10434316871378582,0.1432634373184864,0.15821472084094806
234,234.0,234.3,0.09457384720542614,0.11499018525334312,0.09063611826769719,0.1890966051492367,0.09730278493436387,0.10373135636293529,0.1442325218641008,0.16543658096289673
235,235.0,235.3,0.09399110671936758,0.10533893280632409,0.0903389328063241,0.1802895256916996,0.09658893280632411,0.10288438735177866,0.14690415019762845,0.18366403162055334
236,236.0,236.3,0.09227864505485989,0.1081502806656259,0.0886264711418164,0.1845861593649317,0.09450882408299287,0.10097429722877291,0.14519168853312076,0.18568363392787943
237,237.0,237.3,0.09443735491561575,0.11415747537486662,0.08645184766923894,0.17980070895288283,0.09200740322479449,0.10417406989146119,0.1461079741514524,0.18286316581968756
238,238.0,238.3,0.09376184037168017,0.11813601691976974,0.08468937660356422,0.17956185424034393,0.09103949102004019,0.1030394910200402,0.14543245960751677,0.18433947021704458
239,239.0,239.3,0.09258726056552143,0.11529243944461334,0.08351479679740546,0.18454651869869257,0.08960175331914459,0.10144790716529846,0.14350030404378228,0.18950901996554168
240,240.0,240.3,0.09136806108545237,0.11885883279361538,0.08229559731733642,0.18737690892038714,0.08814445860098032,0.09984816230468402,0.1416400789226876,0.19046790005485653
241,241.0,241.3,0.09156911928651057,0.11876094919573177,0.08232998885172796,0.1896599777034559,0.08817885013537184,0.09591694537346708,0.14400780379041248,0.18957636566332214
242,242.0,242.3,0.09071502360707756,0.11758804863302612,0.0816425598389616,0.19728203031351454,0.0872749709061553,0.09472324676822426,0.13729473375200507,0.1934793861810353
243,243.0,243.3,0.09035072848191288,0.11689042017452811,0.08127826471379693,0.2026107523161496,0.08671304732249258,0.09416132318456154,0.1369304386268404,0.1910650251797178
244,244.0,244.3,0.0967902889214733,0.11423107951518743,0.08057496801050021,0.20351185121724852,0.08600975061919586,0.09345802648126483,0.13622714192354368,0.18919689331158593
245,245.0,245.3,0.09581861053600181,0.10857384403036574,0.08007948010121921,0.20588003220611917,0.08551426270991484,0.09308569128134343,0.13573165401426268,0.1953164251207729
246,246.0,246.3,0.09154868994074389,0.10803937317055753,0.07980955950596128,0.20894981080888128,0.08506318269436706,0.09267812522310272,0.1415331619904333,0.1923780966659527
247,247.0,247.3,0.09110041407867493,0.10759109730848859,0.0793612836438923,0.21305900621118012,0.08844824016563144,0.09178157349896479,0.13858488612836437,0.1900734989648033
248,248.0,248.3,0.09068519488926219,0.11040168457068873,0.07894606445447958,0.20980011456519168,0.08772532866852639,0.09095113512013929,0.13970812847741315,0.19178234925429874
249,249.0,249.3,0.08282453702860433,0.11087436004336419,0.07941873992715505,0.21270461746969457,0.08791310385630158,0.09113891030791448,0.14160530537459007,0.19352042599237546
250,250.0,250.3,0.0816792582971187,0.11305420446458794,0.07827346119566943,0.2191456633434435,0.08650327486026568,0.08650327486026568,0.1380881966850676,0.19675266629358135
251,251.0,251.3,0.08121720389805095,0.11213830584707643,0.07781140679660167,0.21435313593203395,0.08579491504247874,0.08579491504247874,0.13886587956021984,0.20402423788105944
252,252.0,252.3,0.08422595520421605,0.11463438735177862,0.07748682476943344,0.21481225296442688,0.08524044795783924,0.08524044795783924,0.13647233201581024,0.20188735177865613
253,253.0,253.3,0.08319881812819362,0.113575553091842,0.07769320015066553,0.214800350368491,0.08537593544122973,0.08425233993561175,0.13319881812819362,0.20790498475577257
254,254.0,254.3,0.08226542554038926,0.11225903951370604,0.07675980756286119,0.2191094015323809,0.08434173640181249,0.0832181408961945,0.13226542554038928,0.20978102301226623
255,255.0,255.3,0.08152047156962886,0.11131247263971981,0.07601485359210076,0.22186518069945035,0.08237848995573711,0.08237848995573711,0.13152047156962884,0.21300957001799697
256,256.0,256.3,0.08078109248466152,0.11022496945662838,0.07527547450713343,0.22281618231221664,0.08154998431105501,0.08154998431105501,0.13078109248466152,0.2170212201325883
257,257.0,257.3,0.08027529925828006,0.10954092311081734,0.07476968128075197,0.22373641404127192,0.0777108577513402,0.08104419108467353,0.13360863259161337,0.2193140008812514
258,258.0,258.3,0.08047317648361288,0.11096223697267338,0.07391403669866665,0.22176903455366448,0.0767711795558095,0.08322279245903531,0.13664226777604382,0.2162452755004937
259,259.0,259.3,0.0829192773600668,0.10991123642439429,0.07333594402673346,0.22389149958228902,0.07619308688387631,0.08244308688387632,0.1393776106934001,0.21192825814536337
260,260.0,260.3,0.0851511752827542,0.10774383787541678,0.07272693285851177,0.22216560229718127,0.07661582174740066,0.08682847459163245,0.13638456177929856,0.2123835935678041
261,261.0,261.3,0.08494087388824229,0.10719898127792864,0.07251663146399986,0.22346652872968664,0.07633044527781366,0.08917467706941387,0.1361742603847867,0.2101976019081282
262,262.0,262.3,0.08480227374964214,0.1069254283727968,0.07237803132539972,0.22202265570686622,0.07612072138387924,0.0877863656811025,0.13603566024618657,0.21392886353412668
263,263.0,263.3,0.0843098568098568,0.10628038628038625,0.07184898434898433,0.22667499167499164,0.075511988011988,0.08687479187479186,0.1350291375291375,0.21346986346986346
264,264.0,264.3,0.08900180943128981,0.08859456379604841,0.07408086081468902,0.22369536172558444,0.07875477385816729,0.08899353474379984,0.13730879230349005,0.2195703033269311
265,265.0,265.3,0.08872515761186099,0.08798608485665921,0.07376914588165571,0.22470597852187152,0.07835870790630821,0.08857445989625375,0.13704382818859606,0.22083663713679447
266,266.0,266.3,0.09298303629125729,0.08716551191373484,0.07323080270923646,0.2229234894289926,0.07773941466465692,0.08769601752081445,0.13607505065986736,0.22218667681143991
267,267.0,267.3,0.08320334398363773,0.08639085822378353,0.0727248750841162,0.2303294838576356,0.08053393261165598,0.08687661277930554,0.13518101543499336,0.2247598780248719
268,268.0,268.3,0.08261449173228745,0.08571058154854916,0.07230075655442185,0.23289549948422547,0.08007691934511954,0.08621532565288882,0.1344054996374258,0.22578092604508176
269,269.0,269.3,0.08215100959034223,0.08517307810154118,0.07201843383276647,0.23232967950485645,0.0774690152281153,0.08787744737567789,0.13792752474185738,0.22505381162484298
270,270.0,270.3,0.08200139694820544,0.0847794433698689,0.07186882119062968,0.23667647216849347,0.08531579088759936,0.08758247367289917,0.13777791209972057,0.21399768966258326
271,271.0,271.3,0.08076734738691259,0.0834784804567413,0.0708014382960035,0.23798984409310497,0.09177366051822572,0.08620926657883178,0.1362105292050944,0.2127694334650856
272,272.0,272.3,0.0814067590981328,0.08309131124811049,0.06951136282773654,0.239817006343949,0.09147694253788145,0.08575870244464137,0.13550058194195563,0.21343733355759253
273,273.0,273.3,0.08107560534422233,0.08290260763665017,0.0693226592162762,0.23860703667884517,0.09124198545741095,0.08538129522172072,0.1348845279031449,0.21658428254172932
274,274.0,274.3,0.08103127910308758,0.07973328139551542,0.06927833297514145,0.2418871785228168,0.09115333297514146,0.08529264273945122,0.13484020166201013,0.2167837506268357
275,275.0,275.3,0.08143927058250766,0.08023103100040789,0.06981859958683666,0.25227301510546185,0.07498441591336727,0.0855730831984631,0.13498364287687994,0.22069694173607543
276,276.0,276.3,0.08106700626959248,0.07980812434691745,0.06956948798328108,0.2508245820271683,0.07469448798328107,0.0870783699059561,0.1378133490073145,0.21914459247648904
277,277.0,277.3,0.08075538851904399,0.07948389810469643,0.06937281276146821,0.2484956573538506,0.0744585970751937,0.08672753646913309,0.1371569036705591,0.22354920604605474
278,278.0,278.3,0.08066127912353031,0.0804386963985454,0.06834456358100831,0.2465967053993821,0.07345912986578737,0.08784368925515115,0.13563205760151537,0.22702387877507987
279,279.0,279.3,0.08129679808187605,0.07995432927617194,0.0680282574120196,0.24899899677303433,0.07307294460169189,0.08719985613185419,0.13494612025093505,0.22650269747241678
280,280.0,280.3,0.08092234023837794,0.07952373883977655,0.06775946145049916,0.2483057626335928,0.07277125390332935,0.08665528653736197,0.13736173417777192,0.22670042221929015
281,281.0,281.3,0.08085111516715288,0.07941622929830475,0.0676882363792741,0.24837161222774432,0.07266508823112594,0.08647655192466511,0.13729050910654686,0.22724065766518597
282,282.0,282.3,0.07974083786583784,0.07931267806267803,0.06761962574462572,0.2502526871276871,0.07256280756280754,0.08630439005439003,0.1402522015022015,0.22395477207977205
283,283.0,283.3,0.08240133918061218,0.07897860602216869,0.06742807714852661,0.25082778094084973,0.0723387914342409,0.08583478073905373,0.13952589354781358,0.2226647309867343
284,284.0,284.3,0.08230260272636432,0.07874258023251827,0.06732934069427875,0.2515527948287236,0.07220872665919104,0.08563978089906879,0.13942715709356573,0.2227970168662893
285,285.0,285.3,0.0814497805804387,0.07775741966478059,0.07480985188168647,0.24988427094150642,0.07132565647938763,0.08469405407766138,0.13857433494764015,0.22150463142689839
286,286.0,286.3,0.07891404957092277,0.0779288376329774,0.07491341705985383,0.24897023879497687,0.07139999898075777,0.08509890735389568,0.13916665867908218,0.22360789192753322
287,287.0,287.3,0.07882524998575295,0.07771683040860436,0.07482461747468401,0.25965361731726155,0.07128295080801736,0.08492341382756087,0.13907785909391235,0.21369546108420634
288,288.0,288.3,0.07873943095993295,0.07751201869358036,0.07473879844886401,0.26028573146740774,0.07116980937782576,0.08475377522222803,0.13899204006809235,0.2138083957620686
289,289.0,289.3,0.07865644484227555,0.07731404214115976,0.07465581233120659,0.2625089229710832,0.07106038222367972,0.08458970325933882,0.13596787747984673,0.21524681475140942
290,290.0,290.3,0.07860259461620006,0.0771754461523724,0.07460196210513112,0.26246474929651037,0.07098093035909937,0.08451025139475847,0.13591402725377125,0.2157500388221567
291,291.0,291.3,0.07790944498350125,0.07640032930655885,0.07326778683140667,0.25985689835874143,0.07026297913909899,0.08379230017475807,0.13522087762107243,0.22328938358486217
292,292.0,292.3,0.07788300394701263,0.07629456516060433,0.07324134579491803,0.2604386011614913,0.07023653810261035,0.08376585913826945,0.1351944365845838,0.22294565011050996
293,293.0,293.3,0.07489218737638106,0.0761681201450464,0.0731917056948747,0.26321713095535304,0.07016285954102855,0.08369218057668763,0.13514479648454047,0.22353101922608792
294,294.0,294.3,0.0741249185402411,0.0754584438858632,0.07195901992272957,0.2607724421635712,0.06945631429502394,0.08276468603081504,0.13689853605176186,0.22856563910999395
295,295.0,295.3,0.0741249185402411,0.0754584438858632,0.07195901992272957,0.2607724421635712,0.06945631429502394,0.08276468603081504,0.13689853605176186,0.22856563910999395
296,296.0,296.3,0.0741249185402411,0.0754584438858632,0.07195901992272957,0.2607724421635712,0.06945631429502394,0.08276468603081504,0.13689853605176186,0.22856563910999395
297,297.0,297.3,0.07412874537501105,0.07559279710710878,0.07196284675749952,0.2613227461287153,0.06943752692807523,0.08269469538685659,0.1369023628865318,0.2279582794302016
298,298.0,298.3,0.07357936319689164,0.07493929023222187,0.07093727410318965,0.26664088619318693,0.0688661956718171,0.08207376095599528,0.13635298070841237,0.226610248938285
299,299.0,299.3,0.07222738185507871,0.07457245842115731,0.07023245588194407,0.26388908486812906,0.06862322060596505,0.0796107231514635,0.13885548264927422,0.23198919256698786
300,300.0,300.3,0.07172613517290435,0.0740255052990996,0.0693523639326595,0.26192993084459176,0.06910910873584394,0.07904215248892167,0.1383766323836732,0.23643817114230575
301,301.0,301.3,0.07165859865953801,0.0738609498221098,0.06928482741929318,0.26231662298219044,0.06902145149813153,0.0789092668477719,0.13830909587030688,0.23663918690065805
302,302.0,302.3,0.0712858137342399,0.0733941004340576,0.07414080066392971,0.25874907000424463,0.06864866657283343,0.08003104530465789,0.13793631094500874,0.23581419234102788
303,303.0,303.3,0.07126250371092988,0.07330086034081751,0.07411749064061969,0.2592618905170651,0.06862535654952341,0.07998442525803785,0.13791300092169873,0.2355344720613076
304,304.0,304.3,0.07090661716008076,0.07285581831183707,0.07317680876813312,0.258325131391694,0.06824990818333782,0.07954373694418301,0.1375571143708496,0.23938486486988442
305,305.0,305.3,0.0697083134008661,0.07163694179472015,0.07255009527490602,0.26337432452279264,0.06822103355742186,0.07937972704884369,0.13631353613512112,0.2388160282653283
306,306.0,306.3,0.06945170650042357,0.07614223965618237,0.07181729789827303,0.2627787778998488,0.06794591499463207,0.07910460848605388,0.13605692923467858,0.23670252532990754
307,307.0,307.3,0.06931159846589105,0.07589461100903608,0.07165431180380001,0.26300588221920024,0.06771915476225998,0.078872322663063,0.13593969926008656,0.2376024198166629
308,308.0,308.3,0.06925322994814845,0.07575400996570517,0.0715959432860574,0.2634057720233186,0.06764324238486824,0.08014391560745705,0.13588133074234393,0.236322556042101
309,309.0,309.3,0.069196459233483,0.07455348547543098,0.07153917257139193,0.2623873488848066,0.06863321328245392,0.07999125054745322,0.13582456002767848,0.23787450997730178
310,310.0,310.3,0.06906283406829952,0.0743309507807612,0.07138315098963513,0.2626082632962182,0.06840455064261372,0.07975313771642582,0.1357133312790684,0.2387437812269777
311,311.0,311.3,0.06895133952274618,0.07418997966057986,0.07229139328618703,0.2637369686083447,0.06820007321385432,0.07955891477430878,0.13562376655807645,0.23744756437590242
312,312.0,312.3,0.06901039412550297,0.07413624380025813,0.07223419778065307,0.2667790084884414,0.06808409959704974,0.07962138732003164,0.13326732403414748,0.23686734485391542
313,313.0,313.3,0.06873571323769398,0.07391753299445913,0.07201199149093074,0.26854870364167793,0.06780438252141702,0.08204123232642105,0.13259351442268408,0.2343469293647157
314,314.0,314.3,0.06847268912571822,0.07370647863370125,0.07179741099882717,0.2716773075250652,0.06753351771054364,0.08154285067148952,0.13195427922021152,0.2333154661144433
315,315.0,315.3,0.06829119604090453,0.07358341060731263,0.07169099298908857,0.2713642126924288,0.06741240678279152,0.08114656446856211,0.13410011346272516,0.23241110295618647
316,316.0,316.3,0.06806201296228774,0.07339902177668797,0.07150263063550302,0.27276673906630755,0.06718364038880195,0.08071634737745229,0.13346438987230472,0.23290521792065455
317,317.0,317.3,0.0679112374109459,0.07329989982380185,0.07141933146742704,0.27293568626390236,0.06710034122072596,0.08038315070514836,0.13290875602136773,0.23404159708668065
318,318.0,318.3,0.06779293963702565,0.07334932013426634,0.07136513625760935,0.27421963361210666,0.06703180292427603,0.07911569095977697,0.13240584286283208,0.23471963361210668
319,319.0,319.3,0.06757262017846687,0.07316501958925206,0.07117608943850964,0.27586275425174234,0.06678914654253938,0.07871424756112724,0.13183947172593474,0.2348806507124276
320,320.0,320.3,0.06737484829805522,0.07539656524604607,0.07100726900827478,0.2747793439187835,0.06656781880959069,0.07838665177157168,0.1313126814958505,0.2351748214518274
321,321.0,321.3,0.06723062019218398,0.07519197496713657,0.07091841188800709,0.27782825486642604,0.06646559627900486,0.07809819555982916,0.13083622747635795,0.23343071877105417
322,322.0,322.3,0.06712690600206077,0.07510331648312599,0.07086755182050544,0.278796234034606,0.06640167456051055,0.07792087859180802,0.13268811582323264,0.2310953226841504
323,323.0,323.3,0.06504078423851965,0.07461906954726616,0.07143739416454134,0.27901254102510653,0.06697151690454643,0.07957990057341062,0.13248170932650355,0.23085708422010548
324,324.0,324.3,0.06506090496286572,0.07469955244465046,0.07145751488888741,0.2795502772463556,0.06601124547202974,0.07962014202210277,0.13250183005084962,0.2310985329122584
325,325.0,325.3,0.06486248158173427,0.0743678836351692,0.07127884557513499,0.28207178798200006,0.0658040210469124,0.07925981244079947,0.1319842791594204,0.230370888578829
326,326.0,326.3,0.06441322692038472,0.06918490011447617,0.07099028855063781,0.2811036275088402,0.06646205816033848,0.08069676010910373,0.13293932257413993,0.23420981606207883
327,327.0,327.3,0.06374738386682922,0.0685407708173328,0.07004067391011927,0.27765598987825846,0.06589565226509761,0.08205581963976549,0.1335688124382578,0.2384948971843392
328,328.0,328.3,0.06327217019651904,0.06813317486934037,0.06929335603217264,0.2817718354068833,0.06553082317340139,0.0814076618046555,0.1345714312802629,0.23601954723676472
329,329.0,329.3,0.06294476673093546,0.06787819692568972,0.06912341210212744,0.28191094393677335,0.06534839484884931,0.08082528039542128,0.13532571911188787,0.23664328594831546
330,330.0,330.3,0.06265092600833598,0.06871374151201169,0.068977914587779,0.2828115660446189,0.06519068732229086,0.08128680187001831,0.13603648668421925,0.23433187597072586
331,331.0,331.3,0.06235941974007462,0.06850798598925062,0.06876026059323294,0.2823874532033184,0.0649251498467194,0.08081940800271246,0.1369726272872444,0.23526769533744712
332,332.0,332.3,0.06188405438529343,0.06803419331360387,0.06805648905384354,0.284829343272293,0.06457200944337488,0.08203671647456091,0.1373591157649053,0.23322807829212486
333,333.0,333.3,0.06167329017360114,0.06790496929260419,0.06755009889946646,0.2857140680461565,0.06438751359236088,0.0793830061855149,0.13688439981867304,0.2365026539916227
334,334.0,334.3,0.061181700639165025,0.06741593177514851,0.07069593157196515,0.28386913080386506,0.06583521182229052,0.07859512040820496,0.13722597128341285,0.23518100169594763
335,335.0,335.3,0.06072976256230188,0.06983528896691692,0.06990965674219607,0.2854011377633995,0.06539576785330717,0.07789976788837598,0.1365498683824077,0.23427874984109448
336,336.0,336.3,0.06052728546555401,0.06963281187016905,0.06928487004882666,0.2846206638148323,0.06512308879208654,0.07767805722674762,0.13728181194485112,0.23585141083693242
337,337.0,337.3,0.06045838380878028,0.06956391021339532,0.069190947541344,0.28593101132898735,0.0649852854785391,0.07573844376276614,0.13722125057164702,0.23691076729454047
338,338.0,338.3,0.060200253821586246,0.06923844015886123,0.06857245943517117,0.2859714732196376,0.0646595182808507,0.07536080651320773,0.13670195032328275,0.23929509824740233
339,339.0,339.3,0.05995396891150825,0.06892722018384816,0.07132301653055585,0.2868090898331163,0.0643468260543654,0.07499897423758232,0.13620396891150827,0.23743693533751528
340,340.0,340.3,0.05966737138656179,0.0685779660172977,0.07112340823384222,0.28857484417486895,0.06495933863638412,0.07452122429012102,0.13392861446475873,0.23864723279616523
341,341.0,341.3,0.05940668452956495,0.06827078869478617,0.07094475617652951,0.2870804506951145,0.06470191784337412,0.07682196814304662,0.13178205445484417,0.2409913794627398
342,342.0,342.3,0.05912907333715226,0.06792072654653818,0.07074460812105379,0.28617710721319745,0.06442488991532205,0.07625527846733128,0.13404006119737025,0.24130825520203453
343,343.0,343.3,0.05894203406486043,0.06766351020854422,0.07015570990945084,0.2879691004963135,0.06422851531816089,0.07593311843577563,0.1335987846369428,0.24150922692995147
344,344.0,344.3,0.0587845583788531,0.06749266911221881,0.07006571060670938,0.2878539608490336,0.06508173945864286,0.07559143624312478,0.1344534546999233,0.2406764706514939
345,345.0,345.3,0.05863430687368944,0.06732935595606244,0.0699795616656483,0.2886868890355727,0.06497762106565005,0.07526480993081207,0.13526474165629812,0.2398627138162667
346,346.0,346.3,0.05849077073626881,0.06717305168789615,0.06989700113798376,0.28950647657326994,0.06487742696366001,0.07495220139447954,0.13436917299855228,0.2407338985078892
347,347.0,347.3,0.058298844001109316,0.06691399574948666,0.0697904688164874,0.291678995078251,0.06472626521113921,0.07451605673077524,0.13482974716779297,0.23924562724495804
348,348.0,348.3,0.058167397284426846,0.06677033902059416,0.06971439308540846,0.29247237277263144,0.06463320001352954,0.07422874327299026,0.13552886523516366,0.2384846893152554
349,349.0,349.3,0.058053348755614076,0.06665629049178139,0.06965319867921725,0.29285874125799716,0.06455532504019905,0.07400064621536472,0.13620762854567434,0.2380148210141518
350,350.0,350.3,0.05789945658162672,0.06644951624481676,0.06957625259222358,0.29356578085451324,0.06445193791671674,0.07366642083090136,0.13659978383735366,0.23779085114184775
351,351.0,351.3,0.05779308472542096,0.06540280355198316,0.06956667484846114,0.29265825301740683,0.0635777043773175,0.07335841973527202,0.1370056087892036,0.24063745095493455
352,352.0,352.3,0.05749342638476549,0.06504948209725454,0.0689119624624713,0.29408017705022005,0.06328758571735763,0.07285749909959177,0.1387714675503529,0.23954839963798608
353,353.0,353.3,0.05743700917811891,0.06494498796753105,0.0688795837173632,0.2943161709874755,0.06321448794357178,0.07272062622476017,0.14003716572832176,0.2384499682528575
354,354.0,354.3,0.05742881916992891,0.06493679795934106,0.0688713937091732,0.2958828402960803,0.06318991791900175,0.07270424620838016,0.14002897572013173,0.23695700901796277
355,355.0,355.3,0.05746352278690775,0.06404387728233826,0.06933263315591368,0.2943581689974728,0.06320853401989307,0.07262665890747438,0.14134573061916184,0.23762087423083797
