,Unnamed: 0,Total_iterations,Intertwine_two,Invert_path_vertices,Insert_inside_vertex,Delete_inside_vertex,Replace_inside_vertex,Donate_between_routes,MSC_add_terminal,MSC_del_terminal
0,0.0,0.0,0.125,0.125,0.125,0.125,0.125,0.125,0.125,0.125
1,1.0,0.10900000000000001,0.125,0.125,0.125,0.125,0.125,0.125,0.125,0.125
2,2.0,0.31601,0.125,0.125,0.125,0.125,0.125,0.125,0.125,0.125
3,3.0,0.6191589000000001,0.125,0.125,0.125,0.125,0.125,0.125,0.125,0.125
4,4.0,1.015801321,0.125,0.125,0.125,0.125,0.125,0.125,0.125,0.125
5,5.0,1.50262148669,0.125,0.125,0.125,0.125,0.125,0.125,0.125,0.125
6,6.0,2.0757334209441005,0.125,0.125,0.125,0.125,0.125,0.125,0.125,0.125
7,7.0,2.7307768275633495,0.125,0.125,0.125,0.125,0.125,0.125,0.125,0.125
8,8.0,3.4630081252450404,0.125,0.125,0.125,0.125,0.125,0.125,0.125,0.125
9,9.0,4.2673862119061114,0.125,0.125,0.125,0.125,0.125,0.125,0.125,0.125
10,10.0,5.138652627782014,0.125,0.125,0.125,0.125,0.125,0.125,0.125,0.125
11,11.0,6.071405875792507,0.125,0.125,0.125,0.125,0.125,0.125,0.125,0.125
12,12.0,7.060169740244025,0.125,0.125,0.125,0.125,0.125,0.125,0.125,0.125
13,13.0,8.099455520847952,0.125,0.125,0.125,0.125,0.125,0.125,0.125,0.125
14,14.0,9.183818168183006,0.125,0.125,0.125,0.125,0.125,0.125,0.125,0.125
15,15.0,10.307906369102724,0.125,0.125,0.125,0.125,0.125,0.125,0.125,0.125
16,16.0,11.466506686239443,0.125,0.125,0.125,0.125,0.125,0.125,0.125,0.125
17,17.0,12.654581904800096,0.125,0.125,0.125,0.125,0.125,0.125,0.125,0.125
18,18.0,13.867303782456686,0.125,0.125,0.125,0.125,0.125,0.125,0.125,0.125
19,19.0,15.100080434523047,0.125,0.125,0.125,0.125,0.125,0.125,0.125,0.125
20,20.0,16.348578617037543,0.125,0.125,0.125,0.125,0.125,0.125,0.125,0.125
21,21.0,17.608741195130214,0.125,0.125,0.125,0.125,0.125,0.125,0.125,0.125
22,22.0,18.876800103462312,0.125,0.125,0.125,0.125,0.125,0.125,0.125,0.125
23,23.0,20.14928511992658,0.125,0.125,0.125,0.125,0.125,0.125,0.125,0.125
24,24.0,21.423028783545156,0.125,0.125,0.125,0.125,0.125,0.125,0.125,0.125
25,25.0,22.695167792966423,0.125,0.125,0.125,0.125,0.125,0.125,0.125,0.125
26,26.0,23.963141223515898,0.125,0.125,0.125,0.125,0.125,0.125,0.125,0.125
27,27.0,25.224685898775267,0.125,0.125,0.125,0.125,0.125,0.125,0.125,0.125
28,28.0,26.477829247520948,0.125,0.125,0.125,0.125,0.125,0.125,0.125,0.125
29,29.0,27.720879968916847,0.125,0.125,0.125,0.125,0.125,0.125,0.125,0.125
30,30.0,28.95241681848399,0.125,0.125,0.125,0.125,0.125,0.125,0.125,0.125
31,31.0,30.17127581490958,0.125,0.125,0.125,0.125,0.125,0.125,0.125,0.125
32,32.0,31.376536153543515,0.125,0.125,0.125,0.125,0.125,0.125,0.125,0.125
33,33.0,32.567505096778625,0.125,0.125,0.125,0.125,0.125,0.125,0.125,0.125
34,34.0,33.74370209472243,0.125,0.125,0.125,0.125,0.125,0.125,0.125,0.125
35,35.0,34.90484237192463,0.125,0.125,0.125,0.125,0.125,0.125,0.125,0.125
36,36.0,36.05082019768737,0.125,0.125,0.125,0.125,0.125,0.125,0.125,0.125
37,37.0,37.18169203889697,0.125,0.125,0.125,0.125,0.125,0.125,0.125,0.125
38,38.0,38.29765977559663,0.125,0.125,0.125,0.125,0.125,0.125,0.125,0.125
39,39.0,39.399054140870355,0.125,0.125,0.125,0.125,0.125,0.125,0.125,0.125
40,40.0,40.48631852820801,0.125,0.125,0.125,0.125,0.125,0.125,0.125,0.125
41,41.0,41.55999329152982,0.125,0.125,0.125,0.125,0.125,0.125,0.125,0.125
42,42.0,42.62070064560415,0.125,0.125,0.125,0.125,0.125,0.125,0.125,0.125
43,43.0,43.669130257815,0.125,0.125,0.125,0.125,0.125,0.125,0.125,0.125
44,44.0,44.70602560622662,0.125,0.125,0.125,0.125,0.125,0.125,0.125,0.125
45,45.0,45.73217116373481,0.125,0.125,0.125,0.125,0.125,0.125,0.125,0.125
46,46.0,46.748380453854836,0.125,0.125,0.125,0.125,0.125,0.125,0.125,0.125
47,47.0,47.755485010424316,0.125,0.125,0.125,0.125,0.125,0.125,0.125,0.125
48,48.0,48.7543242612326,0.125,0.125,0.125,0.125,0.125,0.125,0.125,0.125
49,49.0,49.745736344347726,0.125,0.125,0.125,0.125,0.125,0.125,0.125,0.125
50,50.0,50.730549855707864,0.125,0.125,0.125,0.125,0.125,0.125,0.125,0.125
51,51.0,51.70957651737491,0.125,0.125,0.125,0.125,0.125,0.125,0.125,0.125
52,52.0,52.68360474770151,0.125,0.125,0.125,0.125,0.125,0.125,0.125,0.125
53,53.0,53.65339410751842,0.125,0.125,0.125,0.125,0.125,0.125,0.125,0.125
54,54.0,54.61967059027847,0.125,0.125,0.125,0.125,0.125,0.125,0.125,0.125
55,55.0,55.58312271885972,0.125,0.125,0.125,0.125,0.125,0.125,0.125,0.125
56,56.0,56.544398407394254,0.125,0.125,0.125,0.125,0.125,0.125,0.125,0.125
57,57.0,57.504102543001395,0.125,0.125,0.125,0.125,0.125,0.125,0.125,0.125
58,58.0,58.462795239617805,0.125,0.125,0.125,0.125,0.125,0.125,0.125,0.125
59,59.0,59.42099071417639,0.125,0.125,0.125,0.125,0.125,0.125,0.125,0.125
60,60.0,60.379156734137354,0.125,0.125,0.125,0.125,0.125,0.125,0.125,0.125
61,61.0,61.337714584760846,0.125,0.125,0.125,0.125,0.125,0.125,0.125,0.125
62,62.0,62.29703950447439,0.125,0.125,0.125,0.125,0.125,0.125,0.125,0.125
63,63.0,63.257461537171835,0.125,0.125,0.125,0.125,0.125,0.125,0.125,0.125
64,64.0,64.21926675122782,0.125,0.125,0.125,0.125,0.125,0.125,0.125,0.125
65,65.0,65.18269877636592,0.125,0.125,0.125,0.125,0.125,0.125,0.125,0.125
66,66.0,66.14796061122655,0.125,0.125,0.125,0.125,0.125,0.125,0.125,0.125
67,67.0,67.11521665648885,0.125,0.125,0.125,0.125,0.125,0.125,0.125,0.125
68,68.0,68.08459493066005,0.125,0.125,0.125,0.125,0.125,0.125,0.125,0.125
69,69.0,69.05618942810752,0.125,0.125,0.125,0.125,0.125,0.125,0.125,0.125
70,70.0,70.03006258152917,0.125,0.125,0.125,0.125,0.125,0.125,0.125,0.125
71,71.0,71.00624779379335,0.125,0.125,0.125,0.125,0.125,0.125,0.125,0.125
72,72.0,71.98475200689319,0.125,0.125,0.125,0.125,0.125,0.125,0.125,0.125
73,73.0,72.96555827861411,0.125,0.125,0.125,0.125,0.125,0.125,0.125,0.125
74,74.0,73.94862834037681,0.125,0.125,0.125,0.125,0.125,0.125,0.125,0.125
75,75.0,74.93390511255946,0.125,0.125,0.125,0.125,0.125,0.125,0.125,0.125
76,76.0,75.92131515639825,0.125,0.125,0.125,0.125,0.125,0.125,0.125,0.125
77,77.0,76.91077104428919,0.125,0.125,0.125,0.125,0.125,0.125,0.125,0.125
78,78.0,77.90217363294813,0.125,0.125,0.125,0.125,0.125,0.125,0.125,0.125
79,79.0,78.89541422641172,0.125,0.125,0.125,0.125,0.125,0.125,0.125,0.125
80,80.0,79.89037661826481,0.125,0.125,0.125,0.125,0.125,0.125,0.125,0.125
81,81.0,80.88693900474995,0.125,0.125,0.125,0.125,0.125,0.125,0.125,0.125
82,82.0,81.88497576253909,0.125,0.125,0.125,0.125,0.125,0.125,0.125,0.125
83,83.0,82.88435908692391,0.125,0.125,0.125,0.125,0.125,0.125,0.125,0.125
84,84.0,83.88496048800103,0.125,0.125,0.125,0.125,0.125,0.125,0.125,0.125
85,85.0,84.88665214409042,0.125,0.125,0.125,0.125,0.125,0.125,0.125,0.125
86,86.0,85.88930811312994,0.125,0.125,0.125,0.125,0.125,0.125,0.125,0.125
87,87.0,86.89280540413424,0.125,0.125,0.125,0.125,0.125,0.125,0.125,0.125
88,88.0,87.89702491199675,0.125,0.125,0.125,0.125,0.125,0.125,0.125,0.125
89,89.0,88.90185221995306,0.125,0.125,0.125,0.125,0.125,0.125,0.125,0.125
90,90.0,89.90717827491419,0.125,0.125,0.125,0.125,0.125,0.125,0.125,0.125
91,91.0,90.91289994163006,0.125,0.125,0.125,0.125,0.125,0.125,0.125,0.125
92,92.0,91.91892044225806,0.125,0.125,0.125,0.125,0.125,0.125,0.125,0.125
93,93.0,92.92514968840067,0.125,0.125,0.125,0.125,0.125,0.125,0.125,0.125
94,94.0,93.93150451304501,0.125,0.125,0.125,0.125,0.125,0.125,0.125,0.125
95,95.0,94.93790881009448,0.125,0.125,0.125,0.125,0.125,0.125,0.125,0.125
96,96.0,95.95429358933805,0.125,0.125,0.125,0.125,0.125,0.125,0.125,0.125
97,97.0,96.97049695476389,0.125,0.125,0.125,0.125,0.125,0.125,0.125,0.125
98,98.0,97.98637501409951,0.125,0.125,0.125,0.125,0.125,0.125,0.125,0.125
99,99.0,99.01180151736057,0.125,0.125,0.125,0.125,0.125,0.125,0.125,0.125
100,100.0,100.03656735512192,0.125,0.125,0.125,0.125,0.125,0.125,0.125,0.125
101,101.0,101.06049093555592,0.125,0.125,0.125,0.125,0.125,0.125,0.125,0.125
102,102.0,102.08341724859095,0.125,0.125,0.125,0.125,0.125,0.125,0.125,0.125
103,103.0,103.10521675783656,0.125,0.125,0.125,0.125,0.125,0.125,0.125,0.125
104,104.0,104.12578414857926,0.125,0.125,0.125,0.125,0.125,0.125,0.125,0.125
105,105.0,105.14503695876188,0.125,0.125,0.125,0.125,0.125,0.125,0.125,0.125
106,106.0,106.16291411833863,0.125,0.125,0.125,0.125,0.125,0.125,0.125,0.125
107,107.0,107.17937442077432,0.125,0.125,0.125,0.125,0.125,0.125,0.125,0.125
108,108.0,108.19439494875871,0.125,0.125,0.125,0.125,0.125,0.125,0.125,0.125
109,109.0,109.20796947445707,0.125,0.125,0.125,0.125,0.125,0.125,0.125,0.125
110,110.0,110.22010685284101,0.125,0.125,0.125,0.125,0.125,0.125,0.125,0.125
111,111.0,111.23082942485816,0.125,0.125,0.125,0.125,0.125,0.125,0.125,0.125
112,112.0,112.240171445425,0.125,0.125,0.125,0.125,0.125,0.125,0.125,0.125
113,113.0,113.24817754948091,0.125,0.125,0.125,0.125,0.125,0.125,0.125,0.125
114,114.0,114.25490126763643,0.125,0.125,0.125,0.125,0.125,0.125,0.125,0.125
115,115.0,115.26040360130003,0.125,0.125,0.125,0.125,0.125,0.125,0.125,0.125
116,116.0,116.26475166558427,0.125,0.125,0.125,0.125,0.125,0.125,0.125,0.125
117,117.0,117.26801740678424,0.125,0.125,0.125,0.125,0.125,0.125,0.125,0.125
118,118.0,118.27027639979636,0.125,0.125,0.125,0.125,0.125,0.125,0.125,0.125
119,119.0,119.27160672950932,0.125,0.125,0.125,0.125,0.125,0.125,0.125,0.125
120,120.0,120.27208795895588,0.125,0.125,0.125,0.125,0.125,0.125,0.125,0.125
121,121.0,121.27180018586824,0.125,0.125,0.125,0.125,0.125,0.125,0.125,0.125
122,122.0,122.27082318823068,0.125,0.125,0.125,0.125,0.125,0.125,0.125,0.125
123,123.0,123.26923565847457,0.125,0.125,0.125,0.125,0.125,0.125,0.125,0.125
124,124.0,124.26711452510932,0.125,0.125,0.125,0.125,0.125,0.125,0.125,0.125
125,125.0,125.2645343598295,0.125,0.125,0.125,0.125,0.125,0.125,0.125,0.125
126,126.0,126.26156686747936,0.125,0.125,0.125,0.125,0.125,0.125,0.125,0.125
127,127.0,127.25828045568944,0.125,0.125,0.125,0.125,0.125,0.125,0.125,0.125
128,128.0,128.2547398805216,0.125,0.125,0.125,0.125,0.125,0.125,0.125,0.125
129,129.0,129.25100596406534,0.125,0.125,0.125,0.125,0.125,0.125,0.125,0.125
130,130.0,130.24713537961406,0.125,0.125,0.125,0.125,0.125,0.125,0.125,0.125
131,131.0,131.24318049981179,0.125,0.125,0.125,0.125,0.125,0.125,0.125,0.125
132,132.0,132.23918930299163,0.125,0.125,0.125,0.125,0.125,0.125,0.125,0.125
133,133.0,133.23520533282357,0.125,0.125,0.125,0.125,0.125,0.125,0.125,0.125
134,134.0,134.23126770634406,0.125,0.125,0.125,0.125,0.125,0.125,0.125,0.125
135,135.0,135.22741116544907,0.125,0.125,0.125,0.125,0.125,0.125,0.125,0.125
136,136.0,136.2236661669891,0.125,0.125,0.125,0.125,0.125,0.125,0.125,0.125
137,137.0,137.2200590067052,0.125,0.125,0.125,0.125,0.125,0.125,0.125,0.125
138,138.0,138.21661197238268,0.125,0.125,0.125,0.125,0.125,0.125,0.125,0.125
139,139.0,139.21334352176856,0.125,0.125,0.125,0.125,0.125,0.125,0.125,0.125
140,140.0,140.21026848099817,0.125,0.125,0.125,0.125,0.125,0.125,0.125,0.125
141,141.0,141.20739825949482,0.125,0.125,0.125,0.125,0.125,0.125,0.125,0.125
142,142.0,142.20474107754688,0.125,0.125,0.125,0.125,0.125,0.125,0.125,0.125
143,143.0,143.20230220301826,0.125,0.125,0.125,0.125,0.125,0.125,0.125,0.125
144,144.0,144.20008419391232,0.125,0.125,0.125,0.125,0.125,0.125,0.125,0.125
145,145.0,145.19808714377785,0.125,0.125,0.125,0.125,0.125,0.125,0.125,0.125
146,146.0,146.19630892721904,0.125,0.125,0.125,0.125,0.125,0.125,0.125,0.125
147,147.0,147.19474544304393,0.125,0.125,0.125,0.125,0.125,0.125,0.125,0.125
148,148.0,148.19339085285588,0.125,0.125,0.125,0.125,0.125,0.125,0.125,0.125
149,149.0,149.19223781315807,0.125,0.125,0.125,0.125,0.125,0.125,0.125,0.125
150,150.0,150.1912776992985,0.125,0.125,0.125,0.125,0.125,0.125,0.125,0.125
151,151.0,151.19050081983187,0.125,0.125,0.125,0.125,0.125,0.125,0.125,0.125
152,152.0,152.1898966201136,0.125,0.125,0.125,0.125,0.125,0.125,0.125,0.125
153,153.0,153.189453874166,0.125,0.125,0.125,0.125,0.125,0.125,0.125,0.125
154,154.0,154.18916086407148,0.125,0.125,0.125,0.125,0.125,0.125,0.125,0.125
155,155.0,155.18900554634575,0.125,0.125,0.125,0.125,0.125,0.125,0.125,0.125
156,156.0,156.18897570492913,0.125,0.125,0.125,0.125,0.125,0.125,0.125,0.125
157,157.0,157.18905909060487,0.125,0.125,0.125,0.125,0.125,0.125,0.125,0.125
158,158.0,158.18924354680698,0.125,0.125,0.125,0.125,0.125,0.125,0.125,0.125
159,159.0,159.1895171219208,0.125,0.125,0.125,0.125,0.125,0.125,0.125,0.125
160,160.0,160.18986816830406,0.125,0.125,0.125,0.125,0.125,0.125,0.125,0.125
161,161.0,161.19028542836594,0.125,0.125,0.125,0.125,0.125,0.125,0.125,0.125
162,162.0,162.19075810813797,0.125,0.125,0.125,0.125,0.125,0.125,0.125,0.125
163,163.0,163.19127593885142,0.125,0.125,0.125,0.125,0.125,0.125,0.125,0.125
164,164.0,164.191829227105,0.125,0.125,0.125,0.125,0.125,0.125,0.125,0.125
165,165.0,165.19240889426217,0.125,0.125,0.125,0.125,0.125,0.125,0.125,0.125
166,166.0,166.19300650576102,0.125,0.125,0.125,0.125,0.125,0.125,0.125,0.125
167,167.0,167.19361429105237,0.125,0.125,0.125,0.125,0.125,0.125,0.125,0.125
168,168.0,168.19422515490405,0.125,0.125,0.125,0.125,0.125,0.125,0.125,0.125
169,169.0,169.19483268082152,0.125,0.125,0.125,0.125,0.125,0.125,0.125,0.125
170,170.0,170.19543112733905,0.125,0.125,0.125,0.125,0.125,0.125,0.125,0.125
171,171.0,171.19601541793145,0.125,0.125,0.125,0.125,0.125,0.125,0.125,0.125
172,172.0,172.19658112528526,0.125,0.125,0.125,0.125,0.125,0.125,0.125,0.125
173,173.0,173.19712445065085,0.125,0.125,0.125,0.125,0.125,0.125,0.125,0.125
174,174.0,174.19764219897337,0.125,0.125,0.125,0.125,0.125,0.125,0.125,0.125
175,175.0,175.19813175047392,0.125,0.125,0.125,0.125,0.125,0.125,0.125,0.125
176,176.0,176.19859102931966,0.125,0.125,0.125,0.125,0.125,0.125,0.125,0.125
177,177.0,177.19901846998764,0.125,0.125,0.125,0.125,0.125,0.125,0.125,0.125
178,178.0,178.19941298188894,0.125,0.125,0.125,0.125,0.125,0.125,0.125,0.125
179,179.0,179.1997739127812,0.125,0.125,0.125,0.125,0.125,0.125,0.125,0.125
180,180.0,180.20010101145647,0.125,0.125,0.125,0.125,0.125,0.125,0.125,0.125
181,181.0,181.20039439014963,0.125,0.125,0.125,0.125,0.125,0.125,0.125,0.125
182,182.0,182.20065448707197,0.125,0.125,0.125,0.125,0.125,0.125,0.125,0.125
183,183.0,183.20088202943134,0.125,0.125,0.125,0.125,0.125,0.125,0.125,0.125
184,184.0,184.20107799726046,0.125,0.125,0.125,0.125,0.125,0.125,0.125,0.125
185,185.0,185.20124358833408,0.125,0.125,0.125,0.125,0.125,0.125,0.125,0.125
186,186.0,186.20138018441702,0.125,0.125,0.125,0.125,0.125,0.125,0.125,0.125
187,187.0,187.20148931904748,0.125,0.125,0.125,0.125,0.125,0.125,0.125,0.125
188,188.0,188.20157264702442,0.125,0.125,0.125,0.125,0.125,0.125,0.125,0.125
189,189.0,189.21163191573342,0.125,0.125,0.125,0.125,0.125,0.125,0.125,0.125
190,190.0,190.2215689384142,0.125,0.125,0.125,0.125,0.125,0.125,0.125,0.125
191,191.0,191.23129656944275,0.125,0.125,0.125,0.125,0.125,0.125,0.125,0.125
192,192.0,192.24073847167404,0.125,0.125,0.125,0.125,0.125,0.125,0.125,0.125
193,193.0,193.24982879896547,0.125,0.125,0.125,0.125,0.125,0.125,0.125,0.125
194,194.0,194.25851180553806,0.125,0.125,0.125,0.125,0.125,0.125,0.125,0.125
195,195.0,195.26674139339804,0.125,0.125,0.125,0.125,0.125,0.125,0.125,0.125
196,196.0,196.27448060853803,0.125,0.125,0.125,0.125,0.125,0.125,0.125,0.125
197,197.0,197.28170109607862,0.125,0.125,0.125,0.125,0.125,0.125,0.125,0.125
198,198.0,198.2883825239044,0.125,0.125,0.125,0.125,0.125,0.125,0.125,0.125
199,199.0,199.29451198370856,0.125,0.125,0.125,0.125,0.125,0.125,0.125,0.125
200,200.0,200.30008337769522,0.12472222222222223,0.12583333333333335,0.12472222222222223,0.12472222222222223,0.12583333333333335,0.12472222222222223,0.12472222222222223,0.12472222222222223
201,201.0,201.30509679850624,0.12433611111111112,0.1274361111111111,0.12433611111111112,0.12433611111111112,0.12654722222222223,0.12433611111111112,0.12433611111111112,0.12433611111111112
202,202.0,202.3095579092511,0.12361545202020202,0.12849263383838383,0.12361545202020202,0.12452454292929294,0.126794452020202,0.12472656313131314,0.12461545202020202,0.12361545202020202
203,203.0,203.313477329829,0.12279661340909091,0.12940630522727273,0.12279661340909091,0.12460570431818183,0.1279149234090909,0.12489661340909092,0.1247866134090909,0.12279661340909091
204,204.0,204.3168700350508,0.121906692525,0.13019136460681818,0.121906692525,0.125507692525,0.1288282893340909,0.12497569252500002,0.12477688343409091,0.121906692525
205,205.0,205.3197547693999,0.12090462609699747,0.13190686298819948,0.12090462609699747,0.12626415246063383,0.12957087415708837,0.1249150360969975,0.12462919600608838,0.12090462609699747
206,206.0,206.3221534826201,0.11974978065688582,0.1341181065379243,0.11974978065688582,0.12674444609021915,0.13009046145318492,0.12466735555688585,0.12429695505779491,0.12058311399021915
207,207.0,207.3240907896921,0.11849730423859878,0.13598988849014124,0.11849730423859878,0.12692803046470832,0.1303567192046738,0.1242821517995988,0.12458783578661997,0.12086076577706031
208,208.0,208.32559345815997,0.11728247223207272,0.13776580932839946,0.11728247223207272,0.1270816023196762,0.1305734871346186,0.12389001671236273,0.12486778656368128,0.12125635347711632
209,209.0,209.32668992519945,0.11607032139939608,0.13928445872902145,0.11607032139939608,0.1278226207310651,0.13070019942907363,0.12345221766224418,0.1242584204262505,0.12234144022355299
210,210.0,210.327409846283,0.11498564774445329,0.14067298295837025,0.11498564774445329,0.1296203398945281,0.1298575371415859,0.12209064164897519,0.1237177053400938,0.12406949752754019
211,211.0,211.32778367679532,0.11381662965109976,0.14172296960873998,0.11381662965109976,0.13203246174957237,0.12946594371830394,0.12060136149408288,0.12303426271602468,0.12550974141107663
212,212.0,212.32784228748847,0.11200498265320102,0.14195436348061577,0.11283831598653435,0.134397288444853,0.12750998578279757,0.11843363132236939,0.12665079064316598,0.12621064168646293
213,213.0,213.32761661423743,0.11027740429300877,0.14209102809494642,0.11193573762634207,0.13668567395666625,0.12555997754746245,0.11632129161905218,0.13024544496894344,0.12688344189357842
214,214.0,214.32713734216912,0.10857866092625168,0.1420769671672406,0.11098214169548243,0.13952340418926637,0.12357072156053228,0.1148408241702222,0.13303126138203053,0.12739601890897392
215,215.0,215.32643462388597,0.10747707432823639,0.14189337640784389,0.1099608957099429,0.14204864442060805,0.12153201770390075,0.1133105642659016,0.13533514236800112,0.12844228479556533
216,216.0,216.32553783119224,0.10691964873891996,0.1415612847060829,0.10889304863544189,0.1442732942507303,0.11947143780166783,0.11175344224597819,0.13785584030389297,0.12927200331728597
217,217.0,217.324475339456,0.10634179874317035,0.1410537077383504,0.10837497419294982,0.14593511911170082,0.11736661992255479,0.11017197197205615,0.14006671734295892,0.1306890909762588
218,218.0,218.3232743434988,0.10585702709977016,0.14049895161910275,0.10793755768187253,0.14745901052455235,0.11534871786122257,0.10869008479045639,0.14215732862267264,0.13205132180035067
219,219.0,219.32196070370236,0.10525788223692703,0.14047352114092324,0.10848522713229898,0.14844822377466915,0.11322622760351499,0.1071096498107712,0.14391580315318073,0.13308346514771477
220,220.0,220.32055882084853,0.1046200957335165,0.1402357881055369,0.10827785561743289,0.1498104981599871,0.11108913567994942,0.10551462897090881,0.1458327393390682,0.13461925839360028
221,221.0,221.3190915380716,0.10397657445379421,0.1398338564360146,0.10799901911745033,0.1519659213066494,0.10898293801151221,0.1039450959004504,0.1474791198214364,0.13581747495269256
222,222.0,222.31758006819166,0.10337791952516338,0.1393746148922971,0.10770298022695525,0.15441908629192896,0.10696919958634964,0.10245778959013493,0.14890986409690601,0.13678854579026484
223,223.0,223.31604394461777,0.10285871909709529,0.13890147511253523,0.10746059604449205,0.15671862845858184,0.10509190009968,0.1010924486623454,0.15019840481400043,0.13767782771126988
224,224.0,224.3145009939551,0.10241621972381434,0.13842055831813105,0.1072689249410822,0.15885691466680418,0.10335616865252069,0.09985052998810709,0.1513460769213862,0.13848460678815439
225,225.0,225.31296732841915,0.10200550962690795,0.13885411804515946,0.10608314565318777,0.16057868765035682,0.10172353908872561,0.09869044386214061,0.15231382389229373,0.13975073218122822
226,226.0,226.3114573561526,0.10157729768146212,0.13925213127812508,0.10433455173193666,0.16269237652990698,0.10020828774951443,0.09759462835871469,0.15343985843148042,0.1409008682388598
227,227.0,227.3099838075512,0.10110493645322316,0.13951204835109798,0.10259364260602084,0.16441216263098096,0.09878114958725875,0.09653493483204742,0.15463173195960234,0.14242939357976875
228,228.0,228.3085577757344,0.10056059583564482,0.13964162192272428,0.10136665665609808,0.1661287921077,0.09741086664534404,0.09548150468590487,0.15583577426668246,0.14357418787990162
229,229.0,229.30718876934196,0.09980686120309641,0.13961247549673728,0.10016526540429226,0.16843920900750817,0.09612993442190566,0.09504570820143043,0.15632811604665917,0.14447243021837086
230,230.0,230.30588477589535,0.09910689273768014,0.13955928443843602,0.09903561701276943,0.17055691805120154,0.09497892088679002,0.0947068336967617,0.15668949526536083,0.14536603791100053
231,231.0,231.30465233403442,0.09847283244141827,0.13949760784253257,0.09799445640031414,0.17193813199270488,0.09396896702741363,0.0944712004398624,0.15693780953399308,0.14671899432176122
232,232.0,232.30349661301926,0.09787217477398502,0.13950186525030722,0.09652806532258755,0.1738434374020234,0.09310710113171337,0.09429099056771476,0.15680469637041514,0.1480516691812537
233,233.0,233.30242149797542,0.09721833177732236,0.13838832377546179,0.09507862532830946,0.17622620155101873,0.09229844344316772,0.09450827450378053,0.15628294722226563,0.14999885239867394
234,234.0,234.30142967945622,0.0963677376859514,0.13599981342891024,0.09372867841835728,0.17916985528420926,0.09165716909389279,0.09474099775325473,0.15578008634445473,0.15255566199096976
235,235.0,235.30052274599439,0.09552599005030643,0.13267493259055627,0.09245308205175638,0.18103770319697726,0.09106509312514609,0.09495565536276265,0.15547919874297414,0.15680834487952094
236,236.0,236.29970127841878,0.0945818221784658,0.12969031462412553,0.09111265766291049,0.18314094791073893,0.09037945227775272,0.09503712551890936,0.15495140324973738,0.16110627657735996
237,237.0,237.29896494481653,0.09392491030864876,0.12738947758567695,0.0896639515004805,0.18456977522646145,0.08955352714733125,0.09548979764280886,0.1544704187204913,0.16493814186810105
238,238.0,238.29831259512636,0.09327126261748953,0.12558425838345544,0.08815174780941362,0.18578414367662205,0.08873794207025112,0.09587058738966285,0.15388635674408588,0.1687137013090196
239,239.0,239.29774235445396,0.09257042749237226,0.12360072093930359,0.08663868279477906,0.18731331883323868,0.08788315722028733,0.09612582881266103,0.15308294643758188,0.17278491746977628
240,240.0,240.29725171430422,0.09181792426249132,0.12208909375952023,0.08512376547362732,0.18894494749501764,0.08698530734449209,0.09624879239082432,0.1520780282256808,0.1767121410483464
241,241.0,241.29683762102644,0.09115627854393389,0.12068653832826781,0.083735497356467,0.19062603978317927,0.0861922731222804,0.09600233161718819,0.1513059948287124,0.18029504641997118
242,242.0,242.29649656086616,0.09047951623671467,0.1192876924925447,0.08240325806469868,0.19289156748273337,0.08540802016949912,0.09566029319795417,0.14986687585721709,0.1840027764986383
243,243.0,243.29622464111324,0.08983635572140454,0.11794197195594891,0.08116020620733336,0.1955073192409034,0.08466466966099627,0.09528689579797998,0.14840951784930273,0.18719306356613094
244,244.0,244.29601766692448,0.08990661102918655,0.11645437388926443,0.07997231045043952,0.19802264004411874,0.083945808309629,0.09486925274153936,0.1469127751796255,0.189916228356197
245,245.0,245.29587121348536,0.08994150974656606,0.11452757913702544,0.07885968205390759,0.2005781389776309,0.08326992372556602,0.09444202820814791,0.14540930165342708,0.19297183649772903
246,246.0,246.2957806932553,0.08960469754057619,0.11268047942296294,0.07784352241797617,0.203238084810353,0.08263896298819806,0.0940032061530035,0.14453954980107392,0.19545149686585628
247,247.0,247.2957414181157,0.08927617889298009,0.11092685103157574,0.07690381153031084,0.20610007286001802,0.08243384626875501,0.09350536032166072,0.14343188166964277,0.19742199742505684
248,248.0,248.29574865630892,0.08895723254305928,0.1095962866683164,0.07604112453360659,0.20841956227362934,0.08223709401051453,0.09295701736734273,0.14249883463084684,0.19929284797268437
249,249.0,249.29579768411972,0.08790139466552678,0.10845410026767427,0.07534102318304904,0.21081135855924543,0.08213367684345574,0.09246222740476201,0.14182090292411384,0.20107531615217294
250,250.0,250.29588383230825,0.08678584412622975,0.10766831954697563,0.07463718126183974,0.2136270123927793,0.0819574127636277,0.09154011972270601,0.14085689754360667,0.2029272126422353
251,251.0,251.29600252735483,0.08568457734266453,0.10692338588577183,0.0739938808921829,0.21573703461132546,0.08177339773097014,0.0905890183784525,0.14003937398008004,0.20525933117855266
252,252.0,252.2961493276232,0.08494963863362621,0.10655470294077166,0.07342062761581909,0.2176681273244634,0.08159255266622947,0.08962963942680066,0.13905251307426653,0.20713219831802304
253,253.0,253.2963199545885,0.08417824325359538,0.10619780170838791,0.07296599917675103,0.21937636176309355,0.08147981980921803,0.08862349565340163,0.13781118505968812,0.20936709357586436
254,254.0,254.2965103193114,0.08338085390153319,0.1058187167552635,0.07251076633254849,0.2212989177603037,0.08131390149028613,0.0875708347962229,0.13655452691847217,0.21155148204537
255,255.0,255.2967165443689,0.08257755380398973,0.10544728683763732,0.07206905178799328,0.22328290091222053,0.08099852870775513,0.086495947991716,0.13530614818052095,0.2138225817781671
256,256.0,256.29693498147697,0.08177007498536028,0.10506290145148545,0.07163702880743793,0.2251494087080946,0.08064564225148885,0.0854045247228318,0.13407081264175919,0.21625960643154193
257,257.0,257.2971622250594,0.08098287490094863,0.10470017064941908,0.07123401325929693,0.226897956633328,0.07995317520547338,0.0843331190540801,0.13320886746599783,0.21868982283145605
258,258.0,258.2973951220331,0.08028710679108475,0.10456425183835895,0.07082109148797605,0.22824329639135676,0.07921356386996503,0.08355382480994569,0.1327404779775118,0.22057638683380093
259,259.0,259.29763077808906,0.07990738627677792,0.10440080470492005,0.07042258207870085,0.22960160605806818,0.07846568055767265,0.08277117910919972,0.1326314796275953,0.22179928158706524
260,260.0,260.2978665607585,0.07981894651700341,0.10409206674712206,0.0700321561130113,0.23059439396483988,0.077812133126224,0.08250205582705071,0.13230153753191837,0.22284671017283014
261,261.0,261.29810009955344,0.07977164288141267,0.10379623463663798,0.06968669037189455,0.23153370780750837,0.07718343967717327,0.08253772930854057,0.13202438974883174,0.2234661655680007
262,262.0,262.2983292834734,0.07976690190558929,0.10353665791310203,0.06939021060195051,0.23215403117284977,0.07658811323964057,0.08249737378065905,0.13180259543655332,0.2242641159496553
263,263.0,263.29855225616654,0.07976374705181022,0.10327242235727559,0.06910035231859382,0.23307624204380972,0.0759867721901144,0.08242278634393904,0.13154465893189415,0.2248330187625629
264,264.0,264.29876740902876,0.08027556404313285,0.1012961077478291,0.06909015383044717,0.2335442563290448,0.07576509598837754,0.08261205199310036,0.1315753263411086,0.2258414437269595
265,265.0,265.2989733725144,0.0807957966072619,0.09932956126587054,0.06909971076765428,0.23396804191935047,0.07555587759032634,0.08280429842009793,0.13163376525753603,0.22681294817190248
266,266.0,266.2991690059264,0.08176908739296367,0.09736417737372328,0.06910117204503875,0.23407857940736287,0.07533368001107495,0.08294717758161338,0.13164358315875843,0.22776254302946464
267,267.0,267.2993533859379,0.08177921935831622,0.09541587984719573,0.06909319073881473,0.23480711168965462,0.07543721133098441,0.0830413167522184,0.1316073304223823,0.2288187398604335
268,268.0,268.2995257940888,0.08174369414825172,0.09350413418956337,0.06907991255369669,0.235674616028056,0.075535655405056,0.08309826625339213,0.1315328882300131,0.2298308331919709
269,269.0,269.2996857034838,0.0816740812208395,0.0916518772265833,0.06907193835493218,0.23637099676924206,0.07540887729942065,0.08334690357072234,0.13184681888139815,0.23062850667686177
270,270.0,270.29983276490447,0.08160123760564986,0.0898806944954836,0.06907926526660878,0.23739200553002937,0.0761000559495842,0.08358648522409123,0.13217520226203558,0.2301850536665174
271,271.0,271.29996679253406,0.08141627498927545,0.08810552123492496,0.06900701675689531,0.23843509527358372,0.07746006104717416,0.08370474788720457,0.1323700361135235,0.22950124669741834
272,272.0,272.3000877494753,0.08130726052963687,0.08642287797177726,0.06883092976671758,0.23955213975606224,0.07879752983168122,0.0837911730575038,0.13251279678446445,0.22878529230215655
273,273.0,273.30019573322767,0.08117702712625606,0.08485631300656164,0.06866038544502177,0.2404391314896614,0.08010455015675252,0.08385089028235243,0.13260955383600517,0.228302148657389
274,274.0,274.30029096127254,0.08105437022127952,0.083109934860055,0.06850908566909462,0.24154711728618963,0.08138337755409634,0.08391107458588291,0.13271495229894972,0.22777008752445224
275,275.0,275.30037375690017,0.08098454724356072,0.08155420295404285,0.06843463500499017,0.24358628877369584,0.0810151300597388,0.08400710018649724,0.1328454075307174,0.22757268824675697
276,276.0,276.3004445353961,0.08088902736571175,0.08009852185374654,0.06835655789275907,0.24536356706793971,0.08059440738034468,0.08425971172791907,0.1332671702058134,0.22717103650576576
277,277.0,277.3005037906884,0.08077367748963164,0.07875308226418948,0.06827875027047502,0.2467848352150197,0.0801331686841106,0.08448016535329679,0.1336265738677393,0.22716974685553748
278,278.0,278.30055208254464,0.0806602687719023,0.07764497462137808,0.0681168391172833,0.24789118957333317,0.07956136142047013,0.08481266260589691,0.1338328558545964,0.2274798480351397
279,279.0,279.3005900243898,0.08062176292529674,0.07662717824838215,0.06794176570714915,0.249114192791441,0.07894709404123733,0.08507783708739987,0.13396790792517893,0.22770226127391482
280,280.0,280.30061827180657,0.08055641223056773,0.07570137397932417,0.06775818495892506,0.25014442031360984,0.0783053428356961,0.08528325735174785,0.13434079830464446,0.22791021002548478
281,281.0,281.30063751176357,0.0804941333782672,0.07489562283162932,0.06758585254331663,0.2510598234661768,0.07766180929416498,0.0854639824202475,0.13469948649777222,0.22813928956842539
282,282.0,282.3006484526072,0.08033062449895409,0.07420529773980805,0.06742491614416378,0.252044911681097,0.07702243382932475,0.08561954448991384,0.1353443853372404,0.22800788627949814
283,283.0,283.3006518148405,0.08044361877271856,0.07360167175634667,0.06726286562132092,0.25297107821030734,0.0763799980354467,0.08571943787672467,0.1359012416589726,0.2277200880681626
284,284.0,284.30064832270193,0.08055501717776073,0.0730885751349246,0.0671087986206096,0.25385569650268947,0.07574838727743942,0.08579099536947922,0.13642878522199522,0.22742374469510182
285,285.0,285.3006386965503,0.08058746938319217,0.0725848121698469,0.06772039485944689,0.254461971560372,0.07505623397107004,0.08575931228611347,0.13684827593283871,0.2269815298371199
286,286.0,286.30062364604834,0.08037172637910132,0.072200293373046,0.06835208256243958,0.2548704388914447,0.0744034244705578,0.0857606302566232,0.1373023105358901,0.22673909353089744
287,287.0,287.30060386413606,0.08015410094882079,0.0718903111760872,0.06897733488159016,0.25624739534067387,0.07377415684792472,0.08573764984842121,0.13772070520155125,0.22549834575493088
288,288.0,288.3005800217736,0.07993636764935565,0.07164911121964704,0.06958995289217464,0.25758392977976063,0.07317158978413674,0.08569186126029753,0.13810225003698792,0.22427493737763998
289,289.0,289.3005527634297,0.07972013970117704,0.07147086267834818,0.07018449894550181,0.2590361479421827,0.07259831890724983,0.08562486347431661,0.1381521220303674,0.2232130463208565
290,290.0,290.3005227032859,0.07950951257661974,0.07135501118692858,0.07075891850474576,0.2603734546711943,0.07205905056475788,0.08554626867832597,0.13816977935629618,0.22222800446113167
291,291.0,291.3004904221236,0.07924156402164408,0.07123143750972404,0.07118090901669673,0.26133715857978107,0.0714911327324585,0.08539337806709868,0.13809379846533693,0.22203062160726011
292,292.0,292.3004564648563,0.0789844450281357,0.07116133370361283,0.07157892515195083,0.26224785977557374,0.07096508104380658,0.08523712163442185,0.1379940423513821,0.2218311913111165
293,293.0,293.3004213386672,0.07844294186610377,0.07113692809112687,0.07194879987010486,0.2633272512450325,0.07047698123844973,0.08507441036389299,0.13787130178115045,0.221721385544139
294,294.0,294.3003855117103,0.07784335459176382,0.07109430733451039,0.07217084759747668,0.2640531334854703,0.0699638956720539,0.08482139846795769,0.137908944171698,0.2221441186790693
295,295.0,295.300349412332,0.07726654168434263,0.07109959001906908,0.07236857227536385,0.2646736205886454,0.06949704284852735,0.08457312063724451,0.1379327182419914,0.22258879370481582
296,296.0,296.3003134287682,0.07671599383622255,0.07114793297383985,0.07254242896193595,0.26519304719725223,0.06907646802181842,0.08433158624353834,0.13794377308335318,0.22304876968203946
297,297.0,297.3002779092731,0.07619497270343163,0.07124798206437834,0.07269344857293578,0.265671355491176,0.06869987040381756,0.08409153722267972,0.13794365275373988,0.22345718078784108
298,298.0,298.3002431626348,0.07565045319282367,0.07131612370880158,0.07271950293925027,0.26659016086852994,0.06831117598723356,0.0837994312424626,0.13787819334060386,0.22373495872029447
299,299.0,299.30020945903397,0.0750044765991359,0.07137699967291025,0.07265464775844815,0.26714241282888923,0.06794260370256858,0.08327297537694935,0.13805427793654573,0.22455160612455272
300,300.0,300.3001770312029,0.0743452020491589,0.07140904731588474,0.07248404698203274,0.2674109909112513,0.06766628362839196,0.08270568550947836,0.1381728810934606,0.2258058625103413
301,301.0,301.3001460758429,0.07371891063408043,0.07144759922669495,0.07229243580142852,0.26763656979847045,0.06742325808893627,0.08214520073443393,0.13827490779624949,0.2270611179197059
302,302.0,302.3001167552605,0.07309736674823455,0.07145974451357308,0.07257550697952703,0.2674296360310103,0.0671832385449883,0.08172058294371594,0.13832979521697022,0.22820412902198053
303,303.0,303.3000891991837,0.07251753071850232,0.07148069482164422,0.0728435929743287,0.2672078720313105,0.06697954423338258,0.08131686955101716,0.13837292805056828,0.22928096761924616
304,304.0,304.3000635067227,0.07194753936658267,0.07147324755120195,0.07300354115906446,0.2668351487039011,0.06677513263948028,0.08089613422327298,0.13837155967443293,0.23069769668206352
305,305.0,305.30003974844067,0.0713043075518685,0.07135848306369856,0.07308655585209461,0.26691951684922055,0.06660302249781519,0.08048754746597839,0.13823782585930244,0.2320027408600217
306,306.0,306.3000179685024,0.07068377828707148,0.07170850939840195,0.07308262473238657,0.2669004415944493,0.0664367916246337,0.08008122932396292,0.13807256183839892,0.23303406320069509
307,307.0,307.2999981868729,0.07009897042743443,0.07204310753749818,0.07305013484686089,0.26686476766014433,0.06627959904923313,0.07968254820547081,0.13789194489608936,0.2340889273772688
308,308.0,308.29998040153765,0.0695589327823714,0.07236870079306706,0.07300109886768293,0.26683406124527226,0.0661449300507637,0.07944279223784326,0.13770403033987647,0.23494545368312292
309,309.0,309.29996459072055,0.06906416480200589,0.07257553536577802,0.07293723785913994,0.2666703002658167,0.06613770816524084,0.0792187565946742,0.13751100317184298,0.23588529377550144
310,310.0,310.299950715078,0.06860683404747336,0.07275921251284743,0.07285018014039808,0.2665021773116377,0.06613329725545837,0.0790010381722471,0.1373092914143102,0.2368379691456277
311,311.0,311.2999387198489,0.068188646914047,0.0729261422158709,0.07284798213167798,0.2664247980439351,0.06613159222764976,0.0787931902932928,0.13710283475907908,0.23758481341444734
312,312.0,312.29992853694426,0.06782581088032594,0.07308364373700696,0.07283471848482158,0.2666324823966565,0.0661391451508036,0.07862003170161637,0.13666658883496813,0.23819757881380085
313,313.0,313.2999200869606,0.06748363619364786,0.07321405002608201,0.07279455536663691,0.26699783309034725,0.06613742061854125,0.07871618702593068,0.13617259389411374,0.23848372378470017
314,314.0,314.29991328110566,0.06716189733488048,0.07331734507985754,0.07272912487230329,0.26765501780852097,0.06612545167744656,0.07878613910532531,0.13562828413238323,0.2385967399892825
315,315.0,315.2999080230252,0.06686729097141685,0.0734018951611551,0.0726502784876944,0.26825539746877913,0.06611664919801709,0.07883703447214939,0.1353162487219554,0.23855520551883252
316,316.0,316.2999042105225,0.06659346598713277,0.073461366505722,0.0725508876512018,0.26896707995263586,0.06609880790297935,0.0788629138931442,0.13495968314093607,0.23850579496624788
317,317.0,317.29990173716493,0.06634663141589447,0.07350435507325327,0.07244262341139386,0.26966248549900307,0.06608526914549602,0.07887142003965222,0.13456825780023862,0.2385189576150684
318,318.0,318.2999004937714,0.0661282965843385,0.07354594226258335,0.07232953315514529,0.270449477233203,0.06607638115486832,0.07876744690362726,0.13414908865996866,0.23855383404626557
319,319.0,319.29990036977955,0.0659264097206091,0.07356297445719581,0.07219920327363624,0.27135978342173556,0.06605367054282381,0.07863720918190133,0.13369776686206458,0.23856298254003352
320,320.0,320.2999012544891,0.06574139645979007,0.07379747844934699,0.07205479319890336,0.27211574766641905,0.06601845297868603,0.07848800603718468,0.1332203152695812,0.2385638099400886
321,321.0,321.2999030381828,0.06557679623284847,0.0740040638823591,0.0719054631777107,0.2731276425439221,0.06598202857621249,0.07832386404310933,0.13272388709665958,0.23835625444717826
322,322.0,322.29990561312525,0.06543482284918206,0.0741930040345167,0.07175610963899011,0.2741821519737178,0.0659476901191648,0.07815614786680658,0.1324434139795146,0.23788665953810734
323,323.0,323.2999088744422,0.06511535545905697,0.07432372860235868,0.07166979011036032,0.27519898198019294,0.06597830958663893,0.07816875281354439,0.13217279454284836,0.23737228690499945
324,324.0,324.29991272088307,0.06482910116817363,0.07445238241260396,0.07159179064756992,0.27620603819859463,0.06591977203729305,0.0781982328880763,0.1319343382701199,0.23686834437756868
325,325.0,325.29991705547104,0.06455394800621239,0.07453747566119705,0.07150238144209649,0.2773979822591982,0.06584728053471738,0.07820295108836496,0.13167364745332868,0.23628433355488498
326,326.0,326.2999217860455,0.06426447003006754,0.07409406531260124,0.07139082209605108,0.2784206539236534,0.06584740929886385,0.07836146084897952,0.13153763637674945,0.23608348211303404
327,327.0,327.2999268257021,0.06393884311508478,0.07358149141716941,0.07119145188510423,0.2790231243944568,0.06579703108568632,0.07866337857920004,0.13149219225621384,0.23631248726708468
328,328.0,328.2999320931359,0.06359634293208674,0.07302900811048317,0.07092577912770755,0.27996326102588037,0.06571619399645105,0.07890421316349316,0.13157232063375274,0.23629288101014534
329,329.0,329.29993751289504,0.06325211069347447,0.07245731700768906,0.07065335502209066,0.2808413805909606,0.06562334407545359,0.07908776063484517,0.13174985606316536,0.23633487591232122
330,330.0,330.2999430155493,0.06290984416683809,0.07198055827298658,0.070378324146401,0.2817324460437755,0.06552125890163399,0.07931648070412745,0.13201647333735708,0.23614461442688048
331,331.0,331.2999485377826,0.0625700644844542,0.07149823169186849,0.07009502686323946,0.2825027848671873,0.06539952278184577,0.07949529259140982,0.13239024307790076,0.23604883364209442
