Total_iterations,Unnamed: 0.1,Intertwine_two,Invert_path_vertices,Insert_inside_vertex,Delete_inside_vertex,Replace_inside_vertex,Donate_between_routes,MSC_add_terminal,MSC_del_terminal
0,0.0,0.125,0.125,0.125,0.125,0.125,0.125,0.125,0.125
1,1.0,0.125,0.125,0.125,0.125,0.125,0.125,0.125,0.125
2,2.0,0.125,0.125,0.125,0.125,0.125,0.125,0.125,0.125
3,3.0,0.125,0.125,0.125,0.125,0.125,0.125,0.125,0.125
4,4.0,0.125,0.125,0.125,0.125,0.125,0.125,0.125,0.125
5,5.0,0.125,0.125,0.125,0.125,0.125,0.125,0.125,0.125
6,6.0,0.125,0.125,0.125,0.125,0.125,0.125,0.125,0.125
7,7.0,0.125,0.125,0.125,0.125,0.125,0.125,0.125,0.125
8,8.0,0.125,0.125,0.125,0.125,0.125,0.125,0.125,0.125
9,9.0,0.125,0.125,0.125,0.125,0.125,0.125,0.125,0.125
10,10.0,0.125,0.125,0.125,0.125,0.125,0.125,0.125,0.125
11,11.0,0.125,0.125,0.125,0.125,0.125,0.125,0.125,0.125
12,12.0,0.125,0.125,0.125,0.125,0.125,0.125,0.125,0.125
13,13.0,0.125,0.125,0.125,0.125,0.125,0.125,0.125,0.125
14,14.0,0.125,0.125,0.125,0.125,0.125,0.125,0.125,0.125
15,15.0,0.125,0.125,0.125,0.125,0.125,0.125,0.125,0.125
16,16.0,0.125,0.125,0.125,0.125,0.125,0.125,0.125,0.125
17,17.0,0.125,0.125,0.125,0.125,0.125,0.125,0.125,0.125
18,18.0,0.125,0.125,0.125,0.125,0.125,0.125,0.125,0.125
19,19.0,0.125,0.125,0.125,0.125,0.125,0.125,0.125,0.125
20,20.0,0.125,0.125,0.125,0.125,0.125,0.125,0.125,0.125
21,21.0,0.125,0.125,0.125,0.125,0.125,0.125,0.125,0.125
22,22.0,0.125,0.125,0.125,0.125,0.125,0.125,0.125,0.125
23,23.0,0.125,0.125,0.125,0.125,0.125,0.125,0.125,0.125
24,24.0,0.125,0.125,0.125,0.125,0.125,0.125,0.125,0.125
25,25.0,0.125,0.125,0.125,0.125,0.125,0.125,0.125,0.125
26,26.0,0.125,0.125,0.125,0.125,0.125,0.125,0.125,0.125
27,27.0,0.125,0.125,0.125,0.125,0.125,0.125,0.125,0.125
28,28.0,0.125,0.125,0.125,0.125,0.125,0.125,0.125,0.125
29,29.0,0.125,0.125,0.125,0.125,0.125,0.125,0.125,0.125
30,30.0,0.125,0.125,0.125,0.125,0.125,0.125,0.125,0.125
31,31.0,0.125,0.125,0.125,0.125,0.125,0.125,0.125,0.125
32,32.0,0.125,0.125,0.125,0.125,0.125,0.125,0.125,0.125
33,33.0,0.125,0.125,0.125,0.125,0.125,0.125,0.125,0.125
34,34.0,0.125,0.125,0.125,0.125,0.125,0.125,0.125,0.125
35,35.0,0.125,0.125,0.125,0.125,0.125,0.125,0.125,0.125
36,36.0,0.125,0.125,0.125,0.125,0.125,0.125,0.125,0.125
37,37.0,0.125,0.125,0.125,0.125,0.125,0.125,0.125,0.125
38,38.0,0.125,0.125,0.125,0.125,0.125,0.125,0.125,0.125
39,39.0,0.125,0.125,0.125,0.125,0.125,0.125,0.125,0.125
40,40.0,0.125,0.125,0.125,0.125,0.125,0.125,0.125,0.125
41,41.0,0.125,0.125,0.125,0.125,0.125,0.125,0.125,0.125
42,42.0,0.125,0.125,0.125,0.125,0.125,0.125,0.125,0.125
43,43.0,0.125,0.125,0.125,0.125,0.125,0.125,0.125,0.125
44,44.0,0.125,0.125,0.125,0.125,0.125,0.125,0.125,0.125
45,45.0,0.125,0.125,0.125,0.125,0.125,0.125,0.125,0.125
46,46.0,0.125,0.125,0.125,0.125,0.125,0.125,0.125,0.125
47,47.0,0.125,0.125,0.125,0.125,0.125,0.125,0.125,0.125
48,48.0,0.125,0.125,0.125,0.125,0.125,0.125,0.125,0.125
49,49.0,0.125,0.125,0.125,0.125,0.125,0.125,0.125,0.125
50,50.0,0.125,0.125,0.125,0.125,0.125,0.125,0.125,0.125
51,51.0,0.125,0.125,0.125,0.125,0.125,0.125,0.125,0.125
52,52.0,0.125,0.125,0.125,0.125,0.125,0.125,0.125,0.125
53,53.0,0.125,0.125,0.125,0.125,0.125,0.125,0.125,0.125
54,54.0,0.125,0.125,0.125,0.125,0.125,0.125,0.125,0.125
55,55.0,0.125,0.125,0.125,0.125,0.125,0.125,0.125,0.125
56,56.0,0.125,0.125,0.125,0.125,0.125,0.125,0.125,0.125
57,57.0,0.125,0.125,0.125,0.125,0.125,0.125,0.125,0.125
58,58.0,0.125,0.125,0.125,0.125,0.125,0.125,0.125,0.125
59,59.0,0.125,0.125,0.125,0.125,0.125,0.125,0.125,0.125
60,60.0,0.125,0.125,0.125,0.125,0.125,0.125,0.125,0.125
61,61.0,0.125,0.125,0.125,0.125,0.125,0.125,0.125,0.125
62,62.0,0.125,0.125,0.125,0.125,0.125,0.125,0.125,0.125
63,63.0,0.125,0.125,0.125,0.125,0.125,0.125,0.125,0.125
64,64.0,0.125,0.125,0.125,0.125,0.125,0.125,0.125,0.125
65,65.0,0.125,0.125,0.125,0.125,0.125,0.125,0.125,0.125
66,66.0,0.125,0.125,0.125,0.125,0.125,0.125,0.125,0.125
67,67.0,0.125,0.125,0.125,0.125,0.125,0.125,0.125,0.125
68,68.0,0.125,0.125,0.125,0.125,0.125,0.125,0.125,0.125
69,69.0,0.125,0.125,0.125,0.125,0.125,0.125,0.125,0.125
70,70.0,0.125,0.125,0.125,0.125,0.125,0.125,0.125,0.125
71,71.0,0.125,0.125,0.125,0.125,0.125,0.125,0.125,0.125
72,72.0,0.125,0.125,0.125,0.125,0.125,0.125,0.125,0.125
73,73.0,0.125,0.125,0.125,0.125,0.125,0.125,0.125,0.125
74,74.0,0.125,0.125,0.125,0.125,0.125,0.125,0.125,0.125
75,75.0,0.125,0.125,0.125,0.125,0.125,0.125,0.125,0.125
76,76.0,0.125,0.125,0.125,0.125,0.125,0.125,0.125,0.125
77,77.0,0.125,0.125,0.125,0.125,0.125,0.125,0.125,0.125
78,78.0,0.125,0.125,0.125,0.125,0.125,0.125,0.125,0.125
79,79.0,0.125,0.125,0.125,0.125,0.125,0.125,0.125,0.125
80,80.0,0.125,0.125,0.125,0.125,0.125,0.125,0.125,0.125
81,81.0,0.125,0.125,0.125,0.125,0.125,0.125,0.125,0.125
82,82.0,0.125,0.125,0.125,0.125,0.125,0.125,0.125,0.125
83,83.0,0.125,0.125,0.125,0.125,0.125,0.125,0.125,0.125
84,84.0,0.125,0.125,0.125,0.125,0.125,0.125,0.125,0.125
85,85.0,0.125,0.125,0.125,0.125,0.125,0.125,0.125,0.125
86,86.0,0.125,0.125,0.125,0.125,0.125,0.125,0.125,0.125
87,87.0,0.125,0.125,0.125,0.125,0.125,0.125,0.125,0.125
88,88.0,0.125,0.125,0.125,0.125,0.125,0.125,0.125,0.125
89,89.0,0.125,0.125,0.125,0.125,0.125,0.125,0.125,0.125
90,90.0,0.125,0.125,0.125,0.125,0.125,0.125,0.125,0.125
91,91.0,0.125,0.125,0.125,0.125,0.125,0.125,0.125,0.125
92,92.0,0.125,0.125,0.125,0.125,0.125,0.125,0.125,0.125
93,93.0,0.125,0.125,0.125,0.125,0.125,0.125,0.125,0.125
94,94.0,0.125,0.125,0.125,0.125,0.125,0.125,0.125,0.125
95,95.0,0.125,0.125,0.125,0.125,0.125,0.125,0.125,0.125
96,96.0,0.125,0.125,0.125,0.125,0.125,0.125,0.125,0.125
97,97.0,0.125,0.125,0.125,0.125,0.125,0.125,0.125,0.125
98,98.0,0.125,0.125,0.125,0.125,0.125,0.125,0.125,0.125
99,99.0,0.125,0.125,0.125,0.125,0.125,0.125,0.125,0.125
100,100.0,0.125,0.125,0.125,0.125,0.125,0.125,0.125,0.125
101,101.0,0.125,0.125,0.125,0.125,0.125,0.125,0.125,0.125
102,102.0,0.125,0.125,0.125,0.125,0.125,0.125,0.125,0.125
103,103.0,0.125,0.125,0.125,0.125,0.125,0.125,0.125,0.125
104,104.0,0.125,0.125,0.125,0.125,0.125,0.125,0.125,0.125
105,105.0,0.125,0.125,0.125,0.125,0.125,0.125,0.125,0.125
106,106.0,0.125,0.125,0.125,0.125,0.125,0.125,0.125,0.125
107,107.0,0.125,0.125,0.125,0.125,0.125,0.125,0.125,0.125
108,108.0,0.125,0.125,0.125,0.125,0.125,0.125,0.125,0.125
109,109.0,0.125,0.125,0.125,0.125,0.125,0.125,0.125,0.125
110,110.0,0.125,0.125,0.125,0.125,0.125,0.125,0.125,0.125
111,111.0,0.125,0.125,0.125,0.125,0.125,0.125,0.125,0.125
112,112.0,0.125,0.125,0.125,0.125,0.125,0.125,0.125,0.125
113,113.0,0.125,0.125,0.125,0.125,0.125,0.125,0.125,0.125
114,114.0,0.125,0.125,0.125,0.125,0.125,0.125,0.125,0.125
115,115.0,0.125,0.125,0.125,0.125,0.125,0.125,0.125,0.125
116,116.0,0.125,0.125,0.125,0.125,0.125,0.125,0.125,0.125
117,117.0,0.125,0.125,0.125,0.125,0.125,0.125,0.125,0.125
118,118.0,0.125,0.125,0.125,0.125,0.125,0.125,0.125,0.125
119,119.0,0.125,0.125,0.125,0.125,0.125,0.125,0.125,0.125
120,120.0,0.125,0.125,0.125,0.125,0.125,0.125,0.125,0.125
121,121.0,0.125,0.125,0.125,0.125,0.125,0.125,0.125,0.125
122,122.0,0.125,0.125,0.125,0.125,0.125,0.125,0.125,0.125
123,123.0,0.125,0.125,0.125,0.125,0.125,0.125,0.125,0.125
124,124.0,0.125,0.125,0.125,0.125,0.125,0.125,0.125,0.125
125,125.0,0.125,0.125,0.125,0.125,0.125,0.125,0.125,0.125
126,126.0,0.125,0.125,0.125,0.125,0.125,0.125,0.125,0.125
127,127.0,0.125,0.125,0.125,0.125,0.125,0.125,0.125,0.125
128,128.0,0.125,0.125,0.125,0.125,0.125,0.125,0.125,0.125
129,129.0,0.125,0.125,0.125,0.125,0.125,0.125,0.125,0.125
130,130.0,0.125,0.125,0.125,0.125,0.125,0.125,0.125,0.125
131,131.0,0.125,0.125,0.125,0.125,0.125,0.125,0.125,0.125
132,132.0,0.125,0.125,0.125,0.125,0.125,0.125,0.125,0.125
133,133.0,0.125,0.125,0.125,0.125,0.125,0.125,0.125,0.125
134,134.0,0.125,0.125,0.125,0.125,0.125,0.125,0.125,0.125
135,135.0,0.125,0.125,0.125,0.125,0.125,0.125,0.125,0.125
136,136.0,0.125,0.125,0.125,0.125,0.125,0.125,0.125,0.125
137,137.0,0.125,0.125,0.125,0.125,0.125,0.125,0.125,0.125
138,138.0,0.125,0.125,0.125,0.125,0.125,0.125,0.125,0.125
139,139.0,0.125,0.125,0.125,0.125,0.125,0.125,0.125,0.125
140,140.0,0.125,0.125,0.125,0.125,0.125,0.125,0.125,0.125
141,141.0,0.125,0.125,0.125,0.125,0.125,0.125,0.125,0.125
142,142.0,0.125,0.125,0.125,0.125,0.125,0.125,0.125,0.125
143,143.0,0.125,0.125,0.125,0.125,0.125,0.125,0.125,0.125
144,144.0,0.125,0.125,0.125,0.125,0.125,0.125,0.125,0.125
145,145.0,0.125,0.125,0.125,0.125,0.125,0.125,0.125,0.125
146,146.0,0.125,0.125,0.125,0.125,0.125,0.125,0.125,0.125
147,147.0,0.125,0.125,0.125,0.125,0.125,0.125,0.125,0.125
148,148.0,0.125,0.125,0.125,0.125,0.125,0.125,0.125,0.125
149,149.0,0.125,0.125,0.125,0.125,0.125,0.125,0.125,0.125
150,150.0,0.125,0.125,0.125,0.125,0.125,0.125,0.125,0.125
151,151.0,0.125,0.125,0.125,0.125,0.125,0.125,0.125,0.125
152,152.0,0.125,0.125,0.125,0.125,0.125,0.125,0.125,0.125
153,153.0,0.125,0.125,0.125,0.125,0.125,0.125,0.125,0.125
154,154.0,0.125,0.125,0.125,0.125,0.125,0.125,0.125,0.125
155,155.0,0.125,0.125,0.125,0.125,0.125,0.125,0.125,0.125
156,156.0,0.125,0.125,0.125,0.125,0.125,0.125,0.125,0.125
157,157.0,0.125,0.125,0.125,0.125,0.125,0.125,0.125,0.125
158,158.0,0.125,0.125,0.125,0.125,0.125,0.125,0.125,0.125
159,159.0,0.125,0.125,0.125,0.125,0.125,0.125,0.125,0.125
160,160.0,0.125,0.125,0.125,0.125,0.125,0.125,0.125,0.125
161,161.0,0.125,0.125,0.125,0.125,0.125,0.125,0.125,0.125
162,162.0,0.125,0.125,0.125,0.125,0.125,0.125,0.125,0.125
163,163.0,0.125,0.125,0.125,0.125,0.125,0.125,0.125,0.125
164,164.0,0.125,0.125,0.125,0.125,0.125,0.125,0.125,0.125
165,165.0,0.125,0.125,0.125,0.125,0.125,0.125,0.125,0.125
166,166.0,0.125,0.125,0.125,0.125,0.125,0.125,0.125,0.125
167,167.0,0.125,0.125,0.125,0.125,0.125,0.125,0.125,0.125
168,168.0,0.125,0.125,0.125,0.125,0.125,0.125,0.125,0.125
169,169.0,0.125,0.125,0.125,0.125,0.125,0.125,0.125,0.125
170,170.0,0.125,0.125,0.125,0.125,0.125,0.125,0.125,0.125
171,171.0,0.125,0.125,0.125,0.125,0.125,0.125,0.125,0.125
172,172.0,0.125,0.125,0.125,0.125,0.125,0.125,0.125,0.125
173,173.0,0.125,0.125,0.125,0.125,0.125,0.125,0.125,0.125
174,174.0,0.125,0.125,0.125,0.125,0.125,0.125,0.125,0.125
175,175.0,0.125,0.125,0.125,0.125,0.125,0.125,0.125,0.125
176,176.0,0.125,0.125,0.125,0.125,0.125,0.125,0.125,0.125
177,177.0,0.125,0.125,0.125,0.125,0.125,0.125,0.125,0.125
178,178.0,0.125,0.125,0.125,0.125,0.125,0.125,0.125,0.125
179,179.0,0.125,0.125,0.125,0.125,0.125,0.125,0.125,0.125
180,180.0,0.125,0.125,0.125,0.125,0.125,0.125,0.125,0.125
181,181.0,0.125,0.125,0.125,0.125,0.125,0.125,0.125,0.125
182,182.0,0.125,0.125,0.125,0.125,0.125,0.125,0.125,0.125
183,183.0,0.125,0.125,0.125,0.125,0.125,0.125,0.125,0.125
184,184.0,0.125,0.125,0.125,0.125,0.125,0.125,0.125,0.125
185,185.0,0.125,0.125,0.125,0.125,0.125,0.125,0.125,0.125
186,186.0,0.125,0.125,0.125,0.125,0.125,0.125,0.125,0.125
187,187.0,0.125,0.125,0.125,0.125,0.125,0.125,0.125,0.125
188,188.0,0.125,0.125,0.125,0.125,0.125,0.125,0.125,0.125
189,189.0,0.125,0.125,0.125,0.125,0.125,0.125,0.125,0.125
190,190.0,0.125,0.125,0.125,0.125,0.125,0.125,0.125,0.125
191,191.0,0.125,0.125,0.125,0.125,0.125,0.125,0.125,0.125
192,192.0,0.125,0.125,0.125,0.125,0.125,0.125,0.125,0.125
193,193.0,0.125,0.125,0.125,0.125,0.125,0.125,0.125,0.125
194,194.0,0.125,0.125,0.125,0.125,0.125,0.125,0.125,0.125
195,195.0,0.125,0.125,0.125,0.125,0.125,0.125,0.125,0.125
196,196.0,0.125,0.125,0.125,0.125,0.125,0.125,0.125,0.125
197,197.0,0.125,0.125,0.125,0.125,0.125,0.125,0.125,0.125
198,198.0,0.125,0.125,0.125,0.125,0.125,0.125,0.125,0.125
199,199.0,0.125,0.125,0.125,0.125,0.125,0.125,0.125,0.125
200,200.0,0.1247222222222222,0.1258333333333333,0.1247222222222222,0.1247222222222222,0.1258333333333333,0.1247222222222222,0.1247222222222222,0.1247222222222222
201,201.0,0.1243361111111111,0.1274361111111111,0.1243361111111111,0.1243361111111111,0.1265472222222222,0.1243361111111111,0.1243361111111111,0.1243361111111111
202,202.0,0.123615452020202,0.1284926338383838,0.123615452020202,0.1245245429292929,0.126794452020202,0.1247265631313131,0.124615452020202,0.123615452020202
203,203.0,0.1227966134090909,0.1294063052272727,0.1227966134090909,0.1246057043181818,0.1279149234090909,0.1248966134090909,0.1247866134090909,0.1227966134090909
204,204.0,0.121906692525,0.1301913646068181,0.121906692525,0.125507692525,0.1288282893340909,0.124975692525,0.1247768834340909,0.121906692525
205,205.0,0.1209046260969974,0.1319068629881994,0.1209046260969974,0.1262641524606338,0.1295708741570883,0.1249150360969975,0.1246291960060883,0.1209046260969974
206,206.0,0.1197497806568858,0.1341181065379243,0.1197497806568858,0.1267444460902191,0.1300904614531849,0.1246673555568858,0.1242969550577949,0.1205831139902191
207,207.0,0.1184973042385987,0.1359898884901412,0.1184973042385987,0.1269280304647083,0.1303567192046738,0.1242821517995988,0.1245878357866199,0.1208607657770603
208,208.0,0.1172824722320727,0.1377658093283994,0.1172824722320727,0.1270816023196762,0.1305734871346186,0.1238900167123627,0.1248677865636812,0.1212563534771163
209,209.0,0.116070321399396,0.1392844587290214,0.116070321399396,0.1278226207310651,0.1307001994290736,0.1234522176622441,0.1242584204262505,0.1223414402235529
210,210.0,0.1149856477444532,0.1406729829583702,0.1149856477444532,0.1296203398945281,0.1298575371415859,0.1220906416489751,0.1237177053400938,0.1240694975275401
211,211.0,0.1138166296510997,0.1417229696087399,0.1138166296510997,0.1320324617495723,0.1294659437183039,0.1206013614940828,0.1230342627160246,0.1255097414110766
212,212.0,0.112004982653201,0.1419543634806157,0.1128383159865343,0.134397288444853,0.1275099857827975,0.1184336313223693,0.1266507906431659,0.1262106416864629
213,213.0,0.1102774042930087,0.1420910280949464,0.111935737626342,0.1366856739566662,0.1255599775474624,0.1163212916190521,0.1302454449689434,0.1268834418935784
214,214.0,0.1085786609262516,0.1420769671672406,0.1109821416954824,0.1395234041892663,0.1235707215605322,0.1148408241702222,0.1330312613820305,0.1273960189089739
215,215.0,0.1074770743282363,0.1418933764078438,0.1099608957099429,0.142048644420608,0.1215320177039007,0.1133105642659016,0.1353351423680011,0.1284422847955653
216,216.0,0.1069196487389199,0.1415612847060829,0.1088930486354418,0.1442732942507303,0.1194714378016678,0.1117534422459781,0.1378558403038929,0.1292720033172859
217,217.0,0.1063417987431703,0.1410537077383504,0.1083749741929498,0.1459351191117008,0.1173666199225547,0.1101719719720561,0.1400667173429589,0.1306890909762588
218,218.0,0.1058570270997701,0.1404989516191027,0.1079375576818725,0.1474590105245523,0.1153487178612225,0.1086900847904563,0.1421573286226726,0.1320513218003506
219,219.0,0.105257882236927,0.1404735211409232,0.1084852271322989,0.1484482237746691,0.1132262276035149,0.1071096498107712,0.1439158031531807,0.1330834651477147
220,220.0,0.1046200957335165,0.1402357881055369,0.1082778556174328,0.1498104981599871,0.1110891356799494,0.1055146289709088,0.1458327393390682,0.1346192583936002
221,221.0,0.1039765744537942,0.1398338564360146,0.1079990191174503,0.1519659213066494,0.1089829380115122,0.1039450959004504,0.1474791198214364,0.1358174749526925
222,222.0,0.1033779195251633,0.1393746148922971,0.1077029802269552,0.1544190862919289,0.1069691995863496,0.1024577895901349,0.148909864096906,0.1367885457902648
223,223.0,0.1028587190970952,0.1389014751125352,0.107460596044492,0.1567186284585818,0.10509190009968,0.1010924486623454,0.1501984048140004,0.1376778277112698
224,224.0,0.1024162197238143,0.138420558318131,0.1072689249410822,0.1588569146668041,0.1033561686525206,0.099850529988107,0.1513460769213862,0.1384846067881543
225,225.0,0.1020055096269079,0.1388541180451594,0.1060831456531877,0.1605786876503568,0.1017235390887256,0.0986904438621406,0.1523138238922937,0.1397507321812282
226,226.0,0.1015772976814621,0.139252131278125,0.1043345517319366,0.1626923765299069,0.1002082877495144,0.0975946283587146,0.1534398584314804,0.1409008682388598
227,227.0,0.1011049364532231,0.1395120483510979,0.1025936426060208,0.1644121626309809,0.0987811495872587,0.0965349348320474,0.1546317319596023,0.1424293935797687
228,228.0,0.1005605958356448,0.1396416219227242,0.101366656656098,0.1661287921077,0.097410866645344,0.0954815046859048,0.1558357742666824,0.1435741878799016
229,229.0,0.0998068612030964,0.1396124754967372,0.1001652654042922,0.1684392090075081,0.0961299344219056,0.0950457082014304,0.1563281160466591,0.1444724302183708
230,230.0,0.0991068927376801,0.139559284438436,0.0990356170127694,0.1705569180512015,0.09497892088679,0.0947068336967617,0.1566894952653608,0.1453660379110005
231,231.0,0.0984728324414182,0.1394976078425325,0.0979944564003141,0.1719381319927048,0.0939689670274136,0.0944712004398624,0.156937809533993,0.1467189943217612
232,232.0,0.097872174773985,0.1395018652503072,0.0965280653225875,0.1738434374020234,0.0931071011317133,0.0942909905677147,0.1568046963704151,0.1480516691812537
233,233.0,0.0972183317773223,0.1383883237754617,0.0950786253283094,0.1762262015510187,0.0922984434431677,0.0945082745037805,0.1562829472222656,0.1499988523986739
234,234.0,0.0963677376859514,0.1359998134289102,0.0937286784183572,0.1791698552842092,0.0916571690938927,0.0947409977532547,0.1557800863444547,0.1525556619909697
235,235.0,0.0955259900503064,0.1326749325905562,0.0924530820517563,0.1810377031969772,0.091065093125146,0.0949556553627626,0.1554791987429741,0.1568083448795209
236,236.0,0.0945818221784658,0.1296903146241255,0.0911126576629104,0.1831409479107389,0.0903794522777527,0.0950371255189093,0.1549514032497373,0.1611062765773599
237,237.0,0.0939249103086487,0.1273894775856769,0.0896639515004805,0.1845697752264614,0.0895535271473312,0.0954897976428088,0.1544704187204913,0.164938141868101
238,238.0,0.0932712626174895,0.1255842583834554,0.0881517478094136,0.185784143676622,0.0887379420702511,0.0958705873896628,0.1538863567440858,0.1687137013090196
239,239.0,0.0925704274923722,0.1236007209393035,0.086638682794779,0.1873133188332386,0.0878831572202873,0.096125828812661,0.1530829464375818,0.1727849174697762
240,240.0,0.0918179242624913,0.1220890937595202,0.0851237654736273,0.1889449474950176,0.086985307344492,0.0962487923908243,0.1520780282256808,0.1767121410483464
241,241.0,0.0911562785439338,0.1206865383282678,0.083735497356467,0.1906260397831792,0.0861922731222804,0.0960023316171881,0.1513059948287124,0.1802950464199711
242,242.0,0.0904795162367146,0.1192876924925447,0.0824032580646986,0.1928915674827333,0.0854080201694991,0.0956602931979541,0.149866875857217,0.1840027764986383
243,243.0,0.0898363557214045,0.1179419719559489,0.0811602062073333,0.1955073192409034,0.0846646696609962,0.0952868957979799,0.1484095178493027,0.1871930635661309
244,244.0,0.0899066110291865,0.1164543738892644,0.0799723104504395,0.1980226400441187,0.083945808309629,0.0948692527415393,0.1469127751796255,0.189916228356197
245,245.0,0.089941509746566,0.1145275791370254,0.0788596820539075,0.2005781389776309,0.083269923725566,0.0944420282081479,0.145409301653427,0.192971836497729
246,246.0,0.0896046975405761,0.1126804794229629,0.0778435224179761,0.203238084810353,0.082638962988198,0.0940032061530035,0.1445395498010739,0.1954514968658562
247,247.0,0.08927617889298,0.1109268510315757,0.0769038115303108,0.206100072860018,0.082433846268755,0.0935053603216607,0.1434318816696427,0.1974219974250568
248,248.0,0.0889572325430592,0.1095962866683164,0.0760411245336065,0.2084195622736293,0.0822370940105145,0.0929570173673427,0.1424988346308468,0.1992928479726843
249,249.0,0.0879013946655267,0.1084541002676742,0.075341023183049,0.2108113585592454,0.0821336768434557,0.092462227404762,0.1418209029241138,0.2010753161521729
250,250.0,0.0867858441262297,0.1076683195469756,0.0746371812618397,0.2136270123927793,0.0819574127636277,0.091540119722706,0.1408568975436066,0.2029272126422353
251,251.0,0.0856845773426645,0.1069233858857718,0.0739938808921829,0.2157370346113254,0.0817733977309701,0.0905890183784525,0.14003937398008,0.2052593311785526
252,252.0,0.0849496386336262,0.1065547029407716,0.073420627615819,0.2176681273244634,0.0815925526662294,0.0896296394268006,0.1390525130742665,0.207132198318023
253,253.0,0.0841782432535953,0.1061978017083879,0.072965999176751,0.2193763617630935,0.081479819809218,0.0886234956534016,0.1378111850596881,0.2093670935758643
254,254.0,0.0833808539015331,0.1058187167552635,0.0725107663325484,0.2212989177603037,0.0813139014902861,0.0875708347962229,0.1365545269184721,0.21155148204537
255,255.0,0.0825775538039897,0.1054472868376373,0.0720690517879932,0.2232829009122205,0.0809985287077551,0.086495947991716,0.1353061481805209,0.2138225817781671
256,256.0,0.0817700749853602,0.1050629014514854,0.0716370288074379,0.2251494087080946,0.0806456422514888,0.0854045247228318,0.1340708126417591,0.2162596064315419
257,257.0,0.0809828749009486,0.104700170649419,0.0712340132592969,0.226897956633328,0.0799531752054733,0.0843331190540801,0.1332088674659978,0.218689822831456
258,258.0,0.0802871067910847,0.1045642518383589,0.070821091487976,0.2282432963913567,0.079213563869965,0.0835538248099456,0.1327404779775118,0.2205763868338009
259,259.0,0.0799073862767779,0.10440080470492,0.0704225820787008,0.2296016060580681,0.0784656805576726,0.0827711791091997,0.1326314796275953,0.2217992815870652
260,260.0,0.0798189465170034,0.104092066747122,0.0700321561130113,0.2305943939648398,0.077812133126224,0.0825020558270507,0.1323015375319183,0.2228467101728301
261,261.0,0.0797716428814126,0.1037962346366379,0.0696866903718945,0.2315337078075083,0.0771834396771732,0.0825377293085405,0.1320243897488317,0.2234661655680007
262,262.0,0.0797669019055892,0.103536657913102,0.0693902106019505,0.2321540311728497,0.0765881132396405,0.082497373780659,0.1318025954365533,0.2242641159496553
263,263.0,0.0797637470518102,0.1032724223572755,0.0691003523185938,0.2330762420438097,0.0759867721901144,0.082422786343939,0.1315446589318941,0.2248330187625629
264,264.0,0.0802755640431328,0.1012961077478291,0.0690901538304471,0.2335442563290448,0.0757650959883775,0.0826120519931003,0.1315753263411086,0.2258414437269595
265,265.0,0.0807957966072619,0.0993295612658705,0.0690997107676542,0.2339680419193504,0.0755558775903263,0.0828042984200979,0.131633765257536,0.2268129481719024
266,266.0,0.0817690873929636,0.0973641773737232,0.0691011720450387,0.2340785794073628,0.0753336800110749,0.0829471775816133,0.1316435831587584,0.2277625430294646
267,267.0,0.0817792193583162,0.0954158798471957,0.0690931907388147,0.2348071116896546,0.0754372113309844,0.0830413167522184,0.1316073304223823,0.2288187398604335
268,268.0,0.0817436941482517,0.0935041341895633,0.0690799125536966,0.235674616028056,0.075535655405056,0.0830982662533921,0.1315328882300131,0.2298308331919709
269,269.0,0.0816740812208395,0.0916518772265833,0.0690719383549321,0.236370996769242,0.0754088772994206,0.0833469035707223,0.1318468188813981,0.2306285066768617
270,270.0,0.0816012376056498,0.0898806944954836,0.0690792652666087,0.2373920055300293,0.0761000559495842,0.0835864852240912,0.1321752022620355,0.2301850536665174
271,271.0,0.0814162749892754,0.0881055212349249,0.0690070167568953,0.2384350952735837,0.0774600610471741,0.0837047478872045,0.1323700361135235,0.2295012466974183
272,272.0,0.0813072605296368,0.0864228779717772,0.0688309297667175,0.2395521397560622,0.0787975298316812,0.0837911730575038,0.1325127967844644,0.2287852923021565
273,273.0,0.081177027126256,0.0848563130065616,0.0686603854450217,0.2404391314896614,0.0801045501567525,0.0838508902823524,0.1326095538360051,0.228302148657389
274,274.0,0.0810543702212795,0.083109934860055,0.0685090856690946,0.2415471172861896,0.0813833775540963,0.0839110745858829,0.1327149522989497,0.2277700875244522
275,275.0,0.0809845472435607,0.0815542029540428,0.0684346350049901,0.2435862887736958,0.0810151300597388,0.0840071001864972,0.1328454075307174,0.2275726882467569
276,276.0,0.0808890273657117,0.0800985218537465,0.068356557892759,0.2453635670679397,0.0805944073803446,0.084259711727919,0.1332671702058134,0.2271710365057657
277,277.0,0.0807736774896316,0.0787530822641894,0.068278750270475,0.2467848352150197,0.0801331686841106,0.0844801653532967,0.1336265738677393,0.2271697468555374
278,278.0,0.0806602687719023,0.077644974621378,0.0681168391172833,0.2478911895733331,0.0795613614204701,0.0848126626058969,0.1338328558545964,0.2274798480351397
279,279.0,0.0806217629252967,0.0766271782483821,0.0679417657071491,0.249114192791441,0.0789470940412373,0.0850778370873998,0.1339679079251789,0.2277022612739148
280,280.0,0.0805564122305677,0.0757013739793241,0.067758184958925,0.2501444203136098,0.0783053428356961,0.0852832573517478,0.1343407983046444,0.2279102100254847
281,281.0,0.0804941333782672,0.0748956228316293,0.0675858525433166,0.2510598234661768,0.0776618092941649,0.0854639824202475,0.1346994864977722,0.2281392895684253
282,282.0,0.080330624498954,0.074205297739808,0.0674249161441637,0.252044911681097,0.0770224338293247,0.0856195444899138,0.1353443853372404,0.2280078862794981
283,283.0,0.0804436187727185,0.0736016717563466,0.0672628656213209,0.2529710782103073,0.0763799980354467,0.0857194378767246,0.1359012416589726,0.2277200880681626
284,284.0,0.0805550171777607,0.0730885751349246,0.0671087986206096,0.2538556965026894,0.0757483872774394,0.0857909953694792,0.1364287852219952,0.2274237446951018
285,285.0,0.0805874693831921,0.0725848121698469,0.0677203948594468,0.254461971560372,0.07505623397107,0.0857593122861134,0.1368482759328387,0.2269815298371199
286,286.0,0.0803717263791013,0.072200293373046,0.0683520825624395,0.2548704388914447,0.0744034244705578,0.0857606302566232,0.1373023105358901,0.2267390935308974
287,287.0,0.0801541009488207,0.0718903111760872,0.0689773348815901,0.2562473953406738,0.0737741568479247,0.0857376498484212,0.1377207052015512,0.2254983457549308
288,288.0,0.0799363676493556,0.071649111219647,0.0695899528921746,0.2575839297797606,0.0731715897841367,0.0856918612602975,0.1381022500369879,0.2242749373776399
289,289.0,0.079720139701177,0.0714708626783481,0.0701844989455018,0.2590361479421827,0.0725983189072498,0.0856248634743166,0.1381521220303674,0.2232130463208565
290,290.0,0.0795095125766197,0.0713550111869285,0.0707589185047457,0.2603734546711943,0.0720590505647578,0.0855462686783259,0.1381697793562961,0.2222280044611316
291,291.0,0.079241564021644,0.071231437509724,0.0711809090166967,0.261337158579781,0.0714911327324585,0.0853933780670986,0.1380937984653369,0.2220306216072601
292,292.0,0.0789844450281357,0.0711613337036128,0.0715789251519508,0.2622478597755737,0.0709650810438065,0.0852371216344218,0.1379940423513821,0.2218311913111165
293,293.0,0.0784429418661037,0.0711369280911268,0.0719487998701048,0.2633272512450325,0.0704769812384497,0.0850744103638929,0.1378713017811504,0.221721385544139
294,294.0,0.0778433545917638,0.0710943073345103,0.0721708475974766,0.2640531334854703,0.0699638956720539,0.0848213984679576,0.137908944171698,0.2221441186790693
295,295.0,0.0772665416843426,0.071099590019069,0.0723685722753638,0.2646736205886454,0.0694970428485273,0.0845731206372445,0.1379327182419914,0.2225887937048158
296,296.0,0.0767159938362225,0.0711479329738398,0.0725424289619359,0.2651930471972522,0.0690764680218184,0.0843315862435383,0.1379437730833531,0.2230487696820394
297,297.0,0.0761949727034316,0.0712479820643783,0.0726934485729357,0.265671355491176,0.0686998704038175,0.0840915372226797,0.1379436527537398,0.223457180787841
298,298.0,0.0756504531928236,0.0713161237088015,0.0727195029392502,0.2665901608685299,0.0683111759872335,0.0837994312424626,0.1378781933406038,0.2237349587202944
299,299.0,0.0750044765991359,0.0713769996729102,0.0726546477584481,0.2671424128288892,0.0679426037025685,0.0832729753769493,0.1380542779365457,0.2245516061245527
300,300.0,0.0743452020491589,0.0714090473158847,0.0724840469820327,0.2674109909112513,0.0676662836283919,0.0827056855094783,0.1381728810934606,0.2258058625103413
301,301.0,0.0737189106340804,0.0714475992266949,0.0722924358014285,0.2676365697984704,0.0674232580889362,0.0821452007344339,0.1382749077962494,0.2270611179197059
302,302.0,0.0730973667482345,0.071459744513573,0.072575506979527,0.2674296360310103,0.0671832385449883,0.0817205829437159,0.1383297952169702,0.2282041290219805
303,303.0,0.0725175307185023,0.0714806948216442,0.0728435929743287,0.2672078720313105,0.0669795442333825,0.0813168695510171,0.1383729280505682,0.2292809676192461
304,304.0,0.0719475393665826,0.0714732475512019,0.0730035411590644,0.2668351487039011,0.0667751326394802,0.0808961342232729,0.1383715596744329,0.2306976966820635
305,305.0,0.0713043075518685,0.0713584830636985,0.0730865558520946,0.2669195168492205,0.0666030224978151,0.0804875474659783,0.1382378258593024,0.2320027408600217
306,306.0,0.0706837782870714,0.0717085093984019,0.0730826247323865,0.2669004415944493,0.0664367916246337,0.0800812293239629,0.1380725618383989,0.233034063200695
307,307.0,0.0700989704274344,0.0720431075374981,0.0730501348468608,0.2668647676601443,0.0662795990492331,0.0796825482054708,0.1378919448960893,0.2340889273772688
308,308.0,0.0695589327823714,0.072368700793067,0.0730010988676829,0.2668340612452722,0.0661449300507637,0.0794427922378432,0.1377040303398764,0.2349454536831229
309,309.0,0.0690641648020058,0.072575535365778,0.0729372378591399,0.2666703002658167,0.0661377081652408,0.0792187565946742,0.1375110031718429,0.2358852937755014
310,310.0,0.0686068340474733,0.0727592125128474,0.072850180140398,0.2665021773116377,0.0661332972554583,0.0790010381722471,0.1373092914143102,0.2368379691456277
311,311.0,0.068188646914047,0.0729261422158709,0.0728479821316779,0.2664247980439351,0.0661315922276497,0.0787931902932928,0.137102834759079,0.2375848134144473
312,312.0,0.0678258108803259,0.0730836437370069,0.0728347184848215,0.2666324823966565,0.0661391451508036,0.0786200317016163,0.1366665888349681,0.2381975788138008
313,313.0,0.0674836361936478,0.073214050026082,0.0727945553666369,0.2669978330903472,0.0661374206185412,0.0787161870259306,0.1361725938941137,0.2384837237847001
314,314.0,0.0671618973348804,0.0733173450798575,0.0727291248723032,0.2676550178085209,0.0661254516774465,0.0787861391053253,0.1356282841323832,0.2385967399892825
315,315.0,0.0668672909714168,0.0734018951611551,0.0726502784876944,0.2682553974687791,0.066116649198017,0.0788370344721493,0.1353162487219554,0.2385552055188325
316,316.0,0.0665934659871327,0.073461366505722,0.0725508876512018,0.2689670799526358,0.0660988079029793,0.0788629138931442,0.134959683140936,0.2385057949662478
317,317.0,0.0663466314158944,0.0735043550732532,0.0724426234113938,0.269662485499003,0.066085269145496,0.0788714200396522,0.1345682578002386,0.2385189576150684
318,318.0,0.0661282965843385,0.0735459422625833,0.0723295331551452,0.270449477233203,0.0660763811548683,0.0787674469036272,0.1341490886599686,0.2385538340462655
319,319.0,0.0659264097206091,0.0735629744571958,0.0721992032736362,0.2713597834217355,0.0660536705428238,0.0786372091819013,0.1336977668620645,0.2385629825400335
320,320.0,0.06574139645979,0.0737974784493469,0.0720547931989033,0.272115747666419,0.066018452978686,0.0784880060371846,0.1332203152695812,0.2385638099400886
321,321.0,0.0655767962328484,0.0740040638823591,0.0719054631777107,0.2731276425439221,0.0659820285762124,0.0783238640431093,0.1327238870966595,0.2383562544471782
322,322.0,0.065434822849182,0.0741930040345167,0.0717561096389901,0.2741821519737178,0.0659476901191648,0.0781561478668065,0.1324434139795146,0.2378866595381073
323,323.0,0.0651153554590569,0.0743237286023586,0.0716697901103603,0.2751989819801929,0.0659783095866389,0.0781687528135443,0.1321727945428483,0.2373722869049994
324,324.0,0.0648291011681736,0.0744523824126039,0.0715917906475699,0.2762060381985946,0.065919772037293,0.0781982328880763,0.1319343382701199,0.2368683443775686
325,325.0,0.0645539480062123,0.074537475661197,0.0715023814420964,0.2773979822591982,0.0658472805347173,0.0782029510883649,0.1316736474533286,0.2362843335548849
326,326.0,0.0642644700300675,0.0740940653126012,0.071390822096051,0.2784206539236534,0.0658474092988638,0.0783614608489795,0.1315376363767494,0.236083482113034
327,327.0,0.0639388431150847,0.0735814914171694,0.0711914518851042,0.2790231243944568,0.0657970310856863,0.0786633785792,0.1314921922562138,0.2363124872670846
328,328.0,0.0635963429320867,0.0730290081104831,0.0709257791277075,0.2799632610258803,0.065716193996451,0.0789042131634931,0.1315723206337527,0.2362928810101453
329,329.0,0.0632521106934744,0.072457317007689,0.0706533550220906,0.2808413805909606,0.0656233440754535,0.0790877606348451,0.1317498560631653,0.2363348759123212
330,330.0,0.062909844166838,0.0719805582729865,0.070378324146401,0.2817324460437755,0.0655212589016339,0.0793164807041274,0.132016473337357,0.2361446144268804
331,331.0,0.0625700644844542,0.0714982316918684,0.0700950268632394,0.2825027848671873,0.0653995227818457,0.0794952925914098,0.1323902430779007,0.2360488336420944
332,332.0,0.0622146197873867,0.0709868560442713,0.069756334491755,0.2834391254985167,0.0652499025043506,0.0797911952912618,0.1328111085342496,0.2357508578482082
333,333.0,0.0618703374848359,0.0704841689320272,0.0693838738876023,0.2843842067218373,0.0650900157388939,0.079814591904057,0.1331878959226468,0.2357849094080996
334,334.0,0.0615093539859842,0.0699570547828678,0.0693449048612333,0.2850635847118398,0.0650838624515104,0.0797525444206562,0.1335981267576386,0.2356905680282696
335,335.0,0.0611359984958631,0.0696991765377239,0.0692447155216316,0.2858162810597158,0.0650418935896748,0.0796155921934882,0.1339360026642885,0.2355103399376141
336,336.0,0.0607756684857438,0.0694481995317116,0.0690987158588588,0.2864115089449843,0.064980392450537,0.0794530058798229,0.1343394239936989,0.2354930848546427
337,337.0,0.0604419974807571,0.0692172761840076,0.0689597854535147,0.28706034034184,0.0649126880573737,0.0790949673645953,0.1347258709323593,0.2355870741855522
338,338.0,0.0601160444408299,0.0689803645059146,0.068775210898966,0.2876370414979466,0.0648199033579696,0.0787014037399164,0.1350466969487102,0.2359233346097468
339,339.0,0.0597989003076952,0.068738602754659,0.0688821219947727,0.2882231785170073,0.0647035240550861,0.0782776072778757,0.1353021947559943,0.2360738703369097
340,340.0,0.0594863615214174,0.0684879779361658,0.0689827900966852,0.2889131363814983,0.0646564669606857,0.07781562913689,0.1353136250794301,0.2363440128872274
341,341.0,0.0591808180267192,0.0682325977480821,0.0690769323640467,0.2893812761894984,0.0645914022131813,0.0775969791468277,0.1350954062633842,0.2368445880482602
342,342.0,0.058880326427278,0.0679681312734491,0.0691603238372494,0.289689259413563,0.064506246303924,0.0773357750781623,0.1350916764851101,0.237368261181264
343,343.0,0.0585936675296505,0.0677039157652108,0.0691923291848095,0.2901105221215291,0.0644091549619904,0.0770576704470996,0.1350336758757432,0.2378990641139668
344,344.0,0.0583234106185371,0.0674486336425971,0.0692217678745859,0.2904567303777185,0.06440528877186,0.0767619625397648,0.1350525934212231,0.2383296127537134
345,345.0,0.0580697657256218,0.0672029887713254,0.0692480872285998,0.2908255829316559,0.0643981618683112,0.0764514575289659,0.1351447565205795,0.2386591994249404
346,346.0,0.0578327771197367,0.0669675416322116,0.0692708333388163,0.2912181220450085,0.0643875228368916,0.076128875689632,0.1351393462955829,0.2390549810421202
347,347.0,0.0576068746370894,0.0667317887137251,0.0692869132838532,0.2917715426428066,0.0643677305746297,0.0757831708249096,0.1351728327770396,0.2392791465459467
348,348.0,0.0573973374246788,0.0665070674845556,0.0692988132166049,0.2923480334746173,0.064344196365198,0.0754306339599396,0.1352694515609953,0.2394044665134103
349,349.0,0.0572050496792255,0.0662960462407821,0.0693075595141503,0.2929067554647637,0.0643181181158598,0.0750785221688345,0.1354268789343482,0.2394610698820357
350,350.0,0.0570250844816827,0.0660890521391995,0.0693111929648924,0.2934798290734794,0.0642866810483505,0.0747174202588589,0.135615586595647,0.2394751534378892
351,351.0,0.056861222339273,0.065801690819548,0.0693161558924575,0.2939057020554233,0.0641726169023359,0.0743511184360384,0.135835847958418,0.2397556455965057
352,352.0,0.0566930992009002,0.0655037446137132,0.069257656478227,0.2944187056520739,0.0640349981796767,0.0739614277449242,0.1362223666693346,0.23990800146115
353,353.0,0.0565441499275387,0.0652206009903249,0.0691983121907513,0.2949006229967664,0.0638963574272815,0.0735859795489849,0.1367222943357667,0.2399316825825854
354,354.0,0.0564182051732002,0.0649621965982284,0.0691408960464702,0.2954851710177573,0.0637623050528318,0.0732377846377593,0.1372045589486621,0.2397888825250904
355,355.0,0.0563184313959606,0.0646400865912525,0.0691326504379183,0.2958627737995715,0.0636377956545779,0.0729113151032719,0.1377985167578857,0.2396984302595612
356,356.0,0.0562228479289882,0.0643273669400649,0.069067419779828,0.2960635198342374,0.0634973789439954,0.0725925087521712,0.1383520625686208,0.2398768952520939
357,357.0,0.0561402563102128,0.0641860413357443,0.0692564496636128,0.2961940435879314,0.0633471238642829,0.0718661268913452,0.1390859162589739,0.2399240420878963
358,358.0,0.056060888200104,0.0643488779139571,0.0693839082557121,0.2962530655877045,0.0631838279405129,0.0711534880996986,0.1397729760976674,0.2398429679046433
359,359.0,0.0559850121729599,0.0645105551362692,0.0694523847122337,0.2962027385528891,0.0630111766466155,0.070544545138811,0.140410908374328,0.2398826792658934
360,360.0,0.0560214906621551,0.0646764278975961,0.0695165346118016,0.2959353573242907,0.062843761353311,0.0699604352227614,0.1409824341667235,0.2400635587613603
361,361.0,0.0560492153209624,0.0648183311440014,0.0695236626297109,0.2957355259046279,0.0627697690420919,0.0693862009672907,0.1413166572027486,0.2404006377885659
362,362.0,0.0560716688295261,0.0649456889389396,0.0694788363687895,0.2955391434676775,0.0629631128728191,0.0688352459274851,0.1416561147903484,0.2405101888044144
363,363.0,0.056136199765591,0.0652354043383581,0.0694688712362929,0.2948492750112955,0.0631991908865319,0.0683986116489883,0.1420476872381845,0.2406647598747574
364,364.0,0.0561251561427624,0.0655203845612086,0.0694727731919006,0.294470421089812,0.063287831137744,0.0680035608242418,0.1423496118942326,0.2407702611580977
365,365.0,0.0561054247361277,0.0657824400087542,0.0694277262610831,0.29398247180082,0.0636207987745582,0.0676324574748239,0.1426517409830562,0.2407969399607765
366,366.0,0.0560864021713804,0.0660292266369497,0.0693413042423019,0.2933721948849311,0.0639310719627655,0.0672103597334542,0.1429091113597918,0.2411203290084251
367,367.0,0.0560558468706585,0.066247841971293,0.0692052845303774,0.2926253479365326,0.0642040092191968,0.0668102784893695,0.1430198638943179,0.241831527088254
368,368.0,0.0560196228931529,0.0664361195801079,0.0690309956723233,0.2920138169015382,0.0644448279337532,0.0664316414570754,0.1430665006290575,0.2425564749329914
369,369.0,0.0559785348542662,0.0665943204165651,0.0688225090141967,0.291593734873575,0.0646548503580032,0.0660760122792679,0.1430535781157874,0.2432264600883382
370,370.0,0.0560306114937726,0.0669586184205595,0.0685906152373359,0.2911042550798432,0.0648425290370986,0.065663004641424,0.1429888834089786,0.2438214826809874
371,371.0,0.0560790898635785,0.0672986022627327,0.0683558261196515,0.29064006441147,0.0650910446507613,0.0652756567066279,0.1428747553236881,0.2443849606614896
372,372.0,0.0561231417221789,0.06761224491645,0.0681199698679544,0.2902059056766206,0.0653129936019645,0.0649140365408251,0.1427153868494163,0.2449963208245899
373,373.0,0.0561564985123006,0.0678925795884908,0.0676547853926304,0.2898418479058503,0.0655114842488212,0.0647055719146044,0.1425612803208098,0.2456759521164922
374,374.0,0.0562144781531801,0.0683624082552862,0.0672322442030397,0.2887913088171663,0.0657216451572487,0.0643675156559986,0.1424501774329014,0.2468602223251787
375,375.0,0.0562635560005981,0.0687965727173198,0.0665880898476566,0.2877903102473167,0.0659090711693125,0.0640495504455868,0.1424786914243846,0.2481241581478248
