,Unnamed: 0,Total_iterations,Intertwine_two,Add_vertex,Delete_vertex,Invert_path_vertices,Insert_inside_vertex,Delete_inside_vertex,Replace_inside_vertex,Donate_between_routes
0,0.0,0.0,0.125,0.125,0.125,0.125,0.125,0.125,0.125,0.125
1,1.0,1.0,0.125,0.125,0.125,0.125,0.125,0.125,0.125,0.125
2,2.0,2.0,0.125,0.125,0.125,0.125,0.125,0.125,0.125,0.125
3,3.0,3.0,0.125,0.125,0.125,0.125,0.125,0.125,0.125,0.125
4,4.0,4.0,0.125,0.125,0.125,0.125,0.125,0.125,0.125,0.125
5,5.0,5.0,0.125,0.125,0.125,0.125,0.125,0.125,0.125,0.125
6,6.0,6.0,0.125,0.125,0.125,0.125,0.125,0.125,0.125,0.125
7,7.0,7.0,0.125,0.125,0.125,0.125,0.125,0.125,0.125,0.125
8,8.0,8.0,0.125,0.125,0.125,0.125,0.125,0.125,0.125,0.125
9,9.0,9.0,0.125,0.125,0.125,0.125,0.125,0.125,0.125,0.125
10,10.0,10.0,0.125,0.125,0.125,0.125,0.125,0.125,0.125,0.125
11,11.0,11.0,0.125,0.125,0.125,0.125,0.125,0.125,0.125,0.125
12,12.0,12.0,0.125,0.125,0.125,0.125,0.125,0.125,0.125,0.125
13,13.0,13.0,0.125,0.125,0.125,0.125,0.125,0.125,0.125,0.125
14,14.0,14.0,0.125,0.125,0.125,0.125,0.125,0.125,0.125,0.125
15,15.0,15.0,0.125,0.125,0.125,0.125,0.125,0.125,0.125,0.125
16,16.0,16.0,0.125,0.125,0.125,0.125,0.125,0.125,0.125,0.125
17,17.0,17.0,0.125,0.125,0.125,0.125,0.125,0.125,0.125,0.125
18,18.0,18.0,0.125,0.125,0.125,0.125,0.125,0.125,0.125,0.125
19,19.0,19.0,0.125,0.125,0.125,0.125,0.125,0.125,0.125,0.125
20,20.0,20.0,0.125,0.125,0.125,0.125,0.125,0.125,0.125,0.125
21,21.0,21.0,0.125,0.125,0.125,0.125,0.125,0.125,0.125,0.125
22,22.0,22.0,0.125,0.125,0.125,0.125,0.125,0.125,0.125,0.125
23,23.0,23.0,0.125,0.125,0.125,0.125,0.125,0.125,0.125,0.125
24,24.0,24.0,0.125,0.125,0.125,0.125,0.125,0.125,0.125,0.125
25,25.0,25.0,0.125,0.125,0.125,0.125,0.125,0.125,0.125,0.125
26,26.0,26.0,0.125,0.125,0.125,0.125,0.125,0.125,0.125,0.125
27,27.0,27.0,0.125,0.125,0.125,0.125,0.125,0.125,0.125,0.125
28,28.0,28.0,0.125,0.125,0.125,0.125,0.125,0.125,0.125,0.125
29,29.0,29.0,0.125,0.125,0.125,0.125,0.125,0.125,0.125,0.125
30,30.0,30.0,0.125,0.125,0.125,0.125,0.125,0.125,0.125,0.125
31,31.0,31.0,0.125,0.125,0.125,0.125,0.125,0.125,0.125,0.125
32,32.0,32.0,0.125,0.125,0.125,0.125,0.125,0.125,0.125,0.125
33,33.0,33.0,0.125,0.125,0.125,0.125,0.125,0.125,0.125,0.125
34,34.0,34.0,0.125,0.125,0.125,0.125,0.125,0.125,0.125,0.125
35,35.0,35.0,0.125,0.125,0.125,0.125,0.125,0.125,0.125,0.125
36,36.0,36.0,0.125,0.125,0.125,0.125,0.125,0.125,0.125,0.125
37,37.0,37.0,0.125,0.125,0.125,0.125,0.125,0.125,0.125,0.125
38,38.0,38.0,0.125,0.125,0.125,0.125,0.125,0.125,0.125,0.125
39,39.0,39.0,0.125,0.125,0.125,0.125,0.125,0.125,0.125,0.125
40,40.0,40.0,0.125,0.125,0.125,0.125,0.125,0.125,0.125,0.125
41,41.0,41.0,0.125,0.125,0.125,0.125,0.125,0.125,0.125,0.125
42,42.0,42.0,0.125,0.125,0.125,0.125,0.125,0.125,0.125,0.125
43,43.0,43.0,0.125,0.125,0.125,0.125,0.125,0.125,0.125,0.125
44,44.0,44.0,0.125,0.125,0.125,0.125,0.125,0.125,0.125,0.125
45,45.0,45.0,0.125,0.125,0.125,0.125,0.125,0.125,0.125,0.125
46,46.0,46.0,0.125,0.125,0.125,0.125,0.125,0.125,0.125,0.125
47,47.0,47.0,0.125,0.125,0.125,0.125,0.125,0.125,0.125,0.125
48,48.0,48.0,0.125,0.125,0.125,0.125,0.125,0.125,0.125,0.125
49,49.0,49.0,0.125,0.125,0.125,0.125,0.125,0.125,0.125,0.125
50,50.0,50.0,0.125,0.125,0.125,0.125,0.125,0.125,0.125,0.125
51,51.0,51.0,0.125,0.125,0.125,0.125,0.125,0.125,0.125,0.125
52,52.0,52.0,0.125,0.125,0.125,0.125,0.125,0.125,0.125,0.125
53,53.0,53.0,0.125,0.125,0.125,0.125,0.125,0.125,0.125,0.125
54,54.0,54.0,0.125,0.125,0.125,0.125,0.125,0.125,0.125,0.125
55,55.0,55.0,0.125,0.125,0.125,0.125,0.125,0.125,0.125,0.125
56,56.0,56.0,0.125,0.125,0.125,0.125,0.125,0.125,0.125,0.125
57,57.0,57.0,0.125,0.125,0.125,0.125,0.125,0.125,0.125,0.125
58,58.0,58.0,0.125,0.125,0.125,0.125,0.125,0.125,0.125,0.125
59,59.0,59.0,0.125,0.125,0.125,0.125,0.125,0.125,0.125,0.125
60,60.0,60.0,0.125,0.125,0.125,0.125,0.125,0.125,0.125,0.125
61,61.0,61.0,0.125,0.125,0.125,0.125,0.125,0.125,0.125,0.125
62,62.0,62.0,0.125,0.125,0.125,0.125,0.125,0.125,0.125,0.125
63,63.0,63.0,0.125,0.125,0.125,0.125,0.125,0.125,0.125,0.125
64,64.0,64.0,0.125,0.125,0.125,0.125,0.125,0.125,0.125,0.125
65,65.0,65.0,0.125,0.125,0.125,0.125,0.125,0.125,0.125,0.125
66,66.0,66.0,0.125,0.125,0.125,0.125,0.125,0.125,0.125,0.125
67,67.0,67.0,0.125,0.125,0.125,0.125,0.125,0.125,0.125,0.125
68,68.0,68.0,0.125,0.125,0.125,0.125,0.125,0.125,0.125,0.125
69,69.0,69.0,0.125,0.125,0.125,0.125,0.125,0.125,0.125,0.125
70,70.0,70.0,0.125,0.125,0.125,0.125,0.125,0.125,0.125,0.125
71,71.0,71.0,0.125,0.125,0.125,0.125,0.125,0.125,0.125,0.125
72,72.0,72.0,0.125,0.125,0.125,0.125,0.125,0.125,0.125,0.125
73,73.0,73.0,0.125,0.125,0.125,0.125,0.125,0.125,0.125,0.125
74,74.0,74.0,0.125,0.125,0.125,0.125,0.125,0.125,0.125,0.125
75,75.0,75.0,0.125,0.125,0.125,0.125,0.125,0.125,0.125,0.125
76,76.0,76.0,0.125,0.125,0.125,0.125,0.125,0.125,0.125,0.125
77,77.0,77.0,0.125,0.125,0.125,0.125,0.125,0.125,0.125,0.125
78,78.0,78.0,0.125,0.125,0.125,0.125,0.125,0.125,0.125,0.125
79,79.0,79.1,0.125,0.125,0.125,0.125,0.125,0.125,0.125,0.125
80,80.0,80.1,0.125,0.125,0.125,0.125,0.125,0.125,0.125,0.125
81,81.0,81.1,0.125,0.125,0.125,0.125,0.125,0.125,0.125,0.125
82,82.0,82.1,0.125,0.125,0.125,0.125,0.125,0.125,0.125,0.125
83,83.0,83.1,0.125,0.125,0.125,0.125,0.125,0.125,0.125,0.125
84,84.0,84.1,0.125,0.125,0.125,0.125,0.125,0.125,0.125,0.125
85,85.0,85.1,0.125,0.125,0.125,0.125,0.125,0.125,0.125,0.125
86,86.0,86.1,0.125,0.125,0.125,0.125,0.125,0.125,0.125,0.125
87,87.0,87.1,0.125,0.125,0.125,0.125,0.125,0.125,0.125,0.125
88,88.0,88.1,0.125,0.125,0.125,0.125,0.125,0.125,0.125,0.125
89,89.0,89.1,0.125,0.125,0.125,0.125,0.125,0.125,0.125,0.125
90,90.0,90.2,0.125,0.125,0.125,0.125,0.125,0.125,0.125,0.125
91,91.0,91.2,0.125,0.125,0.125,0.125,0.125,0.125,0.125,0.125
92,92.0,92.2,0.125,0.125,0.125,0.125,0.125,0.125,0.125,0.125
93,93.0,93.2,0.125,0.125,0.125,0.125,0.125,0.125,0.125,0.125
94,94.0,94.2,0.125,0.125,0.125,0.125,0.125,0.125,0.125,0.125
95,95.0,95.2,0.125,0.125,0.125,0.125,0.125,0.125,0.125,0.125
96,96.0,96.2,0.125,0.125,0.125,0.125,0.125,0.125,0.125,0.125
97,97.0,97.2,0.125,0.125,0.125,0.125,0.125,0.125,0.125,0.125
98,98.0,98.2,0.125,0.125,0.125,0.125,0.125,0.125,0.125,0.125
99,99.0,99.4,0.125,0.125,0.125,0.125,0.125,0.125,0.125,0.125
100,100.0,100.4,0.125,0.125,0.125,0.125,0.125,0.125,0.125,0.125
101,101.0,101.4,0.125,0.125,0.125,0.125,0.125,0.125,0.125,0.125
102,102.0,102.4,0.125,0.125,0.125,0.125,0.125,0.125,0.125,0.125
103,103.0,103.4,0.125,0.125,0.125,0.125,0.125,0.125,0.125,0.125
104,104.0,104.4,0.125,0.125,0.125,0.125,0.125,0.125,0.125,0.125
105,105.0,105.4,0.125,0.125,0.125,0.125,0.125,0.125,0.125,0.125
106,106.0,106.4,0.125,0.125,0.125,0.125,0.125,0.125,0.125,0.125
107,107.0,107.4,0.125,0.125,0.125,0.125,0.125,0.125,0.125,0.125
108,108.0,108.4,0.125,0.125,0.125,0.125,0.125,0.125,0.125,0.125
109,109.0,109.4,0.125,0.125,0.125,0.125,0.125,0.125,0.125,0.125
110,110.0,110.4,0.125,0.125,0.125,0.125,0.125,0.125,0.125,0.125
111,111.0,111.4,0.125,0.125,0.125,0.125,0.125,0.125,0.125,0.125
112,112.0,112.4,0.125,0.125,0.125,0.125,0.125,0.125,0.125,0.125
113,113.0,113.4,0.125,0.125,0.125,0.125,0.125,0.125,0.125,0.125
114,114.0,114.4,0.125,0.125,0.125,0.125,0.125,0.125,0.125,0.125
115,115.0,115.4,0.125,0.125,0.125,0.125,0.125,0.125,0.125,0.125
116,116.0,116.4,0.125,0.125,0.125,0.125,0.125,0.125,0.125,0.125
117,117.0,117.4,0.125,0.125,0.125,0.125,0.125,0.125,0.125,0.125
118,118.0,118.4,0.125,0.125,0.125,0.125,0.125,0.125,0.125,0.125
119,119.0,119.4,0.125,0.125,0.125,0.125,0.125,0.125,0.125,0.125
120,120.0,120.4,0.125,0.125,0.125,0.125,0.125,0.125,0.125,0.125
121,121.0,121.4,0.125,0.125,0.125,0.125,0.125,0.125,0.125,0.125
122,122.0,122.4,0.125,0.125,0.125,0.125,0.125,0.125,0.125,0.125
123,123.0,123.4,0.125,0.125,0.125,0.125,0.125,0.125,0.125,0.125
124,124.0,124.4,0.125,0.125,0.125,0.125,0.125,0.125,0.125,0.125
125,125.0,125.4,0.125,0.125,0.125,0.125,0.125,0.125,0.125,0.125
126,126.0,126.4,0.125,0.125,0.125,0.125,0.125,0.125,0.125,0.125
127,127.0,127.4,0.125,0.125,0.125,0.125,0.125,0.125,0.125,0.125
128,128.0,128.4,0.125,0.125,0.125,0.125,0.125,0.125,0.125,0.125
129,129.0,129.4,0.125,0.125,0.125,0.125,0.125,0.125,0.125,0.125
130,130.0,130.4,0.125,0.125,0.125,0.125,0.125,0.125,0.125,0.125
131,131.0,131.4,0.125,0.125,0.125,0.125,0.125,0.125,0.125,0.125
132,132.0,132.4,0.125,0.125,0.125,0.125,0.125,0.125,0.125,0.125
133,133.0,133.4,0.125,0.125,0.125,0.125,0.125,0.125,0.125,0.125
134,134.0,134.4,0.125,0.125,0.125,0.125,0.125,0.125,0.125,0.125
135,135.0,135.4,0.125,0.125,0.125,0.125,0.125,0.125,0.125,0.125
136,136.0,136.4,0.125,0.125,0.125,0.125,0.125,0.125,0.125,0.125
137,137.0,137.4,0.125,0.125,0.125,0.125,0.125,0.125,0.125,0.125
138,138.0,138.4,0.125,0.125,0.125,0.125,0.125,0.125,0.125,0.125
139,139.0,139.4,0.125,0.125,0.125,0.125,0.125,0.125,0.125,0.125
140,140.0,140.4,0.125,0.125,0.125,0.125,0.125,0.125,0.125,0.125
141,141.0,141.4,0.125,0.125,0.125,0.125,0.125,0.125,0.125,0.125
142,142.0,142.4,0.125,0.125,0.125,0.125,0.125,0.125,0.125,0.125
143,143.0,143.4,0.125,0.125,0.125,0.125,0.125,0.125,0.125,0.125
144,144.0,144.4,0.125,0.125,0.125,0.125,0.125,0.125,0.125,0.125
145,145.0,145.4,0.125,0.125,0.125,0.125,0.125,0.125,0.125,0.125
146,146.0,146.4,0.125,0.125,0.125,0.125,0.125,0.125,0.125,0.125
147,147.0,147.4,0.125,0.125,0.125,0.125,0.125,0.125,0.125,0.125
148,148.0,148.4,0.125,0.125,0.125,0.125,0.125,0.125,0.125,0.125
149,149.0,149.4,0.125,0.125,0.125,0.125,0.125,0.125,0.125,0.125
150,150.0,150.4,0.125,0.125,0.125,0.125,0.125,0.125,0.125,0.125
151,151.0,151.4,0.125,0.125,0.125,0.125,0.125,0.125,0.125,0.125
152,152.0,152.4,0.125,0.125,0.125,0.125,0.125,0.125,0.125,0.125
153,153.0,153.4,0.125,0.125,0.125,0.125,0.125,0.125,0.125,0.125
154,154.0,154.4,0.125,0.125,0.125,0.125,0.125,0.125,0.125,0.125
155,155.0,155.4,0.125,0.125,0.125,0.125,0.125,0.125,0.125,0.125
156,156.0,156.4,0.125,0.125,0.125,0.125,0.125,0.125,0.125,0.125
157,157.0,157.4,0.125,0.125,0.125,0.125,0.125,0.125,0.125,0.125
158,158.0,158.4,0.125,0.125,0.125,0.125,0.125,0.125,0.125,0.125
159,159.0,159.4,0.125,0.125,0.125,0.125,0.125,0.125,0.125,0.125
160,160.0,160.4,0.125,0.125,0.125,0.125,0.125,0.125,0.125,0.125
161,161.0,161.4,0.125,0.125,0.125,0.125,0.125,0.125,0.125,0.125
162,162.0,162.4,0.125,0.125,0.125,0.125,0.125,0.125,0.125,0.125
163,163.0,163.4,0.125,0.125,0.125,0.125,0.125,0.125,0.125,0.125
164,164.0,164.4,0.125,0.125,0.125,0.125,0.125,0.125,0.125,0.125
165,165.0,165.4,0.125,0.125,0.125,0.125,0.125,0.125,0.125,0.125
166,166.0,166.4,0.125,0.125,0.125,0.125,0.125,0.125,0.125,0.125
167,167.0,167.4,0.125,0.125,0.125,0.125,0.125,0.125,0.125,0.125
168,168.0,168.4,0.125,0.125,0.125,0.125,0.125,0.125,0.125,0.125
169,169.0,169.4,0.125,0.125,0.125,0.125,0.125,0.125,0.125,0.125
170,170.0,170.4,0.125,0.125,0.125,0.125,0.125,0.125,0.125,0.125
171,171.0,171.4,0.125,0.125,0.125,0.125,0.125,0.125,0.125,0.125
172,172.0,172.4,0.125,0.125,0.125,0.125,0.125,0.125,0.125,0.125
173,173.0,173.4,0.125,0.125,0.125,0.125,0.125,0.125,0.125,0.125
174,174.0,174.4,0.125,0.125,0.125,0.125,0.125,0.125,0.125,0.125
175,175.0,175.4,0.125,0.125,0.125,0.125,0.125,0.125,0.125,0.125
176,176.0,176.4,0.125,0.125,0.125,0.125,0.125,0.125,0.125,0.125
177,177.0,177.4,0.125,0.125,0.125,0.125,0.125,0.125,0.125,0.125
178,178.0,178.4,0.125,0.125,0.125,0.125,0.125,0.125,0.125,0.125
179,179.0,179.4,0.125,0.125,0.125,0.125,0.125,0.125,0.125,0.125
180,180.0,180.4,0.125,0.125,0.125,0.125,0.125,0.125,0.125,0.125
181,181.0,181.4,0.125,0.125,0.125,0.125,0.125,0.125,0.125,0.125
182,182.0,182.4,0.125,0.125,0.125,0.125,0.125,0.125,0.125,0.125
183,183.0,183.4,0.125,0.125,0.125,0.125,0.125,0.125,0.125,0.125
184,184.0,184.4,0.125,0.125,0.125,0.125,0.125,0.125,0.125,0.125
185,185.0,185.4,0.125,0.125,0.125,0.125,0.125,0.125,0.125,0.125
186,186.0,186.4,0.125,0.125,0.125,0.125,0.125,0.125,0.125,0.125
187,187.0,187.4,0.125,0.125,0.125,0.125,0.125,0.125,0.125,0.125
188,188.0,188.4,0.125,0.125,0.125,0.125,0.125,0.125,0.125,0.125
189,189.0,189.4,0.125,0.125,0.125,0.125,0.125,0.125,0.125,0.125
190,190.0,190.4,0.125,0.125,0.125,0.125,0.125,0.125,0.125,0.125
191,191.0,191.4,0.125,0.125,0.125,0.125,0.125,0.125,0.125,0.125
192,192.0,192.4,0.125,0.125,0.125,0.125,0.125,0.125,0.125,0.125
193,193.0,193.4,0.125,0.125,0.125,0.125,0.125,0.125,0.125,0.125
194,194.0,194.4,0.125,0.125,0.125,0.125,0.125,0.125,0.125,0.125
195,195.0,195.4,0.125,0.125,0.125,0.125,0.125,0.125,0.125,0.125
196,196.0,196.4,0.125,0.125,0.125,0.125,0.125,0.125,0.125,0.125
197,197.0,197.4,0.125,0.125,0.125,0.125,0.125,0.125,0.125,0.125
198,198.0,198.4,0.125,0.125,0.125,0.125,0.125,0.125,0.125,0.125
199,199.0,199.4,0.12361111111111112,0.12361111111111112,0.13472222222222224,0.12361111111111112,0.12361111111111112,0.12361111111111112,0.12361111111111112,0.12361111111111112
200,200.0,200.4,0.12222222222222223,0.13333333333333333,0.13333333333333336,0.12222222222222223,0.12222222222222223,0.12222222222222223,0.12222222222222223,0.12222222222222223
201,201.0,201.4,0.11972222222222224,0.13083333333333333,0.12972222222222224,0.12972222222222224,0.11972222222222224,0.13083333333333333,0.11972222222222224,0.11972222222222224
202,202.0,202.4,0.11861111111111108,0.12972222222222224,0.1286111111111111,0.1286111111111111,0.11861111111111108,0.12861111111111112,0.12861111111111112,0.11861111111111108
203,203.0,203.4,0.11679292929292928,0.1279040404040404,0.13497474747474747,0.12588383838383838,0.11679292929292928,0.13497474747474747,0.12588383838383838,0.11679292929292928
204,204.0,204.4,0.11679292929292928,0.1279040404040404,0.13497474747474747,0.12588383838383838,0.11679292929292928,0.13497474747474747,0.12588383838383838,0.11679292929292928
205,205.0,205.4,0.12436868686868685,0.12714646464646465,0.1327020202020202,0.12436868686868685,0.11603535353535352,0.1342171717171717,0.1251262626262626,0.11603535353535352
206,206.0,206.4,0.1300213675213675,0.13408119658119658,0.1300213675213675,0.12232905982905981,0.11463675213675213,0.1313034188034188,0.12297008547008545,0.11463675213675213
207,207.0,207.4,0.12938034188034186,0.1327991452991453,0.12938034188034186,0.12168803418803417,0.1139957264957265,0.13707264957264959,0.12168803418803417,0.1139957264957265
208,208.0,208.4,0.12773199023199022,0.13224969474969475,0.1348748473748474,0.12058913308913308,0.11344627594627595,0.13652319902319904,0.12113858363858362,0.11344627594627595
209,209.0,209.4,0.1257936507936508,0.12976190476190474,0.13293650793650796,0.11865079365079365,0.11150793650793651,0.14007936507936508,0.12976190476190474,0.11150793650793651
210,210.0,210.4,0.12392857142857142,0.1274206349206349,0.14218253968253966,0.12345238095238095,0.10964285714285713,0.13630952380952382,0.1274206349206349,0.10964285714285713
211,211.0,211.4,0.12240079365079364,0.12547619047619046,0.1495436507936508,0.1215079365079365,0.10811507936507936,0.13311507936507935,0.12547619047619046,0.11436507936507936
212,212.0,212.4,0.1211240556828792,0.12383180544945249,0.14644873100755454,0.11986355148119854,0.10683834139716493,0.13036775316187083,0.1329227145403616,0.11860304727951787
213,213.0,213.4,0.12079725829725829,0.12317821067821066,0.14612193362193363,0.12476551226551227,0.10651154401154402,0.12873376623376626,0.13226911976911976,0.11762265512265513
214,214.0,214.4,0.12003968253968252,0.1224206349206349,0.15218253968253967,0.12400793650793648,0.10575396825396824,0.12797619047619047,0.13075396825396823,0.11686507936507935
215,215.0,215.4,0.12003968253968252,0.1224206349206349,0.15218253968253967,0.12400793650793648,0.10575396825396824,0.12797619047619047,0.13075396825396823,0.11686507936507935
216,216.0,216.4,0.12003968253968252,0.1224206349206349,0.15218253968253967,0.12400793650793648,0.10575396825396824,0.12797619047619047,0.13075396825396823,0.11686507936507935
217,217.0,217.4,0.12003968253968252,0.1224206349206349,0.15218253968253967,0.12400793650793648,0.10575396825396824,0.12797619047619047,0.13075396825396823,0.11686507936507935
218,218.0,218.4,0.12003968253968252,0.1224206349206349,0.15218253968253967,0.12400793650793648,0.10575396825396824,0.12797619047619047,0.13075396825396823,0.11686507936507935
219,219.0,219.4,0.12036647992530344,0.11719187675070027,0.15250933706816058,0.12498832866479925,0.10608076563958917,0.12961017740429503,0.13140756302521006,0.11784547152194211
220,220.0,220.4,0.12036647992530344,0.11719187675070027,0.15250933706816058,0.12498832866479925,0.10608076563958917,0.12961017740429503,0.13140756302521006,0.11784547152194211
221,221.0,221.4,0.12036647992530344,0.11719187675070027,0.15250933706816058,0.13609943977591038,0.10608076563958917,0.12961017740429503,0.12029645191409896,0.11784547152194211
222,222.0,222.4,0.12036647992530344,0.11719187675070027,0.15250933706816058,0.13609943977591038,0.10608076563958917,0.12961017740429503,0.12029645191409896,0.11784547152194211
223,223.0,223.4,0.12003968253968252,0.11686507936507935,0.15218253968253967,0.14067460317460317,0.10575396825396824,0.12797619047619047,0.11964285714285713,0.11686507936507935
224,224.0,224.4,0.11974728487886381,0.11657268170426065,0.15189014202172096,0.13950501253132827,0.10546157059314953,0.1265142021720969,0.12432121971595655,0.11598788638262321
225,225.0,225.4,0.11948412698412698,0.1163095238095238,0.1516269841269841,0.13845238095238094,0.10519841269841271,0.1301984126984127,0.12353174603174603,0.11519841269841269
226,226.0,226.4,0.11924603174603174,0.11607142857142856,0.15138888888888888,0.1375,0.10496031746031746,0.13353174603174603,0.1228174603174603,0.11448412698412698
227,227.0,227.4,0.11791847041847041,0.12474386724386724,0.15006132756132756,0.13441197691197687,0.10363275613275613,0.13545093795093793,0.12105699855699854,0.11272366522366521
228,228.0,228.4,0.11681175105088146,0.12272805696718739,0.1489546081937386,0.14089419035071207,0.10252603676516721,0.13730864546081936,0.11955502227241355,0.11122168893908024
229,229.0,229.4,0.11663059163059161,0.12254689754689754,0.14877344877344875,0.14016955266955264,0.10234487734487734,0.13984487734487733,0.11901154401154398,0.11067821067821067
230,230.0,230.4,0.11570634920634919,0.1291984126984127,0.14784920634920634,0.1372301587301587,0.10142063492063491,0.1414206349206349,0.11775396825396825,0.10942063492063489
231,231.0,231.4,0.11491147741147738,0.1348137973137973,0.14705433455433453,0.13469169719169716,0.1006257631257631,0.14293345543345543,0.11665140415140414,0.1083180708180708
232,232.0,232.4,0.11436202686202683,0.13975885225885226,0.14650488400488398,0.13304334554334551,0.10007631257631255,0.14238400488400488,0.11610195360195359,0.10776862026862025
233,233.0,233.4,0.11388583638583635,0.14404456654456652,0.14602869352869352,0.1316147741147741,0.09960012210012208,0.1419078144078144,0.11562576312576311,0.10729242979242977
234,234.0,234.4,0.11513583638583638,0.1494612332112332,0.13227869352869354,0.14203144078144075,0.10085012210012209,0.1431578144078144,0.10854242979242978,0.10854242979242978
235,235.0,235.4,0.11476818932701285,0.1468877037994685,0.13779339941104646,0.14092849960497017,0.10048247504129856,0.14279016734899086,0.10817478273360626,0.10817478273360626
236,236.0,236.4,0.11385909841792193,0.14597861289037758,0.13597521759286466,0.13911031778678834,0.09957338413220765,0.15097198553080907,0.10726569182451536,0.10726569182451536
237,237.0,237.4,0.11385909841792193,0.14597861289037758,0.13009286465168818,0.13911031778678834,0.10545573707338411,0.15097198553080907,0.10726569182451536,0.10726569182451536
238,238.0,238.4,0.11908785658785656,0.14369103119103116,0.13885697635697636,0.1381299256299256,0.10480214230214228,0.1454004329004329,0.10309274059274057,0.10693889443889444
239,239.0,239.4,0.11894540644540644,0.14354858104858104,0.1387145262145262,0.13756012506012502,0.10465969215969215,0.14354858104858104,0.10280784030784029,0.11021524771524768
240,240.0,240.4,0.11683944710260497,0.14524379129642287,0.13690096453254347,0.13476494265967948,0.1025537328168907,0.1548302574618364,0.10086200349358243,0.10800486063643958
241,241.0,241.4,0.12318094085789182,0.1432519517183764,0.14339397343934548,0.13164606919597843,0.10056189323884421,0.15012632155100394,0.09874701120617635,0.10909183879238324
242,242.0,242.4,0.12034854034854034,0.13948162948162945,0.13927461427461424,0.13320568320568318,0.09837051837051834,0.1659113109113109,0.09670385170385169,0.10670385170385169
243,243.0,243.4,0.12034854034854034,0.13948162948162945,0.13927461427461424,0.13320568320568318,0.09837051837051834,0.1659113109113109,0.09670385170385169,0.10670385170385169
244,244.0,244.4,0.11987234987234985,0.13757686757686755,0.14379842379842375,0.1289199689199689,0.09789432789432786,0.16900654900654902,0.09646575646575645,0.10646575646575643
245,245.0,245.4,0.11911477411477409,0.1368192918192918,0.14228327228327226,0.12816239316239314,0.09713675213675212,0.17506715506715506,0.09570818070818068,0.1057081807081807
246,246.0,246.4,0.118366221592028,0.13607073929654573,0.14089369411950053,0.12719878687620623,0.09638819961400605,0.1784749300878333,0.09807790775532708,0.1045295206585529
247,247.0,247.4,0.11771596459096456,0.14018238705738703,0.13969398656898654,0.1215850122100122,0.0957379426129426,0.18125763125763122,0.10035103785103786,0.10347603785103784
248,248.0,248.4,0.11718836718836716,0.14268509268509266,0.13916638916638915,0.12065157065157062,0.0952103452103452,0.1795260295260295,0.10278610278610276,0.10278610278610276
249,249.0,249.4,0.12328971681912855,0.14211977564918737,0.1381248816542934,0.11990800049623576,0.09464502817443993,0.17818403818403816,0.10186427951133832,0.10186427951133832
250,250.0,250.4,0.12281042628868713,0.1444072835377183,0.13764559112385197,0.11906301428040555,0.09416573764399849,0.17655783829696872,0.10124648298561341,0.10410362584275626
251,251.0,251.4,0.121535409035409,0.14608516483516482,0.14406288156288155,0.1178647741147741,0.09330738705738703,0.1738629426129426,0.10025183150183148,0.10302960927960925
252,252.0,252.4,0.11929280541045247,0.14709299215181568,0.14786423398188103,0.11567300073182425,0.09198188104070457,0.17510429757488583,0.10149539455421808,0.10149539455421808
253,253.0,253.4,0.11796160839504491,0.1445456779202909,0.1489506193840559,0.12071237671856865,0.09112687450148749,0.17319403334883207,0.10307019433954419,0.10043861539217573
254,254.0,254.4,0.12331079867844572,0.1440615348703584,0.1467998096674567,0.11925994756877108,0.09064273145155496,0.17412689434748255,0.10218119299001653,0.09961709042591395
255,255.0,255.4,0.12220785750197513,0.14369388781153486,0.14496157437333904,0.12403935933347694,0.09027508439273144,0.17375924728865902,0.10181354593119299,0.09924944336709042
256,256.0,256.4,0.12009926021690724,0.14136709042591394,0.15334468146232852,0.12319370825253176,0.09025597931480281,0.17102219349278172,0.10164059469941822,0.09907649213531564
257,257.0,257.4,0.12435702000098284,0.12989947908988156,0.15152619293331365,0.12183180991694922,0.08989947908988155,0.18318706078922792,0.10089947908988155,0.09839947908988156
258,258.0,258.4,0.12318243720252327,0.1335753455853886,0.1498862699551365,0.12559625150873358,0.08557534558538862,0.18176536630912526,0.10264851631709596,0.09777046753660815
259,259.0,259.4,0.12252884243128144,0.1332485481997677,0.14923267518389466,0.12526945412311266,0.08524854819976771,0.1847065427797135,0.10232171893147504,0.09744367015098723
260,260.0,260.4,0.12167405693721481,0.13089807852965746,0.15182057708373498,0.12434130197288089,0.08474423237581132,0.18846185977764923,0.10141089904247798,0.0966489942805732
261,261.0,261.4,0.11994216808170295,0.1321933062630737,0.1490980681678356,0.12229420450350681,0.08404515811492555,0.19642980189491815,0.10032422788236739,0.09567306509166973
262,262.0,262.4,0.1319288119288119,0.13057479557479557,0.14615921115921116,0.11970418470418467,0.08242664742664742,0.19708032708032705,0.09833573833573832,0.09379028379028377
263,263.0,263.4,0.1289902126858648,0.13118765292678333,0.1434029738377564,0.11741012610577825,0.08118765292678334,0.19908243929983058,0.09709674383587427,0.10164219838132879
264,264.0,264.4,0.12681799792744317,0.1317641071239272,0.14154622904997716,0.1159151268521583,0.08003996919289272,0.19373562136680572,0.10236320151612503,0.10781774697067048
265,265.0,265.4,0.12621118012422355,0.1296790890269151,0.14386128364389233,0.11522774327122151,0.0796790890269151,0.19670807453416145,0.10141821946169771,0.10721532091097305
266,266.0,266.4,0.12186335403726704,0.1296790890269151,0.14820910973084883,0.11522774327122151,0.0796790890269151,0.19670807453416145,0.10141821946169771,0.10721532091097305
267,267.0,267.4,0.12113871635610762,0.12949792960662526,0.15110766045548651,0.12084368530020702,0.07949792960662524,0.1918167701863354,0.10123706004140784,0.10486024844720494
268,268.0,268.4,0.12001722391084091,0.12910385005065855,0.14936575481256328,0.1234630192502533,0.07910385005065854,0.1943733535967578,0.1002917933130699,0.10428115501519755
269,269.0,269.4,0.11968389057750758,0.1289371833839919,0.14903242147923,0.12312968591691995,0.07893718338399189,0.19620668693009116,0.09995845997973657,0.1041144883485309
270,270.0,270.4,0.11937619826981527,0.13711667056347904,0.14472472917153764,0.12282199360922763,0.07878333723014572,0.19356566128906552,0.09965076767204425,0.10396064219468473
271,271.0,271.4,0.11826007326007319,0.13870421245421244,0.14099358974358972,0.12240842490842488,0.079271978021978,0.19740384615384612,0.09868589743589742,0.10427197802197799
272,272.0,272.4,0.11627683105943971,0.13712443152660542,0.1440385721363982,0.11743603015342144,0.0783451673125586,0.2036114871440958,0.09777103130363998,0.10539644936384063
273,273.0,273.4,0.12192835993677505,0.13738845662934018,0.14255906001172478,0.12009032925933343,0.07754573973893747,0.20026830702672216,0.0968291535875687,0.10339059380959799
274,274.0,274.4,0.1203712237583205,0.13628413551800647,0.14196599249018604,0.11947388632872502,0.07800456562553335,0.2058540279911248,0.0962243983614951,0.1018217699266086
275,275.0,275.4,0.11871778460488136,0.13798877794845535,0.1403125533367469,0.12879928315412184,0.07648340160436931,0.20248101211810887,0.09814238777948454,0.09707479945383168
276,276.0,276.4,0.11729540391734494,0.14025137792726777,0.13946140920835023,0.1282282121228172,0.0762594424433968,0.20398119088817088,0.09767212319979282,0.09685084029285917
277,277.0,277.4,0.11718101361764235,0.14009123150768416,0.13934701890864765,0.12915477355040814,0.07611073505378345,0.203855361558498,0.09754629387011997,0.09671357193321609
278,278.0,278.4,0.10087559489843052,0.1410436124600651,0.14352691308854185,0.12592726032289492,0.07658692552997393,0.20528393298706943,0.10147076020837939,0.10528500050464465
279,279.0,279.4,0.10034649436932999,0.14403633732778998,0.14697169525672824,0.12214088466151925,0.0764546503976988,0.20462255732569376,0.10027465528887025,0.10515272537236953
280,280.0,280.4,0.0997591865621946,0.145049548254794,0.14517198634495038,0.12487870000709322,0.07623680071864222,0.2059954301425321,0.10005680560981367,0.10285154235997962
281,281.0,281.4,0.09909534735880163,0.14588918191390027,0.14659124997516734,0.12375509068875774,0.07591778910145616,0.20682584381270233,0.09939296640642069,0.10253253074279356
282,282.0,282.4,0.1015639136243065,0.14478625519251276,0.14570629723309808,0.12303283169521342,0.07553813489176087,0.20895185352012904,0.09838419012200238,0.10203652372097675
283,283.0,283.4,0.1011130952380952,0.14273412698412696,0.14764484126984126,0.12234523809523808,0.07621626984126981,0.21096031746031746,0.09742460317460314,0.10156150793650794
284,284.0,284.4,0.10101839826839823,0.14566973304473305,0.1474554473304473,0.12206114718614716,0.07612157287157285,0.209161075036075,0.09704581529581527,0.10146681096681096
285,285.0,285.4,0.10101839826839823,0.14566973304473305,0.144122113997114,0.12206114718614716,0.07612157287157285,0.2124944083694084,0.09704581529581527,0.10146681096681096
286,286.0,286.4,0.10058829074151651,0.1455622061630126,0.1462726516315226,0.12141598589582459,0.07601404598985242,0.21184924707908576,0.09693828841409484,0.10135928408509051
287,287.0,287.4,0.10043814059136638,0.14391055451136095,0.14844982880869978,0.12134091082074952,0.07593897091477735,0.21177417200401072,0.09686321333901977,0.10128420901001545
288,288.0,288.4,0.10035970921881736,0.14387133882508643,0.14841061312242526,0.12118404807565146,0.07589975522850283,0.21067613278832442,0.09847105647627466,0.10112734626491741
289,289.0,289.4,0.10159828841455767,0.1393181740657196,0.15991005517653484,0.12357003857705118,0.07735720123518157,0.21788574702319446,0.09832102002508733,0.08203947548267321
290,290.0,290.4,0.10152571947406419,0.13928188959547289,0.1598737707062881,0.12342490069606422,0.07732091676493484,0.21872028983886932,0.09795817532261998,0.08189433760168627
291,291.0,291.4,0.10069826251453178,0.1384893732369188,0.16665701192349158,0.12252756253457513,0.07652840040638074,0.21725119638864382,0.09685119355526084,0.08099699944019717
292,292.0,292.4,0.10072561941688866,0.13864509714264273,0.16681273582921546,0.1226769733089859,0.07658942734240767,0.21982484958729703,0.09376828109734839,0.08095701627521401
293,293.0,293.4,0.10056598738225664,0.13842323567078124,0.166590874357354,0.12226301227002487,0.07646226284024318,0.22001694915439657,0.09315951486358216,0.08251816346136118
294,294.0,294.4,0.10050333074065262,0.13839190734997925,0.16655954603655201,0.12213769898681684,0.07643093451944119,0.22076882885364474,0.0928462316555621,0.08236152185735117
295,295.0,295.4,0.10216697260393151,0.13836165931610145,0.1665292980026742,0.12201670685130565,0.07640068648556338,0.21674034070537435,0.09254375131678413,0.0852405847182652
296,296.0,296.4,0.11041263790687325,0.13833243663930425,0.15816674199254369,0.12189981614411687,0.07637146380876618,0.21747090762530422,0.09225152454881219,0.08509447133427925
297,297.0,297.4,0.11071250752877677,0.13766316241070797,0.15685644212292177,0.12114579615280874,0.07570218958016992,0.2115570756945231,0.10205062375469105,0.0843122027554005
298,298.0,298.4,0.11051409135157564,0.1374575868869068,0.1566508665991206,0.12076912685617802,0.07558574061608354,0.21360435660390623,0.10142089347211602,0.08399733761411296
299,299.0,299.4,0.11129820484744538,0.13765361526087422,0.14872676149144173,0.12199817917295988,0.07578176899005097,0.21907491587741595,0.10137895251768578,0.08408760184212588
300,300.0,300.4,0.11129820484744538,0.13765361526087422,0.14872676149144173,0.12199817917295988,0.07578176899005097,0.21613373940682773,0.104320128988274,0.08408760184212588
301,301.0,301.4,0.1111957982934259,0.13762801362236937,0.15214943571500586,0.1218957726189404,0.0757561673515461,0.2133511061458852,0.10406411260322537,0.08395959364960157
302,302.0,302.4,0.11063682182927703,0.13748826950633214,0.1544234847024169,0.1256105875679085,0.07561642323550889,0.20880261577272444,0.10370115420147388,0.08372064318435798
303,303.0,303.4,0.11002652684279608,0.1371886369361825,0.15923905950553915,0.12450909951611211,0.0754008242788046,0.2073779215153689,0.10293307463714192,0.0833248567680545
304,304.0,304.4,0.10843115984420329,0.13651506991180903,0.1570079774155861,0.12323826014043401,0.07472725725443113,0.20887910178671049,0.10864312399638483,0.08255804965044093
305,305.0,305.4,0.10796191515854067,0.13639775874039337,0.15897399957750377,0.12255700731365879,0.07460994608301548,0.2073342691318032,0.10832228500950107,0.08384281898558339
306,306.0,306.4,0.11040433787960117,0.1373754885106928,0.157335490818252,0.12195112420003576,0.07444969576796641,0.20663925945846534,0.10816203469445199,0.08368256867053432
307,307.0,307.4,0.11031654156704632,0.13735353943255407,0.15731354174011328,0.12184137880934216,0.07442774668982768,0.20725383364634947,0.10794254391306479,0.08355087420170201
308,308.0,308.4,0.11317246654573343,0.1373322265595788,0.157292228867138,0.1217348144444658,0.07440643381685243,0.20490941761906897,0.10772941518331206,0.08342299696385035
309,309.0,309.4,0.11579326486506118,0.13778390723184772,0.15708739693436488,0.12230204133522211,0.07459025734626419,0.20270878736696812,0.10585966728415239,0.08387467763611925
310,310.0,310.4,0.11514301233980866,0.1375151482130887,0.15585092507289303,0.12422484075802151,0.07441619529720214,0.2038424453756261,0.10540151432599942,0.08360591861736023
311,311.0,311.4,0.11452836025456832,0.13726182001858406,0.15468264449284772,0.12604551169633954,0.07425199366241227,0.2049071464403272,0.10496993301206517,0.08335259042285557
312,312.0,312.4,0.11394646035378297,0.13702262903635898,0.15620863753586864,0.1251403871998837,0.0740968362936326,0.20590897533689292,0.10456267480294938,0.08311339944063054
313,313.0,313.4,0.113474125670922,0.13695515265309313,0.15789554711751508,0.12460057613375689,0.07402935991036676,0.20550411703729782,0.10449519841968351,0.08304592305736468
314,314.0,314.4,0.11633126852806483,0.13695515265309313,0.15789554711751508,0.12460057613375689,0.07402935991036676,0.20264697418015495,0.10449519841968351,0.08304592305736468
315,315.0,315.4,0.11743016962696592,0.13750460320254368,0.15899444821641617,0.12515002668320743,0.0745788104598173,0.1966030181361989,0.10614355006803518,0.08359537360681522
316,316.0,316.4,0.11633126852806483,0.13695515265309313,0.15789554711751508,0.12460057613375689,0.07402935991036676,0.20264697418015495,0.10735234127682639,0.08018878020022181
317,317.0,317.4,0.11452528812873404,0.1369563355059384,0.15691646399009435,0.12827625906775184,0.07410990784257707,0.20153260821924168,0.10730724474835389,0.08037589249730853
318,318.0,318.4,0.11401329410482726,0.13686389887762881,0.1559705422977734,0.1276007046602012,0.07401747121426752,0.20170262613054374,0.10965457121063524,0.08017689150412259
319,319.0,319.4,0.11352562007024244,0.13677571856061554,0.1479297882387127,0.1269573739253373,0.07392929089725425,0.20187747797587613,0.11645543624948658,0.08254929408247483
320,320.0,320.4,0.11210814083586182,0.13621530479597643,0.1491001437048428,0.12586775931459593,0.07336887713261514,0.20729433811104614,0.11422126197305878,0.08182417413200277
321,321.0,321.4,0.11104641009103249,0.1356289261638232,0.14982757888650336,0.12497790819587158,0.07910757357553694,0.20621293981133798,0.1119836017776521,0.08121506149824226
322,322.0,322.4,0.11097030659027145,0.13560990028863293,0.14978952713612284,0.12488277881992027,0.07908854770034669,0.20539482717815685,0.11316320603944816,0.0811009062471007
323,323.0,323.4,0.11097030659027145,0.13560990028863293,0.14978952713612284,0.12488277881992027,0.07908854770034669,0.20539482717815685,0.11316320603944816,0.0811009062471007
324,324.0,324.4,0.10912820132711357,0.13574147923600136,0.1490000534519123,0.12593541039886763,0.0792201266477151,0.2061843008623674,0.10717636393418499,0.08761406414183756
325,325.0,325.4,0.10825065969879795,0.13523158466650925,0.14841903512708593,0.12521214456337268,0.08429606171591023,0.20606506397842464,0.105717803981043,0.0868076462688562
326,326.0,326.4,0.10746211216102439,0.14295696901728058,0.14525822964429902,0.12454796526142249,0.08324819317578162,0.20603992571799226,0.10440002990785095,0.08608657511434852
327,327.0,327.4,0.10661415894465014,0.14062453536905747,0.14430118960831162,0.12636757839682508,0.08223942124595707,0.20352080740940023,0.10313484772161614,0.09319746130418208
328,328.0,328.4,0.10722320187718473,0.14064878297995462,0.13768551424103165,0.12717131538156337,0.08232464446661031,0.20595626597451222,0.10556139172389827,0.09342888335524467
329,329.0,329.4,0.10639761421309668,0.14506641799059614,0.13670965734592458,0.1264026862621772,0.08147912158251498,0.20512114642814536,0.10621994140551934,0.09260341477202556
330,330.0,330.4,0.10632151071233564,0.14504739211540588,0.13804146860924266,0.1263075568862259,0.08146009570732472,0.20434108554534475,0.10599163090323623,0.092489259520884
331,331.0,331.4,0.10611925893474142,0.14599041891459705,0.1375372156734829,0.12615089601038695,0.0813774814808749,0.2048693561763551,0.1057053883909663,0.09224998441859521
332,332.0,332.4,0.10621788387547162,0.14669075082545527,0.1396666609081913,0.12575497377235942,0.08207781339173312,0.20215721656562752,0.10331226484379911,0.0941224358173624
333,333.0,333.4,0.1055754240674149,0.1457851331226617,0.1392292869855799,0.12514338382187348,0.08123026769823108,0.20738216919109367,0.10237944498928479,0.09327489012386037
334,334.0,334.4,0.10545347284790267,0.14426074287875928,0.14124148210753112,0.1250824082121174,0.08116929208847498,0.20732119358133758,0.10231846937952871,0.09315293890434816
335,335.0,335.4,0.10482246845399415,0.14914479012185358,0.1404267518923471,0.1268696865365483,0.0803595813973122,0.20437063107490436,0.10161282621103811,0.09239326431200198
336,336.0,336.4,0.10460601823754394,0.14992501764626714,0.13982522163965405,0.12644433669259378,0.0802513562890871,0.2055309049095968,0.10118747636708361,0.09222966821817333
337,337.0,337.4,0.10677303726502807,0.1484979563354849,0.13940238865868154,0.12639148256997224,0.08019850216646554,0.20547805078697526,0.10113462224446206,0.0921239599729302
338,338.0,338.4,0.10662152211351292,0.14935654219407077,0.13899834825464114,0.12634097751946718,0.08014799711596048,0.2054275457364702,0.101084117193957,0.0920229498719201
339,339.0,339.4,0.10685177495246143,0.15602916908408898,0.13869845491126953,0.1261772282252831,0.08076346860099719,0.20273132890981857,0.09615846313786815,0.09259011217821285
340,340.0,340.4,0.10652573462642109,0.1596381351930551,0.13857297228578688,0.12612682067487557,0.080086720424249,0.2005402092186989,0.09637081835022335,0.0921385892266899
341,341.0,341.4,0.10609283419352064,0.16288488843980833,0.13835652206933666,0.12591037045842535,0.07943736977489835,0.19967440835289804,0.09615436813377314,0.09148923857733923
342,342.0,342.4,0.1056975772765246,0.16150148923032215,0.14250671969779516,0.12571274199992732,0.07884448439940428,0.19888389451890592,0.09595673967527511,0.09089635320184516
343,343.0,343.4,0.10761037294320115,0.1601411127538368,0.14207961432014302,0.12557135915496584,0.07877920505520383,0.19809563191747565,0.09705203871768046,0.09067066513749301
344,344.0,344.4,0.10733644962117421,0.15875903340344108,0.14158007685483312,0.12518886866262335,0.07868656963532514,0.1990718370773071,0.09884346126881624,0.09053370347647954
345,345.0,345.4,0.10724394268315388,0.15866652646542073,0.14144131644780256,0.12623495739325075,0.07864031616631495,0.1988120573198527,0.09847343351673485,0.09048745000746936
346,346.0,346.4,0.10715529020088435,0.15857787398315124,0.14130833772439833,0.1259246737053075,0.08067932325851354,0.1977925537737534,0.09811882358765682,0.09044312376633461
347,347.0,347.4,0.10550699930557886,0.15961026062201727,0.13836387046380988,0.12806131783664426,0.0829021860878558,0.19626523231885568,0.09835536557287197,0.09093476779236608
348,348.0,348.4,0.1052621013463952,0.15830413817303773,0.13991489087197315,0.12773478722439938,0.08473892078173337,0.19524482415559036,0.09798801863409648,0.09081231881277425
349,349.0,349.4,0.10510523860129717,0.15712766758480243,0.13956194969550256,0.12769557153812486,0.08469970509545885,0.1971271770967668,0.09794880294782196,0.09073388744022523
350,350.0,350.4,0.10531091527756206,0.16103895237844018,0.13699441918679556,0.12837087662519467,0.08475112426452507,0.19763794084282468,0.09505904564629994,0.09083672577835769
351,351.0,351.4,0.10116071764910357,0.16242235158792634,0.13738967610379163,0.12856850508369266,0.08534400964001913,0.19388300013136223,0.09525667410479796,0.0959750656993063
352,352.0,352.4,0.1007395199370696,0.16418352851519888,0.13655021189575145,0.12806008235102634,0.08455797704918029,0.19227930056081424,0.09666981999958262,0.09695955969137642
353,353.0,353.4,0.10041859811286638,0.1616510945225516,0.14189194616488524,0.1278439823297582,0.08397955818733241,0.19163100049700968,0.09645371997831444,0.09613010020728198
354,354.0,354.4,0.10028391797818625,0.16242550529696237,0.1415552458281849,0.12977109660981362,0.08394588815366236,0.18956920608227407,0.0964200499446444,0.09602909010627188
355,355.0,355.4,0.10007863306701899,0.1630968437624185,0.1441477513618669,0.12943696995215753,0.0856856679816775,0.1856119378603,0.09604821589633974,0.09589398011822071
