,Unnamed: 0,Total_iterations,Intertwine_two,Add_vertex,Delete_vertex,Invert_path_vertices,Insert_inside_vertex,Delete_inside_vertex,Replace_inside_vertex,Donate_between_routes
0,0.0,0.0,0.125,0.125,0.125,0.125,0.125,0.125,0.125,0.125
1,1.0,0.10900000000000001,0.125,0.125,0.125,0.125,0.125,0.125,0.125,0.125
2,2.0,0.31601,0.125,0.125,0.125,0.125,0.125,0.125,0.125,0.125
3,3.0,0.6191589000000001,0.125,0.125,0.125,0.125,0.125,0.125,0.125,0.125
4,4.0,1.015801321,0.125,0.125,0.125,0.125,0.125,0.125,0.125,0.125
5,5.0,1.50262148669,0.125,0.125,0.125,0.125,0.125,0.125,0.125,0.125
6,6.0,2.0757334209441005,0.125,0.125,0.125,0.125,0.125,0.125,0.125,0.125
7,7.0,2.7307768275633495,0.125,0.125,0.125,0.125,0.125,0.125,0.125,0.125
8,8.0,3.4630081252450404,0.125,0.125,0.125,0.125,0.125,0.125,0.125,0.125
9,9.0,4.2673862119061114,0.125,0.125,0.125,0.125,0.125,0.125,0.125,0.125
10,10.0,5.138652627782014,0.125,0.125,0.125,0.125,0.125,0.125,0.125,0.125
11,11.0,6.071405875792507,0.125,0.125,0.125,0.125,0.125,0.125,0.125,0.125
12,12.0,7.060169740244025,0.125,0.125,0.125,0.125,0.125,0.125,0.125,0.125
13,13.0,8.099455520847952,0.125,0.125,0.125,0.125,0.125,0.125,0.125,0.125
14,14.0,9.183818168183006,0.125,0.125,0.125,0.125,0.125,0.125,0.125,0.125
15,15.0,10.307906369102724,0.125,0.125,0.125,0.125,0.125,0.125,0.125,0.125
16,16.0,11.466506686239443,0.125,0.125,0.125,0.125,0.125,0.125,0.125,0.125
17,17.0,12.654581904800096,0.125,0.125,0.125,0.125,0.125,0.125,0.125,0.125
18,18.0,13.867303782456686,0.125,0.125,0.125,0.125,0.125,0.125,0.125,0.125
19,19.0,15.100080434523047,0.125,0.125,0.125,0.125,0.125,0.125,0.125,0.125
20,20.0,16.348578617037543,0.125,0.125,0.125,0.125,0.125,0.125,0.125,0.125
21,21.0,17.608741195130214,0.125,0.125,0.125,0.125,0.125,0.125,0.125,0.125
22,22.0,18.876800103462312,0.125,0.125,0.125,0.125,0.125,0.125,0.125,0.125
23,23.0,20.14928511992658,0.125,0.125,0.125,0.125,0.125,0.125,0.125,0.125
24,24.0,21.423028783545156,0.125,0.125,0.125,0.125,0.125,0.125,0.125,0.125
25,25.0,22.695167792966423,0.125,0.125,0.125,0.125,0.125,0.125,0.125,0.125
26,26.0,23.963141223515898,0.125,0.125,0.125,0.125,0.125,0.125,0.125,0.125
27,27.0,25.224685898775267,0.125,0.125,0.125,0.125,0.125,0.125,0.125,0.125
28,28.0,26.477829247520948,0.125,0.125,0.125,0.125,0.125,0.125,0.125,0.125
29,29.0,27.720879968916847,0.125,0.125,0.125,0.125,0.125,0.125,0.125,0.125
30,30.0,28.95241681848399,0.125,0.125,0.125,0.125,0.125,0.125,0.125,0.125
31,31.0,30.17127581490958,0.125,0.125,0.125,0.125,0.125,0.125,0.125,0.125
32,32.0,31.376536153543515,0.125,0.125,0.125,0.125,0.125,0.125,0.125,0.125
33,33.0,32.567505096778625,0.125,0.125,0.125,0.125,0.125,0.125,0.125,0.125
34,34.0,33.74370209472243,0.125,0.125,0.125,0.125,0.125,0.125,0.125,0.125
35,35.0,34.90484237192463,0.125,0.125,0.125,0.125,0.125,0.125,0.125,0.125
36,36.0,36.05082019768737,0.125,0.125,0.125,0.125,0.125,0.125,0.125,0.125
37,37.0,37.18169203889697,0.125,0.125,0.125,0.125,0.125,0.125,0.125,0.125
38,38.0,38.29765977559663,0.125,0.125,0.125,0.125,0.125,0.125,0.125,0.125
39,39.0,39.399054140870355,0.125,0.125,0.125,0.125,0.125,0.125,0.125,0.125
40,40.0,40.48631852820801,0.125,0.125,0.125,0.125,0.125,0.125,0.125,0.125
41,41.0,41.55999329152982,0.125,0.125,0.125,0.125,0.125,0.125,0.125,0.125
42,42.0,42.62070064560415,0.125,0.125,0.125,0.125,0.125,0.125,0.125,0.125
43,43.0,43.669130257815,0.125,0.125,0.125,0.125,0.125,0.125,0.125,0.125
44,44.0,44.70602560622662,0.125,0.125,0.125,0.125,0.125,0.125,0.125,0.125
45,45.0,45.73217116373481,0.125,0.125,0.125,0.125,0.125,0.125,0.125,0.125
46,46.0,46.748380453854836,0.125,0.125,0.125,0.125,0.125,0.125,0.125,0.125
47,47.0,47.755485010424316,0.125,0.125,0.125,0.125,0.125,0.125,0.125,0.125
48,48.0,48.7543242612326,0.125,0.125,0.125,0.125,0.125,0.125,0.125,0.125
49,49.0,49.745736344347726,0.125,0.125,0.125,0.125,0.125,0.125,0.125,0.125
50,50.0,50.730549855707864,0.125,0.125,0.125,0.125,0.125,0.125,0.125,0.125
51,51.0,51.70957651737491,0.125,0.125,0.125,0.125,0.125,0.125,0.125,0.125
52,52.0,52.68360474770151,0.125,0.125,0.125,0.125,0.125,0.125,0.125,0.125
53,53.0,53.65339410751842,0.125,0.125,0.125,0.125,0.125,0.125,0.125,0.125
54,54.0,54.61967059027847,0.125,0.125,0.125,0.125,0.125,0.125,0.125,0.125
55,55.0,55.58312271885972,0.125,0.125,0.125,0.125,0.125,0.125,0.125,0.125
56,56.0,56.544398407394254,0.125,0.125,0.125,0.125,0.125,0.125,0.125,0.125
57,57.0,57.504102543001395,0.125,0.125,0.125,0.125,0.125,0.125,0.125,0.125
58,58.0,58.462795239617805,0.125,0.125,0.125,0.125,0.125,0.125,0.125,0.125
59,59.0,59.42099071417639,0.125,0.125,0.125,0.125,0.125,0.125,0.125,0.125
60,60.0,60.379156734137354,0.125,0.125,0.125,0.125,0.125,0.125,0.125,0.125
61,61.0,61.337714584760846,0.125,0.125,0.125,0.125,0.125,0.125,0.125,0.125
62,62.0,62.29703950447439,0.125,0.125,0.125,0.125,0.125,0.125,0.125,0.125
63,63.0,63.257461537171835,0.125,0.125,0.125,0.125,0.125,0.125,0.125,0.125
64,64.0,64.21926675122782,0.125,0.125,0.125,0.125,0.125,0.125,0.125,0.125
65,65.0,65.18269877636592,0.125,0.125,0.125,0.125,0.125,0.125,0.125,0.125
66,66.0,66.14796061122655,0.125,0.125,0.125,0.125,0.125,0.125,0.125,0.125
67,67.0,67.11521665648885,0.125,0.125,0.125,0.125,0.125,0.125,0.125,0.125
68,68.0,68.08459493066005,0.125,0.125,0.125,0.125,0.125,0.125,0.125,0.125
69,69.0,69.05618942810752,0.125,0.125,0.125,0.125,0.125,0.125,0.125,0.125
70,70.0,70.03006258152917,0.125,0.125,0.125,0.125,0.125,0.125,0.125,0.125
71,71.0,71.00624779379335,0.125,0.125,0.125,0.125,0.125,0.125,0.125,0.125
72,72.0,71.98475200689319,0.125,0.125,0.125,0.125,0.125,0.125,0.125,0.125
73,73.0,72.96555827861411,0.125,0.125,0.125,0.125,0.125,0.125,0.125,0.125
74,74.0,73.94862834037681,0.125,0.125,0.125,0.125,0.125,0.125,0.125,0.125
75,75.0,74.93390511255946,0.125,0.125,0.125,0.125,0.125,0.125,0.125,0.125
76,76.0,75.92131515639825,0.125,0.125,0.125,0.125,0.125,0.125,0.125,0.125
77,77.0,76.91077104428919,0.125,0.125,0.125,0.125,0.125,0.125,0.125,0.125
78,78.0,77.90217363294813,0.125,0.125,0.125,0.125,0.125,0.125,0.125,0.125
79,79.0,78.90541422641171,0.125,0.125,0.125,0.125,0.125,0.125,0.125,0.125
80,80.0,79.91027661826482,0.125,0.125,0.125,0.125,0.125,0.125,0.125,0.125
81,81.0,80.91655000474996,0.125,0.125,0.125,0.125,0.125,0.125,0.125,0.125
82,82.0,81.92403055253908,0.125,0.125,0.125,0.125,0.125,0.125,0.125,0.125
83,83.0,82.9325227400239,0.125,0.125,0.125,0.125,0.125,0.125,0.125,0.125
84,84.0,83.94184048136,0.125,0.125,0.125,0.125,0.125,0.125,0.125,0.125
85,85.0,84.95180804374891,0.125,0.125,0.125,0.125,0.125,0.125,0.125,0.125
86,86.0,85.96226076946142,0.125,0.125,0.125,0.125,0.125,0.125,0.125,0.125
87,87.0,86.97304561490806,0.125,0.125,0.125,0.125,0.125,0.125,0.125,0.125
88,88.0,87.98402151966097,0.125,0.125,0.125,0.125,0.125,0.125,0.125,0.125
89,89.0,88.99505961874196,0.125,0.125,0.125,0.125,0.125,0.125,0.125,0.125
90,90.0,90.01604331172744,0.125,0.125,0.125,0.125,0.125,0.125,0.125,0.125
91,91.0,91.03676820229711,0.125,0.125,0.125,0.125,0.125,0.125,0.125,0.125
92,92.0,92.05705292178683,0.125,0.125,0.125,0.125,0.125,0.125,0.125,0.125
93,93.0,93.07673864010971,0.125,0.125,0.125,0.125,0.125,0.125,0.125,0.125
94,94.0,94.09568840019921,0.125,0.125,0.125,0.125,0.125,0.125,0.125,0.125
95,95.0,95.11378630027775,0.125,0.125,0.125,0.125,0.125,0.125,0.125,0.125
96,96.0,96.13093654734568,0.125,0.125,0.125,0.125,0.125,0.125,0.125,0.125
97,97.0,97.14706240423337,0.125,0.125,0.125,0.125,0.125,0.125,0.125,0.125
98,98.0,98.16210505138994,0.125,0.125,0.125,0.125,0.125,0.125,0.125,0.125
99,99.0,99.19602238331696,0.125,0.125,0.125,0.125,0.125,0.125,0.125,0.125
100,100.0,100.22858775821811,0.125,0.125,0.125,0.125,0.125,0.125,0.125,0.125
101,101.0,101.25961071804696,0.125,0.125,0.125,0.125,0.125,0.125,0.125,0.125
102,102.0,102.28893527471246,0.125,0.125,0.125,0.125,0.125,0.125,0.125,0.125
103,103.0,103.31643802296428,0.125,0.125,0.125,0.125,0.125,0.125,0.125,0.125
104,104.0,104.34202611616126,0.125,0.125,0.125,0.125,0.125,0.125,0.125,0.125
105,105.0,105.36563513887695,0.125,0.125,0.125,0.125,0.125,0.125,0.125,0.125
106,106.0,106.3872269079323,0.125,0.125,0.125,0.125,0.125,0.125,0.125,0.125
107,107.0,107.4067872310028,0.125,0.125,0.125,0.125,0.125,0.125,0.125,0.125
108,108.0,108.42432364945621,0.125,0.125,0.125,0.125,0.125,0.125,0.125,0.125
109,109.0,109.43986318956972,0.125,0.125,0.125,0.125,0.125,0.125,0.125,0.125
110,110.0,110.4534501437762,0.125,0.125,0.125,0.125,0.125,0.125,0.125,0.125
111,111.0,111.46514390112425,0.125,0.125,0.125,0.125,0.125,0.125,0.125,0.125
112,112.0,112.47501684372625,0.125,0.125,0.125,0.125,0.125,0.125,0.125,0.125
113,113.0,113.4831523236308,0.125,0.125,0.125,0.125,0.125,0.125,0.125,0.125
114,114.0,114.48964273230858,0.125,0.125,0.125,0.125,0.125,0.125,0.125,0.125
115,115.0,115.4945876727955,0.125,0.125,0.125,0.125,0.125,0.125,0.125,0.125
116,116.0,116.49809224250578,0.125,0.125,0.125,0.125,0.125,0.125,0.125,0.125
117,117.0,117.50026543281996,0.125,0.125,0.125,0.125,0.125,0.125,0.125,0.125
118,118.0,118.50121864977453,0.125,0.125,0.125,0.125,0.125,0.125,0.125,0.125
119,119.0,119.5010643585359,0.125,0.125,0.125,0.125,0.125,0.125,0.125,0.125
120,120.0,120.49991485283577,0.125,0.125,0.125,0.125,0.125,0.125,0.125,0.125
121,121.0,121.4978811491773,0.125,0.125,0.125,0.125,0.125,0.125,0.125,0.125
122,122.0,122.49507200439291,0.125,0.125,0.125,0.125,0.125,0.125,0.125,0.125
123,123.0,123.49159305404302,0.125,0.125,0.125,0.125,0.125,0.125,0.125,0.125
124,124.0,124.48754606818768,0.125,0.125,0.125,0.125,0.125,0.125,0.125,0.125
125,125.0,125.48302832023602,0.125,0.125,0.125,0.125,0.125,0.125,0.125,0.125
126,126.0,126.47813206387714,0.125,0.125,0.125,0.125,0.125,0.125,0.125,0.125
127,127.0,127.47294411251539,0.125,0.125,0.125,0.125,0.125,0.125,0.125,0.125
128,128.0,128.46754551516466,0.125,0.125,0.125,0.125,0.125,0.125,0.125,0.125
129,129.0,129.46201132239736,0.125,0.125,0.125,0.125,0.125,0.125,0.125,0.125
130,130.0,130.4564104356828,0.125,0.125,0.125,0.125,0.125,0.125,0.125,0.125
131,131.0,131.4508055332829,0.125,0.125,0.125,0.125,0.125,0.125,0.125,0.125
132,132.0,132.44525306579015,0.125,0.125,0.125,0.125,0.125,0.125,0.125,0.125
133,133.0,133.43980331438877,0.125,0.125,0.125,0.125,0.125,0.125,0.125,0.125
134,134.0,134.43450050498365,0.125,0.125,0.125,0.125,0.125,0.125,0.125,0.125
135,135.0,135.42938297146918,0.125,0.125,0.125,0.125,0.125,0.125,0.125,0.125
136,136.0,136.42448336159148,0.125,0.125,0.125,0.125,0.125,0.125,0.125,0.125
137,137.0,137.41982887908566,0.125,0.125,0.125,0.125,0.125,0.125,0.125,0.125
138,138.0,138.41544155603955,0.125,0.125,0.125,0.125,0.125,0.125,0.125,0.125
139,139.0,139.41133854973765,0.125,0.125,0.125,0.125,0.125,0.125,0.125,0.125
140,140.0,140.40753245856857,0.125,0.125,0.125,0.125,0.125,0.125,0.125,0.125
141,141.0,141.40403165193072,0.125,0.125,0.125,0.125,0.125,0.125,0.125,0.125
142,142.0,142.40084060943735,0.125,0.125,0.125,0.125,0.125,0.125,0.125,0.125
143,143.0,143.39796026509893,0.125,0.125,0.125,0.125,0.125,0.125,0.125,0.125
144,144.0,144.39538835254336,0.125,0.125,0.125,0.125,0.125,0.125,0.125,0.125
145,145.0,145.39311974771792,0.125,0.125,0.125,0.125,0.125,0.125,0.125,0.125
146,146.0,146.39114680589785,0.125,0.125,0.125,0.125,0.125,0.125,0.125,0.125
147,147.0,147.3894596902008,0.125,0.125,0.125,0.125,0.125,0.125,0.125,0.125
148,148.0,148.38804668917143,0.125,0.125,0.125,0.125,0.125,0.125,0.125,0.125
149,149.0,149.3868945213533,0.125,0.125,0.125,0.125,0.125,0.125,0.125,0.125
150,150.0,150.38598862510344,0.125,0.125,0.125,0.125,0.125,0.125,0.125,0.125
151,151.0,151.38531343222758,0.125,0.125,0.125,0.125,0.125,0.125,0.125,0.125
152,152.0,152.384852624317,0.125,0.125,0.125,0.125,0.125,0.125,0.125,0.125
153,153.0,153.3845893709543,0.125,0.125,0.125,0.125,0.125,0.125,0.125,0.125
154,154.0,154.38450654921834,0.125,0.125,0.125,0.125,0.125,0.125,0.125,0.125
155,155.0,155.38458694416377,0.125,0.125,0.125,0.125,0.125,0.125,0.125,0.125
156,156.0,156.38481343017304,0.125,0.125,0.125,0.125,0.125,0.125,0.125,0.125
157,157.0,157.38516913327965,0.125,0.125,0.125,0.125,0.125,0.125,0.125,0.125
158,158.0,158.3856375747428,0.125,0.125,0.125,0.125,0.125,0.125,0.125,0.125
159,159.0,159.38620279631218,0.125,0.125,0.125,0.125,0.125,0.125,0.125,0.125
160,160.0,160.38684946776152,0.125,0.125,0.125,0.125,0.125,0.125,0.125,0.125
161,161.0,161.3875629773883,0.125,0.125,0.125,0.125,0.125,0.125,0.125,0.125
162,162.0,162.38832950627855,0.125,0.125,0.125,0.125,0.125,0.125,0.125,0.125
163,163.0,163.38913608721697,0.125,0.125,0.125,0.125,0.125,0.125,0.125,0.125
164,164.0,164.38997064918937,0.125,0.125,0.125,0.125,0.125,0.125,0.125,0.125
165,165.0,165.39082204847261,0.125,0.125,0.125,0.125,0.125,0.125,0.125,0.125
166,166.0,166.39168008734288,0.125,0.125,0.125,0.125,0.125,0.125,0.125,0.125
167,167.0,167.39253552145266,0.125,0.125,0.125,0.125,0.125,0.125,0.125,0.125
168,168.0,168.39338005693693,0.125,0.125,0.125,0.125,0.125,0.125,0.125,0.125
169,169.0,169.3942063383034,0.125,0.125,0.125,0.125,0.125,0.125,0.125,0.125
170,170.0,170.3950079281502,0.125,0.125,0.125,0.125,0.125,0.125,0.125,0.125
171,171.0,171.3957792797308,0.125,0.125,0.125,0.125,0.125,0.125,0.125,0.125
172,172.0,172.39651570335604,0.125,0.125,0.125,0.125,0.125,0.125,0.125,0.125
173,173.0,173.3972133275852,0.125,0.125,0.125,0.125,0.125,0.125,0.125,0.125
174,174.0,174.3978690561156,0.125,0.125,0.125,0.125,0.125,0.125,0.125,0.125
175,175.0,175.39848052123182,0.125,0.125,0.125,0.125,0.125,0.125,0.125,0.125
176,176.0,176.39904603462406,0.125,0.125,0.125,0.125,0.125,0.125,0.125,0.125
177,177.0,177.39956453633087,0.125,0.125,0.125,0.125,0.125,0.125,0.125,0.125
178,178.0,178.40003554250367,0.125,0.125,0.125,0.125,0.125,0.125,0.125,0.125
179,179.0,179.40045909263415,0.125,0.125,0.125,0.125,0.125,0.125,0.125,0.125
180,180.0,180.40083569682525,0.125,0.125,0.125,0.125,0.125,0.125,0.125,0.125
181,181.0,181.40116628362898,0.125,0.125,0.125,0.125,0.125,0.125,0.125,0.125
182,182.0,182.40145214891606,0.125,0.125,0.125,0.125,0.125,0.125,0.125,0.125
183,183.0,183.40169490618527,0.125,0.125,0.125,0.125,0.125,0.125,0.125,0.125
184,184.0,184.40189643866572,0.125,0.125,0.125,0.125,0.125,0.125,0.125,0.125
185,185.0,185.40205885351145,0.125,0.125,0.125,0.125,0.125,0.125,0.125,0.125
186,186.0,186.40218443833749,0.125,0.125,0.125,0.125,0.125,0.125,0.125,0.125
187,187.0,187.40227562029756,0.125,0.125,0.125,0.125,0.125,0.125,0.125,0.125
188,188.0,188.40233492785865,0.125,0.125,0.125,0.125,0.125,0.125,0.125,0.125
189,189.0,189.40236495538505,0.125,0.125,0.125,0.125,0.125,0.125,0.125,0.125
190,190.0,190.40236833060493,0.125,0.125,0.125,0.125,0.125,0.125,0.125,0.125
191,191.0,191.4023476849968,0.125,0.125,0.125,0.125,0.125,0.125,0.125,0.125
192,192.0,192.40230562709954,0.125,0.125,0.125,0.125,0.125,0.125,0.125,0.125
193,193.0,193.402244718721,0.125,0.125,0.125,0.125,0.125,0.125,0.125,0.125
194,194.0,194.4021674539931,0.125,0.125,0.125,0.125,0.125,0.125,0.125,0.125
195,195.0,195.40207624119802,0.125,0.125,0.125,0.125,0.125,0.125,0.125,0.125
196,196.0,196.40197338727046,0.125,0.125,0.125,0.125,0.125,0.125,0.125,0.125
197,197.0,197.401861084863,0.125,0.125,0.125,0.125,0.125,0.125,0.125,0.125
198,198.0,198.40174140184763,0.125,0.125,0.125,0.125,0.125,0.125,0.125,0.125
199,199.0,199.40161627311534,0.12486111111111112,0.12486111111111112,0.12597222222222224,0.12486111111111112,0.12486111111111112,0.12486111111111112,0.12486111111111112,0.12486111111111112
200,200.0,200.4014874945251,0.12458472222222225,0.12569583333333334,0.12679583333333333,0.12458472222222225,0.12458472222222225,0.12458472222222225,0.12458472222222225,0.12458472222222225
201,201.0,201.40135671884866,0.12406234722222226,0.12627345833333334,0.12724134722222222,0.12506234722222226,0.12406234722222226,0.12517345833333335,0.12406234722222226,0.12406234722222226
202,202.0,202.40122545355138,0.12343769736111115,0.12672780847222223,0.1275560073611111,0.12542769736111115,0.12343769736111115,0.12553769736111114,0.12443769736111115,0.12343769736111115
203,203.0,203.4010950602483,0.12264542844179296,0.12698484955290404,0.12848611615997477,0.12551561935088387,0.12264542844179296,0.12653261025997478,0.12454451935088388,0.12264542844179296
204,204.0,204.40096675567304,0.12187386142291796,0.12722537843402904,0.12938810039209978,0.12559843133200888,0.12187386142291796,0.12751245324109978,0.12465405233200888,0.12187386142291796
205,205.0,205.40084161399855,0.12188621754220634,0.12737288347098408,0.13002847994456604,0.1255243010340245,0.121052884208873,0.12839317729069116,0.12468917229978212,0.121052884208873
206,206.0,206.40072057035155,0.12248743080809875,0.12819684700947162,0.13036349167629493,0.1252420649202225,0.1201239692696372,0.12895269358821293,0.12450953345842511,0.1201239692696372
207,207.0,207.40060442536577,0.12303975955043203,0.1288690525616225,0.1305974784291991,0.1248948198027865,0.11916897108889357,0.13005668858505767,0.12420425889311527,0.11916897108889357
208,208.0,208.40049385062488,0.12343542607699592,0.1294583934309885,0.13134534569077486,0.12444034123105649,0.11820279522534757,0.1310654986371488,0.12384940448234057,0.11820279522534757
209,209.0,209.40038939485183,0.12364065764861944,0.12976793422782595,0.13185988729919979,0.12379896449124629,0.11709183781153151,0.13238362129350792,0.12436525941653787,0.11709183781153151
210,210.0,210.40029149070756,0.12366038805802296,0.12981233366619346,0.1332583441277585,0.12365040244717132,0.11584962918955319,0.13326990499510558,0.12464936832664211,0.11584962918955319
211,211.0,211.40020046207064,0.12352804948241383,0.1296339317288242,0.13534230834012023,0.12332027194811149,0.11451679593152794,0.1337785120702432,0.12473833456723142,0.11514179593152794
212,212.0,212.40011653167673,0.12326999840925798,0.12926735406999174,0.1370503975771715,0.1228405926418821,0.11312555503684929,0.13395489149049455,0.1255704351492685,0.1149207756250846
213,213.0,213.40003982900544,0.12298361327759184,0.12881771921371293,0.13864898148625937,0.12286930693310018,0.11177788635667957,0.1339143628926241,0.1263274889898886,0.11466064085014364
214,214.0,214.3999703983112,0.1226282455335314,0.1282808951819494,0.1407684971318558,0.122838354272763,0.11043656354531789,0.13375032361219452,0.1269167386027239,0.11438038211966432
215,215.0,215.3999082067033,0.12228252893393851,0.1277391509507491,0.14279020163839945,0.12282219270081128,0.10918254706217888,0.13354494692844787,0.1274854355507881,0.11415299623468708
216,216.0,216.39985315218917,0.12194895553036236,0.12719839598236765,0.14470365907473012,0.12281950472412598,0.10801964643927167,0.13330442034855333,0.12802994813107765,0.11397546976951149
217,217.0,217.39980507160453,0.12162964673723703,0.12666393890020705,0.14650055957350583,0.12282896986294731,0.10695037909680215,0.13303466412792458,0.12854724965456715,0.11384459204680913
218,218.0,218.39976374836232,0.12132636918144868,0.12614049448646678,0.1481745898234943,0.1228492781543364,0.10597607438015123,0.13274129879284138,0.12903488821170173,0.11375700696955972
219,219.0,219.3997289199607,0.1210732322533836,0.12510932010144876,0.14975397628563647,0.12297718141580886,0.10512965881246568,0.13259301760091044,0.1295563131906697,0.1138073003396767
220,220.0,220.39970028519963,0.12083834149484422,0.12410208872142506,0.15120297770938967,0.123112405823624,0.10437739586981991,0.13242973612620645,0.1300441081700863,0.11389294608460465
221,221.0,221.3996775110627,0.12062222119646338,0.12312647835969648,0.15252014258435526,0.12436397813018048,0.10371739291913641,0.13225458721175373,0.12938564708900135,0.11400955250941318
222,222.0,222.3996602392288,0.120425155515209,0.12218908301805079,0.1537054829166623,0.1256077478225386,0.10314702399072578,0.13207050909067172,0.12870214016427586,0.11415285748186614
223,223.0,223.39964809218603,0.12021452990761892,0.12126277540933407,0.15472764801869154,0.12728957380506392,0.10263034963308278,0.13171683677202367,0.127937567572397,0.1142207188817883
224,224.0,224.39964067892566,0.11999397862102662,0.12035588183496461,0.15559290576107448,0.12882010841870462,0.10216733913133104,0.13121492639187277,0.12763434139272056,0.11422051844830552
225,225.0,225.39963760020208,0.11976669973619825,0.11947552982725138,0.1563082943023519,0.13019917545421272,0.10175725620489899,0.13108462086017075,0.12724935924582306,0.11415906436909318
226,226.0,226.3996384533488,0.11953551348852245,0.11862774343632265,0.1568815213639384,0.13142762974591363,0.10139878361223575,0.1312918171333547,0.12679427061004597,0.11404272060966666
227,227.0,227.39964283664742,0.11919179491543322,0.11870641640308173,0.15720974326185963,0.132285160002183,0.10097901748456353,0.13169261226012335,0.12616887655887454,0.11376637911388124
228,228.0,228.39965035324968,0.11875904301792438,0.11863601555390477,0.15732298687622454,0.13372642674579685,0.10051709341938156,0.13227668188211142,0.125404705504343,0.11335704700031368
229,229.0,229.3996606146592,0.118331977448467,0.11859545926174936,0.1573231064002991,0.13502278068298257,0.10010333525214665,0.13310628736609356,0.12460410689685836,0.11291294669140362
230,230.0,230.3996732437812,0.11783818033535237,0.11926362449681249,0.1571452931532734,0.135947027552376,0.0996609440801383,0.13407789395904107,0.12370188494551147,0.11236515147749504
231,231.0,231.39968787755316,0.11729295744277199,0.12052585955192377,0.1568128131834225,0.13653783489276178,0.09920090175424857,0.13517704935359184,0.12272014961212743,0.1117324342091523
232,232.0,232.39970416917242,0.11672349698419165,0.12229925597364816,0.15636105136932074,0.13688626495726314,0.0987461672197179,0.1361889082145411,0.12172095530252952,0.11107389997878797
233,233.0,233.399721789938,0.11613974882262865,0.12449848014462357,0.15580828501536576,0.13701856567831805,0.0983025885445872,0.13711391310847104,0.1207178713592666,0.11040054732673935
234,234.0,234.39974043072766,0.11571683635285403,0.12721490942916755,0.1538379993819395,0.1381252650782987,0.09804134307252492,0.13811935652600144,0.11905584139466159,0.10988844876455249
235,235.0,235.39975980313108,0.11529364042450434,0.1296248060819013,0.15240061984155873,0.13905006217766566,0.0977975452320625,0.13903787547471455,0.1174181156046124,0.10937733516298075
236,236.0,236.39977964026286,0.1148166004871056,0.13187543295562829,0.15077908786909272,0.1397193457595508,0.09751406738282958,0.14072024726548094,0.11576081997394899,0.10881439830636334
237,237.0,237.39979969727884,0.1143776895227549,0.13404202894133005,0.1485834350969934,0.14031561070351978,0.09786776578013139,0.14233689925982396,0.11418430262485758,0.1082922680705892
238,238.0,238.3998197516204,0.11450035956078441,0.13588257299801745,0.14729885306817977,0.1407421570082383,0.09819661457351135,0.14332108165440494,0.11227895577949443,0.10777940535736963
239,239.0,239.39983960301163,0.1146423925510367,0.13760290221672125,0.14604406546089044,0.14104294631172176,0.09854438875059461,0.1440424541368029,0.11044379143831001,0.1076370591339226
240,240.0,240.3998590732336,0.1146026564469273,0.13938017632665745,0.1446601050536681,0.14099931023229634,0.09870794260978037,0.14581491828140436,0.10852120033851355,0.10731369071075272
241,241.0,241.39987800570105,0.1152234112353143,0.14083917521749303,0.143986250172637,0.1405858067387172,0.09869441502731402,0.14702989581226678,0.10650277715150683,0.10713826864475105
242,242.0,242.39989626486474,0.11557842579015322,0.14179936976057922,0.14296192209590294,0.14028021762003906,0.09848177749837701,0.149732838783461,0.104404322673515,0.10676112577797273
243,243.0,243.3999137354634,0.11594564003509213,0.14264036744656727,0.14200315374862943,0.1399344420690852,0.09828929113105511,0.15232727217881428,0.10243870893362572,0.10642112445713102
244,244.0,244.3999303216476,0.11627254281105258,0.14317520179383098,0.14156535779372406,0.13912738505602126,0.09806924662524098,0.15510762643148104,0.1005884984716181,0.10609414101703117
245,245.0,245.39994594599688,0.11652699580427238,0.1435248117884411,0.14104215694284108,0.13822320200714563,0.09779369980694157,0.15835499509069242,0.09880632405999505,0.10572781449967099
246,246.0,246.39996054845125,0.1167070260290006,0.14369755033162407,0.14044472951407352,0.13721246854609134,0.0974642829414956,0.1617855259858151,0.0974083583607308,0.10528005829116914
247,247.0,247.39997408517567,0.11682061948677994,0.1441879116862221,0.1397915637191856,0.13564129414782422,0.097092021229213,0.1653181679494255,0.09638419773491003,0.1047642240464398
248,248.0,248.39998652737592,0.11687904730956344,0.14483945222184255,0.13914997899202475,0.13399333021416154,0.09669068516173619,0.16848378017659674,0.0957456280663391,0.10421809785773588
249,249.0,249.39999786008238,0.11754486051193277,0.14534776340494293,0.13846856608811406,0.13230238806270575,0.09625814759790263,0.17130905454034606,0.09514913778434646,0.10362008200970957
250,250.0,250.40000808091736,0.118153611904093,0.14600171438102882,0.13780392857721208,0.1305720976291478,0.09580480354317367,0.17375793131545042,0.09461766829525049,0.10328824435464398
251,251.0,251.40001719885964,0.11862055457555531,0.14674211408081766,0.13784590048676965,0.12877992138889505,0.0952945681762647,0.1757204299144569,0.09410616875358957,0.10289034262365136
252,252.0,252.40002523301914,0.11884569116197428,0.14750268704983618,0.13832598025803253,0.12683863396163142,0.09468293393318959,0.17759223927674195,0.09383163209881583,0.10238020225977848
253,253.0,253.4000322114325,0.1189196655306954,0.14792837434982015,0.13896207312962508,0.1254837565434705,0.09401995193157545,0.17906096186317452,0.09381866671260608,0.10180654993903304
254,254.0,254.40003816989017,0.11951158091952796,0.14822925165051717,0.13941936120494278,0.12407141015389689,0.09334592305082859,0.18041742900568547,0.09381061300633392,0.10119443100826739
255,255.0,255.40004315080319,0.11997200282941939,0.14842159934746055,0.13972090142794208,0.12323012495389998,0.09267550043628132,0.18153857938148094,0.09385030576464345,0.10059098585887241
256,256.0,256.40004720211687,0.12019788136654044,0.14831475542078826,0.1408830050669944,0.12239649550960402,0.09204620541496043,0.1821961160191809,0.09394836652561006,0.10001717467632165
257,257.0,257.400050376278,0.12082596181686063,0.1470023581032312,0.1418716662531933,0.12151801130360868,0.09142628761227792,0.1838926464974915,0.0940394319312644,0.0994236364820725
258,258.0,258.40005272926027,0.12130908652414404,0.14601775837684708,0.1426940142897558,0.12110695766352471,0.0904206801541904,0.18527029862287817,0.09436489499066093,0.09881630937799901
259,259.0,259.40005431965164,0.12169727279035875,0.14497451475662468,0.1434406906021917,0.12074922258733914,0.08943450035766153,0.18676925385964743,0.09470796821882008,0.09822657682735686
260,260.0,260.40005520780744,0.12196947757695453,0.14368328886584492,0.14442940931918505,0.12037964811910669,0.08845464743681096,0.188473218161734,0.09500178964239014,0.09760852087797382
261,261.0,261.40005545506955,0.12203831879294216,0.1425228562341229,0.1451209169505346,0.11988193788929781,0.08746576823134689,0.19080346666149797,0.09522165290159303,0.09694508233866474
262,262.0,262.40005512305476,0.12327797876492952,0.14121332029703476,0.1454891596300598,0.11919911936867969,0.08637971977643719,0.19302200618216064,0.09527170663002045,0.09614698935067802
263,263.0,263.4000542730109,0.12418632114706227,0.13998963844163184,0.1455516548247785,0.11836022749363778,0.08523884599353417,0.19525948618168906,0.09522349585267591,0.09619033006499055
264,264.0,264.40005296524134,0.1248346467305276,0.1388579503363351,0.14540073921137722,0.11744622386685948,0.08405677928486487,0.19677676591914356,0.09572548440092289,0.09690141024996936
265,265.0,265.4000512585963,0.1253772914872936,0.13755999079974277,0.14545787551709358,0.11653957127451832,0.08291666312954502,0.19840915155406483,0.09614915306005446,0.09759030317768755
266,266.0,266.4000492100298,0.12543922804605664,0.13631301819908137,0.14592811488220192,0.1157104656613783,0.08185818284873085,0.19986128785529492,0.0965831455172893,0.09830655698996678
267,267.0,267.40004687421964,0.12538674844073955,0.13510628762473548,0.14666399533174967,0.11552103758854927,0.08086564371575095,0.20064754795840806,0.09700397352621574,0.09880476581385134
268,268.0,268.4000443032483,0.1251848872305812,0.1339247385720464,0.14719653382328768,0.11566571219512436,0.07991927339938111,0.2015225326145314,0.09733052292656769,0.09925579923848026
269,269.0,269.40004154634164,0.12491820217490791,0.13279646887274568,0.14766417734223133,0.1158405590782599,0.07904271921449438,0.20242186034819803,0.09762069675741611,0.09969531621174678
270,270.0,270.40003864966224,0.12459507327805872,0.13256038200643622,0.14766796971988136,0.11604004331069925,0.07823738047440666,0.20290500101021433,0.09787446160663367,0.10011968859366988
271,271.0,271.4000356561541,0.12414045601983781,0.13255222090140145,0.14726883651148814,0.11624604175279968,0.07756689925506835,0.20363025269529558,0.09802412600796889,0.10057116685614015
272,272.0,272.4000326054353,0.123474172439778,0.1324484177296376,0.14715136239553614,0.11599582470674596,0.07688783587439102,0.20484147924547919,0.09807395507022415,0.10112695253820803
273,273.0,273.40002953373397,0.12336769669165432,0.1324281575232933,0.14686655657612058,0.11605046133035557,0.07621130938880098,0.20558496520789324,0.0980215842169809,0.10146926906490118
274,274.0,274.4000264738654,0.12310176153294874,0.1323490942175105,0.14650784962084878,0.11607838867783316,0.07566166244393091,0.20675950808869442,0.0979020506201605,0.10163968479807305
275,275.0,275.4000234552451,0.12266977059702355,0.13248775189835582,0.1459742508744536,0.11707001794961158,0.07503829282324746,0.2074702402931382,0.09796949280223442,0.10132018276193538
276,276.0,276.40002050393434,0.12209922082601582,0.13289381406949885,0.1453522806144812,0.11802266984312682,0.07446931533634633,0.20821002487239354,0.09798489325790427,0.1009677811802332
277,277.0,277.40001764271534,0.12152624883305188,0.1333168310201469,0.14472215963647447,0.11907476811284651,0.07396026613024448,0.2088209597209138,0.09798304303445873,0.10059572351186319
278,278.0,278.40001489119106,0.11933657981530905,0.13386052837584364,0.1445192887669796,0.11979970528721853,0.07357124558160726,0.20946400224581505,0.09836945697554034,0.10107919295168656
279,279.0,279.4000122659073,0.11712835779726168,0.13472095932358538,0.14467125944446846,0.12013478672837255,0.07323805637408991,0.20993480225950112,0.09862863206289124,0.10154314600982968
280,280.0,280.4000097804929,0.1149144085660262,0.1356898220492954,0.14465106652115325,0.12073020253930003,0.07294856705965472,0.21044268710416436,0.0988565649058612,0.10176668125454488
281,281.0,281.400007445815,0.11270391811753663,0.13673935913040003,0.1447800284514292,0.12119520081197915,0.07268900785153433,0.210938352261762,0.09900732295123438,0.10194681042412432
282,282.0,282.4000052701467,0.11082524763285917,0.13766514805909047,0.14482571112970805,0.12156707225680372,0.07244972695575565,0.21155592678985194,0.09904598399818028,0.10206518317775082
283,283.0,283.4000032593438,0.10899674901794279,0.13836435634540747,0.14506948580486723,0.12184765479153238,0.0723330717238658,0.21228654952645448,0.09897820230692989,0.10212393048300003
284,284.0,284.40000141702774,0.10726279402974988,0.1393309021155406,0.14529569717322083,0.12207674581491613,0.07225744429936928,0.21275092342631116,0.09886378400560247,0.10216170913528971
285,285.0,285.399999744773,0.10563979058276275,0.14026418161795234,0.14518755157297802,0.12228277174967384,0.07222802090304445,0.21346629478561313,0.09874262784730994,0.10218876094066565
286,286.0,286.399998242296,0.10408986280464251,0.14114743599621868,0.1452946199204417,0.12240146271628824,0.07222972267786533,0.21403589401579062,0.09860586649115967,0.1021951353775934
287,287.0,287.3999969076438,0.10264489706868801,0.14182134747316114,0.14561847946798753,0.12249092231052908,0.07226159000081649,0.2145191593460758,0.09845859798234625,0.10218500635039583
288,288.0,288.3999957373803,0.10131451720430085,0.1424448383041639,0.14593434498555843,0.12254424955593823,0.07232312283198469,0.21481684434834317,0.09847088679170643,0.10215119597800441
289,289.0,289.39999472676936,0.10023148516607161,0.14256492858133893,0.14739333083815187,0.12281724111214357,0.07256001330466913,0.21576431515827063,0.09846694477185752,0.10020174106749685
290,290.0,290.39999386995186,0.09926316747010079,0.1426369138386156,0.14882795690184514,0.12305594769927874,0.07281755816236558,0.21672170748742206,0.09842565323627907,0.09825109520409313
291,291.0,291.39999316011654,0.09833156136781346,0.14258889869187777,0.15090790261893386,0.12318473934151934,0.07301513048446266,0.2174564370621503,0.09827311789838596,0.09624221253485678
292,292.0,292.3999925896636,0.09751951857745772,0.14252026219583652,0.15295291724793167,0.12330902112890753,0.07323418096717192,0.21837300659253592,0.09781332560505965,0.09427776768509917
293,293.0,293.3999921503593,0.09680477787106867,0.14239755155168132,0.1549098424526564,0.12337315815546157,0.07345216241514615,0.21923164755654057,0.09729818547261225,0.09253267452483317
294,294.0,294.3999918334819,0.09619285766627,0.14224423598105243,0.15678475262387542,0.12340724869218504,0.07367531389049374,0.22008746541004812,0.09676184432651729,0.09084628140955806
295,295.0,295.39999162995747,0.09585159839902292,0.1420647038777879,0.15856689490871154,0.12341313546463135,0.07390068162120825,0.22046166629781386,0.09620973313444446,0.08953158629637979
296,296.0,296.3999915304858,0.09643218533084381,0.14186317227155326,0.1594141913949906,0.12339278020298092,0.07412559035981514,0.22083429053287162,0.09564695056660512,0.0882908393403396
297,297.0,297.3999915256565,0.09712450505743327,0.14157955904675995,0.1600332537516551,0.12328412882777606,0.07428353953619124,0.2205446353222698,0.09608640191595966,0.08706397654195495
298,298.0,298.39999160605356,0.09786363121835709,0.14126458562570535,0.16053808420398574,0.12312729233367896,0.07442823539896087,0.22039879812738902,0.09647857732050856,0.08590079577141448
299,299.0,299.3999917623504,0.09873376071410768,0.14096264239676495,0.16016114892426675,0.12308546306589474,0.07458963956502151,0.22074665616411246,0.09687676425067562,0.08484392491915632
300,300.0,300.399991985394,0.0996425217016166,0.1406578032193597,0.15970756329819139,0.1230369438859596,0.07474682460872639,0.22074889334723777,0.0975742720175549,0.08388517792135369
301,301.0,301.39999226627936,0.10056672276643096,0.14035084591625963,0.15953179563901249,0.12297264832148601,0.07489608042802354,0.22042649194655217,0.09824388593894859,0.0830115290432866
302,302.0,302.3999925964133,0.10144889683361895,0.14003338160892692,0.15952718604525254,0.12327549505133115,0.07502503712302247,0.21961072779061241,0.09886844489467052,0.08221083065256501
303,303.0,303.39999296756974,0.10227370324539663,0.1396922493542866,0.15995355787775245,0.12346125922817791,0.07512545211397594,0.21862598950435222,0.0994020670914551,0.08146572158460316
304,304.0,304.39999337193484,0.10293402055211126,0.1392928374984919,0.16010703933428494,0.12351184145265152,0.075151222625045,0.21777736239396236,0.10048864207994238,0.08073703406351065
305,305.0,305.39999380214414,0.10353635305250908,0.13889385803526827,0.16041078424216895,0.12348650435887808,0.07515844531415947,0.21677013212304824,0.10151602049005698,0.08022790238391095
306,306.0,306.399994251311,0.10436695019603348,0.13860758850244823,0.16050593593669274,0.12339381769266748,0.07514343571054613,0.2156997652819793,0.10249269867284966,0.07978980800678304
307,307.0,307.3999947130481,0.10516608187078563,0.13833543001517876,0.16055767310276586,0.12328499821908226,0.07512079476005445,0.2147072874855705,0.10340645331944036,0.07942128122712219
308,308.0,308.399995181481,0.10622239747289389,0.13807853718351246,0.16056966395130762,0.12316196806227053,0.07509135613661216,0.2135050813276823,0.10425288053433296,0.07911811533138806
309,309.0,309.3999956512558,0.10750466203745249,0.13788503859600035,0.16052719817087618,0.12309369207403756,0.07507639450525769,0.21211707612328673,0.10486245558431012,0.07893348290877884
310,310.0,310.3999961175406,0.10867656092130606,0.137683002651722,0.1603309337699756,0.12321660711951968,0.0750406614605425,0.21088715435263333,0.1053752299504727,0.07878984977382805
311,311.0,311.3999965760214,0.1097344692224353,0.13747415893803472,0.15999266766418968,0.12351938009067039,0.07498583689518645,0.2098162477757453,0.10579383159238087,0.07868340782135722
312,312.0,312.399997022894,0.11067633561369439,0.13726015710829914,0.15978772724157106,0.12372662463111714,0.0749136406171603,0.20890352373284848,0.10612160826338349,0.07861038279192593
313,313.0,313.39999745485034,0.11150948314494236,0.13705843254249114,0.1597361809223219,0.12387330123659421,0.0748337482853749,0.20801164078032228,0.10639427029435491,0.07858294279359823
314,314.0,314.3999978690626,0.11256467663403961,0.13687584763436997,0.1596713828969496,0.12401258293049519,0.07475380130301795,0.20689815659990418,0.10662067540348248,0.07860287659774097
315,315.0,315.399998263163,0.1136619068030575,0.13676725932219316,0.1597051964262103,0.12419876144198375,0.07472954965991525,0.20524911340893476,0.10696802039669448,0.07872019254101073
316,316.0,316.3999986352217,0.11457720647352258,0.13662195822509252,0.1596186310105569,0.12432088969979063,0.07465127073417677,0.20428290918873054,0.10739326530817779,0.07853386935995221
317,317.0,317.39999898372236,0.11523791875755349,0.13649463746726645,0.15942558298479634,0.12480117028955598,0.07458265538599508,0.20328552944436967,0.10777106683535202,0.07840143883511093
318,318.0,318.39999930753567,0.11577423410450244,0.13637542210277875,0.1591321564024327,0.1252006182673717,0.07450693043436643,0.20238736025332382,0.10834118263516698,0.07828209580005716
319,319.0,319.3999996058923,0.11619054111330127,0.13626419501078701,0.15803238093135277,0.12551978923784776,0.07442506535399833,0.201589645824688,0.10954750724464025,0.07843087528338463
320,320.0,320.3999998783544,0.11639682028735156,0.13611316448702881,0.15705859262706745,0.12571245749707696,0.07429038766063568,0.20141626717394462,0.11047886125557188,0.07853344901132306
321,321.0,321.4000001247867,0.11643341167499899,0.1359196205555206,0.15617534218215445,0.125798426836686,0.07473383227562129,0.20121086726767579,0.11113073785304454,0.07859776135429838
322,322.0,322.4000003453279,0.1164048635579659,0.1357406214857272,0.1553131339737382,0.12585808111833086,0.07517476725458845,0.20099421681415236,0.11184391585619563,0.07867039993930147
323,323.0,323.4000005403617,0.1163248246829592,0.1355782151109422,0.15448191051778742,0.12590201694882713,0.07561074654011647,0.20084323750962133,0.11249896896086413,0.07876007972888224
324,324.0,324.40000071048854,0.11601503398821049,0.13544552412014943,0.15360793820519403,0.12603662997287945,0.07605106380343084,0.20083181940064979,0.1124964749153253,0.0795155155941608
325,325.0,325.4000008564978,0.11557959987349412,0.13527807232264524,0.1527171824438445,0.1260844429152369,0.07698663347567614,0.2008631442287983,0.11229517316921475,0.08019575157109014
326,326.0,326.40000097934114,0.11503556501472506,0.13589943926340728,0.15155644023718365,0.12605233364964497,0.07779695360908637,0.200940841945585,0.11191645049851434,0.08080197578185344
327,327.0,327.40000108010673,0.11438540379165847,0.1362960014428095,0.1503530861416613,0.12619035294027026,0.07847987693184008,0.2008098488975579,0.11137391767035384,0.08211151218384871
328,328.0,328.4000011599947,0.11378345053568192,0.13669861750462373,0.14854798095362967,0.1263967162548724,0.07914062568752493,0.20096261059596315,0.11104590182575025,0.08342409664195403
329,329.0,329.4000012202939,0.11309353135230925,0.13754223711607397,0.14671717592776454,0.1265133263173426,0.07968258746702261,0.20106652072367664,0.1107616974327506,0.08462292366305985
330,330.0,330.4000012623603,0.11239803456580562,0.1383748339876054,0.14510255734499933,0.12660765603541901,0.08018641582220642,0.20112258000738345,0.11043766486855028,0.08577025736803055
331,331.0,331.4000012875964,0.11169109704165822,0.1392851994331808,0.14352836443957712,0.12667388570261195,0.08064433671807805,0.2012580454812002,0.11007295096988987,0.08684612021380385
