Total_iterations,Unnamed: 0.1,Intertwine_two,Add_vertex,Delete_vertex,Invert_path_vertices,Insert_inside_vertex,Delete_inside_vertex,Replace_inside_vertex,Donate_between_routes
0,0.0,0.125,0.125,0.125,0.125,0.125,0.125,0.125,0.125
1,1.0,0.125,0.125,0.125,0.125,0.125,0.125,0.125,0.125
2,2.0,0.125,0.125,0.125,0.125,0.125,0.125,0.125,0.125
3,3.0,0.125,0.125,0.125,0.125,0.125,0.125,0.125,0.125
4,4.0,0.125,0.125,0.125,0.125,0.125,0.125,0.125,0.125
5,5.0,0.125,0.125,0.125,0.125,0.125,0.125,0.125,0.125
6,6.0,0.125,0.125,0.125,0.125,0.125,0.125,0.125,0.125
7,7.0,0.125,0.125,0.125,0.125,0.125,0.125,0.125,0.125
8,8.0,0.125,0.125,0.125,0.125,0.125,0.125,0.125,0.125
9,9.0,0.125,0.125,0.125,0.125,0.125,0.125,0.125,0.125
10,10.0,0.125,0.125,0.125,0.125,0.125,0.125,0.125,0.125
11,11.0,0.125,0.125,0.125,0.125,0.125,0.125,0.125,0.125
12,12.0,0.125,0.125,0.125,0.125,0.125,0.125,0.125,0.125
13,13.0,0.125,0.125,0.125,0.125,0.125,0.125,0.125,0.125
14,14.0,0.125,0.125,0.125,0.125,0.125,0.125,0.125,0.125
15,15.0,0.125,0.125,0.125,0.125,0.125,0.125,0.125,0.125
16,16.0,0.125,0.125,0.125,0.125,0.125,0.125,0.125,0.125
17,17.0,0.125,0.125,0.125,0.125,0.125,0.125,0.125,0.125
18,18.0,0.125,0.125,0.125,0.125,0.125,0.125,0.125,0.125
19,19.0,0.125,0.125,0.125,0.125,0.125,0.125,0.125,0.125
20,20.0,0.125,0.125,0.125,0.125,0.125,0.125,0.125,0.125
21,21.0,0.125,0.125,0.125,0.125,0.125,0.125,0.125,0.125
22,22.0,0.125,0.125,0.125,0.125,0.125,0.125,0.125,0.125
23,23.0,0.125,0.125,0.125,0.125,0.125,0.125,0.125,0.125
24,24.0,0.125,0.125,0.125,0.125,0.125,0.125,0.125,0.125
25,25.0,0.125,0.125,0.125,0.125,0.125,0.125,0.125,0.125
26,26.0,0.125,0.125,0.125,0.125,0.125,0.125,0.125,0.125
27,27.0,0.125,0.125,0.125,0.125,0.125,0.125,0.125,0.125
28,28.0,0.125,0.125,0.125,0.125,0.125,0.125,0.125,0.125
29,29.0,0.125,0.125,0.125,0.125,0.125,0.125,0.125,0.125
30,30.0,0.125,0.125,0.125,0.125,0.125,0.125,0.125,0.125
31,31.0,0.125,0.125,0.125,0.125,0.125,0.125,0.125,0.125
32,32.0,0.125,0.125,0.125,0.125,0.125,0.125,0.125,0.125
33,33.0,0.125,0.125,0.125,0.125,0.125,0.125,0.125,0.125
34,34.0,0.125,0.125,0.125,0.125,0.125,0.125,0.125,0.125
35,35.0,0.125,0.125,0.125,0.125,0.125,0.125,0.125,0.125
36,36.0,0.125,0.125,0.125,0.125,0.125,0.125,0.125,0.125
37,37.0,0.125,0.125,0.125,0.125,0.125,0.125,0.125,0.125
38,38.0,0.125,0.125,0.125,0.125,0.125,0.125,0.125,0.125
39,39.0,0.125,0.125,0.125,0.125,0.125,0.125,0.125,0.125
40,40.0,0.125,0.125,0.125,0.125,0.125,0.125,0.125,0.125
41,41.0,0.125,0.125,0.125,0.125,0.125,0.125,0.125,0.125
42,42.0,0.125,0.125,0.125,0.125,0.125,0.125,0.125,0.125
43,43.0,0.125,0.125,0.125,0.125,0.125,0.125,0.125,0.125
44,44.0,0.125,0.125,0.125,0.125,0.125,0.125,0.125,0.125
45,45.0,0.125,0.125,0.125,0.125,0.125,0.125,0.125,0.125
46,46.0,0.125,0.125,0.125,0.125,0.125,0.125,0.125,0.125
47,47.0,0.125,0.125,0.125,0.125,0.125,0.125,0.125,0.125
48,48.0,0.125,0.125,0.125,0.125,0.125,0.125,0.125,0.125
49,49.0,0.125,0.125,0.125,0.125,0.125,0.125,0.125,0.125
50,50.0,0.125,0.125,0.125,0.125,0.125,0.125,0.125,0.125
51,51.0,0.125,0.125,0.125,0.125,0.125,0.125,0.125,0.125
52,52.0,0.125,0.125,0.125,0.125,0.125,0.125,0.125,0.125
53,53.0,0.125,0.125,0.125,0.125,0.125,0.125,0.125,0.125
54,54.0,0.125,0.125,0.125,0.125,0.125,0.125,0.125,0.125
55,55.0,0.125,0.125,0.125,0.125,0.125,0.125,0.125,0.125
56,56.0,0.125,0.125,0.125,0.125,0.125,0.125,0.125,0.125
57,57.0,0.125,0.125,0.125,0.125,0.125,0.125,0.125,0.125
58,58.0,0.125,0.125,0.125,0.125,0.125,0.125,0.125,0.125
59,59.0,0.125,0.125,0.125,0.125,0.125,0.125,0.125,0.125
60,60.0,0.125,0.125,0.125,0.125,0.125,0.125,0.125,0.125
61,61.0,0.125,0.125,0.125,0.125,0.125,0.125,0.125,0.125
62,62.0,0.125,0.125,0.125,0.125,0.125,0.125,0.125,0.125
63,63.0,0.125,0.125,0.125,0.125,0.125,0.125,0.125,0.125
64,64.0,0.125,0.125,0.125,0.125,0.125,0.125,0.125,0.125
65,65.0,0.125,0.125,0.125,0.125,0.125,0.125,0.125,0.125
66,66.0,0.125,0.125,0.125,0.125,0.125,0.125,0.125,0.125
67,67.0,0.125,0.125,0.125,0.125,0.125,0.125,0.125,0.125
68,68.0,0.125,0.125,0.125,0.125,0.125,0.125,0.125,0.125
69,69.0,0.125,0.125,0.125,0.125,0.125,0.125,0.125,0.125
70,70.0,0.125,0.125,0.125,0.125,0.125,0.125,0.125,0.125
71,71.0,0.125,0.125,0.125,0.125,0.125,0.125,0.125,0.125
72,72.0,0.125,0.125,0.125,0.125,0.125,0.125,0.125,0.125
73,73.0,0.125,0.125,0.125,0.125,0.125,0.125,0.125,0.125
74,74.0,0.125,0.125,0.125,0.125,0.125,0.125,0.125,0.125
75,75.0,0.125,0.125,0.125,0.125,0.125,0.125,0.125,0.125
76,76.0,0.125,0.125,0.125,0.125,0.125,0.125,0.125,0.125
77,77.0,0.125,0.125,0.125,0.125,0.125,0.125,0.125,0.125
78,78.0,0.125,0.125,0.125,0.125,0.125,0.125,0.125,0.125
79,79.0,0.125,0.125,0.125,0.125,0.125,0.125,0.125,0.125
80,80.0,0.125,0.125,0.125,0.125,0.125,0.125,0.125,0.125
81,81.0,0.125,0.125,0.125,0.125,0.125,0.125,0.125,0.125
82,82.0,0.125,0.125,0.125,0.125,0.125,0.125,0.125,0.125
83,83.0,0.125,0.125,0.125,0.125,0.125,0.125,0.125,0.125
84,84.0,0.125,0.125,0.125,0.125,0.125,0.125,0.125,0.125
85,85.0,0.125,0.125,0.125,0.125,0.125,0.125,0.125,0.125
86,86.0,0.125,0.125,0.125,0.125,0.125,0.125,0.125,0.125
87,87.0,0.125,0.125,0.125,0.125,0.125,0.125,0.125,0.125
88,88.0,0.125,0.125,0.125,0.125,0.125,0.125,0.125,0.125
89,89.0,0.125,0.125,0.125,0.125,0.125,0.125,0.125,0.125
90,90.0,0.125,0.125,0.125,0.125,0.125,0.125,0.125,0.125
91,91.0,0.125,0.125,0.125,0.125,0.125,0.125,0.125,0.125
92,92.0,0.125,0.125,0.125,0.125,0.125,0.125,0.125,0.125
93,93.0,0.125,0.125,0.125,0.125,0.125,0.125,0.125,0.125
94,94.0,0.125,0.125,0.125,0.125,0.125,0.125,0.125,0.125
95,95.0,0.125,0.125,0.125,0.125,0.125,0.125,0.125,0.125
96,96.0,0.125,0.125,0.125,0.125,0.125,0.125,0.125,0.125
97,97.0,0.125,0.125,0.125,0.125,0.125,0.125,0.125,0.125
98,98.0,0.125,0.125,0.125,0.125,0.125,0.125,0.125,0.125
99,99.0,0.125,0.125,0.125,0.125,0.125,0.125,0.125,0.125
100,100.0,0.125,0.125,0.125,0.125,0.125,0.125,0.125,0.125
101,101.0,0.125,0.125,0.125,0.125,0.125,0.125,0.125,0.125
102,102.0,0.125,0.125,0.125,0.125,0.125,0.125,0.125,0.125
103,103.0,0.125,0.125,0.125,0.125,0.125,0.125,0.125,0.125
104,104.0,0.125,0.125,0.125,0.125,0.125,0.125,0.125,0.125
105,105.0,0.125,0.125,0.125,0.125,0.125,0.125,0.125,0.125
106,106.0,0.125,0.125,0.125,0.125,0.125,0.125,0.125,0.125
107,107.0,0.125,0.125,0.125,0.125,0.125,0.125,0.125,0.125
108,108.0,0.125,0.125,0.125,0.125,0.125,0.125,0.125,0.125
109,109.0,0.125,0.125,0.125,0.125,0.125,0.125,0.125,0.125
110,110.0,0.125,0.125,0.125,0.125,0.125,0.125,0.125,0.125
111,111.0,0.125,0.125,0.125,0.125,0.125,0.125,0.125,0.125
112,112.0,0.125,0.125,0.125,0.125,0.125,0.125,0.125,0.125
113,113.0,0.125,0.125,0.125,0.125,0.125,0.125,0.125,0.125
114,114.0,0.125,0.125,0.125,0.125,0.125,0.125,0.125,0.125
115,115.0,0.125,0.125,0.125,0.125,0.125,0.125,0.125,0.125
116,116.0,0.125,0.125,0.125,0.125,0.125,0.125,0.125,0.125
117,117.0,0.125,0.125,0.125,0.125,0.125,0.125,0.125,0.125
118,118.0,0.125,0.125,0.125,0.125,0.125,0.125,0.125,0.125
119,119.0,0.125,0.125,0.125,0.125,0.125,0.125,0.125,0.125
120,120.0,0.125,0.125,0.125,0.125,0.125,0.125,0.125,0.125
121,121.0,0.125,0.125,0.125,0.125,0.125,0.125,0.125,0.125
122,122.0,0.125,0.125,0.125,0.125,0.125,0.125,0.125,0.125
123,123.0,0.125,0.125,0.125,0.125,0.125,0.125,0.125,0.125
124,124.0,0.125,0.125,0.125,0.125,0.125,0.125,0.125,0.125
125,125.0,0.125,0.125,0.125,0.125,0.125,0.125,0.125,0.125
126,126.0,0.125,0.125,0.125,0.125,0.125,0.125,0.125,0.125
127,127.0,0.125,0.125,0.125,0.125,0.125,0.125,0.125,0.125
128,128.0,0.125,0.125,0.125,0.125,0.125,0.125,0.125,0.125
129,129.0,0.125,0.125,0.125,0.125,0.125,0.125,0.125,0.125
130,130.0,0.125,0.125,0.125,0.125,0.125,0.125,0.125,0.125
131,131.0,0.125,0.125,0.125,0.125,0.125,0.125,0.125,0.125
132,132.0,0.125,0.125,0.125,0.125,0.125,0.125,0.125,0.125
133,133.0,0.125,0.125,0.125,0.125,0.125,0.125,0.125,0.125
134,134.0,0.125,0.125,0.125,0.125,0.125,0.125,0.125,0.125
135,135.0,0.125,0.125,0.125,0.125,0.125,0.125,0.125,0.125
136,136.0,0.125,0.125,0.125,0.125,0.125,0.125,0.125,0.125
137,137.0,0.125,0.125,0.125,0.125,0.125,0.125,0.125,0.125
138,138.0,0.125,0.125,0.125,0.125,0.125,0.125,0.125,0.125
139,139.0,0.125,0.125,0.125,0.125,0.125,0.125,0.125,0.125
140,140.0,0.125,0.125,0.125,0.125,0.125,0.125,0.125,0.125
141,141.0,0.125,0.125,0.125,0.125,0.125,0.125,0.125,0.125
142,142.0,0.125,0.125,0.125,0.125,0.125,0.125,0.125,0.125
143,143.0,0.125,0.125,0.125,0.125,0.125,0.125,0.125,0.125
144,144.0,0.125,0.125,0.125,0.125,0.125,0.125,0.125,0.125
145,145.0,0.125,0.125,0.125,0.125,0.125,0.125,0.125,0.125
146,146.0,0.125,0.125,0.125,0.125,0.125,0.125,0.125,0.125
147,147.0,0.125,0.125,0.125,0.125,0.125,0.125,0.125,0.125
148,148.0,0.125,0.125,0.125,0.125,0.125,0.125,0.125,0.125
149,149.0,0.125,0.125,0.125,0.125,0.125,0.125,0.125,0.125
150,150.0,0.125,0.125,0.125,0.125,0.125,0.125,0.125,0.125
151,151.0,0.125,0.125,0.125,0.125,0.125,0.125,0.125,0.125
152,152.0,0.125,0.125,0.125,0.125,0.125,0.125,0.125,0.125
153,153.0,0.125,0.125,0.125,0.125,0.125,0.125,0.125,0.125
154,154.0,0.125,0.125,0.125,0.125,0.125,0.125,0.125,0.125
155,155.0,0.125,0.125,0.125,0.125,0.125,0.125,0.125,0.125
156,156.0,0.125,0.125,0.125,0.125,0.125,0.125,0.125,0.125
157,157.0,0.125,0.125,0.125,0.125,0.125,0.125,0.125,0.125
158,158.0,0.125,0.125,0.125,0.125,0.125,0.125,0.125,0.125
159,159.0,0.125,0.125,0.125,0.125,0.125,0.125,0.125,0.125
160,160.0,0.125,0.125,0.125,0.125,0.125,0.125,0.125,0.125
161,161.0,0.125,0.125,0.125,0.125,0.125,0.125,0.125,0.125
162,162.0,0.125,0.125,0.125,0.125,0.125,0.125,0.125,0.125
163,163.0,0.125,0.125,0.125,0.125,0.125,0.125,0.125,0.125
164,164.0,0.125,0.125,0.125,0.125,0.125,0.125,0.125,0.125
165,165.0,0.125,0.125,0.125,0.125,0.125,0.125,0.125,0.125
166,166.0,0.125,0.125,0.125,0.125,0.125,0.125,0.125,0.125
167,167.0,0.125,0.125,0.125,0.125,0.125,0.125,0.125,0.125
168,168.0,0.125,0.125,0.125,0.125,0.125,0.125,0.125,0.125
169,169.0,0.125,0.125,0.125,0.125,0.125,0.125,0.125,0.125
170,170.0,0.125,0.125,0.125,0.125,0.125,0.125,0.125,0.125
171,171.0,0.125,0.125,0.125,0.125,0.125,0.125,0.125,0.125
172,172.0,0.125,0.125,0.125,0.125,0.125,0.125,0.125,0.125
173,173.0,0.125,0.125,0.125,0.125,0.125,0.125,0.125,0.125
174,174.0,0.125,0.125,0.125,0.125,0.125,0.125,0.125,0.125
175,175.0,0.125,0.125,0.125,0.125,0.125,0.125,0.125,0.125
176,176.0,0.125,0.125,0.125,0.125,0.125,0.125,0.125,0.125
177,177.0,0.125,0.125,0.125,0.125,0.125,0.125,0.125,0.125
178,178.0,0.125,0.125,0.125,0.125,0.125,0.125,0.125,0.125
179,179.0,0.125,0.125,0.125,0.125,0.125,0.125,0.125,0.125
180,180.0,0.125,0.125,0.125,0.125,0.125,0.125,0.125,0.125
181,181.0,0.125,0.125,0.125,0.125,0.125,0.125,0.125,0.125
182,182.0,0.125,0.125,0.125,0.125,0.125,0.125,0.125,0.125
183,183.0,0.125,0.125,0.125,0.125,0.125,0.125,0.125,0.125
184,184.0,0.125,0.125,0.125,0.125,0.125,0.125,0.125,0.125
185,185.0,0.125,0.125,0.125,0.125,0.125,0.125,0.125,0.125
186,186.0,0.125,0.125,0.125,0.125,0.125,0.125,0.125,0.125
187,187.0,0.125,0.125,0.125,0.125,0.125,0.125,0.125,0.125
188,188.0,0.125,0.125,0.125,0.125,0.125,0.125,0.125,0.125
189,189.0,0.125,0.125,0.125,0.125,0.125,0.125,0.125,0.125
190,190.0,0.125,0.125,0.125,0.125,0.125,0.125,0.125,0.125
191,191.0,0.125,0.125,0.125,0.125,0.125,0.125,0.125,0.125
192,192.0,0.125,0.125,0.125,0.125,0.125,0.125,0.125,0.125
193,193.0,0.125,0.125,0.125,0.125,0.125,0.125,0.125,0.125
194,194.0,0.125,0.125,0.125,0.125,0.125,0.125,0.125,0.125
195,195.0,0.125,0.125,0.125,0.125,0.125,0.125,0.125,0.125
196,196.0,0.125,0.125,0.125,0.125,0.125,0.125,0.125,0.125
197,197.0,0.125,0.125,0.125,0.125,0.125,0.125,0.125,0.125
198,198.0,0.125,0.125,0.125,0.125,0.125,0.125,0.125,0.125
199,199.0,0.1248611111111111,0.1248611111111111,0.1259722222222222,0.1248611111111111,0.1248611111111111,0.1248611111111111,0.1248611111111111,0.1248611111111111
200,200.0,0.1245847222222222,0.1256958333333333,0.1267958333333333,0.1245847222222222,0.1245847222222222,0.1245847222222222,0.1245847222222222,0.1245847222222222
201,201.0,0.1240623472222222,0.1262734583333333,0.1272413472222222,0.1250623472222222,0.1240623472222222,0.1251734583333333,0.1240623472222222,0.1240623472222222
202,202.0,0.1234376973611111,0.1267278084722222,0.1275560073611111,0.1254276973611111,0.1234376973611111,0.1255376973611111,0.1244376973611111,0.1234376973611111
203,203.0,0.1226454284417929,0.126984849552904,0.1284861161599747,0.1255156193508838,0.1226454284417929,0.1265326102599747,0.1245445193508838,0.1226454284417929
204,204.0,0.1218738614229179,0.127225378434029,0.1293881003920997,0.1255984313320088,0.1218738614229179,0.1275124532410997,0.1246540523320088,0.1218738614229179
205,205.0,0.1218862175422063,0.127372883470984,0.130028479944566,0.1255243010340245,0.121052884208873,0.1283931772906911,0.1246891722997821,0.121052884208873
206,206.0,0.1224874308080987,0.1281968470094716,0.1303634916762949,0.1252420649202225,0.1201239692696372,0.1289526935882129,0.1245095334584251,0.1201239692696372
207,207.0,0.123039759550432,0.1288690525616225,0.1305974784291991,0.1248948198027865,0.1191689710888935,0.1300566885850576,0.1242042588931152,0.1191689710888935
208,208.0,0.1234354260769959,0.1294583934309885,0.1313453456907748,0.1244403412310564,0.1182027952253475,0.1310654986371488,0.1238494044823405,0.1182027952253475
209,209.0,0.1236406576486194,0.1297679342278259,0.1318598872991997,0.1237989644912462,0.1170918378115315,0.1323836212935079,0.1243652594165378,0.1170918378115315
210,210.0,0.1236603880580229,0.1298123336661934,0.1332583441277585,0.1236504024471713,0.1158496291895531,0.1332699049951055,0.1246493683266421,0.1158496291895531
211,211.0,0.1235280494824138,0.1296339317288242,0.1353423083401202,0.1233202719481114,0.1145167959315279,0.1337785120702432,0.1247383345672314,0.1151417959315279
212,212.0,0.1232699984092579,0.1292673540699917,0.1370503975771715,0.1228405926418821,0.1131255550368492,0.1339548914904945,0.1255704351492685,0.1149207756250846
213,213.0,0.1229836132775918,0.1288177192137129,0.1386489814862593,0.1228693069331001,0.1117778863566795,0.1339143628926241,0.1263274889898886,0.1146606408501436
214,214.0,0.1226282455335314,0.1282808951819494,0.1407684971318558,0.122838354272763,0.1104365635453178,0.1337503236121945,0.1269167386027239,0.1143803821196643
215,215.0,0.1222825289339385,0.1277391509507491,0.1427902016383994,0.1228221927008112,0.1091825470621788,0.1335449469284478,0.1274854355507881,0.114152996234687
216,216.0,0.1219489555303623,0.1271983959823676,0.1447036590747301,0.1228195047241259,0.1080196464392716,0.1333044203485533,0.1280299481310776,0.1139754697695114
217,217.0,0.121629646737237,0.126663938900207,0.1465005595735058,0.1228289698629473,0.1069503790968021,0.1330346641279245,0.1285472496545671,0.1138445920468091
218,218.0,0.1213263691814486,0.1261404944864667,0.1481745898234943,0.1228492781543364,0.1059760743801512,0.1327412987928413,0.1290348882117017,0.1137570069695597
219,219.0,0.1210732322533836,0.1251093201014487,0.1497539762856364,0.1229771814158088,0.1051296588124656,0.1325930176009104,0.1295563131906697,0.1138073003396767
220,220.0,0.1208383414948442,0.124102088721425,0.1512029777093896,0.123112405823624,0.1043773958698199,0.1324297361262064,0.1300441081700863,0.1138929460846046
221,221.0,0.1206222211964633,0.1231264783596964,0.1525201425843552,0.1243639781301804,0.1037173929191364,0.1322545872117537,0.1293856470890013,0.1140095525094131
222,222.0,0.120425155515209,0.1221890830180507,0.1537054829166623,0.1256077478225386,0.1031470239907257,0.1320705090906717,0.1287021401642758,0.1141528574818661
223,223.0,0.1202145299076189,0.121262775409334,0.1547276480186915,0.1272895738050639,0.1026303496330827,0.1317168367720236,0.127937567572397,0.1142207188817883
224,224.0,0.1199939786210266,0.1203558818349646,0.1555929057610744,0.1288201084187046,0.102167339131331,0.1312149263918727,0.1276343413927205,0.1142205184483055
225,225.0,0.1197666997361982,0.1194755298272513,0.1563082943023519,0.1301991754542127,0.1017572562048989,0.1310846208601707,0.127249359245823,0.1141590643690931
226,226.0,0.1195355134885224,0.1186277434363226,0.1568815213639384,0.1314276297459136,0.1013987836122357,0.1312918171333547,0.1267942706100459,0.1140427206096666
227,227.0,0.1191917949154332,0.1187064164030817,0.1572097432618596,0.132285160002183,0.1009790174845635,0.1316926122601233,0.1261688765588745,0.1137663791138812
228,228.0,0.1187590430179243,0.1186360155539047,0.1573229868762245,0.1337264267457968,0.1005170934193815,0.1322766818821114,0.125404705504343,0.1133570470003136
229,229.0,0.118331977448467,0.1185954592617493,0.1573231064002991,0.1350227806829825,0.1001033352521466,0.1331062873660935,0.1246041068968583,0.1129129466914036
230,230.0,0.1178381803353523,0.1192636244968124,0.1571452931532734,0.135947027552376,0.0996609440801383,0.134077893959041,0.1237018849455114,0.112365151477495
231,231.0,0.1172929574427719,0.1205258595519237,0.1568128131834225,0.1365378348927617,0.0992009017542485,0.1351770493535918,0.1227201496121274,0.1117324342091523
232,232.0,0.1167234969841916,0.1222992559736481,0.1563610513693207,0.1368862649572631,0.0987461672197179,0.1361889082145411,0.1217209553025295,0.1110738999787879
233,233.0,0.1161397488226286,0.1244984801446235,0.1558082850153657,0.137018565678318,0.0983025885445872,0.137113913108471,0.1207178713592666,0.1104005473267393
234,234.0,0.115716836352854,0.1272149094291675,0.1538379993819395,0.1381252650782987,0.0980413430725249,0.1381193565260014,0.1190558413946615,0.1098884487645524
235,235.0,0.1152936404245043,0.1296248060819013,0.1524006198415587,0.1390500621776656,0.0977975452320625,0.1390378754747145,0.1174181156046124,0.1093773351629807
236,236.0,0.1148166004871056,0.1318754329556282,0.1507790878690927,0.1397193457595508,0.0975140673828295,0.1407202472654809,0.1157608199739489,0.1088143983063633
237,237.0,0.1143776895227549,0.13404202894133,0.1485834350969934,0.1403156107035197,0.0978677657801313,0.1423368992598239,0.1141843026248575,0.1082922680705892
238,238.0,0.1145003595607844,0.1358825729980174,0.1472988530681797,0.1407421570082383,0.0981966145735113,0.1433210816544049,0.1122789557794944,0.1077794053573696
239,239.0,0.1146423925510367,0.1376029022167212,0.1460440654608904,0.1410429463117217,0.0985443887505946,0.1440424541368029,0.11044379143831,0.1076370591339226
240,240.0,0.1146026564469273,0.1393801763266574,0.1446601050536681,0.1409993102322963,0.0987079426097803,0.1458149182814043,0.1085212003385135,0.1073136907107527
241,241.0,0.1152234112353143,0.140839175217493,0.143986250172637,0.1405858067387172,0.098694415027314,0.1470298958122667,0.1065027771515068,0.107138268644751
242,242.0,0.1155784257901532,0.1417993697605792,0.1429619220959029,0.140280217620039,0.098481777498377,0.149732838783461,0.104404322673515,0.1067611257779727
243,243.0,0.1159456400350921,0.1426403674465672,0.1420031537486294,0.1399344420690852,0.0982892911310551,0.1523272721788142,0.1024387089336257,0.106421124457131
244,244.0,0.1162725428110525,0.1431752017938309,0.141565357793724,0.1391273850560212,0.0980692466252409,0.155107626431481,0.1005884984716181,0.1060941410170311
245,245.0,0.1165269958042723,0.1435248117884411,0.141042156942841,0.1382232020071456,0.0977936998069415,0.1583549950906924,0.098806324059995,0.1057278144996709
246,246.0,0.1167070260290006,0.143697550331624,0.1404447295140735,0.1372124685460913,0.0974642829414956,0.1617855259858151,0.0974083583607308,0.1052800582911691
247,247.0,0.1168206194867799,0.1441879116862221,0.1397915637191856,0.1356412941478242,0.097092021229213,0.1653181679494255,0.09638419773491,0.1047642240464398
248,248.0,0.1168790473095634,0.1448394522218425,0.1391499789920247,0.1339933302141615,0.0966906851617361,0.1684837801765967,0.0957456280663391,0.1042180978577358
249,249.0,0.1175448605119327,0.1453477634049429,0.138468566088114,0.1323023880627057,0.0962581475979026,0.171309054540346,0.0951491377843464,0.1036200820097095
250,250.0,0.118153611904093,0.1460017143810288,0.137803928577212,0.1305720976291478,0.0958048035431736,0.1737579313154504,0.0946176682952504,0.1032882443546439
251,251.0,0.1186205545755553,0.1467421140808176,0.1378459004867696,0.128779921388895,0.0952945681762647,0.1757204299144569,0.0941061687535895,0.1028903426236513
252,252.0,0.1188456911619742,0.1475026870498361,0.1383259802580325,0.1268386339616314,0.0946829339331895,0.1775922392767419,0.0938316320988158,0.1023802022597784
253,253.0,0.1189196655306954,0.1479283743498201,0.138962073129625,0.1254837565434705,0.0940199519315754,0.1790609618631745,0.093818666712606,0.101806549939033
254,254.0,0.1195115809195279,0.1482292516505171,0.1394193612049427,0.1240714101538968,0.0933459230508285,0.1804174290056854,0.0938106130063339,0.1011944310082673
255,255.0,0.1199720028294193,0.1484215993474605,0.139720901427942,0.1232301249538999,0.0926755004362813,0.1815385793814809,0.0938503057646434,0.1005909858588724
256,256.0,0.1201978813665404,0.1483147554207882,0.1408830050669944,0.122396495509604,0.0920462054149604,0.1821961160191809,0.09394836652561,0.1000171746763216
257,257.0,0.1208259618168606,0.1470023581032312,0.1418716662531933,0.1215180113036086,0.0914262876122779,0.1838926464974915,0.0940394319312644,0.0994236364820725
258,258.0,0.121309086524144,0.146017758376847,0.1426940142897558,0.1211069576635247,0.0904206801541904,0.1852702986228781,0.0943648949906609,0.098816309377999
259,259.0,0.1216972727903587,0.1449745147566246,0.1434406906021917,0.1207492225873391,0.0894345003576615,0.1867692538596474,0.09470796821882,0.0982265768273568
260,260.0,0.1219694775769545,0.1436832888658449,0.144429409319185,0.1203796481191066,0.0884546474368109,0.188473218161734,0.0950017896423901,0.0976085208779738
261,261.0,0.1220383187929421,0.1425228562341229,0.1451209169505346,0.1198819378892978,0.0874657682313468,0.1908034666614979,0.095221652901593,0.0969450823386647
262,262.0,0.1232779787649295,0.1412133202970347,0.1454891596300598,0.1191991193686796,0.0863797197764371,0.1930220061821606,0.0952717066300204,0.096146989350678
263,263.0,0.1241863211470622,0.1399896384416318,0.1455516548247785,0.1183602274936377,0.0852388459935341,0.195259486181689,0.0952234958526759,0.0961903300649905
264,264.0,0.1248346467305276,0.1388579503363351,0.1454007392113772,0.1174462238668594,0.0840567792848648,0.1967767659191435,0.0957254844009228,0.0969014102499693
265,265.0,0.1253772914872936,0.1375599907997427,0.1454578755170935,0.1165395712745183,0.082916663129545,0.1984091515540648,0.0961491530600544,0.0975903031776875
266,266.0,0.1254392280460566,0.1363130181990813,0.1459281148822019,0.1157104656613783,0.0818581828487308,0.1998612878552949,0.0965831455172893,0.0983065569899667
267,267.0,0.1253867484407395,0.1351062876247354,0.1466639953317496,0.1155210375885492,0.0808656437157509,0.200647547958408,0.0970039735262157,0.0988047658138513
268,268.0,0.1251848872305812,0.1339247385720464,0.1471965338232876,0.1156657121951243,0.0799192733993811,0.2015225326145314,0.0973305229265676,0.0992557992384802
269,269.0,0.1249182021749079,0.1327964688727456,0.1476641773422313,0.1158405590782599,0.0790427192144943,0.202421860348198,0.0976206967574161,0.0996953162117467
270,270.0,0.1245950732780587,0.1325603820064362,0.1476679697198813,0.1160400433106992,0.0782373804744066,0.2029050010102143,0.0978744616066336,0.1001196885936698
271,271.0,0.1241404560198378,0.1325522209014014,0.1472688365114881,0.1162460417527996,0.0775668992550683,0.2036302526952955,0.0980241260079688,0.1005711668561401
272,272.0,0.123474172439778,0.1324484177296376,0.1471513623955361,0.1159958247067459,0.076887835874391,0.2048414792454791,0.0980739550702241,0.101126952538208
273,273.0,0.1233676966916543,0.1324281575232933,0.1468665565761205,0.1160504613303555,0.0762113093888009,0.2055849652078932,0.0980215842169809,0.1014692690649011
274,274.0,0.1231017615329487,0.1323490942175105,0.1465078496208487,0.1160783886778331,0.0756616624439309,0.2067595080886944,0.0979020506201605,0.101639684798073
275,275.0,0.1226697705970235,0.1324877518983558,0.1459742508744536,0.1170700179496115,0.0750382928232474,0.2074702402931382,0.0979694928022344,0.1013201827619353
276,276.0,0.1220992208260158,0.1328938140694988,0.1453522806144812,0.1180226698431268,0.0744693153363463,0.2082100248723935,0.0979848932579042,0.1009677811802332
277,277.0,0.1215262488330518,0.1333168310201469,0.1447221596364744,0.1190747681128465,0.0739602661302444,0.2088209597209138,0.0979830430344587,0.1005957235118631
278,278.0,0.119336579815309,0.1338605283758436,0.1445192887669796,0.1197997052872185,0.0735712455816072,0.209464002245815,0.0983694569755403,0.1010791929516865
279,279.0,0.1171283577972616,0.1347209593235853,0.1446712594444684,0.1201347867283725,0.0732380563740899,0.2099348022595011,0.0986286320628912,0.1015431460098296
280,280.0,0.1149144085660262,0.1356898220492954,0.1446510665211532,0.1207302025393,0.0729485670596547,0.2104426871041643,0.0988565649058612,0.1017666812545448
281,281.0,0.1127039181175366,0.1367393591304,0.1447800284514292,0.1211952008119791,0.0726890078515343,0.210938352261762,0.0990073229512343,0.1019468104241243
282,282.0,0.1108252476328591,0.1376651480590904,0.144825711129708,0.1215670722568037,0.0724497269557556,0.2115559267898519,0.0990459839981802,0.1020651831777508
283,283.0,0.1089967490179427,0.1383643563454074,0.1450694858048672,0.1218476547915323,0.0723330717238658,0.2122865495264544,0.0989782023069298,0.102123930483
284,284.0,0.1072627940297498,0.1393309021155406,0.1452956971732208,0.1220767458149161,0.0722574442993692,0.2127509234263111,0.0988637840056024,0.1021617091352897
285,285.0,0.1056397905827627,0.1402641816179523,0.145187551572978,0.1222827717496738,0.0722280209030444,0.2134662947856131,0.0987426278473099,0.1021887609406656
286,286.0,0.1040898628046425,0.1411474359962186,0.1452946199204417,0.1224014627162882,0.0722297226778653,0.2140358940157906,0.0986058664911596,0.1021951353775934
287,287.0,0.102644897068688,0.1418213474731611,0.1456184794679875,0.122490922310529,0.0722615900008164,0.2145191593460758,0.0984585979823462,0.1021850063503958
288,288.0,0.1013145172043008,0.1424448383041639,0.1459343449855584,0.1225442495559382,0.0723231228319846,0.2148168443483431,0.0984708867917064,0.1021511959780044
289,289.0,0.1002314851660716,0.1425649285813389,0.1473933308381518,0.1228172411121435,0.0725600133046691,0.2157643151582706,0.0984669447718575,0.1002017410674968
290,290.0,0.0992631674701007,0.1426369138386156,0.1488279569018451,0.1230559476992787,0.0728175581623655,0.216721707487422,0.098425653236279,0.0982510952040931
291,291.0,0.0983315613678134,0.1425888986918777,0.1509079026189338,0.1231847393415193,0.0730151304844626,0.2174564370621503,0.0982731178983859,0.0962422125348567
292,292.0,0.0975195185774577,0.1425202621958365,0.1529529172479316,0.1233090211289075,0.0732341809671719,0.2183730065925359,0.0978133256050596,0.0942777676850991
293,293.0,0.0968047778710686,0.1423975515516813,0.1549098424526564,0.1233731581554615,0.0734521624151461,0.2192316475565405,0.0972981854726122,0.0925326745248331
294,294.0,0.09619285766627,0.1422442359810524,0.1567847526238754,0.123407248692185,0.0736753138904937,0.2200874654100481,0.0967618443265172,0.090846281409558
295,295.0,0.0958515983990229,0.1420647038777879,0.1585668949087115,0.1234131354646313,0.0739006816212082,0.2204616662978138,0.0962097331344444,0.0895315862963797
296,296.0,0.0964321853308438,0.1418631722715532,0.1594141913949906,0.1233927802029809,0.0741255903598151,0.2208342905328716,0.0956469505666051,0.0882908393403396
297,297.0,0.0971245050574332,0.1415795590467599,0.1600332537516551,0.123284128827776,0.0742835395361912,0.2205446353222698,0.0960864019159596,0.0870639765419549
298,298.0,0.097863631218357,0.1412645856257053,0.1605380842039857,0.1231272923336789,0.0744282353989608,0.220398798127389,0.0964785773205085,0.0859007957714144
299,299.0,0.0987337607141076,0.1409626423967649,0.1601611489242667,0.1230854630658947,0.0745896395650215,0.2207466561641124,0.0968767642506756,0.0848439249191563
300,300.0,0.0996425217016166,0.1406578032193597,0.1597075632981913,0.1230369438859596,0.0747468246087263,0.2207488933472377,0.0975742720175549,0.0838851779213536
301,301.0,0.1005667227664309,0.1403508459162596,0.1595317956390124,0.122972648321486,0.0748960804280235,0.2204264919465521,0.0982438859389485,0.0830115290432866
302,302.0,0.1014488968336189,0.1400333816089269,0.1595271860452525,0.1232754950513311,0.0750250371230224,0.2196107277906124,0.0988684448946705,0.082210830652565
303,303.0,0.1022737032453966,0.1396922493542866,0.1599535578777524,0.1234612592281779,0.0751254521139759,0.2186259895043522,0.0994020670914551,0.0814657215846031
304,304.0,0.1029340205521112,0.1392928374984919,0.1601070393342849,0.1235118414526515,0.075151222625045,0.2177773623939623,0.1004886420799423,0.0807370340635106
305,305.0,0.103536353052509,0.1388938580352682,0.1604107842421689,0.123486504358878,0.0751584453141594,0.2167701321230482,0.1015160204900569,0.0802279023839109
306,306.0,0.1043669501960334,0.1386075885024482,0.1605059359366927,0.1233938176926674,0.0751434357105461,0.2156997652819793,0.1024926986728496,0.079789808006783
307,307.0,0.1051660818707856,0.1383354300151787,0.1605576731027658,0.1232849982190822,0.0751207947600544,0.2147072874855705,0.1034064533194403,0.0794212812271221
308,308.0,0.1062223974728938,0.1380785371835124,0.1605696639513076,0.1231619680622705,0.0750913561366121,0.2135050813276823,0.1042528805343329,0.079118115331388
309,309.0,0.1075046620374524,0.1378850385960003,0.1605271981708761,0.1230936920740375,0.0750763945052576,0.2121170761232867,0.1048624555843101,0.0789334829087788
310,310.0,0.108676560921306,0.137683002651722,0.1603309337699756,0.1232166071195196,0.0750406614605425,0.2108871543526333,0.1053752299504727,0.078789849773828
311,311.0,0.1097344692224353,0.1374741589380347,0.1599926676641896,0.1235193800906703,0.0749858368951864,0.2098162477757453,0.1057938315923808,0.0786834078213572
312,312.0,0.1106763356136943,0.1372601571082991,0.159787727241571,0.1237266246311171,0.0749136406171603,0.2089035237328484,0.1061216082633834,0.0786103827919259
313,313.0,0.1115094831449423,0.1370584325424911,0.1597361809223219,0.1238733012365942,0.0748337482853749,0.2080116407803222,0.1063942702943549,0.0785829427935982
314,314.0,0.1125646766340396,0.1368758476343699,0.1596713828969496,0.1240125829304951,0.0747538013030179,0.2068981565999041,0.1066206754034824,0.0786028765977409
315,315.0,0.1136619068030575,0.1367672593221931,0.1597051964262103,0.1241987614419837,0.0747295496599152,0.2052491134089347,0.1069680203966944,0.0787201925410107
316,316.0,0.1145772064735225,0.1366219582250925,0.1596186310105569,0.1243208896997906,0.0746512707341767,0.2042829091887305,0.1073932653081777,0.0785338693599522
317,317.0,0.1152379187575534,0.1364946374672664,0.1594255829847963,0.1248011702895559,0.074582655385995,0.2032855294443696,0.107771066835352,0.0784014388351109
318,318.0,0.1157742341045024,0.1363754221027787,0.1591321564024327,0.1252006182673717,0.0745069304343664,0.2023873602533238,0.1083411826351669,0.0782820958000571
319,319.0,0.1161905411133012,0.136264195010787,0.1580323809313527,0.1255197892378477,0.0744250653539983,0.201589645824688,0.1095475072446402,0.0784308752833846
320,320.0,0.1163968202873515,0.1361131644870288,0.1570585926270674,0.1257124574970769,0.0742903876606356,0.2014162671739446,0.1104788612555718,0.078533449011323
321,321.0,0.1164334116749989,0.1359196205555206,0.1561753421821544,0.125798426836686,0.0747338322756212,0.2012108672676757,0.1111307378530445,0.0785977613542983
322,322.0,0.1164048635579659,0.1357406214857272,0.1553131339737382,0.1258580811183308,0.0751747672545884,0.2009942168141523,0.1118439158561956,0.0786703999393014
323,323.0,0.1163248246829592,0.1355782151109422,0.1544819105177874,0.1259020169488271,0.0756107465401164,0.2008432375096213,0.1124989689608641,0.0787600797288822
324,324.0,0.1160150339882104,0.1354455241201494,0.153607938205194,0.1260366299728794,0.0760510638034308,0.2008318194006497,0.1124964749153253,0.0795155155941608
325,325.0,0.1155795998734941,0.1352780723226452,0.1527171824438445,0.1260844429152369,0.0769866334756761,0.2008631442287983,0.1122951731692147,0.0801957515710901
326,326.0,0.115035565014725,0.1358994392634072,0.1515564402371836,0.1260523336496449,0.0777969536090863,0.200940841945585,0.1119164504985143,0.0808019757818534
327,327.0,0.1143854037916584,0.1362960014428095,0.1503530861416613,0.1261903529402702,0.07847987693184,0.2008098488975579,0.1113739176703538,0.0821115121838487
328,328.0,0.1137834505356819,0.1366986175046237,0.1485479809536296,0.1263967162548724,0.0791406256875249,0.2009626105959631,0.1110459018257502,0.083424096641954
329,329.0,0.1130935313523092,0.1375422371160739,0.1467171759277645,0.1265133263173426,0.0796825874670226,0.2010665207236766,0.1107616974327506,0.0846229236630598
330,330.0,0.1123980345658056,0.1383748339876054,0.1451025573449993,0.126607656035419,0.0801864158222064,0.2011225800073834,0.1104376648685502,0.0857702573680305
331,331.0,0.1116910970416582,0.1392851994331808,0.1435283644395771,0.1266738857026119,0.080644336718078,0.2012580454812002,0.1100729509698898,0.0868461202138038
332,332.0,0.1110089973829294,0.1402416137200986,0.142264623860507,0.1266886702823605,0.0811338301630763,0.201144863553514,0.1094617204805895,0.0880556805569244
333,333.0,0.1102829505741932,0.1410763161790989,0.1410575403175596,0.1266314804439857,0.0814990595265111,0.2015756186112643,0.1087568364983999,0.0891201978489871
334,334.0,0.1095702380593117,0.1417221975372445,0.1401541021077822,0.1265590310622517,0.081818980474344,0.2020152661080622,0.1080525694383624,0.0901076152126411
335,335.0,0.1088245287044133,0.1428172809373002,0.1392704084974617,0.1266577882226327,0.0820194413744186,0.2021689518792697,0.1072908237668914,0.0909507766176121
336,336.0,0.1080917246608556,0.1439441538416372,0.1384264946568529,0.1267062536657194,0.0821724350738922,0.2024453132487821,0.1065059377026134,0.091707687149647
337,337.0,0.1076140458601689,0.1448754419625085,0.1376386761720356,0.126741967982504,0.0822856332033083,0.2027196089856893,0.1057410702191458,0.0923835556146394
338,338.0,0.107160573338448,0.1458356850008811,0.1369068726201625,0.1267655555084343,0.0823615897043638,0.202989009061868,0.1050015744992276,0.0929791402666145
339,339.0,0.1067700828405447,0.1474023749963501,0.1362391748454843,0.1267661635724636,0.0824693617779334,0.2029862328145098,0.1038042883726396,0.0935623207800744
340,340.0,0.1063868542809469,0.1492595605440462,0.1356502913863835,0.1267557807215773,0.0824816228947018,0.2027620731837285,0.1026715081275982,0.0940323088610174
341,341.0,0.1060000473374735,0.1513594886081381,0.1351278780605418,0.1267185015336676,0.0824037738101538,0.2024515307897949,0.1015673539876422,0.0943714258725877
342,342.0,0.1056133232652083,0.1532263379431889,0.1351050122702181,0.1266571061079467,0.0822447570561587,0.2020652200274866,0.1004997225572933,0.0945885207724991
343,343.0,0.1054573937069505,0.1548532162099574,0.1351157395954374,0.1265782682992215,0.0820611113165755,0.2016069008261802,0.0996029543453997,0.0947244157002776
344,344.0,0.1053111945646783,0.1562320776804483,0.1351450791888507,0.126458996130692,0.081853747546349,0.2012569213719005,0.0989494960535318,0.0947924874635491
345,345.0,0.1051906171933962,0.157489071867318,0.1352219587588795,0.1264435587773976,0.0816308230271339,0.2008941110443575,0.0983233204677954,0.0948065388637217
346,346.0,0.1050937655659129,0.1586232759332548,0.1353400460764542,0.1263965507767967,0.081604186600452,0.2004448108577138,0.0977258025782142,0.0947715616112011
347,347.0,0.1048623852579971,0.1597468442369835,0.1352115608526921,0.1265631892186748,0.0817932514659531,0.199861185973405,0.0972156208862071,0.094745962108087
348,348.0,0.1046360993254304,0.1606260776292917,0.1352825492882336,0.1266954920413202,0.0821581726605109,0.1991979232246551,0.0967311201163898,0.0946725657141679
349,349.0,0.1044230157318202,0.161276521228983,0.1353574681784114,0.1268210359649045,0.0825084876481976,0.1987496910542073,0.0963037168401038,0.0945600633533719
350,350.0,0.1042586303938922,0.1622115604116272,0.1352101869438716,0.1270103013605695,0.082850825228495,0.1983811333358356,0.0956465290223714,0.0944308333033373
351,351.0,0.1037061866757479,0.1631797095166237,0.1351350018469146,0.127214008815164,0.0832372205786723,0.1976665053932246,0.0950689479985014,0.0947924191751512
352,352.0,0.1031414128679482,0.1642195878245608,0.1350059355814181,0.1273600482137178,0.0835274410253615,0.1968251352352014,0.0946923169275598,0.0952281223242322
353,353.0,0.1025770053291994,0.1649018743093458,0.1354393921325279,0.1274768740116624,0.0837411029014351,0.1959576137398561,0.0943515139923057,0.0955546235836672
354,354.0,0.1020339864586941,0.1655608654252255,0.1358603585351803,0.1277783997409991,0.0839324161393934,0.1949273988201434,0.0940624464070702,0.0958441284732938
355,355.0,0.1015072402993175,0.1661897376747803,0.1365554277238657,0.1280362872003247,0.0842787107565,0.1935508966428258,0.0937886782109034,0.0960930214914824
356,356.0,0.1009634438372996,0.1667717666921082,0.137428603311502,0.1281789310851866,0.0845742577609727,0.1922786340740855,0.093520180699934,0.0962841825389113
357,357.0,0.1004405476954082,0.1673261232293149,0.138258091614851,0.1282785675204566,0.0848278502910107,0.1911672760907201,0.0932648717966299,0.0964366717616084
358,358.0,0.0999471803327029,0.1678609190037231,0.1387532833482061,0.1283634581748149,0.0850566711945667,0.190116906357492,0.0930520876714194,0.0968494939170747
359,359.0,0.0994509298281327,0.1683604362216217,0.139129783703032,0.1286525212969218,0.0852523112460633,0.1890809251251168,0.0928711055085554,0.097201987070556
360,360.0,0.0989941499816231,0.1688446031582053,0.1394675731275233,0.1289370360108775,0.0854254078753651,0.1880464713412601,0.0927526617288335,0.097532096776312
361,361.0,0.0985692496318624,0.1693177433830238,0.1397649313793493,0.1292206899061679,0.0855901547553459,0.1870448818042224,0.0926759544736418,0.0978163946663864
362,362.0,0.0982222463189451,0.1706257650076202,0.1403632950021273,0.1296984141865423,0.0859428590627391,0.1852316283404601,0.0927851690935121,0.0971306229880536
363,363.0,0.0978858647801313,0.1715626061996897,0.1413001281193202,0.1301327326854255,0.0862059069609731,0.1836366987353364,0.0929003676093925,0.0963756949097311
364,364.0,0.0974703338165971,0.1724183948373175,0.1422061196710937,0.1305453554583152,0.0865667892409911,0.1821397618470907,0.0930415123088608,0.0956117328197336
365,365.0,0.0970961574153895,0.1731926782895717,0.1430752938984721,0.1309343258500821,0.0869036799068748,0.1807459877729176,0.0932045971265635,0.0948472797401285
366,366.0,0.0968834238119988,0.1742199277673015,0.1439026407916211,0.1312981193949206,0.0867610637588332,0.1794589979721517,0.0933857972025002,0.0940900293006727
367,367.0,0.0968803956723639,0.1754963092444667,0.144700256326871,0.1320444244247969,0.0866055019047497,0.177213602021991,0.0936093452118573,0.0934501651929033
368,368.0,0.0969124907213418,0.17668499268546,0.1454485694440042,0.1327595990164589,0.0864325605134418,0.1750887382009985,0.093843700299607,0.0928293491186875
369,369.0,0.0971140097475525,0.1777606690305031,0.1461558968188785,0.1334214885257826,0.086209475068487,0.1730754859924384,0.0940673222650034,0.0921956525513543
370,370.0,0.09732500784417,0.1785605217184943,0.1471261478099421,0.1340284402470678,0.0859427661920184,0.1711824544383125,0.0942786858817874,0.0915559758682075
371,371.0,0.0976094715462364,0.1791420579038358,0.1479061546968241,0.1350077477016139,0.0856986366315292,0.1689702859198343,0.0946346004711372,0.091031045128989
372,372.0,0.0979018445262519,0.1796335316036225,0.1486197035231384,0.1360729397202585,0.0854488824797095,0.1668378226198013,0.0949609176447986,0.0905243578824192
373,373.0,0.098166926580328,0.1800380066991959,0.1491362123182146,0.1370489608402473,0.0855308234100529,0.164824963547695,0.0952527272380355,0.0900013793662306
374,374.0,0.0987079532238442,0.1803934685083479,0.149499993927972,0.137858310385655,0.0855982794516895,0.1627971988505136,0.0955240667388094,0.0896207289131683
