,Unnamed: 0,Generation,Intertwine_two,Add_vertex,Delete_vertex,Invert_path_vertices,Insert_inside_vertex,Delete_inside_vertex,Replace_inside_vertex,Donate_between_routes,Trim_one_terminal_cb,Grow_one_terminal_cb
0,0.0,0.0,0.09999999999999999,0.09999999999999999,0.09999999999999999,0.09999999999999999,0.09999999999999999,0.09999999999999999,0.09999999999999999,0.09999999999999999,0.09999999999999999,0.09999999999999999
1,1.0,1.0,0.1034547439468774,0.08605907431733076,0.08362158717364607,0.10847282594062564,0.09406444234364766,0.11708697015315568,0.10428653026270443,0.09923800579093649,0.10830535693353101,0.09541046313754437
2,2.0,2.0,0.08988109954858944,0.09553996477320773,0.08694088420248129,0.10719370517911495,0.09942402263749758,0.10938582725520196,0.10444420945152703,0.0946357376588816,0.11050068782741443,0.10205386146608357
3,3.0,3.0,0.10394660852620619,0.08824883178487444,0.0888779089809081,0.10592371339838424,0.09928222205857179,0.11252918129374163,0.10062508731903634,0.09515458266295324,0.0994435391495592,0.10596832482576439
4,4.0,4.0,0.10511986459624809,0.09039333900154219,0.08521640860386424,0.10429863274539593,0.09485733415533587,0.113753121596412,0.0911285365255697,0.0976300293907143,0.10946686682814002,0.10813586655677718
5,5.0,5.0,0.11052821808728892,0.09677029370474147,0.07446200199243355,0.09909134122400765,0.1046969402899695,0.09952086041775307,0.10225293433406046,0.0924825101878272,0.1059151784219404,0.1142797213399773
6,6.0,6.0,0.09706004030218301,0.09252002544545425,0.07732326510875417,0.11190623863511699,0.08870907332507201,0.11127282963983684,0.09558265920910586,0.09981282321747634,0.11148884179450909,0.11432420332249102
7,7.0,7.0,0.10348825709642806,0.090710953906427,0.07701711665475627,0.0996340040468187,0.10080991400185509,0.11864710486189858,0.09231007164594776,0.09466907367745034,0.11130247838588729,0.11141102572253044
8,8.0,8.0,0.10350555010959654,0.08656673353607144,0.07654503373571539,0.10948189703073523,0.08528050874452409,0.11029148864368662,0.09466855762246824,0.10057816592790583,0.11664518917405586,0.11643687547524026
9,9.0,9.0,0.09516751338250057,0.08918949419290714,0.07976051773489068,0.10859837366656074,0.08419774375709548,0.12149242483561248,0.09999226057653596,0.09381604377769295,0.1140365577320882,0.11374907034411534
10,10.0,10.0,0.10170225797536696,0.09703857859574011,0.08554245183514629,0.09184200570812884,0.08663572535942736,0.1107858627492054,0.10088250572129007,0.08830516441511416,0.12843049915653842,0.10883494848404192
11,11.0,11.0,0.09083066917242982,0.10039757441029942,0.0872292218403838,0.09867040213144408,0.08515762414719932,0.1135857390344955,0.09879772990426358,0.0963126326171031,0.11873222810196742,0.11028617864041343
12,12.0,12.0,0.10284136423139331,0.08848346056869918,0.08597512036819832,0.1056262409807521,0.07656052976519517,0.11818549203140398,0.10371918108691436,0.09330436468617205,0.11763321815054983,0.10767102813072119
13,13.0,13.0,0.09244279401979244,0.11062271170028329,0.08950977684686394,0.09518213177042098,0.08222275058069742,0.10912526925119588,0.10459258531654411,0.08203554496637121,0.12381051227374987,0.11045592327408035
14,14.0,14.0,0.08742602998606266,0.1044316185905066,0.086681487120184,0.10535639909377963,0.08819117519266294,0.11336900086160846,0.0925656838073958,0.08367029421437136,0.13290955646893304,0.10539875466449491
15,15.0,15.0,0.09666433442655983,0.0982636271625403,0.08725750155300607,0.09459969855876793,0.0821829472193933,0.12405097121086535,0.09458712895050095,0.0945961787950457,0.12460732183493908,0.103190290288381
16,16.0,16.0,0.1024060798995157,0.09976207658865373,0.09596525298070473,0.09049911552665915,0.08203965683316683,0.10805211644760279,0.08644047653735634,0.09943470057484916,0.12240759079807081,0.11299293381342031
17,17.0,17.0,0.09695538463877391,0.09426813871819625,0.07850361550989354,0.10071156472467235,0.08954967324434299,0.12030709447396512,0.09271878561337409,0.09240552819061555,0.12393964000279334,0.11064057488337235
18,18.0,18.0,0.09542157300572376,0.10726074781852298,0.0865515490675484,0.10214812339001185,0.07501983005604304,0.12704293990769291,0.08862834718145621,0.08432045406673035,0.12293916794072815,0.11066726756554184
19,19.0,19.0,0.09212253094010629,0.09693233903363807,0.08768252313760178,0.10900579611001684,0.08030342051621885,0.1263365208428111,0.09092085534737931,0.07865673969378542,0.1243345563447709,0.11370471803367095
20,20.0,20.0,0.09736952701328475,0.0872062706424028,0.09088707677823772,0.09980374236197287,0.09269186778789097,0.10925674764302237,0.08829669248749647,0.09177216205817204,0.1302611017465701,0.11245481148094934
21,21.0,21.0,0.09393309062185391,0.10322548194537191,0.08978965958458336,0.09217138254788707,0.08068136399474565,0.12634374868734563,0.10587635918046975,0.07929433982823995,0.11925067927627504,0.1094338943332273
22,22.0,22.0,0.0925836255128765,0.10267253109213266,0.09346267652435568,0.10002526351896346,0.0785707307750957,0.12561592367150115,0.09359465694330929,0.07059139648939193,0.12225373362301914,0.12062946184935404
23,23.0,23.0,0.09986944560918612,0.09099844629250446,0.09298702318516225,0.0950801947333636,0.06711339231211266,0.11910761939167894,0.09297431307009237,0.08035817127625769,0.13332470179595352,0.12818669233368793
24,24.0,24.0,0.09347738428150691,0.0955994330825419,0.09666583749409653,0.09217510811770452,0.07852682483522608,0.11487977859670392,0.09334206300774622,0.08380679564366188,0.13478394919752631,0.11674282574328525
25,25.0,25.0,0.09499547515440585,0.09995107683485091,0.08407657745797878,0.09723658670448164,0.0708409594484412,0.12059040806358574,0.08275879728926915,0.08515273201715917,0.13678481973061668,0.12761256729921033
26,26.0,26.0,0.09590697957529223,0.11225284157267963,0.08153397093917371,0.09334865460001822,0.07959106606644709,0.13159817598843132,0.08201311523086775,0.07181532538572617,0.13172560589666144,0.12021426474470198
27,27.0,27.0,0.10015871039082862,0.10620988112473126,0.08994777713064832,0.09208155626882938,0.07859405490762882,0.12227494010728786,0.0865639883559787,0.0825105095116462,0.12027852409739445,0.1213800581050258
28,28.0,28.0,0.104285791598836,0.10364739535701395,0.09054950285760534,0.09920638966579197,0.07252835097116148,0.13084706296828988,0.09210367333719348,0.07274840816834992,0.1262676064409304,0.10781581863482707
29,29.0,29.0,0.08881870594329147,0.10264681772376838,0.10420720887035335,0.08837232442659168,0.06925346899477662,0.12418669645757888,0.0993388824196754,0.08302499548389637,0.11792555557195332,0.12222534410811407
30,30.0,30.0,0.09700321131083728,0.102764349746197,0.09117466523196334,0.08999922511768653,0.0791520423013326,0.12366101091975132,0.09539194668926415,0.08139542732320719,0.1198323940363907,0.11962572732336937
31,31.0,31.0,0.09101239606382984,0.0958372679987433,0.0903966933303205,0.10484690729066673,0.06679793430042805,0.12151515031195012,0.09122569993121725,0.08549026087623922,0.13864233191782308,0.11423535797878144
32,32.0,32.0,0.10134154737894503,0.09196989112243244,0.0959948652574607,0.0964788882889013,0.06487453810152483,0.11719524063709777,0.09279352123395994,0.0782890476975175,0.1374238489880057,0.12363861129415428
33,33.0,33.0,0.09543768218769014,0.10282458234142211,0.08860694577305799,0.10401089564282384,0.07525650252207336,0.12653709881392852,0.09805535567640651,0.07524875304643011,0.1260558454697011,0.10796633852646575
34,34.0,34.0,0.08720983704862634,0.09967335212895004,0.09118922540051995,0.10236474346775153,0.0778572658885344,0.1309819842207392,0.0870532547232367,0.08372348583585212,0.12842897835297082,0.11151787293281853
35,35.0,35.0,0.09260581493121675,0.10111052064597166,0.09864204703996741,0.08288969104381086,0.07640274642303585,0.12533157542696827,0.08228000268421506,0.07981821434275464,0.13518829164844895,0.1257310958136101
36,36.0,36.0,0.10407521744715562,0.10068066924127936,0.0824863269547486,0.08891752467818695,0.0729365006485094,0.12777385723566662,0.08626320493639908,0.08056721852971334,0.1385691137773047,0.11773036655103586
37,37.0,37.0,0.09824501799710211,0.1082787157378351,0.0929272795293395,0.11148793545314026,0.06682939335288748,0.12451983710779027,0.07181706667451368,0.08553423713316859,0.12392296197183542,0.11643755504238709
38,38.0,38.0,0.10186250819837557,0.10483345669448889,0.08363510823121098,0.09444932004469753,0.06380526288417367,0.13099212283922682,0.09229238738165275,0.07807131331925718,0.13853236859208984,0.11152615181482636
39,39.0,39.0,0.09458787982576146,0.0977198981271773,0.10326658978878049,0.09437547524434381,0.05351864165750443,0.12871332311395606,0.08657451398570555,0.08574898794972158,0.13690243531838903,0.11859225498865973
40,40.0,40.0,0.08809433195904127,0.09508586692441821,0.09624830621402683,0.10693916980781706,0.07626197376201604,0.13711884553906398,0.07754635373902743,0.07771518974476296,0.13608835901712413,0.10890160329270163
41,41.0,41.0,0.09541739155912138,0.11256906620120241,0.08232508709363846,0.09687929444196516,0.07787502961567763,0.12742314637223112,0.07813498325675619,0.062120982518104696,0.14144755827344477,0.1258074606678577
42,42.0,42.0,0.09418725951401652,0.09886134388851639,0.10116620548897366,0.09591990424983128,0.0562532052356058,0.1314417505778195,0.08765496720080693,0.08328383270033551,0.13613034018562548,0.11510119095846853
43,43.0,43.0,0.10443485920828277,0.09246268285152291,0.07615234023136815,0.10028179138802099,0.0639438895360643,0.12506966574819647,0.08588705809773259,0.08651380269402743,0.14819916447076673,0.11705474577401716
44,44.0,44.0,0.09601723034368026,0.09270207748402007,0.10053429260619658,0.10460036476022364,0.06721614578682003,0.12231390777871728,0.08263870139287668,0.07091451939207329,0.14057857723933942,0.12248418321605233
45,45.0,45.0,0.09149358487960521,0.10389821344408849,0.09222057603290615,0.08839606871433829,0.07441162946232224,0.11818960958252837,0.09250928071149375,0.08612048786820771,0.1375527981986977,0.1152077511058116
46,46.0,46.0,0.09546086664588907,0.10302862561671192,0.08945878585053427,0.08598030254560582,0.0641459787464205,0.1346789052285796,0.07828193372531361,0.08281942092261449,0.14012714195911596,0.12601803875921433
47,47.0,47.0,0.09820577319264881,0.1060817545914519,0.09515457849355011,0.08552756942937709,0.06719595810670821,0.12637884908999764,0.0767614566180799,0.06988277845162247,0.15681065829370705,0.11800062373285643
48,48.0,48.0,0.08632624180302197,0.10682745125808062,0.08231364764979053,0.08903381777041551,0.07463000846486173,0.1317695878145499,0.09800871641211553,0.06711171083022549,0.1385219335453781,0.12545688445156017
49,49.0,49.0,0.08972775753100293,0.10619231080929274,0.08365601325067121,0.10375162705818015,0.07472488553866034,0.13624394735271012,0.09804007887997171,0.07659433007706665,0.12275885703742899,0.10831019246501469
50,50.0,50.0,0.08573053094567937,0.10046954005166149,0.09816897162545149,0.08544194985333904,0.06433409998860004,0.13091888169517502,0.08697465143234888,0.08721333069256566,0.14683110770540236,0.11391693600977619
51,51.0,51.0,0.08600832600898617,0.10512384468372296,0.10568903982034958,0.09437749389112343,0.058896132815225155,0.13228775957641048,0.06951080652675547,0.08754000919212698,0.14127391747105789,0.1192926700142414
52,52.0,52.0,0.1020187461792396,0.09777991643666446,0.10342356905704475,0.09706444307112633,0.05980578800322565,0.12158971285074707,0.08153126945687886,0.0824238538335024,0.142344108315593,0.11201859279597745
53,53.0,53.0,0.09383878660811913,0.1067754508491856,0.09581873766282664,0.0933026446195401,0.05374631316603166,0.13197652905228893,0.08702220847262682,0.08056826068523032,0.14149284230112297,0.11545822658302737
54,54.0,54.0,0.09579164378585814,0.10406671134600107,0.09505297213332507,0.10232681018899985,0.06598035586090457,0.12494071215190043,0.07411006905486558,0.07451618578434951,0.14510383296676457,0.11811070672703068
55,55.0,55.0,0.08929697033925905,0.10862165298741862,0.08085897325524756,0.085949721729807,0.07168252968304437,0.1262470785386047,0.07992936221272745,0.07980804998495859,0.14707661111594134,0.13052905015299082
56,56.0,56.0,0.0942190990023838,0.095014666832027,0.09491264392585494,0.09698473055527543,0.06885446191121955,0.1273966542728097,0.08813343738726426,0.08269553990262458,0.13970560113178904,0.1120831650787513
57,57.0,57.0,0.090524645871084,0.10856653641152285,0.0960853980762548,0.09293433738373284,0.06857453851221176,0.13108265085948004,0.07088331787414953,0.08699821821994204,0.13897627853492717,0.11537407825669461
58,58.0,58.0,0.10623992486927318,0.10938455704920691,0.09463170729379058,0.09239940879277823,0.06486164023764558,0.12361699792283573,0.08322389595815163,0.07640895818382572,0.14067309755644594,0.10855981213604589
59,59.0,59.0,0.09105194870466757,0.10233542786660418,0.093581662895532,0.0870646447166532,0.0514911837895496,0.1273155022797165,0.08234022158301507,0.07980603858296109,0.14919734933558865,0.1358160202457117
60,60.0,60.0,0.09420866157675145,0.10650010593385532,0.09823296953722495,0.09609483957726606,0.0558484435798249,0.14220444361456172,0.07313071126140738,0.08235083685685848,0.13346966648564362,0.11795932157660553
61,61.0,61.0,0.08628588699649686,0.10787931357401118,0.10896548377308697,0.09501748904138023,0.05582056030202803,0.1363757814244777,0.07632635978043814,0.08276369958182449,0.12687096097508244,0.12369446455117353
62,62.0,62.0,0.10277580278705763,0.1075016425594079,0.10972422359677084,0.1001372562531746,0.05793785759570025,0.1210878634356884,0.07599582476400288,0.05855421436254203,0.13356187895678662,0.1327234356888684
63,63.0,63.0,0.08862785453316005,0.10226839704112559,0.098400715190651,0.10124244255837131,0.06963507394583215,0.12396883238770204,0.08221237063942785,0.07116197477195554,0.14614456807734275,0.11633777085443131
64,64.0,64.0,0.10110647375893675,0.10486870804573074,0.10221749324011067,0.09933874859020646,0.06551814001211696,0.12731851268063837,0.07015187651869467,0.07449000300619689,0.1329305718554396,0.12205947229192841
65,65.0,65.0,0.08321192141152343,0.11879247979490411,0.10979216933561693,0.0955557693945887,0.05773157556423336,0.12080071384312199,0.08810775991535684,0.07170312378444972,0.1223702565545333,0.1319342304016712
66,66.0,66.0,0.09653974748946345,0.10412308172774191,0.10657885036348136,0.09986921363510992,0.06067199981103204,0.1194253123414831,0.0870950894245051,0.07164814136468316,0.14182102164969668,0.11222754219280277
67,67.0,67.0,0.10191633695537272,0.10832232123427055,0.09963224519324801,0.09603138077322175,0.06156040307911368,0.12904478713334283,0.08597111461063715,0.06981493777431046,0.12288719040847595,0.12481928283800636
68,68.0,68.0,0.08844152810994171,0.10573206110573621,0.0954563653561543,0.10153587549784207,0.07485527202456879,0.13198905925484788,0.08562384809430036,0.079502961650866,0.12537174921571156,0.11149127969003056
69,69.0,69.0,0.09347917553382437,0.1034454485569593,0.08647504701772954,0.10495367525459583,0.062119157182682926,0.13478113090010677,0.08460040051853739,0.07560731968880632,0.1308452568704393,0.1236933884763178
70,70.0,70.0,0.09345968082941646,0.1069788789320216,0.09515479351366073,0.08519945133434968,0.07029666360132594,0.13631453649744923,0.07885164280557154,0.0729398560388176,0.13578778165647498,0.12501671479091175
71,71.0,71.0,0.08307254801773446,0.10339915949397685,0.10048927885370858,0.10118944164359396,0.06698986911788517,0.12106947243667968,0.08463818926920964,0.07856195828207682,0.1370370159613571,0.12355306692377724
72,72.0,72.0,0.08396052599545381,0.10810999477152146,0.09316946469830259,0.10272718885737189,0.06420538243391347,0.132202307022073,0.09596289043413761,0.06995264196152987,0.13414645970101113,0.11556314412468471
73,73.0,73.0,0.09174366207643787,0.10074390225637016,0.10561016049746796,0.09187970312800123,0.07191632576910956,0.12605577511070978,0.074844523578233,0.07233382807849467,0.14212476945804647,0.12274735004712878
74,74.0,74.0,0.09041942034988422,0.11289222584119744,0.09235714006712936,0.0938472913720022,0.06219579774988583,0.13103859160581374,0.0744967930589838,0.08256701591719055,0.13153638994421887,0.12864933409369345
75,75.0,75.0,0.08569786850363004,0.11624536807760395,0.09183535212945718,0.08711476927931908,0.04783954356995372,0.1456991318050637,0.07462716053353541,0.07931131063790704,0.14255895812613725,0.1290705373373922
76,76.0,76.0,0.08601255233135717,0.10470777086688876,0.11130628739944981,0.10553365904985715,0.06102584785003451,0.1402534090997472,0.06974106336002928,0.06738023782573115,0.13389274999814188,0.12014642221876257
77,77.0,77.0,0.0895749470870052,0.09625085928961555,0.09783067710015156,0.08967121507127487,0.08017291652622399,0.12687893208796566,0.08196560617970701,0.0923524345751201,0.13114637257073564,0.11415603951220002
78,78.0,78.0,0.09356672478955748,0.09374132615398834,0.09725673116226027,0.09040080459170913,0.05492302464178531,0.12649899606998216,0.08049796828794131,0.07732109847373611,0.15601758169309252,0.1297757441359469
79,79.0,79.0,0.0828791253880159,0.11740772527924018,0.1023261630081681,0.08955579509924103,0.07772118906805332,0.1293039145060246,0.08677323910151666,0.06255317345830688,0.14840281933926705,0.10307685575216581
80,80.0,80.0,0.07894296333686694,0.12268474708022874,0.1081521845162301,0.09148631054385062,0.0629358751730488,0.1317231686991792,0.0751774821588033,0.06524053561766986,0.1369435287494097,0.1267132041247122
81,81.0,81.0,0.08504560737519817,0.09030340868177777,0.11591830133641842,0.09589162810695685,0.05765031529875823,0.12157837348907075,0.09743444910603491,0.06107359451262412,0.15068978805540828,0.124414534037752
82,82.0,82.0,0.0895196529565245,0.11015863746805661,0.09536859863354845,0.10076856630546924,0.07788149779732925,0.12199409757129898,0.08025714781938861,0.08044277689166947,0.12744648240582016,0.1161625421508943
83,83.0,83.0,0.09178143430629898,0.12188486955065288,0.09263625521375832,0.09186977095868279,0.06309515189656564,0.1296429446301687,0.08736810478994377,0.06331835104988749,0.1310186963380151,0.1273844212660259
84,84.0,84.0,0.09198530555142961,0.11052581232196582,0.10553910938766223,0.0803864973681855,0.054826310188829185,0.1263179367580229,0.09675267302116385,0.07693813152604623,0.1378868473330463,0.11884137654364793
85,85.0,85.0,0.09238688010135922,0.10533222689443782,0.10785971118234752,0.09987110405109823,0.06383883328257892,0.13117872675323702,0.08331713629434817,0.07653137154402567,0.14300636136076933,0.09667764853579763
86,86.0,86.0,0.09383596067646577,0.10980352729280991,0.10434538059338845,0.10387394960023362,0.06104408887052202,0.12987788428543698,0.06302675190495091,0.07497540796734861,0.134232933232646,0.12498411557619724
87,87.0,87.0,0.09345494979120893,0.11253262109325587,0.10169668332230028,0.09671717951512704,0.05398445056575908,0.13569982652285356,0.07214193045875339,0.0808397120134274,0.14928666147664102,0.10364598524067303
88,88.0,88.0,0.08844852833442282,0.10883367234786523,0.10146868740734945,0.0911600247965337,0.06669107516311687,0.14928100736018632,0.06811812593185868,0.07035936643314952,0.13673152317222936,0.11890798905328759
89,89.0,89.0,0.08777745399407959,0.1045289413764573,0.10639934883456093,0.10598836576646527,0.06164004835878325,0.12419121741621204,0.08043824469114955,0.07296244113372181,0.14447723636795623,0.11159670206061359
90,90.0,90.0,0.0798584790265389,0.11927986407348741,0.09149351519770713,0.08250558220536237,0.052256397343424875,0.13678777220238825,0.0735793365238995,0.08291845220566904,0.15319524456840783,0.12812535665311423
91,91.0,91.0,0.08434704643621,0.115893082478987,0.1159253042463961,0.10267426960738144,0.06455828269404194,0.12417415992444569,0.07425308643441456,0.052640127388690484,0.13620633745771732,0.12932830333171505
92,92.0,92.0,0.08403577934262309,0.11109773277849713,0.10381766951098018,0.10213073254128464,0.07741166966993966,0.11996957456289106,0.08239634686733262,0.07901093445646365,0.13854937606656503,0.10158018420342249
93,93.0,93.0,0.08525592272184958,0.10465991663442742,0.11260560234081493,0.09243420448639685,0.05228885298161873,0.12953490923650784,0.08311154363600218,0.0878618844249817,0.13573583035276418,0.11651133318463616
94,94.0,94.0,0.09206377469327513,0.10988877045931386,0.10737091670402257,0.10359465173324293,0.06430899186932312,0.12143484884526778,0.06883846255893518,0.0739994542193008,0.1346642354021244,0.12383589351519371
95,95.0,95.0,0.08932417484283713,0.11136272964755296,0.09972182886679903,0.1017682721004665,0.04581177399037547,0.14643835926850896,0.06655733869591804,0.07374326048600541,0.14536338387061667,0.11990887823091936
96,96.0,96.0,0.07901372889617755,0.12184320000965218,0.09184429346077853,0.09042962745248473,0.05714400260403705,0.13570167172061903,0.07685684291324005,0.07229047112430287,0.14795924288281143,0.12691691893589613
97,97.0,97.0,0.09890599629979697,0.11598482899144569,0.08706100074541047,0.08814947631528011,0.06357991994314155,0.12163315984582432,0.0904343356822189,0.08959214021714243,0.13475624000315306,0.1099029019565861
98,98.0,98.0,0.10283341036325352,0.10790201391125609,0.09250578242791796,0.07899748083170761,0.06495412425246902,0.13266407942652286,0.08417235805315834,0.06831180630460057,0.14964182792860842,0.11801711650050513
99,99.0,99.0,0.08435021245130671,0.08301234733061268,0.10402232016107912,0.08092243699210269,0.07226036425829316,0.12926046816984266,0.0906282646513632,0.07962506719099137,0.16629189950932774,0.10962661928508025
100,100.0,100.0,0.08529935655688375,0.1524453289923417,0.0997449628317634,0.096771888763036,0.05220908006805821,0.11699953874054869,0.062268003559033655,0.06951090208495359,0.13677837990452255,0.127972558498858
101,101.0,101.0,0.09323708339874245,0.09871651979554777,0.10955012729656459,0.09063740036751969,0.06431949799744098,0.1368745216830926,0.07523630963671368,0.07559647291026104,0.1352278027587877,0.1206042641553291
102,102.0,102.0,0.08650410635906329,0.11346413541620666,0.10361273780678373,0.09102731021262164,0.06686418954479703,0.1356601601881083,0.08474689877127498,0.06455662205582857,0.12944050559189177,0.1241233340534236
103,103.0,103.0,0.07717563766805093,0.10518219100806955,0.10840464782361295,0.08785801356202261,0.07068630780349724,0.13665697770121918,0.0664648022110387,0.05886354440250211,0.14537490427721117,0.1433329735427751
104,104.0,104.0,0.08191581457582833,0.09123150434812409,0.09353592553295892,0.10338785695051134,0.054344408642009276,0.13886086294654618,0.08251157243565842,0.07078307014514977,0.14893212374982548,0.1344968606733877
105,105.0,105.0,0.09699411664603878,0.09574426138016406,0.10687678766790991,0.09386667462576231,0.06669578857089566,0.14950123871875046,0.08160608159614019,0.07591331686825803,0.12561574148903748,0.10718599243704266
106,106.0,106.0,0.08611528569386122,0.1286466201753246,0.08767574099958082,0.09513253196505769,0.06861158077549896,0.1250014382243415,0.08733340105294765,0.054702521500257076,0.13160625027161782,0.13517462934151228
107,107.0,107.0,0.0925140938284835,0.10767750487888202,0.0888955068256876,0.07808544494335314,0.06827284269980458,0.12494447899536117,0.08880991836033687,0.0726847195166814,0.15495297673721,0.12316251321419928
108,108.0,108.0,0.09181750982187292,0.10370462166487153,0.10723274797103313,0.0984278706307434,0.05952818748214282,0.14030833256590158,0.062086468967187794,0.08516898019660005,0.13389540899522526,0.11782987170442101
109,109.0,109.0,0.0800638078377521,0.12194476189647749,0.09275402013814063,0.10115830012083185,0.05913752871211373,0.12812085977698326,0.07088111452035488,0.06857098375884416,0.1468838541035534,0.13048476913494814
110,110.0,110.0,0.10326739459826736,0.10632224758275477,0.10449721226662008,0.0858129290338632,0.07880590239864843,0.12138467223947998,0.07108312582813693,0.07870600806410616,0.12940590167759808,0.1207146063105246
111,111.0,111.0,0.09972583721014963,0.10567692637901407,0.08966177014299614,0.09918536148133465,0.05947875764077128,0.12920145428259727,0.06924897638052216,0.07371020618095356,0.1370476482413056,0.13706306206035515
112,112.0,112.0,0.07579683121818576,0.10333737556320102,0.09967533209928753,0.09496404001811672,0.07150883948914273,0.1376113079898164,0.08310915179329036,0.061840967772808716,0.14422388265387287,0.12793227140227748
113,113.0,113.0,0.08395712230134773,0.10902024575144346,0.09767538679866297,0.08950401361766211,0.06334501247849952,0.13443779650343013,0.07959862870310681,0.062311402878312015,0.15018425322664183,0.12996613774089294
114,114.0,114.0,0.10399384101137307,0.11139028303327228,0.11028479967113944,0.08881386054729809,0.05425207574263942,0.11682222894266,0.0770163126691952,0.06654850671084137,0.1376321881624622,0.13324590350911844
115,115.0,115.0,0.07293244444133141,0.09902932166855276,0.08788298753343474,0.10066826531260598,0.05981797590854208,0.11981796225390288,0.09206651857817814,0.0695503012786171,0.1612250332589394,0.13700918976589507
116,116.0,116.0,0.07059146852071815,0.12226074044820134,0.11162786086525116,0.09417194081336706,0.05005282526380376,0.12737181856652363,0.07180856996656544,0.08817696867931978,0.14096066821163905,0.12297713866461027
117,117.0,117.0,0.0753356045427243,0.11855217853845626,0.09319879914710168,0.09131289339793522,0.06265782364021745,0.12790415902060384,0.09546349868128254,0.08557240167245969,0.1275540592281228,0.12244858213109582
118,118.0,118.0,0.09780051291479078,0.11520430579029037,0.11499165701752719,0.0838657256217897,0.06331095033907307,0.12294225971309256,0.0804021507892228,0.06629149439336371,0.12623450685908588,0.12895643656176345
119,119.0,119.0,0.08969255114875954,0.09455388442964802,0.09963622602512837,0.08569750423329635,0.06939707237542528,0.13304197608396195,0.08166173085550203,0.08700313931655602,0.13444670620065477,0.12486920933106731
120,120.0,120.0,0.08760126410982336,0.10552203466246915,0.11689632720727043,0.055968932568770134,0.07561863498372305,0.13285336852482263,0.08874634905803777,0.07541280441030199,0.13731745820392927,0.12406282627085177
121,121.0,121.0,0.08604477444483341,0.11698801125640482,0.09145884211283493,0.08700957244731969,0.060683448974534204,0.12556661003781194,0.07637684764555727,0.07662827530171672,0.14723240796538392,0.13201120981360256
122,122.0,122.0,0.10443527467004103,0.10651023103218633,0.10861248498836926,0.093884677009347,0.055611497275838064,0.1306513637951679,0.08080278502449742,0.06688430010637107,0.1410047609559088,0.11160262514227273
123,123.0,123.0,0.08442724972420117,0.1171822381792091,0.09336171068107556,0.0941517401521114,0.07129548727571976,0.10718144984408631,0.07837640494820244,0.06740997062715517,0.14492525057634242,0.14168849799189623
124,124.0,124.0,0.09135594638938518,0.13542350743997697,0.11813199447161696,0.09313783479130622,0.05340289583916974,0.0995550286484536,0.07763183892024626,0.06683248740995057,0.140641102655148,0.12388736343474598
125,125.0,125.0,0.08982403641393541,0.12635329352880303,0.10012755286676675,0.08382885873782632,0.06627518243339589,0.12830632169697748,0.0700743924501061,0.06617281920964835,0.14344115625050546,0.12559638641203477
126,126.0,126.0,0.08739331375233803,0.11256099988674743,0.08449275998859372,0.10036428694296658,0.06284942581949773,0.13601802415359096,0.0808916379033345,0.07643067523892487,0.14289127408753557,0.11610760222647014
127,127.0,127.0,0.10708023015165036,0.12213028770359535,0.11322861971980477,0.08528671332822899,0.0653524148950259,0.11696755553662466,0.08134548044626595,0.06584565572877468,0.1319664631997163,0.11079657929031264
128,128.0,128.0,0.07317382195342066,0.11836514081690781,0.08702061176740475,0.09664851660840236,0.07574728362838806,0.12842067787292072,0.08972338982150745,0.07037018286058769,0.13403370842028875,0.1264966662501713
129,129.0,129.0,0.10307419830491531,0.10050292405255537,0.09549742947693218,0.08264631366421989,0.07616699197481833,0.1442394010936051,0.0735769765348463,0.05779355570357726,0.14744611509998995,0.1190560940945399
130,130.0,130.0,0.092779403683075,0.10286837412151288,0.08947731685957935,0.10171877564098004,0.05831550886317136,0.12623369419052072,0.07796624631398327,0.08504902126825117,0.13488201974156427,0.13070963931736151
131,131.0,131.0,0.08490066631367188,0.11660172963195378,0.11080288231235465,0.1048029893190531,0.051547113770639884,0.11349747513501138,0.0747185056678773,0.07145199363317434,0.12846578190676877,0.14321086230949456
132,132.0,132.0,0.07415288225889469,0.1002485840420922,0.11568968303046308,0.10770597230555076,0.04548395912319808,0.13886110864881246,0.06961234824775048,0.0802858167420484,0.14430505195154872,0.12365459364964067
133,133.0,133.0,0.07541781678732981,0.11845642530361455,0.10808421203279354,0.09278290678592331,0.07486633082604177,0.12243055959229517,0.08671561195941067,0.06466517533719948,0.13529278915450418,0.1212881722208871
134,134.0,134.0,0.0898570304982554,0.1335171673107188,0.08920151328214983,0.0877490907319686,0.0639402304132072,0.11558187252588392,0.089908624671775,0.06840111631939552,0.1530623175583007,0.1087810366883446
135,135.0,135.0,0.09183036092372368,0.1013782577775999,0.10415502232337215,0.0989568237625316,0.06329683545559497,0.1255100747506318,0.07889912090575826,0.06337799796679024,0.15003058052306031,0.12256492561093664
136,136.0,136.0,0.0867242099629607,0.11943938143746505,0.11175114599355447,0.09162536918688183,0.06211635215032953,0.10951043631724669,0.09293069514607206,0.0742008887580239,0.13874114585522856,0.11296037519223683
137,137.0,137.0,0.09459725961312329,0.09414927698310156,0.08695824536925482,0.08492344015909825,0.06691543804472107,0.13711455137802003,0.09289677060896631,0.062209367985374145,0.1458558565152011,0.13437979334313896
138,138.0,138.0,0.10087765360134686,0.10253322106325333,0.10883917224037579,0.10266096311599993,0.0548092431418332,0.12790650953918556,0.06535054552628448,0.07287337511670221,0.13154368937500277,0.1326056272800154
139,139.0,139.0,0.09223532407166435,0.11244007116413483,0.10388554760847415,0.10074652473931704,0.05680901014994437,0.1043872427337186,0.10541005900274866,0.06467289286414599,0.13497171358343718,0.12444161408241432
140,140.0,140.0,0.08126886911116604,0.09602297817939301,0.10079875635290998,0.11229300241995474,0.07105892037239236,0.12353571503187921,0.08528054503712455,0.07479731897276608,0.13264035503398777,0.12230353948842587
141,141.0,141.0,0.09037255936565282,0.10585245778815122,0.09743319448960291,0.09797222798068328,0.06737605707049052,0.10829096368510911,0.07838091676183273,0.07290289384185042,0.1472093190336783,0.1342094099829482
142,142.0,142.0,0.0832354092196111,0.1069073806331751,0.10987167589592806,0.11255121183378387,0.04894326936626136,0.11933328888201658,0.08464312584901333,0.07421657548232814,0.1301719165739809,0.13012614626390115
143,143.0,143.0,0.08263109528559304,0.12015742340865676,0.09763466187259283,0.0996659940052238,0.05203053959176447,0.1266157505203705,0.08834993651970294,0.06163824970528522,0.1407683875121118,0.1305079615786983
144,144.0,144.0,0.08202614378897728,0.11986982907340141,0.09056905681783767,0.09515454588668025,0.0691674303557556,0.12815450805268674,0.08662002066362356,0.07803730826838298,0.1250143604988398,0.12538679659381424
145,145.0,145.0,0.07793643567584577,0.11113817157803996,0.08336385915406527,0.088280435462673,0.07398340080344784,0.11925621911484466,0.09427636396180714,0.07668491220624232,0.13899973396298165,0.13608046808005195
146,146.0,146.0,0.09842748181985632,0.1121597849752266,0.09908839107777273,0.09453569486918711,0.06780739481647988,0.11686928894417821,0.07560105855193346,0.07388441414718888,0.11784446322497974,0.1437820275731966
147,147.0,147.0,0.09352057059637965,0.10258269715338417,0.10842982422306051,0.11292778421557255,0.07019778477375649,0.10541664527968046,0.08389334988424776,0.07423589151074508,0.12520398837458416,0.12359146398858874
148,148.0,148.0,0.1007492205736579,0.11354920880763715,0.10538160546002835,0.09526604107124984,0.06828567518726632,0.12481688391989128,0.07448232521955636,0.053745602000301075,0.13332028454708938,0.13040315321332194
149,149.0,149.0,0.09807922470527344,0.10951224487530023,0.1007776732417534,0.09861799507659738,0.05723875025949343,0.13522463707757773,0.06567689411465963,0.05100340013573189,0.15883410801929054,0.1250350724943219
150,150.0,150.0,0.09148865564297114,0.10347175955701149,0.1075268709086242,0.08051519237870333,0.054861396940683496,0.13691470871275363,0.08835759503172763,0.0672101786327821,0.13228408988512846,0.13736955230961406
151,151.0,151.0,0.09212986197991185,0.10608569522550977,0.0895814343932702,0.08915559897245871,0.06393520128235053,0.12573304528651105,0.09165346418614137,0.06138661765483272,0.1583484199203916,0.12199066109862182
152,152.0,152.0,0.08686827583829904,0.11004621413198053,0.0957425103431955,0.08766689322099512,0.05756144553503262,0.13698287996602387,0.06853308971424002,0.06976187325358574,0.15794406930002863,0.12889274869661843
153,153.0,153.0,0.08336594646869208,0.12998061870164163,0.10776126157182761,0.08766467141263554,0.057798518643640974,0.11704671369853878,0.0707532070610444,0.07946637401841042,0.14004414455150568,0.12611854387206245
154,154.0,154.0,0.08172504070030263,0.12134293743787136,0.1017432750105777,0.07940963721377066,0.07713058364227829,0.13207262627832692,0.0791918483849958,0.06869418362757217,0.1460257079677336,0.11266415973657047
155,155.0,155.0,0.09227358202535255,0.1199909619329714,0.10868016565488388,0.08366479139021225,0.05806800356869901,0.13867450446923046,0.08177075538969585,0.052087313017948146,0.1282861458129232,0.1365037767380828
156,156.0,156.0,0.10458180847185612,0.10912991758141584,0.10089343368040167,0.08471341928243967,0.06516750902156945,0.13842056772253877,0.06837594833403485,0.05692678932068561,0.13326894781031967,0.13852165877473793
157,157.0,157.0,0.08373083945842932,0.12121014159558112,0.11621175236040601,0.07275414875860897,0.06369654872834331,0.12211868835496324,0.08975219804529526,0.06840643801792401,0.14326010015349128,0.11885914452695703
158,158.0,158.0,0.10414174027225578,0.10525793326273787,0.09749405038359041,0.08010996035333798,0.05995751523287414,0.12272229291259096,0.08688588257321878,0.06469403802594627,0.14830901805904012,0.13042756892440716
159,159.0,159.0,0.08875583626577002,0.12044337436539292,0.09634330737787929,0.10623709995393371,0.04895543591556647,0.12607489381487083,0.07243848917146656,0.0764815684313583,0.14822384560261373,0.11604614910114774
160,160.0,160.0,0.10229246322299954,0.10794934660682051,0.09965883635285544,0.09573117585805718,0.05724032897478162,0.13119442398183295,0.07667849802944107,0.08084810946813945,0.12598721200907573,0.12241960549599604
161,161.0,161.0,0.0940454830244156,0.10811322718146021,0.10954669080434187,0.08373172368398799,0.07373014057517178,0.11720419319379398,0.07879668776552534,0.06071820040831918,0.14819155212802665,0.12592210123495695
162,162.0,162.0,0.10866407179228929,0.11065833379063308,0.0946805469133182,0.08194729947485291,0.06650053504047909,0.13456693288918933,0.08239117655147925,0.05406178933325945,0.1421139520990428,0.1244153621154562
163,163.0,163.0,0.09704219189052533,0.11953605713458675,0.10829558985284662,0.09482947030206332,0.0740068381152805,0.10250724365454009,0.08564713615477675,0.0559524113114805,0.1280925863522724,0.13409047523162737
164,164.0,164.0,0.0959456315698618,0.09944095373720352,0.10963281993532417,0.0948951605656244,0.055252166230179776,0.12931200039340623,0.08041028416298061,0.05012105592440107,0.1403652473492713,0.14462468013174673
165,165.0,165.0,0.10521803033633201,0.11014119210198789,0.1036771938106285,0.08272266839425327,0.05816384899820963,0.11478971055703754,0.07872780792462596,0.06008197706814047,0.15079080623036342,0.13568676457842083
166,166.0,166.0,0.08783674762570985,0.1217923084952984,0.09076699671245513,0.08347816019147652,0.08488151117783957,0.13059021681673738,0.06056467647235495,0.059799899036309924,0.13624467636656962,0.14404480710524817
167,167.0,167.0,0.07151973095427745,0.11238418820047577,0.1134191436249951,0.09643418764110381,0.06042140422090801,0.14092486119141928,0.07259825198000258,0.06536635012307856,0.1348908104620595,0.1320410716016795
168,168.0,168.0,0.08399565370628569,0.114870419180234,0.09111688327505797,0.10046250269227522,0.046545946877817844,0.13584462925367297,0.09560839454411,0.07114818500825322,0.13758354643259313,0.12282383902969955
169,169.0,169.0,0.09620346124527634,0.10697375018138511,0.08790909182042732,0.08701485855555266,0.04914009929198466,0.13280336400552675,0.09682565266758511,0.06207103531292727,0.1455858569822373,0.1354728299370971
170,170.0,170.0,0.09335112229487681,0.1144297940422117,0.09794304474823327,0.100533888328689,0.064652992981545,0.13158488961426304,0.06926808734207834,0.05892185570963191,0.15664223672076202,0.11267208821770855
171,171.0,171.0,0.10024575321427635,0.11256323926192428,0.10973719781248188,0.08805522262568308,0.06209810083275648,0.1174230956312547,0.07224466754725085,0.058189485986751575,0.14519296833979398,0.13425026874782633
172,172.0,172.0,0.08455017516619058,0.12441865623035661,0.11734772155500553,0.07814090295461451,0.05896649236747241,0.11365995028645728,0.07057156882719608,0.058195505847206064,0.15541691553475967,0.13873211123074083
173,173.0,173.0,0.10602969096429242,0.10115741176983857,0.1127677211602531,0.08171845074807418,0.051874089413764334,0.10966382307340967,0.08127983610473906,0.07605163914643343,0.1325664692971565,0.1468908683220384
174,174.0,174.0,0.07590945178763893,0.12235269628595682,0.09198950136773168,0.08396261518607859,0.055859512314687484,0.11215582831049926,0.08523479737807206,0.10136510849983829,0.13504685557769078,0.1361236332918057
175,175.0,175.0,0.09962676005681317,0.11398508742243993,0.09550566589447954,0.10940281027526581,0.08197628673373351,0.1179188357759855,0.07244381772701201,0.07311616721039418,0.12229853931566903,0.11372602958820688
176,176.0,176.0,0.09894373924966916,0.11094233021017712,0.12297079957520678,0.09840546293037589,0.054408874211645766,0.12474169903057435,0.07368970239488333,0.062167551010133215,0.1310138161536381,0.12271602523369582
177,177.0,177.0,0.09715602609311934,0.10066383845162688,0.10276752714195156,0.08667633862750819,0.04367642453079745,0.15611531963352815,0.07825602042169996,0.07101977981863175,0.13264687072234682,0.13102185455878948
178,178.0,178.0,0.09598832571050864,0.11206649001271626,0.10451009293410211,0.09390020344185164,0.060584940804692664,0.1353322451339683,0.06358648999448055,0.05888541350017866,0.14284515004259896,0.13230064842490188
179,179.0,179.0,0.07969975196521033,0.10675648428351962,0.10516826713886265,0.09102240425278482,0.04986502502167602,0.12487129694764283,0.07793253714436463,0.057745811711857886,0.1630519299045228,0.14388649162955802
180,180.0,180.0,0.09105728088873272,0.10996324483701034,0.10558847193944669,0.08706341035539952,0.05658319038433314,0.12771577859210326,0.08656797340868967,0.05222425836555179,0.14543328413918005,0.13780310708955243
181,181.0,181.0,0.0806718890764052,0.1318781259466025,0.11004739801991319,0.09826936164360114,0.05321242303583442,0.11519676570677331,0.07988872335817694,0.06248316907823863,0.14855161178571227,0.11980053234874195
182,182.0,182.0,0.09596994377205278,0.1192490799288278,0.10475709380004505,0.07417764039412839,0.06504238459518313,0.11213630866486399,0.0825853156162423,0.07809460391970235,0.1505212691470464,0.11746636016190744
183,183.0,183.0,0.09646156505564556,0.10392670531052353,0.1099109648913785,0.09146279813184637,0.054883584570949384,0.12011828746752318,0.09875567668753489,0.057134047513058325,0.14871418046746218,0.11863218990407765
184,184.0,184.0,0.08697018846805699,0.10782434878986455,0.09613805245575685,0.09611618191181187,0.05799987106509326,0.13705268959076627,0.07983831872288659,0.06529131071330756,0.14132021154160387,0.13144882674085176
185,185.0,185.0,0.09460990764634032,0.10364220795288466,0.10385344916447567,0.09901231990015033,0.07771831016752685,0.12534039111136078,0.07583854949073719,0.05665692580879872,0.14215435825069897,0.12117358050702605
186,186.0,186.0,0.09056455731789663,0.10705476491626131,0.11090228596688348,0.08643744643471514,0.06209538231828721,0.12229922105349386,0.09205727495436762,0.05955802868329002,0.13932026772834097,0.1297107706264634
