,Unnamed: 0,Generation,Intertwine_two,Add_vertex,Delete_vertex,Invert_path_vertices,Insert_inside_vertex,Delete_inside_vertex,Replace_inside_vertex,Donate_between_routes,Trim_one_terminal_cb,Grow_one_terminal_cb
0,0.0,0.0,0.09999999999999999,0.09999999999999999,0.09999999999999999,0.09999999999999999,0.09999999999999999,0.09999999999999999,0.09999999999999999,0.09999999999999999,0.09999999999999999,0.09999999999999999
1,1.0,0.10900000000000001,0.10037656709020965,0.09848043910058905,0.09821475300192742,0.10092353802752818,0.09935302421545758,0.10186247974669398,0.10046723179863477,0.09991694263121208,0.10090528390575487,0.09949974048199234
2,2.0,0.31601,0.09938889480013621,0.09793670968887432,0.09679402874826282,0.10170230305528347,0.09925381822003632,0.1029208421329878,0.10094170132092904,0.09937517481769471,0.10201357324060037,0.09967295397519489
3,3.0,0.6191589000000001,0.09981146268431632,0.09669427247034106,0.09561054795234952,0.10233110642342846,0.0991520548104392,0.10425235353572834,0.10102183675905078,0.09889207391434811,0.10199018992004394,0.10024410152995414
4,4.0,1.015801321,0.10035045084550151,0.09570607528847322,0.09411193880860877,0.1027704474592097,0.09861928062395954,0.105655876106042,0.10014033607961355,0.09866745286159834,0.10294601119169638,0.10103213073529685
5,5.0,1.50262148669,0.10142406967717973,0.0954012659322428,0.09159879461605158,0.10266040709213584,0.09908612500490496,0.10557679275636211,0.10036930725342867,0.09794016775912599,0.10351629005192807,0.10242677985664012
6,6.0,2.0757334209441005,0.10113455033128063,0.09471560096343168,0.089451723228146,0.10380716984419902,0.09796360640411673,0.1066202553404725,0.09992719006817316,0.0979640658941528,0.10461089624709358,0.1038049416789338
7,7.0,2.7307768275633495,0.10147605949910497,0.09389563958241917,0.08736745955243727,0.10369302355013522,0.0980708784002952,0.10834332493137167,0.09915858053653671,0.09748968683490757,0.1056461849373545,0.10485916217543761
8,8.0,3.4630081252450404,0.10180526902743695,0.09271140544571245,0.08534091052341851,0.10453449098883631,0.09664187302713831,0.10916156374066498,0.09863419546681007,0.09762544877505783,0.10716877877189152,0.10637606423303297
9,9.0,4.2673862119061114,0.10128475674104773,0.09184642406926355,0.08375060602934212,0.10525293340766884,0.09513387804972812,0.11102937153725176,0.09865496282101943,0.09710094947770026,0.10837301418279971,0.10757310368417837
10,10.0,5.138652627782014,0.1014085977089986,0.09182627997197929,0.08285762451175441,0.10425734919136383,0.0939111193873658,0.11174437287852276,0.09877605093183843,0.09604496311682051,0.11095285563055499,0.10822078667080125
11,11.0,6.071405875792507,0.10043583230252436,0.09219617285211698,0.08224946641968313,0.1039200096041885,0.09259007252973753,0.1126582766129025,0.0986976171977674,0.09581792422521056,0.11247966226333748,0.1089549659925314
12,12.0,7.060169740244025,0.10066536131129293,0.09141967907566272,0.08162651154380744,0.10425949178593405,0.09046709643584629,0.11395003989775104,0.09912017308243352,0.09531770951358742,0.11380641289608627,0.10936752445759815
13,13.0,8.099455520847952,0.09985384042722559,0.09290539760494265,0.0814628038916298,0.10353428232042013,0.0889835743661879,0.11424895909743045,0.09963380388164081,0.09372050085287235,0.11565648593042481,0.11000035162722537
14,14.0,9.183818168183006,0.09854768476411765,0.09380060811127032,0.08111310776155427,0.10381549902829346,0.08817763872683698,0.11489112263972084,0.09894296926436157,0.0923296384241638,0.11831299634428107,0.11006873493539987
15,15.0,10.307906369102724,0.09818475856358969,0.09409580852896096,0.0809116664813548,0.10300833301253315,0.08685160921875246,0.11652204564492676,0.09845958976855111,0.09208385725429562,0.12001959785459881,0.10986273367243647
16,16.0,11.466506686239443,0.0984170952890398,0.09455301203382965,0.08166460282266166,0.10178773895060035,0.08559716700286014,0.1164652801289452,0.09717115837282675,0.0923716295948021,0.12138144335000137,0.11059087245443279
17,17.0,12.654581904800096,0.09812101866197548,0.09446719204671399,0.08073908828433714,0.10159756298042275,0.08518359554797775,0.11755555733038461,0.09653209420592188,0.09199833817263503,0.12277057069081662,0.11103498207881456
18,18.0,13.867303782456686,0.09768951219408058,0.09568722443505738,0.08068856382786611,0.10156120049123932,0.08340205769671724,0.11923790672648867,0.09550975952659023,0.09085794038047595,0.12393242878446359,0.11143340593702067
19,19.0,15.100080434523047,0.09694857277452984,0.0958681479399126,0.08081481907644435,0.10222011075196248,0.08224321040019363,0.12075942960830618,0.09475009500833272,0.08919983606710083,0.1251077073007128,0.11208807107250429
20,20.0,16.348578617037543,0.09675816648590779,0.09506901416609603,0.08131758120483994,0.10196078146538946,0.08241969466164983,0.12047659379430813,0.09376568825930313,0.08891365345776873,0.12675038099595756,0.11256844550877906
21,21.0,17.608741195130214,0.09624927079227863,0.09587308746472109,0.0817560203567645,0.100942578735031,0.08148020184890832,0.12181854320462933,0.09458299889675578,0.08743689197238066,0.1271628522821545,0.11269755444637586
22,22.0,18.876800103462312,0.09563315635541039,0.09661498229296622,0.08259825367975204,0.10072387241294459,0.08041560661693432,0.12299876722716113,0.09420334184958425,0.0851560867802052,0.12775526014434732,0.11390067264069416
23,23.0,20.14928511992658,0.0957767400634346,0.0961758546464157,0.08341734256496751,0.10002554375556702,0.07829328830344104,0.12343630998390093,0.09379352927074543,0.08393439268302572,0.12934050877240102,0.11580648995610063
24,24.0,21.423028783545156,0.09530768632334599,0.09618896435998485,0.08461810079875681,0.09905708581213928,0.07741274611369514,0.12336402747954703,0.09345328078154935,0.08314396821823691,0.13095299920804218,0.11650114090470205
25,25.0,22.695167792966423,0.09501904402413774,0.09663003216465356,0.0845603345725088,0.09862280174478767,0.07586281239146066,0.12378519368348827,0.09208761839168714,0.08257380811153098,0.13264263715332308,0.11821571776242168
26,26.0,23.963141223515898,0.09485018070824164,0.09829038010934024,0.08424924674585979,0.09782929072332182,0.07529266417382001,0.12523307220332092,0.09069066582394682,0.08075271259140863,0.13369881174645332,0.11911297517428639
27,27.0,25.224685898775267,0.09513394479415928,0.09932002182939682,0.08478349556295628,0.09694361460965063,0.07472281368098788,0.12566749032090707,0.08980172031956084,0.0800938711638337,0.1334849286418459,0.12004809907670116
28,28.0,26.477829247520948,0.09585228824825259,0.10005934939362936,0.08537613488671573,0.09681036886363462,0.07364209025605863,0.12688175341069863,0.08952326054409912,0.07854887012816475,0.1337592780366083,0.11954660623213784
29,29.0,27.720879968916847,0.09503642382488796,0.10066056689774792,0.08732701455908295,0.09563100137632174,0.07233081358313484,0.12734820663601584,0.09002197178236272,0.07812802330801918,0.13309707068904,0.12041890734338644
30,30.0,28.95241681848399,0.0950584192017984,0.10123327836195771,0.08794835384348715,0.09465967393735233,0.07210974846227544,0.1276838308832342,0.09016928743013196,0.07763527407557803,0.1325400527715014,0.12096208103268297
31,31.0,30.17127581490958,0.09449858143740744,0.10107132121884353,0.0884620251231714,0.09522364297138124,0.07074580199180212,0.12773107844531578,0.08993747342991089,0.0776388846541605,0.1337926538465088,0.12089853688149793
32,32.0,31.376536153543515,0.09499278072723133,0.10048648157020869,0.08950349314967275,0.09499064584502356,0.06928643187157205,0.12727945100237031,0.08989850522499926,0.07700052661923332,0.13484664330174684,0.12171504068794152
33,33.0,32.567505096778625,0.09491066123546447,0.10096042910385854,0.08976693614616156,0.09554903159113269,0.06896707626771938,0.12770633001774973,0.09041856744491306,0.07613486013347297,0.1346842055164932,0.12090190254303403
34,34.0,33.74370209472243,0.09401923938849018,0.10109050039527183,0.09025066290201665,0.09597158218564059,0.06900262682344162,0.12852331736023406,0.08986278122983343,0.07619437250436042,0.13468904119762398,0.12039587601308688
35,35.0,34.90484237192463,0.09368846349107371,0.10133710992658274,0.09144068477121602,0.09446830409112474,0.0689777167676927,0.1287181517576979,0.08885715316729363,0.0759326976221643,0.13530672401174296,0.12127299439341091
36,36.0,36.05082019768737,0.09452687894939421,0.10151380747148721,0.09096814606766108,0.09360235103902492,0.06868292343661946,0.12910386513297792,0.08828463663139544,0.07581094581408956,0.13619953643370267,0.12130690902364712
37,37.0,37.18169203889697,0.09479391630185494,0.10242430852925473,0.09150213830079161,0.09503318610602204,0.06784943448121027,0.12911230507896918,0.08630454360594857,0.07624563377432407,0.1355621482063555,0.1211723856152687
38,38.0,38.29765977559663,0.09543050995614939,0.10295777764899668,0.09106776559308172,0.09478162361894638,0.06678668096318738,0.1297212049237932,0.08642511718444594,0.07598344659073242,0.13633304760142329,0.12051282591924324
39,39.0,39.399054140870355,0.09534030139017526,0.1027453007904882,0.09256565173828105,0.0945445098648004,0.06477172649350971,0.13005404399076204,0.08602051876747091,0.07653612425583162,0.1368858569395209,0.1205359657691595
40,40.0,40.48631852820801,0.09460223467848237,0.10224041447092155,0.09331893029199007,0.09558578659621178,0.06512006983289093,0.13118074418477674,0.08475910411970793,0.07632228297086395,0.13730214349747094,0.11956828935668332
41,41.0,41.55999329152982,0.09460520157077239,0.10346279123552496,0.09263385283750972,0.09563048195001289,0.06570630346299142,0.13128458545624955,0.08361056638468731,0.07458433415946622,0.13820058348045455,0.12028129946233056
42,42.0,42.62070064560415,0.09449298046920641,0.10328322084205618,0.0937983073105722,0.09558725687414002,0.06419341855360156,0.13174128863029375,0.08347412498629452,0.0750118317310177,0.1385099274042878,0.11990764319852942
43,43.0,43.669130257815,0.09541368423767176,0.10243752261469956,0.0924186087923519,0.09598786949343033,0.06352148843201656,0.13151211762344647,0.0832163452395787,0.07580229655447643,0.1399714234920652,0.11971864352026265
44,44.0,44.70602560622662,0.09549076649253642,0.10160058527569654,0.09345241267782664,0.09682321740695778,0.06324820095870612,0.13096586340158353,0.08268621492563041,0.07506090162678938,0.14060698865770918,0.12006484857656363
45,45.0,45.73217116373481,0.09511304061401854,0.10187797018868391,0.09362228331670856,0.0960323723980766,0.06376147004855807,0.1299752852260593,0.08319568043961112,0.07587277921713732,0.14087613528854087,0.11967298326260532
46,46.0,46.748380453854836,0.0951336209426367,0.10206086026018892,0.09348497080062708,0.09500267223637293,0.06330334875197231,0.13061483767625734,0.08232460070629458,0.07637583944040184,0.14134256826143282,0.12035668092381518
47,47.0,47.755485010424316,0.09542990635010157,0.10254045187558265,0.0938907069509544,0.09394044508230907,0.06320446382101838,0.13040106994310058,0.08134815456577651,0.07559936520906284,0.1434185553074715,0.12022688089462225
48,48.0,48.7543242612326,0.09453636874628273,0.10308206702325859,0.092984415117299,0.09325093672122611,0.06389878736183209,0.13070753064718368,0.08254821203923685,0.07456626577114363,0.14359199220393576,0.12083342436860134
49,49.0,49.745736344347726,0.09399023520621125,0.10354346045363635,0.09219628135242214,0.09405998893551981,0.06464047846697459,0.13144140180634817,0.08378600505586556,0.07451019265229128,0.1421210771733731,0.11971087889735756
50,50.0,50.730549855707864,0.09305636758486248,0.10341292596876978,0.09285285412049346,0.09305408458912665,0.06436976597731367,0.13161740473930633,0.08393601676431016,0.07554246828112182,0.14301085651130463,0.11914725546339087
51,51.0,51.70957651737491,0.09217040786558744,0.10373144153642493,0.09424893760629705,0.09296620373379336,0.06358197135939421,0.1319057099366509,0.08235502915803136,0.07662089282113987,0.1432941414039495,0.11912526457873124
52,52.0,52.68360474770151,0.09291246531669924,0.10329763675408168,0.09539326668933032,0.09316991878356698,0.06291706333662506,0.13109920043809228,0.08200574437908002,0.07718905053500355,0.14363591465245448,0.11837973911506626
53,53.0,53.65339410751842,0.09285338387421321,0.1037515886880507,0.0957429827483156,0.09301602772608021,0.061681585879079424,0.13131692863367023,0.0822357372303766,0.07756718119563863,0.14384546591129338,0.11798911811328189
54,54.0,54.61967059027847,0.09300535032108875,0.10391951009991574,0.0959819081975973,0.0937828085002227,0.06171370770964517,0.13081589832383775,0.0811993815671899,0.07733230209501803,0.1443716348747108,0.11787749831077374
55,55.0,55.58312271885972,0.09252051571326451,0.10452760554719687,0.09476825185350037,0.09292064236791944,0.06235550122088091,0.13043685582193956,0.0807776976609848,0.07762193616141372,0.14504978673762473,0.11902120691527499
56,56.0,56.544398407394254,0.09254414197879512,0.10375513330861294,0.09494223542489132,0.0931784845250122,0.06274357888843224,0.13016877737081833,0.08121010630837133,0.07819321695117189,0.1449432906596152,0.11832103458427931
57,57.0,57.504102543001395,0.09221270987487858,0.10432769058707114,0.0952158001391928,0.09304356560954408,0.06312596527955552,0.1302683851924962,0.07994349545049667,0.0791826607232005,0.14472213503444217,0.11795759210912227
58,58.0,58.462795239617805,0.09346906824113466,0.10496718265969643,0.09532533528318834,0.09286755344426917,0.06315330893643643,0.12961960959501168,0.0799470017110462,0.07909238968938204,0.1446353183089432,0.11692323213089177
59,59.0,59.42099071417639,0.09320870172058594,0.10488198635069403,0.09531197619306449,0.09217098464139435,0.06185795589583174,0.12934553587624192,0.07989455885049818,0.0793240194838034,0.14536998622638336,0.11863429476150245
60,60.0,60.379156734137354,0.09326847560914132,0.10519631189447609,0.095747780543147,0.0923960288056209,0.06102419641725222,0.13056746332686842,0.07895086587116937,0.07979178631716394,0.14449669269817708,0.11856039851698352
61,61.0,61.337714584760846,0.09253939651049181,0.10563016358828932,0.09723810777174824,0.09252782160755264,0.060219267030376694,0.1312007016163008,0.0783629054955789,0.08027965324508196,0.14294058770961,0.11906139542496952
62,62.0,62.29703950447439,0.09346968180562337,0.10600535451111812,0.09877255001987112,0.09318330852480894,0.05966257324427246,0.13029357507599276,0.07778032219875253,0.07832262542164736,0.14204848875072476,0.12046152044718844
63,63.0,63.257461537171835,0.09298520495566635,0.1058346646703187,0.09913071393833874,0.09395330485814293,0.060314023315306116,0.12967320096851387,0.0778598068448038,0.07762439231090652,0.14241900250184425,0.12020568563615856
64,64.0,64.21926675122782,0.09375346420905765,0.10590541223776781,0.09982743928242867,0.09452882353832931,0.06058184549217015,0.12939278861526837,0.07676881925212288,0.07726416115927441,0.14146832091141648,0.1205089253021641
65,65.0,65.18269877636592,0.09272897239786729,0.10735109518146897,0.10123586024123707,0.09471659168145406,0.06009359195175888,0.12846789485424948,0.07751634933104197,0.0766335236191,0.1394712984593811,0.12178482228244103
66,66.0,66.14796061122655,0.09304454186572651,0.10729968387021815,0.10226767029789487,0.09532531921144981,0.059924586026193355,0.12742127850905732,0.07819377345882714,0.07601114759261988,0.13944804434301714,0.12106395482499571
67,67.0,67.11521665648885,0.09390116538962812,0.10764157161932052,0.10254475063251942,0.09553482964649376,0.05986879515784094,0.12736131161589462,0.07878007085210378,0.07522405874747114,0.13755746228723428,0.12158598405149336
68,68.0,68.08459493066005,0.09340479739225391,0.1076970520768087,0.10234740989557942,0.09627880402176263,0.061164986350081996,0.12761860337937317,0.0793449222920044,0.0754303899647612,0.13595769159896567,0.12075534302840879
69,69.0,69.05618942810752,0.09341219824418225,0.10749867332395965,0.1012027609530967,0.09734273164994078,0.06119484979565523,0.1281730776897845,0.07981373308836162,0.07526724958097736,0.13495938932116416,0.12113533635287763
70,70.0,70.03006258152917,0.0934175793133734,0.10763294323623174,0.1008932744151017,0.09640095355932306,0.062048720612405725,0.12889152566099216,0.0797086537080883,0.0748570775716513,0.13451402842523913,0.12163524349759337
71,71.0,71.00624779379335,0.09238413000963766,0.10738927357043006,0.10109080025589658,0.0970403372864418,0.06256900432902629,0.12808785253736665,0.08018416680318095,0.07503096077225545,0.13425086458170715,0.12197260985405727
72,72.0,71.98475200689319,0.0914497076141284,0.10760115325819847,0.10053057688304949,0.09781104840579798,0.06280301965347622,0.12840764638363616,0.08178913892991743,0.07436183399584269,0.1337528230102903,0.12149305186566273
73,73.0,72.96555827861411,0.09131214925008174,0.10706032414080813,0.10119683430555618,0.09746910124479721,0.06379875140680513,0.12811875426052677,0.08126351467343199,0.07395364658842456,0.13410635293862586,0.12172057119094228
74,74.0,73.94862834037681,0.09106023767804794,0.10772524607479518,0.10051529720469746,0.09730221364312866,0.06380403292650183,0.12833640320774056,0.08069148987971818,0.07459339852051854,0.13344587608793929,0.12252580477691219
75,75.0,74.93390511255946,0.09035495390531044,0.10871065983668819,0.0997681534487817,0.0964442133696474,0.062357078524469485,0.1300253631641387,0.08012775734462357,0.07492334090544148,0.13393460887907602,0.1233538706218228
76,76.0,75.92131515639825,0.08970509603860262,0.10851911958372955,0.10096348958226355,0.09742060765966479,0.062228274641103296,0.13115759254077464,0.07907678237757694,0.07407106146797919,0.13359409107077017,0.12326388503753509
77,77.0,76.91077104428919,0.08943953799705792,0.10746292871117104,0.10079515905063924,0.09679424863672412,0.06401503374578199,0.13093010944415853,0.07926000199902727,0.07573432141277954,0.133015973889828,0.12255268511283215
78,78.0,77.90217363294813,0.08960106762082239,0.1061492829180901,0.10055662215888336,0.09623225413246646,0.06325970657935337,0.13064686928184377,0.07930519191096279,0.07589430288458489,0.1349640933260248,0.1233906091869679
79,79.0,78.89541422641172,0.0887173409137436,0.10720956204920143,0.10081588323092763,0.09558364363398018,0.06477636175281873,0.13063096624724613,0.07998531767683206,0.07457576166355828,0.13616645946689004,0.12153870336480174
80,80.0,79.89037661826481,0.08746998851700054,0.10879349707960087,0.10164692314434609,0.0951326672444561,0.06479226829258944,0.13084530841801145,0.07950573438608993,0.07353758489851811,0.13622502353340682,0.12205100448598048
81,81.0,80.88693900474995,0.08687236551196356,0.10711981726712154,0.10323652336216035,0.095130856683189,0.06425946425975862,0.13003251545350109,0.0812565235968723,0.0721035612066689,0.1376595421760318,0.12232883048273265
82,82.0,81.88497576253909,0.08676364178419527,0.10743086422866459,0.10273901106764878,0.09562452871213753,0.06573696739045798,0.1292580327740203,0.08127628301300344,0.07263955845496871,0.13675658084822923,0.12177453172667402
83,83.0,82.88435908692391,0.08691952867590454,0.10891070743470689,0.10194431153626834,0.09523039437944587,0.06570953092207976,0.12925324371634733,0.08199497083264082,0.07148754557862734,0.13620803606200232,0.12234173086197661
84,84.0,83.88496048800103,0.08712883305925988,0.10923640221843571,0.10242628681219126,0.09369373988676602,0.06483181013951057,0.12892032978636528,0.08363397803300951,0.07173102009224858,0.13634926745666134,0.12204833251555164
85,85.0,84.88665214409042,0.08740592918419435,0.10902306308207416,0.10312325296574512,0.09412613908645963,0.06484305874506646,0.12908076231861942,0.0838967177905413,0.07196154227064361,0.13700370291339065,0.11953583164326512
86,86.0,85.88930811312994,0.08785003326331768,0.10924127953730961,0.10344645402721371,0.0949730325707438,0.0645636657942362,0.12911604699521434,0.08209834931841824,0.07205911416626526,0.13677537859610847,0.11987664573117253
87,87.0,86.89280540413424,0.08827148512013448,0.10971620620462111,0.10348145452108835,0.09510856886838379,0.06357105253877553,0.12973761580079365,0.08120061957475307,0.07276252221494346,0.13804983508131938,0.11810064007518702
88,88.0,87.89702491199675,0.08820198429230174,0.10980190947954875,0.10347230766209257,0.09469092217086789,0.06385249704886654,0.1317147679167689,0.07989969546160496,0.07242832679871089,0.13805370035152126,0.11788388881771637
89,89.0,88.90185221995306,0.08807479155363913,0.109438886958526,0.10393710542917009,0.09576256526635338,0.0636290802086576,0.13116088822118338,0.07984305994040328,0.07236716879050319,0.1388185286424827,0.11696792498908111
90,90.0,89.90717827491419,0.08716544721649314,0.11053815950348783,0.10288946248990838,0.09448102370118115,0.06246974963243496,0.13185235526572434,0.07911214900210423,0.07331368041374317,0.1404352620016479,0.11774271077327475
91,91.0,90.91289994163006,0.08672282437212932,0.11127624368020345,0.10427580327651972,0.09522475061776989,0.06255440712600618,0.13126266854738355,0.07846637602390455,0.07123375611088055,0.14031903113949515,0.11866413910570753
92,92.0,91.91892044225806,0.08626957932348397,0.11150715285718636,0.10442924152062712,0.09591424632598616,0.06393597632349042,0.13024060687849204,0.07865737349092174,0.0718129686578596,0.14040760028762464,0.11682525433432783
93,93.0,92.92514968840067,0.08596133511781721,0.1110670953012771,0.10544001350321076,0.09562730452004502,0.06280186386585865,0.13017457452069534,0.07893818062186828,0.07329133460497861,0.14018737570735051,0.11651092223689843
94,94.0,93.93150451304501,0.0863576464059,0.11112985709677893,0.10589789561223287,0.09645317061904612,0.06287804643391809,0.1292987427067124,0.07780533256215479,0.07338132643501764,0.13983749863649395,0.1169604834917451
95,95.0,94.93790881009448,0.08649742786300448,0.11132132776517982,0.10555981093754829,0.09708522695601143,0.06111119841163086,0.13093220617783746,0.07646798822207874,0.07344288098656608,0.14054079148722856,0.11704114119291414
96,96.0,95.94429358933806,0.08562045404953088,0.11254211242177428,0.10440940136902263,0.0965670436459266,0.06050126380872597,0.13148371607796772,0.0761952222424809,0.0733560049417838,0.14148156687794308,0.11784321456484402
97,97.0,96.9505969547639,0.08675433710623304,0.11314799238676743,0.10277005240673029,0.09581128939119535,0.06056234178797512,0.13061540335703198,0.07731409834444831,0.07499732807258892,0.141072741201669,0.11695441594536042
98,98.0,97.9567640140995,0.08828908985554629,0.1129133712132891,0.10168202599230473,0.09413929288282083,0.06078490818178377,0.13084719143114762,0.07782609144669064,0.07449243362050485,0.14213019187358272,0.11689540350232935
99,99.0,98.96274672736057,0.08796749074381059,0.11016313192607391,0.101762693556994,0.09267557352081214,0.061757534097500816,0.1307336084521374,0.0789959385645939,0.07510754842910924,0.14482202099692723,0.11601445971204066
100,100.0,99.96850370202192,0.08773679317088115,0.11435970688779853,0.10143015489832359,0.09282563990681056,0.06073279730423059,0.1293905594252759,0.07732909812234158,0.07469491043386824,0.1445080140325808,0.11699232581788901
101,101.0,100.97399994219691,0.08829856367329053,0.11314459965471674,0.10209453463133476,0.09238671330321975,0.060936338810863945,0.13004540338850765,0.07697516138644941,0.07488025323719294,0.1439930537088149,0.11724537820560933
102,102.0,101.97920655893245,0.08818024461874557,0.11338148390841732,0.10217329336871903,0.09201317721514121,0.06140782691343533,0.13058161798886364,0.07759028872010523,0.07395023887147259,0.14286320719123577,0.11785862120386426
103,103.0,102.98410044840509,0.08712414921795705,0.11276731181101202,0.10273776167842844,0.09135020640078544,0.06226894165793323,0.13121467830248756,0.07638725976488353,0.07244998200883519,0.14330555817795304,0.12039415097972442
104,104.0,103.98866394444643,0.08654819593252608,0.11074363704932327,0.10181557978955334,0.09227159507832648,0.06149392867328818,0.1320592441032691,0.07680998615210753,0.07215583903066297,0.1440800894742526,0.12202190471669035
105,105.0,104.99288445143917,0.08749134436909226,0.10917848413999542,0.1022369057604949,0.09225988927436038,0.06196005977968348,0.1339514070896257,0.07715690667949282,0.07239040733376366,0.1424940497575991,0.12088054581589217
106,106.0,105.99675406321822,0.08734732258955352,0.11092574017351808,0.10074239328658356,0.09239200763823444,0.06261851428381171,0.13335987204419697,0.0780863588489868,0.07051566836509914,0.1414968818081834,0.12251524096183225
107,107.0,107.0002691731872,0.08784526343247398,0.11057856787406231,0.099388642119804,0.09083361070681886,0.06323718019487455,0.13273821024221455,0.07916298795430991,0.07046849162629508,0.14283519698490282,0.12291184886424385
108,108.0,108.0034300804274,0.08827044009440142,0.10983981385319924,0.09989905883129578,0.09133781437964923,0.06296987061811422,0.13363716266501585,0.07755607851384608,0.07169662090826714,0.1420551016672749,0.122738038468936
109,109.0,109.00624059613932,0.08751319958899874,0.11093759733569981,0.09898389797974652,0.09213554119671634,0.0626558092906673,0.13329418426565406,0.07683462847727875,0.07127686121114975,0.14257026346552207,0.12379801718856649
110,110.0,110.00870765431864,0.0890775478926754,0.11047342268418583,0.09927227364778406,0.09140918581262102,0.06430480865883301,0.13226015170759142,0.07614598943557711,0.07188552113974724,0.1413292497477293,0.1238418492732554
111,111.0,111.01084093013685,0.09027320409422854,0.10994962162643487,0.09810051692284381,0.0920367466438948,0.06400120455179259,0.13200244581496567,0.07529217071720977,0.07200193975641331,0.14085727857738528,0.12548487129483116
112,112.0,112.01265246907188,0.08905092040758918,0.10920151864040348,0.09796290459822826,0.09225090539409382,0.06488574457118314,0.1325834859670007,0.07584931946858911,0.07093687533484369,0.14111203166197156,0.1261662939560968
113,113.0,113.01415632942268,0.08863435330603593,0.10903787154102745,0.09765618325102239,0.0919247769754677,0.06493167883674991,0.13283934917542176,0.07607229935905917,0.069934401790361,0.1419684650052951,0.12700062075955926
114,114.0,114.01536824044418,0.09021634247559367,0.10912741662187608,0.09864126736126116,0.09153803845808973,0.06404785933859149,0.1313240537802038,0.07605001295053153,0.06937965599445904,0.14156620639008186,0.12810914662931133
115,115.0,115.01630527795908,0.08867176805654924,0.10799453972228185,0.09740409716980437,0.09234817248987245,0.06371105397087966,0.13011484300725645,0.07754463877094159,0.06915225274208867,0.14352411796376144,0.12953451610656394
116,116.0,116.0169855589429,0.08689016025119577,0.1092084402100746,0.09856992023431121,0.09251086159678033,0.0623924832948418,0.12967897013533242,0.07700922594622175,0.07081423704039089,0.1434368110282948,0.1294888902625561
117,117.0,117.01742795623892,0.08559813991127348,0.11006061746049484,0.09790683422686182,0.09238798784362011,0.06234287294373872,0.1293168470803207,0.07884084071564904,0.07222319352456617,0.14199281245985665,0.12932985383361817
118,118.0,118.01765183424293,0.08657918708886457,0.11057770532183608,0.09944226225640232,0.0915219337437045,0.0623666858045963,0.12848061951946185,0.07914938579858394,0.07169665571389326,0.1404168709790413,0.12976869377361555
119,119.0,119.01767680610413,0.08676354663035268,0.1090243082656635,0.09944409833136013,0.09084910083371196,0.0630061722283481,0.12868260275371213,0.07956556202975967,0.07323988456340158,0.13967791993926482,0.12974680442442507
120,120.0,120.01752251271817,0.08674963155898245,0.10857836170003014,0.10117368219397403,0.0872191780822619,0.06426777527202528,0.12888912064192595,0.08066954414632883,0.07360738958486521,0.13924762706640734,0.1295976897531985
121,121.0,121.01720842354362,0.08658997535375865,0.10929304417997807,0.10034378561101596,0.08674380913867688,0.06402320800753283,0.12838595337144632,0.08050694595911012,0.07407774534157831,0.13983255676835626,0.1302029762685462
122,122.0,122.01675365905109,0.08827988278248872,0.10896543006027364,0.10122339353892534,0.08700614517873953,0.06326250470929003,0.1284133847704139,0.08076190034537177,0.07355217330268692,0.13981022731113307,0.12872495800067674
123,123.0,123.0161768344173,0.08796155089263732,0.10971322607696105,0.10056385415780884,0.08733773924737842,0.06406976066652516,0.12611346142462407,0.08074913013216901,0.07306504678779992,0.14019412509812332,0.1302321055159725
124,124.0,124.01549592390272,0.08833257884660513,0.112285059539079,0.1023752756590908,0.08760292338212024,0.06307928915047371,0.12309156817804459,0.08063945308565124,0.07251233384107471,0.1401585295690773,0.1299229887487829
125,125.0,125.01472814520056,0.08854354668305896,0.11392407274287673,0.1023626780378848,0.08696604061213174,0.06337832951233699,0.12301162816567954,0.07975492295511719,0.07189212690468057,0.1404113246833323,0.12975532970290082
126,126.0,126.01388986291661,0.08850315036701643,0.11414424746994839,0.10076550963927092,0.08801501712091309,0.0633338587058347,0.12376379933552531,0.07994376507790926,0.07230253318790317,0.1406141503855366,0.12861396871014177
127,127.0,127.0129965102319,0.09042438695636262,0.11528350103016566,0.10203891655713276,0.08757483131556305,0.06353928955867211,0.12265824877487054,0.08016858597096953,0.07165467831229871,0.1397269836657585,0.1269305778582062
128,128.0,128.01206252771334,0.0889294174989041,0.11600078241242676,0.10067607901959515,0.08829196323889202,0.06478179545292552,0.1227516585715284,0.08122048465700088,0.07146597141160076,0.13905765293535505,0.1268241948017711
129,129.0,129.0111013181695,0.09041642666688605,0.1148837575640713,0.10016065233424212,0.08762072720916494,0.06605167647415124,0.12447428990360283,0.08063758119740803,0.07002751459976142,0.1397462565008114,0.12598111754990035
130,130.0,130.01012521639834,0.09085183317226607,0.113971171872332,0.09904812482711602,0.08887411684463714,0.06551057423709637,0.12442173852406141,0.08048128901506256,0.07133611043661156,0.13918658875987133,0.12631845231094524
131,131.0,131.0091454726403,0.09047510099527586,0.11441215232330251,0.10008369853630468,0.09043903547233287,0.06427479206075458,0.12311893993358779,0.07999070155933025,0.0712912730345854,0.13799821831936265,0.1279160877651631
132,132.0,132.0081722485317,0.08900551928369092,0.11319561594327633,0.10161158678414582,0.09228140007437599,0.06242899585440165,0.12438656990555587,0.07898583514824396,0.07213590888963517,0.13841728756325689,0.12755128055341713
133,133.0,133.00721462434865,0.08766086282586003,0.11379204700839317,0.10236692006989907,0.0926014673865638,0.06353656607165634,0.12402912736210797,0.07969804688042738,0.07141551609721919,0.13795210124694016,0.12694734505093264
134,134.0,134.0062806163404,0.08777216292451948,0.11588155295066097,0.10121562307164157,0.09238796075613095,0.06355406687344596,0.12300657468866562,0.08072851436141873,0.07107325327466422,0.1392837932817104,0.12509649781714188
135,135.0,135.00537720296956,0.08809051473159715,0.11472457348899065,0.10155466557943714,0.09327018939155607,0.06350933973469301,0.12300485048341447,0.08064678582081283,0.07023618352955154,0.1403169276522455,0.12464596958770142
136,136.0,136.00451035890612,0.08790381472381205,0.11535594118235998,0.10264541977091074,0.09338791604958344,0.06334891193649783,0.12142838709802209,0.08195891090914836,0.07049652798244588,0.14021494164765202,0.12325922869956739
137,137.0,137.00368509565993,0.0885112936342132,0.11343599606350707,0.10123886574303344,0.0928060516704027,0.06367210990969964,0.12265080204943854,0.083246148877309,0.06956872952054159,0.14081988735159093,0.12405011518026367
138,138.0,138.0029055077818,0.08974692371218569,0.11235357267375058,0.10201825360131819,0.09397729990971718,0.0627848018766427,0.12297480881511572,0.08174654675770196,0.06972651800260886,0.13998348146275222,0.1246877931882067
139,139.0,139.00217482361367,0.09010606512828429,0.11227187311695291,0.10229254939697488,0.09492681611949473,0.062106445760354484,0.12096380523091917,0.08423889618538788,0.06907994798235471,0.1394891206627633,0.12452448041651343
140,140.0,140.0014954596262,0.089353939496157,0.11055831619783266,0.10224666646962448,0.09699422556255652,0.06286794192183578,0.12090298360998633,0.08468077090191639,0.0694664070238059,0.1387658860170351,0.12416286279924964
141,141.0,141.00086907744122,0.0895065447488412,0.10985370955131585,0.10185433654751125,0.09757580438595898,0.06326691192148433,0.1193500963306887,0.08439449306061494,0.06967808676751,0.1395106159260183,0.1250094007600562
142,142.0,142.0002966427003,0.08893883460782094,0.10928504333632147,0.10270087633766278,0.09956108794827848,0.061823797602235164,0.11894613897255579,0.08470292814917389,0.07003221477163488,0.13855411962921002,0.12545495864510636
143,143.0,142.99977848500652,0.08831042983361878,0.11007447139334323,0.10231076874204828,0.10018922261036509,0.06070491645510149,0.11931469501316617,0.0853506027729443,0.06913494100474989,0.13866909802534338,0.12594085414931916
144,144.0,143.99931435823203,0.08762757704169502,0.11085702673129041,0.10120635033182517,0.10029816670833727,0.06132486873044692,0.11987328175801919,0.08579051168619732,0.06989233355786853,0.13721816877540388,0.12591171467891604
145,145.0,144.99890350055264,0.08654802438512331,0.11077828880932783,0.09938548106110726,0.09965736914589494,0.06244284843928012,0.11956899319754935,0.08696035912771766,0.07052019699656638,0.13718883171410687,0.126949607123326
146,146.0,145.9985446936357,0.08753941572151705,0.1108131848469673,0.09915893569076147,0.09959240794351604,0.06294683510217489,0.1190533127352328,0.08621885133243948,0.07086687143758588,0.13506501030762813,0.1287451748821767
147,147.0,146.99823632047406,0.08804985746290714,0.10990034849994117,0.09988848272584915,0.10132258466527026,0.06368806769165088,0.11742209571478761,0.08627454552211548,0.07124420159795508,0.13371731808593124,0.12849249803359175
148,148.0,147.99797642142389,0.08928682715922077,0.11010227043957738,0.10032566659609694,0.10122962139591983,0.06422906323435132,0.11777396975605695,0.08535975586997607,0.06956468669037086,0.13323089140654107,0.12889724745188857
149,149.0,148.99776274806447,0.09024772423320897,0.10991477317569688,0.10030929824613179,0.10142151405079249,0.06365183284953357,0.11920186085060633,0.08354712776605673,0.06762071224018745,0.13534538367371554,0.12873977291407004
150,150.0,149.99759281456036,0.09053178969828876,0.10913795182337158,0.10097417024780644,0.09975590198064652,0.06283045934541621,0.12081619776148808,0.08400513022772217,0.06732563996368283,0.1348283121442121,0.1297944468073651
151,151.0,150.99746394626104,0.09086113791000146,0.10864354425046503,0.09984353840438641,0.09892848468087126,0.06291891300182996,0.12131191974817006,0.08479044400670249,0.06647656420372475,0.13694393854859446,0.1292815152452539
152,152.0,151.99737332532905,0.09064407992708072,0.10856905083524668,0.09933945630018974,0.09793720967884305,0.06237130860067575,0.12292726425951853,0.08325381916238903,0.06649902211414885,0.13902161206422026,0.12943717705768717
153,153.0,152.99731803323698,0.09006073676460354,0.11051021885148361,0.10005168806970602,0.09694213683160322,0.061854073319841364,0.12252801385004869,0.08194566124270584,0.06752231282140737,0.13929075032578928,0.12929440792281083
154,154.0,153.99729509002177,0.08930468943857603,0.1115882059382214,0.10016799374116689,0.0951282931950112,0.06328121252019214,0.12361646673798954,0.08150025870556953,0.06748549603082625,0.14013866504508132,0.12778871864736543
155,155.0,154.99730149022784,0.08960330449027351,0.11252074408079192,0.10098211072260639,0.09376416277991015,0.06279787350437077,0.12534082375163005,0.0813342030194111,0.0658037607343083,0.13918670250618967,0.12866631441050788
156,156.0,155.99733423551103,0.0911295834568024,0.11234862615247163,0.1010131233577765,0.09254031448164494,0.06302552023606187,0.12700068819641336,0.07984963772000526,0.06463698212055227,0.13871921085399416,0.12973631342427733
157,157.0,156.99739036391077,0.09055265987548626,0.11336955533268933,0.10257166970065629,0.09016465500883114,0.06310472615311631,0.12697857705522203,0.08053641702780634,0.06465774430989703,0.13924308097089863,0.12882091456539635
158,158.0,157.99746697583146,0.09200630052951381,0.11277157662422986,0.10223899203816403,0.0885880375802694,0.06280802635467067,0.12697043859691004,0.08096004466779456,0.0643426772181898,0.14025962605849346,0.1290542803317641
159,159.0,158.99756125680176,0.09189734111491744,0.11367680346326692,0.10177705842480414,0.0896970150823541,0.06141228349312086,0.12725589261781403,0.07995582858266298,0.06524138348427207,0.14124649331169165,0.12783990042509558
160,160.0,159.997670497107,0.09312152528901219,0.1133097705515643,0.1016385335598086,0.08980990327335847,0.06086003574787201,0.1280129442652944,0.07940086159773005,0.06659927507689509,0.13998078400312544,0.12726636663533925
161,161.0,160.99779210841066,0.09349030240517894,0.11294222474904847,0.10248284965439175,0.08877077015370248,0.061975796869456146,0.1273270824663882,0.07908598664921596,0.06595087494818623,0.14092214391737043,0.12705196818706121
162,162.0,161.99792363749984,0.09528961249270877,0.11281765421202562,0.10182675816191372,0.08760671746040143,0.06237456476246976,0.1283448519241862,0.07915915508531174,0.0646493469794436,0.1412343019193991,0.12669703700213986
163,163.0,162.9980627773051,0.09588054817430502,0.1135717198588865,0.10252631800015037,0.08779069293929603,0.06352534587644225,0.12611709632238954,0.07958292285278938,0.0635611584289355,0.1401219040483443,0.12732229349846091
164,164.0,163.9982073753568,0.0963143506928375,0.11230051197407998,0.10334733758133807,0.08803322767028496,0.0627903966128958,0.12655649342798067,0.07950127077735951,0.061922565723595724,0.14022771888713415,0.12900612665249347
165,165.0,164.99835543984977,0.097628325644934,0.11209785313186378,0.1035535474154773,0.08710287903999127,0.062344728248679815,0.12552727690903007,0.07926862641949337,0.06132590930517191,0.1413668834147756,0.1297839704705827
166,166.0,165.99850514349492,0.09714867187767261,0.1130610052029015,0.10244935302033678,0.08629731234599189,0.06457358414634373,0.12607365700442458,0.07723752516723807,0.06074827140303712,0.1410317577314294,0.13137886210062416
167,167.0,166.99865482534062,0.09499216257747448,0.11307434307027714,0.10360396919288549,0.08683971354481004,0.06433662302886305,0.12764402912587094,0.07644616310402423,0.06077555867612539,0.1405468872123182,0.1317405504673508
168,168.0,167.99880299074837,0.09406417216626502,0.11332806870019302,0.10251104945750672,0.08782665086982645,0.06269666010074187,0.12868214916205353,0.0779964723923023,0.061424208624891834,0.14032321657466892,0.1311473519515501
169,169.0,168.99894830970783,0.09434907636547578,0.11278217837203285,0.10109270088837827,0.08749648856689345,0.061318601574620255,0.12938395547071943,0.07968959578561814,0.061197518373082654,0.14089474735432825,0.13179513724885072
170,170.0,169.99908961367427,0.09433880009852352,0.11297839718086486,0.10068774637826375,0.08854642917145397,0.06150785324724048,0.12992792779474047,0.07862901087587142,0.0606873143555233,0.1425616741261532,0.1301348467713649
171,171.0,170.99922589110733,0.09500913777216996,0.1129828525993984,0.10147525560928523,0.08836338373683021,0.06145414193506287,0.12901789310625378,0.07787853324227868,0.06013723918097293,0.1430577870086449,0.13062377580910284
172,172.0,171.99935628188598,0.09409525002806425,0.11416820803954708,0.10302768571348891,0.0872041292674505,0.06109908049655156,0.12770659937738604,0.07697945484308946,0.05962329597798084,0.1445480351356955,0.1315482611207457
173,173.0,172.99948007076793,0.09532525188956056,0.11301140797153718,0.10411007312621215,0.08642792276122636,0.06004895902522977,0.12598635580919101,0.07717703215141453,0.060932082523902954,0.1437129026302714,0.13326801211145398
174,174.0,173.99959668005403,0.09352727403798922,0.1139712763999231,0.10309297629875133,0.08590665862929356,0.059420643295017825,0.12452411179416663,0.07779137589577362,0.06479253291679865,0.14309785767011193,0.13387529306217397
175,175.0,174.99970566161096,0.09410464657598892,0.11408221129797909,0.1024181708574012,0.08796209998504062,0.06143122526992838,0.12366071009235664,0.07713962151541379,0.06580776989729076,0.14118897555884202,0.13220456894975843
