,Unnamed: 0,Generation,Intertwine_two,Add_vertex,Delete_vertex,Invert_path_vertices,Insert_inside_vertex,Delete_inside_vertex,Replace_inside_vertex,Donate_between_routes,Trim_one_terminal_cb,Grow_one_terminal_cb
0,0.0,0.0,0.09999999999999999,0.09999999999999999,0.09999999999999999,0.09999999999999999,0.09999999999999999,0.09999999999999999,0.09999999999999999,0.09999999999999999,0.09999999999999999,0.09999999999999999
1,1.0,1.0,0.12734445695665403,0.10514615772362483,0.09500767459805677,0.09389681628711952,0.10635824300423587,0.08397724625642243,0.08007550091143638,0.06850872306804297,0.11431302265198082,0.12537215854242598
2,2.0,2.0,0.12866098877279386,0.10188188533292312,0.09828541548657918,0.11233979704069678,0.10063429081293138,0.09086425530911549,0.0669679560960615,0.061150251545577294,0.11877128389664826,0.12044387570667262
3,3.0,3.0,0.12671680930278956,0.10567180610390434,0.09128182152491641,0.09560479736541498,0.10483525599941959,0.08950061832416477,0.08321900761160302,0.05127517059316483,0.11840111531927403,0.13349359785534803
4,4.0,4.0,0.12344218041505765,0.10347492904987265,0.0884647446023129,0.09940855354078507,0.10494429113378609,0.08806094265478129,0.07102073109247783,0.06259226459968889,0.12969579415999047,0.1288955687512467
5,5.0,5.0,0.1263675490718043,0.09223930290786843,0.09651607120842805,0.10415429105215786,0.09683318613209625,0.09366648992236555,0.06692206595967003,0.05595788996971627,0.13494285510955034,0.1324002986663425
6,6.0,6.0,0.11614978354170477,0.09920044075111167,0.10001954501068722,0.10632871118563922,0.10146095983340267,0.08793677114975106,0.06787658800540299,0.059804935239652954,0.12818419457219205,0.13303807071045495
7,7.0,7.0,0.11473627064451478,0.10279192895510732,0.09741069131039196,0.09453242604849725,0.09030734066763535,0.08979451116373224,0.06450334792323505,0.05376651286126235,0.16204664330917345,0.1301103271164498
8,8.0,8.0,0.12035140254580404,0.10526120132107412,0.1055825739540466,0.07435941187670186,0.10418936815077846,0.10873752466434569,0.060632645132049315,0.05682888337763477,0.13724800198845644,0.1268089869891083
9,9.0,9.0,0.13941600971536366,0.1015489980906679,0.10408586851023353,0.08209511789318522,0.0868640263364151,0.08262930435572345,0.059839219783184704,0.061764526969442166,0.15000678269309725,0.13175014565268647
10,10.0,10.0,0.12335327080486025,0.09978796011869277,0.09355241704849479,0.07996502499289786,0.0937957565789861,0.08199232002977455,0.07170052506111266,0.07055650958681596,0.16077280413787157,0.12452341164049308
11,11.0,11.0,0.12306707067937402,0.09233221696934638,0.10711717818920863,0.08604602144971504,0.10971471491755243,0.08708584319175103,0.058788730908634276,0.05959064431310224,0.15087438724051216,0.12538319214080337
12,12.0,12.0,0.11795433910603115,0.08824782490745214,0.10735317105773312,0.1019144693759599,0.09416383364631245,0.0930256656601178,0.04702159329208885,0.06694411306372183,0.14219526747275654,0.14117972241782578
13,13.0,13.0,0.1147934729400247,0.09563157122830748,0.11695128680135988,0.07350587470744045,0.10292208320818327,0.08118197249341366,0.04744542249116326,0.06058314437484071,0.17892274460491925,0.12806242715034688
14,14.0,14.0,0.13653759490218897,0.10101333656127924,0.10182834803035065,0.06806543483627978,0.09578093884312625,0.08880210027704577,0.04145229454899216,0.0717268671940923,0.16828487705419648,0.12650820775244798
15,15.0,15.0,0.1317473341362518,0.10803622221437245,0.11366062013146883,0.07534122078936016,0.08204150834977238,0.0772530014458466,0.06178462470752333,0.06126220788588416,0.16472017608574757,0.12415308425377232
16,16.0,16.0,0.12332499416663896,0.09741108231969758,0.11990820609450721,0.07187933451388143,0.08929041510975462,0.09025188192900938,0.06240051387431221,0.06295674022246157,0.14663580348338734,0.13594102828634927
17,17.0,17.0,0.12530603470743767,0.10611559335264056,0.10319065525443911,0.07016416789701363,0.09516969018328139,0.08529605513553684,0.06022983570597783,0.07693342158143043,0.15920449054149252,0.11839005564074963
18,18.0,18.0,0.12444362607199888,0.09812098996140937,0.11648000045391937,0.058180077811128085,0.10889334309118896,0.09918556833600685,0.053154095855391624,0.05222196040169587,0.17057213664033682,0.11874820137692363
19,19.0,19.0,0.13239395798563494,0.10541763592480094,0.11571711342411765,0.06464114292033095,0.09870726025249107,0.08556890537468395,0.04674351945213097,0.059063064308294465,0.14496161130499485,0.1467857890525198
20,20.0,20.0,0.11153286938449287,0.09294670070586242,0.12946850592350215,0.06239299284671649,0.08888092631822948,0.07421100935317834,0.0615888051478516,0.04950987787157394,0.20202825036325991,0.12744006208533232
21,21.0,21.0,0.13753268765833088,0.08251293158435882,0.12472761851370269,0.09248767912161411,0.07988585998125149,0.07903169270666499,0.04374113379310317,0.06724513808490526,0.178305064553301,0.11453019400276716
22,22.0,22.0,0.1304448906327885,0.11178796217405809,0.11434590123915574,0.050779387586033994,0.07957037802727898,0.09826748115886497,0.04561689236186915,0.053231847570187854,0.1568744878771034,0.159080771372659
23,23.0,23.0,0.1388395243896572,0.10024308297055211,0.0869842557412015,0.08318331090764168,0.07877766567187437,0.0839883433200391,0.04444077675447403,0.06641548869246881,0.1819512068066222,0.13517634474546855
24,24.0,24.0,0.15170794945884677,0.1166105981447972,0.09210943808511357,0.06761076165360451,0.08667112171722888,0.07330902534561251,0.06477287016255918,0.06462972513023472,0.15963676875789842,0.1229417415441039
25,25.0,25.0,0.1376787124116856,0.0859634042732571,0.12104932073484327,0.08034135149918065,0.07605932924652115,0.09668602554653533,0.037812605028866485,0.0489376030840263,0.19038414468000747,0.12508750349507627
26,26.0,26.0,0.13197496565457636,0.07339100192446492,0.10781277943205203,0.06502179357411488,0.07663955392111178,0.1277117864021366,0.062122846885524,0.05805550371158262,0.18149359876277227,0.11577616973166416
27,27.0,27.0,0.15754637633329427,0.08808062686786855,0.131673492197967,0.04506858518947767,0.08227014015615765,0.09868073754144777,0.047960140488283995,0.04381809331301371,0.17196655969162128,0.13293524822086783
28,28.0,28.0,0.1427912281718269,0.10429667042850783,0.10989349178235215,0.06304339268143835,0.09031423057444646,0.08009232556455356,0.052536612376147006,0.06588344967131847,0.17870166789679948,0.11244693085260953
29,29.0,29.0,0.13012833565008347,0.11874644309198354,0.1290147035898454,0.05297090237224515,0.09504983547082779,0.057083069341911416,0.05351930326381464,0.04176318497906202,0.18122878326859246,0.14049543897163372
30,30.0,30.0,0.16793321888287083,0.09865033423418323,0.09006986278189673,0.03611493906254574,0.0776509278297555,0.05948522328310415,0.06292645420785616,0.0657912473921107,0.18636098526666722,0.15501680705900944
31,31.0,31.0,0.13990054776857433,0.09403246844760994,0.11392420600862507,0.05814887652075196,0.07663473804261348,0.11551704450349302,0.03672925818945157,0.04552437174298853,0.1861230394096183,0.13346544936627355
32,32.0,32.0,0.16108057960895078,0.09550930943327296,0.10664150724982098,0.05595603965617394,0.060908183216003844,0.09708585457491946,0.04359097344138332,0.04562585317740936,0.19813530049025682,0.13546639915180822
33,33.0,33.0,0.17264170843874874,0.09699074334410182,0.0880464111483143,0.04086744488367968,0.0840744404046125,0.08407379780812249,0.05327000719052406,0.06370987807984621,0.218078147143527,0.09824742155852306
34,34.0,34.0,0.16181580177049,0.08497613022446307,0.13373711360421334,0.04113399202304975,0.0817634465997355,0.11679955828415134,0.039432582736540815,0.04002947287461509,0.18535738780513486,0.11495451407760596
35,35.0,35.0,0.1633948826562362,0.09384500609959932,0.12858962609992627,0.030000000000000006,0.07883341266012905,0.07199536531876133,0.048592850609680716,0.04052992963236427,0.2062894496257192,0.13792947729758342
36,36.0,36.0,0.17909480384120086,0.08413255876115036,0.14358620575290976,0.04031343857250245,0.05903391805756423,0.08929464757683277,0.030000000000000006,0.05370722537284994,0.18686064883192008,0.1339765532330693
37,37.0,37.0,0.19207587591957626,0.05689069931856903,0.10641500395276249,0.030000000000000006,0.11747766290723116,0.08575077540459361,0.030000000000000006,0.039014454664914586,0.20794584580002068,0.13442968203233202
38,38.0,38.0,0.1837734757391783,0.09019136584228578,0.12129102391614874,0.042135491199171,0.06388718362324389,0.08189636936219169,0.030000000000000006,0.04838277998892376,0.2203357544353371,0.11810655589351952
39,39.0,39.0,0.1542399590742785,0.09967559704897762,0.12149596885182348,0.036796222781215235,0.08063675791436128,0.09417633015280566,0.047681933591260384,0.030000000000000006,0.22964944811603952,0.10564778246923805
40,40.0,40.0,0.1958765723874846,0.08617287552671235,0.09829225411903797,0.04480593484925118,0.05647471337917892,0.10547739522896718,0.0327715160556508,0.030000000000000006,0.2226905551513414,0.12743818330237552
41,41.0,41.0,0.19325360166151687,0.061603910805603,0.13647643087435918,0.04401704137328865,0.06813774784305002,0.04604393899899038,0.040902143290335626,0.030000000000000006,0.24309910726994008,0.1364660778829161
42,42.0,42.0,0.1746901463814386,0.06629929680002723,0.10328298363042235,0.0673629820558608,0.05852739564704214,0.09440706877221686,0.030000000000000006,0.05634656876588534,0.22889835544809042,0.12018520249901606
43,43.0,43.0,0.19388840633973545,0.14443758979957852,0.12947021859154892,0.037235417943289495,0.030000000000000006,0.06453213902098308,0.030000000000000006,0.035499139948574995,0.22917576320947047,0.10576132514681888
44,44.0,44.0,0.18066652092326627,0.07518081258206097,0.10377863601801056,0.07356102815516558,0.059649691858776964,0.07087075294109352,0.030000000000000006,0.030000000000000006,0.281222890404767,0.09506966711685903
45,45.0,45.0,0.2104318998954601,0.062190742323863624,0.1137050302973353,0.031652450341577695,0.0481404985297804,0.0828231829096175,0.030000000000000006,0.030000000000000006,0.25434162205882627,0.13671457364353898
46,46.0,46.0,0.17383635646276308,0.07542031144821866,0.0713219713119624,0.04214001654957276,0.13305871052811827,0.08842451724511333,0.030000000000000006,0.030000000000000006,0.2443123273336468,0.11148578912060458
47,47.0,47.0,0.1977771143052813,0.06014862458512378,0.10524880746342331,0.030000000000000006,0.07070658471270894,0.04898930182339169,0.030000000000000006,0.030000000000000006,0.31251062226212023,0.11461894484795059
48,48.0,48.0,0.2088649847249345,0.05624128932411192,0.11284279716852683,0.030000000000000006,0.08544490141826845,0.0694013694800626,0.030000000000000006,0.030000000000000006,0.28369052824124086,0.09351412964285469
49,49.0,49.0,0.1744761340176833,0.06370597580739176,0.0905829656272208,0.060690323861366025,0.057402089013698296,0.05867470718177496,0.030000000000000006,0.030000000000000006,0.2854297729771595,0.14903803151370515
50,50.0,50.0,0.23674268375059135,0.03662710306088513,0.09126932506825955,0.04748968116325779,0.06560447110713777,0.09696761482974012,0.030000000000000006,0.030000000000000006,0.26196306014494214,0.10333606087518596
51,51.0,51.0,0.16894594718646658,0.14334961857853146,0.12727953617449703,0.03259830972042578,0.042977976707455415,0.10965186102255305,0.030000000000000006,0.030000000000000006,0.24124504389578094,0.07395170671428959
52,52.0,52.0,0.19999946802346746,0.07120190712670119,0.08414099727212154,0.030000000000000006,0.03407106378603174,0.10602585434720416,0.04943108460115521,0.030000000000000006,0.23679792096380545,0.1583317038795131
53,53.0,53.0,0.19630381307317576,0.06250554576692274,0.10736008072845735,0.0374145667158575,0.04565919225939843,0.06301127040961632,0.030000000000000006,0.030000000000000006,0.2757009927996057,0.15204453824696604
54,54.0,54.0,0.16914475717748928,0.1418559331683416,0.08915079738815843,0.04407029301863628,0.06195736753416875,0.0932388726596304,0.030000000000000006,0.030000000000000006,0.21114874412986073,0.12943323492371434
55,55.0,55.0,0.16426388775340584,0.05105884691059905,0.14827418501789522,0.0728678750059878,0.06025838382509221,0.08067953952278159,0.030000000000000006,0.03775642484839696,0.2543380044665215,0.1005028526493196
56,56.0,56.0,0.21520584730612474,0.10876991043893738,0.10158400096548115,0.04323471374006925,0.053467887067747744,0.04493333333333334,0.030000000000000006,0.030000000000000006,0.2719927023547089,0.10081160479359737
57,57.0,57.0,0.19212717884872527,0.07428217270440575,0.13220181894306518,0.030000000000000006,0.03827994571734385,0.05674496988542357,0.030000000000000006,0.030000000000000006,0.29145626001876834,0.12490765388226777
58,58.0,58.0,0.16731990142203707,0.05859232931680765,0.09377526564310658,0.030000000000000006,0.04702638838891715,0.05201158123030371,0.030000000000000006,0.04484014359376064,0.25721066607251264,0.21922372433255446
59,59.0,59.0,0.1422318785067645,0.13096970389582221,0.10188331335135747,0.030000000000000006,0.07092692913227497,0.06513129268744294,0.04196209857722426,0.04200260266912873,0.23335389383764005,0.14153828734234464
60,60.0,60.0,0.16721757424179517,0.08240838142680933,0.1335241802826967,0.030000000000000006,0.05025500350208897,0.04877236358934582,0.04393065133787322,0.030000000000000006,0.25436568367302137,0.15952616194636932
61,61.0,61.0,0.19153096985270432,0.044258911498170794,0.11058766222445866,0.030000000000000006,0.04553738347727145,0.0878519616773985,0.030000000000000006,0.030000000000000006,0.27335452491811496,0.15687858635188112
62,62.0,62.0,0.17428910348553628,0.05943599122130473,0.11351574584114832,0.030000000000000006,0.06750934919495113,0.0941008373808818,0.030000000000000006,0.055959954704550154,0.24896101089682898,0.1262280072747984
63,63.0,63.0,0.16928068604353416,0.09427101518556248,0.17687540233189006,0.030000000000000006,0.047811617425619825,0.09130984908170431,0.030000000000000006,0.03224768958935283,0.22380441551736494,0.10439932482497113
64,64.0,64.0,0.20902549338313975,0.09331116667757883,0.1162732778573818,0.030000000000000006,0.035164145113850055,0.07376195917594056,0.030000000000000006,0.030000000000000006,0.2946851015800056,0.08777885621210324
65,65.0,65.0,0.20820498453351396,0.08632851748900425,0.10759242115815433,0.030000000000000006,0.030000000000000006,0.05605435403315416,0.030000000000000006,0.030000000000000006,0.30181575112477316,0.12000397166139995
66,66.0,66.0,0.2154154496719563,0.06139348234912347,0.08805787794837741,0.030000000000000006,0.05263040376588718,0.06478063571278551,0.030000000000000006,0.05402262295670844,0.3074359124753527,0.09626361511980888
67,67.0,67.0,0.19012866337316983,0.09068202870842805,0.127973725858682,0.030000000000000006,0.039563201211789786,0.04783771624216846,0.030000000000000006,0.030000000000000006,0.26443549448440923,0.14937917012135254
68,68.0,68.0,0.16941280160144773,0.058542732368085895,0.09305897304986402,0.030000000000000006,0.037805393179496584,0.05637698116615504,0.030000000000000006,0.030000000000000006,0.3081475433843065,0.18665557525064402
69,69.0,69.0,0.24224501985707744,0.05659997809779286,0.09179305222151635,0.030000000000000006,0.07468752892139141,0.050536838762610295,0.030000000000000006,0.030000000000000006,0.2759569491109254,0.11818063302868613
70,70.0,70.0,0.19606790195003487,0.12048116733212677,0.08435311282933841,0.06363184747998808,0.057679459185663126,0.07032575205087879,0.030000000000000006,0.030000000000000006,0.22015288145949147,0.12730787771247828
71,71.0,71.0,0.23946186392932786,0.06194177461665139,0.0833703675219283,0.03487734068805341,0.043540355435591496,0.06036943611233696,0.030000000000000006,0.030000000000000006,0.2962254294497807,0.1202134322463297
72,72.0,72.0,0.19670669325952173,0.08617728363763252,0.07054296977025726,0.03602164003192717,0.051960178453269126,0.04480114002580103,0.04581879890638259,0.030000000000000006,0.3183425902110626,0.11962870570414579
73,73.0,73.0,0.19306952607987082,0.043853289337368574,0.1521609741491464,0.03383444922774327,0.030000000000000006,0.09031595914629822,0.030000000000000006,0.030000000000000006,0.2725011459488547,0.12426465611071787
74,74.0,74.0,0.25077882463290474,0.05096776774446793,0.11689228481034535,0.03544569192752406,0.030000000000000006,0.0530281724084648,0.030000000000000006,0.030000000000000006,0.2555785964651586,0.14730866201113432
75,75.0,75.0,0.21154973743644306,0.07055922900812828,0.07160989228039537,0.04572965860969277,0.04348177951572185,0.061591959606709115,0.030000000000000006,0.030000000000000006,0.2660865823014241,0.16939116124148534
76,76.0,76.0,0.20214108606806205,0.08141289184714784,0.13258285071955497,0.030000000000000006,0.1053334418312373,0.06977234208101407,0.030000000000000006,0.030000000000000006,0.22269906229228226,0.09605832516070137
77,77.0,77.0,0.205673768758662,0.07672316120687725,0.12354534277600629,0.030000000000000006,0.07091731441637858,0.06446338604399429,0.030000000000000006,0.030000000000000006,0.24188366113898332,0.126793365659098
78,78.0,78.0,0.23835145149365436,0.08536998671285,0.10985508906236874,0.030000000000000006,0.03383530152300934,0.07060310721828236,0.030000000000000006,0.030000000000000006,0.2685824308207077,0.1034026331691273
79,79.0,79.0,0.2141587489401214,0.06841550541703374,0.09786606480736085,0.048988325486146365,0.03691128767115994,0.06046788134802113,0.030000000000000006,0.030000000000000006,0.2747154508688897,0.13847673546126663
80,80.0,80.0,0.2029927341868411,0.0654292229542844,0.1350665549085651,0.030000000000000006,0.036523287685833405,0.05166098887346501,0.041625032565264765,0.030000000000000006,0.2628243709794011,0.1438778078463449
81,81.0,81.0,0.1872531665571283,0.15131774355536062,0.0979599926538566,0.05101035205687162,0.03969708556470998,0.05247559748665972,0.030000000000000006,0.04625002358699391,0.25720257391639856,0.08683346462202052
82,82.0,82.0,0.18644060426015202,0.09257699192277107,0.10422135208077543,0.04264148853182671,0.06249074579441238,0.04360794637423819,0.030000000000000006,0.03226584734994703,0.3110751736602976,0.09467985002557935
83,83.0,83.0,0.19589292180953746,0.06578041671920262,0.11624828213027874,0.06251402457629315,0.05737356276593628,0.0537782713146727,0.030000000000000006,0.030000000000000006,0.2666392916481485,0.12177322903593038
84,84.0,84.0,0.2216328353715078,0.07064201553198061,0.07924412275751183,0.030000000000000006,0.030000000000000006,0.07829964311952295,0.030000000000000006,0.04312839014650318,0.277836530102539,0.1392164629704345
85,85.0,85.0,0.22117536926912723,0.04781657266745273,0.10879067120932148,0.04191550400824133,0.05417934533636816,0.07008085330091243,0.030000000000000006,0.03636130999840535,0.26428746726484287,0.12539290694532826
86,86.0,86.0,0.19034182734097962,0.06722987332696896,0.15982477741385848,0.04180624463998478,0.034431360201001605,0.050171502353183274,0.030000000000000006,0.030000000000000006,0.2766790574964169,0.1195153572276062
87,87.0,87.0,0.17648325942112042,0.12489178633988393,0.0731971917707477,0.03410405324948037,0.0812606874899617,0.05173090846705304,0.030000000000000006,0.030000000000000006,0.2636765672828148,0.13465554597893784
88,88.0,88.0,0.25854812429167595,0.07889313801962586,0.07041277417244203,0.041061267492625855,0.03506862055667718,0.040897647462916374,0.030000000000000006,0.030000000000000006,0.27429366532280863,0.14082476268122796
89,89.0,89.0,0.1963130592188111,0.11629716113715068,0.06311937184740939,0.030000000000000006,0.039924020209956335,0.06029952985853804,0.030000000000000006,0.030000000000000006,0.3147422485186498,0.11930460920948445
90,90.0,90.0,0.2405803165954484,0.09384573680244149,0.06255226637602132,0.04377313743055165,0.03393126002362865,0.033976522900674745,0.030000000000000006,0.030000000000000006,0.32106479941309807,0.11027596045813556
91,91.0,91.0,0.2239243018209128,0.07316819817065942,0.12708781789764248,0.030000000000000006,0.030000000000000006,0.07028405312637895,0.04185436521034147,0.030000000000000006,0.284736830483779,0.0889444332902857
92,92.0,92.0,0.2503106911924209,0.08521906961818766,0.10870899684797053,0.030000000000000006,0.05658329406670658,0.05578205364271238,0.030000000000000006,0.030000000000000006,0.2873773851142386,0.06601850951776311
93,93.0,93.0,0.2064248133383592,0.07212185463763722,0.14054879981850762,0.030000000000000006,0.03868942032583321,0.08189327149043568,0.030000000000000006,0.030000000000000006,0.2526307889982924,0.11769105139093461
94,94.0,94.0,0.2291630308661657,0.08297963535834443,0.1057137152300041,0.030000000000000006,0.04832077662964177,0.06114166426558787,0.030000000000000006,0.030000000000000006,0.28395925001279143,0.09872192763746454
95,95.0,95.0,0.2757764099462595,0.07794632378058647,0.07054392079195689,0.0875164456445123,0.030000000000000006,0.04666812110634379,0.030000000000000006,0.030000000000000006,0.26346755416741957,0.08808122456292133
96,96.0,96.0,0.2296400687644152,0.06808411833220064,0.12170550831282871,0.039311832402213726,0.042459107740574376,0.09505735281691698,0.030000000000000006,0.030000000000000006,0.24438707149888766,0.0993549401319625
97,97.0,97.0,0.2185669626762523,0.07551932368630296,0.09700859401648401,0.030000000000000006,0.030000000000000006,0.06819440721526915,0.030000000000000006,0.030000000000000006,0.28365957604773356,0.13705113635795782
98,98.0,98.0,0.2137327313652378,0.10023345839484717,0.06477051078661238,0.030000000000000006,0.03595920918446911,0.04837422615228034,0.030000000000000006,0.030000000000000006,0.31023502063867336,0.1366948434778797
99,99.0,99.0,0.2195984121120848,0.0910154172446748,0.12109055595022726,0.04880656314989823,0.051346696927632184,0.05539522806597915,0.030000000000000006,0.0418106588507139,0.22510598101215568,0.11583048668663373
100,100.0,100.0,0.16174417271685979,0.07302974324663199,0.12059784917361945,0.030000000000000006,0.036971809482645404,0.049956558767277635,0.030000000000000006,0.030000000000000006,0.327353430856163,0.14034643575680256
101,101.0,101.0,0.2056552598188882,0.07886379811453124,0.1279500402526143,0.030000000000000006,0.030000000000000006,0.06351063091513721,0.030000000000000006,0.030000000000000006,0.28601590975543634,0.11800436114339255
102,102.0,102.0,0.14974930277399928,0.06672321920202827,0.13241054094506483,0.04514585045691162,0.04187858255569504,0.08399523732432512,0.030000000000000006,0.030000000000000006,0.2733863171548959,0.14671094958707973
103,103.0,103.0,0.24692805286485214,0.12089481685092407,0.07114086876363614,0.03299099059650351,0.030000000000000006,0.058890128571800406,0.030000000000000006,0.030000000000000006,0.24202759571873883,0.13712754663354465
104,104.0,104.0,0.23165495934022445,0.08135012726273805,0.13081852032583233,0.030000000000000006,0.04841233303073532,0.050515492223139155,0.030000000000000006,0.030000000000000006,0.23264010605766225,0.13460846175966829
105,105.0,105.0,0.266995454843067,0.08086715452422052,0.11644699642833953,0.030000000000000006,0.03953408958975026,0.03546436666499844,0.030000000000000006,0.030000000000000006,0.2661833951033079,0.1045085428463162
106,106.0,106.0,0.25224540526156286,0.06411019338019093,0.14750013092537737,0.030000000000000006,0.05060100501945194,0.06477282841677202,0.030000000000000006,0.030000000000000006,0.22598643931652349,0.10478399768012121
107,107.0,107.0,0.24178634940614332,0.09109163214475577,0.08454657675703364,0.030000000000000006,0.044849893088701895,0.053492592692849304,0.04995144307647468,0.030000000000000006,0.25856457053615456,0.11571694229788665
108,108.0,108.0,0.2326871884506073,0.07664230858823146,0.07800465370336991,0.030000000000000006,0.03342608364298907,0.05863783940545508,0.047929405967023275,0.030000000000000006,0.30330812997122014,0.10936439027110363
109,109.0,109.0,0.25801749690218445,0.040813391621608595,0.08217338977414793,0.030000000000000006,0.030000000000000006,0.040198268072456446,0.030000000000000006,0.030000000000000006,0.3274877922479696,0.13130966138163286
110,110.0,110.0,0.18359677671219243,0.14685414188918058,0.07192808774421725,0.030000000000000006,0.030000000000000006,0.07224386433991067,0.030000000000000006,0.030000000000000006,0.2690060519394175,0.13637107737508142
111,111.0,111.0,0.2270531649492456,0.0863918057246236,0.09943308513892338,0.030000000000000006,0.030000000000000006,0.04583809579239591,0.030000000000000006,0.030000000000000006,0.30713483192033286,0.1141490164744785
112,112.0,112.0,0.2077814122160076,0.10778734075255389,0.08988883958117552,0.030000000000000006,0.030000000000000006,0.044217975937721164,0.030000000000000006,0.030000000000000006,0.28304027945202875,0.14728415206051299
113,113.0,113.0,0.21693092246676002,0.10910157644924397,0.07902928930692807,0.030000000000000006,0.030000000000000006,0.08054093712749957,0.030000000000000006,0.030000000000000006,0.30126427727485977,0.09313299737470845
114,114.0,114.0,0.22962769279467943,0.09008220931276709,0.05764333389765368,0.04139685101798496,0.07782994289001174,0.06455054455404999,0.030000000000000006,0.030000000000000006,0.2842477573611489,0.09462166817170405
115,115.0,115.0,0.2104544595348879,0.07954523258490313,0.06868052672681627,0.03409293760353284,0.030000000000000006,0.06386749363931254,0.048039647577092524,0.030000000000000006,0.32194913825261917,0.11337056408083548
116,116.0,116.0,0.26277100729865704,0.07390136839157188,0.08789256540343789,0.030000000000000006,0.030000000000000006,0.03996732324430895,0.030000000000000006,0.030000000000000006,0.3189471486929939,0.09652058696903024
117,117.0,117.0,0.2532617511045314,0.031922544613383286,0.07195075775235509,0.08115714499508184,0.04600806565328973,0.04067204376885982,0.030000000000000006,0.030000000000000006,0.30130940608089263,0.11371828603160612
118,118.0,118.0,0.17717697557835646,0.08193465727098015,0.1828876735034295,0.037752171780871355,0.0340570337389286,0.07515852836400018,0.030000000000000006,0.030000000000000006,0.2743183765639253,0.07671458319950827
119,119.0,119.0,0.21464649405481415,0.0394552878830719,0.10116561333084972,0.042993039443155454,0.05124983014443588,0.04965370614172162,0.030000000000000006,0.030000000000000006,0.30288056030713306,0.13795546869481803
120,120.0,120.0,0.20680469086533532,0.096531439930359,0.06400597852653445,0.03748437396470615,0.045403134070907146,0.07301631000669129,0.030000000000000006,0.030000000000000006,0.2641033018620041,0.15265077077346256
121,121.0,121.0,0.18717675445384327,0.0481188224166252,0.12619620071020501,0.03541078087919539,0.08267894804993804,0.11366948769020128,0.030000000000000006,0.030000000000000006,0.24728008191041204,0.09946892388957951
122,122.0,122.0,0.1788654867957347,0.1116704178761024,0.07799835624879559,0.045921518173046,0.037815447361712974,0.06657868170215317,0.030000000000000006,0.030000000000000006,0.3084027393919981,0.11274735245045689
123,123.0,123.0,0.22600914393446375,0.0826651414541825,0.08055383236343491,0.030000000000000006,0.04907214468252409,0.049980666760620726,0.030000000000000006,0.030000000000000006,0.28826499946836365,0.13345407133641024
124,124.0,124.0,0.30519449192154846,0.03930907267450414,0.058107274932824915,0.030000000000000006,0.0342862629147054,0.08258887216745138,0.030000000000000006,0.030000000000000006,0.27883756608753446,0.11167645930143107
125,125.0,125.0,0.30211218071156176,0.046247568691951776,0.08713865001952661,0.030000000000000006,0.04739198074380282,0.04194900180938345,0.030000000000000006,0.030000000000000006,0.27261173653038784,0.11254888149338552
126,126.0,126.0,0.18964092003140687,0.13081619432615682,0.0753099297895388,0.030000000000000006,0.030000000000000006,0.045601904062024426,0.030000000000000006,0.030000000000000006,0.2844834324760218,0.15414761931485108
127,127.0,127.0,0.3091690209521337,0.05219562047479651,0.07912262293175126,0.030000000000000006,0.030000000000000006,0.030000000000000006,0.030000000000000006,0.030000000000000006,0.29676955258282917,0.11274318305848922
128,128.0,128.0,0.1826898718408932,0.06060161068236945,0.12740319334675448,0.030000000000000006,0.06613864626077784,0.030000000000000006,0.030000000000000006,0.030000000000000006,0.32422266276952516,0.11894401509967975
129,129.0,129.0,0.21586643207701592,0.08741953595001314,0.08056621727812653,0.030000000000000006,0.0343276777127388,0.05421008396761793,0.030000000000000006,0.030000000000000006,0.2864077641378938,0.15120228887659376
130,130.0,130.0,0.28822034878236275,0.04049902482678293,0.14178064516293631,0.030000000000000006,0.030000000000000006,0.03370502126679187,0.030000000000000006,0.030000000000000006,0.26967411216972975,0.10612084779139626
131,131.0,131.0,0.23816991493286613,0.059567009383849734,0.1482546986631082,0.030000000000000006,0.030000000000000006,0.03691910178595781,0.030000000000000006,0.030000000000000006,0.27226048448311735,0.12482879075110057
132,132.0,132.0,0.20806702781150385,0.09100517367903099,0.14322797112095906,0.030000000000000006,0.030000000000000006,0.030000000000000006,0.030000000000000006,0.030000000000000006,0.29616417194811945,0.11153565544038646
133,133.0,133.0,0.23276386686979295,0.05941500603944681,0.10312944767241963,0.030000000000000006,0.030000000000000006,0.07851213221838878,0.030000000000000006,0.030000000000000006,0.27182347812008517,0.13435606907986647
134,134.0,134.0,0.22236819319468384,0.05896455335479402,0.09893383999582357,0.030000000000000006,0.06523562839365545,0.042993657678913985,0.030000000000000006,0.030000000000000006,0.29765786291126956,0.12384626447085945
135,135.0,135.0,0.25841138504356576,0.10948465844884574,0.06551769692984065,0.030000000000000006,0.0337132752992383,0.037453948215071975,0.030000000000000006,0.030000000000000006,0.2881394924194184,0.11727954364401902
136,136.0,136.0,0.2610081313878205,0.09219308108319632,0.0853079590213505,0.043892732278811616,0.030000000000000006,0.03514268558996862,0.030000000000000006,0.030000000000000006,0.2710508408439952,0.1214045697948571
137,137.0,137.0,0.22117248078647805,0.09123779636405441,0.0756215901200388,0.030000000000000006,0.030000000000000006,0.04738412868562614,0.030000000000000006,0.030000000000000006,0.30285833560255476,0.14172566844124773
138,138.0,138.0,0.27558101706560906,0.031979909471805235,0.12819731002545637,0.04564128482726133,0.04806511056511056,0.03395852968897266,0.030000000000000006,0.030000000000000006,0.279084400903634,0.09749243745215064
139,139.0,139.0,0.24172884491182164,0.0549079754601227,0.11617083076773253,0.036427918469486384,0.030000000000000006,0.04186367985923093,0.030000000000000006,0.030000000000000006,0.32243491500397464,0.09646583552763098
140,140.0,140.0,0.23094214365500254,0.0712685668556954,0.09918526294320278,0.030000000000000006,0.046018691524348634,0.06185888694190326,0.030000000000000006,0.030000000000000006,0.338038682541413,0.06268776553843426
141,141.0,141.0,0.20208116172067792,0.0770407774071831,0.11628981287468228,0.05329825320426155,0.030000000000000006,0.05003947937688038,0.030000000000000006,0.030000000000000006,0.2616584375894785,0.14959207782683612
142,142.0,142.0,0.25851802383466504,0.07145692722000914,0.1150438888249015,0.032763782419528,0.030000000000000006,0.0619984304168689,0.030000000000000006,0.030000000000000006,0.2236121581105392,0.146606789173488
143,143.0,143.0,0.25900286214047724,0.06454200606202262,0.14567781644305178,0.030000000000000006,0.030000000000000006,0.031188094171519586,0.030000000000000006,0.030000000000000006,0.22733221324848452,0.15225700793444408
144,144.0,144.0,0.23060571299655502,0.06983707686183871,0.07634208576815074,0.030000000000000006,0.030000000000000006,0.06910826604483997,0.030000000000000006,0.030000000000000006,0.33657364921962274,0.09753320910899269
145,145.0,145.0,0.27836080945131547,0.03522873612526707,0.07773885820551145,0.030000000000000006,0.030000000000000006,0.07668154417045617,0.030000000000000006,0.030000000000000006,0.3110197498924004,0.10097030215504928
146,146.0,146.0,0.29625169968279,0.04185288326313628,0.12136700633351369,0.030000000000000006,0.030000000000000006,0.034490924411444565,0.030000000000000006,0.030000000000000006,0.2677054824672727,0.11833200384184264
147,147.0,147.0,0.24662070011325987,0.0574955053783307,0.11043820208488705,0.030000000000000006,0.030000000000000006,0.04198658843252305,0.030000000000000006,0.030000000000000006,0.33171652237961236,0.0917424816113869
148,148.0,148.0,0.19672321595690573,0.13469942568415869,0.07600493655017318,0.030000000000000006,0.030000000000000006,0.056903225806451616,0.030000000000000006,0.030000000000000006,0.2624493309612949,0.1532198650410158
149,149.0,149.0,0.2787813365749473,0.12932326682631562,0.08440037646542095,0.06457935666313183,0.042114953515847965,0.03558589607635206,0.030000000000000006,0.030000000000000006,0.20877369502671267,0.09644111885127142
150,150.0,150.0,0.22424692930022924,0.14300894811727358,0.0813036147443457,0.030000000000000006,0.03522453120775705,0.030000000000000006,0.030000000000000006,0.030000000000000006,0.25084335657476997,0.14537262005562426
151,151.0,151.0,0.2856227920548264,0.08287517979334214,0.1323103352483998,0.030000000000000006,0.030000000000000006,0.030000000000000006,0.030000000000000006,0.030000000000000006,0.26141857997963386,0.08777311292379772
152,152.0,152.0,0.317950858017996,0.05312648980717729,0.09735456596090765,0.030000000000000006,0.030000000000000006,0.052497671048545705,0.030000000000000006,0.030000000000000006,0.21924227250691844,0.13982814265845486
153,153.0,153.0,0.3139793718063348,0.06745663527592123,0.07889923707599004,0.030000000000000006,0.047076401482299135,0.03487897185208546,0.030000000000000006,0.030000000000000006,0.2723295011154514,0.09537988139191778
154,154.0,154.0,0.27264789442318943,0.08785603736428327,0.07643876415590456,0.030000000000000006,0.0730226464930312,0.05545939357001371,0.030000000000000006,0.030000000000000006,0.2155936420087317,0.12898162198484603
155,155.0,155.0,0.22971610119148025,0.04697746927297369,0.06855726631945276,0.030000000000000006,0.030000000000000006,0.15822341327308273,0.030000000000000006,0.030000000000000006,0.2761937501790604,0.10033199976395002
156,156.0,156.0,0.21979530137343506,0.06229613401845485,0.12681393051598028,0.030000000000000006,0.030000000000000006,0.13252616066865824,0.030000000000000006,0.030000000000000006,0.23501226058967822,0.10355621283379315
157,157.0,157.0,0.28919113174301814,0.06027779919944588,0.05843130429685234,0.030000000000000006,0.04994126818332197,0.10244607281886879,0.030000000000000006,0.030000000000000006,0.23560673174298213,0.11410569201551064
158,158.0,158.0,0.2820066204829909,0.04055349735129784,0.1154555373567617,0.030000000000000006,0.030000000000000006,0.1,0.030000000000000006,0.030000000000000006,0.2187082092855719,0.12327613552337746
159,159.0,159.0,0.2847333423523869,0.042877359464474074,0.0783165266481363,0.030000000000000006,0.030000000000000006,0.05090404949359627,0.030000000000000006,0.030000000000000006,0.3145358870106802,0.10863283503072604
160,160.0,160.0,0.2400184514476483,0.07705083398916934,0.11398320181555392,0.030000000000000006,0.030000000000000006,0.03707786941382966,0.030000000000000006,0.030000000000000006,0.3221472079329427,0.08972243540085596
161,161.0,161.0,0.2813676520836485,0.06316028360192327,0.10339323420774967,0.050007988969077335,0.030000000000000006,0.05739059291585073,0.030000000000000006,0.030000000000000006,0.2960489985060707,0.05863124971567964
162,162.0,162.0,0.22208204839502046,0.08122514706048602,0.06621510574632271,0.030000000000000006,0.030000000000000006,0.0497502271632924,0.030000000000000006,0.030000000000000006,0.3235450910707467,0.13718238056413165
163,163.0,163.0,0.24044606160028154,0.052065227762246466,0.0755102603104707,0.030000000000000006,0.030000000000000006,0.03382522114624496,0.030000000000000006,0.030000000000000006,0.2847561796316499,0.19339704954910628
164,164.0,164.0,0.2850493764228856,0.05399479205936292,0.10039191672038042,0.030000000000000006,0.030000000000000006,0.04473973695166501,0.030000000000000006,0.030000000000000006,0.2505868062634634,0.14523737158224254
165,165.0,165.0,0.2714967963960825,0.10679198897475099,0.04571217929087253,0.030000000000000006,0.030000000000000006,0.05068660537646922,0.030000000000000006,0.030000000000000006,0.291958395410444,0.11335403455138064
166,166.0,166.0,0.2948217489611614,0.06196747153784597,0.1191819273477122,0.030000000000000006,0.030000000000000006,0.03424445228566716,0.030000000000000006,0.030000000000000006,0.25886409875533867,0.11092030111227436
167,167.0,167.0,0.22710358175518625,0.05961780962642278,0.08930763937088589,0.030000000000000006,0.030000000000000006,0.06082040623355307,0.030000000000000006,0.030000000000000006,0.2688958874393703,0.1742546755745816
168,168.0,168.0,0.2884161287895329,0.04959871378196,0.11346631485837091,0.030000000000000006,0.030000000000000006,0.03699781256214312,0.030000000000000006,0.030000000000000006,0.2817261563971301,0.1097948736108629
169,169.0,169.0,0.29364178084155335,0.059392631952961586,0.07192390057273626,0.030000000000000006,0.05078477240495601,0.06362277485845787,0.030000000000000006,0.030000000000000006,0.26096501221321483,0.10966912715611996
170,170.0,170.0,0.22936525839343905,0.07745606044499788,0.14121087514298808,0.030000000000000006,0.030000000000000006,0.04597445170644404,0.030000000000000006,0.030000000000000006,0.27709779157493514,0.10889556273719565
171,171.0,171.0,0.2674447192595969,0.07095505795440579,0.12095220025505733,0.030000000000000006,0.030000000000000006,0.060382416769962054,0.030000000000000006,0.030000000000000006,0.26108411132822573,0.09918149443275202
172,172.0,172.0,0.25359776271353107,0.04363098414509943,0.13266875635411154,0.030000000000000006,0.030000000000000006,0.08170051070847308,0.030000000000000006,0.030000000000000006,0.26656592087876996,0.10183606520001483
173,173.0,173.0,0.27144321881356365,0.03900537141576578,0.09591665443936334,0.03979996301127453,0.030000000000000006,0.032573467289501265,0.08081789584061519,0.030000000000000006,0.256095250872855,0.12434817831706105
174,174.0,174.0,0.21292044694324344,0.1334388695808047,0.138838213992928,0.04770428015564203,0.030000000000000006,0.063466689332107,0.030000000000000006,0.030000000000000006,0.24444685883141326,0.06918464116386143
175,175.0,175.0,0.2644421421944244,0.04657056209782059,0.09623498772259301,0.030000000000000006,0.030000000000000006,0.05294100430064572,0.030000000000000006,0.030000000000000006,0.23432553984857812,0.1854857638359379
176,176.0,176.0,0.22097666388654766,0.047390649141211064,0.1325653609151693,0.030000000000000006,0.030000000000000006,0.06315208191708545,0.030000000000000006,0.030000000000000006,0.26645940516371575,0.14945583897627063
177,177.0,177.0,0.19305463912475454,0.04789172641381469,0.08197496282981812,0.030000000000000006,0.030000000000000006,0.041003940874857446,0.030000000000000006,0.030000000000000006,0.37127544474253577,0.14479928601421937
178,178.0,178.0,0.17996110191450004,0.056789358721839114,0.16753365069011536,0.030000000000000006,0.030000000000000006,0.08026502421250462,0.030000000000000006,0.030000000000000006,0.2952074983085447,0.10024336615249603
179,179.0,179.0,0.30583963396004354,0.09149683309068084,0.08865698416797974,0.030000000000000006,0.030000000000000006,0.030000000000000006,0.030000000000000006,0.030000000000000006,0.25403657602778934,0.10996997275350642
180,180.0,180.0,0.31209997061927236,0.07811481120046489,0.06988722255000063,0.030000000000000006,0.05875127144017149,0.056111446385175304,0.030000000000000006,0.030000000000000006,0.24903129183181708,0.08600398597309808
181,181.0,181.0,0.24166508008337767,0.05059544110032129,0.07882770093363381,0.030000000000000006,0.030000000000000006,0.05868332887898271,0.030000000000000006,0.030000000000000006,0.2999739198326113,0.1502545291710732
182,182.0,182.0,0.22737830285212532,0.06256029131314676,0.1344498722845527,0.030000000000000006,0.030000000000000006,0.04413576741153399,0.030000000000000006,0.030000000000000006,0.25555133238648736,0.15592443375215376
183,183.0,183.0,0.2757613613238487,0.05716116099958816,0.09507742992827639,0.030000000000000006,0.06144033073452941,0.05798704368040506,0.030000000000000006,0.030000000000000006,0.28224494109842097,0.0803277322349311
