,Unnamed: 0,Generation,Intertwine_two,Add_vertex,Delete_vertex,Invert_path_vertices,Insert_inside_vertex,Delete_inside_vertex,Replace_inside_vertex,Donate_between_routes,Trim_one_terminal_cb,Grow_one_terminal_cb
0,0.0,0.0,0.09999999999999999,0.09999999999999999,0.09999999999999999,0.09999999999999999,0.09999999999999999,0.09999999999999999,0.09999999999999999,0.09999999999999999,0.09999999999999999,0.09999999999999999
1,1.0,0.10900000000000001,0.10298054580827529,0.1005609311918751,0.09945583653118817,0.09933475297529602,0.1006930484874617,0.09825351984195003,0.09782822959934656,0.09656745081441669,0.1015601194690659,0.10276556528112443
2,2.0,0.31601,0.10603832932882082,0.10078519429081004,0.09924938187877848,0.10052594936153841,0.10080104885221454,0.0972276258691191,0.09438535447034188,0.09246172211768139,0.10353758214752112,0.10498781168317411
3,3.0,0.6191589000000001,0.1088221431447511,0.10137699006737072,0.09835357363152147,0.10004266461841999,0.10131667811874807,0.09610432388947615,0.09263769802204902,0.08746594348965735,0.10543261871788467,0.10844736630012135
4,4.0,1.015801321,0.11117905935189554,0.1017328667212375,0.09719492099566378,0.09994370529462035,0.10182683375087162,0.09488334748520603,0.08975079266256845,0.08373954439612319,0.1083973044812974,0.11135162486051597
5,5.0,1.50262148669,0.11371545201463182,0.10094701371880355,0.09686996452006984,0.1003238641367996,0.10150603789344298,0.09427679939981712,0.08655541071005426,0.07951087495098086,0.11180321266011177,0.11449136999528804
6,6.0,2.0757334209441005,0.11510294982865626,0.10084878269282795,0.0969243121391448,0.10092175337726264,0.10163337047427438,0.09315183115093112,0.08357868570986095,0.07585424712753376,0.11442406039180325,0.1175600071077047
7,7.0,2.7307768275633495,0.11622081490868974,0.1011030401704323,0.09674329195499817,0.10033429475804895,0.1006308837740372,0.09227298312832005,0.08040528822442558,0.0717989467297135,0.12030666956582761,0.12018378678550669
8,8.0,3.4630081252450404,0.11777356122820704,0.10159568802471966,0.09740423604718562,0.09773026189648157,0.10101361306107402,0.09335153653838556,0.07700314080540328,0.06827508908462801,0.12353855342781131,0.12231431988610374
9,9.0,4.2673862119061114,0.12110327204590454,0.1017045059035012,0.09793119856484162,0.09592649442252145,0.09965729278886787,0.09186527245784189,0.0736981606366632,0.06548271950616187,0.12786022145966716,0.12477086221402896
10,10.0,5.138652627782014,0.12267686526747655,0.10162478311907876,0.09741366638401205,0.09395178064063525,0.0990018449036149,0.09037157667173651,0.07177121960405515,0.06381160322191252,0.13304779044514917,0.12632886974232888
11,11.0,6.071405875792507,0.12407124320971658,0.10078909006816004,0.09826575104198165,0.09264277032614203,0.09995177675749757,0.0894528102140197,0.06874508631403065,0.06127846110236578,0.13700401097927428,0.12779899998681146
12,12.0,7.060169740244025,0.12480486847509487,0.09954395838515565,0.09914474079247902,0.09298553834695834,0.09934925668046853,0.08919623297868856,0.06474528903730008,0.059717101901943036,0.13983540124582367,0.13067761215608797
13,13.0,8.099455520847952,0.12508053930364404,0.0990487531677602,0.10097772744494186,0.0905424594091311,0.09963095933698791,0.0878192384770344,0.0610106174506979,0.057748051864292244,0.14607999886120374,0.13206165468430633
14,14.0,9.183818168183006,0.12740018458191857,0.09910707318600692,0.1012748571486217,0.0876292785309536,0.0992032885300616,0.08727558354407268,0.05691444827894348,0.057118630037437175,0.15096477741741066,0.13311187874457336
15,15.0,10.307906369102724,0.1291002133589746,0.09988091240149104,0.10273103600086264,0.08553935589895516,0.0974102182576232,0.08564664938861694,0.05510650750291811,0.05565176683401335,0.15517780901751985,0.13375553133902485
16,16.0,11.466506686239443,0.12981447646913652,0.09959640680408806,0.1047756514054894,0.08321025555151272,0.09636765858934834,0.08539656021759534,0.05360773089322021,0.05455714759510835,0.15725652386806438,0.13541758860643638
17,17.0,12.654581904800096,0.13059052249933714,0.10018894962487578,0.10509537573253684,0.08082923936675145,0.09594650996045771,0.0847244505014428,0.05212969195746958,0.05505365434226428,0.1602780287355182,0.13516357727934591
18,18.0,13.867303782456686,0.13114987818505483,0.09998204426173925,0.10669301494204658,0.07738126507718036,0.09693207328747513,0.08551421912329345,0.05017288436772048,0.05324816196912282,0.1641234123441708,0.13480304644219593
19,19.0,15.100080434523047,0.1323812689724338,0.10050688348825224,0.1081524713827439,0.07473218285482616,0.09692008469595817,0.08500005807895389,0.04780051201149693,0.05229706720828109,0.16508769230138562,0.13712177900566783
20,20.0,16.348578617037543,0.13140353871109267,0.09978125279458555,0.1109167678497237,0.07202228344800098,0.09594453332573208,0.08340721200985501,0.04713933553487415,0.05055342325085162,0.17146094735874157,0.13737070571654234
21,21.0,17.608741195130214,0.13292485661000347,0.09801646273724796,0.11311606330976334,0.07249654970333522,0.09409639438875576,0.08236375685644794,0.04490400426656857,0.050747234256705444,0.17513023135941122,0.13620444651176078
22,22.0,18.876800103462312,0.13363134132695223,0.09920061943308515,0.11417337304838371,0.06895247147376082,0.09225941580600479,0.08331490542210374,0.043068153277235496,0.049685314148784146,0.17632127762433303,0.13939312843935658
23,23.0,20.14928511992658,0.13507477644095134,0.09923774596639776,0.11239051254525435,0.06882146256042736,0.0903999734682012,0.08289255110467897,0.04132376321694256,0.05008341549809711,0.17970642325824226,0.14006937594080682
24,24.0,21.423028783545156,0.13769835802995656,0.10091796473384515,0.1110443937587886,0.06728991809649568,0.08939959789075014,0.08145545834370763,0.04181819163886274,0.05042645108819909,0.18054405835937198,0.1394056080600222
25,25.0,22.695167792966423,0.13879675366963404,0.09952236857150332,0.11253752555920565,0.06718779549908586,0.0874107958622382,0.08241831054894473,0.039796697490458596,0.04930800365509039,0.18416359464658488,0.13885815449725408
26,26.0,23.963141223515898,0.13920375465705334,0.09687350214753399,0.11264280800105825,0.06569546492891142,0.08556538183787935,0.08653013076919416,0.0403885360179447,0.049209487022337545,0.1865943282136872,0.13729660640439978
27,27.0,25.224685898775267,0.14205490872357776,0.09572365985807126,0.11507533318962702,0.062350309863742716,0.08437830956029328,0.08773948063767921,0.039722263161633985,0.047785541179895544,0.18777827722245505,0.1373919166030239
28,28.0,26.477829247520948,0.14330034724340018,0.0962339758237167,0.11525258740786083,0.060964333807544305,0.08409327185825335,0.08707846689066401,0.03966264355300714,0.048670851078859406,0.1893592249755556,0.13538429736113824
29,29.0,27.720879968916847,0.14314986146835026,0.09821886440519309,0.1172706464287655,0.05873049691478535,0.08437250800321748,0.08411276748282501,0.03983599468224114,0.04722772950462582,0.19092821391973783,0.13615291719025827
30,30.0,28.95241681848399,0.1466646973359014,0.09820092902960971,0.11530985603839564,0.054976851434906944,0.08299070304425407,0.08141355642848006,0.04106955887877163,0.048277080883864835,0.19275652986279784,0.13834023706301762
31,31.0,30.17127581490958,0.14723746772073748,0.09772749466497307,0.1156781790771706,0.0536133451251134,0.08159206185032782,0.08436816527015473,0.039778616007099456,0.04736995122535018,0.19431426417988568,0.1383204548791874
32,32.0,31.376536153543515,0.14979759505160595,0.09741213757319278,0.1152638602055022,0.05221226107379779,0.07871105605505609,0.08549568302713795,0.03927244536961119,0.04654522688130547,0.19683553892562589,0.13845419583716453
33,33.0,32.567505096778625,0.15337065237794084,0.0972574313002742,0.11294524008129316,0.049479863736188075,0.07825674782978187,0.08532514504722098,0.039827980451503556,0.04760218372486995,0.2011119684777654,0.13482278697316183
34,34.0,33.74370209472243,0.15569652386542443,0.09591406746312188,0.11517856392576514,0.04696123665775125,0.07767494797229568,0.0884317234405076,0.03907863984719856,0.04634648130710463,0.2018583409275094,0.13285947459332131
35,35.0,34.90484237192463,0.15800890907178494,0.09548254822481184,0.1168593921321457,0.04352280063850613,0.07689920969287187,0.087030903046363,0.03932379951953148,0.04520322472256586,0.20445827278311368,0.13321094016830545
36,36.0,36.05082019768737,0.16171390761185037,0.09410656075523577,0.11998909782286435,0.0413243240720507,0.07424043781080653,0.087349737540164,0.03777784867456453,0.04544529041962752,0.2048736431422037,0.13317915215063256
37,37.0,37.18169203889697,0.1665203224680403,0.09004424606841832,0.11932468384379688,0.03830424244999509,0.07753985240438199,0.08730175046772765,0.036308714427348635,0.04427649182572171,0.2071758662190919,0.13320382982547757
38,38.0,38.29765977559663,0.1702714113550868,0.0893866940351558,0.12008521646006443,0.03671667568556219,0.07554965571522967,0.0868576117476634,0.03492340646058084,0.04410878525199932,0.21049455764763222,0.13160598564102538
39,39.0,39.399054140870355,0.1708290603307796,0.08975136704396001,0.12080224838283354,0.03480812691091309,0.07531681140318447,0.08763627055481227,0.035395588585010046,0.04216231128412604,0.21451116126926584,0.1287870542351152
40,40.0,40.48631852820801,0.1753287147276587,0.08882854289970744,0.1191341428447371,0.033911285179235515,0.07274424653393731,0.08953257058484235,0.03445237419349788,0.04028886160019883,0.217581598100734,0.12819766333545102
41,41.0,41.55999329152982,0.17932158518885138,0.08551454802403925,0.12124284664872542,0.0331341847698296,0.0714325462664544,0.08545534323531298,0.034399735383226944,0.03849986826866235,0.22243693603142128,0.12856240618347656
42,42.0,42.62070064560415,0.18119814324064362,0.08276238486319595,0.11997367119017757,0.034878217035656085,0.06925803282188493,0.08622803755569597,0.03332717020402063,0.039439432464181426,0.22559328669924006,0.12734162392530393
43,43.0,43.669130257815,0.18474179151449427,0.08793463643776042,0.1212832298979996,0.033759937313844836,0.06434092478531979,0.08401775978108249,0.03232858984069474,0.0383693687214346,0.22849479376390347,0.12472896794346597
44,44.0,44.70602560622662,0.18670035256756537,0.08622901466673485,0.11997454436462109,0.03642080139169677,0.06253708749043566,0.0824675149683404,0.03140658161529449,0.036827695070376365,0.23631767253608588,0.12111873532884934
45,45.0,45.73217116373481,0.19137925709610576,0.08328446602614539,0.11962740772904679,0.0349961235480394,0.05973384063582368,0.08215157001345245,0.03056270839628132,0.03537191183372019,0.24111918877514277,0.1217735259462425
46,46.0,46.748380453854836,0.19212124325651594,0.08174639192502756,0.11501745508417552,0.03472923337748266,0.06558680624544627,0.08243406911656453,0.029797595415206657,0.03400798780239243,0.24456984825061284,0.11998936952657585
47,47.0,47.755485010424316,0.19500025771719937,0.07877169574294392,0.11382422648121535,0.03334913840074522,0.06529398175539237,0.07880470124847874,0.029111017778087396,0.03274037629617352,0.2544926960622136,0.11861190851755074
48,48.0,48.7543242612326,0.19872792633966063,0.07551750494138926,0.11342396551888362,0.03207356153767408,0.06655839741447299,0.07728132293861774,0.028501987726899186,0.031572122177614764,0.2611214289525654,0.11522178245222256
49,49.0,49.745736344347726,0.19874531361300338,0.07314243971214528,0.1108319358151509,0.03397383913166991,0.06508095530722649,0.07475881669532852,0.027968840803560803,0.030504972249135738,0.2674869040203606,0.11750598265241856
50,50.0,50.730549855707864,0.20474492533634947,0.0682026290921275,0.10836525532401603,0.03463118954375229,0.0644947069571133,0.07615701074602921,0.02750932016452065,0.029539487591013255,0.27104858898772266,0.11530688625735591
51,51.0,51.70957651737491,0.20368487981509087,0.0741132958255637,0.10957530469006083,0.033862252686538294,0.061715531643543445,0.07889191605177823,0.027120658387739305,0.028675156522792893,0.2720914485450045,0.11026955583188819
52,52.0,52.68360474770151,0.20548880160337196,0.07291048796800292,0.10652753754410796,0.03289773911334199,0.05813620701982733,0.0812983296091252,0.02874276466487422,0.027910506996166637,0.2722768458068684,0.1138107796743136
53,53.0,53.65339410751842,0.20668787238199676,0.07094123895180737,0.1058825900556641,0.03274215617791765,0.055832976273481535,0.07940991866435948,0.028466435053542932,0.02724321735224134,0.27597922127769525,0.11681437381129377
54,54.0,54.61967059027847,0.20494728990010222,0.07701959664552442,0.10349598388876266,0.033314428271693015,0.055288148289106526,0.08056912255652432,0.028233074052809344,0.026670224499186157,0.2728533520496841,0.11760877984660748
55,55.0,55.58312271885972,0.20253465339676263,0.07405877330932369,0.107116925236519,0.03681679000229543,0.054694596924711986,0.08048317024681885,0.02804071841162102,0.026963471171284326,0.27374194969894183,0.11554895160172139
56,56.0,56.544398407394254,0.20507476884259535,0.07693513939558962,0.10611832664207206,0.037366110283282676,0.05353698889002625,0.07683315624189872,0.027887191150435323,0.026559680228104114,0.2761131179197684,0.11357552040622769
57,57.0,57.504102543001395,0.20515431668274015,0.07639344281020925,0.10823602644806231,0.03659571319673214,0.050975656505545905,0.07441030906359399,0.02777014470386384,0.02623067157696088,0.2801523209292676,0.11408139808302409
58,58.0,58.462795239617805,0.20261491061786147,0.07431581884354908,0.1065389588684077,0.03583639868686934,0.04941814451878891,0.07157975434582603,0.027687101454910865,0.027456271434538423,0.2804760836340863,0.12407655759516195
59,59.0,59.42099071417639,0.19746769277598517,0.07952645983618899,0.10569476588529063,0.03509465164112412,0.050382520243744684,0.07014854451439358,0.02883170137402651,0.028449395935487246,0.2781491386693202,0.12625512912443898
60,60.0,60.379156734137354,0.19478140814910738,0.07987433692325993,0.10806096436827985,0.03437613278354218,0.04938870992207158,0.06717439023802514,0.03019000054932746,0.028278479786764725,0.27770811473625195,0.1301674625433698
61,61.0,61.337714584760846,0.19451945320693514,0.07639781975379542,0.10815152335629051,0.033685704483883014,0.04803118156588421,0.06822159093161204,0.030156811181196452,0.028141870455046812,0.27897665301036767,0.13371739205498875
62,62.0,62.29703950447439,0.19252962228872103,0.07446527319103452,0.10855019619585077,0.033027461969350934,0.04898166463619741,0.06998526283364642,0.030125372638066583,0.030633498822405236,0.27762276477402065,0.13407888265070644
63,63.0,63.257461537171835,0.19005552753009627,0.07605919086127817,0.11529462289698215,0.03240476908657856,0.0480526030681337,0.07153462446103198,0.030095824222869036,0.030758002400329536,0.27360198828459004,0.13214284718811056
64,64.0,64.21926675122782,0.19159557456642892,0.07757985015694194,0.11592020227489865,0.03182029780121763,0.04594929056927425,0.07137201318130933,0.030068272406962554,0.030660183533416353,0.2765733823226943,0.12846093318685609
65,65.0,65.18269877636592,0.19307386520233283,0.07840749176938824,0.11561866880092557,0.03127607066638062,0.043432043354361495,0.06947880197522661,0.030042793048577092,0.030565544717860327,0.28014181910403796,0.1279629013609092
66,66.0,66.14796061122655,0.19527668448180238,0.07673807596379799,0.11331357187694441,0.030773505538363506,0.04329524080398513,0.06851329557829458,0.030019433695544405,0.032876976632352145,0.2841321676625126,0.1250610477664028
67,67.0,67.11521665648885,0.19493193085534788,0.07801101043855047,0.11497801249710615,0.03031346186776447,0.04195874988285567,0.06591272127533895,0.029998215940859545,0.0327664595229675,0.2836564770141738,0.12747296070503547
68,68.0,68.08459493066005,0.19250203373954483,0.07606943201449227,0.11311449090798567,0.02989628794554769,0.040556171763899175,0.06424538084474585,0.029979137802234573,0.03263932952929165,0.287407350495361,0.1335903849568972
69,69.0,69.05618942810752,0.1973674558395041,0.07395246900934653,0.11111017421636125,0.02952186853609711,0.042954557245183794,0.062082076220071676,0.029962176099449754,0.03249851923969046,0.2877714791299808,0.13277922446431442
70,70.0,70.03006258152917,0.19757739957893894,0.07826179631903322,0.10836912403473303,0.03255285713022943,0.043729626921529194,0.061998541012117145,0.02994728880594892,0.032346804786652486,0.2824006428358047,0.13281591857501285
71,71.0,71.00624779379335,0.20209065016607053,0.07670844533633464,0.10556374422847269,0.03271608608925263,0.04315277757787423,0.06101099984149151,0.029934417353738682,0.03218679373105179,0.284551667356312,0.13208441831940124
72,72.0,71.98475200689319,0.20225077076514095,0.0775863136468072,0.10153422886060583,0.0329990346327489,0.0434794712489297,0.058558967541983295,0.031505368763850336,0.03202091584370064,0.28881604312183146,0.13124888557440167
73,73.0,72.96555827861411,0.20197572181128304,0.07422990539611436,0.10575955287651108,0.033065195295468926,0.041662284779596104,0.0607660421093138,0.03148047944373789,0.0318514165866476,0.28836510235547047,0.13084429934585673
74,74.0,73.94862834037681,0.2074100456508002,0.07161681965061328,0.10649948976967205,0.03329355670121778,0.03991019410939991,0.05931912971649776,0.03144327426119931,0.031680353089433386,0.28610836115330984,0.13271877589785655
75,75.0,74.93390511255946,0.2088117161765405,0.0710176980869669,0.10274112167092866,0.03454899998687168,0.03958238851670152,0.05881037770970742,0.0313953568543026,0.03150959241104626,0.2848227950081103,0.13675995357882426
76,76.0,75.92131515639825,0.2091597347254677,0.07155927027279871,0.10514457393207025,0.03421773966921912,0.04551152362481471,0.05919835496999663,0.03133827761955253,0.03134081187638739,0.2791396713494496,0.1333900419602434
77,77.0,76.91077104428919,0.20975603320198813,0.07167624839176379,0.10667831294061764,0.03387742798663963,0.04800435166269494,0.05912237877166512,0.031273523532081945,0.031175501276430533,0.27537891385075347,0.1330573083853649
78,78.0,77.90217363294813,0.21351964745992247,0.07269668037758076,0.10685832297530043,0.03353237319245169,0.04676882523498706,0.05972138238331885,0.031202509618037597,0.031014966723705052,0.2743291565429816,0.1303561354917145
79,79.0,78.89541422641172,0.21473594807704743,0.0720463540985871,0.10585139724188483,0.03508533269437267,0.045835114827745244,0.05935578029513072,0.031126571999217305,0.03086033595901507,0.27394020971358246,0.13116295509341716
80,80.0,79.89037661826481,0.21470824516576262,0.07112612371440234,0.10858535976758599,0.034723193625404644,0.04486673719112911,0.0581571701788347,0.032209465678813345,0.030712564911203936,0.27240880198972744,0.1325023377771359
81,81.0,80.88693900474995,0.21299220067284574,0.0788297994211425,0.10760008176665596,0.03645107173276654,0.04422914261100929,0.057094920122434056,0.032115722402787816,0.03219744767776127,0.2703725110218544,0.12811710257074244
82,82.0,81.88497576253909,0.2111091140583658,0.08061391183529187,0.10724306661738284,0.03731486848012881,0.0458893529414087,0.05520593673407358,0.03201019623033696,0.0322759503030505,0.273795409754104,0.12454219304585698
83,83.0,82.88435908692391,0.21011288276229023,0.07965958628854425,0.10809422884262128,0.04013280535771847,0.0470378378644506,0.05440690427499424,0.03189512071282783,0.03211991690128507,0.2728052280509757,0.12373548894429238
84,84.0,83.88496048800103,0.21164806634249173,0.07914806148205578,0.10524139944093575,0.039641358282105604,0.04543747526760954,0.056133625912704654,0.03177260153994133,0.033271126685333656,0.272972128999571,0.12473415604725105
85,85.0,84.88665214409042,0.2130838326447252,0.0763200844102626,0.1053685350577655,0.0402941927320571,0.0462607087114133,0.05708745657685116,0.031644608268944066,0.0337290801107793,0.2718160775805668,0.12439542390663506
86,86.0,85.88930811312994,0.21137358349016455,0.07543119999417228,0.11062058909488154,0.04088703091294964,0.04510600666354958,0.0560849030470507,0.031512968242357095,0.0335314294927161,0.2719395042234632,0.1235127848386954
87,87.0,86.89280540413424,0.20823818489758222,0.08031538205431044,0.10717672104716466,0.04065955827397282,0.04864296108474276,0.0552794114746786,0.03137936253600525,0.033318229641532054,0.2707977347134393,0.12419245427657197
88,88.0,87.89702491199675,0.21330526339654904,0.08055704511926472,0.10345900275162473,0.041084999272963316,0.04753319063454036,0.05343565792905378,0.03124532377492853,0.033093167479051104,0.27076064028411095,0.12552570935791355
89,89.0,88.90185221995306,0.21209455614728395,0.08449830511847965,0.09905325376734371,0.04036153210498881,0.04689529149390748,0.05359108787289225,0.031112235652210198,0.032859679858027735,0.2748074438676865,0.12472661411717977
90,90.0,89.90717827491419,0.21527383039132442,0.08611828524448889,0.09467203031515263,0.040984110075817023,0.04565219353586561,0.05116575854641699,0.030981333985241596,0.03262094420052643,0.279481170228859,0.12305034347630753
91,91.0,90.91289994163006,0.21672264059554847,0.08558578801029854,0.09686128672095148,0.0401950067800546,0.0440230700361427,0.05244182281870225,0.03203914566615159,0.032379872666769983,0.28047056335282466,0.11928080335255581
92,92.0,91.91892044225806,0.22073722532875456,0.08618745174588366,0.09729600069297016,0.03938286374606787,0.04507495759270131,0.052318503018469104,0.03190389185337833,0.032139109559721483,0.28166773529874933,0.11329226116330429
93,93.0,92.92514968840067,0.22025749846187057,0.08540954378857825,0.10098535352639068,0.03855810637801914,0.04434735238425677,0.05485327248927403,0.031763124503348616,0.03190103166778062,0.2793276269366418,0.11259708986383966
94,94.0,93.93150451304501,0.2219612391832205,0.08566232780756469,0.10121789708053996,0.03773024368299509,0.044599064006453304,0.0553298042805253,0.03161880264328839,0.03166775124835604,0.28008740713281144,0.11012546293424545
95,95.0,94.93790881009448,0.2282279616572743,0.0853596753423845,0.09795516501696423,0.04265950938509472,0.0430307439296979,0.05436944717657766,0.0314727249428013,0.031441121358390355,0.2787607581536267,0.10672289303718852
96,96.0,95.94429358933806,0.22972986224862812,0.08402693406326577,0.0998607524695832,0.04272395655534871,0.042734859195378484,0.058267035693379765,0.03132652776293491,0.03122274324383733,0.2755057937656452,0.10460153500199873
97,97.0,96.9505969547639,0.22997336423718814,0.08341155929015848,0.09932453730573824,0.04181665452682458,0.04121989464588554,0.05945647396957225,0.03118168502342581,0.03101397550830124,0.2761923890486789,0.1064094664442271
98,98.0,97.9567640140995,0.22959502888018135,0.08525021310917778,0.09559497590239809,0.040881916155884615,0.04034014852332994,0.05863232964430357,0.03103950970763336,0.03081594479123575,0.27954254113249366,0.10830739215336212
99,99.0,98.96274672736057,0.2296824721584105,0.08613302988413461,0.09756213050459556,0.04181248877546962,0.0410433163939576,0.05849011890801141,0.03090115682634382,0.03181062358303584,0.274351698840337,0.10821296412570422
100,100.0,99.96850370202192,0.22387490656883097,0.08517782145539689,0.09951858322336883,0.040839288561850595,0.04034171253836056,0.05778731340705799,0.0307676276649198,0.03162476896326131,0.27941222858351494,0.11065574903343828
101,101.0,100.97399994219691,0.22241789890989253,0.08478005857423522,0.10222540243766677,0.039855015483974965,0.038979389089501534,0.05843188812458808,0.030639775142988983,0.03144125211583162,0.2803123652650289,0.11091695485629158
102,102.0,101.97920655893245,0.215348369921449,0.08314885148534236,0.10536483617792945,0.04038520460473831,0.0388513623502029,0.061111253439189425,0.03051831012182136,0.03126167443198658,0.27991656446324154,0.11409357300409928
103,103.0,102.98410044840509,0.21804767816946063,0.08693366854739525,0.10233381637369435,0.039694495285906246,0.037578552231319555,0.06124101118592953,0.030403808501552283,0.031087437772206183,0.27635916912493375,0.1163203628076025
104,104.0,103.98866394444643,0.21923854998716225,0.08672514642745953,0.10526173423000178,0.03870672279241301,0.03819847090508487,0.06049682069698821,0.03029671895829459,0.03091975040068176,0.2718754486202871,0.11828063698162719
105,105.0,104.99288445143917,0.22396854826690857,0.08643542905401841,0.1067152757718875,0.037730660320344965,0.03797071198863165,0.05822212341638845,0.03019737117977972,0.030759634262302965,0.27080207564504344,0.11719817009469462
106,106.0,105.99675406321822,0.22718081082629143,0.08444330455822047,0.11122609381585294,0.03677489749228028,0.03888805428280511,0.05887816447151213,0.03010598446731854,0.030607933395139023,0.26577015758322836,0.11612459910735203
107,107.0,107.0002691731872,0.2292765874885468,0.0851452052766785,0.10935321500968272,0.03584696197209926,0.039255680661852685,0.058399524488183766,0.032017820889077765,0.03046532328074008,0.2641014072668908,0.11613827366624792
108,108.0,108.0034300804274,0.23037796800819896,0.08439144783631908,0.10676536539623666,0.03495335038421534,0.03850010558269271,0.058434203856495476,0.033715606179589894,0.03033232094497363,0.26701851955838624,0.1155111122528923
109,109.0,109.00624059613932,0.2339253335254677,0.08005268305085243,0.10456556723428434,0.034099566451277666,0.0374267394277528,0.05662349451016574,0.03359281034222282,0.03020929563333409,0.2724247829525354,0.1170797268721073
110,110.0,110.00870765431864,0.22991681210577755,0.08635947685639722,0.10133729691093282,0.03329016524712098,0.03638644249402935,0.05803416346083731,0.03344636598517022,0.030096479896525162,0.2719928760693688,0.11913992097384091
111,111.0,111.01084093013685,0.23019158129782585,0.08659430431525968,0.10088826126771992,0.03252880251090875,0.03538631082873795,0.05680528567048099,0.03328010240397118,0.029993980934431876,0.2753871696313108,0.11894420113935326
112,112.0,112.01265246907188,0.22848031413385975,0.08894317754512254,0.09951515287176554,0.03181828802320866,0.03443232922168832,0.05542761177491197,0.033097664156852336,0.029901792059203604,0.2763500552131185,0.12203361500026909
113,113.0,113.01415632942268,0.22764813569218695,0.09137702865374243,0.09709713715507597,0.03116064210404649,0.03352942248312676,0.05770790502950579,0.03290249309287685,0.02981980415090612,0.2791059542614176,0.11965147737711532
114,114.0,114.01536824044418,0.22806167999521912,0.09184280341580767,0.09260164899064643,0.031696839457558565,0.03746450648259127,0.05838946002227521,0.032697814204370144,0.02974781699192932,0.28010619464365016,0.11739123579595241
115,115.0,115.01630527795908,0.22653220666996352,0.09119069708784959,0.08930984577464618,0.031546025849878485,0.036626742157182354,0.05899616526961169,0.03429058982037966,0.029685550378930912,0.28481796470398146,0.11700421228757646
116,116.0,116.0169855589429,0.23022655798225966,0.08992296032832472,0.08806213355742981,0.031026468960149677,0.035806486842742506,0.05720089623641117,0.0340576136946461,0.02963265492344303,0.2891296705378035,0.11493455693679017
117,117.0,117.01742795623892,0.2329259930370776,0.08442389894756595,0.08534331611528688,0.035664317569300434,0.03661099875664819,0.05548329042906476,0.03380735904453944,0.02958872246426951,0.2915446063085851,0.11460749732766248
118,118.0,118.01765183424293,0.22795036461447074,0.08395094142730092,0.09385614640883637,0.03595281227037288,0.036233926956693606,0.05723798119536498,0.03354405626899805,0.02955329602637065,0.2911165935483149,0.11060388128327722
119,119.0,119.01767680610413,0.22671151699140923,0.07925717987870835,0.09423580292671886,0.03675453786267148,0.03759207304510756,0.056445926134493674,0.033271643208320816,0.029525879271997964,0.29341961826854857,0.11278582241202378
120,120.0,120.01752251271817,0.22469172358234002,0.08034239076974739,0.09093082841642289,0.03698760936370012,0.03836631248832052,0.05800141476627875,0.0329937550216281,0.02950594540034257,0.29170922409263184,0.11647079609858807
121,121.0,121.01720842354362,0.2207322455458585,0.07663970931191527,0.09390612507662469,0.03699498205208489,0.042861077600941155,0.06361682125564044,0.03271371810338837,0.029492945461849288,0.2882114881168413,0.11483088747485638
122,122.0,122.01675365905109,0.2160020336362941,0.07937724667686118,0.09208700838100116,0.03803684918928734,0.04281819483796718,0.06446213316160676,0.03243454769593873,0.029486316062586844,0.29076647742472406,0.11452919293373283
123,123.0,123.0161768344173,0.2160878431631535,0.07926343437511292,0.09056446444508186,0.03746122448530254,0.04385524260860917,0.06358427786822866,0.03215894885227467,0.029485486442624775,0.2912285564291279,0.1163105213304842
124,124.0,124.01549592390272,0.2241828195437485,0.07485941349636235,0.08684941283887702,0.0368685500068632,0.04336216644614425,0.06591899253379536,0.03188932040445427,0.02948988492023267,0.29067204862540086,0.11590739118412177
125,125.0,125.01472814520056,0.23197018388906332,0.07123414089901302,0.08612158252290232,0.03626645747619916,0.044138210647521166,0.06412294749333516,0.03162776159737136,0.029498944700877446,0.2894302638209531,0.11558950695276415
126,126.0,126.01388986291661,0.22843310570005618,0.07617839240274851,0.08429383389049254,0.035661909623839534,0.04312999005534293,0.06265005772534557,0.03137608105502303,0.029512109056448972,0.28933164181860793,0.11943287867209505
127,127.0,127.0129965102319,0.23681462356533595,0.07331253939020851,0.08294029039453546,0.03506119746047747,0.04209129162182909,0.059593784991319274,0.031135807756359303,0.02952883588589885,0.2904230119337521,0.11909861700028422
128,128.0,128.01206252771334,0.23243361870683166,0.07136270151052568,0.08651198161504657,0.03446994453884684,0.04464941474152613,0.05654720168078242,0.03090820370999836,0.029548601673544755,0.29421402146254216,0.1193543103603556
129,129.0,129.0111013181695,0.23131093288913068,0.07218202903729393,0.08545171822396086,0.033893117463990804,0.04398552100964208,0.055960813081253225,0.030694278031173527,0.029570904865690625,0.29414452658836,0.12280615880950448
130,130.0,130.01012521639834,0.23738146231561333,0.06837974776818953,0.09057006895100635,0.03333504192198047,0.042858670446703516,0.05336504978045798,0.03049480213991944,0.029595268689965003,0.29233124838027497,0.12168863960588959
131,131.0,131.0091454726403,0.23834828427916555,0.06658568585228819,0.09633609571748378,0.032799423514951354,0.04171591823559178,0.051153670576522196,0.03031032581639157,0.029621243444912286,0.2907313638622317,0.12239798870046172
132,132.0,132.0081722485317,0.2362063516407633,0.06804465979281071,0.1015420330825548,0.03228937271347564,0.0405702820632353,0.048329173426478564,0.030141193867052572,0.029648408289915724,0.2914971277487019,0.1217313973750116
133,133.0,133.00721462434865,0.23646690293373762,0.06642832471418478,0.10263438374664882,0.031807433265012744,0.03943350668748211,0.05045504747901339,0.029987563173976946,0.029676372567519656,0.2897989163057158,0.12331154912670823
134,134.0,134.0062806163404,0.23562480136926417,0.06485844468820878,0.10320288921593154,0.03135561342874601,0.04183963662179497,0.049097057519741,0.029849419918469115,0.029704776691688,0.29067421010429045,0.12379315044186609
135,135.0,135.00537720296956,0.23833866306438042,0.06843862426090142,0.10033023933948662,0.030935419441818483,0.041086878170953425,0.04725986161160338,0.029726596789327375,0.029733292636522628,0.29057997400189234,0.12357045068311406
136,136.0,136.00451035890612,0.2412415404442024,0.07034208848163928,0.09937575523574071,0.03193716388704669,0.03996433200655506,0.04527719989780388,0.029618790005206536,0.02976162406050857,0.288761891536367,0.12371961444493008
137,137.0,137.00368509565993,0.24006823093534413,0.07217818773440474,0.09740740469009432,0.031569016343788565,0.038854397138530984,0.04461560352187172,0.029525575999445712,0.02978950610149083,0.2901292562863264,0.12586282124870285
138,138.0,138.0029055077818,0.24426414850379607,0.06809548445896522,0.10067560304385378,0.0327861218741445,0.03957342284243505,0.04270529213550498,0.02944642763426652,0.029816704877359955,0.28910978188456005,0.12352701274511407
139,139.0,139.00217482361367,0.2449684257856422,0.06635270236002981,0.10268955070628093,0.033088731845218516,0.03849895179666442,0.04168905928033542,0.029380729829262577,0.029843016726868572,0.2924270525231952,0.12106177914650257
140,140.0,140.0014954596262,0.24449120940488367,0.06630581034154615,0.10293835962062689,0.032751680838479166,0.039048807489939066,0.042775716624739,0.029327794506466408,0.02986826722415764,0.2972730514765184,0.11521930247264384
141,141.0,141.00086907744122,0.24104012581126968,0.06689045614520109,0.10483521166991197,0.03475064344445512,0.038011507301795484,0.04276259918137158,0.029286874770885186,0.029892309999476223,0.2944040823499648,0.11812618932566905
142,142.0,142.0002966427003,0.24318824714750992,0.06695975556239298,0.10653233212133817,0.03468173880895819,0.03699782205944831,0.04401945738829484,0.02925717826115324,0.02991502539726819,0.2876899257405678,0.12075851751306861
143,143.0,142.99977848500652,0.24532333794757888,0.06637560463864318,0.11120824885647242,0.03432416683116385,0.03601552712074137,0.04224938588027658,0.029237879619782955,0.029936319001308276,0.28137841262960467,0.12395111747442802
144,144.0,143.99931435823203,0.2445419999951777,0.06636103990148377,0.10882769652646893,0.033959110382837304,0.0350713064046977,0.044337725793304625,0.029228132046351864,0.02995612005493127,0.28608173243304047,0.12163513646170651
145,145.0,144.99890350055264,0.24847494261350644,0.06292185793398669,0.10650002056561868,0.03359096847551504,0.034170794696211426,0.04722226493010683,0.029227077909800364,0.029974379802642656,0.2882642494912763,0.11965344358133567
146,146.0,145.9985446936357,0.2541025386615279,0.060212077658939045,0.1084803153900526,0.03322373107416985,0.03331862621161166,0.045893880969731154,0.029233858407806013,0.029991069777556473,0.28612464310518704,0.1194192587434184
147,147.0,146.99823632047406,0.2546257667580068,0.05915394567895758,0.10929856721661507,0.03286098010221748,0.03251848831335576,0.045333872241918025,0.029247622271933033,0.030006180057203347,0.29041590974256154,0.11653866761723151
148,148.0,147.99797642142389,0.25002687296275494,0.06590543452455078,0.10660306365573263,0.03250589442643818,0.0317731793217919,0.04628805528618511,0.029267533526928027,0.030019717508313497,0.2877643367007373,0.11984591208656778
149,149.0,148.99776274806447,0.25356064403877393,0.07213209851139643,0.10471067317140761,0.0356191940402856,0.03229616478775129,0.0451212387582182,0.02929277832115424,0.030031704039229494,0.27975720731224285,0.11747829701954043
150,150.0,149.99759281456036,0.25153980420508093,0.07967657591180252,0.10249474259634772,0.03525282965266356,0.032175997363586624,0.043417160848594115,0.02932257085274629,0.030042174876661602,0.2760479218945483,0.12003022179796843
151,151.0,150.99746394626104,0.25558570588116847,0.08108655246182957,0.1053891658506792,0.034870573407277096,0.031575878899504424,0.0417493191214465,0.02935615842265167,0.03005117688158388,0.2735150417059118,0.11682042736794754
152,152.0,151.99737332532905,0.26276019484770075,0.07939854863155255,0.10476778154480552,0.034477837052356505,0.031020013492835397,0.04238053548065375,0.02939282565134,0.030058766917198096,0.26689685417160464,0.11884664220995295
153,153.0,152.99731803323698,0.26937199292811664,0.07904963914293386,0.10228887062518847,0.03407959596240441,0.032217174640134835,0.04128793163997317,0.029431897900646098,0.030065010280078908,0.26577266243493464,0.11643522444558912
154,154.0,153.99729509002177,0.27163553725095857,0.08065963077334314,0.0995779071700326,0.03368038302182348,0.03603783644219918,0.0422985407572746,0.029472743946015123,0.030069979203870847,0.25915287234806483,0.1174145690864178
155,155.0,154.99730149022784,0.26938967139006775,0.07809273049748991,0.09611849884660587,0.033284287545082406,0.03554401551526229,0.053616099461280174,0.02951477794738709,0.030073751443244888,0.2588194797835215,0.11554668757005827
156,156.0,155.99733423551103,0.26597957643147563,0.07700323411152497,0.09855508544990302,0.03289495874056461,0.035044136525866465,0.06227825017256077,0.029557460769147996,0.030076408944249074,0.2545750202204497,0.11403586863425795
157,157.0,156.99739036391077,0.26938823125512057,0.07567378288132492,0.09419233922161843,0.03251561322909295,0.036537930888483755,0.06776865613269534,0.029600300701041332,0.030078036605710352,0.25061882613270775,0.11362628295220475
158,158.0,157.99746697583146,0.27193559847527726,0.07235088675251129,0.09561068057290557,0.03214904613647753,0.0360222523694555,0.07281218838179129,0.029642853632734917,0.0300787211349684,0.24521827826410172,0.11417949427977662
159,159.0,158.99756125680176,0.27460161138043504,0.0692746925538845,0.09337173528604004,0.03179764529175888,0.03549791917863552,0.07271365047151937,0.029684722734931793,0.03007854999995096,0.2496754522650818,0.11330402083776217
160,160.0,159.997670497107,0.27263085121432273,0.06965949189669582,0.09477279995822377,0.031463408078594504,0.034971040115111186,0.07102425233451874,0.029725557699559667,0.030077610478435754,0.2550966453056462,0.11057834291889179
161,161.0,160.99779210841066,0.27466596313075486,0.06869066968742614,0.09516686542098202,0.03314875940286836,0.03444713855678817,0.07119560253221341,0.029765053590729153,0.03007598880428771,0.2580364037257398,0.10480755514821045
162,162.0,161.99792363749984,0.27063602037621,0.06956991218408468,0.09188597517918941,0.03283336899346918,0.03393115576872958,0.07044773103871915,0.0298029493568744,0.03007376940951159,0.26381192150809507,0.10700719618511714
163,163.0,162.9980627773051,0.26835993349783377,0.06756179085001741,0.08960598072366219,0.03252118393507523,0.03342745970178954,0.0679751710541153,0.02983902605283638,0.030071034260117972,0.2657283280639316,0.11491009186062079
164,164.0,163.9982073753568,0.2704926480705801,0.06579247244819081,0.08990119415054675,0.03221500554316992,0.03293985864452562,0.06649981914943513,0.029873104818673793,0.030067862283062533,0.264226435143043,0.11799159974877255
165,165.0,164.99835543984977,0.27120240046689453,0.06936182877419739,0.0848038197174904,0.03191729493502344,0.03247161910654283,0.06554908845572571,0.029905044659740733,0.030064328880882014,0.26687549414014555,0.11784908086335763
166,166.0,165.99850514349492,0.2741766168393773,0.06846609932591835,0.08717224112915749,0.03163018243834138,0.032025487331292894,0.06290059069151445,0.02993474007010357,0.030060505530110727,0.2662010465847303,0.1174324900594538
167,167.0,166.99865482534062,0.27028804617523206,0.06735999035344417,0.08663648846416078,0.031355479366944106,0.03160371386025502,0.06288797671445442,0.029962118538729085,0.03005645945911546,0.2665238531749658,0.12332587389269929
168,168.0,167.99880299074837,0.2724877426367356,0.06528516088650092,0.08859689012347949,0.031094691809017118,0.03120808059771838,0.060473689063150406,0.029987137975104758,0.030052253400628566,0.2681211263445977,0.12269322716306719
169,169.0,168.99894830970783,0.27514931851881874,0.06424034171230675,0.08645570443565177,0.030849036088792657,0.032918407095953825,0.06072856764159819,0.030009784088091823,0.030047945413984076,0.2676186080794003,0.12198228692540196
170,170.0,169.99908961367427,0.2713020091911095,0.06505787020714215,0.09131201673500286,0.03061945557970272,0.03255788735696014,0.059222068119168414,0.030030067748899263,0.030043588771864194,0.2687130836182328,0.121141952671918
171,171.0,170.99922589110733,0.2712280093748103,0.06526752750581338,0.09415581889970562,0.030406638565724745,0.03220784071829623,0.05917453889120618,0.03004802236613696,0.030039231906237654,0.26818059065807814,0.11929178111399086
172,172.0,171.99935628188598,0.26973888098438226,0.06278068699817277,0.09815486027139703,0.03021103686748732,0.031870720336315744,0.061275650758678815,0.03006370129798952,0.0300349184081114,0.2681785631556948,0.11769098092177031
173,173.0,172.99948007076793,0.2700217998602918,0.059888472239832125,0.09842392627527162,0.03101288127152622,0.031548604789170154,0.05845819569700495,0.03515896490773845,0.030030687075716656,0.2671135449801891,0.1183429229032589
174,174.0,173.99959668005403,0.2644383638511111,0.06651999776558877,0.10293316891575614,0.03261284376699546,0.03124321474884742,0.05875296106168402,0.03511950188177973,0.03002657200580422,0.2648800064770164,0.11347336952541667
