,Unnamed: 0,Generation,Intertwine_two,Add_vertex,Delete_vertex,Invert_path_vertices,Insert_inside_vertex,Delete_inside_vertex,Replace_inside_vertex,Donate_between_routes,Trim_one_terminal_cb,Grow_one_terminal_cb
0,0.0,0.0,0.09999999999999999,0.09999999999999999,0.09999999999999999,0.09999999999999999,0.09999999999999999,0.09999999999999999,0.09999999999999999,0.09999999999999999,0.09999999999999999,0.09999999999999999
1,1.0,1.0,0.1100145984357197,0.10424476389811468,0.07624333183020912,0.1143240025604217,0.10020533710780666,0.10544451170237071,0.09822901809101751,0.09101622489919112,0.10539496249051535,0.094883248984633
2,2.0,2.0,0.10032026460541013,0.09936468330442651,0.08552092225531253,0.10154674597512699,0.09783703246022134,0.11230854547473232,0.11060275659305599,0.08832670039865695,0.10828560330089705,0.09588674563215974
3,3.0,3.0,0.10879545020411083,0.10066051288754323,0.08823288873497995,0.10701886009354211,0.0959665313167066,0.1072088594011178,0.11113257862493883,0.08432879601409148,0.09906334755356379,0.09759217516940485
4,4.0,4.0,0.09779746747533052,0.08767144022872612,0.0819230722063454,0.1101676312015605,0.08831423499482295,0.10893356500198244,0.0969730688013487,0.10645203553758338,0.11410177936431545,0.10766570518798409
5,5.0,5.0,0.10744322210450592,0.11045462379519418,0.0630077837070883,0.10428763414526343,0.09198163235928593,0.11357933879197672,0.10418818122319855,0.08370286301422272,0.11761218211418463,0.10374253874507913
6,6.0,6.0,0.09653645929620991,0.08551174792436395,0.08757115979478165,0.10631109363976836,0.09641996197024696,0.1253423101957771,0.10166040531144775,0.08821875873986569,0.11360389967691387,0.09882420345062429
7,7.0,7.0,0.0944776764590963,0.11341613533071596,0.08582481957049322,0.10680592271613223,0.08682864575417668,0.11120352502773216,0.0927316726776812,0.08428236534891734,0.11025554119645295,0.11417369591860153
8,8.0,8.0,0.10018142994830229,0.0911931701851573,0.08944963293033965,0.10478677745660274,0.08472148493326662,0.11929275550177157,0.09710413051245793,0.08657057358523365,0.114589651159306,0.11211039378756182
9,9.0,9.0,0.10374188330899925,0.11299674180475552,0.08082904968648306,0.09401637033703117,0.07552035972866214,0.1252346116369215,0.10789584462464545,0.07764567266583267,0.11159266067504633,0.11052680553162238
10,10.0,10.0,0.10703821189986613,0.09309916769514438,0.08172090353991072,0.09915115780135951,0.08254816857300921,0.12357351010738879,0.09787896045340623,0.07265760618080662,0.12685408014644992,0.11547823360265794
11,11.0,11.0,0.09150275122902173,0.09339638656696282,0.08510416625704179,0.10229516558701726,0.08656453583690063,0.12220958832067644,0.09493704850587224,0.07583565297453576,0.1247314435269296,0.12342326119504128
12,12.0,12.0,0.1164458528986635,0.091503433037705,0.07134304442516573,0.10012468195659559,0.07306211071054394,0.1268889749672376,0.08770384308581752,0.08615370828613873,0.1301119916821823,0.11666235894994963
13,13.0,13.0,0.10695341375942202,0.08405011299340234,0.07694976463254713,0.11194637376477257,0.07459554651715786,0.12874682408824029,0.0948473448142231,0.07888715992506883,0.12710481887457786,0.11591864063058757
14,14.0,14.0,0.0893268662674815,0.08719840405131793,0.07661385806325624,0.10535704675868048,0.07915182753655906,0.12213929573994989,0.09341532393354007,0.09430660829325763,0.13398991627086748,0.11850085308508924
15,15.0,15.0,0.09699755451535454,0.09552116932265542,0.08404356035897892,0.09202290470519228,0.06766887468925352,0.13174358547100973,0.10325359109710583,0.08239380591905866,0.1368785839099623,0.10947637001142836
16,16.0,16.0,0.09912114058207959,0.09566247071427883,0.08894871776063203,0.09624717448331262,0.06856605863697814,0.11493419140393508,0.10099822726375147,0.09089084903684734,0.13674900108871899,0.10788216902946549
17,17.0,17.0,0.10419003632643334,0.0850353458108521,0.07994132078236842,0.09545043174079083,0.07375649432603387,0.13829784432809186,0.09072122503721593,0.08062249640615948,0.14201898377826178,0.10996582146379193
18,18.0,18.0,0.09190674951157542,0.10174521932144551,0.08452900521908265,0.1026727779943093,0.06328085782260469,0.13146285401249957,0.0862002389072925,0.08629820564989302,0.14098805174759532,0.11091603981370154
19,19.0,19.0,0.09836110361333802,0.08906566359923886,0.09320478078203547,0.09695031476820914,0.08388802690649673,0.12332862237067799,0.09037417076840117,0.08253880172202081,0.13176096196330084,0.11052755350628049
20,20.0,20.0,0.09434989127403245,0.0925771796323576,0.0829654959708595,0.09560117056347968,0.07945380589264907,0.12945014196347052,0.10131023207888938,0.07633020052043783,0.14220610294936278,0.10575577915446074
21,21.0,21.0,0.10174435133368998,0.08902204208631187,0.09348954710633481,0.09390308197253841,0.07853134432547917,0.12140569283999907,0.10072216216263088,0.07146502091057365,0.1337507114817378,0.11596604578070398
22,22.0,22.0,0.09360778116805127,0.08932489424453631,0.07828593141225815,0.1041873374929672,0.07254730363334236,0.13847620380742579,0.11319835222578087,0.083473837034178,0.13261341866216347,0.09428494031929617
23,23.0,23.0,0.09825946552654793,0.0898866519198308,0.09984682573815191,0.09330635626150709,0.07948690017766567,0.13125974974633023,0.08792010244680899,0.09258963850849808,0.1384797078823995,0.0889646017922594
24,24.0,24.0,0.1019635949160251,0.08329339164674686,0.09520411887529838,0.10625547116597041,0.06559720772534675,0.13786248249051827,0.08997524929250322,0.07953113874132288,0.14084184032195574,0.09947550482431197
25,25.0,25.0,0.10044031832082423,0.10366108206967435,0.08184057703479929,0.10440488403494719,0.058896604372045955,0.12410984934364759,0.09739227567609092,0.08180747552900955,0.14100276091180908,0.10644417270715138
26,26.0,26.0,0.0932645213575035,0.09483969976998755,0.09671209428578828,0.09450708793431332,0.06605958452216512,0.1231142148528314,0.09461884199317125,0.08111161674365885,0.14126915521461886,0.11450318332596146
27,27.0,27.0,0.09347873196615612,0.09183649247120468,0.09030424437645218,0.10678965175470097,0.07681284875451408,0.12815448955477432,0.08931855585608003,0.08463015880256446,0.134703718624176,0.10397110783937662
28,28.0,28.0,0.09087820353729878,0.10212411713284653,0.07507485123944066,0.0977207066001507,0.06244682280134005,0.1382740521722475,0.09637620034660024,0.0835892488461271,0.14674493423569585,0.10677086308825216
29,29.0,29.0,0.09307388043776388,0.10328166522828848,0.06693760244936105,0.10613205508716479,0.052130671150303266,0.1626535155746585,0.09084321801774645,0.08046448045361261,0.1446817147783071,0.09980119682279348
30,30.0,30.0,0.07456296242156074,0.10416766329012524,0.08681752793554501,0.08703494743468441,0.08010888541718238,0.14051439817965325,0.09401189690853617,0.09272088788358734,0.12883204217340097,0.11122878835572406
31,31.0,31.0,0.0818131547122642,0.09271169923817357,0.08232390327908053,0.10007021158419953,0.07270320665480992,0.13234741166888614,0.11145888800718376,0.08443277778533512,0.1421189272166034,0.10001981985346327
32,32.0,32.0,0.08322095589699778,0.09554057471496388,0.08734710131614203,0.0900485625616583,0.07105099125069685,0.1341590766090627,0.09158325207703903,0.08294839666505922,0.1516442499240234,0.1124568389843564
33,33.0,33.0,0.08808489264589092,0.07566863190895226,0.07441007289533573,0.09279719748878357,0.07445153580854884,0.1520541168460387,0.1132022803298838,0.08940698195700661,0.13274903077022443,0.10717525934933463
34,34.0,34.0,0.078127768114955,0.09022443784793546,0.08483161224397395,0.0916179820826489,0.0684450686091672,0.14670882789466128,0.09912998073649301,0.08589085634293006,0.14059214779466556,0.114431318332569
35,35.0,35.0,0.10122475969362646,0.10354428163963143,0.0853932130252393,0.10575663285093609,0.06673476456263217,0.13811593533511762,0.09218533307120344,0.07259414442561771,0.12769345126565032,0.10675748413034496
36,36.0,36.0,0.07714152906654391,0.09749462320755173,0.09132261762025635,0.09081353909790812,0.0825891935042409,0.13088256596481157,0.08201993775212535,0.10786038783452807,0.1280521857848292,0.11182342016720433
37,37.0,37.0,0.0782978611438519,0.09876804168663247,0.07612117657009043,0.11016499831882165,0.06108068264176557,0.1484711454168984,0.10456019619992415,0.07223025146802756,0.12847778931269457,0.12182785724129283
38,38.0,38.0,0.09277906497218687,0.09456017336223463,0.0828930544097683,0.09805160871331034,0.06033437482027406,0.137193100508647,0.10418164048749586,0.07698133207484013,0.13867342234290175,0.11435222830834066
39,39.0,39.0,0.0926267639400764,0.1015588099704889,0.07667586556957746,0.0890131576481902,0.07491320159963685,0.12994518275816885,0.09788140782223057,0.08889402427234724,0.13585939889401816,0.11263218752526491
40,40.0,40.0,0.09605513523616928,0.09045496989231049,0.07684086838961753,0.10899175649595935,0.07086471489182336,0.13959084237898156,0.08974956566119593,0.08789547976575358,0.13030514576962182,0.10925152151856665
41,41.0,41.0,0.08715620993376287,0.09363078009633143,0.07063157503442735,0.10122715251568501,0.06355663383995744,0.1317894970099552,0.11455225247508274,0.08072518469048123,0.13620596616582084,0.12052474823849549
42,42.0,42.0,0.0765333302404891,0.08772196420469121,0.06842269865780527,0.09899815328493555,0.07939114024492332,0.15448165029986216,0.09280988378376138,0.08474916351949455,0.1482758452767344,0.10861617048730254
43,43.0,43.0,0.08371141470023813,0.10772787640527956,0.09153066285520256,0.08305238368116558,0.07399922677674134,0.1298966094641246,0.0971254897122579,0.0727284358142822,0.14042865810980726,0.11979924248090039
44,44.0,44.0,0.09458424301480187,0.10082664634995397,0.06594252458967678,0.09952655596738805,0.0644512078962198,0.133204208366514,0.10527734305332455,0.07069462310279828,0.15138983081582041,0.11410281684350185
45,45.0,45.0,0.08826309047288208,0.09878216678225141,0.06982866972954324,0.09245971689520213,0.07972315678526974,0.1456493988099642,0.09059688606120178,0.08412263778664264,0.13730903025940364,0.11326524641763872
46,46.0,46.0,0.08239675990377933,0.09485868361422592,0.08491960720468508,0.09499790564958799,0.054468046728157825,0.14134434211238905,0.09718957990780633,0.08435117799815162,0.15093906627223447,0.11453483060898191
47,47.0,47.0,0.1197836077275813,0.1020227994887813,0.06196481427812047,0.09627175065061969,0.06554472135807352,0.148226078952208,0.08854671540356962,0.07767433612334237,0.13902591708514625,0.10093925893255702
48,48.0,48.0,0.09881748510092705,0.10048164591010411,0.07866734145996365,0.10402639186748745,0.06770892114643136,0.14013086899612204,0.09506072372316329,0.07553731138210411,0.13324067685185942,0.10632863356183711
49,49.0,49.0,0.09532449350398349,0.09579674612384595,0.06956731374285907,0.1017973244177616,0.05933290469678615,0.13964549883934646,0.0872081361845711,0.0854201004772269,0.15035420820584255,0.11555327380777636
50,50.0,50.0,0.08133713893166523,0.09390629268239568,0.08128897103068876,0.09711926500747817,0.06608387476056203,0.14297236491182008,0.09632406235445105,0.07748559816310338,0.15716676932538404,0.10631566283245109
51,51.0,51.0,0.11166835904525603,0.08430164032804924,0.08902642160760334,0.09178507007886767,0.05839331103718829,0.14332841156041565,0.09290399326359042,0.07774469082958929,0.13416152734379383,0.1166865749056458
52,52.0,52.0,0.08169757593784961,0.10195455654419047,0.09375794799971925,0.10731061869727565,0.08964909387689814,0.13264728175267346,0.08774073173899995,0.06196759479568329,0.13641309003401467,0.1068615086226951
53,53.0,53.0,0.09532969498554494,0.10185724183070159,0.08088333602451896,0.09017432406503345,0.0707142758232059,0.130982579526623,0.08885319645358651,0.08789711676057126,0.14596637370145568,0.10734186082875821
54,54.0,54.0,0.09587731692183088,0.09089813321881807,0.06432566482830356,0.0923650862760789,0.09694439945094765,0.1316815094033658,0.09175011102677148,0.08938400648550546,0.1422867144330555,0.10448705795532229
55,55.0,55.0,0.0963944053751302,0.08689389261452904,0.08639137274708172,0.09833327393622346,0.07855371118029217,0.1348230711090435,0.07869037520163659,0.08802470506959266,0.14152650110488202,0.1103686916615882
56,56.0,56.0,0.10209774075935377,0.07849559893660903,0.08316395642565466,0.1052223141493243,0.06770344588992193,0.12924097337645477,0.11022494602063256,0.06971751821842118,0.14245975868684774,0.11167374753677968
57,57.0,57.0,0.0819496132579449,0.08671927901612762,0.08698992958817323,0.10018378194206945,0.0688013142252201,0.16165244068208665,0.09834483086174041,0.07352895579904814,0.13962538206560346,0.10220447256198562
58,58.0,58.0,0.09708585109086192,0.08924215078563248,0.08033499925753397,0.10612001735031198,0.06346064925187025,0.1553380299719292,0.08886456536306231,0.07672376534131,0.14798483175646562,0.09484513983102176
59,59.0,59.0,0.08850665290155839,0.08815409609367238,0.08768180586160615,0.10343055362025295,0.0634956231151065,0.14499043879721293,0.10215855297354678,0.09018625771306174,0.13083852299851734,0.10055749592546441
60,60.0,60.0,0.07994797303077675,0.11397569386990267,0.07660158945265545,0.0951622461972693,0.07635978193103217,0.13301986355962048,0.09440721698063187,0.07399236269036182,0.14007356838208568,0.11645970390566336
61,61.0,61.0,0.09133085983037807,0.10069202953939235,0.076257387698752,0.08760062310589742,0.06731183483760625,0.133407759742128,0.09526350611564605,0.09842529410812843,0.1531953236305683,0.09651538139150267
62,62.0,62.0,0.10632763654563253,0.08576705582434455,0.07721669442565718,0.09164880983517718,0.06641575046607198,0.12231994975425461,0.10183160737826524,0.08209234343638355,0.15229663121669904,0.11408352111751377
63,63.0,63.0,0.08564262394846481,0.10269277913830202,0.07215194101243444,0.09646974631854892,0.06935736867188227,0.12288423203074506,0.10240383096909311,0.09358514443837919,0.14780762923744456,0.1070047042347051
64,64.0,64.0,0.09500245208670358,0.09704757137787759,0.06118347143353022,0.11747500190252583,0.059793420444565794,0.1448700558650429,0.09922850907064609,0.09793425607117293,0.12914337202188847,0.09832188972604619
65,65.0,65.0,0.08777981349517436,0.09906031684426901,0.07328646882672504,0.09150231110731397,0.059689533661664476,0.14571714275340963,0.105802111303586,0.08910936119510103,0.14310674518520458,0.10494619562755145
66,66.0,66.0,0.0831268325729931,0.08202351712060323,0.06916826255175038,0.10629268700162511,0.08422244808001449,0.14548772345204156,0.10365358978979082,0.08678813504287092,0.1436794900026316,0.09555731438567841
67,67.0,67.0,0.08316631115866627,0.1073060805019306,0.10806938508334725,0.08385032757491959,0.05970442472716876,0.14365451459300532,0.09769854267885726,0.1022342668170112,0.1281978861424611,0.08611826072263218
68,68.0,68.0,0.10111364614944902,0.10719266906452293,0.07795355288328369,0.09078298801370603,0.07280981797241055,0.11786591484596806,0.09824116736337822,0.0707571994093227,0.1471074731263965,0.11617557117156181
69,69.0,69.0,0.08353045797451526,0.09817408239781752,0.07702533826950353,0.09037275891187274,0.0730612170712422,0.1435277541568661,0.09336185406106816,0.08795747751297223,0.15466678476105544,0.09832227488308631
70,70.0,70.0,0.08880595148408839,0.08616853588863518,0.07928066116035451,0.10804803750989082,0.07081026287727335,0.12422110238994974,0.10444216777301599,0.07088564238866835,0.1559606752637725,0.11137696326435072
71,71.0,71.0,0.1059447786957016,0.09491657723061768,0.07961624911752507,0.09082874244901733,0.06751867576715406,0.12600249738211117,0.09546853830320727,0.07711421033913828,0.14848019481636945,0.11410953589915766
72,72.0,72.0,0.08748625989805811,0.08981203781396982,0.07306897948550439,0.11236142340109864,0.08106576799117576,0.12198950722640237,0.10077353731263361,0.08530362057928942,0.13734522111199254,0.11079364517987492
73,73.0,73.0,0.09533184078076802,0.09630769608823636,0.07210482713518526,0.08875546907843242,0.07201708786891861,0.1423982627750843,0.09675538276387645,0.07459795879061364,0.15481368007357893,0.10691779464530557
74,74.0,74.0,0.09080596814539128,0.08070858082989071,0.07495364359646235,0.09393122646934152,0.07947613186287494,0.14884358130320316,0.09700585060994325,0.08199396508220451,0.13971791735984623,0.1125631347408416
75,75.0,75.0,0.11168577382328496,0.09401585574382637,0.06761854405114356,0.08912972297440888,0.07541483304987949,0.1368893103391865,0.09651948305950248,0.0708133006825388,0.15653647985094793,0.10137669642528058
76,76.0,76.0,0.08940035017809289,0.09834469718055854,0.07276709514377902,0.10112378131606348,0.07831551963228532,0.13335370861938978,0.08981960936966103,0.08053041738434383,0.15130366619191563,0.10504115498391002
77,77.0,77.0,0.11457738876704027,0.08470057089846554,0.07182408081687458,0.09244737019345452,0.07729157159004697,0.1380666968088688,0.08169374170236589,0.07613000604634981,0.12561569199627093,0.13765288118026225
78,78.0,78.0,0.10070718256546077,0.08464496077334772,0.09755401269903131,0.09469554198873349,0.06694160260629237,0.12469176368625554,0.09138772943530207,0.07720929207390285,0.14421985637225518,0.11794805779941822
79,79.0,79.0,0.10128502784080426,0.08834845280350333,0.07898470797934704,0.09201519503487705,0.07348716058148423,0.14286154583189342,0.10520195272018244,0.0811755766526395,0.12150159459879166,0.11513878595647657
80,80.0,80.0,0.10774819271010336,0.10275498193491842,0.08770281897934547,0.09695256770923802,0.06815043402253443,0.14406733093527155,0.07778429569519098,0.0775981455976149,0.13085110419829277,0.1063901282174897
81,81.0,81.0,0.09053857006891014,0.09069239308937015,0.0678032761783304,0.09371280754647256,0.08052885673733431,0.1349170798384425,0.0988543395870341,0.07381176125554079,0.1397525509495567,0.12938836474900792
82,82.0,82.0,0.10741712298414755,0.08829569226268547,0.10542385956017775,0.0881089588380772,0.05404625304100411,0.14105347825241804,0.10986083404958587,0.06585764669706132,0.13739213543700066,0.10254401887784163
83,83.0,83.0,0.0907404441096806,0.09265945914360163,0.08479898819122447,0.08343384901876949,0.059384359024405586,0.15048108627014106,0.09330655577473705,0.09211332382991719,0.13509640769608847,0.1179855269414339
84,84.0,84.0,0.10160871358884842,0.1058984274988187,0.07649693281911406,0.11195840200944326,0.09091781698474129,0.11621337553741755,0.10639175264903344,0.06122887637660586,0.12351255853527983,0.10577314400069718
85,85.0,85.0,0.09409731782770003,0.10482495502575129,0.08258774719769443,0.08387641349230798,0.06724056325024605,0.15031034648740405,0.09349606100922,0.08794559297668489,0.13602035740625568,0.09960064532673514
86,86.0,86.0,0.07935831719582805,0.08746230847302713,0.0878890564577101,0.0888476983946618,0.06269785121167673,0.13973002053002978,0.08887599890982957,0.08068509188546344,0.15362591746050375,0.13082773948126922
87,87.0,87.0,0.10260401902807388,0.10010853854756159,0.08461810410444515,0.07497500531837809,0.08990238198525528,0.14309156443487991,0.08584887704225647,0.064368299829823,0.1387693833835012,0.11571382632582494
88,88.0,88.0,0.0960108280630032,0.10548975445963127,0.09355534921004607,0.10457697505814409,0.0693657580644581,0.13933356973240082,0.08147215848962672,0.06437047476961853,0.13946666022176266,0.10635847193130812
89,89.0,89.0,0.09990620152586596,0.09067301095224234,0.07127295885137698,0.10419253274396363,0.07202047630873812,0.14019841567206298,0.09201542582220676,0.08002134335961657,0.13067361394028784,0.11902602082363847
90,90.0,90.0,0.09823628207992492,0.08136085815512493,0.08433221953744188,0.09028724704444997,0.05916869669866766,0.13408138031611733,0.09227313910747184,0.07853038961346728,0.1562362805390356,0.1254935069082981
91,91.0,91.0,0.09695459846051026,0.09041686782053125,0.1057952860490458,0.09043281311436409,0.05095382033777544,0.14084560020262873,0.08787154299713576,0.07460342060763461,0.14487745257923695,0.11724859783113666
92,92.0,92.0,0.0950510234973138,0.091093689852572,0.093907966945457,0.10182710411139366,0.04929108347003021,0.15956353799821194,0.08403751839241347,0.06395739149672913,0.13930697996818747,0.1219637042676909
93,93.0,93.0,0.10254065467503415,0.09877201481765771,0.08999836224117833,0.08968476727937724,0.05010527560384422,0.1375068625275443,0.09283284357909202,0.0910084401639448,0.13810749926426552,0.10944327984806128
94,94.0,94.0,0.10125952627547567,0.09810995053138824,0.08730159206435688,0.10643290316881374,0.06561720933137698,0.12835131575279218,0.10485858652122482,0.07042394281894683,0.12999568925886812,0.10764928427675617
95,95.0,95.0,0.09694923329013146,0.09401257823746854,0.07542443516605217,0.10489963237916289,0.06356434587703307,0.1588836527102359,0.09503836252818335,0.07330783594996382,0.14554541644273944,0.09237450741902893
96,96.0,96.0,0.08395468788483737,0.10028062908374938,0.06955588228719718,0.10464594936888183,0.070541537736177,0.1459451040179937,0.10464794831847886,0.07627595179801379,0.1292913937780743,0.11486091572659618
97,97.0,97.0,0.07831958004731171,0.09172307909372238,0.09310597562112431,0.09995838757876381,0.05718117301179652,0.13875750381698493,0.09411945199108471,0.07075193582283337,0.14058873655346982,0.13549417646290798
98,98.0,98.0,0.08691916424899206,0.11091997764341258,0.08243871015903667,0.09264956223019588,0.06095388698298523,0.14077853830889706,0.08356097757475503,0.07020400043903127,0.1390426519774286,0.13253253043526508
99,99.0,99.0,0.10350189840833038,0.07410805591708021,0.08090584423949962,0.1051704861696261,0.045002714232516915,0.1475283582390134,0.10621461004994555,0.07899705943782462,0.15453179337400894,0.1040391799321538
100,100.0,100.0,0.08890023242567999,0.09645424990237383,0.09870093825033947,0.08603492391847455,0.057298250689970076,0.14438948838603927,0.09821619321919675,0.08389628446589541,0.13243606265349386,0.11367337608853634
101,101.0,101.0,0.09751703353864236,0.1091424764051679,0.08514106821038234,0.09339920186789905,0.05332379617050374,0.14141392223571925,0.09940596098917738,0.06729463883509038,0.14294352160620988,0.11041838014120735
102,102.0,102.0,0.07824806627608807,0.1189950162279928,0.0900210954728559,0.06868645008100353,0.05559875051725205,0.13663552366972875,0.1102623738818465,0.07827063540766044,0.14129666917213,0.12198541929344145
103,103.0,103.0,0.09910643467586572,0.0985514594457383,0.09396281267362468,0.09692159327305072,0.05778152169744177,0.14892096307486397,0.08023235660639791,0.06362566463382727,0.14383300504246432,0.11706418887672491
104,104.0,104.0,0.09558735784827987,0.09888877029346808,0.08198669340303946,0.0987967647418754,0.06670794771382928,0.15207964015611722,0.09600929059208868,0.05902352092170009,0.14116255595293753,0.109757458376664
105,105.0,105.0,0.08477784067563651,0.11064104410932754,0.0856203423298783,0.08856559031745322,0.07018025425583695,0.12308177151201956,0.10249216326664304,0.09182067541154104,0.12699796735268354,0.11582235076897991
106,106.0,106.0,0.08738833525904798,0.08795947163863202,0.10284653583079914,0.08545593493934758,0.05844051926111463,0.15006735604836927,0.08276818132451942,0.08842363855187951,0.1434529451178283,0.11319708202846172
107,107.0,107.0,0.08502386739550818,0.1024153921982921,0.07610220960387744,0.08496830716756332,0.06679679536968378,0.1441170993398595,0.09379774571271735,0.07032845687750638,0.15833113928169718,0.11811898705329442
108,108.0,108.0,0.0853600298950648,0.11459936422657664,0.07105774069867758,0.0881369350442117,0.051444723038610654,0.1410252662131034,0.11113855393874497,0.08113896926853834,0.13941141414869343,0.1166870035277781
109,109.0,109.0,0.10126985065984775,0.09695617834746965,0.07748162684911493,0.08363372531456606,0.06349884184244026,0.14848347731708958,0.10030074416604196,0.0723983667936088,0.15020219757870396,0.10577499113111663
110,110.0,110.0,0.10191630470715587,0.09099275310680596,0.07790547530613078,0.09849830579971605,0.06402196377070804,0.14619080903027368,0.08525141721229511,0.08769461231916295,0.1392413189092853,0.10828703983846574
111,111.0,111.0,0.1019580664335322,0.08161101169047627,0.08432267245284664,0.09129179509482402,0.06892584499577467,0.13479756889181466,0.0862834295017501,0.08614067958790328,0.14161170162409503,0.1230572297269826
112,112.0,112.0,0.10304157024212304,0.10244857563846561,0.07752121390473725,0.0796271730415069,0.05749982773244737,0.13508930266551178,0.09640350000224217,0.07413161984214885,0.15413896933731536,0.12009824759350125
113,113.0,113.0,0.10080532075091271,0.10652890424312082,0.09425364729474962,0.08014860543007082,0.06933703128464999,0.15211515650972807,0.0864596817388488,0.06607236493249544,0.1421837795356397,0.1020955082797835
114,114.0,114.0,0.07726138797397247,0.09330645663699036,0.08724752996821022,0.09722235588102779,0.05745644727072442,0.15502092999274497,0.10354786974822994,0.07416613156414122,0.13472990310276795,0.1200409878611903
115,115.0,115.0,0.07160747543326043,0.09771534095214478,0.08116384994475964,0.07284214950835002,0.07003073160233866,0.14757785316683014,0.09989997477494164,0.06982062115014169,0.1665283968179645,0.12281360664926806
116,116.0,116.0,0.07236198147719815,0.10558993797888543,0.09090642674609142,0.10772854490558843,0.0690222496919615,0.13117448981171737,0.09863173081825016,0.055242702048512136,0.13949165550035064,0.12985028102144433
117,117.0,117.0,0.08909638166053387,0.09804954532087376,0.09121407279086118,0.09502725251250532,0.06003215870356845,0.14579385538450013,0.09452797673710547,0.0623012966791726,0.14876705430696402,0.11519040590391479
118,118.0,118.0,0.10149318157275873,0.08980995433923926,0.09791341919897686,0.08574149493899492,0.061804720110999,0.15403239035791624,0.10816071462705526,0.06491981465858274,0.13883354205461376,0.09729076814086292
119,119.0,119.0,0.0864406184473438,0.10773082055304635,0.08593323747123828,0.11056610145459426,0.05678354032708317,0.1314779677204032,0.08227833185964616,0.07058590868367137,0.14722991430706928,0.12097355917590376
120,120.0,120.0,0.08764596619923756,0.09468787572879997,0.09089531081582979,0.11205357016588038,0.0591142487272577,0.15365149291065192,0.10199870599590888,0.06318180612544191,0.13242760394784675,0.10434341938314476
121,121.0,121.0,0.09087179580380783,0.09260555980117105,0.0874085412634926,0.08203373188277074,0.07612742707552447,0.14850653833995356,0.09824388538452884,0.07353279206994362,0.14440855718354303,0.10626117119526375
122,122.0,122.0,0.09682399252258102,0.0760028067128624,0.09183221236200509,0.11596084117870724,0.06670771727799732,0.13847366485462873,0.08682359249224506,0.0872022688636997,0.1338021832652415,0.10637072047003152
123,123.0,123.0,0.08188170871426423,0.10644384662470965,0.0880683027473551,0.10930155568324522,0.0720603243396765,0.14160589403526563,0.07954854215341503,0.06735916533347872,0.1432185816903693,0.11051207867822015
124,124.0,124.0,0.09992593008798409,0.09259256392124506,0.09136816003395579,0.09520117268322859,0.07373968218249441,0.13077092584978747,0.09088119613867916,0.06764111369750989,0.1390841826219492,0.11879507278316595
125,125.0,125.0,0.10090345379734518,0.09623084005215497,0.09010528118670914,0.08887340861545831,0.05981892721220268,0.1353238153241152,0.10111954709734401,0.06355518259601625,0.15452181798584705,0.10954772613280676
126,126.0,126.0,0.0815785430531167,0.10741625601067498,0.06958060312729959,0.08564854083283176,0.07265420445590517,0.14514385871965968,0.09899185214991282,0.07254016764282623,0.14866560601886272,0.11778036798890996
127,127.0,127.0,0.09619305065118076,0.10870983061488419,0.08320577619741071,0.09196124385312446,0.05943407774907385,0.1434347354567242,0.08229213486624157,0.07836543905900821,0.1345434748038104,0.12186023674854116
128,128.0,128.0,0.11420147176081727,0.10546787171798397,0.07639612226169509,0.10598091699856146,0.0649413176899305,0.14816509541407594,0.07404557218659386,0.06197436194503344,0.1421758609684573,0.10665140905685067
129,129.0,129.0,0.10766595036971036,0.08651674448657465,0.08310494022608056,0.08545656509591523,0.05888432145386293,0.16176160691643612,0.07461094937214444,0.07422808655808447,0.15522663942450904,0.11254419609668179
130,130.0,130.0,0.09003666542620434,0.08956889984903516,0.08240609770481952,0.089953478641729,0.06894411338023114,0.14753183728089783,0.1019807180339815,0.08320747432657831,0.1351800243490781,0.11119069100744468
131,131.0,131.0,0.09291726455579799,0.0969687713756108,0.09298656019913915,0.07737100766160011,0.06334008466374283,0.14254877290380588,0.09384963862690902,0.0775843735555053,0.15166898375079824,0.11076454270709017
132,132.0,132.0,0.08800945817977689,0.10332256326155809,0.07462211512447806,0.10284957772666883,0.06215261846065193,0.12609991492146233,0.09838736709179786,0.06062647115233405,0.1437968484830842,0.14013306559818728
133,133.0,133.0,0.09366990106542783,0.10411734507040875,0.07781613573913818,0.09682510815263844,0.0730078202673971,0.15078432574919812,0.09027734604694498,0.0626653676944712,0.14612700978077398,0.10470964043360105
134,134.0,134.0,0.09946078779749087,0.09243332727381853,0.08735498532761915,0.09079019402636658,0.07458027023545723,0.12309900971729262,0.09998966020468121,0.06599368614119346,0.15783113555009304,0.10846694372598689
135,135.0,135.0,0.09609749464182635,0.104332582548889,0.1056914336503838,0.09953979029953923,0.04668327990896992,0.1549987308520227,0.08052269642245029,0.06725929008157919,0.1293199298437771,0.11555477175056209
136,136.0,136.0,0.10470170634686918,0.10231448625156017,0.07960490318975347,0.0736734150345561,0.06701461349980312,0.141707654064047,0.08722590557847354,0.08297048857285527,0.15453183991841613,0.10625498754366561
137,137.0,137.0,0.09222498410004633,0.10307753341925567,0.085013445572068,0.09688679391299164,0.04845385893166193,0.13711992660979017,0.09239528427464112,0.06886665138637083,0.15050118097244375,0.12546034082073018
138,138.0,138.0,0.09290300165788604,0.08005617831411418,0.09051956789779828,0.08477672688979762,0.06574110724049699,0.14384237576268472,0.08894278394941321,0.08349339361200661,0.14197230047017725,0.12775256420562459
139,139.0,139.0,0.10060233428097272,0.07201856263782315,0.08378266201542309,0.08704306711934337,0.06362978559731437,0.14469062286547416,0.10250701277126688,0.08075146970112439,0.15524582334877116,0.10972865966248624
140,140.0,140.0,0.09520366193047074,0.0917324776464893,0.0917879146122689,0.09135161502217345,0.05326701985011153,0.15428647297479392,0.08264714326948128,0.06861531856513278,0.16440709916247034,0.1067012769666074
141,141.0,141.0,0.08926256664853141,0.10796979316162225,0.10020956995757802,0.08303849946434658,0.06340588041212496,0.13633172714658387,0.10777833426733682,0.07405727013546126,0.13743206448950404,0.10051429431691032
142,142.0,142.0,0.10637900623988214,0.10765595415172628,0.06687181800516692,0.10243541951866471,0.0686501168649531,0.14106472574192666,0.09310789096160599,0.06541269038731962,0.14807324862455756,0.10034912950419665
143,143.0,143.0,0.10737057605269125,0.10467904501798841,0.08683742578770397,0.09287684416525435,0.056220482679445336,0.13367457943347338,0.08759575512078767,0.0792347317803391,0.13350584864150167,0.1180047113208145
144,144.0,144.0,0.09214778058942749,0.07563782417890197,0.09679572713733786,0.09226518067043862,0.06838268387228537,0.15444529685479458,0.07572120854776718,0.07684079279018673,0.14035746398064314,0.12740604137821668
145,145.0,145.0,0.09468154624820994,0.0866181659252926,0.09038197641297738,0.07970665792847746,0.05916762445145547,0.155388800477136,0.10426180470205233,0.07766632732586644,0.13581219727652538,0.11631489925200662
146,146.0,146.0,0.11163554389034416,0.09126435742236678,0.09276631026625862,0.09100330159645305,0.048851585326708837,0.13790984004714757,0.0836769494961414,0.06756615040642815,0.15793945454261332,0.11738650700553772
147,147.0,147.0,0.07275605782623791,0.08118237960586981,0.09815180757145095,0.07748720711577131,0.0556136316641868,0.1434159353275379,0.09077524600207186,0.09620155682394918,0.16360760822756001,0.12080856983536377
148,148.0,148.0,0.11471009380794554,0.08723157429637401,0.08993932713997539,0.09575235613347052,0.06330006068755051,0.14383359622896086,0.10479714544732892,0.05447349468577232,0.130497013636819,0.11546533793580252
149,149.0,149.0,0.08194021775711684,0.1087540581125773,0.08696031482667292,0.08639521800919855,0.05685521516782803,0.1613712963404063,0.08654157245914489,0.073424928942139,0.15017402627887863,0.10758315210603708
150,150.0,150.0,0.09274775717903287,0.09254998169987436,0.0781989281131387,0.10270770894377657,0.05573702473687462,0.14792420665156142,0.09364491027203116,0.06328210055824304,0.15642227361808522,0.11678510822738156
151,151.0,151.0,0.08664285880139201,0.09099412406134269,0.10601221122375488,0.08217949820910089,0.08051051880135246,0.13873215008063716,0.08207288896487612,0.06541392038769203,0.1526121149079395,0.11482971456191193
152,152.0,152.0,0.08557689970057206,0.10648816376371065,0.0855946153593847,0.08176984088517805,0.06670393447550611,0.13912493644024695,0.11188725564657823,0.05530763585788354,0.150120863363035,0.11742585450790424
153,153.0,153.0,0.08901837995123553,0.10405998310619849,0.07167824013426717,0.08496231296089296,0.07393921700282578,0.1399268623663857,0.09194897185880692,0.0660030141908647,0.1709335851660264,0.10752943326249594
154,154.0,154.0,0.11228737626692538,0.09048587103138366,0.08774372728130034,0.09598910895251642,0.07205948705318785,0.12231833345794192,0.10436958727527927,0.05491451754989769,0.15426404724941126,0.10556794388215596
155,155.0,155.0,0.07957162001149329,0.10466893455984945,0.07706974185754467,0.07825049301303723,0.05554082964344401,0.1485929280314882,0.10836032062721787,0.0654137225865375,0.1771934805671903,0.10533792910219711
156,156.0,156.0,0.09072817030205224,0.10840832591036151,0.08551537562205626,0.0900789353377181,0.05321658999387815,0.14771875367253057,0.0854178938399659,0.0752149100674587,0.15813558021654528,0.10556546503743283
157,157.0,157.0,0.09052226854992641,0.1012864683886759,0.09824211152664013,0.0801609739911947,0.05321812944380956,0.13343367843616694,0.10184099940159197,0.08798499853032177,0.15075272871760773,0.10255764301406445
158,158.0,158.0,0.0946946133257944,0.09115170388575433,0.085807537629882,0.0960930890592705,0.04729847757915705,0.14853964058890068,0.09170117262145272,0.06564750592532534,0.16041301569860025,0.11865324368586234
159,159.0,159.0,0.0936328765048073,0.09187248068401101,0.0882824778676363,0.07722831153371376,0.05550795186501374,0.13606183957405107,0.11188170745797346,0.07149564645434056,0.16453281081941545,0.10950389723903697
160,160.0,160.0,0.10249721615458274,0.09376278617113873,0.08520404073701657,0.0802238515494509,0.041577770718792526,0.14858789663179442,0.10143094494424824,0.06404825901689407,0.16349197386415218,0.11917526021192923
161,161.0,161.0,0.11304051135365378,0.08437779266295145,0.07171429746031184,0.08348363511673021,0.09969431520776083,0.13996289783965926,0.08310487917909681,0.07766183395265328,0.12913460397649007,0.11782523325069205
162,162.0,162.0,0.0860576292495906,0.09471081209665914,0.08095193501686715,0.09449007533171869,0.06406679420634621,0.1508749048977045,0.08232978838371303,0.06309685219061391,0.16149764075491907,0.12192356787186735
163,163.0,163.0,0.07543355770954457,0.09657299880925123,0.10910888112083746,0.10025843225268898,0.04742239092821897,0.14041873478890105,0.09353287222289909,0.07061147645305714,0.15378415302279252,0.11285650269180861
164,164.0,164.0,0.09449551362309733,0.10152687804447866,0.08176507463543359,0.0864141464384774,0.0698981419548111,0.14172399412409792,0.08767938429350138,0.07074942707865213,0.15163424743356568,0.11411319237388433
165,165.0,165.0,0.1240712913022157,0.10469172469666799,0.07260297602340707,0.10031529347786303,0.061408092675405014,0.1457188025320339,0.08500746319203493,0.05938783946281347,0.13125431318887187,0.1155422034486866
166,166.0,166.0,0.07991978744605063,0.12428448494075592,0.07753316568339423,0.07771394162472758,0.06314106401578543,0.17432012341024952,0.08809227927905651,0.0738344886319723,0.144362278637238,0.09679838633076947
167,167.0,167.0,0.09747372160350123,0.08752962927713284,0.08177493077711251,0.10203765214138505,0.06337893244519649,0.14576544582047973,0.07518122627012624,0.06980608428378791,0.1598475358001808,0.11720484158109679
168,168.0,168.0,0.09061296553640938,0.08806319195485889,0.07088800760182615,0.08822096414398678,0.08181932485740244,0.14544713535908965,0.10715796953626915,0.06458588594597867,0.14049402953334603,0.12271052553083248
169,169.0,169.0,0.09890703671586551,0.091449968966359,0.08339420540796394,0.09889624281501866,0.06966679742243741,0.14164698598573727,0.10062867479741014,0.060564979200642834,0.13830755133456124,0.11653755735400362
170,170.0,170.0,0.07486021291600933,0.09458081426920928,0.08488447399628976,0.08266292237015299,0.06187678126464119,0.13950076743675582,0.08324769360134181,0.09361357068008647,0.16171165638019708,0.12306110708531585
171,171.0,171.0,0.09365925482080234,0.09599411707590326,0.08459657056434246,0.08834213095231801,0.06232379091693961,0.15341850823107442,0.08970379367633882,0.06754562743865547,0.1483239767503416,0.11609222957328362
172,172.0,172.0,0.0916511679591194,0.09923179814831824,0.0696691364808899,0.09336485046369747,0.07518490219670095,0.14777685373007055,0.07694066256880595,0.053118646183077343,0.16600785509634944,0.12705412717297032
173,173.0,173.0,0.07685428682339338,0.08988662938331057,0.07936320863419638,0.11111010152255629,0.057614370496623615,0.15217218117368905,0.0995681168669252,0.07215294884848486,0.14127362418062525,0.12000453207019494
174,174.0,174.0,0.0767483036158467,0.09143399730550945,0.07093453744972097,0.094691231844811,0.07308262556876757,0.1471111444685849,0.09666753419286372,0.07880586190928374,0.1481809636480682,0.12234379999654339
175,175.0,175.0,0.08898796277887884,0.09559431812934485,0.07037904355540175,0.0844741022367493,0.06094207611774257,0.15126309385076414,0.10126771676368163,0.07951900618734224,0.16286152538710935,0.10471115499298485
176,176.0,176.0,0.09886880201154724,0.088323443102245,0.09086488636953946,0.11669007077864813,0.05913134867741947,0.13451634184024336,0.08739616508476132,0.06594566646456188,0.14955711999497848,0.10870615567605521
177,177.0,177.0,0.08836141548635643,0.09383334978984145,0.09962521814340576,0.09932530831402489,0.07309240733578228,0.14544964911052632,0.07247419284158187,0.06835034004668586,0.15655050429470369,0.10293761463709097
178,178.0,178.0,0.08962808467929935,0.08242027452334923,0.10745675341353562,0.06781084618252457,0.07607286409783556,0.13305066081490297,0.09852190020090687,0.07103254851244138,0.15542695142806087,0.11857911614714305
179,179.0,179.0,0.11492012525074127,0.08960806906811723,0.054911641216126905,0.08038135196664525,0.04176187430124958,0.14840601271379533,0.09301090782795436,0.0979985509536732,0.17577465608979378,0.10322681061190264
180,180.0,180.0,0.0883414831450767,0.08724578586198074,0.09796191193077203,0.09832715411285857,0.047555426452893346,0.14103456535343056,0.09922952108639425,0.06970506945764507,0.14297359623434094,0.12762548636460744
181,181.0,181.0,0.08597006596730848,0.09651448275421144,0.08512208548946436,0.0913005271246417,0.06053209052647095,0.14706881825174464,0.09338099902163055,0.07484260060288729,0.13624628133908773,0.1290220489225524
182,182.0,182.0,0.1023663232564552,0.08997940046833626,0.09174341945670042,0.08397461619801554,0.048608820996572225,0.14160826541905652,0.09647333357016871,0.0656894111423748,0.16123125708166625,0.1183251524106536
183,183.0,183.0,0.08758197778615162,0.10178819692807987,0.09792217874786181,0.09963507224460605,0.04472307640473996,0.13516914516502523,0.08685521753510705,0.0818356667034904,0.1509913234158176,0.11349814506911995
184,184.0,184.0,0.09432609000267021,0.10123927738341483,0.09064353884064671,0.08434980150525007,0.05993027325621081,0.1443742802904574,0.10319606850921041,0.06905297632165723,0.14225773940164935,0.11062995448883259
185,185.0,185.0,0.09885010513702198,0.08800283305697738,0.08300991489920459,0.09477229103819924,0.0571189241358131,0.1467296109658883,0.09206193378326182,0.06864858166567492,0.15252214566800756,0.11828365964995069
186,186.0,186.0,0.09493136859446878,0.08228358872393242,0.10505300337330792,0.08952063802957053,0.07338004160911504,0.15143438133353088,0.0781219959746815,0.06920552359095852,0.14865904310839745,0.10741041566203657
