,Unnamed: 0,Total_iterations,Intertwine_two,Invert_path_vertices,Insert_inside_vertex,Delete_inside_vertex,Replace_inside_vertex,Donate_between_routes,Trim_one_terminal_cb,Grow_one_terminal_cb
0,0.0,0.0,0.125,0.125,0.125,0.125,0.125,0.125,0.125,0.125
1,1.0,1.0,0.125,0.125,0.125,0.125,0.125,0.125,0.125,0.125
2,2.0,2.0,0.125,0.125,0.125,0.125,0.125,0.125,0.125,0.125
3,3.0,3.0,0.125,0.125,0.125,0.125,0.125,0.125,0.125,0.125
4,4.0,4.0,0.125,0.125,0.125,0.125,0.125,0.125,0.125,0.125
5,5.0,5.0,0.125,0.125,0.125,0.125,0.125,0.125,0.125,0.125
6,6.0,6.0,0.125,0.125,0.125,0.125,0.125,0.125,0.125,0.125
7,7.0,7.0,0.125,0.125,0.125,0.125,0.125,0.125,0.125,0.125
8,8.0,8.0,0.125,0.125,0.125,0.125,0.125,0.125,0.125,0.125
9,9.0,9.0,0.125,0.125,0.125,0.125,0.125,0.125,0.125,0.125
10,10.0,10.0,0.125,0.125,0.125,0.125,0.125,0.125,0.125,0.125
11,11.0,11.0,0.125,0.125,0.125,0.125,0.125,0.125,0.125,0.125
12,12.0,12.0,0.125,0.125,0.125,0.125,0.125,0.125,0.125,0.125
13,13.0,13.0,0.125,0.125,0.125,0.125,0.125,0.125,0.125,0.125
14,14.0,14.0,0.125,0.125,0.125,0.125,0.125,0.125,0.125,0.125
15,15.0,15.0,0.125,0.125,0.125,0.125,0.125,0.125,0.125,0.125
16,16.0,16.0,0.125,0.125,0.125,0.125,0.125,0.125,0.125,0.125
17,17.0,17.0,0.125,0.125,0.125,0.125,0.125,0.125,0.125,0.125
18,18.0,18.0,0.125,0.125,0.125,0.125,0.125,0.125,0.125,0.125
19,19.0,19.0,0.125,0.125,0.125,0.125,0.125,0.125,0.125,0.125
20,20.0,20.0,0.125,0.125,0.125,0.125,0.125,0.125,0.125,0.125
21,21.0,21.0,0.125,0.125,0.125,0.125,0.125,0.125,0.125,0.125
22,22.0,22.0,0.125,0.125,0.125,0.125,0.125,0.125,0.125,0.125
23,23.0,23.0,0.125,0.125,0.125,0.125,0.125,0.125,0.125,0.125
24,24.0,24.0,0.125,0.125,0.125,0.125,0.125,0.125,0.125,0.125
25,25.0,25.0,0.125,0.125,0.125,0.125,0.125,0.125,0.125,0.125
26,26.0,26.0,0.125,0.125,0.125,0.125,0.125,0.125,0.125,0.125
27,27.0,27.0,0.125,0.125,0.125,0.125,0.125,0.125,0.125,0.125
28,28.0,28.0,0.125,0.125,0.125,0.125,0.125,0.125,0.125,0.125
29,29.0,29.0,0.125,0.125,0.125,0.125,0.125,0.125,0.125,0.125
30,30.0,30.0,0.125,0.125,0.125,0.125,0.125,0.125,0.125,0.125
31,31.0,31.0,0.125,0.125,0.125,0.125,0.125,0.125,0.125,0.125
32,32.0,32.0,0.125,0.125,0.125,0.125,0.125,0.125,0.125,0.125
33,33.0,33.0,0.125,0.125,0.125,0.125,0.125,0.125,0.125,0.125
34,34.0,34.0,0.125,0.125,0.125,0.125,0.125,0.125,0.125,0.125
35,35.0,35.0,0.125,0.125,0.125,0.125,0.125,0.125,0.125,0.125
36,36.0,36.0,0.125,0.125,0.125,0.125,0.125,0.125,0.125,0.125
37,37.0,37.0,0.125,0.125,0.125,0.125,0.125,0.125,0.125,0.125
38,38.0,38.0,0.125,0.125,0.125,0.125,0.125,0.125,0.125,0.125
39,39.0,39.0,0.125,0.125,0.125,0.125,0.125,0.125,0.125,0.125
40,40.0,40.0,0.125,0.125,0.125,0.125,0.125,0.125,0.125,0.125
41,41.0,41.0,0.125,0.125,0.125,0.125,0.125,0.125,0.125,0.125
42,42.0,42.0,0.125,0.125,0.125,0.125,0.125,0.125,0.125,0.125
43,43.0,43.0,0.125,0.125,0.125,0.125,0.125,0.125,0.125,0.125
44,44.0,44.0,0.125,0.125,0.125,0.125,0.125,0.125,0.125,0.125
45,45.0,45.0,0.125,0.125,0.125,0.125,0.125,0.125,0.125,0.125
46,46.0,46.0,0.125,0.125,0.125,0.125,0.125,0.125,0.125,0.125
47,47.0,47.0,0.125,0.125,0.125,0.125,0.125,0.125,0.125,0.125
48,48.0,48.0,0.125,0.125,0.125,0.125,0.125,0.125,0.125,0.125
49,49.0,49.0,0.125,0.125,0.125,0.125,0.125,0.125,0.125,0.125
50,50.0,50.0,0.125,0.125,0.125,0.125,0.125,0.125,0.125,0.125
51,51.0,51.0,0.125,0.125,0.125,0.125,0.125,0.125,0.125,0.125
52,52.0,52.0,0.125,0.125,0.125,0.125,0.125,0.125,0.125,0.125
53,53.0,53.0,0.125,0.125,0.125,0.125,0.125,0.125,0.125,0.125
54,54.0,54.0,0.125,0.125,0.125,0.125,0.125,0.125,0.125,0.125
55,55.0,55.0,0.125,0.125,0.125,0.125,0.125,0.125,0.125,0.125
56,56.0,56.0,0.125,0.125,0.125,0.125,0.125,0.125,0.125,0.125
57,57.0,57.0,0.125,0.125,0.125,0.125,0.125,0.125,0.125,0.125
58,58.0,58.0,0.125,0.125,0.125,0.125,0.125,0.125,0.125,0.125
59,59.0,59.0,0.125,0.125,0.125,0.125,0.125,0.125,0.125,0.125
60,60.0,60.0,0.125,0.125,0.125,0.125,0.125,0.125,0.125,0.125
61,61.0,61.0,0.125,0.125,0.125,0.125,0.125,0.125,0.125,0.125
62,62.0,62.0,0.125,0.125,0.125,0.125,0.125,0.125,0.125,0.125
63,63.0,63.0,0.125,0.125,0.125,0.125,0.125,0.125,0.125,0.125
64,64.0,64.0,0.125,0.125,0.125,0.125,0.125,0.125,0.125,0.125
65,65.0,65.0,0.125,0.125,0.125,0.125,0.125,0.125,0.125,0.125
66,66.0,66.0,0.125,0.125,0.125,0.125,0.125,0.125,0.125,0.125
67,67.0,67.0,0.125,0.125,0.125,0.125,0.125,0.125,0.125,0.125
68,68.0,68.0,0.125,0.125,0.125,0.125,0.125,0.125,0.125,0.125
69,69.0,69.0,0.125,0.125,0.125,0.125,0.125,0.125,0.125,0.125
70,70.0,70.0,0.125,0.125,0.125,0.125,0.125,0.125,0.125,0.125
71,71.0,71.0,0.125,0.125,0.125,0.125,0.125,0.125,0.125,0.125
72,72.0,72.0,0.125,0.125,0.125,0.125,0.125,0.125,0.125,0.125
73,73.0,73.0,0.125,0.125,0.125,0.125,0.125,0.125,0.125,0.125
74,74.0,74.0,0.125,0.125,0.125,0.125,0.125,0.125,0.125,0.125
75,75.0,75.0,0.125,0.125,0.125,0.125,0.125,0.125,0.125,0.125
76,76.0,76.0,0.125,0.125,0.125,0.125,0.125,0.125,0.125,0.125
77,77.0,77.0,0.125,0.125,0.125,0.125,0.125,0.125,0.125,0.125
78,78.0,78.0,0.125,0.125,0.125,0.125,0.125,0.125,0.125,0.125
79,79.0,79.0,0.125,0.125,0.125,0.125,0.125,0.125,0.125,0.125
80,80.0,80.0,0.125,0.125,0.125,0.125,0.125,0.125,0.125,0.125
81,81.0,81.0,0.125,0.125,0.125,0.125,0.125,0.125,0.125,0.125
82,82.0,82.0,0.125,0.125,0.125,0.125,0.125,0.125,0.125,0.125
83,83.0,83.0,0.125,0.125,0.125,0.125,0.125,0.125,0.125,0.125
84,84.0,84.0,0.125,0.125,0.125,0.125,0.125,0.125,0.125,0.125
85,85.0,85.0,0.125,0.125,0.125,0.125,0.125,0.125,0.125,0.125
86,86.0,86.0,0.125,0.125,0.125,0.125,0.125,0.125,0.125,0.125
87,87.0,87.0,0.125,0.125,0.125,0.125,0.125,0.125,0.125,0.125
88,88.0,88.0,0.125,0.125,0.125,0.125,0.125,0.125,0.125,0.125
89,89.0,89.0,0.125,0.125,0.125,0.125,0.125,0.125,0.125,0.125
90,90.0,90.0,0.125,0.125,0.125,0.125,0.125,0.125,0.125,0.125
91,91.0,91.0,0.125,0.125,0.125,0.125,0.125,0.125,0.125,0.125
92,92.0,92.0,0.125,0.125,0.125,0.125,0.125,0.125,0.125,0.125
93,93.0,93.0,0.125,0.125,0.125,0.125,0.125,0.125,0.125,0.125
94,94.0,94.0,0.125,0.125,0.125,0.125,0.125,0.125,0.125,0.125
95,95.0,95.0,0.125,0.125,0.125,0.125,0.125,0.125,0.125,0.125
96,96.0,96.0,0.125,0.125,0.125,0.125,0.125,0.125,0.125,0.125
97,97.0,97.0,0.125,0.125,0.125,0.125,0.125,0.125,0.125,0.125
98,98.0,98.0,0.125,0.125,0.125,0.125,0.125,0.125,0.125,0.125
99,99.0,99.0,0.125,0.125,0.125,0.125,0.125,0.125,0.125,0.125
100,100.0,100.1,0.125,0.125,0.125,0.125,0.125,0.125,0.125,0.125
101,101.0,101.1,0.125,0.125,0.125,0.125,0.125,0.125,0.125,0.125
102,102.0,102.1,0.125,0.125,0.125,0.125,0.125,0.125,0.125,0.125
103,103.0,103.1,0.125,0.125,0.125,0.125,0.125,0.125,0.125,0.125
104,104.0,104.1,0.125,0.125,0.125,0.125,0.125,0.125,0.125,0.125
105,105.0,105.1,0.125,0.125,0.125,0.125,0.125,0.125,0.125,0.125
106,106.0,106.1,0.125,0.125,0.125,0.125,0.125,0.125,0.125,0.125
107,107.0,107.1,0.125,0.125,0.125,0.125,0.125,0.125,0.125,0.125
108,108.0,108.1,0.125,0.125,0.125,0.125,0.125,0.125,0.125,0.125
109,109.0,109.1,0.125,0.125,0.125,0.125,0.125,0.125,0.125,0.125
110,110.0,110.1,0.125,0.125,0.125,0.125,0.125,0.125,0.125,0.125
111,111.0,111.1,0.125,0.125,0.125,0.125,0.125,0.125,0.125,0.125
112,112.0,112.1,0.125,0.125,0.125,0.125,0.125,0.125,0.125,0.125
113,113.0,113.1,0.125,0.125,0.125,0.125,0.125,0.125,0.125,0.125
114,114.0,114.1,0.125,0.125,0.125,0.125,0.125,0.125,0.125,0.125
115,115.0,115.1,0.125,0.125,0.125,0.125,0.125,0.125,0.125,0.125
116,116.0,116.1,0.125,0.125,0.125,0.125,0.125,0.125,0.125,0.125
117,117.0,117.1,0.125,0.125,0.125,0.125,0.125,0.125,0.125,0.125
118,118.0,118.1,0.125,0.125,0.125,0.125,0.125,0.125,0.125,0.125
119,119.0,119.1,0.125,0.125,0.125,0.125,0.125,0.125,0.125,0.125
120,120.0,120.1,0.125,0.125,0.125,0.125,0.125,0.125,0.125,0.125
121,121.0,121.1,0.125,0.125,0.125,0.125,0.125,0.125,0.125,0.125
122,122.0,122.1,0.125,0.125,0.125,0.125,0.125,0.125,0.125,0.125
123,123.0,123.1,0.125,0.125,0.125,0.125,0.125,0.125,0.125,0.125
124,124.0,124.1,0.125,0.125,0.125,0.125,0.125,0.125,0.125,0.125
125,125.0,125.1,0.125,0.125,0.125,0.125,0.125,0.125,0.125,0.125
126,126.0,126.1,0.125,0.125,0.125,0.125,0.125,0.125,0.125,0.125
127,127.0,127.1,0.125,0.125,0.125,0.125,0.125,0.125,0.125,0.125
128,128.0,128.1,0.125,0.125,0.125,0.125,0.125,0.125,0.125,0.125
129,129.0,129.1,0.125,0.125,0.125,0.125,0.125,0.125,0.125,0.125
130,130.0,130.1,0.125,0.125,0.125,0.125,0.125,0.125,0.125,0.125
131,131.0,131.1,0.125,0.125,0.125,0.125,0.125,0.125,0.125,0.125
132,132.0,132.1,0.125,0.125,0.125,0.125,0.125,0.125,0.125,0.125
133,133.0,133.1,0.125,0.125,0.125,0.125,0.125,0.125,0.125,0.125
134,134.0,134.1,0.125,0.125,0.125,0.125,0.125,0.125,0.125,0.125
135,135.0,135.1,0.125,0.125,0.125,0.125,0.125,0.125,0.125,0.125
136,136.0,136.1,0.125,0.125,0.125,0.125,0.125,0.125,0.125,0.125
137,137.0,137.1,0.125,0.125,0.125,0.125,0.125,0.125,0.125,0.125
138,138.0,138.1,0.125,0.125,0.125,0.125,0.125,0.125,0.125,0.125
139,139.0,139.1,0.125,0.125,0.125,0.125,0.125,0.125,0.125,0.125
140,140.0,140.1,0.125,0.125,0.125,0.125,0.125,0.125,0.125,0.125
141,141.0,141.1,0.125,0.125,0.125,0.125,0.125,0.125,0.125,0.125
142,142.0,142.1,0.125,0.125,0.125,0.125,0.125,0.125,0.125,0.125
143,143.0,143.1,0.125,0.125,0.125,0.125,0.125,0.125,0.125,0.125
144,144.0,144.1,0.125,0.125,0.125,0.125,0.125,0.125,0.125,0.125
145,145.0,145.1,0.125,0.125,0.125,0.125,0.125,0.125,0.125,0.125
146,146.0,146.1,0.125,0.125,0.125,0.125,0.125,0.125,0.125,0.125
147,147.0,147.1,0.125,0.125,0.125,0.125,0.125,0.125,0.125,0.125
148,148.0,148.1,0.125,0.125,0.125,0.125,0.125,0.125,0.125,0.125
149,149.0,149.1,0.125,0.125,0.125,0.125,0.125,0.125,0.125,0.125
150,150.0,150.1,0.125,0.125,0.125,0.125,0.125,0.125,0.125,0.125
151,151.0,151.1,0.125,0.125,0.125,0.125,0.125,0.125,0.125,0.125
152,152.0,152.1,0.125,0.125,0.125,0.125,0.125,0.125,0.125,0.125
153,153.0,153.1,0.125,0.125,0.125,0.125,0.125,0.125,0.125,0.125
154,154.0,154.1,0.125,0.125,0.125,0.125,0.125,0.125,0.125,0.125
155,155.0,155.1,0.125,0.125,0.125,0.125,0.125,0.125,0.125,0.125
156,156.0,156.1,0.125,0.125,0.125,0.125,0.125,0.125,0.125,0.125
157,157.0,157.1,0.125,0.125,0.125,0.125,0.125,0.125,0.125,0.125
158,158.0,158.1,0.125,0.125,0.125,0.125,0.125,0.125,0.125,0.125
159,159.0,159.1,0.125,0.125,0.125,0.125,0.125,0.125,0.125,0.125
160,160.0,160.1,0.125,0.125,0.125,0.125,0.125,0.125,0.125,0.125
161,161.0,161.1,0.125,0.125,0.125,0.125,0.125,0.125,0.125,0.125
162,162.0,162.1,0.125,0.125,0.125,0.125,0.125,0.125,0.125,0.125
163,163.0,163.1,0.125,0.125,0.125,0.125,0.125,0.125,0.125,0.125
164,164.0,164.1,0.125,0.125,0.125,0.125,0.125,0.125,0.125,0.125
165,165.0,165.1,0.125,0.125,0.125,0.125,0.125,0.125,0.125,0.125
166,166.0,166.1,0.125,0.125,0.125,0.125,0.125,0.125,0.125,0.125
167,167.0,167.1,0.125,0.125,0.125,0.125,0.125,0.125,0.125,0.125
168,168.0,168.1,0.125,0.125,0.125,0.125,0.125,0.125,0.125,0.125
169,169.0,169.1,0.125,0.125,0.125,0.125,0.125,0.125,0.125,0.125
170,170.0,170.1,0.125,0.125,0.125,0.125,0.125,0.125,0.125,0.125
171,171.0,171.1,0.125,0.125,0.125,0.125,0.125,0.125,0.125,0.125
172,172.0,172.1,0.125,0.125,0.125,0.125,0.125,0.125,0.125,0.125
173,173.0,173.1,0.125,0.125,0.125,0.125,0.125,0.125,0.125,0.125
174,174.0,174.1,0.125,0.125,0.125,0.125,0.125,0.125,0.125,0.125
175,175.0,175.1,0.125,0.125,0.125,0.125,0.125,0.125,0.125,0.125
176,176.0,176.1,0.125,0.125,0.125,0.125,0.125,0.125,0.125,0.125
177,177.0,177.1,0.125,0.125,0.125,0.125,0.125,0.125,0.125,0.125
178,178.0,178.2,0.125,0.125,0.125,0.125,0.125,0.125,0.125,0.125
179,179.0,179.2,0.125,0.125,0.125,0.125,0.125,0.125,0.125,0.125
180,180.0,180.2,0.125,0.125,0.125,0.125,0.125,0.125,0.125,0.125
181,181.0,181.2,0.125,0.125,0.125,0.125,0.125,0.125,0.125,0.125
182,182.0,182.2,0.125,0.125,0.125,0.125,0.125,0.125,0.125,0.125
183,183.0,183.2,0.125,0.125,0.125,0.125,0.125,0.125,0.125,0.125
184,184.0,184.2,0.125,0.125,0.125,0.125,0.125,0.125,0.125,0.125
185,185.0,185.2,0.125,0.125,0.125,0.125,0.125,0.125,0.125,0.125
186,186.0,186.2,0.125,0.125,0.125,0.125,0.125,0.125,0.125,0.125
187,187.0,187.2,0.125,0.125,0.125,0.125,0.125,0.125,0.125,0.125
188,188.0,188.2,0.125,0.125,0.125,0.125,0.125,0.125,0.125,0.125
189,189.0,189.2,0.125,0.125,0.125,0.125,0.125,0.125,0.125,0.125
190,190.0,190.2,0.125,0.125,0.125,0.125,0.125,0.125,0.125,0.125
191,191.0,191.2,0.125,0.125,0.125,0.125,0.125,0.125,0.125,0.125
192,192.0,192.2,0.125,0.125,0.125,0.125,0.125,0.125,0.125,0.125
193,193.0,193.2,0.125,0.125,0.125,0.125,0.125,0.125,0.125,0.125
194,194.0,194.2,0.125,0.125,0.125,0.125,0.125,0.125,0.125,0.125
195,195.0,195.2,0.125,0.125,0.125,0.125,0.125,0.125,0.125,0.125
196,196.0,196.2,0.125,0.125,0.125,0.125,0.125,0.125,0.125,0.125
197,197.0,197.2,0.125,0.125,0.125,0.125,0.125,0.125,0.125,0.125
198,198.0,198.2,0.125,0.125,0.125,0.125,0.125,0.125,0.125,0.125
199,199.0,199.2,0.125,0.125,0.125,0.125,0.125,0.125,0.125,0.125
200,200.0,200.2,0.12361111111111112,0.12361111111111112,0.12361111111111112,0.12361111111111112,0.13472222222222224,0.12361111111111112,0.12361111111111112,0.12361111111111112
201,201.0,201.2,0.12361111111111112,0.12361111111111112,0.12361111111111112,0.12361111111111112,0.13472222222222224,0.12361111111111112,0.12361111111111112,0.12361111111111112
202,202.0,202.2,0.12361111111111112,0.12361111111111112,0.12361111111111112,0.12361111111111112,0.13472222222222224,0.12361111111111112,0.12361111111111112,0.12361111111111112
203,203.0,203.2,0.12361111111111112,0.12361111111111112,0.12361111111111112,0.12361111111111112,0.13472222222222224,0.12361111111111112,0.12361111111111112,0.12361111111111112
204,204.0,204.2,0.12361111111111112,0.12361111111111112,0.12361111111111112,0.12361111111111112,0.13472222222222224,0.12361111111111112,0.12361111111111112,0.12361111111111112
205,205.0,205.2,0.12361111111111112,0.12361111111111112,0.12361111111111112,0.12361111111111112,0.13472222222222224,0.12361111111111112,0.12361111111111112,0.12361111111111112
206,206.0,206.2,0.12361111111111112,0.12361111111111112,0.12361111111111112,0.12361111111111112,0.12361111111111112,0.12361111111111112,0.13472222222222224,0.12361111111111112
207,207.0,207.2,0.12361111111111112,0.12361111111111112,0.12361111111111112,0.12361111111111112,0.12361111111111112,0.12361111111111112,0.13472222222222224,0.12361111111111112
208,208.0,208.2,0.12250000000000001,0.12250000000000001,0.12250000000000001,0.12250000000000001,0.12250000000000001,0.1325,0.1325,0.12250000000000001
209,209.0,209.2,0.1202020202020202,0.1202020202020202,0.1202020202020202,0.1292929292929293,0.1202020202020202,0.1292929292929293,0.14040404040404042,0.1202020202020202
210,210.0,210.2,0.11944444444444444,0.11944444444444444,0.11944444444444444,0.12777777777777777,0.11944444444444444,0.13611111111111113,0.1388888888888889,0.11944444444444444
211,211.0,211.2,0.11694444444444445,0.11694444444444445,0.11694444444444445,0.13527777777777777,0.11694444444444445,0.13361111111111112,0.14638888888888887,0.11694444444444445
212,212.0,212.2,0.11603535353535352,0.11603535353535352,0.11603535353535352,0.14255050505050504,0.11603535353535352,0.1327020202020202,0.14457070707070707,0.11603535353535352
213,213.0,213.2,0.11527777777777777,0.11527777777777777,0.11527777777777777,0.14027777777777778,0.11527777777777777,0.13194444444444442,0.15138888888888888,0.11527777777777777
214,214.0,214.2,0.11463675213675213,0.11463675213675213,0.11463675213675213,0.14604700854700853,0.11463675213675213,0.13066239316239314,0.1501068376068376,0.11463675213675213
215,215.0,215.2,0.11344627594627595,0.11344627594627595,0.11344627594627595,0.1497100122100122,0.11344627594627595,0.13597374847374846,0.14708485958485956,0.11344627594627595
216,216.0,216.2,0.11297008547008547,0.11297008547008547,0.11297008547008547,0.1539957264957265,0.11297008547008547,0.1350213675213675,0.14613247863247864,0.11297008547008547
217,217.0,217.2,0.11200396825396826,0.11200396825396826,0.11200396825396826,0.1503968253968254,0.11200396825396826,0.13253968253968254,0.15079365079365079,0.11825396825396825
218,218.0,218.2,0.11116013071895425,0.11116013071895425,0.11116013071895425,0.14723856209150327,0.11116013071895425,0.13625816993464052,0.1548202614379085,0.11704248366013073
219,219.0,219.2,0.11041666666666668,0.11041666666666668,0.11041666666666668,0.14444444444444443,0.11041666666666668,0.13402777777777777,0.1638888888888889,0.11597222222222223
220,220.0,220.2,0.10975662194702443,0.10975662194702443,0.11501977984176126,0.14195476436188512,0.10975662194702443,0.13792999656002752,0.1608058135534916,0.11501977984176126
221,221.0,221.2,0.10975662194702443,0.10975662194702443,0.11501977984176126,0.14195476436188512,0.10975662194702443,0.13792999656002752,0.1608058135534916,0.11501977984176126
222,222.0,222.2,0.10975662194702443,0.10975662194702443,0.11501977984176126,0.14195476436188512,0.10975662194702443,0.13266683866529067,0.15495786033711728,0.1261308909528724
223,223.0,223.2,0.10805555555555554,0.10805555555555554,0.11305555555555555,0.1536111111111111,0.10805555555555554,0.1297222222222222,0.15638888888888888,0.12305555555555556
224,224.0,224.2,0.09856041619199513,0.0963381939697729,0.10110009873167766,0.1483545986177565,0.0963381939697729,0.1168895724158882,0.15222791828054985,0.19019100782258674
225,225.0,225.2,0.09798418972332015,0.0958102766798419,0.10035573122529644,0.14626482213438735,0.0958102766798419,0.11535573122529645,0.15853754940711462,0.1898814229249012
226,226.0,226.2,0.09834950016172181,0.09622184058725372,0.0961161323420106,0.15325647262188574,0.09273346849423046,0.11389021872074814,0.16296904686934371,0.1864633202028056
227,227.0,227.2,0.09784676900450406,0.09576343567117074,0.09546009896742957,0.15574367282532092,0.09227506357814748,0.11258483469681649,0.16411990225817324,0.1862062229984373
228,228.0,228.2,0.09619168668171987,0.09415087035518926,0.09250358353348384,0.15702965823397713,0.090662498262166,0.11079110996054516,0.173875441649528,0.1847951513233905
229,229.0,229.2,0.09558537397967681,0.09358537397967681,0.0918382475428952,0.15608262535398967,0.09013709811760785,0.10947942695319006,0.1788214226220223,0.18447043145094116
230,230.0,230.2,0.09421467207572684,0.09225388776200134,0.09050676132521973,0.156236646382691,0.08880561189993239,0.10760446247464502,0.18688607167004734,0.1834918864097363
231,231.0,231.2,0.09242247407764648,0.09049939715456956,0.08875227071778793,0.16381665460975806,0.08705112129250059,0.10534997186721322,0.19067237360340808,0.181435736677116
232,232.0,232.2,0.09181327510052298,0.08992648264769278,0.08417935621091117,0.1667876961468373,0.09362106392848094,0.100315518898798,0.19255000854708074,0.1808065985196759
233,233.0,233.2,0.09095808661325902,0.08910623476140715,0.08335910832462554,0.16275397654707996,0.09232462556600486,0.10943829095553233,0.1924017183327528,0.1796579588993382
234,234.0,234.2,0.090187958593131,0.08836977677494917,0.08262265033816756,0.15911835291145632,0.0911715009128802,0.10775606577330712,0.20211967630071076,0.17865401839539768
235,235.0,235.2,0.08873219785998689,0.0869464835742726,0.08119935713749099,0.1638922427208431,0.0893805606533801,0.1054725146763686,0.2073638075920023,0.17701283578565521
236,236.0,236.2,0.08809552617175119,0.08634114020683892,0.08059401377005732,0.16931596231959206,0.08844841990032552,0.1040806038083715,0.2068939590355198,0.17623037478754355
237,237.0,237.2,0.08697845409279163,0.08525431616175716,0.07950718972497554,0.17360603099260086,0.08706919819442503,0.10270138210247101,0.20988319605379493,0.17500023267718362
238,238.0,238.2,0.08396406020035133,0.08462208612258462,0.07873973318140814,0.17911788444191232,0.08609267435787872,0.1077453354223045,0.20554645587048376,0.17417177040307646
239,239.0,239.2,0.08222954919164674,0.08288757511388005,0.07700522217270357,0.17765219063750887,0.08888197287298369,0.10577272917550469,0.21347912356121598,0.17209163727455623
240,240.0,240.2,0.09080118141247252,0.08145920733470582,0.07557685439352935,0.17339818747221536,0.08702070466090903,0.10079457784654693,0.22060327405230193,0.1703460128273189
241,241.0,241.2,0.09015989161847256,0.08084592874518763,0.07489354779280669,0.17385655620795396,0.08912750224415245,0.10582355513936384,0.21699040546995887,0.16830261278210384
242,242.0,242.2,0.08980242455967115,0.08043122780510727,0.07454887486393078,0.17394497054560518,0.08822534545216608,0.10525570598347538,0.2203863770202185,0.16740507376982544
243,243.0,243.2,0.08752152536400662,0.0790612824142091,0.07324732892583699,0.17097777290046698,0.0864101196235114,0.10344403435219358,0.23198896035642189,0.16734897606335325
244,244.0,244.2,0.08729317429112868,0.07880620052069495,0.07305907408391335,0.18001414200449853,0.08620849937126965,0.10596189540052774,0.2245533269574765,0.1641036873704904
245,245.0,245.2,0.08782575757575757,0.07820454545454544,0.07418939393939392,0.1785530303030303,0.0856590909090909,0.10455303030303027,0.2226363636363636,0.16837878787878785
246,246.0,246.2,0.08565873819512229,0.07680965610511187,0.07871337578049352,0.1762731342440692,0.09264860741597328,0.09932895350742314,0.22363975484532297,0.16692777990648358
247,247.0,247.2,0.08510589856336394,0.07628325750984213,0.07783373876311425,0.18032818034789125,0.08812220882070355,0.10082784987862485,0.22515987182598057,0.16633899429047924
248,248.0,248.2,0.07619108452491062,0.07572737844322702,0.07695986039717556,0.17753656866164255,0.08725863744639613,0.09928122849619,0.23859521137906703,0.16845003065139075
249,249.0,249.2,0.07584030104912716,0.07540139655474513,0.07660907692139209,0.1772614618240357,0.08664775527301397,0.09849533614779767,0.2378907191120748,0.17185395311781324
250,250.0,250.2,0.07564207397590009,0.07522720794305653,0.07641084984816501,0.1755106966357705,0.08647356666132536,0.09802084723580876,0.24086968365353933,0.17184507404643418
251,251.0,251.2,0.07552433017394576,0.07513277416441223,0.07629310604621069,0.17427828277177773,0.08637913288268105,0.09415158599812648,0.24625704746195579,0.1719837405008901
252,252.0,252.2,0.0752793502549674,0.07491040844715255,0.0707849682324955,0.17974535432290267,0.08589221690087111,0.09386174389760096,0.24780299140774265,0.1717229665362669
253,253.0,253.2,0.07478503893049097,0.07443804620081482,0.07029065690801906,0.183908553127734,0.08517354923581419,0.09354453645705325,0.24689898738221322,0.17096063175786033
254,254.0,254.2,0.07396928817842441,0.07364360832172354,0.06947490615595249,0.18409995988660546,0.08373808571569727,0.0925468754575373,0.2522190774308719,0.17030819885318754
255,255.0,255.2,0.0730147861308264,0.07270981020787295,0.0685204041083545,0.18333713329160825,0.0822548370523961,0.087495586229604,0.26339157452388756,0.16927586845544998
256,256.0,256.2,0.07257904937284584,0.07229419417423848,0.06808466735037394,0.18075156077767246,0.08494266929462371,0.08651886463486398,0.2662779725681292,0.16855102182725223
257,257.0,257.2,0.07164223333040434,0.07137693994713343,0.06714785130793242,0.1877801680314312,0.0832266439461669,0.08502903128564714,0.26644140422946755,0.16735572792181683
258,258.0,258.2,0.07102863645245275,0.07078236894437209,0.07278425442998084,0.18561404669335083,0.08191298692190019,0.08431831626430278,0.2637426595351997,0.16981673075844075
259,259.0,259.2,0.0707886910498361,0.07056093520410273,0.07254430902736418,0.185571310224802,0.08140746227253991,0.07958546034324823,0.27010088013115696,0.1694409517469497
260,260.0,260.2,0.0701925222221351,0.07110637990003774,0.07746284608201615,0.1877486728255572,0.08019428472488903,0.07885109623781708,0.26684504619748445,0.16759915181006305
261,261.0,261.2,0.06992796590380305,0.07085936744135479,0.07719828976368409,0.18558137051180182,0.08411393893287276,0.07837461518010033,0.26659803373880153,0.16734641852758148
262,262.0,262.2,0.06967661783666552,0.07062510754920018,0.07694694169654655,0.1893343424889015,0.08077183590346323,0.07674908301465096,0.26883020284248765,0.16706586866808423
263,263.0,263.2,0.06962830865792155,0.0705767983704562,0.07101627957662611,0.1933440043246503,0.08072352672471927,0.07443024243494081,0.2733115896000892,0.16696925031059634
264,264.0,264.2,0.06917570430098025,0.0701408440301649,0.07023687783406389,0.20191905305861652,0.07996077499880706,0.06990178115662918,0.2731350174585609,0.16552994716217706
265,265.0,265.2,0.06865267725069832,0.06963404547712412,0.06942145312296324,0.19944025241907198,0.07900773263110142,0.0693063301213189,0.27428708989641803,0.17025041908130373
266,266.0,266.2,0.06817290663708837,0.06917009764832432,0.06867852461461646,0.20215521875602843,0.07813817676511461,0.06875734827891364,0.2754311532432985,0.1694965740566155
267,267.0,267.2,0.06784059112617162,0.06885321423617301,0.07042954243703306,0.20532378673483542,0.07752095099379742,0.0703588322137011,0.27076426292531164,0.1689088193329766
268,268.0,268.2,0.06728813399404925,0.06831581281016325,0.0695964730600127,0.20386112095020864,0.07646357146160265,0.0697037837288678,0.2768876878988272,0.16788341609626845
269,269.0,269.2,0.06603510896540155,0.06823938059738402,0.06942873914474598,0.20452914617286386,0.07719456955257296,0.06946315682116025,0.2787468332476938,0.16636306549817734
270,270.0,270.2,0.06584245701443373,0.06802276734081147,0.06927439158601516,0.20876937386348632,0.07702902881898306,0.07031235818244812,0.27916855240282656,0.16158107079099537
271,271.0,271.2,0.06549193123718909,0.06768624716580775,0.06870741559232033,0.20646898355182194,0.08087926546231508,0.06987101620450935,0.27975884601461676,0.16113629477141939
272,272.0,272.2,0.06500013630903416,0.06717067894469306,0.06801462906265734,0.20573370046423634,0.08423125122265665,0.0692918910659052,0.2799488958968231,0.16060881703399393
273,273.0,273.2,0.06471551958345324,0.06686279759280023,0.06772742668743195,0.20541441221858364,0.08384400479139872,0.0689232371532398,0.2822173173271153,0.16029528464597695
274,274.0,274.2,0.06443993918864152,0.06656444511749526,0.06744997263345756,0.20562805466751435,0.08455843592696857,0.06856673344701472,0.28279551344824544,0.15999690557066232
275,275.0,275.2,0.06388423506637556,0.06598644601237047,0.0667118877342595,0.20582690966020917,0.08324835077427523,0.06793305335386103,0.2870927066373836,0.1593164107612651
276,276.0,276.2,0.06362843633291965,0.06574313167342144,0.06625448173315858,0.20972564734538487,0.0825050364353262,0.0676020709845204,0.28537247780468117,0.15916871769058755
277,277.0,277.2,0.06328744508179988,0.0716414566616179,0.06572597429452263,0.20934392220682546,0.08161391028326509,0.0671885439828988,0.28236576595447566,0.1588329815345944
278,278.0,278.2,0.06291124789288619,0.07107938292181251,0.06517485943069126,0.20739025396805796,0.08061686830325888,0.0667423241580323,0.2877850209616776,0.1583000423635832
279,279.0,279.2,0.06255584731191441,0.07055054079047884,0.06465585539664234,0.21032472180105258,0.07968149522503859,0.06631928817212945,0.2881131747343172,0.15779907656842637
280,280.0,280.2,0.062272554300099495,0.06901832120159498,0.06424940967546784,0.2110241700840904,0.07884370037068941,0.06595919024479995,0.2913780209701116,0.15725463315314608
281,281.0,281.2,0.06183761953243233,0.06840869569647798,0.06370360143509803,0.2089798540446089,0.07896322339716663,0.0654612897451983,0.2959035265168834,0.15674218963213424
282,282.0,282.2,0.06152865135057134,0.06909490741626749,0.06339900520129985,0.21061651107198393,0.07848667320221021,0.06509140438700858,0.29329186716526096,0.15849098020539737
283,283.0,283.2,0.06116686315526757,0.06860366251468189,0.06293433627354714,0.21196975033359272,0.07773118060641086,0.06467065103405543,0.29472432416678435,0.15819923191565985
284,284.0,284.2,0.06094864371429855,0.06828463662209996,0.06258798797659362,0.21089754185125992,0.07714306542733727,0.06438458898793038,0.29786261353077387,0.1578909218897063
285,285.0,285.2,0.05963398349484002,0.06788335869009149,0.06219385641761614,0.20969262785230183,0.08051593444766725,0.06405648703233749,0.29605105318724523,0.15997269887790044
286,286.0,286.2,0.060457790983500126,0.0676012856822231,0.06198261209595011,0.21145763843208934,0.08020208326461124,0.06378520890719135,0.2947912501186177,0.15972213051581682
287,287.0,287.2,0.06018468250197344,0.06726610901197137,0.05868595801217752,0.21279937692002152,0.07977563432985905,0.06448070394085201,0.29608040490771326,0.16072713037543176
288,288.0,288.2,0.06005634025598412,0.06700942451999277,0.05855761576618821,0.21338048208936197,0.07921235447246154,0.0643523616948627,0.29698949581680417,0.1604419253843444
289,289.0,289.2,0.05987023804580362,0.06671168231581932,0.05834747509446923,0.2105251581857804,0.0786248040373034,0.06411599832174497,0.30162878072509025,0.16017586327398856
290,290.0,290.2,0.05963384266805577,0.06636953837855866,0.05808776969341136,0.21138306408615448,0.07795020838240926,0.06383081848808674,0.3029967850462366,0.15974797325708692
291,291.0,291.2,0.059482477298488455,0.06619293926105126,0.057913790122125386,0.21233497711968705,0.07768329767831998,0.0636320823459869,0.3033456090289014,0.15941482714543936
292,292.0,292.2,0.05938930978342246,0.06329784230499244,0.05779867352892065,0.2121843861993534,0.07753230846636891,0.06349289821433404,0.30704992325660435,0.15925465824600346
293,293.0,293.2,0.05931751135996164,0.062173168185798766,0.05770556223248456,0.2133849238014256,0.07739557497797302,0.06336704573681917,0.3076392600489006,0.15901695365663648
294,294.0,294.2,0.05926059291682649,0.06212558506753294,0.05762793985560201,0.21108173790810617,0.07734799185970717,0.06604460881738375,0.3074839075070759,0.15902763606776543
295,295.0,295.2,0.05912999392410741,0.06200414358397136,0.057477220138536844,0.2110170037533053,0.07460066868049645,0.06579682773379836,0.3110105488599709,0.15896359332581314
296,296.0,296.2,0.05756294587334447,0.060446080259174285,0.05589061027243745,0.2199489833711,0.07275811033436226,0.06411769060371696,0.30701490408363724,0.16226067520222717
297,297.0,297.2,0.057289004961173694,0.06016034182783766,0.05562856494456929,0.21765942223224144,0.0722024663699622,0.0637260974505553,0.31146060318141966,0.16187349903224055
298,298.0,298.2,0.05604661487670639,0.05889527693589477,0.05436766319775471,0.22539818140218598,0.0709060731572173,0.062444892524984044,0.31151688669995303,0.16042441120530365
299,299.0,299.2,0.06316789246510937,0.05794424117675504,0.05339011468733158,0.22178478631402024,0.06995503739807757,0.06144756046954801,0.31278290890787125,0.15952745858128675
300,300.0,300.2,0.06146512972918446,0.05696875116810286,0.05244758586953534,0.2193526137939145,0.06972313713301513,0.060372901788556435,0.3211515198607783,0.15851836065691288
301,301.0,301.2,0.061283264115540824,0.055002796619249915,0.05226843406110682,0.22263535278138086,0.06925776511995106,0.06006617983091813,0.32121037090406906,0.15827583656778316
302,302.0,302.2,0.06112118041225508,0.054811592356849445,0.05210911404724754,0.22494310629941322,0.06882456596734625,0.05982661041226438,0.3202790290903033,0.15808480141432063
303,303.0,303.2,0.060933667561437775,0.05459552439466721,0.05192440944009904,0.2246785601356594,0.06831699962453927,0.05835987055782514,0.3234414877320185,0.1577494805537535
304,304.0,304.2,0.060866470352183975,0.05452832718541341,0.05185721223084523,0.22407378525237515,0.0680383859247992,0.058211133052685285,0.3248239429530839,0.15760074304861366
305,305.0,305.2,0.060786136914627906,0.054447993747857325,0.051761056008479044,0.22501920906823827,0.06775603228522295,0.058052283360142364,0.3247353952593612,0.15744189335607076
306,306.0,306.2,0.0523461597364271,0.054341349902989854,0.05163898006484613,0.23486212398537681,0.06739770637178524,0.05786997055540918,0.32270610428477936,0.15883760509838604
307,307.0,307.2,0.0513319816563361,0.05429804560930662,0.051580620065050285,0.23622893732440048,0.06729790490296077,0.05782666626172596,0.32278278631336993,0.15865305786684974
308,308.0,308.2,0.05057153452088512,0.061200905150255745,0.050814815336455085,0.23390247257784874,0.0664991214267329,0.057928913523691394,0.32201503469345455,0.15706720277067632
309,309.0,309.2,0.049921419160549575,0.0599647092038396,0.0501595143986448,0.23884857895727457,0.0658032185206098,0.05722520233389794,0.32166807829851307,0.1564092791266704
310,310.0,310.2,0.04934487907799077,0.05891197864509033,0.0495689687138451,0.243392900882378,0.06498701975326712,0.056576872520837665,0.32159304311483855,0.1556243372917522
311,311.0,311.2,0.04880372928204087,0.057918223278610334,0.050134234864411306,0.24462874669814508,0.06434806425451066,0.05598379975797646,0.3232392188880279,0.15494398297627715
312,312.0,312.2,0.05039577697034022,0.056979697184967024,0.0495818643428772,0.2389517982479233,0.06371716515551842,0.05539731748589942,0.33084156457201513,0.15413481604045903
313,313.0,313.2,0.04990561742151702,0.05821145953055064,0.049075352079225774,0.2355164094693465,0.06313413486546,0.05485730824277307,0.3359186306870742,0.15338108770405254
314,314.0,314.2,0.049476072981609845,0.057533843670959484,0.04866567804517287,0.23812188482103683,0.06252353477907165,0.05440438839379622,0.3364666217609694,0.1528079755473834
315,315.0,315.2,0.04909313201998727,0.056930261821402796,0.04831381506038277,0.2398906457989566,0.06196642275042088,0.05399856937223313,0.33752154676734614,0.15228560640927022
316,316.0,316.2,0.04868459031751589,0.05628192420056405,0.047922407081648445,0.24136825587908514,0.06339020366492026,0.053567631253188405,0.3351301250153231,0.15365486258775451
317,317.0,317.2,0.04836653380402592,0.05486070723097247,0.04762039132994229,0.24004880768308903,0.06291528440633229,0.05322764491513704,0.33405863316867646,0.15890199746182437
318,318.0,318.2,0.048170400252913206,0.054635980544181596,0.04745851532558154,0.2396945430625373,0.06252584762629841,0.0530060271642282,0.33594909795313954,0.15855958807111994
319,319.0,319.2,0.047749889284801415,0.05489897995992595,0.04706020257513616,0.2408114405520867,0.061874599203074046,0.05253901768217724,0.3374065661617859,0.1576593045810124
320,320.0,320.2,0.05158453636384121,0.05438303416233899,0.04674116488673113,0.23779824909830194,0.06136019146558326,0.05218595875097788,0.33908969264195904,0.1568571726302663
321,321.0,321.2,0.05139388639928336,0.05415700972844443,0.04657086960258235,0.2379651189846129,0.060993911325395236,0.05383691690835161,0.33857544370972115,0.15650684334160864
322,322.0,322.2,0.051208594746638206,0.053937069975113425,0.04640502331806678,0.24086219074806028,0.06063853075266116,0.05357235136039482,0.34137533199489717,0.15200090710416791
323,323.0,323.2,0.0508209515579207,0.05351575675272589,0.04616340697430181,0.24056017528019052,0.06441755423061032,0.053297902824475926,0.33960870490263473,0.15161554747713998
324,324.0,324.2,0.05046056519293637,0.05312290285527403,0.04593664023833914,0.24152425001621203,0.06316431072276885,0.053039481374793716,0.3387357265800817,0.15401612301959394
325,325.0,325.2,0.05009262825925879,0.052723360359017424,0.04569922931413718,0.24447846744334933,0.06276476822651224,0.052771253670722086,0.3377019271991666,0.1537683655278361
326,326.0,326.2,0.04990072478745246,0.052508595816376125,0.0464278814988197,0.24465189022854922,0.06242469040066292,0.05250606291910638,0.3389847704595988,0.1525953838894342
327,327.0,327.2,0.04972990006604385,0.05230726003470817,0.046275874077097205,0.24484342241085155,0.062102362483483775,0.05226379185031044,0.3402254445853685,0.15225194449213625
328,328.0,328.2,0.04585986673795195,0.05211094540282372,0.04612757180237616,0.24768225192272983,0.06178915714441056,0.05202778134157114,0.3424838705644897,0.15191855508364677
329,329.0,329.2,0.04723223246548279,0.05165489688814721,0.045850552404009606,0.24455270701504173,0.06122011427945155,0.051665493908090034,0.3463615227601372,0.15146248027963957
330,330.0,330.2,0.04708425007605331,0.05153423690308932,0.0457392259851276,0.24534853129115422,0.060948756809412516,0.05150020449200774,0.346777719892474,0.15106707455068108
331,331.0,331.2,0.04689688336343613,0.05119727644462391,0.04553420703008752,0.2465143849256135,0.060597995938743564,0.05126940727637117,0.34735048388380657,0.15063936113731743
332,332.0,332.2,0.046745054009828514,0.05093050456228067,0.04721753980245043,0.2470857846978348,0.0602921004257274,0.05110089735562427,0.3462717575735047,0.15035636157274895
333,333.0,333.2,0.046637888238009614,0.05087622086343903,0.04714562252928326,0.24839902570516137,0.060067559794062086,0.05239003563399264,0.344329580811073,0.15015406642497878
334,334.0,334.2,0.04650878001345288,0.04743938094405381,0.04705133756535621,0.2505399098389752,0.05982462332929618,0.05222603573070861,0.3466126992762507,0.14979723330190614
335,335.0,335.2,0.046209385672480244,0.047135815280053915,0.04677539508382862,0.24763017532587656,0.05927828839833349,0.051870806172883775,0.3518092801219168,0.1492908539446265
336,336.0,336.2,0.04597848539115423,0.04692895346026637,0.046559779477759286,0.24737253731378744,0.05883937856148095,0.05160655925061915,0.3538698315886105,0.14884447495632197
337,337.0,337.2,0.04575735709990835,0.04673113519233052,0.047230258108937814,0.2461865533988638,0.058419446880642226,0.05050535961775924,0.35372597205335826,0.1514439176481995
338,338.0,338.2,0.04550415177534993,0.04647205809883131,0.04702940268048161,0.2463067518464681,0.057947486387253465,0.050221261291221064,0.3555767660612631,0.1509421218591312
339,339.0,339.2,0.04608521426828827,0.04621372513209325,0.04681165278110448,0.2471237354620981,0.05748486650003284,0.04993875635134402,0.3558911652962678,0.1504508842087711
340,340.0,340.2,0.0459184600201224,0.04608959662987794,0.04666464098369466,0.2457051200817185,0.057143162983955796,0.04976223666121362,0.35862164274248676,0.15009513989693016
341,341.0,341.2,0.04567504844911594,0.04584561889636622,0.04645392262924401,0.24648069943422263,0.05671103918207637,0.04948090449612413,0.35851328159696705,0.15083948531588343
342,342.0,342.2,0.04543946742146926,0.04560925293413172,0.046250027017528735,0.24375876600190877,0.057113210495446896,0.04920817418148653,0.36227062138052374,0.15035048056750416
343,343.0,343.2,0.04521127271265605,0.04538006912844663,0.04605255425877429,0.2445200121865599,0.05670281211706646,0.048943577189419524,0.36331251424424743,0.14987718816282952
344,344.0,344.2,0.04505536545693763,0.04524265180777227,0.045897246759354283,0.2453349075768601,0.05642572467167469,0.04877289100822517,0.36372076760817246,0.1495504451110033
345,345.0,345.2,0.04409191666310292,0.04592321672360446,0.046951837512753024,0.24490193699778412,0.05751012476247471,0.0486079305293879,0.36277812267864173,0.14923491413225096
346,346.0,346.2,0.04636729246368641,0.045799128480888296,0.04679573114921461,0.24232328596023306,0.05731778999954982,0.04845572509535629,0.3640574346870298,0.14888361216404158
347,347.0,347.2,0.04615607090325733,0.04566129592408076,0.04662633302852194,0.24360840603897532,0.05619347703248556,0.04827232061860144,0.3649929081353592,0.14848918831871824
348,348.0,348.2,0.04590739119036599,0.04545023160756974,0.04643847978096891,0.24426775200293083,0.05582103603116369,0.04803637410128219,0.3651910163016807,0.1488877189840377
349,349.0,349.2,0.045658997306828195,0.04523717288500378,0.046233191445204755,0.24445630493327936,0.05625175217544513,0.04779910359776875,0.3647431517905378,0.14962032586593205
350,350.0,350.2,0.045431165508226956,0.04504255425005048,0.04605922700465427,0.24488424659069338,0.05592557427849779,0.04759397933940661,0.3636812166038553,0.1513820364246151
351,351.0,351.2,0.045204339973118936,0.044846964586955564,0.045885251881846056,0.24546483960677762,0.05671282899456519,0.047375148771922365,0.3610218405817397,0.15348878560307438
352,352.0,352.2,0.04504920178682574,0.04476779821141739,0.04577456971901929,0.2457204132847389,0.056456095276794516,0.047254893043133114,0.36054564984036774,0.15443137883770308
353,353.0,353.2,0.044873253193092766,0.04458778596566126,0.04560186413281146,0.24602296314387714,0.0562119356255252,0.04706854797767327,0.36156933070219993,0.1540643192591588
354,354.0,354.2,0.04465605482614143,0.04439655501625402,0.04541778088928107,0.24603980514742027,0.05586609781913018,0.04685573111884098,0.3619194380712849,0.15484853711164695
355,355.0,355.2,0.04444478598788995,0.044209742424295456,0.0452379629116888,0.24527586991126382,0.05629818804807886,0.046647881272826666,0.36349126668258347,0.15439430276137278
