Total_iterations,Unnamed: 0.1,Intertwine_two,Invert_path_vertices,Insert_inside_vertex,Delete_inside_vertex,Replace_inside_vertex,Donate_between_routes,Trim_one_terminal_cb,Grow_one_terminal_cb
0,0.0,0.125,0.125,0.125,0.125,0.125,0.125,0.125,0.125
1,1.0,0.125,0.125,0.125,0.125,0.125,0.125,0.125,0.125
2,2.0,0.125,0.125,0.125,0.125,0.125,0.125,0.125,0.125
3,3.0,0.125,0.125,0.125,0.125,0.125,0.125,0.125,0.125
4,4.0,0.125,0.125,0.125,0.125,0.125,0.125,0.125,0.125
5,5.0,0.125,0.125,0.125,0.125,0.125,0.125,0.125,0.125
6,6.0,0.125,0.125,0.125,0.125,0.125,0.125,0.125,0.125
7,7.0,0.125,0.125,0.125,0.125,0.125,0.125,0.125,0.125
8,8.0,0.125,0.125,0.125,0.125,0.125,0.125,0.125,0.125
9,9.0,0.125,0.125,0.125,0.125,0.125,0.125,0.125,0.125
10,10.0,0.125,0.125,0.125,0.125,0.125,0.125,0.125,0.125
11,11.0,0.125,0.125,0.125,0.125,0.125,0.125,0.125,0.125
12,12.0,0.125,0.125,0.125,0.125,0.125,0.125,0.125,0.125
13,13.0,0.125,0.125,0.125,0.125,0.125,0.125,0.125,0.125
14,14.0,0.125,0.125,0.125,0.125,0.125,0.125,0.125,0.125
15,15.0,0.125,0.125,0.125,0.125,0.125,0.125,0.125,0.125
16,16.0,0.125,0.125,0.125,0.125,0.125,0.125,0.125,0.125
17,17.0,0.125,0.125,0.125,0.125,0.125,0.125,0.125,0.125
18,18.0,0.125,0.125,0.125,0.125,0.125,0.125,0.125,0.125
19,19.0,0.125,0.125,0.125,0.125,0.125,0.125,0.125,0.125
20,20.0,0.125,0.125,0.125,0.125,0.125,0.125,0.125,0.125
21,21.0,0.125,0.125,0.125,0.125,0.125,0.125,0.125,0.125
22,22.0,0.125,0.125,0.125,0.125,0.125,0.125,0.125,0.125
23,23.0,0.125,0.125,0.125,0.125,0.125,0.125,0.125,0.125
24,24.0,0.125,0.125,0.125,0.125,0.125,0.125,0.125,0.125
25,25.0,0.125,0.125,0.125,0.125,0.125,0.125,0.125,0.125
26,26.0,0.125,0.125,0.125,0.125,0.125,0.125,0.125,0.125
27,27.0,0.125,0.125,0.125,0.125,0.125,0.125,0.125,0.125
28,28.0,0.125,0.125,0.125,0.125,0.125,0.125,0.125,0.125
29,29.0,0.125,0.125,0.125,0.125,0.125,0.125,0.125,0.125
30,30.0,0.125,0.125,0.125,0.125,0.125,0.125,0.125,0.125
31,31.0,0.125,0.125,0.125,0.125,0.125,0.125,0.125,0.125
32,32.0,0.125,0.125,0.125,0.125,0.125,0.125,0.125,0.125
33,33.0,0.125,0.125,0.125,0.125,0.125,0.125,0.125,0.125
34,34.0,0.125,0.125,0.125,0.125,0.125,0.125,0.125,0.125
35,35.0,0.125,0.125,0.125,0.125,0.125,0.125,0.125,0.125
36,36.0,0.125,0.125,0.125,0.125,0.125,0.125,0.125,0.125
37,37.0,0.125,0.125,0.125,0.125,0.125,0.125,0.125,0.125
38,38.0,0.125,0.125,0.125,0.125,0.125,0.125,0.125,0.125
39,39.0,0.125,0.125,0.125,0.125,0.125,0.125,0.125,0.125
40,40.0,0.125,0.125,0.125,0.125,0.125,0.125,0.125,0.125
41,41.0,0.125,0.125,0.125,0.125,0.125,0.125,0.125,0.125
42,42.0,0.125,0.125,0.125,0.125,0.125,0.125,0.125,0.125
43,43.0,0.125,0.125,0.125,0.125,0.125,0.125,0.125,0.125
44,44.0,0.125,0.125,0.125,0.125,0.125,0.125,0.125,0.125
45,45.0,0.125,0.125,0.125,0.125,0.125,0.125,0.125,0.125
46,46.0,0.125,0.125,0.125,0.125,0.125,0.125,0.125,0.125
47,47.0,0.125,0.125,0.125,0.125,0.125,0.125,0.125,0.125
48,48.0,0.125,0.125,0.125,0.125,0.125,0.125,0.125,0.125
49,49.0,0.125,0.125,0.125,0.125,0.125,0.125,0.125,0.125
50,50.0,0.125,0.125,0.125,0.125,0.125,0.125,0.125,0.125
51,51.0,0.125,0.125,0.125,0.125,0.125,0.125,0.125,0.125
52,52.0,0.125,0.125,0.125,0.125,0.125,0.125,0.125,0.125
53,53.0,0.125,0.125,0.125,0.125,0.125,0.125,0.125,0.125
54,54.0,0.125,0.125,0.125,0.125,0.125,0.125,0.125,0.125
55,55.0,0.125,0.125,0.125,0.125,0.125,0.125,0.125,0.125
56,56.0,0.125,0.125,0.125,0.125,0.125,0.125,0.125,0.125
57,57.0,0.125,0.125,0.125,0.125,0.125,0.125,0.125,0.125
58,58.0,0.125,0.125,0.125,0.125,0.125,0.125,0.125,0.125
59,59.0,0.125,0.125,0.125,0.125,0.125,0.125,0.125,0.125
60,60.0,0.125,0.125,0.125,0.125,0.125,0.125,0.125,0.125
61,61.0,0.125,0.125,0.125,0.125,0.125,0.125,0.125,0.125
62,62.0,0.125,0.125,0.125,0.125,0.125,0.125,0.125,0.125
63,63.0,0.125,0.125,0.125,0.125,0.125,0.125,0.125,0.125
64,64.0,0.125,0.125,0.125,0.125,0.125,0.125,0.125,0.125
65,65.0,0.125,0.125,0.125,0.125,0.125,0.125,0.125,0.125
66,66.0,0.125,0.125,0.125,0.125,0.125,0.125,0.125,0.125
67,67.0,0.125,0.125,0.125,0.125,0.125,0.125,0.125,0.125
68,68.0,0.125,0.125,0.125,0.125,0.125,0.125,0.125,0.125
69,69.0,0.125,0.125,0.125,0.125,0.125,0.125,0.125,0.125
70,70.0,0.125,0.125,0.125,0.125,0.125,0.125,0.125,0.125
71,71.0,0.125,0.125,0.125,0.125,0.125,0.125,0.125,0.125
72,72.0,0.125,0.125,0.125,0.125,0.125,0.125,0.125,0.125
73,73.0,0.125,0.125,0.125,0.125,0.125,0.125,0.125,0.125
74,74.0,0.125,0.125,0.125,0.125,0.125,0.125,0.125,0.125
75,75.0,0.125,0.125,0.125,0.125,0.125,0.125,0.125,0.125
76,76.0,0.125,0.125,0.125,0.125,0.125,0.125,0.125,0.125
77,77.0,0.125,0.125,0.125,0.125,0.125,0.125,0.125,0.125
78,78.0,0.125,0.125,0.125,0.125,0.125,0.125,0.125,0.125
79,79.0,0.125,0.125,0.125,0.125,0.125,0.125,0.125,0.125
80,80.0,0.125,0.125,0.125,0.125,0.125,0.125,0.125,0.125
81,81.0,0.125,0.125,0.125,0.125,0.125,0.125,0.125,0.125
82,82.0,0.125,0.125,0.125,0.125,0.125,0.125,0.125,0.125
83,83.0,0.125,0.125,0.125,0.125,0.125,0.125,0.125,0.125
84,84.0,0.125,0.125,0.125,0.125,0.125,0.125,0.125,0.125
85,85.0,0.125,0.125,0.125,0.125,0.125,0.125,0.125,0.125
86,86.0,0.125,0.125,0.125,0.125,0.125,0.125,0.125,0.125
87,87.0,0.125,0.125,0.125,0.125,0.125,0.125,0.125,0.125
88,88.0,0.125,0.125,0.125,0.125,0.125,0.125,0.125,0.125
89,89.0,0.125,0.125,0.125,0.125,0.125,0.125,0.125,0.125
90,90.0,0.125,0.125,0.125,0.125,0.125,0.125,0.125,0.125
91,91.0,0.125,0.125,0.125,0.125,0.125,0.125,0.125,0.125
92,92.0,0.125,0.125,0.125,0.125,0.125,0.125,0.125,0.125
93,93.0,0.125,0.125,0.125,0.125,0.125,0.125,0.125,0.125
94,94.0,0.125,0.125,0.125,0.125,0.125,0.125,0.125,0.125
95,95.0,0.125,0.125,0.125,0.125,0.125,0.125,0.125,0.125
96,96.0,0.125,0.125,0.125,0.125,0.125,0.125,0.125,0.125
97,97.0,0.125,0.125,0.125,0.125,0.125,0.125,0.125,0.125
98,98.0,0.125,0.125,0.125,0.125,0.125,0.125,0.125,0.125
99,99.0,0.125,0.125,0.125,0.125,0.125,0.125,0.125,0.125
100,100.0,0.125,0.125,0.125,0.125,0.125,0.125,0.125,0.125
101,101.0,0.125,0.125,0.125,0.125,0.125,0.125,0.125,0.125
102,102.0,0.125,0.125,0.125,0.125,0.125,0.125,0.125,0.125
103,103.0,0.125,0.125,0.125,0.125,0.125,0.125,0.125,0.125
104,104.0,0.125,0.125,0.125,0.125,0.125,0.125,0.125,0.125
105,105.0,0.125,0.125,0.125,0.125,0.125,0.125,0.125,0.125
106,106.0,0.125,0.125,0.125,0.125,0.125,0.125,0.125,0.125
107,107.0,0.125,0.125,0.125,0.125,0.125,0.125,0.125,0.125
108,108.0,0.125,0.125,0.125,0.125,0.125,0.125,0.125,0.125
109,109.0,0.125,0.125,0.125,0.125,0.125,0.125,0.125,0.125
110,110.0,0.125,0.125,0.125,0.125,0.125,0.125,0.125,0.125
111,111.0,0.125,0.125,0.125,0.125,0.125,0.125,0.125,0.125
112,112.0,0.125,0.125,0.125,0.125,0.125,0.125,0.125,0.125
113,113.0,0.125,0.125,0.125,0.125,0.125,0.125,0.125,0.125
114,114.0,0.125,0.125,0.125,0.125,0.125,0.125,0.125,0.125
115,115.0,0.125,0.125,0.125,0.125,0.125,0.125,0.125,0.125
116,116.0,0.125,0.125,0.125,0.125,0.125,0.125,0.125,0.125
117,117.0,0.125,0.125,0.125,0.125,0.125,0.125,0.125,0.125
118,118.0,0.125,0.125,0.125,0.125,0.125,0.125,0.125,0.125
119,119.0,0.125,0.125,0.125,0.125,0.125,0.125,0.125,0.125
120,120.0,0.125,0.125,0.125,0.125,0.125,0.125,0.125,0.125
121,121.0,0.125,0.125,0.125,0.125,0.125,0.125,0.125,0.125
122,122.0,0.125,0.125,0.125,0.125,0.125,0.125,0.125,0.125
123,123.0,0.125,0.125,0.125,0.125,0.125,0.125,0.125,0.125
124,124.0,0.125,0.125,0.125,0.125,0.125,0.125,0.125,0.125
125,125.0,0.125,0.125,0.125,0.125,0.125,0.125,0.125,0.125
126,126.0,0.125,0.125,0.125,0.125,0.125,0.125,0.125,0.125
127,127.0,0.125,0.125,0.125,0.125,0.125,0.125,0.125,0.125
128,128.0,0.125,0.125,0.125,0.125,0.125,0.125,0.125,0.125
129,129.0,0.125,0.125,0.125,0.125,0.125,0.125,0.125,0.125
130,130.0,0.125,0.125,0.125,0.125,0.125,0.125,0.125,0.125
131,131.0,0.125,0.125,0.125,0.125,0.125,0.125,0.125,0.125
132,132.0,0.125,0.125,0.125,0.125,0.125,0.125,0.125,0.125
133,133.0,0.125,0.125,0.125,0.125,0.125,0.125,0.125,0.125
134,134.0,0.125,0.125,0.125,0.125,0.125,0.125,0.125,0.125
135,135.0,0.125,0.125,0.125,0.125,0.125,0.125,0.125,0.125
136,136.0,0.125,0.125,0.125,0.125,0.125,0.125,0.125,0.125
137,137.0,0.125,0.125,0.125,0.125,0.125,0.125,0.125,0.125
138,138.0,0.125,0.125,0.125,0.125,0.125,0.125,0.125,0.125
139,139.0,0.125,0.125,0.125,0.125,0.125,0.125,0.125,0.125
140,140.0,0.125,0.125,0.125,0.125,0.125,0.125,0.125,0.125
141,141.0,0.125,0.125,0.125,0.125,0.125,0.125,0.125,0.125
142,142.0,0.125,0.125,0.125,0.125,0.125,0.125,0.125,0.125
143,143.0,0.125,0.125,0.125,0.125,0.125,0.125,0.125,0.125
144,144.0,0.125,0.125,0.125,0.125,0.125,0.125,0.125,0.125
145,145.0,0.125,0.125,0.125,0.125,0.125,0.125,0.125,0.125
146,146.0,0.125,0.125,0.125,0.125,0.125,0.125,0.125,0.125
147,147.0,0.125,0.125,0.125,0.125,0.125,0.125,0.125,0.125
148,148.0,0.125,0.125,0.125,0.125,0.125,0.125,0.125,0.125
149,149.0,0.125,0.125,0.125,0.125,0.125,0.125,0.125,0.125
150,150.0,0.125,0.125,0.125,0.125,0.125,0.125,0.125,0.125
151,151.0,0.125,0.125,0.125,0.125,0.125,0.125,0.125,0.125
152,152.0,0.125,0.125,0.125,0.125,0.125,0.125,0.125,0.125
153,153.0,0.125,0.125,0.125,0.125,0.125,0.125,0.125,0.125
154,154.0,0.125,0.125,0.125,0.125,0.125,0.125,0.125,0.125
155,155.0,0.125,0.125,0.125,0.125,0.125,0.125,0.125,0.125
156,156.0,0.125,0.125,0.125,0.125,0.125,0.125,0.125,0.125
157,157.0,0.125,0.125,0.125,0.125,0.125,0.125,0.125,0.125
158,158.0,0.125,0.125,0.125,0.125,0.125,0.125,0.125,0.125
159,159.0,0.125,0.125,0.125,0.125,0.125,0.125,0.125,0.125
160,160.0,0.125,0.125,0.125,0.125,0.125,0.125,0.125,0.125
161,161.0,0.125,0.125,0.125,0.125,0.125,0.125,0.125,0.125
162,162.0,0.125,0.125,0.125,0.125,0.125,0.125,0.125,0.125
163,163.0,0.125,0.125,0.125,0.125,0.125,0.125,0.125,0.125
164,164.0,0.125,0.125,0.125,0.125,0.125,0.125,0.125,0.125
165,165.0,0.125,0.125,0.125,0.125,0.125,0.125,0.125,0.125
166,166.0,0.125,0.125,0.125,0.125,0.125,0.125,0.125,0.125
167,167.0,0.125,0.125,0.125,0.125,0.125,0.125,0.125,0.125
168,168.0,0.125,0.125,0.125,0.125,0.125,0.125,0.125,0.125
169,169.0,0.125,0.125,0.125,0.125,0.125,0.125,0.125,0.125
170,170.0,0.125,0.125,0.125,0.125,0.125,0.125,0.125,0.125
171,171.0,0.125,0.125,0.125,0.125,0.125,0.125,0.125,0.125
172,172.0,0.125,0.125,0.125,0.125,0.125,0.125,0.125,0.125
173,173.0,0.125,0.125,0.125,0.125,0.125,0.125,0.125,0.125
174,174.0,0.125,0.125,0.125,0.125,0.125,0.125,0.125,0.125
175,175.0,0.125,0.125,0.125,0.125,0.125,0.125,0.125,0.125
176,176.0,0.125,0.125,0.125,0.125,0.125,0.125,0.125,0.125
177,177.0,0.125,0.125,0.125,0.125,0.125,0.125,0.125,0.125
178,178.0,0.125,0.125,0.125,0.125,0.125,0.125,0.125,0.125
179,179.0,0.125,0.125,0.125,0.125,0.125,0.125,0.125,0.125
180,180.0,0.125,0.125,0.125,0.125,0.125,0.125,0.125,0.125
181,181.0,0.125,0.125,0.125,0.125,0.125,0.125,0.125,0.125
182,182.0,0.125,0.125,0.125,0.125,0.125,0.125,0.125,0.125
183,183.0,0.125,0.125,0.125,0.125,0.125,0.125,0.125,0.125
184,184.0,0.125,0.125,0.125,0.125,0.125,0.125,0.125,0.125
185,185.0,0.125,0.125,0.125,0.125,0.125,0.125,0.125,0.125
186,186.0,0.125,0.125,0.125,0.125,0.125,0.125,0.125,0.125
187,187.0,0.125,0.125,0.125,0.125,0.125,0.125,0.125,0.125
188,188.0,0.125,0.125,0.125,0.125,0.125,0.125,0.125,0.125
189,189.0,0.125,0.125,0.125,0.125,0.125,0.125,0.125,0.125
190,190.0,0.125,0.125,0.125,0.125,0.125,0.125,0.125,0.125
191,191.0,0.125,0.125,0.125,0.125,0.125,0.125,0.125,0.125
192,192.0,0.125,0.125,0.125,0.125,0.125,0.125,0.125,0.125
193,193.0,0.125,0.125,0.125,0.125,0.125,0.125,0.125,0.125
194,194.0,0.125,0.125,0.125,0.125,0.125,0.125,0.125,0.125
195,195.0,0.125,0.125,0.125,0.125,0.125,0.125,0.125,0.125
196,196.0,0.125,0.125,0.125,0.125,0.125,0.125,0.125,0.125
197,197.0,0.125,0.125,0.125,0.125,0.125,0.125,0.125,0.125
198,198.0,0.125,0.125,0.125,0.125,0.125,0.125,0.125,0.125
199,199.0,0.125,0.125,0.125,0.125,0.125,0.125,0.125,0.125
200,200.0,0.1248611111111111,0.1248611111111111,0.1248611111111111,0.1248611111111111,0.1259722222222222,0.1248611111111111,0.1248611111111111,0.1248611111111111
201,201.0,0.1247236111111111,0.1247236111111111,0.1247236111111111,0.1247236111111111,0.1269347222222222,0.1247236111111111,0.1247236111111111,0.1247236111111111
202,202.0,0.1245887361111111,0.1245887361111111,0.1245887361111111,0.1245887361111111,0.1278788472222222,0.1245887361111111,0.1245887361111111,0.1245887361111111
203,203.0,0.1244575723611111,0.1244575723611111,0.1244575723611111,0.1244575723611111,0.1287969934722222,0.1244575723611111,0.1244575723611111,0.1244575723611111
204,204.0,0.1243310603736111,0.1243310603736111,0.1243310603736111,0.1243310603736111,0.1296825773847222,0.1243310603736111,0.1243310603736111,0.1243310603736111
205,205.0,0.1242100000922361,0.1242100000922361,0.1242100000922361,0.1242100000922361,0.1305299993543472,0.1242100000922361,0.1242100000922361,0.1242100000922361
206,206.0,0.1240950569491874,0.1240950569491874,0.1240950569491874,0.1240950569491874,0.1302234902445774,0.1240950569491874,0.1252061680602985,0.1240950569491874
207,207.0,0.1239867686620627,0.1239867686620627,0.1239867686620627,0.1239867686620627,0.1298815082544498,0.1239867686620627,0.1261978797731739,0.1239867686620627
208,208.0,0.1237744415170299,0.1237744415170299,0.1237744415170299,0.1237744415170299,0.1293999093807905,0.1247744415170299,0.1269534415170299,0.1237744415170299
209,209.0,0.1233408046915321,0.1233408046915321,0.1233408046915321,0.124249895600623,0.1286676733208913,0.125239895600623,0.1284793167117341,0.1233408046915321
210,210.0,0.1228433861279314,0.1228433861279314,0.1228433861279314,0.1245767194612647,0.1278482467600357,0.1263811527945981,0.1298203364723759,0.1228433861279314
211,211.0,0.1221117200038559,0.1221117200038559,0.1221117200038559,0.1256528715190074,0.1267767248321098,0.1272555838523407,0.1318679397811185,0.1221117200038559
212,212.0,0.1213106386456847,0.1213106386456847,0.1213106386456847,0.1274449301608362,0.1256231232021907,0.1280152179859877,0.1336741740682465,0.1213106386456847
213,213.0,0.1204611549964698,0.1204611549964698,0.1204611549964698,0.1289815659601061,0.1244132464628375,0.1286699991526728,0.1360905684385044,0.1204611549964698
214,214.0,0.1195806833758868,0.1195806833758868,0.1195806833758868,0.1310544233745489,0.1231689001464665,0.1291638415274019,0.1382901014480352,0.1195806833758868
215,215.0,0.1186197719859232,0.1186197719859232,0.1186197719859232,0.1334362212655723,0.1218446193625879,0.1301544207121436,0.1400856507160032,0.1186197719859232
216,216.0,0.1176555977269405,0.1176555977269405,0.1176555977269405,0.1361711487055092,0.1205211641753149,0.131008897160789,0.1416763990506248,0.1176555977269405
217,217.0,0.1166443740496757,0.1166443740496757,0.1166443740496757,0.1384509390694644,0.1191579319981052,0.1315698821700072,0.1436187505637201,0.1172693740496757
218,218.0,0.115603484928679,0.115603484928679,0.115603484928679,0.1403063829297656,0.1177750996476738,0.1324563154214962,0.1458412769922309,0.1168104702227966
219,219.0,0.1145479047724559,0.1145479047724559,0.1145479047724559,0.1417661924309481,0.1163900544377695,0.1330690846772814,0.1488382033674454,0.1162927507691879
220,220.0,0.113490565778833,0.113490565778833,0.1140168815683067,0.1428578354938914,0.1150177753991804,0.134020385816718,0.1513776364268132,0.1157283537374243
221,221.0,0.1125016212462543,0.1125016212462543,0.1135489896673069,0.1438312835392203,0.1137301127299286,0.134915652949644,0.153757407951511,0.1152133106698804
222,222.0,0.1115841211739412,0.1115841211739412,0.1131425948581517,0.144688621588243,0.112531481419773,0.1352252210159076,0.1553848910581214,0.1158589477119209
223,223.0,0.1105699894774433,0.1105699894774433,0.1125991889511275,0.1465985219350224,0.1112548580067586,0.1351837868077318,0.1569884584020379,0.1162352069424351
224,224.0,0.1086826126750203,0.1084603904527981,0.1109191416184622,0.1478619068895493,0.1089021677519553,0.1338086153938852,0.1580095762555973,0.1233555889627323
225,225.0,0.1068251289411419,0.106387737636794,0.1092344718395575,0.1487949026175687,0.1066063150558174,0.132248386572584,0.1595017288567067,0.1304013284798297
226,226.0,0.1051015152323132,0.1044577318835621,0.1072055217440721,0.1503084630167042,0.1041244064269724,0.1305287028294852,0.1612781741494323,0.1369954847174585
227,227.0,0.1034324696279397,0.1025925273010819,0.1052029694266565,0.1519488674923214,0.1017309387900762,0.1286840642172158,0.1630089691789673,0.1433991939657411
228,228.0,0.1017089633454908,0.1006842957289525,0.1030075920929955,0.1535917781145725,0.0993210026331522,0.1266835246973422,0.1655533479754764,0.1494494954120177
229,229.0,0.1000420036544448,0.0988450034227471,0.1008601788080468,0.1550100731877939,0.0970129350337549,0.1245929466813525,0.1684211079263245,0.1552157512855355
230,230.0,0.0983601034453607,0.0970038954309641,0.0987041389171738,0.1563126663782251,0.0947337672033683,0.1223727948218256,0.1719125599338473,0.160600073869235
231,231.0,0.0966257191436806,0.0951239491009265,0.0965062801787254,0.1582422408723646,0.0924477855422428,0.1200015257640364,0.1755832320513158,0.1654692673467076
232,232.0,0.0949618209237959,0.0933284604337414,0.0939933757688248,0.1603317062081721,0.0909934296683305,0.1172174227762164,0.1792254918669257,0.169948292353993
233,233.0,0.0933473082189405,0.0915964760667858,0.0915515968157066,0.1618734129498097,0.0895811418881634,0.1154549882540776,0.1826219418463434,0.1739731339601729
234,234.0,0.091793341766501,0.0899391419248262,0.0891984250743435,0.1629061922896939,0.0882222052574788,0.1136404076929448,0.1867483403894792,0.1775519456047324
235,235.0,0.0902331420542573,0.0882895182254961,0.0868724834396874,0.1642752042827459,0.0868495612204668,0.111720086659035,0.1911402255665429,0.1806197785517684
236,236.0,0.0887502857024718,0.0867308922128435,0.0846618703687315,0.1660458574207486,0.0855462775061796,0.1097901309218898,0.1952081731905066,0.1832665126766285
237,237.0,0.0872974601826616,0.0852155488768878,0.0825229576343763,0.1681011531612404,0.0842644214166725,0.1078581533167339,0.1992851076123515,0.1854551977990757
238,238.0,0.0856852877646897,0.0837889045434592,0.0804910328400059,0.1705571534509277,0.0830411463202391,0.1065722010919343,0.2026266554580953,0.1872376185306485
239,239.0,0.0840436692120012,0.0823398053582942,0.0784713364276161,0.1727065916411159,0.0822496438653359,0.1052293148082383,0.2064565132924618,0.1885031253949364
240,240.0,0.0834052345364606,0.0808982570112842,0.0764961117359987,0.1742651416857197,0.081417488124792,0.1035283361636889,0.2106860264951878,0.1893034042468679
241,241.0,0.0828404738178341,0.0795451451432576,0.0746408862800461,0.175705004057302,0.080935259881988,0.1024730155297047,0.214230473994978,0.1896297412948893
242,242.0,0.0823696366431965,0.0782988822040448,0.0729392426919288,0.1769912371469977,0.0804929612078874,0.1014999474396266,0.217787673214565,0.1896204194517528
243,243.0,0.081792121145621,0.0770615744756742,0.0712937051905338,0.1778216644971961,0.0799906936607742,0.1004805765808667,0.2221753978838701,0.1893842665654635
244,244.0,0.0813068161326991,0.0759424864101746,0.069813432192439,0.1794042471068105,0.0795826851027755,0.0998445634905294,0.2254789223710757,0.1886268471934958
245,245.0,0.0809831635311166,0.0749037787857151,0.0686266748986165,0.1806885592342936,0.0792267946970438,0.0991924385185761,0.2282511421233135,0.1881274482113245
246,246.0,0.0805436001920752,0.0738624606554466,0.068066618708694,0.1815950952538196,0.0796697679446939,0.0981367242821019,0.230790331236354,0.1873354017268145
247,247.0,0.0801438606037926,0.0729021064331746,0.0675810720067438,0.1827632626716777,0.0797455924027649,0.0973483933986486,0.2331561073722458,0.1863596051109518
248,248.0,0.0789422339500886,0.072016011237235,0.0671592188059584,0.1835111013558872,0.0798112434417774,0.0965190280300969,0.2365488774943945,0.1854922856845618
249,249.0,0.0777981801199249,0.071223041044101,0.0668424789935854,0.1840969001609727,0.0798837150995966,0.095721631968222,0.2395523847164757,0.1848816678971213
250,250.0,0.0767291301747468,0.0705337325642181,0.0666352564344051,0.1843806881833537,0.0799991611321992,0.0949842636631315,0.2425368210144513,0.1842009468334939
251,251.0,0.0757443402819027,0.0699508463082474,0.066534737685085,0.1844241561016215,0.0801583632389684,0.0939640719005086,0.2457448786898619,0.1834786057938042
252,252.0,0.0748313312853656,0.0694558313847094,0.0659910407129366,0.1849085256498766,0.0803151612333167,0.0930187902450716,0.248791846680031,0.182687472808692
253,253.0,0.0739646722457306,0.0690176274995159,0.065500221580751,0.1857091464105195,0.0804401832184002,0.0921447455476488,0.2514338289159074,0.1817895745815262
254,254.0,0.0731113077017,0.0685980044019456,0.06502481363985,0.1864308398381575,0.0804564903131377,0.0912723371291107,0.2542982735177251,0.180807933458373
255,255.0,0.07225640921208,0.068177419841945,0.0645459972134403,0.1869807724640165,0.0803556577860969,0.0899947860129174,0.257972731407794,0.1797162260617095
256,256.0,0.0714510106648113,0.0678026560382404,0.0641112328228226,0.1871807181841718,0.080552683528646,0.0887223258510363,0.2616225717444412,0.17855680116583
257,257.0,0.0706437507551057,0.0674185585735556,0.0636659976122981,0.1879992384836225,0.0806023040197543,0.0874060937582599,0.2649703252217943,0.1772937315756091
258,258.0,0.0698658419743285,0.0670529975687991,0.0638637447719872,0.1885171039147982,0.0805418401585891,0.0861266427479006,0.2677281396720621,0.1763036891915348
259,259.0,0.0691533574761486,0.0667391430042469,0.0641069277720257,0.188949878583787,0.0804505816862376,0.0844837679816357,0.2708061399355302,0.1753102035603879
260,260.0,0.0684688578807534,0.066549436287742,0.064902019990079,0.1895233263623626,0.0802567001122192,0.0828827612050704,0.2732437041812405,0.1741731939805326
261,261.0,0.0678435892564784,0.0663995684331423,0.065716755615413,0.189804952596337,0.0804735479625276,0.0813538903507174,0.2753488241766739,0.17305887160871
262,262.0,0.0672765564543904,0.0662858593648692,0.0665396982129826,0.1903914775837785,0.0803709046345678,0.0797855606135486,0.2773791411785539,0.1719708019573086
263,263.0,0.0667853966284595,0.0662220827673923,0.0667913527736389,0.1913097449051021,0.0802777040342185,0.0781118150161366,0.2795690757726454,0.1709328281024064
264,264.0,0.0663265214697222,0.0661646355516647,0.0669821509720031,0.1930140329618854,0.0801220065482179,0.0761157821248228,0.2814597848314493,0.1698150855402343
265,265.0,0.065889722950143,0.0661020152869907,0.0671048741480415,0.1943890623500032,0.0798849622585526,0.0741976674094273,0.2831933825544296,0.1692383130424116
266,266.0,0.0654762567641663,0.0660345825678055,0.0671641979453906,0.1959485973336956,0.0795758945149807,0.0723675526084498,0.2847789639132199,0.1686539543522912
267,267.0,0.0650978721444248,0.0659735599301288,0.0674078344119387,0.1977311018311227,0.0792216337911357,0.0708444956377535,0.2856458199976332,0.1680776822558622
268,268.0,0.0647295074632627,0.0658936959566793,0.0675740173743809,0.1992650161493816,0.0787800543584822,0.0694033828814029,0.2868895174002336,0.1674648084161764
269,269.0,0.0642982630126599,0.0658383963278316,0.0677270332059085,0.2007583026060884,0.0784325678492224,0.0680853227183913,0.2880947413024465,0.166765372977451
270,270.0,0.063908246271548,0.065790975178907,0.0678663297577987,0.2025639916218545,0.078090895934563,0.0669977670488373,0.2891281356494038,0.1656536585370872
271,271.0,0.0635415207342517,0.0657369620489935,0.0679490796734125,0.2040211265272939,0.078157796204547,0.0660079786597809,0.2900176240903787,0.1645679120613413
272,272.0,0.0631817923628989,0.0656562862611281,0.0679618593036877,0.2052834982036761,0.0785804197161444,0.065097886971217,0.2907345808947191,0.1635036762865282
273,273.0,0.0628477585955847,0.0655680338436955,0.0679451684310025,0.2063922059104604,0.0789785645485215,0.0642838791011899,0.2914988273116757,0.1624855622578694
274,274.0,0.0625382477753994,0.0654717190579668,0.0679002238227528,0.2074016291545405,0.0794569924136465,0.0635620152280635,0.2921516535992041,0.1615175189484261
275,275.0,0.0622231345391384,0.0653381631008937,0.0677814626735152,0.2083122598286119,0.079807583412123,0.0628990169151239,0.2930753551753839,0.1605630243552097
276,276.0,0.0619305637584303,0.0652001141347478,0.0676181412896988,0.2094968477021097,0.0800831915504784,0.0623195605609315,0.2936748372252954,0.1596767437783078
277,277.0,0.061650129656426,0.0656711327394229,0.067404664704835,0.2105270922708345,0.0802663447086406,0.0618095222462321,0.2938306762909891,0.1588404373826195
278,278.0,0.0613764923999844,0.0660985453488719,0.0671406373879713,0.2112471138581699,0.0803449540087323,0.0613596559978826,0.2943982078474685,0.1580343931509187
279,279.0,0.0611100263660188,0.066480140859972,0.0668314546198163,0.2121500114711702,0.080324884213938,0.0609662994573793,0.2948756697567061,0.157261513254999
280,280.0,0.0608563358437273,0.0667110588603788,0.0664907895641276,0.2130143112544731,0.0802166080232992,0.0606297986653409,0.2955642451483753,0.1565168526402774
281,281.0,0.0605986830814619,0.0668809951336454,0.0661071963910842,0.2135678480437937,0.080117382677846,0.0603304518183408,0.2965946513137723,0.1558027915400556
282,282.0,0.0603482881417467,0.0671178359571925,0.0657074669624054,0.2141838169169279,0.0799688832546356,0.0600753594994903,0.2972539396794984,0.155344409588103
283,283.0,0.0600985575085609,0.0673016389228172,0.0652781589662082,0.2148378397704601,0.0797448624136421,0.0598538615261046,0.2979509241836618,0.1549341567085448
284,284.0,0.0598626610510638,0.0674481792385399,0.0648337087130088,0.2152905585960371,0.0794642953207682,0.0596740750405246,0.2988597731736391,0.1545667488664183
285,285.0,0.0595297480440029,0.067548302303325,0.0643718331218674,0.2155335839717128,0.0795258595402804,0.0595265621474173,0.2994866096338372,0.1544775012375567
286,286.0,0.0593135494410224,0.0676135563247124,0.063913240890631,0.2158703983066056,0.0795597829686097,0.0594119719799554,0.2998904265766868,0.1544270735117764
287,287.0,0.0591031022656122,0.0676386445705111,0.0631515361861942,0.2162635774580572,0.0795540921635909,0.0594221227018781,0.3003317855395802,0.154535139114576
288,288.0,0.0589116813855076,0.0676318301869466,0.062408511945862,0.2166409072059173,0.0794948578749968,0.0594690099393993,0.3007774038907748,0.1546657975705954
289,289.0,0.0587322389611002,0.0675896989646517,0.0616802671005944,0.2166623673374677,0.079379966937721,0.0595364056334112,0.3016045098169387,0.1548145452481149
290,290.0,0.0585584812322058,0.0675087863043719,0.0609655482796864,0.2167060999543836,0.0792015538996792,0.0596143397015395,0.3024859482916825,0.1549592423364509
291,291.0,0.0583977163536026,0.0674069125191112,0.060276125597878,0.2167874202542789,0.0790017776398599,0.0597067715365104,0.3033192336847639,0.1551040424139949
292,292.0,0.058254558820802,0.06701357668419,0.0596205101701724,0.2168010250008054,0.0787936952852121,0.0598152948829137,0.3044398857147489,0.1552614534411554
293,293.0,0.0581298847085616,0.0665099496770497,0.0590029267891812,0.2168871566448719,0.078580133949001,0.0599371566802394,0.3055335065963834,0.1554192849547117
294,294.0,0.0580238624297456,0.0660085592438843,0.0584263658630339,0.2166993342067654,0.0783713248448741,0.0603488874964548,0.3065232876701973,0.1555983782450444
295,295.0,0.0579277497844102,0.0655063339639158,0.0578844047977205,0.2164676446340028,0.0778984310033873,0.0607516243358994,0.307776360970288,0.1557874505103758
296,296.0,0.057696566039929,0.0648635029756649,0.0572339070057367,0.217097815571489,0.0772555930882067,0.0609966258123704,0.3085369043416332,0.1563190851649699
297,297.0,0.057459770377013,0.0642122070159406,0.0566088214928314,0.2174645249793368,0.0765764997405658,0.0612091784737916,0.3096507432830421,0.1568182546374785
298,298.0,0.0571207076177835,0.0634590155111134,0.0559103517910526,0.2185703883359234,0.0757919360727084,0.0612975245662811,0.3106769252811472,0.1571731508239901
299,299.0,0.0575169379659065,0.0626404021951027,0.0551685473224764,0.2192726037786973,0.0749418665665679,0.0612887765235652,0.3117354909144217,0.157435374733262
300,300.0,0.0577597785506167,0.0617591395996445,0.0543888860926267,0.2196865022505365,0.0741037456928503,0.0611750252564815,0.313535535259594,0.1575913872976496
301,301.0,0.0579972020272772,0.0607215039245313,0.0536498628026882,0.2203839458893722,0.0732590936195997,0.0610339556856631,0.31523762012059,0.1577168159302781
302,302.0,0.0582275354068257,0.0597113243176366,0.0529549955529419,0.2212649345850477,0.0724155735534172,0.0608733583715137,0.3167360898219445,0.1578161883906726
303,303.0,0.0584450206133919,0.0587315585556053,0.0523026857523983,0.2220681515119238,0.0715697387837115,0.0605716793237429,0.3184363878100188,0.1578747776492073
304,304.0,0.0586589240478566,0.0578016893072423,0.0517051044478608,0.2227566733440213,0.0707480987294107,0.0602631763425759,0.3201549525206121,0.1579113812604201
305,305.0,0.0588654792581624,0.0569240400187417,0.0511591867293702,0.2234840564935789,0.0699532901885362,0.0599491182573725,0.3217394958950986,0.1579253331591393
306,306.0,0.0582265878061823,0.0560987308118956,0.0506616718811565,0.2251383443456412,0.0691801573313722,0.0596292663512438,0.3229926148283208,0.1580726266441874
307,307.0,0.0574913634106935,0.0553340482872768,0.0502178455996215,0.226861122542797,0.0684565331034464,0.0593194762484012,0.3241252249656445,0.158194385842119
308,308.0,0.0566920229236649,0.055325759942435,0.0497554492180347,0.2282726545933981,0.0677138066686855,0.0590359617821728,0.3250543745407215,0.1581499703308874
309,309.0,0.0558464000652779,0.055253432289514,0.0492843560420098,0.2300939422567261,0.0669636157343688,0.058699357161003,0.325825520120324,0.1580333763307763
310,310.0,0.0549684356754263,0.0551301771151534,0.0488100691986738,0.2322750797132372,0.0661952200446119,0.0583168384723731,0.3264704732053807,0.1578337065751434
311,311.0,0.0540679171789906,0.0549576899368803,0.0484473266498797,0.2344728662173652,0.0654276863710417,0.0578958647168047,0.3271667742583452,0.1575638746706923
312,312.0,0.0533640134220589,0.0547382042004874,0.0480824903859569,0.2359847380308661,0.0646630199337639,0.0574392194599972,0.3285144042207089,0.1572139103461605
313,313.0,0.0526518017214209,0.054686258202137,0.0477184802616305,0.2370315543873298,0.0639070585634256,0.0569538187848168,0.3302582494018551,0.1567927786773841
314,314.0,0.0519403949038569,0.0546069972309467,0.0473634724645073,0.2382190851941363,0.0631579040845026,0.0564507010868363,0.3319391129851284,0.1563223320500852
315,315.0,0.0512371914526645,0.0545045726363198,0.0470218012044241,0.2394637670143232,0.0624216101575526,0.0559368501295672,0.3336026577984705,0.1558115496066778
316,316.0,0.0505420135820175,0.0543718136309226,0.0466880764110354,0.2407360104483505,0.0618967718406762,0.0554119076485472,0.3348998948449648,0.1554535115934855
317,317.0,0.0498659736144412,0.0541293099348023,0.0463698658285211,0.2417554071736829,0.061391859747871,0.0548870180178704,0.3359625613038486,0.1556380043789622
318,318.0,0.0492229298904071,0.0538958979125767,0.0460797939588363,0.2426203717695209,0.0609137294329276,0.0543758618441431,0.3370889683139387,0.1558024468776493
319,319.0,0.0485916141455903,0.0537195278604642,0.045792685214743,0.2434812713676602,0.0604344084890898,0.0538554219927843,0.3382370827402763,0.1558879881893916
320,320.0,0.0483984774345512,0.0535209947547988,0.0455150587498224,0.2439280635524514,0.0599659807730266,0.0533385561903354,0.3394303932062126,0.1559024753388014
321,321.0,0.0482374499874532,0.0533283329103859,0.045260426464348,0.2442855653628531,0.0595217099214764,0.0530269468094751,0.340449540726689,0.155890027817319
322,322.0,0.0481055604839188,0.0531412300432618,0.0450277772103519,0.2448338197047769,0.0591010501118471,0.052728141512894,0.3416280213534656,0.1554343995794837
323,323.0,0.0479791259544932,0.0529386645399298,0.0448080037084561,0.2452573307761542,0.0591157334373837,0.0524402139908541,0.3425094643147526,0.154951463277976
324,324.0,0.0478577144975461,0.0527228411193138,0.044601084915812,0.2456879266590363,0.0590566422875148,0.0521638139643862,0.3431864575535345,0.1547235190028561
325,325.0,0.0477376789998798,0.0524926464084934,0.0444044724632374,0.2463292479299156,0.0590045826873596,0.0518969878442619,0.3436478642206121,0.1544865194462397
326,326.0,0.0476340061973933,0.0522663018539961,0.0443133340428975,0.2469052715473614,0.0589613231200266,0.0516390679192532,0.3441319551768108,0.1541487401422608
327,327.0,0.0475462853889151,0.0520448811164056,0.0442372541969786,0.2474203122081046,0.0589247903905153,0.0513913828298642,0.3446402326027944,0.1537948612664217
328,328.0,0.0471021694752469,0.0518285947785686,0.0441743383069807,0.2481419628559889,0.0588923661209775,0.0511535892887447,0.3452793770039175,0.1534276021695748
329,329.0,0.0468272786983256,0.0515911557292903,0.0441095444010998,0.2484738968389833,0.0588352479021319,0.0509120882789173,0.3462144171200988,0.1530363710311525
330,330.0,0.0465691282978251,0.0513660319980226,0.0440575073239479,0.2488130079530501,0.0587805544219402,0.0506857424847561,0.3470990439942961,0.1526289835261615
331,331.0,0.0463232074838952,0.0511314066430858,0.044006989245619,0.2492001485525372,0.0587179362265755,0.0504670961685199,0.3479492713391887,0.1522039443405784
332,332.0,0.046092432574793,0.0508942253334237,0.044145128430204,0.2495788574330285,0.0586497908965673,0.0502614866029112,0.3486006154440079,0.1517774632850642
333,333.0,0.0458805447937694,0.0506756965771322,0.0442929860827362,0.2500260887988514,0.058582429131685,0.0502137459292272,0.3489693188833971,0.1513591898032011
334,334.0,0.0456845084028349,0.0501373419473945,0.044445155838088,0.2506264148105365,0.0585123612034381,0.050176142229631,0.3494830664446419,0.150935009123435
335,335.0,0.0454863789330028,0.0495954866041971,0.0445805761870245,0.2508748697200276,0.0584077891961782,0.0501272748792226,0.3504363936626449,0.1504912308177021
336,336.0,0.0452922024494161,0.0490625339000992,0.0447028411294284,0.2510402683934192,0.0582784883979806,0.0500743048845652,0.3515141721701097,0.1500351886749814
337,337.0,0.0451021936144808,0.0485417588352193,0.0448984968241932,0.2510338514971829,0.0581257334131539,0.0499318344697482,0.3524933434674878,0.1498727878785339
338,338.0,0.0449124167654375,0.0480290473310485,0.0450778190194832,0.2509916231543475,0.0579439950121458,0.0497809365152391,0.3535720033217772,0.1496921588805209
339,339.0,0.0448056412006915,0.0475262037882988,0.0452369498419166,0.2509884672942799,0.0577342033762676,0.049621281109953,0.354594284741533,0.1494929686470594
340,340.0,0.0447056634982794,0.0470481069630405,0.0453812134317575,0.2508051181638592,0.0575087271836072,0.0494631140285964,0.3558003545694825,0.149287702161377
341,341.0,0.0446034703742264,0.0465838369436252,0.0455028131026886,0.2506666619009097,0.0572589305880283,0.0492956216651927,0.3569031941818152,0.1491854712435137
342,342.0,0.0444986542405629,0.0461349751494554,0.0456013743406207,0.2502279982963568,0.0570688518692849,0.049119458334975,0.3582875846854217,0.1490611030833226
343,343.0,0.0443909083811934,0.0457028239319809,0.0456768187056531,0.2498446333477798,0.0568571847708393,0.0489353387970374,0.359677555791991,0.1489147362735249
344,344.0,0.0442865500255037,0.045296918556151,0.0457329452397716,0.2495278482214784,0.0566374319111615,0.0487526449786979,0.3610057047088184,0.1487599563584173
345,345.0,0.0441039707803139,0.0449991175420036,0.0458905612110139,0.2491575151434533,0.0565459772741365,0.048571926954604,0.3621339248700036,0.1485970062244712
346,346.0,0.0441670664985293,0.0447279287968152,0.0460274177117955,0.2485237944880189,0.056454076099405,0.0483944202252641,0.3632836961939954,0.1484215999861766
347,347.0,0.0442247327485317,0.0444807876673057,0.0461413318848038,0.2480199528207243,0.0562675708844416,0.0482169367698836,0.3644197751153514,0.1482289121089577
348,348.0,0.0442710777837921,0.0442490593016638,0.0462299193271932,0.2475883144487373,0.0560617311523228,0.0480341608467965,0.3654677882914039,0.1480979488480902
349,349.0,0.0443043120612384,0.0440312096233886,0.0462912047963051,0.2471854895825257,0.0559171400566324,0.0478459575982115,0.3663634459788397,0.1480612403028584
350,350.0,0.0443249865835358,0.0438277426820617,0.0463283851409396,0.2468384495221842,0.0557577364020045,0.0476555937086445,0.3670471414369807,0.1482199645236489
351,351.0,0.0443319728893396,0.0436372115842378,0.0463417583574671,0.2465646307401704,0.055694676963211,0.0474617670075933,0.3673628704987647,0.1486051119592159
352,352.0,0.0443314704167715,0.0434699144886697,0.0463381609713029,0.2463327532928202,0.0556224316168333,0.0472744312214116,0.3675359972810629,0.1490948407111276
353,353.0,0.0443206006457875,0.0433143247153103,0.0463120168526115,0.246148195176038,0.0555413314765661,0.0470869991255193,0.3677242759969075,0.1495522560112595
354,354.0,0.0442946245406797,0.0431679054368497,0.0462629772942382,0.2459825247509667,0.0554404636111758,0.0468968440418545,0.3678671881251291,0.150087472199106
355,355.0,0.0442537334651122,0.0430297333228332,0.0461924079298934,0.2457576006487515,0.0553971478972988,0.0467045083527247,0.36809351440112,0.1505713539822659
356,356.0,0.0441988683088227,0.0428995088332902,0.0461041276791007,0.2455649489777117,0.0555311115754554,0.0465122938186927,0.3681848552658582,0.1510042855410681
357,357.0,0.0441319439187414,0.0427792401597827,0.0460010605470728,0.2453444257480463,0.0556430844705335,0.0463235566919238,0.3683069254250561,0.151469763038843
358,358.0,0.0440531949052232,0.0426662616947924,0.0458854883523524,0.2452145531049241,0.055734701563353,0.0461380311223944,0.3683023162488023,0.1520054530081578
359,359.0,0.0439673747887154,0.0425611071335162,0.0457602389077601,0.2452271659602377,0.0558158291391629,0.0459587900226874,0.3682104921126852,0.1524990019352347
360,360.0,0.043878906172213,0.0424695368572273,0.0456282294339785,0.2452060750884833,0.0557754500634083,0.0458697992032451,0.3682230383593156,0.1529489648221287
361,361.0,0.0437836621483666,0.0423886730780653,0.0454894833831082,0.2452277022716756,0.0557178932827202,0.0457864227098998,0.3682675393372296,0.1533386237889344
362,362.0,0.0436116015766083,0.0422497008619417,0.0453492379346668,0.2454112159125859,0.0556522093525829,0.0457136371132962,0.3683404294018662,0.1536719678464516
363,363.0,0.0436805406304208,0.0421153480023897,0.0452019867665799,0.2456554614929458,0.055575111749313,0.0456425868214996,0.3681745146121947,0.1539544499246562
364,364.0,0.0436041454231602,0.0418496055693829,0.0449135597554474,0.245790484446371,0.0553501349503702,0.045438002844888,0.3688793392123701,0.1541747277980098
365,365.0,0.0435255750726211,0.0415989989815124,0.0446290977408471,0.2457376196377445,0.0551263483499844,0.0452449671589668,0.3697754731063127,0.1543619199520106
366,366.0,0.0434423698173805,0.0414350579258255,0.0443470506098603,0.2456797058044732,0.054903397278107,0.0449857894468248,0.3707787634380087,0.1544278656795196
367,367.0,0.0433527718003776,0.0413508362280129,0.0440679291788079,0.2455532855069748,0.0546754735263905,0.0447324133426375,0.3718163163310599,0.1544509740857387
368,368.0,0.0431412144593441,0.0421579788754004,0.0436789224750826,0.2453987758743258,0.0543196093634536,0.0443700372120354,0.3726297575912602,0.1543037041490977
369,369.0,0.0428297323672139,0.0427762229114816,0.0432029957053325,0.246072414096064,0.0538590236260628,0.0439210330819542,0.3733278301107195,0.1540107481011711
370,370.0,0.043269485482728,0.0432291804007856,0.0426586736297915,0.2464451171824557,0.0533126698721437,0.0434033931946331,0.3740886707463871,0.153592809491075
371,371.0,0.0436982886322519,0.0436642520957962,0.0420354950427381,0.2469577688820883,0.0527608585947456,0.0428960389542586,0.3747783327978283,0.1532089650002927
372,372.0,0.0441122258703627,0.0440784772722921,0.0414295633375729,0.2474848232741297,0.0522112939296768,0.042403905615749,0.3754842158443076,0.1527954948559088
373,373.0,0.0445074579308911,0.0444687193970535,0.0408444341304119,0.2479190531088912,0.0516674930252336,0.0419293914555683,0.3763060198043217,0.1523574311476284
374,374.0,0.0448802700276509,0.0439986103356309,0.0402826959486739,0.2483112619437646,0.051129154752582,0.0414735577418837,0.3780322626641726,0.1518921865856409
375,375.0,0.0458733942730157,0.0434514729685665,0.0396880862456366,0.2483574994946015,0.050546212766329,0.0409802661257042,0.3797509720422509,0.1513520960838952
