,Unnamed: 0,Total_iterations,Intertwine_two,Invert_path_vertices,Insert_inside_vertex,Delete_inside_vertex,Replace_inside_vertex,Donate_between_routes,Trim_one_terminal_cb,Grow_one_terminal_cb
0,0.0,0.0,0.125,0.125,0.125,0.125,0.125,0.125,0.125,0.125
1,1.0,0.10900000000000001,0.125,0.125,0.125,0.125,0.125,0.125,0.125,0.125
2,2.0,0.31601,0.125,0.125,0.125,0.125,0.125,0.125,0.125,0.125
3,3.0,0.6191589000000001,0.125,0.125,0.125,0.125,0.125,0.125,0.125,0.125
4,4.0,1.015801321,0.125,0.125,0.125,0.125,0.125,0.125,0.125,0.125
5,5.0,1.50262148669,0.125,0.125,0.125,0.125,0.125,0.125,0.125,0.125
6,6.0,2.0757334209441005,0.125,0.125,0.125,0.125,0.125,0.125,0.125,0.125
7,7.0,2.7307768275633495,0.125,0.125,0.125,0.125,0.125,0.125,0.125,0.125
8,8.0,3.4630081252450404,0.125,0.125,0.125,0.125,0.125,0.125,0.125,0.125
9,9.0,4.2673862119061114,0.125,0.125,0.125,0.125,0.125,0.125,0.125,0.125
10,10.0,5.138652627782014,0.125,0.125,0.125,0.125,0.125,0.125,0.125,0.125
11,11.0,6.071405875792507,0.125,0.125,0.125,0.125,0.125,0.125,0.125,0.125
12,12.0,7.060169740244025,0.125,0.125,0.125,0.125,0.125,0.125,0.125,0.125
13,13.0,8.099455520847952,0.125,0.125,0.125,0.125,0.125,0.125,0.125,0.125
14,14.0,9.183818168183006,0.125,0.125,0.125,0.125,0.125,0.125,0.125,0.125
15,15.0,10.307906369102724,0.125,0.125,0.125,0.125,0.125,0.125,0.125,0.125
16,16.0,11.466506686239443,0.125,0.125,0.125,0.125,0.125,0.125,0.125,0.125
17,17.0,12.654581904800096,0.125,0.125,0.125,0.125,0.125,0.125,0.125,0.125
18,18.0,13.867303782456686,0.125,0.125,0.125,0.125,0.125,0.125,0.125,0.125
19,19.0,15.100080434523047,0.125,0.125,0.125,0.125,0.125,0.125,0.125,0.125
20,20.0,16.348578617037543,0.125,0.125,0.125,0.125,0.125,0.125,0.125,0.125
21,21.0,17.608741195130214,0.125,0.125,0.125,0.125,0.125,0.125,0.125,0.125
22,22.0,18.876800103462312,0.125,0.125,0.125,0.125,0.125,0.125,0.125,0.125
23,23.0,20.14928511992658,0.125,0.125,0.125,0.125,0.125,0.125,0.125,0.125
24,24.0,21.423028783545156,0.125,0.125,0.125,0.125,0.125,0.125,0.125,0.125
25,25.0,22.695167792966423,0.125,0.125,0.125,0.125,0.125,0.125,0.125,0.125
26,26.0,23.963141223515898,0.125,0.125,0.125,0.125,0.125,0.125,0.125,0.125
27,27.0,25.224685898775267,0.125,0.125,0.125,0.125,0.125,0.125,0.125,0.125
28,28.0,26.477829247520948,0.125,0.125,0.125,0.125,0.125,0.125,0.125,0.125
29,29.0,27.720879968916847,0.125,0.125,0.125,0.125,0.125,0.125,0.125,0.125
30,30.0,28.95241681848399,0.125,0.125,0.125,0.125,0.125,0.125,0.125,0.125
31,31.0,30.17127581490958,0.125,0.125,0.125,0.125,0.125,0.125,0.125,0.125
32,32.0,31.376536153543515,0.125,0.125,0.125,0.125,0.125,0.125,0.125,0.125
33,33.0,32.567505096778625,0.125,0.125,0.125,0.125,0.125,0.125,0.125,0.125
34,34.0,33.74370209472243,0.125,0.125,0.125,0.125,0.125,0.125,0.125,0.125
35,35.0,34.90484237192463,0.125,0.125,0.125,0.125,0.125,0.125,0.125,0.125
36,36.0,36.05082019768737,0.125,0.125,0.125,0.125,0.125,0.125,0.125,0.125
37,37.0,37.18169203889697,0.125,0.125,0.125,0.125,0.125,0.125,0.125,0.125
38,38.0,38.29765977559663,0.125,0.125,0.125,0.125,0.125,0.125,0.125,0.125
39,39.0,39.399054140870355,0.125,0.125,0.125,0.125,0.125,0.125,0.125,0.125
40,40.0,40.48631852820801,0.125,0.125,0.125,0.125,0.125,0.125,0.125,0.125
41,41.0,41.55999329152982,0.125,0.125,0.125,0.125,0.125,0.125,0.125,0.125
42,42.0,42.62070064560415,0.125,0.125,0.125,0.125,0.125,0.125,0.125,0.125
43,43.0,43.669130257815,0.125,0.125,0.125,0.125,0.125,0.125,0.125,0.125
44,44.0,44.70602560622662,0.125,0.125,0.125,0.125,0.125,0.125,0.125,0.125
45,45.0,45.73217116373481,0.125,0.125,0.125,0.125,0.125,0.125,0.125,0.125
46,46.0,46.748380453854836,0.125,0.125,0.125,0.125,0.125,0.125,0.125,0.125
47,47.0,47.755485010424316,0.125,0.125,0.125,0.125,0.125,0.125,0.125,0.125
48,48.0,48.7543242612326,0.125,0.125,0.125,0.125,0.125,0.125,0.125,0.125
49,49.0,49.745736344347726,0.125,0.125,0.125,0.125,0.125,0.125,0.125,0.125
50,50.0,50.730549855707864,0.125,0.125,0.125,0.125,0.125,0.125,0.125,0.125
51,51.0,51.70957651737491,0.125,0.125,0.125,0.125,0.125,0.125,0.125,0.125
52,52.0,52.68360474770151,0.125,0.125,0.125,0.125,0.125,0.125,0.125,0.125
53,53.0,53.65339410751842,0.125,0.125,0.125,0.125,0.125,0.125,0.125,0.125
54,54.0,54.61967059027847,0.125,0.125,0.125,0.125,0.125,0.125,0.125,0.125
55,55.0,55.58312271885972,0.125,0.125,0.125,0.125,0.125,0.125,0.125,0.125
56,56.0,56.544398407394254,0.125,0.125,0.125,0.125,0.125,0.125,0.125,0.125
57,57.0,57.504102543001395,0.125,0.125,0.125,0.125,0.125,0.125,0.125,0.125
58,58.0,58.462795239617805,0.125,0.125,0.125,0.125,0.125,0.125,0.125,0.125
59,59.0,59.42099071417639,0.125,0.125,0.125,0.125,0.125,0.125,0.125,0.125
60,60.0,60.379156734137354,0.125,0.125,0.125,0.125,0.125,0.125,0.125,0.125
61,61.0,61.337714584760846,0.125,0.125,0.125,0.125,0.125,0.125,0.125,0.125
62,62.0,62.29703950447439,0.125,0.125,0.125,0.125,0.125,0.125,0.125,0.125
63,63.0,63.257461537171835,0.125,0.125,0.125,0.125,0.125,0.125,0.125,0.125
64,64.0,64.21926675122782,0.125,0.125,0.125,0.125,0.125,0.125,0.125,0.125
65,65.0,65.18269877636592,0.125,0.125,0.125,0.125,0.125,0.125,0.125,0.125
66,66.0,66.14796061122655,0.125,0.125,0.125,0.125,0.125,0.125,0.125,0.125
67,67.0,67.11521665648885,0.125,0.125,0.125,0.125,0.125,0.125,0.125,0.125
68,68.0,68.08459493066005,0.125,0.125,0.125,0.125,0.125,0.125,0.125,0.125
69,69.0,69.05618942810752,0.125,0.125,0.125,0.125,0.125,0.125,0.125,0.125
70,70.0,70.03006258152917,0.125,0.125,0.125,0.125,0.125,0.125,0.125,0.125
71,71.0,71.00624779379335,0.125,0.125,0.125,0.125,0.125,0.125,0.125,0.125
72,72.0,71.98475200689319,0.125,0.125,0.125,0.125,0.125,0.125,0.125,0.125
73,73.0,72.96555827861411,0.125,0.125,0.125,0.125,0.125,0.125,0.125,0.125
74,74.0,73.94862834037681,0.125,0.125,0.125,0.125,0.125,0.125,0.125,0.125
75,75.0,74.93390511255946,0.125,0.125,0.125,0.125,0.125,0.125,0.125,0.125
76,76.0,75.92131515639825,0.125,0.125,0.125,0.125,0.125,0.125,0.125,0.125
77,77.0,76.91077104428919,0.125,0.125,0.125,0.125,0.125,0.125,0.125,0.125
78,78.0,77.90217363294813,0.125,0.125,0.125,0.125,0.125,0.125,0.125,0.125
79,79.0,78.89541422641172,0.125,0.125,0.125,0.125,0.125,0.125,0.125,0.125
80,80.0,79.89037661826481,0.125,0.125,0.125,0.125,0.125,0.125,0.125,0.125
81,81.0,80.88693900474995,0.125,0.125,0.125,0.125,0.125,0.125,0.125,0.125
82,82.0,81.88497576253909,0.125,0.125,0.125,0.125,0.125,0.125,0.125,0.125
83,83.0,82.88435908692391,0.125,0.125,0.125,0.125,0.125,0.125,0.125,0.125
84,84.0,83.88496048800103,0.125,0.125,0.125,0.125,0.125,0.125,0.125,0.125
85,85.0,84.88665214409042,0.125,0.125,0.125,0.125,0.125,0.125,0.125,0.125
86,86.0,85.88930811312994,0.125,0.125,0.125,0.125,0.125,0.125,0.125,0.125
87,87.0,86.89280540413424,0.125,0.125,0.125,0.125,0.125,0.125,0.125,0.125
88,88.0,87.89702491199675,0.125,0.125,0.125,0.125,0.125,0.125,0.125,0.125
89,89.0,88.90185221995306,0.125,0.125,0.125,0.125,0.125,0.125,0.125,0.125
90,90.0,89.90717827491419,0.125,0.125,0.125,0.125,0.125,0.125,0.125,0.125
91,91.0,90.91289994163006,0.125,0.125,0.125,0.125,0.125,0.125,0.125,0.125
92,92.0,91.91892044225806,0.125,0.125,0.125,0.125,0.125,0.125,0.125,0.125
93,93.0,92.92514968840067,0.125,0.125,0.125,0.125,0.125,0.125,0.125,0.125
94,94.0,93.93150451304501,0.125,0.125,0.125,0.125,0.125,0.125,0.125,0.125
95,95.0,94.93790881009448,0.125,0.125,0.125,0.125,0.125,0.125,0.125,0.125
96,96.0,95.94429358933806,0.125,0.125,0.125,0.125,0.125,0.125,0.125,0.125
97,97.0,96.9505969547639,0.125,0.125,0.125,0.125,0.125,0.125,0.125,0.125
98,98.0,97.9567640140995,0.125,0.125,0.125,0.125,0.125,0.125,0.125,0.125
99,99.0,98.96274672736057,0.125,0.125,0.125,0.125,0.125,0.125,0.125,0.125
100,100.0,99.97850370202192,0.125,0.125,0.125,0.125,0.125,0.125,0.125,0.125
101,101.0,100.99389994219692,0.125,0.125,0.125,0.125,0.125,0.125,0.125,0.125
102,102.0,102.00881755893244,0.125,0.125,0.125,0.125,0.125,0.125,0.125,0.125
103,103.0,103.02315523840508,0.125,0.125,0.125,0.125,0.125,0.125,0.125,0.125
104,104.0,104.0368275975464,0.125,0.125,0.125,0.125,0.125,0.125,0.125,0.125
105,105.0,105.04976444479814,0.125,0.125,0.125,0.125,0.125,0.125,0.125,0.125
106,106.0,106.06190996287671,0.125,0.125,0.125,0.125,0.125,0.125,0.125,0.125
107,107.0,107.07322182951867,0.125,0.125,0.125,0.125,0.125,0.125,0.125,0.125
108,108.0,108.08367029120124,0.125,0.125,0.125,0.125,0.125,0.125,0.125,0.125
109,109.0,109.09323720380354,0.125,0.125,0.125,0.125,0.125,0.125,0.125,0.125
110,110.0,110.10191505310759,0.125,0.125,0.125,0.125,0.125,0.125,0.125,0.125
111,111.0,111.10970596695014,0.125,0.125,0.125,0.125,0.125,0.125,0.125,0.125
112,112.0,112.11662072973894,0.125,0.125,0.125,0.125,0.125,0.125,0.125,0.125
113,113.0,113.12267780895148,0.125,0.125,0.125,0.125,0.125,0.125,0.125,0.125
114,114.0,114.12790240215324,0.125,0.125,0.125,0.125,0.125,0.125,0.125,0.125
115,115.0,115.13232551201331,0.125,0.125,0.125,0.125,0.125,0.125,0.125,0.125
116,116.0,116.13598305576723,0.125,0.125,0.125,0.125,0.125,0.125,0.125,0.125
117,117.0,117.13891501458806,0.125,0.125,0.125,0.125,0.125,0.125,0.125,0.125
118,118.0,118.14116462738096,0.125,0.125,0.125,0.125,0.125,0.125,0.125,0.125
119,119.0,119.14277763262074,0.125,0.125,0.125,0.125,0.125,0.125,0.125,0.125
120,120.0,120.14380156101033,0.125,0.125,0.125,0.125,0.125,0.125,0.125,0.125
121,121.0,121.14428508095088,0.125,0.125,0.125,0.125,0.125,0.125,0.125,0.125
122,122.0,122.14427739808787,0.125,0.125,0.125,0.125,0.125,0.125,0.125,0.125
123,123.0,123.14382770953027,0.125,0.125,0.125,0.125,0.125,0.125,0.125,0.125
124,124.0,124.14298471273312,0.125,0.125,0.125,0.125,0.125,0.125,0.125,0.125
125,125.0,125.14179616848837,0.125,0.125,0.125,0.125,0.125,0.125,0.125,0.125
126,126.0,126.1403085169832,0.125,0.125,0.125,0.125,0.125,0.125,0.125,0.125
127,127.0,127.1385665454587,0.125,0.125,0.125,0.125,0.125,0.125,0.125,0.125
128,128.0,128.13661310563208,0.125,0.125,0.125,0.125,0.125,0.125,0.125,0.125
129,129.0,129.13448887873182,0.125,0.125,0.125,0.125,0.125,0.125,0.125,0.125
130,130.0,130.13223218573424,0.125,0.125,0.125,0.125,0.125,0.125,0.125,0.125
131,131.0,131.12987884017906,0.125,0.125,0.125,0.125,0.125,0.125,0.125,0.125
132,132.0,132.12746204077763,0.125,0.125,0.125,0.125,0.125,0.125,0.125,0.125
133,133.0,133.12501230090857,0.125,0.125,0.125,0.125,0.125,0.125,0.125,0.125
134,134.0,134.12255741201733,0.125,0.125,0.125,0.125,0.125,0.125,0.125,0.125
135,135.0,135.12012243789505,0.125,0.125,0.125,0.125,0.125,0.125,0.125,0.125
136,136.0,136.11772973680604,0.125,0.125,0.125,0.125,0.125,0.125,0.125,0.125
137,137.0,137.11539900845787,0.125,0.125,0.125,0.125,0.125,0.125,0.125,0.125
138,138.0,138.11314736285993,0.125,0.125,0.125,0.125,0.125,0.125,0.125,0.125
139,139.0,139.1109894081932,0.125,0.125,0.125,0.125,0.125,0.125,0.125,0.125
140,140.0,140.1089373549112,0.125,0.125,0.125,0.125,0.125,0.125,0.125,0.125
141,141.0,141.1070011334083,0.125,0.125,0.125,0.125,0.125,0.125,0.125,0.125
142,142.0,142.1051885227216,0.125,0.125,0.125,0.125,0.125,0.125,0.125,0.125
143,143.0,143.10350528787635,0.125,0.125,0.125,0.125,0.125,0.125,0.125,0.125
144,144.0,144.10195532363687,0.125,0.125,0.125,0.125,0.125,0.125,0.125,0.125
145,145.0,145.10054080258496,0.125,0.125,0.125,0.125,0.125,0.125,0.125,0.125
146,146.0,146.09926232561241,0.125,0.125,0.125,0.125,0.125,0.125,0.125,0.125
147,147.0,147.098119073081,0.125,0.125,0.125,0.125,0.125,0.125,0.125,0.125
148,148.0,148.09710895507192,0.125,0.125,0.125,0.125,0.125,0.125,0.125,0.125
149,149.0,149.09622875931302,0.125,0.125,0.125,0.125,0.125,0.125,0.125,0.125
150,150.0,150.09547429553686,0.125,0.125,0.125,0.125,0.125,0.125,0.125,0.125
151,151.0,151.09484053518298,0.125,0.125,0.125,0.125,0.125,0.125,0.125,0.125
152,152.0,152.09432174551264,0.125,0.125,0.125,0.125,0.125,0.125,0.125,0.125
153,153.0,153.09391161735422,0.125,0.125,0.125,0.125,0.125,0.125,0.125,0.125
154,154.0,154.0936033858381,0.125,0.125,0.125,0.125,0.125,0.125,0.125,0.125
155,155.0,155.0933899436152,0.125,0.125,0.125,0.125,0.125,0.125,0.125,0.125
156,156.0,156.0932639461784,0.125,0.125,0.125,0.125,0.125,0.125,0.125,0.125
157,157.0,157.09321790902356,0.125,0.125,0.125,0.125,0.125,0.125,0.125,0.125
158,158.0,158.09324429649396,0.125,0.125,0.125,0.125,0.125,0.125,0.125,0.125
159,159.0,159.09333560225238,0.125,0.125,0.125,0.125,0.125,0.125,0.125,0.125
160,160.0,160.09348442141243,0.125,0.125,0.125,0.125,0.125,0.125,0.125,0.125
161,161.0,161.09368351444232,0.125,0.125,0.125,0.125,0.125,0.125,0.125,0.125
162,162.0,162.09392586302482,0.125,0.125,0.125,0.125,0.125,0.125,0.125,0.125
163,163.0,163.09420471811882,0.125,0.125,0.125,0.125,0.125,0.125,0.125,0.125
164,164.0,164.09451364052222,0.125,0.125,0.125,0.125,0.125,0.125,0.125,0.125
165,165.0,165.09484653428007,0.125,0.125,0.125,0.125,0.125,0.125,0.125,0.125
166,166.0,166.09519767331932,0.125,0.125,0.125,0.125,0.125,0.125,0.125,0.125
167,167.0,167.09556172172148,0.125,0.125,0.125,0.125,0.125,0.125,0.125,0.125
168,168.0,168.09593374806622,0.125,0.125,0.125,0.125,0.125,0.125,0.125,0.125
169,169.0,169.0963092342958,0.125,0.125,0.125,0.125,0.125,0.125,0.125,0.125
170,170.0,170.09668407955945,0.125,0.125,0.125,0.125,0.125,0.125,0.125,0.125
171,171.0,171.09705459950118,0.125,0.125,0.125,0.125,0.125,0.125,0.125,0.125
172,172.0,172.0974175214537,0.125,0.125,0.125,0.125,0.125,0.125,0.125,0.125
173,173.0,173.09776997599644,0.125,0.125,0.125,0.125,0.125,0.125,0.125,0.125
174,174.0,174.09810948532493,0.125,0.125,0.125,0.125,0.125,0.125,0.125,0.125
175,175.0,175.09843394886732,0.125,0.125,0.125,0.125,0.125,0.125,0.125,0.125
176,176.0,176.09874162656683,0.125,0.125,0.125,0.125,0.125,0.125,0.125,0.125
177,177.0,177.0990311202307,0.125,0.125,0.125,0.125,0.125,0.125,0.125,0.125
178,178.0,178.1093013533259,0.125,0.125,0.125,0.125,0.125,0.125,0.125,0.125
179,179.0,179.1194515495783,0.125,0.125,0.125,0.125,0.125,0.125,0.125,0.125
180,180.0,180.12939221070965,0.125,0.125,0.125,0.125,0.125,0.125,0.125,0.125
181,181.0,181.1390448836208,0.125,0.125,0.125,0.125,0.125,0.125,0.125,0.125
182,182.0,182.14834184040464,0.125,0.125,0.125,0.125,0.125,0.125,0.125,0.125
183,183.0,183.15722568310602,0.125,0.125,0.125,0.125,0.125,0.125,0.125,0.125
184,184.0,184.1656488847062,0.125,0.125,0.125,0.125,0.125,0.125,0.125,0.125
185,185.0,185.1735732772993,0.125,0.125,0.125,0.125,0.125,0.125,0.125,0.125
186,186.0,186.18096949786013,0.125,0.125,0.125,0.125,0.125,0.125,0.125,0.125
187,187.0,187.18781640138627,0.125,0.125,0.125,0.125,0.125,0.125,0.125,0.125
188,188.0,188.19410045054593,0.125,0.125,0.125,0.125,0.125,0.125,0.125,0.125
189,189.0,189.19981509028415,0.125,0.125,0.125,0.125,0.125,0.125,0.125,0.125
190,190.0,190.20496011514572,0.125,0.125,0.125,0.125,0.125,0.125,0.125,0.125
191,191.0,191.2095410363697,0.125,0.125,0.125,0.125,0.125,0.125,0.125,0.125
192,192.0,192.21356845510755,0.125,0.125,0.125,0.125,0.125,0.125,0.125,0.125
193,193.0,193.21705744742056,0.125,0.125,0.125,0.125,0.125,0.125,0.125,0.125
194,194.0,194.22002696602806,0.125,0.125,0.125,0.125,0.125,0.125,0.125,0.125
195,195.0,195.22249926311454,0.125,0.125,0.125,0.125,0.125,0.125,0.125,0.125
196,196.0,196.22449933786123,0.125,0.125,0.125,0.125,0.125,0.125,0.125,0.125
197,197.0,197.22605441175463,0.125,0.125,0.125,0.125,0.125,0.125,0.125,0.125
198,198.0,198.22719343414113,0.125,0.125,0.125,0.125,0.125,0.125,0.125,0.125
199,199.0,199.2279466199476,0.125,0.125,0.125,0.125,0.125,0.125,0.125,0.125
200,200.0,200.22834502097393,0.12486111111111112,0.12486111111111112,0.12486111111111112,0.12486111111111112,0.12597222222222224,0.12486111111111112,0.12486111111111112,0.12486111111111112
201,201.0,201.2284201316879,0.12472361111111113,0.12472361111111113,0.12472361111111113,0.12472361111111113,0.12693472222222224,0.12472361111111113,0.12472361111111113,0.12472361111111113
202,202.0,202.2282035300136,0.12458873611111114,0.12458873611111114,0.12458873611111114,0.12458873611111114,0.12787884722222226,0.12458873611111114,0.12458873611111114,0.12458873611111114
203,203.0,203.22772655320657,0.12445757236111114,0.12445757236111114,0.12445757236111114,0.12445757236111114,0.12879699347222226,0.12445757236111114,0.12445757236111114,0.12445757236111114
204,204.0,204.2270200085482,0.12433106037361115,0.12433106037361115,0.12433106037361115,0.12433106037361115,0.12968257738472228,0.12433106037361115,0.12433106037361115,0.12433106037361115
205,205.0,205.2261139182702,0.12421000009223615,0.12421000009223615,0.12421000009223615,0.12421000009223615,0.13052999935434728,0.12421000009223615,0.12421000009223615,0.12421000009223615
206,206.0,206.22503729783725,0.1240950569491874,0.1240950569491874,0.1240950569491874,0.1240950569491874,0.1302234902445774,0.1240950569491874,0.12520616806029852,0.1240950569491874
207,207.0,207.22381796646926,0.12398676866206276,0.12398676866206276,0.12398676866206276,0.12398676866206276,0.12988150825444986,0.12398676866206276,0.1261978797731739,0.12398676866206276
208,208.0,208.22248238857335,0.12377444151702996,0.12377444151702996,0.12377444151702996,0.12377444151702996,0.12939990938079057,0.12477444151702996,0.12695344151702997,0.12377444151702996
209,209.0,209.2210555445813,0.12334080469153216,0.12334080469153216,0.12334080469153216,0.12424989560062308,0.12866767332089135,0.12523989560062307,0.12847931671173418,0.12334080469153216
210,210.0,210.21956082954264,0.12284338612793144,0.12284338612793144,0.12284338612793144,0.12457671946126479,0.12784824676003576,0.1263811527945981,0.1298203364723759,0.12284338612793144
211,211.0,211.21801997771246,0.12211172000385592,0.12211172000385592,0.12211172000385592,0.12565287151900745,0.1267767248321098,0.12725558385234076,0.13186793978111858,0.12211172000385592
212,212.0,212.21645301128814,0.12131063864568475,0.12131063864568475,0.12131063864568475,0.12744493016083627,0.1256231232021907,0.12801521798598778,0.1336741740682465,0.12131063864568475
213,213.0,213.21487821139337,0.12046115499646981,0.12046115499646981,0.12046115499646981,0.12898156596010618,0.12441324646283757,0.12866999915267283,0.13609056843850442,0.12046115499646981
214,214.0,214.21331210937416,0.11958068337588688,0.11958068337588688,0.11958068337588688,0.1310544233745489,0.12316890014646657,0.12916384152740196,0.13829010144803527,0.11958068337588688
215,215.0,215.21176949646312,0.11861977198592329,0.11861977198592329,0.11861977198592329,0.1334362212655723,0.12184461936258792,0.13015442071214361,0.14008565071600323,0.11861977198592329
216,216.0,216.21026344987854,0.11765559772694052,0.11765559772694052,0.11765559772694052,0.1361711487055092,0.12052116417531496,0.13100889716078906,0.14167639905062487,0.11765559772694052
217,217.0,217.20880537345366,0.11664437404967576,0.11664437404967576,0.11664437404967576,0.13845093906946448,0.11915793199810527,0.13156988217000726,0.14361875056372012,0.11726937404967576
218,218.0,218.2074050509367,0.115603484928679,0.115603484928679,0.115603484928679,0.1403063829297656,0.1177750996476738,0.1324563154214962,0.14584127699223093,0.11681047022279664
219,219.0,219.20607071016207,0.11454790477245591,0.11454790477245591,0.11454790477245591,0.14176619243094815,0.11639005443776952,0.1330690846772814,0.14883820336744547,0.11629275076918794
220,220.0,220.2048090963633,0.11349056577883301,0.11349056577883301,0.1140168815683067,0.14285783549389144,0.11501777539918043,0.13402038581671802,0.15137763642681323,0.11572835373742435
221,221.0,221.20362555298078,0.11250162124625433,0.11250162124625433,0.11354898966730695,0.14383128353922034,0.11373011272992868,0.13491565294964408,0.15375740795151102,0.11521331066988048
222,222.0,222.2025241084067,0.11158412117394122,0.11158412117394122,0.11314259485815173,0.14468862158824303,0.11253148141977305,0.13522522101590767,0.15538489105812142,0.11585894771192093
223,223.0,223.20150756720594,0.11056998947744336,0.11056998947744336,0.11259918895112754,0.14659852193502246,0.11125485800675862,0.13518378680773188,0.1569884584020379,0.11623520694243517
224,224.0,224.2005776044532,0.10868261267502036,0.10846039045279812,0.11091914161846227,0.14786190688954934,0.10890216775195534,0.1338086153938852,0.1580095762555973,0.1233555889627323
225,225.0,225.1997348619312,0.1068251289411419,0.10638773763679407,0.10923447183955756,0.14879490261756873,0.10660631505581745,0.13224838657258403,0.15950172885670677,0.13040132847982971
226,226.0,226.19897904504214,0.10510151523231326,0.1044577318835621,0.10720552174407211,0.1503084630167042,0.10412440642697246,0.13052870282948528,0.1612781741494323,0.13699548471745854
227,227.0,227.1983090193915,0.10343246962793978,0.10259252730108193,0.1052029694266565,0.15194886749232142,0.10173093879007625,0.12868406421721584,0.16300896917896734,0.14339919396574113
228,228.0,228.19772290611203,0.10170896334549087,0.10068429572895252,0.10300759209299559,0.15359177811457259,0.09932100263315222,0.12668352469734223,0.1655533479754764,0.14944949541201777
229,229.0,229.1972181750994,0.10004200365444484,0.09884500342274717,0.10086017880804682,0.1550100731877939,0.09701293503375491,0.12459294668135251,0.1684211079263245,0.15521575128553552
230,230.0,230.19679173543707,0.09836010344536074,0.0970038954309641,0.09870413891717386,0.15631266637822516,0.09473376720336833,0.12237279482182563,0.1719125599338473,0.16060007386923505
231,231.0,231.19644002238658,0.09662571914368066,0.09512394910092653,0.09650628017872546,0.15824224087236466,0.09244778554224287,0.12000152576403646,0.17558323205131587,0.16546926734670764
232,232.0,232.19615908041726,0.0949618209237959,0.09332846043374149,0.09399337576882486,0.1603317062081721,0.09099342966833057,0.11721742277621644,0.17922549186692577,0.16994829235399303
233,233.0,233.1959446418407,0.09334730821894051,0.09159647606678589,0.09155159681570661,0.16187341294980973,0.0895811418881634,0.11545498825407768,0.18262194184634345,0.17397313396017294
234,234.0,234.1957922007034,0.09179334176650103,0.08993914192482627,0.08919842507434358,0.1629061922896939,0.08822220525747887,0.11364040769294483,0.18674834038947927,0.17755194560473248
235,235.0,235.19569708167282,0.09023314205425738,0.08828951822549619,0.08687248343968744,0.16427520428274597,0.08684956122046682,0.11172008665903502,0.19114022556654295,0.18061977855176842
236,236.0,236.19565450372855,0.08875028570247182,0.08673089221284351,0.08466187036873157,0.16604585742074868,0.08554627750617963,0.10979013092188981,0.1952081731905066,0.1832665126766285
237,237.0,237.1956596385414,0.08729746018266166,0.08521554887688788,0.08252295763437638,0.16810115316124044,0.08426442141667258,0.1078581533167339,0.19928510761235155,0.1854551977990757
238,238.0,238.19570766348755,0.08568528776468978,0.08378890454345926,0.08049103284000596,0.17055715345092778,0.08304114632023912,0.1065722010919343,0.20262665545809533,0.18723761853064858
239,239.0,239.19579380930423,0.08404366921200125,0.08233980535829429,0.07847133642761614,0.1727065916411159,0.08224964386533591,0.10522931480823838,0.2064565132924618,0.1885031253949364
240,240.0,240.19591340244622,0.0834052345364606,0.08089825701128424,0.07649611173599877,0.17426514168571977,0.08141748812479203,0.10352833616368894,0.2106860264951878,0.18930340424686792
241,241.0,241.19606190224954,0.08284047381783416,0.0795451451432576,0.07464088628004617,0.17570500405730208,0.08093525988198805,0.10247301552970471,0.21423047399497802,0.1896297412948893
242,242.0,242.19623493305002,0.08236963664319659,0.07829888220404488,0.07293924269192884,0.17699123714699777,0.08049296120788746,0.10149994743962665,0.21778767321456502,0.18962041945175284
243,243.0,243.19642831143994,0.08179212114562107,0.07706157447567424,0.07129370519053388,0.17782166449719616,0.07999069366077427,0.1004805765808667,0.22217539788387017,0.18938426656546353
244,244.0,244.1966380688765,0.08130681613269916,0.0759424864101746,0.06981343219243909,0.17940424710681058,0.07958268510277558,0.09984456349052943,0.22547892237107578,0.1886268471934958
245,245.0,245.19686046988062,0.08098316353111663,0.07490377878571519,0.06862667489861657,0.1806885592342936,0.07922679469704383,0.09919243851857612,0.22825114212331354,0.1881274482113245
246,246.0,246.19709202608553,0.08054360019207524,0.07386246065544665,0.06806661870869404,0.18159509525381962,0.07966976794469396,0.09813672428210199,0.230790331236354,0.18733540172681454
247,247.0,247.1973295064091,0.08014386060379261,0.07290210643317464,0.06758107200674383,0.1827632626716777,0.07974559240276491,0.09734839339864865,0.23315610737224585,0.18635960511095181
248,248.0,248.19756994363618,0.07894223395008862,0.07201601123723501,0.06715921880595847,0.18351110135588725,0.0798112434417774,0.0965190280300969,0.2365488774943945,0.1854922856845618
249,249.0,249.1978106377042,0.0777981801199249,0.07122304104410107,0.06684247899358547,0.1840969001609727,0.07988371509959662,0.09572163196822203,0.23955238471647577,0.18488166789712132
250,250.0,250.1980491559884,0.07672913017474688,0.0705337325642181,0.06663525643440514,0.1843806881833537,0.07999916113219922,0.09498426366313152,0.24253682101445137,0.18420094683349392
251,251.0,251.1982833308843,0.07574434028190277,0.0699508463082474,0.066534737685085,0.1844241561016215,0.0801583632389684,0.09396407190050861,0.24574487868986192,0.18347860579380423
252,252.0,252.19851125498175,0.07483133128536566,0.06945583138470944,0.06599104071293661,0.1849085256498766,0.08031516123331679,0.0930187902450716,0.24879184668003104,0.18268747280869208
253,253.0,253.19873127411964,0.07396467224573064,0.06901762749951593,0.06550022158075101,0.18570914641051958,0.0804401832184002,0.09214474554764883,0.25143382891590743,0.18178957458152623
254,254.0,254.19894197860253,0.07311130770170007,0.06859800440194562,0.06502481363985,0.18643083983815756,0.08045649031313772,0.09127233712911077,0.2542982735177251,0.18080793345837304
255,255.0,255.19914219285116,0.07225640921208,0.06817741984194507,0.0645459972134403,0.1869807724640165,0.08035565778609696,0.08999478601291747,0.25797273140779403,0.17971622606170953
256,256.0,256.1993309637464,0.07145101066481133,0.06780265603824041,0.06411123282282266,0.18718071818417187,0.08055268352864603,0.08872232585103636,0.2616225717444412,0.17855680116583003
257,257.0,257.1995075479146,0.07064375075510573,0.06741855857355569,0.06366599761229816,0.18799923848362257,0.0806023040197543,0.08740609375825995,0.26497032522179437,0.17729373157560915
258,258.0,258.1996713981869,0.06986584197432852,0.0670529975687991,0.06386374477198728,0.18851710391479828,0.08054184015858917,0.08612664274790062,0.26772813967206216,0.17630368919153483
259,259.0,259.1998221494501,0.0691533574761486,0.06673914300424695,0.06410692777202577,0.18894987858378703,0.08045058168623764,0.08448376798163579,0.27080613993553027,0.1753102035603879
260,260.0,260.19995960409244,0.06846885788075346,0.06654943628774208,0.064902019990079,0.1895233263623626,0.0802567001122192,0.08288276120507045,0.27324370418124055,0.17417319398053263
261,261.0,261.20008371722963,0.06784358925647845,0.06639956843314235,0.06571675561541306,0.189804952596337,0.08047354796252769,0.08135389035071743,0.27534882417667395,0.17305887160871
262,262.0,262.20019458188085,0.06727655645439042,0.06628585936486926,0.06653969821298267,0.19039147758377858,0.08037090463456782,0.0797855606135486,0.2773791411785539,0.17197080195730866
263,263.0,263.2002924142481,0.06678539662845955,0.06622208276739239,0.06679135277363892,0.19130974490510214,0.0802777040342185,0.07811181501613668,0.2795690757726454,0.1709328281024064
264,264.0,264.2003775392362,0.06632652146972225,0.06616463555166471,0.06698215097200318,0.19301403296188543,0.0801220065482179,0.07611578212482283,0.2814597848314493,0.16981508554023436
265,265.0,265.20045037633304,0.06588972295014307,0.06610201528699074,0.06710487414804156,0.19438906235000325,0.07988496225855268,0.07419766740942738,0.28319338255442966,0.1692383130424116
266,266.0,266.2005114259569,0.06547625676416638,0.0660345825678055,0.06716419794539064,0.19594859733369563,0.07957589451498079,0.07236755260844988,0.2847789639132199,0.16865395435229122
267,267.0,267.2005612563588,0.06509787214442489,0.06597355993012885,0.06740783441193873,0.19773110183112277,0.0792216337911357,0.07084449563775351,0.2856458199976332,0.16807768225586223
268,268.0,268.20060049115693,0.06472950746326278,0.06589369595667932,0.06757401737438093,0.19926501614938166,0.07878005435848227,0.06940338288140292,0.2868895174002336,0.16746480841617645
269,269.0,269.2006297975637,0.06429826301265998,0.06583839632783167,0.06772703320590855,0.20075830260608846,0.07843256784922242,0.0680853227183913,0.2880947413024465,0.16676537297745106
270,270.0,270.20064987535415,0.06390824627154809,0.06579097517890706,0.0678663297577987,0.20256399162185457,0.07809089593456307,0.06699776704883731,0.2891281356494038,0.16565365853708727
271,271.0,271.200661446612,0.06354152073425179,0.06573696204899357,0.06794907967341252,0.20402112652729396,0.07815779620454706,0.06600797865978095,0.2900176240903787,0.16456791206134136
272,272.0,272.20066524627794,0.06318179236289899,0.06565628626112811,0.06796185930368773,0.20528349820367614,0.07858041971614449,0.06509788697121709,0.2907345808947191,0.16350367628652826
273,273.0,273.20066201351455,0.06284775859558474,0.06556803384369556,0.06794516843100258,0.20639220591046042,0.0789785645485215,0.06428387910118996,0.29149882731167576,0.16248556225786942
274,274.0,274.20065248389227,0.06253824777539942,0.06547171905796681,0.0679002238227528,0.20740162915454058,0.07945699241364657,0.06356201522806354,0.29215165359920414,0.1615175189484261
275,275.0,275.2006373823933,0.062223134539138455,0.06533816310089374,0.06778146267351526,0.20831225982861193,0.07980758341212302,0.0628990169151239,0.2930753551753839,0.16056302435520972
276,276.0,276.20061741722037,0.061930563758430375,0.06520011413474784,0.0676181412896988,0.2094968477021097,0.08008319155047844,0.062319560560931526,0.29367483722529547,0.1596767437783078
277,277.0,277.2005932743925,0.061650129656426016,0.06567113273942292,0.067404664704835,0.2105270922708345,0.08026634470864069,0.061809522246232124,0.29383067629098913,0.15884043738261952
278,278.0,278.2005656131035,0.06137649239998445,0.0660985453488719,0.06714063738797132,0.21124711385816997,0.08034495400873233,0.06135965599788268,0.29439820784746856,0.15803439315091874
279,279.0,279.20053506181233,0.061110026366018894,0.06648014085997203,0.06683145461981632,0.21215001147117024,0.08032488421393805,0.060966299457379386,0.2948756697567061,0.157261513254999
280,280.0,280.2005022150322,0.060856335843727356,0.06671105886037883,0.06649078956412763,0.2130143112544731,0.08021660802329929,0.060629798665340975,0.29556424514837537,0.15651685264027748
281,281.0,281.20046763077977,0.060598683081461976,0.0668809951336454,0.06610719639108423,0.2135678480437937,0.08011738267784603,0.06033045181834083,0.29659465131377233,0.1558027915400556
282,282.0,282.20043182864475,0.06034828814174674,0.06711783595719259,0.06570746696240548,0.2141838169169279,0.07996888325463565,0.060075359499490305,0.2972539396794984,0.15534440958810303
283,283.0,283.2003952884368,0.0600985575085609,0.06730163892281725,0.06527815896620828,0.21483783977046012,0.07974486241364212,0.059853861526104696,0.29795092418366187,0.15493415670854488
284,284.0,284.2003584493653,0.059862661051063804,0.0674481792385399,0.06483370871300884,0.21529055859603713,0.07946429532076826,0.05967407504052465,0.29885977317363915,0.15456674886641836
285,285.0,285.2003217097072,0.059529748044002906,0.06754830230332504,0.06437183312186744,0.21553358397171285,0.07952585954028049,0.05952656214741738,0.2994866096338372,0.15447750123755677
286,286.0,286.20028542691796,0.05931354944102249,0.06761355632471248,0.06391324089063105,0.21587039830660565,0.07955978296860976,0.05941197197995543,0.2998904265766868,0.15442707351177642
287,287.0,287.2002499181384,0.05910310226561222,0.06763864457051112,0.06315153618619425,0.21626357745805724,0.0795540921635909,0.0594221227018781,0.30033178553958023,0.154535139114576
288,288.0,288.20021546105545,0.058911681385507654,0.06763183018694664,0.062408511945862034,0.21664090720591736,0.07949485787499685,0.059469009939399305,0.3007774038907748,0.15466579757059545
289,289.0,289.20018229507025,0.05873223896110026,0.06758969896465172,0.0616802671005944,0.21666236733746777,0.07937996693772105,0.059536405633411255,0.30160450981693876,0.1548145452481149
290,290.0,290.2001506227328,0.058558481232205854,0.0675087863043719,0.06096554827968649,0.21670609995438367,0.07920155389967923,0.05961433970153952,0.3024859482916825,0.15495924233645092
291,291.0,291.2001206114018,0.058397716353602656,0.0674069125191112,0.060276125597878025,0.21678742025427894,0.07900177763985997,0.05970677153651045,0.30331923368476393,0.15510404241399495
292,292.0,292.2000923950899,0.058254558820802035,0.06701357668419008,0.0596205101701724,0.2168010250008054,0.07879369528521211,0.059815294882913775,0.3044398857147489,0.15526145344115544
293,293.0,293.20006607645826,0.0581298847085616,0.06650994967704973,0.05900292678918122,0.21688715664487193,0.07858013394900103,0.059937156680239474,0.30553350659638345,0.1554192849547117
294,294.0,294.20004172892527,0.05802386242974569,0.06600855924388432,0.05842636586303393,0.2166993342067654,0.07837132484487419,0.06034888749645485,0.3065232876701973,0.1555983782450444
295,295.0,295.2000193988563,0.05792774978441027,0.0655063339639158,0.057884404797720536,0.21646764463400286,0.0778984310033873,0.060751624335899444,0.30777636097028804,0.15578745051037587
296,296.0,296.19999910780564,0.05769656603992908,0.06486350297566497,0.0572339070057367,0.21709781557148905,0.07725559308820676,0.06099662581237043,0.3085369043416332,0.15631908516496995
297,297.0,297.199980854782,0.05745977037701308,0.06421220701594064,0.056608821492831446,0.21746452497933688,0.07657649974056582,0.06120917847379161,0.30965074328304215,0.1568182546374785
298,298.0,298.19996461851287,0.05712070761778355,0.06345901551111344,0.05591035179105264,0.21857038833592343,0.07579193607270845,0.061297524566281195,0.31067692528114726,0.15717315082399014
299,299.0,299.1999503596856,0.05751693796590651,0.06264040219510279,0.05516854732247642,0.21927260377869737,0.07494186656656794,0.06128877652356524,0.31173549091442176,0.15743537473326205
300,300.0,300.1999380231441,0.05775977855061671,0.06175913959964451,0.05438888609262675,0.21968650225053654,0.07410374569285033,0.06117502525648156,0.31353553525959404,0.15759138729764965
301,301.0,301.1999275400254,0.057997202027277206,0.06072150392453135,0.053649862802688277,0.22038394588937224,0.07325909361959973,0.06103395568566316,0.31523762012059,0.15771681593027814
302,302.0,302.1999188298182,0.05822753540682571,0.05971132431763665,0.05295499555294191,0.2212649345850477,0.07241557355341723,0.060873358371513774,0.31673608982194457,0.1578161883906726
303,303.0,303.19991180233365,0.05844502061339193,0.058731558555605315,0.05230268575239839,0.22206815151192386,0.07156973878371156,0.06057167932374291,0.3184363878100188,0.15787477764920738
304,304.0,304.1999063595742,0.0586589240478566,0.05780168930724235,0.05170510444786085,0.22275667334402136,0.07074809872941072,0.06026317634257597,0.32015495252061216,0.15791138126042015
305,305.0,305.19990239749495,0.058865479258162476,0.05692404001874179,0.05115918672937029,0.22348405649357894,0.06995329018853623,0.05994911825737252,0.3217394958950986,0.15792533315913931
306,306.0,306.1998998076487,0.05822658780618234,0.05609873081189569,0.05066167188115658,0.22513834434564123,0.06918015733137228,0.0596292663512438,0.32299261482832087,0.1580726266441874
307,307.0,307.19989847871057,0.05749136341069356,0.055334048287276824,0.050217845599621544,0.22686112254279703,0.06845653310344642,0.05931947624840128,0.3241252249656445,0.158194385842119
308,308.0,308.19989829787914,0.056692022923664986,0.05532575994243505,0.04975544921803478,0.2282726545933981,0.0677138066686855,0.05903596178217281,0.3250543745407215,0.15814997033088743
309,309.0,309.1998991521521,0.05584640006527792,0.05525343228951405,0.049284356042009876,0.23009394225672614,0.06696361573436883,0.058699357161003024,0.325825520120324,0.1580333763307763
310,310.0,310.1999009294762,0.05496843567542639,0.05513017711515348,0.04881006919867384,0.2322750797132372,0.06619522004461198,0.058316838472373136,0.3264704732053807,0.1578337065751434
311,311.0,311.19990351977316,0.054067917178990677,0.054957689936880334,0.04844732664987974,0.23447286621736527,0.06542768637104171,0.05789586471680476,0.3271667742583452,0.15756387467069238
312,312.0,312.1999068158426,0.05336401342205897,0.05473820420048747,0.04808249038595695,0.23598473803086614,0.06466301993376393,0.057439219459997234,0.3285144042207089,0.1572139103461605
313,313.0,313.19991071414677,0.05265180172142092,0.05468625820213706,0.04771848026163051,0.23703155438732984,0.06390705856342563,0.056953818784816854,0.3302582494018551,0.15679277867738417
314,314.0,314.19991511547903,0.05194039490385692,0.054606997230946704,0.04736347246450737,0.23821908519413634,0.06315790408450268,0.056450701086836384,0.33193911298512846,0.15632233205008525
315,315.0,315.19991992552326,0.051237191452664595,0.05450457263631984,0.04702180120442418,0.2394637670143232,0.06242161015755264,0.05593685012956725,0.33360265779847054,0.15581154960667787
316,316.0,316.19992505530786,0.050542013582017584,0.05437181363092261,0.04668807641103547,0.24073601044835058,0.06189677184067622,0.05541190764854721,0.33489989484496485,0.15545351159348558
317,317.0,317.1999304215609,0.04986597361444127,0.054129309934802375,0.046369865828521144,0.24175540717368293,0.061391859747871085,0.05488701801787046,0.33596256130384866,0.1556380043789622
318,318.0,318.199935946973,0.049222929890407156,0.05389589791257677,0.046079793958836386,0.24262037176952095,0.06091372943292768,0.054375861844143156,0.3370889683139387,0.1558024468776493
319,319.0,319.1999415603742,0.04859161414559034,0.05371952786046421,0.045792685214743015,0.24348127136766026,0.060434408489089896,0.05385542199278434,0.33823708274027636,0.15588798818939167
320,320.0,320.19994719683154,0.048398477434551286,0.05352099475479883,0.04551505874982242,0.24392806355245142,0.05996598077302665,0.05333855619033541,0.33943039320621265,0.15590247533880142
321,321.0,321.1999527976749,0.04823744998745326,0.05332833291038594,0.04526042646434808,0.2442855653628531,0.05952170992147649,0.053026946809475166,0.340449540726689,0.15589002781731906
322,322.0,322.1999583104571,0.04810556048391882,0.053141230043261815,0.04502777721035197,0.2448338197047769,0.059101050111847124,0.05272814151289403,0.3416280213534656,0.15543439957948374
323,323.0,323.1999636888565,0.04797912595449327,0.05293866453992987,0.04480800370845611,0.24525733077615422,0.05911573343738375,0.05244021399085413,0.34250946431475265,0.15495146327797601
324,324.0,324.1999688925274,0.04785771449754611,0.05272284111931389,0.044601084915812036,0.2456879266590363,0.05905664228751483,0.052163813964386206,0.3431864575535345,0.1547235190028561
325,325.0,325.1999738869059,0.047737678999879816,0.052492646408493444,0.04440447246323745,0.24632924792991567,0.05900458268735968,0.05189698784426199,0.34364786422061216,0.15448651944623978
326,326.0,326.1999786429776,0.0476340061973933,0.05226630185399615,0.04431333404289756,0.24690527154736142,0.058961323120026644,0.05163906791925323,0.34413195517681083,0.15414874014226088
327,327.0,327.1999831370123,0.04754628538891518,0.0520448811164056,0.044237254196978645,0.24742031220810468,0.05892479039051536,0.05139138282986428,0.34464023260279447,0.15379486126642178
328,328.0,328.1999873502734,0.04710216947524696,0.05182859477856869,0.0441743383069807,0.24814196285598894,0.05889236612097756,0.05115358928874476,0.34527937700391753,0.1534276021695748
329,329.0,329.1999912687057,0.046827278698325696,0.05159115572929036,0.04410954440109985,0.24847389683898335,0.05883524790213198,0.05091208827891734,0.34621441712009887,0.15303637103115253
330,330.0,330.19999488260765,0.04656912829782518,0.05136603199802264,0.044057507323947975,0.24881300795305017,0.05878055442194025,0.050685742484756165,0.34709904399429614,0.15262898352616153
331,331.0,331.1999981862934,0.046323207483895276,0.051131406643085825,0.04400698924561908,0.24920014855253728,0.05871793622657552,0.050467096168519965,0.3479492713391887,0.15220394434057843
