,Unnamed: 0,Total_iterations,Intertwine_two,Add_vertex,Delete_vertex,Invert_path_vertices,Insert_inside_vertex,Delete_inside_vertex,Replace_inside_vertex,Donate_between_routes
0,0.0,0.0,0.125,0.125,0.125,0.125,0.125,0.125,0.125,0.125
1,1.0,1.0,0.125,0.125,0.125,0.125,0.125,0.125,0.125,0.125
2,2.0,2.0,0.125,0.125,0.125,0.125,0.125,0.125,0.125,0.125
3,3.0,3.0,0.125,0.125,0.125,0.125,0.125,0.125,0.125,0.125
4,4.0,4.0,0.125,0.125,0.125,0.125,0.125,0.125,0.125,0.125
5,5.0,5.0,0.125,0.125,0.125,0.125,0.125,0.125,0.125,0.125
6,6.0,6.0,0.125,0.125,0.125,0.125,0.125,0.125,0.125,0.125
7,7.0,7.0,0.125,0.125,0.125,0.125,0.125,0.125,0.125,0.125
8,8.0,8.0,0.125,0.125,0.125,0.125,0.125,0.125,0.125,0.125
9,9.0,9.0,0.125,0.125,0.125,0.125,0.125,0.125,0.125,0.125
10,10.0,10.0,0.125,0.125,0.125,0.125,0.125,0.125,0.125,0.125
11,11.0,11.0,0.125,0.125,0.125,0.125,0.125,0.125,0.125,0.125
12,12.0,12.0,0.125,0.125,0.125,0.125,0.125,0.125,0.125,0.125
13,13.0,13.0,0.125,0.125,0.125,0.125,0.125,0.125,0.125,0.125
14,14.0,14.0,0.125,0.125,0.125,0.125,0.125,0.125,0.125,0.125
15,15.0,15.0,0.125,0.125,0.125,0.125,0.125,0.125,0.125,0.125
16,16.0,16.0,0.125,0.125,0.125,0.125,0.125,0.125,0.125,0.125
17,17.0,17.0,0.125,0.125,0.125,0.125,0.125,0.125,0.125,0.125
18,18.0,18.0,0.125,0.125,0.125,0.125,0.125,0.125,0.125,0.125
19,19.0,19.0,0.125,0.125,0.125,0.125,0.125,0.125,0.125,0.125
20,20.0,20.0,0.125,0.125,0.125,0.125,0.125,0.125,0.125,0.125
21,21.0,21.0,0.125,0.125,0.125,0.125,0.125,0.125,0.125,0.125
22,22.0,22.0,0.125,0.125,0.125,0.125,0.125,0.125,0.125,0.125
23,23.0,23.0,0.125,0.125,0.125,0.125,0.125,0.125,0.125,0.125
24,24.0,24.0,0.125,0.125,0.125,0.125,0.125,0.125,0.125,0.125
25,25.0,25.0,0.125,0.125,0.125,0.125,0.125,0.125,0.125,0.125
26,26.0,26.0,0.125,0.125,0.125,0.125,0.125,0.125,0.125,0.125
27,27.0,27.0,0.125,0.125,0.125,0.125,0.125,0.125,0.125,0.125
28,28.0,28.0,0.125,0.125,0.125,0.125,0.125,0.125,0.125,0.125
29,29.0,29.0,0.125,0.125,0.125,0.125,0.125,0.125,0.125,0.125
30,30.0,30.0,0.125,0.125,0.125,0.125,0.125,0.125,0.125,0.125
31,31.0,31.0,0.125,0.125,0.125,0.125,0.125,0.125,0.125,0.125
32,32.0,32.0,0.125,0.125,0.125,0.125,0.125,0.125,0.125,0.125
33,33.0,33.0,0.125,0.125,0.125,0.125,0.125,0.125,0.125,0.125
34,34.0,34.0,0.125,0.125,0.125,0.125,0.125,0.125,0.125,0.125
35,35.0,35.0,0.125,0.125,0.125,0.125,0.125,0.125,0.125,0.125
36,36.0,36.0,0.125,0.125,0.125,0.125,0.125,0.125,0.125,0.125
37,37.0,37.0,0.125,0.125,0.125,0.125,0.125,0.125,0.125,0.125
38,38.0,38.0,0.125,0.125,0.125,0.125,0.125,0.125,0.125,0.125
39,39.0,39.0,0.125,0.125,0.125,0.125,0.125,0.125,0.125,0.125
40,40.0,40.0,0.125,0.125,0.125,0.125,0.125,0.125,0.125,0.125
41,41.0,41.0,0.125,0.125,0.125,0.125,0.125,0.125,0.125,0.125
42,42.0,42.0,0.125,0.125,0.125,0.125,0.125,0.125,0.125,0.125
43,43.0,43.0,0.125,0.125,0.125,0.125,0.125,0.125,0.125,0.125
44,44.0,44.0,0.125,0.125,0.125,0.125,0.125,0.125,0.125,0.125
45,45.0,45.0,0.125,0.125,0.125,0.125,0.125,0.125,0.125,0.125
46,46.0,46.0,0.125,0.125,0.125,0.125,0.125,0.125,0.125,0.125
47,47.0,47.0,0.125,0.125,0.125,0.125,0.125,0.125,0.125,0.125
48,48.0,48.0,0.125,0.125,0.125,0.125,0.125,0.125,0.125,0.125
49,49.0,49.0,0.125,0.125,0.125,0.125,0.125,0.125,0.125,0.125
50,50.0,50.0,0.125,0.125,0.125,0.125,0.125,0.125,0.125,0.125
51,51.0,51.0,0.125,0.125,0.125,0.125,0.125,0.125,0.125,0.125
52,52.0,52.0,0.125,0.125,0.125,0.125,0.125,0.125,0.125,0.125
53,53.0,53.0,0.125,0.125,0.125,0.125,0.125,0.125,0.125,0.125
54,54.0,54.0,0.125,0.125,0.125,0.125,0.125,0.125,0.125,0.125
55,55.0,55.0,0.125,0.125,0.125,0.125,0.125,0.125,0.125,0.125
56,56.0,56.0,0.125,0.125,0.125,0.125,0.125,0.125,0.125,0.125
57,57.0,57.0,0.125,0.125,0.125,0.125,0.125,0.125,0.125,0.125
58,58.0,58.0,0.125,0.125,0.125,0.125,0.125,0.125,0.125,0.125
59,59.0,59.0,0.125,0.125,0.125,0.125,0.125,0.125,0.125,0.125
60,60.0,60.0,0.125,0.125,0.125,0.125,0.125,0.125,0.125,0.125
61,61.0,61.0,0.125,0.125,0.125,0.125,0.125,0.125,0.125,0.125
62,62.0,62.0,0.125,0.125,0.125,0.125,0.125,0.125,0.125,0.125
63,63.0,63.0,0.125,0.125,0.125,0.125,0.125,0.125,0.125,0.125
64,64.0,64.0,0.125,0.125,0.125,0.125,0.125,0.125,0.125,0.125
65,65.0,65.0,0.125,0.125,0.125,0.125,0.125,0.125,0.125,0.125
66,66.0,66.0,0.125,0.125,0.125,0.125,0.125,0.125,0.125,0.125
67,67.0,67.0,0.125,0.125,0.125,0.125,0.125,0.125,0.125,0.125
68,68.0,68.0,0.125,0.125,0.125,0.125,0.125,0.125,0.125,0.125
69,69.0,69.0,0.125,0.125,0.125,0.125,0.125,0.125,0.125,0.125
70,70.0,70.1,0.125,0.125,0.125,0.125,0.125,0.125,0.125,0.125
71,71.0,71.1,0.125,0.125,0.125,0.125,0.125,0.125,0.125,0.125
72,72.0,72.1,0.125,0.125,0.125,0.125,0.125,0.125,0.125,0.125
73,73.0,73.1,0.125,0.125,0.125,0.125,0.125,0.125,0.125,0.125
74,74.0,74.1,0.125,0.125,0.125,0.125,0.125,0.125,0.125,0.125
75,75.0,75.1,0.125,0.125,0.125,0.125,0.125,0.125,0.125,0.125
76,76.0,76.2,0.125,0.125,0.125,0.125,0.125,0.125,0.125,0.125
77,77.0,77.2,0.125,0.125,0.125,0.125,0.125,0.125,0.125,0.125
78,78.0,78.2,0.125,0.125,0.125,0.125,0.125,0.125,0.125,0.125
79,79.0,79.2,0.125,0.125,0.125,0.125,0.125,0.125,0.125,0.125
80,80.0,80.2,0.125,0.125,0.125,0.125,0.125,0.125,0.125,0.125
81,81.0,81.2,0.125,0.125,0.125,0.125,0.125,0.125,0.125,0.125
82,82.0,82.2,0.125,0.125,0.125,0.125,0.125,0.125,0.125,0.125
83,83.0,83.2,0.125,0.125,0.125,0.125,0.125,0.125,0.125,0.125
84,84.0,84.2,0.125,0.125,0.125,0.125,0.125,0.125,0.125,0.125
85,85.0,85.3,0.125,0.125,0.125,0.125,0.125,0.125,0.125,0.125
86,86.0,86.4,0.125,0.125,0.125,0.125,0.125,0.125,0.125,0.125
87,87.0,87.4,0.125,0.125,0.125,0.125,0.125,0.125,0.125,0.125
88,88.0,88.4,0.125,0.125,0.125,0.125,0.125,0.125,0.125,0.125
89,89.0,89.4,0.125,0.125,0.125,0.125,0.125,0.125,0.125,0.125
90,90.0,90.5,0.125,0.125,0.125,0.125,0.125,0.125,0.125,0.125
91,91.0,91.5,0.125,0.125,0.125,0.125,0.125,0.125,0.125,0.125
92,92.0,92.5,0.125,0.125,0.125,0.125,0.125,0.125,0.125,0.125
93,93.0,93.5,0.125,0.125,0.125,0.125,0.125,0.125,0.125,0.125
94,94.0,94.5,0.125,0.125,0.125,0.125,0.125,0.125,0.125,0.125
95,95.0,95.5,0.125,0.125,0.125,0.125,0.125,0.125,0.125,0.125
96,96.0,96.6,0.125,0.125,0.125,0.125,0.125,0.125,0.125,0.125
97,97.0,97.6,0.125,0.125,0.125,0.125,0.125,0.125,0.125,0.125
98,98.0,98.6,0.125,0.125,0.125,0.125,0.125,0.125,0.125,0.125
99,99.0,99.6,0.125,0.125,0.125,0.125,0.125,0.125,0.125,0.125
100,100.0,100.6,0.125,0.125,0.125,0.125,0.125,0.125,0.125,0.125
101,101.0,101.6,0.125,0.125,0.125,0.125,0.125,0.125,0.125,0.125
102,102.0,102.6,0.125,0.125,0.125,0.125,0.125,0.125,0.125,0.125
103,103.0,103.6,0.125,0.125,0.125,0.125,0.125,0.125,0.125,0.125
104,104.0,104.6,0.125,0.125,0.125,0.125,0.125,0.125,0.125,0.125
105,105.0,105.6,0.125,0.125,0.125,0.125,0.125,0.125,0.125,0.125
106,106.0,106.6,0.125,0.125,0.125,0.125,0.125,0.125,0.125,0.125
107,107.0,107.6,0.125,0.125,0.125,0.125,0.125,0.125,0.125,0.125
108,108.0,108.6,0.125,0.125,0.125,0.125,0.125,0.125,0.125,0.125
109,109.0,109.6,0.125,0.125,0.125,0.125,0.125,0.125,0.125,0.125
110,110.0,110.6,0.125,0.125,0.125,0.125,0.125,0.125,0.125,0.125
111,111.0,111.6,0.125,0.125,0.125,0.125,0.125,0.125,0.125,0.125
112,112.0,112.6,0.125,0.125,0.125,0.125,0.125,0.125,0.125,0.125
113,113.0,113.6,0.125,0.125,0.125,0.125,0.125,0.125,0.125,0.125
114,114.0,114.6,0.125,0.125,0.125,0.125,0.125,0.125,0.125,0.125
115,115.0,115.6,0.125,0.125,0.125,0.125,0.125,0.125,0.125,0.125
116,116.0,116.6,0.125,0.125,0.125,0.125,0.125,0.125,0.125,0.125
117,117.0,117.6,0.125,0.125,0.125,0.125,0.125,0.125,0.125,0.125
118,118.0,118.6,0.125,0.125,0.125,0.125,0.125,0.125,0.125,0.125
119,119.0,119.6,0.125,0.125,0.125,0.125,0.125,0.125,0.125,0.125
120,120.0,120.6,0.125,0.125,0.125,0.125,0.125,0.125,0.125,0.125
121,121.0,121.6,0.125,0.125,0.125,0.125,0.125,0.125,0.125,0.125
122,122.0,122.6,0.125,0.125,0.125,0.125,0.125,0.125,0.125,0.125
123,123.0,123.6,0.125,0.125,0.125,0.125,0.125,0.125,0.125,0.125
124,124.0,124.6,0.125,0.125,0.125,0.125,0.125,0.125,0.125,0.125
125,125.0,125.6,0.125,0.125,0.125,0.125,0.125,0.125,0.125,0.125
126,126.0,126.6,0.125,0.125,0.125,0.125,0.125,0.125,0.125,0.125
127,127.0,127.6,0.125,0.125,0.125,0.125,0.125,0.125,0.125,0.125
128,128.0,128.6,0.125,0.125,0.125,0.125,0.125,0.125,0.125,0.125
129,129.0,129.6,0.125,0.125,0.125,0.125,0.125,0.125,0.125,0.125
130,130.0,130.6,0.125,0.125,0.125,0.125,0.125,0.125,0.125,0.125
131,131.0,131.6,0.125,0.125,0.125,0.125,0.125,0.125,0.125,0.125
132,132.0,132.6,0.125,0.125,0.125,0.125,0.125,0.125,0.125,0.125
133,133.0,133.6,0.125,0.125,0.125,0.125,0.125,0.125,0.125,0.125
134,134.0,134.6,0.125,0.125,0.125,0.125,0.125,0.125,0.125,0.125
135,135.0,135.6,0.125,0.125,0.125,0.125,0.125,0.125,0.125,0.125
136,136.0,136.6,0.125,0.125,0.125,0.125,0.125,0.125,0.125,0.125
137,137.0,137.6,0.125,0.125,0.125,0.125,0.125,0.125,0.125,0.125
138,138.0,138.6,0.125,0.125,0.125,0.125,0.125,0.125,0.125,0.125
139,139.0,139.6,0.125,0.125,0.125,0.125,0.125,0.125,0.125,0.125
140,140.0,140.6,0.125,0.125,0.125,0.125,0.125,0.125,0.125,0.125
141,141.0,141.6,0.125,0.125,0.125,0.125,0.125,0.125,0.125,0.125
142,142.0,142.6,0.125,0.125,0.125,0.125,0.125,0.125,0.125,0.125
143,143.0,143.6,0.125,0.125,0.125,0.125,0.125,0.125,0.125,0.125
144,144.0,144.6,0.125,0.125,0.125,0.125,0.125,0.125,0.125,0.125
145,145.0,145.6,0.125,0.125,0.125,0.125,0.125,0.125,0.125,0.125
146,146.0,146.6,0.125,0.125,0.125,0.125,0.125,0.125,0.125,0.125
147,147.0,147.6,0.125,0.125,0.125,0.125,0.125,0.125,0.125,0.125
148,148.0,148.6,0.125,0.125,0.125,0.125,0.125,0.125,0.125,0.125
149,149.0,149.6,0.125,0.125,0.125,0.125,0.125,0.125,0.125,0.125
150,150.0,150.6,0.125,0.125,0.125,0.125,0.125,0.125,0.125,0.125
151,151.0,151.6,0.125,0.125,0.125,0.125,0.125,0.125,0.125,0.125
152,152.0,152.6,0.125,0.125,0.125,0.125,0.125,0.125,0.125,0.125
153,153.0,153.6,0.125,0.125,0.125,0.125,0.125,0.125,0.125,0.125
154,154.0,154.6,0.125,0.125,0.125,0.125,0.125,0.125,0.125,0.125
155,155.0,155.6,0.125,0.125,0.125,0.125,0.125,0.125,0.125,0.125
156,156.0,156.6,0.125,0.125,0.125,0.125,0.125,0.125,0.125,0.125
157,157.0,157.6,0.125,0.125,0.125,0.125,0.125,0.125,0.125,0.125
158,158.0,158.6,0.125,0.125,0.125,0.125,0.125,0.125,0.125,0.125
159,159.0,159.6,0.125,0.125,0.125,0.125,0.125,0.125,0.125,0.125
160,160.0,160.6,0.125,0.125,0.125,0.125,0.125,0.125,0.125,0.125
161,161.0,161.6,0.125,0.125,0.125,0.125,0.125,0.125,0.125,0.125
162,162.0,162.6,0.125,0.125,0.125,0.125,0.125,0.125,0.125,0.125
163,163.0,163.6,0.125,0.125,0.125,0.125,0.125,0.125,0.125,0.125
164,164.0,164.6,0.125,0.125,0.125,0.125,0.125,0.125,0.125,0.125
165,165.0,165.6,0.125,0.125,0.125,0.125,0.125,0.125,0.125,0.125
166,166.0,166.6,0.125,0.125,0.125,0.125,0.125,0.125,0.125,0.125
167,167.0,167.6,0.125,0.125,0.125,0.125,0.125,0.125,0.125,0.125
168,168.0,168.6,0.125,0.125,0.125,0.125,0.125,0.125,0.125,0.125
169,169.0,169.6,0.125,0.125,0.125,0.125,0.125,0.125,0.125,0.125
170,170.0,170.6,0.125,0.125,0.125,0.125,0.125,0.125,0.125,0.125
171,171.0,171.6,0.125,0.125,0.125,0.125,0.125,0.125,0.125,0.125
172,172.0,172.6,0.125,0.125,0.125,0.125,0.125,0.125,0.125,0.125
173,173.0,173.6,0.125,0.125,0.125,0.125,0.125,0.125,0.125,0.125
174,174.0,174.6,0.125,0.125,0.125,0.125,0.125,0.125,0.125,0.125
175,175.0,175.6,0.125,0.125,0.125,0.125,0.125,0.125,0.125,0.125
176,176.0,176.6,0.125,0.125,0.125,0.125,0.125,0.125,0.125,0.125
177,177.0,177.6,0.125,0.125,0.125,0.125,0.125,0.125,0.125,0.125
178,178.0,178.6,0.125,0.125,0.125,0.125,0.125,0.125,0.125,0.125
179,179.0,179.6,0.125,0.125,0.125,0.125,0.125,0.125,0.125,0.125
180,180.0,180.6,0.125,0.125,0.125,0.125,0.125,0.125,0.125,0.125
181,181.0,181.6,0.125,0.125,0.125,0.125,0.125,0.125,0.125,0.125
182,182.0,182.6,0.125,0.125,0.125,0.125,0.125,0.125,0.125,0.125
183,183.0,183.6,0.125,0.125,0.125,0.125,0.125,0.125,0.125,0.125
184,184.0,184.6,0.125,0.125,0.125,0.125,0.125,0.125,0.125,0.125
185,185.0,185.6,0.125,0.125,0.125,0.125,0.125,0.125,0.125,0.125
186,186.0,186.6,0.125,0.125,0.125,0.125,0.125,0.125,0.125,0.125
187,187.0,187.6,0.125,0.125,0.125,0.125,0.125,0.125,0.125,0.125
188,188.0,188.6,0.125,0.125,0.125,0.125,0.125,0.125,0.125,0.125
189,189.0,189.6,0.125,0.125,0.125,0.125,0.125,0.125,0.125,0.125
190,190.0,190.6,0.125,0.125,0.125,0.125,0.125,0.125,0.125,0.125
191,191.0,191.6,0.125,0.125,0.125,0.125,0.125,0.125,0.125,0.125
192,192.0,192.6,0.125,0.125,0.125,0.125,0.125,0.125,0.125,0.125
193,193.0,193.6,0.125,0.125,0.125,0.125,0.125,0.125,0.125,0.125
194,194.0,194.6,0.125,0.125,0.125,0.125,0.125,0.125,0.125,0.125
195,195.0,195.6,0.125,0.125,0.125,0.125,0.125,0.125,0.125,0.125
196,196.0,196.6,0.125,0.125,0.125,0.125,0.125,0.125,0.125,0.125
197,197.0,197.6,0.125,0.125,0.125,0.125,0.125,0.125,0.125,0.125
198,198.0,198.6,0.125,0.125,0.125,0.125,0.125,0.125,0.125,0.125
199,199.0,199.6,0.125,0.125,0.125,0.125,0.125,0.125,0.125,0.125
200,200.0,200.6,0.12361111111111112,0.12361111111111112,0.12361111111111112,0.12361111111111112,0.12361111111111112,0.12361111111111112,0.13472222222222224,0.12361111111111112
201,201.0,201.6,0.12361111111111112,0.12361111111111112,0.12361111111111112,0.12361111111111112,0.12361111111111112,0.12361111111111112,0.13472222222222224,0.12361111111111112
202,202.0,202.6,0.12250000000000001,0.12250000000000001,0.12250000000000001,0.1325,0.12250000000000001,0.12250000000000001,0.1325,0.12250000000000001
203,203.0,203.6,0.1211111111111111,0.1211111111111111,0.1211111111111111,0.13111111111111112,0.1211111111111111,0.1322222222222222,0.13111111111111112,0.1211111111111111
204,204.0,204.6,0.1202020202020202,0.1202020202020202,0.1202020202020202,0.1383838383838384,0.1202020202020202,0.13131313131313133,0.1292929292929293,0.1202020202020202
205,205.0,205.6,0.1190909090909091,0.1290909090909091,0.1190909090909091,0.13727272727272727,0.1190909090909091,0.1290909090909091,0.12818181818181817,0.1190909090909091
206,206.0,206.6,0.1190909090909091,0.1290909090909091,0.1190909090909091,0.13727272727272727,0.1190909090909091,0.1290909090909091,0.12818181818181817,0.1190909090909091
207,207.0,207.6,0.1190909090909091,0.1290909090909091,0.1190909090909091,0.13727272727272727,0.1190909090909091,0.1290909090909091,0.12818181818181817,0.1190909090909091
208,208.0,208.6,0.1190909090909091,0.1290909090909091,0.1190909090909091,0.13727272727272727,0.1190909090909091,0.1290909090909091,0.12818181818181817,0.1190909090909091
209,209.0,209.6,0.11770202020202021,0.1277020202020202,0.11770202020202021,0.13588383838383838,0.11770202020202021,0.1277020202020202,0.1267929292929293,0.12881313131313132
210,210.0,210.6,0.11679292929292928,0.13497474747474747,0.11679292929292928,0.1349747474747475,0.11679292929292928,0.12588383838383838,0.12588383838383838,0.1279040404040404
211,211.0,211.6,0.11492424242424241,0.13992424242424242,0.11492424242424241,0.13310606060606062,0.12492424242424241,0.12325757575757575,0.1240151515151515,0.12492424242424241
212,212.0,212.6,0.1231060606060606,0.1390151515151515,0.11401515151515151,0.13219696969696967,0.1231060606060606,0.12234848484848485,0.1231060606060606,0.1231060606060606
213,213.0,213.6,0.12246503496503496,0.13645104895104895,0.11337412587412588,0.13155594405594404,0.12246503496503496,0.12106643356643357,0.12246503496503496,0.13015734265734263
214,214.0,214.6,0.12246503496503496,0.13645104895104895,0.11337412587412588,0.13155594405594404,0.12246503496503496,0.12106643356643357,0.12246503496503496,0.13015734265734263
215,215.0,215.6,0.13218725718725718,0.13506216006216004,0.11198523698523696,0.13016705516705515,0.12107614607614607,0.11967754467754468,0.12107614607614607,0.12876845376845375
216,216.0,216.6,0.12857614607614606,0.13256216006216007,0.10948523698523696,0.13766705516705516,0.11961781274281273,0.12724698912198912,0.11857614607614608,0.12626845376845378
217,217.0,217.6,0.11837412587412585,0.14145104895104896,0.10837412587412584,0.13655594405594404,0.11850670163170163,0.12502476689976688,0.11746503496503495,0.13424825174825172
218,218.0,218.6,0.11836709682070505,0.13950400115348568,0.1164270780765626,0.1355179871674717,0.11745800591161415,0.12308845793381873,0.1164270780765626,0.13321029485977937
219,219.0,219.6,0.11773559773559772,0.13710503781932354,0.12236144807573376,0.13387659959088527,0.12338185623899908,0.12070001427144281,0.11478569049997618,0.13005375576804148
220,220.0,220.6,0.11759129759129758,0.13698135198135197,0.12324786324786322,0.13375291375291373,0.12324786324786322,0.12058663558663558,0.11466200466200464,0.12993006993006992
221,221.0,221.6,0.11744988344988343,0.13686013986013984,0.1231165501165501,0.13363170163170163,0.1231165501165501,0.12047552447552445,0.1145407925407925,0.13080885780885781
222,222.0,222.6,0.11830136859839828,0.13674132797895172,0.12298783724526297,0.1335128897505135,0.12298783724526297,0.12036661358443534,0.11442198065960438,0.13068014493757069
223,223.0,223.6,0.11815576580282461,0.13662484574249278,0.12286164815576579,0.13339640751405454,0.12286164815576579,0.12025983820101464,0.11430549842314545,0.1315343480049362
224,224.0,224.6,0.11815576580282461,0.13662484574249278,0.12286164815576579,0.13339640751405454,0.12286164815576579,0.12025983820101464,0.11430549842314545,0.1315343480049362
225,225.0,225.6,0.11815576580282461,0.13662484574249278,0.12286164815576579,0.13339640751405454,0.12286164815576579,0.12025983820101464,0.11430549842314545,0.1315343480049362
226,226.0,226.6,0.11815576580282461,0.13662484574249278,0.12286164815576579,0.13339640751405454,0.12286164815576579,0.12025983820101464,0.11430549842314545,0.1315343480049362
227,227.0,227.6,0.11815576580282461,0.13662484574249278,0.12286164815576579,0.13339640751405454,0.12286164815576579,0.12025983820101464,0.11430549842314545,0.1315343480049362
228,228.0,228.6,0.11815576580282461,0.13662484574249278,0.12286164815576579,0.13339640751405454,0.12286164815576579,0.12025983820101464,0.11430549842314545,0.1315343480049362
229,229.0,229.6,0.11751474016179897,0.13598382010146715,0.12157959687371452,0.1327553818730289,0.12157959687371452,0.119618812559989,0.12135678047442751,0.1296112710818593
230,230.0,230.6,0.11557640072345954,0.14237881399646107,0.11909180688592451,0.13081704243468947,0.11909180688592451,0.10934713978831623,0.12998010159774864,0.13371688768747592
231,231.0,231.6,0.11398909913615793,0.1407915124091595,0.11702831482243245,0.13589640751405457,0.11702831482243245,0.11775983820101465,0.12680549842314545,0.1307010146716029
232,232.0,232.6,0.11334807349513229,0.14656074317839024,0.11574626354038116,0.13525538187302893,0.11574626354038116,0.11711881255998902,0.1261644727821198,0.13005998903057725
233,233.0,233.6,0.11343964858670738,0.1385937102113573,0.1152883880825057,0.13534695696460403,0.1152883880825057,0.12618474662592308,0.1262560478736949,0.1296021135727018
234,234.0,234.6,0.11238195627901511,0.13625396662161368,0.11381402910814672,0.14781490568255273,0.11381402910814672,0.12384500303617949,0.12478168889933594,0.1272944212650095
235,235.0,235.6,0.11734721161191748,0.13423796791443848,0.11252928444104912,0.14561306340718105,0.11252928444104912,0.12182900432900431,0.12349694423223834,0.13241723962312196
236,236.0,236.6,0.116871021135727,0.13947606315253375,0.11205309396485866,0.1446606824548001,0.11205309396485866,0.1204004329004329,0.12302075375604786,0.13146485867074104
237,237.0,237.6,0.11672824557890234,0.13936184270707402,0.11192935514894393,0.14454646200934035,0.11192935514894393,0.12029573082542813,0.12290653331058812,0.1323024752707791
238,238.0,238.6,0.11617154903919609,0.1438331521419757,0.1113913292589763,0.14360110477757534,0.1113913292589763,0.11894304225186578,0.1223778427454898,0.13229065052594463
239,239.0,239.6,0.11580390198037256,0.14199491684785803,0.11102368220015277,0.1428658106599283,0.11102368220015277,0.12372245401657164,0.12201019568666627,0.13155535640829757
240,240.0,240.6,0.11547710459475165,0.14687802393684748,0.10973534635299338,0.14221221588868646,0.11069688481453185,0.12241526447408799,0.12168339830104533,0.13090176163705575
241,241.0,241.6,0.11533974195738901,0.1477113572701808,0.10962545624310327,0.14210232577879636,0.11057783719548424,0.12231453187335539,0.12157350819115523,0.1307552414905356
242,242.0,242.6,0.11533974195738901,0.1477113572701808,0.10962545624310327,0.14210232577879636,0.11057783719548424,0.12231453187335539,0.12157350819115523,0.1307552414905356
243,243.0,243.6,0.1148635514811985,0.15247326203208558,0.10867307529072232,0.14162613530260587,0.1096254562431033,0.12183834139716491,0.12109731771496475,0.12980286053815465
244,244.0,244.6,0.11305799592564299,0.15525103980986335,0.1064508530685001,0.13982057974705034,0.10740323402088107,0.1311438969527205,0.1192917621594092,0.12758063831593244
245,245.0,245.6,0.12471055088702147,0.15983660130718955,0.11662464985994396,0.12218020541549952,0.1075770308123249,0.13057422969187676,0.1107422969187675,0.1277544351073763
246,246.0,246.6,0.12438375350140055,0.1631045751633987,0.11597105508870213,0.12185340802987861,0.10692343604108308,0.13024743230625582,0.11041549953314655,0.12710084033613447
247,247.0,247.6,0.12347466259230963,0.1621954842543078,0.1141528732705203,0.13003522621169677,0.10601434513199218,0.128429250488074,0.10950640862405565,0.12619174942704356
248,248.0,248.6,0.12165499533146591,0.15612745098039219,0.11252801120448179,0.12190242763772174,0.11157563025210082,0.13271475256769372,0.11879785247432303,0.12469887955182075
249,249.0,249.6,0.10957606119370822,0.15385243841126198,0.1297225813402284,0.12029357897004953,0.10996678158442863,0.13535426991309343,0.11783002944767648,0.12340425913955329
250,250.0,250.6,0.1089912658720708,0.15005126882061867,0.12884538835777226,0.12497194154314897,0.10908958860197249,0.13330748628736244,0.1225083920207759,0.12223466849627843
251,251.0,251.6,0.10735383897148601,0.14551910507792862,0.13083369245133952,0.12307135674782735,0.10718900380665083,0.13535426991309343,0.12060780722545425,0.13007092580621993
252,252.0,252.6,0.10596855758620463,0.1415147760735996,0.12806312968077674,0.12144798012445071,0.10556562718327422,0.1325404170992406,0.13759914921679622,0.12730036303565717
253,253.0,253.6,0.10431031017324022,0.1399431087472153,0.12456637486326719,0.11926723633993334,0.10338488339875684,0.13621281388484494,0.14311071312458656,0.12920455946815546
254,254.0,254.6,0.10299546559752608,0.13783775033750906,0.12832479036081312,0.12516850898033643,0.10159384834685223,0.13710764369271822,0.1401185603498251,0.12685343233441965
255,255.0,255.6,0.10218118929411935,0.13932913938324593,0.12582761362450595,0.1237211157938128,0.1001464551603286,0.14044191811394918,0.1428921816560551,0.12546038697398298
256,256.0,256.6,0.1016159137767978,0.14153066228489672,0.12376414001371776,0.12847291770034616,0.0990159041256855,0.13877370142015705,0.1421292776802355,0.12469748299816341
257,257.0,257.6,0.10143475435650792,0.13971906808199816,0.12322066175284821,0.12811059885976644,0.10282025195177247,0.14275920866653385,0.13760029217298916,0.1243351641575837
258,258.0,258.6,0.10126808768984127,0.1380524014153315,0.12272066175284821,0.12777726552643312,0.10632025195177246,0.1425925419998672,0.13726695883965584,0.12400183082425036
259,259.0,259.6,0.10094129030422035,0.13772560402971057,0.12141347221036455,0.12679687336957038,0.10566665718053063,0.15100757467960577,0.13277349478736822,0.12367503343862944
260,260.0,260.6,0.10049504648955547,0.13589474483043032,0.1197823431055512,0.12561198807942192,0.10446647724350859,0.15465489811640287,0.1360195586650111,0.12307494347011842
261,261.0,261.6,0.10062688248981258,0.1403033103904358,0.11857525487214719,0.13181091488361188,0.10433515534902879,0.14102754841656062,0.13599693801081147,0.1273239955875916
262,262.0,262.6,0.0953999539747203,0.14181021038497674,0.11214648020722787,0.14107962563570037,0.1049156044716792,0.14311156565829464,0.13831202286809757,0.12322453679930315
263,263.0,263.6,0.0944908630656294,0.14090111947588582,0.10623738929813695,0.14017053472660945,0.1040065135625883,0.1472024747492037,0.13558475014082488,0.13140635498112133
264,264.0,264.6,0.09325709683186316,0.1396673532421196,0.10500362306437068,0.1375081970642718,0.11062989018596492,0.14596870851543747,0.13283583239190713,0.13512929870406504
265,265.0,265.6,0.09196130928607563,0.13837156569633205,0.10323164504239266,0.14073621904229378,0.10803831509438984,0.14800625430298325,0.13025799356406828,0.13939669797146428
266,266.0,266.6,0.0913987830323729,0.14154164017523005,0.10554309666266781,0.14402028192929786,0.10649486616858797,0.14772637133192384,0.12958476319966145,0.13369019750025796
267,267.0,267.6,0.09004790777559764,0.13800546745729528,0.10777533244777422,0.14051701011806236,0.10370065639016442,0.14688882232910452,0.1305809891175736,0.1424838143644278
268,268.0,268.6,0.08939055787911729,0.13734811756081494,0.11074117095709099,0.13949734138100234,0.10905262326387041,0.14478219707030535,0.1289712582687123,0.14021673361908618
269,269.0,269.6,0.09102949301805245,0.13798990170259912,0.11366149137741141,0.14469904708270803,0.11052489173613889,0.1476519014400097,0.1200395788370329,0.13440369480604736
270,270.0,270.6,0.09011807110663055,0.13707847979117718,0.11137710909302914,0.1419647813484423,0.11330577751702467,0.14550971029781856,0.12730764410509815,0.13333842674077928
271,271.0,271.6,0.09011807110663055,0.14078218349488086,0.11137710909302914,0.1419647813484423,0.11330577751702467,0.14180600659411485,0.12730764410509815,0.13333842674077928
272,272.0,272.6,0.08934477033332977,0.13895068166337904,0.10996278267870271,0.13990942929309025,0.11253247674372388,0.1435459333340416,0.13332107511852914,0.13243285083520337
273,273.0,273.6,0.09574583414818669,0.14114813299876142,0.11283108296079611,0.1393589261563802,0.10531530694034721,0.14103235495839425,0.13266671670555005,0.1319016451315839
274,274.0,274.6,0.09508144107000052,0.13944925716195455,0.1116172393331594,0.13759563197929295,0.10465091386216101,0.14647633626444453,0.13400687080432486,0.13112230952466206
275,275.0,275.6,0.09238302837158781,0.1371675111302085,0.11626671023263029,0.14102817166183262,0.10195250116374832,0.15367210346021173,0.12993941048686453,0.12759056349291603
276,276.0,276.6,0.08969528368306914,0.13484741350051338,0.12188973429605683,0.13573153546349365,0.09777322911060833,0.16013322392523113,0.12591841027391384,0.13401116974711363
277,277.0,277.6,0.08750334202133067,0.13298226922439585,0.11737211084547476,0.13255175864549196,0.09537824959678272,0.162826007485984,0.12813139400840906,0.1432548681721309
278,278.0,278.6,0.08622594852435506,0.13188022182227882,0.11528120412234363,0.1302755219993269,0.1024575060113447,0.16255622375371287,0.12530476176540875,0.14601861200122906
279,279.0,279.6,0.08550264958584142,0.13276071410197046,0.12032506731148496,0.1287245974172969,0.10565176381814749,0.1620324638575912,0.12274930973572737,0.14225343417194009
280,280.0,280.6,0.0845140604722523,0.13403018950451037,0.11762125575686697,0.13516012625201929,0.10408059432359092,0.15966009360215644,0.12148581044803453,0.14344786964056913
281,281.0,281.6,0.08347001117162405,0.13298614020388214,0.12474735837639064,0.13210166177908111,0.10263225573709442,0.15751989945538333,0.12128014011078525,0.14526253316575893
282,282.0,282.6,0.08243146880504984,0.13494948907339127,0.1213821254784148,0.1292577065796344,0.10598667811876865,0.1545440872609392,0.1265483240589032,0.14490012062489854
283,283.0,283.6,0.08210654477101842,0.1356920710868079,0.11764956899825321,0.13237425951241738,0.10974799688615477,0.1534646274777854,0.1259092807777018,0.14305565048986102
284,284.0,284.6,0.08190432091960101,0.13337291175151955,0.11723229138339494,0.13206450877927955,0.1090081386261352,0.15542088358726727,0.1283457421657761,0.1426512027870262
285,285.0,285.6,0.08199294992596577,0.13147308408489253,0.11870660907383548,0.12134275105923373,0.11413260613169751,0.16514900182040776,0.12289769340230368,0.14430530450166335
286,286.0,286.6,0.08133560002948544,0.12989136444051302,0.11799323676839155,0.11929032139171455,0.11929032139171455,0.16379137181188264,0.12151205218929675,0.14689573197700131
287,287.0,287.6,0.08057353611300977,0.1312126338573707,0.12245494417862839,0.11684882661198451,0.12055337206652994,0.1636659261790841,0.12015459102301204,0.1445361699703805
288,288.0,288.6,0.08003739741510636,0.12969610300260453,0.12060843284682292,0.1156971841368126,0.11867757629367534,0.17260754828247088,0.11908231362720526,0.143593444395302
289,289.0,289.6,0.07987828872658591,0.1286126245661849,0.11990588155603635,0.11530389168469661,0.11794814938777784,0.1709772204756725,0.11876409625016433,0.14860984735288144
290,290.0,290.6,0.0795739537380404,0.12743527370462354,0.12171877657945769,0.11385486718304054,0.11926713465413155,0.1692803275156216,0.11830927242691944,0.15056039419816508
291,291.0,291.6,0.08152625731573096,0.12870035159508844,0.12545392992761412,0.11185154211469998,0.12055024081339868,0.16636809163124952,0.11722812459654561,0.14832146200567253
292,292.0,292.6,0.0812657770552507,0.12850397389871074,0.12487293684662104,0.11073330849646637,0.1220642823274402,0.1688457066088645,0.11696764433606537,0.14674637043058095
293,293.0,293.6,0.08107270208040422,0.12751838946960897,0.12423273631232552,0.10485257860097397,0.12132251360107582,0.1756914644334413,0.1167034456058846,0.14860616989628544
294,294.0,294.6,0.08687847424733793,0.12725128714261552,0.11504525611758579,0.10561444125938835,0.12025971070524208,0.17453647705340858,0.11791182685963789,0.15250252661478372
295,295.0,295.6,0.08669942915449973,0.12880301128054655,0.112234878942196,0.1046816384300338,0.12245467091744369,0.17385787404721936,0.12010770359294105,0.1511607936351197
296,296.0,296.6,0.08125915163142375,0.1303303051249136,0.11402349682837484,0.10438547118264703,0.12179555361198491,0.17782312253429067,0.11981153634555428,0.15057136274081073
297,297.0,297.6,0.08114840966021666,0.13027493413931004,0.11596148132449888,0.10421935822583642,0.12157406966957071,0.17699255775023753,0.11964542338874365,0.15018376584158594
298,298.0,298.6,0.08023009297078613,0.13168219884522836,0.11783766511622737,0.10984159400719092,0.12002372894542339,0.17407134799304244,0.11786164413250418,0.14845172798959705
299,299.0,299.6,0.07951580725650041,0.13096791313094264,0.11277959310693583,0.10817492734052425,0.1188332527549472,0.18359515751685201,0.11643307270393274,0.14970027618936477
300,300.0,300.6,0.07811688311688308,0.12973063973063972,0.11872775372775372,0.10827561327561326,0.11908609908609905,0.18279701779701776,0.11358826358826354,0.1496777296777297
301,301.0,301.6,0.07893374741200825,0.1305475040257649,0.13604439843570276,0.10904416839199446,0.12158500115021849,0.16508511617207267,0.10415919024614675,0.15460087416609156
302,302.0,302.6,0.07866008105369804,0.1302738376674547,0.13458741416188222,0.10872424856467408,0.12081025554429806,0.16724361139254756,0.1036581109985365,0.1560424406169087
303,303.0,303.6,0.07857142857142854,0.1322685185185185,0.1342328042328042,0.10859126984126984,0.1205886243386243,0.1665343915343915,0.10352513227513224,0.1556878306878307
304,304.0,304.6,0.0784047619047619,0.13210185185185186,0.1332328042328042,0.10842460317460319,0.12008862433862429,0.16920105820105819,0.10319179894179893,0.15535449735449736
305,305.0,305.6,0.07819554476531217,0.13111744091395255,0.12542157670064644,0.10816001504954993,0.12156507037320985,0.17127499976337188,0.10277336466289952,0.16149198777105755
306,306.0,306.6,0.07805309462286203,0.1309749907715024,0.1171594684385382,0.1080175649070998,0.12113771994585945,0.18096160944998158,0.10248846437799923,0.16120708748615725
307,307.0,307.6,0.07783578547698147,0.1307151646188191,0.11946483502961906,0.1077577387544165,0.12256912584155104,0.1789585860183867,0.10209636309304079,0.16060240116718522
308,308.0,308.6,0.07771263276762183,0.1305920119094595,0.12514628002140887,0.10763458604505687,0.12219966771347224,0.16661594781367955,0.10529833353639055,0.1648005401929104
309,309.0,309.6,0.07598827980804723,0.12882684262335425,0.13270576473483447,0.10503608342561832,0.1300821643903039,0.16328568352405565,0.10288661252614739,0.16118856896763872
310,310.0,310.6,0.07452558358586334,0.12732493071489584,0.13382434618500985,0.10279887739951284,0.13642936984139928,0.16030622575854472,0.10080199979542459,0.1639886667193494
311,311.0,311.6,0.0726658606694516,0.1272793522596874,0.1348066320048194,0.10182737301837848,0.13362797886994188,0.15793726723446289,0.09962888251106441,0.1722266534321938
312,312.0,312.6,0.07257116369975464,0.12718465528999043,0.13679526836845574,0.1017326760486815,0.13334388796085098,0.15699029753749316,0.09934479160197351,0.17203725949279985
313,313.0,313.6,0.07240946819954637,0.12698667531953542,0.13830408141999911,0.10153469607822649,0.1328588014602262,0.15740527286922765,0.09896855851208892,0.17153244614114965
314,314.0,314.6,0.07161452774311869,0.1261567942621294,0.1362212127944002,0.10255666687267233,0.1304739800909431,0.16587937142656703,0.09797061022779215,0.1691268365823769
315,315.0,315.6,0.07146782259641352,0.12597641908175422,0.1376305442037316,0.1023426216586271,0.13003386465082764,0.16625214679934244,0.0976315048886868,0.16866507612061646
316,316.0,316.6,0.07100101507078248,0.12547714402365565,0.1446648034438732,0.10115728429681917,0.1292870368451763,0.16451510800348007,0.09665528229481712,0.16724232602139577
317,317.0,317.6,0.07063749365462949,0.12511362260750264,0.14973829799105193,0.10020896755902875,0.12878126791835476,0.16344034903398427,0.09585711570717688,0.16622288552827108
318,318.0,318.6,0.07002056672191308,0.12449669567478623,0.15067332787345025,0.09959204062631233,0.12693048712020555,0.16338492200487303,0.09331952172221447,0.17158243825624483
319,319.0,319.6,0.06995646415781052,0.1253585190366096,0.14958358428370666,0.09952793806220976,0.12673817942789783,0.16425386787381893,0.09312721402990679,0.1714542331280397
320,320.0,320.6,0.06989548854805441,0.12529754342685348,0.1509860233080969,0.09946696245245368,0.12655525259862954,0.16352216055674576,0.09294428720063848,0.17133228190852753
321,321.0,321.6,0.07076334246468884,0.13050262931229883,0.14994072714084952,0.09940889044316215,0.126381036570755,0.16428032290027392,0.09277007117276392,0.16595297999520767
322,322.0,322.6,0.07044481358434843,0.12992094253722158,0.1544275255321767,0.09856404577334807,0.12595176571920752,0.16329734219269104,0.0920776424264796,0.1653159222345269
323,323.0,323.6,0.0713178853876528,0.1298680884146,0.15569602447509423,0.09851119165072653,0.12579320335134284,0.1626102385986107,0.09099315413268898,0.16521021398928376
324,324.0,324.6,0.07126738033714776,0.129817583364095,0.15690814568721545,0.09846068660022148,0.12564168819982768,0.16195367294204505,0.09084163898117384,0.16510920388827363
325,325.0,325.6,0.07121907115840378,0.12976927418535103,0.15806756597707053,0.0984123774214775,0.1254967606635958,0.16132565361837353,0.09069671144494196,0.16501258553078574
326,326.0,326.6,0.07098404783452604,0.1310415362177025,0.15763707809530567,0.09815847890803968,0.12482473574314287,0.16240558663797,0.09037579019327993,0.1645727463700331
327,327.0,327.6,0.07085060329741179,0.13088307082987932,0.15842106475085196,0.09805839550520398,0.12471631205673754,0.16233052408584323,0.09030072764115316,0.16443930183291883
328,328.0,328.6,0.0706690581158666,0.13214160208841058,0.15808800441779164,0.0978591053059138,0.12510670244712793,0.16190327865859783,0.09012600746643298,0.1641062414998585
329,329.0,329.6,0.07062074893712264,0.13132034604976323,0.1578947677028158,0.09993639999190414,0.12472022901717625,0.1615651144073901,0.09002938910894505,0.1639130047848827
330,330.0,330.6,0.07333958059072473,0.13305233559810217,0.1497485377662723,0.10193154743497992,0.12860040818850885,0.16480419615431055,0.08292272617501448,0.16560066809208687
331,331.0,331.6,0.07511641540327384,0.13480503913651998,0.15972342452687335,0.10374055727970403,0.12600634845159198,0.15889924203507072,0.08671164960679505,0.15499732356017087
332,332.0,332.6,0.0822617765074479,0.134215160592902,0.16060494420931123,0.1020578748236501,0.12398706920244047,0.15893199307425934,0.08519338023782039,0.1527478013521684
333,333.0,333.6,0.08175928955439524,0.1374042792670518,0.15841003327853664,0.10113171425000353,0.12111931744012958,0.15619844867053548,0.09179937725800973,0.15217754028133776
334,334.0,334.6,0.08044868281760861,0.13591101992636517,0.16816334560580082,0.10032004440572213,0.11939394152309749,0.15466674629718108,0.09039234422866134,0.15070387519556316
335,335.0,335.6,0.08024244505870008,0.13500202130299094,0.1688392894568367,0.10006625389257846,0.12083080759955248,0.15458317842426492,0.09009470606720239,0.15034129819787379
336,336.0,336.6,0.08008224657384319,0.13481971848568486,0.1678405165484997,0.0999428959618035,0.12061546413437166,0.15580229955229954,0.08988863066594156,0.1510082280775558
337,337.0,337.6,0.07982498003086236,0.1334764902853138,0.16612128340069515,0.10371655087831555,0.11999085065261532,0.15508368483368484,0.08937409757997991,0.1524120623385329
338,338.0,338.6,0.07962735157236434,0.1328836049098197,0.16994041113286634,0.10292603704432346,0.11794137034226546,0.15654027976854062,0.088124139808283,0.15201680542153687
339,339.0,339.6,0.07941252211840444,0.13230645661528012,0.17363423341364517,0.102167729329494,0.1176928708546355,0.1555719003219003,0.08762714083302316,0.1515871465136171
340,340.0,340.6,0.07921338791927025,0.1317739890828126,0.17529007756948933,0.10146859513035981,0.11746126912303381,0.15643986568986573,0.0871639373698197,0.1511888781153487
341,341.0,341.6,0.08156301197942063,0.1329331369524868,0.1780469698000658,0.102627743000034,0.11144623152904887,0.15878948975001606,0.08108624313423073,0.15350717385469706
342,342.0,342.6,0.08153276394554285,0.13094210460488348,0.18094544316400302,0.1025974949661562,0.11138573546129324,0.1581845290724601,0.08096525099871954,0.15344667778694146
343,343.0,343.6,0.08142812648744849,0.13083746714678915,0.17974164959334452,0.10241744272676472,0.11117646054510459,0.1605770420728048,0.08077294551023362,0.15304886591750994
344,344.0,344.6,0.08132730895938442,0.13073664961872505,0.18024647522289033,0.10224405625820716,0.11097482548897639,0.1593307012693805,0.08058738221945766,0.1545526009629783
345,345.0,345.6,0.08129998655501283,0.1307093272143535,0.181120792162781,0.10221673385383559,0.11092018068023324,0.15875693077757724,0.08047809260197132,0.15449795615423512
346,346.0,346.6,0.08144021218519085,0.13118288617786486,0.18618733543794408,0.1028569594840136,0.11103396527392262,0.15436833567798264,0.07653899512268346,0.15639131064039763
347,347.0,347.6,0.08124794388001932,0.13465728453936,0.18519885617527126,0.10216469117884208,0.11081609533024624,0.15366403460271386,0.07626992190199733,0.1559811723915497
348,348.0,348.6,0.08122314229271775,0.1346324829520584,0.18601730855622364,0.1021398895915405,0.11076649215564308,0.1531432012693805,0.076170715552791,0.15590676762964498
349,349.0,349.6,0.08041697191697189,0.1346810134310134,0.1861413308913309,0.10226098901098897,0.11086355311355309,0.15521459096459098,0.0761471306471306,0.15427442002442
350,350.0,350.6,0.08027777025234649,0.13536029648317782,0.18525778882134813,0.10215076025669242,0.1107082846531999,0.15616779971440992,0.07599594473323285,0.15408135508559234
351,351.0,351.6,0.08010130989678164,0.13472229766607452,0.1828418266740427,0.105358915285743,0.11050921009591638,0.1570089784361856,0.07575164177251195,0.15370582017274398
352,352.0,352.6,0.07989284799551168,0.1344782283014802,0.18352809556333416,0.10510637041463897,0.11021335166867903,0.15721411801295265,0.07553430457814472,0.15403268346525836
353,353.0,353.6,0.07975949030460923,0.13430985660497555,0.18271303040683678,0.10583435726155166,0.11006568390592178,0.15808185641266032,0.07539303067728002,0.15384269442616444
354,354.0,354.6,0.07973878637086182,0.13428915267122812,0.18205050452691962,0.10581365332780424,0.11145284746699839,0.15756425806897506,0.07531021494229037,0.15378058262492222
355,355.0,355.6,0.07967944996024122,0.13360236528021535,0.18261901362069793,0.10567588554463463,0.11296111274494054,0.15678673015640154,0.07515130067235705,0.15352414202051143
356,356.0,356.6,0.0778093801623213,0.13308976154564386,0.18060035552682607,0.10583916900093367,0.1127836134453781,0.16078925159807508,0.07514562235150465,0.15394284636931693
