Total_iterations,Unnamed: 0.1,Intertwine_two,Add_vertex,Delete_vertex,Invert_path_vertices,Insert_inside_vertex,Delete_inside_vertex,Replace_inside_vertex,Donate_between_routes
0,0.0,0.125,0.125,0.125,0.125,0.125,0.125,0.125,0.125
1,1.0,0.125,0.125,0.125,0.125,0.125,0.125,0.125,0.125
2,2.0,0.125,0.125,0.125,0.125,0.125,0.125,0.125,0.125
3,3.0,0.125,0.125,0.125,0.125,0.125,0.125,0.125,0.125
4,4.0,0.125,0.125,0.125,0.125,0.125,0.125,0.125,0.125
5,5.0,0.125,0.125,0.125,0.125,0.125,0.125,0.125,0.125
6,6.0,0.125,0.125,0.125,0.125,0.125,0.125,0.125,0.125
7,7.0,0.125,0.125,0.125,0.125,0.125,0.125,0.125,0.125
8,8.0,0.125,0.125,0.125,0.125,0.125,0.125,0.125,0.125
9,9.0,0.125,0.125,0.125,0.125,0.125,0.125,0.125,0.125
10,10.0,0.125,0.125,0.125,0.125,0.125,0.125,0.125,0.125
11,11.0,0.125,0.125,0.125,0.125,0.125,0.125,0.125,0.125
12,12.0,0.125,0.125,0.125,0.125,0.125,0.125,0.125,0.125
13,13.0,0.125,0.125,0.125,0.125,0.125,0.125,0.125,0.125
14,14.0,0.125,0.125,0.125,0.125,0.125,0.125,0.125,0.125
15,15.0,0.125,0.125,0.125,0.125,0.125,0.125,0.125,0.125
16,16.0,0.125,0.125,0.125,0.125,0.125,0.125,0.125,0.125
17,17.0,0.125,0.125,0.125,0.125,0.125,0.125,0.125,0.125
18,18.0,0.125,0.125,0.125,0.125,0.125,0.125,0.125,0.125
19,19.0,0.125,0.125,0.125,0.125,0.125,0.125,0.125,0.125
20,20.0,0.125,0.125,0.125,0.125,0.125,0.125,0.125,0.125
21,21.0,0.125,0.125,0.125,0.125,0.125,0.125,0.125,0.125
22,22.0,0.125,0.125,0.125,0.125,0.125,0.125,0.125,0.125
23,23.0,0.125,0.125,0.125,0.125,0.125,0.125,0.125,0.125
24,24.0,0.125,0.125,0.125,0.125,0.125,0.125,0.125,0.125
25,25.0,0.125,0.125,0.125,0.125,0.125,0.125,0.125,0.125
26,26.0,0.125,0.125,0.125,0.125,0.125,0.125,0.125,0.125
27,27.0,0.125,0.125,0.125,0.125,0.125,0.125,0.125,0.125
28,28.0,0.125,0.125,0.125,0.125,0.125,0.125,0.125,0.125
29,29.0,0.125,0.125,0.125,0.125,0.125,0.125,0.125,0.125
30,30.0,0.125,0.125,0.125,0.125,0.125,0.125,0.125,0.125
31,31.0,0.125,0.125,0.125,0.125,0.125,0.125,0.125,0.125
32,32.0,0.125,0.125,0.125,0.125,0.125,0.125,0.125,0.125
33,33.0,0.125,0.125,0.125,0.125,0.125,0.125,0.125,0.125
34,34.0,0.125,0.125,0.125,0.125,0.125,0.125,0.125,0.125
35,35.0,0.125,0.125,0.125,0.125,0.125,0.125,0.125,0.125
36,36.0,0.125,0.125,0.125,0.125,0.125,0.125,0.125,0.125
37,37.0,0.125,0.125,0.125,0.125,0.125,0.125,0.125,0.125
38,38.0,0.125,0.125,0.125,0.125,0.125,0.125,0.125,0.125
39,39.0,0.125,0.125,0.125,0.125,0.125,0.125,0.125,0.125
40,40.0,0.125,0.125,0.125,0.125,0.125,0.125,0.125,0.125
41,41.0,0.125,0.125,0.125,0.125,0.125,0.125,0.125,0.125
42,42.0,0.125,0.125,0.125,0.125,0.125,0.125,0.125,0.125
43,43.0,0.125,0.125,0.125,0.125,0.125,0.125,0.125,0.125
44,44.0,0.125,0.125,0.125,0.125,0.125,0.125,0.125,0.125
45,45.0,0.125,0.125,0.125,0.125,0.125,0.125,0.125,0.125
46,46.0,0.125,0.125,0.125,0.125,0.125,0.125,0.125,0.125
47,47.0,0.125,0.125,0.125,0.125,0.125,0.125,0.125,0.125
48,48.0,0.125,0.125,0.125,0.125,0.125,0.125,0.125,0.125
49,49.0,0.125,0.125,0.125,0.125,0.125,0.125,0.125,0.125
50,50.0,0.125,0.125,0.125,0.125,0.125,0.125,0.125,0.125
51,51.0,0.125,0.125,0.125,0.125,0.125,0.125,0.125,0.125
52,52.0,0.125,0.125,0.125,0.125,0.125,0.125,0.125,0.125
53,53.0,0.125,0.125,0.125,0.125,0.125,0.125,0.125,0.125
54,54.0,0.125,0.125,0.125,0.125,0.125,0.125,0.125,0.125
55,55.0,0.125,0.125,0.125,0.125,0.125,0.125,0.125,0.125
56,56.0,0.125,0.125,0.125,0.125,0.125,0.125,0.125,0.125
57,57.0,0.125,0.125,0.125,0.125,0.125,0.125,0.125,0.125
58,58.0,0.125,0.125,0.125,0.125,0.125,0.125,0.125,0.125
59,59.0,0.125,0.125,0.125,0.125,0.125,0.125,0.125,0.125
60,60.0,0.125,0.125,0.125,0.125,0.125,0.125,0.125,0.125
61,61.0,0.125,0.125,0.125,0.125,0.125,0.125,0.125,0.125
62,62.0,0.125,0.125,0.125,0.125,0.125,0.125,0.125,0.125
63,63.0,0.125,0.125,0.125,0.125,0.125,0.125,0.125,0.125
64,64.0,0.125,0.125,0.125,0.125,0.125,0.125,0.125,0.125
65,65.0,0.125,0.125,0.125,0.125,0.125,0.125,0.125,0.125
66,66.0,0.125,0.125,0.125,0.125,0.125,0.125,0.125,0.125
67,67.0,0.125,0.125,0.125,0.125,0.125,0.125,0.125,0.125
68,68.0,0.125,0.125,0.125,0.125,0.125,0.125,0.125,0.125
69,69.0,0.125,0.125,0.125,0.125,0.125,0.125,0.125,0.125
70,70.0,0.125,0.125,0.125,0.125,0.125,0.125,0.125,0.125
71,71.0,0.125,0.125,0.125,0.125,0.125,0.125,0.125,0.125
72,72.0,0.125,0.125,0.125,0.125,0.125,0.125,0.125,0.125
73,73.0,0.125,0.125,0.125,0.125,0.125,0.125,0.125,0.125
74,74.0,0.125,0.125,0.125,0.125,0.125,0.125,0.125,0.125
75,75.0,0.125,0.125,0.125,0.125,0.125,0.125,0.125,0.125
76,76.0,0.125,0.125,0.125,0.125,0.125,0.125,0.125,0.125
77,77.0,0.125,0.125,0.125,0.125,0.125,0.125,0.125,0.125
78,78.0,0.125,0.125,0.125,0.125,0.125,0.125,0.125,0.125
79,79.0,0.125,0.125,0.125,0.125,0.125,0.125,0.125,0.125
80,80.0,0.125,0.125,0.125,0.125,0.125,0.125,0.125,0.125
81,81.0,0.125,0.125,0.125,0.125,0.125,0.125,0.125,0.125
82,82.0,0.125,0.125,0.125,0.125,0.125,0.125,0.125,0.125
83,83.0,0.125,0.125,0.125,0.125,0.125,0.125,0.125,0.125
84,84.0,0.125,0.125,0.125,0.125,0.125,0.125,0.125,0.125
85,85.0,0.125,0.125,0.125,0.125,0.125,0.125,0.125,0.125
86,86.0,0.125,0.125,0.125,0.125,0.125,0.125,0.125,0.125
87,87.0,0.125,0.125,0.125,0.125,0.125,0.125,0.125,0.125
88,88.0,0.125,0.125,0.125,0.125,0.125,0.125,0.125,0.125
89,89.0,0.125,0.125,0.125,0.125,0.125,0.125,0.125,0.125
90,90.0,0.125,0.125,0.125,0.125,0.125,0.125,0.125,0.125
91,91.0,0.125,0.125,0.125,0.125,0.125,0.125,0.125,0.125
92,92.0,0.125,0.125,0.125,0.125,0.125,0.125,0.125,0.125
93,93.0,0.125,0.125,0.125,0.125,0.125,0.125,0.125,0.125
94,94.0,0.125,0.125,0.125,0.125,0.125,0.125,0.125,0.125
95,95.0,0.125,0.125,0.125,0.125,0.125,0.125,0.125,0.125
96,96.0,0.125,0.125,0.125,0.125,0.125,0.125,0.125,0.125
97,97.0,0.125,0.125,0.125,0.125,0.125,0.125,0.125,0.125
98,98.0,0.125,0.125,0.125,0.125,0.125,0.125,0.125,0.125
99,99.0,0.125,0.125,0.125,0.125,0.125,0.125,0.125,0.125
100,100.0,0.125,0.125,0.125,0.125,0.125,0.125,0.125,0.125
101,101.0,0.125,0.125,0.125,0.125,0.125,0.125,0.125,0.125
102,102.0,0.125,0.125,0.125,0.125,0.125,0.125,0.125,0.125
103,103.0,0.125,0.125,0.125,0.125,0.125,0.125,0.125,0.125
104,104.0,0.125,0.125,0.125,0.125,0.125,0.125,0.125,0.125
105,105.0,0.125,0.125,0.125,0.125,0.125,0.125,0.125,0.125
106,106.0,0.125,0.125,0.125,0.125,0.125,0.125,0.125,0.125
107,107.0,0.125,0.125,0.125,0.125,0.125,0.125,0.125,0.125
108,108.0,0.125,0.125,0.125,0.125,0.125,0.125,0.125,0.125
109,109.0,0.125,0.125,0.125,0.125,0.125,0.125,0.125,0.125
110,110.0,0.125,0.125,0.125,0.125,0.125,0.125,0.125,0.125
111,111.0,0.125,0.125,0.125,0.125,0.125,0.125,0.125,0.125
112,112.0,0.125,0.125,0.125,0.125,0.125,0.125,0.125,0.125
113,113.0,0.125,0.125,0.125,0.125,0.125,0.125,0.125,0.125
114,114.0,0.125,0.125,0.125,0.125,0.125,0.125,0.125,0.125
115,115.0,0.125,0.125,0.125,0.125,0.125,0.125,0.125,0.125
116,116.0,0.125,0.125,0.125,0.125,0.125,0.125,0.125,0.125
117,117.0,0.125,0.125,0.125,0.125,0.125,0.125,0.125,0.125
118,118.0,0.125,0.125,0.125,0.125,0.125,0.125,0.125,0.125
119,119.0,0.125,0.125,0.125,0.125,0.125,0.125,0.125,0.125
120,120.0,0.125,0.125,0.125,0.125,0.125,0.125,0.125,0.125
121,121.0,0.125,0.125,0.125,0.125,0.125,0.125,0.125,0.125
122,122.0,0.125,0.125,0.125,0.125,0.125,0.125,0.125,0.125
123,123.0,0.125,0.125,0.125,0.125,0.125,0.125,0.125,0.125
124,124.0,0.125,0.125,0.125,0.125,0.125,0.125,0.125,0.125
125,125.0,0.125,0.125,0.125,0.125,0.125,0.125,0.125,0.125
126,126.0,0.125,0.125,0.125,0.125,0.125,0.125,0.125,0.125
127,127.0,0.125,0.125,0.125,0.125,0.125,0.125,0.125,0.125
128,128.0,0.125,0.125,0.125,0.125,0.125,0.125,0.125,0.125
129,129.0,0.125,0.125,0.125,0.125,0.125,0.125,0.125,0.125
130,130.0,0.125,0.125,0.125,0.125,0.125,0.125,0.125,0.125
131,131.0,0.125,0.125,0.125,0.125,0.125,0.125,0.125,0.125
132,132.0,0.125,0.125,0.125,0.125,0.125,0.125,0.125,0.125
133,133.0,0.125,0.125,0.125,0.125,0.125,0.125,0.125,0.125
134,134.0,0.125,0.125,0.125,0.125,0.125,0.125,0.125,0.125
135,135.0,0.125,0.125,0.125,0.125,0.125,0.125,0.125,0.125
136,136.0,0.125,0.125,0.125,0.125,0.125,0.125,0.125,0.125
137,137.0,0.125,0.125,0.125,0.125,0.125,0.125,0.125,0.125
138,138.0,0.125,0.125,0.125,0.125,0.125,0.125,0.125,0.125
139,139.0,0.125,0.125,0.125,0.125,0.125,0.125,0.125,0.125
140,140.0,0.125,0.125,0.125,0.125,0.125,0.125,0.125,0.125
141,141.0,0.125,0.125,0.125,0.125,0.125,0.125,0.125,0.125
142,142.0,0.125,0.125,0.125,0.125,0.125,0.125,0.125,0.125
143,143.0,0.125,0.125,0.125,0.125,0.125,0.125,0.125,0.125
144,144.0,0.125,0.125,0.125,0.125,0.125,0.125,0.125,0.125
145,145.0,0.125,0.125,0.125,0.125,0.125,0.125,0.125,0.125
146,146.0,0.125,0.125,0.125,0.125,0.125,0.125,0.125,0.125
147,147.0,0.125,0.125,0.125,0.125,0.125,0.125,0.125,0.125
148,148.0,0.125,0.125,0.125,0.125,0.125,0.125,0.125,0.125
149,149.0,0.125,0.125,0.125,0.125,0.125,0.125,0.125,0.125
150,150.0,0.125,0.125,0.125,0.125,0.125,0.125,0.125,0.125
151,151.0,0.125,0.125,0.125,0.125,0.125,0.125,0.125,0.125
152,152.0,0.125,0.125,0.125,0.125,0.125,0.125,0.125,0.125
153,153.0,0.125,0.125,0.125,0.125,0.125,0.125,0.125,0.125
154,154.0,0.125,0.125,0.125,0.125,0.125,0.125,0.125,0.125
155,155.0,0.125,0.125,0.125,0.125,0.125,0.125,0.125,0.125
156,156.0,0.125,0.125,0.125,0.125,0.125,0.125,0.125,0.125
157,157.0,0.125,0.125,0.125,0.125,0.125,0.125,0.125,0.125
158,158.0,0.125,0.125,0.125,0.125,0.125,0.125,0.125,0.125
159,159.0,0.125,0.125,0.125,0.125,0.125,0.125,0.125,0.125
160,160.0,0.125,0.125,0.125,0.125,0.125,0.125,0.125,0.125
161,161.0,0.125,0.125,0.125,0.125,0.125,0.125,0.125,0.125
162,162.0,0.125,0.125,0.125,0.125,0.125,0.125,0.125,0.125
163,163.0,0.125,0.125,0.125,0.125,0.125,0.125,0.125,0.125
164,164.0,0.125,0.125,0.125,0.125,0.125,0.125,0.125,0.125
165,165.0,0.125,0.125,0.125,0.125,0.125,0.125,0.125,0.125
166,166.0,0.125,0.125,0.125,0.125,0.125,0.125,0.125,0.125
167,167.0,0.125,0.125,0.125,0.125,0.125,0.125,0.125,0.125
168,168.0,0.125,0.125,0.125,0.125,0.125,0.125,0.125,0.125
169,169.0,0.125,0.125,0.125,0.125,0.125,0.125,0.125,0.125
170,170.0,0.125,0.125,0.125,0.125,0.125,0.125,0.125,0.125
171,171.0,0.125,0.125,0.125,0.125,0.125,0.125,0.125,0.125
172,172.0,0.125,0.125,0.125,0.125,0.125,0.125,0.125,0.125
173,173.0,0.125,0.125,0.125,0.125,0.125,0.125,0.125,0.125
174,174.0,0.125,0.125,0.125,0.125,0.125,0.125,0.125,0.125
175,175.0,0.125,0.125,0.125,0.125,0.125,0.125,0.125,0.125
176,176.0,0.125,0.125,0.125,0.125,0.125,0.125,0.125,0.125
177,177.0,0.125,0.125,0.125,0.125,0.125,0.125,0.125,0.125
178,178.0,0.125,0.125,0.125,0.125,0.125,0.125,0.125,0.125
179,179.0,0.125,0.125,0.125,0.125,0.125,0.125,0.125,0.125
180,180.0,0.125,0.125,0.125,0.125,0.125,0.125,0.125,0.125
181,181.0,0.125,0.125,0.125,0.125,0.125,0.125,0.125,0.125
182,182.0,0.125,0.125,0.125,0.125,0.125,0.125,0.125,0.125
183,183.0,0.125,0.125,0.125,0.125,0.125,0.125,0.125,0.125
184,184.0,0.125,0.125,0.125,0.125,0.125,0.125,0.125,0.125
185,185.0,0.125,0.125,0.125,0.125,0.125,0.125,0.125,0.125
186,186.0,0.125,0.125,0.125,0.125,0.125,0.125,0.125,0.125
187,187.0,0.125,0.125,0.125,0.125,0.125,0.125,0.125,0.125
188,188.0,0.125,0.125,0.125,0.125,0.125,0.125,0.125,0.125
189,189.0,0.125,0.125,0.125,0.125,0.125,0.125,0.125,0.125
190,190.0,0.125,0.125,0.125,0.125,0.125,0.125,0.125,0.125
191,191.0,0.125,0.125,0.125,0.125,0.125,0.125,0.125,0.125
192,192.0,0.125,0.125,0.125,0.125,0.125,0.125,0.125,0.125
193,193.0,0.125,0.125,0.125,0.125,0.125,0.125,0.125,0.125
194,194.0,0.125,0.125,0.125,0.125,0.125,0.125,0.125,0.125
195,195.0,0.125,0.125,0.125,0.125,0.125,0.125,0.125,0.125
196,196.0,0.125,0.125,0.125,0.125,0.125,0.125,0.125,0.125
197,197.0,0.125,0.125,0.125,0.125,0.125,0.125,0.125,0.125
198,198.0,0.125,0.125,0.125,0.125,0.125,0.125,0.125,0.125
199,199.0,0.125,0.125,0.125,0.125,0.125,0.125,0.125,0.125
200,200.0,0.1248611111111111,0.1248611111111111,0.1248611111111111,0.1248611111111111,0.1248611111111111,0.1248611111111111,0.1259722222222222,0.1248611111111111
201,201.0,0.1247236111111111,0.1247236111111111,0.1247236111111111,0.1247236111111111,0.1247236111111111,0.1247236111111111,0.1269347222222222,0.1247236111111111
202,202.0,0.124477625,0.124477625,0.124477625,0.125477625,0.124477625,0.124477625,0.127656625,0.124477625
203,203.0,0.1240975723611111,0.1240975723611111,0.1240975723611111,0.1260875723611111,0.1240975723611111,0.1252086834722222,0.1282158823611111,0.1240975723611111
204,204.0,0.123634751282702,0.123634751282702,0.123634751282702,0.1274140331008838,0.123634751282702,0.1258458623938131,0.1285663480917929,0.123634751282702
205,205.0,0.1230727738902159,0.1240727738902159,0.1230727738902159,0.1286064347083977,0.1230727738902159,0.1262517738902159,0.1287779219503068,0.1230727738902159
206,206.0,0.1225271755889853,0.1245171755889854,0.1225271755889853,0.1297662590808035,0.1225271755889853,0.1266454855889854,0.1289623773852845,0.1225271755889853
207,207.0,0.1220017744528971,0.1249628744528971,0.1220017744528971,0.130885165697888,0.1220017744528971,0.1270242803528971,0.1291205816847296,0.1220017744528971
208,208.0,0.1214998047767978,0.1254052837767978,0.1214998047767978,0.1319560572690124,0.1214998047767978,0.1273858619277978,0.1292535779192012,0.1214998047767978
209,209.0,0.1208850542225606,0.1257014195325606,0.1208850542225606,0.1328341374941726,0.1208850542225606,0.1275894469279506,0.1292236680439629,0.1219961653336717
210,210.0,0.1202090392926326,0.1267152204467145,0.1202090392926326,0.1335639976148044,0.1202090392926326,0.1275919809790107,0.129081532677829,0.1224201504037438
211,211.0,0.1193795960688318,0.1282051860346827,0.1193795960688318,0.1340481105351037,0.1203795960688318,0.1273145539363868,0.1287347652184998,0.1225585960688318
212,212.0,0.1194067254491469,0.1295724365368407,0.118497634540056,0.1343834825731736,0.1203967254491469,0.126933390725328,0.128284569277161,0.1225250354491469
213,213.0,0.1194040326788971,0.1306409788821558,0.1175949417698062,0.1345993497145719,0.1203751326788971,0.1264162896484016,0.1277635052791426,0.1232057693481279
214,214.0,0.1194322192085337,0.1316607676936282,0.1167403101176246,0.1347631960852441,0.1203765982085337,0.1258974001183481,0.1272415629777849,0.1238879455903029
215,215.0,0.1204601374649938,0.1324875915476388,0.1157985908993372,0.1347396964096672,0.1202599126638827,0.125243200986892,0.1265851607375466,0.1244257092900419
216,216.0,0.1211414239819194,0.1330074787013935,0.1146629100637376,0.1354228202892218,0.1200172246744861,0.1253557096499324,0.1256893085747181,0.1247031240645911
217,217.0,0.1208087270478928,0.1343598128422692,0.1134779094698019,0.1359489630184882,0.1196837002536013,0.1252536580191672,0.1247007988920756,0.1257664304567039
218,218.0,0.120484250890189,0.1354531211503889,0.1131656663195466,0.1363247655963553,0.1192668887165773,0.1249658917436896,0.1236349868495797,0.1267044287336736
219,219.0,0.1201079008990501,0.1362377110943114,0.1135106986018041,0.1364907813744882,0.1194660545379445,0.1244492833914235,0.1224395381659446,0.1272980319350336
220,220.0,0.1197310328609605,0.1369401467272945,0.1139983766677881,0.1366016851731746,0.119671062495072,0.1239355053147035,0.1212747272902162,0.1278474634707905
221,221.0,0.1193563128598418,0.1375606296373988,0.1145166504798432,0.1366608896656686,0.1198782063508833,0.1234285052372637,0.1201481490636573,0.1284506567054434
222,222.0,0.1190851490795869,0.1381001781706012,0.1150562246199311,0.1366720006404547,0.1200841479716415,0.1229317842708416,0.1190662739064068,0.1290042413405363
223,223.0,0.1188187035929882,0.1385605351249209,0.1156085385633138,0.1366387611852169,0.1202859134141103,0.1224484061558555,0.1180344951087675,0.1296046468548269
224,224.0,0.1185722732771478,0.1389554994899844,0.1161781522082828,0.1365764221387912,0.1204932596597488,0.1219914801728197,0.1170686042240359,0.1301643088291895
225,225.0,0.1183463209181481,0.1392876608810667,0.1167576394482297,0.1364885168507607,0.1207035551657836,0.1215629303683693,0.1161716713697685,0.1306817049978733
226,226.0,0.1181410582438952,0.139559977981655,0.1173402180512572,0.1363784809981663,0.1209144020511148,0.1211642046226905,0.1153457700714616,0.1311558879797594
227,227.0,0.1179564689126569,0.1397757120497928,0.1179197530950271,0.1362496279959901,0.1211236367089593,0.1207963077873628,0.1145920561865023,0.1315864372637086
228,228.0,0.1177923314834441,0.1399383640480439,0.1184907535850274,0.1361051280892122,0.1213293280154875,0.1204598359397044,0.1139108481124053,0.1319734107266751
229,229.0,0.1175841395762438,0.1399875130993117,0.1189201578435299,0.135883888403258,0.1214015682645605,0.1200909087353223,0.1140068355539536,0.13212498852382
230,230.0,0.1172022389217852,0.1406312097049737,0.119084437067705,0.1354596536767629,0.1212195857760387,0.1187269860124579,0.115029055812884,0.1326468330273924
231,231.0,0.116683539792059,0.1410692825342543,0.1190260128612956,0.1355393528184331,0.1208281745411188,0.1182469269409083,0.1157811041863096,0.1328256063256211
232,232.0,0.1161256636046438,0.1420376934562789,0.1188252489669334,0.13555055002879,0.1203097007042988,0.1177459003250122,0.1165040891006585,0.1329011538133842
233,233.0,0.1156049566440326,0.1421577904866189,0.1185679840619543,0.135566833345711,0.1197516523337342,0.1181952988996488,0.1172605368695446,0.1328949473587553
234,234.0,0.11500889806814,0.1419962626521978,0.1181562137902428,0.1368260844389238,0.1190573402602778,0.1184456777351102,0.1178838590741477,0.1326256639809596
235,235.0,0.1149427014652356,0.1415918647701956,0.1176137242321716,0.1378491144077144,0.118251551815936,0.1185234120693186,0.1183853528898326,0.1328422783495952
236,236.0,0.1148595505764695,0.1416781772316455,0.1170270201843774,0.1387522427743825,0.1174215004946604,0.1184835717498459,0.118840194189754,0.1329377427988644
237,237.0,0.11479055192649,0.1417224152616133,0.1164368733975758,0.139612720656642,0.116608396358623,0.1184564138663259,0.1192799349108003,0.1330926936219293
238,238.0,0.114692160424062,0.1421857547065291,0.1158068635179714,0.1403419524410261,0.1157760096350957,0.1183150960833926,0.11965909848723,0.1332230647046927
239,239.0,0.1145816372521459,0.1424354106518961,0.1151589345778551,0.1409573231585725,0.1149462500742776,0.118672130716908,0.1199907684427169,0.1332575451256276
240,240.0,0.1144617093061415,0.1431440067735849,0.1144056124232575,0.1414648822022536,0.1141275610522379,0.1189132461658201,0.1202767859365326,0.1332061961401715
241,241.0,0.1143501918438874,0.1439024167880708,0.1136699308124279,0.141918169667442,0.1133445294081204,0.1191551969928505,0.1205372787936228,0.1331222856935779
242,242.0,0.1142597216289937,0.1446230752059292,0.1129673726169881,0.142327969947225,0.1126121340062883,0.1194045460859828,0.1207820846589793,0.1330230958496132
243,243.0,0.1141414795912542,0.1457787410788348,0.1122064129821154,0.1426469147097264,0.1118373970812933,0.1196104410800566,0.1209627051255028,0.1328159083512161
244,244.0,0.1138617269206326,0.1471635633517601,0.1112639937115937,0.142743201646351,0.1108957922181936,0.1207485811334497,0.1209460541157131,0.1323770869023059
245,245.0,0.1147671677032612,0.1489493343117064,0.1113850646408377,0.141036596237165,0.1100308019385752,0.1218198936136117,0.1200595787632752,0.1319515627915673
246,246.0,0.1156488185009024,0.150992198231234,0.1114810648522241,0.1392794077221188,0.1091624134985319,0.1228389384679782,0.1191358983890738,0.1314612603379365
247,247.0,0.1164387444778753,0.1528609904372213,0.1114305467630185,0.1383418598798367,0.1082675650370094,0.1236483455934725,0.1181264729728243,0.1308854748387417
248,248.0,0.117038070312211,0.1540294450333892,0.1112498175412046,0.1366017206277039,0.1079957977345998,0.1248531712633255,0.1180609338397387,0.1301710436478271
249,249.0,0.1164157393995298,0.1548745329724973,0.1128194001917796,0.1347277175041173,0.107626120620839,0.1262800819137767,0.1179125355036429,0.1293438718938172
250,250.0,0.1157287652638948,0.1552447742130179,0.1143133370905359,0.1333646095648586,0.1072290985298445,0.1274503650166029,0.1182459881979069,0.1284230621233381
251,251.0,0.1148793708578466,0.1550728399012934,0.1160020312214457,0.1318638272597766,0.1067003250691386,0.1287668693844272,0.1183986611814411,0.1283160751246305
252,252.0,0.1139011324350115,0.1544221287720749,0.1173931162745071,0.1302628608177456,0.1060669780795408,0.1297362120393705,0.1202572925261962,0.1279602790555533
253,253.0,0.1127755673646753,0.1535502484961551,0.1184021174745742,0.128515767834533,0.1052738779014883,0.1310039021579785,0.1226546356941608,0.1278238830764346
254,254.0,0.111546421771887,0.1524189490093672,0.1197477026782761,0.127441026098736,0.1043620942910233,0.1322863953627818,0.124717590042157,0.1274798207457715
255,255.0,0.1102732535462933,0.1514041063891132,0.1207947825648024,0.1263062940466823,0.1033690672635107,0.1338222791725271,0.1270056207890534,0.1270245962280174
256,256.0,0.108989953949005,0.1505901506509909,0.1215811354121944,0.1257343636079586,0.1023300617142533,0.135103949321333,0.1291474236723481,0.1265229616719165
257,257.0,0.1077431279676945,0.1495858361827301,0.1222563351947754,0.1252107798699732,0.1017422499266446,0.1366927007008841,0.1307519662566676,0.1260170039006302
258,258.0,0.1065412341817365,0.1484166188136214,0.122823658264679,0.124735219362351,0.1015739993380481,0.1381665753554701,0.132231204508385,0.1255114901757087
259,259.0,0.1053741185708933,0.1472280012688786,0.1232025001082256,0.1242395961514455,0.1014046768573243,0.1403788254790152,0.1331635300730146,0.1250087514912027
260,260.0,0.1042347618570012,0.1458801355862904,0.1233624545779576,0.123700619504797,0.1011748884342027,0.1428408704258915,0.1343233291160891,0.1244829404977704
261,261.0,0.1031851272608495,0.145008059120403,0.1233499036626519,0.1238545468889785,0.1009878625520383,0.143812116185001,0.1353818484849255,0.1244205358451522
262,262.0,0.1016921808250934,0.1443268328132587,0.1226479838844799,0.1249995162898971,0.1009110570983254,0.1448667934146885,0.1365721752978656,0.1239834603763913
263,263.0,0.1001946976735001,0.1435976538216369,0.1213203319564434,0.1260998807532728,0.1007910685728081,0.1462075415529343,0.1373881406324868,0.1244006850369175
264,264.0,0.0986665478676109,0.1427910507623432,0.1198512391712508,0.1269646815438105,0.1013775710120781,0.1473007875859416,0.1378295837538374,0.1252185383031274
265,265.0,0.0971075397773743,0.1419042922791978,0.1182033817013109,0.1281712396083013,0.1017387888900024,0.1484751428036976,0.1379191611666498,0.1264804537734657
266,266.0,0.095596717565878,0.1413878898264281,0.1168017377738034,0.1297111979493833,0.101972535349598,0.149499385317565,0.1378558461257145,0.1271746900916295
267,267.0,0.0940599107045189,0.14057104785063,0.1156508954064459,0.1308899241150327,0.1019487094935816,0.1503197185399073,0.1378157743514034,0.1287440195384801
268,268.0,0.0925709295103584,0.1397444992788302,0.114832965497169,0.1319450816504414,0.1024799823795032,0.1508130469520274,0.137546388817299,0.1300671059143711
269,269.0,0.0913629362331951,0.1390408201612087,0.1143479426754512,0.1334904165997855,0.1031710812329032,0.1514837044610887,0.1363250225879512,0.1307780760484161
270,270.0,0.0901812656604545,0.1383058575796211,0.1136761193944865,0.1347198777855978,0.1041446968840841,0.151834759074814,0.1357897450708355,0.1313476785501062
271,271.0,0.0891171301994497,0.1380024878486781,0.1130484883386037,0.1358988418884573,0.1051125617764764,0.1517170873690265,0.1352231742957741,0.131880228283534
272,272.0,0.0880920876162871,0.1375741018641413,0.1123254739544208,0.1368150337700955,0.1059882422597048,0.1516860647000612,0.1352354483976551,0.1322835474376339
273,273.0,0.0878221825000968,0.1374220654095888,0.1119379641241083,0.1376155001051288,0.1061200800591129,0.1513253851467675,0.1351619155152588,0.1325949071399376
274,274.0,0.0875920651041879,0.1371526056927026,0.1114767521024303,0.1381770246494626,0.1061642470395739,0.1514422413775245,0.1352047993428826,0.1327902646912352
275,275.0,0.0871900119376868,0.1367048838590229,0.1115280132451745,0.1390198367809153,0.1059190227203735,0.1522173296536518,0.1348246694706124,0.1325962323325626
276,276.0,0.0866113197833229,0.1360745507184536,0.1121838376498615,0.1392687874281979,0.1052407284122128,0.1535755688867338,0.1340315999744366,0.1330136071467807
277,277.0,0.085902142317219,0.13530846509215,0.1124193762354835,0.1391394928093051,0.1043160905904695,0.1551328391029679,0.1334580039043227,0.1343235899480819
278,278.0,0.085152155245069,0.1344855213295875,0.1124717976363301,0.138729626646047,0.10410246378242,0.1565843356081817,0.132605838117961,0.1358682616344034
279,279.0,0.0844155749190756,0.1338068681761774,0.1130514572808663,0.1381211135944444,0.1042131758581449,0.1578980253547172,0.1315103329437419,0.1369834518728321
280,280.0,0.0836646644609902,0.1333125663376201,0.1133755059057933,0.1381230395697029,0.1041700856564416,0.1588844534860844,0.1303104181260952,0.1381592664572718
281,281.0,0.0828929340787632,0.1327704659845247,0.1144222174286907,0.1377892973669649,0.1039855757029306,0.1595659757907983,0.1291216816797077,0.1394518519676196
282,282.0,0.08210029326903,0.1324810672958833,0.1151309859189778,0.1371476575086772,0.1041414257832797,0.1598613038822422,0.1285002218570815,0.1406370444848279
283,283.0,0.0813577358922273,0.1323195508952228,0.1154581333078143,0.1368029374202061,0.1046762752556874,0.1599659810200134,0.1278574847106159,0.1415619014982124
284,284.0,0.0806766999567509,0.1319759954030154,0.1157327525531858,0.1364174274881905,0.1051343711711571,0.1601908025195333,0.1275031853782753,0.1423687655298914
285,285.0,0.0800849067250872,0.1314907818568511,0.1161423370313663,0.1349547635902827,0.1060978419201858,0.1613182545030927,0.1266479366706964,0.1432631777024376
286,286.0,0.0795056382589506,0.1308957407231456,0.116465268551609,0.1332970029901033,0.1075610847624284,0.1622355057606167,0.1257021462798909,0.1443376126732552
287,287.0,0.0789263898654855,0.1304822868816701,0.117217357343019,0.1314208021559849,0.1091216007542212,0.1630640459896211,0.1246732878706314,0.1450942291393664
288,288.0,0.0783679239040517,0.1299658288086226,0.1177619619904635,0.1294713374023212,0.1104528032826724,0.1647099132079585,0.1235949005942411,0.1456753308096688
289,289.0,0.0778660884050199,0.1293899714411777,0.1182103157526485,0.1275397483461572,0.1116601905977986,0.1661071372745273,0.1225474044381153,0.1466791437445553
290,290.0,0.0774041249602523,0.1287461912555712,0.118812079298991,0.1255340571788293,0.1129416172959475,0.1672436504704456,0.1215213424333981,0.1477969371065647
291,291.0,0.0772052865055084,0.1282801877020624,0.1197562487983196,0.1234118107214423,0.11428646711379,0.1679956555287867,0.1204576511460504,0.1486066924840399
292,292.0,0.0770434935782931,0.1278453483731969,0.1206048788509089,0.1212743628619032,0.1157108738382485,0.1689039459400798,0.1194419856958945,0.1491751108614748
293,293.0,0.0769207952810843,0.127362020789563,0.1213473064247669,0.1186571762551145,0.1169821971025166,0.1704054006993891,0.1184767235041378,0.1498483799434277
294,294.0,0.0774324630982829,0.1269018794183935,0.1211255975206407,0.1162398485983046,0.1180635109157601,0.1716940718821047,0.1177110928779495,0.1508315356885637
295,295.0,0.0779695197359684,0.1266464186753763,0.1205842183753576,0.1138647193508511,0.1192781513667943,0.1728144396976428,0.1172436203275273,0.1515989124704819
296,296.0,0.077996142051763,0.1265907993171493,0.1201923455388891,0.1116056554941961,0.1203371812376856,0.1742297299238301,0.1168219191400627,0.1522262272964238
297,297.0,0.0780416580346541,0.1265725998542622,0.1199717699485747,0.10948368488441,0.1212827434509895,0.1754563685750979,0.1164556729477185,0.1527355023042928
298,298.0,0.0780218582665687,0.1267339701511062,0.1199207674102238,0.1080834916471523,0.1219816286327339,0.1762835842772708,0.115979570953395,0.152995128661549
299,299.0,0.0779546922509054,0.1268572571337784,0.1193482269018389,0.1066742320905541,0.1224719986803833,0.1779583369987651,0.1154270427474378,0.1533082131963369
300,300.0,0.0777699615729026,0.1268855946381248,0.1193620701684252,0.1054309740356242,0.1229022288971285,0.1794421686813075,0.1146553467500743,0.1535516552564127
301,301.0,0.0776888596076525,0.1270212352724741,0.1210998504147411,0.1044173436902254,0.1235011650005008,0.1790399755242581,0.1130072421866174,0.1542243283035303
302,302.0,0.0776009500811399,0.1271512078950905,0.1226675996892529,0.1035193526436521,0.1239435712944411,0.1787543026114394,0.1113853596353405,0.1549776561496434
303,303.0,0.0775235575687772,0.1274988776382752,0.1241623111881321,0.102749911788606,0.1242882406809185,0.178311168091898,0.1098350949804828,0.1556308380629101
304,304.0,0.0774477163510106,0.1278428101492772,0.1255082564675701,0.1020991619329244,0.1245114469653252,0.1780612459254023,0.108343423830724,0.156185938377766
305,305.0,0.0773681079966132,0.1280964987324148,0.1260157299435008,0.1015502826627224,0.1248157489984828,0.1779551082545442,0.1069075601191619,0.1572909632925597
306,306.0,0.0772904898310975,0.128340782864809,0.1256403037131991,0.1011081436291639,0.1250143789993368,0.1787614442345211,0.1055454507957034,0.1582990059321689
307,307.0,0.077206528615463,0.1285609980477624,0.1254481484122891,0.1007533300964723,0.1252975199991399,0.1793088459254954,0.1042497724119178,0.1591748564914599
308,308.0,0.0771249408190711,0.1287684181071951,0.1257835200068223,0.1004917267326933,0.1254881171445789,0.1785637410278305,0.103382324817657,0.1603972113441516
309,309.0,0.0768849534258465,0.1287968151700967,0.1268349305133907,0.1000678620364721,0.1264150197488461,0.1774406422588282,0.1023796099689853,0.1611801668775345
310,310.0,0.076513728413548,0.1286724816103948,0.1279517664565341,0.0995123454211538,0.1279206240842107,0.1759903580028272,0.1012737753576801,0.1621649206536512
311,311.0,0.0759737721625613,0.1285425480521872,0.129113873184629,0.0989480953490375,0.1290806163464649,0.1742913649975754,0.1001564947234468,0.1638932351840977
312,312.0,0.0754452627247724,0.1284035061949057,0.1304155604644799,0.0984595933638566,0.1301416739168195,0.1725040333455207,0.099117256939604,0.1655131130500411
313,313.0,0.0749246936904915,0.1282463820172577,0.1318017574005398,0.0980328744069965,0.1310801392205164,0.1707817950337646,0.0981465949717806,0.1669857632586527
314,314.0,0.0743515352590864,0.1280093850846567,0.1329060710206284,0.0977860426419793,0.1317040624793123,0.1699454251872727,0.0971814240077131,0.1681160543193509
315,315.0,0.0737936520809917,0.127759524419053,0.134074037837379,0.0975901957743662,0.1322092810443335,0.1691893093251005,0.0962867514683425,0.1690972480504335
316,316.0,0.0732216181732975,0.1274668912608269,0.1358641989601322,0.0973429241161762,0.1325675408083524,0.1683057295443017,0.0953973714577255,0.1698337256791875
317,317.0,0.0726482294837323,0.1271472718044363,0.1380706994701654,0.0970636915518327,0.1328065926636554,0.1673651256292249,0.094529691897777,0.1703686974991758
318,318.0,0.072050379611561,0.1267775851084438,0.140266728902644,0.0967821423107238,0.1327964080061603,0.1664737916367923,0.0935082951334212,0.1713446692902536
319,319.0,0.0714856063413,0.1265082405238963,0.1422382470226084,0.0965504367204714,0.1327093518363243,0.1657275969341784,0.0925679195421581,0.172212601079063
320,320.0,0.0709559214152547,0.1262482356219551,0.1442263106056264,0.0963655791416861,0.1325529968764608,0.1649681136795149,0.091708881771972,0.17297396088753
321,321.0,0.0705553860448053,0.1265252328768015,0.1459786353406426,0.0962244139529577,0.1323348783670179,0.1643459354534429,0.0909306802303037,0.1731048377340283
322,322.0,0.0701651308875656,0.1267561356930105,0.1480440283592919,0.0960447255810229,0.132036106205402,0.1636870208536882,0.0901794498775984,0.1730874025424204
323,323.0,0.0699040052533482,0.1269903108837786,0.1500935669420969,0.0959029138359427,0.1316905116182991,0.1630213905678909,0.0894138756562734,0.1729834252423701
324,324.0,0.0696780804788451,0.1272247958257276,0.1521153883631635,0.0957963155384678,0.1313053518920855,0.1623525552253239,0.0887255001266935,0.172802012549693
325,325.0,0.0694858102625009,0.127456929230991,0.1540988972443495,0.0957221898634835,0.1308875787479475,0.1616838126618137,0.0881126307849932,0.1725521512039206
326,326.0,0.0693065973443624,0.1278161989485068,0.1558806931365676,0.0956569887802338,0.1303904722453345,0.1611863560661798,0.0875547970588962,0.1722078964199188
327,327.0,0.0691487357692279,0.1281559485281806,0.1575802719547059,0.0956133143663036,0.1298765766593204,0.1607433311806145,0.0870734503815401,0.1718083711601069
328,328.0,0.0690055245087342,0.1286148474987572,0.1590849947856857,0.0955785291852264,0.1294015070249208,0.1603177561699335,0.0866550391270437,0.1713418016996983
329,329.0,0.0688884387924868,0.1289809985143079,0.1604099517583911,0.0957777577520628,0.1288923489651882,0.1599167774600865,0.0863035168456421,0.1708302099118346
330,330.0,0.0690722679146707,0.129507126858492,0.1607626381996159,0.0961981646289215,0.1287804034290819,0.1598962881653892,0.0853137392216206,0.1704693715822081
331,331.0,0.0694580707326517,0.1301913648094955,0.1619674036684448,0.0968147656306274,0.1284184465204888,0.1593364314681269,0.0847779215727132,0.1690355955974515
332,332.0,0.0705764128259582,0.1307943278543072,0.1631174047672189,0.0972706962030481,0.1278666363971509,0.1588314636501791,0.0841631960321399,0.1673798622699975
333,333.0,0.0716495256514437,0.1316901147894386,0.1639077900574591,0.097636289447068,0.1270444364379687,0.1581046434678945,0.0842808445896997,0.1656863555590275
334,334.0,0.0725853641597315,0.1324041387417643,0.1655394904836124,0.0979191106302872,0.126072667693023,0.1572782731185293,0.0843212103152518,0.1638797448578002
335,335.0,0.0734856282278784,0.132990929248366,0.1671018538034759,0.0981722799816245,0.1252749751685182,0.1565000677485956,0.0843884869912368,0.1620857788303043
336,336.0,0.0743474142090332,0.1335209213431233,0.1684254778570529,0.09840673634386,0.1244910758742561,0.1559024261352154,0.084485490650257,0.1604204575872019
337,337.0,0.0751546432614224,0.1338765793797933,0.1694389665774062,0.0990104741577027,0.1236843490438457,0.1552916859454826,0.0845753720349358,0.1589679295994109
338,338.0,0.0759080899304174,0.1341333821843021,0.1706998423671743,0.099521847573968,0.1227164118815291,0.1548855992570906,0.0845792567594275,0.1575555700460907
339,339.0,0.0766019016035364,0.1342942921061612,0.1721964184937003,0.0999402947718273,0.1217726680712885,0.1544398300979884,0.0845685019444325,0.156186092911065
340,340.0,0.0772345248945787,0.1343659859276789,0.1737232995723576,0.100269258175564,0.1208593404967453,0.154136755093832,0.0845430886535027,0.1548677471857405
341,341.0,0.0780586368927787,0.1345205051855635,0.1753888495461781,0.1006932333954424,0.1194018612065208,0.1541219811020666,0.08393865575527,0.1538762769161794
342,342.0,0.0788323566386374,0.1344445956005686,0.1772042730615492,0.1010911313859911,0.1180045239417684,0.1540948635282016,0.0833540428070992,0.152974213036184
343,343.0,0.0795452447371698,0.1343307883183069,0.1787551865693418,0.1014462979893475,0.1166598050270677,0.1543506056672002,0.082784772686813,0.1521272990047526
344,344.0,0.0801955910905454,0.1341833467997497,0.1802113559195498,0.1017583207328866,0.1153745610534046,0.1545184038760126,0.0822337549777121,0.1515246655501388
345,345.0,0.0807894877468346,0.1340134502208009,0.1816096912217595,0.1020412663168878,0.1141683796405892,0.1546601681886971,0.0817104463501901,0.1510071103142403
346,346.0,0.0813431222885945,0.1338748579660336,0.1833699583306747,0.1023616945808762,0.1130617128388207,0.1543898641860424,0.0808332353000093,0.150765554508948
347,347.0,0.0818231374446272,0.1340706450550109,0.1848835245735038,0.10258580583698,0.1120236482472125,0.1540759451910458,0.0799738956310047,0.1505633980206146
348,348.0,0.0822469189906804,0.1342502396712038,0.1863307327461629,0.1027808146621619,0.1110723542681351,0.1537372156563322,0.0791535295566898,0.1504281944486334
349,349.0,0.0825374675775741,0.1344205503064815,0.1876424880931675,0.1029620232960642,0.1102228371616315,0.1536335579007414,0.0783830134592015,0.1501980622051379
350,350.0,0.0827638361827099,0.1346443628146931,0.1887197021264549,0.1031070778482959,0.1094491520792622,0.1536513971263301,0.0776520715519514,0.1500124002703021
351,351.0,0.0829250612324719,0.1347891535270581,0.189412979408632,0.1035488792722934,0.1087455193751408,0.1537767343274184,0.0769532322711671,0.1498484405858179
352,352.0,0.0830210800737739,0.1348943896731173,0.1900398443241747,0.1039393464269153,0.1081003010059156,0.1539423742071621,0.076290527294038,0.1497721369949028
353,353.0,0.0830628789410727,0.1349681034212038,0.1904573987449049,0.1043752357906435,0.1075259682039648,0.1542109413769602,0.0756724031973763,0.1497270703238734
354,354.0,0.0830653936419024,0.1350257929329446,0.1906895014521897,0.1047800570393332,0.1071731821953364,0.154439601145767,0.0751050162116809,0.1497214553808456
355,355.0,0.0830284571588766,0.1350016683517929,0.1908688548288711,0.1051409553477217,0.1070492979680816,0.1545988887156678,0.0745805284848678,0.1497313491441203
356,356.0,0.082774717272375,0.1349147028245834,0.1907459086464155,0.1054874414728704,0.1069791703813646,0.1551643780871532,0.0741136294205257,0.1498200518947119
357,357.0,0.082494795415904,0.1348162818497865,0.1902233870796362,0.1058008936732658,0.1069683922214024,0.1556800999811046,0.0740807452264669,0.1499354045524334
358,358.0,0.082176096706288,0.1347784119333247,0.1897298989967981,0.106369601939983,0.1069565618831999,0.1561026200087605,0.0738602687076674,0.1500265398239783
359,359.0,0.0818229456683014,0.1347959092605296,0.1893400241230318,0.1067996554551517,0.1069308980445985,0.1565952371525405,0.0736512569930395,0.1500640733028067
360,360.0,0.0814414514049846,0.1348687327586686,0.1885706339040194,0.1070965499292859,0.1068892452154593,0.1572864619484013,0.0734531532208258,0.150393771618355
361,361.0,0.08102808073903,0.1348082504614715,0.1875414904599671,0.107269827356354,0.1068281537870863,0.1580851826894619,0.0732561424692533,0.1511828720373756
362,362.0,0.0805992350420671,0.1346642200485359,0.186477748326562,0.1073906720619338,0.1069323816648896,0.1589121386633953,0.0730813619910673,0.1519422422015487
363,363.0,0.0796004579079369,0.1347118000736717,0.1840183836248649,0.1077254373287596,0.1074561521203629,0.1600978042327913,0.0732012364788751,0.1531887282327374
364,364.0,0.0794895425181777,0.1345712322072956,0.1815009069567649,0.1078993974623871,0.1080115186327303,0.1610563306793087,0.0733064251095641,0.1541646464337714
365,365.0,0.0791957933084522,0.1344333172182182,0.1789683474181921,0.1079345595104532,0.1084397598108009,0.1627133977485605,0.0733318820586311,0.1549829429266914
366,366.0,0.078913046257786,0.1344004638197524,0.1764199427479197,0.1079331269135518,0.1088368103484921,0.1643733260421121,0.0733715033229887,0.1557517805473967
367,367.0,0.078642724374281,0.1342844084453546,0.174000698880397,0.1078980990411386,0.1091988701051582,0.1660856209010533,0.0734226294469789,0.1564669488056382
368,368.0,0.0781607864722398,0.1345359773247054,0.1711740177282204,0.108585022446949,0.1094433927583658,0.1677356804124433,0.0734900980491545,0.1568750248079213
369,369.0,0.0778626596508779,0.1350505053381127,0.1682652696736947,0.1091668824344347,0.1096594556734161,0.1692817500231717,0.0735444049176097,0.1571690722886822
370,370.0,0.0775562134484549,0.1355007370403772,0.1657243071757093,0.1096291648550754,0.109801762472832,0.1708871545299375,0.0735734462367295,0.1573272142408838
371,371.0,0.0772529649314409,0.1361250050829971,0.1633000743357541,0.1099829245201189,0.10988102434978,0.1723535612618974,0.0735834829764021,0.1575209625416091
372,372.0,0.0769634746288295,0.1369052589854289,0.1610942005472961,0.1102052025863562,0.1099078081008284,0.1736966691948711,0.0735923957160877,0.1576349902403019
373,373.0,0.0766813407282087,0.1376451802933231,0.1590620243436386,0.1105433811360841,0.1099058451968783,0.1748874737468195,0.073597438104864,0.1576773164501834
374,374.0,0.0765249572650107,0.1384597404453699,0.1572958907369411,0.1119956453929994,0.1088713940061053,0.1761720818100862,0.0737134642356067,0.1569668261078804
375,375.0,0.0755316467509652,0.1395781877406446,0.1555883099540048,0.1132072258891448,0.1079475410102294,0.178124934394587,0.0740950875180725,0.1559270667423513
