,Unnamed: 0,Total_iterations,Intertwine_two,Add_vertex,Delete_vertex,Invert_path_vertices,Insert_inside_vertex,Delete_inside_vertex,Replace_inside_vertex,Donate_between_routes
0,0.0,0.0,0.125,0.125,0.125,0.125,0.125,0.125,0.125,0.125
1,1.0,0.10900000000000001,0.125,0.125,0.125,0.125,0.125,0.125,0.125,0.125
2,2.0,0.31601,0.125,0.125,0.125,0.125,0.125,0.125,0.125,0.125
3,3.0,0.6191589000000001,0.125,0.125,0.125,0.125,0.125,0.125,0.125,0.125
4,4.0,1.015801321,0.125,0.125,0.125,0.125,0.125,0.125,0.125,0.125
5,5.0,1.50262148669,0.125,0.125,0.125,0.125,0.125,0.125,0.125,0.125
6,6.0,2.0757334209441005,0.125,0.125,0.125,0.125,0.125,0.125,0.125,0.125
7,7.0,2.7307768275633495,0.125,0.125,0.125,0.125,0.125,0.125,0.125,0.125
8,8.0,3.4630081252450404,0.125,0.125,0.125,0.125,0.125,0.125,0.125,0.125
9,9.0,4.2673862119061114,0.125,0.125,0.125,0.125,0.125,0.125,0.125,0.125
10,10.0,5.138652627782014,0.125,0.125,0.125,0.125,0.125,0.125,0.125,0.125
11,11.0,6.071405875792507,0.125,0.125,0.125,0.125,0.125,0.125,0.125,0.125
12,12.0,7.060169740244025,0.125,0.125,0.125,0.125,0.125,0.125,0.125,0.125
13,13.0,8.099455520847952,0.125,0.125,0.125,0.125,0.125,0.125,0.125,0.125
14,14.0,9.183818168183006,0.125,0.125,0.125,0.125,0.125,0.125,0.125,0.125
15,15.0,10.307906369102724,0.125,0.125,0.125,0.125,0.125,0.125,0.125,0.125
16,16.0,11.466506686239443,0.125,0.125,0.125,0.125,0.125,0.125,0.125,0.125
17,17.0,12.654581904800096,0.125,0.125,0.125,0.125,0.125,0.125,0.125,0.125
18,18.0,13.867303782456686,0.125,0.125,0.125,0.125,0.125,0.125,0.125,0.125
19,19.0,15.100080434523047,0.125,0.125,0.125,0.125,0.125,0.125,0.125,0.125
20,20.0,16.348578617037543,0.125,0.125,0.125,0.125,0.125,0.125,0.125,0.125
21,21.0,17.608741195130214,0.125,0.125,0.125,0.125,0.125,0.125,0.125,0.125
22,22.0,18.876800103462312,0.125,0.125,0.125,0.125,0.125,0.125,0.125,0.125
23,23.0,20.14928511992658,0.125,0.125,0.125,0.125,0.125,0.125,0.125,0.125
24,24.0,21.423028783545156,0.125,0.125,0.125,0.125,0.125,0.125,0.125,0.125
25,25.0,22.695167792966423,0.125,0.125,0.125,0.125,0.125,0.125,0.125,0.125
26,26.0,23.963141223515898,0.125,0.125,0.125,0.125,0.125,0.125,0.125,0.125
27,27.0,25.224685898775267,0.125,0.125,0.125,0.125,0.125,0.125,0.125,0.125
28,28.0,26.477829247520948,0.125,0.125,0.125,0.125,0.125,0.125,0.125,0.125
29,29.0,27.720879968916847,0.125,0.125,0.125,0.125,0.125,0.125,0.125,0.125
30,30.0,28.95241681848399,0.125,0.125,0.125,0.125,0.125,0.125,0.125,0.125
31,31.0,30.17127581490958,0.125,0.125,0.125,0.125,0.125,0.125,0.125,0.125
32,32.0,31.376536153543515,0.125,0.125,0.125,0.125,0.125,0.125,0.125,0.125
33,33.0,32.567505096778625,0.125,0.125,0.125,0.125,0.125,0.125,0.125,0.125
34,34.0,33.74370209472243,0.125,0.125,0.125,0.125,0.125,0.125,0.125,0.125
35,35.0,34.90484237192463,0.125,0.125,0.125,0.125,0.125,0.125,0.125,0.125
36,36.0,36.05082019768737,0.125,0.125,0.125,0.125,0.125,0.125,0.125,0.125
37,37.0,37.18169203889697,0.125,0.125,0.125,0.125,0.125,0.125,0.125,0.125
38,38.0,38.29765977559663,0.125,0.125,0.125,0.125,0.125,0.125,0.125,0.125
39,39.0,39.399054140870355,0.125,0.125,0.125,0.125,0.125,0.125,0.125,0.125
40,40.0,40.48631852820801,0.125,0.125,0.125,0.125,0.125,0.125,0.125,0.125
41,41.0,41.55999329152982,0.125,0.125,0.125,0.125,0.125,0.125,0.125,0.125
42,42.0,42.62070064560415,0.125,0.125,0.125,0.125,0.125,0.125,0.125,0.125
43,43.0,43.669130257815,0.125,0.125,0.125,0.125,0.125,0.125,0.125,0.125
44,44.0,44.70602560622662,0.125,0.125,0.125,0.125,0.125,0.125,0.125,0.125
45,45.0,45.73217116373481,0.125,0.125,0.125,0.125,0.125,0.125,0.125,0.125
46,46.0,46.748380453854836,0.125,0.125,0.125,0.125,0.125,0.125,0.125,0.125
47,47.0,47.755485010424316,0.125,0.125,0.125,0.125,0.125,0.125,0.125,0.125
48,48.0,48.7543242612326,0.125,0.125,0.125,0.125,0.125,0.125,0.125,0.125
49,49.0,49.745736344347726,0.125,0.125,0.125,0.125,0.125,0.125,0.125,0.125
50,50.0,50.730549855707864,0.125,0.125,0.125,0.125,0.125,0.125,0.125,0.125
51,51.0,51.70957651737491,0.125,0.125,0.125,0.125,0.125,0.125,0.125,0.125
52,52.0,52.68360474770151,0.125,0.125,0.125,0.125,0.125,0.125,0.125,0.125
53,53.0,53.65339410751842,0.125,0.125,0.125,0.125,0.125,0.125,0.125,0.125
54,54.0,54.61967059027847,0.125,0.125,0.125,0.125,0.125,0.125,0.125,0.125
55,55.0,55.58312271885972,0.125,0.125,0.125,0.125,0.125,0.125,0.125,0.125
56,56.0,56.544398407394254,0.125,0.125,0.125,0.125,0.125,0.125,0.125,0.125
57,57.0,57.504102543001395,0.125,0.125,0.125,0.125,0.125,0.125,0.125,0.125
58,58.0,58.462795239617805,0.125,0.125,0.125,0.125,0.125,0.125,0.125,0.125
59,59.0,59.42099071417639,0.125,0.125,0.125,0.125,0.125,0.125,0.125,0.125
60,60.0,60.379156734137354,0.125,0.125,0.125,0.125,0.125,0.125,0.125,0.125
61,61.0,61.337714584760846,0.125,0.125,0.125,0.125,0.125,0.125,0.125,0.125
62,62.0,62.29703950447439,0.125,0.125,0.125,0.125,0.125,0.125,0.125,0.125
63,63.0,63.257461537171835,0.125,0.125,0.125,0.125,0.125,0.125,0.125,0.125
64,64.0,64.21926675122782,0.125,0.125,0.125,0.125,0.125,0.125,0.125,0.125
65,65.0,65.18269877636592,0.125,0.125,0.125,0.125,0.125,0.125,0.125,0.125
66,66.0,66.14796061122655,0.125,0.125,0.125,0.125,0.125,0.125,0.125,0.125
67,67.0,67.11521665648885,0.125,0.125,0.125,0.125,0.125,0.125,0.125,0.125
68,68.0,68.08459493066005,0.125,0.125,0.125,0.125,0.125,0.125,0.125,0.125
69,69.0,69.05618942810752,0.125,0.125,0.125,0.125,0.125,0.125,0.125,0.125
70,70.0,70.04006258152916,0.125,0.125,0.125,0.125,0.125,0.125,0.125,0.125
71,71.0,71.02614779379334,0.125,0.125,0.125,0.125,0.125,0.125,0.125,0.125
72,72.0,72.01436300689318,0.125,0.125,0.125,0.125,0.125,0.125,0.125,0.125
73,73.0,73.0046130686141,0.125,0.125,0.125,0.125,0.125,0.125,0.125,0.125
74,74.0,73.99679199347679,0.125,0.125,0.125,0.125,0.125,0.125,0.125,0.125
75,75.0,74.99078510591845,0.125,0.125,0.125,0.125,0.125,0.125,0.125,0.125
76,76.0,75.99647105605676,0.125,0.125,0.125,0.125,0.125,0.125,0.125,0.125
77,77.0,77.00362370062066,0.125,0.125,0.125,0.125,0.125,0.125,0.125,0.125
78,78.0,78.01202484372197,0.125,0.125,0.125,0.125,0.125,0.125,0.125,0.125
79,79.0,79.02146562407593,0.125,0.125,0.125,0.125,0.125,0.125,0.125,0.125
80,80.0,80.03174767015373,0.125,0.125,0.125,0.125,0.125,0.125,0.125,0.125
81,81.0,81.04268403492223,0.125,0.125,0.125,0.125,0.125,0.125,0.125,0.125
82,82.0,82.05409992286465,0.125,0.125,0.125,0.125,0.125,0.125,0.125,0.125
83,83.0,83.06583322278419,0.125,0.125,0.125,0.125,0.125,0.125,0.125,0.125
84,84.0,84.07773486048393,0.125,0.125,0.125,0.125,0.125,0.125,0.125,0.125
85,85.0,85.09966898580885,0.125,0.125,0.125,0.125,0.125,0.125,0.125,0.125
86,86.0,86.13141300874318,0.125,0.125,0.125,0.125,0.125,0.125,0.125,0.125
87,87.0,87.16266849929664,0.125,0.125,0.125,0.125,0.125,0.125,0.125,0.125
88,88.0,88.1931717558018,0.125,0.125,0.125,0.125,0.125,0.125,0.125,0.125
89,89.0,89.22269296909842,0.125,0.125,0.125,0.125,0.125,0.125,0.125,0.125
90,90.0,90.2610351313744,0.125,0.125,0.125,0.125,0.125,0.125,0.125,0.125
91,91.0,91.29793272610904,0.125,0.125,0.125,0.125,0.125,0.125,0.125,0.125
92,92.0,92.33316123410913,0.125,0.125,0.125,0.125,0.125,0.125,0.125,0.125
93,93.0,93.3665352789681,0.125,0.125,0.125,0.125,0.125,0.125,0.125,0.125
94,94.0,94.39790656655151,0.125,0.125,0.125,0.125,0.125,0.125,0.125,0.125
95,95.0,95.42716165971106,0.125,0.125,0.125,0.125,0.125,0.125,0.125,0.125
96,96.0,96.46421962695754,0.125,0.125,0.125,0.125,0.125,0.125,0.125,0.125
97,97.0,97.49892960120981,0.125,0.125,0.125,0.125,0.125,0.125,0.125,0.125
98,98.0,98.53117928202474,0.125,0.125,0.125,0.125,0.125,0.125,0.125,0.125
99,99.0,99.56089220193795,0.125,0.125,0.125,0.125,0.125,0.125,0.125,0.125
100,100.0,100.58802490784045,0.125,0.125,0.125,0.125,0.125,0.125,0.125,0.125
101,101.0,101.6125640940743,0.125,0.125,0.125,0.125,0.125,0.125,0.125,0.125
102,102.0,102.63452372074403,0.125,0.125,0.125,0.125,0.125,0.125,0.125,0.125
103,103.0,103.65394214753934,0.125,0.125,0.125,0.125,0.125,0.125,0.125,0.125
104,104.0,104.67087931017971,0.125,0.125,0.125,0.125,0.125,0.125,0.125,0.125
105,105.0,105.68541396345427,0.125,0.125,0.125,0.125,0.125,0.125,0.125,0.125
106,106.0,106.69764101176682,0.125,0.125,0.125,0.125,0.125,0.125,0.125,0.125
107,107.0,107.70766894513045,0.125,0.125,0.125,0.125,0.125,0.125,0.125,0.125
108,108.0,108.71561739570642,0.125,0.125,0.125,0.125,0.125,0.125,0.125,0.125
109,109.0,109.72161482726773,0.125,0.125,0.125,0.125,0.125,0.125,0.125,0.125
110,110.0,110.72579636740022,0.125,0.125,0.125,0.125,0.125,0.125,0.125,0.125
111,111.0,111.72830178984546,0.125,0.125,0.125,0.125,0.125,0.125,0.125,0.125
112,112.0,112.72927365214773,0.125,0.125,0.125,0.125,0.125,0.125,0.125,0.125
113,113.0,113.72885559169828,0.125,0.125,0.125,0.125,0.125,0.125,0.125,0.125
114,114.0,114.7271907813768,0.125,0.125,0.125,0.125,0.125,0.125,0.125,0.125
115,115.0,115.72442054427371,0.125,0.125,0.125,0.125,0.125,0.125,0.125,0.125
116,116.0,116.72068312543819,0.125,0.125,0.125,0.125,0.125,0.125,0.125,0.125
117,117.0,117.71611261723183,0.125,0.125,0.125,0.125,0.125,0.125,0.125,0.125
118,118.0,118.71083803367378,0.125,0.125,0.125,0.125,0.125,0.125,0.125,0.125
119,119.0,119.70498252813482,0.125,0.125,0.125,0.125,0.125,0.125,0.125,0.125
120,120.0,120.6986627478684,0.125,0.125,0.125,0.125,0.125,0.125,0.125,0.125
121,121.0,121.69198831814994,0.125,0.125,0.125,0.125,0.125,0.125,0.125,0.125
122,122.0,122.68506144822183,0.125,0.125,0.125,0.125,0.125,0.125,0.125,0.125
123,123.0,123.67797665080431,0.125,0.125,0.125,0.125,0.125,0.125,0.125,0.125
124,124.0,124.6708205666205,0.125,0.125,0.125,0.125,0.125,0.125,0.125,0.125
125,125.0,125.66367188518888,0.125,0.125,0.125,0.125,0.125,0.125,0.125,0.125
126,126.0,126.65660135304852,0.125,0.125,0.125,0.125,0.125,0.125,0.125,0.125
127,127.0,127.64967186059171,0.125,0.125,0.125,0.125,0.125,0.125,0.125,0.125
128,128.0,128.64293859877466,0.125,0.125,0.125,0.125,0.125,0.125,0.125,0.125
129,129.0,129.6364492771516,0.125,0.125,0.125,0.125,0.125,0.125,0.125,0.125
130,130.0,130.6302443949193,0.125,0.125,0.125,0.125,0.125,0.125,0.125,0.125
131,131.0,131.62435755696103,0.125,0.125,0.125,0.125,0.125,0.125,0.125,0.125
132,132.0,132.61881582722899,0.125,0.125,0.125,0.125,0.125,0.125,0.125,0.125
133,133.0,133.61364011219786,0.125,0.125,0.125,0.125,0.125,0.125,0.125,0.125
134,134.0,134.60884556754786,0.125,0.125,0.125,0.125,0.125,0.125,0.125,0.125
135,135.0,135.6044420216874,0.125,0.125,0.125,0.125,0.125,0.125,0.125,0.125
136,136.0,136.60043441019607,0.125,0.125,0.125,0.125,0.125,0.125,0.125,0.125
137,137.0,137.59682321575193,0.125,0.125,0.125,0.125,0.125,0.125,0.125,0.125
138,138.0,138.5936049085947,0.125,0.125,0.125,0.125,0.125,0.125,0.125,0.125
139,139.0,139.59077238306725,0.125,0.125,0.125,0.125,0.125,0.125,0.125,0.125
140,140.0,140.58831538626185,0.125,0.125,0.125,0.125,0.125,0.125,0.125,0.125
141,141.0,141.58622093527438,0.125,0.125,0.125,0.125,0.125,0.125,0.125,0.125
142,142.0,142.58447372003292,0.125,0.125,0.125,0.125,0.125,0.125,0.125,0.125
143,143.0,143.58305648911528,0.125,0.125,0.125,0.125,0.125,0.125,0.125,0.125
144,144.0,144.58195041639826,0.125,0.125,0.125,0.125,0.125,0.125,0.125,0.125
145,145.0,145.58113544678895,0.125,0.125,0.125,0.125,0.125,0.125,0.125,0.125
146,146.0,146.58059061967268,0.125,0.125,0.125,0.125,0.125,0.125,0.125,0.125
147,147.0,147.5802943690713,0.125,0.125,0.125,0.125,0.125,0.125,0.125,0.125
148,148.0,148.58022479983936,0.125,0.125,0.125,0.125,0.125,0.125,0.125,0.125
149,149.0,149.58035993953223,0.125,0.125,0.125,0.125,0.125,0.125,0.125,0.125
150,150.0,150.58067796586047,0.125,0.125,0.125,0.125,0.125,0.125,0.125,0.125
151,151.0,151.5811574098973,0.125,0.125,0.125,0.125,0.125,0.125,0.125,0.125
152,152.0,152.58177733543144,0.125,0.125,0.125,0.125,0.125,0.125,0.125,0.125
153,153.0,153.58251749505786,0.125,0.125,0.125,0.125,0.125,0.125,0.125,0.125
154,154.0,154.58335846377108,0.125,0.125,0.125,0.125,0.125,0.125,0.125,0.125
155,155.0,155.58428175097526,0.125,0.125,0.125,0.125,0.125,0.125,0.125,0.125
156,156.0,156.58526989194928,0.125,0.125,0.125,0.125,0.125,0.125,0.125,0.125
157,157.0,157.58630651990637,0.125,0.125,0.125,0.125,0.125,0.125,0.125,0.125
158,158.0,158.5873764198687,0.125,0.125,0.125,0.125,0.125,0.125,0.125,0.125
159,159.0,159.5884655656361,0.125,0.125,0.125,0.125,0.125,0.125,0.125,0.125
160,160.0,160.58956114117044,0.125,0.125,0.125,0.125,0.125,0.125,0.125,0.125
161,161.0,161.59065154773964,0.125,0.125,0.125,0.125,0.125,0.125,0.125,0.125
162,162.0,162.5917263981745,0.125,0.125,0.125,0.125,0.125,0.125,0.125,0.125
163,163.0,163.59277649958415,0.125,0.125,0.125,0.125,0.125,0.125,0.125,0.125
164,164.0,164.59379382585698,0.125,0.125,0.125,0.125,0.125,0.125,0.125,0.125
165,165.0,165.59477148124395,0.125,0.125,0.125,0.125,0.125,0.125,0.125,0.125
166,166.0,166.5957036562798,0.125,0.125,0.125,0.125,0.125,0.125,0.125,0.125
167,167.0,167.59658557724927,0.125,0.125,0.125,0.125,0.125,0.125,0.125,0.125
168,168.0,168.59741345034928,0.125,0.125,0.125,0.125,0.125,0.125,0.125,0.125
169,169.0,169.59818440163582,0.125,0.125,0.125,0.125,0.125,0.125,0.125,0.125
170,170.0,170.59889641377734,0.125,0.125,0.125,0.125,0.125,0.125,0.125,0.125
171,171.0,171.59954826056693,0.125,0.125,0.125,0.125,0.125,0.125,0.125,0.125
172,172.0,172.6001394400719,0.125,0.125,0.125,0.125,0.125,0.125,0.125,0.125
173,173.0,173.60067010722565,0.125,0.125,0.125,0.125,0.125,0.125,0.125,0.125
174,174.0,174.60114100659177,0.125,0.125,0.125,0.125,0.125,0.125,0.125,0.125
175,175.0,175.60155340595537,0.125,0.125,0.125,0.125,0.125,0.125,0.125,0.125
176,176.0,176.60190903132303,0.125,0.125,0.125,0.125,0.125,0.125,0.125,0.125
177,177.0,177.6022100038407,0.125,0.125,0.125,0.125,0.125,0.125,0.125,0.125
178,178.0,178.60245877906817,0.125,0.125,0.125,0.125,0.125,0.125,0.125,0.125
179,179.0,179.60265808898225,0.125,0.125,0.125,0.125,0.125,0.125,0.125,0.125
180,180.0,180.6028108870151,0.125,0.125,0.125,0.125,0.125,0.125,0.125,0.125
181,181.0,181.60292029637452,0.125,0.125,0.125,0.125,0.125,0.125,0.125,0.125
182,182.0,182.60298956183422,0.125,0.125,0.125,0.125,0.125,0.125,0.125,0.125
183,183.0,183.60302200512962,0.125,0.125,0.125,0.125,0.125,0.125,0.125,0.125
184,184.0,184.6030209840442,0.125,0.125,0.125,0.125,0.125,0.125,0.125,0.125
185,185.0,185.6029898552269,0.125,0.125,0.125,0.125,0.125,0.125,0.125,0.125
186,186.0,186.60293194073904,0.125,0.125,0.125,0.125,0.125,0.125,0.125,0.125
187,187.0,187.60285049829255,0.125,0.125,0.125,0.125,0.125,0.125,0.125,0.125
188,188.0,188.60274869510783,0.125,0.125,0.125,0.125,0.125,0.125,0.125,0.125
189,189.0,189.6026295852905,0.125,0.125,0.125,0.125,0.125,0.125,0.125,0.125
190,190.0,190.602496090602,0.125,0.125,0.125,0.125,0.125,0.125,0.125,0.125
191,191.0,191.6023509844763,0.125,0.125,0.125,0.125,0.125,0.125,0.125,0.125
192,192.0,192.6021968791184,0.125,0.125,0.125,0.125,0.125,0.125,0.125,0.125
193,193.0,193.6020362155051,0.125,0.125,0.125,0.125,0.125,0.125,0.125,0.125
194,194.0,194.60187125609812,0.125,0.125,0.125,0.125,0.125,0.125,0.125,0.125
195,195.0,195.60170408007085,0.125,0.125,0.125,0.125,0.125,0.125,0.125,0.125
196,196.0,196.6015365808456,0.125,0.125,0.125,0.125,0.125,0.125,0.125,0.125
197,197.0,197.6013704657344,0.125,0.125,0.125,0.125,0.125,0.125,0.125,0.125
198,198.0,198.60120725747697,0.125,0.125,0.125,0.125,0.125,0.125,0.125,0.125
199,199.0,199.60104829747056,0.125,0.125,0.125,0.125,0.125,0.125,0.125,0.125
200,200.0,200.60089475049006,0.12486111111111112,0.12486111111111112,0.12486111111111112,0.12486111111111112,0.12486111111111112,0.12486111111111112,0.12597222222222224,0.12486111111111112
201,201.0,201.6007476107027,0.12472361111111113,0.12472361111111113,0.12472361111111113,0.12472361111111113,0.12472361111111113,0.12472361111111113,0.12693472222222224,0.12472361111111113
202,202.0,202.60060770878707,0.12447762500000002,0.12447762500000002,0.12447762500000002,0.12547762500000004,0.12447762500000002,0.12447762500000002,0.12765662500000002,0.12447762500000002
203,203.0,203.60047571997512,0.12409757236111114,0.12409757236111114,0.12409757236111114,0.12608757236111115,0.12409757236111114,0.12520868347222225,0.12821588236111112,0.12409757236111114
204,204.0,204.60035217284462,0.12363475128270207,0.12363475128270207,0.12363475128270207,0.12741403310088387,0.12363475128270207,0.12584586239381318,0.12856634809179296,0.12363475128270207
205,205.0,205.60023745869873,0.12307277389021597,0.12407277389021597,0.12307277389021597,0.12860643470839778,0.12307277389021597,0.12625177389021597,0.12877792195030685,0.12307277389021597
206,206.0,206.60013184138043,0.12252717558898539,0.1245171755889854,0.12252717558898539,0.12976625908080358,0.12252717558898539,0.1266454855889854,0.1289623773852845,0.12252717558898539
207,207.0,207.60003546738014,0.12200177445289712,0.12496287445289712,0.12200177445289712,0.13088516569788805,0.12200177445289712,0.12702428035289712,0.12912058168472967,0.12200177445289712
208,208.0,208.5999483761061,0.1214998047767978,0.1254052837767978,0.1214998047767978,0.13195605726901244,0.1214998047767978,0.1273858619277978,0.12925357791920122,0.1214998047767978
209,209.0,209.59987051019843,0.12088505422256063,0.12570141953256062,0.12088505422256063,0.13283413749417267,0.12088505422256063,0.12758944692795063,0.1292236680439629,0.12199616533367175
210,210.0,210.5998017257795,0.12020903929263267,0.1267152204467145,0.12020903929263267,0.13356399761480445,0.12020903929263267,0.1275919809790107,0.129081532677829,0.12242015040374381
211,211.0,211.59974180254468,0.1193795960688318,0.12820518603468278,0.1193795960688318,0.13404811053510376,0.1203795960688318,0.1273145539363868,0.12873476521849986,0.12255859606883182
212,212.0,212.59969045360788,0.11940672544914695,0.12957243653684078,0.11849763454005603,0.13438348257317365,0.12039672544914695,0.12693339072532805,0.12828456927716106,0.12252503544914696
213,213.0,213.5996473350287,0.11940403267889715,0.1306409788821558,0.11759494176980623,0.13459934971457194,0.12037513267889714,0.12641628964840163,0.1277635052791426,0.12320576934812792
214,214.0,214.59961205495716,0.11943221920853371,0.13166076769362828,0.11674031011762462,0.13476319608524412,0.1203765982085337,0.12589740011834819,0.1272415629777849,0.12388794559030294
215,215.0,215.5995841823432,0.12046013746499384,0.1324875915476388,0.11579859089933728,0.1347396964096672,0.12025991266388272,0.12524320098689204,0.1265851607375466,0.12442570929004196
216,216.0,216.5995632551672,0.12114142398191949,0.1330074787013935,0.11466291006373767,0.13542282028922184,0.12001722467448614,0.12535570964993248,0.1256893085747181,0.12470312406459119
217,217.0,217.5995487881571,0.12080872704789282,0.13435981284226928,0.11347790946980191,0.13594896301848824,0.11968370025360138,0.12525365801916724,0.12470079889207562,0.12576643045670394
218,218.0,218.59954027996645,0.12048425089018908,0.13545312115038893,0.11316566631954664,0.1363247655963553,0.11926688871657734,0.12496589174368969,0.12363498684957977,0.12670442873367363
219,219.0,219.59953721979522,0.12010790089905012,0.1362377110943114,0.11351069860180416,0.13649078137448822,0.11946605453794457,0.12444928339142358,0.12243953816594469,0.12729803193503364
220,220.0,220.59953909344316,0.11973103286096051,0.13694014672729457,0.11399837666778817,0.13660168517317464,0.11967106249507203,0.12393550531470356,0.12127472729021627,0.12784746347079057
221,221.0,221.59954538879188,0.11935631285984183,0.1375606296373988,0.11451665047984323,0.1366608896656686,0.11987820635088337,0.12342850523726374,0.12014814906365735,0.1284506567054434
222,222.0,222.5995556007178,0.11908514907958692,0.1381001781706012,0.11505622461993113,0.1366720006404547,0.1200841479716415,0.12293178427084162,0.11906627390640687,0.12900424134053637
223,223.0,223.59956923544394,0.11881870359298824,0.13856053512492097,0.11560853856331385,0.1366387611852169,0.12028591341411034,0.12244840615585556,0.11803449510876753,0.12960464685482695
224,224.0,224.59958581434304,0.11857227327714781,0.13895549948998448,0.11617815220828281,0.13657642213879123,0.12049325965974884,0.1219914801728197,0.1170686042240359,0.13016430882918956
225,225.0,225.5996048772088,0.11834632091814817,0.13928766088106675,0.11675763944822971,0.13648851685076077,0.12070355516578365,0.12156293036836938,0.11617167136976851,0.13068170499787335
226,226.0,226.5996259850159,0.11814105824389529,0.13955997798165504,0.11734021805125727,0.1363784809981663,0.12091440205111481,0.12116420462269054,0.11534577007146164,0.1311558879797594
227,227.0,227.59964872219211,0.11795646891265696,0.13977571204979286,0.11791975309502717,0.13624962799599014,0.12112363670895936,0.12079630778736283,0.1145920561865023,0.1315864372637086
228,228.0,228.59967269842883,0.11779233148344415,0.1399383640480439,0.11849075358502746,0.13610512808921224,0.12132932801548751,0.1204598359397044,0.11391084811240532,0.13197341072667518
229,229.0,229.59969755005756,0.11758413957624386,0.13998751309931176,0.11892015784352997,0.135883888403258,0.12140156826456051,0.12009090873532235,0.11400683555395365,0.13212498852382001
230,230.0,230.59972294102283,0.1172022389217852,0.14063120970497378,0.11908443706770508,0.13545965367676294,0.12121958577603875,0.11872698601245792,0.115029055812884,0.1326468330273924
231,231.0,231.59974856348137,0.116683539792059,0.14106928253425433,0.11902601286129566,0.13553935281843316,0.12082817454111881,0.11824692694090833,0.11578110418630964,0.13282560632562113
232,232.0,232.59977413805922,0.11612566360464384,0.14203769345627892,0.11882524896693342,0.13555055002879002,0.12030970070429889,0.1177459003250122,0.11650408910065851,0.13290115381338422
233,233.0,233.59979941379868,0.1156049566440326,0.1421577904866189,0.11856798406195435,0.13556683334571107,0.11975165233373422,0.11819529889964887,0.11726053686954462,0.13289494735875537
234,234.0,234.59982416782623,0.11500889806814,0.14199626265219786,0.1181562137902428,0.13682608443892383,0.11905734026027784,0.11844567773511025,0.11788385907414772,0.13262566398095965
235,235.0,235.59984820477277,0.11494270146523565,0.1415918647701956,0.11761372423217167,0.13784911440771444,0.11825155181593604,0.11852341206931867,0.11838535288983264,0.13284227834959525
236,236.0,236.59987135597692,0.1148595505764695,0.14167817723164552,0.1170270201843774,0.13875224277438258,0.11742150049466049,0.11848357174984596,0.11884019418975406,0.13293774279886444
237,237.0,237.59989347850086,0.11479055192649008,0.14172241526161333,0.11643687339757589,0.13961272065664207,0.11660839635862301,0.11845641386632591,0.11927993491080031,0.13309269362192933
238,238.0,238.59991445398742,0.11469216042406209,0.14218575470652917,0.11580686351797144,0.1403419524410261,0.11577600963509573,0.11831509608339266,0.11965909848723,0.13322306470469275
239,239.0,239.59993418738546,0.1145816372521459,0.1424354106518961,0.11515893457785514,0.1409573231585725,0.11494625007427761,0.11867213071690806,0.11999076844271694,0.13325754512562765
240,240.0,240.59995260556983,0.11446170930614151,0.14314400677358494,0.1144056124232575,0.14146488220225367,0.11412756105223798,0.11891324616582019,0.1202767859365326,0.13320619614017157
241,241.0,241.59996965588005,0.1143501918438874,0.14390241678807084,0.11366993081242799,0.14191816966744203,0.11334452940812048,0.11915519699285052,0.1205372787936228,0.13312228569357792
242,242.0,242.59998530460047,0.1142597216289937,0.14462307520592924,0.11296737261698818,0.14232796994722507,0.11261213400628838,0.11940454608598286,0.12078208465897931,0.13302309584961322
243,243.0,243.59999953540284,0.11414147959125429,0.1457787410788348,0.11220641298211541,0.14264691470972649,0.11183739708129334,0.11961044108005665,0.12096270512550288,0.13281590835121612
244,244.0,244.60001234777096,0.11386172692063269,0.1471635633517601,0.11126399371159376,0.14274320164635101,0.11089579221819368,0.12074858113344972,0.12094605411571316,0.1323770869023059
245,245.0,245.60002375542453,0.11476716770326122,0.14894933431170648,0.11138506464083772,0.14103659623716502,0.11003080193857524,0.12181989361361178,0.12005957876327521,0.13195156279156733
246,246.0,246.60003378475852,0.1156488185009024,0.150992198231234,0.11148106485222417,0.13927940772211886,0.10916241349853198,0.1228389384679782,0.11913589838907389,0.13146126033793656
247,247.0,247.6000424733115,0.11643874447787536,0.1528609904372213,0.11143054676301857,0.13834185987983674,0.10826756503700946,0.12364834559347257,0.11812647297282432,0.13088547483874174
248,248.0,248.60004986827607,0.117038070312211,0.1540294450333892,0.11124981754120469,0.13660172062770393,0.10799579773459989,0.1248531712633255,0.11806093383973876,0.13017104364782717
249,249.0,249.60005602506143,0.11641573939952986,0.1548745329724973,0.11281940019177963,0.13472771750411736,0.10762612062083905,0.12628008191377676,0.11791253550364295,0.12934387189381724
250,250.0,250.60006100591767,0.11572876526389486,0.1552447742130179,0.11431333709053595,0.13336460956485868,0.10722909852984458,0.12745036501660298,0.11824598819790699,0.12842306212333815
251,251.0,251.60006487862907,0.11487937085784665,0.15507283990129347,0.11600203122144573,0.13186382725977663,0.10670032506913868,0.12876686938442727,0.11839866118144116,0.12831607512463053
252,252.0,252.60006771528305,0.1139011324350115,0.15442212877207495,0.11739311627450719,0.13026286081774563,0.10606697807954082,0.12973621203937052,0.12025729252619623,0.1279602790555533
253,253.0,253.60006959111882,0.11277556736467537,0.1535502484961551,0.11840211747457424,0.12851576783453306,0.10527387790148836,0.13100390215797858,0.12265463569416082,0.12782388307643466
254,254.0,254.60007058345983,0.11154642177188707,0.1524189490093672,0.11974770267827613,0.12744102609873603,0.10436209429102336,0.1322863953627818,0.12471759004215709,0.12747982074577152
255,255.0,255.60007077073212,0.11027325354629333,0.1514041063891132,0.12079478256480247,0.12630629404668234,0.10336906726351078,0.13382227917252718,0.1270056207890534,0.12702459622801748
256,256.0,256.6000702315699,0.10898995394900507,0.15059015065099096,0.1215811354121944,0.12573436360795867,0.10233006171425334,0.13510394932133302,0.12914742367234813,0.12652296167191657
257,257.0,257.6000690440082,0.10774312796769457,0.14958583618273016,0.12225633519477541,0.12521077986997328,0.10174224992664466,0.13669270070088418,0.13075196625666763,0.12601700390063025
258,258.0,258.6000672847626,0.10654123418173658,0.14841661881362148,0.12282365826467904,0.12473521936235102,0.10157399933804812,0.1381665753554701,0.13223120450838505,0.12551149017570876
259,259.0,259.6000650285939,0.10537411857089335,0.14722800126887867,0.12320250010822564,0.12423959615144554,0.1014046768573243,0.14037882547901526,0.13316353007301468,0.12500875149120272
260,260.0,260.6000623477562,0.10423476185700123,0.14588013558629045,0.12336245457795764,0.12370061950479701,0.10117488843420272,0.1428408704258915,0.13432332911608919,0.12448294049777046
261,261.0,261.60005931152466,0.10318512726084958,0.145008059120403,0.12334990366265197,0.12385454688897858,0.10098786255203837,0.143812116185001,0.1353818484849255,0.12442053584515222
262,262.0,262.600055985801,0.10169218082509349,0.1443268328132587,0.1226479838844799,0.12499951628989717,0.1009110570983254,0.14486679341468855,0.13657217529786564,0.12398346037639137
263,263.0,263.60005243279176,0.10019469767350019,0.14359765382163692,0.1213203319564434,0.12609988075327283,0.10079106857280817,0.14620754155293433,0.1373881406324868,0.12440068503691752
264,264.0,264.60004871075546,0.0986665478676109,0.1427910507623432,0.11985123917125086,0.12696468154381055,0.10137757101207814,0.1473007875859416,0.13782958375383747,0.12521853830312746
265,265.0,265.60004487381525,0.0971075397773743,0.14190429227919782,0.11820338170131099,0.1281712396083013,0.10173878889000246,0.14847514280369767,0.13791916116664987,0.1264804537734657
266,266.0,266.60004097183094,0.09559671756587809,0.14138788982642816,0.11680173777380343,0.1297111979493833,0.10197253534959803,0.14949938531756504,0.13785584612571455,0.1271746900916295
267,267.0,267.60003705032676,0.09405991070451894,0.14057104785063,0.11565089540644591,0.1308899241150327,0.10194870949358162,0.15031971853990733,0.13781577435140344,0.12874401953848016
268,268.0,268.6000331504697,0.09257092951035845,0.13974449927883026,0.11483296549716909,0.13194508165044144,0.10247998237950326,0.15081304695202746,0.13754638881729903,0.1300671059143711
269,269.0,269.60002930909366,0.09136293623319511,0.13904082016120875,0.11434794267545123,0.1334904165997855,0.10317108123290325,0.15148370446108878,0.13632502258795123,0.13077807604841618
270,270.0,270.6000255587643,0.0901812656604545,0.1383058575796211,0.11367611939448653,0.1347198777855978,0.10414469688408419,0.15183475907481406,0.13578974507083558,0.13134767855010626
271,271.0,271.6000219278802,0.0891171301994497,0.13800248784867816,0.11304848833860373,0.13589884188845733,0.10511256177647643,0.1517170873690265,0.1352231742957741,0.13188022828353407
272,272.0,272.60001844080574,0.0880920876162871,0.13757410186414137,0.11232547395442083,0.13681503377009552,0.10598824225970485,0.15168606470006124,0.1352354483976551,0.13228354743763399
273,273.0,273.6000151180307,0.08782218250009688,0.13742206540958884,0.11193796412410836,0.13761550010512885,0.10612008005911297,0.15132538514676758,0.13516191551525886,0.13259490713993763
274,274.0,274.6000119763528,0.08759206510418799,0.13715260569270263,0.11147675210243035,0.13817702464946263,0.10616424703957399,0.15144224137752457,0.13520479934288263,0.1327902646912352
275,275.0,275.60000902907916,0.08719001193768681,0.13670488385902296,0.11152801324517453,0.1390198367809153,0.1059190227203735,0.1522173296536518,0.1348246694706124,0.13259623233256268
276,276.0,276.6000062862421,0.08661131978332291,0.1360745507184536,0.1121838376498615,0.13926878742819798,0.10524072841221281,0.15357556888673385,0.13403159997443662,0.1330136071467807
277,277.0,277.60000375482633,0.08590214231721902,0.13530846509215,0.11241937623548352,0.13913949280930518,0.10431609059046958,0.15513283910296793,0.13345800390432275,0.13432358994808197
278,278.0,278.60000143900385,0.08515215524506907,0.13448552132958755,0.11247179763633013,0.13872962664604702,0.10410246378242,0.1565843356081817,0.13260583811796106,0.1358682616344034
279,279.0,279.5999993403736,0.08441557491907561,0.1338068681761774,0.11305145728086635,0.13812111359444446,0.10421317585814491,0.1578980253547172,0.1315103329437419,0.1369834518728321
280,280.0,280.59999745820267,0.08366466446099025,0.13331256633762018,0.11337550590579334,0.13812303956970295,0.10417008565644169,0.1588844534860844,0.13031041812609523,0.13815926645727186
281,281.0,281.59999578966676,0.08289293407876322,0.13277046598452477,0.11442221742869074,0.13778929736696494,0.10398557570293064,0.15956597579079831,0.1291216816797077,0.1394518519676196
282,282.0,282.59999433008784,0.08210029326903008,0.13248106729588338,0.1151309859189778,0.13714765750867722,0.10414142578327976,0.15986130388224226,0.1285002218570815,0.14063704448482794
283,283.0,283.5999930731659,0.0813577358922273,0.13231955089522288,0.11545813330781438,0.13680293742020616,0.10467627525568746,0.15996598102001341,0.12785748471061598,0.1415619014982124
284,284.0,284.59999201120445,0.08067669995675097,0.13197599540301544,0.11573275255318585,0.13641742748819052,0.1051343711711571,0.16019080251953335,0.1275031853782753,0.14236876552989142
285,285.0,285.5999911353271,0.08008490672508725,0.1314907818568511,0.11614233703136632,0.13495476359028274,0.10609784192018581,0.1613182545030927,0.12664793667069646,0.1432631777024376
286,286.0,286.5999904356843,0.07950563825895066,0.13089574072314564,0.11646526855160905,0.13329700299010333,0.10756108476242847,0.16223550576061677,0.1257021462798909,0.14433761267325523
287,287.0,287.5999899016489,0.0789263898654855,0.13048228688167016,0.11721735734301901,0.13142080215598498,0.10912160075422127,0.16306404598962118,0.12467328787063148,0.14509422913936645
288,288.0,288.5999895220005,0.07836792390405177,0.12996582880862262,0.11776196199046353,0.12947133740232125,0.1104528032826724,0.1647099132079585,0.12359490059424112,0.14567533080966888
289,289.0,289.59998928509697,0.0778660884050199,0.1293899714411777,0.11821031575264854,0.12753974834615722,0.11166019059779869,0.16610713727452736,0.12254740443811535,0.14667914374455532
290,290.0,290.59998917903283,0.07740412496025234,0.1287461912555712,0.11881207929899104,0.12553405717882937,0.11294161729594752,0.16724365047044568,0.12152134243339814,0.14779693710656475
291,291.0,291.5999891917848,0.07720528650550845,0.1282801877020624,0.11975624879831961,0.12341181072144237,0.11428646711379004,0.16799565552878673,0.12045765114605049,0.14860669248403996
292,292.0,292.5999893113437,0.07704349357829317,0.12784534837319694,0.12060487885090897,0.12127436286190328,0.11571087383824853,0.1689039459400798,0.11944198569589454,0.14917511086147486
293,293.0,293.5999895258333,0.07692079528108434,0.127362020789563,0.12134730642476695,0.1186571762551145,0.11698219710251666,0.1704054006993891,0.11847672350413781,0.14984837994342773
294,294.0,294.59998982361554,0.07743246309828294,0.12690187941839354,0.12112559752064074,0.11623984859830463,0.11806351091576019,0.1716940718821047,0.11771109287794956,0.15083153568856375
295,295.0,295.5999901933834,0.07796951973596844,0.12664641867537635,0.12058421837535764,0.11386471935085113,0.11927815136679434,0.17281443969764287,0.11724362032752733,0.15159891247048196
296,296.0,296.5999906242407,0.07799614205176308,0.1265907993171493,0.12019234553888912,0.11160565549419613,0.12033718123768569,0.17422972992383012,0.11682191914006278,0.15222622729642382
297,297.0,297.59999110576985,0.07804165803465417,0.12657259985426225,0.1199717699485747,0.10948368488441008,0.1212827434509895,0.17545636857509794,0.11645567294771854,0.15273550230429286
298,298.0,298.5999916280884,0.07802185826656872,0.1267339701511062,0.11992076741022381,0.10808349164715235,0.12198162863273398,0.17628358427727087,0.11597957095339503,0.15299512866154907
299,299.0,299.59999218189415,0.07795469225090541,0.12685725713377843,0.1193482269018389,0.10667423209055411,0.1224719986803833,0.17795833699876518,0.11542704274743781,0.15330821319633692
300,300.0,300.59999275850043,0.07776996157290265,0.1268855946381248,0.11936207016842523,0.10543097403562429,0.12290222889712853,0.1794421686813075,0.11465534675007436,0.15355165525641273
301,301.0,301.5999933498611,0.07768885960765251,0.12702123527247416,0.12109985041474113,0.10441734369022547,0.12350116500050087,0.17903997552425815,0.11300724218661747,0.15422432830353033
302,302.0,302.59999394858704,0.07760095008113992,0.1271512078950905,0.12266759968925298,0.10351935264365217,0.1239435712944411,0.17875430261143943,0.11138535963534053,0.15497765614964348
303,303.0,303.59999454795457,0.0775235575687772,0.12749887763827522,0.12416231118813215,0.102749911788606,0.12428824068091851,0.178311168091898,0.10983509498048283,0.15563083806291017
304,304.0,304.59999514190577,0.07744771635101061,0.12784281014927723,0.12550825646757013,0.10209916193292443,0.12451144696532522,0.17806124592540234,0.10834342383072405,0.15618593837776606
305,305.0,305.5999957250428,0.0773681079966132,0.12809649873241485,0.12601572994350088,0.10155028266272248,0.12481574899848281,0.1779551082545442,0.10690756011916194,0.1572909632925597
306,306.0,306.59999629261574,0.07729048983109753,0.12834078286480907,0.12564030371319918,0.10110814362916398,0.12501437899933687,0.1787614442345211,0.1055454507957034,0.15829900593216895
307,307.0,307.5999968405052,0.07720652861546301,0.12856099804776247,0.12544814841228913,0.10075333009647237,0.12529751999913993,0.17930884592549542,0.10424977241191782,0.15917485649145996
308,308.0,308.59999736520064,0.07712494081907116,0.12876841810719517,0.12578352000682239,0.10049172673269338,0.12548811714457891,0.1785637410278305,0.10338232481765701,0.1603972113441516
309,309.0,309.59999786377455,0.07688495342584654,0.1287968151700967,0.1268349305133907,0.1000678620364721,0.1264150197488461,0.1774406422588282,0.1023796099689853,0.1611801668775345
310,310.0,310.5999983338533,0.076513728413548,0.1286724816103948,0.12795176645653417,0.09951234542115384,0.1279206240842107,0.17599035800282728,0.1012737753576801,0.16216492065365123
311,311.0,311.5999987735857,0.0759737721625613,0.12854254805218726,0.12911387318462902,0.09894809534903755,0.12908061634646498,0.17429136499757547,0.10015649472344686,0.1638932351840977
312,312.0,312.599999181609,0.07544526272477248,0.12840350619490576,0.1304155604644799,0.09845959336385662,0.1301416739168195,0.17250403334552072,0.099117256939604,0.16551311305004113
313,313.0,313.59999955701386,0.07492469369049154,0.12824638201725777,0.13180175740053982,0.09803287440699654,0.1310801392205164,0.17078179503376464,0.09814659497178069,0.16698576325865275
314,314.0,314.59999989930805,0.07435153525908647,0.12800938508465676,0.13290607102062843,0.09778604264197932,0.13170406247931238,0.16994542518727274,0.09718142400771311,0.16811605431935092
315,315.0,315.60000020837975,0.07379365208099171,0.12775952441905306,0.13407403783737903,0.09759019577436624,0.13220928104433352,0.1691893093251005,0.09628675146834254,0.1690972480504335
316,316.0,316.60000048446057,0.07322161817329755,0.1274668912608269,0.13586419896013227,0.09734292411617629,0.1325675408083524,0.1683057295443017,0.0953973714577255,0.16983372567918756
317,317.0,317.6000007280886,0.07264822948373234,0.1271472718044363,0.13807069947016545,0.09706369155183273,0.13280659266365547,0.16736512562922495,0.09452969189777707,0.17036869749917583
318,318.0,318.600000940073,0.072050379611561,0.1267775851084438,0.14026672890264402,0.09678214231072384,0.1327964080061603,0.16647379163679235,0.09350829513342124,0.1713446692902536
319,319.0,319.60000112145826,0.07148560634130005,0.12650824052389634,0.14223824702260845,0.09655043672047146,0.13270935183632432,0.1657275969341784,0.09256791954215815,0.172212601079063
320,320.0,320.6000012734904,0.0709559214152547,0.1262482356219551,0.14422631060562643,0.0963655791416861,0.13255299687646085,0.16496811367951494,0.09170888177197202,0.17297396088753
321,321.0,321.60000139758444,0.07055538604480532,0.12652523287680154,0.1459786353406426,0.09622441395295779,0.13233487836701796,0.16434593545344298,0.0909306802303037,0.1731048377340283
322,322.0,322.60000149529316,0.07016513088756567,0.12675613569301059,0.14804402835929192,0.09604472558102295,0.132036106205402,0.16368702085368822,0.09017944987759842,0.17308740254242047
323,323.0,323.6000015682781,0.06990400525334825,0.12699031088377866,0.15009356694209694,0.0959029138359427,0.13169051161829917,0.1630213905678909,0.0894138756562734,0.17298342524237018
324,324.0,324.6000016182818,0.06967808047884512,0.12722479582572765,0.15211538836316355,0.0957963155384678,0.13130535189208556,0.16235255522532396,0.08872550012669352,0.17280201254969305
325,325.0,325.60000164710226,0.06948581026250092,0.12745692923099103,0.1540988972443495,0.09572218986348353,0.13088757874794754,0.16168381266181378,0.08811263078499323,0.17255215120392065
326,326.0,326.6000016565697,0.0693065973443624,0.1278161989485068,0.1558806931365676,0.09565698878023385,0.13039047224533454,0.16118635606617987,0.08755479705889627,0.17220789641991885
327,327.0,327.6000016485247,0.06914873576922793,0.12815594852818063,0.1575802719547059,0.09561331436630362,0.1298765766593204,0.16074333118061457,0.08707345038154016,0.17180837116010694
328,328.0,328.60000162479895,0.06900552450873425,0.1286148474987572,0.15908499478568577,0.0955785291852264,0.12940150702492087,0.16031775616993355,0.08665503912704377,0.17134180169969832
329,329.0,329.6000015871977,0.06888843879248685,0.12898099851430792,0.16040995175839115,0.0957777577520628,0.1288923489651882,0.1599167774600865,0.08630351684564211,0.1708302099118346
330,330.0,330.6000015374847,0.06907226791467076,0.129507126858492,0.1607626381996159,0.09619816462892157,0.12878040342908192,0.15989628816538923,0.0853137392216206,0.17046937158220815
331,331.0,331.60000147736815,0.06945807073265174,0.13019136480949556,0.16196740366844484,0.09681476563062745,0.12841844652048887,0.15933643146812693,0.08477792157271323,0.16903559559745152
