,Unnamed: 0,Total_iterations,Intertwine_two,Add_vertex,Delete_vertex,Invert_path_vertices,Insert_inside_vertex,Delete_inside_vertex,Replace_inside_vertex,Donate_between_routes
0,0.0,0.0,0.125,0.125,0.125,0.125,0.125,0.125,0.125,0.125
1,1.0,1.0,0.125,0.125,0.125,0.125,0.125,0.125,0.125,0.125
2,2.0,2.0,0.125,0.125,0.125,0.125,0.125,0.125,0.125,0.125
3,3.0,3.0,0.125,0.125,0.125,0.125,0.125,0.125,0.125,0.125
4,4.0,4.0,0.125,0.125,0.125,0.125,0.125,0.125,0.125,0.125
5,5.0,5.0,0.125,0.125,0.125,0.125,0.125,0.125,0.125,0.125
6,6.0,6.0,0.125,0.125,0.125,0.125,0.125,0.125,0.125,0.125
7,7.0,7.0,0.125,0.125,0.125,0.125,0.125,0.125,0.125,0.125
8,8.0,8.0,0.125,0.125,0.125,0.125,0.125,0.125,0.125,0.125
9,9.0,9.0,0.125,0.125,0.125,0.125,0.125,0.125,0.125,0.125
10,10.0,10.0,0.125,0.125,0.125,0.125,0.125,0.125,0.125,0.125
11,11.0,11.0,0.125,0.125,0.125,0.125,0.125,0.125,0.125,0.125
12,12.0,12.0,0.125,0.125,0.125,0.125,0.125,0.125,0.125,0.125
13,13.0,13.0,0.125,0.125,0.125,0.125,0.125,0.125,0.125,0.125
14,14.0,14.0,0.125,0.125,0.125,0.125,0.125,0.125,0.125,0.125
15,15.0,15.0,0.125,0.125,0.125,0.125,0.125,0.125,0.125,0.125
16,16.0,16.0,0.125,0.125,0.125,0.125,0.125,0.125,0.125,0.125
17,17.0,17.0,0.125,0.125,0.125,0.125,0.125,0.125,0.125,0.125
18,18.0,18.0,0.125,0.125,0.125,0.125,0.125,0.125,0.125,0.125
19,19.0,19.0,0.125,0.125,0.125,0.125,0.125,0.125,0.125,0.125
20,20.0,20.0,0.125,0.125,0.125,0.125,0.125,0.125,0.125,0.125
21,21.0,21.0,0.125,0.125,0.125,0.125,0.125,0.125,0.125,0.125
22,22.0,22.0,0.125,0.125,0.125,0.125,0.125,0.125,0.125,0.125
23,23.0,23.0,0.125,0.125,0.125,0.125,0.125,0.125,0.125,0.125
24,24.0,24.0,0.125,0.125,0.125,0.125,0.125,0.125,0.125,0.125
25,25.0,25.0,0.125,0.125,0.125,0.125,0.125,0.125,0.125,0.125
26,26.0,26.0,0.125,0.125,0.125,0.125,0.125,0.125,0.125,0.125
27,27.0,27.0,0.125,0.125,0.125,0.125,0.125,0.125,0.125,0.125
28,28.0,28.0,0.125,0.125,0.125,0.125,0.125,0.125,0.125,0.125
29,29.0,29.0,0.125,0.125,0.125,0.125,0.125,0.125,0.125,0.125
30,30.0,30.0,0.125,0.125,0.125,0.125,0.125,0.125,0.125,0.125
31,31.0,31.0,0.125,0.125,0.125,0.125,0.125,0.125,0.125,0.125
32,32.0,32.0,0.125,0.125,0.125,0.125,0.125,0.125,0.125,0.125
33,33.0,33.0,0.125,0.125,0.125,0.125,0.125,0.125,0.125,0.125
34,34.0,34.0,0.125,0.125,0.125,0.125,0.125,0.125,0.125,0.125
35,35.0,35.0,0.125,0.125,0.125,0.125,0.125,0.125,0.125,0.125
36,36.0,36.0,0.125,0.125,0.125,0.125,0.125,0.125,0.125,0.125
37,37.0,37.0,0.125,0.125,0.125,0.125,0.125,0.125,0.125,0.125
38,38.0,38.0,0.125,0.125,0.125,0.125,0.125,0.125,0.125,0.125
39,39.0,39.0,0.125,0.125,0.125,0.125,0.125,0.125,0.125,0.125
40,40.0,40.0,0.125,0.125,0.125,0.125,0.125,0.125,0.125,0.125
41,41.0,41.0,0.125,0.125,0.125,0.125,0.125,0.125,0.125,0.125
42,42.0,42.0,0.125,0.125,0.125,0.125,0.125,0.125,0.125,0.125
43,43.0,43.0,0.125,0.125,0.125,0.125,0.125,0.125,0.125,0.125
44,44.0,44.0,0.125,0.125,0.125,0.125,0.125,0.125,0.125,0.125
45,45.0,45.0,0.125,0.125,0.125,0.125,0.125,0.125,0.125,0.125
46,46.0,46.0,0.125,0.125,0.125,0.125,0.125,0.125,0.125,0.125
47,47.0,47.0,0.125,0.125,0.125,0.125,0.125,0.125,0.125,0.125
48,48.0,48.0,0.125,0.125,0.125,0.125,0.125,0.125,0.125,0.125
49,49.0,49.0,0.125,0.125,0.125,0.125,0.125,0.125,0.125,0.125
50,50.0,50.0,0.125,0.125,0.125,0.125,0.125,0.125,0.125,0.125
51,51.0,51.0,0.125,0.125,0.125,0.125,0.125,0.125,0.125,0.125
52,52.0,52.0,0.125,0.125,0.125,0.125,0.125,0.125,0.125,0.125
53,53.0,53.0,0.125,0.125,0.125,0.125,0.125,0.125,0.125,0.125
54,54.0,54.0,0.125,0.125,0.125,0.125,0.125,0.125,0.125,0.125
55,55.0,55.0,0.125,0.125,0.125,0.125,0.125,0.125,0.125,0.125
56,56.0,56.0,0.125,0.125,0.125,0.125,0.125,0.125,0.125,0.125
57,57.0,57.0,0.125,0.125,0.125,0.125,0.125,0.125,0.125,0.125
58,58.0,58.0,0.125,0.125,0.125,0.125,0.125,0.125,0.125,0.125
59,59.0,59.0,0.125,0.125,0.125,0.125,0.125,0.125,0.125,0.125
60,60.0,60.0,0.125,0.125,0.125,0.125,0.125,0.125,0.125,0.125
61,61.0,61.0,0.125,0.125,0.125,0.125,0.125,0.125,0.125,0.125
62,62.0,62.0,0.125,0.125,0.125,0.125,0.125,0.125,0.125,0.125
63,63.0,63.0,0.125,0.125,0.125,0.125,0.125,0.125,0.125,0.125
64,64.0,64.0,0.125,0.125,0.125,0.125,0.125,0.125,0.125,0.125
65,65.0,65.0,0.125,0.125,0.125,0.125,0.125,0.125,0.125,0.125
66,66.0,66.0,0.125,0.125,0.125,0.125,0.125,0.125,0.125,0.125
67,67.0,67.0,0.125,0.125,0.125,0.125,0.125,0.125,0.125,0.125
68,68.0,68.0,0.125,0.125,0.125,0.125,0.125,0.125,0.125,0.125
69,69.0,69.0,0.125,0.125,0.125,0.125,0.125,0.125,0.125,0.125
70,70.0,70.0,0.125,0.125,0.125,0.125,0.125,0.125,0.125,0.125
71,71.0,71.0,0.125,0.125,0.125,0.125,0.125,0.125,0.125,0.125
72,72.0,72.0,0.125,0.125,0.125,0.125,0.125,0.125,0.125,0.125
73,73.0,73.0,0.125,0.125,0.125,0.125,0.125,0.125,0.125,0.125
74,74.0,74.0,0.125,0.125,0.125,0.125,0.125,0.125,0.125,0.125
75,75.0,75.0,0.125,0.125,0.125,0.125,0.125,0.125,0.125,0.125
76,76.0,76.0,0.125,0.125,0.125,0.125,0.125,0.125,0.125,0.125
77,77.0,77.0,0.125,0.125,0.125,0.125,0.125,0.125,0.125,0.125
78,78.0,78.0,0.125,0.125,0.125,0.125,0.125,0.125,0.125,0.125
79,79.0,79.0,0.125,0.125,0.125,0.125,0.125,0.125,0.125,0.125
80,80.0,80.0,0.125,0.125,0.125,0.125,0.125,0.125,0.125,0.125
81,81.0,81.0,0.125,0.125,0.125,0.125,0.125,0.125,0.125,0.125
82,82.0,82.0,0.125,0.125,0.125,0.125,0.125,0.125,0.125,0.125
83,83.0,83.0,0.125,0.125,0.125,0.125,0.125,0.125,0.125,0.125
84,84.0,84.0,0.125,0.125,0.125,0.125,0.125,0.125,0.125,0.125
85,85.0,85.0,0.125,0.125,0.125,0.125,0.125,0.125,0.125,0.125
86,86.0,86.0,0.125,0.125,0.125,0.125,0.125,0.125,0.125,0.125
87,87.0,87.0,0.125,0.125,0.125,0.125,0.125,0.125,0.125,0.125
88,88.0,88.0,0.125,0.125,0.125,0.125,0.125,0.125,0.125,0.125
89,89.0,89.0,0.125,0.125,0.125,0.125,0.125,0.125,0.125,0.125
90,90.0,90.0,0.125,0.125,0.125,0.125,0.125,0.125,0.125,0.125
91,91.0,91.0,0.125,0.125,0.125,0.125,0.125,0.125,0.125,0.125
92,92.0,92.0,0.125,0.125,0.125,0.125,0.125,0.125,0.125,0.125
93,93.0,93.0,0.125,0.125,0.125,0.125,0.125,0.125,0.125,0.125
94,94.0,94.0,0.125,0.125,0.125,0.125,0.125,0.125,0.125,0.125
95,95.0,95.0,0.125,0.125,0.125,0.125,0.125,0.125,0.125,0.125
96,96.0,96.0,0.125,0.125,0.125,0.125,0.125,0.125,0.125,0.125
97,97.0,97.0,0.125,0.125,0.125,0.125,0.125,0.125,0.125,0.125
98,98.0,98.0,0.125,0.125,0.125,0.125,0.125,0.125,0.125,0.125
99,99.0,99.0,0.125,0.125,0.125,0.125,0.125,0.125,0.125,0.125
100,100.0,100.0,0.125,0.125,0.125,0.125,0.125,0.125,0.125,0.125
101,101.0,101.0,0.125,0.125,0.125,0.125,0.125,0.125,0.125,0.125
102,102.0,102.0,0.125,0.125,0.125,0.125,0.125,0.125,0.125,0.125
103,103.0,103.0,0.125,0.125,0.125,0.125,0.125,0.125,0.125,0.125
104,104.0,104.0,0.125,0.125,0.125,0.125,0.125,0.125,0.125,0.125
105,105.0,105.0,0.125,0.125,0.125,0.125,0.125,0.125,0.125,0.125
106,106.0,106.0,0.125,0.125,0.125,0.125,0.125,0.125,0.125,0.125
107,107.0,107.0,0.125,0.125,0.125,0.125,0.125,0.125,0.125,0.125
108,108.0,108.0,0.125,0.125,0.125,0.125,0.125,0.125,0.125,0.125
109,109.0,109.0,0.125,0.125,0.125,0.125,0.125,0.125,0.125,0.125
110,110.0,110.0,0.125,0.125,0.125,0.125,0.125,0.125,0.125,0.125
111,111.0,111.0,0.125,0.125,0.125,0.125,0.125,0.125,0.125,0.125
112,112.0,112.0,0.125,0.125,0.125,0.125,0.125,0.125,0.125,0.125
113,113.0,113.0,0.125,0.125,0.125,0.125,0.125,0.125,0.125,0.125
114,114.0,114.0,0.125,0.125,0.125,0.125,0.125,0.125,0.125,0.125
115,115.0,115.0,0.125,0.125,0.125,0.125,0.125,0.125,0.125,0.125
116,116.0,116.0,0.125,0.125,0.125,0.125,0.125,0.125,0.125,0.125
117,117.0,117.0,0.125,0.125,0.125,0.125,0.125,0.125,0.125,0.125
118,118.0,118.0,0.125,0.125,0.125,0.125,0.125,0.125,0.125,0.125
119,119.0,119.0,0.125,0.125,0.125,0.125,0.125,0.125,0.125,0.125
120,120.0,120.0,0.125,0.125,0.125,0.125,0.125,0.125,0.125,0.125
121,121.0,121.0,0.125,0.125,0.125,0.125,0.125,0.125,0.125,0.125
122,122.0,122.0,0.125,0.125,0.125,0.125,0.125,0.125,0.125,0.125
123,123.0,123.0,0.125,0.125,0.125,0.125,0.125,0.125,0.125,0.125
124,124.0,124.0,0.125,0.125,0.125,0.125,0.125,0.125,0.125,0.125
125,125.0,125.0,0.125,0.125,0.125,0.125,0.125,0.125,0.125,0.125
126,126.0,126.0,0.125,0.125,0.125,0.125,0.125,0.125,0.125,0.125
127,127.0,127.0,0.125,0.125,0.125,0.125,0.125,0.125,0.125,0.125
128,128.0,128.0,0.125,0.125,0.125,0.125,0.125,0.125,0.125,0.125
129,129.0,129.0,0.125,0.125,0.125,0.125,0.125,0.125,0.125,0.125
130,130.0,130.0,0.125,0.125,0.125,0.125,0.125,0.125,0.125,0.125
131,131.0,131.0,0.125,0.125,0.125,0.125,0.125,0.125,0.125,0.125
132,132.0,132.0,0.125,0.125,0.125,0.125,0.125,0.125,0.125,0.125
133,133.0,133.0,0.125,0.125,0.125,0.125,0.125,0.125,0.125,0.125
134,134.0,134.0,0.125,0.125,0.125,0.125,0.125,0.125,0.125,0.125
135,135.0,135.0,0.125,0.125,0.125,0.125,0.125,0.125,0.125,0.125
136,136.0,136.0,0.125,0.125,0.125,0.125,0.125,0.125,0.125,0.125
137,137.0,137.0,0.125,0.125,0.125,0.125,0.125,0.125,0.125,0.125
138,138.0,138.0,0.125,0.125,0.125,0.125,0.125,0.125,0.125,0.125
139,139.0,139.0,0.125,0.125,0.125,0.125,0.125,0.125,0.125,0.125
140,140.0,140.0,0.125,0.125,0.125,0.125,0.125,0.125,0.125,0.125
141,141.0,141.0,0.125,0.125,0.125,0.125,0.125,0.125,0.125,0.125
142,142.0,142.0,0.125,0.125,0.125,0.125,0.125,0.125,0.125,0.125
143,143.0,143.0,0.125,0.125,0.125,0.125,0.125,0.125,0.125,0.125
144,144.0,144.0,0.125,0.125,0.125,0.125,0.125,0.125,0.125,0.125
145,145.0,145.0,0.125,0.125,0.125,0.125,0.125,0.125,0.125,0.125
146,146.0,146.0,0.125,0.125,0.125,0.125,0.125,0.125,0.125,0.125
147,147.0,147.0,0.125,0.125,0.125,0.125,0.125,0.125,0.125,0.125
148,148.0,148.0,0.125,0.125,0.125,0.125,0.125,0.125,0.125,0.125
149,149.0,149.0,0.125,0.125,0.125,0.125,0.125,0.125,0.125,0.125
150,150.0,150.0,0.125,0.125,0.125,0.125,0.125,0.125,0.125,0.125
151,151.0,151.0,0.125,0.125,0.125,0.125,0.125,0.125,0.125,0.125
152,152.0,152.0,0.125,0.125,0.125,0.125,0.125,0.125,0.125,0.125
153,153.0,153.0,0.125,0.125,0.125,0.125,0.125,0.125,0.125,0.125
154,154.0,154.0,0.125,0.125,0.125,0.125,0.125,0.125,0.125,0.125
155,155.0,155.0,0.125,0.125,0.125,0.125,0.125,0.125,0.125,0.125
156,156.0,156.0,0.125,0.125,0.125,0.125,0.125,0.125,0.125,0.125
157,157.0,157.0,0.125,0.125,0.125,0.125,0.125,0.125,0.125,0.125
158,158.0,158.0,0.125,0.125,0.125,0.125,0.125,0.125,0.125,0.125
159,159.0,159.0,0.125,0.125,0.125,0.125,0.125,0.125,0.125,0.125
160,160.0,160.0,0.125,0.125,0.125,0.125,0.125,0.125,0.125,0.125
161,161.0,161.0,0.125,0.125,0.125,0.125,0.125,0.125,0.125,0.125
162,162.0,162.0,0.125,0.125,0.125,0.125,0.125,0.125,0.125,0.125
163,163.0,163.0,0.125,0.125,0.125,0.125,0.125,0.125,0.125,0.125
164,164.0,164.0,0.125,0.125,0.125,0.125,0.125,0.125,0.125,0.125
165,165.0,165.0,0.125,0.125,0.125,0.125,0.125,0.125,0.125,0.125
166,166.0,166.0,0.125,0.125,0.125,0.125,0.125,0.125,0.125,0.125
167,167.0,167.0,0.125,0.125,0.125,0.125,0.125,0.125,0.125,0.125
168,168.0,168.0,0.125,0.125,0.125,0.125,0.125,0.125,0.125,0.125
169,169.0,169.0,0.125,0.125,0.125,0.125,0.125,0.125,0.125,0.125
170,170.0,170.0,0.125,0.125,0.125,0.125,0.125,0.125,0.125,0.125
171,171.0,171.0,0.125,0.125,0.125,0.125,0.125,0.125,0.125,0.125
172,172.0,172.0,0.125,0.125,0.125,0.125,0.125,0.125,0.125,0.125
173,173.0,173.0,0.125,0.125,0.125,0.125,0.125,0.125,0.125,0.125
174,174.0,174.0,0.125,0.125,0.125,0.125,0.125,0.125,0.125,0.125
175,175.0,175.0,0.125,0.125,0.125,0.125,0.125,0.125,0.125,0.125
176,176.0,176.0,0.125,0.125,0.125,0.125,0.125,0.125,0.125,0.125
177,177.0,177.0,0.125,0.125,0.125,0.125,0.125,0.125,0.125,0.125
178,178.0,178.0,0.125,0.125,0.125,0.125,0.125,0.125,0.125,0.125
179,179.0,179.0,0.125,0.125,0.125,0.125,0.125,0.125,0.125,0.125
180,180.0,180.0,0.125,0.125,0.125,0.125,0.125,0.125,0.125,0.125
181,181.0,181.0,0.125,0.125,0.125,0.125,0.125,0.125,0.125,0.125
182,182.0,182.0,0.125,0.125,0.125,0.125,0.125,0.125,0.125,0.125
183,183.0,183.0,0.125,0.125,0.125,0.125,0.125,0.125,0.125,0.125
184,184.0,184.0,0.125,0.125,0.125,0.125,0.125,0.125,0.125,0.125
185,185.0,185.0,0.125,0.125,0.125,0.125,0.125,0.125,0.125,0.125
186,186.0,186.0,0.125,0.125,0.125,0.125,0.125,0.125,0.125,0.125
187,187.0,187.0,0.125,0.125,0.125,0.125,0.125,0.125,0.125,0.125
188,188.0,188.0,0.125,0.125,0.125,0.125,0.125,0.125,0.125,0.125
189,189.0,189.0,0.125,0.125,0.125,0.125,0.125,0.125,0.125,0.125
190,190.0,190.0,0.125,0.125,0.125,0.125,0.125,0.125,0.125,0.125
191,191.0,191.0,0.125,0.125,0.125,0.125,0.125,0.125,0.125,0.125
192,192.0,192.0,0.125,0.125,0.125,0.125,0.125,0.125,0.125,0.125
193,193.0,193.0,0.125,0.125,0.125,0.125,0.125,0.125,0.125,0.125
194,194.0,194.0,0.125,0.125,0.125,0.125,0.125,0.125,0.125,0.125
195,195.0,195.0,0.125,0.125,0.125,0.125,0.125,0.125,0.125,0.125
196,196.0,196.0,0.125,0.125,0.125,0.125,0.125,0.125,0.125,0.125
197,197.0,197.0,0.125,0.125,0.125,0.125,0.125,0.125,0.125,0.125
198,198.0,198.0,0.125,0.125,0.125,0.125,0.125,0.125,0.125,0.125
199,199.0,199.0,0.125,0.125,0.125,0.125,0.125,0.125,0.125,0.125
200,200.0,200.0,0.125,0.125,0.125,0.125,0.125,0.125,0.125,0.125
201,201.0,201.0,0.12361111111111112,0.12361111111111112,0.12361111111111112,0.12361111111111112,0.12361111111111112,0.12361111111111112,0.12361111111111112,0.13472222222222224
202,202.0,202.0,0.12250000000000001,0.12250000000000001,0.1325,0.12250000000000001,0.12250000000000001,0.12250000000000001,0.12250000000000001,0.1325
203,203.0,203.0,0.1202020202020202,0.1202020202020202,0.1383838383838384,0.1202020202020202,0.1202020202020202,0.13131313131313133,0.1202020202020202,0.1292929292929293
204,204.0,204.0,0.11805555555555554,0.11805555555555554,0.14583333333333331,0.11805555555555554,0.11805555555555554,0.12916666666666665,0.11805555555555554,0.13472222222222224
205,205.0,205.0,0.1163034188034188,0.1239957264957265,0.14168803418803416,0.1163034188034188,0.1163034188034188,0.1374145299145299,0.1163034188034188,0.13168803418803418
206,206.0,206.0,0.11539432789432788,0.12308663558663557,0.14896076146076145,0.11539432789432788,0.11539432789432788,0.13559634809634807,0.11539432789432788,0.1307789432789433
207,207.0,207.0,0.11463675213675213,0.12232905982905981,0.1550213675213675,0.11463675213675213,0.11463675213675213,0.13408119658119658,0.11463675213675213,0.1300213675213675
208,208.0,208.0,0.11974969474969474,0.1303113553113553,0.1565628815628816,0.11205738705738706,0.11205738705738706,0.13086080586080587,0.11205738705738706,0.12634310134310134
209,209.0,209.0,0.11863858363858362,0.12808913308913308,0.15545177045177044,0.12094627594627594,0.11094627594627596,0.11863858363858362,0.11094627594627596,0.13634310134310132
210,210.0,210.0,0.11772949272949271,0.12627095127095128,0.15454267954267956,0.11912809412809411,0.11912809412809411,0.11772949272949271,0.11003718503718503,0.13543401043401043
211,211.0,211.0,0.11649572649572648,0.1238034188034188,0.15188034188034188,0.1238034188034188,0.12547008547008548,0.11649572649572648,0.10880341880341879,0.13324786324786325
212,212.0,212.0,0.11649572649572648,0.1238034188034188,0.15188034188034188,0.1238034188034188,0.12547008547008548,0.11649572649572648,0.10880341880341879,0.13324786324786325
213,213.0,213.0,0.11649572649572648,0.1238034188034188,0.15188034188034188,0.1238034188034188,0.12547008547008548,0.11649572649572648,0.10880341880341879,0.13324786324786325
214,214.0,214.0,0.10880341880341879,0.1238034188034188,0.15957264957264955,0.1238034188034188,0.12547008547008548,0.11649572649572648,0.10880341880341879,0.13324786324786325
215,215.0,215.0,0.10838675213675213,0.1313034188034188,0.175267094017094,0.12297008547008548,0.11672008547008547,0.11607905982905982,0.10838675213675213,0.12088675213675212
216,216.0,216.0,0.10663461538461538,0.12826923076923075,0.17240384615384613,0.12826923076923075,0.11432692307692308,0.12432692307692306,0.10663461538461538,0.11913461538461538
217,217.0,217.0,0.10462662337662336,0.13230519480519481,0.17443181818181816,0.12516233766233764,0.1117694805194805,0.12086038961038961,0.10462662337662336,0.12621753246753245
218,218.0,218.0,0.10291666666666666,0.1358333333333333,0.18458333333333332,0.12249999999999998,0.10958333333333332,0.11791666666666664,0.10291666666666666,0.12374999999999999
219,219.0,219.0,0.10144230769230769,0.1326923076923077,0.19326923076923078,0.12019230769230768,0.10769230769230768,0.12163461538461537,0.10144230769230769,0.12163461538461537
220,220.0,220.0,0.10144230769230769,0.1326923076923077,0.19326923076923078,0.12019230769230768,0.10769230769230768,0.12163461538461537,0.10144230769230769,0.12163461538461537
221,221.0,221.0,0.10130952380952381,0.13297619047619047,0.19982142857142854,0.12047619047619047,0.1075595238095238,0.1280952380952381,0.10130952380952381,0.10845238095238094
222,222.0,222.0,0.10041666666666667,0.13166666666666665,0.20166666666666666,0.11916666666666667,0.10666666666666666,0.13291666666666666,0.10041666666666667,0.10708333333333334
223,223.0,223.0,0.10094187675070028,0.1286204481792717,0.21264355742296917,0.11433473389355742,0.10808473389355741,0.12682422969187673,0.10094187675070028,0.10760854341736695
224,224.0,224.0,0.10046568627450977,0.1267156862745098,0.2183578431372549,0.11338235294117646,0.10713235294117647,0.12634803921568627,0.10046568627450977,0.10713235294117647
225,225.0,225.0,0.09972222222222221,0.12472222222222222,0.22597222222222219,0.11222222222222222,0.10597222222222222,0.12527777777777777,0.09972222222222221,0.10638888888888887
226,226.0,226.0,0.09972222222222221,0.12472222222222222,0.2326388888888889,0.11222222222222222,0.10597222222222222,0.11861111111111111,0.09972222222222221,0.10638888888888887
227,227.0,227.0,0.09901315789473683,0.12302631578947368,0.24013157894736842,0.11151315789473684,0.10526315789473684,0.11677631578947367,0.09901315789473683,0.10526315789473684
228,228.0,228.0,0.09827786377708977,0.12155572755417957,0.24196981424148606,0.11041021671826626,0.10416021671826625,0.12118808049535601,0.09827786377708977,0.10416021671826625
229,229.0,229.0,0.09699346405228756,0.11898692810457515,0.25483660130718955,0.1084313725490196,0.10254901960784313,0.11866013071895423,0.09699346405228756,0.10254901960784313
230,230.0,230.0,0.09617057349255491,0.11734114698510982,0.25814904909332154,0.10731608432846822,0.10143373138729175,0.12198510983340705,0.09617057349255491,0.10143373138729175
231,231.0,231.0,0.09584377610693398,0.11668755221386799,0.26109022556390976,0.10666248955722639,0.10110693400167081,0.1216583124477861,0.09584377610693398,0.10110693400167084
232,232.0,232.0,0.09528822055137845,0.11531328320802006,0.2718796992481203,0.10555137844611528,0.10028822055137843,0.12110275689223057,0.09528822055137845,0.09528822055137845
233,233.0,233.0,0.0950250626566416,0.11505012531328321,0.27477443609022556,0.10528822055137846,0.1000250626566416,0.11978696741854637,0.0950250626566416,0.0950250626566416
234,234.0,234.0,0.09457051720209615,0.11437912964228754,0.2693164730006835,0.10483367509683299,0.10483367509683299,0.12292549555707451,0.09457051720209615,0.09457051720209615
235,235.0,235.0,0.0941564385271479,0.11376742250884127,0.2691470771791138,0.10441959642188474,0.10441959642188474,0.12577699188683172,0.0941564385271479,0.0941564385271479
236,236.0,236.0,0.09377765064836002,0.11320747520976353,0.27334668192219674,0.10404080854309687,0.10404080854309687,0.12403127383676582,0.09377765064836002,0.09377765064836002
237,237.0,237.0,0.09361098398169336,0.11287414187643022,0.27084668192219674,0.10387414187643021,0.10387414187643021,0.12769794050343247,0.09361098398169336,0.09361098398169336
238,238.0,238.0,0.0934571378278472,0.11256644956873789,0.27238514346065834,0.10372029572258405,0.10372029572258405,0.12723640204189401,0.0934571378278472,0.0934571378278472
239,239.0,239.0,0.09368908382066274,0.10821150097465884,0.2769980506822612,0.09895224171539958,0.10450779727095516,0.12609649122807015,0.09368908382066274,0.09785575048732942
240,240.0,240.0,0.09355680868838763,0.1079469507101086,0.2783208020050125,0.09881996658312446,0.10437552213868002,0.12569966583124476,0.09355680868838763,0.0977234753550543
241,241.0,241.0,0.09327933499137368,0.11001546010620418,0.27816344020971967,0.09854249288611053,0.10533261634290066,0.12517588671551164,0.08957563128766999,0.09991513746050948
242,242.0,242.0,0.09299772579597139,0.10406335282651069,0.2816461988304093,0.09826088369070822,0.10505100714749838,0.12921994801819361,0.0892940220922677,0.09946686159844054
243,243.0,243.0,0.09335554780684444,0.10493284300210295,0.26895485654973317,0.0992379007480209,0.10602802420481103,0.13228579318870273,0.08965184410314073,0.10555319039664388
244,244.0,244.0,0.09278549382716048,0.10393518518518516,0.2701388888888889,0.09834104938271604,0.1106867283950617,0.13051697530864198,0.08908179012345677,0.10451388888888886
245,245.0,245.0,0.0927128427128427,0.1037987012987013,0.27195887445887446,0.09826839826839825,0.11062950937950937,0.12932900432900435,0.08896284271284269,0.10433982683982683
246,246.0,246.0,0.09220816578294957,0.10320489780909337,0.27388073378171596,0.09776372133850515,0.10983243478879752,0.1309398835154146,0.08845816578294957,0.10371199720057411
247,247.0,247.0,0.0918300653594771,0.10282679738562091,0.27808823529411764,0.09738562091503267,0.10919117647058822,0.12937908496732026,0.08808006535947711,0.103218954248366
248,248.0,248.0,0.09148444323966144,0.10248117526580525,0.2819515225445017,0.09148444323966144,0.10860745911267733,0.1279351525556459,0.08773444323966144,0.10832136080238546
249,249.0,249.0,0.09272365380751454,0.1024021750050231,0.28140634418324295,0.09019200823789429,0.10859666968053042,0.1300590214988949,0.08639453988346392,0.1082255877034358
250,250.0,250.0,0.09237554112554111,0.10320887445887446,0.2836832611832612,0.08987554112554111,0.108248556998557,0.1287157287157287,0.0861255411255411,0.10776695526695526
251,251.0,251.0,0.09221133949075125,0.10296959774900949,0.28030528427587253,0.08971133949075125,0.1080843553637671,0.13324311706664646,0.08596133949075124,0.1075136270724506
252,252.0,252.0,0.09225056290458766,0.10326449479313256,0.28499648184632703,0.08975056290458766,0.10856072333239515,0.13285251899802983,0.08600056290458766,0.10232409231635238
253,253.0,253.0,0.09218308652132182,0.10312954202660082,0.2857387220622515,0.0896830865213218,0.10849324694912929,0.13258261346496641,0.0859330865213218,0.10225661593308652
254,254.0,254.0,0.09203495034377387,0.10291730328495033,0.2879564553093965,0.08953495034377386,0.10709511077158136,0.132651833460657,0.08578495034377387,0.1020244461420932
255,255.0,255.0,0.09164717734839684,0.1021417572941963,0.2922219582585436,0.08914717734839685,0.10605374300496248,0.13208113363601168,0.08539717734839683,0.10130987576109525
256,256.0,256.0,0.0964481844958952,0.10135634468860824,0.2912862857439237,0.08871589079868925,0.10502222903485203,0.13161898288877322,0.08501218709498552,0.10053989525427265
257,257.0,257.0,0.09600590231986691,0.09847503812233604,0.2874294233584047,0.08853676651739778,0.10931678896408689,0.13522137121252378,0.08483306281369407,0.10018164669168972
258,258.0,258.0,0.09538760622093953,0.09785674202340867,0.2827020202020202,0.08815656565656564,0.1129842071508738,0.13898067981401313,0.08445286195286192,0.09947931697931697
259,259.0,259.0,0.09481996972307047,0.10416014146634298,0.2810576697204604,0.08780537937514679,0.11176722000365409,0.13745562863779917,0.08410167567144308,0.09883231540208282
260,260.0,260.0,0.0947448946479954,0.10408506639126794,0.28255917122196195,0.08773030430007171,0.111692144928579,0.1364796526618232,0.08402660059636802,0.09868216525193267
261,261.0,261.0,0.09462091677003956,0.10390823439069052,0.2846158958001063,0.08760632642211588,0.11156816705062318,0.13529077322936972,0.08390262271841217,0.09848706361864254
262,262.0,262.0,0.09450293533626866,0.10373974790641456,0.2840073815073815,0.08748834498834497,0.11145018561685224,0.13672515755849088,0.08378464128464126,0.09830160580160578
263,263.0,263.0,0.09439052359342212,0.10357902698482406,0.2859332454984629,0.08737593324549844,0.11133777387400574,0.13558617576733517,0.08367222954179473,0.0981250914946567
264,264.0,264.0,0.09428329451465585,0.10342554443704761,0.2877687749314631,0.08726870416673217,0.11123054479523946,0.13450124988569892,0.08356500046302846,0.09795688680613432
265,265.0,265.0,0.09418089626422958,0.1032788199454866,0.28713924963924964,0.08716630591630589,0.1111281465448132,0.13584756293089625,0.08346260221260218,0.09779641654641653
266,266.0,266.0,0.09408300827182331,0.10546399634162644,0.28654203400881145,0.08706841792389963,0.11103025855240692,0.13480441311282948,0.08336471422019592,0.09764315756840672
267,267.0,267.0,0.0940421919452927,0.10538236368856521,0.2870318299271788,0.08702760159736903,0.11098944222587633,0.13460033148017642,0.08332389789366532,0.0976023412418761
268,268.0,268.0,0.09400297625901818,0.1053039323160162,0.2875024181624729,0.0869883859110945,0.1109502265396018,0.13440425304880388,0.0832846822073908,0.0975631255556016
269,269.0,269.0,0.09396526886836962,0.10290293613937022,0.29028048824560454,0.08695067852044594,0.11091251914895324,0.13421571609556104,0.08324697481674223,0.09752541816495303
270,270.0,270.0,0.09392898439812288,0.10283036719887675,0.29071590188856533,0.08691439405019921,0.11087623467870648,0.13403429374432738,0.08321069034649549,0.09748913369470628
271,271.0,271.0,0.09389404379714454,0.10276048599692009,0.2911351891003054,0.08687945344922088,0.11084129407772816,0.13385959073943568,0.08317574974551716,0.09745419309372796
272,272.0,272.0,0.09386037376347452,0.10269314592958001,0.2915392295043458,0.08684578341555083,0.11080762404405813,0.13369124057108553,0.08314207971184713,0.09742052306005791
273,273.0,273.0,0.09382790623100698,0.10262821086464495,0.2919288398939562,0.0868133158830833,0.1107751565115906,0.13352890290874786,0.0831096121793796,0.09738805552759039
274,274.0,274.0,0.09576392580778545,0.0944318920196113,0.29826555023923446,0.08773923444976076,0.10463036800756095,0.13586227774824264,0.08403553074605705,0.09927122098174727
275,275.0,275.0,0.0942942838345137,0.09293200201246177,0.3072901428073842,0.08626959247648902,0.10316072603428923,0.1357362901041062,0.0825658887727853,0.09775107395797049
276,276.0,276.0,0.0942942838345137,0.09293200201246177,0.3072901428073842,0.08626959247648902,0.10316072603428923,0.1357362901041062,0.0825658887727853,0.09775107395797049
277,277.0,277.0,0.09426506115771652,0.09287355665886736,0.3054185927067283,0.08624036979969181,0.10313150335749204,0.13781239894234246,0.08253666609598811,0.0977218512811733
278,278.0,278.0,0.10312570145903477,0.09170594837261502,0.30353535353535355,0.08510101010101008,0.1019921436588103,0.13656004489337822,0.08139730639730637,0.09658249158249156
279,279.0,279.0,0.10307739228029081,0.09165763919387106,0.30256916996047434,0.08505270092226612,0.10194383448006634,0.13786439271946516,0.08134899721856241,0.09648587322500365
280,280.0,280.0,0.10307739228029081,0.09165763919387106,0.30256916996047434,0.08505270092226612,0.10194383448006634,0.13786439271946516,0.08134899721856241,0.09648587322500365
281,281.0,281.0,0.10307739228029081,0.09383155223734932,0.30039525691699603,0.08505270092226612,0.10194383448006634,0.13786439271946516,0.08134899721856241,0.09648587322500365
282,282.0,282.0,0.10300381640690906,0.0936844004905858,0.3019719694327298,0.08497912504888436,0.1018702586066846,0.1368489647864139,0.08127542134518065,0.0963660438826117
283,283.0,283.0,0.10293304912928566,0.09354286593533903,0.30140273704789833,0.08490835777126098,0.10179949132906121,0.13795789435574382,0.08120465406755727,0.09625095036385357
284,284.0,284.0,0.10286493048397807,0.09340662864472385,0.30085961657390226,0.08484023912595338,0.10173137268375361,0.1390203623536957,0.08113653542224968,0.09614031471174325
285,285.0,285.0,0.10279931257014589,0.09327539281705946,0.3023409090909091,0.08477462121212119,0.10166575476992142,0.1380392115600449,0.08107091750841748,0.09603388047138046
286,286.0,286.0,0.08991813125146457,0.09592572859239526,0.29056587856587857,0.09856010656010654,0.10037187503854168,0.1406174319507653,0.08374529174529173,0.10029555629555627
287,287.0,287.0,0.08941863075196406,0.09540291806958472,0.29513131313131313,0.09806060606060604,0.09939618406285071,0.14002469135802467,0.08324579124579123,0.0993198653198653
288,288.0,288.0,0.08935680086397087,0.09527925829359833,0.29457915414017255,0.09799877617261285,0.09933435417485752,0.14104887525139206,0.08318396135779804,0.09921881974559761
289,289.0,289.0,0.08933485178583216,0.0952353601373209,0.2948425430778372,0.09797682709447413,0.09931240509671882,0.14093912986069848,0.08316201227965932,0.09919687066745889
290,290.0,290.0,0.0893135389128569,0.09519273439137035,0.2936490221912217,0.09795551422149887,0.09929109222374352,0.14228184085814094,0.08314069940668405,0.09917555779448362
291,291.0,291.0,0.08925512758846091,0.09507591174257839,0.29362082362082365,0.09789710289710288,0.09923268089934753,0.14275662608995943,0.08308228808228806,0.09907943907943906
292,292.0,292.0,0.08919872239386809,0.09496310135339277,0.2931042554162405,0.09784069770251005,0.09917627570475473,0.1437043151269389,0.08302588288769523,0.0989867494145995
293,293.0,293.0,0.08916378179288975,0.09489322015143609,0.2923355621947171,0.09780575710153173,0.0991413351037764,0.14475253315628903,0.08299094228671691,0.09891686821264285
294,294.0,294.0,0.08911054994388326,0.09478675645342309,0.2918686868686869,0.09775252525252523,0.09908810325476988,0.14562570145903478,0.08293771043771041,0.0988299663299663
295,295.0,295.0,0.09011716509433403,0.09577434572868362,0.28290427989058126,0.098759140402976,0.10112035943086169,0.146518161358344,0.09163663328046887,0.0931699148137504
296,296.0,296.0,0.09009865343198675,0.09573732240398905,0.28134526134526133,0.09874062874062872,0.10110184776851441,0.14820676154009488,0.09161812161812159,0.09315140315140313
297,297.0,297.0,0.08949871733205064,0.0950869007535674,0.2805036075036075,0.09814069264069261,0.09995246111912777,0.14668702902036235,0.09761159211159207,0.09251899951899951
298,298.0,298.0,0.0883700623612904,0.10394070192315805,0.27963811042758413,0.09590092655882128,0.09882380614836753,0.14545311089170737,0.09648293714083185,0.09139034454823927
299,299.0,299.0,0.08835297418630748,0.10390652557319222,0.2798773448773449,0.09588383838383836,0.09880671797338461,0.145333493666827,0.09646584896584892,0.09137325637325636
300,300.0,300.0,0.0874597007930341,0.10211997878664543,0.2799156399156399,0.09408147408147406,0.10700435367102032,0.14333382666716,0.09557257557257555,0.09051245051245049
301,301.0,301.0,0.08668589653821718,0.10183819306182171,0.2709765831917731,0.09255009406908138,0.10547297365862762,0.14246265142889614,0.10194162846061576,0.0980719795909669
302,302.0,302.0,0.08620970606202669,0.10136200258563124,0.26954801176320164,0.0920739035928909,0.11118725937291334,0.14198646095270565,0.10003686655585387,0.09759578911477643
303,303.0,303.0,0.08619388327721658,0.10131453423120088,0.26978535353535354,0.09205808080808078,0.11117143658810322,0.14187570145903478,0.10002104377104375,0.09757996632996631
304,304.0,304.0,0.08617845117845113,0.10126823793490455,0.26696408529741866,0.09204264870931535,0.11297418630751961,0.14300224466891132,0.10000561167227831,0.09756453423120086
305,305.0,305.0,0.0928300621390052,0.10122307081656672,0.2672049765952205,0.09202759300320273,0.10629246393474032,0.14288179902001036,0.09999055596616568,0.09754947852508825
306,306.0,306.0,0.09059314699876946,0.09937343650697063,0.26661935621272975,0.09020734452963367,0.1151666599056157,0.13914051830216487,0.10317030749259662,0.09572923005151918
307,307.0,307.0,0.09054633637966969,0.09926547218213883,0.2679202741702742,0.09016053391053389,0.1150873817540484,0.13824655282988615,0.10312349687349684,0.09564995189995187
308,308.0,308.0,0.0905010024566268,0.09916079873381213,0.26624734183944715,0.09011519998749098,0.1150107195102035,0.14031348486585843,0.10307816295045395,0.09557328965610698
309,309.0,309.0,0.10243176701051035,0.10620309239546281,0.26106323331231535,0.09051818676359678,0.09805259517519817,0.14060703251747722,0.10514781639322639,0.09597627643221275
310,310.0,310.0,0.10019617937797003,0.10620131034075375,0.25902990888925553,0.08939371024216758,0.09692811865376896,0.13937563271350323,0.1040233398717972,0.10485179991078356
311,311.0,311.0,0.09839626422959752,0.10530262946929611,0.2572907647907648,0.08850288600288599,0.09606862273528938,0.14822310405643738,0.10313251563251562,0.10308321308321304
312,312.0,312.0,0.09683701626289834,0.1044313245471337,0.25782817829387905,0.09603454712709589,0.09523562220536394,0.14580983134452477,0.10233084342339219,0.10149263679571185
313,313.0,313.0,0.10162334366357353,0.10850892508938484,0.26391039037590763,0.0914619001687967,0.09063272721318696,0.14874468975043684,0.08711717082406736,0.10800085291464598
314,314.0,314.0,0.10032908236931222,0.10891796049842024,0.2623902438557611,0.09016763887453541,0.08997949155995129,0.14735274835849546,0.08646393517083169,0.11439889931269238
315,315.0,315.0,0.09923018127041112,0.11551136709182683,0.2618407933063105,0.08906873777563432,0.08943004101050074,0.14625384725959437,0.08591448462138114,0.11275054766434071
316,316.0,316.0,0.09923018127041112,0.11551136709182683,0.2618407933063105,0.08906873777563432,0.08943004101050074,0.14625384725959437,0.08591448462138114,0.11275054766434071
317,317.0,317.0,0.09923018127041112,0.11551136709182683,0.2618407933063105,0.08906873777563432,0.08943004101050074,0.14625384725959437,0.08591448462138114,0.11275054766434071
318,318.0,318.0,0.10201543949045196,0.1196474484018212,0.2557740339786817,0.09045539459707375,0.0908166978319402,0.14754494746373806,0.07960883375051289,0.11413720448578016
319,319.0,319.0,0.10090432837934085,0.11853633729071009,0.2546629228675706,0.09648714062881977,0.08970558672082908,0.1392909792097698,0.08849772263940177,0.11191498226355794
320,320.0,320.0,0.10099837226648818,0.11872442506500476,0.2587381579772884,0.0965811845159671,0.08989367449512374,0.13436934911572593,0.0885917665265491,0.11210307003785262
321,321.0,321.0,0.10096590473402065,0.1186594900000697,0.25971218395131435,0.09654871698349957,0.08982873943018868,0.13368753093390776,0.08855929899408158,0.11203813497291755
322,322.0,322.0,0.10095421702948582,0.11860105147739555,0.2599342503374761,0.09653702927896474,0.08981705172565385,0.1335823415930943,0.08854761128954676,0.11202644726838273
323,323.0,323.0,0.10094277799951556,0.11854385632754424,0.2583658776211968,0.09652559024899447,0.0898056126956836,0.13526510460907623,0.08853617225957648,0.11201500823841246
324,324.0,324.0,0.10091144967871357,0.11848119968594024,0.2575826696011466,0.09649426192819247,0.08974295605407959,0.13633026751634442,0.08850484393877449,0.11195235159680846
325,325.0,325.0,0.09182054058780446,0.11848119968594024,0.25864649938838064,0.10558517101910156,0.08974295605407959,0.13526643772911037,0.08850484393877449,0.11195235159680846
326,326.0,326.0,0.09182054058780446,0.11848119968594024,0.25864649938838064,0.10558517101910156,0.08974295605407959,0.13526643772911037,0.08850484393877449,0.11195235159680846
327,327.0,327.0,0.09182054058780446,0.11848119968594024,0.25864649938838064,0.10558517101910156,0.08974295605407959,0.14526643772911035,0.0785048439387745,0.11195235159680846
328,328.0,328.0,0.0918093423795178,0.11842520864450687,0.25884806713754077,0.10557397281081489,0.0897317578457929,0.14517685206281694,0.07849364573048781,0.11194115338852177
329,329.0,329.0,0.09179837746723708,0.11837038408310337,0.2590454355585935,0.10556300789853419,0.0897207929335122,0.14508913276457133,0.07848268081820711,0.11193018847624107
330,330.0,330.0,0.09438386231027701,0.12241588210285345,0.2573908132285618,0.10767645207345503,0.08765849273661024,0.14318768108042307,0.07400571104977281,0.11328110541804644
331,331.0,331.0,0.09438386231027701,0.12241588210285345,0.2573908132285618,0.10767645207345503,0.08765849273661024,0.14318768108042307,0.07400571104977281,0.11328110541804644
332,332.0,332.0,0.09437334263849077,0.12235276407213602,0.2575906869925003,0.10766593240166877,0.087647973064824,0.14310352370613316,0.07399519137798657,0.11327058574626019
333,333.0,333.0,0.0946086495204142,0.12278214922332568,0.2589167727697139,0.10790123928359222,0.08812889398183515,0.13968029029793735,0.07423049825991,0.11375150666327134
334,334.0,334.0,0.0945593328240387,0.1226431117901706,0.2601776165011459,0.1078519225872167,0.08804036159918513,0.13888349885408707,0.0741811815635345,0.1136629742806213
335,335.0,335.0,0.09454943183393968,0.12258370584957654,0.2603756363031261,0.10784202159711768,0.08803046060908612,0.13879438994319598,0.07417128057343549,0.1136530732905223
336,336.0,336.0,0.09565083609201255,0.12363657584245817,0.26168088447500215,0.10894342585519054,0.08913186486715896,0.1298181393769629,0.08638379594261945,0.10475447754859517
337,337.0,337.0,0.09449249921979788,0.13239293972732005,0.26177824032050184,0.10778508898297587,0.08793582060429574,0.1279426299000828,0.08411434795929366,0.10355843328573196
338,338.0,338.0,0.09449249921979788,0.13239293972732005,0.26177824032050184,0.10778508898297587,0.08793582060429574,0.1279426299000828,0.08411434795929366,0.10355843328573196
339,339.0,339.0,0.09282583255313122,0.1366353639697443,0.2620346505769121,0.10536084655873346,0.09536006302853815,0.1262759632334161,0.08153859038353609,0.09996868969598835
340,340.0,340.0,0.09142760833937302,0.13519046313163957,0.2598709297238709,0.10396262234497526,0.09396183881477996,0.13687570599335303,0.0801403661697779,0.09857046548223017
341,341.0,341.0,0.09789225480401947,0.13256420050537693,0.2560791659321071,0.1020939354762884,0.09325865311159426,0.13389590801355505,0.07751410354351528,0.10670177861354328
342,342.0,342.0,0.09857926664530434,0.13178890292097836,0.2548429714939149,0.10030254336858106,0.10024364000779093,0.1329582681469474,0.07476974283578053,0.10651466458070229
343,343.0,343.0,0.09716489701564326,0.1302711909428327,0.2553058660521347,0.09952808109524523,0.1054535403789135,0.1329999353879951,0.07360412942502492,0.10567235970221041
344,344.0,344.0,0.09713122698197323,0.13020385087549263,0.25624862699489565,0.09949441106157521,0.10531886024423338,0.13239387478193448,0.07357045939135488,0.10563868966854037
345,345.0,345.0,0.09713122698197323,0.13020385087549263,0.25624862699489565,0.09949441106157521,0.10531886024423338,0.13239387478193448,0.07357045939135488,0.10563868966854037
346,346.0,346.0,0.09714038449113074,0.13025879593043768,0.2570178577641264,0.09950356857073271,0.10532801775339089,0.1315239114119711,0.07357961690051239,0.10564784717769789
347,347.0,347.0,0.10716489701564327,0.1302711909428327,0.2581100988563675,0.09952808109524523,0.1054535403789135,0.13019570258376228,0.07360412942502492,0.09567235970221041
348,348.0,348.0,0.1071559122896774,0.12307442544418042,0.25734639714926955,0.10666195351213652,0.10544455565294761,0.13105823627648466,0.07359514469905906,0.09566337497624455
349,349.0,349.0,0.10532891368433281,0.12211243381211297,0.2657133678615057,0.10574404581588284,0.10452664795669397,0.12915188658667526,0.0726772370028054,0.09474546727999089
350,350.0,350.0,0.10528659013733636,0.12199317266481442,0.2649860007322694,0.10570172226888638,0.10438331430868741,0.13031114269920235,0.07263491345580894,0.09470314373299445
351,351.0,351.0,0.10376294388891946,0.12118462850764641,0.2636492386156907,0.10493565177804527,0.10361724381784629,0.13704437718473045,0.0718688429649678,0.09393707324215331
352,352.0,352.0,0.10587216704863758,0.1220397249809014,0.2648612172141584,0.10713267125031826,0.09157244716068243,0.13942449707155585,0.07421950598421181,0.09487776928953395
353,353.0,353.0,0.10455764823411877,0.12133376427494072,0.26448825684119803,0.1064591780768251,0.09080155138978666,0.13691700456406336,0.08123832050302635,0.09420427611604079
354,354.0,354.0,0.09628760636769787,0.12044458973520755,0.2623629726490138,0.11579561552101594,0.08999891031927643,0.14163447155438,0.08008677821034797,0.09338905564306017
355,355.0,355.0,0.09533899154588807,0.11942477683856992,0.2609020646951682,0.11506679248058553,0.08846345329103948,0.14188417981521426,0.07874558495248148,0.1001741563810529
356,356.0,356.0,0.0953309477878443,0.11937651429030735,0.2610709836140871,0.11505874872254178,0.08845540953299572,0.1418037422347767,0.0787375411944377,0.10016611262300915
