,Unnamed: 0,Total_iterations,Intertwine_two,Add_vertex,Delete_vertex,Invert_path_vertices,Insert_inside_vertex,Delete_inside_vertex,Replace_inside_vertex,Donate_between_routes
0,0.0,0.0,0.125,0.125,0.125,0.125,0.125,0.125,0.125,0.125
1,1.0,0.10900000000000001,0.125,0.125,0.125,0.125,0.125,0.125,0.125,0.125
2,2.0,0.31601,0.125,0.125,0.125,0.125,0.125,0.125,0.125,0.125
3,3.0,0.6191589000000001,0.125,0.125,0.125,0.125,0.125,0.125,0.125,0.125
4,4.0,1.015801321,0.125,0.125,0.125,0.125,0.125,0.125,0.125,0.125
5,5.0,1.50262148669,0.125,0.125,0.125,0.125,0.125,0.125,0.125,0.125
6,6.0,2.0757334209441005,0.125,0.125,0.125,0.125,0.125,0.125,0.125,0.125
7,7.0,2.7307768275633495,0.125,0.125,0.125,0.125,0.125,0.125,0.125,0.125
8,8.0,3.4630081252450404,0.125,0.125,0.125,0.125,0.125,0.125,0.125,0.125
9,9.0,4.2673862119061114,0.125,0.125,0.125,0.125,0.125,0.125,0.125,0.125
10,10.0,5.138652627782014,0.125,0.125,0.125,0.125,0.125,0.125,0.125,0.125
11,11.0,6.071405875792507,0.125,0.125,0.125,0.125,0.125,0.125,0.125,0.125
12,12.0,7.060169740244025,0.125,0.125,0.125,0.125,0.125,0.125,0.125,0.125
13,13.0,8.099455520847952,0.125,0.125,0.125,0.125,0.125,0.125,0.125,0.125
14,14.0,9.183818168183006,0.125,0.125,0.125,0.125,0.125,0.125,0.125,0.125
15,15.0,10.307906369102724,0.125,0.125,0.125,0.125,0.125,0.125,0.125,0.125
16,16.0,11.466506686239443,0.125,0.125,0.125,0.125,0.125,0.125,0.125,0.125
17,17.0,12.654581904800096,0.125,0.125,0.125,0.125,0.125,0.125,0.125,0.125
18,18.0,13.867303782456686,0.125,0.125,0.125,0.125,0.125,0.125,0.125,0.125
19,19.0,15.100080434523047,0.125,0.125,0.125,0.125,0.125,0.125,0.125,0.125
20,20.0,16.348578617037543,0.125,0.125,0.125,0.125,0.125,0.125,0.125,0.125
21,21.0,17.608741195130214,0.125,0.125,0.125,0.125,0.125,0.125,0.125,0.125
22,22.0,18.876800103462312,0.125,0.125,0.125,0.125,0.125,0.125,0.125,0.125
23,23.0,20.14928511992658,0.125,0.125,0.125,0.125,0.125,0.125,0.125,0.125
24,24.0,21.423028783545156,0.125,0.125,0.125,0.125,0.125,0.125,0.125,0.125
25,25.0,22.695167792966423,0.125,0.125,0.125,0.125,0.125,0.125,0.125,0.125
26,26.0,23.963141223515898,0.125,0.125,0.125,0.125,0.125,0.125,0.125,0.125
27,27.0,25.224685898775267,0.125,0.125,0.125,0.125,0.125,0.125,0.125,0.125
28,28.0,26.477829247520948,0.125,0.125,0.125,0.125,0.125,0.125,0.125,0.125
29,29.0,27.720879968916847,0.125,0.125,0.125,0.125,0.125,0.125,0.125,0.125
30,30.0,28.95241681848399,0.125,0.125,0.125,0.125,0.125,0.125,0.125,0.125
31,31.0,30.17127581490958,0.125,0.125,0.125,0.125,0.125,0.125,0.125,0.125
32,32.0,31.376536153543515,0.125,0.125,0.125,0.125,0.125,0.125,0.125,0.125
33,33.0,32.567505096778625,0.125,0.125,0.125,0.125,0.125,0.125,0.125,0.125
34,34.0,33.74370209472243,0.125,0.125,0.125,0.125,0.125,0.125,0.125,0.125
35,35.0,34.90484237192463,0.125,0.125,0.125,0.125,0.125,0.125,0.125,0.125
36,36.0,36.05082019768737,0.125,0.125,0.125,0.125,0.125,0.125,0.125,0.125
37,37.0,37.18169203889697,0.125,0.125,0.125,0.125,0.125,0.125,0.125,0.125
38,38.0,38.29765977559663,0.125,0.125,0.125,0.125,0.125,0.125,0.125,0.125
39,39.0,39.399054140870355,0.125,0.125,0.125,0.125,0.125,0.125,0.125,0.125
40,40.0,40.48631852820801,0.125,0.125,0.125,0.125,0.125,0.125,0.125,0.125
41,41.0,41.55999329152982,0.125,0.125,0.125,0.125,0.125,0.125,0.125,0.125
42,42.0,42.62070064560415,0.125,0.125,0.125,0.125,0.125,0.125,0.125,0.125
43,43.0,43.669130257815,0.125,0.125,0.125,0.125,0.125,0.125,0.125,0.125
44,44.0,44.70602560622662,0.125,0.125,0.125,0.125,0.125,0.125,0.125,0.125
45,45.0,45.73217116373481,0.125,0.125,0.125,0.125,0.125,0.125,0.125,0.125
46,46.0,46.748380453854836,0.125,0.125,0.125,0.125,0.125,0.125,0.125,0.125
47,47.0,47.755485010424316,0.125,0.125,0.125,0.125,0.125,0.125,0.125,0.125
48,48.0,48.7543242612326,0.125,0.125,0.125,0.125,0.125,0.125,0.125,0.125
49,49.0,49.745736344347726,0.125,0.125,0.125,0.125,0.125,0.125,0.125,0.125
50,50.0,50.730549855707864,0.125,0.125,0.125,0.125,0.125,0.125,0.125,0.125
51,51.0,51.70957651737491,0.125,0.125,0.125,0.125,0.125,0.125,0.125,0.125
52,52.0,52.68360474770151,0.125,0.125,0.125,0.125,0.125,0.125,0.125,0.125
53,53.0,53.65339410751842,0.125,0.125,0.125,0.125,0.125,0.125,0.125,0.125
54,54.0,54.61967059027847,0.125,0.125,0.125,0.125,0.125,0.125,0.125,0.125
55,55.0,55.58312271885972,0.125,0.125,0.125,0.125,0.125,0.125,0.125,0.125
56,56.0,56.544398407394254,0.125,0.125,0.125,0.125,0.125,0.125,0.125,0.125
57,57.0,57.504102543001395,0.125,0.125,0.125,0.125,0.125,0.125,0.125,0.125
58,58.0,58.462795239617805,0.125,0.125,0.125,0.125,0.125,0.125,0.125,0.125
59,59.0,59.42099071417639,0.125,0.125,0.125,0.125,0.125,0.125,0.125,0.125
60,60.0,60.379156734137354,0.125,0.125,0.125,0.125,0.125,0.125,0.125,0.125
61,61.0,61.337714584760846,0.125,0.125,0.125,0.125,0.125,0.125,0.125,0.125
62,62.0,62.29703950447439,0.125,0.125,0.125,0.125,0.125,0.125,0.125,0.125
63,63.0,63.257461537171835,0.125,0.125,0.125,0.125,0.125,0.125,0.125,0.125
64,64.0,64.21926675122782,0.125,0.125,0.125,0.125,0.125,0.125,0.125,0.125
65,65.0,65.18269877636592,0.125,0.125,0.125,0.125,0.125,0.125,0.125,0.125
66,66.0,66.14796061122655,0.125,0.125,0.125,0.125,0.125,0.125,0.125,0.125
67,67.0,67.11521665648885,0.125,0.125,0.125,0.125,0.125,0.125,0.125,0.125
68,68.0,68.08459493066005,0.125,0.125,0.125,0.125,0.125,0.125,0.125,0.125
69,69.0,69.05618942810752,0.125,0.125,0.125,0.125,0.125,0.125,0.125,0.125
70,70.0,70.03006258152917,0.125,0.125,0.125,0.125,0.125,0.125,0.125,0.125
71,71.0,71.00624779379335,0.125,0.125,0.125,0.125,0.125,0.125,0.125,0.125
72,72.0,71.98475200689319,0.125,0.125,0.125,0.125,0.125,0.125,0.125,0.125
73,73.0,72.96555827861411,0.125,0.125,0.125,0.125,0.125,0.125,0.125,0.125
74,74.0,73.94862834037681,0.125,0.125,0.125,0.125,0.125,0.125,0.125,0.125
75,75.0,74.93390511255946,0.125,0.125,0.125,0.125,0.125,0.125,0.125,0.125
76,76.0,75.92131515639825,0.125,0.125,0.125,0.125,0.125,0.125,0.125,0.125
77,77.0,76.91077104428919,0.125,0.125,0.125,0.125,0.125,0.125,0.125,0.125
78,78.0,77.90217363294813,0.125,0.125,0.125,0.125,0.125,0.125,0.125,0.125
79,79.0,78.89541422641172,0.125,0.125,0.125,0.125,0.125,0.125,0.125,0.125
80,80.0,79.89037661826481,0.125,0.125,0.125,0.125,0.125,0.125,0.125,0.125
81,81.0,80.88693900474995,0.125,0.125,0.125,0.125,0.125,0.125,0.125,0.125
82,82.0,81.88497576253909,0.125,0.125,0.125,0.125,0.125,0.125,0.125,0.125
83,83.0,82.88435908692391,0.125,0.125,0.125,0.125,0.125,0.125,0.125,0.125
84,84.0,83.88496048800103,0.125,0.125,0.125,0.125,0.125,0.125,0.125,0.125
85,85.0,84.88665214409042,0.125,0.125,0.125,0.125,0.125,0.125,0.125,0.125
86,86.0,85.88930811312994,0.125,0.125,0.125,0.125,0.125,0.125,0.125,0.125
87,87.0,86.89280540413424,0.125,0.125,0.125,0.125,0.125,0.125,0.125,0.125
88,88.0,87.89702491199675,0.125,0.125,0.125,0.125,0.125,0.125,0.125,0.125
89,89.0,88.90185221995306,0.125,0.125,0.125,0.125,0.125,0.125,0.125,0.125
90,90.0,89.90717827491419,0.125,0.125,0.125,0.125,0.125,0.125,0.125,0.125
91,91.0,90.91289994163006,0.125,0.125,0.125,0.125,0.125,0.125,0.125,0.125
92,92.0,91.91892044225806,0.125,0.125,0.125,0.125,0.125,0.125,0.125,0.125
93,93.0,92.92514968840067,0.125,0.125,0.125,0.125,0.125,0.125,0.125,0.125
94,94.0,93.93150451304501,0.125,0.125,0.125,0.125,0.125,0.125,0.125,0.125
95,95.0,94.93790881009448,0.125,0.125,0.125,0.125,0.125,0.125,0.125,0.125
96,96.0,95.94429358933806,0.125,0.125,0.125,0.125,0.125,0.125,0.125,0.125
97,97.0,96.9505969547639,0.125,0.125,0.125,0.125,0.125,0.125,0.125,0.125
98,98.0,97.9567640140995,0.125,0.125,0.125,0.125,0.125,0.125,0.125,0.125
99,99.0,98.96274672736057,0.125,0.125,0.125,0.125,0.125,0.125,0.125,0.125
100,100.0,99.96850370202192,0.125,0.125,0.125,0.125,0.125,0.125,0.125,0.125
101,101.0,100.97399994219691,0.125,0.125,0.125,0.125,0.125,0.125,0.125,0.125
102,102.0,101.97920655893245,0.125,0.125,0.125,0.125,0.125,0.125,0.125,0.125
103,103.0,102.98410044840509,0.125,0.125,0.125,0.125,0.125,0.125,0.125,0.125
104,104.0,103.98866394444643,0.125,0.125,0.125,0.125,0.125,0.125,0.125,0.125
105,105.0,104.99288445143917,0.125,0.125,0.125,0.125,0.125,0.125,0.125,0.125
106,106.0,105.99675406321822,0.125,0.125,0.125,0.125,0.125,0.125,0.125,0.125
107,107.0,107.0002691731872,0.125,0.125,0.125,0.125,0.125,0.125,0.125,0.125
108,108.0,108.0034300804274,0.125,0.125,0.125,0.125,0.125,0.125,0.125,0.125
109,109.0,109.00624059613932,0.125,0.125,0.125,0.125,0.125,0.125,0.125,0.125
110,110.0,110.00870765431864,0.125,0.125,0.125,0.125,0.125,0.125,0.125,0.125
111,111.0,111.01084093013685,0.125,0.125,0.125,0.125,0.125,0.125,0.125,0.125
112,112.0,112.01265246907188,0.125,0.125,0.125,0.125,0.125,0.125,0.125,0.125
113,113.0,113.01415632942268,0.125,0.125,0.125,0.125,0.125,0.125,0.125,0.125
114,114.0,114.01536824044418,0.125,0.125,0.125,0.125,0.125,0.125,0.125,0.125
115,115.0,115.01630527795908,0.125,0.125,0.125,0.125,0.125,0.125,0.125,0.125
116,116.0,116.0169855589429,0.125,0.125,0.125,0.125,0.125,0.125,0.125,0.125
117,117.0,117.01742795623892,0.125,0.125,0.125,0.125,0.125,0.125,0.125,0.125
118,118.0,118.01765183424293,0.125,0.125,0.125,0.125,0.125,0.125,0.125,0.125
119,119.0,119.01767680610413,0.125,0.125,0.125,0.125,0.125,0.125,0.125,0.125
120,120.0,120.01752251271817,0.125,0.125,0.125,0.125,0.125,0.125,0.125,0.125
121,121.0,121.01720842354362,0.125,0.125,0.125,0.125,0.125,0.125,0.125,0.125
122,122.0,122.01675365905109,0.125,0.125,0.125,0.125,0.125,0.125,0.125,0.125
123,123.0,123.0161768344173,0.125,0.125,0.125,0.125,0.125,0.125,0.125,0.125
124,124.0,124.01549592390272,0.125,0.125,0.125,0.125,0.125,0.125,0.125,0.125
125,125.0,125.01472814520056,0.125,0.125,0.125,0.125,0.125,0.125,0.125,0.125
126,126.0,126.01388986291661,0.125,0.125,0.125,0.125,0.125,0.125,0.125,0.125
127,127.0,127.0129965102319,0.125,0.125,0.125,0.125,0.125,0.125,0.125,0.125
128,128.0,128.01206252771334,0.125,0.125,0.125,0.125,0.125,0.125,0.125,0.125
129,129.0,129.0111013181695,0.125,0.125,0.125,0.125,0.125,0.125,0.125,0.125
130,130.0,130.01012521639834,0.125,0.125,0.125,0.125,0.125,0.125,0.125,0.125
131,131.0,131.0091454726403,0.125,0.125,0.125,0.125,0.125,0.125,0.125,0.125
132,132.0,132.0081722485317,0.125,0.125,0.125,0.125,0.125,0.125,0.125,0.125
133,133.0,133.00721462434865,0.125,0.125,0.125,0.125,0.125,0.125,0.125,0.125
134,134.0,134.0062806163404,0.125,0.125,0.125,0.125,0.125,0.125,0.125,0.125
135,135.0,135.00537720296956,0.125,0.125,0.125,0.125,0.125,0.125,0.125,0.125
136,136.0,136.00451035890612,0.125,0.125,0.125,0.125,0.125,0.125,0.125,0.125
137,137.0,137.00368509565993,0.125,0.125,0.125,0.125,0.125,0.125,0.125,0.125
138,138.0,138.0029055077818,0.125,0.125,0.125,0.125,0.125,0.125,0.125,0.125
139,139.0,139.00217482361367,0.125,0.125,0.125,0.125,0.125,0.125,0.125,0.125
140,140.0,140.0014954596262,0.125,0.125,0.125,0.125,0.125,0.125,0.125,0.125
141,141.0,141.00086907744122,0.125,0.125,0.125,0.125,0.125,0.125,0.125,0.125
142,142.0,142.0002966427003,0.125,0.125,0.125,0.125,0.125,0.125,0.125,0.125
143,143.0,142.99977848500652,0.125,0.125,0.125,0.125,0.125,0.125,0.125,0.125
144,144.0,143.99931435823203,0.125,0.125,0.125,0.125,0.125,0.125,0.125,0.125
145,145.0,144.99890350055264,0.125,0.125,0.125,0.125,0.125,0.125,0.125,0.125
146,146.0,145.9985446936357,0.125,0.125,0.125,0.125,0.125,0.125,0.125,0.125
147,147.0,146.99823632047406,0.125,0.125,0.125,0.125,0.125,0.125,0.125,0.125
148,148.0,147.99797642142389,0.125,0.125,0.125,0.125,0.125,0.125,0.125,0.125
149,149.0,148.99776274806447,0.125,0.125,0.125,0.125,0.125,0.125,0.125,0.125
150,150.0,149.99759281456036,0.125,0.125,0.125,0.125,0.125,0.125,0.125,0.125
151,151.0,150.99746394626104,0.125,0.125,0.125,0.125,0.125,0.125,0.125,0.125
152,152.0,151.99737332532905,0.125,0.125,0.125,0.125,0.125,0.125,0.125,0.125
153,153.0,152.99731803323698,0.125,0.125,0.125,0.125,0.125,0.125,0.125,0.125
154,154.0,153.99729509002177,0.125,0.125,0.125,0.125,0.125,0.125,0.125,0.125
155,155.0,154.99730149022784,0.125,0.125,0.125,0.125,0.125,0.125,0.125,0.125
156,156.0,155.99733423551103,0.125,0.125,0.125,0.125,0.125,0.125,0.125,0.125
157,157.0,156.99739036391077,0.125,0.125,0.125,0.125,0.125,0.125,0.125,0.125
158,158.0,157.99746697583146,0.125,0.125,0.125,0.125,0.125,0.125,0.125,0.125
159,159.0,158.99756125680176,0.125,0.125,0.125,0.125,0.125,0.125,0.125,0.125
160,160.0,159.997670497107,0.125,0.125,0.125,0.125,0.125,0.125,0.125,0.125
161,161.0,160.99779210841066,0.125,0.125,0.125,0.125,0.125,0.125,0.125,0.125
162,162.0,161.99792363749984,0.125,0.125,0.125,0.125,0.125,0.125,0.125,0.125
163,163.0,162.9980627773051,0.125,0.125,0.125,0.125,0.125,0.125,0.125,0.125
164,164.0,163.9982073753568,0.125,0.125,0.125,0.125,0.125,0.125,0.125,0.125
165,165.0,164.99835543984977,0.125,0.125,0.125,0.125,0.125,0.125,0.125,0.125
166,166.0,165.99850514349492,0.125,0.125,0.125,0.125,0.125,0.125,0.125,0.125
167,167.0,166.99865482534062,0.125,0.125,0.125,0.125,0.125,0.125,0.125,0.125
168,168.0,167.99880299074837,0.125,0.125,0.125,0.125,0.125,0.125,0.125,0.125
169,169.0,168.99894830970783,0.125,0.125,0.125,0.125,0.125,0.125,0.125,0.125
170,170.0,169.99908961367427,0.125,0.125,0.125,0.125,0.125,0.125,0.125,0.125
171,171.0,170.99922589110733,0.125,0.125,0.125,0.125,0.125,0.125,0.125,0.125
172,172.0,171.99935628188598,0.125,0.125,0.125,0.125,0.125,0.125,0.125,0.125
173,173.0,172.99948007076793,0.125,0.125,0.125,0.125,0.125,0.125,0.125,0.125
174,174.0,173.99959668005403,0.125,0.125,0.125,0.125,0.125,0.125,0.125,0.125
175,175.0,174.99970566161096,0.125,0.125,0.125,0.125,0.125,0.125,0.125,0.125
176,176.0,175.9998066883961,0.125,0.125,0.125,0.125,0.125,0.125,0.125,0.125
177,177.0,176.99989954561875,0.125,0.125,0.125,0.125,0.125,0.125,0.125,0.125
178,178.0,177.99998412166295,0.125,0.125,0.125,0.125,0.125,0.125,0.125,0.125
179,179.0,179.00006039888612,0.125,0.125,0.125,0.125,0.125,0.125,0.125,0.125
180,180.0,180.0001284443981,0.125,0.125,0.125,0.125,0.125,0.125,0.125,0.125
181,181.0,181.00018840091488,0.125,0.125,0.125,0.125,0.125,0.125,0.125,0.125
182,182.0,182.00024047777083,0.125,0.125,0.125,0.125,0.125,0.125,0.125,0.125
183,183.0,183.0002849421635,0.125,0.125,0.125,0.125,0.125,0.125,0.125,0.125
184,184.0,184.00032211069524,0.125,0.125,0.125,0.125,0.125,0.125,0.125,0.125
185,185.0,185.00035234126688,0.125,0.125,0.125,0.125,0.125,0.125,0.125,0.125
186,186.0,186.00037602536867,0.125,0.125,0.125,0.125,0.125,0.125,0.125,0.125
187,187.0,187.0003935808066,0.125,0.125,0.125,0.125,0.125,0.125,0.125,0.125
188,188.0,188.00040544489266,0.125,0.125,0.125,0.125,0.125,0.125,0.125,0.125
189,189.0,189.0004120681212,0.125,0.125,0.125,0.125,0.125,0.125,0.125,0.125
190,190.0,190.00041390834568,0.125,0.125,0.125,0.125,0.125,0.125,0.125,0.125
191,191.0,191.00041142546425,0.125,0.125,0.125,0.125,0.125,0.125,0.125,0.125
192,192.0,192.00040507661635,0.125,0.125,0.125,0.125,0.125,0.125,0.125,0.125
193,193.0,193.00039531188708,0.125,0.125,0.125,0.125,0.125,0.125,0.125,0.125
194,194.0,194.00038257051185,0.125,0.125,0.125,0.125,0.125,0.125,0.125,0.125
195,195.0,195.00036727756904,0.125,0.125,0.125,0.125,0.125,0.125,0.125,0.125
196,196.0,196.0003498411448,0.125,0.125,0.125,0.125,0.125,0.125,0.125,0.125
197,197.0,197.00033064995154,0.125,0.125,0.125,0.125,0.125,0.125,0.125,0.125
198,198.0,198.0003100713781,0.125,0.125,0.125,0.125,0.125,0.125,0.125,0.125
199,199.0,199.00028844994821,0.125,0.125,0.125,0.125,0.125,0.125,0.125,0.125
200,200.0,200.00026610616183,0.125,0.125,0.125,0.125,0.125,0.125,0.125,0.125
201,201.0,201.00024333569246,0.12486111111111112,0.12486111111111112,0.12486111111111112,0.12486111111111112,0.12486111111111112,0.12486111111111112,0.12486111111111112,0.12597222222222224
202,202.0,202.0002204089131,0.12461250000000001,0.12461250000000001,0.12561250000000002,0.12461250000000001,0.12461250000000001,0.12461250000000001,0.12461250000000001,0.1267125
203,203.0,203.00019757072255,0.12413782702020204,0.12413782702020204,0.12694600883838386,0.12413782702020204,0.12413782702020204,0.12524893813131316,0.12413782702020204,0.12711591792929294
204,204.0,204.00017504064385,0.12345661680555557,0.12345661680555557,0.12900549458333335,0.12345661680555557,0.12345661680555557,0.1256677279166667,0.12345661680555557,0.12804369347222225
205,205.0,205.0001530131666,0.12261430332466008,0.12338353409389086,0.13061278022675799,0.12261430332466008,0.12261430332466008,0.1269044144357712,0.12261430332466008,0.1286420579449398
206,206.0,206.00013165830538,0.12170220325573262,0.12323297248650188,0.13289736257272564,0.12170220325573262,0.12170220325573262,0.12794071527593465,0.12170220325573262,0.12912013664190747
207,207.0,207.00011112234722,0.12074247686432629,0.12302024609509556,0.13572018127903748,0.12074247686432629,0.12074247686432629,0.12879842720877074,0.12074247686432629,0.12949123795979114
208,208.0,208.00009152876143,0.12032896012607913,0.12362011002839907,0.13860788138129285,0.11955972935684836,0.11955972935684836,0.1293011565700084,0.11955972935684836,0.12946270382367558
209,209.0,209.0000729792466,0.11983989129678171,0.12400467779897956,0.14127525036402747,0.11930912206601249,0.11830912206601249,0.12854698726580804,0.11830912206601249,0.13040582707636586
210,210.0,210.00005555489076,0.11929680718292299,0.12420981516358535,0.14372673855845697,0.11891812886124464,0.11792812886124465,0.1276782417648464,0.11701903795215375,0.13122310165554538
211,211.0,211.00003931742162,0.1186689817125392,0.124168296906051,0.14577500357705198,0.11903586709715457,0.11823143376382124,0.12667350670025077,0.11566476709715458,0.13178214314597686
212,212.0,212.0000243105252,0.11808220623702564,0.12412728169324375,0.14767949547682038,0.11918950702653613,0.1185767946932028,0.12566746734006945,0.11437730984471797,0.13229993768838405
213,213.0,213.00001056121314,0.11753824351165046,0.12408712937281897,0.14943554665064718,0.11937392208074837,0.11895655243741504,0.12467031450746283,0.11316285940711203,0.1327754320321453
214,214.0,213.99999808122018,0.1162690211194228,0.12404815517874268,0.151809671428619,0.1195841905967661,0.11936346973753276,0.1236911310779995,0.11202625960722974,0.13320810125368765
215,215.0,214.9999868684143,0.1150103982765912,0.12476063104032077,0.15559345795467838,0.11973229120991524,0.11891576146496423,0.12269624527899313,0.11092942471263091,0.13236179006190638
216,216.0,215.99997690820487,0.11363618758143068,0.12516386838995322,0.1589092774024312,0.12042787423426571,0.11825155102038754,0.12255946253017438,0.10974163290651949,0.13131014593483803
217,217.0,216.99996817493434,0.11212858303301887,0.1259614320320116,0.16223125779572006,0.12082162321084147,0.1173587710850896,0.12210737931505165,0.10844075090500098,0.13095020262326598
218,218.0,217.9999606332415,0.11052572367188862,0.12709549079040985,0.16635819726869255,0.12095317066804084,0.11628076151905066,0.12139366223002226,0.10706082015735488,0.13033217369454056
219,219.0,218.99995423938554,0.10885962377938327,0.12788941953429495,0.17112328389860396,0.12085626244207064,0.11505447606365586,0.12108834176965715,0.1056300050521306,0.12949858746020382
220,220.0,219.9999489425213,0.10728596071525769,0.12865198428537167,0.17563332133423049,0.12076240549119982,0.11387719747008707,0.12081901609147812,0.10430039448383052,0.12866972012854488
221,221.0,220.99994468591828,0.10579794903903679,0.12940708407379836,0.18052393390086416,0.12070062153581544,0.11274251944981897,0.12123084124511063,0.10306188571616684,0.12653516503938908
222,222.0,221.9999414081164,0.10432456856385713,0.1299914125664539,0.1853029839670639,0.12051181928442088,0.11158019356088904,0.12215227070902404,0.10184041849191738,0.12429633285637402
223,223.0,222.99993904401353,0.10301196812562691,0.13022943890210653,0.19086545492926998,0.1198452524546773,0.11062677171459893,0.12247995748864354,0.10077938148024372,0.12216177490483342
224,224.0,223.99993752588082,0.10176230776985137,0.13023709650648935,0.196660888391621,0.11909499902705879,0.10964803357948934,0.12277069926471437,0.09977845407482294,0.12004752138595316
225,225.0,224.99993678430258,0.10055030082947122,0.13000942784288536,0.20285518596368995,0.11824663140944788,0.10862599937961215,0.12296111411889699,0.09881014532671234,0.11794119512928442
226,226.0,225.99993674903914,0.0994512137970566,0.1297516539894351,0.20932789080780403,0.11742285646172582,0.10767963082814877,0.12248898745758349,0.09794778822236791,0.11592997843587859
227,227.0,226.99993734981166,0.09839383911938657,0.12929977256038291,0.2161357041541655,0.11655854623363238,0.10673991861302394,0.12184181516677288,0.09711850473570793,0.11391189941692824
228,228.0,227.9999385170088,0.09737486568547234,0.12868328588299743,0.22268651844323462,0.11561991902731228,0.10576911589458166,0.12164988158185858,0.09631756671753954,0.11189884676700396
229,229.0,228.99994018231612,0.09633837960338548,0.12780029234510187,0.2300617629679497,0.11452517310160905,0.10471818474517813,0.12121972836693048,0.09548788549930326,0.10984859337054241
230,230.0,229.99994227926956,0.09532980391802306,0.12675288640664406,0.23727847620219888,0.1133674349408951,0.10363912623728648,0.12113949240846072,0.09467393913244718,0.10781884075404488
231,231.0,230.99994474373494,0.09439781375838012,0.1256507441906925,0.2442763414889932,0.11219959761300412,0.10261323989312195,0.12104305648152532,0.0939236740073157,0.10589553256696749
232,232.0,231.9999475143165,0.09351792668263145,0.12443175737598307,0.25182150645627827,0.11098206182623332,0.10159300777943012,0.1209068611513905,0.093212080860138,0.10353479786791563
233,233.0,232.9999505326967,0.09271741546367143,0.12321716871159127,0.2591022105389638,0.10980565699486475,0.10063543521535327,0.12065466536430913,0.0925660926351168,0.1013013550761299
234,234.0,233.9999537439119,0.09197457729308256,0.121975268912556,0.2652657701599392,0.10865626373674363,0.10024837742611613,0.12073286499033109,0.09196383838735842,0.09918303909387333
235,235.0,234.99995709656648,0.0912905744711479,0.12072042698737695,0.2708365412650675,0.10754217605054069,0.09990447052501504,0.12111032059239403,0.09140646848502841,0.09718902162342981
236,236.0,235.99996054298992,0.09066575178408792,0.11946554448002268,0.2762533010931318,0.10647039254879269,0.09960222678511398,0.12132212554218844,0.09089445648547383,0.09532620128118904
237,237.0,236.99996403934114,0.09011786368770999,0.11824023619736791,0.2808493187466803,0.10546482489049588,0.09935792657011619,0.12190650814661586,0.0904458109608369,0.09361751080017738
238,238.0,237.99996754566382,0.08964431098852507,0.117053028569,0.28503955442047524,0.10452852255250347,0.0991678339142967,0.12244421296801486,0.0900582971034876,0.09206423948369744
239,239.0,238.9999710258976,0.08927943642693342,0.11550418105405837,0.2891455131394528,0.10320096277929267,0.09912102529697914,0.12286207811663036,0.0897667176383984,0.0911200855482552
240,240.0,239.999974447849,0.08898191828221072,0.11401083646336187,0.2928516764942358,0.1019504442595365,0.09911953774790558,0.12323081834181618,0.08953029226841325,0.09032447614252041
241,241.0,240.99997778312678,0.08873215348632066,0.11281303841381204,0.29602617858911906,0.10076592544529045,0.09926646821806918,0.12353499510780439,0.08895965685955459,0.08990158388002997
242,242.0,241.9999810070455,0.08852467606552991,0.11111183365817177,0.29905287895278887,0.09964946326733697,0.09943120620292453,0.12422956924353903,0.08842408381632272,0.08957628879338647
243,243.0,242.99998409850193,0.08841845908520996,0.10959721358733815,0.3003337082508003,0.09872846321714382,0.09973337010447134,0.1252111742704977,0.0879865496612608,0.08999106182327819
244,244.0,243.9999870398277,0.08831522929216995,0.10808764603604376,0.30129106933591554,0.09781497241074825,0.10053413457589193,0.12598848319593642,0.08755241646815547,0.0904160486851389
245,245.0,244.9999898166226,0.08825976001235206,0.10667386224272182,0.30202317106504756,0.09699082634328016,0.10135062663680693,0.1266145490519946,0.08716509558985226,0.09092210905794483
246,246.0,245.99999241757178,0.08820390079453155,0.10531332487033108,0.3025736055874888,0.09621140290882074,0.10209855085998626,0.12736624079385808,0.08678401657761999,0.09144895760736371
247,247.0,246.99999483425034,0.08815586010603003,0.1040299469222198,0.3032028180908683,0.09548763495975686,0.10278489566831484,0.12792241993394135,0.08641997691631698,0.091996447402552
248,248.0,247.99999706091853,0.08811480332693158,0.1028283130615721,0.30390429224098076,0.094265105897615,0.10340829706804221,0.12829315456918267,0.08607437989359432,0.09311165394208155
249,249.0,248.9999990943107,0.08823546968165556,0.10173547118295329,0.3042615734429914,0.09300777961493108,0.1040202710050285,0.12883562261508935,0.08564595287098484,0.09425785958636622
250,250.0,250.00000093342055,0.0883541399739684,0.10083925047580217,0.3045822659322052,0.09181638153550986,0.10458200026687384,0.12920174856692682,0.08524095454496881,0.09538325870374506
251,251.0,251.00000257928522,0.08848473708508671,0.10003242040821039,0.30432410143426936,0.0907082946964521,0.10510780200637249,0.12997914056016033,0.08486888175388113,0.09649462205556766
252,252.0,252.0000040347706,0.08864346285053346,0.0993651348251981,0.3043206849715886,0.08970496933062673,0.10565842590235802,0.1306723733122737,0.08454886316065456,0.097086085646767
253,253.0,253.00000530435972,0.0888156394016495,0.0987900761235132,0.30419859214551576,0.08879568479879693,0.10617626274471878,0.13129109369272693,0.08426861578586338,0.09766403530721568
254,254.0,254.00000639394634,0.08898945915109585,0.09829469407686263,0.30412588322593204,0.08797138911962056,0.10652567212713278,0.1318677792324263,0.08401822423815111,0.09820689882877887
255,255.0,255.00000731063483,0.08913757453798664,0.09781752172788259,0.304325301214056,0.08720638132106567,0.10674169818108799,0.1323375667779735,0.0837717618067286,0.09866219443321908
256,256.0,256.00000806254815,0.0897760751290423,0.09735276770890489,0.3042901767223505,0.08649415360766882,0.10682609068087538,0.13271159616282252,0.08352770074852389,0.09902143923981178
257,257.0,257.0000086586446,0.0903732185370581,0.09668639420499477,0.30374283953147935,0.08585745360939272,0.10731346130714728,0.1333975353088212,0.08330497823147513,0.09932411926963153
258,258.0,258.000009108545,0.09090514483220766,0.09604271488075633,0.3026143615823262,0.08527319665394105,0.10813886996604008,0.13440904975940599,0.0830817887258702,0.0995348735994526
259,259.0,259.0000094223699,0.09137193946194269,0.0961118837046617,0.3012351729661292,0.08474108045591891,0.10880849241616997,0.13521262394785696,0.08285951027495382,0.0996592967723668
260,260.0,260.00000961058856,0.09181902742380799,0.09624711071628583,0.29994227832924547,0.08428531135938376,0.1094332323896542,0.13586067316676467,0.08266437381558646,0.09974799279927173
261,261.0,261.00000968387957,0.09223826747393304,0.09642951138343964,0.2988105145427917,0.08389717131411344,0.11000568970338366,0.13633121931548683,0.08248997548216805,0.09979765078468376
262,262.0,262.0000096530026,0.09262761186862957,0.09665161056552296,0.297589129518284,0.08357313868107306,0.11052472791583548,0.1368877448213877,0.08233534531107685,0.09981069131819051
263,263.0,263.00000952868334,0.09298553388424818,0.09690630911064782,0.29654665191522617,0.08330942020012479,0.11098987570976765,0.137273093724954,0.08219942994254575,0.09978968551248582
264,264.0,264.00000932150914,0.09331099068752004,0.09718691672522432,0.29568584095160655,0.08310201578984845,0.11140126479807234,0.13749454597042385,0.08208111119898362,0.09973731387832108
265,265.0,265.0000090418373,0.09360338502369345,0.09748717740630532,0.29476898789492606,0.08294677887932597,0.11175956795247563,0.13779855133501917,0.08197922339737553,0.09965632811087916
266,266.0,266.0000086997143,0.09386252623941424,0.098033846084284,0.293807801198313,0.0828394721309849,0.11206593777812132,0.13794833129730708,0.08189256936483989,0.09954951590673582
267,267.0,267.0000083048064,0.094093876521234,0.09859198613173212,0.292919055091303,0.08278110388275403,0.11232723219629223,0.1380312859182561,0.0818252205514583,0.09943023970697047
268,268.0,268.0000078663412,0.09429765336048491,0.09915437281274886,0.29210737016688215,0.08276711586786495,0.11254509770431445,0.13805202768959218,0.08177567182420951,0.09930069057390326
269,269.0,269.00000739305915,0.09447433500573121,0.09948191680303199,0.2916086112231725,0.0827929686158322,0.11272145721082247,0.13801536384206245,0.08174239733445254,0.0991629499648949
270,270.0,270.0000068931747,0.09462462937805458,0.09980365969360085,0.2911899883083542,0.0828541847410242,0.11285846293903631,0.13792622766669732,0.0817238676214695,0.09901897965176329
271,271.0,271.000006374347,0.09474944380324847,0.10011650724996991,0.29085041554199387,0.08294638728669092,0.11295845175172764,0.13778961546915586,0.08171856504693718,0.09887061385027643
272,272.0,272.0000058436586,0.09484985578249493,0.10041777583143757,0.29058805182825664,0.08306533323604925,0.11302390310304283,0.13761052922723632,0.0817249975734769,0.09871955341800576
273,273.0,273.0000053076024,0.09492708499037977,0.10070517774924637,0.29040039730161515,0.08320694233902003,0.11305739977538992,0.13739392495671346,0.0817417109154996,0.09856736197213592
274,274.0,274.00000477207584,0.09517920144756026,0.1001634379219249,0.29088046368808906,0.08346304612380209,0.11245024549746134,0.13739366837671269,0.08186302379262657,0.09860691315182331
275,275.0,275.0000042423811,0.09526498930529778,0.09946856761759751,0.292288833558242,0.08358933721603838,0.11167864367509944,0.13736552478401368,0.08184696625424798,0.09849713758946352
276,276.0,276.0000037232321,0.09533249132255371,0.0987778186876515,0.293706379533871,0.08372980175165555,0.11089902285856564,0.13732390320378549,0.08183970369489263,0.09839087894702478
277,277.0,277.0000032187657,0.09537993879552394,0.09809184194858873,0.2949308535346067,0.0838786954732796,0.11011705888776271,0.13747817853440694,0.08183750697457201,0.09828592585125964
278,278.0,278.00000273255824,0.09629755677495087,0.09730551920190982,0.29594943360985254,0.0839223805961372,0.10922949978886921,0.1374951331311492,0.08172858554762945,0.09807189134950199
279,279.0,279.0000022676459,0.09718686348540156,0.09653700210373144,0.2968453965193409,0.08396865258388336,0.10835349212069008,0.1376314761684482,0.0816224125540035,0.0978547044645012
280,280.0,280.0000018265484,0.09804614481275609,0.09579654308627229,0.29770900087229174,0.08402113785623874,0.10750098864292261,0.13775651406752748,0.08152412270638575,0.09764554795560551
281,281.0,281.00000141129516,0.09886981048205049,0.09530613223598289,0.2983174551764815,0.08407869023201886,0.10667816397130332,0.1378701269632182,0.08143391058865154,0.0974457103502934
282,282.0,282.0000010234543,0.09964582781505968,0.09483530149605973,0.29904351331923085,0.08413286988978526,0.10588292088459543,0.13787077843359719,0.08134451296165168,0.09724427520002038
283,283.0,283.00000066416294,0.10037074657292412,0.09438589136454947,0.29966932697035703,0.08418301740560369,0.10511999875601688,0.13797203957739942,0.08125628745342475,0.09704269189972477
284,284.0,284.0000003341591,0.10104198461603497,0.09395936826283662,0.3001955813097465,0.08422859170896607,0.10439335190149586,0.1381692799544001,0.08116955629763109,0.09684228594888898
285,285.0,285.00000003381405,0.10165776652213096,0.09355684649234748,0.30082397981953923,0.08426916326477887,0.10370618814886631,0.13825719203832856,0.08108460625727976,0.09664425745672903
286,286.0,285.99999976316536,0.10093526756622936,0.09345679593968795,0.30022720471856335,0.08568928077928234,0.10293794846457228,0.1385919551481534,0.08127545175716237,0.09688609562634916
287,287.0,286.99999952194986,0.10012489709282021,0.09333915871654039,0.30005003732270163,0.08704614475019366,0.10212330291687827,0.1388542226557478,0.08142196105698796,0.09704027548813027
288,288.0,287.99999930963645,0.09928231801454411,0.0932415568316394,0.29978618352539815,0.08837128394831865,0.10135666774661406,0.1392043864889423,0.0815658747399197,0.09719172870462384
289,289.0,288.99999912545803,0.09842254676477599,0.09316970233422037,0.2995229837077393,0.08965798924106022,0.10064427804984484,0.13952700428737247,0.08170938301292319,0.09734611260206391
290,290.0,289.99999896844287,0.09755574440289773,0.09312142728997917,0.2991199473768857,0.09089708109576423,0.09998767730592376,0.1399657526614371,0.08185093546399616,0.0975014344031164
291,291.0,290.9999988374448,0.0966873590898673,0.09308701055629683,0.29869968557022103,0.09207700696381561,0.09938392965313336,0.14043126560324418,0.0819853891769491,0.09764835338647286
292,292.0,291.9999987311721,0.09582584947366656,0.09306464346892696,0.2982190045042705,0.09319150068493544,0.09883340375862487,0.14096824975943562,0.08211172598820085,0.09778562236193937
293,293.0,292.99999864821496,0.09498072548819007,0.09305650954894307,0.29765837473188245,0.09423754294402119,0.09833786511293069,0.141583717956618,0.08223107662722455,0.09791418759019017
294,294.0,293.99999858707133,0.09415662127940758,0.0930569097571812,0.2970538922787585,0.09520933993387282,0.09789459184681373,0.14225664431635343,0.08234076767404014,0.09803123291357278
295,295.0,294.9999985461714,0.09346512829319317,0.09317332733908398,0.29556156531903566,0.09621005059297089,0.09771080663899721,0.14298521460147307,0.08331535132808673,0.09757855588715947
296,296.0,295.99999852389976,0.09280745380737689,0.09330041101422304,0.2939359963464686,0.09713432991802448,0.09757764431364627,0.1438451173438245,0.08427383827001778,0.09712520898641866
297,297.0,296.9999985186163,0.09212846515639472,0.09337411327070369,0.2922629115369808,0.09792225068880515,0.09737810159044044,0.14451067300193024,0.08580926640058378,0.09661421835416142
298,298.0,297.999998528675,0.09137821239519131,0.09434295329332397,0.2905529924605057,0.09840958719383949,0.09711139123776605,0.14500804484154423,0.08719630947812725,0.09600050909970227
299,299.0,298.99999855244107,0.09067119459227094,0.09530746916498396,0.28892883991632495,0.09882139462452193,0.09688676725196682,0.1454481684352104,0.08853580570704511,0.09540036030767611
300,300.0,299.9999985883061,0.08992236902625561,0.09608286933490538,0.28738041718000196,0.09898240931949284,0.09752356874172526,0.14564316622185947,0.0897313254063319,0.09473387476942778
301,301.0,300.99999863470157,0.08914641890902793,0.09681292200986968,0.28501828327228096,0.09892517519134722,0.09803835993056154,0.14570845331047025,0.09150261092615647,0.09484777645028616
302,302.0,301.9999986901105,0.08837583953219585,0.09747260308023803,0.2826090886116699,0.09876229461717446,0.09914744670922342,0.14568713462378513,0.09301068187886699,0.09493491094684646
303,303.0,302.9999987530774,0.08765907447986429,0.09810046320318043,0.2803339368258504,0.09854723591169512,0.100264440658175,0.14561986511969063,0.0944366253045953,0.09503835849694901
304,304.0,303.99999882221687,0.08699779081086285,0.09869304839447918,0.2778986875619144,0.09828724831585103,0.10155908014347234,0.14563453525038672,0.09577427536253873,0.09515533416049493
305,305.0,304.99999889622023,0.08705960320849285,0.0992476102502185,0.2756217063315072,0.09798930791291474,0.1021702345046025,0.14560937089730833,0.09701896820717394,0.09528319868778207
306,306.0,305.99999897386107,0.0869492474416414,0.09958150709508777,0.2734296938885288,0.09747951955381803,0.10364891532100856,0.14518531918898026,0.09848688279757865,0.09523891471335663
307,307.0,306.9999990539992,0.08688168518513639,0.09986913711710577,0.27151887110884465,0.09694330721847919,0.10508697768646336,0.14465382809538896,0.09985015911398311,0.09519603447459865
308,308.0,307.9999991355835,0.08685299227392293,0.10011150014273962,0.2695958514046605,0.09638835499129046,0.10647357163166403,0.144318106562099,0.10110530778403795,0.0951543152095855
309,309.0,308.9999992176535,0.08805672521104621,0.10102434921788588,0.2673132377225295,0.09586646511439322,0.10611106522762949,0.1440052657303375,0.10246163548302872,0.09516125629314948
310,310.0,309.99999929934,0.08906027650919777,0.10189752261182237,0.2649930529222035,0.0952308337895348,0.10559177711133116,0.14356658666922617,0.10359674456907947,0.09606320581760475
311,311.0,310.9999993798645,0.08989484019138466,0.10263654845650878,0.2626713407517315,0.0945113119377604,0.1049518316302391,0.14401461310896216,0.10453352627562416,0.09678598764778923
312,312.0,311.99999945853784,0.09057503694906507,0.10324120203463819,0.2605817353890085,0.09455682412423569,0.10420374855531421,0.144218594543008,0.10528245248417095,0.09734040592055938
313,313.0,312.9999995347585,0.09172846656418329,0.10420505153430472,0.2592817761998093,0.09415529762626212,0.10298050302516461,0.14471157604225565,0.10440560272132281,0.09853172628669746
314,314.0,313.9999996080095,0.09273607585935745,0.10515645836045893,0.2580060844192764,0.09363756367408513,0.10169078072458662,0.1450563963894662,0.10337823005046334,0.10033841052230585
315,315.0,314.99999967785527,0.09360896418022363,0.106709680184718,0.25684685835621657,0.09302701375924023,0.10035797270747503,0.1452798081117559,0.10222950664294844,0.10194019605742212
316,316.0,315.99999974393796,0.09445077583990508,0.10819559669562226,0.25585349424896364,0.09243793607604375,0.09904916617510484,0.14549061905329502,0.10103250535596936,0.10348990655509593
317,317.0,316.999999805973,0.09525620038792343,0.10960607925939812,0.2550193395430095,0.09187407417816283,0.09777504904432564,0.14568798118274323,0.0998040239903423,0.10497725241409482
318,318.0,317.99999986374485,0.09629934811196891,0.11134817457612013,0.2537301389125209,0.09147721078818867,0.09668355922843007,0.14600037578042946,0.09792893028050152,0.10653226232184021
319,319.0,318.999999917102,0.09718423086628358,0.11288794198831585,0.2524791861846316,0.09171299017847538,0.09553143866904804,0.14547157980978334,0.09694703386523383,0.10778559843822824
320,320.0,319.99999996595244,0.09802723070901206,0.1143490253897454,0.25178268960733247,0.0919823375229516,0.09445508042355148,0.14444169442079735,0.09598823836794933,0.10897370355866025
321,321.0,321.00000001025836,0.09881239522979572,0.11570126094129107,0.2513227999688654,0.09226749184966358,0.09343425043682681,0.1433458922994774,0.0950481109487325,0.11006779832534747
322,322.0,322.0000000500311,0.09953940962308978,0.11694201137600256,0.2510149997726857,0.09256577422458925,0.09247827956825472,0.14225256784255239,0.09413593938143736,0.11107101821138818
323,323.0,323.0000000853262,0.10020672674812137,0.11806955765327169,0.25067033483014395,0.09287279700956909,0.09159014960511681,0.1413501498704235,0.09325795778695581,0.11198232649639774
324,324.0,324.00000011623854,0.10081153984108354,0.11908282662539624,0.2503587710077619,0.09318251261636498,0.09076672160503796,0.14058363953362085,0.09241742366456843,0.11279656510616609
325,325.0,325.0000001428973,0.10044777981403488,0.11998875243091377,0.25025698553227527,0.09440346506469047,0.09001539874945741,0.13974486353160231,0.09162181715716183,0.11352093771986403
326,326.0,326.00000016546124,0.10003412339742879,0.12078901012842982,0.25024927374289835,0.09561413932772753,0.08933648375248113,0.13894518087176072,0.09087460156831204,0.11415718721096162
327,327.0,327.00000018411407,0.09957969679438705,0.12148616395176937,0.25032630538891393,0.09680345648137462,0.08872952497821845,0.13918867904647675,0.08917840996205184,0.11470776339680792
328,328.0,328.00000019906054,0.099092001468755,0.12207795364597332,0.25049899258523867,0.0979605392442056,0.08819227657131201,0.13945964642391817,0.08754398203535624,0.11517460802524093
329,329.0,329.00000021052176,0.09857915259356573,0.12256855446460187,0.25075763864955924,0.09907695157519152,0.08772305132661296,0.13975191719017988,0.08598139704705343,0.11556133715323537
330,330.0,330.0000002187316,0.09830832933893607,0.12337266329952758,0.25090783584353493,0.10035792765380434,0.08711449600276258,0.1398781878671445,0.08405238641844902,0.11600817357584096
331,331.0,331.00000022393317,0.0980253437394828,0.12408679343899398,0.25110784309196327,0.1015839913687524,0.08657223617863571,0.14002492640854547,0.08221581009901828,0.11638305567460806
332,332.0,332.0000002263752,0.09773318991850416,0.1247064896480806,0.25137066669330865,0.10274732135207405,0.08609401293532268,0.1401802029050961,0.08047973845385953,0.11668837809375421
