Total_iterations,Unnamed: 0.1,Intertwine_two,Add_vertex,Delete_vertex,Invert_path_vertices,Insert_inside_vertex,Delete_inside_vertex,Replace_inside_vertex,Donate_between_routes
0,0.0,0.125,0.125,0.125,0.125,0.125,0.125,0.125,0.125
1,1.0,0.125,0.125,0.125,0.125,0.125,0.125,0.125,0.125
2,2.0,0.125,0.125,0.125,0.125,0.125,0.125,0.125,0.125
3,3.0,0.125,0.125,0.125,0.125,0.125,0.125,0.125,0.125
4,4.0,0.125,0.125,0.125,0.125,0.125,0.125,0.125,0.125
5,5.0,0.125,0.125,0.125,0.125,0.125,0.125,0.125,0.125
6,6.0,0.125,0.125,0.125,0.125,0.125,0.125,0.125,0.125
7,7.0,0.125,0.125,0.125,0.125,0.125,0.125,0.125,0.125
8,8.0,0.125,0.125,0.125,0.125,0.125,0.125,0.125,0.125
9,9.0,0.125,0.125,0.125,0.125,0.125,0.125,0.125,0.125
10,10.0,0.125,0.125,0.125,0.125,0.125,0.125,0.125,0.125
11,11.0,0.125,0.125,0.125,0.125,0.125,0.125,0.125,0.125
12,12.0,0.125,0.125,0.125,0.125,0.125,0.125,0.125,0.125
13,13.0,0.125,0.125,0.125,0.125,0.125,0.125,0.125,0.125
14,14.0,0.125,0.125,0.125,0.125,0.125,0.125,0.125,0.125
15,15.0,0.125,0.125,0.125,0.125,0.125,0.125,0.125,0.125
16,16.0,0.125,0.125,0.125,0.125,0.125,0.125,0.125,0.125
17,17.0,0.125,0.125,0.125,0.125,0.125,0.125,0.125,0.125
18,18.0,0.125,0.125,0.125,0.125,0.125,0.125,0.125,0.125
19,19.0,0.125,0.125,0.125,0.125,0.125,0.125,0.125,0.125
20,20.0,0.125,0.125,0.125,0.125,0.125,0.125,0.125,0.125
21,21.0,0.125,0.125,0.125,0.125,0.125,0.125,0.125,0.125
22,22.0,0.125,0.125,0.125,0.125,0.125,0.125,0.125,0.125
23,23.0,0.125,0.125,0.125,0.125,0.125,0.125,0.125,0.125
24,24.0,0.125,0.125,0.125,0.125,0.125,0.125,0.125,0.125
25,25.0,0.125,0.125,0.125,0.125,0.125,0.125,0.125,0.125
26,26.0,0.125,0.125,0.125,0.125,0.125,0.125,0.125,0.125
27,27.0,0.125,0.125,0.125,0.125,0.125,0.125,0.125,0.125
28,28.0,0.125,0.125,0.125,0.125,0.125,0.125,0.125,0.125
29,29.0,0.125,0.125,0.125,0.125,0.125,0.125,0.125,0.125
30,30.0,0.125,0.125,0.125,0.125,0.125,0.125,0.125,0.125
31,31.0,0.125,0.125,0.125,0.125,0.125,0.125,0.125,0.125
32,32.0,0.125,0.125,0.125,0.125,0.125,0.125,0.125,0.125
33,33.0,0.125,0.125,0.125,0.125,0.125,0.125,0.125,0.125
34,34.0,0.125,0.125,0.125,0.125,0.125,0.125,0.125,0.125
35,35.0,0.125,0.125,0.125,0.125,0.125,0.125,0.125,0.125
36,36.0,0.125,0.125,0.125,0.125,0.125,0.125,0.125,0.125
37,37.0,0.125,0.125,0.125,0.125,0.125,0.125,0.125,0.125
38,38.0,0.125,0.125,0.125,0.125,0.125,0.125,0.125,0.125
39,39.0,0.125,0.125,0.125,0.125,0.125,0.125,0.125,0.125
40,40.0,0.125,0.125,0.125,0.125,0.125,0.125,0.125,0.125
41,41.0,0.125,0.125,0.125,0.125,0.125,0.125,0.125,0.125
42,42.0,0.125,0.125,0.125,0.125,0.125,0.125,0.125,0.125
43,43.0,0.125,0.125,0.125,0.125,0.125,0.125,0.125,0.125
44,44.0,0.125,0.125,0.125,0.125,0.125,0.125,0.125,0.125
45,45.0,0.125,0.125,0.125,0.125,0.125,0.125,0.125,0.125
46,46.0,0.125,0.125,0.125,0.125,0.125,0.125,0.125,0.125
47,47.0,0.125,0.125,0.125,0.125,0.125,0.125,0.125,0.125
48,48.0,0.125,0.125,0.125,0.125,0.125,0.125,0.125,0.125
49,49.0,0.125,0.125,0.125,0.125,0.125,0.125,0.125,0.125
50,50.0,0.125,0.125,0.125,0.125,0.125,0.125,0.125,0.125
51,51.0,0.125,0.125,0.125,0.125,0.125,0.125,0.125,0.125
52,52.0,0.125,0.125,0.125,0.125,0.125,0.125,0.125,0.125
53,53.0,0.125,0.125,0.125,0.125,0.125,0.125,0.125,0.125
54,54.0,0.125,0.125,0.125,0.125,0.125,0.125,0.125,0.125
55,55.0,0.125,0.125,0.125,0.125,0.125,0.125,0.125,0.125
56,56.0,0.125,0.125,0.125,0.125,0.125,0.125,0.125,0.125
57,57.0,0.125,0.125,0.125,0.125,0.125,0.125,0.125,0.125
58,58.0,0.125,0.125,0.125,0.125,0.125,0.125,0.125,0.125
59,59.0,0.125,0.125,0.125,0.125,0.125,0.125,0.125,0.125
60,60.0,0.125,0.125,0.125,0.125,0.125,0.125,0.125,0.125
61,61.0,0.125,0.125,0.125,0.125,0.125,0.125,0.125,0.125
62,62.0,0.125,0.125,0.125,0.125,0.125,0.125,0.125,0.125
63,63.0,0.125,0.125,0.125,0.125,0.125,0.125,0.125,0.125
64,64.0,0.125,0.125,0.125,0.125,0.125,0.125,0.125,0.125
65,65.0,0.125,0.125,0.125,0.125,0.125,0.125,0.125,0.125
66,66.0,0.125,0.125,0.125,0.125,0.125,0.125,0.125,0.125
67,67.0,0.125,0.125,0.125,0.125,0.125,0.125,0.125,0.125
68,68.0,0.125,0.125,0.125,0.125,0.125,0.125,0.125,0.125
69,69.0,0.125,0.125,0.125,0.125,0.125,0.125,0.125,0.125
70,70.0,0.125,0.125,0.125,0.125,0.125,0.125,0.125,0.125
71,71.0,0.125,0.125,0.125,0.125,0.125,0.125,0.125,0.125
72,72.0,0.125,0.125,0.125,0.125,0.125,0.125,0.125,0.125
73,73.0,0.125,0.125,0.125,0.125,0.125,0.125,0.125,0.125
74,74.0,0.125,0.125,0.125,0.125,0.125,0.125,0.125,0.125
75,75.0,0.125,0.125,0.125,0.125,0.125,0.125,0.125,0.125
76,76.0,0.125,0.125,0.125,0.125,0.125,0.125,0.125,0.125
77,77.0,0.125,0.125,0.125,0.125,0.125,0.125,0.125,0.125
78,78.0,0.125,0.125,0.125,0.125,0.125,0.125,0.125,0.125
79,79.0,0.125,0.125,0.125,0.125,0.125,0.125,0.125,0.125
80,80.0,0.125,0.125,0.125,0.125,0.125,0.125,0.125,0.125
81,81.0,0.125,0.125,0.125,0.125,0.125,0.125,0.125,0.125
82,82.0,0.125,0.125,0.125,0.125,0.125,0.125,0.125,0.125
83,83.0,0.125,0.125,0.125,0.125,0.125,0.125,0.125,0.125
84,84.0,0.125,0.125,0.125,0.125,0.125,0.125,0.125,0.125
85,85.0,0.125,0.125,0.125,0.125,0.125,0.125,0.125,0.125
86,86.0,0.125,0.125,0.125,0.125,0.125,0.125,0.125,0.125
87,87.0,0.125,0.125,0.125,0.125,0.125,0.125,0.125,0.125
88,88.0,0.125,0.125,0.125,0.125,0.125,0.125,0.125,0.125
89,89.0,0.125,0.125,0.125,0.125,0.125,0.125,0.125,0.125
90,90.0,0.125,0.125,0.125,0.125,0.125,0.125,0.125,0.125
91,91.0,0.125,0.125,0.125,0.125,0.125,0.125,0.125,0.125
92,92.0,0.125,0.125,0.125,0.125,0.125,0.125,0.125,0.125
93,93.0,0.125,0.125,0.125,0.125,0.125,0.125,0.125,0.125
94,94.0,0.125,0.125,0.125,0.125,0.125,0.125,0.125,0.125
95,95.0,0.125,0.125,0.125,0.125,0.125,0.125,0.125,0.125
96,96.0,0.125,0.125,0.125,0.125,0.125,0.125,0.125,0.125
97,97.0,0.125,0.125,0.125,0.125,0.125,0.125,0.125,0.125
98,98.0,0.125,0.125,0.125,0.125,0.125,0.125,0.125,0.125
99,99.0,0.125,0.125,0.125,0.125,0.125,0.125,0.125,0.125
100,100.0,0.125,0.125,0.125,0.125,0.125,0.125,0.125,0.125
101,101.0,0.125,0.125,0.125,0.125,0.125,0.125,0.125,0.125
102,102.0,0.125,0.125,0.125,0.125,0.125,0.125,0.125,0.125
103,103.0,0.125,0.125,0.125,0.125,0.125,0.125,0.125,0.125
104,104.0,0.125,0.125,0.125,0.125,0.125,0.125,0.125,0.125
105,105.0,0.125,0.125,0.125,0.125,0.125,0.125,0.125,0.125
106,106.0,0.125,0.125,0.125,0.125,0.125,0.125,0.125,0.125
107,107.0,0.125,0.125,0.125,0.125,0.125,0.125,0.125,0.125
108,108.0,0.125,0.125,0.125,0.125,0.125,0.125,0.125,0.125
109,109.0,0.125,0.125,0.125,0.125,0.125,0.125,0.125,0.125
110,110.0,0.125,0.125,0.125,0.125,0.125,0.125,0.125,0.125
111,111.0,0.125,0.125,0.125,0.125,0.125,0.125,0.125,0.125
112,112.0,0.125,0.125,0.125,0.125,0.125,0.125,0.125,0.125
113,113.0,0.125,0.125,0.125,0.125,0.125,0.125,0.125,0.125
114,114.0,0.125,0.125,0.125,0.125,0.125,0.125,0.125,0.125
115,115.0,0.125,0.125,0.125,0.125,0.125,0.125,0.125,0.125
116,116.0,0.125,0.125,0.125,0.125,0.125,0.125,0.125,0.125
117,117.0,0.125,0.125,0.125,0.125,0.125,0.125,0.125,0.125
118,118.0,0.125,0.125,0.125,0.125,0.125,0.125,0.125,0.125
119,119.0,0.125,0.125,0.125,0.125,0.125,0.125,0.125,0.125
120,120.0,0.125,0.125,0.125,0.125,0.125,0.125,0.125,0.125
121,121.0,0.125,0.125,0.125,0.125,0.125,0.125,0.125,0.125
122,122.0,0.125,0.125,0.125,0.125,0.125,0.125,0.125,0.125
123,123.0,0.125,0.125,0.125,0.125,0.125,0.125,0.125,0.125
124,124.0,0.125,0.125,0.125,0.125,0.125,0.125,0.125,0.125
125,125.0,0.125,0.125,0.125,0.125,0.125,0.125,0.125,0.125
126,126.0,0.125,0.125,0.125,0.125,0.125,0.125,0.125,0.125
127,127.0,0.125,0.125,0.125,0.125,0.125,0.125,0.125,0.125
128,128.0,0.125,0.125,0.125,0.125,0.125,0.125,0.125,0.125
129,129.0,0.125,0.125,0.125,0.125,0.125,0.125,0.125,0.125
130,130.0,0.125,0.125,0.125,0.125,0.125,0.125,0.125,0.125
131,131.0,0.125,0.125,0.125,0.125,0.125,0.125,0.125,0.125
132,132.0,0.125,0.125,0.125,0.125,0.125,0.125,0.125,0.125
133,133.0,0.125,0.125,0.125,0.125,0.125,0.125,0.125,0.125
134,134.0,0.125,0.125,0.125,0.125,0.125,0.125,0.125,0.125
135,135.0,0.125,0.125,0.125,0.125,0.125,0.125,0.125,0.125
136,136.0,0.125,0.125,0.125,0.125,0.125,0.125,0.125,0.125
137,137.0,0.125,0.125,0.125,0.125,0.125,0.125,0.125,0.125
138,138.0,0.125,0.125,0.125,0.125,0.125,0.125,0.125,0.125
139,139.0,0.125,0.125,0.125,0.125,0.125,0.125,0.125,0.125
140,140.0,0.125,0.125,0.125,0.125,0.125,0.125,0.125,0.125
141,141.0,0.125,0.125,0.125,0.125,0.125,0.125,0.125,0.125
142,142.0,0.125,0.125,0.125,0.125,0.125,0.125,0.125,0.125
143,143.0,0.125,0.125,0.125,0.125,0.125,0.125,0.125,0.125
144,144.0,0.125,0.125,0.125,0.125,0.125,0.125,0.125,0.125
145,145.0,0.125,0.125,0.125,0.125,0.125,0.125,0.125,0.125
146,146.0,0.125,0.125,0.125,0.125,0.125,0.125,0.125,0.125
147,147.0,0.125,0.125,0.125,0.125,0.125,0.125,0.125,0.125
148,148.0,0.125,0.125,0.125,0.125,0.125,0.125,0.125,0.125
149,149.0,0.125,0.125,0.125,0.125,0.125,0.125,0.125,0.125
150,150.0,0.125,0.125,0.125,0.125,0.125,0.125,0.125,0.125
151,151.0,0.125,0.125,0.125,0.125,0.125,0.125,0.125,0.125
152,152.0,0.125,0.125,0.125,0.125,0.125,0.125,0.125,0.125
153,153.0,0.125,0.125,0.125,0.125,0.125,0.125,0.125,0.125
154,154.0,0.125,0.125,0.125,0.125,0.125,0.125,0.125,0.125
155,155.0,0.125,0.125,0.125,0.125,0.125,0.125,0.125,0.125
156,156.0,0.125,0.125,0.125,0.125,0.125,0.125,0.125,0.125
157,157.0,0.125,0.125,0.125,0.125,0.125,0.125,0.125,0.125
158,158.0,0.125,0.125,0.125,0.125,0.125,0.125,0.125,0.125
159,159.0,0.125,0.125,0.125,0.125,0.125,0.125,0.125,0.125
160,160.0,0.125,0.125,0.125,0.125,0.125,0.125,0.125,0.125
161,161.0,0.125,0.125,0.125,0.125,0.125,0.125,0.125,0.125
162,162.0,0.125,0.125,0.125,0.125,0.125,0.125,0.125,0.125
163,163.0,0.125,0.125,0.125,0.125,0.125,0.125,0.125,0.125
164,164.0,0.125,0.125,0.125,0.125,0.125,0.125,0.125,0.125
165,165.0,0.125,0.125,0.125,0.125,0.125,0.125,0.125,0.125
166,166.0,0.125,0.125,0.125,0.125,0.125,0.125,0.125,0.125
167,167.0,0.125,0.125,0.125,0.125,0.125,0.125,0.125,0.125
168,168.0,0.125,0.125,0.125,0.125,0.125,0.125,0.125,0.125
169,169.0,0.125,0.125,0.125,0.125,0.125,0.125,0.125,0.125
170,170.0,0.125,0.125,0.125,0.125,0.125,0.125,0.125,0.125
171,171.0,0.125,0.125,0.125,0.125,0.125,0.125,0.125,0.125
172,172.0,0.125,0.125,0.125,0.125,0.125,0.125,0.125,0.125
173,173.0,0.125,0.125,0.125,0.125,0.125,0.125,0.125,0.125
174,174.0,0.125,0.125,0.125,0.125,0.125,0.125,0.125,0.125
175,175.0,0.125,0.125,0.125,0.125,0.125,0.125,0.125,0.125
176,176.0,0.125,0.125,0.125,0.125,0.125,0.125,0.125,0.125
177,177.0,0.125,0.125,0.125,0.125,0.125,0.125,0.125,0.125
178,178.0,0.125,0.125,0.125,0.125,0.125,0.125,0.125,0.125
179,179.0,0.125,0.125,0.125,0.125,0.125,0.125,0.125,0.125
180,180.0,0.125,0.125,0.125,0.125,0.125,0.125,0.125,0.125
181,181.0,0.125,0.125,0.125,0.125,0.125,0.125,0.125,0.125
182,182.0,0.125,0.125,0.125,0.125,0.125,0.125,0.125,0.125
183,183.0,0.125,0.125,0.125,0.125,0.125,0.125,0.125,0.125
184,184.0,0.125,0.125,0.125,0.125,0.125,0.125,0.125,0.125
185,185.0,0.125,0.125,0.125,0.125,0.125,0.125,0.125,0.125
186,186.0,0.125,0.125,0.125,0.125,0.125,0.125,0.125,0.125
187,187.0,0.125,0.125,0.125,0.125,0.125,0.125,0.125,0.125
188,188.0,0.125,0.125,0.125,0.125,0.125,0.125,0.125,0.125
189,189.0,0.125,0.125,0.125,0.125,0.125,0.125,0.125,0.125
190,190.0,0.125,0.125,0.125,0.125,0.125,0.125,0.125,0.125
191,191.0,0.125,0.125,0.125,0.125,0.125,0.125,0.125,0.125
192,192.0,0.125,0.125,0.125,0.125,0.125,0.125,0.125,0.125
193,193.0,0.125,0.125,0.125,0.125,0.125,0.125,0.125,0.125
194,194.0,0.125,0.125,0.125,0.125,0.125,0.125,0.125,0.125
195,195.0,0.125,0.125,0.125,0.125,0.125,0.125,0.125,0.125
196,196.0,0.125,0.125,0.125,0.125,0.125,0.125,0.125,0.125
197,197.0,0.125,0.125,0.125,0.125,0.125,0.125,0.125,0.125
198,198.0,0.125,0.125,0.125,0.125,0.125,0.125,0.125,0.125
199,199.0,0.125,0.125,0.125,0.125,0.125,0.125,0.125,0.125
200,200.0,0.125,0.125,0.125,0.125,0.125,0.125,0.125,0.125
201,201.0,0.1248611111111111,0.1248611111111111,0.1248611111111111,0.1248611111111111,0.1248611111111111,0.1248611111111111,0.1248611111111111,0.1259722222222222
202,202.0,0.1246125,0.1246125,0.1256125,0.1246125,0.1246125,0.1246125,0.1246125,0.1267125
203,203.0,0.124137827020202,0.124137827020202,0.1269460088383838,0.124137827020202,0.124137827020202,0.1252489381313131,0.124137827020202,0.1271159179292929
204,204.0,0.1234566168055555,0.1234566168055555,0.1290054945833333,0.1234566168055555,0.1234566168055555,0.1256677279166667,0.1234566168055555,0.1280436934722222
205,205.0,0.12261430332466,0.1233835340938908,0.1306127802267579,0.12261430332466,0.12261430332466,0.1269044144357712,0.12261430332466,0.1286420579449398
206,206.0,0.1217022032557326,0.1232329724865018,0.1328973625727256,0.1217022032557326,0.1217022032557326,0.1279407152759346,0.1217022032557326,0.1291201366419074
207,207.0,0.1207424768643262,0.1230202460950955,0.1357201812790374,0.1207424768643262,0.1207424768643262,0.1287984272087707,0.1207424768643262,0.1294912379597911
208,208.0,0.1203289601260791,0.123620110028399,0.1386078813812928,0.1195597293568483,0.1195597293568483,0.1293011565700084,0.1195597293568483,0.1294627038236755
209,209.0,0.1198398912967817,0.1240046777989795,0.1412752503640274,0.1193091220660124,0.1183091220660124,0.128546987265808,0.1183091220660124,0.1304058270763658
210,210.0,0.1192968071829229,0.1242098151635853,0.1437267385584569,0.1189181288612446,0.1179281288612446,0.1276782417648464,0.1170190379521537,0.1312231016555453
211,211.0,0.1186689817125392,0.124168296906051,0.1457750035770519,0.1190358670971545,0.1182314337638212,0.1266735067002507,0.1156647670971545,0.1317821431459768
212,212.0,0.1180822062370256,0.1241272816932437,0.1476794954768203,0.1191895070265361,0.1185767946932028,0.1256674673400694,0.1143773098447179,0.132299937688384
213,213.0,0.1175382435116504,0.1240871293728189,0.1494355466506471,0.1193739220807483,0.118956552437415,0.1246703145074628,0.113162859407112,0.1327754320321453
214,214.0,0.1162690211194228,0.1240481551787426,0.151809671428619,0.1195841905967661,0.1193634697375327,0.1236911310779995,0.1120262596072297,0.1332081012536876
215,215.0,0.1150103982765912,0.1247606310403207,0.1555934579546783,0.1197322912099152,0.1189157614649642,0.1226962452789931,0.1109294247126309,0.1323617900619063
216,216.0,0.1136361875814306,0.1251638683899532,0.1589092774024312,0.1204278742342657,0.1182515510203875,0.1225594625301743,0.1097416329065194,0.131310145934838
217,217.0,0.1121285830330188,0.1259614320320116,0.16223125779572,0.1208216232108414,0.1173587710850896,0.1221073793150516,0.1084407509050009,0.1309502026232659
218,218.0,0.1105257236718886,0.1270954907904098,0.1663581972686925,0.1209531706680408,0.1162807615190506,0.1213936622300222,0.1070608201573548,0.1303321736945405
219,219.0,0.1088596237793832,0.1278894195342949,0.1711232838986039,0.1208562624420706,0.1150544760636558,0.1210883417696571,0.1056300050521306,0.1294985874602038
220,220.0,0.1072859607152576,0.1286519842853716,0.1756333213342304,0.1207624054911998,0.113877197470087,0.1208190160914781,0.1043003944838305,0.1286697201285448
221,221.0,0.1057979490390367,0.1294070840737983,0.1805239339008641,0.1207006215358154,0.1127425194498189,0.1212308412451106,0.1030618857161668,0.126535165039389
222,222.0,0.1043245685638571,0.1299914125664539,0.1853029839670639,0.1205118192844208,0.111580193560889,0.122152270709024,0.1018404184919173,0.124296332856374
223,223.0,0.1030119681256269,0.1302294389021065,0.1908654549292699,0.1198452524546773,0.1106267717145989,0.1224799574886435,0.1007793814802437,0.1221617749048334
224,224.0,0.1017623077698513,0.1302370965064893,0.196660888391621,0.1190949990270587,0.1096480335794893,0.1227706992647143,0.0997784540748229,0.1200475213859531
225,225.0,0.1005503008294712,0.1300094278428853,0.2028551859636899,0.1182466314094478,0.1086259993796121,0.1229611141188969,0.0988101453267123,0.1179411951292844
226,226.0,0.0994512137970566,0.1297516539894351,0.209327890807804,0.1174228564617258,0.1076796308281487,0.1224889874575834,0.0979477882223679,0.1159299784358785
227,227.0,0.0983938391193865,0.1292997725603829,0.2161357041541655,0.1165585462336323,0.1067399186130239,0.1218418151667728,0.0971185047357079,0.1139118994169282
228,228.0,0.0973748656854723,0.1286832858829974,0.2226865184432346,0.1156199190273122,0.1057691158945816,0.1216498815818585,0.0963175667175395,0.1118988467670039
229,229.0,0.0963383796033854,0.1278002923451018,0.2300617629679497,0.114525173101609,0.1047181847451781,0.1212197283669304,0.0954878854993032,0.1098485933705424
230,230.0,0.095329803918023,0.126752886406644,0.2372784762021988,0.1133674349408951,0.1036391262372864,0.1211394924084607,0.0946739391324471,0.1078188407540448
231,231.0,0.0943978137583801,0.1256507441906925,0.2442763414889932,0.1121995976130041,0.1026132398931219,0.1210430564815253,0.0939236740073157,0.1058955325669674
232,232.0,0.0935179266826314,0.124431757375983,0.2518215064562782,0.1109820618262333,0.1015930077794301,0.1209068611513905,0.093212080860138,0.1035347978679156
233,233.0,0.0927174154636714,0.1232171687115912,0.2591022105389638,0.1098056569948647,0.1006354352153532,0.1206546653643091,0.0925660926351168,0.1013013550761299
234,234.0,0.0919745772930825,0.121975268912556,0.2652657701599392,0.1086562637367436,0.1002483774261161,0.120732864990331,0.0919638383873584,0.0991830390938733
235,235.0,0.0912905744711479,0.1207204269873769,0.2708365412650675,0.1075421760505406,0.099904470525015,0.121110320592394,0.0914064684850284,0.0971890216234298
236,236.0,0.0906657517840879,0.1194655444800226,0.2762533010931318,0.1064703925487926,0.0996022267851139,0.1213221255421884,0.0908944564854738,0.095326201281189
237,237.0,0.0901178636877099,0.1182402361973679,0.2808493187466803,0.1054648248904958,0.0993579265701161,0.1219065081466158,0.0904458109608369,0.0936175108001773
238,238.0,0.089644310988525,0.117053028569,0.2850395544204752,0.1045285225525034,0.0991678339142967,0.1224442129680148,0.0900582971034876,0.0920642394836974
239,239.0,0.0892794364269334,0.1155041810540583,0.2891455131394528,0.1032009627792926,0.0991210252969791,0.1228620781166303,0.0897667176383984,0.0911200855482552
240,240.0,0.0889819182822107,0.1140108364633618,0.2928516764942358,0.1019504442595365,0.0991195377479055,0.1232308183418161,0.0895302922684132,0.0903244761425204
241,241.0,0.0887321534863206,0.112813038413812,0.296026178589119,0.1007659254452904,0.0992664682180691,0.1235349951078043,0.0889596568595545,0.0899015838800299
242,242.0,0.0885246760655299,0.1111118336581717,0.2990528789527888,0.0996494632673369,0.0994312062029245,0.124229569243539,0.0884240838163227,0.0895762887933864
243,243.0,0.0884184590852099,0.1095972135873381,0.3003337082508003,0.0987284632171438,0.0997333701044713,0.1252111742704977,0.0879865496612608,0.0899910618232781
244,244.0,0.0883152292921699,0.1080876460360437,0.3012910693359155,0.0978149724107482,0.1005341345758919,0.1259884831959364,0.0875524164681554,0.0904160486851389
245,245.0,0.088259760012352,0.1066738622427218,0.3020231710650475,0.0969908263432801,0.1013506266368069,0.1266145490519946,0.0871650955898522,0.0909221090579448
246,246.0,0.0882039007945315,0.105313324870331,0.3025736055874888,0.0962114029088207,0.1020985508599862,0.127366240793858,0.0867840165776199,0.0914489576073637
247,247.0,0.08815586010603,0.1040299469222198,0.3032028180908683,0.0954876349597568,0.1027848956683148,0.1279224199339413,0.0864199769163169,0.091996447402552
248,248.0,0.0881148033269315,0.1028283130615721,0.3039042922409807,0.094265105897615,0.1034082970680422,0.1282931545691826,0.0860743798935943,0.0931116539420815
249,249.0,0.0882354696816555,0.1017354711829532,0.3042615734429914,0.093007779614931,0.1040202710050285,0.1288356226150893,0.0856459528709848,0.0942578595863662
250,250.0,0.0883541399739684,0.1008392504758021,0.3045822659322052,0.0918163815355098,0.1045820002668738,0.1292017485669268,0.0852409545449688,0.095383258703745
251,251.0,0.0884847370850867,0.1000324204082103,0.3043241014342693,0.0907082946964521,0.1051078020063724,0.1299791405601603,0.0848688817538811,0.0964946220555676
252,252.0,0.0886434628505334,0.0993651348251981,0.3043206849715886,0.0897049693306267,0.105658425902358,0.1306723733122737,0.0845488631606545,0.097086085646767
253,253.0,0.0888156394016495,0.0987900761235132,0.3041985921455157,0.0887956847987969,0.1061762627447187,0.1312910936927269,0.0842686157858633,0.0976640353072156
254,254.0,0.0889894591510958,0.0982946940768626,0.304125883225932,0.0879713891196205,0.1065256721271327,0.1318677792324263,0.0840182242381511,0.0982068988287788
255,255.0,0.0891375745379866,0.0978175217278825,0.304325301214056,0.0872063813210656,0.1067416981810879,0.1323375667779735,0.0837717618067286,0.098662194433219
256,256.0,0.0897760751290423,0.0973527677089048,0.3042901767223505,0.0864941536076688,0.1068260906808753,0.1327115961628225,0.0835277007485238,0.0990214392398117
257,257.0,0.0903732185370581,0.0966863942049947,0.3037428395314793,0.0858574536093927,0.1073134613071472,0.1333975353088212,0.0833049782314751,0.0993241192696315
258,258.0,0.0909051448322076,0.0960427148807563,0.3026143615823262,0.085273196653941,0.10813886996604,0.1344090497594059,0.0830817887258702,0.0995348735994526
259,259.0,0.0913719394619426,0.0961118837046617,0.3012351729661292,0.0847410804559189,0.1088084924161699,0.1352126239478569,0.0828595102749538,0.0996592967723668
260,260.0,0.0918190274238079,0.0962471107162858,0.2999422783292454,0.0842853113593837,0.1094332323896542,0.1358606731667646,0.0826643738155864,0.0997479927992717
261,261.0,0.092238267473933,0.0964295113834396,0.2988105145427917,0.0838971713141134,0.1100056897033836,0.1363312193154868,0.082489975482168,0.0997976507846837
262,262.0,0.0926276118686295,0.0966516105655229,0.297589129518284,0.083573138681073,0.1105247279158354,0.1368877448213877,0.0823353453110768,0.0998106913181905
263,263.0,0.0929855338842481,0.0969063091106478,0.2965466519152261,0.0833094202001247,0.1109898757097676,0.137273093724954,0.0821994299425457,0.0997896855124858
264,264.0,0.09331099068752,0.0971869167252243,0.2956858409516065,0.0831020157898484,0.1114012647980723,0.1374945459704238,0.0820811111989836,0.099737313878321
265,265.0,0.0936033850236934,0.0974871774063053,0.294768987894926,0.0829467788793259,0.1117595679524756,0.1377985513350191,0.0819792233973755,0.0996563281108791
266,266.0,0.0938625262394142,0.098033846084284,0.293807801198313,0.0828394721309849,0.1120659377781213,0.137948331297307,0.0818925693648398,0.0995495159067358
267,267.0,0.094093876521234,0.0985919861317321,0.292919055091303,0.082781103882754,0.1123272321962922,0.1380312859182561,0.0818252205514583,0.0994302397069704
268,268.0,0.0942976533604849,0.0991543728127488,0.2921073701668821,0.0827671158678649,0.1125450977043144,0.1380520276895921,0.0817756718242095,0.0993006905739032
269,269.0,0.0944743350057312,0.0994819168030319,0.2916086112231725,0.0827929686158322,0.1127214572108224,0.1380153638420624,0.0817423973344525,0.0991629499648949
270,270.0,0.0946246293780545,0.0998036596936008,0.2911899883083542,0.0828541847410242,0.1128584629390363,0.1379262276666973,0.0817238676214695,0.0990189796517632
271,271.0,0.0947494438032484,0.1001165072499699,0.2908504155419938,0.0829463872866909,0.1129584517517276,0.1377896154691558,0.0817185650469371,0.0988706138502764
272,272.0,0.0948498557824949,0.1004177758314375,0.2905880518282566,0.0830653332360492,0.1130239031030428,0.1376105292272363,0.0817249975734769,0.0987195534180057
273,273.0,0.0949270849903797,0.1007051777492463,0.2904003973016151,0.08320694233902,0.1130573997753899,0.1373939249567134,0.0817417109154996,0.0985673619721359
274,274.0,0.0951792014475602,0.1001634379219249,0.290880463688089,0.083463046123802,0.1124502454974613,0.1373936683767126,0.0818630237926265,0.0986069131518233
275,275.0,0.0952649893052977,0.0994685676175975,0.292288833558242,0.0835893372160383,0.1116786436750994,0.1373655247840136,0.0818469662542479,0.0984971375894635
276,276.0,0.0953324913225537,0.0987778186876515,0.293706379533871,0.0837298017516555,0.1108990228585656,0.1373239032037854,0.0818397036948926,0.0983908789470247
277,277.0,0.0953799387955239,0.0980918419485887,0.2949308535346067,0.0838786954732796,0.1101170588877627,0.1374781785344069,0.081837506974572,0.0982859258512596
278,278.0,0.0962975567749508,0.0973055192019098,0.2959494336098525,0.0839223805961372,0.1092294997888692,0.1374951331311492,0.0817285855476294,0.0980718913495019
279,279.0,0.0971868634854015,0.0965370021037314,0.2968453965193409,0.0839686525838833,0.10835349212069,0.1376314761684482,0.0816224125540035,0.0978547044645012
280,280.0,0.098046144812756,0.0957965430862722,0.2977090008722917,0.0840211378562387,0.1075009886429226,0.1377565140675274,0.0815241227063857,0.0976455479556055
281,281.0,0.0988698104820504,0.0953061322359828,0.2983174551764815,0.0840786902320188,0.1066781639713033,0.1378701269632182,0.0814339105886515,0.0974457103502934
282,282.0,0.0996458278150596,0.0948353014960597,0.2990435133192308,0.0841328698897852,0.1058829208845954,0.1378707784335971,0.0813445129616516,0.0972442752000203
283,283.0,0.1003707465729241,0.0943858913645494,0.299669326970357,0.0841830174056036,0.1051199987560168,0.1379720395773994,0.0812562874534247,0.0970426918997247
284,284.0,0.1010419846160349,0.0939593682628366,0.3001955813097465,0.084228591708966,0.1043933519014958,0.1381692799544001,0.081169556297631,0.0968422859488889
285,285.0,0.1016577665221309,0.0935568464923474,0.3008239798195392,0.0842691632647788,0.1037061881488663,0.1382571920383285,0.0810846062572797,0.096644257456729
286,286.0,0.1009352675662293,0.0934567959396879,0.3002272047185633,0.0856892807792823,0.1029379484645722,0.1385919551481534,0.0812754517571623,0.0968860956263491
287,287.0,0.1001248970928202,0.0933391587165403,0.3000500373227016,0.0870461447501936,0.1021233029168782,0.1388542226557478,0.0814219610569879,0.0970402754881302
288,288.0,0.0992823180145441,0.0932415568316394,0.2997861835253981,0.0883712839483186,0.101356667746614,0.1392043864889423,0.0815658747399197,0.0971917287046238
289,289.0,0.0984225467647759,0.0931697023342203,0.2995229837077393,0.0896579892410602,0.1006442780498448,0.1395270042873724,0.0817093830129231,0.0973461126020639
290,290.0,0.0975557444028977,0.0931214272899791,0.2991199473768857,0.0908970810957642,0.0999876773059237,0.1399657526614371,0.0818509354639961,0.0975014344031164
291,291.0,0.0966873590898673,0.0930870105562968,0.298699685570221,0.0920770069638156,0.0993839296531333,0.1404312656032441,0.0819853891769491,0.0976483533864728
292,292.0,0.0958258494736665,0.0930646434689269,0.2982190045042705,0.0931915006849354,0.0988334037586248,0.1409682497594356,0.0821117259882008,0.0977856223619393
293,293.0,0.09498072548819,0.093056509548943,0.2976583747318824,0.0942375429440211,0.0983378651129306,0.141583717956618,0.0822310766272245,0.0979141875901901
294,294.0,0.0941566212794075,0.0930569097571812,0.2970538922787585,0.0952093399338728,0.0978945918468137,0.1422566443163534,0.0823407676740401,0.0980312329135727
295,295.0,0.0934651282931931,0.0931733273390839,0.2955615653190356,0.0962100505929708,0.0977108066389972,0.142985214601473,0.0833153513280867,0.0975785558871594
296,296.0,0.0928074538073768,0.093300411014223,0.2939359963464686,0.0971343299180244,0.0975776443136462,0.1438451173438245,0.0842738382700177,0.0971252089864186
297,297.0,0.0921284651563947,0.0933741132707036,0.2922629115369808,0.0979222506888051,0.0973781015904404,0.1445106730019302,0.0858092664005837,0.0966142183541614
298,298.0,0.0913782123951913,0.0943429532933239,0.2905529924605057,0.0984095871938394,0.097111391237766,0.1450080448415442,0.0871963094781272,0.0960005090997022
299,299.0,0.0906711945922709,0.0953074691649839,0.2889288399163249,0.0988213946245219,0.0968867672519668,0.1454481684352104,0.0885358057070451,0.0954003603076761
300,300.0,0.0899223690262556,0.0960828693349053,0.2873804171800019,0.0989824093194928,0.0975235687417252,0.1456431662218594,0.0897313254063319,0.0947338747694277
301,301.0,0.0891464189090279,0.0968129220098696,0.2850182832722809,0.0989251751913472,0.0980383599305615,0.1457084533104702,0.0915026109261564,0.0948477764502861
302,302.0,0.0883758395321958,0.097472603080238,0.2826090886116699,0.0987622946171744,0.0991474467092234,0.1456871346237851,0.0930106818788669,0.0949349109468464
303,303.0,0.0876590744798642,0.0981004632031804,0.2803339368258504,0.0985472359116951,0.100264440658175,0.1456198651196906,0.0944366253045953,0.095038358496949
304,304.0,0.0869977908108628,0.0986930483944791,0.2778986875619144,0.098287248315851,0.1015590801434723,0.1456345352503867,0.0957742753625387,0.0951553341604949
305,305.0,0.0870596032084928,0.0992476102502185,0.2756217063315072,0.0979893079129147,0.1021702345046025,0.1456093708973083,0.0970189682071739,0.095283198687782
306,306.0,0.0869492474416414,0.0995815070950877,0.2734296938885288,0.097479519553818,0.1036489153210085,0.1451853191889802,0.0984868827975786,0.0952389147133566
307,307.0,0.0868816851851363,0.0998691371171057,0.2715188711088446,0.0969433072184791,0.1050869776864633,0.1446538280953889,0.0998501591139831,0.0951960344745986
308,308.0,0.0868529922739229,0.1001115001427396,0.2695958514046605,0.0963883549912904,0.106473571631664,0.144318106562099,0.1011053077840379,0.0951543152095855
309,309.0,0.0880567252110462,0.1010243492178858,0.2673132377225295,0.0958664651143932,0.1061110652276294,0.1440052657303375,0.1024616354830287,0.0951612562931494
310,310.0,0.0890602765091977,0.1018975226118223,0.2649930529222035,0.0952308337895348,0.1055917771113311,0.1435665866692261,0.1035967445690794,0.0960632058176047
311,311.0,0.0898948401913846,0.1026365484565087,0.2626713407517315,0.0945113119377604,0.1049518316302391,0.1440146131089621,0.1045335262756241,0.0967859876477892
312,312.0,0.090575036949065,0.1032412020346381,0.2605817353890085,0.0945568241242356,0.1042037485553142,0.144218594543008,0.1052824524841709,0.0973404059205593
313,313.0,0.0917284665641832,0.1042050515343047,0.2592817761998093,0.0941552976262621,0.1029805030251646,0.1447115760422556,0.1044056027213228,0.0985317262866974
314,314.0,0.0927360758593574,0.1051564583604589,0.2580060844192764,0.0936375636740851,0.1016907807245866,0.1450563963894662,0.1033782300504633,0.1003384105223058
315,315.0,0.0936089641802236,0.106709680184718,0.2568468583562165,0.0930270137592402,0.100357972707475,0.1452798081117559,0.1022295066429484,0.1019401960574221
316,316.0,0.094450775839905,0.1081955966956222,0.2558534942489636,0.0924379360760437,0.0990491661751048,0.145490619053295,0.1010325053559693,0.1034899065550959
317,317.0,0.0952562003879234,0.1096060792593981,0.2550193395430095,0.0918740741781628,0.0977750490443256,0.1456879811827432,0.0998040239903423,0.1049772524140948
318,318.0,0.0962993481119689,0.1113481745761201,0.2537301389125209,0.0914772107881886,0.09668355922843,0.1460003757804294,0.0979289302805015,0.1065322623218402
319,319.0,0.0971842308662835,0.1128879419883158,0.2524791861846316,0.0917129901784753,0.095531438669048,0.1454715798097833,0.0969470338652338,0.1077855984382282
320,320.0,0.098027230709012,0.1143490253897454,0.2517826896073324,0.0919823375229516,0.0944550804235514,0.1444416944207973,0.0959882383679493,0.1089737035586602
321,321.0,0.0988123952297957,0.115701260941291,0.2513227999688654,0.0922674918496635,0.0934342504368268,0.1433458922994774,0.0950481109487325,0.1100677983253474
322,322.0,0.0995394096230897,0.1169420113760025,0.2510149997726857,0.0925657742245892,0.0924782795682547,0.1422525678425523,0.0941359393814373,0.1110710182113881
323,323.0,0.1002067267481213,0.1180695576532716,0.2506703348301439,0.092872797009569,0.0915901496051168,0.1413501498704235,0.0932579577869558,0.1119823264963977
324,324.0,0.1008115398410835,0.1190828266253962,0.2503587710077619,0.0931825126163649,0.0907667216050379,0.1405836395336208,0.0924174236645684,0.112796565106166
325,325.0,0.1004477798140348,0.1199887524309137,0.2502569855322752,0.0944034650646904,0.0900153987494574,0.1397448635316023,0.0916218171571618,0.113520937719864
326,326.0,0.1000341233974287,0.1207890101284298,0.2502492737428983,0.0956141393277275,0.0893364837524811,0.1389451808717607,0.090874601568312,0.1141571872109616
327,327.0,0.099579696794387,0.1214861639517693,0.2503263053889139,0.0968034564813746,0.0887295249782184,0.1391886790464767,0.0891784099620518,0.1147077633968079
328,328.0,0.099092001468755,0.1220779536459733,0.2504989925852386,0.0979605392442056,0.088192276571312,0.1394596464239181,0.0875439820353562,0.1151746080252409
329,329.0,0.0985791525935657,0.1225685544646018,0.2507576386495592,0.0990769515751915,0.0877230513266129,0.1397519171901798,0.0859813970470534,0.1155613371532353
330,330.0,0.098308329338936,0.1233726632995275,0.2509078358435349,0.1003579276538043,0.0871144960027625,0.1398781878671445,0.084052386418449,0.1160081735758409
331,331.0,0.0980253437394828,0.1240867934389939,0.2511078430919632,0.1015839913687524,0.0865722361786357,0.1400249264085454,0.0822158100990182,0.116383055674608
332,332.0,0.0977331899185041,0.1247064896480806,0.2513706666933086,0.102747321352074,0.0860940129353226,0.1401802029050961,0.0804797384538595,0.1166883780937542
333,333.0,0.0974601836950155,0.1252836174956181,0.2518020167152327,0.1038670351357518,0.085727243709337,0.1400068616191825,0.0788759591906502,0.1169770824392119
334,334.0,0.0971810310824923,0.1257641141323633,0.2523874636686524,0.1049101879129026,0.08541231467041,0.1397679096042627,0.0773811715748169,0.1171958073540994
335,335.0,0.0969025866496269,0.1261594104879528,0.2530120694352531,0.1058774526600716,0.0851541689056534,0.1395350977922441,0.0760028727214443,0.1173563413477535
336,336.0,0.0967385955376985,0.1265847071608877,0.2537783751110601,0.1068777770477015,0.0850607410602142,0.1384205350263135,0.0759653393688472,0.1165739296872771
337,337.0,0.0964642922552846,0.127813629241831,0.2545568108974757,0.1076828917974218,0.084897762811102,0.1371438536327945,0.0758087991189149,0.1156319602451753
338,338.0,0.0961977013707572,0.1289654522195348,0.25532961739948,0.1084085170440256,0.0847814629648329,0.1359028281413002,0.0757509683823797,0.1146634524776892
339,339.0,0.0957740508865063,0.1304606101987886,0.2561152705061352,0.1088129212429343,0.0854507609220096,0.1345396365498766,0.0755249787576914,0.1133217709360578
340,340.0,0.0952234608459709,0.131723509834016,0.2566651800175284,0.1090025418537342,0.0860123996831582,0.1342901016604244,0.0752419017903545,0.111840904314813
341,341.0,0.0953364359308878,0.1326321627760707,0.2568129796956695,0.108935932521498,0.0865270503891895,0.1337933965052669,0.0747734909009193,0.1111885512804981
342,342.0,0.0955323728801727,0.1333717410427732,0.2568150418245416,0.1086284249412625,0.0877560507414614,0.1332536229940473,0.0741048911560801,0.1105378544196612
343,343.0,0.0955977481092144,0.1338697619037728,0.2568434664930422,0.1081909630759901,0.0895080169882816,0.1327690400095834,0.0733932385614462,0.1098277648586691
344,344.0,0.0956688903010491,0.1342752609623291,0.2569479487845597,0.1077072515740706,0.0912307738308582,0.1322746182167439,0.0727514931315445,0.1091437631988446
345,345.0,0.0957475416405097,0.1345994960141614,0.2570349896290288,0.107189782817218,0.0929221358533109,0.1318308311688403,0.0721821119072311,0.1084931109696996
346,346.0,0.0958330804503546,0.1348528456149183,0.2571823858396328,0.10664802296941,0.0945692446683432,0.1313500569248617,0.071684468031106,0.1078798955013732
347,347.0,0.096925589672074,0.1350361592599942,0.2574226212576454,0.1060914458148473,0.0961717825952751,0.1307862777673311,0.0712579912837388,0.1063081323490939
348,348.0,0.0980103425724605,0.1344338153075256,0.2575693377391342,0.106238279970234,0.0977059858347535,0.1303592241429902,0.0708967251199245,0.1047862893129772
349,349.0,0.0988953760194461,0.1336819126884638,0.258535850237799,0.1062828766758757,0.0990723636788407,0.1297912310334373,0.0705067789986577,0.1032336106674794
350,350.0,0.0997520091436824,0.1328775794278147,0.2594047499499109,0.1063133930476536,0.1003423132164971,0.1293895694016248,0.0701732997148593,0.1017470860979569
351,351.0,0.1004259601405899,0.1319639810098837,0.2601088959869773,0.1062581340253819,0.1014490707622256,0.1297106131145222,0.0698211774477662,0.1002621675126529
352,352.0,0.1012768081912618,0.131119458556049,0.2608992287064709,0.1064148780300914,0.1012623546182211,0.1303109020855144,0.0697598103644788,0.0989565594479124
353,353.0,0.1019570731439883,0.1301979949412502,0.261612852001796,0.1064957762491829,0.100920321436952,0.1306915488585186,0.070451058397599,0.0976733749707128
354,354.0,0.1017683131657014,0.1291911179272948,0.2620713385967642,0.1075018624090607,0.1004310397662872,0.1315681322103095,0.0710659000191935,0.0964022959053884
355,355.0,0.1014487606350822,0.1280954820431504,0.2623408020773735,0.1084173951800272,0.0997328192653951,0.1324826914464454,0.0715753469347535,0.0959067024177724
356,356.0,0.1010992612908286,0.1270178764405483,0.2625858237279918,0.1093070642710983,0.0989909227790442,0.1333917658846116,0.0721047471631304,0.0955025384427464
357,357.0,0.1007270287459705,0.1259716177767041,0.2629636086055125,0.1101652832975767,0.098217860808868,0.1341216388493595,0.0726475353089827,0.0951854266070257
358,358.0,0.1004407313356462,0.1243848884521913,0.2641064661683438,0.1110118362313129,0.0975126604589567,0.1349345656816813,0.0725604869539509,0.0950483647179166
359,359.0,0.1007404681980743,0.1225739419944003,0.2656504300810783,0.1116175909130191,0.0966728490050008,0.1362943959350417,0.0723568915789352,0.0940934322944499
360,360.0,0.1010262269489437,0.1209716397148712,0.2671367033163516,0.1121797904003021,0.0958313246329835,0.1374775238181816,0.0721614788007231,0.0932153123676427
361,361.0,0.1014124898408871,0.1194137199287182,0.268541699455934,0.1126806050707335,0.0949842515181825,0.1386015895315277,0.0719733140940416,0.092392330559975
362,362.0,0.1010955647127543,0.1180688953747544,0.2699493643101263,0.1131387842895448,0.0948440471771658,0.1394655628025787,0.0718028099691218,0.0916349713639535
363,363.0,0.1008523662422054,0.1176667376556789,0.2717986481308815,0.1112022098571936,0.0947633079626107,0.1410088017904372,0.0717297907859232,0.090978137575069
364,364.0,0.1004992018628182,0.1170536343952088,0.2738970130762467,0.1091432786900578,0.0945588781627648,0.142214991274117,0.0723357171259669,0.0902972854128194
365,365.0,0.0999864478664417,0.1164596006292012,0.2754118700130511,0.1070900044897995,0.0947369832436148,0.1431541115928307,0.0735594063076227,0.0896015758574379
366,366.0,0.0993355001160002,0.1158594461400983,0.2765884147029883,0.1049742021245334,0.094728830260086,0.1450366910350661,0.0745799017689217,0.0888970138523057
367,367.0,0.0986655885633055,0.115545318260212,0.2774981634732961,0.1028727329838634,0.0946520276473529,0.1469695186844321,0.0755556695756381,0.0882409808118996
368,368.0,0.0979568983767592,0.1153804561212159,0.2786402101511151,0.1007876067259911,0.0945011968928149,0.1486425444969525,0.0764784448477496,0.0876126423874013
369,369.0,0.097240643180435,0.1153864820468292,0.2796611205525323,0.098759949954208,0.0943494913129882,0.1501997312616805,0.0773663942586223,0.0870361874327042
370,370.0,0.0969989887789178,0.1154187478969178,0.2800856368627101,0.096803181587882,0.0941976824213943,0.1517711154511424,0.0782139820628037,0.0865106649382315
371,371.0,0.0967383548594383,0.1154826508918909,0.2807340624281961,0.0949214638453758,0.0939923598708584,0.1531014001263685,0.0789967895708875,0.0860329184069843
372,372.0,0.0963670716168134,0.1155938688067909,0.2812853142755968,0.0931455893612129,0.0937993698112214,0.1544534106440482,0.0797329472568831,0.0856224282274331
373,373.0,0.0959585893222825,0.1161291453008894,0.2817259780580188,0.0914485552941365,0.0935493095456297,0.1555532376000211,0.0803981938784876,0.0852369910005341
374,374.0,0.0955545598900483,0.1166648142065851,0.2821961070839902,0.0898561723896272,0.0933029497950695,0.156520492805054,0.0810106218728458,0.0848942819567798
375,375.0,0.0951568900165152,0.1171931419313237,0.2825668847077273,0.0883728603994343,0.0930616048847639,0.1574873323107621,0.0815692589526088,0.0845920267968646
376,376.0,0.0946500247203896,0.1175983732705369,0.2827194908260634,0.086875959949127,0.0938086366165035,0.1582037366437334,0.081936546885298,0.0842072310883479
