,Unnamed: 0,Total_iterations,Intertwine_two,Add_vertex,Delete_vertex,Invert_path_vertices,Insert_inside_vertex,Delete_inside_vertex,Replace_inside_vertex,Donate_between_routes
0,0.0,0.0,0.125,0.125,0.125,0.125,0.125,0.125,0.125,0.125
1,1.0,1.0,0.125,0.125,0.125,0.125,0.125,0.125,0.125,0.125
2,2.0,2.0,0.125,0.125,0.125,0.125,0.125,0.125,0.125,0.125
3,3.0,3.0,0.125,0.125,0.125,0.125,0.125,0.125,0.125,0.125
4,4.0,4.0,0.125,0.125,0.125,0.125,0.125,0.125,0.125,0.125
5,5.0,5.0,0.125,0.125,0.125,0.125,0.125,0.125,0.125,0.125
6,6.0,6.0,0.125,0.125,0.125,0.125,0.125,0.125,0.125,0.125
7,7.0,7.0,0.125,0.125,0.125,0.125,0.125,0.125,0.125,0.125
8,8.0,8.0,0.125,0.125,0.125,0.125,0.125,0.125,0.125,0.125
9,9.0,9.0,0.125,0.125,0.125,0.125,0.125,0.125,0.125,0.125
10,10.0,10.0,0.125,0.125,0.125,0.125,0.125,0.125,0.125,0.125
11,11.0,11.0,0.125,0.125,0.125,0.125,0.125,0.125,0.125,0.125
12,12.0,12.0,0.125,0.125,0.125,0.125,0.125,0.125,0.125,0.125
13,13.0,13.0,0.125,0.125,0.125,0.125,0.125,0.125,0.125,0.125
14,14.0,14.0,0.125,0.125,0.125,0.125,0.125,0.125,0.125,0.125
15,15.0,15.0,0.125,0.125,0.125,0.125,0.125,0.125,0.125,0.125
16,16.0,16.0,0.125,0.125,0.125,0.125,0.125,0.125,0.125,0.125
17,17.0,17.0,0.125,0.125,0.125,0.125,0.125,0.125,0.125,0.125
18,18.0,18.0,0.125,0.125,0.125,0.125,0.125,0.125,0.125,0.125
19,19.0,19.0,0.125,0.125,0.125,0.125,0.125,0.125,0.125,0.125
20,20.0,20.0,0.125,0.125,0.125,0.125,0.125,0.125,0.125,0.125
21,21.0,21.0,0.125,0.125,0.125,0.125,0.125,0.125,0.125,0.125
22,22.0,22.0,0.125,0.125,0.125,0.125,0.125,0.125,0.125,0.125
23,23.0,23.0,0.125,0.125,0.125,0.125,0.125,0.125,0.125,0.125
24,24.0,24.0,0.125,0.125,0.125,0.125,0.125,0.125,0.125,0.125
25,25.0,25.0,0.125,0.125,0.125,0.125,0.125,0.125,0.125,0.125
26,26.0,26.0,0.125,0.125,0.125,0.125,0.125,0.125,0.125,0.125
27,27.0,27.0,0.125,0.125,0.125,0.125,0.125,0.125,0.125,0.125
28,28.0,28.0,0.125,0.125,0.125,0.125,0.125,0.125,0.125,0.125
29,29.0,29.0,0.125,0.125,0.125,0.125,0.125,0.125,0.125,0.125
30,30.0,30.0,0.125,0.125,0.125,0.125,0.125,0.125,0.125,0.125
31,31.0,31.0,0.125,0.125,0.125,0.125,0.125,0.125,0.125,0.125
32,32.0,32.0,0.125,0.125,0.125,0.125,0.125,0.125,0.125,0.125
33,33.0,33.0,0.125,0.125,0.125,0.125,0.125,0.125,0.125,0.125
34,34.0,34.0,0.125,0.125,0.125,0.125,0.125,0.125,0.125,0.125
35,35.0,35.0,0.125,0.125,0.125,0.125,0.125,0.125,0.125,0.125
36,36.0,36.0,0.125,0.125,0.125,0.125,0.125,0.125,0.125,0.125
37,37.0,37.0,0.125,0.125,0.125,0.125,0.125,0.125,0.125,0.125
38,38.0,38.0,0.125,0.125,0.125,0.125,0.125,0.125,0.125,0.125
39,39.0,39.0,0.125,0.125,0.125,0.125,0.125,0.125,0.125,0.125
40,40.0,40.0,0.125,0.125,0.125,0.125,0.125,0.125,0.125,0.125
41,41.0,41.0,0.125,0.125,0.125,0.125,0.125,0.125,0.125,0.125
42,42.0,42.0,0.125,0.125,0.125,0.125,0.125,0.125,0.125,0.125
43,43.0,43.0,0.125,0.125,0.125,0.125,0.125,0.125,0.125,0.125
44,44.0,44.0,0.125,0.125,0.125,0.125,0.125,0.125,0.125,0.125
45,45.0,45.0,0.125,0.125,0.125,0.125,0.125,0.125,0.125,0.125
46,46.0,46.0,0.125,0.125,0.125,0.125,0.125,0.125,0.125,0.125
47,47.0,47.0,0.125,0.125,0.125,0.125,0.125,0.125,0.125,0.125
48,48.0,48.0,0.125,0.125,0.125,0.125,0.125,0.125,0.125,0.125
49,49.0,49.0,0.125,0.125,0.125,0.125,0.125,0.125,0.125,0.125
50,50.0,50.0,0.125,0.125,0.125,0.125,0.125,0.125,0.125,0.125
51,51.0,51.0,0.125,0.125,0.125,0.125,0.125,0.125,0.125,0.125
52,52.0,52.0,0.125,0.125,0.125,0.125,0.125,0.125,0.125,0.125
53,53.0,53.0,0.125,0.125,0.125,0.125,0.125,0.125,0.125,0.125
54,54.0,54.0,0.125,0.125,0.125,0.125,0.125,0.125,0.125,0.125
55,55.0,55.0,0.125,0.125,0.125,0.125,0.125,0.125,0.125,0.125
56,56.0,56.0,0.125,0.125,0.125,0.125,0.125,0.125,0.125,0.125
57,57.0,57.0,0.125,0.125,0.125,0.125,0.125,0.125,0.125,0.125
58,58.0,58.0,0.125,0.125,0.125,0.125,0.125,0.125,0.125,0.125
59,59.0,59.0,0.125,0.125,0.125,0.125,0.125,0.125,0.125,0.125
60,60.0,60.0,0.125,0.125,0.125,0.125,0.125,0.125,0.125,0.125
61,61.0,61.0,0.125,0.125,0.125,0.125,0.125,0.125,0.125,0.125
62,62.0,62.0,0.125,0.125,0.125,0.125,0.125,0.125,0.125,0.125
63,63.0,63.0,0.125,0.125,0.125,0.125,0.125,0.125,0.125,0.125
64,64.0,64.1,0.125,0.125,0.125,0.125,0.125,0.125,0.125,0.125
65,65.0,65.1,0.125,0.125,0.125,0.125,0.125,0.125,0.125,0.125
66,66.0,66.1,0.125,0.125,0.125,0.125,0.125,0.125,0.125,0.125
67,67.0,67.1,0.125,0.125,0.125,0.125,0.125,0.125,0.125,0.125
68,68.0,68.1,0.125,0.125,0.125,0.125,0.125,0.125,0.125,0.125
69,69.0,69.1,0.125,0.125,0.125,0.125,0.125,0.125,0.125,0.125
70,70.0,70.1,0.125,0.125,0.125,0.125,0.125,0.125,0.125,0.125
71,71.0,71.1,0.125,0.125,0.125,0.125,0.125,0.125,0.125,0.125
72,72.0,72.1,0.125,0.125,0.125,0.125,0.125,0.125,0.125,0.125
73,73.0,73.1,0.125,0.125,0.125,0.125,0.125,0.125,0.125,0.125
74,74.0,74.1,0.125,0.125,0.125,0.125,0.125,0.125,0.125,0.125
75,75.0,75.1,0.125,0.125,0.125,0.125,0.125,0.125,0.125,0.125
76,76.0,76.1,0.125,0.125,0.125,0.125,0.125,0.125,0.125,0.125
77,77.0,77.2,0.125,0.125,0.125,0.125,0.125,0.125,0.125,0.125
78,78.0,78.2,0.125,0.125,0.125,0.125,0.125,0.125,0.125,0.125
79,79.0,79.2,0.125,0.125,0.125,0.125,0.125,0.125,0.125,0.125
80,80.0,80.6,0.125,0.125,0.125,0.125,0.125,0.125,0.125,0.125
81,81.0,81.7,0.125,0.125,0.125,0.125,0.125,0.125,0.125,0.125
82,82.0,82.7,0.125,0.125,0.125,0.125,0.125,0.125,0.125,0.125
83,83.0,83.8,0.125,0.125,0.125,0.125,0.125,0.125,0.125,0.125
84,84.0,84.8,0.125,0.125,0.125,0.125,0.125,0.125,0.125,0.125
85,85.0,85.8,0.125,0.125,0.125,0.125,0.125,0.125,0.125,0.125
86,86.0,86.9,0.125,0.125,0.125,0.125,0.125,0.125,0.125,0.125
87,87.0,87.9,0.125,0.125,0.125,0.125,0.125,0.125,0.125,0.125
88,88.0,89.0,0.125,0.125,0.125,0.125,0.125,0.125,0.125,0.125
89,89.0,90.0,0.125,0.125,0.125,0.125,0.125,0.125,0.125,0.125
90,90.0,91.0,0.125,0.125,0.125,0.125,0.125,0.125,0.125,0.125
91,91.0,92.0,0.125,0.125,0.125,0.125,0.125,0.125,0.125,0.125
92,92.0,93.0,0.125,0.125,0.125,0.125,0.125,0.125,0.125,0.125
93,93.0,94.0,0.125,0.125,0.125,0.125,0.125,0.125,0.125,0.125
94,94.0,95.0,0.125,0.125,0.125,0.125,0.125,0.125,0.125,0.125
95,95.0,96.0,0.125,0.125,0.125,0.125,0.125,0.125,0.125,0.125
96,96.0,97.0,0.125,0.125,0.125,0.125,0.125,0.125,0.125,0.125
97,97.0,98.0,0.125,0.125,0.125,0.125,0.125,0.125,0.125,0.125
98,98.0,99.0,0.125,0.125,0.125,0.125,0.125,0.125,0.125,0.125
99,99.0,100.0,0.125,0.125,0.125,0.125,0.125,0.125,0.125,0.125
100,100.0,101.0,0.125,0.125,0.125,0.125,0.125,0.125,0.125,0.125
101,101.0,102.0,0.125,0.125,0.125,0.125,0.125,0.125,0.125,0.125
102,102.0,103.0,0.125,0.125,0.125,0.125,0.125,0.125,0.125,0.125
103,103.0,104.0,0.125,0.125,0.125,0.125,0.125,0.125,0.125,0.125
104,104.0,105.0,0.125,0.125,0.125,0.125,0.125,0.125,0.125,0.125
105,105.0,106.0,0.125,0.125,0.125,0.125,0.125,0.125,0.125,0.125
106,106.0,107.0,0.125,0.125,0.125,0.125,0.125,0.125,0.125,0.125
107,107.0,108.0,0.125,0.125,0.125,0.125,0.125,0.125,0.125,0.125
108,108.0,109.0,0.125,0.125,0.125,0.125,0.125,0.125,0.125,0.125
109,109.0,110.0,0.125,0.125,0.125,0.125,0.125,0.125,0.125,0.125
110,110.0,111.0,0.125,0.125,0.125,0.125,0.125,0.125,0.125,0.125
111,111.0,112.0,0.125,0.125,0.125,0.125,0.125,0.125,0.125,0.125
112,112.0,113.0,0.125,0.125,0.125,0.125,0.125,0.125,0.125,0.125
113,113.0,114.0,0.125,0.125,0.125,0.125,0.125,0.125,0.125,0.125
114,114.0,115.0,0.125,0.125,0.125,0.125,0.125,0.125,0.125,0.125
115,115.0,116.0,0.125,0.125,0.125,0.125,0.125,0.125,0.125,0.125
116,116.0,117.0,0.125,0.125,0.125,0.125,0.125,0.125,0.125,0.125
117,117.0,118.0,0.125,0.125,0.125,0.125,0.125,0.125,0.125,0.125
118,118.0,119.0,0.125,0.125,0.125,0.125,0.125,0.125,0.125,0.125
119,119.0,120.0,0.125,0.125,0.125,0.125,0.125,0.125,0.125,0.125
120,120.0,121.0,0.125,0.125,0.125,0.125,0.125,0.125,0.125,0.125
121,121.0,122.1,0.125,0.125,0.125,0.125,0.125,0.125,0.125,0.125
122,122.0,123.1,0.125,0.125,0.125,0.125,0.125,0.125,0.125,0.125
123,123.0,124.1,0.125,0.125,0.125,0.125,0.125,0.125,0.125,0.125
124,124.0,125.1,0.125,0.125,0.125,0.125,0.125,0.125,0.125,0.125
125,125.0,126.1,0.125,0.125,0.125,0.125,0.125,0.125,0.125,0.125
126,126.0,127.1,0.125,0.125,0.125,0.125,0.125,0.125,0.125,0.125
127,127.0,128.1,0.125,0.125,0.125,0.125,0.125,0.125,0.125,0.125
128,128.0,129.1,0.125,0.125,0.125,0.125,0.125,0.125,0.125,0.125
129,129.0,130.1,0.125,0.125,0.125,0.125,0.125,0.125,0.125,0.125
130,130.0,131.1,0.125,0.125,0.125,0.125,0.125,0.125,0.125,0.125
131,131.0,132.1,0.125,0.125,0.125,0.125,0.125,0.125,0.125,0.125
132,132.0,133.1,0.125,0.125,0.125,0.125,0.125,0.125,0.125,0.125
133,133.0,134.1,0.125,0.125,0.125,0.125,0.125,0.125,0.125,0.125
134,134.0,135.1,0.125,0.125,0.125,0.125,0.125,0.125,0.125,0.125
135,135.0,136.1,0.125,0.125,0.125,0.125,0.125,0.125,0.125,0.125
136,136.0,137.1,0.125,0.125,0.125,0.125,0.125,0.125,0.125,0.125
137,137.0,138.1,0.125,0.125,0.125,0.125,0.125,0.125,0.125,0.125
138,138.0,139.1,0.125,0.125,0.125,0.125,0.125,0.125,0.125,0.125
139,139.0,140.1,0.125,0.125,0.125,0.125,0.125,0.125,0.125,0.125
140,140.0,141.2,0.125,0.125,0.125,0.125,0.125,0.125,0.125,0.125
141,141.0,142.2,0.125,0.125,0.125,0.125,0.125,0.125,0.125,0.125
142,142.0,143.2,0.125,0.125,0.125,0.125,0.125,0.125,0.125,0.125
143,143.0,144.2,0.125,0.125,0.125,0.125,0.125,0.125,0.125,0.125
144,144.0,145.2,0.125,0.125,0.125,0.125,0.125,0.125,0.125,0.125
145,145.0,146.2,0.125,0.125,0.125,0.125,0.125,0.125,0.125,0.125
146,146.0,147.2,0.125,0.125,0.125,0.125,0.125,0.125,0.125,0.125
147,147.0,148.2,0.125,0.125,0.125,0.125,0.125,0.125,0.125,0.125
148,148.0,149.2,0.125,0.125,0.125,0.125,0.125,0.125,0.125,0.125
149,149.0,150.2,0.125,0.125,0.125,0.125,0.125,0.125,0.125,0.125
150,150.0,151.2,0.125,0.125,0.125,0.125,0.125,0.125,0.125,0.125
151,151.0,152.3,0.125,0.125,0.125,0.125,0.125,0.125,0.125,0.125
152,152.0,153.3,0.125,0.125,0.125,0.125,0.125,0.125,0.125,0.125
153,153.0,154.3,0.125,0.125,0.125,0.125,0.125,0.125,0.125,0.125
154,154.0,155.5,0.125,0.125,0.125,0.125,0.125,0.125,0.125,0.125
155,155.0,156.5,0.125,0.125,0.125,0.125,0.125,0.125,0.125,0.125
156,156.0,157.5,0.125,0.125,0.125,0.125,0.125,0.125,0.125,0.125
157,157.0,158.5,0.125,0.125,0.125,0.125,0.125,0.125,0.125,0.125
158,158.0,159.5,0.125,0.125,0.125,0.125,0.125,0.125,0.125,0.125
159,159.0,160.5,0.125,0.125,0.125,0.125,0.125,0.125,0.125,0.125
160,160.0,161.7,0.125,0.125,0.125,0.125,0.125,0.125,0.125,0.125
161,161.0,162.7,0.125,0.125,0.125,0.125,0.125,0.125,0.125,0.125
162,162.0,163.7,0.125,0.125,0.125,0.125,0.125,0.125,0.125,0.125
163,163.0,164.7,0.125,0.125,0.125,0.125,0.125,0.125,0.125,0.125
164,164.0,165.8,0.125,0.125,0.125,0.125,0.125,0.125,0.125,0.125
165,165.0,166.8,0.125,0.125,0.125,0.125,0.125,0.125,0.125,0.125
166,166.0,167.8,0.125,0.125,0.125,0.125,0.125,0.125,0.125,0.125
167,167.0,168.8,0.125,0.125,0.125,0.125,0.125,0.125,0.125,0.125
168,168.0,169.8,0.125,0.125,0.125,0.125,0.125,0.125,0.125,0.125
169,169.0,170.9,0.125,0.125,0.125,0.125,0.125,0.125,0.125,0.125
170,170.0,172.0,0.125,0.125,0.125,0.125,0.125,0.125,0.125,0.125
171,171.0,173.0,0.125,0.125,0.125,0.125,0.125,0.125,0.125,0.125
172,172.0,174.1,0.125,0.125,0.125,0.125,0.125,0.125,0.125,0.125
173,173.0,175.1,0.125,0.125,0.125,0.125,0.125,0.125,0.125,0.125
174,174.0,176.1,0.125,0.125,0.125,0.125,0.125,0.125,0.125,0.125
175,175.0,177.1,0.125,0.125,0.125,0.125,0.125,0.125,0.125,0.125
176,176.0,178.1,0.125,0.125,0.125,0.125,0.125,0.125,0.125,0.125
177,177.0,179.1,0.125,0.125,0.125,0.125,0.125,0.125,0.125,0.125
178,178.0,180.1,0.125,0.125,0.125,0.125,0.125,0.125,0.125,0.125
179,179.0,181.1,0.125,0.125,0.125,0.125,0.125,0.125,0.125,0.125
180,180.0,182.1,0.125,0.125,0.125,0.125,0.125,0.125,0.125,0.125
181,181.0,183.1,0.125,0.125,0.125,0.125,0.125,0.125,0.125,0.125
182,182.0,184.1,0.125,0.125,0.125,0.125,0.125,0.125,0.125,0.125
183,183.0,185.1,0.125,0.125,0.125,0.125,0.125,0.125,0.125,0.125
184,184.0,186.1,0.125,0.125,0.125,0.125,0.125,0.125,0.125,0.125
185,185.0,187.1,0.125,0.125,0.125,0.125,0.125,0.125,0.125,0.125
186,186.0,188.1,0.125,0.125,0.125,0.125,0.125,0.125,0.125,0.125
187,187.0,189.1,0.125,0.125,0.125,0.125,0.125,0.125,0.125,0.125
188,188.0,190.1,0.125,0.125,0.125,0.125,0.125,0.125,0.125,0.125
189,189.0,191.1,0.125,0.125,0.125,0.125,0.125,0.125,0.125,0.125
190,190.0,192.1,0.125,0.125,0.125,0.125,0.125,0.125,0.125,0.125
191,191.0,193.1,0.125,0.125,0.125,0.125,0.125,0.125,0.125,0.125
192,192.0,194.1,0.125,0.125,0.125,0.125,0.125,0.125,0.125,0.125
193,193.0,195.1,0.125,0.125,0.125,0.125,0.125,0.125,0.125,0.125
194,194.0,196.1,0.125,0.125,0.125,0.125,0.125,0.125,0.125,0.125
195,195.0,197.1,0.125,0.125,0.125,0.125,0.125,0.125,0.125,0.125
196,196.0,198.1,0.125,0.125,0.125,0.125,0.125,0.125,0.125,0.125
197,197.0,199.1,0.125,0.125,0.125,0.125,0.125,0.125,0.125,0.125
198,198.0,200.1,0.12222222222222223,0.12222222222222223,0.12222222222222223,0.14444444444444443,0.12222222222222223,0.12222222222222223,0.12222222222222223,0.12222222222222223
199,199.0,201.1,0.11909722222222223,0.128125,0.11805555555555555,0.14027777777777778,0.11805555555555555,0.11805555555555555,0.12916666666666665,0.12916666666666668
200,200.0,202.1,0.11895761741122565,0.12800687285223367,0.11895761741122565,0.14014891179839634,0.11792668957617411,0.11792668957617411,0.1290378006872852,0.1290378006872852
201,201.0,203.1,0.11743197278911566,0.12650226757369615,0.14067460317460317,0.12752267573696147,0.11641156462585034,0.11641156462585034,0.12752267573696147,0.12752267573696147
202,202.0,204.1,0.11632086167800455,0.12539115646258506,0.13845238095238094,0.12641156462585035,0.11530045351473923,0.11530045351473923,0.13641156462585036,0.12641156462585035
203,203.0,205.1,0.11402288188002474,0.12309317666460524,0.13524531024531022,0.12411358482787054,0.11300247371675945,0.11300247371675945,0.1534065141207998,0.12411358482787054
204,204.0,206.1,0.11326530612244898,0.12233560090702947,0.13373015873015873,0.11224489795918366,0.12335600907029479,0.11224489795918366,0.15946712018140588,0.12335600907029479
205,205.0,207.1,0.10881944444444444,0.13895833333333332,0.14034722222222223,0.10777777777777779,0.1277777777777778,0.11673611111111112,0.14277777777777778,0.11680555555555557
206,206.0,208.1,0.10791035353535354,0.13804924242424238,0.1385290404040404,0.11595959595959597,0.12686868686868688,0.1149179292929293,0.14186868686868687,0.11589646464646466
207,207.0,209.1,0.10624368686868686,0.1252714646464646,0.13610479797979796,0.12464646464646464,0.13247474747474747,0.12082702020202021,0.1402020202020202,0.11422979797979797
208,208.0,210.1,0.11262286324786322,0.12165064102564101,0.1407318376068376,0.11927350427350425,0.13491452991452993,0.133616452991453,0.12658119658119657,0.11060897435897435
209,209.0,211.1,0.10870511433011432,0.1177328921078921,0.13626463813963813,0.11571539571539569,0.14612498612498612,0.14428411865911867,0.12357253857253858,0.10760031635031633
210,210.0,212.1,0.10914194228710357,0.10699140465269497,0.14680451269160946,0.11504335270464298,0.14652821193143772,0.15684012224334803,0.12290049556178588,0.09574995792737727
211,211.0,213.1,0.10859249173765302,0.10644195410324442,0.15339791928501603,0.11449390215519244,0.15037436577759158,0.14914781455104037,0.12235104501233533,0.09520050737792672
212,212.0,214.1,0.10612495927012053,0.12064108830237859,0.15073558162267836,0.10230775496904528,0.145807266210492,0.16025171065493643,0.12064108830237863,0.09349055066797
213,213.0,215.1,0.10570829260345387,0.12022442163571193,0.14948558162267836,0.10147442163571194,0.14539059954382533,0.17275171065493647,0.11189108830237862,0.09307388400130334
214,214.0,216.1,0.10279162593678721,0.1231410883023786,0.16656891495601173,0.09855775496904527,0.1399739328771587,0.16983504398826982,0.10897442163571196,0.09015721733463668
215,215.0,217.1,0.09372299848580681,0.14176853928277078,0.1762094378318287,0.09745481379257469,0.13703275640657045,0.16448373679872733,0.09990579418473154,0.08942192321698962
216,216.0,218.1,0.09223892700173533,0.139002416516648,0.17388232050471136,0.10597074230850323,0.14415008352389758,0.15134465365964417,0.10547300475194213,0.08793785173291814
217,217.0,219.1,0.09288774950539658,0.13050234079645842,0.15388516712046124,0.1135428297193003,0.14041962939021763,0.16385869032927855,0.11656129817894526,0.08834229495994202
218,218.0,220.1,0.09065716174110092,0.14534274383910867,0.14957720916081788,0.10983539483209012,0.13693308784187833,0.1676848267396846,0.11380679612669035,0.086162779718629
219,219.0,221.1,0.08746711649223213,0.1715881650845299,0.14287032127745938,0.10631855219760042,0.12721966401080742,0.1780895527326459,0.1034738937349644,0.08297273446976021
220,220.0,222.1,0.08658623556612907,0.17907014990397602,0.14733927220030113,0.10402167810506069,0.11643834350812468,0.18410664537512553,0.10146941730324341,0.0809682580380392
221,221.0,223.1,0.08531657669815561,0.1735981781376518,0.15438315339631126,0.10142768780926673,0.11265800719748087,0.18906657669815563,0.10489991003148895,0.07864991003148895
222,222.0,224.2,0.08429416773457019,0.1769875338799487,0.15205122062320203,0.10016718360758607,0.11163559823389543,0.19414360751048057,0.10309318734241332,0.07762750106790353
223,223.0,225.2,0.09177002521042765,0.17362423051664533,0.15029075886274024,0.09973428317468563,0.11141914801744521,0.1928737662406393,0.1028767371259631,0.0774110508514533
224,224.0,226.2,0.09104792122745411,0.17296146333213902,0.15431542984393298,0.0929481948668582,0.11077030410773174,0.1907492482465561,0.10275292374128016,0.08445451463404753
225,225.0,227.3,0.09906171442936146,0.1689168103138691,0.16336305034834442,0.09168991955756658,0.10178203332615092,0.18861811391223154,0.10243338360985417,0.08413497450262153
226,226.0,228.3,0.09856825037707387,0.1725050456079867,0.16154932485814835,0.09102978883861233,0.10030817711700062,0.19045798319327728,0.10193991955756658,0.08364151045033394
227,227.0,229.3,0.0970108954512979,0.17459501411900788,0.1646741429365268,0.08931858775899021,0.09787362920876849,0.20730447442134747,0.08713910057950301,0.08208415552455797
228,228.0,230.3,0.10125452110250521,0.17450212476319543,0.16635868011942032,0.08743863269970338,0.09417366628866955,0.21148260847864284,0.08449250475357543,0.08029726179428753
229,229.0,231.3,0.09364971849770261,0.1858859261469968,0.16608191984266005,0.0868444121054828,0.09125750837251163,0.2099421119381463,0.08467158493265561,0.0816668181638439
230,230.0,232.3,0.09399656652271915,0.18518967063329708,0.16448576413899926,0.08514771379552469,0.09080755827753109,0.21493422372538995,0.08422163483767509,0.08121686806886337
231,231.0,233.4,0.09432086211017261,0.19580636388156927,0.16451766206563406,0.08576440704379688,0.0914242515258033,0.2105854730608498,0.0757474189950382,0.08183356131713557
232,232.0,234.4,0.10528045806976857,0.1999097573669852,0.15677790494385446,0.08763309391248376,0.09329293839449018,0.19578749326286998,0.07761610586372508,0.08370224818582245
233,233.0,235.5,0.10277961804277588,0.1987441213757003,0.16804277593751277,0.09827403590561481,0.08260193023350913,0.19157588026009073,0.07593526356684249,0.0820463746779536
234,234.0,236.5,0.10170513696829483,0.22174167937325828,0.16826866116339798,0.09727281490439381,0.0811489387805177,0.17388357256778306,0.07492183255341148,0.0810573636889426
235,235.0,237.5,0.08714252852410745,0.23056951820109708,0.1788340168603326,0.09630669768827661,0.08018282156440049,0.17291745535166586,0.07395571533729425,0.08009124647282541
236,236.0,238.5,0.08586579055619302,0.22490106900323611,0.17718963183359462,0.10091231266153863,0.07890608359648606,0.1716407173837514,0.07267897736937982,0.08790541759582006
237,237.0,239.6,0.08510679096417632,0.23182702413602238,0.17440078691352032,0.09885388616288444,0.07814708400446936,0.15502227446200278,0.09025331111069647,0.08638884224622762
238,238.0,240.6,0.07911252125067911,0.2191312087035771,0.18008573663178923,0.10236560588534269,0.08395767609583396,0.1553090221182326,0.09195134908950695,0.0880868802250381
239,239.0,241.6,0.0771016183473277,0.2262973606294544,0.18961113495581455,0.09880458643187472,0.08135388781698848,0.1514560139517233,0.08994044618615553,0.08543495168066104
240,240.0,242.6,0.08462867462438398,0.228407750239844,0.18560680595148554,0.09411573361802192,0.07979003500313567,0.15298739923310858,0.08746750246321182,0.08699609886680823
241,241.0,243.7,0.08304947041942143,0.23657245447331127,0.1868534770003558,0.08912091835133447,0.07831902644479141,0.15215246045264402,0.08789443165973151,0.08603776119840989
242,242.0,244.7,0.0825926968008831,0.23998154538240213,0.1846698762873433,0.08857501817308136,0.07786225282625309,0.1533890914686868,0.08743765804119318,0.08549186102015675
243,243.0,245.8,0.08183512104330734,0.2434569357610973,0.1876603069093529,0.08705986665792984,0.07710467706867732,0.15263151571111103,0.085517291585943,0.084734285262581
244,244.0,246.8,0.08936898913599897,0.23744178424594575,0.1820203782106007,0.09074346737094233,0.07734710131110158,0.16043276348294705,0.07716880673745816,0.08547670950500526
245,245.0,247.8,0.08718982567819773,0.23530892879730086,0.19190658179030268,0.08846933428328774,0.08266063393970366,0.15378976320836785,0.07622553157436873,0.08444940072847044
246,246.0,248.8,0.08598306680883809,0.23748581323898926,0.18855818275963465,0.08762180012633729,0.08110671710490218,0.16026455597235995,0.07536463200710022,0.08361523198183814
247,247.0,249.9,0.08540477066792854,0.24488406330511592,0.1863064567011935,0.08710881224039116,0.08020996547312334,0.15813204339520123,0.0748385824701614,0.08311530574688468
248,248.0,250.9,0.08819555575023308,0.247122185254722,0.1810799609652443,0.08136841876342726,0.082151848069563,0.1560101825695776,0.08200944440445292,0.08206240422277955
249,249.0,251.9,0.08618821253652711,0.2509628760752356,0.18860497180721897,0.08026525908548376,0.08032576038194013,0.15251245009671974,0.08026525908548378,0.08087521093139069
250,250.0,252.9,0.09028703486115587,0.2553023538018101,0.181905023010496,0.07871667638068505,0.08035616592340039,0.15322161548330446,0.07984027188630302,0.08037085865284485
251,251.0,253.9,0.08812480634812091,0.2511189362312957,0.1853364610387082,0.07753679885000106,0.07855661236981457,0.15733763054690017,0.07811094380616848,0.08387781080899054
252,252.0,254.9,0.08652194440343976,0.252043340233503,0.19612390596230872,0.08156728906041118,0.07746523169748425,0.16274989381242433,0.06878645566160026,0.07474193916882829
253,253.0,255.9,0.08410357758183842,0.257952645180906,0.20137009729401031,0.07986406709232792,0.07994514543427582,0.1580653947501773,0.06687696361609402,0.07182210905036987
254,254.0,256.9,0.08349840234671693,0.25830455593096036,0.2034358385060632,0.07932273251093472,0.07958497027317249,0.15810727194154156,0.06650402032424502,0.07124220816636544
255,255.0,257.9,0.08727076007029415,0.25778829576835877,0.2012651067987461,0.07892842356784528,0.07935732799674972,0.1583267841366635,0.06627637804782224,0.07078692361351993
256,256.0,258.9,0.08654602139433597,0.2597807464071508,0.20045964802987273,0.0787036848918871,0.07879925598745821,0.15915489098916064,0.06605163937186406,0.07050411292827022
257,257.0,259.9,0.08583607090583831,0.2649959749552772,0.2035159511031604,0.07906625738602477,0.07704061636038376,0.1523323711172548,0.06756334363311105,0.06964941453894939
258,258.0,260.9,0.08167568990149632,0.2662352620497781,0.2127015941048199,0.07890587638168281,0.07655765471088048,0.1533347808105872,0.061152962628769056,0.06943617941198583
259,259.0,262.0,0.08380681818181815,0.25998358585858583,0.2151111111111111,0.07448106060606056,0.07952272727272724,0.15771338383838382,0.06442045454545453,0.06496085858585857
260,260.0,263.0,0.08002030535534368,0.26502091244930115,0.21287426696633854,0.0743665426644966,0.0798197705959854,0.15286357177917276,0.07018828954506702,0.06484634064429458
261,261.0,264.0,0.08106754243199252,0.261016159032783,0.21432257356170395,0.07427741610478181,0.07946326435712621,0.1549966674416802,0.07009916298535221,0.06475721408457978
262,262.0,265.0,0.08553983944986555,0.25625758266178966,0.20559869901388333,0.0719436427884946,0.08200098570612087,0.1603883139316629,0.07585750046639725,0.062413435981785614
263,263.0,266.0,0.08426346778444505,0.2618153181155848,0.20362538152928308,0.07079657378046665,0.08338111484326859,0.160175114589328,0.07468546266935555,0.06125756668826808
264,264.0,267.0,0.08962454694871572,0.2573723112789609,0.2091492506805806,0.07067717246425684,0.07861358713980195,0.15890323100361464,0.07456606135314574,0.0610938391309235
265,265.0,268.0,0.08930114001775731,0.2583291319440195,0.21684989788856393,0.06931377817752157,0.07807680894284066,0.15297390889647583,0.07431377817752159,0.060841555955299366
266,266.0,269.0,0.08899952058455891,0.260677984845504,0.2145125159722346,0.06907963512758905,0.0801368629239473,0.14635087695765442,0.07963519068314465,0.06060741290536684
267,267.0,270.0,0.0869745532245532,0.26261266511266507,0.21788850038850036,0.06879662004661999,0.08116258741258738,0.14288850038850037,0.07935217560217558,0.06032439782439778
268,268.0,271.0,0.0878679191179191,0.2809602434602435,0.19699513449513448,0.06411204536204533,0.08733881858881858,0.14576395826395824,0.07296430421430418,0.06399757649757645
269,269.0,272.0,0.08697605652492868,0.27833413453714206,0.19964511261503742,0.06364485556214877,0.086871628788922,0.14854322786653612,0.07249711441440762,0.06348786969087718
270,270.0,273.0,0.08582412908728695,0.275942560363613,0.20805041157672735,0.06414738477896371,0.08627525690683582,0.14530123093280983,0.07160834487150275,0.0628506814822604
271,271.0,274.0,0.08457531740290358,0.2784929017342811,0.21122602301912646,0.06352297893677203,0.08565085106464415,0.14358487106762968,0.07072078113457421,0.06222627564006873
272,272.0,275.0,0.08304108451934537,0.28590075624858236,0.2106313203704508,0.063854763593894,0.084686106164367,0.14071124045037087,0.06971556945469987,0.061459159198289606
273,273.0,276.0,0.0814955008049637,0.28340247419531306,0.20848200109069676,0.06250680833801035,0.08333815090848337,0.14233546220758495,0.07836761419881624,0.060071988256131456
274,274.0,277.0,0.08066257414083497,0.2865125333603594,0.21089100513013553,0.06207149131062171,0.08546693644519729,0.13708064881977924,0.07771584695497738,0.059598963838094245
275,275.0,278.0,0.08266032015623166,0.28575703086596466,0.21546781784876204,0.06070789973887434,0.08366683693694198,0.1350031590883029,0.07747557650655112,0.059261358858371194
276,276.0,279.0,0.0816318042842433,0.285379218229828,0.21449811987921738,0.060176171502390984,0.0825271200118761,0.14014902780146682,0.07694384827006777,0.058694690020909504
277,277.0,280.0,0.08129259629259629,0.28664918414918417,0.21214757464757458,0.062370684870684846,0.08193417693417691,0.14037379287379284,0.07675740925740923,0.05847458097458095
278,278.0,281.0,0.07690556010780729,0.28545003373655053,0.21697188891009112,0.06157589913207888,0.08227547109569577,0.1407275714298186,0.07256573326798044,0.06352784231997713
279,279.0,282.0,0.07216866466866464,0.285000555000555,0.2234684759684759,0.06125957375957373,0.08431512931512929,0.13855561105561104,0.07221195471195468,0.0630200355200355
280,280.0,283.0,0.07143182341008426,0.2846956730869774,0.22487453207018424,0.06072036095949137,0.08760924984838027,0.1367448919840224,0.07167274191187233,0.062250726728987585
281,281.0,284.0,0.07111437380316098,0.28588535669771364,0.22427443139113618,0.061514022463679194,0.08698410793376467,0.13697046660433385,0.07135529230494905,0.061901948801262284
282,282.0,285.0,0.0710771170785066,0.28858728603746336,0.22171283395768712,0.059037741348780925,0.08735335527415095,0.13574705483690014,0.07470823943307213,0.06177637203343859
283,283.0,286.0,0.06769623689712836,0.2954675443003354,0.22236352556103797,0.058893576143248104,0.08336303622246427,0.13616396502587344,0.07444913169880366,0.06160298415110856
284,284.0,287.0,0.06479782747485341,0.29608878583898257,0.22284571389213398,0.05843419111121706,0.08520022543822699,0.1378168453483166,0.07388221978505218,0.06093419111121705
285,285.0,288.2,0.0644408136666201,0.30053316575897215,0.22142307871340128,0.05807717730298375,0.08418828841409484,0.13740175953079178,0.07352520597681887,0.06041051063631707
286,286.0,289.2,0.06425825655189318,0.3026302534153257,0.22021235370350883,0.05673357149911824,0.08568485232591154,0.13602775153033647,0.07445375997320307,0.059999201000702794
287,287.0,290.2,0.06502425066385019,0.30309751201297364,0.22125374995786565,0.056438392077991596,0.08483616288955552,0.13565474919757453,0.07410864297404897,0.05958654022613975
288,288.0,291.2,0.062468288107887626,0.3029128818283434,0.21690032560444128,0.05697378261338214,0.08868823674162937,0.13744721599004134,0.07459519346059944,0.060014075653675183
289,289.0,292.2,0.06238505566841396,0.3020035697546942,0.21313743283758274,0.05689055017390847,0.09027652812510381,0.14421301836594186,0.07128615456951286,0.059807690504841915
290,290.0,293.2,0.06219584190656936,0.3022145654226092,0.21586918715796513,0.056701336412063874,0.08945537349478767,0.14276055875709337,0.07109694080766826,0.05970619604124292
291,291.0,294.2,0.061834902363607405,0.30107322660560004,0.21897239149807013,0.056340396869101916,0.08897949142309007,0.14286352404015643,0.0707360012647063,0.05920006593566751
292,292.0,295.2,0.061495928953672375,0.3000014238749508,0.2188303672892391,0.05600142345916689,0.08853299113143462,0.14601649446954984,0.07039702785477128,0.05872434296721487
293,293.0,296.3,0.06127774735477405,0.3013113997391471,0.22025600728031183,0.05578324186026856,0.08831480953253629,0.14450084164795599,0.07017884625587295,0.05837710632913303
294,294.0,297.3,0.06172850881717802,0.29905236205025953,0.21922669470260034,0.055981382380396405,0.0886139984295746,0.14761521627924362,0.06942965824246537,0.05835217909828187
295,295.0,298.3,0.06157390492266217,0.2985960432813949,0.21856540461907992,0.05589208674084399,0.0895387686133323,0.1482436074120368,0.0693011776499349,0.058289006760714815
296,296.0,299.3,0.061450520668843135,0.29597668479247125,0.21831155133600352,0.05576870248702496,0.08888398339332969,0.15226514141931563,0.06917779339611588,0.05816562250689579
297,297.0,300.3,0.06233179185585621,0.2865140826054682,0.22358423924361026,0.056649973674038026,0.10074409055917877,0.15109630482129927,0.06005906458312894,0.059020452657420217
298,298.0,301.3,0.06276325983972159,0.2835360985286023,0.2265222394907552,0.05701613340293996,0.10034169284544095,0.15117070446905528,0.060464409265008935,0.05818546215847562
299,299.0,302.3,0.06256688214334388,0.28313268149475046,0.2309229313914471,0.05681975570656228,0.09783912697330986,0.15046150625985705,0.06026803156863124,0.057989084462097926
300,300.0,303.3,0.06247745079392516,0.28588462572377626,0.23393613746394673,0.05673032435714355,0.09762654291453152,0.14829696844508794,0.06017860021921251,0.054869350082376166
301,301.0,304.3,0.062128067179455335,0.2844674987894079,0.23747624917216187,0.056380940742673726,0.09704727424259042,0.14817558838836306,0.0598292166047427,0.05449516488060476
302,302.0,305.3,0.07503868840779476,0.2582160538923274,0.2393743196079458,0.05818045085990205,0.10196506392971123,0.14932606004405297,0.06162872672197102,0.05627063653629462
303,303.0,306.3,0.07497965394978331,0.25707706216510035,0.24226840187012738,0.05812141640189061,0.10238912125913939,0.14740636003502602,0.06156969226395957,0.05618829205497315
304,304.0,307.3,0.07471207577768761,0.2578245906966044,0.23941950030555942,0.057853838229794896,0.09090290509421217,0.15097576501200757,0.06130211409186387,0.06700921079226989
305,305.0,308.3,0.0635560964094796,0.24643856763946115,0.25191722121455573,0.06892008108380909,0.09329531282277832,0.1476730815381147,0.06125724583476695,0.06694239345703426
306,306.0,309.3,0.06235254867005894,0.24360635866376046,0.2525674770700882,0.07771653334438845,0.09209176508335766,0.14589408622836159,0.060053698095346296,0.0657175328446383
307,307.0,310.3,0.062299694547437376,0.24577572676336112,0.2510875616366844,0.07766367922176688,0.0898166887385139,0.14769112639749477,0.06000084397272474,0.06566467872201676
308,308.0,311.3,0.062364132025667963,0.24790912975883309,0.2514675231710687,0.07772811669999745,0.08666273541214678,0.14807396528108327,0.06006528145095532,0.06572911620024732
309,309.0,312.3,0.06228770326616138,0.24580915056256333,0.25088204018291604,0.07765168794049088,0.08657889100562496,0.1511696908438012,0.059988852691448734,0.06563198350699333
310,310.0,313.3,0.06206644653216491,0.24655998907910015,0.2528890186959437,0.0674304312064944,0.08625010738990807,0.15962568436593946,0.05976759595745227,0.06541072677299686
311,311.0,314.3,0.06197381111228619,0.24535624254811034,0.2527462569967528,0.0673377957866157,0.087848293226068,0.1576612151061418,0.06175829387090689,0.06531809135311815
312,312.0,315.3,0.06198213407011656,0.24156262032468515,0.2532794676284856,0.06734611874444604,0.087971558712634,0.15735931052468058,0.06172409982193452,0.06877469017301749
313,313.0,316.3,0.06097125122473893,0.2526182563263142,0.24642139274843694,0.06633523589906844,0.08696067586725639,0.15825697995651886,0.06067240065002629,0.06776380732763987
314,314.0,317.3,0.060952739472211845,0.25044872764527654,0.24518500254017966,0.06827750846026684,0.08694216411472931,0.1598131850472508,0.0606146732112247,0.06776599950886018
315,315.0,318.4,0.06269536531919977,0.2560136044203289,0.24752373420104473,0.07017399779783226,0.08238098264551717,0.15306517472126727,0.061840664464498915,0.06630647643031087
316,316.0,319.4,0.0659842040016624,0.2537242867113625,0.24787996547790056,0.06997827614797916,0.08222154546591082,0.15254289283919356,0.061644942814645845,0.06602388654134493
317,317.0,320.4,0.0768304894543239,0.2549187733254978,0.2463820980594086,0.05868234130617576,0.08207166233619687,0.1538954555515481,0.06146011908395353,0.06575906088289532
318,318.0,321.4,0.07473637482374537,0.252406610120269,0.25554591172250013,0.05769933778670834,0.08200952086847252,0.1523691924747366,0.06047711556448613,0.06475593663908183
319,319.0,322.4,0.07123981625133695,0.2510100703188261,0.2593944931156913,0.05750244251396321,0.08135904673923103,0.15130742785120663,0.060280220291741,0.06790648291800362
320,320.0,323.4,0.06750103187377951,0.25416661680324626,0.25943403847536767,0.057837470797174974,0.0816471302062901,0.15217394519330468,0.06073602152181264,0.06650374512902404
321,321.0,324.4,0.06719439287141882,0.25567783786115805,0.2577800187764782,0.05755153572856168,0.08226575916859155,0.1513696835789676,0.061837250014275966,0.06632352200054795
322,322.0,325.4,0.06656213702826952,0.2555123911529634,0.2596679047143816,0.05693940060975846,0.08158799434493048,0.1477534289237868,0.06257320342665987,0.06940353979924976
323,323.0,326.4,0.05555286662840554,0.2574651613593006,0.266770346540941,0.05767274966934122,0.08007991356924557,0.14488468588309228,0.06147391925998448,0.0761003570896891
324,324.0,327.4,0.05507033776591337,0.25607735091470346,0.26505847720717923,0.05712972473909343,0.0792352788587339,0.14400805661033983,0.06096114236361451,0.08245963154042205
325,325.0,328.4,0.054540695026397266,0.26260753394268954,0.2640929301883886,0.056600081999577355,0.07828426618376153,0.14248389684890944,0.06043149962409842,0.08095909618617773
326,326.0,329.4,0.05456813880201976,0.2648791287968487,0.2618969907061451,0.05519951325563801,0.07790221595834072,0.14108332810497012,0.06051762884573031,0.08395305553030707
327,327.0,330.4,0.05453926882439729,0.26602865049693925,0.26281362456731505,0.05515132155509409,0.07589276517789362,0.1425309045278974,0.06040085074530123,0.08264261410516191
328,328.0,331.4,0.05446027519662318,0.26685319455319056,0.2630035828182489,0.055072327927319975,0.07577773551408347,0.1352807397289521,0.06032185711752711,0.08923028714405445
329,329.0,332.4,0.05396799266101586,0.26407174057950294,0.2567205450598734,0.05288513013747537,0.07703607954489222,0.14800093282687304,0.05982957458191981,0.08748800460844716
330,330.0,333.4,0.05391499582289054,0.26243212197159566,0.2563700918964077,0.056137218045112756,0.0769830827067669,0.1465507518796992,0.05974832915622388,0.08786340852130323
331,331.0,334.4,0.0533797854753529,0.26091546728837656,0.2608793599835398,0.05557468529320354,0.07641369600926344,0.14422398210530418,0.05918579640431465,0.08942722744064477
332,332.0,335.4,0.05302654705324335,0.2598557520220479,0.25985351689467373,0.05519500583460535,0.08161601314270944,0.1435534512453311,0.05880611694571647,0.08809359686167248
333,333.0,336.4,0.052792221401716154,0.2633706367949558,0.26021287797290515,0.05496068018307816,0.08108928983036354,0.1420204242951026,0.05857179129418928,0.08698207822768914
334,334.0,337.4,0.052915374111075775,0.2618312279279607,0.2650158336379298,0.05508383289243777,0.08299815682543743,0.13955737010791047,0.05869494400354889,0.08390326049369898
335,335.0,338.4,0.05352262823504985,0.2599820151741119,0.27126642044478755,0.06666524047120113,0.08006223929478476,0.1363465165138312,0.059573737203227284,0.07258120266300613
336,336.0,339.4,0.05319204546951578,0.261167911654641,0.2692680866816215,0.06630821666917844,0.07950267498447966,0.13988320492609743,0.05921671340120459,0.07146114621326155
337,337.0,340.4,0.05311107284540736,0.26117742033433194,0.2716031942680419,0.06620164240656515,0.07942170236037124,0.13799465505753783,0.05911013913859131,0.07138017358915313
338,338.0,341.4,0.05308627125810578,0.26110301557242716,0.27345384280029206,0.06615203923196199,0.07808111129938543,0.14270781187198775,0.05906053596398814,0.06635537200185156
339,339.0,342.4,0.05282413755847206,0.26460232875924034,0.27257815598710533,0.06586586707078981,0.07758088236165649,0.14215721663389252,0.05877436380281596,0.06561704782602737
340,340.0,343.5,0.05867757013161089,0.2465774160954048,0.27879969454646514,0.06381720174183073,0.07796382051693249,0.14324084536746007,0.06157418332234173,0.06934926827795405
341,341.0,344.5,0.05824984568214732,0.24372450813380117,0.28881004651333886,0.06358710575086518,0.077311646603889,0.14301074937649452,0.061344087331376175,0.06396201060808769
342,342.0,345.5,0.0580333954656971,0.24242580683509987,0.2903251980284903,0.06337065553441497,0.07687874617098858,0.1443094506751958,0.061127637114925956,0.06352911017518727
343,343.0,346.5,0.05810441515093708,0.23325864173552172,0.2981975198204073,0.06341906101793626,0.0769853277338957,0.1452814762841459,0.06115342839672858,0.06360012986042725
344,344.0,347.5,0.05649198918617543,0.24216375735036455,0.29126293167737866,0.06313856085832255,0.07488803034308615,0.14599681960897729,0.06460914909361667,0.06144876188207856
345,345.0,348.5,0.05636697178155277,0.23473730439474588,0.3007739710991628,0.06303834504100148,0.07385261193595723,0.14544772116843147,0.06433532216518448,0.061447752413963844
346,346.0,349.5,0.055912910898011495,0.2336321203521281,0.30452215459549054,0.06276544357775006,0.0731756700686654,0.14511674769588853,0.06406242070193306,0.060812532110132725
347,347.0,350.5,0.05556905911034936,0.23859746480062666,0.30419143424764994,0.0626102075348933,0.07260887455805955,0.1452468496688351,0.060874096423782185,0.06030201365580391
348,348.0,351.5,0.05646631931581895,0.23289200121387016,0.31689522659374775,0.06353150620190134,0.07431999195896526,0.1355834911452077,0.063189625860021,0.05712183771046776
349,349.0,352.5,0.05618121234294339,0.22934867186327676,0.3162929526912567,0.06822445015088707,0.07377172709135285,0.1349910970783901,0.06435315804430085,0.05683673073759221
350,350.0,353.6,0.0561400903620317,0.23056695481467981,0.3160947102281784,0.06816201529700011,0.07376616698810831,0.13420504323588242,0.06426941031743862,0.05679560875668053
351,351.0,354.6,0.057110064150825,0.22741807045611395,0.3162110546458373,0.07308724669050752,0.07427414282577323,0.1347584501850806,0.06486045234958276,0.052280518696279546
352,352.0,355.6,0.057092520291175876,0.22736543887716656,0.3155268441195215,0.07306970283085841,0.074239055106475,0.13560055544823849,0.06484290848993365,0.052262974836630414
353,353.0,356.6,0.05267710097873139,0.21946785400589747,0.32705500266641574,0.07300210960537043,0.0725918737060041,0.13644964787627828,0.06656102955015997,0.05219538161114244
354,354.0,357.6,0.052645644464866415,0.22412235234889694,0.32909612000001015,0.07299469155304392,0.07230466965020736,0.13469576825412063,0.06637805240780068,0.04776270132105369
