Total_iterations,Unnamed: 0.1,Intertwine_two,Add_vertex,Delete_vertex,Invert_path_vertices,Insert_inside_vertex,Delete_inside_vertex,Replace_inside_vertex,Donate_between_routes
0,0.0,0.125,0.125,0.125,0.125,0.125,0.125,0.125,0.125
1,1.0,0.125,0.125,0.125,0.125,0.125,0.125,0.125,0.125
2,2.0,0.125,0.125,0.125,0.125,0.125,0.125,0.125,0.125
3,3.0,0.125,0.125,0.125,0.125,0.125,0.125,0.125,0.125
4,4.0,0.125,0.125,0.125,0.125,0.125,0.125,0.125,0.125
5,5.0,0.125,0.125,0.125,0.125,0.125,0.125,0.125,0.125
6,6.0,0.125,0.125,0.125,0.125,0.125,0.125,0.125,0.125
7,7.0,0.125,0.125,0.125,0.125,0.125,0.125,0.125,0.125
8,8.0,0.125,0.125,0.125,0.125,0.125,0.125,0.125,0.125
9,9.0,0.125,0.125,0.125,0.125,0.125,0.125,0.125,0.125
10,10.0,0.125,0.125,0.125,0.125,0.125,0.125,0.125,0.125
11,11.0,0.125,0.125,0.125,0.125,0.125,0.125,0.125,0.125
12,12.0,0.125,0.125,0.125,0.125,0.125,0.125,0.125,0.125
13,13.0,0.125,0.125,0.125,0.125,0.125,0.125,0.125,0.125
14,14.0,0.125,0.125,0.125,0.125,0.125,0.125,0.125,0.125
15,15.0,0.125,0.125,0.125,0.125,0.125,0.125,0.125,0.125
16,16.0,0.125,0.125,0.125,0.125,0.125,0.125,0.125,0.125
17,17.0,0.125,0.125,0.125,0.125,0.125,0.125,0.125,0.125
18,18.0,0.125,0.125,0.125,0.125,0.125,0.125,0.125,0.125
19,19.0,0.125,0.125,0.125,0.125,0.125,0.125,0.125,0.125
20,20.0,0.125,0.125,0.125,0.125,0.125,0.125,0.125,0.125
21,21.0,0.125,0.125,0.125,0.125,0.125,0.125,0.125,0.125
22,22.0,0.125,0.125,0.125,0.125,0.125,0.125,0.125,0.125
23,23.0,0.125,0.125,0.125,0.125,0.125,0.125,0.125,0.125
24,24.0,0.125,0.125,0.125,0.125,0.125,0.125,0.125,0.125
25,25.0,0.125,0.125,0.125,0.125,0.125,0.125,0.125,0.125
26,26.0,0.125,0.125,0.125,0.125,0.125,0.125,0.125,0.125
27,27.0,0.125,0.125,0.125,0.125,0.125,0.125,0.125,0.125
28,28.0,0.125,0.125,0.125,0.125,0.125,0.125,0.125,0.125
29,29.0,0.125,0.125,0.125,0.125,0.125,0.125,0.125,0.125
30,30.0,0.125,0.125,0.125,0.125,0.125,0.125,0.125,0.125
31,31.0,0.125,0.125,0.125,0.125,0.125,0.125,0.125,0.125
32,32.0,0.125,0.125,0.125,0.125,0.125,0.125,0.125,0.125
33,33.0,0.125,0.125,0.125,0.125,0.125,0.125,0.125,0.125
34,34.0,0.125,0.125,0.125,0.125,0.125,0.125,0.125,0.125
35,35.0,0.125,0.125,0.125,0.125,0.125,0.125,0.125,0.125
36,36.0,0.125,0.125,0.125,0.125,0.125,0.125,0.125,0.125
37,37.0,0.125,0.125,0.125,0.125,0.125,0.125,0.125,0.125
38,38.0,0.125,0.125,0.125,0.125,0.125,0.125,0.125,0.125
39,39.0,0.125,0.125,0.125,0.125,0.125,0.125,0.125,0.125
40,40.0,0.125,0.125,0.125,0.125,0.125,0.125,0.125,0.125
41,41.0,0.125,0.125,0.125,0.125,0.125,0.125,0.125,0.125
42,42.0,0.125,0.125,0.125,0.125,0.125,0.125,0.125,0.125
43,43.0,0.125,0.125,0.125,0.125,0.125,0.125,0.125,0.125
44,44.0,0.125,0.125,0.125,0.125,0.125,0.125,0.125,0.125
45,45.0,0.125,0.125,0.125,0.125,0.125,0.125,0.125,0.125
46,46.0,0.125,0.125,0.125,0.125,0.125,0.125,0.125,0.125
47,47.0,0.125,0.125,0.125,0.125,0.125,0.125,0.125,0.125
48,48.0,0.125,0.125,0.125,0.125,0.125,0.125,0.125,0.125
49,49.0,0.125,0.125,0.125,0.125,0.125,0.125,0.125,0.125
50,50.0,0.125,0.125,0.125,0.125,0.125,0.125,0.125,0.125
51,51.0,0.125,0.125,0.125,0.125,0.125,0.125,0.125,0.125
52,52.0,0.125,0.125,0.125,0.125,0.125,0.125,0.125,0.125
53,53.0,0.125,0.125,0.125,0.125,0.125,0.125,0.125,0.125
54,54.0,0.125,0.125,0.125,0.125,0.125,0.125,0.125,0.125
55,55.0,0.125,0.125,0.125,0.125,0.125,0.125,0.125,0.125
56,56.0,0.125,0.125,0.125,0.125,0.125,0.125,0.125,0.125
57,57.0,0.125,0.125,0.125,0.125,0.125,0.125,0.125,0.125
58,58.0,0.125,0.125,0.125,0.125,0.125,0.125,0.125,0.125
59,59.0,0.125,0.125,0.125,0.125,0.125,0.125,0.125,0.125
60,60.0,0.125,0.125,0.125,0.125,0.125,0.125,0.125,0.125
61,61.0,0.125,0.125,0.125,0.125,0.125,0.125,0.125,0.125
62,62.0,0.125,0.125,0.125,0.125,0.125,0.125,0.125,0.125
63,63.0,0.125,0.125,0.125,0.125,0.125,0.125,0.125,0.125
64,64.0,0.125,0.125,0.125,0.125,0.125,0.125,0.125,0.125
65,65.0,0.125,0.125,0.125,0.125,0.125,0.125,0.125,0.125
66,66.0,0.125,0.125,0.125,0.125,0.125,0.125,0.125,0.125
67,67.0,0.125,0.125,0.125,0.125,0.125,0.125,0.125,0.125
68,68.0,0.125,0.125,0.125,0.125,0.125,0.125,0.125,0.125
69,69.0,0.125,0.125,0.125,0.125,0.125,0.125,0.125,0.125
70,70.0,0.125,0.125,0.125,0.125,0.125,0.125,0.125,0.125
71,71.0,0.125,0.125,0.125,0.125,0.125,0.125,0.125,0.125
72,72.0,0.125,0.125,0.125,0.125,0.125,0.125,0.125,0.125
73,73.0,0.125,0.125,0.125,0.125,0.125,0.125,0.125,0.125
74,74.0,0.125,0.125,0.125,0.125,0.125,0.125,0.125,0.125
75,75.0,0.125,0.125,0.125,0.125,0.125,0.125,0.125,0.125
76,76.0,0.125,0.125,0.125,0.125,0.125,0.125,0.125,0.125
77,77.0,0.125,0.125,0.125,0.125,0.125,0.125,0.125,0.125
78,78.0,0.125,0.125,0.125,0.125,0.125,0.125,0.125,0.125
79,79.0,0.125,0.125,0.125,0.125,0.125,0.125,0.125,0.125
80,80.0,0.125,0.125,0.125,0.125,0.125,0.125,0.125,0.125
81,81.0,0.125,0.125,0.125,0.125,0.125,0.125,0.125,0.125
82,82.0,0.125,0.125,0.125,0.125,0.125,0.125,0.125,0.125
83,83.0,0.125,0.125,0.125,0.125,0.125,0.125,0.125,0.125
84,84.0,0.125,0.125,0.125,0.125,0.125,0.125,0.125,0.125
85,85.0,0.125,0.125,0.125,0.125,0.125,0.125,0.125,0.125
86,86.0,0.125,0.125,0.125,0.125,0.125,0.125,0.125,0.125
87,87.0,0.125,0.125,0.125,0.125,0.125,0.125,0.125,0.125
88,88.0,0.125,0.125,0.125,0.125,0.125,0.125,0.125,0.125
89,89.0,0.125,0.125,0.125,0.125,0.125,0.125,0.125,0.125
90,90.0,0.125,0.125,0.125,0.125,0.125,0.125,0.125,0.125
91,91.0,0.125,0.125,0.125,0.125,0.125,0.125,0.125,0.125
92,92.0,0.125,0.125,0.125,0.125,0.125,0.125,0.125,0.125
93,93.0,0.125,0.125,0.125,0.125,0.125,0.125,0.125,0.125
94,94.0,0.125,0.125,0.125,0.125,0.125,0.125,0.125,0.125
95,95.0,0.125,0.125,0.125,0.125,0.125,0.125,0.125,0.125
96,96.0,0.125,0.125,0.125,0.125,0.125,0.125,0.125,0.125
97,97.0,0.125,0.125,0.125,0.125,0.125,0.125,0.125,0.125
98,98.0,0.125,0.125,0.125,0.125,0.125,0.125,0.125,0.125
99,99.0,0.125,0.125,0.125,0.125,0.125,0.125,0.125,0.125
100,100.0,0.125,0.125,0.125,0.125,0.125,0.125,0.125,0.125
101,101.0,0.125,0.125,0.125,0.125,0.125,0.125,0.125,0.125
102,102.0,0.125,0.125,0.125,0.125,0.125,0.125,0.125,0.125
103,103.0,0.125,0.125,0.125,0.125,0.125,0.125,0.125,0.125
104,104.0,0.125,0.125,0.125,0.125,0.125,0.125,0.125,0.125
105,105.0,0.125,0.125,0.125,0.125,0.125,0.125,0.125,0.125
106,106.0,0.125,0.125,0.125,0.125,0.125,0.125,0.125,0.125
107,107.0,0.125,0.125,0.125,0.125,0.125,0.125,0.125,0.125
108,108.0,0.125,0.125,0.125,0.125,0.125,0.125,0.125,0.125
109,109.0,0.125,0.125,0.125,0.125,0.125,0.125,0.125,0.125
110,110.0,0.125,0.125,0.125,0.125,0.125,0.125,0.125,0.125
111,111.0,0.125,0.125,0.125,0.125,0.125,0.125,0.125,0.125
112,112.0,0.125,0.125,0.125,0.125,0.125,0.125,0.125,0.125
113,113.0,0.125,0.125,0.125,0.125,0.125,0.125,0.125,0.125
114,114.0,0.125,0.125,0.125,0.125,0.125,0.125,0.125,0.125
115,115.0,0.125,0.125,0.125,0.125,0.125,0.125,0.125,0.125
116,116.0,0.125,0.125,0.125,0.125,0.125,0.125,0.125,0.125
117,117.0,0.125,0.125,0.125,0.125,0.125,0.125,0.125,0.125
118,118.0,0.125,0.125,0.125,0.125,0.125,0.125,0.125,0.125
119,119.0,0.125,0.125,0.125,0.125,0.125,0.125,0.125,0.125
120,120.0,0.125,0.125,0.125,0.125,0.125,0.125,0.125,0.125
121,121.0,0.125,0.125,0.125,0.125,0.125,0.125,0.125,0.125
122,122.0,0.125,0.125,0.125,0.125,0.125,0.125,0.125,0.125
123,123.0,0.125,0.125,0.125,0.125,0.125,0.125,0.125,0.125
124,124.0,0.125,0.125,0.125,0.125,0.125,0.125,0.125,0.125
125,125.0,0.125,0.125,0.125,0.125,0.125,0.125,0.125,0.125
126,126.0,0.125,0.125,0.125,0.125,0.125,0.125,0.125,0.125
127,127.0,0.125,0.125,0.125,0.125,0.125,0.125,0.125,0.125
128,128.0,0.125,0.125,0.125,0.125,0.125,0.125,0.125,0.125
129,129.0,0.125,0.125,0.125,0.125,0.125,0.125,0.125,0.125
130,130.0,0.125,0.125,0.125,0.125,0.125,0.125,0.125,0.125
131,131.0,0.125,0.125,0.125,0.125,0.125,0.125,0.125,0.125
132,132.0,0.125,0.125,0.125,0.125,0.125,0.125,0.125,0.125
133,133.0,0.125,0.125,0.125,0.125,0.125,0.125,0.125,0.125
134,134.0,0.125,0.125,0.125,0.125,0.125,0.125,0.125,0.125
135,135.0,0.125,0.125,0.125,0.125,0.125,0.125,0.125,0.125
136,136.0,0.125,0.125,0.125,0.125,0.125,0.125,0.125,0.125
137,137.0,0.125,0.125,0.125,0.125,0.125,0.125,0.125,0.125
138,138.0,0.125,0.125,0.125,0.125,0.125,0.125,0.125,0.125
139,139.0,0.125,0.125,0.125,0.125,0.125,0.125,0.125,0.125
140,140.0,0.125,0.125,0.125,0.125,0.125,0.125,0.125,0.125
141,141.0,0.125,0.125,0.125,0.125,0.125,0.125,0.125,0.125
142,142.0,0.125,0.125,0.125,0.125,0.125,0.125,0.125,0.125
143,143.0,0.125,0.125,0.125,0.125,0.125,0.125,0.125,0.125
144,144.0,0.125,0.125,0.125,0.125,0.125,0.125,0.125,0.125
145,145.0,0.125,0.125,0.125,0.125,0.125,0.125,0.125,0.125
146,146.0,0.125,0.125,0.125,0.125,0.125,0.125,0.125,0.125
147,147.0,0.125,0.125,0.125,0.125,0.125,0.125,0.125,0.125
148,148.0,0.125,0.125,0.125,0.125,0.125,0.125,0.125,0.125
149,149.0,0.125,0.125,0.125,0.125,0.125,0.125,0.125,0.125
150,150.0,0.125,0.125,0.125,0.125,0.125,0.125,0.125,0.125
151,151.0,0.125,0.125,0.125,0.125,0.125,0.125,0.125,0.125
152,152.0,0.125,0.125,0.125,0.125,0.125,0.125,0.125,0.125
153,153.0,0.125,0.125,0.125,0.125,0.125,0.125,0.125,0.125
154,154.0,0.125,0.125,0.125,0.125,0.125,0.125,0.125,0.125
155,155.0,0.125,0.125,0.125,0.125,0.125,0.125,0.125,0.125
156,156.0,0.125,0.125,0.125,0.125,0.125,0.125,0.125,0.125
157,157.0,0.125,0.125,0.125,0.125,0.125,0.125,0.125,0.125
158,158.0,0.125,0.125,0.125,0.125,0.125,0.125,0.125,0.125
159,159.0,0.125,0.125,0.125,0.125,0.125,0.125,0.125,0.125
160,160.0,0.125,0.125,0.125,0.125,0.125,0.125,0.125,0.125
161,161.0,0.125,0.125,0.125,0.125,0.125,0.125,0.125,0.125
162,162.0,0.125,0.125,0.125,0.125,0.125,0.125,0.125,0.125
163,163.0,0.125,0.125,0.125,0.125,0.125,0.125,0.125,0.125
164,164.0,0.125,0.125,0.125,0.125,0.125,0.125,0.125,0.125
165,165.0,0.125,0.125,0.125,0.125,0.125,0.125,0.125,0.125
166,166.0,0.125,0.125,0.125,0.125,0.125,0.125,0.125,0.125
167,167.0,0.125,0.125,0.125,0.125,0.125,0.125,0.125,0.125
168,168.0,0.125,0.125,0.125,0.125,0.125,0.125,0.125,0.125
169,169.0,0.125,0.125,0.125,0.125,0.125,0.125,0.125,0.125
170,170.0,0.125,0.125,0.125,0.125,0.125,0.125,0.125,0.125
171,171.0,0.125,0.125,0.125,0.125,0.125,0.125,0.125,0.125
172,172.0,0.125,0.125,0.125,0.125,0.125,0.125,0.125,0.125
173,173.0,0.125,0.125,0.125,0.125,0.125,0.125,0.125,0.125
174,174.0,0.125,0.125,0.125,0.125,0.125,0.125,0.125,0.125
175,175.0,0.125,0.125,0.125,0.125,0.125,0.125,0.125,0.125
176,176.0,0.125,0.125,0.125,0.125,0.125,0.125,0.125,0.125
177,177.0,0.125,0.125,0.125,0.125,0.125,0.125,0.125,0.125
178,178.0,0.125,0.125,0.125,0.125,0.125,0.125,0.125,0.125
179,179.0,0.125,0.125,0.125,0.125,0.125,0.125,0.125,0.125
180,180.0,0.125,0.125,0.125,0.125,0.125,0.125,0.125,0.125
181,181.0,0.125,0.125,0.125,0.125,0.125,0.125,0.125,0.125
182,182.0,0.125,0.125,0.125,0.125,0.125,0.125,0.125,0.125
183,183.0,0.125,0.125,0.125,0.125,0.125,0.125,0.125,0.125
184,184.0,0.125,0.125,0.125,0.125,0.125,0.125,0.125,0.125
185,185.0,0.125,0.125,0.125,0.125,0.125,0.125,0.125,0.125
186,186.0,0.125,0.125,0.125,0.125,0.125,0.125,0.125,0.125
187,187.0,0.125,0.125,0.125,0.125,0.125,0.125,0.125,0.125
188,188.0,0.125,0.125,0.125,0.125,0.125,0.125,0.125,0.125
189,189.0,0.125,0.125,0.125,0.125,0.125,0.125,0.125,0.125
190,190.0,0.125,0.125,0.125,0.125,0.125,0.125,0.125,0.125
191,191.0,0.125,0.125,0.125,0.125,0.125,0.125,0.125,0.125
192,192.0,0.125,0.125,0.125,0.125,0.125,0.125,0.125,0.125
193,193.0,0.125,0.125,0.125,0.125,0.125,0.125,0.125,0.125
194,194.0,0.125,0.125,0.125,0.125,0.125,0.125,0.125,0.125
195,195.0,0.125,0.125,0.125,0.125,0.125,0.125,0.125,0.125
196,196.0,0.125,0.125,0.125,0.125,0.125,0.125,0.125,0.125
197,197.0,0.125,0.125,0.125,0.125,0.125,0.125,0.125,0.125
198,198.0,0.1247222222222222,0.1247222222222222,0.1247222222222222,0.1269444444444444,0.1247222222222222,0.1247222222222222,0.1247222222222222,0.1247222222222222
199,199.0,0.1241347222222222,0.1250375,0.1240305555555555,0.1284527777777777,0.1240305555555555,0.1240305555555555,0.1251416666666666,0.1251416666666666
200,200.0,0.1235416367411225,0.1253403122852233,0.1234385117411225,0.1299156411798396,0.1233354189576174,0.1233354189576174,0.1255465300687285,0.1255465300687285
201,201.0,0.1228094551526229,0.1254890484197407,0.1250325619411716,0.1300719273417374,0.1225041962306262,0.1225041962306262,0.1257943073417374,0.1257943073417374
202,202.0,0.121985605788227,0.1255219320212348,0.1264014053113279,0.1300759812602865,0.1215840583491753,0.1215840583491753,0.1269234794602865,0.1259234794602865
203,203.0,0.1209576959393705,0.125320421527195,0.127433167030172,0.1298131876408383,0.1204633002277272,0.1204633002277272,0.1297341101681313,0.1258148172388384
204,204.0,0.1198874713590486,0.1250410320581757,0.128288358857768,0.1283328086683366,0.1204153631886677,0.1193042520775566,0.1331064624507789,0.1256242513396678
205,205.0,0.1184134614165925,0.1264248004671773,0.1297741558505345,0.126392876467853,0.1208438031830787,0.1186396365164121,0.1347362518421052,0.1247750142562466
206,206.0,0.1169000032077514,0.1277046182730311,0.1310352856259232,0.1252789683186988,0.1212078298330866,0.1178406290755108,0.1361925684627465,0.1238400972032515
207,207.0,0.1152813276564038,0.127682122762034,0.1320028157291299,0.1250519441295558,0.1221526684490557,0.117683204471783,0.1373933479387164,0.1227525688633214
208,208.0,0.1143720608902314,0.1272756878588984,0.1333773166072265,0.1243062715272002,0.1233502222376631,0.1188519037646736,0.13714005382764,0.1213264832864667
209,209.0,0.1131444539324776,0.126461871085969,0.1342411926607897,0.1232290276567323,0.125664709345224,0.1211181451873095,0.136505634754341,0.1196349653771568
210,210.0,0.1120388970701746,0.1245679974550321,0.1360929030189822,0.1221171675528226,0.1279926730904716,0.1246450225608228,0.1357381223254786,0.1168072169262155
211,211.0,0.110959981291326,0.1226328002042204,0.1385258990974223,0.120990810255877,0.1306578112342195,0.1273719324245793,0.1348640398169205,0.113996725675435
212,212.0,0.1097185289480724,0.1221491276373935,0.1405980820036607,0.1186935048890044,0.1327968911523164,0.1311542997336144,0.1337812399401766,0.1111083256957617
213,213.0,0.1085236194756979,0.1216570752672325,0.1424394216154653,0.1163787392262862,0.1348105001625186,0.1360994044209591,0.1318003185347292,0.1082909212971112
214,214.0,0.1071283810151718,0.1214915682644391,0.145875422199495,0.1138547402872673,0.1361868825988471,0.1406248550352425,0.1295267303008363,0.105311420298701
215,215.0,0.1049224361048164,0.1232218522603436,0.1501388099402685,0.1113198772713211,0.137169379647267,0.1444547317586736,0.1263681150585834,0.1024047979587264
216,216.0,0.1026766841608993,0.1246879624502696,0.1540038534531686,0.1097514427737748,0.1387639934701706,0.1467880025462538,0.1238174591885384,0.0995106019569248
217,217.0,0.1006160120901484,0.1253005985898479,0.1556814619468691,0.1090592534624102,0.1398799613979532,0.1501849164331733,0.1224472537038322,0.0968305423757657
218,218.0,0.0984610658241954,0.1273880288417995,0.1567425508469711,0.1081103753560299,0.1405410750580462,0.1537614903114025,0.1208797590071223,0.0941156547544329
219,219.0,0.09612457061912,0.1320708053430712,0.1569551886518655,0.1069219509915993,0.1401286550968612,0.1581601127653878,0.1183649939121064,0.0912737226199885
220,220.0,0.0938470623006729,0.1374286762735748,0.1574526090948106,0.1056166476664178,0.1385502551706658,0.1629198766378951,0.1157523466816486,0.0884325261743142
221,221.0,0.0915977306599278,0.1421199776706997,0.1585035422441171,0.1041665259485615,0.1365305424894002,0.167911524942827,0.1136011841532771,0.0855689718911895
222,222.0,0.0894082797472809,0.1469958665070114,0.159174984912704,0.1027079776009298,0.1343718348269834,0.1731232620160514,0.1113974528676173,0.0828203415214218
223,223.0,0.0881342185533573,0.1513477527970908,0.159531999495491,0.1013265861048378,0.1321799905432323,0.1778970447099136,0.1093094070336265,0.0802730007624506
224,224.0,0.0869517111470994,0.1554209385169073,0.1601633673117911,0.0993888018982707,0.1299348378716272,0.1821307645502885,0.1073534577454897,0.0786561209585259
225,225.0,0.0867297959024616,0.1588577456110674,0.1615778810222237,0.097454562511117,0.1268237280513856,0.1858141838101561,0.105515144032982,0.0772269590586064
226,226.0,0.0866040449623278,0.1624102861722513,0.1626874225058547,0.0955900875612478,0.1236259266450007,0.1893412873731623,0.103780497682265,0.0759604470978902
227,227.0,0.0864547756777773,0.1659175171227763,0.1639871106724833,0.0936953370111769,0.1202712730931511,0.1942114966608761,0.1007208282875663,0.0747416614741925
228,228.0,0.0868503570845378,0.1691515110126298,0.1653321540633789,0.0917582985176626,0.1166581121656327,0.1991434282031527,0.0975666489726642,0.0735394899803411
229,229.0,0.0865899417303216,0.1732539917893838,0.1665252823480693,0.089912345155898,0.1128898070804808,0.2035515087399069,0.0946150541649693,0.07266206899097
230,230.0,0.0864608504817025,0.1770029182806685,0.1674350486088704,0.08805063796881,0.1092370145072663,0.2080818984336924,0.0918141891362228,0.0719174425827667
231,231.0,0.0864524550771008,0.1815204889711783,0.1682275351915563,0.0864077415835251,0.1058268759539031,0.2117928973445624,0.0883700634831017,0.0714019423950719
232,232.0,0.0876195428792496,0.1861395006902826,0.1681296986725363,0.0851095701782401,0.1028005936984639,0.2136409241417102,0.0853309926372808,0.0712291771022359
233,233.0,0.0885964470503894,0.1903177502051151,0.1690546149674974,0.0850305453501392,0.0989127622994309,0.2147044526500769,0.0823505957786182,0.0710328316987325
234,234.0,0.0895100444068911,0.1964621942799259,0.1698995097652511,0.084991735810281,0.0951053065743427,0.2136611118144764,0.079502742182361,0.0708673551664705
235,235.0,0.0889979721089378,0.2031277726809728,0.1717001421669043,0.084983006293738,0.0914424210222134,0.2122277179483572,0.0767972531278283,0.0707237146510477
236,236.0,0.0883908788081402,0.2088343657773302,0.1732276115726526,0.0855489481401209,0.0879055542339275,0.2104168870460916,0.0742062238040521,0.0714695306176845
237,237.0,0.0877433439957011,0.2148235621095896,0.1743630697484282,0.0860060867972143,0.084556479458894,0.2067375332452543,0.0736164583224384,0.0721534663224797
238,238.0,0.086534770162841,0.2191142918856428,0.1759538542501039,0.0868971615545008,0.0820592774159561,0.2029376370022912,0.0734218417147498,0.0730811660139139
239,239.0,0.0851717409338102,0.2236927330448577,0.1783794189578315,0.0874977113340204,0.0795704007362263,0.1986561434181329,0.0732308915512424,0.0738009600238782
240,240.0,0.0846170190295232,0.2280504153250361,0.1802743114543333,0.0876823896051812,0.0771918613138917,0.1944839364258648,0.0729788375781405,0.0747212292680286
241,241.0,0.0839599654511173,0.2327923731496915,0.1821577067510434,0.0874134519626856,0.0749300567148487,0.1902304908828495,0.0729395685708515,0.075576386516912
242,242.0,0.0833138349183812,0.2374388450960266,0.1836813601492744,0.0871338927305008,0.0728826449111555,0.186145272691438,0.0730080977333264,0.0763960517698966
243,243.0,0.0826493484819861,0.2419936358884614,0.185361576431264,0.0867451855244451,0.071014012791225,0.1820652569311826,0.0730220329371074,0.0771489510143279
244,244.0,0.0827965552241129,0.245506065448864,0.1863327655199602,0.0867668559216311,0.0694173929503046,0.1788790301119355,0.0723246787221502,0.0779766561010409
245,245.0,0.0827768492853658,0.2483733236963327,0.1881523321846634,0.0865987120848261,0.0685910854399444,0.1751626632808654,0.0716511736925329,0.0786938603354689
246,246.0,0.0826825678174857,0.251040900614233,0.1894926447758859,0.0863813354379912,0.0678327124821376,0.1722516834085765,0.0710046727879688,0.0793134826757208
247,247.0,0.0825728898722163,0.2540459939732035,0.1904644088819796,0.0861468023141286,0.0671932417031613,0.1692986789914385,0.0704138166123585,0.0798641676515133
248,248.0,0.0827815770376613,0.2568827708845567,0.1907747674820611,0.0853713032542185,0.0669420734994262,0.1663171225774896,0.0706433799063164,0.0802870053582698
249,249.0,0.082822800952317,0.2597223333305276,0.1917096432411637,0.0845230092875972,0.0666855110930036,0.1631808791575706,0.070789228983963,0.0805665939538569
250,250.0,0.083303438823812,0.2626242927320059,0.1918499898303443,0.083562108945137,0.0665940479742588,0.1603224923276935,0.0709727547349421,0.080770874631806
251,251.0,0.0835896260172275,0.264744495046983,0.1922199958952296,0.0825308565582099,0.0664693969915212,0.1580905369187198,0.0710536702743234,0.0813014222977851
252,252.0,0.0837322601001423,0.2666088619425263,0.1935629104974212,0.0819558378539344,0.0663689451936073,0.1566154743134776,0.0702646181806282,0.0808910919182622
253,253.0,0.0836466909356384,0.2687320674261653,0.1953217627272127,0.0812641133353429,0.0666374928142027,0.1548808122575245,0.0693487404665617,0.0801683200373514
254,254.0,0.0835137300305348,0.2705703492139932,0.1971717872008983,0.0805734273480411,0.066976244682829,0.1533556499512296,0.0684624384262122,0.0793763731462614
255,255.0,0.0837711477114611,0.2720505188739479,0.1986823765695353,0.0798998721167895,0.0673844443928538,0.1520524713149795,0.0676224181812357,0.0785367508391969
256,256.0,0.0839653458802872,0.2734392944007304,0.1999871884267133,0.0792614840555777,0.0678157457669859,0.151025164355821,0.0668304656918269,0.0776753114220571
257,257.0,0.0840949359385215,0.2750741297497114,0.2014718740015339,0.078717614058264,0.0681378881432022,0.1494996333717211,0.066261090614284,0.0767428341227613
258,258.0,0.0838129402401713,0.2765686287253002,0.2037470960900547,0.0782155793935251,0.0684685473990182,0.1482552238328199,0.0651206374742495,0.0758113468448606
259,259.0,0.0837508844363016,0.2771851765174556,0.2061252926505002,0.0773281695875794,0.069143539058556,0.147623911120366,0.0643813020914323,0.0744617245378086
260,260.0,0.0833169422676265,0.2780717862828783,0.2081318433250299,0.0764895778782567,0.0698845277666075,0.1466716432004167,0.0642930752713982,0.0731406040077858
261,261.0,0.082998151654361,0.2783387509917712,0.2101299938280564,0.0757047023317572,0.0706151194082617,0.1460898309245005,0.0642637106201327,0.0718597402411589
262,262.0,0.0831391637119857,0.2779299356730855,0.2110978676233346,0.0747506641460092,0.0716149054701386,0.1461944328903461,0.0648714707057504,0.0704015597793495
263,263.0,0.0831624441546847,0.2779010519015349,0.2117166306045304,0.0737492526644581,0.0727565866419024,0.1464091935357867,0.0654111113007087,0.0688937291963936
264,264.0,0.0837305147058384,0.2772698984856176,0.2127449917119839,0.0728065154106011,0.0734135922081569,0.1466129489686474,0.0659775912182367,0.0674439472909177
265,265.0,0.0842683778312097,0.2765985666057313,0.2144046240191764,0.0718004190239929,0.0740032193474062,0.1463262994678578,0.0665480795277985,0.0660504141768269
266,266.0,0.0847726203225895,0.2760465588573649,0.2156890076427106,0.0708466515625875,0.0747806250667955,0.1454724878175512,0.0676713172434637,0.0647207314869367
267,267.0,0.0850662108314505,0.2755895341704326,0.2171707864288131,0.0699422891748758,0.0756364250416815,0.1443666035667609,0.0687735684138622,0.0634545823721229
268,268.0,0.0854388623026929,0.2768832010963737,0.2164222278865657,0.0686484488661953,0.077079529760411,0.1436440724968128,0.0692325934003169,0.0626510641906311
269,269.0,0.0857093529356643,0.2778256608610493,0.2158192520766191,0.0673919095733516,0.0784341979155621,0.1432929203517887,0.0696363140162764,0.061890392269688
270,270.0,0.0858502687974671,0.2784398019686653,0.2159553623492202,0.0662738065913617,0.079678136375723,0.1427051868030419,0.0699393936203307,0.0611580434941895
271,271.0,0.0858519505075495,0.2792225906865361,0.2163163732310762,0.0651838091052277,0.0808012116109597,0.1420305510639495,0.0701400984027985,0.0604534153919023
272,272.0,0.0856872744272213,0.2806605890945273,0.2165309092577596,0.0642193815317348,0.081764001227182,0.1411515590370772,0.0702260183663498,0.0597602670581476
273,273.0,0.085358045684409,0.281757361127933,0.2164500638649261,0.0632129550106243,0.0825249374055654,0.1405184852027465,0.0711634463188411,0.059014705384954
274,274.0,0.0849398217006707,0.2830719130051767,0.2165385227875776,0.0622565779721599,0.0834307906548111,0.1394414071831166,0.0720139964304991,0.0583069702659878
275,275.0,0.0847204222412474,0.2842138656488083,0.2170193419132522,0.0612576286137519,0.0840864100862106,0.1382406804086688,0.0728124829913935,0.057649168096667
276,276.0,0.0843995101197175,0.2852192734166346,0.2173395940887599,0.0602999040787875,0.0845583001504708,0.1376422379697784,0.0735245790077017,0.0570166011681491
277,277.0,0.0840490913528212,0.2862527364477458,0.2173643517814571,0.059656166008385,0.0849033950991492,0.1371511841803266,0.0741810142137369,0.0564420609163778
278,278.0,0.0832674458935333,0.287066902611497,0.2178168973597975,0.0590244683597851,0.0852184177874619,0.1367768397123572,0.0743784022506624,0.0564506260249052
279,279.0,0.0820266565784027,0.287738535596524,0.2188653970016452,0.0584498222465176,0.085676474561969,0.1362622409709386,0.074502546938466,0.0564783261055365
280,280.0,0.0807376821498297,0.2882851372857309,0.2199956830791473,0.0579068169796992,0.0864045242598821,0.1356409638973497,0.0745374499552159,0.0564917423931448
281,281.0,0.0794528016160243,0.2888601525251032,0.2210017189709048,0.0575256138297794,0.0870093020524273,0.1351154112740176,0.074508470629165,0.0565265291025782
282,282.0,0.0782092991850053,0.2896181112162393,0.2216837186543439,0.0569747869697007,0.08759027485857,0.1345386232895785,0.0747861521652893,0.0565990336612727
283,283.0,0.0766807371578854,0.2909779916127612,0.2223628786828076,0.0564852558188674,0.0877117492830856,0.1340732894379538,0.0750093756470522,0.0566987223595864
284,284.0,0.0749253453886424,0.2923089036503714,0.2230223480103169,0.0560228224831581,0.0879613080561196,0.1338406837596152,0.0751479831497812,0.0567706055019949
285,285.0,0.0732085162363626,0.2939889612981057,0.2234718405460201,0.055595044786477,0.0880571064232582,0.1336295916832449,0.0752243708877667,0.0568245681387647
286,286.0,0.0715574372621405,0.2957761639913105,0.2237348237088376,0.0551005056042426,0.0882542931647729,0.1333399296929416,0.0753689836024825,0.0568678629732716
287,287.0,0.0700750737894339,0.2974999131691999,0.2240404234807557,0.0546422330570676,0.0883211978801119,0.1330688118867664,0.0754554711095186,0.0568968756271458
288,288.0,0.0684348421771459,0.2990888003992749,0.2238522541049107,0.0543012884083585,0.0887317691592188,0.1330299119135634,0.0755684966331514,0.0569926372043761
289,289.0,0.0668906449414468,0.3004661085132682,0.2232370931049596,0.0540128399226232,0.0892596771245866,0.1337156552160356,0.0753295826835867,0.0570883984934931
290,290.0,0.0654368901604027,0.301742159995068,0.2228556270343681,0.0537630920117897,0.0896628473403912,0.1342925518588748,0.0750552044716533,0.0571916271274519
291,291.0,0.0640600064206285,0.3027811965012623,0.2227527636060822,0.0535316073817462,0.0899760375889895,0.1349067354347186,0.0747325874899772,0.0572590655765952
292,292.0,0.0627646626732681,0.3035920693848156,0.2226081803786617,0.0533174617685871,0.0902032933219034,0.1358543655819717,0.0743683690032225,0.0572915978875696
293,293.0,0.0615643478035579,0.3044169461113346,0.2225828413421963,0.0531297521737598,0.0903693022997315,0.1366572887212158,0.0739790407937689,0.0573004807544349
294,294.0,0.0605262745625712,0.304902375932591,0.2224338366109874,0.0530071624872932,0.0905280843418086,0.1377697925389318,0.073515724658541,0.0573167488672755
295,295.0,0.0595885705987778,0.3052351307560121,0.2222015319254635,0.052917644404449,0.0907443243389314,0.1389323393255586,0.0730450314134221,0.0573354272373854
296,296.0,0.0587521519492206,0.3052062833734524,0.2219307111071205,0.0528544841278712,0.0908614062570857,0.1404738975151153,0.0725716305297982,0.0573494351403357
297,297.0,0.0581144859705166,0.3041417645246386,0.2221780495636613,0.0529149091812441,0.0921330164713719,0.1418623286649568,0.0711997584819013,0.057455687141709
298,298.0,0.057625906446923,0.3027096223338279,0.222708516096062,0.0530432583470978,0.0933233366337338,0.1432116964261531,0.0698942011679943,0.0574834625482076
299,299.0,0.057217920639979,0.3011886174206609,0.2236641423992388,0.0531788635772868,0.0942145517547634,0.144434797670739,0.0686052638968104,0.0574958426405213
300,300.0,0.0568952798938211,0.299914348062454,0.22489811456927,0.0533283740708078,0.0950316327099977,0.1453794020952806,0.0673529048945212,0.0571999437038472
301,301.0,0.0566257865698331,0.2984854957232443,0.2264530809220663,0.0534620146563931,0.0957350278045599,0.1462465837351936,0.0661191003842609,0.0568729102044487
302,302.0,0.057729327507174,0.2944342041589091,0.2281525893656623,0.0537914314560055,0.0968729848227581,0.147161384423216,0.0651257284989542,0.0567323497673206
303,303.0,0.058889704513986,0.2903119610756188,0.2300837724935397,0.0541258933238944,0.0979904726631489,0.1478143817977418,0.0641908203386072,0.0565929937934628
304,304.0,0.0600681854972651,0.2863443461647028,0.2316587934459385,0.0544401064185649,0.0978915765889678,0.1487549397148861,0.0632964338963389,0.0575456182733357
305,305.0,0.0601596593481997,0.2813496928844831,0.2344036914625932,0.055863659807282,0.0979719241801139,0.1492933817458978,0.062467056074543,0.058490934496887
306,306.0,0.0601555954107116,0.2762221727822651,0.2371142605606553,0.0581550672959506,0.0978771161246299,0.1495838770407553,0.0615881631585868,0.059303747626445
307,307.0,0.0601686219873037,0.2714981833590439,0.2395603133706652,0.0604076632839746,0.0975064277297973,0.1499881289149163,0.0607765294713317,0.0600941318829671
308,308.0,0.0602081003796609,0.2672027086117352,0.2419150295357727,0.0626140035803972,0.0967805154518983,0.1503672694648459,0.0600447460456391,0.0608676269300505
309,309.0,0.0602575483732918,0.2629338476310014,0.2440712507219071,0.0647432081024228,0.0960176321607396,0.1509951354742167,0.0593787034406183,0.0616026740958021
310,310.0,0.0603002274430887,0.2589957096293103,0.246280655535341,0.0657664512972269,0.0952037714255739,0.1524075597885601,0.0587632409152082,0.0622823839656908
311,311.0,0.0603470372548088,0.2552066535691872,0.2483209273291184,0.0666947464296554,0.0945415787071841,0.1535544759912632,0.058418437984107,0.0629161427346758
312,312.0,0.0604062661197147,0.2513186367825231,0.2502547463033677,0.0675374748381937,0.0938909989544787,0.1545975775066986,0.0581380945000867,0.0638562049949367
313,313.0,0.0603742424930962,0.2488274251101099,0.2513396231054384,0.068192928560403,0.0931451944900877,0.1556537531439542,0.0578164755004961,0.0646503575964146
314,314.0,0.0603495401412033,0.2464062900489964,0.2521431909029062,0.0689584872398978,0.0924102741106547,0.156785963994683,0.0575498049084797,0.0653964486531789
315,315.0,0.0605076026025086,0.2448241805474622,0.2530306932030866,0.0698303291974033,0.0912380465222846,0.1571604249382663,0.0574630491840198,0.0659456738049687
316,316.0,0.0610006203130965,0.2432832444639135,0.253809998810914,0.0705988514801773,0.0900785273360231,0.1574042590971139,0.0574091730198253,0.0664153254789363
317,317.0,0.0625788006347775,0.2421202610726077,0.2543022867827794,0.0701547222971716,0.0889414019367153,0.157710352448733,0.0573845597969293,0.0668076150302863
318,318.0,0.0639322683494279,0.2409503448224385,0.2555825254365337,0.0695419818706097,0.0878430775345606,0.1577950611885371,0.0573048631372464,0.0670498776606461
319,319.0,0.0649087745001156,0.2398723288701202,0.2571192322270914,0.0688523995185905,0.0867312025930364,0.1577108639048699,0.0572451691405297,0.0675600292456464
320,320.0,0.0654770620154911,0.2393291465759628,0.2585289754834469,0.0681517786600481,0.0857056019338325,0.1576577037232425,0.0572673751780039,0.0678823564299723
321,321.0,0.0659780965776758,0.2391397793192852,0.2596413930741971,0.0673894833018699,0.0848038395195037,0.1574745958130448,0.0574321699244151,0.0681406424700085
322,322.0,0.0663779650622645,0.2391181847028746,0.2608127437566854,0.0665438244918961,0.0838990960607325,0.156887124106008,0.0576981313383222,0.0686629304812166
323,323.0,0.0656387613780681,0.2394579686332396,0.2625657551631578,0.0657600222300566,0.0829109078531119,0.1559801883137833,0.0578763189150544,0.0698100775135283
324,324.0,0.0648243662285454,0.2398050650533691,0.2640143244093846,0.0649194249757691,0.0819087650523636,0.1549653281491988,0.0580213860479257,0.0715413400834436
325,325.0,0.0639409060353971,0.2409331929928976,0.2652319235570877,0.064032026170592,0.0808850004022565,0.1537899653095412,0.0581283797567152,0.0730586057755128
326,326.0,0.0630545341290358,0.242392411033387,0.266096778908109,0.0630189909298285,0.0798993998524332,0.1524790211948491,0.0582563182154627,0.0748025457368946
327,327.0,0.0621690484622783,0.2440455266174712,0.2669248142281256,0.0620242452663451,0.0787914424406065,0.1513299722030201,0.0583823981245952,0.0763325526575579
328,328.0,0.0612879142030403,0.2458356162875667,0.2676479299446259,0.0610523455693201,0.0777537910309544,0.1494828209537283,0.0585081552062442,0.0784314268045201
329,329.0,0.0603773887261011,0.2473787273759402,0.2676239868423747,0.0598991158865931,0.0769259786101796,0.14895038332691,0.0585902453452803,0.0802541738866207
330,330.0,0.0594885221523926,0.2487704956267212,0.2674583583161772,0.0591162781054114,0.0761767487570169,0.1483166768630557,0.0586683952202096,0.0820045249590152
331,331.0,0.058579285938006,0.250008037847551,0.2676493367871149,0.058325680226554,0.0754535665589176,0.1474960048183139,0.0586932761718152,0.0837948116517272
332,332.0,0.0576736544982207,0.2511249286140732,0.2676509333340364,0.0575486642403889,0.0753325355884764,0.1466576266649188,0.0586826262847255,0.0853290307751599
333,333.0,0.0567886825628114,0.2525689270153137,0.2676103321696954,0.0568023807036299,0.075233770159387,0.1457187418776444,0.0586508437278019,0.0866263217837162
334,334.0,0.055964558480268,0.2538226017875271,0.267980112146323,0.0561246237862771,0.0753943231694236,0.1445904569745529,0.0586337641731705,0.0874895594824576
335,335.0,0.0552530803746845,0.2548460740685385,0.2689083300208896,0.0566623754095976,0.0753212674619515,0.1432035843336962,0.0587068836922738,0.0870984046383679
336,336.0,0.0545623872817096,0.2559371481805575,0.269567473635922,0.0572106781409998,0.0752469706125244,0.1422404971199531,0.0587456574143741,0.0864891876139592
337,337.0,0.0539189628174993,0.2569723733840846,0.2703912197785502,0.0577844685582823,0.0752145632293488,0.1411612907187899,0.0587746068978713,0.0857825146155735
338,338.0,0.053329321741259,0.2579386860605708,0.2713297759050355,0.058380091354859,0.0750934088697023,0.1406296542825754,0.0587990564379657,0.084500005348032
339,339.0,0.0527700008978479,0.2591899420832084,0.2721081484065062,0.0589652541344318,0.0749642240765444,0.140116903542067,0.0587950586031937,0.0830904682562004
340,340.0,0.052852496762698,0.258567705103959,0.2734355375895718,0.059356040232515,0.0749124181610811,0.1397841938798844,0.0590712355558476,0.0820203727144429
341,341.0,0.0529422213298058,0.2576024981363886,0.2756848646205871,0.0597293497367866,0.0748310894694182,0.1394963120996992,0.0593218146918046,0.0803918499155097
342,342.0,0.0530544046620813,0.2564651618356792,0.2779920259189435,0.0600822608291267,0.0747394091749763,0.1394022330001707,0.0595459136189165,0.0787185909601055
343,343.0,0.0532122615376893,0.2543844491050772,0.2809790349877515,0.0604376053076378,0.0746889484362294,0.1394638365482403,0.0597659990164576,0.0770678650609165
344,344.0,0.0532420116653929,0.2531910611353241,0.2831460691837023,0.0607591798794395,0.0744567678252529,0.1396489904713451,0.0603235222377362,0.0752323976018067
345,345.0,0.0532887848150717,0.2512640936291348,0.2861286725271733,0.0610623692221176,0.0741485760598395,0.1398241974494612,0.0608407667126024,0.0734425395845991
346,346.0,0.0533162564310933,0.2492540365769588,0.2893342868716498,0.0613277092423917,0.0738005496429995,0.1400050216197011,0.0613139421481827,0.0716481974670228
347,347.0,0.0533325622514156,0.247785300512602,0.292338146424133,0.0615653689997063,0.0734243975210395,0.1402318908309735,0.0614484523979274,0.0698738810622024
348,348.0,0.0534593284788421,0.2458010133388854,0.2964305321342129,0.0618818410333421,0.0732488171217363,0.1395198868571346,0.0617953210065801,0.0678632600292664
349,349.0,0.0535749772946081,0.243531731826231,0.300258098827631,0.0626524569101984,0.0730466800239744,0.1387804799168785,0.0622377990213298,0.0659177761791484
350,350.0,0.0537010113811897,0.2414693761603528,0.3038434331440357,0.0633954876463874,0.0728714510963381,0.1379985144580124,0.0626488080521481,0.0640719180615356
351,351.0,0.0539358302278009,0.2391893434117491,0.3072043812414073,0.0646044037248143,0.0727734898041496,0.1373121515277314,0.0630940264057519,0.0618863736565953
352,352.0,0.0541771551430163,0.2370143380505547,0.3102508802104544,0.0657755022390905,0.0726968223994663,0.1367530984033678,0.0635106327974687,0.059821570756581
353,353.0,0.0539819592869473,0.2341705857466189,0.3141983047763769,0.066895673585308,0.0724785259222744,0.1363233344046932,0.0640707134129611,0.0578809028648199
354,354.0,0.0537900887820165,0.2319296311899695,0.3180836655979671,0.0679641503518717,0.0722544721650593,0.1357624219783862,0.0645813914140403,0.0556341785206892
355,355.0,0.0540225443009908,0.2296945061603811,0.3216479908387946,0.0689404538181597,0.0720270187321102,0.1351486991592321,0.0650093511753322,0.0535094358149992
356,356.0,0.0543057222466882,0.226941112007746,0.3257558299236462,0.0699482634822517,0.0713685350843297,0.1346280744384423,0.0654493189031813,0.0516031439137144
357,357.0,0.0545716057389841,0.2242731405379761,0.3295488437581013,0.0708509920796553,0.0710124013867701,0.1342469953792963,0.0656811627289194,0.0498148583902972
358,358.0,0.0547779137663586,0.2215233106020324,0.332808466339086,0.0720861959242535,0.070590162722083,0.1342825785128014,0.0658088231528602,0.0481225489805249
359,359.0,0.0555672418006406,0.2183568866160636,0.3363347576491863,0.0732728085265678,0.0703607772128633,0.1335506903259571,0.0659426242292032,0.0466142136395181
360,360.0,0.056255913095866,0.2151317675199029,0.3393685244220082,0.0732133738319054,0.0705438118606493,0.1338933329021175,0.0663860759955271,0.0452072003720233
361,361.0,0.0569252539339078,0.2122233130212709,0.3424211114288311,0.0730842393212537,0.0707126195906539,0.1338801226722723,0.0667987565965374,0.0439545834352727
362,362.0,0.0570929001468256,0.2096121530293132,0.3450116367163232,0.0728884300546046,0.071280512783116,0.1339614757123053,0.0673008555210403,0.0428520360364717
363,363.0,0.0571940597513099,0.2068739001761287,0.3478922237760338,0.0726142148932627,0.0718154726488156,0.1339954218940915,0.0677393415551632,0.0418753653051942
364,364.0,0.0572773516036169,0.20402667070098,0.351002636989287,0.0723083024033422,0.0721671933699459,0.1338762149499316,0.0681870142476405,0.0411546157352556
365,365.0,0.0573231596496613,0.2013572672941834,0.3538430995878258,0.0719489777872675,0.0725147342113528,0.133878894227302,0.0685687479506907,0.0405651192917163
366,366.0,0.0573456107524551,0.1998249534384296,0.3557326591839219,0.0716040158292024,0.0729168690443957,0.1338881670467213,0.068540183126723,0.0401475415781506
367,367.0,0.0572514569535241,0.1980825385638224,0.3567382261402612,0.0717611818013615,0.0727349629163344,0.1346988736242789,0.0686719094097186,0.0400608505906986
368,368.0,0.0571389310566914,0.1966528237329476,0.3574781380652269,0.0718887840334527,0.072520512464672,0.1354857539302824,0.0687595218883816,0.0400755348283451
369,369.0,0.057012507914852,0.1959487502996588,0.3576286203061832,0.0719917275900654,0.0722788294533761,0.1361439368259894,0.0688130052441655,0.0401826223657093
370,370.0,0.0568746466660796,0.1953693623629138,0.3576717365396301,0.072071254085336,0.0720133006079151,0.1367934394562601,0.0688348479201099,0.0403714123617552
371,371.0,0.0567710604352301,0.1948516093222582,0.3575565220740651,0.0721769846670049,0.0717680754604659,0.1374831698224999,0.0687394184976853,0.0406531597207905
372,372.0,0.0568043098811455,0.1960031896224207,0.3580729385416391,0.0717210157058502,0.0712357236043098,0.1362911430753054,0.0687471139581287,0.0411245656112006
373,373.0,0.056674266568144,0.1972991043611306,0.3585767880250346,0.0712529989787758,0.0707142033618894,0.1350952994595123,0.0687364669915591,0.041650872253954
374,374.0,0.0565109325904833,0.1987940449051673,0.3588923211402009,0.0707664506140522,0.0702412549701572,0.1338774943405172,0.0687027966211881,0.0422147048182336
