,Unnamed: 0,Total_iterations,Intertwine_two,Add_vertex,Delete_vertex,Invert_path_vertices,Insert_inside_vertex,Delete_inside_vertex,Replace_inside_vertex,Donate_between_routes
0,0.0,0.0,0.125,0.125,0.125,0.125,0.125,0.125,0.125,0.125
1,1.0,0.10900000000000001,0.125,0.125,0.125,0.125,0.125,0.125,0.125,0.125
2,2.0,0.31601,0.125,0.125,0.125,0.125,0.125,0.125,0.125,0.125
3,3.0,0.6191589000000001,0.125,0.125,0.125,0.125,0.125,0.125,0.125,0.125
4,4.0,1.015801321,0.125,0.125,0.125,0.125,0.125,0.125,0.125,0.125
5,5.0,1.50262148669,0.125,0.125,0.125,0.125,0.125,0.125,0.125,0.125
6,6.0,2.0757334209441005,0.125,0.125,0.125,0.125,0.125,0.125,0.125,0.125
7,7.0,2.7307768275633495,0.125,0.125,0.125,0.125,0.125,0.125,0.125,0.125
8,8.0,3.4630081252450404,0.125,0.125,0.125,0.125,0.125,0.125,0.125,0.125
9,9.0,4.2673862119061114,0.125,0.125,0.125,0.125,0.125,0.125,0.125,0.125
10,10.0,5.138652627782014,0.125,0.125,0.125,0.125,0.125,0.125,0.125,0.125
11,11.0,6.071405875792507,0.125,0.125,0.125,0.125,0.125,0.125,0.125,0.125
12,12.0,7.060169740244025,0.125,0.125,0.125,0.125,0.125,0.125,0.125,0.125
13,13.0,8.099455520847952,0.125,0.125,0.125,0.125,0.125,0.125,0.125,0.125
14,14.0,9.183818168183006,0.125,0.125,0.125,0.125,0.125,0.125,0.125,0.125
15,15.0,10.307906369102724,0.125,0.125,0.125,0.125,0.125,0.125,0.125,0.125
16,16.0,11.466506686239443,0.125,0.125,0.125,0.125,0.125,0.125,0.125,0.125
17,17.0,12.654581904800096,0.125,0.125,0.125,0.125,0.125,0.125,0.125,0.125
18,18.0,13.867303782456686,0.125,0.125,0.125,0.125,0.125,0.125,0.125,0.125
19,19.0,15.100080434523047,0.125,0.125,0.125,0.125,0.125,0.125,0.125,0.125
20,20.0,16.348578617037543,0.125,0.125,0.125,0.125,0.125,0.125,0.125,0.125
21,21.0,17.608741195130214,0.125,0.125,0.125,0.125,0.125,0.125,0.125,0.125
22,22.0,18.876800103462312,0.125,0.125,0.125,0.125,0.125,0.125,0.125,0.125
23,23.0,20.14928511992658,0.125,0.125,0.125,0.125,0.125,0.125,0.125,0.125
24,24.0,21.423028783545156,0.125,0.125,0.125,0.125,0.125,0.125,0.125,0.125
25,25.0,22.695167792966423,0.125,0.125,0.125,0.125,0.125,0.125,0.125,0.125
26,26.0,23.963141223515898,0.125,0.125,0.125,0.125,0.125,0.125,0.125,0.125
27,27.0,25.224685898775267,0.125,0.125,0.125,0.125,0.125,0.125,0.125,0.125
28,28.0,26.477829247520948,0.125,0.125,0.125,0.125,0.125,0.125,0.125,0.125
29,29.0,27.720879968916847,0.125,0.125,0.125,0.125,0.125,0.125,0.125,0.125
30,30.0,28.95241681848399,0.125,0.125,0.125,0.125,0.125,0.125,0.125,0.125
31,31.0,30.17127581490958,0.125,0.125,0.125,0.125,0.125,0.125,0.125,0.125
32,32.0,31.376536153543515,0.125,0.125,0.125,0.125,0.125,0.125,0.125,0.125
33,33.0,32.567505096778625,0.125,0.125,0.125,0.125,0.125,0.125,0.125,0.125
34,34.0,33.74370209472243,0.125,0.125,0.125,0.125,0.125,0.125,0.125,0.125
35,35.0,34.90484237192463,0.125,0.125,0.125,0.125,0.125,0.125,0.125,0.125
36,36.0,36.05082019768737,0.125,0.125,0.125,0.125,0.125,0.125,0.125,0.125
37,37.0,37.18169203889697,0.125,0.125,0.125,0.125,0.125,0.125,0.125,0.125
38,38.0,38.29765977559663,0.125,0.125,0.125,0.125,0.125,0.125,0.125,0.125
39,39.0,39.399054140870355,0.125,0.125,0.125,0.125,0.125,0.125,0.125,0.125
40,40.0,40.48631852820801,0.125,0.125,0.125,0.125,0.125,0.125,0.125,0.125
41,41.0,41.55999329152982,0.125,0.125,0.125,0.125,0.125,0.125,0.125,0.125
42,42.0,42.62070064560415,0.125,0.125,0.125,0.125,0.125,0.125,0.125,0.125
43,43.0,43.669130257815,0.125,0.125,0.125,0.125,0.125,0.125,0.125,0.125
44,44.0,44.70602560622662,0.125,0.125,0.125,0.125,0.125,0.125,0.125,0.125
45,45.0,45.73217116373481,0.125,0.125,0.125,0.125,0.125,0.125,0.125,0.125
46,46.0,46.748380453854836,0.125,0.125,0.125,0.125,0.125,0.125,0.125,0.125
47,47.0,47.755485010424316,0.125,0.125,0.125,0.125,0.125,0.125,0.125,0.125
48,48.0,48.7543242612326,0.125,0.125,0.125,0.125,0.125,0.125,0.125,0.125
49,49.0,49.745736344347726,0.125,0.125,0.125,0.125,0.125,0.125,0.125,0.125
50,50.0,50.730549855707864,0.125,0.125,0.125,0.125,0.125,0.125,0.125,0.125
51,51.0,51.70957651737491,0.125,0.125,0.125,0.125,0.125,0.125,0.125,0.125
52,52.0,52.68360474770151,0.125,0.125,0.125,0.125,0.125,0.125,0.125,0.125
53,53.0,53.65339410751842,0.125,0.125,0.125,0.125,0.125,0.125,0.125,0.125
54,54.0,54.61967059027847,0.125,0.125,0.125,0.125,0.125,0.125,0.125,0.125
55,55.0,55.58312271885972,0.125,0.125,0.125,0.125,0.125,0.125,0.125,0.125
56,56.0,56.544398407394254,0.125,0.125,0.125,0.125,0.125,0.125,0.125,0.125
57,57.0,57.504102543001395,0.125,0.125,0.125,0.125,0.125,0.125,0.125,0.125
58,58.0,58.462795239617805,0.125,0.125,0.125,0.125,0.125,0.125,0.125,0.125
59,59.0,59.42099071417639,0.125,0.125,0.125,0.125,0.125,0.125,0.125,0.125
60,60.0,60.379156734137354,0.125,0.125,0.125,0.125,0.125,0.125,0.125,0.125
61,61.0,61.337714584760846,0.125,0.125,0.125,0.125,0.125,0.125,0.125,0.125
62,62.0,62.29703950447439,0.125,0.125,0.125,0.125,0.125,0.125,0.125,0.125
63,63.0,63.257461537171835,0.125,0.125,0.125,0.125,0.125,0.125,0.125,0.125
64,64.0,64.22926675122783,0.125,0.125,0.125,0.125,0.125,0.125,0.125,0.125
65,65.0,65.20259877636593,0.125,0.125,0.125,0.125,0.125,0.125,0.125,0.125
66,66.0,66.17757161122657,0.125,0.125,0.125,0.125,0.125,0.125,0.125,0.125
67,67.0,67.15427144648888,0.125,0.125,0.125,0.125,0.125,0.125,0.125,0.125
68,68.0,68.13275858376005,0.125,0.125,0.125,0.125,0.125,0.125,0.125,0.125
69,69.0,69.11306942146652,0.125,0.125,0.125,0.125,0.125,0.125,0.125,0.125
70,70.0,70.09521848118769,0.125,0.125,0.125,0.125,0.125,0.125,0.125,0.125
71,71.0,71.07920045012486,0.125,0.125,0.125,0.125,0.125,0.125,0.125,0.125
72,72.0,72.06499221766705,0.125,0.125,0.125,0.125,0.125,0.125,0.125,0.125
73,73.0,73.05255488627837,0.125,0.125,0.125,0.125,0.125,0.125,0.125,0.125
74,74.0,74.04183573916576,0.125,0.125,0.125,0.125,0.125,0.125,0.125,0.125
75,75.0,75.03277014937277,0.125,0.125,0.125,0.125,0.125,0.125,0.125,0.125
76,76.0,76.02528341706532,0.125,0.125,0.125,0.125,0.125,0.125,0.125,0.125
77,77.0,77.02929252381799,0.125,0.125,0.125,0.125,0.125,0.125,0.125,0.125
78,78.0,78.0346077946572,0.125,0.125,0.125,0.125,0.125,0.125,0.125,0.125
79,79.0,79.04104546046592,0.125,0.125,0.125,0.125,0.125,0.125,0.125,0.125
80,80.0,80.08842890508912,0.125,0.125,0.125,0.125,0.125,0.125,0.125,0.125
81,81.0,81.14618971619909,0.125,0.125,0.125,0.125,0.125,0.125,0.125,0.125
82,82.0,82.20371254903608,0.125,0.125,0.125,0.125,0.125,0.125,0.125,0.125
83,83.0,83.27044597309902,0.125,0.125,0.125,0.125,0.125,0.125,0.125,0.125
84,84.0,84.33580159502466,0.125,0.125,0.125,0.125,0.125,0.125,0.125,0.125
85,85.0,85.3992636388075,0.125,0.125,0.125,0.125,0.125,0.125,0.125,0.125
86,86.0,86.47038684182398,0.125,0.125,0.125,0.125,0.125,0.125,0.125,0.125
87,87.0,87.53869385612057,0.125,0.125,0.125,0.125,0.125,0.125,0.125,0.125
88,88.0,88.61378323042631,0.125,0.125,0.125,0.125,0.125,0.125,0.125,0.125
89,89.0,89.6852258349972,0.125,0.125,0.125,0.125,0.125,0.125,0.125,0.125
90,90.0,90.75267192076102,0.125,0.125,0.125,0.125,0.125,0.125,0.125,0.125
91,91.0,91.81584667874087,0.125,0.125,0.125,0.125,0.125,0.125,0.125,0.125
92,92.0,92.87454549413532,0.125,0.125,0.125,0.125,0.125,0.125,0.125,0.125
93,93.0,93.92862897304897,0.125,0.125,0.125,0.125,0.125,0.125,0.125,0.125
94,94.0,94.97801781434076,0.125,0.125,0.125,0.125,0.125,0.125,0.125,0.125
95,95.0,96.02268759335996,0.125,0.125,0.125,0.125,0.125,0.125,0.125,0.125
96,96.0,97.06266351854366,0.125,0.125,0.125,0.125,0.125,0.125,0.125,0.125
97,97.0,98.09801521602354,0.125,0.125,0.125,0.125,0.125,0.125,0.125,0.125
98,98.0,99.12885159159521,0.125,0.125,0.125,0.125,0.125,0.125,0.125,0.125
99,99.0,100.15531581369375,0.125,0.125,0.125,0.125,0.125,0.125,0.125,0.125
100,100.0,101.17758045544551,0.125,0.125,0.125,0.125,0.125,0.125,0.125,0.125
101,101.0,102.19584282846763,0.125,0.125,0.125,0.125,0.125,0.125,0.125,0.125
102,102.0,103.21032053590285,0.125,0.125,0.125,0.125,0.125,0.125,0.125,0.125
103,103.0,104.22124726723553,0.125,0.125,0.125,0.125,0.125,0.125,0.125,0.125
104,104.0,105.22886885276259,0.125,0.125,0.125,0.125,0.125,0.125,0.125,0.125
105,105.0,106.2334395912093,0.125,0.125,0.125,0.125,0.125,0.125,0.125,0.125
106,106.0,107.23521885989926,0.125,0.125,0.125,0.125,0.125,0.125,0.125,0.125
107,107.0,108.23446801312123,0.125,0.125,0.125,0.125,0.125,0.125,0.125,0.125
108,108.0,109.2314475708898,0.125,0.125,0.125,0.125,0.125,0.125,0.125,0.125
109,109.0,110.2264146971726,0.125,0.125,0.125,0.125,0.125,0.125,0.125,0.125
110,110.0,111.21962096385542,0.125,0.125,0.125,0.125,0.125,0.125,0.125,0.125
111,111.0,112.21131039423139,0.125,0.125,0.125,0.125,0.125,0.125,0.125,0.125
112,112.0,113.20171777762745,0.125,0.125,0.125,0.125,0.125,0.125,0.125,0.125
113,113.0,114.19106724490763,0.125,0.125,0.125,0.125,0.125,0.125,0.125,0.125
114,114.0,115.17957109301071,0.125,0.125,0.125,0.125,0.125,0.125,0.125,0.125
115,115.0,116.1674288453734,0.125,0.125,0.125,0.125,0.125,0.125,0.125,0.125
116,116.0,117.15482653404607,0.125,0.125,0.125,0.125,0.125,0.125,0.125,0.125
117,117.0,118.14193618851101,0.125,0.125,0.125,0.125,0.125,0.125,0.125,0.125
118,118.0,119.12891551564435,0.125,0.125,0.125,0.125,0.125,0.125,0.125,0.125
119,119.0,120.11590775490791,0.125,0.125,0.125,0.125,0.125,0.125,0.125,0.125
120,120.0,121.10304169269602,0.125,0.125,0.125,0.125,0.125,0.125,0.125,0.125
121,121.0,122.10043181977838,0.125,0.125,0.125,0.125,0.125,0.125,0.125,0.125
122,122.0,123.0980786159547,0.125,0.125,0.125,0.125,0.125,0.125,0.125,0.125
123,123.0,124.09597994635385,0.125,0.125,0.125,0.125,0.125,0.125,0.125,0.125
124,124.0,125.09413134424956,0.125,0.125,0.125,0.125,0.125,0.125,0.125,0.125
125,125.0,126.09252628891319,0.125,0.125,0.125,0.125,0.125,0.125,0.125,0.125
126,126.0,127.09115647622133,0.125,0.125,0.125,0.125,0.125,0.125,0.125,0.125
127,127.0,128.09001208003644,0.125,0.125,0.125,0.125,0.125,0.125,0.125,0.125
128,128.0,129.0890820026697,0.125,0.125,0.125,0.125,0.125,0.125,0.125,0.125
129,129.0,130.0883541130129,0.125,0.125,0.125,0.125,0.125,0.125,0.125,0.125
130,130.0,131.08781547119167,0.125,0.125,0.125,0.125,0.125,0.125,0.125,0.125
131,131.0,132.08745253884064,0.125,0.125,0.125,0.125,0.125,0.125,0.125,0.125
132,132.0,133.0872513743363,0.125,0.125,0.125,0.125,0.125,0.125,0.125,0.125
133,133.0,134.08719781253902,0.125,0.125,0.125,0.125,0.125,0.125,0.125,0.125
134,134.0,135.0872776287961,0.125,0.125,0.125,0.125,0.125,0.125,0.125,0.125
135,135.0,136.0874766871395,0.125,0.125,0.125,0.125,0.125,0.125,0.125,0.125
136,136.0,137.08778107277718,0.125,0.125,0.125,0.125,0.125,0.125,0.125,0.125
137,137.0,138.0881772091233,0.125,0.125,0.125,0.125,0.125,0.125,0.125,0.125
138,138.0,139.0886519597436,0.125,0.125,0.125,0.125,0.125,0.125,0.125,0.125
139,139.0,140.0891927157044,0.125,0.125,0.125,0.125,0.125,0.125,0.125,0.125
140,140.0,141.0997874689121,0.125,0.125,0.125,0.125,0.125,0.125,0.125,0.125
141,141.0,142.1103248721099,0.125,0.125,0.125,0.125,0.125,0.125,0.125,0.125
142,142.0,143.12070528626685,0.125,0.125,0.125,0.125,0.125,0.125,0.125,0.125
143,143.0,144.1308406061454,0.125,0.125,0.125,0.125,0.125,0.125,0.125,0.125
144,144.0,145.14065398797467,0.125,0.125,0.125,0.125,0.125,0.125,0.125,0.125
145,145.0,146.15007949174125,0.125,0.125,0.125,0.125,0.125,0.125,0.125,0.125
146,146.0,147.15906165021377,0.125,0.125,0.125,0.125,0.125,0.125,0.125,0.125
147,147.0,148.1675549763369,0.125,0.125,0.125,0.125,0.125,0.125,0.125,0.125
148,148.0,149.17552342008432,0.125,0.125,0.125,0.125,0.125,0.125,0.125,0.125
149,149.0,150.18293978525617,0.125,0.125,0.125,0.125,0.125,0.125,0.125,0.125
150,150.0,151.1897851160583,0.125,0.125,0.125,0.125,0.125,0.125,0.125,0.125
151,151.0,152.2060480626196,0.125,0.125,0.125,0.125,0.125,0.125,0.125,0.125
152,152.0,153.2216242338986,0.125,0.125,0.125,0.125,0.125,0.125,0.125,0.125
153,153.0,154.2364265457107,0.125,0.125,0.125,0.125,0.125,0.125,0.125,0.125
154,154.0,155.27038436088452,0.125,0.125,0.125,0.125,0.125,0.125,0.125,0.125
155,155.0,156.30324255093208,0.125,0.125,0.125,0.125,0.125,0.125,0.125,0.125
156,156.0,157.33478249646555,0.125,0.125,0.125,0.125,0.125,0.125,0.125,0.125
157,157.0,158.36482062248103,0.125,0.125,0.125,0.125,0.125,0.125,0.125,0.125
158,158.0,159.39320672967014,0.125,0.125,0.125,0.125,0.125,0.125,0.125,0.125
159,159.0,160.4198221588437,0.125,0.125,0.125,0.125,0.125,0.125,0.125,0.125
160,160.0,161.46457782351138,0.125,0.125,0.125,0.125,0.125,0.125,0.125,0.125
161,161.0,162.50721214347723,0.125,0.125,0.125,0.125,0.125,0.125,0.125,0.125
162,162.0,163.54751091001174,0.125,0.125,0.125,0.125,0.125,0.125,0.125,0.125
163,163.0,164.58530469079267,0.125,0.125,0.125,0.125,0.125,0.125,0.125,0.125
164,164.0,165.63046604658757,0.125,0.125,0.125,0.125,0.125,0.125,0.125,0.125
165,165.0,166.6728066063371,0.125,0.125,0.125,0.125,0.125,0.125,0.125,0.125
166,166.0,167.7121850440483,0.125,0.125,0.125,0.125,0.125,0.125,0.125,0.125
167,167.0,168.74850378754792,0.125,0.125,0.125,0.125,0.125,0.125,0.125,0.125
168,168.0,169.7817056188221,0.125,0.125,0.125,0.125,0.125,0.125,0.125,0.125
169,169.0,170.8217702107806,0.125,0.125,0.125,0.125,0.125,0.125,0.125,0.125
170,170.0,171.86861064143545,0.125,0.125,0.125,0.125,0.125,0.125,0.125,0.125
171,171.0,172.9120809226105,0.125,0.125,0.125,0.125,0.125,0.125,0.125,0.125
172,172.0,173.9620833664419,0.125,0.125,0.125,0.125,0.125,0.125,0.125,0.125
173,173.0,175.00846473222575,0.125,0.125,0.125,0.125,0.125,0.125,0.125,0.125
174,174.0,176.05112331410896,0.125,0.125,0.125,0.125,0.125,0.125,0.125,0.125
175,175.0,177.09000480466278,0.125,0.125,0.125,0.125,0.125,0.125,0.125,0.125
176,176.0,178.1250980981146,0.125,0.125,0.125,0.125,0.125,0.125,0.125,0.125
177,177.0,179.15643108124007,0.125,0.125,0.125,0.125,0.125,0.125,0.125,0.125
178,178.0,180.18406645524058,0.125,0.125,0.125,0.125,0.125,0.125,0.125,0.125
179,179.0,181.20809762728868,0.125,0.125,0.125,0.125,0.125,0.125,0.125,0.125
180,180.0,182.22864470585907,0.125,0.125,0.125,0.125,0.125,0.125,0.125,0.125
181,181.0,183.24585062951382,0.125,0.125,0.125,0.125,0.125,0.125,0.125,0.125
182,182.0,184.25987745450794,0.125,0.125,0.125,0.125,0.125,0.125,0.125,0.125
183,183.0,185.27090282245757,0.125,0.125,0.125,0.125,0.125,0.125,0.125,0.125
184,184.0,186.27911662538764,0.125,0.125,0.125,0.125,0.125,0.125,0.125,0.125
185,185.0,187.28471788177086,0.125,0.125,0.125,0.125,0.125,0.125,0.125,0.125
186,186.0,188.28791183369805,0.125,0.125,0.125,0.125,0.125,0.125,0.125,0.125
187,187.0,189.28890727209554,0.125,0.125,0.125,0.125,0.125,0.125,0.125,0.125
188,188.0,190.2879140939323,0.125,0.125,0.125,0.125,0.125,0.125,0.125,0.125
189,189.0,191.28514109264609,0.125,0.125,0.125,0.125,0.125,0.125,0.125,0.125
190,190.0,192.28079398056204,0.125,0.125,0.125,0.125,0.125,0.125,0.125,0.125
191,191.0,193.27507363988076,0.125,0.125,0.125,0.125,0.125,0.125,0.125,0.125
192,192.0,194.2681745968688,0.125,0.125,0.125,0.125,0.125,0.125,0.125,0.125
193,193.0,195.26028371218933,0.125,0.125,0.125,0.125,0.125,0.125,0.125,0.125
194,194.0,196.2515790788559,0.125,0.125,0.125,0.125,0.125,0.125,0.125,0.125
195,195.0,197.2422291180673,0.125,0.125,0.125,0.125,0.125,0.125,0.125,0.125
196,196.0,198.23239186217688,0.125,0.125,0.125,0.125,0.125,0.125,0.125,0.125
197,197.0,199.22221441325374,0.125,0.125,0.125,0.125,0.125,0.125,0.125,0.125
198,198.0,200.21183256509036,0.12472222222222223,0.12472222222222223,0.12472222222222223,0.12694444444444444,0.12472222222222223,0.12472222222222223,0.12472222222222223,0.12472222222222223
199,199.0,201.20137057609242,0.12413472222222223,0.1250375,0.12403055555555556,0.12845277777777778,0.12403055555555556,0.12403055555555556,0.12514166666666668,0.12514166666666668
200,200.0,202.19094108023336,0.12354163674112259,0.12534031228522335,0.12343851174112257,0.12991564117983964,0.1233354189576174,0.1233354189576174,0.12554653006872854,0.12554653006872854
201,201.0,203.1806451231579,0.12280945515262294,0.12548904841974073,0.12503256194117165,0.1300719273417374,0.12250419623062626,0.12250419623062626,0.1257943073417374,0.1257943073417374
202,202.0,204.17057231055836,0.12198560578822706,0.12552193202123482,0.12640140531132793,0.1300759812602865,0.12158405834917536,0.12158405834917536,0.12692347946028654,0.12592347946028654
203,203.0,205.1608010561132,0.12095769593937057,0.12532042152719503,0.12743316703017205,0.12981318764083835,0.12046330022772722,0.12046330022772722,0.12973411016813133,0.1258148172388384
204,204.0,206.15139891655144,0.11988747135904869,0.12504103205817574,0.128288358857768,0.12833280866833666,0.12041536318866775,0.11930425207755663,0.13310646245077892,0.1256242513396678
205,205.0,207.14242300178034,0.11841346141659255,0.1264248004671773,0.12977415585053456,0.12639287646785302,0.12084380318307879,0.11863963651641213,0.13473625184210522,0.12477501425624661
206,206.0,208.13392044846856,0.11690000320775146,0.12770461827303117,0.1310352856259232,0.1252789683186988,0.12120782983308663,0.11784062907551088,0.13619256846274652,0.12384009720325155
207,207.0,209.12592894600326,0.11528132765640382,0.127682122762034,0.1320028157291299,0.12505194412955586,0.12215266844905576,0.11768320447178303,0.13739334793871644,0.12275256886332145
208,208.0,210.11847730432444,0.11437206089023141,0.12727568785889848,0.13337731660722657,0.12430627152720025,0.12335022223766312,0.11885190376467361,0.13714005382764002,0.12132648328646678
209,209.0,211.11158605377028,0.11314445393247768,0.12646187108596907,0.13424119266078974,0.12322902765673238,0.12566470934522406,0.12111814518730951,0.13650563475434102,0.11963496537715684
210,210.0,212.10526806773385,0.11203889707017461,0.1245679974550321,0.13609290301898222,0.12211716755282266,0.12799267309047166,0.12464502256082285,0.13573812232547863,0.11680721692621558
211,211.0,213.0995291996237,0.11095998129132609,0.1226328002042204,0.13852589909742238,0.12099081025587707,0.13065781123421955,0.12737193242457934,0.1348640398169205,0.11399672567543502
212,212.0,214.09436892632834,0.10971852894807244,0.12214912763739354,0.1405980820036607,0.11869350488900447,0.1327968911523164,0.1311542997336144,0.13378123994017665,0.11110832569576176
213,213.0,215.08978099109922,0.10852361947569795,0.12165707526723253,0.14243942161546533,0.1163787392262862,0.13481050016251866,0.13609940442095916,0.1318003185347292,0.10829092129711124
214,214.0,216.08575403948203,0.10712838101517183,0.1214915682644391,0.145875422199495,0.11385474028726736,0.13618688259884712,0.14062485503524255,0.12952673030083633,0.10531142029870101
215,215.0,217.08227224263175,0.10492243610481641,0.12322185226034363,0.15013880994026857,0.11131987727132112,0.13716937964726703,0.14445473175867363,0.12636811505858347,0.10240479795872647
216,216.0,218.07931590304017,0.1026766841608993,0.12468796245026968,0.15400385345316864,0.10975144277377488,0.13876399347017065,0.14678800254625382,0.12381745918853843,0.09951060195692485
217,217.0,219.07686203837733,0.1006160120901484,0.12530059858984796,0.15568146194686913,0.10905925346241026,0.13987996139795322,0.15018491643317333,0.12244725370383225,0.09683054237576573
218,218.0,220.074884939797,0.09846106582419549,0.12738802884179956,0.15674255084697114,0.10811037535602999,0.14054107505804625,0.15376149031140257,0.12087975900712232,0.09411565475443298
219,219.0,221.07335670167674,0.09612457061912004,0.1320708053430712,0.15695518865186556,0.10692195099159939,0.1401286550968612,0.15816011276538783,0.11836499391210648,0.09127372261998859
220,220.0,222.07224772035175,0.09384706230067297,0.13742867627357488,0.15745260909481065,0.10561664766641787,0.13855025517066583,0.16291987663789512,0.11575234668164869,0.08843252617431424
221,221.0,223.07152715995574,0.09159773065992781,0.14211997767069978,0.15850354224411717,0.10416652594856154,0.1365305424894002,0.167911524942827,0.11360118415327719,0.08556897189118956
222,222.0,224.08116338399975,0.0894082797472809,0.1469958665070114,0.15917498491270404,0.10270797760092984,0.1343718348269834,0.17312326201605144,0.11139745286761739,0.0828203415214218
223,223.0,225.09102435179938,0.08813421855335732,0.15134775279709087,0.15953199949549104,0.10132658610483783,0.13217999054323237,0.1778970447099136,0.1093094070336265,0.08027300076245061
224,224.0,226.10098897930106,0.08695171114709944,0.15542093851690733,0.16016336731179112,0.09938880189827073,0.12993483787162724,0.1821307645502885,0.10735345774548978,0.07865612095852599
225,225.0,227.1209472542596,0.08672979590246166,0.15885774561106747,0.16157788102222373,0.09745456251111707,0.1268237280513856,0.18581418381015613,0.10551514403298204,0.07722695905860645
226,226.0,228.14070022917966,0.08660404496232789,0.16241028617225134,0.1626874225058547,0.09559008756124784,0.12362592664500072,0.18934128737316233,0.10378049768226504,0.07596044709789025
227,227.0,229.16007090431592,0.08645477567777735,0.1659175171227763,0.16398711067248334,0.09369533701117698,0.12027127309315114,0.1942114966608761,0.10072082828756639,0.07474166147419252
228,228.0,230.17890380289538,0.0868503570845378,0.16915151101262985,0.1653321540633789,0.09175829851766265,0.11665811216563278,0.1991434282031527,0.0975666489726642,0.07353948998034117
229,229.0,231.19706437358795,0.08658994173032161,0.17325399178938383,0.1665252823480693,0.08991234515589809,0.11288980708048084,0.2035515087399069,0.09461505416496936,0.07266206899097005
230,230.0,232.2144382434754,0.08646085048170252,0.17700291828066858,0.16743504860887048,0.08805063796881002,0.10923701450726635,0.20808189843369246,0.09181418913622283,0.07191744258276674
231,231.0,233.24093034393934,0.08645245507710085,0.18152048897117837,0.16822753519155634,0.08640774158352513,0.10582687595390317,0.2117928973445624,0.08837006348310177,0.07140194239507193
232,232.0,234.2663639309175,0.08761954287924965,0.18613950069028268,0.16812969867253638,0.08510957017824014,0.10280059369846399,0.21364092414171026,0.08533099263728088,0.07122917710223592
233,233.0,235.30059051988866,0.08859644705038949,0.1903177502051151,0.16905461496749746,0.0850305453501392,0.0989127622994309,0.21470445265007698,0.08235059577861827,0.0710328316987325
234,234.0,236.33338854476384,0.08951004440689111,0.19646219427992592,0.1698995097652511,0.084991735810281,0.09510530657434275,0.21366111181447642,0.07950274218236104,0.07086735516647054
235,235.0,237.36457288170385,0.08899797210893787,0.20312777268097287,0.1717001421669043,0.08498300629373802,0.09144242102221344,0.21222771794835726,0.07679725312782834,0.07072371465104776
236,236.0,238.39399305613279,0.0883908788081402,0.20883436577733028,0.17322761157265268,0.08554894814012094,0.0879055542339275,0.21041688704609166,0.07420622380405212,0.07146953061768452
237,237.0,239.43153128255753,0.08774334399570116,0.2148235621095896,0.1743630697484282,0.08600608679721432,0.08455647945889405,0.20673753324525435,0.07361645832243846,0.07215346632247971
238,238.0,240.46700037351422,0.08653477016284106,0.2191142918856428,0.17595385425010399,0.08689716155450089,0.08205927741595617,0.20293763700229123,0.0734218417147498,0.07308116601391391
239,239.0,241.5002525516401,0.08517174093381022,0.22369273304485773,0.17837941895783158,0.08749771133402043,0.07957040073622632,0.19865614341813292,0.07323089155124243,0.07380096002387823
240,240.0,242.53117698643698,0.08461701902952325,0.22805041532503614,0.18027431145433334,0.08768238960518127,0.07719186131389179,0.19448393642586487,0.07297883757814055,0.07472122926802865
241,241.0,243.56969720788982,0.08395996545111732,0.2327923731496915,0.18215770675104348,0.08741345196268568,0.07493005671484872,0.19023049088284957,0.07293956857085156,0.07557638651691201
242,242.0,244.60566843511847,0.08331383491838121,0.2374388450960266,0.18368136014927447,0.08713389273050084,0.07288264491115554,0.18614527269143805,0.07300809773332642,0.07639605176989668
243,243.0,245.64898585527308,0.08264934848198614,0.24199363588846146,0.18536157643126402,0.08674518552444514,0.07101401279122509,0.1820652569311826,0.07302203293710745,0.07714895101432791
244,244.0,246.6894816748595,0.08279655522411297,0.24550606544886405,0.18633276551996025,0.0867668559216311,0.06941739295030463,0.17887903011193557,0.07232467872215025,0.07797665610104099
245,245.0,247.7270330957387,0.08277684928536586,0.2483733236963327,0.18815233218466348,0.08659871208482611,0.06859108543994441,0.17516266328086544,0.0716511736925329,0.07869386033546892
246,246.0,248.76155904357256,0.08268256781748579,0.251040900614233,0.18949264477588598,0.0863813354379912,0.06783271248213764,0.17225168340857658,0.0710046727879688,0.07931348267572083
247,247.0,249.80301680618732,0.0825728898722163,0.25404599397320354,0.1904644088819796,0.08614680231412862,0.06719324170316131,0.16929867899143855,0.07041381661235854,0.07986416765151338
248,248.0,250.84129862447872,0.08278157703766134,0.25688277088455674,0.1907747674820611,0.08537130325421854,0.0669420734994262,0.1663171225774896,0.07064337990631649,0.08028700535826988
249,249.0,251.8763392746962,0.082822800952317,0.25972233333052763,0.19170964324116374,0.08452300928759722,0.06668551109300368,0.16318087915757065,0.07078922898396309,0.08056659395385693
250,250.0,252.90811246714495,0.08330343882381208,0.26262429273200594,0.19184998983034438,0.083562108945137,0.0665940479742588,0.16032249232769352,0.07097275473494216,0.08077087463180604
251,251.0,253.9366272156774,0.08358962601722758,0.26474449504698305,0.19221999589522967,0.0825308565582099,0.06646939699152124,0.1580905369187198,0.07105367027432348,0.08130142229778518
252,252.0,254.96192421719982,0.08373226010014234,0.2666088619425263,0.19356291049742128,0.08195583785393443,0.06636894519360735,0.15661547431347767,0.07026461818062829,0.08089109191826224
253,253.0,255.98407227639802,0.08364669093563848,0.2687320674261653,0.19532176272721274,0.08126411333534295,0.06663749281420277,0.1548808122575245,0.06934874046656171,0.08016832003735141
254,254.0,257.0031648069124,0.08351373003053485,0.27057034921399326,0.19717178720089834,0.08057342734804114,0.06697624468282905,0.15335564995122963,0.06846243842621222,0.07937637314626142
255,255.0,258.01931643630627,0.08377114771146112,0.2720505188739479,0.19868237656953533,0.07989987211678952,0.06738444439285385,0.15205247131497954,0.06762241818123572,0.07853675083919691
256,256.0,259.0326597383976,0.08396534588028728,0.2734392944007304,0.19998718842671337,0.07926148405557779,0.06781574576698599,0.15102516435582103,0.06683046569182693,0.07767531142205711
257,257.0,260.0433421128959,0.08409493593852155,0.27507412974971146,0.20147187400153396,0.07871761405826408,0.0681378881432022,0.14949963337172117,0.06626109061428408,0.07674283412276134
258,258.0,261.0515228288154,0.08381294024017136,0.2765686287253002,0.20374709609005473,0.07821557939352516,0.06846854739901827,0.1482552238328199,0.06512063747424959,0.07581134684486068
259,259.0,262.06737024485477,0.08375088443630162,0.2771851765174556,0.2061252926505002,0.07732816958757949,0.06914353905855603,0.14762391112036607,0.0643813020914323,0.0744617245378086
260,260.0,263.0809592168417,0.08331694226762658,0.2780717862828783,0.20813184332502999,0.07648957787825679,0.06988452776660753,0.1466716432004167,0.0642930752713982,0.07314060400778583
261,261.0,264.0923796994615,0.08299815165436109,0.2783387509917712,0.21012999382805642,0.07570470233175729,0.07061511940826175,0.14608983092450056,0.06426371062013272,0.07185974024115895
262,262.0,265.10173433682473,0.08313916371198576,0.27792993567308555,0.2110978676233346,0.07475066414600925,0.07161490547013866,0.14619443289034612,0.06487147070575049,0.07040155977934953
263,263.0,266.10913616708336,0.08316244415468471,0.27790105190153497,0.21171663060453044,0.0737492526644581,0.07275658664190246,0.14640919353578677,0.06541111130070877,0.06889372919639368
264,264.0,267.1147064526453,0.08373051470583845,0.2772698984856176,0.21274499171198397,0.07280651541060117,0.0734135922081569,0.14661294896864746,0.06597759121823672,0.0674439472909177
265,265.0,268.1185726451246,0.08426837783120975,0.2765985666057313,0.21440462401917643,0.07180041902399295,0.0740032193474062,0.14632629946785786,0.06654807952779854,0.06605041417682694
266,266.0,269.1208664919047,0.08477262032258956,0.2760465588573649,0.2156890076427106,0.07084665156258758,0.07478062506679557,0.14547248781755123,0.06767131724346372,0.06472073148693676
267,267.0,270.12172228908776,0.0850662108314505,0.27558953417043264,0.21717078642881316,0.06994228917487587,0.07563642504168154,0.14436660356676093,0.06877356841386227,0.06345458237212297
268,268.0,271.12127528366165,0.08543886230269296,0.27688320109637377,0.21642222788656576,0.0686484488661953,0.07707952976041109,0.14364407249681282,0.06923259340031698,0.06265106419063117
269,269.0,272.1196602259415,0.08570935293566438,0.2778256608610493,0.2158192520766191,0.06739190957335163,0.07843419791556211,0.14329292035178878,0.06963631401627643,0.061890392269688094
270,270.0,273.117010071734,0.08585026879746716,0.27843980196866536,0.21595536234922025,0.06627380659136178,0.079678136375723,0.14270518680304198,0.06993939362033075,0.06115804349418953
271,271.0,274.1134548322299,0.08585195050754951,0.2792225906865361,0.21631637323107628,0.06518380910522778,0.08080121161095978,0.14203055106394952,0.0701400984027985,0.06045341539190237
272,272.0,275.1091205683539,0.08568727442722135,0.28066058909452735,0.21653090925775964,0.06421938153173481,0.081764001227182,0.1411515590370772,0.07022601836634981,0.05976026705814767
273,273.0,276.104128525182,0.08535804568440908,0.28175736112793304,0.21645006386492618,0.06321295501062438,0.08252493740556549,0.1405184852027465,0.07116344631884113,0.05901470538495405
274,274.0,277.09859440107545,0.0849398217006707,0.2830719130051767,0.21653852278757765,0.06225657797215998,0.08343079065481118,0.13944140718311668,0.07201399643049917,0.05830697026598784
275,275.0,278.09262774536876,0.08472042224124747,0.2842138656488083,0.2170193419132522,0.061257628613751905,0.08408641008621065,0.13824068040866883,0.07281248299139358,0.057649168096667015
276,276.0,279.086331477779,0.08439951011971757,0.2852192734166346,0.2173395940887599,0.06029990407878752,0.08455830015047089,0.13764223796977848,0.07352457900770178,0.05701660116814915
277,277.0,280.07980152217056,0.08404909135282121,0.28625273644774585,0.21736435178145716,0.059656166008385,0.08490339509914925,0.13715118418032665,0.07418101421373698,0.056442060916377816
278,278.0,281.07312654690116,0.08326744589353334,0.287066902611497,0.2178168973597975,0.059024468359785136,0.08521841778746193,0.13677683971235724,0.07437840225066249,0.05645062602490526
279,279.0,282.06638780368974,0.08202665657840273,0.287738535596524,0.21886539700164526,0.05844982224651767,0.08567647456196904,0.13626224097093864,0.07450254693846606,0.05647832610553652
280,280.0,283.05965905676254,0.08073768214982978,0.2882851372857309,0.21999568307914735,0.05790681697969928,0.08640452425988215,0.13564096389734975,0.07453744995521591,0.05649174239314485
281,281.0,284.05300659396045,0.07945280161602433,0.2888601525251032,0.22100171897090481,0.05752561382977943,0.08700930205242736,0.13511541127401763,0.07450847062916502,0.056526529102578243
282,282.0,285.04648931149893,0.07820929918500535,0.2896181112162393,0.22168371865434394,0.056974786969700736,0.08759027485857006,0.13453862328957852,0.07478615216528936,0.056599033661272766
283,283.0,286.04015886416863,0.07668073715788545,0.2909779916127612,0.22236287868280766,0.05648525581886744,0.08771174928308562,0.13407328943795385,0.07500937564705226,0.05669872235958649
284,284.0,287.0340598729296,0.07492534538864248,0.29230890365037143,0.2230223480103169,0.056022822483158166,0.08796130805611968,0.1338406837596152,0.07514798314978124,0.05677060550199492
285,285.0,288.0482301820852,0.0732085162363626,0.2939889612981057,0.22347184054602012,0.05559504478647708,0.0880571064232582,0.13362959168324492,0.0752243708877667,0.05682456813876473
286,286.0,289.0625011585044,0.07155743726214057,0.29577616399131057,0.2237348237088376,0.055100505604242615,0.0882542931647729,0.13333992969294162,0.07536898360248256,0.05686786297327165
287,287.0,290.07672002569666,0.07007507378943398,0.2974999131691999,0.22404042348075573,0.05464223305706769,0.08832119788011192,0.1330688118867664,0.07545547110951861,0.05689687562714588
288,288.0,291.0907498059127,0.06843484217714596,0.29908880039927493,0.2238522541049107,0.05430128840835856,0.08873176915921885,0.13302991191356345,0.07556849663315142,0.056992637204376174
289,289.0,292.10446911004806,0.0668906449414468,0.30046610851326827,0.2232370931049596,0.05401283992262321,0.08925967712458663,0.13371565521603565,0.07532958268358676,0.057088398493493106
290,290.0,293.1177717926694,0.06543689016040276,0.30174215999506804,0.2228556270343681,0.05376309201178978,0.0896628473403912,0.13429255185887484,0.07505520447165337,0.05719162712745193
291,291.0,294.1305664891019,0.06406000642062859,0.3027811965012623,0.22275276360608223,0.053531607381746255,0.08997603758898953,0.1349067354347186,0.07473258748997727,0.05725906557659524
292,292.0,295.1427760510001,0.06276466267326812,0.30359206938481564,0.22260818037866173,0.05331746176858712,0.09020329332190348,0.1358543655819717,0.07436836900322256,0.057291597887569684
293,293.0,296.1643368961985,0.061564347803557906,0.30441694611133463,0.2225828413421963,0.05312975217375987,0.0903693022997315,0.13665728872121588,0.07397904079376899,0.057300480754434946
294,294.0,297.1850982879151,0.06052627456257128,0.30490237593259106,0.22243383661098742,0.05300716248729321,0.09052808434180862,0.13776979253893182,0.07351572465854106,0.05731674886727555
295,295.0,298.20493255758083,0.0595885705987778,0.3052351307560121,0.22220153192546352,0.05291764440444901,0.09074432433893144,0.1389323393255586,0.07304503141342211,0.057335427237385446
296,296.0,299.2237340747042,0.0587521519492206,0.30520628337345246,0.22193071110712054,0.052854484127871276,0.09086140625708573,0.14047389751511538,0.07257163052979829,0.05734943514033575
297,297.0,300.24141809936816,0.058114485970516654,0.30414176452463865,0.22217804956366136,0.052914909181244155,0.09213301647137194,0.14186232866495682,0.07119975848190133,0.05745568714170906
298,298.0,301.25791954057206,0.05762590644692304,0.3027096223338279,0.22270851609606207,0.05304325834709788,0.09332333663373382,0.14321169642615317,0.06989420116799433,0.057483462548207694
299,299.0,302.27319164224986,0.057217920639979,0.3011886174206609,0.22366414239923885,0.05317886357728689,0.09421455175476348,0.14443479767073908,0.06860526389681043,0.05749584264052138
300,300.0,303.2872046173374,0.05689527989382115,0.29991434806245404,0.22489811456927,0.05332837407080788,0.09503163270999779,0.14537940209528066,0.06735290489452124,0.05719994370384728
301,301.0,304.2999442487428,0.056625786569833136,0.2984854957232443,0.2264530809220663,0.05346201465639314,0.0957350278045599,0.14624658373519367,0.06611910038426091,0.05687291020444875
302,302.0,305.31141047452024,0.05772932750717409,0.2944342041589091,0.22815258936566235,0.053791431456005526,0.09687298482275819,0.14716138442321605,0.06512572849895426,0.05673234976732061
303,303.0,306.3216159729747,0.05888970451398601,0.29031196107561885,0.23008377249353978,0.05412589332389448,0.09799047266314899,0.14781438179774187,0.06419082033860729,0.05659299379346289
304,304.0,307.330584761854,0.06006818549726514,0.28634434616470283,0.23165879344593854,0.054440106418564935,0.09789157658896788,0.1487549397148861,0.06329643389633897,0.05754561827333571
305,305.0,308.33835082422684,0.06015965934819978,0.28134969288448314,0.23440369146259327,0.05586365980728206,0.09797192418011395,0.14929338174589785,0.06246705607454305,0.058490934496887026
306,306.0,309.34495677212016,0.060155595410711686,0.27622217278226513,0.23711426056065538,0.058155067295950685,0.09787711612462999,0.1495838770407553,0.061588163158586895,0.059303747626445094
307,307.0,310.3504525575029,0.06016862198730372,0.2714981833590439,0.23956031337066525,0.060407663283974664,0.09750642772979733,0.14998812891491636,0.06077652947133179,0.06009413188296713
308,308.0,311.3548942387723,0.060208100379660956,0.26720270861173523,0.24191502953577274,0.06261400358039722,0.09678051545189839,0.15036726946484597,0.06004474604563918,0.06086762693005052
309,309.0,312.35834280952713,0.06025754837329187,0.2629338476310014,0.24407125072190716,0.06474320810242287,0.09601763216073965,0.15099513547421675,0.059378703440618345,0.061602674095802126
310,310.0,313.36086309511114,0.060300227443088744,0.2589957096293103,0.246280655535341,0.06576645129722698,0.09520377142557393,0.15240755978856016,0.05876324091520825,0.06228238396569084
311,311.0,314.3625227211857,0.06034703725480882,0.2552066535691872,0.24832092732911842,0.06669474642965549,0.09454157870718413,0.15355447599126323,0.05841843798410706,0.06291614273467587
312,312.0,315.3633911574409,0.0604062661197147,0.25131863678252314,0.25025474630336775,0.06753747483819379,0.09389099895447875,0.15459757750669867,0.05813809450008675,0.06385620499493676
313,313.0,316.36353883849614,0.060374242493096246,0.24882742511010997,0.2513396231054384,0.06819292856040302,0.0931451944900877,0.15565375314395422,0.05781647550049613,0.0646503575964146
314,314.0,317.363036363061,0.06034954014120336,0.24640629004899642,0.25214319090290627,0.06895848723989782,0.09241027411065474,0.15678596399468306,0.05754980490847971,0.06539644865317895
315,315.0,318.37195377153864,0.06050760260250864,0.24482418054746227,0.2530306932030866,0.06983032919740338,0.0912380465222846,0.15716042493826632,0.05746304918401981,0.06594567380496874
316,316.0,319.3802599014532,0.06100062031309657,0.24328324446391356,0.25380999881091404,0.07059885148017736,0.09007852733602316,0.15740425909711392,0.057409173019825385,0.06641532547893639
317,317.0,320.3879328193618,0.0625788006347775,0.24212026107260773,0.25430228678277944,0.07015472229717162,0.08894140193671533,0.157710352448733,0.05738455979692937,0.06680761503028639
318,318.0,321.3949591172859,0.06393226834942795,0.24095034482243852,0.2555825254365337,0.06954198187060975,0.08784307753456069,0.15779506118853717,0.05730486313724646,0.06704987766064613
319,319.0,322.4013331942447,0.06490877450011569,0.23987232887012025,0.2571192322270914,0.06885239951859055,0.08673120259303647,0.1577108639048699,0.057245169140529725,0.06756002924564644
320,320.0,323.4070565315652,0.06547706201549112,0.23932914657596285,0.2585289754834469,0.06815177866004818,0.08570560193383253,0.15765770372324253,0.05726737517800394,0.06788235642997233
321,321.0,324.412136969838,0.06597809657767584,0.2391397793192852,0.2596413930741971,0.06738948330186997,0.08480383951950371,0.15747459581304485,0.057432169924415154,0.06814064247000853
322,322.0,325.4165879945852,0.06637796506226458,0.2391181847028746,0.26081274375668545,0.06654382449189618,0.08389909606073254,0.15688712410600805,0.057698131338322245,0.06866293048121669
323,323.0,326.42042803691174,0.06563876137806811,0.23945796863323968,0.26256575516315783,0.06576002223005667,0.08291090785311196,0.1559801883137833,0.05787631891505446,0.0698100775135283
324,324.0,327.42367979463654,0.06482436622854543,0.23980506505336913,0.26401432440938466,0.06491942497576916,0.08190876505236362,0.15496532814919886,0.058021386047925755,0.07154134008344365
325,325.0,328.4263695786425,0.0639409060353971,0.2409331929928976,0.2652319235570877,0.06403202617059206,0.08088500040225659,0.15378996530954125,0.058128379756715205,0.07305860577551282
326,326.0,329.42852668846143,0.06305453412903583,0.24239241103338705,0.26609677890810907,0.06301899092982859,0.07989939985243323,0.15247902119484913,0.05825631821546273,0.07480254573689465
327,327.0,330.43018282041385,0.062169048462278304,0.2440455266174712,0.26692481422812564,0.06202424526634516,0.07879144244060657,0.15132997220302016,0.058382398124595274,0.07633255265755791
328,328.0,331.4313715109669,0.0612879142030403,0.24583561628756678,0.2676479299446259,0.061052345569320154,0.07775379103095442,0.14948282095372833,0.05850815520624421,0.07843142680452014
329,329.0,332.43212761735504,0.06037738872610119,0.24737872737594024,0.26762398684237476,0.059899115886593184,0.07692597861017966,0.14895038332691002,0.058590245345280345,0.08025417388662076
330,330.0,333.43248683693076,0.0594885221523926,0.24877049562672127,0.2674583583161772,0.059116278105411466,0.07617674875701697,0.14831667686305577,0.058668395220209675,0.0820045249590152
