,Unnamed: 0,Generation,Intertwine_two,Add_vertex,Delete_vertex,Invert_path_vertices,Insert_inside_vertex,Delete_inside_vertex,Replace_inside_vertex,Donate_between_routes,Trim_one_terminal_cb,Grow_one_terminal_cb
0,0.0,0.0,0.09999999999999999,0.09999999999999999,0.09999999999999999,0.09999999999999999,0.09999999999999999,0.09999999999999999,0.09999999999999999,0.09999999999999999,0.09999999999999999,0.09999999999999999
1,1.0,0.10900000000000001,0.10109159122949345,0.1004626792648945,0.09741052316949278,0.10156131627908596,0.10002238174475094,0.10059345177555841,0.0998069629719209,0.09902076851401183,0.10058805091146616,0.09944227413932498
2,2.0,0.31601,0.10119382002506885,0.10042890339026293,0.0957960811511538,0.10181640213454721,0.0998075244038988,0.10186247235006526,0.10085482404804454,0.09779046229042086,0.10145442992861439,0.09899508027792324
3,3.0,0.6191589000000001,0.1021246089467602,0.10051744586054784,0.09451152839365705,0.10259049425470965,0.09940739776334363,0.10259908299100665,0.10194836054519421,0.09618875863181481,0.1013802572030373,0.09873206540992856
4,4.0,1.015801321,0.1019292291159779,0.0992996574881925,0.09266166286245975,0.103646337932046,0.09824764549018924,0.10348060089204147,0.10160843459106735,0.0968409496652413,0.10279417583459834,0.09949130612818602
5,5.0,1.50262148669,0.1026766451147849,0.10036568413712484,0.08899786912789533,0.10407381046871417,0.09747127407584293,0.10479307402307166,0.10197765881664098,0.0952491152017125,0.10453081891328736,0.09986405012092522
6,6.0,2.0757334209441005,0.1023063090027788,0.0989317099306616,0.08789689152134861,0.10466301993793149,0.09716147634686179,0.1072384596290679,0.10207928825254772,0.09415259123522599,0.10582378307238938,0.09974647107118656
7,7.0,2.7307768275633495,0.10170942972119626,0.10029737226541692,0.08672812033576204,0.10525927210488185,0.09591611162540557,0.10820646666332713,0.10127369265207616,0.09271274200133969,0.10673041613358035,0.10116637649701386
8,8.0,3.4630081252450404,0.10167029618407157,0.09943535948279383,0.08602967459706609,0.10560945103529673,0.09449369263529168,0.10991656662520842,0.10090048219538547,0.09156139474794943,0.10801504813556626,0.10236803436137035
9,9.0,4.2673862119061114,0.10197623267437135,0.10075748324741651,0.08457321469118681,0.10483934462492601,0.09219568094670849,0.11214360409318222,0.10160580067875333,0.08958278391633094,0.108937263919165,0.10338859120795915
10,10.0,5.138652627782014,0.10259886488107413,0.10008002981018921,0.08331414451119118,0.10455149785914625,0.09066349809923786,0.11411273773684276,0.10130179933611941,0.08718385640686671,0.11131995403910304,0.10487361732022926
11,11.0,6.071405875792507,0.10165008127021011,0.09943023498271601,0.08250337521119543,0.10455283314793239,0.08960501696764114,0.11584317356117146,0.10069977854416834,0.08519736382546121,0.11340745274616872,0.10711068974333499
12,12.0,7.060169740244025,0.10318901288698479,0.09859578580090683,0.0804235785684701,0.10431440986918858,0.08727173662526103,0.11793216861531847,0.09937701198902393,0.0843477089248473,0.1159374963058607,0.10861109041413804
13,13.0,8.099455520847952,0.10375737582827464,0.09702852600521629,0.07902162826932241,0.10524010082001092,0.08518303163863314,0.12008761713967023,0.09878414057320248,0.08287442467180073,0.11805556318258625,0.10996759187128269
14,14.0,9.183818168183006,0.10253820810555293,0.09580303716476822,0.07770556370679264,0.10548135270458944,0.08365295040139341,0.12145336004624346,0.09806798625330507,0.08305054103341036,0.12074082566818814,0.11150617491575608
15,15.0,10.307906369102724,0.10207591256150998,0.0954463274043642,0.07725315877365277,0.1043638221359022,0.08108257077449876,0.12364981699220243,0.09836074745855632,0.08213032619403761,0.1235789195751661,0.11205839813010939
16,16.0,11.466506686239443,0.10182142159808227,0.09514016717834584,0.07740441408984544,0.10365706242758863,0.07872481054421358,0.1240266265216461,0.09844762459633251,0.08215447194763122,0.1262532424526699,0.11237015864364426
17,17.0,12.654581904800096,0.10207226649527268,0.09380713351994598,0.07675524721330035,0.10286720553641146,0.07702028238679014,0.12661119603938398,0.0975236198243517,0.08123673163368882,0.12929208889773808,0.1128142284531165
18,18.0,13.867303782456686,0.10109087591956986,0.09419067270135449,0.07666162620377187,0.10280440122174765,0.07440600551415855,0.12837067605667593,0.09617189296870528,0.08097219392323873,0.13205122644403805,0.11328042904673925
19,19.0,15.100080434523047,0.10076121854753366,0.09334344785860241,0.07752361864164463,0.10217431478366584,0.0740026217602638,0.12917170668761477,0.09527301544412023,0.08041142970831297,0.13370110951031414,0.11363751705792724
20,20.0,16.348578617037543,0.10003940452942855,0.09288931926084376,0.07743229497601642,0.1014200825687647,0.07329500833183608,0.1304463553715696,0.09550864335628534,0.07930715551485859,0.1362111168930987,0.11345061919729799
21,21.0,17.608741195130214,0.10007232278654574,0.09212196837197156,0.07845784080044699,0.10051327559620668,0.07262749806514228,0.1307791321407008,0.09571991737283411,0.07779702122981902,0.13768453425140495,0.11422648938492759
22,22.0,18.876800103462312,0.09930501248685877,0.09143063852495242,0.07801078753608573,0.10065947293671067,0.07148737321850754,0.13269194793665454,0.09720770544194099,0.07757546198245137,0.13885754236422648,0.11277405757161123
23,23.0,20.14928511992658,0.0990226293398021,0.09084355998736048,0.0797672804695117,0.0997382310655808,0.07116581981511697,0.13374967930561107,0.09617879619407839,0.07834662255776975,0.14043743735076883,0.11074994391439967
24,24.0,21.423028783545156,0.09913126580826628,0.08964629419554404,0.08108464887599612,0.10013970612396951,0.06957066331045904,0.13533701151649793,0.09537570561809877,0.07787724725834608,0.14207597878792888,0.10976147850489312
25,25.0,22.695167792966423,0.09910503426144154,0.09054199499971402,0.08107512095777519,0.10037713261383704,0.0674252275650857,0.13541560190134927,0.09534062217481992,0.07769898208246319,0.14355441675569852,0.10946586668781536
26,26.0,23.963141223515898,0.09837719901356103,0.09059717836419792,0.08256135211724551,0.09964131435886554,0.06612534717733122,0.13527371227305682,0.0950522202425897,0.07751004248009899,0.14488613379853327,0.10997550017451974
27,27.0,25.224685898775267,0.09769244157477325,0.09038894787641305,0.08339968259152063,0.10015599204718442,0.06603012362503541,0.13552844410358567,0.09425829610737921,0.07772786678649736,0.1453919656922011,0.10942623959540962
28,28.0,26.477829247520948,0.09677396994089234,0.09124477834951877,0.08270028632251639,0.09977864404829156,0.06461564708394657,0.13669591946732082,0.0942001314322288,0.07788884058677283,0.14694445348697388,0.10915732928153773
29,29.0,27.720879968916847,0.09610795549641009,0.09223957397269139,0.08118085045057385,0.10025958632350798,0.062289314789036876,0.14020037496197285,0.09361624568085175,0.07777824425036287,0.14813337536401774,0.10819447871057432
30,30.0,28.95241681848399,0.0936271099441693,0.09333391075228639,0.08165891823443185,0.0988414482935913,0.06289185071391871,0.14136500457378598,0.09337988611706033,0.07893121065262386,0.1475839211870095,0.10838673953112249
31,31.0,30.17127581490958,0.09192872670099686,0.09328155497410512,0.08169140287126872,0.09875058547302872,0.06286573551710777,0.14158796650939975,0.09491818172742757,0.07927796617714317,0.14823058214188625,0.10746729790763578
32,32.0,31.376536153543515,0.09043980618072768,0.09351162376406169,0.08222928385220617,0.09767984029337998,0.06277538501094362,0.1418773931970647,0.09448049124654118,0.07949315615326487,0.1497039927227645,0.10780902757904533
33,33.0,32.567505096778625,0.08951398288453744,0.09175178090393046,0.0814708520676086,0.09691472034709142,0.06311688007357863,0.14385019807378072,0.09621950024733288,0.08036723806608709,0.14915994290218762,0.10763490443386486
34,34.0,33.74370209472243,0.08767073856248617,0.0914626714337609,0.08175980960461188,0.09606701562623518,0.06293692546736168,0.14517323275540997,0.09654720618953185,0.08089269666512862,0.1492905006447929,0.10819920305068058
35,35.0,34.90484237192463,0.08822608812603186,0.09252207495391963,0.08210674949243497,0.09667345611885743,0.06265901734853098,0.14552003066431446,0.09617350451645157,0.08008591980931279,0.14803114943173484,0.10800200953841119
36,36.0,36.05082019768737,0.08644756638619068,0.09298079434571165,0.08304480048630553,0.09581577495423545,0.06403510040788522,0.14503477089200592,0.09478075176431902,0.08281152722613264,0.14673022981023964,0.10831868372697402
37,37.0,37.18169203889697,0.08486946965486794,0.09356612193485093,0.08245168044711194,0.09692898546960374,0.06330826500602008,0.14621537299286497,0.09565369199205769,0.08195204887070438,0.14541518206342638,0.10963918156849173
38,38.0,38.29765977559663,0.0848315868944008,0.09372414913015432,0.0825317551570353,0.09685189610137623,0.06255720653854974,0.14617266811705332,0.0964905476678583,0.08155640843747344,0.14508182846680784,0.11020195348929046
39,39.0,39.399054140870355,0.0848617370875472,0.0945745975090736,0.08198571650447456,0.09589066768957882,0.06331690827857996,0.14531964627769095,0.09669060543774871,0.08234585050368998,0.14443632382372373,0.11057794688789224
40,40.0,40.48631852820801,0.08530935965951353,0.09429945916689726,0.08145768348982492,0.09695464690332417,0.06371175410703638,0.14536274794915086,0.09606938123839143,0.08302197565031207,0.14321417508321138,0.11059881675233776
41,41.0,41.55999329152982,0.08492978519980915,0.09433097078659478,0.08031535629011916,0.09725613889359391,0.06340783685530843,0.14456368586086044,0.0979273499845866,0.08296219381589912,0.14257523296323427,0.11173144934999389
42,42.0,42.62070064560415,0.08354814446408737,0.0937614477482559,0.07896953636016485,0.09734429189798265,0.06471924993909635,0.14598600342188073,0.09759153401193509,0.08328841795657463,0.14314348029837207,0.11164789390165014
43,43.0,43.669130257815,0.08295232810567668,0.09518907339837408,0.0799636264659221,0.09584559125542504,0.06550704927074556,0.14489254161200504,0.09767304372711665,0.08239455436829056,0.142921507833087,0.11266068396335706
44,44.0,44.70602560622662,0.08351096708050906,0.09590920150801695,0.07841516409844386,0.09601624583000283,0.06534618855623765,0.14408922655187706,0.09855611226473811,0.08129003468214642,0.14379292138769895,0.11307393804032886
45,45.0,45.73217116373481,0.08349235966300915,0.09640204329834463,0.07728543608661241,0.09549825414127812,0.06671965899548535,0.14450191186025327,0.09795004055727102,0.08153281431720763,0.14324508262548924,0.1133723984550489
46,46.0,46.748380453854836,0.08293668723844769,0.09647705382767607,0.07770320695990761,0.09525549512440369,0.06556030636299492,0.14445429783753144,0.09799031386025041,0.08180006824460798,0.14405567081712276,0.11376689972705716
47,47.0,47.755485010424316,0.08616986756537588,0.09724479118939541,0.0758558854556646,0.09516182061457173,0.06551363386039676,0.14506851934381226,0.09715426604298374,0.08139842368932282,0.1436627192254352,0.11277007301304134
48,48.0,48.7543242612326,0.08731925499856788,0.09782941954006896,0.07572463810825476,0.09586407697777023,0.06568835946187093,0.14484337329994035,0.09696714833300898,0.08078600023978252,0.14268417074818482,0.11229355829255028
49,49.0,49.745736344347726,0.08811938682976991,0.09791361734074969,0.07472593975739253,0.09635482410857346,0.06502821647507878,0.1445450798017399,0.09599441939407402,0.08117061115613176,0.14342039531509454,0.11272750982139512
50,50.0,50.730549855707864,0.08751282108736207,0.09777918130504827,0.07494769071025417,0.0963831155883599,0.06505223167556051,0.14456030645098292,0.09594269313392552,0.08076580564264467,0.1448335916661749,0.11222256273968675
51,51.0,51.70957651737491,0.08993827710899711,0.09665899475125583,0.07598442442872545,0.09588251992149782,0.0643151054145067,0.14459373568476958,0.09555794628291105,0.08039458787235947,0.14392827596058033,0.11274613257439636
52,52.0,52.68360474770151,0.0893414100370906,0.0972925449302247,0.07752105738634997,0.09694356418473646,0.06671805211975608,0.1435430557731598,0.09466880843434577,0.07845628330528448,0.1432409806083994,0.11227424322065242
53,53.0,53.65339410751842,0.09009100323615186,0.09789962873608746,0.0777789347568257,0.0962885451035524,0.06721653276668273,0.1423220158899011,0.09391055007514224,0.07913987450630977,0.14350946425243685,0.11184345067690961
54,54.0,54.61967059027847,0.09087278622642952,0.0973896694311217,0.07638630128330924,0.0958569619412061,0.07032315514225612,0.14117957861900976,0.09346723547296198,0.07999136798226858,0.14340770269972072,0.11112524120171596
55,55.0,55.58312271885972,0.09167814506996337,0.0964653666341006,0.0772188955844722,0.09603043710445762,0.07154625889629353,0.1403705605536189,0.09174510750402437,0.0807157083540726,0.14322888608679218,0.11100063421220435
56,56.0,56.544398407394254,0.09302046417061785,0.09469795000879389,0.07773721359500224,0.09689849714101173,0.07163210026873015,0.13902875962706251,0.09321810209085624,0.07960998597073426,0.143144253043534,0.11101267408365686
57,57.0,57.504102543001395,0.09230451137695335,0.09376761954324786,0.07864056454903767,0.09725913612326807,0.07177985779366486,0.14096440766121887,0.09352585414241346,0.07889705490626933,0.14277780069891036,0.11008319320501597
58,58.0,58.462795239617805,0.09307022866475692,0.09311212589593572,0.078871581024997,0.09820658120631104,0.07134898763308666,0.14228193015115254,0.09290299420614043,0.07852121691140487,0.1432524143715022,0.10843193993471248
59,59.0,59.42099071417639,0.09294161062911084,0.09237467639305574,0.07982881069609297,0.09886946976948383,0.07088581849107774,0.14256350227282896,0.09363143473611237,0.07951123743750108,0.14201225997488967,0.1073811795998467
60,60.0,60.379156734137354,0.09192563683267567,0.09425092581509296,0.07966082571083942,0.09868484957254865,0.07168148019110257,0.14164412902382234,0.09359716879616996,0.07888961661147328,0.1417078881865315,0.10795747925974356
61,61.0,61.337714584760846,0.09202977245782516,0.09480843154242352,0.07944462668613902,0.09772730305241702,0.07153956402918163,0.1407692400633251,0.09366005884556783,0.08072447847061381,0.14272978590381294,0.10656673894869387
62,62.0,62.29703950447439,0.09361618306571068,0.09387652530548593,0.07931410584672532,0.09716906305776131,0.0712799537543836,0.1387994441968783,0.09438950448898861,0.08091956723304095,0.14366427998524686,0.10697137306577834
63,63.0,63.257461537171835,0.09310256588789009,0.09464928732882644,0.07866918763572003,0.09709353817868252,0.07129182429476327,0.13691826120029899,0.09517764895604286,0.08225615498145837,0.14414274797292648,0.10669878356339085
64,64.0,64.21926675122782,0.0935016938222812,0.09486068729188521,0.076926741821692,0.09911985342730797,0.07032676840214452,0.13728343859511186,0.0956417086066775,0.08400728501288263,0.1427435922529277,0.10558823076708937
65,65.0,65.18269877636592,0.09315365268672449,0.09527409064613716,0.07641140762450463,0.09852981955630186,0.06934249594092173,0.1377726731119794,0.09675259052018235,0.08484008226414017,0.14274468721895006,0.10517850043015813
66,66.0,66.14796061122655,0.09232137918058982,0.09398033595457866,0.07550453683156073,0.09940755157733759,0.07081341254486365,0.1382694869434377,0.09762802729879125,0.08540016996435855,0.14280656774977543,0.10386853195470663
67,67.0,67.11521665648885,0.09148433541755996,0.095224644881969,0.07851510262827281,0.09802212580784209,0.0698195255084783,0.13860548087093258,0.09788067131335589,0.08746274172275424,0.14132282906402976,0.10166254278480538
68,68.0,68.08459493066005,0.09244254928732243,0.09645399612907915,0.07850857144985807,0.09732679067684555,0.07013441549244258,0.13637950576819496,0.09816049210857117,0.0863190648154841,0.14174717351603652,0.10252744075616549
69,69.0,69.05618942810752,0.09163333392123654,0.09676594031416218,0.07840432174224105,0.09659452812213394,0.07046971041269327,0.13675717619759867,0.09792520624658198,0.0868541647552443,0.1429386176824121,0.101657000605696
70,70.0,70.03006258152917,0.09135156068324934,0.09586021685065524,0.07852223945974346,0.09764080199059269,0.07057229548810749,0.135234120186963,0.09877584682013137,0.08563960431617536,0.14425758815320822,0.10214572605117381
71,71.0,71.00624779379335,0.09278639139823058,0.09582295305807703,0.07866950841821878,0.09696459132131119,0.07033784301886004,0.13393137909863695,0.09870072359887379,0.08502181709678525,0.1448136444032901,0.1029511485877163
72,72.0,71.98475200689319,0.09236347103492407,0.09526989794481727,0.07815679092463756,0.09844791132544303,0.07145335334642244,0.13227832428640734,0.09913129074772793,0.08520567355577278,0.14423726316205684,0.10345602367179069
73,73.0,72.96555827861411,0.09271862868485053,0.09536713556900167,0.07754805183099123,0.09756143901765163,0.07164856877545041,0.13272856233966884,0.09913340819247,0.08430155766022918,0.14539644552060493,0.10359620240908154
74,74.0,73.94862834037681,0.09261181542720585,0.09390414351012541,0.07723063604587917,0.09719312998033808,0.0725738522519059,0.13387500544477024,0.09913658042305862,0.08413041799470285,0.1450243057174547,0.10432011320455915
75,75.0,74.93390511255946,0.09458560559029686,0.093786222521728,0.07618868196025227,0.09634888246215266,0.07306950029552599,0.13386106290154415,0.09906949137741312,0.08283696132663759,0.1463181722601536,0.10393541930429573
76,76.0,75.92131515639825,0.09430447605488944,0.09411527410806451,0.07568007701336053,0.09671627393507379,0.07382910552056818,0.13352523691503743,0.09831362378416893,0.08252432538911837,0.14706155385858727,0.10393005342113144
77,77.0,76.91077104428919,0.09652012207314953,0.09308930213828302,0.0750989013097717,0.09622336022225181,0.0744552195599995,0.1336925770631728,0.09673581603937456,0.08178297283150393,0.1452042210009464,0.1071975077615466
78,78.0,77.90217363294813,0.09730775553636457,0.09207647904056973,0.07711608815982846,0.09596679515995196,0.07401208881741268,0.13254943108169026,0.09613476709898316,0.0811671544645547,0.1451971525766213,0.10847228806402298
79,79.0,78.89541422641172,0.09810840445108342,0.0914609722729711,0.07727900509830314,0.09545513937678426,0.07419712208449254,0.13325900123896542,0.09692777500448213,0.08096996776826755,0.14290919185533868,0.10943342084931153
80,80.0,79.89037661826481,0.0995070711951575,0.09231654390057917,0.07831449847174064,0.09545398699595037,0.07382287975393936,0.13411421833678017,0.09498245819408907,0.08043681272495037,0.14157090219356896,0.10948062823324417
81,81.0,80.88693900474995,0.09912732021585431,0.091984683861215,0.07735037143280893,0.0951439596440562,0.07466717947060743,0.13406841974111544,0.09516669582893064,0.07954994808048414,0.14114938819314987,0.11179203353177783
82,82.0,81.88497576253909,0.10038751212453574,0.09143341683540032,0.08014924448341033,0.09429023863553607,0.07283740561864294,0.13464932744738803,0.09647003558412427,0.07789897657636714,0.14052001566908112,0.11136382702551378
83,83.0,82.88435908692391,0.09992431306349844,0.0913422759545316,0.08085848924282395,0.09299256594796258,0.07153650822443865,0.13617894669285593,0.09612152152096826,0.07891825663715439,0.13969272882100722,0.11243439389475865
84,84.0,83.88496048800103,0.10050242216694348,0.09259731782916214,0.08070600897856917,0.0945815286589219,0.07339752487368804,0.13427185433627759,0.09708822889409519,0.07687911461845941,0.13774382253041068,0.11223217711347211
85,85.0,84.88665214409042,0.10028264369814822,0.09375251936571946,0.08113576741700335,0.09337716498057697,0.07287991740567351,0.13578458352236708,0.09676173160347747,0.07755905607922328,0.13709827411602007,0.11136834181179028
86,86.0,85.88930811312994,0.09854908975434082,0.09316666044994894,0.08206720073540258,0.09269535864541922,0.07190340593904922,0.1362332648237606,0.0959732211260399,0.07754881865376324,0.1382670573813957,0.11359592249087949
87,87.0,86.89280540413424,0.09912155366255361,0.0938469669134397,0.08263661404385847,0.09065598703364132,0.07365294314917148,0.13700819994256247,0.09488987728742666,0.07593928849760218,0.13798689751332457,0.11426167195641924
88,88.0,87.89702491199675,0.09901227673709326,0.09505998003812959,0.08406262543263474,0.09162393973986516,0.07333635863456264,0.13739067572415942,0.09338678597496008,0.07437521896435897,0.13781230617458848,0.1139398325796474
89,89.0,88.90185221995306,0.09927345036372433,0.0947743152438266,0.08321272388444059,0.09258618329723137,0.07327719839014164,0.1378408174616453,0.09296918425214483,0.07443259580149249,0.13679241288205027,0.11484111842330239
90,90.0,89.90717827491419,0.0993478421947196,0.09354498860632632,0.0836343409093417,0.0921777374233769,0.07192620898834165,0.1376578174718922,0.09260957644583823,0.07439102705587897,0.138369587589223,0.1163408733150612
91,91.0,90.91289994163006,0.09927551087952591,0.0932223542946047,0.08616708166919408,0.09180578784011002,0.0697612557677357,0.13813377509820782,0.09184240543574503,0.07400231190981942,0.1388318289591967,0.11695768814586034
92,92.0,91.91892044225806,0.0989968460753418,0.09297161075251857,0.08745409848650089,0.09259673256761534,0.06745844982811623,0.14046104899249437,0.09072884044180281,0.07259387645425341,0.13875125516726852,0.11798724123408777
93,93.0,92.92514968840067,0.09945555264356787,0.09349499485215017,0.0882859918362387,0.09218665285460627,0.06528567003225925,0.1405409528403427,0.09053925124542878,0.07394502456139035,0.13856434793215017,0.11770156120186552
94,94.0,93.93150451304501,0.09977112673533013,0.09395260431284673,0.08878214253736998,0.09346737584608947,0.06472955764445709,0.13966697072280299,0.09159413118624206,0.07327324227933933,0.13758038193332503,0.11718246680219693
95,95.0,94.93790881009448,0.0996389981147832,0.09399628906026708,0.08802615697382753,0.09459635473268649,0.06403264666686995,0.14182046396306153,0.0916941452870197,0.07292853454399119,0.13817393832602498,0.11509247233146809
96,96.0,95.94429358933806,0.09819373016751504,0.0946625733093455,0.08663289746067608,0.09569010020606047,0.06409846296505754,0.14263538489754174,0.09277855872916076,0.07291890218104259,0.13715645159415557,0.11523293848944445
97,97.0,96.9505969547639,0.09618708780839436,0.09446265469225741,0.0875632030804977,0.09629527344471348,0.06288609190869954,0.14268315090967756,0.09282037509024148,0.07239140195304052,0.13729179723485185,0.11741896387762588
98,98.0,97.9567640140995,0.09506239302774294,0.09617502203586181,0.08738917931753465,0.09614567796598489,0.06211518016612717,0.14288898729886412,0.0918151531425896,0.07184546354815637,0.13729196924706055,0.1192709742500777
99,99.0,98.96274672736057,0.095627008853303,0.09418241002854803,0.08702976664732921,0.09722817327171428,0.05981462939093378,0.14372811755224396,0.09309327488154362,0.07221701025254872,0.13885854502501008,0.11822106409682508
100,100.0,99.96850370202192,0.0947537453935923,0.09442293507938032,0.08842456542115001,0.09636828595073471,0.058825568187420886,0.1442074502018561,0.09357495611521137,0.07310912528116166,0.13821562263660314,0.11809774573288927
101,101.0,100.97399994219691,0.09477095326146978,0.09592854342363871,0.08842666104188492,0.09622748153647294,0.057522694477338134,0.14434311335331684,0.09417385837355025,0.07235973583568016,0.13862994278247742,0.1176170159141706
102,102.0,101.97920655893245,0.0928870044190758,0.09840098424556905,0.08888369389847865,0.09360119958826205,0.056535614589870144,0.14395807842185648,0.09585083272147843,0.07273223402199791,0.1388812814585936,0.11826907663481759
103,103.0,102.98410044840509,0.0931308979194691,0.09878776562690515,0.08970056920523369,0.09381191265900439,0.055856151168441746,0.1447668653765344,0.09450122331867263,0.07165836932615718,0.13938527373126697,0.11840097166831445
104,104.0,103.98866394444643,0.09305824975462847,0.09916723689306896,0.08928076748893858,0.09422016837569543,0.056156530396084946,0.14585218232085317,0.09472157958759372,0.07015134968176452,0.1396162991808323,0.11777563632053965
105,105.0,104.99288445143917,0.09193720576994406,0.1006812037482063,0.0891933700960979,0.09361024704193693,0.05687961652834203,0.14399145528468293,0.0955810646071231,0.07196346916319458,0.13842322579313673,0.11773914196733515
106,106.0,105.99675406321822,0.09111772199112617,0.09987521507437157,0.09080160151497119,0.09269990573649889,0.05648942692517612,0.14480626256803805,0.09445131391708238,0.07345324507299895,0.13888070493632065,0.11742460226341574
107,107.0,107.0002691731872,0.09010644593651532,0.10047625988952893,0.08969502651242324,0.09175939607645472,0.05699339481654311,0.14499717438700999,0.09442066340893988,0.07313422915917439,0.14082597798338817,0.11759143183002199
108,108.0,108.0034300804274,0.08917908795191114,0.10225498874908664,0.08805873395052465,0.0911618892809909,0.056009792691197484,0.1448510109609376,0.09612092959725219,0.07390010835301879,0.14085980282543165,0.11760365563964872
109,109.0,109.00624059613932,0.08989725726167722,0.10221496988955278,0.08705844932734116,0.09014356264974109,0.05628431196224351,0.14542702754039274,0.09671756443287788,0.07378772798914099,0.14195483963950448,0.11651428930752793
110,110.0,110.00870765431864,0.09072198097917919,0.10153002247648511,0.08610480978739536,0.09064842835677951,0.056655836797813684,0.14574674013098776,0.09578543488689795,0.07520231660225106,0.14192675848462014,0.11567767149759
111,111.0,111.01084093013685,0.09158035173484837,0.09987002296939444,0.08580626057130308,0.09046065519705425,0.057554258542062454,0.14489959813767023,0.09494437934771549,0.07644497603809326,0.14211166932095184,0.11632782814090632
112,112.0,112.01265246907188,0.09256501294279655,0.1002771896950226,0.08484258454082452,0.0891335085469475,0.05733395225009074,0.1440653234285956,0.09511282691404084,0.07645942059127392,0.14352581616800386,0.11668436492240362
113,113.0,113.01415632942268,0.09333234865382214,0.10107338646798789,0.08557530574603418,0.08789615644565342,0.05832105569736002,0.14492730136721924,0.09428295462827632,0.0756432171906799,0.14370916088187624,0.11523911292109042
114,114.0,114.01536824044418,0.09174328723702208,0.10052227398079493,0.08562092651355609,0.08841243908942861,0.05813155015438272,0.14606553741170727,0.09516665564313209,0.07562230227072803,0.14311352966761182,0.11560149803163614
115,115.0,115.01630527795908,0.0896029217152003,0.10039500300039866,0.0850698832365273,0.0865271719994745,0.05921167257002798,0.14643519609496541,0.09568100920022445,0.07515436609430554,0.14567347468064504,0.11624930140823059
116,116.0,116.0169855589429,0.08757208888713508,0.10104112220023356,0.08550914163441688,0.0881822209333284,0.060191125143394114,0.1451389791451051,0.09605929266168559,0.0732220941759207,0.14548230028198675,0.1176016349367936
117,117.0,117.01742795623892,0.08726567828611058,0.10091407837207031,0.08598921164811121,0.08859709897421121,0.06026193460607,0.14529467555417522,0.09601509675045178,0.0720091149911663,0.1461778767560393,0.11747523406159387
118,118.0,118.01765183424293,0.08824789577015525,0.09994713449804797,0.08714345791267519,0.08810621498903763,0.06050062150419634,0.1462636476179832,0.09732372301920288,0.07108220733970842,0.14583643613296082,0.11554866121603212
119,119.0,119.01767680610413,0.08775908805128,0.10076759983122048,0.08709196099087194,0.09012323285344091,0.06022636272018649,0.14495796763905838,0.09602161830041647,0.07075297592909394,0.14629874785665226,0.11600044582777894
120,120.0,120.01752251271817,0.08742651118344227,0.10027135635586937,0.08753023386051181,0.09229172448854402,0.06017817243066405,0.1458654081778644,0.09668432860272728,0.06971458673126373,0.14524390903655646,0.11479376913255644
121,121.0,121.01720842354362,0.08745196951300331,0.09956067082901977,0.08760965325750716,0.0914390015885992,0.06182547976788646,0.14624547005304783,0.09695842958760083,0.06974980724160848,0.14536448637115276,0.11379503179057397
122,122.0,122.01675365905109,0.0881042999443936,0.09719122743574579,0.08812148670471409,0.09397020921118424,0.0625091048647103,0.1456068490750495,0.09607594574272792,0.07118628322857773,0.1444028092885832,0.11283178450431341
123,123.0,123.0161768344173,0.08728436587759507,0.09789094816575511,0.08824285310230824,0.0958022738416398,0.06370161428215254,0.1452739812707105,0.09446168171595447,0.07065496112017917,0.14437293349654995,0.11231438712715497
124,124.0,124.01549592390272,0.08829682078321506,0.09722109753700658,0.0886803230852535,0.0961760865274642,0.0650263956427076,0.14385422255590313,0.09399297809475939,0.07017200810115658,0.1439210618588162,0.1126590058137176
125,125.0,125.01472814520056,0.08942207366225685,0.09693577424806628,0.0889746365546666,0.09586999239948678,0.06491375623557583,0.14290089569294812,0.09456386211198949,0.06930344832985041,0.14500977212887695,0.11210578863628254
126,126.0,126.01388986291661,0.08861712398032251,0.09779047554191289,0.08719835731751786,0.09520205506820414,0.06604496020329376,0.1429491350521547,0.094930445082607,0.06936276038301752,0.14549911063380289,0.11240557673716653
127,127.0,127.0129965102319,0.08928373421711594,0.09878532197148338,0.08678604576919294,0.09513664662972533,0.06580712354608288,0.14284358538582215,0.0936310120984687,0.07003044244508419,0.1445589671205816,0.11313712081644269
128,128.0,128.01206252771334,0.09175361870553432,0.09945573295484081,0.0856981972864111,0.0964479923218721,0.06608006409070867,0.14322753818256703,0.0915234773724572,0.06907559855568597,0.14437592165197943,0.11236185887794316
129,129.0,129.0111013181695,0.09354744113655301,0.098224111504353,0.08529699469809886,0.09567109750130645,0.06570862349325735,0.14498212242218855,0.08950845478574326,0.06937059915042615,0.14549425796900745,0.11219629733906578
130,130.0,130.01012521639834,0.0935401379224508,0.09730379406498224,0.08484410757177153,0.09531943819332483,0.06631206312779403,0.14530606611923658,0.09028293626974843,0.07058261333661828,0.14459342296134456,0.11191542043272858
131,131.0,131.0091454726403,0.09378659021775572,0.09713814658004664,0.0854701753088394,0.09369103812261252,0.06632107642975257,0.1451215667204872,0.09028383948228817,0.07123736463698349,0.1453374334084973,0.11161276909273682
132,132.0,132.0081722485317,0.09350892338930845,0.09762274928015498,0.08427235561363734,0.0946101347608682,0.06618063186354609,0.1432849035252116,0.09077408321150904,0.07019432065618028,0.14528314478758642,0.11426875291199748
133,133.0,133.00721462434865,0.09377007288017569,0.09819536803095158,0.08341721754452992,0.09491726920755328,0.06709947180060583,0.14392849784619963,0.09048043330212541,0.06936379223263264,0.14545243819549056,0.11337543895973534
134,134.0,134.0062806163404,0.09458319437701504,0.09760154289740407,0.08354546742312742,0.0946092771863935,0.0681427562254335,0.1418077594109283,0.09118534892690197,0.06888216425073038,0.14678196055538903,0.11286052874667667
135,135.0,135.00537720296956,0.09502745034280875,0.0982053436484825,0.08553263232518656,0.0951688531630667,0.06635638831522993,0.14290197943572072,0.08996111972375559,0.06854637467996154,0.1452379018586131,0.11306195650717449
136,136.0,136.00451035890612,0.09629840232551755,0.09860822708372427,0.08491401570422871,0.093129543386939,0.06658505947106742,0.14267863729339936,0.0894352501235131,0.06980241306941337,0.1462102603188303,0.11233819122336676
137,137.0,137.00368509565993,0.09627861992548671,0.09908418948388978,0.08484502385845336,0.0934209411927438,0.06493908359479442,0.14200914678759094,0.08945681190746121,0.069654144656306,0.14676553283442442,0.11354650575884923
138,138.0,138.0029055077818,0.09628808116298852,0.09725035357287824,0.0853352276469647,0.0925068510428512,0.06502157789040089,0.14202995804587482,0.08916035220416353,0.0709755023743736,0.14644974652961265,0.11498234952989171
139,139.0,139.00217482361367,0.09703267874399779,0.09462419793275112,0.08515456387089573,0.09183350268937189,0.06489188588562941,0.14215163706577733,0.09024778567083348,0.07201571084192254,0.1474481166825471,0.11459992061627343
140,140.0,140.0014954596262,0.09719864588722568,0.09400599300455403,0.08577877271356353,0.09161043960582323,0.06372626550373166,0.14324612305261855,0.08936308111166222,0.07182564093770945,0.14934075446822026,0.11390428371489122
141,141.0,141.00086907744122,0.09673395694836931,0.09505060496710932,0.08724281762548251,0.09057578302901026,0.0635865007596888,0.14254608935717641,0.09101280672977183,0.07216666995722473,0.148497288454972,0.1125874821711947
142,142.0,142.0002966427003,0.09795266695953526,0.09608856371436461,0.08535635037428944,0.09150891127966376,0.06398332993185742,0.14232721526870684,0.09119817073087302,0.0716280441017567,0.14869163521689924,0.11126511242205361
143,143.0,142.99977848500652,0.09923292634366901,0.0968407095778942,0.08547024530277815,0.09150213425230087,0.06314418063758935,0.1413785890629711,0.0908328819500896,0.07246333143399304,0.1474036234384047,0.11173137800030986
144,144.0,143.99931435823203,0.09894425674015322,0.09469190212556312,0.08658225267823064,0.09144861567732224,0.06353592941245066,0.14252485712364607,0.08928429612178945,0.073043410137454,0.14679059662370478,0.11315388335968575
145,145.0,144.99890350055264,0.09886986590136,0.0936654688136376,0.0870438189882929,0.09015276233557652,0.0630154649123412,0.14377005313779914,0.09060899761600762,0.07368600825066413,0.14572001449363245,0.11346754555068835
146,146.0,145.9985446936357,0.10045643071412803,0.0931358249537286,0.08773104362692391,0.09001169765073194,0.06147696454515915,0.14325902098093146,0.08987927151107332,0.07329413205136145,0.14687013813100505,0.11388547583495696
147,147.0,146.99823632047406,0.09810818157097079,0.09163223302284719,0.08893844819860439,0.08854304602576085,0.060642265056258596,0.14329620975845175,0.08987032444707618,0.07574770429729182,0.14858275793725115,0.11463882968548714
148,148.0,147.99797642142389,0.0999366397028527,0.09077942121993457,0.08929599786369773,0.0889372160759569,0.06060939208466376,0.14337264300405317,0.09127351124955443,0.07398765163007803,0.1469633048067016,0.11484422236250695
149,149.0,148.99776274806447,0.09845299895751448,0.09212866050969792,0.08932632462371426,0.0884244067092813,0.059962228544285026,0.14519981246848807,0.0908460584149442,0.07410360608577925,0.1473088353417142,0.11424706834458118
150,150.0,149.99759281456036,0.09803334841689772,0.09188882220524346,0.08845381993840531,0.08957383548573022,0.05923689218108426,0.14566127085631417,0.09112863978552561,0.07318689548608433,0.14827328946651785,0.114563186178197
151,151.0,150.99746394626104,0.09699231718019989,0.09152399356232757,0.09034734511443622,0.08868683904564716,0.06102644018620925,0.14518000710621767,0.09025092359319845,0.0724759899800254,0.14884177214934224,0.1146743720823961
152,152.0,151.99737332532905,0.09584529857330178,0.09273975305893023,0.09016640684752018,0.08778250310881465,0.06145121574438854,0.14472166979683604,0.09236063534199099,0.07075492587566817,0.14914198483697969,0.11503560681556971
153,153.0,152.99731803323698,0.09505444586343252,0.0937286026471692,0.08856620696990267,0.08722772135100053,0.06260956918679304,0.14433339147744056,0.09246081374017301,0.07012103311486695,0.1515032372214131,0.11439497842780846
154,154.0,153.99729509002177,0.0966092173969972,0.0933644698736931,0.08856369612639385,0.08780844328422907,0.06357741076815364,0.1421790228080297,0.0937879174213704,0.06840049977680912,0.1521557140551878,0.1135536084891362
155,155.0,154.99730149022784,0.09489371774036148,0.09442627074198809,0.08748583813640942,0.08663903808686972,0.06288142321325413,0.14266894356941365,0.09548720076818101,0.06776708045395194,0.15505696986930517,0.11269351742026551
156,156.0,155.99733423551103,0.09431220210115655,0.0958582572966834,0.08725616835908594,0.08668553219097606,0.06194920451318988,0.1430816946633842,0.09485104430017573,0.06815358823279845,0.1559836751739251,0.11186863316862476
157,157.0,156.99739036391077,0.0937324075326685,0.0965603601298774,0.0883047312225829,0.08576951478148687,0.061023035482932086,0.1420710337144128,0.09582648253053148,0.06984906729839321,0.15610094384861553,0.11076242345849932
158,158.0,157.99746697583146,0.09359572550878861,0.09622603731204782,0.08810435421309491,0.08648222521185124,0.05951946910884359,0.14258566152282942,0.09575053942854835,0.06932260850924814,0.15711903220262607,0.11129434698212187
159,159.0,158.99756125680176,0.09337752688336809,0.09594648112156393,0.08814854076249903,0.08533329548509769,0.05886499688545275,0.1418605862395802,0.09765975045234464,0.06939685862607987,0.15848023106827683,0.11093173247573704
160,160.0,159.997670497107,0.09407013558168154,0.09584317109446568,0.08788180431495213,0.08451776289307937,0.05684938331957448,0.1424026367237749,0.09847518369244507,0.06873993286576638,0.15966175214934755,0.11155823736491291
161,161.0,160.99779210841066,0.09583208373579977,0.09479088887002525,0.0862659895487101,0.08406682280355453,0.06069426943317305,0.14208983487941682,0.09740602464453833,0.06946314043657144,0.15732768635069305,0.11206325929751765
162,162.0,161.99792363749984,0.09489163314027839,0.0947730058493289,0.08559000309386383,0.08475578886761279,0.06098191529301617,0.1428782445549015,0.09622326096722948,0.06873951600925289,0.15818139998600486,0.11298523223851119
163,163.0,162.9980627773051,0.09289448041139765,0.0949425078644347,0.08775092921412925,0.08605003688200329,0.05960720502819556,0.1426221628553854,0.09614014731573496,0.06878328981272412,0.158211555892262,0.11299768472373306
164,164.0,163.9982073753568,0.09282862931974176,0.09560675251100081,0.08717496159289481,0.08597251546724044,0.060495692751516464,0.14250018097867576,0.09545392348552177,0.06885476316481107,0.15797943162027603,0.11313314910832108
165,165.0,164.99835543984977,0.09574360994819683,0.09658025861346405,0.08568628200300656,0.0872972772076048,0.060540351266597604,0.1427821162618849,0.09449138453626305,0.06780187705924386,0.15566907450915216,0.11340776859458615
166,166.0,165.99850514349492,0.09423521894173009,0.09949680479092178,0.08470865627830985,0.08635960775132177,0.06076251847829675,0.14592535696729617,0.09383874187719007,0.06821480410518493,0.15465640204077452,0.111801888768974
167,167.0,166.99865482534062,0.09448990613669829,0.09869408758576977,0.08418121472950549,0.08786161963106685,0.061010041267141976,0.14618275350761886,0.09190279355715003,0.06823979485698135,0.15519058130149355,0.11224720742657376
168,168.0,167.99880299074837,0.0940628871601285,0.0979133537858192,0.082593762178529,0.08797352184820079,0.06310053993010382,0.1463784062708989,0.09319089872285805,0.06775592959408527,0.15378256155444406,0.11324813895493234
169,169.0,168.99894830970783,0.09447347798292412,0.0974508694487041,0.0822986171174969,0.08914423613368237,0.06395392383254597,0.1461651661113976,0.09383693460624347,0.06688665974646414,0.15216381064201007,0.11362630437853118
170,170.0,169.99908961367427,0.09248266293078397,0.09728770907076209,0.08219296930430528,0.0886720670129426,0.0640000964648632,0.14571344631169167,0.09274818618359518,0.06934595922609127,0.15290878273230857,0.11464812076265607
171,171.0,170.99922589110733,0.0923946090741894,0.09725512606326814,0.08209601097615793,0.0887549442160654,0.06406511964717632,0.14663654578263882,0.09231891768488888,0.06919521054815254,0.15232851838707057,0.11495499762039184
172,172.0,171.99935628188598,0.0921271983745521,0.09753695937389142,0.0805410106683619,0.0893276775173764,0.0653923383519319,0.14697098948087522,0.09063011168521444,0.0676003427813549,0.15353462289458986,0.11633874887185164
173,173.0,172.99948007076793,0.09040208032715162,0.09687304086469589,0.08000219886480141,0.09165803432390539,0.06492770765465188,0.14771958019614181,0.09123603722415528,0.06792357509179502,0.15227142618180242,0.1169863192708991
174,174.0,173.99959668005403,0.08870339782869895,0.09636038688382595,0.07866801122084337,0.09230798915399346,0.06598323216273397,0.14793173417914682,0.0915746327382236,0.0689220692148379,0.15171530506702624,0.11783324155066961
175,175.0,174.99970566161096,0.08827899855426621,0.09626576648764339,0.07733435821413799,0.09189506796717474,0.06579014320896569,0.14852966180496363,0.09239031597251326,0.0699908662803268,0.1526475088234422,0.11687731268656597
