,Unnamed: 0,Total_iterations,Intertwine_two,Add_vertex,Delete_vertex,Invert_path_vertices,Insert_inside_vertex,Delete_inside_vertex,Replace_inside_vertex,Donate_between_routes
0,0.0,0.0,0.125,0.125,0.125,0.125,0.125,0.125,0.125,0.125
1,1.0,1.0,0.125,0.125,0.125,0.125,0.125,0.125,0.125,0.125
2,2.0,2.0,0.125,0.125,0.125,0.125,0.125,0.125,0.125,0.125
3,3.0,3.0,0.125,0.125,0.125,0.125,0.125,0.125,0.125,0.125
4,4.0,4.0,0.125,0.125,0.125,0.125,0.125,0.125,0.125,0.125
5,5.0,5.0,0.125,0.125,0.125,0.125,0.125,0.125,0.125,0.125
6,6.0,6.0,0.125,0.125,0.125,0.125,0.125,0.125,0.125,0.125
7,7.0,7.0,0.125,0.125,0.125,0.125,0.125,0.125,0.125,0.125
8,8.0,8.0,0.125,0.125,0.125,0.125,0.125,0.125,0.125,0.125
9,9.0,9.0,0.125,0.125,0.125,0.125,0.125,0.125,0.125,0.125
10,10.0,10.0,0.125,0.125,0.125,0.125,0.125,0.125,0.125,0.125
11,11.0,11.0,0.125,0.125,0.125,0.125,0.125,0.125,0.125,0.125
12,12.0,12.0,0.125,0.125,0.125,0.125,0.125,0.125,0.125,0.125
13,13.0,13.0,0.125,0.125,0.125,0.125,0.125,0.125,0.125,0.125
14,14.0,14.0,0.125,0.125,0.125,0.125,0.125,0.125,0.125,0.125
15,15.0,15.0,0.125,0.125,0.125,0.125,0.125,0.125,0.125,0.125
16,16.0,16.0,0.125,0.125,0.125,0.125,0.125,0.125,0.125,0.125
17,17.0,17.0,0.125,0.125,0.125,0.125,0.125,0.125,0.125,0.125
18,18.0,18.0,0.125,0.125,0.125,0.125,0.125,0.125,0.125,0.125
19,19.0,19.0,0.125,0.125,0.125,0.125,0.125,0.125,0.125,0.125
20,20.0,20.0,0.125,0.125,0.125,0.125,0.125,0.125,0.125,0.125
21,21.0,21.0,0.125,0.125,0.125,0.125,0.125,0.125,0.125,0.125
22,22.0,22.0,0.125,0.125,0.125,0.125,0.125,0.125,0.125,0.125
23,23.0,23.0,0.125,0.125,0.125,0.125,0.125,0.125,0.125,0.125
24,24.0,24.0,0.125,0.125,0.125,0.125,0.125,0.125,0.125,0.125
25,25.0,25.0,0.125,0.125,0.125,0.125,0.125,0.125,0.125,0.125
26,26.0,26.0,0.125,0.125,0.125,0.125,0.125,0.125,0.125,0.125
27,27.0,27.0,0.125,0.125,0.125,0.125,0.125,0.125,0.125,0.125
28,28.0,28.0,0.125,0.125,0.125,0.125,0.125,0.125,0.125,0.125
29,29.0,29.0,0.125,0.125,0.125,0.125,0.125,0.125,0.125,0.125
30,30.0,30.0,0.125,0.125,0.125,0.125,0.125,0.125,0.125,0.125
31,31.0,31.0,0.125,0.125,0.125,0.125,0.125,0.125,0.125,0.125
32,32.0,32.0,0.125,0.125,0.125,0.125,0.125,0.125,0.125,0.125
33,33.0,33.0,0.125,0.125,0.125,0.125,0.125,0.125,0.125,0.125
34,34.0,34.0,0.125,0.125,0.125,0.125,0.125,0.125,0.125,0.125
35,35.0,35.0,0.125,0.125,0.125,0.125,0.125,0.125,0.125,0.125
36,36.0,36.0,0.125,0.125,0.125,0.125,0.125,0.125,0.125,0.125
37,37.0,37.0,0.125,0.125,0.125,0.125,0.125,0.125,0.125,0.125
38,38.0,38.0,0.125,0.125,0.125,0.125,0.125,0.125,0.125,0.125
39,39.0,39.0,0.125,0.125,0.125,0.125,0.125,0.125,0.125,0.125
40,40.0,40.0,0.125,0.125,0.125,0.125,0.125,0.125,0.125,0.125
41,41.0,41.0,0.125,0.125,0.125,0.125,0.125,0.125,0.125,0.125
42,42.0,42.0,0.125,0.125,0.125,0.125,0.125,0.125,0.125,0.125
43,43.0,43.0,0.125,0.125,0.125,0.125,0.125,0.125,0.125,0.125
44,44.0,44.0,0.125,0.125,0.125,0.125,0.125,0.125,0.125,0.125
45,45.0,45.0,0.125,0.125,0.125,0.125,0.125,0.125,0.125,0.125
46,46.0,46.0,0.125,0.125,0.125,0.125,0.125,0.125,0.125,0.125
47,47.0,47.0,0.125,0.125,0.125,0.125,0.125,0.125,0.125,0.125
48,48.0,48.0,0.125,0.125,0.125,0.125,0.125,0.125,0.125,0.125
49,49.0,49.0,0.125,0.125,0.125,0.125,0.125,0.125,0.125,0.125
50,50.0,50.0,0.125,0.125,0.125,0.125,0.125,0.125,0.125,0.125
51,51.0,51.0,0.125,0.125,0.125,0.125,0.125,0.125,0.125,0.125
52,52.0,52.0,0.125,0.125,0.125,0.125,0.125,0.125,0.125,0.125
53,53.0,53.0,0.125,0.125,0.125,0.125,0.125,0.125,0.125,0.125
54,54.0,54.0,0.125,0.125,0.125,0.125,0.125,0.125,0.125,0.125
55,55.0,55.0,0.125,0.125,0.125,0.125,0.125,0.125,0.125,0.125
56,56.0,56.0,0.125,0.125,0.125,0.125,0.125,0.125,0.125,0.125
57,57.0,57.0,0.125,0.125,0.125,0.125,0.125,0.125,0.125,0.125
58,58.0,58.0,0.125,0.125,0.125,0.125,0.125,0.125,0.125,0.125
59,59.0,59.0,0.125,0.125,0.125,0.125,0.125,0.125,0.125,0.125
60,60.0,60.0,0.125,0.125,0.125,0.125,0.125,0.125,0.125,0.125
61,61.0,61.0,0.125,0.125,0.125,0.125,0.125,0.125,0.125,0.125
62,62.0,62.0,0.125,0.125,0.125,0.125,0.125,0.125,0.125,0.125
63,63.0,63.0,0.125,0.125,0.125,0.125,0.125,0.125,0.125,0.125
64,64.0,64.0,0.125,0.125,0.125,0.125,0.125,0.125,0.125,0.125
65,65.0,65.0,0.125,0.125,0.125,0.125,0.125,0.125,0.125,0.125
66,66.0,66.0,0.125,0.125,0.125,0.125,0.125,0.125,0.125,0.125
67,67.0,67.0,0.125,0.125,0.125,0.125,0.125,0.125,0.125,0.125
68,68.0,68.0,0.125,0.125,0.125,0.125,0.125,0.125,0.125,0.125
69,69.0,69.0,0.125,0.125,0.125,0.125,0.125,0.125,0.125,0.125
70,70.0,70.0,0.125,0.125,0.125,0.125,0.125,0.125,0.125,0.125
71,71.0,71.0,0.125,0.125,0.125,0.125,0.125,0.125,0.125,0.125
72,72.0,72.0,0.125,0.125,0.125,0.125,0.125,0.125,0.125,0.125
73,73.0,73.0,0.125,0.125,0.125,0.125,0.125,0.125,0.125,0.125
74,74.0,74.1,0.125,0.125,0.125,0.125,0.125,0.125,0.125,0.125
75,75.0,75.1,0.125,0.125,0.125,0.125,0.125,0.125,0.125,0.125
76,76.0,76.1,0.125,0.125,0.125,0.125,0.125,0.125,0.125,0.125
77,77.0,77.1,0.125,0.125,0.125,0.125,0.125,0.125,0.125,0.125
78,78.0,78.1,0.125,0.125,0.125,0.125,0.125,0.125,0.125,0.125
79,79.0,79.1,0.125,0.125,0.125,0.125,0.125,0.125,0.125,0.125
80,80.0,80.1,0.125,0.125,0.125,0.125,0.125,0.125,0.125,0.125
81,81.0,81.1,0.125,0.125,0.125,0.125,0.125,0.125,0.125,0.125
82,82.0,82.1,0.125,0.125,0.125,0.125,0.125,0.125,0.125,0.125
83,83.0,83.1,0.125,0.125,0.125,0.125,0.125,0.125,0.125,0.125
84,84.0,84.1,0.125,0.125,0.125,0.125,0.125,0.125,0.125,0.125
85,85.0,85.1,0.125,0.125,0.125,0.125,0.125,0.125,0.125,0.125
86,86.0,86.1,0.125,0.125,0.125,0.125,0.125,0.125,0.125,0.125
87,87.0,87.1,0.125,0.125,0.125,0.125,0.125,0.125,0.125,0.125
88,88.0,88.1,0.125,0.125,0.125,0.125,0.125,0.125,0.125,0.125
89,89.0,89.2,0.125,0.125,0.125,0.125,0.125,0.125,0.125,0.125
90,90.0,90.2,0.125,0.125,0.125,0.125,0.125,0.125,0.125,0.125
91,91.0,91.3,0.125,0.125,0.125,0.125,0.125,0.125,0.125,0.125
92,92.0,92.3,0.125,0.125,0.125,0.125,0.125,0.125,0.125,0.125
93,93.0,93.3,0.125,0.125,0.125,0.125,0.125,0.125,0.125,0.125
94,94.0,94.3,0.125,0.125,0.125,0.125,0.125,0.125,0.125,0.125
95,95.0,95.3,0.125,0.125,0.125,0.125,0.125,0.125,0.125,0.125
96,96.0,96.3,0.125,0.125,0.125,0.125,0.125,0.125,0.125,0.125
97,97.0,97.4,0.125,0.125,0.125,0.125,0.125,0.125,0.125,0.125
98,98.0,98.4,0.125,0.125,0.125,0.125,0.125,0.125,0.125,0.125
99,99.0,99.4,0.125,0.125,0.125,0.125,0.125,0.125,0.125,0.125
100,100.0,100.4,0.125,0.125,0.125,0.125,0.125,0.125,0.125,0.125
101,101.0,101.4,0.125,0.125,0.125,0.125,0.125,0.125,0.125,0.125
102,102.0,102.4,0.125,0.125,0.125,0.125,0.125,0.125,0.125,0.125
103,103.0,103.4,0.125,0.125,0.125,0.125,0.125,0.125,0.125,0.125
104,104.0,104.4,0.125,0.125,0.125,0.125,0.125,0.125,0.125,0.125
105,105.0,105.4,0.125,0.125,0.125,0.125,0.125,0.125,0.125,0.125
106,106.0,106.4,0.125,0.125,0.125,0.125,0.125,0.125,0.125,0.125
107,107.0,107.4,0.125,0.125,0.125,0.125,0.125,0.125,0.125,0.125
108,108.0,108.4,0.125,0.125,0.125,0.125,0.125,0.125,0.125,0.125
109,109.0,109.4,0.125,0.125,0.125,0.125,0.125,0.125,0.125,0.125
110,110.0,110.4,0.125,0.125,0.125,0.125,0.125,0.125,0.125,0.125
111,111.0,111.4,0.125,0.125,0.125,0.125,0.125,0.125,0.125,0.125
112,112.0,112.4,0.125,0.125,0.125,0.125,0.125,0.125,0.125,0.125
113,113.0,113.4,0.125,0.125,0.125,0.125,0.125,0.125,0.125,0.125
114,114.0,114.4,0.125,0.125,0.125,0.125,0.125,0.125,0.125,0.125
115,115.0,115.4,0.125,0.125,0.125,0.125,0.125,0.125,0.125,0.125
116,116.0,116.4,0.125,0.125,0.125,0.125,0.125,0.125,0.125,0.125
117,117.0,117.4,0.125,0.125,0.125,0.125,0.125,0.125,0.125,0.125
118,118.0,118.4,0.125,0.125,0.125,0.125,0.125,0.125,0.125,0.125
119,119.0,119.4,0.125,0.125,0.125,0.125,0.125,0.125,0.125,0.125
120,120.0,120.4,0.125,0.125,0.125,0.125,0.125,0.125,0.125,0.125
121,121.0,121.4,0.125,0.125,0.125,0.125,0.125,0.125,0.125,0.125
122,122.0,122.4,0.125,0.125,0.125,0.125,0.125,0.125,0.125,0.125
123,123.0,123.4,0.125,0.125,0.125,0.125,0.125,0.125,0.125,0.125
124,124.0,124.4,0.125,0.125,0.125,0.125,0.125,0.125,0.125,0.125
125,125.0,125.4,0.125,0.125,0.125,0.125,0.125,0.125,0.125,0.125
126,126.0,126.4,0.125,0.125,0.125,0.125,0.125,0.125,0.125,0.125
127,127.0,127.4,0.125,0.125,0.125,0.125,0.125,0.125,0.125,0.125
128,128.0,128.4,0.125,0.125,0.125,0.125,0.125,0.125,0.125,0.125
129,129.0,129.4,0.125,0.125,0.125,0.125,0.125,0.125,0.125,0.125
130,130.0,130.5,0.125,0.125,0.125,0.125,0.125,0.125,0.125,0.125
131,131.0,131.5,0.125,0.125,0.125,0.125,0.125,0.125,0.125,0.125
132,132.0,132.5,0.125,0.125,0.125,0.125,0.125,0.125,0.125,0.125
133,133.0,133.5,0.125,0.125,0.125,0.125,0.125,0.125,0.125,0.125
134,134.0,134.5,0.125,0.125,0.125,0.125,0.125,0.125,0.125,0.125
135,135.0,135.5,0.125,0.125,0.125,0.125,0.125,0.125,0.125,0.125
136,136.0,136.5,0.125,0.125,0.125,0.125,0.125,0.125,0.125,0.125
137,137.0,137.5,0.125,0.125,0.125,0.125,0.125,0.125,0.125,0.125
138,138.0,138.5,0.125,0.125,0.125,0.125,0.125,0.125,0.125,0.125
139,139.0,139.5,0.125,0.125,0.125,0.125,0.125,0.125,0.125,0.125
140,140.0,140.5,0.125,0.125,0.125,0.125,0.125,0.125,0.125,0.125
141,141.0,141.5,0.125,0.125,0.125,0.125,0.125,0.125,0.125,0.125
142,142.0,142.5,0.125,0.125,0.125,0.125,0.125,0.125,0.125,0.125
143,143.0,143.5,0.125,0.125,0.125,0.125,0.125,0.125,0.125,0.125
144,144.0,144.5,0.125,0.125,0.125,0.125,0.125,0.125,0.125,0.125
145,145.0,145.5,0.125,0.125,0.125,0.125,0.125,0.125,0.125,0.125
146,146.0,146.5,0.125,0.125,0.125,0.125,0.125,0.125,0.125,0.125
147,147.0,147.5,0.125,0.125,0.125,0.125,0.125,0.125,0.125,0.125
148,148.0,148.5,0.125,0.125,0.125,0.125,0.125,0.125,0.125,0.125
149,149.0,149.5,0.125,0.125,0.125,0.125,0.125,0.125,0.125,0.125
150,150.0,150.5,0.125,0.125,0.125,0.125,0.125,0.125,0.125,0.125
151,151.0,151.5,0.125,0.125,0.125,0.125,0.125,0.125,0.125,0.125
152,152.0,152.5,0.125,0.125,0.125,0.125,0.125,0.125,0.125,0.125
153,153.0,153.5,0.125,0.125,0.125,0.125,0.125,0.125,0.125,0.125
154,154.0,154.5,0.125,0.125,0.125,0.125,0.125,0.125,0.125,0.125
155,155.0,155.5,0.125,0.125,0.125,0.125,0.125,0.125,0.125,0.125
156,156.0,156.5,0.125,0.125,0.125,0.125,0.125,0.125,0.125,0.125
157,157.0,157.5,0.125,0.125,0.125,0.125,0.125,0.125,0.125,0.125
158,158.0,158.6,0.125,0.125,0.125,0.125,0.125,0.125,0.125,0.125
159,159.0,159.6,0.125,0.125,0.125,0.125,0.125,0.125,0.125,0.125
160,160.0,160.6,0.125,0.125,0.125,0.125,0.125,0.125,0.125,0.125
161,161.0,161.6,0.125,0.125,0.125,0.125,0.125,0.125,0.125,0.125
162,162.0,162.6,0.125,0.125,0.125,0.125,0.125,0.125,0.125,0.125
163,163.0,163.6,0.125,0.125,0.125,0.125,0.125,0.125,0.125,0.125
164,164.0,164.6,0.125,0.125,0.125,0.125,0.125,0.125,0.125,0.125
165,165.0,165.6,0.125,0.125,0.125,0.125,0.125,0.125,0.125,0.125
166,166.0,166.6,0.125,0.125,0.125,0.125,0.125,0.125,0.125,0.125
167,167.0,167.6,0.125,0.125,0.125,0.125,0.125,0.125,0.125,0.125
168,168.0,168.6,0.125,0.125,0.125,0.125,0.125,0.125,0.125,0.125
169,169.0,169.6,0.125,0.125,0.125,0.125,0.125,0.125,0.125,0.125
170,170.0,170.6,0.125,0.125,0.125,0.125,0.125,0.125,0.125,0.125
171,171.0,171.6,0.125,0.125,0.125,0.125,0.125,0.125,0.125,0.125
172,172.0,172.6,0.125,0.125,0.125,0.125,0.125,0.125,0.125,0.125
173,173.0,173.6,0.125,0.125,0.125,0.125,0.125,0.125,0.125,0.125
174,174.0,174.6,0.125,0.125,0.125,0.125,0.125,0.125,0.125,0.125
175,175.0,175.6,0.125,0.125,0.125,0.125,0.125,0.125,0.125,0.125
176,176.0,176.6,0.125,0.125,0.125,0.125,0.125,0.125,0.125,0.125
177,177.0,177.6,0.125,0.125,0.125,0.125,0.125,0.125,0.125,0.125
178,178.0,178.6,0.125,0.125,0.125,0.125,0.125,0.125,0.125,0.125
179,179.0,179.6,0.125,0.125,0.125,0.125,0.125,0.125,0.125,0.125
180,180.0,180.6,0.125,0.125,0.125,0.125,0.125,0.125,0.125,0.125
181,181.0,181.6,0.125,0.125,0.125,0.125,0.125,0.125,0.125,0.125
182,182.0,182.6,0.125,0.125,0.125,0.125,0.125,0.125,0.125,0.125
183,183.0,183.6,0.125,0.125,0.125,0.125,0.125,0.125,0.125,0.125
184,184.0,184.6,0.125,0.125,0.125,0.125,0.125,0.125,0.125,0.125
185,185.0,185.6,0.125,0.125,0.125,0.125,0.125,0.125,0.125,0.125
186,186.0,186.6,0.125,0.125,0.125,0.125,0.125,0.125,0.125,0.125
187,187.0,187.6,0.125,0.125,0.125,0.125,0.125,0.125,0.125,0.125
188,188.0,188.6,0.125,0.125,0.125,0.125,0.125,0.125,0.125,0.125
189,189.0,189.6,0.125,0.125,0.125,0.125,0.125,0.125,0.125,0.125
190,190.0,190.6,0.125,0.125,0.125,0.125,0.125,0.125,0.125,0.125
191,191.0,191.6,0.125,0.125,0.125,0.125,0.125,0.125,0.125,0.125
192,192.0,192.6,0.125,0.125,0.125,0.125,0.125,0.125,0.125,0.125
193,193.0,193.6,0.125,0.125,0.125,0.125,0.125,0.125,0.125,0.125
194,194.0,194.6,0.125,0.125,0.125,0.125,0.125,0.125,0.125,0.125
195,195.0,195.6,0.125,0.125,0.125,0.125,0.125,0.125,0.125,0.125
196,196.0,196.6,0.125,0.125,0.125,0.125,0.125,0.125,0.125,0.125
197,197.0,197.6,0.125,0.125,0.125,0.125,0.125,0.125,0.125,0.125
198,198.0,198.6,0.125,0.125,0.125,0.125,0.125,0.125,0.125,0.125
199,199.0,199.6,0.12222222222222223,0.12222222222222223,0.13333333333333333,0.12222222222222223,0.12222222222222223,0.13333333333333333,0.12222222222222223,0.12222222222222223
200,200.0,200.6,0.11972222222222222,0.11972222222222222,0.13972222222222222,0.11972222222222222,0.11972222222222222,0.1308333333333333,0.11972222222222222,0.1308333333333333
201,201.0,201.6,0.11833333333333333,0.11729166666666666,0.13937499999999997,0.12944444444444442,0.11833333333333333,0.12944444444444442,0.11833333333333333,0.12944444444444442
202,202.0,202.6,0.11694444444444445,0.11590277777777777,0.1379861111111111,0.12805555555555553,0.11694444444444445,0.13916666666666666,0.11694444444444445,0.12805555555555553
203,203.0,203.6,0.11381313131313131,0.11172979797979798,0.13407828282828282,0.12381313131313132,0.12381313131313132,0.1540151515151515,0.11381313131313131,0.12492424242424242
204,204.0,204.6,0.11199494949494948,0.10991161616161615,0.132260101010101,0.12108585858585856,0.13017676767676767,0.15946969696969698,0.11199494949494948,0.1231060606060606
205,205.0,205.6,0.11047979797979797,0.10839646464646462,0.13074494949494947,0.1281881313131313,0.12610479797979796,0.1556818181818182,0.11047979797979797,0.12992424242424244
206,206.0,206.6,0.10908119658119657,0.10699786324786323,0.12783119658119657,0.1255074786324786,0.13111645299145297,0.16185897435897437,0.10908119658119657,0.128525641025641
207,207.0,207.6,0.11328144078144078,0.11405525030525028,0.13129884004884004,0.12915827228327226,0.1265254884004884,0.1546001221001221,0.10613858363858361,0.12494200244200244
208,208.0,208.6,0.11273199023199024,0.11350579975579973,0.12965048840048837,0.12805937118437116,0.12597603785103786,0.15295177045177044,0.11273199023199024,0.1243925518925519
209,209.0,209.6,0.11225579975579973,0.10302960927960925,0.12822191697191695,0.1337736568986569,0.12549984737484737,0.16152319902319903,0.11177960927960928,0.12391636141636139
210,210.0,210.6,0.10997766122766121,0.1074776612276612,0.13467754467754467,0.13018599456099456,0.12893599456099453,0.15706973581973582,0.10956099456099455,0.12211441336441335
211,211.0,211.6,0.10914432789432789,0.10706099456099456,0.140510878010878,0.12893599456099455,0.1268526612276612,0.15665306915306915,0.10914432789432789,0.12169774669774669
212,212.0,212.6,0.10838675213675213,0.10630341880341879,0.1473290598290598,0.1281784188034188,0.12609508547008547,0.1543803418803419,0.10838675213675213,0.12094017094017093
213,213.0,213.6,0.10682467386414754,0.10577204228520017,0.1455594916779127,0.13431961313540258,0.12557467386414753,0.15364147548358073,0.1078773054430949,0.12043072424651372
214,214.0,214.6,0.10719627594627594,0.1051129426129426,0.14375763125763125,0.1330891330891331,0.12490460927960927,0.1589934371184371,0.10719627594627594,0.11974969474969474
215,215.0,215.6,0.10898199023199022,0.10600579975579974,0.14554334554334553,0.12862484737484736,0.12222603785103785,0.15988629426129425,0.10808913308913308,0.12064255189255188
216,216.0,216.6,0.10802960927960928,0.10552960927960926,0.14459096459096457,0.1276724664224664,0.12032127594627592,0.15941010378510378,0.1076129426129426,0.12683302808302807
217,217.0,217.6,0.10802960927960928,0.10552960927960926,0.14459096459096457,0.1276724664224664,0.12032127594627592,0.15941010378510378,0.1076129426129426,0.12683302808302807
218,218.0,218.6,0.11691849816849817,0.10372405372405372,0.14236874236874236,0.1254502442002442,0.12351572039072038,0.15760454822954822,0.10580738705738706,0.12461080586080586
219,219.0,219.6,0.11636904761904762,0.10317460317460317,0.14126984126984127,0.12490079365079365,0.12296626984126983,0.16254960317460315,0.10525793650793651,0.12351190476190474
220,220.0,220.6,0.09900793650793652,0.11428571428571428,0.14751984126984125,0.12490079365079365,0.12296626984126983,0.16254960317460315,0.10525793650793651,0.12351190476190474
221,221.0,221.6,0.09831349206349205,0.1062301587301587,0.1543253968253968,0.12503968253968253,0.12227182539682539,0.16268849206349206,0.10831349206349206,0.1228174603174603
222,222.0,222.6,0.09740440115440115,0.11350288600288598,0.1534163059163059,0.12413059163059162,0.12136273448773446,0.16177940115440112,0.10649531024531023,0.12190836940836938
223,223.0,223.6,0.09698773448773448,0.11308621933621932,0.15799963924963922,0.12288059163059162,0.1209460678210678,0.16052940115440112,0.10607864357864358,0.1214917027417027
224,224.0,224.6,0.09550897631779984,0.11160746116628469,0.16093264578558691,0.1206665393430099,0.12946730965113318,0.15831534886681944,0.10459988540870893,0.11890183346065697
225,225.0,225.6,0.09459988540870892,0.11069837025719378,0.16002355487649603,0.119757448433919,0.13674003692386044,0.15740625795772853,0.10369079449961802,0.11708365164247514
226,226.0,226.6,0.09459988540870892,0.11069837025719378,0.16002355487649603,0.12563980137509548,0.13674003692386044,0.15152390501655205,0.10369079449961802,0.11708365164247514
227,227.0,227.6,0.09427308802308801,0.11037157287157284,0.15806277056277054,0.12433261183261182,0.1364132395382395,0.15087031024531022,0.1033639971139971,0.12231240981240979
228,228.0,228.6,0.0939806903622693,0.11007917521075414,0.17066245158350418,0.12316302118933695,0.1361208418774208,0.1502855149236728,0.0939806903622693,0.12172761449077237
229,229.0,229.6,0.0929599567099567,0.10905844155844154,0.16806277056277052,0.12135281385281385,0.13358495670995668,0.14900162337662334,0.10129329004329002,0.12468614718614716
230,230.0,230.6,0.09160464535464535,0.10630452880452879,0.18056027306027306,0.11928321678321677,0.13094759407259404,0.14550345487845484,0.09929695304695305,0.12649933399933397
231,231.0,231.6,0.09008116883116882,0.11180735930735927,0.18076839826839824,0.11711038961038958,0.13546807359307358,0.14376352813852813,0.09722402597402595,0.12377705627705626
232,232.0,232.6,0.0898835403726708,0.11160973084886125,0.1835351966873706,0.11631987577639749,0.13527044513457553,0.14336827122153206,0.09702639751552793,0.12298654244306415
233,233.0,233.6,0.08906135531135528,0.10950549450549447,0.1841483516483516,0.11495421245421242,0.13444826007326005,0.1423649267399267,0.10389652014652011,0.12162087912087911
234,234.0,234.6,0.08834523809523807,0.10769047619047616,0.18797619047619046,0.11373809523809522,0.13373214285714285,0.14148214285714283,0.10663095238095237,0.12040476190476188
235,235.0,235.6,0.0878690476190476,0.1129285714285714,0.18607142857142855,0.11326190476190474,0.12611309523809522,0.14100595238095234,0.10567857142857143,0.12707142857142856
236,236.0,236.6,0.08745238095238095,0.11251190476190473,0.18482142857142855,0.11284523809523808,0.12569642857142854,0.14517261904761905,0.10526190476190475,0.12623809523809523
237,237.0,237.6,0.08729853479853478,0.11235805860805859,0.18712912087912087,0.11222985347985345,0.1255425824175824,0.14486492673992674,0.10495421245421244,0.1256227106227106
238,238.0,238.6,0.08678843759726111,0.11184796140678491,0.18816293183940241,0.11129240585122938,0.12503248521630872,0.14825649704326171,0.10430166511048862,0.12431761593526298
239,239.0,239.6,0.08777167277167275,0.11283119658119656,0.17810897435897433,0.11332112332112329,0.13178495115995112,0.14714667277167276,0.1107081807081807,0.1183272283272283
240,240.0,240.6,0.09424192665571973,0.1121585933223864,0.17595853858784888,0.11172961138478377,0.12891454570333877,0.14979919266557196,0.10991242474001092,0.11728516694033934
241,241.0,241.6,0.0941269841269841,0.11204365079365078,0.177797619047619,0.11126984126984125,0.12879960317460315,0.14945436507936508,0.10968253968253965,0.1168253968253968
242,242.0,242.6,0.09695286603605786,0.11164372625111163,0.17541504972107685,0.1105473360821408,0.128399678632064,0.1523481587032096,0.10888269059746136,0.11581049397687766
243,243.0,243.6,0.09961309523809522,0.11127976190476188,0.1782142857142857,0.10988095238095237,0.12803571428571428,0.14994047619047618,0.10815476190476189,0.11488095238095235
244,244.0,244.6,0.09337662337662336,0.12070887445887442,0.1780790043290043,0.11188311688311685,0.11722673160173158,0.1538771645021645,0.10915584415584415,0.11569264069264067
245,245.0,245.6,0.09199202758026284,0.1183853156647274,0.18365519284636928,0.10976836888601593,0.12045262335703508,0.15509574983839686,0.10738418444300794,0.11326653738418442
246,246.0,246.6,0.09095238095238094,0.12410714285714282,0.18065476190476185,0.10809523809523806,0.11848214285714283,0.15485119047619045,0.11095238095238091,0.11190476190476188
247,247.0,247.6,0.09031926406926405,0.12305735930735925,0.17915584415584412,0.11200757575757574,0.11659902597402594,0.15916937229437228,0.10946969696969695,0.11022186147186146
248,248.0,248.6,0.09446946169772255,0.12285973084886126,0.178167701863354,0.11161231884057969,0.11640139751552792,0.1577859730848861,0.10887681159420289,0.10982660455486541
249,249.0,249.6,0.09410714285714283,0.12267857142857139,0.18142857142857138,0.11124999999999996,0.11622023809523807,0.15651785714285713,0.10833333333333331,0.10946428571428568
250,250.0,250.6,0.09377380952380951,0.12251190476190472,0.1804285714285714,0.11091666666666664,0.1160535714285714,0.15535119047619045,0.10783333333333331,0.11313095238095236
251,251.0,251.6,0.09377380952380951,0.12251190476190472,0.1804285714285714,0.11091666666666664,0.1160535714285714,0.15535119047619045,0.10783333333333331,0.11313095238095236
252,252.0,252.6,0.0934661172161172,0.12235805860805857,0.17950549450549447,0.11060897435897432,0.11589972527472525,0.15812042124542122,0.10737179487179485,0.1126694139194139
253,253.0,253.6,0.0931812169312169,0.12221560846560844,0.17865079365079362,0.11032407407407405,0.1157572751322751,0.1569808201058201,0.10694444444444443,0.11594576719576717
254,254.0,254.6,0.09397727272727271,0.12225649350649348,0.17439393939393935,0.10360930735930733,0.11579816017316016,0.16696158008658007,0.10689393939393939,0.11610930735930733
255,255.0,255.6,0.09295337100357384,0.12061564280884765,0.17202018738529892,0.10253030522553848,0.1176055853375833,0.16401302762484302,0.11253670433690717,0.11772517627740749
256,256.0,256.6,0.09244047619047617,0.12041666666666664,0.17357142857142854,0.10196428571428569,0.11729166666666664,0.16544642857142855,0.1120238095238095,0.11684523809523809
257,257.0,257.6,0.0923758320532514,0.12772977470558114,0.17498143881208394,0.10184843830005116,0.11866391449052735,0.16486399129544288,0.09904249871991806,0.12049411162314387
258,258.0,258.6,0.09150659588159586,0.1267205598455598,0.17593307593307592,0.10092985842985842,0.11672055984555985,0.16269868082368083,0.09817326254826253,0.12731740669240668
259,259.0,259.6,0.09122250497250495,0.12662586287586283,0.17820580320580318,0.10074046449046448,0.1165311659061659,0.16194110506610507,0.09788917163917162,0.12684392184392182
260,260.0,260.6,0.09122250497250495,0.13329252954252951,0.17820580320580318,0.10074046449046448,0.1165311659061659,0.15527443839943839,0.09788917163917162,0.12684392184392182
261,261.0,261.6,0.0905384586266939,0.13737006964948137,0.17698699750170338,0.10014554470436823,0.1151029127867363,0.15041926905897493,0.09720512529336056,0.1322316223786812
262,262.0,262.6,0.09017081156787037,0.1362671284730108,0.17661935044287985,0.0997778976455447,0.11363232455144219,0.1500516220001514,0.09683747823453703,0.13664338708456353
263,263.0,263.6,0.09017081156787037,0.1362671284730108,0.17661935044287985,0.0997778976455447,0.11363232455144219,0.15299279847073963,0.09683747823453703,0.1337022106139753
264,264.0,264.6,0.08991871072753424,0.13618309485956542,0.1787201907790143,0.09960983041865394,0.11346425732455143,0.15215246233628585,0.09658537739420091,0.13336607616019377
265,265.0,265.6,0.089680615489439,0.14235372978020036,0.18070431776314128,0.09945110025992376,0.11330552716582128,0.15135881154263506,0.09634728215610568,0.12679861584273347
266,266.0,266.6,0.08945539026421379,0.14227865470512527,0.17987849193731545,0.09930095010977362,0.1131553770156711,0.153310763494587,0.09612205693088045,0.12649831554243318
267,267.0,267.6,0.08945539026421379,0.14227865470512527,0.17987849193731545,0.09930095010977362,0.1131553770156711,0.153310763494587,0.09612205693088045,0.12649831554243318
268,268.0,268.6,0.08945539026421379,0.14227865470512527,0.17987849193731545,0.09930095010977362,0.1131553770156711,0.1560134661972897,0.09341935422817774,0.12649831554243318
269,269.0,269.6,0.08924201899821094,0.148457530949791,0.17909613062863836,0.09915870259910506,0.10676312950500255,0.15515998113327834,0.09327710671750918,0.12884539946846446
270,270.0,270.6,0.08867194278958983,0.1516988780959369,0.1779862433538904,0.09865610277374981,0.10589288262082378,0.15617907298054357,0.09277450689215394,0.12814037049331164
271,271.0,271.6,0.08815283771166123,0.15457595200242258,0.17695431776314127,0.09820110025992376,0.10511108272137681,0.1571921448759684,0.0923195043783279,0.1274930602871779
272,272.0,272.6,0.08767751322157422,0.15188339744529805,0.1784302127852494,0.09778675137959285,0.1044043361802272,0.1610168489124824,0.09190515549799698,0.12689578457757872
273,273.0,273.6,0.08724013929896282,0.15445690438337495,0.1798511431599667,0.097407449466273,0.10376187637217046,0.15941436709819062,0.0915258535846771,0.12634226663638426
274,274.0,274.6,0.0870740263421522,0.15440153339777138,0.1791313203471206,0.09729670749506589,0.10365113440096338,0.16096475469508983,0.09141511161347002,0.12606541170836655
275,275.0,275.6,0.0877600585688821,0.15477097657244715,0.18037910618792968,0.09575518843901196,0.10396772345301755,0.15687802393684744,0.09215399796282149,0.12833492487904252
276,276.0,276.6,0.08757066462948815,0.15467627960275016,0.1822730455818691,0.09547109752992104,0.10387302648332057,0.15640453908836258,0.09196460402342754,0.12776674306086072
277,277.0,277.6,0.08739241151005857,0.15458715304303536,0.18111440030557674,0.09520371785077666,0.10378389992360577,0.15595890628978862,0.09178635090399796,0.13017316017316016
278,278.0,278.6,0.08698624904507254,0.15688407181054237,0.1797838680926916,0.09471352177234527,0.10322367583396992,0.15768159536541887,0.09138018843901195,0.1293468296409473
279,279.0,279.6,0.08676963103775688,0.15902206301830102,0.18160121095654608,0.09436468456304296,0.10281711856694753,0.15780106246163014,0.08878513491372586,0.1288390944820493
280,280.0,280.6,0.08646091851974202,0.15889413382060438,0.18480785311667663,0.09403375109257459,0.10263633524662934,0.15653557921940273,0.08858213064095415,0.128049298343416
281,281.0,281.6,0.08616715585755833,0.15877250501476506,0.18300403973391585,0.09371936972556165,0.10246420139028496,0.15796222117236047,0.08838937807978055,0.12952112902577298
282,282.0,282.6,0.0856896470962967,0.16063300403773545,0.18365289761389503,0.09322269375977814,0.10190484973253514,0.15615319622832408,0.08800848767600684,0.13073522385542843
283,283.0,283.6,0.08524152214077119,0.1623342422075213,0.18177014422790388,0.09275671970916025,0.10138592138983252,0.15657700846295966,0.08765286965850169,0.1322815722033494
284,284.0,284.6,0.08511957092125899,0.16227326659776517,0.18085551008156242,0.09257379287989194,0.1013249457800764,0.15852822797515478,0.08753091843898948,0.13179376732530063
285,285.0,285.6,0.08498659219785473,0.16222894035663044,0.1801462902234064,0.09248514039762243,0.1012362932978069,0.15994666769146682,0.08748659219785473,0.13148348363735735
286,286.0,286.6,0.08485904117744655,0.16218642334982772,0.17946601811456284,0.092400106384017,0.10115125928420146,0.1613072119091539,0.087444075191052,0.1311858645897383
287,287.0,287.6,0.08473659219785472,0.1621456070232971,0.18081295689007307,0.09231847373095578,0.10106962663114023,0.1581743099678896,0.0898422832547653,0.13090015030402402
288,288.0,288.6,0.08450280112044817,0.16204831932773106,0.18361694677871143,0.0920658263305322,0.1009331232492997,0.15704306722689074,0.08962885154061623,0.13016106442577027
289,289.0,289.6,0.08427893697729535,0.16195524095147898,0.1863009362958063,0.09182429859242443,0.100802337482399,0.15595907370103673,0.08942503119315703,0.12945414480640197
290,290.0,290.6,0.08267548643242315,0.1715883245808329,0.18521091484049307,0.09020427839517738,0.09928802553039509,0.15580324310970814,0.08784129546615671,0.12738843164481342
291,291.0,291.6,0.08145955351837701,0.16933116175763233,0.1934009917098152,0.08902328608210959,0.0981070332173273,0.15594999363381717,0.08669524375406726,0.12603273632685397
292,292.0,292.6,0.08145955351837701,0.16933116175763233,0.1934009917098152,0.08902328608210959,0.0981070332173273,0.15594999363381717,0.08669524375406726,0.12603273632685397
293,293.0,293.6,0.08055046260928611,0.16751297993945052,0.1915828098916334,0.08811419517301869,0.10628885139914548,0.15504090272472623,0.08578615284497636,0.12512364541776305
294,294.0,294.6,0.08082824038706389,0.1636914311179017,0.1931063789152024,0.0884256429844665,0.11152454163483574,0.1510257512095747,0.0861312706900942,0.12526674306086066
295,295.0,295.6,0.0797756335735875,0.16810560390163967,0.19249749504544894,0.08740550370345763,0.10935156967925508,0.15363632903754385,0.08514359894155288,0.12408426611751418
296,296.0,296.6,0.07907591376631622,0.16825217738917425,0.1963202264711552,0.08446438494426108,0.11526391629526303,0.15048098895428613,0.08461476088411071,0.12152763129543312
297,297.0,297.6,0.08240397308348624,0.17768468881805594,0.19531927138671556,0.08067983515245176,0.11752332254740974,0.13365089426575227,0.08800331626903633,0.12473469847709198
298,298.0,298.6,0.08231630505309466,0.1818221328079254,0.1946471498203801,0.08062138979885738,0.11746487719381535,0.13062391199417617,0.08797409359223914,0.12453013973951159
299,299.0,299.6,0.08064425770308122,0.18544467787114843,0.19082282913165263,0.08897759103641453,0.11486869747899157,0.13013830532212883,0.08635854341736693,0.12274509803921566
300,300.0,300.6,0.08014562382329979,0.18333402213344355,0.18936108049777284,0.08850627956100472,0.1198140526702484,0.13078721242595398,0.08591455434632869,0.1221371745419479
301,301.0,301.6,0.07935267693279191,0.18248300323364414,0.18858819484683842,0.08680424176140593,0.11896303377044903,0.1394336066821043,0.08274065507486844,0.12163458769789763
302,302.0,302.6,0.07923653291420889,0.1886749312243526,0.18129289867959103,0.08668809774282289,0.1189049617611575,0.13896903060777216,0.0826245110562854,0.12360903601380938
303,303.0,303.6,0.07937181429949028,0.20251819580291133,0.18067060430729664,0.08606580337052852,0.11576643362262935,0.13834673623547777,0.08275979244156678,0.11450061992009915
304,304.0,304.6,0.07792780079665322,0.19768482655777736,0.18627787285574166,0.0895363197822214,0.11889147851238013,0.13626169709161512,0.08131577893872974,0.11210422546488119
305,305.0,305.6,0.0778335143675323,0.2009865952404463,0.188431544386294,0.08912231328791018,0.11783460468713998,0.13703496840130341,0.07872782331062175,0.11002863631875184
306,306.0,306.6,0.0769050559263474,0.20510400967818,0.18698396026204903,0.08795801935636001,0.11997732829944943,0.13542071761039173,0.07785400967818001,0.10979689918904231
307,307.0,307.6,0.07670958879829848,0.20501949663239985,0.1876798416637126,0.08778899326479969,0.11986637421718067,0.12829503426680847,0.08546180432470754,0.10917886683209263
308,308.0,308.6,0.07615439485275326,0.2071002887141738,0.18796712024106005,0.08725940095775934,0.12453921171927325,0.12448288322484627,0.0850131846417756,0.1074835156483583
309,309.0,309.6,0.07559934655138141,0.20682611558338299,0.19249639733651358,0.0867291542436891,0.12272088054064796,0.12340700159014109,0.08450773951500694,0.10771336463923671
310,310.0,310.6,0.07509238336349718,0.20662214009980223,0.1957163437564294,0.08624622951734331,0.12107586254694573,0.12472081210529799,0.08404885325019962,0.10647737536048427
311,311.0,311.6,0.07313242313242312,0.21272408147408145,0.18412018537018537,0.0843095793095793,0.11813804251304247,0.1368003524253524,0.08218836718836717,0.10858696858696856
312,312.0,312.6,0.07267016508395815,0.21259147461733666,0.18925677292056603,0.08384732126111435,0.11676569838207766,0.13593405397284702,0.08177661419040728,0.10715789957169264
313,313.0,313.6,0.0790991107147208,0.21142165013797293,0.19028970278542318,0.08260657340128796,0.11557325970099526,0.13433615659298986,0.08060678971104354,0.10606675695556625
314,314.0,314.6,0.07872430632583408,0.21027119650857293,0.19000720730053727,0.08225371809053997,0.11916276175536131,0.13310844473296995,0.08032213694744442,0.10615022833873981
315,315.0,315.6,0.07846273924841023,0.20926174134310754,0.19015445987745738,0.08201346388609139,0.12247981980387716,0.13237799445009002,0.08010319561597114,0.10514658577499494
316,316.0,316.6,0.07810452549814251,0.20936972306653154,0.1950916075650118,0.08167595406957107,0.12100662782843633,0.13086520601148258,0.07978638973319821,0.10409996622762578
317,317.0,317.6,0.07776996977671717,0.2062582044927231,0.200873535692919,0.08136151907249181,0.12105225643880824,0.1300678736300975,0.07949207546046506,0.10312456543577793
318,318.0,318.6,0.07755743817686163,0.20546941190815585,0.20469645612147325,0.08116854928797272,0.1200704940697219,0.1294054202775033,0.07931866749128243,0.10231356266702869
319,319.0,319.6,0.07755743817686163,0.20546941190815585,0.20469645612147325,0.08116854928797272,0.1200704940697219,0.1294054202775033,0.07931866749128243,0.10231356266702869
320,320.0,320.6,0.08111869173811519,0.20475716119590515,0.20369930512432227,0.08102609914552258,0.11921579321502104,0.12926297013505317,0.07917621734883229,0.1017437620972281
321,321.0,321.6,0.08471570544151188,0.20424085323278868,0.19716409486570774,0.08118395940976582,0.11856721011962945,0.132709031559838,0.07918900991481634,0.10223013545594191
322,322.0,322.6,0.08293591705229635,0.20467283674180226,0.19856073045728218,0.07961079389958696,0.11764492212768071,0.13208824700204008,0.07900473329352638,0.10548181942578494
323,323.0,323.6,0.08259108946608944,0.20409812409812406,0.19775613275613274,0.07949585137085133,0.12028860028860026,0.13197330447330446,0.07888979076479075,0.10490710678210677
324,324.0,324.6,0.08193571661313592,0.2026026974817297,0.19657595540660056,0.07881743704324347,0.11806134501699014,0.13153298538379182,0.0784494716752781,0.11202439137923006
325,325.0,325.6,0.08141684704184701,0.20036706349206349,0.20019931457431453,0.07828373015873014,0.11939844877344874,0.13121572871572867,0.07813221500721498,0.1109866522366522
326,326.0,326.6,0.08126772190929135,0.19847884809311106,0.1951500480490406,0.07812637050707036,0.12216685392785602,0.1325863744627,0.07800618669653661,0.1142175963543938
327,327.0,327.6,0.08087097422173999,0.19890436016733898,0.19521310015848872,0.07792799666329468,0.12406727606854329,0.1319051032346185,0.07780781285276095,0.11330337663321466
328,328.0,328.6,0.08061887338140387,0.1984841921001121,0.19748200772151395,0.07784396304984931,0.12331097354753488,0.1318210696211731,0.07772377923931557,0.11271514133909702
329,329.0,329.6,0.08038077814330864,0.1980873667032867,0.19825553779081867,0.07776459797048423,0.12259668783324917,0.13174170454180803,0.07764441415995048,0.11352891285709388
330,330.0,330.6,0.08011642928741047,0.20063360598316304,0.19708764454546063,0.0776699610800727,0.12162385294367858,0.13256647297221025,0.07754977726953895,0.11275225591846512
331,331.0,331.6,0.07990305802140762,0.20027798720649165,0.19651865450278636,0.07759883732473842,0.12354419433770418,0.13249534921687597,0.07747865351420466,0.11218326587579083
332,332.0,332.6,0.08028816713565667,0.20047054176361617,0.1997920819739032,0.07798394643898746,0.1237367488948287,0.1265261579460159,0.07767120807132918,0.11353114777566246
333,333.0,333.6,0.0804164173260444,0.2027182675718225,0.1960988740035618,0.07809263481403872,0.12397368746026767,0.12712389170447874,0.07777989644638046,0.11379633067340544
334,334.0,334.6,0.08028816713565667,0.2034117182342044,0.19546201661442605,0.07798394643898746,0.1237367488948287,0.1279150468349048,0.07767120807132918,0.11353114777566246
335,335.0,335.6,0.0802041335222113,0.1997361610548109,0.1997258090879372,0.07789991282554207,0.12356868166793793,0.125199434274091,0.07758717445788381,0.11607869310958552
336,336.0,336.6,0.0802041335222113,0.1997361610548109,0.1997258090879372,0.07789991282554207,0.12356868166793793,0.125199434274091,0.07758717445788381,0.11607869310958552
337,337.0,337.6,0.0837770917393504,0.1980263995618767,0.1977722161854933,0.07814503855065298,0.12610857012146612,0.12313626578949921,0.07783230018299471,0.11520211786866633
338,338.0,338.6,0.08351656723969544,0.19747256933413343,0.19714937284525866,0.08187002129737486,0.12478351836163175,0.12287574128984427,0.07757177568333977,0.11476043394872153
339,339.0,339.6,0.08475835127725415,0.20030590266746678,0.1952409221410333,0.08137002129737485,0.12378351836163175,0.12270907462317762,0.07740510901667311,0.11442710061538822
340,340.0,340.6,0.08194077766059187,0.19947573968858795,0.19473585453074613,0.0809729546339453,0.12887713486204194,0.12215021669936525,0.07731573466093586,0.11453158726378536
341,341.0,341.6,0.08163159919468496,0.1990365457461708,0.1936989283447466,0.08086989514530966,0.12796069522682713,0.12296039921986204,0.07721267517230022,0.11662926195009823
342,342.0,342.6,0.08131842888151466,0.1966126933223184,0.19314766279348106,0.08341815769357222,0.1297195969857289,0.12280595906542188,0.07705823501786008,0.11591926624010254
343,343.0,343.6,0.080879629758505,0.19580895436068468,0.19082887514664731,0.08647718838418188,0.13038595159945193,0.12251731009256242,0.07676958604500059,0.11633250461296603
344,344.0,344.6,0.08074735462622988,0.1983221818739122,0.1904320497498219,0.08594808785508135,0.12946002567352602,0.12238503496028727,0.07663731091272545,0.11606795434841577
345,345.0,345.6,0.08062420191687028,0.19721380748967574,0.19006259162174308,0.0828238980702745,0.13122953565537718,0.12226188225092767,0.07651415820336585,0.11926992479176553
346,346.0,346.6,0.08038624801782693,0.19683557690136635,0.19383515745357846,0.08227813990971881,0.1300809857717752,0.12159816011789693,0.07631322762901707,0.11867250419881996
347,347.0,347.6,0.08033219396377289,0.19681755888334834,0.19466398628240728,0.0822601218917008,0.13000891369970313,0.12112969164942847,0.07629520961099906,0.11849232401863978
348,348.0,348.6,0.08151144171093234,0.1971750531152059,0.18892416215633528,0.07981854337966392,0.1296313942186183,0.11936157097553528,0.07680779069149188,0.1267700437522169
349,349.0,349.6,0.08139920157622751,0.19776772103778395,0.18966633077077605,0.07974047959492488,0.12931913907966228,0.11883921464124059,0.07672972690675284,0.12653818639263167
350,350.0,350.6,0.08139920157622751,0.19776772103778395,0.18966633077077605,0.07974047959492488,0.12931913907966228,0.11883921464124059,0.07672972690675284,0.12653818639263167
351,351.0,351.6,0.07219291974261122,0.18899791345430914,0.1965996924006572,0.08292242639741496,0.12477082272425762,0.12942884395646412,0.07815728774433066,0.12693009357995483
352,352.0,352.6,0.07213242367485562,0.18896766542043134,0.19620646796024582,0.08437433202354927,0.12464983058874643,0.12900537148217495,0.07791530347330829,0.12674860537668803
353,353.0,353.6,0.06869776224343224,0.18566303311741808,0.1945672925679243,0.08080669562936127,0.1323686413664527,0.1338561974230539,0.07440611243271464,0.12963426521964272
354,354.0,354.6,0.06910458553161147,0.18884600969229212,0.19679336852281382,0.08067864990809519,0.12309847590777959,0.13358690876393473,0.07433456388658984,0.1335574377868831
355,355.0,355.6,0.0690499407228683,0.18881868728792053,0.19641085486161164,0.08204477012667444,0.12298918629029323,0.13317707269836093,0.07411598465161714,0.1333935033606536
