Total_iterations,Unnamed: 0.1,Intertwine_two,Add_vertex,Delete_vertex,Invert_path_vertices,Insert_inside_vertex,Delete_inside_vertex,Replace_inside_vertex,Donate_between_routes
0,0.0,0.125,0.125,0.125,0.125,0.125,0.125,0.125,0.125
1,1.0,0.125,0.125,0.125,0.125,0.125,0.125,0.125,0.125
2,2.0,0.125,0.125,0.125,0.125,0.125,0.125,0.125,0.125
3,3.0,0.125,0.125,0.125,0.125,0.125,0.125,0.125,0.125
4,4.0,0.125,0.125,0.125,0.125,0.125,0.125,0.125,0.125
5,5.0,0.125,0.125,0.125,0.125,0.125,0.125,0.125,0.125
6,6.0,0.125,0.125,0.125,0.125,0.125,0.125,0.125,0.125
7,7.0,0.125,0.125,0.125,0.125,0.125,0.125,0.125,0.125
8,8.0,0.125,0.125,0.125,0.125,0.125,0.125,0.125,0.125
9,9.0,0.125,0.125,0.125,0.125,0.125,0.125,0.125,0.125
10,10.0,0.125,0.125,0.125,0.125,0.125,0.125,0.125,0.125
11,11.0,0.125,0.125,0.125,0.125,0.125,0.125,0.125,0.125
12,12.0,0.125,0.125,0.125,0.125,0.125,0.125,0.125,0.125
13,13.0,0.125,0.125,0.125,0.125,0.125,0.125,0.125,0.125
14,14.0,0.125,0.125,0.125,0.125,0.125,0.125,0.125,0.125
15,15.0,0.125,0.125,0.125,0.125,0.125,0.125,0.125,0.125
16,16.0,0.125,0.125,0.125,0.125,0.125,0.125,0.125,0.125
17,17.0,0.125,0.125,0.125,0.125,0.125,0.125,0.125,0.125
18,18.0,0.125,0.125,0.125,0.125,0.125,0.125,0.125,0.125
19,19.0,0.125,0.125,0.125,0.125,0.125,0.125,0.125,0.125
20,20.0,0.125,0.125,0.125,0.125,0.125,0.125,0.125,0.125
21,21.0,0.125,0.125,0.125,0.125,0.125,0.125,0.125,0.125
22,22.0,0.125,0.125,0.125,0.125,0.125,0.125,0.125,0.125
23,23.0,0.125,0.125,0.125,0.125,0.125,0.125,0.125,0.125
24,24.0,0.125,0.125,0.125,0.125,0.125,0.125,0.125,0.125
25,25.0,0.125,0.125,0.125,0.125,0.125,0.125,0.125,0.125
26,26.0,0.125,0.125,0.125,0.125,0.125,0.125,0.125,0.125
27,27.0,0.125,0.125,0.125,0.125,0.125,0.125,0.125,0.125
28,28.0,0.125,0.125,0.125,0.125,0.125,0.125,0.125,0.125
29,29.0,0.125,0.125,0.125,0.125,0.125,0.125,0.125,0.125
30,30.0,0.125,0.125,0.125,0.125,0.125,0.125,0.125,0.125
31,31.0,0.125,0.125,0.125,0.125,0.125,0.125,0.125,0.125
32,32.0,0.125,0.125,0.125,0.125,0.125,0.125,0.125,0.125
33,33.0,0.125,0.125,0.125,0.125,0.125,0.125,0.125,0.125
34,34.0,0.125,0.125,0.125,0.125,0.125,0.125,0.125,0.125
35,35.0,0.125,0.125,0.125,0.125,0.125,0.125,0.125,0.125
36,36.0,0.125,0.125,0.125,0.125,0.125,0.125,0.125,0.125
37,37.0,0.125,0.125,0.125,0.125,0.125,0.125,0.125,0.125
38,38.0,0.125,0.125,0.125,0.125,0.125,0.125,0.125,0.125
39,39.0,0.125,0.125,0.125,0.125,0.125,0.125,0.125,0.125
40,40.0,0.125,0.125,0.125,0.125,0.125,0.125,0.125,0.125
41,41.0,0.125,0.125,0.125,0.125,0.125,0.125,0.125,0.125
42,42.0,0.125,0.125,0.125,0.125,0.125,0.125,0.125,0.125
43,43.0,0.125,0.125,0.125,0.125,0.125,0.125,0.125,0.125
44,44.0,0.125,0.125,0.125,0.125,0.125,0.125,0.125,0.125
45,45.0,0.125,0.125,0.125,0.125,0.125,0.125,0.125,0.125
46,46.0,0.125,0.125,0.125,0.125,0.125,0.125,0.125,0.125
47,47.0,0.125,0.125,0.125,0.125,0.125,0.125,0.125,0.125
48,48.0,0.125,0.125,0.125,0.125,0.125,0.125,0.125,0.125
49,49.0,0.125,0.125,0.125,0.125,0.125,0.125,0.125,0.125
50,50.0,0.125,0.125,0.125,0.125,0.125,0.125,0.125,0.125
51,51.0,0.125,0.125,0.125,0.125,0.125,0.125,0.125,0.125
52,52.0,0.125,0.125,0.125,0.125,0.125,0.125,0.125,0.125
53,53.0,0.125,0.125,0.125,0.125,0.125,0.125,0.125,0.125
54,54.0,0.125,0.125,0.125,0.125,0.125,0.125,0.125,0.125
55,55.0,0.125,0.125,0.125,0.125,0.125,0.125,0.125,0.125
56,56.0,0.125,0.125,0.125,0.125,0.125,0.125,0.125,0.125
57,57.0,0.125,0.125,0.125,0.125,0.125,0.125,0.125,0.125
58,58.0,0.125,0.125,0.125,0.125,0.125,0.125,0.125,0.125
59,59.0,0.125,0.125,0.125,0.125,0.125,0.125,0.125,0.125
60,60.0,0.125,0.125,0.125,0.125,0.125,0.125,0.125,0.125
61,61.0,0.125,0.125,0.125,0.125,0.125,0.125,0.125,0.125
62,62.0,0.125,0.125,0.125,0.125,0.125,0.125,0.125,0.125
63,63.0,0.125,0.125,0.125,0.125,0.125,0.125,0.125,0.125
64,64.0,0.125,0.125,0.125,0.125,0.125,0.125,0.125,0.125
65,65.0,0.125,0.125,0.125,0.125,0.125,0.125,0.125,0.125
66,66.0,0.125,0.125,0.125,0.125,0.125,0.125,0.125,0.125
67,67.0,0.125,0.125,0.125,0.125,0.125,0.125,0.125,0.125
68,68.0,0.125,0.125,0.125,0.125,0.125,0.125,0.125,0.125
69,69.0,0.125,0.125,0.125,0.125,0.125,0.125,0.125,0.125
70,70.0,0.125,0.125,0.125,0.125,0.125,0.125,0.125,0.125
71,71.0,0.125,0.125,0.125,0.125,0.125,0.125,0.125,0.125
72,72.0,0.125,0.125,0.125,0.125,0.125,0.125,0.125,0.125
73,73.0,0.125,0.125,0.125,0.125,0.125,0.125,0.125,0.125
74,74.0,0.125,0.125,0.125,0.125,0.125,0.125,0.125,0.125
75,75.0,0.125,0.125,0.125,0.125,0.125,0.125,0.125,0.125
76,76.0,0.125,0.125,0.125,0.125,0.125,0.125,0.125,0.125
77,77.0,0.125,0.125,0.125,0.125,0.125,0.125,0.125,0.125
78,78.0,0.125,0.125,0.125,0.125,0.125,0.125,0.125,0.125
79,79.0,0.125,0.125,0.125,0.125,0.125,0.125,0.125,0.125
80,80.0,0.125,0.125,0.125,0.125,0.125,0.125,0.125,0.125
81,81.0,0.125,0.125,0.125,0.125,0.125,0.125,0.125,0.125
82,82.0,0.125,0.125,0.125,0.125,0.125,0.125,0.125,0.125
83,83.0,0.125,0.125,0.125,0.125,0.125,0.125,0.125,0.125
84,84.0,0.125,0.125,0.125,0.125,0.125,0.125,0.125,0.125
85,85.0,0.125,0.125,0.125,0.125,0.125,0.125,0.125,0.125
86,86.0,0.125,0.125,0.125,0.125,0.125,0.125,0.125,0.125
87,87.0,0.125,0.125,0.125,0.125,0.125,0.125,0.125,0.125
88,88.0,0.125,0.125,0.125,0.125,0.125,0.125,0.125,0.125
89,89.0,0.125,0.125,0.125,0.125,0.125,0.125,0.125,0.125
90,90.0,0.125,0.125,0.125,0.125,0.125,0.125,0.125,0.125
91,91.0,0.125,0.125,0.125,0.125,0.125,0.125,0.125,0.125
92,92.0,0.125,0.125,0.125,0.125,0.125,0.125,0.125,0.125
93,93.0,0.125,0.125,0.125,0.125,0.125,0.125,0.125,0.125
94,94.0,0.125,0.125,0.125,0.125,0.125,0.125,0.125,0.125
95,95.0,0.125,0.125,0.125,0.125,0.125,0.125,0.125,0.125
96,96.0,0.125,0.125,0.125,0.125,0.125,0.125,0.125,0.125
97,97.0,0.125,0.125,0.125,0.125,0.125,0.125,0.125,0.125
98,98.0,0.125,0.125,0.125,0.125,0.125,0.125,0.125,0.125
99,99.0,0.125,0.125,0.125,0.125,0.125,0.125,0.125,0.125
100,100.0,0.125,0.125,0.125,0.125,0.125,0.125,0.125,0.125
101,101.0,0.125,0.125,0.125,0.125,0.125,0.125,0.125,0.125
102,102.0,0.125,0.125,0.125,0.125,0.125,0.125,0.125,0.125
103,103.0,0.125,0.125,0.125,0.125,0.125,0.125,0.125,0.125
104,104.0,0.125,0.125,0.125,0.125,0.125,0.125,0.125,0.125
105,105.0,0.125,0.125,0.125,0.125,0.125,0.125,0.125,0.125
106,106.0,0.125,0.125,0.125,0.125,0.125,0.125,0.125,0.125
107,107.0,0.125,0.125,0.125,0.125,0.125,0.125,0.125,0.125
108,108.0,0.125,0.125,0.125,0.125,0.125,0.125,0.125,0.125
109,109.0,0.125,0.125,0.125,0.125,0.125,0.125,0.125,0.125
110,110.0,0.125,0.125,0.125,0.125,0.125,0.125,0.125,0.125
111,111.0,0.125,0.125,0.125,0.125,0.125,0.125,0.125,0.125
112,112.0,0.125,0.125,0.125,0.125,0.125,0.125,0.125,0.125
113,113.0,0.125,0.125,0.125,0.125,0.125,0.125,0.125,0.125
114,114.0,0.125,0.125,0.125,0.125,0.125,0.125,0.125,0.125
115,115.0,0.125,0.125,0.125,0.125,0.125,0.125,0.125,0.125
116,116.0,0.125,0.125,0.125,0.125,0.125,0.125,0.125,0.125
117,117.0,0.125,0.125,0.125,0.125,0.125,0.125,0.125,0.125
118,118.0,0.125,0.125,0.125,0.125,0.125,0.125,0.125,0.125
119,119.0,0.125,0.125,0.125,0.125,0.125,0.125,0.125,0.125
120,120.0,0.125,0.125,0.125,0.125,0.125,0.125,0.125,0.125
121,121.0,0.125,0.125,0.125,0.125,0.125,0.125,0.125,0.125
122,122.0,0.125,0.125,0.125,0.125,0.125,0.125,0.125,0.125
123,123.0,0.125,0.125,0.125,0.125,0.125,0.125,0.125,0.125
124,124.0,0.125,0.125,0.125,0.125,0.125,0.125,0.125,0.125
125,125.0,0.125,0.125,0.125,0.125,0.125,0.125,0.125,0.125
126,126.0,0.125,0.125,0.125,0.125,0.125,0.125,0.125,0.125
127,127.0,0.125,0.125,0.125,0.125,0.125,0.125,0.125,0.125
128,128.0,0.125,0.125,0.125,0.125,0.125,0.125,0.125,0.125
129,129.0,0.125,0.125,0.125,0.125,0.125,0.125,0.125,0.125
130,130.0,0.125,0.125,0.125,0.125,0.125,0.125,0.125,0.125
131,131.0,0.125,0.125,0.125,0.125,0.125,0.125,0.125,0.125
132,132.0,0.125,0.125,0.125,0.125,0.125,0.125,0.125,0.125
133,133.0,0.125,0.125,0.125,0.125,0.125,0.125,0.125,0.125
134,134.0,0.125,0.125,0.125,0.125,0.125,0.125,0.125,0.125
135,135.0,0.125,0.125,0.125,0.125,0.125,0.125,0.125,0.125
136,136.0,0.125,0.125,0.125,0.125,0.125,0.125,0.125,0.125
137,137.0,0.125,0.125,0.125,0.125,0.125,0.125,0.125,0.125
138,138.0,0.125,0.125,0.125,0.125,0.125,0.125,0.125,0.125
139,139.0,0.125,0.125,0.125,0.125,0.125,0.125,0.125,0.125
140,140.0,0.125,0.125,0.125,0.125,0.125,0.125,0.125,0.125
141,141.0,0.125,0.125,0.125,0.125,0.125,0.125,0.125,0.125
142,142.0,0.125,0.125,0.125,0.125,0.125,0.125,0.125,0.125
143,143.0,0.125,0.125,0.125,0.125,0.125,0.125,0.125,0.125
144,144.0,0.125,0.125,0.125,0.125,0.125,0.125,0.125,0.125
145,145.0,0.125,0.125,0.125,0.125,0.125,0.125,0.125,0.125
146,146.0,0.125,0.125,0.125,0.125,0.125,0.125,0.125,0.125
147,147.0,0.125,0.125,0.125,0.125,0.125,0.125,0.125,0.125
148,148.0,0.125,0.125,0.125,0.125,0.125,0.125,0.125,0.125
149,149.0,0.125,0.125,0.125,0.125,0.125,0.125,0.125,0.125
150,150.0,0.125,0.125,0.125,0.125,0.125,0.125,0.125,0.125
151,151.0,0.125,0.125,0.125,0.125,0.125,0.125,0.125,0.125
152,152.0,0.125,0.125,0.125,0.125,0.125,0.125,0.125,0.125
153,153.0,0.125,0.125,0.125,0.125,0.125,0.125,0.125,0.125
154,154.0,0.125,0.125,0.125,0.125,0.125,0.125,0.125,0.125
155,155.0,0.125,0.125,0.125,0.125,0.125,0.125,0.125,0.125
156,156.0,0.125,0.125,0.125,0.125,0.125,0.125,0.125,0.125
157,157.0,0.125,0.125,0.125,0.125,0.125,0.125,0.125,0.125
158,158.0,0.125,0.125,0.125,0.125,0.125,0.125,0.125,0.125
159,159.0,0.125,0.125,0.125,0.125,0.125,0.125,0.125,0.125
160,160.0,0.125,0.125,0.125,0.125,0.125,0.125,0.125,0.125
161,161.0,0.125,0.125,0.125,0.125,0.125,0.125,0.125,0.125
162,162.0,0.125,0.125,0.125,0.125,0.125,0.125,0.125,0.125
163,163.0,0.125,0.125,0.125,0.125,0.125,0.125,0.125,0.125
164,164.0,0.125,0.125,0.125,0.125,0.125,0.125,0.125,0.125
165,165.0,0.125,0.125,0.125,0.125,0.125,0.125,0.125,0.125
166,166.0,0.125,0.125,0.125,0.125,0.125,0.125,0.125,0.125
167,167.0,0.125,0.125,0.125,0.125,0.125,0.125,0.125,0.125
168,168.0,0.125,0.125,0.125,0.125,0.125,0.125,0.125,0.125
169,169.0,0.125,0.125,0.125,0.125,0.125,0.125,0.125,0.125
170,170.0,0.125,0.125,0.125,0.125,0.125,0.125,0.125,0.125
171,171.0,0.125,0.125,0.125,0.125,0.125,0.125,0.125,0.125
172,172.0,0.125,0.125,0.125,0.125,0.125,0.125,0.125,0.125
173,173.0,0.125,0.125,0.125,0.125,0.125,0.125,0.125,0.125
174,174.0,0.125,0.125,0.125,0.125,0.125,0.125,0.125,0.125
175,175.0,0.125,0.125,0.125,0.125,0.125,0.125,0.125,0.125
176,176.0,0.125,0.125,0.125,0.125,0.125,0.125,0.125,0.125
177,177.0,0.125,0.125,0.125,0.125,0.125,0.125,0.125,0.125
178,178.0,0.125,0.125,0.125,0.125,0.125,0.125,0.125,0.125
179,179.0,0.125,0.125,0.125,0.125,0.125,0.125,0.125,0.125
180,180.0,0.125,0.125,0.125,0.125,0.125,0.125,0.125,0.125
181,181.0,0.125,0.125,0.125,0.125,0.125,0.125,0.125,0.125
182,182.0,0.125,0.125,0.125,0.125,0.125,0.125,0.125,0.125
183,183.0,0.125,0.125,0.125,0.125,0.125,0.125,0.125,0.125
184,184.0,0.125,0.125,0.125,0.125,0.125,0.125,0.125,0.125
185,185.0,0.125,0.125,0.125,0.125,0.125,0.125,0.125,0.125
186,186.0,0.125,0.125,0.125,0.125,0.125,0.125,0.125,0.125
187,187.0,0.125,0.125,0.125,0.125,0.125,0.125,0.125,0.125
188,188.0,0.125,0.125,0.125,0.125,0.125,0.125,0.125,0.125
189,189.0,0.125,0.125,0.125,0.125,0.125,0.125,0.125,0.125
190,190.0,0.125,0.125,0.125,0.125,0.125,0.125,0.125,0.125
191,191.0,0.125,0.125,0.125,0.125,0.125,0.125,0.125,0.125
192,192.0,0.125,0.125,0.125,0.125,0.125,0.125,0.125,0.125
193,193.0,0.125,0.125,0.125,0.125,0.125,0.125,0.125,0.125
194,194.0,0.125,0.125,0.125,0.125,0.125,0.125,0.125,0.125
195,195.0,0.125,0.125,0.125,0.125,0.125,0.125,0.125,0.125
196,196.0,0.125,0.125,0.125,0.125,0.125,0.125,0.125,0.125
197,197.0,0.125,0.125,0.125,0.125,0.125,0.125,0.125,0.125
198,198.0,0.125,0.125,0.125,0.125,0.125,0.125,0.125,0.125
199,199.0,0.1247222222222222,0.1247222222222222,0.1258333333333333,0.1247222222222222,0.1247222222222222,0.1258333333333333,0.1247222222222222,0.1247222222222222
200,200.0,0.1241972222222222,0.1241972222222222,0.1272972222222222,0.1241972222222222,0.1241972222222222,0.1264083333333333,0.1241972222222222,0.1253083333333333
201,201.0,0.1235410833333333,0.1234369166666666,0.12870425,0.1246521944444444,0.1235410833333333,0.1268311944444444,0.1235410833333333,0.1257521944444444
202,202.0,0.1227595919444444,0.1225523002777777,0.1299383936111111,0.1249707030555555,0.1227595919444444,0.1282101241666666,0.1227595919444444,0.1260497030555555
203,203.0,0.1216849669063131,0.1212723523229798,0.1307388172078283,0.1248639669063131,0.1226849669063131,0.1310455748265151,0.1216849669063131,0.1260243880174242
204,204.0,0.1204572678342449,0.1198431554384116,0.1313107749192601,0.1244846687433358,0.1232654496524267,0.1343726307327197,0.1204572678342449,0.125808784845356
205,205.0,0.1191162003344754,0.1183060476980171,0.131683514968942,0.1248195395678088,0.1234498003344754,0.1372391638318857,0.1191162003344754,0.1262695329299199
206,206.0,0.117683015421276,0.1166836947612864,0.1317182200675405,0.1248865439592224,0.124143431425938,0.14062118578235,0.117683015421276,0.1265808931611104
207,207.0,0.1167271552310201,0.1158324575088333,0.13205734876818,0.1253181366233066,0.124378333164813,0.1431514981976489,0.1160128695167344,0.1265222009894634
208,208.0,0.115777478860349,0.1149936268546446,0.1321901443467271,0.1256350812676919,0.1245562712272122,0.1453784304456075,0.1150703360032062,0.1263986309945614
209,209.0,0.1148446961928423,0.1131761819472672,0.1321414066650999,0.126516002918234,0.1246829941019907,0.1483155457259747,0.1141034342880805,0.1262197381605105
210,210.0,0.1137514889749021,0.1118838209987563,0.1327039106252663,0.12702264270976,0.1251488279406347,0.1506456796909312,0.1129881230225211,0.1258555060372283
211,211.0,0.1126465308679501,0.1106349678807187,0.1338132338632723,0.1273852520406456,0.1253976167282845,0.1527653741540133,0.1119084049322358,0.1254486195328795
212,212.0,0.1115412889661995,0.1093995027655302,0.1355604194007718,0.1276513502878887,0.1255603195064055,0.1544847033935051,0.1108332603048424,0.1249691553748568
213,213.0,0.1103588180590691,0.1082034856704175,0.1370736159736896,0.1285102288287611,0.1256600585057574,0.1559571694542399,0.1097902203891417,0.1244464031189237
214,214.0,0.1092964130089153,0.1070368458837381,0.1383401656043297,0.1292182653539857,0.1256819633003042,0.1577944281326803,0.1087642523658686,0.1238676663501779
215,215.0,0.1084978185217219,0.1060569167573045,0.1397128063570103,0.1294477783326108,0.1254260469323322,0.15954923674742,0.1079144870950127,0.1233949092565876
216,216.0,0.1076886871051125,0.1051268503258801,0.140911250331048,0.1295508726085576,0.1249732459198683,0.1610843160282053,0.1071038257635646,0.1235609519177636
217,217.0,0.1069638780519089,0.1042938181271354,0.1420266470502811,0.1296248733950489,0.1245192053089149,0.1624491452584812,0.106379321733755,0.1237431110744746
218,218.0,0.1072110961051916,0.1033758915042344,0.1428339250507755,0.129449727810943,0.1243880339098748,0.1634665455954401,0.1055590487601627,0.1237157312633778
219,219.0,0.1074757213188341,0.1024982941108766,0.1434459333145101,0.1291971568941956,0.1242063114606022,0.1648180914195497,0.1047683414119568,0.1235901500694749
220,220.0,0.1060667061630033,0.102826330658603,0.1445999798314245,0.1289268794366889,0.1240303608400635,0.1660117977787988,0.1040616007495313,0.1234763445418866
221,221.0,0.1046585603817605,0.1024306018322723,0.1463483758665872,0.1286572577559628,0.1237919199271463,0.1670654004449701,0.103743053066488,0.1233048307248128
222,222.0,0.1032368694045502,0.1028397141848263,0.1479107934169126,0.1282875134002375,0.1234712130693085,0.1678789646698002,0.1033202463599008,0.1230546854944638
223,223.0,0.1018573561758928,0.1032728803536388,0.1498303576705327,0.1277881742623882,0.1231198254447721,0.1684251768369934,0.1029298042961598,0.1227764249596221
224,224.0,0.100419222236226,0.1036129874784023,0.1519329589681767,0.1270682879832477,0.1236339631894588,0.1686164048018832,0.1024620190146243,0.1222541563279808
225,225.0,0.0989848901404326,0.1039081195366593,0.1538243879133213,0.1262654637547098,0.1248822933515663,0.1685945903200243,0.1019714818342741,0.1215687731490122
226,226.0,0.0976501412069013,0.1042416408962959,0.1555886656335832,0.1260660770899355,0.126124367933186,0.1678748386686106,0.1015471914986123,0.1209070770728751
227,227.0,0.0963856848701791,0.1045736976750158,0.1570247860428754,0.1257516473802417,0.1273157120079884,0.1669981933686936,0.1011540864879647,0.1207961921670412
228,228.0,0.0951973084325763,0.1049012877617473,0.1595876423585108,0.1253375112217136,0.1284496571845312,0.1659894542353706,0.0998840604094694,0.1206530783960806
229,229.0,0.0940135300927995,0.1051458243490645,0.1617449930327592,0.1247620230450622,0.1292933311736022,0.1647961604675581,0.0994132632064537,0.1208308746327004
230,230.0,0.0928020627176408,0.1051296421743525,0.1649995366646331,0.1240030318871938,0.1298318177553934,0.1632144338558006,0.0988087122924742,0.1212107626525114
231,231.0,0.0915474202540204,0.1056771101336965,0.1681050458180885,0.1230554589767897,0.1307796613942254,0.1614397774414527,0.0980622061701447,0.1213333198115818
232,232.0,0.0903838166766837,0.1062113709429929,0.1713033174225988,0.1220641412803629,0.1316598419453129,0.1596262984838108,0.0973622060122372,0.1213890072360007
233,233.0,0.089249352187909,0.1065357656360817,0.1743653961554038,0.1209779463663205,0.1324058919670527,0.1577312527011498,0.0974158600482526,0.1213185349378298
234,234.0,0.0881548424576345,0.1066759163170539,0.1776018804526417,0.1198185218829496,0.1330261489460689,0.1557837698488642,0.0978023985050924,0.1211365215896947
235,235.0,0.0871240686091444,0.1073360070524726,0.1804279832299151,0.1186666165338481,0.1328295354043895,0.1538403999642709,0.0981433305597686,0.1216320586461906
236,236.0,0.0861621552689357,0.1079443476914438,0.1829029101828763,0.1175341879352708,0.1325437521485483,0.1523796892589704,0.0984838551509987,0.1220491023629559
237,237.0,0.0852939509041977,0.1085221452218379,0.1853802988551961,0.1164065742366123,0.1322026893671355,0.1509622096913173,0.0988273385484455,0.1224047931752575
238,238.0,0.0844816030947495,0.1090295124129273,0.1877308179765514,0.1152562099373897,0.1317781220742411,0.149964662281249,0.0991324876108329,0.1226265846120588
239,239.0,0.0838718819287124,0.1096126508922876,0.1888452105763568,0.1143841157742172,0.132003801736421,0.1489388055326488,0.1000994651017474,0.1222440684576086
240,240.0,0.0840091561761134,0.1101024006547199,0.1895257579768953,0.113429449909197,0.131917684380957,0.1482628651206888,0.1009962564028178,0.1217564293786106
241,241.0,0.0842235364506967,0.1105522431147121,0.1901864864894665,0.1125072752339405,0.1317986531213897,0.1476353992667529,0.1018695417514059,0.1212268645716355
242,242.0,0.0847981013654919,0.1109320229512406,0.1904189965437079,0.1115926931677986,0.1316215420340573,0.1473782490187213,0.1026536436359387,0.1206047512830436
243,243.0,0.085702780355717,0.1112445454024799,0.1907581397236197,0.1106924773672954,0.1313935269868032,0.1469557446410643,0.1033488329323636,0.1199039525906567
244,244.0,0.0860324474095963,0.1124690790290294,0.1909244019069189,0.1100743843471956,0.1300738370488654,0.1469990068478359,0.1041226708139781,0.1193041725965803
245,245.0,0.0862641299381218,0.1134212013678077,0.1915032027478455,0.1093247131547549,0.1290802342257803,0.1472285829440969,0.1046922906695663,0.1184856449520265
246,246.0,0.0864259585274279,0.1148999353349189,0.191645600311504,0.1084871325597931,0.1279026675263271,0.1474894171634541,0.1055886871282673,0.1175606014483074
247,247.0,0.0865535567937413,0.1162178896255628,0.1915139579598374,0.1081206248459156,0.1265603405618157,0.1482296038758213,0.106300812481071,0.1165032138562347
248,248.0,0.0871210720690244,0.1174526803381106,0.1911730844760485,0.1077901117208429,0.1252328703020278,0.1488668296801885,0.1069141256059312,0.1154492258078259
249,249.0,0.0876690878290083,0.118599946542482,0.1910623314710332,0.1074946400954169,0.1239317163983246,0.1494027127439631,0.1074313864521011,0.1144081784676705
250,250.0,0.0881933492299417,0.1196566057086106,0.1907663161660949,0.107232935898246,0.1226668964352942,0.1498394922786825,0.1078559406824663,0.1137884636006634
251,251.0,0.0887209890937205,0.1206361519486592,0.1903965249442752,0.1070342394284764,0.1214624252184997,0.1502877108419051,0.1082378134163037,0.1132241451081599
252,252.0,0.0892156239446531,0.1215211164774508,0.1898717256171727,0.1068634676472964,0.1203089279701007,0.1510186654220713,0.1085313002297738,0.1126691726914808
253,253.0,0.089674810214717,0.1223117089604243,0.1892102738261936,0.1067187380828611,0.1192124434053428,0.1516335819884944,0.108741108265582,0.1124973352563843
254,254.0,0.0902027475045451,0.1230263696942408,0.188083686986873,0.1059530581633049,0.1181951441184185,0.1532385552775243,0.1089069183545476,0.1123935199005453
255,255.0,0.0906132461452478,0.1234977805230336,0.1866954861546911,0.1051326085142874,0.1174363474371764,0.1545254062395681,0.1096002941393073,0.1124988308466878
256,256.0,0.0909548066891537,0.1238733312775872,0.1854544765366464,0.1043115788461589,0.1167237309359709,0.1559217884139189,0.1102024069662572,0.1125578803343064
257,257.0,0.0912706034599598,0.1249080711144677,0.1843597384248196,0.103537594472101,0.116225280224579,0.1572155350448111,0.1094643914556986,0.1130187858035629
258,258.0,0.0914789492224526,0.1257666325175691,0.1833758548401473,0.1027322589867092,0.1156067254624891,0.1582398605279441,0.1086090349516724,0.1141906834910159
259,259.0,0.0916383277843785,0.1265394073566705,0.1826432045521442,0.1019704936503486,0.1150422251264994,0.1591305840899637,0.1077064472831057,0.1153293101568891
260,260.0,0.091777610261993,0.1279024359337204,0.181939445279478,0.1012726045560253,0.1145490642319053,0.1592936738388761,0.1067959456249563,0.1164692202730452
261,261.0,0.0918290088043701,0.1295908165998486,0.1811468449429316,0.100579690991869,0.1139822151315703,0.1589147453244564,0.1058190217581829,0.1181376564467705
262,262.0,0.0918255972848504,0.1310778576122133,0.1803551414597453,0.0999149626153711,0.1133361990942911,0.1584519901929416,0.1048168866075562,0.1202213651330305
263,263.0,0.0918059790601129,0.1324680872319495,0.179605250414709,0.0993153364268246,0.1127577459153113,0.1582456245397092,0.103835170888262,0.1219668055231211
264,264.0,0.0917467608988931,0.1337488809407781,0.1791105735080715,0.098763491746631,0.1122290771179017,0.157923333577665,0.1028564397303264,0.1236214424797329
265,265.0,0.0916513745282722,0.1355430009099752,0.1788598731632198,0.0982594219053039,0.1117497539864265,0.1574961979200463,0.1018890615410136,0.1245513160457422
266,266.0,0.0915232966818025,0.1372183086634474,0.17857010471627,0.0978026608166407,0.1113189058848778,0.1572455971596106,0.1009404808542604,0.1253806452230905
267,267.0,0.0913873475558038,0.1387766891019891,0.1783223969862255,0.0974065587297751,0.1109495073047919,0.1569807081385682,0.1000385739969488,0.1261382181858973
268,268.0,0.0912456737694892,0.140214251152708,0.1781150209786964,0.0970690107653961,0.1106391072798234,0.1569758788434606,0.0989174223844374,0.1268236348259888
269,269.0,0.0910789274001529,0.1421465886583458,0.1778677811506387,0.0967733122398319,0.1097456852036433,0.1568765598450008,0.0978391805005476,0.1276719650018387
270,270.0,0.0908534789628688,0.1442729365509488,0.177546560072692,0.0964807774878813,0.108824755089677,0.1568719161439963,0.096772882084681,0.1283766936072546
271,271.0,0.0905768494997874,0.14654861646039,0.177158665376277,0.0961937492126019,0.1078884192724741,0.1569621155710001,0.0957277295070931,0.1289438551003762
272,272.0,0.0902561104161242,0.148407746278595,0.176955106175583,0.0959140623872906,0.1069472690173655,0.1574280657520047,0.0947115750479432,0.1293800649250936
273,273.0,0.0898979218766207,0.1503730703204541,0.1769287469985268,0.0956431409431014,0.1060105584785907,0.1577230605650845,0.0937310416478769,0.1296924591697447
274,274.0,0.0895323630696099,0.1521771632001962,0.176862265419506,0.0954058805314421,0.1051339579755085,0.1581605077218772,0.0928154355100645,0.1299124265717954
275,275.0,0.0892473799986985,0.1538600348114074,0.1769499011317443,0.0950571025249796,0.1043618481921945,0.1581735795568986,0.0920512753820026,0.1302988784020743
276,276.0,0.0889570826266408,0.1553742589821382,0.1772524592627146,0.0947217740873946,0.1036535384428504,0.1581250401673688,0.0913456190986156,0.1305702273322768
277,277.0,0.0886641254998743,0.1567211682860306,0.1774591029161502,0.0944007337600789,0.103009341892874,0.1580195864261446,0.0906988929808725,0.1310270482379748
278,278.0,0.0883471306993878,0.1581417383838544,0.1775485819568479,0.0940708076985586,0.1023812881692389,0.1580763401652422,0.0900870978076364,0.1313470151192336
279,279.0,0.0880265647616751,0.1596214739269386,0.1778332002412198,0.093745417662998,0.1017838079679124,0.158135417792053,0.089289907705509,0.1315642099416938
280,280.0,0.0876946148286931,0.1609344488868584,0.1784477010203208,0.0934256659529471,0.1012383305606771,0.1580586957786557,0.0885470884583994,0.1316534545134483
281,281.0,0.0873541466597014,0.1620835603195397,0.1788839719041992,0.0931125321285962,0.1007441675553904,0.1581170789963014,0.0878596263017089,0.1318449161345627
282,282.0,0.0869881045234612,0.1632706999582022,0.1793827021659848,0.0927871124660717,0.1002606860232064,0.1579871728195395,0.0872081188380908,0.1321154032054433
283,283.0,0.0866008695310209,0.1644828724907723,0.1796859860174719,0.092451993177675,0.0997901014470637,0.1578942987180052,0.0865942040074632,0.1324996746105278
284,284.0,0.0862265694419709,0.1655462439062773,0.1798883196512804,0.0921351404005059,0.0993764359669874,0.1579926610752934,0.0860400721944575,0.1327945573632271
285,285.0,0.0858653315042784,0.1664661157830332,0.1800091698401953,0.0918454941776207,0.0990147568848227,0.1582283868374825,0.0855518294010842,0.133018915571483
286,286.0,0.08551867486525,0.1672473770171693,0.1800512790031664,0.0915827056378635,0.0987029576736438,0.1585937772537613,0.0851275068143356,0.1331757217348101
287,287.0,0.0851878426552873,0.1678958209585652,0.1802180185185054,0.0913462066942374,0.0984386581343822,0.1586364727808397,0.0850086029764004,0.1332683772817823
288,288.0,0.0848622020540059,0.1684121895969123,0.18065443245489,0.0911178155752987,0.0982134478958302,0.1585571528529809,0.0849285831536275,0.1332541764164544
289,289.0,0.0845431450892017,0.1688039748311076,0.1813452290925839,0.0908975909019955,0.0980248768579781,0.1583622247090617,0.0848831859622558,0.1331397725558155
290,290.0,0.0840930066852717,0.1700514025660225,0.1819075009930093,0.0905466537532021,0.0977315063349551,0.1581471748103212,0.0847293733696303,0.1327933814875876
291,291.0,0.0835521136278016,0.170963740465274,0.1832655875287992,0.0901092873344011,0.0973649388248819,0.1579448656368596,0.0845074560860237,0.1322920104959588
292,292.0,0.0830443842749842,0.1717685187875239,0.1845892194528203,0.0897047975449573,0.0970424490097405,0.1577428386607137,0.0843296084074581,0.1317781838618018
293,293.0,0.0824806704589734,0.1722866275254317,0.185686787725191,0.0892430325289202,0.097581035836371,0.1574521768410044,0.0841022927593062,0.1311673763248019
294,294.0,0.0819818037238446,0.1723230340315341,0.186885916294346,0.0888473004220727,0.0986764111595352,0.1567649533105881,0.0839490590613378,0.1305715219967414
295,295.0,0.0814160273475133,0.1727109011362636,0.1879664482458187,0.0883849110234329,0.0995734330595779,0.1563501178950001,0.0837342036745998,0.1298639576177935
296,296.0,0.0808204526903486,0.1730285859069275,0.189366510612711,0.0876648546155378,0.1010697687974139,0.1556340941240707,0.0835020439734609,0.1289136892795295
297,297.0,0.0805997960413772,0.1742099892582355,0.1905960083930546,0.0866063441725384,0.1027843530616594,0.1532551322096829,0.0836430829500349,0.1283052939134168
298,298.0,0.0804104800246847,0.175721743668998,0.1916825768686669,0.0855885751482787,0.1044690240589785,0.150615325880137,0.0838106980944618,0.1277015762557941
299,299.0,0.0800919491249443,0.1775055810363957,0.1923077021573624,0.0854585312967064,0.1058555685164316,0.1479910253774814,0.0838416306619366,0.1269480118287412
300,300.0,0.0797609310129812,0.1789793600616308,0.1927092913235432,0.0853295512801475,0.1076881253368907,0.1455155184349203,0.0838502401931143,0.1261669823567716
301,301.0,0.0793875669512668,0.1802642059150805,0.1929599508997548,0.0850750327680932,0.1093735838586576,0.1440049185521407,0.0835612419855605,0.1253734990694457
302,302.0,0.0790395759936808,0.1820619479554417,0.1924122973410914,0.0848516437953191,0.1109805838264365,0.1425532079315054,0.0832813233277968,0.1248194198287281
303,303.0,0.0787418818395867,0.1851303720823118,0.1917459857144499,0.084606728822068,0.1121922747629319,0.141148597162467,0.0830363565516224,0.123397803064562
304,304.0,0.0783358550752175,0.1875824951091874,0.1915962782912454,0.0847479477327959,0.1136310426833498,0.1396479249466762,0.0826687194616813,0.1217897366998461
305,305.0,0.0779569218015874,0.1902206060161284,0.1916237247090616,0.0848815278235142,0.1148728507874923,0.1383407848048827,0.0820655211126939,0.1200380629446392
306,306.0,0.0775218019368612,0.1931143071683917,0.1914717462694441,0.0849277283666496,0.1162343679814479,0.1369898754341416,0.0814018842573404,0.1183382885857232
307,307.0,0.0771044798856977,0.1958300839259486,0.1913596759538806,0.0849827091562125,0.1174860676509611,0.1350457970878788,0.0815299118063834,0.116661274533037
308,308.0,0.076669421734222,0.1985742563429917,0.1912507421847066,0.0850072954772009,0.1191036841693944,0.1328474038438353,0.0816395935574122,0.1149076026902366
309,309.0,0.076217214298942,0.2011018545289632,0.1915727932825589,0.0849989195494891,0.1204320611936206,0.1306776165545358,0.0817214985315048,0.1132780420603852
310,310.0,0.075753352610926,0.2034135379585237,0.1921938699531571,0.0849603910888559,0.1214859869095243,0.128783482896038,0.0817771867915424,0.1116321917914323
311,311.0,0.0751332713761299,0.2061363332039689,0.1916284478561038,0.0847449088377945,0.1221366368068215,0.128246089927488,0.0816639742839797,0.1103103377077136
312,312.0,0.0745089639775298,0.2086394657218961,0.1915581440989347,0.0845003957117105,0.1225450013583547,0.1277613490355211,0.0815261516564211,0.1089605284396317
313,313.0,0.0745715938929303,0.2108148226290487,0.1915751499921845,0.0841497283677464,0.1227354925568636,0.1272470195441384,0.0812876334690218,0.107618559548066
314,314.0,0.0746357555461199,0.2126636667576353,0.1915493512755532,0.0837834106774393,0.1231942625123995,0.1267322431863805,0.0810376933864228,0.1064036166580492
315,315.0,0.0747082298340454,0.2142027562543261,0.1915254362485268,0.083414402409849,0.123898546269663,0.1262596614515764,0.0807836976145465,0.1052072699174665
316,316.0,0.0747751804122952,0.2155493248245779,0.1919839177292478,0.0830345346021282,0.1243708951889982,0.125744242376377,0.0805166158115948,0.1040252890547805
317,317.0,0.0748352738114359,0.2163882886628433,0.1930058207730451,0.0826476242701459,0.1247669294038315,0.1252518416069101,0.0802395085008811,0.1028647129709067
318,318.0,0.0748974516703299,0.2169631760171242,0.1943865027045168,0.0822672469409335,0.1249880372306226,0.1247905958993624,0.0799652967939162,0.1017416927431941
319,319.0,0.0749800116083997,0.2173656369948874,0.1957322159770109,0.0819139203681126,0.1251378588431256,0.1244216230063508,0.0797120399646216,0.1007366932374911
320,320.0,0.0754362151744725,0.2175376645527818,0.1969332852239851,0.0815742277275275,0.1251365545611741,0.1241251403611069,0.0794659300792779,0.0997909823196737
321,321.0,0.0762633245199142,0.2175130535250064,0.1974283867194038,0.0812788090916051,0.1250113147844171,0.1242542904206053,0.0792428133117626,0.099008007627285
322,322.0,0.0769142679011061,0.2174013799479877,0.1980109987059012,0.0808546672714387,0.124741929139493,0.1243929944297665,0.0790230425249004,0.098660720079406
323,323.0,0.0775258506770701,0.2171161170322412,0.1984603870411476,0.0804490066466968,0.1246928798050352,0.1245832863108607,0.0788135714715371,0.0983589010154109
324,324.0,0.0780613902780325,0.2165796578170888,0.1987397762650661,0.0800065390989099,0.1243819670816978,0.1247844172765186,0.0785817778074914,0.0988644743751946
325,325.0,0.0785302322251207,0.2157335115211313,0.1993319242747795,0.0795430565968937,0.1241726497856929,0.1250011951598772,0.0783401147817218,0.0993473156547825
326,326.0,0.0789661436124119,0.2146294938345838,0.1993686047339894,0.0790975931155315,0.1242133627246068,0.1253955051651556,0.0781079362297163,0.1002213605840044
327,327.0,0.0793418048751876,0.213516922666699,0.1993657367913738,0.0786671263718433,0.1244195814957306,0.1257541657400734,0.0778781206532019,0.1010565414058902
328,328.0,0.0796699816211176,0.2123274661838864,0.1995485200329933,0.0782639116440939,0.1245260250833692,0.1261300662711003,0.0776621801949901,0.1018718489684488
329,329.0,0.079951020086248,0.2110788400688348,0.1997697128342666,0.0778888823952406,0.1245382452254571,0.1265173502745888,0.0774605132651061,0.1027954358502578
330,330.0,0.0801818173998461,0.2100797857596205,0.1998368552804422,0.0775406495379838,0.124432544290457,0.1270006262634408,0.0772713883481179,0.1036563331200913
331,331.0,0.0803675439743598,0.209050613205896,0.1998128923703831,0.0772214207063402,0.1245013606748918,0.127484120744962,0.0770968474365092,0.1044652008866578
332,332.0,0.0805685639433175,0.2080558871032623,0.2000857261197656,0.0769763998354698,0.1245729792132236,0.1273724589359641,0.0769628341325509,0.1054051507164461
333,333.0,0.0807595029663415,0.2073095527383161,0.199959019255717,0.0767768253552267,0.1246527674510822,0.1273232736738128,0.0768601747358812,0.1063588838236221
334,334.0,0.0809150922116215,0.2066612840244378,0.1997426958866383,0.076599497580091,0.1246940922087029,0.1273561286312259,0.0767661096584784,0.107265099798804
335,335.0,0.0810404499202692,0.2056777908061057,0.1999315773090963,0.0764453437097132,0.1247049043347337,0.1271197260188531,0.0766820987115999,0.1083981091896286
336,336.0,0.0811449086940716,0.2047332306120938,0.200099512907097,0.0763211509175316,0.1247032730214935,0.12688776075027,0.076615539616872,0.1094946234805703
337,337.0,0.0815868096604891,0.2036621795926169,0.2000515586168616,0.0762496775961592,0.1249444477713945,0.1264557918953242,0.0765898653525382,0.1104596695146161
338,338.0,0.0819803709010879,0.2025864928520059,0.1999233219973126,0.0765768034911413,0.1250406410938227,0.1260077722148492,0.0765531304129768,0.1113314670368033
339,339.0,0.0824741163847688,0.2018505688836106,0.1995893244777754,0.0768741489746875,0.1250246438566862,0.1255565675265051,0.0765135887534085,0.1121170411425577
340,340.0,0.0826595723073403,0.2010897743520055,0.1991947359257959,0.0771470119667629,0.1255071967383538,0.1250661225855808,0.0764779790268559,0.1128576070973046
341,341.0,0.0827883768445964,0.2003449995326851,0.1986913247964638,0.0774205421374391,0.1258835497495701,0.1246765813319364,0.0764440018804359,0.1137506237268729
342,342.0,0.0828614161203107,0.1994192324150463,0.1981332042604212,0.0779560390759527,0.1264189290903274,0.1242933883670918,0.0764056651661325,0.1145121255047171
343,343.0,0.0828678416837647,0.1984776027220808,0.19734916159863,0.078798510575852,0.1270004126373354,0.1239047755084289,0.0763488229244907,0.1152528723494171
344,344.0,0.0828405150583932,0.1978547722661206,0.1965386377988157,0.0795806116509347,0.1274650106266711,0.1235279217682462,0.0762886450249907,0.1159038858058275
345,345.0,0.0827826742203013,0.1971880615134106,0.1957111546856849,0.0800357584020698,0.1280800499657269,0.1231650092630662,0.0762256563033821,0.1168116356463578
346,346.0,0.0826852373530799,0.1965504562369034,0.1952871908364113,0.0804186960587179,0.1285502252394135,0.1227629845249798,0.0761517584154993,0.1175934513349945
347,347.0,0.0825691488738227,0.1959776608928898,0.1949739859211197,0.0807801325864095,0.1289814833838478,0.1223426671697843,0.0760850632067382,0.1182898579653878
348,348.0,0.0825602244681066,0.1955062934863678,0.1941150190883629,0.080876067503181,0.1293421380688887,0.1217754397275155,0.076078397090945,0.119746420566632
349,349.0,0.08253048066192,0.1951580172090442,0.1933642572310056,0.0809440273085664,0.1296383943330272,0.1211885607085243,0.0760718851442628,0.1211043774036491
350,350.0,0.0824923984454951,0.1948706655977404,0.1926515922947817,0.0809931556562768,0.1299018324182183,0.1206368761307593,0.0760726028098737,0.1223808766468544
351,351.0,0.0815265642986583,0.1937640389436199,0.1926736773999282,0.0813430390888517,0.1296782681259642,0.1211813463273981,0.07622257603365,0.1236104897819291
352,352.0,0.0805579275141693,0.1927173888966306,0.1926934917005263,0.0818189186138681,0.1294158865953673,0.1217114972332347,0.0763527006250534,0.12473218882115
353,353.0,0.0792584332265936,0.1914074433892769,0.1925825367944296,0.0819160006810609,0.1299039637355346,0.1227466543850649,0.0761345196817395,0.1260504481062997
354,354.0,0.0780239639867618,0.1904893459874274,0.1927251325321665,0.0819794769188908,0.129440863392127,0.1237624623861801,0.0759137179056543,0.1276650368907919
355,355.0,0.0768182834054874,0.1896438927223743,0.1928558996899159,0.0821602092846877,0.128949720246468,0.124733950444404,0.0756773468434897,0.1291606973631728
356,356.0,0.0756703605385391,0.1888821692709944,0.1929418802970394,0.0823027095273486,0.128447590306379,0.1256933819452572,0.0754379270815932,0.1306239810328488
357,357.0,0.0745472314504078,0.1881840861900612,0.1930465866094769,0.0823882374547224,0.1279207184426314,0.1265530482677449,0.0751775606972185,0.1321825308877366
358,358.0,0.073461462116375,0.1875521673044803,0.1933570689698328,0.0824465835248593,0.1273856670397657,0.1273473030131622,0.0749189820798561,0.1335307659516682
359,359.0,0.0724193943969737,0.1869857254548736,0.193563325876628,0.082479492534083,0.1268482146370238,0.1283673027240258,0.0746642083102795,0.1346723360661124
360,360.0,0.0714213545485339,0.1864810152264392,0.1939147834295698,0.0824615153813905,0.1263036732525296,0.1294246833981517,0.0743951834005946,0.1355977913627905
361,361.0,0.0706695210080889,0.1860572888942447,0.194335732310251,0.0824165817564338,0.1256741643194177,0.1304732679388425,0.0741351991257325,0.1362382446469887
362,362.0,0.0699828200350222,0.1856988294795072,0.1947188267509038,0.0823343053822826,0.1252071428520441,0.1314301067906915,0.0738729226269309,0.1367550460826176
363,363.0,0.0690839674218089,0.1854109347278989,0.1951790520207646,0.082375101691472,0.1247601545510217,0.1323340431335296,0.0736183011083245,0.1372384453451795
364,364.0,0.0682568172468381,0.1851838993735677,0.1956307748817477,0.0824067521288586,0.1243382793482892,0.1331781124574088,0.0733818344871073,0.1376235300761825
365,365.0,0.0675041785133829,0.1849568348737347,0.1960413073820847,0.0824096134444579,0.1239505428299022,0.1336345272520671,0.0731526102382172,0.1383503854661533
366,366.0,0.0668203269192183,0.1847812491615859,0.1965476090399499,0.082379177689234,0.1235801657266508,0.1339940571054491,0.0729254615999119,0.138971952758
367,367.0,0.0662436906181244,0.1846643263827,0.197277719919912,0.082350754839293,0.1232646806868667,0.1338971355105325,0.0727264557747163,0.1395752362678551
368,368.0,0.0657409607076322,0.1844134655294751,0.1981024557954047,0.0823194507198094,0.1232128991432936,0.1334753411464178,0.0725497914267749,0.1401856355311922
369,369.0,0.06530724026229,0.1842066695787225,0.1988972951477576,0.0822833329134362,0.1231878983908838,0.133011508749774,0.0723924674663455,0.1407135874907901
370,370.0,0.0649492895493604,0.1840439310020335,0.1998763934548754,0.0822455749692571,0.1231942433650383,0.1324072543405943,0.0722564540966122,0.1410268592222287
371,371.0,0.0646505787075903,0.1839183031522959,0.2007791343536368,0.0821797758578995,0.1232120903701915,0.131743969473357,0.0721223193431069,0.1413938287419218
372,372.0,0.0644078734214868,0.1838271825169147,0.2017424430335578,0.0820876130664269,0.1232393671412054,0.1310316618297855,0.0719900269445632,0.1416738320460595
373,373.0,0.0642312373033418,0.183772244292153,0.202568115313054,0.0819967788192131,0.1234473737982011,0.1302025645491215,0.0718776063571532,0.1419040795677622
374,374.0,0.0640936482037045,0.1837438961299706,0.2033759126537329,0.0818800071182083,0.1238032917629576,0.1292996424818088,0.0717639778456763,0.1420396238039409
