,Unnamed: 0,Total_iterations,Intertwine_two,Add_vertex,Delete_vertex,Invert_path_vertices,Insert_inside_vertex,Delete_inside_vertex,Replace_inside_vertex,Donate_between_routes
0,0.0,0.0,0.125,0.125,0.125,0.125,0.125,0.125,0.125,0.125
1,1.0,0.10900000000000001,0.125,0.125,0.125,0.125,0.125,0.125,0.125,0.125
2,2.0,0.31601,0.125,0.125,0.125,0.125,0.125,0.125,0.125,0.125
3,3.0,0.6191589000000001,0.125,0.125,0.125,0.125,0.125,0.125,0.125,0.125
4,4.0,1.015801321,0.125,0.125,0.125,0.125,0.125,0.125,0.125,0.125
5,5.0,1.50262148669,0.125,0.125,0.125,0.125,0.125,0.125,0.125,0.125
6,6.0,2.0757334209441005,0.125,0.125,0.125,0.125,0.125,0.125,0.125,0.125
7,7.0,2.7307768275633495,0.125,0.125,0.125,0.125,0.125,0.125,0.125,0.125
8,8.0,3.4630081252450404,0.125,0.125,0.125,0.125,0.125,0.125,0.125,0.125
9,9.0,4.2673862119061114,0.125,0.125,0.125,0.125,0.125,0.125,0.125,0.125
10,10.0,5.138652627782014,0.125,0.125,0.125,0.125,0.125,0.125,0.125,0.125
11,11.0,6.071405875792507,0.125,0.125,0.125,0.125,0.125,0.125,0.125,0.125
12,12.0,7.060169740244025,0.125,0.125,0.125,0.125,0.125,0.125,0.125,0.125
13,13.0,8.099455520847952,0.125,0.125,0.125,0.125,0.125,0.125,0.125,0.125
14,14.0,9.183818168183006,0.125,0.125,0.125,0.125,0.125,0.125,0.125,0.125
15,15.0,10.307906369102724,0.125,0.125,0.125,0.125,0.125,0.125,0.125,0.125
16,16.0,11.466506686239443,0.125,0.125,0.125,0.125,0.125,0.125,0.125,0.125
17,17.0,12.654581904800096,0.125,0.125,0.125,0.125,0.125,0.125,0.125,0.125
18,18.0,13.867303782456686,0.125,0.125,0.125,0.125,0.125,0.125,0.125,0.125
19,19.0,15.100080434523047,0.125,0.125,0.125,0.125,0.125,0.125,0.125,0.125
20,20.0,16.348578617037543,0.125,0.125,0.125,0.125,0.125,0.125,0.125,0.125
21,21.0,17.608741195130214,0.125,0.125,0.125,0.125,0.125,0.125,0.125,0.125
22,22.0,18.876800103462312,0.125,0.125,0.125,0.125,0.125,0.125,0.125,0.125
23,23.0,20.14928511992658,0.125,0.125,0.125,0.125,0.125,0.125,0.125,0.125
24,24.0,21.423028783545156,0.125,0.125,0.125,0.125,0.125,0.125,0.125,0.125
25,25.0,22.695167792966423,0.125,0.125,0.125,0.125,0.125,0.125,0.125,0.125
26,26.0,23.963141223515898,0.125,0.125,0.125,0.125,0.125,0.125,0.125,0.125
27,27.0,25.224685898775267,0.125,0.125,0.125,0.125,0.125,0.125,0.125,0.125
28,28.0,26.477829247520948,0.125,0.125,0.125,0.125,0.125,0.125,0.125,0.125
29,29.0,27.720879968916847,0.125,0.125,0.125,0.125,0.125,0.125,0.125,0.125
30,30.0,28.95241681848399,0.125,0.125,0.125,0.125,0.125,0.125,0.125,0.125
31,31.0,30.17127581490958,0.125,0.125,0.125,0.125,0.125,0.125,0.125,0.125
32,32.0,31.376536153543515,0.125,0.125,0.125,0.125,0.125,0.125,0.125,0.125
33,33.0,32.567505096778625,0.125,0.125,0.125,0.125,0.125,0.125,0.125,0.125
34,34.0,33.74370209472243,0.125,0.125,0.125,0.125,0.125,0.125,0.125,0.125
35,35.0,34.90484237192463,0.125,0.125,0.125,0.125,0.125,0.125,0.125,0.125
36,36.0,36.05082019768737,0.125,0.125,0.125,0.125,0.125,0.125,0.125,0.125
37,37.0,37.18169203889697,0.125,0.125,0.125,0.125,0.125,0.125,0.125,0.125
38,38.0,38.29765977559663,0.125,0.125,0.125,0.125,0.125,0.125,0.125,0.125
39,39.0,39.399054140870355,0.125,0.125,0.125,0.125,0.125,0.125,0.125,0.125
40,40.0,40.48631852820801,0.125,0.125,0.125,0.125,0.125,0.125,0.125,0.125
41,41.0,41.55999329152982,0.125,0.125,0.125,0.125,0.125,0.125,0.125,0.125
42,42.0,42.62070064560415,0.125,0.125,0.125,0.125,0.125,0.125,0.125,0.125
43,43.0,43.669130257815,0.125,0.125,0.125,0.125,0.125,0.125,0.125,0.125
44,44.0,44.70602560622662,0.125,0.125,0.125,0.125,0.125,0.125,0.125,0.125
45,45.0,45.73217116373481,0.125,0.125,0.125,0.125,0.125,0.125,0.125,0.125
46,46.0,46.748380453854836,0.125,0.125,0.125,0.125,0.125,0.125,0.125,0.125
47,47.0,47.755485010424316,0.125,0.125,0.125,0.125,0.125,0.125,0.125,0.125
48,48.0,48.7543242612326,0.125,0.125,0.125,0.125,0.125,0.125,0.125,0.125
49,49.0,49.745736344347726,0.125,0.125,0.125,0.125,0.125,0.125,0.125,0.125
50,50.0,50.730549855707864,0.125,0.125,0.125,0.125,0.125,0.125,0.125,0.125
51,51.0,51.70957651737491,0.125,0.125,0.125,0.125,0.125,0.125,0.125,0.125
52,52.0,52.68360474770151,0.125,0.125,0.125,0.125,0.125,0.125,0.125,0.125
53,53.0,53.65339410751842,0.125,0.125,0.125,0.125,0.125,0.125,0.125,0.125
54,54.0,54.61967059027847,0.125,0.125,0.125,0.125,0.125,0.125,0.125,0.125
55,55.0,55.58312271885972,0.125,0.125,0.125,0.125,0.125,0.125,0.125,0.125
56,56.0,56.544398407394254,0.125,0.125,0.125,0.125,0.125,0.125,0.125,0.125
57,57.0,57.504102543001395,0.125,0.125,0.125,0.125,0.125,0.125,0.125,0.125
58,58.0,58.462795239617805,0.125,0.125,0.125,0.125,0.125,0.125,0.125,0.125
59,59.0,59.42099071417639,0.125,0.125,0.125,0.125,0.125,0.125,0.125,0.125
60,60.0,60.379156734137354,0.125,0.125,0.125,0.125,0.125,0.125,0.125,0.125
61,61.0,61.337714584760846,0.125,0.125,0.125,0.125,0.125,0.125,0.125,0.125
62,62.0,62.29703950447439,0.125,0.125,0.125,0.125,0.125,0.125,0.125,0.125
63,63.0,63.257461537171835,0.125,0.125,0.125,0.125,0.125,0.125,0.125,0.125
64,64.0,64.21926675122782,0.125,0.125,0.125,0.125,0.125,0.125,0.125,0.125
65,65.0,65.18269877636592,0.125,0.125,0.125,0.125,0.125,0.125,0.125,0.125
66,66.0,66.14796061122655,0.125,0.125,0.125,0.125,0.125,0.125,0.125,0.125
67,67.0,67.11521665648885,0.125,0.125,0.125,0.125,0.125,0.125,0.125,0.125
68,68.0,68.08459493066005,0.125,0.125,0.125,0.125,0.125,0.125,0.125,0.125
69,69.0,69.05618942810752,0.125,0.125,0.125,0.125,0.125,0.125,0.125,0.125
70,70.0,70.03006258152917,0.125,0.125,0.125,0.125,0.125,0.125,0.125,0.125
71,71.0,71.00624779379335,0.125,0.125,0.125,0.125,0.125,0.125,0.125,0.125
72,72.0,71.98475200689319,0.125,0.125,0.125,0.125,0.125,0.125,0.125,0.125
73,73.0,72.96555827861411,0.125,0.125,0.125,0.125,0.125,0.125,0.125,0.125
74,74.0,73.9586283403768,0.125,0.125,0.125,0.125,0.125,0.125,0.125,0.125
75,75.0,74.95380511255946,0.125,0.125,0.125,0.125,0.125,0.125,0.125,0.125
76,76.0,75.95092615639825,0.125,0.125,0.125,0.125,0.125,0.125,0.125,0.125
77,77.0,76.94982583428919,0.125,0.125,0.125,0.125,0.125,0.125,0.125,0.125
78,78.0,77.95033728604814,0.125,0.125,0.125,0.125,0.125,0.125,0.125,0.125
79,79.0,78.9522942197707,0.125,0.125,0.125,0.125,0.125,0.125,0.125,0.125
80,80.0,79.95553251792332,0.125,0.125,0.125,0.125,0.125,0.125,0.125,0.125
81,81.0,80.95989166108143,0.125,0.125,0.125,0.125,0.125,0.125,0.125,0.125
82,82.0,81.96521597331291,0.125,0.125,0.125,0.125,0.125,0.125,0.125,0.125
83,83.0,82.97135569458811,0.125,0.125,0.125,0.125,0.125,0.125,0.125,0.125
84,84.0,83.97816788678992,0.125,0.125,0.125,0.125,0.125,0.125,0.125,0.125
85,85.0,84.98551718090366,0.125,0.125,0.125,0.125,0.125,0.125,0.125,0.125
86,86.0,85.99327637379697,0.125,0.125,0.125,0.125,0.125,0.125,0.125,0.125
87,87.0,87.00132688366298,0.125,0.125,0.125,0.125,0.125,0.125,0.125,0.125
88,88.0,88.00955907370577,0.125,0.125,0.125,0.125,0.125,0.125,0.125,0.125
89,89.0,89.02787245400722,0.125,0.125,0.125,0.125,0.125,0.125,0.125,0.125
90,90.0,90.04607577173844,0.125,0.125,0.125,0.125,0.125,0.125,0.125,0.125
91,91.0,91.07399799997917,0.125,0.125,0.125,0.125,0.125,0.125,0.125,0.125
92,92.0,92.10138802539603,0.125,0.125,0.125,0.125,0.125,0.125,0.125,0.125
93,93.0,93.12802516801725,0.125,0.125,0.125,0.125,0.125,0.125,0.125,0.125
94,94.0,94.15371834469616,0.125,0.125,0.125,0.125,0.125,0.125,0.125,0.125
95,95.0,95.17830502026023,0.125,0.125,0.125,0.125,0.125,0.125,0.125,0.125
96,96.0,96.20164997806529,0.125,0.125,0.125,0.125,0.125,0.125,0.125,0.125
97,97.0,97.23364394030918,0.125,0.125,0.125,0.125,0.125,0.125,0.125,0.125
98,98.0,98.2641020669256,0.125,0.125,0.125,0.125,0.125,0.125,0.125,0.125
99,99.0,99.29287336021112,0.125,0.125,0.125,0.125,0.125,0.125,0.125,0.125
100,100.0,100.31983879056598,0.125,0.125,0.125,0.125,0.125,0.125,0.125,0.125
101,101.0,101.3449092899797,0.125,0.125,0.125,0.125,0.125,0.125,0.125,0.125
102,102.0,102.36802364655225,0.125,0.125,0.125,0.125,0.125,0.125,0.125,0.125
103,103.0,103.38914633100202,0.125,0.125,0.125,0.125,0.125,0.125,0.125,0.125
104,104.0,104.40826528369679,0.125,0.125,0.125,0.125,0.125,0.125,0.125,0.125
105,105.0,105.42538968828514,0.125,0.125,0.125,0.125,0.125,0.125,0.125,0.125
106,106.0,106.44054775553178,0.125,0.125,0.125,0.125,0.125,0.125,0.125,0.125
107,107.0,107.45378453849844,0.125,0.125,0.125,0.125,0.125,0.125,0.125,0.125
108,108.0,108.46515979778346,0.125,0.125,0.125,0.125,0.125,0.125,0.125,0.125
109,109.0,109.47474593316214,0.125,0.125,0.125,0.125,0.125,0.125,0.125,0.125
110,110.0,110.48262599567133,0.125,0.125,0.125,0.125,0.125,0.125,0.125,0.125
111,111.0,111.48889179197289,0.125,0.125,0.125,0.125,0.125,0.125,0.125,0.125
112,112.0,112.49364209072456,0.125,0.125,0.125,0.125,0.125,0.125,0.125,0.125
113,113.0,113.49698093869382,0.125,0.125,0.125,0.125,0.125,0.125,0.125,0.125
114,114.0,114.49901609247921,0.125,0.125,0.125,0.125,0.125,0.125,0.125,0.125
115,115.0,115.49985756996128,0.125,0.125,0.125,0.125,0.125,0.125,0.125,0.125
116,116.0,116.49961632399553,0.125,0.125,0.125,0.125,0.125,0.125,0.125,0.125
117,117.0,117.4984030393864,0.125,0.125,0.125,0.125,0.125,0.125,0.125,0.125
118,118.0,118.49632705284432,0.125,0.125,0.125,0.125,0.125,0.125,0.125,0.125
119,119.0,119.49349539442801,0.125,0.125,0.125,0.125,0.125,0.125,0.125,0.125
120,120.0,120.49001194790905,0.125,0.125,0.125,0.125,0.125,0.125,0.125,0.125
121,121.0,121.4859767265629,0.125,0.125,0.125,0.125,0.125,0.125,0.125,0.125
122,122.0,122.48148526008572,0.125,0.125,0.125,0.125,0.125,0.125,0.125,0.125
123,123.0,123.4766280876554,0.125,0.125,0.125,0.125,0.125,0.125,0.125,0.125
124,124.0,124.47149035159156,0.125,0.125,0.125,0.125,0.125,0.125,0.125,0.125
125,125.0,125.4661514856182,0.125,0.125,0.125,0.125,0.125,0.125,0.125,0.125
126,126.0,126.46068499138599,0.125,0.125,0.125,0.125,0.125,0.125,0.125,0.125
127,127.0,127.45515829666314,0.125,0.125,0.125,0.125,0.125,0.125,0.125,0.125
128,128.0,128.44963268844594,0.125,0.125,0.125,0.125,0.125,0.125,0.125,0.125
129,129.0,129.44416331416602,0.125,0.125,0.125,0.125,0.125,0.125,0.125,0.125
130,130.0,130.44879924417242,0.125,0.125,0.125,0.125,0.125,0.125,0.125,0.125
131,131.0,131.45348358873645,0.125,0.125,0.125,0.125,0.125,0.125,0.125,0.125
132,132.0,132.45816466295673,0.125,0.125,0.125,0.125,0.125,0.125,0.125,0.125
133,133.0,133.4627959831254,0.125,0.125,0.125,0.125,0.125,0.125,0.125,0.125
134,134.0,134.46733621144597,0.125,0.125,0.125,0.125,0.125,0.125,0.125,0.125
135,135.0,135.47174905482,0.125,0.125,0.125,0.125,0.125,0.125,0.125,0.125
136,136.0,136.47600312330843,0.125,0.125,0.125,0.125,0.125,0.125,0.125,0.125
137,137.0,137.48007175371492,0.125,0.125,0.125,0.125,0.125,0.125,0.125,0.125
138,138.0,138.48393280354364,0.125,0.125,0.125,0.125,0.125,0.125,0.125,0.125
139,139.0,139.48756842035402,0.125,0.125,0.125,0.125,0.125,0.125,0.125,0.125
140,140.0,140.49096479127985,0.125,0.125,0.125,0.125,0.125,0.125,0.125,0.125
141,141.0,141.4941118772003,0.125,0.125,0.125,0.125,0.125,0.125,0.125,0.125
142,142.0,142.4970031357567,0.125,0.125,0.125,0.125,0.125,0.125,0.125,0.125
143,143.0,143.49963523709988,0.125,0.125,0.125,0.125,0.125,0.125,0.125,0.125
144,144.0,144.50200777593776,0.125,0.125,0.125,0.125,0.125,0.125,0.125,0.125
145,145.0,145.50412298313248,0.125,0.125,0.125,0.125,0.125,0.125,0.125,0.125
146,146.0,146.5059854397764,0.125,0.125,0.125,0.125,0.125,0.125,0.125,0.125
147,147.0,147.50760179635813,0.125,0.125,0.125,0.125,0.125,0.125,0.125,0.125
148,148.0,148.5089804993181,0.125,0.125,0.125,0.125,0.125,0.125,0.125,0.125
149,149.0,149.51013152698894,0.125,0.125,0.125,0.125,0.125,0.125,0.125,0.125
150,150.0,150.5110661366228,0.125,0.125,0.125,0.125,0.125,0.125,0.125,0.125
151,151.0,151.511796623927,0.125,0.125,0.125,0.125,0.125,0.125,0.125,0.125
152,152.0,152.51233609626155,0.125,0.125,0.125,0.125,0.125,0.125,0.125,0.125
153,153.0,153.51269826040001,0.125,0.125,0.125,0.125,0.125,0.125,0.125,0.125
154,154.0,154.51289722552065,0.125,0.125,0.125,0.125,0.125,0.125,0.125,0.125
155,155.0,155.512947321874,0.125,0.125,0.125,0.125,0.125,0.125,0.125,0.125
156,156.0,156.5128629353733,0.125,0.125,0.125,0.125,0.125,0.125,0.125,0.125
157,157.0,157.51265835816892,0.125,0.125,0.125,0.125,0.125,0.125,0.125,0.125
158,158.0,158.52234765510332,0.125,0.125,0.125,0.125,0.125,0.125,0.125,0.125
159,159.0,159.5318445457932,0.125,0.125,0.125,0.125,0.125,0.125,0.125,0.125
160,160.0,160.5410733019562,0.125,0.125,0.125,0.125,0.125,0.125,0.125,0.125
161,161.0,161.54996844948332,0.125,0.125,0.125,0.125,0.125,0.125,0.125,0.125
162,162.0,162.5584743977629,0.125,0.125,0.125,0.125,0.125,0.125,0.125,0.125
163,163.0,163.56654500723687,0.125,0.125,0.125,0.125,0.125,0.125,0.125,0.125
164,164.0,164.57414310569112,0.125,0.125,0.125,0.125,0.125,0.125,0.125,0.125
165,165.0,165.581239963243,0.125,0.125,0.125,0.125,0.125,0.125,0.125,0.125
166,166.0,166.58781473540728,0.125,0.125,0.125,0.125,0.125,0.125,0.125,0.125
167,167.0,167.59385388300106,0.125,0.125,0.125,0.125,0.125,0.125,0.125,0.125
168,168.0,168.59935057700545,0.125,0.125,0.125,0.125,0.125,0.125,0.125,0.125
169,169.0,169.60430409583935,0.125,0.125,0.125,0.125,0.125,0.125,0.125,0.125
170,170.0,170.60871922183145,0.125,0.125,0.125,0.125,0.125,0.125,0.125,0.125
171,171.0,171.61260564300605,0.125,0.125,0.125,0.125,0.125,0.125,0.125,0.125
172,172.0,172.6159773656331,0.125,0.125,0.125,0.125,0.125,0.125,0.125,0.125
173,173.0,173.61885214234115,0.125,0.125,0.125,0.125,0.125,0.125,0.125,0.125
174,174.0,174.62125091995497,0.125,0.125,0.125,0.125,0.125,0.125,0.125,0.125
175,175.0,175.62319731060785,0.125,0.125,0.125,0.125,0.125,0.125,0.125,0.125
176,176.0,176.62471708908936,0.125,0.125,0.125,0.125,0.125,0.125,0.125,0.125
177,177.0,177.6258377188318,0.125,0.125,0.125,0.125,0.125,0.125,0.125,0.125
178,178.0,178.6265879084117,0.125,0.125,0.125,0.125,0.125,0.125,0.125,0.125
179,179.0,179.6269971999495,0.125,0.125,0.125,0.125,0.125,0.125,0.125,0.125
180,180.0,180.62709559033405,0.125,0.125,0.125,0.125,0.125,0.125,0.125,0.125
181,181.0,181.62691318577677,0.125,0.125,0.125,0.125,0.125,0.125,0.125,0.125
182,182.0,182.62647988981746,0.125,0.125,0.125,0.125,0.125,0.125,0.125,0.125
183,183.0,183.6258251245559,0.125,0.125,0.125,0.125,0.125,0.125,0.125,0.125
184,184.0,184.62497758457494,0.125,0.125,0.125,0.125,0.125,0.125,0.125,0.125
185,185.0,185.62396502274632,0.125,0.125,0.125,0.125,0.125,0.125,0.125,0.125
186,186.0,186.6228140668731,0.125,0.125,0.125,0.125,0.125,0.125,0.125,0.125
187,187.0,187.62155006591846,0.125,0.125,0.125,0.125,0.125,0.125,0.125,0.125
188,188.0,188.62019696440012,0.125,0.125,0.125,0.125,0.125,0.125,0.125,0.125
189,189.0,189.6187772033896,0.125,0.125,0.125,0.125,0.125,0.125,0.125,0.125
190,190.0,190.61731164644627,0.125,0.125,0.125,0.125,0.125,0.125,0.125,0.125
191,191.0,191.61581952873277,0.125,0.125,0.125,0.125,0.125,0.125,0.125,0.125
192,192.0,192.61431842750332,0.125,0.125,0.125,0.125,0.125,0.125,0.125,0.125
193,193.0,193.61282425212175,0.125,0.125,0.125,0.125,0.125,0.125,0.125,0.125
194,194.0,194.61135125175716,0.125,0.125,0.125,0.125,0.125,0.125,0.125,0.125
195,195.0,195.60991203891143,0.125,0.125,0.125,0.125,0.125,0.125,0.125,0.125
196,196.0,196.60851762696117,0.125,0.125,0.125,0.125,0.125,0.125,0.125,0.125
197,197.0,197.6071774799363,0.125,0.125,0.125,0.125,0.125,0.125,0.125,0.125
198,198.0,198.60589957281456,0.125,0.125,0.125,0.125,0.125,0.125,0.125,0.125
199,199.0,199.60469046067686,0.12472222222222223,0.12472222222222223,0.12583333333333332,0.12472222222222223,0.12472222222222223,0.12583333333333332,0.12472222222222223,0.12472222222222223
200,200.0,200.60355535514617,0.12419722222222222,0.12419722222222222,0.1272972222222222,0.12419722222222222,0.12419722222222222,0.12640833333333332,0.12419722222222222,0.12530833333333333
201,201.0,201.60249820661707,0.12354108333333334,0.12343691666666667,0.12870425,0.12465219444444445,0.12354108333333334,0.12683119444444443,0.12354108333333334,0.12575219444444444
202,202.0,202.6015217908747,0.12275959194444444,0.12255230027777779,0.12993839361111112,0.12497070305555556,0.12275959194444444,0.12821012416666666,0.12275959194444444,0.12604970305555555
203,203.0,203.6006277987978,0.12168496690631313,0.12127235232297981,0.1307388172078283,0.12486396690631314,0.12268496690631313,0.13104557482651516,0.12168496690631313,0.12602438801742424
204,204.0,204.59981692794065,0.12045726783424494,0.11984315543841163,0.13131077491926013,0.12448466874333587,0.12326544965242675,0.1343726307327197,0.12045726783424494,0.12580878484535607
205,205.0,205.5990889748898,0.11911620033447548,0.11830604769801717,0.13168351496894204,0.12481953956780883,0.12344980033447547,0.1372391638318857,0.11911620033447548,0.12626953292991994
206,206.0,206.59844292739515,0.11768301542127604,0.11668369476128648,0.13171822006754053,0.12488654395922245,0.12414343142593805,0.14062118578235003,0.11768301542127604,0.12658089316111049
207,207.0,207.59787705537602,0.11672715523102017,0.11583245750883334,0.13205734876818007,0.12531813662330663,0.12437833316481306,0.14315149819764894,0.11601286951673447,0.12652220098946346
208,208.0,208.59738900000502,0.11577747886034905,0.11499362685464462,0.1321901443467271,0.12563508126769193,0.12455627122721227,0.14537843044560755,0.1150703360032062,0.12639863099456145
209,209.0,209.59697586017109,0.11484469619284239,0.11317618194726728,0.1321414066650999,0.12651600291823406,0.12468299410199077,0.14831554572597477,0.1141034342880805,0.1262197381605105
210,210.0,210.59663427571883,0.11375148897490213,0.1118838209987563,0.13270391062526635,0.12702264270976,0.1251488279406347,0.1506456796909312,0.11298812302252118,0.12585550603722834
211,211.0,211.5963605069546,0.11264653086795015,0.11063496788071879,0.1338132338632723,0.12738525204064566,0.1253976167282845,0.15276537415401334,0.11190840493223586,0.12544861953287959
212,212.0,212.59615050999724,0.11154128896619957,0.10939950276553022,0.13556041940077188,0.1276513502878887,0.1255603195064055,0.1544847033935051,0.11083326030484242,0.12496915537485681
213,213.0,213.59600000763567,0.11035881805906911,0.10820348567041752,0.13707361597368967,0.12851022882876112,0.12566005850575743,0.15595716945423996,0.10979022038914171,0.12444640311892373
214,214.0,214.5959045554339,0.10929641300891532,0.10703684588373816,0.13834016560432977,0.12921826535398576,0.12568196330030423,0.15779442813268035,0.10876425236586869,0.12386766635017796
215,215.0,215.59585960289797,0.10849781852172194,0.1060569167573045,0.1397128063570103,0.12944777833261084,0.12542604693233228,0.15954923674742,0.10791448709501278,0.12339490925658764
216,216.0,216.59586054958666,0.1076886871051125,0.10512685032588011,0.14091125033104804,0.12955087260855766,0.12497324591986836,0.16108431602820536,0.10710382576356461,0.12356095191776362
217,217.0,217.5959027961106,0.10696387805190896,0.10429381812713545,0.14202664705028117,0.1296248733950489,0.12451920530891492,0.1624491452584812,0.10637932173375503,0.12374311107447464
218,218.0,218.59598179002103,0.10721109610519167,0.10337589150423444,0.14283392505077558,0.129449727810943,0.12438803390987488,0.1634665455954401,0.10555904876016273,0.12371573126337787
219,219.0,219.5960930666402,0.10747572131883412,0.10249829411087669,0.14344593331451014,0.12919715689419561,0.12420631146060224,0.1648180914195497,0.10476834141195684,0.12359015006947495
220,220.0,220.59623228493106,0.10606670616300334,0.10282633065860307,0.14459997983142453,0.12892687943668893,0.12403036084006354,0.16601179777879888,0.10406160074953134,0.12347634454188662
221,221.0,221.5963952585435,0.10465856038176052,0.10243060183227236,0.1463483758665872,0.12865725775596287,0.12379191992714633,0.1670654004449701,0.10374305306648801,0.12330483072481287
222,222.0,222.59657798220928,0.10323686940455024,0.10283971418482632,0.14791079341691263,0.12828751340023753,0.12347121306930856,0.16787896466980026,0.10332024635990086,0.12305468549446388
223,223.0,223.5967766536864,0.10185735617589281,0.10327288035363881,0.14983035767053274,0.12778817426238825,0.12311982544477214,0.16842517683699346,0.10292980429615986,0.12277642495962217
224,224.0,224.59698769147894,0.10041922223622607,0.10361298747840239,0.1519329589681767,0.12706828798324776,0.12363396318945885,0.16861640480188322,0.10246201901462433,0.12225415632798087
225,225.0,225.59720774857743,0.09898489014043264,0.10390811953665935,0.15382438791332131,0.12626546375470987,0.12488229335156636,0.1685945903200243,0.10197148183427411,0.12156877314901227
226,226.0,226.5974337224803,0.09765014120690134,0.10424164089629596,0.1555886656335832,0.1260660770899355,0.12612436793318607,0.16787483866861067,0.10154719149861235,0.12090707707287515
227,227.0,227.59766276176808,0.09638568487017914,0.1045736976750158,0.15702478604287545,0.12575164738024178,0.12731571200798847,0.1669981933686936,0.10115408648796473,0.12079619216704121
228,228.0,228.59789226950943,0.09519730843257637,0.10490128776174736,0.15958764235851083,0.12533751122171366,0.12844965718453125,0.16598945423537068,0.09988406040946941,0.12065307839608061
229,229.0,229.59811990378154,0.09401353009279956,0.10514582434906455,0.16174499303275922,0.12476202304506229,0.12929333117360223,0.16479616046755813,0.0994132632064537,0.12083087463270047
230,230.0,230.59834357558861,0.09280206271764087,0.10512964217435253,0.16499953666463313,0.12400303188719386,0.12983181775539343,0.16321443385580064,0.09880871229247423,0.12121076265251148
231,231.0,231.59856144445908,0.09154742025402043,0.10567711013369652,0.16810504581808858,0.12305545897678978,0.13077966139422545,0.16143977744145277,0.09806220617014479,0.12133331981158184
232,232.0,232.59877191199791,0.09038381667668373,0.10621137094299295,0.1713033174225988,0.1220641412803629,0.13165984194531294,0.15962629848381085,0.09736220601223729,0.12138900723600071
233,233.0,233.5989736136629,0.08924935218790903,0.10653576563608172,0.1743653961554038,0.12097794636632055,0.13240589196705274,0.1577312527011498,0.09741586004825267,0.12131853493782982
234,234.0,234.59916540902475,0.08815484245763452,0.10667591631705392,0.1776018804526417,0.11981852188294961,0.13302614894606896,0.15578376984886422,0.09780239850509241,0.12113652158969479
235,235.0,235.59934637076017,0.08712406860914446,0.10733600705247266,0.1804279832299151,0.11866661653384819,0.1328295354043895,0.15384039996427093,0.09814333055976869,0.12163205864619062
236,236.0,236.59951577261447,0.08616215526893577,0.10794434769144384,0.1829029101828763,0.11753418793527082,0.13254375214854838,0.15237968925897047,0.0984838551509987,0.1220491023629559
237,237.0,237.59967307655714,0.08529395090419778,0.1085221452218379,0.18538029885519614,0.11640657423661238,0.13220268936713556,0.15096220969131732,0.09882733854844554,0.12240479317525758
238,238.0,238.59981791934,0.08448160309474959,0.10902951241292738,0.1877308179765514,0.11525620993738979,0.1317781220742411,0.14996466228124908,0.09913248761083299,0.12262658461205887
239,239.0,239.5999500986512,0.08387188192871249,0.10961265089228767,0.1888452105763568,0.11438411577421725,0.13200380173642104,0.14893880553264888,0.10009946510174746,0.1222440684576086
240,240.0,240.60006955904473,0.0840091561761134,0.11010240065471999,0.18952575797689533,0.11342944990919708,0.13191768438095705,0.14826286512068884,0.10099625640281781,0.12175642937861067
241,241.0,241.60017637780848,0.08422353645069673,0.11055224311471218,0.19018648648946654,0.11250727523394054,0.1317986531213897,0.14763539926675298,0.10186954175140595,0.12122686457163556
242,242.0,242.60027075091776,0.08479810136549197,0.11093202295124063,0.19041899654370795,0.1115926931677986,0.1316215420340573,0.1473782490187213,0.10265364363593879,0.12060475128304365
243,243.0,243.60035297920695,0.08570278035571709,0.11124454540247997,0.19075813972361977,0.11069247736729546,0.13139352698680323,0.1469557446410643,0.10334883293236363,0.11990395259065675
244,244.0,244.60042345487514,0.0860324474095963,0.11246907902902943,0.19092440190691895,0.11007438434719563,0.1300738370488654,0.14699900684783596,0.10412267081397819,0.11930417259658033
245,245.0,245.60048264842777,0.0862641299381218,0.11342120136780771,0.19150320274784555,0.10932471315475492,0.12908023422578038,0.14722858294409694,0.10469229066956633,0.11848564495202653
246,246.0,246.60053109614086,0.08642595852742796,0.1148999353349189,0.191645600311504,0.1084871325597931,0.12790266752632717,0.14748941716345418,0.10558868712826737,0.11756060144830743
247,247.0,247.60056938812122,0.08655355679374135,0.11621788962556287,0.1915139579598374,0.10812062484591567,0.12656034056181575,0.1482296038758213,0.10630081248107104,0.11650321385623474
248,248.0,248.60059815702232,0.08712107206902447,0.1174526803381106,0.1911730844760485,0.10779011172084299,0.1252328703020278,0.14886682968018855,0.1069141256059312,0.11544922580782599
249,249.0,249.60061806746313,0.0876690878290083,0.11859994654248206,0.19106233147103327,0.10749464009541697,0.12393171639832462,0.14940271274396316,0.10743138645210111,0.11440817846767053
250,250.0,250.60062980618522,0.08819334922994176,0.1196566057086106,0.19076631616609496,0.10723293589824605,0.12266689643529426,0.14983949227868257,0.10785594068246634,0.11378846360066343
251,251.0,251.60063407297324,0.08872098909372056,0.12063615194865923,0.19039652494427525,0.10703423942847642,0.1214624252184997,0.15028771084190512,0.10823781341630373,0.11322414510815992
252,252.0,252.6006315723527,0.08921562394465313,0.12152111647745086,0.18987172561717278,0.10686346764729643,0.1203089279701007,0.15101866542207137,0.10853130022977382,0.11266917269148086
253,253.0,253.6006230060707,0.08967481021471704,0.12231170896042437,0.18921027382619368,0.10671873808286118,0.11921244340534283,0.1516335819884944,0.10874110826558209,0.11249733525638435
254,254.0,254.60060906635618,0.09020274750454516,0.12302636969424088,0.18808368698687306,0.10595305816330493,0.11819514411841857,0.15323855527752434,0.10890691835454763,0.11239351990054534
255,255.0,255.60059042994956,0.09061324614524785,0.12349778052303369,0.18669548615469114,0.10513260851428742,0.11743634743717647,0.15452540623956817,0.10960029413930732,0.11249883084668787
256,256.0,256.6005677528841,0.09095480668915376,0.12387333127758726,0.18545447653664646,0.1043115788461589,0.11672373093597099,0.1559217884139189,0.11020240696625727,0.1125578803343064
257,257.0,257.6005416659964,0.09127060345995983,0.12490807111446771,0.18435973842481962,0.10353759447210105,0.11622528022457909,0.1572155350448111,0.1094643914556986,0.11301878580356298
258,258.0,258.60051277113746,0.09147894922245264,0.1257666325175691,0.1833758548401473,0.10273225898670922,0.1156067254624891,0.15823986052794417,0.10860903495167244,0.11419068349101599
259,259.0,259.60048163805305,0.09163832778437853,0.12653940735667055,0.1826432045521442,0.10197049365034866,0.11504222512649942,0.15913058408996375,0.10770644728310572,0.11532931015688912
260,260.0,260.6004488018965,0.09177761026199308,0.12790243593372047,0.181939445279478,0.10127260455602533,0.11454906423190538,0.1592936738388761,0.10679594562495631,0.11646922027304527
261,261.0,261.6004147613367,0.09182900880437019,0.12959081659984867,0.18114684494293168,0.10057969099186909,0.11398221513157039,0.15891474532445649,0.1058190217581829,0.1181376564467705
262,262.0,262.6003799772195,0.09182559728485049,0.13107785761221333,0.18035514145974538,0.09991496261537111,0.11333619909429114,0.15845199019294168,0.10481688660755625,0.12022136513303056
263,263.0,263.60034487174187,0.09180597906011295,0.1324680872319495,0.17960525041470907,0.09931533642682468,0.11275774591531132,0.15824562453970928,0.10383517088826207,0.1219668055231211
264,264.0,264.60030982809457,0.09174676089889314,0.13374888094077814,0.17911057350807152,0.098763491746631,0.11222907711790171,0.15792333357766505,0.10285643973032645,0.12362144247973299
265,265.0,265.6002751905311,0.0916513745282722,0.13554300090997526,0.17885987316321986,0.09825942190530391,0.11174975398642656,0.15749619792004638,0.10188906154101361,0.12455131604574227
266,266.0,266.6002412648186,0.0915232966818025,0.13721830866344742,0.17857010471627,0.09780266081664071,0.11131890588487785,0.15724559715961064,0.10094048085426045,0.1253806452230905
267,267.0,267.60020831902915,0.09138734755580387,0.13877668910198915,0.17832239698622554,0.09740655872977515,0.11094950730479194,0.15698070813856826,0.10003857399694882,0.12613821818589732
268,268.0,268.6001765846284,0.09124567376948921,0.14021425115270805,0.17811502097869647,0.09706901076539613,0.11063910727982341,0.1569758788434606,0.0989174223844374,0.12682363482598885
269,269.0,269.6001462578214,0.09107892740015297,0.1421465886583458,0.17786778115063878,0.09677331223983195,0.10974568520364338,0.1568765598450008,0.09783918050054767,0.12767196500183878
270,270.0,270.60011750111687,0.09085347896286883,0.14427293655094886,0.17754656007269207,0.09648077748788139,0.10882475508967704,0.1568719161439963,0.096772882084681,0.12837669360725468
271,271.0,271.60009044507166,0.09057684949978745,0.14654861646039005,0.17715866537627709,0.09619374921260196,0.10788841927247411,0.15696211557100018,0.09572772950709312,0.1289438551003762
272,272.0,272.60006519018026,0.09025611041612423,0.148407746278595,0.17695510617558305,0.0959140623872906,0.10694726901736554,0.15742806575200477,0.09471157504794328,0.12938006492509366
273,273.0,273.6000418088762,0.08989792187662071,0.15037307032045416,0.17692874699852681,0.09564314094310142,0.10601055847859077,0.15772306056508453,0.09373104164787698,0.12969245916974478
274,274.0,274.6000203476138,0.0895323630696099,0.15217716320019625,0.176862265419506,0.09540588053144215,0.10513395797550858,0.15816050772187729,0.09281543551006459,0.12991242657179541
275,275.0,275.6000008290015,0.08924737999869858,0.15386003481140748,0.17694990113174433,0.09505710252497965,0.10436184819219456,0.15817357955689865,0.09205127538200264,0.1302988784020743
276,276.0,276.5999832539604,0.08895708262664084,0.15537425898213827,0.17725245926271463,0.09472177408739463,0.10365353844285047,0.15812504016736886,0.09134561909861569,0.1305702273322768
277,277.0,277.5999676038838,0.08866412549987439,0.1567211682860306,0.1774591029161502,0.09440073376007894,0.10300934189287403,0.1580195864261446,0.09069889298087258,0.1310270482379748
278,278.0,278.59995384277596,0.08834713069938781,0.15814173838385448,0.17754858195684795,0.09407080769855866,0.10238128816923896,0.15807634016524225,0.09008709780763645,0.1313470151192336
279,279.0,279.59994191935124,0.08802656476167518,0.15962147392693868,0.17783320024121982,0.09374541766299804,0.10178380796791246,0.15813541779205303,0.08928990770550907,0.13156420994169388
280,280.0,280.5999317690754,0.08769461482869315,0.16093444888685843,0.17844770102032084,0.0934256659529471,0.10123833056067714,0.15805869577865578,0.08854708845839943,0.13165345451344834
281,281.0,281.5999233161364,0.08735414665970143,0.16208356031953974,0.17888397190419922,0.09311253212859624,0.10074416755539045,0.15811707899630148,0.08785962630170893,0.13184491613456273
282,282.0,282.59991647533,0.08698810452346128,0.16327069995820223,0.17938270216598487,0.09278711246607177,0.1002606860232064,0.15798717281953956,0.08720811883809085,0.13211540320544332
283,283.0,283.59991115385094,0.08660086953102097,0.16448287249077237,0.1796859860174719,0.09245199317767502,0.09979010144706377,0.15789429871800523,0.0865942040074632,0.1324996746105278
284,284.0,284.5999072529812,0.08622656944197098,0.16554624390627737,0.1798883196512804,0.09213514040050598,0.09937643596698748,0.1579926610752934,0.0860400721944575,0.13279455736322718
285,285.0,285.5999046696687,0.08586533150427843,0.16646611578303327,0.1800091698401953,0.09184549417762075,0.09901475688482275,0.15822838683748255,0.0855518294010842,0.13301891557148302
286,286.0,286.5999032979908,0.08551867486525008,0.1672473770171693,0.18005127900316642,0.0915827056378635,0.0987029576736438,0.15859377725376136,0.08512750681433566,0.1331757217348101
287,287.0,287.5999030305007,0.08518784265528735,0.16789582095856523,0.18021801851850544,0.0913462066942374,0.0984386581343822,0.15863647278083975,0.08500860297640048,0.13326837728178234
288,288.0,288.5999037594546,0.08486220205400592,0.16841218959691232,0.18065443245489007,0.09111781557529874,0.09821344789583028,0.15855715285298094,0.08492858315362756,0.1332541764164544
289,289.0,289.59990537791856,0.08454314508920177,0.16880397483110765,0.18134522909258394,0.0908975909019955,0.09802487685797817,0.1583622247090617,0.08488318596225589,0.13313977255581558
290,290.0,290.59990778075695,0.08409300668527175,0.17005140256602255,0.18190750099300934,0.09054665375320217,0.09773150633495511,0.15814717481032126,0.08472937336963036,0.13279338148758763
291,291.0,291.59991086550394,0.08355211362780163,0.17096374046527402,0.18326558752879923,0.09010928733440114,0.09736493882488197,0.15794486563685964,0.08450745608602372,0.1322920104959588
292,292.0,292.5999145331212,0.08304438427498426,0.17176851878752392,0.1845892194528203,0.0897047975449573,0.09704244900974059,0.15774283866071376,0.08432960840745819,0.13177818386180182
293,293.0,293.5999186886455,0.08248067045897348,0.17228662752543175,0.18568678772519104,0.08924303252892028,0.09758103583637104,0.15745217684100443,0.0841022927593062,0.13116737632480197
294,294.0,294.5999232417309,0.08198180372384467,0.1723230340315341,0.186885916294346,0.08884730042207273,0.09867641115953521,0.1567649533105881,0.08394905906133789,0.13057152199674146
295,295.0,295.5999281070905,0.0814160273475133,0.17271090113626367,0.1879664482458187,0.08838491102343299,0.0995734330595779,0.15635011789500017,0.08373420367459984,0.12986395761779354
296,296.0,296.59993320484324,0.08082045269034868,0.1730285859069275,0.18936651061271106,0.0876648546155378,0.1010697687974139,0.1556340941240707,0.08350204397346091,0.1289136892795295
297,297.0,297.59993846077225,0.0805997960413772,0.17420998925823558,0.19059600839305468,0.08660634417253844,0.10278435306165945,0.15325513220968293,0.08364308295003493,0.12830529391341683
298,298.0,298.5999438065007,0.08041048002468479,0.175721743668998,0.19168257686866697,0.08558857514827871,0.10446902405897851,0.15061532588013704,0.08381069809446184,0.12770157625579412
299,299.0,299.5999491795912,0.08009194912494438,0.17750558103639577,0.19230770215736243,0.08545853129670646,0.10585556851643164,0.1479910253774814,0.08384163066193662,0.12694801182874124
300,300.0,300.5999545235768,0.07976093101298125,0.1789793600616308,0.19270929132354325,0.08532955128014753,0.10768812533689076,0.14551551843492033,0.08385024019311439,0.12616698235677165
301,301.0,301.59995978792807,0.07938756695126684,0.1802642059150805,0.19295995089975487,0.0850750327680932,0.10937358385865761,0.1440049185521407,0.08356124198556052,0.12537349906944573
302,302.0,302.59996492796495,0.0790395759936808,0.18206194795544173,0.19241229734109144,0.0848516437953191,0.11098058382643652,0.14255320793150547,0.0832813233277968,0.12481941982872811
303,303.0,303.5999699047185,0.07874188183958679,0.1851303720823118,0.1917459857144499,0.08460672882206802,0.11219227476293195,0.141148597162467,0.08303635655162248,0.12339780306456204
304,304.0,304.59997468474944,0.07833585507521751,0.18758249510918748,0.19159627829124545,0.08474794773279595,0.11363104268334988,0.13964792494667622,0.08266871946168133,0.12178973669984615
305,305.0,305.59997923992984,0.0779569218015874,0.1902206060161284,0.19162372470906167,0.08488152782351421,0.1148728507874923,0.1383407848048827,0.08206552111269398,0.12003806294463926
306,306.0,306.5999835471929,0.07752180193686128,0.19311430716839176,0.1914717462694441,0.0849277283666496,0.11623436798144791,0.13698987543414162,0.08140188425734048,0.11833828858572323
307,307.0,307.5999875882577,0.07710447988569775,0.19583008392594864,0.19135967595388068,0.0849827091562125,0.1174860676509611,0.1350457970878788,0.08152991180638346,0.11666127453303705
308,308.0,308.5999913493335,0.07666942173422206,0.19857425634299172,0.19125074218470667,0.08500729547720097,0.11910368416939443,0.13284740384383537,0.0816395935574122,0.1149076026902366
309,309.0,309.5999948208083,0.07621721429894206,0.20110185452896326,0.19157279328255894,0.08499891954948914,0.12043206119362067,0.13067761655453583,0.08172149853150483,0.11327804206038526
310,310.0,310.5999979969276,0.07575335261092601,0.20341353795852377,0.19219386995315713,0.08496039108885592,0.12148598690952435,0.128783482896038,0.08177718679154249,0.11163219179143233
311,311.0,311.6000008754657,0.0751332713761299,0.2061363332039689,0.1916284478561038,0.0847449088377945,0.12213663680682155,0.128246089927488,0.08166397428397972,0.11031033770771365
312,312.0,312.6000034573953,0.07450896397752983,0.20863946572189618,0.1915581440989347,0.08450039571171056,0.12254500135835475,0.1277613490355211,0.0815261516564211,0.10896052843963176
313,313.0,313.600005746558,0.07457159389293032,0.21081482262904877,0.19157514999218456,0.08414972836774642,0.12273549255686361,0.12724701954413845,0.08128763346902183,0.10761855954806604
314,314.0,314.60000774933883,0.07463575554611998,0.21266366675763534,0.1915493512755532,0.08378341067743932,0.12319426251239952,0.12673224318638057,0.0810376933864228,0.10640361665804926
315,315.0,315.6000094743482,0.07470822983404544,0.2142027562543261,0.19152543624852683,0.08341440240984907,0.12389854626966304,0.1262596614515764,0.08078369761454655,0.10520726991746657
316,316.0,316.60001093211315,0.07477518041229524,0.21554932482457798,0.19198391772924783,0.08303453460212823,0.12437089518899826,0.12574424237637702,0.08051661581159489,0.10402528905478052
317,317.0,317.60001213478046,0.07483527381143598,0.21638828866284338,0.19300582077304512,0.08264762427014599,0.12476692940383152,0.12525184160691014,0.0802395085008811,0.10286471297090674
318,318.0,318.6000130958333,0.0748974516703299,0.21696317601712428,0.19438650270451685,0.08226724694093351,0.1249880372306226,0.1247905958993624,0.07996529679391629,0.10174169274319413
319,319.0,319.60001382982244,0.07498001160839976,0.21736563699488742,0.19573221597701096,0.08191392036811268,0.1251378588431256,0.12442162300635083,0.0797120399646216,0.10073669323749111
320,320.0,320.6000143521145,0.07543621517447259,0.21753766455278187,0.19693328522398518,0.08157422772752752,0.12513655456117412,0.12412514036110694,0.07946593007927798,0.09979098231967373
321,321.0,321.6000146786562,0.07626332451991424,0.21751305352500644,0.19742838671940388,0.08127880909160515,0.12501131478441713,0.12425429042060539,0.07924281331176268,0.09900800762728501
322,322.0,322.6000148257571,0.07691426790110617,0.21740137994798775,0.19801099870590122,0.08085466727143874,0.12474192913949307,0.12439299442976652,0.07902304252490044,0.09866072007940603
323,323.0,323.6000148098904,0.0775258506770701,0.21711611703224126,0.19846038704114768,0.08044900664669688,0.12469287980503525,0.12458328631086071,0.07881357147153713,0.09835890101541092
324,324.0,324.6000146475115,0.0780613902780325,0.2165796578170888,0.19873977626506617,0.08000653909890997,0.12438196708169785,0.12478441727651866,0.07858177780749141,0.0988644743751946
325,325.0,325.60001435489534,0.07853023222512077,0.21573351152113138,0.1993319242747795,0.07954305659689374,0.12417264978569298,0.12500119515987723,0.07834011478172183,0.0993473156547825
326,326.0,326.6000139479919,0.07896614361241194,0.2146294938345838,0.19936860473398949,0.07909759311553154,0.12421336272460688,0.1253955051651556,0.0781079362297163,0.10022136058400447
327,327.0,327.60001344229886,0.07934180487518763,0.21351692266669903,0.1993657367913738,0.07866712637184337,0.12441958149573062,0.12575416574007342,0.07787812065320196,0.1010565414058902
328,328.0,328.6000128527522,0.07966998162111766,0.21232746618388645,0.19954852003299334,0.07826391164409398,0.12452602508336927,0.12613006627110038,0.0776621801949901,0.10187184896844884
329,329.0,329.6000121936326,0.07995102008624802,0.21107884006883487,0.19976971283426662,0.0778888823952406,0.12453824522545713,0.12651735027458885,0.07746051326510617,0.1027954358502578
330,330.0,330.6000114784887,0.08018181739984613,0.21007978575962058,0.19983685528044226,0.07754064953798383,0.12443254429045708,0.12700062626344089,0.07727138834811792,0.10365633312009134
331,331.0,331.60001072007424,0.0803675439743598,0.209050613205896,0.1998128923703831,0.0772214207063402,0.1245013606748918,0.127484120744962,0.07709684743650928,0.10446520088665784
