,Unnamed: 0,Total_iterations,Intertwine_two,Invert_path_vertices,Insert_inside_vertex,Delete_inside_vertex,Replace_inside_vertex,Donate_between_routes,Trim_one_terminal_cb,Grow_one_terminal_cb
0,0.0,0.0,0.125,0.125,0.125,0.125,0.125,0.125,0.125,0.125
1,1.0,1.0,0.125,0.125,0.125,0.125,0.125,0.125,0.125,0.125
2,2.0,2.0,0.125,0.125,0.125,0.125,0.125,0.125,0.125,0.125
3,3.0,3.0,0.125,0.125,0.125,0.125,0.125,0.125,0.125,0.125
4,4.0,4.0,0.125,0.125,0.125,0.125,0.125,0.125,0.125,0.125
5,5.0,5.0,0.125,0.125,0.125,0.125,0.125,0.125,0.125,0.125
6,6.0,6.0,0.125,0.125,0.125,0.125,0.125,0.125,0.125,0.125
7,7.0,7.0,0.125,0.125,0.125,0.125,0.125,0.125,0.125,0.125
8,8.0,8.0,0.125,0.125,0.125,0.125,0.125,0.125,0.125,0.125
9,9.0,9.0,0.125,0.125,0.125,0.125,0.125,0.125,0.125,0.125
10,10.0,10.0,0.125,0.125,0.125,0.125,0.125,0.125,0.125,0.125
11,11.0,11.0,0.125,0.125,0.125,0.125,0.125,0.125,0.125,0.125
12,12.0,12.0,0.125,0.125,0.125,0.125,0.125,0.125,0.125,0.125
13,13.0,13.0,0.125,0.125,0.125,0.125,0.125,0.125,0.125,0.125
14,14.0,14.0,0.125,0.125,0.125,0.125,0.125,0.125,0.125,0.125
15,15.0,15.0,0.125,0.125,0.125,0.125,0.125,0.125,0.125,0.125
16,16.0,16.0,0.125,0.125,0.125,0.125,0.125,0.125,0.125,0.125
17,17.0,17.0,0.125,0.125,0.125,0.125,0.125,0.125,0.125,0.125
18,18.0,18.0,0.125,0.125,0.125,0.125,0.125,0.125,0.125,0.125
19,19.0,19.0,0.125,0.125,0.125,0.125,0.125,0.125,0.125,0.125
20,20.0,20.0,0.125,0.125,0.125,0.125,0.125,0.125,0.125,0.125
21,21.0,21.0,0.125,0.125,0.125,0.125,0.125,0.125,0.125,0.125
22,22.0,22.0,0.125,0.125,0.125,0.125,0.125,0.125,0.125,0.125
23,23.0,23.0,0.125,0.125,0.125,0.125,0.125,0.125,0.125,0.125
24,24.0,24.0,0.125,0.125,0.125,0.125,0.125,0.125,0.125,0.125
25,25.0,25.0,0.125,0.125,0.125,0.125,0.125,0.125,0.125,0.125
26,26.0,26.0,0.125,0.125,0.125,0.125,0.125,0.125,0.125,0.125
27,27.0,27.0,0.125,0.125,0.125,0.125,0.125,0.125,0.125,0.125
28,28.0,28.0,0.125,0.125,0.125,0.125,0.125,0.125,0.125,0.125
29,29.0,29.0,0.125,0.125,0.125,0.125,0.125,0.125,0.125,0.125
30,30.0,30.0,0.125,0.125,0.125,0.125,0.125,0.125,0.125,0.125
31,31.0,31.0,0.125,0.125,0.125,0.125,0.125,0.125,0.125,0.125
32,32.0,32.0,0.125,0.125,0.125,0.125,0.125,0.125,0.125,0.125
33,33.0,33.0,0.125,0.125,0.125,0.125,0.125,0.125,0.125,0.125
34,34.0,34.0,0.125,0.125,0.125,0.125,0.125,0.125,0.125,0.125
35,35.0,35.0,0.125,0.125,0.125,0.125,0.125,0.125,0.125,0.125
36,36.0,36.0,0.125,0.125,0.125,0.125,0.125,0.125,0.125,0.125
37,37.0,37.0,0.125,0.125,0.125,0.125,0.125,0.125,0.125,0.125
38,38.0,38.0,0.125,0.125,0.125,0.125,0.125,0.125,0.125,0.125
39,39.0,39.0,0.125,0.125,0.125,0.125,0.125,0.125,0.125,0.125
40,40.0,40.0,0.125,0.125,0.125,0.125,0.125,0.125,0.125,0.125
41,41.0,41.0,0.125,0.125,0.125,0.125,0.125,0.125,0.125,0.125
42,42.0,42.0,0.125,0.125,0.125,0.125,0.125,0.125,0.125,0.125
43,43.0,43.0,0.125,0.125,0.125,0.125,0.125,0.125,0.125,0.125
44,44.0,44.0,0.125,0.125,0.125,0.125,0.125,0.125,0.125,0.125
45,45.0,45.0,0.125,0.125,0.125,0.125,0.125,0.125,0.125,0.125
46,46.0,46.0,0.125,0.125,0.125,0.125,0.125,0.125,0.125,0.125
47,47.0,47.0,0.125,0.125,0.125,0.125,0.125,0.125,0.125,0.125
48,48.0,48.0,0.125,0.125,0.125,0.125,0.125,0.125,0.125,0.125
49,49.0,49.0,0.125,0.125,0.125,0.125,0.125,0.125,0.125,0.125
50,50.0,50.0,0.125,0.125,0.125,0.125,0.125,0.125,0.125,0.125
51,51.0,51.0,0.125,0.125,0.125,0.125,0.125,0.125,0.125,0.125
52,52.0,52.0,0.125,0.125,0.125,0.125,0.125,0.125,0.125,0.125
53,53.0,53.0,0.125,0.125,0.125,0.125,0.125,0.125,0.125,0.125
54,54.0,54.0,0.125,0.125,0.125,0.125,0.125,0.125,0.125,0.125
55,55.0,55.0,0.125,0.125,0.125,0.125,0.125,0.125,0.125,0.125
56,56.0,56.0,0.125,0.125,0.125,0.125,0.125,0.125,0.125,0.125
57,57.0,57.0,0.125,0.125,0.125,0.125,0.125,0.125,0.125,0.125
58,58.0,58.0,0.125,0.125,0.125,0.125,0.125,0.125,0.125,0.125
59,59.0,59.0,0.125,0.125,0.125,0.125,0.125,0.125,0.125,0.125
60,60.0,60.0,0.125,0.125,0.125,0.125,0.125,0.125,0.125,0.125
61,61.0,61.0,0.125,0.125,0.125,0.125,0.125,0.125,0.125,0.125
62,62.0,62.0,0.125,0.125,0.125,0.125,0.125,0.125,0.125,0.125
63,63.0,63.0,0.125,0.125,0.125,0.125,0.125,0.125,0.125,0.125
64,64.0,64.0,0.125,0.125,0.125,0.125,0.125,0.125,0.125,0.125
65,65.0,65.0,0.125,0.125,0.125,0.125,0.125,0.125,0.125,0.125
66,66.0,66.0,0.125,0.125,0.125,0.125,0.125,0.125,0.125,0.125
67,67.0,67.0,0.125,0.125,0.125,0.125,0.125,0.125,0.125,0.125
68,68.0,68.0,0.125,0.125,0.125,0.125,0.125,0.125,0.125,0.125
69,69.0,69.0,0.125,0.125,0.125,0.125,0.125,0.125,0.125,0.125
70,70.0,70.0,0.125,0.125,0.125,0.125,0.125,0.125,0.125,0.125
71,71.0,71.0,0.125,0.125,0.125,0.125,0.125,0.125,0.125,0.125
72,72.0,72.0,0.125,0.125,0.125,0.125,0.125,0.125,0.125,0.125
73,73.0,73.0,0.125,0.125,0.125,0.125,0.125,0.125,0.125,0.125
74,74.0,74.0,0.125,0.125,0.125,0.125,0.125,0.125,0.125,0.125
75,75.0,75.0,0.125,0.125,0.125,0.125,0.125,0.125,0.125,0.125
76,76.0,76.0,0.125,0.125,0.125,0.125,0.125,0.125,0.125,0.125
77,77.0,77.0,0.125,0.125,0.125,0.125,0.125,0.125,0.125,0.125
78,78.0,78.0,0.125,0.125,0.125,0.125,0.125,0.125,0.125,0.125
79,79.0,79.0,0.125,0.125,0.125,0.125,0.125,0.125,0.125,0.125
80,80.0,80.0,0.125,0.125,0.125,0.125,0.125,0.125,0.125,0.125
81,81.0,81.0,0.125,0.125,0.125,0.125,0.125,0.125,0.125,0.125
82,82.0,82.0,0.125,0.125,0.125,0.125,0.125,0.125,0.125,0.125
83,83.0,83.0,0.125,0.125,0.125,0.125,0.125,0.125,0.125,0.125
84,84.0,84.0,0.125,0.125,0.125,0.125,0.125,0.125,0.125,0.125
85,85.0,85.0,0.125,0.125,0.125,0.125,0.125,0.125,0.125,0.125
86,86.0,86.0,0.125,0.125,0.125,0.125,0.125,0.125,0.125,0.125
87,87.0,87.0,0.125,0.125,0.125,0.125,0.125,0.125,0.125,0.125
88,88.0,88.0,0.125,0.125,0.125,0.125,0.125,0.125,0.125,0.125
89,89.0,89.0,0.125,0.125,0.125,0.125,0.125,0.125,0.125,0.125
90,90.0,90.0,0.125,0.125,0.125,0.125,0.125,0.125,0.125,0.125
91,91.0,91.0,0.125,0.125,0.125,0.125,0.125,0.125,0.125,0.125
92,92.0,92.0,0.125,0.125,0.125,0.125,0.125,0.125,0.125,0.125
93,93.0,93.0,0.125,0.125,0.125,0.125,0.125,0.125,0.125,0.125
94,94.0,94.0,0.125,0.125,0.125,0.125,0.125,0.125,0.125,0.125
95,95.0,95.0,0.125,0.125,0.125,0.125,0.125,0.125,0.125,0.125
96,96.0,96.0,0.125,0.125,0.125,0.125,0.125,0.125,0.125,0.125
97,97.0,97.0,0.125,0.125,0.125,0.125,0.125,0.125,0.125,0.125
98,98.0,98.0,0.125,0.125,0.125,0.125,0.125,0.125,0.125,0.125
99,99.0,99.0,0.125,0.125,0.125,0.125,0.125,0.125,0.125,0.125
100,100.0,100.0,0.125,0.125,0.125,0.125,0.125,0.125,0.125,0.125
101,101.0,101.0,0.125,0.125,0.125,0.125,0.125,0.125,0.125,0.125
102,102.0,102.0,0.125,0.125,0.125,0.125,0.125,0.125,0.125,0.125
103,103.0,103.0,0.125,0.125,0.125,0.125,0.125,0.125,0.125,0.125
104,104.0,104.0,0.125,0.125,0.125,0.125,0.125,0.125,0.125,0.125
105,105.0,105.0,0.125,0.125,0.125,0.125,0.125,0.125,0.125,0.125
106,106.0,106.0,0.125,0.125,0.125,0.125,0.125,0.125,0.125,0.125
107,107.0,107.0,0.125,0.125,0.125,0.125,0.125,0.125,0.125,0.125
108,108.0,108.0,0.125,0.125,0.125,0.125,0.125,0.125,0.125,0.125
109,109.0,109.0,0.125,0.125,0.125,0.125,0.125,0.125,0.125,0.125
110,110.0,110.0,0.125,0.125,0.125,0.125,0.125,0.125,0.125,0.125
111,111.0,111.0,0.125,0.125,0.125,0.125,0.125,0.125,0.125,0.125
112,112.0,112.0,0.125,0.125,0.125,0.125,0.125,0.125,0.125,0.125
113,113.0,113.0,0.125,0.125,0.125,0.125,0.125,0.125,0.125,0.125
114,114.0,114.0,0.125,0.125,0.125,0.125,0.125,0.125,0.125,0.125
115,115.0,115.0,0.125,0.125,0.125,0.125,0.125,0.125,0.125,0.125
116,116.0,116.0,0.125,0.125,0.125,0.125,0.125,0.125,0.125,0.125
117,117.0,117.0,0.125,0.125,0.125,0.125,0.125,0.125,0.125,0.125
118,118.0,118.0,0.125,0.125,0.125,0.125,0.125,0.125,0.125,0.125
119,119.0,119.0,0.125,0.125,0.125,0.125,0.125,0.125,0.125,0.125
120,120.0,120.0,0.125,0.125,0.125,0.125,0.125,0.125,0.125,0.125
121,121.0,121.0,0.125,0.125,0.125,0.125,0.125,0.125,0.125,0.125
122,122.0,122.0,0.125,0.125,0.125,0.125,0.125,0.125,0.125,0.125
123,123.0,123.0,0.125,0.125,0.125,0.125,0.125,0.125,0.125,0.125
124,124.0,124.0,0.125,0.125,0.125,0.125,0.125,0.125,0.125,0.125
125,125.0,125.0,0.125,0.125,0.125,0.125,0.125,0.125,0.125,0.125
126,126.0,126.0,0.125,0.125,0.125,0.125,0.125,0.125,0.125,0.125
127,127.0,127.0,0.125,0.125,0.125,0.125,0.125,0.125,0.125,0.125
128,128.0,128.0,0.125,0.125,0.125,0.125,0.125,0.125,0.125,0.125
129,129.0,129.0,0.125,0.125,0.125,0.125,0.125,0.125,0.125,0.125
130,130.0,130.0,0.125,0.125,0.125,0.125,0.125,0.125,0.125,0.125
131,131.0,131.0,0.125,0.125,0.125,0.125,0.125,0.125,0.125,0.125
132,132.0,132.0,0.125,0.125,0.125,0.125,0.125,0.125,0.125,0.125
133,133.0,133.0,0.125,0.125,0.125,0.125,0.125,0.125,0.125,0.125
134,134.0,134.0,0.125,0.125,0.125,0.125,0.125,0.125,0.125,0.125
135,135.0,135.0,0.125,0.125,0.125,0.125,0.125,0.125,0.125,0.125
136,136.0,136.0,0.125,0.125,0.125,0.125,0.125,0.125,0.125,0.125
137,137.0,137.0,0.125,0.125,0.125,0.125,0.125,0.125,0.125,0.125
138,138.0,138.0,0.125,0.125,0.125,0.125,0.125,0.125,0.125,0.125
139,139.0,139.0,0.125,0.125,0.125,0.125,0.125,0.125,0.125,0.125
140,140.0,140.0,0.125,0.125,0.125,0.125,0.125,0.125,0.125,0.125
141,141.0,141.0,0.125,0.125,0.125,0.125,0.125,0.125,0.125,0.125
142,142.0,142.0,0.125,0.125,0.125,0.125,0.125,0.125,0.125,0.125
143,143.0,143.0,0.125,0.125,0.125,0.125,0.125,0.125,0.125,0.125
144,144.0,144.0,0.125,0.125,0.125,0.125,0.125,0.125,0.125,0.125
145,145.0,145.0,0.125,0.125,0.125,0.125,0.125,0.125,0.125,0.125
146,146.0,146.0,0.125,0.125,0.125,0.125,0.125,0.125,0.125,0.125
147,147.0,147.0,0.125,0.125,0.125,0.125,0.125,0.125,0.125,0.125
148,148.0,148.0,0.125,0.125,0.125,0.125,0.125,0.125,0.125,0.125
149,149.0,149.0,0.125,0.125,0.125,0.125,0.125,0.125,0.125,0.125
150,150.0,150.0,0.125,0.125,0.125,0.125,0.125,0.125,0.125,0.125
151,151.0,151.0,0.125,0.125,0.125,0.125,0.125,0.125,0.125,0.125
152,152.0,152.0,0.125,0.125,0.125,0.125,0.125,0.125,0.125,0.125
153,153.0,153.0,0.125,0.125,0.125,0.125,0.125,0.125,0.125,0.125
154,154.0,154.0,0.125,0.125,0.125,0.125,0.125,0.125,0.125,0.125
155,155.0,155.0,0.125,0.125,0.125,0.125,0.125,0.125,0.125,0.125
156,156.0,156.0,0.125,0.125,0.125,0.125,0.125,0.125,0.125,0.125
157,157.0,157.0,0.125,0.125,0.125,0.125,0.125,0.125,0.125,0.125
158,158.0,158.0,0.125,0.125,0.125,0.125,0.125,0.125,0.125,0.125
159,159.0,159.0,0.125,0.125,0.125,0.125,0.125,0.125,0.125,0.125
160,160.0,160.0,0.125,0.125,0.125,0.125,0.125,0.125,0.125,0.125
161,161.0,161.0,0.125,0.125,0.125,0.125,0.125,0.125,0.125,0.125
162,162.0,162.0,0.125,0.125,0.125,0.125,0.125,0.125,0.125,0.125
163,163.0,163.0,0.125,0.125,0.125,0.125,0.125,0.125,0.125,0.125
164,164.0,164.0,0.125,0.125,0.125,0.125,0.125,0.125,0.125,0.125
165,165.0,165.0,0.125,0.125,0.125,0.125,0.125,0.125,0.125,0.125
166,166.0,166.0,0.125,0.125,0.125,0.125,0.125,0.125,0.125,0.125
167,167.0,167.0,0.125,0.125,0.125,0.125,0.125,0.125,0.125,0.125
168,168.0,168.0,0.125,0.125,0.125,0.125,0.125,0.125,0.125,0.125
169,169.0,169.0,0.125,0.125,0.125,0.125,0.125,0.125,0.125,0.125
170,170.0,170.0,0.125,0.125,0.125,0.125,0.125,0.125,0.125,0.125
171,171.0,171.0,0.125,0.125,0.125,0.125,0.125,0.125,0.125,0.125
172,172.0,172.0,0.125,0.125,0.125,0.125,0.125,0.125,0.125,0.125
173,173.0,173.0,0.125,0.125,0.125,0.125,0.125,0.125,0.125,0.125
174,174.0,174.0,0.125,0.125,0.125,0.125,0.125,0.125,0.125,0.125
175,175.0,175.0,0.125,0.125,0.125,0.125,0.125,0.125,0.125,0.125
176,176.0,176.0,0.125,0.125,0.125,0.125,0.125,0.125,0.125,0.125
177,177.0,177.0,0.125,0.125,0.125,0.125,0.125,0.125,0.125,0.125
178,178.0,178.0,0.125,0.125,0.125,0.125,0.125,0.125,0.125,0.125
179,179.0,179.0,0.125,0.125,0.125,0.125,0.125,0.125,0.125,0.125
180,180.0,180.0,0.125,0.125,0.125,0.125,0.125,0.125,0.125,0.125
181,181.0,181.0,0.125,0.125,0.125,0.125,0.125,0.125,0.125,0.125
182,182.0,182.0,0.125,0.125,0.125,0.125,0.125,0.125,0.125,0.125
183,183.0,183.0,0.125,0.125,0.125,0.125,0.125,0.125,0.125,0.125
184,184.0,184.0,0.125,0.125,0.125,0.125,0.125,0.125,0.125,0.125
185,185.0,185.0,0.125,0.125,0.125,0.125,0.125,0.125,0.125,0.125
186,186.0,186.0,0.125,0.125,0.125,0.125,0.125,0.125,0.125,0.125
187,187.0,187.0,0.125,0.125,0.125,0.125,0.125,0.125,0.125,0.125
188,188.0,188.0,0.125,0.125,0.125,0.125,0.125,0.125,0.125,0.125
189,189.0,189.0,0.125,0.125,0.125,0.125,0.125,0.125,0.125,0.125
190,190.0,190.0,0.125,0.125,0.125,0.125,0.125,0.125,0.125,0.125
191,191.0,191.0,0.125,0.125,0.125,0.125,0.125,0.125,0.125,0.125
192,192.0,192.0,0.125,0.125,0.125,0.125,0.125,0.125,0.125,0.125
193,193.0,193.0,0.125,0.125,0.125,0.125,0.125,0.125,0.125,0.125
194,194.0,194.0,0.125,0.125,0.125,0.125,0.125,0.125,0.125,0.125
195,195.0,195.0,0.125,0.125,0.125,0.125,0.125,0.125,0.125,0.125
196,196.0,196.0,0.125,0.125,0.125,0.125,0.125,0.125,0.125,0.125
197,197.0,197.0,0.125,0.125,0.125,0.125,0.125,0.125,0.125,0.125
198,198.0,198.0,0.125,0.125,0.125,0.125,0.125,0.125,0.125,0.125
199,199.0,199.0,0.125,0.125,0.125,0.125,0.125,0.125,0.125,0.125
200,200.0,200.0,0.125,0.125,0.125,0.125,0.125,0.125,0.125,0.125
201,201.0,201.0,0.125,0.125,0.125,0.125,0.125,0.125,0.125,0.125
202,202.0,202.0,0.125,0.125,0.125,0.125,0.125,0.125,0.125,0.125
203,203.0,203.0,0.125,0.125,0.125,0.125,0.125,0.125,0.125,0.125
204,204.0,204.0,0.125,0.125,0.125,0.125,0.125,0.125,0.125,0.125
205,205.0,205.0,0.125,0.125,0.125,0.125,0.125,0.125,0.125,0.125
206,206.0,206.0,0.125,0.125,0.125,0.125,0.125,0.125,0.125,0.125
207,207.0,207.0,0.125,0.125,0.125,0.125,0.125,0.125,0.125,0.125
208,208.0,208.0,0.125,0.125,0.125,0.125,0.125,0.125,0.125,0.125
209,209.0,209.0,0.125,0.125,0.125,0.125,0.125,0.125,0.125,0.125
210,210.0,210.0,0.125,0.125,0.125,0.125,0.125,0.125,0.125,0.125
211,211.0,211.0,0.125,0.125,0.125,0.125,0.125,0.125,0.125,0.125
212,212.0,212.0,0.125,0.125,0.125,0.125,0.125,0.125,0.125,0.125
213,213.0,213.0,0.125,0.125,0.125,0.125,0.125,0.125,0.125,0.125
214,214.0,214.0,0.125,0.125,0.125,0.125,0.125,0.125,0.125,0.125
215,215.0,215.0,0.125,0.125,0.125,0.125,0.125,0.125,0.125,0.125
216,216.0,216.0,0.125,0.125,0.125,0.125,0.125,0.125,0.125,0.125
217,217.0,217.0,0.125,0.125,0.125,0.125,0.125,0.125,0.125,0.125
218,218.0,218.0,0.125,0.125,0.125,0.125,0.125,0.125,0.125,0.125
219,219.0,219.0,0.125,0.125,0.125,0.125,0.125,0.125,0.125,0.125
220,220.0,220.0,0.125,0.125,0.125,0.125,0.125,0.125,0.125,0.125
221,221.0,221.0,0.125,0.125,0.125,0.125,0.125,0.125,0.125,0.125
222,222.0,222.0,0.125,0.125,0.125,0.125,0.125,0.125,0.125,0.125
223,223.0,223.0,0.125,0.125,0.125,0.125,0.125,0.125,0.125,0.125
224,224.0,224.0,0.125,0.125,0.125,0.125,0.125,0.125,0.125,0.125
225,225.0,225.0,0.125,0.125,0.125,0.125,0.125,0.125,0.125,0.125
226,226.0,226.0,0.125,0.125,0.125,0.125,0.125,0.125,0.125,0.125
227,227.0,227.0,0.125,0.125,0.125,0.125,0.125,0.125,0.125,0.125
228,228.0,228.0,0.125,0.125,0.125,0.125,0.125,0.125,0.125,0.125
229,229.0,229.0,0.125,0.125,0.125,0.125,0.125,0.125,0.125,0.125
230,230.0,230.0,0.125,0.125,0.125,0.125,0.125,0.125,0.125,0.125
231,231.0,231.0,0.125,0.125,0.125,0.125,0.125,0.125,0.125,0.125
232,232.0,232.0,0.125,0.125,0.125,0.125,0.125,0.125,0.125,0.125
233,233.0,233.0,0.125,0.125,0.125,0.125,0.125,0.125,0.125,0.125
234,234.0,234.0,0.125,0.125,0.125,0.125,0.125,0.125,0.125,0.125
235,235.0,235.0,0.125,0.125,0.125,0.125,0.125,0.125,0.125,0.125
236,236.0,236.0,0.125,0.125,0.125,0.125,0.125,0.125,0.125,0.125
237,237.0,237.0,0.125,0.125,0.125,0.125,0.125,0.125,0.125,0.125
238,238.0,238.0,0.125,0.125,0.125,0.125,0.125,0.125,0.125,0.125
239,239.0,239.0,0.125,0.125,0.125,0.125,0.125,0.125,0.125,0.125
240,240.0,240.0,0.125,0.125,0.125,0.125,0.125,0.125,0.125,0.125
241,241.0,241.0,0.12361111111111112,0.12361111111111112,0.12361111111111112,0.12361111111111112,0.12361111111111112,0.12361111111111112,0.13472222222222224,0.12361111111111112
242,242.0,242.0,0.12250000000000001,0.12250000000000001,0.12250000000000001,0.12250000000000001,0.1325,0.12250000000000001,0.1325,0.12250000000000001
243,243.0,243.0,0.12250000000000001,0.12250000000000001,0.12250000000000001,0.12250000000000001,0.1325,0.12250000000000001,0.1325,0.12250000000000001
244,244.0,244.0,0.12159090909090908,0.12159090909090908,0.12159090909090908,0.12159090909090908,0.13068181818181818,0.12159090909090908,0.13977272727272727,0.12159090909090908
245,245.0,245.0,0.12083333333333332,0.12083333333333332,0.12083333333333332,0.12083333333333332,0.12916666666666665,0.12083333333333332,0.14583333333333331,0.12083333333333332
246,246.0,246.0,0.12019230769230768,0.12019230769230768,0.12019230769230768,0.12019230769230768,0.12788461538461537,0.12019230769230768,0.15096153846153845,0.12019230769230768
247,247.0,247.0,0.11964285714285713,0.11964285714285713,0.11964285714285713,0.11964285714285713,0.13392857142857142,0.11964285714285713,0.14821428571428572,0.11964285714285713
248,248.0,248.0,0.11916666666666667,0.11916666666666667,0.11916666666666667,0.11916666666666667,0.1325,0.11916666666666667,0.1525,0.11916666666666667
249,249.0,249.0,0.11875,0.11875,0.11875,0.11875,0.13125,0.11875,0.15625,0.11875
250,250.0,250.0,0.11875,0.11875,0.11875,0.11875,0.13125,0.11875,0.15625,0.11875
251,251.0,251.0,0.11875,0.11875,0.11875,0.11875,0.13125,0.11875,0.15625,0.11875
252,252.0,252.0,0.11875,0.11875,0.11875,0.11875,0.13125,0.11875,0.15625,0.11875
253,253.0,253.0,0.11875,0.11875,0.11875,0.11875,0.13125,0.11875,0.15625,0.11875
254,254.0,254.0,0.11838235294117647,0.11838235294117647,0.11838235294117647,0.11838235294117647,0.13014705882352942,0.11838235294117647,0.15955882352941175,0.11838235294117647
255,255.0,255.0,0.11805555555555554,0.11805555555555554,0.11805555555555554,0.11805555555555554,0.12916666666666665,0.11805555555555554,0.1625,0.11805555555555554
256,256.0,256.0,0.11776315789473683,0.11776315789473683,0.11776315789473683,0.11776315789473683,0.12828947368421054,0.11776315789473683,0.1651315789473684,0.11776315789473683
257,257.0,257.0,0.11750000000000001,0.11750000000000001,0.11750000000000001,0.11750000000000001,0.1325,0.11750000000000001,0.1625,0.11750000000000001
258,258.0,258.0,0.11726190476190476,0.11726190476190476,0.11726190476190476,0.11726190476190476,0.13154761904761905,0.11726190476190476,0.16488095238095238,0.11726190476190476
259,259.0,259.0,0.11704545454545454,0.11704545454545454,0.11704545454545454,0.11704545454545454,0.13068181818181818,0.11704545454545454,0.16704545454545455,0.11704545454545454
260,260.0,260.0,0.11684782608695651,0.11684782608695651,0.11684782608695651,0.11684782608695651,0.1298913043478261,0.11684782608695651,0.16902173913043478,0.11684782608695651
261,261.0,261.0,0.11684782608695651,0.11684782608695651,0.11684782608695651,0.11684782608695651,0.1298913043478261,0.11684782608695651,0.16902173913043478,0.11684782608695651
262,262.0,262.0,0.11684782608695651,0.11684782608695651,0.11684782608695651,0.11684782608695651,0.1298913043478261,0.11684782608695651,0.16902173913043478,0.11684782608695651
263,263.0,263.0,0.11666666666666665,0.11666666666666665,0.11666666666666665,0.11666666666666665,0.12916666666666665,0.11666666666666665,0.17083333333333334,0.11666666666666665
264,264.0,264.0,0.1165,0.1165,0.1165,0.1165,0.1285,0.1165,0.17250000000000001,0.1165
265,265.0,265.0,0.11634615384615384,0.11634615384615384,0.11634615384615384,0.11634615384615384,0.12788461538461537,0.11634615384615384,0.17403846153846153,0.11634615384615384
266,266.0,266.0,0.1162037037037037,0.1162037037037037,0.1162037037037037,0.1162037037037037,0.1310185185185185,0.1162037037037037,0.17175925925925925,0.1162037037037037
267,267.0,267.0,0.1162037037037037,0.1162037037037037,0.1162037037037037,0.1162037037037037,0.1310185185185185,0.1162037037037037,0.17175925925925925,0.1162037037037037
268,268.0,268.0,0.1162037037037037,0.1162037037037037,0.1162037037037037,0.1162037037037037,0.1310185185185185,0.1162037037037037,0.17175925925925925,0.1162037037037037
269,269.0,269.0,0.1162037037037037,0.1162037037037037,0.1162037037037037,0.1162037037037037,0.1310185185185185,0.1162037037037037,0.17175925925925925,0.1162037037037037
270,270.0,270.0,0.1162037037037037,0.1162037037037037,0.1162037037037037,0.1162037037037037,0.1310185185185185,0.1162037037037037,0.17175925925925925,0.1162037037037037
271,271.0,271.0,0.1162037037037037,0.1162037037037037,0.1162037037037037,0.1162037037037037,0.1310185185185185,0.1162037037037037,0.17175925925925925,0.1162037037037037
272,272.0,272.0,0.11607142857142856,0.11607142857142856,0.11607142857142856,0.11607142857142856,0.13035714285714284,0.11607142857142856,0.1732142857142857,0.11607142857142856
273,273.0,273.0,0.11594827586206895,0.11594827586206895,0.11594827586206895,0.11939655172413792,0.12974137931034485,0.11594827586206895,0.1711206896551724,0.11594827586206895
274,274.0,274.0,0.11583333333333332,0.11583333333333332,0.11583333333333332,0.12250000000000001,0.12916666666666665,0.11583333333333332,0.16916666666666666,0.11583333333333332
275,275.0,275.0,0.1189516129032258,0.1157258064516129,0.1157258064516129,0.1221774193548387,0.1286290322580645,0.1157258064516129,0.16733870967741934,0.1157258064516129
276,276.0,276.0,0.1189516129032258,0.1157258064516129,0.1157258064516129,0.1221774193548387,0.1286290322580645,0.1157258064516129,0.16733870967741934,0.1157258064516129
277,277.0,277.0,0.11875,0.115625,0.115625,0.121875,0.128125,0.115625,0.16875,0.115625
278,278.0,278.0,0.11856060606060606,0.11553030303030302,0.11553030303030302,0.12159090909090908,0.12765151515151513,0.11553030303030302,0.17007575757575757,0.11553030303030302
279,279.0,279.0,0.11838235294117647,0.11544117647058823,0.11544117647058823,0.12132352941176469,0.13014705882352942,0.11544117647058823,0.16838235294117648,0.11544117647058823
280,280.0,280.0,0.11821428571428572,0.11535714285714285,0.11535714285714285,0.12107142857142857,0.12964285714285712,0.11535714285714285,0.16964285714285715,0.11535714285714285
281,281.0,281.0,0.11805555555555554,0.11527777777777777,0.11527777777777777,0.12361111111111112,0.12916666666666665,0.11527777777777777,0.16805555555555557,0.11527777777777777
282,282.0,282.0,0.11805555555555554,0.11527777777777777,0.11527777777777777,0.12361111111111112,0.12916666666666665,0.11527777777777777,0.16805555555555557,0.11527777777777777
283,283.0,283.0,0.1179054054054054,0.1179054054054054,0.11520270270270269,0.12331081081081081,0.1287162162162162,0.11520270270270269,0.16655405405405405,0.11520270270270269
284,284.0,284.0,0.1179054054054054,0.1179054054054054,0.11520270270270269,0.12331081081081081,0.1287162162162162,0.11520270270270269,0.16655405405405405,0.11520270270270269
285,285.0,285.0,0.1179054054054054,0.1179054054054054,0.11520270270270269,0.12060810810810811,0.13141891891891894,0.11520270270270269,0.16655405405405405,0.11520270270270269
286,286.0,286.0,0.11776315789473683,0.11776315789473683,0.1151315789473684,0.12039473684210526,0.13092105263157894,0.1151315789473684,0.16776315789473686,0.1151315789473684
287,287.0,287.0,0.11762820512820511,0.11762820512820511,0.11506410256410256,0.12019230769230768,0.13044871794871796,0.11506410256410256,0.16891025641025642,0.11506410256410256
288,288.0,288.0,0.11762820512820511,0.11762820512820511,0.11506410256410256,0.12019230769230768,0.13044871794871796,0.11506410256410256,0.16891025641025642,0.11506410256410256
289,289.0,289.0,0.11762820512820511,0.11762820512820511,0.11506410256410256,0.12019230769230768,0.13044871794871796,0.11506410256410256,0.16891025641025642,0.11506410256410256
290,290.0,290.0,0.11750000000000001,0.11750000000000001,0.11499999999999999,0.12,0.13,0.11499999999999999,0.16999999999999998,0.11499999999999999
291,291.0,291.0,0.11737804878048781,0.11737804878048781,0.11493902439024391,0.11981707317073172,0.12957317073170732,0.11493902439024391,0.17103658536585367,0.11493902439024391
292,292.0,292.0,0.11737804878048781,0.11737804878048781,0.11493902439024391,0.11981707317073172,0.12957317073170732,0.11493902439024391,0.17103658536585367,0.11493902439024391
293,293.0,293.0,0.11737804878048781,0.11737804878048781,0.11493902439024391,0.11981707317073172,0.12957317073170732,0.11493902439024391,0.17103658536585367,0.11493902439024391
294,294.0,294.0,0.11737804878048781,0.11737804878048781,0.11493902439024391,0.11981707317073172,0.12957317073170732,0.11493902439024391,0.17103658536585367,0.11493902439024391
295,295.0,295.0,0.11726190476190476,0.11726190476190476,0.11488095238095238,0.12202380952380953,0.12916666666666665,0.11488095238095238,0.16964285714285715,0.11488095238095238
296,296.0,296.0,0.11715116279069768,0.11715116279069768,0.11482558139534885,0.12180232558139534,0.12877906976744186,0.11482558139534885,0.17063953488372094,0.11482558139534885
297,297.0,297.0,0.11715116279069768,0.11715116279069768,0.11482558139534885,0.12180232558139534,0.12877906976744186,0.11482558139534885,0.17063953488372094,0.11482558139534885
298,298.0,298.0,0.11704545454545454,0.11704545454545454,0.11477272727272728,0.12386363636363636,0.12840909090909092,0.11477272727272728,0.16931818181818184,0.11477272727272728
299,299.0,299.0,0.11704545454545454,0.11704545454545454,0.11477272727272728,0.12386363636363636,0.12840909090909092,0.11477272727272728,0.16931818181818184,0.11477272727272728
300,300.0,300.0,0.11704545454545454,0.11704545454545454,0.11477272727272728,0.12386363636363636,0.12840909090909092,0.11477272727272728,0.16931818181818184,0.11477272727272728
301,301.0,301.0,0.11694444444444443,0.11694444444444443,0.11472222222222221,0.12361111111111112,0.12805555555555553,0.11472222222222221,0.17027777777777778,0.11472222222222221
302,302.0,302.0,0.11684782608695651,0.11684782608695651,0.11467391304347826,0.12336956521739131,0.1277173913043478,0.11467391304347826,0.17119565217391303,0.11467391304347826
303,303.0,303.0,0.11675531914893618,0.11675531914893618,0.11462765957446808,0.1231382978723404,0.12739361702127658,0.11462765957446808,0.17207446808510637,0.11462765957446808
304,304.0,304.0,0.11675531914893618,0.11675531914893618,0.11462765957446808,0.1231382978723404,0.12739361702127658,0.11462765957446808,0.17207446808510637,0.11462765957446808
305,305.0,305.0,0.11666666666666665,0.11666666666666665,0.11458333333333333,0.12291666666666665,0.12708333333333333,0.11458333333333333,0.17291666666666666,0.11458333333333333
306,306.0,306.0,0.11666666666666665,0.11666666666666665,0.11458333333333333,0.12291666666666665,0.12708333333333333,0.11458333333333333,0.17291666666666666,0.11458333333333333
307,307.0,307.0,0.11666666666666665,0.11666666666666665,0.11458333333333333,0.12291666666666665,0.12708333333333333,0.11458333333333333,0.17291666666666666,0.11458333333333333
308,308.0,308.0,0.11658163265306123,0.11658163265306123,0.11454081632653061,0.12270408163265305,0.12678571428571428,0.11454081632653061,0.17372448979591837,0.11454081632653061
309,309.0,309.0,0.1165,0.1165,0.1145,0.12250000000000001,0.1265,0.1145,0.17450000000000002,0.1145
310,310.0,310.0,0.11642156862745097,0.11642156862745097,0.11446078431372549,0.12230392156862746,0.12622549019607843,0.11446078431372549,0.17524509803921567,0.11446078431372549
311,311.0,311.0,0.11634615384615384,0.11634615384615384,0.11442307692307692,0.1221153846153846,0.12596153846153846,0.11442307692307692,0.17596153846153845,0.11442307692307692
312,312.0,312.0,0.11627358490566038,0.11627358490566038,0.11438679245283016,0.12193396226415094,0.1257075471698113,0.11438679245283016,0.1766509433962264,0.11438679245283016
313,313.0,313.0,0.1162037037037037,0.1162037037037037,0.11435185185185186,0.12175925925925926,0.12546296296296294,0.11435185185185186,0.17731481481481481,0.11435185185185186
314,314.0,314.0,0.11613636363636362,0.11613636363636362,0.1143181818181818,0.12340909090909088,0.12522727272727271,0.1143181818181818,0.17613636363636362,0.1143181818181818
315,315.0,315.0,0.11607142857142856,0.11607142857142856,0.11428571428571428,0.12321428571428572,0.125,0.11428571428571428,0.17678571428571427,0.11428571428571428
316,316.0,316.0,0.11600877192982458,0.11600877192982458,0.11425438596491229,0.12478070175438596,0.12478070175438596,0.11425438596491229,0.1756578947368421,0.11425438596491229
317,317.0,317.0,0.11594827586206895,0.11594827586206895,0.11422413793103448,0.12456896551724136,0.12456896551724136,0.11422413793103448,0.17629310344827587,0.11422413793103448
318,318.0,318.0,0.11588983050847457,0.11588983050847457,0.11419491525423728,0.1260593220338983,0.12436440677966101,0.11419491525423728,0.17521186440677966,0.11419491525423728
319,319.0,319.0,0.11583333333333332,0.11583333333333332,0.11416666666666667,0.12583333333333332,0.12416666666666668,0.11416666666666667,0.17416666666666666,0.11583333333333332
320,320.0,320.0,0.11577868852459017,0.11577868852459017,0.11413934426229508,0.12561475409836065,0.12397540983606556,0.11413934426229508,0.1747950819672131,0.11577868852459017
321,321.0,321.0,0.1157258064516129,0.1157258064516129,0.11411290322580644,0.1254032258064516,0.12379032258064515,0.11411290322580644,0.1754032258064516,0.1157258064516129
322,322.0,322.0,0.11567460317460317,0.11567460317460317,0.11408730158730158,0.1251984126984127,0.12361111111111112,0.11408730158730158,0.17599206349206348,0.11567460317460317
323,323.0,323.0,0.11567460317460317,0.11567460317460317,0.11408730158730158,0.1251984126984127,0.12361111111111112,0.11408730158730158,0.17599206349206348,0.11567460317460317
324,324.0,324.0,0.11567460317460317,0.11567460317460317,0.11408730158730158,0.1251984126984127,0.12361111111111112,0.11408730158730158,0.17599206349206348,0.11567460317460317
325,325.0,325.0,0.11567460317460317,0.11567460317460317,0.11408730158730158,0.1251984126984127,0.12361111111111112,0.11408730158730158,0.17599206349206348,0.11567460317460317
326,326.0,326.0,0.11567460317460317,0.11567460317460317,0.11408730158730158,0.1251984126984127,0.12361111111111112,0.11408730158730158,0.17599206349206348,0.11567460317460317
327,327.0,327.0,0.115625,0.115625,0.1140625,0.1265625,0.1234375,0.1140625,0.175,0.115625
328,328.0,328.0,0.11557692307692306,0.11557692307692306,0.11403846153846153,0.12634615384615383,0.12326923076923077,0.11403846153846153,0.17557692307692307,0.11557692307692306
329,329.0,329.0,0.11553030303030302,0.11553030303030302,0.11401515151515151,0.12613636363636363,0.1231060606060606,0.11401515151515151,0.17613636363636362,0.11553030303030302
330,330.0,330.0,0.11548507462686568,0.11548507462686568,0.11399253731343281,0.1259328358208955,0.12294776119402986,0.11399253731343281,0.17667910447761193,0.11548507462686568
331,331.0,331.0,0.11544117647058823,0.11544117647058823,0.11397058823529412,0.12573529411764706,0.12279411764705883,0.11397058823529412,0.17720588235294116,0.11544117647058823
332,332.0,332.0,0.11544117647058823,0.11544117647058823,0.11397058823529412,0.12573529411764706,0.12279411764705883,0.11397058823529412,0.17720588235294116,0.11544117647058823
333,333.0,333.0,0.11544117647058823,0.11544117647058823,0.11397058823529412,0.12573529411764706,0.12279411764705883,0.11397058823529412,0.17720588235294116,0.11544117647058823
334,334.0,334.0,0.11544117647058823,0.11544117647058823,0.11397058823529412,0.12426470588235294,0.12426470588235294,0.11397058823529412,0.17720588235294116,0.11544117647058823
335,335.0,335.0,0.1153985507246377,0.1153985507246377,0.11394927536231884,0.12409420289855073,0.12409420289855073,0.11394927536231884,0.17771739130434783,0.1153985507246377
336,336.0,336.0,0.11535714285714285,0.11535714285714285,0.11392857142857142,0.12392857142857143,0.12392857142857143,0.11392857142857142,0.17821428571428571,0.11535714285714285
337,337.0,337.0,0.1153169014084507,0.1153169014084507,0.11390845070422535,0.12517605633802817,0.1237676056338028,0.11390845070422535,0.1772887323943662,0.1153169014084507
338,338.0,338.0,0.11527777777777777,0.11527777777777777,0.11388888888888889,0.125,0.12361111111111112,0.11388888888888889,0.17777777777777776,0.11527777777777777
339,339.0,339.0,0.11523972602739727,0.11523972602739727,0.11386986301369864,0.12482876712328768,0.12345890410958904,0.11386986301369864,0.17825342465753424,0.11523972602739727
340,340.0,340.0,0.11520270270270269,0.11520270270270269,0.11385135135135135,0.12466216216216215,0.12331081081081081,0.11385135135135135,0.17871621621621622,0.11520270270270269
341,341.0,341.0,0.11516666666666667,0.11516666666666667,0.11383333333333331,0.12583333333333332,0.12316666666666665,0.11383333333333331,0.17783333333333334,0.11516666666666667
342,342.0,342.0,0.1151315789473684,0.1151315789473684,0.1138157894736842,0.1256578947368421,0.12302631578947368,0.1138157894736842,0.17828947368421053,0.1151315789473684
343,343.0,343.0,0.11509740259740257,0.11509740259740257,0.11379870129870129,0.12548701298701298,0.1228896103896104,0.11379870129870129,0.17873376623376624,0.11509740259740257
344,344.0,344.0,0.11506410256410256,0.11506410256410256,0.11378205128205128,0.12532051282051282,0.12403846153846154,0.11378205128205128,0.17788461538461536,0.11506410256410256
345,345.0,345.0,0.11503164556962024,0.11503164556962024,0.11376582278481014,0.12515822784810127,0.12389240506329113,0.11376582278481014,0.1783227848101266,0.11503164556962024
346,346.0,346.0,0.11499999999999999,0.11499999999999999,0.11374999999999999,0.12625,0.12375,0.11374999999999999,0.1775,0.11499999999999999
347,347.0,347.0,0.11499999999999999,0.11499999999999999,0.11374999999999999,0.12625,0.12375,0.11374999999999999,0.1775,0.11499999999999999
348,348.0,348.0,0.11499999999999999,0.11499999999999999,0.11374999999999999,0.12625,0.12375,0.11374999999999999,0.1775,0.11499999999999999
349,349.0,349.0,0.11499999999999999,0.11499999999999999,0.11374999999999999,0.12625,0.12375,0.11374999999999999,0.1775,0.11499999999999999
350,350.0,350.0,0.11499999999999999,0.11499999999999999,0.11374999999999999,0.12625,0.12375,0.11374999999999999,0.1775,0.11499999999999999
351,351.0,351.0,0.11496913580246912,0.11496913580246912,0.11373456790123457,0.12608024691358025,0.12361111111111112,0.11373456790123457,0.1779320987654321,0.11496913580246912
352,352.0,352.0,0.11496913580246912,0.11496913580246912,0.11373456790123457,0.12608024691358025,0.12361111111111112,0.11373456790123457,0.1779320987654321,0.11496913580246912
353,353.0,353.0,0.11496913580246912,0.11496913580246912,0.11373456790123457,0.12608024691358025,0.12361111111111112,0.11373456790123457,0.1779320987654321,0.11496913580246912
354,354.0,354.0,0.11493902439024391,0.11493902439024391,0.11371951219512196,0.12591463414634146,0.12347560975609757,0.11371951219512196,0.17835365853658539,0.11493902439024391
355,355.0,355.0,0.11490963855421685,0.11490963855421685,0.11370481927710843,0.12575301204819275,0.12334337349397591,0.11370481927710843,0.17876506024096386,0.11490963855421685
356,356.0,356.0,0.11488095238095238,0.11488095238095238,0.11369047619047619,0.1255952380952381,0.1244047619047619,0.11369047619047619,0.17797619047619045,0.11488095238095238
357,357.0,357.0,0.11488095238095238,0.11488095238095238,0.11369047619047619,0.1255952380952381,0.1244047619047619,0.11369047619047619,0.17797619047619045,0.11488095238095238
358,358.0,358.0,0.11485294117647057,0.11485294117647057,0.1136764705882353,0.12544117647058822,0.12426470588235294,0.1136764705882353,0.17838235294117646,0.11485294117647057
359,359.0,359.0,0.11482558139534885,0.11482558139534885,0.11366279069767442,0.1252906976744186,0.12412790697674418,0.11366279069767442,0.17877906976744184,0.11482558139534885
360,360.0,360.0,0.11479885057471265,0.11479885057471265,0.11364942528735633,0.12514367816091954,0.12399425287356321,0.11364942528735633,0.17916666666666664,0.11479885057471265
361,361.0,361.0,0.11477272727272728,0.11477272727272728,0.11363636363636362,0.125,0.12386363636363636,0.11363636363636362,0.17954545454545454,0.11477272727272728
362,362.0,362.0,0.11474719101123595,0.11474719101123595,0.11362359550561796,0.12485955056179776,0.12373595505617976,0.11362359550561796,0.17991573033707864,0.11474719101123595
363,363.0,363.0,0.11472222222222221,0.11472222222222221,0.11361111111111111,0.12583333333333332,0.12361111111111112,0.11361111111111111,0.17916666666666664,0.11472222222222221
364,364.0,364.0,0.11472222222222221,0.11472222222222221,0.11361111111111111,0.12583333333333332,0.12361111111111112,0.11361111111111111,0.17916666666666664,0.11472222222222221
365,365.0,365.0,0.11472222222222221,0.11472222222222221,0.11361111111111111,0.12583333333333332,0.12361111111111112,0.11361111111111111,0.17916666666666664,0.11472222222222221
366,366.0,366.0,0.11472222222222221,0.11472222222222221,0.11361111111111111,0.12472222222222222,0.12361111111111112,0.11361111111111111,0.1802777777777778,0.11472222222222221
367,367.0,367.0,0.11469780219780219,0.11469780219780219,0.1135989010989011,0.12458791208791209,0.123489010989011,0.1135989010989011,0.18063186813186813,0.11469780219780219
368,368.0,368.0,0.11469780219780219,0.11469780219780219,0.1135989010989011,0.12458791208791209,0.123489010989011,0.1135989010989011,0.18063186813186813,0.11469780219780219
369,369.0,369.0,0.11467391304347826,0.11467391304347826,0.11358695652173914,0.12445652173913042,0.12336956521739131,0.11358695652173914,0.18097826086956523,0.11467391304347826
370,370.0,370.0,0.1146505376344086,0.1146505376344086,0.1135752688172043,0.1243279569892473,0.123252688172043,0.1135752688172043,0.18131720430107529,0.1146505376344086
371,371.0,371.0,0.11462765957446808,0.11462765957446808,0.11356382978723403,0.12420212765957446,0.1231382978723404,0.11356382978723403,0.18164893617021277,0.11462765957446808
372,372.0,372.0,0.11460526315789474,0.11460526315789474,0.11355263157894738,0.12407894736842104,0.12302631578947368,0.11355263157894738,0.18197368421052632,0.11460526315789474
373,373.0,373.0,0.11458333333333333,0.11458333333333333,0.11354166666666665,0.12395833333333332,0.12291666666666665,0.11354166666666665,0.18229166666666666,0.11458333333333333
374,374.0,374.0,0.11456185567010309,0.11456185567010309,0.11353092783505155,0.12384020618556701,0.12280927835051547,0.11353092783505155,0.18260309278350514,0.11456185567010309
375,375.0,375.0,0.11454081632653061,0.11454081632653061,0.1135204081632653,0.12372448979591835,0.12270408163265305,0.1135204081632653,0.18290816326530612,0.11454081632653061
376,376.0,376.0,0.11452020202020204,0.11452020202020204,0.11351010101010102,0.12361111111111112,0.1226010101010101,0.11351010101010102,0.1832070707070707,0.11452020202020204
377,377.0,377.0,0.1145,0.1145,0.1135,0.12349999999999998,0.12250000000000001,0.1135,0.1835,0.1145
378,378.0,378.0,0.11448019801980198,0.11448019801980198,0.113490099009901,0.1233910891089109,0.12240099009900991,0.113490099009901,0.18378712871287128,0.11448019801980198
379,379.0,379.0,0.11446078431372549,0.11544117647058823,0.11348039215686274,0.1232843137254902,0.12230392156862746,0.11348039215686274,0.18308823529411766,0.11446078431372549
380,380.0,380.0,0.11444174757281553,0.1154126213592233,0.11347087378640777,0.12317961165048544,0.12220873786407767,0.11347087378640777,0.183373786407767,0.11444174757281553
381,381.0,381.0,0.11442307692307692,0.11538461538461538,0.11346153846153846,0.12307692307692308,0.1221153846153846,0.11346153846153846,0.18365384615384617,0.11442307692307692
382,382.0,382.0,0.1144047619047619,0.11535714285714285,0.11345238095238094,0.12297619047619049,0.12202380952380953,0.11345238095238094,0.18392857142857144,0.1144047619047619
383,383.0,383.0,0.11438679245283016,0.11533018867924527,0.11344339622641508,0.12287735849056602,0.12193396226415094,0.11344339622641508,0.18419811320754714,0.11438679245283016
384,384.0,384.0,0.11436915887850467,0.115303738317757,0.11343457943925232,0.12278037383177569,0.12184579439252337,0.11343457943925232,0.1844626168224299,0.11436915887850467
385,385.0,385.0,0.11435185185185186,0.11527777777777777,0.1134259259259259,0.12268518518518519,0.12175925925925926,0.1134259259259259,0.1837962962962963,0.11527777777777777
386,386.0,386.0,0.11435185185185186,0.11527777777777777,0.1134259259259259,0.12268518518518519,0.12175925925925926,0.1134259259259259,0.1837962962962963,0.11527777777777777
387,387.0,387.0,0.11433486238532109,0.11525229357798165,0.11341743119266054,0.12259174311926606,0.1216743119266055,0.11341743119266054,0.18405963302752296,0.11525229357798165
388,388.0,388.0,0.1143181818181818,0.11522727272727273,0.1134090909090909,0.12250000000000001,0.12159090909090908,0.1134090909090909,0.18431818181818183,0.11522727272727273
