,Unnamed: 0,Total_iterations,Intertwine_two,Invert_path_vertices,Insert_inside_vertex,Delete_inside_vertex,Replace_inside_vertex,Donate_between_routes,Trim_one_terminal_cb,Grow_one_terminal_cb
0,0.0,0.0,0.125,0.125,0.125,0.125,0.125,0.125,0.125,0.125
1,1.0,0.10900000000000001,0.125,0.125,0.125,0.125,0.125,0.125,0.125,0.125
2,2.0,0.31601,0.125,0.125,0.125,0.125,0.125,0.125,0.125,0.125
3,3.0,0.6191589000000001,0.125,0.125,0.125,0.125,0.125,0.125,0.125,0.125
4,4.0,1.015801321,0.125,0.125,0.125,0.125,0.125,0.125,0.125,0.125
5,5.0,1.50262148669,0.125,0.125,0.125,0.125,0.125,0.125,0.125,0.125
6,6.0,2.0757334209441005,0.125,0.125,0.125,0.125,0.125,0.125,0.125,0.125
7,7.0,2.7307768275633495,0.125,0.125,0.125,0.125,0.125,0.125,0.125,0.125
8,8.0,3.4630081252450404,0.125,0.125,0.125,0.125,0.125,0.125,0.125,0.125
9,9.0,4.2673862119061114,0.125,0.125,0.125,0.125,0.125,0.125,0.125,0.125
10,10.0,5.138652627782014,0.125,0.125,0.125,0.125,0.125,0.125,0.125,0.125
11,11.0,6.071405875792507,0.125,0.125,0.125,0.125,0.125,0.125,0.125,0.125
12,12.0,7.060169740244025,0.125,0.125,0.125,0.125,0.125,0.125,0.125,0.125
13,13.0,8.099455520847952,0.125,0.125,0.125,0.125,0.125,0.125,0.125,0.125
14,14.0,9.183818168183006,0.125,0.125,0.125,0.125,0.125,0.125,0.125,0.125
15,15.0,10.307906369102724,0.125,0.125,0.125,0.125,0.125,0.125,0.125,0.125
16,16.0,11.466506686239443,0.125,0.125,0.125,0.125,0.125,0.125,0.125,0.125
17,17.0,12.654581904800096,0.125,0.125,0.125,0.125,0.125,0.125,0.125,0.125
18,18.0,13.867303782456686,0.125,0.125,0.125,0.125,0.125,0.125,0.125,0.125
19,19.0,15.100080434523047,0.125,0.125,0.125,0.125,0.125,0.125,0.125,0.125
20,20.0,16.348578617037543,0.125,0.125,0.125,0.125,0.125,0.125,0.125,0.125
21,21.0,17.608741195130214,0.125,0.125,0.125,0.125,0.125,0.125,0.125,0.125
22,22.0,18.876800103462312,0.125,0.125,0.125,0.125,0.125,0.125,0.125,0.125
23,23.0,20.14928511992658,0.125,0.125,0.125,0.125,0.125,0.125,0.125,0.125
24,24.0,21.423028783545156,0.125,0.125,0.125,0.125,0.125,0.125,0.125,0.125
25,25.0,22.695167792966423,0.125,0.125,0.125,0.125,0.125,0.125,0.125,0.125
26,26.0,23.963141223515898,0.125,0.125,0.125,0.125,0.125,0.125,0.125,0.125
27,27.0,25.224685898775267,0.125,0.125,0.125,0.125,0.125,0.125,0.125,0.125
28,28.0,26.477829247520948,0.125,0.125,0.125,0.125,0.125,0.125,0.125,0.125
29,29.0,27.720879968916847,0.125,0.125,0.125,0.125,0.125,0.125,0.125,0.125
30,30.0,28.95241681848399,0.125,0.125,0.125,0.125,0.125,0.125,0.125,0.125
31,31.0,30.17127581490958,0.125,0.125,0.125,0.125,0.125,0.125,0.125,0.125
32,32.0,31.376536153543515,0.125,0.125,0.125,0.125,0.125,0.125,0.125,0.125
33,33.0,32.567505096778625,0.125,0.125,0.125,0.125,0.125,0.125,0.125,0.125
34,34.0,33.74370209472243,0.125,0.125,0.125,0.125,0.125,0.125,0.125,0.125
35,35.0,34.90484237192463,0.125,0.125,0.125,0.125,0.125,0.125,0.125,0.125
36,36.0,36.05082019768737,0.125,0.125,0.125,0.125,0.125,0.125,0.125,0.125
37,37.0,37.18169203889697,0.125,0.125,0.125,0.125,0.125,0.125,0.125,0.125
38,38.0,38.29765977559663,0.125,0.125,0.125,0.125,0.125,0.125,0.125,0.125
39,39.0,39.399054140870355,0.125,0.125,0.125,0.125,0.125,0.125,0.125,0.125
40,40.0,40.48631852820801,0.125,0.125,0.125,0.125,0.125,0.125,0.125,0.125
41,41.0,41.55999329152982,0.125,0.125,0.125,0.125,0.125,0.125,0.125,0.125
42,42.0,42.62070064560415,0.125,0.125,0.125,0.125,0.125,0.125,0.125,0.125
43,43.0,43.669130257815,0.125,0.125,0.125,0.125,0.125,0.125,0.125,0.125
44,44.0,44.70602560622662,0.125,0.125,0.125,0.125,0.125,0.125,0.125,0.125
45,45.0,45.73217116373481,0.125,0.125,0.125,0.125,0.125,0.125,0.125,0.125
46,46.0,46.748380453854836,0.125,0.125,0.125,0.125,0.125,0.125,0.125,0.125
47,47.0,47.755485010424316,0.125,0.125,0.125,0.125,0.125,0.125,0.125,0.125
48,48.0,48.7543242612326,0.125,0.125,0.125,0.125,0.125,0.125,0.125,0.125
49,49.0,49.745736344347726,0.125,0.125,0.125,0.125,0.125,0.125,0.125,0.125
50,50.0,50.730549855707864,0.125,0.125,0.125,0.125,0.125,0.125,0.125,0.125
51,51.0,51.70957651737491,0.125,0.125,0.125,0.125,0.125,0.125,0.125,0.125
52,52.0,52.68360474770151,0.125,0.125,0.125,0.125,0.125,0.125,0.125,0.125
53,53.0,53.65339410751842,0.125,0.125,0.125,0.125,0.125,0.125,0.125,0.125
54,54.0,54.61967059027847,0.125,0.125,0.125,0.125,0.125,0.125,0.125,0.125
55,55.0,55.58312271885972,0.125,0.125,0.125,0.125,0.125,0.125,0.125,0.125
56,56.0,56.544398407394254,0.125,0.125,0.125,0.125,0.125,0.125,0.125,0.125
57,57.0,57.504102543001395,0.125,0.125,0.125,0.125,0.125,0.125,0.125,0.125
58,58.0,58.462795239617805,0.125,0.125,0.125,0.125,0.125,0.125,0.125,0.125
59,59.0,59.42099071417639,0.125,0.125,0.125,0.125,0.125,0.125,0.125,0.125
60,60.0,60.379156734137354,0.125,0.125,0.125,0.125,0.125,0.125,0.125,0.125
61,61.0,61.337714584760846,0.125,0.125,0.125,0.125,0.125,0.125,0.125,0.125
62,62.0,62.29703950447439,0.125,0.125,0.125,0.125,0.125,0.125,0.125,0.125
63,63.0,63.257461537171835,0.125,0.125,0.125,0.125,0.125,0.125,0.125,0.125
64,64.0,64.21926675122782,0.125,0.125,0.125,0.125,0.125,0.125,0.125,0.125
65,65.0,65.18269877636592,0.125,0.125,0.125,0.125,0.125,0.125,0.125,0.125
66,66.0,66.14796061122655,0.125,0.125,0.125,0.125,0.125,0.125,0.125,0.125
67,67.0,67.11521665648885,0.125,0.125,0.125,0.125,0.125,0.125,0.125,0.125
68,68.0,68.08459493066005,0.125,0.125,0.125,0.125,0.125,0.125,0.125,0.125
69,69.0,69.05618942810752,0.125,0.125,0.125,0.125,0.125,0.125,0.125,0.125
70,70.0,70.03006258152917,0.125,0.125,0.125,0.125,0.125,0.125,0.125,0.125
71,71.0,71.00624779379335,0.125,0.125,0.125,0.125,0.125,0.125,0.125,0.125
72,72.0,71.98475200689319,0.125,0.125,0.125,0.125,0.125,0.125,0.125,0.125
73,73.0,72.96555827861411,0.125,0.125,0.125,0.125,0.125,0.125,0.125,0.125
74,74.0,73.94862834037681,0.125,0.125,0.125,0.125,0.125,0.125,0.125,0.125
75,75.0,74.93390511255946,0.125,0.125,0.125,0.125,0.125,0.125,0.125,0.125
76,76.0,75.92131515639825,0.125,0.125,0.125,0.125,0.125,0.125,0.125,0.125
77,77.0,76.91077104428919,0.125,0.125,0.125,0.125,0.125,0.125,0.125,0.125
78,78.0,77.90217363294813,0.125,0.125,0.125,0.125,0.125,0.125,0.125,0.125
79,79.0,78.89541422641172,0.125,0.125,0.125,0.125,0.125,0.125,0.125,0.125
80,80.0,79.89037661826481,0.125,0.125,0.125,0.125,0.125,0.125,0.125,0.125
81,81.0,80.88693900474995,0.125,0.125,0.125,0.125,0.125,0.125,0.125,0.125
82,82.0,81.88497576253909,0.125,0.125,0.125,0.125,0.125,0.125,0.125,0.125
83,83.0,82.88435908692391,0.125,0.125,0.125,0.125,0.125,0.125,0.125,0.125
84,84.0,83.88496048800103,0.125,0.125,0.125,0.125,0.125,0.125,0.125,0.125
85,85.0,84.88665214409042,0.125,0.125,0.125,0.125,0.125,0.125,0.125,0.125
86,86.0,85.88930811312994,0.125,0.125,0.125,0.125,0.125,0.125,0.125,0.125
87,87.0,86.89280540413424,0.125,0.125,0.125,0.125,0.125,0.125,0.125,0.125
88,88.0,87.89702491199675,0.125,0.125,0.125,0.125,0.125,0.125,0.125,0.125
89,89.0,88.90185221995306,0.125,0.125,0.125,0.125,0.125,0.125,0.125,0.125
90,90.0,89.90717827491419,0.125,0.125,0.125,0.125,0.125,0.125,0.125,0.125
91,91.0,90.91289994163006,0.125,0.125,0.125,0.125,0.125,0.125,0.125,0.125
92,92.0,91.91892044225806,0.125,0.125,0.125,0.125,0.125,0.125,0.125,0.125
93,93.0,92.92514968840067,0.125,0.125,0.125,0.125,0.125,0.125,0.125,0.125
94,94.0,93.93150451304501,0.125,0.125,0.125,0.125,0.125,0.125,0.125,0.125
95,95.0,94.93790881009448,0.125,0.125,0.125,0.125,0.125,0.125,0.125,0.125
96,96.0,95.94429358933806,0.125,0.125,0.125,0.125,0.125,0.125,0.125,0.125
97,97.0,96.9505969547639,0.125,0.125,0.125,0.125,0.125,0.125,0.125,0.125
98,98.0,97.9567640140995,0.125,0.125,0.125,0.125,0.125,0.125,0.125,0.125
99,99.0,98.96274672736057,0.125,0.125,0.125,0.125,0.125,0.125,0.125,0.125
100,100.0,99.96850370202192,0.125,0.125,0.125,0.125,0.125,0.125,0.125,0.125
101,101.0,100.97399994219691,0.125,0.125,0.125,0.125,0.125,0.125,0.125,0.125
102,102.0,101.97920655893245,0.125,0.125,0.125,0.125,0.125,0.125,0.125,0.125
103,103.0,102.98410044840509,0.125,0.125,0.125,0.125,0.125,0.125,0.125,0.125
104,104.0,103.98866394444643,0.125,0.125,0.125,0.125,0.125,0.125,0.125,0.125
105,105.0,104.99288445143917,0.125,0.125,0.125,0.125,0.125,0.125,0.125,0.125
106,106.0,105.99675406321822,0.125,0.125,0.125,0.125,0.125,0.125,0.125,0.125
107,107.0,107.0002691731872,0.125,0.125,0.125,0.125,0.125,0.125,0.125,0.125
108,108.0,108.0034300804274,0.125,0.125,0.125,0.125,0.125,0.125,0.125,0.125
109,109.0,109.00624059613932,0.125,0.125,0.125,0.125,0.125,0.125,0.125,0.125
110,110.0,110.00870765431864,0.125,0.125,0.125,0.125,0.125,0.125,0.125,0.125
111,111.0,111.01084093013685,0.125,0.125,0.125,0.125,0.125,0.125,0.125,0.125
112,112.0,112.01265246907188,0.125,0.125,0.125,0.125,0.125,0.125,0.125,0.125
113,113.0,113.01415632942268,0.125,0.125,0.125,0.125,0.125,0.125,0.125,0.125
114,114.0,114.01536824044418,0.125,0.125,0.125,0.125,0.125,0.125,0.125,0.125
115,115.0,115.01630527795908,0.125,0.125,0.125,0.125,0.125,0.125,0.125,0.125
116,116.0,116.0169855589429,0.125,0.125,0.125,0.125,0.125,0.125,0.125,0.125
117,117.0,117.01742795623892,0.125,0.125,0.125,0.125,0.125,0.125,0.125,0.125
118,118.0,118.01765183424293,0.125,0.125,0.125,0.125,0.125,0.125,0.125,0.125
119,119.0,119.01767680610413,0.125,0.125,0.125,0.125,0.125,0.125,0.125,0.125
120,120.0,120.01752251271817,0.125,0.125,0.125,0.125,0.125,0.125,0.125,0.125
121,121.0,121.01720842354362,0.125,0.125,0.125,0.125,0.125,0.125,0.125,0.125
122,122.0,122.01675365905109,0.125,0.125,0.125,0.125,0.125,0.125,0.125,0.125
123,123.0,123.0161768344173,0.125,0.125,0.125,0.125,0.125,0.125,0.125,0.125
124,124.0,124.01549592390272,0.125,0.125,0.125,0.125,0.125,0.125,0.125,0.125
125,125.0,125.01472814520056,0.125,0.125,0.125,0.125,0.125,0.125,0.125,0.125
126,126.0,126.01388986291661,0.125,0.125,0.125,0.125,0.125,0.125,0.125,0.125
127,127.0,127.0129965102319,0.125,0.125,0.125,0.125,0.125,0.125,0.125,0.125
128,128.0,128.01206252771334,0.125,0.125,0.125,0.125,0.125,0.125,0.125,0.125
129,129.0,129.0111013181695,0.125,0.125,0.125,0.125,0.125,0.125,0.125,0.125
130,130.0,130.01012521639834,0.125,0.125,0.125,0.125,0.125,0.125,0.125,0.125
131,131.0,131.0091454726403,0.125,0.125,0.125,0.125,0.125,0.125,0.125,0.125
132,132.0,132.0081722485317,0.125,0.125,0.125,0.125,0.125,0.125,0.125,0.125
133,133.0,133.00721462434865,0.125,0.125,0.125,0.125,0.125,0.125,0.125,0.125
134,134.0,134.0062806163404,0.125,0.125,0.125,0.125,0.125,0.125,0.125,0.125
135,135.0,135.00537720296956,0.125,0.125,0.125,0.125,0.125,0.125,0.125,0.125
136,136.0,136.00451035890612,0.125,0.125,0.125,0.125,0.125,0.125,0.125,0.125
137,137.0,137.00368509565993,0.125,0.125,0.125,0.125,0.125,0.125,0.125,0.125
138,138.0,138.0029055077818,0.125,0.125,0.125,0.125,0.125,0.125,0.125,0.125
139,139.0,139.00217482361367,0.125,0.125,0.125,0.125,0.125,0.125,0.125,0.125
140,140.0,140.0014954596262,0.125,0.125,0.125,0.125,0.125,0.125,0.125,0.125
141,141.0,141.00086907744122,0.125,0.125,0.125,0.125,0.125,0.125,0.125,0.125
142,142.0,142.0002966427003,0.125,0.125,0.125,0.125,0.125,0.125,0.125,0.125
143,143.0,142.99977848500652,0.125,0.125,0.125,0.125,0.125,0.125,0.125,0.125
144,144.0,143.99931435823203,0.125,0.125,0.125,0.125,0.125,0.125,0.125,0.125
145,145.0,144.99890350055264,0.125,0.125,0.125,0.125,0.125,0.125,0.125,0.125
146,146.0,145.9985446936357,0.125,0.125,0.125,0.125,0.125,0.125,0.125,0.125
147,147.0,146.99823632047406,0.125,0.125,0.125,0.125,0.125,0.125,0.125,0.125
148,148.0,147.99797642142389,0.125,0.125,0.125,0.125,0.125,0.125,0.125,0.125
149,149.0,148.99776274806447,0.125,0.125,0.125,0.125,0.125,0.125,0.125,0.125
150,150.0,149.99759281456036,0.125,0.125,0.125,0.125,0.125,0.125,0.125,0.125
151,151.0,150.99746394626104,0.125,0.125,0.125,0.125,0.125,0.125,0.125,0.125
152,152.0,151.99737332532905,0.125,0.125,0.125,0.125,0.125,0.125,0.125,0.125
153,153.0,152.99731803323698,0.125,0.125,0.125,0.125,0.125,0.125,0.125,0.125
154,154.0,153.99729509002177,0.125,0.125,0.125,0.125,0.125,0.125,0.125,0.125
155,155.0,154.99730149022784,0.125,0.125,0.125,0.125,0.125,0.125,0.125,0.125
156,156.0,155.99733423551103,0.125,0.125,0.125,0.125,0.125,0.125,0.125,0.125
157,157.0,156.99739036391077,0.125,0.125,0.125,0.125,0.125,0.125,0.125,0.125
158,158.0,157.99746697583146,0.125,0.125,0.125,0.125,0.125,0.125,0.125,0.125
159,159.0,158.99756125680176,0.125,0.125,0.125,0.125,0.125,0.125,0.125,0.125
160,160.0,159.997670497107,0.125,0.125,0.125,0.125,0.125,0.125,0.125,0.125
161,161.0,160.99779210841066,0.125,0.125,0.125,0.125,0.125,0.125,0.125,0.125
162,162.0,161.99792363749984,0.125,0.125,0.125,0.125,0.125,0.125,0.125,0.125
163,163.0,162.9980627773051,0.125,0.125,0.125,0.125,0.125,0.125,0.125,0.125
164,164.0,163.9982073753568,0.125,0.125,0.125,0.125,0.125,0.125,0.125,0.125
165,165.0,164.99835543984977,0.125,0.125,0.125,0.125,0.125,0.125,0.125,0.125
166,166.0,165.99850514349492,0.125,0.125,0.125,0.125,0.125,0.125,0.125,0.125
167,167.0,166.99865482534062,0.125,0.125,0.125,0.125,0.125,0.125,0.125,0.125
168,168.0,167.99880299074837,0.125,0.125,0.125,0.125,0.125,0.125,0.125,0.125
169,169.0,168.99894830970783,0.125,0.125,0.125,0.125,0.125,0.125,0.125,0.125
170,170.0,169.99908961367427,0.125,0.125,0.125,0.125,0.125,0.125,0.125,0.125
171,171.0,170.99922589110733,0.125,0.125,0.125,0.125,0.125,0.125,0.125,0.125
172,172.0,171.99935628188598,0.125,0.125,0.125,0.125,0.125,0.125,0.125,0.125
173,173.0,172.99948007076793,0.125,0.125,0.125,0.125,0.125,0.125,0.125,0.125
174,174.0,173.99959668005403,0.125,0.125,0.125,0.125,0.125,0.125,0.125,0.125
175,175.0,174.99970566161096,0.125,0.125,0.125,0.125,0.125,0.125,0.125,0.125
176,176.0,175.9998066883961,0.125,0.125,0.125,0.125,0.125,0.125,0.125,0.125
177,177.0,176.99989954561875,0.125,0.125,0.125,0.125,0.125,0.125,0.125,0.125
178,178.0,177.99998412166295,0.125,0.125,0.125,0.125,0.125,0.125,0.125,0.125
179,179.0,179.00006039888612,0.125,0.125,0.125,0.125,0.125,0.125,0.125,0.125
180,180.0,180.0001284443981,0.125,0.125,0.125,0.125,0.125,0.125,0.125,0.125
181,181.0,181.00018840091488,0.125,0.125,0.125,0.125,0.125,0.125,0.125,0.125
182,182.0,182.00024047777083,0.125,0.125,0.125,0.125,0.125,0.125,0.125,0.125
183,183.0,183.0002849421635,0.125,0.125,0.125,0.125,0.125,0.125,0.125,0.125
184,184.0,184.00032211069524,0.125,0.125,0.125,0.125,0.125,0.125,0.125,0.125
185,185.0,185.00035234126688,0.125,0.125,0.125,0.125,0.125,0.125,0.125,0.125
186,186.0,186.00037602536867,0.125,0.125,0.125,0.125,0.125,0.125,0.125,0.125
187,187.0,187.0003935808066,0.125,0.125,0.125,0.125,0.125,0.125,0.125,0.125
188,188.0,188.00040544489266,0.125,0.125,0.125,0.125,0.125,0.125,0.125,0.125
189,189.0,189.0004120681212,0.125,0.125,0.125,0.125,0.125,0.125,0.125,0.125
190,190.0,190.00041390834568,0.125,0.125,0.125,0.125,0.125,0.125,0.125,0.125
191,191.0,191.00041142546425,0.125,0.125,0.125,0.125,0.125,0.125,0.125,0.125
192,192.0,192.00040507661635,0.125,0.125,0.125,0.125,0.125,0.125,0.125,0.125
193,193.0,193.00039531188708,0.125,0.125,0.125,0.125,0.125,0.125,0.125,0.125
194,194.0,194.00038257051185,0.125,0.125,0.125,0.125,0.125,0.125,0.125,0.125
195,195.0,195.00036727756904,0.125,0.125,0.125,0.125,0.125,0.125,0.125,0.125
196,196.0,196.0003498411448,0.125,0.125,0.125,0.125,0.125,0.125,0.125,0.125
197,197.0,197.00033064995154,0.125,0.125,0.125,0.125,0.125,0.125,0.125,0.125
198,198.0,198.0003100713781,0.125,0.125,0.125,0.125,0.125,0.125,0.125,0.125
199,199.0,199.00028844994821,0.125,0.125,0.125,0.125,0.125,0.125,0.125,0.125
200,200.0,200.00026610616183,0.125,0.125,0.125,0.125,0.125,0.125,0.125,0.125
201,201.0,201.00024333569246,0.125,0.125,0.125,0.125,0.125,0.125,0.125,0.125
202,202.0,202.0002204089131,0.125,0.125,0.125,0.125,0.125,0.125,0.125,0.125
203,203.0,203.00019757072255,0.125,0.125,0.125,0.125,0.125,0.125,0.125,0.125
204,204.0,204.00017504064385,0.125,0.125,0.125,0.125,0.125,0.125,0.125,0.125
205,205.0,205.0001530131666,0.125,0.125,0.125,0.125,0.125,0.125,0.125,0.125
206,206.0,206.00013165830538,0.125,0.125,0.125,0.125,0.125,0.125,0.125,0.125
207,207.0,207.00011112234722,0.125,0.125,0.125,0.125,0.125,0.125,0.125,0.125
208,208.0,208.00009152876143,0.125,0.125,0.125,0.125,0.125,0.125,0.125,0.125
209,209.0,209.0000729792466,0.125,0.125,0.125,0.125,0.125,0.125,0.125,0.125
210,210.0,210.00005555489076,0.125,0.125,0.125,0.125,0.125,0.125,0.125,0.125
211,211.0,211.00003931742162,0.125,0.125,0.125,0.125,0.125,0.125,0.125,0.125
212,212.0,212.0000243105252,0.125,0.125,0.125,0.125,0.125,0.125,0.125,0.125
213,213.0,213.00001056121314,0.125,0.125,0.125,0.125,0.125,0.125,0.125,0.125
214,214.0,213.99999808122018,0.125,0.125,0.125,0.125,0.125,0.125,0.125,0.125
215,215.0,214.9999868684143,0.125,0.125,0.125,0.125,0.125,0.125,0.125,0.125
216,216.0,215.99997690820487,0.125,0.125,0.125,0.125,0.125,0.125,0.125,0.125
217,217.0,216.99996817493434,0.125,0.125,0.125,0.125,0.125,0.125,0.125,0.125
218,218.0,217.9999606332415,0.125,0.125,0.125,0.125,0.125,0.125,0.125,0.125
219,219.0,218.99995423938554,0.125,0.125,0.125,0.125,0.125,0.125,0.125,0.125
220,220.0,219.9999489425213,0.125,0.125,0.125,0.125,0.125,0.125,0.125,0.125
221,221.0,220.99994468591828,0.125,0.125,0.125,0.125,0.125,0.125,0.125,0.125
222,222.0,221.9999414081164,0.125,0.125,0.125,0.125,0.125,0.125,0.125,0.125
223,223.0,222.99993904401353,0.125,0.125,0.125,0.125,0.125,0.125,0.125,0.125
224,224.0,223.99993752588082,0.125,0.125,0.125,0.125,0.125,0.125,0.125,0.125
225,225.0,224.99993678430258,0.125,0.125,0.125,0.125,0.125,0.125,0.125,0.125
226,226.0,225.99993674903914,0.125,0.125,0.125,0.125,0.125,0.125,0.125,0.125
227,227.0,226.99993734981166,0.125,0.125,0.125,0.125,0.125,0.125,0.125,0.125
228,228.0,227.9999385170088,0.125,0.125,0.125,0.125,0.125,0.125,0.125,0.125
229,229.0,228.99994018231612,0.125,0.125,0.125,0.125,0.125,0.125,0.125,0.125
230,230.0,229.99994227926956,0.125,0.125,0.125,0.125,0.125,0.125,0.125,0.125
231,231.0,230.99994474373494,0.125,0.125,0.125,0.125,0.125,0.125,0.125,0.125
232,232.0,231.9999475143165,0.125,0.125,0.125,0.125,0.125,0.125,0.125,0.125
233,233.0,232.9999505326967,0.125,0.125,0.125,0.125,0.125,0.125,0.125,0.125
234,234.0,233.9999537439119,0.125,0.125,0.125,0.125,0.125,0.125,0.125,0.125
235,235.0,234.99995709656648,0.125,0.125,0.125,0.125,0.125,0.125,0.125,0.125
236,236.0,235.99996054298992,0.125,0.125,0.125,0.125,0.125,0.125,0.125,0.125
237,237.0,236.99996403934114,0.125,0.125,0.125,0.125,0.125,0.125,0.125,0.125
238,238.0,237.99996754566382,0.125,0.125,0.125,0.125,0.125,0.125,0.125,0.125
239,239.0,238.9999710258976,0.125,0.125,0.125,0.125,0.125,0.125,0.125,0.125
240,240.0,239.999974447849,0.125,0.125,0.125,0.125,0.125,0.125,0.125,0.125
241,241.0,240.99997778312678,0.12486111111111112,0.12486111111111112,0.12486111111111112,0.12486111111111112,0.12486111111111112,0.12486111111111112,0.12597222222222224,0.12486111111111112
242,242.0,241.9999810070455,0.12461250000000001,0.12461250000000001,0.12461250000000001,0.12461250000000001,0.12561250000000002,0.12461250000000001,0.1267125,0.12461250000000001
243,243.0,242.99998409850193,0.12436762500000002,0.12436762500000002,0.12436762500000002,0.12436762500000002,0.12635762500000003,0.12436762500000002,0.12743662500000003,0.12436762500000002
244,244.0,243.9999870398277,0.12403765215909093,0.12403765215909093,0.12403765215909093,0.12403765215909093,0.12690784306818187,0.12403765215909093,0.12886624397727275,0.12403765215909093
245,245.0,244.9999898166226,0.12364045159583335,0.12364045159583335,0.12364045159583335,0.12364045159583335,0.12728926392916673,0.12364045159583335,0.13086802649583337,0.12364045159583335
246,246.0,245.99999241757178,0.12319079734217397,0.12319079734217397,0.12319079734217397,0.12319079734217397,0.12752311160322297,0.12319079734217397,0.13333210434373344,0.12319079734217397
247,247.0,246.99999483425034,0.12270117856243681,0.12270117856243681,0.12270117856243681,0.12270117856243681,0.1283415851520831,0.12270117856243681,0.13545134347329627,0.12270117856243681
248,248.0,247.99999706091853,0.12218231939885853,0.12218231939885853,0.12218231939885853,0.12218231939885853,0.128991224065965,0.12218231939885853,0.13791485954088412,0.12218231939885853
249,249.0,248.9999990943107,0.12164352295764948,0.12164352295764948,0.12164352295764948,0.12164352295764948,0.12948598684779905,0.12164352295764948,0.14065287540630436,0.12164352295764948
250,250.0,250.00000093342055,0.12112967093098484,0.12112967093098484,0.12112967093098484,0.12112967093098484,0.1299489134829717,0.12112967093098484,0.14327306093111955,0.12112967093098484
251,251.0,251.00000257928522,0.12064340739767682,0.12064340739767682,0.12064340739767682,0.12064340739767682,0.13037855831979736,0.12064340739767682,0.14576099729414202,0.12064340739767682
252,252.0,252.0000040347706,0.12018683614372283,0.12018683614372283,0.12018683614372283,0.12018683614372283,0.1307739530897425,0.12018683614372283,0.14810503004792083,0.12018683614372283
253,253.0,253.00000530435972,0.11976155365372701,0.11976155365372701,0.11976155365372701,0.11976155365372701,0.13113456885179567,0.11976155365372701,0.15029610922584255,0.11976155365372701
254,254.0,254.00000639394634,0.11933191917031116,0.11933191917031116,0.11933191917031116,0.11933191917031116,0.1313499832314785,0.11933191917031116,0.15265850174665482,0.11933191917031116
255,255.0,255.00000731063483,0.11890307273438346,0.11890307273438346,0.11890307273438346,0.11890307273438346,0.1314337877134273,0.11890307273438346,0.1551477758802723,0.11890307273438346
256,256.0,256.00000806254815,0.11847939600417837,0.11847939600417837,0.11847939600417837,0.11847939600417837,0.13139882123846802,0.11847939600417837,0.1577248027364621,0.11847939600417837
257,257.0,257.0000086586446,0.11806460877642569,0.11806460877642569,0.11806460877642569,0.11806460877642569,0.131757310567041,0.11806460877642569,0.1598550367744052,0.11806460877642569
258,258.0,258.000009108545,0.11766184465987449,0.11766184465987449,0.11766184465987449,0.11766184465987449,0.1319921397618482,0.11766184465987449,0.16203679227890516,0.11766184465987449
259,259.0,259.0000094223699,0.1172737125343537,0.1172737125343537,0.1172737125343537,0.1172737125343537,0.13211246074345231,0.1172737125343537,0.16424526405042578,0.1172737125343537
260,260.0,260.00000961058856,0.11690234819564621,0.11690234819564621,0.11690234819564621,0.11690234819564621,0.13212739181788044,0.11690234819564621,0.16645851900824266,0.11690234819564621
261,261.0,261.00000968387957,0.11656757506972255,0.11656757506972255,0.11656757506972255,0.11656757506972255,0.1321184689101652,0.11656757506972255,0.16847608067149977,0.11656757506972255
262,262.0,262.0000096530026,0.11626908176656361,0.11626908176656361,0.11626908176656361,0.11626908176656361,0.13208816664759812,0.11626908176656361,0.17029734275302053,0.11626908176656361
263,263.0,263.00000952868334,0.1159881092948955,0.1159881092948955,0.1159881092948955,0.1159881092948955,0.13196646222017408,0.1159881092948955,0.1721048820104532,0.1159881092948955
264,264.0,264.00000932150914,0.11572535297744524,0.11572535297744524,0.11572535297744524,0.11572535297744524,0.13176226361329071,0.11572535297744524,0.1738856185220381,0.11572535297744524
265,265.0,265.0000090418373,0.11548123414658094,0.11548123414658094,0.11548123414658094,0.11548123414658094,0.13148432376942432,0.11548123414658094,0.17562827135109027,0.11548123414658094
266,266.0,266.0000086997143,0.1152559313815538,0.1152559313815538,0.1152559313815538,0.1152559313815538,0.13151157113948678,0.1152559313815538,0.1769528405711907,0.1152559313815538
267,267.0,267.0000083048064,0.11506263661625085,0.11506263661625085,0.11506263661625085,0.11506263661625085,0.1315311632463333,0.11506263661625085,0.1780930170561618,0.11506263661625085
268,268.0,268.0000078663412,0.11490008199835272,0.11490008199835272,0.11490008199835272,0.11490008199835272,0.13154366969521702,0.11490008199835272,0.17905583831466673,0.11490008199835272
269,269.0,269.00000739305915,0.11476681905929792,0.11476681905929792,0.11476681905929792,0.11476681905929792,0.13154967398744538,0.11476681905929792,0.1798494116567671,0.11476681905929792
270,270.0,270.0000068931747,0.11466125126059268,0.11466125126059268,0.11466125126059268,0.11466125126059268,0.13154976629576165,0.11466125126059268,0.18048272614068236,0.11466125126059268
271,271.0,271.000006374347,0.11458166476618906,0.11458166476618906,0.11458166476618906,0.11458166476618906,0.13154453689547385,0.11458166476618906,0.18096547450739187,0.11458166476618906
272,272.0,272.0000058436586,0.11451302979737343,0.11451302979737343,0.11451302979737343,0.11451302979737343,0.13146843268530772,0.11451302979737343,0.18145338853045173,0.11451302979737343
273,273.0,273.0000053076024,0.11445452704224396,0.11445452704224396,0.11445452704224396,0.11479935462845087,0.13132724964319675,0.11445452704224396,0.18160076051713261,0.11445452704224396
274,274.0,274.00000477207584,0.11440531779795213,0.11440531779795213,0.11440531779795213,0.11541336377496363,0.13112685493760054,0.11440531779795213,0.18143319229767524,0.11440531779795213
275,275.0,275.0000042423811,0.11468713759043253,0.11436455694527126,0.11436455694527126,0.11600458030455936,0.1308731343789944,0.11436455694527126,0.1809769199449288,0.11436455694527126
276,276.0,276.0000037232321,0.11498342015679283,0.11434148467292188,0.11434148467292188,0.1165984035716983,0.13062234485503957,0.11434148467292188,0.18042989272478188,0.11434148467292188
277,277.0,277.0000032187657,0.11526959510365885,0.11432448220043306,0.11432448220043306,0.11715839273447089,0.13032629793170403,0.11432448220043306,0.17994778542843412,0.11432448220043306
278,278.0,278.00000273255824,0.11554301721086228,0.1143127154562191,0.1143127154562191,0.11768113996271241,0.12999049423653652,0.1143127154562191,0.17953448676501255,0.1143127154562191
279,279.0,279.0000022676459,0.11580144768389986,0.11430538860619588,0.11430538860619588,0.11816397219149731,0.12991443548723697,0.11430538860619588,0.17889859021258248,0.11430538860619588
280,280.0,280.0000018265484,0.11604303743951735,0.11430174895847438,0.11430174895847438,0.11860490668557279,0.12979788867816308,0.11430174895847438,0.17834717136284942,0.11430174895847438
281,281.0,281.00000141129516,0.11626630768644777,0.11430109070657521,0.11430109070657521,0.11928038120306753,0.12964382718702447,0.11430109070657521,0.17760512109715956,0.11430109070657521
282,282.0,282.0000010234543,0.11648514338737623,0.11431026515057797,0.11431026515057797,0.11993161556789322,0.12950040023979614,0.11431026515057797,0.17684178020262267,0.11431026515057797
283,283.0,283.00000066416294,0.11668278462487862,0.11459096003921523,0.11432068976894497,0.1205244914216385,0.1293229336065143,0.11432068976894497,0.17591676100091866,0.11432068976894497
284,284.0,284.0000003341591,0.11687288794643604,0.11487672989265067,0.11433889205481285,0.12108594288390097,0.12915714646265766,0.11433889205481285,0.1749906166499164,0.11433889205481285
285,285.0,285.00000003381405,0.11705430611042741,0.11516420951587011,0.11436391221857281,0.12134322760893602,0.12927379900099253,0.11436391221857281,0.17407272110805574,0.11436391221857281
286,286.0,285.99999976316536,0.11721186869990258,0.1154361283845961,0.11438770589526466,0.12154609553985901,0.12935045085593921,0.11438770589526466,0.17329233883390943,0.11438770589526466
287,287.0,286.99999952194986,0.11734569264572539,0.11569063038489774,0.11440981129648178,0.1216969201757324,0.1293879100748615,0.11440981129648178,0.17264941282933796,0.11440981129648178
288,288.0,287.99999930963645,0.11746895932179073,0.11593905793260227,0.1144362490702534,0.12181761622318421,0.12943223145063013,0.1144362490702534,0.17203338786103284,0.1144362490702534
289,289.0,288.99999912545803,0.11758149178831367,0.11617953419749238,0.11446632160158635,0.12190998958058208,0.12948228555380278,0.11446632160158635,0.17144773407505046,0.11446632160158635
290,290.0,289.99999896844287,0.11767041762876272,0.1163976290323801,0.11449295443300089,0.12195671801412664,0.12949212677573552,0.11449295443300089,0.17100424524999272,0.11449295443300089
291,291.0,290.9999988374448,0.11773655158692801,0.11659274297150403,0.11451589687596837,0.12196091374124865,0.12946337968088836,0.11451589687596837,0.1706987213915262,0.11451589687596837
292,292.0,291.9999987311721,0.11779248712121237,0.1167761985748054,0.11454077634978185,0.12194325148995329,0.12943860520603412,0.11454077634978185,0.1704271285586496,0.11454077634978185
293,293.0,292.99999864821496,0.11783868471866106,0.11694732711983344,0.11456715035661862,0.12190609368059524,0.12941765383392204,0.11456715035661862,0.17018878957713274,0.11456715035661862
294,294.0,293.99999858707133,0.11787565619698315,0.11710565002696523,0.11459460570310795,0.12185176144707437,0.12940035276799902,0.11459460570310795,0.16998276245165472,0.11459460570310795
295,295.0,294.9999985461714,0.11789234005144976,0.11723925022906077,0.11461695250089056,0.12200318918944994,0.1293458595818013,0.11461695250089056,0.16966850344556686,0.11461695250089056
296,296.0,295.99999852389976,0.11788997697045356,0.11734864275915448,0.11463416751913517,0.12211753196669013,0.12925626409514954,0.11463416751913517,0.16948508165114706,0.11463416751913517
297,297.0,296.9999985186163,0.11788046205575942,0.11744512123655425,0.11465157517431747,0.12221728840235335,0.12917085621388585,0.11465157517431747,0.16933154656849497,0.11465157517431747
298,298.0,297.999998528675,0.11785403481535976,0.11751844145723117,0.11466369671392967,0.12250905064446478,0.12905307337044902,0.11466369671392967,0.16907430957070646,0.11466369671392967
299,299.0,298.99999855244107,0.11782216449630101,0.11757969978672263,0.11467569640516864,0.1227851825195568,0.12894062898674227,0.11467569640516864,0.16884523499517157,0.11467569640516864
300,300.0,299.9999985883061,0.11778571410963967,0.11762948983085225,0.1146874664359593,0.12304448574558038,0.12883411366062972,0.1146874664359593,0.16864379734542026,0.1146874664359593
301,301.0,300.99999863470157,0.11773540515590161,0.11765835950761394,0.11469386156698806,0.12326079762992967,0.1286986461042595,0.11469386156698806,0.16856520690133128,0.11469386156698806
302,302.0,301.9999986901105,0.117672555654674,0.11766754123031897,0.1146950698735919,0.12343482687128385,0.12853647797291845,0.1146950698735919,0.1686033886500292,0.1146950698735919
303,303.0,302.9999987530774,0.11759849311408993,0.11765835693551785,0.1146913204343332,0.12356767383745859,0.12834995835971869,0.1146913204343332,0.1687515564502155,0.1146913204343332
304,304.0,303.99999882221687,0.11752340508791274,0.11764106069233102,0.11468730933040172,0.12368294234736468,0.1281725272944545,0.11468730933040172,0.16891813658673208,0.11468730933040172
305,305.0,304.99999889622023,0.11743927975673654,0.11760777140980197,0.11467867021519058,0.12375907444096254,0.1279740218641906,0.11467867021519058,0.16918384188273677,0.11467867021519058
306,306.0,305.99999897386107,0.11735584082777728,0.11756840000809446,0.11466994164268199,0.12381916924745767,0.12778646009164454,0.11466994164268199,0.1694603048969803,0.11466994164268199
307,307.0,306.9999990539992,0.11727385405010282,0.11752394841314343,0.11466121984433077,0.12386422954749537,0.12761062322876995,0.11466121984433077,0.16974368522749636,0.11466121984433077
308,308.0,307.9999991355835,0.11718549067500092,0.11746686575886219,0.11464833966002441,0.12387404968531965,0.12741733524846655,0.11464833966002441,0.17011123965227765,0.11464833966002441
309,309.0,308.9999992176535,0.11709176179188369,0.11739847577364493,0.1146315906281607,0.12385077996556954,0.12720848842799454,0.1146315906281607,0.1705557221564254,0.1146315906281607
310,310.0,309.99999929934,0.11699364504190443,0.11732009689195806,0.1146112790245743,0.12379672157500149,0.12698599042489764,0.1146112790245743,0.17106970899251567,0.1146112790245743
311,311.0,310.9999993798645,0.11689207772464885,0.11723302913766509,0.1145877228951732,0.12371428732810222,0.12675174204636824,0.1145877228951732,0.1716456950776962,0.1145877228951732
312,312.0,311.99999945853784,0.11678795100628453,0.11713854251183696,0.11456124747196655,0.12360596524364233,0.12650761734067079,0.11456124747196655,0.17227618148166587,0.11456124747196655
313,313.0,312.9999995347585,0.11668210517855473,0.11703786685233422,0.11453218098079139,0.12347428503734434,0.12625544598314964,0.11453218098079139,0.17295375400624305,0.11453218098079139
314,314.0,313.9999996080095,0.1165753259121154,0.11693218312056144,0.11450085084407735,0.12350360575887848,0.1259969979076097,0.11450085084407735,0.17348933476860312,0.11450085084407735
315,315.0,314.99999967785527,0.11646834144306897,0.11682261606063045,0.114467580277529,0.1235095687402808,0.12573397011509316,0.114467580277529,0.17406276280833985,0.114467580277529
316,316.0,315.99999974393796,0.1163618206280504,0.11671022816764014,0.11443268527563713,0.12366862419729296,0.12546797557611591,0.11443268527563713,0.1744932956039894,0.11443268527563713
317,317.0,316.999999805973,0.11625637180077585,0.11659601489479512,0.11439647197743943,0.12380172126046038,0.12520053412910462,0.11439647197743943,0.17495594198254594,0.11439647197743943
318,318.0,317.99999986374485,0.11615254236148226,0.11648090102354793,0.11435923440091772,0.12407821671154455,0.12493306526691779,0.11435923440091772,0.17527757143375447,0.11435923440091772
319,319.0,318.999999917102,0.11605081903007382,0.11636573811676058,0.11432125253182432,0.12432427480068736,0.12466688269477764,0.11432125253182432,0.1754618610955611,0.11448791919849098
320,320.0,319.99999996595244,0.1159516286939645,0.11625130297194339,0.11428279075055152,0.12453895974274508,0.12440319053651029,0.11428279075055152,0.17567761137695279,0.11461172517678103
321,321.0,321.00000001025836,0.11585533978247464,0.11613829698983666,0.11424409657887458,0.12472178130496228,0.12414308106152319,0.11424409657887458,0.17592377572003176,0.11472953198342242
322,322.0,322.0000000500311,0.1157622641011242,0.11602734637285739,0.11420539972698417,0.12487265384516877,0.12388753380227262,0.11420539972698417,0.1761990018982282,0.11484040052638061
323,323.0,323.0000000853262,0.11567761937864357,0.11592396338559349,0.11416939157888598,0.12501169671988704,0.12365477704203548,0.11416939157888598,0.17644463607454336,0.11494852424152521
324,324.0,324.00000011623854,0.11560140896637061,0.11582842509494609,0.11413616334568176,0.12513870246691874,0.12344485929851282,0.11413616334568176,0.1766611811074022,0.11505309637448613
325,325.0,325.0000001428973,0.11553355153740727,0.11574090241416002,0.11410576931821416,0.12525360474156222,0.1232575958474684,0.11410576931821416,0.17684938046082174,0.11515342636215214
326,326.0,326.00000016546124,0.11547389036771222,0.11566146900905697,0.1140782300161842,0.12535646486830984,0.12309259389416485,0.1140782300161842,0.1770101867092118,0.11524893511917605
327,327.0,327.00000018411407,0.11541724212559527,0.11558514996865937,0.11405105520133824,0.12558386719084247,0.12293191619725001,0.11405105520133824,0.177045524751385,0.11533418936359154
328,328.0,328.00000019906054,0.11536352859412637,0.11551205364030724,0.11402430846980965,0.12577668099382877,0.12277553518497723,0.11402430846980965,0.1771145660495193,0.11540901859762186
329,329.0,329.00000021052176,0.11531265835597031,0.11544225363449448,0.11399804693978945,0.1259349291240607,0.12262341221345725,0.11399804693978945,0.1772172708440583,0.11547338194838015
330,330.0,330.0000002187316,0.11526452874802945,0.11537579128287734,0.11397232118835302,0.12605901400484565,0.12247549808181224,0.11397232118835302,0.17735317017119132,0.11552735533453812
331,331.0,331.00000022393317,0.1152190277440433,0.11531267818423407,0.11394717526549715,0.12614967444538774,0.12233173363975679,0.11394717526549715,0.17752141669620813,0.11557111875937581
332,332.0,332.0000002263752,0.11518029832772123,0.11525716137831865,0.11392477806462484,0.12622712503859823,0.12220696948197991,0.11392477806462484,0.17766968322529061,0.11560920641884187
333,333.0,333.00000022630934,0.11514805063446001,0.1152090364039175,0.11390507868554645,0.12629191226327816,0.1221005532216315,0.11390507868554645,0.17779848509274135,0.11564180501287877
334,334.0,334.0000002239869,0.11512195896888622,0.11516804532762315,0.11388800433987338,0.12619759576050435,0.12215877305510162,0.11388800433987338,0.177908480746049,0.1156691374620891
335,335.0,335.0000002196569,0.11509740607029177,0.11512962209579283,0.11387133198042429,0.1260763317108462,0.12221517993511702,0.11387133198042429,0.1780516017452355,0.11568719448186832
336,336.0,336.00000021356334,0.11507417912135073,0.11509358968668452,0.11385503589736432,0.12593080963103298,0.1222681732097673,0.11385503589736432,0.17822675798108822,0.11569641857534782
337,337.0,337.0000002059435,0.11505208035979252,0.1150597719053224,0.11383909270548781,0.12590456586812215,0.12231637455966371,0.11383909270548781,0.1782917185386957,0.11569730335742812
338,338.0,338.0000001970262,0.1150309273218094,0.1150279948340605,0.11382348123125269,0.12585605575239864,0.12235861863304272,0.11382348123125269,0.1783890577174403,0.11569038327874331
339,339.0,339.00000018703037,0.11501055291714624,0.1149980881243239,0.11380818239349841,0.12578671280305226,0.12239394252371229,0.11380818239349841,0.17851811486688945,0.11567622397787929
340,340.0,340.00000017616384,0.11499080535158243,0.11496988613212222,0.11379317907948683,0.12569806419573032,0.12242157431129586,0.11379317907948683,0.17867789855516836,0.11565541329512738
341,341.0,341.0000001646223,0.11497154791248262,0.11494322890124292,0.11377845601779324,0.125725038545922,0.1224409208707018,0.11377845601779324,0.17873379876294157,0.11562855297112282
342,342.0,342.0000001525887,0.1149526586329048,0.11491796299917596,0.11376399964945952,0.1257328545493195,0.1224515551444075,0.11376399964945952,0.17882071833072907,0.11559625104454432
343,343.0,343.0000001402326,0.11493402984943282,0.11489394221180105,0.1137497979987031,0.12572205117926957,0.12245320305720697,0.1137497979987031,0.17893806275022822,0.11555911495465533
344,344.0,344.0000001277097,0.11491556766845773,0.11487102810368963,0.11373584054435733,0.12569332774765204,0.12257393536693563,0.11373584054435733,0.17895671467769775,0.11551774534685272
345,345.0,345.00000011516204,0.11489719135508837,0.11484909045154526,0.11372211809309894,0.12564752001268373,0.12268263405988965,0.11372211809309894,0.1790065973620406,0.11547273057255462
346,346.0,346.00000010271754,0.11487883265823924,0.11482800755883404,0.1137086226554025,0.1257105773447563,0.12277832008725316,0.1137086226554025,0.1789623751714174,0.11542464186869497
347,347.0,347.0000000904903,0.11486352150449262,0.1148107528798056,0.11369689053492167,0.12577272317017404,0.12287415431100779,0.11369689053492167,0.1789079514481423,0.11537711561653434
348,348.0,348.00000007858085,0.11485110625107574,0.11479711613988196,0.1136868627211397,0.1258334271813483,0.12296916356927688,0.1136868627211397,0.17884489058271333,0.11533057083342442
349,349.0,349.00000006707654,0.11484142146048978,0.11478687191255185,0.11367846906152454,0.12589222651959162,0.1230624802660263,0.11367846906152454,0.17877468689800008,0.11528537482029125
350,350.0,350.00000005605193,0.11483429093435753,0.11477978338882924,0.11367163007725566,0.1259487236588147,0.12315334049044051,0.11367163007725566,0.17869875671277818,0.11524184466026849
351,351.0,351.00000004556927,0.11482644413174184,0.11477251946383753,0.11366471548076455,0.12598560853888535,0.12322719239862,0.11366471548076455,0.17866164185549388,0.11519716264989223
352,352.0,352.00000003567914,0.114820808926095,0.11476794809473129,0.11365919086812727,0.1260197513146959,0.12329749830310645,0.11365919086812727,0.1786209430530374,0.11515466857207937
353,353.0,353.0000000264213,0.11481722050977658,0.11476584573961306,0.11365497248708478,0.12605108476891422,0.1233639097452243,0.11365497248708478,0.17857742568795051,0.11511456857435169
354,354.0,354.00000001782496,0.1148124989467944,0.11476297537941269,0.11365046632767678,0.1260630152224335,0.12341260192128789,0.11365046632767678,0.1785739627672625,0.11507401310745542
355,355.0,355.00000000991,0.11480657621094224,0.11475921396173795,0.11364563195108268,0.12605610661002506,0.12344383133188105,0.11364563195108268,0.17860978326677435,0.11503322471647398
