Total_iterations,Unnamed: 0.1,Intertwine_two,Invert_path_vertices,Insert_inside_vertex,Delete_inside_vertex,Replace_inside_vertex,Donate_between_routes,Trim_one_terminal_cb,Grow_one_terminal_cb
0,0.0,0.125,0.125,0.125,0.125,0.125,0.125,0.125,0.125
1,1.0,0.125,0.125,0.125,0.125,0.125,0.125,0.125,0.125
2,2.0,0.125,0.125,0.125,0.125,0.125,0.125,0.125,0.125
3,3.0,0.125,0.125,0.125,0.125,0.125,0.125,0.125,0.125
4,4.0,0.125,0.125,0.125,0.125,0.125,0.125,0.125,0.125
5,5.0,0.125,0.125,0.125,0.125,0.125,0.125,0.125,0.125
6,6.0,0.125,0.125,0.125,0.125,0.125,0.125,0.125,0.125
7,7.0,0.125,0.125,0.125,0.125,0.125,0.125,0.125,0.125
8,8.0,0.125,0.125,0.125,0.125,0.125,0.125,0.125,0.125
9,9.0,0.125,0.125,0.125,0.125,0.125,0.125,0.125,0.125
10,10.0,0.125,0.125,0.125,0.125,0.125,0.125,0.125,0.125
11,11.0,0.125,0.125,0.125,0.125,0.125,0.125,0.125,0.125
12,12.0,0.125,0.125,0.125,0.125,0.125,0.125,0.125,0.125
13,13.0,0.125,0.125,0.125,0.125,0.125,0.125,0.125,0.125
14,14.0,0.125,0.125,0.125,0.125,0.125,0.125,0.125,0.125
15,15.0,0.125,0.125,0.125,0.125,0.125,0.125,0.125,0.125
16,16.0,0.125,0.125,0.125,0.125,0.125,0.125,0.125,0.125
17,17.0,0.125,0.125,0.125,0.125,0.125,0.125,0.125,0.125
18,18.0,0.125,0.125,0.125,0.125,0.125,0.125,0.125,0.125
19,19.0,0.125,0.125,0.125,0.125,0.125,0.125,0.125,0.125
20,20.0,0.125,0.125,0.125,0.125,0.125,0.125,0.125,0.125
21,21.0,0.125,0.125,0.125,0.125,0.125,0.125,0.125,0.125
22,22.0,0.125,0.125,0.125,0.125,0.125,0.125,0.125,0.125
23,23.0,0.125,0.125,0.125,0.125,0.125,0.125,0.125,0.125
24,24.0,0.125,0.125,0.125,0.125,0.125,0.125,0.125,0.125
25,25.0,0.125,0.125,0.125,0.125,0.125,0.125,0.125,0.125
26,26.0,0.125,0.125,0.125,0.125,0.125,0.125,0.125,0.125
27,27.0,0.125,0.125,0.125,0.125,0.125,0.125,0.125,0.125
28,28.0,0.125,0.125,0.125,0.125,0.125,0.125,0.125,0.125
29,29.0,0.125,0.125,0.125,0.125,0.125,0.125,0.125,0.125
30,30.0,0.125,0.125,0.125,0.125,0.125,0.125,0.125,0.125
31,31.0,0.125,0.125,0.125,0.125,0.125,0.125,0.125,0.125
32,32.0,0.125,0.125,0.125,0.125,0.125,0.125,0.125,0.125
33,33.0,0.125,0.125,0.125,0.125,0.125,0.125,0.125,0.125
34,34.0,0.125,0.125,0.125,0.125,0.125,0.125,0.125,0.125
35,35.0,0.125,0.125,0.125,0.125,0.125,0.125,0.125,0.125
36,36.0,0.125,0.125,0.125,0.125,0.125,0.125,0.125,0.125
37,37.0,0.125,0.125,0.125,0.125,0.125,0.125,0.125,0.125
38,38.0,0.125,0.125,0.125,0.125,0.125,0.125,0.125,0.125
39,39.0,0.125,0.125,0.125,0.125,0.125,0.125,0.125,0.125
40,40.0,0.125,0.125,0.125,0.125,0.125,0.125,0.125,0.125
41,41.0,0.125,0.125,0.125,0.125,0.125,0.125,0.125,0.125
42,42.0,0.125,0.125,0.125,0.125,0.125,0.125,0.125,0.125
43,43.0,0.125,0.125,0.125,0.125,0.125,0.125,0.125,0.125
44,44.0,0.125,0.125,0.125,0.125,0.125,0.125,0.125,0.125
45,45.0,0.125,0.125,0.125,0.125,0.125,0.125,0.125,0.125
46,46.0,0.125,0.125,0.125,0.125,0.125,0.125,0.125,0.125
47,47.0,0.125,0.125,0.125,0.125,0.125,0.125,0.125,0.125
48,48.0,0.125,0.125,0.125,0.125,0.125,0.125,0.125,0.125
49,49.0,0.125,0.125,0.125,0.125,0.125,0.125,0.125,0.125
50,50.0,0.125,0.125,0.125,0.125,0.125,0.125,0.125,0.125
51,51.0,0.125,0.125,0.125,0.125,0.125,0.125,0.125,0.125
52,52.0,0.125,0.125,0.125,0.125,0.125,0.125,0.125,0.125
53,53.0,0.125,0.125,0.125,0.125,0.125,0.125,0.125,0.125
54,54.0,0.125,0.125,0.125,0.125,0.125,0.125,0.125,0.125
55,55.0,0.125,0.125,0.125,0.125,0.125,0.125,0.125,0.125
56,56.0,0.125,0.125,0.125,0.125,0.125,0.125,0.125,0.125
57,57.0,0.125,0.125,0.125,0.125,0.125,0.125,0.125,0.125
58,58.0,0.125,0.125,0.125,0.125,0.125,0.125,0.125,0.125
59,59.0,0.125,0.125,0.125,0.125,0.125,0.125,0.125,0.125
60,60.0,0.125,0.125,0.125,0.125,0.125,0.125,0.125,0.125
61,61.0,0.125,0.125,0.125,0.125,0.125,0.125,0.125,0.125
62,62.0,0.125,0.125,0.125,0.125,0.125,0.125,0.125,0.125
63,63.0,0.125,0.125,0.125,0.125,0.125,0.125,0.125,0.125
64,64.0,0.125,0.125,0.125,0.125,0.125,0.125,0.125,0.125
65,65.0,0.125,0.125,0.125,0.125,0.125,0.125,0.125,0.125
66,66.0,0.125,0.125,0.125,0.125,0.125,0.125,0.125,0.125
67,67.0,0.125,0.125,0.125,0.125,0.125,0.125,0.125,0.125
68,68.0,0.125,0.125,0.125,0.125,0.125,0.125,0.125,0.125
69,69.0,0.125,0.125,0.125,0.125,0.125,0.125,0.125,0.125
70,70.0,0.125,0.125,0.125,0.125,0.125,0.125,0.125,0.125
71,71.0,0.125,0.125,0.125,0.125,0.125,0.125,0.125,0.125
72,72.0,0.125,0.125,0.125,0.125,0.125,0.125,0.125,0.125
73,73.0,0.125,0.125,0.125,0.125,0.125,0.125,0.125,0.125
74,74.0,0.125,0.125,0.125,0.125,0.125,0.125,0.125,0.125
75,75.0,0.125,0.125,0.125,0.125,0.125,0.125,0.125,0.125
76,76.0,0.125,0.125,0.125,0.125,0.125,0.125,0.125,0.125
77,77.0,0.125,0.125,0.125,0.125,0.125,0.125,0.125,0.125
78,78.0,0.125,0.125,0.125,0.125,0.125,0.125,0.125,0.125
79,79.0,0.125,0.125,0.125,0.125,0.125,0.125,0.125,0.125
80,80.0,0.125,0.125,0.125,0.125,0.125,0.125,0.125,0.125
81,81.0,0.125,0.125,0.125,0.125,0.125,0.125,0.125,0.125
82,82.0,0.125,0.125,0.125,0.125,0.125,0.125,0.125,0.125
83,83.0,0.125,0.125,0.125,0.125,0.125,0.125,0.125,0.125
84,84.0,0.125,0.125,0.125,0.125,0.125,0.125,0.125,0.125
85,85.0,0.125,0.125,0.125,0.125,0.125,0.125,0.125,0.125
86,86.0,0.125,0.125,0.125,0.125,0.125,0.125,0.125,0.125
87,87.0,0.125,0.125,0.125,0.125,0.125,0.125,0.125,0.125
88,88.0,0.125,0.125,0.125,0.125,0.125,0.125,0.125,0.125
89,89.0,0.125,0.125,0.125,0.125,0.125,0.125,0.125,0.125
90,90.0,0.125,0.125,0.125,0.125,0.125,0.125,0.125,0.125
91,91.0,0.125,0.125,0.125,0.125,0.125,0.125,0.125,0.125
92,92.0,0.125,0.125,0.125,0.125,0.125,0.125,0.125,0.125
93,93.0,0.125,0.125,0.125,0.125,0.125,0.125,0.125,0.125
94,94.0,0.125,0.125,0.125,0.125,0.125,0.125,0.125,0.125
95,95.0,0.125,0.125,0.125,0.125,0.125,0.125,0.125,0.125
96,96.0,0.125,0.125,0.125,0.125,0.125,0.125,0.125,0.125
97,97.0,0.125,0.125,0.125,0.125,0.125,0.125,0.125,0.125
98,98.0,0.125,0.125,0.125,0.125,0.125,0.125,0.125,0.125
99,99.0,0.125,0.125,0.125,0.125,0.125,0.125,0.125,0.125
100,100.0,0.125,0.125,0.125,0.125,0.125,0.125,0.125,0.125
101,101.0,0.125,0.125,0.125,0.125,0.125,0.125,0.125,0.125
102,102.0,0.125,0.125,0.125,0.125,0.125,0.125,0.125,0.125
103,103.0,0.125,0.125,0.125,0.125,0.125,0.125,0.125,0.125
104,104.0,0.125,0.125,0.125,0.125,0.125,0.125,0.125,0.125
105,105.0,0.125,0.125,0.125,0.125,0.125,0.125,0.125,0.125
106,106.0,0.125,0.125,0.125,0.125,0.125,0.125,0.125,0.125
107,107.0,0.125,0.125,0.125,0.125,0.125,0.125,0.125,0.125
108,108.0,0.125,0.125,0.125,0.125,0.125,0.125,0.125,0.125
109,109.0,0.125,0.125,0.125,0.125,0.125,0.125,0.125,0.125
110,110.0,0.125,0.125,0.125,0.125,0.125,0.125,0.125,0.125
111,111.0,0.125,0.125,0.125,0.125,0.125,0.125,0.125,0.125
112,112.0,0.125,0.125,0.125,0.125,0.125,0.125,0.125,0.125
113,113.0,0.125,0.125,0.125,0.125,0.125,0.125,0.125,0.125
114,114.0,0.125,0.125,0.125,0.125,0.125,0.125,0.125,0.125
115,115.0,0.125,0.125,0.125,0.125,0.125,0.125,0.125,0.125
116,116.0,0.125,0.125,0.125,0.125,0.125,0.125,0.125,0.125
117,117.0,0.125,0.125,0.125,0.125,0.125,0.125,0.125,0.125
118,118.0,0.125,0.125,0.125,0.125,0.125,0.125,0.125,0.125
119,119.0,0.125,0.125,0.125,0.125,0.125,0.125,0.125,0.125
120,120.0,0.125,0.125,0.125,0.125,0.125,0.125,0.125,0.125
121,121.0,0.125,0.125,0.125,0.125,0.125,0.125,0.125,0.125
122,122.0,0.125,0.125,0.125,0.125,0.125,0.125,0.125,0.125
123,123.0,0.125,0.125,0.125,0.125,0.125,0.125,0.125,0.125
124,124.0,0.125,0.125,0.125,0.125,0.125,0.125,0.125,0.125
125,125.0,0.125,0.125,0.125,0.125,0.125,0.125,0.125,0.125
126,126.0,0.125,0.125,0.125,0.125,0.125,0.125,0.125,0.125
127,127.0,0.125,0.125,0.125,0.125,0.125,0.125,0.125,0.125
128,128.0,0.125,0.125,0.125,0.125,0.125,0.125,0.125,0.125
129,129.0,0.125,0.125,0.125,0.125,0.125,0.125,0.125,0.125
130,130.0,0.125,0.125,0.125,0.125,0.125,0.125,0.125,0.125
131,131.0,0.125,0.125,0.125,0.125,0.125,0.125,0.125,0.125
132,132.0,0.125,0.125,0.125,0.125,0.125,0.125,0.125,0.125
133,133.0,0.125,0.125,0.125,0.125,0.125,0.125,0.125,0.125
134,134.0,0.125,0.125,0.125,0.125,0.125,0.125,0.125,0.125
135,135.0,0.125,0.125,0.125,0.125,0.125,0.125,0.125,0.125
136,136.0,0.125,0.125,0.125,0.125,0.125,0.125,0.125,0.125
137,137.0,0.125,0.125,0.125,0.125,0.125,0.125,0.125,0.125
138,138.0,0.125,0.125,0.125,0.125,0.125,0.125,0.125,0.125
139,139.0,0.125,0.125,0.125,0.125,0.125,0.125,0.125,0.125
140,140.0,0.125,0.125,0.125,0.125,0.125,0.125,0.125,0.125
141,141.0,0.125,0.125,0.125,0.125,0.125,0.125,0.125,0.125
142,142.0,0.125,0.125,0.125,0.125,0.125,0.125,0.125,0.125
143,143.0,0.125,0.125,0.125,0.125,0.125,0.125,0.125,0.125
144,144.0,0.125,0.125,0.125,0.125,0.125,0.125,0.125,0.125
145,145.0,0.125,0.125,0.125,0.125,0.125,0.125,0.125,0.125
146,146.0,0.125,0.125,0.125,0.125,0.125,0.125,0.125,0.125
147,147.0,0.125,0.125,0.125,0.125,0.125,0.125,0.125,0.125
148,148.0,0.125,0.125,0.125,0.125,0.125,0.125,0.125,0.125
149,149.0,0.125,0.125,0.125,0.125,0.125,0.125,0.125,0.125
150,150.0,0.125,0.125,0.125,0.125,0.125,0.125,0.125,0.125
151,151.0,0.125,0.125,0.125,0.125,0.125,0.125,0.125,0.125
152,152.0,0.125,0.125,0.125,0.125,0.125,0.125,0.125,0.125
153,153.0,0.125,0.125,0.125,0.125,0.125,0.125,0.125,0.125
154,154.0,0.125,0.125,0.125,0.125,0.125,0.125,0.125,0.125
155,155.0,0.125,0.125,0.125,0.125,0.125,0.125,0.125,0.125
156,156.0,0.125,0.125,0.125,0.125,0.125,0.125,0.125,0.125
157,157.0,0.125,0.125,0.125,0.125,0.125,0.125,0.125,0.125
158,158.0,0.125,0.125,0.125,0.125,0.125,0.125,0.125,0.125
159,159.0,0.125,0.125,0.125,0.125,0.125,0.125,0.125,0.125
160,160.0,0.125,0.125,0.125,0.125,0.125,0.125,0.125,0.125
161,161.0,0.125,0.125,0.125,0.125,0.125,0.125,0.125,0.125
162,162.0,0.125,0.125,0.125,0.125,0.125,0.125,0.125,0.125
163,163.0,0.125,0.125,0.125,0.125,0.125,0.125,0.125,0.125
164,164.0,0.125,0.125,0.125,0.125,0.125,0.125,0.125,0.125
165,165.0,0.125,0.125,0.125,0.125,0.125,0.125,0.125,0.125
166,166.0,0.125,0.125,0.125,0.125,0.125,0.125,0.125,0.125
167,167.0,0.125,0.125,0.125,0.125,0.125,0.125,0.125,0.125
168,168.0,0.125,0.125,0.125,0.125,0.125,0.125,0.125,0.125
169,169.0,0.125,0.125,0.125,0.125,0.125,0.125,0.125,0.125
170,170.0,0.125,0.125,0.125,0.125,0.125,0.125,0.125,0.125
171,171.0,0.125,0.125,0.125,0.125,0.125,0.125,0.125,0.125
172,172.0,0.125,0.125,0.125,0.125,0.125,0.125,0.125,0.125
173,173.0,0.125,0.125,0.125,0.125,0.125,0.125,0.125,0.125
174,174.0,0.125,0.125,0.125,0.125,0.125,0.125,0.125,0.125
175,175.0,0.125,0.125,0.125,0.125,0.125,0.125,0.125,0.125
176,176.0,0.125,0.125,0.125,0.125,0.125,0.125,0.125,0.125
177,177.0,0.125,0.125,0.125,0.125,0.125,0.125,0.125,0.125
178,178.0,0.125,0.125,0.125,0.125,0.125,0.125,0.125,0.125
179,179.0,0.125,0.125,0.125,0.125,0.125,0.125,0.125,0.125
180,180.0,0.125,0.125,0.125,0.125,0.125,0.125,0.125,0.125
181,181.0,0.125,0.125,0.125,0.125,0.125,0.125,0.125,0.125
182,182.0,0.125,0.125,0.125,0.125,0.125,0.125,0.125,0.125
183,183.0,0.125,0.125,0.125,0.125,0.125,0.125,0.125,0.125
184,184.0,0.125,0.125,0.125,0.125,0.125,0.125,0.125,0.125
185,185.0,0.125,0.125,0.125,0.125,0.125,0.125,0.125,0.125
186,186.0,0.125,0.125,0.125,0.125,0.125,0.125,0.125,0.125
187,187.0,0.125,0.125,0.125,0.125,0.125,0.125,0.125,0.125
188,188.0,0.125,0.125,0.125,0.125,0.125,0.125,0.125,0.125
189,189.0,0.125,0.125,0.125,0.125,0.125,0.125,0.125,0.125
190,190.0,0.125,0.125,0.125,0.125,0.125,0.125,0.125,0.125
191,191.0,0.125,0.125,0.125,0.125,0.125,0.125,0.125,0.125
192,192.0,0.125,0.125,0.125,0.125,0.125,0.125,0.125,0.125
193,193.0,0.125,0.125,0.125,0.125,0.125,0.125,0.125,0.125
194,194.0,0.125,0.125,0.125,0.125,0.125,0.125,0.125,0.125
195,195.0,0.125,0.125,0.125,0.125,0.125,0.125,0.125,0.125
196,196.0,0.125,0.125,0.125,0.125,0.125,0.125,0.125,0.125
197,197.0,0.125,0.125,0.125,0.125,0.125,0.125,0.125,0.125
198,198.0,0.125,0.125,0.125,0.125,0.125,0.125,0.125,0.125
199,199.0,0.125,0.125,0.125,0.125,0.125,0.125,0.125,0.125
200,200.0,0.125,0.125,0.125,0.125,0.125,0.125,0.125,0.125
201,201.0,0.125,0.125,0.125,0.125,0.125,0.125,0.125,0.125
202,202.0,0.125,0.125,0.125,0.125,0.125,0.125,0.125,0.125
203,203.0,0.125,0.125,0.125,0.125,0.125,0.125,0.125,0.125
204,204.0,0.125,0.125,0.125,0.125,0.125,0.125,0.125,0.125
205,205.0,0.125,0.125,0.125,0.125,0.125,0.125,0.125,0.125
206,206.0,0.125,0.125,0.125,0.125,0.125,0.125,0.125,0.125
207,207.0,0.125,0.125,0.125,0.125,0.125,0.125,0.125,0.125
208,208.0,0.125,0.125,0.125,0.125,0.125,0.125,0.125,0.125
209,209.0,0.125,0.125,0.125,0.125,0.125,0.125,0.125,0.125
210,210.0,0.125,0.125,0.125,0.125,0.125,0.125,0.125,0.125
211,211.0,0.125,0.125,0.125,0.125,0.125,0.125,0.125,0.125
212,212.0,0.125,0.125,0.125,0.125,0.125,0.125,0.125,0.125
213,213.0,0.125,0.125,0.125,0.125,0.125,0.125,0.125,0.125
214,214.0,0.125,0.125,0.125,0.125,0.125,0.125,0.125,0.125
215,215.0,0.125,0.125,0.125,0.125,0.125,0.125,0.125,0.125
216,216.0,0.125,0.125,0.125,0.125,0.125,0.125,0.125,0.125
217,217.0,0.125,0.125,0.125,0.125,0.125,0.125,0.125,0.125
218,218.0,0.125,0.125,0.125,0.125,0.125,0.125,0.125,0.125
219,219.0,0.125,0.125,0.125,0.125,0.125,0.125,0.125,0.125
220,220.0,0.125,0.125,0.125,0.125,0.125,0.125,0.125,0.125
221,221.0,0.125,0.125,0.125,0.125,0.125,0.125,0.125,0.125
222,222.0,0.125,0.125,0.125,0.125,0.125,0.125,0.125,0.125
223,223.0,0.125,0.125,0.125,0.125,0.125,0.125,0.125,0.125
224,224.0,0.125,0.125,0.125,0.125,0.125,0.125,0.125,0.125
225,225.0,0.125,0.125,0.125,0.125,0.125,0.125,0.125,0.125
226,226.0,0.125,0.125,0.125,0.125,0.125,0.125,0.125,0.125
227,227.0,0.125,0.125,0.125,0.125,0.125,0.125,0.125,0.125
228,228.0,0.125,0.125,0.125,0.125,0.125,0.125,0.125,0.125
229,229.0,0.125,0.125,0.125,0.125,0.125,0.125,0.125,0.125
230,230.0,0.125,0.125,0.125,0.125,0.125,0.125,0.125,0.125
231,231.0,0.125,0.125,0.125,0.125,0.125,0.125,0.125,0.125
232,232.0,0.125,0.125,0.125,0.125,0.125,0.125,0.125,0.125
233,233.0,0.125,0.125,0.125,0.125,0.125,0.125,0.125,0.125
234,234.0,0.125,0.125,0.125,0.125,0.125,0.125,0.125,0.125
235,235.0,0.125,0.125,0.125,0.125,0.125,0.125,0.125,0.125
236,236.0,0.125,0.125,0.125,0.125,0.125,0.125,0.125,0.125
237,237.0,0.125,0.125,0.125,0.125,0.125,0.125,0.125,0.125
238,238.0,0.125,0.125,0.125,0.125,0.125,0.125,0.125,0.125
239,239.0,0.125,0.125,0.125,0.125,0.125,0.125,0.125,0.125
240,240.0,0.125,0.125,0.125,0.125,0.125,0.125,0.125,0.125
241,241.0,0.1248611111111111,0.1248611111111111,0.1248611111111111,0.1248611111111111,0.1248611111111111,0.1248611111111111,0.1259722222222222,0.1248611111111111
242,242.0,0.1246125,0.1246125,0.1246125,0.1246125,0.1256125,0.1246125,0.1267125,0.1246125
243,243.0,0.124367625,0.124367625,0.124367625,0.124367625,0.126357625,0.124367625,0.127436625,0.124367625
244,244.0,0.1240376521590909,0.1240376521590909,0.1240376521590909,0.1240376521590909,0.1269078430681818,0.1240376521590909,0.1288662439772727,0.1240376521590909
245,245.0,0.1236404515958333,0.1236404515958333,0.1236404515958333,0.1236404515958333,0.1272892639291667,0.1236404515958333,0.1308680264958333,0.1236404515958333
246,246.0,0.1231907973421739,0.1231907973421739,0.1231907973421739,0.1231907973421739,0.1275231116032229,0.1231907973421739,0.1333321043437334,0.1231907973421739
247,247.0,0.1227011785624368,0.1227011785624368,0.1227011785624368,0.1227011785624368,0.1283415851520831,0.1227011785624368,0.1354513434732962,0.1227011785624368
248,248.0,0.1221823193988585,0.1221823193988585,0.1221823193988585,0.1221823193988585,0.128991224065965,0.1221823193988585,0.1379148595408841,0.1221823193988585
249,249.0,0.1216435229576494,0.1216435229576494,0.1216435229576494,0.1216435229576494,0.129485986847799,0.1216435229576494,0.1406528754063043,0.1216435229576494
250,250.0,0.1211296709309848,0.1211296709309848,0.1211296709309848,0.1211296709309848,0.1299489134829717,0.1211296709309848,0.1432730609311195,0.1211296709309848
251,251.0,0.1206434073976768,0.1206434073976768,0.1206434073976768,0.1206434073976768,0.1303785583197973,0.1206434073976768,0.145760997294142,0.1206434073976768
252,252.0,0.1201868361437228,0.1201868361437228,0.1201868361437228,0.1201868361437228,0.1307739530897425,0.1201868361437228,0.1481050300479208,0.1201868361437228
253,253.0,0.119761553653727,0.119761553653727,0.119761553653727,0.119761553653727,0.1311345688517956,0.119761553653727,0.1502961092258425,0.119761553653727
254,254.0,0.1193319191703111,0.1193319191703111,0.1193319191703111,0.1193319191703111,0.1313499832314785,0.1193319191703111,0.1526585017466548,0.1193319191703111
255,255.0,0.1189030727343834,0.1189030727343834,0.1189030727343834,0.1189030727343834,0.1314337877134273,0.1189030727343834,0.1551477758802723,0.1189030727343834
256,256.0,0.1184793960041783,0.1184793960041783,0.1184793960041783,0.1184793960041783,0.131398821238468,0.1184793960041783,0.1577248027364621,0.1184793960041783
257,257.0,0.1180646087764256,0.1180646087764256,0.1180646087764256,0.1180646087764256,0.131757310567041,0.1180646087764256,0.1598550367744052,0.1180646087764256
258,258.0,0.1176618446598744,0.1176618446598744,0.1176618446598744,0.1176618446598744,0.1319921397618482,0.1176618446598744,0.1620367922789051,0.1176618446598744
259,259.0,0.1172737125343537,0.1172737125343537,0.1172737125343537,0.1172737125343537,0.1321124607434523,0.1172737125343537,0.1642452640504257,0.1172737125343537
260,260.0,0.1169023481956462,0.1169023481956462,0.1169023481956462,0.1169023481956462,0.1321273918178804,0.1169023481956462,0.1664585190082426,0.1169023481956462
261,261.0,0.1165675750697225,0.1165675750697225,0.1165675750697225,0.1165675750697225,0.1321184689101652,0.1165675750697225,0.1684760806714997,0.1165675750697225
262,262.0,0.1162690817665636,0.1162690817665636,0.1162690817665636,0.1162690817665636,0.1320881666475981,0.1162690817665636,0.1702973427530205,0.1162690817665636
263,263.0,0.1159881092948955,0.1159881092948955,0.1159881092948955,0.1159881092948955,0.131966462220174,0.1159881092948955,0.1721048820104532,0.1159881092948955
264,264.0,0.1157253529774452,0.1157253529774452,0.1157253529774452,0.1157253529774452,0.1317622636132907,0.1157253529774452,0.1738856185220381,0.1157253529774452
265,265.0,0.1154812341465809,0.1154812341465809,0.1154812341465809,0.1154812341465809,0.1314843237694243,0.1154812341465809,0.1756282713510902,0.1154812341465809
266,266.0,0.1152559313815538,0.1152559313815538,0.1152559313815538,0.1152559313815538,0.1315115711394867,0.1152559313815538,0.1769528405711907,0.1152559313815538
267,267.0,0.1150626366162508,0.1150626366162508,0.1150626366162508,0.1150626366162508,0.1315311632463333,0.1150626366162508,0.1780930170561618,0.1150626366162508
268,268.0,0.1149000819983527,0.1149000819983527,0.1149000819983527,0.1149000819983527,0.131543669695217,0.1149000819983527,0.1790558383146667,0.1149000819983527
269,269.0,0.1147668190592979,0.1147668190592979,0.1147668190592979,0.1147668190592979,0.1315496739874453,0.1147668190592979,0.1798494116567671,0.1147668190592979
270,270.0,0.1146612512605926,0.1146612512605926,0.1146612512605926,0.1146612512605926,0.1315497662957616,0.1146612512605926,0.1804827261406823,0.1146612512605926
271,271.0,0.114581664766189,0.114581664766189,0.114581664766189,0.114581664766189,0.1315445368954738,0.114581664766189,0.1809654745073918,0.114581664766189
272,272.0,0.1145130297973734,0.1145130297973734,0.1145130297973734,0.1145130297973734,0.1314684326853077,0.1145130297973734,0.1814533885304517,0.1145130297973734
273,273.0,0.1144545270422439,0.1144545270422439,0.1144545270422439,0.1147993546284508,0.1313272496431967,0.1144545270422439,0.1816007605171326,0.1144545270422439
274,274.0,0.1144053177979521,0.1144053177979521,0.1144053177979521,0.1154133637749636,0.1311268549376005,0.1144053177979521,0.1814331922976752,0.1144053177979521
275,275.0,0.1146871375904325,0.1143645569452712,0.1143645569452712,0.1160045803045593,0.1308731343789944,0.1143645569452712,0.1809769199449288,0.1143645569452712
276,276.0,0.1149834201567928,0.1143414846729218,0.1143414846729218,0.1165984035716983,0.1306223448550395,0.1143414846729218,0.1804298927247818,0.1143414846729218
277,277.0,0.1152695951036588,0.114324482200433,0.114324482200433,0.1171583927344708,0.130326297931704,0.114324482200433,0.1799477854284341,0.114324482200433
278,278.0,0.1155430172108622,0.1143127154562191,0.1143127154562191,0.1176811399627124,0.1299904942365365,0.1143127154562191,0.1795344867650125,0.1143127154562191
279,279.0,0.1158014476838998,0.1143053886061958,0.1143053886061958,0.1181639721914973,0.1299144354872369,0.1143053886061958,0.1788985902125824,0.1143053886061958
280,280.0,0.1160430374395173,0.1143017489584743,0.1143017489584743,0.1186049066855727,0.129797888678163,0.1143017489584743,0.1783471713628494,0.1143017489584743
281,281.0,0.1162663076864477,0.1143010907065752,0.1143010907065752,0.1192803812030675,0.1296438271870244,0.1143010907065752,0.1776051210971595,0.1143010907065752
282,282.0,0.1164851433873762,0.1143102651505779,0.1143102651505779,0.1199316155678932,0.1295004002397961,0.1143102651505779,0.1768417802026226,0.1143102651505779
283,283.0,0.1166827846248786,0.1145909600392152,0.1143206897689449,0.1205244914216385,0.1293229336065143,0.1143206897689449,0.1759167610009186,0.1143206897689449
284,284.0,0.116872887946436,0.1148767298926506,0.1143388920548128,0.1210859428839009,0.1291571464626576,0.1143388920548128,0.1749906166499164,0.1143388920548128
285,285.0,0.1170543061104274,0.1151642095158701,0.1143639122185728,0.121343227608936,0.1292737990009925,0.1143639122185728,0.1740727211080557,0.1143639122185728
286,286.0,0.1172118686999025,0.1154361283845961,0.1143877058952646,0.121546095539859,0.1293504508559392,0.1143877058952646,0.1732923388339094,0.1143877058952646
287,287.0,0.1173456926457253,0.1156906303848977,0.1144098112964817,0.1216969201757324,0.1293879100748615,0.1144098112964817,0.1726494128293379,0.1144098112964817
288,288.0,0.1174689593217907,0.1159390579326022,0.1144362490702534,0.1218176162231842,0.1294322314506301,0.1144362490702534,0.1720333878610328,0.1144362490702534
289,289.0,0.1175814917883136,0.1161795341974923,0.1144663216015863,0.121909989580582,0.1294822855538027,0.1144663216015863,0.1714477340750504,0.1144663216015863
290,290.0,0.1176704176287627,0.1163976290323801,0.1144929544330008,0.1219567180141266,0.1294921267757355,0.1144929544330008,0.1710042452499927,0.1144929544330008
291,291.0,0.117736551586928,0.116592742971504,0.1145158968759683,0.1219609137412486,0.1294633796808883,0.1145158968759683,0.1706987213915262,0.1145158968759683
292,292.0,0.1177924871212123,0.1167761985748054,0.1145407763497818,0.1219432514899532,0.1294386052060341,0.1145407763497818,0.1704271285586496,0.1145407763497818
293,293.0,0.117838684718661,0.1169473271198334,0.1145671503566186,0.1219060936805952,0.129417653833922,0.1145671503566186,0.1701887895771327,0.1145671503566186
294,294.0,0.1178756561969831,0.1171056500269652,0.1145946057031079,0.1218517614470743,0.129400352767999,0.1145946057031079,0.1699827624516547,0.1145946057031079
295,295.0,0.1178923400514497,0.1172392502290607,0.1146169525008905,0.1220031891894499,0.1293458595818013,0.1146169525008905,0.1696685034455668,0.1146169525008905
296,296.0,0.1178899769704535,0.1173486427591544,0.1146341675191351,0.1221175319666901,0.1292562640951495,0.1146341675191351,0.169485081651147,0.1146341675191351
297,297.0,0.1178804620557594,0.1174451212365542,0.1146515751743174,0.1222172884023533,0.1291708562138858,0.1146515751743174,0.1693315465684949,0.1146515751743174
298,298.0,0.1178540348153597,0.1175184414572311,0.1146636967139296,0.1225090506444647,0.129053073370449,0.1146636967139296,0.1690743095707064,0.1146636967139296
299,299.0,0.117822164496301,0.1175796997867226,0.1146756964051686,0.1227851825195568,0.1289406289867422,0.1146756964051686,0.1688452349951715,0.1146756964051686
300,300.0,0.1177857141096396,0.1176294898308522,0.1146874664359593,0.1230444857455803,0.1288341136606297,0.1146874664359593,0.1686437973454202,0.1146874664359593
301,301.0,0.1177354051559016,0.1176583595076139,0.114693861566988,0.1232607976299296,0.1286986461042595,0.114693861566988,0.1685652069013312,0.114693861566988
302,302.0,0.117672555654674,0.1176675412303189,0.1146950698735919,0.1234348268712838,0.1285364779729184,0.1146950698735919,0.1686033886500292,0.1146950698735919
303,303.0,0.1175984931140899,0.1176583569355178,0.1146913204343332,0.1235676738374585,0.1283499583597186,0.1146913204343332,0.1687515564502155,0.1146913204343332
304,304.0,0.1175234050879127,0.117641060692331,0.1146873093304017,0.1236829423473646,0.1281725272944545,0.1146873093304017,0.168918136586732,0.1146873093304017
305,305.0,0.1174392797567365,0.1176077714098019,0.1146786702151905,0.1237590744409625,0.1279740218641906,0.1146786702151905,0.1691838418827367,0.1146786702151905
306,306.0,0.1173558408277772,0.1175684000080944,0.1146699416426819,0.1238191692474576,0.1277864600916445,0.1146699416426819,0.1694603048969803,0.1146699416426819
307,307.0,0.1172738540501028,0.1175239484131434,0.1146612198443307,0.1238642295474953,0.1276106232287699,0.1146612198443307,0.1697436852274963,0.1146612198443307
308,308.0,0.1171854906750009,0.1174668657588621,0.1146483396600244,0.1238740496853196,0.1274173352484665,0.1146483396600244,0.1701112396522776,0.1146483396600244
309,309.0,0.1170917617918836,0.1173984757736449,0.1146315906281607,0.1238507799655695,0.1272084884279945,0.1146315906281607,0.1705557221564254,0.1146315906281607
310,310.0,0.1169936450419044,0.117320096891958,0.1146112790245743,0.1237967215750014,0.1269859904248976,0.1146112790245743,0.1710697089925156,0.1146112790245743
311,311.0,0.1168920777246488,0.117233029137665,0.1145877228951732,0.1237142873281022,0.1267517420463682,0.1145877228951732,0.1716456950776962,0.1145877228951732
312,312.0,0.1167879510062845,0.1171385425118369,0.1145612474719665,0.1236059652436423,0.1265076173406707,0.1145612474719665,0.1722761814816658,0.1145612474719665
313,313.0,0.1166821051785547,0.1170378668523342,0.1145321809807913,0.1234742850373443,0.1262554459831496,0.1145321809807913,0.172953754006243,0.1145321809807913
314,314.0,0.1165753259121154,0.1169321831205614,0.1145008508440773,0.1235036057588784,0.1259969979076097,0.1145008508440773,0.1734893347686031,0.1145008508440773
315,315.0,0.1164683414430689,0.1168226160606304,0.114467580277529,0.1235095687402808,0.1257339701150931,0.114467580277529,0.1740627628083398,0.114467580277529
316,316.0,0.1163618206280504,0.1167102281676401,0.1144326852756371,0.1236686241972929,0.1254679755761159,0.1144326852756371,0.1744932956039894,0.1144326852756371
317,317.0,0.1162563718007758,0.1165960148947951,0.1143964719774394,0.1238017212604603,0.1252005341291046,0.1143964719774394,0.1749559419825459,0.1143964719774394
318,318.0,0.1161525423614822,0.1164809010235479,0.1143592344009177,0.1240782167115445,0.1249330652669177,0.1143592344009177,0.1752775714337544,0.1143592344009177
319,319.0,0.1160508190300738,0.1163657381167605,0.1143212525318243,0.1243242748006873,0.1246668826947776,0.1143212525318243,0.1754618610955611,0.1144879191984909
320,320.0,0.1159516286939645,0.1162513029719433,0.1142827907505515,0.124538959742745,0.1244031905365102,0.1142827907505515,0.1756776113769527,0.114611725176781
321,321.0,0.1158553397824746,0.1161382969898366,0.1142440965788745,0.1247217813049622,0.1241430810615231,0.1142440965788745,0.1759237757200317,0.1147295319834224
322,322.0,0.1157622641011242,0.1160273463728573,0.1142053997269841,0.1248726538451687,0.1238875338022726,0.1142053997269841,0.1761990018982282,0.1148404005263806
323,323.0,0.1156776193786435,0.1159239633855934,0.1141693915788859,0.125011696719887,0.1236547770420354,0.1141693915788859,0.1764446360745433,0.1149485242415252
324,324.0,0.1156014089663706,0.115828425094946,0.1141361633456817,0.1251387024669187,0.1234448592985128,0.1141361633456817,0.1766611811074022,0.1150530963744861
325,325.0,0.1155335515374072,0.11574090241416,0.1141057693182141,0.1252536047415622,0.1232575958474684,0.1141057693182141,0.1768493804608217,0.1151534263621521
326,326.0,0.1154738903677122,0.1156614690090569,0.1140782300161842,0.1253564648683098,0.1230925938941648,0.1140782300161842,0.1770101867092118,0.115248935119176
327,327.0,0.1154172421255952,0.1155851499686593,0.1140510552013382,0.1255838671908424,0.12293191619725,0.1140510552013382,0.177045524751385,0.1153341893635915
328,328.0,0.1153635285941263,0.1155120536403072,0.1140243084698096,0.1257766809938287,0.1227755351849772,0.1140243084698096,0.1771145660495193,0.1154090185976218
329,329.0,0.1153126583559703,0.1154422536344944,0.1139980469397894,0.1259349291240607,0.1226234122134572,0.1139980469397894,0.1772172708440583,0.1154733819483801
330,330.0,0.1152645287480294,0.1153757912828773,0.113972321188353,0.1260590140048456,0.1224754980818122,0.113972321188353,0.1773531701711913,0.1155273553345381
331,331.0,0.1152190277440433,0.115312678184234,0.1139471752654971,0.1261496744453877,0.1223317336397567,0.1139471752654971,0.1775214166962081,0.1155711187593758
332,332.0,0.1151802983277212,0.1152571613783186,0.1139247780646248,0.1262271250385982,0.1222069694819799,0.1139247780646248,0.1776696832252906,0.1156092064188418
333,333.0,0.11514805063446,0.1152090364039175,0.1139050786855464,0.1262919122632781,0.1221005532216315,0.1139050786855464,0.1777984850927413,0.1156418050128787
334,334.0,0.1151219589688862,0.1151680453276231,0.1138880043398733,0.1261975957605043,0.1221587730551016,0.1138880043398733,0.177908480746049,0.1156691374620891
335,335.0,0.1150974060702917,0.1151296220957928,0.1138713319804242,0.1260763317108462,0.122215179935117,0.1138713319804242,0.1780516017452355,0.1156871944818683
336,336.0,0.1150741791213507,0.1150935896866845,0.1138550358973643,0.1259308096310329,0.1222681732097673,0.1138550358973643,0.1782267579810882,0.1156964185753478
337,337.0,0.1150520803597925,0.1150597719053224,0.1138390927054878,0.1259045658681221,0.1223163745596637,0.1138390927054878,0.1782917185386957,0.1156973033574281
338,338.0,0.1150309273218094,0.1150279948340605,0.1138234812312526,0.1258560557523986,0.1223586186330427,0.1138234812312526,0.1783890577174403,0.1156903832787433
339,339.0,0.1150105529171462,0.1149980881243239,0.1138081823934984,0.1257867128030522,0.1223939425237122,0.1138081823934984,0.1785181148668894,0.1156762239778792
340,340.0,0.1149908053515824,0.1149698861321222,0.1137931790794868,0.1256980641957303,0.1224215743112958,0.1137931790794868,0.1786778985551683,0.1156554132951273
341,341.0,0.1149715479124826,0.1149432289012429,0.1137784560177932,0.125725038545922,0.1224409208707018,0.1137784560177932,0.1787337987629415,0.1156285529711228
342,342.0,0.1149526586329048,0.1149179629991759,0.1137639996494595,0.1257328545493195,0.1224515551444075,0.1137639996494595,0.178820718330729,0.1155962510445443
343,343.0,0.1149340298494328,0.114893942211801,0.1137497979987031,0.1257220511792695,0.1224532030572069,0.1137497979987031,0.1789380627502282,0.1155591149546553
344,344.0,0.1149155676684577,0.1148710281036896,0.1137358405443573,0.125693327747652,0.1225739353669356,0.1137358405443573,0.1789567146776977,0.1155177453468527
345,345.0,0.1148971913550883,0.1148490904515452,0.1137221180930989,0.1256475200126837,0.1226826340598896,0.1137221180930989,0.1790065973620406,0.1154727305725546
346,346.0,0.1148788326582392,0.114828007558834,0.1137086226554025,0.1257105773447563,0.1227783200872531,0.1137086226554025,0.1789623751714174,0.1154246418686949
347,347.0,0.1148635215044926,0.1148107528798056,0.1136968905349216,0.125772723170174,0.1228741543110077,0.1136968905349216,0.1789079514481423,0.1153771156165343
348,348.0,0.1148511062510757,0.1147971161398819,0.1136868627211397,0.1258334271813483,0.1229691635692768,0.1136868627211397,0.1788448905827133,0.1153305708334244
349,349.0,0.1148414214604897,0.1147868719125518,0.1136784690615245,0.1258922265195916,0.1230624802660263,0.1136784690615245,0.178774686898,0.1152853748202912
350,350.0,0.1148342909343575,0.1147797833888292,0.1136716300772556,0.1259487236588147,0.1231533404904405,0.1136716300772556,0.1786987567127781,0.1152418446602684
351,351.0,0.1148264441317418,0.1147725194638375,0.1136647154807645,0.1259856085388853,0.12322719239862,0.1136647154807645,0.1786616418554938,0.1151971626498922
352,352.0,0.114820808926095,0.1147679480947312,0.1136591908681272,0.1260197513146959,0.1232974983031064,0.1136591908681272,0.1786209430530374,0.1151546685720793
353,353.0,0.1148172205097765,0.114765845739613,0.1136549724870847,0.1260510847689142,0.1233639097452243,0.1136549724870847,0.1785774256879505,0.1151145685743516
354,354.0,0.1148124989467944,0.1147629753794126,0.1136504663276767,0.1260630152224335,0.1234126019212878,0.1136504663276767,0.1785739627672625,0.1150740131074554
355,355.0,0.1148065762109422,0.1147592139617379,0.1136456319510826,0.126056106610025,0.123443831331881,0.1136456319510826,0.1786097832667743,0.1150332247164739
356,356.0,0.1147994077547816,0.114754464314429,0.113640438576745,0.1260310805179436,0.1235770720641144,0.113640438576745,0.1785646875095995,0.1149924106856416
357,357.0,0.1147937715904987,0.1147514545125162,0.1136362649159784,0.1260041986108433,0.1237052656215309,0.1136362649159784,0.1785182163578081,0.1149545634748456
358,358.0,0.1147867697301004,0.1147472395490309,0.1136316501738094,0.125960509126832,0.1238136291837972,0.1136316501738094,0.1785115883088783,0.1149169637537421
359,359.0,0.1147783937920936,0.1147417671200563,0.1136265771209454,0.1259009473850424,0.1239019872662615,0.1136265771209454,0.178544002393791,0.1148797478008641
360,360.0,0.1147686542418563,0.1147350069946685,0.1136210369681033,0.1258265373689756,0.1239704033272662,0.1136210369681033,0.1786142854338714,0.1148430386971551
361,361.0,0.1147575782797728,0.1147269489874214,0.1136150285486387,0.125738371946343,0.1240191546266406,0.1136150285486387,0.1787209427701504,0.114806946292394
362,362.0,0.1147452077776781,0.1147176009376029,0.1136085575089232,0.12563759440269,0.1240487074827019,0.1136085575089232,0.1788622070697171,0.1147715673117633
363,363.0,0.114731597279227,0.1147069867146012,0.1136016355136956,0.125636492452147,0.124059693134385,0.1136016355136956,0.1789249738049594,0.1147369855872889
364,364.0,0.114719254080051,0.1146975862689759,0.1135955004739649,0.1256374691054701,0.1240650944006671,0.1135955004739649,0.1789838807952947,0.1147057144016113
365,365.0,0.1147081748822143,0.1146893722274456,0.1135901350445787,0.1256403067357395,0.1240654157074254,0.1135901350445787,0.1790387249453101,0.1146777354127076
366,366.0,0.1146983440775613,0.1146823080900161,0.1135855159187964,0.1255336797578468,0.1240611618375447,0.1135855159187964,0.1792004752086486,0.1146529991907895
367,367.0,0.1146872931323783,0.1146739075052096,0.1135803936562945,0.1254161698889561,0.1240406228351777,0.1135803936562945,0.1793922325067537,0.1146289868189354
368,368.0,0.1146774523723678,0.1146665859258097,0.1135759686944689,0.1253021284289441,0.1240166216145858,0.1135759686944689,0.1795772104312993,0.1146080638380555
369,369.0,0.1146664102711803,0.1146579197516372,0.1135710210951539,0.1251792099166448,0.1239777998326353,0.1135710210951539,0.1797888764141658,0.1145877416234286
370,370.0,0.1146542098669275,0.1146479425868935,0.1135655588395828,0.1250484998988119,0.1239250901781926,0.1135655588395828,0.1800251639864507,0.1145679758035579
371,371.0,0.1146409049747808,0.1146367012831053,0.1135595960063481,0.1249110725206994,0.1238594884391624,0.1135595960063481,0.180283916391567,0.1145487243779887
372,372.0,0.1146265584761883,0.1146242540509522,0.1135531519734169,0.1247679804026716,0.1237820367600804,0.1135531519734169,0.1805629185579896,0.1145299478052839
373,373.0,0.114611240691816,0.1146106686506276,0.1135462506486062,0.1246202457625952,0.1236938081269198,0.1135462506486062,0.1808599264099092,0.1145116090609196
374,374.0,0.1145950278459731,0.1145960206708396,0.1135389197332956,0.1244688527474573,0.1235958921108576,0.1135389197332956,0.1811726934908883,0.1144936736673928
375,375.0,0.1145780006285985,0.1145803919046657,0.113531190023355,0.1243147409292493,0.1234893818870119,0.113531190023355,0.1814989949048758,0.1144761096988885
376,376.0,0.1145602428593078,0.114563868828695,0.1135230947504911,0.1241587999130482,0.123375362529843,0.1135230947504911,0.1818366486052453,0.1144588877628783
377,377.0,0.1145418402565349,0.1145465411902163,0.1135146689664996,0.1240018649993367,0.1232549005740015,0.1135146689664996,0.1821835340858891,0.1144419809610221
378,378.0,0.1145228793134542,0.1145285007056635,0.1135059489722324,0.123844713837894,0.1231290348179052,0.1135059489722324,0.1825376085488967,0.1144253648317215
379,379.0,0.1145034462811374,0.1146078790877859,0.1134969717924647,0.1236880640069637,0.1229987683371914,0.1134969717924647,0.1827988814253679,0.1144090172766241
380,380.0,0.1144836262582871,0.1146847970943877,0.1134877746972723,0.1235325714488112,0.1228650616664083,0.1134877746972723,0.1830654756642444,0.1143929184733165
381,381.0,0.1144635023858933,0.1147585009455168,0.1134783947700036,0.1233788296911345,0.1227288270998109,0.1134783947700036,0.1833364995612765,0.1143770507763607
382,382.0,0.1144431551442792,0.1148283483031768,0.1134688685214613,0.1232273697830101,0.1225909240558714,0.1134688685214613,0.1836110670620035,0.1143613986087362
383,383.0,0.1144226617492382,0.1148938034528206,0.1134592315494859,0.1230786608740675,0.1224521554450395,0.1134592315494859,0.1838883070342211,0.1143459483456412
384,384.0,0.1144020956433046,0.1149544319036155,0.113449518242761,0.1229331113663051,0.1223132649763191,0.113449518242761,0.1841673714324385,0.1143306881924951
385,385.0,0.1143815260776511,0.1150098945194744,0.1134397615273409,0.1227910705693146,0.1221749353353063,0.1134397615273409,0.1843548497921207,0.114408200651451
386,386.0,0.114362716726305,0.1150624897063304,0.1134308421274487,0.1226621749981818,0.1220462818976344,0.1134308421274487,0.1845179947808764,0.1144866576357745
387,387.0,0.1143439807146959,0.1151094298352357,0.1134219160322039,0.1225370548794405,0.1219191288440805,0.1134219160322039,0.1846839419590334,0.1145626317031062
388,388.0,0.11432535906424,0.1151506025036071,0.1134130036697312,0.1224158193430449,0.1217939026431377,0.1134130036697312,0.1848529062091255,0.1146354028973825
389,389.0,0.1143068898047311,0.1151859676049209,0.1134041244150803,0.1222985401578494,0.1216709791185768,0.1134041244150803,0.185025015815688,0.1147043586680731
390,390.0,0.1142886078395351,0.1152155504196681,0.1133952964749484,0.122185254454846,0.1215506844873325,0.1133952964749484,0.1852003206740937,0.1147689891746278
391,391.0,0.1142705448571915,0.1152394347458361,0.1133865367964443,0.1220759675335994,0.1214332967979804,0.1133865367964443,0.185378800436631,0.114828882035873
392,392.0,0.1142527292856033,0.1152577561335685,0.1133778609983726,0.1219706557151531,0.1213190477150486,0.1133778609983726,0.1855603725216067,0.1148837166322745
393,393.0,0.1142351862849541,0.1152706952811462,0.1133692833234425,0.1218692692078987,0.1212081245964403,0.1133692833234425,0.1857448999200083,0.1149332580626673
394,394.0,0.1142179377754933,0.1152784716421142,0.1133608166097575,0.1217717349561423,0.1211006728135935,0.1133608166097575,0.1859321987427881,0.1149773508503537
395,395.0,0.1142010024963707,0.1152813372862848,0.1133524722799169,0.121677959444309,0.1209967982666308,0.1133524722799169,0.1861220454600824,0.1150159124864886
396,396.0,0.1141843960917742,0.1152795710505419,0.11334426034605,0.1215878314328926,0.1208965700495859,0.11334426034605,0.1863141837915941,0.1150489268915114
397,397.0,0.114168131220729,0.115273473008882,0.113336189429114,0.1215012246053406,0.1208000232237966,0.113336189429114,0.1865083312148929,0.1150764378681309
398,398.0,0.1141522176870461,0.1152633592849967,0.1133282667908129,0.1214180001080479,0.1207071616606733,0.1133282667908129,0.1867041850655056,0.1150985426121046
399,399.0,0.1141366625860593,0.1152495572249475,0.113320498376533,0.1213380089684948,0.1207006055463464,0.113320498376533,0.1868187835812285,0.1151153853398575
400,400.0,0.1141214704649616,0.1152324009421302,0.1133128888677413,0.1212610943792926,0.1206961565140693,0.1133128888677413,0.1869359488791509,0.1151271510849129
401,401.0,0.1141066434937338,0.1152122272417879,0.1133054417423561,0.1211870938384711,0.1206930243531325,0.1133054417423561,0.1870560678799342,0.1151340597082283
402,402.0,0.1140921816438574,0.115189371927811,0.113298159341669,0.12111584113876,0.1206904938901712,0.113298159341669,0.1871794325551837,0.1151363601608788
