Total_iterations,Unnamed: 0.1,Intertwine_two,Add_vertex,Delete_vertex,Invert_path_vertices,Insert_inside_vertex,Delete_inside_vertex
0,0.0,0.1666666666666666,0.1666666666666666,0.1666666666666666,0.1666666666666666,0.1666666666666666,0.1666666666666666
1,1.0,0.1666666666666666,0.1666666666666666,0.1666666666666666,0.1666666666666666,0.1666666666666666,0.1666666666666666
2,2.0,0.1666666666666666,0.1666666666666666,0.1666666666666666,0.1666666666666666,0.1666666666666666,0.1666666666666666
3,3.0,0.1666666666666666,0.1666666666666666,0.1666666666666666,0.1666666666666666,0.1666666666666666,0.1666666666666666
4,4.0,0.1666666666666666,0.1666666666666666,0.1666666666666666,0.1666666666666666,0.1666666666666666,0.1666666666666666
5,5.0,0.1666666666666666,0.1666666666666666,0.1666666666666666,0.1666666666666666,0.1666666666666666,0.1666666666666666
6,6.0,0.1666666666666666,0.1666666666666666,0.1666666666666666,0.1666666666666666,0.1666666666666666,0.1666666666666666
7,7.0,0.1666666666666666,0.1666666666666666,0.1666666666666666,0.1666666666666666,0.1666666666666666,0.1666666666666666
8,8.0,0.1666666666666666,0.1666666666666666,0.1666666666666666,0.1666666666666666,0.1666666666666666,0.1666666666666666
9,9.0,0.1666666666666666,0.1666666666666666,0.1666666666666666,0.1666666666666666,0.1666666666666666,0.1666666666666666
10,10.0,0.1666666666666666,0.1666666666666666,0.1666666666666666,0.1666666666666666,0.1666666666666666,0.1666666666666666
11,11.0,0.1666666666666666,0.1666666666666666,0.1666666666666666,0.1666666666666666,0.1666666666666666,0.1666666666666666
12,12.0,0.1666666666666666,0.1666666666666666,0.1666666666666666,0.1666666666666666,0.1666666666666666,0.1666666666666666
13,13.0,0.1666666666666666,0.1666666666666666,0.1666666666666666,0.1666666666666666,0.1666666666666666,0.1666666666666666
14,14.0,0.1666666666666666,0.1666666666666666,0.1666666666666666,0.1666666666666666,0.1666666666666666,0.1666666666666666
15,15.0,0.1666666666666666,0.1666666666666666,0.1666666666666666,0.1666666666666666,0.1666666666666666,0.1666666666666666
16,16.0,0.1666666666666666,0.1666666666666666,0.1666666666666666,0.1666666666666666,0.1666666666666666,0.1666666666666666
17,17.0,0.1666666666666666,0.1666666666666666,0.1666666666666666,0.1666666666666666,0.1666666666666666,0.1666666666666666
18,18.0,0.1666666666666666,0.1666666666666666,0.1666666666666666,0.1666666666666666,0.1666666666666666,0.1666666666666666
19,19.0,0.1666666666666666,0.1666666666666666,0.1666666666666666,0.1666666666666666,0.1666666666666666,0.1666666666666666
20,20.0,0.1666666666666666,0.1666666666666666,0.1666666666666666,0.1666666666666666,0.1666666666666666,0.1666666666666666
21,21.0,0.1666666666666666,0.1666666666666666,0.1666666666666666,0.1666666666666666,0.1666666666666666,0.1666666666666666
22,22.0,0.1666666666666666,0.1666666666666666,0.1666666666666666,0.1666666666666666,0.1666666666666666,0.1666666666666666
23,23.0,0.1666666666666666,0.1666666666666666,0.1666666666666666,0.1666666666666666,0.1666666666666666,0.1666666666666666
24,24.0,0.1666666666666666,0.1666666666666666,0.1666666666666666,0.1666666666666666,0.1666666666666666,0.1666666666666666
25,25.0,0.1666666666666666,0.1666666666666666,0.1666666666666666,0.1666666666666666,0.1666666666666666,0.1666666666666666
26,26.0,0.1666666666666666,0.1666666666666666,0.1666666666666666,0.1666666666666666,0.1666666666666666,0.1666666666666666
27,27.0,0.1666666666666666,0.1666666666666666,0.1666666666666666,0.1666666666666666,0.1666666666666666,0.1666666666666666
28,28.0,0.1666666666666666,0.1666666666666666,0.1666666666666666,0.1666666666666666,0.1666666666666666,0.1666666666666666
29,29.0,0.1666666666666666,0.1666666666666666,0.1666666666666666,0.1666666666666666,0.1666666666666666,0.1666666666666666
30,30.0,0.1666666666666666,0.1666666666666666,0.1666666666666666,0.1666666666666666,0.1666666666666666,0.1666666666666666
31,31.0,0.1666666666666666,0.1666666666666666,0.1666666666666666,0.1666666666666666,0.1666666666666666,0.1666666666666666
32,32.0,0.1666666666666666,0.1666666666666666,0.1666666666666666,0.1666666666666666,0.1666666666666666,0.1666666666666666
33,33.0,0.1666666666666666,0.1666666666666666,0.1666666666666666,0.1666666666666666,0.1666666666666666,0.1666666666666666
34,34.0,0.1666666666666666,0.1666666666666666,0.1666666666666666,0.1666666666666666,0.1666666666666666,0.1666666666666666
35,35.0,0.1666666666666666,0.1666666666666666,0.1666666666666666,0.1666666666666666,0.1666666666666666,0.1666666666666666
36,36.0,0.1666666666666666,0.1666666666666666,0.1666666666666666,0.1666666666666666,0.1666666666666666,0.1666666666666666
37,37.0,0.1666666666666666,0.1666666666666666,0.1666666666666666,0.1666666666666666,0.1666666666666666,0.1666666666666666
38,38.0,0.1666666666666666,0.1666666666666666,0.1666666666666666,0.1666666666666666,0.1666666666666666,0.1666666666666666
39,39.0,0.1666666666666666,0.1666666666666666,0.1666666666666666,0.1666666666666666,0.1666666666666666,0.1666666666666666
40,40.0,0.1666666666666666,0.1666666666666666,0.1666666666666666,0.1666666666666666,0.1666666666666666,0.1666666666666666
41,41.0,0.1666666666666666,0.1666666666666666,0.1666666666666666,0.1666666666666666,0.1666666666666666,0.1666666666666666
42,42.0,0.1666666666666666,0.1666666666666666,0.1666666666666666,0.1666666666666666,0.1666666666666666,0.1666666666666666
43,43.0,0.1666666666666666,0.1666666666666666,0.1666666666666666,0.1666666666666666,0.1666666666666666,0.1666666666666666
44,44.0,0.1666666666666666,0.1666666666666666,0.1666666666666666,0.1666666666666666,0.1666666666666666,0.1666666666666666
45,45.0,0.1666666666666666,0.1666666666666666,0.1666666666666666,0.1666666666666666,0.1666666666666666,0.1666666666666666
46,46.0,0.1666666666666666,0.1666666666666666,0.1666666666666666,0.1666666666666666,0.1666666666666666,0.1666666666666666
47,47.0,0.1666666666666666,0.1666666666666666,0.1666666666666666,0.1666666666666666,0.1666666666666666,0.1666666666666666
48,48.0,0.1666666666666666,0.1666666666666666,0.1666666666666666,0.1666666666666666,0.1666666666666666,0.1666666666666666
49,49.0,0.1666666666666666,0.1666666666666666,0.1666666666666666,0.1666666666666666,0.1666666666666666,0.1666666666666666
50,50.0,0.1666666666666666,0.1666666666666666,0.1666666666666666,0.1666666666666666,0.1666666666666666,0.1666666666666666
51,51.0,0.1666666666666666,0.1666666666666666,0.1666666666666666,0.1666666666666666,0.1666666666666666,0.1666666666666666
52,52.0,0.1666666666666666,0.1666666666666666,0.1666666666666666,0.1666666666666666,0.1666666666666666,0.1666666666666666
53,53.0,0.1666666666666666,0.1666666666666666,0.1666666666666666,0.1666666666666666,0.1666666666666666,0.1666666666666666
54,54.0,0.1666666666666666,0.1666666666666666,0.1666666666666666,0.1666666666666666,0.1666666666666666,0.1666666666666666
55,55.0,0.1666666666666666,0.1666666666666666,0.1666666666666666,0.1666666666666666,0.1666666666666666,0.1666666666666666
56,56.0,0.1666666666666666,0.1666666666666666,0.1666666666666666,0.1666666666666666,0.1666666666666666,0.1666666666666666
57,57.0,0.1666666666666666,0.1666666666666666,0.1666666666666666,0.1666666666666666,0.1666666666666666,0.1666666666666666
58,58.0,0.1666666666666666,0.1666666666666666,0.1666666666666666,0.1666666666666666,0.1666666666666666,0.1666666666666666
59,59.0,0.1666666666666666,0.1666666666666666,0.1666666666666666,0.1666666666666666,0.1666666666666666,0.1666666666666666
60,60.0,0.1666666666666666,0.1666666666666666,0.1666666666666666,0.1666666666666666,0.1666666666666666,0.1666666666666666
61,61.0,0.1666666666666666,0.1666666666666666,0.1666666666666666,0.1666666666666666,0.1666666666666666,0.1666666666666666
62,62.0,0.1666666666666666,0.1666666666666666,0.1666666666666666,0.1666666666666666,0.1666666666666666,0.1666666666666666
63,63.0,0.1666666666666666,0.1666666666666666,0.1666666666666666,0.1666666666666666,0.1666666666666666,0.1666666666666666
64,64.0,0.1666666666666666,0.1666666666666666,0.1666666666666666,0.1666666666666666,0.1666666666666666,0.1666666666666666
65,65.0,0.1666666666666666,0.1666666666666666,0.1666666666666666,0.1666666666666666,0.1666666666666666,0.1666666666666666
66,66.0,0.1666666666666666,0.1666666666666666,0.1666666666666666,0.1666666666666666,0.1666666666666666,0.1666666666666666
67,67.0,0.1666666666666666,0.1666666666666666,0.1666666666666666,0.1666666666666666,0.1666666666666666,0.1666666666666666
68,68.0,0.1666666666666666,0.1666666666666666,0.1666666666666666,0.1666666666666666,0.1666666666666666,0.1666666666666666
69,69.0,0.1666666666666666,0.1666666666666666,0.1666666666666666,0.1666666666666666,0.1666666666666666,0.1666666666666666
70,70.0,0.1666666666666666,0.1666666666666666,0.1666666666666666,0.1666666666666666,0.1666666666666666,0.1666666666666666
71,71.0,0.1666666666666666,0.1666666666666666,0.1666666666666666,0.1666666666666666,0.1666666666666666,0.1666666666666666
72,72.0,0.1666666666666666,0.1666666666666666,0.1666666666666666,0.1666666666666666,0.1666666666666666,0.1666666666666666
73,73.0,0.1666666666666666,0.1666666666666666,0.1666666666666666,0.1666666666666666,0.1666666666666666,0.1666666666666666
74,74.0,0.1666666666666666,0.1666666666666666,0.1666666666666666,0.1666666666666666,0.1666666666666666,0.1666666666666666
75,75.0,0.1666666666666666,0.1666666666666666,0.1666666666666666,0.1666666666666666,0.1666666666666666,0.1666666666666666
76,76.0,0.1666666666666666,0.1666666666666666,0.1666666666666666,0.1666666666666666,0.1666666666666666,0.1666666666666666
77,77.0,0.1666666666666666,0.1666666666666666,0.1666666666666666,0.1666666666666666,0.1666666666666666,0.1666666666666666
78,78.0,0.1666666666666666,0.1666666666666666,0.1666666666666666,0.1666666666666666,0.1666666666666666,0.1666666666666666
79,79.0,0.1666666666666666,0.1666666666666666,0.1666666666666666,0.1666666666666666,0.1666666666666666,0.1666666666666666
80,80.0,0.1666666666666666,0.1666666666666666,0.1666666666666666,0.1666666666666666,0.1666666666666666,0.1666666666666666
81,81.0,0.1666666666666666,0.1666666666666666,0.1666666666666666,0.1666666666666666,0.1666666666666666,0.1666666666666666
82,82.0,0.1666666666666666,0.1666666666666666,0.1666666666666666,0.1666666666666666,0.1666666666666666,0.1666666666666666
83,83.0,0.1666666666666666,0.1666666666666666,0.1666666666666666,0.1666666666666666,0.1666666666666666,0.1666666666666666
84,84.0,0.1666666666666666,0.1666666666666666,0.1666666666666666,0.1666666666666666,0.1666666666666666,0.1666666666666666
85,85.0,0.1666666666666666,0.1666666666666666,0.1666666666666666,0.1666666666666666,0.1666666666666666,0.1666666666666666
86,86.0,0.1666666666666666,0.1666666666666666,0.1666666666666666,0.1666666666666666,0.1666666666666666,0.1666666666666666
87,87.0,0.1666666666666666,0.1666666666666666,0.1666666666666666,0.1666666666666666,0.1666666666666666,0.1666666666666666
88,88.0,0.1666666666666666,0.1666666666666666,0.1666666666666666,0.1666666666666666,0.1666666666666666,0.1666666666666666
89,89.0,0.1666666666666666,0.1666666666666666,0.1666666666666666,0.1666666666666666,0.1666666666666666,0.1666666666666666
90,90.0,0.1666666666666666,0.1666666666666666,0.1666666666666666,0.1666666666666666,0.1666666666666666,0.1666666666666666
91,91.0,0.1666666666666666,0.1666666666666666,0.1666666666666666,0.1666666666666666,0.1666666666666666,0.1666666666666666
92,92.0,0.1666666666666666,0.1666666666666666,0.1666666666666666,0.1666666666666666,0.1666666666666666,0.1666666666666666
93,93.0,0.1666666666666666,0.1666666666666666,0.1666666666666666,0.1666666666666666,0.1666666666666666,0.1666666666666666
94,94.0,0.1666666666666666,0.1666666666666666,0.1666666666666666,0.1666666666666666,0.1666666666666666,0.1666666666666666
95,95.0,0.1666666666666666,0.1666666666666666,0.1666666666666666,0.1666666666666666,0.1666666666666666,0.1666666666666666
96,96.0,0.1666666666666666,0.1666666666666666,0.1666666666666666,0.1666666666666666,0.1666666666666666,0.1666666666666666
97,97.0,0.1666666666666666,0.1666666666666666,0.1666666666666666,0.1666666666666666,0.1666666666666666,0.1666666666666666
98,98.0,0.1666666666666666,0.1666666666666666,0.1666666666666666,0.1666666666666666,0.1666666666666666,0.1666666666666666
99,99.0,0.1666666666666666,0.1666666666666666,0.1666666666666666,0.1666666666666666,0.1666666666666666,0.1666666666666666
100,100.0,0.1666666666666666,0.1666666666666666,0.1666666666666666,0.1666666666666666,0.1666666666666666,0.1666666666666666
101,101.0,0.1666666666666666,0.1666666666666666,0.1666666666666666,0.1666666666666666,0.1666666666666666,0.1666666666666666
102,102.0,0.1666666666666666,0.1666666666666666,0.1666666666666666,0.1666666666666666,0.1666666666666666,0.1666666666666666
103,103.0,0.1666666666666666,0.1666666666666666,0.1666666666666666,0.1666666666666666,0.1666666666666666,0.1666666666666666
104,104.0,0.1666666666666666,0.1666666666666666,0.1666666666666666,0.1666666666666666,0.1666666666666666,0.1666666666666666
105,105.0,0.1666666666666666,0.1666666666666666,0.1666666666666666,0.1666666666666666,0.1666666666666666,0.1666666666666666
106,106.0,0.1666666666666666,0.1666666666666666,0.1666666666666666,0.1666666666666666,0.1666666666666666,0.1666666666666666
107,107.0,0.1666666666666666,0.1666666666666666,0.1666666666666666,0.1666666666666666,0.1666666666666666,0.1666666666666666
108,108.0,0.1666666666666666,0.1666666666666666,0.1666666666666666,0.1666666666666666,0.1666666666666666,0.1666666666666666
109,109.0,0.1666666666666666,0.1666666666666666,0.1666666666666666,0.1666666666666666,0.1666666666666666,0.1666666666666666
110,110.0,0.1666666666666666,0.1666666666666666,0.1666666666666666,0.1666666666666666,0.1666666666666666,0.1666666666666666
111,111.0,0.1666666666666666,0.1666666666666666,0.1666666666666666,0.1666666666666666,0.1666666666666666,0.1666666666666666
112,112.0,0.1666666666666666,0.1666666666666666,0.1666666666666666,0.1666666666666666,0.1666666666666666,0.1666666666666666
113,113.0,0.1666666666666666,0.1666666666666666,0.1666666666666666,0.1666666666666666,0.1666666666666666,0.1666666666666666
114,114.0,0.1666666666666666,0.1666666666666666,0.1666666666666666,0.1666666666666666,0.1666666666666666,0.1666666666666666
115,115.0,0.1666666666666666,0.1666666666666666,0.1666666666666666,0.1666666666666666,0.1666666666666666,0.1666666666666666
116,116.0,0.1666666666666666,0.1666666666666666,0.1666666666666666,0.1666666666666666,0.1666666666666666,0.1666666666666666
117,117.0,0.1666666666666666,0.1666666666666666,0.1666666666666666,0.1666666666666666,0.1666666666666666,0.1666666666666666
118,118.0,0.1666666666666666,0.1666666666666666,0.1666666666666666,0.1666666666666666,0.1666666666666666,0.1666666666666666
119,119.0,0.1666666666666666,0.1666666666666666,0.1666666666666666,0.1666666666666666,0.1666666666666666,0.1666666666666666
120,120.0,0.1666666666666666,0.1666666666666666,0.1666666666666666,0.1666666666666666,0.1666666666666666,0.1666666666666666
121,121.0,0.1666666666666666,0.1666666666666666,0.1666666666666666,0.1666666666666666,0.1666666666666666,0.1666666666666666
122,122.0,0.1666666666666666,0.1666666666666666,0.1666666666666666,0.1666666666666666,0.1666666666666666,0.1666666666666666
123,123.0,0.1666666666666666,0.1666666666666666,0.1666666666666666,0.1666666666666666,0.1666666666666666,0.1666666666666666
124,124.0,0.1666666666666666,0.1666666666666666,0.1666666666666666,0.1666666666666666,0.1666666666666666,0.1666666666666666
125,125.0,0.1666666666666666,0.1666666666666666,0.1666666666666666,0.1666666666666666,0.1666666666666666,0.1666666666666666
126,126.0,0.1666666666666666,0.1666666666666666,0.1666666666666666,0.1666666666666666,0.1666666666666666,0.1666666666666666
127,127.0,0.1666666666666666,0.1666666666666666,0.1666666666666666,0.1666666666666666,0.1666666666666666,0.1666666666666666
128,128.0,0.1666666666666666,0.1666666666666666,0.1666666666666666,0.1666666666666666,0.1666666666666666,0.1666666666666666
129,129.0,0.1666666666666666,0.1666666666666666,0.1666666666666666,0.1666666666666666,0.1666666666666666,0.1666666666666666
130,130.0,0.1666666666666666,0.1666666666666666,0.1666666666666666,0.1666666666666666,0.1666666666666666,0.1666666666666666
131,131.0,0.1666666666666666,0.1666666666666666,0.1666666666666666,0.1666666666666666,0.1666666666666666,0.1666666666666666
132,132.0,0.1666666666666666,0.1666666666666666,0.1666666666666666,0.1666666666666666,0.1666666666666666,0.1666666666666666
133,133.0,0.1666666666666666,0.1666666666666666,0.1666666666666666,0.1666666666666666,0.1666666666666666,0.1666666666666666
134,134.0,0.1666666666666666,0.1666666666666666,0.1666666666666666,0.1666666666666666,0.1666666666666666,0.1666666666666666
135,135.0,0.1666666666666666,0.1666666666666666,0.1666666666666666,0.1666666666666666,0.1666666666666666,0.1666666666666666
136,136.0,0.1666666666666666,0.1666666666666666,0.1666666666666666,0.1666666666666666,0.1666666666666666,0.1666666666666666
137,137.0,0.1666666666666666,0.1666666666666666,0.1666666666666666,0.1666666666666666,0.1666666666666666,0.1666666666666666
138,138.0,0.1666666666666666,0.1666666666666666,0.1666666666666666,0.1666666666666666,0.1666666666666666,0.1666666666666666
139,139.0,0.1666666666666666,0.1666666666666666,0.1666666666666666,0.1666666666666666,0.1666666666666666,0.1666666666666666
140,140.0,0.1666666666666666,0.1666666666666666,0.1666666666666666,0.1666666666666666,0.1666666666666666,0.1666666666666666
141,141.0,0.1666666666666666,0.1666666666666666,0.1666666666666666,0.1666666666666666,0.1666666666666666,0.1666666666666666
142,142.0,0.1666666666666666,0.1666666666666666,0.1666666666666666,0.1666666666666666,0.1666666666666666,0.1666666666666666
143,143.0,0.1666666666666666,0.1666666666666666,0.1666666666666666,0.1666666666666666,0.1666666666666666,0.1666666666666666
144,144.0,0.1666666666666666,0.1666666666666666,0.1666666666666666,0.1666666666666666,0.1666666666666666,0.1666666666666666
145,145.0,0.1666666666666666,0.1666666666666666,0.1666666666666666,0.1666666666666666,0.1666666666666666,0.1666666666666666
146,146.0,0.1666666666666666,0.1666666666666666,0.1666666666666666,0.1666666666666666,0.1666666666666666,0.1666666666666666
147,147.0,0.1666666666666666,0.1666666666666666,0.1666666666666666,0.1666666666666666,0.1666666666666666,0.1666666666666666
148,148.0,0.1666666666666666,0.1666666666666666,0.1666666666666666,0.1666666666666666,0.1666666666666666,0.1666666666666666
149,149.0,0.1666666666666666,0.1666666666666666,0.1666666666666666,0.1666666666666666,0.1666666666666666,0.1666666666666666
150,150.0,0.1666666666666666,0.1666666666666666,0.1666666666666666,0.1666666666666666,0.1666666666666666,0.1666666666666666
151,151.0,0.1666666666666666,0.1666666666666666,0.1666666666666666,0.1666666666666666,0.1666666666666666,0.1666666666666666
152,152.0,0.1666666666666666,0.1666666666666666,0.1666666666666666,0.1666666666666666,0.1666666666666666,0.1666666666666666
153,153.0,0.1666666666666666,0.1666666666666666,0.1666666666666666,0.1666666666666666,0.1666666666666666,0.1666666666666666
154,154.0,0.1666666666666666,0.1666666666666666,0.1666666666666666,0.1666666666666666,0.1666666666666666,0.1666666666666666
155,155.0,0.1666666666666666,0.1666666666666666,0.1666666666666666,0.1666666666666666,0.1666666666666666,0.1666666666666666
156,156.0,0.1666666666666666,0.1666666666666666,0.1666666666666666,0.1666666666666666,0.1666666666666666,0.1666666666666666
157,157.0,0.1666666666666666,0.1666666666666666,0.1666666666666666,0.1666666666666666,0.1666666666666666,0.1666666666666666
158,158.0,0.1666666666666666,0.1666666666666666,0.1666666666666666,0.1666666666666666,0.1666666666666666,0.1666666666666666
159,159.0,0.1666666666666666,0.1666666666666666,0.1666666666666666,0.1666666666666666,0.1666666666666666,0.1666666666666666
160,160.0,0.1666666666666666,0.1666666666666666,0.1666666666666666,0.1666666666666666,0.1666666666666666,0.1666666666666666
161,161.0,0.1666666666666666,0.1666666666666666,0.1666666666666666,0.1666666666666666,0.1666666666666666,0.1666666666666666
162,162.0,0.1666666666666666,0.1666666666666666,0.1666666666666666,0.1666666666666666,0.1666666666666666,0.1666666666666666
163,163.0,0.1666666666666666,0.1666666666666666,0.1666666666666666,0.1666666666666666,0.1666666666666666,0.1666666666666666
164,164.0,0.1666666666666666,0.1666666666666666,0.1666666666666666,0.1666666666666666,0.1666666666666666,0.1666666666666666
165,165.0,0.1666666666666666,0.1666666666666666,0.1666666666666666,0.1666666666666666,0.1666666666666666,0.1666666666666666
166,166.0,0.1666666666666666,0.1666666666666666,0.1666666666666666,0.1666666666666666,0.1666666666666666,0.1666666666666666
167,167.0,0.1666666666666666,0.1666666666666666,0.1666666666666666,0.1666666666666666,0.1666666666666666,0.1666666666666666
168,168.0,0.1666666666666666,0.1666666666666666,0.1666666666666666,0.1666666666666666,0.1666666666666666,0.1666666666666666
169,169.0,0.1666666666666666,0.1666666666666666,0.1666666666666666,0.1666666666666666,0.1666666666666666,0.1666666666666666
170,170.0,0.1666666666666666,0.1666666666666666,0.1666666666666666,0.1666666666666666,0.1666666666666666,0.1666666666666666
171,171.0,0.1666666666666666,0.1666666666666666,0.1666666666666666,0.1666666666666666,0.1666666666666666,0.1666666666666666
172,172.0,0.1666666666666666,0.1666666666666666,0.1666666666666666,0.1666666666666666,0.1666666666666666,0.1666666666666666
173,173.0,0.1666666666666666,0.1666666666666666,0.1666666666666666,0.1666666666666666,0.1666666666666666,0.1666666666666666
174,174.0,0.1666666666666666,0.1666666666666666,0.1666666666666666,0.1666666666666666,0.1666666666666666,0.1666666666666666
175,175.0,0.1666666666666666,0.1666666666666666,0.1666666666666666,0.1666666666666666,0.1666666666666666,0.1666666666666666
176,176.0,0.1666666666666666,0.1666666666666666,0.1666666666666666,0.1666666666666666,0.1666666666666666,0.1666666666666666
177,177.0,0.1666666666666666,0.1666666666666666,0.1666666666666666,0.1666666666666666,0.1666666666666666,0.1666666666666666
178,178.0,0.1666666666666666,0.1666666666666666,0.1666666666666666,0.1666666666666666,0.1666666666666666,0.1666666666666666
179,179.0,0.1666666666666666,0.1666666666666666,0.1666666666666666,0.1666666666666666,0.1666666666666666,0.1666666666666666
180,180.0,0.1666666666666666,0.1666666666666666,0.1666666666666666,0.1666666666666666,0.1666666666666666,0.1666666666666666
181,181.0,0.1666666666666666,0.1666666666666666,0.1666666666666666,0.1666666666666666,0.1666666666666666,0.1666666666666666
182,182.0,0.1666666666666666,0.1666666666666666,0.1666666666666666,0.1666666666666666,0.1666666666666666,0.1666666666666666
183,183.0,0.1666666666666666,0.1666666666666666,0.1666666666666666,0.1666666666666666,0.1666666666666666,0.1666666666666666
184,184.0,0.1666666666666666,0.1666666666666666,0.1666666666666666,0.1666666666666666,0.1666666666666666,0.1666666666666666
185,185.0,0.1666666666666666,0.1666666666666666,0.1666666666666666,0.1666666666666666,0.1666666666666666,0.1666666666666666
186,186.0,0.1666666666666666,0.1666666666666666,0.1666666666666666,0.1666666666666666,0.1666666666666666,0.1666666666666666
187,187.0,0.1666666666666666,0.1666666666666666,0.1666666666666666,0.1666666666666666,0.1666666666666666,0.1666666666666666
188,188.0,0.1666666666666666,0.1666666666666666,0.1666666666666666,0.1666666666666666,0.1666666666666666,0.1666666666666666
189,189.0,0.1666666666666666,0.1666666666666666,0.1666666666666666,0.1666666666666666,0.1666666666666666,0.1666666666666666
190,190.0,0.1666666666666666,0.1666666666666666,0.1666666666666666,0.1666666666666666,0.1666666666666666,0.1666666666666666
191,191.0,0.1666666666666666,0.1666666666666666,0.1666666666666666,0.1666666666666666,0.1666666666666666,0.1666666666666666
192,192.0,0.1666666666666666,0.1666666666666666,0.1666666666666666,0.1666666666666666,0.1666666666666666,0.1666666666666666
193,193.0,0.1666666666666666,0.1666666666666666,0.1666666666666666,0.1666666666666666,0.1666666666666666,0.1666666666666666
194,194.0,0.1666666666666666,0.1666666666666666,0.1666666666666666,0.1666666666666666,0.1666666666666666,0.1666666666666666
195,195.0,0.1666666666666666,0.1666666666666666,0.1666666666666666,0.1666666666666666,0.1666666666666666,0.1666666666666666
196,196.0,0.1666666666666666,0.1666666666666666,0.1666666666666666,0.1666666666666666,0.1666666666666666,0.1666666666666666
197,197.0,0.1666666666666666,0.1666666666666666,0.1666666666666666,0.1666666666666666,0.1666666666666666,0.1666666666666666
198,198.0,0.1666666666666666,0.1666666666666666,0.1666666666666666,0.1666666666666666,0.1666666666666666,0.1666666666666666
199,199.0,0.1666666666666666,0.1666666666666666,0.1666666666666666,0.1666666666666666,0.1666666666666666,0.1666666666666666
200,200.0,0.1664285714285714,0.1664285714285714,0.1678571428571428,0.1664285714285714,0.1664285714285714,0.1664285714285714
201,201.0,0.1673833333333333,0.1659547619047619,0.168797619047619,0.1659547619047619,0.1659547619047619,0.1659547619047619
202,202.0,0.1681521190476191,0.1665592619047619,0.1693608333333333,0.1653092619047619,0.1653092619047619,0.1653092619047619
203,203.0,0.167239885952381,0.1683543859523809,0.1696622130952381,0.1644383145238095,0.1644383145238095,0.165866885952381
204,204.0,0.1663238582595238,0.1701316918309524,0.169939213702381,0.1635874596880953,0.1635874596880953,0.1664303168309524
205,205.0,0.1647426325712027,0.1725513325427006,0.1695205599296313,0.1620922535569171,0.1620922535569171,0.1690009678426313
206,206.0,0.1642538183363577,0.1749163483774957,0.1689052811452163,0.1604573607136435,0.1604573607136435,0.1710098307136434
207,207.0,0.163649887948815,0.177069662775796,0.1680021291460831,0.1598460352658533,0.1587349241547422,0.1726973607087104
208,208.0,0.1630733923277198,0.1791359127372682,0.1670989227736949,0.1592870337284761,0.157075922617365,0.1743288158154761
209,209.0,0.1625273529526383,0.1811031422059801,0.1662046995291011,0.1587807137258444,0.1554906026147332,0.1758934889717029
210,210.0,0.1632046607831962,0.1827234856984256,0.1650894080938729,0.1580887750664146,0.1537493539553035,0.1771443164027873
211,211.0,0.1635476365919524,0.1840511426630211,0.1638220224871403,0.1572724132881752,0.1519208962770641,0.179385888692647
212,212.0,0.1636299346166504,0.185123930579731,0.1624522513789465,0.156374059717615,0.1500540604555039,0.1823657632515533
213,213.0,0.1637267996554491,0.1860816084741768,0.1611290310305196,0.1555358970696715,0.1482963526631704,0.1852303111070126
214,214.0,0.1638358063565504,0.1869261105696404,0.1598609385693671,0.1547602878785626,0.1466544371750644,0.1879624194508151
215,215.0,0.1641332219152843,0.1865888808536369,0.1588337135599445,0.1556558757476588,0.1453117253442157,0.1894765825792597
216,216.0,0.1644365170045862,0.1861557505187587,0.1578728272214589,0.15660015652082,0.1440910096374926,0.1908437390968836
217,217.0,0.1648809596093949,0.1857795298191309,0.1585090323279791,0.1566065958776859,0.1431311864884388,0.1910926958773703
218,218.0,0.1651444191235404,0.1864047185696535,0.1590226862553679,0.1562867707091745,0.1421121934442064,0.1910292118980573
219,219.0,0.1652136992208797,0.1865352876302085,0.1593922475421968,0.1568807821873773,0.1411214773846878,0.19085650603465
220,220.0,0.1651510092400543,0.1864631549077773,0.1596719140375878,0.1571465784095432,0.1411186118709313,0.1904487315341062
221,221.0,0.1638344305144316,0.1861558889941629,0.1614107074100447,0.1574294714539056,0.1424699890183497,0.1886995126091055
222,222.0,0.1623886288168586,0.1840944409469848,0.1641318349746445,0.1575860338189124,0.1436238930115735,0.1881751684310262
223,223.0,0.1606485241440458,0.1816930974283252,0.1673507250523998,0.1586848726313887,0.1445210718086297,0.1871017089352109
224,224.0,0.1575147403623546,0.1790777753547693,0.1722414416655635,0.1609146958937236,0.145347150176425,0.184904196547164
225,225.0,0.1541547936158151,0.1784203289471425,0.1764668843219674,0.1627863797698776,0.1459111391046665,0.182260474240531
226,226.0,0.150782856464057,0.1776893398824062,0.1810044943075549,0.1646077549330646,0.1463913214194043,0.1795242329935131
227,227.0,0.1475368327941378,0.1769042593838605,0.1857460226239354,0.1662801867813068,0.1467959834295883,0.1767367149871712
228,228.0,0.1441906734153701,0.1759224118483336,0.19005950931101,0.1690771020549696,0.1469735686108072,0.1737767347595096
229,229.0,0.141113250317823,0.1752098003913868,0.1953811316013463,0.171008876909568,0.1462704056195422,0.1710165351603337
230,230.0,0.1382084641043501,0.1745466275197316,0.2004568597117149,0.171414136209891,0.1468316009029543,0.1685423115513581
231,231.0,0.1354880989486787,0.1739345811035552,0.2052605257790089,0.1718252324197634,0.1473020674650555,0.1661894942839383
232,232.0,0.1328498052854741,0.1731524467392495,0.2096046326801961,0.1720381244809029,0.1484966310286956,0.1638583597854818
233,233.0,0.1302087674491304,0.1722220631122789,0.213118190989371,0.1737089654260329,0.1492749533521014,0.1614670596710854
234,234.0,0.1277743625430172,0.1702391401817609,0.216320273828797,0.1764017476837986,0.150036259951447,0.1592282158111793
235,235.0,0.1254391602120614,0.1682176499962442,0.2190988968059436,0.1786540159670257,0.1515524171109226,0.1570378599078025
236,236.0,0.1233165922220568,0.1662816641830838,0.2215686196772672,0.1807872989903357,0.1530327782029206,0.1550130467243357
237,237.0,0.1214066208188085,0.1644419921631758,0.223735635224637,0.1827921624494872,0.1544661192232687,0.1531574701206228
238,238.0,0.1197070860576732,0.162707399277394,0.2256085440249746,0.1846613996663045,0.1558428087689285,0.1514727622047253
239,239.0,0.118213939622051,0.1610847235411835,0.2281980276649798,0.1853898808928528,0.157154745091912,0.1499586831870207
240,240.0,0.1168305650528377,0.1594880909060404,0.2303247156424677,0.1858025787340755,0.1590316477876209,0.1485224018769578
241,241.0,0.1154814298937124,0.1580514648601211,0.2320422435062014,0.1859584794682905,0.1613713579142624,0.1470950243574122
242,242.0,0.1143207880327289,0.1567383060438781,0.2334958641401339,0.1860005950997513,0.163612947031829,0.1458314996516787
243,243.0,0.1133413965586829,0.1555493993225063,0.2346974320609063,0.1859398829824186,0.1657438113500525,0.1447280777254335
244,244.0,0.1125349243476209,0.1544842085537322,0.2356601368606266,0.1857872330123452,0.1677537147056851,0.14377978251999
245,245.0,0.1118921441953553,0.1535410140499838,0.236398237803403,0.1855533654745058,0.1696346541614294,0.1429805843153227
246,246.0,0.1114788722732867,0.1527928057055536,0.2379874203261081,0.1854002559525707,0.169941322773323,0.1423993229691581
247,247.0,0.113020993244596,0.1515395979163216,0.2376334706186448,0.1858221807013856,0.169641608171476,0.1423421493475761
248,248.0,0.1146759504835867,0.1504022312327659,0.2370990429362031,0.1861839509085649,0.1692328804055304,0.142405944033349
249,249.0,0.1164159107911007,0.1493804952111544,0.2364075293531054,0.1864879643262004,0.1687301280695556,0.1425779722488836
250,250.0,0.1181139641562005,0.1484730441455088,0.2355815535952481,0.1867369564990701,0.1681477811439141,0.1429467004600585
251,251.0,0.1198361086182644,0.1476603523337173,0.2346256499205142,0.1869137376097198,0.1674834609406674,0.1434806905771169
252,252.0,0.1215617415257657,0.1469396936307986,0.2336600029206148,0.1870221407912489,0.1667507118599956,0.1440657092715765
253,253.0,0.1232723025507465,0.146307718177581,0.2327018498822435,0.1870663278808558,0.1659624307413294,0.1446893707672439
254,254.0,0.1253035857633996,0.1461176379796843,0.2302102400201626,0.1865015691341238,0.164918758740757,0.1469482083618728
255,255.0,0.127296387931013,0.1460203461317371,0.2276929805699094,0.1859057703585176,0.1638602171210204,0.1492242978878026
256,256.0,0.1292232070918685,0.1459913554874505,0.22525681155958,0.1852689568037708,0.1627836488675053,0.1514760201898248
257,257.0,0.1310704508052817,0.1460228188874196,0.222828212758248,0.1859462143465791,0.1617003922597891,0.1524319109426825
258,258.0,0.1328376863297214,0.1461226593402692,0.2204475167177917,0.1866046284249853,0.1606353915671808,0.1533521176200516
259,259.0,0.1345951622087607,0.1463583820615241,0.2165742995630876,0.1874020866572328,0.1597646373722618,0.155305432137133
260,260.0,0.1363858893256834,0.1466789401681618,0.2128771337520353,0.1880454528436975,0.1588696581622883,0.1571429257481338
261,261.0,0.138070251311016,0.1470432093531235,0.209306003304092,0.188656138204623,0.1580134005998925,0.158910997227253
262,262.0,0.1394916903458636,0.1472892983896618,0.2056811809005318,0.1889350109381345,0.1570475593475915,0.161555260078217
263,263.0,0.1407218424001491,0.1474892965108551,0.2029086537209751,0.1889518545801031,0.1559789322088978,0.16394942057902
264,264.0,0.1417716139054651,0.1484191228503358,0.2002184314027984,0.1887449413655012,0.1548366425519963,0.1660092479239034
265,265.0,0.1426400428870783,0.1492372798557201,0.1975334122111036,0.1890430712066738,0.1537237210020416,0.1678224728373828
266,266.0,0.1433485354199663,0.1506303224360828,0.1949033333032398,0.189124131954837,0.1525811506933583,0.169412526192516
267,267.0,0.1438377462554188,0.1519014347827257,0.1932553506462516,0.1889582262610165,0.1513979253795091,0.1706493166750785
268,268.0,0.1445421717722851,0.1523564480019034,0.1921251947590818,0.187978059032698,0.1506074031316096,0.1723907233024223
269,269.0,0.1465761033901122,0.1527867075884566,0.1911866702379059,0.1869891438099002,0.1498925045798294,0.1725688703937958
270,270.0,0.1485005368969116,0.1531903863097821,0.1904299991913362,0.1860022445442992,0.1492528163400745,0.1726240167175967
271,271.0,0.150216268677809,0.1534751963742802,0.1904809266187415,0.1848452104510129,0.1485963051726307,0.172386092705526
272,272.0,0.1513759293365032,0.153477665724478,0.1910371877274545,0.1846301751372926,0.1477587076594306,0.1717203344148413
273,273.0,0.1524131397682381,0.1534548998421996,0.1917261280966989,0.1844371670003968,0.1469954045140779,0.1709732607783889
274,274.0,0.1533297728913923,0.1534096499095154,0.1925275903967292,0.184265913404012,0.1463065993312413,0.17016047406711
275,275.0,0.1538509423278145,0.1532057279419039,0.1943945300336886,0.1838381736522732,0.1455528414776088,0.1691577845667112
276,276.0,0.1546895541803851,0.1524146117911055,0.1937553013060861,0.1838624451868045,0.1453017352273677,0.1699763523082512
277,277.0,0.1554197638032494,0.1516172177512325,0.1931811990519396,0.1830742365445862,0.145119812196967,0.1715877706520257
278,278.0,0.1560451093231492,0.150822147551591,0.1926714516464449,0.1823126778297152,0.1450019732947266,0.1731466403543733
279,279.0,0.1572047443301026,0.1503545798276147,0.1914310702851411,0.1807890688429548,0.1452604488143133,0.1749600878998737
280,280.0,0.1581981123898037,0.14983662315916,0.1907085258402258,0.1792450338515447,0.1455052057085316,0.1765064990507345
281,281.0,0.1590895988240729,0.1493361883150515,0.190055413910663,0.1777557481135563,0.1457928605786684,0.1779701902579881
282,282.0,0.1598804769311108,0.1488565274612957,0.1894713223642132,0.1763306295610272,0.1468854778476614,0.1785755658346918
283,283.0,0.1605179537076251,0.1483454147524499,0.189339805462645,0.1749225676059917,0.1478894373007372,0.1789848211705512
284,284.0,0.1610128260207344,0.1478129380029431,0.1889374337309987,0.1735457687100825,0.1488072281286197,0.1798838054066218
285,285.0,0.1610601198793625,0.1469522726700506,0.1882381735124557,0.1718965888420602,0.1506168607141209,0.1812359843819503
286,286.0,0.1608866598729108,0.1459873839479796,0.1874612459404308,0.1713124086914672,0.1522685942381635,0.1820837073090482
287,287.0,0.1612245893212853,0.1450216763962021,0.1864555203593258,0.1707759034213997,0.1538033679383197,0.1827189425634675
288,288.0,0.1600658185559481,0.1441023889732065,0.1869450052544312,0.1703251705965059,0.1552925300599766,0.1832690865599319
289,289.0,0.158857319591638,0.1432340725403445,0.1874895704434605,0.1699561403005173,0.1567257501397675,0.1837371469842722
290,290.0,0.1576161502378955,0.1424203131629314,0.1880782622451312,0.1696643325835034,0.1580942901810811,0.1841266515894574
291,291.0,0.1563579892272012,0.1416637927291964,0.1887007810801622,0.1694449432647368,0.159390932787352,0.1844415609113513
292,292.0,0.1554145776528175,0.1427123842951408,0.1896649793743278,0.1684992736039297,0.1609273615934821,0.182781423480302
293,293.0,0.1547666219396045,0.1439478929429395,0.1908817175284429,0.1677679248154107,0.1626669809441714,0.1799688618294309
294,294.0,0.1541314406739619,0.1452094641856213,0.1920972280211255,0.1671069706075283,0.1643124602068417,0.1771424363049213
295,295.0,0.153514108223789,0.146481876051271,0.1932994785135919,0.1665159810642979,0.1658567585976682,0.1743317975493819
296,296.0,0.1529190130320406,0.1477513203589355,0.194477772500939,0.1659938696146865,0.1672945512199271,0.1715634732734712
297,297.0,0.1523498823247917,0.1490053994213366,0.1956227226938054,0.1655389695638283,0.1686221107242524,0.1688609152719855
298,298.0,0.1518098109606649,0.1502331089723766,0.1967262139697104,0.1651491087723567,0.1698371848273944,0.166244572497497
299,299.0,0.1519850544027499,0.1517666892095615,0.1964993060255399,0.1651635622641278,0.1705115209010894,0.1640738671969314
300,300.0,0.1521869441206201,0.1532525249542128,0.1962311540165892,0.1652340617682076,0.1710770647721607,0.1620182503682096
301,301.0,0.1523671457958674,0.1547479926155975,0.1972023733932354,0.1641717580057846,0.1713565005396201,0.1601542296498949
302,302.0,0.1525653119302874,0.1561764600397143,0.1981328862517238,0.1631648400554191,0.17153993037044,0.1584205713524153
303,303.0,0.1526467120356662,0.1574946282903344,0.1980888866867138,0.1622297432773138,0.1708375015123572,0.1587025281976145
304,304.0,0.1513114944281399,0.1587324884594441,0.1994325516504912,0.1613579222363093,0.1700626812656998,0.1591028619599156
305,305.0,0.1500003873407886,0.1598856927535035,0.200725963754825,0.1605517675691057,0.1692304569717919,0.1596057316099853
306,306.0,0.1487240907924682,0.160951174717077,0.2019612141646164,0.1598127741849949,0.1683548912782975,0.160195854862546
307,307.0,0.1474918866947588,0.1619270517635773,0.2031317665452216,0.1591416158895087,0.1674490739821104,0.1608586051248231
308,308.0,0.1463116878435765,0.1628125256142469,0.2042323851757533,0.1585382207567395,0.1665250884164617,0.1615800921932222
309,309.0,0.145011524274209,0.1634292104215906,0.2049019143877705,0.1578232749931719,0.1666654198353825,0.1621686560878755
310,310.0,0.1428882194909937,0.164069643638693,0.2034704186246554,0.1585369085163468,0.1681312808452743,0.1629035288840367
311,311.0,0.14056754288537,0.1643472683146295,0.2026817597859967,0.1588874603956915,0.1702699043213856,0.1632460642969265
312,312.0,0.1383424384056348,0.1645455890567573,0.2018545407677355,0.1592827332767957,0.1723676277823333,0.1636070707107433
313,313.0,0.1362255998839967,0.1646705530510359,0.2010008897780146,0.1597143023306723,0.1744075639950242,0.1639810909612561
314,314.0,0.1341162579987512,0.1646171352211964,0.2020208754127661,0.1600631111383942,0.1749306478777128,0.1642519723511792
315,315.0,0.1318966612670163,0.1642656126898538,0.2042074103436714,0.1601958523984044,0.175145238586477,0.164289224714577
316,316.0,0.1297234077641349,0.1637726877758484,0.2069869093567411,0.1602561820762506,0.1750215979731802,0.1642392150538447
317,317.0,0.1278343027729575,0.1633781370372936,0.2088662204475675,0.1604714451040778,0.1749791290105049,0.1644707656275986
318,318.0,0.125978253198827,0.1623421776807488,0.2109052217922168,0.1618233927995435,0.1744905868467559,0.164460367681908
319,319.0,0.1242592641500237,0.1612726190385179,0.2128263198541606,0.1631479017036658,0.1740619424966051,0.1644319527570268
320,320.0,0.1236675876755587,0.1608911846962484,0.213534785397121,0.1630680618822095,0.1745724718235525,0.1642659085253097
321,321.0,0.1231102981716316,0.1603967654562559,0.2139225747953445,0.163863995494836,0.1747148188332854,0.1639915472486465
322,322.0,0.1226895298362279,0.1599056040007125,0.2129678777693225,0.1658901658620107,0.174824378287428,0.1637224442442983
323,323.0,0.1231584644984755,0.1594626902061328,0.212111207103457,0.1677318229581424,0.1741104040540686,0.1634254111797237
