,Unnamed: 0,Generation,Intertwine_two,Add_vertex,Delete_vertex,Invert_path_vertices,Insert_inside_vertex,Delete_inside_vertex,Replace_inside_vertex,Donate_between_routes,Trim_one_terminal_cb,Grow_one_terminal_cb
0,0.0,0.0,0.09999999999999999,0.09999999999999999,0.09999999999999999,0.09999999999999999,0.09999999999999999,0.09999999999999999,0.09999999999999999,0.09999999999999999,0.09999999999999999,0.09999999999999999
1,1.0,0.10900000000000001,0.10185073652603244,0.09888439053433012,0.09772425197565719,0.1003752364527025,0.10061050843371275,0.10008193712615467,0.1011907963056132,0.09890674493867024,0.10020958402054733,0.10016581368657947
2,2.0,0.31601,0.10250542146566136,0.09825824076053152,0.09474804735381971,0.1008730962002561,0.10089781703529832,0.10168442293041233,0.1018907626694651,0.09826742697202706,0.10032670080439729,0.10054806380813112
3,3.0,0.6191589000000001,0.10338757573655574,0.0970969890640266,0.09161513602258618,0.10111782458494101,0.10116149798076093,0.10212786320390696,0.10316677887577583,0.09809076034323268,0.10084263562757874,0.10139293856063522
4,4.0,1.015801321,0.10409794961577386,0.0959712411073211,0.08959869672447637,0.10111143977911957,0.10148120719877526,0.10245026569881001,0.1040454687310523,0.09744839591919985,0.10138882009276406,0.1024065151327075
5,5.0,1.50262148669,0.10406252676302773,0.09444655693773271,0.08784378888014233,0.10092055529368066,0.10083608089323007,0.1029264488777013,0.10608269040414306,0.09665155173881342,0.10351132700699543,0.10271847320453315
6,6.0,2.0757334209441005,0.10334759298040527,0.09397581296535928,0.08587083477735359,0.10140450280190949,0.10137166558670667,0.1040211506440341,0.10769421453376031,0.09579134610727065,0.10422250432155765,0.10230037528164282
7,7.0,2.7307768275633495,0.10340091288993422,0.09291201986971835,0.08270663421127893,0.1014873221399799,0.10217443480050695,0.1058207129149223,0.1085213382978603,0.09437513803734292,0.10631821964833824,0.10228326719011774
8,8.0,3.4630081252450404,0.10422147979422362,0.09255320765626156,0.07989877501243614,0.10081467945580667,0.10134245973788128,0.10686769126411866,0.10996889252104805,0.09411399785454369,0.10777641686543295,0.10244239983824721
9,9.0,4.2673862119061114,0.10472072637161883,0.09167454192074698,0.07817893389672073,0.09977898722581481,0.10095577474146619,0.10845483869838583,0.11071824234127972,0.09399794110740552,0.10929633481053891,0.10222367888602231
10,10.0,5.138652627782014,0.10522378100983285,0.090522442924786,0.07632450652317718,0.09999618503073611,0.09993726205279535,0.10968230756019469,0.11094171357413131,0.09412440041860015,0.11066661637598404,0.1025807845297621
11,11.0,6.071405875792507,0.10524733171281153,0.09009311335039187,0.07508031366667348,0.09939537498542844,0.0995253021087252,0.11104666737579047,0.11110150759473349,0.09379128598794556,0.11145418060562717,0.10326492261187256
12,12.0,7.060169740244025,0.10520335122159544,0.09032990630376343,0.07353930047361641,0.09849799477754866,0.09936735033367916,0.11234036336051942,0.11191229440126539,0.0936223970163683,0.11293864368259636,0.10224839842904718
13,13.0,8.099455520847952,0.10478898777177303,0.09015468252525542,0.07274189167792043,0.09803462062450422,0.09817441464875143,0.11483889680324892,0.11179188414409442,0.09454963996926993,0.11361103795240568,0.10131394388277627
14,14.0,9.183818168183006,0.1058943436459101,0.08947247274761182,0.06973520915762466,0.09759064338712253,0.09694329135624691,0.11656586743460673,0.11344934434906459,0.09498482234878641,0.11492611329575986,0.10043789227726613
15,15.0,10.307906369102724,0.10596529987776272,0.08848509091072751,0.06796577152008425,0.097576747137995,0.09540563258658745,0.11931641922199666,0.11322942609692532,0.09441143741851617,0.11622684936193975,0.10141732586746488
16,16.0,11.466506686239443,0.10696409176989177,0.08794075898567771,0.06590644004666796,0.09773686086411372,0.09556261554995156,0.11951027637274661,0.11335087590780586,0.09396932950512198,0.11752232983737478,0.10153642116064773
17,17.0,12.654581904800096,0.10778649517597216,0.08674733219724372,0.06417434989585219,0.09841595895058011,0.0944087589219989,0.11997761095572027,0.1134827971272765,0.09399798264074202,0.11904163259502047,0.10196708153959338
18,18.0,13.867303782456686,0.10805057108799236,0.0863529721494477,0.06240994440588948,0.09974466665647366,0.09368514585458862,0.11997208683295553,0.1124594433576151,0.09397472355732657,0.12112670517547208,0.10222374092223865
19,19.0,15.100080434523047,0.10817354488120232,0.08675965788960208,0.061431821683810416,0.09984250894335997,0.09250063844847507,0.12031085474528004,0.11249380008874516,0.0943752346788837,0.12124116759533822,0.10287077104530275
20,20.0,16.348578617037543,0.10899414854195708,0.08584573677256128,0.06029332131597224,0.10072244051550816,0.09112549568216445,0.12122671187381615,0.1115587732806401,0.09501546982819711,0.12299551856042919,0.10222238362875394
21,21.0,17.608741195130214,0.11003713440355586,0.08588023701750405,0.05994884103124436,0.10039704541020404,0.08920053209183888,0.12177279455763762,0.11024189845349845,0.09539833715185611,0.12461925372070658,0.10250392616195375
22,22.0,18.876800103462312,0.11055012755181678,0.08523533223395033,0.05892012547634693,0.10088123443775053,0.08750584186555493,0.12302750772636632,0.10970067105048248,0.09519450649296907,0.1267901642546651,0.10219448891009725
23,23.0,20.14928511992658,0.10944724006248921,0.08519525055430165,0.05779095837808094,0.10118012809111732,0.08751858736154079,0.12352433717340987,0.1089174138378241,0.0947474069635417,0.12855770979831993,0.10312096777937424
24,24.0,21.423028783545156,0.10847690821029923,0.08546069756750822,0.057307450788550186,0.10032544356716196,0.08655395974286825,0.12373538375761423,0.10885072555886365,0.09475238197321023,0.13010500192384666,0.10443204691007711
25,25.0,22.695167792966423,0.10773299545122747,0.08532341398213528,0.05814736714969693,0.10096277853354403,0.08535650664250063,0.12472891358539472,0.1079476591122066,0.09472534054956869,0.13076628115062772,0.10430874384309766
26,26.0,23.963141223515898,0.10584892667090523,0.08462154384598505,0.05740840988024029,0.10196853199347541,0.08522479971594278,0.12647112261415033,0.10763060828951443,0.09473679021442824,0.13139436881957378,0.10469489795578417
27,27.0,25.224685898775267,0.10549170977919095,0.08440821252770953,0.057215868641529694,0.10202392312956352,0.08431594930663458,0.12750893316010284,0.10637065086086721,0.09492111433006177,0.13249908728398155,0.10524455098035812
28,28.0,26.477829247520948,0.10512119194080803,0.08404232980836382,0.05709947874452363,0.10030541882485344,0.08407892192206189,0.12892373533608692,0.10534592913691605,0.09600925833798966,0.13395416840804147,0.10511956754035484
29,29.0,27.720879968916847,0.10433558544542831,0.0836768802276077,0.05809308712180623,0.09962501682020111,0.08487900633060452,0.12964001229692335,0.10502102407188972,0.0962625775589058,0.13461436548734385,0.10385244463928917
30,30.0,28.95241681848399,0.10259943895903151,0.08364481295495901,0.05978937204730411,0.0986131103227406,0.08443728558847055,0.13063808687531497,0.10498328257319237,0.09539691958229451,0.13639644685823968,0.10350124423845247
31,31.0,30.17127581490958,0.10137086311735823,0.08250954963035552,0.06094379061130472,0.09821430412070911,0.08359141588376702,0.1320738154880828,0.10469221905211794,0.09443168700354321,0.1374396003419825,0.10473275475077878
32,32.0,31.376536153543515,0.10091186753907565,0.08304634503373033,0.06214348303274561,0.09723481078069438,0.08320149805409455,0.13325734440603998,0.10411036522492566,0.09364478419478686,0.13800587452122925,0.10444362721267757
33,33.0,32.567505096778625,0.09920536174417395,0.08310861212976735,0.0641492548668117,0.09648219601846064,0.08261752335658155,0.13437769749548456,0.10370005279482014,0.09396000421156811,0.13877877119414478,0.10362052618818704
34,34.0,33.74370209472243,0.09951242069977458,0.08290275097970343,0.06434698024895397,0.09635066231369555,0.08177057082126758,0.13578982407951154,0.1035754063890702,0.09401781552663432,0.13849847364164553,0.10323509529974315
35,35.0,34.90484237192463,0.0991178511055671,0.08322586085244128,0.06365804931073717,0.09642696877610088,0.08153309524237923,0.13657992410747416,0.10332629394248538,0.09415039136848649,0.13814906352856807,0.10383250176576009
36,36.0,36.05082019768737,0.09829236598394617,0.08353842314067272,0.0645770862899535,0.09620361311446742,0.08238060155314282,0.13686009207257208,0.1024696257740943,0.0950068472414756,0.13698417202414379,0.10368717280553146
37,37.0,37.18169203889697,0.09807234573728146,0.08374397115111085,0.06414970300402606,0.09542361558077893,0.08241866998210545,0.1376415940888139,0.10236060358826557,0.09496489141470017,0.13833712939608783,0.10288747605682957
38,38.0,38.29765977559663,0.09815192725738246,0.08386784170262794,0.06533596481034598,0.09457694257699596,0.08273479155384947,0.1374956373271264,0.10101656796381578,0.09527637309968412,0.13866731822615425,0.10287663548201748
39,39.0,39.399054140870355,0.09916822490871174,0.08329355090837352,0.06479026859501733,0.09385751797324847,0.08286165204622425,0.1382640948110439,0.10074920924891713,0.09450357640038788,0.13932872847611735,0.10318317663195824
40,40.0,40.48631852820801,0.09838946232066603,0.08268738906556511,0.06689799928391689,0.09248955681901204,0.0829280790718033,0.13928544274879878,0.10080694623249203,0.09421684423665505,0.14016904268325933,0.10212923753783125
41,41.0,41.55999329152982,0.09884719596145655,0.08293474194312914,0.06758660291377652,0.09131391660010328,0.08310070405049887,0.1390430055604038,0.10018274434218476,0.0938130034488869,0.14037181051501602,0.10280627466454402
42,42.0,42.62070064560415,0.09838821467641055,0.08317828164445858,0.06702167645256044,0.09260487668285092,0.08134477491929172,0.139002965827224,0.10027159240416658,0.09336985403703858,0.14157941290382653,0.10323835045217195
43,43.0,43.669130257815,0.0975602836935244,0.08271173700390265,0.06581587859985685,0.09299695813546864,0.08096136027317297,0.13912786319169232,0.10052046110120436,0.09531011069782455,0.14237850995262047,0.10261683735073263
44,44.0,44.70602560622662,0.09608389847941762,0.08255473228705519,0.06639175429211006,0.0939920223059057,0.0815250811638313,0.14004992226546356,0.10054773445979925,0.09482360417456696,0.14216163605200613,0.10186961451984407
45,45.0,45.73217116373481,0.0954006329031136,0.08281241610826354,0.06682947609351814,0.0936098811496365,0.08106043419254483,0.13980452191955534,0.10115158199956592,0.09414156456835825,0.14180625654708856,0.10338323451835521
46,46.0,46.748380453854836,0.09524436504567659,0.08161541750580677,0.06567949251806593,0.0941251102663121,0.08163363847119363,0.14030501292508757,0.10128149763805452,0.09388910764970831,0.1430712798008874,0.10315507817920702
47,47.0,47.755485010424316,0.0952542639598682,0.08288573622521761,0.06706316552819515,0.09379599366018898,0.08250049684809836,0.13899279764899447,0.10050855435278913,0.0930937769032348,0.14369571357705593,0.10220950129635727
48,48.0,48.7543242612326,0.09525496584149154,0.08340744557417759,0.06757809878667138,0.09317478487640186,0.08272823744402327,0.1401050243556655,0.099241498053729,0.09328805659018408,0.14272921460086455,0.10249267387679115
49,49.0,49.745736344347726,0.09381096311073403,0.08398276681275037,0.06783839671938019,0.09190866933690398,0.08381889886146986,0.1399624111062845,0.0996754498545616,0.09334610847417336,0.14244381091591793,0.10321252480782409
50,50.0,50.730549855707864,0.09516205035283426,0.08355453717456862,0.06852839890495936,0.09202660250699707,0.08434318893710728,0.13990595319938862,0.09991575103644051,0.0924818334961779,0.14096111317952753,0.1031205712119987
51,51.0,51.70957651737491,0.09547469151484693,0.08345312655025593,0.0688869468892813,0.09318195436399182,0.08448345233911893,0.14004230425907277,0.100684752182027,0.09228558344896882,0.13993960306301204,0.10156758538942436
52,52.0,52.68360474770151,0.09577439632067662,0.08388908125818983,0.0692709543663366,0.09246538077669778,0.08465055980443698,0.13972930217725862,0.1011424828460997,0.09198966463328657,0.14004519497848525,0.10104298283853191
53,53.0,53.65339410751842,0.09540409699947872,0.08418539337970628,0.06955376300428913,0.09306746877143905,0.08453984741631766,0.13954915438657628,0.1018151884662498,0.09173542746206567,0.13965623613211453,0.10049342398176273
54,54.0,54.61967059027847,0.09410369613403101,0.0836608026345371,0.06987450486823805,0.09355238009115437,0.08590639865145015,0.13946248065815542,0.10300668691215188,0.09139761492655248,0.1388877435398241,0.10014769158390525
55,55.0,55.58312271885972,0.09423442139040543,0.08502398045667657,0.07108512286127042,0.0922367251511623,0.08607020145392884,0.13822777396581562,0.10232092153198022,0.09192110559584013,0.13949073074920817,0.0993890168437121
56,56.0,56.544398407394254,0.09406017910714784,0.08519334702181999,0.07127678367248302,0.09281894779758902,0.08595222995588901,0.13709605256568008,0.10205804136517166,0.09214085037352607,0.13882951957095438,0.10057404856973877
57,57.0,57.504102543001395,0.09338647081154454,0.08610790917426678,0.07116859827600441,0.0928546685332801,0.08605289568304474,0.13690587819371275,0.10145485437756344,0.09266067215422166,0.13864621320309042,0.10076183959327101
58,58.0,58.462795239617805,0.09398389573729732,0.08704030261999186,0.07224091449839148,0.09268288347005044,0.08510245662450597,0.13669458031015733,0.10252058230434259,0.0916839486857088,0.13770321450842504,0.10034722124112899
59,59.0,59.42099071417639,0.09418339260072006,0.08798253147423349,0.07141100027018049,0.09174470940966455,0.08565286346544362,0.13753295131038626,0.10248514952969053,0.09074188713091504,0.1374575252595683,0.10080798954919754
60,60.0,60.379156734137354,0.09460625955379574,0.09029996986464577,0.0724709242905557,0.09134436435419514,0.08497200821575131,0.13712352702613312,0.1024414528802827,0.09001668248768689,0.1369814852084127,0.09974332611854084
61,61.0,61.337714584760846,0.09541055608933093,0.09158307496289157,0.07220357592754038,0.09244078130409475,0.08451189950411814,0.13748002038971782,0.10213936030946286,0.08914794898791928,0.1353082234844758,0.09977455904044834
62,62.0,62.29703950447439,0.0951626442791009,0.09173484350049178,0.0718918932844569,0.0928437610680981,0.08436618955365996,0.1369862759873783,0.10207053016228712,0.08923336720988005,0.13639284437867016,0.09931765057597655
63,63.0,63.257461537171835,0.09424581308435932,0.09250453037110676,0.07169317123578778,0.0932961415532281,0.08419285586543479,0.13743795930550942,0.10165142669437886,0.08967985662822768,0.13625761064580827,0.0990406346161588
64,64.0,64.21926675122782,0.09542249832331093,0.09250314058300603,0.0713162046772357,0.09314662855908372,0.0842054109396681,0.13733013006253292,0.10233727536090925,0.08962552453339222,0.13544601686839441,0.0986671700924665
65,65.0,65.18269877636592,0.09588354369947646,0.09169615940568496,0.07055051075217161,0.09320218647497876,0.0856913448245729,0.13652738014276258,0.10149482477300219,0.09030302267904465,0.13537060474650706,0.09928042250179864
66,66.0,66.14796061122655,0.09545194806217155,0.0918402708709123,0.06966402157464986,0.09288846700852245,0.08549719386941397,0.1360105476127416,0.10209968776175879,0.09095114709840851,0.13512147360967233,0.10047524253174842
67,67.0,67.11521665648885,0.09557825172705717,0.09246718962111779,0.07028944094515463,0.09414444681721956,0.08486641396845117,0.13514716573652277,0.10228553605082925,0.08985419154793539,0.13427672675409172,0.1010906368316203
68,68.0,68.08459493066005,0.09545548780057354,0.09220383342800811,0.07033072764556797,0.09379069050364602,0.08431164524083161,0.13427444271346572,0.10303555251573521,0.09047113068666134,0.13513931113526145,0.10098717833024878
69,69.0,69.05618942810752,0.09554749632606066,0.0913155755016565,0.07061755914084394,0.09366930980897692,0.0839558602563897,0.133849171916717,0.1028280102709224,0.09106390157653226,0.1352352317950753,0.1019178834068251
70,70.0,70.03006258152917,0.09461738975035935,0.09159515085458347,0.07015176495345532,0.09472166638389551,0.08313995266605564,0.1332634642351302,0.10307708562701953,0.0915921134198423,0.1354386520519747,0.10240276005768376
71,71.0,71.00624779379335,0.09454204268163671,0.09141168596512213,0.07111960519246553,0.09564963140345195,0.08247972396460387,0.13234300818003897,0.10335024792471631,0.0906796969551021,0.13568175938553179,0.1027425983473304
72,72.0,71.98475200689319,0.0952829205857429,0.09159149838352738,0.0715255479332004,0.09523701474003192,0.08216751664673522,0.1331697697672804,0.10171416113936305,0.09116887090671234,0.13552583683293035,0.1026168630644758
73,73.0,72.96555827861411,0.09552524519417392,0.0922523133671278,0.07253812892991501,0.09450593066734111,0.08139823946720326,0.13317159652558566,0.10188543026050707,0.09074760945689736,0.13569774470444956,0.10227776142679901
74,74.0,73.94862834037681,0.09546132482743852,0.0919816229246661,0.07319200818180725,0.09509797540097469,0.08109959661654148,0.13253399005635666,0.10291420047387426,0.09068839848734156,0.13496821939974474,0.10206266363125445
75,75.0,74.93390511255946,0.09470400634471533,0.09240891856434703,0.0720744456909891,0.09546792346071871,0.08048852446167452,0.13302275841589295,0.1035539238817113,0.09013458355932268,0.135891110718188,0.10225380490244008
76,76.0,75.92131515639825,0.0948566321549428,0.09306213764037698,0.07127442861320937,0.09564523709391407,0.08063040582852518,0.13135159875046137,0.10375410285296963,0.08961530029937946,0.13698753895385718,0.10282261781236361
77,77.0,76.91077104428919,0.09574476511883673,0.09327717604036873,0.07155140879475488,0.09568896500958585,0.08017786695697666,0.13050540396247592,0.10362223283856115,0.0890652881431987,0.13746966363892188,0.10289722949631917
78,78.0,77.90217363294813,0.09562314172059037,0.09160560146149431,0.07244412709480902,0.09622980478785789,0.07904252170675985,0.13120265852448107,0.1045108289962761,0.08876240092686051,0.13715555205946717,0.10342336272140337
79,79.0,78.89541422641172,0.09721555489498339,0.09076510074085947,0.07080580173006423,0.09655047802064842,0.07905827460492766,0.1319885872438581,0.10589319055310267,0.08862187725750062,0.13719378457984838,0.10190735037420676
80,80.0,79.89037661826481,0.09740455920599989,0.09146386512788185,0.07124821406803225,0.09719851497577604,0.0789318480557005,0.13060064696129944,0.10463001860998673,0.08924569187679916,0.13661370467184913,0.10266293644667474
81,81.0,80.88693900474995,0.09869534673837034,0.08991484270920262,0.07175899556228696,0.09810261451585894,0.07797546346391077,0.12979345960291527,0.10578707742846667,0.08859239411384806,0.13828840152127925,0.10109140434386088
82,82.0,81.88497576253909,0.09948492201895595,0.09093216130981865,0.07209501073651846,0.09769904288132311,0.07697583275332687,0.13000428124205055,0.10567411582020954,0.08823370481102477,0.13769363524513914,0.10120729318163273
83,83.0,82.88435908692391,0.09937473344533192,0.09156682792210122,0.07265802119679628,0.09736785655878104,0.07698566814575171,0.12994828267170125,0.10459203588481586,0.08851708412760156,0.13787788797170986,0.10111160207540906
84,84.0,83.88496048800103,0.10076064481807266,0.09257002626396867,0.07186631054941395,0.09675101198319982,0.07695225289679206,0.12912315409835268,0.10502887677758242,0.08834094664768793,0.13715949245344491,0.10144728351148465
85,85.0,84.88665214409042,0.10121749621303072,0.09125607438849602,0.07246518960522619,0.09655274680954504,0.07665832141863911,0.1301404848670072,0.10510451045964653,0.088264432874957,0.1372208766117514,0.1011198667517006
86,86.0,85.88930811312994,0.1011658754819546,0.09120008271348397,0.07195970599298435,0.09667746505034214,0.07600771192356486,0.13125372469486019,0.10440751724292344,0.08860993589404513,0.1375522615534421,0.10116571945239897
87,87.0,86.89280540413424,0.10230999663819523,0.09119934362987119,0.07106596756851798,0.09762544892622577,0.07580207988495748,0.13035764754800983,0.10515946159356213,0.08823264230534114,0.1370728748759089,0.10117453702941011
88,88.0,87.89702491199675,0.10206496877212753,0.09129974408598117,0.07149666058064538,0.09784909405885,0.0758634750840035,0.13009823872823276,0.10577841013255446,0.08757891979175296,0.1370700734930496,0.10090041527280241
89,89.0,88.90185221995306,0.10265948788111501,0.09088188961475699,0.07132883784146714,0.09760313282295704,0.0748603140093944,0.13069168787695895,0.10647724608701706,0.0884748093138332,0.13640116927221477,0.10062142528028523
90,90.0,89.90717827491419,0.10362538321537462,0.09000987481941539,0.06925780665341415,0.0983270403301779,0.07513514600752488,0.1308591172747319,0.10640970813852652,0.08795110206678415,0.1363453591822051,0.10207946231184521
91,91.0,90.91289994163006,0.10241694354199052,0.0902234999813866,0.06977092231647995,0.0978279481035138,0.07513481827418618,0.13094069650538362,0.1064112438158176,0.08865600067849654,0.13616806618342653,0.1024498605993185
92,92.0,91.91892044225806,0.10267525450269523,0.08927273268544744,0.07093003008695895,0.09723584784371371,0.0752106535817713,0.13105480233400324,0.1059662398766996,0.08869295046209127,0.13628742133726227,0.10267406728935681
93,93.0,92.92514968840067,0.1034664668805567,0.08993611839224289,0.069765340135747,0.09669010635473173,0.07431500245779926,0.13105416104827072,0.10658225917545855,0.08811356621419485,0.13669599729582976,0.10338098204516832
94,94.0,93.93150451304501,0.10395043178609928,0.08991086361718627,0.06856798101486239,0.09630488383150558,0.07439809318795186,0.13062956876265372,0.10616163276403327,0.08794134665527974,0.13774729287045281,0.10438790550997488
95,95.0,94.93790881009448,0.10401366995006366,0.09017983893469655,0.06737199888737869,0.09679699214255602,0.07461569480485386,0.13005661313086822,0.10746917382660043,0.0872761338560737,0.13785585641622025,0.10436402805068845
96,96.0,95.94429358933806,0.1050419020324979,0.0893529170346941,0.06707870512829542,0.09604069004922511,0.07469749820473821,0.13053663132928675,0.1073950493742575,0.08845439449596486,0.1372119691566836,0.10419024319435638
97,97.0,96.9505969547639,0.10591708992991417,0.09014175169675857,0.06707741481360632,0.09628696923166351,0.0747729278443969,0.13094284398652914,0.105905966488078,0.08803617082600845,0.13733307483165116,0.10358579035139358
98,98.0,97.9567640140995,0.10575473701193702,0.08999602159345838,0.0665855447531099,0.09594591589138879,0.07486881044979306,0.13176788065608436,0.10425426782474607,0.08827499896041044,0.1382763087770742,0.10427551408199758
99,99.0,98.96274672736057,0.10561739152605598,0.0900764338130461,0.06578504354561106,0.09617722363950261,0.07502685663485917,0.132021083823094,0.10478322156957098,0.08784484446778065,0.1373477328605365,0.10532016811994271
100,100.0,99.96850370202192,0.10563711904872808,0.09124737437830538,0.06514211284793225,0.09514100153876105,0.07574308010257497,0.13201391794908196,0.10444546415632272,0.08782332967508338,0.1368914119486384,0.10591518835457156
101,101.0,100.97399994219691,0.10582480054067538,0.09087919608834037,0.06556299736990878,0.0954193378598274,0.07693223193498,0.13228713166677344,0.10447088221912143,0.08643420557715352,0.1365632340538836,0.10562598268933589
102,102.0,101.97920655893245,0.1061488121358747,0.09025043335075118,0.06479096395131055,0.09610287208803438,0.07692320726250974,0.13300225491354384,0.10482316579354606,0.0860455575210049,0.13602078682080065,0.10589194616262383
103,103.0,102.98410044840509,0.1051009835277951,0.09099004562559651,0.06443276826651283,0.0971307108328126,0.07839137813990096,0.1329345386512364,0.1051886804767278,0.0842642375045529,0.13530972939989708,0.10625692757496769
104,104.0,103.98866394444643,0.10410905509602662,0.0917715000595486,0.06440126611960571,0.09634479427593182,0.08000218395590378,0.13339899036879757,0.1051892526766937,0.08429319916187858,0.13486468312962518,0.10562507515598835
105,105.0,104.99288445143917,0.10477034193853266,0.09140478305038767,0.06462234543720248,0.09773876209726645,0.07994236725520044,0.13282520809955894,0.10445165291309154,0.08490990620820477,0.13412138645460533,0.10521324654594962
106,106.0,105.99675406321822,0.10469624686072643,0.09243963999851268,0.06692836467144496,0.0974534899450938,0.08090233087772104,0.13242789535685986,0.10207984073074097,0.08363700235420449,0.13414683419595677,0.10528835500873891
107,107.0,107.0002691731872,0.10450035408375691,0.09302492188581019,0.06797038186220329,0.09727954315929335,0.0799231669357856,0.13268806614539744,0.1022590337160065,0.08364708249566516,0.13358774408537513,0.10511970563070636
108,108.0,108.0034300804274,0.10428841193421186,0.09226917398402368,0.06875576419587952,0.09619834889928718,0.07970829007981388,0.13388221354511073,0.1013488815123314,0.08301694015694701,0.1339621647638828,0.10656981092851184
109,109.0,109.00624059613932,0.10436456690544406,0.09279700578058858,0.06893595130821266,0.09661694167299394,0.08015350978855433,0.13417420307878739,0.1018241992958292,0.08261115534169815,0.13227359963699772,0.1062488671908939
110,110.0,110.00870765431864,0.1030905572151388,0.09183218201176244,0.0697399310127922,0.09718443831430237,0.08069581773693811,0.1347994968614039,0.10096048999987331,0.08440882893198928,0.13171019145509172,0.10557806646070778
111,111.0,111.01084093013685,0.10132450741351785,0.0927569103600354,0.07017412689753731,0.09781360884510595,0.07974245423145118,0.1349679909815219,0.10138492134059297,0.08498518239601012,0.13139842905633778,0.1054518684778894
112,112.0,112.01265246907188,0.10068056961781344,0.09476837401742641,0.06993309523873695,0.09828670650149796,0.07905542644489562,0.13437329348775096,0.10155980872080468,0.08545011373069528,0.13034930665496025,0.10554330558541838
113,113.0,113.01415632942268,0.09988237744943144,0.09418191836988149,0.0713799397697496,0.09738602693866515,0.07838115037486032,0.13536998456073,0.10066223528961031,0.08619062476538755,0.1308149073827819,0.10575083509890215
114,114.0,114.01536824044418,0.09957752719521669,0.09419054037566224,0.07111666793419127,0.09732528677494418,0.07838962957226156,0.13540663743937265,0.10136435932097868,0.08577281699626402,0.1309485055732184,0.10590802881789023
115,115.0,115.01630527795908,0.10078751789866308,0.09377006021625407,0.0712738334163603,0.09776728874975896,0.07829380544036225,0.13476873271802917,0.10177776605384847,0.08598306570861698,0.12949636554901148,0.10608156424909512
116,116.0,116.0169855589429,0.1000234110795479,0.09455880796967212,0.07185125597603102,0.09814469028587511,0.07777230505080154,0.13413659120808277,0.10186753236775713,0.08644219800073079,0.13001473014042672,0.10518847792107479
117,117.0,117.01742795623892,0.09858710907190482,0.0943852248197411,0.07213408743020369,0.09690764082402704,0.07829011780481493,0.13447581819835538,0.10171920194964869,0.08677950953597732,0.13206190865966627,0.10465938170566065
118,118.0,118.01765183424293,0.0977645161319237,0.09447939109192309,0.07145450341893692,0.09631956795311888,0.07879175932910204,0.13572499159050966,0.1016614934993481,0.08693886678418335,0.13283543644048487,0.10402947376046932
119,119.0,119.01767680610413,0.09810102875818452,0.09431749036681826,0.0716525180579762,0.09701367448224088,0.07825271920849954,0.13471232352038467,0.100975560454376,0.08722174479464172,0.13377395922880986,0.10397898112806829
120,120.0,120.01752251271817,0.0981590204499238,0.09476934229857513,0.07103010273470088,0.09710757049368238,0.07837822352037832,0.13499841017206476,0.10059430198589778,0.08809959301540202,0.13349098571291698,0.10337244961645783
121,121.0,121.01720842354362,0.09702034825331612,0.09506474253291049,0.07133683260023088,0.09774745287227934,0.07865997410376988,0.13401780585984796,0.100869149985901,0.08951383795798097,0.1341007743610158,0.10166908147274745
122,122.0,122.01675365905109,0.09677498673250118,0.09558539417108011,0.07067878389665297,0.09657764968270591,0.0796779679273508,0.13333176481163583,0.10129308308849587,0.09013516294465762,0.13483729379183967,0.10110791295307991
123,123.0,123.0161768344173,0.09630201441982085,0.09415396208110069,0.07085458317442087,0.0976718195709673,0.08083733328419129,0.13322459446713117,0.1003045317397567,0.09153925536349303,0.13443617040275108,0.10067573549636692
124,124.0,124.01549592390272,0.09643992875636087,0.09527840960251333,0.07086883451336459,0.09630023171229374,0.08207291949432398,0.1326117494622995,0.1001172803371794,0.09144233237617228,0.13445270898348888,0.10041560476200329
125,125.0,125.01472814520056,0.0960611022361274,0.09453650166668802,0.06978392414086862,0.09667973010437891,0.08264650790069716,0.13255472615632014,0.10006186911002755,0.09159861307094447,0.13556770672786542,0.10050931888608215
126,126.0,126.01388986291661,0.0951059142793439,0.09451678093440427,0.06909689414216208,0.09751693428117474,0.08337957930804471,0.13215308134938045,0.10031088814868347,0.09160840481426671,0.1352137324496172,0.10109779029292233
127,127.0,127.0129965102319,0.09418552972397787,0.0940226410691106,0.06837403628064351,0.0981578405907349,0.08393641579668405,0.1317235781124263,0.09983593178020035,0.09179556342067205,0.13653039197533598,0.10143807125021426
128,128.0,128.01206252771334,0.09392991726113725,0.09455887137032189,0.06855995273218361,0.0971563636555655,0.08259899164227272,0.131281718031137,0.1008256207907118,0.0915800119054823,0.13850216136234011,0.10100639124884768
129,129.0,129.0111013181695,0.09358384220843885,0.09348936827815717,0.06699953017396253,0.09765441604599169,0.08323087165680916,0.1318328625203042,0.10160697883048006,0.09161563102312877,0.13921782518421644,0.10076867407851099
130,130.0,130.01012521639834,0.09329762489803385,0.09270416691406393,0.06583945120287396,0.09818459952329445,0.0829704983033793,0.13181711747660022,0.10145736105584065,0.09217316279238827,0.14027397172219902,0.10128204611132621
131,131.0,131.0091454726403,0.09428051053890832,0.09280702064413501,0.0652505954466118,0.09826139113002413,0.08221675808361562,0.13409940664667572,0.10086700724605767,0.09132061605132001,0.14025315812638736,0.10064353608626421
132,132.0,132.0081722485317,0.09436162311167096,0.09219115127550685,0.06647013031674318,0.09783128856092604,0.08167209784247978,0.1344833655055158,0.10265236443675393,0.08907686927192769,0.14010016211560095,0.10116094756287468
133,133.0,133.00721462434865,0.0947397633709248,0.0927007829459805,0.06600282326953491,0.09805176825100675,0.0823898087935468,0.13459068812916808,0.10148281588528779,0.0877908044042564,0.1405500834135146,0.10170066153677915
134,134.0,134.0062806163404,0.09612409900487515,0.09104209068591562,0.06708784862981883,0.09758788368683752,0.08230374877764933,0.13415203644316845,0.10205198497479841,0.08796472517165263,0.1401183189777879,0.10156726364749592
135,135.0,135.00537720296956,0.09574669010850101,0.09076320919724898,0.06624744283724522,0.09800034270580654,0.08313191190997844,0.13314942138759223,0.10188865855823233,0.08592453069134164,0.14213051031565738,0.103017282288396
136,136.0,136.00451035890612,0.09612828571512688,0.09172246176370634,0.06651242744960995,0.09665262035350175,0.08196586646132226,0.133348955863814,0.10209830928815328,0.08546060735549442,0.14190779476393686,0.10420267098533398
137,137.0,137.00368509565993,0.09671388795572239,0.0917425542097183,0.0674608266020328,0.0965129820102629,0.08087461054016648,0.1346674776683548,0.10076929246250008,0.08465054583949509,0.14138381557681368,0.1052240071349332
138,138.0,138.0029055077818,0.09772981548257849,0.09198402637450134,0.06587043593555,0.09690246616649503,0.07937852309970411,0.1350987128017043,0.10148056999962915,0.0839893021524368,0.1426893790554059,0.1048767689319946
139,139.0,139.00217482361367,0.09763393506486258,0.09069527566729653,0.06612092596863518,0.09758229693085199,0.07885422935266284,0.13541950897944777,0.10091595595697665,0.08399823053540866,0.14376865887403203,0.1050109826698255
140,140.0,140.0014954596262,0.09731866814114432,0.09182061214574432,0.06535293253200972,0.0974184703163771,0.07733016146741656,0.13642907647599775,0.10206427829320051,0.0844099842937769,0.14351397058073365,0.1043418457535989
141,141.0,141.00086907744122,0.0977543027659924,0.09117129369154672,0.06531267801288172,0.09818477259165517,0.07668354331744634,0.13711311158210887,0.10248503055003275,0.08459721000221693,0.1432559657853946,0.10344209170072421
142,142.0,142.0002966427003,0.09824865312063483,0.09158728138550722,0.0648495330892118,0.09709012619102725,0.07731851541663126,0.13914072637717187,0.10263536703476578,0.08346725332393229,0.14318921871527177,0.10247332534584563
143,143.0,142.99977848500652,0.09992470935272255,0.09055185768041049,0.06502257189632939,0.09618720174102253,0.0768684590476062,0.13927818014738105,0.10326969734873924,0.08257391929546085,0.14412184627734476,0.10220155721298266
144,144.0,143.99931435823203,0.09930212699932116,0.09099005113918866,0.0649143005154552,0.09582507519913139,0.07716509126057035,0.13840474482926324,0.10404641125802708,0.08375388937046553,0.14371330999972207,0.10188499942885504
145,145.0,144.99890350055264,0.09923095613569212,0.08897006744705233,0.06672648247628032,0.0961133966801895,0.07797839508418412,0.13963644764371835,0.10352277615547044,0.08348828631676924,0.14248901208180823,0.10184417997883508
146,146.0,145.9985446936357,0.09918980947146776,0.0892539588624209,0.06797769689007849,0.09686990638367039,0.0769872417849252,0.1392876420534006,0.10338606830874425,0.08393846305431733,0.14176982431846463,0.10133938887251015
147,147.0,146.99823632047406,0.09852484787375569,0.08862114697920989,0.0683337583996043,0.09632198702939108,0.07772484374636889,0.1388705163628231,0.10246601181919707,0.084396155614355,0.14313012498691374,0.10161060718838096
148,148.0,147.99797642142389,0.09981194837699311,0.08784197739338925,0.06878626327310733,0.09535639207168128,0.07825585767810236,0.1382137129003907,0.10168247338100124,0.08492356632102253,0.14245511752136744,0.10267269108294444
149,149.0,148.99776274806447,0.09980479688936866,0.08730724792214602,0.07047447648019824,0.09449147283685494,0.07842125507667314,0.13793269467831065,0.10139123195127572,0.084643279679826,0.14274729027598296,0.10278625420936337
150,150.0,149.99759281456036,0.09958099250900161,0.08549623819804347,0.07171582023077917,0.09476770900980247,0.07822533858344405,0.13787734238978996,0.10083075640251998,0.08471825028557808,0.14413756874152883,0.10264998364951203
151,151.0,150.99746394626104,0.09780970311667433,0.08465508749841652,0.07257020240106736,0.09398976269410095,0.0797190339190307,0.1378554751064556,0.10131647570865202,0.08588919856626206,0.14416355746877177,0.10203150352056842
152,152.0,151.99737332532905,0.09689579599678956,0.08480805225003275,0.07252920632636001,0.09447219431416363,0.07981271917910132,0.1390343610513282,0.10107048517008821,0.08452544161756395,0.14412002874665333,0.10273171534791875
153,153.0,152.99731803323698,0.09664917606188778,0.08501193209287351,0.07267325624593528,0.09497593276852175,0.07916513584705515,0.13993688395983997,0.10084130144075373,0.08631240907507688,0.14341890424674558,0.10101506826131006
154,154.0,153.99729509002177,0.09631317275890877,0.08427416071047648,0.07309090733610288,0.09641314779583669,0.0798575139173984,0.1389041416343694,0.1009084776882564,0.08480947545939353,0.14270892961531492,0.1027200730839422
155,155.0,154.99730149022784,0.095635048971149,0.0835850998190488,0.07381670229311965,0.09679372229782948,0.07969920092758319,0.13924078743802393,0.09921916983654121,0.08370289013014316,0.14417446173990234,0.10413291654665893
156,156.0,155.99733423551103,0.09640119864518792,0.0836666916631049,0.07382155090936325,0.09598609304609748,0.07911951412379337,0.14049155038293654,0.09931896733026034,0.08348758293104136,0.14451467263587428,0.1031921783323402
157,157.0,156.99739036391077,0.09679488513242888,0.08357958453456686,0.07386518287655355,0.09722741805776924,0.07704960930905592,0.14091602612157378,0.0987100163624812,0.0834854302905248,0.14512600353779603,0.10324584377724938
158,158.0,157.99746697583146,0.09642527882671326,0.08443184322521162,0.07367481802642997,0.09759953455315137,0.07647412199773863,0.14158397575223788,0.09845455562193521,0.08332033620666701,0.1449567304187629,0.1030788053711518
159,159.0,158.99756125680176,0.09688890102021147,0.08528476843501154,0.0732937303204971,0.09781992303110304,0.07651524558989052,0.141281647564248,0.09722820327997857,0.08231436359512341,0.14516316742835678,0.10421004973557929
160,160.0,159.997670497107,0.09721249391861138,0.08531285041068008,0.07225041122182088,0.09667566446667179,0.07775355691460759,0.14001173495818678,0.09771184361121459,0.08215626053351271,0.14698581556613055,0.10392936839856338
161,161.0,160.99779210841066,0.09764497726165712,0.08519096141406511,0.07346187162283609,0.09658518295582469,0.07705673612834972,0.1390325976608547,0.09724883421088648,0.08138548662611714,0.14799816377999278,0.10439518833941588
162,162.0,161.99792363749984,0.09640085948991649,0.08460379012170155,0.07387813211883865,0.0974879201017093,0.07648318276130844,0.13876074068237007,0.09726290160961913,0.08175581083816622,0.14772666946069068,0.10563999281567915
163,163.0,162.9980627773051,0.09651633621476825,0.08686185721948025,0.07365802147406557,0.09701012737437682,0.07464284521019178,0.1382805498246528,0.09763286225951569,0.08005647673542382,0.14825814501501744,0.10708277867250726
164,164.0,163.9982073753568,0.09633258600537717,0.08592359191869776,0.07425576522386267,0.09569325815485105,0.07480769748216917,0.1393829395057165,0.09833276390897187,0.0789448124873111,0.1481441292786992,0.10818245603434315
165,165.0,164.99835543984977,0.0948847768755018,0.08682625194946289,0.0733520527500898,0.09463896625442308,0.07416584633184546,0.14012749722251894,0.09962481898025394,0.0796138625274946,0.14908600836986668,0.10767991873854238
166,166.0,165.99850514349492,0.09595637862048041,0.08596494291907936,0.0745156621540785,0.09459278861559411,0.07239773722849806,0.14100393222325208,0.09935886576788079,0.07874933033893863,0.14989872111898472,0.10756164101321292
167,167.0,166.99865482534062,0.09555041900270682,0.08692020494300343,0.07409144335434194,0.0949862063504578,0.07254672771393476,0.1397935852435506,0.09992217626805162,0.07940210553121121,0.14883508926159553,0.10795204233114589
168,168.0,167.99880299074837,0.09537248636713407,0.0862071063139551,0.07387249469650695,0.09507408382738017,0.07322636403868804,0.14030248099473386,0.1008401209890175,0.07812568340559464,0.14849795154602985,0.10848122782095945
169,169.0,168.99894830970783,0.09389863781808251,0.08702970015998246,0.0728299727090998,0.09477309051597656,0.07250700854733809,0.14143903788377038,0.10075676980734409,0.07836354038788816,0.14968217480015406,0.10872006737036354
170,170.0,169.99908961367427,0.09529239906692338,0.08715823556712074,0.07209684028550994,0.09619494584866864,0.07336823152013179,0.14130290287673053,0.09868705514366986,0.07847673334987203,0.14934371697950585,0.10807893936186687
171,171.0,170.99922589110733,0.09539480355012356,0.08618795761930018,0.07161991785727619,0.09636156459630646,0.07312536576208625,0.13998726355663088,0.09881883669092023,0.08015470485208516,0.14917858746188348,0.10917099805338731
172,172.0,171.99935628188598,0.09411363680992026,0.08612191269120739,0.07250835956316154,0.09498165074052206,0.07414670858882991,0.1416659314893489,0.09947306177576214,0.07956927374158057,0.14864262369385792,0.10877684090580902
173,173.0,172.99948007076793,0.09516732863071274,0.08696342777159584,0.0722079470922561,0.09630314791486612,0.0731190319948625,0.14233325227028215,0.09981218841933003,0.07823181018182991,0.14698724650468928,0.10887461921957506
174,174.0,173.99959668005403,0.09525075536240463,0.0866617088127704,0.07241149245894292,0.09677767138461738,0.07295037245518864,0.14265705664745953,0.09920082505643336,0.07809989398583461,0.14590061415578182,0.11008960968056641
175,175.0,174.99970566161096,0.09643304342753842,0.08602874606160406,0.07162946798913206,0.09643623961598037,0.0715390410152034,0.14348099980968218,0.09856686953631286,0.07807612772061828,0.1474590813182247,0.11035038350570339
