,Unnamed: 0,Generation,Intertwine_two,Add_vertex,Delete_vertex,Invert_path_vertices,Insert_inside_vertex,Delete_inside_vertex,Replace_inside_vertex,Donate_between_routes,Trim_one_terminal_cb,Grow_one_terminal_cb
0,0.0,0.0,0.09999999999999999,0.09999999999999999,0.09999999999999999,0.09999999999999999,0.09999999999999999,0.09999999999999999,0.09999999999999999,0.09999999999999999,0.09999999999999999,0.09999999999999999
1,1.0,1.0,0.12153220337022315,0.09297750171041709,0.09631068891694722,0.09987054390129795,0.0991986866542233,0.09634329103708325,0.07481715219488874,0.05771320355596724,0.13320844930002268,0.12802827935892896
2,2.0,2.0,0.12006430457186079,0.10361146482270164,0.09103761309986388,0.09422619618299974,0.10245772130385591,0.08765579312926279,0.07358473573422317,0.062188949533209616,0.13804884083480026,0.1271243807872217
3,3.0,3.0,0.13444283476104538,0.10638464114273738,0.09133227554043634,0.09302953075043559,0.09625953692738347,0.0918372858033516,0.07078643483564619,0.05200262033650375,0.13752792833610356,0.1263969115663564
4,4.0,4.0,0.13701432407618838,0.09325898628070917,0.09348974678700436,0.09525905611667897,0.08240446102338864,0.08315112683791001,0.07927199569530098,0.05700813580618123,0.14677251886017664,0.13236964851646116
5,5.0,5.0,0.12360609960616178,0.08653479882830355,0.09868145968156976,0.09344425409972541,0.08464118102082062,0.09176355389275241,0.08796097027555114,0.05786358569792381,0.13820913843433508,0.13729495846285597
6,6.0,6.0,0.11772682497443374,0.10575030968302275,0.09576526784773993,0.08689813485399692,0.11386751537914516,0.08251916489069164,0.06906104487392087,0.06485925942634681,0.14406139291123257,0.11949108515946918
7,7.0,7.0,0.13639012402068254,0.09475874949083674,0.09223535628501457,0.10085907079788636,0.08936605577763646,0.09367874268385054,0.06805214433768411,0.06441783477216487,0.1392804812641025,0.12096144057014088
8,8.0,8.0,0.13775334624919378,0.10350362732324667,0.09649488274681378,0.0923974304501716,0.09776333102948216,0.0852545840711322,0.06383572711474421,0.05528897040541454,0.143568602068034,0.1241394985417666
9,9.0,9.0,0.12872469113966045,0.10284630700560164,0.10976474919991012,0.06815503104631085,0.10174352072103307,0.09051304912329693,0.06300636939124085,0.04929931266509781,0.14889536694023672,0.13705160276761114
10,10.0,10.0,0.13483344600789954,0.09811856126682483,0.10425448902341143,0.08826204926526045,0.09237900583106233,0.08720628597858499,0.07029197401857087,0.05454406995247237,0.1449355314868403,0.12517458716907243
11,11.0,11.0,0.12891787523418466,0.09969105478894152,0.10969558136500757,0.06919817117161953,0.08522184433364435,0.09815741303163769,0.052102884633674795,0.06589543462384678,0.15004507930516114,0.14107466151228146
12,12.0,12.0,0.12527379311158912,0.10636304079108756,0.09741708340014031,0.07158273232688162,0.07244583674812069,0.0728542438616213,0.05257828851844091,0.07315645819711745,0.17692938151309293,0.15139914153190764
13,13.0,13.0,0.14400548946633812,0.10204513385844752,0.09585335873348952,0.0611535713477618,0.0964699103002392,0.06860018501688071,0.05350742096426202,0.057079218545055356,0.1711548774794864,0.15013083428803892
14,14.0,14.0,0.11662357230577833,0.09396477130465886,0.10586492755346752,0.06881617276441646,0.08258305104025479,0.09499852164152223,0.06158565192868874,0.0529130106950233,0.17229618780508582,0.1503541329611035
15,15.0,15.0,0.13465702258835882,0.12009173485274124,0.10875287474637389,0.0699204150455905,0.07914954470906066,0.09187825322861118,0.042194674093492875,0.054646060973848984,0.16907222173250927,0.12963719802941207
16,16.0,16.0,0.1494616193529477,0.1044777639373089,0.11963209717969776,0.05723591421709996,0.07453102828870335,0.08606923546050578,0.03760350090652335,0.06631431458848061,0.1752212275823235,0.12945329848640863
17,17.0,17.0,0.13493265880289826,0.09806848239161317,0.11190002391971236,0.05177682556306719,0.10515768602103084,0.09929100579356578,0.056746265886811,0.06285403367278981,0.14602579621452286,0.13324722173398834
18,18.0,18.0,0.13590403751934763,0.08430671250832561,0.11250359964905024,0.06367927866574427,0.09622070505475377,0.07733626885349901,0.06772226632549198,0.06080822611628909,0.16609948741591235,0.13541941789158551
19,19.0,19.0,0.1337808476648874,0.0854470222329434,0.10033944498785055,0.053952548093068306,0.09440229861848587,0.08696523714636406,0.05207513566818055,0.08267679090817072,0.1705109839629441,0.1398496907171047
20,20.0,20.0,0.1213564485948265,0.10223378550107312,0.11065450323541728,0.053135249498315794,0.07723914176251792,0.09932222729362021,0.05685669153389803,0.06404025484175015,0.1707679117349295,0.1443937860036511
21,21.0,21.0,0.13932646656317865,0.09844357484915703,0.09339170002274776,0.07337545591687494,0.08168223811825248,0.09259474079862938,0.036375886457634884,0.06072313809025043,0.18702133215290215,0.137065467030372
22,22.0,22.0,0.13379968205418674,0.1070708044191836,0.10179069832635734,0.06874874314355015,0.06386448640870698,0.0879396489252028,0.03427183839034638,0.0491744898463521,0.20410279470893927,0.1492368137771743
23,23.0,23.0,0.13912990911035275,0.09386985837726519,0.10797426618617803,0.05635637713644842,0.07742287796266052,0.06156697241085015,0.04652434215879618,0.06770480728107883,0.20256645842964915,0.14688413094672045
24,24.0,24.0,0.1264609234633084,0.08546563019127326,0.13370916317274895,0.0404062992122504,0.07019081934976776,0.07767324907274213,0.0608833798648048,0.058164358102158385,0.20454531243677382,0.14250086513417165
25,25.0,25.0,0.1450597767016998,0.11701584032826555,0.12693650659930308,0.04772696296199315,0.08352321861843401,0.06073630685845357,0.04953777487358067,0.05030558204573079,0.21270861202824745,0.10644941898429172
26,26.0,26.0,0.1118511173674532,0.1147114574544589,0.12623742858078352,0.04368559440219381,0.0759259615786226,0.07760477726088741,0.03840925297669208,0.06778718433463157,0.18915508114357488,0.1546321449007017
27,27.0,27.0,0.1248789636665834,0.11929650679497072,0.10066406504165955,0.08035478266622323,0.05686301883796081,0.06942383124641771,0.049923167890474573,0.06611432893552747,0.179385767724225,0.15309556719595724
28,28.0,28.0,0.1458599112773928,0.1120607280279251,0.10463700624672467,0.05924699915484884,0.058225300944469024,0.08081682507707591,0.04099575760448774,0.07011628439156435,0.18486451323849812,0.14317667403701317
29,29.0,29.0,0.15948312686033522,0.114154714789339,0.1174247324060641,0.04099009147522338,0.06074135370033018,0.07376306913777693,0.030000000000000006,0.05762553207534703,0.226926270534129,0.11889110902145479
30,30.0,30.0,0.13770553264942398,0.11974811800312253,0.13493102124352546,0.04904794363396179,0.04771414579085224,0.06557526827307933,0.04563188219828811,0.06052559110405868,0.22391763968869244,0.11520285741499525
31,31.0,31.0,0.14581467982921298,0.12520695054451944,0.09668863979578388,0.05815587074733945,0.07275105953690128,0.07402805622834441,0.030000000000000006,0.06742292005965753,0.18810833725387485,0.1418234860043659
32,32.0,32.0,0.1349214107771291,0.11206866977719063,0.1152830687134874,0.07250689506513393,0.06550537325967382,0.05636366149497808,0.04148340155182786,0.06392350439605655,0.2081603097599308,0.12978370520459154
33,33.0,33.0,0.1270467290785511,0.09266961920424754,0.1295461619638032,0.05708875282418119,0.07283796637065806,0.07937545673761305,0.030000000000000006,0.060685524961174596,0.21624397964462058,0.13450580921515046
34,34.0,34.0,0.12358193753740769,0.0817564131691685,0.11274866455396823,0.04150098443083955,0.1039339551946696,0.07046248517973061,0.030000000000000006,0.04485491635346767,0.2742358964097894,0.11692474717095842
35,35.0,35.0,0.14798057196567846,0.0914521665622114,0.12430891791088092,0.04364546264979073,0.05023289410015046,0.057717034101899066,0.030000000000000006,0.06400184696027252,0.27062936555650735,0.12003174019260883
36,36.0,36.0,0.1758359226584464,0.0716690977422072,0.11827668939875087,0.04055313700089511,0.0334610173974374,0.04330589537358206,0.030000000000000006,0.04856297359575519,0.28971941419204145,0.1486158526408841
37,37.0,37.0,0.1396487620061941,0.11242696880974908,0.10977791796792855,0.03286042741910776,0.07046973875575173,0.08974258268674098,0.03550696692708159,0.030000000000000006,0.2787672376789649,0.10079939774848101
38,38.0,38.0,0.11075049208803504,0.1100930991376586,0.12224545940233326,0.030000000000000006,0.047835800543460746,0.06686386565704401,0.030000000000000006,0.06345930351596255,0.2780007231009204,0.14075125655458515
39,39.0,39.0,0.15302552575189435,0.08632562468257643,0.12955145702006376,0.04301638451729432,0.05005380185007556,0.055077588422492454,0.030000000000000006,0.03271248635272402,0.3161898250840727,0.10404730631880617
40,40.0,40.0,0.14335643949224378,0.057225488660404146,0.12303658821103311,0.07218606754752485,0.04926005494357506,0.06109923383135367,0.030000000000000006,0.035882866881333644,0.28093397874754916,0.14701928168498246
41,41.0,41.0,0.09393634244362722,0.14262981047330933,0.14896702555928032,0.037869361510987,0.030000000000000006,0.06429570046517863,0.030000000000000006,0.07273237499858062,0.26370138184036496,0.11586800270867173
42,42.0,42.0,0.16699814297360244,0.056904286265148006,0.09908158082769046,0.03906672747734438,0.030000000000000006,0.04643939375490663,0.030000000000000006,0.03309459179680805,0.3260055103984,0.17240976650609982
43,43.0,43.0,0.17675262219014665,0.08419836414430747,0.10975593856813452,0.04233525436725696,0.030000000000000006,0.044783433581028764,0.051232140312121435,0.04750987515943263,0.27480853623486834,0.13862383544270301
44,44.0,44.0,0.14119034021763335,0.04477733189000491,0.1486136708989181,0.04626279219255376,0.030000000000000006,0.03552814282172081,0.030000000000000006,0.03999526373954075,0.37219189920673823,0.11144055903289003
45,45.0,45.0,0.11867753542977881,0.05707143011403296,0.17727437104473318,0.030000000000000006,0.04671173886831452,0.056017972889506454,0.030000000000000006,0.030000000000000006,0.35229570517270214,0.10195124648093175
46,46.0,46.0,0.20714089143029152,0.07211084336620607,0.1296360481200772,0.030000000000000006,0.05682797941871787,0.060523378691750916,0.030000000000000006,0.04177754248408671,0.29052900821258315,0.08145430827628633
47,47.0,47.0,0.15258439303840995,0.07562636361053947,0.11916275934738989,0.05306439781265282,0.05040320728752645,0.04249526804723831,0.030000000000000006,0.030000000000000006,0.35774863538752805,0.08891497546871487
48,48.0,48.0,0.165191764804799,0.0936187911044127,0.10989631852636525,0.030000000000000006,0.0446248396661862,0.059167501914880447,0.04731448763250885,0.030000000000000006,0.3146470357230984,0.10553926062774906
49,49.0,49.0,0.1436262802788661,0.11044176248470641,0.10669990656639076,0.07617666272987435,0.04061435619926786,0.03884154464661058,0.030000000000000006,0.030000000000000006,0.30045080838327876,0.12314867871100507
50,50.0,50.0,0.19434026064513465,0.07408883957125148,0.08773919120886374,0.030000000000000006,0.04576701109944318,0.051397383398157415,0.0495244641770526,0.030000000000000006,0.2835932799509048,0.15354956994919206
51,51.0,51.0,0.1839375548525955,0.09580429066118834,0.10394139805844553,0.030000000000000006,0.06637407595181191,0.05061587996475586,0.030000000000000006,0.07825453146028424,0.2612210795995592,0.09985118945135928
52,52.0,52.0,0.1350289355807253,0.13914343365485354,0.0712333652903571,0.030000000000000006,0.03381546168611062,0.036958410904793515,0.030000000000000006,0.030000000000000006,0.3598703992222897,0.13394999366087007
53,53.0,53.0,0.2092927612619336,0.09607727274258258,0.09541352254317158,0.030000000000000006,0.030000000000000006,0.07979281613715447,0.030000000000000006,0.030000000000000006,0.2731242651362721,0.1262993621788855
54,54.0,54.0,0.1379714067314486,0.08157964482270741,0.09156298713127493,0.07023057573641214,0.030000000000000006,0.09941831073840254,0.04734631642405633,0.030000000000000006,0.2831040131004779,0.12878674531522
55,55.0,55.0,0.10921536282733565,0.08623857829495156,0.09254025854555575,0.030000000000000006,0.030000000000000006,0.08664051245668329,0.030000000000000006,0.05009388198653388,0.34017813080994486,0.14509327507899478
56,56.0,56.0,0.1373200408428756,0.08002874834681636,0.117049945717609,0.030000000000000006,0.030000000000000006,0.0438560411311054,0.030000000000000006,0.030000000000000006,0.39494857294858454,0.10679665101300903
57,57.0,57.0,0.14127142697882503,0.05908458327054383,0.08288575963699502,0.030000000000000006,0.030000000000000006,0.051678108314263935,0.07440528634361235,0.0483011613905233,0.3204947178321607,0.16187895623307574
58,58.0,58.0,0.11195912212779566,0.13488657526306122,0.09603465771159855,0.059015142188846494,0.030000000000000006,0.06045958512705161,0.031154097721770968,0.054720077943490965,0.29887554780764714,0.12289519410873725
59,59.0,59.0,0.16012046033306987,0.07385011782783565,0.0782712413856356,0.03965320956174486,0.030000000000000006,0.09019359152500277,0.03893166857687665,0.030000000000000006,0.3436654264941554,0.11531428429567907
60,60.0,60.0,0.18394698113512456,0.08140210317475816,0.12329643684844802,0.04002558767801602,0.030000000000000006,0.035334252689678755,0.030000000000000006,0.030000000000000006,0.3092177675738459,0.13677687090012847
61,61.0,61.0,0.14263386419054072,0.0833365868908315,0.12795220793692816,0.058306827244695755,0.05017576276318518,0.0396465010317096,0.030000000000000006,0.030000000000000006,0.2496679812975701,0.1882802686445389
62,62.0,62.0,0.18423179111376506,0.10207166008868976,0.0691309635844527,0.034094822502653624,0.06839117186191193,0.030000000000000006,0.05841429086972213,0.030000000000000006,0.298230477065239,0.12543482291356567
63,63.0,63.0,0.1647548914571504,0.09549866957242378,0.08389384059996087,0.03681102547519751,0.03269585466406923,0.04610049539985846,0.03174066688883094,0.04740666888830939,0.33535190457156616,0.12574598248263322
64,64.0,64.0,0.13405957519024086,0.10267495337813834,0.1469781089339334,0.030000000000000006,0.030000000000000006,0.030000000000000006,0.053728813559322054,0.030000000000000006,0.30964081138337846,0.13291773755498676
65,65.0,65.0,0.1180599513771909,0.07314686881855045,0.12546724965578113,0.047519354689166016,0.030000000000000006,0.030000000000000006,0.030000000000000006,0.04334258237338083,0.32463072908767276,0.1778332639982578
66,66.0,66.0,0.10888048539969128,0.10556742102734544,0.10013780453412771,0.06676430080195515,0.030000000000000006,0.030000000000000006,0.030000000000000006,0.030000000000000006,0.3114554503588984,0.18719453787798182
67,67.0,67.0,0.1540790769378147,0.08532306027607055,0.12310314226590706,0.05209560163406009,0.030000000000000006,0.030000000000000006,0.030000000000000006,0.030000000000000006,0.2974984208951417,0.16790069799100577
68,68.0,68.0,0.13338363654757018,0.06062549253501759,0.10510292752057795,0.04773601287013849,0.04477122443130355,0.030000000000000006,0.030000000000000006,0.030000000000000006,0.3482049511573186,0.17017575493807352
69,69.0,69.0,0.18162092305978605,0.054003964341234445,0.11092706042658466,0.030000000000000006,0.030000000000000006,0.07230986178855614,0.030000000000000006,0.030000000000000006,0.32032895944938666,0.14080923093445188
70,70.0,70.0,0.13577027637943276,0.06764820629510279,0.10700707054256245,0.030000000000000006,0.04142195411029918,0.030000000000000006,0.030000000000000006,0.030000000000000006,0.3592252303692932,0.16892726230330948
71,71.0,71.0,0.1806149355372526,0.09586079668202042,0.119709531706506,0.03658914632072208,0.030000000000000006,0.055360891777399966,0.030000000000000006,0.030000000000000006,0.26583412265343687,0.1560305753226619
72,72.0,72.0,0.15629331694090443,0.0922352631425715,0.09795745170399558,0.030000000000000006,0.030000000000000006,0.040292496165187944,0.030000000000000006,0.030000000000000006,0.36796366188596263,0.12525781016137777
73,73.0,73.0,0.16990561698685744,0.1421555730186003,0.09519388064904102,0.030000000000000006,0.04665259186056957,0.030000000000000006,0.030000000000000006,0.030000000000000006,0.27506760347316817,0.15102473401176328
74,74.0,74.0,0.15643864525529888,0.0869322315321606,0.11511071625248762,0.048851833535737986,0.030000000000000006,0.04512435777060555,0.030000000000000006,0.030000000000000006,0.3275839522171685,0.12995826343654068
75,75.0,75.0,0.20800306531607243,0.07665393675661943,0.10110228756621979,0.030000000000000006,0.030000000000000006,0.054231799218321566,0.030000000000000006,0.039604268846861225,0.29545256277460463,0.1349520795213008
76,76.0,76.0,0.21505964380375744,0.08490883108176799,0.08918215036659813,0.030000000000000006,0.030000000000000006,0.030000000000000006,0.030000000000000006,0.030000000000000006,0.32148686610178123,0.1393625086460951
77,77.0,77.0,0.21007842946765326,0.10925581149094139,0.0698032413077854,0.030000000000000006,0.030000000000000006,0.030000000000000006,0.030000000000000006,0.030000000000000006,0.3220139849686538,0.138848532764966
78,78.0,78.0,0.17505649000656492,0.15696605326024923,0.07431607418328148,0.04531624068492603,0.030000000000000006,0.0528028300146683,0.030000000000000006,0.030000000000000006,0.2986095811542785,0.10693273069603135
79,79.0,79.0,0.18684710227878654,0.08236972708138265,0.1589462456727366,0.03475424347710625,0.030000000000000006,0.04788743292891047,0.030000000000000006,0.030000000000000006,0.24154407399362218,0.15765117456745514
80,80.0,80.0,0.14680315812695796,0.10412441531961605,0.1102372867904595,0.04800545288204291,0.030000000000000006,0.030000000000000006,0.030000000000000006,0.030000000000000006,0.3623065345437286,0.10852315233719485
81,81.0,81.0,0.14295015310943995,0.06218001782244462,0.1563834977446134,0.030000000000000006,0.05250294446012097,0.030000000000000006,0.030000000000000006,0.030000000000000006,0.34480525450884697,0.12117813235453398
82,82.0,82.0,0.1287817268666725,0.10601450375247376,0.098434620887602,0.030000000000000006,0.032756366185411355,0.030000000000000006,0.030000000000000006,0.030000000000000006,0.3436707310361823,0.17034205127165797
83,83.0,83.0,0.13685534271419253,0.12658127721221055,0.08446038925518841,0.0743615149042847,0.030000000000000006,0.030000000000000006,0.030000000000000006,0.030000000000000006,0.33682307533481726,0.12091840057930643
84,84.0,84.0,0.14462990609074824,0.12497710877904064,0.09448795778276772,0.03177072053680792,0.030000000000000006,0.045256663955057584,0.030000000000000006,0.048647033722848156,0.3367275828400523,0.11350302629267739
85,85.0,85.0,0.18649935521374433,0.1108335970794111,0.07490269299713731,0.043046088268664615,0.030000000000000006,0.030000000000000006,0.030000000000000006,0.030000000000000006,0.30001293753478353,0.1647053289062589
86,86.0,86.0,0.1700842683882339,0.09060114839532171,0.09860117981500813,0.030000000000000006,0.030000000000000006,0.030000000000000006,0.030000000000000006,0.030000000000000006,0.33226867834566737,0.15844472505576881
87,87.0,87.0,0.1799050204808384,0.06826858979374827,0.14848474957158295,0.030000000000000006,0.0447749907816541,0.04559119059656219,0.030000000000000006,0.030000000000000006,0.3037157539313188,0.11925970484429513
88,88.0,88.0,0.1905903425620848,0.06987364729017617,0.09728354466306798,0.04897613802474728,0.032819592892003036,0.039621399176954744,0.030000000000000006,0.030000000000000006,0.35568410810514395,0.10515122728582191
89,89.0,89.0,0.1542067638958175,0.13530734250256277,0.10486652170535507,0.031892372693657925,0.046611730796697184,0.043497031272316466,0.030000000000000006,0.030000000000000006,0.2706130300201256,0.15300520711346732
90,90.0,90.0,0.18386355781491498,0.07663402163124548,0.06283802868455117,0.04181809919284539,0.0467315110775118,0.06652368190941313,0.030000000000000006,0.030000000000000006,0.2856096719858214,0.1759814277036966
91,91.0,91.0,0.176645738447181,0.07485237701558753,0.0673712275187894,0.030000000000000006,0.030000000000000006,0.03623008660374196,0.030000000000000006,0.04993627713197431,0.3405017217779188,0.1644625715048068
92,92.0,92.0,0.17681080234675758,0.13546176087447354,0.11139150961342523,0.09013775733521019,0.030000000000000006,0.03798676281734664,0.030000000000000006,0.030000000000000006,0.2531435850715328,0.10506782194125401
93,93.0,93.0,0.19019387858909434,0.08491138318670619,0.08173036783772698,0.03307981258986317,0.030000000000000006,0.04801690365069959,0.030000000000000006,0.030000000000000006,0.3209841748691496,0.15108347927675997
94,94.0,94.0,0.18935424764993367,0.0519443573343731,0.07270488635470411,0.030000000000000006,0.030000000000000006,0.048234991470155794,0.030000000000000006,0.05896558405769521,0.3076149610758665,0.1811809720572715
95,95.0,95.0,0.13755475782691748,0.06609503617680598,0.10842131956583287,0.051865158074777186,0.06009128365186844,0.057380789393427986,0.030000000000000006,0.030000000000000006,0.32064301104101134,0.1379486442693585
96,96.0,96.0,0.2377894677342225,0.051219152966801684,0.06649458673406924,0.030000000000000006,0.030000000000000006,0.06502671464885292,0.030000000000000006,0.030000000000000006,0.3092554929329639,0.1502145849830897
97,97.0,97.0,0.13978501151824846,0.07964496652208095,0.07567356928435418,0.030000000000000006,0.051500100128993,0.0321790642022628,0.030000000000000006,0.030000000000000006,0.34063153820917064,0.19058575013488982
98,98.0,98.0,0.19583044372016806,0.09704623820685929,0.08660870193839068,0.030000000000000006,0.03608543965824136,0.030000000000000006,0.03844489007882751,0.030000000000000006,0.2863629828132883,0.1696213035842247
99,99.0,99.0,0.20972642812804962,0.06748581666336169,0.09810804105006757,0.030000000000000006,0.030000000000000006,0.030000000000000006,0.030000000000000006,0.030000000000000006,0.3335758738810181,0.14110384027750295
100,100.0,100.0,0.1922941554243419,0.03618181818181818,0.10157854715871495,0.052766117862753634,0.030000000000000006,0.030000000000000006,0.030000000000000006,0.030000000000000006,0.3514441885684819,0.14573517280388928
101,101.0,101.0,0.19737619044654756,0.051790432309852065,0.1038637964344669,0.04623168262108357,0.030000000000000006,0.030000000000000006,0.030000000000000006,0.030000000000000006,0.34574750155104816,0.13499039663700158
102,102.0,102.0,0.19214874867535325,0.08025076417893814,0.12842659683279184,0.030000000000000006,0.054538087025533796,0.030000000000000006,0.030000000000000006,0.030000000000000006,0.30449857741585395,0.1201372258715289
103,103.0,103.0,0.1817797841610371,0.0657424121940511,0.09795638214585474,0.05473419215727802,0.030000000000000006,0.030000000000000006,0.030000000000000006,0.030000000000000006,0.3464911824728666,0.13329604686891233
104,104.0,104.0,0.1836245257218113,0.09357720325975283,0.10185384429722946,0.05879786343907221,0.05337208314172868,0.04281253738485465,0.030000000000000006,0.030000000000000006,0.29890620606888163,0.10705573668666912
105,105.0,105.0,0.13343743607739827,0.1358536638648781,0.11779735310149946,0.10696881442387685,0.04207217989581295,0.03499122671442728,0.030000000000000006,0.030000000000000006,0.2674951896936063,0.10138413622850055
106,106.0,106.0,0.1546422769690587,0.09569529163627276,0.1870167820733849,0.03359716808527563,0.030000000000000006,0.04121470050115346,0.030000000000000006,0.030000000000000006,0.26146760585213413,0.1363661748827203
107,107.0,107.0,0.1776908007525473,0.09506305880667892,0.11461110198203224,0.044185081244005456,0.030000000000000006,0.034271500751930674,0.030000000000000006,0.030000000000000006,0.2693741927954034,0.1748042636674018
108,108.0,108.0,0.1684827054387679,0.07320600044562856,0.1328628726293517,0.03317340559277526,0.08317798989331836,0.03486894191727582,0.030000000000000006,0.030000000000000006,0.29032024895701314,0.12390783512586909
109,109.0,109.0,0.18947717722946195,0.0410081985816992,0.14493370031339295,0.030000000000000006,0.030000000000000006,0.030000000000000006,0.030000000000000006,0.030000000000000006,0.2666642742705103,0.2079166496049354
110,110.0,110.0,0.2348680814197786,0.030000000000000006,0.10423996294655495,0.030000000000000006,0.030000000000000006,0.030000000000000006,0.030000000000000006,0.030000000000000006,0.3283577418352488,0.15253421379841753
111,111.0,111.0,0.19196439411769223,0.08179273873307043,0.10379443410950098,0.030000000000000006,0.030000000000000006,0.030000000000000006,0.030000000000000006,0.030000000000000006,0.3582103771202111,0.11423805591952511
112,112.0,112.0,0.21151704991731565,0.11389050082294576,0.10226915972050554,0.04643050169629674,0.030000000000000006,0.030000000000000006,0.030000000000000006,0.030000000000000006,0.27712256185596795,0.12877022598696816
113,113.0,113.0,0.17514761349537494,0.09587445908635554,0.06051661969900794,0.04963246698529046,0.030000000000000006,0.030000000000000006,0.030000000000000006,0.030000000000000006,0.3607582643909357,0.13807057634303527
114,114.0,114.0,0.20201191027596374,0.11026254428541638,0.08485969054469464,0.03671992787197276,0.05050317212273488,0.030000000000000006,0.030000000000000006,0.056690524776901285,0.27694156771803,0.12201066240428626
115,115.0,115.0,0.19335884074690662,0.11290219226212006,0.0839651119929412,0.030000000000000006,0.03731293396657358,0.030000000000000006,0.030000000000000006,0.045438416151655336,0.32439270228407685,0.11262980259572616
116,116.0,116.0,0.16981246100550149,0.0732465955150588,0.06370309438860773,0.06859649122807018,0.030000000000000006,0.05955011376162374,0.030000000000000006,0.030000000000000006,0.34794385505924036,0.12714738904189754
117,117.0,117.0,0.2110100192521837,0.0609999327934266,0.1386517410788924,0.030000000000000006,0.052100384032101474,0.030000000000000006,0.030000000000000006,0.030000000000000006,0.3161105988553668,0.1011273239880289
118,118.0,118.0,0.1804549972048404,0.09506373397843251,0.11369997370206415,0.030000000000000006,0.030000000000000006,0.05980622640165277,0.030000000000000006,0.030000000000000006,0.3459998455841621,0.08497522312884791
119,119.0,119.0,0.20567336535032643,0.09685774189432654,0.06640217891678792,0.030000000000000006,0.05207518285422691,0.030000000000000006,0.030000000000000006,0.05806409873594111,0.32409477467959436,0.10683265756879665
120,120.0,120.0,0.17227609488221426,0.04715718434952549,0.08856658059356105,0.030000000000000006,0.030000000000000006,0.06490367774939973,0.030000000000000006,0.030000000000000006,0.33833864045207085,0.16875782197322858
121,121.0,121.0,0.17586270481477953,0.06300066589501527,0.16964917428406254,0.030000000000000006,0.030000000000000006,0.030000000000000006,0.030000000000000006,0.030000000000000006,0.2937735775085385,0.147713877497604
122,122.0,122.0,0.22625673156134946,0.0708562205402109,0.10835817465414008,0.04499883162404258,0.030000000000000006,0.030000000000000006,0.030000000000000006,0.030000000000000006,0.29699735188253623,0.1325326897377206
123,123.0,123.0,0.18607946248226218,0.06551474490715833,0.08868233458791445,0.030000000000000006,0.030000000000000006,0.06164739253763911,0.030000000000000006,0.030000000000000006,0.3547059232407264,0.12337014224429936
124,124.0,124.0,0.1761853138063947,0.04487560556205228,0.14844070943643228,0.045270061099796345,0.030000000000000006,0.030000000000000006,0.030000000000000006,0.030000000000000006,0.3165129125156062,0.14871539757971808
125,125.0,125.0,0.18536309972934262,0.06959655491456247,0.11515775162370892,0.030000000000000006,0.030000000000000006,0.030000000000000006,0.030000000000000006,0.030000000000000006,0.32000536858539885,0.15987722514698705
126,126.0,126.0,0.16177154059372106,0.0475638647988972,0.1385507769027586,0.048630057503317906,0.030000000000000006,0.050745730093817665,0.030000000000000006,0.030000000000000006,0.24648751407317965,0.21625051603430773
127,127.0,127.0,0.19399673236104362,0.06710287653713999,0.12534899256212267,0.030000000000000006,0.030000000000000006,0.035131657874850696,0.030000000000000006,0.030000000000000006,0.31801837673259514,0.14040136393224772
128,128.0,128.0,0.18999234261851156,0.10672987717574023,0.13422752036261723,0.06867453504625376,0.030000000000000006,0.030000000000000006,0.030000000000000006,0.030000000000000006,0.2734444668073927,0.1069312579894843
129,129.0,129.0,0.16762647026367727,0.08259990972009144,0.08871594942952199,0.030000000000000006,0.030000000000000006,0.041080282759534716,0.030000000000000006,0.030000000000000006,0.3078626430221311,0.19211474480504326
130,130.0,130.0,0.160943667709616,0.09975475840700365,0.06426489863766652,0.030000000000000006,0.030000000000000006,0.030000000000000006,0.030000000000000006,0.030000000000000006,0.367736039728438,0.15730063551727577
131,131.0,131.0,0.19516634532728422,0.0732142305522881,0.10517421966035141,0.030000000000000006,0.030000000000000006,0.030000000000000006,0.030000000000000006,0.030000000000000006,0.34886602745459194,0.12757917700548424
132,132.0,132.0,0.19602552962386252,0.062933339256045,0.09563041269722956,0.030000000000000006,0.030000000000000006,0.030000000000000006,0.030000000000000006,0.030000000000000006,0.40515175929991826,0.09025895912294465
133,133.0,133.0,0.20094317920607346,0.06932231450988496,0.12415753444176394,0.030000000000000006,0.030000000000000006,0.030000000000000006,0.030000000000000006,0.030000000000000006,0.3670556431165767,0.08852132872570083
134,134.0,134.0,0.1898662883116855,0.07158389618396495,0.10706629055258052,0.030000000000000006,0.030000000000000006,0.030000000000000006,0.030000000000000006,0.030000000000000006,0.36488685244925606,0.11659667250251285
135,135.0,135.0,0.16334895182244918,0.07737660891206781,0.10036722342231479,0.030000000000000006,0.030000000000000006,0.059001601708489074,0.030000000000000006,0.030000000000000006,0.36702627652853415,0.11287933760614496
136,136.0,136.0,0.20893323625623358,0.08917624097399722,0.0996264505088527,0.08090478159939934,0.030000000000000006,0.034647465834072,0.030000000000000006,0.030000000000000006,0.2864118426164589,0.1102999822109861
137,137.0,137.0,0.17915498345843717,0.08737511375817372,0.10599348932588626,0.0313653319625973,0.030000000000000006,0.04420540992150943,0.030000000000000006,0.030000000000000006,0.29054829805485427,0.1713573735185417
138,138.0,138.0,0.13790892996310453,0.08018847261454125,0.15907100007757974,0.04921724744080239,0.030000000000000006,0.04732884155618343,0.030000000000000006,0.030000000000000006,0.2950411991787934,0.14124430916899514
139,139.0,139.0,0.30393760395697716,0.0653439364185129,0.08714997159133056,0.03526970432139563,0.030000000000000006,0.030000000000000006,0.030000000000000006,0.030000000000000006,0.32220988710450366,0.06608889660727996
140,140.0,140.0,0.1771401846251034,0.11867109148785226,0.05306774501819409,0.030000000000000006,0.030000000000000006,0.04930848382684609,0.030000000000000006,0.030000000000000006,0.31918040949828475,0.16263208554371933
141,141.0,141.0,0.15029842853859904,0.11425447210128344,0.09970465546639565,0.030000000000000006,0.030000000000000006,0.033020104543626846,0.030000000000000006,0.030000000000000006,0.2951869762227337,0.18753536312736116
142,142.0,142.0,0.15396776815939495,0.04907422058666784,0.0747248960786859,0.030000000000000006,0.050403081672443686,0.05244283577209287,0.030000000000000006,0.052910174965397315,0.3608282741134254,0.14564874865189198
143,143.0,143.0,0.21078209308980864,0.07701996070296421,0.1200291512786813,0.030000000000000006,0.030000000000000006,0.03585995724767462,0.030000000000000006,0.030000000000000006,0.2752932127402891,0.1610156249405821
144,144.0,144.0,0.20807056504863067,0.10301964256236054,0.07843635883940567,0.030000000000000006,0.030000000000000006,0.030000000000000006,0.030000000000000006,0.030000000000000006,0.35679817167437716,0.10367526187522591
145,145.0,145.0,0.20203909294937167,0.09093123364963641,0.10783628825612497,0.030000000000000006,0.030000000000000006,0.030000000000000006,0.030000000000000006,0.030000000000000006,0.34550802160428745,0.10368536354057944
146,146.0,146.0,0.27463468071140457,0.06569082748454559,0.08067819496985111,0.030000000000000006,0.030000000000000006,0.044751235188466465,0.030000000000000006,0.030000000000000006,0.30621092748092493,0.10803413416480723
147,147.0,147.0,0.22201087560713545,0.0865763323923352,0.11301848958232566,0.030000000000000006,0.030000000000000006,0.030000000000000006,0.030000000000000006,0.030000000000000006,0.33784682011380884,0.09054748230439473
148,148.0,148.0,0.21563996587998777,0.11240246969127743,0.08980772007066898,0.030000000000000006,0.030000000000000006,0.05173052893968488,0.030000000000000006,0.030000000000000006,0.3147273020954454,0.09569201332293548
149,149.0,149.0,0.2219611424035603,0.04972581212875704,0.09479495510213351,0.030000000000000006,0.030000000000000006,0.030000000000000006,0.030000000000000006,0.030000000000000006,0.34355526892040544,0.13996282144514352
150,150.0,150.0,0.15623606258308062,0.10034308600227233,0.09563330883902808,0.030000000000000006,0.030000000000000006,0.030000000000000006,0.030000000000000006,0.030000000000000006,0.38545051755503174,0.11233702502058707
151,151.0,151.0,0.1982979679443336,0.06848128677916876,0.10528016358256606,0.030000000000000006,0.030000000000000006,0.030000000000000006,0.030000000000000006,0.030000000000000006,0.3212692597841426,0.15667132190978889
152,152.0,152.0,0.23776432429649358,0.06720163549922041,0.09625511522069712,0.030000000000000006,0.030000000000000006,0.030000000000000006,0.030000000000000006,0.030000000000000006,0.2892590435010004,0.15951988148258836
153,153.0,153.0,0.2030440843597836,0.07832275976030088,0.078120057776585,0.030000000000000006,0.030000000000000006,0.030000000000000006,0.04607900504222288,0.030000000000000006,0.3219086724233507,0.1525254206377569
154,154.0,154.0,0.28542578880562786,0.06118029307208785,0.046609452248481245,0.030000000000000006,0.030000000000000006,0.030000000000000006,0.030000000000000006,0.06520752402371706,0.27996248602884893,0.14161445582123694
155,155.0,155.0,0.2280070093749303,0.07095798417934396,0.05431695406924812,0.030000000000000006,0.030000000000000006,0.030000000000000006,0.030000000000000006,0.03220139780583799,0.29987069234423536,0.19464596222640412
156,156.0,156.0,0.18356692390531998,0.040141222079076375,0.1687956576876291,0.030000000000000006,0.030000000000000006,0.030000000000000006,0.030000000000000006,0.030000000000000006,0.2977157811567142,0.1597804151712603
157,157.0,157.0,0.15795191756221,0.08022654352767562,0.11674181666004461,0.030000000000000006,0.05660093183340851,0.030000000000000006,0.030000000000000006,0.030000000000000006,0.26909429906650406,0.1993844913501571
158,158.0,158.0,0.161047142441668,0.06652397573692057,0.11294418443242397,0.030000000000000006,0.030000000000000006,0.030000000000000006,0.030000000000000006,0.030000000000000006,0.4080508375031514,0.10143385988583602
159,159.0,159.0,0.24871697114517316,0.09214228010890298,0.10972985013612684,0.030000000000000006,0.030000000000000006,0.030000000000000006,0.030000000000000006,0.030000000000000006,0.3212600907182038,0.07815080789159318
160,160.0,160.0,0.13140136242095626,0.14940051461408083,0.08129743626416715,0.030000000000000006,0.030000000000000006,0.030000000000000006,0.049406392694063925,0.030000000000000006,0.2937546201860545,0.17473967382067723
161,161.0,161.0,0.1605220622760009,0.1490619190180111,0.10499954763321291,0.030000000000000006,0.07839101750095089,0.030000000000000006,0.030000000000000006,0.030000000000000006,0.3237729560791487,0.0632524974926755
162,162.0,162.0,0.23372572117763563,0.12933561124187798,0.08755536947133488,0.030000000000000006,0.030000000000000006,0.030000000000000006,0.030000000000000006,0.030000000000000006,0.33562601550883847,0.06375728260031295
163,163.0,163.0,0.23163427765349237,0.12434627701148648,0.11586395748287268,0.030000000000000006,0.030000000000000006,0.030000000000000006,0.030000000000000006,0.030000000000000006,0.2655647575874346,0.11259073026471386
164,164.0,164.0,0.2152340531788973,0.14063357888406502,0.12601518615442403,0.041479637824123596,0.030000000000000006,0.030000000000000006,0.030000000000000006,0.030000000000000006,0.22351449458254158,0.13312304937594838
165,165.0,165.0,0.2248910248415013,0.041209615745460206,0.14287397506363514,0.030000000000000006,0.030000000000000006,0.030000000000000006,0.030000000000000006,0.030000000000000006,0.3040801299797646,0.1369452543696387
166,166.0,166.0,0.2776435767847638,0.0384359495975438,0.15728628895945432,0.030000000000000006,0.030000000000000006,0.052301684083411806,0.030000000000000006,0.030000000000000006,0.2942594326697702,0.060073067905056024
167,167.0,167.0,0.23621849003001985,0.03741444824440775,0.199955812668187,0.06273954446573407,0.030000000000000006,0.037111111111111116,0.030000000000000006,0.030000000000000006,0.2666286409865599,0.06993195249398015
168,168.0,168.0,0.21901271261364785,0.03720338812046857,0.19549571959184517,0.030000000000000006,0.030000000000000006,0.034275449101796404,0.030000000000000006,0.030000000000000006,0.2887504962818862,0.10526223429035561
169,169.0,169.0,0.21178040618671048,0.07286816083587053,0.15095473804596904,0.030000000000000006,0.030000000000000006,0.030000000000000006,0.030000000000000006,0.030000000000000006,0.30691832611097203,0.10747836882047787
170,170.0,170.0,0.23173029343703094,0.08492534442379693,0.19317226671897508,0.030000000000000006,0.030000000000000006,0.04573885424516977,0.030000000000000006,0.030000000000000006,0.24647865324714932,0.07795458792787789
171,171.0,171.0,0.17473428104929703,0.07664215968239382,0.14069051181562306,0.030000000000000006,0.030000000000000006,0.033359738256248425,0.030000000000000006,0.030000000000000006,0.36827862109765297,0.08629468809878456
172,172.0,172.0,0.19155575433569702,0.08547873683434573,0.0811692016832074,0.030000000000000006,0.030000000000000006,0.030000000000000006,0.030000000000000006,0.030000000000000006,0.3268632620023162,0.1649330451444336
173,173.0,173.0,0.18899502858599299,0.045576084165093,0.13914638198070448,0.030000000000000006,0.030000000000000006,0.030000000000000006,0.030000000000000006,0.030000000000000006,0.31262838698260664,0.16365411828560286
174,174.0,174.0,0.19250073964098022,0.055557450114660165,0.12251184558255394,0.030000000000000006,0.030000000000000006,0.0678975576599162,0.030000000000000006,0.06965714819543489,0.27089667164115905,0.13097858716529553
175,175.0,175.0,0.21428817914229734,0.04499611910439172,0.0771764758141808,0.030000000000000006,0.030000000000000006,0.030000000000000006,0.030000000000000006,0.03254134297361742,0.39207449044942017,0.11892339251609255
176,176.0,176.0,0.1969782030388764,0.038736143125581844,0.11645396007862634,0.030000000000000006,0.030000000000000006,0.030000000000000006,0.030000000000000006,0.06756756756756757,0.38548656864527686,0.07477755754407096
177,177.0,177.0,0.21274561487634389,0.03804263390089537,0.10324821984908468,0.030000000000000006,0.030000000000000006,0.0426226157133945,0.030000000000000006,0.030000000000000006,0.40778937744701,0.07555153821327151
178,178.0,178.0,0.21536696275531178,0.052681031733952235,0.07465342946285938,0.041363103943712606,0.030000000000000006,0.03203518279588883,0.030000000000000006,0.03909048315497009,0.38808411288527955,0.09672569326802546
179,179.0,179.0,0.09703200423940951,0.04176132514078007,0.1117159462683339,0.030000000000000006,0.030000000000000006,0.05497811989244479,0.030000000000000006,0.030000000000000006,0.46597788158766534,0.10853472287136631
180,180.0,180.0,0.23611874700327135,0.07148843555356851,0.0971661518384595,0.030000000000000006,0.030000000000000006,0.03304644557799098,0.030000000000000006,0.030000000000000006,0.36026322000316324,0.0819170000235464
181,181.0,181.0,0.195717136730284,0.06817318524853686,0.07212175018334402,0.030000000000000006,0.030000000000000006,0.030000000000000006,0.030000000000000006,0.030000000000000006,0.31096005645388103,0.20302787138395403
182,182.0,182.0,0.2093994337932315,0.05246799657715413,0.1036532069798243,0.030000000000000006,0.0407242302276562,0.030000000000000006,0.030000000000000006,0.030000000000000006,0.3488150644600697,0.124940067962064
183,183.0,183.0,0.2632945462638959,0.06736379717953517,0.06596843424321878,0.030000000000000006,0.03672567148187831,0.030000000000000006,0.030000000000000006,0.030000000000000006,0.3823337242805599,0.06431382655091183
