,Unnamed: 0,Total_iterations,Intertwine_two,Add_vertex,Delete_vertex,Invert_path_vertices,Insert_inside_vertex,Delete_inside_vertex,Replace_inside_vertex,Donate_between_routes
0,0.0,0.0,0.125,0.125,0.125,0.125,0.125,0.125,0.125,0.125
1,1.0,1.0,0.125,0.125,0.125,0.125,0.125,0.125,0.125,0.125
2,2.0,2.0,0.125,0.125,0.125,0.125,0.125,0.125,0.125,0.125
3,3.0,3.0,0.125,0.125,0.125,0.125,0.125,0.125,0.125,0.125
4,4.0,4.0,0.125,0.125,0.125,0.125,0.125,0.125,0.125,0.125
5,5.0,5.0,0.125,0.125,0.125,0.125,0.125,0.125,0.125,0.125
6,6.0,6.0,0.125,0.125,0.125,0.125,0.125,0.125,0.125,0.125
7,7.0,7.0,0.125,0.125,0.125,0.125,0.125,0.125,0.125,0.125
8,8.0,8.0,0.125,0.125,0.125,0.125,0.125,0.125,0.125,0.125
9,9.0,9.0,0.125,0.125,0.125,0.125,0.125,0.125,0.125,0.125
10,10.0,10.0,0.125,0.125,0.125,0.125,0.125,0.125,0.125,0.125
11,11.0,11.0,0.125,0.125,0.125,0.125,0.125,0.125,0.125,0.125
12,12.0,12.0,0.125,0.125,0.125,0.125,0.125,0.125,0.125,0.125
13,13.0,13.0,0.125,0.125,0.125,0.125,0.125,0.125,0.125,0.125
14,14.0,14.0,0.125,0.125,0.125,0.125,0.125,0.125,0.125,0.125
15,15.0,15.0,0.125,0.125,0.125,0.125,0.125,0.125,0.125,0.125
16,16.0,16.0,0.125,0.125,0.125,0.125,0.125,0.125,0.125,0.125
17,17.0,17.0,0.125,0.125,0.125,0.125,0.125,0.125,0.125,0.125
18,18.0,18.0,0.125,0.125,0.125,0.125,0.125,0.125,0.125,0.125
19,19.0,19.0,0.125,0.125,0.125,0.125,0.125,0.125,0.125,0.125
20,20.0,20.0,0.125,0.125,0.125,0.125,0.125,0.125,0.125,0.125
21,21.0,21.0,0.125,0.125,0.125,0.125,0.125,0.125,0.125,0.125
22,22.0,22.0,0.125,0.125,0.125,0.125,0.125,0.125,0.125,0.125
23,23.0,23.0,0.125,0.125,0.125,0.125,0.125,0.125,0.125,0.125
24,24.0,24.0,0.125,0.125,0.125,0.125,0.125,0.125,0.125,0.125
25,25.0,25.0,0.125,0.125,0.125,0.125,0.125,0.125,0.125,0.125
26,26.0,26.0,0.125,0.125,0.125,0.125,0.125,0.125,0.125,0.125
27,27.0,27.0,0.125,0.125,0.125,0.125,0.125,0.125,0.125,0.125
28,28.0,28.0,0.125,0.125,0.125,0.125,0.125,0.125,0.125,0.125
29,29.0,29.0,0.125,0.125,0.125,0.125,0.125,0.125,0.125,0.125
30,30.0,30.0,0.125,0.125,0.125,0.125,0.125,0.125,0.125,0.125
31,31.0,31.0,0.125,0.125,0.125,0.125,0.125,0.125,0.125,0.125
32,32.0,32.0,0.125,0.125,0.125,0.125,0.125,0.125,0.125,0.125
33,33.0,33.0,0.125,0.125,0.125,0.125,0.125,0.125,0.125,0.125
34,34.0,34.0,0.125,0.125,0.125,0.125,0.125,0.125,0.125,0.125
35,35.0,35.0,0.125,0.125,0.125,0.125,0.125,0.125,0.125,0.125
36,36.0,36.0,0.125,0.125,0.125,0.125,0.125,0.125,0.125,0.125
37,37.0,37.0,0.125,0.125,0.125,0.125,0.125,0.125,0.125,0.125
38,38.0,38.0,0.125,0.125,0.125,0.125,0.125,0.125,0.125,0.125
39,39.0,39.0,0.125,0.125,0.125,0.125,0.125,0.125,0.125,0.125
40,40.0,40.0,0.125,0.125,0.125,0.125,0.125,0.125,0.125,0.125
41,41.0,41.0,0.125,0.125,0.125,0.125,0.125,0.125,0.125,0.125
42,42.0,42.0,0.125,0.125,0.125,0.125,0.125,0.125,0.125,0.125
43,43.0,43.0,0.125,0.125,0.125,0.125,0.125,0.125,0.125,0.125
44,44.0,44.0,0.125,0.125,0.125,0.125,0.125,0.125,0.125,0.125
45,45.0,45.0,0.125,0.125,0.125,0.125,0.125,0.125,0.125,0.125
46,46.0,46.0,0.125,0.125,0.125,0.125,0.125,0.125,0.125,0.125
47,47.0,47.0,0.125,0.125,0.125,0.125,0.125,0.125,0.125,0.125
48,48.0,48.0,0.125,0.125,0.125,0.125,0.125,0.125,0.125,0.125
49,49.0,49.0,0.125,0.125,0.125,0.125,0.125,0.125,0.125,0.125
50,50.0,50.0,0.125,0.125,0.125,0.125,0.125,0.125,0.125,0.125
51,51.0,51.0,0.125,0.125,0.125,0.125,0.125,0.125,0.125,0.125
52,52.0,52.0,0.125,0.125,0.125,0.125,0.125,0.125,0.125,0.125
53,53.0,53.0,0.125,0.125,0.125,0.125,0.125,0.125,0.125,0.125
54,54.0,54.0,0.125,0.125,0.125,0.125,0.125,0.125,0.125,0.125
55,55.0,55.0,0.125,0.125,0.125,0.125,0.125,0.125,0.125,0.125
56,56.0,56.0,0.125,0.125,0.125,0.125,0.125,0.125,0.125,0.125
57,57.0,57.0,0.125,0.125,0.125,0.125,0.125,0.125,0.125,0.125
58,58.0,58.0,0.125,0.125,0.125,0.125,0.125,0.125,0.125,0.125
59,59.0,59.0,0.125,0.125,0.125,0.125,0.125,0.125,0.125,0.125
60,60.0,60.0,0.125,0.125,0.125,0.125,0.125,0.125,0.125,0.125
61,61.0,61.0,0.125,0.125,0.125,0.125,0.125,0.125,0.125,0.125
62,62.0,62.0,0.125,0.125,0.125,0.125,0.125,0.125,0.125,0.125
63,63.0,63.0,0.125,0.125,0.125,0.125,0.125,0.125,0.125,0.125
64,64.0,64.0,0.125,0.125,0.125,0.125,0.125,0.125,0.125,0.125
65,65.0,65.0,0.125,0.125,0.125,0.125,0.125,0.125,0.125,0.125
66,66.0,66.1,0.125,0.125,0.125,0.125,0.125,0.125,0.125,0.125
67,67.0,67.1,0.125,0.125,0.125,0.125,0.125,0.125,0.125,0.125
68,68.0,68.1,0.125,0.125,0.125,0.125,0.125,0.125,0.125,0.125
69,69.0,69.1,0.125,0.125,0.125,0.125,0.125,0.125,0.125,0.125
70,70.0,70.1,0.125,0.125,0.125,0.125,0.125,0.125,0.125,0.125
71,71.0,71.1,0.125,0.125,0.125,0.125,0.125,0.125,0.125,0.125
72,72.0,72.1,0.125,0.125,0.125,0.125,0.125,0.125,0.125,0.125
73,73.0,73.1,0.125,0.125,0.125,0.125,0.125,0.125,0.125,0.125
74,74.0,74.1,0.125,0.125,0.125,0.125,0.125,0.125,0.125,0.125
75,75.0,75.2,0.125,0.125,0.125,0.125,0.125,0.125,0.125,0.125
76,76.0,76.2,0.125,0.125,0.125,0.125,0.125,0.125,0.125,0.125
77,77.0,77.2,0.125,0.125,0.125,0.125,0.125,0.125,0.125,0.125
78,78.0,78.2,0.125,0.125,0.125,0.125,0.125,0.125,0.125,0.125
79,79.0,79.3,0.125,0.125,0.125,0.125,0.125,0.125,0.125,0.125
80,80.0,80.3,0.125,0.125,0.125,0.125,0.125,0.125,0.125,0.125
81,81.0,81.3,0.125,0.125,0.125,0.125,0.125,0.125,0.125,0.125
82,82.0,82.3,0.125,0.125,0.125,0.125,0.125,0.125,0.125,0.125
83,83.0,83.3,0.125,0.125,0.125,0.125,0.125,0.125,0.125,0.125
84,84.0,84.3,0.125,0.125,0.125,0.125,0.125,0.125,0.125,0.125
85,85.0,85.3,0.125,0.125,0.125,0.125,0.125,0.125,0.125,0.125
86,86.0,86.3,0.125,0.125,0.125,0.125,0.125,0.125,0.125,0.125
87,87.0,87.4,0.125,0.125,0.125,0.125,0.125,0.125,0.125,0.125
88,88.0,88.4,0.125,0.125,0.125,0.125,0.125,0.125,0.125,0.125
89,89.0,89.4,0.125,0.125,0.125,0.125,0.125,0.125,0.125,0.125
90,90.0,90.4,0.125,0.125,0.125,0.125,0.125,0.125,0.125,0.125
91,91.0,91.4,0.125,0.125,0.125,0.125,0.125,0.125,0.125,0.125
92,92.0,92.4,0.125,0.125,0.125,0.125,0.125,0.125,0.125,0.125
93,93.0,93.4,0.125,0.125,0.125,0.125,0.125,0.125,0.125,0.125
94,94.0,94.4,0.125,0.125,0.125,0.125,0.125,0.125,0.125,0.125
95,95.0,95.4,0.125,0.125,0.125,0.125,0.125,0.125,0.125,0.125
96,96.0,96.4,0.125,0.125,0.125,0.125,0.125,0.125,0.125,0.125
97,97.0,97.4,0.125,0.125,0.125,0.125,0.125,0.125,0.125,0.125
98,98.0,98.4,0.125,0.125,0.125,0.125,0.125,0.125,0.125,0.125
99,99.0,99.4,0.125,0.125,0.125,0.125,0.125,0.125,0.125,0.125
100,100.0,100.4,0.125,0.125,0.125,0.125,0.125,0.125,0.125,0.125
101,101.0,101.4,0.125,0.125,0.125,0.125,0.125,0.125,0.125,0.125
102,102.0,102.4,0.125,0.125,0.125,0.125,0.125,0.125,0.125,0.125
103,103.0,103.4,0.125,0.125,0.125,0.125,0.125,0.125,0.125,0.125
104,104.0,104.4,0.125,0.125,0.125,0.125,0.125,0.125,0.125,0.125
105,105.0,105.4,0.125,0.125,0.125,0.125,0.125,0.125,0.125,0.125
106,106.0,106.4,0.125,0.125,0.125,0.125,0.125,0.125,0.125,0.125
107,107.0,107.4,0.125,0.125,0.125,0.125,0.125,0.125,0.125,0.125
108,108.0,108.4,0.125,0.125,0.125,0.125,0.125,0.125,0.125,0.125
109,109.0,109.4,0.125,0.125,0.125,0.125,0.125,0.125,0.125,0.125
110,110.0,110.4,0.125,0.125,0.125,0.125,0.125,0.125,0.125,0.125
111,111.0,111.4,0.125,0.125,0.125,0.125,0.125,0.125,0.125,0.125
112,112.0,112.4,0.125,0.125,0.125,0.125,0.125,0.125,0.125,0.125
113,113.0,113.4,0.125,0.125,0.125,0.125,0.125,0.125,0.125,0.125
114,114.0,114.4,0.125,0.125,0.125,0.125,0.125,0.125,0.125,0.125
115,115.0,115.4,0.125,0.125,0.125,0.125,0.125,0.125,0.125,0.125
116,116.0,116.4,0.125,0.125,0.125,0.125,0.125,0.125,0.125,0.125
117,117.0,117.4,0.125,0.125,0.125,0.125,0.125,0.125,0.125,0.125
118,118.0,118.4,0.125,0.125,0.125,0.125,0.125,0.125,0.125,0.125
119,119.0,119.4,0.125,0.125,0.125,0.125,0.125,0.125,0.125,0.125
120,120.0,120.4,0.125,0.125,0.125,0.125,0.125,0.125,0.125,0.125
121,121.0,121.4,0.125,0.125,0.125,0.125,0.125,0.125,0.125,0.125
122,122.0,122.4,0.125,0.125,0.125,0.125,0.125,0.125,0.125,0.125
123,123.0,123.4,0.125,0.125,0.125,0.125,0.125,0.125,0.125,0.125
124,124.0,124.4,0.125,0.125,0.125,0.125,0.125,0.125,0.125,0.125
125,125.0,125.4,0.125,0.125,0.125,0.125,0.125,0.125,0.125,0.125
126,126.0,126.4,0.125,0.125,0.125,0.125,0.125,0.125,0.125,0.125
127,127.0,127.4,0.125,0.125,0.125,0.125,0.125,0.125,0.125,0.125
128,128.0,128.4,0.125,0.125,0.125,0.125,0.125,0.125,0.125,0.125
129,129.0,129.4,0.125,0.125,0.125,0.125,0.125,0.125,0.125,0.125
130,130.0,130.4,0.125,0.125,0.125,0.125,0.125,0.125,0.125,0.125
131,131.0,131.4,0.125,0.125,0.125,0.125,0.125,0.125,0.125,0.125
132,132.0,132.4,0.125,0.125,0.125,0.125,0.125,0.125,0.125,0.125
133,133.0,133.4,0.125,0.125,0.125,0.125,0.125,0.125,0.125,0.125
134,134.0,134.4,0.125,0.125,0.125,0.125,0.125,0.125,0.125,0.125
135,135.0,135.4,0.125,0.125,0.125,0.125,0.125,0.125,0.125,0.125
136,136.0,136.4,0.125,0.125,0.125,0.125,0.125,0.125,0.125,0.125
137,137.0,137.4,0.125,0.125,0.125,0.125,0.125,0.125,0.125,0.125
138,138.0,138.4,0.125,0.125,0.125,0.125,0.125,0.125,0.125,0.125
139,139.0,139.4,0.125,0.125,0.125,0.125,0.125,0.125,0.125,0.125
140,140.0,140.4,0.125,0.125,0.125,0.125,0.125,0.125,0.125,0.125
141,141.0,141.4,0.125,0.125,0.125,0.125,0.125,0.125,0.125,0.125
142,142.0,142.4,0.125,0.125,0.125,0.125,0.125,0.125,0.125,0.125
143,143.0,143.4,0.125,0.125,0.125,0.125,0.125,0.125,0.125,0.125
144,144.0,144.4,0.125,0.125,0.125,0.125,0.125,0.125,0.125,0.125
145,145.0,145.4,0.125,0.125,0.125,0.125,0.125,0.125,0.125,0.125
146,146.0,146.4,0.125,0.125,0.125,0.125,0.125,0.125,0.125,0.125
147,147.0,147.4,0.125,0.125,0.125,0.125,0.125,0.125,0.125,0.125
148,148.0,148.4,0.125,0.125,0.125,0.125,0.125,0.125,0.125,0.125
149,149.0,149.4,0.125,0.125,0.125,0.125,0.125,0.125,0.125,0.125
150,150.0,150.4,0.125,0.125,0.125,0.125,0.125,0.125,0.125,0.125
151,151.0,151.4,0.125,0.125,0.125,0.125,0.125,0.125,0.125,0.125
152,152.0,152.4,0.125,0.125,0.125,0.125,0.125,0.125,0.125,0.125
153,153.0,153.4,0.125,0.125,0.125,0.125,0.125,0.125,0.125,0.125
154,154.0,154.4,0.125,0.125,0.125,0.125,0.125,0.125,0.125,0.125
155,155.0,155.4,0.125,0.125,0.125,0.125,0.125,0.125,0.125,0.125
156,156.0,156.4,0.125,0.125,0.125,0.125,0.125,0.125,0.125,0.125
157,157.0,157.4,0.125,0.125,0.125,0.125,0.125,0.125,0.125,0.125
158,158.0,158.4,0.125,0.125,0.125,0.125,0.125,0.125,0.125,0.125
159,159.0,159.4,0.125,0.125,0.125,0.125,0.125,0.125,0.125,0.125
160,160.0,160.4,0.125,0.125,0.125,0.125,0.125,0.125,0.125,0.125
161,161.0,161.4,0.125,0.125,0.125,0.125,0.125,0.125,0.125,0.125
162,162.0,162.4,0.125,0.125,0.125,0.125,0.125,0.125,0.125,0.125
163,163.0,163.4,0.125,0.125,0.125,0.125,0.125,0.125,0.125,0.125
164,164.0,164.4,0.125,0.125,0.125,0.125,0.125,0.125,0.125,0.125
165,165.0,165.4,0.125,0.125,0.125,0.125,0.125,0.125,0.125,0.125
166,166.0,166.4,0.125,0.125,0.125,0.125,0.125,0.125,0.125,0.125
167,167.0,167.4,0.125,0.125,0.125,0.125,0.125,0.125,0.125,0.125
168,168.0,168.4,0.125,0.125,0.125,0.125,0.125,0.125,0.125,0.125
169,169.0,169.4,0.125,0.125,0.125,0.125,0.125,0.125,0.125,0.125
170,170.0,170.4,0.125,0.125,0.125,0.125,0.125,0.125,0.125,0.125
171,171.0,171.4,0.125,0.125,0.125,0.125,0.125,0.125,0.125,0.125
172,172.0,172.4,0.125,0.125,0.125,0.125,0.125,0.125,0.125,0.125
173,173.0,173.4,0.125,0.125,0.125,0.125,0.125,0.125,0.125,0.125
174,174.0,174.4,0.125,0.125,0.125,0.125,0.125,0.125,0.125,0.125
175,175.0,175.4,0.125,0.125,0.125,0.125,0.125,0.125,0.125,0.125
176,176.0,176.4,0.125,0.125,0.125,0.125,0.125,0.125,0.125,0.125
177,177.0,177.4,0.125,0.125,0.125,0.125,0.125,0.125,0.125,0.125
178,178.0,178.4,0.125,0.125,0.125,0.125,0.125,0.125,0.125,0.125
179,179.0,179.4,0.125,0.125,0.125,0.125,0.125,0.125,0.125,0.125
180,180.0,180.4,0.125,0.125,0.125,0.125,0.125,0.125,0.125,0.125
181,181.0,181.4,0.125,0.125,0.125,0.125,0.125,0.125,0.125,0.125
182,182.0,182.4,0.125,0.125,0.125,0.125,0.125,0.125,0.125,0.125
183,183.0,183.4,0.125,0.125,0.125,0.125,0.125,0.125,0.125,0.125
184,184.0,184.4,0.125,0.125,0.125,0.125,0.125,0.125,0.125,0.125
185,185.0,185.4,0.125,0.125,0.125,0.125,0.125,0.125,0.125,0.125
186,186.0,186.4,0.125,0.125,0.125,0.125,0.125,0.125,0.125,0.125
187,187.0,187.4,0.125,0.125,0.125,0.125,0.125,0.125,0.125,0.125
188,188.0,188.4,0.125,0.125,0.125,0.125,0.125,0.125,0.125,0.125
189,189.0,189.4,0.125,0.125,0.125,0.125,0.125,0.125,0.125,0.125
190,190.0,190.4,0.125,0.125,0.125,0.125,0.125,0.125,0.125,0.125
191,191.0,191.4,0.125,0.125,0.125,0.125,0.125,0.125,0.125,0.125
192,192.0,192.4,0.125,0.125,0.125,0.125,0.125,0.125,0.125,0.125
193,193.0,193.4,0.125,0.125,0.125,0.125,0.125,0.125,0.125,0.125
194,194.0,194.4,0.125,0.125,0.125,0.125,0.125,0.125,0.125,0.125
195,195.0,195.4,0.125,0.125,0.125,0.125,0.125,0.125,0.125,0.125
196,196.0,196.4,0.125,0.125,0.125,0.125,0.125,0.125,0.125,0.125
197,197.0,197.4,0.125,0.125,0.125,0.125,0.125,0.125,0.125,0.125
198,198.0,198.4,0.125,0.125,0.125,0.125,0.125,0.125,0.125,0.125
199,199.0,199.4,0.12361111111111112,0.12361111111111112,0.12361111111111112,0.12361111111111112,0.13472222222222224,0.12361111111111112,0.12361111111111112,0.12361111111111112
200,200.0,200.4,0.12916666666666668,0.12916666666666665,0.11805555555555555,0.11805555555555555,0.14027777777777778,0.12916666666666668,0.11805555555555555,0.11805555555555555
201,201.0,201.4,0.12805555555555556,0.12694444444444444,0.12694444444444444,0.11694444444444445,0.13916666666666666,0.12805555555555556,0.11694444444444445,0.11694444444444445
202,202.0,202.4,0.11603535353535352,0.12512626262626264,0.1342171717171717,0.11603535353535352,0.13825757575757575,0.13825757575757575,0.11603535353535352,0.11603535353535352
203,203.0,203.4,0.11492424242424241,0.12401515151515152,0.13310606060606062,0.11492424242424241,0.13714646464646463,0.14603535353535352,0.11492424242424241,0.11492424242424241
204,204.0,204.4,0.11492424242424241,0.12401515151515152,0.14421717171717172,0.11492424242424241,0.13714646464646463,0.13492424242424242,0.11492424242424241,0.11492424242424241
205,205.0,205.4,0.1115151515151515,0.1206060606060606,0.1396969696969697,0.1206060606060606,0.14373737373737372,0.1296969696969697,0.1226262626262626,0.1115151515151515
206,206.0,206.4,0.11075757575757575,0.12818181818181817,0.13818181818181818,0.11984848484848484,0.14297979797979798,0.1274242424242424,0.12186868686868686,0.11075757575757575
207,207.0,207.4,0.10873737373737373,0.12616161616161617,0.14525252525252524,0.11782828282828284,0.13893939393939395,0.1344949494949495,0.11984848484848483,0.10873737373737373
208,208.0,208.4,0.10659090909090907,0.1240151515151515,0.13325757575757574,0.11568181818181818,0.14512626262626263,0.13992424242424245,0.11770202020202018,0.11770202020202018
209,209.0,209.4,0.113525641025641,0.12185897435897433,0.1212179487179487,0.12352564102564101,0.1423290598290598,0.14493589743589746,0.1163034188034188,0.1163034188034188
210,210.0,210.4,0.12063353313353312,0.12063353313353312,0.12008408258408257,0.1283258408258408,0.14797841047841048,0.1324217449217449,0.11496142746142746,0.11496142746142746
211,211.0,211.4,0.1184235209235209,0.1184235209235209,0.1184235209235209,0.12556637806637805,0.14576839826839824,0.1479040404040404,0.11330086580086578,0.11218975468975467
212,212.0,212.4,0.11669362800941747,0.1076027189185084,0.11822245006455531,0.12897432976380344,0.14403850535429483,0.15435596567175514,0.12008544087491455,0.1100269613427508
213,213.0,213.4,0.11235380116959062,0.10402046783625729,0.11382309941520466,0.1321345029239766,0.14513157894736842,0.15568713450292396,0.12241228070175436,0.11443713450292396
214,214.0,214.4,0.11120184038527689,0.10286850705194357,0.11850447196422427,0.13024724802201582,0.14314628482972136,0.15286850705194358,0.12751031991744063,0.11365282077743377
215,215.0,215.4,0.10990721997300942,0.1015738866396761,0.1172098515519568,0.13257253711201078,0.1405696131354026,0.1515738866396761,0.1339080071974809,0.11268499775078722
216,216.0,216.4,0.10935776942355888,0.09997180451127818,0.11666040100250626,0.13911967418546362,0.13892126148705095,0.15102443609022556,0.13280910609857977,0.11213554720133667
217,217.0,217.4,0.10840532704309791,0.09901936213081722,0.12122266450439823,0.14255319671728336,0.13723352498894292,0.14860140547447048,0.13148901665929527,0.11147550248169442
218,218.0,218.4,0.10807852965747697,0.0986925647451963,0.12024227234753546,0.14778195488721804,0.13520050125313282,0.14802005012531327,0.13083542188805344,0.11114870509607348
219,219.0,219.4,0.10794695071010856,0.09961361737677524,0.12009972848788635,0.14765037593984962,0.13507988721804506,0.14787750626566415,0.13071480785296571,0.11101712614870507
220,220.0,220.4,0.0994847513973938,0.0994847513973938,0.12551567923244536,0.1419659544049126,0.13496176007027877,0.15710216262305246,0.1305966807051994,0.11088826016932363
221,221.0,221.4,0.09855132809554946,0.09855132809554946,0.12306403730711919,0.1462956889978051,0.133443541446797,0.160768379447164,0.12937085974253631,0.10995483686747928
222,222.0,222.4,0.1048815767942192,0.09773871965136206,0.12091250462927075,0.1452199226588809,0.13210461721313588,0.16170533722622704,0.1282950934036121,0.10914222842329188
223,223.0,223.4,0.10369110060374301,0.09702443393707635,0.11900774272450884,0.1556961131350713,0.1309141410226597,0.15789581341670325,0.12734271245123113,0.10842794270900617
224,224.0,224.4,0.10369110060374301,0.09702443393707635,0.11900774272450884,0.1556961131350713,0.1309141410226597,0.15789581341670325,0.12734271245123113,0.10842794270900617
225,225.0,225.4,0.10458527270557343,0.09689819787564145,0.11887098699128773,0.15556987707363645,0.13079842463301106,0.1577485380116959,0.12722699606158247,0.10830170664757129
226,226.0,226.4,0.102640828261129,0.10537042009786368,0.11692654254684327,0.153625432629192,0.1292706468552333,0.16080409356725142,0.12458810717269361,0.10677392886979353
227,227.0,227.4,0.10190553414348194,0.10500277303904015,0.11619124842919622,0.15289013851154495,0.12890299979640976,0.1644805641554867,0.12422046011387007,0.10640628181097
228,228.0,228.4,0.1003428484631492,0.10285779383523741,0.11462856274886346,0.1513274528312122,0.13675802059260703,0.16683944710260495,0.12207548091006734,0.10517039351625816
229,229.0,229.4,0.09950173051676808,0.10155149779209927,0.12581751999045226,0.15148884115049524,0.1259279150256593,0.16675020885547198,0.11600728010502441,0.11295500656402908
230,230.0,230.4,0.09786430361618328,0.11017722878625132,0.12391693519513065,0.15485141424991045,0.12344253490870027,0.16353383458646614,0.11463301109917648,0.11158073755818114
231,231.0,231.4,0.0964790222309019,0.10812095172997424,0.12229355857175402,0.147964879731797,0.12614816261432799,0.17507404875825922,0.1134858249519903,0.110433551410995
232,232.0,232.4,0.09578296390326464,0.10764134361878722,0.12032841844871915,0.15133466783842722,0.1254521042866907,0.1765003417634996,0.11300621684080325,0.10995394329980793
233,233.0,233.4,0.09609431921461994,0.1079526989301425,0.12444929756959829,0.16983949634325574,0.11917005300463941,0.16605412131727915,0.10617471500930145,0.11026529861116323
234,234.0,234.4,0.09548261208117367,0.10753862025519427,0.12710316544085748,0.1686160820763632,0.11855834587119315,0.16708931800464977,0.1057606363343532,0.10985121993621501
235,235.0,235.4,0.09908933144876261,0.10715983237640639,0.12517628797050173,0.16813721311923335,0.1256907062644231,0.16387785555405687,0.1013963412091885,0.10947243205742711
236,236.0,236.4,0.0964601200804208,0.1034653529427965,0.14110297722327794,0.16980553030928966,0.12073065906524547,0.16298052824368608,0.0989193037538902,0.10653552838139302
237,237.0,237.4,0.09528246440276514,0.1060459390233826,0.13875865487895558,0.17105461455837392,0.12630025613484255,0.15955928282244067,0.09788267371726016,0.1051161144619791
238,238.0,238.4,0.09485511397541471,0.10590348888093246,0.13833130445160519,0.17034236384612317,0.129719059553646,0.15813478139793924,0.09774022357481002,0.10497366431952895
239,239.0,239.4,0.09485511397541471,0.10590348888093246,0.13833130445160519,0.17034236384612317,0.129719059553646,0.15813478139793924,0.09774022357481002,0.10497366431952895
240,240.0,240.4,0.09462495524525597,0.10610454708199064,0.14343447905477977,0.17001432151808085,0.12948890082348724,0.15338345864661648,0.09794128177586822,0.1050080558539205
241,241.0,241.4,0.095650596270897,0.11418147015891371,0.14381909443939517,0.17039893690269628,0.1298735162081026,0.1560757663389242,0.09063358946817592,0.09936703021289486
242,242.0,242.4,0.09770377297924612,0.10729091818215486,0.14604121140289145,0.16725570082842572,0.12697658555255129,0.15369544551032752,0.09615146239984194,0.10488490314456086
243,243.0,243.4,0.10243447905477979,0.10474740422484782,0.1466606695309703,0.17081194056569995,0.12426271034729677,0.15387155388471174,0.09439366272824917,0.10281757966344432
244,244.0,244.4,0.1015877048612314,0.10338987734312739,0.14550475555247563,0.17527430615709777,0.12310679636880217,0.15539037108901282,0.09386946917986208,0.10187671944839054
245,245.0,245.4,0.10200730818643247,0.10337660590552009,0.13851466112760893,0.16727727670015372,0.12564051146774496,0.16636104968303106,0.09459149185990184,0.10223109506960677
246,246.0,246.4,0.1014746741537984,0.10312806278197695,0.1434147194026672,0.16649609954397654,0.1252025744048079,0.16411221518419655,0.09418910258251255,0.10198255194606365
247,247.0,247.4,0.1004771422739136,0.10239791058123651,0.15010949521509007,0.1647684154633513,0.12595329427317484,0.16158239206613817,0.09345895038177213,0.10125239974532321
248,248.0,248.4,0.10673441441353866,0.10176442641834058,0.1525206135085613,0.1594031924510695,0.12396880817104164,0.16216416323614463,0.09282546621887619,0.10061891558242728
249,249.0,249.4,0.10532212300124726,0.10106642072033487,0.1531026240905719,0.15791153595941299,0.12874699294922645,0.16194438301636443,0.09198501037842034,0.09992090988442157
250,250.0,250.4,0.10502182270094698,0.1009913456452598,0.1528023237902716,0.1575361605840376,0.12844669264892614,0.16344588451786593,0.09190993530334526,0.0998458348093465
251,251.0,251.4,0.10488954756867183,0.10085907051298468,0.15452190050984832,0.15740388545176248,0.128314417516651,0.1626522337242151,0.09164538503879502,0.09971355967707138
252,252.0,252.4,0.0989330615259789,0.10823591780362507,0.1530912765361209,0.15853073274240287,0.12277459814062475,0.16577825999679313,0.09223241295340913,0.1004237403010451
253,253.0,253.4,0.0984014523305766,0.11312097527488944,0.15428380527175306,0.15716579021366725,0.12182632227855576,0.16455699562897702,0.09116919456260454,0.09947546443897615
254,254.0,254.4,0.09525297918210346,0.11236632452023869,0.15399247498042276,0.1570289000767771,0.11582070627293976,0.1773123483843298,0.09041454380795376,0.09781172277523446
255,255.0,255.4,0.09501488394400823,0.11228695944087361,0.15367501466296246,0.15663207467995172,0.11566197611420961,0.17866155473353612,0.09033517872858868,0.09773235769586938
256,256.0,256.4,0.09478965871878299,0.11221188436579854,0.15337471436266215,0.15625669930457634,0.11551182596405947,0.17993783100981242,0.09026010365351361,0.09765728262079432
257,257.0,257.4,0.09444874962787388,0.11978764194155608,0.15303380527175306,0.1517491235470006,0.11558758353981702,0.1780817704037518,0.09033586122927119,0.09697546443897613
258,258.0,258.4,0.09339105732018158,0.12331328296719712,0.15966842065636844,0.15005040559828262,0.11411322456545805,0.17574202681400822,0.08886150225491221,0.09486007982359153
259,259.0,259.4,0.09324863548658328,0.12118247568933102,0.15960107389784522,0.14728035613705667,0.11352808059796113,0.17687588125668618,0.08820128321234023,0.10008221372219601
260,260.0,260.4,0.09269661287573713,0.12470217185608601,0.158973976211924,0.14665325845113547,0.11272433567656917,0.17775028507226648,0.08747261336602333,0.0990267464902582
261,261.0,261.4,0.09246720449313325,0.12810252441057393,0.1597151107406525,0.14633146780979595,0.11118946971501147,0.1788934865444153,0.08496720449313326,0.09833353179328409
262,262.0,262.4,0.0918620126376023,0.13080091889003187,0.15903170367024055,0.14566953840261423,0.11042081284285488,0.18059053497437205,0.08427676283585764,0.09734771574642626
263,263.0,263.4,0.091546552235935,0.13347080647371254,0.15692800277343621,0.1452899754368444,0.1099313597671949,0.1856309543251362,0.0805180789909669,0.09668426999677363
264,264.0,264.4,0.09143160970719935,0.13335586394497692,0.15520386484240173,0.1451750329081088,0.10981641723845928,0.1880447474285845,0.08040313646223127,0.096569327468038
265,265.0,265.4,0.09114115599621063,0.13318736145350038,0.15901189001942767,0.14482360358736393,0.10958693913722665,0.1856135908589543,0.08023463397075474,0.09640082497656144
266,266.0,266.4,0.09399113351672317,0.13302848299259598,0.1571086267471636,0.14449050909858493,0.10936998866703071,0.18569355695239403,0.08007575550985031,0.09624194651565703
267,267.0,267.4,0.09327557001046198,0.13242366145754186,0.1557328707202448,0.14317012405726967,0.10870979614637308,0.1849865120593026,0.07947093397479621,0.10223053157400952
268,268.0,268.4,0.0931170076425973,0.1323708073349203,0.15774132737986427,0.1429587075667834,0.10860408790112994,0.18361230487114194,0.07941807985217467,0.10217767745138795
269,269.0,269.4,0.09296549249108214,0.13232030228441527,0.15743829707683396,0.1427566873647632,0.11072530002234204,0.18229917355801062,0.0793675748016696,0.10212717240088291
270,270.0,270.4,0.09263117101545633,0.13217729613597434,0.15563329048921867,0.14246875368009038,0.11048567551641322,0.18539507825717622,0.07922456865322866,0.10198416625244197
271,271.0,271.4,0.09223646767957652,0.13446912195721192,0.15693199178791997,0.14216317690392538,0.10996364852379799,0.18428736244357802,0.07870254166061345,0.10124568904337652
272,272.0,272.4,0.0920997119463554,0.13434288589577706,0.1567847163829126,0.1420369408424905,0.10985845180593559,0.18514997553004972,0.07860786461453728,0.10111945298194165
273,273.0,273.4,0.09176332308082685,0.13212271938328862,0.15630956711035354,0.14165429850795178,0.10932443448190898,0.18583116298274502,0.07816635422853105,0.1048281402243939
274,274.0,274.4,0.09039368827038093,0.1300459321466548,0.15469983626149225,0.14138910547421651,0.10887808202788389,0.18766681028514426,0.07772000177450597,0.1092065437597211
275,275.0,275.4,0.09301273588942853,0.12996656706728973,0.1533506299122859,0.14130974039485142,0.10879871694851881,0.18679379441212837,0.07764063669514089,0.10912717868035601
276,276.0,276.4,0.0914908682771354,0.1285333519372661,0.1537791169099218,0.15085465765253464,0.10727684933622568,0.18416377077146645,0.07620742156511726,0.10769396355033238
277,277.0,277.4,0.09136331725672724,0.12747042676719805,0.15348149786230278,0.15068458962532377,0.1071492983158175,0.18501411090752087,0.07718531272157983,0.10765144654352965
278,278.0,278.4,0.09002698092039088,0.12628424058101187,0.1537968131776181,0.14838729232802644,0.11596311212963133,0.18307717397058393,0.07599912653539363,0.10646526035734347
279,279.0,279.4,0.08883954334802362,0.13149041061539374,0.16409122871116408,0.14639219503070625,0.10986277879850363,0.1822182932530893,0.07088951676641808,0.10621603347670108
280,280.0,280.4,0.08769837902036041,0.1409914454310739,0.1611128664936714,0.14462840771199897,0.1080989914797964,0.1831014204234018,0.0698833052052866,0.1044851842344102
281,281.0,281.4,0.08733940466138607,0.14276067620030466,0.16222825110905603,0.14439763848122983,0.10786822224902719,0.18016552298750438,0.0696525359745174,0.1055877483369743
282,282.0,282.4,0.08706791144871638,0.14441376820633783,0.1617998951512883,0.14408692958228558,0.10759672903635749,0.17887442193169742,0.06945947413439672,0.10670087050892
283,283.0,283.4,0.08662941230505224,0.14588203677288472,0.16017398107917621,0.14373267426748507,0.10728018111220554,0.1812688514566865,0.06921834099154191,0.10581452201496748
284,284.0,284.4,0.08726954535758422,0.14433747222292934,0.1559379929483094,0.15418500769825516,0.09854595836181029,0.18387773304130933,0.06991042867823875,0.10593586169156322
285,285.0,285.4,0.08699050752677465,0.14424445961265947,0.156912920936583,0.15398717328505032,0.09838306454958376,0.18389149014204292,0.0698174160679689,0.10577296787933672
286,286.0,286.4,0.08699050752677465,0.14424445961265947,0.156912920936583,0.15398717328505032,0.09838306454958376,0.18389149014204292,0.0698174160679689,0.10577296787933672
287,287.0,287.4,0.08712278265904978,0.1426571580253579,0.15717747120113326,0.15411944841732544,0.0985153396818589,0.18402376527431807,0.06994969120024402,0.10643434354071238
288,288.0,288.4,0.08699050752677465,0.14424445961265947,0.156912920936583,0.15398717328505032,0.09838306454958376,0.18389149014204292,0.0698174160679689,0.10577296787933672
289,289.0,289.4,0.08857080042329966,0.14630034224045127,0.16582263564949368,0.15074748941037902,0.10573451367983862,0.1742058132360128,0.0737205893361548,0.09489781602436989
290,290.0,290.4,0.08734474678345293,0.15335015066957008,0.1633705283698002,0.14952143577053228,0.10772685084458958,0.17297975959616607,0.07249453569630807,0.09321199226958063
291,291.0,291.4,0.08632812899264158,0.15303734519547424,0.1704282018790866,0.14850481797972098,0.10649517929033739,0.1719631418053547,0.07147791790549671,0.09176526695188757
292,292.0,292.4,0.08622732254102869,0.1544486355180549,0.1702265889758608,0.1484040115281081,0.10619275993549866,0.17186233535374182,0.0713771114538838,0.09126123469382305
293,293.0,293.4,0.08612631244001859,0.15441496548438488,0.16999089874017054,0.14826933139342793,0.10609174983448857,0.17260307609448258,0.07134344142021377,0.09116022459281295
294,294.0,294.4,0.08706423681314177,0.1761515720295334,0.14952369381696418,0.1400838791431745,0.1059671873572015,0.17365050068756255,0.07232526151469955,0.09523366863772238
295,295.0,295.4,0.08795840891497221,0.17605689498345722,0.14936589874017056,0.1399576430817396,0.10588302998291158,0.17346114659541023,0.07222006479683715,0.09509691290450126
296,296.0,296.4,0.08772971895413938,0.1742595851504331,0.14911659447300915,0.1407493612841721,0.10854678487880934,0.17318092086875594,0.07202229629549722,0.09439473809518359
297,297.0,297.4,0.0884768293282225,0.17601460201305402,0.15495081286102955,0.14107835319135625,0.10860839710684911,0.16424162009301324,0.07235128820268136,0.09427809720379379
298,298.0,298.4,0.0882988107523711,0.17721244957313065,0.15464748100197012,0.14086900629470284,0.10817827769066157,0.16487813785801397,0.07223592626843399,0.09367991056071548
299,299.0,299.4,0.08812870157137262,0.17834242969585126,0.15149923682831762,0.14352579193696946,0.10777007327156785,0.16549447755783825,0.07212631315519111,0.09311297598289162
300,300.0,300.4,0.08780722830717581,0.17933074538901791,0.15248944428550343,0.1431750959959754,0.10730273986151088,0.16545660341417803,0.07194265032395376,0.09249549242268448
301,301.0,301.4,0.0875723323943138,0.18086583980546828,0.1534929053737103,0.1429119514955428,0.10714291902372397,0.16383905366103507,0.07183932666130807,0.09233567158489757
302,302.0,302.4,0.0875723323943138,0.18086583980546828,0.1534929053737103,0.1429119514955428,0.10714291902372397,0.16383905366103507,0.07183932666130807,0.09233567158489757
303,303.0,303.4,0.09501677683875824,0.1785022034418319,0.15358381446461938,0.14126548684907814,0.10630453518534011,0.16289965972164114,0.0709807408027222,0.09144678269600866
304,304.0,304.4,0.09501677683875824,0.1785022034418319,0.15358381446461938,0.14126548684907814,0.10630453518534011,0.16289965972164114,0.0709807408027222,0.09144678269600866
305,305.0,305.4,0.09532565714763855,0.17865664359627206,0.15211277199357692,0.14157436715795843,0.10645897533978026,0.16413518095716234,0.07113518095716234,0.09060122285044883
306,306.0,306.4,0.09618704328625241,0.17856753468538095,0.15194445516189375,0.14144565428667133,0.10637976741898818,0.16395696313538016,0.07103617105617224,0.09048241096926071
307,307.0,307.4,0.09618704328625241,0.17856753468538095,0.15194445516189375,0.14144565428667133,0.10908247012169088,0.16395696313538016,0.07103617105617224,0.08777970826655801
308,308.0,308.4,0.09598002358838272,0.179547029338051,0.1517083149049093,0.14124834144183987,0.10864919652071352,0.16469150818222023,0.07086797877045552,0.08730760725342765
309,309.0,309.4,0.09608496099822028,0.1790074509491078,0.15204313737221814,0.1396866121850108,0.10848422839748768,0.16669299731619575,0.07085797365155747,0.08714263913020182
310,310.0,310.4,0.08759985707039282,0.17991054405705187,0.15177447607053524,0.1395348415905166,0.11640938087991662,0.16727179364163144,0.07076464841065773,0.08673445827929742
311,311.0,311.4,0.08523057602464117,0.18963276627927408,0.15038558718164635,0.13814595270162772,0.11502049199102773,0.1668632969096053,0.06937575952176885,0.08534556939040852
312,312.0,312.4,0.08297716242256206,0.1886081764637686,0.14315307065152377,0.13758745435378592,0.12389701946196634,0.1694210253218067,0.0684771526908219,0.08587893863376451
313,313.0,313.4,0.08195350232903839,0.19669548670072742,0.141988167620147,0.13653554567269163,0.12170373183461505,0.16907533132997793,0.06748174118486885,0.0845664933279335
314,314.0,314.4,0.08111436665714226,0.2009844798848158,0.15229870290424122,0.13402974333412881,0.10596540261433185,0.16500840612873227,0.07179805677332882,0.08880084170327872
315,315.0,315.4,0.08008807385070668,0.1985641735694143,0.1581742217094269,0.13300345052769327,0.10730653405032049,0.16410139845281924,0.07091934300956745,0.08784280483005145
316,316.0,316.4,0.07808087906362575,0.19538965569850175,0.16075701947249027,0.14393743221120053,0.10465831362221392,0.162225086908576,0.06905247805921104,0.08589913496418046
317,317.0,317.4,0.07795110331611745,0.19384503591260288,0.16052803737577565,0.14380765646369223,0.10586955393229144,0.16117765243090898,0.06897230548630591,0.08784865508230524
318,318.0,318.4,0.07789824919349589,0.19241797460182064,0.15753400678256585,0.14602752961379797,0.10560528331918362,0.16406597477887566,0.06891945136368435,0.08753153034657586
319,319.0,319.4,0.07784774414299084,0.19105433823818427,0.15748350173206077,0.14592651951278784,0.10535275806665836,0.16623769195059285,0.06886894631317929,0.08722850004354556
320,320.0,320.4,0.07779943496424688,0.18974999041209734,0.15743519255331684,0.14582990115529992,0.10667371217293856,0.16675248663658318,0.06882063713443534,0.08693864497108178
321,321.0,321.4,0.07715840932322124,0.1878269134890204,0.1567941669122912,0.14454784987324865,0.10539166089088728,0.16611146099555754,0.07587191918571737,0.08629761933005614
322,322.0,322.4,0.0765627053047605,0.184929718177394,0.15619846289383046,0.14548410141079532,0.11120434958979244,0.16542325003907646,0.0747267646178061,0.08547064796654455
323,323.0,323.4,0.07559887577279892,0.18069703622647051,0.15425125399613657,0.14404455548008852,0.11005176820684497,0.17127212647032147,0.07991236163968285,0.08417202220765595
324,324.0,324.4,0.07511227903620218,0.17940041617985047,0.15992141716629973,0.14314129207682513,0.10866190806698484,0.16994636889456388,0.07863905161637283,0.0851772669629007
325,325.0,325.4,0.07506976202939948,0.18029327332270761,0.1598363831526943,0.14301374105641695,0.10844932303297124,0.1698188178741557,0.07859653460957011,0.08492216492208438
326,326.0,326.4,0.07506976202939948,0.18029327332270761,0.1598363831526943,0.14301374105641695,0.10693417151781973,0.17133396938930726,0.07859653460957011,0.08492216492208438
327,327.0,327.4,0.07500191942424343,0.18024804491927024,0.15967808374066356,0.1429458984512609,0.1068211005092263,0.17042940132056006,0.07857392040785144,0.08630163122692383
328,328.0,328.4,0.07611303053535455,0.18135915603038136,0.1619003059628858,0.13405700956237204,0.10793221162033743,0.17154051243167118,0.07968503151896254,0.08741274233803493
329,329.0,329.4,0.07611303053535455,0.18135915603038136,0.1619003059628858,0.13405700956237204,0.10793221162033743,0.17154051243167118,0.07968503151896254,0.08741274233803493
330,330.0,330.4,0.07807221420882395,0.18021629888752422,0.16181867330982458,0.13393456058278025,0.10772812998768437,0.17141806345207936,0.07964421519243194,0.08716784437885126
331,331.0,331.4,0.07799378283627492,0.17911825967183795,0.16174024193727557,0.1338169135239567,0.10753205155631182,0.17130041639325583,0.07960499950615743,0.08889333457492969
332,332.0,332.4,0.0789347719028127,0.18048275704160308,0.15480122689905068,0.13168989216954285,0.11188744886605502,0.1716080323944627,0.08008646857849568,0.09050940214797706
333,333.0,333.4,0.07886220296231923,0.18131729985727799,0.15472865795855723,0.13158103875880264,0.11170602651482135,0.1714991789837225,0.08005018410824893,0.09025541085624993
334,334.0,334.4,0.07911213086773113,0.179510128848915,0.15604558576784297,0.13183096666421457,0.11185982830276715,0.1719029086770802,0.08024243634318115,0.08949601452826764
335,335.0,335.4,0.07898190781069342,0.17843786100457462,0.15446208744473605,0.1316658030061985,0.11171721586426309,0.17345259824275347,0.0801323762899591,0.09115015033682146
336,336.0,336.4,0.07898190781069342,0.17843786100457462,0.15446208744473605,0.1316658030061985,0.11171721586426309,0.17345259824275347,0.0801323762899591,0.09115015033682146
337,337.0,337.4,0.07971531185192157,0.17879980383996122,0.15154734484866855,0.1323992070474267,0.11692678318633756,0.1686717655213154,0.08046576401398076,0.09147401969038811
338,338.0,338.4,0.08146615360276331,0.1777897028298602,0.15148000478132848,0.1322981969464166,0.11675843301798738,0.16857075542030528,0.08043209398031072,0.09120465942102783
339,339.0,339.4,0.08136875100536071,0.17860139114154852,0.1514150697163934,0.132200794349014,0.11659609535564971,0.1684733528229027,0.08039962644784318,0.09094491916128758
340,340.0,340.4,0.08136875100536071,0.18574424828440567,0.14030395860528233,0.132200794349014,0.11659609535564971,0.16133049568004557,0.0915107375589543,0.09094491916128758
341,341.0,341.4,0.08079857556676423,0.19128936106636055,0.13881273053510687,0.1316306189104175,0.11548707279925877,0.16076032024144907,0.09100321876196181,0.09021810211868106
342,342.0,342.4,0.08100846362646573,0.1914292864394949,0.13923250665450987,0.13184050697011895,0.11486601244568681,0.1598422014905434,0.09107318144852898,0.09070784092465123
343,343.0,343.4,0.08030757825024933,0.18998872975594444,0.13856194710654515,0.13113962159390255,0.11369589936118707,0.15976911671178778,0.09050887503775298,0.09602823218263058
344,344.0,344.4,0.07973321554198658,0.19469931175883054,0.13816979134571095,0.13056525888563983,0.11275038929545145,0.15910317891194997,0.09002043021055718,0.09495842404987337
345,345.0,345.4,0.07961641410443043,0.19463641867706954,0.13951957363888948,0.13044845744808367,0.11268749621369045,0.15830146490268876,0.08993058295089859,0.09485959206424893
346,346.0,346.4,0.07941705010860273,0.19361424918952913,0.14021250337258265,0.13191576011892261,0.11248453576569803,0.15800511624807073,0.0898141664917004,0.09453661870489363
347,347.0,347.4,0.07922258722224462,0.19262471284761035,0.13501105425540788,0.13169397482819295,0.11980904635402678,0.15771546471512213,0.08970030895406471,0.09422285082333041
348,348.0,348.4,0.0788885821117732,0.19698146899771038,0.13447284664195802,0.13133352868123288,0.11722770028592458,0.1581987672969584,0.08937110899349363,0.09352599699094878
349,349.0,349.4,0.07870134566380874,0.1960259485171825,0.13422626449984465,0.1320381217874241,0.11701462732203774,0.15950539037037637,0.089260560022335,0.09322774181699073
350,350.0,350.4,0.07851851721549861,0.19509951097663944,0.13398483480313975,0.13182215146824278,0.11680743581324074,0.16167760812458953,0.08915235559933701,0.09293758599931198
351,351.0,351.4,0.07844640183088322,0.1942581648227933,0.13393675788006282,0.13326445916055046,0.11666320504400995,0.16155741581689723,0.08912831713779855,0.09274527830700428
352,352.0,352.4,0.07894843496449533,0.19215405113973225,0.1331635923700552,0.13285740138507163,0.11572868200422377,0.16632342584606513,0.08875401939507974,0.09207039289527677
353,353.0,353.4,0.0785027343872158,0.18943978875441722,0.13240565009895505,0.1323650807611721,0.1147430418738468,0.17047946598894742,0.08927997103945245,0.09278426709599308
354,354.0,354.4,0.07832427231303321,0.190085519273183,0.13217868971068839,0.13214139028355212,0.11455204692902146,0.17016886021423516,0.09005539729285386,0.09249382398343269
355,355.0,355.4,0.07791165106393434,0.18757434640522877,0.1314800573738267,0.1316848708781758,0.11452892034006582,0.17391266462725438,0.08970219973954494,0.09320528957196912
