,Unnamed: 0,Total_iterations,Intertwine_two,Add_vertex,Delete_vertex,Invert_path_vertices,Insert_inside_vertex,Delete_inside_vertex,Replace_inside_vertex,Donate_between_routes
0,0.0,0.0,0.125,0.125,0.125,0.125,0.125,0.125,0.125,0.125
1,1.0,0.10900000000000001,0.125,0.125,0.125,0.125,0.125,0.125,0.125,0.125
2,2.0,0.31601,0.125,0.125,0.125,0.125,0.125,0.125,0.125,0.125
3,3.0,0.6191589000000001,0.125,0.125,0.125,0.125,0.125,0.125,0.125,0.125
4,4.0,1.015801321,0.125,0.125,0.125,0.125,0.125,0.125,0.125,0.125
5,5.0,1.50262148669,0.125,0.125,0.125,0.125,0.125,0.125,0.125,0.125
6,6.0,2.0757334209441005,0.125,0.125,0.125,0.125,0.125,0.125,0.125,0.125
7,7.0,2.7307768275633495,0.125,0.125,0.125,0.125,0.125,0.125,0.125,0.125
8,8.0,3.4630081252450404,0.125,0.125,0.125,0.125,0.125,0.125,0.125,0.125
9,9.0,4.2673862119061114,0.125,0.125,0.125,0.125,0.125,0.125,0.125,0.125
10,10.0,5.138652627782014,0.125,0.125,0.125,0.125,0.125,0.125,0.125,0.125
11,11.0,6.071405875792507,0.125,0.125,0.125,0.125,0.125,0.125,0.125,0.125
12,12.0,7.060169740244025,0.125,0.125,0.125,0.125,0.125,0.125,0.125,0.125
13,13.0,8.099455520847952,0.125,0.125,0.125,0.125,0.125,0.125,0.125,0.125
14,14.0,9.183818168183006,0.125,0.125,0.125,0.125,0.125,0.125,0.125,0.125
15,15.0,10.307906369102724,0.125,0.125,0.125,0.125,0.125,0.125,0.125,0.125
16,16.0,11.466506686239443,0.125,0.125,0.125,0.125,0.125,0.125,0.125,0.125
17,17.0,12.654581904800096,0.125,0.125,0.125,0.125,0.125,0.125,0.125,0.125
18,18.0,13.867303782456686,0.125,0.125,0.125,0.125,0.125,0.125,0.125,0.125
19,19.0,15.100080434523047,0.125,0.125,0.125,0.125,0.125,0.125,0.125,0.125
20,20.0,16.348578617037543,0.125,0.125,0.125,0.125,0.125,0.125,0.125,0.125
21,21.0,17.608741195130214,0.125,0.125,0.125,0.125,0.125,0.125,0.125,0.125
22,22.0,18.876800103462312,0.125,0.125,0.125,0.125,0.125,0.125,0.125,0.125
23,23.0,20.14928511992658,0.125,0.125,0.125,0.125,0.125,0.125,0.125,0.125
24,24.0,21.423028783545156,0.125,0.125,0.125,0.125,0.125,0.125,0.125,0.125
25,25.0,22.695167792966423,0.125,0.125,0.125,0.125,0.125,0.125,0.125,0.125
26,26.0,23.963141223515898,0.125,0.125,0.125,0.125,0.125,0.125,0.125,0.125
27,27.0,25.224685898775267,0.125,0.125,0.125,0.125,0.125,0.125,0.125,0.125
28,28.0,26.477829247520948,0.125,0.125,0.125,0.125,0.125,0.125,0.125,0.125
29,29.0,27.720879968916847,0.125,0.125,0.125,0.125,0.125,0.125,0.125,0.125
30,30.0,28.95241681848399,0.125,0.125,0.125,0.125,0.125,0.125,0.125,0.125
31,31.0,30.17127581490958,0.125,0.125,0.125,0.125,0.125,0.125,0.125,0.125
32,32.0,31.376536153543515,0.125,0.125,0.125,0.125,0.125,0.125,0.125,0.125
33,33.0,32.567505096778625,0.125,0.125,0.125,0.125,0.125,0.125,0.125,0.125
34,34.0,33.74370209472243,0.125,0.125,0.125,0.125,0.125,0.125,0.125,0.125
35,35.0,34.90484237192463,0.125,0.125,0.125,0.125,0.125,0.125,0.125,0.125
36,36.0,36.05082019768737,0.125,0.125,0.125,0.125,0.125,0.125,0.125,0.125
37,37.0,37.18169203889697,0.125,0.125,0.125,0.125,0.125,0.125,0.125,0.125
38,38.0,38.29765977559663,0.125,0.125,0.125,0.125,0.125,0.125,0.125,0.125
39,39.0,39.399054140870355,0.125,0.125,0.125,0.125,0.125,0.125,0.125,0.125
40,40.0,40.48631852820801,0.125,0.125,0.125,0.125,0.125,0.125,0.125,0.125
41,41.0,41.55999329152982,0.125,0.125,0.125,0.125,0.125,0.125,0.125,0.125
42,42.0,42.62070064560415,0.125,0.125,0.125,0.125,0.125,0.125,0.125,0.125
43,43.0,43.669130257815,0.125,0.125,0.125,0.125,0.125,0.125,0.125,0.125
44,44.0,44.70602560622662,0.125,0.125,0.125,0.125,0.125,0.125,0.125,0.125
45,45.0,45.73217116373481,0.125,0.125,0.125,0.125,0.125,0.125,0.125,0.125
46,46.0,46.748380453854836,0.125,0.125,0.125,0.125,0.125,0.125,0.125,0.125
47,47.0,47.755485010424316,0.125,0.125,0.125,0.125,0.125,0.125,0.125,0.125
48,48.0,48.7543242612326,0.125,0.125,0.125,0.125,0.125,0.125,0.125,0.125
49,49.0,49.745736344347726,0.125,0.125,0.125,0.125,0.125,0.125,0.125,0.125
50,50.0,50.730549855707864,0.125,0.125,0.125,0.125,0.125,0.125,0.125,0.125
51,51.0,51.70957651737491,0.125,0.125,0.125,0.125,0.125,0.125,0.125,0.125
52,52.0,52.68360474770151,0.125,0.125,0.125,0.125,0.125,0.125,0.125,0.125
53,53.0,53.65339410751842,0.125,0.125,0.125,0.125,0.125,0.125,0.125,0.125
54,54.0,54.61967059027847,0.125,0.125,0.125,0.125,0.125,0.125,0.125,0.125
55,55.0,55.58312271885972,0.125,0.125,0.125,0.125,0.125,0.125,0.125,0.125
56,56.0,56.544398407394254,0.125,0.125,0.125,0.125,0.125,0.125,0.125,0.125
57,57.0,57.504102543001395,0.125,0.125,0.125,0.125,0.125,0.125,0.125,0.125
58,58.0,58.462795239617805,0.125,0.125,0.125,0.125,0.125,0.125,0.125,0.125
59,59.0,59.42099071417639,0.125,0.125,0.125,0.125,0.125,0.125,0.125,0.125
60,60.0,60.379156734137354,0.125,0.125,0.125,0.125,0.125,0.125,0.125,0.125
61,61.0,61.337714584760846,0.125,0.125,0.125,0.125,0.125,0.125,0.125,0.125
62,62.0,62.29703950447439,0.125,0.125,0.125,0.125,0.125,0.125,0.125,0.125
63,63.0,63.257461537171835,0.125,0.125,0.125,0.125,0.125,0.125,0.125,0.125
64,64.0,64.21926675122782,0.125,0.125,0.125,0.125,0.125,0.125,0.125,0.125
65,65.0,65.18269877636592,0.125,0.125,0.125,0.125,0.125,0.125,0.125,0.125
66,66.0,66.15796061122654,0.125,0.125,0.125,0.125,0.125,0.125,0.125,0.125
67,67.0,67.13511665648885,0.125,0.125,0.125,0.125,0.125,0.125,0.125,0.125
68,68.0,68.11420593066003,0.125,0.125,0.125,0.125,0.125,0.125,0.125,0.125
69,69.0,69.0952442181075,0.125,0.125,0.125,0.125,0.125,0.125,0.125,0.125
70,70.0,70.07822623462916,0.125,0.125,0.125,0.125,0.125,0.125,0.125,0.125
71,71.0,71.06312778715234,0.125,0.125,0.125,0.125,0.125,0.125,0.125,0.125
72,72.0,72.04990790655168,0.125,0.125,0.125,0.125,0.125,0.125,0.125,0.125
73,73.0,73.03851093494559,0.125,0.125,0.125,0.125,0.125,0.125,0.125,0.125
74,74.0,74.02886855115064,0.125,0.125,0.125,0.125,0.125,0.125,0.125,0.125
75,75.0,75.03090172022368,0.125,0.125,0.125,0.125,0.125,0.125,0.125,0.125
76,76.0,76.03442255518718,0.125,0.125,0.125,0.125,0.125,0.125,0.125,0.125
77,77.0,77.03924708110246,0.125,0.125,0.125,0.125,0.125,0.125,0.125,0.125
78,78.0,78.04519668361519,0.125,0.125,0.125,0.125,0.125,0.125,0.125,0.125
79,79.0,79.0620993590405,0.125,0.125,0.125,0.125,0.125,0.125,0.125,0.125
80,80.0,80.07969077333287,0.125,0.125,0.125,0.125,0.125,0.125,0.125,0.125
81,81.0,81.09772613846268,0.125,0.125,0.125,0.125,0.125,0.125,0.125,0.125
82,82.0,82.11598070569488,0.125,0.125,0.125,0.125,0.125,0.125,0.125,0.125
83,83.0,83.13425000914691,0.125,0.125,0.125,0.125,0.125,0.125,0.125,0.125
84,84.0,84.15234988216227,0.125,0.125,0.125,0.125,0.125,0.125,0.125,0.125
85,85.0,85.17011626905446,0.125,0.125,0.125,0.125,0.125,0.125,0.125,0.125
86,86.0,86.18740485456689,0.125,0.125,0.125,0.125,0.125,0.125,0.125,0.125
87,87.0,87.21409053298241,0.125,0.125,0.125,0.125,0.125,0.125,0.125,0.125
88,88.0,88.23996673822656,0.125,0.125,0.125,0.125,0.125,0.125,0.125,0.125
89,89.0,89.26485565556402,0.125,0.125,0.125,0.125,0.125,0.125,0.125,0.125
90,90.0,90.28860712461211,0.125,0.125,0.125,0.125,0.125,0.125,0.125,0.125
91,91.0,91.31109737550926,0.125,0.125,0.125,0.125,0.125,0.125,0.125,0.125
92,92.0,92.33222762756161,0.125,0.125,0.125,0.125,0.125,0.125,0.125,0.125
93,93.0,93.35192257813311,0.125,0.125,0.125,0.125,0.125,0.125,0.125,0.125
94,94.0,94.37012880786612,0.125,0.125,0.125,0.125,0.125,0.125,0.125,0.125
95,95.0,95.38681312654718,0.125,0.125,0.125,0.125,0.125,0.125,0.125,0.125
96,96.0,96.40196088209466,0.125,0.125,0.125,0.125,0.125,0.125,0.125,0.125
97,97.0,97.41557425326644,0.125,0.125,0.125,0.125,0.125,0.125,0.125,0.125
98,98.0,98.42767054478838,0.125,0.125,0.125,0.125,0.125,0.125,0.125,0.125
99,99.0,99.43828050171025,0.125,0.125,0.125,0.125,0.125,0.125,0.125,0.125
100,100.0,100.44744665792282,0.125,0.125,0.125,0.125,0.125,0.125,0.125,0.125
101,101.0,101.45522173193491,0.125,0.125,0.125,0.125,0.125,0.125,0.125,0.125
102,102.0,102.46166708122644,0.125,0.125,0.125,0.125,0.125,0.125,0.125,0.125
103,103.0,103.46685122477656,0.125,0.125,0.125,0.125,0.125,0.125,0.125,0.125
104,104.0,104.4708484417239,0.125,0.125,0.125,0.125,0.125,0.125,0.125,0.125
105,105.0,105.47373745255928,0.125,0.125,0.125,0.125,0.125,0.125,0.125,0.125
106,106.0,106.47560018778552,0.125,0.125,0.125,0.125,0.125,0.125,0.125,0.125
107,107.0,107.47652064761127,0.125,0.125,0.125,0.125,0.125,0.125,0.125,0.125
108,108.0,108.47658385497834,0.125,0.125,0.125,0.125,0.125,0.125,0.125,0.125
109,109.0,109.47587490305892,0.125,0.125,0.125,0.125,0.125,0.125,0.125,0.125
110,110.0,110.47447809730086,0.125,0.125,0.125,0.125,0.125,0.125,0.125,0.125
111,111.0,111.47247619114559,0.125,0.125,0.125,0.125,0.125,0.125,0.125,0.125
112,112.0,112.46994971369438,0.125,0.125,0.125,0.125,0.125,0.125,0.125,0.125
113,113.0,113.46697638685136,0.125,0.125,0.125,0.125,0.125,0.125,0.125,0.125
114,114.0,114.46363062882412,0.125,0.125,0.125,0.125,0.125,0.125,0.125,0.125
115,115.0,115.45998314031138,0.125,0.125,0.125,0.125,0.125,0.125,0.125,0.125
116,116.0,116.4561005692468,0.125,0.125,0.125,0.125,0.125,0.125,0.125,0.125
117,117.0,117.45204524959621,0.125,0.125,0.125,0.125,0.125,0.125,0.125,0.125
118,118.0,118.44787500941472,0.125,0.125,0.125,0.125,0.125,0.125,0.125,0.125
119,119.0,119.44364304315721,0.125,0.125,0.125,0.125,0.125,0.125,0.125,0.125
120,120.0,120.4393978430939,0.125,0.125,0.125,0.125,0.125,0.125,0.125,0.125
121,121.0,121.43518318460598,0.125,0.125,0.125,0.125,0.125,0.125,0.125,0.125
122,122.0,122.43103816012078,0.125,0.125,0.125,0.125,0.125,0.125,0.125,0.125
123,123.0,123.4269972564829,0.125,0.125,0.125,0.125,0.125,0.125,0.125,0.125
124,124.0,124.42309047064398,0.125,0.125,0.125,0.125,0.125,0.125,0.125,0.125
125,125.0,125.41934345868252,0.125,0.125,0.125,0.125,0.125,0.125,0.125,0.125
126,126.0,126.41577771333037,0.125,0.125,0.125,0.125,0.125,0.125,0.125,0.125
127,127.0,127.41241076538014,0.125,0.125,0.125,0.125,0.125,0.125,0.125,0.125
128,128.0,128.40925640457112,0.125,0.125,0.125,0.125,0.125,0.125,0.125,0.125
129,129.0,129.4063249157973,0.125,0.125,0.125,0.125,0.125,0.125,0.125,0.125
130,130.0,130.40362332674292,0.125,0.125,0.125,0.125,0.125,0.125,0.125,0.125
131,131.0,131.40115566332653,0.125,0.125,0.125,0.125,0.125,0.125,0.125,0.125
132,132.0,132.39892320961852,0.125,0.125,0.125,0.125,0.125,0.125,0.125,0.125
133,133.0,133.3969247691851,0.125,0.125,0.125,0.125,0.125,0.125,0.125,0.125
134,134.0,134.39515692510318,0.125,0.125,0.125,0.125,0.125,0.125,0.125,0.125
135,135.0,135.3936142961784,0.125,0.125,0.125,0.125,0.125,0.125,0.125,0.125
136,136.0,136.39228978718432,0.125,0.125,0.125,0.125,0.125,0.125,0.125,0.125
137,137.0,137.39117483121782,0.125,0.125,0.125,0.125,0.125,0.125,0.125,0.125
138,138.0,138.39025962253578,0.125,0.125,0.125,0.125,0.125,0.125,0.125,0.125
139,139.0,139.38953333849662,0.125,0.125,0.125,0.125,0.125,0.125,0.125,0.125
140,140.0,140.3889843494764,0.125,0.125,0.125,0.125,0.125,0.125,0.125,0.125
141,141.0,141.38860041586344,0.125,0.125,0.125,0.125,0.125,0.125,0.125,0.125
142,142.0,142.38836887145314,0.125,0.125,0.125,0.125,0.125,0.125,0.125,0.125
143,143.0,143.38827679276935,0.125,0.125,0.125,0.125,0.125,0.125,0.125,0.125
144,144.0,144.38831115402624,0.125,0.125,0.125,0.125,0.125,0.125,0.125,0.125
145,145.0,145.38845896761714,0.125,0.125,0.125,0.125,0.125,0.125,0.125,0.125
146,146.0,146.3887074101728,0.125,0.125,0.125,0.125,0.125,0.125,0.125,0.125
147,147.0,147.38904393437116,0.125,0.125,0.125,0.125,0.125,0.125,0.125,0.125
148,148.0,148.389456366806,0.125,0.125,0.125,0.125,0.125,0.125,0.125,0.125
149,149.0,149.38993299232928,0.125,0.125,0.125,0.125,0.125,0.125,0.125,0.125
150,150.0,150.39046262537693,0.125,0.125,0.125,0.125,0.125,0.125,0.125,0.125
151,151.0,151.39103466886604,0.125,0.125,0.125,0.125,0.125,0.125,0.125,0.125
152,152.0,152.3916391613176,0.125,0.125,0.125,0.125,0.125,0.125,0.125,0.125
153,153.0,153.39226681291086,0.125,0.125,0.125,0.125,0.125,0.125,0.125,0.125
154,154.0,154.39290903121565,0.125,0.125,0.125,0.125,0.125,0.125,0.125,0.125
155,155.0,155.3935579373778,0.125,0.125,0.125,0.125,0.125,0.125,0.125,0.125
156,156.0,156.39420637355,0.125,0.125,0.125,0.125,0.125,0.125,0.125,0.125
157,157.0,157.39484790236943,0.125,0.125,0.125,0.125,0.125,0.125,0.125,0.125
158,158.0,158.39547679928324,0.125,0.125,0.125,0.125,0.125,0.125,0.125,0.125
159,159.0,159.39608803851286,0.125,0.125,0.125,0.125,0.125,0.125,0.125,0.125
160,160.0,160.39667727343436,0.125,0.125,0.125,0.125,0.125,0.125,0.125,0.125
161,161.0,161.39724081212938,0.125,0.125,0.125,0.125,0.125,0.125,0.125,0.125
162,162.0,162.3977755888336,0.125,0.125,0.125,0.125,0.125,0.125,0.125,0.125
163,163.0,163.39827913197908,0.125,0.125,0.125,0.125,0.125,0.125,0.125,0.125
164,164.0,164.3987495294902,0.125,0.125,0.125,0.125,0.125,0.125,0.125,0.125
165,165.0,165.3991853919553,0.125,0.125,0.125,0.125,0.125,0.125,0.125,0.125
166,166.0,166.39958581425435,0.125,0.125,0.125,0.125,0.125,0.125,0.125,0.125
167,167.0,167.39995033618095,0.125,0.125,0.125,0.125,0.125,0.125,0.125,0.125
168,168.0,168.40027890255308,0.125,0.125,0.125,0.125,0.125,0.125,0.125,0.125
169,169.0,169.40057182326245,0.125,0.125,0.125,0.125,0.125,0.125,0.125,0.125
170,170.0,170.40082973366827,0.125,0.125,0.125,0.125,0.125,0.125,0.125,0.125
171,171.0,171.40105355569682,0.125,0.125,0.125,0.125,0.125,0.125,0.125,0.125
172,172.0,172.40124445996557,0.125,0.125,0.125,0.125,0.125,0.125,0.125,0.125
173,173.0,173.40140382920777,0.125,0.125,0.125,0.125,0.125,0.125,0.125,0.125
174,174.0,174.40153322323368,0.125,0.125,0.125,0.125,0.125,0.125,0.125,0.125
175,175.0,175.40163434562464,0.125,0.125,0.125,0.125,0.125,0.125,0.125,0.125
176,176.0,176.40170901232028,0.125,0.125,0.125,0.125,0.125,0.125,0.125,0.125
177,177.0,177.40175912222315,0.125,0.125,0.125,0.125,0.125,0.125,0.125,0.125
178,178.0,178.40178662991352,0.125,0.125,0.125,0.125,0.125,0.125,0.125,0.125
179,179.0,179.4017935205357,0.125,0.125,0.125,0.125,0.125,0.125,0.125,0.125
180,180.0,180.4017817868903,0.125,0.125,0.125,0.125,0.125,0.125,0.125,0.125
181,181.0,181.40175340874055,0.125,0.125,0.125,0.125,0.125,0.125,0.125,0.125
182,182.0,182.40171033431838,0.125,0.125,0.125,0.125,0.125,0.125,0.125,0.125
183,183.0,183.40165446399524,0.125,0.125,0.125,0.125,0.125,0.125,0.125,0.125
184,184.0,184.40158763606445,0.125,0.125,0.125,0.125,0.125,0.125,0.125,0.125
185,185.0,185.4015116145661,0.125,0.125,0.125,0.125,0.125,0.125,0.125,0.125
186,186.0,186.40142807907193,0.125,0.125,0.125,0.125,0.125,0.125,0.125,0.125
187,187.0,187.40133861633646,0.125,0.125,0.125,0.125,0.125,0.125,0.125,0.125
188,188.0,188.40124471371115,0.125,0.125,0.125,0.125,0.125,0.125,0.125,0.125
189,189.0,189.40114775421128,0.125,0.125,0.125,0.125,0.125,0.125,0.125,0.125
190,190.0,190.40104901311926,0.125,0.125,0.125,0.125,0.125,0.125,0.125,0.125
191,191.0,191.40094965600525,0.125,0.125,0.125,0.125,0.125,0.125,0.125,0.125
192,192.0,192.4008507380426,0.125,0.125,0.125,0.125,0.125,0.125,0.125,0.125
193,193.0,193.4007532044958,0.125,0.125,0.125,0.125,0.125,0.125,0.125,0.125
194,194.0,194.40065789225872,0.125,0.125,0.125,0.125,0.125,0.125,0.125,0.125
195,195.0,195.40056553232276,0.125,0.125,0.125,0.125,0.125,0.125,0.125,0.125
196,196.0,196.40047675305715,0.125,0.125,0.125,0.125,0.125,0.125,0.125,0.125
197,197.0,197.40039208418756,0.125,0.125,0.125,0.125,0.125,0.125,0.125,0.125
198,198.0,198.40031196136306,0.125,0.125,0.125,0.125,0.125,0.125,0.125,0.125
199,199.0,199.40023673120737,0.12486111111111112,0.12486111111111112,0.12486111111111112,0.12486111111111112,0.12597222222222224,0.12486111111111112,0.12486111111111112,0.12486111111111112
200,200.0,200.40016665675518,0.1252791666666667,0.1252791666666667,0.12416805555555557,0.12416805555555557,0.12749027777777777,0.1252791666666667,0.12416805555555557,0.12416805555555557
201,201.0,201.4001019231806,0.12558318055555556,0.12547206944444447,0.12437206944444446,0.12337206944444445,0.12887329166666664,0.12558318055555556,0.12337206944444445,0.12337206944444445
202,202.0,202.40004264373175,0.12467949660353538,0.12547858751262628,0.1253086784217172,0.12250049660353536,0.13013002882575755,0.1269017188257576,0.12250049660353536,0.12250049660353536
203,203.0,203.39998886579045,0.12366862850492427,0.12536981941401518,0.12612960032310608,0.12154031850492425,0.13123125662714646,0.12897973961603537,0.12154031850492425,0.12154031850492425
204,204.0,204.39994057698536,0.12267140335536744,0.12525838144627655,0.12804930574829673,0.12060999745536743,0.13228151372858965,0.12990940335536744,0.12060999745536743,0.12060999745536743
205,205.0,205.39989771129092,0.12135552002054596,0.12480474588509143,0.1294866990886369,0.12028403277863688,0.13393448553815818,0.13027352183872776,0.12048605298065707,0.11937494186954596
206,206.0,206.39986015505303,0.11999706375839511,0.12511206278481027,0.13073094064951118,0.11991812727209604,0.13544443147300442,0.13036819022506177,0.12032014747411622,0.1181090363630051
207,207.0,207.39982775288843,0.11848003804043095,0.12521732534650712,0.13263233753669185,0.11938609568995295,0.1364746960753936,0.1311310230018249,0.11998429771015497,0.11669418659904383
208,208.0,208.39980031341136,0.11680264178658617,0.1251068580955389,0.1332703016628178,0.11867704267276102,0.1380452680648707,0.13239414105877223,0.11946602832932667,0.11623771832932664
209,209.0,209.3997776147479,0.11588434102464229,0.1247809027882459,0.13264037941331605,0.11879332499676114,0.13924987252129373,0.13410741382484503,0.118842085665448,0.11570167976544797
210,210.0,210.3997594098033,0.11574507254969199,0.12433577960484538,0.13184583846842418,0.11942532222867001,0.1409297434700872,0.13450622889900585,0.11812095146513776,0.11509106331413774
211,211.0,211.3997454312551,0.11544761430707393,0.12367714505407057,0.13084707789312192,0.11980717864741344,0.14229111277308332,0.1363925471742075,0.11727427927876528,0.11426304487226416
212,212.0,212.3997353962492,0.11503667166347178,0.12194975751656649,0.1298038507197573,0.1205492365882147,0.14337812870932262,0.13885054108095882,0.11715099768365593,0.11328081603805244
213,213.0,213.3997290107814,0.11424941016370663,0.11989341323860712,0.1283091971922421,0.12161735698270905,0.1444723541776951,0.14135090672605982,0.11730207266265409,0.1128052888563262
214,214.0,214.39972597375257,0.11340672264554545,0.11776877785598883,0.12728728529460998,0.12249511130697056,0.14526521993516234,0.14346273533932136,0.11799894614571207,0.11231520147668952
215,215.0,215.39972598068908,0.11249679301537097,0.11557814126236515,0.12615027441221047,0.12359514047495587,0.1456999425963966,0.1453279767671562,0.11936101474618556,0.11179071672535933
216,216.0,216.39972872712508,0.11159701556284526,0.11330631756903718,0.12498261533450332,0.1253296543998585,0.14587505453206234,0.1470142080959877,0.12062245630123454,0.11127267820447137
217,217.0,217.39973391164622,0.11066957915613317,0.11103308687641832,0.12430472637143611,0.12737196938330886,0.14579434369390057,0.14832961551030294,0.12174761125482363,0.11074906775367663
218,218.0,218.39974123859878,0.10977956413039983,0.10883436226704324,0.12356576647031896,0.1298847409587474,0.1454327933789244,0.14945806454791258,0.12279230528997434,0.11025240295667946
219,219.0,219.3997504204701,0.10894838236777375,0.10684619740654508,0.12285321323212078,0.13231204962118995,0.14499301377067914,0.15044503415157037,0.123800899684082,0.1098012097660391
220,220.0,220.39976117994956,0.10734408453356217,0.1049716366338609,0.12272597554475598,0.13408156852708114,0.14448626814295545,0.15223009715174213,0.1247659610056911,0.1093944084603513
221,221.0,221.3997732516816,0.10572828082122562,0.10313632075589604,0.12239419447047192,0.1361859528604508,0.14378313013492916,0.15425199618902097,0.12557024129586805,0.10894988347213755
222,222.0,222.39978638372364,0.10483531282273294,0.10135742569470546,0.1218871366641979,0.1380734194879646,0.14291301761745812,0.15623056493305965,0.12622452310760157,0.10847859967227987
223,223.0,223.39980033872422,0.10391305664475677,0.09964880450777193,0.12123056212772583,0.14089122353205522,0.14190278472864332,0.15768507214467378,0.12673884434588376,0.1079896519684895
224,224.0,224.3998148948375,0.10308080652416807,0.09808480173382479,0.1206174168508688,0.14357529606776692,0.14088368869165013,0.1589962360478468,0.1272077721413912,0.10755398194248333
225,225.0,225.39982984639107,0.10242730156661703,0.09665397195316139,0.12003581378711176,0.14609954591443702,0.1398552351427015,0.16015055179389032,0.12761958492148143,0.10715799492059952
226,226.0,226.39984500432536,0.10166628237176623,0.09621588963201136,0.11930627831732774,0.14827162964358767,0.13868628106577308,0.1614709713830631,0.12772240164607476,0.10666026594039603
227,227.0,227.399860196423,0.10091758114352943,0.0958763961417525,0.11855236962505256,0.1502065136179146,0.13750330134854974,0.16302032729398402,0.1277468290475926,0.10617668178162452
228,228.0,228.39987526734663,0.10009736100008257,0.09544761784911213,0.11769397202201307,0.15181847687571184,0.13713811866714706,0.16466523827713972,0.12751905209924116,0.10562016320955243
229,229.0,229.39989007850443,0.09927750595097294,0.09500518954128323,0.1180096558107049,0.1532804723992127,0.1357226427164445,0.1661584764255212,0.12665279705332882,0.1058932601025317
230,230.0,230.3999045077614,0.09837813596237376,0.09553504024616058,0.11818179138279286,0.1549146093678178,0.13410222907220842,0.16718667065646345,0.12562928544193988,0.10607223787024322
231,231.0,231.39991844901505,0.09742503651064444,0.09595270006032341,0.11823172717345774,0.155696047236572,0.13280782262132362,0.16922953852079078,0.12448344363354358,0.10617368424334436
232,232.0,232.3999318116532,0.0964881810285269,0.09640231559864776,0.11812077368673561,0.15665900845406602,0.13150665438269363,0.17126919400158414,0.12329424900805268,0.10625962383969319
233,233.0,233.399944519911,0.09566909445450401,0.0969504953944766,0.11845507990839346,0.1593229129941371,0.1296468523387615,0.17211257336729527,0.12143794334028819,0.1064050482021438
234,234.0,234.39995651214392,0.09487499807213996,0.09751247137858438,0.11908128447162349,0.161703251487003,0.12780709179253671,0.17291454994467217,0.11957322808849546,0.10653312476494474
235,235.0,235.39996774003208,0.09452705940486154,0.09808063246516871,0.11953239964118727,0.16386679754076294,0.12677205588104398,0.17325693029985187,0.11732042893182412,0.10664369583529948
236,236.0,236.39997816773115,0.0939966161879158,0.09831332149884597,0.12158751110236543,0.16602352486393723,0.12533370534461655,0.17338154914101858,0.11488596506806371,0.10647780679323662
237,237.0,237.399987770983,0.09342608676382412,0.09883232055165363,0.12339783384420266,0.16812730793415603,0.12455011910599785,0.17304757134697074,0.11243161797387462,0.10618714247932023
238,238.0,238.3999965361998,0.09288843901579596,0.0993573108696528,0.1251379974794687,0.16997876069237008,0.1242042732034098,0.17246965830463226,0.11006297113229327,0.10590058930237704
239,239.0,239.40000445953294,0.09242422279216682,0.09989526393596486,0.12683607782092948,0.17164870420630027,0.12394815975458294,0.17180618779746068,0.10780796149929522,0.1056334221932997
240,240.0,240.40001154593742,0.09200772122971718,0.1004596097652012,0.1289896198548684,0.1731057857324314,0.12375235077561351,0.1705972180018788,0.10569788127045794,0.10538981336983154
241,241.0,241.40001780824207,0.091761606266232,0.10183166269237412,0.13111071781587408,0.17442470600226748,0.12367194973348129,0.16960623836153324,0.10299047383878927,0.10460264528944851
242,242.0,242.40002326623386,0.09178431036997692,0.10250095320381926,0.13336900144336403,0.17525715294669714,0.12337191139475338,0.16834101988213648,0.10098202559974793,0.10439362515950486
243,243.0,243.40002794576415,0.0923370092969934,0.10289686291817252,0.13559012462050812,0.17628196464922857,0.1228665361109508,0.16707347834439973,0.0989503365854524,0.10400368747429448
244,244.0,244.40003187788375,0.09285073560953125,0.10313593438598517,0.13758424953119297,0.17759583149981134,0.12231006870004248,0.16595255343626988,0.09702383037917567,0.10354679645799124
245,245.0,245.40003509801252,0.09344241931585243,0.10335231099282725,0.13875915756853552,0.1779553934662143,0.12207058681680685,0.1659351670548823,0.09533063344953746,0.10315433133534395
246,246.0,246.4000376451483,0.09400732013698387,0.10352243857575774,0.14030413566524033,0.17809410035269865,0.12184695866211048,0.16569889468803148,0.09375912586922779,0.1027670260499497
247,247.0,247.40003956111906,0.09449065122818184,0.10359859442238334,0.14239519937089123,0.17793018813438483,0.12175432146714742,0.16521740045102157,0.09227605359400788,0.10233759133198198
248,248.0,248.40004088988152,0.09561124133467984,0.10359177942964531,0.14459541149376615,0.17711452710996387,0.1215144891095276,0.16480588267086443,0.090889769097898,0.10187689975365485
249,249.0,249.40004167686894,0.09658977502008749,0.10349757183626747,0.1467130554827026,0.1760541531922304,0.12180100165610339,0.1643871214523978,0.08957742443856331,0.10137989692164759
250,250.0,250.4000419683889,0.09752774878673594,0.10338096598356057,0.14865280072879408,0.17488085295640454,0.12209829283092279,0.16413595912156767,0.08841288259705316,0.1009104969949613
251,251.0,251.40004181107298,0.09843363840263415,0.10323889699951384,0.15061202435284884,0.17363820830721013,0.12241611137321277,0.16382364719841844,0.08737331044030192,0.10046416292585995
252,252.0,252.40004125137793,0.09871784954433363,0.10382492137807053,0.1522713619786954,0.17247016962344472,0.12220714918510552,0.1638434549600999,0.08653911903667215,0.10012597429357824
253,253.0,253.4000403351386,0.09892263077213938,0.10488495903015355,0.15389221786109475,0.17114304618637186,0.12192993011915729,0.16375850355919852,0.08573895787349228,0.09972975459839246
254,254.0,254.40003910717184,0.0987868747779016,0.10584588800401054,0.15532577100022774,0.16979517351959023,0.12107883528083625,0.16496556749462035,0.08499765011805642,0.09920423980475693
255,255.0,255.40003761093,0.09860554590332009,0.10676799193770761,0.15657088983350334,0.16841474284537608,0.12024439562039535,0.16631031348031775,0.08437670556712662,0.09870941481225323
256,256.0,256.4000358882031,0.09838392077408109,0.10764556764555913,0.15763250800171594,0.16701699101939158,0.11943256071592166,0.1677717249076052,0.08386993269539691,0.09824679424032855
257,257.0,257.4000339788668,0.0981144246281221,0.10923862470740364,0.15851129550762585,0.1652006538830998,0.11867027771195249,0.16902305019257993,0.08348531457799711,0.09775635879121918
258,258.0,258.40003192067553,0.0977294521159873,0.11113043033796935,0.15991089089904756,0.1632615633622044,0.11780596016922297,0.17000585579219457,0.08306022784141413,0.09709561948195986
259,259.0,259.4000297490966,0.0973253507237481,0.11274180320398415,0.16116136737304798,0.16110726536963674,0.11693263262797907,0.17106112798633366,0.08266964061836722,0.09700081209690323
260,260.0,260.40002749718457,0.09686569005727654,0.11462841512492643,0.16220848349630423,0.1589674183154079,0.11603221782842017,0.17215646087532038,0.08230056155893306,0.0968407527434114
261,261.0,261.40002519549193,0.09638736384737635,0.11676713867653486,0.1631926563872639,0.15688623530382528,0.11503527909114289,0.17331251886459278,0.0817695700362242,0.09664923779303983
262,262.0,262.40002287201366,0.09585714947937067,0.11907518317826864,0.1639752958256203,0.15484142997774247,0.11402271044661637,0.17457848557473182,0.08125460984462775,0.09639513567302208
263,263.0,263.400020552163,0.09530845913958114,0.12153666934531474,0.16441986530890682,0.1528714299719397,0.11302643438293888,0.1762820180429298,0.08044549881761417,0.09610962499077487
264,264.0,264.40001825877584,0.09476552451186053,0.12385985401406664,0.16457264542540653,0.15101112116849266,0.11208734092659814,0.17815006593747487,0.07970653044216192,0.09584691757393882
265,265.0,265.40001601213964,0.0942144988277665,0.12602883006610482,0.16499726224212882,0.14924333943071202,0.11119649976888682,0.1796871402005135,0.07903157471530793,0.0956008547485797
266,266.0,266.4000138300457,0.09397284003581757,0.1280366059807227,0.16512923732772544,0.14757482905939803,0.11035695207361045,0.18113776815317664,0.07842025730760338,0.09537151006194587
267,267.0,267.4000117278606,0.09368397370724646,0.12983304092049208,0.16503023319626492,0.1459102880214758,0.10952547026173015,0.18241818670925652,0.07782614446918633,0.09577266271434778
268,268.0,268.4000097186154,0.09340405373777817,0.13147045315939287,0.1650490015191522,0.1443636577986551,0.10875840906536,0.18345882594441282,0.07730260539740494,0.09619299337784397
269,269.0,269.4000078131086,0.09313410378915338,0.13294807721110838,0.16496251323805486,0.14293743907559572,0.10827863198910577,0.18426562291400764,0.07684752447229888,0.09662608731067547
270,270.0,270.4000060200214,0.09285603057484776,0.1342573604935413,0.1646289309646935,0.14162324133926668,0.10784733685021644,0.18528166616299954,0.07644885152815303,0.09705658208628179
271,271.0,271.4000043460427,0.09256404575279083,0.13564409738627903,0.16436862064378366,0.14041836082236228,0.10743335191261649,0.18608646762667425,0.07606560035041099,0.09741945550508255
272,272.0,272.40000279600144,0.09228430805888532,0.1368677872293088,0.1640452475259054,0.13933879291182047,0.10707554876310212,0.18687905920079767,0.07573757599893757,0.09777168031124268
273,273.0,273.40000137300433,0.0919970592866922,0.13772184242345148,0.16363409148112915,0.13835589903818568,0.10672795322656485,0.1876432195260708,0.07542690593016688,0.09849302908773902
274,274.0,274.40000007857685,0.09159923454861517,0.13822682214411486,0.16302983271223664,0.1374777592432385,0.10639644681083224,0.18849640798362327,0.07513006210585438,0.09964343445148499
275,275.0,275.3999989128064,0.09149104158346824,0.1385915584848008,0.16226777922080532,0.13671861038215927,0.1061149708809069,0.18916868003113413,0.07488086555272314,0.10076649386400222
276,276.0,276.3999978744849,0.0912566980966663,0.13869024976424066,0.16153560828519553,0.13703577943308323,0.1057362932434209,0.18948697365363762,0.07454086485332682,0.10171753267042889
277,277.0,277.3999969612507,0.09103537555830843,0.13857121042046,0.16076932762463209,0.1374424135583882,0.10539813382857073,0.18980523989867454,0.0743493189066343,0.10262898020433167
278,278.0,278.3999961697274,0.09070583105713691,0.13823444855590616,0.1600383282640332,0.13771107630210233,0.10599268338145944,0.18985007453560251,0.07408666887414189,0.10338088902961753
279,279.0,279.39999549565914,0.09028370874747835,0.13833247780149696,0.16034745524198465,0.13786012520197227,0.10601744893342822,0.18973680863143805,0.07335844744461367,0.10406352799758782
280,280.0,280.39999493404116,0.08977524058202478,0.13930238693223565,0.1603652710350835,0.1379032111782718,0.10590181249698016,0.18964799688093778,0.07257773769514317,0.10452634319932312
281,281.0,281.3999944792446,0.08926095318160249,0.14036911881181194,0.1605003196649968,0.13798616359920177,0.10579663457092814,0.18920901079732244,0.07182507767264423,0.10505272170149219
282,282.0,282.3999941251352,0.08875172971475329,0.14151840227791884,0.1605963071505826,0.13809386463696458,0.10569554099299534,0.18859437833838977,0.07110665205140185,0.10564312483699373
283,283.0,283.39999386518537,0.08823274049756223,0.1427285379133539,0.16053214036040564,0.13821530068892426,0.10559191386087426,0.18818345251378232,0.07041948389882817,0.10609643026626914
284,284.0,284.39999369257873,0.08781363022541837,0.14369473851884526,0.16004720984334742,0.13942500021455062,0.10464210983943907,0.18800536141952695,0.06985822990110868,0.10651372003776355
285,285.0,285.39999360030697,0.0874030863487296,0.14456144513980132,0.159667173007872,0.1406415464211309,0.10371003532414846,0.18780517886098833,0.06934432202990547,0.10686721286742387
286,286.0,286.39999358125925,0.08702947107149016,0.14533831124339033,0.15929759733523124,0.14186989427569233,0.10281789855264127,0.18758587767111412,0.0688865358862032,0.1071744139642373
287,287.0,287.3999936283037,0.08670605519975502,0.145867822061583,0.1589675874923231,0.14310980764811873,0.10198385463148173,0.18736479023816413,0.06849706467191634,0.10750301805665793
288,288.0,288.3999937343607,0.08640592067655883,0.1464710053163243,0.15862622244433883,0.14432259857776703,0.10118530243971441,0.18711917378564316,0.06814783933111393,0.10772193742853949
289,289.0,289.3999938924684,0.08629967476383692,0.147197193051334,0.1591928323573665,0.14518678777405622,0.10117372800124799,0.18589727445133528,0.0682405496185789,0.10681195998224419
290,290.0,290.39999409584067,0.08610415933499714,0.1485467743476458,0.15952386858404335,0.14589755970309506,0.10140815257988922,0.18455804507432028,0.06825618391048845,0.10570525646552074
291,291.0,291.39999433791724,0.08583893954444477,0.14977815073013606,0.1605660351368387,0.14647183142082323,0.1015591545278881,0.1831352940011441,0.0682109765119841,0.10443961812674094
292,292.0,292.399994612407,0.08559505298226833,0.15106011045128875,0.16158244541145445,0.14699892518720625,0.10171417459322772,0.18173301586816634,0.06819287862210403,0.10312339688428412
293,293.0,293.39999491332367,0.08537177676179611,0.15224439244762683,0.16256008707068362,0.14747389242689202,0.10188837749535509,0.18044633281741618,0.06820506584616277,0.10181007513406737
294,294.0,294.39999523501547,0.08527216595746566,0.15550561262921353,0.16146755218836412,0.1470907721072492,0.10207473758293234,0.17931462796381972,0.06834560011300472,0.10092893145795069
295,295.0,295.399995572188,0.08528985415230807,0.15863770268203717,0.1603490527028832,0.14666327128378642,0.10227297042206557,0.1782205169136051,0.06850135789539319,0.10006527394792128
296,296.0,296.39999591992137,0.08530959007920959,0.16145104466929022,0.1592076411996071,0.1462906360808927,0.1027538560624837,0.17716020069256455,0.06865895011842324,0.09916808109752885
297,297.0,297.39999627368223,0.08542626473957857,0.1642866395488915,0.1586628822181947,0.14593275084103957,0.10325074364982725,0.1752721932178157,0.06886731577163945,0.09830121001301322
298,298.0,298.3999966293301,0.08554397572221195,0.16707573932118192,0.15810514525544592,0.1455411754590096,0.10370850707138791,0.17352633253579378,0.06907814839041972,0.09742097624454912
299,299.0,299.3999969831199,0.08566045303878374,0.16980029423103485,0.15725378092907202,0.1454077144877662,0.10412437141507588,0.17193020994517869,0.06928851421477782,0.09653466173831073
300,300.0,300.3999973316996,0.08575781778260456,0.1724366465738673,0.15652902834004656,0.14523371079403977,0.10448837300195428,0.1704255548753857,0.0694878551629805,0.09564101346912127
301,301.0,301.39999767210423,0.08584245056600281,0.17503181411221308,0.1559367012781989,0.1450302068716621,0.10482813601496171,0.16885992082264561,0.06968147760170809,0.0947892927326077
302,302.0,302.3999980017474,0.08593591888934435,0.17742580515365683,0.15537916896349108,0.144825870787761,0.10515707055675602,0.16740064150356346,0.06987731628715892,0.09399820785826839
303,303.0,303.3999983184088,0.08678084895984586,0.17937843380111068,0.15486761815344716,0.14445818265468133,0.1053891317452022,0.16595773484402485,0.06998733262194755,0.09318071721974039
304,304.0,304.39999862021995,0.08762364530208636,0.18112703728022633,0.15439438438751937,0.14409533637685362,0.10560714084920514,0.16462853809921624,0.07009628140506508,0.09242763629982789
305,305.0,305.3999989056478,0.08848698135635755,0.18268997608849052,0.1538132640518511,0.14377136426241896,0.10582576700161314,0.16353852436866487,0.07021862391929144,0.09165549895131246
306,306.0,306.3999991734764,0.08941850917697582,0.18404737679991698,0.1532564191459986,0.14344494810125444,0.1060209418300828,0.16254565679487537,0.07032799676237488,0.09093815138852113
307,307.0,307.39999942278735,0.09032456955662503,0.18521423901905543,0.15274213909089032,0.14313118061806052,0.10647045770186483,0.16166618904186988,0.07043351406408795,0.09001771090754604
308,308.0,308.3999996529393,0.09117794666581863,0.18629589743821032,0.15224769617630443,0.14281220333538897,0.10685781475056919,0.16097103030978407,0.07051768697697887,0.08911972434694555
309,309.0,309.3999998635467,0.09200450057430228,0.18714794349555378,0.15183078598719407,0.14235331223636616,0.10720785309978195,0.16058274114302873,0.07059594500462565,0.08827691845914735
310,310.0,310.4000000544579,0.09194069330339398,0.18792368933249287,0.15143082420067672,0.14189846618728266,0.10832816661529339,0.1603522630872242,0.07065966499188711,0.08746623228174909
311,311.0,311.4000002257334,0.09160293029267133,0.18951395135520582,0.15093540622262078,0.14132657960825099,0.10927837203301104,0.16017317846934157,0.07057917392572123,0.08659040809317725
312,312.0,312.400000377624,0.09100987868013274,0.19084391634333764,0.14976078019894845,0.14072422558327205,0.11107863085563095,0.16033467633886997,0.07040483713903772,0.0858430548607705
313,313.0,313.40000051054926,0.09029343905691994,0.19282725845755644,0.14852104937903143,0.14004554838038671,0.1126077189193171,0.16053631851209202,0.0701291160359451,0.08503955125875126
314,314.0,314.40000062507653,0.08948133046155998,0.19507984796119393,0.14837101635192668,0.1391490586368567,0.11250102538375928,0.16039649407604617,0.07028612485349699,0.08473510227516029
315,315.0,315.40000072190037,0.08856413380704828,0.19692419420216375,0.14886281537357413,0.13818839543400882,0.11247375811766183,0.16022607043654044,0.07035468073211586,0.08440595189688686
316,316.0,316.4000008018228,0.08745317673971624,0.19828305382561787,0.14965682833272168,0.13836534727073332,0.11213272329469007,0.15992381128672375,0.07023534115061172,0.08394971809918533
317,317.0,317.40000086573474,0.08634661482760568,0.19932263152686547,0.1504595436976807,0.13856734719843922,0.11187217188829846,0.15957004736034056,0.07010808963905348,0.08375355386171639
318,318.0,318.4000009145981,0.08526146857932912,0.20006076937076747,0.1509832694036038,0.13902353754103763,0.11155122238167517,0.159556568112098,0.06997692002486143,0.08358624458662728
319,319.0,319.40000094942917,0.0842061542569714,0.2005123018462262,0.1515150794076737,0.1394940477600028,0.11117765590983678,0.15980670257251922,0.06984324218042631,0.08344481606634355
320,320.0,320.40000097128285,0.08318795634783524,0.2006936666554499,0.15204856171670608,0.1399721698388505,0.11091529251737844,0.16014761294927812,0.06970835824388784,0.08332638173061384
321,321.0,321.40000098123835,0.08215359045167425,0.20055515052901002,0.1525184595390988,0.1403328518947728,0.11050854453251642,0.1604563784611316,0.07028321369503689,0.08319181089675921
322,322.0,322.40000098038587,0.08111313893199874,0.2000134841136516,0.15292455425113807,0.14079324087864228,0.11067257137961482,0.16072199715149588,0.07074195519918672,0.08301905809427186
323,323.0,323.4000009698148,0.08003484527482226,0.1989518784853741,0.15312805768863097,0.14111054497637568,0.11071025518581043,0.16159295414482405,0.07171323034929543,0.08275823389486711
324,324.0,324.4000009506027,0.07897136161468352,0.1976842229926733,0.15388945906246593,0.14133513242904652,0.1105985997276108,0.1623410314044986,0.07254203829496614,0.0826381544740552
325,325.0,325.4000009238058,0.07797138379409355,0.19644978069540006,0.1546265364785952,0.14154256763088724,0.11045748439522352,0.16307759921106554,0.07334468387860359,0.0825299639161313
326,326.0,326.40000089045054,0.07704238753791565,0.1951772175541272,0.15534200461985254,0.1417439710467992,0.11015888383093728,0.16395943757512185,0.07411958341118695,0.08245651442405931
327,327.0,327.40000085152633,0.07617978039175477,0.19387854844432376,0.15601503979110948,0.14193114756070052,0.10984658909908915,0.16473638061403967,0.07485950108232393,0.08255301301665872
328,328.0,328.4000008079792,0.07550276646164597,0.19268455232136117,0.15687962410695847,0.14122086504322842,0.10964638006563832,0.16560367066724202,0.07567368229071361,0.08278845904321196
329,329.0,329.40000076070703,0.07489955656528514,0.19149670184778506,0.15770795680978184,0.14050997222269496,0.10944905025107957,0.16644360013276843,0.0764465588705468,0.0830466033000581
330,330.0,330.40000071055505,0.07456472076560805,0.19021197524910682,0.1584872164685478,0.13979339415965245,0.10923587686840396,0.16723826087677204,0.07717045088622777,0.08329810472568103
