Total_iterations,Unnamed: 0.1,Intertwine_two,Add_vertex,Delete_vertex,Invert_path_vertices,Insert_inside_vertex,Delete_inside_vertex,Replace_inside_vertex,Donate_between_routes
0,0.0,0.125,0.125,0.125,0.125,0.125,0.125,0.125,0.125
1,1.0,0.125,0.125,0.125,0.125,0.125,0.125,0.125,0.125
2,2.0,0.125,0.125,0.125,0.125,0.125,0.125,0.125,0.125
3,3.0,0.125,0.125,0.125,0.125,0.125,0.125,0.125,0.125
4,4.0,0.125,0.125,0.125,0.125,0.125,0.125,0.125,0.125
5,5.0,0.125,0.125,0.125,0.125,0.125,0.125,0.125,0.125
6,6.0,0.125,0.125,0.125,0.125,0.125,0.125,0.125,0.125
7,7.0,0.125,0.125,0.125,0.125,0.125,0.125,0.125,0.125
8,8.0,0.125,0.125,0.125,0.125,0.125,0.125,0.125,0.125
9,9.0,0.125,0.125,0.125,0.125,0.125,0.125,0.125,0.125
10,10.0,0.125,0.125,0.125,0.125,0.125,0.125,0.125,0.125
11,11.0,0.125,0.125,0.125,0.125,0.125,0.125,0.125,0.125
12,12.0,0.125,0.125,0.125,0.125,0.125,0.125,0.125,0.125
13,13.0,0.125,0.125,0.125,0.125,0.125,0.125,0.125,0.125
14,14.0,0.125,0.125,0.125,0.125,0.125,0.125,0.125,0.125
15,15.0,0.125,0.125,0.125,0.125,0.125,0.125,0.125,0.125
16,16.0,0.125,0.125,0.125,0.125,0.125,0.125,0.125,0.125
17,17.0,0.125,0.125,0.125,0.125,0.125,0.125,0.125,0.125
18,18.0,0.125,0.125,0.125,0.125,0.125,0.125,0.125,0.125
19,19.0,0.125,0.125,0.125,0.125,0.125,0.125,0.125,0.125
20,20.0,0.125,0.125,0.125,0.125,0.125,0.125,0.125,0.125
21,21.0,0.125,0.125,0.125,0.125,0.125,0.125,0.125,0.125
22,22.0,0.125,0.125,0.125,0.125,0.125,0.125,0.125,0.125
23,23.0,0.125,0.125,0.125,0.125,0.125,0.125,0.125,0.125
24,24.0,0.125,0.125,0.125,0.125,0.125,0.125,0.125,0.125
25,25.0,0.125,0.125,0.125,0.125,0.125,0.125,0.125,0.125
26,26.0,0.125,0.125,0.125,0.125,0.125,0.125,0.125,0.125
27,27.0,0.125,0.125,0.125,0.125,0.125,0.125,0.125,0.125
28,28.0,0.125,0.125,0.125,0.125,0.125,0.125,0.125,0.125
29,29.0,0.125,0.125,0.125,0.125,0.125,0.125,0.125,0.125
30,30.0,0.125,0.125,0.125,0.125,0.125,0.125,0.125,0.125
31,31.0,0.125,0.125,0.125,0.125,0.125,0.125,0.125,0.125
32,32.0,0.125,0.125,0.125,0.125,0.125,0.125,0.125,0.125
33,33.0,0.125,0.125,0.125,0.125,0.125,0.125,0.125,0.125
34,34.0,0.125,0.125,0.125,0.125,0.125,0.125,0.125,0.125
35,35.0,0.125,0.125,0.125,0.125,0.125,0.125,0.125,0.125
36,36.0,0.125,0.125,0.125,0.125,0.125,0.125,0.125,0.125
37,37.0,0.125,0.125,0.125,0.125,0.125,0.125,0.125,0.125
38,38.0,0.125,0.125,0.125,0.125,0.125,0.125,0.125,0.125
39,39.0,0.125,0.125,0.125,0.125,0.125,0.125,0.125,0.125
40,40.0,0.125,0.125,0.125,0.125,0.125,0.125,0.125,0.125
41,41.0,0.125,0.125,0.125,0.125,0.125,0.125,0.125,0.125
42,42.0,0.125,0.125,0.125,0.125,0.125,0.125,0.125,0.125
43,43.0,0.125,0.125,0.125,0.125,0.125,0.125,0.125,0.125
44,44.0,0.125,0.125,0.125,0.125,0.125,0.125,0.125,0.125
45,45.0,0.125,0.125,0.125,0.125,0.125,0.125,0.125,0.125
46,46.0,0.125,0.125,0.125,0.125,0.125,0.125,0.125,0.125
47,47.0,0.125,0.125,0.125,0.125,0.125,0.125,0.125,0.125
48,48.0,0.125,0.125,0.125,0.125,0.125,0.125,0.125,0.125
49,49.0,0.125,0.125,0.125,0.125,0.125,0.125,0.125,0.125
50,50.0,0.125,0.125,0.125,0.125,0.125,0.125,0.125,0.125
51,51.0,0.125,0.125,0.125,0.125,0.125,0.125,0.125,0.125
52,52.0,0.125,0.125,0.125,0.125,0.125,0.125,0.125,0.125
53,53.0,0.125,0.125,0.125,0.125,0.125,0.125,0.125,0.125
54,54.0,0.125,0.125,0.125,0.125,0.125,0.125,0.125,0.125
55,55.0,0.125,0.125,0.125,0.125,0.125,0.125,0.125,0.125
56,56.0,0.125,0.125,0.125,0.125,0.125,0.125,0.125,0.125
57,57.0,0.125,0.125,0.125,0.125,0.125,0.125,0.125,0.125
58,58.0,0.125,0.125,0.125,0.125,0.125,0.125,0.125,0.125
59,59.0,0.125,0.125,0.125,0.125,0.125,0.125,0.125,0.125
60,60.0,0.125,0.125,0.125,0.125,0.125,0.125,0.125,0.125
61,61.0,0.125,0.125,0.125,0.125,0.125,0.125,0.125,0.125
62,62.0,0.125,0.125,0.125,0.125,0.125,0.125,0.125,0.125
63,63.0,0.125,0.125,0.125,0.125,0.125,0.125,0.125,0.125
64,64.0,0.125,0.125,0.125,0.125,0.125,0.125,0.125,0.125
65,65.0,0.125,0.125,0.125,0.125,0.125,0.125,0.125,0.125
66,66.0,0.125,0.125,0.125,0.125,0.125,0.125,0.125,0.125
67,67.0,0.125,0.125,0.125,0.125,0.125,0.125,0.125,0.125
68,68.0,0.125,0.125,0.125,0.125,0.125,0.125,0.125,0.125
69,69.0,0.125,0.125,0.125,0.125,0.125,0.125,0.125,0.125
70,70.0,0.125,0.125,0.125,0.125,0.125,0.125,0.125,0.125
71,71.0,0.125,0.125,0.125,0.125,0.125,0.125,0.125,0.125
72,72.0,0.125,0.125,0.125,0.125,0.125,0.125,0.125,0.125
73,73.0,0.125,0.125,0.125,0.125,0.125,0.125,0.125,0.125
74,74.0,0.125,0.125,0.125,0.125,0.125,0.125,0.125,0.125
75,75.0,0.125,0.125,0.125,0.125,0.125,0.125,0.125,0.125
76,76.0,0.125,0.125,0.125,0.125,0.125,0.125,0.125,0.125
77,77.0,0.125,0.125,0.125,0.125,0.125,0.125,0.125,0.125
78,78.0,0.125,0.125,0.125,0.125,0.125,0.125,0.125,0.125
79,79.0,0.125,0.125,0.125,0.125,0.125,0.125,0.125,0.125
80,80.0,0.125,0.125,0.125,0.125,0.125,0.125,0.125,0.125
81,81.0,0.125,0.125,0.125,0.125,0.125,0.125,0.125,0.125
82,82.0,0.125,0.125,0.125,0.125,0.125,0.125,0.125,0.125
83,83.0,0.125,0.125,0.125,0.125,0.125,0.125,0.125,0.125
84,84.0,0.125,0.125,0.125,0.125,0.125,0.125,0.125,0.125
85,85.0,0.125,0.125,0.125,0.125,0.125,0.125,0.125,0.125
86,86.0,0.125,0.125,0.125,0.125,0.125,0.125,0.125,0.125
87,87.0,0.125,0.125,0.125,0.125,0.125,0.125,0.125,0.125
88,88.0,0.125,0.125,0.125,0.125,0.125,0.125,0.125,0.125
89,89.0,0.125,0.125,0.125,0.125,0.125,0.125,0.125,0.125
90,90.0,0.125,0.125,0.125,0.125,0.125,0.125,0.125,0.125
91,91.0,0.125,0.125,0.125,0.125,0.125,0.125,0.125,0.125
92,92.0,0.125,0.125,0.125,0.125,0.125,0.125,0.125,0.125
93,93.0,0.125,0.125,0.125,0.125,0.125,0.125,0.125,0.125
94,94.0,0.125,0.125,0.125,0.125,0.125,0.125,0.125,0.125
95,95.0,0.125,0.125,0.125,0.125,0.125,0.125,0.125,0.125
96,96.0,0.125,0.125,0.125,0.125,0.125,0.125,0.125,0.125
97,97.0,0.125,0.125,0.125,0.125,0.125,0.125,0.125,0.125
98,98.0,0.125,0.125,0.125,0.125,0.125,0.125,0.125,0.125
99,99.0,0.125,0.125,0.125,0.125,0.125,0.125,0.125,0.125
100,100.0,0.125,0.125,0.125,0.125,0.125,0.125,0.125,0.125
101,101.0,0.125,0.125,0.125,0.125,0.125,0.125,0.125,0.125
102,102.0,0.125,0.125,0.125,0.125,0.125,0.125,0.125,0.125
103,103.0,0.125,0.125,0.125,0.125,0.125,0.125,0.125,0.125
104,104.0,0.125,0.125,0.125,0.125,0.125,0.125,0.125,0.125
105,105.0,0.125,0.125,0.125,0.125,0.125,0.125,0.125,0.125
106,106.0,0.125,0.125,0.125,0.125,0.125,0.125,0.125,0.125
107,107.0,0.125,0.125,0.125,0.125,0.125,0.125,0.125,0.125
108,108.0,0.125,0.125,0.125,0.125,0.125,0.125,0.125,0.125
109,109.0,0.125,0.125,0.125,0.125,0.125,0.125,0.125,0.125
110,110.0,0.125,0.125,0.125,0.125,0.125,0.125,0.125,0.125
111,111.0,0.125,0.125,0.125,0.125,0.125,0.125,0.125,0.125
112,112.0,0.125,0.125,0.125,0.125,0.125,0.125,0.125,0.125
113,113.0,0.125,0.125,0.125,0.125,0.125,0.125,0.125,0.125
114,114.0,0.125,0.125,0.125,0.125,0.125,0.125,0.125,0.125
115,115.0,0.125,0.125,0.125,0.125,0.125,0.125,0.125,0.125
116,116.0,0.125,0.125,0.125,0.125,0.125,0.125,0.125,0.125
117,117.0,0.125,0.125,0.125,0.125,0.125,0.125,0.125,0.125
118,118.0,0.125,0.125,0.125,0.125,0.125,0.125,0.125,0.125
119,119.0,0.125,0.125,0.125,0.125,0.125,0.125,0.125,0.125
120,120.0,0.125,0.125,0.125,0.125,0.125,0.125,0.125,0.125
121,121.0,0.125,0.125,0.125,0.125,0.125,0.125,0.125,0.125
122,122.0,0.125,0.125,0.125,0.125,0.125,0.125,0.125,0.125
123,123.0,0.125,0.125,0.125,0.125,0.125,0.125,0.125,0.125
124,124.0,0.125,0.125,0.125,0.125,0.125,0.125,0.125,0.125
125,125.0,0.125,0.125,0.125,0.125,0.125,0.125,0.125,0.125
126,126.0,0.125,0.125,0.125,0.125,0.125,0.125,0.125,0.125
127,127.0,0.125,0.125,0.125,0.125,0.125,0.125,0.125,0.125
128,128.0,0.125,0.125,0.125,0.125,0.125,0.125,0.125,0.125
129,129.0,0.125,0.125,0.125,0.125,0.125,0.125,0.125,0.125
130,130.0,0.125,0.125,0.125,0.125,0.125,0.125,0.125,0.125
131,131.0,0.125,0.125,0.125,0.125,0.125,0.125,0.125,0.125
132,132.0,0.125,0.125,0.125,0.125,0.125,0.125,0.125,0.125
133,133.0,0.125,0.125,0.125,0.125,0.125,0.125,0.125,0.125
134,134.0,0.125,0.125,0.125,0.125,0.125,0.125,0.125,0.125
135,135.0,0.125,0.125,0.125,0.125,0.125,0.125,0.125,0.125
136,136.0,0.125,0.125,0.125,0.125,0.125,0.125,0.125,0.125
137,137.0,0.125,0.125,0.125,0.125,0.125,0.125,0.125,0.125
138,138.0,0.125,0.125,0.125,0.125,0.125,0.125,0.125,0.125
139,139.0,0.125,0.125,0.125,0.125,0.125,0.125,0.125,0.125
140,140.0,0.125,0.125,0.125,0.125,0.125,0.125,0.125,0.125
141,141.0,0.125,0.125,0.125,0.125,0.125,0.125,0.125,0.125
142,142.0,0.125,0.125,0.125,0.125,0.125,0.125,0.125,0.125
143,143.0,0.125,0.125,0.125,0.125,0.125,0.125,0.125,0.125
144,144.0,0.125,0.125,0.125,0.125,0.125,0.125,0.125,0.125
145,145.0,0.125,0.125,0.125,0.125,0.125,0.125,0.125,0.125
146,146.0,0.125,0.125,0.125,0.125,0.125,0.125,0.125,0.125
147,147.0,0.125,0.125,0.125,0.125,0.125,0.125,0.125,0.125
148,148.0,0.125,0.125,0.125,0.125,0.125,0.125,0.125,0.125
149,149.0,0.125,0.125,0.125,0.125,0.125,0.125,0.125,0.125
150,150.0,0.125,0.125,0.125,0.125,0.125,0.125,0.125,0.125
151,151.0,0.125,0.125,0.125,0.125,0.125,0.125,0.125,0.125
152,152.0,0.125,0.125,0.125,0.125,0.125,0.125,0.125,0.125
153,153.0,0.125,0.125,0.125,0.125,0.125,0.125,0.125,0.125
154,154.0,0.125,0.125,0.125,0.125,0.125,0.125,0.125,0.125
155,155.0,0.125,0.125,0.125,0.125,0.125,0.125,0.125,0.125
156,156.0,0.125,0.125,0.125,0.125,0.125,0.125,0.125,0.125
157,157.0,0.125,0.125,0.125,0.125,0.125,0.125,0.125,0.125
158,158.0,0.125,0.125,0.125,0.125,0.125,0.125,0.125,0.125
159,159.0,0.125,0.125,0.125,0.125,0.125,0.125,0.125,0.125
160,160.0,0.125,0.125,0.125,0.125,0.125,0.125,0.125,0.125
161,161.0,0.125,0.125,0.125,0.125,0.125,0.125,0.125,0.125
162,162.0,0.125,0.125,0.125,0.125,0.125,0.125,0.125,0.125
163,163.0,0.125,0.125,0.125,0.125,0.125,0.125,0.125,0.125
164,164.0,0.125,0.125,0.125,0.125,0.125,0.125,0.125,0.125
165,165.0,0.125,0.125,0.125,0.125,0.125,0.125,0.125,0.125
166,166.0,0.125,0.125,0.125,0.125,0.125,0.125,0.125,0.125
167,167.0,0.125,0.125,0.125,0.125,0.125,0.125,0.125,0.125
168,168.0,0.125,0.125,0.125,0.125,0.125,0.125,0.125,0.125
169,169.0,0.125,0.125,0.125,0.125,0.125,0.125,0.125,0.125
170,170.0,0.125,0.125,0.125,0.125,0.125,0.125,0.125,0.125
171,171.0,0.125,0.125,0.125,0.125,0.125,0.125,0.125,0.125
172,172.0,0.125,0.125,0.125,0.125,0.125,0.125,0.125,0.125
173,173.0,0.125,0.125,0.125,0.125,0.125,0.125,0.125,0.125
174,174.0,0.125,0.125,0.125,0.125,0.125,0.125,0.125,0.125
175,175.0,0.125,0.125,0.125,0.125,0.125,0.125,0.125,0.125
176,176.0,0.125,0.125,0.125,0.125,0.125,0.125,0.125,0.125
177,177.0,0.125,0.125,0.125,0.125,0.125,0.125,0.125,0.125
178,178.0,0.125,0.125,0.125,0.125,0.125,0.125,0.125,0.125
179,179.0,0.125,0.125,0.125,0.125,0.125,0.125,0.125,0.125
180,180.0,0.125,0.125,0.125,0.125,0.125,0.125,0.125,0.125
181,181.0,0.125,0.125,0.125,0.125,0.125,0.125,0.125,0.125
182,182.0,0.125,0.125,0.125,0.125,0.125,0.125,0.125,0.125
183,183.0,0.125,0.125,0.125,0.125,0.125,0.125,0.125,0.125
184,184.0,0.125,0.125,0.125,0.125,0.125,0.125,0.125,0.125
185,185.0,0.125,0.125,0.125,0.125,0.125,0.125,0.125,0.125
186,186.0,0.125,0.125,0.125,0.125,0.125,0.125,0.125,0.125
187,187.0,0.125,0.125,0.125,0.125,0.125,0.125,0.125,0.125
188,188.0,0.125,0.125,0.125,0.125,0.125,0.125,0.125,0.125
189,189.0,0.125,0.125,0.125,0.125,0.125,0.125,0.125,0.125
190,190.0,0.125,0.125,0.125,0.125,0.125,0.125,0.125,0.125
191,191.0,0.125,0.125,0.125,0.125,0.125,0.125,0.125,0.125
192,192.0,0.125,0.125,0.125,0.125,0.125,0.125,0.125,0.125
193,193.0,0.125,0.125,0.125,0.125,0.125,0.125,0.125,0.125
194,194.0,0.125,0.125,0.125,0.125,0.125,0.125,0.125,0.125
195,195.0,0.125,0.125,0.125,0.125,0.125,0.125,0.125,0.125
196,196.0,0.125,0.125,0.125,0.125,0.125,0.125,0.125,0.125
197,197.0,0.125,0.125,0.125,0.125,0.125,0.125,0.125,0.125
198,198.0,0.125,0.125,0.125,0.125,0.125,0.125,0.125,0.125
199,199.0,0.1248611111111111,0.1248611111111111,0.1248611111111111,0.1248611111111111,0.1259722222222222,0.1248611111111111,0.1248611111111111,0.1248611111111111
200,200.0,0.1252791666666667,0.1252791666666667,0.1241680555555555,0.1241680555555555,0.1274902777777777,0.1252791666666667,0.1241680555555555,0.1241680555555555
201,201.0,0.1255831805555555,0.1254720694444444,0.1243720694444444,0.1233720694444444,0.1288732916666666,0.1255831805555555,0.1233720694444444,0.1233720694444444
202,202.0,0.1246794966035353,0.1254785875126262,0.1253086784217172,0.1225004966035353,0.1301300288257575,0.1269017188257576,0.1225004966035353,0.1225004966035353
203,203.0,0.1236686285049242,0.1253698194140151,0.126129600323106,0.1215403185049242,0.1312312566271464,0.1289797396160353,0.1215403185049242,0.1215403185049242
204,204.0,0.1226714033553674,0.1252583814462765,0.1280493057482967,0.1206099974553674,0.1322815137285896,0.1299094033553674,0.1206099974553674,0.1206099974553674
205,205.0,0.1213555200205459,0.1248047458850914,0.1294866990886369,0.1202840327786368,0.1339344855381581,0.1302735218387277,0.120486052980657,0.1193749418695459
206,206.0,0.1199970637583951,0.1251120627848102,0.1307309406495111,0.119918127272096,0.1354444314730044,0.1303681902250617,0.1203201474741162,0.1181090363630051
207,207.0,0.1184800380404309,0.1252173253465071,0.1326323375366918,0.1193860956899529,0.1364746960753936,0.1311310230018249,0.1199842977101549,0.1166941865990438
208,208.0,0.1168026417865861,0.1251068580955389,0.1332703016628178,0.118677042672761,0.1380452680648707,0.1323941410587722,0.1194660283293266,0.1162377183293266
209,209.0,0.1158843410246422,0.1247809027882459,0.132640379413316,0.1187933249967611,0.1392498725212937,0.134107413824845,0.118842085665448,0.1157016797654479
210,210.0,0.1157450725496919,0.1243357796048453,0.1318458384684241,0.11942532222867,0.1409297434700872,0.1345062288990058,0.1181209514651377,0.1150910633141377
211,211.0,0.1154476143070739,0.1236771450540705,0.1308470778931219,0.1198071786474134,0.1422911127730833,0.1363925471742075,0.1172742792787652,0.1142630448722641
212,212.0,0.1150366716634717,0.1219497575165664,0.1298038507197573,0.1205492365882147,0.1433781287093226,0.1388505410809588,0.1171509976836559,0.1132808160380524
213,213.0,0.1142494101637066,0.1198934132386071,0.1283091971922421,0.121617356982709,0.1444723541776951,0.1413509067260598,0.117302072662654,0.1128052888563262
214,214.0,0.1134067226455454,0.1177687778559888,0.1272872852946099,0.1224951113069705,0.1452652199351623,0.1434627353393213,0.117998946145712,0.1123152014766895
215,215.0,0.1124967930153709,0.1155781412623651,0.1261502744122104,0.1235951404749558,0.1456999425963966,0.1453279767671562,0.1193610147461855,0.1117907167253593
216,216.0,0.1115970155628452,0.1133063175690371,0.1249826153345033,0.1253296543998585,0.1458750545320623,0.1470142080959877,0.1206224563012345,0.1112726782044713
217,217.0,0.1106695791561331,0.1110330868764183,0.1243047263714361,0.1273719693833088,0.1457943436939005,0.1483296155103029,0.1217476112548236,0.1107490677536766
218,218.0,0.1097795641303998,0.1088343622670432,0.1235657664703189,0.1298847409587474,0.1454327933789244,0.1494580645479125,0.1227923052899743,0.1102524029566794
219,219.0,0.1089483823677737,0.106846197406545,0.1228532132321207,0.1323120496211899,0.1449930137706791,0.1504450341515703,0.123800899684082,0.1098012097660391
220,220.0,0.1073440845335621,0.1049716366338609,0.1227259755447559,0.1340815685270811,0.1444862681429554,0.1522300971517421,0.1247659610056911,0.1093944084603513
221,221.0,0.1057282808212256,0.103136320755896,0.1223941944704719,0.1361859528604508,0.1437831301349291,0.1542519961890209,0.125570241295868,0.1089498834721375
222,222.0,0.1048353128227329,0.1013574256947054,0.1218871366641979,0.1380734194879646,0.1429130176174581,0.1562305649330596,0.1262245231076015,0.1084785996722798
223,223.0,0.1039130566447567,0.0996488045077719,0.1212305621277258,0.1408912235320552,0.1419027847286433,0.1576850721446737,0.1267388443458837,0.1079896519684895
224,224.0,0.103080806524168,0.0980848017338247,0.1206174168508688,0.1435752960677669,0.1408836886916501,0.1589962360478468,0.1272077721413912,0.1075539819424833
225,225.0,0.102427301566617,0.0966539719531613,0.1200358137871117,0.146099545914437,0.1398552351427015,0.1601505517938903,0.1276195849214814,0.1071579949205995
226,226.0,0.1016662823717662,0.0962158896320113,0.1193062783173277,0.1482716296435876,0.138686281065773,0.1614709713830631,0.1277224016460747,0.106660265940396
227,227.0,0.1009175811435294,0.0958763961417525,0.1185523696250525,0.1502065136179146,0.1375033013485497,0.163020327293984,0.1277468290475926,0.1061766817816245
228,228.0,0.1000973610000825,0.0954476178491121,0.117693972022013,0.1518184768757118,0.137138118667147,0.1646652382771397,0.1275190520992411,0.1056201632095524
229,229.0,0.0992775059509729,0.0950051895412832,0.1180096558107049,0.1532804723992127,0.1357226427164445,0.1661584764255212,0.1266527970533288,0.1058932601025317
230,230.0,0.0983781359623737,0.0955350402461605,0.1181817913827928,0.1549146093678178,0.1341022290722084,0.1671866706564634,0.1256292854419398,0.1060722378702432
231,231.0,0.0974250365106444,0.0959527000603234,0.1182317271734577,0.155696047236572,0.1328078226213236,0.1692295385207907,0.1244834436335435,0.1061736842433443
232,232.0,0.0964881810285269,0.0964023155986477,0.1181207736867356,0.156659008454066,0.1315066543826936,0.1712691940015841,0.1232942490080526,0.1062596238396931
233,233.0,0.095669094454504,0.0969504953944766,0.1184550799083934,0.1593229129941371,0.1296468523387615,0.1721125733672952,0.1214379433402881,0.1064050482021438
234,234.0,0.0948749980721399,0.0975124713785843,0.1190812844716234,0.161703251487003,0.1278070917925367,0.1729145499446721,0.1195732280884954,0.1065331247649447
235,235.0,0.0945270594048615,0.0980806324651687,0.1195323996411872,0.1638667975407629,0.1267720558810439,0.1732569302998518,0.1173204289318241,0.1066436958352994
236,236.0,0.0939966161879158,0.0983133214988459,0.1215875111023654,0.1660235248639372,0.1253337053446165,0.1733815491410185,0.1148859650680637,0.1064778067932366
237,237.0,0.0934260867638241,0.0988323205516536,0.1233978338442026,0.168127307934156,0.1245501191059978,0.1730475713469707,0.1124316179738746,0.1061871424793202
238,238.0,0.0928884390157959,0.0993573108696528,0.1251379974794687,0.16997876069237,0.1242042732034098,0.1724696583046322,0.1100629711322932,0.105900589302377
239,239.0,0.0924242227921668,0.0998952639359648,0.1268360778209294,0.1716487042063002,0.1239481597545829,0.1718061877974606,0.1078079614992952,0.1056334221932997
240,240.0,0.0920077212297171,0.1004596097652012,0.1289896198548684,0.1731057857324314,0.1237523507756135,0.1705972180018788,0.1056978812704579,0.1053898133698315
241,241.0,0.091761606266232,0.1018316626923741,0.131110717815874,0.1744247060022674,0.1236719497334812,0.1696062383615332,0.1029904738387892,0.1046026452894485
242,242.0,0.0917843103699769,0.1025009532038192,0.133369001443364,0.1752571529466971,0.1233719113947533,0.1683410198821364,0.1009820255997479,0.1043936251595048
243,243.0,0.0923370092969934,0.1028968629181725,0.1355901246205081,0.1762819646492285,0.1228665361109508,0.1670734783443997,0.0989503365854524,0.1040036874742944
244,244.0,0.0928507356095312,0.1031359343859851,0.1375842495311929,0.1775958314998113,0.1223100687000424,0.1659525534362698,0.0970238303791756,0.1035467964579912
245,245.0,0.0934424193158524,0.1033523109928272,0.1387591575685355,0.1779553934662143,0.1220705868168068,0.1659351670548823,0.0953306334495374,0.1031543313353439
246,246.0,0.0940073201369838,0.1035224385757577,0.1403041356652403,0.1780941003526986,0.1218469586621104,0.1656988946880314,0.0937591258692277,0.1027670260499497
247,247.0,0.0944906512281818,0.1035985944223833,0.1423951993708912,0.1779301881343848,0.1217543214671474,0.1652174004510215,0.0922760535940078,0.1023375913319819
248,248.0,0.0956112413346798,0.1035917794296453,0.1445954114937661,0.1771145271099638,0.1215144891095276,0.1648058826708644,0.090889769097898,0.1018768997536548
249,249.0,0.0965897750200874,0.1034975718362674,0.1467130554827026,0.1760541531922304,0.1218010016561033,0.1643871214523978,0.0895774244385633,0.1013798969216475
250,250.0,0.0975277487867359,0.1033809659835605,0.148652800728794,0.1748808529564045,0.1220982928309227,0.1641359591215676,0.0884128825970531,0.1009104969949613
251,251.0,0.0984336384026341,0.1032388969995138,0.1506120243528488,0.1736382083072101,0.1224161113732127,0.1638236471984184,0.0873733104403019,0.1004641629258599
252,252.0,0.0987178495443336,0.1038249213780705,0.1522713619786954,0.1724701696234447,0.1222071491851055,0.1638434549600999,0.0865391190366721,0.1001259742935782
253,253.0,0.0989226307721393,0.1048849590301535,0.1538922178610947,0.1711430461863718,0.1219299301191572,0.1637585035591985,0.0857389578734922,0.0997297545983924
254,254.0,0.0987868747779016,0.1058458880040105,0.1553257710002277,0.1697951735195902,0.1210788352808362,0.1649655674946203,0.0849976501180564,0.0992042398047569
255,255.0,0.09860554590332,0.1067679919377076,0.1565708898335033,0.168414742845376,0.1202443956203953,0.1663103134803177,0.0843767055671266,0.0987094148122532
256,256.0,0.098383920774081,0.1076455676455591,0.1576325080017159,0.1670169910193915,0.1194325607159216,0.1677717249076052,0.0838699326953969,0.0982467942403285
257,257.0,0.0981144246281221,0.1092386247074036,0.1585112955076258,0.1652006538830998,0.1186702777119524,0.1690230501925799,0.0834853145779971,0.0977563587912191
258,258.0,0.0977294521159873,0.1111304303379693,0.1599108908990475,0.1632615633622044,0.1178059601692229,0.1700058557921945,0.0830602278414141,0.0970956194819598
259,259.0,0.0973253507237481,0.1127418032039841,0.1611613673730479,0.1611072653696367,0.116932632627979,0.1710611279863336,0.0826696406183672,0.0970008120969032
260,260.0,0.0968656900572765,0.1146284151249264,0.1622084834963042,0.1589674183154079,0.1160322178284201,0.1721564608753203,0.082300561558933,0.0968407527434114
261,261.0,0.0963873638473763,0.1167671386765348,0.1631926563872639,0.1568862353038252,0.1150352790911428,0.1733125188645927,0.0817695700362242,0.0966492377930398
262,262.0,0.0958571494793706,0.1190751831782686,0.1639752958256203,0.1548414299777424,0.1140227104466163,0.1745784855747318,0.0812546098446277,0.096395135673022
263,263.0,0.0953084591395811,0.1215366693453147,0.1644198653089068,0.1528714299719397,0.1130264343829388,0.1762820180429298,0.0804454988176141,0.0961096249907748
264,264.0,0.0947655245118605,0.1238598540140666,0.1645726454254065,0.1510111211684926,0.1120873409265981,0.1781500659374748,0.0797065304421619,0.0958469175739388
265,265.0,0.0942144988277665,0.1260288300661048,0.1649972622421288,0.149243339430712,0.1111964997688868,0.1796871402005135,0.0790315747153079,0.0956008547485797
266,266.0,0.0939728400358175,0.1280366059807227,0.1651292373277254,0.147574829059398,0.1103569520736104,0.1811377681531766,0.0784202573076033,0.0953715100619458
267,267.0,0.0936839737072464,0.129833040920492,0.1650302331962649,0.1459102880214758,0.1095254702617301,0.1824181867092565,0.0778261444691863,0.0957726627143477
268,268.0,0.0934040537377781,0.1314704531593928,0.1650490015191522,0.1443636577986551,0.10875840906536,0.1834588259444128,0.0773026053974049,0.0961929933778439
269,269.0,0.0931341037891533,0.1329480772111083,0.1649625132380548,0.1429374390755957,0.1082786319891057,0.1842656229140076,0.0768475244722988,0.0966260873106754
270,270.0,0.0928560305748477,0.1342573604935413,0.1646289309646935,0.1416232413392666,0.1078473368502164,0.1852816661629995,0.076448851528153,0.0970565820862817
271,271.0,0.0925640457527908,0.135644097386279,0.1643686206437836,0.1404183608223622,0.1074333519126164,0.1860864676266742,0.0760656003504109,0.0974194555050825
272,272.0,0.0922843080588853,0.1368677872293088,0.1640452475259054,0.1393387929118204,0.1070755487631021,0.1868790592007976,0.0757375759989375,0.0977716803112426
273,273.0,0.0919970592866922,0.1377218424234514,0.1636340914811291,0.1383558990381856,0.1067279532265648,0.1876432195260708,0.0754269059301668,0.098493029087739
274,274.0,0.0915992345486151,0.1382268221441148,0.1630298327122366,0.1374777592432385,0.1063964468108322,0.1884964079836232,0.0751300621058543,0.0996434344514849
275,275.0,0.0914910415834682,0.1385915584848008,0.1622677792208053,0.1367186103821592,0.1061149708809069,0.1891686800311341,0.0748808655527231,0.1007664938640022
276,276.0,0.0912566980966663,0.1386902497642406,0.1615356082851955,0.1370357794330832,0.1057362932434209,0.1894869736536376,0.0745408648533268,0.1017175326704288
277,277.0,0.0910353755583084,0.13857121042046,0.160769327624632,0.1374424135583882,0.1053981338285707,0.1898052398986745,0.0743493189066343,0.1026289802043316
278,278.0,0.0907058310571369,0.1382344485559061,0.1600383282640332,0.1377110763021023,0.1059926833814594,0.1898500745356025,0.0740866688741418,0.1033808890296175
279,279.0,0.0902837087474783,0.1383324778014969,0.1603474552419846,0.1378601252019722,0.1060174489334282,0.189736808631438,0.0733584474446136,0.1040635279975878
280,280.0,0.0897752405820247,0.1393023869322356,0.1603652710350835,0.1379032111782718,0.1059018124969801,0.1896479968809377,0.0725777376951431,0.1045263431993231
281,281.0,0.0892609531816024,0.1403691188118119,0.1605003196649968,0.1379861635992017,0.1057966345709281,0.1892090107973224,0.0718250776726442,0.1050527217014921
282,282.0,0.0887517297147532,0.1415184022779188,0.1605963071505826,0.1380938646369645,0.1056955409929953,0.1885943783383897,0.0711066520514018,0.1056431248369937
283,283.0,0.0882327404975622,0.1427285379133539,0.1605321403604056,0.1382153006889242,0.1055919138608742,0.1881834525137823,0.0704194838988281,0.1060964302662691
284,284.0,0.0878136302254183,0.1436947385188452,0.1600472098433474,0.1394250002145506,0.104642109839439,0.1880053614195269,0.0698582299011086,0.1065137200377635
285,285.0,0.0874030863487296,0.1445614451398013,0.159667173007872,0.1406415464211309,0.1037100353241484,0.1878051788609883,0.0693443220299054,0.1068672128674238
286,286.0,0.0870294710714901,0.1453383112433903,0.1592975973352312,0.1418698942756923,0.1028178985526412,0.1875858776711141,0.0688865358862032,0.1071744139642373
287,287.0,0.086706055199755,0.145867822061583,0.1589675874923231,0.1431098076481187,0.1019838546314817,0.1873647902381641,0.0684970646719163,0.1075030180566579
288,288.0,0.0864059206765588,0.1464710053163243,0.1586262224443388,0.144322598577767,0.1011853024397144,0.1871191737856431,0.0681478393311139,0.1077219374285394
289,289.0,0.0862996747638369,0.147197193051334,0.1591928323573665,0.1451867877740562,0.1011737280012479,0.1858972744513352,0.0682405496185789,0.1068119599822441
290,290.0,0.0861041593349971,0.1485467743476458,0.1595238685840433,0.145897559703095,0.1014081525798892,0.1845580450743202,0.0682561839104884,0.1057052564655207
291,291.0,0.0858389395444447,0.149778150730136,0.1605660351368387,0.1464718314208232,0.1015591545278881,0.1831352940011441,0.0682109765119841,0.1044396181267409
292,292.0,0.0855950529822683,0.1510601104512887,0.1615824454114544,0.1469989251872062,0.1017141745932277,0.1817330158681663,0.068192878622104,0.1031233968842841
293,293.0,0.0853717767617961,0.1522443924476268,0.1625600870706836,0.147473892426892,0.101888377495355,0.1804463328174161,0.0682050658461627,0.1018100751340673
294,294.0,0.0852721659574656,0.1555056126292135,0.1614675521883641,0.1470907721072492,0.1020747375829323,0.1793146279638197,0.0683456001130047,0.1009289314579506
295,295.0,0.085289854152308,0.1586377026820371,0.1603490527028832,0.1466632712837864,0.1022729704220655,0.1782205169136051,0.0685013578953931,0.1000652739479212
296,296.0,0.0853095900792095,0.1614510446692902,0.1592076411996071,0.1462906360808927,0.1027538560624837,0.1771602006925645,0.0686589501184232,0.0991680810975288
297,297.0,0.0854262647395785,0.1642866395488915,0.1586628822181947,0.1459327508410395,0.1032507436498272,0.1752721932178157,0.0688673157716394,0.0983012100130132
298,298.0,0.0855439757222119,0.1670757393211819,0.1581051452554459,0.1455411754590096,0.1037085070713879,0.1735263325357937,0.0690781483904197,0.0974209762445491
299,299.0,0.0856604530387837,0.1698002942310348,0.157253780929072,0.1454077144877662,0.1041243714150758,0.1719302099451786,0.0692885142147778,0.0965346617383107
300,300.0,0.0857578177826045,0.1724366465738673,0.1565290283400465,0.1452337107940397,0.1044883730019542,0.1704255548753857,0.0694878551629805,0.0956410134691212
301,301.0,0.0858424505660028,0.175031814112213,0.1559367012781989,0.1450302068716621,0.1048281360149617,0.1688599208226456,0.069681477601708,0.0947892927326077
302,302.0,0.0859359188893443,0.1774258051536568,0.155379168963491,0.144825870787761,0.105157070556756,0.1674006415035634,0.0698773162871589,0.0939982078582683
303,303.0,0.0867808489598458,0.1793784338011106,0.1548676181534471,0.1444581826546813,0.1053891317452022,0.1659577348440248,0.0699873326219475,0.0931807172197403
304,304.0,0.0876236453020863,0.1811270372802263,0.1543943843875193,0.1440953363768536,0.1056071408492051,0.1646285380992162,0.070096281405065,0.0924276362998278
305,305.0,0.0884869813563575,0.1826899760884905,0.1538132640518511,0.1437713642624189,0.1058257670016131,0.1635385243686648,0.0702186239192914,0.0916554989513124
306,306.0,0.0894185091769758,0.1840473767999169,0.1532564191459986,0.1434449481012544,0.1060209418300828,0.1625456567948753,0.0703279967623748,0.0909381513885211
307,307.0,0.090324569556625,0.1852142390190554,0.1527421390908903,0.1431311806180605,0.1064704577018648,0.1616661890418698,0.0704335140640879,0.090017710907546
308,308.0,0.0911779466658186,0.1862958974382103,0.1522476961763044,0.1428122033353889,0.1068578147505691,0.160971030309784,0.0705176869769788,0.0891197243469455
309,309.0,0.0920045005743022,0.1871479434955537,0.151830785987194,0.1423533122363661,0.1072078530997819,0.1605827411430287,0.0705959450046256,0.0882769184591473
310,310.0,0.0919406933033939,0.1879236893324928,0.1514308242006767,0.1418984661872826,0.1083281666152933,0.1603522630872242,0.0706596649918871,0.087466232281749
311,311.0,0.0916029302926713,0.1895139513552058,0.1509354062226207,0.1413265796082509,0.109278372033011,0.1601731784693415,0.0705791739257212,0.0865904080931772
312,312.0,0.0910098786801327,0.1908439163433376,0.1497607801989484,0.140724225583272,0.1110786308556309,0.1603346763388699,0.0704048371390377,0.0858430548607705
313,313.0,0.0902934390569199,0.1928272584575564,0.1485210493790314,0.1400455483803867,0.1126077189193171,0.160536318512092,0.0701291160359451,0.0850395512587512
314,314.0,0.0894813304615599,0.1950798479611939,0.1483710163519266,0.1391490586368567,0.1125010253837592,0.1603964940760461,0.0702861248534969,0.0847351022751602
315,315.0,0.0885641338070482,0.1969241942021637,0.1488628153735741,0.1381883954340088,0.1124737581176618,0.1602260704365404,0.0703546807321158,0.0844059518968868
316,316.0,0.0874531767397162,0.1982830538256178,0.1496568283327216,0.1383653472707333,0.11213272329469,0.1599238112867237,0.0702353411506117,0.0839497180991853
317,317.0,0.0863466148276056,0.1993226315268654,0.1504595436976807,0.1385673471984392,0.1118721718882984,0.1595700473603405,0.0701080896390534,0.0837535538617163
318,318.0,0.0852614685793291,0.2000607693707674,0.1509832694036038,0.1390235375410376,0.1115512223816751,0.159556568112098,0.0699769200248614,0.0835862445866272
319,319.0,0.0842061542569714,0.2005123018462262,0.1515150794076737,0.1394940477600028,0.1111776559098367,0.1598067025725192,0.0698432421804263,0.0834448160663435
320,320.0,0.0831879563478352,0.2006936666554499,0.152048561716706,0.1399721698388505,0.1109152925173784,0.1601476129492781,0.0697083582438878,0.0833263817306138
321,321.0,0.0821535904516742,0.20055515052901,0.1525184595390988,0.1403328518947728,0.1105085445325164,0.1604563784611316,0.0702832136950368,0.0831918108967592
322,322.0,0.0811131389319987,0.2000134841136516,0.152924554251138,0.1407932408786422,0.1106725713796148,0.1607219971514958,0.0707419551991867,0.0830190580942718
323,323.0,0.0800348452748222,0.1989518784853741,0.1531280576886309,0.1411105449763756,0.1107102551858104,0.161592954144824,0.0717132303492954,0.0827582338948671
324,324.0,0.0789713616146835,0.1976842229926733,0.1538894590624659,0.1413351324290465,0.1105985997276108,0.1623410314044986,0.0725420382949661,0.0826381544740552
325,325.0,0.0779713837940935,0.1964497806954,0.1546265364785952,0.1415425676308872,0.1104574843952235,0.1630775992110655,0.0733446838786035,0.0825299639161313
326,326.0,0.0770423875379156,0.1951772175541272,0.1553420046198525,0.1417439710467992,0.1101588838309372,0.1639594375751218,0.0741195834111869,0.0824565144240593
327,327.0,0.0761797803917547,0.1938785484443237,0.1560150397911094,0.1419311475607005,0.1098465890990891,0.1647363806140396,0.0748595010823239,0.0825530130166587
328,328.0,0.0755027664616459,0.1926845523213611,0.1568796241069584,0.1412208650432284,0.1096463800656383,0.165603670667242,0.0756736822907136,0.0827884590432119
329,329.0,0.0748995565652851,0.191496701847785,0.1577079568097818,0.1405099722226949,0.1094490502510795,0.1664436001327684,0.0764465588705468,0.0830466033000581
330,330.0,0.074564720765608,0.1902119752491068,0.1584872164685478,0.1397933941596524,0.1092358768684039,0.167238260876772,0.0771704508862277,0.083298104725681
331,331.0,0.0742906003430759,0.1888459606251119,0.159214021592595,0.1390781208612631,0.1090093355120514,0.167983488866246,0.0778427697747752,0.0837357024248812
332,332.0,0.0741750226943827,0.1876557201909603,0.1591995069038618,0.1381690606838982,0.1092262151827511,0.1687181249321633,0.0785136259790156,0.0843427234329666
333,333.0,0.0741113434085938,0.1865962284502978,0.1591352039899045,0.1372752294980523,0.1094298769880904,0.1693973111250379,0.079129496541802,0.0849253099982208
334,334.0,0.0741265334374623,0.185409179496935,0.159164958687958,0.1364388323139397,0.1096513142869578,0.1700699703465476,0.0797122121474675,0.0854269992827317
335,335.0,0.0741770381320428,0.1841746181479943,0.1590021943546944,0.1356234798259394,0.1098584317522461,0.170848661985779,0.0802309524292014,0.0860846233721022
336,336.0,0.0742705410539518,0.1830061453625134,0.1588103053856575,0.1348500858185418,0.1100634253121257,0.1715755238236571,0.0806968329213695,0.0867271403221829
337,337.0,0.0744751477553601,0.1819450312955399,0.1583026488745083,0.1341955287878833,0.1107854141537462,0.1717703869497945,0.0811438195704088,0.0873820226127585
338,338.0,0.0748867796026773,0.1808575662596979,0.1577714709674816,0.1335783632327851,0.1114797827846955,0.1719046765389323,0.0815359599956129,0.0879854006181169
339,339.0,0.0753133017455235,0.1799293379243105,0.1572240026828026,0.1330003723105928,0.1121412672886491,0.1719824576982298,0.0818746009648968,0.0885346593849945
340,340.0,0.0757577261666834,0.17979493866892,0.1555620807858163,0.1324721847010039,0.1127811516228773,0.1713030839785586,0.0832757392031929,0.0890530948729472
341,341.0,0.0761568008502544,0.1802879837134188,0.1537646470497057,0.1319370844049943,0.1132842947053713,0.1705349042040097,0.0845683617215178,0.0894659233507275
342,342.0,0.0765833746186036,0.1808557305643106,0.1520394151340005,0.1314734182896101,0.1136970452251976,0.1696539846921996,0.0858030668270713,0.0898939646490063
343,343.0,0.0769414533625748,0.1813283826205101,0.1502915813702745,0.1309897011349478,0.1139631990567962,0.1687557308216783,0.0869105719272065,0.0908193797060115
344,344.0,0.0772399492101994,0.1823114311427325,0.1485620190642003,0.130498418629515,0.1141055135017052,0.1677908424171265,0.087894465065714,0.0915973609688068
345,345.0,0.0775218479926238,0.1833137643107176,0.1470364689408665,0.1300452526334311,0.1142137559518848,0.1667553948170519,0.0887922438158533,0.0923212715375707
346,346.0,0.077776566158341,0.1842268737568136,0.1456575978502156,0.129788165552186,0.1142756155148651,0.1657093178123794,0.0895999864364093,0.0929658769187895
347,347.0,0.0780027710583533,0.1850435923784354,0.143842018012136,0.1295558845956598,0.1150458293828887,0.1646618413392362,0.0903177108416991,0.0935303523915911
348,348.0,0.0781851531189562,0.1862901259575967,0.1420658657589522,0.1293321680224155,0.115528519427011,0.1636979790053499,0.0909245687915265,0.0939756199181918
349,349.0,0.0783376076186305,0.1874233675611902,0.1403667403257054,0.129221296023703,0.1159586249789216,0.16290617309511,0.0914441514512749,0.0943420389454642
350,350.0,0.0784601712039581,0.18843666705993,0.1387519797078542,0.1291280824505808,0.1163355608481926,0.1623767617240681,0.0918791194884593,0.0946316575169567
351,351.0,0.0785638503524069,0.1893311304325783,0.1372462160104332,0.1292153616941782,0.1166650988032639,0.1618812807233664,0.0922409192368801,0.0948561427468928
352,352.0,0.0787061904141567,0.1899750064435578,0.1357806175504499,0.1292936982105317,0.1168682117212569,0.1619087101765869,0.0924979832151962,0.0949695822682636
353,353.0,0.078792148857507,0.1903048590618696,0.134359614457551,0.1293506060446053,0.1169410540372425,0.1623931478554684,0.0927444963219168,0.0951140733638391
354,354.0,0.0788487711044011,0.1906576487671523,0.1330384759915294,0.1294095987946752,0.1169655325055132,0.1628789443703253,0.0930092554904808,0.0951917729759226
355,355.0,0.0788532240137822,0.1907183209201716,0.1317709902756153,0.1294443582440893,0.1169611156122962,0.1637634408334375,0.0931826804048813,0.0953058696957264
356,356.0,0.0788412918488236,0.1910545970609311,0.1306193360170492,0.1293302324984191,0.1168880446810662,0.1645996014144999,0.093287353322124,0.0953795431570868
357,357.0,0.0788206040871217,0.1913537541758768,0.129590653619385,0.1292342842734651,0.1167942122220879,0.1654391387222158,0.0933440469419102,0.0954233059579374
358,358.0,0.078772480320118,0.1916054686531716,0.12849634820528,0.1291358924535554,0.1166233441751766,0.1666290509361394,0.0933372294119378,0.0954001858446211
359,359.0,0.0791555216410194,0.1923657468966806,0.1269701403472736,0.1294916615713914,0.1167900748531071,0.165997737221656,0.0935489726320926,0.0956801448367792
360,360.0,0.0795021921361089,0.1929312400461801,0.12551583442682,0.1298320288503027,0.1168860907100648,0.1657426678564518,0.0936972416612753,0.0958927043127962
361,361.0,0.079836047522192,0.1937128790408172,0.1241134125685625,0.1303398064631484,0.1169486410169685,0.1651569168073849,0.0937939482890088,0.0960983482919174
362,362.0,0.0801316680059228,0.1946724106230749,0.1227913252586576,0.1309108584562502,0.1169492209036703,0.1644672834528465,0.0938347442302241,0.0962424890693531
363,363.0,0.0803918906250925,0.19535768437641,0.1215680065313055,0.131453267842553,0.1168854101896664,0.1640526380045277,0.0938303702584805,0.0964607321719642
364,364.0,0.0806229969066374,0.1958557296138457,0.1204469098560298,0.1319736550726812,0.116605071941057,0.1640773311342073,0.0937868947543277,0.0966314107212135
365,365.0,0.0808270926212857,0.1962970522392922,0.1194335080161011,0.1324697868786505,0.1163125614095438,0.1640927239710952,0.0937963747223811,0.09677090014165
366,366.0,0.0809925481095053,0.1965560461565917,0.1185027084138028,0.1330115222956688,0.1159770486278339,0.1643393809140431,0.0937635438497677,0.0968572016327864
367,367.0,0.0812556899749103,0.1962646775629177,0.1172082035978513,0.133437297414743,0.1159099003788208,0.1649432736280285,0.0938270786651336,0.0971538787775945
368,368.0,0.0813531059960938,0.1956142821268762,0.1157981129650526,0.1342121827167543,0.1163432384215641,0.1653455242914326,0.0937715025399092,0.0975620509423169
369,369.0,0.0818964839015968,0.1947145033712989,0.1143032967774687,0.1355950341136117,0.1165098754040638,0.1655695459799285,0.0936126743374266,0.0977985861146046
370,370.0,0.0823023713449653,0.1936283201486078,0.1128524719130343,0.1373998869344867,0.1165416735724871,0.1659405323499969,0.0933907681750053,0.0979439755614162
371,371.0,0.0832650945249631,0.1927179460194802,0.1115495780095016,0.1389505578452271,0.1164707015340195,0.1656824748763601,0.0931272348009291,0.0982364123895191
372,372.0,0.0841240041745998,0.1925172699893364,0.1103259484965647,0.1402253803704131,0.1161319119566293,0.1654410019802349,0.0928178132933549,0.0984166697388665
373,373.0,0.084940822719666,0.1925706716311599,0.1092275786368505,0.1414198870636963,0.1157816373494928,0.1650023910811117,0.0925047292301224,0.0985522822879001
374,374.0,0.0857170236807416,0.1926288142463915,0.108254737028825,0.1425392187672899,0.1154353941528028,0.1645652436430645,0.0921932905726207,0.0986662779082637
