,Unnamed: 0,Total_iterations,Intertwine_two,Invert_path_vertices,Insert_inside_vertex,Delete_inside_vertex,MSC_add_terminal,MSC_del_terminal
0,0.0,0.0,0.16666666666666657,0.16666666666666657,0.16666666666666657,0.16666666666666657,0.16666666666666657,0.16666666666666657
1,1.0,1.0,0.16666666666666657,0.16666666666666657,0.16666666666666657,0.16666666666666657,0.16666666666666657,0.16666666666666657
2,2.0,2.0,0.16666666666666657,0.16666666666666657,0.16666666666666657,0.16666666666666657,0.16666666666666657,0.16666666666666657
3,3.0,3.0,0.16666666666666657,0.16666666666666657,0.16666666666666657,0.16666666666666657,0.16666666666666657,0.16666666666666657
4,4.0,4.0,0.16666666666666657,0.16666666666666657,0.16666666666666657,0.16666666666666657,0.16666666666666657,0.16666666666666657
5,5.0,5.0,0.16666666666666657,0.16666666666666657,0.16666666666666657,0.16666666666666657,0.16666666666666657,0.16666666666666657
6,6.0,6.0,0.16666666666666657,0.16666666666666657,0.16666666666666657,0.16666666666666657,0.16666666666666657,0.16666666666666657
7,7.0,7.0,0.16666666666666657,0.16666666666666657,0.16666666666666657,0.16666666666666657,0.16666666666666657,0.16666666666666657
8,8.0,8.0,0.16666666666666657,0.16666666666666657,0.16666666666666657,0.16666666666666657,0.16666666666666657,0.16666666666666657
9,9.0,9.0,0.16666666666666657,0.16666666666666657,0.16666666666666657,0.16666666666666657,0.16666666666666657,0.16666666666666657
10,10.0,10.0,0.16666666666666657,0.16666666666666657,0.16666666666666657,0.16666666666666657,0.16666666666666657,0.16666666666666657
11,11.0,11.0,0.16666666666666657,0.16666666666666657,0.16666666666666657,0.16666666666666657,0.16666666666666657,0.16666666666666657
12,12.0,12.0,0.16666666666666657,0.16666666666666657,0.16666666666666657,0.16666666666666657,0.16666666666666657,0.16666666666666657
13,13.0,13.0,0.16666666666666657,0.16666666666666657,0.16666666666666657,0.16666666666666657,0.16666666666666657,0.16666666666666657
14,14.0,14.0,0.16666666666666657,0.16666666666666657,0.16666666666666657,0.16666666666666657,0.16666666666666657,0.16666666666666657
15,15.0,15.0,0.16666666666666657,0.16666666666666657,0.16666666666666657,0.16666666666666657,0.16666666666666657,0.16666666666666657
16,16.0,16.0,0.16666666666666657,0.16666666666666657,0.16666666666666657,0.16666666666666657,0.16666666666666657,0.16666666666666657
17,17.0,17.0,0.16666666666666657,0.16666666666666657,0.16666666666666657,0.16666666666666657,0.16666666666666657,0.16666666666666657
18,18.0,18.0,0.16666666666666657,0.16666666666666657,0.16666666666666657,0.16666666666666657,0.16666666666666657,0.16666666666666657
19,19.0,19.0,0.16666666666666657,0.16666666666666657,0.16666666666666657,0.16666666666666657,0.16666666666666657,0.16666666666666657
20,20.0,20.0,0.16666666666666657,0.16666666666666657,0.16666666666666657,0.16666666666666657,0.16666666666666657,0.16666666666666657
21,21.0,21.0,0.16666666666666657,0.16666666666666657,0.16666666666666657,0.16666666666666657,0.16666666666666657,0.16666666666666657
22,22.0,22.0,0.16666666666666657,0.16666666666666657,0.16666666666666657,0.16666666666666657,0.16666666666666657,0.16666666666666657
23,23.0,23.0,0.16666666666666657,0.16666666666666657,0.16666666666666657,0.16666666666666657,0.16666666666666657,0.16666666666666657
24,24.0,24.0,0.16666666666666657,0.16666666666666657,0.16666666666666657,0.16666666666666657,0.16666666666666657,0.16666666666666657
25,25.0,25.0,0.16666666666666657,0.16666666666666657,0.16666666666666657,0.16666666666666657,0.16666666666666657,0.16666666666666657
26,26.0,26.0,0.16666666666666657,0.16666666666666657,0.16666666666666657,0.16666666666666657,0.16666666666666657,0.16666666666666657
27,27.0,27.0,0.16666666666666657,0.16666666666666657,0.16666666666666657,0.16666666666666657,0.16666666666666657,0.16666666666666657
28,28.0,28.0,0.16666666666666657,0.16666666666666657,0.16666666666666657,0.16666666666666657,0.16666666666666657,0.16666666666666657
29,29.0,29.0,0.16666666666666657,0.16666666666666657,0.16666666666666657,0.16666666666666657,0.16666666666666657,0.16666666666666657
30,30.0,30.0,0.16666666666666657,0.16666666666666657,0.16666666666666657,0.16666666666666657,0.16666666666666657,0.16666666666666657
31,31.0,31.0,0.16666666666666657,0.16666666666666657,0.16666666666666657,0.16666666666666657,0.16666666666666657,0.16666666666666657
32,32.0,32.0,0.16666666666666657,0.16666666666666657,0.16666666666666657,0.16666666666666657,0.16666666666666657,0.16666666666666657
33,33.0,33.0,0.16666666666666657,0.16666666666666657,0.16666666666666657,0.16666666666666657,0.16666666666666657,0.16666666666666657
34,34.0,34.0,0.16666666666666657,0.16666666666666657,0.16666666666666657,0.16666666666666657,0.16666666666666657,0.16666666666666657
35,35.0,35.0,0.16666666666666657,0.16666666666666657,0.16666666666666657,0.16666666666666657,0.16666666666666657,0.16666666666666657
36,36.0,36.0,0.16666666666666657,0.16666666666666657,0.16666666666666657,0.16666666666666657,0.16666666666666657,0.16666666666666657
37,37.0,37.0,0.16666666666666657,0.16666666666666657,0.16666666666666657,0.16666666666666657,0.16666666666666657,0.16666666666666657
38,38.0,38.0,0.16666666666666657,0.16666666666666657,0.16666666666666657,0.16666666666666657,0.16666666666666657,0.16666666666666657
39,39.0,39.0,0.16666666666666657,0.16666666666666657,0.16666666666666657,0.16666666666666657,0.16666666666666657,0.16666666666666657
40,40.0,40.0,0.16666666666666657,0.16666666666666657,0.16666666666666657,0.16666666666666657,0.16666666666666657,0.16666666666666657
41,41.0,41.0,0.16666666666666657,0.16666666666666657,0.16666666666666657,0.16666666666666657,0.16666666666666657,0.16666666666666657
42,42.0,42.0,0.16666666666666657,0.16666666666666657,0.16666666666666657,0.16666666666666657,0.16666666666666657,0.16666666666666657
43,43.0,43.0,0.16666666666666657,0.16666666666666657,0.16666666666666657,0.16666666666666657,0.16666666666666657,0.16666666666666657
44,44.0,44.0,0.16666666666666657,0.16666666666666657,0.16666666666666657,0.16666666666666657,0.16666666666666657,0.16666666666666657
45,45.0,45.0,0.16666666666666657,0.16666666666666657,0.16666666666666657,0.16666666666666657,0.16666666666666657,0.16666666666666657
46,46.0,46.0,0.16666666666666657,0.16666666666666657,0.16666666666666657,0.16666666666666657,0.16666666666666657,0.16666666666666657
47,47.0,47.0,0.16666666666666657,0.16666666666666657,0.16666666666666657,0.16666666666666657,0.16666666666666657,0.16666666666666657
48,48.0,48.0,0.16666666666666657,0.16666666666666657,0.16666666666666657,0.16666666666666657,0.16666666666666657,0.16666666666666657
49,49.0,49.0,0.16666666666666657,0.16666666666666657,0.16666666666666657,0.16666666666666657,0.16666666666666657,0.16666666666666657
50,50.0,50.0,0.16666666666666657,0.16666666666666657,0.16666666666666657,0.16666666666666657,0.16666666666666657,0.16666666666666657
51,51.0,51.0,0.16666666666666657,0.16666666666666657,0.16666666666666657,0.16666666666666657,0.16666666666666657,0.16666666666666657
52,52.0,52.0,0.16666666666666657,0.16666666666666657,0.16666666666666657,0.16666666666666657,0.16666666666666657,0.16666666666666657
53,53.0,53.0,0.16666666666666657,0.16666666666666657,0.16666666666666657,0.16666666666666657,0.16666666666666657,0.16666666666666657
54,54.0,54.0,0.16666666666666657,0.16666666666666657,0.16666666666666657,0.16666666666666657,0.16666666666666657,0.16666666666666657
55,55.0,55.0,0.16666666666666657,0.16666666666666657,0.16666666666666657,0.16666666666666657,0.16666666666666657,0.16666666666666657
56,56.0,56.0,0.16666666666666657,0.16666666666666657,0.16666666666666657,0.16666666666666657,0.16666666666666657,0.16666666666666657
57,57.0,57.0,0.16666666666666657,0.16666666666666657,0.16666666666666657,0.16666666666666657,0.16666666666666657,0.16666666666666657
58,58.0,58.0,0.16666666666666657,0.16666666666666657,0.16666666666666657,0.16666666666666657,0.16666666666666657,0.16666666666666657
59,59.0,59.0,0.16666666666666657,0.16666666666666657,0.16666666666666657,0.16666666666666657,0.16666666666666657,0.16666666666666657
60,60.0,60.0,0.16666666666666657,0.16666666666666657,0.16666666666666657,0.16666666666666657,0.16666666666666657,0.16666666666666657
61,61.0,61.0,0.16666666666666657,0.16666666666666657,0.16666666666666657,0.16666666666666657,0.16666666666666657,0.16666666666666657
62,62.0,62.0,0.16666666666666657,0.16666666666666657,0.16666666666666657,0.16666666666666657,0.16666666666666657,0.16666666666666657
63,63.0,63.0,0.16666666666666657,0.16666666666666657,0.16666666666666657,0.16666666666666657,0.16666666666666657,0.16666666666666657
64,64.0,64.0,0.16666666666666657,0.16666666666666657,0.16666666666666657,0.16666666666666657,0.16666666666666657,0.16666666666666657
65,65.0,65.0,0.16666666666666657,0.16666666666666657,0.16666666666666657,0.16666666666666657,0.16666666666666657,0.16666666666666657
66,66.0,66.0,0.16666666666666657,0.16666666666666657,0.16666666666666657,0.16666666666666657,0.16666666666666657,0.16666666666666657
67,67.0,67.0,0.16666666666666657,0.16666666666666657,0.16666666666666657,0.16666666666666657,0.16666666666666657,0.16666666666666657
68,68.0,68.0,0.16666666666666657,0.16666666666666657,0.16666666666666657,0.16666666666666657,0.16666666666666657,0.16666666666666657
69,69.0,69.0,0.16666666666666657,0.16666666666666657,0.16666666666666657,0.16666666666666657,0.16666666666666657,0.16666666666666657
70,70.0,70.0,0.16666666666666657,0.16666666666666657,0.16666666666666657,0.16666666666666657,0.16666666666666657,0.16666666666666657
71,71.0,71.0,0.16666666666666657,0.16666666666666657,0.16666666666666657,0.16666666666666657,0.16666666666666657,0.16666666666666657
72,72.0,72.0,0.16666666666666657,0.16666666666666657,0.16666666666666657,0.16666666666666657,0.16666666666666657,0.16666666666666657
73,73.0,73.0,0.16666666666666657,0.16666666666666657,0.16666666666666657,0.16666666666666657,0.16666666666666657,0.16666666666666657
74,74.0,74.0,0.16666666666666657,0.16666666666666657,0.16666666666666657,0.16666666666666657,0.16666666666666657,0.16666666666666657
75,75.0,75.0,0.16666666666666657,0.16666666666666657,0.16666666666666657,0.16666666666666657,0.16666666666666657,0.16666666666666657
76,76.0,76.0,0.16666666666666657,0.16666666666666657,0.16666666666666657,0.16666666666666657,0.16666666666666657,0.16666666666666657
77,77.0,77.0,0.16666666666666657,0.16666666666666657,0.16666666666666657,0.16666666666666657,0.16666666666666657,0.16666666666666657
78,78.0,78.0,0.16666666666666657,0.16666666666666657,0.16666666666666657,0.16666666666666657,0.16666666666666657,0.16666666666666657
79,79.0,79.1,0.16666666666666657,0.16666666666666657,0.16666666666666657,0.16666666666666657,0.16666666666666657,0.16666666666666657
80,80.0,80.1,0.16666666666666657,0.16666666666666657,0.16666666666666657,0.16666666666666657,0.16666666666666657,0.16666666666666657
81,81.0,81.1,0.16666666666666657,0.16666666666666657,0.16666666666666657,0.16666666666666657,0.16666666666666657,0.16666666666666657
82,82.0,82.1,0.16666666666666657,0.16666666666666657,0.16666666666666657,0.16666666666666657,0.16666666666666657,0.16666666666666657
83,83.0,83.1,0.16666666666666657,0.16666666666666657,0.16666666666666657,0.16666666666666657,0.16666666666666657,0.16666666666666657
84,84.0,84.2,0.16666666666666657,0.16666666666666657,0.16666666666666657,0.16666666666666657,0.16666666666666657,0.16666666666666657
85,85.0,85.2,0.16666666666666657,0.16666666666666657,0.16666666666666657,0.16666666666666657,0.16666666666666657,0.16666666666666657
86,86.0,86.3,0.16666666666666657,0.16666666666666657,0.16666666666666657,0.16666666666666657,0.16666666666666657,0.16666666666666657
87,87.0,87.5,0.16666666666666657,0.16666666666666657,0.16666666666666657,0.16666666666666657,0.16666666666666657,0.16666666666666657
88,88.0,88.5,0.16666666666666657,0.16666666666666657,0.16666666666666657,0.16666666666666657,0.16666666666666657,0.16666666666666657
89,89.0,89.6,0.16666666666666657,0.16666666666666657,0.16666666666666657,0.16666666666666657,0.16666666666666657,0.16666666666666657
90,90.0,90.6,0.16666666666666657,0.16666666666666657,0.16666666666666657,0.16666666666666657,0.16666666666666657,0.16666666666666657
91,91.0,91.6,0.16666666666666657,0.16666666666666657,0.16666666666666657,0.16666666666666657,0.16666666666666657,0.16666666666666657
92,92.0,92.6,0.16666666666666657,0.16666666666666657,0.16666666666666657,0.16666666666666657,0.16666666666666657,0.16666666666666657
93,93.0,93.6,0.16666666666666657,0.16666666666666657,0.16666666666666657,0.16666666666666657,0.16666666666666657,0.16666666666666657
94,94.0,94.6,0.16666666666666657,0.16666666666666657,0.16666666666666657,0.16666666666666657,0.16666666666666657,0.16666666666666657
95,95.0,95.7,0.16666666666666657,0.16666666666666657,0.16666666666666657,0.16666666666666657,0.16666666666666657,0.16666666666666657
96,96.0,96.7,0.16666666666666657,0.16666666666666657,0.16666666666666657,0.16666666666666657,0.16666666666666657,0.16666666666666657
97,97.0,97.7,0.16666666666666657,0.16666666666666657,0.16666666666666657,0.16666666666666657,0.16666666666666657,0.16666666666666657
98,98.0,98.7,0.16666666666666657,0.16666666666666657,0.16666666666666657,0.16666666666666657,0.16666666666666657,0.16666666666666657
99,99.0,99.8,0.16666666666666657,0.16666666666666657,0.16666666666666657,0.16666666666666657,0.16666666666666657,0.16666666666666657
100,100.0,100.8,0.16666666666666657,0.16666666666666657,0.16666666666666657,0.16666666666666657,0.16666666666666657,0.16666666666666657
101,101.0,101.8,0.16666666666666657,0.16666666666666657,0.16666666666666657,0.16666666666666657,0.16666666666666657,0.16666666666666657
102,102.0,102.8,0.16666666666666657,0.16666666666666657,0.16666666666666657,0.16666666666666657,0.16666666666666657,0.16666666666666657
103,103.0,103.8,0.16666666666666657,0.16666666666666657,0.16666666666666657,0.16666666666666657,0.16666666666666657,0.16666666666666657
104,104.0,104.8,0.16666666666666657,0.16666666666666657,0.16666666666666657,0.16666666666666657,0.16666666666666657,0.16666666666666657
105,105.0,105.8,0.16666666666666657,0.16666666666666657,0.16666666666666657,0.16666666666666657,0.16666666666666657,0.16666666666666657
106,106.0,106.8,0.16666666666666657,0.16666666666666657,0.16666666666666657,0.16666666666666657,0.16666666666666657,0.16666666666666657
107,107.0,107.8,0.16666666666666657,0.16666666666666657,0.16666666666666657,0.16666666666666657,0.16666666666666657,0.16666666666666657
108,108.0,108.8,0.16666666666666657,0.16666666666666657,0.16666666666666657,0.16666666666666657,0.16666666666666657,0.16666666666666657
109,109.0,109.8,0.16666666666666657,0.16666666666666657,0.16666666666666657,0.16666666666666657,0.16666666666666657,0.16666666666666657
110,110.0,110.8,0.16666666666666657,0.16666666666666657,0.16666666666666657,0.16666666666666657,0.16666666666666657,0.16666666666666657
111,111.0,111.8,0.16666666666666657,0.16666666666666657,0.16666666666666657,0.16666666666666657,0.16666666666666657,0.16666666666666657
112,112.0,112.8,0.16666666666666657,0.16666666666666657,0.16666666666666657,0.16666666666666657,0.16666666666666657,0.16666666666666657
113,113.0,113.8,0.16666666666666657,0.16666666666666657,0.16666666666666657,0.16666666666666657,0.16666666666666657,0.16666666666666657
114,114.0,114.8,0.16666666666666657,0.16666666666666657,0.16666666666666657,0.16666666666666657,0.16666666666666657,0.16666666666666657
115,115.0,115.8,0.16666666666666657,0.16666666666666657,0.16666666666666657,0.16666666666666657,0.16666666666666657,0.16666666666666657
116,116.0,116.8,0.16666666666666657,0.16666666666666657,0.16666666666666657,0.16666666666666657,0.16666666666666657,0.16666666666666657
117,117.0,117.8,0.16666666666666657,0.16666666666666657,0.16666666666666657,0.16666666666666657,0.16666666666666657,0.16666666666666657
118,118.0,118.8,0.16666666666666657,0.16666666666666657,0.16666666666666657,0.16666666666666657,0.16666666666666657,0.16666666666666657
119,119.0,119.8,0.16666666666666657,0.16666666666666657,0.16666666666666657,0.16666666666666657,0.16666666666666657,0.16666666666666657
120,120.0,120.8,0.16666666666666657,0.16666666666666657,0.16666666666666657,0.16666666666666657,0.16666666666666657,0.16666666666666657
121,121.0,121.8,0.16666666666666657,0.16666666666666657,0.16666666666666657,0.16666666666666657,0.16666666666666657,0.16666666666666657
122,122.0,122.8,0.16666666666666657,0.16666666666666657,0.16666666666666657,0.16666666666666657,0.16666666666666657,0.16666666666666657
123,123.0,123.8,0.16666666666666657,0.16666666666666657,0.16666666666666657,0.16666666666666657,0.16666666666666657,0.16666666666666657
124,124.0,124.8,0.16666666666666657,0.16666666666666657,0.16666666666666657,0.16666666666666657,0.16666666666666657,0.16666666666666657
125,125.0,125.8,0.16666666666666657,0.16666666666666657,0.16666666666666657,0.16666666666666657,0.16666666666666657,0.16666666666666657
126,126.0,126.8,0.16666666666666657,0.16666666666666657,0.16666666666666657,0.16666666666666657,0.16666666666666657,0.16666666666666657
127,127.0,127.8,0.16666666666666657,0.16666666666666657,0.16666666666666657,0.16666666666666657,0.16666666666666657,0.16666666666666657
128,128.0,128.8,0.16666666666666657,0.16666666666666657,0.16666666666666657,0.16666666666666657,0.16666666666666657,0.16666666666666657
129,129.0,129.8,0.16666666666666657,0.16666666666666657,0.16666666666666657,0.16666666666666657,0.16666666666666657,0.16666666666666657
130,130.0,130.8,0.16666666666666657,0.16666666666666657,0.16666666666666657,0.16666666666666657,0.16666666666666657,0.16666666666666657
131,131.0,131.8,0.16666666666666657,0.16666666666666657,0.16666666666666657,0.16666666666666657,0.16666666666666657,0.16666666666666657
132,132.0,132.8,0.16666666666666657,0.16666666666666657,0.16666666666666657,0.16666666666666657,0.16666666666666657,0.16666666666666657
133,133.0,133.8,0.16666666666666657,0.16666666666666657,0.16666666666666657,0.16666666666666657,0.16666666666666657,0.16666666666666657
134,134.0,134.8,0.16666666666666657,0.16666666666666657,0.16666666666666657,0.16666666666666657,0.16666666666666657,0.16666666666666657
135,135.0,135.8,0.16666666666666657,0.16666666666666657,0.16666666666666657,0.16666666666666657,0.16666666666666657,0.16666666666666657
136,136.0,136.8,0.16666666666666657,0.16666666666666657,0.16666666666666657,0.16666666666666657,0.16666666666666657,0.16666666666666657
137,137.0,137.8,0.16666666666666657,0.16666666666666657,0.16666666666666657,0.16666666666666657,0.16666666666666657,0.16666666666666657
138,138.0,138.8,0.16666666666666657,0.16666666666666657,0.16666666666666657,0.16666666666666657,0.16666666666666657,0.16666666666666657
139,139.0,139.8,0.16666666666666657,0.16666666666666657,0.16666666666666657,0.16666666666666657,0.16666666666666657,0.16666666666666657
140,140.0,140.8,0.16666666666666657,0.16666666666666657,0.16666666666666657,0.16666666666666657,0.16666666666666657,0.16666666666666657
141,141.0,141.8,0.16666666666666657,0.16666666666666657,0.16666666666666657,0.16666666666666657,0.16666666666666657,0.16666666666666657
142,142.0,142.8,0.16666666666666657,0.16666666666666657,0.16666666666666657,0.16666666666666657,0.16666666666666657,0.16666666666666657
143,143.0,143.8,0.16666666666666657,0.16666666666666657,0.16666666666666657,0.16666666666666657,0.16666666666666657,0.16666666666666657
144,144.0,144.8,0.16666666666666657,0.16666666666666657,0.16666666666666657,0.16666666666666657,0.16666666666666657,0.16666666666666657
145,145.0,145.8,0.16666666666666657,0.16666666666666657,0.16666666666666657,0.16666666666666657,0.16666666666666657,0.16666666666666657
146,146.0,146.8,0.16666666666666657,0.16666666666666657,0.16666666666666657,0.16666666666666657,0.16666666666666657,0.16666666666666657
147,147.0,147.8,0.16666666666666657,0.16666666666666657,0.16666666666666657,0.16666666666666657,0.16666666666666657,0.16666666666666657
148,148.0,148.8,0.16666666666666657,0.16666666666666657,0.16666666666666657,0.16666666666666657,0.16666666666666657,0.16666666666666657
149,149.0,149.8,0.16666666666666657,0.16666666666666657,0.16666666666666657,0.16666666666666657,0.16666666666666657,0.16666666666666657
150,150.0,150.8,0.16666666666666657,0.16666666666666657,0.16666666666666657,0.16666666666666657,0.16666666666666657,0.16666666666666657
151,151.0,151.8,0.16666666666666657,0.16666666666666657,0.16666666666666657,0.16666666666666657,0.16666666666666657,0.16666666666666657
152,152.0,152.8,0.16666666666666657,0.16666666666666657,0.16666666666666657,0.16666666666666657,0.16666666666666657,0.16666666666666657
153,153.0,153.8,0.16666666666666657,0.16666666666666657,0.16666666666666657,0.16666666666666657,0.16666666666666657,0.16666666666666657
154,154.0,154.8,0.16666666666666657,0.16666666666666657,0.16666666666666657,0.16666666666666657,0.16666666666666657,0.16666666666666657
155,155.0,155.8,0.16666666666666657,0.16666666666666657,0.16666666666666657,0.16666666666666657,0.16666666666666657,0.16666666666666657
156,156.0,156.8,0.16666666666666657,0.16666666666666657,0.16666666666666657,0.16666666666666657,0.16666666666666657,0.16666666666666657
157,157.0,157.8,0.16666666666666657,0.16666666666666657,0.16666666666666657,0.16666666666666657,0.16666666666666657,0.16666666666666657
158,158.0,158.8,0.16666666666666657,0.16666666666666657,0.16666666666666657,0.16666666666666657,0.16666666666666657,0.16666666666666657
159,159.0,159.9,0.16666666666666657,0.16666666666666657,0.16666666666666657,0.16666666666666657,0.16666666666666657,0.16666666666666657
160,160.0,160.9,0.16666666666666657,0.16666666666666657,0.16666666666666657,0.16666666666666657,0.16666666666666657,0.16666666666666657
161,161.0,161.9,0.16666666666666657,0.16666666666666657,0.16666666666666657,0.16666666666666657,0.16666666666666657,0.16666666666666657
162,162.0,162.9,0.16666666666666657,0.16666666666666657,0.16666666666666657,0.16666666666666657,0.16666666666666657,0.16666666666666657
163,163.0,163.9,0.16666666666666657,0.16666666666666657,0.16666666666666657,0.16666666666666657,0.16666666666666657,0.16666666666666657
164,164.0,164.9,0.16666666666666657,0.16666666666666657,0.16666666666666657,0.16666666666666657,0.16666666666666657,0.16666666666666657
165,165.0,165.9,0.16666666666666657,0.16666666666666657,0.16666666666666657,0.16666666666666657,0.16666666666666657,0.16666666666666657
166,166.0,166.9,0.16666666666666657,0.16666666666666657,0.16666666666666657,0.16666666666666657,0.16666666666666657,0.16666666666666657
167,167.0,167.9,0.16666666666666657,0.16666666666666657,0.16666666666666657,0.16666666666666657,0.16666666666666657,0.16666666666666657
168,168.0,169.0,0.16666666666666657,0.16666666666666657,0.16666666666666657,0.16666666666666657,0.16666666666666657,0.16666666666666657
169,169.0,170.0,0.16666666666666657,0.16666666666666657,0.16666666666666657,0.16666666666666657,0.16666666666666657,0.16666666666666657
170,170.0,171.1,0.16666666666666657,0.16666666666666657,0.16666666666666657,0.16666666666666657,0.16666666666666657,0.16666666666666657
171,171.0,172.1,0.16666666666666657,0.16666666666666657,0.16666666666666657,0.16666666666666657,0.16666666666666657,0.16666666666666657
172,172.0,173.1,0.16666666666666657,0.16666666666666657,0.16666666666666657,0.16666666666666657,0.16666666666666657,0.16666666666666657
173,173.0,174.1,0.16666666666666657,0.16666666666666657,0.16666666666666657,0.16666666666666657,0.16666666666666657,0.16666666666666657
174,174.0,175.1,0.16666666666666657,0.16666666666666657,0.16666666666666657,0.16666666666666657,0.16666666666666657,0.16666666666666657
175,175.0,176.2,0.16666666666666657,0.16666666666666657,0.16666666666666657,0.16666666666666657,0.16666666666666657,0.16666666666666657
176,176.0,177.2,0.16666666666666657,0.16666666666666657,0.16666666666666657,0.16666666666666657,0.16666666666666657,0.16666666666666657
177,177.0,178.2,0.16666666666666657,0.16666666666666657,0.16666666666666657,0.16666666666666657,0.16666666666666657,0.16666666666666657
178,178.0,179.2,0.16666666666666657,0.16666666666666657,0.16666666666666657,0.16666666666666657,0.16666666666666657,0.16666666666666657
179,179.0,180.2,0.16666666666666657,0.16666666666666657,0.16666666666666657,0.16666666666666657,0.16666666666666657,0.16666666666666657
180,180.0,181.2,0.16666666666666657,0.16666666666666657,0.16666666666666657,0.16666666666666657,0.16666666666666657,0.16666666666666657
181,181.0,182.2,0.16666666666666657,0.16666666666666657,0.16666666666666657,0.16666666666666657,0.16666666666666657,0.16666666666666657
182,182.0,183.2,0.16666666666666657,0.16666666666666657,0.16666666666666657,0.16666666666666657,0.16666666666666657,0.16666666666666657
183,183.0,184.2,0.16666666666666657,0.16666666666666657,0.16666666666666657,0.16666666666666657,0.16666666666666657,0.16666666666666657
184,184.0,185.2,0.16666666666666657,0.16666666666666657,0.16666666666666657,0.16666666666666657,0.16666666666666657,0.16666666666666657
185,185.0,186.2,0.16666666666666657,0.16666666666666657,0.16666666666666657,0.16666666666666657,0.16666666666666657,0.16666666666666657
186,186.0,187.2,0.16666666666666657,0.16666666666666657,0.16666666666666657,0.16666666666666657,0.16666666666666657,0.16666666666666657
187,187.0,188.3,0.16666666666666657,0.16666666666666657,0.16666666666666657,0.16666666666666657,0.16666666666666657,0.16666666666666657
188,188.0,189.3,0.16666666666666657,0.16666666666666657,0.16666666666666657,0.16666666666666657,0.16666666666666657,0.16666666666666657
189,189.0,190.3,0.16666666666666657,0.16666666666666657,0.16666666666666657,0.16666666666666657,0.16666666666666657,0.16666666666666657
190,190.0,191.3,0.16666666666666657,0.16666666666666657,0.16666666666666657,0.16666666666666657,0.16666666666666657,0.16666666666666657
191,191.0,192.3,0.16666666666666657,0.16666666666666657,0.16666666666666657,0.16666666666666657,0.16666666666666657,0.16666666666666657
192,192.0,193.3,0.16666666666666657,0.16666666666666657,0.16666666666666657,0.16666666666666657,0.16666666666666657,0.16666666666666657
193,193.0,194.3,0.16666666666666657,0.16666666666666657,0.16666666666666657,0.16666666666666657,0.16666666666666657,0.16666666666666657
194,194.0,195.3,0.16666666666666657,0.16666666666666657,0.16666666666666657,0.16666666666666657,0.16666666666666657,0.16666666666666657
195,195.0,196.3,0.16666666666666657,0.16666666666666657,0.16666666666666657,0.16666666666666657,0.16666666666666657,0.16666666666666657
196,196.0,197.3,0.16666666666666657,0.16666666666666657,0.16666666666666657,0.16666666666666657,0.16666666666666657,0.16666666666666657
197,197.0,198.3,0.16666666666666657,0.16666666666666657,0.16666666666666657,0.16666666666666657,0.16666666666666657,0.16666666666666657
198,198.0,199.3,0.16666666666666657,0.16666666666666657,0.16666666666666657,0.16666666666666657,0.16666666666666657,0.16666666666666657
199,199.0,200.3,0.17857142857142846,0.1642857142857142,0.1642857142857142,0.1642857142857142,0.1642857142857142,0.1642857142857142
200,200.0,201.3,0.17857142857142846,0.1642857142857142,0.1642857142857142,0.1642857142857142,0.1642857142857142,0.1642857142857142
201,201.0,202.3,0.1761904761904761,0.16190476190476183,0.16190476190476183,0.16190476190476183,0.16190476190476183,0.1761904761904761
202,202.0,203.3,0.17380952380952372,0.15952380952380946,0.15952380952380946,0.15952380952380946,0.15952380952380946,0.188095238095238
203,203.0,204.3,0.16964285714285707,0.16964285714285707,0.1553571428571428,0.1553571428571428,0.1553571428571428,0.19464285714285706
204,204.0,205.3,0.1678571428571428,0.1678571428571428,0.15357142857142853,0.15357142857142853,0.1660714285714285,0.1910714285714285
205,205.0,206.3,0.1678571428571428,0.1678571428571428,0.15357142857142853,0.1660714285714285,0.1660714285714285,0.17857142857142852
206,206.0,207.3,0.16170634920634913,0.17599206349206342,0.14742063492063484,0.16964285714285707,0.17420634920634911,0.17103174603174595
207,207.0,208.3,0.16031746031746025,0.17460317460317454,0.14603174603174596,0.16825396825396816,0.17142857142857135,0.17936507936507928
208,208.0,209.3,0.16031746031746025,0.17460317460317454,0.14603174603174596,0.16825396825396816,0.17142857142857135,0.17936507936507928
209,209.0,210.3,0.15920634920634913,0.17349206349206342,0.14492063492063484,0.16714285714285707,0.17920634920634915,0.17603174603174593
210,210.0,211.3,0.15920634920634913,0.17349206349206342,0.14492063492063484,0.16714285714285707,0.17920634920634915,0.17603174603174593
211,211.0,212.3,0.15920634920634913,0.17349206349206342,0.14492063492063484,0.16714285714285707,0.17920634920634915,0.17603174603174593
212,212.0,213.3,0.15742063492063485,0.17170634920634914,0.14313492063492056,0.16535714285714279,0.18813492063492057,0.17424603174603165
213,213.0,214.3,0.15742063492063485,0.17170634920634914,0.14313492063492056,0.16535714285714279,0.18813492063492057,0.17424603174603165
214,214.0,215.3,0.15705831608005516,0.17243098688750857,0.14385955831608,0.1617339544513457,0.19103347135955825,0.17388371290545196
215,215.0,216.3,0.1554941116231438,0.1708550947260624,0.14335893497183813,0.16020481310803886,0.19776753712237577,0.17231950844854063
216,216.0,217.3,0.15660522273425492,0.1719662058371735,0.14447004608294925,0.16131592421914995,0.20110087045570912,0.16454173067076286
217,217.0,218.3,0.15422427035330255,0.16958525345622114,0.15320020481310798,0.15893497183819758,0.18760880696364562,0.17644649257552478
218,218.0,219.3,0.1622669706180344,0.1647196892941573,0.1489978047956771,0.1559008780817291,0.1833476865923674,0.18476697061803443
219,219.0,220.3,0.17281328320802,0.16275480367585626,0.14702172096908933,0.15398078529657472,0.18240183792815368,0.1810275689223057
220,220.0,221.3,0.1726488095238095,0.1636210317460317,0.14683531746031742,0.1538492063492063,0.18218253968253964,0.18086309523809518
221,221.0,222.3,0.17248772704958268,0.16343847160857466,0.14665275732286037,0.15372034036982485,0.18196776305023724,0.18173294059891992
222,222.0,223.3,0.17248772704958268,0.16343847160857466,0.14665275732286037,0.15372034036982485,0.18196776305023724,0.18173294059891992
223,223.0,224.3,0.17526550482736045,0.163796432662412,0.16054164621174924,0.13391793487154308,0.18335665193912612,0.1831218294878088
224,224.0,225.3,0.17510770975056683,0.16362811791383214,0.16036281179138318,0.13378117913832194,0.18314625850340133,0.18397392290249429
225,225.0,226.3,0.17495310245310242,0.16346320346320342,0.17268759018759014,0.13364718614718613,0.18395021645021642,0.17129870129870126
226,226.0,227.3,0.16979437229437228,0.15969336219336216,0.16752886002885997,0.12987734487734484,0.18018037518037516,0.1929256854256854
227,227.0,228.3,0.16979437229437228,0.15969336219336216,0.16752886002885997,0.12987734487734484,0.18018037518037516,0.1929256854256854
228,228.0,229.3,0.16979437229437228,0.15969336219336216,0.16752886002885997,0.12987734487734484,0.18018037518037516,0.1929256854256854
229,229.0,230.3,0.16979437229437228,0.15969336219336216,0.16752886002885997,0.12987734487734484,0.18018037518037516,0.1929256854256854
230,230.0,231.3,0.17229437229437225,0.16219336219336217,0.17252886002885998,0.13237734487734482,0.17696608946608944,0.1836399711399711
231,231.0,232.3,0.168524531024531,0.14413780663780662,0.1816558441558441,0.12860750360750356,0.17319624819624818,0.20387806637806632
232,232.0,233.3,0.16630230880230878,0.1430266955266955,0.1794336219336219,0.12749639249639247,0.17208513708513706,0.2116558441558441
233,233.0,234.3,0.16626984126984126,0.14049422799422798,0.16829004329004324,0.13948412698412693,0.18724747474747475,0.19821428571428565
234,234.0,235.3,0.17698412698412697,0.13870851370851367,0.16650432900432896,0.13769841269841265,0.18367604617604613,0.19642857142857137
235,235.0,236.3,0.17242063492063492,0.1355339105339105,0.1633297258297258,0.14361471861471858,0.18982683982683982,0.19527417027417024
236,236.0,237.3,0.17242063492063492,0.1355339105339105,0.1633297258297258,0.14361471861471858,0.18982683982683982,0.19527417027417024
237,237.0,238.3,0.17242063492063492,0.1355339105339105,0.1633297258297258,0.14361471861471858,0.18982683982683982,0.19527417027417024
238,238.0,239.3,0.17242063492063492,0.1355339105339105,0.1633297258297258,0.14361471861471858,0.18982683982683982,0.19527417027417024
239,239.0,240.3,0.15674603174603172,0.14525613275613272,0.1619408369408369,0.1422258297258297,0.18566017316017314,0.20817099567099567
240,240.0,241.3,0.15563492063492063,0.1430339105339105,0.16082972582972582,0.1522258297258297,0.1923268398268398,0.19594877344877343
241,241.0,242.3,0.14452380952380953,0.1573196248196248,0.16082972582972582,0.1522258297258297,0.1923268398268398,0.19277417027417026
242,242.0,243.4,0.14654401154401153,0.1564105339105339,0.16173881673881674,0.15424603174603171,0.19959956709956708,0.18146103896103893
243,243.0,244.4,0.1454329004329004,0.1552994227994228,0.16062770562770562,0.1509126984126984,0.19848845598845596,0.1892388167388167
244,244.0,245.4,0.1454329004329004,0.1552994227994228,0.16062770562770562,0.1509126984126984,0.19848845598845596,0.1892388167388167
245,245.0,246.4,0.14654401154401153,0.1564105339105339,0.15173881673881673,0.1520238095238095,0.20071067821067817,0.19257215007215003
246,246.0,247.5,0.14654401154401153,0.1564105339105339,0.15173881673881673,0.1520238095238095,0.20071067821067817,0.19257215007215003
247,247.0,248.5,0.14725829725829725,0.1571248196248196,0.15245310245310245,0.1327380952380952,0.2014249639249639,0.20900072150072146
248,248.0,249.5,0.14586940836940834,0.1557359307359307,0.15106421356421357,0.14246031746031745,0.18892496392496388,0.21594516594516594
249,249.0,250.5,0.14448051948051946,0.15434704184704182,0.14967532467532468,0.14107142857142857,0.187536075036075,0.22288961038961036
250,250.0,251.5,0.14225829725829725,0.1521248196248196,0.13316738816738813,0.15313492063492062,0.19531385281385277,0.22400072150072145
251,251.0,252.6,0.14134920634920634,0.1512157287157287,0.14134920634920634,0.1522258297258297,0.19349567099567097,0.22036435786435785
252,252.0,253.6,0.14134920634920634,0.1512157287157287,0.14134920634920634,0.1522258297258297,0.19349567099567097,0.22036435786435785
253,253.0,254.6,0.1393290043290043,0.1491955266955267,0.1393290043290043,0.14909451659451656,0.19147546897546894,0.23157647907647907
254,254.0,255.6,0.14928571428571427,0.14665223665223664,0.13678571428571426,0.14476551226551224,0.1889321789321789,0.23357864357864355
255,255.0,256.6,0.15355921855921856,0.14462232212232212,0.13475579975579974,0.14245781995781995,0.18690226440226437,0.23770257520257515
256,256.0,257.6,0.15265012765012761,0.1437132312132312,0.13384670884670882,0.14154872904872903,0.18599317349317349,0.2422480297480297
257,257.0,258.6,0.14153901653901652,0.1437132312132312,0.13384670884670882,0.15265984015984016,0.18599317349317349,0.2422480297480297
258,258.0,259.6,0.14153901653901652,0.1437132312132312,0.13384670884670882,0.15265984015984016,0.18599317349317349,0.2422480297480297
259,259.0,260.6,0.14244810744810743,0.14462232212232212,0.13475579975579974,0.15356893106893105,0.18690226440226437,0.23770257520257515
260,260.0,261.6,0.14244810744810743,0.14462232212232212,0.13475579975579974,0.15356893106893105,0.18690226440226437,0.23770257520257515
261,261.0,262.6,0.14244810744810743,0.14462232212232212,0.13475579975579974,0.15356893106893105,0.18690226440226437,0.23770257520257515
262,262.0,263.6,0.14244810744810743,0.14462232212232212,0.12566489066489067,0.15356893106893105,0.18690226440226437,0.24679348429348424
263,263.0,264.6,0.14244810744810743,0.14462232212232212,0.12566489066489067,0.15356893106893105,0.18690226440226437,0.24679348429348424
264,264.0,265.7,0.1456227106227106,0.14779692529692529,0.1431252081252081,0.1567435342435342,0.1678546453546453,0.23885697635697634
265,265.0,266.7,0.15633699633699633,0.146011211011211,0.13955377955377954,0.15495781995781993,0.16606893106893103,0.23707126207126206
266,266.0,267.7,0.15633699633699633,0.146011211011211,0.13955377955377954,0.15495781995781993,0.15697802197802196,0.24616217116217115
267,267.0,268.7,0.15355921855921853,0.14462232212232212,0.14788711288711287,0.15356893106893105,0.15558913308913308,0.24477328227328227
268,268.0,269.7,0.15355921855921853,0.13033660783660783,0.14788711288711287,0.15356893106893105,0.16987484737484734,0.24477328227328227
269,269.0,270.7,0.15355921855921853,0.13033660783660783,0.14788711288711287,0.15356893106893105,0.16987484737484734,0.24477328227328227
270,270.0,271.7,0.15807942057942054,0.14735680985680985,0.1524073149073149,0.15808913308913305,0.17439504939504938,0.20967227217227213
271,271.0,272.7,0.15807942057942054,0.14735680985680985,0.1524073149073149,0.15808913308913305,0.17439504939504938,0.20967227217227213
272,272.0,273.7,0.15807942057942054,0.14735680985680985,0.1524073149073149,0.15808913308913305,0.17439504939504938,0.20967227217227213
273,273.0,274.7,0.14835719835719835,0.14874569874569873,0.15657398157398156,0.15947802197802194,0.17578393828393826,0.21106116106116107
274,274.0,275.7,0.14657148407148407,0.14695998445998446,0.15478826728826728,0.15769230769230766,0.1722125097125097,0.22177544677544678
275,275.0,276.7,0.15618686868686868,0.15176767676767677,0.1595959595959596,0.16249999999999998,0.17702020202020202,0.19292929292929292
276,276.0,277.7,0.1534090909090909,0.1503787878787879,0.1582070707070707,0.1611111111111111,0.17563131313131314,0.20126262626262625
277,277.0,278.7,0.1534090909090909,0.1503787878787879,0.1582070707070707,0.1611111111111111,0.17563131313131314,0.20126262626262625
278,278.0,279.7,0.17948051948051946,0.13855339105339104,0.16888167388167388,0.16178571428571425,0.1763059163059163,0.17499278499278498
279,279.0,280.7,0.17257575757575758,0.13565656565656564,0.1784848484848485,0.16888888888888887,0.1734090909090909,0.17098484848484846
280,280.0,281.7,0.17436147186147186,0.15172799422799424,0.15527056277056278,0.17067460317460315,0.17519480519480518,0.17277056277056274
281,281.0,282.7,0.18618686868686868,0.16176767676767678,0.15431818181818183,0.16999999999999998,0.17452020202020202,0.1532070707070707
282,282.0,283.7,0.1850757575757576,0.16065656565656566,0.1509848484848485,0.1688888888888889,0.1834090909090909,0.15098484848484847
283,283.0,284.7,0.18416666666666665,0.15974747474747478,0.15734848484848485,0.16707070707070706,0.18249999999999997,0.14916666666666664
284,284.0,285.7,0.18143939393939393,0.15883838383838383,0.15643939393939393,0.16616161616161612,0.18068181818181817,0.15643939393939393
285,285.0,286.7,0.17702020202020202,0.15315656565656563,0.15126262626262627,0.1708333333333333,0.18535353535353533,0.16237373737373736
286,286.0,287.7,0.16269480519480517,0.15160894660894658,0.1519372294372294,0.1857936507936508,0.18602813852813851,0.16193722943722944
287,287.0,288.7,0.16023559773559773,0.1573315573315573,0.14846403596403596,0.19065379065379062,0.18447802197802196,0.1588369963369963
288,288.0,289.7,0.16023559773559773,0.1573315573315573,0.14846403596403596,0.19065379065379062,0.18447802197802196,0.1588369963369963
289,289.0,290.7,0.16023559773559773,0.1573315573315573,0.14846403596403596,0.19974469974469972,0.18447802197802196,0.14974608724608723
290,290.0,291.7,0.1587204462204462,0.16263458763458763,0.1477064602064602,0.1982295482295482,0.1837204462204462,0.14898851148851147
291,291.0,292.7,0.15833333333333333,0.16224747474747475,0.1515151515151515,0.19457070707070706,0.18333333333333332,0.15
292,292.0,293.7,0.15833333333333333,0.16224747474747475,0.1515151515151515,0.19457070707070706,0.18333333333333332,0.15
293,293.0,294.7,0.15833333333333333,0.16224747474747475,0.1515151515151515,0.19457070707070706,0.18333333333333332,0.15
294,294.0,295.7,0.15833333333333333,0.16224747474747475,0.1515151515151515,0.19457070707070706,0.18333333333333332,0.15
295,295.0,296.7,0.15833333333333333,0.16224747474747475,0.1515151515151515,0.19457070707070706,0.19166666666666665,0.14166666666666666
296,296.0,297.7,0.17083333333333334,0.16224747474747475,0.1515151515151515,0.19457070707070706,0.19166666666666665,0.12916666666666665
