Total_iterations,Unnamed: 0.1,Intertwine_two,Invert_path_vertices,Insert_inside_vertex,Delete_inside_vertex,MSC_add_terminal,MSC_del_terminal
0,0.0,0.1666666666666665,0.1666666666666665,0.1666666666666665,0.1666666666666665,0.1666666666666665,0.1666666666666665
1,1.0,0.1666666666666665,0.1666666666666665,0.1666666666666665,0.1666666666666665,0.1666666666666665,0.1666666666666665
2,2.0,0.1666666666666665,0.1666666666666665,0.1666666666666665,0.1666666666666665,0.1666666666666665,0.1666666666666665
3,3.0,0.1666666666666665,0.1666666666666665,0.1666666666666665,0.1666666666666665,0.1666666666666665,0.1666666666666665
4,4.0,0.1666666666666665,0.1666666666666665,0.1666666666666665,0.1666666666666665,0.1666666666666665,0.1666666666666665
5,5.0,0.1666666666666665,0.1666666666666665,0.1666666666666665,0.1666666666666665,0.1666666666666665,0.1666666666666665
6,6.0,0.1666666666666665,0.1666666666666665,0.1666666666666665,0.1666666666666665,0.1666666666666665,0.1666666666666665
7,7.0,0.1666666666666665,0.1666666666666665,0.1666666666666665,0.1666666666666665,0.1666666666666665,0.1666666666666665
8,8.0,0.1666666666666665,0.1666666666666665,0.1666666666666665,0.1666666666666665,0.1666666666666665,0.1666666666666665
9,9.0,0.1666666666666665,0.1666666666666665,0.1666666666666665,0.1666666666666665,0.1666666666666665,0.1666666666666665
10,10.0,0.1666666666666665,0.1666666666666665,0.1666666666666665,0.1666666666666665,0.1666666666666665,0.1666666666666665
11,11.0,0.1666666666666665,0.1666666666666665,0.1666666666666665,0.1666666666666665,0.1666666666666665,0.1666666666666665
12,12.0,0.1666666666666665,0.1666666666666665,0.1666666666666665,0.1666666666666665,0.1666666666666665,0.1666666666666665
13,13.0,0.1666666666666665,0.1666666666666665,0.1666666666666665,0.1666666666666665,0.1666666666666665,0.1666666666666665
14,14.0,0.1666666666666665,0.1666666666666665,0.1666666666666665,0.1666666666666665,0.1666666666666665,0.1666666666666665
15,15.0,0.1666666666666665,0.1666666666666665,0.1666666666666665,0.1666666666666665,0.1666666666666665,0.1666666666666665
16,16.0,0.1666666666666665,0.1666666666666665,0.1666666666666665,0.1666666666666665,0.1666666666666665,0.1666666666666665
17,17.0,0.1666666666666665,0.1666666666666665,0.1666666666666665,0.1666666666666665,0.1666666666666665,0.1666666666666665
18,18.0,0.1666666666666665,0.1666666666666665,0.1666666666666665,0.1666666666666665,0.1666666666666665,0.1666666666666665
19,19.0,0.1666666666666665,0.1666666666666665,0.1666666666666665,0.1666666666666665,0.1666666666666665,0.1666666666666665
20,20.0,0.1666666666666665,0.1666666666666665,0.1666666666666665,0.1666666666666665,0.1666666666666665,0.1666666666666665
21,21.0,0.1666666666666665,0.1666666666666665,0.1666666666666665,0.1666666666666665,0.1666666666666665,0.1666666666666665
22,22.0,0.1666666666666665,0.1666666666666665,0.1666666666666665,0.1666666666666665,0.1666666666666665,0.1666666666666665
23,23.0,0.1666666666666665,0.1666666666666665,0.1666666666666665,0.1666666666666665,0.1666666666666665,0.1666666666666665
24,24.0,0.1666666666666665,0.1666666666666665,0.1666666666666665,0.1666666666666665,0.1666666666666665,0.1666666666666665
25,25.0,0.1666666666666665,0.1666666666666665,0.1666666666666665,0.1666666666666665,0.1666666666666665,0.1666666666666665
26,26.0,0.1666666666666665,0.1666666666666665,0.1666666666666665,0.1666666666666665,0.1666666666666665,0.1666666666666665
27,27.0,0.1666666666666665,0.1666666666666665,0.1666666666666665,0.1666666666666665,0.1666666666666665,0.1666666666666665
28,28.0,0.1666666666666665,0.1666666666666665,0.1666666666666665,0.1666666666666665,0.1666666666666665,0.1666666666666665
29,29.0,0.1666666666666665,0.1666666666666665,0.1666666666666665,0.1666666666666665,0.1666666666666665,0.1666666666666665
30,30.0,0.1666666666666665,0.1666666666666665,0.1666666666666665,0.1666666666666665,0.1666666666666665,0.1666666666666665
31,31.0,0.1666666666666665,0.1666666666666665,0.1666666666666665,0.1666666666666665,0.1666666666666665,0.1666666666666665
32,32.0,0.1666666666666665,0.1666666666666665,0.1666666666666665,0.1666666666666665,0.1666666666666665,0.1666666666666665
33,33.0,0.1666666666666665,0.1666666666666665,0.1666666666666665,0.1666666666666665,0.1666666666666665,0.1666666666666665
34,34.0,0.1666666666666665,0.1666666666666665,0.1666666666666665,0.1666666666666665,0.1666666666666665,0.1666666666666665
35,35.0,0.1666666666666665,0.1666666666666665,0.1666666666666665,0.1666666666666665,0.1666666666666665,0.1666666666666665
36,36.0,0.1666666666666665,0.1666666666666665,0.1666666666666665,0.1666666666666665,0.1666666666666665,0.1666666666666665
37,37.0,0.1666666666666665,0.1666666666666665,0.1666666666666665,0.1666666666666665,0.1666666666666665,0.1666666666666665
38,38.0,0.1666666666666665,0.1666666666666665,0.1666666666666665,0.1666666666666665,0.1666666666666665,0.1666666666666665
39,39.0,0.1666666666666665,0.1666666666666665,0.1666666666666665,0.1666666666666665,0.1666666666666665,0.1666666666666665
40,40.0,0.1666666666666665,0.1666666666666665,0.1666666666666665,0.1666666666666665,0.1666666666666665,0.1666666666666665
41,41.0,0.1666666666666665,0.1666666666666665,0.1666666666666665,0.1666666666666665,0.1666666666666665,0.1666666666666665
42,42.0,0.1666666666666665,0.1666666666666665,0.1666666666666665,0.1666666666666665,0.1666666666666665,0.1666666666666665
43,43.0,0.1666666666666665,0.1666666666666665,0.1666666666666665,0.1666666666666665,0.1666666666666665,0.1666666666666665
44,44.0,0.1666666666666665,0.1666666666666665,0.1666666666666665,0.1666666666666665,0.1666666666666665,0.1666666666666665
45,45.0,0.1666666666666665,0.1666666666666665,0.1666666666666665,0.1666666666666665,0.1666666666666665,0.1666666666666665
46,46.0,0.1666666666666665,0.1666666666666665,0.1666666666666665,0.1666666666666665,0.1666666666666665,0.1666666666666665
47,47.0,0.1666666666666665,0.1666666666666665,0.1666666666666665,0.1666666666666665,0.1666666666666665,0.1666666666666665
48,48.0,0.1666666666666665,0.1666666666666665,0.1666666666666665,0.1666666666666665,0.1666666666666665,0.1666666666666665
49,49.0,0.1666666666666665,0.1666666666666665,0.1666666666666665,0.1666666666666665,0.1666666666666665,0.1666666666666665
50,50.0,0.1666666666666665,0.1666666666666665,0.1666666666666665,0.1666666666666665,0.1666666666666665,0.1666666666666665
51,51.0,0.1666666666666665,0.1666666666666665,0.1666666666666665,0.1666666666666665,0.1666666666666665,0.1666666666666665
52,52.0,0.1666666666666665,0.1666666666666665,0.1666666666666665,0.1666666666666665,0.1666666666666665,0.1666666666666665
53,53.0,0.1666666666666665,0.1666666666666665,0.1666666666666665,0.1666666666666665,0.1666666666666665,0.1666666666666665
54,54.0,0.1666666666666665,0.1666666666666665,0.1666666666666665,0.1666666666666665,0.1666666666666665,0.1666666666666665
55,55.0,0.1666666666666665,0.1666666666666665,0.1666666666666665,0.1666666666666665,0.1666666666666665,0.1666666666666665
56,56.0,0.1666666666666665,0.1666666666666665,0.1666666666666665,0.1666666666666665,0.1666666666666665,0.1666666666666665
57,57.0,0.1666666666666665,0.1666666666666665,0.1666666666666665,0.1666666666666665,0.1666666666666665,0.1666666666666665
58,58.0,0.1666666666666665,0.1666666666666665,0.1666666666666665,0.1666666666666665,0.1666666666666665,0.1666666666666665
59,59.0,0.1666666666666665,0.1666666666666665,0.1666666666666665,0.1666666666666665,0.1666666666666665,0.1666666666666665
60,60.0,0.1666666666666665,0.1666666666666665,0.1666666666666665,0.1666666666666665,0.1666666666666665,0.1666666666666665
61,61.0,0.1666666666666665,0.1666666666666665,0.1666666666666665,0.1666666666666665,0.1666666666666665,0.1666666666666665
62,62.0,0.1666666666666665,0.1666666666666665,0.1666666666666665,0.1666666666666665,0.1666666666666665,0.1666666666666665
63,63.0,0.1666666666666665,0.1666666666666665,0.1666666666666665,0.1666666666666665,0.1666666666666665,0.1666666666666665
64,64.0,0.1666666666666665,0.1666666666666665,0.1666666666666665,0.1666666666666665,0.1666666666666665,0.1666666666666665
65,65.0,0.1666666666666665,0.1666666666666665,0.1666666666666665,0.1666666666666665,0.1666666666666665,0.1666666666666665
66,66.0,0.1666666666666665,0.1666666666666665,0.1666666666666665,0.1666666666666665,0.1666666666666665,0.1666666666666665
67,67.0,0.1666666666666665,0.1666666666666665,0.1666666666666665,0.1666666666666665,0.1666666666666665,0.1666666666666665
68,68.0,0.1666666666666665,0.1666666666666665,0.1666666666666665,0.1666666666666665,0.1666666666666665,0.1666666666666665
69,69.0,0.1666666666666665,0.1666666666666665,0.1666666666666665,0.1666666666666665,0.1666666666666665,0.1666666666666665
70,70.0,0.1666666666666665,0.1666666666666665,0.1666666666666665,0.1666666666666665,0.1666666666666665,0.1666666666666665
71,71.0,0.1666666666666665,0.1666666666666665,0.1666666666666665,0.1666666666666665,0.1666666666666665,0.1666666666666665
72,72.0,0.1666666666666665,0.1666666666666665,0.1666666666666665,0.1666666666666665,0.1666666666666665,0.1666666666666665
73,73.0,0.1666666666666665,0.1666666666666665,0.1666666666666665,0.1666666666666665,0.1666666666666665,0.1666666666666665
74,74.0,0.1666666666666665,0.1666666666666665,0.1666666666666665,0.1666666666666665,0.1666666666666665,0.1666666666666665
75,75.0,0.1666666666666665,0.1666666666666665,0.1666666666666665,0.1666666666666665,0.1666666666666665,0.1666666666666665
76,76.0,0.1666666666666665,0.1666666666666665,0.1666666666666665,0.1666666666666665,0.1666666666666665,0.1666666666666665
77,77.0,0.1666666666666665,0.1666666666666665,0.1666666666666665,0.1666666666666665,0.1666666666666665,0.1666666666666665
78,78.0,0.1666666666666665,0.1666666666666665,0.1666666666666665,0.1666666666666665,0.1666666666666665,0.1666666666666665
79,79.0,0.1666666666666665,0.1666666666666665,0.1666666666666665,0.1666666666666665,0.1666666666666665,0.1666666666666665
80,80.0,0.1666666666666665,0.1666666666666665,0.1666666666666665,0.1666666666666665,0.1666666666666665,0.1666666666666665
81,81.0,0.1666666666666665,0.1666666666666665,0.1666666666666665,0.1666666666666665,0.1666666666666665,0.1666666666666665
82,82.0,0.1666666666666665,0.1666666666666665,0.1666666666666665,0.1666666666666665,0.1666666666666665,0.1666666666666665
83,83.0,0.1666666666666665,0.1666666666666665,0.1666666666666665,0.1666666666666665,0.1666666666666665,0.1666666666666665
84,84.0,0.1666666666666665,0.1666666666666665,0.1666666666666665,0.1666666666666665,0.1666666666666665,0.1666666666666665
85,85.0,0.1666666666666665,0.1666666666666665,0.1666666666666665,0.1666666666666665,0.1666666666666665,0.1666666666666665
86,86.0,0.1666666666666665,0.1666666666666665,0.1666666666666665,0.1666666666666665,0.1666666666666665,0.1666666666666665
87,87.0,0.1666666666666665,0.1666666666666665,0.1666666666666665,0.1666666666666665,0.1666666666666665,0.1666666666666665
88,88.0,0.1666666666666665,0.1666666666666665,0.1666666666666665,0.1666666666666665,0.1666666666666665,0.1666666666666665
89,89.0,0.1666666666666665,0.1666666666666665,0.1666666666666665,0.1666666666666665,0.1666666666666665,0.1666666666666665
90,90.0,0.1666666666666665,0.1666666666666665,0.1666666666666665,0.1666666666666665,0.1666666666666665,0.1666666666666665
91,91.0,0.1666666666666665,0.1666666666666665,0.1666666666666665,0.1666666666666665,0.1666666666666665,0.1666666666666665
92,92.0,0.1666666666666665,0.1666666666666665,0.1666666666666665,0.1666666666666665,0.1666666666666665,0.1666666666666665
93,93.0,0.1666666666666665,0.1666666666666665,0.1666666666666665,0.1666666666666665,0.1666666666666665,0.1666666666666665
94,94.0,0.1666666666666665,0.1666666666666665,0.1666666666666665,0.1666666666666665,0.1666666666666665,0.1666666666666665
95,95.0,0.1666666666666665,0.1666666666666665,0.1666666666666665,0.1666666666666665,0.1666666666666665,0.1666666666666665
96,96.0,0.1666666666666665,0.1666666666666665,0.1666666666666665,0.1666666666666665,0.1666666666666665,0.1666666666666665
97,97.0,0.1666666666666665,0.1666666666666665,0.1666666666666665,0.1666666666666665,0.1666666666666665,0.1666666666666665
98,98.0,0.1666666666666665,0.1666666666666665,0.1666666666666665,0.1666666666666665,0.1666666666666665,0.1666666666666665
99,99.0,0.1666666666666665,0.1666666666666665,0.1666666666666665,0.1666666666666665,0.1666666666666665,0.1666666666666665
100,100.0,0.1666666666666665,0.1666666666666665,0.1666666666666665,0.1666666666666665,0.1666666666666665,0.1666666666666665
101,101.0,0.1666666666666665,0.1666666666666665,0.1666666666666665,0.1666666666666665,0.1666666666666665,0.1666666666666665
102,102.0,0.1666666666666665,0.1666666666666665,0.1666666666666665,0.1666666666666665,0.1666666666666665,0.1666666666666665
103,103.0,0.1666666666666665,0.1666666666666665,0.1666666666666665,0.1666666666666665,0.1666666666666665,0.1666666666666665
104,104.0,0.1666666666666665,0.1666666666666665,0.1666666666666665,0.1666666666666665,0.1666666666666665,0.1666666666666665
105,105.0,0.1666666666666665,0.1666666666666665,0.1666666666666665,0.1666666666666665,0.1666666666666665,0.1666666666666665
106,106.0,0.1666666666666665,0.1666666666666665,0.1666666666666665,0.1666666666666665,0.1666666666666665,0.1666666666666665
107,107.0,0.1666666666666665,0.1666666666666665,0.1666666666666665,0.1666666666666665,0.1666666666666665,0.1666666666666665
108,108.0,0.1666666666666665,0.1666666666666665,0.1666666666666665,0.1666666666666665,0.1666666666666665,0.1666666666666665
109,109.0,0.1666666666666665,0.1666666666666665,0.1666666666666665,0.1666666666666665,0.1666666666666665,0.1666666666666665
110,110.0,0.1666666666666665,0.1666666666666665,0.1666666666666665,0.1666666666666665,0.1666666666666665,0.1666666666666665
111,111.0,0.1666666666666665,0.1666666666666665,0.1666666666666665,0.1666666666666665,0.1666666666666665,0.1666666666666665
112,112.0,0.1666666666666665,0.1666666666666665,0.1666666666666665,0.1666666666666665,0.1666666666666665,0.1666666666666665
113,113.0,0.1666666666666665,0.1666666666666665,0.1666666666666665,0.1666666666666665,0.1666666666666665,0.1666666666666665
114,114.0,0.1666666666666665,0.1666666666666665,0.1666666666666665,0.1666666666666665,0.1666666666666665,0.1666666666666665
115,115.0,0.1666666666666665,0.1666666666666665,0.1666666666666665,0.1666666666666665,0.1666666666666665,0.1666666666666665
116,116.0,0.1666666666666665,0.1666666666666665,0.1666666666666665,0.1666666666666665,0.1666666666666665,0.1666666666666665
117,117.0,0.1666666666666665,0.1666666666666665,0.1666666666666665,0.1666666666666665,0.1666666666666665,0.1666666666666665
118,118.0,0.1666666666666665,0.1666666666666665,0.1666666666666665,0.1666666666666665,0.1666666666666665,0.1666666666666665
119,119.0,0.1666666666666665,0.1666666666666665,0.1666666666666665,0.1666666666666665,0.1666666666666665,0.1666666666666665
120,120.0,0.1666666666666665,0.1666666666666665,0.1666666666666665,0.1666666666666665,0.1666666666666665,0.1666666666666665
121,121.0,0.1666666666666665,0.1666666666666665,0.1666666666666665,0.1666666666666665,0.1666666666666665,0.1666666666666665
122,122.0,0.1666666666666665,0.1666666666666665,0.1666666666666665,0.1666666666666665,0.1666666666666665,0.1666666666666665
123,123.0,0.1666666666666665,0.1666666666666665,0.1666666666666665,0.1666666666666665,0.1666666666666665,0.1666666666666665
124,124.0,0.1666666666666665,0.1666666666666665,0.1666666666666665,0.1666666666666665,0.1666666666666665,0.1666666666666665
125,125.0,0.1666666666666665,0.1666666666666665,0.1666666666666665,0.1666666666666665,0.1666666666666665,0.1666666666666665
126,126.0,0.1666666666666665,0.1666666666666665,0.1666666666666665,0.1666666666666665,0.1666666666666665,0.1666666666666665
127,127.0,0.1666666666666665,0.1666666666666665,0.1666666666666665,0.1666666666666665,0.1666666666666665,0.1666666666666665
128,128.0,0.1666666666666665,0.1666666666666665,0.1666666666666665,0.1666666666666665,0.1666666666666665,0.1666666666666665
129,129.0,0.1666666666666665,0.1666666666666665,0.1666666666666665,0.1666666666666665,0.1666666666666665,0.1666666666666665
130,130.0,0.1666666666666665,0.1666666666666665,0.1666666666666665,0.1666666666666665,0.1666666666666665,0.1666666666666665
131,131.0,0.1666666666666665,0.1666666666666665,0.1666666666666665,0.1666666666666665,0.1666666666666665,0.1666666666666665
132,132.0,0.1666666666666665,0.1666666666666665,0.1666666666666665,0.1666666666666665,0.1666666666666665,0.1666666666666665
133,133.0,0.1666666666666665,0.1666666666666665,0.1666666666666665,0.1666666666666665,0.1666666666666665,0.1666666666666665
134,134.0,0.1666666666666665,0.1666666666666665,0.1666666666666665,0.1666666666666665,0.1666666666666665,0.1666666666666665
135,135.0,0.1666666666666665,0.1666666666666665,0.1666666666666665,0.1666666666666665,0.1666666666666665,0.1666666666666665
136,136.0,0.1666666666666665,0.1666666666666665,0.1666666666666665,0.1666666666666665,0.1666666666666665,0.1666666666666665
137,137.0,0.1666666666666665,0.1666666666666665,0.1666666666666665,0.1666666666666665,0.1666666666666665,0.1666666666666665
138,138.0,0.1666666666666665,0.1666666666666665,0.1666666666666665,0.1666666666666665,0.1666666666666665,0.1666666666666665
139,139.0,0.1666666666666665,0.1666666666666665,0.1666666666666665,0.1666666666666665,0.1666666666666665,0.1666666666666665
140,140.0,0.1666666666666665,0.1666666666666665,0.1666666666666665,0.1666666666666665,0.1666666666666665,0.1666666666666665
141,141.0,0.1666666666666665,0.1666666666666665,0.1666666666666665,0.1666666666666665,0.1666666666666665,0.1666666666666665
142,142.0,0.1666666666666665,0.1666666666666665,0.1666666666666665,0.1666666666666665,0.1666666666666665,0.1666666666666665
143,143.0,0.1666666666666665,0.1666666666666665,0.1666666666666665,0.1666666666666665,0.1666666666666665,0.1666666666666665
144,144.0,0.1666666666666665,0.1666666666666665,0.1666666666666665,0.1666666666666665,0.1666666666666665,0.1666666666666665
145,145.0,0.1666666666666665,0.1666666666666665,0.1666666666666665,0.1666666666666665,0.1666666666666665,0.1666666666666665
146,146.0,0.1666666666666665,0.1666666666666665,0.1666666666666665,0.1666666666666665,0.1666666666666665,0.1666666666666665
147,147.0,0.1666666666666665,0.1666666666666665,0.1666666666666665,0.1666666666666665,0.1666666666666665,0.1666666666666665
148,148.0,0.1666666666666665,0.1666666666666665,0.1666666666666665,0.1666666666666665,0.1666666666666665,0.1666666666666665
149,149.0,0.1666666666666665,0.1666666666666665,0.1666666666666665,0.1666666666666665,0.1666666666666665,0.1666666666666665
150,150.0,0.1666666666666665,0.1666666666666665,0.1666666666666665,0.1666666666666665,0.1666666666666665,0.1666666666666665
151,151.0,0.1666666666666665,0.1666666666666665,0.1666666666666665,0.1666666666666665,0.1666666666666665,0.1666666666666665
152,152.0,0.1666666666666665,0.1666666666666665,0.1666666666666665,0.1666666666666665,0.1666666666666665,0.1666666666666665
153,153.0,0.1666666666666665,0.1666666666666665,0.1666666666666665,0.1666666666666665,0.1666666666666665,0.1666666666666665
154,154.0,0.1666666666666665,0.1666666666666665,0.1666666666666665,0.1666666666666665,0.1666666666666665,0.1666666666666665
155,155.0,0.1666666666666665,0.1666666666666665,0.1666666666666665,0.1666666666666665,0.1666666666666665,0.1666666666666665
156,156.0,0.1666666666666665,0.1666666666666665,0.1666666666666665,0.1666666666666665,0.1666666666666665,0.1666666666666665
157,157.0,0.1666666666666665,0.1666666666666665,0.1666666666666665,0.1666666666666665,0.1666666666666665,0.1666666666666665
158,158.0,0.1666666666666665,0.1666666666666665,0.1666666666666665,0.1666666666666665,0.1666666666666665,0.1666666666666665
159,159.0,0.1666666666666665,0.1666666666666665,0.1666666666666665,0.1666666666666665,0.1666666666666665,0.1666666666666665
160,160.0,0.1666666666666665,0.1666666666666665,0.1666666666666665,0.1666666666666665,0.1666666666666665,0.1666666666666665
161,161.0,0.1666666666666665,0.1666666666666665,0.1666666666666665,0.1666666666666665,0.1666666666666665,0.1666666666666665
162,162.0,0.1666666666666665,0.1666666666666665,0.1666666666666665,0.1666666666666665,0.1666666666666665,0.1666666666666665
163,163.0,0.1666666666666665,0.1666666666666665,0.1666666666666665,0.1666666666666665,0.1666666666666665,0.1666666666666665
164,164.0,0.1666666666666665,0.1666666666666665,0.1666666666666665,0.1666666666666665,0.1666666666666665,0.1666666666666665
165,165.0,0.1666666666666665,0.1666666666666665,0.1666666666666665,0.1666666666666665,0.1666666666666665,0.1666666666666665
166,166.0,0.1666666666666665,0.1666666666666665,0.1666666666666665,0.1666666666666665,0.1666666666666665,0.1666666666666665
167,167.0,0.1666666666666665,0.1666666666666665,0.1666666666666665,0.1666666666666665,0.1666666666666665,0.1666666666666665
168,168.0,0.1666666666666665,0.1666666666666665,0.1666666666666665,0.1666666666666665,0.1666666666666665,0.1666666666666665
169,169.0,0.1666666666666665,0.1666666666666665,0.1666666666666665,0.1666666666666665,0.1666666666666665,0.1666666666666665
170,170.0,0.1666666666666665,0.1666666666666665,0.1666666666666665,0.1666666666666665,0.1666666666666665,0.1666666666666665
171,171.0,0.1666666666666665,0.1666666666666665,0.1666666666666665,0.1666666666666665,0.1666666666666665,0.1666666666666665
172,172.0,0.1666666666666665,0.1666666666666665,0.1666666666666665,0.1666666666666665,0.1666666666666665,0.1666666666666665
173,173.0,0.1666666666666665,0.1666666666666665,0.1666666666666665,0.1666666666666665,0.1666666666666665,0.1666666666666665
174,174.0,0.1666666666666665,0.1666666666666665,0.1666666666666665,0.1666666666666665,0.1666666666666665,0.1666666666666665
175,175.0,0.1666666666666665,0.1666666666666665,0.1666666666666665,0.1666666666666665,0.1666666666666665,0.1666666666666665
176,176.0,0.1666666666666665,0.1666666666666665,0.1666666666666665,0.1666666666666665,0.1666666666666665,0.1666666666666665
177,177.0,0.1666666666666665,0.1666666666666665,0.1666666666666665,0.1666666666666665,0.1666666666666665,0.1666666666666665
178,178.0,0.1666666666666665,0.1666666666666665,0.1666666666666665,0.1666666666666665,0.1666666666666665,0.1666666666666665
179,179.0,0.1666666666666665,0.1666666666666665,0.1666666666666665,0.1666666666666665,0.1666666666666665,0.1666666666666665
180,180.0,0.1666666666666665,0.1666666666666665,0.1666666666666665,0.1666666666666665,0.1666666666666665,0.1666666666666665
181,181.0,0.1666666666666665,0.1666666666666665,0.1666666666666665,0.1666666666666665,0.1666666666666665,0.1666666666666665
182,182.0,0.1666666666666665,0.1666666666666665,0.1666666666666665,0.1666666666666665,0.1666666666666665,0.1666666666666665
183,183.0,0.1666666666666665,0.1666666666666665,0.1666666666666665,0.1666666666666665,0.1666666666666665,0.1666666666666665
184,184.0,0.1666666666666665,0.1666666666666665,0.1666666666666665,0.1666666666666665,0.1666666666666665,0.1666666666666665
185,185.0,0.1666666666666665,0.1666666666666665,0.1666666666666665,0.1666666666666665,0.1666666666666665,0.1666666666666665
186,186.0,0.1666666666666665,0.1666666666666665,0.1666666666666665,0.1666666666666665,0.1666666666666665,0.1666666666666665
187,187.0,0.1666666666666665,0.1666666666666665,0.1666666666666665,0.1666666666666665,0.1666666666666665,0.1666666666666665
188,188.0,0.1666666666666665,0.1666666666666665,0.1666666666666665,0.1666666666666665,0.1666666666666665,0.1666666666666665
189,189.0,0.1666666666666665,0.1666666666666665,0.1666666666666665,0.1666666666666665,0.1666666666666665,0.1666666666666665
190,190.0,0.1666666666666665,0.1666666666666665,0.1666666666666665,0.1666666666666665,0.1666666666666665,0.1666666666666665
191,191.0,0.1666666666666665,0.1666666666666665,0.1666666666666665,0.1666666666666665,0.1666666666666665,0.1666666666666665
192,192.0,0.1666666666666665,0.1666666666666665,0.1666666666666665,0.1666666666666665,0.1666666666666665,0.1666666666666665
193,193.0,0.1666666666666665,0.1666666666666665,0.1666666666666665,0.1666666666666665,0.1666666666666665,0.1666666666666665
194,194.0,0.1666666666666665,0.1666666666666665,0.1666666666666665,0.1666666666666665,0.1666666666666665,0.1666666666666665
195,195.0,0.1666666666666665,0.1666666666666665,0.1666666666666665,0.1666666666666665,0.1666666666666665,0.1666666666666665
196,196.0,0.1666666666666665,0.1666666666666665,0.1666666666666665,0.1666666666666665,0.1666666666666665,0.1666666666666665
197,197.0,0.1666666666666665,0.1666666666666665,0.1666666666666665,0.1666666666666665,0.1666666666666665,0.1666666666666665
198,198.0,0.1666666666666665,0.1666666666666665,0.1666666666666665,0.1666666666666665,0.1666666666666665,0.1666666666666665
199,199.0,0.1678571428571427,0.1664285714285713,0.1664285714285713,0.1664285714285713,0.1664285714285713,0.1664285714285713
200,200.0,0.1690357142857142,0.1661928571428571,0.1661928571428571,0.1661928571428571,0.1661928571428571,0.1661928571428571
201,201.0,0.1699536904761904,0.1657235476190475,0.1657235476190475,0.1657235476190475,0.1657235476190475,0.167152119047619
202,202.0,0.1706041416666666,0.1650248859523809,0.1650248859523809,0.1650248859523809,0.1650248859523809,0.1692963145238094
203,203.0,0.170804934892857,0.1653529844499999,0.1639244130214285,0.1639244130214285,0.1639244130214285,0.1720688415928571
204,204.0,0.1707954565903571,0.1655126003962142,0.1626697432533571,0.1626697432533571,0.1639197432533571,0.1744327132533571
205,205.0,0.170757542980775,0.1656797001724164,0.1614495573152735,0.1626995573152735,0.1639370573152735,0.1754765849009878
206,206.0,0.1700793373658354,0.1666653564613376,0.1596575293184805,0.1631172515407027,0.1647874757470519,0.1756930495665916
207,207.0,0.169246333541906,0.1675068253027851,0.1577834462884994,0.1634195435107217,0.1653692632924677,0.1766745880636199
208,208.0,0.168407341368125,0.1683351107530918,0.1559792545589489,0.1637399505311712,0.1659534651647029,0.1775848776239599
209,209.0,0.1674602384901045,0.1690321371857575,0.1541448958059703,0.1639623459156926,0.1673117756901311,0.1780886069123438
210,210.0,0.1665253070070484,0.1697040602382196,0.1524017303194362,0.1641943068740335,0.1686532008981786,0.1785213946630834
211,211.0,0.1656106790942909,0.170346671017974,0.1507580704275675,0.1644325572392286,0.1699660150685031,0.1788860071524356
212,212.0,0.1645448992453584,0.1707779032159225,0.149041830741245,0.164495514138369,0.1721328083060307,0.1790070443530743
213,213.0,0.1635144547380718,0.1711752966539803,0.1474381459224914,0.1645607916347831,0.1742429433430945,0.1790683677075787
214,214.0,0.1624898845992816,0.171610725041872,0.1460242611008534,0.1642651860531997,0.1765708397218339,0.1790391034829591
215,215.0,0.161357035343487,0.1718532239932863,0.1446800553991074,0.1638209145794254,0.1794839793553584,0.1788047913293354
216,216.0,0.1603899528871795,0.172172602867998,0.1435681701743743,0.1634960203494257,0.1826219739365339,0.1777512797844883
217,217.0,0.1592436361368784,0.1722198846468351,0.1434495081042161,0.1629437193430281,0.1842817516755773,0.1778615000934648
218,218.0,0.1589660274302447,0.1717495355196759,0.1430199792064196,0.1621031515865751,0.1853827101564692,0.1787785961006153
219,219.0,0.1598038202851509,0.1710594342811474,0.1424955730716366,0.1610926085922034,0.1862586376872096,0.179289926082652
220,220.0,0.1606714811153741,0.1704419196674363,0.1420502286784292,0.1600988437695759,0.1869864746427239,0.1797510521264606
221,221.0,0.1615560408992367,0.1697996916221366,0.1416790135986157,0.1591290724570692,0.1875720108898547,0.1802641705330871
222,222.0,0.1624614615662164,0.1691580741812313,0.141394657464026,0.1582021909549407,0.1880429510338763,0.1807406647997092
223,223.0,0.1636543805991096,0.1685592185640737,0.1425802068303726,0.1553429385473458,0.1885449341725482,0.1813183212865502
224,224.0,0.1648283394633167,0.1679557891747572,0.1438089322118616,0.1525416857704302,0.1889237968314462,0.1819414565481882
225,225.0,0.1659722354142291,0.1673529345667002,0.1463128016906176,0.1498195539057714,0.1892873936358554,0.1812550807868262
226,226.0,0.1665756774245659,0.1663944839814298,0.1483141590905947,0.1468309274230086,0.1891842748609833,0.1827004772194175
227,227.0,0.1671509621825672,0.1654648672368058,0.1503075277599568,0.1439716277630655,0.1890014289667922,0.1841035860908124
228,228.0,0.1676951525658864,0.1645704971162098,0.1522737728850717,0.1412573152402595,0.1887486571241562,0.1854546050684165
229,229.0,0.1682059161081585,0.1637167926584449,0.154195944369113,0.1387006342661049,0.1884354796463458,0.1867452329518329
230,230.0,0.1689314878580656,0.1631582243418057,0.1565592278613476,0.1365613884954781,0.1877496403002283,0.1870400311430748
231,231.0,0.1692411471503609,0.1608403086797904,0.1597585777387323,0.1342172427387486,0.186647565253397,0.1892951584389709
232,232.0,0.1692904521299461,0.1584760484524456,0.1626347430703274,0.1319403030552685,0.1854100734295662,0.1922483798624462
233,233.0,0.1693016984250497,0.1559404739653311,0.1642769227930381,0.131045391683321,0.185679315190908,0.1937561979423521
234,234.0,0.1703529300905194,0.1533254230386456,0.1656164443198764,0.130145787373005,0.1855801715145384,0.1949792436634153
235,235.0,0.170909001352029,0.150508247793867,0.166513432223415,0.1300033003386052,0.1860869803175002,0.1959790379745836
236,236.0,0.1714245818230737,0.1478230467009667,0.1672888842726629,0.1300111761904065,0.1865805068352592,0.1968718041776309
237,237.0,0.1718985647779896,0.1452834743556858,0.1679471995325566,0.1301542998812709,0.1870571440311582,0.197659317421339
238,238.0,0.1723303701388403,0.1429003636067153,0.1684935085294327,0.1304177153903832,0.187513814465424,0.1983442278692045
239,239.0,0.1711524372939636,0.141654121624136,0.1687946599107351,0.1306478704919388,0.1875312814432108,0.2002196292360157
240,240.0,0.1698371225669841,0.1403463017289124,0.1688860468130973,0.1319707896756778,0.1881949573070551,0.2007647819082733
241,241.0,0.1674002061822709,0.1406247113398326,0.1688877318153895,0.1333639673415443,0.1888335844097129,0.2008897989112499
242,242.0,0.1651802376714645,0.1409513200335495,0.1688995773485049,0.1350084660666873,0.1901705540835489,0.1997898447962448
243,243.0,0.1628847926393531,0.1412887488855536,0.1687275196111008,0.1363475572427761,0.1913570058090504,0.199394375812166
244,244.0,0.1606443731883884,0.1417325415914959,0.1684916695076032,0.1376983907129552,0.1924961268637958,0.1989368981357616
245,245.0,0.1585869920660764,0.1423787349500343,0.1673118758867674,0.139157395024225,0.1938034813265354,0.1987615207463615
246,246.0,0.1566149192507749,0.1431006269623239,0.1660943310365357,0.1405991630493636,0.1950491723118426,0.1985417873891593
247,247.0,0.1548107732113645,0.1439548574142952,0.1649264140997786,0.1400824293081614,0.1962983378290359,0.1999271881373644
248,248.0,0.1529726281274755,0.1447164755542858,0.1636116668513416,0.140516147822601,0.1962238530554692,0.201959228588827
249,249.0,0.1511083764655059,0.1453732375432048,0.162164030905988,0.1407870472930849,0.1959449389790652,0.2046223688131512
250,250.0,0.1491420491776612,0.1458318391540481,0.1590854778420695,0.142240049835653,0.1963876054486495,0.2073129785419186
251,251.0,0.1472126080084982,0.1462166013176057,0.1568737810059779,0.1435657917410479,0.1965934495631092,0.2095377683637609
252,252.0,0.1454174769396586,0.1466128785387887,0.1547280081069278,0.1448455598357512,0.1967477314804486,0.211648345098425
253,253.0,0.1435591560697783,0.1468135363376027,0.1524610042781852,0.1457580225067535,0.196652044399186,0.2147562364084942
254,254.0,0.1428400367651492,0.1467636192557855,0.1500350518284961,0.1461797034186329,0.1962598312674836,0.2179217574644527
255,255.0,0.1426846365935391,0.146514588603123,0.1475162097953566,0.1463143050970239,0.1956305714726068,0.2213396884383504
256,256.0,0.1425626131678377,0.1461806292600098,0.1450307387742264,0.1463059726652746,0.1948860454956053,0.2250340006370461
257,257.0,0.1414425561184183,0.14585539187074,0.1426819745559341,0.147362012151646,0.1941270433962796,0.228531021906982
258,258.0,0.1404354693781468,0.1455412566138221,0.1404797341023787,0.1483654259694621,0.1933626028078554,0.2318155111283349
259,259.0,0.1396310358744202,0.1453311637194992,0.1385222965325313,0.1494023516383096,0.1926918210760358,0.2344213311592039
260,260.0,0.1389352164368031,0.1451349916986369,0.1367229377519013,0.1503772505345784,0.1920302219506605,0.2367993816274197
261,261.0,0.1383441078530608,0.1449533101840976,0.1350838434693732,0.151286576346564,0.1913835031623388,0.2389486589845656
262,262.0,0.1378531501236432,0.1447864869403945,0.1326962872688714,0.1521277931245746,0.1907566438652486,0.2417796386772678
263,263.0,0.137457237740412,0.144634704372881,0.1304771727223799,0.1528992996042277,0.1901539267032375,0.244377658856862
264,264.0,0.1374682856100412,0.1448154365570735,0.1301778785559944,0.1539178120680229,0.1876742027296558,0.2459463844792122
265,265.0,0.1386312015142627,0.1448293389816739,0.1296808442447967,0.1546841590786222,0.1850656841511108,0.2471087720295336
266,266.0,0.1398548837762894,0.1448536698841097,0.1293322427178087,0.1553766079969536,0.1816189589905076,0.248963636634331
267,267.0,0.1408432411599428,0.1447482542186839,0.1299540500452125,0.1558567352541716,0.178131608086951,0.2504661112350382
268,268.0,0.1418599225792235,0.1432235493702657,0.1306930072682949,0.1562659717438155,0.1761961389523433,0.2517614100860572
269,269.0,0.1428919288163762,0.1417224455913528,0.1315300098252572,0.1566073141777461,0.1743910038154214,0.2528572977738464
270,270.0,0.1443794275292622,0.1419596140148039,0.1328989033591621,0.1573361587392157,0.1731732408298061,0.2502526555277501
271,271.0,0.1458551763013612,0.1422270375543299,0.134325991655158,0.1579996485880375,0.1720894722284048,0.2475026736727087
272,272.0,0.1473055926390308,0.1425190164629281,0.1357911843540759,0.158597684296988,0.1711371362588101,0.244649385988167
273,273.0,0.1477464834001152,0.1429690643034943,0.1376926857553011,0.1592697198118539,0.1704515019064262,0.2418705448228095
274,274.0,0.1479708208060905,0.1432533022758544,0.1394142785460191,0.1596980633683234,0.1695306124959129,0.2401329225077998
275,275.0,0.1491202695656607,0.144026952503589,0.141598221175857,0.160544284243155,0.1692094002293861,0.2355008722823521
276,276.0,0.1499476616627082,0.1446617560623022,0.1436048580380233,0.1611865512991831,0.1688595283185313,0.231739644619252
277,277.0,0.1507269288425148,0.1452902495833089,0.1455568533406634,0.1617638372477276,0.1686123614468897,0.2280497695388956
278,278.0,0.1540622337821493,0.1447242394526301,0.1485076116041639,0.1623443276575118,0.1685275610967169,0.221834026406828
279,279.0,0.1566277148943279,0.1438634393113441,0.1523273521244069,0.1635715003529171,0.1682393417939709,0.2153706515230331
280,280.0,0.1592746997506743,0.1446137933047819,0.1537052649848015,0.164907701092713,0.168210213341222,0.2092883275258073
281,281.0,0.1629903935250338,0.1463642221620763,0.1548658014417761,0.1661004904618879,0.1681863833348235,0.2014927090744024
282,282.0,0.1664553715624646,0.1479825315685861,0.155571474723484,0.1671018848784153,0.1691171634048076,0.1937715738622424
283,283.0,0.1696691465653761,0.1494748412844156,0.1567970780509984,0.1678391917115765,0.170006875651927,0.1862128667357064
284,284.0,0.1724337919962821,0.1508297372723837,0.1578147260228271,0.1684041739241038,0.170750729735997,0.1797668410484062
285,285.0,0.1745701097116094,0.1515610483090332,0.1581991791089619,0.1693574040549253,0.1719866810132899,0.1743255778021803
286,286.0,0.1750847568959502,0.1520804215107311,0.1585432816754801,0.1717261022114804,0.1733001660237164,0.1692652716826418
287,287.0,0.1751781190989248,0.1531154037155025,0.1584395941156446,0.1744846200242157,0.1744545706031327,0.1643276924425797
288,288.0,0.1751127198679686,0.1540890492359573,0.1582465197302766,0.1771289777619732,0.1755937692383563,0.1598289641654679
289,289.0,0.1749050893387844,0.1549977552853225,0.157974927945783,0.180553238763964,0.1767078905374542,0.1548610981286917
290,290.0,0.1744200117949715,0.1563692317805167,0.1575596288441638,0.183675473124048,0.1777125434452904,0.1502631110110095
291,291.0,0.1737877350610834,0.1576275028960209,0.1574681970971985,0.1862651406832945,0.1786380988013833,0.1462133254610194
292,292.0,0.1730641419833066,0.1588061466184891,0.1573263780691093,0.1886788971504904,0.1795180509671864,0.1426063852114181
293,293.0,0.1722656001268078,0.1599013392500005,0.1571406286782894,0.1909101960701689,0.1803481607400706,0.1394340751346628
294,294.0,0.1714075897880241,0.1609104739733354,0.1569171994549201,0.1929549702078849,0.181125111261599,0.1366846553142364
295,295.0,0.1705046379185718,0.1618320652320782,0.1566620926744901,0.1948114243004576,0.1826797822850253,0.1335099975893769
296,296.0,0.1708202681902124,0.1626656514601007,0.1563810271605097,0.1964798258114755,0.1841688550499254,0.1294843723277763
297,297.0,0.1699933549750091,0.1632728084093059,0.1559405205525848,0.197823407095095,0.1861395542100584,0.1268303547579468
298,298.0,0.1687959944033708,0.1636198937628696,0.1553107083509756,0.1988110006860061,0.1882505058607955,0.1252118969359824
299,299.0,0.167410771250224,0.1637962270436036,0.1545836024538497,0.2004442035434447,0.1900809109009045,0.1236842848079734
300,300.0,0.1660339603688873,0.1638989383078018,0.1538580214715482,0.2019057590758199,0.1918041563046836,0.1224991644712591
301,301.0,0.164678488640993,0.1639343626444757,0.1531410687224118,0.2031982164603145,0.1934137255817279,0.121634137950077
302,302.0,0.1634839819966811,0.1639729770671137,0.1525031534747177,0.204389663501974,0.1944561727032225,0.1211940512562909
303,303.0,0.1623309043786517,0.1639563841152005,0.1518850588231066,0.2054205944569731,0.1953816315673536,0.1210254266587144
304,304.0,0.1627580289418422,0.1614930843085244,0.1494998581133605,0.2067404745681507,0.1971286935973634,0.1223798604707587
305,305.0,0.1632248174692519,0.1590098488630958,0.1471601269454035,0.2079078594694267,0.1987551953888315,0.1239421518639905
306,306.0,0.1635170079735572,0.1573397807535214,0.1447819018239223,0.2100735109799644,0.1986389625797321,0.1256488358893026
307,307.0,0.1633861746132551,0.1562139570334885,0.1412927759930265,0.2116761795968693,0.1978413814772278,0.1295895312861327
308,308.0,0.1632791539148612,0.1551200032900996,0.1379120445649576,0.2131227058382916,0.1969517592026226,0.1336143331891673
309,309.0,0.1642065395810732,0.1541053546028067,0.1361309293819677,0.2130650323301591,0.1960278786355553,0.136464265468438
310,310.0,0.165033791721943,0.1530254015560476,0.134374740288839,0.2127573303856831,0.1949355790141173,0.1398731570333699
311,311.0,0.1658626511685963,0.1519974741162368,0.1327585465675167,0.2123276798679427,0.19380262523996,0.1432510230397475
312,312.0,0.166684668595988,0.1510266489970773,0.1312845106180334,0.2117925721394418,0.192644412266097,0.1465671873833624
313,313.0,0.1674923080317705,0.1501169242176958,0.1299531570227,0.2111679039985414,0.1914750481422374,0.1497946585870548
314,314.0,0.1681880217898377,0.1500894688100899,0.1286726219911458,0.2103779690769814,0.1902164325337105,0.1524554857982346
315,315.0,0.1667745301488654,0.1502588556436835,0.1289213360880155,0.2098067893616393,0.1891107838157752,0.1551277049420209
316,316.0,0.1653518885651672,0.1504787066260207,0.129293887259498,0.2091882011290467,0.1880288617865519,0.1576584546337154
317,317.0,0.1637963495599639,0.1506028879435149,0.1306074996197505,0.2082553533354769,0.1868402241085726,0.1598976854327212
318,318.0,0.1622617582654579,0.1507647247494754,0.1320049309262934,0.2072990004149632,0.1856924287234926,0.1619771569203174
319,319.0,0.1606502547124134,0.1508477220158848,0.1341304916380991,0.2061088341871831,0.1844817582447619,0.1637809392016576
320,320.0,0.1590856451622149,0.1509589337240343,0.1362901132075231,0.2049201376451408,0.1833266068865328,0.1654185633745542
321,321.0,0.1576899974211906,0.1502964465146884,0.1403173791916952,0.2037648528058851,0.1823440853614484,0.1655872387050923
322,322.0,0.1561735030989649,0.1494755682830033,0.1447115151155616,0.2032037166000551,0.1812398872145765,0.1651958096878386
