,Unnamed: 0,Total_iterations,Intertwine_two,Invert_path_vertices,Insert_inside_vertex,Delete_inside_vertex,MSC_add_terminal,MSC_del_terminal
0,0.0,0.0,0.16666666666666657,0.16666666666666657,0.16666666666666657,0.16666666666666657,0.16666666666666657,0.16666666666666657
1,1.0,0.10900000000000001,0.16666666666666657,0.16666666666666657,0.16666666666666657,0.16666666666666657,0.16666666666666657,0.16666666666666657
2,2.0,0.31601,0.16666666666666657,0.16666666666666657,0.16666666666666657,0.16666666666666657,0.16666666666666657,0.16666666666666657
3,3.0,0.6191589000000001,0.16666666666666657,0.16666666666666657,0.16666666666666657,0.16666666666666657,0.16666666666666657,0.16666666666666657
4,4.0,1.015801321,0.16666666666666657,0.16666666666666657,0.16666666666666657,0.16666666666666657,0.16666666666666657,0.16666666666666657
5,5.0,1.50262148669,0.16666666666666657,0.16666666666666657,0.16666666666666657,0.16666666666666657,0.16666666666666657,0.16666666666666657
6,6.0,2.0757334209441005,0.16666666666666657,0.16666666666666657,0.16666666666666657,0.16666666666666657,0.16666666666666657,0.16666666666666657
7,7.0,2.7307768275633495,0.16666666666666657,0.16666666666666657,0.16666666666666657,0.16666666666666657,0.16666666666666657,0.16666666666666657
8,8.0,3.4630081252450404,0.16666666666666657,0.16666666666666657,0.16666666666666657,0.16666666666666657,0.16666666666666657,0.16666666666666657
9,9.0,4.2673862119061114,0.16666666666666657,0.16666666666666657,0.16666666666666657,0.16666666666666657,0.16666666666666657,0.16666666666666657
10,10.0,5.138652627782014,0.16666666666666657,0.16666666666666657,0.16666666666666657,0.16666666666666657,0.16666666666666657,0.16666666666666657
11,11.0,6.071405875792507,0.16666666666666657,0.16666666666666657,0.16666666666666657,0.16666666666666657,0.16666666666666657,0.16666666666666657
12,12.0,7.060169740244025,0.16666666666666657,0.16666666666666657,0.16666666666666657,0.16666666666666657,0.16666666666666657,0.16666666666666657
13,13.0,8.099455520847952,0.16666666666666657,0.16666666666666657,0.16666666666666657,0.16666666666666657,0.16666666666666657,0.16666666666666657
14,14.0,9.183818168183006,0.16666666666666657,0.16666666666666657,0.16666666666666657,0.16666666666666657,0.16666666666666657,0.16666666666666657
15,15.0,10.307906369102724,0.16666666666666657,0.16666666666666657,0.16666666666666657,0.16666666666666657,0.16666666666666657,0.16666666666666657
16,16.0,11.466506686239443,0.16666666666666657,0.16666666666666657,0.16666666666666657,0.16666666666666657,0.16666666666666657,0.16666666666666657
17,17.0,12.654581904800096,0.16666666666666657,0.16666666666666657,0.16666666666666657,0.16666666666666657,0.16666666666666657,0.16666666666666657
18,18.0,13.867303782456686,0.16666666666666657,0.16666666666666657,0.16666666666666657,0.16666666666666657,0.16666666666666657,0.16666666666666657
19,19.0,15.100080434523047,0.16666666666666657,0.16666666666666657,0.16666666666666657,0.16666666666666657,0.16666666666666657,0.16666666666666657
20,20.0,16.348578617037543,0.16666666666666657,0.16666666666666657,0.16666666666666657,0.16666666666666657,0.16666666666666657,0.16666666666666657
21,21.0,17.608741195130214,0.16666666666666657,0.16666666666666657,0.16666666666666657,0.16666666666666657,0.16666666666666657,0.16666666666666657
22,22.0,18.876800103462312,0.16666666666666657,0.16666666666666657,0.16666666666666657,0.16666666666666657,0.16666666666666657,0.16666666666666657
23,23.0,20.14928511992658,0.16666666666666657,0.16666666666666657,0.16666666666666657,0.16666666666666657,0.16666666666666657,0.16666666666666657
24,24.0,21.423028783545156,0.16666666666666657,0.16666666666666657,0.16666666666666657,0.16666666666666657,0.16666666666666657,0.16666666666666657
25,25.0,22.695167792966423,0.16666666666666657,0.16666666666666657,0.16666666666666657,0.16666666666666657,0.16666666666666657,0.16666666666666657
26,26.0,23.963141223515898,0.16666666666666657,0.16666666666666657,0.16666666666666657,0.16666666666666657,0.16666666666666657,0.16666666666666657
27,27.0,25.224685898775267,0.16666666666666657,0.16666666666666657,0.16666666666666657,0.16666666666666657,0.16666666666666657,0.16666666666666657
28,28.0,26.477829247520948,0.16666666666666657,0.16666666666666657,0.16666666666666657,0.16666666666666657,0.16666666666666657,0.16666666666666657
29,29.0,27.720879968916847,0.16666666666666657,0.16666666666666657,0.16666666666666657,0.16666666666666657,0.16666666666666657,0.16666666666666657
30,30.0,28.95241681848399,0.16666666666666657,0.16666666666666657,0.16666666666666657,0.16666666666666657,0.16666666666666657,0.16666666666666657
31,31.0,30.17127581490958,0.16666666666666657,0.16666666666666657,0.16666666666666657,0.16666666666666657,0.16666666666666657,0.16666666666666657
32,32.0,31.376536153543515,0.16666666666666657,0.16666666666666657,0.16666666666666657,0.16666666666666657,0.16666666666666657,0.16666666666666657
33,33.0,32.567505096778625,0.16666666666666657,0.16666666666666657,0.16666666666666657,0.16666666666666657,0.16666666666666657,0.16666666666666657
34,34.0,33.74370209472243,0.16666666666666657,0.16666666666666657,0.16666666666666657,0.16666666666666657,0.16666666666666657,0.16666666666666657
35,35.0,34.90484237192463,0.16666666666666657,0.16666666666666657,0.16666666666666657,0.16666666666666657,0.16666666666666657,0.16666666666666657
36,36.0,36.05082019768737,0.16666666666666657,0.16666666666666657,0.16666666666666657,0.16666666666666657,0.16666666666666657,0.16666666666666657
37,37.0,37.18169203889697,0.16666666666666657,0.16666666666666657,0.16666666666666657,0.16666666666666657,0.16666666666666657,0.16666666666666657
38,38.0,38.29765977559663,0.16666666666666657,0.16666666666666657,0.16666666666666657,0.16666666666666657,0.16666666666666657,0.16666666666666657
39,39.0,39.399054140870355,0.16666666666666657,0.16666666666666657,0.16666666666666657,0.16666666666666657,0.16666666666666657,0.16666666666666657
40,40.0,40.48631852820801,0.16666666666666657,0.16666666666666657,0.16666666666666657,0.16666666666666657,0.16666666666666657,0.16666666666666657
41,41.0,41.55999329152982,0.16666666666666657,0.16666666666666657,0.16666666666666657,0.16666666666666657,0.16666666666666657,0.16666666666666657
42,42.0,42.62070064560415,0.16666666666666657,0.16666666666666657,0.16666666666666657,0.16666666666666657,0.16666666666666657,0.16666666666666657
43,43.0,43.669130257815,0.16666666666666657,0.16666666666666657,0.16666666666666657,0.16666666666666657,0.16666666666666657,0.16666666666666657
44,44.0,44.70602560622662,0.16666666666666657,0.16666666666666657,0.16666666666666657,0.16666666666666657,0.16666666666666657,0.16666666666666657
45,45.0,45.73217116373481,0.16666666666666657,0.16666666666666657,0.16666666666666657,0.16666666666666657,0.16666666666666657,0.16666666666666657
46,46.0,46.748380453854836,0.16666666666666657,0.16666666666666657,0.16666666666666657,0.16666666666666657,0.16666666666666657,0.16666666666666657
47,47.0,47.755485010424316,0.16666666666666657,0.16666666666666657,0.16666666666666657,0.16666666666666657,0.16666666666666657,0.16666666666666657
48,48.0,48.7543242612326,0.16666666666666657,0.16666666666666657,0.16666666666666657,0.16666666666666657,0.16666666666666657,0.16666666666666657
49,49.0,49.745736344347726,0.16666666666666657,0.16666666666666657,0.16666666666666657,0.16666666666666657,0.16666666666666657,0.16666666666666657
50,50.0,50.730549855707864,0.16666666666666657,0.16666666666666657,0.16666666666666657,0.16666666666666657,0.16666666666666657,0.16666666666666657
51,51.0,51.70957651737491,0.16666666666666657,0.16666666666666657,0.16666666666666657,0.16666666666666657,0.16666666666666657,0.16666666666666657
52,52.0,52.68360474770151,0.16666666666666657,0.16666666666666657,0.16666666666666657,0.16666666666666657,0.16666666666666657,0.16666666666666657
53,53.0,53.65339410751842,0.16666666666666657,0.16666666666666657,0.16666666666666657,0.16666666666666657,0.16666666666666657,0.16666666666666657
54,54.0,54.61967059027847,0.16666666666666657,0.16666666666666657,0.16666666666666657,0.16666666666666657,0.16666666666666657,0.16666666666666657
55,55.0,55.58312271885972,0.16666666666666657,0.16666666666666657,0.16666666666666657,0.16666666666666657,0.16666666666666657,0.16666666666666657
56,56.0,56.544398407394254,0.16666666666666657,0.16666666666666657,0.16666666666666657,0.16666666666666657,0.16666666666666657,0.16666666666666657
57,57.0,57.504102543001395,0.16666666666666657,0.16666666666666657,0.16666666666666657,0.16666666666666657,0.16666666666666657,0.16666666666666657
58,58.0,58.462795239617805,0.16666666666666657,0.16666666666666657,0.16666666666666657,0.16666666666666657,0.16666666666666657,0.16666666666666657
59,59.0,59.42099071417639,0.16666666666666657,0.16666666666666657,0.16666666666666657,0.16666666666666657,0.16666666666666657,0.16666666666666657
60,60.0,60.379156734137354,0.16666666666666657,0.16666666666666657,0.16666666666666657,0.16666666666666657,0.16666666666666657,0.16666666666666657
61,61.0,61.337714584760846,0.16666666666666657,0.16666666666666657,0.16666666666666657,0.16666666666666657,0.16666666666666657,0.16666666666666657
62,62.0,62.29703950447439,0.16666666666666657,0.16666666666666657,0.16666666666666657,0.16666666666666657,0.16666666666666657,0.16666666666666657
63,63.0,63.257461537171835,0.16666666666666657,0.16666666666666657,0.16666666666666657,0.16666666666666657,0.16666666666666657,0.16666666666666657
64,64.0,64.21926675122782,0.16666666666666657,0.16666666666666657,0.16666666666666657,0.16666666666666657,0.16666666666666657,0.16666666666666657
65,65.0,65.18269877636592,0.16666666666666657,0.16666666666666657,0.16666666666666657,0.16666666666666657,0.16666666666666657,0.16666666666666657
66,66.0,66.14796061122655,0.16666666666666657,0.16666666666666657,0.16666666666666657,0.16666666666666657,0.16666666666666657,0.16666666666666657
67,67.0,67.11521665648885,0.16666666666666657,0.16666666666666657,0.16666666666666657,0.16666666666666657,0.16666666666666657,0.16666666666666657
68,68.0,68.08459493066005,0.16666666666666657,0.16666666666666657,0.16666666666666657,0.16666666666666657,0.16666666666666657,0.16666666666666657
69,69.0,69.05618942810752,0.16666666666666657,0.16666666666666657,0.16666666666666657,0.16666666666666657,0.16666666666666657,0.16666666666666657
70,70.0,70.03006258152917,0.16666666666666657,0.16666666666666657,0.16666666666666657,0.16666666666666657,0.16666666666666657,0.16666666666666657
71,71.0,71.00624779379335,0.16666666666666657,0.16666666666666657,0.16666666666666657,0.16666666666666657,0.16666666666666657,0.16666666666666657
72,72.0,71.98475200689319,0.16666666666666657,0.16666666666666657,0.16666666666666657,0.16666666666666657,0.16666666666666657,0.16666666666666657
73,73.0,72.96555827861411,0.16666666666666657,0.16666666666666657,0.16666666666666657,0.16666666666666657,0.16666666666666657,0.16666666666666657
74,74.0,73.94862834037681,0.16666666666666657,0.16666666666666657,0.16666666666666657,0.16666666666666657,0.16666666666666657,0.16666666666666657
75,75.0,74.93390511255946,0.16666666666666657,0.16666666666666657,0.16666666666666657,0.16666666666666657,0.16666666666666657,0.16666666666666657
76,76.0,75.92131515639825,0.16666666666666657,0.16666666666666657,0.16666666666666657,0.16666666666666657,0.16666666666666657,0.16666666666666657
77,77.0,76.91077104428919,0.16666666666666657,0.16666666666666657,0.16666666666666657,0.16666666666666657,0.16666666666666657,0.16666666666666657
78,78.0,77.90217363294813,0.16666666666666657,0.16666666666666657,0.16666666666666657,0.16666666666666657,0.16666666666666657,0.16666666666666657
79,79.0,78.90541422641171,0.16666666666666657,0.16666666666666657,0.16666666666666657,0.16666666666666657,0.16666666666666657,0.16666666666666657
80,80.0,79.91027661826482,0.16666666666666657,0.16666666666666657,0.16666666666666657,0.16666666666666657,0.16666666666666657,0.16666666666666657
81,81.0,80.91655000474996,0.16666666666666657,0.16666666666666657,0.16666666666666657,0.16666666666666657,0.16666666666666657,0.16666666666666657
82,82.0,81.92403055253908,0.16666666666666657,0.16666666666666657,0.16666666666666657,0.16666666666666657,0.16666666666666657,0.16666666666666657
83,83.0,82.9325227400239,0.16666666666666657,0.16666666666666657,0.16666666666666657,0.16666666666666657,0.16666666666666657,0.16666666666666657
84,84.0,83.95184048136001,0.16666666666666657,0.16666666666666657,0.16666666666666657,0.16666666666666657,0.16666666666666657,0.16666666666666657
85,85.0,84.97170804374889,0.16666666666666657,0.16666666666666657,0.16666666666666657,0.16666666666666657,0.16666666666666657,0.16666666666666657
86,86.0,86.0018717694614,0.16666666666666657,0.16666666666666657,0.16666666666666657,0.16666666666666657,0.16666666666666657,0.16666666666666657
87,87.0,87.05200040490806,0.16666666666666657,0.16666666666666657,0.16666666666666657,0.16666666666666657,0.16666666666666657,0.16666666666666657
88,88.0,88.10159617276095,0.16666666666666657,0.16666666666666657,0.16666666666666657,0.16666666666666657,0.16666666666666657,0.16666666666666657
89,89.0,89.16021640210094,0.16666666666666657,0.16666666666666657,0.16666666666666657,0.16666666666666657,0.16666666666666657,0.16666666666666657
90,90.0,90.21737244448593,0.16666666666666657,0.16666666666666657,0.16666666666666657,0.16666666666666657,0.16666666666666657,0.16666666666666657
91,91.0,91.27263915818757,0.16666666666666657,0.16666666666666657,0.16666666666666657,0.16666666666666657,0.16666666666666657,0.16666666666666657
92,92.0,92.32565280893718,0.16666666666666657,0.16666666666666657,0.16666666666666657,0.16666666666666657,0.16666666666666657,0.16666666666666657
93,93.0,93.37610856652245,0.16666666666666657,0.16666666666666657,0.16666666666666657,0.16666666666666657,0.16666666666666657,0.16666666666666657
94,94.0,94.42375766268395,0.16666666666666657,0.16666666666666657,0.16666666666666657,0.16666666666666657,0.16666666666666657,0.16666666666666657
95,95.0,95.47840427260249,0.16666666666666657,0.16666666666666657,0.16666666666666657,0.16666666666666657,0.16666666666666657,0.16666666666666657
96,96.0,96.52980217880314,0.16666666666666657,0.16666666666666657,0.16666666666666657,0.16666666666666657,0.16666666666666657,0.16666666666666657
97,97.0,97.57776227259569,0.16666666666666657,0.16666666666666657,0.16666666666666657,0.16666666666666657,0.16666666666666657,0.16666666666666657
98,98.0,98.62214873428303,0.16666666666666657,0.16666666666666657,0.16666666666666657,0.16666666666666657,0.16666666666666657,0.16666666666666657
99,99.0,99.6728750624588,0.16666666666666657,0.16666666666666657,0.16666666666666657,0.16666666666666657,0.16666666666666657,0.16666666666666657
100,100.0,100.7198000071924,0.16666666666666657,0.16666666666666657,0.16666666666666657,0.16666666666666657,0.16666666666666657,0.16666666666666657
101,101.0,101.76283445738073,0.16666666666666657,0.16666666666666657,0.16666666666666657,0.16666666666666657,0.16666666666666657,0.16666666666666657
102,102.0,102.80193711797642,0.16666666666666657,0.16666666666666657,0.16666666666666657,0.16666666666666657,0.16666666666666657,0.16666666666666657
103,103.0,103.83711014133277,0.16666666666666657,0.16666666666666657,0.16666666666666657,0.16666666666666657,0.16666666666666657,0.16666666666666657
104,104.0,104.86839476094016,0.16666666666666657,0.16666666666666657,0.16666666666666657,0.16666666666666657,0.16666666666666657,0.16666666666666657
105,105.0,105.89586697097741,0.16666666666666657,0.16666666666666657,0.16666666666666657,0.16666666666666657,0.16666666666666657,0.16666666666666657
106,106.0,106.91963329030116,0.16666666666666657,0.16666666666666657,0.16666666666666657,0.16666666666666657,0.16666666666666657,0.16666666666666657
107,107.0,107.93982664478953,0.16666666666666657,0.16666666666666657,0.16666666666666657,0.16666666666666657,0.16666666666666657,0.16666666666666657
108,108.0,108.95660239738116,0.16666666666666657,0.16666666666666657,0.16666666666666657,0.16666666666666657,0.16666666666666657,0.16666666666666657
109,109.0,109.97013455073983,0.16666666666666657,0.16666666666666657,0.16666666666666657,0.16666666666666657,0.16666666666666657,0.16666666666666657
110,110.0,110.98061214325521,0.16666666666666657,0.16666666666666657,0.16666666666666657,0.16666666666666657,0.16666666666666657,0.16666666666666657
111,111.0,111.98823585508651,0.16666666666666657,0.16666666666666657,0.16666666666666657,0.16666666666666657,0.16666666666666657,0.16666666666666657
112,112.0,112.99321483718383,0.16666666666666657,0.16666666666666657,0.16666666666666657,0.16666666666666657,0.16666666666666657,0.16666666666666657
113,113.0,113.99576377269956,0.16666666666666657,0.16666666666666657,0.16666666666666657,0.16666666666666657,0.16666666666666657,0.16666666666666657
114,114.0,114.99610017693674,0.16666666666666657,0.16666666666666657,0.16666666666666657,0.16666666666666657,0.16666666666666657,0.16666666666666657
115,115.0,115.99444193898081,0.16666666666666657,0.16666666666666657,0.16666666666666657,0.16666666666666657,0.16666666666666657,0.16666666666666657
116,116.0,116.99100510543067,0.16666666666666657,0.16666666666666657,0.16666666666666657,0.16666666666666657,0.16666666666666657,0.16666666666666657
117,117.0,117.98600190418125,0.16666666666666657,0.16666666666666657,0.16666666666666657,0.16666666666666657,0.16666666666666657,0.16666666666666657
118,118.0,118.97963900401496,0.16666666666666657,0.16666666666666657,0.16666666666666657,0.16666666666666657,0.16666666666666657,0.16666666666666657
119,119.0,119.97211600382515,0.16666666666666657,0.16666666666666657,0.16666666666666657,0.16666666666666657,0.16666666666666657,0.16666666666666657
120,120.0,120.96362414361607,0.16666666666666657,0.16666666666666657,0.16666666666666657,0.16666666666666657,0.16666666666666657,0.16666666666666657
121,121.0,121.95434522799172,0.16666666666666657,0.16666666666666657,0.16666666666666657,0.16666666666666657,0.16666666666666657,0.16666666666666657
122,122.0,122.94445075164991,0.16666666666666657,0.16666666666666657,0.16666666666666657,0.16666666666666657,0.16666666666666657,0.16666666666666657
123,123.0,123.93410121542577,0.16666666666666657,0.16666666666666657,0.16666666666666657,0.16666666666666657,0.16666666666666657,0.16666666666666657
124,124.0,124.9234456206698,0.16666666666666657,0.16666666666666657,0.16666666666666657,0.16666666666666657,0.16666666666666657,0.16666666666666657
125,125.0,125.91262112918271,0.16666666666666657,0.16666666666666657,0.16666666666666657,0.16666666666666657,0.16666666666666657,0.16666666666666657
126,126.0,126.90175287555252,0.16666666666666657,0.16666666666666657,0.16666666666666657,0.16666666666666657,0.16666666666666657,0.16666666666666657
127,127.0,127.89095391852982,0.16666666666666657,0.16666666666666657,0.16666666666666657,0.16666666666666657,0.16666666666666657,0.16666666666666657
128,128.0,128.8803253180241,0.16666666666666657,0.16666666666666657,0.16666666666666657,0.16666666666666657,0.16666666666666657,0.16666666666666657
129,129.0,129.86995632438868,0.16666666666666657,0.16666666666666657,0.16666666666666657,0.16666666666666657,0.16666666666666657,0.16666666666666657
130,130.0,130.85992466687293,0.16666666666666657,0.16666666666666657,0.16666666666666657,0.16666666666666657,0.16666666666666657,0.16666666666666657
131,131.0,131.85029692844003,0.16666666666666657,0.16666666666666657,0.16666666666666657,0.16666666666666657,0.16666666666666657,0.16666666666666657
132,132.0,132.84112899456602,0.16666666666666657,0.16666666666666657,0.16666666666666657,0.16666666666666657,0.16666666666666657,0.16666666666666657
133,133.0,133.83246656413377,0.16666666666666657,0.16666666666666657,0.16666666666666657,0.16666666666666657,0.16666666666666657,0.16666666666666657
134,134.0,134.82434571110338,0.16666666666666657,0.16666666666666657,0.16666666666666657,0.16666666666666657,0.16666666666666657,0.16666666666666657
135,135.0,135.816793486265,0.16666666666666657,0.16666666666666657,0.16666666666666657,0.16666666666666657,0.16666666666666657,0.16666666666666657
136,136.0,136.8098285490478,0.16666666666666657,0.16666666666666657,0.16666666666666657,0.16666666666666657,0.16666666666666657,0.16666666666666657
137,137.0,137.80346182006184,0.16666666666666657,0.16666666666666657,0.16666666666666657,0.16666666666666657,0.16666666666666657,0.16666666666666657
138,138.0,138.7976971457739,0.16666666666666657,0.16666666666666657,0.16666666666666657,0.16666666666666657,0.16666666666666657,0.16666666666666657
139,139.0,139.79253196745697,0.16666666666666657,0.16666666666666657,0.16666666666666657,0.16666666666666657,0.16666666666666657,0.16666666666666657
140,140.0,140.78795798729718,0.16666666666666657,0.16666666666666657,0.16666666666666657,0.16666666666666657,0.16666666666666657,0.16666666666666657
141,141.0,141.7839618252804,0.16666666666666657,0.16666666666666657,0.16666666666666657,0.16666666666666657,0.16666666666666657,0.16666666666666657
142,142.0,142.78052566121247,0.16666666666666657,0.16666666666666657,0.16666666666666657,0.16666666666666657,0.16666666666666657,0.16666666666666657
143,143.0,143.77762785693923,0.16666666666666657,0.16666666666666657,0.16666666666666657,0.16666666666666657,0.16666666666666657,0.16666666666666657
144,144.0,144.7752435545239,0.16666666666666657,0.16666666666666657,0.16666666666666657,0.16666666666666657,0.16666666666666657,0.16666666666666657
145,145.0,145.77334524680492,0.16666666666666657,0.16666666666666657,0.16666666666666657,0.16666666666666657,0.16666666666666657,0.16666666666666657
146,146.0,146.77190331738979,0.16666666666666657,0.16666666666666657,0.16666666666666657,0.16666666666666657,0.16666666666666657,0.16666666666666657
147,147.0,147.77088654774224,0.16666666666666657,0.16666666666666657,0.16666666666666657,0.16666666666666657,0.16666666666666657,0.16666666666666657
148,148.0,148.77026258958202,0.16666666666666657,0.16666666666666657,0.16666666666666657,0.16666666666666657,0.16666666666666657,0.16666666666666657
149,149.0,149.769998401342,0.16666666666666657,0.16666666666666657,0.16666666666666657,0.16666666666666657,0.16666666666666657,0.16666666666666657
150,150.0,150.7700606479126,0.16666666666666657,0.16666666666666657,0.16666666666666657,0.16666666666666657,0.16666666666666657,0.16666666666666657
151,151.0,151.770416063347,0.16666666666666657,0.16666666666666657,0.16666666666666657,0.16666666666666657,0.16666666666666657,0.16666666666666657
152,152.0,152.77103177660447,0.16666666666666657,0.16666666666666657,0.16666666666666657,0.16666666666666657,0.16666666666666657,0.16666666666666657
153,153.0,153.77187560077016,0.16666666666666657,0.16666666666666657,0.16666666666666657,0.16666666666666657,0.16666666666666657,0.16666666666666657
154,154.0,154.77291628651156,0.16666666666666657,0.16666666666666657,0.16666666666666657,0.16666666666666657,0.16666666666666657,0.16666666666666657
155,155.0,155.77412374081374,0.16666666666666657,0.16666666666666657,0.16666666666666657,0.16666666666666657,0.16666666666666657,0.16666666666666657
156,156.0,156.77546921227756,0.16666666666666657,0.16666666666666657,0.16666666666666657,0.16666666666666657,0.16666666666666657,0.16666666666666657
157,157.0,157.77692544447223,0.16666666666666657,0.16666666666666657,0.16666666666666657,0.16666666666666657,0.16666666666666657,0.16666666666666657
158,158.0,158.7784667990027,0.16666666666666657,0.16666666666666657,0.16666666666666657,0.16666666666666657,0.16666666666666657,0.16666666666666657
159,159.0,159.7900693500901,0.16666666666666657,0.16666666666666657,0.16666666666666657,0.16666666666666657,0.16666666666666657,0.16666666666666657
160,160.0,160.80161095256787,0.16666666666666657,0.16666666666666657,0.16666666666666657,0.16666666666666657,0.16666666666666657,0.16666666666666657
161,161.0,161.81298228527217,0.16666666666666657,0.16666666666666657,0.16666666666666657,0.16666666666666657,0.16666666666666657,0.16666666666666657
162,162.0,162.8240866618533,0.16666666666666657,0.16666666666666657,0.16666666666666657,0.16666666666666657,0.16666666666666657,0.16666666666666657
163,163.0,163.8348397341578,0.16666666666666657,0.16666666666666657,0.16666666666666657,0.16666666666666657,0.16666666666666657,0.16666666666666657
164,164.0,164.8451691018903,0.16666666666666657,0.16666666666666657,0.16666666666666657,0.16666666666666657,0.16666666666666657,0.16666666666666657
165,165.0,165.8550138418306,0.16666666666666657,0.16666666666666657,0.16666666666666657,0.16666666666666657,0.16666666666666657,0.16666666666666657
166,166.0,166.8643239693586,0.16666666666666657,0.16666666666666657,0.16666666666666657,0.16666666666666657,0.16666666666666657,0.16666666666666657
167,167.0,167.87305984444018,0.16666666666666657,0.16666666666666657,0.16666666666666657,0.16666666666666657,0.16666666666666657,0.16666666666666657
168,168.0,168.89119153356924,0.16666666666666657,0.16666666666666657,0.16666666666666657,0.16666666666666657,0.16666666666666657,0.16666666666666657
169,169.0,169.9085981384497,0.16666666666666657,0.16666666666666657,0.16666666666666657,0.16666666666666657,0.16666666666666657,0.16666666666666657
170,170.0,170.9351781014576,0.16666666666666657,0.16666666666666657,0.16666666666666657,0.16666666666666657,0.16666666666666657,0.16666666666666657
171,171.0,171.96074828715015,0.16666666666666657,0.16666666666666657,0.16666666666666657,0.16666666666666657,0.16666666666666657,0.16666666666666657
172,172.0,172.98515397140193,0.16666666666666657,0.16666666666666657,0.16666666666666657,0.16666666666666657,0.16666666666666657,0.16666666666666657
173,173.0,174.0082675475145,0.16666666666666657,0.16666666666666657,0.16666666666666657,0.16666666666666657,0.16666666666666657,0.16666666666666657
174,174.0,175.02998709054066,0.16666666666666657,0.16666666666666657,0.16666666666666657,0.16666666666666657,0.16666666666666657,0.16666666666666657
175,175.0,176.06023480835884,0.16666666666666657,0.16666666666666657,0.16666666666666657,0.16666666666666657,0.16666666666666657,0.16666666666666657
176,176.0,177.0888554063116,0.16666666666666657,0.16666666666666657,0.16666666666666657,0.16666666666666657,0.16666666666666657,0.16666666666666657
177,177.0,178.11572539040597,0.16666666666666657,0.16666666666666657,0.16666666666666657,0.16666666666666657,0.16666666666666657,0.16666666666666657
178,178.0,179.14075112218683,0.16666666666666657,0.16666666666666657,0.16666666666666657,0.16666666666666657,0.16666666666666657,0.16666666666666657
179,179.0,180.16386676956776,0.16666666666666657,0.16666666666666657,0.16666666666666657,0.16666666666666657,0.16666666666666657,0.16666666666666657
180,180.0,181.1850321845149,0.16666666666666657,0.16666666666666657,0.16666666666666657,0.16666666666666657,0.16666666666666657,0.16666666666666657
181,181.0,182.20423073612218,0.16666666666666657,0.16666666666666657,0.16666666666666657,0.16666666666666657,0.16666666666666657,0.16666666666666657
182,182.0,183.2214671252075,0.16666666666666657,0.16666666666666657,0.16666666666666657,0.16666666666666657,0.16666666666666657,0.16666666666666657
183,183.0,184.2367652041322,0.16666666666666657,0.16666666666666657,0.16666666666666657,0.16666666666666657,0.16666666666666657,0.16666666666666657
184,184.0,185.25016582312315,0.16666666666666657,0.16666666666666657,0.16666666666666657,0.16666666666666657,0.16666666666666657,0.16666666666666657
185,185.0,186.26172472198377,0.16666666666666657,0.16666666666666657,0.16666666666666657,0.16666666666666657,0.16666666666666657,0.16666666666666657
186,186.0,187.27151048373847,0.16666666666666657,0.16666666666666657,0.16666666666666657,0.16666666666666657,0.16666666666666657,0.16666666666666657
187,187.0,188.28960256448033,0.16666666666666657,0.16666666666666657,0.16666666666666657,0.16666666666666657,0.16666666666666657,0.16666666666666657
188,188.0,189.3059894115032,0.16666666666666657,0.16666666666666657,0.16666666666666657,0.16666666666666657,0.16666666666666657,0.16666666666666657
189,189.0,190.32067767970872,0.16666666666666657,0.16666666666666657,0.16666666666666657,0.16666666666666657,0.16666666666666657,0.16666666666666657
190,190.0,191.33369034429663,0.16666666666666657,0.16666666666666657,0.16666666666666657,0.16666666666666657,0.16666666666666657,0.16666666666666657
191,191.0,192.34506483898275,0.16666666666666657,0.16666666666666657,0.16666666666666657,0.16666666666666657,0.16666666666666657,0.16666666666666657
192,192.0,193.35485123581046,0.16666666666666657,0.16666666666666657,0.16666666666666657,0.16666666666666657,0.16666666666666657,0.16666666666666657
193,193.0,194.3631104805973,0.16666666666666657,0.16666666666666657,0.16666666666666657,0.16666666666666657,0.16666666666666657,0.16666666666666657
194,194.0,195.36991269609948,0.16666666666666657,0.16666666666666657,0.16666666666666657,0.16666666666666657,0.16666666666666657,0.16666666666666657
195,195.0,196.37533556309046,0.16666666666666657,0.16666666666666657,0.16666666666666657,0.16666666666666657,0.16666666666666657,0.16666666666666657
196,196.0,197.37946278775144,0.16666666666666657,0.16666666666666657,0.16666666666666657,0.16666666666666657,0.16666666666666657,0.16666666666666657
197,197.0,198.3823826620688,0.16666666666666657,0.16666666666666657,0.16666666666666657,0.16666666666666657,0.16666666666666657,0.16666666666666657
198,198.0,199.38418672233374,0.16666666666666657,0.16666666666666657,0.16666666666666657,0.16666666666666657,0.16666666666666657,0.16666666666666657
199,199.0,200.38496850934885,0.16785714285714276,0.16642857142857134,0.16642857142857134,0.16642857142857134,0.16642857142857134,0.16642857142857134
200,200.0,201.38482243256897,0.1690357142857142,0.1661928571428571,0.1661928571428571,0.1661928571428571,0.1661928571428571,0.1661928571428571
201,201.0,202.38384273914136,0.1699536904761904,0.16572354761904756,0.16572354761904756,0.16572354761904756,0.16572354761904756,0.167152119047619
202,202.0,203.38212258766512,0.1706041416666666,0.1650248859523809,0.1650248859523809,0.1650248859523809,0.1650248859523809,0.16929631452380947
203,203.0,204.37975322545987,0.17080493489285709,0.16535298444999996,0.16392441302142854,0.16392441302142854,0.16392441302142854,0.1720688415928571
204,204.0,205.37682326722052,0.1707954565903571,0.16551260039621424,0.16266974325335712,0.16266974325335712,0.16391974325335712,0.1744327132533571
205,205.0,206.3734180721329,0.170757542980775,0.1656797001724164,0.16144955731527355,0.16269955731527355,0.16393705731527355,0.17547658490098783
206,206.0,207.3696192158327,0.1700793373658354,0.16666535646133765,0.1596575293184805,0.16311725154070275,0.16478747574705196,0.17569304956659162
207,207.0,208.3655040530042,0.169246333541906,0.16750682530278516,0.15778344628849944,0.16341954351072172,0.1653692632924677,0.1766745880636199
208,208.0,209.36114536592854,0.16840734136812507,0.1683351107530918,0.15597925455894895,0.1637399505311712,0.1659534651647029,0.17758487762395994
209,209.0,210.35661109390114,0.1674602384901045,0.1690321371857575,0.15414489580597035,0.16396234591569261,0.1673117756901311,0.17808860691234385
210,210.0,211.35196413813745,0.16652530700704843,0.16970406023821966,0.15240173031943627,0.16419430687403352,0.16865320089817862,0.1785213946630834
211,211.0,212.34726223656878,0.16561067909429097,0.17034667101797407,0.15075807042756756,0.1644325572392286,0.16996601506850312,0.1788860071524356
212,212.0,213.3425579027913,0.16454489924535842,0.1707779032159225,0.149041830741245,0.164495514138369,0.17213280830603075,0.1790070443530743
213,213.0,214.33789842336364,0.16351445473807188,0.17117529665398037,0.14743814592249144,0.1645607916347831,0.17424294334309454,0.1790683677075787
214,214.0,215.3333259076451,0.16248988459928165,0.17161072504187208,0.14602426110085348,0.1642651860531997,0.17657083972183396,0.17903910348295918
215,215.0,216.32887738442196,0.16135703534348705,0.17185322399328634,0.1446800553991074,0.1638209145794254,0.17948397935535843,0.17880479132933544
216,216.0,217.32458493967692,0.16038995288717958,0.17217260286799804,0.14356817017437432,0.16349602034942579,0.18262197393653395,0.17775127978448832
217,217.0,218.32047589000962,0.1592436361368784,0.1722198846468351,0.14344950810421617,0.16294371934302815,0.18428175167557734,0.17786150009346485
218,218.0,219.31657298640897,0.15896602743024474,0.17174953551967595,0.14301997920641968,0.16210315158657512,0.18538271015646926,0.1787785961006153
219,219.0,220.31289464330428,0.15980382028515092,0.17105943428114742,0.14249557307163663,0.16109260859220348,0.1862586376872096,0.17928992608265204
220,220.0,221.309455188077,0.16067148111537413,0.17044191966743638,0.14205022867842923,0.1600988437695759,0.18698647464272394,0.1797510521264606
221,221.0,222.30626512649172,0.1615560408992367,0.16979969162213668,0.14167901359861576,0.1591290724570692,0.18757201088985476,0.1802641705330871
222,222.0,223.30333141980003,0.16246146156621644,0.16915807418123133,0.14139465746402607,0.15820219095494073,0.18804295103387633,0.18074066479970927
223,223.0,224.30065776957952,0.16365438059910967,0.1685592185640737,0.1425802068303726,0.1553429385473458,0.18854493417254822,0.18131832128655023
224,224.0,225.29824490668526,0.1648283394633167,0.1679557891747572,0.1438089322118616,0.1525416857704302,0.18892379683144622,0.18194145654818822
225,225.0,226.29609088101355,0.1659722354142291,0.16735293456670022,0.14631280169061764,0.14981955390577148,0.18928739363585548,0.1812550807868262
226,226.0,227.29419134909887,0.16657567742456597,0.16639448398142986,0.14831415909059475,0.14683092742300868,0.1891842748609833,0.1827004772194175
227,227.0,228.2925398568847,0.16715096218256725,0.16546486723680587,0.15030752775995682,0.14397162776306555,0.18900142896679228,0.1841035860908124
228,228.0,229.2911281153231,0.16769515256588644,0.16457049711620983,0.1522737728850717,0.1412573152402595,0.1887486571241562,0.18545460506841654
229,229.0,230.28994626676442,0.16820591610815858,0.16371679265844494,0.15419594436911302,0.1387006342661049,0.18843547964634588,0.18674523295183293
230,230.0,231.28898314039395,0.16893148785806564,0.1631582243418057,0.15655922786134763,0.13656138849547816,0.18774964030022834,0.1870400311430748
231,231.0,232.2882264952566,0.16924114715036093,0.1608403086797904,0.15975857773873234,0.13421724273874866,0.18664756525339704,0.18929515843897093
232,232.0,233.28766324968043,0.16929045212994617,0.15847604845244567,0.16263474307032746,0.13194030305526852,0.18541007342956625,0.19224837986244622
233,233.0,234.2872796961651,0.16930169842504975,0.15594047396533117,0.16427692279303815,0.13104539168332108,0.18567931519090805,0.1937561979423521
234,234.0,235.2870617010396,0.17035293009051944,0.15332542303864566,0.1656164443198764,0.13014578737300503,0.18558017151453846,0.1949792436634153
235,235.0,236.28699488841627,0.17090900135202905,0.15050824779386704,0.16651343222341505,0.13000330033860524,0.18608698031750026,0.1959790379745836
236,236.0,237.28706480817112,0.17142458182307377,0.14782304670096671,0.16728888427266295,0.13001117619040659,0.18658050683525929,0.19687180417763098
237,237.0,238.2872570878688,0.17189856477798962,0.14528347435568587,0.16794719953255666,0.1301542998812709,0.18705714403115822,0.197659317421339
238,238.0,239.287557568718,0.17233037013884037,0.14290036360671535,0.1684935085294327,0.13041771539038327,0.18751381446542406,0.19834422786920453
239,239.0,240.2879524257951,0.17115243729396365,0.14165412162413607,0.16879465991073517,0.13064787049193885,0.18753128144321082,0.20021962923601572
240,240.0,241.28842827290654,0.16983712256698416,0.14034630172891244,0.1688860468130973,0.1319707896756778,0.18819495730705518,0.20076478190827335
241,241.0,242.28897225257776,0.16740020618227092,0.1406247113398326,0.1688877318153895,0.13336396734154438,0.18883358440971298,0.20088979891124992
242,242.0,243.2995721117561,0.16518023767146456,0.14095132003354957,0.16889957734850494,0.13500846606668734,0.19017055408354896,0.19978984479624487
243,243.0,244.31011626389903,0.16288479263935318,0.1412887488855536,0.16872751961110086,0.1363475572427761,0.19135700580905043,0.19939437581216607
244,244.0,245.32050483818867,0.16064437318838845,0.1417325415914959,0.16849166950760322,0.13769839071295525,0.1924961268637958,0.19893689813576165
245,245.0,246.33064950666744,0.1585869920660764,0.14237873495003436,0.16731187588676746,0.139157395024225,0.19380348132653547,0.19876152074636155
246,246.0,247.35047321323168,0.1566149192507749,0.14310062696232398,0.16609433103653579,0.14059916304936362,0.1950491723118426,0.19854178738915937
247,247.0,248.3698098170072,0.1548107732113645,0.14395485741429528,0.16492641409977868,0.14008242930816142,0.19629833782903594,0.19992718813736443
248,248.0,249.38851466223508,0.15297262812747556,0.14471647555428582,0.1636116668513416,0.140516147822601,0.19622385305546924,0.20195922858882703
249,249.0,250.40646387631784,0.15110837646550596,0.14537323754320486,0.16216403090598805,0.1407870472930849,0.19594493897906526,0.2046223688131512
250,250.0,251.42355353022913,0.14914204917766122,0.14583183915404813,0.15908547784206958,0.14224004983565303,0.19638760544864955,0.20731297854191863
251,251.0,252.449698683447,0.14721260800849822,0.14621660131760572,0.15687378100597799,0.14356579174104794,0.19659344956310926,0.20953776836376098
252,252.0,253.47473233450864,0.14541747693965865,0.14661287853878877,0.15472800810692783,0.1448455598357512,0.1967477314804486,0.21164834509842506
253,253.0,254.498515297119,0.1435591560697783,0.14681353633760272,0.15246100427818526,0.14575802250675357,0.19665204439918604,0.2147562364084942
254,254.0,255.52093481049715,0.14284003676514923,0.1467636192557855,0.15003505182849616,0.14617970341863293,0.1962598312674836,0.21792175746445272
255,255.0,256.54190302443254,0.14268463659353914,0.14651458860312308,0.14751620979535668,0.14631430509702392,0.19563057147260687,0.22133968843835045
256,256.0,257.56135538673004,0.14256261316783778,0.1461806292600098,0.14503073877422648,0.14630597266527468,0.19488604549560531,0.22503400063704612
257,257.0,258.5792489589305,0.14144255611841833,0.14585539187074004,0.14268197455593412,0.14736201215164602,0.1941270433962796,0.22853102190698207
258,258.0,259.5955606843216,0.1404354693781468,0.14554125661382217,0.14047973410237874,0.14836542596946217,0.1933626028078554,0.2318155111283349
259,259.0,260.6102856303304,0.13963103587442022,0.14533116371949928,0.1385222965325313,0.1494023516383096,0.19269182107603586,0.23442133115920394
260,260.0,261.623435225435,0.13893521643680318,0.14513499169863692,0.1367229377519013,0.15037725053457848,0.19203022195066058,0.23679938162741979
261,261.0,262.63503550877476,0.13834410785306087,0.14495331018409766,0.13508384346937327,0.151286576346564,0.19138350316233887,0.2389486589845656
262,262.0,263.6451254086928,0.13785315012364327,0.14478648694039456,0.13269628726887142,0.15212779312457464,0.1907566438652486,0.24177963867726784
263,263.0,264.6537550645321,0.13745723774041205,0.14463470437288103,0.13047717272237994,0.15289929960422777,0.1901539267032375,0.24437765885686202
264,264.0,265.67098420414214,0.13746828561004124,0.14481543655707357,0.13017787855599444,0.1539178120680229,0.18767420272965588,0.24594638447921224
265,265.0,266.6867805877498,0.13863120151426275,0.14482933898167397,0.12968084424479678,0.15468415907862226,0.18506568415111085,0.24710877202953363
266,266.0,267.7011295271192,0.13985488377628946,0.1448536698841097,0.12933224271780872,0.15537660799695366,0.18161895899050765,0.24896363663433105
267,267.0,268.7140322772804,0.14084324115994282,0.14474825421868398,0.1299540500452125,0.15585673525417168,0.17813160808695103,0.25046611123503826
268,268.0,269.72550442965274,0.14185992257922356,0.14322354937026577,0.13069300726829491,0.1562659717438155,0.17619613895234332,0.2517614100860572
269,269.0,270.7355743224913,0.14289192881637622,0.1417224455913528,0.13153000982525725,0.1566073141777461,0.1743910038154214,0.25285729777384647
270,270.0,271.74428148282107,0.14437942752926222,0.1419596140148039,0.13289890335916213,0.1573361587392157,0.17317324082980617,0.25025265552775017
