,Unnamed: 0,Total_iterations,Intertwine_two,Add_vertex,Delete_vertex,Invert_path_vertices,Insert_inside_vertex,Delete_inside_vertex,Replace_inside_vertex,Donate_between_routes
0,0.0,0.0,0.125,0.125,0.125,0.125,0.125,0.125,0.125,0.125
1,1.0,1.0,0.125,0.125,0.125,0.125,0.125,0.125,0.125,0.125
2,2.0,2.0,0.125,0.125,0.125,0.125,0.125,0.125,0.125,0.125
3,3.0,3.0,0.125,0.125,0.125,0.125,0.125,0.125,0.125,0.125
4,4.0,4.0,0.125,0.125,0.125,0.125,0.125,0.125,0.125,0.125
5,5.0,5.0,0.125,0.125,0.125,0.125,0.125,0.125,0.125,0.125
6,6.0,6.0,0.125,0.125,0.125,0.125,0.125,0.125,0.125,0.125
7,7.0,7.0,0.125,0.125,0.125,0.125,0.125,0.125,0.125,0.125
8,8.0,8.0,0.125,0.125,0.125,0.125,0.125,0.125,0.125,0.125
9,9.0,9.0,0.125,0.125,0.125,0.125,0.125,0.125,0.125,0.125
10,10.0,10.0,0.125,0.125,0.125,0.125,0.125,0.125,0.125,0.125
11,11.0,11.0,0.125,0.125,0.125,0.125,0.125,0.125,0.125,0.125
12,12.0,12.0,0.125,0.125,0.125,0.125,0.125,0.125,0.125,0.125
13,13.0,13.0,0.125,0.125,0.125,0.125,0.125,0.125,0.125,0.125
14,14.0,14.0,0.125,0.125,0.125,0.125,0.125,0.125,0.125,0.125
15,15.0,15.0,0.125,0.125,0.125,0.125,0.125,0.125,0.125,0.125
16,16.0,16.0,0.125,0.125,0.125,0.125,0.125,0.125,0.125,0.125
17,17.0,17.0,0.125,0.125,0.125,0.125,0.125,0.125,0.125,0.125
18,18.0,18.0,0.125,0.125,0.125,0.125,0.125,0.125,0.125,0.125
19,19.0,19.0,0.125,0.125,0.125,0.125,0.125,0.125,0.125,0.125
20,20.0,20.0,0.125,0.125,0.125,0.125,0.125,0.125,0.125,0.125
21,21.0,21.0,0.125,0.125,0.125,0.125,0.125,0.125,0.125,0.125
22,22.0,22.0,0.125,0.125,0.125,0.125,0.125,0.125,0.125,0.125
23,23.0,23.0,0.125,0.125,0.125,0.125,0.125,0.125,0.125,0.125
24,24.0,24.0,0.125,0.125,0.125,0.125,0.125,0.125,0.125,0.125
25,25.0,25.0,0.125,0.125,0.125,0.125,0.125,0.125,0.125,0.125
26,26.0,26.0,0.125,0.125,0.125,0.125,0.125,0.125,0.125,0.125
27,27.0,27.0,0.125,0.125,0.125,0.125,0.125,0.125,0.125,0.125
28,28.0,28.0,0.125,0.125,0.125,0.125,0.125,0.125,0.125,0.125
29,29.0,29.0,0.125,0.125,0.125,0.125,0.125,0.125,0.125,0.125
30,30.0,30.0,0.125,0.125,0.125,0.125,0.125,0.125,0.125,0.125
31,31.0,31.0,0.125,0.125,0.125,0.125,0.125,0.125,0.125,0.125
32,32.0,32.0,0.125,0.125,0.125,0.125,0.125,0.125,0.125,0.125
33,33.0,33.0,0.125,0.125,0.125,0.125,0.125,0.125,0.125,0.125
34,34.0,34.0,0.125,0.125,0.125,0.125,0.125,0.125,0.125,0.125
35,35.0,35.0,0.125,0.125,0.125,0.125,0.125,0.125,0.125,0.125
36,36.0,36.0,0.125,0.125,0.125,0.125,0.125,0.125,0.125,0.125
37,37.0,37.0,0.125,0.125,0.125,0.125,0.125,0.125,0.125,0.125
38,38.0,38.0,0.125,0.125,0.125,0.125,0.125,0.125,0.125,0.125
39,39.0,39.0,0.125,0.125,0.125,0.125,0.125,0.125,0.125,0.125
40,40.0,40.0,0.125,0.125,0.125,0.125,0.125,0.125,0.125,0.125
41,41.0,41.0,0.125,0.125,0.125,0.125,0.125,0.125,0.125,0.125
42,42.0,42.0,0.125,0.125,0.125,0.125,0.125,0.125,0.125,0.125
43,43.0,43.0,0.125,0.125,0.125,0.125,0.125,0.125,0.125,0.125
44,44.0,44.0,0.125,0.125,0.125,0.125,0.125,0.125,0.125,0.125
45,45.0,45.0,0.125,0.125,0.125,0.125,0.125,0.125,0.125,0.125
46,46.0,46.0,0.125,0.125,0.125,0.125,0.125,0.125,0.125,0.125
47,47.0,47.0,0.125,0.125,0.125,0.125,0.125,0.125,0.125,0.125
48,48.0,48.0,0.125,0.125,0.125,0.125,0.125,0.125,0.125,0.125
49,49.0,49.0,0.125,0.125,0.125,0.125,0.125,0.125,0.125,0.125
50,50.0,50.0,0.125,0.125,0.125,0.125,0.125,0.125,0.125,0.125
51,51.0,51.0,0.125,0.125,0.125,0.125,0.125,0.125,0.125,0.125
52,52.0,52.0,0.125,0.125,0.125,0.125,0.125,0.125,0.125,0.125
53,53.0,53.0,0.125,0.125,0.125,0.125,0.125,0.125,0.125,0.125
54,54.0,54.0,0.125,0.125,0.125,0.125,0.125,0.125,0.125,0.125
55,55.0,55.0,0.125,0.125,0.125,0.125,0.125,0.125,0.125,0.125
56,56.0,56.0,0.125,0.125,0.125,0.125,0.125,0.125,0.125,0.125
57,57.0,57.0,0.125,0.125,0.125,0.125,0.125,0.125,0.125,0.125
58,58.0,58.0,0.125,0.125,0.125,0.125,0.125,0.125,0.125,0.125
59,59.0,59.0,0.125,0.125,0.125,0.125,0.125,0.125,0.125,0.125
60,60.0,60.0,0.125,0.125,0.125,0.125,0.125,0.125,0.125,0.125
61,61.0,61.0,0.125,0.125,0.125,0.125,0.125,0.125,0.125,0.125
62,62.0,62.0,0.125,0.125,0.125,0.125,0.125,0.125,0.125,0.125
63,63.0,63.0,0.125,0.125,0.125,0.125,0.125,0.125,0.125,0.125
64,64.0,64.1,0.125,0.125,0.125,0.125,0.125,0.125,0.125,0.125
65,65.0,65.1,0.125,0.125,0.125,0.125,0.125,0.125,0.125,0.125
66,66.0,66.1,0.125,0.125,0.125,0.125,0.125,0.125,0.125,0.125
67,67.0,67.1,0.125,0.125,0.125,0.125,0.125,0.125,0.125,0.125
68,68.0,68.1,0.125,0.125,0.125,0.125,0.125,0.125,0.125,0.125
69,69.0,69.1,0.125,0.125,0.125,0.125,0.125,0.125,0.125,0.125
70,70.0,70.1,0.125,0.125,0.125,0.125,0.125,0.125,0.125,0.125
71,71.0,71.1,0.125,0.125,0.125,0.125,0.125,0.125,0.125,0.125
72,72.0,72.1,0.125,0.125,0.125,0.125,0.125,0.125,0.125,0.125
73,73.0,73.1,0.125,0.125,0.125,0.125,0.125,0.125,0.125,0.125
74,74.0,74.2,0.125,0.125,0.125,0.125,0.125,0.125,0.125,0.125
75,75.0,75.2,0.125,0.125,0.125,0.125,0.125,0.125,0.125,0.125
76,76.0,76.2,0.125,0.125,0.125,0.125,0.125,0.125,0.125,0.125
77,77.0,77.2,0.125,0.125,0.125,0.125,0.125,0.125,0.125,0.125
78,78.0,78.2,0.125,0.125,0.125,0.125,0.125,0.125,0.125,0.125
79,79.0,79.2,0.125,0.125,0.125,0.125,0.125,0.125,0.125,0.125
80,80.0,80.2,0.125,0.125,0.125,0.125,0.125,0.125,0.125,0.125
81,81.0,81.2,0.125,0.125,0.125,0.125,0.125,0.125,0.125,0.125
82,82.0,82.2,0.125,0.125,0.125,0.125,0.125,0.125,0.125,0.125
83,83.0,83.2,0.125,0.125,0.125,0.125,0.125,0.125,0.125,0.125
84,84.0,84.2,0.125,0.125,0.125,0.125,0.125,0.125,0.125,0.125
85,85.0,85.2,0.125,0.125,0.125,0.125,0.125,0.125,0.125,0.125
86,86.0,86.2,0.125,0.125,0.125,0.125,0.125,0.125,0.125,0.125
87,87.0,87.2,0.125,0.125,0.125,0.125,0.125,0.125,0.125,0.125
88,88.0,88.3,0.125,0.125,0.125,0.125,0.125,0.125,0.125,0.125
89,89.0,89.3,0.125,0.125,0.125,0.125,0.125,0.125,0.125,0.125
90,90.0,90.3,0.125,0.125,0.125,0.125,0.125,0.125,0.125,0.125
91,91.0,91.3,0.125,0.125,0.125,0.125,0.125,0.125,0.125,0.125
92,92.0,92.3,0.125,0.125,0.125,0.125,0.125,0.125,0.125,0.125
93,93.0,93.3,0.125,0.125,0.125,0.125,0.125,0.125,0.125,0.125
94,94.0,94.3,0.125,0.125,0.125,0.125,0.125,0.125,0.125,0.125
95,95.0,95.4,0.125,0.125,0.125,0.125,0.125,0.125,0.125,0.125
96,96.0,96.4,0.125,0.125,0.125,0.125,0.125,0.125,0.125,0.125
97,97.0,97.4,0.125,0.125,0.125,0.125,0.125,0.125,0.125,0.125
98,98.0,98.4,0.125,0.125,0.125,0.125,0.125,0.125,0.125,0.125
99,99.0,99.4,0.125,0.125,0.125,0.125,0.125,0.125,0.125,0.125
100,100.0,100.4,0.125,0.125,0.125,0.125,0.125,0.125,0.125,0.125
101,101.0,101.5,0.125,0.125,0.125,0.125,0.125,0.125,0.125,0.125
102,102.0,102.5,0.125,0.125,0.125,0.125,0.125,0.125,0.125,0.125
103,103.0,103.5,0.125,0.125,0.125,0.125,0.125,0.125,0.125,0.125
104,104.0,104.5,0.125,0.125,0.125,0.125,0.125,0.125,0.125,0.125
105,105.0,105.5,0.125,0.125,0.125,0.125,0.125,0.125,0.125,0.125
106,106.0,106.6,0.125,0.125,0.125,0.125,0.125,0.125,0.125,0.125
107,107.0,107.6,0.125,0.125,0.125,0.125,0.125,0.125,0.125,0.125
108,108.0,108.6,0.125,0.125,0.125,0.125,0.125,0.125,0.125,0.125
109,109.0,109.6,0.125,0.125,0.125,0.125,0.125,0.125,0.125,0.125
110,110.0,110.6,0.125,0.125,0.125,0.125,0.125,0.125,0.125,0.125
111,111.0,111.6,0.125,0.125,0.125,0.125,0.125,0.125,0.125,0.125
112,112.0,112.7,0.125,0.125,0.125,0.125,0.125,0.125,0.125,0.125
113,113.0,113.7,0.125,0.125,0.125,0.125,0.125,0.125,0.125,0.125
114,114.0,114.7,0.125,0.125,0.125,0.125,0.125,0.125,0.125,0.125
115,115.0,115.7,0.125,0.125,0.125,0.125,0.125,0.125,0.125,0.125
116,116.0,116.7,0.125,0.125,0.125,0.125,0.125,0.125,0.125,0.125
117,117.0,117.7,0.125,0.125,0.125,0.125,0.125,0.125,0.125,0.125
118,118.0,118.7,0.125,0.125,0.125,0.125,0.125,0.125,0.125,0.125
119,119.0,119.7,0.125,0.125,0.125,0.125,0.125,0.125,0.125,0.125
120,120.0,120.7,0.125,0.125,0.125,0.125,0.125,0.125,0.125,0.125
121,121.0,121.7,0.125,0.125,0.125,0.125,0.125,0.125,0.125,0.125
122,122.0,122.7,0.125,0.125,0.125,0.125,0.125,0.125,0.125,0.125
123,123.0,123.7,0.125,0.125,0.125,0.125,0.125,0.125,0.125,0.125
124,124.0,124.7,0.125,0.125,0.125,0.125,0.125,0.125,0.125,0.125
125,125.0,125.7,0.125,0.125,0.125,0.125,0.125,0.125,0.125,0.125
126,126.0,126.7,0.125,0.125,0.125,0.125,0.125,0.125,0.125,0.125
127,127.0,127.7,0.125,0.125,0.125,0.125,0.125,0.125,0.125,0.125
128,128.0,128.7,0.125,0.125,0.125,0.125,0.125,0.125,0.125,0.125
129,129.0,129.7,0.125,0.125,0.125,0.125,0.125,0.125,0.125,0.125
130,130.0,130.7,0.125,0.125,0.125,0.125,0.125,0.125,0.125,0.125
131,131.0,131.7,0.125,0.125,0.125,0.125,0.125,0.125,0.125,0.125
132,132.0,132.7,0.125,0.125,0.125,0.125,0.125,0.125,0.125,0.125
133,133.0,133.7,0.125,0.125,0.125,0.125,0.125,0.125,0.125,0.125
134,134.0,134.7,0.125,0.125,0.125,0.125,0.125,0.125,0.125,0.125
135,135.0,135.7,0.125,0.125,0.125,0.125,0.125,0.125,0.125,0.125
136,136.0,136.7,0.125,0.125,0.125,0.125,0.125,0.125,0.125,0.125
137,137.0,137.7,0.125,0.125,0.125,0.125,0.125,0.125,0.125,0.125
138,138.0,138.7,0.125,0.125,0.125,0.125,0.125,0.125,0.125,0.125
139,139.0,139.7,0.125,0.125,0.125,0.125,0.125,0.125,0.125,0.125
140,140.0,140.7,0.125,0.125,0.125,0.125,0.125,0.125,0.125,0.125
141,141.0,141.7,0.125,0.125,0.125,0.125,0.125,0.125,0.125,0.125
142,142.0,142.7,0.125,0.125,0.125,0.125,0.125,0.125,0.125,0.125
143,143.0,143.7,0.125,0.125,0.125,0.125,0.125,0.125,0.125,0.125
144,144.0,144.7,0.125,0.125,0.125,0.125,0.125,0.125,0.125,0.125
145,145.0,145.7,0.125,0.125,0.125,0.125,0.125,0.125,0.125,0.125
146,146.0,146.7,0.125,0.125,0.125,0.125,0.125,0.125,0.125,0.125
147,147.0,147.7,0.125,0.125,0.125,0.125,0.125,0.125,0.125,0.125
148,148.0,148.7,0.125,0.125,0.125,0.125,0.125,0.125,0.125,0.125
149,149.0,149.7,0.125,0.125,0.125,0.125,0.125,0.125,0.125,0.125
150,150.0,150.7,0.125,0.125,0.125,0.125,0.125,0.125,0.125,0.125
151,151.0,151.7,0.125,0.125,0.125,0.125,0.125,0.125,0.125,0.125
152,152.0,152.7,0.125,0.125,0.125,0.125,0.125,0.125,0.125,0.125
153,153.0,153.7,0.125,0.125,0.125,0.125,0.125,0.125,0.125,0.125
154,154.0,154.7,0.125,0.125,0.125,0.125,0.125,0.125,0.125,0.125
155,155.0,155.7,0.125,0.125,0.125,0.125,0.125,0.125,0.125,0.125
156,156.0,156.7,0.125,0.125,0.125,0.125,0.125,0.125,0.125,0.125
157,157.0,157.7,0.125,0.125,0.125,0.125,0.125,0.125,0.125,0.125
158,158.0,158.7,0.125,0.125,0.125,0.125,0.125,0.125,0.125,0.125
159,159.0,159.7,0.125,0.125,0.125,0.125,0.125,0.125,0.125,0.125
160,160.0,160.7,0.125,0.125,0.125,0.125,0.125,0.125,0.125,0.125
161,161.0,161.7,0.125,0.125,0.125,0.125,0.125,0.125,0.125,0.125
162,162.0,162.7,0.125,0.125,0.125,0.125,0.125,0.125,0.125,0.125
163,163.0,163.7,0.125,0.125,0.125,0.125,0.125,0.125,0.125,0.125
164,164.0,164.7,0.125,0.125,0.125,0.125,0.125,0.125,0.125,0.125
165,165.0,165.7,0.125,0.125,0.125,0.125,0.125,0.125,0.125,0.125
166,166.0,166.7,0.125,0.125,0.125,0.125,0.125,0.125,0.125,0.125
167,167.0,167.7,0.125,0.125,0.125,0.125,0.125,0.125,0.125,0.125
168,168.0,168.7,0.125,0.125,0.125,0.125,0.125,0.125,0.125,0.125
169,169.0,169.7,0.125,0.125,0.125,0.125,0.125,0.125,0.125,0.125
170,170.0,170.7,0.125,0.125,0.125,0.125,0.125,0.125,0.125,0.125
171,171.0,171.7,0.125,0.125,0.125,0.125,0.125,0.125,0.125,0.125
172,172.0,172.7,0.125,0.125,0.125,0.125,0.125,0.125,0.125,0.125
173,173.0,173.7,0.125,0.125,0.125,0.125,0.125,0.125,0.125,0.125
174,174.0,174.7,0.125,0.125,0.125,0.125,0.125,0.125,0.125,0.125
175,175.0,175.7,0.125,0.125,0.125,0.125,0.125,0.125,0.125,0.125
176,176.0,176.7,0.125,0.125,0.125,0.125,0.125,0.125,0.125,0.125
177,177.0,177.7,0.125,0.125,0.125,0.125,0.125,0.125,0.125,0.125
178,178.0,178.7,0.125,0.125,0.125,0.125,0.125,0.125,0.125,0.125
179,179.0,179.7,0.125,0.125,0.125,0.125,0.125,0.125,0.125,0.125
180,180.0,180.7,0.125,0.125,0.125,0.125,0.125,0.125,0.125,0.125
181,181.0,181.7,0.125,0.125,0.125,0.125,0.125,0.125,0.125,0.125
182,182.0,182.7,0.125,0.125,0.125,0.125,0.125,0.125,0.125,0.125
183,183.0,183.7,0.125,0.125,0.125,0.125,0.125,0.125,0.125,0.125
184,184.0,184.7,0.125,0.125,0.125,0.125,0.125,0.125,0.125,0.125
185,185.0,185.7,0.125,0.125,0.125,0.125,0.125,0.125,0.125,0.125
186,186.0,186.7,0.125,0.125,0.125,0.125,0.125,0.125,0.125,0.125
187,187.0,187.7,0.125,0.125,0.125,0.125,0.125,0.125,0.125,0.125
188,188.0,188.7,0.125,0.125,0.125,0.125,0.125,0.125,0.125,0.125
189,189.0,189.7,0.125,0.125,0.125,0.125,0.125,0.125,0.125,0.125
190,190.0,190.7,0.125,0.125,0.125,0.125,0.125,0.125,0.125,0.125
191,191.0,191.7,0.125,0.125,0.125,0.125,0.125,0.125,0.125,0.125
192,192.0,192.7,0.125,0.125,0.125,0.125,0.125,0.125,0.125,0.125
193,193.0,193.7,0.125,0.125,0.125,0.125,0.125,0.125,0.125,0.125
194,194.0,194.7,0.125,0.125,0.125,0.125,0.125,0.125,0.125,0.125
195,195.0,195.7,0.125,0.125,0.125,0.125,0.125,0.125,0.125,0.125
196,196.0,196.7,0.125,0.125,0.125,0.125,0.125,0.125,0.125,0.125
197,197.0,197.7,0.125,0.125,0.125,0.125,0.125,0.125,0.125,0.125
198,198.0,198.7,0.125,0.125,0.125,0.125,0.125,0.125,0.125,0.125
199,199.0,199.7,0.12222222222222223,0.13333333333333333,0.12222222222222223,0.13333333333333333,0.12222222222222223,0.12222222222222223,0.12222222222222223,0.12222222222222223
200,200.0,200.7,0.1220131729667812,0.13209335624284077,0.12098224513172966,0.13098224513172968,0.12098224513172966,0.12098224513172966,0.13098224513172968,0.12098224513172966
201,201.0,201.7,0.12076530612244898,0.12974489795918367,0.12076530612244898,0.12974489795918367,0.11974489795918367,0.12974489795918367,0.12974489795918367,0.11974489795918367
202,202.0,202.7,0.12937641723356008,0.1283560090702948,0.1304875283446712,0.1283560090702948,0.11835600907029478,0.1283560090702948,0.11835600907029478,0.11835600907029478
203,203.0,203.7,0.12755823541537828,0.12744691816120388,0.1295784374355803,0.12653782725211296,0.11744691816120387,0.13653782725211297,0.11744691816120387,0.11744691816120387
204,204.0,204.7,0.12664914450628736,0.14583075654504224,0.11755823541537827,0.12562873634302205,0.11653782725211297,0.13471964543393114,0.11653782725211297,0.11653782725211297
205,205.0,205.7,0.11755823541537827,0.14583075654504224,0.11755823541537827,0.12562873634302205,0.11653782725211297,0.1438105545248402,0.11653782725211297,0.11653782725211297
206,206.0,206.7,0.11680065965780251,0.1450731807874665,0.11680065965780251,0.13244691816120385,0.11578025149453719,0.14153782725211297,0.11578025149453719,0.11578025149453719
207,207.0,207.7,0.1170770202020202,0.14532828282828283,0.1170770202020202,0.13166035353535352,0.11603535353535352,0.14283459595959597,0.11499368686868686,0.11499368686868686
208,208.0,208.7,0.11643599456099456,0.1446872571872572,0.11643599456099456,0.1297372766122766,0.11539432789432788,0.14860382672882672,0.11435266122766122,0.11435266122766122
209,209.0,209.7,0.11588654401154401,0.14413780663780665,0.11588654401154401,0.12808892496392493,0.11484487734487733,0.15354888167388164,0.11380321067821067,0.11380321067821067
210,210.0,210.7,0.11450026581605528,0.14379319510898458,0.11555289739500266,0.12678096757044127,0.12116693248272195,0.15236310473152576,0.11344763423710791,0.11239500265816053
211,211.0,211.7,0.12033359914938861,0.1433765284423179,0.11513623072833598,0.12553096757044124,0.12033359914938861,0.15027977139819243,0.11303096757044125,0.11197833599149387
212,212.0,212.7,0.11709830503174157,0.13939777027238326,0.11920356818963629,0.13303913750508176,0.11604567345279419,0.1559415361040748,0.11016332051161773,0.10911068893267035
213,213.0,213.7,0.11509803921568626,0.1442156862745098,0.11822303921568626,0.12993872549019608,0.1240563725490196,0.15316176470588233,0.10817401960784312,0.10713235294117647
214,214.0,214.7,0.11201759866708319,0.14055295220243674,0.11511038217223783,0.12757315422263876,0.12098667083203166,0.16281682807456002,0.1165422263875872,0.10440018744142454
215,215.0,215.7,0.10941260132524375,0.15733126161232508,0.11250538483039838,0.1237666683108897,0.1174725825811013,0.16430539798418256,0.11311851559545535,0.1020875877604038
216,216.0,216.7,0.10721961886910339,0.15373477038425493,0.12773664479850047,0.12055295220243671,0.12285535770071851,0.15746329272102463,0.11027960012496094,0.1001577631990003
217,217.0,217.7,0.10734848484848483,0.15386363636363637,0.12789772727272727,0.12068181818181815,0.1208901515151515,0.158655303030303,0.11039772727272726,0.1002651515151515
218,218.0,218.7,0.10721961886910339,0.15373477038425493,0.12773664479850047,0.12055295220243671,0.12079350203061541,0.15952514839112775,0.11027960012496094,0.1001577631990003
219,219.0,219.7,0.10645235716664288,0.15232648304076873,0.12629679843965558,0.11914466485895055,0.12812948955806097,0.15871580800152227,0.10952285809428666,0.09941154084011226
220,220.0,220.7,0.10451401772830342,0.16594980416408986,0.1238090084518656,0.11665687487116057,0.12009224902082043,0.16392032570603995,0.10758451865594723,0.09747320140177282
221,221.0,221.7,0.10403782725211294,0.1654736136878994,0.12333281797567512,0.11594258915687483,0.1198541537827252,0.16677746856318282,0.10734642341785197,0.09723510616367759
222,222.0,222.7,0.10383580705009277,0.165069573283859,0.12403988868274582,0.12574056895485464,0.11965213358070499,0.16657544836116261,0.09805349412492267,0.09703308596165737
223,223.0,223.7,0.10214386129334581,0.17871033605569686,0.12964419601017535,0.11599667514615966,0.11690822064533402,0.16492558129156065,0.0963510286963895,0.09532010086133796
224,224.0,224.7,0.09998768413716866,0.1800506623960232,0.14415468552066485,0.11308292223240672,0.1141110178481312,0.16125425262023196,0.09419485154021234,0.0931639237051608
225,225.0,225.7,0.09910387231815801,0.1859955520669806,0.14247121925693348,0.1121991104133961,0.11325876504447929,0.16134877027734168,0.09332155939298795,0.09230115122972264
226,226.0,226.7,0.09778971028971026,0.18121184371184368,0.14148490398490393,0.11024392274392272,0.11142607392607388,0.1671259296259296,0.0920177045177045,0.09869991119991117
227,227.0,227.7,0.09711904761904759,0.18659523809523806,0.14021428571428568,0.11716666666666664,0.11078571428571427,0.15926190476190474,0.09135714285714285,0.09749999999999999
228,228.0,228.7,0.10330952380952378,0.18516666666666665,0.13045238095238093,0.12502380952380948,0.10935714285714285,0.15878571428571425,0.09088095238095237,0.09702380952380951
229,229.0,229.7,0.10183516483516482,0.18174175824175823,0.13570421245421244,0.13101739926739925,0.10746611721611721,0.15744597069597066,0.08882326007326005,0.0959661172161172
230,230.0,230.7,0.10069071192833567,0.1867244224422442,0.14022454031117396,0.12781176331918903,0.10635136727958508,0.15613330975954737,0.08769860914662893,0.0943652758132956
231,231.0,231.7,0.09892984466513877,0.19733320600967658,0.1365769034886682,0.12619238604532718,0.10399223325693911,0.1572262541380188,0.08654125286478224,0.09320791953144893
232,232.0,232.7,0.09670908022374884,0.19917990362903826,0.1396163078397143,0.12325793882727183,0.10722641055534679,0.1580324569080373,0.08486395100842123,0.09111395100842122
233,233.0,233.7,0.10704922842222611,0.19397905298362964,0.13833802734260398,0.12099894384791407,0.11091327817872436,0.155300783312797,0.08358534295605233,0.08983534295605232
234,234.0,234.7,0.10589210767919206,0.19660289199291756,0.1369177487048331,0.12036813889435372,0.11375770542330643,0.15430233130041313,0.08295453800249195,0.08920453800249195
235,235.0,235.7,0.11098197696023782,0.20487086584912673,0.1361742846525455,0.11254134150873281,0.11236064659977703,0.1523987365291713,0.08221107395020437,0.08846107395020437
236,236.0,236.7,0.10764585546186316,0.19850523604440945,0.13767223494569553,0.11126484632540992,0.11490485912775823,0.1561649818478378,0.08103864018233642,0.09280334606468936
237,237.0,237.7,0.10728000899356396,0.20130661963782165,0.1372223705535726,0.11183253234404127,0.1137682096249871,0.1554612948858473,0.08068212903890652,0.09244683492125946
238,238.0,238.7,0.10073203082793873,0.20873605294960793,0.1351671382042226,0.11175586064972251,0.11796216926012319,0.15448431435004323,0.08002566132361527,0.09113677243472638
239,239.0,239.7,0.09613103434014977,0.21197953902328268,0.13596146965893138,0.10728592396895731,0.11820598205110582,0.15941002167525836,0.07995745908560171,0.09106857019671283
240,240.0,240.7,0.0948205076110399,0.20804794972511348,0.13583296867022993,0.10560451591841269,0.11682816032673812,0.15952399309571189,0.07916370594956533,0.10017819870318852
241,241.0,241.7,0.09421082621082619,0.20980199430199428,0.14006267806267805,0.10495156695156693,0.11585897435897434,0.15682193732193733,0.07872934472934469,0.09956267806267806
242,242.0,242.7,0.0939507174782404,0.21171704696934052,0.14526468281972865,0.10464898455265426,0.1151158550929193,0.15631870932329647,0.07847773073002429,0.09450627303379597
243,243.0,243.7,0.09193179195931488,0.22404244379473734,0.1425314715865174,0.10286815427182397,0.11668301016007436,0.1582301867347739,0.076696900449194,0.08701604104356395
244,244.0,244.7,0.091048749076272,0.22926625701855055,0.14084523190027773,0.1022015616052313,0.11466066213772634,0.15943253993712708,0.07618415393644748,0.0863608443883673
245,245.0,245.7,0.08968686619264997,0.22800338945133514,0.13874801349871152,0.10103730718010731,0.11660171625269349,0.16555359279731038,0.07516234965377364,0.08520676497341832
246,246.0,246.7,0.08855409596788905,0.22840403211092863,0.14405263638022253,0.10012817004196313,0.11847564313081553,0.16271255245393174,0.0743345192483123,0.08333835066593684
247,247.0,247.7,0.0874643484832507,0.230156112692889,0.14304057260360642,0.09360706000210903,0.12052603782206754,0.1635603096769658,0.07354308587296564,0.08810247284614571
248,248.0,248.7,0.08638166892718054,0.23269241375526567,0.1490287354940593,0.09267822659988498,0.11772920994204865,0.1624015912172705,0.0726142524707416,0.0864739015935486
249,249.0,249.7,0.08539928648020205,0.23498364740223687,0.1542383540892077,0.09183829429535666,0.11886764166172477,0.15789832928723235,0.07177432016621328,0.08500012661782617
250,250.0,250.7,0.08382410091055963,0.2377803456891728,0.156522121302941,0.09223024624331047,0.11684926687170312,0.1571712371392998,0.07124884092150655,0.08437384092150654
251,251.0,251.7,0.08339969568644705,0.23840693688243597,0.15527883187592803,0.09187061174356999,0.11861216520926139,0.15659718784945645,0.07185667931584445,0.08397789143705657
252,252.0,252.7,0.08305463770981011,0.2401671420636938,0.15482730379282103,0.09146822370960299,0.11827529724081447,0.15707113069182035,0.07150343133101753,0.08363283346041964
253,253.0,253.7,0.08265518851218648,0.2411045912617921,0.15388933159470683,0.09434580153900637,0.11773145465082584,0.1558035513055797,0.07121088090408575,0.08325920023181685
254,254.0,254.7,0.08542784596226327,0.24255620416501786,0.15311360194800944,0.09378512565574985,0.11738583253101016,0.153952552841678,0.07086525878427008,0.08291357811200119
255,255.0,255.7,0.08401431549631345,0.24619854551015813,0.15149845857883384,0.09237159518980004,0.12323273849769792,0.15132934495637335,0.06965334122154607,0.08170166054927716
256,256.0,256.7,0.08364619097377717,0.24414974871871425,0.15085690650345823,0.09200347066726375,0.12288594068766481,0.15554423545802856,0.06947461063840372,0.08143889635268944
257,257.0,257.7,0.08433299599881747,0.2502586316658325,0.14128609332970385,0.09269027569230405,0.12484226867340456,0.16402547643926954,0.07033966878287362,0.07222458941779425
258,258.0,258.7,0.08607370389042052,0.25621735486240726,0.14119635733203945,0.0817325708854944,0.12410450114535569,0.1648406789936025,0.07066114231406584,0.07517369057661408
259,259.0,259.7,0.08482574971912536,0.2643748379569614,0.1397185492466799,0.0813774738570564,0.12211545386454639,0.16496665514360612,0.06957191830150085,0.0730493619105234
260,260.0,260.7,0.08374558336299255,0.26878237827391016,0.14061197570543005,0.07982533109974363,0.1200085953656292,0.1672173717108108,0.0682252354288515,0.07158352905263185
261,261.0,261.7,0.08346330644878737,0.28197856010015715,0.13517244299004733,0.0794887147972447,0.11948085497994751,0.16128458961943531,0.06794295851464631,0.07118857254973406
262,262.0,262.7,0.08634280702950745,0.27309702699911187,0.13899096796101132,0.08503488204463147,0.11978457158854217,0.15998116337088714,0.06682245909536641,0.06994612191094193
263,263.0,263.7,0.07916795421225867,0.268456029812921,0.14677763738935937,0.08468054204789549,0.12462057129613442,0.1615310015299339,0.06631796894848027,0.06844829476301661
264,264.0,264.7,0.08108948862175273,0.2679406128568543,0.1513825979628022,0.08384597939923301,0.12383869572639498,0.1576166914662039,0.06568695080542179,0.06859898316133688
265,265.0,265.7,0.08075213947779405,0.26871515506346505,0.1507790234302191,0.0835797540106086,0.12355615548057446,0.15868550257173475,0.06556297292746596,0.0683692970381379
266,266.0,266.7,0.07857893686341497,0.26997332499810556,0.14787052669819295,0.08098988472956285,0.12096628619952872,0.1617936298806293,0.06338977031308687,0.07643764031747861
267,267.0,267.7,0.07640602225234443,0.2685515801767003,0.15509651243584197,0.0785392994390005,0.1222868708795366,0.16357978651322302,0.06222137480998373,0.07331855349336931
268,268.0,268.7,0.07570577798692454,0.26498632700111296,0.1545777563736889,0.07482910206487658,0.12683012100568414,0.16891673957356673,0.06151376243374747,0.07264041356039858
269,269.0,269.7,0.07146901085542057,0.26783308063734024,0.15331594800661738,0.07443099140360801,0.12649948672768144,0.17295857493119154,0.06118312815574476,0.07230977928239588
270,270.0,270.7,0.0699875293739391,0.26811289341715305,0.15202066921133855,0.0747871167597334,0.12593273866093338,0.17653509100770762,0.06074865522127183,0.07187530634792295
271,271.0,271.7,0.0697436269349147,0.2680519178073969,0.15159383994304587,0.07466516554022118,0.12587176305117725,0.17757167637356128,0.060687679611515735,0.07181433073816684
272,272.0,272.7,0.06962047422555509,0.2608269588583001,0.156232591995591,0.07454201283086156,0.12907373349452703,0.17744852366420166,0.06056452690215612,0.07169117802880723
273,273.0,273.7,0.06956996917505004,0.2616350396663809,0.15613158189458093,0.07449150778035654,0.12887171329250682,0.17724650346218146,0.06051402185165107,0.07153966287729209
274,274.0,274.7,0.06956996917505004,0.2616350396663809,0.15613158189458093,0.07449150778035654,0.12887171329250682,0.17724650346218146,0.06051402185165107,0.07153966287729209
275,275.0,275.7,0.06952870775447828,0.2594098701998321,0.15619347402543857,0.07451655935713224,0.1310644630714635,0.17817783266937276,0.059625427687194844,0.07148366523508756
276,276.0,276.7,0.0696989290853388,0.25939716470142427,0.15479816948883882,0.0744985164711331,0.14106649379468847,0.17944967642229304,0.0596053540779707,0.06148569595831256
277,277.0,277.7,0.06938259437049231,0.2545018520539414,0.15425123514074696,0.07423894392755889,0.14094757236427471,0.18499886702315788,0.06031216059192892,0.06136677452789878
278,278.0,278.7,0.06904277945160578,0.25551904886185417,0.15379527620327743,0.07401527302725541,0.14045939282810146,0.1858204922901018,0.060146561700916965,0.06120117563688683
279,279.0,279.7,0.0687204890575787,0.2620272979479352,0.1486003390761385,0.06909562667599851,0.14000079603604632,0.19136752637005036,0.05999038426370053,0.060197540572551736
280,280.0,280.7,0.06821387032167044,0.26188475676524503,0.1479385887715133,0.06851779301344162,0.13849460651850756,0.19586519411000924,0.059469522542462516,0.05961566795715014
281,281.0,281.7,0.06786204007649524,0.2632996276501055,0.1471076046244275,0.06816596276826642,0.13773663618715745,0.19753910562230567,0.05911769229728732,0.05917133077395459
282,282.0,282.7,0.06728689947092116,0.26636576718480703,0.14598783884391592,0.06752079415148785,0.1365162066709463,0.19926540149897692,0.05852854608947235,0.05852854608947235
283,283.0,283.7,0.06681028994669966,0.2669720897763494,0.14920986890053825,0.06714989287250947,0.13594605867425338,0.19749080196341856,0.05821049893311555,0.05821049893311555
284,284.0,284.7,0.06573092486733459,0.27259907390333354,0.1532971704878398,0.06690386112647774,0.13546193169012638,0.19007810355072016,0.05796446718708381,0.05796446718708381
285,285.0,285.7,0.06598585420343275,0.27390253384965063,0.15195067203095175,0.06625658660582659,0.13406833507575056,0.19314203881595415,0.05737228908516543,0.05732169033326797
286,286.0,286.7,0.06580617262312591,0.27260155435835925,0.15244145985775476,0.0660091635270778,0.13356638154953743,0.19531551032954195,0.05717905920517021,0.0570806985494325
287,287.0,287.7,0.06563284054292313,0.27393715722922174,0.1529286322032327,0.06576919143621263,0.13308630126284604,0.19480455110284922,0.05699239912283496,0.05684892709987943
288,288.0,288.7,0.06542628783637043,0.27199983529189975,0.15585598263058312,0.06556263872965992,0.13268744086398565,0.19253959383789196,0.05678584641628226,0.05914237439332672
289,289.0,289.7,0.06536531222661433,0.27029251821872907,0.15579500702082702,0.06550166311990382,0.13244353842496126,0.19241764261837974,0.05672487080652616,0.06145944756405843
290,290.0,290.7,0.0650907900008726,0.26606909936116385,0.1555204847950853,0.0652271408941621,0.13610735428389906,0.1920850483833465,0.056450348580784425,0.06344973370068605
291,291.0,291.7,0.0650907900008726,0.26606909936116385,0.1555204847950853,0.0652271408941621,0.13610735428389906,0.1920850483833465,0.056450348580784425,0.06344973370068605
292,292.0,292.7,0.06503901286108008,0.2704070687607592,0.15545639859133056,0.0650040903373457,0.13293629005415153,0.19167117961199864,0.056226896038771054,0.06325906374456305
293,293.0,293.7,0.0645754341236829,0.26854521318142427,0.15410960691505649,0.06538170371615938,0.13485901633456726,0.19381276002874784,0.05590897644343211,0.0628072892569296
294,294.0,294.7,0.0639527556058996,0.2708532660713188,0.15344951982883015,0.06479019402954492,0.13369851075226327,0.19563402790583317,0.055425114664465557,0.06219661114184438
295,295.0,295.7,0.06352044178086724,0.269539046004723,0.15307345238616898,0.06428913879718848,0.13251405804146535,0.20052744554730623,0.0549803024017379,0.06155611504054267
296,296.0,296.7,0.06345892603283575,0.26947137868188836,0.1536701551420745,0.06415995572632235,0.13246484544304016,0.20035520145281804,0.054906483504100115,0.06151305401692062
297,297.0,297.7,0.06315681812361207,0.26815801204417256,0.15391944244125436,0.06388784795753233,0.13217484993691725,0.20273672405615564,0.054737190728007534,0.06122911471234811
298,298.0,298.7,0.06322550718333753,0.26683909703359276,0.15801112000672696,0.06395653701725777,0.13210477858961217,0.19989803701669667,0.05480587978773298,0.06115904336504304
299,299.0,299.7,0.0631105646546019,0.26672415450485715,0.1572065223055775,0.06384159448852214,0.13198983606087653,0.20139228989025987,0.05469093725899735,0.0610441008363074
300,300.0,300.7,0.06281802389684077,0.26657037415412654,0.15617631331947343,0.06364156066878136,0.13183605571014592,0.20353019485678825,0.05453715690826675,0.0608903204855768
301,301.0,301.7,0.06264071893230175,0.2665260479129918,0.15591035587266494,0.06355290818651185,0.13179172946901116,0.20423941471494428,0.054492830667131995,0.06084599424444205
302,302.0,302.7,0.06260047449619274,0.2643642001039651,0.15539850916098702,0.06279803196745709,0.1338670322042695,0.20571947222932288,0.053683448634123755,0.06156883120368186
303,303.0,303.7,0.06255614825505798,0.2630344128699225,0.15743751625318564,0.06275370572632234,0.1336454009985957,0.20554216726478386,0.053639122392989,0.06139152623914286
304,304.0,304.7,0.06056327663832618,0.26384404523350624,0.15974609926085676,0.06279984120178914,0.13347714220571685,0.20466287937941696,0.05364093162732103,0.06126578445306672
305,305.0,305.7,0.06029478461869435,0.2644397159002255,0.16172160716227652,0.06257567542329204,0.1331340373622321,0.2034095915072081,0.05346109208995871,0.060963495936112555
306,306.0,306.7,0.062058361349598114,0.2642414541166538,0.1612923709857763,0.06228039081896405,0.13295394418331144,0.2031272454821173,0.05326283030638691,0.06078340275719193
307,307.0,307.7,0.06171514766759513,0.26285362333712825,0.16083426965701447,0.06195917949783385,0.13452304458142797,0.20457663751151828,0.05303610257475692,0.060501995172725
308,308.0,308.7,0.061577062682181896,0.26270966636111026,0.15999970134153013,0.06176237460637246,0.13439670357722439,0.2062866916643205,0.05289214559873886,0.0603756541685214
309,309.0,309.7,0.06144415739660486,0.262570978054483,0.15920247802522286,0.061571639110293466,0.13427536433374773,0.20446733240221318,0.05545615999481433,0.06101189068262051
310,310.0,310.7,0.0616074227027273,0.26449858683384375,0.1594881923109371,0.06165327176335469,0.13431618066027834,0.20173263852466214,0.05549697632134495,0.061206730882851536
311,311.0,311.7,0.06137942026162829,0.2597480121321037,0.16188873628528797,0.061425269322255685,0.13717616845478334,0.2003264945680187,0.055268973880245945,0.06278692509567615
312,312.0,312.7,0.06130804283730969,0.2593196714096453,0.16174598143665078,0.06135389189793707,0.13681928133319032,0.20172448655424602,0.05519759645592733,0.06253104807509324
313,313.0,313.7,0.06106200140705773,0.2614973174030808,0.160898482431257,0.06110785046768512,0.13587356920326765,0.20242780870493662,0.05488043127034111,0.06225253911237376
314,314.0,314.7,0.06258564063044161,0.26237203475027654,0.16034526743117014,0.06082632989130003,0.13483331326011772,0.2026031346820075,0.054639727020486625,0.06179455233419974
315,315.0,315.7,0.06230562517598397,0.26368749886695764,0.1607051806754647,0.0606247458093914,0.13417833402704515,0.20242828856801326,0.054477358624852514,0.0615929682522911
316,316.0,316.7,0.06212080144529166,0.2656506787026164,0.1605203569447724,0.060474862679677444,0.13342891837847531,0.20217358363536428,0.054327475495138555,0.06130332271866379
317,317.0,317.7,0.0671746926661658,0.26438150371427627,0.14204483640094068,0.0655624239342216,0.1280051679072865,0.20716013478889841,0.059415036749682716,0.06625620383852784
318,318.0,318.7,0.06720965976305242,0.26503988094076497,0.14743850774507644,0.06549446660775035,0.12780400993213473,0.20153331372554484,0.0593591282618857,0.06612103302379044
319,319.0,319.7,0.06673549908227676,0.2623940558544814,0.15054894860793605,0.06819895519500871,0.12680918717007522,0.20074581679347198,0.05896085553493804,0.06560668176181172
320,320.0,320.7,0.06658466951968249,0.2623563484638328,0.15213265901517586,0.06812354041371158,0.12677147977942665,0.1995768876833664,0.05892314814428947,0.06553126698051459
321,321.0,321.7,0.06527314136782768,0.26003703469563144,0.15308723142004396,0.06682930204259346,0.13557986087026336,0.1971806484313119,0.05771494548719917,0.06429783568512891
322,322.0,322.7,0.06416982182388661,0.25812399942244074,0.1515922688457251,0.07483230656058133,0.13368316546635378,0.1957657409398228,0.056711001123099423,0.06512169581809005
323,323.0,323.7,0.06654557314983114,0.25803129117494505,0.15357142421796763,0.07465762428628549,0.13360655854990142,0.1919968540215155,0.056618292875603715,0.06497238172394985
324,324.0,324.7,0.06636280975856253,0.2597263553406534,0.15298081943504296,0.07448690269855343,0.1335317764083151,0.19155631841198595,0.05652764275559784,0.0648273751912886
325,325.0,325.7,0.0682111806858808,0.2590371322830093,0.15304347607664698,0.07451823101935542,0.13371974633312714,0.19171296001599597,0.05655897107639983,0.06319830250958434
326,326.0,326.7,0.0681837820092886,0.2602645210700054,0.15243915432313165,0.07142993490686576,0.13415967602708906,0.191256352866717,0.05653157239980762,0.06573500639709469
327,327.0,327.7,0.06612317784517155,0.26304599850642785,0.15462796262722214,0.07116388843094146,0.13355296239344633,0.18976921115669365,0.05625146930067709,0.0654653297394197
328,328.0,328.7,0.06591443677241118,0.262939786483565,0.1549844836305152,0.07093508821752367,0.13285039765098194,0.19110781867122886,0.05606891780257277,0.06519907077120123
329,329.0,329.7,0.06571415558364391,0.26281083889340795,0.15635636468889186,0.07071439650133735,0.13218274980010367,0.19138431637025335,0.055893818791553626,0.06494335937080807
330,330.0,330.7,0.06565160168604076,0.2597469955368194,0.15707871854504388,0.0705661851551628,0.1344369000133572,0.1919666215030877,0.0557580904673017,0.06479488709318634
331,331.0,331.7,0.06556431769631774,0.26072788456648893,0.15734145039314157,0.07048286062061876,0.13398921761445529,0.19210027511235106,0.053268209074981296,0.06652578492164515
332,332.0,332.7,0.06620553770448227,0.2632996223788524,0.15375428935112184,0.07078885928630244,0.1304961260422933,0.19126397106039902,0.05360553606146697,0.07058605811508148
333,333.0,333.7,0.06595083418560577,0.26793631207398744,0.15307320949412148,0.07064738323307887,0.1292481678831721,0.19104261969059647,0.05346406000824341,0.06863741343119423
334,334.0,334.7,0.06581448904926063,0.2672067638444392,0.1541883906093026,0.07314331322900886,0.12812179425679843,0.18962829327627,0.053395887440070844,0.06850106829484909
335,335.0,335.7,0.06772551661818292,0.26723809216524125,0.15459565877972864,0.07320596987061287,0.12815312257760042,0.1870280426497036,0.05342721576087285,0.06862638157805712
336,336.0,336.7,0.06936198651882583,0.2661860758005422,0.15450799074933708,0.07317674719381566,0.1279777865168173,0.18685270658892045,0.05339799308407565,0.06853871354766553
337,337.0,337.7,0.07247921119946371,0.26609687705850893,0.1536843287304676,0.07123963161117115,0.1266999206071571,0.1883457766398514,0.053246591787145414,0.06820766236623446
338,338.0,338.7,0.07203761970070345,0.26364156814675715,0.1532545705284771,0.07115323845309016,0.13128717149658586,0.18498918876420728,0.05572430119316699,0.06791234171701181
339,339.0,339.7,0.07134687890650669,0.26609120030393996,0.15461778382031685,0.07085318836658863,0.1299502438360084,0.18435707782156052,0.055424251106665455,0.0673593758384133
340,340.0,340.7,0.07110231936281486,0.26756035693829167,0.15580703571211318,0.07072551953008557,0.1292865428500133,0.18310492676937176,0.055296582270162396,0.06711671656714706
341,341.0,341.7,0.07093463538847312,0.2664744668911759,0.1579227759772498,0.07067082990602633,0.1291260890799995,0.18362966930538088,0.0568547958719096,0.06438673757978476
342,342.0,342.7,0.070926834790276,0.26834602890316583,0.1578247994094672,0.07029940846988224,0.12851035034571887,0.1833958582475284,0.05625205953908617,0.0644446602948752
343,343.0,343.7,0.07080488357076381,0.26816310207389754,0.15709309209239403,0.07017745725037003,0.12844937473596277,0.18479829727191863,0.05613010831957397,0.0643836846851191
344,344.0,344.7,0.07063584629078226,0.26794128211076434,0.1585603179901143,0.06996081603512985,0.1283542774436923,0.18430838034935546,0.055961071039592435,0.06427800874056894
345,345.0,345.7,0.07052510431957518,0.26777516915395366,0.15784049517726823,0.06985007406392277,0.12829890645808875,0.18563728400384052,0.05585032906838534,0.06422263775496538
346,346.0,346.7,0.07316813014337938,0.2650921521911316,0.15405665027647042,0.06971267644228293,0.13091281045475672,0.18704652681523076,0.055759850433295385,0.06425120324345257
347,347.0,347.7,0.0726220612966681,0.2640494386778057,0.1569488197978661,0.06953241812608965,0.13261907287589064,0.1848656109496623,0.05555399047859727,0.06380858779741996
348,348.0,348.7,0.07620295956506636,0.2759194783603454,0.15721532412687048,0.06123110138727293,0.12315208153389931,0.18548159219064358,0.05634358283068963,0.06445388000521216
349,349.0,349.7,0.07493736241711627,0.27265744627478394,0.15577147385949078,0.07226496947996455,0.12117347190823084,0.18448337472183785,0.055345365361883926,0.06336653597669167
350,350.0,350.7,0.07410767127492511,0.2709856805405182,0.1549417827172996,0.07905911283660791,0.12027166538142434,0.18353349127195437,0.05456375114276969,0.06253684483450052
351,351.0,351.7,0.0733967155639694,0.27733766189249953,0.1542308270063439,0.07711272589022096,0.11949077960053855,0.18270598544444855,0.053899415478434035,0.06182588912354481
352,352.0,352.7,0.07383531205519747,0.2774253811907451,0.1554588971817825,0.07720044518846658,0.1188590744383525,0.18105698885224863,0.05398713477667966,0.062176766316527264
353,353.0,353.7,0.07363926432183632,0.2788881721311481,0.1553269520125239,0.07711372842264534,0.11827467127932248,0.18081197267439664,0.05390041801085841,0.06204482114726867
354,354.0,354.7,0.07357341708742017,0.279436899084616,0.15526110477810776,0.07709177934450663,0.11814297681049017,0.1806363800492869,0.05387846893271969,0.06197897391285252
355,355.0,355.7,0.07357341708742017,0.279436899084616,0.15526110477810776,0.07709177934450663,0.11814297681049017,0.1806363800492869,0.05387846893271969,0.06197897391285252
