,Unnamed: 0,Total_iterations,Intertwine_two,Add_vertex,Delete_vertex,Invert_path_vertices,Insert_inside_vertex,Delete_inside_vertex,Replace_inside_vertex,Donate_between_routes
0,0.0,0.0,0.125,0.125,0.125,0.125,0.125,0.125,0.125,0.125
1,1.0,0.10900000000000001,0.125,0.125,0.125,0.125,0.125,0.125,0.125,0.125
2,2.0,0.31601,0.125,0.125,0.125,0.125,0.125,0.125,0.125,0.125
3,3.0,0.6191589000000001,0.125,0.125,0.125,0.125,0.125,0.125,0.125,0.125
4,4.0,1.015801321,0.125,0.125,0.125,0.125,0.125,0.125,0.125,0.125
5,5.0,1.50262148669,0.125,0.125,0.125,0.125,0.125,0.125,0.125,0.125
6,6.0,2.0757334209441005,0.125,0.125,0.125,0.125,0.125,0.125,0.125,0.125
7,7.0,2.7307768275633495,0.125,0.125,0.125,0.125,0.125,0.125,0.125,0.125
8,8.0,3.4630081252450404,0.125,0.125,0.125,0.125,0.125,0.125,0.125,0.125
9,9.0,4.2673862119061114,0.125,0.125,0.125,0.125,0.125,0.125,0.125,0.125
10,10.0,5.138652627782014,0.125,0.125,0.125,0.125,0.125,0.125,0.125,0.125
11,11.0,6.071405875792507,0.125,0.125,0.125,0.125,0.125,0.125,0.125,0.125
12,12.0,7.060169740244025,0.125,0.125,0.125,0.125,0.125,0.125,0.125,0.125
13,13.0,8.099455520847952,0.125,0.125,0.125,0.125,0.125,0.125,0.125,0.125
14,14.0,9.183818168183006,0.125,0.125,0.125,0.125,0.125,0.125,0.125,0.125
15,15.0,10.307906369102724,0.125,0.125,0.125,0.125,0.125,0.125,0.125,0.125
16,16.0,11.466506686239443,0.125,0.125,0.125,0.125,0.125,0.125,0.125,0.125
17,17.0,12.654581904800096,0.125,0.125,0.125,0.125,0.125,0.125,0.125,0.125
18,18.0,13.867303782456686,0.125,0.125,0.125,0.125,0.125,0.125,0.125,0.125
19,19.0,15.100080434523047,0.125,0.125,0.125,0.125,0.125,0.125,0.125,0.125
20,20.0,16.348578617037543,0.125,0.125,0.125,0.125,0.125,0.125,0.125,0.125
21,21.0,17.608741195130214,0.125,0.125,0.125,0.125,0.125,0.125,0.125,0.125
22,22.0,18.876800103462312,0.125,0.125,0.125,0.125,0.125,0.125,0.125,0.125
23,23.0,20.14928511992658,0.125,0.125,0.125,0.125,0.125,0.125,0.125,0.125
24,24.0,21.423028783545156,0.125,0.125,0.125,0.125,0.125,0.125,0.125,0.125
25,25.0,22.695167792966423,0.125,0.125,0.125,0.125,0.125,0.125,0.125,0.125
26,26.0,23.963141223515898,0.125,0.125,0.125,0.125,0.125,0.125,0.125,0.125
27,27.0,25.224685898775267,0.125,0.125,0.125,0.125,0.125,0.125,0.125,0.125
28,28.0,26.477829247520948,0.125,0.125,0.125,0.125,0.125,0.125,0.125,0.125
29,29.0,27.720879968916847,0.125,0.125,0.125,0.125,0.125,0.125,0.125,0.125
30,30.0,28.95241681848399,0.125,0.125,0.125,0.125,0.125,0.125,0.125,0.125
31,31.0,30.17127581490958,0.125,0.125,0.125,0.125,0.125,0.125,0.125,0.125
32,32.0,31.376536153543515,0.125,0.125,0.125,0.125,0.125,0.125,0.125,0.125
33,33.0,32.567505096778625,0.125,0.125,0.125,0.125,0.125,0.125,0.125,0.125
34,34.0,33.74370209472243,0.125,0.125,0.125,0.125,0.125,0.125,0.125,0.125
35,35.0,34.90484237192463,0.125,0.125,0.125,0.125,0.125,0.125,0.125,0.125
36,36.0,36.05082019768737,0.125,0.125,0.125,0.125,0.125,0.125,0.125,0.125
37,37.0,37.18169203889697,0.125,0.125,0.125,0.125,0.125,0.125,0.125,0.125
38,38.0,38.29765977559663,0.125,0.125,0.125,0.125,0.125,0.125,0.125,0.125
39,39.0,39.399054140870355,0.125,0.125,0.125,0.125,0.125,0.125,0.125,0.125
40,40.0,40.48631852820801,0.125,0.125,0.125,0.125,0.125,0.125,0.125,0.125
41,41.0,41.55999329152982,0.125,0.125,0.125,0.125,0.125,0.125,0.125,0.125
42,42.0,42.62070064560415,0.125,0.125,0.125,0.125,0.125,0.125,0.125,0.125
43,43.0,43.669130257815,0.125,0.125,0.125,0.125,0.125,0.125,0.125,0.125
44,44.0,44.70602560622662,0.125,0.125,0.125,0.125,0.125,0.125,0.125,0.125
45,45.0,45.73217116373481,0.125,0.125,0.125,0.125,0.125,0.125,0.125,0.125
46,46.0,46.748380453854836,0.125,0.125,0.125,0.125,0.125,0.125,0.125,0.125
47,47.0,47.755485010424316,0.125,0.125,0.125,0.125,0.125,0.125,0.125,0.125
48,48.0,48.7543242612326,0.125,0.125,0.125,0.125,0.125,0.125,0.125,0.125
49,49.0,49.745736344347726,0.125,0.125,0.125,0.125,0.125,0.125,0.125,0.125
50,50.0,50.730549855707864,0.125,0.125,0.125,0.125,0.125,0.125,0.125,0.125
51,51.0,51.70957651737491,0.125,0.125,0.125,0.125,0.125,0.125,0.125,0.125
52,52.0,52.68360474770151,0.125,0.125,0.125,0.125,0.125,0.125,0.125,0.125
53,53.0,53.65339410751842,0.125,0.125,0.125,0.125,0.125,0.125,0.125,0.125
54,54.0,54.61967059027847,0.125,0.125,0.125,0.125,0.125,0.125,0.125,0.125
55,55.0,55.58312271885972,0.125,0.125,0.125,0.125,0.125,0.125,0.125,0.125
56,56.0,56.544398407394254,0.125,0.125,0.125,0.125,0.125,0.125,0.125,0.125
57,57.0,57.504102543001395,0.125,0.125,0.125,0.125,0.125,0.125,0.125,0.125
58,58.0,58.462795239617805,0.125,0.125,0.125,0.125,0.125,0.125,0.125,0.125
59,59.0,59.42099071417639,0.125,0.125,0.125,0.125,0.125,0.125,0.125,0.125
60,60.0,60.379156734137354,0.125,0.125,0.125,0.125,0.125,0.125,0.125,0.125
61,61.0,61.337714584760846,0.125,0.125,0.125,0.125,0.125,0.125,0.125,0.125
62,62.0,62.29703950447439,0.125,0.125,0.125,0.125,0.125,0.125,0.125,0.125
63,63.0,63.257461537171835,0.125,0.125,0.125,0.125,0.125,0.125,0.125,0.125
64,64.0,64.22926675122783,0.125,0.125,0.125,0.125,0.125,0.125,0.125,0.125
65,65.0,65.20259877636593,0.125,0.125,0.125,0.125,0.125,0.125,0.125,0.125
66,66.0,66.17757161122657,0.125,0.125,0.125,0.125,0.125,0.125,0.125,0.125
67,67.0,67.15427144648888,0.125,0.125,0.125,0.125,0.125,0.125,0.125,0.125
68,68.0,68.13275858376005,0.125,0.125,0.125,0.125,0.125,0.125,0.125,0.125
69,69.0,69.11306942146652,0.125,0.125,0.125,0.125,0.125,0.125,0.125,0.125
70,70.0,70.09521848118769,0.125,0.125,0.125,0.125,0.125,0.125,0.125,0.125
71,71.0,71.07920045012486,0.125,0.125,0.125,0.125,0.125,0.125,0.125,0.125
72,72.0,72.06499221766705,0.125,0.125,0.125,0.125,0.125,0.125,0.125,0.125
73,73.0,73.05255488627837,0.125,0.125,0.125,0.125,0.125,0.125,0.125,0.125
74,74.0,74.05183573916577,0.125,0.125,0.125,0.125,0.125,0.125,0.125,0.125
75,75.0,75.05267014937276,0.125,0.125,0.125,0.125,0.125,0.125,0.125,0.125
76,76.0,76.05489441706533,0.125,0.125,0.125,0.125,0.125,0.125,0.125,0.125
77,77.0,77.05834731381799,0.125,0.125,0.125,0.125,0.125,0.125,0.125,0.125
78,78.0,78.0628714477572,0.125,0.125,0.125,0.125,0.125,0.125,0.125,0.125
79,79.0,79.06831445382493,0.125,0.125,0.125,0.125,0.125,0.125,0.125,0.125
80,80.0,80.07453001474762,0.125,0.125,0.125,0.125,0.125,0.125,0.125,0.125
81,81.0,81.08137871943057,0.125,0.125,0.125,0.125,0.125,0.125,0.125,0.125
82,82.0,82.08872876645093,0.125,0.125,0.125,0.125,0.125,0.125,0.125,0.125
83,83.0,83.09645652110473,0.125,0.125,0.125,0.125,0.125,0.125,0.125,0.125
84,84.0,84.10444693508211,0.125,0.125,0.125,0.125,0.125,0.125,0.125,0.125
85,85.0,85.11259383831093,0.125,0.125,0.125,0.125,0.125,0.125,0.125,0.125
86,86.0,86.12080011283376,0.125,0.125,0.125,0.125,0.125,0.125,0.125,0.125
87,87.0,87.12897775877597,0.125,0.125,0.125,0.125,0.125,0.125,0.125,0.125
88,88.0,88.1470478625362,0.125,0.125,0.125,0.125,0.125,0.125,0.125,0.125
89,89.0,89.16484047729506,0.125,0.125,0.125,0.125,0.125,0.125,0.125,0.125
90,90.0,90.18220542580507,0.125,0.125,0.125,0.125,0.125,0.125,0.125,0.125
91,91.0,91.19901182520601,0.125,0.125,0.125,0.125,0.125,0.125,0.125,0.125
92,92.0,92.21514746641482,0.125,0.125,0.125,0.125,0.125,0.125,0.125,0.125
93,93.0,93.23051806883859,0.125,0.125,0.125,0.125,0.125,0.125,0.125,0.125
94,94.0,94.2450464303316,0.125,0.125,0.125,0.125,0.125,0.125,0.125,0.125
95,95.0,95.268671491372,0.125,0.125,0.125,0.125,0.125,0.125,0.125,0.125
96,96.0,96.29124733139463,0.125,0.125,0.125,0.125,0.125,0.125,0.125,0.125
97,97.0,97.31265311410107,0.125,0.125,0.125,0.125,0.125,0.125,0.125,0.125
98,98.0,98.33279178739583,0.125,0.125,0.125,0.125,0.125,0.125,0.125,0.125
99,99.0,99.35158867548716,0.125,0.125,0.125,0.125,0.125,0.125,0.125,0.125
100,100.0,100.3689899880145,0.125,0.125,0.125,0.125,0.125,0.125,0.125,0.125
101,101.0,101.39496126940897,0.125,0.125,0.125,0.125,0.125,0.125,0.125,0.125
102,102.0,102.4193858099699,0.125,0.125,0.125,0.125,0.125,0.125,0.125,0.125
103,103.0,103.44217403837501,0.125,0.125,0.125,0.125,0.125,0.125,0.125,0.125
104,104.0,104.46326170355589,0.125,0.125,0.125,0.125,0.125,0.125,0.125,0.125
105,105.0,105.48260798518311,0.125,0.125,0.125,0.125,0.125,0.125,0.125,0.125
106,106.0,106.51019355879576,0.125,0.125,0.125,0.125,0.125,0.125,0.125,0.125
107,107.0,107.53591863945921,0.125,0.125,0.125,0.125,0.125,0.125,0.125,0.125
108,108.0,108.55971202566171,0.125,0.125,0.125,0.125,0.125,0.125,0.125,0.125
109,109.0,109.58152895298736,0.125,0.125,0.125,0.125,0.125,0.125,0.125,0.125
110,110.0,110.60134889805056,0.125,0.125,0.125,0.125,0.125,0.125,0.125,0.125
111,111.0,111.61917335962694,0.125,0.125,0.125,0.125,0.125,0.125,0.125,0.125
112,112.0,112.64502364144941,0.125,0.125,0.125,0.125,0.125,0.125,0.125,0.125
113,113.0,113.66883865867514,0.125,0.125,0.125,0.125,0.125,0.125,0.125,0.125
114,114.0,114.69058378759155,0.125,0.125,0.125,0.125,0.125,0.125,0.125,0.125
115,115.0,115.71024856574039,0.125,0.125,0.125,0.125,0.125,0.125,0.125,0.125
116,116.0,116.72784438041695,0.125,0.125,0.125,0.125,0.125,0.125,0.125,0.125
117,117.0,117.74340216982169,0.125,0.125,0.125,0.125,0.125,0.125,0.125,0.125
118,118.0,118.75697015858773,0.125,0.125,0.125,0.125,0.125,0.125,0.125,0.125
119,119.0,119.76861164689129,0.125,0.125,0.125,0.125,0.125,0.125,0.125,0.125
120,120.0,120.77840286989559,0.125,0.125,0.125,0.125,0.125,0.125,0.125,0.125
121,121.0,121.78643094190049,0.125,0.125,0.125,0.125,0.125,0.125,0.125,0.125
122,122.0,122.7927918972859,0.125,0.125,0.125,0.125,0.125,0.125,0.125,0.125
123,123.0,123.79758883815991,0.125,0.125,0.125,0.125,0.125,0.125,0.125,0.125
124,124.0,124.80093019656492,0.125,0.125,0.125,0.125,0.125,0.125,0.125,0.125
125,125.0,125.80292811716379,0.125,0.125,0.125,0.125,0.125,0.125,0.125,0.125
126,126.0,126.80369696453113,0.125,0.125,0.125,0.125,0.125,0.125,0.125,0.125
127,127.0,127.80335195751641,0.125,0.125,0.125,0.125,0.125,0.125,0.125,0.125
128,128.0,128.80200793162803,0.125,0.125,0.125,0.125,0.125,0.125,0.125,0.125
129,129.0,129.7997782290122,0.125,0.125,0.125,0.125,0.125,0.125,0.125,0.125
130,130.0,130.79677371436782,0.125,0.125,0.125,0.125,0.125,0.125,0.125,0.125
131,131.0,131.79310191404417,0.125,0.125,0.125,0.125,0.125,0.125,0.125,0.125
132,132.0,132.78886627461247,0.125,0.125,0.125,0.125,0.125,0.125,0.125,0.125
133,133.0,133.7841655363778,0.125,0.125,0.125,0.125,0.125,0.125,0.125,0.125
134,134.0,134.77909321660283,0.125,0.125,0.125,0.125,0.125,0.125,0.125,0.125
135,135.0,135.77373719663933,0.125,0.125,0.125,0.125,0.125,0.125,0.125,0.125
136,136.0,136.7681794067058,0.125,0.125,0.125,0.125,0.125,0.125,0.125,0.125
137,137.0,137.76249560169856,0.125,0.125,0.125,0.125,0.125,0.125,0.125,0.125
138,138.0,138.75675522117504,0.125,0.125,0.125,0.125,0.125,0.125,0.125,0.125
139,139.0,139.75102132649215,0.125,0.125,0.125,0.125,0.125,0.125,0.125,0.125
140,140.0,140.74535060801261,0.125,0.125,0.125,0.125,0.125,0.125,0.125,0.125
141,141.0,141.7397934553009,0.125,0.125,0.125,0.125,0.125,0.125,0.125,0.125
142,142.0,142.7343940833074,0.125,0.125,0.125,0.125,0.125,0.125,0.125,0.125
143,143.0,143.72919070768012,0.125,0.125,0.125,0.125,0.125,0.125,0.125,0.125
144,144.0,144.7242157625388,0.125,0.125,0.125,0.125,0.125,0.125,0.125,0.125
145,145.0,145.7194961542862,0.125,0.125,0.125,0.125,0.125,0.125,0.125,0.125
146,146.0,146.71505354531598,0.125,0.125,0.125,0.125,0.125,0.125,0.125,0.125
147,147.0,147.71090466178967,0.125,0.125,0.125,0.125,0.125,0.125,0.125,0.125
148,148.0,148.7070616199981,0.125,0.125,0.125,0.125,0.125,0.125,0.125,0.125
149,149.0,149.70353226618568,0.125,0.125,0.125,0.125,0.125,0.125,0.125,0.125
150,150.0,150.70032052509265,0.125,0.125,0.125,0.125,0.125,0.125,0.125,0.125
151,151.0,151.69742675285798,0.125,0.125,0.125,0.125,0.125,0.125,0.125,0.125
152,152.0,152.6948480903182,0.125,0.125,0.125,0.125,0.125,0.125,0.125,0.125
153,153.0,153.69257881312924,0.125,0.125,0.125,0.125,0.125,0.125,0.125,0.125
154,154.0,154.69061067552786,0.125,0.125,0.125,0.125,0.125,0.125,0.125,0.125
155,155.0,155.68893324493135,0.125,0.125,0.125,0.125,0.125,0.125,0.125,0.125
156,156.0,156.68753422494515,0.125,0.125,0.125,0.125,0.125,0.125,0.125,0.125
157,157.0,157.68639976470814,0.125,0.125,0.125,0.125,0.125,0.125,0.125,0.125
158,158.0,158.68551475284778,0.125,0.125,0.125,0.125,0.125,0.125,0.125,0.125
159,159.0,159.68486309464495,0.125,0.125,0.125,0.125,0.125,0.125,0.125,0.125
160,160.0,160.68442797131596,0.125,0.125,0.125,0.125,0.125,0.125,0.125,0.125
161,161.0,161.6841920806067,0.125,0.125,0.125,0.125,0.125,0.125,0.125,0.125
162,162.0,162.6841378581623,0.125,0.125,0.125,0.125,0.125,0.125,0.125,0.125
163,163.0,163.68424767938072,0.125,0.125,0.125,0.125,0.125,0.125,0.125,0.125
164,164.0,164.68450404168348,0.125,0.125,0.125,0.125,0.125,0.125,0.125,0.125
165,165.0,165.68488972733914,0.125,0.125,0.125,0.125,0.125,0.125,0.125,0.125
166,166.0,166.68538794715585,0.125,0.125,0.125,0.125,0.125,0.125,0.125,0.125
167,167.0,167.68598246551934,0.125,0.125,0.125,0.125,0.125,0.125,0.125,0.125
168,168.0,168.6866577073913,0.125,0.125,0.125,0.125,0.125,0.125,0.125,0.125
169,169.0,169.68739884800215,0.125,0.125,0.125,0.125,0.125,0.125,0.125,0.125
170,170.0,170.68819188607185,0.125,0.125,0.125,0.125,0.125,0.125,0.125,0.125
171,171.0,171.68902370147387,0.125,0.125,0.125,0.125,0.125,0.125,0.125,0.125
172,172.0,172.68988209832096,0.125,0.125,0.125,0.125,0.125,0.125,0.125,0.125
173,173.0,173.69075583450015,0.125,0.125,0.125,0.125,0.125,0.125,0.125,0.125
174,174.0,174.6916346387164,0.125,0.125,0.125,0.125,0.125,0.125,0.125,0.125
175,175.0,175.69250921612388,0.125,0.125,0.125,0.125,0.125,0.125,0.125,0.125
176,176.0,176.69337124362934,0.125,0.125,0.125,0.125,0.125,0.125,0.125,0.125
177,177.0,177.694213355948,0.125,0.125,0.125,0.125,0.125,0.125,0.125,0.125
178,178.0,178.69502912347528,0.125,0.125,0.125,0.125,0.125,0.125,0.125,0.125
179,179.0,179.6958130230151,0.125,0.125,0.125,0.125,0.125,0.125,0.125,0.125
180,180.0,180.69656040237078,0.125,0.125,0.125,0.125,0.125,0.125,0.125,0.125
181,181.0,181.69726743976716,0.125,0.125,0.125,0.125,0.125,0.125,0.125,0.125
182,182.0,182.69793109902628,0.125,0.125,0.125,0.125,0.125,0.125,0.125,0.125
183,183.0,183.6985490813692,0.125,0.125,0.125,0.125,0.125,0.125,0.125,0.125
184,184.0,184.69911977466415,0.125,0.125,0.125,0.125,0.125,0.125,0.125,0.125
185,185.0,185.69964220088295,0.125,0.125,0.125,0.125,0.125,0.125,0.125,0.125
186,186.0,186.70011596247105,0.125,0.125,0.125,0.125,0.125,0.125,0.125,0.125
187,187.0,187.70054118827565,0.125,0.125,0.125,0.125,0.125,0.125,0.125,0.125
188,188.0,188.70091847961703,0.125,0.125,0.125,0.125,0.125,0.125,0.125,0.125
189,189.0,189.70124885702808,0.125,0.125,0.125,0.125,0.125,0.125,0.125,0.125
190,190.0,190.70153370812773,0.125,0.125,0.125,0.125,0.125,0.125,0.125,0.125
191,191.0,191.70177473703615,0.125,0.125,0.125,0.125,0.125,0.125,0.125,0.125
192,192.0,192.70197391568337,0.125,0.125,0.125,0.125,0.125,0.125,0.125,0.125
193,193.0,193.70213343730902,0.125,0.125,0.125,0.125,0.125,0.125,0.125,0.125
194,194.0,194.70225567239902,0.125,0.125,0.125,0.125,0.125,0.125,0.125,0.125
195,195.0,195.70234312725603,0.125,0.125,0.125,0.125,0.125,0.125,0.125,0.125
196,196.0,196.7023984053548,0.125,0.125,0.125,0.125,0.125,0.125,0.125,0.125
197,197.0,197.70242417159014,0.125,0.125,0.125,0.125,0.125,0.125,0.125,0.125
198,198.0,198.70242311948604,0.125,0.125,0.125,0.125,0.125,0.125,0.125,0.125
199,199.0,199.7023979413975,0.12472222222222223,0.12583333333333332,0.12472222222222223,0.12583333333333332,0.12472222222222223,0.12472222222222223,0.12472222222222223,0.12472222222222223
200,200.0,200.7023513017038,0.12442631729667812,0.12653433562428407,0.12432322451317297,0.12642322451317295,0.12432322451317297,0.12432322451317297,0.12532322451317296,0.12432322451317297
201,201.0,201.7022858129625,0.12401108473595623,0.1269859820639596,0.12390902288028613,0.12687598206395959,0.1238069820639596,0.1248069820639596,0.12579698206395962,0.1238069820639596
202,202.0,202.70220401496567,0.12446602875628258,0.12728116412973092,0.12447702646533183,0.1271732641297309,0.12316285412973092,0.12515285412973093,0.12512395412973093,0.12316285412973092
203,203.0,203.70210835661885,0.12474276407753089,0.12746666734742168,0.12495742561975727,0.12727082725651256,0.12244416144742168,0.12631435235651256,0.12435964044742168,0.12244416144742168
204,204.0,204.70200118054055,0.12492907148912376,0.12947180658986499,0.12423397477487819,0.12726039497966296,0.12165645650957208,0.12728011732775388,0.12351172181957208,0.12165645650957208
205,205.0,205.70188471026466,0.12420485798063806,0.13144002140761576,0.12351611162089202,0.12723468934413193,0.12089633577293284,0.12913279199202374,0.12267885610883285,0.12089633577293284
206,206.0,206.70176103991372,0.12341084202159075,0.13327956451920814,0.12273469844449175,0.12787731292396107,0.12009288444899174,0.13071970408792205,0.12179210910484276,0.12009288444899174
207,207.0,207.70163212619875,0.12265776188923207,0.13507859968640548,0.12199972225228639,0.1284227137355947,0.11935216213198185,0.13238578307662074,0.12085526176256359,0.11924799546531518
208,208.0,208.7014997825933,0.12186007978913456,0.13673612560419932,0.12122491409469634,0.12875364317175486,0.1185882413966041,0.1345666653722024,0.11988938084147102,0.11838094972993743
209,209.0,209.70136567552242,0.12103297999182036,0.1382524651910993,0.12042475250258322,0.12889648083386904,0.1178138285447963,0.13716433654629762,0.11890977576140455,0.11750538062812964
210,210.0,210.7012313224034,0.12009849799488594,0.13964156308089415,0.11962586032311688,0.128886163431724,0.11771937297995456,0.13954750836002355,0.11794150789440251,0.11653952593499843
211,211.0,211.70109809137227,0.11978481520918999,0.14089160083532376,0.11882446106564938,0.12873082581118062,0.11758550523329134,0.1416121856227586,0.11698346141086106,0.11558714481174528
212,212.0,212.70096720253056,0.11918445912970092,0.14164360827338687,0.11847305317668552,0.12930984036374824,0.11706371263079596,0.1441232474875627,0.11579492993138721,0.1144071490067326
213,213.0,213.7008397305477,0.11842325053557563,0.1427797481878463,0.11806603832935256,0.12955820523098388,0.11738498880639264,0.14622340891223226,0.11447000541528558,0.11309435458233118
214,214.0,214.70071660845764,0.11739686663280367,0.14345036008451914,0.11739002927127137,0.12954898168733237,0.11743388103015714,0.14914844408923916,0.1140514341706941,0.11158000303398315
215,215.0,215.700598632492,0.11615882870646775,0.14570276765369267,0.11649832491382403,0.12914027363222413,0.11716200310447089,0.15206651657936082,0.11335725689351753,0.10991402851644226
216,216.0,216.700486467798,0.11475783405333916,0.14748657028272816,0.11717898758809737,0.12839732871856807,0.1174586962780813,0.15413096010820274,0.11244621838402855,0.10814340458695472
217,217.0,217.70038065489544,0.1134344433116192,0.14916736124781352,0.1179132688144701,0.12766312112905445,0.11758316613000033,0.15614148364121655,0.11161643025767441,0.10648072546815152
218,218.0,218.70028161673417,0.11216964546150175,0.1507141492696104,0.11865785825536544,0.1269196346710817,0.11771859390212537,0.15806307755090232,0.11084562119932959,0.10491141969008351
219,219.0,219.7001896662217,0.11090510096022602,0.15199563596602544,0.1192747919817181,0.12604600129987115,0.11860482673106737,0.1597261987390612,0.11007055863300813,0.10337688568902267
220,220.0,220.70010501409826,0.10952864952730808,0.15451461457587856,0.11965147340123589,0.12494193890259345,0.11869395885166104,0.16173335567148056,0.10917369137409766,0.10176231769574487
221,221.0,221.70002777704616,0.10819207787207284,0.15684842817300942,0.11998444298168913,0.12379400353330061,0.11876435113807741,0.16384738089671788,0.10832680959008721,0.1002425058150456
222,222.0,222.69995798592882,0.10692741885595951,0.15899470822517203,0.12038830642474398,0.12366214553697079,0.11881840020209661,0.1657591024558941,0.10662551919346253,0.09882439910570055
223,223.0,223.69989559406395,0.10558911504772414,0.16235118519988903,0.12134873007881632,0.12258986819358329,0.11860099039996289,0.16732282861124517,0.10483839104296158,0.09735889142581765
224,224.0,224.6998404854449,0.10413457136715082,0.16566963861972506,0.12374711497784398,0.12126751136268502,0.11810867360077595,0.16833907681073146,0.1029294843684273,0.09580392889266053
225,225.0,225.6997924828333,0.10269563200043394,0.16939454590243622,0.12594139046602393,0.11990716314167273,0.11754038664361607,0.16919230371407507,0.10103679281834187,0.0942917853134003
226,226.0,226.69975135565454,0.10123325277072123,0.172434601683008,0.12798290516609204,0.11841025044853154,0.11680284305434027,0.17045948852757575,0.09912583260148308,0.09355082574824818
227,227.0,227.69971682763713,0.0998156097721034,0.17579676374415043,0.12982822655727963,0.1176736401399328,0.11602125016867341,0.17078021678430746,0.09726883095941623,0.09281546187413676
228,228.0,228.69968858414506,0.09913181307086441,0.1787878371998323,0.13061668592472803,0.11779133541317553,0.11512260406988652,0.17090607004752292,0.09549079355291427,0.09215286072107608
229,229.0,229.69966627916077,0.09841073724970002,0.1812011007621235,0.13184983945589127,0.11856894487455931,0.11406706540474831,0.17076416006782438,0.09363869224457368,0.09149945994057958
230,230.0,230.6996495418833,0.0976815679958238,0.18387671096303054,0.13345025414961756,0.1190727143389121,0.11293959613058441,0.17037199309873483,0.09181118165269088,0.09079598167060593
231,231.0,231.69963798291474,0.09687932038034062,0.18737411561538225,0.13459360655333621,0.1194515596192462,0.11162307809306231,0.1699859504310095,0.09000956076675108,0.09008280854087189
232,232.0,232.6996312000139,0.09595572632511476,0.1908060404683779,0.13594639712114093,0.11956648391400215,0.11068532114077195,0.16959153534412866,0.08818568870474947,0.08926280698171425
233,233.0,233.699628783403,0.09616604003424556,0.1934584264031397,0.13707277968963988,0.11948093083047943,0.11017543754019413,0.16884780362205093,0.08638312566674786,0.08841545621350255
234,234.0,234.69963032061915,0.09634844218203967,0.19611316391115904,0.13795714861404149,0.11935603269012732,0.1100083634305176,0.16794312966785008,0.0846697606100834,0.08760395889418149
235,235.0,235.69963540090748,0.09711702769813048,0.19933412233481496,0.1386683402416821,0.11847106568729057,0.10975578426938368,0.16680215564827072,0.08303623342778071,0.08681527069264687
236,236.0,236.69964361915794,0.0976137920053958,0.20165178937077666,0.13943326717998225,0.11748764862461965,0.1098089329004652,0.16600786937132497,0.08144056399214575,0.08655613655528978
237,237.0,237.69965457939176,0.09812461586966935,0.20398636252921973,0.14005910466289723,0.11659711384708685,0.1097940609804344,0.16512421415063985,0.07996479114763318,0.0863497368124194
238,238.0,238.6996678978083,0.09802111346219197,0.20680362427408314,0.1403884678214925,0.11574031956284499,0.11023981370236581,0.16413459720579496,0.07857812219495548,0.08609394177627117
239,239.0,239.69968320540508,0.0974949708203409,0.20968283273858293,0.14071211451352642,0.11448236644981957,0.11074259598677992,0.16364000985939853,0.0773377753050308,0.08590733432652095
240,240.0,240.69970015018814,0.09687675040496205,0.21190392848966283,0.14094303998894087,0.11311010341823362,0.1111319517309591,0.16316397850784567,0.07616828462830066,0.08670196283109526
241,241.0,241.69971839899102,0.09623882146316048,0.21403975933567732,0.14152274314287155,0.11173471591812348,0.1114424153899018,0.16242894485994933,0.07510226111043411,0.08749033877988201
242,242.0,242.6997376389237,0.09561839458975716,0.21611113471348814,0.14255007580631232,0.1103987774384675,0.11169168634603542,0.1616610217015984,0.07415394938061129,0.08781496002372984
243,243.0,243.69975757847388,0.09484144108068643,0.2191639713586161,0.14322850015022204,0.10896085184983598,0.11210698740074003,0.1611076154764473,0.07316562360918184,0.08742500907427035
244,244.0,244.69977794828426,0.09402478214300478,0.2224826903859738,0.14366348780547977,0.10753913257762822,0.11232428377533273,0.16070101090662992,0.07226016853202082,0.08700444387393008
245,245.0,245.6997985016308,0.09312384048006175,0.2254110864201999,0.14381707229600307,0.10608978408040487,0.1127373197075868,0.16093448737011756,0.07138231838835277,0.08650409125727332
246,246.0,246.69981901462637,0.09216534621806283,0.22811263014727418,0.1444350700376522,0.10464393195008645,0.11333508869987874,0.1609067032071905,0.07054727053115961,0.08585395920869553
247,247.0,247.69983928617614,0.09115761413129823,0.23072214157947357,0.14488623729090053,0.10264539640973322,0.11412952580637604,0.16098453167532698,0.06975445660932263,0.08572009649756882
248,248.0,248.69985913770915,0.0901054546411226,0.23331867168582487,0.14587264746099637,0.10066344771911669,0.11462880153437865,0.16096446323069666,0.06898592703208337,0.08546058669578083
249,249.0,249.69987841271177,0.08902303499812726,0.23587840956693257,0.14731293935392814,0.09871584845591665,0.11522299694562531,0.1605104467173913,0.06824654043650179,0.08508978352557708
250,250.0,250.699896976087,0.08785510127728795,0.2384528958669761,0.14890683292629284,0.0969334287722264,0.11559238178390613,0.1600030014663216,0.0675638223733048,0.08469253553368424
251,251.0,251.69991471336385,0.08672121040245404,0.24082586715456358,0.15029316108248622,0.09524625578164196,0.11611368682299267,0.15946057816810433,0.06704701014134333,0.0842922304464139
252,252.0,252.69993152977938,0.08563298767027976,0.24311337252879683,0.151545560322684,0.09365380484633855,0.11657415934518855,0.1589911575807587,0.06659465102584032,0.08389430668011333
253,253.0,253.69994734925555,0.08458785879195584,0.24523640998076554,0.15261173985375195,0.09248650097613847,0.11695121173512224,0.1584227208446342,0.0662073605822462,0.0834961972353856
254,254.0,254.69996211329158,0.0839051818436743,0.24725098679067023,0.15350650438445293,0.09139845291026141,0.11726379910323803,0.15769983624034142,0.06587427217424832,0.08310096655311339
255,255.0,255.69997577979106,0.08316464618481183,0.24938139222784197,0.15414634910080183,0.09030172333183197,0.11813103866548873,0.1567494464739608,0.06550321071687805,0.08262219329838488
256,256.0,256.6999883218427,0.082469848332697,0.2510620489749753,0.15463157523275858,0.08929855297757151,0.11892789148883313,0.15626138371920792,0.06519288365197726,0.08215581562197938
257,257.0,257.6999997264707,0.08192497419470847,0.2531164053395445,0.15407345074685122,0.08849142933813806,0.1198802723204054,0.15666307985544262,0.06504291237787779,0.080807475827032
258,258.0,258.7000099933712,0.0816327384777202,0.25553262065057714,0.15343429153559665,0.08671123604550865,0.12071325827954554,0.15717975059932543,0.06499305314835746,0.07980305126336898
259,259.0,259.70001913364797,0.08128934056942824,0.25852981008208026,0.15258888809489604,0.08502376572769824,0.12129795334334885,0.1577339611677631,0.06489593833218973,0.07864034268259563
260,260.0,260.7000271685606,0.08090762990784917,0.2617264848808767,0.15178866425565832,0.08331336524723118,0.12162166805609208,0.1585301492758359,0.06472062651006696,0.07739141186638976
261,261.0,261.70003412829635,0.08056424215555891,0.26599366931634855,0.15041274264330382,0.08170546284308605,0.12184410653208819,0.15874031258831361,0.0645696642679238,0.0761697996533771
262,262.0,262.70004005077556,0.08057213387950198,0.2691058309060068,0.1494038626927486,0.0807907999236357,0.12205104030582274,0.15882455971499998,0.06435548125053417,0.07489629132675006
263,263.0,263.70004498049906,0.07991945788082591,0.2714825885790112,0.14917040873276632,0.07997461011766674,0.12269821598577027,0.15906693198148125,0.06413693729864323,0.07355084942383512
264,264.0,264.70004896744524,0.07951668788628119,0.2735398632014475,0.14939686851269252,0.07920364234673072,0.12322171009385274,0.1589182767104259,0.0638989562441339,0.07230399500443552
265,265.0,265.7000520660224,0.07913618798414979,0.27541287207885534,0.1495601821558689,0.07852957218455088,0.12367077062287034,0.15887835222458696,0.0636902554528928,0.07112180729622498
266,266.0,266.7000543340816,0.07859257732573006,0.2771574198918326,0.1494285031742685,0.07771442392874503,0.12381479201945864,0.15915130442169284,0.06330383165408363,0.07083714758418871
267,267.0,267.700055831994,0.0778858998674221,0.2785134974924343,0.1500170108998323,0.0767684865774717,0.12404798468618959,0.1596020003169369,0.06284007007143509,0.07032505008827802
268,268.0,268.7000566217953,0.07716506695225218,0.27927782284225977,0.1505455872619845,0.07556383135252862,0.12469457196079567,0.16058109979065374,0.06234573645681328,0.06982628338271225
269,269.0,269.70005676639846,0.07607804772579557,0.28010747606231395,0.15093544684233137,0.07443248329107645,0.12526479257058978,0.16194982925059054,0.061859453035622715,0.06937247122167964
270,270.0,270.70005632887734,0.07490549190513272,0.28075940128409427,0.15118059759675853,0.07344986765250736,0.12573366325430058,0.16364942482899128,0.06137158741430514,0.06894996606391016
271,271.0,271.7000553718196,0.07377662179732178,0.28121357134405156,0.15136695106505949,0.0725666909469162,0.126151540062731,0.16541157604792445,0.06092018147221337,0.06859286726378215
272,272.0,272.7000539567494,0.0727079934807319,0.2807682119677369,0.15200081328056475,0.07178050138688126,0.12684502846453782,0.16710679787728475,0.06049927583478784,0.06829137770747483
273,273.0,273.70005214361873,0.07171030229819875,0.28024878407876735,0.15260350605156875,0.07109549539223911,0.12747125305626184,0.16871571276137612,0.06011606276672805,0.06803888359486004
274,274.0,274.70004999036496,0.07079097690268742,0.2795951615345709,0.15318121030390247,0.07051295012094234,0.1280488597911759,0.17024904406406643,0.05977515059632346,0.06784664668633107
275,275.0,275.7000475525329,0.06994724782739367,0.27860478307945735,0.15373683705999536,0.07003095011104699,0.12879620936550754,0.171792149751188,0.059386858939066985,0.06770496386634414
276,276.0,276.7000448829587,0.0692007283919862,0.27752022279121813,0.15412193705647342,0.06964020190600209,0.13049170959178807,0.17337198607407128,0.059037774774095025,0.06661543941436585
277,277.0,277.70004203151234,0.06850220943556834,0.2758733566861566,0.15442059594281812,0.06931115441275558,0.13211151549442818,0.17540953472823492,0.05879995547005484,0.06557167782998347
278,278.0,278.7000390448955,0.06784836473225285,0.2742791818260703,0.1546420994387607,0.0690419224739514,0.13360888342188543,0.17742138436662586,0.05858448025853622,0.06457368348191728
279,279.0,279.7000359664914,0.06723961960705974,0.27330764803095864,0.1543134906400403,0.068357382599435,0.13497915997145357,0.1798707435284073,0.058390555638871626,0.0635413999837739
280,280.0,280.7000328362628,0.0666558958153003,0.2723062099962589,0.1538944361750904,0.06769089578688017,0.13611200627495695,0.1826399013764229,0.05817993559529798,0.06252071897979247
281,281.0,281.7000296906944,0.066110941123263,0.271442188321205,0.15337463026789114,0.06706414360332894,0.13707959691741048,0.18543178751820244,0.05796809040103582,0.06152862184766321
282,282.0,282.7000265627759,0.06558047882940433,0.27088975716041563,0.15273215811692603,0.06644656796810433,0.13783495593669504,0.1882381878145122,0.0577300111243809,0.06054788304956157
283,283.0,283.70002348202155,0.06507246601892455,0.2704079614751033,0.15240869299398957,0.06586440203033819,0.13844457676172436,0.1906967602644798,0.057491920409406705,0.05961322004603352
284,284.0,284.7000204745224,0.064524696220834,0.27050268505403313,0.15249431630114238,0.06532870442016721,0.13891983762496335,0.19223614604517017,0.05726022137656384,0.058733392957125916
285,285.0,285.7000175630279,0.06406925862262731,0.27073924615819467,0.1524447559737581,0.06479760068601131,0.13917363368109248,0.19390640634937042,0.05699951689491863,0.05786958163402706
286,286.0,286.70001476705266,0.06366056258201867,0.2708536860797255,0.15244428962236445,0.06430945487659427,0.13930080179293397,0.19561934409917528,0.05674928759534088,0.05706257335184697
287,287.0,287.7000121030043,0.06329685903786168,0.2711077209789758,0.15249255884301188,0.06386312352553726,0.1393099008624882,0.19710685381363405,0.05650971293358567,0.056313270004905436
288,288.0,288.7000095843308,0.06297223039251575,0.2711709145570713,0.15283309691793182,0.06345983071803743,0.13921596798920455,0.19819609380304337,0.05627826732924321,0.05587359829295251
289,289.0,289.7000072216814,0.06269850762516734,0.27106534627738854,0.15316371248151064,0.0631117977104282,0.13904175288809462,0.19910764967190903,0.056068944515229785,0.055742288830271804
290,290.0,290.70000502308005,0.062451372957994064,0.2705402646593309,0.1534601272115506,0.06279501443510048,0.13918535873835813,0.19982789045984944,0.05585966102295648,0.05588031051485979
291,291.0,291.70000299410805,0.0622553459279669,0.27002297955009735,0.15374750404442192,0.06253423075189615,0.1392838239590507,0.2003986787482308,0.05567721275548879,0.05608022426284724
292,292.0,292.70000113809215,0.06210209832769227,0.2699516810898574,0.15401746438113728,0.06230414948275327,0.13902357153794775,0.20078786502699042,0.05549839541881949,0.05631477473480204
293,293.0,293.69999945629695,0.061947186759039256,0.269705880794417,0.15414013885865563,0.06216183708695197,0.13892074417215872,0.20126112386539907,0.05531295286248274,0.05655013560089561
294,294.0,294.69999794811827,0.06177178096911965,0.2697038591413801,0.1541842318603635,0.06200680362836143,0.13867153170634228,0.2017946999693089,0.0551036286196925,0.056763464105431656
295,295.0,295.6999966112763,0.06159249412205657,0.2695821117162867,0.15417896169731915,0.061845001896406133,0.1382790650064869,0.20270265350634029,0.05487397043535625,0.05694574161974805
296,296.0,296.69999544200573,0.06144426386148476,0.2694653416443036,0.15422283373305826,0.06171090339956757,0.1378632736471243,0.20348083520062937,0.05466095949935367,0.05715158901447855
297,297.0,297.69999443524216,0.061300792457761266,0.269228972286123,0.1542817205092316,0.061587494498801416,0.13740607759104484,0.20438809464834518,0.05445477561938955,0.05735207238930317
298,298.0,298.69999358480254,0.06119709735704118,0.2688736387602831,0.1547402635836551,0.061506298928671724,0.13693528172930156,0.20490424574142163,0.054278903184480566,0.05756427071514526
299,299.0,299.6999928835588,0.061112561611782495,0.26852199891688666,0.15510520114475204,0.0614462310435673,0.13645176616946214,0.2054681449252995,0.05411439350622144,0.05777970268202856
300,300.0,300.6999923236039,0.06102720539570177,0.2681721665786365,0.15535163726273715,0.061396120199448796,0.13595660482944774,0.20614868613709203,0.053956722198242935,0.05799085739869326
301,301.0,301.69999189640845,0.0609505624897866,0.2678368669258528,0.15555508078481023,0.061364609596208514,0.1354653215081283,0.20680591030071788,0.053816189744049045,0.05820545865044685
302,302.0,302.69999159296844,0.0608944609952772,0.26730580426731615,0.15569054803438676,0.06128264541728982,0.13519396087207544,0.20751975284356125,0.05361553874120454,0.05849728882888901
303,303.0,303.69999140394276,0.060856597161114426,0.26666545310959544,0.1560134488794915,0.06121959889765119,0.13491430389238243,0.208126477829524,0.0534311993134602,0.05877292091678099
304,304.0,304.6999913197802,0.06064022805963418,0.26613378990160846,0.15654915861458985,0.06118281164580981,0.13463309770243298,0.2085587584227064,0.05326755398271879,0.05903460167049977
305,305.0,305.69999133083616,0.060417877152125696,0.2656919626344111,0.15726081757278298,0.06114345683686266,0.13433414209216282,0.20878352337891679,0.053106023007761315,0.05926219732497693
306,306.0,306.6999914274781,0.060392888083124124,0.2652619694482344,0.15790299491340173,0.061092831234241717,0.13403507167772832,0.20890383791827996,0.052944369642764375,0.05946603708222567
307,307.0,307.6999916001811,0.06035273128548715,0.264725987349407,0.15846903814780616,0.061027022655617075,0.13391200706960477,0.20909929428228527,0.05277939344774036,0.059634525762052505
308,308.0,308.6999918396119,0.060316405832893626,0.26421048412273773,0.1589186725423138,0.06095743601413092,0.13379472519699145,0.2094009838574626,0.0526190862658871,0.05978220616758302
309,309.0,309.6999921367036,0.06028302896549463,0.26371765421045645,0.1592544314537321,0.0608837838731079,0.13368305737109412,0.20945942562698006,0.05273394183515523,0.059984676663979775
310,310.0,310.6999924827191,0.060280927599758886,0.2634554014057796,0.1595846663682949,0.06083253876386516,0.13359256103006611,0.20918863289954298,0.0528686156617462,0.060196656270946364
311,311.0,311.69999286930585,0.060269501077516496,0.26275474826567713,0.16012096744826296,0.06077182525143169,0.13380434929889354,0.20872974510543646,0.052993305468164165,0.06055555808461781
312,312.0,312.69999328854084,0.06026317865690761,0.2620512590060033,0.1606070406237407,0.060716579788517945,0.1339929882202378,0.20837251278398916,0.05312114523562929,0.060875295684974406
313,313.0,313.6999937329669,0.060243332977138436,0.26160856739567684,0.1609711459892604,0.060648627849964575,0.1340964549675849,0.2080548556474582,0.05322524901999226,0.061151766152924586
314,314.0,314.69999419562066,0.060386022471983755,0.2612965041811766,0.1612427926826394,0.060563911273805233,0.13410332058823915,0.20773022635286223,0.05331142382343697,0.06136579862585684
315,315.0,315.6999946700529,0.060508437653483356,0.2611579490054855,0.16151429077859528,0.06047013213324592,0.13405130165023948,0.20736930445961788,0.05338602733894429,0.06154255698038842
316,316.0,316.6999951503414,0.06061810081898878,0.26125486282954413,0.16173206559085504,0.06037228873053258,0.13393081336495086,0.206969594103517,0.05344909550278858,0.06167317905882315
317,317.0,317.69999563109764,0.061237213796294106,0.2612591259310936,0.16006839378104484,0.06079401153303645,0.13327497991120746,0.20706054979369812,0.05402339677562634,0.06228232847799922
318,318.0,318.69999610746726,0.06185728697425627,0.26136002422296883,0.1589302207128282,0.06121445044665466,0.132611915885284,0.20658072365847777,0.0545885934721412,0.06285678462738922
319,319.0,319.6999965751253,0.06242146049423261,0.26122304874420615,0.15810199190804167,0.06190609448924784,0.13186759692621547,0.20601965634424282,0.055105148574207244,0.06335500251960635
320,320.0,320.6999970302662,0.06295727409183233,0.2611077101453576,0.15743942659145668,0.0625839612565096,0.13114335502642752,0.20534506445491313,0.055604834496609135,0.06381837393689413
321,321.0,321.6999974695904,0.0633446274687651,0.26078446041275855,0.15688550737125423,0.06312001330150538,0.131328656673232,0.2044406260615955,0.05596691469753861,0.06412919401335077
322,322.0,322.6999978902863,0.06360219869260111,0.260294757868929,0.156199501056128,0.06443985348121126,0.1313482706569354,0.20341254098215786,0.05620987274986177,0.06449300451217563
323,323.0,323.6999982900097,0.06407726415796083,0.25982304717026805,0.15573393858763462,0.06571416594631066,0.13138161149871744,0.2020339077184099,0.056424275455935424,0.06481178946476313
324,324.0,324.69999866686067,0.06451122982757643,0.2595500963980908,0.15523424674400146,0.06693340958952668,0.13142638951267446,0.20064871368311485,0.05661011305359781,0.06508580119141762
325,325.0,325.69999901935796,0.06510515182227215,0.25923728098679244,0.15476825547580242,0.06810939663159156,0.1315065405866734,0.19932677925903902,0.05677967502059415,0.06516692021723494
326,326.0,326.69999934641197,0.06566800203847517,0.2590764845082857,0.1542711833650802,0.06892304370207862,0.13164480158013317,0.19801523937001247,0.0569273338837897,0.06547391155214506
327,327.0,327.6999996472964,0.06599366461635431,0.2592217957868891,0.15402437900541974,0.06965379032997242,0.13173371385535226,0.1966185504338533,0.05702825893591281,0.06572584703624618
328,328.0,328.69999992161945,0.06626718196145767,0.2593801967625412,0.1538439430182727,0.07030368325474476,0.13176167091418395,0.19542689774999192,0.05709306843666082,0.06592335790214707
329,329.0,329.70000016929396,0.06648979200128351,0.2595454587788227,0.15383014414180043,0.07087283176504901,0.1317309547494126,0.1943388693136315,0.05712364557989124,0.0660683036701091
330,330.0,330.70000039050814,0.06667612928319006,0.259420464058963,0.15391522274406153,0.07136865993706827,0.13193324317295066,0.19338832870475678,0.05712529390849005,0.06617265819051975
