Total_iterations,Unnamed: 0.1,Intertwine_two,Add_vertex,Delete_vertex,Invert_path_vertices,Insert_inside_vertex,Delete_inside_vertex,Replace_inside_vertex,Donate_between_routes
0,0.0,0.125,0.125,0.125,0.125,0.125,0.125,0.125,0.125
1,1.0,0.125,0.125,0.125,0.125,0.125,0.125,0.125,0.125
2,2.0,0.125,0.125,0.125,0.125,0.125,0.125,0.125,0.125
3,3.0,0.125,0.125,0.125,0.125,0.125,0.125,0.125,0.125
4,4.0,0.125,0.125,0.125,0.125,0.125,0.125,0.125,0.125
5,5.0,0.125,0.125,0.125,0.125,0.125,0.125,0.125,0.125
6,6.0,0.125,0.125,0.125,0.125,0.125,0.125,0.125,0.125
7,7.0,0.125,0.125,0.125,0.125,0.125,0.125,0.125,0.125
8,8.0,0.125,0.125,0.125,0.125,0.125,0.125,0.125,0.125
9,9.0,0.125,0.125,0.125,0.125,0.125,0.125,0.125,0.125
10,10.0,0.125,0.125,0.125,0.125,0.125,0.125,0.125,0.125
11,11.0,0.125,0.125,0.125,0.125,0.125,0.125,0.125,0.125
12,12.0,0.125,0.125,0.125,0.125,0.125,0.125,0.125,0.125
13,13.0,0.125,0.125,0.125,0.125,0.125,0.125,0.125,0.125
14,14.0,0.125,0.125,0.125,0.125,0.125,0.125,0.125,0.125
15,15.0,0.125,0.125,0.125,0.125,0.125,0.125,0.125,0.125
16,16.0,0.125,0.125,0.125,0.125,0.125,0.125,0.125,0.125
17,17.0,0.125,0.125,0.125,0.125,0.125,0.125,0.125,0.125
18,18.0,0.125,0.125,0.125,0.125,0.125,0.125,0.125,0.125
19,19.0,0.125,0.125,0.125,0.125,0.125,0.125,0.125,0.125
20,20.0,0.125,0.125,0.125,0.125,0.125,0.125,0.125,0.125
21,21.0,0.125,0.125,0.125,0.125,0.125,0.125,0.125,0.125
22,22.0,0.125,0.125,0.125,0.125,0.125,0.125,0.125,0.125
23,23.0,0.125,0.125,0.125,0.125,0.125,0.125,0.125,0.125
24,24.0,0.125,0.125,0.125,0.125,0.125,0.125,0.125,0.125
25,25.0,0.125,0.125,0.125,0.125,0.125,0.125,0.125,0.125
26,26.0,0.125,0.125,0.125,0.125,0.125,0.125,0.125,0.125
27,27.0,0.125,0.125,0.125,0.125,0.125,0.125,0.125,0.125
28,28.0,0.125,0.125,0.125,0.125,0.125,0.125,0.125,0.125
29,29.0,0.125,0.125,0.125,0.125,0.125,0.125,0.125,0.125
30,30.0,0.125,0.125,0.125,0.125,0.125,0.125,0.125,0.125
31,31.0,0.125,0.125,0.125,0.125,0.125,0.125,0.125,0.125
32,32.0,0.125,0.125,0.125,0.125,0.125,0.125,0.125,0.125
33,33.0,0.125,0.125,0.125,0.125,0.125,0.125,0.125,0.125
34,34.0,0.125,0.125,0.125,0.125,0.125,0.125,0.125,0.125
35,35.0,0.125,0.125,0.125,0.125,0.125,0.125,0.125,0.125
36,36.0,0.125,0.125,0.125,0.125,0.125,0.125,0.125,0.125
37,37.0,0.125,0.125,0.125,0.125,0.125,0.125,0.125,0.125
38,38.0,0.125,0.125,0.125,0.125,0.125,0.125,0.125,0.125
39,39.0,0.125,0.125,0.125,0.125,0.125,0.125,0.125,0.125
40,40.0,0.125,0.125,0.125,0.125,0.125,0.125,0.125,0.125
41,41.0,0.125,0.125,0.125,0.125,0.125,0.125,0.125,0.125
42,42.0,0.125,0.125,0.125,0.125,0.125,0.125,0.125,0.125
43,43.0,0.125,0.125,0.125,0.125,0.125,0.125,0.125,0.125
44,44.0,0.125,0.125,0.125,0.125,0.125,0.125,0.125,0.125
45,45.0,0.125,0.125,0.125,0.125,0.125,0.125,0.125,0.125
46,46.0,0.125,0.125,0.125,0.125,0.125,0.125,0.125,0.125
47,47.0,0.125,0.125,0.125,0.125,0.125,0.125,0.125,0.125
48,48.0,0.125,0.125,0.125,0.125,0.125,0.125,0.125,0.125
49,49.0,0.125,0.125,0.125,0.125,0.125,0.125,0.125,0.125
50,50.0,0.125,0.125,0.125,0.125,0.125,0.125,0.125,0.125
51,51.0,0.125,0.125,0.125,0.125,0.125,0.125,0.125,0.125
52,52.0,0.125,0.125,0.125,0.125,0.125,0.125,0.125,0.125
53,53.0,0.125,0.125,0.125,0.125,0.125,0.125,0.125,0.125
54,54.0,0.125,0.125,0.125,0.125,0.125,0.125,0.125,0.125
55,55.0,0.125,0.125,0.125,0.125,0.125,0.125,0.125,0.125
56,56.0,0.125,0.125,0.125,0.125,0.125,0.125,0.125,0.125
57,57.0,0.125,0.125,0.125,0.125,0.125,0.125,0.125,0.125
58,58.0,0.125,0.125,0.125,0.125,0.125,0.125,0.125,0.125
59,59.0,0.125,0.125,0.125,0.125,0.125,0.125,0.125,0.125
60,60.0,0.125,0.125,0.125,0.125,0.125,0.125,0.125,0.125
61,61.0,0.125,0.125,0.125,0.125,0.125,0.125,0.125,0.125
62,62.0,0.125,0.125,0.125,0.125,0.125,0.125,0.125,0.125
63,63.0,0.125,0.125,0.125,0.125,0.125,0.125,0.125,0.125
64,64.0,0.125,0.125,0.125,0.125,0.125,0.125,0.125,0.125
65,65.0,0.125,0.125,0.125,0.125,0.125,0.125,0.125,0.125
66,66.0,0.125,0.125,0.125,0.125,0.125,0.125,0.125,0.125
67,67.0,0.125,0.125,0.125,0.125,0.125,0.125,0.125,0.125
68,68.0,0.125,0.125,0.125,0.125,0.125,0.125,0.125,0.125
69,69.0,0.125,0.125,0.125,0.125,0.125,0.125,0.125,0.125
70,70.0,0.125,0.125,0.125,0.125,0.125,0.125,0.125,0.125
71,71.0,0.125,0.125,0.125,0.125,0.125,0.125,0.125,0.125
72,72.0,0.125,0.125,0.125,0.125,0.125,0.125,0.125,0.125
73,73.0,0.125,0.125,0.125,0.125,0.125,0.125,0.125,0.125
74,74.0,0.125,0.125,0.125,0.125,0.125,0.125,0.125,0.125
75,75.0,0.125,0.125,0.125,0.125,0.125,0.125,0.125,0.125
76,76.0,0.125,0.125,0.125,0.125,0.125,0.125,0.125,0.125
77,77.0,0.125,0.125,0.125,0.125,0.125,0.125,0.125,0.125
78,78.0,0.125,0.125,0.125,0.125,0.125,0.125,0.125,0.125
79,79.0,0.125,0.125,0.125,0.125,0.125,0.125,0.125,0.125
80,80.0,0.125,0.125,0.125,0.125,0.125,0.125,0.125,0.125
81,81.0,0.125,0.125,0.125,0.125,0.125,0.125,0.125,0.125
82,82.0,0.125,0.125,0.125,0.125,0.125,0.125,0.125,0.125
83,83.0,0.125,0.125,0.125,0.125,0.125,0.125,0.125,0.125
84,84.0,0.125,0.125,0.125,0.125,0.125,0.125,0.125,0.125
85,85.0,0.125,0.125,0.125,0.125,0.125,0.125,0.125,0.125
86,86.0,0.125,0.125,0.125,0.125,0.125,0.125,0.125,0.125
87,87.0,0.125,0.125,0.125,0.125,0.125,0.125,0.125,0.125
88,88.0,0.125,0.125,0.125,0.125,0.125,0.125,0.125,0.125
89,89.0,0.125,0.125,0.125,0.125,0.125,0.125,0.125,0.125
90,90.0,0.125,0.125,0.125,0.125,0.125,0.125,0.125,0.125
91,91.0,0.125,0.125,0.125,0.125,0.125,0.125,0.125,0.125
92,92.0,0.125,0.125,0.125,0.125,0.125,0.125,0.125,0.125
93,93.0,0.125,0.125,0.125,0.125,0.125,0.125,0.125,0.125
94,94.0,0.125,0.125,0.125,0.125,0.125,0.125,0.125,0.125
95,95.0,0.125,0.125,0.125,0.125,0.125,0.125,0.125,0.125
96,96.0,0.125,0.125,0.125,0.125,0.125,0.125,0.125,0.125
97,97.0,0.125,0.125,0.125,0.125,0.125,0.125,0.125,0.125
98,98.0,0.125,0.125,0.125,0.125,0.125,0.125,0.125,0.125
99,99.0,0.125,0.125,0.125,0.125,0.125,0.125,0.125,0.125
100,100.0,0.125,0.125,0.125,0.125,0.125,0.125,0.125,0.125
101,101.0,0.125,0.125,0.125,0.125,0.125,0.125,0.125,0.125
102,102.0,0.125,0.125,0.125,0.125,0.125,0.125,0.125,0.125
103,103.0,0.125,0.125,0.125,0.125,0.125,0.125,0.125,0.125
104,104.0,0.125,0.125,0.125,0.125,0.125,0.125,0.125,0.125
105,105.0,0.125,0.125,0.125,0.125,0.125,0.125,0.125,0.125
106,106.0,0.125,0.125,0.125,0.125,0.125,0.125,0.125,0.125
107,107.0,0.125,0.125,0.125,0.125,0.125,0.125,0.125,0.125
108,108.0,0.125,0.125,0.125,0.125,0.125,0.125,0.125,0.125
109,109.0,0.125,0.125,0.125,0.125,0.125,0.125,0.125,0.125
110,110.0,0.125,0.125,0.125,0.125,0.125,0.125,0.125,0.125
111,111.0,0.125,0.125,0.125,0.125,0.125,0.125,0.125,0.125
112,112.0,0.125,0.125,0.125,0.125,0.125,0.125,0.125,0.125
113,113.0,0.125,0.125,0.125,0.125,0.125,0.125,0.125,0.125
114,114.0,0.125,0.125,0.125,0.125,0.125,0.125,0.125,0.125
115,115.0,0.125,0.125,0.125,0.125,0.125,0.125,0.125,0.125
116,116.0,0.125,0.125,0.125,0.125,0.125,0.125,0.125,0.125
117,117.0,0.125,0.125,0.125,0.125,0.125,0.125,0.125,0.125
118,118.0,0.125,0.125,0.125,0.125,0.125,0.125,0.125,0.125
119,119.0,0.125,0.125,0.125,0.125,0.125,0.125,0.125,0.125
120,120.0,0.125,0.125,0.125,0.125,0.125,0.125,0.125,0.125
121,121.0,0.125,0.125,0.125,0.125,0.125,0.125,0.125,0.125
122,122.0,0.125,0.125,0.125,0.125,0.125,0.125,0.125,0.125
123,123.0,0.125,0.125,0.125,0.125,0.125,0.125,0.125,0.125
124,124.0,0.125,0.125,0.125,0.125,0.125,0.125,0.125,0.125
125,125.0,0.125,0.125,0.125,0.125,0.125,0.125,0.125,0.125
126,126.0,0.125,0.125,0.125,0.125,0.125,0.125,0.125,0.125
127,127.0,0.125,0.125,0.125,0.125,0.125,0.125,0.125,0.125
128,128.0,0.125,0.125,0.125,0.125,0.125,0.125,0.125,0.125
129,129.0,0.125,0.125,0.125,0.125,0.125,0.125,0.125,0.125
130,130.0,0.125,0.125,0.125,0.125,0.125,0.125,0.125,0.125
131,131.0,0.125,0.125,0.125,0.125,0.125,0.125,0.125,0.125
132,132.0,0.125,0.125,0.125,0.125,0.125,0.125,0.125,0.125
133,133.0,0.125,0.125,0.125,0.125,0.125,0.125,0.125,0.125
134,134.0,0.125,0.125,0.125,0.125,0.125,0.125,0.125,0.125
135,135.0,0.125,0.125,0.125,0.125,0.125,0.125,0.125,0.125
136,136.0,0.125,0.125,0.125,0.125,0.125,0.125,0.125,0.125
137,137.0,0.125,0.125,0.125,0.125,0.125,0.125,0.125,0.125
138,138.0,0.125,0.125,0.125,0.125,0.125,0.125,0.125,0.125
139,139.0,0.125,0.125,0.125,0.125,0.125,0.125,0.125,0.125
140,140.0,0.125,0.125,0.125,0.125,0.125,0.125,0.125,0.125
141,141.0,0.125,0.125,0.125,0.125,0.125,0.125,0.125,0.125
142,142.0,0.125,0.125,0.125,0.125,0.125,0.125,0.125,0.125
143,143.0,0.125,0.125,0.125,0.125,0.125,0.125,0.125,0.125
144,144.0,0.125,0.125,0.125,0.125,0.125,0.125,0.125,0.125
145,145.0,0.125,0.125,0.125,0.125,0.125,0.125,0.125,0.125
146,146.0,0.125,0.125,0.125,0.125,0.125,0.125,0.125,0.125
147,147.0,0.125,0.125,0.125,0.125,0.125,0.125,0.125,0.125
148,148.0,0.125,0.125,0.125,0.125,0.125,0.125,0.125,0.125
149,149.0,0.125,0.125,0.125,0.125,0.125,0.125,0.125,0.125
150,150.0,0.125,0.125,0.125,0.125,0.125,0.125,0.125,0.125
151,151.0,0.125,0.125,0.125,0.125,0.125,0.125,0.125,0.125
152,152.0,0.125,0.125,0.125,0.125,0.125,0.125,0.125,0.125
153,153.0,0.125,0.125,0.125,0.125,0.125,0.125,0.125,0.125
154,154.0,0.125,0.125,0.125,0.125,0.125,0.125,0.125,0.125
155,155.0,0.125,0.125,0.125,0.125,0.125,0.125,0.125,0.125
156,156.0,0.125,0.125,0.125,0.125,0.125,0.125,0.125,0.125
157,157.0,0.125,0.125,0.125,0.125,0.125,0.125,0.125,0.125
158,158.0,0.125,0.125,0.125,0.125,0.125,0.125,0.125,0.125
159,159.0,0.125,0.125,0.125,0.125,0.125,0.125,0.125,0.125
160,160.0,0.125,0.125,0.125,0.125,0.125,0.125,0.125,0.125
161,161.0,0.125,0.125,0.125,0.125,0.125,0.125,0.125,0.125
162,162.0,0.125,0.125,0.125,0.125,0.125,0.125,0.125,0.125
163,163.0,0.125,0.125,0.125,0.125,0.125,0.125,0.125,0.125
164,164.0,0.125,0.125,0.125,0.125,0.125,0.125,0.125,0.125
165,165.0,0.125,0.125,0.125,0.125,0.125,0.125,0.125,0.125
166,166.0,0.125,0.125,0.125,0.125,0.125,0.125,0.125,0.125
167,167.0,0.125,0.125,0.125,0.125,0.125,0.125,0.125,0.125
168,168.0,0.125,0.125,0.125,0.125,0.125,0.125,0.125,0.125
169,169.0,0.125,0.125,0.125,0.125,0.125,0.125,0.125,0.125
170,170.0,0.125,0.125,0.125,0.125,0.125,0.125,0.125,0.125
171,171.0,0.125,0.125,0.125,0.125,0.125,0.125,0.125,0.125
172,172.0,0.125,0.125,0.125,0.125,0.125,0.125,0.125,0.125
173,173.0,0.125,0.125,0.125,0.125,0.125,0.125,0.125,0.125
174,174.0,0.125,0.125,0.125,0.125,0.125,0.125,0.125,0.125
175,175.0,0.125,0.125,0.125,0.125,0.125,0.125,0.125,0.125
176,176.0,0.125,0.125,0.125,0.125,0.125,0.125,0.125,0.125
177,177.0,0.125,0.125,0.125,0.125,0.125,0.125,0.125,0.125
178,178.0,0.125,0.125,0.125,0.125,0.125,0.125,0.125,0.125
179,179.0,0.125,0.125,0.125,0.125,0.125,0.125,0.125,0.125
180,180.0,0.125,0.125,0.125,0.125,0.125,0.125,0.125,0.125
181,181.0,0.125,0.125,0.125,0.125,0.125,0.125,0.125,0.125
182,182.0,0.125,0.125,0.125,0.125,0.125,0.125,0.125,0.125
183,183.0,0.125,0.125,0.125,0.125,0.125,0.125,0.125,0.125
184,184.0,0.125,0.125,0.125,0.125,0.125,0.125,0.125,0.125
185,185.0,0.125,0.125,0.125,0.125,0.125,0.125,0.125,0.125
186,186.0,0.125,0.125,0.125,0.125,0.125,0.125,0.125,0.125
187,187.0,0.125,0.125,0.125,0.125,0.125,0.125,0.125,0.125
188,188.0,0.125,0.125,0.125,0.125,0.125,0.125,0.125,0.125
189,189.0,0.125,0.125,0.125,0.125,0.125,0.125,0.125,0.125
190,190.0,0.125,0.125,0.125,0.125,0.125,0.125,0.125,0.125
191,191.0,0.125,0.125,0.125,0.125,0.125,0.125,0.125,0.125
192,192.0,0.125,0.125,0.125,0.125,0.125,0.125,0.125,0.125
193,193.0,0.125,0.125,0.125,0.125,0.125,0.125,0.125,0.125
194,194.0,0.125,0.125,0.125,0.125,0.125,0.125,0.125,0.125
195,195.0,0.125,0.125,0.125,0.125,0.125,0.125,0.125,0.125
196,196.0,0.125,0.125,0.125,0.125,0.125,0.125,0.125,0.125
197,197.0,0.125,0.125,0.125,0.125,0.125,0.125,0.125,0.125
198,198.0,0.125,0.125,0.125,0.125,0.125,0.125,0.125,0.125
199,199.0,0.1247222222222222,0.1258333333333333,0.1247222222222222,0.1258333333333333,0.1247222222222222,0.1247222222222222,0.1247222222222222,0.1247222222222222
200,200.0,0.1244263172966781,0.126534335624284,0.1243232245131729,0.1264232245131729,0.1243232245131729,0.1243232245131729,0.1253232245131729,0.1243232245131729
201,201.0,0.1240110847359562,0.1269859820639596,0.1239090228802861,0.1268759820639595,0.1238069820639596,0.1248069820639596,0.1257969820639596,0.1238069820639596
202,202.0,0.1244660287562825,0.1272811641297309,0.1244770264653318,0.1271732641297309,0.1231628541297309,0.1251528541297309,0.1251239541297309,0.1231628541297309
203,203.0,0.1247427640775308,0.1274666673474216,0.1249574256197572,0.1272708272565125,0.1224441614474216,0.1263143523565125,0.1243596404474216,0.1224441614474216
204,204.0,0.1249290714891237,0.1294718065898649,0.1242339747748781,0.1272603949796629,0.121656456509572,0.1272801173277538,0.123511721819572,0.121656456509572
205,205.0,0.124204857980638,0.1314400214076157,0.123516111620892,0.1272346893441319,0.1208963357729328,0.1291327919920237,0.1226788561088328,0.1208963357729328
206,206.0,0.1234108420215907,0.1332795645192081,0.1227346984444917,0.127877312923961,0.1200928844489917,0.130719704087922,0.1217921091048427,0.1200928844489917
207,207.0,0.122657761889232,0.1350785996864054,0.1219997222522863,0.1284227137355947,0.1193521621319818,0.1323857830766207,0.1208552617625635,0.1192479954653151
208,208.0,0.1218600797891345,0.1367361256041993,0.1212249140946963,0.1287536431717548,0.1185882413966041,0.1345666653722024,0.119889380841471,0.1183809497299374
209,209.0,0.1210329799918203,0.1382524651910993,0.1204247525025832,0.128896480833869,0.1178138285447963,0.1371643365462976,0.1189097757614045,0.1175053806281296
210,210.0,0.1200984979948859,0.1396415630808941,0.1196258603231168,0.128886163431724,0.1177193729799545,0.1395475083600235,0.1179415078944025,0.1165395259349984
211,211.0,0.1197848152091899,0.1408916008353237,0.1188244610656493,0.1287308258111806,0.1175855052332913,0.1416121856227586,0.116983461410861,0.1155871448117452
212,212.0,0.1191844591297009,0.1416436082733868,0.1184730531766855,0.1293098403637482,0.1170637126307959,0.1441232474875627,0.1157949299313872,0.1144071490067326
213,213.0,0.1184232505355756,0.1427797481878463,0.1180660383293525,0.1295582052309838,0.1173849888063926,0.1462234089122322,0.1144700054152855,0.1130943545823311
214,214.0,0.1173968666328036,0.1434503600845191,0.1173900292712713,0.1295489816873323,0.1174338810301571,0.1491484440892391,0.1140514341706941,0.1115800030339831
215,215.0,0.1161588287064677,0.1457027676536926,0.116498324913824,0.1291402736322241,0.1171620031044708,0.1520665165793608,0.1133572568935175,0.1099140285164422
216,216.0,0.1147578340533391,0.1474865702827281,0.1171789875880973,0.128397328718568,0.1174586962780813,0.1541309601082027,0.1124462183840285,0.1081434045869547
217,217.0,0.1134344433116192,0.1491673612478135,0.1179132688144701,0.1276631211290544,0.1175831661300003,0.1561414836412165,0.1116164302576744,0.1064807254681515
218,218.0,0.1121696454615017,0.1507141492696104,0.1186578582553654,0.1269196346710817,0.1177185939021253,0.1580630775509023,0.1108456211993295,0.1049114196900835
219,219.0,0.110905100960226,0.1519956359660254,0.1192747919817181,0.1260460012998711,0.1186048267310673,0.1597261987390612,0.1100705586330081,0.1033768856890226
220,220.0,0.109528649527308,0.1545146145758785,0.1196514734012358,0.1249419389025934,0.118693958851661,0.1617333556714805,0.1091736913740976,0.1017623176957448
221,221.0,0.1081920778720728,0.1568484281730094,0.1199844429816891,0.1237940035333006,0.1187643511380774,0.1638473808967178,0.1083268095900872,0.1002425058150456
222,222.0,0.1069274188559595,0.158994708225172,0.1203883064247439,0.1236621455369707,0.1188184002020966,0.1657591024558941,0.1066255191934625,0.0988243991057005
223,223.0,0.1055891150477241,0.162351185199889,0.1213487300788163,0.1225898681935832,0.1186009903999628,0.1673228286112451,0.1048383910429615,0.0973588914258176
224,224.0,0.1041345713671508,0.165669638619725,0.1237471149778439,0.121267511362685,0.1181086736007759,0.1683390768107314,0.1029294843684273,0.0958039288926605
225,225.0,0.1026956320004339,0.1693945459024362,0.1259413904660239,0.1199071631416727,0.117540386643616,0.169192303714075,0.1010367928183418,0.0942917853134003
226,226.0,0.1012332527707212,0.172434601683008,0.127982905166092,0.1184102504485315,0.1168028430543402,0.1704594885275757,0.099125832601483,0.0935508257482481
227,227.0,0.0998156097721034,0.1757967637441504,0.1298282265572796,0.1176736401399328,0.1160212501686734,0.1707802167843074,0.0972688309594162,0.0928154618741367
228,228.0,0.0991318130708644,0.1787878371998323,0.130616685924728,0.1177913354131755,0.1151226040698865,0.1709060700475229,0.0954907935529142,0.092152860721076
229,229.0,0.0984107372497,0.1812011007621235,0.1318498394558912,0.1185689448745593,0.1140670654047483,0.1707641600678243,0.0936386922445736,0.0914994599405795
230,230.0,0.0976815679958238,0.1838767109630305,0.1334502541496175,0.1190727143389121,0.1129395961305844,0.1703719930987348,0.0918111816526908,0.0907959816706059
231,231.0,0.0968793203803406,0.1873741156153822,0.1345936065533362,0.1194515596192462,0.1116230780930623,0.1699859504310095,0.090009560766751,0.0900828085408718
232,232.0,0.0959557263251147,0.1908060404683779,0.1359463971211409,0.1195664839140021,0.1106853211407719,0.1695915353441286,0.0881856887047494,0.0892628069817142
233,233.0,0.0961660400342455,0.1934584264031397,0.1370727796896398,0.1194809308304794,0.1101754375401941,0.1688478036220509,0.0863831256667478,0.0884154562135025
234,234.0,0.0963484421820396,0.196113163911159,0.1379571486140414,0.1193560326901273,0.1100083634305176,0.16794312966785,0.0846697606100834,0.0876039588941814
235,235.0,0.0971170276981304,0.1993341223348149,0.1386683402416821,0.1184710656872905,0.1097557842693836,0.1668021556482707,0.0830362334277807,0.0868152706926468
236,236.0,0.0976137920053958,0.2016517893707766,0.1394332671799822,0.1174876486246196,0.1098089329004652,0.1660078693713249,0.0814405639921457,0.0865561365552897
237,237.0,0.0981246158696693,0.2039863625292197,0.1400591046628972,0.1165971138470868,0.1097940609804344,0.1651242141506398,0.0799647911476331,0.0863497368124194
238,238.0,0.0980211134621919,0.2068036242740831,0.1403884678214925,0.1157403195628449,0.1102398137023658,0.1641345972057949,0.0785781221949554,0.0860939417762711
239,239.0,0.0974949708203409,0.2096828327385829,0.1407121145135264,0.1144823664498195,0.1107425959867799,0.1636400098593985,0.0773377753050308,0.0859073343265209
240,240.0,0.096876750404962,0.2119039284896628,0.1409430399889408,0.1131101034182336,0.1111319517309591,0.1631639785078456,0.0761682846283006,0.0867019628310952
241,241.0,0.0962388214631604,0.2140397593356773,0.1415227431428715,0.1117347159181234,0.1114424153899018,0.1624289448599493,0.0751022611104341,0.087490338779882
242,242.0,0.0956183945897571,0.2161111347134881,0.1425500758063123,0.1103987774384675,0.1116916863460354,0.1616610217015984,0.0741539493806112,0.0878149600237298
243,243.0,0.0948414410806864,0.2191639713586161,0.143228500150222,0.1089608518498359,0.11210698740074,0.1611076154764473,0.0731656236091818,0.0874250090742703
244,244.0,0.0940247821430047,0.2224826903859738,0.1436634878054797,0.1075391325776282,0.1123242837753327,0.1607010109066299,0.0722601685320208,0.08700444387393
245,245.0,0.0931238404800617,0.2254110864201999,0.143817072296003,0.1060897840804048,0.1127373197075868,0.1609344873701175,0.0713823183883527,0.0865040912572733
246,246.0,0.0921653462180628,0.2281126301472741,0.1444350700376522,0.1046439319500864,0.1133350886998787,0.1609067032071905,0.0705472705311596,0.0858539592086955
247,247.0,0.0911576141312982,0.2307221415794735,0.1448862372909005,0.1026453964097332,0.114129525806376,0.1609845316753269,0.0697544566093226,0.0857200964975688
248,248.0,0.0901054546411226,0.2333186716858248,0.1458726474609963,0.1006634477191166,0.1146288015343786,0.1609644632306966,0.0689859270320833,0.0854605866957808
249,249.0,0.0890230349981272,0.2358784095669325,0.1473129393539281,0.0987158484559166,0.1152229969456253,0.1605104467173913,0.0682465404365017,0.085089783525577
250,250.0,0.0878551012772879,0.2384528958669761,0.1489068329262928,0.0969334287722264,0.1155923817839061,0.1600030014663216,0.0675638223733048,0.0846925355336842
251,251.0,0.086721210402454,0.2408258671545635,0.1502931610824862,0.0952462557816419,0.1161136868229926,0.1594605781681043,0.0670470101413433,0.0842922304464139
252,252.0,0.0856329876702797,0.2431133725287968,0.151545560322684,0.0936538048463385,0.1165741593451885,0.1589911575807587,0.0665946510258403,0.0838943066801133
253,253.0,0.0845878587919558,0.2452364099807655,0.1526117398537519,0.0924865009761384,0.1169512117351222,0.1584227208446342,0.0662073605822462,0.0834961972353856
254,254.0,0.0839051818436743,0.2472509867906702,0.1535065043844529,0.0913984529102614,0.117263799103238,0.1576998362403414,0.0658742721742483,0.0831009665531133
255,255.0,0.0831646461848118,0.2493813922278419,0.1541463491008018,0.0903017233318319,0.1181310386654887,0.1567494464739608,0.065503210716878,0.0826221932983848
256,256.0,0.082469848332697,0.2510620489749753,0.1546315752327585,0.0892985529775715,0.1189278914888331,0.1562613837192079,0.0651928836519772,0.0821558156219793
257,257.0,0.0819249741947084,0.2531164053395445,0.1540734507468512,0.088491429338138,0.1198802723204054,0.1566630798554426,0.0650429123778777,0.080807475827032
258,258.0,0.0816327384777202,0.2555326206505771,0.1534342915355966,0.0867112360455086,0.1207132582795455,0.1571797505993254,0.0649930531483574,0.0798030512633689
259,259.0,0.0812893405694282,0.2585298100820802,0.152588888094896,0.0850237657276982,0.1212979533433488,0.1577339611677631,0.0648959383321897,0.0786403426825956
260,260.0,0.0809076299078491,0.2617264848808767,0.1517886642556583,0.0833133652472311,0.121621668056092,0.1585301492758359,0.0647206265100669,0.0773914118663897
261,261.0,0.0805642421555589,0.2659936693163485,0.1504127426433038,0.081705462843086,0.1218441065320881,0.1587403125883136,0.0645696642679238,0.0761697996533771
262,262.0,0.0805721338795019,0.2691058309060068,0.1494038626927486,0.0807907999236357,0.1220510403058227,0.1588245597149999,0.0643554812505341,0.07489629132675
263,263.0,0.0799194578808259,0.2714825885790112,0.1491704087327663,0.0799746101176667,0.1226982159857702,0.1590669319814812,0.0641369372986432,0.0735508494238351
264,264.0,0.0795166878862811,0.2735398632014475,0.1493968685126925,0.0792036423467307,0.1232217100938527,0.1589182767104259,0.0638989562441339,0.0723039950044355
265,265.0,0.0791361879841497,0.2754128720788553,0.1495601821558689,0.0785295721845508,0.1236707706228703,0.1588783522245869,0.0636902554528928,0.0711218072962249
266,266.0,0.07859257732573,0.2771574198918326,0.1494285031742685,0.077714423928745,0.1238147920194586,0.1591513044216928,0.0633038316540836,0.0708371475841887
267,267.0,0.0778858998674221,0.2785134974924343,0.1500170108998323,0.0767684865774717,0.1240479846861895,0.1596020003169369,0.062840070071435,0.070325050088278
268,268.0,0.0771650669522521,0.2792778228422597,0.1505455872619845,0.0755638313525286,0.1246945719607956,0.1605810997906537,0.0623457364568132,0.0698262833827122
269,269.0,0.0760780477257955,0.2801074760623139,0.1509354468423313,0.0744324832910764,0.1252647925705897,0.1619498292505905,0.0618594530356227,0.0693724712216796
270,270.0,0.0749054919051327,0.2807594012840942,0.1511805975967585,0.0734498676525073,0.1257336632543005,0.1636494248289912,0.0613715874143051,0.0689499660639101
271,271.0,0.0737766217973217,0.2812135713440515,0.1513669510650594,0.0725666909469162,0.126151540062731,0.1654115760479244,0.0609201814722133,0.0685928672637821
272,272.0,0.0727079934807319,0.2807682119677369,0.1520008132805647,0.0717805013868812,0.1268450284645378,0.1671067978772847,0.0604992758347878,0.0682913777074748
273,273.0,0.0717103022981987,0.2802487840787673,0.1526035060515687,0.0710954953922391,0.1274712530562618,0.1687157127613761,0.060116062766728,0.06803888359486
274,274.0,0.0707909769026874,0.2795951615345709,0.1531812103039024,0.0705129501209423,0.1280488597911759,0.1702490440640664,0.0597751505963234,0.067846646686331
275,275.0,0.0699472478273936,0.2786047830794573,0.1537368370599953,0.0700309501110469,0.1287962093655075,0.171792149751188,0.0593868589390669,0.0677049638663441
276,276.0,0.0692007283919862,0.2775202227912181,0.1541219370564734,0.069640201906002,0.130491709591788,0.1733719860740712,0.059037774774095,0.0666154394143658
277,277.0,0.0685022094355683,0.2758733566861566,0.1544205959428181,0.0693111544127555,0.1321115154944281,0.1754095347282349,0.0587999554700548,0.0655716778299834
278,278.0,0.0678483647322528,0.2742791818260703,0.1546420994387607,0.0690419224739514,0.1336088834218854,0.1774213843666258,0.0585844802585362,0.0645736834819172
279,279.0,0.0672396196070597,0.2733076480309586,0.1543134906400403,0.068357382599435,0.1349791599714535,0.1798707435284073,0.0583905556388716,0.0635413999837739
280,280.0,0.0666558958153003,0.2723062099962589,0.1538944361750904,0.0676908957868801,0.1361120062749569,0.1826399013764229,0.0581799355952979,0.0625207189797924
281,281.0,0.066110941123263,0.271442188321205,0.1533746302678911,0.0670641436033289,0.1370795969174104,0.1854317875182024,0.0579680904010358,0.0615286218476632
282,282.0,0.0655804788294043,0.2708897571604156,0.152732158116926,0.0664465679681043,0.137834955936695,0.1882381878145122,0.0577300111243809,0.0605478830495615
283,283.0,0.0650724660189245,0.2704079614751033,0.1524086929939895,0.0658644020303381,0.1384445767617243,0.1906967602644798,0.0574919204094067,0.0596132200460335
284,284.0,0.064524696220834,0.2705026850540331,0.1524943163011423,0.0653287044201672,0.1389198376249633,0.1922361460451701,0.0572602213765638,0.0587333929571259
285,285.0,0.0640692586226273,0.2707392461581946,0.1524447559737581,0.0647976006860113,0.1391736336810924,0.1939064063493704,0.0569995168949186,0.057869581634027
286,286.0,0.0636605625820186,0.2708536860797255,0.1524442896223644,0.0643094548765942,0.1393008017929339,0.1956193440991752,0.0567492875953408,0.0570625733518469
287,287.0,0.0632968590378616,0.2711077209789758,0.1524925588430118,0.0638631235255372,0.1393099008624882,0.197106853813634,0.0565097129335856,0.0563132700049054
288,288.0,0.0629722303925157,0.2711709145570713,0.1528330969179318,0.0634598307180374,0.1392159679892045,0.1981960938030433,0.0562782673292432,0.0558735982929525
289,289.0,0.0626985076251673,0.2710653462773885,0.1531637124815106,0.0631117977104282,0.1390417528880946,0.199107649671909,0.0560689445152297,0.0557422888302718
290,290.0,0.062451372957994,0.2705402646593309,0.1534601272115506,0.0627950144351004,0.1391853587383581,0.1998278904598494,0.0558596610229564,0.0558803105148597
291,291.0,0.0622553459279669,0.2700229795500973,0.1537475040444219,0.0625342307518961,0.1392838239590507,0.2003986787482308,0.0556772127554887,0.0560802242628472
292,292.0,0.0621020983276922,0.2699516810898574,0.1540174643811372,0.0623041494827532,0.1390235715379477,0.2007878650269904,0.0554983954188194,0.056314774734802
293,293.0,0.0619471867590392,0.269705880794417,0.1541401388586556,0.0621618370869519,0.1389207441721587,0.201261123865399,0.0553129528624827,0.0565501356008956
294,294.0,0.0617717809691196,0.2697038591413801,0.1541842318603635,0.0620068036283614,0.1386715317063422,0.2017946999693089,0.0551036286196925,0.0567634641054316
295,295.0,0.0615924941220565,0.2695821117162867,0.1541789616973191,0.0618450018964061,0.1382790650064869,0.2027026535063402,0.0548739704353562,0.056945741619748
296,296.0,0.0614442638614847,0.2694653416443036,0.1542228337330582,0.0617109033995675,0.1378632736471243,0.2034808352006293,0.0546609594993536,0.0571515890144785
297,297.0,0.0613007924577612,0.269228972286123,0.1542817205092316,0.0615874944988014,0.1374060775910448,0.2043880946483451,0.0544547756193895,0.0573520723893031
298,298.0,0.0611970973570411,0.2688736387602831,0.1547402635836551,0.0615062989286717,0.1369352817293015,0.2049042457414216,0.0542789031844805,0.0575642707151452
299,299.0,0.0611125616117824,0.2685219989168866,0.155105201144752,0.0614462310435673,0.1364517661694621,0.2054681449252995,0.0541143935062214,0.0577797026820285
300,300.0,0.0610272053957017,0.2681721665786365,0.1553516372627371,0.0613961201994487,0.1359566048294477,0.206148686137092,0.0539567221982429,0.0579908573986932
301,301.0,0.0609505624897866,0.2678368669258528,0.1555550807848102,0.0613646095962085,0.1354653215081283,0.2068059103007178,0.053816189744049,0.0582054586504468
302,302.0,0.0608944609952772,0.2673058042673161,0.1556905480343867,0.0612826454172898,0.1351939608720754,0.2075197528435612,0.0536155387412045,0.058497288828889
303,303.0,0.0608565971611144,0.2666654531095954,0.1560134488794915,0.0612195988976511,0.1349143038923824,0.208126477829524,0.0534311993134602,0.0587729209167809
304,304.0,0.0606402280596341,0.2661337899016084,0.1565491586145898,0.0611828116458098,0.1346330977024329,0.2085587584227064,0.0532675539827187,0.0590346016704997
305,305.0,0.0604178771521256,0.2656919626344111,0.1572608175727829,0.0611434568368626,0.1343341420921628,0.2087835233789167,0.0531060230077613,0.0592621973249769
306,306.0,0.0603928880831241,0.2652619694482344,0.1579029949134017,0.0610928312342417,0.1340350716777283,0.2089038379182799,0.0529443696427643,0.0594660370822256
307,307.0,0.0603527312854871,0.264725987349407,0.1584690381478061,0.061027022655617,0.1339120070696047,0.2090992942822852,0.0527793934477403,0.0596345257620525
308,308.0,0.0603164058328936,0.2642104841227377,0.1589186725423138,0.0609574360141309,0.1337947251969914,0.2094009838574626,0.0526190862658871,0.059782206167583
309,309.0,0.0602830289654946,0.2637176542104564,0.1592544314537321,0.0608837838731079,0.1336830573710941,0.20945942562698,0.0527339418351552,0.0599846766639797
310,310.0,0.0602809275997588,0.2634554014057796,0.1595846663682949,0.0608325387638651,0.1335925610300661,0.2091886328995429,0.0528686156617462,0.0601966562709463
311,311.0,0.0602695010775164,0.2627547482656771,0.1601209674482629,0.0607718252514316,0.1338043492988935,0.2087297451054364,0.0529933054681641,0.0605555580846178
312,312.0,0.0602631786569076,0.2620512590060033,0.1606070406237407,0.0607165797885179,0.1339929882202378,0.2083725127839891,0.0531211452356292,0.0608752956849744
313,313.0,0.0602433329771384,0.2616085673956768,0.1609711459892604,0.0606486278499645,0.1340964549675849,0.2080548556474582,0.0532252490199922,0.0611517661529245
314,314.0,0.0603860224719837,0.2612965041811766,0.1612427926826394,0.0605639112738052,0.1341033205882391,0.2077302263528622,0.0533114238234369,0.0613657986258568
315,315.0,0.0605084376534833,0.2611579490054855,0.1615142907785952,0.0604701321332459,0.1340513016502394,0.2073693044596178,0.0533860273389442,0.0615425569803884
316,316.0,0.0606181008189887,0.2612548628295441,0.161732065590855,0.0603722887305325,0.1339308133649508,0.206969594103517,0.0534490955027885,0.0616731790588231
317,317.0,0.0612372137962941,0.2612591259310936,0.1600683937810448,0.0607940115330364,0.1332749799112074,0.2070605497936981,0.0540233967756263,0.0622823284779992
318,318.0,0.0618572869742562,0.2613600242229688,0.1589302207128282,0.0612144504466546,0.132611915885284,0.2065807236584777,0.0545885934721412,0.0628567846273892
319,319.0,0.0624214604942326,0.2612230487442061,0.1581019919080416,0.0619060944892478,0.1318675969262154,0.2060196563442428,0.0551051485742072,0.0633550025196063
320,320.0,0.0629572740918323,0.2611077101453576,0.1574394265914566,0.0625839612565096,0.1311433550264275,0.2053450644549131,0.0556048344966091,0.0638183739368941
321,321.0,0.0633446274687651,0.2607844604127585,0.1568855073712542,0.0631200133015053,0.131328656673232,0.2044406260615955,0.0559669146975386,0.0641291940133507
322,322.0,0.0636021986926011,0.260294757868929,0.156199501056128,0.0644398534812112,0.1313482706569354,0.2034125409821578,0.0562098727498617,0.0644930045121756
323,323.0,0.0640772641579608,0.259823047170268,0.1557339385876346,0.0657141659463106,0.1313816114987174,0.2020339077184099,0.0564242754559354,0.0648117894647631
324,324.0,0.0645112298275764,0.2595500963980908,0.1552342467440014,0.0669334095895266,0.1314263895126744,0.2006487136831148,0.0566101130535978,0.0650858011914176
325,325.0,0.0651051518222721,0.2592372809867924,0.1547682554758024,0.0681093966315915,0.1315065405866734,0.199326779259039,0.0567796750205941,0.0651669202172349
326,326.0,0.0656680020384751,0.2590764845082857,0.1542711833650802,0.0689230437020786,0.1316448015801331,0.1980152393700124,0.0569273338837897,0.065473911552145
327,327.0,0.0659936646163543,0.2592217957868891,0.1540243790054197,0.0696537903299724,0.1317337138553522,0.1966185504338533,0.0570282589359128,0.0657258470362461
328,328.0,0.0662671819614576,0.2593801967625412,0.1538439430182727,0.0703036832547447,0.1317616709141839,0.1954268977499919,0.0570930684366608,0.065923357902147
329,329.0,0.0664897920012835,0.2595454587788227,0.1538301441418004,0.070872831765049,0.1317309547494126,0.1943388693136315,0.0571236455798912,0.0660683036701091
330,330.0,0.06667612928319,0.259420464058963,0.1539152227440615,0.0713686599370682,0.1319332431729506,0.1933883287047567,0.05712529390849,0.0661726581905197
331,331.0,0.0668248591619621,0.2594093230288348,0.1540497016289161,0.0717985480906121,0.1320955710826488,0.1925319904456791,0.056864117230585,0.0664258893307618
332,332.0,0.067010232639017,0.2596696554983323,0.1538449340087254,0.07220289042067,0.1319112935094789,0.1916733384539808,0.056626831837563,0.0670608236322322
333,333.0,0.0671435514671334,0.2604039233591988,0.1535916287182778,0.0725385106010561,0.1316064962030421,0.1908743228505362,0.0563689144207599,0.0674726523799953
334,334.0,0.0672379767259884,0.2610671334981717,0.1534699878761515,0.0730712504893168,0.1311959579814129,0.1900154591344041,0.0561009229446948,0.0678413113498596
335,335.0,0.0674998273390828,0.2617285517587902,0.1534084219626119,0.0735577026803088,0.1307988647767807,0.1889785850686472,0.05583581309327,0.0681922333205081
336,336.0,0.0679013967737231,0.2622737219609414,0.1533561182055584,0.0739890700564249,0.1303974898645416,0.1880083593791982,0.0555702059859841,0.0685036377736281
337,337.0,0.0685891376304141,0.2627945788070702,0.153238197347761,0.0741754659080388,0.1298842688190831,0.1872729067358844,0.0552942973307146,0.0687511474210334
338,338.0,0.0692028459872506,0.2630508420599253,0.1530935540693713,0.0743052245157145,0.1298492514849941,0.1862860692683773,0.0552732734261386,0.0689389391882279
339,339.0,0.0697144571661182,0.2635323494640815,0.1531013066125957,0.0743604823933463,0.1296984223183722,0.1853217356483145,0.0552288571810403,0.069042389216131
340,340.0,0.0701667754901338,0.2641382102996559,0.1532423738627545,0.0743623746592971,0.1294988241849893,0.1843189737067716,0.0551780696160577,0.0690943981803399
341,341.0,0.0705664490230404,0.2646091175133476,0.1536065550329046,0.0743222401849547,0.1293010176745935,0.1834568217436099,0.0552893672942892,0.0688484315332598
342,342.0,0.0709290570064911,0.2652387437006474,0.1539676826387049,0.0742124629116428,0.1290596686558633,0.1826592323465968,0.0553449158571914,0.068588236882862
343,343.0,0.0712431868474832,0.2658181874383155,0.1542580979199255,0.0740623376992934,0.1288308637949291,0.1820890120507334,0.0553917858786711,0.0683065283706484
344,344.0,0.0715046169436108,0.2663409539522594,0.1546945442045208,0.0738667120821656,0.1286116148002716,0.1815539149444118,0.0554244483944137,0.068003194678346
345,345.0,0.0717201421264767,0.2668108358007128,0.1550540213172278,0.0736405158691595,0.1284061802329537,0.1812327625682204,0.0554481366879132,0.0676874053973356
346,346.0,0.0721664669953674,0.2669750711015711,0.1550270309671848,0.0733852950972377,0.1284816067842858,0.1811286949251433,0.0554644302123584,0.0673714039168513
347,347.0,0.072523569124178,0.2669997823319066,0.1552822527973785,0.0731008443843392,0.1287444289593027,0.1808761207787179,0.0554614625910986,0.0670115390330782
348,348.0,0.0732040357886722,0.2681795229709215,0.1555552685474581,0.0719790228062664,0.1280730162217847,0.1807502970727427,0.0555386762460491,0.066720160346105
349,349.0,0.073719885309686,0.2689924858913731,0.155673198251586,0.0719652909810801,0.1272216744485728,0.1805845469416634,0.0555163958544703,0.0663265223215682
350,350.0,0.0741133555354536,0.269593625550187,0.1556973486271609,0.0726353434590656,0.126304804174598,0.1803793717565054,0.0554164717752121,0.0658596791218172
351,351.0,0.0743963263249436,0.2707837699282209,0.1556404327349842,0.0731079896883892,0.1253412009620004,0.1801435047022671,0.0552515793311218,0.0653351963280725
352,352.0,0.0746848635769976,0.2719292107179188,0.1556979193922826,0.0735821905866234,0.1243522833408293,0.1797919495016545,0.0550984264227382,0.0648631564609553
353,353.0,0.0749164468152921,0.2731613482274155,0.1557340726448204,0.0740364822644705,0.1233488850768476,0.1794636985968239,0.0549408042121502,0.0643982621621796
354,354.0,0.075105515181381,0.2743824129203466,0.1557559546423397,0.0744739223283007,0.1223819150544055,0.1791641962607411,0.0547863454527942,0.0639497381596908
355,355.0,0.0752603557299214,0.2755319160056273,0.1557706999414648,0.07489379695591,0.1214692526517685,0.1789093659961521,0.0546382538041731,0.0635263589149825
356,356.0,0.0753880471046821,0.2764910247281841,0.1557892832940426,0.0752988682121437,0.1206406150684791,0.1787441273060474,0.0545077820066983,0.0631402522797224
357,357.0,0.0756179715503765,0.2778738056352471,0.155987682749523,0.0758013520679232,0.1194914126145521,0.1778747016648154,0.0542188610131123,0.0631342127044501
358,358.0,0.0758550761932379,0.2792430501526698,0.1564506714650264,0.0762695792509423,0.1183797086929356,0.1766797027750205,0.0539384011442478,0.0631838103259194
359,359.0,0.0760328296975217,0.2803464859846561,0.1570286683193799,0.0767008308450057,0.1173029157931654,0.1756932224381643,0.0536597557175372,0.0632352912045693
360,360.0,0.0761853836144588,0.2812984642366696,0.1578739071642305,0.0771061380183629,0.1163139627521746,0.1745104715714485,0.0533999081087639,0.0633117645338908
361,361.0,0.0761233559215986,0.2812856533390004,0.1588760140836037,0.0774788508845202,0.1155519332565718,0.1741354141942818,0.0531491944985606,0.0633995838218625
362,362.0,0.0762556447165965,0.2810209505944854,0.1594932270004381,0.0776463619794172,0.114808481042502,0.1744792074256421,0.0528540428548684,0.06344208438605
363,363.0,0.0763102418763008,0.2805981042185342,0.16000255434504,0.0782961955670063,0.1140748851931322,0.1747605484909927,0.0525179508074084,0.0634395195015851
364,364.0,0.0763391721932585,0.280110603809116,0.1604554799413999,0.0789037452364972,0.1134143701917309,0.1751374278374379,0.0521955546109304,0.0634436461796289
365,365.0,0.0763417232873511,0.2794695567458669,0.1608461900717108,0.0794637874841457,0.1128106143619887,0.1755779921411656,0.0520418888759574,0.0634482470318135
366,366.0,0.076348397519824,0.2788528545720081,0.1611036410047531,0.0799816133975989,0.112269791344176,0.1759906464102558,0.0519720707738132,0.0634809849775705
367,367.0,0.0763348883090707,0.2782038713569634,0.1613743582188094,0.0804512928165348,0.1117977475024145,0.1764053740619081,0.0519153023245345,0.0635171654097644
368,368.0,0.0763267452945938,0.2775557625721481,0.1617537618803921,0.0808880313026885,0.1114000138730111,0.1764334659797655,0.0518783281024535,0.0637638909949471
369,369.0,0.0762871628283855,0.2768894975548362,0.1622082345141994,0.0812720660150707,0.1110621206074579,0.1764408324656601,0.0518483182140061,0.0639917678003839
370,370.0,0.0762259462527146,0.2761248121495127,0.1626675634289106,0.0816051956465303,0.1107716986955848,0.1765692430512206,0.0518255673672792,0.064209973408247
371,371.0,0.0762614762025537,0.2738493021232944,0.1633760211354789,0.0823082823060668,0.1106868460647539,0.1770407750409764,0.0519366749655384,0.0645406221613372
372,372.0,0.0760720873771926,0.2714476655416471,0.1642510112559081,0.082742988686607,0.1105821957397686,0.1781228518194017,0.0519922064079033,0.0647889931715714
373,373.0,0.0760408850795199,0.2690869543113942,0.1649967356157748,0.083123264175484,0.1105215957894111,0.1791053869392905,0.0520486095753395,0.0650765685137858
374,374.0,0.0760023142100153,0.2667153768822475,0.1664035254970663,0.0834588702528666,0.1104913326030324,0.1793284330633097,0.0521050126053456,0.0654951348861165
