,Unnamed: 0,Total_iterations,Intertwine_two,Invert_path_vertices,Insert_inside_vertex,Delete_inside_vertex,Replace_inside_vertex,Donate_between_routes,Trim_one_terminal_cb,Grow_one_terminal_cb
0,0.0,0.0,0.125,0.125,0.125,0.125,0.125,0.125,0.125,0.125
1,1.0,1.0,0.125,0.125,0.125,0.125,0.125,0.125,0.125,0.125
2,2.0,2.0,0.125,0.125,0.125,0.125,0.125,0.125,0.125,0.125
3,3.0,3.0,0.125,0.125,0.125,0.125,0.125,0.125,0.125,0.125
4,4.0,4.0,0.125,0.125,0.125,0.125,0.125,0.125,0.125,0.125
5,5.0,5.0,0.125,0.125,0.125,0.125,0.125,0.125,0.125,0.125
6,6.0,6.0,0.125,0.125,0.125,0.125,0.125,0.125,0.125,0.125
7,7.0,7.0,0.125,0.125,0.125,0.125,0.125,0.125,0.125,0.125
8,8.0,8.0,0.125,0.125,0.125,0.125,0.125,0.125,0.125,0.125
9,9.0,9.0,0.125,0.125,0.125,0.125,0.125,0.125,0.125,0.125
10,10.0,10.0,0.125,0.125,0.125,0.125,0.125,0.125,0.125,0.125
11,11.0,11.0,0.125,0.125,0.125,0.125,0.125,0.125,0.125,0.125
12,12.0,12.0,0.125,0.125,0.125,0.125,0.125,0.125,0.125,0.125
13,13.0,13.0,0.125,0.125,0.125,0.125,0.125,0.125,0.125,0.125
14,14.0,14.0,0.125,0.125,0.125,0.125,0.125,0.125,0.125,0.125
15,15.0,15.0,0.125,0.125,0.125,0.125,0.125,0.125,0.125,0.125
16,16.0,16.0,0.125,0.125,0.125,0.125,0.125,0.125,0.125,0.125
17,17.0,17.0,0.125,0.125,0.125,0.125,0.125,0.125,0.125,0.125
18,18.0,18.0,0.125,0.125,0.125,0.125,0.125,0.125,0.125,0.125
19,19.0,19.0,0.125,0.125,0.125,0.125,0.125,0.125,0.125,0.125
20,20.0,20.0,0.125,0.125,0.125,0.125,0.125,0.125,0.125,0.125
21,21.0,21.0,0.125,0.125,0.125,0.125,0.125,0.125,0.125,0.125
22,22.0,22.0,0.125,0.125,0.125,0.125,0.125,0.125,0.125,0.125
23,23.0,23.0,0.125,0.125,0.125,0.125,0.125,0.125,0.125,0.125
24,24.0,24.0,0.125,0.125,0.125,0.125,0.125,0.125,0.125,0.125
25,25.0,25.0,0.125,0.125,0.125,0.125,0.125,0.125,0.125,0.125
26,26.0,26.0,0.125,0.125,0.125,0.125,0.125,0.125,0.125,0.125
27,27.0,27.0,0.125,0.125,0.125,0.125,0.125,0.125,0.125,0.125
28,28.0,28.0,0.125,0.125,0.125,0.125,0.125,0.125,0.125,0.125
29,29.0,29.0,0.125,0.125,0.125,0.125,0.125,0.125,0.125,0.125
30,30.0,30.0,0.125,0.125,0.125,0.125,0.125,0.125,0.125,0.125
31,31.0,31.0,0.125,0.125,0.125,0.125,0.125,0.125,0.125,0.125
32,32.0,32.0,0.125,0.125,0.125,0.125,0.125,0.125,0.125,0.125
33,33.0,33.0,0.125,0.125,0.125,0.125,0.125,0.125,0.125,0.125
34,34.0,34.0,0.125,0.125,0.125,0.125,0.125,0.125,0.125,0.125
35,35.0,35.0,0.125,0.125,0.125,0.125,0.125,0.125,0.125,0.125
36,36.0,36.0,0.125,0.125,0.125,0.125,0.125,0.125,0.125,0.125
37,37.0,37.0,0.125,0.125,0.125,0.125,0.125,0.125,0.125,0.125
38,38.0,38.0,0.125,0.125,0.125,0.125,0.125,0.125,0.125,0.125
39,39.0,39.0,0.125,0.125,0.125,0.125,0.125,0.125,0.125,0.125
40,40.0,40.0,0.125,0.125,0.125,0.125,0.125,0.125,0.125,0.125
41,41.0,41.0,0.125,0.125,0.125,0.125,0.125,0.125,0.125,0.125
42,42.0,42.0,0.125,0.125,0.125,0.125,0.125,0.125,0.125,0.125
43,43.0,43.0,0.125,0.125,0.125,0.125,0.125,0.125,0.125,0.125
44,44.0,44.0,0.125,0.125,0.125,0.125,0.125,0.125,0.125,0.125
45,45.0,45.0,0.125,0.125,0.125,0.125,0.125,0.125,0.125,0.125
46,46.0,46.0,0.125,0.125,0.125,0.125,0.125,0.125,0.125,0.125
47,47.0,47.0,0.125,0.125,0.125,0.125,0.125,0.125,0.125,0.125
48,48.0,48.0,0.125,0.125,0.125,0.125,0.125,0.125,0.125,0.125
49,49.0,49.0,0.125,0.125,0.125,0.125,0.125,0.125,0.125,0.125
50,50.0,50.0,0.125,0.125,0.125,0.125,0.125,0.125,0.125,0.125
51,51.0,51.0,0.125,0.125,0.125,0.125,0.125,0.125,0.125,0.125
52,52.0,52.0,0.125,0.125,0.125,0.125,0.125,0.125,0.125,0.125
53,53.0,53.0,0.125,0.125,0.125,0.125,0.125,0.125,0.125,0.125
54,54.0,54.0,0.125,0.125,0.125,0.125,0.125,0.125,0.125,0.125
55,55.0,55.0,0.125,0.125,0.125,0.125,0.125,0.125,0.125,0.125
56,56.0,56.0,0.125,0.125,0.125,0.125,0.125,0.125,0.125,0.125
57,57.0,57.0,0.125,0.125,0.125,0.125,0.125,0.125,0.125,0.125
58,58.0,58.0,0.125,0.125,0.125,0.125,0.125,0.125,0.125,0.125
59,59.0,59.0,0.125,0.125,0.125,0.125,0.125,0.125,0.125,0.125
60,60.0,60.0,0.125,0.125,0.125,0.125,0.125,0.125,0.125,0.125
61,61.0,61.0,0.125,0.125,0.125,0.125,0.125,0.125,0.125,0.125
62,62.0,62.0,0.125,0.125,0.125,0.125,0.125,0.125,0.125,0.125
63,63.0,63.0,0.125,0.125,0.125,0.125,0.125,0.125,0.125,0.125
64,64.0,64.0,0.125,0.125,0.125,0.125,0.125,0.125,0.125,0.125
65,65.0,65.0,0.125,0.125,0.125,0.125,0.125,0.125,0.125,0.125
66,66.0,66.0,0.125,0.125,0.125,0.125,0.125,0.125,0.125,0.125
67,67.0,67.0,0.125,0.125,0.125,0.125,0.125,0.125,0.125,0.125
68,68.0,68.0,0.125,0.125,0.125,0.125,0.125,0.125,0.125,0.125
69,69.0,69.0,0.125,0.125,0.125,0.125,0.125,0.125,0.125,0.125
70,70.0,70.0,0.125,0.125,0.125,0.125,0.125,0.125,0.125,0.125
71,71.0,71.0,0.125,0.125,0.125,0.125,0.125,0.125,0.125,0.125
72,72.0,72.0,0.125,0.125,0.125,0.125,0.125,0.125,0.125,0.125
73,73.0,73.0,0.125,0.125,0.125,0.125,0.125,0.125,0.125,0.125
74,74.0,74.0,0.125,0.125,0.125,0.125,0.125,0.125,0.125,0.125
75,75.0,75.0,0.125,0.125,0.125,0.125,0.125,0.125,0.125,0.125
76,76.0,76.0,0.125,0.125,0.125,0.125,0.125,0.125,0.125,0.125
77,77.0,77.0,0.125,0.125,0.125,0.125,0.125,0.125,0.125,0.125
78,78.0,78.0,0.125,0.125,0.125,0.125,0.125,0.125,0.125,0.125
79,79.0,79.0,0.125,0.125,0.125,0.125,0.125,0.125,0.125,0.125
80,80.0,80.0,0.125,0.125,0.125,0.125,0.125,0.125,0.125,0.125
81,81.0,81.0,0.125,0.125,0.125,0.125,0.125,0.125,0.125,0.125
82,82.0,82.0,0.125,0.125,0.125,0.125,0.125,0.125,0.125,0.125
83,83.0,83.0,0.125,0.125,0.125,0.125,0.125,0.125,0.125,0.125
84,84.0,84.0,0.125,0.125,0.125,0.125,0.125,0.125,0.125,0.125
85,85.0,85.0,0.125,0.125,0.125,0.125,0.125,0.125,0.125,0.125
86,86.0,86.0,0.125,0.125,0.125,0.125,0.125,0.125,0.125,0.125
87,87.0,87.0,0.125,0.125,0.125,0.125,0.125,0.125,0.125,0.125
88,88.0,88.0,0.125,0.125,0.125,0.125,0.125,0.125,0.125,0.125
89,89.0,89.0,0.125,0.125,0.125,0.125,0.125,0.125,0.125,0.125
90,90.0,90.0,0.125,0.125,0.125,0.125,0.125,0.125,0.125,0.125
91,91.0,91.0,0.125,0.125,0.125,0.125,0.125,0.125,0.125,0.125
92,92.0,92.0,0.125,0.125,0.125,0.125,0.125,0.125,0.125,0.125
93,93.0,93.0,0.125,0.125,0.125,0.125,0.125,0.125,0.125,0.125
94,94.0,94.0,0.125,0.125,0.125,0.125,0.125,0.125,0.125,0.125
95,95.0,95.0,0.125,0.125,0.125,0.125,0.125,0.125,0.125,0.125
96,96.0,96.0,0.125,0.125,0.125,0.125,0.125,0.125,0.125,0.125
97,97.0,97.0,0.125,0.125,0.125,0.125,0.125,0.125,0.125,0.125
98,98.0,98.0,0.125,0.125,0.125,0.125,0.125,0.125,0.125,0.125
99,99.0,99.0,0.125,0.125,0.125,0.125,0.125,0.125,0.125,0.125
100,100.0,100.0,0.125,0.125,0.125,0.125,0.125,0.125,0.125,0.125
101,101.0,101.0,0.125,0.125,0.125,0.125,0.125,0.125,0.125,0.125
102,102.0,102.0,0.125,0.125,0.125,0.125,0.125,0.125,0.125,0.125
103,103.0,103.0,0.125,0.125,0.125,0.125,0.125,0.125,0.125,0.125
104,104.0,104.0,0.125,0.125,0.125,0.125,0.125,0.125,0.125,0.125
105,105.0,105.0,0.125,0.125,0.125,0.125,0.125,0.125,0.125,0.125
106,106.0,106.0,0.125,0.125,0.125,0.125,0.125,0.125,0.125,0.125
107,107.0,107.0,0.125,0.125,0.125,0.125,0.125,0.125,0.125,0.125
108,108.0,108.0,0.125,0.125,0.125,0.125,0.125,0.125,0.125,0.125
109,109.0,109.0,0.125,0.125,0.125,0.125,0.125,0.125,0.125,0.125
110,110.0,110.0,0.125,0.125,0.125,0.125,0.125,0.125,0.125,0.125
111,111.0,111.0,0.125,0.125,0.125,0.125,0.125,0.125,0.125,0.125
112,112.0,112.0,0.125,0.125,0.125,0.125,0.125,0.125,0.125,0.125
113,113.0,113.0,0.125,0.125,0.125,0.125,0.125,0.125,0.125,0.125
114,114.0,114.0,0.125,0.125,0.125,0.125,0.125,0.125,0.125,0.125
115,115.0,115.0,0.125,0.125,0.125,0.125,0.125,0.125,0.125,0.125
116,116.0,116.0,0.125,0.125,0.125,0.125,0.125,0.125,0.125,0.125
117,117.0,117.0,0.125,0.125,0.125,0.125,0.125,0.125,0.125,0.125
118,118.0,118.0,0.125,0.125,0.125,0.125,0.125,0.125,0.125,0.125
119,119.0,119.0,0.125,0.125,0.125,0.125,0.125,0.125,0.125,0.125
120,120.0,120.0,0.125,0.125,0.125,0.125,0.125,0.125,0.125,0.125
121,121.0,121.0,0.125,0.125,0.125,0.125,0.125,0.125,0.125,0.125
122,122.0,122.0,0.125,0.125,0.125,0.125,0.125,0.125,0.125,0.125
123,123.0,123.0,0.125,0.125,0.125,0.125,0.125,0.125,0.125,0.125
124,124.0,124.0,0.125,0.125,0.125,0.125,0.125,0.125,0.125,0.125
125,125.0,125.0,0.125,0.125,0.125,0.125,0.125,0.125,0.125,0.125
126,126.0,126.0,0.125,0.125,0.125,0.125,0.125,0.125,0.125,0.125
127,127.0,127.0,0.125,0.125,0.125,0.125,0.125,0.125,0.125,0.125
128,128.0,128.0,0.125,0.125,0.125,0.125,0.125,0.125,0.125,0.125
129,129.0,129.0,0.125,0.125,0.125,0.125,0.125,0.125,0.125,0.125
130,130.0,130.0,0.125,0.125,0.125,0.125,0.125,0.125,0.125,0.125
131,131.0,131.0,0.125,0.125,0.125,0.125,0.125,0.125,0.125,0.125
132,132.0,132.0,0.125,0.125,0.125,0.125,0.125,0.125,0.125,0.125
133,133.0,133.0,0.125,0.125,0.125,0.125,0.125,0.125,0.125,0.125
134,134.0,134.0,0.125,0.125,0.125,0.125,0.125,0.125,0.125,0.125
135,135.0,135.0,0.125,0.125,0.125,0.125,0.125,0.125,0.125,0.125
136,136.0,136.0,0.125,0.125,0.125,0.125,0.125,0.125,0.125,0.125
137,137.0,137.0,0.125,0.125,0.125,0.125,0.125,0.125,0.125,0.125
138,138.0,138.0,0.125,0.125,0.125,0.125,0.125,0.125,0.125,0.125
139,139.0,139.0,0.125,0.125,0.125,0.125,0.125,0.125,0.125,0.125
140,140.0,140.0,0.125,0.125,0.125,0.125,0.125,0.125,0.125,0.125
141,141.0,141.0,0.125,0.125,0.125,0.125,0.125,0.125,0.125,0.125
142,142.0,142.0,0.125,0.125,0.125,0.125,0.125,0.125,0.125,0.125
143,143.0,143.0,0.125,0.125,0.125,0.125,0.125,0.125,0.125,0.125
144,144.0,144.0,0.125,0.125,0.125,0.125,0.125,0.125,0.125,0.125
145,145.0,145.0,0.125,0.125,0.125,0.125,0.125,0.125,0.125,0.125
146,146.0,146.0,0.125,0.125,0.125,0.125,0.125,0.125,0.125,0.125
147,147.0,147.0,0.125,0.125,0.125,0.125,0.125,0.125,0.125,0.125
148,148.0,148.0,0.125,0.125,0.125,0.125,0.125,0.125,0.125,0.125
149,149.0,149.0,0.125,0.125,0.125,0.125,0.125,0.125,0.125,0.125
150,150.0,150.0,0.125,0.125,0.125,0.125,0.125,0.125,0.125,0.125
151,151.0,151.0,0.125,0.125,0.125,0.125,0.125,0.125,0.125,0.125
152,152.0,152.0,0.125,0.125,0.125,0.125,0.125,0.125,0.125,0.125
153,153.0,153.0,0.125,0.125,0.125,0.125,0.125,0.125,0.125,0.125
154,154.0,154.0,0.125,0.125,0.125,0.125,0.125,0.125,0.125,0.125
155,155.0,155.0,0.125,0.125,0.125,0.125,0.125,0.125,0.125,0.125
156,156.0,156.0,0.125,0.125,0.125,0.125,0.125,0.125,0.125,0.125
157,157.0,157.0,0.125,0.125,0.125,0.125,0.125,0.125,0.125,0.125
158,158.0,158.0,0.125,0.125,0.125,0.125,0.125,0.125,0.125,0.125
159,159.0,159.0,0.125,0.125,0.125,0.125,0.125,0.125,0.125,0.125
160,160.0,160.0,0.125,0.125,0.125,0.125,0.125,0.125,0.125,0.125
161,161.0,161.0,0.125,0.125,0.125,0.125,0.125,0.125,0.125,0.125
162,162.0,162.0,0.125,0.125,0.125,0.125,0.125,0.125,0.125,0.125
163,163.0,163.0,0.125,0.125,0.125,0.125,0.125,0.125,0.125,0.125
164,164.0,164.0,0.125,0.125,0.125,0.125,0.125,0.125,0.125,0.125
165,165.0,165.0,0.125,0.125,0.125,0.125,0.125,0.125,0.125,0.125
166,166.0,166.0,0.125,0.125,0.125,0.125,0.125,0.125,0.125,0.125
167,167.0,167.0,0.125,0.125,0.125,0.125,0.125,0.125,0.125,0.125
168,168.0,168.0,0.125,0.125,0.125,0.125,0.125,0.125,0.125,0.125
169,169.0,169.0,0.125,0.125,0.125,0.125,0.125,0.125,0.125,0.125
170,170.0,170.0,0.125,0.125,0.125,0.125,0.125,0.125,0.125,0.125
171,171.0,171.0,0.125,0.125,0.125,0.125,0.125,0.125,0.125,0.125
172,172.0,172.0,0.125,0.125,0.125,0.125,0.125,0.125,0.125,0.125
173,173.0,173.0,0.125,0.125,0.125,0.125,0.125,0.125,0.125,0.125
174,174.0,174.0,0.125,0.125,0.125,0.125,0.125,0.125,0.125,0.125
175,175.0,175.0,0.125,0.125,0.125,0.125,0.125,0.125,0.125,0.125
176,176.0,176.0,0.125,0.125,0.125,0.125,0.125,0.125,0.125,0.125
177,177.0,177.0,0.125,0.125,0.125,0.125,0.125,0.125,0.125,0.125
178,178.0,178.0,0.125,0.125,0.125,0.125,0.125,0.125,0.125,0.125
179,179.0,179.0,0.125,0.125,0.125,0.125,0.125,0.125,0.125,0.125
180,180.0,180.0,0.125,0.125,0.125,0.125,0.125,0.125,0.125,0.125
181,181.0,181.0,0.125,0.125,0.125,0.125,0.125,0.125,0.125,0.125
182,182.0,182.0,0.125,0.125,0.125,0.125,0.125,0.125,0.125,0.125
183,183.0,183.0,0.125,0.125,0.125,0.125,0.125,0.125,0.125,0.125
184,184.0,184.0,0.125,0.125,0.125,0.125,0.125,0.125,0.125,0.125
185,185.0,185.0,0.125,0.125,0.125,0.125,0.125,0.125,0.125,0.125
186,186.0,186.0,0.125,0.125,0.125,0.125,0.125,0.125,0.125,0.125
187,187.0,187.0,0.125,0.125,0.125,0.125,0.125,0.125,0.125,0.125
188,188.0,188.0,0.125,0.125,0.125,0.125,0.125,0.125,0.125,0.125
189,189.0,189.0,0.125,0.125,0.125,0.125,0.125,0.125,0.125,0.125
190,190.0,190.0,0.125,0.125,0.125,0.125,0.125,0.125,0.125,0.125
191,191.0,191.0,0.125,0.125,0.125,0.125,0.125,0.125,0.125,0.125
192,192.0,192.0,0.125,0.125,0.125,0.125,0.125,0.125,0.125,0.125
193,193.0,193.0,0.125,0.125,0.125,0.125,0.125,0.125,0.125,0.125
194,194.0,194.0,0.125,0.125,0.125,0.125,0.125,0.125,0.125,0.125
195,195.0,195.0,0.125,0.125,0.125,0.125,0.125,0.125,0.125,0.125
196,196.0,196.0,0.125,0.125,0.125,0.125,0.125,0.125,0.125,0.125
197,197.0,197.0,0.125,0.125,0.125,0.125,0.125,0.125,0.125,0.125
198,198.0,198.0,0.125,0.125,0.125,0.125,0.125,0.125,0.125,0.125
199,199.0,199.0,0.125,0.125,0.125,0.125,0.125,0.125,0.125,0.125
200,200.0,200.0,0.12222222222222223,0.13333333333333333,0.12222222222222223,0.12222222222222223,0.12222222222222223,0.13333333333333333,0.12222222222222223,0.12222222222222223
201,201.0,201.0,0.1138034188034188,0.14149572649572648,0.1138034188034188,0.1138034188034188,0.1314957264957265,0.12491452991452992,0.14688034188034188,0.1138034188034188
202,202.0,202.0,0.11289432789432788,0.13967754467754467,0.11289432789432788,0.11289432789432788,0.13876845376845376,0.12400543900543899,0.14597125097125097,0.11289432789432788
203,203.0,203.0,0.11234487734487733,0.13857864357864358,0.11234487734487733,0.11234487734487733,0.13766955266955266,0.12345598845598844,0.1509163059163059,0.11234487734487733
204,204.0,204.0,0.11186868686868685,0.13762626262626262,0.11186868686868685,0.11186868686868685,0.1367171717171717,0.12297979797979797,0.1552020202020202,0.11186868686868685
205,205.0,205.0,0.11186868686868685,0.13762626262626262,0.11186868686868685,0.12095959595959596,0.12762626262626262,0.12297979797979797,0.1552020202020202,0.11186868686868685
206,206.0,206.0,0.10520202020202021,0.1305429292929293,0.10520202020202021,0.1142929292929293,0.12054292929292929,0.11631313131313133,0.19645202020202018,0.1114520202020202
207,207.0,207.0,0.10392528223410577,0.1279894533571004,0.10392528223410577,0.11301619132501486,0.11889854426619133,0.1150363933452169,0.20703357100415923,0.11017528223410578
208,208.0,208.0,0.1017156862745098,0.123937908496732,0.1017156862745098,0.11838235294117645,0.12116013071895422,0.11282679738562092,0.20678104575163397,0.11348039215686274
209,209.0,209.0,0.10074786324786322,0.12232905982905981,0.10074786324786322,0.1238247863247863,0.12510683760683758,0.10074786324786322,0.21463675213675212,0.11185897435897434
210,210.0,210.0,0.09981443994601888,0.11519905533063426,0.09981443994601888,0.13058367071524965,0.12388101664417453,0.09981443994601888,0.22055218173639224,0.11034075573549255
211,211.0,211.0,0.09815998329156224,0.11244569757727652,0.09815998329156224,0.13387426900584792,0.12082915622389305,0.09815998329156224,0.23021094402673348,0.10815998329156225
212,212.0,212.0,0.10242063492063491,0.11194444444444444,0.09765873015873015,0.13337301587301587,0.11956349206349207,0.09765873015873015,0.23019841269841274,0.10718253968253968
213,213.0,213.0,0.09877344877344876,0.10803751803751802,0.09422799422799419,0.1513131313131313,0.11544011544011543,0.09422799422799419,0.23466089466089463,0.1033189033189033
214,214.0,214.0,0.09796152518978604,0.10700655624568667,0.09361369910282953,0.15550120772946857,0.1146281918564527,0.09361369910282953,0.2353657694962043,0.10230935127674257
215,215.0,215.0,0.09627164502164501,0.1054978354978355,0.10210497835497834,0.15270021645021642,0.1170508658008658,0.09210497835497834,0.2338311688311688,0.10043831168831167
216,216.0,216.0,0.09593831168831167,0.09818831168831169,0.10193831168831169,0.16350974025974024,0.11671753246753244,0.09193831168831168,0.23183116883116886,0.09993831168831167
217,217.0,217.0,0.09515442890442889,0.09755827505827505,0.10130827505827504,0.16733391608391607,0.1154574592074592,0.09130827505827505,0.23287878787878785,0.09900058275058274
218,218.0,218.0,0.09466931216931215,0.09721560846560845,0.10096560846560845,0.16462301587301587,0.11520502645502644,0.09096560846560844,0.23173280423280423,0.10462301587301585
219,219.0,219.0,0.09291157372039724,0.10110485103132158,0.09934014514896868,0.1612624140565317,0.11279793735676087,0.08934014514896867,0.24050993124522538,0.1027330022918258
220,220.0,220.0,0.09121324809965782,0.09887608334869996,0.09776497223758884,0.17018439977872024,0.1166143176183744,0.08776497223758885,0.2370381297764665,0.10054387690290326
221,221.0,221.0,0.08944536457694349,0.09663834703308385,0.08611203124361018,0.17093884185989444,0.12075849589007481,0.09500092013249908,0.2427717457980616,0.0983342534658324
222,222.0,222.0,0.0868165651388874,0.09359075868727451,0.0835907586872745,0.17487528721288964,0.11603853310227415,0.09207972303362426,0.2577028446525383,0.09530552948523716
223,223.0,223.0,0.08563750862663903,0.09203631815044858,0.08251250862663903,0.15876250862663904,0.11433316080055207,0.10674861973775016,0.2564152001380262,0.10355417529330571
224,224.0,224.0,0.08256493506493505,0.08853084415584414,0.07943993506493505,0.16687499999999997,0.11367965367965367,0.10208874458874458,0.25314123376623376,0.11367965367965367
225,225.0,225.0,0.07994987599782996,0.085520528171743,0.07682487599782996,0.17053128148492597,0.11846502751298146,0.09813169417964812,0.2610702452917926,0.10950647136324884
226,226.0,226.0,0.0788552630943935,0.08832496006409048,0.0746344838736143,0.1702207816338251,0.12237442509181637,0.09860869806521977,0.25893152740978825,0.10804986076725205
227,227.0,227.0,0.07753864999759466,0.09424033066986355,0.07342100293877112,0.1679518545970962,0.12072203665924217,0.09732009617290271,0.26310688822601597,0.10569914073851346
228,228.0,228.0,0.07697514974369193,0.09376086402940621,0.07294153629831378,0.16669600646582744,0.1233331395799426,0.09240876983204346,0.2641801186877913,0.1097044153629831
229,229.0,229.0,0.07534976979297463,0.09171484915805399,0.07139552142696155,0.16983202936346947,0.12009525419363146,0.09799682861650405,0.2665339515116391,0.1070817959367655
230,230.0,230.0,0.07406053458994633,0.09050068903010076,0.07018136129900833,0.18169865481630182,0.11737188990130162,0.09779491150079382,0.2635157820451938,0.10487617681735326
231,231.0,231.0,0.07721913364589329,0.08580826170236441,0.06953658157526257,0.18818635285661284,0.11582719225395188,0.09820452111828139,0.26024610667286635,0.1049718501747671
232,232.0,232.0,0.07607311309410023,0.0844448172489369,0.06860048754918553,0.18978929873799671,0.1136324235566365,0.09582871670512554,0.2643790126903224,0.10725213041769588
233,233.0,233.0,0.07503060945079017,0.08320186590517914,0.06775436160225315,0.19458877718666873,0.11293293303082456,0.09369239946800187,0.26698218197465184,0.1058168713816304
234,234.0,234.0,0.07407685607467863,0.0820627827201045,0.06698473654525733,0.19540141707938702,0.11104861639798594,0.09520652390744044,0.2707242059078584,0.10449486136728747
235,235.0,235.0,0.07375664296764517,0.08145581403615565,0.06672259544751538,0.1970447682037652,0.11364715837613508,0.09477016678182393,0.2685443499452883,0.10405850424167096
236,236.0,236.0,0.07323828508685844,0.08617043106576319,0.06620423756672865,0.19362137734204418,0.1123583417742255,0.09359821412979538,0.27126896667370015,0.10354014636088422
237,237.0,237.0,0.07312754311565134,0.08611506008015965,0.0661488665811251,0.19345526438523356,0.11219222881741489,0.0933767301873812,0.2722656444145639,0.10331866241847006
238,238.0,238.0,0.07265497392385464,0.08504767387270554,0.06567629738932841,0.1948879470817108,0.11378677297350404,0.09231936567394708,0.27732633040373045,0.09830063868121881
239,239.0,239.0,0.07202441552584776,0.08386986667087087,0.06504573899132152,0.19566001973164387,0.11242298433568794,0.09116249148646649,0.2823420314334475,0.0974724518247139
240,240.0,240.0,0.07133920230717045,0.08273203265757553,0.06441337989526577,0.1978235869082805,0.11576398118181239,0.08989537954635557,0.27859089009244775,0.09944154741109185
241,241.0,241.0,0.07078759893977761,0.08201448412423752,0.06391228157837799,0.20518935564247034,0.11439159041468476,0.08880986564505218,0.27627255637937714,0.09862226727602222
242,242.0,242.0,0.06594456268369307,0.0827483386179038,0.06248859835816354,0.21424560946300075,0.11772220533090097,0.07810124657950741,0.2757006399397703,0.10304879902705988
243,243.0,243.0,0.06540259824743475,0.0847923101903382,0.06199288739091537,0.21384980043309051,0.11880028679924885,0.07746677520522874,0.27600282930277736,0.10169251243096596
244,244.0,244.0,0.06489467739467736,0.08402841527841526,0.061529292779292755,0.21344770094770094,0.11746333621333618,0.07687020187020184,0.281339325089325,0.1004270504270504
245,245.0,245.0,0.06454069849768394,0.08343245836688742,0.061217830889102064,0.2149928956888215,0.11190446219734554,0.0784720052861336,0.2859500857402588,0.09948956333376682
246,246.0,246.0,0.06432380953898169,0.08271429722499078,0.05965141426508266,0.22503390189293038,0.10978377469829459,0.07651033174511815,0.28312855979082313,0.09885391084377834
247,247.0,247.0,0.06390933821823606,0.08210132014934844,0.05931193562083348,0.22281058308055274,0.1091024275690605,0.07600758779474652,0.2886634866650033,0.09809332090221876
248,248.0,248.0,0.06354222054367677,0.08159225874077379,0.058984033632548685,0.23047116821222108,0.1048359793347878,0.07516050422078398,0.2878735903418177,0.09754024497339
249,249.0,249.0,0.06303202084180086,0.08089251400717208,0.05854484135462138,0.23110303041424313,0.10408196458778826,0.0745704823802624,0.2914350061965925,0.09634014021751906
250,250.0,250.0,0.06285900630377371,0.08286816381293122,0.05837182681659423,0.2319016206661555,0.10146722463582925,0.07439746784223525,0.2923704638384871,0.0957642260839935
251,251.0,251.0,0.06379429509694444,0.08239101912763072,0.05677929751590911,0.23497423642532028,0.10091751101003528,0.07360851860928116,0.2925128082054206,0.09502231400945818
252,252.0,252.0,0.06351538233514976,0.08187019203879667,0.05653532535509278,0.23531485213752656,0.10022864506294735,0.07322478404455146,0.2949950893206707,0.09431572970526457
253,253.0,253.0,0.06318239812227153,0.07915724605914479,0.05630092516484919,0.240561265914114,0.09953621431311302,0.0728394752223866,0.2946248378906607,0.09379763731346007
254,254.0,254.0,0.06483410007866527,0.07836584611041131,0.05582616357072876,0.2419607686998991,0.09837377296616423,0.0719113284058936,0.29577433134498354,0.09295368882325403
255,255.0,255.0,0.06453986673489634,0.07807161276664236,0.055563258547761826,0.2386243261606702,0.10152033830313205,0.07123820981481835,0.2979347153939124,0.09250767227816627
256,256.0,256.0,0.06434709553486559,0.07787884156661164,0.055400735381608904,0.23999989151082718,0.09885885576119499,0.07069014424860395,0.3005700309859075,0.09225440501037994
257,257.0,257.0,0.06424239671226104,0.07777414274400705,0.05532525923580152,0.2397028258352265,0.09853992038575254,0.07049777739560782,0.30495141685716237,0.08896626083418098
258,258.0,258.0,0.0639628427128427,0.07749458874458873,0.0550739538239538,0.24605699855699853,0.09963744588744586,0.06656204906204903,0.3028553391053391,0.08835678210678208
259,259.0,259.0,0.06398367592908492,0.0739470458924549,0.05371185303431122,0.2493453997257599,0.09904379320554717,0.06628160850966307,0.30659686442210876,0.0870897592810699
260,260.0,260.0,0.06360334156827843,0.07342178399541652,0.05340626888873732,0.25153837339391333,0.09809404215435068,0.06575531768939902,0.3075994045376934,0.08658146777221108
261,261.0,261.0,0.06334929191163957,0.07302897393174712,0.05322407433961348,0.25190386939250653,0.09751454925125957,0.06547071658625572,0.3093034335037496,0.0862050910832282
262,262.0,262.0,0.06305443331178623,0.07260113660848952,0.05299834356819649,0.2513231927386339,0.09862078485240247,0.06514577946563238,0.31064142964878255,0.08561489980607626
263,263.0,263.0,0.06273547880690736,0.07215463108320248,0.05274594453165878,0.25272108843537416,0.09797226582940866,0.06729722658294084,0.3093576661433804,0.08501569858712713
264,264.0,264.0,0.062404706719198955,0.07182385899549408,0.05243848246726042,0.2534281140588969,0.09866554793273782,0.06672802193382585,0.3100926672082733,0.08441860068431242
265,265.0,265.0,0.06216419560523332,0.0714608989019366,0.05223878767982539,0.2555162450233205,0.09812453557972423,0.06636944868548639,0.31000587096341814,0.08412001756105526
266,266.0,266.0,0.06185888357044202,0.07115558686714532,0.05195608984675278,0.25641977128231896,0.0973442394091474,0.06584622609023856,0.31185524694688177,0.08356395598707292
267,267.0,267.0,0.06058980338546899,0.07110108158095771,0.05054026778175382,0.25518620079610793,0.09686988862530656,0.06558389288729842,0.3153401954083068,0.08478866953479954
268,268.0,268.0,0.06023426368728559,0.0706278948239508,0.05024525664282022,0.25550191713134235,0.0960414393416816,0.06506909159251328,0.31807509050677707,0.08420504627362882
269,269.0,269.0,0.06000107899757917,0.07039471013424436,0.05003277588686119,0.25743627504396116,0.09551839957951141,0.06464612084345558,0.31821670010490843,0.08375393940947848
270,270.0,270.0,0.0597781936888236,0.0700587026535431,0.04986771869310028,0.2544542932293396,0.09513107051371279,0.06648198685776827,0.3209054264002037,0.08332260796350838
271,271.0,271.0,0.059649669728057145,0.07270795647055442,0.049758756547670285,0.24998600223964162,0.09479898600839246,0.06629477745099244,0.32376503520120536,0.08303881635348596
272,272.0,272.0,0.05948117191699802,0.0724643835844202,0.04960928461180142,0.2495293174446224,0.09440423454642213,0.06599412693928744,0.32579595613560886,0.08272152482083923
273,273.0,273.0,0.059311422612748244,0.07218578086943021,0.04947581977779838,0.24697419228509815,0.09415387453079088,0.06804473689574216,0.3274524319981802,0.08240174103021156
274,274.0,274.0,0.05901012423957715,0.07170853693798984,0.04922797366795291,0.24474358836038893,0.09343783225426985,0.0675161813170628,0.33243587099822514,0.0819198922245331
275,275.0,275.0,0.05876173989739404,0.07129166611153079,0.04903127737745783,0.24365811556329114,0.09283186233262415,0.06713162739248582,0.3357548578363899,0.08153885348882602
276,276.0,276.0,0.05848229616594676,0.07085071721857833,0.04880184503812721,0.24195307417479867,0.0934835492987788,0.06664003092838477,0.33869748840185565,0.08109099877352954
277,277.0,277.0,0.060174407546565466,0.07042708371330944,0.048581588600805345,0.2423891243899154,0.09282765064668244,0.0661676885676914,0.3387721752131173,0.08066028132191294
278,278.0,278.0,0.06167771932396145,0.07005744144874602,0.04840766049769467,0.24339844398352078,0.09227141821137849,0.0658265713818864,0.338039624031443,0.08032112112136894
279,279.0,279.0,0.06143580534844852,0.06970171113403519,0.04824042037301728,0.24235743877643542,0.09173521322443326,0.06549822995611024,0.3394495394251086,0.08158164176241127
280,280.0,280.0,0.061255396742540325,0.06946480535298574,0.048132331727060454,0.2426217283118878,0.09137648434526809,0.0652876344846384,0.3405670158210163,0.08129460321460284
281,281.0,281.0,0.06108081947970766,0.07077404481987143,0.04802783137173639,0.24091064213298577,0.09102859274245441,0.06508369834360403,0.3420773401938647,0.08101703091577528
282,282.0,282.0,0.06087266015340938,0.07052740078793443,0.04792531721517656,0.24294723113822947,0.09065191479235293,0.06484554658129658,0.34144803814117,0.08078189119043037
283,283.0,283.0,0.0635578149528255,0.06603216543601173,0.05228526134915072,0.24291076447437027,0.09045343581261289,0.0675456201874757,0.3408877615037774,0.07632717628377554
284,284.0,284.0,0.06330244131795705,0.06568732602675817,0.052089629902562204,0.24345894794256528,0.08998260854180772,0.06721577053336379,0.342261189517409,0.0760020862175765
285,285.0,285.0,0.06305622734154295,0.06535488723745685,0.051901124421356595,0.24357463883109917,0.08175104232172933,0.06689851779487319,0.3417748454241728,0.08568871662776889
286,286.0,286.0,0.0620228323951045,0.06425416831065094,0.05089103949822817,0.25171913523646516,0.08061412770655385,0.06587807286138476,0.34093912719715025,0.08368149679446209
287,287.0,287.0,0.06015206232010908,0.06296194713436931,0.050838451241414576,0.2505996913001198,0.08046093582800987,0.06579301707210364,0.34386432806979184,0.08532956703408164
288,288.0,288.0,0.05997147621031999,0.06273126372381993,0.05069517225135769,0.24808278591013616,0.08007660851900336,0.06551731722597427,0.34792918117961413,0.0849961949797742
289,289.0,289.0,0.05980804588809183,0.06245660019138011,0.05055369100726824,0.24742584787862515,0.07967312128459202,0.0653192278474018,0.3486486591300809,0.08611480677255973
290,290.0,290.0,0.05959010496694487,0.06214561147955737,0.05037140604572878,0.24707114082702564,0.0791208178907149,0.06496275062489729,0.3510046952898956,0.08573347287523539
291,291.0,291.0,0.05943740031897924,0.061889154704944147,0.05023940533151058,0.24810663021189336,0.07874504442925492,0.06477887901572107,0.3513227956254272,0.08548069036226927
292,292.0,292.0,0.058516336885984954,0.06092431156584949,0.05768580155843659,0.24637990407346727,0.07881245624116803,0.06540756601486417,0.3486267659349565,0.08364685772527271
293,293.0,293.0,0.05835753977058507,0.060722982535354644,0.05756024614893403,0.24917196435507266,0.07845691623069115,0.06513552543188293,0.3472572850196206,0.08333754050785862
294,294.0,294.0,0.058203231081652596,0.06052733748970973,0.057438328745509935,0.2472529038886595,0.0781109164090294,0.06487147181022573,0.35055863723811787,0.08303717333709498
295,295.0,295.0,0.05677465863981106,0.05836800505684645,0.05807482243997486,0.25281832136539506,0.07919889913908193,0.06441040018216854,0.3448609748442256,0.08549391833249627
296,296.0,296.0,0.056429650302867104,0.057995109523617284,0.057828442856950615,0.2558332063093238,0.07852666387581425,0.06394396236815751,0.3430975371005124,0.08634542766275681
297,297.0,297.0,0.05613406262735465,0.057711901560198745,0.05762873067001031,0.2566919268859413,0.07803145862278985,0.06468124609404277,0.3433802470128579,0.08574042652680422
298,298.0,298.0,0.055869330673744756,0.05745903047553362,0.05745723552251917,0.2554644730490435,0.08058384896739877,0.06437356013993074,0.34233006223627915,0.0864624589355501
299,299.0,299.0,0.055603911269981744,0.057234367416874786,0.05728252251381037,0.2550012128072304,0.0801572773100922,0.06402106106805303,0.3433387883279465,0.0873608592860108
300,300.0,300.0,0.055470750990535035,0.05702953445667126,0.05716559073160481,0.25547784303289656,0.07985984992520193,0.06379062389391663,0.34405103672309456,0.08715477024607907
301,301.0,301.0,0.055318272761692475,0.056819390972094694,0.057040622992107215,0.2570788468079035,0.07947889489376732,0.06349747887651852,0.3438583061235837,0.08690818657233246
302,302.0,302.0,0.055170160923322775,0.05661556949591766,0.05691938228247321,0.25596887735978413,0.07910939730855845,0.06468347285707379,0.3434360004508915,0.08809713932197816
303,303.0,303.0,0.05488537811968937,0.05633729506040558,0.056721215566277315,0.25569480324695487,0.07856973625762725,0.06426500868826866,0.34314670347582277,0.09037985958495394
304,304.0,304.0,0.05474543375833348,0.056145259741633334,0.056606929035215636,0.258462150269925,0.07822158445408227,0.06397568504823183,0.3417103726890322,0.09013258500354596
305,305.0,305.0,0.054457687077833904,0.055836397796999226,0.05640294971897282,0.2576709915177312,0.0776191725170567,0.06356234957398642,0.3435804369590869,0.0908700148383327
306,306.0,306.0,0.05419204800272117,0.05557901649395971,0.056218913543458,0.25911131860205916,0.07711925506776705,0.06317463179989483,0.3429605805745507,0.09164423591558912
307,307.0,307.0,0.05404875901099164,0.05535974066713045,0.056099611595453645,0.26063868628359843,0.07671361187187663,0.06289411228114525,0.3428866008460432,0.09135887744376059
308,308.0,308.0,0.05392768862114812,0.05516480658547275,0.05600200762602923,0.26121242620083296,0.07637423937983097,0.06269505827543845,0.34348745125288427,0.0911363220583631
309,309.0,309.0,0.05549343987650721,0.05665872716025311,0.04925738818914669,0.2532338014573074,0.07772743947907976,0.07421908028481626,0.3390891635733886,0.0943209599795009
310,310.0,310.0,0.05539503396350407,0.05512057560009047,0.049181457259927445,0.2530156654415566,0.07742199818314192,0.07408006081677986,0.34062900431792414,0.09515620441707537
311,311.0,311.0,0.055169459715161226,0.054901033244104,0.049033420763588305,0.2514953533349392,0.07695765902294534,0.0738334525014895,0.3426235471780391,0.09598607423973313
312,312.0,312.0,0.054931151471068654,0.05466857447253661,0.0488707119106291,0.2522884166195816,0.07644963389966343,0.07461800547371214,0.3414357827554161,0.0967377233973922
313,313.0,313.0,0.05477105847171635,0.05452888653546547,0.048763250490224154,0.25246189690268633,0.07611762644657379,0.07445065474670735,0.3413138176131597,0.09759280879346666
314,314.0,314.0,0.05460339750314005,0.05438126908807685,0.048658798623758555,0.25546534527226744,0.07585473906698162,0.07431202653027594,0.3395973723498037,0.0971270515656957
315,315.0,315.0,0.05439778321626698,0.054170951842871795,0.04851482209137038,0.25476831089483337,0.07698641197880879,0.07405665744899521,0.34051020757741807,0.09659485494943529
316,316.0,316.0,0.05433469024683846,0.0540616054044331,0.0484631681519121,0.2549764001726939,0.07686488048670612,0.07397082715957111,0.34087155500642113,0.09645687337142378
317,317.0,317.0,0.05424969655204814,0.053908027209818896,0.048389372665408464,0.2543386896791152,0.07791150283087571,0.07384042161645743,0.34106347870121667,0.09629881074505932
318,318.0,318.0,0.0550948280939381,0.053709465631153384,0.04825248794463593,0.25343538804848303,0.07751983436606744,0.07361600870500158,0.3413348599657889,0.09703712724493146
319,319.0,319.0,0.05510026108937318,0.05361171834371068,0.0482308360547387,0.25440513243604296,0.07869486162063558,0.07378357491015812,0.3377942530873287,0.09837936245801196
320,320.0,320.0,0.0550106985988724,0.05346884564521812,0.048162312907810395,0.256018621723386,0.07847687315194428,0.07366287469272369,0.3369828788588684,0.09821689442117655
321,321.0,321.0,0.05479222916069604,0.054281818936000106,0.04802202714049402,0.2536249302381707,0.07801512134787394,0.07338962295930934,0.33777677094488945,0.10009747927256636
322,322.0,322.0,0.05459614743592254,0.054116550269856734,0.04790234472231785,0.25495924974244477,0.07762691392109236,0.07313693981415989,0.3368791765518423,0.10078267754236352
323,323.0,323.0,0.05442163881656068,0.05397196732758354,0.04780251205453011,0.2529550997612787,0.07729868615171889,0.07438703289752713,0.33888057409315864,0.10028248889764217
324,324.0,324.0,0.05433918075538522,0.05385981195058855,0.0477489860698861,0.25170761359311833,0.07710980139990178,0.07425652922458122,0.3408903551357251,0.10008772187081365
325,325.0,325.0,0.05424129850917327,0.05373281458225947,0.047679475889453427,0.25148777719566534,0.07687337963490266,0.07263182029301733,0.3435075758468663,0.099845858048662
326,326.0,326.0,0.054156003096579974,0.05359884856382904,0.04762200863575626,0.2511003580093707,0.0766052422334169,0.07250844476918654,0.3437335080925096,0.10067558659935079
327,327.0,327.0,0.05432255113858884,0.05361419764721648,0.047706077989096825,0.251723407619634,0.0754254367226065,0.07258900428711747,0.3445118665401684,0.10010745805557124
328,328.0,328.0,0.05540426094746761,0.05348572705641713,0.04759951619303733,0.25277514000698287,0.07508652335287122,0.07238260236838677,0.3436501804501718,0.09961604962466508
329,329.0,329.0,0.055219688873623496,0.053321637380542096,0.0474934819619587,0.252605530665816,0.0747770828028536,0.07222794506273564,0.3451877418651464,0.09916689138732393
330,330.0,330.0,0.05556715198658081,0.05228214611589081,0.046525581193514395,0.25096631862812663,0.07368404130055757,0.07939583325360969,0.3443855061846238,0.09719342133709596
331,331.0,331.0,0.054700659459927324,0.05138071298825899,0.045694266100835546,0.25017043088643487,0.07269800942100511,0.07695577751328503,0.34365451735809166,0.10474562627216115
332,332.0,332.0,0.05342511077125608,0.051307687028178964,0.04565531778226917,0.2517918898494802,0.07254823473618022,0.07687301019909952,0.34378438293132746,0.10461436670220814
333,333.0,333.0,0.0533704088033937,0.05123630449317731,0.04561726583105681,0.25256411219636243,0.0724018813005196,0.0767921849292518,0.3435318568009146,0.10448598564532344
334,334.0,334.0,0.053298608113911274,0.05113081676066202,0.04557900066546834,0.2518695963429342,0.08061488891950566,0.06842750716332098,0.3446964687516047,0.10438311328259253
335,335.0,335.0,0.0520957618947395,0.051069238635656086,0.04559836748053418,0.25186691337811073,0.08183209750364448,0.06846116260580191,0.3443904345828862,0.10468602391862666
336,336.0,336.0,0.052023635172285296,0.05096462856477311,0.04555835342398469,0.2507002630295708,0.07334917448190655,0.06840571645048699,0.35438426347041885,0.10461396540657328
337,337.0,337.0,0.05195439947802101,0.0508634873146163,0.04550549774610042,0.25048965046149313,0.0732168579525687,0.06827920649186552,0.35525614811112105,0.1044347524442136
338,338.0,338.0,0.051886563883761005,0.0507643086741391,0.045453749667927916,0.24918471040702378,0.073087281721408,0.07648890336817596,0.3488751005954314,0.10425938168213253
339,339.0,339.0,0.05152697295762136,0.05019262620359868,0.04497497585340282,0.24949566863258932,0.07339068460296233,0.08391253674885565,0.34173825806441116,0.10476827693655848
340,340.0,340.0,0.0508030929689068,0.04948595280816924,0.04431295989183455,0.24925339663151153,0.07378035693664105,0.08153245524223228,0.34111797539246047,0.10971381012824391
341,341.0,341.0,0.0507252134778305,0.04937833133179885,0.04426467901752015,0.2487224866464242,0.07466178764787337,0.08144695322134513,0.34122157200094094,0.10957897665626674
342,342.0,342.0,0.050664720349711034,0.049288602714601525,0.04423318399538971,0.24597393594090575,0.07456281207120122,0.07428366739197367,0.34435594496090516,0.11663713257531169
343,343.0,343.0,0.05009790715092198,0.048693047691938815,0.043694786908794296,0.24650126304540715,0.07389566773632343,0.07937647795011135,0.3436617225777499,0.11407912693875291
344,344.0,344.0,0.04961395643379838,0.04817009758335246,0.04426961589220476,0.2463513414491568,0.07339947520950983,0.07764293388670121,0.3424157255385841,0.11813685400669213
345,345.0,345.0,0.049137872911356746,0.04767696160750783,0.043820837006085536,0.24975754024405555,0.07274143541238784,0.07697865971639808,0.3441899623155673,0.11569673078664089
346,346.0,346.0,0.04872586398751865,0.04805062720937768,0.043435601815234016,0.24826898537829942,0.072235419056075,0.08108081957996029,0.3446330907120177,0.11356959226151715
347,347.0,347.0,0.04836004972450951,0.04765136929015111,0.04309604605141493,0.24749172922354354,0.07177756990273197,0.07951615951846273,0.34513111297798504,0.11697596331120101
348,348.0,348.0,0.04802491799083174,0.04728333441807527,0.04278667262963556,0.2479527816435366,0.07135231301327047,0.0780999276988033,0.34446655027788203,0.12003350232796492
349,349.0,349.0,0.04774955497492815,0.046953892037095754,0.042536582193026425,0.24681521720587934,0.07221493598419337,0.07692268775014469,0.34394524134429555,0.12286188851043651
350,350.0,350.0,0.047453987661431225,0.04662646403269975,0.04226581561842048,0.24770205139113477,0.0718328851593956,0.07570463340395171,0.3423042763152319,0.12610988641773435
351,351.0,351.0,0.04738944472203641,0.046530563143089045,0.042225614934802376,0.2489428653512678,0.0717097188689775,0.07562387313124863,0.3405354947509216,0.1270424250976565
352,352.0,352.0,0.04730414708349946,0.04642536339948321,0.042164213917250504,0.2492578431861121,0.07146821059365148,0.07546789423264165,0.3410645869382848,0.1268477406490766
353,353.0,353.0,0.047247885058678184,0.04635660293696664,0.042131415242405205,0.2476446070554647,0.07138530305083574,0.07539612467090773,0.34308229507255206,0.1267557669121895
354,354.0,354.0,0.04717958193608515,0.04741236030113095,0.0420861541010336,0.24229037758523342,0.0723064783728818,0.07527346721747044,0.3422798341672712,0.13117174631889322
355,355.0,355.0,0.04711256492959959,0.04732046276079896,0.04204176916943506,0.24251892460063296,0.0721884222910966,0.07515330404395111,0.34261976311161213,0.1310447890928733
