Total_iterations,Unnamed: 0.1,Intertwine_two,Invert_path_vertices,Insert_inside_vertex,Delete_inside_vertex,Replace_inside_vertex,Donate_between_routes,Trim_one_terminal_cb,Grow_one_terminal_cb
0,0.0,0.125,0.125,0.125,0.125,0.125,0.125,0.125,0.125
1,1.0,0.125,0.125,0.125,0.125,0.125,0.125,0.125,0.125
2,2.0,0.125,0.125,0.125,0.125,0.125,0.125,0.125,0.125
3,3.0,0.125,0.125,0.125,0.125,0.125,0.125,0.125,0.125
4,4.0,0.125,0.125,0.125,0.125,0.125,0.125,0.125,0.125
5,5.0,0.125,0.125,0.125,0.125,0.125,0.125,0.125,0.125
6,6.0,0.125,0.125,0.125,0.125,0.125,0.125,0.125,0.125
7,7.0,0.125,0.125,0.125,0.125,0.125,0.125,0.125,0.125
8,8.0,0.125,0.125,0.125,0.125,0.125,0.125,0.125,0.125
9,9.0,0.125,0.125,0.125,0.125,0.125,0.125,0.125,0.125
10,10.0,0.125,0.125,0.125,0.125,0.125,0.125,0.125,0.125
11,11.0,0.125,0.125,0.125,0.125,0.125,0.125,0.125,0.125
12,12.0,0.125,0.125,0.125,0.125,0.125,0.125,0.125,0.125
13,13.0,0.125,0.125,0.125,0.125,0.125,0.125,0.125,0.125
14,14.0,0.125,0.125,0.125,0.125,0.125,0.125,0.125,0.125
15,15.0,0.125,0.125,0.125,0.125,0.125,0.125,0.125,0.125
16,16.0,0.125,0.125,0.125,0.125,0.125,0.125,0.125,0.125
17,17.0,0.125,0.125,0.125,0.125,0.125,0.125,0.125,0.125
18,18.0,0.125,0.125,0.125,0.125,0.125,0.125,0.125,0.125
19,19.0,0.125,0.125,0.125,0.125,0.125,0.125,0.125,0.125
20,20.0,0.125,0.125,0.125,0.125,0.125,0.125,0.125,0.125
21,21.0,0.125,0.125,0.125,0.125,0.125,0.125,0.125,0.125
22,22.0,0.125,0.125,0.125,0.125,0.125,0.125,0.125,0.125
23,23.0,0.125,0.125,0.125,0.125,0.125,0.125,0.125,0.125
24,24.0,0.125,0.125,0.125,0.125,0.125,0.125,0.125,0.125
25,25.0,0.125,0.125,0.125,0.125,0.125,0.125,0.125,0.125
26,26.0,0.125,0.125,0.125,0.125,0.125,0.125,0.125,0.125
27,27.0,0.125,0.125,0.125,0.125,0.125,0.125,0.125,0.125
28,28.0,0.125,0.125,0.125,0.125,0.125,0.125,0.125,0.125
29,29.0,0.125,0.125,0.125,0.125,0.125,0.125,0.125,0.125
30,30.0,0.125,0.125,0.125,0.125,0.125,0.125,0.125,0.125
31,31.0,0.125,0.125,0.125,0.125,0.125,0.125,0.125,0.125
32,32.0,0.125,0.125,0.125,0.125,0.125,0.125,0.125,0.125
33,33.0,0.125,0.125,0.125,0.125,0.125,0.125,0.125,0.125
34,34.0,0.125,0.125,0.125,0.125,0.125,0.125,0.125,0.125
35,35.0,0.125,0.125,0.125,0.125,0.125,0.125,0.125,0.125
36,36.0,0.125,0.125,0.125,0.125,0.125,0.125,0.125,0.125
37,37.0,0.125,0.125,0.125,0.125,0.125,0.125,0.125,0.125
38,38.0,0.125,0.125,0.125,0.125,0.125,0.125,0.125,0.125
39,39.0,0.125,0.125,0.125,0.125,0.125,0.125,0.125,0.125
40,40.0,0.125,0.125,0.125,0.125,0.125,0.125,0.125,0.125
41,41.0,0.125,0.125,0.125,0.125,0.125,0.125,0.125,0.125
42,42.0,0.125,0.125,0.125,0.125,0.125,0.125,0.125,0.125
43,43.0,0.125,0.125,0.125,0.125,0.125,0.125,0.125,0.125
44,44.0,0.125,0.125,0.125,0.125,0.125,0.125,0.125,0.125
45,45.0,0.125,0.125,0.125,0.125,0.125,0.125,0.125,0.125
46,46.0,0.125,0.125,0.125,0.125,0.125,0.125,0.125,0.125
47,47.0,0.125,0.125,0.125,0.125,0.125,0.125,0.125,0.125
48,48.0,0.125,0.125,0.125,0.125,0.125,0.125,0.125,0.125
49,49.0,0.125,0.125,0.125,0.125,0.125,0.125,0.125,0.125
50,50.0,0.125,0.125,0.125,0.125,0.125,0.125,0.125,0.125
51,51.0,0.125,0.125,0.125,0.125,0.125,0.125,0.125,0.125
52,52.0,0.125,0.125,0.125,0.125,0.125,0.125,0.125,0.125
53,53.0,0.125,0.125,0.125,0.125,0.125,0.125,0.125,0.125
54,54.0,0.125,0.125,0.125,0.125,0.125,0.125,0.125,0.125
55,55.0,0.125,0.125,0.125,0.125,0.125,0.125,0.125,0.125
56,56.0,0.125,0.125,0.125,0.125,0.125,0.125,0.125,0.125
57,57.0,0.125,0.125,0.125,0.125,0.125,0.125,0.125,0.125
58,58.0,0.125,0.125,0.125,0.125,0.125,0.125,0.125,0.125
59,59.0,0.125,0.125,0.125,0.125,0.125,0.125,0.125,0.125
60,60.0,0.125,0.125,0.125,0.125,0.125,0.125,0.125,0.125
61,61.0,0.125,0.125,0.125,0.125,0.125,0.125,0.125,0.125
62,62.0,0.125,0.125,0.125,0.125,0.125,0.125,0.125,0.125
63,63.0,0.125,0.125,0.125,0.125,0.125,0.125,0.125,0.125
64,64.0,0.125,0.125,0.125,0.125,0.125,0.125,0.125,0.125
65,65.0,0.125,0.125,0.125,0.125,0.125,0.125,0.125,0.125
66,66.0,0.125,0.125,0.125,0.125,0.125,0.125,0.125,0.125
67,67.0,0.125,0.125,0.125,0.125,0.125,0.125,0.125,0.125
68,68.0,0.125,0.125,0.125,0.125,0.125,0.125,0.125,0.125
69,69.0,0.125,0.125,0.125,0.125,0.125,0.125,0.125,0.125
70,70.0,0.125,0.125,0.125,0.125,0.125,0.125,0.125,0.125
71,71.0,0.125,0.125,0.125,0.125,0.125,0.125,0.125,0.125
72,72.0,0.125,0.125,0.125,0.125,0.125,0.125,0.125,0.125
73,73.0,0.125,0.125,0.125,0.125,0.125,0.125,0.125,0.125
74,74.0,0.125,0.125,0.125,0.125,0.125,0.125,0.125,0.125
75,75.0,0.125,0.125,0.125,0.125,0.125,0.125,0.125,0.125
76,76.0,0.125,0.125,0.125,0.125,0.125,0.125,0.125,0.125
77,77.0,0.125,0.125,0.125,0.125,0.125,0.125,0.125,0.125
78,78.0,0.125,0.125,0.125,0.125,0.125,0.125,0.125,0.125
79,79.0,0.125,0.125,0.125,0.125,0.125,0.125,0.125,0.125
80,80.0,0.125,0.125,0.125,0.125,0.125,0.125,0.125,0.125
81,81.0,0.125,0.125,0.125,0.125,0.125,0.125,0.125,0.125
82,82.0,0.125,0.125,0.125,0.125,0.125,0.125,0.125,0.125
83,83.0,0.125,0.125,0.125,0.125,0.125,0.125,0.125,0.125
84,84.0,0.125,0.125,0.125,0.125,0.125,0.125,0.125,0.125
85,85.0,0.125,0.125,0.125,0.125,0.125,0.125,0.125,0.125
86,86.0,0.125,0.125,0.125,0.125,0.125,0.125,0.125,0.125
87,87.0,0.125,0.125,0.125,0.125,0.125,0.125,0.125,0.125
88,88.0,0.125,0.125,0.125,0.125,0.125,0.125,0.125,0.125
89,89.0,0.125,0.125,0.125,0.125,0.125,0.125,0.125,0.125
90,90.0,0.125,0.125,0.125,0.125,0.125,0.125,0.125,0.125
91,91.0,0.125,0.125,0.125,0.125,0.125,0.125,0.125,0.125
92,92.0,0.125,0.125,0.125,0.125,0.125,0.125,0.125,0.125
93,93.0,0.125,0.125,0.125,0.125,0.125,0.125,0.125,0.125
94,94.0,0.125,0.125,0.125,0.125,0.125,0.125,0.125,0.125
95,95.0,0.125,0.125,0.125,0.125,0.125,0.125,0.125,0.125
96,96.0,0.125,0.125,0.125,0.125,0.125,0.125,0.125,0.125
97,97.0,0.125,0.125,0.125,0.125,0.125,0.125,0.125,0.125
98,98.0,0.125,0.125,0.125,0.125,0.125,0.125,0.125,0.125
99,99.0,0.125,0.125,0.125,0.125,0.125,0.125,0.125,0.125
100,100.0,0.125,0.125,0.125,0.125,0.125,0.125,0.125,0.125
101,101.0,0.125,0.125,0.125,0.125,0.125,0.125,0.125,0.125
102,102.0,0.125,0.125,0.125,0.125,0.125,0.125,0.125,0.125
103,103.0,0.125,0.125,0.125,0.125,0.125,0.125,0.125,0.125
104,104.0,0.125,0.125,0.125,0.125,0.125,0.125,0.125,0.125
105,105.0,0.125,0.125,0.125,0.125,0.125,0.125,0.125,0.125
106,106.0,0.125,0.125,0.125,0.125,0.125,0.125,0.125,0.125
107,107.0,0.125,0.125,0.125,0.125,0.125,0.125,0.125,0.125
108,108.0,0.125,0.125,0.125,0.125,0.125,0.125,0.125,0.125
109,109.0,0.125,0.125,0.125,0.125,0.125,0.125,0.125,0.125
110,110.0,0.125,0.125,0.125,0.125,0.125,0.125,0.125,0.125
111,111.0,0.125,0.125,0.125,0.125,0.125,0.125,0.125,0.125
112,112.0,0.125,0.125,0.125,0.125,0.125,0.125,0.125,0.125
113,113.0,0.125,0.125,0.125,0.125,0.125,0.125,0.125,0.125
114,114.0,0.125,0.125,0.125,0.125,0.125,0.125,0.125,0.125
115,115.0,0.125,0.125,0.125,0.125,0.125,0.125,0.125,0.125
116,116.0,0.125,0.125,0.125,0.125,0.125,0.125,0.125,0.125
117,117.0,0.125,0.125,0.125,0.125,0.125,0.125,0.125,0.125
118,118.0,0.125,0.125,0.125,0.125,0.125,0.125,0.125,0.125
119,119.0,0.125,0.125,0.125,0.125,0.125,0.125,0.125,0.125
120,120.0,0.125,0.125,0.125,0.125,0.125,0.125,0.125,0.125
121,121.0,0.125,0.125,0.125,0.125,0.125,0.125,0.125,0.125
122,122.0,0.125,0.125,0.125,0.125,0.125,0.125,0.125,0.125
123,123.0,0.125,0.125,0.125,0.125,0.125,0.125,0.125,0.125
124,124.0,0.125,0.125,0.125,0.125,0.125,0.125,0.125,0.125
125,125.0,0.125,0.125,0.125,0.125,0.125,0.125,0.125,0.125
126,126.0,0.125,0.125,0.125,0.125,0.125,0.125,0.125,0.125
127,127.0,0.125,0.125,0.125,0.125,0.125,0.125,0.125,0.125
128,128.0,0.125,0.125,0.125,0.125,0.125,0.125,0.125,0.125
129,129.0,0.125,0.125,0.125,0.125,0.125,0.125,0.125,0.125
130,130.0,0.125,0.125,0.125,0.125,0.125,0.125,0.125,0.125
131,131.0,0.125,0.125,0.125,0.125,0.125,0.125,0.125,0.125
132,132.0,0.125,0.125,0.125,0.125,0.125,0.125,0.125,0.125
133,133.0,0.125,0.125,0.125,0.125,0.125,0.125,0.125,0.125
134,134.0,0.125,0.125,0.125,0.125,0.125,0.125,0.125,0.125
135,135.0,0.125,0.125,0.125,0.125,0.125,0.125,0.125,0.125
136,136.0,0.125,0.125,0.125,0.125,0.125,0.125,0.125,0.125
137,137.0,0.125,0.125,0.125,0.125,0.125,0.125,0.125,0.125
138,138.0,0.125,0.125,0.125,0.125,0.125,0.125,0.125,0.125
139,139.0,0.125,0.125,0.125,0.125,0.125,0.125,0.125,0.125
140,140.0,0.125,0.125,0.125,0.125,0.125,0.125,0.125,0.125
141,141.0,0.125,0.125,0.125,0.125,0.125,0.125,0.125,0.125
142,142.0,0.125,0.125,0.125,0.125,0.125,0.125,0.125,0.125
143,143.0,0.125,0.125,0.125,0.125,0.125,0.125,0.125,0.125
144,144.0,0.125,0.125,0.125,0.125,0.125,0.125,0.125,0.125
145,145.0,0.125,0.125,0.125,0.125,0.125,0.125,0.125,0.125
146,146.0,0.125,0.125,0.125,0.125,0.125,0.125,0.125,0.125
147,147.0,0.125,0.125,0.125,0.125,0.125,0.125,0.125,0.125
148,148.0,0.125,0.125,0.125,0.125,0.125,0.125,0.125,0.125
149,149.0,0.125,0.125,0.125,0.125,0.125,0.125,0.125,0.125
150,150.0,0.125,0.125,0.125,0.125,0.125,0.125,0.125,0.125
151,151.0,0.125,0.125,0.125,0.125,0.125,0.125,0.125,0.125
152,152.0,0.125,0.125,0.125,0.125,0.125,0.125,0.125,0.125
153,153.0,0.125,0.125,0.125,0.125,0.125,0.125,0.125,0.125
154,154.0,0.125,0.125,0.125,0.125,0.125,0.125,0.125,0.125
155,155.0,0.125,0.125,0.125,0.125,0.125,0.125,0.125,0.125
156,156.0,0.125,0.125,0.125,0.125,0.125,0.125,0.125,0.125
157,157.0,0.125,0.125,0.125,0.125,0.125,0.125,0.125,0.125
158,158.0,0.125,0.125,0.125,0.125,0.125,0.125,0.125,0.125
159,159.0,0.125,0.125,0.125,0.125,0.125,0.125,0.125,0.125
160,160.0,0.125,0.125,0.125,0.125,0.125,0.125,0.125,0.125
161,161.0,0.125,0.125,0.125,0.125,0.125,0.125,0.125,0.125
162,162.0,0.125,0.125,0.125,0.125,0.125,0.125,0.125,0.125
163,163.0,0.125,0.125,0.125,0.125,0.125,0.125,0.125,0.125
164,164.0,0.125,0.125,0.125,0.125,0.125,0.125,0.125,0.125
165,165.0,0.125,0.125,0.125,0.125,0.125,0.125,0.125,0.125
166,166.0,0.125,0.125,0.125,0.125,0.125,0.125,0.125,0.125
167,167.0,0.125,0.125,0.125,0.125,0.125,0.125,0.125,0.125
168,168.0,0.125,0.125,0.125,0.125,0.125,0.125,0.125,0.125
169,169.0,0.125,0.125,0.125,0.125,0.125,0.125,0.125,0.125
170,170.0,0.125,0.125,0.125,0.125,0.125,0.125,0.125,0.125
171,171.0,0.125,0.125,0.125,0.125,0.125,0.125,0.125,0.125
172,172.0,0.125,0.125,0.125,0.125,0.125,0.125,0.125,0.125
173,173.0,0.125,0.125,0.125,0.125,0.125,0.125,0.125,0.125
174,174.0,0.125,0.125,0.125,0.125,0.125,0.125,0.125,0.125
175,175.0,0.125,0.125,0.125,0.125,0.125,0.125,0.125,0.125
176,176.0,0.125,0.125,0.125,0.125,0.125,0.125,0.125,0.125
177,177.0,0.125,0.125,0.125,0.125,0.125,0.125,0.125,0.125
178,178.0,0.125,0.125,0.125,0.125,0.125,0.125,0.125,0.125
179,179.0,0.125,0.125,0.125,0.125,0.125,0.125,0.125,0.125
180,180.0,0.125,0.125,0.125,0.125,0.125,0.125,0.125,0.125
181,181.0,0.125,0.125,0.125,0.125,0.125,0.125,0.125,0.125
182,182.0,0.125,0.125,0.125,0.125,0.125,0.125,0.125,0.125
183,183.0,0.125,0.125,0.125,0.125,0.125,0.125,0.125,0.125
184,184.0,0.125,0.125,0.125,0.125,0.125,0.125,0.125,0.125
185,185.0,0.125,0.125,0.125,0.125,0.125,0.125,0.125,0.125
186,186.0,0.125,0.125,0.125,0.125,0.125,0.125,0.125,0.125
187,187.0,0.125,0.125,0.125,0.125,0.125,0.125,0.125,0.125
188,188.0,0.125,0.125,0.125,0.125,0.125,0.125,0.125,0.125
189,189.0,0.125,0.125,0.125,0.125,0.125,0.125,0.125,0.125
190,190.0,0.125,0.125,0.125,0.125,0.125,0.125,0.125,0.125
191,191.0,0.125,0.125,0.125,0.125,0.125,0.125,0.125,0.125
192,192.0,0.125,0.125,0.125,0.125,0.125,0.125,0.125,0.125
193,193.0,0.125,0.125,0.125,0.125,0.125,0.125,0.125,0.125
194,194.0,0.125,0.125,0.125,0.125,0.125,0.125,0.125,0.125
195,195.0,0.125,0.125,0.125,0.125,0.125,0.125,0.125,0.125
196,196.0,0.125,0.125,0.125,0.125,0.125,0.125,0.125,0.125
197,197.0,0.125,0.125,0.125,0.125,0.125,0.125,0.125,0.125
198,198.0,0.125,0.125,0.125,0.125,0.125,0.125,0.125,0.125
199,199.0,0.125,0.125,0.125,0.125,0.125,0.125,0.125,0.125
200,200.0,0.1247222222222222,0.1258333333333333,0.1247222222222222,0.1247222222222222,0.1247222222222222,0.1258333333333333,0.1247222222222222,0.1247222222222222
201,201.0,0.1236053418803418,0.1274745726495726,0.1236053418803418,0.1236053418803418,0.1253745726495726,0.1258164529914529,0.1269130341880341,0.1236053418803418
202,202.0,0.1224112212509712,0.1289100813908313,0.1224112212509712,0.1224112212509712,0.1267501722999223,0.1257013323620823,0.1289935289432789,0.1224112212509712
203,203.0,0.1211863986960262,0.1301998237809412,0.1211863986960262,0.1211863986960262,0.1279985046900322,0.1255258198071372,0.1315302569377844,0.1211863986960262
204,204.0,0.1199480241354451,0.1313491420347791,0.1199480241354451,0.1199480241354451,0.1291234762256882,0.1252995411465562,0.134435744051196,0.1199480241354451
205,205.0,0.1187526936582545,0.1324462996691479,0.1187526936582545,0.1196617845673455,0.1293027966536026,0.1250726929203656,0.1372583452147747,0.1187526936582545
206,206.0,0.1169413894942207,0.1327772078363178,0.1169413894942207,0.1187504804033116,0.1287390863651187,0.1241809339007217,0.144103123011868,0.1175663894942207
207,207.0,0.1150661482568768,0.1327973348077538,0.1150661482568768,0.1177580573477859,0.1279853470320876,0.1231719989603749,0.1518450670813673,0.1163098982568768
208,208.0,0.11304606288708,0.1323622157815029,0.11304606288708,0.1173540740992012,0.1274422722499769,0.1219616418619516,0.1593394492578922,0.1154482209753153
209,209.0,0.1110178999854725,0.1317254807182621,0.1110178999854725,0.1175450153022557,0.1272853542195554,0.1195730786148316,0.1673443798202137,0.1144908913539365
210,210.0,0.1089965106764652,0.1303454545026109,0.1089965106764652,0.1184555485342763,0.1269997607297826,0.1171417772085694,0.1756132840094325,0.1134511536623978
211,211.0,0.1069199939256085,0.1286766311414692,0.1069199939256085,0.1197253694939645,0.1264063531061028,0.1146148869048623,0.1844705629860332,0.112266208516351
212,212.0,0.1053895939064043,0.1269622554675166,0.1049134034302138,0.1209595720395195,0.1256899478599288,0.1121260112821097,0.1928982647425487,0.1110609512717586
213,213.0,0.1036178256845442,0.1248784466100358,0.1026918516585702,0.1239885003128655,0.1245715809180701,0.109398276817325,0.2013024459992195,0.1095510719993697
214,214.0,0.1018935981573929,0.1227315131733948,0.1005463869772687,0.1274065897105133,0.1233925436572516,0.1067301834606089,0.209270281100371,0.1080289037631989
215,215.0,0.1001334846364665,0.1204911514363557,0.0993952698105678,0.1304837172206606,0.1224860339989482,0.1040468625212016,0.216548827508862,0.1064146528669375
216,216.0,0.0984774307381513,0.117593940332683,0.0983696947793145,0.1345562493530412,0.1215824902911609,0.1014957881674061,0.2230723426897271,0.1048520636485161
217,217.0,0.0968832027607809,0.1147293903899301,0.0974193597572728,0.1388934807636682,0.1205946440499088,0.0990412428211955,0.2291358565186819,0.1033028229385618
218,218.0,0.0953825981690723,0.1119453176288693,0.0965686807311786,0.142810303365345,0.1196289673091141,0.0967205556727101,0.234515849913744,0.1024277272099665
219,219.0,0.0938491473316455,0.1096812793088533,0.0956844925533742,0.1462175106502825,0.1184749099240315,0.0944118414353383,0.2402077262137326,0.1014730925827422
220,220.0,0.092289833279775,0.1073350037698014,0.0947677624281681,0.1503266448130075,0.1177611265779457,0.0921257643677019,0.2449862567871613,0.1004076079764389
221,221.0,0.0906988964290188,0.1049149929488821,0.0928073833141791,0.1542988873172346,0.1175216713040429,0.0907482818750191,0.2497808146352998,0.0992290721763235
222,222.0,0.088991638001012,0.1023494579163158,0.0907239613352496,0.1584339496517651,0.1168665335246106,0.0892589543042919,0.2555189358956997,0.0978565693710552
223,223.0,0.0873154490359598,0.0997974453410331,0.0886697245216698,0.1607086412698287,0.1160980922887259,0.0894136568483433,0.2605763196661768,0.0974206710282624
224,224.0,0.0854828422071491,0.0970724753519124,0.0864520818743273,0.1635476515369902,0.1153234951494582,0.0892602512519831,0.2647589572271454,0.0981022454010341
225,225.0,0.0835428110830869,0.094233554451333,0.0841245761169146,0.1665016624105582,0.1150884566927519,0.0888547661077169,0.2692000549499639,0.0984541181876744
226,226.0,0.0816513924302347,0.0918718385672504,0.0817377847216308,0.169169518402403,0.1153016275478021,0.0886302991471538,0.2729018730157184,0.0987356661678067
227,227.0,0.0797894930396294,0.0903023625471217,0.0793972913639109,0.1713542087237047,0.11539897044953,0.088399202682596,0.276511341900461,0.0988471292930463
228,228.0,0.078034925132274,0.0888812671461876,0.0771831377936658,0.1731608216584832,0.1158009200152522,0.087789292165311,0.2797331424061623,0.0994164936826637
229,229.0,0.0762826782666966,0.0874464757670439,0.0749933820783565,0.1750357274376215,0.115914208281418,0.087845373354868,0.2827126159064946,0.0997695389075007
230,230.0,0.0745674034826369,0.0860764312469293,0.0728652073152688,0.1778577682033877,0.1157856417508564,0.0879771692665146,0.2849305384662006,0.0999398402682054
231,231.0,0.073334447393651,0.0844183910238842,0.0708585335959528,0.1810847835627375,0.1155313245901205,0.0882349239710881,0.2863855536684932,0.1001520421940726
232,232.0,0.0721490317209068,0.0828037090845857,0.0689456983257537,0.1842204076672295,0.1150859209523649,0.0883290187353605,0.2878469634823458,0.1006192500314528
233,233.0,0.0710171480648379,0.0812426112864848,0.0671360818801156,0.1875781061168472,0.1146005736518463,0.0882750692791911,0.2891878697353259,0.1009625399853509
234,234.0,0.0699432120506242,0.0797433074958735,0.0654366473705631,0.1907514054214731,0.1139586530118856,0.0884321005144705,0.2905468308787219,0.1011878432563877
235,235.0,0.0689859847673692,0.0783564319681707,0.0638964230939386,0.1938182100246534,0.1136116782675968,0.08859753714759,0.2913536840618127,0.1013800506688682
236,236.0,0.0681203510063637,0.0776106995168788,0.0624866471804337,0.1962682606631347,0.1131708741386314,0.0886909611485371,0.2921242202582703,0.10152798608775
237,237.0,0.067381385765143,0.0770196005276446,0.0612494876635818,0.1984302261088759,0.1127494138032373,0.0888019668849606,0.2927088180733229,0.1016591011732335
238,238.0,0.0667265217023698,0.0764718274121135,0.0601377809684109,0.2004695136624543,0.1125239820671334,0.0888418832294226,0.2935365929691992,0.1012918979888959
239,239.0,0.0661333727282881,0.075946809352558,0.0591295742671656,0.2023262640598607,0.1121973425499219,0.0887968953451355,0.294621057852805,0.1008486838442648
240,240.0,0.0655899277577224,0.0754397402708117,0.0582181139736808,0.204147033691908,0.1122397230869017,0.0886533510166794,0.2950991718497566,0.1006129383525391
241,241.0,0.0651031596929685,0.0749845461677738,0.0574096425370715,0.2064590687663332,0.1121758690744199,0.0884280300162353,0.2951325582581329,0.1003071254870645
242,242.0,0.0642376092015496,0.074718556303971,0.0566046763125148,0.2094328285841304,0.1124736191682105,0.0871581975655693,0.2949168143629234,0.1004576985011308
243,243.0,0.0634214868504682,0.0747638604069312,0.0558894748341454,0.2121177593259455,0.1129018882610838,0.0858613317126815,0.2945607020493039,0.1004834965594403
244,244.0,0.0626559957631889,0.0748285291062372,0.0552604681680184,0.2145113074561116,0.1132126193714601,0.0845505495465051,0.2945882718182359,0.1003922587702426
245,245.0,0.061954042711253,0.0749191341061815,0.0547259042255978,0.216809384182289,0.1129788971376184,0.0834542224617766,0.2949416712080789,0.1002167439672043
246,246.0,0.0613264626265048,0.0750139957345489,0.0541530742816524,0.2198635889713249,0.1125457340278532,0.082221538559663,0.2948876622093159,0.0999879435891367
247,247.0,0.0607501668872817,0.0751150765074197,0.0536585628675108,0.2224417445294355,0.1120601329228454,0.0810047365845781,0.2952749557736623,0.0996946239272662
248,248.0,0.0602263806678344,0.0752250054985652,0.0532372461234882,0.225531831430413,0.1111668700513733,0.0797749349617071,0.2954784156581689,0.0993593156084495
249,249.0,0.0597371114989028,0.0753176396496581,0.0528716097011657,0.2284254892293131,0.1102242230851826,0.0785629670096618,0.2959416228865388,0.0989193369395768
250,250.0,0.0593124168864905,0.0756543241097927,0.0525819677838073,0.2311364156853637,0.1090529442354411,0.0774149695527244,0.2964069889893618,0.0984399727570182
251,251.0,0.0590591865088094,0.0759817640524153,0.0522199357184441,0.2338911631215336,0.1078679647120983,0.0762727019010804,0.296799687667087,0.0979075963185316
252,252.0,0.0588507389785983,0.0762884698426443,0.0519153032615102,0.2364153281183451,0.1066630920093603,0.0751796457252098,0.297358475793948,0.0973289462703837
253,253.0,0.058676484213686,0.0763490276778467,0.0516638942521812,0.2392007132333259,0.1054451190324486,0.0741378156679032,0.2978007261003892,0.0967262198222189
254,254.0,0.0587298842599901,0.0763524719184686,0.0514365202934997,0.2418611156421951,0.1041736101713398,0.0730943705302228,0.2982819418395212,0.0960700853447623
255,255.0,0.0588095631254737,0.0763462821425708,0.051249489661162,0.2439228300868315,0.1032859103579869,0.0720761276259596,0.2989059983046875,0.0954037986953276
256,256.0,0.0589193000205001,0.0763386875305004,0.0511080474643087,0.2458629445827584,0.102203176551227,0.0710965232773899,0.299721467853429,0.0947498527198861
257,257.0,0.059061871298907,0.0763367840377377,0.0510161287517331,0.2475207105308131,0.1011633793796985,0.0701915788880897,0.3009020146657466,0.0938075324472738
258,258.0,0.059214035303665,0.0763214890813721,0.0509513626740709,0.2495699383092838,0.1003110798855528,0.0689866180894388,0.3017953930435643,0.0928500836130519
259,259.0,0.0594005543036631,0.0759647003320619,0.0507980890367095,0.2517079540292606,0.0994779087326507,0.0678498636251405,0.3029841855758949,0.0918167443646183
260,260.0,0.059576219183835,0.0755708877235828,0.0506587219885029,0.2538278400010201,0.0986287384346482,0.0667584729740909,0.304190479655013,0.0907886400393067
261,261.0,0.0597491838341703,0.075155684332303,0.0505425476592069,0.255749392309392,0.0978011889133338,0.065737729724985,0.3054806364716518,0.0897836367549569
262,262.0,0.0599113672402614,0.0747179504438198,0.0504422329525028,0.2573822664923705,0.0971641515076443,0.06478389695734,0.306813805191451,0.0887843292146097
263,263.0,0.0600568675159707,0.074258171253303,0.0503522709189724,0.2589310520891878,0.0965405322736721,0.0641442110032733,0.3079235569333033,0.087793338012317
264,264.0,0.0601815266682477,0.073790257371366,0.050264495618482,0.2603335620521375,0.0960629205089873,0.0635431033354985,0.3090101746995605,0.0868139597457201
265,265.0,0.0602919005944099,0.0733131748845083,0.0501872682377849,0.2617355796353022,0.0956049949597072,0.0629980982956504,0.3099902759897936,0.0858787074028432
266,266.0,0.0603794288745849,0.0728347466830314,0.0501100090062707,0.2630255547399305,0.0951400277544975,0.0624889850041607,0.3110574606990859,0.0849637872384378
267,267.0,0.0603460908552038,0.0723819191749246,0.0499173542998128,0.2639971174508987,0.0946961643079713,0.0620381221323868,0.3123743996460696,0.084248832132732
268,268.0,0.0602829697932451,0.0719142473659882,0.0497206930849268,0.2648149863577456,0.0942355795209085,0.0616163231258609,0.3138627921658242,0.0835524085855003
269,269.0,0.060202355307452,0.0714571607435543,0.0495276955515123,0.2656513734729057,0.0937868078345427,0.0612289346297483,0.3152586293768261,0.0828870430834581
270,270.0,0.0601055009762639,0.0710015575292007,0.0493425428554168,0.2660237727107982,0.0933614963276833,0.0610980434468153,0.3168133362035381,0.0822537499502833
271,271.0,0.0600022066092436,0.0708470114692269,0.0491702609727646,0.265796408131117,0.0929632032628382,0.0610153598756076,0.3185394541296458,0.081666095549556
272,272.0,0.0598888665290075,0.0707021721766504,0.0490061450405398,0.2653880074709873,0.092583622185736,0.060963673786104,0.3203483081672986,0.081119204643676
273,273.0,0.05976580858025,0.0705615786559103,0.0488511256138498,0.2646063474606545,0.0922351693383878,0.061172521832728,0.3221964008671263,0.0806110476510929
274,274.0,0.0596203827293761,0.0704035621162353,0.0486930704604838,0.2635034715071284,0.0918691446000464,0.0613763516674518,0.3244105885082863,0.0801234284109915
275,275.0,0.0594585584444733,0.0702327098960994,0.0485365002254795,0.2622147370377778,0.0914948122199167,0.0615827414227417,0.3268155088940462,0.0796644318594649
276,276.0,0.0592780040294452,0.0700454375708362,0.0483775915515624,0.2606988056617682,0.0912364522755426,0.0617748214157899,0.3293635937872001,0.0792252937078549
277,277.0,0.0592767591153469,0.0698425819240499,0.0482167906361704,0.2591906151300015,0.0909608094306286,0.06194911126859,0.3317576778183114,0.078805654676901
278,278.0,0.0594349463547101,0.0696288926333784,0.048058324981653,0.2577661607033711,0.0906757760388361,0.0621140461905205,0.3339092433020921,0.0784126097954382
279,279.0,0.0595755512022783,0.0694052847284567,0.0479024752352799,0.2562363740314968,0.0903815819092538,0.062266778729594,0.3360279475841549,0.0782040065794853
280,280.0,0.0597026572459605,0.069183311299978,0.0477547810503259,0.2547472056278045,0.090094470617865,0.0624154929798782,0.3380807449960116,0.078021336182176
281,281.0,0.059815122353957,0.0691172741015658,0.0476151817551022,0.253114590673432,0.0898141014326077,0.062557663606078,0.3401041578122176,0.0778619082650392
282,282.0,0.0599081819897816,0.0690497439269842,0.0474834174699112,0.2517268566296168,0.0895362462839645,0.0626870623408025,0.34188203096535,0.0777264603935889
283,283.0,0.0602700959236016,0.068554219803278,0.0478052430240894,0.2503864530688832,0.0892774854372955,0.0630951134050773,0.3434217492111881,0.0771896401265866
284,284.0,0.0606031582908449,0.0680485436073444,0.0481201230614415,0.2491601513250974,0.0890092774519661,0.0634738794653374,0.3449194985567314,0.0766653682412365
285,285.0,0.0609052858539937,0.0675365789762681,0.0484243596153491,0.2480110368107182,0.0879544669540601,0.0638204625564028,0.3461922554680036,0.0771555537652041
286,286.0,0.0610953705810592,0.0669439219982308,0.0486319316696131,0.2477469194085174,0.0868294117981039,0.0640611233973974,0.3472099907650079,0.0774813303820699
287,287.0,0.0610886444460591,0.0662544110634932,0.0488360787710555,0.2474369915111816,0.0857393901289735,0.0642873820700044,0.3483557639838975,0.0780013380253349
288,288.0,0.0610551664923206,0.0655778582418832,0.0490255069880516,0.2469379928624703,0.0846671533528458,0.0644785012407587,0.3497485308327392,0.0785092899889302
289,289.0,0.0609978563989131,0.0649130284040096,0.0491985409115722,0.2464346482059558,0.0836158860825513,0.0646410877164325,0.3510557752952122,0.079143176985353
290,290.0,0.0609125851176235,0.0642590183966148,0.0493495944475438,0.2459560793066595,0.0825750875519189,0.0647585492235981,0.3524438277657681,0.0797452581902731
291,291.0,0.0608073456981594,0.0636236296433276,0.0494825606744782,0.2456400668509832,0.0815662488315917,0.0648479194331426,0.3537104936980628,0.0803217351702542
292,292.0,0.0606068244235506,0.0629379507020758,0.0503544383479821,0.245207648660641,0.0806368231204652,0.0649905309174727,0.3545570130873546,0.0807087707404577
293,293.0,0.060389570689487,0.0622805703605374,0.0511998863452899,0.2451094008716219,0.0797465423106107,0.0650958475460456,0.3551226299746597,0.0810555519017476
294,294.0,0.0601582911507474,0.0616537876703366,0.0520122014005609,0.2448696974496979,0.0788977933387763,0.0651646239284538,0.3558831669455336,0.0813604381158932
295,295.0,0.0597877317210068,0.0608624855040632,0.0528611955932009,0.2452343381820294,0.0782348487678331,0.0651774839886333,0.3559446386828567,0.0818972775603764
296,296.0,0.0593895966697338,0.0600880791966221,0.0536527886767421,0.2459398431673543,0.0775806156313699,0.065134743423329,0.3557127828336899,0.0825015504011586
297,297.0,0.0589721168923682,0.0593418630268532,0.0543870077750373,0.2467596033432282,0.0769517457656951,0.065158097476592,0.3554062311033425,0.0830233346168832
298,298.0,0.0585415313547281,0.0586286817509281,0.0550630726777036,0.247473965353252,0.0766517990496195,0.0651435790152919,0.3549050562274671,0.0835923145710092
299,299.0,0.0581007404236658,0.0579526557839757,0.0556780014176805,0.2481504702150501,0.0763785103385987,0.0650875623041805,0.3544291215084342,0.0842229380084141
300,300.0,0.0576657442662283,0.0573165662340272,0.0562357893164005,0.2488754950391568,0.0761405954299059,0.0650034385344054,0.3539611017690144,0.0848012694108613
301,301.0,0.0572370499688933,0.0567202009728423,0.0567345996654508,0.2497541412382909,0.0759255690538918,0.064886284493463,0.3534215102931264,0.0853206443140413
302,302.0,0.0568172261453828,0.0561640819901508,0.0571744651418992,0.2505071729283958,0.0757306288153571,0.064885557198501,0.3527980153558625,0.0859228524244507
303,303.0,0.0563944357716395,0.0556402623372348,0.0575479765704889,0.2512121110825212,0.0755350041805146,0.0648410353727403,0.3521143200657685,0.0867148546190921
304,304.0,0.0559848394226154,0.0551565914449649,0.0578644405930713,0.2521681170451753,0.0753544741495731,0.0647662730987074,0.3512656850601053,0.0874395791857871
305,305.0,0.0555750339838009,0.0547002881304253,0.0581162851661927,0.2530123468685921,0.0751604270310682,0.0646497476241484,0.3505933668583032,0.0881925043374689
306,306.0,0.0551684717122969,0.0542752381137014,0.0583074083099782,0.2539627728645915,0.0749603803343448,0.0644952289391346,0.3498561655392355,0.0889743341867168
307,307.0,0.0547784725316746,0.0538838032997696,0.0584466039969196,0.2550223784865195,0.0747613627350388,0.0643149041993547,0.3491163305295769,0.0896761442211458
308,308.0,0.0544080690949234,0.0535267779327388,0.0585386497942097,0.256089560615949,0.0745678321378273,0.0641184986138001,0.3484482667647329,0.0903023450458183
309,309.0,0.0542264773226454,0.0533712274464165,0.0579216626464008,0.2563033907139318,0.0745470386826819,0.0650799013843551,0.3473575724533053,0.0911927293502628
310,310.0,0.0540658737618336,0.0531102918498485,0.0572721383758783,0.256443328307975,0.0745295844514212,0.0660226537200556,0.3464472475586749,0.0921088819743126
311,311.0,0.0539120647342853,0.052873598414841,0.0565918560716146,0.256382964303288,0.0744963658645841,0.0669270440616243,0.3457692270071116,0.0930468795426509
312,312.0,0.0537623797348914,0.0526576027944702,0.0558877467594011,0.2563590669178504,0.0744402795556861,0.067888514750657,0.3450087752701515,0.0939956342168921
313,313.0,0.0536233416528634,0.05246934765921,0.0551731318878807,0.2563142007962843,0.0743766946758088,0.0688043982053165,0.3442764422675144,0.0949624428551215
314,314.0,0.0534929184503691,0.0523057516814996,0.0544554345028892,0.256535643084897,0.0743105888636676,0.0696712930582808,0.3434160717922619,0.0958122985661344
315,315.0,0.0533660809299646,0.0521582387511054,0.0537371428443668,0.2566545347287787,0.0743797024259564,0.0704723688525405,0.3426948348928715,0.0965370965744156
316,316.0,0.0532559348875208,0.0520346696008245,0.0530332917502208,0.2567634838977188,0.0744558185783345,0.0712205969243965,0.3420600101531659,0.0971761942078177
317,317.0,0.0531590916334355,0.0519283689041463,0.052346744980856,0.2567798962631569,0.0746530759689755,0.0719084639371072,0.341495975705443,0.0977283826068793
318,318.0,0.0531673519081338,0.0518326387023261,0.0516755906931959,0.2566799251631474,0.0748240250426906,0.0725244225341947,0.3410111578589074,0.0982848880974036
319,319.0,0.0531946042167639,0.0517554750612319,0.0510351556178265,0.2566544802407483,0.0751223400277248,0.0731064577537973,0.340223998130248,0.0989074889516589
320,320.0,0.0532292316142069,0.0516903029472227,0.0504238685396703,0.2567704352612763,0.0754047498833155,0.0736249906012597,0.3394101195011795,0.0994463016518687
321,321.0,0.0532563639979347,0.0517307308006726,0.0498370660362795,0.2566279074958511,0.0756434648056265,0.0740647238315491,0.3387327455371967,0.1001069974948895
322,322.0,0.05327653362244,0.0517760998835164,0.0492788251524523,0.256603034684819,0.0758432040584506,0.0744284644155722,0.3380237897843845,0.1007700483983647
323,323.0,0.0532904315606933,0.0518258782677119,0.0487526602859278,0.2563637963073498,0.0760079837076814,0.0748679250035156,0.3375744232286597,0.1013169016384602
324,324.0,0.0533060059715625,0.0518809241663871,0.0482642578252773,0.2559896461853508,0.0761503039412478,0.0752455802443102,0.337384032941409,0.1017792487244552
325,325.0,0.0533205664645618,0.0519375546162038,0.0478125918750946,0.255588107109884,0.0762643449495441,0.0754131085576717,0.3375094669759407,0.1021542594510991
326,326.0,0.0533343486874479,0.0519930780188564,0.0473990146347041,0.2551469767241923,0.0763462584637159,0.0755237336046673,0.3377049319202928,0.1025516579461231
327,327.0,0.0533716240363377,0.0520606416950323,0.0470374319936973,0.2547717981509478,0.0763045899130864,0.0756011992104017,0.3380189719766977,0.102833743023799
328,328.0,0.0535228521022488,0.0521241375040324,0.0467080378971391,0.2545088267684496,0.0762244053486416,0.0756201561144568,0.3382803683640972,0.1030112159009345
329,329.0,0.0536593142426366,0.0521784906600689,0.0464098945700879,0.2542378547224698,0.0761099163656817,0.0755893760600805,0.3387230793751149,0.1030920740038595
330,330.0,0.0538324802265912,0.0521348908412413,0.0460556113728161,0.2538137354367525,0.07588424379516,0.0762448485202558,0.3391059423418789,0.102928247465304
331,331.0,0.0539190270770849,0.0520069802442798,0.0456583246842106,0.2533239651373515,0.0755605332687892,0.0766222780077147,0.3394302157677408,0.1034786758128284
332,332.0,0.0538771806974906,0.0518782954384462,0.0452972312467752,0.253013782421686,0.0752255910880951,0.0769570228100648,0.3397772914242435,0.1039736048731984
333,333.0,0.0538295280598071,0.0517496347755931,0.0449720228233171,0.2527996212865532,0.0748827342183852,0.0772493704790855,0.3401044778171256,0.104412610540133
334,334.0,0.0537748694243795,0.0516181581029497,0.0446819611557233,0.2525350695886889,0.0753706552683663,0.0766714437491127,0.3405496805556263,0.104798162155153
335,335.0,0.0536006294174729,0.0514887978716472,0.044431812731493,0.2522900500316712,0.0759839474082745,0.0760722358705274,0.3409612274853649,0.1051712991835488
336,336.0,0.0534215520637842,0.0513577170640266,0.0442143432915211,0.2519486360289657,0.0757460995329718,0.0754512934316218,0.3423652946818581,0.1054950639052505
337,337.0,0.0532394797071229,0.05122569932716,0.0440267753290827,0.251607818439729,0.075494835541755,0.0748093384709333,0.3438363333106578,0.1057597198735592
338,338.0,0.0530559802244107,0.0510933433798068,0.043867576579241,0.2511594069241866,0.0752329605506519,0.074987247374154,0.3446363614730132,0.1059671234945355
339,339.0,0.0528431774339493,0.0509137644330782,0.0436922820538178,0.2507671854175834,0.0750061565585221,0.0759047452850608,0.3446850899572553,0.1061875988607328
340,340.0,0.0525661048788993,0.0506742646591848,0.043481142322776,0.2503772436936829,0.0748248454794175,0.0765725631688526,0.3446374490069496,0.1068663867902371
341,341.0,0.0522913215111467,0.0504360695965335,0.0432946066530975,0.2499619666730419,0.0747393636939189,0.0772146479829103,0.3445697370763776,0.1074922868129733
342,342.0,0.0520223060870243,0.0502021437957802,0.043133275771818,0.249300967483647,0.0746517567688425,0.0771185187850094,0.3447887519841049,0.1087822793237734
343,343.0,0.0517099350280621,0.0499229196620243,0.0429452373522427,0.2487255306082143,0.0745053066558095,0.077512935048782,0.3449121150925119,0.1097660205523529
344,344.0,0.0513642857245124,0.0496070242110844,0.0428409811685315,0.2481704025850718,0.0743177859122036,0.0777131907088496,0.344886038261014,0.1111002914287324
345,345.0,0.0509880897061663,0.0492590354413767,0.0427165590618161,0.2479932166323742,0.0740740301562192,0.0778262908176586,0.34501528966314,0.1121274885212485
346,346.0,0.0505898102293229,0.0489673913704881,0.0425770984261299,0.2477025370244877,0.0737907223927636,0.0783298205909304,0.3451676754912227,0.1128749444746544
347,347.0,0.0501761378114449,0.0486558182731546,0.0424262133115214,0.2473688642454523,0.0734744074569523,0.0786540413706156,0.3453492791153018,0.1138952384155568
348,348.0,0.0497521585811176,0.0483285545085168,0.0422661776935948,0.2471158926361006,0.0731302299502339,0.0788128380718447,0.3454440844455895,0.1151500641130018
349,349.0,0.0493257685663298,0.0479906206813405,0.0421023415431603,0.2467828306339928,0.0728889533219099,0.0788309020043547,0.3454675030078127,0.1166110802410991
350,350.0,0.048896698685757,0.0476433701499997,0.0419321547568073,0.2465720821163402,0.0726268591005614,0.0787062719664522,0.345309260594272,0.1183133026298098
351,351.0,0.0484896543890588,0.0473110855216589,0.041778303189344,0.246517789539214,0.0723707179328943,0.0785560125194447,0.344959914422864,0.1200165224855209
352,352.0,0.0481037826615065,0.0469937041580059,0.0416381697943264,0.2465246747614055,0.0721094300638221,0.0783758597333953,0.3446541678906137,0.1216002109369243
353,353.0,0.0477428755484472,0.0466955014768814,0.0415140303125552,0.2463968795325601,0.0718595680326739,0.0781774656147699,0.3445448710154918,0.1230688084666201
354,354.0,0.0474062789295369,0.0465293058148865,0.0414039525141226,0.2457589181548052,0.0717220670870267,0.0779588317532247,0.3443516319779247,0.1248690137684724
355,355.0,0.0470943733019345,0.0463793705099205,0.0413072660182424,0.24517292221067,0.0715923547406242,0.0777231913151245,0.3441909917604419,0.1265395301430417
356,356.0,0.0468072633928817,0.0462448218521779,0.041223239764135,0.2446248826422566,0.0714700048219506,0.0770190960844327,0.344080549835621,0.1285301416065442
357,357.0,0.046546824665257,0.0461267521405802,0.041152105334884,0.2441224895421871,0.0713596271694171,0.0763106006517007,0.3440017565916256,0.1303798439043481
358,358.0,0.046310012377705,0.0460197280558556,0.0410914126287187,0.2436478929029956,0.0712519932145225,0.0756018489856388,0.3439971861216331,0.1320799257129304
359,359.0,0.0460968468688971,0.0459251481274711,0.0410409185361726,0.2433082528358787,0.0711502217426213,0.0748995775713043,0.3439495151975675,0.1336295191200873
360,360.0,0.0459077256057527,0.0458442992041829,0.0410009151407173,0.2430522617475669,0.0710572881670743,0.0737592936051667,0.3438930220468755,0.1354851944826636
361,361.0,0.0455830687349081,0.0456174544377461,0.0412466431896765,0.2427192273626618,0.0708139845295261,0.0724465935283676,0.3447808112214039,0.1367922169957096
362,362.0,0.0451721120478301,0.0452949919928386,0.0413883747511706,0.2420753846572993,0.0704723705878815,0.0710632567458413,0.3456931696850737,0.1388403395320647
363,363.0,0.0447849720741533,0.0449847615491226,0.0410978551323662,0.2414037257743153,0.0701384489653074,0.0697207928600012,0.3467070047059972,0.1411624389387367
364,364.0,0.0444045342991524,0.0446698541728401,0.0407940808343231,0.2406901829153814,0.0697958243861883,0.0683733264677706,0.3477934799189224,0.1434787170054215
365,365.0,0.0440348532471995,0.0443546261239285,0.0404816173745387,0.2400009910231175,0.0694520043009278,0.067034658474571,0.3487661545307331,0.1458750949249837
366,366.0,0.0436809878909195,0.0440466458030266,0.0401659577584641,0.239374781207706,0.069114530783029,0.0657208630153397,0.349663382526997,0.1482328510145178
367,367.0,0.0432255832960968,0.0437507916653696,0.0398555655799134,0.2387664301480608,0.0686720982489798,0.0644488797523902,0.3519486893562759,0.1493319619529133
368,368.0,0.0427796176477367,0.0434568309102586,0.0395398664017243,0.2382150668796775,0.0683427139786025,0.0632070164076465,0.3541178158537401,0.1503410719206135
369,369.0,0.0431764253106729,0.0430900652568462,0.0391434654259188,0.2376591229101064,0.0679268861004352,0.06194891964389,0.3558840554716733,0.1511710598804569
370,370.0,0.0435810889809181,0.0427343059577235,0.0388712101392108,0.2369618684148292,0.0675127603052968,0.0607387405721049,0.3576743905828257,0.1519256350470907
371,371.0,0.0439940755607388,0.0423935912443067,0.0386075965541464,0.2363354777773178,0.0671157211863449,0.0595864260919412,0.3593246500039437,0.1526424615812601
372,372.0,0.0451105403345865,0.042000469805893,0.0382977723484003,0.2355811880013705,0.0667835890447432,0.0584897885194948,0.3602984562519412,0.1534381956935702
373,373.0,0.0463377393605015,0.0423292457571817,0.0379349980357816,0.2347887255871243,0.066404578152356,0.0573927538668412,0.3609930078954134,0.1538189513447999
374,374.0,0.0475336361732678,0.0426697647813223,0.0375856594027578,0.2341507616093922,0.0660433272067744,0.0563651425140295,0.3615550787654092,0.1540966295470463
375,375.0,0.0486878319668229,0.0430162672502372,0.0372507934122159,0.2334449456042019,0.0657002907670208,0.0554956470157872,0.3620513483067912,0.1543528756769226
