,Unnamed: 0,Total_iterations,Intertwine_two,Invert_path_vertices,Insert_inside_vertex,Delete_inside_vertex,Replace_inside_vertex,Donate_between_routes,Trim_one_terminal_cb,Grow_one_terminal_cb
0,0.0,0.0,0.125,0.125,0.125,0.125,0.125,0.125,0.125,0.125
1,1.0,0.10900000000000001,0.125,0.125,0.125,0.125,0.125,0.125,0.125,0.125
2,2.0,0.31601,0.125,0.125,0.125,0.125,0.125,0.125,0.125,0.125
3,3.0,0.6191589000000001,0.125,0.125,0.125,0.125,0.125,0.125,0.125,0.125
4,4.0,1.015801321,0.125,0.125,0.125,0.125,0.125,0.125,0.125,0.125
5,5.0,1.50262148669,0.125,0.125,0.125,0.125,0.125,0.125,0.125,0.125
6,6.0,2.0757334209441005,0.125,0.125,0.125,0.125,0.125,0.125,0.125,0.125
7,7.0,2.7307768275633495,0.125,0.125,0.125,0.125,0.125,0.125,0.125,0.125
8,8.0,3.4630081252450404,0.125,0.125,0.125,0.125,0.125,0.125,0.125,0.125
9,9.0,4.2673862119061114,0.125,0.125,0.125,0.125,0.125,0.125,0.125,0.125
10,10.0,5.138652627782014,0.125,0.125,0.125,0.125,0.125,0.125,0.125,0.125
11,11.0,6.071405875792507,0.125,0.125,0.125,0.125,0.125,0.125,0.125,0.125
12,12.0,7.060169740244025,0.125,0.125,0.125,0.125,0.125,0.125,0.125,0.125
13,13.0,8.099455520847952,0.125,0.125,0.125,0.125,0.125,0.125,0.125,0.125
14,14.0,9.183818168183006,0.125,0.125,0.125,0.125,0.125,0.125,0.125,0.125
15,15.0,10.307906369102724,0.125,0.125,0.125,0.125,0.125,0.125,0.125,0.125
16,16.0,11.466506686239443,0.125,0.125,0.125,0.125,0.125,0.125,0.125,0.125
17,17.0,12.654581904800096,0.125,0.125,0.125,0.125,0.125,0.125,0.125,0.125
18,18.0,13.867303782456686,0.125,0.125,0.125,0.125,0.125,0.125,0.125,0.125
19,19.0,15.100080434523047,0.125,0.125,0.125,0.125,0.125,0.125,0.125,0.125
20,20.0,16.348578617037543,0.125,0.125,0.125,0.125,0.125,0.125,0.125,0.125
21,21.0,17.608741195130214,0.125,0.125,0.125,0.125,0.125,0.125,0.125,0.125
22,22.0,18.876800103462312,0.125,0.125,0.125,0.125,0.125,0.125,0.125,0.125
23,23.0,20.14928511992658,0.125,0.125,0.125,0.125,0.125,0.125,0.125,0.125
24,24.0,21.423028783545156,0.125,0.125,0.125,0.125,0.125,0.125,0.125,0.125
25,25.0,22.695167792966423,0.125,0.125,0.125,0.125,0.125,0.125,0.125,0.125
26,26.0,23.963141223515898,0.125,0.125,0.125,0.125,0.125,0.125,0.125,0.125
27,27.0,25.224685898775267,0.125,0.125,0.125,0.125,0.125,0.125,0.125,0.125
28,28.0,26.477829247520948,0.125,0.125,0.125,0.125,0.125,0.125,0.125,0.125
29,29.0,27.720879968916847,0.125,0.125,0.125,0.125,0.125,0.125,0.125,0.125
30,30.0,28.95241681848399,0.125,0.125,0.125,0.125,0.125,0.125,0.125,0.125
31,31.0,30.17127581490958,0.125,0.125,0.125,0.125,0.125,0.125,0.125,0.125
32,32.0,31.376536153543515,0.125,0.125,0.125,0.125,0.125,0.125,0.125,0.125
33,33.0,32.567505096778625,0.125,0.125,0.125,0.125,0.125,0.125,0.125,0.125
34,34.0,33.74370209472243,0.125,0.125,0.125,0.125,0.125,0.125,0.125,0.125
35,35.0,34.90484237192463,0.125,0.125,0.125,0.125,0.125,0.125,0.125,0.125
36,36.0,36.05082019768737,0.125,0.125,0.125,0.125,0.125,0.125,0.125,0.125
37,37.0,37.18169203889697,0.125,0.125,0.125,0.125,0.125,0.125,0.125,0.125
38,38.0,38.29765977559663,0.125,0.125,0.125,0.125,0.125,0.125,0.125,0.125
39,39.0,39.399054140870355,0.125,0.125,0.125,0.125,0.125,0.125,0.125,0.125
40,40.0,40.48631852820801,0.125,0.125,0.125,0.125,0.125,0.125,0.125,0.125
41,41.0,41.55999329152982,0.125,0.125,0.125,0.125,0.125,0.125,0.125,0.125
42,42.0,42.62070064560415,0.125,0.125,0.125,0.125,0.125,0.125,0.125,0.125
43,43.0,43.669130257815,0.125,0.125,0.125,0.125,0.125,0.125,0.125,0.125
44,44.0,44.70602560622662,0.125,0.125,0.125,0.125,0.125,0.125,0.125,0.125
45,45.0,45.73217116373481,0.125,0.125,0.125,0.125,0.125,0.125,0.125,0.125
46,46.0,46.748380453854836,0.125,0.125,0.125,0.125,0.125,0.125,0.125,0.125
47,47.0,47.755485010424316,0.125,0.125,0.125,0.125,0.125,0.125,0.125,0.125
48,48.0,48.7543242612326,0.125,0.125,0.125,0.125,0.125,0.125,0.125,0.125
49,49.0,49.745736344347726,0.125,0.125,0.125,0.125,0.125,0.125,0.125,0.125
50,50.0,50.730549855707864,0.125,0.125,0.125,0.125,0.125,0.125,0.125,0.125
51,51.0,51.70957651737491,0.125,0.125,0.125,0.125,0.125,0.125,0.125,0.125
52,52.0,52.68360474770151,0.125,0.125,0.125,0.125,0.125,0.125,0.125,0.125
53,53.0,53.65339410751842,0.125,0.125,0.125,0.125,0.125,0.125,0.125,0.125
54,54.0,54.61967059027847,0.125,0.125,0.125,0.125,0.125,0.125,0.125,0.125
55,55.0,55.58312271885972,0.125,0.125,0.125,0.125,0.125,0.125,0.125,0.125
56,56.0,56.544398407394254,0.125,0.125,0.125,0.125,0.125,0.125,0.125,0.125
57,57.0,57.504102543001395,0.125,0.125,0.125,0.125,0.125,0.125,0.125,0.125
58,58.0,58.462795239617805,0.125,0.125,0.125,0.125,0.125,0.125,0.125,0.125
59,59.0,59.42099071417639,0.125,0.125,0.125,0.125,0.125,0.125,0.125,0.125
60,60.0,60.379156734137354,0.125,0.125,0.125,0.125,0.125,0.125,0.125,0.125
61,61.0,61.337714584760846,0.125,0.125,0.125,0.125,0.125,0.125,0.125,0.125
62,62.0,62.29703950447439,0.125,0.125,0.125,0.125,0.125,0.125,0.125,0.125
63,63.0,63.257461537171835,0.125,0.125,0.125,0.125,0.125,0.125,0.125,0.125
64,64.0,64.21926675122782,0.125,0.125,0.125,0.125,0.125,0.125,0.125,0.125
65,65.0,65.18269877636592,0.125,0.125,0.125,0.125,0.125,0.125,0.125,0.125
66,66.0,66.14796061122655,0.125,0.125,0.125,0.125,0.125,0.125,0.125,0.125
67,67.0,67.11521665648885,0.125,0.125,0.125,0.125,0.125,0.125,0.125,0.125
68,68.0,68.08459493066005,0.125,0.125,0.125,0.125,0.125,0.125,0.125,0.125
69,69.0,69.05618942810752,0.125,0.125,0.125,0.125,0.125,0.125,0.125,0.125
70,70.0,70.03006258152917,0.125,0.125,0.125,0.125,0.125,0.125,0.125,0.125
71,71.0,71.00624779379335,0.125,0.125,0.125,0.125,0.125,0.125,0.125,0.125
72,72.0,71.98475200689319,0.125,0.125,0.125,0.125,0.125,0.125,0.125,0.125
73,73.0,72.96555827861411,0.125,0.125,0.125,0.125,0.125,0.125,0.125,0.125
74,74.0,73.94862834037681,0.125,0.125,0.125,0.125,0.125,0.125,0.125,0.125
75,75.0,74.93390511255946,0.125,0.125,0.125,0.125,0.125,0.125,0.125,0.125
76,76.0,75.92131515639825,0.125,0.125,0.125,0.125,0.125,0.125,0.125,0.125
77,77.0,76.91077104428919,0.125,0.125,0.125,0.125,0.125,0.125,0.125,0.125
78,78.0,77.90217363294813,0.125,0.125,0.125,0.125,0.125,0.125,0.125,0.125
79,79.0,78.89541422641172,0.125,0.125,0.125,0.125,0.125,0.125,0.125,0.125
80,80.0,79.89037661826481,0.125,0.125,0.125,0.125,0.125,0.125,0.125,0.125
81,81.0,80.88693900474995,0.125,0.125,0.125,0.125,0.125,0.125,0.125,0.125
82,82.0,81.88497576253909,0.125,0.125,0.125,0.125,0.125,0.125,0.125,0.125
83,83.0,82.88435908692391,0.125,0.125,0.125,0.125,0.125,0.125,0.125,0.125
84,84.0,83.88496048800103,0.125,0.125,0.125,0.125,0.125,0.125,0.125,0.125
85,85.0,84.88665214409042,0.125,0.125,0.125,0.125,0.125,0.125,0.125,0.125
86,86.0,85.88930811312994,0.125,0.125,0.125,0.125,0.125,0.125,0.125,0.125
87,87.0,86.89280540413424,0.125,0.125,0.125,0.125,0.125,0.125,0.125,0.125
88,88.0,87.89702491199675,0.125,0.125,0.125,0.125,0.125,0.125,0.125,0.125
89,89.0,88.90185221995306,0.125,0.125,0.125,0.125,0.125,0.125,0.125,0.125
90,90.0,89.90717827491419,0.125,0.125,0.125,0.125,0.125,0.125,0.125,0.125
91,91.0,90.91289994163006,0.125,0.125,0.125,0.125,0.125,0.125,0.125,0.125
92,92.0,91.91892044225806,0.125,0.125,0.125,0.125,0.125,0.125,0.125,0.125
93,93.0,92.92514968840067,0.125,0.125,0.125,0.125,0.125,0.125,0.125,0.125
94,94.0,93.93150451304501,0.125,0.125,0.125,0.125,0.125,0.125,0.125,0.125
95,95.0,94.93790881009448,0.125,0.125,0.125,0.125,0.125,0.125,0.125,0.125
96,96.0,95.94429358933806,0.125,0.125,0.125,0.125,0.125,0.125,0.125,0.125
97,97.0,96.9505969547639,0.125,0.125,0.125,0.125,0.125,0.125,0.125,0.125
98,98.0,97.9567640140995,0.125,0.125,0.125,0.125,0.125,0.125,0.125,0.125
99,99.0,98.96274672736057,0.125,0.125,0.125,0.125,0.125,0.125,0.125,0.125
100,100.0,99.96850370202192,0.125,0.125,0.125,0.125,0.125,0.125,0.125,0.125
101,101.0,100.97399994219691,0.125,0.125,0.125,0.125,0.125,0.125,0.125,0.125
102,102.0,101.97920655893245,0.125,0.125,0.125,0.125,0.125,0.125,0.125,0.125
103,103.0,102.98410044840509,0.125,0.125,0.125,0.125,0.125,0.125,0.125,0.125
104,104.0,103.98866394444643,0.125,0.125,0.125,0.125,0.125,0.125,0.125,0.125
105,105.0,104.99288445143917,0.125,0.125,0.125,0.125,0.125,0.125,0.125,0.125
106,106.0,105.99675406321822,0.125,0.125,0.125,0.125,0.125,0.125,0.125,0.125
107,107.0,107.0002691731872,0.125,0.125,0.125,0.125,0.125,0.125,0.125,0.125
108,108.0,108.0034300804274,0.125,0.125,0.125,0.125,0.125,0.125,0.125,0.125
109,109.0,109.00624059613932,0.125,0.125,0.125,0.125,0.125,0.125,0.125,0.125
110,110.0,110.00870765431864,0.125,0.125,0.125,0.125,0.125,0.125,0.125,0.125
111,111.0,111.01084093013685,0.125,0.125,0.125,0.125,0.125,0.125,0.125,0.125
112,112.0,112.01265246907188,0.125,0.125,0.125,0.125,0.125,0.125,0.125,0.125
113,113.0,113.01415632942268,0.125,0.125,0.125,0.125,0.125,0.125,0.125,0.125
114,114.0,114.01536824044418,0.125,0.125,0.125,0.125,0.125,0.125,0.125,0.125
115,115.0,115.01630527795908,0.125,0.125,0.125,0.125,0.125,0.125,0.125,0.125
116,116.0,116.0169855589429,0.125,0.125,0.125,0.125,0.125,0.125,0.125,0.125
117,117.0,117.01742795623892,0.125,0.125,0.125,0.125,0.125,0.125,0.125,0.125
118,118.0,118.01765183424293,0.125,0.125,0.125,0.125,0.125,0.125,0.125,0.125
119,119.0,119.01767680610413,0.125,0.125,0.125,0.125,0.125,0.125,0.125,0.125
120,120.0,120.01752251271817,0.125,0.125,0.125,0.125,0.125,0.125,0.125,0.125
121,121.0,121.01720842354362,0.125,0.125,0.125,0.125,0.125,0.125,0.125,0.125
122,122.0,122.01675365905109,0.125,0.125,0.125,0.125,0.125,0.125,0.125,0.125
123,123.0,123.0161768344173,0.125,0.125,0.125,0.125,0.125,0.125,0.125,0.125
124,124.0,124.01549592390272,0.125,0.125,0.125,0.125,0.125,0.125,0.125,0.125
125,125.0,125.01472814520056,0.125,0.125,0.125,0.125,0.125,0.125,0.125,0.125
126,126.0,126.01388986291661,0.125,0.125,0.125,0.125,0.125,0.125,0.125,0.125
127,127.0,127.0129965102319,0.125,0.125,0.125,0.125,0.125,0.125,0.125,0.125
128,128.0,128.01206252771334,0.125,0.125,0.125,0.125,0.125,0.125,0.125,0.125
129,129.0,129.0111013181695,0.125,0.125,0.125,0.125,0.125,0.125,0.125,0.125
130,130.0,130.01012521639834,0.125,0.125,0.125,0.125,0.125,0.125,0.125,0.125
131,131.0,131.0091454726403,0.125,0.125,0.125,0.125,0.125,0.125,0.125,0.125
132,132.0,132.0081722485317,0.125,0.125,0.125,0.125,0.125,0.125,0.125,0.125
133,133.0,133.00721462434865,0.125,0.125,0.125,0.125,0.125,0.125,0.125,0.125
134,134.0,134.0062806163404,0.125,0.125,0.125,0.125,0.125,0.125,0.125,0.125
135,135.0,135.00537720296956,0.125,0.125,0.125,0.125,0.125,0.125,0.125,0.125
136,136.0,136.00451035890612,0.125,0.125,0.125,0.125,0.125,0.125,0.125,0.125
137,137.0,137.00368509565993,0.125,0.125,0.125,0.125,0.125,0.125,0.125,0.125
138,138.0,138.0029055077818,0.125,0.125,0.125,0.125,0.125,0.125,0.125,0.125
139,139.0,139.00217482361367,0.125,0.125,0.125,0.125,0.125,0.125,0.125,0.125
140,140.0,140.0014954596262,0.125,0.125,0.125,0.125,0.125,0.125,0.125,0.125
141,141.0,141.00086907744122,0.125,0.125,0.125,0.125,0.125,0.125,0.125,0.125
142,142.0,142.0002966427003,0.125,0.125,0.125,0.125,0.125,0.125,0.125,0.125
143,143.0,142.99977848500652,0.125,0.125,0.125,0.125,0.125,0.125,0.125,0.125
144,144.0,143.99931435823203,0.125,0.125,0.125,0.125,0.125,0.125,0.125,0.125
145,145.0,144.99890350055264,0.125,0.125,0.125,0.125,0.125,0.125,0.125,0.125
146,146.0,145.9985446936357,0.125,0.125,0.125,0.125,0.125,0.125,0.125,0.125
147,147.0,146.99823632047406,0.125,0.125,0.125,0.125,0.125,0.125,0.125,0.125
148,148.0,147.99797642142389,0.125,0.125,0.125,0.125,0.125,0.125,0.125,0.125
149,149.0,148.99776274806447,0.125,0.125,0.125,0.125,0.125,0.125,0.125,0.125
150,150.0,149.99759281456036,0.125,0.125,0.125,0.125,0.125,0.125,0.125,0.125
151,151.0,150.99746394626104,0.125,0.125,0.125,0.125,0.125,0.125,0.125,0.125
152,152.0,151.99737332532905,0.125,0.125,0.125,0.125,0.125,0.125,0.125,0.125
153,153.0,152.99731803323698,0.125,0.125,0.125,0.125,0.125,0.125,0.125,0.125
154,154.0,153.99729509002177,0.125,0.125,0.125,0.125,0.125,0.125,0.125,0.125
155,155.0,154.99730149022784,0.125,0.125,0.125,0.125,0.125,0.125,0.125,0.125
156,156.0,155.99733423551103,0.125,0.125,0.125,0.125,0.125,0.125,0.125,0.125
157,157.0,156.99739036391077,0.125,0.125,0.125,0.125,0.125,0.125,0.125,0.125
158,158.0,157.99746697583146,0.125,0.125,0.125,0.125,0.125,0.125,0.125,0.125
159,159.0,158.99756125680176,0.125,0.125,0.125,0.125,0.125,0.125,0.125,0.125
160,160.0,159.997670497107,0.125,0.125,0.125,0.125,0.125,0.125,0.125,0.125
161,161.0,160.99779210841066,0.125,0.125,0.125,0.125,0.125,0.125,0.125,0.125
162,162.0,161.99792363749984,0.125,0.125,0.125,0.125,0.125,0.125,0.125,0.125
163,163.0,162.9980627773051,0.125,0.125,0.125,0.125,0.125,0.125,0.125,0.125
164,164.0,163.9982073753568,0.125,0.125,0.125,0.125,0.125,0.125,0.125,0.125
165,165.0,164.99835543984977,0.125,0.125,0.125,0.125,0.125,0.125,0.125,0.125
166,166.0,165.99850514349492,0.125,0.125,0.125,0.125,0.125,0.125,0.125,0.125
167,167.0,166.99865482534062,0.125,0.125,0.125,0.125,0.125,0.125,0.125,0.125
168,168.0,167.99880299074837,0.125,0.125,0.125,0.125,0.125,0.125,0.125,0.125
169,169.0,168.99894830970783,0.125,0.125,0.125,0.125,0.125,0.125,0.125,0.125
170,170.0,169.99908961367427,0.125,0.125,0.125,0.125,0.125,0.125,0.125,0.125
171,171.0,170.99922589110733,0.125,0.125,0.125,0.125,0.125,0.125,0.125,0.125
172,172.0,171.99935628188598,0.125,0.125,0.125,0.125,0.125,0.125,0.125,0.125
173,173.0,172.99948007076793,0.125,0.125,0.125,0.125,0.125,0.125,0.125,0.125
174,174.0,173.99959668005403,0.125,0.125,0.125,0.125,0.125,0.125,0.125,0.125
175,175.0,174.99970566161096,0.125,0.125,0.125,0.125,0.125,0.125,0.125,0.125
176,176.0,175.9998066883961,0.125,0.125,0.125,0.125,0.125,0.125,0.125,0.125
177,177.0,176.99989954561875,0.125,0.125,0.125,0.125,0.125,0.125,0.125,0.125
178,178.0,177.99998412166295,0.125,0.125,0.125,0.125,0.125,0.125,0.125,0.125
179,179.0,179.00006039888612,0.125,0.125,0.125,0.125,0.125,0.125,0.125,0.125
180,180.0,180.0001284443981,0.125,0.125,0.125,0.125,0.125,0.125,0.125,0.125
181,181.0,181.00018840091488,0.125,0.125,0.125,0.125,0.125,0.125,0.125,0.125
182,182.0,182.00024047777083,0.125,0.125,0.125,0.125,0.125,0.125,0.125,0.125
183,183.0,183.0002849421635,0.125,0.125,0.125,0.125,0.125,0.125,0.125,0.125
184,184.0,184.00032211069524,0.125,0.125,0.125,0.125,0.125,0.125,0.125,0.125
185,185.0,185.00035234126688,0.125,0.125,0.125,0.125,0.125,0.125,0.125,0.125
186,186.0,186.00037602536867,0.125,0.125,0.125,0.125,0.125,0.125,0.125,0.125
187,187.0,187.0003935808066,0.125,0.125,0.125,0.125,0.125,0.125,0.125,0.125
188,188.0,188.00040544489266,0.125,0.125,0.125,0.125,0.125,0.125,0.125,0.125
189,189.0,189.0004120681212,0.125,0.125,0.125,0.125,0.125,0.125,0.125,0.125
190,190.0,190.00041390834568,0.125,0.125,0.125,0.125,0.125,0.125,0.125,0.125
191,191.0,191.00041142546425,0.125,0.125,0.125,0.125,0.125,0.125,0.125,0.125
192,192.0,192.00040507661635,0.125,0.125,0.125,0.125,0.125,0.125,0.125,0.125
193,193.0,193.00039531188708,0.125,0.125,0.125,0.125,0.125,0.125,0.125,0.125
194,194.0,194.00038257051185,0.125,0.125,0.125,0.125,0.125,0.125,0.125,0.125
195,195.0,195.00036727756904,0.125,0.125,0.125,0.125,0.125,0.125,0.125,0.125
196,196.0,196.0003498411448,0.125,0.125,0.125,0.125,0.125,0.125,0.125,0.125
197,197.0,197.00033064995154,0.125,0.125,0.125,0.125,0.125,0.125,0.125,0.125
198,198.0,198.0003100713781,0.125,0.125,0.125,0.125,0.125,0.125,0.125,0.125
199,199.0,199.00028844994821,0.125,0.125,0.125,0.125,0.125,0.125,0.125,0.125
200,200.0,200.00026610616183,0.12472222222222223,0.12583333333333332,0.12472222222222223,0.12472222222222223,0.12472222222222223,0.12583333333333332,0.12472222222222223,0.12472222222222223
201,201.0,201.00024333569246,0.12360534188034189,0.12747457264957263,0.12360534188034189,0.12360534188034189,0.12537457264957266,0.12581645299145297,0.12691303418803418,0.12360534188034189
202,202.0,202.0002204089131,0.12241122125097126,0.12891008139083138,0.12241122125097126,0.12241122125097126,0.1267501722999223,0.12570133236208234,0.12899352894327895,0.12241122125097126
203,203.0,203.00019757072255,0.12118639869602621,0.13019982378094128,0.12118639869602621,0.12118639869602621,0.1279985046900322,0.12552581980713728,0.13153025693778445,0.12118639869602621
204,204.0,204.00017504064385,0.11994802413544513,0.1313491420347791,0.11994802413544513,0.11994802413544513,0.12912347622568823,0.1252995411465562,0.13443574405119604,0.11994802413544513
205,205.0,205.0001530131666,0.11875269365825458,0.13244629966914798,0.11875269365825458,0.1196617845673455,0.1293027966536026,0.12507269292036563,0.13725834521477473,0.11875269365825458
206,206.0,206.00013165830538,0.11694138949422074,0.1327772078363178,0.11694138949422074,0.11875048040331164,0.12873908636511877,0.12418093390072178,0.144103123011868,0.11756638949422074
207,207.0,207.00011112234722,0.11506614825687683,0.13279733480775385,0.11506614825687683,0.11775805734778591,0.12798534703208764,0.12317199896037498,0.15184506708136739,0.11630989825687683
208,208.0,208.00009152876143,0.11304606288708001,0.13236221578150295,0.11304606288708001,0.1173540740992012,0.12744227224997695,0.12196164186195169,0.1593394492578922,0.1154482209753153
209,209.0,209.0000729792466,0.1110178999854725,0.13172548071826218,0.1110178999854725,0.1175450153022557,0.12728535421955545,0.11957307861483164,0.16734437982021375,0.11449089135393656
210,210.0,210.00005555489076,0.10899651067646522,0.13034545450261092,0.10899651067646522,0.11845554853427638,0.1269997607297826,0.11714177720856948,0.17561328400943257,0.11345115366239789
211,211.0,211.00003931742162,0.10691999392560854,0.12867663114146924,0.10691999392560854,0.11972536949396456,0.12640635310610282,0.11461488690486236,0.18447056298603323,0.112266208516351
212,212.0,212.0000243105252,0.10538959390640433,0.1269622554675166,0.10491340343021385,0.12095957203951956,0.12568994785992882,0.11212601128210975,0.19289826474254876,0.11106095127175866
213,213.0,213.00001056121314,0.10361782568454424,0.12487844661003586,0.1026918516585702,0.12398850031286555,0.12457158091807019,0.109398276817325,0.20130244599921956,0.10955107199936973
214,214.0,213.99999808122018,0.10189359815739293,0.12273151317339487,0.1005463869772687,0.12740658971051333,0.12339254365725161,0.10673018346060896,0.209270281100371,0.10802890376319894
215,215.0,214.9999868684143,0.10013348463646658,0.12049115143635578,0.09939526981056784,0.13048371722066066,0.1224860339989482,0.10404686252120161,0.21654882750886206,0.10641465286693758
216,216.0,215.99997690820487,0.09847743073815132,0.11759394033268301,0.0983696947793145,0.1345562493530412,0.12158249029116096,0.1014957881674061,0.22307234268972712,0.1048520636485161
217,217.0,216.99996817493434,0.09688320276078091,0.11472939038993016,0.0974193597572728,0.13889348076366825,0.12059464404990884,0.09904124282119553,0.22913585651868196,0.10330282293856183
218,218.0,217.9999606332415,0.09538259816907235,0.11194531762886936,0.09656868073117864,0.14281030336534506,0.11962896730911415,0.09672055567271015,0.23451584991374402,0.10242772720996651
219,219.0,218.99995423938554,0.09384914733164555,0.10968127930885337,0.09568449255337422,0.1462175106502825,0.11847490992403151,0.09441184143533832,0.2402077262137326,0.1014730925827422
220,220.0,219.9999489425213,0.092289833279775,0.10733500376980148,0.09476776242816819,0.15032664481300753,0.11776112657794577,0.09212576436770198,0.24498625678716138,0.10040760797643891
221,221.0,220.99994468591828,0.09069889642901889,0.10491499294888218,0.0928073833141791,0.15429888731723462,0.11752167130404292,0.09074828187501918,0.24978081463529983,0.09922907217632351
222,222.0,221.9999414081164,0.08899163800101204,0.10234945791631588,0.09072396133524967,0.15843394965176513,0.11686653352461063,0.08925895430429197,0.2555189358956997,0.09785656937105522
223,223.0,222.99993904401353,0.0873154490359598,0.09979744534103319,0.08866972452166988,0.16070864126982876,0.11609809228872599,0.08941365684834339,0.2605763196661768,0.09742067102826243
224,224.0,223.99993752588082,0.08548284220714916,0.09707247535191248,0.08645208187432737,0.16354765153699022,0.11532349514945822,0.08926025125198318,0.26475895722714543,0.09810224540103415
225,225.0,224.99993678430258,0.08354281108308693,0.09423355445133305,0.08412457611691468,0.16650166241055825,0.11508845669275197,0.08885476610771696,0.2692000549499639,0.09845411818767441
226,226.0,225.99993674903914,0.08165139243023473,0.09187183856725041,0.08173778472163085,0.16916951840240305,0.11530162754780214,0.08863029914715385,0.27290187301571844,0.09873566616780671
227,227.0,226.99993734981166,0.07978949303962946,0.09030236254712175,0.07939729136391091,0.1713542087237047,0.11539897044953001,0.088399202682596,0.276511341900461,0.09884712929304637
228,228.0,227.9999385170088,0.07803492513227409,0.08888126714618763,0.07718313779366584,0.1731608216584832,0.11580092001525227,0.08778929216531108,0.27973314240616237,0.0994164936826637
229,229.0,228.99994018231612,0.07628267826669669,0.0874464757670439,0.07499338207835653,0.17503572743762152,0.11591420828141809,0.08784537335486803,0.28271261590649466,0.09976953890750073
230,230.0,229.99994227926956,0.07456740348263698,0.08607643124692932,0.07286520731526887,0.17785776820338775,0.11578564175085648,0.08797716926651462,0.28493053846620064,0.09993984026820549
231,231.0,230.99994474373494,0.07333444739365104,0.08441839102388426,0.0708585335959528,0.18108478356273755,0.11553132459012051,0.0882349239710881,0.2863855536684932,0.10015204219407263
232,232.0,231.9999475143165,0.0721490317209068,0.08280370908458577,0.06894569832575373,0.18422040766722955,0.1150859209523649,0.08832901873536059,0.28784696348234584,0.10061925003145288
233,233.0,232.9999505326967,0.07101714806483791,0.08124261128648486,0.06713608188011565,0.18757810611684722,0.11460057365184638,0.0882750692791911,0.28918786973532595,0.10096253998535099
234,234.0,233.9999537439119,0.06994321205062429,0.07974330749587352,0.06543664737056316,0.19075140542147317,0.11395865301188564,0.08843210051447054,0.29054683087872196,0.10118784325638779
235,235.0,234.99995709656648,0.06898598476736922,0.07835643196817076,0.06389642309393868,0.19381821002465346,0.11361167826759687,0.08859753714759007,0.2913536840618127,0.10138005066886825
236,236.0,235.99996054298992,0.06812035100636375,0.07761069951687886,0.06248664718043374,0.19626826066313477,0.11317087413863142,0.08869096114853714,0.29212422025827034,0.10152798608775003
237,237.0,236.99996403934114,0.06738138576514308,0.07701960052764464,0.06124948766358188,0.19843022610887598,0.11274941380323737,0.08880196688496067,0.2927088180733229,0.10165910117323355
238,238.0,237.99996754566382,0.06672652170236987,0.07647182741211359,0.06013778096841098,0.20046951366245436,0.11252398206713343,0.08884188322942263,0.29353659296919926,0.10129189798889596
239,239.0,238.9999710258976,0.06613337272828815,0.07594680935255808,0.05912957426716564,0.20232626405986076,0.11219734254992197,0.08879689534513559,0.294621057852805,0.10084868384426485
240,240.0,239.999974447849,0.06558992775772246,0.07543974027081173,0.058218113973680825,0.20414703369190804,0.11223972308690178,0.08865335101667945,0.29509917184975665,0.10061293835253914
241,241.0,240.99997778312678,0.06510315969296854,0.07498454616777384,0.057409642537071565,0.20645906876633327,0.11217586907441994,0.08842803001623536,0.29513255825813295,0.10030712548706458
242,242.0,241.9999810070455,0.06423760920154965,0.074718556303971,0.056604676312514854,0.2094328285841304,0.11247361916821055,0.08715819756556938,0.2949168143629234,0.10045769850113082
243,243.0,242.99998409850193,0.06342148685046825,0.07476386040693124,0.05588947483414548,0.2121177593259455,0.1129018882610838,0.0858613317126815,0.2945607020493039,0.10048349655944033
244,244.0,243.9999870398277,0.06265599576318892,0.07482852910623722,0.05526046816801849,0.2145113074561116,0.11321261937146011,0.08455054954650519,0.2945882718182359,0.1003922587702426
245,245.0,244.9999898166226,0.061954042711253064,0.07491913410618159,0.05472590422559786,0.216809384182289,0.11297889713761848,0.08345422246177667,0.2949416712080789,0.10021674396720436
246,246.0,245.99999241757178,0.061326462626504874,0.07501399573454892,0.0541530742816524,0.2198635889713249,0.1125457340278532,0.08222153855966301,0.29488766220931595,0.09998794358913671
247,247.0,246.99999483425034,0.060750166887281715,0.0751150765074197,0.05365856286751087,0.2224417445294355,0.11206013292284545,0.0810047365845781,0.2952749557736623,0.09969462392726629
248,248.0,247.99999706091853,0.06022638066783448,0.07522500549856523,0.053237246123488235,0.22553183143041305,0.11116687005137335,0.07977493496170712,0.29547841565816896,0.09935931560844956
249,249.0,248.9999990943107,0.059737111498902803,0.07531763964965812,0.05287160970116575,0.22842548922931313,0.11022422308518265,0.07856296700966185,0.29594162288653886,0.0989193369395768
250,250.0,250.00000093342055,0.059312416886490554,0.07565432410979278,0.052581967783807346,0.23113641568536375,0.10905294423544118,0.07741496955272441,0.2964069889893618,0.0984399727570182
251,251.0,251.00000257928522,0.05905918650880944,0.0759817640524153,0.052219935718444146,0.23389116312153369,0.10786796471209834,0.0762727019010804,0.29679968766708703,0.09790759631853167
252,252.0,252.0000040347706,0.05885073897859831,0.07628846984264433,0.051915303261510275,0.2364153281183451,0.10666309200936035,0.07517964572520984,0.29735847579394803,0.09732894627038371
253,253.0,253.00000530435972,0.058676484213686,0.07634902767784679,0.05166389425218126,0.23920071323332595,0.1054451190324486,0.07413781566790326,0.2978007261003892,0.0967262198222189
254,254.0,254.00000639394634,0.058729884259990144,0.07635247191846863,0.051436520293499786,0.24186111564219515,0.1041736101713398,0.07309437053022287,0.2982819418395212,0.09607008534476238
255,255.0,255.00000731063483,0.05880956312547373,0.07634628214257082,0.05124948966116205,0.24392283008683155,0.1032859103579869,0.07207612762595969,0.29890599830468756,0.09540379869532767
256,256.0,256.00000806254815,0.05891930002050011,0.07633868753050042,0.051108047464308796,0.2458629445827584,0.10220317655122703,0.07109652327738998,0.29972146785342907,0.09474985271988616
257,257.0,257.0000086586446,0.059061871298907054,0.07633678403773773,0.051016128751733135,0.24752071053081318,0.10116337937969859,0.07019157888808977,0.3009020146657466,0.09380753244727386
258,258.0,258.000009108545,0.059214035303665,0.07632148908137217,0.05095136267407095,0.2495699383092838,0.10031107988555286,0.06898661808943889,0.3017953930435643,0.09285008361305196
259,259.0,259.0000094223699,0.05940055430366316,0.07596470033206193,0.05079808903670956,0.25170795402926066,0.09947790873265076,0.06784986362514059,0.3029841855758949,0.09181674436461833
260,260.0,260.00000961058856,0.05957621918383507,0.07557088772358282,0.05065872198850292,0.25382784000102016,0.0986287384346482,0.06675847297409095,0.30419047965501306,0.0907886400393067
261,261.0,261.00000968387957,0.059749183834170334,0.07515568433230302,0.05054254765920691,0.255749392309392,0.0978011889133338,0.06573772972498501,0.30548063647165186,0.08978363675495699
262,262.0,262.0000096530026,0.05991136724026143,0.07471795044381989,0.05044223295250287,0.2573822664923705,0.09716415150764439,0.06478389695734005,0.306813805191451,0.08878432921460977
263,263.0,263.00000952868334,0.06005686751597078,0.07425817125330306,0.0503522709189724,0.2589310520891878,0.09654053227367212,0.06414421100327335,0.30792355693330337,0.08779333801231702
264,264.0,264.00000932150914,0.06018152666824772,0.07379025737136606,0.05026449561848201,0.26033356205213753,0.09606292050898736,0.0635431033354985,0.30901017469956055,0.08681395974572019
265,265.0,265.0000090418373,0.06029190059440991,0.0733131748845083,0.05018726823778494,0.26173557963530225,0.09560499495970723,0.06299809829565045,0.3099902759897936,0.08587870740284323
266,266.0,266.0000086997143,0.060379428874584994,0.07283474668303146,0.05011000900627072,0.2630255547399305,0.09514002775449759,0.062488985004160794,0.31105746069908596,0.08496378723843787
267,267.0,267.0000083048064,0.06034609085520383,0.07238191917492469,0.04991735429981284,0.2639971174508987,0.09469616430797133,0.062038122132386866,0.3123743996460696,0.08424883213273203
268,268.0,268.0000078663412,0.0602829697932451,0.07191424736598823,0.0497206930849268,0.26481498635774564,0.09423557952090855,0.06161632312586093,0.31386279216582424,0.08355240858550039
269,269.0,269.00000739305915,0.06020235530745201,0.07145716074355439,0.049527695551512395,0.26565137347290574,0.09378680783454277,0.06122893462974835,0.31525862937682614,0.08288704308345816
270,270.0,270.0000068931747,0.06010550097626394,0.07100155752920072,0.04934254285541683,0.2660237727107982,0.09336149632768338,0.06109804344681536,0.31681333620353813,0.08225374995028337
271,271.0,271.000006374347,0.06000220660924362,0.07084701146922698,0.04917026097276466,0.26579640813111705,0.09296320326283822,0.06101535987560762,0.3185394541296458,0.08166609554955605
272,272.0,272.0000058436586,0.059888866529007566,0.07070217217665047,0.04900614504053988,0.26538800747098734,0.09258362218573606,0.060963673786104,0.3203483081672986,0.08111920464367608
273,273.0,273.0000053076024,0.05976580858025003,0.07056157865591031,0.048851125613849876,0.2646063474606545,0.09223516933838785,0.06117252183272805,0.32219640086712636,0.08061104765109298
274,274.0,274.00000477207584,0.05962038272937613,0.07040356211623533,0.04869307046048382,0.26350347150712844,0.0918691446000464,0.061376351667451895,0.32441058850828636,0.08012342841099152
275,275.0,275.0000042423811,0.05945855844447332,0.07023270989609948,0.04853650022547955,0.26221473703777787,0.09149481221991676,0.06158274142274177,0.32681550889404626,0.07966443185946492
276,276.0,276.0000037232321,0.05927800402944527,0.07004543757083628,0.04837759155156243,0.26069880566176823,0.09123645227554263,0.06177482141578999,0.32936359378720015,0.07922529370785494
277,277.0,277.0000032187657,0.05927675911534691,0.06984258192404993,0.04821679063617049,0.2591906151300015,0.09096080943062862,0.06194911126859001,0.3317576778183114,0.07880565467690105
278,278.0,278.00000273255824,0.059434946354710166,0.06962889263337849,0.048058324981653015,0.25776616070337116,0.09067577603883616,0.06211404619052054,0.33390924330209215,0.07841260979543827
279,279.0,279.0000022676459,0.059575551202278317,0.06940528472845676,0.047902475235279976,0.2562363740314968,0.09038158190925384,0.06226677872959406,0.3360279475841549,0.0782040065794853
280,280.0,280.0000018265484,0.059702657245960536,0.06918331129997807,0.04775478105032592,0.2547472056278045,0.09009447061786505,0.0624154929798782,0.33808074499601165,0.07802133618217605
281,281.0,281.00000141129516,0.05981512235395706,0.06911727410156587,0.04761518175510221,0.25311459067343206,0.08981410143260778,0.06255766360607809,0.34010415781221764,0.07786190826503923
282,282.0,282.0000010234543,0.05990818198978162,0.06904974392698425,0.04748341746991123,0.2517268566296168,0.08953624628396456,0.06268706234080251,0.34188203096535,0.07772646039358898
283,283.0,283.00000066416294,0.06027009592360161,0.06855421980327803,0.04780524302408942,0.25038645306888324,0.08927748543729555,0.06309511340507734,0.3434217492111881,0.07718964012658668
284,284.0,284.0000003341591,0.06060315829084499,0.06804854360734441,0.048120123061441554,0.24916015132509742,0.0890092774519661,0.06347387946533747,0.34491949855673143,0.07666536824123657
285,285.0,285.00000003381405,0.06090528585399375,0.06753657897626816,0.04842435961534912,0.24801103681071823,0.08795446695406017,0.0638204625564028,0.3461922554680036,0.07715555376520412
286,286.0,285.99999976316536,0.06109537058105927,0.06694392199823082,0.04863193166961315,0.2477469194085174,0.08682941179810398,0.06406112339739746,0.34720999076500797,0.0774813303820699
287,287.0,286.99999952194986,0.06108864444605916,0.06625441106349327,0.048836078771055585,0.2474369915111816,0.08573939012897351,0.06428738207000441,0.3483557639838975,0.07800133802533497
288,288.0,287.99999930963645,0.061055166492320644,0.06557785824188328,0.04902550698805167,0.24693799286247037,0.0846671533528458,0.06447850124075873,0.34974853083273927,0.07850928998893027
289,289.0,288.99999912545803,0.060997856398913156,0.06491302840400967,0.04919854091157227,0.24643464820595581,0.0836158860825513,0.06464108771643251,0.35105577529521226,0.07914317698535302
290,290.0,289.99999896844287,0.060912585117623506,0.06425901839661485,0.04934959444754382,0.2459560793066595,0.08257508755191895,0.06475854922359817,0.3524438277657681,0.07974525819027313
291,291.0,290.9999988374448,0.06080734569815947,0.06362362964332763,0.04948256067447824,0.24564006685098322,0.08156624883159179,0.06484791943314262,0.35371049369806284,0.08032173517025425
292,292.0,291.9999987311721,0.060606824423550615,0.06293795070207583,0.050354438347982144,0.24520764866064107,0.08063682312046529,0.06499053091747273,0.35455701308735466,0.08070877074045774
293,293.0,292.99999864821496,0.060389570689487,0.06228057036053747,0.05119988634528995,0.24510940087162195,0.07974654231061076,0.06509584754604561,0.3551226299746597,0.08105555190174761
294,294.0,293.99999858707133,0.06015829115074747,0.061653787670336614,0.052012201400560995,0.24486969744969792,0.07889779333877632,0.06516462392845386,0.3558831669455336,0.08136043811589325
295,295.0,294.9999985461714,0.05978773172100681,0.06086248550406325,0.052861195593200926,0.24523433818202944,0.07823484876783313,0.0651774839886333,0.35594463868285675,0.08189727756037647
296,296.0,295.99999852389976,0.05938959666973385,0.06008807919662214,0.053652788676742176,0.24593984316735437,0.07758061563136996,0.06513474342332903,0.3557127828336899,0.08250155040115863
297,297.0,296.9999985186163,0.058972116892368275,0.05934186302685324,0.05438700777503736,0.24675960334322825,0.07695174576569512,0.065158097476592,0.3554062311033425,0.08302333461688328
298,298.0,297.999998528675,0.05854153135472813,0.05862868175092816,0.05506307267770364,0.24747396535325208,0.07665179904961959,0.06514357901529198,0.35490505622746715,0.08359231457100927
299,299.0,298.99999855244107,0.058100740423665864,0.05795265578397577,0.05567800141768057,0.24815047021505016,0.07637851033859876,0.06508756230418059,0.3544291215084342,0.08422293800841414
300,300.0,299.9999985883061,0.05766574426622832,0.057316566234027255,0.056235789316400546,0.24887549503915682,0.07614059542990592,0.0650034385344054,0.35396110176901446,0.08480126941086133
301,301.0,300.99999863470157,0.057237049968893346,0.056720200972842374,0.05673459966545081,0.24975414123829093,0.07592556905389188,0.06488628449346305,0.35342151029312646,0.08532064431404131
302,302.0,301.9999986901105,0.056817226145382885,0.0561640819901508,0.05717446514189921,0.2505071729283958,0.0757306288153571,0.064885557198501,0.3527980153558625,0.08592285242445077
303,303.0,302.9999987530774,0.05639443577163953,0.05564026233723485,0.057547976570488914,0.2512121110825212,0.07553500418051468,0.06484103537274039,0.3521143200657685,0.08671485461909213
304,304.0,303.99999882221687,0.055984839422615416,0.05515659144496497,0.057864440593071366,0.2521681170451753,0.07535447414957314,0.06476627309870742,0.35126568506010536,0.08743957918578718
305,305.0,304.99999889622023,0.05557503398380094,0.05470028813042536,0.05811628516619274,0.25301234686859214,0.07516042703106829,0.06464974762414846,0.3505933668583032,0.08819250433746897
306,306.0,305.99999897386107,0.05516847171229696,0.054275238113701496,0.05830740830997829,0.2539627728645915,0.07496038033434482,0.0644952289391346,0.3498561655392355,0.08897433418671688
307,307.0,306.9999990539992,0.05477847253167467,0.05388380329976967,0.05844660399691965,0.25502237848651954,0.07476136273503889,0.06431490419935479,0.3491163305295769,0.08967614422114586
308,308.0,307.9999991355835,0.054408069094923434,0.05352677793273886,0.05853864979420978,0.256089560615949,0.07456783213782738,0.06411849861380017,0.34844826676473295,0.09030234504581836
309,309.0,308.9999992176535,0.054226477322645475,0.053371227446416515,0.05792166264640083,0.2563033907139318,0.07454703868268192,0.06507990138435518,0.34735757245330534,0.09119272935026282
310,310.0,309.99999929934,0.05406587376183361,0.0531102918498485,0.05727213837587831,0.256443328307975,0.07452958445142122,0.06602265372005567,0.34644724755867495,0.09210888197431266
311,311.0,310.9999993798645,0.05391206473428535,0.05287359841484106,0.05659185607161461,0.256382964303288,0.07449636586458412,0.06692704406162431,0.3457692270071116,0.09304687954265092
312,312.0,311.99999945853784,0.053762379734891425,0.05265760279447026,0.0558877467594011,0.25635906691785043,0.07444027955568616,0.067888514750657,0.3450087752701515,0.0939956342168921
313,313.0,312.9999995347585,0.05362334165286343,0.05246934765921008,0.05517313188788073,0.25631420079628436,0.0743766946758088,0.0688043982053165,0.3442764422675144,0.09496244285512159
314,314.0,313.9999996080095,0.05349291845036913,0.05230575168149962,0.05445543450288927,0.25653564308489707,0.0743105888636676,0.0696712930582808,0.3434160717922619,0.09581229856613449
315,315.0,314.99999967785527,0.053366080929964664,0.05215823875110547,0.053737142844366835,0.25665453472877875,0.0743797024259564,0.07047236885254057,0.3426948348928715,0.09653709657441567
316,316.0,315.99999974393796,0.053255934887520825,0.05203466960082453,0.05303329175022085,0.25676348389771886,0.07445581857833457,0.0712205969243965,0.34206001015316595,0.09717619420781778
317,317.0,316.999999805973,0.05315909163343551,0.05192836890414635,0.05234674498085601,0.2567798962631569,0.07465307596897558,0.07190846393710722,0.34149597570544304,0.0977283826068793
318,318.0,317.99999986374485,0.05316735190813385,0.05183263870232616,0.051675590693195925,0.25667992516314747,0.07482402504269067,0.07252442253419478,0.3410111578589074,0.09828488809740368
319,319.0,318.999999917102,0.053194604216763905,0.051755475061231994,0.051035155617826525,0.25665448024074833,0.07512234002772485,0.0731064577537973,0.34022399813024806,0.09890748895165896
320,320.0,319.99999996595244,0.05322923161420697,0.05169030294722277,0.05042386853967036,0.25677043526127635,0.07540474988331558,0.07362499060125974,0.3394101195011795,0.0994463016518687
321,321.0,321.00000001025836,0.05325636399793475,0.05173073080067263,0.049837066036279576,0.2566279074958511,0.0756434648056265,0.07406472383154913,0.33873274553719673,0.10010699749488951
322,322.0,322.0000000500311,0.05327653362244001,0.05177609988351643,0.049278825152452396,0.25660303468481904,0.07584320405845064,0.07442846441557224,0.3380237897843845,0.10077004839836473
323,323.0,323.0000000853262,0.05329043156069339,0.05182587826771194,0.04875266028592781,0.25636379630734984,0.07600798370768143,0.07486792500351565,0.3375744232286597,0.10131690163846027
324,324.0,324.00000011623854,0.053306005971562556,0.05188092416638712,0.04826425782527731,0.2559896461853508,0.0761503039412478,0.07524558024431025,0.337384032941409,0.10177924872445523
325,325.0,325.0000001428973,0.05332056646456184,0.05193755461620389,0.04781259187509468,0.25558810710988406,0.07626434494954418,0.0754131085576717,0.3375094669759407,0.10215425945109913
326,326.0,326.00000016546124,0.05333434868744798,0.05199307801885649,0.04739901463470418,0.2551469767241923,0.07634625846371593,0.07552373360466738,0.3377049319202928,0.10255165794612313
327,327.0,327.00000018411407,0.0533716240363377,0.0520606416950323,0.04703743199369731,0.25477179815094786,0.07630458991308646,0.07560119921040177,0.3380189719766977,0.10283374302379905
328,328.0,328.00000019906054,0.053522852102248844,0.052124137504032435,0.04670803789713917,0.2545088267684496,0.07622440534864161,0.07562015611445683,0.3382803683640972,0.1030112159009345
329,329.0,329.00000021052176,0.05365931424263665,0.0521784906600689,0.04640989457008797,0.2542378547224698,0.07610991636568179,0.07558937606008055,0.3387230793751149,0.10309207400385959
330,330.0,330.0000002187316,0.053832480226591276,0.05213489084124132,0.04605561137281616,0.2538137354367525,0.07588424379516005,0.07624484852025587,0.33910594234187896,0.10292824746530402
331,331.0,331.00000022393317,0.053919027077084986,0.05200698024427981,0.04565832468421064,0.2533239651373515,0.07556053326878924,0.07662227800771473,0.33943021576774085,0.10347867581282844
