,Unnamed: 0,Total_iterations,Intertwine_two,Add_vertex,Delete_vertex,Invert_path_vertices,Insert_inside_vertex,Delete_inside_vertex,Replace_inside_vertex,Donate_between_routes
0,0.0,0.0,0.125,0.125,0.125,0.125,0.125,0.125,0.125,0.125
1,1.0,1.0,0.125,0.125,0.125,0.125,0.125,0.125,0.125,0.125
2,2.0,2.0,0.125,0.125,0.125,0.125,0.125,0.125,0.125,0.125
3,3.0,3.0,0.125,0.125,0.125,0.125,0.125,0.125,0.125,0.125
4,4.0,4.0,0.125,0.125,0.125,0.125,0.125,0.125,0.125,0.125
5,5.0,5.0,0.125,0.125,0.125,0.125,0.125,0.125,0.125,0.125
6,6.0,6.0,0.125,0.125,0.125,0.125,0.125,0.125,0.125,0.125
7,7.0,7.0,0.125,0.125,0.125,0.125,0.125,0.125,0.125,0.125
8,8.0,8.0,0.125,0.125,0.125,0.125,0.125,0.125,0.125,0.125
9,9.0,9.0,0.125,0.125,0.125,0.125,0.125,0.125,0.125,0.125
10,10.0,10.0,0.125,0.125,0.125,0.125,0.125,0.125,0.125,0.125
11,11.0,11.0,0.125,0.125,0.125,0.125,0.125,0.125,0.125,0.125
12,12.0,12.0,0.125,0.125,0.125,0.125,0.125,0.125,0.125,0.125
13,13.0,13.0,0.125,0.125,0.125,0.125,0.125,0.125,0.125,0.125
14,14.0,14.0,0.125,0.125,0.125,0.125,0.125,0.125,0.125,0.125
15,15.0,15.0,0.125,0.125,0.125,0.125,0.125,0.125,0.125,0.125
16,16.0,16.0,0.125,0.125,0.125,0.125,0.125,0.125,0.125,0.125
17,17.0,17.0,0.125,0.125,0.125,0.125,0.125,0.125,0.125,0.125
18,18.0,18.0,0.125,0.125,0.125,0.125,0.125,0.125,0.125,0.125
19,19.0,19.0,0.125,0.125,0.125,0.125,0.125,0.125,0.125,0.125
20,20.0,20.0,0.125,0.125,0.125,0.125,0.125,0.125,0.125,0.125
21,21.0,21.0,0.125,0.125,0.125,0.125,0.125,0.125,0.125,0.125
22,22.0,22.0,0.125,0.125,0.125,0.125,0.125,0.125,0.125,0.125
23,23.0,23.0,0.125,0.125,0.125,0.125,0.125,0.125,0.125,0.125
24,24.0,24.0,0.125,0.125,0.125,0.125,0.125,0.125,0.125,0.125
25,25.0,25.0,0.125,0.125,0.125,0.125,0.125,0.125,0.125,0.125
26,26.0,26.0,0.125,0.125,0.125,0.125,0.125,0.125,0.125,0.125
27,27.0,27.0,0.125,0.125,0.125,0.125,0.125,0.125,0.125,0.125
28,28.0,28.0,0.125,0.125,0.125,0.125,0.125,0.125,0.125,0.125
29,29.0,29.0,0.125,0.125,0.125,0.125,0.125,0.125,0.125,0.125
30,30.0,30.0,0.125,0.125,0.125,0.125,0.125,0.125,0.125,0.125
31,31.0,31.0,0.125,0.125,0.125,0.125,0.125,0.125,0.125,0.125
32,32.0,32.1,0.125,0.125,0.125,0.125,0.125,0.125,0.125,0.125
33,33.0,33.1,0.125,0.125,0.125,0.125,0.125,0.125,0.125,0.125
34,34.0,34.1,0.125,0.125,0.125,0.125,0.125,0.125,0.125,0.125
35,35.0,35.1,0.125,0.125,0.125,0.125,0.125,0.125,0.125,0.125
36,36.0,36.2,0.125,0.125,0.125,0.125,0.125,0.125,0.125,0.125
37,37.0,37.2,0.125,0.125,0.125,0.125,0.125,0.125,0.125,0.125
38,38.0,38.2,0.125,0.125,0.125,0.125,0.125,0.125,0.125,0.125
39,39.0,39.3,0.125,0.125,0.125,0.125,0.125,0.125,0.125,0.125
40,40.0,40.3,0.125,0.125,0.125,0.125,0.125,0.125,0.125,0.125
41,41.0,41.3,0.125,0.125,0.125,0.125,0.125,0.125,0.125,0.125
42,42.0,42.4,0.125,0.125,0.125,0.125,0.125,0.125,0.125,0.125
43,43.0,43.4,0.125,0.125,0.125,0.125,0.125,0.125,0.125,0.125
44,44.0,44.4,0.125,0.125,0.125,0.125,0.125,0.125,0.125,0.125
45,45.0,45.4,0.125,0.125,0.125,0.125,0.125,0.125,0.125,0.125
46,46.0,46.6,0.125,0.125,0.125,0.125,0.125,0.125,0.125,0.125
47,47.0,47.6,0.125,0.125,0.125,0.125,0.125,0.125,0.125,0.125
48,48.0,48.7,0.125,0.125,0.125,0.125,0.125,0.125,0.125,0.125
49,49.0,49.7,0.125,0.125,0.125,0.125,0.125,0.125,0.125,0.125
50,50.0,50.7,0.125,0.125,0.125,0.125,0.125,0.125,0.125,0.125
51,51.0,51.8,0.125,0.125,0.125,0.125,0.125,0.125,0.125,0.125
52,52.0,52.8,0.125,0.125,0.125,0.125,0.125,0.125,0.125,0.125
53,53.0,53.9,0.125,0.125,0.125,0.125,0.125,0.125,0.125,0.125
54,54.0,54.9,0.125,0.125,0.125,0.125,0.125,0.125,0.125,0.125
55,55.0,55.9,0.125,0.125,0.125,0.125,0.125,0.125,0.125,0.125
56,56.0,56.9,0.125,0.125,0.125,0.125,0.125,0.125,0.125,0.125
57,57.0,57.9,0.125,0.125,0.125,0.125,0.125,0.125,0.125,0.125
58,58.0,58.9,0.125,0.125,0.125,0.125,0.125,0.125,0.125,0.125
59,59.0,59.9,0.125,0.125,0.125,0.125,0.125,0.125,0.125,0.125
60,60.0,60.9,0.125,0.125,0.125,0.125,0.125,0.125,0.125,0.125
61,61.0,61.9,0.125,0.125,0.125,0.125,0.125,0.125,0.125,0.125
62,62.0,62.9,0.125,0.125,0.125,0.125,0.125,0.125,0.125,0.125
63,63.0,63.9,0.125,0.125,0.125,0.125,0.125,0.125,0.125,0.125
64,64.0,64.9,0.125,0.125,0.125,0.125,0.125,0.125,0.125,0.125
65,65.0,65.9,0.125,0.125,0.125,0.125,0.125,0.125,0.125,0.125
66,66.0,66.9,0.125,0.125,0.125,0.125,0.125,0.125,0.125,0.125
67,67.0,67.9,0.125,0.125,0.125,0.125,0.125,0.125,0.125,0.125
68,68.0,68.9,0.125,0.125,0.125,0.125,0.125,0.125,0.125,0.125
69,69.0,69.9,0.125,0.125,0.125,0.125,0.125,0.125,0.125,0.125
70,70.0,70.9,0.125,0.125,0.125,0.125,0.125,0.125,0.125,0.125
71,71.0,71.9,0.125,0.125,0.125,0.125,0.125,0.125,0.125,0.125
72,72.0,72.9,0.125,0.125,0.125,0.125,0.125,0.125,0.125,0.125
73,73.0,73.9,0.125,0.125,0.125,0.125,0.125,0.125,0.125,0.125
74,74.0,74.9,0.125,0.125,0.125,0.125,0.125,0.125,0.125,0.125
75,75.0,75.9,0.125,0.125,0.125,0.125,0.125,0.125,0.125,0.125
76,76.0,76.9,0.125,0.125,0.125,0.125,0.125,0.125,0.125,0.125
77,77.0,77.9,0.125,0.125,0.125,0.125,0.125,0.125,0.125,0.125
78,78.0,78.9,0.125,0.125,0.125,0.125,0.125,0.125,0.125,0.125
79,79.0,79.9,0.125,0.125,0.125,0.125,0.125,0.125,0.125,0.125
80,80.0,80.9,0.125,0.125,0.125,0.125,0.125,0.125,0.125,0.125
81,81.0,82.0,0.125,0.125,0.125,0.125,0.125,0.125,0.125,0.125
82,82.0,83.0,0.125,0.125,0.125,0.125,0.125,0.125,0.125,0.125
83,83.0,84.0,0.125,0.125,0.125,0.125,0.125,0.125,0.125,0.125
84,84.0,85.0,0.125,0.125,0.125,0.125,0.125,0.125,0.125,0.125
85,85.0,86.1,0.125,0.125,0.125,0.125,0.125,0.125,0.125,0.125
86,86.0,87.3,0.125,0.125,0.125,0.125,0.125,0.125,0.125,0.125
87,87.0,88.3,0.125,0.125,0.125,0.125,0.125,0.125,0.125,0.125
88,88.0,89.3,0.125,0.125,0.125,0.125,0.125,0.125,0.125,0.125
89,89.0,90.3,0.125,0.125,0.125,0.125,0.125,0.125,0.125,0.125
90,90.0,91.3,0.125,0.125,0.125,0.125,0.125,0.125,0.125,0.125
91,91.0,92.3,0.125,0.125,0.125,0.125,0.125,0.125,0.125,0.125
92,92.0,93.3,0.125,0.125,0.125,0.125,0.125,0.125,0.125,0.125
93,93.0,94.3,0.125,0.125,0.125,0.125,0.125,0.125,0.125,0.125
94,94.0,95.3,0.125,0.125,0.125,0.125,0.125,0.125,0.125,0.125
95,95.0,96.3,0.125,0.125,0.125,0.125,0.125,0.125,0.125,0.125
96,96.0,97.3,0.125,0.125,0.125,0.125,0.125,0.125,0.125,0.125
97,97.0,98.4,0.125,0.125,0.125,0.125,0.125,0.125,0.125,0.125
98,98.0,99.4,0.125,0.125,0.125,0.125,0.125,0.125,0.125,0.125
99,99.0,100.4,0.125,0.125,0.125,0.125,0.125,0.125,0.125,0.125
100,100.0,101.4,0.125,0.125,0.125,0.125,0.125,0.125,0.125,0.125
101,101.0,102.4,0.125,0.125,0.125,0.125,0.125,0.125,0.125,0.125
102,102.0,103.4,0.125,0.125,0.125,0.125,0.125,0.125,0.125,0.125
103,103.0,104.4,0.125,0.125,0.125,0.125,0.125,0.125,0.125,0.125
104,104.0,105.4,0.125,0.125,0.125,0.125,0.125,0.125,0.125,0.125
105,105.0,106.4,0.125,0.125,0.125,0.125,0.125,0.125,0.125,0.125
106,106.0,107.4,0.125,0.125,0.125,0.125,0.125,0.125,0.125,0.125
107,107.0,108.4,0.125,0.125,0.125,0.125,0.125,0.125,0.125,0.125
108,108.0,109.4,0.125,0.125,0.125,0.125,0.125,0.125,0.125,0.125
109,109.0,110.4,0.125,0.125,0.125,0.125,0.125,0.125,0.125,0.125
110,110.0,111.4,0.125,0.125,0.125,0.125,0.125,0.125,0.125,0.125
111,111.0,112.4,0.125,0.125,0.125,0.125,0.125,0.125,0.125,0.125
112,112.0,113.4,0.125,0.125,0.125,0.125,0.125,0.125,0.125,0.125
113,113.0,114.4,0.125,0.125,0.125,0.125,0.125,0.125,0.125,0.125
114,114.0,115.4,0.125,0.125,0.125,0.125,0.125,0.125,0.125,0.125
115,115.0,116.4,0.125,0.125,0.125,0.125,0.125,0.125,0.125,0.125
116,116.0,117.4,0.125,0.125,0.125,0.125,0.125,0.125,0.125,0.125
117,117.0,118.4,0.125,0.125,0.125,0.125,0.125,0.125,0.125,0.125
118,118.0,119.4,0.125,0.125,0.125,0.125,0.125,0.125,0.125,0.125
119,119.0,120.5,0.125,0.125,0.125,0.125,0.125,0.125,0.125,0.125
120,120.0,121.5,0.125,0.125,0.125,0.125,0.125,0.125,0.125,0.125
121,121.0,122.5,0.125,0.125,0.125,0.125,0.125,0.125,0.125,0.125
122,122.0,123.5,0.125,0.125,0.125,0.125,0.125,0.125,0.125,0.125
123,123.0,124.5,0.125,0.125,0.125,0.125,0.125,0.125,0.125,0.125
124,124.0,125.5,0.125,0.125,0.125,0.125,0.125,0.125,0.125,0.125
125,125.0,126.5,0.125,0.125,0.125,0.125,0.125,0.125,0.125,0.125
126,126.0,127.5,0.125,0.125,0.125,0.125,0.125,0.125,0.125,0.125
127,127.0,128.5,0.125,0.125,0.125,0.125,0.125,0.125,0.125,0.125
128,128.0,129.5,0.125,0.125,0.125,0.125,0.125,0.125,0.125,0.125
129,129.0,130.5,0.125,0.125,0.125,0.125,0.125,0.125,0.125,0.125
130,130.0,131.5,0.125,0.125,0.125,0.125,0.125,0.125,0.125,0.125
131,131.0,132.5,0.125,0.125,0.125,0.125,0.125,0.125,0.125,0.125
132,132.0,133.5,0.125,0.125,0.125,0.125,0.125,0.125,0.125,0.125
133,133.0,134.5,0.125,0.125,0.125,0.125,0.125,0.125,0.125,0.125
134,134.0,135.5,0.125,0.125,0.125,0.125,0.125,0.125,0.125,0.125
135,135.0,136.5,0.125,0.125,0.125,0.125,0.125,0.125,0.125,0.125
136,136.0,137.5,0.125,0.125,0.125,0.125,0.125,0.125,0.125,0.125
137,137.0,138.5,0.125,0.125,0.125,0.125,0.125,0.125,0.125,0.125
138,138.0,139.5,0.125,0.125,0.125,0.125,0.125,0.125,0.125,0.125
139,139.0,140.5,0.125,0.125,0.125,0.125,0.125,0.125,0.125,0.125
140,140.0,141.5,0.125,0.125,0.125,0.125,0.125,0.125,0.125,0.125
141,141.0,142.5,0.125,0.125,0.125,0.125,0.125,0.125,0.125,0.125
142,142.0,143.5,0.125,0.125,0.125,0.125,0.125,0.125,0.125,0.125
143,143.0,144.5,0.125,0.125,0.125,0.125,0.125,0.125,0.125,0.125
144,144.0,145.5,0.125,0.125,0.125,0.125,0.125,0.125,0.125,0.125
145,145.0,146.5,0.125,0.125,0.125,0.125,0.125,0.125,0.125,0.125
146,146.0,147.5,0.125,0.125,0.125,0.125,0.125,0.125,0.125,0.125
147,147.0,148.5,0.125,0.125,0.125,0.125,0.125,0.125,0.125,0.125
148,148.0,149.5,0.125,0.125,0.125,0.125,0.125,0.125,0.125,0.125
149,149.0,150.5,0.125,0.125,0.125,0.125,0.125,0.125,0.125,0.125
150,150.0,151.5,0.125,0.125,0.125,0.125,0.125,0.125,0.125,0.125
151,151.0,152.5,0.125,0.125,0.125,0.125,0.125,0.125,0.125,0.125
152,152.0,153.5,0.125,0.125,0.125,0.125,0.125,0.125,0.125,0.125
153,153.0,154.5,0.125,0.125,0.125,0.125,0.125,0.125,0.125,0.125
154,154.0,155.5,0.125,0.125,0.125,0.125,0.125,0.125,0.125,0.125
155,155.0,156.5,0.125,0.125,0.125,0.125,0.125,0.125,0.125,0.125
156,156.0,157.5,0.125,0.125,0.125,0.125,0.125,0.125,0.125,0.125
157,157.0,158.5,0.125,0.125,0.125,0.125,0.125,0.125,0.125,0.125
158,158.0,159.5,0.125,0.125,0.125,0.125,0.125,0.125,0.125,0.125
159,159.0,160.5,0.125,0.125,0.125,0.125,0.125,0.125,0.125,0.125
160,160.0,161.5,0.125,0.125,0.125,0.125,0.125,0.125,0.125,0.125
161,161.0,162.5,0.125,0.125,0.125,0.125,0.125,0.125,0.125,0.125
162,162.0,163.5,0.125,0.125,0.125,0.125,0.125,0.125,0.125,0.125
163,163.0,164.5,0.125,0.125,0.125,0.125,0.125,0.125,0.125,0.125
164,164.0,165.5,0.125,0.125,0.125,0.125,0.125,0.125,0.125,0.125
165,165.0,166.5,0.125,0.125,0.125,0.125,0.125,0.125,0.125,0.125
166,166.0,167.5,0.125,0.125,0.125,0.125,0.125,0.125,0.125,0.125
167,167.0,168.5,0.125,0.125,0.125,0.125,0.125,0.125,0.125,0.125
168,168.0,169.5,0.125,0.125,0.125,0.125,0.125,0.125,0.125,0.125
169,169.0,170.5,0.125,0.125,0.125,0.125,0.125,0.125,0.125,0.125
170,170.0,171.5,0.125,0.125,0.125,0.125,0.125,0.125,0.125,0.125
171,171.0,172.5,0.125,0.125,0.125,0.125,0.125,0.125,0.125,0.125
172,172.0,173.5,0.125,0.125,0.125,0.125,0.125,0.125,0.125,0.125
173,173.0,174.5,0.125,0.125,0.125,0.125,0.125,0.125,0.125,0.125
174,174.0,175.5,0.125,0.125,0.125,0.125,0.125,0.125,0.125,0.125
175,175.0,176.5,0.125,0.125,0.125,0.125,0.125,0.125,0.125,0.125
176,176.0,177.5,0.125,0.125,0.125,0.125,0.125,0.125,0.125,0.125
177,177.0,178.5,0.125,0.125,0.125,0.125,0.125,0.125,0.125,0.125
178,178.0,179.5,0.125,0.125,0.125,0.125,0.125,0.125,0.125,0.125
179,179.0,180.5,0.125,0.125,0.125,0.125,0.125,0.125,0.125,0.125
180,180.0,181.5,0.125,0.125,0.125,0.125,0.125,0.125,0.125,0.125
181,181.0,182.5,0.125,0.125,0.125,0.125,0.125,0.125,0.125,0.125
182,182.0,183.5,0.125,0.125,0.125,0.125,0.125,0.125,0.125,0.125
183,183.0,184.5,0.125,0.125,0.125,0.125,0.125,0.125,0.125,0.125
184,184.0,185.5,0.125,0.125,0.125,0.125,0.125,0.125,0.125,0.125
185,185.0,186.5,0.125,0.125,0.125,0.125,0.125,0.125,0.125,0.125
186,186.0,187.5,0.125,0.125,0.125,0.125,0.125,0.125,0.125,0.125
187,187.0,188.5,0.125,0.125,0.125,0.125,0.125,0.125,0.125,0.125
188,188.0,189.5,0.125,0.125,0.125,0.125,0.125,0.125,0.125,0.125
189,189.0,190.5,0.125,0.125,0.125,0.125,0.125,0.125,0.125,0.125
190,190.0,191.5,0.125,0.125,0.125,0.125,0.125,0.125,0.125,0.125
191,191.0,192.5,0.125,0.125,0.125,0.125,0.125,0.125,0.125,0.125
192,192.0,193.5,0.125,0.125,0.125,0.125,0.125,0.125,0.125,0.125
193,193.0,194.5,0.125,0.125,0.125,0.125,0.125,0.125,0.125,0.125
194,194.0,195.5,0.125,0.125,0.125,0.125,0.125,0.125,0.125,0.125
195,195.0,196.5,0.125,0.125,0.125,0.125,0.125,0.125,0.125,0.125
196,196.0,197.5,0.125,0.125,0.125,0.125,0.125,0.125,0.125,0.125
197,197.0,198.5,0.125,0.125,0.125,0.125,0.125,0.125,0.125,0.125
198,198.0,199.5,0.125,0.125,0.125,0.125,0.125,0.125,0.125,0.125
199,199.0,200.5,0.12361111111111112,0.12361111111111112,0.12361111111111112,0.13472222222222224,0.12361111111111112,0.12361111111111112,0.12361111111111112,0.12361111111111112
200,200.0,201.5,0.12222222222222223,0.12222222222222223,0.12222222222222223,0.13333333333333333,0.13333333333333333,0.12222222222222223,0.12222222222222223,0.12222222222222223
201,201.0,202.5,0.12222222222222223,0.12222222222222223,0.12222222222222223,0.13333333333333333,0.13333333333333333,0.12222222222222223,0.12222222222222223,0.12222222222222223
202,202.0,203.5,0.12111111111111113,0.13111111111111112,0.12111111111111113,0.1322222222222222,0.13111111111111112,0.12111111111111113,0.12111111111111113,0.12111111111111113
203,203.0,204.5,0.1202020202020202,0.1292929292929293,0.1202020202020202,0.13131313131313133,0.1292929292929293,0.1292929292929293,0.1202020202020202,0.1202020202020202
204,204.0,205.5,0.1190909090909091,0.12818181818181817,0.1290909090909091,0.1290909090909091,0.12818181818181817,0.12818181818181817,0.1190909090909091,0.1190909090909091
205,205.0,206.5,0.11742424242424243,0.12575757575757573,0.1356060606060606,0.12651515151515152,0.12575757575757573,0.1340909090909091,0.11742424242424243,0.11742424242424243
206,206.0,207.5,0.11742424242424243,0.12575757575757573,0.1356060606060606,0.12651515151515152,0.12575757575757573,0.1340909090909091,0.11742424242424243,0.11742424242424243
207,207.0,208.5,0.11742424242424243,0.12575757575757573,0.1356060606060606,0.12651515151515152,0.11742424242424243,0.14242424242424243,0.11742424242424243,0.11742424242424243
208,208.0,209.5,0.11678321678321679,0.12447552447552446,0.13496503496503495,0.1258741258741259,0.11678321678321679,0.14755244755244754,0.11678321678321679,0.11678321678321679
209,209.0,210.5,0.11623376623376622,0.12337662337662336,0.1344155844155844,0.12532467532467534,0.11623376623376622,0.1448051948051948,0.11623376623376622,0.12337662337662336
210,210.0,211.5,0.11575757575757575,0.12242424242424241,0.13393939393939394,0.1315151515151515,0.11575757575757575,0.14242424242424243,0.11575757575757575,0.12242424242424241
211,211.0,212.5,0.11534090909090908,0.12159090909090908,0.13352272727272727,0.13068181818181818,0.11534090909090908,0.14659090909090908,0.11534090909090908,0.12159090909090908
212,212.0,213.5,0.11497326203208555,0.12085561497326203,0.13315508021390374,0.12994652406417112,0.11497326203208555,0.15026737967914439,0.11497326203208555,0.12085561497326203
213,213.0,214.5,0.11325757575757575,0.12992424242424244,0.1314393939393939,0.1279040404040404,0.11325757575757575,0.15214646464646464,0.11325757575757575,0.11881313131313131
214,214.0,215.5,0.11214646464646463,0.1277020202020202,0.13032828282828282,0.13679292929292927,0.11214646464646463,0.15103535353535352,0.11214646464646463,0.11770202020202021
215,215.0,216.5,0.11094497607655503,0.12529904306220094,0.1291267942583732,0.13438995215311006,0.11094497607655503,0.15305023923444974,0.11094497607655503,0.12529904306220094
216,216.0,217.5,0.11825757575757576,0.12825757575757574,0.1281060606060606,0.13234848484848483,0.10992424242424241,0.1499242424242424,0.10992424242424241,0.12325757575757575
217,217.0,218.5,0.11673742923742922,0.12626123876123874,0.12722693972693971,0.13059024309024309,0.10904512154512154,0.14714035964035962,0.10904512154512154,0.13395354645354646
218,218.0,219.5,0.11673742923742922,0.12626123876123874,0.13631784881784878,0.12149933399933399,0.10904512154512154,0.14714035964035962,0.10904512154512154,0.13395354645354646
219,219.0,220.5,0.11576340326340324,0.12485431235431235,0.13307109557109556,0.1203088578088578,0.10807109557109555,0.14443473193473194,0.1164044289044289,0.1370920745920746
220,220.0,221.5,0.11492474916387958,0.12362040133779262,0.13030936454849498,0.1192725752508361,0.10723244147157189,0.1463628762541806,0.12261705685618729,0.13566053511705684
221,221.0,222.5,0.11492474916387958,0.12362040133779262,0.13030936454849498,0.1192725752508361,0.10723244147157189,0.1463628762541806,0.12261705685618729,0.13566053511705684
222,222.0,223.5,0.11437529861442904,0.12307095078834207,0.13525441949354994,0.11872312470138555,0.11103081700907787,0.14146559961777352,0.12096870520783562,0.1351110845676063
223,223.0,224.5,0.11437529861442904,0.12307095078834207,0.13525441949354994,0.11872312470138555,0.11103081700907787,0.14146559961777352,0.12096870520783562,0.1351110845676063
224,224.0,225.5,0.11437529861442904,0.12307095078834207,0.13525441949354994,0.11872312470138555,0.11103081700907787,0.14146559961777352,0.12096870520783562,0.1351110845676063
225,225.0,226.5,0.11437529861442904,0.12307095078834207,0.13525441949354994,0.11872312470138555,0.11103081700907787,0.14146559961777352,0.12096870520783562,0.1351110845676063
226,226.0,227.5,0.11437529861442904,0.12307095078834207,0.14239727663640706,0.11872312470138555,0.11103081700907787,0.14146559961777352,0.11382584806497849,0.1351110845676063
227,227.0,228.5,0.11389910813823856,0.1225947603121516,0.14620680044593087,0.11824693422519508,0.11055462653288739,0.14098940914158303,0.11287346711259753,0.1346348940914158
228,228.0,229.5,0.11481443994601888,0.12534075573549255,0.1471221322537112,0.12007759784075571,0.10712213225371119,0.14922739541160593,0.11378879892037785,0.12250674763832659
229,229.0,230.5,0.11481443994601888,0.12534075573549255,0.1471221322537112,0.12007759784075571,0.10712213225371119,0.14922739541160593,0.11378879892037785,0.12250674763832659
230,230.0,231.5,0.11439777327935223,0.1249240890688259,0.15045546558704453,0.11966093117408907,0.10670546558704452,0.14881072874493925,0.11295546558704453,0.1220900809716599
231,231.0,232.5,0.11237807943690296,0.12737807943690296,0.15174459527400702,0.11737807943690297,0.10468577174459526,0.14468577174459527,0.12167923579688285,0.12007038712921066
232,232.0,233.5,0.11094017094017092,0.1359401709401709,0.1476923076923077,0.11594017094017092,0.10324786324786324,0.1488034188034188,0.1188034188034188,0.11863247863247861
233,233.0,234.5,0.11064777327935223,0.13564777327935224,0.1503238866396761,0.11564777327935223,0.10795546558704454,0.14321862348178138,0.11821862348178139,0.1183400809716599
234,234.0,235.5,0.10950058713216607,0.14196811959969852,0.14917670049248993,0.1190243966559756,0.10657018420176315,0.14040477066792853,0.1161623464255043,0.11719289482447377
235,235.0,236.5,0.10928413691571585,0.14110231873389767,0.14896025027603974,0.12292050055207948,0.10613728376886271,0.1386731689363268,0.11594589620905409,0.11697644460802355
236,236.0,237.5,0.10928413691571585,0.14110231873389767,0.14896025027603974,0.12292050055207948,0.10613728376886271,0.1386731689363268,0.11594589620905409,0.11697644460802355
237,237.0,238.5,0.10928413691571585,0.14110231873389767,0.14896025027603974,0.12292050055207948,0.10613728376886271,0.1386731689363268,0.11594589620905409,0.11697644460802355
238,238.0,239.5,0.10687451437451437,0.145510878010878,0.14872766122766123,0.12051087801087801,0.09918220668220668,0.13600038850038848,0.12862665112665111,0.11456682206682205
239,239.0,240.5,0.10532767956680997,0.14337115782767956,0.14960224558050644,0.11837115782767955,0.0976353718745023,0.13717988533205924,0.13549251473164514,0.11301998725911769
240,240.0,241.5,0.10447020370933413,0.14828291273943445,0.14658026755852843,0.12205913651565825,0.09677789601702644,0.13610595925813318,0.13356111280024321,0.11216251140164182
241,241.0,242.5,0.10807095078834209,0.1453380315336837,0.1438569039655996,0.12825728619206878,0.09603081700907787,0.13516125179168656,0.13186932632584805,0.11141543239369325
242,242.0,243.5,0.1075274725274725,0.14443223443223444,0.14566849816849817,0.12717032967032965,0.09566849816849815,0.13733516483516484,0.13114468864468862,0.11105311355311354
243,243.0,244.5,0.11528144078144079,0.1447100122100122,0.14844627594627596,0.12013858363858362,0.09644627594627593,0.14044627594627596,0.1227002442002442,0.11183089133089133
244,244.0,245.5,0.11417521367521366,0.14838034188034185,0.14766239316239316,0.12289316239316239,0.09581623931623931,0.13827777777777778,0.12159401709401707,0.11120085470085468
245,245.0,246.5,0.11289173789173787,0.15140669515669514,0.14880698005698006,0.12145655270655269,0.09510327635327634,0.13969017094017094,0.12015669515669514,0.11048789173789171
246,246.0,247.5,0.11762162129809188,0.14816161507337977,0.14988418444300797,0.12014262970145322,0.09446090401972754,0.14102175058057412,0.11886177547942252,0.10984551940434292
247,247.0,248.5,0.12180908172287482,0.14524914740431982,0.15089838322596943,0.118935518504484,0.09387867879247187,0.142277693570797,0.11768820260199568,0.10926329417708727
248,248.0,249.5,0.12144783377541998,0.14466622458001768,0.14869805481874446,0.1215627763041556,0.09364058355437663,0.1437555260831123,0.11720380194518124,0.10902519893899203
249,249.0,250.5,0.11555486628067271,0.14967673007995588,0.14997725392886682,0.12068031430934656,0.09341811414392058,0.14513854425144745,0.11675144747725393,0.10880272952853595
250,250.0,251.5,0.11436181308316282,0.14682679610523414,0.14765528637557498,0.11956130374530205,0.09291738314976854,0.14624399605299437,0.11574326505884232,0.11669015642912076
251,251.0,252.5,0.11436181308316282,0.14682679610523414,0.14765528637557498,0.11956130374530205,0.09291738314976854,0.14624399605299437,0.11574326505884232,0.11669015642912076
252,252.0,253.5,0.11436181308316282,0.14370179610523412,0.150780286375575,0.11956130374530205,0.09291738314976854,0.14624399605299437,0.11574326505884232,0.11669015642912076
253,253.0,254.5,0.11287822722457697,0.14202881630725434,0.14910730657759522,0.1176989300079283,0.09143379729118269,0.14333995564895394,0.11425967920025645,0.1292532877422521
254,254.0,255.5,0.11176711611346586,0.14091770519614324,0.15799619546648408,0.1165878188968172,0.09032268618007157,0.14222884453784285,0.11314856808914535,0.12703106552002985
255,255.0,256.5,0.10986693861693861,0.14280254467754466,0.1573261460761461,0.11511315073815072,0.08904963092463093,0.14075417637917637,0.12050165112665112,0.12458576146076146
256,256.0,257.5,0.10820568320568318,0.14456931956931957,0.16523199023199026,0.11383338883338882,0.08795926295926296,0.1425047175047175,0.11822621822621819,0.11946941946941944
257,257.0,258.5,0.1080274300862536,0.14448019300960474,0.16353858559740914,0.11356600915424442,0.08787013639954815,0.14517851429616135,0.11795883854707381,0.11938029290970464
258,258.0,259.5,0.10309745809745807,0.14439615939615938,0.1647990897990898,0.11331390831390831,0.08778610278610277,0.1496042846042846,0.11770673770673767,0.11929625929625927
259,259.0,260.5,0.10260052447552445,0.14698183760683758,0.1660572066822067,0.10708284770784768,0.08758498445998444,0.15358877233877233,0.11713043900543899,0.11897338772338768
260,260.0,261.5,0.10094400629726716,0.14796956446412968,0.17317189053602094,0.10554888291301334,0.08620116981530022,0.15448480671306758,0.11428773464099548,0.11739194462020545
261,261.0,262.5,0.1004394399460189,0.14989119433198378,0.1714971322537112,0.10466093117408906,0.08594888663967609,0.15689186909581646,0.11371204453441293,0.11695850202429145
262,262.0,263.5,0.10001140964298857,0.14744043675622623,0.17407667770825666,0.10430487056802844,0.08568752300331246,0.1547592933382407,0.11728401423138264,0.11643577475156422
263,263.0,264.5,0.09992228308327378,0.14717305707708184,0.1737201714693975,0.10412661744859886,0.08559839644359765,0.15600706517424784,0.11719488767166783,0.11625752163213461
264,264.0,265.6,0.10225274725274722,0.1486996336996337,0.17437728937728936,0.10353479853479852,0.08529304029304027,0.16368131868131866,0.10644688644688642,0.11571428571428569
265,265.0,266.6,0.10986272986272982,0.14919774669774669,0.17596671846671846,0.10206811706811705,0.08409803159803157,0.15967042217042215,0.10483877233877233,0.11429746179746178
266,266.0,267.6,0.10947622837866737,0.15072407267529214,0.17687102870029697,0.10169193949681754,0.08390478085600035,0.15910099385709142,0.10425902011267862,0.11397193592315542
267,267.0,268.6,0.10911377894136513,0.1521438331783159,0.17773510014889324,0.10133649875029185,0.08372355613734922,0.1585643283919146,0.10371534595672524,0.11366755849514468
268,268.0,269.6,0.10862300176253663,0.15324254731231474,0.1808887917027452,0.10084992212899188,0.08347816754793497,0.15655608690492412,0.10312933033863265,0.11323215230191971
269,269.0,270.6,0.10830223975385263,0.15448001577033832,0.18167978490559136,0.10053097875678521,0.08331778654359298,0.1560767625283754,0.10264818732560665,0.11296424441585728
270,270.0,271.7,0.10795837933995826,0.15547632192369032,0.18115223592197277,0.10028792479450374,0.0831458563366458,0.1570842534658324,0.10227464421543367,0.11262038400196292
271,271.0,272.7,0.10776898540056434,0.15661268556005395,0.18105753895227578,0.10019322782480677,0.08305115936694882,0.15689485952643847,0.10199055330634277,0.112430990062569
272,272.0,273.7,0.09927396133278485,0.15838886603592486,0.18465446318387493,0.10087823940765114,0.08380364733305908,0.15968188674071024,0.10029206088029614,0.1130268750856986
273,273.0,274.7,0.09887667887667885,0.15915445665445666,0.184993894993895,0.10046398046398045,0.08360500610500608,0.16035103785103783,0.09987484737484736,0.11268009768009765
274,274.0,275.7,0.09849937914094856,0.15987560159882533,0.18558673446266233,0.10006942745012733,0.09341635623714095,0.1507222358176759,0.0994791581695081,0.11235110712311133
275,275.0,276.7,0.09825672205277808,0.16073024903071603,0.18629796836076024,0.09980933849901154,0.09329502769305568,0.15029456485346468,0.09916142600626252,0.112154703503951
276,276.0,277.7,0.09811447454210952,0.16158373409472743,0.1886658689956699,0.09973821474367726,0.09322390393772143,0.14771329295255223,0.09894805474025968,0.11201245599328244
277,277.0,278.7,0.09777472527472525,0.1721749084249084,0.19126831501831498,0.09937728937728936,0.08305402930402929,0.14603479853479853,0.09859890109890108,0.11171703296703295
278,278.0,279.7,0.09666985838082182,0.17014809664311323,0.19876549253625664,0.09818738846978046,0.0820470504025321,0.1436524439016133,0.09987498658595002,0.11065468307993223
279,279.0,280.7,0.09316083916083913,0.17676689976689974,0.1947109557109557,0.09916083916083913,0.08346853146853145,0.14148717948717945,0.0989300699300699,0.11231468531468529
280,280.0,281.7,0.09237727958316191,0.18326614561908677,0.1934296585767174,0.09825963252433838,0.08272418757712874,0.14048265460030165,0.09801830522418756,0.11144213629507745
281,281.0,282.7,0.09175241425241423,0.18817349317349313,0.19053696303696302,0.09944472194472191,0.08213702963702962,0.13970695970695968,0.09739343989343988,0.11085497835497833
282,282.0,283.7,0.09120365483573027,0.19242292298896066,0.18791100409024936,0.09875082464705105,0.0816245546905924,0.140899854862119,0.09684468047675593,0.1103425034085411
283,283.0,284.7,0.09061609686609684,0.1959864672364672,0.18690527065527066,0.09802350427350426,0.0810719373219373,0.14134971509971508,0.0962571225071225,0.10978988603988601
284,284.0,285.7,0.09018110973993325,0.19337926779103246,0.18647573015220073,0.103336189953837,0.08067062022944374,0.14074637780520133,0.09582213538095889,0.10938856894739243
285,285.0,286.7,0.08830387004300046,0.19508095768965333,0.1825353028613898,0.10100228274141317,0.08993695917608958,0.14165193502150022,0.09394489568402611,0.10754379678292718
286,286.0,287.7,0.08785630880255739,0.1978348455700079,0.18402738296915228,0.10013701055694338,0.08952072625644852,0.13999882753802123,0.09349733444358302,0.10712756386328612
287,287.0,288.7,0.09633289124668434,0.1941920866489832,0.1873187444739169,0.09822944297082226,0.0889997789566755,0.13731874447391687,0.09197391688770998,0.10563439434129088
288,288.0,289.7,0.09437123006130267,0.202217131133596,0.18659815970953983,0.09705998198734275,0.0870248234412883,0.13719628031371373,0.09092134661141923,0.10461104674179733
289,289.0,290.7,0.09428959740824146,0.20209468215400417,0.1861899964442337,0.09697834933428154,0.08690237446169648,0.1381758721504484,0.09083971395835802,0.1045294140887361
290,290.0,291.7,0.09271794871794871,0.20055128205128203,0.186025641025641,0.10438461538461537,0.08535897435897435,0.13719230769230767,0.090025641025641,0.10374358974358973
291,291.0,292.7,0.09130282125460523,0.1991242613060356,0.18392688475137847,0.11055250599609326,0.08393195361372796,0.13727387928689758,0.08925153920332318,0.10463615458793855
292,292.0,293.7,0.08983752806333448,0.19574293985584304,0.1877017606049864,0.11533676001417936,0.08245539406829726,0.1368696088857379,0.08833569656150299,0.10372031194611837
293,293.0,294.7,0.08978632478632474,0.19571733821733817,0.18829059829059827,0.11518315018315015,0.0824297924297924,0.13663919413919412,0.08828449328449325,0.10366910866910864
294,294.0,295.7,0.08978632478632474,0.19571733821733817,0.18829059829059827,0.11518315018315015,0.0824297924297924,0.13663919413919412,0.08828449328449325,0.10366910866910864
295,295.0,296.7,0.08266927925016157,0.19580565880198228,0.18927581609566901,0.12225261258349492,0.08251811301443653,0.13547329508726566,0.08831030489118723,0.1036949202758026
296,296.0,297.7,0.08214501185089418,0.19482923938806287,0.18935251023486316,0.12639409609997845,0.0815416936005171,0.13478075845722903,0.08778603749191982,0.1031706528765352
297,297.0,298.7,0.08168172513760746,0.19397259603141953,0.189471974104327,0.1300042359601183,0.08068505024387376,0.13415430158077216,0.08732275077863312,0.10270736616324849
298,298.0,299.7,0.08126884967534657,0.19321468771205377,0.1896244536850331,0.13317737427921797,0.07992714192450802,0.1335831267064805,0.08690987531637223,0.10229449070098762
299,299.0,300.7,0.08122495151906914,0.19319273863391506,0.19012928248222363,0.13304567981038565,0.0799051928463693,0.13338558500323205,0.08686597716009478,0.10225059254471017
300,300.0,301.7,0.08126075714566762,0.19328907281976335,0.19693320405085107,0.13299623394508303,0.07611917409104109,0.13021337698959182,0.08690178278669326,0.10228639817130865
301,301.0,302.7,0.08310170221934926,0.19315072182719237,0.19554945054945053,0.13279357897004954,0.07594160741219562,0.13051443654384828,0.0867819435466494,0.10216655893126478
302,302.0,303.7,0.08524974634129559,0.19415875595453055,0.19502807442948283,0.13560271887736672,0.07550796230373692,0.1285686340263805,0.08396769505924431,0.10191641300796225
303,303.0,304.7,0.08508241758241754,0.1948443223443223,0.19543345543345542,0.1354212454212454,0.07542429792429789,0.1283089133089133,0.08380036630036626,0.10168498168498163
304,304.0,305.7,0.08492241461252484,0.19305700378620522,0.19582910082826552,0.13716919148342466,0.07778332082959544,0.12613460202417767,0.08364036333047356,0.10146400310533284
305,305.0,306.7,0.08466039385850703,0.19124555044366362,0.1977029719954248,0.13689119608930927,0.07750352726767817,0.12502058610549174,0.08579557942765487,0.10118019481227022
306,306.0,307.7,0.0845136158512639,0.19194735523849166,0.1980800334422537,0.1367277169955976,0.07737476727845308,0.12478503493970801,0.0855934304348082,0.10097804581942357
307,307.0,308.7,0.08447852813196566,0.19192981137884255,0.19661429362100244,0.13662245383770286,0.07735722341880394,0.126496388796047,0.08555834271550997,0.10094295810012532
308,308.0,309.7,0.08444435178199983,0.1919127232038596,0.19702440982059233,0.1365199247878054,0.07734013524382102,0.12632550704621787,0.08552416636554414,0.10090878175015949
309,309.0,310.7,0.08619213595628686,0.19031044950856268,0.19737115609757117,0.13636717056528375,0.07721777698192789,0.12421936030426595,0.08760503123710668,0.10071691934899477
310,310.0,311.7,0.08869668423465889,0.19367424769323502,0.18343689948120329,0.13889225050617454,0.07973855375754106,0.1277976254874989,0.08174511728309193,0.10601862155659621
311,311.0,312.7,0.08869668423465889,0.19367424769323502,0.18343689948120329,0.13889225050617454,0.07973855375754106,0.1277976254874989,0.08174511728309193,0.10601862155659621
312,312.0,313.7,0.08758557312354777,0.19256313658212393,0.1804739365182403,0.13778113939506342,0.07862744264642996,0.12853836622823964,0.08063400617198083,0.11379639933437398
313,313.0,314.7,0.0874573091964396,0.19322364229972924,0.18080537417493936,0.13763789350745873,0.0785150015041319,0.1283318292013944,0.08040912388738472,0.11361982622852185
314,314.0,315.7,0.08667135989831022,0.192027521992061,0.17774926019606868,0.1347681672149757,0.0849835415438252,0.12376497287844801,0.08878992691049427,0.1112452493658167
315,315.0,316.7,0.08507550626585618,0.1917534468594914,0.17563031716133518,0.133026128608048,0.08343641365115381,0.12323778098300897,0.08609531978566973,0.1217450866854366
316,316.0,317.7,0.08470262334720162,0.19381526438755353,0.174752474767535,0.13247824966198457,0.0831106911829803,0.12385125082414236,0.08581983946441775,0.12146960636418465
317,317.0,318.7,0.08567638647901803,0.1928660272476062,0.1731925165477797,0.13120729708887605,0.08128921663132187,0.1302710462052567,0.08655864019021912,0.11893886960992221
318,318.0,319.7,0.0852157379308929,0.195330220505532,0.17241442288674974,0.13068231005930223,0.08263947665715266,0.1291179301074983,0.08611597070304686,0.11848393114982507
319,319.0,320.7,0.08509328895130108,0.19602409805655238,0.17237360656021913,0.13064149373277162,0.08255784400409144,0.1290771137809677,0.08595270539692443,0.118279849517172
320,320.0,321.7,0.08483319175002742,0.19469646272891705,0.17532584386539762,0.1303173777615968,0.08233696248909227,0.12889544795224306,0.08565339250937624,0.1179413209433493
321,321.0,322.7,0.07937783948208964,0.18993771309328641,0.17733251556427176,0.12475044558043753,0.08462530519467164,0.1310983790334231,0.0888666265570836,0.12401117549473602
322,322.0,323.7,0.0786883241693988,0.18862619652068155,0.17319060133270398,0.12657126394257548,0.0756521064292123,0.1398572679993706,0.08734696654632355,0.13006727305973353
323,323.0,324.7,0.07726520705662653,0.18894027898993643,0.1714304936243204,0.1249809576970968,0.0742420509674327,0.13703454474561286,0.09297513148483333,0.13313133543414074
324,324.0,325.7,0.07547428733163854,0.19318688530724445,0.1689305991258039,0.12320884665108289,0.0724988399741687,0.1352232874525875,0.09296618240974051,0.1385110717477333
325,325.0,326.7,0.07506224712107064,0.19205571117335823,0.16654372860255212,0.12963429816370992,0.07024743230625581,0.14061780267662616,0.09119981325863676,0.1346389666977902
326,326.0,327.7,0.07466093994556991,0.19226941622577293,0.16578401042347912,0.13102948601051065,0.06992567521030517,0.13947612476075472,0.09076483604946599,0.13608951137414133
327,327.0,328.7,0.07380031360370232,0.19195880526123493,0.16460000304469616,0.1363081536962611,0.06914192851053465,0.1396854067714042,0.09070507550846425,0.13380031360370231
328,328.0,329.7,0.07338364693703565,0.19154213859456826,0.1704333363780295,0.13505815369626112,0.06872526184386799,0.13926874010473753,0.08945507550846424,0.13213364693703566
329,329.0,330.7,0.0725454859150511,0.1913809680657507,0.16902699353786313,0.13706647217516782,0.07413710082188342,0.137180579082753,0.08861691448647968,0.1300454859150511
330,330.0,331.7,0.07179631463569405,0.19399827894544544,0.16846237236313288,0.13580247774166873,0.07927028248370285,0.13534445128165679,0.08713244908947557,0.1281933734592235
331,331.0,332.7,0.07150978133188757,0.19819711755670008,0.16850309478630163,0.13310077256709132,0.08524543688443117,0.128691040932502,0.0868459157856691,0.127906840155417
332,332.0,333.7,0.07158430586934965,0.19750386034491166,0.16883297709799588,0.1330646059197373,0.08529893291939598,0.12858624010532643,0.08523212863481947,0.12989694910846347
333,333.0,334.7,0.07150027225590427,0.19590722168944946,0.16824474180387822,0.13281250507940118,0.08521489930595061,0.12850220649188107,0.08514809502137408,0.13267005835216095
334,334.0,335.7,0.07210772036335238,0.19481137309360086,0.1708439806265213,0.13120078346767955,0.08568498477603607,0.1281481161377907,0.08441698806686289,0.13278605346815606
335,335.0,336.7,0.07193524269087472,0.19498375326598102,0.17021091249345316,0.1309430907099868,0.08554497463602594,0.1280405735302481,0.0859328220826969,0.1324086305907332
336,336.0,337.7,0.07193524269087472,0.19498375326598102,0.17127474228068723,0.1309430907099868,0.08554497463602594,0.12697674374301407,0.0859328220826969,0.1324086305907332
337,337.0,338.7,0.07184172251896709,0.1935500799510087,0.17097450923689314,0.13066253019426394,0.08546265267240498,0.1267824396965264,0.08848207906644437,0.1322439866634913
338,338.0,339.7,0.07175231631113982,0.19218958737341088,0.17326195862960567,0.13039431157078213,0.08538421137685842,0.12659434927817279,0.08833616138763196,0.13208710407239815
339,339.0,340.8,0.07168821374703727,0.1909075360913596,0.1751850355526826,0.13020200387847444,0.08532010881275587,0.12653024671407023,0.08820795625942683,0.13195889894419305
340,340.0,341.8,0.07201185352189657,0.1923578175172508,0.1741489974038396,0.1302498462799754,0.08556682551069208,0.12535709161713465,0.08831677427068388,0.13199079387852702
341,341.0,342.8,0.07179429742729378,0.19222943162681214,0.17307281486896997,0.13006776623146113,0.08539922393397893,0.12735719268849102,0.08818838838024523,0.13189088484274775
342,342.0,343.8,0.07436755821209602,0.19656809576977644,0.17960888551224685,0.13255821909183252,0.09370252996303416,0.11663600405197043,0.09078951160883933,0.11576919579020417
343,343.0,344.8,0.07335127291009642,0.20242358948241299,0.17888120049884754,0.13411975279622337,0.09118140029904735,0.11550634006516355,0.08978353346000403,0.11475291048820457
344,344.0,345.8,0.07335127291009642,0.20242358948241299,0.17888120049884754,0.13411975279622337,0.09118140029904735,0.11550634006516355,0.08978353346000403,0.11475291048820457
345,345.0,346.8,0.07335127291009642,0.20242358948241299,0.17888120049884754,0.13411975279622337,0.09118140029904735,0.11550634006516355,0.08978353346000403,0.11475291048820457
346,346.0,347.8,0.07313482269364621,0.20155778861661214,0.1776546492722963,0.13366187733834792,0.09551040462805169,0.11437691393573746,0.08956708324355381,0.11453646027175438
347,347.0,348.9,0.07293719423514819,0.20076727478262005,0.17745702081379827,0.13583579038182617,0.09511514771105564,0.11417928547723943,0.08936945478505579,0.11433883181325635
348,348.0,349.9,0.07273583279465631,0.2041992027580263,0.17654858866623568,0.13360127127774185,0.09474272786037491,0.11485671191553541,0.08917819435466492,0.11413747037276448
349,349.0,350.9,0.07290456776770113,0.20430242393987297,0.1771651829048451,0.13369269489974206,0.09488365643287018,0.11357697534459325,0.08928141553651162,0.11419308317386359
350,350.0,351.9,0.07266311640935443,0.2046221744511758,0.17666122728161032,0.13146834082470196,0.09448524526089505,0.11720933489674937,0.08899430004559963,0.11389626082991336
351,351.0,352.9,0.07243737939197674,0.20495336188654295,0.17522162636525856,0.1332526682341074,0.0941151804601262,0.11767688669601861,0.08872522727605536,0.11361766968991409
352,352.0,353.9,0.07241870874223813,0.20494402656167363,0.1754923507864684,0.13319665628489158,0.0941058451352569,0.11752752149810972,0.08871589195118605,0.1135989990401755
353,353.0,354.9,0.0723682036917331,0.2060046326222797,0.17493679523091285,0.13304514113337643,0.09405534008475185,0.11747701644760467,0.08861488185017594,0.1134979889391654
354,354.0,355.9,0.07231989451298912,0.20484521233242461,0.17657930730820753,0.13290021359714455,0.09400703090600789,0.11742870726886072,0.08851826349268803,0.11340137058167747
355,355.0,356.9,0.07219611502027759,0.2078460006487469,0.17616613274454757,0.1311043736945085,0.0937314659459769,0.11632229839546153,0.08838514867510719,0.1142484648753737
