,Unnamed: 0,Total_iterations,Intertwine_two,Add_vertex,Delete_vertex,Invert_path_vertices,Insert_inside_vertex,Delete_inside_vertex,Replace_inside_vertex,Donate_between_routes
0,0.0,0.0,0.125,0.125,0.125,0.125,0.125,0.125,0.125,0.125
1,1.0,0.10900000000000001,0.125,0.125,0.125,0.125,0.125,0.125,0.125,0.125
2,2.0,0.31601,0.125,0.125,0.125,0.125,0.125,0.125,0.125,0.125
3,3.0,0.6191589000000001,0.125,0.125,0.125,0.125,0.125,0.125,0.125,0.125
4,4.0,1.015801321,0.125,0.125,0.125,0.125,0.125,0.125,0.125,0.125
5,5.0,1.50262148669,0.125,0.125,0.125,0.125,0.125,0.125,0.125,0.125
6,6.0,2.0757334209441005,0.125,0.125,0.125,0.125,0.125,0.125,0.125,0.125
7,7.0,2.7307768275633495,0.125,0.125,0.125,0.125,0.125,0.125,0.125,0.125
8,8.0,3.4630081252450404,0.125,0.125,0.125,0.125,0.125,0.125,0.125,0.125
9,9.0,4.2673862119061114,0.125,0.125,0.125,0.125,0.125,0.125,0.125,0.125
10,10.0,5.138652627782014,0.125,0.125,0.125,0.125,0.125,0.125,0.125,0.125
11,11.0,6.071405875792507,0.125,0.125,0.125,0.125,0.125,0.125,0.125,0.125
12,12.0,7.060169740244025,0.125,0.125,0.125,0.125,0.125,0.125,0.125,0.125
13,13.0,8.099455520847952,0.125,0.125,0.125,0.125,0.125,0.125,0.125,0.125
14,14.0,9.183818168183006,0.125,0.125,0.125,0.125,0.125,0.125,0.125,0.125
15,15.0,10.307906369102724,0.125,0.125,0.125,0.125,0.125,0.125,0.125,0.125
16,16.0,11.466506686239443,0.125,0.125,0.125,0.125,0.125,0.125,0.125,0.125
17,17.0,12.654581904800096,0.125,0.125,0.125,0.125,0.125,0.125,0.125,0.125
18,18.0,13.867303782456686,0.125,0.125,0.125,0.125,0.125,0.125,0.125,0.125
19,19.0,15.100080434523047,0.125,0.125,0.125,0.125,0.125,0.125,0.125,0.125
20,20.0,16.348578617037543,0.125,0.125,0.125,0.125,0.125,0.125,0.125,0.125
21,21.0,17.608741195130214,0.125,0.125,0.125,0.125,0.125,0.125,0.125,0.125
22,22.0,18.876800103462312,0.125,0.125,0.125,0.125,0.125,0.125,0.125,0.125
23,23.0,20.14928511992658,0.125,0.125,0.125,0.125,0.125,0.125,0.125,0.125
24,24.0,21.423028783545156,0.125,0.125,0.125,0.125,0.125,0.125,0.125,0.125
25,25.0,22.695167792966423,0.125,0.125,0.125,0.125,0.125,0.125,0.125,0.125
26,26.0,23.963141223515898,0.125,0.125,0.125,0.125,0.125,0.125,0.125,0.125
27,27.0,25.224685898775267,0.125,0.125,0.125,0.125,0.125,0.125,0.125,0.125
28,28.0,26.477829247520948,0.125,0.125,0.125,0.125,0.125,0.125,0.125,0.125
29,29.0,27.720879968916847,0.125,0.125,0.125,0.125,0.125,0.125,0.125,0.125
30,30.0,28.95241681848399,0.125,0.125,0.125,0.125,0.125,0.125,0.125,0.125
31,31.0,30.17127581490958,0.125,0.125,0.125,0.125,0.125,0.125,0.125,0.125
32,32.0,31.386536153543517,0.125,0.125,0.125,0.125,0.125,0.125,0.125,0.125
33,33.0,32.587405096778625,0.125,0.125,0.125,0.125,0.125,0.125,0.125,0.125
34,34.0,33.77331309472244,0.125,0.125,0.125,0.125,0.125,0.125,0.125,0.125
35,35.0,34.94389716192464,0.125,0.125,0.125,0.125,0.125,0.125,0.125,0.125
36,36.0,36.108983850787375,0.125,0.125,0.125,0.125,0.125,0.125,0.125,0.125
37,37.0,37.258472032255966,0.125,0.125,0.125,0.125,0.125,0.125,0.125,0.125
38,38.0,38.39242667525514,0.125,0.125,0.125,0.125,0.125,0.125,0.125,0.125
39,39.0,39.521061587201835,0.125,0.125,0.125,0.125,0.125,0.125,0.125,0.125
40,40.0,40.63462239208185,0.125,0.125,0.125,0.125,0.125,0.125,0.125,0.125
41,41.0,41.733480892553054,0.125,0.125,0.125,0.125,0.125,0.125,0.125,0.125
42,42.0,42.8281187340516,0.125,0.125,0.125,0.125,0.125,0.125,0.125,0.125
43,43.0,43.90901160405977,0.125,0.125,0.125,0.125,0.125,0.125,0.125,0.125
44,44.0,44.97672507102653,0.125,0.125,0.125,0.125,0.125,0.125,0.125,0.125
45,45.0,46.03189994058634,0.125,0.125,0.125,0.125,0.125,0.125,0.125,0.125
46,46.0,47.095238323784315,0.125,0.125,0.125,0.125,0.125,0.125,0.125,0.125
47,47.0,48.14729048542465,0.125,0.125,0.125,0.125,0.125,0.125,0.125,0.125
48,48.0,49.1986645260467,0.125,0.125,0.125,0.125,0.125,0.125,0.125,0.125
49,49.0,50.23991451734608,0.125,0.125,0.125,0.125,0.125,0.125,0.125,0.125
50,50.0,51.27164036434206,0.125,0.125,0.125,0.125,0.125,0.125,0.125,0.125
51,51.0,52.304477222995025,0.125,0.125,0.125,0.125,0.125,0.125,0.125,0.125
52,52.0,53.32898562355275,0.125,0.125,0.125,0.125,0.125,0.125,0.125,0.125
53,53.0,54.355753327819166,0.125,0.125,0.125,0.125,0.125,0.125,0.125,0.125
54,54.0,55.37528672838075,0.125,0.125,0.125,0.125,0.125,0.125,0.125,0.125
55,55.0,56.38811392160237,0.125,0.125,0.125,0.125,0.125,0.125,0.125,0.125
56,56.0,57.3947772562858,0.125,0.125,0.125,0.125,0.125,0.125,0.125,0.125
57,57.0,58.395826484938034,0.125,0.125,0.125,0.125,0.125,0.125,0.125,0.125
58,58.0,59.39181252587566,0.125,0.125,0.125,0.125,0.125,0.125,0.125,0.125
59,59.0,60.38328183746077,0.125,0.125,0.125,0.125,0.125,0.125,0.125,0.125
60,60.0,61.37077139951276,0.125,0.125,0.125,0.125,0.125,0.125,0.125,0.125
61,61.0,62.354804291364424,0.125,0.125,0.125,0.125,0.125,0.125,0.125,0.125
62,62.0,63.33588585111728,0.125,0.125,0.125,0.125,0.125,0.125,0.125,0.125
63,63.0,64.31450039638369,0.125,0.125,0.125,0.125,0.125,0.125,0.125,0.125
64,64.0,65.2911084831596,0.125,0.125,0.125,0.125,0.125,0.125,0.125,0.125
65,65.0,66.26614467642634,0.125,0.125,0.125,0.125,0.125,0.125,0.125,0.125
66,66.0,67.24001580360213,0.125,0.125,0.125,0.125,0.125,0.125,0.125,0.125
67,67.0,68.21309966002433,0.125,0.125,0.125,0.125,0.125,0.125,0.125,0.125
68,68.0,69.18574413420407,0.125,0.125,0.125,0.125,0.125,0.125,0.125,0.125
69,69.0,70.15826671962378,0.125,0.125,0.125,0.125,0.125,0.125,0.125,0.125
70,70.0,71.1309543793053,0.125,0.125,0.125,0.125,0.125,0.125,0.125,0.125
71,71.0,72.1040637292256,0.125,0.125,0.125,0.125,0.125,0.125,0.125,0.125
72,72.0,73.07782150686162,0.125,0.125,0.125,0.125,0.125,0.125,0.125,0.125
73,73.0,74.05242529166543,0.125,0.125,0.125,0.125,0.125,0.125,0.125,0.125
74,74.0,75.0280444450722,0.125,0.125,0.125,0.125,0.125,0.125,0.125,0.125
75,75.0,76.00482123868757,0.125,0.125,0.125,0.125,0.125,0.125,0.125,0.125
76,76.0,76.98287214055452,0.125,0.125,0.125,0.125,0.125,0.125,0.125,0.125
77,77.0,77.96228923082924,0.125,0.125,0.125,0.125,0.125,0.125,0.125,0.125
78,78.0,78.94314171976819,0.125,0.125,0.125,0.125,0.125,0.125,0.125,0.125
79,79.0,79.92547754261555,0.125,0.125,0.125,0.125,0.125,0.125,0.125,0.125
80,80.0,80.90932500775205,0.125,0.125,0.125,0.125,0.125,0.125,0.125,0.125
81,81.0,81.90469447629737,0.125,0.125,0.125,0.125,0.125,0.125,0.125,0.125
82,82.0,82.90148005322517,0.125,0.125,0.125,0.125,0.125,0.125,0.125,0.125
83,83.0,83.89957227192797,0.125,0.125,0.125,0.125,0.125,0.125,0.125,0.125
84,84.0,84.89885954604118,0.125,0.125,0.125,0.125,0.125,0.125,0.125,0.125
85,85.0,85.90922949728267,0.125,0.125,0.125,0.125,0.125,0.125,0.125,0.125
86,86.0,86.94047015842719,0.125,0.125,0.125,0.125,0.125,0.125,0.125,0.125
87,87.0,87.97218205187298,0.125,0.125,0.125,0.125,0.125,0.125,0.125,0.125
88,88.0,89.00400093545545,0.125,0.125,0.125,0.125,0.125,0.125,0.125,0.125
89,89.0,90.03559792132513,0.125,0.125,0.125,0.125,0.125,0.125,0.125,0.125
90,90.0,91.0666792293946,0.125,0.125,0.125,0.125,0.125,0.125,0.125,0.125
91,91.0,92.09698561436316,0.125,0.125,0.125,0.125,0.125,0.125,0.125,0.125
92,92.0,93.12629150469124,0.125,0.125,0.125,0.125,0.125,0.125,0.125,0.125
93,93.0,94.15440389093959,0.125,0.125,0.125,0.125,0.125,0.125,0.125,0.125
94,94.0,95.18116099965373,0.125,0.125,0.125,0.125,0.125,0.125,0.125,0.125
95,95.0,96.20643078749991,0.125,0.125,0.125,0.125,0.125,0.125,0.125,0.125
96,96.0,97.23010928868648,0.125,0.125,0.125,0.125,0.125,0.125,0.125,0.125
97,97.0,98.26211884686752,0.125,0.125,0.125,0.125,0.125,0.125,0.125,0.125
98,98.0,99.29230626076178,0.125,0.125,0.125,0.125,0.125,0.125,0.125,0.125
99,99.0,100.320551870659,0.125,0.125,0.125,0.125,0.125,0.125,0.125,0.125
100,100.0,101.3467674008599,0.125,0.125,0.125,0.125,0.125,0.125,0.125,0.125
101,101.0,102.37089370403211,0.125,0.125,0.125,0.125,0.125,0.125,0.125,0.125
102,102.0,103.39289843984679,0.125,0.125,0.125,0.125,0.125,0.125,0.125,0.125
103,103.0,104.41277371768152,0.125,0.125,0.125,0.125,0.125,0.125,0.125,0.125
104,104.0,105.43053373055596,0.125,0.125,0.125,0.125,0.125,0.125,0.125,0.125
105,105.0,106.44621240483741,0.125,0.125,0.125,0.125,0.125,0.125,0.125,0.125
106,106.0,107.45986108764234,0.125,0.125,0.125,0.125,0.125,0.125,0.125,0.125
107,107.0,108.47154629129035,0.125,0.125,0.125,0.125,0.125,0.125,0.125,0.125
108,108.0,109.48134751166066,0.125,0.125,0.125,0.125,0.125,0.125,0.125,0.125
109,109.0,110.48935513487734,0.125,0.125,0.125,0.125,0.125,0.125,0.125,0.125
110,110.0,111.49566844442357,0.125,0.125,0.125,0.125,0.125,0.125,0.125,0.125
111,111.0,112.50039373857095,0.125,0.125,0.125,0.125,0.125,0.125,0.125,0.125
112,112.0,113.50364256591787,0.125,0.125,0.125,0.125,0.125,0.125,0.125,0.125
113,113.0,114.50553008487093,0.125,0.125,0.125,0.125,0.125,0.125,0.125,0.125
114,114.0,115.50617355107998,0.125,0.125,0.125,0.125,0.125,0.125,0.125,0.125
115,115.0,116.50569093515732,0.125,0.125,0.125,0.125,0.125,0.125,0.125,0.125
116,116.0,117.50419967147533,0.125,0.125,0.125,0.125,0.125,0.125,0.125,0.125
117,117.0,118.5018155374468,0.125,0.125,0.125,0.125,0.125,0.125,0.125,0.125
118,118.0,119.49865166144666,0.125,0.125,0.125,0.125,0.125,0.125,0.125,0.125
119,119.0,120.50481765643205,0.125,0.125,0.125,0.125,0.125,0.125,0.125,0.125
120,120.0,121.5103188753546,0.125,0.125,0.125,0.125,0.125,0.125,0.125,0.125
121,121.0,122.51516678363134,0.125,0.125,0.125,0.125,0.125,0.125,0.125,0.125
122,122.0,123.51937823324411,0.125,0.125,0.125,0.125,0.125,0.125,0.125,0.125
123,123.0,124.52297475556315,0.125,0.125,0.125,0.125,0.125,0.125,0.125,0.125
124,124.0,125.52598187809465,0.125,0.125,0.125,0.125,0.125,0.125,0.125,0.125
125,125.0,126.52842846959207,0.125,0.125,0.125,0.125,0.125,0.125,0.125,0.125
126,126.0,127.53034611724382,0.125,0.125,0.125,0.125,0.125,0.125,0.125,0.125
127,127.0,128.53176853895795,0.125,0.125,0.125,0.125,0.125,0.125,0.125,0.125
128,128.0,129.5327310331111,0.125,0.125,0.125,0.125,0.125,0.125,0.125,0.125
129,129.0,130.53326996751784,0.125,0.125,0.125,0.125,0.125,0.125,0.125,0.125
130,130.0,131.5334223088087,0.125,0.125,0.125,0.125,0.125,0.125,0.125,0.125
131,131.0,132.5332251928824,0.125,0.125,0.125,0.125,0.125,0.125,0.125,0.125
132,132.0,133.53271553661992,0.125,0.125,0.125,0.125,0.125,0.125,0.125,0.125
133,133.0,134.53192969061746,0.125,0.125,0.125,0.125,0.125,0.125,0.125,0.125
134,134.0,135.53090313230908,0.125,0.125,0.125,0.125,0.125,0.125,0.125,0.125
135,135.0,136.52967019850843,0.125,0.125,0.125,0.125,0.125,0.125,0.125,0.125
136,136.0,137.5282638561028,0.125,0.125,0.125,0.125,0.125,0.125,0.125,0.125
137,137.0,138.5267155093767,0.125,0.125,0.125,0.125,0.125,0.125,0.125,0.125
138,138.0,139.52505484222942,0.125,0.125,0.125,0.125,0.125,0.125,0.125,0.125
139,139.0,140.52330969337459,0.125,0.125,0.125,0.125,0.125,0.125,0.125,0.125
140,140.0,141.52150596247148,0.125,0.125,0.125,0.125,0.125,0.125,0.125,0.125
141,141.0,142.519667545034,0.125,0.125,0.125,0.125,0.125,0.125,0.125,0.125
142,142.0,143.5178162938899,0.125,0.125,0.125,0.125,0.125,0.125,0.125,0.125
143,143.0,144.5159720049213,0.125,0.125,0.125,0.125,0.125,0.125,0.125,0.125
144,144.0,145.5141524248004,0.125,0.125,0.125,0.125,0.125,0.125,0.125,0.125
145,145.0,146.51237327844353,0.125,0.125,0.125,0.125,0.125,0.125,0.125,0.125
146,146.0,147.51064831393793,0.125,0.125,0.125,0.125,0.125,0.125,0.125,0.125
147,147.0,148.5089893627435,0.125,0.125,0.125,0.125,0.125,0.125,0.125,0.125
148,148.0,149.50740641304108,0.125,0.125,0.125,0.125,0.125,0.125,0.125,0.125
149,149.0,150.50590769417852,0.125,0.125,0.125,0.125,0.125,0.125,0.125,0.125
150,150.0,151.50449977026042,0.125,0.125,0.125,0.125,0.125,0.125,0.125,0.125
151,151.0,152.50318764103153,0.125,0.125,0.125,0.125,0.125,0.125,0.125,0.125
152,152.0,153.5019748483152,0.125,0.125,0.125,0.125,0.125,0.125,0.125,0.125
153,153.0,154.50086358638734,0.125,0.125,0.125,0.125,0.125,0.125,0.125,0.125
154,154.0,155.49985481478842,0.125,0.125,0.125,0.125,0.125,0.125,0.125,0.125
155,155.0,156.4989483722015,0.125,0.125,0.125,0.125,0.125,0.125,0.125,0.125
156,156.0,157.49814309015125,0.125,0.125,0.125,0.125,0.125,0.125,0.125,0.125
157,157.0,158.4974369054045,0.125,0.125,0.125,0.125,0.125,0.125,0.125,0.125
158,158.0,159.4968269700784,0.125,0.125,0.125,0.125,0.125,0.125,0.125,0.125
159,159.0,160.49630975858412,0.125,0.125,0.125,0.125,0.125,0.125,0.125,0.125
160,160.0,161.49588117065343,0.125,0.125,0.125,0.125,0.125,0.125,0.125,0.125
161,161.0,162.4955366298093,0.125,0.125,0.125,0.125,0.125,0.125,0.125,0.125
162,162.0,163.49527117675146,0.125,0.125,0.125,0.125,0.125,0.125,0.125,0.125
163,163.0,164.4950795572319,0.125,0.125,0.125,0.125,0.125,0.125,0.125,0.125
164,164.0,165.494956304092,0.125,0.125,0.125,0.125,0.125,0.125,0.125,0.125
165,165.0,166.49489581322516,0.125,0.125,0.125,0.125,0.125,0.125,0.125,0.125
166,166.0,167.49489241331275,0.125,0.125,0.125,0.125,0.125,0.125,0.125,0.125
167,167.0,168.49494042925843,0.125,0.125,0.125,0.125,0.125,0.125,0.125,0.125
168,168.0,169.49503423931696,0.125,0.125,0.125,0.125,0.125,0.125,0.125,0.125
169,169.0,170.4951683259765,0.125,0.125,0.125,0.125,0.125,0.125,0.125,0.125
170,170.0,171.4953373207103,0.125,0.125,0.125,0.125,0.125,0.125,0.125,0.125
171,171.0,172.4955360427636,0.125,0.125,0.125,0.125,0.125,0.125,0.125,0.125
172,172.0,173.49575953218397,0.125,0.125,0.125,0.125,0.125,0.125,0.125,0.125
173,173.0,174.49600307734042,0.125,0.125,0.125,0.125,0.125,0.125,0.125,0.125
174,174.0,175.49626223720784,0.125,0.125,0.125,0.125,0.125,0.125,0.125,0.125
175,175.0,176.49653285871645,0.125,0.125,0.125,0.125,0.125,0.125,0.125,0.125
176,176.0,177.496811089487,0.125,0.125,0.125,0.125,0.125,0.125,0.125,0.125
177,177.0,178.49709338628566,0.125,0.125,0.125,0.125,0.125,0.125,0.125,0.125
178,178.0,179.49737651954158,0.125,0.125,0.125,0.125,0.125,0.125,0.125,0.125
179,179.0,180.49765757427653,0.125,0.125,0.125,0.125,0.125,0.125,0.125,0.125
180,180.0,181.4979339477952,0.125,0.125,0.125,0.125,0.125,0.125,0.125,0.125
181,181.0,182.49820334448404,0.125,0.125,0.125,0.125,0.125,0.125,0.125,0.125
182,182.0,183.49846376805917,0.125,0.125,0.125,0.125,0.125,0.125,0.125,0.125
183,183.0,184.49871351159618,0.125,0.125,0.125,0.125,0.125,0.125,0.125,0.125
184,184.0,185.49895114566354,0.125,0.125,0.125,0.125,0.125,0.125,0.125,0.125
185,185.0,186.49917550486754,0.125,0.125,0.125,0.125,0.125,0.125,0.125,0.125
186,186.0,187.49938567310247,0.125,0.125,0.125,0.125,0.125,0.125,0.125,0.125
187,187.0,188.49958096778286,0.125,0.125,0.125,0.125,0.125,0.125,0.125,0.125
188,188.0,189.49976092331738,0.125,0.125,0.125,0.125,0.125,0.125,0.125,0.125
189,189.0,190.49992527406528,0.125,0.125,0.125,0.125,0.125,0.125,0.125,0.125
190,190.0,191.50007393699775,0.125,0.125,0.125,0.125,0.125,0.125,0.125,0.125
191,191.0,192.500206994267,0.125,0.125,0.125,0.125,0.125,0.125,0.125,0.125
192,192.0,193.50032467586664,0.125,0.125,0.125,0.125,0.125,0.125,0.125,0.125
193,193.0,194.50042734254765,0.125,0.125,0.125,0.125,0.125,0.125,0.125,0.125
194,194.0,195.50051546913508,0.125,0.125,0.125,0.125,0.125,0.125,0.125,0.125
195,195.0,196.50058962837244,0.125,0.125,0.125,0.125,0.125,0.125,0.125,0.125
196,196.0,197.50065047540232,0.125,0.125,0.125,0.125,0.125,0.125,0.125,0.125
197,197.0,198.5006987329752,0.125,0.125,0.125,0.125,0.125,0.125,0.125,0.125
198,198.0,199.50073517746102,0.125,0.125,0.125,0.125,0.125,0.125,0.125,0.125
199,199.0,200.50076062572367,0.12486111111111112,0.12486111111111112,0.12486111111111112,0.12597222222222224,0.12486111111111112,0.12486111111111112,0.12486111111111112,0.12486111111111112
200,200.0,201.50077592290282,0.12458472222222225,0.12458472222222225,0.12458472222222225,0.12679583333333333,0.12569583333333334,0.12458472222222225,0.12458472222222225,0.12458472222222225
201,201.0,202.500781931135,0.12431234722222226,0.12431234722222226,0.12431234722222226,0.12760245833333334,0.12652345833333334,0.12431234722222226,0.12431234722222226,0.12431234722222226
202,202.0,203.50077951923262,0.12393519736111115,0.12493519736111115,0.12393519736111115,0.1282746184722222,0.1271141973611111,0.12393519736111115,0.12393519736111115,0.12393519736111115
203,203.0,204.50076955332815,0.12347661253270206,0.12537570344179297,0.12347661253270206,0.12882812954381312,0.1275040134417929,0.12438570344179296,0.12347661253270206,0.12347661253270206
204,204.0,205.50075288848086,0.12292002915271595,0.12570022006180687,0.12392002915271595,0.1291289173037159,0.1277616259618068,0.12472912006180686,0.12292002915271595,0.12292002915271595
205,205.0,206.50073036123348,0.12221414624344372,0.12577467675859524,0.12502232806162553,0.12914167044792457,0.12775525490959516,0.12566363109192857,0.12221414624344372,0.12221414624344372
206,206.0,207.50070278309852,0.1215309525869067,0.12584151677569458,0.1261202344050885,0.12912688308838466,0.1277295441710845,0.12658896379902793,0.1215309525869067,0.1215309525869067
207,207.0,208.50067093494604,0.12087501119439674,0.1259008333809028,0.12720320837621488,0.1290874571490664,0.1268533514889565,0.1283301160216695,0.12087501119439674,0.12087501119439674
208,208.0,209.5006355622594,0.12018605368933367,0.12582458062115182,0.12819781090842453,0.12896214818323826,0.1259063844202916,0.1305509147988931,0.12018605368933367,0.12018605368933367
209,209.0,210.5005973712188,0.11947701851077068,0.12563257246602955,0.12910568037303424,0.12876354483595676,0.12490793732717735,0.13244492375120465,0.11947701851077068,0.1201913042250564
210,210.0,211.5005570255701,0.11875883527967489,0.12534196754028734,0.12992824288398946,0.1291694607473382,0.12387497418482138,0.13403503928072968,0.11875883527967489,0.12013264480348443
211,211.0,212.50051514423055,0.11804079110980102,0.12496791252262557,0.13066699398773654,0.1294749086419263,0.12282246670576188,0.13596670195540403,0.11804079110980102,0.12001943396694391
212,212.0,213.50047229958264,0.11733078783084328,0.1245239635606481,0.13132366260807646,0.1296883514306898,0.12176362969257745,0.1381790874927895,0.11733078783084328,0.11985972955353238
213,213.0,214.5004290164037,0.11649664099434273,0.12499458875409256,0.13176140991498966,0.1296787833008987,0.12057120407665557,0.140479025895032,0.11649664099434273,0.11952170606964622
214,214.0,215.50038577137863,0.11560240707801347,0.12524522574267186,0.13204105122034449,0.130541313444007,0.11931377362802398,0.14255453373345348,0.11560240707801347,0.11909928807547243
215,215.0,216.50034299314228,0.11464288827201069,0.12525506926300478,0.13215545185425226,0.13113980901731176,0.11799026427744898,0.14470878755596145,0.11464288827201069,0.11946484148799956
216,216.0,217.50030106279814,0.11447360219275571,0.12556022143883386,0.1321260524835792,0.13150680973418152,0.11662657961469128,0.14641843083198278,0.11364026885942238,0.11964803484455347
217,217.0,218.50026031486044,0.11420706980505976,0.12566219824063374,0.13197148104328615,0.13166970295468317,0.11524432795839278,0.1477137796179363,0.112612839035829,0.12091860134417928
218,218.0,219.50022103856793,0.1139924942504571,0.12575996776745968,0.13269401224294988,0.13089642134539933,0.11393830940359143,0.14887385932551866,0.11165247501968789,0.12219246064493619
219,219.0,220.50018347951897,0.11372942300378183,0.1257122804108482,0.13305585336372092,0.1299874494045356,0.1126165582282829,0.14963003329492847,0.11149800460634596,0.12377039768755632
220,220.0,221.50014784157972,0.11342913327441793,0.12553739100768052,0.13310548969222852,0.12896896048599932,0.11129766213398098,0.15045145128574017,0.1120293082724949,0.12518060384745786
221,221.0,222.50011428901857,0.11317382867688504,0.12536082064813073,0.13312220113644802,0.12795535660696503,0.11007000344248516,0.1511498417271551,0.11261335905786586,0.12655458870406522
222,222.0,223.50008294882335,0.11290661868903033,0.12512955807648748,0.13360361856487155,0.12690134024732783,0.1093165725541804,0.1512407958060581,0.11307420657784778,0.1278272894841967
223,223.0,224.50005391315943,0.11268081649921508,0.12490083568912712,0.1340534022597395,0.1258709433681949,0.10865562719925509,0.15122490251518794,0.11356791433213138,0.12904555813714913
224,224.0,225.50002724193033,0.11249453934953349,0.12467668669149493,0.13447021775745877,0.12487210799030721,0.10808452827792053,0.15111300552443066,0.11408625921974368,0.1302026551891109
225,225.0,226.50000296540483,0.11234569750746903,0.12445889523459443,0.13485319372276702,0.12391166631731906,0.107600002136031,0.15091582417368254,0.11462159407847566,0.13129312682966143
226,226.0,227.49998108687782,0.11223203586068062,0.12424900347892145,0.13591617006353798,0.12299538339547039,0.1071982367570609,0.15064385871245015,0.11445258084834234,0.13231273088353637
227,227.0,228.49996158533474,0.11210355395848948,0.12400070132429095,0.13731861221691294,0.12208038713124669,0.10682735467088894,0.15025968815877516,0.11419896351815059,0.13321073902124547
228,228.0,229.49994441809264,0.11209740896909295,0.12403776951733618,0.1387612252180186,0.12140162232594091,0.10618758408403654,0.15064503049729805,0.11404898613770054,0.13282037325057644
229,229.0,230.4999295233938,0.11211904878840537,0.12408416075325845,0.1401431859893706,0.12077749375631386,0.10562113603756614,0.1509776622511117,0.11391140462312226,0.13236590780085183
230,230.0,231.4999168229309,0.112123811870696,0.12409681214874418,0.14179007347956415,0.12016711241782727,0.10508467609123753,0.1512178614944823,0.11370302186964104,0.13181663062780774
231,231.0,232.499906224285,0.1119488688745992,0.12436187021068987,0.1434878391105094,0.11938442222703333,0.10441610065025493,0.150997473785986,0.1143803788496658,0.13102304629126166
232,232.0,233.49989762326084,0.11165192143406193,0.1254867937090299,0.14469316698182516,0.11851614677774429,0.1036732886146408,0.15114777253380776,0.11477540700181385,0.13005550294707646
233,233.0,234.4998909061065,0.11134831146655759,0.12657451886376547,0.14607111136785103,0.11767969934892654,0.10347126376283844,0.15070111833737976,0.1151127329245994,0.12904124392808194
234,234.0,235.4998859516065,0.11095333849921302,0.128276238679218,0.14723907045327395,0.11724423973995717,0.10319575527593024,0.14994291933065323,0.11524175745505051,0.12790668056670407
235,235.0,236.49988263304044,0.11056169029328743,0.12985812523575,0.14828796490890173,0.1172597380506553,0.10293825188368115,0.148991998564812,0.11534544040051603,0.12675679066239665
236,236.0,237.49988082000058,0.11019643137417867,0.13139426507161026,0.1492386927726381,0.11733029415529787,0.10273848914950878,0.14803298157927003,0.11544475960952037,0.12562408628797622
237,237.0,238.49988038006472,0.10985857540239616,0.1328738714605074,0.15009156342503485,0.11744969671344399,0.10259269063494719,0.1470762681658528,0.11553915826361962,0.12451817593419831
238,238.0,239.49988118032178,0.10930779838880494,0.13472865761094674,0.15082457497586413,0.11737090480004173,0.1018014101945153,0.14586391705788823,0.11689625992352298,0.12320647704841631
239,239.0,240.49988308874993,0.10863308275565951,0.13629181533202162,0.15155077466941297,0.11711741979176819,0.10090838228223309,0.14479211545831217,0.1189215416899667,0.12178486802062612
240,240.0,241.49988597544774,0.10790703706819255,0.13826062619712107,0.15188267130052005,0.117270618533479,0.09998617947135419,0.14364397911003857,0.12071686481704265,0.12033202350225228
241,241.0,242.4998897137213,0.10757930232378447,0.13983829072055864,0.1518560178718036,0.11807619754848156,0.09904940620622506,0.14244080545142862,0.12229191946380348,0.11886806041391484
242,242.0,243.4998941810303,0.10723490971237583,0.14122260648963877,0.15193319806718664,0.11879433389624583,0.0981398924915794,0.14150254492643008,0.12373277894639274,0.11743973547015098
243,243.0,244.4998992597981,0.10770327881565585,0.14252836473901465,0.15221779102182226,0.11882124196379991,0.09737439398294526,0.14092754776412986,0.1242592271332616,0.11616815457937091
244,244.0,245.49990483809114,0.108089969917643,0.14409239660519585,0.1523578212518506,0.11913409051680429,0.09661316048180418,0.14018838778303128,0.12460681796149067,0.11491735548218038
245,245.0,246.499910810174,0.10837049676865956,0.14584554006514572,0.1525513528674402,0.11930958396461085,0.09584878482282527,0.13964527701622936,0.1247457895044899,0.11368317499059935
246,246.0,247.4999170769468,0.10914117168644066,0.14715447272168455,0.15279580803196904,0.11935760545454621,0.09508915441169388,0.13929008422938738,0.12469548098198399,0.11247622248229448
247,247.0,248.49992354627284,0.11033832965103846,0.14805133676918047,0.15308812132245153,0.11928796391826019,0.0943409820150304,0.13911332168376372,0.12447450896896038,0.11130543567131501
248,248.0,249.49993013320358,0.11149435454514936,0.14877220023584797,0.15310927306219846,0.11948448786143218,0.09363919430199816,0.1391336623628043,0.12415933102788805,0.11020749660268168
249,249.0,250.4999367601092,0.11204501499267713,0.14988096814928425,0.15321211735654838,0.11959389609523328,0.09298535231174732,0.13933648942797744,0.12376088014330315,0.10918528152322919
250,250.0,251.49994335672315,0.1124564025885811,0.15059182349321143,0.15304013183185733,0.11959132663139098,0.0923511490394281,0.13968759951502263,0.12323136177867508,0.10905020512183349
251,251.0,252.49994986010847,0.1128457055298405,0.15119394302886613,0.15283149640507254,0.11958871388507201,0.0917860284354442,0.14006916255874302,0.1226799142833115,0.10900503587365022
252,252.0,253.49995621455417,0.11321123925250717,0.15137967914171904,0.15290446242067127,0.11958608831198725,0.09128873343900193,0.1404743176330339,0.12211424504523959,0.10904123475583999
253,253.0,254.49996237140977,0.11340336675535514,0.15130276483312385,0.15278159209446118,0.11939724007680672,0.09070909585345296,0.14060624994369125,0.1213930743452523,0.11040661609785674
254,254.0,255.49996828886572,0.11345991900149945,0.15102969135901836,0.15352315483459233,0.11909918245334435,0.09008355792972508,0.14064121496922438,0.12056157565270267,0.11160170379989354
255,255.0,256.4999739316874,0.11330387024449624,0.1508712893188348,0.1541682867679955,0.1186583501407963,0.0893956595553294,0.14054109297202375,0.120474405057523,0.11258704594300119
256,256.0,257.49997927091005,0.11296293150579223,0.1508247175254342,0.15557106851672423,0.11809817287500042,0.0886640539355295,0.1406281681211688,0.1201686806925093,0.11308220682784145
257,257.0,258.4999842835013,0.11259068884601459,0.15071133627584105,0.15676084084427466,0.11752462752745356,0.08798964831197545,0.14099268092837922,0.11984736617141963,0.113582811094642
258,258.0,259.49998895199843,0.11171704066573754,0.15053857835720028,0.15802546380676946,0.11694364044689569,0.08737308477030799,0.14180517781935875,0.11951408774216185,0.11408292639156858
259,259.0,260.49999326412586,0.11079486811561204,0.15058023986188102,0.15935717242124967,0.11576134869245766,0.08680219593035339,0.14301286486253836,0.11913843378534573,0.11455287633056226
260,260.0,261.4999972123993,0.1097173175662725,0.15068052387927244,0.16133417890227286,0.11445710462413392,0.08615784239522215,0.14429514571359187,0.11849599483996782,0.11486189207926659
261,261.0,262.5000007937214,0.10860933232405202,0.15093583288755874,0.16306438602330026,0.11310540757163892,0.0855531291702424,0.1457918013278097,0.11781814817647972,0.11512196251891849
262,262.0,263.5000040089741,0.10748764365197024,0.15091008885188487,0.16496385443998354,0.11176882939981185,0.08498670847881859,0.1470365344825282,0.11752422211261672,0.1153221185823862
263,263.0,264.50000686261177,0.10639444885103534,0.15082548473090737,0.16672885362379533,0.1104734441449067,0.08447502534581061,0.14835879909393274,0.11724837392035621,0.11549557028925594
264,264.0,265.51000936225955,0.10557889828946365,0.15086547440774456,0.16845297785847113,0.10918494725714896,0.08399520862202557,0.150392745255707,0.11592477556235672,0.11560497274708262
265,265.0,266.51991151831993,0.10557263953468023,0.15092961800962823,0.17022287569381045,0.10782213042427534,0.08345685101782832,0.15195509288447032,0.11447794673819106,0.11556284569711626
266,266.0,267.52962434359114,0.10557125741024939,0.15112266113595924,0.17196365319670276,0.10650043738399755,0.08295941590564969,0.15338141621188375,0.11302143382983841,0.11547972492571937
267,267.0,268.5390696428993,0.10557281826421559,0.15143439011535287,0.17366583384920142,0.10522728459422316,0.08250305548232732,0.15466863643649026,0.11156858065955409,0.11535940059863543
268,268.0,269.5481797158476,0.10556055492167382,0.15183191204083665,0.17555385825483233,0.10399388156285691,0.08207999724894599,0.1556652674094913,0.11012387889746067,0.11519064966390251
269,269.0,270.55689698434264,0.10554806618092645,0.15232753497228918,0.17738552887466386,0.10282048490306796,0.08169718844145848,0.15652321104249167,0.1087055875246857,0.11499239806041679
270,270.0,271.57517355614476,0.10552998200859365,0.15289475103391217,0.17902422009445967,0.10171722745156693,0.08135167347504635,0.15739164492079655,0.10733119697618015,0.11475930403944463
271,271.0,272.59287073520517,0.10551905083286839,0.153544697561907,0.18051085265358136,0.10070053302167567,0.08104918213692172,0.15815122210278193,0.1060152708640086,0.11450919082625548
272,272.0,273.6098694890075,0.10468220971361467,0.15433794736467088,0.18221398124293775,0.09984893614108929,0.08087220850152085,0.1591009806622325,0.10462084094487287,0.11432289542906134
273,273.0,274.62606967253953,0.10383524197686742,0.15516894043572413,0.18380514497376985,0.0990513660868601,0.08072238249517016,0.16002848753755552,0.10328084486646008,0.11410759162759287
274,274.0,275.64138914099294,0.10298565540921997,0.15602880385629622,0.18530836377859672,0.09830822388043974,0.08159750033876638,0.15990358902514493,0.10200121950043851,0.11386664421109768
275,275.0,276.6557627711911,0.10215189902683752,0.15692661365542548,0.18673516779959135,0.09763099903524669,0.0824911621025782,0.15965659973547958,0.10079256284138524,0.1136149958034561
276,276.0,277.6691414106576,0.10134834176188585,0.15785802733479584,0.18825170948758918,0.09703616769367718,0.08339638397038018,0.15908256183586938,0.09966712335328577,0.1133596845625168
277,277.0,278.6814907720708,0.10055882662449317,0.15979267414684659,0.18988098320413255,0.09649174742012581,0.08329237138770618,0.15828438559561162,0.09861212176373015,0.11308688985735411
278,278.0,279.69279028962194,0.09970993529795172,0.16145499744229336,0.19211092061895757,0.09591163450275034,0.08309567875231308,0.157205295645453,0.09779009667518668,0.11272144106509442
279,279.0,280.7030319525218,0.09856463041289484,0.1636998997125823,0.193778956328943,0.09550963548588857,0.08305031720356142,0.15588205973142844,0.09697663132901718,0.11253786979568438
280,280.0,281.7122191296065,0.09740146214605538,0.16650090634160422,0.19516137874832618,0.09509422774381243,0.08293923956319435,0.15444674611767606,0.09617287043288693,0.11228316890644457
281,281.0,282.72036539768663,0.09624188234719616,0.16968019945593943,0.1960989721700795,0.0948705237657875,0.08277840337299343,0.152937753460791,0.09540545344120795,0.11198681198600516
282,282.0,283.72749338498187,0.09509848990560665,0.1731514391775634,0.19662459026365495,0.09464554243758733,0.08257598956980923,0.15156664164757205,0.09467978207155078,0.11165752492665568
283,283.0,284.7336336396978,0.093971732560514,0.17682462418988962,0.19690993734264095,0.09441138002694713,0.08232904106128577,0.1502709591715801,0.09398957102594804,0.1112927546211945
284,284.0,285.73882353254515,0.09288059588037006,0.1800613891869055,0.19702374899654765,0.0947680236678698,0.08205408465697181,0.1489552987730173,0.09334755788710097,0.11090930095121701
285,285.0,286.7431062007823,0.09168385403714288,0.18327782546012317,0.19662665656753914,0.09494129388631747,0.08271942314347856,0.14777967092626254,0.0926067678673839,0.1103645081117525
286,286.0,287.74652954018785,0.09052823041425268,0.18656603821634982,0.1962775678551462,0.09507131975302437,0.08334877984969663,0.14649501775678772,0.09190868200376064,0.10980436415098206
287,287.0,288.74914525025105,0.09030910818194723,0.18927384187838792,0.19617002231560907,0.09504824318248764,0.08392482561938311,0.14500585969566226,0.09114394949531063,0.1091241496312122
288,288.0,289.7510079368054,0.08997596988498155,0.19256255207038944,0.19591266007517102,0.09494234016853999,0.08429652079393515,0.14357649987241158,0.09035873288400054,0.10837472425057075
289,289.0,290.7521742753363,0.08971193475416953,0.1956066921358637,0.1955470727285899,0.094860040608869,0.08464608457954634,0.14232423301957245,0.08964950080578953,0.10765444136759958
290,290.0,291.75270223726073,0.08936291489395015,0.19825695808469973,0.19510803781196404,0.09554778069745264,0.08482891487514568,0.14105735279751194,0.08894168677365359,0.10689635406562226
291,291.0,292.7526503806201,0.08894083461165835,0.20052243860379335,0.19441220679171126,0.09687190418519732,0.08485606066149876,0.13988666730606442,0.08823808350501935,0.10627180433505724
292,292.0,293.75207720583734,0.08843805290489812,0.20220925715298074,0.1940585932384412,0.09867884674408511,0.08472359484419573,0.13876649544345404,0.08752339085604956,0.10560176881589553
293,293.0,294.75104057647445,0.08799442379269728,0.20366017051042756,0.19373565648272484,0.10045631319668215,0.08457913343701354,0.13771633042687315,0.0868831702013303,0.10497480195225123
294,294.0,295.7495972042831,0.08761307660165282,0.2048865642091988,0.19339056282065883,0.10220330137388416,0.08442762476047735,0.13676041054907356,0.0863209848429146,0.10439747484213995
295,295.0,296.7478021972681,0.08657989205794321,0.2059074583366387,0.1931275006600059,0.10461233546149311,0.08428012068675236,0.1357822805897623,0.08583723426542565,0.10387317794197887
296,296.0,297.7457086689819,0.0855584931006,0.20662760311459613,0.1928598972836943,0.10737101726320954,0.08403210500228477,0.13482962010835353,0.08537416271201648,0.10334710141524539
297,297.0,298.74336740683447,0.08455877055516538,0.20707208544182815,0.19259592676147191,0.11040507565913599,0.08369832243658192,0.13390909137092868,0.08493518839041857,0.10282553938446949
298,298.0,299.7408265968335,0.08358896226387255,0.2072653338102963,0.19234236172297095,0.11364903365038959,0.0832919945735857,0.13302595012191562,0.08452269957863652,0.10231366427833288
299,299.0,300.7381316018642,0.082688543860196,0.2072965559731213,0.19213745698765977,0.11675070980192287,0.08289045606258445,0.13221694059332464,0.08417094158978228,0.10184839513140874
300,300.0,301.7353247903733,0.08186711193613569,0.2071932511648566,0.1926133531376881,0.11970022345185719,0.08212061689498835,0.13118329766032782,0.08388489031817645,0.10143725543596988
301,301.0,302.7324454121277,0.08130585416394488,0.20694739995471034,0.19294648283170518,0.122467480344227,0.08134999054822785,0.13027342576934897,0.08364562917441197,0.1010637372134239
302,302.0,303.7295295175854,0.08103348506172185,0.20668897049703733,0.19322019162150122,0.12534218652434975,0.08055897849393721,0.1292623709234662,0.0831802324400058,0.10071358443798067
303,303.0,304.7266099173214,0.08081378260662905,0.20639963847868575,0.19352514646079474,0.12801388006437828,0.07978819104522973,0.12831951212145415,0.08275251712934484,0.10038733209348352
304,304.0,305.72371617791066,0.08064273644981414,0.20584495464501398,0.1938582534453665,0.13066727251019056,0.07928674570071342,0.12725340208304434,0.08236205154447092,0.10008458362138618
305,305.0,306.7208746506619,0.08050538961490605,0.20503671435186713,0.19436514532202603,0.1330925453617424,0.07879243128574585,0.12617131345601823,0.08223893724566256,0.09979752336203179
306,306.0,307.7181085296314,0.08040864970520048,0.20424156692843576,0.19489243242243645,0.13529692952604358,0.07832178327317185,0.1251623713016111,0.08214348589927029,0.09953278094383056
307,307.0,308.71543793540764,0.08035912467599628,0.20340123774448315,0.1952522928408789,0.1372846568328207,0.07788697551594316,0.12442168538465954,0.0820885703609428,0.09930545664427555
308,308.0,309.7128800212521,0.0803523285492756,0.20252851839777114,0.19563079884523732,0.1390567364739792,0.07748864219596764,0.12375872691853411,0.08207042646499714,0.09911382215423797
309,309.0,310.7104490982996,0.08056191068498292,0.2014766856642615,0.19602006498661134,0.14061096461190795,0.0771164213122789,0.12297711742610289,0.08229672084480777,0.09894011446904688
310,310.0,311.7081567766594,0.08105729168766974,0.20075475366101309,0.19499048976332078,0.14221983998966667,0.07703451375121684,0.12264391783001971,0.08196747749515884,0.09933171582193454
311,311.0,312.7060121194166,0.08157952851555779,0.20003420979841174,0.1939483361595381,0.14363455193481459,0.07698783734632422,0.12239557527011963,0.08166893487835414,0.09975102609688002
312,312.0,313.7040218067039,0.08200960210673694,0.19921100958990764,0.19260898725305403,0.1447492585600502,0.07686222463492193,0.12230016154245743,0.08128989723616618,0.1009688590767059
313,313.0,314.70219030719545,0.08243960165625547,0.19846970124393665,0.19131536649554012,0.14566848874235191,0.07675558126054513,0.12225601753173476,0.08091971621909555,0.10217552685054065
314,314.0,315.7005200545659,0.08279818339641104,0.19763045111235383,0.18974039649268454,0.1461285173248262,0.07732405043001121,0.1218203604064863,0.08141952768272583,0.10313851315450125
315,315.0,316.69901162665366,0.08300005336432464,0.19679168918946943,0.187991117823675,0.1462547356872618,0.07775755480440169,0.12139499592893842,0.0816736012797883,0.10513625192214092
316,316.0,317.69766392526606,0.08316520257259674,0.1961926027883799,0.186205374775563,0.14618125824805533,0.07817192508300329,0.12109194273379935,0.08191893667007816,0.10707275712852438
317,317.0,318.6964743547646,0.08342658738096932,0.19553472792939636,0.1843276812102064,0.14585100320959798,0.07841209853957866,0.12148876747718905,0.08225262762186256,0.10870650663119985
318,318.0,319.69543899776556,0.08363826684467263,0.19516237287528584,0.18244859598865817,0.14535483791082177,0.07879205183399701,0.12181842092374462,0.08255174265543487,0.1102337109673853
319,319.0,320.6945527864888,0.08383230817490861,0.19489831955799086,0.18065299592559264,0.1447574822307549,0.07916432078189894,0.12218402248482912,0.08284026193551382,0.11167028890851129
320,320.0,321.6938096684749,0.08399354545975755,0.19453916582464748,0.1792493857056978,0.14404629063659743,0.0795112099157327,0.12256382821989409,0.08310112243344416,0.11299545180422901
321,321.0,322.6932027655776,0.08360152025223053,0.19374162547011803,0.17814756825927683,0.14271223585498977,0.08008050193247461,0.12318926268689405,0.08368274298711154,0.11484454255690485
322,322.0,323.69272452531425,0.08313750922648572,0.1928546483700127,0.1767335906073911,0.14151405048501114,0.07974099290361837,0.12470713376725406,0.08410607432003589,0.11720600032019117
323,323.0,324.6923668638241,0.08253309574146729,0.1920454927083501,0.17524957005710876,0.14012722516205817,0.07925354036672573,0.12594244675652347,0.08508229793578165,0.119766331271985
324,324.0,325.6921212998447,0.0817573527456035,0.19171086110740043,0.1736257713476751,0.13855040859214945,0.07859039709020303,0.1269840236974543,0.08603893261793408,0.12274225280158026
325,325.0,326.69197907926485,0.08095514937412965,0.19131133549515555,0.17187871373464092,0.13762040321108365,0.07770751180338098,0.12854328710424723,0.08679253941467893,0.1251910598626832
326,326.0,327.6919312899503,0.08013410659972252,0.19098057670615867,0.170177040213682,0.13684305610233077,0.07680613854067479,0.12995320153449752,0.08747136054927182,0.12763451975366205
327,327.0,328.6919689666677,0.07925437380202781,0.1906647210948038,0.1684832030090386,0.13661317477211002,0.07584772330095849,0.1313382819550503,0.08810925827130718,0.12968926379470389
328,328.0,329.6920831860467,0.07836640701545265,0.1903517252195821,0.16750325085854947,0.13627823136415285,0.07487642497064291,0.13262665891504466,0.08858432439351058,0.13141297726306486
329,329.0,330.69226515162734,0.0774335932045524,0.19006581601275066,0.16650996049428746,0.13616541336820318,0.07448192873989269,0.1336438028887381,0.08893677531244472,0.13276270997913098
330,330.0,331.6925062691336,0.07647026257391144,0.1900833803351018,0.16558470737941433,0.1359464883165682,0.07463675201921934,0.1344109874468927,0.08910233599152538,0.13376508593736694
331,331.0,332.6927982121979,0.07552787219657177,0.19055822107244677,0.1647848284681826,0.13547784514688999,0.07541994371533099,0.13444544715266402,0.08920298840329684,0.1345828538446172
