Total_iterations,Unnamed: 0.1,Intertwine_two,Add_vertex,Delete_vertex,Invert_path_vertices,Insert_inside_vertex,Delete_inside_vertex,Replace_inside_vertex,Donate_between_routes
0,0.0,0.125,0.125,0.125,0.125,0.125,0.125,0.125,0.125
1,1.0,0.125,0.125,0.125,0.125,0.125,0.125,0.125,0.125
2,2.0,0.125,0.125,0.125,0.125,0.125,0.125,0.125,0.125
3,3.0,0.125,0.125,0.125,0.125,0.125,0.125,0.125,0.125
4,4.0,0.125,0.125,0.125,0.125,0.125,0.125,0.125,0.125
5,5.0,0.125,0.125,0.125,0.125,0.125,0.125,0.125,0.125
6,6.0,0.125,0.125,0.125,0.125,0.125,0.125,0.125,0.125
7,7.0,0.125,0.125,0.125,0.125,0.125,0.125,0.125,0.125
8,8.0,0.125,0.125,0.125,0.125,0.125,0.125,0.125,0.125
9,9.0,0.125,0.125,0.125,0.125,0.125,0.125,0.125,0.125
10,10.0,0.125,0.125,0.125,0.125,0.125,0.125,0.125,0.125
11,11.0,0.125,0.125,0.125,0.125,0.125,0.125,0.125,0.125
12,12.0,0.125,0.125,0.125,0.125,0.125,0.125,0.125,0.125
13,13.0,0.125,0.125,0.125,0.125,0.125,0.125,0.125,0.125
14,14.0,0.125,0.125,0.125,0.125,0.125,0.125,0.125,0.125
15,15.0,0.125,0.125,0.125,0.125,0.125,0.125,0.125,0.125
16,16.0,0.125,0.125,0.125,0.125,0.125,0.125,0.125,0.125
17,17.0,0.125,0.125,0.125,0.125,0.125,0.125,0.125,0.125
18,18.0,0.125,0.125,0.125,0.125,0.125,0.125,0.125,0.125
19,19.0,0.125,0.125,0.125,0.125,0.125,0.125,0.125,0.125
20,20.0,0.125,0.125,0.125,0.125,0.125,0.125,0.125,0.125
21,21.0,0.125,0.125,0.125,0.125,0.125,0.125,0.125,0.125
22,22.0,0.125,0.125,0.125,0.125,0.125,0.125,0.125,0.125
23,23.0,0.125,0.125,0.125,0.125,0.125,0.125,0.125,0.125
24,24.0,0.125,0.125,0.125,0.125,0.125,0.125,0.125,0.125
25,25.0,0.125,0.125,0.125,0.125,0.125,0.125,0.125,0.125
26,26.0,0.125,0.125,0.125,0.125,0.125,0.125,0.125,0.125
27,27.0,0.125,0.125,0.125,0.125,0.125,0.125,0.125,0.125
28,28.0,0.125,0.125,0.125,0.125,0.125,0.125,0.125,0.125
29,29.0,0.125,0.125,0.125,0.125,0.125,0.125,0.125,0.125
30,30.0,0.125,0.125,0.125,0.125,0.125,0.125,0.125,0.125
31,31.0,0.125,0.125,0.125,0.125,0.125,0.125,0.125,0.125
32,32.0,0.125,0.125,0.125,0.125,0.125,0.125,0.125,0.125
33,33.0,0.125,0.125,0.125,0.125,0.125,0.125,0.125,0.125
34,34.0,0.125,0.125,0.125,0.125,0.125,0.125,0.125,0.125
35,35.0,0.125,0.125,0.125,0.125,0.125,0.125,0.125,0.125
36,36.0,0.125,0.125,0.125,0.125,0.125,0.125,0.125,0.125
37,37.0,0.125,0.125,0.125,0.125,0.125,0.125,0.125,0.125
38,38.0,0.125,0.125,0.125,0.125,0.125,0.125,0.125,0.125
39,39.0,0.125,0.125,0.125,0.125,0.125,0.125,0.125,0.125
40,40.0,0.125,0.125,0.125,0.125,0.125,0.125,0.125,0.125
41,41.0,0.125,0.125,0.125,0.125,0.125,0.125,0.125,0.125
42,42.0,0.125,0.125,0.125,0.125,0.125,0.125,0.125,0.125
43,43.0,0.125,0.125,0.125,0.125,0.125,0.125,0.125,0.125
44,44.0,0.125,0.125,0.125,0.125,0.125,0.125,0.125,0.125
45,45.0,0.125,0.125,0.125,0.125,0.125,0.125,0.125,0.125
46,46.0,0.125,0.125,0.125,0.125,0.125,0.125,0.125,0.125
47,47.0,0.125,0.125,0.125,0.125,0.125,0.125,0.125,0.125
48,48.0,0.125,0.125,0.125,0.125,0.125,0.125,0.125,0.125
49,49.0,0.125,0.125,0.125,0.125,0.125,0.125,0.125,0.125
50,50.0,0.125,0.125,0.125,0.125,0.125,0.125,0.125,0.125
51,51.0,0.125,0.125,0.125,0.125,0.125,0.125,0.125,0.125
52,52.0,0.125,0.125,0.125,0.125,0.125,0.125,0.125,0.125
53,53.0,0.125,0.125,0.125,0.125,0.125,0.125,0.125,0.125
54,54.0,0.125,0.125,0.125,0.125,0.125,0.125,0.125,0.125
55,55.0,0.125,0.125,0.125,0.125,0.125,0.125,0.125,0.125
56,56.0,0.125,0.125,0.125,0.125,0.125,0.125,0.125,0.125
57,57.0,0.125,0.125,0.125,0.125,0.125,0.125,0.125,0.125
58,58.0,0.125,0.125,0.125,0.125,0.125,0.125,0.125,0.125
59,59.0,0.125,0.125,0.125,0.125,0.125,0.125,0.125,0.125
60,60.0,0.125,0.125,0.125,0.125,0.125,0.125,0.125,0.125
61,61.0,0.125,0.125,0.125,0.125,0.125,0.125,0.125,0.125
62,62.0,0.125,0.125,0.125,0.125,0.125,0.125,0.125,0.125
63,63.0,0.125,0.125,0.125,0.125,0.125,0.125,0.125,0.125
64,64.0,0.125,0.125,0.125,0.125,0.125,0.125,0.125,0.125
65,65.0,0.125,0.125,0.125,0.125,0.125,0.125,0.125,0.125
66,66.0,0.125,0.125,0.125,0.125,0.125,0.125,0.125,0.125
67,67.0,0.125,0.125,0.125,0.125,0.125,0.125,0.125,0.125
68,68.0,0.125,0.125,0.125,0.125,0.125,0.125,0.125,0.125
69,69.0,0.125,0.125,0.125,0.125,0.125,0.125,0.125,0.125
70,70.0,0.125,0.125,0.125,0.125,0.125,0.125,0.125,0.125
71,71.0,0.125,0.125,0.125,0.125,0.125,0.125,0.125,0.125
72,72.0,0.125,0.125,0.125,0.125,0.125,0.125,0.125,0.125
73,73.0,0.125,0.125,0.125,0.125,0.125,0.125,0.125,0.125
74,74.0,0.125,0.125,0.125,0.125,0.125,0.125,0.125,0.125
75,75.0,0.125,0.125,0.125,0.125,0.125,0.125,0.125,0.125
76,76.0,0.125,0.125,0.125,0.125,0.125,0.125,0.125,0.125
77,77.0,0.125,0.125,0.125,0.125,0.125,0.125,0.125,0.125
78,78.0,0.125,0.125,0.125,0.125,0.125,0.125,0.125,0.125
79,79.0,0.125,0.125,0.125,0.125,0.125,0.125,0.125,0.125
80,80.0,0.125,0.125,0.125,0.125,0.125,0.125,0.125,0.125
81,81.0,0.125,0.125,0.125,0.125,0.125,0.125,0.125,0.125
82,82.0,0.125,0.125,0.125,0.125,0.125,0.125,0.125,0.125
83,83.0,0.125,0.125,0.125,0.125,0.125,0.125,0.125,0.125
84,84.0,0.125,0.125,0.125,0.125,0.125,0.125,0.125,0.125
85,85.0,0.125,0.125,0.125,0.125,0.125,0.125,0.125,0.125
86,86.0,0.125,0.125,0.125,0.125,0.125,0.125,0.125,0.125
87,87.0,0.125,0.125,0.125,0.125,0.125,0.125,0.125,0.125
88,88.0,0.125,0.125,0.125,0.125,0.125,0.125,0.125,0.125
89,89.0,0.125,0.125,0.125,0.125,0.125,0.125,0.125,0.125
90,90.0,0.125,0.125,0.125,0.125,0.125,0.125,0.125,0.125
91,91.0,0.125,0.125,0.125,0.125,0.125,0.125,0.125,0.125
92,92.0,0.125,0.125,0.125,0.125,0.125,0.125,0.125,0.125
93,93.0,0.125,0.125,0.125,0.125,0.125,0.125,0.125,0.125
94,94.0,0.125,0.125,0.125,0.125,0.125,0.125,0.125,0.125
95,95.0,0.125,0.125,0.125,0.125,0.125,0.125,0.125,0.125
96,96.0,0.125,0.125,0.125,0.125,0.125,0.125,0.125,0.125
97,97.0,0.125,0.125,0.125,0.125,0.125,0.125,0.125,0.125
98,98.0,0.125,0.125,0.125,0.125,0.125,0.125,0.125,0.125
99,99.0,0.125,0.125,0.125,0.125,0.125,0.125,0.125,0.125
100,100.0,0.125,0.125,0.125,0.125,0.125,0.125,0.125,0.125
101,101.0,0.125,0.125,0.125,0.125,0.125,0.125,0.125,0.125
102,102.0,0.125,0.125,0.125,0.125,0.125,0.125,0.125,0.125
103,103.0,0.125,0.125,0.125,0.125,0.125,0.125,0.125,0.125
104,104.0,0.125,0.125,0.125,0.125,0.125,0.125,0.125,0.125
105,105.0,0.125,0.125,0.125,0.125,0.125,0.125,0.125,0.125
106,106.0,0.125,0.125,0.125,0.125,0.125,0.125,0.125,0.125
107,107.0,0.125,0.125,0.125,0.125,0.125,0.125,0.125,0.125
108,108.0,0.125,0.125,0.125,0.125,0.125,0.125,0.125,0.125
109,109.0,0.125,0.125,0.125,0.125,0.125,0.125,0.125,0.125
110,110.0,0.125,0.125,0.125,0.125,0.125,0.125,0.125,0.125
111,111.0,0.125,0.125,0.125,0.125,0.125,0.125,0.125,0.125
112,112.0,0.125,0.125,0.125,0.125,0.125,0.125,0.125,0.125
113,113.0,0.125,0.125,0.125,0.125,0.125,0.125,0.125,0.125
114,114.0,0.125,0.125,0.125,0.125,0.125,0.125,0.125,0.125
115,115.0,0.125,0.125,0.125,0.125,0.125,0.125,0.125,0.125
116,116.0,0.125,0.125,0.125,0.125,0.125,0.125,0.125,0.125
117,117.0,0.125,0.125,0.125,0.125,0.125,0.125,0.125,0.125
118,118.0,0.125,0.125,0.125,0.125,0.125,0.125,0.125,0.125
119,119.0,0.125,0.125,0.125,0.125,0.125,0.125,0.125,0.125
120,120.0,0.125,0.125,0.125,0.125,0.125,0.125,0.125,0.125
121,121.0,0.125,0.125,0.125,0.125,0.125,0.125,0.125,0.125
122,122.0,0.125,0.125,0.125,0.125,0.125,0.125,0.125,0.125
123,123.0,0.125,0.125,0.125,0.125,0.125,0.125,0.125,0.125
124,124.0,0.125,0.125,0.125,0.125,0.125,0.125,0.125,0.125
125,125.0,0.125,0.125,0.125,0.125,0.125,0.125,0.125,0.125
126,126.0,0.125,0.125,0.125,0.125,0.125,0.125,0.125,0.125
127,127.0,0.125,0.125,0.125,0.125,0.125,0.125,0.125,0.125
128,128.0,0.125,0.125,0.125,0.125,0.125,0.125,0.125,0.125
129,129.0,0.125,0.125,0.125,0.125,0.125,0.125,0.125,0.125
130,130.0,0.125,0.125,0.125,0.125,0.125,0.125,0.125,0.125
131,131.0,0.125,0.125,0.125,0.125,0.125,0.125,0.125,0.125
132,132.0,0.125,0.125,0.125,0.125,0.125,0.125,0.125,0.125
133,133.0,0.125,0.125,0.125,0.125,0.125,0.125,0.125,0.125
134,134.0,0.125,0.125,0.125,0.125,0.125,0.125,0.125,0.125
135,135.0,0.125,0.125,0.125,0.125,0.125,0.125,0.125,0.125
136,136.0,0.125,0.125,0.125,0.125,0.125,0.125,0.125,0.125
137,137.0,0.125,0.125,0.125,0.125,0.125,0.125,0.125,0.125
138,138.0,0.125,0.125,0.125,0.125,0.125,0.125,0.125,0.125
139,139.0,0.125,0.125,0.125,0.125,0.125,0.125,0.125,0.125
140,140.0,0.125,0.125,0.125,0.125,0.125,0.125,0.125,0.125
141,141.0,0.125,0.125,0.125,0.125,0.125,0.125,0.125,0.125
142,142.0,0.125,0.125,0.125,0.125,0.125,0.125,0.125,0.125
143,143.0,0.125,0.125,0.125,0.125,0.125,0.125,0.125,0.125
144,144.0,0.125,0.125,0.125,0.125,0.125,0.125,0.125,0.125
145,145.0,0.125,0.125,0.125,0.125,0.125,0.125,0.125,0.125
146,146.0,0.125,0.125,0.125,0.125,0.125,0.125,0.125,0.125
147,147.0,0.125,0.125,0.125,0.125,0.125,0.125,0.125,0.125
148,148.0,0.125,0.125,0.125,0.125,0.125,0.125,0.125,0.125
149,149.0,0.125,0.125,0.125,0.125,0.125,0.125,0.125,0.125
150,150.0,0.125,0.125,0.125,0.125,0.125,0.125,0.125,0.125
151,151.0,0.125,0.125,0.125,0.125,0.125,0.125,0.125,0.125
152,152.0,0.125,0.125,0.125,0.125,0.125,0.125,0.125,0.125
153,153.0,0.125,0.125,0.125,0.125,0.125,0.125,0.125,0.125
154,154.0,0.125,0.125,0.125,0.125,0.125,0.125,0.125,0.125
155,155.0,0.125,0.125,0.125,0.125,0.125,0.125,0.125,0.125
156,156.0,0.125,0.125,0.125,0.125,0.125,0.125,0.125,0.125
157,157.0,0.125,0.125,0.125,0.125,0.125,0.125,0.125,0.125
158,158.0,0.125,0.125,0.125,0.125,0.125,0.125,0.125,0.125
159,159.0,0.125,0.125,0.125,0.125,0.125,0.125,0.125,0.125
160,160.0,0.125,0.125,0.125,0.125,0.125,0.125,0.125,0.125
161,161.0,0.125,0.125,0.125,0.125,0.125,0.125,0.125,0.125
162,162.0,0.125,0.125,0.125,0.125,0.125,0.125,0.125,0.125
163,163.0,0.125,0.125,0.125,0.125,0.125,0.125,0.125,0.125
164,164.0,0.125,0.125,0.125,0.125,0.125,0.125,0.125,0.125
165,165.0,0.125,0.125,0.125,0.125,0.125,0.125,0.125,0.125
166,166.0,0.125,0.125,0.125,0.125,0.125,0.125,0.125,0.125
167,167.0,0.125,0.125,0.125,0.125,0.125,0.125,0.125,0.125
168,168.0,0.125,0.125,0.125,0.125,0.125,0.125,0.125,0.125
169,169.0,0.125,0.125,0.125,0.125,0.125,0.125,0.125,0.125
170,170.0,0.125,0.125,0.125,0.125,0.125,0.125,0.125,0.125
171,171.0,0.125,0.125,0.125,0.125,0.125,0.125,0.125,0.125
172,172.0,0.125,0.125,0.125,0.125,0.125,0.125,0.125,0.125
173,173.0,0.125,0.125,0.125,0.125,0.125,0.125,0.125,0.125
174,174.0,0.125,0.125,0.125,0.125,0.125,0.125,0.125,0.125
175,175.0,0.125,0.125,0.125,0.125,0.125,0.125,0.125,0.125
176,176.0,0.125,0.125,0.125,0.125,0.125,0.125,0.125,0.125
177,177.0,0.125,0.125,0.125,0.125,0.125,0.125,0.125,0.125
178,178.0,0.125,0.125,0.125,0.125,0.125,0.125,0.125,0.125
179,179.0,0.125,0.125,0.125,0.125,0.125,0.125,0.125,0.125
180,180.0,0.125,0.125,0.125,0.125,0.125,0.125,0.125,0.125
181,181.0,0.125,0.125,0.125,0.125,0.125,0.125,0.125,0.125
182,182.0,0.125,0.125,0.125,0.125,0.125,0.125,0.125,0.125
183,183.0,0.125,0.125,0.125,0.125,0.125,0.125,0.125,0.125
184,184.0,0.125,0.125,0.125,0.125,0.125,0.125,0.125,0.125
185,185.0,0.125,0.125,0.125,0.125,0.125,0.125,0.125,0.125
186,186.0,0.125,0.125,0.125,0.125,0.125,0.125,0.125,0.125
187,187.0,0.125,0.125,0.125,0.125,0.125,0.125,0.125,0.125
188,188.0,0.125,0.125,0.125,0.125,0.125,0.125,0.125,0.125
189,189.0,0.125,0.125,0.125,0.125,0.125,0.125,0.125,0.125
190,190.0,0.125,0.125,0.125,0.125,0.125,0.125,0.125,0.125
191,191.0,0.125,0.125,0.125,0.125,0.125,0.125,0.125,0.125
192,192.0,0.125,0.125,0.125,0.125,0.125,0.125,0.125,0.125
193,193.0,0.125,0.125,0.125,0.125,0.125,0.125,0.125,0.125
194,194.0,0.125,0.125,0.125,0.125,0.125,0.125,0.125,0.125
195,195.0,0.125,0.125,0.125,0.125,0.125,0.125,0.125,0.125
196,196.0,0.125,0.125,0.125,0.125,0.125,0.125,0.125,0.125
197,197.0,0.125,0.125,0.125,0.125,0.125,0.125,0.125,0.125
198,198.0,0.125,0.125,0.125,0.125,0.125,0.125,0.125,0.125
199,199.0,0.1248611111111111,0.1248611111111111,0.1248611111111111,0.1259722222222222,0.1248611111111111,0.1248611111111111,0.1248611111111111,0.1248611111111111
200,200.0,0.1245847222222222,0.1245847222222222,0.1245847222222222,0.1267958333333333,0.1256958333333333,0.1245847222222222,0.1245847222222222,0.1245847222222222
201,201.0,0.1243123472222222,0.1243123472222222,0.1243123472222222,0.1276024583333333,0.1265234583333333,0.1243123472222222,0.1243123472222222,0.1243123472222222
202,202.0,0.1239351973611111,0.1249351973611111,0.1239351973611111,0.1282746184722222,0.1271141973611111,0.1239351973611111,0.1239351973611111,0.1239351973611111
203,203.0,0.123476612532702,0.1253757034417929,0.123476612532702,0.1288281295438131,0.1275040134417929,0.1243857034417929,0.123476612532702,0.123476612532702
204,204.0,0.1229200291527159,0.1257002200618068,0.1239200291527159,0.1291289173037159,0.1277616259618068,0.1247291200618068,0.1229200291527159,0.1229200291527159
205,205.0,0.1222141462434437,0.1257746767585952,0.1250223280616255,0.1291416704479245,0.1277552549095951,0.1256636310919285,0.1222141462434437,0.1222141462434437
206,206.0,0.1215309525869067,0.1258415167756945,0.1261202344050885,0.1291268830883846,0.1277295441710845,0.1265889637990279,0.1215309525869067,0.1215309525869067
207,207.0,0.1208750111943967,0.1259008333809028,0.1272032083762148,0.1290874571490664,0.1268533514889565,0.1283301160216695,0.1208750111943967,0.1208750111943967
208,208.0,0.1201860536893336,0.1258245806211518,0.1281978109084245,0.1289621481832382,0.1259063844202916,0.1305509147988931,0.1201860536893336,0.1201860536893336
209,209.0,0.1194770185107706,0.1256325724660295,0.1291056803730342,0.1287635448359567,0.1249079373271773,0.1324449237512046,0.1194770185107706,0.1201913042250564
210,210.0,0.1187588352796748,0.1253419675402873,0.1299282428839894,0.1291694607473382,0.1238749741848213,0.1340350392807296,0.1187588352796748,0.1201326448034844
211,211.0,0.118040791109801,0.1249679125226255,0.1306669939877365,0.1294749086419263,0.1228224667057618,0.135966701955404,0.118040791109801,0.1200194339669439
212,212.0,0.1173307878308432,0.1245239635606481,0.1313236626080764,0.1296883514306898,0.1217636296925774,0.1381790874927895,0.1173307878308432,0.1198597295535323
213,213.0,0.1164966409943427,0.1249945887540925,0.1317614099149896,0.1296787833008987,0.1205712040766555,0.140479025895032,0.1164966409943427,0.1195217060696462
214,214.0,0.1156024070780134,0.1252452257426718,0.1320410512203444,0.130541313444007,0.1193137736280239,0.1425545337334534,0.1156024070780134,0.1190992880754724
215,215.0,0.1146428882720106,0.1252550692630047,0.1321554518542522,0.1311398090173117,0.1179902642774489,0.1447087875559614,0.1146428882720106,0.1194648414879995
216,216.0,0.1144736021927557,0.1255602214388338,0.1321260524835792,0.1315068097341815,0.1166265796146912,0.1464184308319827,0.1136402688594223,0.1196480348445534
217,217.0,0.1142070698050597,0.1256621982406337,0.1319714810432861,0.1316697029546831,0.1152443279583927,0.1477137796179363,0.112612839035829,0.1209186013441792
218,218.0,0.1139924942504571,0.1257599677674596,0.1326940122429498,0.1308964213453993,0.1139383094035914,0.1488738593255186,0.1116524750196878,0.1221924606449361
219,219.0,0.1137294230037818,0.1257122804108482,0.1330558533637209,0.1299874494045356,0.1126165582282829,0.1496300332949284,0.1114980046063459,0.1237703976875563
220,220.0,0.1134291332744179,0.1255373910076805,0.1331054896922285,0.1289689604859993,0.1112976621339809,0.1504514512857401,0.1120293082724949,0.1251806038474578
221,221.0,0.113173828676885,0.1253608206481307,0.133122201136448,0.127955356606965,0.1100700034424851,0.1511498417271551,0.1126133590578658,0.1265545887040652
222,222.0,0.1129066186890303,0.1251295580764874,0.1336036185648715,0.1269013402473278,0.1093165725541804,0.1512407958060581,0.1130742065778477,0.1278272894841967
223,223.0,0.112680816499215,0.1249008356891271,0.1340534022597395,0.1258709433681949,0.108655627199255,0.1512249025151879,0.1135679143321313,0.1290455581371491
224,224.0,0.1124945393495334,0.1246766866914949,0.1344702177574587,0.1248721079903072,0.1080845282779205,0.1511130055244306,0.1140862592197436,0.1302026551891109
225,225.0,0.112345697507469,0.1244588952345944,0.134853193722767,0.123911666317319,0.107600002136031,0.1509158241736825,0.1146215940784756,0.1312931268296614
226,226.0,0.1122320358606806,0.1242490034789214,0.1359161700635379,0.1229953833954703,0.1071982367570609,0.1506438587124501,0.1144525808483423,0.1323127308835363
227,227.0,0.1121035539584894,0.1240007013242909,0.1373186122169129,0.1220803871312466,0.1068273546708889,0.1502596881587751,0.1141989635181505,0.1332107390212454
228,228.0,0.1120974089690929,0.1240377695173361,0.1387612252180186,0.1214016223259409,0.1061875840840365,0.150645030497298,0.1140489861377005,0.1328203732505764
229,229.0,0.1121190487884053,0.1240841607532584,0.1401431859893706,0.1207774937563138,0.1056211360375661,0.1509776622511117,0.1139114046231222,0.1323659078008518
230,230.0,0.112123811870696,0.1240968121487441,0.1417900734795641,0.1201671124178272,0.1050846760912375,0.1512178614944823,0.113703021869641,0.1318166306278077
231,231.0,0.1119488688745992,0.1243618702106898,0.1434878391105094,0.1193844222270333,0.1044161006502549,0.150997473785986,0.1143803788496658,0.1310230462912616
232,232.0,0.1116519214340619,0.1254867937090299,0.1446931669818251,0.1185161467777442,0.1036732886146408,0.1511477725338077,0.1147754070018138,0.1300555029470764
233,233.0,0.1113483114665575,0.1265745188637654,0.146071111367851,0.1176796993489265,0.1034712637628384,0.1507011183373797,0.1151127329245994,0.1290412439280819
234,234.0,0.110953338499213,0.128276238679218,0.1472390704532739,0.1172442397399571,0.1031957552759302,0.1499429193306532,0.1152417574550505,0.127906680566704
235,235.0,0.1105616902932874,0.12985812523575,0.1482879649089017,0.1172597380506553,0.1029382518836811,0.148991998564812,0.115345440400516,0.1267567906623966
236,236.0,0.1101964313741786,0.1313942650716102,0.1492386927726381,0.1173302941552978,0.1027384891495087,0.14803298157927,0.1154447596095203,0.1256240862879762
237,237.0,0.1098585754023961,0.1328738714605074,0.1500915634250348,0.1174496967134439,0.1025926906349471,0.1470762681658528,0.1155391582636196,0.1245181759341983
238,238.0,0.1093077983888049,0.1347286576109467,0.1508245749758641,0.1173709048000417,0.1018014101945153,0.1458639170578882,0.1168962599235229,0.1232064770484163
239,239.0,0.1086330827556595,0.1362918153320216,0.1515507746694129,0.1171174197917681,0.100908382282233,0.1447921154583121,0.1189215416899667,0.1217848680206261
240,240.0,0.1079070370681925,0.138260626197121,0.15188267130052,0.117270618533479,0.0999861794713541,0.1436439791100385,0.1207168648170426,0.1203320235022522
241,241.0,0.1075793023237844,0.1398382907205586,0.1518560178718036,0.1180761975484815,0.099049406206225,0.1424408054514286,0.1222919194638034,0.1188680604139148
242,242.0,0.1072349097123758,0.1412226064896387,0.1519331980671866,0.1187943338962458,0.0981398924915794,0.14150254492643,0.1237327789463927,0.1174397354701509
243,243.0,0.1077032788156558,0.1425283647390146,0.1522177910218222,0.1188212419637999,0.0973743939829452,0.1409275477641298,0.1242592271332616,0.1161681545793709
244,244.0,0.108089969917643,0.1440923966051958,0.1523578212518506,0.1191340905168042,0.0966131604818041,0.1401883877830312,0.1246068179614906,0.1149173554821803
245,245.0,0.1083704967686595,0.1458455400651457,0.1525513528674402,0.1193095839646108,0.0958487848228252,0.1396452770162293,0.1247457895044899,0.1136831749905993
246,246.0,0.1091411716864406,0.1471544727216845,0.152795808031969,0.1193576054545462,0.0950891544116938,0.1392900842293873,0.1246954809819839,0.1124762224822944
247,247.0,0.1103383296510384,0.1480513367691804,0.1530881213224515,0.1192879639182601,0.0943409820150304,0.1391133216837637,0.1244745089689603,0.111305435671315
248,248.0,0.1114943545451493,0.1487722002358479,0.1531092730621984,0.1194844878614321,0.0936391943019981,0.1391336623628043,0.124159331027888,0.1102074966026816
249,249.0,0.1120450149926771,0.1498809681492842,0.1532121173565483,0.1195938960952332,0.0929853523117473,0.1393364894279774,0.1237608801433031,0.1091852815232291
250,250.0,0.1124564025885811,0.1505918234932114,0.1530401318318573,0.1195913266313909,0.0923511490394281,0.1396875995150226,0.123231361778675,0.1090502051218334
251,251.0,0.1128457055298405,0.1511939430288661,0.1528314964050725,0.119588713885072,0.0917860284354442,0.140069162558743,0.1226799142833115,0.1090050358736502
252,252.0,0.1132112392525071,0.151379679141719,0.1529044624206712,0.1195860883119872,0.0912887334390019,0.1404743176330339,0.1221142450452395,0.1090412347558399
253,253.0,0.1134033667553551,0.1513027648331238,0.1527815920944611,0.1193972400768067,0.0907090958534529,0.1406062499436912,0.1213930743452523,0.1104066160978567
254,254.0,0.1134599190014994,0.1510296913590183,0.1535231548345923,0.1190991824533443,0.090083557929725,0.1406412149692243,0.1205615756527026,0.1116017037998935
255,255.0,0.1133038702444962,0.1508712893188348,0.1541682867679955,0.1186583501407963,0.0893956595553294,0.1405410929720237,0.120474405057523,0.1125870459430011
256,256.0,0.1129629315057922,0.1508247175254342,0.1555710685167242,0.1180981728750004,0.0886640539355295,0.1406281681211688,0.1201686806925093,0.1130822068278414
257,257.0,0.1125906888460145,0.150711336275841,0.1567608408442746,0.1175246275274535,0.0879896483119754,0.1409926809283792,0.1198473661714196,0.113582811094642
258,258.0,0.1117170406657375,0.1505385783572002,0.1580254638067694,0.1169436404468956,0.0873730847703079,0.1418051778193587,0.1195140877421618,0.1140829263915685
259,259.0,0.110794868115612,0.150580239861881,0.1593571724212496,0.1157613486924576,0.0868021959303533,0.1430128648625383,0.1191384337853457,0.1145528763305622
260,260.0,0.1097173175662725,0.1506805238792724,0.1613341789022728,0.1144571046241339,0.0861578423952221,0.1442951457135918,0.1184959948399678,0.1148618920792665
261,261.0,0.108609332324052,0.1509358328875587,0.1630643860233002,0.1131054075716389,0.0855531291702424,0.1457918013278097,0.1178181481764797,0.1151219625189184
262,262.0,0.1074876436519702,0.1509100888518848,0.1649638544399835,0.1117688293998118,0.0849867084788185,0.1470365344825282,0.1175242221126167,0.1153221185823862
263,263.0,0.1063944488510353,0.1508254847309073,0.1667288536237953,0.1104734441449067,0.0844750253458106,0.1483587990939327,0.1172483739203562,0.1154955702892559
264,264.0,0.1055788982894636,0.1508654744077445,0.1684529778584711,0.1091849472571489,0.0839952086220255,0.150392745255707,0.1159247755623567,0.1156049727470826
265,265.0,0.1055726395346802,0.1509296180096282,0.1702228756938104,0.1078221304242753,0.0834568510178283,0.1519550928844703,0.114477946738191,0.1155628456971162
266,266.0,0.1055712574102493,0.1511226611359592,0.1719636531967027,0.1065004373839975,0.0829594159056496,0.1533814162118837,0.1130214338298384,0.1154797249257193
267,267.0,0.1055728182642155,0.1514343901153528,0.1736658338492014,0.1052272845942231,0.0825030554823273,0.1546686364364902,0.111568580659554,0.1153594005986354
268,268.0,0.1055605549216738,0.1518319120408366,0.1755538582548323,0.1039938815628569,0.0820799972489459,0.1556652674094913,0.1101238788974606,0.1151906496639025
269,269.0,0.1055480661809264,0.1523275349722891,0.1773855288746638,0.1028204849030679,0.0816971884414584,0.1565232110424916,0.1087055875246857,0.1149923980604167
270,270.0,0.1055299820085936,0.1528947510339121,0.1790242200944596,0.1017172274515669,0.0813516734750463,0.1573916449207965,0.1073311969761801,0.1147593040394446
271,271.0,0.1055190508328683,0.153544697561907,0.1805108526535813,0.1007005330216756,0.0810491821369217,0.1581512221027819,0.1060152708640086,0.1145091908262554
272,272.0,0.1046822097136146,0.1543379473646708,0.1822139812429377,0.0998489361410892,0.0808722085015208,0.1591009806622325,0.1046208409448728,0.1143228954290613
273,273.0,0.1038352419768674,0.1551689404357241,0.1838051449737698,0.0990513660868601,0.0807223824951701,0.1600284875375555,0.10328084486646,0.1141075916275928
274,274.0,0.1029856554092199,0.1560288038562962,0.1853083637785967,0.0983082238804397,0.0815975003387663,0.1599035890251449,0.1020012195004385,0.1138666442110976
275,275.0,0.1021518990268375,0.1569266136554254,0.1867351677995913,0.0976309990352466,0.0824911621025782,0.1596565997354795,0.1007925628413852,0.1136149958034561
276,276.0,0.1013483417618858,0.1578580273347958,0.1882517094875891,0.0970361676936771,0.0833963839703801,0.1590825618358693,0.0996671233532857,0.1133596845625168
277,277.0,0.1005588266244931,0.1597926741468465,0.1898809832041325,0.0964917474201258,0.0832923713877061,0.1582843855956116,0.0986121217637301,0.1130868898573541
278,278.0,0.0997099352979517,0.1614549974422933,0.1921109206189575,0.0959116345027503,0.083095678752313,0.157205295645453,0.0977900966751866,0.1127214410650944
279,279.0,0.0985646304128948,0.1636998997125823,0.193778956328943,0.0955096354858885,0.0830503172035614,0.1558820597314284,0.0969766313290171,0.1125378697956843
280,280.0,0.0974014621460553,0.1665009063416042,0.1951613787483261,0.0950942277438124,0.0829392395631943,0.154446746117676,0.0961728704328869,0.1122831689064445
281,281.0,0.0962418823471961,0.1696801994559394,0.1960989721700795,0.0948705237657875,0.0827784033729934,0.152937753460791,0.0954054534412079,0.1119868119860051
282,282.0,0.0950984899056066,0.1731514391775634,0.1966245902636549,0.0946455424375873,0.0825759895698092,0.151566641647572,0.0946797820715507,0.1116575249266556
283,283.0,0.093971732560514,0.1768246241898896,0.1969099373426409,0.0944113800269471,0.0823290410612857,0.1502709591715801,0.093989571025948,0.1112927546211945
284,284.0,0.09288059588037,0.1800613891869055,0.1970237489965476,0.0947680236678698,0.0820540846569718,0.1489552987730173,0.0933475578871009,0.110909300951217
285,285.0,0.0916838540371428,0.1832778254601231,0.1966266565675391,0.0949412938863174,0.0827194231434785,0.1477796709262625,0.0926067678673839,0.1103645081117525
286,286.0,0.0905282304142526,0.1865660382163498,0.1962775678551462,0.0950713197530243,0.0833487798496966,0.1464950177567877,0.0919086820037606,0.109804364150982
287,287.0,0.0903091081819472,0.1892738418783879,0.196170022315609,0.0950482431824876,0.0839248256193831,0.1450058596956622,0.0911439494953106,0.1091241496312122
288,288.0,0.0899759698849815,0.1925625520703894,0.195912660075171,0.0949423401685399,0.0842965207939351,0.1435764998724115,0.0903587328840005,0.1083747242505707
289,289.0,0.0897119347541695,0.1956066921358637,0.1955470727285899,0.094860040608869,0.0846460845795463,0.1423242330195724,0.0896495008057895,0.1076544413675995
290,290.0,0.0893629148939501,0.1982569580846997,0.195108037811964,0.0955477806974526,0.0848289148751456,0.1410573527975119,0.0889416867736535,0.1068963540656222
291,291.0,0.0889408346116583,0.2005224386037933,0.1944122067917112,0.0968719041851973,0.0848560606614987,0.1398866673060644,0.0882380835050193,0.1062718043350572
292,292.0,0.0884380529048981,0.2022092571529807,0.1940585932384412,0.0986788467440851,0.0847235948441957,0.138766495443454,0.0875233908560495,0.1056017688158955
293,293.0,0.0879944237926972,0.2036601705104275,0.1937356564827248,0.1004563131966821,0.0845791334370135,0.1377163304268731,0.0868831702013303,0.1049748019522512
294,294.0,0.0876130766016528,0.2048865642091988,0.1933905628206588,0.1022033013738841,0.0844276247604773,0.1367604105490735,0.0863209848429146,0.1043974748421399
295,295.0,0.0865798920579432,0.2059074583366387,0.1931275006600059,0.1046123354614931,0.0842801206867523,0.1357822805897623,0.0858372342654256,0.1038731779419788
296,296.0,0.0855584931006,0.2066276031145961,0.1928598972836943,0.1073710172632095,0.0840321050022847,0.1348296201083535,0.0853741627120164,0.1033471014152453
297,297.0,0.0845587705551653,0.2070720854418281,0.1925959267614719,0.1104050756591359,0.0836983224365819,0.1339090913709286,0.0849351883904185,0.1028255393844694
298,298.0,0.0835889622638725,0.2072653338102963,0.1923423617229709,0.1136490336503895,0.0832919945735857,0.1330259501219156,0.0845226995786365,0.1023136642783328
299,299.0,0.082688543860196,0.2072965559731213,0.1921374569876597,0.1167507098019228,0.0828904560625844,0.1322169405933246,0.0841709415897822,0.1018483951314087
300,300.0,0.0818671119361356,0.2071932511648566,0.1926133531376881,0.1197002234518571,0.0821206168949883,0.1311832976603278,0.0838848903181764,0.1014372554359698
301,301.0,0.0813058541639448,0.2069473999547103,0.1929464828317051,0.122467480344227,0.0813499905482278,0.1302734257693489,0.0836456291744119,0.1010637372134239
302,302.0,0.0810334850617218,0.2066889704970373,0.1932201916215012,0.1253421865243497,0.0805589784939372,0.1292623709234662,0.0831802324400058,0.1007135844379806
303,303.0,0.080813782606629,0.2063996384786857,0.1935251464607947,0.1280138800643782,0.0797881910452297,0.1283195121214541,0.0827525171293448,0.1003873320934835
304,304.0,0.0806427364498141,0.2058449546450139,0.1938582534453665,0.1306672725101905,0.0792867457007134,0.1272534020830443,0.0823620515444709,0.1000845836213861
305,305.0,0.080505389614906,0.2050367143518671,0.194365145322026,0.1330925453617424,0.0787924312857458,0.1261713134560182,0.0822389372456625,0.0997975233620317
306,306.0,0.0804086497052004,0.2042415669284357,0.1948924324224364,0.1352969295260435,0.0783217832731718,0.1251623713016111,0.0821434858992702,0.0995327809438305
307,307.0,0.0803591246759962,0.2034012377444831,0.1952522928408789,0.1372846568328207,0.0778869755159431,0.1244216853846595,0.0820885703609428,0.0993054566442755
308,308.0,0.0803523285492756,0.2025285183977711,0.1956307988452373,0.1390567364739792,0.0774886421959676,0.1237587269185341,0.0820704264649971,0.0991138221542379
309,309.0,0.0805619106849829,0.2014766856642615,0.1960200649866113,0.1406109646119079,0.0771164213122789,0.1229771174261028,0.0822967208448077,0.0989401144690468
310,310.0,0.0810572916876697,0.200754753661013,0.1949904897633207,0.1422198399896666,0.0770345137512168,0.1226439178300197,0.0819674774951588,0.0993317158219345
311,311.0,0.0815795285155577,0.2000342097984117,0.1939483361595381,0.1436345519348145,0.0769878373463242,0.1223955752701196,0.0816689348783541,0.09975102609688
312,312.0,0.0820096021067369,0.1992110095899076,0.192608987253054,0.1447492585600502,0.0768622246349219,0.1223001615424574,0.0812898972361661,0.1009688590767059
313,313.0,0.0824396016562554,0.1984697012439366,0.1913153664955401,0.1456684887423519,0.0767555812605451,0.1222560175317347,0.0809197162190955,0.1021755268505406
314,314.0,0.082798183396411,0.1976304511123538,0.1897403964926845,0.1461285173248262,0.0773240504300112,0.1218203604064863,0.0814195276827258,0.1031385131545012
315,315.0,0.0830000533643246,0.1967916891894694,0.187991117823675,0.1462547356872618,0.0777575548044016,0.1213949959289384,0.0816736012797883,0.1051362519221409
316,316.0,0.0831652025725967,0.1961926027883799,0.186205374775563,0.1461812582480553,0.0781719250830032,0.1210919427337993,0.0819189366700781,0.1070727571285243
317,317.0,0.0834265873809693,0.1955347279293963,0.1843276812102064,0.1458510032095979,0.0784120985395786,0.121488767477189,0.0822526276218625,0.1087065066311998
318,318.0,0.0836382668446726,0.1951623728752858,0.1824485959886581,0.1453548379108217,0.078792051833997,0.1218184209237446,0.0825517426554348,0.1102337109673853
319,319.0,0.0838323081749086,0.1948983195579908,0.1806529959255926,0.1447574822307549,0.0791643207818989,0.1221840224848291,0.0828402619355138,0.1116702889085112
320,320.0,0.0839935454597575,0.1945391658246474,0.1792493857056978,0.1440462906365974,0.0795112099157327,0.122563828219894,0.0831011224334441,0.112995451804229
321,321.0,0.0836015202522305,0.193741625470118,0.1781475682592768,0.1427122358549897,0.0800805019324746,0.123189262686894,0.0836827429871115,0.1148445425569048
322,322.0,0.0831375092264857,0.1928546483700127,0.1767335906073911,0.1415140504850111,0.0797409929036183,0.124707133767254,0.0841060743200358,0.1172060003201911
323,323.0,0.0825330957414672,0.1920454927083501,0.1752495700571087,0.1401272251620581,0.0792535403667257,0.1259424467565234,0.0850822979357816,0.119766331271985
324,324.0,0.0817573527456035,0.1917108611074004,0.1736257713476751,0.1385504085921494,0.078590397090203,0.1269840236974543,0.086038932617934,0.1227422528015802
325,325.0,0.0809551493741296,0.1913113354951555,0.1718787137346409,0.1376204032110836,0.0777075118033809,0.1285432871042472,0.0867925394146789,0.1251910598626832
326,326.0,0.0801341065997225,0.1909805767061586,0.170177040213682,0.1368430561023307,0.0768061385406747,0.1299532015344975,0.0874713605492718,0.127634519753662
327,327.0,0.0792543738020278,0.1906647210948038,0.1684832030090386,0.13661317477211,0.0758477233009584,0.1313382819550503,0.0881092582713071,0.1296892637947038
328,328.0,0.0783664070154526,0.1903517252195821,0.1675032508585494,0.1362782313641528,0.0748764249706429,0.1326266589150446,0.0885843243935105,0.1314129772630648
329,329.0,0.0774335932045524,0.1900658160127506,0.1665099604942874,0.1361654133682031,0.0744819287398926,0.1336438028887381,0.0889367753124447,0.1327627099791309
330,330.0,0.0764702625739114,0.1900833803351018,0.1655847073794143,0.1359464883165682,0.0746367520192193,0.1344109874468927,0.0891023359915253,0.1337650859373669
331,331.0,0.0755278721965717,0.1905582210724467,0.1647848284681826,0.1354778451468899,0.0754199437153309,0.134445447152664,0.0892029884032968,0.1345828538446172
332,332.0,0.0746469924020654,0.1909926409797209,0.1641351083424246,0.1350286789036462,0.0762284207770189,0.134408436742939,0.0891086261326299,0.1354510957195551
333,333.0,0.073815170360338,0.1912890672243733,0.1635385153873864,0.1345795784708541,0.0770383518926173,0.1343085020464658,0.088976531752707,0.136454282865258
334,334.0,0.0731041263524838,0.1914924475296264,0.1633085678742812,0.1339965451862545,0.0778960639177978,0.1341250888286851,0.0887462517480119,0.1373309085628592
335,335.0,0.0724369749182759,0.1917259170772319,0.1631136624267021,0.1334180883371598,0.0787318929350415,0.1338894929450192,0.0886472905085583,0.1380366808520109
336,336.0,0.0718315213052148,0.1919686180319643,0.1631156030032719,0.1328727271967029,0.0795522698675708,0.1335125844768488,0.0885310807087914,0.1386155954096347
337,337.0,0.0712782982501257,0.1920738329120665,0.1631689176105795,0.1323345497538522,0.0803423039581695,0.1330885780435084,0.088655435001115,0.139058084470583
338,338.0,0.0707770911224511,0.1920472395167881,0.1635237016126907,0.1318066479973426,0.0810966939972961,0.1326251018281968,0.0887510285369783,0.1393724953882562
339,339.0,0.0703293467030207,0.1918965238113986,0.1641326974770676,0.1312981822829875,0.0818121099498954,0.1321412554525058,0.0888200935349413,0.1395697907881829
340,340.0,0.0699723293734594,0.1918960179419368,0.1646877133208786,0.1308343855961729,0.082515735965657,0.1315323681173061,0.0888870124614786,0.1396744372231105
341,341.0,0.0696496534088783,0.1918873420661305,0.1651742221676512,0.1303929151800263,0.0831627501176215,0.1311226268577602,0.0889286985244103,0.1396817916775215
342,342.0,0.0696380175594197,0.192316821087808,0.1663446731210874,0.1302413856020459,0.0845977581954586,0.1296440865188242,0.0892189252024666,0.1379983327128894
343,343.0,0.0695732121712338,0.1933314143254011,0.1674579526017517,0.1302843306872005,0.085728200216789,0.1280703529904326,0.0893952372618975,0.1361592997452936
344,344.0,0.069552667929255,0.1943354699908051,0.1685741366133205,0.1303613354849299,0.0868001300368091,0.1265283526856274,0.0895578010773663,0.1342901061818866
345,345.0,0.0695721641612826,0.1953200012845847,0.1696817728625876,0.1304682239759992,0.0878086795774495,0.1250303322850981,0.0897063658351147,0.1324124600178834
346,346.0,0.0696058568359505,0.1961905352443845,0.1706479846406356,0.1305551513603764,0.0891830018041422,0.1234739313894798,0.089819200771692,0.1305243379533387
347,347.0,0.0696517070558788,0.1969486369585275,0.1715678790413455,0.1308818445704433,0.0904436401447052,0.1219624375630361,0.0898984681934805,0.1286453864725829
348,348.0,0.0697056909815578,0.1980123076770376,0.1723638322049527,0.131001956007209,0.0915876877418073,0.1205920042422084,0.0899453926959668,0.1267911284492602
349,349.0,0.0698014514301043,0.1990418023926914,0.173183697040673,0.1311451918152034,0.0926629738376344,0.1191732876731025,0.0899902748829761,0.1250013209276147
350,350.0,0.0698945218613375,0.2000529289033819,0.1739109946891395,0.1310771436657398,0.0936130970326337,0.1182037155928377,0.0899948687087286,0.1232527295462012
351,351.0,0.0699833974931898,0.2010417539620179,0.1744491048070489,0.1311982450437527,0.0944399229103387,0.1173679120935655,0.0899620901883202,0.1215575735017663
352,352.0,0.0700860583158708,0.2019698790615487,0.1749682015708704,0.1313221793209462,0.0951798852432842,0.1166038421704541,0.089919287358343,0.1199506669586825
353,353.0,0.0701967290554969,0.2029409937321882,0.1753850745949102,0.1314373134249084,0.0958300604368044,0.1159203655278799,0.0898586298471909,0.1184308333806209
354,354.0,0.0703132165496484,0.2037296912956792,0.1759200287306355,0.1315425196419358,0.0963926399895776,0.1153159721408859,0.0897819387714352,0.1170039928802022
355,355.0,0.0704257441247469,0.2047507531448208,0.176366762782198,0.131471198186549,0.0968475490002347,0.1146825045565312,0.0896869685687094,0.1157685196362098
356,356.0,0.0705296280730896,0.2056203626722355,0.1766845082109673,0.1316790784681979,0.0971984177203416,0.1140883236552423,0.0895743161416058,0.1146253650583199
357,357.0,0.0706259637673137,0.2066881737260798,0.1769447491795336,0.1317155836644833,0.097452160652928,0.1135472242482367,0.0894473059070401,0.1135788388543847
358,358.0,0.0708206965317342,0.2076633245274511,0.1773420390719776,0.1320103239307764,0.0977003834212588,0.1124191019728353,0.0893721718579989,0.1126719586859675
359,359.0,0.0710075906076864,0.2088084439900972,0.1778518267479753,0.1321478740057372,0.0978645472826806,0.111168400417815,0.089287458631288,0.1118638583167202
360,360.0,0.0711816102740009,0.2101025845350873,0.1783339483318327,0.1321241130385764,0.097948836325932,0.1099690967457247,0.0891927943394098,0.1111470164094361
361,361.0,0.0713659091046707,0.2112384232031167,0.1788315463684405,0.132271277971095,0.0979788490095685,0.1086813400043038,0.089104140797421,0.1105285135413836
362,362.0,0.0715200966088747,0.2122695258119995,0.1792660915734057,0.1323886831471113,0.0981573603289906,0.1074009036788962,0.0890026956643687,0.1099946431863529
363,363.0,0.0716689984253262,0.2132099070451592,0.1796560327031917,0.1325011821722217,0.0982902830631973,0.1062155896118393,0.0889046046542878,0.1095534023247767
364,364.0,0.0718116541046357,0.2140592352278365,0.1800019307540183,0.1326081406712656,0.0983808468433682,0.1051277387179684,0.0888105132649818,0.1091999404159253
365,365.0,0.0719472617037246,0.2148181223832529,0.1803047310532733,0.1327090431118592,0.0984323819271049,0.1041384831889037,0.0887209624482662,0.1089290141836149
366,366.0,0.0720751699546238,0.2154880237425803,0.1805657153731214,0.1328034860754417,0.0984482758332137,0.1032478560434552,0.0886363936550493,0.1087350793225143
367,367.0,0.0721948697096435,0.2160711388718343,0.1807864554683047,0.1328911710800783,0.0984319337403962,0.1024549007147158,0.0885571543709134,0.1086123760441137
368,368.0,0.0722970721648498,0.2167842189860452,0.1809598557043664,0.1328292945760736,0.0983689173575302,0.1017399542623591,0.0884745913818201,0.1085460955669555
369,369.0,0.0723821230547018,0.217330589803146,0.1810885340938877,0.1329130342295227,0.0982637603355089,0.1011016013213298,0.088389480717186,0.1085308764447169
370,370.0,0.0724844015866118,0.2178124800229972,0.1810745759640188,0.1330164695540379,0.0981619074208567,0.1007648201591814,0.0881036602804191,0.1085816850118769
371,371.0,0.0725518542953809,0.2182022754733076,0.1812331840583947,0.1330879319678876,0.098016445914243,0.1004247298175278,0.0878156468411572,0.1086679316321009
372,372.0,0.0725857555254066,0.2185043820607068,0.1814642984410849,0.1331282826810879,0.0979251885764055,0.1000797451441589,0.0875279117390349,0.108784435832114
373,373.0,0.0725876286717743,0.2187236663294162,0.1816469242405333,0.1331386472255458,0.0977972291629791,0.0999369596760165,0.0872426930270665,0.1089262516666681
374,374.0,0.0725821622522953,0.2188789645699235,0.1818021708205084,0.133143329732895,0.0976590219165661,0.0998632569288857,0.0869713487929597,0.109099744985966
