,Unnamed: 0,Total_iterations,Intertwine_two,Add_vertex,Delete_vertex,Invert_path_vertices,Insert_inside_vertex,Delete_inside_vertex,Replace_inside_vertex,Donate_between_routes
0,0.0,0.0,0.125,0.125,0.125,0.125,0.125,0.125,0.125,0.125
1,1.0,1.0,0.125,0.125,0.125,0.125,0.125,0.125,0.125,0.125
2,2.0,2.0,0.125,0.125,0.125,0.125,0.125,0.125,0.125,0.125
3,3.0,3.0,0.125,0.125,0.125,0.125,0.125,0.125,0.125,0.125
4,4.0,4.0,0.125,0.125,0.125,0.125,0.125,0.125,0.125,0.125
5,5.0,5.0,0.125,0.125,0.125,0.125,0.125,0.125,0.125,0.125
6,6.0,6.0,0.125,0.125,0.125,0.125,0.125,0.125,0.125,0.125
7,7.0,7.0,0.125,0.125,0.125,0.125,0.125,0.125,0.125,0.125
8,8.0,8.0,0.125,0.125,0.125,0.125,0.125,0.125,0.125,0.125
9,9.0,9.0,0.125,0.125,0.125,0.125,0.125,0.125,0.125,0.125
10,10.0,10.0,0.125,0.125,0.125,0.125,0.125,0.125,0.125,0.125
11,11.0,11.0,0.125,0.125,0.125,0.125,0.125,0.125,0.125,0.125
12,12.0,12.0,0.125,0.125,0.125,0.125,0.125,0.125,0.125,0.125
13,13.0,13.0,0.125,0.125,0.125,0.125,0.125,0.125,0.125,0.125
14,14.0,14.0,0.125,0.125,0.125,0.125,0.125,0.125,0.125,0.125
15,15.0,15.0,0.125,0.125,0.125,0.125,0.125,0.125,0.125,0.125
16,16.0,16.0,0.125,0.125,0.125,0.125,0.125,0.125,0.125,0.125
17,17.0,17.0,0.125,0.125,0.125,0.125,0.125,0.125,0.125,0.125
18,18.0,18.0,0.125,0.125,0.125,0.125,0.125,0.125,0.125,0.125
19,19.0,19.0,0.125,0.125,0.125,0.125,0.125,0.125,0.125,0.125
20,20.0,20.0,0.125,0.125,0.125,0.125,0.125,0.125,0.125,0.125
21,21.0,21.0,0.125,0.125,0.125,0.125,0.125,0.125,0.125,0.125
22,22.0,22.0,0.125,0.125,0.125,0.125,0.125,0.125,0.125,0.125
23,23.0,23.0,0.125,0.125,0.125,0.125,0.125,0.125,0.125,0.125
24,24.0,24.0,0.125,0.125,0.125,0.125,0.125,0.125,0.125,0.125
25,25.0,25.0,0.125,0.125,0.125,0.125,0.125,0.125,0.125,0.125
26,26.0,26.0,0.125,0.125,0.125,0.125,0.125,0.125,0.125,0.125
27,27.0,27.0,0.125,0.125,0.125,0.125,0.125,0.125,0.125,0.125
28,28.0,28.0,0.125,0.125,0.125,0.125,0.125,0.125,0.125,0.125
29,29.0,29.0,0.125,0.125,0.125,0.125,0.125,0.125,0.125,0.125
30,30.0,30.0,0.125,0.125,0.125,0.125,0.125,0.125,0.125,0.125
31,31.0,31.0,0.125,0.125,0.125,0.125,0.125,0.125,0.125,0.125
32,32.0,32.0,0.125,0.125,0.125,0.125,0.125,0.125,0.125,0.125
33,33.0,33.0,0.125,0.125,0.125,0.125,0.125,0.125,0.125,0.125
34,34.0,34.0,0.125,0.125,0.125,0.125,0.125,0.125,0.125,0.125
35,35.0,35.0,0.125,0.125,0.125,0.125,0.125,0.125,0.125,0.125
36,36.0,36.0,0.125,0.125,0.125,0.125,0.125,0.125,0.125,0.125
37,37.0,37.0,0.125,0.125,0.125,0.125,0.125,0.125,0.125,0.125
38,38.0,38.0,0.125,0.125,0.125,0.125,0.125,0.125,0.125,0.125
39,39.0,39.0,0.125,0.125,0.125,0.125,0.125,0.125,0.125,0.125
40,40.0,40.0,0.125,0.125,0.125,0.125,0.125,0.125,0.125,0.125
41,41.0,41.0,0.125,0.125,0.125,0.125,0.125,0.125,0.125,0.125
42,42.0,42.0,0.125,0.125,0.125,0.125,0.125,0.125,0.125,0.125
43,43.0,43.0,0.125,0.125,0.125,0.125,0.125,0.125,0.125,0.125
44,44.0,44.0,0.125,0.125,0.125,0.125,0.125,0.125,0.125,0.125
45,45.0,45.0,0.125,0.125,0.125,0.125,0.125,0.125,0.125,0.125
46,46.0,46.0,0.125,0.125,0.125,0.125,0.125,0.125,0.125,0.125
47,47.0,47.0,0.125,0.125,0.125,0.125,0.125,0.125,0.125,0.125
48,48.0,48.0,0.125,0.125,0.125,0.125,0.125,0.125,0.125,0.125
49,49.0,49.0,0.125,0.125,0.125,0.125,0.125,0.125,0.125,0.125
50,50.0,50.0,0.125,0.125,0.125,0.125,0.125,0.125,0.125,0.125
51,51.0,51.0,0.125,0.125,0.125,0.125,0.125,0.125,0.125,0.125
52,52.0,52.0,0.125,0.125,0.125,0.125,0.125,0.125,0.125,0.125
53,53.0,53.0,0.125,0.125,0.125,0.125,0.125,0.125,0.125,0.125
54,54.0,54.0,0.125,0.125,0.125,0.125,0.125,0.125,0.125,0.125
55,55.0,55.0,0.125,0.125,0.125,0.125,0.125,0.125,0.125,0.125
56,56.0,56.0,0.125,0.125,0.125,0.125,0.125,0.125,0.125,0.125
57,57.0,57.0,0.125,0.125,0.125,0.125,0.125,0.125,0.125,0.125
58,58.0,58.0,0.125,0.125,0.125,0.125,0.125,0.125,0.125,0.125
59,59.0,59.0,0.125,0.125,0.125,0.125,0.125,0.125,0.125,0.125
60,60.0,60.0,0.125,0.125,0.125,0.125,0.125,0.125,0.125,0.125
61,61.0,61.0,0.125,0.125,0.125,0.125,0.125,0.125,0.125,0.125
62,62.0,62.1,0.125,0.125,0.125,0.125,0.125,0.125,0.125,0.125
63,63.0,63.1,0.125,0.125,0.125,0.125,0.125,0.125,0.125,0.125
64,64.0,64.1,0.125,0.125,0.125,0.125,0.125,0.125,0.125,0.125
65,65.0,65.1,0.125,0.125,0.125,0.125,0.125,0.125,0.125,0.125
66,66.0,66.1,0.125,0.125,0.125,0.125,0.125,0.125,0.125,0.125
67,67.0,67.1,0.125,0.125,0.125,0.125,0.125,0.125,0.125,0.125
68,68.0,68.1,0.125,0.125,0.125,0.125,0.125,0.125,0.125,0.125
69,69.0,69.1,0.125,0.125,0.125,0.125,0.125,0.125,0.125,0.125
70,70.0,70.1,0.125,0.125,0.125,0.125,0.125,0.125,0.125,0.125
71,71.0,71.1,0.125,0.125,0.125,0.125,0.125,0.125,0.125,0.125
72,72.0,72.1,0.125,0.125,0.125,0.125,0.125,0.125,0.125,0.125
73,73.0,73.1,0.125,0.125,0.125,0.125,0.125,0.125,0.125,0.125
74,74.0,74.1,0.125,0.125,0.125,0.125,0.125,0.125,0.125,0.125
75,75.0,75.1,0.125,0.125,0.125,0.125,0.125,0.125,0.125,0.125
76,76.0,76.1,0.125,0.125,0.125,0.125,0.125,0.125,0.125,0.125
77,77.0,77.1,0.125,0.125,0.125,0.125,0.125,0.125,0.125,0.125
78,78.0,78.1,0.125,0.125,0.125,0.125,0.125,0.125,0.125,0.125
79,79.0,79.2,0.125,0.125,0.125,0.125,0.125,0.125,0.125,0.125
80,80.0,80.2,0.125,0.125,0.125,0.125,0.125,0.125,0.125,0.125
81,81.0,81.2,0.125,0.125,0.125,0.125,0.125,0.125,0.125,0.125
82,82.0,82.2,0.125,0.125,0.125,0.125,0.125,0.125,0.125,0.125
83,83.0,83.2,0.125,0.125,0.125,0.125,0.125,0.125,0.125,0.125
84,84.0,84.2,0.125,0.125,0.125,0.125,0.125,0.125,0.125,0.125
85,85.0,85.3,0.125,0.125,0.125,0.125,0.125,0.125,0.125,0.125
86,86.0,86.3,0.125,0.125,0.125,0.125,0.125,0.125,0.125,0.125
87,87.0,87.3,0.125,0.125,0.125,0.125,0.125,0.125,0.125,0.125
88,88.0,88.3,0.125,0.125,0.125,0.125,0.125,0.125,0.125,0.125
89,89.0,89.3,0.125,0.125,0.125,0.125,0.125,0.125,0.125,0.125
90,90.0,90.3,0.125,0.125,0.125,0.125,0.125,0.125,0.125,0.125
91,91.0,91.3,0.125,0.125,0.125,0.125,0.125,0.125,0.125,0.125
92,92.0,92.4,0.125,0.125,0.125,0.125,0.125,0.125,0.125,0.125
93,93.0,93.4,0.125,0.125,0.125,0.125,0.125,0.125,0.125,0.125
94,94.0,94.4,0.125,0.125,0.125,0.125,0.125,0.125,0.125,0.125
95,95.0,95.4,0.125,0.125,0.125,0.125,0.125,0.125,0.125,0.125
96,96.0,96.4,0.125,0.125,0.125,0.125,0.125,0.125,0.125,0.125
97,97.0,97.4,0.125,0.125,0.125,0.125,0.125,0.125,0.125,0.125
98,98.0,98.4,0.125,0.125,0.125,0.125,0.125,0.125,0.125,0.125
99,99.0,99.4,0.125,0.125,0.125,0.125,0.125,0.125,0.125,0.125
100,100.0,100.4,0.125,0.125,0.125,0.125,0.125,0.125,0.125,0.125
101,101.0,101.4,0.125,0.125,0.125,0.125,0.125,0.125,0.125,0.125
102,102.0,102.4,0.125,0.125,0.125,0.125,0.125,0.125,0.125,0.125
103,103.0,103.4,0.125,0.125,0.125,0.125,0.125,0.125,0.125,0.125
104,104.0,104.4,0.125,0.125,0.125,0.125,0.125,0.125,0.125,0.125
105,105.0,105.4,0.125,0.125,0.125,0.125,0.125,0.125,0.125,0.125
106,106.0,106.4,0.125,0.125,0.125,0.125,0.125,0.125,0.125,0.125
107,107.0,107.4,0.125,0.125,0.125,0.125,0.125,0.125,0.125,0.125
108,108.0,108.4,0.125,0.125,0.125,0.125,0.125,0.125,0.125,0.125
109,109.0,109.4,0.125,0.125,0.125,0.125,0.125,0.125,0.125,0.125
110,110.0,110.4,0.125,0.125,0.125,0.125,0.125,0.125,0.125,0.125
111,111.0,111.4,0.125,0.125,0.125,0.125,0.125,0.125,0.125,0.125
112,112.0,112.4,0.125,0.125,0.125,0.125,0.125,0.125,0.125,0.125
113,113.0,113.4,0.125,0.125,0.125,0.125,0.125,0.125,0.125,0.125
114,114.0,114.4,0.125,0.125,0.125,0.125,0.125,0.125,0.125,0.125
115,115.0,115.4,0.125,0.125,0.125,0.125,0.125,0.125,0.125,0.125
116,116.0,116.4,0.125,0.125,0.125,0.125,0.125,0.125,0.125,0.125
117,117.0,117.4,0.125,0.125,0.125,0.125,0.125,0.125,0.125,0.125
118,118.0,118.4,0.125,0.125,0.125,0.125,0.125,0.125,0.125,0.125
119,119.0,119.4,0.125,0.125,0.125,0.125,0.125,0.125,0.125,0.125
120,120.0,120.4,0.125,0.125,0.125,0.125,0.125,0.125,0.125,0.125
121,121.0,121.4,0.125,0.125,0.125,0.125,0.125,0.125,0.125,0.125
122,122.0,122.4,0.125,0.125,0.125,0.125,0.125,0.125,0.125,0.125
123,123.0,123.4,0.125,0.125,0.125,0.125,0.125,0.125,0.125,0.125
124,124.0,124.4,0.125,0.125,0.125,0.125,0.125,0.125,0.125,0.125
125,125.0,125.4,0.125,0.125,0.125,0.125,0.125,0.125,0.125,0.125
126,126.0,126.4,0.125,0.125,0.125,0.125,0.125,0.125,0.125,0.125
127,127.0,127.4,0.125,0.125,0.125,0.125,0.125,0.125,0.125,0.125
128,128.0,128.4,0.125,0.125,0.125,0.125,0.125,0.125,0.125,0.125
129,129.0,129.4,0.125,0.125,0.125,0.125,0.125,0.125,0.125,0.125
130,130.0,130.4,0.125,0.125,0.125,0.125,0.125,0.125,0.125,0.125
131,131.0,131.4,0.125,0.125,0.125,0.125,0.125,0.125,0.125,0.125
132,132.0,132.4,0.125,0.125,0.125,0.125,0.125,0.125,0.125,0.125
133,133.0,133.4,0.125,0.125,0.125,0.125,0.125,0.125,0.125,0.125
134,134.0,134.4,0.125,0.125,0.125,0.125,0.125,0.125,0.125,0.125
135,135.0,135.4,0.125,0.125,0.125,0.125,0.125,0.125,0.125,0.125
136,136.0,136.4,0.125,0.125,0.125,0.125,0.125,0.125,0.125,0.125
137,137.0,137.4,0.125,0.125,0.125,0.125,0.125,0.125,0.125,0.125
138,138.0,138.4,0.125,0.125,0.125,0.125,0.125,0.125,0.125,0.125
139,139.0,139.4,0.125,0.125,0.125,0.125,0.125,0.125,0.125,0.125
140,140.0,140.4,0.125,0.125,0.125,0.125,0.125,0.125,0.125,0.125
141,141.0,141.4,0.125,0.125,0.125,0.125,0.125,0.125,0.125,0.125
142,142.0,142.4,0.125,0.125,0.125,0.125,0.125,0.125,0.125,0.125
143,143.0,143.4,0.125,0.125,0.125,0.125,0.125,0.125,0.125,0.125
144,144.0,144.4,0.125,0.125,0.125,0.125,0.125,0.125,0.125,0.125
145,145.0,145.4,0.125,0.125,0.125,0.125,0.125,0.125,0.125,0.125
146,146.0,146.4,0.125,0.125,0.125,0.125,0.125,0.125,0.125,0.125
147,147.0,147.4,0.125,0.125,0.125,0.125,0.125,0.125,0.125,0.125
148,148.0,148.4,0.125,0.125,0.125,0.125,0.125,0.125,0.125,0.125
149,149.0,149.4,0.125,0.125,0.125,0.125,0.125,0.125,0.125,0.125
150,150.0,150.4,0.125,0.125,0.125,0.125,0.125,0.125,0.125,0.125
151,151.0,151.4,0.125,0.125,0.125,0.125,0.125,0.125,0.125,0.125
152,152.0,152.4,0.125,0.125,0.125,0.125,0.125,0.125,0.125,0.125
153,153.0,153.4,0.125,0.125,0.125,0.125,0.125,0.125,0.125,0.125
154,154.0,154.4,0.125,0.125,0.125,0.125,0.125,0.125,0.125,0.125
155,155.0,155.4,0.125,0.125,0.125,0.125,0.125,0.125,0.125,0.125
156,156.0,156.4,0.125,0.125,0.125,0.125,0.125,0.125,0.125,0.125
157,157.0,157.4,0.125,0.125,0.125,0.125,0.125,0.125,0.125,0.125
158,158.0,158.4,0.125,0.125,0.125,0.125,0.125,0.125,0.125,0.125
159,159.0,159.4,0.125,0.125,0.125,0.125,0.125,0.125,0.125,0.125
160,160.0,160.4,0.125,0.125,0.125,0.125,0.125,0.125,0.125,0.125
161,161.0,161.4,0.125,0.125,0.125,0.125,0.125,0.125,0.125,0.125
162,162.0,162.4,0.125,0.125,0.125,0.125,0.125,0.125,0.125,0.125
163,163.0,163.4,0.125,0.125,0.125,0.125,0.125,0.125,0.125,0.125
164,164.0,164.4,0.125,0.125,0.125,0.125,0.125,0.125,0.125,0.125
165,165.0,165.4,0.125,0.125,0.125,0.125,0.125,0.125,0.125,0.125
166,166.0,166.4,0.125,0.125,0.125,0.125,0.125,0.125,0.125,0.125
167,167.0,167.4,0.125,0.125,0.125,0.125,0.125,0.125,0.125,0.125
168,168.0,168.4,0.125,0.125,0.125,0.125,0.125,0.125,0.125,0.125
169,169.0,169.4,0.125,0.125,0.125,0.125,0.125,0.125,0.125,0.125
170,170.0,170.4,0.125,0.125,0.125,0.125,0.125,0.125,0.125,0.125
171,171.0,171.4,0.125,0.125,0.125,0.125,0.125,0.125,0.125,0.125
172,172.0,172.4,0.125,0.125,0.125,0.125,0.125,0.125,0.125,0.125
173,173.0,173.4,0.125,0.125,0.125,0.125,0.125,0.125,0.125,0.125
174,174.0,174.4,0.125,0.125,0.125,0.125,0.125,0.125,0.125,0.125
175,175.0,175.4,0.125,0.125,0.125,0.125,0.125,0.125,0.125,0.125
176,176.0,176.4,0.125,0.125,0.125,0.125,0.125,0.125,0.125,0.125
177,177.0,177.4,0.125,0.125,0.125,0.125,0.125,0.125,0.125,0.125
178,178.0,178.4,0.125,0.125,0.125,0.125,0.125,0.125,0.125,0.125
179,179.0,179.4,0.125,0.125,0.125,0.125,0.125,0.125,0.125,0.125
180,180.0,180.4,0.125,0.125,0.125,0.125,0.125,0.125,0.125,0.125
181,181.0,181.4,0.125,0.125,0.125,0.125,0.125,0.125,0.125,0.125
182,182.0,182.4,0.125,0.125,0.125,0.125,0.125,0.125,0.125,0.125
183,183.0,183.4,0.125,0.125,0.125,0.125,0.125,0.125,0.125,0.125
184,184.0,184.4,0.125,0.125,0.125,0.125,0.125,0.125,0.125,0.125
185,185.0,185.4,0.125,0.125,0.125,0.125,0.125,0.125,0.125,0.125
186,186.0,186.4,0.125,0.125,0.125,0.125,0.125,0.125,0.125,0.125
187,187.0,187.4,0.125,0.125,0.125,0.125,0.125,0.125,0.125,0.125
188,188.0,188.4,0.125,0.125,0.125,0.125,0.125,0.125,0.125,0.125
189,189.0,189.4,0.125,0.125,0.125,0.125,0.125,0.125,0.125,0.125
190,190.0,190.4,0.125,0.125,0.125,0.125,0.125,0.125,0.125,0.125
191,191.0,191.4,0.125,0.125,0.125,0.125,0.125,0.125,0.125,0.125
192,192.0,192.4,0.125,0.125,0.125,0.125,0.125,0.125,0.125,0.125
193,193.0,193.4,0.125,0.125,0.125,0.125,0.125,0.125,0.125,0.125
194,194.0,194.4,0.125,0.125,0.125,0.125,0.125,0.125,0.125,0.125
195,195.0,195.4,0.125,0.125,0.125,0.125,0.125,0.125,0.125,0.125
196,196.0,196.4,0.125,0.125,0.125,0.125,0.125,0.125,0.125,0.125
197,197.0,197.4,0.125,0.125,0.125,0.125,0.125,0.125,0.125,0.125
198,198.0,198.4,0.125,0.125,0.125,0.125,0.125,0.125,0.125,0.125
199,199.0,199.4,0.125,0.125,0.125,0.125,0.125,0.125,0.125,0.125
200,200.0,200.4,0.12222222222222223,0.12222222222222223,0.13333333333333333,0.12222222222222223,0.12222222222222223,0.12222222222222223,0.13333333333333336,0.12222222222222223
201,201.0,201.4,0.129315578465063,0.12820446735395188,0.129315578465063,0.11820446735395188,0.11820446735395188,0.12931557846506297,0.12820446735395188,0.11923539518900343
202,202.0,202.4,0.1246691403834261,0.13173984745413317,0.13355802927231497,0.11355802927231498,0.11355802927231498,0.1356895485466914,0.13264893836322408,0.1145784374355803
203,203.0,203.4,0.12923984745413317,0.12833075654504225,0.12923984745413317,0.12014893836322409,0.11014893836322408,0.13137136672850958,0.12923984745413314,0.12228045763760047
204,204.0,204.4,0.1284822716965574,0.1343913626056483,0.1284822716965574,0.11939136260564831,0.10939136260564833,0.1306137909709338,0.12772469593898164,0.12152288188002472
205,205.0,205.4,0.12705839120787574,0.13976764072124898,0.13524020938969392,0.11796748211696664,0.10796748211696663,0.12816950231898686,0.12371977106513188,0.12010952106312929
206,206.0,206.4,0.12562512883941454,0.14326891362605645,0.14340290661719232,0.11653421974850545,0.10653421974850545,0.135069573283859,0.1209900020614306,0.10857503607503607
207,207.0,207.4,0.11557823129251701,0.14659863945578233,0.1444671201814059,0.11557823129251701,0.105578231292517,0.14502267573696143,0.11955782312925167,0.10761904761904759
208,208.0,208.4,0.12159124605553177,0.14102074512788798,0.15010717457146025,0.11250033696462267,0.10250033696462268,0.14606677053105624,0.11542223649366505,0.11079115329115327
209,209.0,209.4,0.1199306843949701,0.13936018346732632,0.1462366007008864,0.110839775304061,0.10186018346732632,0.15045016491445062,0.11219181612038756,0.11913059163059161
210,210.0,210.4,0.11945449391877963,0.13888399299113585,0.15147469593898163,0.11036358482787052,0.10138399299113585,0.14854540300968871,0.1112394351680066,0.11865440115440114
211,211.0,211.4,0.11834447415329767,0.14053104575163397,0.17152629233511588,0.10935457516339868,0.09935457516339868,0.13709447415329767,0.10845662507427214,0.11533793820558527
212,212.0,212.4,0.11661972667855021,0.1365086155674391,0.17560368389780157,0.1076197266785502,0.10317528223410574,0.14114913844325608,0.10605763517528222,0.11326619132501485
213,213.0,213.4,0.11512414399334667,0.13821950616114242,0.19350798237718508,0.10611424300324765,0.10236749990788549,0.13833646522546988,0.10396265942383712,0.10236749990788549
214,214.0,214.4,0.11199283086203357,0.13889202078102544,0.18755104457814203,0.10389202078102548,0.10821545312425977,0.13929871934561877,0.11027579073696843,0.09988211979092645
215,215.0,215.4,0.11175473562393831,0.14127297316197784,0.18731294934004677,0.10365392554293022,0.1077392626480693,0.13906062410752354,0.10979960026077795,0.09940592931473599
216,216.0,216.4,0.09367729930887825,0.1512429558745348,0.18282083997873472,0.10301063264221155,0.10855608718766611,0.1453471557682084,0.11512227538543326,0.10022275385433281
217,217.0,217.4,0.09117688591601633,0.14676625789669268,0.18299739873652915,0.10486919360832403,0.10521701969528055,0.14820252694165734,0.1232460052025269,0.09752471200297286
218,218.0,218.4,0.08980525030525029,0.14358302808302806,0.18528876678876677,0.10349755799755797,0.10366422466422465,0.1456404151404151,0.13254884004884002,0.09597191697191695
219,219.0,219.4,0.08817249417249416,0.1441926961926962,0.18126495726495725,0.10956721056721055,0.10419269619269618,0.1502082362082362,0.1302292152292152,0.09217249417249415
220,220.0,220.4,0.08691974691974691,0.14124764124764122,0.18495726495726492,0.1072155622155622,0.10278610278610276,0.1484060384060384,0.13770174270174268,0.09076590076590076
221,221.0,221.4,0.0947210197210197,0.13748196248196248,0.18747715247715244,0.10568783068783065,0.10044492544492542,0.14568783068783067,0.13916546416546413,0.08933381433381431
222,222.0,222.4,0.09401978973407542,0.13891774891774888,0.19594310451453306,0.10280766852195425,0.1006524427952999,0.14369820655534937,0.13546072974644402,0.08850030921459491
223,223.0,223.4,0.0976296348578957,0.1391692546583851,0.19902965995357297,0.10103872576698662,0.09988354037267079,0.14176414768806073,0.13372270845096929,0.08776232825145866
224,224.0,224.4,0.09694264069264066,0.14283008658008656,0.20176587301587298,0.10110930735930732,0.0993777056277056,0.14211940836940834,0.12784090909090906,0.08801406926406925
225,225.0,225.4,0.09660930735930734,0.1424967532467532,0.2068492063492063,0.09452597402597401,0.09921103896103893,0.1449527417027417,0.1275075757575757,0.08784740259740258
226,226.0,226.4,0.10440405346287698,0.14259919165801518,0.19907268548445017,0.09426076537841241,0.09931347737230087,0.14552526558408913,0.12687472005119063,0.08794984100866451
227,227.0,227.4,0.09768409368409366,0.14757153957153954,0.2145885225885226,0.09185503385503384,0.09659351759351756,0.1423352203352203,0.12350116550116548,0.08587090687090684
228,228.0,228.4,0.09682118320276215,0.14655478293636187,0.2200317299659405,0.09054587955903744,0.09573060711218603,0.1434082072897862,0.12189961354435037,0.08500799638957532
229,229.0,229.4,0.09513883719766072,0.14830141536023886,0.2217180531886414,0.0975488346076581,0.09404826110708461,0.1389418751183457,0.12097707303589653,0.0833256503844739
230,230.0,230.4,0.09488340935602597,0.14631272716465413,0.2204044242888056,0.09716113163374825,0.09366968055609028,0.14119967478993845,0.11997360651518865,0.08639534569554852
231,231.0,231.4,0.07945177427936045,0.1461425547632444,0.2226584717964028,0.1092070764484557,0.09362266086404016,0.14347998744550466,0.11908914839949321,0.08634832600349837
232,232.0,232.4,0.07871304134462026,0.14712795975953868,0.22673802805381751,0.10792050055207944,0.0927689854005643,0.14434036723510402,0.11701140964298855,0.08537970801128693
233,233.0,233.4,0.07749467923380965,0.14590959764872807,0.2339483463396507,0.10554930576669705,0.09155062328975369,0.14183811357724396,0.1195479882436404,0.08416134590047632
234,234.0,234.4,0.07707542457542454,0.14549034299034297,0.23844627594627593,0.10476773226773224,0.09113136863136859,0.1409426684426684,0.11840409590409587,0.08374209124209121
235,235.0,235.4,0.07733333333333331,0.147030303030303,0.2432020202020202,0.09699999999999996,0.10036363636363635,0.1407676767676767,0.11030303030303028,0.08399999999999998
236,236.0,236.4,0.0768743318392687,0.14646377465451796,0.24923874084463143,0.09612577931652262,0.09990463486957173,0.13873062265769134,0.10912111731186062,0.08354099850593535
237,237.0,237.4,0.07538463649876691,0.14487327286240329,0.24684178743961355,0.09453527752440792,0.09841493952906995,0.1392570563494476,0.10753061551974594,0.09316241427654469
238,238.0,238.4,0.07496632996632993,0.14436026936026933,0.2487037037037037,0.09744107744107741,0.09799663299663297,0.1373400673400673,0.10644781144781142,0.09274410774410771
239,239.0,239.4,0.07735603938545113,0.14666085221967576,0.22422268907563025,0.09934483490365839,0.11149745352686527,0.1339935913759443,0.11179072234954586,0.09513381716322891
240,240.0,240.4,0.07886419136419134,0.1452278277278277,0.22979548229548227,0.09791181041181037,0.1101484626484626,0.1350208125208125,0.11035769785769782,0.09267371517371514
241,241.0,241.4,0.07880110630110629,0.14492664742664743,0.23699735449735448,0.09427729677729675,0.11040283790283786,0.13351491101491103,0.10791366041366038,0.09316618566618565
242,242.0,242.4,0.07748643740023049,0.1554055903193834,0.23393408522718864,0.09616459831977071,0.10916324407703717,0.13084531575910882,0.10598322796598655,0.09101750093129402
243,243.0,243.4,0.07724834216213525,0.15516749508128816,0.2370129029611788,0.09558167549546859,0.10892514883894192,0.1301146096835752,0.10517042008421315,0.09077940569319878
244,244.0,244.4,0.07702587275167919,0.1549450256708321,0.2366643675514643,0.09503662543985122,0.10870267942848585,0.1294323701581766,0.10763612271676785,0.09055693628274271
245,245.0,245.4,0.08004334586995876,0.1547366923374988,0.23040655732187987,0.09765087275167919,0.10849434609515254,0.13149663200066425,0.1068229506737571,0.09034860294940938
246,246.0,246.4,0.07960478848636743,0.15432781765018605,0.23500417710944027,0.09693433394091286,0.10822771891850838,0.1299021701982228,0.10591701792359684,0.09008197577276522
247,247.0,247.4,0.0796198866492984,0.16394156497097673,0.23720707070707067,0.0992517253987842,0.10883356186297362,0.1288234608528726,0.09520633941222174,0.08711639014580189
248,248.0,248.4,0.07928778737602264,0.16154474610356961,0.23812274326980204,0.09900875268522324,0.10843674299556652,0.12822398190045242,0.09480952054481465,0.09056572512454861
249,249.0,249.4,0.07906130362012713,0.1630276640570758,0.23940886455592336,0.0984461344755462,0.10806780909722083,0.1279974981445569,0.0939363849657967,0.09005434108375283
250,250.0,250.4,0.07868159618159616,0.16431929181929178,0.2416341991341991,0.09783300033300031,0.10763986013986011,0.1273656898656898,0.0930322455322455,0.08949411699411695
251,251.0,251.4,0.0804199153337084,0.15852389947217532,0.23539272030651337,0.11076179567558875,0.10933439166197785,0.12886591377970685,0.09472677705436323,0.081974586715966
252,252.0,252.4,0.08007974757974756,0.1563047838047838,0.23745495495495494,0.11019640269640267,0.11228768978768977,0.12830052080052076,0.09389629139629138,0.08147960897960896
253,253.0,253.4,0.07982997318735856,0.15752398263009465,0.23820091313724592,0.11001775205934797,0.11189398538719422,0.12783737514212895,0.09361011387751624,0.0810859045791134
254,254.0,254.4,0.07962389666549256,0.15738538249149453,0.24021973357711895,0.10959465689941068,0.11175538524859407,0.1274288694704654,0.09304477120691039,0.08094730444051326
255,255.0,255.4,0.07942821515402158,0.15725380354412613,0.2345078577336642,0.10919317241897886,0.11162380630122563,0.12960498283078925,0.09507243652404943,0.08331572549314484
256,256.0,256.4,0.07936411258991902,0.15718970098002355,0.24677281499862147,0.09776154848735492,0.10044859262601198,0.1295408802666867,0.10567072712234,0.08325162292904227
257,257.0,257.4,0.07680313698016292,0.15456462280616487,0.25037037597423123,0.100020773002677,0.10038761701625587,0.1294799046569306,0.10518292224429122,0.08319064731928619
258,258.0,258.4,0.0766840893611153,0.15444557518711727,0.25214737945855176,0.0996694373464633,0.10026856939720825,0.12911695459885858,0.10465737056020297,0.08301062409048246
259,259.0,259.4,0.07662601735182377,0.15438750317782576,0.24789918862499505,0.09961136533717177,0.10021049738791674,0.13377164949745593,0.10459929855091143,0.08289448007189941
260,260.0,260.4,0.07638707025241157,0.15414855607841355,0.24891056097357672,0.09902272916714024,0.10003565285260707,0.1348584115725901,0.1039727545522744,0.08266426455098622
261,261.0,261.4,0.07615941078765624,0.1539208966136582,0.2476055797948009,0.10090072638263037,0.09986896899760785,0.1334518473483855,0.1056478435018954,0.0824447265733654
262,262.0,262.4,0.07589195526695527,0.15183892496392498,0.24752254689754688,0.10358405483405482,0.09945797258297258,0.13206078643578642,0.10766053391053387,0.08198322510822509
263,263.0,263.4,0.07452709603619613,0.1617998233089234,0.24416176425529307,0.10195838567678805,0.09795909039842306,0.13412331096608143,0.10503449561336313,0.0804360337449316
264,264.0,264.4,0.07346604341285191,0.15982967977648826,0.2433188265635074,0.10982967977648825,0.09695089189770041,0.13193907156673113,0.10301149795830641,0.08165430904792606
265,265.0,265.4,0.07145202020202017,0.15705808080808076,0.2404040404040404,0.11690656565656561,0.09498737373737372,0.1371843434343434,0.10241161616161612,0.07959595959595958
266,266.0,266.4,0.0705827326369891,0.15896945248150945,0.2397377253323545,0.11516219835456223,0.093988142231657,0.13464598132756697,0.1007155580383567,0.08619820959700386
267,267.0,267.4,0.06989995882298758,0.16483383179190436,0.24137857476968866,0.11379121358407965,0.09335162188666565,0.1324288035007684,0.09939082673688429,0.0849251689070212
268,268.0,268.4,0.06942376834679712,0.1700719270299996,0.24090238429349814,0.1128388326316987,0.09287543141047519,0.13147642254838748,0.09843844578450335,0.08397278795464025
269,269.0,269.4,0.06888385238041056,0.1728513387947055,0.24307836319569737,0.11179821638520009,0.09502459107434073,0.12815688622321914,0.09739782953800473,0.08280892240842178
270,270.0,270.4,0.06839913285157338,0.17519108238444908,0.24543198179931597,0.10859375744544701,0.09430177630740832,0.12707827529166701,0.09924387564875672,0.08176011827138233
271,271.0,271.4,0.06831234333082159,0.1751042928636973,0.24462683306963892,0.1105776749954023,0.09421498678665655,0.1267737789494348,0.09875304572396454,0.0816370442803838
272,272.0,272.4,0.06815401847602423,0.17344446650739842,0.2437848877609176,0.11015103835055402,0.09383143670663395,0.12640581048876745,0.1029347130352463,0.08129362867445797
273,273.0,273.4,0.06807409497334402,0.1733645430047182,0.24305367803803352,0.10988610097183309,0.09375151320395372,0.126123866784067,0.1024385083114745,0.08330769471257579
274,274.0,274.4,0.06799730119974173,0.17537108256444928,0.2405700269373611,0.10963200223369181,0.09367471943035145,0.12551032252690572,0.10409043794212754,0.08315410716537122
275,275.0,275.4,0.06792345587213701,0.1752547202300418,0.2399345095725204,0.10938808887887622,0.09360087410274673,0.12521717895368698,0.10567475587982893,0.08300641651016179
276,276.0,276.4,0.06789320783825921,0.175224472196164,0.23866409214965292,0.1114855004194665,0.09357062606886893,0.12457167303923097,0.10564450784595114,0.08294592044240619
277,277.0,277.4,0.06779286140612774,0.1763332296047153,0.23736561596883643,0.11131403023200073,0.09325690837073461,0.12593246044695924,0.1053307901478168,0.08267410382280896
278,278.0,278.4,0.06848145016078144,0.1883207091793718,0.23856267929976133,0.11271945632887878,0.09374306797559073,0.1183567993978328,0.09993459681149648,0.07988124084628641
279,279.0,279.4,0.06832869511440938,0.18923314780457634,0.23792233560090698,0.11232529375386516,0.09344233147804575,0.11975546279117703,0.09945655534941245,0.07953617810760664
280,280.0,280.4,0.06773869642000958,0.190966651681937,0.23939726943689643,0.1135266091460756,0.09271192296118039,0.1183668413689976,0.09855607880533622,0.078735930179567
281,281.0,281.4,0.06759899175765685,0.18946773016210955,0.23876776885617637,0.11748844753996979,0.09243881859748368,0.11769652446174692,0.09811970913551707,0.07842200948933968
282,282.0,282.4,0.06754362077205331,0.18819419749322802,0.2403517421328679,0.11726696359755559,0.09221733465506951,0.11600180921384828,0.10022380658845173,0.0782005255469255
283,283.0,283.4,0.06749076664943174,0.18697855267293204,0.2402988880102463,0.11505554710706933,0.09200591816458326,0.118221682363954,0.10195953597534393,0.07798910905643926
284,284.0,284.4,0.06733538918988904,0.18563363272972921,0.23850951670990975,0.11459179175091343,0.09173824123979991,0.11890737086623501,0.10562828210463068,0.07765577540889276
285,285.0,285.4,0.06726147837264021,0.18449691998011325,0.23889643538574848,0.11437295339743273,0.09151940288631918,0.12072864916717671,0.10531282539366205,0.07741133541690719
286,286.0,286.4,0.0671150085350313,0.18325745904298335,0.2406669823548623,0.11393689359019903,0.09127188003232836,0.1197762620274018,0.10474655125775945,0.07922896315943426
287,287.0,287.4,0.06667899677353456,0.18515509350593384,0.2406636629010579,0.11508358937980782,0.09070288954742733,0.11903525162978942,0.10408890829058892,0.07859160797186004
288,288.0,288.4,0.06632888936460363,0.18774616256759113,0.24073313591170736,0.11440668458525598,0.09035278213849639,0.11847535401106828,0.10373880088165799,0.07821819053961908
289,289.0,289.4,0.06611190648508206,0.18497301552199827,0.2410063491106172,0.11735050718852132,0.09009809186832625,0.11874856720997806,0.10371035495537924,0.07800120766009752
290,290.0,290.4,0.06577333380904807,0.18719060701203558,0.24414147360575936,0.11637249655106796,0.08979722658294084,0.11791979845551273,0.10114242899957185,0.07766263498406353
291,291.0,291.4,0.06549442224442223,0.18448992673992676,0.2448013375513376,0.12021603396603393,0.089518315018315,0.11764088689088685,0.10049617049617048,0.07734290709290706
292,292.0,292.4,0.06545520655814771,0.18441149536737772,0.24218814682049977,0.12001995553466138,0.09099425084719201,0.11760167120461233,0.10206479794715087,0.07726447572035805
293,293.0,293.4,0.06539488496578047,0.18431346638436188,0.24153939551327613,0.12173188130277679,0.09091131505310607,0.11733782179677699,0.10162740244829793,0.07714383253562354
294,294.0,294.4,0.0651421502790835,0.18640539960837058,0.24219377258274752,0.12064837361549552,0.09065858036640911,0.11708508711008,0.10101182305913366,0.07685481337867986
295,295.0,295.4,0.06510720967810517,0.1863355184064139,0.2430323470062276,0.1204387300096255,0.09062363976543078,0.1170501465091017,0.10062747644837193,0.07678493217672319
296,296.0,296.4,0.0648451151346657,0.18296413666983632,0.24318728494742384,0.11941368206348109,0.09021204512344444,0.12085330233576483,0.10015279687091887,0.07837163685446473
297,297.0,297.4,0.06459138677388238,0.18481175241203776,0.24431236645601637,0.118507622031088,0.08999460123290784,0.11994671644148411,0.09971764615890187,0.07811790849368141
298,298.0,298.4,0.06433352603228377,0.18833586232033434,0.24248606592395414,0.11764493948655437,0.08975036821931229,0.11887614536372297,0.09928508241241159,0.07928801024142637
299,299.0,299.4,0.0641589759446902,0.1900074660788946,0.2427255945113088,0.11700885093742233,0.08955511419797131,0.11836141371855655,0.09911053232481801,0.07907205228633797
300,300.0,300.4,0.0641181596181596,0.19106869056869052,0.2426847781847782,0.11680476930476927,0.08939184889184887,0.11823896473896471,0.09886563436563434,0.0788271543271543
301,301.0,301.4,0.06415016900311014,0.19223074855427794,0.24670539155833274,0.11895911822382406,0.0893062112179759,0.1143463889052124,0.09556766218530921,0.0787343103519574
302,302.0,302.4,0.06412593761982545,0.19329315405119282,0.24840594202207272,0.1187437411998932,0.08911379633742107,0.11263309158140404,0.09523932109169948,0.07844501609649095
303,303.0,303.4,0.06392898506106051,0.19477066260085127,0.24936891899156052,0.11783722566741431,0.08889728196331967,0.11226008268461096,0.09476284372510783,0.07817399930607474
304,304.0,304.4,0.06379670992878536,0.19622568905587773,0.24923664385928537,0.11717585000603865,0.08876500683104453,0.11212780755233584,0.09463056859283271,0.0780417241737996
305,305.0,305.4,0.06379670992878536,0.19622568905587773,0.24923664385928537,0.11717585000603865,0.08876500683104453,0.11212780755233584,0.09463056859283271,0.0780417241737996
306,306.0,306.4,0.06360360271550898,0.19656963256507823,0.2479660955685679,0.11621031393965678,0.08846304620702795,0.11186213139856598,0.09580486057714421,0.07952031702844972
307,307.0,307.4,0.06364766714766712,0.1974266474266474,0.24845502645502648,0.11586459836459831,0.08828908128908126,0.11119480519480515,0.09594805194805191,0.07917412217412216
308,308.0,308.4,0.06358266879319509,0.19648856990962252,0.24911057947900056,0.11553960659223814,0.08812307283359913,0.11288064859117489,0.09543274853801166,0.07884210526315788
309,309.0,309.4,0.06348457641727939,0.1944247456288613,0.24748596966005199,0.11811622100554245,0.08806466299736597,0.11256827050097347,0.0970624238571958,0.07879312993272947
310,310.0,310.4,0.06327611591632028,0.1953798992632492,0.2493613954313107,0.11716919048050652,0.08789541818268136,0.11196765313726924,0.09635566514741487,0.07859466244124766
311,311.0,311.4,0.0631198642906389,0.19605630285207748,0.24971178567129276,0.11665695220272683,0.0876593506258999,0.11113571776423888,0.09747967115044577,0.07818035544267936
312,312.0,312.4,0.06297828310123389,0.19850734875325035,0.249220529015611,0.1159325965473506,0.08749820762115842,0.11079851842146922,0.09709218832169647,0.07797232821822983
313,313.0,313.4,0.06287927312425179,0.19827304432903942,0.25107218827699657,0.11561896901367379,0.08743548211442305,0.11033666374201978,0.09650121772458956,0.07788316167500584
314,314.0,314.4,0.06279014656453699,0.2024619926356348,0.24744770818192824,0.11508420965538502,0.08886150706985976,0.10923743617220397,0.09329266157485695,0.08082433814559406
315,315.0,315.4,0.0627061129510916,0.20355442961042472,0.24736367456848285,0.11458000797471275,0.08877747345641437,0.10915340255875858,0.09312459434796619,0.08074030453214867
316,316.0,316.4,0.06267371517371513,0.20471639471639466,0.24850066600066603,0.1141572316572316,0.08870879120879117,0.10756077256077252,0.09303640803640799,0.08064602064602061
317,317.0,317.4,0.06254095211052754,0.20742750269872906,0.24592227204845135,0.1134410334587221,0.08865199515553286,0.10749827466218971,0.0939138643207039,0.08060410554514326
318,318.0,318.4,0.06251691364898908,0.20737942577565213,0.24647515666383596,0.11332084115102978,0.08862795669399438,0.10747423620065125,0.09364944124378083,0.08055602862206632
319,319.0,319.4,0.062447032447032404,0.20716978216978213,0.2462695062695063,0.1131461381461381,0.08859301609301605,0.108518461018461,0.09333497583497578,0.080521088021088
320,320.0,320.4,0.06237969237969234,0.20696776196776195,0.2474479574479575,0.11297778797778793,0.08855934605934601,0.10814809064809058,0.09303194553194549,0.08048741798741796
321,321.0,321.4,0.062291447291447255,0.2067263367263367,0.24581958581958588,0.11421405171405166,0.08850356850356847,0.10776763776763772,0.09426904176904172,0.08040833040833037
322,322.0,322.4,0.06226883308972858,0.20668110832289935,0.24636232666083419,0.11407836650373959,0.08848095430184978,0.10774502356591906,0.09402028555013626,0.08036310200489302
323,323.0,323.4,0.06224871236538251,0.20664086687420719,0.2453965318922225,0.11405824577939352,0.08844071285315763,0.11069773986370576,0.0922144505400759,0.08030273983185479
324,324.0,324.4,0.06224871236538251,0.20664086687420719,0.24688906920565534,0.11405824577939352,0.08844071285315763,0.11069773986370576,0.09072191322664307,0.08030273983185479
325,325.0,325.4,0.0620929828903055,0.2073336076124634,0.24698000556108957,0.11334316717454551,0.08831631169888263,0.1102287271806087,0.09007822004736928,0.08162697783473519
326,326.0,326.4,0.06207167001733023,0.20729098186651282,0.24749151451249624,0.11321528993669383,0.08829499882590737,0.11020741430763344,0.08986509131761651,0.08156303921580936
327,327.0,327.4,0.060337404776764025,0.20908560928011727,0.24707014572003133,0.11313189099230288,0.08835594420834693,0.10926815556678253,0.09112744806680731,0.08162340138884759
328,328.0,328.4,0.06029658011867053,0.20900395996393026,0.2466000789425548,0.11299046271247896,0.08829441561650603,0.11042815906603894,0.09088541616525304,0.08150092741456713
329,329.0,329.4,0.060256897578987986,0.2089245948845652,0.24755190098592617,0.11285297109611414,0.0882346123524774,0.11014702783420346,0.09065011547220589,0.0813818797955195
330,330.0,330.4,0.060218309888461274,0.20884741950351177,0.24847746961842132,0.11271925402963609,0.08817646284661422,0.1098736983596392,0.09042126902977657,0.08126611672393934
331,331.0,331.4,0.06011329596765789,0.21101940042459147,0.2465891655581634,0.11218429988076703,0.08805242305062058,0.11089172528790406,0.09006366210223453,0.08108602772806087
332,332.0,332.4,0.060076766287292596,0.2109278294015136,0.24750191392296655,0.11205768011031166,0.087997381707908,0.11061503764135336,0.08984695224168905,0.08097643868696498
333,333.0,333.4,0.060076766287292596,0.21349193196561617,0.24750191392296655,0.11205768011031166,0.087997381707908,0.11061503764135336,0.08728284967758648,0.08097643868696498
334,334.0,334.4,0.059995119863540905,0.2117260750155487,0.2478939517097412,0.11406780156780154,0.08791573528415633,0.11051584735795257,0.08702576465734359,0.08085970454391506
335,335.0,335.4,0.05991705607880189,0.21004555720216822,0.2469785673508395,0.11353844324961138,0.0902766958896612,0.11042069539823066,0.08807552042147675,0.08074746440921021
336,336.0,336.4,0.05987987159039787,0.21232676680045098,0.24646914489019753,0.11306957662220815,0.09021897692950322,0.1094284224547382,0.08785518574992256,0.08075205496258125
337,337.0,337.4,0.059789246232362925,0.21299340010365725,0.24593870132097276,0.11256558286434619,0.09005395471067446,0.11048214698606787,0.0875860469222349,0.08059092085968347
338,338.0,338.4,0.059936886186886175,0.2068428568428568,0.25038450163450165,0.10941014441014438,0.09445322070322067,0.10859968359968356,0.08923985173985172,0.08113285488285486
339,339.0,339.4,0.0598683631183631,0.2075283605283605,0.250784447034447,0.109038591038591,0.09426566951566948,0.10831494431494429,0.08917132867132864,0.08102829577829578
340,340.0,340.4,0.0598683631183631,0.20567650867650866,0.250784447034447,0.109038591038591,0.09426566951566948,0.10831494431494429,0.08917132867132864,0.08288014763014762
341,341.0,341.4,0.059852931019597655,0.20564564447897776,0.25120111370111375,0.1089459984459984,0.09425023741690404,0.10828408011741342,0.08898614348614345,0.08283385133385132
342,342.0,342.4,0.059837875313485056,0.20561553306675254,0.25160761776615437,0.10885566420932269,0.09423518171079144,0.10825396870518818,0.08880547501279205,0.08278868421551347
343,343.0,343.4,0.059940921798925226,0.20629258365144768,0.2544768540250468,0.10912072491160267,0.09433822819623158,0.10736116057716742,0.08560718197465182,0.08286234486492661
344,344.0,344.4,0.059892612620181265,0.20701722133260708,0.25442854484630284,0.10878256066039493,0.0941933006599997,0.10731285139842346,0.08555887279590788,0.08281403568618265
345,345.0,345.4,0.06022514702995896,0.21149890215563852,0.2539493909443923,0.10883757425611158,0.0934593021577311,0.10407395723677257,0.08605374486802322,0.08190198135137158
346,346.0,346.4,0.06030026440085098,0.2117993716392066,0.2520714566720918,0.10891269162700361,0.09360953689951515,0.10505048305836881,0.08612886223891525,0.08212733346404763
347,347.0,347.4,0.06000296988043215,0.21092231062216796,0.251868147114079,0.10821475952509614,0.09692776827205782,0.10471483507854391,0.08581985915415627,0.08152935035346655
348,348.0,348.4,0.059913642254529664,0.21082714331099375,0.25098994972340305,0.10766874429534597,0.09654855196340949,0.10451376176860658,0.08838661038915194,0.08115159629455931
349,349.0,349.4,0.06008104254798037,0.21188756748066165,0.24852496372900532,0.10812892836897543,0.09671595225686021,0.1061184036253493,0.08725215660763933,0.08129098538352823
350,350.0,350.4,0.060026546330888886,0.21251326892402966,0.24770439364050484,0.1077611347398959,0.0977017977578513,0.10605022751769692,0.08703350170381734,0.081209129385315
351,351.0,351.4,0.05998733064461437,0.21536294212664403,0.24544295573200808,0.10748662493597431,0.09754493501275327,0.10601101183142243,0.08699428601754283,0.08116991369904049
352,352.0,352.4,0.06286829715374907,0.20071224028252033,0.25914228113583504,0.10861245270520685,0.08581047553463017,0.10699998021126578,0.08990967279766555,0.08594460017912706
353,353.0,353.4,0.06275250971340618,0.20133158498820097,0.2591941233188373,0.11041124909848825,0.08546487217035068,0.10616776431118871,0.08920079445688542,0.08547710194264238
354,354.0,354.4,0.07153828188712355,0.19999245299562834,0.2563353747658764,0.10881295131217994,0.08566985720850166,0.10463365466200163,0.0890946544991617,0.08392277266952655
355,355.0,355.4,0.06967736764055707,0.20008682644936884,0.263939901445425,0.10770796190053664,0.08449381323937463,0.10357860282838582,0.08781153022433696,0.08270399627201487
