,Unnamed: 0,Total_iterations,Intertwine_two,Add_vertex,Delete_vertex,Invert_path_vertices,Insert_inside_vertex,Delete_inside_vertex,Replace_inside_vertex,Donate_between_routes
0,0.0,0.0,0.125,0.125,0.125,0.125,0.125,0.125,0.125,0.125
1,1.0,0.10900000000000001,0.125,0.125,0.125,0.125,0.125,0.125,0.125,0.125
2,2.0,0.31601,0.125,0.125,0.125,0.125,0.125,0.125,0.125,0.125
3,3.0,0.6191589000000001,0.125,0.125,0.125,0.125,0.125,0.125,0.125,0.125
4,4.0,1.015801321,0.125,0.125,0.125,0.125,0.125,0.125,0.125,0.125
5,5.0,1.50262148669,0.125,0.125,0.125,0.125,0.125,0.125,0.125,0.125
6,6.0,2.0757334209441005,0.125,0.125,0.125,0.125,0.125,0.125,0.125,0.125
7,7.0,2.7307768275633495,0.125,0.125,0.125,0.125,0.125,0.125,0.125,0.125
8,8.0,3.4630081252450404,0.125,0.125,0.125,0.125,0.125,0.125,0.125,0.125
9,9.0,4.2673862119061114,0.125,0.125,0.125,0.125,0.125,0.125,0.125,0.125
10,10.0,5.138652627782014,0.125,0.125,0.125,0.125,0.125,0.125,0.125,0.125
11,11.0,6.071405875792507,0.125,0.125,0.125,0.125,0.125,0.125,0.125,0.125
12,12.0,7.060169740244025,0.125,0.125,0.125,0.125,0.125,0.125,0.125,0.125
13,13.0,8.099455520847952,0.125,0.125,0.125,0.125,0.125,0.125,0.125,0.125
14,14.0,9.183818168183006,0.125,0.125,0.125,0.125,0.125,0.125,0.125,0.125
15,15.0,10.307906369102724,0.125,0.125,0.125,0.125,0.125,0.125,0.125,0.125
16,16.0,11.466506686239443,0.125,0.125,0.125,0.125,0.125,0.125,0.125,0.125
17,17.0,12.654581904800096,0.125,0.125,0.125,0.125,0.125,0.125,0.125,0.125
18,18.0,13.867303782456686,0.125,0.125,0.125,0.125,0.125,0.125,0.125,0.125
19,19.0,15.100080434523047,0.125,0.125,0.125,0.125,0.125,0.125,0.125,0.125
20,20.0,16.348578617037543,0.125,0.125,0.125,0.125,0.125,0.125,0.125,0.125
21,21.0,17.608741195130214,0.125,0.125,0.125,0.125,0.125,0.125,0.125,0.125
22,22.0,18.876800103462312,0.125,0.125,0.125,0.125,0.125,0.125,0.125,0.125
23,23.0,20.14928511992658,0.125,0.125,0.125,0.125,0.125,0.125,0.125,0.125
24,24.0,21.423028783545156,0.125,0.125,0.125,0.125,0.125,0.125,0.125,0.125
25,25.0,22.695167792966423,0.125,0.125,0.125,0.125,0.125,0.125,0.125,0.125
26,26.0,23.963141223515898,0.125,0.125,0.125,0.125,0.125,0.125,0.125,0.125
27,27.0,25.224685898775267,0.125,0.125,0.125,0.125,0.125,0.125,0.125,0.125
28,28.0,26.477829247520948,0.125,0.125,0.125,0.125,0.125,0.125,0.125,0.125
29,29.0,27.720879968916847,0.125,0.125,0.125,0.125,0.125,0.125,0.125,0.125
30,30.0,28.95241681848399,0.125,0.125,0.125,0.125,0.125,0.125,0.125,0.125
31,31.0,30.17127581490958,0.125,0.125,0.125,0.125,0.125,0.125,0.125,0.125
32,32.0,31.376536153543515,0.125,0.125,0.125,0.125,0.125,0.125,0.125,0.125
33,33.0,32.567505096778625,0.125,0.125,0.125,0.125,0.125,0.125,0.125,0.125
34,34.0,33.74370209472243,0.125,0.125,0.125,0.125,0.125,0.125,0.125,0.125
35,35.0,34.90484237192463,0.125,0.125,0.125,0.125,0.125,0.125,0.125,0.125
36,36.0,36.05082019768737,0.125,0.125,0.125,0.125,0.125,0.125,0.125,0.125
37,37.0,37.18169203889697,0.125,0.125,0.125,0.125,0.125,0.125,0.125,0.125
38,38.0,38.29765977559663,0.125,0.125,0.125,0.125,0.125,0.125,0.125,0.125
39,39.0,39.399054140870355,0.125,0.125,0.125,0.125,0.125,0.125,0.125,0.125
40,40.0,40.48631852820801,0.125,0.125,0.125,0.125,0.125,0.125,0.125,0.125
41,41.0,41.55999329152982,0.125,0.125,0.125,0.125,0.125,0.125,0.125,0.125
42,42.0,42.62070064560415,0.125,0.125,0.125,0.125,0.125,0.125,0.125,0.125
43,43.0,43.669130257815,0.125,0.125,0.125,0.125,0.125,0.125,0.125,0.125
44,44.0,44.70602560622662,0.125,0.125,0.125,0.125,0.125,0.125,0.125,0.125
45,45.0,45.73217116373481,0.125,0.125,0.125,0.125,0.125,0.125,0.125,0.125
46,46.0,46.748380453854836,0.125,0.125,0.125,0.125,0.125,0.125,0.125,0.125
47,47.0,47.755485010424316,0.125,0.125,0.125,0.125,0.125,0.125,0.125,0.125
48,48.0,48.7543242612326,0.125,0.125,0.125,0.125,0.125,0.125,0.125,0.125
49,49.0,49.745736344347726,0.125,0.125,0.125,0.125,0.125,0.125,0.125,0.125
50,50.0,50.730549855707864,0.125,0.125,0.125,0.125,0.125,0.125,0.125,0.125
51,51.0,51.70957651737491,0.125,0.125,0.125,0.125,0.125,0.125,0.125,0.125
52,52.0,52.68360474770151,0.125,0.125,0.125,0.125,0.125,0.125,0.125,0.125
53,53.0,53.65339410751842,0.125,0.125,0.125,0.125,0.125,0.125,0.125,0.125
54,54.0,54.61967059027847,0.125,0.125,0.125,0.125,0.125,0.125,0.125,0.125
55,55.0,55.58312271885972,0.125,0.125,0.125,0.125,0.125,0.125,0.125,0.125
56,56.0,56.544398407394254,0.125,0.125,0.125,0.125,0.125,0.125,0.125,0.125
57,57.0,57.504102543001395,0.125,0.125,0.125,0.125,0.125,0.125,0.125,0.125
58,58.0,58.462795239617805,0.125,0.125,0.125,0.125,0.125,0.125,0.125,0.125
59,59.0,59.42099071417639,0.125,0.125,0.125,0.125,0.125,0.125,0.125,0.125
60,60.0,60.379156734137354,0.125,0.125,0.125,0.125,0.125,0.125,0.125,0.125
61,61.0,61.337714584760846,0.125,0.125,0.125,0.125,0.125,0.125,0.125,0.125
62,62.0,62.30703950447439,0.125,0.125,0.125,0.125,0.125,0.125,0.125,0.125
63,63.0,63.277361537171835,0.125,0.125,0.125,0.125,0.125,0.125,0.125,0.125
64,64.0,64.24887775122782,0.125,0.125,0.125,0.125,0.125,0.125,0.125,0.125
65,65.0,65.22175356636592,0.125,0.125,0.125,0.125,0.125,0.125,0.125,0.125
66,66.0,66.19612426432656,0.125,0.125,0.125,0.125,0.125,0.125,0.125,0.125
67,67.0,67.17209664984786,0.125,0.125,0.125,0.125,0.125,0.125,0.125,0.125
68,68.0,68.14975083031855,0.125,0.125,0.125,0.125,0.125,0.125,0.125,0.125
69,69.0,69.129142084439,0.125,0.125,0.125,0.125,0.125,0.125,0.125,0.125
70,70.0,70.110302792303,0.125,0.125,0.125,0.125,0.125,0.125,0.125,0.125
71,71.0,71.09324440145758,0.125,0.125,0.125,0.125,0.125,0.125,0.125,0.125
72,72.0,72.07795940568212,0.125,0.125,0.125,0.125,0.125,0.125,0.125,0.125
73,73.0,73.06442331542739,0.125,0.125,0.125,0.125,0.125,0.125,0.125,0.125
74,74.0,74.05259660104386,0.125,0.125,0.125,0.125,0.125,0.125,0.125,0.125
75,75.0,75.04242659208825,0.125,0.125,0.125,0.125,0.125,0.125,0.125,0.125
76,76.0,76.03384931810731,0.125,0.125,0.125,0.125,0.125,0.125,0.125,0.125
77,77.0,77.0267912783434,0.125,0.125,0.125,0.125,0.125,0.125,0.125,0.125
78,78.0,78.02117112977244,0.125,0.125,0.125,0.125,0.125,0.125,0.125,0.125
79,79.0,79.02690128476085,0.125,0.125,0.125,0.125,0.125,0.125,0.125,0.125
80,80.0,80.03378941140281,0.125,0.125,0.125,0.125,0.125,0.125,0.125,0.125
81,81.0,81.04165083126655,0.125,0.125,0.125,0.125,0.125,0.125,0.125,0.125
82,82.0,82.05030960083126,0.125,0.125,0.125,0.125,0.125,0.125,0.125,0.125
83,83.0,83.05959939743119,0.125,0.125,0.125,0.125,0.125,0.125,0.125,0.125
84,84.0,84.0693642203968,0.125,0.125,0.125,0.125,0.125,0.125,0.125,0.125
85,85.0,85.0894589188619,0.125,0.125,0.125,0.125,0.125,0.125,0.125,0.125
86,86.0,86.10964955829185,0.125,0.125,0.125,0.125,0.125,0.125,0.125,0.125
87,87.0,87.1297246381959,0.125,0.125,0.125,0.125,0.125,0.125,0.125,0.125
88,88.0,88.14949496372756,0.125,0.125,0.125,0.125,0.125,0.125,0.125,0.125
89,89.0,89.1687933070688,0.125,0.125,0.125,0.125,0.125,0.125,0.125,0.125
90,90.0,90.18747388300523,0.125,0.125,0.125,0.125,0.125,0.125,0.125,0.125
91,91.0,91.20541166251795,0.125,0.125,0.125,0.125,0.125,0.125,0.125,0.125
92,92.0,92.23250154745422,0.125,0.125,0.125,0.125,0.125,0.125,0.125,0.125
93,93.0,93.25855742842232,0.125,0.125,0.125,0.125,0.125,0.125,0.125,0.125
94,94.0,94.28342214700939,0.125,0.125,0.125,0.125,0.125,0.125,0.125,0.125
95,95.0,95.30696617226768,0.125,0.125,0.125,0.125,0.125,0.125,0.125,0.125
96,96.0,96.32908613327744,0.125,0.125,0.125,0.125,0.125,0.125,0.125,0.125
97,97.0,97.34970323685346,0.125,0.125,0.125,0.125,0.125,0.125,0.125,0.125
98,98.0,98.36876159770334,0.125,0.125,0.125,0.125,0.125,0.125,0.125,0.125
99,99.0,99.3862265064912,0.125,0.125,0.125,0.125,0.125,0.125,0.125,0.125
100,100.0,100.40208265933538,0.125,0.125,0.125,0.125,0.125,0.125,0.125,0.125
101,101.0,101.41633237030177,0.125,0.125,0.125,0.125,0.125,0.125,0.125,0.125
102,102.0,102.42899378646851,0.125,0.125,0.125,0.125,0.125,0.125,0.125,0.125
103,103.0,103.44009912315389,0.125,0.125,0.125,0.125,0.125,0.125,0.125,0.125
104,104.0,104.44969293493918,0.125,0.125,0.125,0.125,0.125,0.125,0.125,0.125
105,105.0,105.45783043619657,0.125,0.125,0.125,0.125,0.125,0.125,0.125,0.125
106,106.0,106.46457588296626,0.125,0.125,0.125,0.125,0.125,0.125,0.125,0.125
107,107.0,107.47000102622931,0.125,0.125,0.125,0.125,0.125,0.125,0.125,0.125
108,108.0,108.47418364490376,0.125,0.125,0.125,0.125,0.125,0.125,0.125,0.125
109,109.0,109.47720616526173,0.125,0.125,0.125,0.125,0.125,0.125,0.125,0.125
110,110.0,110.4791543719313,0.125,0.125,0.125,0.125,0.125,0.125,0.125,0.125
111,111.0,111.48011621421459,0.125,0.125,0.125,0.125,0.125,0.125,0.125,0.125
112,112.0,112.4801807101274,0.125,0.125,0.125,0.125,0.125,0.125,0.125,0.125
113,113.0,113.47943694934766,0.125,0.125,0.125,0.125,0.125,0.125,0.125,0.125
114,114.0,114.47797319515242,0.125,0.125,0.125,0.125,0.125,0.125,0.125,0.125
115,115.0,115.47587608442518,0.125,0.125,0.125,0.125,0.125,0.125,0.125,0.125
116,116.0,116.47322992392641,0.125,0.125,0.125,0.125,0.125,0.125,0.125,0.125
117,117.0,117.47011608023826,0.125,0.125,0.125,0.125,0.125,0.125,0.125,0.125
118,118.0,118.46661246011654,0.125,0.125,0.125,0.125,0.125,0.125,0.125,0.125
119,119.0,119.46279307740582,0.125,0.125,0.125,0.125,0.125,0.125,0.125,0.125
120,120.0,120.45872770219212,0.125,0.125,0.125,0.125,0.125,0.125,0.125,0.125
121,121.0,121.45448158747786,0.125,0.125,0.125,0.125,0.125,0.125,0.125,0.125
122,122.0,122.45011526836026,0.125,0.125,0.125,0.125,0.125,0.125,0.125,0.125
123,123.0,123.44568442847083,0.125,0.125,0.125,0.125,0.125,0.125,0.125,0.125
124,124.0,124.44123982828562,0.125,0.125,0.125,0.125,0.125,0.125,0.125,0.125
125,125.0,125.43682728983607,0.125,0.125,0.125,0.125,0.125,0.125,0.125,0.125
126,126.0,126.43248773233313,0.125,0.125,0.125,0.125,0.125,0.125,0.125,0.125
127,127.0,127.42825725325716,0.125,0.125,0.125,0.125,0.125,0.125,0.125,0.125
128,128.0,128.42416724955618,0.125,0.125,0.125,0.125,0.125,0.125,0.125,0.125
129,129.0,129.42024457372975,0.125,0.125,0.125,0.125,0.125,0.125,0.125,0.125
130,130.0,130.41651171974868,0.125,0.125,0.125,0.125,0.125,0.125,0.125,0.125
131,131.0,131.41298703396825,0.125,0.125,0.125,0.125,0.125,0.125,0.125,0.125
132,132.0,132.40968494642615,0.125,0.125,0.125,0.125,0.125,0.125,0.125,0.125
133,133.0,133.406616218174,0.125,0.125,0.125,0.125,0.125,0.125,0.125,0.125
134,134.0,134.40378820056534,0.125,0.125,0.125,0.125,0.125,0.125,0.125,0.125
135,135.0,135.40120510271188,0.125,0.125,0.125,0.125,0.125,0.125,0.125,0.125
136,136.0,136.39886826361663,0.125,0.125,0.125,0.125,0.125,0.125,0.125,0.125
137,137.0,137.39677642579477,0.125,0.125,0.125,0.125,0.125,0.125,0.125,0.125
138,138.0,138.39492600749713,0.125,0.125,0.125,0.125,0.125,0.125,0.125,0.125
139,139.0,139.39331137095428,0.125,0.125,0.125,0.125,0.125,0.125,0.125,0.125
140,140.0,140.39192508435616,0.125,0.125,0.125,0.125,0.125,0.125,0.125,0.125
141,141.0,141.39075817557432,0.125,0.125,0.125,0.125,0.125,0.125,0.125,0.125
142,142.0,142.38980037591492,0.125,0.125,0.125,0.125,0.125,0.125,0.125,0.125
143,143.0,143.3890403524623,0.125,0.125,0.125,0.125,0.125,0.125,0.125,0.125
144,144.0,144.38846592783034,0.125,0.125,0.125,0.125,0.125,0.125,0.125,0.125
145,145.0,145.38806428638327,0.125,0.125,0.125,0.125,0.125,0.125,0.125,0.125
146,146.0,146.38782216621706,0.125,0.125,0.125,0.125,0.125,0.125,0.125,0.125
147,147.0,147.3877260364053,0.125,0.125,0.125,0.125,0.125,0.125,0.125,0.125
148,148.0,148.38776225921066,0.125,0.125,0.125,0.125,0.125,0.125,0.125,0.125
149,149.0,149.38791723714337,0.125,0.125,0.125,0.125,0.125,0.125,0.125,0.125
150,150.0,150.3881775449114,0.125,0.125,0.125,0.125,0.125,0.125,0.125,0.125
151,151.0,151.38853004645347,0.125,0.125,0.125,0.125,0.125,0.125,0.125,0.125
152,152.0,152.38896199737684,0.125,0.125,0.125,0.125,0.125,0.125,0.125,0.125
153,153.0,153.38946113323408,0.125,0.125,0.125,0.125,0.125,0.125,0.125,0.125
154,154.0,154.39001574417327,0.125,0.125,0.125,0.125,0.125,0.125,0.125,0.125
155,155.0,155.3906147365768,0.125,0.125,0.125,0.125,0.125,0.125,0.125,0.125
156,156.0,156.39124768237423,0.125,0.125,0.125,0.125,0.125,0.125,0.125,0.125
157,157.0,157.39190485676818,0.125,0.125,0.125,0.125,0.125,0.125,0.125,0.125
158,158.0,158.39257726515504,0.125,0.125,0.125,0.125,0.125,0.125,0.125,0.125
159,159.0,159.39325666005166,0.125,0.125,0.125,0.125,0.125,0.125,0.125,0.125
160,160.0,160.3939355488581,0.125,0.125,0.125,0.125,0.125,0.125,0.125,0.125
161,161.0,161.39460719329531,0.125,0.125,0.125,0.125,0.125,0.125,0.125,0.125
162,162.0,162.39526560135587,0.125,0.125,0.125,0.125,0.125,0.125,0.125,0.125
163,163.0,163.3959055125968,0.125,0.125,0.125,0.125,0.125,0.125,0.125,0.125
164,164.0,164.39652237758767,0.125,0.125,0.125,0.125,0.125,0.125,0.125,0.125
165,165.0,165.39711233230358,0.125,0.125,0.125,0.125,0.125,0.125,0.125,0.125
166,166.0,166.39767216822486,0.125,0.125,0.125,0.125,0.125,0.125,0.125,0.125
167,167.0,167.39819929887176,0.125,0.125,0.125,0.125,0.125,0.125,0.125,0.125
168,168.0,168.39869172346525,0.125,0.125,0.125,0.125,0.125,0.125,0.125,0.125
169,169.0,169.39914798836475,0.125,0.125,0.125,0.125,0.125,0.125,0.125,0.125
170,170.0,170.39956714689063,0.125,0.125,0.125,0.125,0.125,0.125,0.125,0.125
171,171.0,171.399948718095,0.125,0.125,0.125,0.125,0.125,0.125,0.125,0.125
172,172.0,172.40029264499802,0.125,0.125,0.125,0.125,0.125,0.125,0.125,0.125
173,173.0,173.40059925276077,0.125,0.125,0.125,0.125,0.125,0.125,0.125,0.125
174,174.0,174.4008692072196,0.125,0.125,0.125,0.125,0.125,0.125,0.125,0.125
175,175.0,175.40110347416038,0.125,0.125,0.125,0.125,0.125,0.125,0.125,0.125
176,176.0,176.40130327966546,0.125,0.125,0.125,0.125,0.125,0.125,0.125,0.125
177,177.0,177.40147007182338,0.125,0.125,0.125,0.125,0.125,0.125,0.125,0.125
178,178.0,178.40160548404728,0.125,0.125,0.125,0.125,0.125,0.125,0.125,0.125
179,179.0,179.40171130020832,0.125,0.125,0.125,0.125,0.125,0.125,0.125,0.125
180,180.0,180.40178942175115,0.125,0.125,0.125,0.125,0.125,0.125,0.125,0.125
181,181.0,181.4018418369222,0.125,0.125,0.125,0.125,0.125,0.125,0.125,0.125
182,182.0,182.40187059220693,0.125,0.125,0.125,0.125,0.125,0.125,0.125,0.125
183,183.0,183.40187776604114,0.125,0.125,0.125,0.125,0.125,0.125,0.125,0.125
184,184.0,184.4018654448315,0.125,0.125,0.125,0.125,0.125,0.125,0.125,0.125
185,185.0,185.4018357012945,0.125,0.125,0.125,0.125,0.125,0.125,0.125,0.125
186,186.0,186.40179057509823,0.125,0.125,0.125,0.125,0.125,0.125,0.125,0.125
187,187.0,187.40173205577062,0.125,0.125,0.125,0.125,0.125,0.125,0.125,0.125
188,188.0,188.4016620678181,0.125,0.125,0.125,0.125,0.125,0.125,0.125,0.125
189,189.0,189.40158245798264,0.125,0.125,0.125,0.125,0.125,0.125,0.125,0.125
190,190.0,190.40149498455088,0.125,0.125,0.125,0.125,0.125,0.125,0.125,0.125
191,191.0,191.4014013086168,0.125,0.125,0.125,0.125,0.125,0.125,0.125,0.125
192,192.0,192.40130298718998,0.125,0.125,0.125,0.125,0.125,0.125,0.125,0.125
193,193.0,193.40120146803395,0.125,0.125,0.125,0.125,0.125,0.125,0.125,0.125
194,194.0,194.40109808611317,0.125,0.125,0.125,0.125,0.125,0.125,0.125,0.125
195,195.0,195.40099406152333,0.125,0.125,0.125,0.125,0.125,0.125,0.125,0.125
196,196.0,196.40089049877724,0.125,0.125,0.125,0.125,0.125,0.125,0.125,0.125
197,197.0,197.400788387318,0.125,0.125,0.125,0.125,0.125,0.125,0.125,0.125
198,198.0,198.4006886031315,0.125,0.125,0.125,0.125,0.125,0.125,0.125,0.125
199,199.0,199.40059191133233,0.125,0.125,0.125,0.125,0.125,0.125,0.125,0.125
200,200.0,200.40049896959974,0.12472222222222223,0.12472222222222223,0.12583333333333332,0.12472222222222223,0.12472222222222223,0.12472222222222223,0.12583333333333335,0.12472222222222223
201,201.0,201.4004103323444,0.1251565578465063,0.1250454467353952,0.12625655784650627,0.12404544673539519,0.12404544673539519,0.1251565578465063,0.12614544673539518,0.12414853951890034
202,202.0,202.40032645549115,0.12512440630638388,0.12572147701345457,0.1270922951952727,0.12291329519527273,0.12291329519527273,0.12622644712271042,0.12689138610436365,0.12311739786726937
203,203.0,203.40024770176834,0.1255479879681148,0.12604917887720568,0.12747729796811477,0.12245989705902385,0.12145989705902385,0.1268521603037157,0.12727939796811477,0.12287418279668663
204,204.0,204.40017434640012,0.12589037248277526,0.12697298693732068,0.1277656683827752,0.12195297157368429,0.1199629715736843,0.12738473665511083,0.1274966979888358,0.12257359440581372
205,205.0,205.4001065831047,0.12608204948923932,0.12841622575966752,0.12870816155842107,0.12132873449833016,0.11836763449833017,0.12765191704933,0.12729405549960124,0.12215122164708067
206,206.0,206.4000445303078,0.1261209959753972,0.13017878213987624,0.13043799561756492,0.12058998236985169,0.1166845033698517,0.128587562353311,0.12680295751457532,0.1205972206595721
207,207.0,207.39998823748752,0.1251463993868897,0.13222895677989846,0.13223091673721202,0.11978894898240876,0.11497258367240877,0.13048977348150964,0.12615962188030264,0.11898279907937018
208,208.0,208.3999376915744,0.12477488225259073,0.13366002134988786,0.1345309132183418,0.11871812232402178,0.11303012298812179,0.13245150199885242,0.12510104315838805,0.1177333927097958
209,209.0,209.3998928233368,0.1242426243036949,0.13485553053460214,0.13636961527783237,0.11752614431182333,0.11111259516229888,0.13479154978812238,0.12372849220468994,0.11737344841693625
210,210.0,210.39985351368964,0.12367285370298234,0.1359289162825532,0.13864692650941396,0.11633888136314806,0.10924667695448947,0.13686370275925244,0.12228259149028053,0.11701945093788016
211,211.0,211.39981959987028,0.12300687458795083,0.1370892194988448,0.14282994395174647,0.11510969077754035,0.10728578194505375,0.13770036455013476,0.12059256827471587,0.1163855564140133
212,212.0,212.39979088143417,0.1221883946326012,0.13776566763761566,0.147289362289948,0.11377238324586715,0.10582373507581577,0.1388527676869563,0.11871028895880426,0.11559740047239181
213,213.0,213.3997671260273,0.12124651772472567,0.13853298950117798,0.15337641185834627,0.11235673153415784,0.10440063013246245,0.13963162689588007,0.11668021346150408,0.11377487889174577
214,214.0,214.39974807490088,0.12002447345719257,0.13928769580697203,0.1586603783951888,0.11079799788608816,0.10368429970283613,0.14041587397922228,0.11535728310487037,0.11177199766762982
215,215.0,215.39973344813808,0.11882050766665167,0.14020106997002243,0.1636810454163671,0.10930226830796527,0.10303729480276763,0.1410867152840847,0.11406821181260196,0.1098028867395394
216,216.0,216.39972294957016,0.11585853710323173,0.14203082401994305,0.16798675383853318,0.10783529896993248,0.10258369252511867,0.14229886471276373,0.11339762904650769,0.10800839978396966
217,217.0,217.39971627136336,0.11272090987892404,0.14332205418563332,0.17202788815566405,0.106652635999037,0.10190126767262153,0.14370581922647424,0.11362372400212147,0.10604570087952453
218,218.0,218.3997130982636,0.10954444157634145,0.1442002803904987,0.17600374095211427,0.10543324134024734,0.10116496332249511,0.1447608341858413,0.11485371575880922,0.10403878247365281
219,219.0,219.39971311149117,0.1063249525780306,0.14504547826276964,0.17927247777490501,0.104923394570875,0.10058012917364577,0.1461759255655995,0.11590569710076604,0.1017719449734086
220,220.0,220.39971599228105,0.10312061317022074,0.14550312303260726,0.182603496479548,0.10427580580323842,0.09994924476921253,0.14730961113358845,0.1177429682370644,0.09949513737452036
221,221.0,221.39972142506917,0.10085482632081441,0.1454958806310436,0.1858769397504926,0.10356960032371557,0.09917569965127379,0.14806907164568223,0.11974247215075186,0.09721550952622608
222,222.0,222.3997291003278,0.09868415709165634,0.14555280193172412,0.18968563602534744,0.10266718147919851,0.0985129530381029,0.14852981128374,0.12136578215131569,0.09500167699891518
223,223.0,223.39973871705726,0.09704489562422029,0.14556283114626045,0.1934846929015126,0.10167951511406396,0.09786098574155815,0.1487027550239792,0.12279390849822694,0.09287041595017853
224,224.0,224.3997499849432,0.0955067082793391,0.14587400486663454,0.19723291506681187,0.10079126565120416,0.09724385724648248,0.14882454438497006,0.12360033027396848,0.09092637423058941
225,225.0,225.39976262619112,0.09410336565974571,0.1460902886987724,0.20115997792840518,0.09933668821837804,0.09669311341805994,0.14915043678303955,0.12433518232697192,0.08913094696662734
226,226.0,226.39977637705232,0.09364489132946424,0.1462592526343025,0.20397357470157154,0.09795294052215434,0.09623286706903564,0.14945901537863387,0.12496498753834255,0.08751247082649541
227,227.0,227.39979098905692,0.09266786007566671,0.14687195435786915,0.2080083866156573,0.09643007269177772,0.09557745548006809,0.14937839409183645,0.1252135540987021,0.08585232258842261
228,228.0,228.3998062299705,0.09175240323520005,0.14732870609769808,0.21224983943580492,0.0948828258264717,0.09491145462299864,0.1493427018916092,0.1252599849213688,0.08427208396884878
229,229.0,229.39982188449298,0.09081094527794553,0.14790670667431843,0.21631359820150922,0.094147229689884,0.09415201077601787,0.14880460074824237,0.1251759148971533,0.08268899373492945
230,230.0,230.3998377547183,0.08998136925145014,0.1482319854605775,0.21989366275053082,0.09348043891874182,0.09342961576194642,0.14844746243007254,0.12495791680467597,0.08157754862200498
231,231.0,231.39985366037388,0.0877406077209835,0.14848852654511047,0.22334623321079275,0.09412172863333466,0.09277715892801852,0.148281591332875,0.12462342960698196,0.08062072402190334
232,232.0,232.39986943886018,0.08556716071567326,0.14879449430300087,0.22685462463662606,0.09472108526498182,0.09211303525049605,0.1481703292854834,0.124059274441332,0.0797199961024067
233,233.0,233.39988494510925,0.08342068100610246,0.14893136372858656,0.2307320427826313,0.09515538090779699,0.09140004723114545,0.1477816684565412,0.12373471400432877,0.07884410188286745
234,234.0,234.39990005128232,0.08138766378392731,0.14898240308497657,0.2347036751102687,0.09557202888502317,0.09071793830847748,0.14728289364824268,0.12328635311946454,0.0780670440596197
235,235.0,235.39991464632524,0.07954061676767553,0.14914741390877728,0.23879114463907686,0.0952621958715806,0.09103140135453199,0.14675309490121907,0.12202389919082648,0.07745023336631232
236,236.0,236.3999286354006,0.07781030146929903,0.14921809970383468,0.24311764803489477,0.09491330213241873,0.09136094029666562,0.14601271643656388,0.1206522906670573,0.0769147012592661
237,237.0,237.39994193921447,0.0760946884704097,0.14909512348968168,0.24683301667872648,0.09445237235980262,0.0915939927562648,0.14532619824976112,0.1191434810829016,0.07746112691245213
238,238.0,238.3999544932548,0.07450170559844918,0.1488909260404578,0.2503631277921929,0.09432894460776112,0.09183011878438839,0.14445594156169747,0.11756114339433646,0.07806809222071678
239,239.0,239.39996624695854,0.07331163819927564,0.1488919000552951,0.25107553209062045,0.09443935670551504,0.0934543794048453,0.14326690420381158,0.11656019724533603,0.079000092095301
240,240.0,240.39997716282232,0.07243183674975522,0.14872716374110764,0.25200544685104054,0.09444447992629021,0.09496174561663646,0.14220675956792242,0.11546834851309294,0.0797542190341547
241,241.0,241.39998721547153,0.07169803048502271,0.14851378966808812,0.25334045771005026,0.09412031276639168,0.09649567990300428,0.14103017977456095,0.11419017440311646,0.08061137528976568
242,242.0,242.39999639070106,0.0709771687148367,0.14933377586922975,0.25407220952401544,0.09401886231683945,0.09789133295815361,0.13962914574735888,0.11278400931947569,0.0812934955500906
243,243.0,243.40000468450066,0.0703696762847137,0.1501086720709492,0.25483728668701483,0.09389072198984155,0.09923633029516729,0.13820730621544114,0.11136917214248676,0.08198083431438555
244,244.0,244.40001210207527,0.06986947281533161,0.1508344199415545,0.25531275875548454,0.093737800225038,0.10052146914287177,0.13677849971885667,0.11028040142586946,0.08266517797499352
245,245.0,245.40001865687165,0.06979260100407916,0.1515078657490587,0.2549284186821086,0.09387458362004572,0.1017390728753286,0.13562553876057262,0.10919274778952182,0.08333917151928485
246,246.0,246.4000243696197,0.06978206808425164,0.15210536777296563,0.254797055981224,0.09396379768579237,0.10287580624907357,0.13438713865027374,0.10809956827063526,0.08398919730578389
247,247.0,247.40002926739677,0.0698723254767211,0.15362671882533313,0.2547011901214731,0.09430553485330269,0.10401296970658491,0.13311985793194922,0.10602281334902944,0.0843385897356065
248,248.0,248.40003338272217,0.07001782281434184,0.1548594013471796,0.2545315369098264,0.09463826293816069,0.1050449408531683,0.13187639341942436,0.10400588729347543,0.08502575442442346
249,249.0,249.40003675268778,0.07021882168822774,0.15618396085975594,0.25434337321155626,0.09492516129103581,0.10597073951668276,0.13069810286737274,0.10201137661808841,0.08564846394728041
250,250.0,250.40003941812995,0.07045017475019096,0.15757366422926947,0.25424721425438435,0.09515726612621395,0.10678213411391509,0.12954745449541138,0.10004515315036205,0.08619693888025282
251,251.0,251.40004142284658,0.07091453863548312,0.1583123143030202,0.2534103931589592,0.09668579735420098,0.1076904196638954,0.12864007570575067,0.09837487610543894,0.08597158507325152
252,252.0,252.40004281286312,0.07139350312383223,0.15875730365434826,0.2526833009093963,0.09814569614468457,0.10881964619142971,0.127769153877877,0.0967520972086902,0.0856792988897418
253,253.0,253.40004363574937,0.07188645616866671,0.15925518875457897,0.2519512302434743,0.09956224705793151,0.10983126006212363,0.12694432333617792,0.09523442039161484,0.08533487398543216
254,254.0,254.4000439399895,0.07238894142701804,0.15967211326968173,0.2513567455170696,0.10089938841387419,0.11074847978513884,0.1261700557995419,0.09379573392404544,0.08496854186363029
255,255.0,255.40004377440573,0.0728939595607719,0.16001132013075553,0.25013915155956035,0.1021496198710348,0.11157088869575024,0.12570341448931113,0.09269617300777554,0.08483547268504057
256,256.0,256.40004318763624,0.0734074081806726,0.1602826208834454,0.2501134997860388,0.10220210131479639,0.11119406452383389,0.12531604273710795,0.09279015987812443,0.08469410269598063
257,257.0,257.40004222766737,0.07367298142170009,0.16023335454444618,0.25041676243955624,0.10243085153743961,0.11074137048915535,0.12500355897444526,0.0929547732460757,0.08454634734718168
258,258.0,258.4000409414187,0.0739313941323047,0.1601204227600593,0.2508669353115007,0.10257749238684953,0.1102185035613109,0.12473079203906651,0.0931726515988052,0.08438180821010331
259,259.0,259.40003937438075,0.07418568532320781,0.15995622847745256,0.2508600762543656,0.10267458139998543,0.10964261678368072,0.12499463291268328,0.09347778210494655,0.08420839674367825
260,260.0,260.40003757030274,0.07441505600536552,0.159728871660169,0.2509254314615085,0.10267246573417646,0.10901251303632496,0.12542853607229953,0.09380096032506971,0.08401616570508659
261,261.0,261.40003557092956,0.0746184438153024,0.15944568142232068,0.2508336043251801,0.10282186399082702,0.10833898267636767,0.1257726912485366,0.09436104756041469,0.08380768496105101
262,262.0,262.4000334157843,0.07479015696189903,0.15892736519519726,0.2507103763674554,0.10320544389087301,0.10760700557415498,0.12602011637688854,0.09517926307250385,0.0835602725610281
263,263.0,263.4000311419958,0.07481923085381066,0.15938608602297333,0.2502315146465787,0.10339188499461954,0.10671684763379677,0.12650945814602374,0.0957778659120473,0.08316711179015011
264,264.0,264.4000287841662,0.07473637074602055,0.15962605778758776,0.2496555478246983,0.10433247640478313,0.10572730806504839,0.126807580326511,0.0962068749991439,0.08290778384620717
265,265.0,265.40002637427784,0.07444769105459459,0.15956690869878898,0.24878233185644727,0.10594166929565514,0.1045526064754687,0.12765173238811295,0.09660104122745344,0.08245601900347907
266,266.0,266.4000239416356,0.07407099386728239,0.15967972340730588,0.2478460230633287,0.10732515513084873,0.10329979956689436,0.12825295914333934,0.09684429076994772,0.08268105505105303
267,267.0,267.4000215128412,0.07362880640499832,0.1603605918667526,0.24708634711594565,0.10851156433771182,0.10201550474132594,0.12863627566220553,0.0969694549007294,0.08279145497033082
268,268.0,268.40001911179786,0.0731459301655035,0.16154191540331572,0.2462979419922193,0.1095368910211142,0.10072538152214872,0.12892394771233265,0.09701107824155639,0.08281691394180964
269,269.0,269.4000167597409,0.07262012833513244,0.16296834787895995,0.2457520196940983,0.11038864282763232,0.09970068709015903,0.12887642367329077,0.09695875129908027,0.08273499920164704
270,270.0,270.40001447529215,0.07206107197536757,0.16458494137517157,0.24546931492116725,0.11084886929509899,0.0986594196645169,0.12871859557049714,0.0971006524443162,0.08255713475386449
271,271.0,271.40001227453536,0.07151262290826604,0.16613725797977963,0.24513399242134307,0.11143891375231801,0.09767002359579272,0.12852969744097134,0.09720071271459374,0.08237677918693552
272,272.0,272.4000101711089,0.0709711834666205,0.16745803063713616,0.24474293604711217,0.11191867771176114,0.09670666175784733,0.12830533309341602,0.0977244570190654,0.08217272026704135
273,273.0,273.400008176314,0.07044772396896551,0.16869859803719164,0.244308283855154,0.1123062951437758,0.09580289150291632,0.12805621558409971,0.09819830898087455,0.08218168292702255
274,274.0,274.40000629923543,0.06994519475375958,0.17006242210288994,0.24365618571415318,0.11260553901705543,0.09496130511312856,0.12775133191199858,0.09883237070287407,0.0821856506841407
275,275.0,275.40000454687237,0.0694660549917736,0.17133131413319325,0.24297488406300044,0.1128207317996919,0.09418362697273133,0.12742521215593478,0.0996140387188363,0.08218413716483841
276,276.0,276.4000029242769,0.06901637841140205,0.17250952621804694,0.24220426708977147,0.11318982002891559,0.0934748643142862,0.12704507345200924,0.10037512230142447,0.08218494818414401
277,277.0,277.40000143469825,0.0685904031401231,0.17370794229505157,0.24134546244638252,0.11348780922037585,0.09280656376941798,0.12681429335512132,0.10108141961138564,0.08216610616214196
278,278.0,278.4000000797305,0.06826790885409746,0.176011517594918,0.2406524461356495,0.11387480431249414,0.09225821268553536,0.12584020683392794,0.10121996156208297,0.08187494202129451
279,279.0,279.3999988594622,0.06796452390510403,0.17829907114316282,0.2399437994177455,0.11417213015806309,0.09174947161318706,0.12502856122982736,0.10128399152399631,0.08155845100891376
280,280.0,280.3999977726261,0.067636119293663,0.18064056049093336,0.23943329611706243,0.11454138659425421,0.09123549239503564,0.12410648705953238,0.10123329647356485,0.08117336157595406
281,281.0,281.3999968167473,0.06732761044839428,0.1827012696638541,0.23891053282157398,0.11525975345173385,0.09076036496799114,0.12315219215863649,0.10111726178451234,0.08077101470330372
282,282.0,282.399995988289,0.06704712920218468,0.1844962192575772,0.2385970155436496,0.11590642217010647,0.09032738642570459,0.12206929854607143,0.1011932647831686,0.08036326407153735
283,283.0,283.3999952827936,0.06679437558403259,0.18602708919225489,0.23832711184714767,0.1162808877818677,0.08993546357089172,0.12125600671645122,0.10142554583870128,0.07995351946865288
284,284.0,284.3999946950198,0.06655832349239542,0.1872798947739513,0.23792497915189323,0.11655927789008921,0.08957666985501872,0.12056226967649615,0.1020068133029758,0.07953177185718008
285,285.0,285.3999942190732,0.06634625618517202,0.18827728590207424,0.2376075969693283,0.11676827029074875,0.08925348738923276,0.12010348518252816,0.10253462303774255,0.07910899504317312
286,286.0,286.39999384853047,0.06614990084678475,0.18901318816445228,0.23751189608609546,0.1168888043016858,0.08896053003959718,0.11960159206382595,0.10298080640900155,0.07889328208855691
287,287.0,287.39999357655677,0.065939230942969,0.1898077063556729,0.23745698420849315,0.11708243538337516,0.08866308287636238,0.1190775339168685,0.10333426459490519,0.07863876172135366
288,288.0,288.39999339601485,0.06572201494694738,0.1907353535054398,0.23744657760664165,0.11716902441740473,0.0883807677552686,0.11854946899986388,0.10362491265828219,0.07837188011015171
289,289.0,289.399993299567,0.06551089100675234,0.19126302932629222,0.2374973985679169,0.11751371341003639,0.08812093526309947,0.11810079074456274,0.10388479020492739,0.07810845147641247
290,290.0,290.39999327976824,0.0652930323477567,0.19189679657602018,0.23789173938800587,0.11772450037744439,0.08787677105766097,0.11762058120399935,0.10386014304883184,0.07783643600028062
291,291.0,291.3999933291517,0.06507387141281096,0.19215005717792463,0.23837512986282133,0.11828504235134443,0.08764833667155653,0.11716349363354484,0.10374615761751312,0.07755791127248413
292,292.0,292.3999934403053,0.06487691051104845,0.19229354727800377,0.23861312429395662,0.11878923220086411,0.08760903909041783,0.11675296718408174,0.10376793360321088,0.07729724583841661
293,293.0,293.39999360594044,0.06469939650069646,0.19233406495066713,0.23879819437652144,0.11942650287558133,0.08759922980555214,0.11636559547898673,0.10372676108389298,0.07705025492810183
294,294.0,294.3999938189527,0.06452131530736081,0.19249951819280198,0.23905760716914448,0.11991474949837065,0.08759824883297887,0.1160014097389094,0.10360715429123449,0.07679999696919937
295,295.0,295.3999940724742,0.06436375652297813,0.19258049680468334,0.23940629777898922,0.1203405433394653,0.08762447521289939,0.11568098528645371,0.10343512020444466,0.07656832485008629
296,296.0,296.3999943599188,0.06420317869424104,0.19225378959773615,0.23977187361424152,0.12062223486853764,0.08763691113615454,0.11578661047413637,0.10320474513102779,0.07652065648392503
297,297.0,297.3999946750198,0.06403970517670357,0.1920516181564248,0.24024755413015964,0.12077306571341287,0.08765211041790343,0.11584168147223897,0.10292337301114979,0.07647089192200697
298,298.0,298.3999950118604,0.06387230975273177,0.19214967619263038,0.2405336846645383,0.12079989078252396,0.0876647913782679,0.11582523861244766,0.1025948244600881,0.07655958415677194
299,299.0,299.3999953648984,0.06370881102519331,0.19236695066234843,0.24083467881680873,0.12072887497685104,0.08767753460887226,0.11578947594163158,0.10224857833489645,0.07664509563339812
300,300.0,300.39999572898364,0.06356208218695061,0.19264502528823976,0.24112040107814403,0.12060735234808583,0.08769145278169495,0.11577076401770717,0.10188108656620483,0.07672183573297273
301,301.0,301.39999609937047,0.06343878794533932,0.19299573490290522,0.24179525622176762,0.12067539104366944,0.0877124193309496,0.11538934771001255,0.10119039223434415,0.076802670611012
302,302.0,302.39999647172493,0.06333251380013839,0.19340996424230936,0.2426217822507685,0.12069792543910315,0.08772798565609358,0.11486431371265855,0.10047970592581822,0.07686580897311016
303,303.0,303.3999968421267,0.06322510605177795,0.19392935340082776,0.2435197949715311,0.12060801299935352,0.08773420201812629,0.1143321700040481,0.09974003666314452,0.07691132389119067
304,304.0,304.39999720706703,0.06312225035511884,0.1945507193809972,0.24437327014719024,0.12043324636412188,0.08773820003018015,0.11381929227987683,0.0990113348841303,0.07695168655838447
305,305.0,305.39999756344264,0.06303642482386232,0.1951266984598985,0.24519003154240437,0.12024338242883258,0.08775206630903727,0.11334078748084728,0.09831169562010453,0.07699891333501303
306,306.0,306.39999790854625,0.06294747397545304,0.1956904638877895,0.2458385280921942,0.11994527595620608,0.08774447930282708,0.11287143574705856,0.09776263821063977,0.07719970482783163
307,307.0,307.39999824005406,0.06287838594250106,0.19629234594582123,0.24649234375041462,0.11960505895317089,0.08772744017448526,0.11237219352278771,0.09726322790287731,0.07736900380794177
308,308.0,308.39999855601053,0.06281739968944874,0.19675157506115554,0.24716595997225654,0.11922895986731748,0.08770112052457536,0.11207968597730109,0.09674907652533882,0.07750622238260628
309,309.0,309.39999885481126,0.06276035551514755,0.19695586878536497,0.24762919978508685,0.11911123859862904,0.08767581137912338,0.11179320100348172,0.09643614453759933,0.07763818039556702
310,310.0,310.39999913518386,0.06269541191720189,0.19720993726902722,0.24823222589250965,0.118900636228375,0.08763999718293056,0.1114830534856488,0.09609009267085165,0.07774864535345515
311,311.0,311.3999993961673,0.06262714455647383,0.19748793888314828,0.24882128010857638,0.11864255580988971,0.08758671186067639,0.11112557317881233,0.09589370231584746,0.07781509328657554
312,312.0,312.39999963709073,0.06255647301021974,0.19796892856566384,0.24931120829309544,0.11831799183164368,0.08752336715782573,0.11077022241423681,0.09569406240181473,0.0778577463255
313,313.0,313.3999998575509,0.062487185721802986,0.1983837730393826,0.24993640279252632,0.11797066754501165,0.08745983277921993,0.11040450421824621,0.0954692706786734,0.0778883632251369
314,314.0,314.40000005738955,0.06241983538028091,0.1991749206092856,0.25014798768735197,0.11758108276590057,0.0875450108273704,0.10996475668011084,0.09495642198333212,0.07820998406636762
315,315.0,315.4000002366705,0.06235451982340907,0.20002906783994076,0.2503030079362963,0.11715506756552821,0.08762643267178619,0.1095533073293654,0.09446141383075114,0.07851718300292299
316,316.0,316.4000003956566,0.062296011975763586,0.20094925047583226,0.25052683196988634,0.11670362565753681,0.08770435451484435,0.10901974086618982,0.09399371966744459,0.07880646487250227
317,317.0,317.4000005347876,0.06223385563854341,0.20208619708877365,0.25045017254520374,0.11620024418049055,0.08777884893521033,0.10851869157641936,0.09365096743258793,0.07908102260277108
318,318.0,318.4000006546575,0.062178582053611244,0.2031580544042128,0.2503911885195603,0.115707589513162,0.0878522215295891,0.1080551392003298,0.09331867708240577,0.07933854769712904
319,319.0,319.40000075599386,0.062125231022930404,0.20414397534123543,0.250278377538491,0.11522286252845583,0.08792252015607621,0.10773655551363338,0.09299147686797507,0.07957900103120275
320,320.0,320.4000008396367,0.06207369910282466,0.20504136023263925,0.25025460406068395,0.11474900598156208,0.087989126875917,0.10742061221361784,0.09267012863435442,0.07980146289840091
321,321.0,321.4000009065188,0.06202155579867366,0.20584412812811137,0.25004230430169316,0.11442844928294633,0.08804919736003025,0.1071054927399033,0.09250824301678137,0.08000062937186068
322,322.0,322.4000009576476,0.06197506431969363,0.2065709184796748,0.2498632814179052,0.11412423575747202,0.08810554308699567,0.10682624524366569,0.09235527832659768,0.08017943336799543
323,323.0,323.40000099408695,0.061934147603877346,0.2072221075496449,0.24957057179806413,0.11384797281957319,0.0881559842085439,0.10687938191005304,0.0920536766766617,0.08033615743358187
324,324.0,324.40000101694153,0.06190046820725774,0.20780236530586363,0.24941464647249206,0.11360143890506245,0.08820422850438343,0.10696538848933818,0.09163458919901019,0.08047687491659239
325,325.0,325.4000010273413,0.06185806624437364,0.20838225637596955,0.24925815154235226,0.11331261859026129,0.08823757309869926,0.10703321665612878,0.09118391439147278,0.08073420310074252
326,326.0,326.4000010264277,0.06182012235693975,0.20888940927683475,0.24914567554055447,0.11304019806899791,0.0882662393322878,0.10712408582418759,0.09074593724827279,0.08096833235192498
327,327.0,327.4000010153411,0.06161506181079652,0.20950932535487066,0.2489857686494094,0.11278843062409875,0.08829842107569764,0.10714277548618989,0.09046918503500531,0.08119103196393186
328,328.0,328.4000009952098,0.06141364828311795,0.21005484773273675,0.2487756895403374,0.11255113169938914,0.08832180701690891,0.10729685033272351,0.09020248748322719,0.08138353791155917
329,329.0,329.4000009671395,0.06121723717259451,0.21052737248719167,0.2486600444405319,0.11232820681564493,0.08833660012359215,0.1074387176587534,0.08994575890414243,0.08154606239754905
330,330.0,330.4000009322049,0.06102700500813467,0.21092889945206947,0.24863743927941043,0.11211945035643202,0.0883430790913096,0.10756614840647837,0.08969886210440385,0.08167911630176165
331,331.0,331.4000008914416,0.06083720771684374,0.2114866570130819,0.2484266645317654,0.11188407216498554,0.08833484002020901,0.10780571427178894,0.08944811836113864,0.08177672592018692
