Total_iterations,Unnamed: 0.1,Intertwine_two,Add_vertex,Delete_vertex,Invert_path_vertices,Insert_inside_vertex,Delete_inside_vertex,Replace_inside_vertex,Donate_between_routes
0,0.0,0.125,0.125,0.125,0.125,0.125,0.125,0.125,0.125
1,1.0,0.125,0.125,0.125,0.125,0.125,0.125,0.125,0.125
2,2.0,0.125,0.125,0.125,0.125,0.125,0.125,0.125,0.125
3,3.0,0.125,0.125,0.125,0.125,0.125,0.125,0.125,0.125
4,4.0,0.125,0.125,0.125,0.125,0.125,0.125,0.125,0.125
5,5.0,0.125,0.125,0.125,0.125,0.125,0.125,0.125,0.125
6,6.0,0.125,0.125,0.125,0.125,0.125,0.125,0.125,0.125
7,7.0,0.125,0.125,0.125,0.125,0.125,0.125,0.125,0.125
8,8.0,0.125,0.125,0.125,0.125,0.125,0.125,0.125,0.125
9,9.0,0.125,0.125,0.125,0.125,0.125,0.125,0.125,0.125
10,10.0,0.125,0.125,0.125,0.125,0.125,0.125,0.125,0.125
11,11.0,0.125,0.125,0.125,0.125,0.125,0.125,0.125,0.125
12,12.0,0.125,0.125,0.125,0.125,0.125,0.125,0.125,0.125
13,13.0,0.125,0.125,0.125,0.125,0.125,0.125,0.125,0.125
14,14.0,0.125,0.125,0.125,0.125,0.125,0.125,0.125,0.125
15,15.0,0.125,0.125,0.125,0.125,0.125,0.125,0.125,0.125
16,16.0,0.125,0.125,0.125,0.125,0.125,0.125,0.125,0.125
17,17.0,0.125,0.125,0.125,0.125,0.125,0.125,0.125,0.125
18,18.0,0.125,0.125,0.125,0.125,0.125,0.125,0.125,0.125
19,19.0,0.125,0.125,0.125,0.125,0.125,0.125,0.125,0.125
20,20.0,0.125,0.125,0.125,0.125,0.125,0.125,0.125,0.125
21,21.0,0.125,0.125,0.125,0.125,0.125,0.125,0.125,0.125
22,22.0,0.125,0.125,0.125,0.125,0.125,0.125,0.125,0.125
23,23.0,0.125,0.125,0.125,0.125,0.125,0.125,0.125,0.125
24,24.0,0.125,0.125,0.125,0.125,0.125,0.125,0.125,0.125
25,25.0,0.125,0.125,0.125,0.125,0.125,0.125,0.125,0.125
26,26.0,0.125,0.125,0.125,0.125,0.125,0.125,0.125,0.125
27,27.0,0.125,0.125,0.125,0.125,0.125,0.125,0.125,0.125
28,28.0,0.125,0.125,0.125,0.125,0.125,0.125,0.125,0.125
29,29.0,0.125,0.125,0.125,0.125,0.125,0.125,0.125,0.125
30,30.0,0.125,0.125,0.125,0.125,0.125,0.125,0.125,0.125
31,31.0,0.125,0.125,0.125,0.125,0.125,0.125,0.125,0.125
32,32.0,0.125,0.125,0.125,0.125,0.125,0.125,0.125,0.125
33,33.0,0.125,0.125,0.125,0.125,0.125,0.125,0.125,0.125
34,34.0,0.125,0.125,0.125,0.125,0.125,0.125,0.125,0.125
35,35.0,0.125,0.125,0.125,0.125,0.125,0.125,0.125,0.125
36,36.0,0.125,0.125,0.125,0.125,0.125,0.125,0.125,0.125
37,37.0,0.125,0.125,0.125,0.125,0.125,0.125,0.125,0.125
38,38.0,0.125,0.125,0.125,0.125,0.125,0.125,0.125,0.125
39,39.0,0.125,0.125,0.125,0.125,0.125,0.125,0.125,0.125
40,40.0,0.125,0.125,0.125,0.125,0.125,0.125,0.125,0.125
41,41.0,0.125,0.125,0.125,0.125,0.125,0.125,0.125,0.125
42,42.0,0.125,0.125,0.125,0.125,0.125,0.125,0.125,0.125
43,43.0,0.125,0.125,0.125,0.125,0.125,0.125,0.125,0.125
44,44.0,0.125,0.125,0.125,0.125,0.125,0.125,0.125,0.125
45,45.0,0.125,0.125,0.125,0.125,0.125,0.125,0.125,0.125
46,46.0,0.125,0.125,0.125,0.125,0.125,0.125,0.125,0.125
47,47.0,0.125,0.125,0.125,0.125,0.125,0.125,0.125,0.125
48,48.0,0.125,0.125,0.125,0.125,0.125,0.125,0.125,0.125
49,49.0,0.125,0.125,0.125,0.125,0.125,0.125,0.125,0.125
50,50.0,0.125,0.125,0.125,0.125,0.125,0.125,0.125,0.125
51,51.0,0.125,0.125,0.125,0.125,0.125,0.125,0.125,0.125
52,52.0,0.125,0.125,0.125,0.125,0.125,0.125,0.125,0.125
53,53.0,0.125,0.125,0.125,0.125,0.125,0.125,0.125,0.125
54,54.0,0.125,0.125,0.125,0.125,0.125,0.125,0.125,0.125
55,55.0,0.125,0.125,0.125,0.125,0.125,0.125,0.125,0.125
56,56.0,0.125,0.125,0.125,0.125,0.125,0.125,0.125,0.125
57,57.0,0.125,0.125,0.125,0.125,0.125,0.125,0.125,0.125
58,58.0,0.125,0.125,0.125,0.125,0.125,0.125,0.125,0.125
59,59.0,0.125,0.125,0.125,0.125,0.125,0.125,0.125,0.125
60,60.0,0.125,0.125,0.125,0.125,0.125,0.125,0.125,0.125
61,61.0,0.125,0.125,0.125,0.125,0.125,0.125,0.125,0.125
62,62.0,0.125,0.125,0.125,0.125,0.125,0.125,0.125,0.125
63,63.0,0.125,0.125,0.125,0.125,0.125,0.125,0.125,0.125
64,64.0,0.125,0.125,0.125,0.125,0.125,0.125,0.125,0.125
65,65.0,0.125,0.125,0.125,0.125,0.125,0.125,0.125,0.125
66,66.0,0.125,0.125,0.125,0.125,0.125,0.125,0.125,0.125
67,67.0,0.125,0.125,0.125,0.125,0.125,0.125,0.125,0.125
68,68.0,0.125,0.125,0.125,0.125,0.125,0.125,0.125,0.125
69,69.0,0.125,0.125,0.125,0.125,0.125,0.125,0.125,0.125
70,70.0,0.125,0.125,0.125,0.125,0.125,0.125,0.125,0.125
71,71.0,0.125,0.125,0.125,0.125,0.125,0.125,0.125,0.125
72,72.0,0.125,0.125,0.125,0.125,0.125,0.125,0.125,0.125
73,73.0,0.125,0.125,0.125,0.125,0.125,0.125,0.125,0.125
74,74.0,0.125,0.125,0.125,0.125,0.125,0.125,0.125,0.125
75,75.0,0.125,0.125,0.125,0.125,0.125,0.125,0.125,0.125
76,76.0,0.125,0.125,0.125,0.125,0.125,0.125,0.125,0.125
77,77.0,0.125,0.125,0.125,0.125,0.125,0.125,0.125,0.125
78,78.0,0.125,0.125,0.125,0.125,0.125,0.125,0.125,0.125
79,79.0,0.125,0.125,0.125,0.125,0.125,0.125,0.125,0.125
80,80.0,0.125,0.125,0.125,0.125,0.125,0.125,0.125,0.125
81,81.0,0.125,0.125,0.125,0.125,0.125,0.125,0.125,0.125
82,82.0,0.125,0.125,0.125,0.125,0.125,0.125,0.125,0.125
83,83.0,0.125,0.125,0.125,0.125,0.125,0.125,0.125,0.125
84,84.0,0.125,0.125,0.125,0.125,0.125,0.125,0.125,0.125
85,85.0,0.125,0.125,0.125,0.125,0.125,0.125,0.125,0.125
86,86.0,0.125,0.125,0.125,0.125,0.125,0.125,0.125,0.125
87,87.0,0.125,0.125,0.125,0.125,0.125,0.125,0.125,0.125
88,88.0,0.125,0.125,0.125,0.125,0.125,0.125,0.125,0.125
89,89.0,0.125,0.125,0.125,0.125,0.125,0.125,0.125,0.125
90,90.0,0.125,0.125,0.125,0.125,0.125,0.125,0.125,0.125
91,91.0,0.125,0.125,0.125,0.125,0.125,0.125,0.125,0.125
92,92.0,0.125,0.125,0.125,0.125,0.125,0.125,0.125,0.125
93,93.0,0.125,0.125,0.125,0.125,0.125,0.125,0.125,0.125
94,94.0,0.125,0.125,0.125,0.125,0.125,0.125,0.125,0.125
95,95.0,0.125,0.125,0.125,0.125,0.125,0.125,0.125,0.125
96,96.0,0.125,0.125,0.125,0.125,0.125,0.125,0.125,0.125
97,97.0,0.125,0.125,0.125,0.125,0.125,0.125,0.125,0.125
98,98.0,0.125,0.125,0.125,0.125,0.125,0.125,0.125,0.125
99,99.0,0.125,0.125,0.125,0.125,0.125,0.125,0.125,0.125
100,100.0,0.125,0.125,0.125,0.125,0.125,0.125,0.125,0.125
101,101.0,0.125,0.125,0.125,0.125,0.125,0.125,0.125,0.125
102,102.0,0.125,0.125,0.125,0.125,0.125,0.125,0.125,0.125
103,103.0,0.125,0.125,0.125,0.125,0.125,0.125,0.125,0.125
104,104.0,0.125,0.125,0.125,0.125,0.125,0.125,0.125,0.125
105,105.0,0.125,0.125,0.125,0.125,0.125,0.125,0.125,0.125
106,106.0,0.125,0.125,0.125,0.125,0.125,0.125,0.125,0.125
107,107.0,0.125,0.125,0.125,0.125,0.125,0.125,0.125,0.125
108,108.0,0.125,0.125,0.125,0.125,0.125,0.125,0.125,0.125
109,109.0,0.125,0.125,0.125,0.125,0.125,0.125,0.125,0.125
110,110.0,0.125,0.125,0.125,0.125,0.125,0.125,0.125,0.125
111,111.0,0.125,0.125,0.125,0.125,0.125,0.125,0.125,0.125
112,112.0,0.125,0.125,0.125,0.125,0.125,0.125,0.125,0.125
113,113.0,0.125,0.125,0.125,0.125,0.125,0.125,0.125,0.125
114,114.0,0.125,0.125,0.125,0.125,0.125,0.125,0.125,0.125
115,115.0,0.125,0.125,0.125,0.125,0.125,0.125,0.125,0.125
116,116.0,0.125,0.125,0.125,0.125,0.125,0.125,0.125,0.125
117,117.0,0.125,0.125,0.125,0.125,0.125,0.125,0.125,0.125
118,118.0,0.125,0.125,0.125,0.125,0.125,0.125,0.125,0.125
119,119.0,0.125,0.125,0.125,0.125,0.125,0.125,0.125,0.125
120,120.0,0.125,0.125,0.125,0.125,0.125,0.125,0.125,0.125
121,121.0,0.125,0.125,0.125,0.125,0.125,0.125,0.125,0.125
122,122.0,0.125,0.125,0.125,0.125,0.125,0.125,0.125,0.125
123,123.0,0.125,0.125,0.125,0.125,0.125,0.125,0.125,0.125
124,124.0,0.125,0.125,0.125,0.125,0.125,0.125,0.125,0.125
125,125.0,0.125,0.125,0.125,0.125,0.125,0.125,0.125,0.125
126,126.0,0.125,0.125,0.125,0.125,0.125,0.125,0.125,0.125
127,127.0,0.125,0.125,0.125,0.125,0.125,0.125,0.125,0.125
128,128.0,0.125,0.125,0.125,0.125,0.125,0.125,0.125,0.125
129,129.0,0.125,0.125,0.125,0.125,0.125,0.125,0.125,0.125
130,130.0,0.125,0.125,0.125,0.125,0.125,0.125,0.125,0.125
131,131.0,0.125,0.125,0.125,0.125,0.125,0.125,0.125,0.125
132,132.0,0.125,0.125,0.125,0.125,0.125,0.125,0.125,0.125
133,133.0,0.125,0.125,0.125,0.125,0.125,0.125,0.125,0.125
134,134.0,0.125,0.125,0.125,0.125,0.125,0.125,0.125,0.125
135,135.0,0.125,0.125,0.125,0.125,0.125,0.125,0.125,0.125
136,136.0,0.125,0.125,0.125,0.125,0.125,0.125,0.125,0.125
137,137.0,0.125,0.125,0.125,0.125,0.125,0.125,0.125,0.125
138,138.0,0.125,0.125,0.125,0.125,0.125,0.125,0.125,0.125
139,139.0,0.125,0.125,0.125,0.125,0.125,0.125,0.125,0.125
140,140.0,0.125,0.125,0.125,0.125,0.125,0.125,0.125,0.125
141,141.0,0.125,0.125,0.125,0.125,0.125,0.125,0.125,0.125
142,142.0,0.125,0.125,0.125,0.125,0.125,0.125,0.125,0.125
143,143.0,0.125,0.125,0.125,0.125,0.125,0.125,0.125,0.125
144,144.0,0.125,0.125,0.125,0.125,0.125,0.125,0.125,0.125
145,145.0,0.125,0.125,0.125,0.125,0.125,0.125,0.125,0.125
146,146.0,0.125,0.125,0.125,0.125,0.125,0.125,0.125,0.125
147,147.0,0.125,0.125,0.125,0.125,0.125,0.125,0.125,0.125
148,148.0,0.125,0.125,0.125,0.125,0.125,0.125,0.125,0.125
149,149.0,0.125,0.125,0.125,0.125,0.125,0.125,0.125,0.125
150,150.0,0.125,0.125,0.125,0.125,0.125,0.125,0.125,0.125
151,151.0,0.125,0.125,0.125,0.125,0.125,0.125,0.125,0.125
152,152.0,0.125,0.125,0.125,0.125,0.125,0.125,0.125,0.125
153,153.0,0.125,0.125,0.125,0.125,0.125,0.125,0.125,0.125
154,154.0,0.125,0.125,0.125,0.125,0.125,0.125,0.125,0.125
155,155.0,0.125,0.125,0.125,0.125,0.125,0.125,0.125,0.125
156,156.0,0.125,0.125,0.125,0.125,0.125,0.125,0.125,0.125
157,157.0,0.125,0.125,0.125,0.125,0.125,0.125,0.125,0.125
158,158.0,0.125,0.125,0.125,0.125,0.125,0.125,0.125,0.125
159,159.0,0.125,0.125,0.125,0.125,0.125,0.125,0.125,0.125
160,160.0,0.125,0.125,0.125,0.125,0.125,0.125,0.125,0.125
161,161.0,0.125,0.125,0.125,0.125,0.125,0.125,0.125,0.125
162,162.0,0.125,0.125,0.125,0.125,0.125,0.125,0.125,0.125
163,163.0,0.125,0.125,0.125,0.125,0.125,0.125,0.125,0.125
164,164.0,0.125,0.125,0.125,0.125,0.125,0.125,0.125,0.125
165,165.0,0.125,0.125,0.125,0.125,0.125,0.125,0.125,0.125
166,166.0,0.125,0.125,0.125,0.125,0.125,0.125,0.125,0.125
167,167.0,0.125,0.125,0.125,0.125,0.125,0.125,0.125,0.125
168,168.0,0.125,0.125,0.125,0.125,0.125,0.125,0.125,0.125
169,169.0,0.125,0.125,0.125,0.125,0.125,0.125,0.125,0.125
170,170.0,0.125,0.125,0.125,0.125,0.125,0.125,0.125,0.125
171,171.0,0.125,0.125,0.125,0.125,0.125,0.125,0.125,0.125
172,172.0,0.125,0.125,0.125,0.125,0.125,0.125,0.125,0.125
173,173.0,0.125,0.125,0.125,0.125,0.125,0.125,0.125,0.125
174,174.0,0.125,0.125,0.125,0.125,0.125,0.125,0.125,0.125
175,175.0,0.125,0.125,0.125,0.125,0.125,0.125,0.125,0.125
176,176.0,0.125,0.125,0.125,0.125,0.125,0.125,0.125,0.125
177,177.0,0.125,0.125,0.125,0.125,0.125,0.125,0.125,0.125
178,178.0,0.125,0.125,0.125,0.125,0.125,0.125,0.125,0.125
179,179.0,0.125,0.125,0.125,0.125,0.125,0.125,0.125,0.125
180,180.0,0.125,0.125,0.125,0.125,0.125,0.125,0.125,0.125
181,181.0,0.125,0.125,0.125,0.125,0.125,0.125,0.125,0.125
182,182.0,0.125,0.125,0.125,0.125,0.125,0.125,0.125,0.125
183,183.0,0.125,0.125,0.125,0.125,0.125,0.125,0.125,0.125
184,184.0,0.125,0.125,0.125,0.125,0.125,0.125,0.125,0.125
185,185.0,0.125,0.125,0.125,0.125,0.125,0.125,0.125,0.125
186,186.0,0.125,0.125,0.125,0.125,0.125,0.125,0.125,0.125
187,187.0,0.125,0.125,0.125,0.125,0.125,0.125,0.125,0.125
188,188.0,0.125,0.125,0.125,0.125,0.125,0.125,0.125,0.125
189,189.0,0.125,0.125,0.125,0.125,0.125,0.125,0.125,0.125
190,190.0,0.125,0.125,0.125,0.125,0.125,0.125,0.125,0.125
191,191.0,0.125,0.125,0.125,0.125,0.125,0.125,0.125,0.125
192,192.0,0.125,0.125,0.125,0.125,0.125,0.125,0.125,0.125
193,193.0,0.125,0.125,0.125,0.125,0.125,0.125,0.125,0.125
194,194.0,0.125,0.125,0.125,0.125,0.125,0.125,0.125,0.125
195,195.0,0.125,0.125,0.125,0.125,0.125,0.125,0.125,0.125
196,196.0,0.125,0.125,0.125,0.125,0.125,0.125,0.125,0.125
197,197.0,0.125,0.125,0.125,0.125,0.125,0.125,0.125,0.125
198,198.0,0.125,0.125,0.125,0.125,0.125,0.125,0.125,0.125
199,199.0,0.125,0.125,0.125,0.125,0.125,0.125,0.125,0.125
200,200.0,0.1247222222222222,0.1247222222222222,0.1258333333333333,0.1247222222222222,0.1247222222222222,0.1247222222222222,0.1258333333333333,0.1247222222222222
201,201.0,0.1251565578465063,0.1250454467353952,0.1262565578465062,0.1240454467353951,0.1240454467353951,0.1251565578465063,0.1261454467353951,0.1241485395189003
202,202.0,0.1251244063063838,0.1257214770134545,0.1270922951952727,0.1229132951952727,0.1229132951952727,0.1262264471227104,0.1268913861043636,0.1231173978672693
203,203.0,0.1255479879681148,0.1260491788772056,0.1274772979681147,0.1224598970590238,0.1214598970590238,0.1268521603037157,0.1272793979681147,0.1228741827966866
204,204.0,0.1258903724827752,0.1269729869373206,0.1277656683827752,0.1219529715736842,0.1199629715736843,0.1273847366551108,0.1274966979888358,0.1225735944058137
205,205.0,0.1260820494892393,0.1284162257596675,0.128708161558421,0.1213287344983301,0.1183676344983301,0.12765191704933,0.1272940554996012,0.1221512216470806
206,206.0,0.1261209959753972,0.1301787821398762,0.1304379956175649,0.1205899823698516,0.1166845033698517,0.128587562353311,0.1268029575145753,0.1205972206595721
207,207.0,0.1251463993868897,0.1322289567798984,0.132230916737212,0.1197889489824087,0.1149725836724087,0.1304897734815096,0.1261596218803026,0.1189827990793701
208,208.0,0.1247748822525907,0.1336600213498878,0.1345309132183418,0.1187181223240217,0.1130301229881217,0.1324515019988524,0.125101043158388,0.1177333927097958
209,209.0,0.1242426243036949,0.1348555305346021,0.1363696152778323,0.1175261443118233,0.1111125951622988,0.1347915497881223,0.1237284922046899,0.1173734484169362
210,210.0,0.1236728537029823,0.1359289162825532,0.1386469265094139,0.116338881363148,0.1092466769544894,0.1368637027592524,0.1222825914902805,0.1170194509378801
211,211.0,0.1230068745879508,0.1370892194988448,0.1428299439517464,0.1151096907775403,0.1072857819450537,0.1377003645501347,0.1205925682747158,0.1163855564140133
212,212.0,0.1221883946326012,0.1377656676376156,0.147289362289948,0.1137723832458671,0.1058237350758157,0.1388527676869563,0.1187102889588042,0.1155974004723918
213,213.0,0.1212465177247256,0.1385329895011779,0.1533764118583462,0.1123567315341578,0.1044006301324624,0.13963162689588,0.116680213461504,0.1137748788917457
214,214.0,0.1200244734571925,0.139287695806972,0.1586603783951888,0.1107979978860881,0.1036842997028361,0.1404158739792222,0.1153572831048703,0.1117719976676298
215,215.0,0.1188205076666516,0.1402010699700224,0.1636810454163671,0.1093022683079652,0.1030372948027676,0.1410867152840847,0.1140682118126019,0.1098028867395394
216,216.0,0.1158585371032317,0.142030824019943,0.1679867538385331,0.1078352989699324,0.1025836925251186,0.1422988647127637,0.1133976290465076,0.1080083997839696
217,217.0,0.112720909878924,0.1433220541856333,0.172027888155664,0.106652635999037,0.1019012676726215,0.1437058192264742,0.1136237240021214,0.1060457008795245
218,218.0,0.1095444415763414,0.1442002803904987,0.1760037409521142,0.1054332413402473,0.1011649633224951,0.1447608341858413,0.1148537157588092,0.1040387824736528
219,219.0,0.1063249525780306,0.1450454782627696,0.179272477774905,0.104923394570875,0.1005801291736457,0.1461759255655995,0.115905697100766,0.1017719449734086
220,220.0,0.1031206131702207,0.1455031230326072,0.182603496479548,0.1042758058032384,0.0999492447692125,0.1473096111335884,0.1177429682370644,0.0994951373745203
221,221.0,0.1008548263208144,0.1454958806310436,0.1858769397504926,0.1035696003237155,0.0991756996512737,0.1480690716456822,0.1197424721507518,0.097215509526226
222,222.0,0.0986841570916563,0.1455528019317241,0.1896856360253474,0.1026671814791985,0.0985129530381029,0.14852981128374,0.1213657821513156,0.0950016769989151
223,223.0,0.0970448956242202,0.1455628311462604,0.1934846929015126,0.1016795151140639,0.0978609857415581,0.1487027550239792,0.1227939084982269,0.0928704159501785
224,224.0,0.0955067082793391,0.1458740048666345,0.1972329150668118,0.1007912656512041,0.0972438572464824,0.14882454438497,0.1236003302739684,0.0909263742305894
225,225.0,0.0941033656597457,0.1460902886987724,0.2011599779284051,0.099336688218378,0.0966931134180599,0.1491504367830395,0.1243351823269719,0.0891309469666273
226,226.0,0.0936448913294642,0.1462592526343025,0.2039735747015715,0.0979529405221543,0.0962328670690356,0.1494590153786338,0.1249649875383425,0.0875124708264954
227,227.0,0.0926678600756667,0.1468719543578691,0.2080083866156573,0.0964300726917777,0.095577455480068,0.1493783940918364,0.1252135540987021,0.0858523225884226
228,228.0,0.0917524032352,0.147328706097698,0.2122498394358049,0.0948828258264717,0.0949114546229986,0.1493427018916092,0.1252599849213688,0.0842720839688487
229,229.0,0.0908109452779455,0.1479067066743184,0.2163135982015092,0.094147229689884,0.0941520107760178,0.1488046007482423,0.1251759148971533,0.0826889937349294
230,230.0,0.0899813692514501,0.1482319854605775,0.2198936627505308,0.0934804389187418,0.0934296157619464,0.1484474624300725,0.1249579168046759,0.0815775486220049
231,231.0,0.0877406077209835,0.1484885265451104,0.2233462332107927,0.0941217286333346,0.0927771589280185,0.148281591332875,0.1246234296069819,0.0806207240219033
232,232.0,0.0855671607156732,0.1487944943030008,0.226854624636626,0.0947210852649818,0.092113035250496,0.1481703292854834,0.124059274441332,0.0797199961024067
233,233.0,0.0834206810061024,0.1489313637285865,0.2307320427826313,0.0951553809077969,0.0914000472311454,0.1477816684565412,0.1237347140043287,0.0788441018828674
234,234.0,0.0813876637839273,0.1489824030849765,0.2347036751102687,0.0955720288850231,0.0907179383084774,0.1472828936482426,0.1232863531194645,0.0780670440596197
235,235.0,0.0795406167676755,0.1491474139087772,0.2387911446390768,0.0952621958715806,0.0910314013545319,0.146753094901219,0.1220238991908264,0.0774502333663123
236,236.0,0.077810301469299,0.1492180997038346,0.2431176480348947,0.0949133021324187,0.0913609402966656,0.1460127164365638,0.1206522906670573,0.0769147012592661
237,237.0,0.0760946884704097,0.1490951234896816,0.2468330166787264,0.0944523723598026,0.0915939927562648,0.1453261982497611,0.1191434810829016,0.0774611269124521
238,238.0,0.0745017055984491,0.1488909260404578,0.2503631277921929,0.0943289446077611,0.0918301187843883,0.1444559415616974,0.1175611433943364,0.0780680922207167
239,239.0,0.0733116381992756,0.1488919000552951,0.2510755320906204,0.094439356705515,0.0934543794048453,0.1432669042038115,0.116560197245336,0.079000092095301
240,240.0,0.0724318367497552,0.1487271637411076,0.2520054468510405,0.0944444799262902,0.0949617456166364,0.1422067595679224,0.1154683485130929,0.0797542190341547
241,241.0,0.0716980304850227,0.1485137896680881,0.2533404577100502,0.0941203127663916,0.0964956799030042,0.1410301797745609,0.1141901744031164,0.0806113752897656
242,242.0,0.0709771687148367,0.1493337758692297,0.2540722095240154,0.0940188623168394,0.0978913329581536,0.1396291457473588,0.1127840093194756,0.0812934955500906
243,243.0,0.0703696762847137,0.1501086720709492,0.2548372866870148,0.0938907219898415,0.0992363302951672,0.1382073062154411,0.1113691721424867,0.0819808343143855
244,244.0,0.0698694728153316,0.1508344199415545,0.2553127587554845,0.093737800225038,0.1005214691428717,0.1367784997188566,0.1102804014258694,0.0826651779749935
245,245.0,0.0697926010040791,0.1515078657490587,0.2549284186821086,0.0938745836200457,0.1017390728753286,0.1356255387605726,0.1091927477895218,0.0833391715192848
246,246.0,0.0697820680842516,0.1521053677729656,0.254797055981224,0.0939637976857923,0.1028758062490735,0.1343871386502737,0.1080995682706352,0.0839891973057838
247,247.0,0.0698723254767211,0.1536267188253331,0.2547011901214731,0.0943055348533026,0.1040129697065849,0.1331198579319492,0.1060228133490294,0.0843385897356065
248,248.0,0.0700178228143418,0.1548594013471796,0.2545315369098264,0.0946382629381606,0.1050449408531683,0.1318763934194243,0.1040058872934754,0.0850257544244234
249,249.0,0.0702188216882277,0.1561839608597559,0.2543433732115562,0.0949251612910358,0.1059707395166827,0.1306981028673727,0.1020113766180884,0.0856484639472804
250,250.0,0.0704501747501909,0.1575736642292694,0.2542472142543843,0.0951572661262139,0.106782134113915,0.1295474544954113,0.100045153150362,0.0861969388802528
251,251.0,0.0709145386354831,0.1583123143030202,0.2534103931589592,0.0966857973542009,0.1076904196638954,0.1286400757057506,0.0983748761054389,0.0859715850732515
252,252.0,0.0713935031238322,0.1587573036543482,0.2526833009093963,0.0981456961446845,0.1088196461914297,0.127769153877877,0.0967520972086902,0.0856792988897418
253,253.0,0.0718864561686667,0.1592551887545789,0.2519512302434743,0.0995622470579315,0.1098312600621236,0.1269443233361779,0.0952344203916148,0.0853348739854321
254,254.0,0.072388941427018,0.1596721132696817,0.2513567455170696,0.1008993884138741,0.1107484797851388,0.1261700557995419,0.0937957339240454,0.0849685418636302
255,255.0,0.0728939595607719,0.1600113201307555,0.2501391515595603,0.1021496198710348,0.1115708886957502,0.1257034144893111,0.0926961730077755,0.0848354726850405
256,256.0,0.0734074081806726,0.1602826208834454,0.2501134997860388,0.1022021013147963,0.1111940645238338,0.1253160427371079,0.0927901598781244,0.0846941026959806
257,257.0,0.0736729814217,0.1602333545444461,0.2504167624395562,0.1024308515374396,0.1107413704891553,0.1250035589744452,0.0929547732460757,0.0845463473471816
258,258.0,0.0739313941323047,0.1601204227600593,0.2508669353115007,0.1025774923868495,0.1102185035613109,0.1247307920390665,0.0931726515988052,0.0843818082101033
259,259.0,0.0741856853232078,0.1599562284774525,0.2508600762543656,0.1026745813999854,0.1096426167836807,0.1249946329126832,0.0934777821049465,0.0842083967436782
260,260.0,0.0744150560053655,0.159728871660169,0.2509254314615085,0.1026724657341764,0.1090125130363249,0.1254285360722995,0.0938009603250697,0.0840161657050865
261,261.0,0.0746184438153024,0.1594456814223206,0.2508336043251801,0.102821863990827,0.1083389826763676,0.1257726912485366,0.0943610475604146,0.083807684961051
262,262.0,0.074790156961899,0.1589273651951972,0.2507103763674554,0.103205443890873,0.1076070055741549,0.1260201163768885,0.0951792630725038,0.0835602725610281
263,263.0,0.0748192308538106,0.1593860860229733,0.2502315146465787,0.1033918849946195,0.1067168476337967,0.1265094581460237,0.0957778659120473,0.0831671117901501
264,264.0,0.0747363707460205,0.1596260577875877,0.2496555478246983,0.1043324764047831,0.1057273080650483,0.126807580326511,0.0962068749991439,0.0829077838462071
265,265.0,0.0744476910545945,0.1595669086987889,0.2487823318564472,0.1059416692956551,0.1045526064754687,0.1276517323881129,0.0966010412274534,0.082456019003479
266,266.0,0.0740709938672823,0.1596797234073058,0.2478460230633287,0.1073251551308487,0.1032997995668943,0.1282529591433393,0.0968442907699477,0.082681055051053
267,267.0,0.0736288064049983,0.1603605918667526,0.2470863471159456,0.1085115643377118,0.1020155047413259,0.1286362756622055,0.0969694549007294,0.0827914549703308
268,268.0,0.0731459301655035,0.1615419154033157,0.2462979419922193,0.1095368910211142,0.1007253815221487,0.1289239477123326,0.0970110782415563,0.0828169139418096
269,269.0,0.0726201283351324,0.1629683478789599,0.2457520196940983,0.1103886428276323,0.099700687090159,0.1288764236732907,0.0969587512990802,0.082734999201647
270,270.0,0.0720610719753675,0.1645849413751715,0.2454693149211672,0.1108488692950989,0.0986594196645169,0.1287185955704971,0.0971006524443162,0.0825571347538644
271,271.0,0.071512622908266,0.1661372579797796,0.245133992421343,0.111438913752318,0.0976700235957927,0.1285296974409713,0.0972007127145937,0.0823767791869355
272,272.0,0.0709711834666205,0.1674580306371361,0.2447429360471121,0.1119186777117611,0.0967066617578473,0.128305333093416,0.0977244570190654,0.0821727202670413
273,273.0,0.0704477239689655,0.1686985980371916,0.244308283855154,0.1123062951437758,0.0958028915029163,0.1280562155840997,0.0981983089808745,0.0821816829270225
274,274.0,0.0699451947537595,0.1700624221028899,0.2436561857141531,0.1126055390170554,0.0949613051131285,0.1277513319119985,0.098832370702874,0.0821856506841407
275,275.0,0.0694660549917736,0.1713313141331932,0.2429748840630004,0.1128207317996919,0.0941836269727313,0.1274252121559347,0.0996140387188363,0.0821841371648384
276,276.0,0.069016378411402,0.1725095262180469,0.2422042670897714,0.1131898200289155,0.0934748643142862,0.1270450734520092,0.1003751223014244,0.082184948184144
277,277.0,0.0685904031401231,0.1737079422950515,0.2413454624463825,0.1134878092203758,0.0928065637694179,0.1268142933551213,0.1010814196113856,0.0821661061621419
278,278.0,0.0682679088540974,0.176011517594918,0.2406524461356495,0.1138748043124941,0.0922582126855353,0.1258402068339279,0.1012199615620829,0.0818749420212945
279,279.0,0.067964523905104,0.1782990711431628,0.2399437994177455,0.114172130158063,0.091749471613187,0.1250285612298273,0.1012839915239963,0.0815584510089137
280,280.0,0.067636119293663,0.1806405604909333,0.2394332961170624,0.1145413865942542,0.0912354923950356,0.1241064870595323,0.1012332964735648,0.081173361575954
281,281.0,0.0673276104483942,0.1827012696638541,0.2389105328215739,0.1152597534517338,0.0907603649679911,0.1231521921586364,0.1011172617845123,0.0807710147033037
282,282.0,0.0670471292021846,0.1844962192575772,0.2385970155436496,0.1159064221701064,0.0903273864257045,0.1220692985460714,0.1011932647831686,0.0803632640715373
283,283.0,0.0667943755840325,0.1860270891922548,0.2383271118471476,0.1162808877818677,0.0899354635708917,0.1212560067164512,0.1014255458387012,0.0799535194686528
284,284.0,0.0665583234923954,0.1872798947739513,0.2379249791518932,0.1165592778900892,0.0895766698550187,0.1205622696764961,0.1020068133029758,0.07953177185718
285,285.0,0.066346256185172,0.1882772859020742,0.2376075969693283,0.1167682702907487,0.0892534873892327,0.1201034851825281,0.1025346230377425,0.0791089950431731
286,286.0,0.0661499008467847,0.1890131881644522,0.2375118960860954,0.1168888043016858,0.0889605300395971,0.1196015920638259,0.1029808064090015,0.0788932820885569
287,287.0,0.065939230942969,0.1898077063556729,0.2374569842084931,0.1170824353833751,0.0886630828763623,0.1190775339168685,0.1033342645949051,0.0786387617213536
288,288.0,0.0657220149469473,0.1907353535054398,0.2374465776066416,0.1171690244174047,0.0883807677552686,0.1185494689998638,0.1036249126582821,0.0783718801101517
289,289.0,0.0655108910067523,0.1912630293262922,0.2374973985679169,0.1175137134100363,0.0881209352630994,0.1181007907445627,0.1038847902049273,0.0781084514764124
290,290.0,0.0652930323477567,0.1918967965760201,0.2378917393880058,0.1177245003774443,0.0878767710576609,0.1176205812039993,0.1038601430488318,0.0778364360002806
291,291.0,0.0650738714128109,0.1921500571779246,0.2383751298628213,0.1182850423513444,0.0876483366715565,0.1171634936335448,0.1037461576175131,0.0775579112724841
292,292.0,0.0648769105110484,0.1922935472780037,0.2386131242939566,0.1187892322008641,0.0876090390904178,0.1167529671840817,0.1037679336032108,0.0772972458384166
293,293.0,0.0646993965006964,0.1923340649506671,0.2387981943765214,0.1194265028755813,0.0875992298055521,0.1163655954789867,0.1037267610838929,0.0770502549281018
294,294.0,0.0645213153073608,0.1924995181928019,0.2390576071691444,0.1199147494983706,0.0875982488329788,0.1160014097389094,0.1036071542912344,0.0767999969691993
295,295.0,0.0643637565229781,0.1925804968046833,0.2394062977789892,0.1203405433394653,0.0876244752128993,0.1156809852864537,0.1034351202044446,0.0765683248500862
296,296.0,0.064203178694241,0.1922537895977361,0.2397718736142415,0.1206222348685376,0.0876369111361545,0.1157866104741363,0.1032047451310277,0.076520656483925
297,297.0,0.0640397051767035,0.1920516181564248,0.2402475541301596,0.1207730657134128,0.0876521104179034,0.1158416814722389,0.1029233730111497,0.0764708919220069
298,298.0,0.0638723097527317,0.1921496761926303,0.2405336846645383,0.1207998907825239,0.0876647913782679,0.1158252386124476,0.1025948244600881,0.0765595841567719
299,299.0,0.0637088110251933,0.1923669506623484,0.2408346788168087,0.120728874976851,0.0876775346088722,0.1157894759416315,0.1022485783348964,0.0766450956333981
300,300.0,0.0635620821869506,0.1926450252882397,0.241120401078144,0.1206073523480858,0.0876914527816949,0.1157707640177071,0.1018810865662048,0.0767218357329727
301,301.0,0.0634387879453393,0.1929957349029052,0.2417952562217676,0.1206753910436694,0.0877124193309496,0.1153893477100125,0.1011903922343441,0.076802670611012
302,302.0,0.0633325138001383,0.1934099642423093,0.2426217822507685,0.1206979254391031,0.0877279856560935,0.1148643137126585,0.1004797059258182,0.0768658089731101
303,303.0,0.0632251060517779,0.1939293534008277,0.2435197949715311,0.1206080129993535,0.0877342020181262,0.1143321700040481,0.0997400366631445,0.0769113238911906
304,304.0,0.0631222503551188,0.1945507193809972,0.2443732701471902,0.1204332463641218,0.0877382000301801,0.1138192922798768,0.0990113348841303,0.0769516865583844
305,305.0,0.0630364248238623,0.1951266984598985,0.2451900315424043,0.1202433824288325,0.0877520663090372,0.1133407874808472,0.0983116956201045,0.076998913335013
306,306.0,0.062947473975453,0.1956904638877895,0.2458385280921942,0.119945275956206,0.087744479302827,0.1128714357470585,0.0977626382106397,0.0771997048278316
307,307.0,0.062878385942501,0.1962923459458212,0.2464923437504146,0.1196050589531708,0.0877274401744852,0.1123721935227877,0.0972632279028773,0.0773690038079417
308,308.0,0.0628173996894487,0.1967515750611555,0.2471659599722565,0.1192289598673174,0.0877011205245753,0.112079685977301,0.0967490765253388,0.0775062223826062
309,309.0,0.0627603555151475,0.1969558687853649,0.2476291997850868,0.119111238598629,0.0876758113791233,0.1117932010034817,0.0964361445375993,0.077638180395567
310,310.0,0.0626954119172018,0.1972099372690272,0.2482322258925096,0.118900636228375,0.0876399971829305,0.1114830534856488,0.0960900926708516,0.0777486453534551
311,311.0,0.0626271445564738,0.1974879388831482,0.2488212801085763,0.1186425558098897,0.0875867118606763,0.1111255731788123,0.0958937023158474,0.0778150932865755
312,312.0,0.0625564730102197,0.1979689285656638,0.2493112082930954,0.1183179918316436,0.0875233671578257,0.1107702224142368,0.0956940624018147,0.0778577463255
313,313.0,0.0624871857218029,0.1983837730393826,0.2499364027925263,0.1179706675450116,0.0874598327792199,0.1104045042182462,0.0954692706786734,0.0778883632251369
314,314.0,0.0624198353802809,0.1991749206092856,0.2501479876873519,0.1175810827659005,0.0875450108273704,0.1099647566801108,0.0949564219833321,0.0782099840663676
315,315.0,0.062354519823409,0.2000290678399407,0.2503030079362963,0.1171550675655282,0.0876264326717861,0.1095533073293654,0.0944614138307511,0.0785171830029229
316,316.0,0.0622960119757635,0.2009492504758322,0.2505268319698863,0.1167036256575368,0.0877043545148443,0.1090197408661898,0.0939937196674445,0.0788064648725022
317,317.0,0.0622338556385434,0.2020861970887736,0.2504501725452037,0.1162002441804905,0.0877788489352103,0.1085186915764193,0.0936509674325879,0.079081022602771
318,318.0,0.0621785820536112,0.2031580544042128,0.2503911885195603,0.115707589513162,0.0878522215295891,0.1080551392003298,0.0933186770824057,0.079338547697129
319,319.0,0.0621252310229304,0.2041439753412354,0.250278377538491,0.1152228625284558,0.0879225201560762,0.1077365555136333,0.092991476867975,0.0795790010312027
320,320.0,0.0620736991028246,0.2050413602326392,0.2502546040606839,0.114749005981562,0.087989126875917,0.1074206122136178,0.0926701286343544,0.0798014628984009
321,321.0,0.0620215557986736,0.2058441281281113,0.2500423043016931,0.1144284492829463,0.0880491973600302,0.1071054927399033,0.0925082430167813,0.0800006293718606
322,322.0,0.0619750643196936,0.2065709184796748,0.2498632814179052,0.114124235757472,0.0881055430869956,0.1068262452436656,0.0923552783265976,0.0801794333679954
323,323.0,0.0619341476038773,0.2072221075496449,0.2495705717980641,0.1138479728195731,0.0881559842085439,0.106879381910053,0.0920536766766617,0.0803361574335818
324,324.0,0.0619004682072577,0.2078023653058636,0.249414646472492,0.1136014389050624,0.0882042285043834,0.1069653884893381,0.0916345891990101,0.0804768749165923
325,325.0,0.0618580662443736,0.2083822563759695,0.2492581515423522,0.1133126185902612,0.0882375730986992,0.1070332166561287,0.0911839143914727,0.0807342031007425
326,326.0,0.0618201223569397,0.2088894092768347,0.2491456755405544,0.1130401980689979,0.0882662393322878,0.1071240858241875,0.0907459372482727,0.0809683323519249
327,327.0,0.0616150618107965,0.2095093253548706,0.2489857686494094,0.1127884306240987,0.0882984210756976,0.1071427754861898,0.0904691850350053,0.0811910319639318
328,328.0,0.0614136482831179,0.2100548477327367,0.2487756895403374,0.1125511316993891,0.0883218070169089,0.1072968503327235,0.0902024874832271,0.0813835379115591
329,329.0,0.0612172371725945,0.2105273724871916,0.2486600444405319,0.1123282068156449,0.0883366001235921,0.1074387176587534,0.0899457589041424,0.081546062397549
330,330.0,0.0610270050081346,0.2109288994520694,0.2486374392794104,0.112119450356432,0.0883430790913096,0.1075661484064783,0.0896988621044038,0.0816791163017616
331,331.0,0.0608372077168437,0.2114866570130819,0.2484266645317654,0.1118840721649855,0.088334840020209,0.1078057142717889,0.0894481183611386,0.0817767259201869
332,332.0,0.0606554980691535,0.2119748091498003,0.2483098671056292,0.1116625720927959,0.0883190965522513,0.1080245148960745,0.0892069334435563,0.0818467086907387
333,333.0,0.0604861720684137,0.2126600865317744,0.2481966698902799,0.1114671731080005,0.0883017102826459,0.1082473406853843,0.0887398569493033,0.0819009904841977
334,334.0,0.0603215199675615,0.2131085689348826,0.2481270486154699,0.1114982312374567,0.0882748547118786,0.1084616418369828,0.0882792095297342,0.0819289251660334
335,335.0,0.0601622626972804,0.2133303263771487,0.2479705200631935,0.1114989434254517,0.0884831895644612,0.1086655397326589,0.0879570679798114,0.0819321501599939
336,336.0,0.0600127606390022,0.2137251813432666,0.247768782592957,0.1114730927301485,0.0886828540990218,0.1087673721010738,0.0876462916421421,0.0819236648523877
337,337.0,0.0598678173602623,0.2141332299976652,0.247521178135794,0.11141539256751,0.0888614111865482,0.1089710041893169,0.0873417679965488,0.0818881985663542
338,338.0,0.0597513466935697,0.2138740211616039,0.247727089387552,0.1110594204786835,0.0894739645998179,0.1089811381580648,0.0872355199865333,0.0818974995341744
339,339.0,0.0596415261816273,0.2136389719345116,0.2479789781765983,0.110685397500899,0.0900563001140396,0.1089579702558801,0.0871530877882003,0.0818877680482436
340,340.0,0.0595449560902464,0.2131811363308818,0.2482337327753184,0.1103323087562698,0.0906224957708553,0.1089306888845045,0.0870990812185318,0.0820556001733915
341,341.0,0.0594597338684083,0.2126909515913181,0.2485301857234245,0.1099923324496675,0.0911669603895611,0.1088968917848179,0.0870526792618397,0.0822102649309626
342,342.0,0.0593854602696546,0.2121763211133649,0.2488643530630009,0.1096668570100212,0.0916863057460585,0.1088573351372033,0.0870121852957246,0.0823511823649717
343,343.0,0.0593334428297586,0.2117152508612104,0.2494794599415405,0.1093923232565605,0.0921895099750975,0.1087264196772279,0.0866738443195778,0.0824897491390266
344,344.0,0.0592878710056694,0.2113185247302897,0.2500781991551868,0.1091087104698755,0.0926493882098207,0.1085901122543751,0.0863538398997219,0.0826133542750606
345,345.0,0.0592861572211121,0.2113666262607874,0.2506126525141885,0.1088556988233359,0.0930053178953465,0.1081307735490829,0.086107373458025,0.0826354002781213
346,346.0,0.0593015164501882,0.2114412873455406,0.250939234494362,0.1086353188328672,0.0933452179291221,0.1077744531333565,0.085892529111687,0.0826704427028761
347,347.0,0.0592955977838214,0.2114243570630513,0.2512241495424943,0.108369957359196,0.0939855942864782,0.1073929602604704,0.0856706322227792,0.082636751481709
348,348.0,0.0592884119424671,0.2113945826132846,0.2513991933224615,0.1080749785315759,0.0945534331170897,0.1070027280920598,0.0857290924155755,0.0825575799654854
349,349.0,0.059304937017714,0.2114681536324386,0.2513061416890016,0.1078514536517184,0.0951011792824483,0.1067870936629301,0.0856948363906767,0.0824862046730718
350,350.0,0.0593221210190297,0.2116011318324961,0.2511125264304378,0.1076162766441113,0.0957088831111143,0.1065795181655723,0.0856577136800552,0.0824018291171829
351,351.0,0.0593407093047049,0.2120149009037247,0.2506780475789813,0.1073786149378307,0.0962600594288713,0.1063834857428441,0.085634139552106,0.0823100425509367
352,352.0,0.0596520016261252,0.2109557032956472,0.2516045982345834,0.1072783822790827,0.0955955209228791,0.1063022286612588,0.0859180629796184,0.0826935020008048
353,353.0,0.0599527489266455,0.2099619252888143,0.2525190548719381,0.107381393229799,0.0948650254771756,0.1061528532133244,0.086142622328482,0.0830243766638209
354,354.0,0.061129996322353,0.2088473084804013,0.2531229416747302,0.1073445718654996,0.0941340765467894,0.1058651534562434,0.0863646934679708,0.083191258186012
355,355.0,0.0621075104094808,0.2077650421433559,0.2544590167961094,0.1072156174909327,0.0932739759191462,0.1054884035035664,0.0864635446763403,0.0832268890610679
356,356.0,0.0630551999442813,0.2068691905341384,0.2556752614626584,0.1070600677907009,0.0923717497954911,0.1051124710192199,0.0866359233925871,0.0832201360609226
357,357.0,0.0638243235668146,0.2060306975147875,0.2564225807733001,0.1068361827969245,0.0913939042863307,0.104889357842765,0.0866335610507612,0.0839693921683161
358,358.0,0.0645559969464568,0.2052879941701645,0.2571166867662973,0.1066068008708765,0.0904190380870397,0.1046835395477647,0.0866292156556011,0.084700727955799
359,359.0,0.065246431923484,0.2046423917697061,0.2577557432632678,0.1063732503735296,0.0894557361277583,0.104495128378807,0.0866229125161755,0.0854084056472713
360,360.0,0.0658991594318397,0.204055051542935,0.2580984372030608,0.1061680998665526,0.0885309420468269,0.1045051713534415,0.0866401391975979,0.0861029993577453
361,361.0,0.0665071780566141,0.2035135800672987,0.2584270206625335,0.1059749686209813,0.0876415632238331,0.1045311503256423,0.0866403775719928,0.0867641614711039
362,362.0,0.0671902317698326,0.203202080197722,0.257564230795256,0.1060575893635501,0.0869142114326192,0.104542600616303,0.0870192665458945,0.0875097892788222
363,363.0,0.067821459358268,0.2029854947873304,0.2566980174140305,0.1061278695035992,0.0862179398148393,0.1045631251347621,0.0873748252402116,0.0882112687469586
364,364.0,0.0693548776164298,0.2027974863451389,0.2541439061706675,0.1058862467108967,0.0865678244681892,0.1044042214947019,0.0877105471815925,0.0891348900123832
365,365.0,0.0708276691468243,0.2026492466046424,0.2515239976650044,0.1056531553159117,0.086955462176386,0.1042562700292768,0.0881249696624916,0.0900092293994626
366,366.0,0.0721330387781786,0.2024591040834182,0.2489883887878164,0.1061216693499197,0.0871763822762745,0.103985514063202,0.0884015872035652,0.0907343154576253
367,367.0,0.0732852976633343,0.2021089596069219,0.2464266790642366,0.1063527887070899,0.0882611461394624,0.1036508623627059,0.0885858211378161,0.0913284453184326
368,368.0,0.0742910497914217,0.2017760164245319,0.2439053493238321,0.1071416378211432,0.0891509382180605,0.1032637926384362,0.0886717747425233,0.0917994410400509
369,369.0,0.0751746870135249,0.2022670365951545,0.2413717411012118,0.107949472171273,0.0898928617417768,0.1024081609933708,0.0887253967788014,0.0922106436048866
370,370.0,0.0759742114942164,0.2028296387032219,0.2389426096911335,0.1087293716751328,0.0906172044320397,0.101575426411566,0.0887635954989439,0.0925679420937454
371,371.0,0.0766870579980339,0.2033748701411613,0.2365495362777148,0.1094660327932584,0.091324716270357,0.1007422182064065,0.0889853956485281,0.0928701726645398
372,372.0,0.0773195227286624,0.2039323137588576,0.2342889557319988,0.1101801971082215,0.0920147620945761,0.0999454570484949,0.0891942148547842,0.0931245766744041
373,373.0,0.0786974950402904,0.2046050640120485,0.2322251696276177,0.1103175221077383,0.0920777924434688,0.0992444108996306,0.0894442080749275,0.0933883377942778
374,374.0,0.0798795679085019,0.2059246238729169,0.2302185976686398,0.1103560322784944,0.0918965548523463,0.0985317468916291,0.0896387136871001,0.0935541628403713
375,375.0,0.0808760550788618,0.2071273290103957,0.2283155406133939,0.1104383251834292,0.0915909829425338,0.0978155197080972,0.0895405741398672,0.0942956733234209
