,Unnamed: 0,Total_iterations,Intertwine_two,Add_vertex,Delete_vertex,Invert_path_vertices,Insert_inside_vertex,Delete_inside_vertex
0,0.0,0.0,0.16666666666666669,0.16666666666666669,0.16666666666666669,0.16666666666666669,0.16666666666666669,0.16666666666666669
1,1.0,1.0,0.16666666666666669,0.16666666666666669,0.16666666666666669,0.16666666666666669,0.16666666666666669,0.16666666666666669
2,2.0,2.0,0.16666666666666669,0.16666666666666669,0.16666666666666669,0.16666666666666669,0.16666666666666669,0.16666666666666669
3,3.0,3.0,0.16666666666666669,0.16666666666666669,0.16666666666666669,0.16666666666666669,0.16666666666666669,0.16666666666666669
4,4.0,4.0,0.16666666666666669,0.16666666666666669,0.16666666666666669,0.16666666666666669,0.16666666666666669,0.16666666666666669
5,5.0,5.0,0.16666666666666669,0.16666666666666669,0.16666666666666669,0.16666666666666669,0.16666666666666669,0.16666666666666669
6,6.0,6.0,0.16666666666666669,0.16666666666666669,0.16666666666666669,0.16666666666666669,0.16666666666666669,0.16666666666666669
7,7.0,7.0,0.16666666666666669,0.16666666666666669,0.16666666666666669,0.16666666666666669,0.16666666666666669,0.16666666666666669
8,8.0,8.0,0.16666666666666669,0.16666666666666669,0.16666666666666669,0.16666666666666669,0.16666666666666669,0.16666666666666669
9,9.0,9.0,0.16666666666666669,0.16666666666666669,0.16666666666666669,0.16666666666666669,0.16666666666666669,0.16666666666666669
10,10.0,10.0,0.16666666666666669,0.16666666666666669,0.16666666666666669,0.16666666666666669,0.16666666666666669,0.16666666666666669
11,11.0,11.0,0.16666666666666669,0.16666666666666669,0.16666666666666669,0.16666666666666669,0.16666666666666669,0.16666666666666669
12,12.0,12.0,0.16666666666666669,0.16666666666666669,0.16666666666666669,0.16666666666666669,0.16666666666666669,0.16666666666666669
13,13.0,13.0,0.16666666666666669,0.16666666666666669,0.16666666666666669,0.16666666666666669,0.16666666666666669,0.16666666666666669
14,14.0,14.0,0.16666666666666669,0.16666666666666669,0.16666666666666669,0.16666666666666669,0.16666666666666669,0.16666666666666669
15,15.0,15.0,0.16666666666666669,0.16666666666666669,0.16666666666666669,0.16666666666666669,0.16666666666666669,0.16666666666666669
16,16.0,16.0,0.16666666666666669,0.16666666666666669,0.16666666666666669,0.16666666666666669,0.16666666666666669,0.16666666666666669
17,17.0,17.0,0.16666666666666669,0.16666666666666669,0.16666666666666669,0.16666666666666669,0.16666666666666669,0.16666666666666669
18,18.0,18.0,0.16666666666666669,0.16666666666666669,0.16666666666666669,0.16666666666666669,0.16666666666666669,0.16666666666666669
19,19.0,19.0,0.16666666666666669,0.16666666666666669,0.16666666666666669,0.16666666666666669,0.16666666666666669,0.16666666666666669
20,20.0,20.0,0.16666666666666669,0.16666666666666669,0.16666666666666669,0.16666666666666669,0.16666666666666669,0.16666666666666669
21,21.0,21.0,0.16666666666666669,0.16666666666666669,0.16666666666666669,0.16666666666666669,0.16666666666666669,0.16666666666666669
22,22.0,22.0,0.16666666666666669,0.16666666666666669,0.16666666666666669,0.16666666666666669,0.16666666666666669,0.16666666666666669
23,23.0,23.0,0.16666666666666669,0.16666666666666669,0.16666666666666669,0.16666666666666669,0.16666666666666669,0.16666666666666669
24,24.0,24.0,0.16666666666666669,0.16666666666666669,0.16666666666666669,0.16666666666666669,0.16666666666666669,0.16666666666666669
25,25.0,25.0,0.16666666666666669,0.16666666666666669,0.16666666666666669,0.16666666666666669,0.16666666666666669,0.16666666666666669
26,26.0,26.0,0.16666666666666669,0.16666666666666669,0.16666666666666669,0.16666666666666669,0.16666666666666669,0.16666666666666669
27,27.0,27.0,0.16666666666666669,0.16666666666666669,0.16666666666666669,0.16666666666666669,0.16666666666666669,0.16666666666666669
28,28.0,28.0,0.16666666666666669,0.16666666666666669,0.16666666666666669,0.16666666666666669,0.16666666666666669,0.16666666666666669
29,29.0,29.0,0.16666666666666669,0.16666666666666669,0.16666666666666669,0.16666666666666669,0.16666666666666669,0.16666666666666669
30,30.0,30.0,0.16666666666666669,0.16666666666666669,0.16666666666666669,0.16666666666666669,0.16666666666666669,0.16666666666666669
31,31.0,31.0,0.16666666666666669,0.16666666666666669,0.16666666666666669,0.16666666666666669,0.16666666666666669,0.16666666666666669
32,32.0,32.0,0.16666666666666669,0.16666666666666669,0.16666666666666669,0.16666666666666669,0.16666666666666669,0.16666666666666669
33,33.0,33.0,0.16666666666666669,0.16666666666666669,0.16666666666666669,0.16666666666666669,0.16666666666666669,0.16666666666666669
34,34.0,34.0,0.16666666666666669,0.16666666666666669,0.16666666666666669,0.16666666666666669,0.16666666666666669,0.16666666666666669
35,35.0,35.0,0.16666666666666669,0.16666666666666669,0.16666666666666669,0.16666666666666669,0.16666666666666669,0.16666666666666669
36,36.0,36.0,0.16666666666666669,0.16666666666666669,0.16666666666666669,0.16666666666666669,0.16666666666666669,0.16666666666666669
37,37.0,37.0,0.16666666666666669,0.16666666666666669,0.16666666666666669,0.16666666666666669,0.16666666666666669,0.16666666666666669
38,38.0,38.0,0.16666666666666669,0.16666666666666669,0.16666666666666669,0.16666666666666669,0.16666666666666669,0.16666666666666669
39,39.0,39.0,0.16666666666666669,0.16666666666666669,0.16666666666666669,0.16666666666666669,0.16666666666666669,0.16666666666666669
40,40.0,40.0,0.16666666666666669,0.16666666666666669,0.16666666666666669,0.16666666666666669,0.16666666666666669,0.16666666666666669
41,41.0,41.0,0.16666666666666669,0.16666666666666669,0.16666666666666669,0.16666666666666669,0.16666666666666669,0.16666666666666669
42,42.0,42.0,0.16666666666666669,0.16666666666666669,0.16666666666666669,0.16666666666666669,0.16666666666666669,0.16666666666666669
43,43.0,43.0,0.16666666666666669,0.16666666666666669,0.16666666666666669,0.16666666666666669,0.16666666666666669,0.16666666666666669
44,44.0,44.0,0.16666666666666669,0.16666666666666669,0.16666666666666669,0.16666666666666669,0.16666666666666669,0.16666666666666669
45,45.0,45.0,0.16666666666666669,0.16666666666666669,0.16666666666666669,0.16666666666666669,0.16666666666666669,0.16666666666666669
46,46.0,46.0,0.16666666666666669,0.16666666666666669,0.16666666666666669,0.16666666666666669,0.16666666666666669,0.16666666666666669
47,47.0,47.0,0.16666666666666669,0.16666666666666669,0.16666666666666669,0.16666666666666669,0.16666666666666669,0.16666666666666669
48,48.0,48.0,0.16666666666666669,0.16666666666666669,0.16666666666666669,0.16666666666666669,0.16666666666666669,0.16666666666666669
49,49.0,49.0,0.16666666666666669,0.16666666666666669,0.16666666666666669,0.16666666666666669,0.16666666666666669,0.16666666666666669
50,50.0,50.0,0.16666666666666669,0.16666666666666669,0.16666666666666669,0.16666666666666669,0.16666666666666669,0.16666666666666669
51,51.0,51.0,0.16666666666666669,0.16666666666666669,0.16666666666666669,0.16666666666666669,0.16666666666666669,0.16666666666666669
52,52.0,52.0,0.16666666666666669,0.16666666666666669,0.16666666666666669,0.16666666666666669,0.16666666666666669,0.16666666666666669
53,53.0,53.0,0.16666666666666669,0.16666666666666669,0.16666666666666669,0.16666666666666669,0.16666666666666669,0.16666666666666669
54,54.0,54.0,0.16666666666666669,0.16666666666666669,0.16666666666666669,0.16666666666666669,0.16666666666666669,0.16666666666666669
55,55.0,55.0,0.16666666666666669,0.16666666666666669,0.16666666666666669,0.16666666666666669,0.16666666666666669,0.16666666666666669
56,56.0,56.0,0.16666666666666669,0.16666666666666669,0.16666666666666669,0.16666666666666669,0.16666666666666669,0.16666666666666669
57,57.0,57.0,0.16666666666666669,0.16666666666666669,0.16666666666666669,0.16666666666666669,0.16666666666666669,0.16666666666666669
58,58.0,58.0,0.16666666666666669,0.16666666666666669,0.16666666666666669,0.16666666666666669,0.16666666666666669,0.16666666666666669
59,59.0,59.0,0.16666666666666669,0.16666666666666669,0.16666666666666669,0.16666666666666669,0.16666666666666669,0.16666666666666669
60,60.0,60.0,0.16666666666666669,0.16666666666666669,0.16666666666666669,0.16666666666666669,0.16666666666666669,0.16666666666666669
61,61.0,61.0,0.16666666666666669,0.16666666666666669,0.16666666666666669,0.16666666666666669,0.16666666666666669,0.16666666666666669
62,62.0,62.0,0.16666666666666669,0.16666666666666669,0.16666666666666669,0.16666666666666669,0.16666666666666669,0.16666666666666669
63,63.0,63.0,0.16666666666666669,0.16666666666666669,0.16666666666666669,0.16666666666666669,0.16666666666666669,0.16666666666666669
64,64.0,64.0,0.16666666666666669,0.16666666666666669,0.16666666666666669,0.16666666666666669,0.16666666666666669,0.16666666666666669
65,65.0,65.0,0.16666666666666669,0.16666666666666669,0.16666666666666669,0.16666666666666669,0.16666666666666669,0.16666666666666669
66,66.0,66.0,0.16666666666666669,0.16666666666666669,0.16666666666666669,0.16666666666666669,0.16666666666666669,0.16666666666666669
67,67.0,67.0,0.16666666666666669,0.16666666666666669,0.16666666666666669,0.16666666666666669,0.16666666666666669,0.16666666666666669
68,68.0,68.0,0.16666666666666669,0.16666666666666669,0.16666666666666669,0.16666666666666669,0.16666666666666669,0.16666666666666669
69,69.0,69.0,0.16666666666666669,0.16666666666666669,0.16666666666666669,0.16666666666666669,0.16666666666666669,0.16666666666666669
70,70.0,70.0,0.16666666666666669,0.16666666666666669,0.16666666666666669,0.16666666666666669,0.16666666666666669,0.16666666666666669
71,71.0,71.0,0.16666666666666669,0.16666666666666669,0.16666666666666669,0.16666666666666669,0.16666666666666669,0.16666666666666669
72,72.0,72.0,0.16666666666666669,0.16666666666666669,0.16666666666666669,0.16666666666666669,0.16666666666666669,0.16666666666666669
73,73.0,73.0,0.16666666666666669,0.16666666666666669,0.16666666666666669,0.16666666666666669,0.16666666666666669,0.16666666666666669
74,74.0,74.0,0.16666666666666669,0.16666666666666669,0.16666666666666669,0.16666666666666669,0.16666666666666669,0.16666666666666669
75,75.0,75.0,0.16666666666666669,0.16666666666666669,0.16666666666666669,0.16666666666666669,0.16666666666666669,0.16666666666666669
76,76.0,76.0,0.16666666666666669,0.16666666666666669,0.16666666666666669,0.16666666666666669,0.16666666666666669,0.16666666666666669
77,77.0,77.0,0.16666666666666669,0.16666666666666669,0.16666666666666669,0.16666666666666669,0.16666666666666669,0.16666666666666669
78,78.0,78.0,0.16666666666666669,0.16666666666666669,0.16666666666666669,0.16666666666666669,0.16666666666666669,0.16666666666666669
79,79.0,79.0,0.16666666666666669,0.16666666666666669,0.16666666666666669,0.16666666666666669,0.16666666666666669,0.16666666666666669
80,80.0,80.0,0.16666666666666669,0.16666666666666669,0.16666666666666669,0.16666666666666669,0.16666666666666669,0.16666666666666669
81,81.0,81.0,0.16666666666666669,0.16666666666666669,0.16666666666666669,0.16666666666666669,0.16666666666666669,0.16666666666666669
82,82.0,82.0,0.16666666666666669,0.16666666666666669,0.16666666666666669,0.16666666666666669,0.16666666666666669,0.16666666666666669
83,83.0,83.0,0.16666666666666669,0.16666666666666669,0.16666666666666669,0.16666666666666669,0.16666666666666669,0.16666666666666669
84,84.0,84.0,0.16666666666666669,0.16666666666666669,0.16666666666666669,0.16666666666666669,0.16666666666666669,0.16666666666666669
85,85.0,85.0,0.16666666666666669,0.16666666666666669,0.16666666666666669,0.16666666666666669,0.16666666666666669,0.16666666666666669
86,86.0,86.0,0.16666666666666669,0.16666666666666669,0.16666666666666669,0.16666666666666669,0.16666666666666669,0.16666666666666669
87,87.0,87.0,0.16666666666666669,0.16666666666666669,0.16666666666666669,0.16666666666666669,0.16666666666666669,0.16666666666666669
88,88.0,88.0,0.16666666666666669,0.16666666666666669,0.16666666666666669,0.16666666666666669,0.16666666666666669,0.16666666666666669
89,89.0,89.0,0.16666666666666669,0.16666666666666669,0.16666666666666669,0.16666666666666669,0.16666666666666669,0.16666666666666669
90,90.0,90.0,0.16666666666666669,0.16666666666666669,0.16666666666666669,0.16666666666666669,0.16666666666666669,0.16666666666666669
91,91.0,91.0,0.16666666666666669,0.16666666666666669,0.16666666666666669,0.16666666666666669,0.16666666666666669,0.16666666666666669
92,92.0,92.0,0.16666666666666669,0.16666666666666669,0.16666666666666669,0.16666666666666669,0.16666666666666669,0.16666666666666669
93,93.0,93.0,0.16666666666666669,0.16666666666666669,0.16666666666666669,0.16666666666666669,0.16666666666666669,0.16666666666666669
94,94.0,94.0,0.16666666666666669,0.16666666666666669,0.16666666666666669,0.16666666666666669,0.16666666666666669,0.16666666666666669
95,95.0,95.0,0.16666666666666669,0.16666666666666669,0.16666666666666669,0.16666666666666669,0.16666666666666669,0.16666666666666669
96,96.0,96.0,0.16666666666666669,0.16666666666666669,0.16666666666666669,0.16666666666666669,0.16666666666666669,0.16666666666666669
97,97.0,97.0,0.16666666666666669,0.16666666666666669,0.16666666666666669,0.16666666666666669,0.16666666666666669,0.16666666666666669
98,98.0,98.0,0.16666666666666669,0.16666666666666669,0.16666666666666669,0.16666666666666669,0.16666666666666669,0.16666666666666669
99,99.0,99.0,0.16666666666666669,0.16666666666666669,0.16666666666666669,0.16666666666666669,0.16666666666666669,0.16666666666666669
100,100.0,100.0,0.16666666666666669,0.16666666666666669,0.16666666666666669,0.16666666666666669,0.16666666666666669,0.16666666666666669
101,101.0,101.0,0.16666666666666669,0.16666666666666669,0.16666666666666669,0.16666666666666669,0.16666666666666669,0.16666666666666669
102,102.0,102.0,0.16666666666666669,0.16666666666666669,0.16666666666666669,0.16666666666666669,0.16666666666666669,0.16666666666666669
103,103.0,103.0,0.16666666666666669,0.16666666666666669,0.16666666666666669,0.16666666666666669,0.16666666666666669,0.16666666666666669
104,104.0,104.0,0.16666666666666669,0.16666666666666669,0.16666666666666669,0.16666666666666669,0.16666666666666669,0.16666666666666669
105,105.0,105.0,0.16666666666666669,0.16666666666666669,0.16666666666666669,0.16666666666666669,0.16666666666666669,0.16666666666666669
106,106.0,106.0,0.16666666666666669,0.16666666666666669,0.16666666666666669,0.16666666666666669,0.16666666666666669,0.16666666666666669
107,107.0,107.0,0.16666666666666669,0.16666666666666669,0.16666666666666669,0.16666666666666669,0.16666666666666669,0.16666666666666669
108,108.0,108.0,0.16666666666666669,0.16666666666666669,0.16666666666666669,0.16666666666666669,0.16666666666666669,0.16666666666666669
109,109.0,109.0,0.16666666666666669,0.16666666666666669,0.16666666666666669,0.16666666666666669,0.16666666666666669,0.16666666666666669
110,110.0,110.0,0.16666666666666669,0.16666666666666669,0.16666666666666669,0.16666666666666669,0.16666666666666669,0.16666666666666669
111,111.0,111.0,0.16666666666666669,0.16666666666666669,0.16666666666666669,0.16666666666666669,0.16666666666666669,0.16666666666666669
112,112.0,112.0,0.16666666666666669,0.16666666666666669,0.16666666666666669,0.16666666666666669,0.16666666666666669,0.16666666666666669
113,113.0,113.0,0.16666666666666669,0.16666666666666669,0.16666666666666669,0.16666666666666669,0.16666666666666669,0.16666666666666669
114,114.0,114.0,0.16666666666666669,0.16666666666666669,0.16666666666666669,0.16666666666666669,0.16666666666666669,0.16666666666666669
115,115.0,115.0,0.16666666666666669,0.16666666666666669,0.16666666666666669,0.16666666666666669,0.16666666666666669,0.16666666666666669
116,116.0,116.0,0.16666666666666669,0.16666666666666669,0.16666666666666669,0.16666666666666669,0.16666666666666669,0.16666666666666669
117,117.0,117.0,0.16666666666666669,0.16666666666666669,0.16666666666666669,0.16666666666666669,0.16666666666666669,0.16666666666666669
118,118.0,118.0,0.16666666666666669,0.16666666666666669,0.16666666666666669,0.16666666666666669,0.16666666666666669,0.16666666666666669
119,119.0,119.0,0.16666666666666669,0.16666666666666669,0.16666666666666669,0.16666666666666669,0.16666666666666669,0.16666666666666669
120,120.0,120.0,0.16666666666666669,0.16666666666666669,0.16666666666666669,0.16666666666666669,0.16666666666666669,0.16666666666666669
121,121.0,121.0,0.16666666666666669,0.16666666666666669,0.16666666666666669,0.16666666666666669,0.16666666666666669,0.16666666666666669
122,122.0,122.0,0.16666666666666669,0.16666666666666669,0.16666666666666669,0.16666666666666669,0.16666666666666669,0.16666666666666669
123,123.0,123.0,0.16666666666666669,0.16666666666666669,0.16666666666666669,0.16666666666666669,0.16666666666666669,0.16666666666666669
124,124.0,124.0,0.16666666666666669,0.16666666666666669,0.16666666666666669,0.16666666666666669,0.16666666666666669,0.16666666666666669
125,125.0,125.0,0.16666666666666669,0.16666666666666669,0.16666666666666669,0.16666666666666669,0.16666666666666669,0.16666666666666669
126,126.0,126.0,0.16666666666666669,0.16666666666666669,0.16666666666666669,0.16666666666666669,0.16666666666666669,0.16666666666666669
127,127.0,127.0,0.16666666666666669,0.16666666666666669,0.16666666666666669,0.16666666666666669,0.16666666666666669,0.16666666666666669
128,128.0,128.0,0.16666666666666669,0.16666666666666669,0.16666666666666669,0.16666666666666669,0.16666666666666669,0.16666666666666669
129,129.0,129.0,0.16666666666666669,0.16666666666666669,0.16666666666666669,0.16666666666666669,0.16666666666666669,0.16666666666666669
130,130.0,130.0,0.16666666666666669,0.16666666666666669,0.16666666666666669,0.16666666666666669,0.16666666666666669,0.16666666666666669
131,131.0,131.0,0.16666666666666669,0.16666666666666669,0.16666666666666669,0.16666666666666669,0.16666666666666669,0.16666666666666669
132,132.0,132.0,0.16666666666666669,0.16666666666666669,0.16666666666666669,0.16666666666666669,0.16666666666666669,0.16666666666666669
133,133.0,133.0,0.16666666666666669,0.16666666666666669,0.16666666666666669,0.16666666666666669,0.16666666666666669,0.16666666666666669
134,134.0,134.0,0.16666666666666669,0.16666666666666669,0.16666666666666669,0.16666666666666669,0.16666666666666669,0.16666666666666669
135,135.0,135.0,0.16666666666666669,0.16666666666666669,0.16666666666666669,0.16666666666666669,0.16666666666666669,0.16666666666666669
136,136.0,136.0,0.16666666666666669,0.16666666666666669,0.16666666666666669,0.16666666666666669,0.16666666666666669,0.16666666666666669
137,137.0,137.0,0.16666666666666669,0.16666666666666669,0.16666666666666669,0.16666666666666669,0.16666666666666669,0.16666666666666669
138,138.0,138.0,0.16666666666666669,0.16666666666666669,0.16666666666666669,0.16666666666666669,0.16666666666666669,0.16666666666666669
139,139.0,139.0,0.16666666666666669,0.16666666666666669,0.16666666666666669,0.16666666666666669,0.16666666666666669,0.16666666666666669
140,140.0,140.0,0.16666666666666669,0.16666666666666669,0.16666666666666669,0.16666666666666669,0.16666666666666669,0.16666666666666669
141,141.0,141.0,0.16666666666666669,0.16666666666666669,0.16666666666666669,0.16666666666666669,0.16666666666666669,0.16666666666666669
142,142.0,142.0,0.16666666666666669,0.16666666666666669,0.16666666666666669,0.16666666666666669,0.16666666666666669,0.16666666666666669
143,143.0,143.0,0.16666666666666669,0.16666666666666669,0.16666666666666669,0.16666666666666669,0.16666666666666669,0.16666666666666669
144,144.0,144.0,0.16666666666666669,0.16666666666666669,0.16666666666666669,0.16666666666666669,0.16666666666666669,0.16666666666666669
145,145.0,145.0,0.16666666666666669,0.16666666666666669,0.16666666666666669,0.16666666666666669,0.16666666666666669,0.16666666666666669
146,146.0,146.0,0.16666666666666669,0.16666666666666669,0.16666666666666669,0.16666666666666669,0.16666666666666669,0.16666666666666669
147,147.0,147.0,0.16666666666666669,0.16666666666666669,0.16666666666666669,0.16666666666666669,0.16666666666666669,0.16666666666666669
148,148.0,148.0,0.16666666666666669,0.16666666666666669,0.16666666666666669,0.16666666666666669,0.16666666666666669,0.16666666666666669
149,149.0,149.0,0.16666666666666669,0.16666666666666669,0.16666666666666669,0.16666666666666669,0.16666666666666669,0.16666666666666669
150,150.0,150.0,0.16666666666666669,0.16666666666666669,0.16666666666666669,0.16666666666666669,0.16666666666666669,0.16666666666666669
151,151.0,151.0,0.16666666666666669,0.16666666666666669,0.16666666666666669,0.16666666666666669,0.16666666666666669,0.16666666666666669
152,152.0,152.0,0.16666666666666669,0.16666666666666669,0.16666666666666669,0.16666666666666669,0.16666666666666669,0.16666666666666669
153,153.0,153.0,0.16666666666666669,0.16666666666666669,0.16666666666666669,0.16666666666666669,0.16666666666666669,0.16666666666666669
154,154.0,154.0,0.16666666666666669,0.16666666666666669,0.16666666666666669,0.16666666666666669,0.16666666666666669,0.16666666666666669
155,155.0,155.0,0.16666666666666669,0.16666666666666669,0.16666666666666669,0.16666666666666669,0.16666666666666669,0.16666666666666669
156,156.0,156.0,0.16666666666666669,0.16666666666666669,0.16666666666666669,0.16666666666666669,0.16666666666666669,0.16666666666666669
157,157.0,157.0,0.16666666666666669,0.16666666666666669,0.16666666666666669,0.16666666666666669,0.16666666666666669,0.16666666666666669
158,158.0,158.0,0.16666666666666669,0.16666666666666669,0.16666666666666669,0.16666666666666669,0.16666666666666669,0.16666666666666669
159,159.0,159.0,0.16666666666666669,0.16666666666666669,0.16666666666666669,0.16666666666666669,0.16666666666666669,0.16666666666666669
160,160.0,160.0,0.16666666666666669,0.16666666666666669,0.16666666666666669,0.16666666666666669,0.16666666666666669,0.16666666666666669
161,161.0,161.0,0.16666666666666669,0.16666666666666669,0.16666666666666669,0.16666666666666669,0.16666666666666669,0.16666666666666669
162,162.0,162.0,0.16666666666666669,0.16666666666666669,0.16666666666666669,0.16666666666666669,0.16666666666666669,0.16666666666666669
163,163.0,163.0,0.16666666666666669,0.16666666666666669,0.16666666666666669,0.16666666666666669,0.16666666666666669,0.16666666666666669
164,164.0,164.0,0.16666666666666669,0.16666666666666669,0.16666666666666669,0.16666666666666669,0.16666666666666669,0.16666666666666669
165,165.0,165.0,0.16666666666666669,0.16666666666666669,0.16666666666666669,0.16666666666666669,0.16666666666666669,0.16666666666666669
166,166.0,166.0,0.16666666666666669,0.16666666666666669,0.16666666666666669,0.16666666666666669,0.16666666666666669,0.16666666666666669
167,167.0,167.0,0.16666666666666669,0.16666666666666669,0.16666666666666669,0.16666666666666669,0.16666666666666669,0.16666666666666669
168,168.0,168.0,0.16666666666666669,0.16666666666666669,0.16666666666666669,0.16666666666666669,0.16666666666666669,0.16666666666666669
169,169.0,169.0,0.16666666666666669,0.16666666666666669,0.16666666666666669,0.16666666666666669,0.16666666666666669,0.16666666666666669
170,170.0,170.0,0.16666666666666669,0.16666666666666669,0.16666666666666669,0.16666666666666669,0.16666666666666669,0.16666666666666669
171,171.0,171.0,0.16666666666666669,0.16666666666666669,0.16666666666666669,0.16666666666666669,0.16666666666666669,0.16666666666666669
172,172.0,172.0,0.16666666666666669,0.16666666666666669,0.16666666666666669,0.16666666666666669,0.16666666666666669,0.16666666666666669
173,173.0,173.0,0.16666666666666669,0.16666666666666669,0.16666666666666669,0.16666666666666669,0.16666666666666669,0.16666666666666669
174,174.0,174.0,0.16666666666666669,0.16666666666666669,0.16666666666666669,0.16666666666666669,0.16666666666666669,0.16666666666666669
175,175.0,175.0,0.16666666666666669,0.16666666666666669,0.16666666666666669,0.16666666666666669,0.16666666666666669,0.16666666666666669
176,176.0,176.0,0.16666666666666669,0.16666666666666669,0.16666666666666669,0.16666666666666669,0.16666666666666669,0.16666666666666669
177,177.0,177.0,0.16666666666666669,0.16666666666666669,0.16666666666666669,0.16666666666666669,0.16666666666666669,0.16666666666666669
178,178.0,178.0,0.16666666666666669,0.16666666666666669,0.16666666666666669,0.16666666666666669,0.16666666666666669,0.16666666666666669
179,179.0,179.0,0.16666666666666669,0.16666666666666669,0.16666666666666669,0.16666666666666669,0.16666666666666669,0.16666666666666669
180,180.0,180.0,0.16666666666666669,0.16666666666666669,0.16666666666666669,0.16666666666666669,0.16666666666666669,0.16666666666666669
181,181.0,181.0,0.16666666666666669,0.16666666666666669,0.16666666666666669,0.16666666666666669,0.16666666666666669,0.16666666666666669
182,182.0,182.0,0.16666666666666669,0.16666666666666669,0.16666666666666669,0.16666666666666669,0.16666666666666669,0.16666666666666669
183,183.0,183.0,0.16666666666666669,0.16666666666666669,0.16666666666666669,0.16666666666666669,0.16666666666666669,0.16666666666666669
184,184.0,184.0,0.16666666666666669,0.16666666666666669,0.16666666666666669,0.16666666666666669,0.16666666666666669,0.16666666666666669
185,185.0,185.0,0.16666666666666669,0.16666666666666669,0.16666666666666669,0.16666666666666669,0.16666666666666669,0.16666666666666669
186,186.0,186.0,0.16666666666666669,0.16666666666666669,0.16666666666666669,0.16666666666666669,0.16666666666666669,0.16666666666666669
187,187.0,187.0,0.16666666666666669,0.16666666666666669,0.16666666666666669,0.16666666666666669,0.16666666666666669,0.16666666666666669
188,188.0,188.0,0.16666666666666669,0.16666666666666669,0.16666666666666669,0.16666666666666669,0.16666666666666669,0.16666666666666669
189,189.0,189.0,0.16666666666666669,0.16666666666666669,0.16666666666666669,0.16666666666666669,0.16666666666666669,0.16666666666666669
190,190.0,190.0,0.16666666666666669,0.16666666666666669,0.16666666666666669,0.16666666666666669,0.16666666666666669,0.16666666666666669
191,191.0,191.0,0.16666666666666669,0.16666666666666669,0.16666666666666669,0.16666666666666669,0.16666666666666669,0.16666666666666669
192,192.0,192.0,0.16666666666666669,0.16666666666666669,0.16666666666666669,0.16666666666666669,0.16666666666666669,0.16666666666666669
193,193.0,193.0,0.16666666666666669,0.16666666666666669,0.16666666666666669,0.16666666666666669,0.16666666666666669,0.16666666666666669
194,194.0,194.0,0.16666666666666669,0.16666666666666669,0.16666666666666669,0.16666666666666669,0.16666666666666669,0.16666666666666669
195,195.0,195.0,0.16666666666666669,0.16666666666666669,0.16666666666666669,0.16666666666666669,0.16666666666666669,0.16666666666666669
196,196.0,196.0,0.16666666666666669,0.16666666666666669,0.16666666666666669,0.16666666666666669,0.16666666666666669,0.16666666666666669
197,197.0,197.0,0.16666666666666669,0.16666666666666669,0.16666666666666669,0.16666666666666669,0.16666666666666669,0.16666666666666669
198,198.0,198.0,0.16666666666666669,0.16666666666666669,0.16666666666666669,0.16666666666666669,0.16666666666666669,0.16666666666666669
199,199.0,199.0,0.16666666666666669,0.16666666666666669,0.16666666666666669,0.16666666666666669,0.16666666666666669,0.16666666666666669
200,200.0,200.0,0.1642857142857143,0.1642857142857143,0.1785714285714286,0.1642857142857143,0.1642857142857143,0.1642857142857143
201,201.0,201.0,0.16250000000000003,0.16250000000000003,0.17500000000000002,0.16250000000000003,0.16250000000000003,0.17500000000000002
202,202.0,202.0,0.16250000000000003,0.16250000000000003,0.17500000000000002,0.16250000000000003,0.16250000000000003,0.17500000000000002
203,203.0,203.0,0.16250000000000003,0.17500000000000002,0.17500000000000002,0.16250000000000003,0.16250000000000003,0.16250000000000003
204,204.0,204.0,0.16011904761904763,0.17261904761904764,0.17261904761904764,0.17440476190476192,0.16011904761904763,0.16011904761904763
205,205.0,205.0,0.15833333333333335,0.17083333333333334,0.17083333333333334,0.17083333333333334,0.15833333333333335,0.17083333333333334
206,206.0,206.0,0.15833333333333335,0.17083333333333334,0.17083333333333334,0.17083333333333334,0.15833333333333335,0.17083333333333334
207,207.0,207.0,0.1567614424410541,0.16829056865464637,0.16829056865464637,0.16829056865464637,0.17007628294036065,0.16829056865464637
208,208.0,208.0,0.15242673992673997,0.1639652014652015,0.17742673992673996,0.17825091575091578,0.1639652014652015,0.1639652014652015
209,209.0,209.0,0.1522619047619048,0.16380952380952382,0.1772619047619048,0.17904761904761907,0.16380952380952382,0.16380952380952382
210,210.0,210.0,0.14892557651991617,0.1604821802935011,0.17486897274633126,0.17253668763102728,0.1604821802935011,0.1827044025157233
211,211.0,211.0,0.15781446540880506,0.15937106918238997,0.17375786163522017,0.17031446540880507,0.15937106918238997,0.17937106918238996
212,212.0,212.0,0.15599628359062323,0.15846197827329905,0.17284877072612925,0.1775871926815323,0.15846197827329905,0.17664379645511724
213,213.0,213.0,0.15599628359062323,0.15846197827329905,0.17284877072612925,0.1775871926815323,0.15846197827329905,0.17664379645511724
214,214.0,214.0,0.15599628359062323,0.15846197827329905,0.17284877072612925,0.1775871926815323,0.15846197827329905,0.17664379645511724
215,215.0,215.0,0.15444869253280472,0.15785778344189563,0.16990347399225908,0.1760396016237138,0.1666454262248655,0.17510502218446147
216,216.0,216.0,0.15444869253280472,0.15785778344189563,0.16990347399225908,0.1760396016237138,0.1666454262248655,0.17510502218446147
217,217.0,217.0,0.15444869253280472,0.15785778344189563,0.16896889455300673,0.1760396016237138,0.16758000566411785,0.17510502218446147
218,218.0,218.0,0.15444869253280472,0.15785778344189563,0.16896889455300673,0.1760396016237138,0.16758000566411785,0.17510502218446147
219,219.0,219.0,0.1633375814216936,0.1567466723307845,0.1667466723307845,0.17492849051260267,0.16424667233078452,0.17399391107335033
220,220.0,220.0,0.16151939960351178,0.1558375814216936,0.1740193996035118,0.1740193996035118,0.16151939960351178,0.17308482016425947
221,221.0,221.0,0.16151939960351178,0.1558375814216936,0.1740193996035118,0.1740193996035118,0.16151939960351178,0.17308482016425947
222,222.0,222.0,0.16151939960351178,0.1558375814216936,0.1740193996035118,0.1740193996035118,0.16151939960351178,0.17308482016425947
223,223.0,223.0,0.16151939960351178,0.1558375814216936,0.1740193996035118,0.1740193996035118,0.16151939960351178,0.17308482016425947
224,224.0,224.0,0.16151939960351178,0.1558375814216936,0.1740193996035118,0.1740193996035118,0.16151939960351178,0.17308482016425947
225,225.0,225.0,0.1591384472225594,0.15345662904074123,0.1716384472225594,0.1716384472225594,0.15913844722255938,0.18498958206902133
226,226.0,226.0,0.1591384472225594,0.15345662904074123,0.1716384472225594,0.1716384472225594,0.15913844722255938,0.18498958206902133
227,227.0,227.0,0.15762329570740788,0.15269905328316546,0.16936571994983213,0.17088087146498362,0.16519905328316545,0.18423200631144557
228,228.0,228.0,0.15455553013964232,0.15027231335642552,0.16565692874104093,0.18095413153824372,0.1685415441256563,0.18001955209899137
229,229.0,229.0,0.15316664125075344,0.14888342446753663,0.16426803985215205,0.17817635376046595,0.16715265523676742,0.1883528854323247
230,230.0,230.0,0.15316664125075344,0.14888342446753663,0.16426803985215205,0.17817635376046595,0.16715265523676742,0.1883528854323247
231,231.0,231.0,0.15316664125075344,0.14888342446753663,0.16426803985215205,0.17817635376046595,0.16715265523676742,0.1883528854323247
232,232.0,232.0,0.1559638440479562,0.15028202586613804,0.16846384404795622,0.18866586424997644,0.14687293495704715,0.1897514868309261
233,233.0,233.0,0.1559638440479562,0.15028202586613804,0.16846384404795622,0.18866586424997644,0.14687293495704715,0.1897514868309261
234,234.0,234.0,0.1559638440479562,0.15028202586613804,0.16846384404795622,0.18866586424997644,0.14687293495704715,0.1897514868309261
235,235.0,235.0,0.1559638440479562,0.15028202586613804,0.16846384404795622,0.18866586424997644,0.14687293495704715,0.1897514868309261
236,236.0,236.0,0.1559638440479562,0.15028202586613804,0.16846384404795622,0.18866586424997644,0.14687293495704715,0.1897514868309261
237,237.0,237.0,0.1559638440479562,0.15028202586613804,0.16846384404795622,0.18866586424997644,0.14687293495704715,0.1897514868309261
238,238.0,238.0,0.1559638440479562,0.15028202586613804,0.16846384404795622,0.18866586424997644,0.14687293495704715,0.1897514868309261
239,239.0,239.0,0.1559638440479562,0.15028202586613804,0.16846384404795622,0.18866586424997644,0.14687293495704715,0.1897514868309261
240,240.0,240.0,0.1559638440479562,0.15028202586613804,0.16846384404795622,0.18866586424997644,0.14687293495704715,0.1897514868309261
241,241.0,241.0,0.1559638440479562,0.15028202586613804,0.16846384404795622,0.18866586424997644,0.14687293495704715,0.1897514868309261
242,242.0,242.0,0.1559638440479562,0.15028202586613804,0.16846384404795622,0.18866586424997644,0.14687293495704715,0.1897514868309261
243,243.0,243.0,0.1559638440479562,0.15028202586613804,0.16846384404795622,0.18866586424997644,0.14687293495704715,0.1897514868309261
244,244.0,244.0,0.14687293495704715,0.15028202586613804,0.16846384404795622,0.19775677334088554,0.14687293495704715,0.1897514868309261
245,245.0,245.0,0.14611535919947138,0.14952445010856227,0.16770626829038046,0.1947264703105825,0.14611535919947138,0.19581209289153217
246,246.0,246.0,0.14611535919947138,0.14952445010856227,0.16770626829038046,0.1947264703105825,0.14611535919947138,0.19581209289153217
247,247.0,247.0,0.14547433355844572,0.14888342446753663,0.16706524264935482,0.19216236774647993,0.14547433355844572,0.20094029801973728
248,248.0,248.0,0.14492488300899517,0.1483339739180861,0.1736586492427614,0.18996456554867772,0.14492488300899517,0.19819304527248455
249,249.0,249.0,0.1444486925328047,0.14785778344189562,0.17937293495704715,0.1880598036439158,0.1444486925328047,0.19581209289153217
250,250.0,250.0,0.1444486925328047,0.14785778344189562,0.17937293495704715,0.1880598036439158,0.1444486925328047,0.19581209289153217
251,251.0,251.0,0.14403202586613803,0.14744111677522895,0.17812293495704712,0.19264313697724916,0.14403202586613803,0.19372875955819882
252,252.0,252.0,0.1436643788073145,0.14707346971640542,0.17701999378057656,0.1908049016831315,0.1436643788073145,0.19777287720525766
253,253.0,253.0,0.1436643788073145,0.14707346971640542,0.17701999378057656,0.1908049016831315,0.1436643788073145,0.19777287720525766
254,254.0,254.0,0.1433375814216936,0.1467466723307845,0.1760396016237138,0.18917091475502693,0.1433375814216936,0.2013676484470877
255,255.0,255.0,0.14830834165561174,0.1464542746699658,0.17516240864125765,0.18770892645093334,0.14304518376087488,0.19932086482135672
256,256.0,256.0,0.14830834165561174,0.1464542746699658,0.17516240864125765,0.18770892645093334,0.14304518376087488,0.19932086482135672
257,257.0,257.0,0.14830834165561174,0.1464542746699658,0.17516240864125765,0.18770892645093334,0.14304518376087488,0.19932086482135672
258,258.0,258.0,0.14830834165561174,0.1464542746699658,0.17516240864125765,0.18770892645093334,0.14304518376087488,0.19932086482135672
259,259.0,259.0,0.14830834165561174,0.1464542746699658,0.17516240864125765,0.18770892645093334,0.14304518376087488,0.19932086482135672
260,260.0,260.0,0.14830834165561174,0.1464542746699658,0.17516240864125765,0.18770892645093334,0.14304518376087488,0.19932086482135672
261,261.0,261.0,0.14731627816354823,0.14546221117790228,0.17417034514919413,0.20060575184775872,0.1420531202688114,0.1903922933927853
262,262.0,262.0,0.14269719237782602,0.1437557467514034,0.173434754509103,0.19806325721629758,0.15242864073983134,0.1896204084055387
263,263.0,263.0,0.14269719237782602,0.1437557467514034,0.173434754509103,0.19806325721629758,0.15242864073983134,0.1896204084055387
264,264.0,264.0,0.14269719237782602,0.1437557467514034,0.173434754509103,0.19806325721629758,0.15242864073983134,0.1896204084055387
265,265.0,265.0,0.1415860812667149,0.14264463564029228,0.17232364339799192,0.19472992388296426,0.16020641851760914,0.1885092972944276
266,266.0,266.0,0.1415860812667149,0.14264463564029228,0.17232364339799192,0.19472992388296426,0.16020641851760914,0.1885092972944276
267,267.0,267.0,0.1421708765883523,0.142937033301111,0.17320083638044803,0.1906363566315023,0.16049881617842782,0.1905560809201586
268,268.0,268.0,0.13978992420739994,0.1405560809201586,0.17081988399949563,0.20254111853626416,0.15811786379747544,0.1881751285392062
269,269.0,269.0,0.13978992420739994,0.1405560809201586,0.17081988399949563,0.20254111853626416,0.15811786379747544,0.1881751285392062
270,270.0,270.0,0.13978992420739994,0.1405560809201586,0.17081988399949563,0.20254111853626416,0.15811786379747544,0.1881751285392062
271,271.0,271.0,0.13992318139376964,0.13973750106103047,0.17099121466768524,0.20272196757490873,0.15828919446566506,0.18833694083694083
272,272.0,272.0,0.13992318139376964,0.13973750106103047,0.17099121466768524,0.20272196757490873,0.15828919446566506,0.18833694083694083
273,273.0,273.0,0.13992318139376964,0.13973750106103047,0.17099121466768524,0.20272196757490873,0.15828919446566506,0.18833694083694083
274,274.0,274.0,0.14460154396686903,0.13944510340021177,0.1701140216852291,0.20155237693163391,0.15799679680484632,0.18629015721120984
275,275.0,275.0,0.14460154396686903,0.13944510340021177,0.1701140216852291,0.20155237693163391,0.15799679680484632,0.18629015721120984
276,276.0,276.0,0.14460154396686903,0.13944510340021177,0.1701140216852291,0.20155237693163391,0.15799679680484632,0.18629015721120984
277,277.0,277.0,0.1447374399094045,0.1386103140389227,0.1702887450399175,0.20173680713936054,0.15817152015953476,0.18645517371286002
278,278.0,278.0,0.14558193612373177,0.138464711243349,0.1701140216852291,0.20155237693163391,0.15799679680484632,0.18629015721120984
279,279.0,279.0,0.14543916056690712,0.13832193568652434,0.16994269101703952,0.2013715278929893,0.1587963399230645,0.1861283449134752
280,280.0,280.0,0.14617632367632366,0.13943584193584194,0.17065184815184814,0.20236374736374735,0.1589113664113664,0.18246087246087248
281,281.0,281.0,0.14603896103896102,0.1392893217893218,0.170487012987013,0.2021897546897547,0.15873737373737373,0.18325757575757579
282,282.0,282.0,0.14590419014947317,0.13914556617386806,0.17032528791962753,0.20201904489640338,0.15856666394402244,0.18403924691660542
283,283.0,283.0,0.14590419014947317,0.13914556617386806,0.17032528791962753,0.20201904489640338,0.15856666394402244,0.18403924691660542
284,284.0,284.0,0.14590419014947317,0.13914556617386806,0.17032528791962753,0.20201904489640338,0.15856666394402244,0.18403924691660542
285,285.0,285.0,0.14577193834203178,0.13900449757926395,0.1701665857506979,0.201851525940311,0.15933372442718235,0.183871727960513
286,286.0,286.0,0.14656806156806157,0.13886604136604136,0.1700108225108225,0.20168710918710916,0.15916065416065417,0.1837073112073112
287,287.0,287.0,0.14643214583581557,0.1396475568264559,0.16985791731204575,0.20152570925506702,0.15899075949534663,0.18354591127526906
288,288.0,288.0,0.14629870129870132,0.13950577200577202,0.1697077922077922,0.20136724386724386,0.1588239538239538,0.18429653679653682
289,289.0,289.0,0.14629870129870132,0.13950577200577202,0.1697077922077922,0.20136724386724386,0.1588239538239538,0.18429653679653682
290,290.0,290.0,0.14629870129870132,0.13950577200577202,0.1697077922077922,0.20136724386724386,0.1588239538239538,0.18429653679653682
291,291.0,291.0,0.14629870129870132,0.13950577200577202,0.1697077922077922,0.20136724386724386,0.1588239538239538,0.18429653679653682
292,292.0,292.0,0.1406168831168831,0.1429148629148629,0.15493506493506493,0.22068542568542568,0.15314213564213564,0.18770562770562768
293,293.0,293.0,0.15033910533910533,0.14152597402597403,0.15354617604617604,0.216518759018759,0.15175324675324675,0.1863167388167388
294,294.0,294.0,0.14811688311688312,0.1404148629148629,0.16243506493506493,0.21318542568542567,0.15064213564213563,0.1852056277056277
295,295.0,295.0,0.15538961038961038,0.13950577200577202,0.1606168831168831,0.21045815295815293,0.14973304473304475,0.18429653679653682
