Total_iterations,Unnamed: 0.1,Intertwine_two,Add_vertex,Delete_vertex,Invert_path_vertices,Insert_inside_vertex,Delete_inside_vertex
0,0.0,0.1666666666666666,0.1666666666666666,0.1666666666666666,0.1666666666666666,0.1666666666666666,0.1666666666666666
1,1.0,0.1666666666666666,0.1666666666666666,0.1666666666666666,0.1666666666666666,0.1666666666666666,0.1666666666666666
2,2.0,0.1666666666666666,0.1666666666666666,0.1666666666666666,0.1666666666666666,0.1666666666666666,0.1666666666666666
3,3.0,0.1666666666666666,0.1666666666666666,0.1666666666666666,0.1666666666666666,0.1666666666666666,0.1666666666666666
4,4.0,0.1666666666666666,0.1666666666666666,0.1666666666666666,0.1666666666666666,0.1666666666666666,0.1666666666666666
5,5.0,0.1666666666666666,0.1666666666666666,0.1666666666666666,0.1666666666666666,0.1666666666666666,0.1666666666666666
6,6.0,0.1666666666666666,0.1666666666666666,0.1666666666666666,0.1666666666666666,0.1666666666666666,0.1666666666666666
7,7.0,0.1666666666666666,0.1666666666666666,0.1666666666666666,0.1666666666666666,0.1666666666666666,0.1666666666666666
8,8.0,0.1666666666666666,0.1666666666666666,0.1666666666666666,0.1666666666666666,0.1666666666666666,0.1666666666666666
9,9.0,0.1666666666666666,0.1666666666666666,0.1666666666666666,0.1666666666666666,0.1666666666666666,0.1666666666666666
10,10.0,0.1666666666666666,0.1666666666666666,0.1666666666666666,0.1666666666666666,0.1666666666666666,0.1666666666666666
11,11.0,0.1666666666666666,0.1666666666666666,0.1666666666666666,0.1666666666666666,0.1666666666666666,0.1666666666666666
12,12.0,0.1666666666666666,0.1666666666666666,0.1666666666666666,0.1666666666666666,0.1666666666666666,0.1666666666666666
13,13.0,0.1666666666666666,0.1666666666666666,0.1666666666666666,0.1666666666666666,0.1666666666666666,0.1666666666666666
14,14.0,0.1666666666666666,0.1666666666666666,0.1666666666666666,0.1666666666666666,0.1666666666666666,0.1666666666666666
15,15.0,0.1666666666666666,0.1666666666666666,0.1666666666666666,0.1666666666666666,0.1666666666666666,0.1666666666666666
16,16.0,0.1666666666666666,0.1666666666666666,0.1666666666666666,0.1666666666666666,0.1666666666666666,0.1666666666666666
17,17.0,0.1666666666666666,0.1666666666666666,0.1666666666666666,0.1666666666666666,0.1666666666666666,0.1666666666666666
18,18.0,0.1666666666666666,0.1666666666666666,0.1666666666666666,0.1666666666666666,0.1666666666666666,0.1666666666666666
19,19.0,0.1666666666666666,0.1666666666666666,0.1666666666666666,0.1666666666666666,0.1666666666666666,0.1666666666666666
20,20.0,0.1666666666666666,0.1666666666666666,0.1666666666666666,0.1666666666666666,0.1666666666666666,0.1666666666666666
21,21.0,0.1666666666666666,0.1666666666666666,0.1666666666666666,0.1666666666666666,0.1666666666666666,0.1666666666666666
22,22.0,0.1666666666666666,0.1666666666666666,0.1666666666666666,0.1666666666666666,0.1666666666666666,0.1666666666666666
23,23.0,0.1666666666666666,0.1666666666666666,0.1666666666666666,0.1666666666666666,0.1666666666666666,0.1666666666666666
24,24.0,0.1666666666666666,0.1666666666666666,0.1666666666666666,0.1666666666666666,0.1666666666666666,0.1666666666666666
25,25.0,0.1666666666666666,0.1666666666666666,0.1666666666666666,0.1666666666666666,0.1666666666666666,0.1666666666666666
26,26.0,0.1666666666666666,0.1666666666666666,0.1666666666666666,0.1666666666666666,0.1666666666666666,0.1666666666666666
27,27.0,0.1666666666666666,0.1666666666666666,0.1666666666666666,0.1666666666666666,0.1666666666666666,0.1666666666666666
28,28.0,0.1666666666666666,0.1666666666666666,0.1666666666666666,0.1666666666666666,0.1666666666666666,0.1666666666666666
29,29.0,0.1666666666666666,0.1666666666666666,0.1666666666666666,0.1666666666666666,0.1666666666666666,0.1666666666666666
30,30.0,0.1666666666666666,0.1666666666666666,0.1666666666666666,0.1666666666666666,0.1666666666666666,0.1666666666666666
31,31.0,0.1666666666666666,0.1666666666666666,0.1666666666666666,0.1666666666666666,0.1666666666666666,0.1666666666666666
32,32.0,0.1666666666666666,0.1666666666666666,0.1666666666666666,0.1666666666666666,0.1666666666666666,0.1666666666666666
33,33.0,0.1666666666666666,0.1666666666666666,0.1666666666666666,0.1666666666666666,0.1666666666666666,0.1666666666666666
34,34.0,0.1666666666666666,0.1666666666666666,0.1666666666666666,0.1666666666666666,0.1666666666666666,0.1666666666666666
35,35.0,0.1666666666666666,0.1666666666666666,0.1666666666666666,0.1666666666666666,0.1666666666666666,0.1666666666666666
36,36.0,0.1666666666666666,0.1666666666666666,0.1666666666666666,0.1666666666666666,0.1666666666666666,0.1666666666666666
37,37.0,0.1666666666666666,0.1666666666666666,0.1666666666666666,0.1666666666666666,0.1666666666666666,0.1666666666666666
38,38.0,0.1666666666666666,0.1666666666666666,0.1666666666666666,0.1666666666666666,0.1666666666666666,0.1666666666666666
39,39.0,0.1666666666666666,0.1666666666666666,0.1666666666666666,0.1666666666666666,0.1666666666666666,0.1666666666666666
40,40.0,0.1666666666666666,0.1666666666666666,0.1666666666666666,0.1666666666666666,0.1666666666666666,0.1666666666666666
41,41.0,0.1666666666666666,0.1666666666666666,0.1666666666666666,0.1666666666666666,0.1666666666666666,0.1666666666666666
42,42.0,0.1666666666666666,0.1666666666666666,0.1666666666666666,0.1666666666666666,0.1666666666666666,0.1666666666666666
43,43.0,0.1666666666666666,0.1666666666666666,0.1666666666666666,0.1666666666666666,0.1666666666666666,0.1666666666666666
44,44.0,0.1666666666666666,0.1666666666666666,0.1666666666666666,0.1666666666666666,0.1666666666666666,0.1666666666666666
45,45.0,0.1666666666666666,0.1666666666666666,0.1666666666666666,0.1666666666666666,0.1666666666666666,0.1666666666666666
46,46.0,0.1666666666666666,0.1666666666666666,0.1666666666666666,0.1666666666666666,0.1666666666666666,0.1666666666666666
47,47.0,0.1666666666666666,0.1666666666666666,0.1666666666666666,0.1666666666666666,0.1666666666666666,0.1666666666666666
48,48.0,0.1666666666666666,0.1666666666666666,0.1666666666666666,0.1666666666666666,0.1666666666666666,0.1666666666666666
49,49.0,0.1666666666666666,0.1666666666666666,0.1666666666666666,0.1666666666666666,0.1666666666666666,0.1666666666666666
50,50.0,0.1666666666666666,0.1666666666666666,0.1666666666666666,0.1666666666666666,0.1666666666666666,0.1666666666666666
51,51.0,0.1666666666666666,0.1666666666666666,0.1666666666666666,0.1666666666666666,0.1666666666666666,0.1666666666666666
52,52.0,0.1666666666666666,0.1666666666666666,0.1666666666666666,0.1666666666666666,0.1666666666666666,0.1666666666666666
53,53.0,0.1666666666666666,0.1666666666666666,0.1666666666666666,0.1666666666666666,0.1666666666666666,0.1666666666666666
54,54.0,0.1666666666666666,0.1666666666666666,0.1666666666666666,0.1666666666666666,0.1666666666666666,0.1666666666666666
55,55.0,0.1666666666666666,0.1666666666666666,0.1666666666666666,0.1666666666666666,0.1666666666666666,0.1666666666666666
56,56.0,0.1666666666666666,0.1666666666666666,0.1666666666666666,0.1666666666666666,0.1666666666666666,0.1666666666666666
57,57.0,0.1666666666666666,0.1666666666666666,0.1666666666666666,0.1666666666666666,0.1666666666666666,0.1666666666666666
58,58.0,0.1666666666666666,0.1666666666666666,0.1666666666666666,0.1666666666666666,0.1666666666666666,0.1666666666666666
59,59.0,0.1666666666666666,0.1666666666666666,0.1666666666666666,0.1666666666666666,0.1666666666666666,0.1666666666666666
60,60.0,0.1666666666666666,0.1666666666666666,0.1666666666666666,0.1666666666666666,0.1666666666666666,0.1666666666666666
61,61.0,0.1666666666666666,0.1666666666666666,0.1666666666666666,0.1666666666666666,0.1666666666666666,0.1666666666666666
62,62.0,0.1666666666666666,0.1666666666666666,0.1666666666666666,0.1666666666666666,0.1666666666666666,0.1666666666666666
63,63.0,0.1666666666666666,0.1666666666666666,0.1666666666666666,0.1666666666666666,0.1666666666666666,0.1666666666666666
64,64.0,0.1666666666666666,0.1666666666666666,0.1666666666666666,0.1666666666666666,0.1666666666666666,0.1666666666666666
65,65.0,0.1666666666666666,0.1666666666666666,0.1666666666666666,0.1666666666666666,0.1666666666666666,0.1666666666666666
66,66.0,0.1666666666666666,0.1666666666666666,0.1666666666666666,0.1666666666666666,0.1666666666666666,0.1666666666666666
67,67.0,0.1666666666666666,0.1666666666666666,0.1666666666666666,0.1666666666666666,0.1666666666666666,0.1666666666666666
68,68.0,0.1666666666666666,0.1666666666666666,0.1666666666666666,0.1666666666666666,0.1666666666666666,0.1666666666666666
69,69.0,0.1666666666666666,0.1666666666666666,0.1666666666666666,0.1666666666666666,0.1666666666666666,0.1666666666666666
70,70.0,0.1666666666666666,0.1666666666666666,0.1666666666666666,0.1666666666666666,0.1666666666666666,0.1666666666666666
71,71.0,0.1666666666666666,0.1666666666666666,0.1666666666666666,0.1666666666666666,0.1666666666666666,0.1666666666666666
72,72.0,0.1666666666666666,0.1666666666666666,0.1666666666666666,0.1666666666666666,0.1666666666666666,0.1666666666666666
73,73.0,0.1666666666666666,0.1666666666666666,0.1666666666666666,0.1666666666666666,0.1666666666666666,0.1666666666666666
74,74.0,0.1666666666666666,0.1666666666666666,0.1666666666666666,0.1666666666666666,0.1666666666666666,0.1666666666666666
75,75.0,0.1666666666666666,0.1666666666666666,0.1666666666666666,0.1666666666666666,0.1666666666666666,0.1666666666666666
76,76.0,0.1666666666666666,0.1666666666666666,0.1666666666666666,0.1666666666666666,0.1666666666666666,0.1666666666666666
77,77.0,0.1666666666666666,0.1666666666666666,0.1666666666666666,0.1666666666666666,0.1666666666666666,0.1666666666666666
78,78.0,0.1666666666666666,0.1666666666666666,0.1666666666666666,0.1666666666666666,0.1666666666666666,0.1666666666666666
79,79.0,0.1666666666666666,0.1666666666666666,0.1666666666666666,0.1666666666666666,0.1666666666666666,0.1666666666666666
80,80.0,0.1666666666666666,0.1666666666666666,0.1666666666666666,0.1666666666666666,0.1666666666666666,0.1666666666666666
81,81.0,0.1666666666666666,0.1666666666666666,0.1666666666666666,0.1666666666666666,0.1666666666666666,0.1666666666666666
82,82.0,0.1666666666666666,0.1666666666666666,0.1666666666666666,0.1666666666666666,0.1666666666666666,0.1666666666666666
83,83.0,0.1666666666666666,0.1666666666666666,0.1666666666666666,0.1666666666666666,0.1666666666666666,0.1666666666666666
84,84.0,0.1666666666666666,0.1666666666666666,0.1666666666666666,0.1666666666666666,0.1666666666666666,0.1666666666666666
85,85.0,0.1666666666666666,0.1666666666666666,0.1666666666666666,0.1666666666666666,0.1666666666666666,0.1666666666666666
86,86.0,0.1666666666666666,0.1666666666666666,0.1666666666666666,0.1666666666666666,0.1666666666666666,0.1666666666666666
87,87.0,0.1666666666666666,0.1666666666666666,0.1666666666666666,0.1666666666666666,0.1666666666666666,0.1666666666666666
88,88.0,0.1666666666666666,0.1666666666666666,0.1666666666666666,0.1666666666666666,0.1666666666666666,0.1666666666666666
89,89.0,0.1666666666666666,0.1666666666666666,0.1666666666666666,0.1666666666666666,0.1666666666666666,0.1666666666666666
90,90.0,0.1666666666666666,0.1666666666666666,0.1666666666666666,0.1666666666666666,0.1666666666666666,0.1666666666666666
91,91.0,0.1666666666666666,0.1666666666666666,0.1666666666666666,0.1666666666666666,0.1666666666666666,0.1666666666666666
92,92.0,0.1666666666666666,0.1666666666666666,0.1666666666666666,0.1666666666666666,0.1666666666666666,0.1666666666666666
93,93.0,0.1666666666666666,0.1666666666666666,0.1666666666666666,0.1666666666666666,0.1666666666666666,0.1666666666666666
94,94.0,0.1666666666666666,0.1666666666666666,0.1666666666666666,0.1666666666666666,0.1666666666666666,0.1666666666666666
95,95.0,0.1666666666666666,0.1666666666666666,0.1666666666666666,0.1666666666666666,0.1666666666666666,0.1666666666666666
96,96.0,0.1666666666666666,0.1666666666666666,0.1666666666666666,0.1666666666666666,0.1666666666666666,0.1666666666666666
97,97.0,0.1666666666666666,0.1666666666666666,0.1666666666666666,0.1666666666666666,0.1666666666666666,0.1666666666666666
98,98.0,0.1666666666666666,0.1666666666666666,0.1666666666666666,0.1666666666666666,0.1666666666666666,0.1666666666666666
99,99.0,0.1666666666666666,0.1666666666666666,0.1666666666666666,0.1666666666666666,0.1666666666666666,0.1666666666666666
100,100.0,0.1666666666666666,0.1666666666666666,0.1666666666666666,0.1666666666666666,0.1666666666666666,0.1666666666666666
101,101.0,0.1666666666666666,0.1666666666666666,0.1666666666666666,0.1666666666666666,0.1666666666666666,0.1666666666666666
102,102.0,0.1666666666666666,0.1666666666666666,0.1666666666666666,0.1666666666666666,0.1666666666666666,0.1666666666666666
103,103.0,0.1666666666666666,0.1666666666666666,0.1666666666666666,0.1666666666666666,0.1666666666666666,0.1666666666666666
104,104.0,0.1666666666666666,0.1666666666666666,0.1666666666666666,0.1666666666666666,0.1666666666666666,0.1666666666666666
105,105.0,0.1666666666666666,0.1666666666666666,0.1666666666666666,0.1666666666666666,0.1666666666666666,0.1666666666666666
106,106.0,0.1666666666666666,0.1666666666666666,0.1666666666666666,0.1666666666666666,0.1666666666666666,0.1666666666666666
107,107.0,0.1666666666666666,0.1666666666666666,0.1666666666666666,0.1666666666666666,0.1666666666666666,0.1666666666666666
108,108.0,0.1666666666666666,0.1666666666666666,0.1666666666666666,0.1666666666666666,0.1666666666666666,0.1666666666666666
109,109.0,0.1666666666666666,0.1666666666666666,0.1666666666666666,0.1666666666666666,0.1666666666666666,0.1666666666666666
110,110.0,0.1666666666666666,0.1666666666666666,0.1666666666666666,0.1666666666666666,0.1666666666666666,0.1666666666666666
111,111.0,0.1666666666666666,0.1666666666666666,0.1666666666666666,0.1666666666666666,0.1666666666666666,0.1666666666666666
112,112.0,0.1666666666666666,0.1666666666666666,0.1666666666666666,0.1666666666666666,0.1666666666666666,0.1666666666666666
113,113.0,0.1666666666666666,0.1666666666666666,0.1666666666666666,0.1666666666666666,0.1666666666666666,0.1666666666666666
114,114.0,0.1666666666666666,0.1666666666666666,0.1666666666666666,0.1666666666666666,0.1666666666666666,0.1666666666666666
115,115.0,0.1666666666666666,0.1666666666666666,0.1666666666666666,0.1666666666666666,0.1666666666666666,0.1666666666666666
116,116.0,0.1666666666666666,0.1666666666666666,0.1666666666666666,0.1666666666666666,0.1666666666666666,0.1666666666666666
117,117.0,0.1666666666666666,0.1666666666666666,0.1666666666666666,0.1666666666666666,0.1666666666666666,0.1666666666666666
118,118.0,0.1666666666666666,0.1666666666666666,0.1666666666666666,0.1666666666666666,0.1666666666666666,0.1666666666666666
119,119.0,0.1666666666666666,0.1666666666666666,0.1666666666666666,0.1666666666666666,0.1666666666666666,0.1666666666666666
120,120.0,0.1666666666666666,0.1666666666666666,0.1666666666666666,0.1666666666666666,0.1666666666666666,0.1666666666666666
121,121.0,0.1666666666666666,0.1666666666666666,0.1666666666666666,0.1666666666666666,0.1666666666666666,0.1666666666666666
122,122.0,0.1666666666666666,0.1666666666666666,0.1666666666666666,0.1666666666666666,0.1666666666666666,0.1666666666666666
123,123.0,0.1666666666666666,0.1666666666666666,0.1666666666666666,0.1666666666666666,0.1666666666666666,0.1666666666666666
124,124.0,0.1666666666666666,0.1666666666666666,0.1666666666666666,0.1666666666666666,0.1666666666666666,0.1666666666666666
125,125.0,0.1666666666666666,0.1666666666666666,0.1666666666666666,0.1666666666666666,0.1666666666666666,0.1666666666666666
126,126.0,0.1666666666666666,0.1666666666666666,0.1666666666666666,0.1666666666666666,0.1666666666666666,0.1666666666666666
127,127.0,0.1666666666666666,0.1666666666666666,0.1666666666666666,0.1666666666666666,0.1666666666666666,0.1666666666666666
128,128.0,0.1666666666666666,0.1666666666666666,0.1666666666666666,0.1666666666666666,0.1666666666666666,0.1666666666666666
129,129.0,0.1666666666666666,0.1666666666666666,0.1666666666666666,0.1666666666666666,0.1666666666666666,0.1666666666666666
130,130.0,0.1666666666666666,0.1666666666666666,0.1666666666666666,0.1666666666666666,0.1666666666666666,0.1666666666666666
131,131.0,0.1666666666666666,0.1666666666666666,0.1666666666666666,0.1666666666666666,0.1666666666666666,0.1666666666666666
132,132.0,0.1666666666666666,0.1666666666666666,0.1666666666666666,0.1666666666666666,0.1666666666666666,0.1666666666666666
133,133.0,0.1666666666666666,0.1666666666666666,0.1666666666666666,0.1666666666666666,0.1666666666666666,0.1666666666666666
134,134.0,0.1666666666666666,0.1666666666666666,0.1666666666666666,0.1666666666666666,0.1666666666666666,0.1666666666666666
135,135.0,0.1666666666666666,0.1666666666666666,0.1666666666666666,0.1666666666666666,0.1666666666666666,0.1666666666666666
136,136.0,0.1666666666666666,0.1666666666666666,0.1666666666666666,0.1666666666666666,0.1666666666666666,0.1666666666666666
137,137.0,0.1666666666666666,0.1666666666666666,0.1666666666666666,0.1666666666666666,0.1666666666666666,0.1666666666666666
138,138.0,0.1666666666666666,0.1666666666666666,0.1666666666666666,0.1666666666666666,0.1666666666666666,0.1666666666666666
139,139.0,0.1666666666666666,0.1666666666666666,0.1666666666666666,0.1666666666666666,0.1666666666666666,0.1666666666666666
140,140.0,0.1666666666666666,0.1666666666666666,0.1666666666666666,0.1666666666666666,0.1666666666666666,0.1666666666666666
141,141.0,0.1666666666666666,0.1666666666666666,0.1666666666666666,0.1666666666666666,0.1666666666666666,0.1666666666666666
142,142.0,0.1666666666666666,0.1666666666666666,0.1666666666666666,0.1666666666666666,0.1666666666666666,0.1666666666666666
143,143.0,0.1666666666666666,0.1666666666666666,0.1666666666666666,0.1666666666666666,0.1666666666666666,0.1666666666666666
144,144.0,0.1666666666666666,0.1666666666666666,0.1666666666666666,0.1666666666666666,0.1666666666666666,0.1666666666666666
145,145.0,0.1666666666666666,0.1666666666666666,0.1666666666666666,0.1666666666666666,0.1666666666666666,0.1666666666666666
146,146.0,0.1666666666666666,0.1666666666666666,0.1666666666666666,0.1666666666666666,0.1666666666666666,0.1666666666666666
147,147.0,0.1666666666666666,0.1666666666666666,0.1666666666666666,0.1666666666666666,0.1666666666666666,0.1666666666666666
148,148.0,0.1666666666666666,0.1666666666666666,0.1666666666666666,0.1666666666666666,0.1666666666666666,0.1666666666666666
149,149.0,0.1666666666666666,0.1666666666666666,0.1666666666666666,0.1666666666666666,0.1666666666666666,0.1666666666666666
150,150.0,0.1666666666666666,0.1666666666666666,0.1666666666666666,0.1666666666666666,0.1666666666666666,0.1666666666666666
151,151.0,0.1666666666666666,0.1666666666666666,0.1666666666666666,0.1666666666666666,0.1666666666666666,0.1666666666666666
152,152.0,0.1666666666666666,0.1666666666666666,0.1666666666666666,0.1666666666666666,0.1666666666666666,0.1666666666666666
153,153.0,0.1666666666666666,0.1666666666666666,0.1666666666666666,0.1666666666666666,0.1666666666666666,0.1666666666666666
154,154.0,0.1666666666666666,0.1666666666666666,0.1666666666666666,0.1666666666666666,0.1666666666666666,0.1666666666666666
155,155.0,0.1666666666666666,0.1666666666666666,0.1666666666666666,0.1666666666666666,0.1666666666666666,0.1666666666666666
156,156.0,0.1666666666666666,0.1666666666666666,0.1666666666666666,0.1666666666666666,0.1666666666666666,0.1666666666666666
157,157.0,0.1666666666666666,0.1666666666666666,0.1666666666666666,0.1666666666666666,0.1666666666666666,0.1666666666666666
158,158.0,0.1666666666666666,0.1666666666666666,0.1666666666666666,0.1666666666666666,0.1666666666666666,0.1666666666666666
159,159.0,0.1666666666666666,0.1666666666666666,0.1666666666666666,0.1666666666666666,0.1666666666666666,0.1666666666666666
160,160.0,0.1666666666666666,0.1666666666666666,0.1666666666666666,0.1666666666666666,0.1666666666666666,0.1666666666666666
161,161.0,0.1666666666666666,0.1666666666666666,0.1666666666666666,0.1666666666666666,0.1666666666666666,0.1666666666666666
162,162.0,0.1666666666666666,0.1666666666666666,0.1666666666666666,0.1666666666666666,0.1666666666666666,0.1666666666666666
163,163.0,0.1666666666666666,0.1666666666666666,0.1666666666666666,0.1666666666666666,0.1666666666666666,0.1666666666666666
164,164.0,0.1666666666666666,0.1666666666666666,0.1666666666666666,0.1666666666666666,0.1666666666666666,0.1666666666666666
165,165.0,0.1666666666666666,0.1666666666666666,0.1666666666666666,0.1666666666666666,0.1666666666666666,0.1666666666666666
166,166.0,0.1666666666666666,0.1666666666666666,0.1666666666666666,0.1666666666666666,0.1666666666666666,0.1666666666666666
167,167.0,0.1666666666666666,0.1666666666666666,0.1666666666666666,0.1666666666666666,0.1666666666666666,0.1666666666666666
168,168.0,0.1666666666666666,0.1666666666666666,0.1666666666666666,0.1666666666666666,0.1666666666666666,0.1666666666666666
169,169.0,0.1666666666666666,0.1666666666666666,0.1666666666666666,0.1666666666666666,0.1666666666666666,0.1666666666666666
170,170.0,0.1666666666666666,0.1666666666666666,0.1666666666666666,0.1666666666666666,0.1666666666666666,0.1666666666666666
171,171.0,0.1666666666666666,0.1666666666666666,0.1666666666666666,0.1666666666666666,0.1666666666666666,0.1666666666666666
172,172.0,0.1666666666666666,0.1666666666666666,0.1666666666666666,0.1666666666666666,0.1666666666666666,0.1666666666666666
173,173.0,0.1666666666666666,0.1666666666666666,0.1666666666666666,0.1666666666666666,0.1666666666666666,0.1666666666666666
174,174.0,0.1666666666666666,0.1666666666666666,0.1666666666666666,0.1666666666666666,0.1666666666666666,0.1666666666666666
175,175.0,0.1666666666666666,0.1666666666666666,0.1666666666666666,0.1666666666666666,0.1666666666666666,0.1666666666666666
176,176.0,0.1666666666666666,0.1666666666666666,0.1666666666666666,0.1666666666666666,0.1666666666666666,0.1666666666666666
177,177.0,0.1666666666666666,0.1666666666666666,0.1666666666666666,0.1666666666666666,0.1666666666666666,0.1666666666666666
178,178.0,0.1666666666666666,0.1666666666666666,0.1666666666666666,0.1666666666666666,0.1666666666666666,0.1666666666666666
179,179.0,0.1666666666666666,0.1666666666666666,0.1666666666666666,0.1666666666666666,0.1666666666666666,0.1666666666666666
180,180.0,0.1666666666666666,0.1666666666666666,0.1666666666666666,0.1666666666666666,0.1666666666666666,0.1666666666666666
181,181.0,0.1666666666666666,0.1666666666666666,0.1666666666666666,0.1666666666666666,0.1666666666666666,0.1666666666666666
182,182.0,0.1666666666666666,0.1666666666666666,0.1666666666666666,0.1666666666666666,0.1666666666666666,0.1666666666666666
183,183.0,0.1666666666666666,0.1666666666666666,0.1666666666666666,0.1666666666666666,0.1666666666666666,0.1666666666666666
184,184.0,0.1666666666666666,0.1666666666666666,0.1666666666666666,0.1666666666666666,0.1666666666666666,0.1666666666666666
185,185.0,0.1666666666666666,0.1666666666666666,0.1666666666666666,0.1666666666666666,0.1666666666666666,0.1666666666666666
186,186.0,0.1666666666666666,0.1666666666666666,0.1666666666666666,0.1666666666666666,0.1666666666666666,0.1666666666666666
187,187.0,0.1666666666666666,0.1666666666666666,0.1666666666666666,0.1666666666666666,0.1666666666666666,0.1666666666666666
188,188.0,0.1666666666666666,0.1666666666666666,0.1666666666666666,0.1666666666666666,0.1666666666666666,0.1666666666666666
189,189.0,0.1666666666666666,0.1666666666666666,0.1666666666666666,0.1666666666666666,0.1666666666666666,0.1666666666666666
190,190.0,0.1666666666666666,0.1666666666666666,0.1666666666666666,0.1666666666666666,0.1666666666666666,0.1666666666666666
191,191.0,0.1666666666666666,0.1666666666666666,0.1666666666666666,0.1666666666666666,0.1666666666666666,0.1666666666666666
192,192.0,0.1666666666666666,0.1666666666666666,0.1666666666666666,0.1666666666666666,0.1666666666666666,0.1666666666666666
193,193.0,0.1666666666666666,0.1666666666666666,0.1666666666666666,0.1666666666666666,0.1666666666666666,0.1666666666666666
194,194.0,0.1666666666666666,0.1666666666666666,0.1666666666666666,0.1666666666666666,0.1666666666666666,0.1666666666666666
195,195.0,0.1666666666666666,0.1666666666666666,0.1666666666666666,0.1666666666666666,0.1666666666666666,0.1666666666666666
196,196.0,0.1666666666666666,0.1666666666666666,0.1666666666666666,0.1666666666666666,0.1666666666666666,0.1666666666666666
197,197.0,0.1666666666666666,0.1666666666666666,0.1666666666666666,0.1666666666666666,0.1666666666666666,0.1666666666666666
198,198.0,0.1666666666666666,0.1666666666666666,0.1666666666666666,0.1666666666666666,0.1666666666666666,0.1666666666666666
199,199.0,0.1666666666666666,0.1666666666666666,0.1666666666666666,0.1666666666666666,0.1666666666666666,0.1666666666666666
200,200.0,0.1664285714285714,0.1664285714285714,0.1678571428571428,0.1664285714285714,0.1664285714285714,0.1664285714285714
201,201.0,0.1660142857142857,0.1660142857142857,0.1686785714285714,0.1660142857142857,0.1660142857142857,0.1672642857142857
202,202.0,0.1656062857142858,0.1656062857142858,0.1694810714285715,0.1656062857142858,0.1656062857142858,0.1680937857142858
203,203.0,0.1652080228571429,0.1664580228571429,0.1702585107142857,0.1652080228571429,0.1652080228571429,0.1676593978571429
204,204.0,0.1645844108190477,0.1670719108190477,0.1707675257261905,0.1660129822476191,0.1645844108190477,0.1669787595690477
205,205.0,0.1637999349241905,0.1675013099241905,0.1710655830272619,0.1664642206384763,0.1637999349241905,0.1673690165616905
206,206.0,0.1630392406029105,0.1679210893529105,0.1713315121012869,0.1669140263171963,0.1630392406029105,0.1677548910227855
207,207.0,0.1621503675518349,0.1680737368106941,0.1713115900123612,0.1671037680303369,0.1634818516017655,0.1678786859930078
208,208.0,0.1608630223033275,0.1677807511221943,0.1721770670459602,0.1682824382880336,0.163335037666605,0.1675616835738798
209,209.0,0.1596035652394215,0.1674633407404068,0.1729920095885237,0.1695225966242597,0.1631936389973788,0.16722484881001
210,210.0,0.1580630044529321,0.1668083988758869,0.1735288636270072,0.1700828962094376,0.1627398046915943,0.1687770321431423
211,211.0,0.1574740143546503,0.1660445779008841,0.1739143222417245,0.1703894815280914,0.1621976664612963,0.1699799375133538
212,212.0,0.1567655095949201,0.1651994948452875,0.174168761297996,0.1713919308809597,0.1615905669903299,0.1708837363905073
213,213.0,0.1561201630511199,0.1643715449295307,0.1743845565429216,0.1723560879165469,0.1610128915792898,0.1717547559805915
214,214.0,0.1555381123670947,0.1635672943387872,0.1745634144051867,0.1732761402962252,0.1604674745762938,0.1725875640164126
215,215.0,0.1548640893579256,0.1627319961633229,0.1744127103710478,0.1739925388560069,0.1607748891057241,0.173223776145973
216,216.0,0.1542533146814221,0.1619314856781907,0.1742319843765349,0.1746577681874875,0.1611102675534028,0.1738151795229622
217,217.0,0.1537055712510829,0.1611702892192088,0.1739325879337052,0.1752702929201823,0.1615609176869535,0.1743603409888676
218,218.0,0.1532200333765947,0.160452087348352,0.1736134942013516,0.1758292582666429,0.1620266936869208,0.1748584331201383
219,219.0,0.1536842247700064,0.1596686515144052,0.1730576416235276,0.1762233194009171,0.16216809187333,0.1751980708178141
220,220.0,0.1540167124087756,0.1588434303811077,0.1732215373378314,0.1764741170419716,0.1620434087729455,0.1754007940573685
221,221.0,0.1543909781556152,0.1580706728715459,0.1733770221033616,0.1766752877445361,0.1619259538909052,0.1755600852340365
222,222.0,0.1547991015422498,0.1573528601984417,0.1735233821673402,0.1768297824954339,0.1618161789541949,0.1756786946423399
223,223.0,0.1552336155708336,0.1566916760048804,0.1736600663992827,0.1769407239423227,0.1617144137176488,0.1757595043650321
224,224.0,0.1556875360368858,0.1560880692848434,0.1737866755400733,0.1770113580011345,0.161620874863616,0.1758054862734474
225,225.0,0.1559162878539038,0.1553042231200834,0.1736648557693239,0.1768069138319936,0.1612975799042902,0.1770101395204055
226,226.0,0.1561543860829065,0.154580285631006,0.1735349538901818,0.1765712294136725,0.1609850231140796,0.1781741218681539
227,227.0,0.1562469999488904,0.1538417477491761,0.173171804405005,0.1762340280395148,0.1612913168500355,0.1792141030073786
228,228.0,0.1560373388290845,0.152922962718195,0.172436029902915,0.1768843412443536,0.1619403076609762,0.1797790196444761
229,229.0,0.1556949368454759,0.1519306608078055,0.1715671529505264,0.1772325432538696,0.1624515228665808,0.1811231832757423
230,230.0,0.1553614921042808,0.1510071167250523,0.1707121725623929,0.1775553631674999,0.1629586278753268,0.1824052275654477
231,231.0,0.1550394433286701,0.1501546901279992,0.1698782488859703,0.1778521109956969,0.1634569626568125,0.1836185440048513
232,232.0,0.1550105916895615,0.1495146536739069,0.1694911959064323,0.179171377517673,0.1619144488579773,0.1848977323544494
233,233.0,0.1549941577379477,0.1489462945871462,0.1691325747062633,0.1804536622547744,0.1603757713000162,0.1860975394138525
234,234.0,0.1549890640445954,0.1484481287218515,0.1688031283195281,0.1816898405381178,0.1588559331344216,0.1872139052414861
235,235.0,0.154994227520612,0.1480181184145291,0.1685032337287507,0.1828721612302453,0.1573682488036126,0.1882440103022506
236,236.0,0.1550085708143003,0.147653748212455,0.1682329347002431,0.1839941868833575,0.155924379767419,0.1891861796222255
237,237.0,0.1550310325109564,0.1473520978071252,0.1679919746680634,0.1850507267448246,0.1545343831867409,0.1900397850822899
238,238.0,0.1550605761533168,0.1471099117229184,0.1677798293329006,0.1860377639951965,0.1532067717818338,0.1908051470138342
239,239.0,0.1550961981103876,0.1469236653885646,0.1675957386784047,0.186952378523079,0.1519485831491695,0.191483436150395
240,240.0,0.155136934331127,0.1467896272924219,0.1674387381430538,0.1877926664554423,0.1507654568978504,0.192076576880105
241,241.0,0.1551818660269608,0.1467039169916306,0.1673076887202871,0.1885576575725146,0.1496617180522551,0.1925871526363523
242,242.0,0.1552301243334211,0.1466625588096635,0.1672013057930737,0.1892472316446542,0.1486404652602673,0.1930183141589205
243,243.0,0.1552808940063808,0.1466615311164578,0.1671181865411305,0.1898620346356331,0.1477036624444461,0.193373691255952
244,244.0,0.1544243253033693,0.1466968111400696,0.1670568357894499,0.1913124865327485,0.146852232635333,0.19365730859903
245,245.0,0.1535021419914382,0.1466886577328232,0.1669399326197648,0.1923793058052034,0.1460103952545908,0.1944795665961799
246,246.0,0.1525983091827805,0.1467096775900589,0.1668423831237544,0.1933629147954666,0.1452537912513717,0.1952329240565683
247,247.0,0.1516559275910529,0.1466926406226535,0.1666991248649087,0.1940053881854443,0.1445173607638528,0.196429557972088
248,248.0,0.150691023163227,0.1466442701354924,0.1672331942691327,0.1943454038122545,0.1438091979980868,0.1972769106218069
249,249.0,0.1497173287290223,0.1465700146872543,0.1683495398540991,0.1944171333032716,0.1431353893113874,0.1978105941149655
250,250.0,0.1487883173762759,0.1465160624713864,0.1694644848315984,0.1944181165485935,0.1425420945255721,0.1982709242465739
251,251.0,0.1478671442437027,0.1464392560201438,0.1704420198126023,0.1948137516736698,0.141985528531744,0.1984522997181377
252,252.0,0.1469629725347289,0.1463433841156939,0.1712883163293032,0.1949642936098624,0.1414683194047602,0.1989727140056516
253,253.0,0.1461162320593783,0.1462644002576961,0.1721072999688467,0.1950581874331685,0.1410247917845004,0.1994290884964102
254,254.0,0.14529696736048,0.1461687257415231,0.1727954729668669,0.1949367603238332,0.1406193330579326,0.2001827405493644
255,255.0,0.1450371112954755,0.1460591583767782,0.1733595506534079,0.1946236186393339,0.1402523629215774,0.2006681981134273
256,256.0,0.1448359531405729,0.1459644989114396,0.1738852491511733,0.1942726442014006,0.1399500180072506,0.2010916365881633
257,257.0,0.1446896346863108,0.1458842031502201,0.174371149394063,0.193891130029756,0.1397088592418927,0.2014550234977575
258,258.0,0.144594135147168,0.14581763768032,0.1748163722051357,0.1934859452394876,0.1395251795982605,0.2017607301296284
259,259.0,0.1445453276270239,0.1457640951273064,0.1752205330994623,0.1930635087403605,0.1393950679606176,0.2020114674452294
260,260.0,0.1445390309991801,0.1457228086250207,0.1755836966597742,0.1926297700682518,0.1393144686447416,0.2022102250030316
261,261.0,0.1444718507914786,0.1455937590842067,0.1758071246346634,0.1934798793668634,0.1391800300624082,0.2014673560603797
262,262.0,0.1439779242996958,0.1453056525757612,0.1759182829531999,0.1940619869972766,0.1401253182874741,0.2006108348865924
263,263.0,0.1435205831378725,0.1450308576599167,0.1759934901554418,0.1946258965668387,0.141099110914557,0.1997300615653732
264,264.0,0.1431007421846311,0.1447707911265714,0.1760355892809961,0.1951677887859392,0.1420888195771844,0.1988362690446777
265,265.0,0.1426077387175347,0.1444154696916979,0.1759363590351649,0.1953511131340999,0.1438607333629533,0.1978285860585492
266,266.0,0.1421538190226398,0.1440779720597977,0.1758109246575451,0.1955098931549332,0.1456189126216918,0.1968284784833923
267,267.0,0.1417980934518388,0.1437891305929743,0.1757508802033374,0.1952356387558172,0.1473763887795976,0.1960498682164346
268,268.0,0.1412435730313878,0.1432825570618195,0.1754332445182263,0.1961332931658459,0.1488512463576058,0.1950560858651147
269,269.0,0.140729968164742,0.1427993761223634,0.175101238796439,0.1970052603885759,0.1502712843522119,0.1940928721756676
270,270.0,0.1402583233451874,0.142342080324831,0.174759620098861,0.1978453894705098,0.1516277843418101,0.1931668024188007
271,271.0,0.1398424847348473,0.1418307961270923,0.1744298989768662,0.1986665478387723,0.152930668193824,0.1922996041285979
272,272.0,0.1394690369521305,0.1413497073984667,0.174098763123979,0.1994461445675699,0.154156848923355,0.1914794990344989
273,273.0,0.1391374753921017,0.1409006054793294,0.1737696653718176,0.2001805398535611,0.1553017350353559,0.1907099788678342
274,274.0,0.1393147633054025,0.140455542941841,0.1733579735895854,0.2007499508238392,0.156332767364378,0.1897890019749539
275,275.0,0.1395271902339878,0.1400448822626851,0.1729550114665328,0.2012704449581674,0.1572773367549026,0.1889251343237243
276,276.0,0.1397691180070434,0.13966928986282,0.1725639356579724,0.2017417089987975,0.1581346438068741,0.1881213036664924
277,277.0,0.1400487668566453,0.1392455359021865,0.1722049406260096,0.2021823963354656,0.158922314019097,0.1873960462605959
278,278.0,0.1404317871732473,0.1388432448394264,0.1718452108059132,0.2025561160257332,0.1596062369360332,0.1867174042196467
279,279.0,0.1408137293920114,0.1384631199912989,0.1714870090098006,0.2028643414521686,0.1602856274717857,0.1860861726829346
280,280.0,0.1412774480115898,0.1382309864098683,0.1712200999268526,0.2032260381474444,0.160893688727306,0.1851517387769388
281,281.0,0.1417300472621214,0.1380194627271884,0.1709577157179658,0.2035255429979564,0.1614037213667155,0.1843635099280523
282,282.0,0.1421669986364195,0.1378274144418525,0.1707006903959197,0.2037646685010001,0.1618190162865556,0.1837212117382526
283,283.0,0.1425976267884182,0.1376677525023703,0.1704656135813152,0.2039624252176935,0.1621602581909863,0.1831463237192164
284,284.0,0.1430182577588277,0.1375388348935514,0.1702526411915543,0.2041209724595046,0.1624314399625043,0.1826378537340578
285,285.0,0.1434124597753585,0.137424769498957,0.1700458222911572,0.2042258938058943,0.1627135618450017,0.1821774927836312
286,286.0,0.143870448698506,0.137324062303303,0.1698453165914077,0.2042801376636691,0.1629163661384183,0.1817636686046959
287,287.0,0.1442960232848096,0.1373269971638831,0.1696512260009497,0.2042868868576965,0.1630443434161849,0.1813945232764761
288,288.0,0.1446870571842815,0.1373386656529626,0.169463598872223,0.2042495028175127,0.1631023065598271,0.181158868913193
289,289.0,0.1450551041349504,0.1373708383566622,0.1692971763897247,0.2041870345918445,0.1631116898617464,0.1809781566650716
290,290.0,0.14539878236219,0.137421143126483,0.1691515023136569,0.2041026152814971,0.1630772574730959,0.180848699443077
291,291.0,0.1457170919560707,0.1374872637081146,0.1690259585441373,0.2039992841880419,0.163003735286819,0.1807666663168165
292,292.0,0.1454412048658078,0.1379078664054687,0.1674425147609334,0.2058117839825425,0.1623275856863593,0.1810690442988883
293,293.0,0.1461168854893042,0.1381975899092924,0.1657534519689024,0.2071751035479551,0.1614883076566144,0.1812686614279315
294,294.0,0.1465449980267267,0.1383805137927895,0.1650001115857361,0.2081621943782012,0.1605244957096992,0.1813876865068472
295,295.0,0.1476732908885813,0.1384745796882485,0.1641146365925615,0.2088280811657677,0.1594673322658909,0.1814420793989502
296,296.0,0.1487659176592607,0.1385695509173368,0.1632827315639475,0.2094436799925013,0.1584185422911349,0.1815195775758187
297,297.0,0.1498155186801757,0.1386643872344007,0.1625073585537244,0.2100078636662181,0.1573877763382736,0.1816170955272075
298,298.0,0.1508159005160935,0.1387581537674719,0.1617906180901551,0.2105201318654826,0.1563835396646462,0.1817316560961508
299,299.0,0.1517619812671547,0.1388500198296189,0.16113381432321,0.2109805534557473,0.1554132217090654,0.1818604094152035
300,300.0,0.1526497302343344,0.1389392568073128,0.1605375216208962,0.2113897088820096,0.1544831337792826,0.1820006486761644
301,301.0,0.1534761031063488,0.1390252352392219,0.1600016518037737,0.2117486332064071,0.1535985537520156,0.1821498228922329
302,302.0,0.1542389737639944,0.1391074211956056,0.1594346121905854,0.2121496693867914,0.1527637766372857,0.1823055468257375
303,303.0,0.1554795152645831,0.1397270046060851,0.1594686408805205,0.2114653766565408,0.153632456565273,0.1802270060269975
304,304.0,0.1564142564855162,0.140301080818177,0.1603199248580015,0.2106167887646792,0.1557305647374296,0.1766173843361966
305,305.0,0.1580032857814056,0.1420195005056399,0.1609378054315786,0.2084031147180799,0.1574825521159919,0.1731537414473042
306,306.0,0.1592834658699785,0.1436317057301226,0.1621909592874216,0.2061140604787432,0.1590783464043692,0.1697014622293649
307,307.0,0.160298853897055,0.1450218062752887,0.1632793015847196,0.2036696649979467,0.1604754011764885,0.1672549720685016
308,308.0,0.1610876005853393,0.1462199370004436,0.1653413665642904,0.2011317317514698,0.1617014452330798,0.1645179188653773
309,309.0,0.1616783714907166,0.1472472024692257,0.168161939085889,0.1985488827372341,0.1627752080940188,0.161588396122916
310,310.0,0.162671070468438,0.1489644958066639,0.170407825140959,0.1958964263671461,0.1635820660311471,0.1584781161856461
311,311.0,0.1633583849142989,0.1505520249089016,0.1723704780720461,0.1940066990893433,0.1642279536447873,0.1554844593706231
312,312.0,0.163961782334829,0.1520563414578871,0.17425639686004,0.1922289186739684,0.1648214101900528,0.152675150483223
313,313.0,0.1642931442678798,0.1534231044958368,0.1767730104499848,0.1904744301436943,0.165933172779757,0.1491031378628475
314,314.0,0.1645871076939829,0.154739492175978,0.1792271058636984,0.1888957689856152,0.1668516693303481,0.1456988559503777
315,315.0,0.1648866508350527,0.1559425556861832,0.1815486171863993,0.1874271795244676,0.1676929332948387,0.1425020634730587
316,316.0,0.1650426545389464,0.1568935929162117,0.1842706513781263,0.1860123460453589,0.1683940289758194,0.1393867261455376
317,317.0,0.1651221715166014,0.1577299177434025,0.1868347400688637,0.1848011141759493,0.169015402048271,0.1364966544469123
318,318.0,0.1651445859833958,0.1584679059730352,0.1892435676343339,0.1837196341083608,0.1695720788555898,0.1338522274452845
319,319.0,0.1651153840457477,0.1591100113825694,0.1914885719114089,0.1827657454630874,0.1700649622562159,0.1314553249409707
320,320.0,0.1650263449748035,0.1596449224354408,0.1935500107974831,0.1820078174309396,0.1704810239923336,0.1292898803689996
321,321.0,0.1648966498244091,0.1600910403448178,0.1954379333926027,0.181369402728996,0.1708368165010633,0.1273681572081113
322,322.0,0.1647316611540135,0.1604527832459561,0.1971508120999121,0.1808449341712554,0.1711348087800566,0.1256850005488065
