,Unnamed: 0,Total_iterations,Intertwine_two,Invert_path_vertices,Insert_inside_vertex,Delete_inside_vertex,Replace_inside_vertex,Donate_between_routes,Trim_one_terminal_cb,Grow_one_terminal_cb
0,0.0,0.0,0.125,0.125,0.125,0.125,0.125,0.125,0.125,0.125
1,1.0,1.0,0.125,0.125,0.125,0.125,0.125,0.125,0.125,0.125
2,2.0,2.0,0.125,0.125,0.125,0.125,0.125,0.125,0.125,0.125
3,3.0,3.0,0.125,0.125,0.125,0.125,0.125,0.125,0.125,0.125
4,4.0,4.0,0.125,0.125,0.125,0.125,0.125,0.125,0.125,0.125
5,5.0,5.0,0.125,0.125,0.125,0.125,0.125,0.125,0.125,0.125
6,6.0,6.0,0.125,0.125,0.125,0.125,0.125,0.125,0.125,0.125
7,7.0,7.0,0.125,0.125,0.125,0.125,0.125,0.125,0.125,0.125
8,8.0,8.0,0.125,0.125,0.125,0.125,0.125,0.125,0.125,0.125
9,9.0,9.0,0.125,0.125,0.125,0.125,0.125,0.125,0.125,0.125
10,10.0,10.0,0.125,0.125,0.125,0.125,0.125,0.125,0.125,0.125
11,11.0,11.0,0.125,0.125,0.125,0.125,0.125,0.125,0.125,0.125
12,12.0,12.0,0.125,0.125,0.125,0.125,0.125,0.125,0.125,0.125
13,13.0,13.0,0.125,0.125,0.125,0.125,0.125,0.125,0.125,0.125
14,14.0,14.0,0.125,0.125,0.125,0.125,0.125,0.125,0.125,0.125
15,15.0,15.0,0.125,0.125,0.125,0.125,0.125,0.125,0.125,0.125
16,16.0,16.0,0.125,0.125,0.125,0.125,0.125,0.125,0.125,0.125
17,17.0,17.0,0.125,0.125,0.125,0.125,0.125,0.125,0.125,0.125
18,18.0,18.0,0.125,0.125,0.125,0.125,0.125,0.125,0.125,0.125
19,19.0,19.0,0.125,0.125,0.125,0.125,0.125,0.125,0.125,0.125
20,20.0,20.0,0.125,0.125,0.125,0.125,0.125,0.125,0.125,0.125
21,21.0,21.0,0.125,0.125,0.125,0.125,0.125,0.125,0.125,0.125
22,22.0,22.0,0.125,0.125,0.125,0.125,0.125,0.125,0.125,0.125
23,23.0,23.0,0.125,0.125,0.125,0.125,0.125,0.125,0.125,0.125
24,24.0,24.0,0.125,0.125,0.125,0.125,0.125,0.125,0.125,0.125
25,25.0,25.0,0.125,0.125,0.125,0.125,0.125,0.125,0.125,0.125
26,26.0,26.0,0.125,0.125,0.125,0.125,0.125,0.125,0.125,0.125
27,27.0,27.0,0.125,0.125,0.125,0.125,0.125,0.125,0.125,0.125
28,28.0,28.0,0.125,0.125,0.125,0.125,0.125,0.125,0.125,0.125
29,29.0,29.0,0.125,0.125,0.125,0.125,0.125,0.125,0.125,0.125
30,30.0,30.0,0.125,0.125,0.125,0.125,0.125,0.125,0.125,0.125
31,31.0,31.0,0.125,0.125,0.125,0.125,0.125,0.125,0.125,0.125
32,32.0,32.0,0.125,0.125,0.125,0.125,0.125,0.125,0.125,0.125
33,33.0,33.0,0.125,0.125,0.125,0.125,0.125,0.125,0.125,0.125
34,34.0,34.0,0.125,0.125,0.125,0.125,0.125,0.125,0.125,0.125
35,35.0,35.0,0.125,0.125,0.125,0.125,0.125,0.125,0.125,0.125
36,36.0,36.0,0.125,0.125,0.125,0.125,0.125,0.125,0.125,0.125
37,37.0,37.0,0.125,0.125,0.125,0.125,0.125,0.125,0.125,0.125
38,38.0,38.0,0.125,0.125,0.125,0.125,0.125,0.125,0.125,0.125
39,39.0,39.0,0.125,0.125,0.125,0.125,0.125,0.125,0.125,0.125
40,40.0,40.0,0.125,0.125,0.125,0.125,0.125,0.125,0.125,0.125
41,41.0,41.0,0.125,0.125,0.125,0.125,0.125,0.125,0.125,0.125
42,42.0,42.0,0.125,0.125,0.125,0.125,0.125,0.125,0.125,0.125
43,43.0,43.0,0.125,0.125,0.125,0.125,0.125,0.125,0.125,0.125
44,44.0,44.0,0.125,0.125,0.125,0.125,0.125,0.125,0.125,0.125
45,45.0,45.0,0.125,0.125,0.125,0.125,0.125,0.125,0.125,0.125
46,46.0,46.0,0.125,0.125,0.125,0.125,0.125,0.125,0.125,0.125
47,47.0,47.0,0.125,0.125,0.125,0.125,0.125,0.125,0.125,0.125
48,48.0,48.0,0.125,0.125,0.125,0.125,0.125,0.125,0.125,0.125
49,49.0,49.0,0.125,0.125,0.125,0.125,0.125,0.125,0.125,0.125
50,50.0,50.0,0.125,0.125,0.125,0.125,0.125,0.125,0.125,0.125
51,51.0,51.0,0.125,0.125,0.125,0.125,0.125,0.125,0.125,0.125
52,52.0,52.0,0.125,0.125,0.125,0.125,0.125,0.125,0.125,0.125
53,53.0,53.0,0.125,0.125,0.125,0.125,0.125,0.125,0.125,0.125
54,54.0,54.0,0.125,0.125,0.125,0.125,0.125,0.125,0.125,0.125
55,55.0,55.0,0.125,0.125,0.125,0.125,0.125,0.125,0.125,0.125
56,56.0,56.0,0.125,0.125,0.125,0.125,0.125,0.125,0.125,0.125
57,57.0,57.0,0.125,0.125,0.125,0.125,0.125,0.125,0.125,0.125
58,58.0,58.0,0.125,0.125,0.125,0.125,0.125,0.125,0.125,0.125
59,59.0,59.0,0.125,0.125,0.125,0.125,0.125,0.125,0.125,0.125
60,60.0,60.0,0.125,0.125,0.125,0.125,0.125,0.125,0.125,0.125
61,61.0,61.0,0.125,0.125,0.125,0.125,0.125,0.125,0.125,0.125
62,62.0,62.0,0.125,0.125,0.125,0.125,0.125,0.125,0.125,0.125
63,63.0,63.0,0.125,0.125,0.125,0.125,0.125,0.125,0.125,0.125
64,64.0,64.0,0.125,0.125,0.125,0.125,0.125,0.125,0.125,0.125
65,65.0,65.0,0.125,0.125,0.125,0.125,0.125,0.125,0.125,0.125
66,66.0,66.0,0.125,0.125,0.125,0.125,0.125,0.125,0.125,0.125
67,67.0,67.0,0.125,0.125,0.125,0.125,0.125,0.125,0.125,0.125
68,68.0,68.0,0.125,0.125,0.125,0.125,0.125,0.125,0.125,0.125
69,69.0,69.0,0.125,0.125,0.125,0.125,0.125,0.125,0.125,0.125
70,70.0,70.0,0.125,0.125,0.125,0.125,0.125,0.125,0.125,0.125
71,71.0,71.0,0.125,0.125,0.125,0.125,0.125,0.125,0.125,0.125
72,72.0,72.0,0.125,0.125,0.125,0.125,0.125,0.125,0.125,0.125
73,73.0,73.0,0.125,0.125,0.125,0.125,0.125,0.125,0.125,0.125
74,74.0,74.0,0.125,0.125,0.125,0.125,0.125,0.125,0.125,0.125
75,75.0,75.0,0.125,0.125,0.125,0.125,0.125,0.125,0.125,0.125
76,76.0,76.0,0.125,0.125,0.125,0.125,0.125,0.125,0.125,0.125
77,77.0,77.0,0.125,0.125,0.125,0.125,0.125,0.125,0.125,0.125
78,78.0,78.0,0.125,0.125,0.125,0.125,0.125,0.125,0.125,0.125
79,79.0,79.0,0.125,0.125,0.125,0.125,0.125,0.125,0.125,0.125
80,80.0,80.0,0.125,0.125,0.125,0.125,0.125,0.125,0.125,0.125
81,81.0,81.0,0.125,0.125,0.125,0.125,0.125,0.125,0.125,0.125
82,82.0,82.0,0.125,0.125,0.125,0.125,0.125,0.125,0.125,0.125
83,83.0,83.0,0.125,0.125,0.125,0.125,0.125,0.125,0.125,0.125
84,84.0,84.0,0.125,0.125,0.125,0.125,0.125,0.125,0.125,0.125
85,85.0,85.0,0.125,0.125,0.125,0.125,0.125,0.125,0.125,0.125
86,86.0,86.0,0.125,0.125,0.125,0.125,0.125,0.125,0.125,0.125
87,87.0,87.0,0.125,0.125,0.125,0.125,0.125,0.125,0.125,0.125
88,88.0,88.0,0.125,0.125,0.125,0.125,0.125,0.125,0.125,0.125
89,89.0,89.0,0.125,0.125,0.125,0.125,0.125,0.125,0.125,0.125
90,90.0,90.0,0.125,0.125,0.125,0.125,0.125,0.125,0.125,0.125
91,91.0,91.0,0.125,0.125,0.125,0.125,0.125,0.125,0.125,0.125
92,92.0,92.0,0.125,0.125,0.125,0.125,0.125,0.125,0.125,0.125
93,93.0,93.0,0.125,0.125,0.125,0.125,0.125,0.125,0.125,0.125
94,94.0,94.0,0.125,0.125,0.125,0.125,0.125,0.125,0.125,0.125
95,95.0,95.0,0.125,0.125,0.125,0.125,0.125,0.125,0.125,0.125
96,96.0,96.0,0.125,0.125,0.125,0.125,0.125,0.125,0.125,0.125
97,97.0,97.0,0.125,0.125,0.125,0.125,0.125,0.125,0.125,0.125
98,98.0,98.0,0.125,0.125,0.125,0.125,0.125,0.125,0.125,0.125
99,99.0,99.0,0.125,0.125,0.125,0.125,0.125,0.125,0.125,0.125
100,100.0,100.0,0.125,0.125,0.125,0.125,0.125,0.125,0.125,0.125
101,101.0,101.0,0.125,0.125,0.125,0.125,0.125,0.125,0.125,0.125
102,102.0,102.0,0.125,0.125,0.125,0.125,0.125,0.125,0.125,0.125
103,103.0,103.0,0.125,0.125,0.125,0.125,0.125,0.125,0.125,0.125
104,104.0,104.0,0.125,0.125,0.125,0.125,0.125,0.125,0.125,0.125
105,105.0,105.0,0.125,0.125,0.125,0.125,0.125,0.125,0.125,0.125
106,106.0,106.0,0.125,0.125,0.125,0.125,0.125,0.125,0.125,0.125
107,107.0,107.0,0.125,0.125,0.125,0.125,0.125,0.125,0.125,0.125
108,108.0,108.0,0.125,0.125,0.125,0.125,0.125,0.125,0.125,0.125
109,109.0,109.0,0.125,0.125,0.125,0.125,0.125,0.125,0.125,0.125
110,110.0,110.0,0.125,0.125,0.125,0.125,0.125,0.125,0.125,0.125
111,111.0,111.0,0.125,0.125,0.125,0.125,0.125,0.125,0.125,0.125
112,112.0,112.0,0.125,0.125,0.125,0.125,0.125,0.125,0.125,0.125
113,113.0,113.0,0.125,0.125,0.125,0.125,0.125,0.125,0.125,0.125
114,114.0,114.0,0.125,0.125,0.125,0.125,0.125,0.125,0.125,0.125
115,115.0,115.0,0.125,0.125,0.125,0.125,0.125,0.125,0.125,0.125
116,116.0,116.0,0.125,0.125,0.125,0.125,0.125,0.125,0.125,0.125
117,117.0,117.0,0.125,0.125,0.125,0.125,0.125,0.125,0.125,0.125
118,118.0,118.0,0.125,0.125,0.125,0.125,0.125,0.125,0.125,0.125
119,119.0,119.0,0.125,0.125,0.125,0.125,0.125,0.125,0.125,0.125
120,120.0,120.0,0.125,0.125,0.125,0.125,0.125,0.125,0.125,0.125
121,121.0,121.0,0.125,0.125,0.125,0.125,0.125,0.125,0.125,0.125
122,122.0,122.0,0.125,0.125,0.125,0.125,0.125,0.125,0.125,0.125
123,123.0,123.0,0.125,0.125,0.125,0.125,0.125,0.125,0.125,0.125
124,124.0,124.0,0.125,0.125,0.125,0.125,0.125,0.125,0.125,0.125
125,125.0,125.0,0.125,0.125,0.125,0.125,0.125,0.125,0.125,0.125
126,126.0,126.0,0.125,0.125,0.125,0.125,0.125,0.125,0.125,0.125
127,127.0,127.0,0.125,0.125,0.125,0.125,0.125,0.125,0.125,0.125
128,128.0,128.0,0.125,0.125,0.125,0.125,0.125,0.125,0.125,0.125
129,129.0,129.0,0.125,0.125,0.125,0.125,0.125,0.125,0.125,0.125
130,130.0,130.0,0.125,0.125,0.125,0.125,0.125,0.125,0.125,0.125
131,131.0,131.0,0.125,0.125,0.125,0.125,0.125,0.125,0.125,0.125
132,132.0,132.0,0.125,0.125,0.125,0.125,0.125,0.125,0.125,0.125
133,133.0,133.0,0.125,0.125,0.125,0.125,0.125,0.125,0.125,0.125
134,134.0,134.0,0.125,0.125,0.125,0.125,0.125,0.125,0.125,0.125
135,135.0,135.0,0.125,0.125,0.125,0.125,0.125,0.125,0.125,0.125
136,136.0,136.0,0.125,0.125,0.125,0.125,0.125,0.125,0.125,0.125
137,137.0,137.0,0.125,0.125,0.125,0.125,0.125,0.125,0.125,0.125
138,138.0,138.0,0.125,0.125,0.125,0.125,0.125,0.125,0.125,0.125
139,139.0,139.0,0.125,0.125,0.125,0.125,0.125,0.125,0.125,0.125
140,140.0,140.0,0.125,0.125,0.125,0.125,0.125,0.125,0.125,0.125
141,141.0,141.0,0.125,0.125,0.125,0.125,0.125,0.125,0.125,0.125
142,142.0,142.0,0.125,0.125,0.125,0.125,0.125,0.125,0.125,0.125
143,143.0,143.0,0.125,0.125,0.125,0.125,0.125,0.125,0.125,0.125
144,144.0,144.0,0.125,0.125,0.125,0.125,0.125,0.125,0.125,0.125
145,145.0,145.0,0.125,0.125,0.125,0.125,0.125,0.125,0.125,0.125
146,146.0,146.0,0.125,0.125,0.125,0.125,0.125,0.125,0.125,0.125
147,147.0,147.0,0.125,0.125,0.125,0.125,0.125,0.125,0.125,0.125
148,148.0,148.0,0.125,0.125,0.125,0.125,0.125,0.125,0.125,0.125
149,149.0,149.0,0.125,0.125,0.125,0.125,0.125,0.125,0.125,0.125
150,150.0,150.0,0.125,0.125,0.125,0.125,0.125,0.125,0.125,0.125
151,151.0,151.0,0.125,0.125,0.125,0.125,0.125,0.125,0.125,0.125
152,152.0,152.0,0.125,0.125,0.125,0.125,0.125,0.125,0.125,0.125
153,153.0,153.0,0.125,0.125,0.125,0.125,0.125,0.125,0.125,0.125
154,154.0,154.0,0.125,0.125,0.125,0.125,0.125,0.125,0.125,0.125
155,155.0,155.0,0.125,0.125,0.125,0.125,0.125,0.125,0.125,0.125
156,156.0,156.0,0.125,0.125,0.125,0.125,0.125,0.125,0.125,0.125
157,157.0,157.0,0.125,0.125,0.125,0.125,0.125,0.125,0.125,0.125
158,158.0,158.0,0.125,0.125,0.125,0.125,0.125,0.125,0.125,0.125
159,159.0,159.0,0.125,0.125,0.125,0.125,0.125,0.125,0.125,0.125
160,160.0,160.0,0.125,0.125,0.125,0.125,0.125,0.125,0.125,0.125
161,161.0,161.0,0.125,0.125,0.125,0.125,0.125,0.125,0.125,0.125
162,162.0,162.0,0.125,0.125,0.125,0.125,0.125,0.125,0.125,0.125
163,163.0,163.0,0.125,0.125,0.125,0.125,0.125,0.125,0.125,0.125
164,164.0,164.0,0.125,0.125,0.125,0.125,0.125,0.125,0.125,0.125
165,165.0,165.0,0.125,0.125,0.125,0.125,0.125,0.125,0.125,0.125
166,166.0,166.1,0.125,0.125,0.125,0.125,0.125,0.125,0.125,0.125
167,167.0,167.1,0.125,0.125,0.125,0.125,0.125,0.125,0.125,0.125
168,168.0,168.1,0.125,0.125,0.125,0.125,0.125,0.125,0.125,0.125
169,169.0,169.1,0.125,0.125,0.125,0.125,0.125,0.125,0.125,0.125
170,170.0,170.1,0.125,0.125,0.125,0.125,0.125,0.125,0.125,0.125
171,171.0,171.1,0.125,0.125,0.125,0.125,0.125,0.125,0.125,0.125
172,172.0,172.1,0.125,0.125,0.125,0.125,0.125,0.125,0.125,0.125
173,173.0,173.1,0.125,0.125,0.125,0.125,0.125,0.125,0.125,0.125
174,174.0,174.1,0.125,0.125,0.125,0.125,0.125,0.125,0.125,0.125
175,175.0,175.1,0.125,0.125,0.125,0.125,0.125,0.125,0.125,0.125
176,176.0,176.1,0.125,0.125,0.125,0.125,0.125,0.125,0.125,0.125
177,177.0,177.1,0.125,0.125,0.125,0.125,0.125,0.125,0.125,0.125
178,178.0,178.1,0.125,0.125,0.125,0.125,0.125,0.125,0.125,0.125
179,179.0,179.1,0.125,0.125,0.125,0.125,0.125,0.125,0.125,0.125
180,180.0,180.1,0.125,0.125,0.125,0.125,0.125,0.125,0.125,0.125
181,181.0,181.1,0.125,0.125,0.125,0.125,0.125,0.125,0.125,0.125
182,182.0,182.1,0.125,0.125,0.125,0.125,0.125,0.125,0.125,0.125
183,183.0,183.1,0.125,0.125,0.125,0.125,0.125,0.125,0.125,0.125
184,184.0,184.1,0.125,0.125,0.125,0.125,0.125,0.125,0.125,0.125
185,185.0,185.1,0.125,0.125,0.125,0.125,0.125,0.125,0.125,0.125
186,186.0,186.1,0.125,0.125,0.125,0.125,0.125,0.125,0.125,0.125
187,187.0,187.1,0.125,0.125,0.125,0.125,0.125,0.125,0.125,0.125
188,188.0,188.1,0.125,0.125,0.125,0.125,0.125,0.125,0.125,0.125
189,189.0,189.1,0.125,0.125,0.125,0.125,0.125,0.125,0.125,0.125
190,190.0,190.1,0.125,0.125,0.125,0.125,0.125,0.125,0.125,0.125
191,191.0,191.1,0.125,0.125,0.125,0.125,0.125,0.125,0.125,0.125
192,192.0,192.1,0.125,0.125,0.125,0.125,0.125,0.125,0.125,0.125
193,193.0,193.1,0.125,0.125,0.125,0.125,0.125,0.125,0.125,0.125
194,194.0,194.1,0.125,0.125,0.125,0.125,0.125,0.125,0.125,0.125
195,195.0,195.1,0.125,0.125,0.125,0.125,0.125,0.125,0.125,0.125
196,196.0,196.1,0.125,0.125,0.125,0.125,0.125,0.125,0.125,0.125
197,197.0,197.1,0.125,0.125,0.125,0.125,0.125,0.125,0.125,0.125
198,198.0,198.1,0.125,0.125,0.125,0.125,0.125,0.125,0.125,0.125
199,199.0,199.1,0.125,0.125,0.125,0.125,0.125,0.125,0.125,0.125
200,200.0,200.1,0.11450788615737069,0.1256189972684818,0.11553881399242225,0.1555335271830117,0.11450788615737069,0.11450788615737069,0.1222001938496784,0.13758480923429378
201,201.0,201.1,0.11062510227458681,0.1317362133856979,0.11165603010963836,0.1549108165603011,0.11062510227458681,0.11062510227458681,0.12776795941744395,0.14205367370315825
202,202.0,202.1,0.09882315422263874,0.11993426533374985,0.09985408205769028,0.15033830573779025,0.09882315422263874,0.09882315422263874,0.18840648755597209,0.1449973966468812
203,203.0,203.1,0.096049654710369,0.11833500824572252,0.09813298804370232,0.14678829107400537,0.09709132137703566,0.096049654710369,0.2045001030715316,0.14305297876726447
204,204.0,204.1,0.0941178365285508,0.11564561430632858,0.09620116986188414,0.15633374561945987,0.09515950319521746,0.0941178365285508,0.20972737579880435,0.13869691816120383
205,205.0,205.1,0.09242732186114537,0.12100638169020521,0.09346898852781205,0.15097618721148132,0.09346898852781205,0.09346898852781205,0.20691777503542208,0.1482653686183098
206,206.0,206.1,0.09096295272007823,0.11842163378700672,0.09199388055512978,0.14819405293177274,0.09913673769798692,0.09302480839018132,0.21167175170358918,0.14659418221425496
207,207.0,207.1,0.08948733683269763,0.115834906788515,0.09051826466774918,0.16129360044308497,0.09766112181060631,0.09154919250280072,0.21035953450901906,0.14329604244552693
208,208.0,208.1,0.08691157925694007,0.11139767735128556,0.08691157925694007,0.17896925811874262,0.09564010159370981,0.08897343492704315,0.21157498572447028,0.13962138377086825
209,209.0,209.1,0.08455657315193396,0.10820933791294611,0.08455657315193396,0.18620979535927984,0.09286842882203704,0.08661842882203705,0.21971448511396963,0.13726637766586217
210,210.0,210.1,0.08700359710365771,0.11774343943234178,0.08136785827204258,0.1871700279371595,0.09034299471837368,0.08342971394214568,0.21981708676068892,0.13312528183358988
211,211.0,211.1,0.08500737474476969,0.1273502734427104,0.07977778290803497,0.1894796893116221,0.08872136033900738,0.08181859923456561,0.21715356655482707,0.1306913534644627
212,212.0,212.1,0.08281353916858117,0.12307714461075805,0.07795159439067,0.18690532739902482,0.08656837443602147,0.08713526786005776,0.22578489437733137,0.12976385775755522
213,213.0,213.1,0.08049328327822355,0.12616326179594645,0.07665174666357769,0.19141370407812244,0.09053168460366602,0.08583542013296544,0.22536946357490364,0.12354143587259463
214,214.0,214.1,0.07925748639536787,0.12173197619128621,0.075415949780722,0.1941657614462789,0.08874033216525475,0.09174248039296691,0.2226644544457459,0.1262815591823774
215,215.0,215.1,0.07780142826361311,0.11871779481023177,0.07395989164896724,0.20510434943208047,0.08678302090066795,0.09028642226121215,0.22395050327823438,0.12339658940499276
216,216.0,216.1,0.07720025116965021,0.11778982033064796,0.07335871455500435,0.2076591013763996,0.0859437485686098,0.08968524516724925,0.22498024366979497,0.12338287516264365
217,217.0,217.1,0.07665646269140296,0.11695363419158197,0.0728149260767571,0.2054482664942638,0.08518350987391232,0.089141456689002,0.23218467078484767,0.12161707319823196
218,218.0,218.1,0.0764251641992349,0.11083998275823745,0.07258362758458904,0.2042288257096056,0.08475458292324624,0.09914033722496693,0.23176452732122593,0.12026295227889365
219,219.0,219.1,0.07414555893279294,0.10986153326578856,0.07844815940560618,0.20870314083080038,0.08283772374197904,0.09578942924687603,0.23379010469436,0.11642434988179666
220,220.0,220.1,0.07272534172310206,0.10844131605609766,0.07702794219591527,0.21839403473222063,0.08141750653228813,0.09436921203718512,0.23274582733429314,0.11487881938889777
221,221.0,221.1,0.07171676646089703,0.0952898836510355,0.07560270026704359,0.2200121708201312,0.07934510148284908,0.09301723018157351,0.24126689514528837,0.12374925199118154
222,222.0,222.1,0.07008312491179675,0.09360025106050185,0.07356781703425977,0.22535323577788285,0.0776666671006021,0.10007325603969881,0.2375469822953687,0.12210866577988895
223,223.0,223.1,0.07047050318102946,0.0923209626630679,0.0719617312512049,0.23408434547908227,0.07622071203650148,0.0975429278324015,0.23427334361544885,0.12312547394126339
224,224.0,224.1,0.06962865497076022,0.09862197159565578,0.07082748538011693,0.233968671679198,0.07537886382623223,0.09585923141186295,0.23343149540517957,0.12228362573099413
225,225.0,225.1,0.06897095513566974,0.0975713947301798,0.07023070257425805,0.23752923581903995,0.07479327922866004,0.09478625812981362,0.23559325265367703,0.12052492172870155
226,226.0,226.1,0.06877332667717172,0.09737376627168177,0.07003307411576003,0.23673872198504786,0.07459565077016202,0.09458862967131562,0.23756953723865726,0.1203272932702035
227,227.0,227.1,0.06805967707271754,0.09560430662146514,0.06908270765305766,0.24225216821613524,0.07369199198574625,0.09363826320861321,0.23813656468598127,0.11953432055628346
228,228.0,228.1,0.0679333193688032,0.09556074570590697,0.06794099986035468,0.2417314853605176,0.07363699204021783,0.09249655541591024,0.2402591584043196,0.12044074384396963
229,229.0,229.1,0.06737553728777132,0.1008039033956587,0.06738514130668384,0.23903509832366215,0.07305825542660649,0.09152403019557273,0.2410552331828927,0.11976280088115195
230,230.0,230.1,0.0676847639804296,0.1051756047530041,0.06640528322726462,0.2387800615277395,0.07229409616870916,0.09017652505732998,0.24058117750842198,0.11890248777710077
231,231.0,231.1,0.06686118772531816,0.102362944422727,0.07114960763873804,0.2362672617237834,0.07126330674156758,0.08903849652762694,0.24508110850502152,0.11797608671521712
232,232.0,232.1,0.0663957002746047,0.1009713187458225,0.0659340907962234,0.24473788722888584,0.0706070575774376,0.08858488444701705,0.2453585207655064,0.11741054016450225
233,233.0,233.1,0.06605286031938547,0.09981709453540864,0.060057644363587334,0.2529090598438688,0.07011950003369041,0.08826399356993656,0.24577799435925574,0.1170018529748669
234,234.0,234.1,0.06537823398680638,0.09725566025829713,0.059404330903983525,0.25837403996911423,0.0694661865740866,0.08710183223306381,0.24675642805128611,0.11626328802336197
235,235.0,235.1,0.06522188359057593,0.09712001379581407,0.05926868444150048,0.2578935659204243,0.06933054011160356,0.08696618577058077,0.2481543005436114,0.11604482582588929
236,236.0,236.1,0.06492026910631718,0.09606928926667065,0.05898719068158782,0.2603664145922734,0.06786427236279322,0.0866846920106681,0.24839409497604556,0.11671377700364385
237,237.0,237.1,0.06437473098684436,0.09404158856607307,0.058461214377451456,0.2618412128154396,0.06719584591620671,0.08589555781179489,0.252080296088028,0.11610955343816168
238,238.0,238.1,0.06424198226676688,0.09392786572118586,0.05834749153256423,0.262474326896513,0.06708212307131949,0.08475090713185614,0.2532555762872808,0.11591972709251339
239,239.0,239.1,0.0639182039238595,0.09362259904062575,0.05804222485200413,0.266621513133879,0.06677685639075939,0.084248011992798,0.2512301769035098,0.11554041376256419
240,240.0,240.1,0.05859266077565045,0.09527110947471769,0.0593211831124202,0.2754447717231222,0.06892353951890032,0.07079025527736865,0.25682584683357873,0.11483063328424152
241,241.0,241.1,0.057878864791437036,0.09324480808906967,0.058624930987855914,0.2741601233205065,0.07262794420878596,0.07009400315280437,0.25894171120715637,0.11442761424238394
242,242.0,242.1,0.05708928008805923,0.09123116009266305,0.05783534628447812,0.28347753791378316,0.0712905165437721,0.0691377517827599,0.257166178621279,0.11277222867320531
243,243.0,243.1,0.05560339882491463,0.09397759298844408,0.05637094268456375,0.28565537039484223,0.07077099156041908,0.06855042986405094,0.25668956544796206,0.11238170823480298
244,244.0,244.1,0.0581223776223776,0.0924973776223776,0.05603904428904426,0.28669900932400927,0.0703382867132867,0.06821853146853143,0.2604932983682983,0.10759207459207457
245,245.0,245.1,0.0576127008955956,0.09108618574408045,0.054654367562262274,0.2904442859771807,0.0699005796834744,0.06787552140841613,0.26126501349527664,0.10716134523371364
246,246.0,246.1,0.05715490641843239,0.08978593960093617,0.054350419238945215,0.29779249993443335,0.06950750480044257,0.06372541923894522,0.26082591385746823,0.10685739691039657
247,247.0,247.1,0.05693729609170781,0.08956832927421159,0.05413280891222063,0.29848220271014386,0.06928989447371797,0.06350780891222063,0.26607276846247435,0.10200889116330289
248,248.0,248.1,0.05666036740347576,0.08501779944511834,0.053866845136269284,0.30725397977673,0.0685775349041673,0.062200178469602616,0.26383110009972605,0.1025921947649104
249,249.0,249.1,0.055969105613092915,0.08363114265012997,0.05330706857605587,0.306147977666965,0.067543179687167,0.06164040190938921,0.2702688807910327,0.10149224310616714
250,250.0,250.1,0.05519550537932888,0.08227481683364035,0.0548879656967892,0.30407772268066385,0.06682677951060303,0.06099907680790031,0.2761197752374223,0.09961835785365195
251,251.0,251.1,0.05486264410650995,0.0813920603194561,0.05467825713332987,0.30488420077313705,0.062379280525142744,0.06078936824444099,0.28168270010161767,0.09933148879636546
252,252.0,252.1,0.05387617859635354,0.08244989654507148,0.05375842497316513,0.304063168362214,0.066829170049345,0.05991784526302021,0.2820826635953889,0.09702265261544156
253,253.0,253.1,0.05324367822096772,0.0844869577908602,0.05318719801048958,0.3068708404608365,0.06594769633075834,0.0593928717693548,0.28136998933649043,0.09550076808024226
254,254.0,254.1,0.052922420380218826,0.08597628216883671,0.052922420380218826,0.308998899688245,0.06566626933186623,0.05917242038021882,0.2791770126535852,0.0951642750168103
255,255.0,255.1,0.05261843182248974,0.08619479418561679,0.05267061178538399,0.3089810699399377,0.0653989057345426,0.0589631287921867,0.28033061932907133,0.09484243841077097
256,256.0,256.1,0.0517901547424225,0.08473161621073076,0.05189064493850093,0.30904208955187773,0.06651296157535246,0.058223978271834266,0.28491164859010043,0.09289690611918072
257,257.0,257.1,0.05127855705822234,0.08361575290834922,0.05142386518147164,0.3090796897490609,0.06574159402125931,0.05779641420107947,0.2894151132842816,0.09164901359627523
258,258.0,258.1,0.05101855280734587,0.08277991644370952,0.051205518619311684,0.3114030796789417,0.06545994474873781,0.05761577502956809,0.28915185389323317,0.09136535877915183
259,259.0,259.1,0.050656098348723734,0.08186807027423987,0.05276864721834808,0.3146463365892166,0.06507594700770283,0.057328395646021026,0.2866786506441178,0.09097785427162976
260,260.0,260.1,0.0504201723735598,0.08110738464181909,0.052533963796561736,0.31674880737030786,0.06481863784985284,0.05716359342619137,0.2864917510634196,0.09071568947828741
261,261.0,261.1,0.050363636120215036,0.0806840284471863,0.05247742754321697,0.3180098483387957,0.06467344911423856,0.05710705717284661,0.286086450099608,0.09059810316389261
262,262.0,262.1,0.0501405517360486,0.07997391066490442,0.05225447947497634,0.3192156807995317,0.06443280709973254,0.056951449171946035,0.286682018809348,0.09034910224351214
263,263.0,263.1,0.04992737504431051,0.08036957934538576,0.052040470282405736,0.3191102445941155,0.0642021003190358,0.0568023750443105,0.2874387333097011,0.09010912206073493
264,264.0,264.1,0.0496472422268331,0.07963089175825958,0.05182131307468444,0.31774640450026626,0.06390451173876546,0.05854400215031469,0.2888728648477139,0.08983276970316235
265,265.0,265.1,0.049238936015251776,0.07878238598633332,0.04968536458668035,0.3176666693443009,0.06333641261272836,0.05815606055737631,0.2939925267227898,0.08914164417453889
266,266.0,266.1,0.04910798885936582,0.07854069685924028,0.049578460095595925,0.32651608285635214,0.06336665654826606,0.058080484387093914,0.29532515526089576,0.07948447513318992
267,267.0,267.1,0.04880163048835784,0.07781642465645391,0.049294707813331715,0.324115812483981,0.0629174306500266,0.05779069566846075,0.300363705368585,0.07889959287080298
268,268.0,268.1,0.048510775749221455,0.07712355734525048,0.04902513544790319,0.32416594449356984,0.06434410908255479,0.057515405378851095,0.30096863121282136,0.0783464412898276
269,269.0,269.1,0.04880769408964539,0.07311257756544101,0.048300447712833795,0.32605536249114353,0.06480851497479741,0.055661700692064296,0.305571885685883,0.07768181678819139
270,270.0,270.1,0.04848421525283225,0.07527560943784346,0.04802322234503083,0.3281349398237696,0.06428314297995147,0.05536449218630067,0.3033328728009579,0.07710150517331364
271,271.0,271.1,0.048268663354189646,0.0763747940655835,0.04785199668752299,0.3280890666351192,0.06396909231119755,0.05627304931910193,0.3023424032108243,0.07683093441646069
272,272.0,272.1,0.04775732410255921,0.07571084051150172,0.04738317444269527,0.330010097971923,0.06311969954992976,0.0558042270742742,0.30437729661211577,0.07583733973500088
273,273.0,273.1,0.04746040907265856,0.07531287912246337,0.04709975333495365,0.3304004715890182,0.06277447428684493,0.05554812837090417,0.3060767529805185,0.07532713124263844
274,274.0,274.1,0.04717795106627517,0.07493295300262101,0.046830069978356134,0.331672993227761,0.06244719835329067,0.05530488605079529,0.30679215951402516,0.0748417888068753
275,275.0,275.1,0.047033400989658115,0.07446725193748735,0.04665991826323422,0.33324338907900064,0.062211904175040224,0.05513008794030043,0.3066290871478719,0.07462496046740685
276,276.0,276.1,0.04473842119416262,0.07382251466943039,0.046325722781464206,0.3357459231878365,0.06149422536706334,0.05476666978173324,0.30923672595364043,0.07386979706466894
277,277.0,277.1,0.044365975369102896,0.07303649134478704,0.0459284753691029,0.339431321584726,0.06076433024571863,0.056032642035769575,0.3073609166369625,0.07307984741383014
278,278.0,278.1,0.044017230070159216,0.0722880350170618,0.045555691608620746,0.3418634896855378,0.06008133455803606,0.0556292519280827,0.30822539434592555,0.07233957278657578
279,279.0,279.1,0.043856408512789956,0.0717406742652184,0.04537156002794148,0.3408645241569505,0.059773713507935054,0.055415548297736185,0.3110003503586954,0.07197722087273276
280,280.0,280.1,0.04362685026645337,0.07272440165359392,0.045119387579886205,0.34126684985535427,0.05940324778198132,0.05513478677438986,0.3111701064581953,0.07155436963014547
281,281.0,281.1,0.04349296961694319,0.07247643783954186,0.04496355785223731,0.34655483502602896,0.05926936713247113,0.05500090612487969,0.3110517545899158,0.0671901718179817
282,282.0,282.1,0.043318112942086526,0.07228520114830517,0.044788701177380645,0.34803026500145895,0.0589278437909478,0.05482604945002304,0.31084946138762265,0.066974365102175
283,283.0,283.1,0.04304260622666324,0.07031232036708676,0.04449188158898208,0.3467656300695453,0.05843751531192226,0.054550542734599736,0.312037974351001,0.07036152935019928
284,284.0,284.1,0.042859800918562105,0.06986569640468024,0.04428837234713352,0.34989588820975764,0.05797978309017471,0.054318134251895425,0.3109324057837023,0.06985991899409379
285,285.0,285.1,0.0426044800753119,0.06935446540653294,0.04401293077953725,0.3504490213592769,0.057520071730034004,0.054014736485568315,0.31263090571829727,0.06941338844544113
286,286.0,286.2,0.04285111679951229,0.06909164664851881,0.04392309413553458,0.35221805643396653,0.05622430356637198,0.05389784161028205,0.3137194620803685,0.068074478725445
287,287.0,287.2,0.04372911860549193,0.06868097044220643,0.043645990166199106,0.34861195795825023,0.05581382975997053,0.05363976351613684,0.31827087176726165,0.06760749778448298
288,288.0,288.2,0.0435748314738536,0.06844193754785624,0.0434731913722135,0.35035714450432354,0.05555201574661178,0.053485476384498506,0.31778823086186564,0.06732717210877695
289,289.0,289.2,0.043428684599851095,0.06821382346073898,0.043309026480192976,0.3520057526576911,0.05530506242099638,0.053339329510496004,0.31733612010488976,0.06706220076514353
290,290.0,290.2,0.044944748806898235,0.06803766133251378,0.04319464360178455,0.3500238456584689,0.05515536927961549,0.053242490491736696,0.31855913118749013,0.06684210964149197
291,291.0,291.2,0.04473125533470356,0.06777296458330936,0.04298966359311183,0.3521363789467237,0.05482227542572367,0.05305459865804688,0.31805144089626847,0.06644142256211216
292,292.0,292.2,0.04372036473991961,0.06890927386940829,0.043107187649315114,0.35607089710257583,0.054866113683697815,0.05314354432746284,0.31714275025984084,0.0630398683677794
293,293.0,293.2,0.0434151238614857,0.06840394166977613,0.04287723311844438,0.359000677986962,0.05450250680220668,0.05288592013755582,0.3161887162001057,0.06272588022346329
294,294.0,294.2,0.04587663513125294,0.06810515767924812,0.042632556413036295,0.3607312388482816,0.05414803433323349,0.05265706621695786,0.3146894051646759,0.06115990621331345
295,295.0,295.2,0.045584388913439765,0.0688735907471685,0.042382344605947087,0.3591733608631552,0.055322280744229735,0.052422286508634085,0.31332431070914446,0.06291743690828075
296,296.0,296.2,0.045440281524346156,0.06837031142607941,0.04221959432738826,0.35830361675499467,0.056499669444800824,0.052231966190237324,0.3141671055716855,0.06276745476046759
297,297.0,297.2,0.04510716979714745,0.0677627345344762,0.04194320884121267,0.3567810098331069,0.05597880300327544,0.051928865754580424,0.3181972806628849,0.06230092757331562
298,298.0,298.2,0.04483340843685668,0.06740795721830202,0.04170946031290855,0.3554791382894831,0.0568517234551717,0.05170946031290855,0.3200519118967395,0.06195694007762971
299,299.0,299.2,0.04442723333196363,0.06556390735978745,0.041412005916734565,0.3545841577662384,0.05901955410892536,0.05142601151897547,0.3220844705529149,0.06148265944445985
300,300.0,300.2,0.04425816317306103,0.06508112541481861,0.041225442273537895,0.35669338449591625,0.05866017524875487,0.0522881551348518,0.3205988929252069,0.06119466133385232
301,301.0,301.2,0.041462125629559504,0.06461104649051477,0.04104376608233644,0.355453580313117,0.058310624360859785,0.052069281693325274,0.326134004668406,0.06091557076188092
302,302.0,302.2,0.041269547353982784,0.06412062634723774,0.040834241401540954,0.3569807753517425,0.057837937125564266,0.05182356870485527,0.3264835358089699,0.06064976790610625
303,303.0,303.2,0.04110318835977291,0.06375162635586631,0.04067313229460345,0.3550458685234393,0.057421617622036146,0.051638204403968865,0.33004662800818163,0.060319734432131164
304,304.0,304.2,0.040782419777877006,0.06319874271688597,0.04038834747590997,0.35634876508433455,0.05685870088159713,0.051318903031465524,0.3312201922169774,0.059883928814952206
305,305.0,305.2,0.04059179971586651,0.06288803565198868,0.040181127913442125,0.35663908185664317,0.05645356509825046,0.05214408248464412,0.33157033380175926,0.05953197347740534
306,306.0,306.2,0.04041421668359242,0.0627276576369196,0.04005875537116114,0.3556691561555962,0.05628321421851743,0.05331570580157637,0.3322156781599183,0.05931561597271834
307,307.0,307.2,0.0402027477424392,0.062406603137668236,0.039883907904217045,0.35369570893989216,0.05704018651631868,0.053117458319868874,0.3346587340210583,0.058994653418537324
308,308.0,308.2,0.039947038441115704,0.061959196356218806,0.03964197369836099,0.35663414044257913,0.05652767587590799,0.05283174745044476,0.33383551100391795,0.05862271673145434
309,309.0,309.2,0.03966779133553004,0.06246961213222209,0.03939146881653598,0.35614878845963294,0.05808347652753103,0.05252229794003664,0.33346929659893426,0.05824726818957673
310,310.0,310.2,0.03939778170916191,0.06197350837695692,0.03914863204929797,0.35442075209711255,0.05957154251738191,0.05222194428558489,0.3353815829239226,0.05788425604058099
311,311.0,311.2,0.03924902063674281,0.06159323333035559,0.03896933016506572,0.3515486564817876,0.05919019953920216,0.052001933683149495,0.3398583475957247,0.057589278567971705
312,312.0,312.2,0.03915314098655151,0.0613584647912754,0.038862930843088186,0.3502603130259855,0.058907817701388546,0.05187518983542733,0.3422203947269385,0.05736174808934482
313,313.0,313.2,0.03894796268257822,0.06102773726128831,0.038703693811246644,0.35013920306849344,0.06044064116583221,0.0516807164457594,0.34197445627600576,0.05708558928879579
314,314.0,314.2,0.03779927613211541,0.0598450276336442,0.03861897962326798,0.3522505113940916,0.06003936772018714,0.05158146370594011,0.34298733139118126,0.05687804239957213
315,315.0,315.2,0.037631015751785464,0.05955600102824561,0.03849321856150111,0.35140363975431477,0.05961228045873451,0.051422224542994256,0.3451685542508932,0.056713065651530746
316,316.0,316.2,0.03740542680839374,0.05912285105077697,0.03827884735165308,0.3527287564511132,0.06024034967573384,0.052670555430023934,0.3431522552611018,0.05640095797120308
317,317.0,317.2,0.03725344867345578,0.058882694501769486,0.03815229144723849,0.3544058368227526,0.0609732394700638,0.05250354391322389,0.3416586701801099,0.056170274991385716
318,318.0,318.2,0.03710651819181128,0.05864914536093212,0.038029695674394695,0.35273121476789665,0.06169336610789222,0.05234160356647449,0.3435015649474508,0.05594689138314746
319,319.0,319.2,0.03700398502047674,0.05655063377402205,0.03798017549666722,0.3549575601809485,0.06313940756894278,0.05227360670314189,0.3423047696930755,0.0557898615627251
320,320.0,320.2,0.03685926762801776,0.056253024594961065,0.037828098728747345,0.3553272354211008,0.06270080636784783,0.05206447248575115,0.3424381245634967,0.05652897021007709
321,321.0,321.2,0.03678783509701185,0.05600128454212564,0.0377275456386267,0.3551967658770674,0.06247332808575653,0.05189941617619419,0.343536062783261,0.05637776179995645
322,322.0,322.2,0.0367213830126927,0.05586820386462164,0.037623721655779874,0.35437260006462534,0.0623309055466633,0.05176581042426369,0.34510142147696066,0.05621595395439245
323,323.0,323.2,0.039440955965456825,0.05841253943341053,0.04126817358214814,0.35257667938702414,0.06490967827628441,0.046080953394927945,0.34856298588149764,0.048748034079250005
324,324.0,324.2,0.04114243508747424,0.05706165520558176,0.04120677200598789,0.35133569701389605,0.06469972959505531,0.04600415739770915,0.34987141592447096,0.048678137769824395
325,325.0,325.2,0.04103542286674749,0.05786061989714327,0.04105478946506146,0.35160768607891424,0.06437509309643329,0.04580895634693492,0.3497783799106926,0.04847905233807255
326,326.0,326.2,0.04095753459022763,0.05765433571867993,0.040982716782592486,0.35305947385740905,0.06414844553417601,0.04570819001047454,0.34909051385902656,0.04839878964741358
327,327.0,327.2,0.04090906994709999,0.05749388899268555,0.04092620838142109,0.3544338054017765,0.06258524130770489,0.045637328950773555,0.3496802195303398,0.048334237488198414
328,328.0,328.2,0.04081846940267389,0.057340395366498466,0.04079176754248681,0.35479624695857864,0.06238531856766351,0.04548329311417089,0.3502301793244182,0.04815432972350926
329,329.0,329.2,0.0407464565539679,0.05709701588484615,0.04067672477537354,0.3568347003011278,0.06218470462742256,0.04532724848707169,0.3491380456632789,0.0479951037069112
330,330.0,330.2,0.040568566993193146,0.05783129383390717,0.04053076935454476,0.3552529794279386,0.06273474085070885,0.04514904356777137,0.35012641000321276,0.04780619596872306
331,331.0,331.2,0.0404019541256147,0.0575344147273308,0.040394492065943234,0.3529699365712894,0.0632098909268752,0.04497692472423016,0.352832974963938,0.047679411894778215
332,332.0,332.2,0.04030777917416278,0.05736045585632906,0.040272649520389045,0.35058760607053086,0.06299726541638276,0.04484104835493006,0.35606631380172826,0.04756688180554693
333,333.0,333.2,0.04003202944211901,0.056105517027118676,0.0490687637578478,0.34723924720417537,0.061757935059741406,0.04474704318665331,0.35467733149054065,0.046372132831803484
334,334.0,334.2,0.04004738840061321,0.05599363993120532,0.049006908990458356,0.3492218068561652,0.06008328460742307,0.04465929736487124,0.3546684297614266,0.04631924408783668
335,335.0,335.2,0.03999536052942403,0.0558242053299437,0.04896709113147918,0.3485763458138358,0.0599576190337302,0.045655833061817745,0.35479538339586025,0.04622816170390877
336,336.0,336.2,0.039918073168797176,0.05563190186051191,0.04890174834801429,0.34751912508325217,0.059755299527976015,0.045517392223888335,0.3566435909170661,0.04611286887049383
337,337.0,337.2,0.03981948815789786,0.05636530930955441,0.04879114686971555,0.34860106997836027,0.0595031986067809,0.045343624221138336,0.3555580926830678,0.046018070173484596
338,338.0,338.2,0.03978670910785833,0.05621218033845552,0.04876980684964628,0.3484971582831414,0.05940111262604829,0.04526816513096028,0.3560681375104744,0.04599673015341532
339,339.0,339.2,0.03972195990879769,0.056966708524543164,0.04868176934131688,0.3482613746319322,0.05923736437669493,0.04513672264955699,0.35611856787428287,0.04587553269287496
340,340.0,340.2,0.03966799829866339,0.05685935255895501,0.04860492443598807,0.34758301044959966,0.059152891706301294,0.04503642719435322,0.3573289203928937,0.04576647496324544
341,341.0,341.2,0.03958317015349929,0.056596631996926085,0.04850880574348847,0.34779622059280846,0.058971449960456127,0.04486474878544415,0.35803992028917947,0.045639052478197675
342,342.0,342.2,0.03951206400457483,0.05635096026157453,0.04846341702239789,0.34517805597834694,0.060086003658706824,0.04470851401284149,0.3592388263876357,0.04646215867392162
343,343.0,343.2,0.0394426518959678,0.05612095545000192,0.04837227523104423,0.3450413012547279,0.059875439152591456,0.04459181397559059,0.3601700597023436,0.04638550333773238
344,344.0,344.2,0.03936225674610322,0.055979971019868166,0.0482812544348002,0.3441118829575803,0.06056027411990117,0.044461455191836335,0.3609341800030923,0.04630872552681807
345,345.0,345.2,0.039352272268013314,0.05668991582746138,0.048200285157379584,0.3427494882784845,0.060515850382513725,0.04432723117992303,0.36080666319641636,0.047358293709807917
346,346.0,346.2,0.03918452952020462,0.0565241526278528,0.048082684473465996,0.3412468155904824,0.06020927814896402,0.04417182198417496,0.36332625052427747,0.04725446713057752
347,347.0,347.2,0.039109143877806354,0.05639124692644417,0.04799707739163615,0.3438307649959101,0.05790019578190484,0.04404913772219789,0.3635400249556643,0.047182408348436074
348,348.0,348.2,0.0390526782620792,0.05623916794147686,0.04795051276600801,0.34335187117711213,0.057748413942887725,0.043940557587708755,0.36373204931603265,0.04798474900669451
349,349.0,349.2,0.03891540602539108,0.0552030562957951,0.04788139273595251,0.34434611762715683,0.05749979562962866,0.04381067782197211,0.3645355240721426,0.04780802979196073
350,350.0,350.2,0.039568978242632065,0.055872698947252594,0.0477679803655097,0.3428416824981385,0.057198621456357436,0.04363105942188443,0.36546575320681807,0.047653225861406905
351,351.0,351.2,0.039387020408780726,0.05559283647893486,0.04763688963091469,0.3418532888124972,0.05776201408942675,0.04343505131865458,0.36685111274089544,0.04748178651989564
352,352.0,352.2,0.039231110788244,0.055448393357701756,0.04753011636670628,0.3424198724551551,0.05748829231362694,0.04329435391407042,0.3671999443230017,0.04738791648149368
353,353.0,353.2,0.03908573938663299,0.055249663877054614,0.04743223455537244,0.34410848281849477,0.05716988707424138,0.043146488151350526,0.36553115529777036,0.048276348839082724
354,354.0,354.2,0.038981058546499456,0.05516328066873931,0.047385973677004846,0.34330084874744143,0.05697857973481013,0.04518451245873952,0.36478216657977003,0.048223579586995025
355,355.0,355.2,0.038860252706895144,0.05428824744523471,0.047321898273803856,0.34507395545235836,0.05677366093609285,0.045059092181596684,0.36451685046149657,0.04810604254252163
