,Unnamed: 0,Total_iterations,Intertwine_two,Invert_path_vertices,Insert_inside_vertex,Delete_inside_vertex,Replace_inside_vertex,Donate_between_routes,Trim_one_terminal_cb,Grow_one_terminal_cb
0,0.0,0.0,0.125,0.125,0.125,0.125,0.125,0.125,0.125,0.125
1,1.0,0.10900000000000001,0.125,0.125,0.125,0.125,0.125,0.125,0.125,0.125
2,2.0,0.31601,0.125,0.125,0.125,0.125,0.125,0.125,0.125,0.125
3,3.0,0.6191589000000001,0.125,0.125,0.125,0.125,0.125,0.125,0.125,0.125
4,4.0,1.015801321,0.125,0.125,0.125,0.125,0.125,0.125,0.125,0.125
5,5.0,1.50262148669,0.125,0.125,0.125,0.125,0.125,0.125,0.125,0.125
6,6.0,2.0757334209441005,0.125,0.125,0.125,0.125,0.125,0.125,0.125,0.125
7,7.0,2.7307768275633495,0.125,0.125,0.125,0.125,0.125,0.125,0.125,0.125
8,8.0,3.4630081252450404,0.125,0.125,0.125,0.125,0.125,0.125,0.125,0.125
9,9.0,4.2673862119061114,0.125,0.125,0.125,0.125,0.125,0.125,0.125,0.125
10,10.0,5.138652627782014,0.125,0.125,0.125,0.125,0.125,0.125,0.125,0.125
11,11.0,6.071405875792507,0.125,0.125,0.125,0.125,0.125,0.125,0.125,0.125
12,12.0,7.060169740244025,0.125,0.125,0.125,0.125,0.125,0.125,0.125,0.125
13,13.0,8.099455520847952,0.125,0.125,0.125,0.125,0.125,0.125,0.125,0.125
14,14.0,9.183818168183006,0.125,0.125,0.125,0.125,0.125,0.125,0.125,0.125
15,15.0,10.307906369102724,0.125,0.125,0.125,0.125,0.125,0.125,0.125,0.125
16,16.0,11.466506686239443,0.125,0.125,0.125,0.125,0.125,0.125,0.125,0.125
17,17.0,12.654581904800096,0.125,0.125,0.125,0.125,0.125,0.125,0.125,0.125
18,18.0,13.867303782456686,0.125,0.125,0.125,0.125,0.125,0.125,0.125,0.125
19,19.0,15.100080434523047,0.125,0.125,0.125,0.125,0.125,0.125,0.125,0.125
20,20.0,16.348578617037543,0.125,0.125,0.125,0.125,0.125,0.125,0.125,0.125
21,21.0,17.608741195130214,0.125,0.125,0.125,0.125,0.125,0.125,0.125,0.125
22,22.0,18.876800103462312,0.125,0.125,0.125,0.125,0.125,0.125,0.125,0.125
23,23.0,20.14928511992658,0.125,0.125,0.125,0.125,0.125,0.125,0.125,0.125
24,24.0,21.423028783545156,0.125,0.125,0.125,0.125,0.125,0.125,0.125,0.125
25,25.0,22.695167792966423,0.125,0.125,0.125,0.125,0.125,0.125,0.125,0.125
26,26.0,23.963141223515898,0.125,0.125,0.125,0.125,0.125,0.125,0.125,0.125
27,27.0,25.224685898775267,0.125,0.125,0.125,0.125,0.125,0.125,0.125,0.125
28,28.0,26.477829247520948,0.125,0.125,0.125,0.125,0.125,0.125,0.125,0.125
29,29.0,27.720879968916847,0.125,0.125,0.125,0.125,0.125,0.125,0.125,0.125
30,30.0,28.95241681848399,0.125,0.125,0.125,0.125,0.125,0.125,0.125,0.125
31,31.0,30.17127581490958,0.125,0.125,0.125,0.125,0.125,0.125,0.125,0.125
32,32.0,31.376536153543515,0.125,0.125,0.125,0.125,0.125,0.125,0.125,0.125
33,33.0,32.567505096778625,0.125,0.125,0.125,0.125,0.125,0.125,0.125,0.125
34,34.0,33.74370209472243,0.125,0.125,0.125,0.125,0.125,0.125,0.125,0.125
35,35.0,34.90484237192463,0.125,0.125,0.125,0.125,0.125,0.125,0.125,0.125
36,36.0,36.05082019768737,0.125,0.125,0.125,0.125,0.125,0.125,0.125,0.125
37,37.0,37.18169203889697,0.125,0.125,0.125,0.125,0.125,0.125,0.125,0.125
38,38.0,38.29765977559663,0.125,0.125,0.125,0.125,0.125,0.125,0.125,0.125
39,39.0,39.399054140870355,0.125,0.125,0.125,0.125,0.125,0.125,0.125,0.125
40,40.0,40.48631852820801,0.125,0.125,0.125,0.125,0.125,0.125,0.125,0.125
41,41.0,41.55999329152982,0.125,0.125,0.125,0.125,0.125,0.125,0.125,0.125
42,42.0,42.62070064560415,0.125,0.125,0.125,0.125,0.125,0.125,0.125,0.125
43,43.0,43.669130257815,0.125,0.125,0.125,0.125,0.125,0.125,0.125,0.125
44,44.0,44.70602560622662,0.125,0.125,0.125,0.125,0.125,0.125,0.125,0.125
45,45.0,45.73217116373481,0.125,0.125,0.125,0.125,0.125,0.125,0.125,0.125
46,46.0,46.748380453854836,0.125,0.125,0.125,0.125,0.125,0.125,0.125,0.125
47,47.0,47.755485010424316,0.125,0.125,0.125,0.125,0.125,0.125,0.125,0.125
48,48.0,48.7543242612326,0.125,0.125,0.125,0.125,0.125,0.125,0.125,0.125
49,49.0,49.745736344347726,0.125,0.125,0.125,0.125,0.125,0.125,0.125,0.125
50,50.0,50.730549855707864,0.125,0.125,0.125,0.125,0.125,0.125,0.125,0.125
51,51.0,51.70957651737491,0.125,0.125,0.125,0.125,0.125,0.125,0.125,0.125
52,52.0,52.68360474770151,0.125,0.125,0.125,0.125,0.125,0.125,0.125,0.125
53,53.0,53.65339410751842,0.125,0.125,0.125,0.125,0.125,0.125,0.125,0.125
54,54.0,54.61967059027847,0.125,0.125,0.125,0.125,0.125,0.125,0.125,0.125
55,55.0,55.58312271885972,0.125,0.125,0.125,0.125,0.125,0.125,0.125,0.125
56,56.0,56.544398407394254,0.125,0.125,0.125,0.125,0.125,0.125,0.125,0.125
57,57.0,57.504102543001395,0.125,0.125,0.125,0.125,0.125,0.125,0.125,0.125
58,58.0,58.462795239617805,0.125,0.125,0.125,0.125,0.125,0.125,0.125,0.125
59,59.0,59.42099071417639,0.125,0.125,0.125,0.125,0.125,0.125,0.125,0.125
60,60.0,60.379156734137354,0.125,0.125,0.125,0.125,0.125,0.125,0.125,0.125
61,61.0,61.337714584760846,0.125,0.125,0.125,0.125,0.125,0.125,0.125,0.125
62,62.0,62.29703950447439,0.125,0.125,0.125,0.125,0.125,0.125,0.125,0.125
63,63.0,63.257461537171835,0.125,0.125,0.125,0.125,0.125,0.125,0.125,0.125
64,64.0,64.21926675122782,0.125,0.125,0.125,0.125,0.125,0.125,0.125,0.125
65,65.0,65.18269877636592,0.125,0.125,0.125,0.125,0.125,0.125,0.125,0.125
66,66.0,66.14796061122655,0.125,0.125,0.125,0.125,0.125,0.125,0.125,0.125
67,67.0,67.11521665648885,0.125,0.125,0.125,0.125,0.125,0.125,0.125,0.125
68,68.0,68.08459493066005,0.125,0.125,0.125,0.125,0.125,0.125,0.125,0.125
69,69.0,69.05618942810752,0.125,0.125,0.125,0.125,0.125,0.125,0.125,0.125
70,70.0,70.03006258152917,0.125,0.125,0.125,0.125,0.125,0.125,0.125,0.125
71,71.0,71.00624779379335,0.125,0.125,0.125,0.125,0.125,0.125,0.125,0.125
72,72.0,71.98475200689319,0.125,0.125,0.125,0.125,0.125,0.125,0.125,0.125
73,73.0,72.96555827861411,0.125,0.125,0.125,0.125,0.125,0.125,0.125,0.125
74,74.0,73.94862834037681,0.125,0.125,0.125,0.125,0.125,0.125,0.125,0.125
75,75.0,74.93390511255946,0.125,0.125,0.125,0.125,0.125,0.125,0.125,0.125
76,76.0,75.92131515639825,0.125,0.125,0.125,0.125,0.125,0.125,0.125,0.125
77,77.0,76.91077104428919,0.125,0.125,0.125,0.125,0.125,0.125,0.125,0.125
78,78.0,77.90217363294813,0.125,0.125,0.125,0.125,0.125,0.125,0.125,0.125
79,79.0,78.89541422641172,0.125,0.125,0.125,0.125,0.125,0.125,0.125,0.125
80,80.0,79.89037661826481,0.125,0.125,0.125,0.125,0.125,0.125,0.125,0.125
81,81.0,80.88693900474995,0.125,0.125,0.125,0.125,0.125,0.125,0.125,0.125
82,82.0,81.88497576253909,0.125,0.125,0.125,0.125,0.125,0.125,0.125,0.125
83,83.0,82.88435908692391,0.125,0.125,0.125,0.125,0.125,0.125,0.125,0.125
84,84.0,83.88496048800103,0.125,0.125,0.125,0.125,0.125,0.125,0.125,0.125
85,85.0,84.88665214409042,0.125,0.125,0.125,0.125,0.125,0.125,0.125,0.125
86,86.0,85.88930811312994,0.125,0.125,0.125,0.125,0.125,0.125,0.125,0.125
87,87.0,86.89280540413424,0.125,0.125,0.125,0.125,0.125,0.125,0.125,0.125
88,88.0,87.89702491199675,0.125,0.125,0.125,0.125,0.125,0.125,0.125,0.125
89,89.0,88.90185221995306,0.125,0.125,0.125,0.125,0.125,0.125,0.125,0.125
90,90.0,89.90717827491419,0.125,0.125,0.125,0.125,0.125,0.125,0.125,0.125
91,91.0,90.91289994163006,0.125,0.125,0.125,0.125,0.125,0.125,0.125,0.125
92,92.0,91.91892044225806,0.125,0.125,0.125,0.125,0.125,0.125,0.125,0.125
93,93.0,92.92514968840067,0.125,0.125,0.125,0.125,0.125,0.125,0.125,0.125
94,94.0,93.93150451304501,0.125,0.125,0.125,0.125,0.125,0.125,0.125,0.125
95,95.0,94.93790881009448,0.125,0.125,0.125,0.125,0.125,0.125,0.125,0.125
96,96.0,95.94429358933806,0.125,0.125,0.125,0.125,0.125,0.125,0.125,0.125
97,97.0,96.9505969547639,0.125,0.125,0.125,0.125,0.125,0.125,0.125,0.125
98,98.0,97.9567640140995,0.125,0.125,0.125,0.125,0.125,0.125,0.125,0.125
99,99.0,98.96274672736057,0.125,0.125,0.125,0.125,0.125,0.125,0.125,0.125
100,100.0,99.96850370202192,0.125,0.125,0.125,0.125,0.125,0.125,0.125,0.125
101,101.0,100.97399994219691,0.125,0.125,0.125,0.125,0.125,0.125,0.125,0.125
102,102.0,101.97920655893245,0.125,0.125,0.125,0.125,0.125,0.125,0.125,0.125
103,103.0,102.98410044840509,0.125,0.125,0.125,0.125,0.125,0.125,0.125,0.125
104,104.0,103.98866394444643,0.125,0.125,0.125,0.125,0.125,0.125,0.125,0.125
105,105.0,104.99288445143917,0.125,0.125,0.125,0.125,0.125,0.125,0.125,0.125
106,106.0,105.99675406321822,0.125,0.125,0.125,0.125,0.125,0.125,0.125,0.125
107,107.0,107.0002691731872,0.125,0.125,0.125,0.125,0.125,0.125,0.125,0.125
108,108.0,108.0034300804274,0.125,0.125,0.125,0.125,0.125,0.125,0.125,0.125
109,109.0,109.00624059613932,0.125,0.125,0.125,0.125,0.125,0.125,0.125,0.125
110,110.0,110.00870765431864,0.125,0.125,0.125,0.125,0.125,0.125,0.125,0.125
111,111.0,111.01084093013685,0.125,0.125,0.125,0.125,0.125,0.125,0.125,0.125
112,112.0,112.01265246907188,0.125,0.125,0.125,0.125,0.125,0.125,0.125,0.125
113,113.0,113.01415632942268,0.125,0.125,0.125,0.125,0.125,0.125,0.125,0.125
114,114.0,114.01536824044418,0.125,0.125,0.125,0.125,0.125,0.125,0.125,0.125
115,115.0,115.01630527795908,0.125,0.125,0.125,0.125,0.125,0.125,0.125,0.125
116,116.0,116.0169855589429,0.125,0.125,0.125,0.125,0.125,0.125,0.125,0.125
117,117.0,117.01742795623892,0.125,0.125,0.125,0.125,0.125,0.125,0.125,0.125
118,118.0,118.01765183424293,0.125,0.125,0.125,0.125,0.125,0.125,0.125,0.125
119,119.0,119.01767680610413,0.125,0.125,0.125,0.125,0.125,0.125,0.125,0.125
120,120.0,120.01752251271817,0.125,0.125,0.125,0.125,0.125,0.125,0.125,0.125
121,121.0,121.01720842354362,0.125,0.125,0.125,0.125,0.125,0.125,0.125,0.125
122,122.0,122.01675365905109,0.125,0.125,0.125,0.125,0.125,0.125,0.125,0.125
123,123.0,123.0161768344173,0.125,0.125,0.125,0.125,0.125,0.125,0.125,0.125
124,124.0,124.01549592390272,0.125,0.125,0.125,0.125,0.125,0.125,0.125,0.125
125,125.0,125.01472814520056,0.125,0.125,0.125,0.125,0.125,0.125,0.125,0.125
126,126.0,126.01388986291661,0.125,0.125,0.125,0.125,0.125,0.125,0.125,0.125
127,127.0,127.0129965102319,0.125,0.125,0.125,0.125,0.125,0.125,0.125,0.125
128,128.0,128.01206252771334,0.125,0.125,0.125,0.125,0.125,0.125,0.125,0.125
129,129.0,129.0111013181695,0.125,0.125,0.125,0.125,0.125,0.125,0.125,0.125
130,130.0,130.01012521639834,0.125,0.125,0.125,0.125,0.125,0.125,0.125,0.125
131,131.0,131.0091454726403,0.125,0.125,0.125,0.125,0.125,0.125,0.125,0.125
132,132.0,132.0081722485317,0.125,0.125,0.125,0.125,0.125,0.125,0.125,0.125
133,133.0,133.00721462434865,0.125,0.125,0.125,0.125,0.125,0.125,0.125,0.125
134,134.0,134.0062806163404,0.125,0.125,0.125,0.125,0.125,0.125,0.125,0.125
135,135.0,135.00537720296956,0.125,0.125,0.125,0.125,0.125,0.125,0.125,0.125
136,136.0,136.00451035890612,0.125,0.125,0.125,0.125,0.125,0.125,0.125,0.125
137,137.0,137.00368509565993,0.125,0.125,0.125,0.125,0.125,0.125,0.125,0.125
138,138.0,138.0029055077818,0.125,0.125,0.125,0.125,0.125,0.125,0.125,0.125
139,139.0,139.00217482361367,0.125,0.125,0.125,0.125,0.125,0.125,0.125,0.125
140,140.0,140.0014954596262,0.125,0.125,0.125,0.125,0.125,0.125,0.125,0.125
141,141.0,141.00086907744122,0.125,0.125,0.125,0.125,0.125,0.125,0.125,0.125
142,142.0,142.0002966427003,0.125,0.125,0.125,0.125,0.125,0.125,0.125,0.125
143,143.0,142.99977848500652,0.125,0.125,0.125,0.125,0.125,0.125,0.125,0.125
144,144.0,143.99931435823203,0.125,0.125,0.125,0.125,0.125,0.125,0.125,0.125
145,145.0,144.99890350055264,0.125,0.125,0.125,0.125,0.125,0.125,0.125,0.125
146,146.0,145.9985446936357,0.125,0.125,0.125,0.125,0.125,0.125,0.125,0.125
147,147.0,146.99823632047406,0.125,0.125,0.125,0.125,0.125,0.125,0.125,0.125
148,148.0,147.99797642142389,0.125,0.125,0.125,0.125,0.125,0.125,0.125,0.125
149,149.0,148.99776274806447,0.125,0.125,0.125,0.125,0.125,0.125,0.125,0.125
150,150.0,149.99759281456036,0.125,0.125,0.125,0.125,0.125,0.125,0.125,0.125
151,151.0,150.99746394626104,0.125,0.125,0.125,0.125,0.125,0.125,0.125,0.125
152,152.0,151.99737332532905,0.125,0.125,0.125,0.125,0.125,0.125,0.125,0.125
153,153.0,152.99731803323698,0.125,0.125,0.125,0.125,0.125,0.125,0.125,0.125
154,154.0,153.99729509002177,0.125,0.125,0.125,0.125,0.125,0.125,0.125,0.125
155,155.0,154.99730149022784,0.125,0.125,0.125,0.125,0.125,0.125,0.125,0.125
156,156.0,155.99733423551103,0.125,0.125,0.125,0.125,0.125,0.125,0.125,0.125
157,157.0,156.99739036391077,0.125,0.125,0.125,0.125,0.125,0.125,0.125,0.125
158,158.0,157.99746697583146,0.125,0.125,0.125,0.125,0.125,0.125,0.125,0.125
159,159.0,158.99756125680176,0.125,0.125,0.125,0.125,0.125,0.125,0.125,0.125
160,160.0,159.997670497107,0.125,0.125,0.125,0.125,0.125,0.125,0.125,0.125
161,161.0,160.99779210841066,0.125,0.125,0.125,0.125,0.125,0.125,0.125,0.125
162,162.0,161.99792363749984,0.125,0.125,0.125,0.125,0.125,0.125,0.125,0.125
163,163.0,162.9980627773051,0.125,0.125,0.125,0.125,0.125,0.125,0.125,0.125
164,164.0,163.9982073753568,0.125,0.125,0.125,0.125,0.125,0.125,0.125,0.125
165,165.0,164.99835543984977,0.125,0.125,0.125,0.125,0.125,0.125,0.125,0.125
166,166.0,166.00850514349492,0.125,0.125,0.125,0.125,0.125,0.125,0.125,0.125
167,167.0,167.01855482534063,0.125,0.125,0.125,0.125,0.125,0.125,0.125,0.125
168,168.0,168.02841399074836,0.125,0.125,0.125,0.125,0.125,0.125,0.125,0.125
169,169.0,169.03800309970782,0.125,0.125,0.125,0.125,0.125,0.125,0.125,0.125
170,170.0,170.04725326677428,0.125,0.125,0.125,0.125,0.125,0.125,0.125,0.125
171,171.0,171.05610588446632,0.125,0.125,0.125,0.125,0.125,0.125,0.125,0.125
172,172.0,172.0645121815445,0.125,0.125,0.125,0.125,0.125,0.125,0.125,0.125
173,173.0,173.07243272709943,0.125,0.125,0.125,0.125,0.125,0.125,0.125,0.125
174,174.0,174.07983689082786,0.125,0.125,0.125,0.125,0.125,0.125,0.125,0.125
175,175.0,175.08670226927518,0.125,0.125,0.125,0.125,0.125,0.125,0.125,0.125
176,176.0,176.093014087185,0.125,0.125,0.125,0.125,0.125,0.125,0.125,0.125
177,177.0,177.098764582432,0.125,0.125,0.125,0.125,0.125,0.125,0.125,0.125
178,178.0,178.10395238233,0.125,0.125,0.125,0.125,0.125,0.125,0.125,0.125
179,179.0,179.10858187841487,0.125,0.125,0.125,0.125,0.125,0.125,0.125,0.125
180,180.0,180.1126626061071,0.125,0.125,0.125,0.125,0.125,0.125,0.125,0.125
181,181.0,181.11620863496904,0.125,0.125,0.125,0.125,0.125,0.125,0.125,0.125
182,182.0,182.1192379745951,0.125,0.125,0.125,0.125,0.125,0.125,0.125,0.125
183,183.0,183.12177200051264,0.125,0.125,0.125,0.125,0.125,0.125,0.125,0.125
184,184.0,184.12383490383328,0.125,0.125,0.125,0.125,0.125,0.125,0.125,0.125
185,185.0,185.1254531677835,0.125,0.125,0.125,0.125,0.125,0.125,0.125,0.125
186,186.0,186.12665507366086,0.125,0.125,0.125,0.125,0.125,0.125,0.125,0.125
187,187.0,187.1274702382139,0.125,0.125,0.125,0.125,0.125,0.125,0.125,0.125
188,188.0,188.1279291839295,0.125,0.125,0.125,0.125,0.125,0.125,0.125,0.125
189,189.0,189.12806294323423,0.125,0.125,0.125,0.125,0.125,0.125,0.125,0.125
190,190.0,190.12790269717613,0.125,0.125,0.125,0.125,0.125,0.125,0.125,0.125
191,191.0,191.12747944875207,0.125,0.125,0.125,0.125,0.125,0.125,0.125,0.125
192,192.0,192.12682373068293,0.125,0.125,0.125,0.125,0.125,0.125,0.125,0.125
193,193.0,193.12596534711386,0.125,0.125,0.125,0.125,0.125,0.125,0.125,0.125
194,194.0,194.12493314843056,0.125,0.125,0.125,0.125,0.125,0.125,0.125,0.125
195,195.0,195.12375483813128,0.125,0.125,0.125,0.125,0.125,0.125,0.125,0.125
196,196.0,196.12245681048063,0.125,0.125,0.125,0.125,0.125,0.125,0.125,0.125
197,197.0,197.12106401749023,0.125,0.125,0.125,0.125,0.125,0.125,0.125,0.125
198,198.0,198.11959986362396,0.125,0.125,0.125,0.125,0.125,0.125,0.125,0.125
199,199.0,199.1180861265081,0.125,0.125,0.125,0.125,0.125,0.125,0.125,0.125
200,200.0,200.11654290183873,0.12395078861573708,0.12506189972684817,0.12405388139924223,0.12805335271830118,0.12395078861573708,0.12395078861573708,0.12472001938496785,0.1262584809234294
201,201.0,201.11498857061792,0.12252379095703839,0.12573490206814947,0.12272894559621364,0.13101390084714826,0.12252379095703839,0.12252379095703839,0.12499961513286256,0.12795126348451094
202,202.0,202.11343978681302,0.11994031137219024,0.12522042248330134,0.12024557941342735,0.1334601122379911,0.11994031137219024,0.11994031137219024,0.13134278756266643,0.1299101641860431
203,203.0,203.11191148352046,0.11712665822310443,0.12454460357663977,0.11763452547396352,0.13547548295836914,0.1172308248897711,0.11712665822310443,0.13923164130097893,0.13162960535406873
204,204.0,204.11041689572195,0.11419041853561802,0.1236053312133958,0.11489637973596165,0.1383569901424112,0.1143977102022847,0.11419041853561802,0.147507021555893,0.13285573007881768
205,205.0,205.10896759774607,0.11117802553006906,0.12321646565579321,0.11197187833961197,0.1405943583220217,0.1114864734467357,0.11128219219673571,0.15529610725140652,0.1349744992576262
206,206.0,206.10757355359033,0.10813292787427903,0.12258591102397515,0.10900728738751103,0.14243359454459487,0.10925296043456988,0.10844223844128933,0.16329789872202555,0.13684718157175524
207,207.0,207.1062431783143,0.10507307864378793,0.12171809638312003,0.10602145987355834,0.14545646647991373,0.10699407490751674,0.10558454417213844,0.17085202785594128,0.13830025168402355
208,208.0,208.10498340878266,0.10190578116065928,0.12043450836668143,0.1028185146178619,0.15010298832889818,0.10466564638051017,0.1026146900556335,0.17816736426454136,0.13929050682521418
209,209.0,209.1037997821164,0.09866977079630568,0.1188700768978988,0.09954129392362526,0.15529757441493636,0.10220263798116896,0.09956990818899254,0.18589919318583065,0.1399495446112417
210,210.0,210.10269652029558,0.09586093188711611,0.11830889133808446,0.09612307660310625,0.16037784735960214,0.09964004491980423,0.09638121822735699,0.19320625229894434,0.14010173736598544
211,211.0,211.10167661945388,0.09304478128512211,0.11875885321623099,0.09274012129492774,0.16544898095302318,0.09707857722462503,0.09322077074827487,0.19978236182477793,0.13992555345301813
212,212.0,212.10074194250183,0.09021048812030515,0.11882242022563244,0.08938321928196166,0.16999587207942837,0.09447438553980897,0.09079401316451309,0.2067377052275791,0.13958189636077128
213,213.0,213.09989331381996,0.08735362919341688,0.11923078949646383,0.08611770644867003,0.17470800631429875,0.09244788392920111,0.0884433591133737,0.2131464431013549,0.1385521824032209
214,214.0,214.09913061486807,0.08459027301177993,0.11922451800274089,0.0829605056125711,0.179391189840136,0.09042573524255756,0.08689239710354431,0.2187660364795728,0.13774934470709754
215,215.0,215.0984528796627,0.08190431876896707,0.11894253010217025,0.07989797348858807,0.18484765952803106,0.08839321626734667,0.0853994263144166,0.2239912595828795,0.13662361594760086
216,216.0,216.09785838918123,0.07938581333598568,0.1185936961907789,0.07702219604921086,0.19021652434060907,0.08646392000278424,0.08404450485427334,0.22879652685196514,0.13547681837439288
217,217.0,217.0973447638561,0.07704292397681434,0.11818808829801879,0.07434298269100457,0.19500184495407358,0.08464632778086657,0.08282710409544944,0.23380354727382577,0.134147180929947
218,218.0,218.09690905342492,0.0749073290914892,0.11719933151013587,0.07189328025325964,0.19929115364312774,0.08297297390700453,0.08279447499203994,0.23825166254224842,0.13268979406069475
219,219.0,219.09654782350262,0.07277251151912983,0.11614801196427736,0.0702819047147042,0.20364833969606072,0.08129308559256437,0.08259347662349159,0.24239265266893195,0.13087001722084002
220,220.0,220.0962572383375,0.07072288445717397,0.11499693786505073,0.06877130755594424,0.20858944454518985,0.0796546107700933,0.08240251589706281,0.24592909056719475,0.12893320834229044
221,221.0,221.09603313930552,0.06879738714785245,0.11258027171715101,0.0673518122665728,0.21329629842006742,0.07799037188254737,0.08221512001911697,0.2498321588244018,0.12793657972229025
222,222.0,222.09587111878372,0.06693026920768351,0.11006340504432677,0.06595328706286485,0.21813373212723305,0.07633826074153435,0.08286008741640283,0.252887276334105,0.12683368206584975
223,223.0,223.09576658912624,0.06532012944549587,0.10750566465920329,0.06461015110093615,0.22343272847030854,0.07472004927180326,0.08335965693946332,0.2551561152844586,0.12589550482833115
224,224.0,224.09571484654325,0.0638383225758554,0.10568195218588958,0.06336141994959421,0.2282967739691758,0.07319448075566533,0.08378273257709329,0.25690505780205974,0.1249392601846668
225,225.0,225.0957111297531,0.062496829733618975,0.10386495346745732,0.062252544287105804,0.23308719030924077,0.07178475446208964,0.08417696831110302,0.2584605461687817,0.1238762132606029
226,226.0,226.09575067334447,0.06133446458377691,0.10214695618764569,0.061314574927887965,0.23736393408699802,0.07052632319968742,0.08461811052404909,0.2598294412221785,0.12286619526777656
227,227.0,227.09582875584326,0.06029135960940758,0.10037608077163393,0.060462550850200386,0.24175809598906878,0.0693440624607886,0.08501980706090298,0.2608955504751328,0.12185249278286513
228,228.0,228.0959407425337,0.05941761253671685,0.09873021906416585,0.05966775996903984,0.24566571413764135,0.0683180070964764,0.08535334772627828,0.26183971831673397,0.12100762115294764
229,229.0,229.09608212312978,0.05866061903151287,0.09774156456283715,0.05897959471954142,0.2488735894798999,0.06738987345667169,0.08562771387997863,0.26255327125290817,0.12017377361665035
230,230.0,230.09624854443496,0.0580973967286577,0.09731956903570409,0.058346315652922344,0.2516367886967779,0.06653482107475707,0.08579885606764061,0.26293308294731776,0.11933316979622269
231,231.0,231.09643583816523,0.05760401270309461,0.09673706738542961,0.05833138660985593,0.25374382073988216,0.06571978773925927,0.08588285787346298,0.26350138751755736,0.1184796794314582
232,232.0,232.09664004414086,0.057205990085238724,0.0961299121028651,0.05792458099713352,0.25631244653902524,0.06497606801092133,0.08594465467718376,0.26385640006669614,0.11764994752093627
233,233.0,233.09685742907752,0.05690538283554017,0.09551646399394524,0.05705090640041065,0.25932558142665096,0.06431427439670763,0.08599458501052275,0.2640328799272841,0.11685992600893866
234,234.0,234.09708450122972,0.05665884845239201,0.09475122357362085,0.056229335297031446,0.26251973562221076,0.06371138105432475,0.08594600026243471,0.26410700631533596,0.11607646942264961
235,235.0,235.09731802115442,0.05650852632327977,0.09407398691592736,0.05550810661381138,0.26530497003681464,0.06321276045512947,0.08590026766261344,0.2641400015311747,0.11535138046124932
236,236.0,236.09755500887513,0.05643020853132583,0.09338986173988773,0.05486845720119894,0.26798485183597914,0.06267855293753744,0.08584161812786271,0.26403381965879735,0.1147726299674109
237,237.0,237.097792747735,0.05639006931236992,0.09259817328666013,0.054281362434238006,0.27046804090510673,0.0621827807212985,0.0857183508655278,0.2641504788380285,0.11421074363677045
238,238.0,238.09802878523155,0.056420515760046606,0.09188871554706071,0.05378340337891657,0.2726799541945323,0.06177534409414382,0.08549471733089517,0.2642522982917618,0.11370505140264313
239,239.0,239.0982609311261,0.05649375439373208,0.09124006841510647,0.053350354442607745,0.27498333850577167,0.06143119225142036,0.0852357195338296,0.2640314286416998,0.11323414381583231
240,240.0,240.09848725311994,0.05610135934452938,0.09084496234601204,0.05313542493006537,0.27785509199109254,0.06138958054717672,0.08364696876951734,0.264264200432269,0.11276241163933763
241,241.0,241.09870607038323,0.05570173721613681,0.09033099821654932,0.05293422073814436,0.28028710208494,0.061797910072063256,0.0820189007342584,0.26461089794515213,0.1123182329927557
242,242.0,242.09891594521636,0.05528489010599873,0.08969620379911741,0.052731085597574785,0.2833463828410861,0.06213996421932697,0.08033876538970634,0.26468868058077927,0.11177402746641038
243,243.0,243.099115673114,0.05477918348038059,0.08941488167594226,0.052452866217939764,0.2863188303204504,0.06248736597677347,0.07865590125166914,0.264635798615917,0.11125517246092731
244,244.0,244.09930427149072,0.0545841875505159,0.08905929734160298,0.052208459701382534,0.2890917623455389,0.06283959332959854,0.07700707897400753,0.26488911580789504,0.11032050494945846
245,245.0,245.09948096731486,0.05439310544167811,0.08863253305567566,0.05188833200967945,0.29193800130322045,0.06318781417799675,0.0754009524430458,0.26515031461897715,0.10940894694972655
246,246.0,246.09964518388347,0.05420754805054695,0.0881429571109107,0.05159748261034079,0.2952195006075987,0.06352903310830674,0.07346517403788685,0.2653026305739332,0.10853567390047601
247,247.0,247.09979652695637,0.0540482589495353,0.08769700755285004,0.05134148648454959,0.2982675502523785,0.06387415382983462,0.07160381489258193,0.2659196332267296,0.10724809481154038
248,248.0,248.09993477045242,0.053906096261223335,0.08685931318489973,0.051112406818019075,0.3018901191639166,0.06416768392869349,0.06971686855774206,0.266252300130329,0.10609521195517667
249,249.0,249.10005984189434,0.05373656637412681,0.0859483074368478,0.05087780184530278,0.30509346957945255,0.06437252400572116,0.06788747229948346,0.2671712664123931,0.10491259204667235
250,250.0,250.10017180777308,0.053528954844753195,0.08496959803408492,0.050849039749238975,0.30778000453567994,0.06451694661420414,0.06611441245300088,0.26861440165467615,0.10362664211436189
251,251.0,251.10027085898628,0.053325483846380806,0.08397353610817546,0.05084257226591112,0.3102415109869817,0.06422527539225678,0.06444653437836963,0.2705445695949779,0.10240051742694672
252,252.0,252.10035729648828,0.0530590849994313,0.08315704923953128,0.050783125163573764,0.31232119044992257,0.06438930029625324,0.06282172015172013,0.272433098395693,0.10103543130387488
253,253.0,253.10043151727518,0.0527642469356074,0.0826188456553858,0.0507022530732985,0.3143910889555545,0.0644731740355223,0.06127785124948205,0.2741580025424437,0.09961453755270594
254,254.0,254.10049400081064,0.052471561206944586,0.08230207598880726,0.0506278398783956,0.3163916010484169,0.06453526292392761,0.059847474303752896,0.2755632384741693,0.09826094617558606
255,255.0,255.10054529598446,0.05218225378710789,0.08207557655236489,0.05055863294851774,0.31811635194356064,0.06457571662783941,0.05853245535455811,0.2769794492220651,0.09697956356398649
256,256.0,256.10058600868103,0.05184341118160196,0.08176660143841065,0.05043946981530802,0.31958337689034777,0.06473176243650805,0.05727932998262385,0.27874565352234426,0.0956103947328557
257,257.0,257.10061679002115,0.05148676050383482,0.08140658765333689,0.05030005677094827,0.3208020464887898,0.06481287890028894,0.05611820722369963,0.2808472438126912,0.09422621864641069
258,258.0,258.10063832532705,0.05113769243430062,0.08102108325285667,0.05016398845891374,0.3220139645529784,0.06486700594164932,0.055071914893290504,0.2827980278296145,0.09292632263639648
259,259.0,259.1006513238491,0.050786094329588076,0.08060053300738602,0.05020825513959028,0.32332290765303534,0.06488324989284104,0.05412695245893036,0.2843699513805701,0.09170205613805904
260,260.0,260.10065650928044,0.050444763478021744,0.08015864459588891,0.05025023073080811,0.32462443781055744,0.06487406550427721,0.053292020477894164,0.2857890796109958,0.09056675779155682
261,261.0,261.10065461107587,0.05013166617523295,0.07972809680653753,0.05030519246822721,0.32584316274477365,0.06485072640446408,0.05257364379911008,0.28703279163652207,0.08953471996513264
262,262.0,262.10064635658097,0.04982988986375622,0.0792791513342996,0.050354085575830244,0.32698226528758206,0.06480388424027941,0.05195687812185172,0.2882022259151006,0.08859161966130043
263,263.0,263.10063246396976,0.049540080132976276,0.07892161487063962,0.050395692392407376,0.32791924811068757,0.06473494484303807,0.05143682731005659,0.289315186144799,0.08773640619539583
264,264.0,264.10061363598,0.04925511104263993,0.07854044293938049,0.05042767058545465,0.3285380586069318,0.06463781208225382,0.05119659976738392,0.2904414989769779,0.08696280599897782
265,265.0,265.1005905544294,0.048961729552021015,0.07812344211224344,0.050256792535289085,0.3289790979968884,0.06448624968150939,0.051015074843513995,0.29195146037215386,0.08622615290638112
266,266.0,266.10056387548957,0.04868736355950771,0.07773056189385169,0.05008659756154554,0.33014785051252865,0.06434136954370535,0.05091555465214145,0.29346409914512916,0.08462660313159077
267,267.0,267.1005342256888,0.04841400458214351,0.07731264382667437,0.04989996548229044,0.330923383062806,0.0641563076999034,0.05086865690539236,0.29534793961273353,0.08307709882805675
268,268.0,268.10050219861125,0.04814277228766424,0.07687226864339222,0.04969898679772841,0.3315582998532262,0.06412003111323566,0.050868140291987905,0.2971540462755596,0.08158545473720605
269,269.0,269.10046835225535,0.04793203509129086,0.07607734588747593,0.049438898694617386,0.33224474321076525,0.06413606355415218,0.05074877752211384,0.2992780135687818,0.08014412247080302
270,270.0,270.1004332070125,0.04771878032085705,0.07554857091117116,0.04916571235521933,0.33300860615861677,0.06410468006569889,0.05066075941035032,0.3010286215653603,0.07876426921272639
271,271.0,271.1003972442238,0.04751295018692211,0.0751798622805376,0.048891297183908417,0.33364275882946964,0.06404681448835806,0.050719436150802794,0.30252816431562357,0.07747871656437802
272,272.0,272.1003609052717,0.0472841262728903,0.07479357847540967,0.048587048300281974,0.33435006244497406,0.06390901897085294,0.050780899124410236,0.30407938451994165,0.07621588189123932
273,273.0,273.1003245911621,0.047053225225568304,0.07441529953225161,0.04827284345566814,0.33498227341590703,0.06374258728458061,0.05086083920981856,0.30564840746159,0.07502452441461588
274,274.0,274.10028866255186,0.046821240320811065,0.07404583166732726,0.0479513598586488,0.3356326974353521,0.06355039004360274,0.05095533394628603,0.3071363522176134,0.0739067945103587
275,275.0,275.10025344017714,0.04660156600632248,0.0736756116957349,0.047633796551016266,0.33633552159590074,0.0633428511919945,0.05106639491910235,0.30845575333438324,0.07288850470554555
276,276.0,276.1002192056381,0.04617867949356656,0.0732858563969136,0.04730483124309216,0.3371873954261091,0.06307298887457984,0.051170644908992306,0.3098857115581879,0.07191389209855853
277,277.0,277.1001862024966,0.045746434466586224,0.07286184087823526,0.04695924664010807,0.3383082069906029,0.06274133564169701,0.051427027374024305,0.3109786031718988,0.07097730483684744
278,278.0,278.1001546376443,0.045308734821434715,0.07240712778331776,0.04660063440866411,0.33957138535466963,0.062354778109374426,0.05166348872840188,0.3120124765297856,0.07008137426435186
279,279.0,279.1001246829008,0.04488580793754868,0.0719419589950451,0.04624902081429619,0.34063127037277974,0.061953379789760614,0.051894591216303854,0.3131825873313221,0.06926138354294376
280,280.0,280.1000964768026,0.044471923923169995,0.07161966697713901,0.045898576726695985,0.3416277319967609,0.061533278066694556,0.05210971687389532,0.3142308402929286,0.06850826514271563
281,281.0,281.1000701265462,0.044077589508711,0.07131585512638287,0.04555980218362282,0.3430497371539973,0.06112049814813695,0.05232019259978156,0.3151318254331992,0.06742449984616825
282,282.0,282.10004571005,0.04369935666929456,0.07103490661871027,0.04523145698405744,0.34451213577177336,0.060696332577126116,0.052518942220844494,0.3158816820307806,0.06642518712741306
283,283.0,283.10002327810287,0.04332758400500535,0.07059726782897903,0.044901836787541984,0.34573701232687737,0.06024786582745202,0.05269333728055059,0.3166250820585101,0.06587001388508344
284,284.0,284.10000285656946,0.04297185829855154,0.07015588104736134,0.04458072813450761,0.34716271321791886,0.05978036902541529,0.052845624040556136,0.3171377141496617,0.0653651120860274
285,285.0,285.0999844486237,0.04262505250461819,0.06970460799766388,0.04426126263214331,0.34852848908472656,0.059295644908215754,0.05296706745004181,0.31770687994149804,0.06491099548109235
286,286.0,286.1099680369863,0.042337385238205155,0.06926867895122345,0.04396227669708912,0.34995379619506795,0.05871206065458815,0.05307515372140556,0.31827722504812583,0.06441342349429469
287,287.0,287.11985358614277,0.04217142219464445,0.06883350486576877,0.04366508713299125,0.35089860534919254,0.05812090987480101,0.053154850435107176,0.31920009898310264,0.06395552116439208
288,288.0,288.12955204452214,0.04202220370638446,0.0684164195551889,0.04338014567623668,0.35190058576860256,0.057539621970508395,0.0532159978950851,0.31997312916188375,0.06355189626611005
289,289.0,289.1389851366184,0.041888818657224915,0.06801848654688197,0.04310821233291528,0.3529517945487655,0.05697189146184454,0.05325911070655911,0.32060179626408897,0.06319988948171953
290,290.0,290.14808506813876,0.041935777193112304,0.0676446839957218,0.04285404217755796,0.3536902313320792,0.0564292963995005,0.053289030523049154,0.3212572410027417,0.06289969737623717
291,291.0,291.15679415582576,0.041986780244329336,0.06728572179812511,0.042608197051111366,0.35452941390915094,0.055894912186802835,0.053296703774208094,0.3217693911402545,0.0626288798960176
292,292.0,292.16506439318584,0.04195903868185001,0.06708115917674984,0.042402503508349766,0.3556541996944764,0.05540762385356156,0.05331008321603112,0.32210227769793337,0.06208311417104767
293,293.0,293.17285696287803,0.04192116044835593,0.06686480074447546,0.0422014307081869,0.356963651963789,0.05492728856379666,0.053294696905795455,0.32225687691948995,0.06157009374611044
294,294.0,294.18014170597223,0.04214816079931927,0.06665559116562872,0.04200275554160209,0.358335585352534,0.05445529173849503,0.05325387606684117,0.32218540350815406,0.06096333582742547
295,295.0,295.18689655769725,0.0423605212367243,0.0665586415165949,0.041805224719681185,0.3594384941388494,0.05414484666277057,0.053187691242451096,0.3219096080089638,0.060594972473964615
296,296.0,296.19310695867284,0.04256947356824663,0.06644420839266128,0.041616943150959144,0.36034148630296015,0.05399495930549026,0.05310143882132219,0.3216598185729485,0.06027167188541168
297,297.0,297.19876524996414,0.04275292757345784,0.06629972192229489,0.041425877702256045,0.3609815398629914,0.05383302114117855,0.05298480687242964,0.321763098459642,0.059959006465749407
298,298.0,298.20387005962664,0.04291420246435575,0.06614883649346953,0.041235717256982406,0.36138539561235833,0.05379602665710861,0.052847338163080654,0.32200585530308407,0.05966662804956043
299,299.0,299.2084256877267,0.043037924415399574,0.06584122582892357,0.041039564847177995,0.36160030516123537,0.05401007165480165,0.052683892666771544,0.32240805289373603,0.059378962531954065
300,300.0,300.2124414961394,0.0431462602446144,0.06551332485164396,0.04084809572472992,0.3619344849542425,0.05421686909124958,0.05261042727020302,0.3226182371391438,0.05911230072417263
301,301.0,301.2159313087495,0.04297527776584205,0.06516688408529367,0.04066137936089459,0.3620588553450858,0.05441246475683825,0.05251919834778518,0.3233407206921913,0.058865219646069
302,302.0,302.21891282701097,0.04278700418602645,0.06480048700530291,0.040476206032577663,0.36225745545038757,0.05458021372837873,0.052408021852217525,0.3240538418437525,0.058636769901356384
303,303.0,303.22140706517627,0.04258574749645097,0.06442703102759345,0.040297019480088306,0.3621899380613424,0.0547221330863842,0.05228358204464437,0.32507625703973103,0.05841829176376502
304,304.0,304.22343780887326,0.04235771402627667,0.06402887823703962,0.04011103422912369,0.36218802137191225,0.05482056367990174,0.05213320230417144,0.32616349084667573,0.058197095304898555
305,305.0,305.2250311001118,0.042117668954434764,0.06363116866384991,0.03992569867947661,0.3621569354657802,0.05488901900774982,0.052072235490336606,0.32722758244510725,0.05797969129326459
306,306.0,306.22621475122537,0.04186861139416395,0.06324976091635365,0.0397492137229058,0.3619767870440653,0.05494923917574479,0.05213524615952156,0.328293226833078,0.05777791475416673
307,307.0,307.2270178897153,0.04160876874869919,0.06286916746088754,0.039575987931780215,0.36155423243406676,0.055092474307148115,0.05218393561003781,0.32953583688163407,0.05757959662574607
308,308.0,308.22747053545913,0.041335279227585946,0.0624772670295909,0.03939897049890596,0.3613891912003951,0.05518961198346174,0.05220852025565834,0.3306230925950148,0.057378067209387096
309,309.0,309.227603211274,0.04104733154016076,0.062170417512290535,0.03921703435313117,0.36114456838421777,0.05544599659623077,0.05220593375762387,0.3315971254806481,0.057171592375696925
310,310.0,310.22744658739464,0.04074738225679497,0.06184763451739301,0.039030752489844105,0.3607016464141603,0.05585192414602099,0.052176734185771796,0.3326837054213998,0.056960220568615
311,311.0,311.22703116002924,0.040449055789047526,0.06152036105592074,0.03884634742005706,0.35995299813640563,0.056216320826727825,0.052128905611859525,0.3341362826102817,0.0567497285497
312,312.0,312.2263869638001,0.04015897365153265,0.061203066809432036,0.03867097275250105,0.3590663369243,0.056545778442707355,0.052071915791279164,0.3357370274432513,0.05654592818499653
313,313.0,313.2255433175559,0.03986732357072212,0.060885983214411916,0.038499131429422365,0.3581681705986726,0.05701919303612012,0.05199921035423152,0.33721793762066743,0.05634305017575198
314,314.0,314.22452860276053,0.03948077623406492,0.06048375455659817,0.038338048443671925,0.35749066206286595,0.057439353306924214,0.051920665247822,0.33869960947841293,0.05614713066963996
315,315.0,315.2233700734171,0.03909924259202096,0.060086458834796394,0.038183306962115804,0.35674381570997454,0.05780078896863526,0.05183065872034002,0.34029411365548273,0.05596161455663433
316,316.0,316.2220936962738,0.038718621151439855,0.05968027310936243,0.03802570162372434,0.35615076390249556,0.058207002900776135,0.051870401592535746,0.3415762819218205,0.055770953797845454
317,317.0,317.22072401988214,0.03834773209799261,0.05928511608098526,0.03787373268600985,0.35575050523841456,0.05866621788688549,0.05189747056420679,0.34259663458681816,0.05558259085868731
318,318.0,318.2192840709308,0.03798829606748027,0.0589020956255699,0.03772748665239472,0.3552093635510995,0.059174594253998535,0.05191169933752595,0.3436898618179831,0.05539660269394814
319,319.0,319.21779527616536,0.03764573254412902,0.05834499655435871,0.037593935294588356,0.35492018908598905,0.05980192484904427,0.051922004589469425,0.34455220383188867,0.05521901325053264
320,320.0,320.21627740811476,0.03731653615863048,0.05779590284455916,0.03746239379779143,0.3546972733023545,0.06035603709167492,0.0519138819156162,0.34531917279005764,0.05513880209931582
321,321.0,321.2147485527881,0.03700854347327507,0.05726111571796005,0.037337608190971684,0.3544899017638675,0.060855437974595104,0.051891571783893954,0.3460904281921206,0.055065392903316225
322,322.0,322.2132250974662,0.036722497764260655,0.0567539009245121,0.03721881812102579,0.35422791943911697,0.061306835416425565,0.051858210534073884,0.3469155502692586,0.05499626753132659
323,323.0,323.2117217367018,0.036737002773908414,0.056542984196688933,0.03748040128605885,0.35381399008533654,0.06198121108833747,0.051258775705204145,0.34798617529121345,0.05419945957325233
324,324.0,324.21025149464685,0.03694724472670862,0.05623676627123242,0.03774756369993347,0.35330498232263813,0.06259643899681475,0.05065982653639674,0.3490863489211731,0.05342082852510292
325,325.0,325.2088257618509,0.03716771316576379,0.0560493154968212,0.03800740370138853,0.35285438138962394,0.0631387133705645,0.05005469548800578,0.3500750522567918,0.05265272513104048
326,326.0,326.2074543447161,0.037397023030271294,0.05587809442600798,0.03826452629208792,0.3525815523746536,0.06361645934797223,0.04945754351939716,0.35089313193022115,0.05191166907938871
327,327.0,327.20614552584755,0.03763416055961485,0.055725713202603375,0.03851746768850527,0.3524782186304446,0.06389543016685413,0.04887552710659008,0.35167034802272695,0.051203134622660844
328,328.0,328.20490613360744,0.03787127337545629,0.05559090249682134,0.03875575826831662,0.35244101828405006,0.0641134097412522,0.04830392676984528,0.3524049372004661,0.05051877386379222
329,329.0,329.20374161925525,0.03810694558511516,0.05546272984214905,0.03897907560617721,0.3526349355932952,0.06427224905245046,0.0477456756675083,0.35293510651555693,0.049863282137747836
330,330.0,330.2026561401457,0.038327656727419196,0.05543714510827706,0.03918244215986082,0.3526932867313752,0.06444933261060727,0.04720124491167062,0.35347312472460923,0.0492357670261807
