Total_iterations,Unnamed: 0.1,Intertwine_two,Invert_path_vertices,Insert_inside_vertex,Delete_inside_vertex,Replace_inside_vertex,Donate_between_routes,Trim_one_terminal_cb,Grow_one_terminal_cb
0,0.0,0.125,0.125,0.125,0.125,0.125,0.125,0.125,0.125
1,1.0,0.125,0.125,0.125,0.125,0.125,0.125,0.125,0.125
2,2.0,0.125,0.125,0.125,0.125,0.125,0.125,0.125,0.125
3,3.0,0.125,0.125,0.125,0.125,0.125,0.125,0.125,0.125
4,4.0,0.125,0.125,0.125,0.125,0.125,0.125,0.125,0.125
5,5.0,0.125,0.125,0.125,0.125,0.125,0.125,0.125,0.125
6,6.0,0.125,0.125,0.125,0.125,0.125,0.125,0.125,0.125
7,7.0,0.125,0.125,0.125,0.125,0.125,0.125,0.125,0.125
8,8.0,0.125,0.125,0.125,0.125,0.125,0.125,0.125,0.125
9,9.0,0.125,0.125,0.125,0.125,0.125,0.125,0.125,0.125
10,10.0,0.125,0.125,0.125,0.125,0.125,0.125,0.125,0.125
11,11.0,0.125,0.125,0.125,0.125,0.125,0.125,0.125,0.125
12,12.0,0.125,0.125,0.125,0.125,0.125,0.125,0.125,0.125
13,13.0,0.125,0.125,0.125,0.125,0.125,0.125,0.125,0.125
14,14.0,0.125,0.125,0.125,0.125,0.125,0.125,0.125,0.125
15,15.0,0.125,0.125,0.125,0.125,0.125,0.125,0.125,0.125
16,16.0,0.125,0.125,0.125,0.125,0.125,0.125,0.125,0.125
17,17.0,0.125,0.125,0.125,0.125,0.125,0.125,0.125,0.125
18,18.0,0.125,0.125,0.125,0.125,0.125,0.125,0.125,0.125
19,19.0,0.125,0.125,0.125,0.125,0.125,0.125,0.125,0.125
20,20.0,0.125,0.125,0.125,0.125,0.125,0.125,0.125,0.125
21,21.0,0.125,0.125,0.125,0.125,0.125,0.125,0.125,0.125
22,22.0,0.125,0.125,0.125,0.125,0.125,0.125,0.125,0.125
23,23.0,0.125,0.125,0.125,0.125,0.125,0.125,0.125,0.125
24,24.0,0.125,0.125,0.125,0.125,0.125,0.125,0.125,0.125
25,25.0,0.125,0.125,0.125,0.125,0.125,0.125,0.125,0.125
26,26.0,0.125,0.125,0.125,0.125,0.125,0.125,0.125,0.125
27,27.0,0.125,0.125,0.125,0.125,0.125,0.125,0.125,0.125
28,28.0,0.125,0.125,0.125,0.125,0.125,0.125,0.125,0.125
29,29.0,0.125,0.125,0.125,0.125,0.125,0.125,0.125,0.125
30,30.0,0.125,0.125,0.125,0.125,0.125,0.125,0.125,0.125
31,31.0,0.125,0.125,0.125,0.125,0.125,0.125,0.125,0.125
32,32.0,0.125,0.125,0.125,0.125,0.125,0.125,0.125,0.125
33,33.0,0.125,0.125,0.125,0.125,0.125,0.125,0.125,0.125
34,34.0,0.125,0.125,0.125,0.125,0.125,0.125,0.125,0.125
35,35.0,0.125,0.125,0.125,0.125,0.125,0.125,0.125,0.125
36,36.0,0.125,0.125,0.125,0.125,0.125,0.125,0.125,0.125
37,37.0,0.125,0.125,0.125,0.125,0.125,0.125,0.125,0.125
38,38.0,0.125,0.125,0.125,0.125,0.125,0.125,0.125,0.125
39,39.0,0.125,0.125,0.125,0.125,0.125,0.125,0.125,0.125
40,40.0,0.125,0.125,0.125,0.125,0.125,0.125,0.125,0.125
41,41.0,0.125,0.125,0.125,0.125,0.125,0.125,0.125,0.125
42,42.0,0.125,0.125,0.125,0.125,0.125,0.125,0.125,0.125
43,43.0,0.125,0.125,0.125,0.125,0.125,0.125,0.125,0.125
44,44.0,0.125,0.125,0.125,0.125,0.125,0.125,0.125,0.125
45,45.0,0.125,0.125,0.125,0.125,0.125,0.125,0.125,0.125
46,46.0,0.125,0.125,0.125,0.125,0.125,0.125,0.125,0.125
47,47.0,0.125,0.125,0.125,0.125,0.125,0.125,0.125,0.125
48,48.0,0.125,0.125,0.125,0.125,0.125,0.125,0.125,0.125
49,49.0,0.125,0.125,0.125,0.125,0.125,0.125,0.125,0.125
50,50.0,0.125,0.125,0.125,0.125,0.125,0.125,0.125,0.125
51,51.0,0.125,0.125,0.125,0.125,0.125,0.125,0.125,0.125
52,52.0,0.125,0.125,0.125,0.125,0.125,0.125,0.125,0.125
53,53.0,0.125,0.125,0.125,0.125,0.125,0.125,0.125,0.125
54,54.0,0.125,0.125,0.125,0.125,0.125,0.125,0.125,0.125
55,55.0,0.125,0.125,0.125,0.125,0.125,0.125,0.125,0.125
56,56.0,0.125,0.125,0.125,0.125,0.125,0.125,0.125,0.125
57,57.0,0.125,0.125,0.125,0.125,0.125,0.125,0.125,0.125
58,58.0,0.125,0.125,0.125,0.125,0.125,0.125,0.125,0.125
59,59.0,0.125,0.125,0.125,0.125,0.125,0.125,0.125,0.125
60,60.0,0.125,0.125,0.125,0.125,0.125,0.125,0.125,0.125
61,61.0,0.125,0.125,0.125,0.125,0.125,0.125,0.125,0.125
62,62.0,0.125,0.125,0.125,0.125,0.125,0.125,0.125,0.125
63,63.0,0.125,0.125,0.125,0.125,0.125,0.125,0.125,0.125
64,64.0,0.125,0.125,0.125,0.125,0.125,0.125,0.125,0.125
65,65.0,0.125,0.125,0.125,0.125,0.125,0.125,0.125,0.125
66,66.0,0.125,0.125,0.125,0.125,0.125,0.125,0.125,0.125
67,67.0,0.125,0.125,0.125,0.125,0.125,0.125,0.125,0.125
68,68.0,0.125,0.125,0.125,0.125,0.125,0.125,0.125,0.125
69,69.0,0.125,0.125,0.125,0.125,0.125,0.125,0.125,0.125
70,70.0,0.125,0.125,0.125,0.125,0.125,0.125,0.125,0.125
71,71.0,0.125,0.125,0.125,0.125,0.125,0.125,0.125,0.125
72,72.0,0.125,0.125,0.125,0.125,0.125,0.125,0.125,0.125
73,73.0,0.125,0.125,0.125,0.125,0.125,0.125,0.125,0.125
74,74.0,0.125,0.125,0.125,0.125,0.125,0.125,0.125,0.125
75,75.0,0.125,0.125,0.125,0.125,0.125,0.125,0.125,0.125
76,76.0,0.125,0.125,0.125,0.125,0.125,0.125,0.125,0.125
77,77.0,0.125,0.125,0.125,0.125,0.125,0.125,0.125,0.125
78,78.0,0.125,0.125,0.125,0.125,0.125,0.125,0.125,0.125
79,79.0,0.125,0.125,0.125,0.125,0.125,0.125,0.125,0.125
80,80.0,0.125,0.125,0.125,0.125,0.125,0.125,0.125,0.125
81,81.0,0.125,0.125,0.125,0.125,0.125,0.125,0.125,0.125
82,82.0,0.125,0.125,0.125,0.125,0.125,0.125,0.125,0.125
83,83.0,0.125,0.125,0.125,0.125,0.125,0.125,0.125,0.125
84,84.0,0.125,0.125,0.125,0.125,0.125,0.125,0.125,0.125
85,85.0,0.125,0.125,0.125,0.125,0.125,0.125,0.125,0.125
86,86.0,0.125,0.125,0.125,0.125,0.125,0.125,0.125,0.125
87,87.0,0.125,0.125,0.125,0.125,0.125,0.125,0.125,0.125
88,88.0,0.125,0.125,0.125,0.125,0.125,0.125,0.125,0.125
89,89.0,0.125,0.125,0.125,0.125,0.125,0.125,0.125,0.125
90,90.0,0.125,0.125,0.125,0.125,0.125,0.125,0.125,0.125
91,91.0,0.125,0.125,0.125,0.125,0.125,0.125,0.125,0.125
92,92.0,0.125,0.125,0.125,0.125,0.125,0.125,0.125,0.125
93,93.0,0.125,0.125,0.125,0.125,0.125,0.125,0.125,0.125
94,94.0,0.125,0.125,0.125,0.125,0.125,0.125,0.125,0.125
95,95.0,0.125,0.125,0.125,0.125,0.125,0.125,0.125,0.125
96,96.0,0.125,0.125,0.125,0.125,0.125,0.125,0.125,0.125
97,97.0,0.125,0.125,0.125,0.125,0.125,0.125,0.125,0.125
98,98.0,0.125,0.125,0.125,0.125,0.125,0.125,0.125,0.125
99,99.0,0.125,0.125,0.125,0.125,0.125,0.125,0.125,0.125
100,100.0,0.125,0.125,0.125,0.125,0.125,0.125,0.125,0.125
101,101.0,0.125,0.125,0.125,0.125,0.125,0.125,0.125,0.125
102,102.0,0.125,0.125,0.125,0.125,0.125,0.125,0.125,0.125
103,103.0,0.125,0.125,0.125,0.125,0.125,0.125,0.125,0.125
104,104.0,0.125,0.125,0.125,0.125,0.125,0.125,0.125,0.125
105,105.0,0.125,0.125,0.125,0.125,0.125,0.125,0.125,0.125
106,106.0,0.125,0.125,0.125,0.125,0.125,0.125,0.125,0.125
107,107.0,0.125,0.125,0.125,0.125,0.125,0.125,0.125,0.125
108,108.0,0.125,0.125,0.125,0.125,0.125,0.125,0.125,0.125
109,109.0,0.125,0.125,0.125,0.125,0.125,0.125,0.125,0.125
110,110.0,0.125,0.125,0.125,0.125,0.125,0.125,0.125,0.125
111,111.0,0.125,0.125,0.125,0.125,0.125,0.125,0.125,0.125
112,112.0,0.125,0.125,0.125,0.125,0.125,0.125,0.125,0.125
113,113.0,0.125,0.125,0.125,0.125,0.125,0.125,0.125,0.125
114,114.0,0.125,0.125,0.125,0.125,0.125,0.125,0.125,0.125
115,115.0,0.125,0.125,0.125,0.125,0.125,0.125,0.125,0.125
116,116.0,0.125,0.125,0.125,0.125,0.125,0.125,0.125,0.125
117,117.0,0.125,0.125,0.125,0.125,0.125,0.125,0.125,0.125
118,118.0,0.125,0.125,0.125,0.125,0.125,0.125,0.125,0.125
119,119.0,0.125,0.125,0.125,0.125,0.125,0.125,0.125,0.125
120,120.0,0.125,0.125,0.125,0.125,0.125,0.125,0.125,0.125
121,121.0,0.125,0.125,0.125,0.125,0.125,0.125,0.125,0.125
122,122.0,0.125,0.125,0.125,0.125,0.125,0.125,0.125,0.125
123,123.0,0.125,0.125,0.125,0.125,0.125,0.125,0.125,0.125
124,124.0,0.125,0.125,0.125,0.125,0.125,0.125,0.125,0.125
125,125.0,0.125,0.125,0.125,0.125,0.125,0.125,0.125,0.125
126,126.0,0.125,0.125,0.125,0.125,0.125,0.125,0.125,0.125
127,127.0,0.125,0.125,0.125,0.125,0.125,0.125,0.125,0.125
128,128.0,0.125,0.125,0.125,0.125,0.125,0.125,0.125,0.125
129,129.0,0.125,0.125,0.125,0.125,0.125,0.125,0.125,0.125
130,130.0,0.125,0.125,0.125,0.125,0.125,0.125,0.125,0.125
131,131.0,0.125,0.125,0.125,0.125,0.125,0.125,0.125,0.125
132,132.0,0.125,0.125,0.125,0.125,0.125,0.125,0.125,0.125
133,133.0,0.125,0.125,0.125,0.125,0.125,0.125,0.125,0.125
134,134.0,0.125,0.125,0.125,0.125,0.125,0.125,0.125,0.125
135,135.0,0.125,0.125,0.125,0.125,0.125,0.125,0.125,0.125
136,136.0,0.125,0.125,0.125,0.125,0.125,0.125,0.125,0.125
137,137.0,0.125,0.125,0.125,0.125,0.125,0.125,0.125,0.125
138,138.0,0.125,0.125,0.125,0.125,0.125,0.125,0.125,0.125
139,139.0,0.125,0.125,0.125,0.125,0.125,0.125,0.125,0.125
140,140.0,0.125,0.125,0.125,0.125,0.125,0.125,0.125,0.125
141,141.0,0.125,0.125,0.125,0.125,0.125,0.125,0.125,0.125
142,142.0,0.125,0.125,0.125,0.125,0.125,0.125,0.125,0.125
143,143.0,0.125,0.125,0.125,0.125,0.125,0.125,0.125,0.125
144,144.0,0.125,0.125,0.125,0.125,0.125,0.125,0.125,0.125
145,145.0,0.125,0.125,0.125,0.125,0.125,0.125,0.125,0.125
146,146.0,0.125,0.125,0.125,0.125,0.125,0.125,0.125,0.125
147,147.0,0.125,0.125,0.125,0.125,0.125,0.125,0.125,0.125
148,148.0,0.125,0.125,0.125,0.125,0.125,0.125,0.125,0.125
149,149.0,0.125,0.125,0.125,0.125,0.125,0.125,0.125,0.125
150,150.0,0.125,0.125,0.125,0.125,0.125,0.125,0.125,0.125
151,151.0,0.125,0.125,0.125,0.125,0.125,0.125,0.125,0.125
152,152.0,0.125,0.125,0.125,0.125,0.125,0.125,0.125,0.125
153,153.0,0.125,0.125,0.125,0.125,0.125,0.125,0.125,0.125
154,154.0,0.125,0.125,0.125,0.125,0.125,0.125,0.125,0.125
155,155.0,0.125,0.125,0.125,0.125,0.125,0.125,0.125,0.125
156,156.0,0.125,0.125,0.125,0.125,0.125,0.125,0.125,0.125
157,157.0,0.125,0.125,0.125,0.125,0.125,0.125,0.125,0.125
158,158.0,0.125,0.125,0.125,0.125,0.125,0.125,0.125,0.125
159,159.0,0.125,0.125,0.125,0.125,0.125,0.125,0.125,0.125
160,160.0,0.125,0.125,0.125,0.125,0.125,0.125,0.125,0.125
161,161.0,0.125,0.125,0.125,0.125,0.125,0.125,0.125,0.125
162,162.0,0.125,0.125,0.125,0.125,0.125,0.125,0.125,0.125
163,163.0,0.125,0.125,0.125,0.125,0.125,0.125,0.125,0.125
164,164.0,0.125,0.125,0.125,0.125,0.125,0.125,0.125,0.125
165,165.0,0.125,0.125,0.125,0.125,0.125,0.125,0.125,0.125
166,166.0,0.125,0.125,0.125,0.125,0.125,0.125,0.125,0.125
167,167.0,0.125,0.125,0.125,0.125,0.125,0.125,0.125,0.125
168,168.0,0.125,0.125,0.125,0.125,0.125,0.125,0.125,0.125
169,169.0,0.125,0.125,0.125,0.125,0.125,0.125,0.125,0.125
170,170.0,0.125,0.125,0.125,0.125,0.125,0.125,0.125,0.125
171,171.0,0.125,0.125,0.125,0.125,0.125,0.125,0.125,0.125
172,172.0,0.125,0.125,0.125,0.125,0.125,0.125,0.125,0.125
173,173.0,0.125,0.125,0.125,0.125,0.125,0.125,0.125,0.125
174,174.0,0.125,0.125,0.125,0.125,0.125,0.125,0.125,0.125
175,175.0,0.125,0.125,0.125,0.125,0.125,0.125,0.125,0.125
176,176.0,0.125,0.125,0.125,0.125,0.125,0.125,0.125,0.125
177,177.0,0.125,0.125,0.125,0.125,0.125,0.125,0.125,0.125
178,178.0,0.125,0.125,0.125,0.125,0.125,0.125,0.125,0.125
179,179.0,0.125,0.125,0.125,0.125,0.125,0.125,0.125,0.125
180,180.0,0.125,0.125,0.125,0.125,0.125,0.125,0.125,0.125
181,181.0,0.125,0.125,0.125,0.125,0.125,0.125,0.125,0.125
182,182.0,0.125,0.125,0.125,0.125,0.125,0.125,0.125,0.125
183,183.0,0.125,0.125,0.125,0.125,0.125,0.125,0.125,0.125
184,184.0,0.125,0.125,0.125,0.125,0.125,0.125,0.125,0.125
185,185.0,0.125,0.125,0.125,0.125,0.125,0.125,0.125,0.125
186,186.0,0.125,0.125,0.125,0.125,0.125,0.125,0.125,0.125
187,187.0,0.125,0.125,0.125,0.125,0.125,0.125,0.125,0.125
188,188.0,0.125,0.125,0.125,0.125,0.125,0.125,0.125,0.125
189,189.0,0.125,0.125,0.125,0.125,0.125,0.125,0.125,0.125
190,190.0,0.125,0.125,0.125,0.125,0.125,0.125,0.125,0.125
191,191.0,0.125,0.125,0.125,0.125,0.125,0.125,0.125,0.125
192,192.0,0.125,0.125,0.125,0.125,0.125,0.125,0.125,0.125
193,193.0,0.125,0.125,0.125,0.125,0.125,0.125,0.125,0.125
194,194.0,0.125,0.125,0.125,0.125,0.125,0.125,0.125,0.125
195,195.0,0.125,0.125,0.125,0.125,0.125,0.125,0.125,0.125
196,196.0,0.125,0.125,0.125,0.125,0.125,0.125,0.125,0.125
197,197.0,0.125,0.125,0.125,0.125,0.125,0.125,0.125,0.125
198,198.0,0.125,0.125,0.125,0.125,0.125,0.125,0.125,0.125
199,199.0,0.125,0.125,0.125,0.125,0.125,0.125,0.125,0.125
200,200.0,0.123950788615737,0.1250618997268481,0.1240538813992422,0.1280533527183011,0.123950788615737,0.123950788615737,0.1247200193849678,0.1262584809234294
201,201.0,0.1225237909570383,0.1257349020681494,0.1227289455962136,0.1310139008471482,0.1225237909570383,0.1225237909570383,0.1249996151328625,0.1279512634845109
202,202.0,0.1199403113721902,0.1252204224833013,0.1202455794134273,0.1334601122379911,0.1199403113721902,0.1199403113721902,0.1313427875626664,0.1299101641860431
203,203.0,0.1171266582231044,0.1245446035766397,0.1176345254739635,0.1354754829583691,0.1172308248897711,0.1171266582231044,0.1392316413009789,0.1316296053540687
204,204.0,0.114190418535618,0.1236053312133958,0.1148963797359616,0.1383569901424112,0.1143977102022847,0.114190418535618,0.147507021555893,0.1328557300788176
205,205.0,0.111178025530069,0.1232164656557932,0.1119718783396119,0.1405943583220217,0.1114864734467357,0.1112821921967357,0.1552961072514065,0.1349744992576262
206,206.0,0.108132927874279,0.1225859110239751,0.109007287387511,0.1424335945445948,0.1092529604345698,0.1084422384412893,0.1632978987220255,0.1368471815717552
207,207.0,0.1050730786437879,0.12171809638312,0.1060214598735583,0.1454564664799137,0.1069940749075167,0.1055845441721384,0.1708520278559412,0.1383002516840235
208,208.0,0.1019057811606592,0.1204345083666814,0.1028185146178619,0.1501029883288981,0.1046656463805101,0.1026146900556335,0.1781673642645413,0.1392905068252141
209,209.0,0.0986697707963056,0.1188700768978988,0.0995412939236252,0.1552975744149363,0.1022026379811689,0.0995699081889925,0.1858991931858306,0.1399495446112417
210,210.0,0.0958609318871161,0.1183088913380844,0.0961230766031062,0.1603778473596021,0.0996400449198042,0.0963812182273569,0.1932062522989443,0.1401017373659854
211,211.0,0.0930447812851221,0.1187588532162309,0.0927401212949277,0.1654489809530231,0.097078577224625,0.0932207707482748,0.1997823618247779,0.1399255534530181
212,212.0,0.0902104881203051,0.1188224202256324,0.0893832192819616,0.1699958720794283,0.0944743855398089,0.090794013164513,0.2067377052275791,0.1395818963607712
213,213.0,0.0873536291934168,0.1192307894964638,0.08611770644867,0.1747080063142987,0.0924478839292011,0.0884433591133737,0.2131464431013549,0.1385521824032209
214,214.0,0.0845902730117799,0.1192245180027408,0.0829605056125711,0.179391189840136,0.0904257352425575,0.0868923971035443,0.2187660364795728,0.1377493447070975
215,215.0,0.081904318768967,0.1189425301021702,0.079897973488588,0.184847659528031,0.0883932162673466,0.0853994263144166,0.2239912595828795,0.1366236159476008
216,216.0,0.0793858133359856,0.1185936961907789,0.0770221960492108,0.190216524340609,0.0864639200027842,0.0840445048542733,0.2287965268519651,0.1354768183743928
217,217.0,0.0770429239768143,0.1181880882980187,0.0743429826910045,0.1950018449540735,0.0846463277808665,0.0828271040954494,0.2338035472738257,0.134147180929947
218,218.0,0.0749073290914892,0.1171993315101358,0.0718932802532596,0.1992911536431277,0.0829729739070045,0.0827944749920399,0.2382516625422484,0.1326897940606947
219,219.0,0.0727725115191298,0.1161480119642773,0.0702819047147042,0.2036483396960607,0.0812930855925643,0.0825934766234915,0.2423926526689319,0.13087001722084
220,220.0,0.0707228844571739,0.1149969378650507,0.0687713075559442,0.2085894445451898,0.0796546107700933,0.0824025158970628,0.2459290905671947,0.1289332083422904
221,221.0,0.0687973871478524,0.112580271717151,0.0673518122665728,0.2132962984200674,0.0779903718825473,0.0822151200191169,0.2498321588244018,0.1279365797222902
222,222.0,0.0669302692076835,0.1100634050443267,0.0659532870628648,0.218133732127233,0.0763382607415343,0.0828600874164028,0.252887276334105,0.1268336820658497
223,223.0,0.0653201294454958,0.1075056646592032,0.0646101511009361,0.2234327284703085,0.0747200492718032,0.0833596569394633,0.2551561152844586,0.1258955048283311
224,224.0,0.0638383225758554,0.1056819521858895,0.0633614199495942,0.2282967739691758,0.0731944807556653,0.0837827325770932,0.2569050578020597,0.1249392601846668
225,225.0,0.0624968297336189,0.1038649534674573,0.0622525442871058,0.2330871903092407,0.0717847544620896,0.084176968311103,0.2584605461687817,0.1238762132606029
226,226.0,0.0613344645837769,0.1021469561876456,0.0613145749278879,0.237363934086998,0.0705263231996874,0.084618110524049,0.2598294412221785,0.1228661952677765
227,227.0,0.0602913596094075,0.1003760807716339,0.0604625508502003,0.2417580959890687,0.0693440624607886,0.0850198070609029,0.2608955504751328,0.1218524927828651
228,228.0,0.0594176125367168,0.0987302190641658,0.0596677599690398,0.2456657141376413,0.0683180070964764,0.0853533477262782,0.2618397183167339,0.1210076211529476
229,229.0,0.0586606190315128,0.0977415645628371,0.0589795947195414,0.2488735894798999,0.0673898734566716,0.0856277138799786,0.2625532712529081,0.1201737736166503
230,230.0,0.0580973967286577,0.097319569035704,0.0583463156529223,0.2516367886967779,0.066534821074757,0.0857988560676406,0.2629330829473177,0.1193331697962226
231,231.0,0.0576040127030946,0.0967370673854296,0.0583313866098559,0.2537438207398821,0.0657197877392592,0.0858828578734629,0.2635013875175573,0.1184796794314582
232,232.0,0.0572059900852387,0.0961299121028651,0.0579245809971335,0.2563124465390252,0.0649760680109213,0.0859446546771837,0.2638564000666961,0.1176499475209362
233,233.0,0.0569053828355401,0.0955164639939452,0.0570509064004106,0.2593255814266509,0.0643142743967076,0.0859945850105227,0.2640328799272841,0.1168599260089386
234,234.0,0.056658848452392,0.0947512235736208,0.0562293352970314,0.2625197356222107,0.0637113810543247,0.0859460002624347,0.2641070063153359,0.1160764694226496
235,235.0,0.0565085263232797,0.0940739869159273,0.0555081066138113,0.2653049700368146,0.0632127604551294,0.0859002676626134,0.2641400015311747,0.1153513804612493
236,236.0,0.0564302085313258,0.0933898617398877,0.0548684572011989,0.2679848518359791,0.0626785529375374,0.0858416181278627,0.2640338196587973,0.1147726299674109
237,237.0,0.0563900693123699,0.0925981732866601,0.054281362434238,0.2704680409051067,0.0621827807212985,0.0857183508655278,0.2641504788380285,0.1142107436367704
238,238.0,0.0564205157600466,0.0918887155470607,0.0537834033789165,0.2726799541945323,0.0617753440941438,0.0854947173308951,0.2642522982917618,0.1137050514026431
239,239.0,0.056493754393732,0.0912400684151064,0.0533503544426077,0.2749833385057716,0.0614311922514203,0.0852357195338296,0.2640314286416998,0.1132341438158323
240,240.0,0.0561013593445293,0.090844962346012,0.0531354249300653,0.2778550919910925,0.0613895805471767,0.0836469687695173,0.264264200432269,0.1127624116393376
241,241.0,0.0557017372161368,0.0903309982165493,0.0529342207381443,0.28028710208494,0.0617979100720632,0.0820189007342584,0.2646108979451521,0.1123182329927557
242,242.0,0.0552848901059987,0.0896962037991174,0.0527310855975747,0.2833463828410861,0.0621399642193269,0.0803387653897063,0.2646886805807792,0.1117740274664103
243,243.0,0.0547791834803805,0.0894148816759422,0.0524528662179397,0.2863188303204504,0.0624873659767734,0.0786559012516691,0.264635798615917,0.1112551724609273
244,244.0,0.0545841875505159,0.0890592973416029,0.0522084597013825,0.2890917623455389,0.0628395933295985,0.0770070789740075,0.264889115807895,0.1103205049494584
245,245.0,0.0543931054416781,0.0886325330556756,0.0518883320096794,0.2919380013032204,0.0631878141779967,0.0754009524430458,0.2651503146189771,0.1094089469497265
246,246.0,0.0542075480505469,0.0881429571109107,0.0515974826103407,0.2952195006075987,0.0635290331083067,0.0734651740378868,0.2653026305739332,0.108535673900476
247,247.0,0.0540482589495353,0.08769700755285,0.0513414864845495,0.2982675502523785,0.0638741538298346,0.0716038148925819,0.2659196332267296,0.1072480948115403
248,248.0,0.0539060962612233,0.0868593131848997,0.051112406818019,0.3018901191639166,0.0641676839286934,0.069716868557742,0.266252300130329,0.1060952119551766
249,249.0,0.0537365663741268,0.0859483074368478,0.0508778018453027,0.3050934695794525,0.0643725240057211,0.0678874722994834,0.2671712664123931,0.1049125920466723
250,250.0,0.0535289548447531,0.0849695980340849,0.0508490397492389,0.3077800045356799,0.0645169466142041,0.0661144124530008,0.2686144016546761,0.1036266421143618
251,251.0,0.0533254838463808,0.0839735361081754,0.0508425722659111,0.3102415109869817,0.0642252753922567,0.0644465343783696,0.2705445695949779,0.1024005174269467
252,252.0,0.0530590849994313,0.0831570492395312,0.0507831251635737,0.3123211904499225,0.0643893002962532,0.0628217201517201,0.272433098395693,0.1010354313038748
253,253.0,0.0527642469356074,0.0826188456553858,0.0507022530732985,0.3143910889555545,0.0644731740355223,0.061277851249482,0.2741580025424437,0.0996145375527059
254,254.0,0.0524715612069445,0.0823020759888072,0.0506278398783956,0.3163916010484169,0.0645352629239276,0.0598474743037528,0.2755632384741693,0.098260946175586
255,255.0,0.0521822537871078,0.0820755765523648,0.0505586329485177,0.3181163519435606,0.0645757166278394,0.0585324553545581,0.2769794492220651,0.0969795635639864
256,256.0,0.0518434111816019,0.0817666014384106,0.050439469815308,0.3195833768903477,0.064731762436508,0.0572793299826238,0.2787456535223442,0.0956103947328557
257,257.0,0.0514867605038348,0.0814065876533368,0.0503000567709482,0.3208020464887898,0.0648128789002889,0.0561182072236996,0.2808472438126912,0.0942262186464106
258,258.0,0.0511376924343006,0.0810210832528566,0.0501639884589137,0.3220139645529784,0.0648670059416493,0.0550719148932905,0.2827980278296145,0.0929263226363964
259,259.0,0.050786094329588,0.080600533007386,0.0502082551395902,0.3233229076530353,0.064883249892841,0.0541269524589303,0.2843699513805701,0.091702056138059
260,260.0,0.0504447634780217,0.0801586445958889,0.0502502307308081,0.3246244378105574,0.0648740655042772,0.0532920204778941,0.2857890796109958,0.0905667577915568
261,261.0,0.0501316661752329,0.0797280968065375,0.0503051924682272,0.3258431627447736,0.064850726404464,0.05257364379911,0.287032791636522,0.0895347199651326
262,262.0,0.0498298898637562,0.0792791513342996,0.0503540855758302,0.326982265287582,0.0648038842402794,0.0519568781218517,0.2882022259151006,0.0885916196613004
263,263.0,0.0495400801329762,0.0789216148706396,0.0503956923924073,0.3279192481106875,0.064734944843038,0.0514368273100565,0.289315186144799,0.0877364061953958
264,264.0,0.0492551110426399,0.0785404429393804,0.0504276705854546,0.3285380586069318,0.0646378120822538,0.0511965997673839,0.2904414989769779,0.0869628059989778
265,265.0,0.048961729552021,0.0781234421122434,0.050256792535289,0.3289790979968884,0.0644862496815093,0.0510150748435139,0.2919514603721538,0.0862261529063811
266,266.0,0.0486873635595077,0.0777305618938516,0.0500865975615455,0.3301478505125286,0.0643413695437053,0.0509155546521414,0.2934640991451291,0.0846266031315907
267,267.0,0.0484140045821435,0.0773126438266743,0.0498999654822904,0.330923383062806,0.0641563076999034,0.0508686569053923,0.2953479396127335,0.0830770988280567
268,268.0,0.0481427722876642,0.0768722686433922,0.0496989867977284,0.3315582998532262,0.0641200311132356,0.0508681402919879,0.2971540462755596,0.081585454737206
269,269.0,0.0479320350912908,0.0760773458874759,0.0494388986946173,0.3322447432107652,0.0641360635541521,0.0507487775221138,0.2992780135687818,0.080144122470803
270,270.0,0.047718780320857,0.0755485709111711,0.0491657123552193,0.3330086061586167,0.0641046800656988,0.0506607594103503,0.3010286215653603,0.0787642692127263
271,271.0,0.0475129501869221,0.0751798622805376,0.0488912971839084,0.3336427588294696,0.064046814488358,0.0507194361508027,0.3025281643156235,0.077478716564378
272,272.0,0.0472841262728903,0.0747935784754096,0.0485870483002819,0.334350062444974,0.0639090189708529,0.0507808991244102,0.3040793845199416,0.0762158818912393
273,273.0,0.0470532252255683,0.0744152995322516,0.0482728434556681,0.334982273415907,0.0637425872845806,0.0508608392098185,0.30564840746159,0.0750245244146158
274,274.0,0.046821240320811,0.0740458316673272,0.0479513598586488,0.3356326974353521,0.0635503900436027,0.050955333946286,0.3071363522176134,0.0739067945103587
275,275.0,0.0466015660063224,0.0736756116957349,0.0476337965510162,0.3363355215959007,0.0633428511919945,0.0510663949191023,0.3084557533343832,0.0728885047055455
276,276.0,0.0461786794935665,0.0732858563969136,0.0473048312430921,0.3371873954261091,0.0630729888745798,0.0511706449089923,0.3098857115581879,0.0719138920985585
277,277.0,0.0457464344665862,0.0728618408782352,0.046959246640108,0.3383082069906029,0.062741335641697,0.0514270273740243,0.3109786031718988,0.0709773048368474
278,278.0,0.0453087348214347,0.0724071277833177,0.0466006344086641,0.3395713853546696,0.0623547781093744,0.0516634887284018,0.3120124765297856,0.0700813742643518
279,279.0,0.0448858079375486,0.0719419589950451,0.0462490208142961,0.3406312703727797,0.0619533797897606,0.0518945912163038,0.3131825873313221,0.0692613835429437
280,280.0,0.0444719239231699,0.071619666977139,0.0458985767266959,0.3416277319967609,0.0615332780666945,0.0521097168738953,0.3142308402929286,0.0685082651427156
281,281.0,0.044077589508711,0.0713158551263828,0.0455598021836228,0.3430497371539973,0.0611204981481369,0.0523201925997815,0.3151318254331992,0.0674244998461682
282,282.0,0.0436993566692945,0.0710349066187102,0.0452314569840574,0.3445121357717733,0.0606963325771261,0.0525189422208444,0.3158816820307806,0.066425187127413
283,283.0,0.0433275840050053,0.070597267828979,0.0449018367875419,0.3457370123268773,0.060247865827452,0.0526933372805505,0.3166250820585101,0.0658700138850834
284,284.0,0.0429718582985515,0.0701558810473613,0.0445807281345076,0.3471627132179188,0.0597803690254152,0.0528456240405561,0.3171377141496617,0.0653651120860274
285,285.0,0.0426250525046181,0.0697046079976638,0.0442612626321433,0.3485284890847265,0.0592956449082157,0.0529670674500418,0.317706879941498,0.0649109954810923
286,286.0,0.0423373852382051,0.0692686789512234,0.0439622766970891,0.3499537961950679,0.0587120606545881,0.0530751537214055,0.3182772250481258,0.0644134234942946
287,287.0,0.0421714221946444,0.0688335048657687,0.0436650871329912,0.3508986053491925,0.058120909874801,0.0531548504351071,0.3192000989831026,0.063955521164392
288,288.0,0.0420222037063844,0.0684164195551889,0.0433801456762366,0.3519005857686025,0.0575396219705083,0.0532159978950851,0.3199731291618837,0.06355189626611
289,289.0,0.0418888186572249,0.0680184865468819,0.0431082123329152,0.3529517945487655,0.0569718914618445,0.0532591107065591,0.3206017962640889,0.0631998894817195
290,290.0,0.0419357771931123,0.0676446839957218,0.0428540421775579,0.3536902313320792,0.0564292963995005,0.0532890305230491,0.3212572410027417,0.0628996973762371
291,291.0,0.0419867802443293,0.0672857217981251,0.0426081970511113,0.3545294139091509,0.0558949121868028,0.053296703774208,0.3217693911402545,0.0626288798960176
292,292.0,0.04195903868185,0.0670811591767498,0.0424025035083497,0.3556541996944764,0.0554076238535615,0.0533100832160311,0.3221022776979333,0.0620831141710476
293,293.0,0.0419211604483559,0.0668648007444754,0.0422014307081869,0.356963651963789,0.0549272885637966,0.0532946969057954,0.3222568769194899,0.0615700937461104
294,294.0,0.0421481607993192,0.0666555911656287,0.042002755541602,0.358335585352534,0.054455291738495,0.0532538760668411,0.322185403508154,0.0609633358274254
295,295.0,0.0423605212367243,0.0665586415165949,0.0418052247196811,0.3594384941388494,0.0541448466627705,0.053187691242451,0.3219096080089638,0.0605949724739646
296,296.0,0.0425694735682466,0.0664442083926612,0.0416169431509591,0.3603414863029601,0.0539949593054902,0.0531014388213221,0.3216598185729485,0.0602716718854116
297,297.0,0.0427529275734578,0.0662997219222948,0.041425877702256,0.3609815398629914,0.0538330211411785,0.0529848068724296,0.321763098459642,0.0599590064657494
298,298.0,0.0429142024643557,0.0661488364934695,0.0412357172569824,0.3613853956123583,0.0537960266571086,0.0528473381630806,0.322005855303084,0.0596666280495604
299,299.0,0.0430379244153995,0.0658412258289235,0.0410395648471779,0.3616003051612353,0.0540100716548016,0.0526838926667715,0.322408052893736,0.059378962531954
300,300.0,0.0431462602446144,0.0655133248516439,0.0408480957247299,0.3619344849542425,0.0542168690912495,0.052610427270203,0.3226182371391438,0.0591123007241726
301,301.0,0.042975277765842,0.0651668840852936,0.0406613793608945,0.3620588553450858,0.0544124647568382,0.0525191983477851,0.3233407206921913,0.058865219646069
302,302.0,0.0427870041860264,0.0648004870053029,0.0404762060325776,0.3622574554503875,0.0545802137283787,0.0524080218522175,0.3240538418437525,0.0586367699013563
303,303.0,0.0425857474964509,0.0644270310275934,0.0402970194800883,0.3621899380613424,0.0547221330863842,0.0522835820446443,0.325076257039731,0.058418291763765
304,304.0,0.0423577140262766,0.0640288782370396,0.0401110342291236,0.3621880213719122,0.0548205636799017,0.0521332023041714,0.3261634908466757,0.0581970953048985
305,305.0,0.0421176689544347,0.0636311686638499,0.0399256986794766,0.3621569354657802,0.0548890190077498,0.0520722354903366,0.3272275824451072,0.0579796912932645
306,306.0,0.0418686113941639,0.0632497609163536,0.0397492137229058,0.3619767870440653,0.0549492391757447,0.0521352461595215,0.328293226833078,0.0577779147541667
307,307.0,0.0416087687486991,0.0628691674608875,0.0395759879317802,0.3615542324340667,0.0550924743071481,0.0521839356100378,0.329535836881634,0.057579596625746
308,308.0,0.0413352792275859,0.0624772670295909,0.0393989704989059,0.3613891912003951,0.0551896119834617,0.0522085202556583,0.3306230925950148,0.057378067209387
309,309.0,0.0410473315401607,0.0621704175122905,0.0392170343531311,0.3611445683842177,0.0554459965962307,0.0522059337576238,0.3315971254806481,0.0571715923756969
310,310.0,0.0407473822567949,0.061847634517393,0.0390307524898441,0.3607016464141603,0.0558519241460209,0.0521767341857717,0.3326837054213998,0.056960220568615
311,311.0,0.0404490557890475,0.0615203610559207,0.038846347420057,0.3599529981364056,0.0562163208267278,0.0521289056118595,0.3341362826102817,0.0567497285497
312,312.0,0.0401589736515326,0.061203066809432,0.038670972752501,0.3590663369243,0.0565457784427073,0.0520719157912791,0.3357370274432513,0.0565459281849965
313,313.0,0.0398673235707221,0.0608859832144119,0.0384991314294223,0.3581681705986726,0.0570191930361201,0.0519992103542315,0.3372179376206674,0.0563430501757519
314,314.0,0.0394807762340649,0.0604837545565981,0.0383380484436719,0.3574906620628659,0.0574393533069242,0.051920665247822,0.3386996094784129,0.0561471306696399
315,315.0,0.0390992425920209,0.0600864588347963,0.0381833069621158,0.3567438157099745,0.0578007889686352,0.05183065872034,0.3402941136554827,0.0559616145566343
316,316.0,0.0387186211514398,0.0596802731093624,0.0380257016237243,0.3561507639024955,0.0582070029007761,0.0518704015925357,0.3415762819218205,0.0557709537978454
317,317.0,0.0383477320979926,0.0592851160809852,0.0378737326860098,0.3557505052384145,0.0586662178868854,0.0518974705642067,0.3425966345868181,0.0555825908586873
318,318.0,0.0379882960674802,0.0589020956255699,0.0377274866523947,0.3552093635510995,0.0591745942539985,0.0519116993375259,0.3436898618179831,0.0553966026939481
319,319.0,0.037645732544129,0.0583449965543587,0.0375939352945883,0.354920189085989,0.0598019248490442,0.0519220045894694,0.3445522038318886,0.0552190132505326
320,320.0,0.0373165361586304,0.0577959028445591,0.0374623937977914,0.3546972733023545,0.0603560370916749,0.0519138819156162,0.3453191727900576,0.0551388020993158
321,321.0,0.037008543473275,0.05726111571796,0.0373376081909716,0.3544899017638675,0.0608554379745951,0.0518915717838939,0.3460904281921206,0.0550653929033162
322,322.0,0.0367224977642606,0.0567539009245121,0.0372188181210257,0.3542279194391169,0.0613068354164255,0.0518582105340738,0.3469155502692586,0.0549962675313265
323,323.0,0.0367370027739084,0.0565429841966889,0.0374804012860588,0.3538139900853365,0.0619812110883374,0.0512587757052041,0.3479861752912134,0.0541994595732523
324,324.0,0.0369472447267086,0.0562367662712324,0.0377475636999334,0.3533049823226381,0.0625964389968147,0.0506598265363967,0.3490863489211731,0.0534208285251029
325,325.0,0.0371677131657637,0.0560493154968212,0.0380074037013885,0.3528543813896239,0.0631387133705645,0.0500546954880057,0.3500750522567918,0.0526527251310404
326,326.0,0.0373970230302712,0.0558780944260079,0.0382645262920879,0.3525815523746536,0.0636164593479722,0.0494575435193971,0.3508931319302211,0.0519116690793887
327,327.0,0.0376341605596148,0.0557257132026033,0.0385174676885052,0.3524782186304446,0.0638954301668541,0.04887552710659,0.3516703480227269,0.0512031346226608
328,328.0,0.0378712733754562,0.0555909024968213,0.0387557582683166,0.35244101828405,0.0641134097412522,0.0483039267698452,0.3524049372004661,0.0505187738637922
329,329.0,0.0381069455851151,0.055462729842149,0.0389790756061772,0.3526349355932952,0.0642722490524504,0.0477456756675083,0.3529351065155569,0.0498632821377478
330,330.0,0.0383276567274191,0.055437145108277,0.0391824421598608,0.3526932867313752,0.0644493326106072,0.0472012449116706,0.3534731247246092,0.0492357670261807
331,331.0,0.0385320445713927,0.0554083724243909,0.0393653276012627,0.3525430953969479,0.064639076902966,0.0466735233336235,0.3541945304616149,0.0486440293078012
332,332.0,0.0387252752313659,0.0553863415448226,0.0395280318886158,0.3521739585576309,0.0647742923552787,0.0461680202903573,0.3551535139537223,0.0480905661782063
333,333.0,0.0388874328915654,0.0552607610134052,0.0405615233472973,0.351491035990739,0.0647542829573071,0.0456903973152357,0.3558868288639802,0.0474677376204699
334,334.0,0.0390463566470998,0.0551449983856753,0.0415705525874771,0.3510321437578697,0.0645388459749252,0.0452423285141622,0.3565338271365665,0.0468909469962239
335,335.0,0.0391941955574971,0.0550323549760475,0.0425490606817709,0.3505364912750374,0.0642878305197371,0.0449328898513978,0.3571101669715861,0.0463570101669258
336,336.0,0.0393275334905112,0.0549196640639783,0.0434873639927858,0.3499650805128179,0.0639983825446323,0.0446477804032212,0.3577905457394671,0.0458636492525858
337,337.0,0.0394435845259168,0.0548987053659856,0.0443749206684217,0.3495345457620354,0.063670238444752,0.0443825012177938,0.3582828672589362,0.045412636756158
338,338.0,0.0395485115890978,0.054879195680118,0.0452157499365,0.3491273385589726,0.0633230297584067,0.0441458152719248,0.3587497133634404,0.0450106458415393
339,339.0,0.0396388530012421,0.0549504196280293,0.045999233096069,0.3487309719083369,0.062954947944437,0.0439308771710928,0.3591481021353453,0.0446465951154472
340,340.0,0.0397155951802342,0.0550239484735557,0.0467235088116007,0.3483017095317674,0.0625780512091475,0.0437394617896082,0.3595973919393102,0.0443203330647756
341,341.0,0.0397757043579949,0.0550822064191807,0.0473845592425732,0.3479295074163541,0.062186448377774,0.0435629897594286,0.360050168037043,0.0440284163896512
342,342.0,0.0398207666610422,0.0551252156524854,0.0479862082233485,0.3473313761828005,0.0619133112151897,0.0434015590452669,0.3605574546573695,0.043864108362497
343,343.0,0.0398512944963593,0.0551531809273933,0.0485233502149014,0.3467578493981958,0.0616281582426875,0.043257670948472,0.3610939496644369,0.0437345461075536
344,344.0,0.0398666436071544,0.0551739289770231,0.048996165177836,0.3461315679809021,0.0614224768732655,0.0431284772132524,0.3616439683012514,0.0436367718693148
345,345.0,0.0398744154904505,0.0552716571228777,0.0494064526093047,0.345411478387195,0.0612242992395133,0.0430121102301492,0.3621191355107353,0.043680451409774
346,346.0,0.0398594144784117,0.0553572187212318,0.049751889554716,0.3445865105829714,0.0610081976572114,0.0429049902352793,0.3627856200089137,0.0437461587612645
347,347.0,0.0398316261537549,0.0554326029286759,0.0500375300465906,0.3440690375497879,0.0605748088013513,0.0428089821311876,0.3634122398055666,0.043833172583085
348,348.0,0.0397937452772315,0.0554948272568564,0.0502695455001655,0.3435530397125043,0.060142834516981,0.0427241183799662,0.363996677910092,0.0440252114462028
349,349.0,0.0397385145945402,0.055454661394497,0.0504482570780357,0.3431860546185995,0.0597052516239809,0.0426469174193708,0.3646003733938353,0.0442199698771403
350,350.0,0.0397459331161506,0.0554829603325323,0.0505720876176538,0.342716925151269,0.0592592550430102,0.0425711123188522,0.3652360737494549,0.0444156526710769
351,351.0,0.0397326444534797,0.0554843405160794,0.0506423849573291,0.3421971168355761,0.0588935910475769,0.0424938863890927,0.3659490368174938,0.044606998983372
352,352.0,0.0397016374545751,0.0554722233287771,0.0506649202833519,0.3417825094354875,0.0585258055045255,0.0424197249611464,0.3666346074961736,0.0447985715359627
353,353.0,0.0396544887487367,0.0554412066124295,0.0506440658564726,0.3415845974419383,0.0581525828599317,0.042346939389252,0.3670903955727305,0.0450857235185085
354,354.0,0.0395958993358476,0.0554027378195314,0.0505885524714335,0.3413509520944044,0.0577877247879972,0.0424932302929069,0.3674101135670821,0.0453707896307966
355,355.0,0.0395249398723936,0.0552782180120648,0.0505001570966338,0.3413374809186459,0.0574307691928526,0.0426392629001404,0.367645048680298,0.0456441233269707
356,356.0,0.0394451014537851,0.055132926278319,0.0503790902707981,0.3415073470493087,0.0570818685796081,0.0427768889921498,0.3676621013836272,0.0460146759924038
357,357.0,0.0393573165786111,0.0549684839577731,0.0503589102028405,0.3415550065969769,0.0567420110982267,0.0429041154088784,0.367749774830215,0.0463643813264779
358,358.0,0.0392670679884608,0.0548694622602418,0.0503158025655842,0.3415692602615007,0.0564199058094391,0.0430287819040167,0.3678290869212729,0.0467006322894836
359,359.0,0.0391751319202217,0.0547585210223466,0.050252016082255,0.3415448879785646,0.0561159648845095,0.0431492411462786,0.3679831977774379,0.0470210391883859
360,360.0,0.0390841143892968,0.0546405102257748,0.0501736667552838,0.3416210131222541,0.055834627003133,0.0432652519364158,0.3680544972995045,0.0473263192683369
361,361.0,0.038993471223231,0.0545226800308874,0.0500797203694135,0.3416938027870365,0.0555775394414842,0.0433765592204484,0.3681433941118366,0.0476128328156622
362,362.0,0.0389276298024414,0.0544157116898595,0.0500578084478267,0.3415039059367747,0.0553778480978036,0.0434871284772797,0.3683098362279784,0.0479201313200357
363,363.0,0.0388606848831169,0.0544579583538872,0.0500214791924913,0.3412971954757372,0.0551936957018742,0.0435847735361304,0.3683797263284585,0.048204486528304
364,364.0,0.0387929340138624,0.0544866131754782,0.0499719751537,0.3411490890940911,0.0550242654469303,0.0436688648977345,0.3684413260988328,0.0484649321193705
365,365.0,0.0387336013764721,0.054512477334402,0.0499194956622145,0.3412135688766718,0.0548776324969639,0.0437641715580451,0.3683130130894602,0.0486660396057701
366,366.0,0.0386746029858534,0.0545226402212035,0.0498561996214683,0.3413881352213179,0.0547445439428054,0.0438479625088483,0.3681290680895157,0.0488368474089872
367,367.0,0.0386153957087263,0.0545178348851369,0.0499037939623151,0.3413718337193775,0.0546232813061477,0.04391694639238,0.3680674269687703,0.0489834870571459
368,368.0,0.0385530359629888,0.0544949060299854,0.0499355485847601,0.3414139758432915,0.0545064014421068,0.0439650496318471,0.3680348394741767,0.0490962430308434
369,369.0,0.0384891783140195,0.0544554839554739,0.0499545375096745,0.3414773184539912,0.0543945236794451,0.0439967438561592,0.3680476067906184,0.049184607440618
370,370.0,0.0384789714628772,0.0545040278855414,0.049982991654478,0.3407630933864595,0.0543784312225292,0.0440342661568536,0.3685882240514481,0.0492699941798128
371,371.0,0.0383989032018303,0.0545516762415065,0.0500044193826284,0.3400105839160197,0.0543751860114881,0.044062459879427,0.3692600656328674,0.0493367057342324
372,372.0,0.0383206298066393,0.0545874274754523,0.0500183720806412,0.3393138226997589,0.0543779075320885,0.0440796315132056,0.3699170866815501,0.049385122210664
373,373.0,0.0382435544665012,0.0546114039819196,0.0500221454699449,0.3386069545485778,0.0543815939799,0.0440831747023354,0.370532925927691,0.0495182469231299
374,374.0,0.038169997639964,0.0546316662275267,0.0500195175872536,0.3379452515438002,0.0545129176711046,0.044080908196255,0.3710115961268787,0.049628145007217
375,375.0,0.0381001649862079,0.0545765712608569,0.0500108670984417,0.3372423780885167,0.0546488608045045,0.0441633476619114,0.3715424950147452,0.0497153150848156
