,Unnamed: 0,Total_iterations,Intertwine_two,Add_vertex,Delete_vertex,Invert_path_vertices,Insert_inside_vertex,Delete_inside_vertex
0,0.0,0.0,0.16666666666666657,0.16666666666666657,0.16666666666666657,0.16666666666666657,0.16666666666666657,0.16666666666666657
1,1.0,1.0,0.16666666666666657,0.16666666666666657,0.16666666666666657,0.16666666666666657,0.16666666666666657,0.16666666666666657
2,2.0,2.0,0.16666666666666657,0.16666666666666657,0.16666666666666657,0.16666666666666657,0.16666666666666657,0.16666666666666657
3,3.0,3.0,0.16666666666666657,0.16666666666666657,0.16666666666666657,0.16666666666666657,0.16666666666666657,0.16666666666666657
4,4.0,4.0,0.16666666666666657,0.16666666666666657,0.16666666666666657,0.16666666666666657,0.16666666666666657,0.16666666666666657
5,5.0,5.0,0.16666666666666657,0.16666666666666657,0.16666666666666657,0.16666666666666657,0.16666666666666657,0.16666666666666657
6,6.0,6.0,0.16666666666666657,0.16666666666666657,0.16666666666666657,0.16666666666666657,0.16666666666666657,0.16666666666666657
7,7.0,7.0,0.16666666666666657,0.16666666666666657,0.16666666666666657,0.16666666666666657,0.16666666666666657,0.16666666666666657
8,8.0,8.0,0.16666666666666657,0.16666666666666657,0.16666666666666657,0.16666666666666657,0.16666666666666657,0.16666666666666657
9,9.0,9.0,0.16666666666666657,0.16666666666666657,0.16666666666666657,0.16666666666666657,0.16666666666666657,0.16666666666666657
10,10.0,10.0,0.16666666666666657,0.16666666666666657,0.16666666666666657,0.16666666666666657,0.16666666666666657,0.16666666666666657
11,11.0,11.0,0.16666666666666657,0.16666666666666657,0.16666666666666657,0.16666666666666657,0.16666666666666657,0.16666666666666657
12,12.0,12.0,0.16666666666666657,0.16666666666666657,0.16666666666666657,0.16666666666666657,0.16666666666666657,0.16666666666666657
13,13.0,13.0,0.16666666666666657,0.16666666666666657,0.16666666666666657,0.16666666666666657,0.16666666666666657,0.16666666666666657
14,14.0,14.0,0.16666666666666657,0.16666666666666657,0.16666666666666657,0.16666666666666657,0.16666666666666657,0.16666666666666657
15,15.0,15.0,0.16666666666666657,0.16666666666666657,0.16666666666666657,0.16666666666666657,0.16666666666666657,0.16666666666666657
16,16.0,16.0,0.16666666666666657,0.16666666666666657,0.16666666666666657,0.16666666666666657,0.16666666666666657,0.16666666666666657
17,17.0,17.0,0.16666666666666657,0.16666666666666657,0.16666666666666657,0.16666666666666657,0.16666666666666657,0.16666666666666657
18,18.0,18.0,0.16666666666666657,0.16666666666666657,0.16666666666666657,0.16666666666666657,0.16666666666666657,0.16666666666666657
19,19.0,19.0,0.16666666666666657,0.16666666666666657,0.16666666666666657,0.16666666666666657,0.16666666666666657,0.16666666666666657
20,20.0,20.0,0.16666666666666657,0.16666666666666657,0.16666666666666657,0.16666666666666657,0.16666666666666657,0.16666666666666657
21,21.0,21.0,0.16666666666666657,0.16666666666666657,0.16666666666666657,0.16666666666666657,0.16666666666666657,0.16666666666666657
22,22.0,22.0,0.16666666666666657,0.16666666666666657,0.16666666666666657,0.16666666666666657,0.16666666666666657,0.16666666666666657
23,23.0,23.0,0.16666666666666657,0.16666666666666657,0.16666666666666657,0.16666666666666657,0.16666666666666657,0.16666666666666657
24,24.0,24.0,0.16666666666666657,0.16666666666666657,0.16666666666666657,0.16666666666666657,0.16666666666666657,0.16666666666666657
25,25.0,25.0,0.16666666666666657,0.16666666666666657,0.16666666666666657,0.16666666666666657,0.16666666666666657,0.16666666666666657
26,26.0,26.0,0.16666666666666657,0.16666666666666657,0.16666666666666657,0.16666666666666657,0.16666666666666657,0.16666666666666657
27,27.0,27.0,0.16666666666666657,0.16666666666666657,0.16666666666666657,0.16666666666666657,0.16666666666666657,0.16666666666666657
28,28.0,28.0,0.16666666666666657,0.16666666666666657,0.16666666666666657,0.16666666666666657,0.16666666666666657,0.16666666666666657
29,29.0,29.0,0.16666666666666657,0.16666666666666657,0.16666666666666657,0.16666666666666657,0.16666666666666657,0.16666666666666657
30,30.0,30.0,0.16666666666666657,0.16666666666666657,0.16666666666666657,0.16666666666666657,0.16666666666666657,0.16666666666666657
31,31.0,31.0,0.16666666666666657,0.16666666666666657,0.16666666666666657,0.16666666666666657,0.16666666666666657,0.16666666666666657
32,32.0,32.0,0.16666666666666657,0.16666666666666657,0.16666666666666657,0.16666666666666657,0.16666666666666657,0.16666666666666657
33,33.0,33.0,0.16666666666666657,0.16666666666666657,0.16666666666666657,0.16666666666666657,0.16666666666666657,0.16666666666666657
34,34.0,34.0,0.16666666666666657,0.16666666666666657,0.16666666666666657,0.16666666666666657,0.16666666666666657,0.16666666666666657
35,35.0,35.0,0.16666666666666657,0.16666666666666657,0.16666666666666657,0.16666666666666657,0.16666666666666657,0.16666666666666657
36,36.0,36.0,0.16666666666666657,0.16666666666666657,0.16666666666666657,0.16666666666666657,0.16666666666666657,0.16666666666666657
37,37.0,37.0,0.16666666666666657,0.16666666666666657,0.16666666666666657,0.16666666666666657,0.16666666666666657,0.16666666666666657
38,38.0,38.0,0.16666666666666657,0.16666666666666657,0.16666666666666657,0.16666666666666657,0.16666666666666657,0.16666666666666657
39,39.0,39.0,0.16666666666666657,0.16666666666666657,0.16666666666666657,0.16666666666666657,0.16666666666666657,0.16666666666666657
40,40.0,40.0,0.16666666666666657,0.16666666666666657,0.16666666666666657,0.16666666666666657,0.16666666666666657,0.16666666666666657
41,41.0,41.0,0.16666666666666657,0.16666666666666657,0.16666666666666657,0.16666666666666657,0.16666666666666657,0.16666666666666657
42,42.0,42.0,0.16666666666666657,0.16666666666666657,0.16666666666666657,0.16666666666666657,0.16666666666666657,0.16666666666666657
43,43.0,43.0,0.16666666666666657,0.16666666666666657,0.16666666666666657,0.16666666666666657,0.16666666666666657,0.16666666666666657
44,44.0,44.0,0.16666666666666657,0.16666666666666657,0.16666666666666657,0.16666666666666657,0.16666666666666657,0.16666666666666657
45,45.0,45.0,0.16666666666666657,0.16666666666666657,0.16666666666666657,0.16666666666666657,0.16666666666666657,0.16666666666666657
46,46.0,46.0,0.16666666666666657,0.16666666666666657,0.16666666666666657,0.16666666666666657,0.16666666666666657,0.16666666666666657
47,47.0,47.0,0.16666666666666657,0.16666666666666657,0.16666666666666657,0.16666666666666657,0.16666666666666657,0.16666666666666657
48,48.0,48.0,0.16666666666666657,0.16666666666666657,0.16666666666666657,0.16666666666666657,0.16666666666666657,0.16666666666666657
49,49.0,49.0,0.16666666666666657,0.16666666666666657,0.16666666666666657,0.16666666666666657,0.16666666666666657,0.16666666666666657
50,50.0,50.0,0.16666666666666657,0.16666666666666657,0.16666666666666657,0.16666666666666657,0.16666666666666657,0.16666666666666657
51,51.0,51.0,0.16666666666666657,0.16666666666666657,0.16666666666666657,0.16666666666666657,0.16666666666666657,0.16666666666666657
52,52.0,52.0,0.16666666666666657,0.16666666666666657,0.16666666666666657,0.16666666666666657,0.16666666666666657,0.16666666666666657
53,53.0,53.0,0.16666666666666657,0.16666666666666657,0.16666666666666657,0.16666666666666657,0.16666666666666657,0.16666666666666657
54,54.0,54.0,0.16666666666666657,0.16666666666666657,0.16666666666666657,0.16666666666666657,0.16666666666666657,0.16666666666666657
55,55.0,55.0,0.16666666666666657,0.16666666666666657,0.16666666666666657,0.16666666666666657,0.16666666666666657,0.16666666666666657
56,56.0,56.0,0.16666666666666657,0.16666666666666657,0.16666666666666657,0.16666666666666657,0.16666666666666657,0.16666666666666657
57,57.0,57.0,0.16666666666666657,0.16666666666666657,0.16666666666666657,0.16666666666666657,0.16666666666666657,0.16666666666666657
58,58.0,58.0,0.16666666666666657,0.16666666666666657,0.16666666666666657,0.16666666666666657,0.16666666666666657,0.16666666666666657
59,59.0,59.0,0.16666666666666657,0.16666666666666657,0.16666666666666657,0.16666666666666657,0.16666666666666657,0.16666666666666657
60,60.0,60.0,0.16666666666666657,0.16666666666666657,0.16666666666666657,0.16666666666666657,0.16666666666666657,0.16666666666666657
61,61.0,61.0,0.16666666666666657,0.16666666666666657,0.16666666666666657,0.16666666666666657,0.16666666666666657,0.16666666666666657
62,62.0,62.0,0.16666666666666657,0.16666666666666657,0.16666666666666657,0.16666666666666657,0.16666666666666657,0.16666666666666657
63,63.0,63.0,0.16666666666666657,0.16666666666666657,0.16666666666666657,0.16666666666666657,0.16666666666666657,0.16666666666666657
64,64.0,64.0,0.16666666666666657,0.16666666666666657,0.16666666666666657,0.16666666666666657,0.16666666666666657,0.16666666666666657
65,65.0,65.0,0.16666666666666657,0.16666666666666657,0.16666666666666657,0.16666666666666657,0.16666666666666657,0.16666666666666657
66,66.0,66.0,0.16666666666666657,0.16666666666666657,0.16666666666666657,0.16666666666666657,0.16666666666666657,0.16666666666666657
67,67.0,67.0,0.16666666666666657,0.16666666666666657,0.16666666666666657,0.16666666666666657,0.16666666666666657,0.16666666666666657
68,68.0,68.0,0.16666666666666657,0.16666666666666657,0.16666666666666657,0.16666666666666657,0.16666666666666657,0.16666666666666657
69,69.0,69.0,0.16666666666666657,0.16666666666666657,0.16666666666666657,0.16666666666666657,0.16666666666666657,0.16666666666666657
70,70.0,70.0,0.16666666666666657,0.16666666666666657,0.16666666666666657,0.16666666666666657,0.16666666666666657,0.16666666666666657
71,71.0,71.0,0.16666666666666657,0.16666666666666657,0.16666666666666657,0.16666666666666657,0.16666666666666657,0.16666666666666657
72,72.0,72.0,0.16666666666666657,0.16666666666666657,0.16666666666666657,0.16666666666666657,0.16666666666666657,0.16666666666666657
73,73.0,73.0,0.16666666666666657,0.16666666666666657,0.16666666666666657,0.16666666666666657,0.16666666666666657,0.16666666666666657
74,74.0,74.0,0.16666666666666657,0.16666666666666657,0.16666666666666657,0.16666666666666657,0.16666666666666657,0.16666666666666657
75,75.0,75.0,0.16666666666666657,0.16666666666666657,0.16666666666666657,0.16666666666666657,0.16666666666666657,0.16666666666666657
76,76.0,76.0,0.16666666666666657,0.16666666666666657,0.16666666666666657,0.16666666666666657,0.16666666666666657,0.16666666666666657
77,77.0,77.0,0.16666666666666657,0.16666666666666657,0.16666666666666657,0.16666666666666657,0.16666666666666657,0.16666666666666657
78,78.0,78.0,0.16666666666666657,0.16666666666666657,0.16666666666666657,0.16666666666666657,0.16666666666666657,0.16666666666666657
79,79.0,79.0,0.16666666666666657,0.16666666666666657,0.16666666666666657,0.16666666666666657,0.16666666666666657,0.16666666666666657
80,80.0,80.0,0.16666666666666657,0.16666666666666657,0.16666666666666657,0.16666666666666657,0.16666666666666657,0.16666666666666657
81,81.0,81.0,0.16666666666666657,0.16666666666666657,0.16666666666666657,0.16666666666666657,0.16666666666666657,0.16666666666666657
82,82.0,82.0,0.16666666666666657,0.16666666666666657,0.16666666666666657,0.16666666666666657,0.16666666666666657,0.16666666666666657
83,83.0,83.0,0.16666666666666657,0.16666666666666657,0.16666666666666657,0.16666666666666657,0.16666666666666657,0.16666666666666657
84,84.0,84.0,0.16666666666666657,0.16666666666666657,0.16666666666666657,0.16666666666666657,0.16666666666666657,0.16666666666666657
85,85.0,85.0,0.16666666666666657,0.16666666666666657,0.16666666666666657,0.16666666666666657,0.16666666666666657,0.16666666666666657
86,86.0,86.0,0.16666666666666657,0.16666666666666657,0.16666666666666657,0.16666666666666657,0.16666666666666657,0.16666666666666657
87,87.0,87.0,0.16666666666666657,0.16666666666666657,0.16666666666666657,0.16666666666666657,0.16666666666666657,0.16666666666666657
88,88.0,88.0,0.16666666666666657,0.16666666666666657,0.16666666666666657,0.16666666666666657,0.16666666666666657,0.16666666666666657
89,89.0,89.0,0.16666666666666657,0.16666666666666657,0.16666666666666657,0.16666666666666657,0.16666666666666657,0.16666666666666657
90,90.0,90.0,0.16666666666666657,0.16666666666666657,0.16666666666666657,0.16666666666666657,0.16666666666666657,0.16666666666666657
91,91.0,91.0,0.16666666666666657,0.16666666666666657,0.16666666666666657,0.16666666666666657,0.16666666666666657,0.16666666666666657
92,92.0,92.1,0.16666666666666657,0.16666666666666657,0.16666666666666657,0.16666666666666657,0.16666666666666657,0.16666666666666657
93,93.0,93.1,0.16666666666666657,0.16666666666666657,0.16666666666666657,0.16666666666666657,0.16666666666666657,0.16666666666666657
94,94.0,94.1,0.16666666666666657,0.16666666666666657,0.16666666666666657,0.16666666666666657,0.16666666666666657,0.16666666666666657
95,95.0,95.1,0.16666666666666657,0.16666666666666657,0.16666666666666657,0.16666666666666657,0.16666666666666657,0.16666666666666657
96,96.0,96.1,0.16666666666666657,0.16666666666666657,0.16666666666666657,0.16666666666666657,0.16666666666666657,0.16666666666666657
97,97.0,97.2,0.16666666666666657,0.16666666666666657,0.16666666666666657,0.16666666666666657,0.16666666666666657,0.16666666666666657
98,98.0,98.2,0.16666666666666657,0.16666666666666657,0.16666666666666657,0.16666666666666657,0.16666666666666657,0.16666666666666657
99,99.0,99.2,0.16666666666666657,0.16666666666666657,0.16666666666666657,0.16666666666666657,0.16666666666666657,0.16666666666666657
100,100.0,100.2,0.16666666666666657,0.16666666666666657,0.16666666666666657,0.16666666666666657,0.16666666666666657,0.16666666666666657
101,101.0,101.2,0.16666666666666657,0.16666666666666657,0.16666666666666657,0.16666666666666657,0.16666666666666657,0.16666666666666657
102,102.0,102.2,0.16666666666666657,0.16666666666666657,0.16666666666666657,0.16666666666666657,0.16666666666666657,0.16666666666666657
103,103.0,103.2,0.16666666666666657,0.16666666666666657,0.16666666666666657,0.16666666666666657,0.16666666666666657,0.16666666666666657
104,104.0,104.2,0.16666666666666657,0.16666666666666657,0.16666666666666657,0.16666666666666657,0.16666666666666657,0.16666666666666657
105,105.0,105.2,0.16666666666666657,0.16666666666666657,0.16666666666666657,0.16666666666666657,0.16666666666666657,0.16666666666666657
106,106.0,106.2,0.16666666666666657,0.16666666666666657,0.16666666666666657,0.16666666666666657,0.16666666666666657,0.16666666666666657
107,107.0,107.2,0.16666666666666657,0.16666666666666657,0.16666666666666657,0.16666666666666657,0.16666666666666657,0.16666666666666657
108,108.0,108.2,0.16666666666666657,0.16666666666666657,0.16666666666666657,0.16666666666666657,0.16666666666666657,0.16666666666666657
109,109.0,109.2,0.16666666666666657,0.16666666666666657,0.16666666666666657,0.16666666666666657,0.16666666666666657,0.16666666666666657
110,110.0,110.2,0.16666666666666657,0.16666666666666657,0.16666666666666657,0.16666666666666657,0.16666666666666657,0.16666666666666657
111,111.0,111.2,0.16666666666666657,0.16666666666666657,0.16666666666666657,0.16666666666666657,0.16666666666666657,0.16666666666666657
112,112.0,112.2,0.16666666666666657,0.16666666666666657,0.16666666666666657,0.16666666666666657,0.16666666666666657,0.16666666666666657
113,113.0,113.2,0.16666666666666657,0.16666666666666657,0.16666666666666657,0.16666666666666657,0.16666666666666657,0.16666666666666657
114,114.0,114.2,0.16666666666666657,0.16666666666666657,0.16666666666666657,0.16666666666666657,0.16666666666666657,0.16666666666666657
115,115.0,115.2,0.16666666666666657,0.16666666666666657,0.16666666666666657,0.16666666666666657,0.16666666666666657,0.16666666666666657
116,116.0,116.2,0.16666666666666657,0.16666666666666657,0.16666666666666657,0.16666666666666657,0.16666666666666657,0.16666666666666657
117,117.0,117.2,0.16666666666666657,0.16666666666666657,0.16666666666666657,0.16666666666666657,0.16666666666666657,0.16666666666666657
118,118.0,118.2,0.16666666666666657,0.16666666666666657,0.16666666666666657,0.16666666666666657,0.16666666666666657,0.16666666666666657
119,119.0,119.2,0.16666666666666657,0.16666666666666657,0.16666666666666657,0.16666666666666657,0.16666666666666657,0.16666666666666657
120,120.0,120.2,0.16666666666666657,0.16666666666666657,0.16666666666666657,0.16666666666666657,0.16666666666666657,0.16666666666666657
121,121.0,121.2,0.16666666666666657,0.16666666666666657,0.16666666666666657,0.16666666666666657,0.16666666666666657,0.16666666666666657
122,122.0,122.2,0.16666666666666657,0.16666666666666657,0.16666666666666657,0.16666666666666657,0.16666666666666657,0.16666666666666657
123,123.0,123.2,0.16666666666666657,0.16666666666666657,0.16666666666666657,0.16666666666666657,0.16666666666666657,0.16666666666666657
124,124.0,124.2,0.16666666666666657,0.16666666666666657,0.16666666666666657,0.16666666666666657,0.16666666666666657,0.16666666666666657
125,125.0,125.2,0.16666666666666657,0.16666666666666657,0.16666666666666657,0.16666666666666657,0.16666666666666657,0.16666666666666657
126,126.0,126.2,0.16666666666666657,0.16666666666666657,0.16666666666666657,0.16666666666666657,0.16666666666666657,0.16666666666666657
127,127.0,127.2,0.16666666666666657,0.16666666666666657,0.16666666666666657,0.16666666666666657,0.16666666666666657,0.16666666666666657
128,128.0,128.2,0.16666666666666657,0.16666666666666657,0.16666666666666657,0.16666666666666657,0.16666666666666657,0.16666666666666657
129,129.0,129.2,0.16666666666666657,0.16666666666666657,0.16666666666666657,0.16666666666666657,0.16666666666666657,0.16666666666666657
130,130.0,130.2,0.16666666666666657,0.16666666666666657,0.16666666666666657,0.16666666666666657,0.16666666666666657,0.16666666666666657
131,131.0,131.2,0.16666666666666657,0.16666666666666657,0.16666666666666657,0.16666666666666657,0.16666666666666657,0.16666666666666657
132,132.0,132.2,0.16666666666666657,0.16666666666666657,0.16666666666666657,0.16666666666666657,0.16666666666666657,0.16666666666666657
133,133.0,133.2,0.16666666666666657,0.16666666666666657,0.16666666666666657,0.16666666666666657,0.16666666666666657,0.16666666666666657
134,134.0,134.2,0.16666666666666657,0.16666666666666657,0.16666666666666657,0.16666666666666657,0.16666666666666657,0.16666666666666657
135,135.0,135.2,0.16666666666666657,0.16666666666666657,0.16666666666666657,0.16666666666666657,0.16666666666666657,0.16666666666666657
136,136.0,136.2,0.16666666666666657,0.16666666666666657,0.16666666666666657,0.16666666666666657,0.16666666666666657,0.16666666666666657
137,137.0,137.2,0.16666666666666657,0.16666666666666657,0.16666666666666657,0.16666666666666657,0.16666666666666657,0.16666666666666657
138,138.0,138.2,0.16666666666666657,0.16666666666666657,0.16666666666666657,0.16666666666666657,0.16666666666666657,0.16666666666666657
139,139.0,139.2,0.16666666666666657,0.16666666666666657,0.16666666666666657,0.16666666666666657,0.16666666666666657,0.16666666666666657
140,140.0,140.2,0.16666666666666657,0.16666666666666657,0.16666666666666657,0.16666666666666657,0.16666666666666657,0.16666666666666657
141,141.0,141.2,0.16666666666666657,0.16666666666666657,0.16666666666666657,0.16666666666666657,0.16666666666666657,0.16666666666666657
142,142.0,142.2,0.16666666666666657,0.16666666666666657,0.16666666666666657,0.16666666666666657,0.16666666666666657,0.16666666666666657
143,143.0,143.2,0.16666666666666657,0.16666666666666657,0.16666666666666657,0.16666666666666657,0.16666666666666657,0.16666666666666657
144,144.0,144.2,0.16666666666666657,0.16666666666666657,0.16666666666666657,0.16666666666666657,0.16666666666666657,0.16666666666666657
145,145.0,145.2,0.16666666666666657,0.16666666666666657,0.16666666666666657,0.16666666666666657,0.16666666666666657,0.16666666666666657
146,146.0,146.2,0.16666666666666657,0.16666666666666657,0.16666666666666657,0.16666666666666657,0.16666666666666657,0.16666666666666657
147,147.0,147.2,0.16666666666666657,0.16666666666666657,0.16666666666666657,0.16666666666666657,0.16666666666666657,0.16666666666666657
148,148.0,148.2,0.16666666666666657,0.16666666666666657,0.16666666666666657,0.16666666666666657,0.16666666666666657,0.16666666666666657
149,149.0,149.2,0.16666666666666657,0.16666666666666657,0.16666666666666657,0.16666666666666657,0.16666666666666657,0.16666666666666657
150,150.0,150.2,0.16666666666666657,0.16666666666666657,0.16666666666666657,0.16666666666666657,0.16666666666666657,0.16666666666666657
151,151.0,151.2,0.16666666666666657,0.16666666666666657,0.16666666666666657,0.16666666666666657,0.16666666666666657,0.16666666666666657
152,152.0,152.2,0.16666666666666657,0.16666666666666657,0.16666666666666657,0.16666666666666657,0.16666666666666657,0.16666666666666657
153,153.0,153.2,0.16666666666666657,0.16666666666666657,0.16666666666666657,0.16666666666666657,0.16666666666666657,0.16666666666666657
154,154.0,154.2,0.16666666666666657,0.16666666666666657,0.16666666666666657,0.16666666666666657,0.16666666666666657,0.16666666666666657
155,155.0,155.2,0.16666666666666657,0.16666666666666657,0.16666666666666657,0.16666666666666657,0.16666666666666657,0.16666666666666657
156,156.0,156.2,0.16666666666666657,0.16666666666666657,0.16666666666666657,0.16666666666666657,0.16666666666666657,0.16666666666666657
157,157.0,157.2,0.16666666666666657,0.16666666666666657,0.16666666666666657,0.16666666666666657,0.16666666666666657,0.16666666666666657
158,158.0,158.2,0.16666666666666657,0.16666666666666657,0.16666666666666657,0.16666666666666657,0.16666666666666657,0.16666666666666657
159,159.0,159.2,0.16666666666666657,0.16666666666666657,0.16666666666666657,0.16666666666666657,0.16666666666666657,0.16666666666666657
160,160.0,160.2,0.16666666666666657,0.16666666666666657,0.16666666666666657,0.16666666666666657,0.16666666666666657,0.16666666666666657
161,161.0,161.2,0.16666666666666657,0.16666666666666657,0.16666666666666657,0.16666666666666657,0.16666666666666657,0.16666666666666657
162,162.0,162.2,0.16666666666666657,0.16666666666666657,0.16666666666666657,0.16666666666666657,0.16666666666666657,0.16666666666666657
163,163.0,163.2,0.16666666666666657,0.16666666666666657,0.16666666666666657,0.16666666666666657,0.16666666666666657,0.16666666666666657
164,164.0,164.2,0.16666666666666657,0.16666666666666657,0.16666666666666657,0.16666666666666657,0.16666666666666657,0.16666666666666657
165,165.0,165.2,0.16666666666666657,0.16666666666666657,0.16666666666666657,0.16666666666666657,0.16666666666666657,0.16666666666666657
166,166.0,166.2,0.16666666666666657,0.16666666666666657,0.16666666666666657,0.16666666666666657,0.16666666666666657,0.16666666666666657
167,167.0,167.2,0.16666666666666657,0.16666666666666657,0.16666666666666657,0.16666666666666657,0.16666666666666657,0.16666666666666657
168,168.0,168.2,0.16666666666666657,0.16666666666666657,0.16666666666666657,0.16666666666666657,0.16666666666666657,0.16666666666666657
169,169.0,169.2,0.16666666666666657,0.16666666666666657,0.16666666666666657,0.16666666666666657,0.16666666666666657,0.16666666666666657
170,170.0,170.2,0.16666666666666657,0.16666666666666657,0.16666666666666657,0.16666666666666657,0.16666666666666657,0.16666666666666657
171,171.0,171.2,0.16666666666666657,0.16666666666666657,0.16666666666666657,0.16666666666666657,0.16666666666666657,0.16666666666666657
172,172.0,172.2,0.16666666666666657,0.16666666666666657,0.16666666666666657,0.16666666666666657,0.16666666666666657,0.16666666666666657
173,173.0,173.2,0.16666666666666657,0.16666666666666657,0.16666666666666657,0.16666666666666657,0.16666666666666657,0.16666666666666657
174,174.0,174.2,0.16666666666666657,0.16666666666666657,0.16666666666666657,0.16666666666666657,0.16666666666666657,0.16666666666666657
175,175.0,175.2,0.16666666666666657,0.16666666666666657,0.16666666666666657,0.16666666666666657,0.16666666666666657,0.16666666666666657
176,176.0,176.2,0.16666666666666657,0.16666666666666657,0.16666666666666657,0.16666666666666657,0.16666666666666657,0.16666666666666657
177,177.0,177.2,0.16666666666666657,0.16666666666666657,0.16666666666666657,0.16666666666666657,0.16666666666666657,0.16666666666666657
178,178.0,178.2,0.16666666666666657,0.16666666666666657,0.16666666666666657,0.16666666666666657,0.16666666666666657,0.16666666666666657
179,179.0,179.2,0.16666666666666657,0.16666666666666657,0.16666666666666657,0.16666666666666657,0.16666666666666657,0.16666666666666657
180,180.0,180.2,0.16666666666666657,0.16666666666666657,0.16666666666666657,0.16666666666666657,0.16666666666666657,0.16666666666666657
181,181.0,181.2,0.16666666666666657,0.16666666666666657,0.16666666666666657,0.16666666666666657,0.16666666666666657,0.16666666666666657
182,182.0,182.2,0.16666666666666657,0.16666666666666657,0.16666666666666657,0.16666666666666657,0.16666666666666657,0.16666666666666657
183,183.0,183.2,0.16666666666666657,0.16666666666666657,0.16666666666666657,0.16666666666666657,0.16666666666666657,0.16666666666666657
184,184.0,184.2,0.16666666666666657,0.16666666666666657,0.16666666666666657,0.16666666666666657,0.16666666666666657,0.16666666666666657
185,185.0,185.2,0.16666666666666657,0.16666666666666657,0.16666666666666657,0.16666666666666657,0.16666666666666657,0.16666666666666657
186,186.0,186.2,0.16666666666666657,0.16666666666666657,0.16666666666666657,0.16666666666666657,0.16666666666666657,0.16666666666666657
187,187.0,187.2,0.16666666666666657,0.16666666666666657,0.16666666666666657,0.16666666666666657,0.16666666666666657,0.16666666666666657
188,188.0,188.2,0.16666666666666657,0.16666666666666657,0.16666666666666657,0.16666666666666657,0.16666666666666657,0.16666666666666657
189,189.0,189.2,0.16666666666666657,0.16666666666666657,0.16666666666666657,0.16666666666666657,0.16666666666666657,0.16666666666666657
190,190.0,190.2,0.16666666666666657,0.16666666666666657,0.16666666666666657,0.16666666666666657,0.16666666666666657,0.16666666666666657
191,191.0,191.2,0.16666666666666657,0.16666666666666657,0.16666666666666657,0.16666666666666657,0.16666666666666657,0.16666666666666657
192,192.0,192.2,0.16666666666666657,0.16666666666666657,0.16666666666666657,0.16666666666666657,0.16666666666666657,0.16666666666666657
193,193.0,193.2,0.16666666666666657,0.16666666666666657,0.16666666666666657,0.16666666666666657,0.16666666666666657,0.16666666666666657
194,194.0,194.2,0.16666666666666657,0.16666666666666657,0.16666666666666657,0.16666666666666657,0.16666666666666657,0.16666666666666657
195,195.0,195.2,0.16666666666666657,0.16666666666666657,0.16666666666666657,0.16666666666666657,0.16666666666666657,0.16666666666666657
196,196.0,196.2,0.16666666666666657,0.16666666666666657,0.16666666666666657,0.16666666666666657,0.16666666666666657,0.16666666666666657
197,197.0,197.2,0.16666666666666657,0.16666666666666657,0.16666666666666657,0.16666666666666657,0.16666666666666657,0.16666666666666657
198,198.0,198.2,0.16666666666666657,0.16666666666666657,0.16666666666666657,0.16666666666666657,0.16666666666666657,0.16666666666666657
199,199.0,199.2,0.15491486642009986,0.17240080834885438,0.1727142437255023,0.16848973687199123,0.1544718457891083,0.17700849884444342
200,200.0,200.2,0.1032347979324072,0.16600965494186196,0.24285395685471398,0.14936535774836812,0.10911696559299355,0.22941926692965514
201,201.0,201.2,0.10205477859289032,0.16622262791508433,0.24297188630930627,0.14946662276978162,0.10966991227123919,0.22961417214169813
202,202.0,202.2,0.10221062482043879,0.1682148801297104,0.245016470161533,0.14762409189546072,0.10794609351397806,0.228987839478879
203,203.0,203.2,0.10280021961864798,0.16757837473499254,0.24377421740553404,0.14833638228792942,0.10853744539223557,0.22897336056066017
204,204.0,204.2,0.10074858263717149,0.16885747628160291,0.24503381151527454,0.14718525828804935,0.10966644744070642,0.2285084238371952
205,205.0,205.2,0.10086047340887364,0.16749771106715813,0.24842861744970982,0.1473241292559822,0.10867094591300683,0.22721812290526922
206,206.0,206.2,0.09930137021462876,0.16765123313460778,0.2484203520332305,0.1473735205224877,0.10894202295794579,0.2283115011370993
207,207.0,207.2,0.09971192413430328,0.1667740673138905,0.24917509839009727,0.1469572645228732,0.10867336403128616,0.22870828160754947
208,208.0,208.2,0.09993918082436196,0.16566187593814952,0.2472219126477942,0.14622703255748698,0.11154586132767755,0.22940413670452958
209,209.0,209.2,0.09746053635635715,0.16636724898203004,0.24535821616363362,0.1467222631588064,0.11344434327519773,0.23064739206397494
210,210.0,210.2,0.09762959100199911,0.16538875365666378,0.24472117922275638,0.14697845627987896,0.11353483112561631,0.2317471887130854
211,211.0,211.2,0.09855943150656143,0.1642726272464232,0.2448601627126477,0.14881853582504914,0.11078781999032072,0.23270142271899763
212,212.0,212.2,0.09952453323681938,0.1650991300145021,0.24570475944248588,0.14963445466974315,0.11075108329180365,0.2292860393446457
213,213.0,213.2,0.10004229854089541,0.16513722763979505,0.24713166708808357,0.14726410563307904,0.11091463638337343,0.22951006471477325
214,214.0,214.2,0.09983694768433363,0.16589554472322013,0.24767399116424005,0.1472905011408951,0.10941211811223148,0.22989089717507943
215,215.0,215.2,0.0982759442507821,0.1671882076361249,0.24951337765935028,0.14808979849259235,0.10618105353237395,0.23075161842877626
216,216.0,216.2,0.0990891350857137,0.16673222872156934,0.2486337265926987,0.1475738976167916,0.10574956658763901,0.23222144539558745
217,217.0,217.2,0.09895321840653001,0.16621011784178583,0.25010757707536724,0.14730421567356333,0.10605649381559908,0.23136837718715433
218,218.0,218.2,0.09944577106624362,0.16623262030762892,0.24680522797498528,0.14727684362779297,0.10688717463550383,0.23335236238784515
219,219.0,219.2,0.10002065427172686,0.16631838343725686,0.24526175685197038,0.145989498045557,0.10761197292314302,0.23479773447034566
220,220.0,220.2,0.0987654478250303,0.16556820674174558,0.24453211036881614,0.14630582390259145,0.10851612745485514,0.23631228370696125
221,221.0,221.2,0.09876442252939624,0.164362718315955,0.24420049562689466,0.1462278384979103,0.10869752409938711,0.2377470009304566
222,222.0,222.2,0.10052118157857222,0.16497151878264196,0.24399913066505002,0.1470430505951729,0.1063417003040065,0.23712341807455634
223,223.0,223.2,0.10290255411528146,0.16446914514744027,0.24323063954221746,0.14685422050627667,0.1049960341009842,0.23754740658779988
224,224.0,224.2,0.10319495578328305,0.1653637370104368,0.2438037302963698,0.14720907163986632,0.10310447906780618,0.23732402620223766
225,225.0,225.2,0.09894890344703947,0.16638311124833885,0.24546683223244098,0.14631775619049672,0.10366919995633025,0.23921419692535367
226,226.0,226.2,0.0996905500654005,0.16613104241223137,0.24609306383718313,0.14678729076011532,0.10320301812647396,0.23809503479859556
227,227.0,227.2,0.10012200040545205,0.16567037803921078,0.2460152330863953,0.14712760067826053,0.10392780127778505,0.23713698651289605
228,228.0,228.2,0.10050424245314435,0.16405160319236495,0.24679427619495226,0.14629601300610137,0.1053355173288498,0.23701834782458708
229,229.0,229.2,0.10173074006599878,0.1635768848741424,0.24678265753202705,0.14681193453308855,0.10431330441580804,0.23678447857893517
230,230.0,230.2,0.10239463691357234,0.16088887611028269,0.24747249472220098,0.14542418541048333,0.10645895128239029,0.23736085556107028
231,231.0,231.2,0.1009690909486978,0.15913219143142907,0.25045308319842835,0.14555806883769457,0.10683359328477386,0.23705397229897623
232,232.0,232.2,0.10126144907023837,0.1603596370638557,0.25131794328835155,0.14338026659319847,0.1079655542128537,0.23571514977150204
233,233.0,233.2,0.10104483627180846,0.15921424739235374,0.25211012116839326,0.14492889603552486,0.10737930712826196,0.2353225920036576
234,234.0,234.2,0.10059000055309189,0.1586942283970702,0.25175663374230295,0.1431943883662395,0.11092292358856118,0.23484182535273415
235,235.0,235.2,0.10195467237621973,0.15606167691063752,0.25216225444146273,0.14351157078193857,0.11002719516100697,0.23628263032873426
236,236.0,236.2,0.1002188514214257,0.15627913241618602,0.25254274118438946,0.14396005839382187,0.10862723127825016,0.23837198530592668
237,237.0,237.2,0.10017479447970346,0.15589059525281487,0.251890709052295,0.14443102886115808,0.1088325927246617,0.23878027962936677
238,238.0,238.2,0.09992642409097782,0.15572042151845022,0.2525214649809897,0.1441639002237966,0.10858448841528359,0.23908330077050186
239,239.0,239.2,0.09962319364273305,0.15538438860682285,0.2533067427100475,0.14381209984455073,0.10793207663704407,0.23994149855880167
240,240.0,240.2,0.10037678518422077,0.15597724997360102,0.25329550924550426,0.14444825721350008,0.10550896552212172,0.24039323286105202
241,241.0,241.2,0.10042569366124574,0.15396333136246657,0.25371261184738064,0.1444214997233926,0.10574292634844548,0.2417339370570689
242,242.0,242.2,0.09943229555527906,0.15230975702136018,0.25322382296497,0.1458090207418685,0.10612200742800373,0.24310309628851834
243,243.0,243.2,0.09615030431512518,0.15336629478088554,0.2573216041377019,0.1471584839926433,0.10602299341870214,0.23998031935494177
244,244.0,244.2,0.09548802417483752,0.1504665133037439,0.25786605449381106,0.14775690042189846,0.10680542357510303,0.2416170840306057
245,245.0,245.2,0.0944106202517103,0.1498386326428688,0.25909206911608684,0.14730332655516992,0.10758734248533934,0.24176800894882455
246,246.0,246.2,0.0950034766702611,0.15098933303174059,0.2566334222269318,0.14589723392318601,0.10831783255725773,0.24315870159062264
247,247.0,247.2,0.09588407207986523,0.14992575858801466,0.2579249663587887,0.14564746000572523,0.10753258132700176,0.2430851616406041
248,248.0,248.2,0.09200937926430741,0.14969962652619667,0.2609341093866209,0.14567491904307092,0.10751761312511428,0.2441643526546895
249,249.0,249.2,0.09243480442190626,0.1505864654684331,0.26008475553191357,0.1460259359303419,0.10679426358137971,0.2440737750660253
250,250.0,250.2,0.0924623695928805,0.15209904274209105,0.25471752637449285,0.14697777374158322,0.10877944147159839,0.24496384607735378
251,251.0,251.2,0.09217740005383612,0.15130136133804656,0.2551789039064426,0.1476506269727792,0.10877174478117631,0.2449199629477191
252,252.0,252.2,0.09371151026326194,0.15152513186719788,0.2574637777836968,0.1441229680612291,0.10871613632096508,0.24446047570364904
253,253.0,253.2,0.09410719850970767,0.1525847916328317,0.25674073348670257,0.14369387712346832,0.10858955270171311,0.24428384654557647
254,254.0,254.2,0.09267646973980546,0.15299079348332903,0.2556939403047417,0.14508561070892773,0.10810888612206788,0.24544429964112807
255,255.0,255.2,0.0935558181397097,0.15440768990735027,0.2536553521254138,0.14633534849157112,0.10605653059264139,0.24598926074331354
256,256.0,256.2,0.09319235535044276,0.15459098999429996,0.2547952066548804,0.1463901893980148,0.10631421078069588,0.2447170478216661
257,257.0,257.2,0.09434539727134963,0.15326530785750853,0.25477806760773625,0.14482438550351545,0.10731457779910877,0.24547226396078115
258,258.0,258.2,0.09190900366607688,0.1533702087043619,0.25556925644807466,0.14518187987555858,0.11003598930866934,0.24393366199725847
259,259.0,259.2,0.09439204890416703,0.15403620833402726,0.25422121231193917,0.14469619808177311,0.10969478888949621,0.24295954347859702
260,260.0,260.2,0.09481690989268578,0.1546262328392336,0.2559827935669651,0.13964065994971803,0.11001343059861209,0.2449199731527852
261,261.0,261.2,0.09457037638773895,0.1546397394788019,0.2537648290937001,0.13996840462605922,0.11158253826895863,0.24547411214474107
262,262.0,262.2,0.09661987858325927,0.15277693713202717,0.2545850996825294,0.13942398797058225,0.1121411589945005,0.24445293763710124
263,263.0,263.2,0.09713157140083056,0.1536549338622028,0.2518903538938835,0.1397262412608403,0.11216694719779252,0.24542995238445026
264,264.0,264.2,0.09772113984056446,0.1532096620883743,0.25384242674773,0.14060556050292866,0.11163532354764902,0.24298588727275333
265,265.0,265.2,0.09833145442331097,0.1530684642336076,0.25218154683230876,0.14131890512575643,0.11251791155487509,0.24258171783014099
266,266.0,266.2,0.09791675644432209,0.15464588306576874,0.2535183733420149,0.14112257671174297,0.10992571648251888,0.24287069395363234
267,267.0,267.2,0.0980313273271988,0.1570417141108349,0.2531775411631173,0.14219335931121715,0.11124333151847021,0.23831272656916141
268,268.0,268.2,0.09954066162558116,0.1564741950743,0.2527353302379985,0.14310889337915506,0.11147688313333146,0.23666403654963367
269,269.0,269.2,0.10063749992815274,0.15676843604673568,0.2510544559676843,0.14450782937364676,0.1118481539193072,0.23518362476447313
270,270.0,270.2,0.09993543657079174,0.1579549856796629,0.2535468593565477,0.1457750866253487,0.10714950640035004,0.23563812536729872
271,271.0,271.2,0.10081740565257927,0.16067220528241427,0.251530825701079,0.1455835614997401,0.10432568769171843,0.23707031417246877
272,272.0,272.2,0.10125446550464505,0.16099677023515344,0.25096455923284455,0.1456014808337208,0.104882013144343,0.236300711049293
273,273.0,273.2,0.10157840000955212,0.16070130907469765,0.2501389296953537,0.1449779865420132,0.10475394276137515,0.237849431917008
274,274.0,274.2,0.10175223740239799,0.15718913934563375,0.2511234157218377,0.14603017649599875,0.10888178196615472,0.23502324906797695
275,275.0,275.2,0.10207842978455377,0.1550524141487166,0.25440353037265734,0.1426367091801407,0.10940187302556523,0.23642704348836618
276,276.0,276.2,0.10396678501847403,0.15821992339502752,0.25387738459505665,0.13891774635128512,0.11064609694225505,0.2343720636979015
277,277.0,277.2,0.10315858327828561,0.16359964688073775,0.2567957963695939,0.1333792090007179,0.11314350874606664,0.22992325572459796
278,278.0,278.2,0.09500879881077118,0.1672252437167788,0.2582528198786104,0.13310790580092813,0.11557464371322637,0.23083058807968496
279,279.0,279.2,0.09534707031535214,0.16550453649317645,0.25795508632981806,0.1333462385302308,0.11586145224166136,0.23198561608976095
280,280.0,280.2,0.09517851141718614,0.1632128741375251,0.2585947689660969,0.13307900309115914,0.1163491452095287,0.2335856971785038
281,281.0,281.2,0.09538627411262957,0.16135850225928575,0.2602695663353905,0.12879987792652395,0.1204981991800752,0.23368758018609492
282,282.0,282.2,0.0956155203979751,0.15946866320657993,0.26083237112342594,0.12790936197776334,0.12068641682874567,0.2354876664655098
283,283.0,283.2,0.09624434556338836,0.15962982418584123,0.2612081554052401,0.12960461907345194,0.12130968856995852,0.23200336720211964
284,284.0,284.2,0.0963132433363088,0.16067236374266053,0.2620779009051758,0.12849417254071466,0.11998144887689118,0.23246087059824888
285,285.0,285.2,0.09169143624341074,0.1609767334649998,0.2635929416029875,0.12918130112678625,0.12125295680650452,0.23330463075531105
286,286.0,286.2,0.08723463992202389,0.16492838238669277,0.2666624034389728,0.13079639271995708,0.11495878725776751,0.23541939427458577
287,287.0,287.2,0.0876682256944115,0.16088501025200455,0.2676479314801356,0.13195127425702416,0.11441967984418171,0.23742787847224228
288,288.0,288.2,0.09035309491173926,0.1586543228387341,0.2651223471823911,0.1312227664815504,0.11778284770750866,0.2368646208780763
289,289.0,289.2,0.09075436734967914,0.1602514268637466,0.25981932549787945,0.13147371777620012,0.11900484666762678,0.23869631584486778
290,290.0,290.2,0.09064424344312602,0.16485811283544266,0.25040195406100546,0.13358871450996482,0.12051032430159073,0.23999665084887015
291,291.0,291.2,0.08489818654226403,0.16539276230628558,0.24962398795014423,0.1335128418602368,0.12522982155436718,0.24134239978670205
292,292.0,292.2,0.08553816580755007,0.16893806532228572,0.2514059156904617,0.1336128264577681,0.11750036387238376,0.2430046628495505
293,293.0,293.2,0.08623050274642009,0.1685020249988245,0.2504946359079796,0.1326886419866641,0.11750926879613766,0.2445749255639739
294,294.0,294.2,0.08869476135385883,0.162185690090094,0.25033664774820236,0.13496334020564676,0.11813783286639161,0.24568172773580618
295,295.0,295.2,0.08841149149385999,0.15227283244026518,0.2532694846063469,0.13774524997748674,0.12061040680929594,0.24769053467274507
