Total_iterations,Unnamed: 0.1,Intertwine_two,Add_vertex,Delete_vertex,Invert_path_vertices,Insert_inside_vertex,Delete_inside_vertex
0,0.0,0.1666666666666665,0.1666666666666665,0.1666666666666665,0.1666666666666665,0.1666666666666665,0.1666666666666665
1,1.0,0.1666666666666665,0.1666666666666665,0.1666666666666665,0.1666666666666665,0.1666666666666665,0.1666666666666665
2,2.0,0.1666666666666665,0.1666666666666665,0.1666666666666665,0.1666666666666665,0.1666666666666665,0.1666666666666665
3,3.0,0.1666666666666665,0.1666666666666665,0.1666666666666665,0.1666666666666665,0.1666666666666665,0.1666666666666665
4,4.0,0.1666666666666665,0.1666666666666665,0.1666666666666665,0.1666666666666665,0.1666666666666665,0.1666666666666665
5,5.0,0.1666666666666665,0.1666666666666665,0.1666666666666665,0.1666666666666665,0.1666666666666665,0.1666666666666665
6,6.0,0.1666666666666665,0.1666666666666665,0.1666666666666665,0.1666666666666665,0.1666666666666665,0.1666666666666665
7,7.0,0.1666666666666665,0.1666666666666665,0.1666666666666665,0.1666666666666665,0.1666666666666665,0.1666666666666665
8,8.0,0.1666666666666665,0.1666666666666665,0.1666666666666665,0.1666666666666665,0.1666666666666665,0.1666666666666665
9,9.0,0.1666666666666665,0.1666666666666665,0.1666666666666665,0.1666666666666665,0.1666666666666665,0.1666666666666665
10,10.0,0.1666666666666665,0.1666666666666665,0.1666666666666665,0.1666666666666665,0.1666666666666665,0.1666666666666665
11,11.0,0.1666666666666665,0.1666666666666665,0.1666666666666665,0.1666666666666665,0.1666666666666665,0.1666666666666665
12,12.0,0.1666666666666665,0.1666666666666665,0.1666666666666665,0.1666666666666665,0.1666666666666665,0.1666666666666665
13,13.0,0.1666666666666665,0.1666666666666665,0.1666666666666665,0.1666666666666665,0.1666666666666665,0.1666666666666665
14,14.0,0.1666666666666665,0.1666666666666665,0.1666666666666665,0.1666666666666665,0.1666666666666665,0.1666666666666665
15,15.0,0.1666666666666665,0.1666666666666665,0.1666666666666665,0.1666666666666665,0.1666666666666665,0.1666666666666665
16,16.0,0.1666666666666665,0.1666666666666665,0.1666666666666665,0.1666666666666665,0.1666666666666665,0.1666666666666665
17,17.0,0.1666666666666665,0.1666666666666665,0.1666666666666665,0.1666666666666665,0.1666666666666665,0.1666666666666665
18,18.0,0.1666666666666665,0.1666666666666665,0.1666666666666665,0.1666666666666665,0.1666666666666665,0.1666666666666665
19,19.0,0.1666666666666665,0.1666666666666665,0.1666666666666665,0.1666666666666665,0.1666666666666665,0.1666666666666665
20,20.0,0.1666666666666665,0.1666666666666665,0.1666666666666665,0.1666666666666665,0.1666666666666665,0.1666666666666665
21,21.0,0.1666666666666665,0.1666666666666665,0.1666666666666665,0.1666666666666665,0.1666666666666665,0.1666666666666665
22,22.0,0.1666666666666665,0.1666666666666665,0.1666666666666665,0.1666666666666665,0.1666666666666665,0.1666666666666665
23,23.0,0.1666666666666665,0.1666666666666665,0.1666666666666665,0.1666666666666665,0.1666666666666665,0.1666666666666665
24,24.0,0.1666666666666665,0.1666666666666665,0.1666666666666665,0.1666666666666665,0.1666666666666665,0.1666666666666665
25,25.0,0.1666666666666665,0.1666666666666665,0.1666666666666665,0.1666666666666665,0.1666666666666665,0.1666666666666665
26,26.0,0.1666666666666665,0.1666666666666665,0.1666666666666665,0.1666666666666665,0.1666666666666665,0.1666666666666665
27,27.0,0.1666666666666665,0.1666666666666665,0.1666666666666665,0.1666666666666665,0.1666666666666665,0.1666666666666665
28,28.0,0.1666666666666665,0.1666666666666665,0.1666666666666665,0.1666666666666665,0.1666666666666665,0.1666666666666665
29,29.0,0.1666666666666665,0.1666666666666665,0.1666666666666665,0.1666666666666665,0.1666666666666665,0.1666666666666665
30,30.0,0.1666666666666665,0.1666666666666665,0.1666666666666665,0.1666666666666665,0.1666666666666665,0.1666666666666665
31,31.0,0.1666666666666665,0.1666666666666665,0.1666666666666665,0.1666666666666665,0.1666666666666665,0.1666666666666665
32,32.0,0.1666666666666665,0.1666666666666665,0.1666666666666665,0.1666666666666665,0.1666666666666665,0.1666666666666665
33,33.0,0.1666666666666665,0.1666666666666665,0.1666666666666665,0.1666666666666665,0.1666666666666665,0.1666666666666665
34,34.0,0.1666666666666665,0.1666666666666665,0.1666666666666665,0.1666666666666665,0.1666666666666665,0.1666666666666665
35,35.0,0.1666666666666665,0.1666666666666665,0.1666666666666665,0.1666666666666665,0.1666666666666665,0.1666666666666665
36,36.0,0.1666666666666665,0.1666666666666665,0.1666666666666665,0.1666666666666665,0.1666666666666665,0.1666666666666665
37,37.0,0.1666666666666665,0.1666666666666665,0.1666666666666665,0.1666666666666665,0.1666666666666665,0.1666666666666665
38,38.0,0.1666666666666665,0.1666666666666665,0.1666666666666665,0.1666666666666665,0.1666666666666665,0.1666666666666665
39,39.0,0.1666666666666665,0.1666666666666665,0.1666666666666665,0.1666666666666665,0.1666666666666665,0.1666666666666665
40,40.0,0.1666666666666665,0.1666666666666665,0.1666666666666665,0.1666666666666665,0.1666666666666665,0.1666666666666665
41,41.0,0.1666666666666665,0.1666666666666665,0.1666666666666665,0.1666666666666665,0.1666666666666665,0.1666666666666665
42,42.0,0.1666666666666665,0.1666666666666665,0.1666666666666665,0.1666666666666665,0.1666666666666665,0.1666666666666665
43,43.0,0.1666666666666665,0.1666666666666665,0.1666666666666665,0.1666666666666665,0.1666666666666665,0.1666666666666665
44,44.0,0.1666666666666665,0.1666666666666665,0.1666666666666665,0.1666666666666665,0.1666666666666665,0.1666666666666665
45,45.0,0.1666666666666665,0.1666666666666665,0.1666666666666665,0.1666666666666665,0.1666666666666665,0.1666666666666665
46,46.0,0.1666666666666665,0.1666666666666665,0.1666666666666665,0.1666666666666665,0.1666666666666665,0.1666666666666665
47,47.0,0.1666666666666665,0.1666666666666665,0.1666666666666665,0.1666666666666665,0.1666666666666665,0.1666666666666665
48,48.0,0.1666666666666665,0.1666666666666665,0.1666666666666665,0.1666666666666665,0.1666666666666665,0.1666666666666665
49,49.0,0.1666666666666665,0.1666666666666665,0.1666666666666665,0.1666666666666665,0.1666666666666665,0.1666666666666665
50,50.0,0.1666666666666665,0.1666666666666665,0.1666666666666665,0.1666666666666665,0.1666666666666665,0.1666666666666665
51,51.0,0.1666666666666665,0.1666666666666665,0.1666666666666665,0.1666666666666665,0.1666666666666665,0.1666666666666665
52,52.0,0.1666666666666665,0.1666666666666665,0.1666666666666665,0.1666666666666665,0.1666666666666665,0.1666666666666665
53,53.0,0.1666666666666665,0.1666666666666665,0.1666666666666665,0.1666666666666665,0.1666666666666665,0.1666666666666665
54,54.0,0.1666666666666665,0.1666666666666665,0.1666666666666665,0.1666666666666665,0.1666666666666665,0.1666666666666665
55,55.0,0.1666666666666665,0.1666666666666665,0.1666666666666665,0.1666666666666665,0.1666666666666665,0.1666666666666665
56,56.0,0.1666666666666665,0.1666666666666665,0.1666666666666665,0.1666666666666665,0.1666666666666665,0.1666666666666665
57,57.0,0.1666666666666665,0.1666666666666665,0.1666666666666665,0.1666666666666665,0.1666666666666665,0.1666666666666665
58,58.0,0.1666666666666665,0.1666666666666665,0.1666666666666665,0.1666666666666665,0.1666666666666665,0.1666666666666665
59,59.0,0.1666666666666665,0.1666666666666665,0.1666666666666665,0.1666666666666665,0.1666666666666665,0.1666666666666665
60,60.0,0.1666666666666665,0.1666666666666665,0.1666666666666665,0.1666666666666665,0.1666666666666665,0.1666666666666665
61,61.0,0.1666666666666665,0.1666666666666665,0.1666666666666665,0.1666666666666665,0.1666666666666665,0.1666666666666665
62,62.0,0.1666666666666665,0.1666666666666665,0.1666666666666665,0.1666666666666665,0.1666666666666665,0.1666666666666665
63,63.0,0.1666666666666665,0.1666666666666665,0.1666666666666665,0.1666666666666665,0.1666666666666665,0.1666666666666665
64,64.0,0.1666666666666665,0.1666666666666665,0.1666666666666665,0.1666666666666665,0.1666666666666665,0.1666666666666665
65,65.0,0.1666666666666665,0.1666666666666665,0.1666666666666665,0.1666666666666665,0.1666666666666665,0.1666666666666665
66,66.0,0.1666666666666665,0.1666666666666665,0.1666666666666665,0.1666666666666665,0.1666666666666665,0.1666666666666665
67,67.0,0.1666666666666665,0.1666666666666665,0.1666666666666665,0.1666666666666665,0.1666666666666665,0.1666666666666665
68,68.0,0.1666666666666665,0.1666666666666665,0.1666666666666665,0.1666666666666665,0.1666666666666665,0.1666666666666665
69,69.0,0.1666666666666665,0.1666666666666665,0.1666666666666665,0.1666666666666665,0.1666666666666665,0.1666666666666665
70,70.0,0.1666666666666665,0.1666666666666665,0.1666666666666665,0.1666666666666665,0.1666666666666665,0.1666666666666665
71,71.0,0.1666666666666665,0.1666666666666665,0.1666666666666665,0.1666666666666665,0.1666666666666665,0.1666666666666665
72,72.0,0.1666666666666665,0.1666666666666665,0.1666666666666665,0.1666666666666665,0.1666666666666665,0.1666666666666665
73,73.0,0.1666666666666665,0.1666666666666665,0.1666666666666665,0.1666666666666665,0.1666666666666665,0.1666666666666665
74,74.0,0.1666666666666665,0.1666666666666665,0.1666666666666665,0.1666666666666665,0.1666666666666665,0.1666666666666665
75,75.0,0.1666666666666665,0.1666666666666665,0.1666666666666665,0.1666666666666665,0.1666666666666665,0.1666666666666665
76,76.0,0.1666666666666665,0.1666666666666665,0.1666666666666665,0.1666666666666665,0.1666666666666665,0.1666666666666665
77,77.0,0.1666666666666665,0.1666666666666665,0.1666666666666665,0.1666666666666665,0.1666666666666665,0.1666666666666665
78,78.0,0.1666666666666665,0.1666666666666665,0.1666666666666665,0.1666666666666665,0.1666666666666665,0.1666666666666665
79,79.0,0.1666666666666665,0.1666666666666665,0.1666666666666665,0.1666666666666665,0.1666666666666665,0.1666666666666665
80,80.0,0.1666666666666665,0.1666666666666665,0.1666666666666665,0.1666666666666665,0.1666666666666665,0.1666666666666665
81,81.0,0.1666666666666665,0.1666666666666665,0.1666666666666665,0.1666666666666665,0.1666666666666665,0.1666666666666665
82,82.0,0.1666666666666665,0.1666666666666665,0.1666666666666665,0.1666666666666665,0.1666666666666665,0.1666666666666665
83,83.0,0.1666666666666665,0.1666666666666665,0.1666666666666665,0.1666666666666665,0.1666666666666665,0.1666666666666665
84,84.0,0.1666666666666665,0.1666666666666665,0.1666666666666665,0.1666666666666665,0.1666666666666665,0.1666666666666665
85,85.0,0.1666666666666665,0.1666666666666665,0.1666666666666665,0.1666666666666665,0.1666666666666665,0.1666666666666665
86,86.0,0.1666666666666665,0.1666666666666665,0.1666666666666665,0.1666666666666665,0.1666666666666665,0.1666666666666665
87,87.0,0.1666666666666665,0.1666666666666665,0.1666666666666665,0.1666666666666665,0.1666666666666665,0.1666666666666665
88,88.0,0.1666666666666665,0.1666666666666665,0.1666666666666665,0.1666666666666665,0.1666666666666665,0.1666666666666665
89,89.0,0.1666666666666665,0.1666666666666665,0.1666666666666665,0.1666666666666665,0.1666666666666665,0.1666666666666665
90,90.0,0.1666666666666665,0.1666666666666665,0.1666666666666665,0.1666666666666665,0.1666666666666665,0.1666666666666665
91,91.0,0.1666666666666665,0.1666666666666665,0.1666666666666665,0.1666666666666665,0.1666666666666665,0.1666666666666665
92,92.0,0.1666666666666665,0.1666666666666665,0.1666666666666665,0.1666666666666665,0.1666666666666665,0.1666666666666665
93,93.0,0.1666666666666665,0.1666666666666665,0.1666666666666665,0.1666666666666665,0.1666666666666665,0.1666666666666665
94,94.0,0.1666666666666665,0.1666666666666665,0.1666666666666665,0.1666666666666665,0.1666666666666665,0.1666666666666665
95,95.0,0.1666666666666665,0.1666666666666665,0.1666666666666665,0.1666666666666665,0.1666666666666665,0.1666666666666665
96,96.0,0.1666666666666665,0.1666666666666665,0.1666666666666665,0.1666666666666665,0.1666666666666665,0.1666666666666665
97,97.0,0.1666666666666665,0.1666666666666665,0.1666666666666665,0.1666666666666665,0.1666666666666665,0.1666666666666665
98,98.0,0.1666666666666665,0.1666666666666665,0.1666666666666665,0.1666666666666665,0.1666666666666665,0.1666666666666665
99,99.0,0.1666666666666665,0.1666666666666665,0.1666666666666665,0.1666666666666665,0.1666666666666665,0.1666666666666665
100,100.0,0.1666666666666665,0.1666666666666665,0.1666666666666665,0.1666666666666665,0.1666666666666665,0.1666666666666665
101,101.0,0.1666666666666665,0.1666666666666665,0.1666666666666665,0.1666666666666665,0.1666666666666665,0.1666666666666665
102,102.0,0.1666666666666665,0.1666666666666665,0.1666666666666665,0.1666666666666665,0.1666666666666665,0.1666666666666665
103,103.0,0.1666666666666665,0.1666666666666665,0.1666666666666665,0.1666666666666665,0.1666666666666665,0.1666666666666665
104,104.0,0.1666666666666665,0.1666666666666665,0.1666666666666665,0.1666666666666665,0.1666666666666665,0.1666666666666665
105,105.0,0.1666666666666665,0.1666666666666665,0.1666666666666665,0.1666666666666665,0.1666666666666665,0.1666666666666665
106,106.0,0.1666666666666665,0.1666666666666665,0.1666666666666665,0.1666666666666665,0.1666666666666665,0.1666666666666665
107,107.0,0.1666666666666665,0.1666666666666665,0.1666666666666665,0.1666666666666665,0.1666666666666665,0.1666666666666665
108,108.0,0.1666666666666665,0.1666666666666665,0.1666666666666665,0.1666666666666665,0.1666666666666665,0.1666666666666665
109,109.0,0.1666666666666665,0.1666666666666665,0.1666666666666665,0.1666666666666665,0.1666666666666665,0.1666666666666665
110,110.0,0.1666666666666665,0.1666666666666665,0.1666666666666665,0.1666666666666665,0.1666666666666665,0.1666666666666665
111,111.0,0.1666666666666665,0.1666666666666665,0.1666666666666665,0.1666666666666665,0.1666666666666665,0.1666666666666665
112,112.0,0.1666666666666665,0.1666666666666665,0.1666666666666665,0.1666666666666665,0.1666666666666665,0.1666666666666665
113,113.0,0.1666666666666665,0.1666666666666665,0.1666666666666665,0.1666666666666665,0.1666666666666665,0.1666666666666665
114,114.0,0.1666666666666665,0.1666666666666665,0.1666666666666665,0.1666666666666665,0.1666666666666665,0.1666666666666665
115,115.0,0.1666666666666665,0.1666666666666665,0.1666666666666665,0.1666666666666665,0.1666666666666665,0.1666666666666665
116,116.0,0.1666666666666665,0.1666666666666665,0.1666666666666665,0.1666666666666665,0.1666666666666665,0.1666666666666665
117,117.0,0.1666666666666665,0.1666666666666665,0.1666666666666665,0.1666666666666665,0.1666666666666665,0.1666666666666665
118,118.0,0.1666666666666665,0.1666666666666665,0.1666666666666665,0.1666666666666665,0.1666666666666665,0.1666666666666665
119,119.0,0.1666666666666665,0.1666666666666665,0.1666666666666665,0.1666666666666665,0.1666666666666665,0.1666666666666665
120,120.0,0.1666666666666665,0.1666666666666665,0.1666666666666665,0.1666666666666665,0.1666666666666665,0.1666666666666665
121,121.0,0.1666666666666665,0.1666666666666665,0.1666666666666665,0.1666666666666665,0.1666666666666665,0.1666666666666665
122,122.0,0.1666666666666665,0.1666666666666665,0.1666666666666665,0.1666666666666665,0.1666666666666665,0.1666666666666665
123,123.0,0.1666666666666665,0.1666666666666665,0.1666666666666665,0.1666666666666665,0.1666666666666665,0.1666666666666665
124,124.0,0.1666666666666665,0.1666666666666665,0.1666666666666665,0.1666666666666665,0.1666666666666665,0.1666666666666665
125,125.0,0.1666666666666665,0.1666666666666665,0.1666666666666665,0.1666666666666665,0.1666666666666665,0.1666666666666665
126,126.0,0.1666666666666665,0.1666666666666665,0.1666666666666665,0.1666666666666665,0.1666666666666665,0.1666666666666665
127,127.0,0.1666666666666665,0.1666666666666665,0.1666666666666665,0.1666666666666665,0.1666666666666665,0.1666666666666665
128,128.0,0.1666666666666665,0.1666666666666665,0.1666666666666665,0.1666666666666665,0.1666666666666665,0.1666666666666665
129,129.0,0.1666666666666665,0.1666666666666665,0.1666666666666665,0.1666666666666665,0.1666666666666665,0.1666666666666665
130,130.0,0.1666666666666665,0.1666666666666665,0.1666666666666665,0.1666666666666665,0.1666666666666665,0.1666666666666665
131,131.0,0.1666666666666665,0.1666666666666665,0.1666666666666665,0.1666666666666665,0.1666666666666665,0.1666666666666665
132,132.0,0.1666666666666665,0.1666666666666665,0.1666666666666665,0.1666666666666665,0.1666666666666665,0.1666666666666665
133,133.0,0.1666666666666665,0.1666666666666665,0.1666666666666665,0.1666666666666665,0.1666666666666665,0.1666666666666665
134,134.0,0.1666666666666665,0.1666666666666665,0.1666666666666665,0.1666666666666665,0.1666666666666665,0.1666666666666665
135,135.0,0.1666666666666665,0.1666666666666665,0.1666666666666665,0.1666666666666665,0.1666666666666665,0.1666666666666665
136,136.0,0.1666666666666665,0.1666666666666665,0.1666666666666665,0.1666666666666665,0.1666666666666665,0.1666666666666665
137,137.0,0.1666666666666665,0.1666666666666665,0.1666666666666665,0.1666666666666665,0.1666666666666665,0.1666666666666665
138,138.0,0.1666666666666665,0.1666666666666665,0.1666666666666665,0.1666666666666665,0.1666666666666665,0.1666666666666665
139,139.0,0.1666666666666665,0.1666666666666665,0.1666666666666665,0.1666666666666665,0.1666666666666665,0.1666666666666665
140,140.0,0.1666666666666665,0.1666666666666665,0.1666666666666665,0.1666666666666665,0.1666666666666665,0.1666666666666665
141,141.0,0.1666666666666665,0.1666666666666665,0.1666666666666665,0.1666666666666665,0.1666666666666665,0.1666666666666665
142,142.0,0.1666666666666665,0.1666666666666665,0.1666666666666665,0.1666666666666665,0.1666666666666665,0.1666666666666665
143,143.0,0.1666666666666665,0.1666666666666665,0.1666666666666665,0.1666666666666665,0.1666666666666665,0.1666666666666665
144,144.0,0.1666666666666665,0.1666666666666665,0.1666666666666665,0.1666666666666665,0.1666666666666665,0.1666666666666665
145,145.0,0.1666666666666665,0.1666666666666665,0.1666666666666665,0.1666666666666665,0.1666666666666665,0.1666666666666665
146,146.0,0.1666666666666665,0.1666666666666665,0.1666666666666665,0.1666666666666665,0.1666666666666665,0.1666666666666665
147,147.0,0.1666666666666665,0.1666666666666665,0.1666666666666665,0.1666666666666665,0.1666666666666665,0.1666666666666665
148,148.0,0.1666666666666665,0.1666666666666665,0.1666666666666665,0.1666666666666665,0.1666666666666665,0.1666666666666665
149,149.0,0.1666666666666665,0.1666666666666665,0.1666666666666665,0.1666666666666665,0.1666666666666665,0.1666666666666665
150,150.0,0.1666666666666665,0.1666666666666665,0.1666666666666665,0.1666666666666665,0.1666666666666665,0.1666666666666665
151,151.0,0.1666666666666665,0.1666666666666665,0.1666666666666665,0.1666666666666665,0.1666666666666665,0.1666666666666665
152,152.0,0.1666666666666665,0.1666666666666665,0.1666666666666665,0.1666666666666665,0.1666666666666665,0.1666666666666665
153,153.0,0.1666666666666665,0.1666666666666665,0.1666666666666665,0.1666666666666665,0.1666666666666665,0.1666666666666665
154,154.0,0.1666666666666665,0.1666666666666665,0.1666666666666665,0.1666666666666665,0.1666666666666665,0.1666666666666665
155,155.0,0.1666666666666665,0.1666666666666665,0.1666666666666665,0.1666666666666665,0.1666666666666665,0.1666666666666665
156,156.0,0.1666666666666665,0.1666666666666665,0.1666666666666665,0.1666666666666665,0.1666666666666665,0.1666666666666665
157,157.0,0.1666666666666665,0.1666666666666665,0.1666666666666665,0.1666666666666665,0.1666666666666665,0.1666666666666665
158,158.0,0.1666666666666665,0.1666666666666665,0.1666666666666665,0.1666666666666665,0.1666666666666665,0.1666666666666665
159,159.0,0.1666666666666665,0.1666666666666665,0.1666666666666665,0.1666666666666665,0.1666666666666665,0.1666666666666665
160,160.0,0.1666666666666665,0.1666666666666665,0.1666666666666665,0.1666666666666665,0.1666666666666665,0.1666666666666665
161,161.0,0.1666666666666665,0.1666666666666665,0.1666666666666665,0.1666666666666665,0.1666666666666665,0.1666666666666665
162,162.0,0.1666666666666665,0.1666666666666665,0.1666666666666665,0.1666666666666665,0.1666666666666665,0.1666666666666665
163,163.0,0.1666666666666665,0.1666666666666665,0.1666666666666665,0.1666666666666665,0.1666666666666665,0.1666666666666665
164,164.0,0.1666666666666665,0.1666666666666665,0.1666666666666665,0.1666666666666665,0.1666666666666665,0.1666666666666665
165,165.0,0.1666666666666665,0.1666666666666665,0.1666666666666665,0.1666666666666665,0.1666666666666665,0.1666666666666665
166,166.0,0.1666666666666665,0.1666666666666665,0.1666666666666665,0.1666666666666665,0.1666666666666665,0.1666666666666665
167,167.0,0.1666666666666665,0.1666666666666665,0.1666666666666665,0.1666666666666665,0.1666666666666665,0.1666666666666665
168,168.0,0.1666666666666665,0.1666666666666665,0.1666666666666665,0.1666666666666665,0.1666666666666665,0.1666666666666665
169,169.0,0.1666666666666665,0.1666666666666665,0.1666666666666665,0.1666666666666665,0.1666666666666665,0.1666666666666665
170,170.0,0.1666666666666665,0.1666666666666665,0.1666666666666665,0.1666666666666665,0.1666666666666665,0.1666666666666665
171,171.0,0.1666666666666665,0.1666666666666665,0.1666666666666665,0.1666666666666665,0.1666666666666665,0.1666666666666665
172,172.0,0.1666666666666665,0.1666666666666665,0.1666666666666665,0.1666666666666665,0.1666666666666665,0.1666666666666665
173,173.0,0.1666666666666665,0.1666666666666665,0.1666666666666665,0.1666666666666665,0.1666666666666665,0.1666666666666665
174,174.0,0.1666666666666665,0.1666666666666665,0.1666666666666665,0.1666666666666665,0.1666666666666665,0.1666666666666665
175,175.0,0.1666666666666665,0.1666666666666665,0.1666666666666665,0.1666666666666665,0.1666666666666665,0.1666666666666665
176,176.0,0.1666666666666665,0.1666666666666665,0.1666666666666665,0.1666666666666665,0.1666666666666665,0.1666666666666665
177,177.0,0.1666666666666665,0.1666666666666665,0.1666666666666665,0.1666666666666665,0.1666666666666665,0.1666666666666665
178,178.0,0.1666666666666665,0.1666666666666665,0.1666666666666665,0.1666666666666665,0.1666666666666665,0.1666666666666665
179,179.0,0.1666666666666665,0.1666666666666665,0.1666666666666665,0.1666666666666665,0.1666666666666665,0.1666666666666665
180,180.0,0.1666666666666665,0.1666666666666665,0.1666666666666665,0.1666666666666665,0.1666666666666665,0.1666666666666665
181,181.0,0.1666666666666665,0.1666666666666665,0.1666666666666665,0.1666666666666665,0.1666666666666665,0.1666666666666665
182,182.0,0.1666666666666665,0.1666666666666665,0.1666666666666665,0.1666666666666665,0.1666666666666665,0.1666666666666665
183,183.0,0.1666666666666665,0.1666666666666665,0.1666666666666665,0.1666666666666665,0.1666666666666665,0.1666666666666665
184,184.0,0.1666666666666665,0.1666666666666665,0.1666666666666665,0.1666666666666665,0.1666666666666665,0.1666666666666665
185,185.0,0.1666666666666665,0.1666666666666665,0.1666666666666665,0.1666666666666665,0.1666666666666665,0.1666666666666665
186,186.0,0.1666666666666665,0.1666666666666665,0.1666666666666665,0.1666666666666665,0.1666666666666665,0.1666666666666665
187,187.0,0.1666666666666665,0.1666666666666665,0.1666666666666665,0.1666666666666665,0.1666666666666665,0.1666666666666665
188,188.0,0.1666666666666665,0.1666666666666665,0.1666666666666665,0.1666666666666665,0.1666666666666665,0.1666666666666665
189,189.0,0.1666666666666665,0.1666666666666665,0.1666666666666665,0.1666666666666665,0.1666666666666665,0.1666666666666665
190,190.0,0.1666666666666665,0.1666666666666665,0.1666666666666665,0.1666666666666665,0.1666666666666665,0.1666666666666665
191,191.0,0.1666666666666665,0.1666666666666665,0.1666666666666665,0.1666666666666665,0.1666666666666665,0.1666666666666665
192,192.0,0.1666666666666665,0.1666666666666665,0.1666666666666665,0.1666666666666665,0.1666666666666665,0.1666666666666665
193,193.0,0.1666666666666665,0.1666666666666665,0.1666666666666665,0.1666666666666665,0.1666666666666665,0.1666666666666665
194,194.0,0.1666666666666665,0.1666666666666665,0.1666666666666665,0.1666666666666665,0.1666666666666665,0.1666666666666665
195,195.0,0.1666666666666665,0.1666666666666665,0.1666666666666665,0.1666666666666665,0.1666666666666665,0.1666666666666665
196,196.0,0.1666666666666665,0.1666666666666665,0.1666666666666665,0.1666666666666665,0.1666666666666665,0.1666666666666665
197,197.0,0.1666666666666665,0.1666666666666665,0.1666666666666665,0.1666666666666665,0.1666666666666665,0.1666666666666665
198,198.0,0.1666666666666665,0.1666666666666665,0.1666666666666665,0.1666666666666665,0.1666666666666665,0.1666666666666665
199,199.0,0.1654914866420099,0.1672400808348853,0.1672714243725501,0.166848973687199,0.1654471845789107,0.1677008498844442
200,200.0,0.1591600515688305,0.1671686455207227,0.174884105814296,0.1651170197251638,0.159704409292421,0.1739657680785653
201,201.0,0.1527845055326531,0.1671140611295099,0.1824270105677307,0.1634108710417056,0.1540853317654105,0.1801782199629895
202,202.0,0.1465548014534507,0.1672552460667368,0.1900255319884604,0.1615516416564418,0.1484116259204332,0.1862011529144764
203,203.0,0.1405635854956594,0.1673282583113989,0.197289885373248,0.1598102887513415,0.1429597705237149,0.1920482115446368
204,204.0,0.1345886937767294,0.1675243806504918,0.2044186061508536,0.158013219672129,0.1378217776202007,0.1976333221295948
205,205.0,0.1288840791954671,0.167578245190542,0.2115800874977865,0.1563014649837903,0.132816480552473,0.2028396425799405
206,206.0,0.1233137796950405,0.1676412701420984,0.2183930794678973,0.154676051533658,0.1280973655496173,0.2078784536116879
207,207.0,0.11810144144182,0.1676103756463524,0.2249005196023371,0.1530985285184657,0.1236317427284645,0.2126573920625597
208,208.0,0.1132491675098522,0.1674629883792824,0.2308046429369802,0.1515443219682981,0.1197503481320944,0.2171885310734922
209,209.0,0.1085011566574258,0.1673828660188961,0.2360961569868511,0.1501418862391711,0.1163648963220691,0.2215130377755864
210,210.0,0.1041344461517955,0.1672027501916431,0.240887436529415,0.1488711171642604,0.1132978329476194,0.2256064170152661
211,211.0,0.1002323421956866,0.1669108933407416,0.245251823893645,0.147892506342514,0.1102651447788652,0.2294472894485472
212,212.0,0.096800229701323,0.1667044897907949,0.2492603155826259,0.147102608782237,0.1075372785092492,0.2325950776337696
213,213.0,0.0937903480221584,0.1665064827606093,0.2529750933058671,0.1461799845331963,0.1051306922235773,0.2354173991545912
214,214.0,0.0911234389304415,0.1663904155905766,0.256314191402222,0.1453631034708401,0.1028723521809564,0.2379364984249631
215,215.0,0.08865425549208,0.1664102727201641,0.2594169163360725,0.1447271142265898,0.1005821373439246,0.2402093038811687
216,216.0,0.0866095263686348,0.1663903255944969,0.2620223682831057,0.1441367606618446,0.098533784458007,0.2423072346339109
217,217.0,0.0848804745767866,0.1663235811246887,0.2643807736667983,0.1436128456288004,0.0967931174047734,0.2440092075981523
218,218.0,0.083514310668392,0.1662646267156167,0.2660303716361691,0.1431754985949313,0.095402218902962,0.2456129734819287
219,219.0,0.0825015660753637,0.1662198239963348,0.2671684112596896,0.1426941651565542,0.094337739637421,0.2470782938746366
220,220.0,0.0816397661789322,0.1661054694738392,0.2679006157284653,0.1423255509766081,0.0936028660844626,0.2484257315576925
221,221.0,0.0810353005590414,0.1658766289336931,0.2682927532225749,0.1420258024034485,0.0931087521649571,0.2496607627162849
222,222.0,0.0808442486257609,0.165716413388053,0.2683846178951322,0.1418795702582757,0.0925843549772084,0.2505907948555699
223,223.0,0.0811072084690074,0.1655145330874026,0.2681465921158497,0.1417807131220995,0.0921154043412003,0.2513355488644405
224,224.0,0.0815910659511922,0.1654118461237173,0.2677405184641744,0.1417779618867416,0.0916329995630731,0.2518456080111015
225,225.0,0.0818179713498551,0.1654208841890579,0.2673019944895957,0.1417406653275139,0.0913700221466583,0.2523484624973193
226,226.0,0.0822676601914596,0.1654134338348465,0.2667515944503775,0.1417998227898005,0.0912097160669961,0.2525577726665198
227,227.0,0.0828897540816482,0.165367838164528,0.2660418660338705,0.1419369701773762,0.091257851931026,0.2525057196115511
228,228.0,0.0836601852508253,0.1651679499753036,0.265280748440395,0.1420291503639873,0.091568645307227,0.2522933206622619
229,229.0,0.0846446636363932,0.16492941530535,0.2644097160175202,0.1422063733110571,0.0918838067747199,0.2519260249549596
230,230.0,0.0857679446324578,0.1644324079216938,0.2635184999710953,0.1422731546633797,0.0925063117585327,0.2515016810528408
231,231.0,0.0868026098552396,0.1637739974904036,0.2628540043244467,0.1423781565306622,0.0932435568394411,0.2509476749598068
232,232.0,0.0879047091788319,0.1632577546048954,0.2622184350401951,0.1422866771098372,0.09415617386952,0.2501762501967204
233,233.0,0.089008504689136,0.1626496158653775,0.2616166355548543,0.1423701444701609,0.0950569982915651,0.2492981011289061
234,234.0,0.0900768003923648,0.1620159354155527,0.2609446021315741,0.1422974018431774,0.0963453250058026,0.2483199352115284
235,235.0,0.0912798657091907,0.1611491507918824,0.2602884544366451,0.1422726215856927,0.0975610221916886,0.2474488852849005
236,236.0,0.0922957904655249,0.1603399154423214,0.2596547081855499,0.1423075576071073,0.0986398150004034,0.2467622132990929
237,237.0,0.0932849476616125,0.1595321420811181,0.2589480136763431,0.1424026220809812,0.0997311388356664,0.2461011356642785
238,238.0,0.0942192505673997,0.1587517132143157,0.258304491164686,0.1424817513115333,0.1007795343953552,0.2454632593467099
239,239.0,0.0950868718730195,0.157985411026072,0.2577460184152634,0.1425346090702283,0.1017358987614505,0.2449111908539661
240,240.0,0.0959884534199232,0.1573290149691381,0.2571978768372767,0.1426585716976919,0.1024162773582,0.24440980571777
241,241.0,0.096848650977482,0.1565233490068288,0.2567072360013585,0.1427853591685565,0.1030829410595461,0.2440524637862281
242,242.0,0.0975592593955259,0.1556072920301961,0.2561868341192512,0.1430545813997306,0.1037474463516024,0.2438445867036937
243,243.0,0.0978893382093475,0.1548555191770909,0.2560986204310851,0.1434593721262861,0.1043593453242869,0.2433378047319034
244,244.0,0.098102790788816,0.1538740532176199,0.2560859029844127,0.1439205165417752,0.1050049338962872,0.2430118025710888
245,245.0,0.0981610100518852,0.1528938703888698,0.256214860259729,0.1443285529678437,0.1056821603988993,0.2427195459327727
246,246.0,0.0982351891325007,0.1520962235044219,0.2561138292071618,0.1445849242239803,0.1063837650793064,0.2425860688526286
247,247.0,0.0983576927213927,0.1512609149593193,0.2561572516032347,0.1448038040597492,0.1069560248434267,0.242464311812877
248,248.0,0.0980557404634245,0.1504731724988322,0.2565149232100391,0.1450119783751355,0.107475327375782,0.2424688580767864
249,249.0,0.0977660623350218,0.1498451527188911,0.2567960841324582,0.1452410663543897,0.1078707875580216,0.2424808469012174
250,250.0,0.0974547959574256,0.1494386057718052,0.2565452927608878,0.1455502780126021,0.1084144542712927,0.2425965732259863
251,251.0,0.0970962350000392,0.1490195497487264,0.2563474406158055,0.1459101287854026,0.1089066345161976,0.2427200113338284
252,252.0,0.0968777528098719,0.1486875944967638,0.2563861757058632,0.1458986335716419,0.1093426869932406,0.2428071564226183
253,253.0,0.0966890252378999,0.1485231761202652,0.256359508877994,0.145827622130377,0.1097162103539314,0.2428844572795322
254,254.0,0.0963502792788529,0.1484564159215918,0.2562346416608028,0.1458815477417155,0.1099930481440664,0.2430840672529704
255,255.0,0.0960966046603106,0.1485833651608053,0.2559129953338372,0.1460470951998566,0.1100181249820252,0.2433418146631649
256,256.0,0.0958065433594898,0.1487741927322578,0.2557149226604308,0.146204454535745,0.1100268462110998,0.2434730405009766
257,257.0,0.0956346505007513,0.1488715373055064,0.2555257461895949,0.1461913548972175,0.1100976056648042,0.2436791054421256
258,258.0,0.0952234150350653,0.1490135752116355,0.255427129464058,0.1462016449658099,0.1104056000454372,0.243728635277994
259,259.0,0.0950684635260671,0.1492515756250454,0.2552049912673013,0.1461521401972621,0.1106449788387219,0.243677850545602
260,260.0,0.0949647291206016,0.1495726247747248,0.2551713872261693,0.1455874726712086,0.1108827820240975,0.243821004183198
261,261.0,0.0948452366129087,0.1499134557540382,0.2549274612052319,0.1450525782381797,0.1112450221437154,0.2440162460459258
262,262.0,0.0949398949732855,0.1500811862379905,0.2547783285241559,0.1444658898467848,0.111630275485178,0.244104424932605
263,263.0,0.0950930566154815,0.1503469008555054,0.2543727022439067,0.1439176766047931,0.1119846911479169,0.2442849725323962
264,264.0,0.0953102440852848,0.150574597163953,0.2541780223935667,0.14347030225777,0.1122523254398662,0.2442145086595591
265,265.0,0.0955908532239352,0.1507917547053233,0.2538333665802603,0.1431103523901835,0.1125752850844211,0.2440983880158764
266,266.0,0.0958293376628154,0.1511677054710556,0.2536403408017756,0.14274885019531,0.1126061555219894,0.2440076103470538
267,267.0,0.0960763049339104,0.1517804260406684,0.2534313147086521,0.1425143137450356,0.1127388960290012,0.2434587445427321
268,268.0,0.0964690591316669,0.1523277355303681,0.2531964323968736,0.1423915748022443,0.1128667620016928,0.2427484361371542
269,269.0,0.0969629377648441,0.1528912027637807,0.2528123398676529,0.1424281765389504,0.1130050696670291,0.2419002733977427
270,270.0,0.0973739678206006,0.1535557505699743,0.2526983180912409,0.142608640355503,0.1126481126564588,0.2411152105062223
271,271.0,0.0978577064664621,0.1544695579069206,0.2524025805395763,0.142783569740538,0.1119894834135213,0.2404971019329816
272,272.0,0.0983663742248052,0.1553864674792011,0.2520710725478697,0.1429707980380596,0.1113757116829221,0.2398295760271424
273,273.0,0.098885449570603,0.1562382430057674,0.2516790872684345,0.1431032609046148,0.1107455731017001,0.2393483861488801
274,274.0,0.0993969306254952,0.1566982546674601,0.2514093475438604,0.1433464437362871,0.1105313159956751,0.2386177074312221
275,275.0,0.0999134358808828,0.1569035014900736,0.2514917339386054,0.1432527988808035,0.1103739983658984,0.2380645314437365
276,276.0,0.1005887760731603,0.1573864636816432,0.2515423850804563,0.142790461330976,0.110347113637365,0.2373448001963992
277,277.0,0.1011495421616444,0.1583674365997607,0.2519031622807219,0.1417817766512777,0.110575648395115,0.2362224339114803
278,278.0,0.100859343605695,0.1596651940124803,0.2524224904527513,0.1407628044430646,0.1110501217773156,0.2352400457086932
279,279.0,0.1005734866078495,0.1607367054586108,0.2529184157469571,0.1397930137421817,0.1115510738934986,0.2344273045509023
280,280.0,0.1002470952570469,0.1615195778349087,0.2534790834811988,0.1388290108153605,0.1120938038783317,0.2338314287331534
281,281.0,0.0999234334724703,0.162055658748779,0.2542023210337947,0.1374759955875158,0.1130397196750482,0.2333028714823919
282,282.0,0.0996096909012875,0.1623421761010968,0.2549701877629505,0.1360824691109696,0.1139844504520103,0.2330110256716852
283,283.0,0.0993502633987312,0.1625874226871638,0.2557574680809769,0.1349160899203148,0.1149640549891648,0.2324247009236483
284,284.0,0.0990926092453692,0.1628828225852927,0.2566075017904369,0.1337021892869832,0.1157763314391051,0.2319385456528128
285,285.0,0.0983707461389629,0.1631570148774164,0.2575787401898793,0.1326263114081292,0.1166765822113906,0.2315906051742214
286,286.0,0.0972085966121031,0.1637771500183729,0.2588199429471072,0.1317850803736642,0.1169031546975249,0.2315060753512275
287,287.0,0.0961062810482672,0.1639424467554481,0.2601140028376473,0.1311335737198154,0.1170337155192896,0.2316699801195323
288,288.0,0.0952983034090091,0.1638375707124543,0.2611014375957837,0.1304825439591762,0.1174613966884595,0.231818747635117
289,289.0,0.0945617986924981,0.1638510601975239,0.2615000358055214,0.1299291145292896,0.1179717241469148,0.2321862666282521
290,290.0,0.0938498577435548,0.1642878729979184,0.2609002299475216,0.1296579737482372,0.118591897848128,0.23271216771464
291,291.0,0.0926024490564152,0.164740171863733,0.2601776253053704,0.1294456671879345,0.1196411881690321,0.2333928984175146
292,292.0,0.0914667365393767,0.1655082970489916,0.2595999375279138,0.1293052614901383,0.1198684900235009,0.2342512773700785
293,293.0,0.0904545432606108,0.1661903033661112,0.2589069503315802,0.1291295535646876,0.1200502709233869,0.235268378553623
294,294.0,0.0897477547653235,0.166195592776973,0.2581833398946662,0.1292344771379,0.1202513201190373,0.2363875153060999
295,295.0,0.0890727881994503,0.1651689684548968,0.2577469072657934,0.1296643879616526,0.1206583869168867,0.2376885612013199
296,296.0,0.0884404721384983,0.1640960002309885,0.2571880057499823,0.130152368956312,0.1212111595361844,0.2389119933880342
297,297.0,0.0879343830511586,0.162792120061269,0.2567151515752665,0.1304210874873762,0.1219091863118124,0.2402280715131171
298,298.0,0.0865879300999244,0.1617263975372917,0.2564965330318066,0.1307931383428854,0.1228510607647214,0.2415449402233702
299,299.0,0.0853177890439821,0.1610475559117971,0.2563182195211529,0.1306066658632542,0.123834654370894,0.2428751152889193
300,300.0,0.084155124652719,0.1597819468304679,0.2560847749877364,0.130669052514509,0.1251758082376959,0.2441332927768717
301,301.0,0.0830334910003183,0.1587101223683411,0.2557733931442396,0.1307469793015602,0.1262643666897555,0.2454716474957851
302,302.0,0.0821646792487718,0.1578423834178184,0.2558123260536516,0.1312004651285877,0.1256001533740093,0.2473799927771611
303,303.0,0.0814532075014149,0.156246645349938,0.2560452657013409,0.1318459501543147,0.1251248504256339,0.2492840808673575
304,304.0,0.0808217088557534,0.1548031239908222,0.2562688312211978,0.1324938905668785,0.1245582044444671,0.2510542409208809
305,305.0,0.0802117756201384,0.1544822095888275,0.2552282325853333,0.1339342348246659,0.1221299838451005,0.2540135635359343
306,306.0,0.0795240217689285,0.1558629105801229,0.2531203536270499,0.1321568599042625,0.1198345243197376,0.2595013297998984
307,307.0,0.0789500696647459,0.1629372033942166,0.2508844432763123,0.130217543651412,0.117625411988016,0.259385328025297
308,308.0,0.0784994250430458,0.1716819607843134,0.2494474891932251,0.1283552101407613,0.1154860737997344,0.2565298410389198
309,309.0,0.0782002671807531,0.1788793342350984,0.2495129177863067,0.1266157497873918,0.1133077156942789,0.2534840153161709
310,310.0,0.0779418907671691,0.1857509296717229,0.2495841652296959,0.1250972597496082,0.1111973870299103,0.2504283675518935
311,311.0,0.0776953200882824,0.1917191285861489,0.2506178639795756,0.1236600282989868,0.1091576861202175,0.2471499729267887
312,312.0,0.0776112329200761,0.1969792729723321,0.2520426672949661,0.1221791709821698,0.1072591730990218,0.2439284827314338
313,313.0,0.0775418989853857,0.2028142815603102,0.252648764759627,0.1207982127786989,0.1055132530054766,0.2406835889105014
314,314.0,0.0774342818869943,0.2083915020681684,0.2530636637786991,0.1198830688902257,0.1037588129488974,0.237468670427015
315,315.0,0.0774464202171353,0.213041746490853,0.2538811391168613,0.1190220996825746,0.102152630738371,0.2344559637542048
316,316.0,0.0775659207781677,0.2172187080825517,0.2549341316936055,0.1179325896049705,0.100751432208664,0.2315972176320405
317,317.0,0.0776441796602583,0.2214270824160774,0.2555824393715841,0.1167928167679822,0.0994743210770423,0.2290791607070557
318,318.0,0.0777731077022635,0.2247283917489349,0.2567353619403935,0.1157972172103365,0.0982384281543179,0.2267274932437538
319,319.0,0.077979069915844,0.2268730445491961,0.2584616084785365,0.114877645449631,0.0971276154937798,0.2246810161130126
320,320.0,0.0782987769330791,0.2286069182230992,0.2601438089614287,0.1140397177546267,0.0962579295224126,0.2226528486053537
321,321.0,0.0783344510918372,0.2298784694618961,0.2623194969020612,0.1133756366274286,0.095169750685842,0.2209221952309348
322,322.0,0.078591791268774,0.2307862181503924,0.2644800307769299,0.1127972403421785,0.0940824191417216,0.2192623003200036
323,323.0,0.0788152737217423,0.2311255581076839,0.2667447159594353,0.1125339355007354,0.0931110130339753,0.2176695036764279
