,Unnamed: 0,Total_iterations,Intertwine_two,Invert_path_vertices,Insert_inside_vertex,Delete_inside_vertex,Replace_inside_vertex,Donate_between_routes,Trim_one_terminal_cb,Grow_one_terminal_cb
0,0.0,0.0,0.125,0.125,0.125,0.125,0.125,0.125,0.125,0.125
1,1.0,1.0,0.125,0.125,0.125,0.125,0.125,0.125,0.125,0.125
2,2.0,2.0,0.125,0.125,0.125,0.125,0.125,0.125,0.125,0.125
3,3.0,3.0,0.125,0.125,0.125,0.125,0.125,0.125,0.125,0.125
4,4.0,4.0,0.125,0.125,0.125,0.125,0.125,0.125,0.125,0.125
5,5.0,5.0,0.125,0.125,0.125,0.125,0.125,0.125,0.125,0.125
6,6.0,6.0,0.125,0.125,0.125,0.125,0.125,0.125,0.125,0.125
7,7.0,7.0,0.125,0.125,0.125,0.125,0.125,0.125,0.125,0.125
8,8.0,8.0,0.125,0.125,0.125,0.125,0.125,0.125,0.125,0.125
9,9.0,9.0,0.125,0.125,0.125,0.125,0.125,0.125,0.125,0.125
10,10.0,10.0,0.125,0.125,0.125,0.125,0.125,0.125,0.125,0.125
11,11.0,11.0,0.125,0.125,0.125,0.125,0.125,0.125,0.125,0.125
12,12.0,12.0,0.125,0.125,0.125,0.125,0.125,0.125,0.125,0.125
13,13.0,13.0,0.125,0.125,0.125,0.125,0.125,0.125,0.125,0.125
14,14.0,14.0,0.125,0.125,0.125,0.125,0.125,0.125,0.125,0.125
15,15.0,15.0,0.125,0.125,0.125,0.125,0.125,0.125,0.125,0.125
16,16.0,16.0,0.125,0.125,0.125,0.125,0.125,0.125,0.125,0.125
17,17.0,17.0,0.125,0.125,0.125,0.125,0.125,0.125,0.125,0.125
18,18.0,18.0,0.125,0.125,0.125,0.125,0.125,0.125,0.125,0.125
19,19.0,19.0,0.125,0.125,0.125,0.125,0.125,0.125,0.125,0.125
20,20.0,20.0,0.125,0.125,0.125,0.125,0.125,0.125,0.125,0.125
21,21.0,21.0,0.125,0.125,0.125,0.125,0.125,0.125,0.125,0.125
22,22.0,22.0,0.125,0.125,0.125,0.125,0.125,0.125,0.125,0.125
23,23.0,23.0,0.125,0.125,0.125,0.125,0.125,0.125,0.125,0.125
24,24.0,24.0,0.125,0.125,0.125,0.125,0.125,0.125,0.125,0.125
25,25.0,25.0,0.125,0.125,0.125,0.125,0.125,0.125,0.125,0.125
26,26.0,26.0,0.125,0.125,0.125,0.125,0.125,0.125,0.125,0.125
27,27.0,27.0,0.125,0.125,0.125,0.125,0.125,0.125,0.125,0.125
28,28.0,28.0,0.125,0.125,0.125,0.125,0.125,0.125,0.125,0.125
29,29.0,29.0,0.125,0.125,0.125,0.125,0.125,0.125,0.125,0.125
30,30.0,30.0,0.125,0.125,0.125,0.125,0.125,0.125,0.125,0.125
31,31.0,31.0,0.125,0.125,0.125,0.125,0.125,0.125,0.125,0.125
32,32.0,32.0,0.125,0.125,0.125,0.125,0.125,0.125,0.125,0.125
33,33.0,33.0,0.125,0.125,0.125,0.125,0.125,0.125,0.125,0.125
34,34.0,34.0,0.125,0.125,0.125,0.125,0.125,0.125,0.125,0.125
35,35.0,35.0,0.125,0.125,0.125,0.125,0.125,0.125,0.125,0.125
36,36.0,36.0,0.125,0.125,0.125,0.125,0.125,0.125,0.125,0.125
37,37.0,37.0,0.125,0.125,0.125,0.125,0.125,0.125,0.125,0.125
38,38.0,38.0,0.125,0.125,0.125,0.125,0.125,0.125,0.125,0.125
39,39.0,39.0,0.125,0.125,0.125,0.125,0.125,0.125,0.125,0.125
40,40.0,40.0,0.125,0.125,0.125,0.125,0.125,0.125,0.125,0.125
41,41.0,41.0,0.125,0.125,0.125,0.125,0.125,0.125,0.125,0.125
42,42.0,42.0,0.125,0.125,0.125,0.125,0.125,0.125,0.125,0.125
43,43.0,43.0,0.125,0.125,0.125,0.125,0.125,0.125,0.125,0.125
44,44.0,44.0,0.125,0.125,0.125,0.125,0.125,0.125,0.125,0.125
45,45.0,45.0,0.125,0.125,0.125,0.125,0.125,0.125,0.125,0.125
46,46.0,46.0,0.125,0.125,0.125,0.125,0.125,0.125,0.125,0.125
47,47.0,47.0,0.125,0.125,0.125,0.125,0.125,0.125,0.125,0.125
48,48.0,48.0,0.125,0.125,0.125,0.125,0.125,0.125,0.125,0.125
49,49.0,49.0,0.125,0.125,0.125,0.125,0.125,0.125,0.125,0.125
50,50.0,50.0,0.125,0.125,0.125,0.125,0.125,0.125,0.125,0.125
51,51.0,51.0,0.125,0.125,0.125,0.125,0.125,0.125,0.125,0.125
52,52.0,52.0,0.125,0.125,0.125,0.125,0.125,0.125,0.125,0.125
53,53.0,53.0,0.125,0.125,0.125,0.125,0.125,0.125,0.125,0.125
54,54.0,54.0,0.125,0.125,0.125,0.125,0.125,0.125,0.125,0.125
55,55.0,55.0,0.125,0.125,0.125,0.125,0.125,0.125,0.125,0.125
56,56.0,56.0,0.125,0.125,0.125,0.125,0.125,0.125,0.125,0.125
57,57.0,57.0,0.125,0.125,0.125,0.125,0.125,0.125,0.125,0.125
58,58.0,58.0,0.125,0.125,0.125,0.125,0.125,0.125,0.125,0.125
59,59.0,59.0,0.125,0.125,0.125,0.125,0.125,0.125,0.125,0.125
60,60.0,60.0,0.125,0.125,0.125,0.125,0.125,0.125,0.125,0.125
61,61.0,61.0,0.125,0.125,0.125,0.125,0.125,0.125,0.125,0.125
62,62.0,62.0,0.125,0.125,0.125,0.125,0.125,0.125,0.125,0.125
63,63.0,63.0,0.125,0.125,0.125,0.125,0.125,0.125,0.125,0.125
64,64.0,64.0,0.125,0.125,0.125,0.125,0.125,0.125,0.125,0.125
65,65.0,65.0,0.125,0.125,0.125,0.125,0.125,0.125,0.125,0.125
66,66.0,66.0,0.125,0.125,0.125,0.125,0.125,0.125,0.125,0.125
67,67.0,67.0,0.125,0.125,0.125,0.125,0.125,0.125,0.125,0.125
68,68.0,68.0,0.125,0.125,0.125,0.125,0.125,0.125,0.125,0.125
69,69.0,69.0,0.125,0.125,0.125,0.125,0.125,0.125,0.125,0.125
70,70.0,70.0,0.125,0.125,0.125,0.125,0.125,0.125,0.125,0.125
71,71.0,71.0,0.125,0.125,0.125,0.125,0.125,0.125,0.125,0.125
72,72.0,72.0,0.125,0.125,0.125,0.125,0.125,0.125,0.125,0.125
73,73.0,73.0,0.125,0.125,0.125,0.125,0.125,0.125,0.125,0.125
74,74.0,74.0,0.125,0.125,0.125,0.125,0.125,0.125,0.125,0.125
75,75.0,75.0,0.125,0.125,0.125,0.125,0.125,0.125,0.125,0.125
76,76.0,76.0,0.125,0.125,0.125,0.125,0.125,0.125,0.125,0.125
77,77.0,77.0,0.125,0.125,0.125,0.125,0.125,0.125,0.125,0.125
78,78.0,78.0,0.125,0.125,0.125,0.125,0.125,0.125,0.125,0.125
79,79.0,79.0,0.125,0.125,0.125,0.125,0.125,0.125,0.125,0.125
80,80.0,80.0,0.125,0.125,0.125,0.125,0.125,0.125,0.125,0.125
81,81.0,81.0,0.125,0.125,0.125,0.125,0.125,0.125,0.125,0.125
82,82.0,82.0,0.125,0.125,0.125,0.125,0.125,0.125,0.125,0.125
83,83.0,83.0,0.125,0.125,0.125,0.125,0.125,0.125,0.125,0.125
84,84.0,84.0,0.125,0.125,0.125,0.125,0.125,0.125,0.125,0.125
85,85.0,85.0,0.125,0.125,0.125,0.125,0.125,0.125,0.125,0.125
86,86.0,86.0,0.125,0.125,0.125,0.125,0.125,0.125,0.125,0.125
87,87.0,87.1,0.125,0.125,0.125,0.125,0.125,0.125,0.125,0.125
88,88.0,88.1,0.125,0.125,0.125,0.125,0.125,0.125,0.125,0.125
89,89.0,89.1,0.125,0.125,0.125,0.125,0.125,0.125,0.125,0.125
90,90.0,90.1,0.125,0.125,0.125,0.125,0.125,0.125,0.125,0.125
91,91.0,91.1,0.125,0.125,0.125,0.125,0.125,0.125,0.125,0.125
92,92.0,92.1,0.125,0.125,0.125,0.125,0.125,0.125,0.125,0.125
93,93.0,93.1,0.125,0.125,0.125,0.125,0.125,0.125,0.125,0.125
94,94.0,94.1,0.125,0.125,0.125,0.125,0.125,0.125,0.125,0.125
95,95.0,95.1,0.125,0.125,0.125,0.125,0.125,0.125,0.125,0.125
96,96.0,96.1,0.125,0.125,0.125,0.125,0.125,0.125,0.125,0.125
97,97.0,97.1,0.125,0.125,0.125,0.125,0.125,0.125,0.125,0.125
98,98.0,98.1,0.125,0.125,0.125,0.125,0.125,0.125,0.125,0.125
99,99.0,99.1,0.125,0.125,0.125,0.125,0.125,0.125,0.125,0.125
100,100.0,100.1,0.125,0.125,0.125,0.125,0.125,0.125,0.125,0.125
101,101.0,101.1,0.125,0.125,0.125,0.125,0.125,0.125,0.125,0.125
102,102.0,102.1,0.125,0.125,0.125,0.125,0.125,0.125,0.125,0.125
103,103.0,103.1,0.125,0.125,0.125,0.125,0.125,0.125,0.125,0.125
104,104.0,104.1,0.125,0.125,0.125,0.125,0.125,0.125,0.125,0.125
105,105.0,105.2,0.125,0.125,0.125,0.125,0.125,0.125,0.125,0.125
106,106.0,106.2,0.125,0.125,0.125,0.125,0.125,0.125,0.125,0.125
107,107.0,107.2,0.125,0.125,0.125,0.125,0.125,0.125,0.125,0.125
108,108.0,108.2,0.125,0.125,0.125,0.125,0.125,0.125,0.125,0.125
109,109.0,109.2,0.125,0.125,0.125,0.125,0.125,0.125,0.125,0.125
110,110.0,110.3,0.125,0.125,0.125,0.125,0.125,0.125,0.125,0.125
111,111.0,111.3,0.125,0.125,0.125,0.125,0.125,0.125,0.125,0.125
112,112.0,112.3,0.125,0.125,0.125,0.125,0.125,0.125,0.125,0.125
113,113.0,113.3,0.125,0.125,0.125,0.125,0.125,0.125,0.125,0.125
114,114.0,114.3,0.125,0.125,0.125,0.125,0.125,0.125,0.125,0.125
115,115.0,115.3,0.125,0.125,0.125,0.125,0.125,0.125,0.125,0.125
116,116.0,116.3,0.125,0.125,0.125,0.125,0.125,0.125,0.125,0.125
117,117.0,117.3,0.125,0.125,0.125,0.125,0.125,0.125,0.125,0.125
118,118.0,118.3,0.125,0.125,0.125,0.125,0.125,0.125,0.125,0.125
119,119.0,119.3,0.125,0.125,0.125,0.125,0.125,0.125,0.125,0.125
120,120.0,120.3,0.125,0.125,0.125,0.125,0.125,0.125,0.125,0.125
121,121.0,121.3,0.125,0.125,0.125,0.125,0.125,0.125,0.125,0.125
122,122.0,122.3,0.125,0.125,0.125,0.125,0.125,0.125,0.125,0.125
123,123.0,123.3,0.125,0.125,0.125,0.125,0.125,0.125,0.125,0.125
124,124.0,124.3,0.125,0.125,0.125,0.125,0.125,0.125,0.125,0.125
125,125.0,125.3,0.125,0.125,0.125,0.125,0.125,0.125,0.125,0.125
126,126.0,126.3,0.125,0.125,0.125,0.125,0.125,0.125,0.125,0.125
127,127.0,127.3,0.125,0.125,0.125,0.125,0.125,0.125,0.125,0.125
128,128.0,128.3,0.125,0.125,0.125,0.125,0.125,0.125,0.125,0.125
129,129.0,129.3,0.125,0.125,0.125,0.125,0.125,0.125,0.125,0.125
130,130.0,130.3,0.125,0.125,0.125,0.125,0.125,0.125,0.125,0.125
131,131.0,131.3,0.125,0.125,0.125,0.125,0.125,0.125,0.125,0.125
132,132.0,132.3,0.125,0.125,0.125,0.125,0.125,0.125,0.125,0.125
133,133.0,133.3,0.125,0.125,0.125,0.125,0.125,0.125,0.125,0.125
134,134.0,134.3,0.125,0.125,0.125,0.125,0.125,0.125,0.125,0.125
135,135.0,135.3,0.125,0.125,0.125,0.125,0.125,0.125,0.125,0.125
136,136.0,136.3,0.125,0.125,0.125,0.125,0.125,0.125,0.125,0.125
137,137.0,137.3,0.125,0.125,0.125,0.125,0.125,0.125,0.125,0.125
138,138.0,138.3,0.125,0.125,0.125,0.125,0.125,0.125,0.125,0.125
139,139.0,139.3,0.125,0.125,0.125,0.125,0.125,0.125,0.125,0.125
140,140.0,140.3,0.125,0.125,0.125,0.125,0.125,0.125,0.125,0.125
141,141.0,141.3,0.125,0.125,0.125,0.125,0.125,0.125,0.125,0.125
142,142.0,142.3,0.125,0.125,0.125,0.125,0.125,0.125,0.125,0.125
143,143.0,143.3,0.125,0.125,0.125,0.125,0.125,0.125,0.125,0.125
144,144.0,144.3,0.125,0.125,0.125,0.125,0.125,0.125,0.125,0.125
145,145.0,145.3,0.125,0.125,0.125,0.125,0.125,0.125,0.125,0.125
146,146.0,146.3,0.125,0.125,0.125,0.125,0.125,0.125,0.125,0.125
147,147.0,147.3,0.125,0.125,0.125,0.125,0.125,0.125,0.125,0.125
148,148.0,148.3,0.125,0.125,0.125,0.125,0.125,0.125,0.125,0.125
149,149.0,149.3,0.125,0.125,0.125,0.125,0.125,0.125,0.125,0.125
150,150.0,150.3,0.125,0.125,0.125,0.125,0.125,0.125,0.125,0.125
151,151.0,151.3,0.125,0.125,0.125,0.125,0.125,0.125,0.125,0.125
152,152.0,152.3,0.125,0.125,0.125,0.125,0.125,0.125,0.125,0.125
153,153.0,153.3,0.125,0.125,0.125,0.125,0.125,0.125,0.125,0.125
154,154.0,154.3,0.125,0.125,0.125,0.125,0.125,0.125,0.125,0.125
155,155.0,155.3,0.125,0.125,0.125,0.125,0.125,0.125,0.125,0.125
156,156.0,156.3,0.125,0.125,0.125,0.125,0.125,0.125,0.125,0.125
157,157.0,157.3,0.125,0.125,0.125,0.125,0.125,0.125,0.125,0.125
158,158.0,158.3,0.125,0.125,0.125,0.125,0.125,0.125,0.125,0.125
159,159.0,159.3,0.125,0.125,0.125,0.125,0.125,0.125,0.125,0.125
160,160.0,160.3,0.125,0.125,0.125,0.125,0.125,0.125,0.125,0.125
161,161.0,161.3,0.125,0.125,0.125,0.125,0.125,0.125,0.125,0.125
162,162.0,162.3,0.125,0.125,0.125,0.125,0.125,0.125,0.125,0.125
163,163.0,163.3,0.125,0.125,0.125,0.125,0.125,0.125,0.125,0.125
164,164.0,164.3,0.125,0.125,0.125,0.125,0.125,0.125,0.125,0.125
165,165.0,165.3,0.125,0.125,0.125,0.125,0.125,0.125,0.125,0.125
166,166.0,166.3,0.125,0.125,0.125,0.125,0.125,0.125,0.125,0.125
167,167.0,167.3,0.125,0.125,0.125,0.125,0.125,0.125,0.125,0.125
168,168.0,168.3,0.125,0.125,0.125,0.125,0.125,0.125,0.125,0.125
169,169.0,169.3,0.125,0.125,0.125,0.125,0.125,0.125,0.125,0.125
170,170.0,170.3,0.125,0.125,0.125,0.125,0.125,0.125,0.125,0.125
171,171.0,171.3,0.125,0.125,0.125,0.125,0.125,0.125,0.125,0.125
172,172.0,172.3,0.125,0.125,0.125,0.125,0.125,0.125,0.125,0.125
173,173.0,173.3,0.125,0.125,0.125,0.125,0.125,0.125,0.125,0.125
174,174.0,174.3,0.125,0.125,0.125,0.125,0.125,0.125,0.125,0.125
175,175.0,175.3,0.125,0.125,0.125,0.125,0.125,0.125,0.125,0.125
176,176.0,176.3,0.125,0.125,0.125,0.125,0.125,0.125,0.125,0.125
177,177.0,177.3,0.125,0.125,0.125,0.125,0.125,0.125,0.125,0.125
178,178.0,178.3,0.125,0.125,0.125,0.125,0.125,0.125,0.125,0.125
179,179.0,179.3,0.125,0.125,0.125,0.125,0.125,0.125,0.125,0.125
180,180.0,180.3,0.125,0.125,0.125,0.125,0.125,0.125,0.125,0.125
181,181.0,181.3,0.125,0.125,0.125,0.125,0.125,0.125,0.125,0.125
182,182.0,182.3,0.125,0.125,0.125,0.125,0.125,0.125,0.125,0.125
183,183.0,183.3,0.125,0.125,0.125,0.125,0.125,0.125,0.125,0.125
184,184.0,184.3,0.125,0.125,0.125,0.125,0.125,0.125,0.125,0.125
185,185.0,185.3,0.125,0.125,0.125,0.125,0.125,0.125,0.125,0.125
186,186.0,186.3,0.125,0.125,0.125,0.125,0.125,0.125,0.125,0.125
187,187.0,187.3,0.125,0.125,0.125,0.125,0.125,0.125,0.125,0.125
188,188.0,188.3,0.125,0.125,0.125,0.125,0.125,0.125,0.125,0.125
189,189.0,189.3,0.125,0.125,0.125,0.125,0.125,0.125,0.125,0.125
190,190.0,190.3,0.125,0.125,0.125,0.125,0.125,0.125,0.125,0.125
191,191.0,191.3,0.125,0.125,0.125,0.125,0.125,0.125,0.125,0.125
192,192.0,192.3,0.125,0.125,0.125,0.125,0.125,0.125,0.125,0.125
193,193.0,193.3,0.125,0.125,0.125,0.125,0.125,0.125,0.125,0.125
194,194.0,194.3,0.125,0.125,0.125,0.125,0.125,0.125,0.125,0.125
195,195.0,195.3,0.125,0.125,0.125,0.125,0.125,0.125,0.125,0.125
196,196.0,196.3,0.125,0.125,0.125,0.125,0.125,0.125,0.125,0.125
197,197.0,197.3,0.125,0.125,0.125,0.125,0.125,0.125,0.125,0.125
198,198.0,198.3,0.125,0.125,0.125,0.125,0.125,0.125,0.125,0.125
199,199.0,199.3,0.125,0.125,0.125,0.125,0.125,0.125,0.125,0.125
200,200.0,200.3,0.12250000000000001,0.1325,0.12250000000000001,0.12250000000000001,0.12250000000000001,0.1325,0.12250000000000001,0.12250000000000001
201,201.0,201.3,0.12250000000000001,0.1325,0.12250000000000001,0.12250000000000001,0.12250000000000001,0.1325,0.12250000000000001,0.12250000000000001
202,202.0,202.3,0.12250000000000001,0.1325,0.12250000000000001,0.12250000000000001,0.12250000000000001,0.1325,0.12250000000000001,0.12250000000000001
203,203.0,203.3,0.12250000000000001,0.1325,0.12250000000000001,0.12250000000000001,0.12250000000000001,0.1325,0.12250000000000001,0.12250000000000001
204,204.0,204.3,0.12250000000000001,0.1325,0.12250000000000001,0.12250000000000001,0.12250000000000001,0.1325,0.12250000000000001,0.12250000000000001
205,205.0,205.3,0.12250000000000001,0.12250000000000001,0.12250000000000001,0.12250000000000001,0.12250000000000001,0.14250000000000002,0.12250000000000001,0.12250000000000001
206,206.0,206.3,0.11588235294117646,0.11588235294117646,0.12176470588235296,0.12176470588235296,0.12176470588235296,0.13588235294117648,0.13352941176470587,0.13352941176470587
207,207.0,207.3,0.11555555555555555,0.11555555555555555,0.12111111111111113,0.13111111111111112,0.12111111111111113,0.12555555555555556,0.1322222222222222,0.13777777777777778
208,208.0,208.3,0.11526315789473682,0.11526315789473682,0.12052631578947368,0.13052631578947366,0.12052631578947368,0.12526315789473683,0.13631578947368422,0.13631578947368422
209,209.0,209.3,0.11499999999999999,0.11499999999999999,0.12,0.13,0.12,0.125,0.14,0.135
210,210.0,210.3,0.11385281385281387,0.12294372294372295,0.11861471861471862,0.1277056277056277,0.11861471861471862,0.1277056277056277,0.13766233766233765,0.1329004329004329
211,211.0,211.3,0.11363636363636362,0.12272727272727271,0.11818181818181817,0.12727272727272726,0.11818181818181817,0.12727272727272726,0.1409090909090909,0.1318181818181818
212,212.0,212.3,0.11268115942028985,0.12101449275362319,0.11702898550724636,0.1253623188405797,0.11702898550724636,0.1253623188405797,0.1431159420289855,0.13840579710144923
213,213.0,213.3,0.11204013377926421,0.11973244147157189,0.12408026755852841,0.12408026755852841,0.11638795986622072,0.12408026755852841,0.14247491638795987,0.13712374581939796
214,214.0,214.3,0.11065124489037532,0.118343552582683,0.12269137866963953,0.12269137866963953,0.11499907097733184,0.13380248978075066,0.14108602749907098,0.13573485693050907
215,215.0,215.3,0.11010179434092478,0.11724465148378191,0.12159247757073843,0.12873533471359558,0.11444962042788129,0.13270358868184956,0.14053657694962043,0.13463595583160798
216,216.0,216.3,0.10851449275362317,0.12184782608695652,0.11952898550724637,0.12619565217391304,0.11286231884057969,0.12952898550724637,0.14894927536231883,0.1325724637681159
217,217.0,217.3,0.10851449275362317,0.12184782608695652,0.11952898550724637,0.12619565217391304,0.11286231884057969,0.12952898550724637,0.14894927536231883,0.1325724637681159
218,218.0,218.3,0.10851449275362317,0.12184782608695652,0.11286231884057969,0.12619565217391304,0.11952898550724637,0.12952898550724637,0.14894927536231883,0.1325724637681159
219,219.0,219.3,0.10851449275362317,0.12184782608695652,0.11286231884057969,0.12619565217391304,0.11952898550724637,0.12952898550724637,0.14894927536231883,0.1325724637681159
220,220.0,220.3,0.10851449275362317,0.12184782608695652,0.11286231884057969,0.12619565217391304,0.11952898550724637,0.12952898550724637,0.15329710144927536,0.1282246376811594
221,221.0,221.3,0.1088095238095238,0.1302380952380952,0.11297619047619048,0.12726190476190474,0.11297619047619048,0.12297619047619046,0.15630952380952381,0.12845238095238093
222,222.0,222.3,0.10816666666666666,0.12816666666666668,0.11216666666666666,0.13216666666666668,0.11216666666666666,0.12216666666666667,0.15816666666666665,0.12683333333333333
223,223.0,223.4,0.10759615384615384,0.12634615384615383,0.11144230769230767,0.13019230769230766,0.11144230769230767,0.12144230769230768,0.15990384615384615,0.13163461538461538
224,224.0,224.4,0.10722850678733031,0.13075791855203617,0.11107466063348417,0.12872171945701355,0.11107466063348417,0.11107466063348417,0.16953619909502263,0.13053167420814477
225,225.0,225.4,0.1059926184926185,0.12821484071484074,0.10983877233877233,0.13206099456099457,0.10983877233877233,0.10983877233877233,0.17557303807303806,0.12864219114219114
226,226.0,226.4,0.1035537561853351,0.13571749887539358,0.10739991003148897,0.1420490328385065,0.1035537561853351,0.10739991003148897,0.17470760233918128,0.12561853351327032
227,227.0,227.4,0.10314814814814814,0.13925925925925925,0.10685185185185184,0.14018518518518516,0.10314814814814814,0.10685185185185184,0.1762962962962963,0.12425925925925925
228,228.0,228.4,0.10523809523809521,0.14547619047619045,0.10523809523809521,0.13738095238095238,0.10166666666666666,0.10999999999999999,0.1730952380952381,0.12190476190476188
229,229.0,229.4,0.10438061938061938,0.14353646353646352,0.10438061938061938,0.1348001998001998,0.10080919080919079,0.10892607392607392,0.18255244755244754,0.1206143856143856
230,230.0,230.4,0.10418299092212133,0.14235069278547538,0.10061156235069277,0.13796225513616817,0.10061156235069277,0.10853081700907788,0.18572861920688005,0.12002150023889153
231,231.0,231.4,0.10338723495395157,0.14167808952666522,0.09993895909188262,0.13661704861854784,0.09993895909188262,0.1077350610409081,0.19172520882415936,0.11897943885200254
232,232.0,232.4,0.10177206851119894,0.14502635046113305,0.09843873517786561,0.1436166007905138,0.09843873517786561,0.10611989459815545,0.1894532279314888,0.11713438735177864
233,233.0,233.4,0.10913277232351563,0.15021972884525478,0.0975736325385694,0.14188639551192145,0.0975736325385694,0.10079943899018232,0.18686769518466573,0.11594670406732115
234,234.0,234.4,0.11536186931348218,0.14702853598014887,0.09675144747725392,0.13933622828784117,0.09675144747725392,0.09997725392886682,0.19003101736972705,0.11476220016542596
235,235.0,235.4,0.11519520264681553,0.1458618693134822,0.09658478081058726,0.1381695616211745,0.09658478081058726,0.09981058726220016,0.18953101736972705,0.11826220016542596
236,236.0,236.4,0.11462468982630272,0.14779776674937964,0.09601426799007443,0.13625930521091809,0.09601426799007443,0.10549007444168734,0.18656947890818856,0.11723014888337469
237,237.0,237.4,0.11462468982630272,0.14779776674937964,0.09601426799007443,0.13625930521091809,0.09601426799007443,0.10549007444168734,0.18656947890818856,0.11723014888337469
238,238.0,238.4,0.1142570427674792,0.14706247263173258,0.0956466209312509,0.13552401109327103,0.0956466209312509,0.10475478032404029,0.19024594949642387,0.11686250182455116
239,239.0,239.4,0.11408409153570442,0.13963964709125998,0.09547366969947614,0.1359473393989523,0.09547366969947614,0.1042550317066446,0.19797546181417147,0.11715108905431486
240,240.0,240.4,0.11385290148448042,0.13501349527665316,0.0951349527665317,0.13834682860998648,0.0951349527665317,0.10373144399460188,0.20211201079622132,0.11667341430499323
241,241.0,241.4,0.11323223968385258,0.13352495175075818,0.09462181784762429,0.1451695616211745,0.09462181784762429,0.10284762429923719,0.20057163863615476,0.11541034831357413
242,242.0,242.4,0.11303062678062678,0.13342414529914529,0.09452101139601139,0.1480929487179487,0.09452101139601139,0.1026460113960114,0.1987571225071225,0.1150071225071225
243,243.0,243.4,0.11284123284123285,0.1296257446257446,0.09442631442631441,0.1478088578088578,0.09442631442631441,0.10245661745661745,0.20378658378658376,0.11462833462833463
244,244.0,244.4,0.1127089577089577,0.13253579753579753,0.09429403929403929,0.14661838161838162,0.09429403929403929,0.10232434232434232,0.2031252081252081,0.11409923409923409
245,245.0,245.4,0.11240755188016852,0.13170775471992507,0.09408176002496488,0.14524262755500078,0.09408176002496488,0.10202293649555312,0.2072054922764862,0.11325011702293648
246,246.0,246.4,0.11223948465327775,0.1316237211064797,0.0939977264115195,0.14499052671466464,0.0939977264115195,0.10185486926866236,0.2083819628647215,0.11291398256915497
247,247.0,247.4,0.1120807544945476,0.13154435602711462,0.09391836133215442,0.1447524314765694,0.09391836133215442,0.10169613910993221,0.21294134983790158,0.1091482463896257
248,248.0,248.4,0.10718564959944268,0.12664925113200973,0.09531696273075582,0.14754963427377218,0.09531696273075582,0.1030947405085336,0.21433995123650296,0.1105468477882271
249,249.0,249.4,0.10718564959944268,0.12320097526994078,0.09531696273075582,0.14754963427377218,0.09531696273075582,0.1030947405085336,0.22056600487634967,0.1077690700104493
250,250.0,250.4,0.10707070707070705,0.1226262626262626,0.0952020202020202,0.14651515151515151,0.0952020202020202,0.10297979797979798,0.22297979797979797,0.10742424242424242
251,251.0,251.4,0.10672508495089139,0.12161243774146997,0.09485639808220452,0.1448331238653819,0.09485639808220452,0.10239608062188706,0.2278569101149746,0.10686356654098587
252,252.0,252.4,0.10373085695666337,0.12117953730856956,0.0946399478657543,0.14418377321603126,0.0946399478657543,0.10196318018898665,0.23301564027370478,0.10664711632453568
253,253.0,253.4,0.10335734697147739,0.12020517305843392,0.09426643788056831,0.14245840455079584,0.09426643788056831,0.10131696667022752,0.2382073897019549,0.10592184328597372
254,254.0,254.4,0.1030103668261563,0.11929824561403506,0.09391945773524721,0.14387958532695375,0.09391945773524721,0.10071770334928228,0.240011961722488,0.10524322169059012
255,255.0,255.4,0.10268709721650895,0.1184518030988619,0.09359618812559987,0.14228589058000823,0.09359618812559987,0.10016029068970242,0.24461579596873712,0.10460674619498148
256,256.0,256.4,0.10246914849856026,0.11808000822706703,0.09337823940765116,0.14163204442616206,0.09337823940765116,0.09972439325380501,0.2445773344302756,0.10676059234882765
257,257.0,257.4,0.10226572274635401,0.12143783603611435,0.09317481365544492,0.14102176716954334,0.09317481365544492,0.09931754174939252,0.24323326522035274,0.1063742397673531
258,258.0,258.4,0.1021236171236171,0.12095959595959596,0.09303270803270802,0.140007215007215,0.09303270803270802,0.0991173641173641,0.24583694083694083,0.10588985088985088
259,259.0,259.4,0.10198888105864848,0.12050739957716701,0.09289797196773938,0.13904745125675358,0.09289797196773938,0.09892725706679192,0.24830279539581865,0.10543027170934147
260,260.0,260.4,0.10186095186095186,0.12007917007917006,0.09277004277004276,0.13813813813813813,0.09277004277004276,0.09874647374647373,0.25064155064155064,0.10499362999362997
261,261.0,261.4,0.10188177319756267,0.12010039667934402,0.09279086410665358,0.13385658201447675,0.09279086410665358,0.0950130863288758,0.2588457448983765,0.10472068866805709
262,262.0,262.4,0.10162353749310268,0.11928735515692038,0.0925326284021936,0.132751990360686,0.0925326284021936,0.09470654144567187,0.2623827460783983,0.1041825726608335
263,263.0,263.4,0.10155943492900014,0.11896684233640756,0.09246852583809105,0.13461096471966036,0.09246852583809105,0.09464243888156931,0.26129300248865467,0.10399026496852581
264,264.0,264.4,0.10131993071795872,0.11821888542179146,0.09222902162704964,0.13353692234076248,0.09222902162704964,0.09435668120151774,0.2646194879329285,0.1034900491309417
265,265.0,265.4,0.09212662337662338,0.11788419913419909,0.09212662337662338,0.1418560606060606,0.09212662337662338,0.09420995670995672,0.26653138528138526,0.10313852813852813
266,266.0,266.4,0.09114800691728173,0.1240135508894817,0.09114800691728173,0.1429667937744464,0.09114800691728173,0.09318882324381234,0.264465192652843,0.10192161868757124
267,267.0,267.4,0.09093939393939393,0.12336363636363637,0.09093939393939393,0.14393939393939392,0.09093939393939393,0.09293939393939393,0.26545454545454544,0.10148484848484847
268,268.0,268.4,0.09084967320261436,0.12307189542483658,0.09084967320261436,0.14313725490196078,0.09084967320261436,0.09281045751633984,0.26725490196078433,0.10117647058823527
269,269.0,269.4,0.0908119658119658,0.12303418803418802,0.0908119658119658,0.14294871794871794,0.0908119658119658,0.09273504273504271,0.26782051282051283,0.101025641025641
270,270.0,270.4,0.09066815445999862,0.12267532291878,0.09066815445999862,0.1425522418340434,0.09066815445999862,0.09255494691282881,0.27166227091364037,0.09855075404071142
271,271.0,271.4,0.09061984528125466,0.12243377702506017,0.09061984528125466,0.14414644473259414,0.09061984528125466,0.09250663773408487,0.2705994689812732,0.0984541356832235
272,272.0,272.4,0.08983175971960594,0.12766932109440138,0.08983175971960594,0.141661326930797,0.08983175971960594,0.09171855217243614,0.27183572399098294,0.09761979665256461
273,273.0,273.4,0.08910834535834534,0.12493085618085617,0.08910834535834534,0.1409151034151034,0.08910834535834534,0.09096019721019719,0.27912157287157285,0.09674723424723422
274,274.0,274.4,0.08846684128196732,0.12251245952926623,0.08846684128196732,0.1452113572701808,0.08846684128196732,0.09028502310014912,0.2776872567208702,0.09890337953363162
275,275.0,275.4,0.0883095238095238,0.1220238095238095,0.0883095238095238,0.14430952380952378,0.0883095238095238,0.09009523809523808,0.28011904761904766,0.09852380952380951
276,276.0,276.4,0.08815961472308222,0.12155830753353972,0.08815961472308222,0.1387392500859993,0.08815961472308222,0.08991400068799447,0.2871482628138975,0.09816133470932231
277,277.0,277.4,0.0876301655906919,0.11947787868840501,0.0876301655906919,0.14494656599919759,0.0876301655906919,0.08938455155560418,0.28578140387350914,0.09751910311120836
278,278.0,278.4,0.08712486227240954,0.11946904125482674,0.08712486227240954,0.14260193855989814,0.08712486227240954,0.0947313531446205,0.2832832948266798,0.09853978539674609
279,279.0,279.4,0.08699322261136816,0.11902774582236195,0.08699322261136816,0.14361367464557892,0.08699322261136816,0.09457049080678191,0.28361958284690086,0.09818883804427173
280,280.0,280.4,0.08686720142602494,0.11860516934046343,0.08853386809269162,0.14459001782531195,0.08686720142602494,0.09441622103386808,0.28226827094474155,0.09785204991087343
281,281.0,281.4,0.08680741148918583,0.11838304174128667,0.08844675575148091,0.14386899021903843,0.08680741148918583,0.09432910869265738,0.28370677779308445,0.09765050282408044
282,282.0,282.4,0.08529977763325021,0.11659681506182881,0.08691268085905665,0.14341642111867037,0.08529977763325021,0.10390614491134424,0.2826235818909672,0.0959448008916322
283,283.0,283.4,0.08518585595157602,0.118596461573135,0.0867731575388776,0.14259755626388487,0.08518585595157602,0.10376662159116519,0.282254338517016,0.09564015261276923
284,284.0,284.4,0.08507646070187369,0.11817483998263607,0.08663896070187369,0.14350249075126043,0.08740204209722253,0.10363242475416128,0.28022582365951243,0.09534695735145982
285,285.0,285.4,0.08386020841903194,0.1166587823940765,0.08539866995749347,0.15160050733580144,0.0861329356917592,0.10128102289866994,0.2811144247908954,0.09395344851227203
286,286.0,286.4,0.08375907094084528,0.11626951774251677,0.08527422245599679,0.1546980655153268,0.0859812931630675,0.10115657539717327,0.27918001129910486,0.09368124348596864
287,287.0,287.4,0.0827526156148031,0.11498592969779955,0.08424515292823595,0.1520666233860585,0.08492652865828136,0.0992184149603215,0.2892951536166808,0.09250958113781915
288,288.0,288.4,0.08265881142914934,0.11462535691259094,0.08412939966444345,0.15128048317973225,0.08478647100361743,0.09910266169652901,0.291160690581842,0.09225612553209549
289,289.0,289.4,0.07933210784313724,0.11104166666666666,0.08080269607843135,0.15650735294117646,0.08141544117647057,0.10501838235294117,0.2870220588235294,0.09886029411764705
290,290.0,290.4,0.07862452673377042,0.11008634222919936,0.08009511496906453,0.16315864807461444,0.08066534306030101,0.10366977560254868,0.2856140917905624,0.09808615753993903
291,291.0,291.4,0.07762999660186362,0.1088528130011506,0.07907927196418245,0.1614844132849248,0.07962999660186362,0.11083575077948479,0.2864545991093305,0.09603315865719957
292,292.0,292.4,0.07699801223067246,0.10799011056254251,0.07842658365924388,0.1656881748628895,0.07895879654439794,0.10963361192509566,0.28704818155213235,0.09525652866302557
293,293.0,293.4,0.07644204456134861,0.10721127533057935,0.07785049526557396,0.16405925612636463,0.07836512148442552,0.10858133305523528,0.2862633858822757,0.10122708829419683
294,294.0,294.4,0.0763861982757654,0.10704657563425594,0.07777508716465428,0.1638525936389421,0.07827299072859559,0.10850592495431562,0.28710391932644985,0.10105671027702101
295,295.0,295.4,0.07727626330966605,0.10793664066815663,0.07864612632336468,0.16466655517208176,0.07916305576249624,0.11119514593120783,0.2883364501137752,0.09277976271925155
296,296.0,296.4,0.07756914523218869,0.10287107759933845,0.07892049658354004,0.1654282543412978,0.07942099708404055,0.10703643861252557,0.2958112460286373,0.09294234451843146
297,297.0,297.4,0.0757402172990408,0.10010232577879637,0.07548624904507253,0.16822998896528304,0.0807330022918258,0.10358148714031064,0.30831436210847973,0.08781236737119087
298,298.0,298.4,0.07518722054549518,0.09869772803487589,0.07495805387882849,0.17459618824055442,0.08009793483120944,0.10303317124972051,0.30617331768388106,0.08725638553543481
299,299.0,299.4,0.07484393274853798,0.09757785087719296,0.07461476608187131,0.179203216374269,0.07972331871345027,0.10267032163742687,0.3045043859649123,0.08686220760233916
300,300.0,300.4,0.07434568785431475,0.09636741671591134,0.07412301578953742,0.17666267131256067,0.08551661187597091,0.10215954546990272,0.30453246069827383,0.08629259028352829
301,301.0,301.4,0.07320860426792627,0.09505010678739488,0.07299215405147606,0.17617079934876542,0.09337608299472702,0.09919199025131227,0.30492422259371416,0.08508603970468374
302,302.0,302.4,0.07222981247608111,0.09389647914274776,0.07201932644469955,0.1778207041714504,0.09154822043628011,0.09668599311136623,0.3117598545732874,0.08403960964408723
303,303.0,303.4,0.07137404852682258,0.09287102868212889,0.0711692830763386,0.17563847004188765,0.0899626664256978,0.10222866229361256,0.31363787735539095,0.0831179635981208
304,304.0,304.4,0.07063314404524634,0.09205080109108674,0.07043386868292752,0.18126823457662383,0.08860324461223182,0.09984489625184981,0.3148358580532678,0.08232995268676599
305,305.0,305.4,0.07009883165680264,0.0913542429122139,0.07655079086238503,0.17922431701417205,0.08755005193410988,0.09784949216108633,0.3156810513694571,0.0816912220897728
306,306.0,306.4,0.07004232434673843,0.089690805394676,0.07647922784620823,0.17990713455420507,0.08745209302009405,0.09776127912825949,0.3171340953585121,0.08153304035130651
307,307.0,307.4,0.06957069780327862,0.08906592098039504,0.07557624171806823,0.17805715665676972,0.08652353285118797,0.10225873116954502,0.3179853436437422,0.08096237517701302
308,308.0,308.4,0.06937229437229435,0.08873917748917748,0.07538419913419911,0.17722402597402595,0.08624458874458873,0.1020508658008658,0.3178354978354978,0.08314935064935064
309,309.0,309.4,0.0691934030013877,0.0884354037436337,0.07522542848763854,0.17648263591128488,0.08598740962450582,0.10187666305553977,0.3198418338481228,0.0829572223278866
310,310.0,310.4,0.06902051561365286,0.08821623093681914,0.07505809731299924,0.1761120188816267,0.08575344952795931,0.10170933188090048,0.3213988743645606,0.08273148148148146
311,311.0,311.4,0.06886602161434577,0.0880168241937765,0.07492262918888241,0.17581976976041777,0.08553959090529643,0.10157386375678365,0.3226675742209177,0.08259372635957964
312,312.0,312.4,0.06868700044749391,0.08771892435746657,0.07474843979381698,0.17504555878705055,0.08671635820246142,0.1013846186556056,0.32336658603745955,0.08233251371864528
313,313.0,313.4,0.06851269526869008,0.08742881043357498,0.07457878722271308,0.1742907516418271,0.0864510826209159,0.10120027316648819,0.3254596886818766,0.08207791096391392
314,314.0,314.4,0.06834292169818483,0.08714617984354825,0.07441349586086425,0.17355462519936202,0.08619275461380722,0.10102063871800712,0.32749971519708365,0.08182966886914253
315,315.0,315.4,0.06860817713403522,0.08737144582881076,0.06843307134095189,0.18114531548693466,0.08013578194931123,0.10295688086476143,0.32930309326915447,0.08204623412604017
316,316.0,316.4,0.06804396429396428,0.0879588242088242,0.06787302412302412,0.17916089166089164,0.07950124575124573,0.10073016698016697,0.3289559202059202,0.08777596277596277
317,317.0,317.4,0.06915195396561738,0.08767913192540891,0.06771920949489822,0.17963535930438385,0.07926091400532946,0.1005623467498002,0.3284498000758239,0.08754128447873792
318,318.0,318.4,0.06875868243907102,0.08720378105549728,0.06731399339118989,0.18359068429819098,0.07885396258822222,0.09867286252023685,0.3288990705905943,0.08670696311699731
319,319.0,319.4,0.06860704704573709,0.08700359876987503,0.06718231586294139,0.18410420074592687,0.07867313899976007,0.09852781958167026,0.3293867096337979,0.08651516936029138
320,320.0,320.4,0.06845908957465068,0.08680813559036335,0.06705378355941558,0.18346997088110978,0.07849668777891557,0.09838622562715175,0.3309982877025013,0.08632781928589187
321,321.0,321.4,0.06829713372706829,0.08776656298670682,0.06691074091577173,0.18392123137062585,0.07827182037517663,0.09823041485276227,0.3304924239531817,0.08610967181870656
322,322.0,322.4,0.06825659624529781,0.08759985461294639,0.06685923852172056,0.18453923716567186,0.07818462214893347,0.09816642806420423,0.3304092860351827,0.08598473720604279
323,323.0,323.4,0.06821699738482265,0.08621753343413918,0.06680890082963029,0.18636328586094889,0.07809951324294825,0.09810388035990394,0.33032730472897465,0.08586258415863199
324,324.0,324.4,0.06807270587168712,0.08605394226530723,0.06668347548073557,0.1860709940761185,0.07790807181731689,0.0979784550110092,0.33155350385247423,0.08567885162535113
325,325.0,325.4,0.06794213839381905,0.08590459260627326,0.06658159417613196,0.18702754178594513,0.07773151568319633,0.09787657370640561,0.33137489611229104,0.08556114753593744
326,326.0,326.4,0.06780435432396215,0.08574852344460186,0.06646151415759258,0.1867336312924548,0.07754886181356765,0.09775649368786622,0.33256221447397916,0.08538440680597541
327,327.0,327.4,0.0690397018094292,0.08693870381173105,0.06768676063295861,0.19294048013201523,0.07875409788680947,0.08973804268424065,0.3342303724491673,0.08067184059364833
328,328.0,328.4,0.06901510790131667,0.08569356056134267,0.06765226573474707,0.19284689642747965,0.07870011814266993,0.08970354778602911,0.3358054546293875,0.08058304881702724
329,329.0,329.4,0.06897911338448422,0.08554286932164168,0.06760656436487637,0.19344811837778586,0.07862349287541101,0.08964590183899644,0.33568170746559495,0.08047223237120935
330,330.0,330.4,0.06846771123106303,0.08491932413428882,0.0670856438410002,0.19283191478909129,0.07807239181297321,0.08698444206996922,0.34057455647464124,0.08106401564697283
331,331.0,331.4,0.06792083108506979,0.08434484948015668,0.06655678815125943,0.19634634042403926,0.07750039274644885,0.08562449390748571,0.3402583861162171,0.08144791808932303
332,332.0,332.4,0.06741222513569642,0.08376811084033493,0.06701813646574568,0.19346121240882286,0.07693986339734896,0.08440033435397538,0.3402452245406667,0.08675489285740885
333,333.0,333.4,0.06721077738830619,0.08402627813075794,0.06682484256840912,0.18688834311854632,0.076950816160786,0.08356452715007484,0.3483732485454483,0.08616116693767104
334,334.0,334.4,0.06652045951701482,0.08774433091956106,0.06614242738428353,0.18343067561818072,0.07708407376677524,0.08230816273060512,0.351655645253104,0.0851142248104752
335,335.0,335.4,0.06588738991226947,0.09133300636109622,0.06551701954189912,0.18604463383355835,0.07615160046540463,0.08116705733479408,0.3497443034642071,0.08415498908677077
336,336.0,336.4,0.06552032829555762,0.09066518344041277,0.06625628958197763,0.18499202886817562,0.07572456849979783,0.08034163339209209,0.3482500552454681,0.08824991267651816
337,337.0,337.4,0.06496121993948079,0.09017887185278486,0.06569244523592346,0.18743438445612357,0.07489033430337774,0.07936701704093005,0.35027849686545337,0.08719723030592592
338,338.0,338.4,0.06464005426925315,0.08919474325848867,0.06536658725385065,0.18669725654002794,0.07866194383548888,0.0790628234860179,0.3495600815056677,0.08681650985120495
339,339.0,339.4,0.06414031583508636,0.08788520410999287,0.0648622003335666,0.18575571249358563,0.0820915036510859,0.07818439461368383,0.35121762121338646,0.0858630477496122
340,340.0,340.4,0.06412097541447134,0.08783154659946708,0.06482705713166208,0.1856660856691616,0.08203784614056012,0.07815715280242405,0.3515859153170654,0.08577342092518812
341,341.0,341.4,0.06401242877013502,0.08772299995513078,0.06471418315609993,0.18307870058778658,0.08188450666307709,0.07709404585632877,0.3558748373491273,0.08561829766231434
342,342.0,342.4,0.06354877233713238,0.08651155550865341,0.06424623610524832,0.18669559940903335,0.08485297945687349,0.07629333755452368,0.35311448220064723,0.08473703742788799
343,343.0,343.4,0.06320068910826107,0.08543770338264647,0.0638831603726289,0.18830343779339512,0.08383513928008236,0.07560442474044497,0.3557556149562015,0.08397983036633941
344,344.0,344.4,0.06303856178486718,0.08845626775614458,0.063721033049235,0.18720248520864283,0.08320494500482181,0.0754422974170511,0.35514690358902185,0.08378750619021554
345,345.0,345.4,0.06634523512825398,0.09166912655827748,0.06701297017098902,0.18837227744303214,0.08647171216274988,0.07207493598295482,0.35170003738399963,0.07635370516974288
346,346.0,346.4,0.06527770806204196,0.0899804784225226,0.06593095664961258,0.18643183301069804,0.0849682398822467,0.0710001656891606,0.3531476759288022,0.08326294235491524
347,347.0,347.4,0.06440854565545497,0.08905325494719904,0.06505829008931097,0.19584846433327957,0.0850400811703221,0.0701560982847541,0.3528380292835949,0.07759723623608425
348,348.0,348.4,0.06351401895190742,0.08797697797230646,0.06416027745530878,0.19590679696489227,0.08582643540447543,0.06897843548775252,0.35759432639647526,0.07604273136688172
349,349.0,349.4,0.06630498469312521,0.09086009537660736,0.06324407254130396,0.1909265086457892,0.08436594752922073,0.06780483164751763,0.3547889007067597,0.08170465885967605
350,350.0,350.4,0.06582971966099704,0.08977298966367299,0.06389763535186356,0.1916414260041106,0.08351068873264944,0.06722082036357316,0.3567835831402622,0.08134313708287087
351,351.0,351.4,0.06538197168065532,0.08875110294862085,0.06355971207874896,0.19005379501946193,0.08593165681945132,0.07012123450517158,0.3552003099301454,0.08100021701774458
352,352.0,352.4,0.0645806330790046,0.08788474775941861,0.06287331600583387,0.19633745066229352,0.08506417570892637,0.06911913140516432,0.35477729992451645,0.07936324545484205
353,353.0,353.4,0.06394114987914085,0.08719092517126109,0.06234135968769054,0.19264552118830883,0.08441692973930635,0.06826459444185971,0.36402233498890463,0.07717718490352782
354,354.0,354.4,0.06335770563484859,0.08655408657151499,0.061845608860655044,0.1892258614525754,0.08872126199708494,0.06747298077716359,0.3669036520639111,0.0759188426422462
355,355.0,355.4,0.0652786742882886,0.08636296373535801,0.06182107046338997,0.1879762885501401,0.08861394408432531,0.06614513190179187,0.3669541405328126,0.07684778644389331
356,356.0,356.4,0.06348767193169468,0.08453009145608761,0.07113147236486891,0.19099313084132813,0.08645965567217936,0.0643832501043127,0.3646091995712489,0.07440552805827945
