Total_iterations,Unnamed: 0.1,Intertwine_two,Invert_path_vertices,Insert_inside_vertex,Delete_inside_vertex,Replace_inside_vertex,Donate_between_routes,Trim_one_terminal_cb,Grow_one_terminal_cb
0,0.0,0.125,0.125,0.125,0.125,0.125,0.125,0.125,0.125
1,1.0,0.125,0.125,0.125,0.125,0.125,0.125,0.125,0.125
2,2.0,0.125,0.125,0.125,0.125,0.125,0.125,0.125,0.125
3,3.0,0.125,0.125,0.125,0.125,0.125,0.125,0.125,0.125
4,4.0,0.125,0.125,0.125,0.125,0.125,0.125,0.125,0.125
5,5.0,0.125,0.125,0.125,0.125,0.125,0.125,0.125,0.125
6,6.0,0.125,0.125,0.125,0.125,0.125,0.125,0.125,0.125
7,7.0,0.125,0.125,0.125,0.125,0.125,0.125,0.125,0.125
8,8.0,0.125,0.125,0.125,0.125,0.125,0.125,0.125,0.125
9,9.0,0.125,0.125,0.125,0.125,0.125,0.125,0.125,0.125
10,10.0,0.125,0.125,0.125,0.125,0.125,0.125,0.125,0.125
11,11.0,0.125,0.125,0.125,0.125,0.125,0.125,0.125,0.125
12,12.0,0.125,0.125,0.125,0.125,0.125,0.125,0.125,0.125
13,13.0,0.125,0.125,0.125,0.125,0.125,0.125,0.125,0.125
14,14.0,0.125,0.125,0.125,0.125,0.125,0.125,0.125,0.125
15,15.0,0.125,0.125,0.125,0.125,0.125,0.125,0.125,0.125
16,16.0,0.125,0.125,0.125,0.125,0.125,0.125,0.125,0.125
17,17.0,0.125,0.125,0.125,0.125,0.125,0.125,0.125,0.125
18,18.0,0.125,0.125,0.125,0.125,0.125,0.125,0.125,0.125
19,19.0,0.125,0.125,0.125,0.125,0.125,0.125,0.125,0.125
20,20.0,0.125,0.125,0.125,0.125,0.125,0.125,0.125,0.125
21,21.0,0.125,0.125,0.125,0.125,0.125,0.125,0.125,0.125
22,22.0,0.125,0.125,0.125,0.125,0.125,0.125,0.125,0.125
23,23.0,0.125,0.125,0.125,0.125,0.125,0.125,0.125,0.125
24,24.0,0.125,0.125,0.125,0.125,0.125,0.125,0.125,0.125
25,25.0,0.125,0.125,0.125,0.125,0.125,0.125,0.125,0.125
26,26.0,0.125,0.125,0.125,0.125,0.125,0.125,0.125,0.125
27,27.0,0.125,0.125,0.125,0.125,0.125,0.125,0.125,0.125
28,28.0,0.125,0.125,0.125,0.125,0.125,0.125,0.125,0.125
29,29.0,0.125,0.125,0.125,0.125,0.125,0.125,0.125,0.125
30,30.0,0.125,0.125,0.125,0.125,0.125,0.125,0.125,0.125
31,31.0,0.125,0.125,0.125,0.125,0.125,0.125,0.125,0.125
32,32.0,0.125,0.125,0.125,0.125,0.125,0.125,0.125,0.125
33,33.0,0.125,0.125,0.125,0.125,0.125,0.125,0.125,0.125
34,34.0,0.125,0.125,0.125,0.125,0.125,0.125,0.125,0.125
35,35.0,0.125,0.125,0.125,0.125,0.125,0.125,0.125,0.125
36,36.0,0.125,0.125,0.125,0.125,0.125,0.125,0.125,0.125
37,37.0,0.125,0.125,0.125,0.125,0.125,0.125,0.125,0.125
38,38.0,0.125,0.125,0.125,0.125,0.125,0.125,0.125,0.125
39,39.0,0.125,0.125,0.125,0.125,0.125,0.125,0.125,0.125
40,40.0,0.125,0.125,0.125,0.125,0.125,0.125,0.125,0.125
41,41.0,0.125,0.125,0.125,0.125,0.125,0.125,0.125,0.125
42,42.0,0.125,0.125,0.125,0.125,0.125,0.125,0.125,0.125
43,43.0,0.125,0.125,0.125,0.125,0.125,0.125,0.125,0.125
44,44.0,0.125,0.125,0.125,0.125,0.125,0.125,0.125,0.125
45,45.0,0.125,0.125,0.125,0.125,0.125,0.125,0.125,0.125
46,46.0,0.125,0.125,0.125,0.125,0.125,0.125,0.125,0.125
47,47.0,0.125,0.125,0.125,0.125,0.125,0.125,0.125,0.125
48,48.0,0.125,0.125,0.125,0.125,0.125,0.125,0.125,0.125
49,49.0,0.125,0.125,0.125,0.125,0.125,0.125,0.125,0.125
50,50.0,0.125,0.125,0.125,0.125,0.125,0.125,0.125,0.125
51,51.0,0.125,0.125,0.125,0.125,0.125,0.125,0.125,0.125
52,52.0,0.125,0.125,0.125,0.125,0.125,0.125,0.125,0.125
53,53.0,0.125,0.125,0.125,0.125,0.125,0.125,0.125,0.125
54,54.0,0.125,0.125,0.125,0.125,0.125,0.125,0.125,0.125
55,55.0,0.125,0.125,0.125,0.125,0.125,0.125,0.125,0.125
56,56.0,0.125,0.125,0.125,0.125,0.125,0.125,0.125,0.125
57,57.0,0.125,0.125,0.125,0.125,0.125,0.125,0.125,0.125
58,58.0,0.125,0.125,0.125,0.125,0.125,0.125,0.125,0.125
59,59.0,0.125,0.125,0.125,0.125,0.125,0.125,0.125,0.125
60,60.0,0.125,0.125,0.125,0.125,0.125,0.125,0.125,0.125
61,61.0,0.125,0.125,0.125,0.125,0.125,0.125,0.125,0.125
62,62.0,0.125,0.125,0.125,0.125,0.125,0.125,0.125,0.125
63,63.0,0.125,0.125,0.125,0.125,0.125,0.125,0.125,0.125
64,64.0,0.125,0.125,0.125,0.125,0.125,0.125,0.125,0.125
65,65.0,0.125,0.125,0.125,0.125,0.125,0.125,0.125,0.125
66,66.0,0.125,0.125,0.125,0.125,0.125,0.125,0.125,0.125
67,67.0,0.125,0.125,0.125,0.125,0.125,0.125,0.125,0.125
68,68.0,0.125,0.125,0.125,0.125,0.125,0.125,0.125,0.125
69,69.0,0.125,0.125,0.125,0.125,0.125,0.125,0.125,0.125
70,70.0,0.125,0.125,0.125,0.125,0.125,0.125,0.125,0.125
71,71.0,0.125,0.125,0.125,0.125,0.125,0.125,0.125,0.125
72,72.0,0.125,0.125,0.125,0.125,0.125,0.125,0.125,0.125
73,73.0,0.125,0.125,0.125,0.125,0.125,0.125,0.125,0.125
74,74.0,0.125,0.125,0.125,0.125,0.125,0.125,0.125,0.125
75,75.0,0.125,0.125,0.125,0.125,0.125,0.125,0.125,0.125
76,76.0,0.125,0.125,0.125,0.125,0.125,0.125,0.125,0.125
77,77.0,0.125,0.125,0.125,0.125,0.125,0.125,0.125,0.125
78,78.0,0.125,0.125,0.125,0.125,0.125,0.125,0.125,0.125
79,79.0,0.125,0.125,0.125,0.125,0.125,0.125,0.125,0.125
80,80.0,0.125,0.125,0.125,0.125,0.125,0.125,0.125,0.125
81,81.0,0.125,0.125,0.125,0.125,0.125,0.125,0.125,0.125
82,82.0,0.125,0.125,0.125,0.125,0.125,0.125,0.125,0.125
83,83.0,0.125,0.125,0.125,0.125,0.125,0.125,0.125,0.125
84,84.0,0.125,0.125,0.125,0.125,0.125,0.125,0.125,0.125
85,85.0,0.125,0.125,0.125,0.125,0.125,0.125,0.125,0.125
86,86.0,0.125,0.125,0.125,0.125,0.125,0.125,0.125,0.125
87,87.0,0.125,0.125,0.125,0.125,0.125,0.125,0.125,0.125
88,88.0,0.125,0.125,0.125,0.125,0.125,0.125,0.125,0.125
89,89.0,0.125,0.125,0.125,0.125,0.125,0.125,0.125,0.125
90,90.0,0.125,0.125,0.125,0.125,0.125,0.125,0.125,0.125
91,91.0,0.125,0.125,0.125,0.125,0.125,0.125,0.125,0.125
92,92.0,0.125,0.125,0.125,0.125,0.125,0.125,0.125,0.125
93,93.0,0.125,0.125,0.125,0.125,0.125,0.125,0.125,0.125
94,94.0,0.125,0.125,0.125,0.125,0.125,0.125,0.125,0.125
95,95.0,0.125,0.125,0.125,0.125,0.125,0.125,0.125,0.125
96,96.0,0.125,0.125,0.125,0.125,0.125,0.125,0.125,0.125
97,97.0,0.125,0.125,0.125,0.125,0.125,0.125,0.125,0.125
98,98.0,0.125,0.125,0.125,0.125,0.125,0.125,0.125,0.125
99,99.0,0.125,0.125,0.125,0.125,0.125,0.125,0.125,0.125
100,100.0,0.125,0.125,0.125,0.125,0.125,0.125,0.125,0.125
101,101.0,0.125,0.125,0.125,0.125,0.125,0.125,0.125,0.125
102,102.0,0.125,0.125,0.125,0.125,0.125,0.125,0.125,0.125
103,103.0,0.125,0.125,0.125,0.125,0.125,0.125,0.125,0.125
104,104.0,0.125,0.125,0.125,0.125,0.125,0.125,0.125,0.125
105,105.0,0.125,0.125,0.125,0.125,0.125,0.125,0.125,0.125
106,106.0,0.125,0.125,0.125,0.125,0.125,0.125,0.125,0.125
107,107.0,0.125,0.125,0.125,0.125,0.125,0.125,0.125,0.125
108,108.0,0.125,0.125,0.125,0.125,0.125,0.125,0.125,0.125
109,109.0,0.125,0.125,0.125,0.125,0.125,0.125,0.125,0.125
110,110.0,0.125,0.125,0.125,0.125,0.125,0.125,0.125,0.125
111,111.0,0.125,0.125,0.125,0.125,0.125,0.125,0.125,0.125
112,112.0,0.125,0.125,0.125,0.125,0.125,0.125,0.125,0.125
113,113.0,0.125,0.125,0.125,0.125,0.125,0.125,0.125,0.125
114,114.0,0.125,0.125,0.125,0.125,0.125,0.125,0.125,0.125
115,115.0,0.125,0.125,0.125,0.125,0.125,0.125,0.125,0.125
116,116.0,0.125,0.125,0.125,0.125,0.125,0.125,0.125,0.125
117,117.0,0.125,0.125,0.125,0.125,0.125,0.125,0.125,0.125
118,118.0,0.125,0.125,0.125,0.125,0.125,0.125,0.125,0.125
119,119.0,0.125,0.125,0.125,0.125,0.125,0.125,0.125,0.125
120,120.0,0.125,0.125,0.125,0.125,0.125,0.125,0.125,0.125
121,121.0,0.125,0.125,0.125,0.125,0.125,0.125,0.125,0.125
122,122.0,0.125,0.125,0.125,0.125,0.125,0.125,0.125,0.125
123,123.0,0.125,0.125,0.125,0.125,0.125,0.125,0.125,0.125
124,124.0,0.125,0.125,0.125,0.125,0.125,0.125,0.125,0.125
125,125.0,0.125,0.125,0.125,0.125,0.125,0.125,0.125,0.125
126,126.0,0.125,0.125,0.125,0.125,0.125,0.125,0.125,0.125
127,127.0,0.125,0.125,0.125,0.125,0.125,0.125,0.125,0.125
128,128.0,0.125,0.125,0.125,0.125,0.125,0.125,0.125,0.125
129,129.0,0.125,0.125,0.125,0.125,0.125,0.125,0.125,0.125
130,130.0,0.125,0.125,0.125,0.125,0.125,0.125,0.125,0.125
131,131.0,0.125,0.125,0.125,0.125,0.125,0.125,0.125,0.125
132,132.0,0.125,0.125,0.125,0.125,0.125,0.125,0.125,0.125
133,133.0,0.125,0.125,0.125,0.125,0.125,0.125,0.125,0.125
134,134.0,0.125,0.125,0.125,0.125,0.125,0.125,0.125,0.125
135,135.0,0.125,0.125,0.125,0.125,0.125,0.125,0.125,0.125
136,136.0,0.125,0.125,0.125,0.125,0.125,0.125,0.125,0.125
137,137.0,0.125,0.125,0.125,0.125,0.125,0.125,0.125,0.125
138,138.0,0.125,0.125,0.125,0.125,0.125,0.125,0.125,0.125
139,139.0,0.125,0.125,0.125,0.125,0.125,0.125,0.125,0.125
140,140.0,0.125,0.125,0.125,0.125,0.125,0.125,0.125,0.125
141,141.0,0.125,0.125,0.125,0.125,0.125,0.125,0.125,0.125
142,142.0,0.125,0.125,0.125,0.125,0.125,0.125,0.125,0.125
143,143.0,0.125,0.125,0.125,0.125,0.125,0.125,0.125,0.125
144,144.0,0.125,0.125,0.125,0.125,0.125,0.125,0.125,0.125
145,145.0,0.125,0.125,0.125,0.125,0.125,0.125,0.125,0.125
146,146.0,0.125,0.125,0.125,0.125,0.125,0.125,0.125,0.125
147,147.0,0.125,0.125,0.125,0.125,0.125,0.125,0.125,0.125
148,148.0,0.125,0.125,0.125,0.125,0.125,0.125,0.125,0.125
149,149.0,0.125,0.125,0.125,0.125,0.125,0.125,0.125,0.125
150,150.0,0.125,0.125,0.125,0.125,0.125,0.125,0.125,0.125
151,151.0,0.125,0.125,0.125,0.125,0.125,0.125,0.125,0.125
152,152.0,0.125,0.125,0.125,0.125,0.125,0.125,0.125,0.125
153,153.0,0.125,0.125,0.125,0.125,0.125,0.125,0.125,0.125
154,154.0,0.125,0.125,0.125,0.125,0.125,0.125,0.125,0.125
155,155.0,0.125,0.125,0.125,0.125,0.125,0.125,0.125,0.125
156,156.0,0.125,0.125,0.125,0.125,0.125,0.125,0.125,0.125
157,157.0,0.125,0.125,0.125,0.125,0.125,0.125,0.125,0.125
158,158.0,0.125,0.125,0.125,0.125,0.125,0.125,0.125,0.125
159,159.0,0.125,0.125,0.125,0.125,0.125,0.125,0.125,0.125
160,160.0,0.125,0.125,0.125,0.125,0.125,0.125,0.125,0.125
161,161.0,0.125,0.125,0.125,0.125,0.125,0.125,0.125,0.125
162,162.0,0.125,0.125,0.125,0.125,0.125,0.125,0.125,0.125
163,163.0,0.125,0.125,0.125,0.125,0.125,0.125,0.125,0.125
164,164.0,0.125,0.125,0.125,0.125,0.125,0.125,0.125,0.125
165,165.0,0.125,0.125,0.125,0.125,0.125,0.125,0.125,0.125
166,166.0,0.125,0.125,0.125,0.125,0.125,0.125,0.125,0.125
167,167.0,0.125,0.125,0.125,0.125,0.125,0.125,0.125,0.125
168,168.0,0.125,0.125,0.125,0.125,0.125,0.125,0.125,0.125
169,169.0,0.125,0.125,0.125,0.125,0.125,0.125,0.125,0.125
170,170.0,0.125,0.125,0.125,0.125,0.125,0.125,0.125,0.125
171,171.0,0.125,0.125,0.125,0.125,0.125,0.125,0.125,0.125
172,172.0,0.125,0.125,0.125,0.125,0.125,0.125,0.125,0.125
173,173.0,0.125,0.125,0.125,0.125,0.125,0.125,0.125,0.125
174,174.0,0.125,0.125,0.125,0.125,0.125,0.125,0.125,0.125
175,175.0,0.125,0.125,0.125,0.125,0.125,0.125,0.125,0.125
176,176.0,0.125,0.125,0.125,0.125,0.125,0.125,0.125,0.125
177,177.0,0.125,0.125,0.125,0.125,0.125,0.125,0.125,0.125
178,178.0,0.125,0.125,0.125,0.125,0.125,0.125,0.125,0.125
179,179.0,0.125,0.125,0.125,0.125,0.125,0.125,0.125,0.125
180,180.0,0.125,0.125,0.125,0.125,0.125,0.125,0.125,0.125
181,181.0,0.125,0.125,0.125,0.125,0.125,0.125,0.125,0.125
182,182.0,0.125,0.125,0.125,0.125,0.125,0.125,0.125,0.125
183,183.0,0.125,0.125,0.125,0.125,0.125,0.125,0.125,0.125
184,184.0,0.125,0.125,0.125,0.125,0.125,0.125,0.125,0.125
185,185.0,0.125,0.125,0.125,0.125,0.125,0.125,0.125,0.125
186,186.0,0.125,0.125,0.125,0.125,0.125,0.125,0.125,0.125
187,187.0,0.125,0.125,0.125,0.125,0.125,0.125,0.125,0.125
188,188.0,0.125,0.125,0.125,0.125,0.125,0.125,0.125,0.125
189,189.0,0.125,0.125,0.125,0.125,0.125,0.125,0.125,0.125
190,190.0,0.125,0.125,0.125,0.125,0.125,0.125,0.125,0.125
191,191.0,0.125,0.125,0.125,0.125,0.125,0.125,0.125,0.125
192,192.0,0.125,0.125,0.125,0.125,0.125,0.125,0.125,0.125
193,193.0,0.125,0.125,0.125,0.125,0.125,0.125,0.125,0.125
194,194.0,0.125,0.125,0.125,0.125,0.125,0.125,0.125,0.125
195,195.0,0.125,0.125,0.125,0.125,0.125,0.125,0.125,0.125
196,196.0,0.125,0.125,0.125,0.125,0.125,0.125,0.125,0.125
197,197.0,0.125,0.125,0.125,0.125,0.125,0.125,0.125,0.125
198,198.0,0.125,0.125,0.125,0.125,0.125,0.125,0.125,0.125
199,199.0,0.125,0.125,0.125,0.125,0.125,0.125,0.125,0.125
200,200.0,0.12475,0.12575,0.12475,0.12475,0.12475,0.12575,0.12475,0.12475
201,201.0,0.1245025,0.1264925,0.1245025,0.1245025,0.1245025,0.1264925,0.1245025,0.1245025
202,202.0,0.124259725,0.127220825,0.124259725,0.124259725,0.124259725,0.127220825,0.124259725,0.124259725
203,203.0,0.12402363025,0.12792910925,0.12402363025,0.12402363025,0.12402363025,0.12792910925,0.12402363025,0.12402363025
204,204.0,0.1237959086725,0.1286122739825,0.1237959086725,0.1237959086725,0.1237959086725,0.1286122739825,0.1237959086725,0.1237959086725
205,205.0,0.123578000166025,0.128265999501925,0.123578000166025,0.123578000166025,0.123578000166025,0.130265999501925,0.123578000166025,0.123578000166025
206,206.0,0.1227093378026549,0.1272349277685058,0.1232975730967725,0.1232975730967725,0.1232975730967725,0.1312149277685058,0.1244740436850078,0.1244740436850078
207,207.0,0.1218265920884449,0.1261607577215933,0.1229645005851769,0.1239645005851769,0.1229645005851769,0.1310829577215932,0.125240317578641,0.1257958731341965
208,208.0,0.1209401708142451,0.1250587128916297,0.1225877218978365,0.1245777218978365,0.1225877218978365,0.1308796708916297,0.1264091398544929,0.1269591398544928
209,209.0,0.1200593057487966,0.1239426012052199,0.1221753754391991,0.1251364754391991,0.1221753754391991,0.1306142318252199,0.127928567451583,0.127968067451583
210,210.0,0.1191012155176863,0.1236430469697711,0.1216439817335053,0.1254585516425962,0.1216439817335053,0.1305897571177616,0.1291830003806821,0.1287364649044916
211,211.0,0.1181648052713934,0.1233448098959617,0.121092144723903,0.1257276009429939,0.121092144723903,0.1304955985436378,0.1307214587143632,0.1293614371838436
212,212.0,0.117181231211772,0.1228989431604814,0.1204511048823829,0.1257941557334344,0.1204511048823829,0.1301875862710025,0.1324286326486129,0.1306072412099306
213,213.0,0.1161869112760954,0.1223506134662755,0.1205450760363916,0.1257215315476972,0.1197758452671609,0.1297339174231214,0.1340078597191387,0.131678245264119
214,214.0,0.1151116666701292,0.1216920461326542,0.120526113101332,0.1255008682517531,0.1189953438705628,0.1302413011836047,0.1353749457604114,0.1325577150295524
215,215.0,0.1140443972520171,0.1209559604870052,0.1204208090055713,0.1258785719939779,0.1181979848297471,0.1306236683441209,0.1366074889599983,0.1332711191275619
216,216.0,0.1128856985878751,0.1207166877762063,0.1201314027986891,0.1259931047352082,0.1172841478902642,0.1306711376745026,0.1385973385607925,0.1337204819764617
217,217.0,0.1117991577318048,0.1205126537195949,0.1198649130395807,0.1260982096767025,0.1164174763542327,0.1307024385501735,0.1404917225695227,0.1341134283583881
218,218.0,0.1107884243115597,0.1203423747923182,0.1189550463143931,0.1261937785490194,0.1162685870633345,0.1307188748078481,0.1422812437053077,0.1344516704562192
219,219.0,0.1098560249177598,0.1202041782707155,0.1180752389869862,0.1262798092703536,0.1161671906859653,0.1307217685467491,0.1439584930440844,0.1347372962773861
220,220.0,0.1090034501416984,0.1200962378794355,0.1172312831908559,0.12635639534859,0.1161095518945458,0.1307124450813651,0.1459527078808614,0.1345379285826479
221,221.0,0.1082607463749525,0.1208556343244726,0.1164394204943969,0.1265303406460551,0.1154365918152896,0.1300369398636727,0.1481221874056697,0.1343181390754909
222,222.0,0.1075335150449412,0.1214257728769994,0.1156111593864494,0.1271846832454084,0.1147253713496157,0.1292774252929223,0.15034230662775,0.1338997661759136
223,223.0,0.106828287082097,0.1218242552301189,0.1147588435646629,0.1276259755216031,0.1139872499862438,0.1284503186955485,0.1525923754767293,0.1339326944429965
224,224.0,0.1061644958772955,0.122669284804675,0.1139218292604492,0.1279017430683559,0.1132607266303874,0.1265990779419973,0.1556537874416996,0.1338290549751403
225,225.0,0.1054541350726033,0.1232563899755295,0.113016455870916,0.1284920611347181,0.1124614061206764,0.1246541282612449,0.1591515662245076,0.1335138573398043
226,226.0,0.1045763089518521,0.124584634952747,0.1119259567542863,0.1300578405564581,0.1110872897087738,0.1225116337586147,0.1623772382741344,0.1328790970431337
227,227.0,0.1037354791117921,0.1262455601098558,0.1108444412641279,0.1314005691935124,0.1097346887991083,0.1203774656510126,0.1655625161551605,0.1320992797154305
228,228.0,0.1031818536550964,0.1284922228644409,0.109669775767487,0.1324164478463547,0.1083033344257516,0.1186362730309938,0.1682164982293896,0.1310835941804861
229,229.0,0.1026184055741527,0.1304900863257123,0.1084825124294686,0.1331223084211835,0.1068630012263921,0.1168754443352744,0.1715995904405751,0.1299486512472413
230,230.0,0.1021091615935183,0.1323000501378652,0.1069960507917709,0.1340905673859165,0.1054864003969468,0.1151716791133353,0.1750715191672041,0.128774571413443
231,231.0,0.1015920047074163,0.1339622636693979,0.1055271301075512,0.1348661966799166,0.1041314509441025,0.1134923061957306,0.1789024849832949,0.1275261627125901
232,232.0,0.1009829991681146,0.1358702401997968,0.1039991973901951,0.1362817267810996,0.1027200491266187,0.1117617814740629,0.1822513833669182,0.1261326224931943
233,233.0,0.1011788552574056,0.1381983180181814,0.1024819430585217,0.1374560320843992,0.1013204640874661,0.1096158447950056,0.1850788570831425,0.1246696856158781
234,234.0,0.1020575746074252,0.1400946828764876,0.1009851125486845,0.138302193769236,0.0999411507306082,0.1075141192196742,0.1879578040272658,0.1231473622206184
235,235.0,0.1029647983028368,0.1417540831133332,0.0995789617724501,0.1389574129641086,0.098651205010236,0.1055305308823012,0.1905195884104013,0.1220434195443328
236,236.0,0.1038465523900957,0.1434822109320854,0.0982264329821692,0.1393482060850389,0.0974125383378532,0.1042560506604132,0.1925191547986627,0.1209088538136816
237,237.0,0.1047479124429908,0.1450806815271353,0.0969870354209954,0.139669030885135,0.0962837556292308,0.1031213586985267,0.1942592677891932,0.1198509576067924
238,238.0,0.1056211395585472,0.146472946503138,0.0958250852357475,0.1398501465367146,0.0952283916091969,0.1020502936784958,0.1961161186506842,0.1188358782274756
239,239.0,0.1064761078714598,0.1469895976887792,0.0947602503028019,0.1400122220992699,0.0942654511612093,0.1010634051651839,0.1985015339662582,0.1179314317450376
240,240.0,0.1072985401846012,0.1469184690684203,0.0937751613638232,0.1403573901996699,0.0933770152501088,0.1001547629974135,0.201056801926959,0.117061859009004
241,241.0,0.1080422066993644,0.1465865492195902,0.0928508657408787,0.1413302091752519,0.0925436888133917,0.0992843698868555,0.2032130579642756,0.1161490525003917
242,242.0,0.1087432456021736,0.1461471247357934,0.0920266285561348,0.1425364784874124,0.0918043956655275,0.0985164873411546,0.2049458225916761,0.1152798170201274
243,243.0,0.109398115032547,0.1452445728386698,0.0913002892212944,0.143649276479753,0.0911567282927847,0.0978477488966329,0.2069463698834372,0.1144568993548806
244,244.0,0.1100087011847424,0.1445670931401345,0.0906646165587607,0.1445733428671031,0.0905932960054241,0.0972787454689358,0.2086491270189161,0.113665077755983
245,245.0,0.1105550907040816,0.1437542441738222,0.0901075774629257,0.1452878775968928,0.0901019864527782,0.0967869577696835,0.2105343976670378,0.112871868172778
246,246.0,0.1110485591605585,0.1428938118482576,0.0896375807409501,0.145905296269251,0.0896912022297743,0.0963799019049261,0.2123154992552654,0.1121281485910168
247,247.0,0.111488717010442,0.1419987853398952,0.0892502486399412,0.1464280158550181,0.0893566251629516,0.0960524282844087,0.2143350940180827,0.1110900856892602
248,248.0,0.1114012689606677,0.1405992066997307,0.0890881910158154,0.1471614279181442,0.0892409833043634,0.0959539992740585,0.2162786520026767,0.1102762708245431
249,249.0,0.1112804095222586,0.1388552587816986,0.0890046268712517,0.147825380838514,0.089197665425898,0.095936820577088,0.2186310725451342,0.1092687654381568
250,250.0,0.1111191941755887,0.1370716915559843,0.0889810482468658,0.1483167327253373,0.0892083780554541,0.0959814446962555,0.2210089796670029,0.1083125308775113
251,251.0,0.1108990532805553,0.1352206442750649,0.0889874749924884,0.1485727308463995,0.0892433936315387,0.0960332182005505,0.2236565154733304,0.107386969300072
252,252.0,0.1103597639923059,0.1333753296136115,0.089030303272801,0.1487007980206101,0.0893093926728765,0.0961001529353394,0.2265971746613146,0.1065270848311408
253,253.0,0.1097707635640064,0.1314951520702394,0.0890875941724932,0.1485983513628305,0.0893847463634906,0.0961544031173099,0.2298271275294493,0.1056818618201804
254,254.0,0.1091418309980794,0.1295993997466467,0.0891562464047648,0.1485868679803242,0.0894666835856821,0.0961949275845181,0.2329983449345488,0.1048556987654357
255,255.0,0.1084821500860612,0.1277055668625697,0.0892333385661494,0.1483700906348403,0.0895526278661853,0.0962208860966951,0.2363829601916428,0.1040523796958561
256,256.0,0.1078086918647544,0.1258714001420839,0.0893245551351951,0.1480487644079718,0.0896486184494374,0.0962400530599947,0.2395075961269522,0.1035503208136104
257,257.0,0.1071288414566957,0.1244785189554012,0.0894268443148402,0.1476343758783102,0.0897519636087259,0.0962514615784612,0.2422360589307715,0.1030919352767939
258,258.0,0.1064541343400658,0.1231466950505421,0.0895421737076532,0.1470938448982943,0.089864992190279,0.0962723722835875,0.2449620150787635,0.1026637724508144
259,259.0,0.1057901191564375,0.1218809629070165,0.0896674018979385,0.1464405243423231,0.0899849214656042,0.0963006311314818,0.2476707103254259,0.1022647287737724
260,260.0,0.1051417001904245,0.1206852453947453,0.0897996200501237,0.1456876737992317,0.0901091953986486,0.0963342520219079,0.2503487324226992,0.101893580722219
261,261.0,0.1045273977713792,0.1196051615405629,0.0899504027479506,0.1445064573414724,0.0902497325457635,0.0960152942987772,0.2535822999181162,0.1015632538359779
262,262.0,0.1039222457780542,0.1185567342709442,0.0900886882191358,0.14322640461084,0.0903758037233299,0.0956875557799402,0.2568988452317964,0.1012437223859592
263,263.0,0.1033482116448019,0.1175884046550958,0.0902311742886229,0.1421555104466667,0.090504425773518,0.095376370713234,0.2598296006636001,0.1009663018144605
264,264.0,0.1027897427366127,0.1166558966861837,0.0903578348455518,0.1410088560037509,0.0906158761982289,0.0950603890668766,0.2628145631149015,0.1006968413478938
265,265.0,0.1013530918649224,0.1157988007727597,0.0904803013895601,0.1407340614950266,0.0907220732097143,0.0947542960573452,0.2657102683040986,0.1004471069065729
266,266.0,0.0998699797495839,0.1156612036098208,0.0905091228531041,0.1406090397451237,0.0907338343757861,0.0943712556086787,0.2681179948812947,0.100127569176608
267,267.0,0.0984270978196675,0.1155558981833878,0.0905205897131467,0.140617357726999,0.0907276998528769,0.0939897519507883,0.2703473560586568,0.0998142486944769
268,268.0,0.097044654970262,0.1155100265875206,0.0905261258557695,0.1405778503690674,0.0907153236494458,0.0936230014362676,0.2724848886628656,0.0995181284688013
269,269.0,0.0957347358490558,0.1155405901005485,0.0905305731185336,0.1405490340969337,0.0907017578228246,0.09327725905587,0.2744129292256054,0.0992531207306282
270,270.0,0.0944921998044025,0.1156071467300692,0.090523008446759,0.1405074486790637,0.0906762695235603,0.0929426591680824,0.2764664173773332,0.0987848502707296
271,271.0,0.0933308459928962,0.1157135748691529,0.0905128207844198,0.1406498900243855,0.0906484179857124,0.0926328112286467,0.2781602350560145,0.0983514040587719
272,272.0,0.0921797089992592,0.1164001166228214,0.090425913577118,0.1405645410020776,0.0905442573184398,0.0922738777920441,0.2797326888070512,0.0978788958811885
273,273.0,0.0910478647760633,0.1168568497544844,0.0902694141158452,0.1404240723897183,0.0903710463057801,0.0918694489466818,0.2817975124228826,0.0973637912885442
274,274.0,0.089945659373372,0.1171068099720858,0.0900528035054869,0.1407321863343565,0.0901383789772742,0.091428853057486,0.2834856626665475,0.097109646113391
275,275.0,0.0889231545827914,0.1173369656629532,0.0898262625866848,0.1409640972478234,0.0898965312574215,0.0910018999571453,0.2851901929162068,0.0968608957889733
276,276.0,0.0879817730548921,0.1175444240243154,0.0895922174633472,0.1406492439632082,0.0896480073264309,0.0905904518074953,0.2873764802074137,0.0966174021528971
277,277.0,0.0870833631832255,0.1175632325001202,0.0893143059117017,0.1409675076596023,0.0893565069492668,0.0901604390483762,0.2892051707015258,0.0963494740461813
278,278.0,0.0862297319909721,0.1175984228468695,0.0889968137801824,0.1410592728258229,0.0890263628644052,0.090300348849143,0.2905669435732636,0.0962221032693411
279,279.0,0.0854572512546542,0.117604670799777,0.0886791873806331,0.1412584617413304,0.0886970542160057,0.090454491479004,0.2917533314723839,0.0960955516562115
280,280.0,0.0847647761870009,0.1175822670594297,0.0885305285214785,0.1415589182123028,0.0883710359978654,0.0906189528618653,0.2926046119051214,0.0959689092549357
281,281.0,0.0841565938848193,0.1175501199560098,0.0883880577098304,0.1417875372716808,0.0880566022621368,0.0907962295540394,0.2934112515698157,0.0958536077916676
282,282.0,0.083484974603306,0.1173508941128389,0.0881070134705212,0.1419688520445577,0.087610356606658,0.091948810990251,0.2939318629400615,0.0955972352318055
283,283.0,0.082887273112076,0.1173640147146056,0.0878281779970104,0.1420646245454095,0.0871742375588255,0.0930917552900345,0.2942504060253967,0.0953395107566417
284,284.0,0.0823613880733938,0.117345985565731,0.0875532561825689,0.1422466425620985,0.0869834652142685,0.0942137341391505,0.2942142826413642,0.0950812456214245
285,285.0,0.0817936170365804,0.117186442117057,0.0871726545203266,0.1432328189174643,0.0866890452324504,0.0950825618239559,0.2941307471190547,0.0947121132331107
286,286.0,0.0812931752694542,0.1169986499508646,0.0867999284285305,0.1445138103394294,0.086403341900538,0.0959140466008782,0.2937319605765155,0.0943450869337895
287,287.0,0.0807667911031503,0.1166939868747363,0.0863463109334126,0.1455054009580302,0.0860365119639636,0.0965209921443861,0.2942390474272137,0.0938909585951072
288,288.0,0.080303523180028,0.1163666522559305,0.0859054682813755,0.1463848307184185,0.0856812594225233,0.0970826420353232,0.2948325403512529,0.093443083755148
289,289.0,0.0795774645731079,0.1156962691209795,0.0851582788497716,0.1477479610035255,0.0850154812683234,0.09819989919942,0.2949161023093628,0.0936885436755093
290,290.0,0.0788508001486434,0.1149508458312337,0.084371494422678,0.1497275016928422,0.0843052707170079,0.099138754803603,0.2947715709335067,0.093883761450485
291,291.0,0.0780950864192859,0.1141079669116373,0.0835190403432694,0.1514759762980759,0.0835261472984132,0.1007456325730508,0.2946339686356836,0.0938961815205838
292,292.0,0.0773470947275709,0.1132105541010349,0.0826421651575169,0.1535700639704512,0.0827188547089659,0.1021725098621792,0.2944876911166594,0.0938510663556214
293,293.0,0.076614814613126,0.1122727946129115,0.0817532128359899,0.1554130321108609,0.0818953232908204,0.103426082556038,0.2942031666869066,0.0944215732933465
294,294.0,0.0759484501810495,0.1113617259111447,0.0809065877608196,0.1571374994286424,0.0811096299208426,0.1045983096754108,0.2939517502365003,0.09498604688559
295,295.0,0.0754421061765178,0.1105876190801758,0.0802004141030756,0.1588380671100627,0.0804631459993301,0.1059613123333247,0.2937802502007667,0.0947270849967464
296,296.0,0.0750340263360231,0.1093578568413018,0.0795767519593265,0.1605030328208828,0.0798941036997549,0.1068244823295577,0.2943189417592227,0.0944908042539303
297,297.0,0.0745092128752247,0.1079093278518413,0.0786654687223477,0.1623309276382235,0.0795084350847586,0.1072579597417757,0.2960689988125115,0.0937496692733168
298,298.0,0.0739938911293898,0.1063871219662044,0.0777607020956695,0.1646716435146279,0.079110072257271,0.1075564930976981,0.2975523993509713,0.0929676765881677
299,299.0,0.0735077060726037,0.1048282550140496,0.0768840568697951,0.1673382360640226,0.0787239627264957,0.1077436549383192,0.2988067758470172,0.0921673524676966
300,300.0,0.0730336772988332,0.1032317272996136,0.0760232082293955,0.1696027646554095,0.0789657870249194,0.1078102896451169,0.2999954982679738,0.091337047578738
301,301.0,0.0725064631493557,0.1015944782579325,0.0751163563548311,0.1716622522578497,0.080034884253887,0.1075169979176236,0.3011498942606816,0.0904186735478387
302,302.0,0.0719411126468272,0.0999401476412494,0.074181664884012,0.1737258670532235,0.0809476974915214,0.1069191855722219,0.3029101571354064,0.0894341675755381
303,303.0,0.0713496077979182,0.0982882683551877,0.0732338148390456,0.1754058453272859,0.0817166792337818,0.1068330894549765,0.3047706929752479,0.0884020020165565
304,304.0,0.0707434073930315,0.0966653818418974,0.0722865630416076,0.1774831284745617,0.0823552804923887,0.1064711820736656,0.3066536451446943,0.0873414115381531
305,305.0,0.0701432931563113,0.0950889823545407,0.0720272016982724,0.1791861426118853,0.0828871819985212,0.1058796621631914,0.3085146435579007,0.0862728924593769
306,306.0,0.0695970949972616,0.0934665316697427,0.0718318560792941,0.1807875188335028,0.0834027261619947,0.1052581712404608,0.3104065106068076,0.0852495904109357
307,307.0,0.0690628062932656,0.0919060803492456,0.0716122201270688,0.182034955800422,0.0838143535608112,0.1050736056930099,0.3122615916268638,0.0842343865493129
308,308.0,0.068567185031671,0.090440598217988,0.0714349837275891,0.1830345580109384,0.08418401560199,0.1048585614182014,0.3139734174842588,0.0835066805073632
309,309.0,0.0681112878525513,0.0890742727180137,0.0712990860574675,0.1838019556737599,0.0845115992584685,0.1046195243401679,0.3157533151606891,0.0828289589388819
310,310.0,0.0676945128040585,0.0878162737976116,0.0711993084611958,0.1843823586697087,0.0847977866433049,0.1043602292396275,0.3175518123079945,0.0821977180764983
311,311.0,0.0673172258885803,0.0866681336663375,0.0711345497006576,0.1847927930560609,0.085043526056238,0.1040868078631422,0.3193358003467708,0.0816211634222126
312,312.0,0.0669752535052223,0.0856185044698342,0.0710967286715489,0.1849950326734848,0.0853873289060848,0.103796674673124,0.321044608502065,0.0810858685986358
313,313.0,0.0666671653117425,0.0846658309994684,0.0710822415994634,0.1850020728757795,0.0856835142057561,0.1034929996930207,0.3228150658816256,0.0805911094331436
314,314.0,0.0663913638801295,0.0838077916114775,0.0710876395546341,0.1848276832012587,0.0859319238589011,0.1031788015008143,0.3246389264027533,0.0801358699900312
315,315.0,0.0661891837134435,0.0830914666431327,0.0705277138253587,0.1853170709429284,0.085552403587831,0.1030680657146759,0.3264893465669186,0.079764749005711
316,316.0,0.0659749902136249,0.0825483118014806,0.069946829522374,0.1855173599732668,0.0850932155076762,0.1027446202701928,0.3281481448753662,0.0800265278360183
317,317.0,0.0659137047717569,0.0820856083397255,0.0693879141328818,0.1856815021817968,0.0845999933633809,0.102416592814221,0.3295985290932651,0.0803161553029718
318,318.0,0.0658516032133596,0.0816775753730116,0.068827681625588,0.1861643012400805,0.0840620074982239,0.1019138772202459,0.3309373146506766,0.0805656391788136
319,319.0,0.0658096190637258,0.0813455895312317,0.0682951677338549,0.1866244358678904,0.0835076574116364,0.1014145187448115,0.3321706031160666,0.0808324085307824
320,320.0,0.0657850118617668,0.0810838360480651,0.0677919234822333,0.186949931695218,0.0829427520275044,0.1009220697298373,0.3334138816069652,0.0811105935484095
321,321.0,0.0657734105723743,0.0810013436482725,0.0673173179921813,0.1872532043806234,0.0823673897989258,0.1004379260978947,0.3344580899347973,0.0813913175749302
322,322.0,0.065784152895291,0.0809780818444674,0.0668809570409653,0.1875546306468929,0.0817998882763433,0.0999737230378393,0.3353499069782302,0.0816786592799702
323,323.0,0.0658145855333686,0.0808851318308469,0.0664829812304694,0.1879781652212509,0.0812444733541464,0.099531612563623,0.3360949379772686,0.0819681122890259
324,324.0,0.0658515698748394,0.0808384417177382,0.0661155196621253,0.1883139683660871,0.0806940061804941,0.0991068932799017,0.3368304094562701,0.0822491914625439
325,325.0,0.0658940103943447,0.0808336406555127,0.0657802956783413,0.1886894162245226,0.0801530707671632,0.0987031734114032,0.3374217039573151,0.0825246889113969
326,326.0,0.0659389097349086,0.0808644223028501,0.0654745990760597,0.1889813095033797,0.0796237479573628,0.0983195515308507,0.3380121327659743,0.0827853271286137
327,327.0,0.0661215083358534,0.0810599848335843,0.0653318659323581,0.189842221556198,0.0792471321744288,0.097166816159561,0.3386558353083664,0.0825746356996498
328,328.0,0.0663125696206281,0.0811702639759877,0.0652235055602116,0.190638666619039,0.0788978496524979,0.0960516171008259,0.3393484211859493,0.0823571062848601
329,329.0,0.0665079507080491,0.0812996790460342,0.065145698690038,0.1914376716687109,0.078573855540936,0.0949786926601131,0.3399239440938291,0.0821325075922893
330,330.0,0.0666573650981501,0.0813962299930968,0.0650481891112425,0.192115260321637,0.0782276471076313,0.0936935867783577,0.3408887772455431,0.0819729443443412
331,331.0,0.0667552534959709,0.0814609093214519,0.0649279194686501,0.1930836992174398,0.077857307058058,0.0923339052214456,0.3417223678385344,0.0818586383784492
332,332.0,0.0668041482349632,0.0814902862545763,0.0648821003085917,0.1936994078342067,0.0774643789354159,0.0909206817517341,0.3424566433974482,0.0822823532830637
333,333.0,0.0668340894943247,0.0815653204692882,0.0648428940363769,0.1935938767060153,0.0771065937460011,0.089499996434626,0.343908179612381,0.0826490495009864
334,334.0,0.0667957717195606,0.0820292661180239,0.0647591863582914,0.1930860766047319,0.0767963550602746,0.0880363885144363,0.3455874525659168,0.0829095030587641
335,335.0,0.066695225639773,0.0828628353940549,0.064635141074036,0.1927938983252491,0.0764267701000486,0.0865477485888462,0.3469683459720812,0.0830700349059107
336,336.0,0.0665599496490179,0.0836309671600849,0.0646062461068925,0.1923581847322593,0.0760486887429381,0.0850716233490043,0.3480894847906766,0.083634855469126
337,337.0,0.066371894208196,0.0843439967535524,0.0645403566366089,0.1921366164987225,0.0756217508994653,0.0835983490984613,0.3493029595939588,0.0840840763110345
338,338.0,0.0661564210017464,0.0849456592792358,0.0644599912011395,0.1918164699765038,0.07560735362759,0.0821996695969061,0.3503330007536492,0.0844814345632289
339,339.0,0.0658973576052002,0.0853986924772939,0.0643462895777157,0.191382991567498,0.0759678979665409,0.0808216466971641,0.3514180625756626,0.0847670615329244
340,340.0,0.0656446960885459,0.0858259217208205,0.0642456029040023,0.1909276255262113,0.0763482581773896,0.0795523293854355,0.3524294432122198,0.0850261229853748
341,341.0,0.0653912088523827,0.0862196296243473,0.0641495120423807,0.1902064421823452,0.0767321442990368,0.0782896813444402,0.353760142709376,0.0852512389456909
342,342.0,0.0651029168957131,0.0864678559961815,0.0640218822729733,0.1898477896390449,0.0774260127115393,0.0770612709224827,0.354702883688366,0.085369387873699
343,343.0,0.0647931043662374,0.0865843115133564,0.0638729514455674,0.1896542642862106,0.0780229799325658,0.0758791309276336,0.3557995798301352,0.0853936776982933
344,344.0,0.0644821362047902,0.0869795118348564,0.0637228030578333,0.1893564879452564,0.0785553525974388,0.0747962451380581,0.3567252955722703,0.0853821676494963
345,345.0,0.0645184964496272,0.0876712455636327,0.0639168455209621,0.1891839284344703,0.0794076606356911,0.0734913723068204,0.3571979691998571,0.0846124818889388
346,346.0,0.0644627353501456,0.0881649199159022,0.0640142436321406,0.1888264639216152,0.0800950311573384,0.0721953453660884,0.3577131600010069,0.0845281006557625
347,347.0,0.0643337838470723,0.0885346600704787,0.0640338024063458,0.1894224626831945,0.0807695808428777,0.0709325625822197,0.3581002122167989,0.0838729353510121
348,348.0,0.0641290224420355,0.0887649844608755,0.0639718489165599,0.190028954848278,0.0814980159865528,0.069670527154063,0.3588715670929678,0.0830650790986673
349,349.0,0.0642176837167228,0.0892527080877769,0.0638263545697396,0.190135547386109,0.0820508430225141,0.0684104139680354,0.3592724715055833,0.0828339777435185
350,350.0,0.0642708253704927,0.0895990226535831,0.063754943118373,0.1903108820185858,0.0824860125202893,0.067211855149011,0.3597879180122992,0.0825785411573657
351,351.0,0.0642894670037564,0.0898102567614044,0.0636583074071665,0.1903232255292053,0.0831300086390907,0.0664232832781945,0.3600634491986115,0.0823020021825706
352,352.0,0.0642370356602976,0.0899031404013955,0.0635017097065049,0.1909600059479486,0.0836508735167631,0.0656503377967286,0.3602204948730451,0.0818764020973165
353,353.0,0.0641293351053854,0.0898971694921519,0.0633012922070884,0.1912176898245625,0.0840690603316278,0.0649039211031633,0.3612319075369887,0.0812496243990316
354,354.0,0.0639721783292728,0.0898010493706492,0.0630617420497161,0.1911219176535792,0.0848793403848608,0.0641865914458718,0.3624582149165579,0.080518965849492
355,355.0,0.0640166893691712,0.0896629593496897,0.0628315317364639,0.1908918048474407,0.0856362798576167,0.0634410737600852,0.3636113947765337,0.0799082663029986
356,356.0,0.0638902689186115,0.0893223911467558,0.063545278031954,0.1909572323880618,0.0861318731841495,0.0626209602445464,0.3644481900119185,0.0790838060740021
357,357.0,0.0633314970320652,0.0888768090665272,0.0641105988635653,0.1904933136877828,0.086117250103008,0.0617653992821525,0.3662082157772611,0.0790969161876375
358,358.0,0.0627344579707404,0.0883697268218629,0.0646297412989482,0.1901314888869567,0.0864775935499748,0.0609414306787247,0.3676698304909622,0.0790457303018297
359,359.0,0.062600452212964,0.0878275270023435,0.0651092721136876,0.1896066978333716,0.0867127280646571,0.0601857172742272,0.3690134503179404,0.0789441551808084
360,360.0,0.0624159703393912,0.0872356800288882,0.0655382822331489,0.1891679228747185,0.0868129026684512,0.0594640771540888,0.370123519428941,0.0792416452723719
361,361.0,0.0621813684521808,0.086821386215875,0.0659132703572784,0.1884243056541208,0.0867536822574667,0.0587708925478241,0.3716760883655157,0.0794590061497382
362,362.0,0.0620003151792886,0.0863679478585324,0.0662376721418587,0.1877884572914755,0.086582831121638,0.0581153475300866,0.3733003829516632,0.0796070459254566
363,363.0,0.0619073529268154,0.0858946981959147,0.0665276814360503,0.1873618662209965,0.086357127679975,0.0575139051713622,0.3746844325418963,0.0797529358269892
364,364.0,0.061816679027065,0.0854112478098587,0.0667903728576501,0.1869003753101793,0.0863474235334387,0.0569687715090005,0.3758656970378412,0.0798994329149661
365,365.0,0.0617205259660062,0.0849166171484335,0.0670177432438613,0.1865614529148233,0.0862854770170084,0.0564748941950325,0.37698403252718,0.0800392569876546
366,366.0,0.0615856642253245,0.0848780877751805,0.0671933070261777,0.1862395153859641,0.0861250681679082,0.0560137049207718,0.3778607026792494,0.0801039498194235
367,367.0,0.0613331640124561,0.0849834016054378,0.0671403276688302,0.1856800593555014,0.0857688538088185,0.0555100045945918,0.3787584765458875,0.0808257124084765
368,368.0,0.0610105502800227,0.0849570254562056,0.0669076398348475,0.1853195664829845,0.0852856154466413,0.0547485688353501,0.3803780542074384,0.0813929794565095
369,369.0,0.0606215592098264,0.0848530596668854,0.0665189263977625,0.1856257898675834,0.0849431755927566,0.0539740842347543,0.3817185611053152,0.081744843925116
370,370.0,0.0601891970795084,0.084697601589513,0.0660036764573304,0.1859645975093339,0.0845339865594123,0.0532136420122812,0.3827709815278672,0.0826263172647534
371,371.0,0.0597803346841255,0.0846119825484952,0.0654873567804822,0.1861728796121957,0.0838426274889207,0.0525319834242876,0.3840829996040405,0.0834898358574522
372,372.0,0.0596049404356147,0.0843869245423661,0.0648470629627003,0.1862035755614362,0.0830316237206581,0.0518478169249849,0.3853490184227111,0.0847290374295283
373,373.0,0.0593855349454169,0.0840616461075736,0.0641157187319676,0.1861541302273669,0.0821585463013154,0.0511814885061601,0.3866107153326082,0.086332219847591
374,374.0,0.0592024198080657,0.0837672953887023,0.0634385531622448,0.186232412716258,0.081336036600864,0.0506129429573982,0.3873522626346429,0.0880580767318237
375,375.0,0.0590049313235634,0.0832122052205051,0.0627082265124167,0.1864565998104415,0.0805062960181285,0.0500776901267225,0.3879437622500581,0.0900902887381638
376,376.0,0.058845026811337,0.0826904435917196,0.062517774778077,0.1866609548550074,0.079451279473478,0.0495911316423081,0.3891122466346602,0.0911311422134123
377,377.0,0.058659521168432,0.0821048926577435,0.0623289722535686,0.1867437423555047,0.0783761653492394,0.0491476759356239,0.3906705858551803,0.0919684444247073
