,Unnamed: 0,Total_iterations,Intertwine_two,Invert_path_vertices,Insert_inside_vertex,Delete_inside_vertex,Replace_inside_vertex,Donate_between_routes,Trim_one_terminal_cb,Grow_one_terminal_cb
0,0.0,0.0,0.125,0.125,0.125,0.125,0.125,0.125,0.125,0.125
1,1.0,0.10900000000000001,0.125,0.125,0.125,0.125,0.125,0.125,0.125,0.125
2,2.0,0.31601,0.125,0.125,0.125,0.125,0.125,0.125,0.125,0.125
3,3.0,0.6191589000000001,0.125,0.125,0.125,0.125,0.125,0.125,0.125,0.125
4,4.0,1.015801321,0.125,0.125,0.125,0.125,0.125,0.125,0.125,0.125
5,5.0,1.50262148669,0.125,0.125,0.125,0.125,0.125,0.125,0.125,0.125
6,6.0,2.0757334209441005,0.125,0.125,0.125,0.125,0.125,0.125,0.125,0.125
7,7.0,2.7307768275633495,0.125,0.125,0.125,0.125,0.125,0.125,0.125,0.125
8,8.0,3.4630081252450404,0.125,0.125,0.125,0.125,0.125,0.125,0.125,0.125
9,9.0,4.2673862119061114,0.125,0.125,0.125,0.125,0.125,0.125,0.125,0.125
10,10.0,5.138652627782014,0.125,0.125,0.125,0.125,0.125,0.125,0.125,0.125
11,11.0,6.071405875792507,0.125,0.125,0.125,0.125,0.125,0.125,0.125,0.125
12,12.0,7.060169740244025,0.125,0.125,0.125,0.125,0.125,0.125,0.125,0.125
13,13.0,8.099455520847952,0.125,0.125,0.125,0.125,0.125,0.125,0.125,0.125
14,14.0,9.183818168183006,0.125,0.125,0.125,0.125,0.125,0.125,0.125,0.125
15,15.0,10.307906369102724,0.125,0.125,0.125,0.125,0.125,0.125,0.125,0.125
16,16.0,11.466506686239443,0.125,0.125,0.125,0.125,0.125,0.125,0.125,0.125
17,17.0,12.654581904800096,0.125,0.125,0.125,0.125,0.125,0.125,0.125,0.125
18,18.0,13.867303782456686,0.125,0.125,0.125,0.125,0.125,0.125,0.125,0.125
19,19.0,15.100080434523047,0.125,0.125,0.125,0.125,0.125,0.125,0.125,0.125
20,20.0,16.348578617037543,0.125,0.125,0.125,0.125,0.125,0.125,0.125,0.125
21,21.0,17.608741195130214,0.125,0.125,0.125,0.125,0.125,0.125,0.125,0.125
22,22.0,18.876800103462312,0.125,0.125,0.125,0.125,0.125,0.125,0.125,0.125
23,23.0,20.14928511992658,0.125,0.125,0.125,0.125,0.125,0.125,0.125,0.125
24,24.0,21.423028783545156,0.125,0.125,0.125,0.125,0.125,0.125,0.125,0.125
25,25.0,22.695167792966423,0.125,0.125,0.125,0.125,0.125,0.125,0.125,0.125
26,26.0,23.963141223515898,0.125,0.125,0.125,0.125,0.125,0.125,0.125,0.125
27,27.0,25.224685898775267,0.125,0.125,0.125,0.125,0.125,0.125,0.125,0.125
28,28.0,26.477829247520948,0.125,0.125,0.125,0.125,0.125,0.125,0.125,0.125
29,29.0,27.720879968916847,0.125,0.125,0.125,0.125,0.125,0.125,0.125,0.125
30,30.0,28.95241681848399,0.125,0.125,0.125,0.125,0.125,0.125,0.125,0.125
31,31.0,30.17127581490958,0.125,0.125,0.125,0.125,0.125,0.125,0.125,0.125
32,32.0,31.376536153543515,0.125,0.125,0.125,0.125,0.125,0.125,0.125,0.125
33,33.0,32.567505096778625,0.125,0.125,0.125,0.125,0.125,0.125,0.125,0.125
34,34.0,33.74370209472243,0.125,0.125,0.125,0.125,0.125,0.125,0.125,0.125
35,35.0,34.90484237192463,0.125,0.125,0.125,0.125,0.125,0.125,0.125,0.125
36,36.0,36.05082019768737,0.125,0.125,0.125,0.125,0.125,0.125,0.125,0.125
37,37.0,37.18169203889697,0.125,0.125,0.125,0.125,0.125,0.125,0.125,0.125
38,38.0,38.29765977559663,0.125,0.125,0.125,0.125,0.125,0.125,0.125,0.125
39,39.0,39.399054140870355,0.125,0.125,0.125,0.125,0.125,0.125,0.125,0.125
40,40.0,40.48631852820801,0.125,0.125,0.125,0.125,0.125,0.125,0.125,0.125
41,41.0,41.55999329152982,0.125,0.125,0.125,0.125,0.125,0.125,0.125,0.125
42,42.0,42.62070064560415,0.125,0.125,0.125,0.125,0.125,0.125,0.125,0.125
43,43.0,43.669130257815,0.125,0.125,0.125,0.125,0.125,0.125,0.125,0.125
44,44.0,44.70602560622662,0.125,0.125,0.125,0.125,0.125,0.125,0.125,0.125
45,45.0,45.73217116373481,0.125,0.125,0.125,0.125,0.125,0.125,0.125,0.125
46,46.0,46.748380453854836,0.125,0.125,0.125,0.125,0.125,0.125,0.125,0.125
47,47.0,47.755485010424316,0.125,0.125,0.125,0.125,0.125,0.125,0.125,0.125
48,48.0,48.7543242612326,0.125,0.125,0.125,0.125,0.125,0.125,0.125,0.125
49,49.0,49.745736344347726,0.125,0.125,0.125,0.125,0.125,0.125,0.125,0.125
50,50.0,50.730549855707864,0.125,0.125,0.125,0.125,0.125,0.125,0.125,0.125
51,51.0,51.70957651737491,0.125,0.125,0.125,0.125,0.125,0.125,0.125,0.125
52,52.0,52.68360474770151,0.125,0.125,0.125,0.125,0.125,0.125,0.125,0.125
53,53.0,53.65339410751842,0.125,0.125,0.125,0.125,0.125,0.125,0.125,0.125
54,54.0,54.61967059027847,0.125,0.125,0.125,0.125,0.125,0.125,0.125,0.125
55,55.0,55.58312271885972,0.125,0.125,0.125,0.125,0.125,0.125,0.125,0.125
56,56.0,56.544398407394254,0.125,0.125,0.125,0.125,0.125,0.125,0.125,0.125
57,57.0,57.504102543001395,0.125,0.125,0.125,0.125,0.125,0.125,0.125,0.125
58,58.0,58.462795239617805,0.125,0.125,0.125,0.125,0.125,0.125,0.125,0.125
59,59.0,59.42099071417639,0.125,0.125,0.125,0.125,0.125,0.125,0.125,0.125
60,60.0,60.379156734137354,0.125,0.125,0.125,0.125,0.125,0.125,0.125,0.125
61,61.0,61.337714584760846,0.125,0.125,0.125,0.125,0.125,0.125,0.125,0.125
62,62.0,62.29703950447439,0.125,0.125,0.125,0.125,0.125,0.125,0.125,0.125
63,63.0,63.257461537171835,0.125,0.125,0.125,0.125,0.125,0.125,0.125,0.125
64,64.0,64.21926675122782,0.125,0.125,0.125,0.125,0.125,0.125,0.125,0.125
65,65.0,65.18269877636592,0.125,0.125,0.125,0.125,0.125,0.125,0.125,0.125
66,66.0,66.14796061122655,0.125,0.125,0.125,0.125,0.125,0.125,0.125,0.125
67,67.0,67.11521665648885,0.125,0.125,0.125,0.125,0.125,0.125,0.125,0.125
68,68.0,68.08459493066005,0.125,0.125,0.125,0.125,0.125,0.125,0.125,0.125
69,69.0,69.05618942810752,0.125,0.125,0.125,0.125,0.125,0.125,0.125,0.125
70,70.0,70.03006258152917,0.125,0.125,0.125,0.125,0.125,0.125,0.125,0.125
71,71.0,71.00624779379335,0.125,0.125,0.125,0.125,0.125,0.125,0.125,0.125
72,72.0,71.98475200689319,0.125,0.125,0.125,0.125,0.125,0.125,0.125,0.125
73,73.0,72.96555827861411,0.125,0.125,0.125,0.125,0.125,0.125,0.125,0.125
74,74.0,73.94862834037681,0.125,0.125,0.125,0.125,0.125,0.125,0.125,0.125
75,75.0,74.93390511255946,0.125,0.125,0.125,0.125,0.125,0.125,0.125,0.125
76,76.0,75.92131515639825,0.125,0.125,0.125,0.125,0.125,0.125,0.125,0.125
77,77.0,76.91077104428919,0.125,0.125,0.125,0.125,0.125,0.125,0.125,0.125
78,78.0,77.90217363294813,0.125,0.125,0.125,0.125,0.125,0.125,0.125,0.125
79,79.0,78.89541422641172,0.125,0.125,0.125,0.125,0.125,0.125,0.125,0.125
80,80.0,79.89037661826481,0.125,0.125,0.125,0.125,0.125,0.125,0.125,0.125
81,81.0,80.88693900474995,0.125,0.125,0.125,0.125,0.125,0.125,0.125,0.125
82,82.0,81.88497576253909,0.125,0.125,0.125,0.125,0.125,0.125,0.125,0.125
83,83.0,82.88435908692391,0.125,0.125,0.125,0.125,0.125,0.125,0.125,0.125
84,84.0,83.88496048800103,0.125,0.125,0.125,0.125,0.125,0.125,0.125,0.125
85,85.0,84.88665214409042,0.125,0.125,0.125,0.125,0.125,0.125,0.125,0.125
86,86.0,85.88930811312994,0.125,0.125,0.125,0.125,0.125,0.125,0.125,0.125
87,87.0,86.90280540413423,0.125,0.125,0.125,0.125,0.125,0.125,0.125,0.125
88,88.0,87.91692491199674,0.125,0.125,0.125,0.125,0.125,0.125,0.125,0.125
89,89.0,88.93146321995303,0.125,0.125,0.125,0.125,0.125,0.125,0.125,0.125
90,90.0,89.94623306491417,0.125,0.125,0.125,0.125,0.125,0.125,0.125,0.125
91,91.0,90.96106359473005,0.125,0.125,0.125,0.125,0.125,0.125,0.125,0.125
92,92.0,91.97580043561703,0.125,0.125,0.125,0.125,0.125,0.125,0.125,0.125
93,93.0,92.99030558805916,0.125,0.125,0.125,0.125,0.125,0.125,0.125,0.125
94,94.0,94.00445716937647,0.125,0.125,0.125,0.125,0.125,0.125,0.125,0.125
95,95.0,95.0181490208683,0.125,0.125,0.125,0.125,0.125,0.125,0.125,0.125
96,96.0,96.03129019700226,0.125,0.125,0.125,0.125,0.125,0.125,0.125,0.125
97,97.0,97.04380435355279,0.125,0.125,0.125,0.125,0.125,0.125,0.125,0.125
98,98.0,98.05562905091276,0.125,0.125,0.125,0.125,0.125,0.125,0.125,0.125
99,99.0,99.06671498802758,0.125,0.125,0.125,0.125,0.125,0.125,0.125,0.125
100,100.0,100.07702518155067,0.125,0.125,0.125,0.125,0.125,0.125,0.125,0.125
101,101.0,101.08653410390592,0.125,0.125,0.125,0.125,0.125,0.125,0.125,0.125
102,102.0,102.09522679298661,0.125,0.125,0.125,0.125,0.125,0.125,0.125,0.125
103,103.0,103.10309794522935,0.125,0.125,0.125,0.125,0.125,0.125,0.125,0.125
104,104.0,104.11015100279552,0.125,0.125,0.125,0.125,0.125,0.125,0.125,0.125
105,105.0,105.12639724457712,0.125,0.125,0.125,0.125,0.125,0.125,0.125,0.125
106,106.0,106.1417548897348,0.125,0.125,0.125,0.125,0.125,0.125,0.125,0.125
107,107.0,107.15615922147936,0.125,0.125,0.125,0.125,0.125,0.125,0.125,0.125
108,108.0,108.16956152783467,0.125,0.125,0.125,0.125,0.125,0.125,0.125,0.125
109,109.0,109.1819279882761,0.125,0.125,0.125,0.125,0.125,0.125,0.125,0.125
110,110.0,110.20323852279063,0.125,0.125,0.125,0.125,0.125,0.125,0.125,0.125
111,111.0,111.2233856186258,0.125,0.125,0.125,0.125,0.125,0.125,0.125,0.125
112,112.0,112.2422841486912,0.125,0.125,0.125,0.125,0.125,0.125,0.125,0.125
113,113.0,113.25986998426313,0.125,0.125,0.125,0.125,0.125,0.125,0.125,0.125
114,114.0,114.27609853643526,0.125,0.125,0.125,0.125,0.125,0.125,0.125,0.125
115,115.0,115.29094324802581,0.125,0.125,0.125,0.125,0.125,0.125,0.125,0.125
116,116.0,116.30439405597704,0.125,0.125,0.125,0.125,0.125,0.125,0.125,0.125
117,117.0,117.31645584257339,0.125,0.125,0.125,0.125,0.125,0.125,0.125,0.125
118,118.0,118.32714689208436,0.125,0.125,0.125,0.125,0.125,0.125,0.125,0.125
119,119.0,119.33649736772338,0.125,0.125,0.125,0.125,0.125,0.125,0.125,0.125
120,120.0,120.34454782212129,0.125,0.125,0.125,0.125,0.125,0.125,0.125,0.125
121,121.0,121.35134775285817,0.125,0.125,0.125,0.125,0.125,0.125,0.125,0.125
122,122.0,122.3569542129928,0.125,0.125,0.125,0.125,0.125,0.125,0.125,0.125
123,123.0,123.36143048498404,0.125,0.125,0.125,0.125,0.125,0.125,0.125,0.125
124,124.0,124.36484482492631,0.125,0.125,0.125,0.125,0.125,0.125,0.125,0.125
125,125.0,125.3672692826251,0.125,0.125,0.125,0.125,0.125,0.125,0.125,0.125
126,126.0,126.36877860172775,0.125,0.125,0.125,0.125,0.125,0.125,0.125,0.125
127,127.0,127.36944920290287,0.125,0.125,0.125,0.125,0.125,0.125,0.125,0.125
128,128.0,128.36935825193146,0.125,0.125,0.125,0.125,0.125,0.125,0.125,0.125
129,129.0,129.36858281353787,0.125,0.125,0.125,0.125,0.125,0.125,0.125,0.125
130,130.0,130.36719909084826,0.125,0.125,0.125,0.125,0.125,0.125,0.125,0.125
131,131.0,131.3652817495191,0.125,0.125,0.125,0.125,0.125,0.125,0.125,0.125
132,132.0,132.3629033248277,0.125,0.125,0.125,0.125,0.125,0.125,0.125,0.125
133,133.0,133.36013370935714,0.125,0.125,0.125,0.125,0.125,0.125,0.125,0.125
134,134.0,134.35703971834008,0.125,0.125,0.125,0.125,0.125,0.125,0.125,0.125
135,135.0,135.3536847292413,0.125,0.125,0.125,0.125,0.125,0.125,0.125,0.125
136,136.0,136.35012839176002,0.125,0.125,0.125,0.125,0.125,0.125,0.125,0.125
137,137.0,137.34642640410925,0.125,0.125,0.125,0.125,0.125,0.125,0.125,0.125
138,138.0,138.3426303511825,0.125,0.125,0.125,0.125,0.125,0.125,0.125,0.125
139,139.0,139.33878760003657,0.125,0.125,0.125,0.125,0.125,0.125,0.125,0.125
140,140.0,140.3349412480049,0.125,0.125,0.125,0.125,0.125,0.125,0.125,0.125
141,141.0,141.3311301186963,0.125,0.125,0.125,0.125,0.125,0.125,0.125,0.125
142,142.0,142.3273888011316,0.125,0.125,0.125,0.125,0.125,0.125,0.125,0.125
143,143.0,143.32374772731208,0.125,0.125,0.125,0.125,0.125,0.125,0.125,0.125
144,144.0,144.3202332836014,0.125,0.125,0.125,0.125,0.125,0.125,0.125,0.125
145,145.0,145.31686795142573,0.125,0.125,0.125,0.125,0.125,0.125,0.125,0.125
146,146.0,146.3136704729534,0.125,0.125,0.125,0.125,0.125,0.125,0.125,0.125
147,147.0,147.31065603759873,0.125,0.125,0.125,0.125,0.125,0.125,0.125,0.125
148,148.0,148.30783648540358,0.125,0.125,0.125,0.125,0.125,0.125,0.125,0.125
149,149.0,149.3052205235739,0.125,0.125,0.125,0.125,0.125,0.125,0.125,0.125
150,150.0,150.30281395269145,0.125,0.125,0.125,0.125,0.125,0.125,0.125,0.125
151,151.0,151.30061989937033,0.125,0.125,0.125,0.125,0.125,0.125,0.125,0.125
152,152.0,152.2986390523876,0.125,0.125,0.125,0.125,0.125,0.125,0.125,0.125
153,153.0,153.2968698995793,0.125,0.125,0.125,0.125,0.125,0.125,0.125,0.125
154,154.0,154.29530896305602,0.125,0.125,0.125,0.125,0.125,0.125,0.125,0.125
155,155.0,155.29395103055452,0.125,0.125,0.125,0.125,0.125,0.125,0.125,0.125
156,156.0,156.29278938099762,0.125,0.125,0.125,0.125,0.125,0.125,0.125,0.125
157,157.0,157.29181600258642,0.125,0.125,0.125,0.125,0.125,0.125,0.125,0.125
158,158.0,158.2910218019905,0.125,0.125,0.125,0.125,0.125,0.125,0.125,0.125
159,159.0,159.29039680343425,0.125,0.125,0.125,0.125,0.125,0.125,0.125,0.125
160,160.0,160.28993033669929,0.125,0.125,0.125,0.125,0.125,0.125,0.125,0.125
161,161.0,161.28961121327083,0.125,0.125,0.125,0.125,0.125,0.125,0.125,0.125
162,162.0,162.2894278900525,0.125,0.125,0.125,0.125,0.125,0.125,0.125,0.125
163,163.0,163.2893686202555,0.125,0.125,0.125,0.125,0.125,0.125,0.125,0.125
164,164.0,164.28942159123562,0.125,0.125,0.125,0.125,0.125,0.125,0.125,0.125
165,165.0,165.28957504920538,0.125,0.125,0.125,0.125,0.125,0.125,0.125,0.125
166,166.0,166.28981741088612,0.125,0.125,0.125,0.125,0.125,0.125,0.125,0.125
167,167.0,167.2901373622899,0.125,0.125,0.125,0.125,0.125,0.125,0.125,0.125
168,168.0,168.29052394493044,0.125,0.125,0.125,0.125,0.125,0.125,0.125,0.125
169,169.0,169.29096662985762,0.125,0.125,0.125,0.125,0.125,0.125,0.125,0.125
170,170.0,170.2914553799935,0.125,0.125,0.125,0.125,0.125,0.125,0.125,0.125
171,171.0,171.29198070131582,0.125,0.125,0.125,0.125,0.125,0.125,0.125,0.125
172,172.0,172.29253368349276,0.125,0.125,0.125,0.125,0.125,0.125,0.125,0.125
173,173.0,173.2931060306171,0.125,0.125,0.125,0.125,0.125,0.125,0.125,0.125
174,174.0,174.29369008272286,0.125,0.125,0.125,0.125,0.125,0.125,0.125,0.125
175,175.0,175.2942788287908,0.125,0.125,0.125,0.125,0.125,0.125,0.125,0.125
176,176.0,176.29486591196402,0.125,0.125,0.125,0.125,0.125,0.125,0.125,0.125
177,177.0,177.29544562770027,0.125,0.125,0.125,0.125,0.125,0.125,0.125,0.125
178,178.0,178.29601291558592,0.125,0.125,0.125,0.125,0.125,0.125,0.125,0.125
179,179.0,179.29656334552715,0.125,0.125,0.125,0.125,0.125,0.125,0.125,0.125
180,180.0,180.29709309901898,0.125,0.125,0.125,0.125,0.125,0.125,0.125,0.125
181,181.0,181.2975989461714,0.125,0.125,0.125,0.125,0.125,0.125,0.125,0.125
182,182.0,182.2980782191469,0.125,0.125,0.125,0.125,0.125,0.125,0.125,0.125
183,183.0,183.29852878263338,0.125,0.125,0.125,0.125,0.125,0.125,0.125,0.125
184,184.0,184.2989490019449,0.125,0.125,0.125,0.125,0.125,0.125,0.125,0.125
185,185.0,185.2993377093058,0.125,0.125,0.125,0.125,0.125,0.125,0.125,0.125
186,186.0,186.29969416883756,0.125,0.125,0.125,0.125,0.125,0.125,0.125,0.125
187,187.0,187.30001804072776,0.125,0.125,0.125,0.125,0.125,0.125,0.125,0.125
188,188.0,188.3003093450217,0.125,0.125,0.125,0.125,0.125,0.125,0.125,0.125
189,189.0,189.30056842543598,0.125,0.125,0.125,0.125,0.125,0.125,0.125,0.125
190,190.0,190.3007959135545,0.125,0.125,0.125,0.125,0.125,0.125,0.125,0.125
191,191.0,191.30099269372562,0.125,0.125,0.125,0.125,0.125,0.125,0.125,0.125
192,192.0,192.30115986894236,0.125,0.125,0.125,0.125,0.125,0.125,0.125,0.125
193,193.0,193.30129872794802,0.125,0.125,0.125,0.125,0.125,0.125,0.125,0.125
194,194.0,194.30141071377363,0.125,0.125,0.125,0.125,0.125,0.125,0.125,0.125
195,195.0,195.30149739387895,0.125,0.125,0.125,0.125,0.125,0.125,0.125,0.125
196,196.0,196.30156043203493,0.125,0.125,0.125,0.125,0.125,0.125,0.125,0.125
197,197.0,197.301601562055,0.125,0.125,0.125,0.125,0.125,0.125,0.125,0.125
198,198.0,198.3016225634525,0.125,0.125,0.125,0.125,0.125,0.125,0.125,0.125
199,199.0,199.30162523907572,0.125,0.125,0.125,0.125,0.125,0.125,0.125,0.125
200,200.0,200.30161139474586,0.12475,0.12575,0.12475,0.12475,0.12475,0.12575,0.12475,0.12475
201,201.0,201.30158282090153,0.1245025,0.1264925,0.1245025,0.1245025,0.1245025,0.1264925,0.1245025,0.1245025
202,202.0,202.30154127623263,0.124259725,0.127220825,0.124259725,0.124259725,0.124259725,0.127220825,0.124259725,0.124259725
203,203.0,203.30148847326828,0.12402363025,0.12792910925,0.12402363025,0.12402363025,0.12402363025,0.12792910925,0.12402363025,0.12402363025
204,204.0,204.30142606586767,0.12379590867250001,0.1286122739825,0.12379590867250001,0.12379590867250001,0.12379590867250001,0.1286122739825,0.12379590867250001,0.12379590867250001
205,205.0,205.30135563854844,0.123578000166025,0.128265999501925,0.123578000166025,0.123578000166025,0.123578000166025,0.130265999501925,0.123578000166025,0.123578000166025
206,206.0,206.30127869757567,0.1227093378026549,0.12723492776850587,0.12329757309677256,0.12329757309677256,0.12329757309677256,0.13121492776850588,0.12447404368500783,0.12447404368500783
207,207.0,207.3011966637244,0.12182659208844493,0.1261607577215933,0.12296450058517697,0.12396450058517697,0.12296450058517697,0.13108295772159329,0.12524031757864101,0.12579587313419655
208,208.0,208.30111086662103,0.12094017081424518,0.12505871289162973,0.12258772189783654,0.12457772189783653,0.12258772189783654,0.13087967089162972,0.1264091398544929,0.12695913985449284
209,209.0,209.30102254056177,0.12005930574879665,0.1239426012052199,0.12217537543919915,0.12513647543919915,0.12217537543919915,0.13061423182521992,0.12792856745158307,0.127968067451583
210,210.0,210.30093282170282,0.11910121551768639,0.12364304696977116,0.12164398173350538,0.12545855164259628,0.12164398173350538,0.13058975711776166,0.12918300038068217,0.12873646490449164
211,211.0,211.30084274651273,0.1181648052713934,0.12334480989596178,0.12109214472390306,0.12572760094299398,0.12109214472390306,0.13049559854363785,0.13072145871436322,0.12936143718384369
212,212.0,212.30075325137653,0.11718123121177204,0.12289894316048149,0.12045110488238295,0.12579415573343447,0.12045110488238295,0.13018758627100252,0.1324286326486129,0.13060724120993067
213,213.0,213.30066517324022,0.11618691127609544,0.12235061346627552,0.12054507603639168,0.12572153154769725,0.11977584526716091,0.1297339174231214,0.13400785971913878,0.131678245264119
214,214.0,214.30057925118513,0.11511166667012929,0.12169204613265422,0.12052611310133203,0.12550086825175316,0.1189953438705628,0.1302413011836047,0.1353749457604114,0.1325577150295524
215,215.0,215.30049612882368,0.11404439725201716,0.12095596048700523,0.12042080900557131,0.12587857199397798,0.11819798482974714,0.13062366834412098,0.1366074889599983,0.13327111912756195
216,216.0,216.3004163574101,0.11288569858787516,0.12071668777620637,0.12013140279868913,0.12599310473520822,0.11728414789026423,0.1306711376745026,0.13859733856079257,0.13372048197646177
217,217.0,217.30034039956382,0.11179915773180485,0.1205126537195949,0.11986491303958073,0.1260982096767025,0.11641747635423276,0.13070243855017355,0.1404917225695227,0.13411342835838816
218,218.0,218.30026863350653,0.11078842431155975,0.1203423747923182,0.11895504631439317,0.12619377854901945,0.11626858706333458,0.1307188748078481,0.14228124370530776,0.1344516704562192
219,219.0,219.3002013577199,0.1098560249177598,0.12020417827071556,0.11807523898698624,0.12627980927035362,0.11616719068596533,0.13072176854674916,0.14395849304408445,0.1347372962773861
220,220.0,220.30013879593477,0.10900345014169846,0.12009623787943557,0.11723128319085593,0.12635639534859,0.11610955189454582,0.13071244508136512,0.14595270788086145,0.13453792858264796
221,221.0,221.30008110236875,0.10826074637495257,0.12085563432447266,0.11643942049439698,0.12653034064605512,0.11543659181528967,0.1300369398636727,0.14812218740566974,0.1343181390754909
222,222.0,222.30002836713567,0.10753351504494128,0.12142577287699943,0.11561115938644947,0.12718468324540844,0.11472537134961577,0.1292774252929223,0.15034230662775,0.13389976617591365
223,223.0,223.30998062175453,0.10682828708209709,0.1218242552301189,0.11475884356466298,0.1276259755216031,0.11398724998624388,0.12845031869554852,0.15259237547672938,0.13393269444299655
224,224.0,224.31983784469398,0.10616449587729553,0.12266928480467501,0.11392182926044923,0.12790174306835592,0.11326072663038746,0.12659907794199732,0.15565378744169964,0.1338290549751403
225,225.0,225.32951096689254,0.1054541350726033,0.12325638997552957,0.11301645587091602,0.12849206113471814,0.11246140612067645,0.12465412826124495,0.15915156622450763,0.13351385733980434
226,226.0,226.33892166720233,0.1045763089518521,0.12458463495274708,0.11192595675428636,0.1300578405564581,0.1110872897087738,0.12251163375861475,0.16237723827413447,0.13287909704313378
227,227.0,227.34800208080912,0.10373547911179216,0.12624556010985588,0.11084444126412799,0.13140056919351242,0.10973468879910832,0.1203774656510126,0.16556251615516057,0.13209927971543053
228,228.0,228.3566944322471,0.10318185365509648,0.12849222286444095,0.10966977576748702,0.13241644784635476,0.10830333442575163,0.11863627303099386,0.1682164982293896,0.13108359418048615
229,229.0,229.36495060421885,0.10261840557415278,0.13049008632571232,0.10848251242946866,0.13312230842118356,0.10686300122639218,0.11687544433527446,0.17159959044057516,0.12994865124724134
230,230.0,230.3727316529512,0.1021091615935183,0.13230005013786525,0.10699605079177096,0.1340905673859165,0.10548640039694684,0.11517167911333538,0.17507151916720412,0.12877457141344303
231,231.0,231.38000728028084,0.1015920047074163,0.13396226366939798,0.10552713010755124,0.13486619667991662,0.1041314509441025,0.11349230619573067,0.17890248498329492,0.12752616271259015
232,232.0,232.38675527207468,0.10098299916811461,0.13587024019979688,0.10399919739019511,0.13628172678109962,0.10272004912661871,0.11176178147406295,0.1822513833669182,0.1261326224931943
233,233.0,233.3929609119684,0.10117885525740561,0.13819831801818144,0.1024819430585217,0.13745603208439924,0.10132046408746613,0.1096158447950056,0.18507885708314253,0.1246696856158781
234,234.0,234.39861637875308,0.10205757460742526,0.14009468287648766,0.10098511254868453,0.13830219376923608,0.09994115073060829,0.1075141192196742,0.1879578040272658,0.12314736222061845
235,235.0,235.40372013507172,0.10296479830283684,0.1417540831133332,0.09957896177245011,0.13895741296410863,0.09865120501023603,0.1055305308823012,0.19051958841040137,0.12204341954433284
236,236.0,236.40827631440783,0.10384655239009577,0.14348221093208544,0.09822643298216922,0.13934820608503895,0.09741253833785321,0.10425605066041321,0.19251915479866277,0.1209088538136816
237,237.0,237.41229411266625,0.10474791244299088,0.14508068152713538,0.09698703542099547,0.13966903088513505,0.09628375562923089,0.10312135869852676,0.19425926778919328,0.1198509576067924
238,238.0,238.41578718997215,0.10562113955854725,0.14647294650313808,0.09582508523574755,0.13985014653671463,0.0952283916091969,0.10205029367849587,0.19611611865068423,0.1188358782274756
239,239.0,239.41877308764774,0.10647610787145984,0.1469895976887792,0.09476025030280197,0.14001222209926995,0.09426545116120937,0.10106340516518393,0.19850153396625828,0.1179314317450376
240,240.0,240.42127266467926,0.1072985401846012,0.14691846906842035,0.09377516136382325,0.14035739019966997,0.0933770152501088,0.10015476299741352,0.20105680192695902,0.11706185900900402
241,241.0,241.42330955736088,0.10804220669936443,0.1465865492195902,0.09285086574087875,0.14133020917525196,0.09254368881339178,0.09928436988685557,0.20321305796427566,0.11614905250039179
242,242.0,242.42490966520074,0.10874324560217363,0.14614712473579344,0.09202662855613486,0.1425364784874124,0.0918043956655275,0.09851648734115465,0.20494582259167618,0.11527981702012743
243,243.0,243.4261006656046,0.10939811503254705,0.14524457283866982,0.09130028922129442,0.14364927647975306,0.09115672829278479,0.09784774889663299,0.20694636988343726,0.11445689935488068
244,244.0,244.426911559312,0.11000870118474247,0.14456709314013458,0.09066461655876072,0.1445733428671031,0.09059329600542414,0.09727874546893583,0.20864912701891614,0.11366507775598308
245,245.0,245.42737224805555,0.1105550907040816,0.14375424417382227,0.09010757746292573,0.14528787759689285,0.09010198645277827,0.09678695776968355,0.21053439766703785,0.112871868172778
246,246.0,246.4275131454442,0.11104855916055859,0.14289381184825767,0.0896375807409501,0.14590529626925108,0.08969120222977431,0.0963799019049261,0.2123154992552654,0.11212814859101686
247,247.0,247.42736482163957,0.11148871701044206,0.14199878533989524,0.08925024863994122,0.1464280158550181,0.08935662516295168,0.09605242828440874,0.21433509401808276,0.11109008568926028
248,248.0,248.42695768199897,0.11140126896066777,0.14059920669973075,0.08908819101581548,0.1471614279181442,0.08924098330436347,0.0959539992740585,0.2162786520026767,0.11027627082454315
249,249.0,249.42632167950245,0.11128040952225865,0.13885525878169863,0.08900462687125173,0.14782538083851401,0.08919766542589802,0.09593682057708804,0.21863107254513423,0.1092687654381568
250,250.0,250.42548606046057,0.11111919417558871,0.1370716915559843,0.08898104824686583,0.14831673272533735,0.08920837805545413,0.0959814446962555,0.22100897966700295,0.10831253087751133
251,251.0,251.42447914271827,0.11089905328055538,0.13522064427506497,0.08898747499248849,0.1485727308463995,0.08924339363153873,0.09603321820055055,0.22365651547333043,0.10738696930007205
252,252.0,252.42332812532302,0.11035976399230595,0.13337532961361154,0.08903030327280104,0.14870079802061018,0.0893093926728765,0.09610015293533944,0.22659717466131463,0.10652708483114083
253,253.0,253.42205892841406,0.10977076356400643,0.13149515207023948,0.08908759417249325,0.1485983513628305,0.08938474636349068,0.09615440311730998,0.2298271275294493,0.10568186182018048
254,254.0,254.42069606191185,0.10914183099807948,0.1295993997466467,0.08915624640476488,0.14858686798032422,0.0894666835856821,0.09619492758451813,0.23299834493454888,0.10485569876543574
255,255.0,255.41926252144074,0.10848215008606124,0.12770556686256973,0.08923333856614946,0.1483700906348403,0.08955262786618531,0.09622088609669512,0.23638296019164284,0.10405237969585615
256,256.0,256.41777970980235,0.10780869186475445,0.12587140014208392,0.08932455513519519,0.14804876440797185,0.08964861844943747,0.09624005305999474,0.2395075961269522,0.1035503208136104
257,257.0,257.41626738222976,0.10712884145669577,0.12447851895540124,0.08942684431484028,0.14763437587831024,0.08975196360872591,0.09625146157846123,0.24223605893077152,0.10309193527679393
258,258.0,258.4147436135921,0.10645413434006584,0.12314669505054213,0.08954217370765323,0.14709384489829436,0.089864992190279,0.09627237228358757,0.24496201507876358,0.10266377245081448
259,259.0,259.41322478568236,0.10579011915643756,0.12188096290701657,0.08966740189793856,0.1464405243423231,0.08998492146560422,0.09630063113148181,0.24767071032542595,0.1022647287737724
260,260.0,260.4117255927068,0.10514170019042456,0.12068524539474537,0.08979962005012371,0.1456876737992317,0.0901091953986486,0.0963342520219079,0.2503487324226992,0.10189358072221907
261,261.0,261.41025906310165,0.1045273977713792,0.11960516154056294,0.08995040274795062,0.1445064573414724,0.09024973254576357,0.09601529429877725,0.25358229991811626,0.1015632538359779
262,262.0,262.408836595826,0.10392224577805423,0.1185567342709442,0.09008868821913588,0.14322640461084002,0.09037580372332996,0.09568755577994027,0.2568988452317964,0.10124372238595929
263,263.0,263.4074680093197,0.10334821164480197,0.11758840465509582,0.09023117428862293,0.14215551044666672,0.09050442577351808,0.09537637071323406,0.25982960066360017,0.1009663018144605
264,264.0,264.4061616013708,0.10278974273661279,0.11665589668618379,0.09035783484555181,0.14100885600375093,0.09061587619822899,0.09506038906687664,0.2628145631149015,0.10069684134789383
265,265.0,265.4049242182031,0.10135309186492245,0.11579880077275978,0.09048030138956015,0.14073406149502665,0.09072207320971439,0.09475429605734528,0.2657102683040986,0.10044710690657296
266,266.0,266.4037613311702,0.09986997974958398,0.11566120360982084,0.09050912285310413,0.1406090397451237,0.09073383437578615,0.09437125560867873,0.2681179948812947,0.10012756917660805
267,267.0,267.4026771195288,0.09842709781966755,0.11555589818338785,0.0905205897131467,0.14061735772699904,0.09072769985287692,0.09398975195078833,0.27034735605865684,0.09981424869447697
268,268.0,268.40167455785627,0.09704465497026209,0.11551002658752069,0.09052612585576955,0.14057785036906748,0.09071532364944583,0.09362300143626762,0.2724848886628656,0.09951812846880138
269,269.0,269.40075550677244,0.09573473584905583,0.11554059010054854,0.09053057311853369,0.14054903409693373,0.09070175782282468,0.09327725905587,0.27441292922560545,0.09925312073062828
270,270.0,270.39992080572927,0.09449219980440259,0.11560714673006921,0.09052300844675903,0.1405074486790637,0.09067626952356034,0.09294265916808248,0.2764664173773332,0.09878485027072965
271,271.0,271.3991703667331,0.09333084599289622,0.11571357486915293,0.09051282078441984,0.14064989002438558,0.09064841798571242,0.09263281122864676,0.2781602350560145,0.09835140405877191
272,272.0,272.3985032679692,0.0921797089992592,0.11640011662282146,0.09042591357711804,0.14056454100207763,0.09054425731843985,0.09227387779204414,0.27973268880705127,0.09787889588118857
273,273.0,273.39791784640204,0.0910478647760633,0.11685684975448443,0.09026941411584524,0.14042407238971832,0.09037104630578013,0.0918694489466818,0.28179751242288265,0.09736379128854429
274,274.0,274.39741178852756,0.08994565937337201,0.11710680997208582,0.09005280350548692,0.14073218633435652,0.09013837897727425,0.09142885305748603,0.2834856626665475,0.09710964611339108
275,275.0,275.39698221855525,0.08892315458279146,0.11733696566295321,0.08982626258668487,0.14096409724782347,0.08989653125742153,0.09100189995714536,0.28519019291620684,0.09686089578897339
276,276.0,276.3966257833946,0.0879817730548921,0.11754442402431543,0.08959221746334727,0.14064924396320827,0.08964800732643094,0.09059045180749534,0.2873764802074137,0.0966174021528971
277,277.0,277.3963387339161,0.08708336318322557,0.11756323250012021,0.08931430591170174,0.1409675076596023,0.08935650694926689,0.09016043904837628,0.2892051707015258,0.0963494740461813
278,278.0,278.39611700204625,0.08622973199097211,0.11759842284686954,0.08899681378018243,0.14105927282582295,0.08902636286440525,0.09030034884914304,0.2905669435732636,0.09622210326934112
279,279.0,279.39595627334296,0.08545725125465424,0.11760467079977703,0.08867918738063318,0.1412584617413304,0.0886970542160057,0.09045449147900403,0.2917533314723839,0.09609555165621159
280,280.0,280.3958520547766,0.08476477618700097,0.11758226705942976,0.08853052852147857,0.14155891821230288,0.0883710359978654,0.09061895286186533,0.29260461190512144,0.09596890925493576
281,281.0,281.39579973751904,0.08415659388481936,0.11755011995600988,0.08838805770983046,0.14178753727168084,0.08805660226213681,0.09079622955403946,0.2934112515698157,0.0958536077916676
282,282.0,282.3957946546121,0.08348497460330602,0.11735089411283897,0.08810701347052124,0.14196885204455778,0.08761035660665802,0.09194881099025104,0.2939318629400615,0.09559723523180556
283,283.0,283.3958321334497,0.08288727311207603,0.11736401471460567,0.08782817799701041,0.14206462454540958,0.08717423755882558,0.0930917552900345,0.2942504060253967,0.0953395107566417
284,284.0,284.39590754306903,0.0823613880733938,0.11734598556573109,0.08755325618256893,0.14224664256209854,0.08698346521426857,0.09421373413915052,0.2942142826413642,0.09508124562142455
285,285.0,285.39601633629576,0.08179361703658042,0.11718644211705706,0.08717265452032663,0.14323281891746434,0.08668904523245047,0.09508256182395591,0.2941307471190547,0.0947121132331107
286,286.0,286.3961540868369,0.08129317526945423,0.11699864995086466,0.08679992842853057,0.14451381033942945,0.08640334190053808,0.09591404660087824,0.2937319605765155,0.0943450869337895
287,287.0,287.3963165214555,0.08076679110315035,0.1166939868747363,0.08634631093341268,0.1455054009580302,0.08603651196396361,0.0965209921443861,0.29423904742721374,0.09389095859510727
288,288.0,288.3964995473977,0.08030352318002802,0.11636665225593054,0.08590546828137556,0.1463848307184185,0.08568125942252337,0.09708264203532328,0.29483254035125295,0.09344308375514801
289,289.0,289.3966992752717,0.07957746457310792,0.11569626912097954,0.08515827884977163,0.14774796100352555,0.08501548126832342,0.09819989919942002,0.2949161023093628,0.09368854367550931
290,290.0,290.39691203760566,0.07885080014864344,0.11495084583123377,0.08437149442267802,0.1497275016928422,0.08430527071700798,0.09913875480360304,0.29477157093350675,0.09388376145048506
291,291.0,291.3971344033301,0.07809508641928599,0.11410796691163738,0.0835190403432694,0.15147597629807594,0.08352614729841328,0.10074563257305083,0.2946339686356836,0.09389618152058384
292,292.0,292.3973631884488,0.07734709472757095,0.11321055410103495,0.08264216515751693,0.15357006397045125,0.08271885470896596,0.10217250986217928,0.2944876911166594,0.09385106635562147
293,293.0,293.3975954631711,0.07661481461312605,0.11227279461291151,0.08175321283598999,0.15541303211086094,0.08189532329082047,0.10342608255603801,0.29420316668690666,0.09442157329334652
294,294.0,294.3978285557895,0.07594845018104954,0.11136172591114475,0.08090658776081962,0.15713749942864244,0.0811096299208426,0.10459830967541087,0.29395175023650033,0.09498604688559
295,295.0,295.3980600535882,0.07544210617651789,0.11058761908017585,0.08020041410307566,0.15883806711006276,0.0804631459993301,0.10596131233332472,0.2937802502007667,0.09472708499674648
296,296.0,296.39828780107115,0.07503402633602317,0.10935785684130182,0.07957675195932654,0.16050303282088282,0.07989410369975494,0.10682448232955777,0.2943189417592227,0.09449080425393036
297,297.0,297.39850989579503,0.07450921287522479,0.10790932785184137,0.0786654687223477,0.16233092763822357,0.07950843508475869,0.10725795974177571,0.29606899881251153,0.0937496692733168
298,298.0,298.3987246820886,0.07399389112938984,0.10638712196620446,0.07776070209566958,0.16467164351462799,0.07911007225727108,0.10755649309769819,0.2975523993509713,0.09296767658816772
299,299.0,299.3989307429319,0.07350770607260372,0.10482825501404967,0.07688405686979516,0.16733823606402268,0.0787239627264957,0.10774365493831928,0.29880677584701726,0.09216735246769667
300,300.0,300.3991268902616,0.07303367729883324,0.10323172729961363,0.07602320822939554,0.16960276465540955,0.07896578702491948,0.10781028964511692,0.2999954982679738,0.09133704757873806
301,301.0,301.39931215395563,0.07250646314935577,0.10159447825793254,0.07511635635483117,0.1716622522578497,0.080034884253887,0.10751699791762362,0.30114989426068167,0.09041867354783875
302,302.0,302.39948576974075,0.07194111264682723,0.09994014764124946,0.07418166488401204,0.17372586705322351,0.08094769749152148,0.10691918557222194,0.3029101571354064,0.08943416757553817
303,303.0,303.3996471662499,0.07134960779791824,0.09828826835518778,0.0732338148390456,0.1754058453272859,0.08171667923378186,0.1068330894549765,0.3047706929752479,0.0884020020165565
304,304.0,304.3997959514457,0.07074340739303156,0.09666538184189745,0.07228656304160763,0.1774831284745617,0.08235528049238877,0.10647118207366568,0.3066536451446943,0.08734141153815315
305,305.0,305.39993189860746,0.07014329315631133,0.09508898235454077,0.0720272016982724,0.17918614261188537,0.08288718199852123,0.10587966216319145,0.3085146435579007,0.08627289245937696
306,306.0,306.40005493206695,0.06959709499726162,0.0934665316697427,0.07183185607929415,0.18078751883350283,0.08340272616199475,0.10525817124046088,0.3104065106068076,0.0852495904109357
307,307.0,307.40016511285984,0.06906280629326567,0.09190608034924568,0.07161222012706886,0.18203495580042206,0.08381435356081128,0.10507360569300993,0.31226159162686384,0.08423438654931294
308,308.0,308.40026262444485,0.068567185031671,0.09044059821798808,0.07143498372758919,0.18303455801093846,0.08418401560199,0.10485856141820149,0.3139734174842588,0.08350668050736322
309,309.0,309.4003477586269,0.06811128785255137,0.08907427271801377,0.07129908605746753,0.18380195567375995,0.08451159925846856,0.10461952434016795,0.3157533151606891,0.08282895893888192
310,310.0,310.4004209018045,0.06769451280405858,0.08781627379761163,0.0711993084611958,0.18438235866970876,0.08479778664330498,0.10436022923962755,0.31755181230799456,0.0821977180764983
311,311.0,311.40048252164627,0.06731722588858031,0.08666813366633752,0.07113454970065762,0.18479279305606097,0.08504352605623801,0.10408680786314224,0.3193358003467708,0.08162116342221269
312,312.0,312.4005331542874,0.06697525350522233,0.08561850446983421,0.07109672867154895,0.1849950326734848,0.08538732890608483,0.10379667467312405,0.32104460850206507,0.08108586859863587
313,313.0,313.40057339212154,0.0666671653117425,0.0846658309994684,0.07108224159946344,0.18500207287577955,0.08568351420575618,0.10349299969302077,0.3228150658816256,0.08059110943314368
314,314.0,314.40060387225105,0.06639136388012958,0.08380779161147757,0.0710876395546341,0.18482768320125878,0.08593192385890111,0.10317880150081438,0.3246389264027533,0.08013586999003129
315,315.0,315.40062526564515,0.06618918371344355,0.08309146664313279,0.07052771382535875,0.1853170709429284,0.08555240358783102,0.10306806571467599,0.3264893465669186,0.07976474900571101
316,316.0,316.40063826704335,0.06597499021362495,0.0825483118014806,0.06994682952237409,0.18551735997326682,0.0850932155076762,0.10274462027019285,0.32814814487536625,0.08002652783601831
317,317.0,317.4006435856313,0.0659137047717569,0.08208560833972554,0.06938791413288181,0.18568150218179688,0.08459999336338093,0.10241659281422108,0.3295985290932651,0.08031615530297184
318,318.0,318.40064193650414,0.06585160321335963,0.08167757537301165,0.06882768162558808,0.18616430124008052,0.08406200749822394,0.10191387722024595,0.33093731465067666,0.08056563917881363
319,319.0,319.40063403292464,0.06580961906372582,0.08134558953123178,0.06829516773385491,0.18662443586789046,0.08350765741163642,0.10141451874481157,0.3321706031160666,0.08083240853078248
320,320.0,320.4006205793739,0.06578501186176686,0.08108383604806517,0.06779192348223333,0.18694993169521806,0.08294275202750445,0.10092206972983737,0.3334138816069652,0.08111059354840958
321,321.0,321.40060226538446,0.06577341057237439,0.08100134364827254,0.06731731799218134,0.18725320438062346,0.08236738979892588,0.10043792609789479,0.33445808993479736,0.08139131757493025
322,322.0,322.40057976014015,0.06578415289529106,0.08097808184446748,0.06688095704096533,0.1875546306468929,0.08179988827634337,0.09997372303783933,0.33534990697823025,0.08167865927997026
323,323.0,323.4005537078188,0.06581458553336862,0.08088513183084699,0.06648298123046946,0.18797816522125094,0.08124447335414647,0.09953161256362304,0.3360949379772686,0.0819681122890259
324,324.0,324.4005247236515,0.06585156987483941,0.08083844171773827,0.06611551966212531,0.1883139683660871,0.08069400618049416,0.09910689327990173,0.3368304094562701,0.08224919146254395
325,325.0,325.40049339066434,0.06589401039434478,0.08083364065551271,0.06578029567834132,0.18868941622452262,0.08015307076716326,0.09870317341140325,0.33742170395731513,0.0825246889113969
326,326.0,326.40046025706926,0.06593890973490867,0.08086442230285018,0.0654745990760597,0.18898130950337977,0.07962374795736289,0.0983195515308507,0.3380121327659743,0.08278532712861376
327,327.0,327.400425834263,0.06612150833585341,0.08105998483358434,0.06533186593235817,0.189842221556198,0.0792471321744288,0.097166816159561,0.3386558353083664,0.08257463569964985
328,328.0,328.4003905953947,0.06631256962062818,0.08117026397598771,0.06522350556021164,0.19063866661903903,0.07889784965249798,0.09605161710082594,0.3393484211859493,0.08235710628486019
329,329.0,329.40035497445933,0.0665079507080491,0.0812996790460342,0.06514569869003806,0.19143767166871098,0.07857385554093606,0.09497869266011313,0.3399239440938291,0.08213250759228939
330,330.0,330.4003193658729,0.06665736509815018,0.08139622999309683,0.06504818911124259,0.19211526032163706,0.0782276471076313,0.09369358677835772,0.3408887772455431,0.08197294434434121
331,331.0,331.4002841244864,0.06675525349597095,0.0814609093214519,0.06492791946865017,0.19308369921743984,0.07785730705805802,0.09233390522144562,0.3417223678385344,0.0818586383784492
332,332.0,332.40024956599365,0.06680414823496329,0.08149028625457636,0.0648821003085917,0.1936994078342067,0.07746437893541597,0.0909206817517341,0.34245664339744825,0.0822823532830637
333,333.0,333.4002159676902,0.0668340894943247,0.08156532046928824,0.06484289403637697,0.19359387670601538,0.07710659374600116,0.08949999643462607,0.34390817961238107,0.08264904950098642
