,Unnamed: 0,Generation,Intertwine_two,Add_vertex,Delete_vertex,Invert_path_vertices,Insert_inside_vertex,Delete_inside_vertex,Replace_inside_vertex,Donate_between_routes,Trim_one_terminal_cb,Grow_one_terminal_cb
0,0.0,0.0,0.09999999999999999,0.09999999999999999,0.09999999999999999,0.09999999999999999,0.09999999999999999,0.09999999999999999,0.09999999999999999,0.09999999999999999,0.09999999999999999,0.09999999999999999
1,1.0,1.0,0.10409175554826722,0.08678491980294745,0.08610093744621049,0.11021075163613761,0.09224981407738712,0.11350447122736378,0.09892047462887063,0.10922805633660733,0.10210142463460284,0.09680739466160555
2,2.0,2.0,0.1016907036764465,0.0925674873620282,0.08153639441993132,0.10908666526500432,0.09989447931003832,0.10780666486982263,0.09651216086203296,0.10187101157235898,0.10689306271353054,0.10214136994880615
3,3.0,3.0,0.09317087329462179,0.09626470080084583,0.08435206224988774,0.10722327881095395,0.09518802087569886,0.11055038374907691,0.09955811885817958,0.09131279903754816,0.11208648911805814,0.11029327320512901
4,4.0,4.0,0.09948031777738917,0.1026399621215198,0.08901577910918365,0.09784330050587058,0.08728324583347898,0.11153422286548094,0.10037221617243701,0.09622255530651605,0.11069834644451537,0.1049100538636083
5,5.0,5.0,0.09810507550181274,0.1070100587358032,0.09041987591318561,0.09730068334240624,0.09432835711233994,0.10992599692048029,0.09017227580857896,0.09893508650071454,0.10695761910862342,0.10684497105605499
6,6.0,6.0,0.10032336911302338,0.09498625651898193,0.08137357366653628,0.10559695879843493,0.09991776920302997,0.10730000973935105,0.10678198691525709,0.08700299972754949,0.11416465004778087,0.10255242627005497
7,7.0,7.0,0.08666210460272769,0.10003839553333187,0.09139548028107862,0.10418386587868485,0.08659734362682463,0.11441533410666016,0.1037310414333746,0.08898423443430918,0.10970390363914764,0.11428829646386081
8,8.0,8.0,0.0994680167569724,0.1001837443505605,0.07884795928572143,0.11018487873129945,0.088581193428967,0.11370379712023801,0.09600905132151344,0.10530417581635629,0.10305620911324162,0.1046609740751298
9,9.0,9.0,0.0980727492430095,0.09801744055154146,0.07885184665657255,0.10263982297867072,0.08455250198184758,0.11650718654357095,0.08782975341697112,0.08951160257055889,0.12396936467591044,0.12004773138134665
10,10.0,10.0,0.09576095380251054,0.10451045879398166,0.09627232289219537,0.1028744439457063,0.08674295991439926,0.1134093926956243,0.08743384021967535,0.08614092451152827,0.11629400751431189,0.11056069571006696
11,11.0,11.0,0.0896780800134007,0.11462021693598112,0.08993543194025841,0.10376019936520356,0.08126893261364326,0.1115834442165081,0.09341934359408519,0.0927428642794205,0.1215788735658434,0.1014126134756557
12,12.0,12.0,0.09640650482767861,0.08909082227717495,0.09166980988991183,0.10144938235465326,0.07815601616875023,0.12759213520775822,0.10011306826854335,0.08759552002619214,0.11937958944521616,0.10854715153412116
13,13.0,13.0,0.08672261639212392,0.10390607653476155,0.08279935908443056,0.10485717927162148,0.08922104811606282,0.10852238157153729,0.0947772254688859,0.09051663229127459,0.1303203630359632,0.10835711823333867
14,14.0,14.0,0.10845231227438643,0.09760931862714932,0.07812269530611493,0.08647277846756872,0.08667564703902012,0.12126929373620499,0.09436403966307018,0.09338103782692878,0.11878113442442725,0.11487174263512918
15,15.0,15.0,0.10004586170160334,0.0956143224268069,0.07932567171128088,0.0945317903517723,0.07906941834799218,0.11344147714502113,0.10041576173457463,0.09314136851547156,0.11816325693079086,0.12625107113468612
16,16.0,16.0,0.08474649230691612,0.10427284088025313,0.09795776710357738,0.09926216729656231,0.07394160063479194,0.10215893639011005,0.09844527821077623,0.09947933154458868,0.11688114194026569,0.1228544436921584
17,17.0,17.0,0.09664600174232464,0.09297992924361113,0.08034934103740839,0.10334678122308869,0.06969629544756231,0.12596347417062498,0.10100359514841813,0.09459389702951748,0.12715460278692023,0.10826608217052396
18,18.0,18.0,0.09032661116365284,0.10148794347265913,0.09165704218686901,0.10319423601556185,0.0681160186817285,0.13253441214788533,0.093617045707367,0.08370735786805401,0.13057353539031685,0.10478579736590546
19,19.0,19.0,0.098886962094901,0.09315654839169414,0.08955986798229064,0.0982637414700778,0.07630122757932477,0.12702715785556995,0.09634432793824388,0.07542528512407433,0.13328353711412882,0.11175134444969462
20,20.0,20.0,0.09140142688008274,0.11016067091715416,0.092837664656953,0.09524058568827545,0.07777723615382394,0.12022237629353524,0.08082624191124028,0.07943952400653458,0.12984682141736154,0.122247452075039
21,21.0,21.0,0.08194546423296192,0.10541217702393169,0.10717303990345835,0.09469752575649956,0.07848089081272988,0.12086232749303727,0.0787729094367595,0.07596952122292552,0.1423735757500373,0.11431256836765895
22,22.0,22.0,0.08631466787339429,0.10275609291326601,0.10560021919839498,0.09615936332637247,0.07135816099651605,0.128606185062571,0.08737979129098808,0.07073127920232751,0.14084871158875295,0.11024552854741658
23,23.0,23.0,0.08290946251136047,0.10624953263306827,0.10304069563205358,0.09073048991562296,0.07137815627202265,0.11986659571099038,0.08967050813399356,0.07264131074344612,0.13409799738774758,0.12941525105969434
24,24.0,24.0,0.07766447564863237,0.10495327215009617,0.09488144741540208,0.09853011452303703,0.07763122238315981,0.1294584732755613,0.0826031325098994,0.08460459187657667,0.13329753911366068,0.11637573110397448
25,25.0,25.0,0.08761882605905852,0.09823643776585818,0.09890167219229232,0.09794682294386738,0.07306950736935126,0.1270720673720829,0.09905382752862062,0.0754194484628399,0.12678407095011107,0.11589731935591788
26,26.0,26.0,0.10052851636982255,0.10970330626018639,0.09263861633035214,0.09152880666071746,0.06539554374338102,0.11604378299439924,0.08750077311911877,0.08039923234527649,0.1332800195031462,0.1229814026735997
27,27.0,27.0,0.09908954597020678,0.09672450265549849,0.09637307656608535,0.08833067667025546,0.07721456051624624,0.11039208892706046,0.09379054204473176,0.08755147848948788,0.12907673055484678,0.12145679760558081
28,28.0,28.0,0.09119637849145183,0.10589108304101218,0.10143010813077695,0.09900296807586688,0.07458901079005889,0.1266148394117443,0.08518701187419135,0.08018899228762008,0.12898329470147266,0.10691631319580483
29,29.0,29.0,0.08649396567755924,0.09521973373261108,0.0997318292956163,0.09505441237294679,0.06362523152176583,0.12801471649022578,0.08807153407159532,0.08040016426830149,0.13928152454228454,0.1241068880270936
30,30.0,30.0,0.08630762126600378,0.1058388386088011,0.10224615849858605,0.08294749163964861,0.07321480430999225,0.13084729136194392,0.08338090863684686,0.09441250191881459,0.1342359487644158,0.10656843499494699
31,31.0,31.0,0.09287877939279039,0.10346822383779646,0.09115935758168212,0.09869467299021122,0.06809003055520788,0.12883633816060697,0.08566615716704881,0.07272316876477462,0.14661505187490695,0.11186821967497448
32,32.0,32.0,0.0978458239357638,0.1099620592115353,0.10257092084791593,0.09740115455707594,0.06501695891193074,0.11967783296047281,0.09222091694813322,0.0750572237875113,0.13574215437285397,0.10450495446680692
33,33.0,33.0,0.09597632033064177,0.10392067381989482,0.09062718681379414,0.08799277401453617,0.07578218762146358,0.11815078631858392,0.09390321944236336,0.07668561337372859,0.13609431560320162,0.120866922661792
34,34.0,34.0,0.09543744554494668,0.0958623030930979,0.09869772997377231,0.0881410476657631,0.07531682630436945,0.11675558376231479,0.09314301604842076,0.07561370899367806,0.14150461152378557,0.11952772708985135
35,35.0,35.0,0.0782735696506818,0.10638419430044041,0.10241647293248649,0.09087431007756551,0.07519528481051924,0.1338799527790478,0.08100371182205487,0.09511458571043264,0.12983284569419545,0.10702507222257569
36,36.0,36.0,0.0979772468768614,0.11017370499884041,0.09762947648156635,0.10279847762632773,0.07490199028196187,0.12078251168525263,0.07180788309725772,0.0890608306405547,0.12152433750523366,0.11334354080614348
37,37.0,37.0,0.0864749542168064,0.11354270938592625,0.09809474858774662,0.09507915870787864,0.0689000892900198,0.12810054863610013,0.0828692689944518,0.07202937620811396,0.1493866331243027,0.10552251284865363
38,38.0,38.0,0.08425846534258034,0.09395521874320685,0.0940351487421105,0.09514424069013297,0.06885807554361524,0.1375465766524287,0.07490687600023554,0.07977012685673342,0.14548168752317683,0.12604358390577963
39,39.0,39.0,0.09854248144581937,0.11595144439851739,0.09810806150001725,0.08000951494399129,0.07949014365486486,0.12428652631406065,0.07801510573960987,0.07474677773780222,0.14264924641459586,0.10820069785072114
40,40.0,40.0,0.08798477539909119,0.10941562842813743,0.10205260940595635,0.09269830944191254,0.06962163051560755,0.12502082266921383,0.08291068454896158,0.08757150587107151,0.12751767340334547,0.11520636031670244
41,41.0,41.0,0.08983702219509665,0.09052391828155179,0.10933614552019369,0.10004992294213019,0.07214975206888982,0.12101709148691668,0.08738065606824724,0.07727945976680456,0.14224278864642081,0.11018324302374846
42,42.0,42.0,0.09665906870241477,0.0883693092997897,0.07802654068075134,0.08866698064481657,0.0822383203140146,0.12797252108744137,0.10975497081790994,0.0825056909890642,0.12569457066604905,0.12011202679774846
43,43.0,43.0,0.08071648064704848,0.10952735252633483,0.09711996747863638,0.09330969790379057,0.07492516495091132,0.15100574205389186,0.08360771913243872,0.08467841353479702,0.12268394005139774,0.102425521720753
44,44.0,44.0,0.10106995060574767,0.1083748311136113,0.09616357720385141,0.0872468118474232,0.057697328983707344,0.14072623555077884,0.0781644269644342,0.06597706773575665,0.14139294972580033,0.12318682026888905
45,45.0,45.0,0.09046986518310668,0.09040802638181789,0.08440773442985625,0.09226354351024131,0.08291093076092633,0.11623784223603431,0.09243394318301115,0.08064540924244093,0.14572678224663618,0.12449592282592895
46,46.0,46.0,0.07622472685810218,0.106693677404192,0.11594815857021272,0.09390310780291661,0.06280749969367552,0.12420414787901671,0.07959653955343729,0.06700105431456731,0.14675355049245414,0.12686753743142548
47,47.0,47.0,0.0784145692552924,0.10296310785740956,0.11105061945231591,0.08730564573566799,0.07685556954095987,0.13309499667615327,0.08579501838711534,0.06488311636944964,0.1435232167158337,0.11611414000980227
48,48.0,48.0,0.08235061484494782,0.10772895628601124,0.09382584544348684,0.08912137984509201,0.06671406965781403,0.1333264821103075,0.08901965725954794,0.07708283605682109,0.13360560934691015,0.12722454914906137
49,49.0,49.0,0.0857497995307652,0.09842932477085911,0.10006031057913023,0.09220831221006427,0.07084252938587948,0.13348745377019988,0.08440402278736583,0.07627654687857618,0.1399213750384451,0.11862032504871464
50,50.0,50.0,0.07888239036677919,0.11372737926973804,0.09932252169943209,0.09862871980909314,0.06351015246962513,0.13807527586535967,0.08616935820148242,0.06830973107783425,0.13025805664545498,0.123116414595201
51,51.0,51.0,0.08750889926602287,0.10214063496981243,0.08944777635368584,0.09560595366630856,0.06332862860531652,0.1572794006846278,0.09529221391397685,0.060408325051604504,0.135565517423601,0.11342265006504357
52,52.0,52.0,0.09555048170590405,0.10234967818360803,0.08335452448735259,0.09790080945822235,0.06624927608232513,0.12494216329625665,0.09416502433452385,0.08306425167293541,0.1330732293552582,0.11935056142361367
53,53.0,53.0,0.09654724961033098,0.10126754139264009,0.08926197037557486,0.09046283999132934,0.0714404564805435,0.1586126465287399,0.0868479915621636,0.058864548170184564,0.1399508318345525,0.10674392405394062
54,54.0,54.0,0.0948045606539051,0.1040393406359865,0.09061926515093945,0.07856981392284082,0.06677935936942239,0.13911743232733115,0.08428163813054833,0.08063400616818853,0.1383220609211983,0.12283252271963938
55,55.0,55.0,0.09034692778839619,0.10364132794189355,0.09245333565037203,0.09577749344239819,0.07772950007388259,0.140555291329146,0.08125161971045049,0.07793553725159283,0.12474957623164902,0.11555939058021905
56,56.0,56.0,0.08442829700311763,0.10162670911627877,0.09240408879736531,0.10441864705162837,0.0758251833044499,0.12964462985207909,0.08632067089328388,0.06657120952156088,0.14156328150496403,0.11719728295527217
57,57.0,57.0,0.091143593731621,0.10529499575338519,0.09082318581537344,0.08576087027632842,0.08014208983156113,0.1142292406126113,0.08573070578846649,0.07057196364425516,0.15443751885936385,0.12186583568703399
58,58.0,58.0,0.08409806299733953,0.11013732532050668,0.09395220359181898,0.08871980901702073,0.061807675332784785,0.13820522021476223,0.0997028816067672,0.059179737303067935,0.13819898514324921,0.12599809947268262
59,59.0,59.0,0.08247207141937479,0.11453335358991461,0.09808050362283374,0.09751062145841477,0.05448101529645407,0.13894289934552512,0.08430516005160994,0.06263468522084656,0.13790163119755547,0.12913805879747095
60,60.0,60.0,0.10963129161238425,0.1046990881184952,0.09085073809280517,0.09799055220679445,0.057633959365017216,0.13063765724923765,0.07277007161807178,0.0775224550030634,0.13217687556251695,0.12608731117161395
61,61.0,61.0,0.09028878155004519,0.114084719305991,0.08971734365924107,0.08819982488302905,0.06113829170258234,0.14980742967570085,0.0844650231453603,0.06984407203458873,0.1364655002250415,0.11598901381841993
62,62.0,62.0,0.09087117087375139,0.11609162078401394,0.11438704500438099,0.07847911939493397,0.05441288232397514,0.12774733048996018,0.0820811903790917,0.08386040585720914,0.13742337197119958,0.11464586292148385
63,63.0,63.0,0.0850564471474569,0.09300665571363392,0.10390744275971846,0.0824443679055623,0.0561011527042693,0.12034563956987446,0.1029847923924343,0.08728170887078865,0.13875092287234952,0.1301208700639121
64,64.0,64.0,0.09607466599034062,0.1180759035683169,0.10142761618635325,0.08458722167279169,0.054982436519463496,0.12561920444163854,0.07808016742354647,0.07753665301504518,0.14753242034995107,0.11608371083255269
65,65.0,65.0,0.0907710347852765,0.09896984726823141,0.10210092299607779,0.07664781576987603,0.055869341139085926,0.1479285240282752,0.09696454854355456,0.06378103159389811,0.14722187547158916,0.11974505840413525
66,66.0,66.0,0.08875835360091669,0.09331885876476563,0.09477540849494223,0.10609436374887408,0.06852897288873906,0.12319221069240205,0.06737813560587289,0.07821391591303403,0.14815950090265254,0.13158027938780076
67,67.0,67.0,0.08535048042280191,0.09589528451548485,0.11504087712477151,0.10138866987922295,0.05924060002501058,0.14470747458191296,0.07766487747340427,0.08099254298328686,0.1287798258188879,0.11093936717521617
68,68.0,68.0,0.08980168964159936,0.10504831486177153,0.10337466272140658,0.0902571474578445,0.051160244861157514,0.13900707061384387,0.07376188575161172,0.07207206632180771,0.14132743856293076,0.13418947920602636
69,69.0,69.0,0.08607744838170817,0.09362934588808422,0.1013171781377717,0.10152838202387333,0.061463905462784685,0.13101599354222213,0.08343317632477468,0.07722312298914207,0.14908610469487235,0.11522534255476666
70,70.0,70.0,0.0878743869271575,0.11381136789409729,0.1073264022269798,0.10406090247464653,0.07085398576152473,0.11756834001530661,0.09133408737567054,0.0675377223149447,0.12749572539237947,0.1121370796172928
71,71.0,71.0,0.09878685093035347,0.11424327509692578,0.10272992801990208,0.08876477876228814,0.06789744924153626,0.12440945476452922,0.08391369611652788,0.061976604164622084,0.13745488046961238,0.11982308243370268
72,72.0,72.0,0.09416993501825084,0.11195637265144846,0.10040595099292762,0.08633182262602937,0.0666321539698402,0.14284413358155698,0.07083361270992802,0.06202996252521222,0.1303023853650748,0.13449367055973144
73,73.0,73.0,0.09548293667717714,0.11096121689185179,0.1038864270840542,0.07795215902813828,0.05962984739536738,0.12631593162955373,0.08771446330343302,0.08580855559609465,0.14278141213939222,0.1094670502549375
74,74.0,74.0,0.09349197310476473,0.11148041356432473,0.10170877578682709,0.08232479371275075,0.06801061702890024,0.13032661710071444,0.06641708822640845,0.08304128966292373,0.13377539144818879,0.129423040364197
75,75.0,75.0,0.08928257089833087,0.10942622267402342,0.1010653970991402,0.08925596889677977,0.06692101031035591,0.11798430364064727,0.0756882861204283,0.08987330410273475,0.14880248878480926,0.11170044747275018
76,76.0,76.0,0.08877022564111432,0.11452337248564157,0.10195294021135533,0.08900222317629729,0.05412100629767976,0.13651562047540558,0.08370927973870088,0.06555420521262315,0.14309520820146565,0.12275591855971643
77,77.0,77.0,0.08903668649498517,0.10869168222689271,0.11083667017506534,0.08872459596789217,0.05171513256888642,0.1267031110154698,0.08128467489721536,0.06783124984969321,0.14964775413125,0.12552844267264976
78,78.0,78.0,0.10492003588360385,0.119379842337562,0.09170474700514102,0.09553274825946471,0.07157455055154087,0.1254905968277243,0.08028555338099838,0.06316477817279209,0.14619917801335267,0.10174796956782006
79,79.0,79.0,0.09164699242312788,0.106632021360726,0.10472481010556614,0.08843087656097111,0.059791009490428794,0.13537439154545394,0.0795969998819076,0.07338619344402406,0.1362574966575618,0.12415920853023261
80,80.0,80.0,0.09440050830317068,0.09779355289218473,0.08841248892156553,0.10235088727669912,0.07586035688939727,0.12731485628835554,0.07934331257077212,0.07511429107887449,0.12758290225824195,0.13182684352073865
81,81.0,81.0,0.08857398525616984,0.11707868309516749,0.10736763126493565,0.10880979858714819,0.04363550019545247,0.13460328481458222,0.08559103561540837,0.06364976995260015,0.1268362447214587,0.12385406649707684
82,82.0,82.0,0.08125758795215363,0.10715167961326497,0.09501558301615046,0.08541615818467474,0.08708417030575392,0.12677160712325894,0.09670311100489157,0.07335463769838439,0.1321703440472888,0.11507512105417846
83,83.0,83.0,0.08437722465371002,0.11598534315324587,0.11133902571172352,0.1052567836417776,0.05113403000861087,0.12950971441625336,0.07647789855442401,0.06215405188361547,0.14543510984125077,0.11833081813538845
84,84.0,84.0,0.08557822204551345,0.11366520925127296,0.09889017470638668,0.09592937990581565,0.06941382268256141,0.1331695580913848,0.08466442151550901,0.05940398635648743,0.14812163001728568,0.11116359542778291
85,85.0,85.0,0.09343449887200192,0.09891590108400065,0.10476569962605904,0.0923240070569595,0.04825730069759766,0.14435754374105014,0.07342979366429322,0.07426311531581455,0.14477486643334764,0.12547727350887564
86,86.0,86.0,0.07995653475368728,0.11213681810295031,0.09841494580038977,0.08015949800592811,0.06454751159784275,0.1161421530215121,0.07890796506886505,0.0947893160224632,0.15215738543373417,0.12278787219262728
87,87.0,87.0,0.09458657247683397,0.10439839842465508,0.09233895456630584,0.08863601563199344,0.0682314506619077,0.13803149951579072,0.0816823771091372,0.06849520729822167,0.15148039943445196,0.11211912488070244
88,88.0,88.0,0.08685555022519548,0.10017796877466101,0.10176834255235534,0.09548403734422314,0.06772951761504716,0.11787569469985845,0.07602067732818778,0.09116661613229528,0.14106239648274138,0.12185919884543497
89,89.0,89.0,0.09255521648142578,0.11542323302971849,0.09853123219856864,0.08540983256218201,0.051949977621288876,0.14075284200096153,0.09496668312637394,0.05769170451861605,0.14283731783601597,0.11988196062484864
90,90.0,90.0,0.0814572111838834,0.11360837176971847,0.11934337834128039,0.10123871625428812,0.05604782711220565,0.12382824475762884,0.09020467838904493,0.054770269875408104,0.13741488263582693,0.12208641968071507
91,91.0,91.0,0.08348603287541105,0.10970805219675346,0.08300946283786746,0.10082085285826478,0.07027413777871798,0.13606713406065912,0.07636961277526352,0.06586956440569693,0.14606956132560966,0.12832558888575601
92,92.0,92.0,0.09949858794224162,0.12475974809612626,0.09144437934355965,0.09983307862456234,0.056135579042489045,0.1263589762540569,0.08248855086178773,0.04773595064464427,0.15126880897046324,0.1204763402200689
93,93.0,93.0,0.08592692465450583,0.11002693037683371,0.11411423780590095,0.09240765950312992,0.061157120535844475,0.13441564850208954,0.08686727912257723,0.06323288969338743,0.1296424090162842,0.12220890078944673
94,94.0,94.0,0.10425447961659642,0.12001189380616972,0.09344477909254464,0.08462035039111679,0.06250324355306149,0.13967610916343148,0.08788094744067161,0.05559679983863734,0.12777254615407999,0.12423885094369047
95,95.0,95.0,0.10617132313526023,0.11998158166622204,0.08955780743045275,0.08374975807064704,0.05535712133406525,0.1144771411536597,0.08568900861409223,0.07732944294585177,0.1385626213113531,0.12912419433839586
96,96.0,96.0,0.08307106042476564,0.11230600512439252,0.10374968695657619,0.08977262570259006,0.06760913746911833,0.12152552365257922,0.0925181161275129,0.05870453847805655,0.14344239272739542,0.12730091333701307
97,97.0,97.0,0.1058892360777673,0.10528083464798654,0.09153144306293677,0.09223011115683208,0.06234337787071825,0.1197031373644892,0.09103704882054227,0.06582458332354713,0.13685389594045558,0.12930633173472494
98,98.0,98.0,0.09901828694911154,0.09224025847759443,0.10009390638394529,0.09339575023531728,0.07101632692530599,0.11461115484718853,0.08176912537427275,0.07494106331510304,0.152709105496833,0.12020502199532808
99,99.0,99.0,0.0820158242261448,0.10725617605109083,0.12437818373482454,0.08573018385322181,0.06583941833986051,0.12184402080904463,0.08258478333623716,0.06608887912174263,0.134294333407101,0.12996819712073202
100,100.0,100.0,0.09599856637963736,0.11214304017660222,0.09702635273307285,0.09339030423737363,0.054003674842376406,0.12318655532813146,0.10182814932067256,0.06355652377898416,0.146132522000025,0.11273431120312438
101,101.0,101.0,0.09551984663459298,0.12360768965148787,0.09316463498148288,0.09226560124973894,0.06863971622948598,0.1264473159116783,0.07299863016937706,0.056537026258542,0.15026400682611424,0.1205555320874997
102,102.0,102.0,0.08388645389190005,0.10254001904118501,0.10500691826450156,0.08722191656029807,0.06694985121952964,0.10958559708990023,0.08511051986611687,0.06106383506845694,0.16594324277244427,0.13269164622566726
103,103.0,103.0,0.08810192272418876,0.11767071404116969,0.10255114220159126,0.08652388149536312,0.0537516980201755,0.12663176237661938,0.06023065587260458,0.07907496471549623,0.14370632537013842,0.14175693318265295
104,104.0,104.0,0.1074853920165566,0.1142328994769175,0.0927047576330534,0.10167024941104033,0.07126360952530202,0.1279650995023385,0.06320133195477384,0.07093774367053889,0.12526555352257024,0.12527336328690872
105,105.0,105.0,0.08818523327916804,0.1039387146293477,0.11470415725348518,0.08644943223383764,0.061360775794250796,0.12599871390535405,0.08526311249441328,0.07742940945484986,0.12923047350601505,0.12743997744927843
106,106.0,106.0,0.09143201384143743,0.10504180320488614,0.09369826813165831,0.084276015068761,0.08030382237776199,0.1140559557619742,0.09371273064400207,0.07340431946245138,0.13360290592434718,0.13047216558272023
107,107.0,107.0,0.0930835330238893,0.1184048513929431,0.10601673710345443,0.08081395363781704,0.05833544904773108,0.11526982018614855,0.06998085817600809,0.06777312637141504,0.149249168179744,0.14107250288084924
108,108.0,108.0,0.08894553749347586,0.11251432384230473,0.10098653519710363,0.09118231583607395,0.054943225903649674,0.1356175663574128,0.07608867022274038,0.07949523450680304,0.14289327023742165,0.11733332040301421
109,109.0,109.0,0.09954176571494995,0.11936946074370047,0.0779532217421192,0.10411678917393374,0.062158605044289175,0.1274439793461227,0.07710064006295485,0.0721163155937259,0.13214306023042813,0.1280561623477758
110,110.0,110.0,0.10184664646750416,0.1054760507025512,0.10932904906597622,0.08531156444316165,0.05675858346893833,0.11955642179291699,0.07596700638207468,0.07301259375521751,0.14704690388949246,0.12569518003216673
111,111.0,111.0,0.08711361328415673,0.10445517421658919,0.0922377725475207,0.08657105387434647,0.07767564602495963,0.1141867322544283,0.11000683129271324,0.0639292424673307,0.14629955376679515,0.11752438027115983
112,112.0,112.0,0.10432503723205062,0.1240559091147119,0.09156171527360066,0.09575027551105889,0.05426763781475691,0.12598242947723812,0.0770478932463721,0.059864191967489266,0.1426645026772828,0.12448040768543871
113,113.0,113.0,0.09050287343670436,0.09209620551948186,0.11567252506079088,0.10113275061287166,0.06789521399673477,0.11197341838161352,0.08202899662850714,0.06925076083411599,0.14938900227368426,0.12005825325549549
114,114.0,114.0,0.07867949555229184,0.11524136136508831,0.09558534329532957,0.0842580824608119,0.07174485874499047,0.1334610020781594,0.08253502377757584,0.07411733993713848,0.13195860982816357,0.1324188829604506
115,115.0,115.0,0.10398784524054949,0.12006254482088559,0.10512041458309229,0.08301914365738115,0.056932553875544155,0.12697394393449585,0.08149427952549163,0.06791002333084765,0.13474719116824244,0.1197520598634697
116,116.0,116.0,0.07323224863007993,0.11951496582749324,0.11015894976959877,0.09200655904285644,0.06278072894403948,0.1162713938109468,0.08431527645343655,0.06339666064782153,0.155439628899159,0.12288358797456822
117,117.0,117.0,0.08076813020047065,0.11412111746972294,0.10848528444458061,0.09539459024085793,0.052939689384315355,0.12041333931221063,0.07569201566546434,0.07248536286976982,0.14899809770120506,0.13070237271140267
118,118.0,118.0,0.06810410548075109,0.1008171605737701,0.09889098894601936,0.09428061911000571,0.062471360864474614,0.12934159534584852,0.10196027673141281,0.06127779939876293,0.14993758539520802,0.1329185081537468
119,119.0,119.0,0.09317602234040544,0.12288283238462012,0.1245971743803822,0.08101083954531417,0.06340441895458625,0.1042001118847832,0.0800253137576181,0.07103028107373738,0.13510155469489724,0.12457145098365581
120,120.0,120.0,0.09728928778722745,0.12846915079461435,0.0910952070273893,0.10701669116801518,0.04934237663431298,0.1192513437708389,0.09346332224474703,0.06869745524823631,0.12078288921545186,0.1245922761091666
121,121.0,121.0,0.07445283833595259,0.11267749350905357,0.08929449201941572,0.0895096475085743,0.05918418180057759,0.14437632218985277,0.07951282750924744,0.059861576197996626,0.16544143974101044,0.12568918118831893
122,122.0,122.0,0.084623232215855,0.11665847565171703,0.11053957170595734,0.1021752740332306,0.06491087804700472,0.12970784979402808,0.06729037721348599,0.06295257584693652,0.13722244750949456,0.1239193179822902
123,123.0,123.0,0.09523587172168033,0.11399938448632804,0.10711895483319797,0.0880727755484822,0.056842844390674455,0.11779729965215753,0.06888993316239611,0.08461081956671572,0.13260733037464617,0.13482478626372146
124,124.0,124.0,0.09056164845482555,0.09095177428944097,0.10013157345910821,0.1115332778113824,0.07478935069572039,0.13284151696155605,0.07511490741084097,0.06938634569993771,0.1407636830507965,0.11392592216639122
125,125.0,125.0,0.0964745027725322,0.092175077371023,0.10770068549079614,0.0922313152758513,0.06568750826813861,0.13163185225901247,0.07765683292167251,0.06100568026287915,0.13971314791948064,0.13572339745861398
126,126.0,126.0,0.08899544599204438,0.11405357002284192,0.10093037224216724,0.08967940770816449,0.06394088383305992,0.1378515141889076,0.07315708055239026,0.06958318931876098,0.1332734837004878,0.12853505244117538
127,127.0,127.0,0.08299834184712432,0.10961975155106281,0.09698302945745171,0.08954646784816275,0.07281475922439054,0.12533154309556543,0.0904901541495201,0.07315788949629573,0.128708905030027,0.13034915830039961
128,128.0,128.0,0.10783815013557904,0.1200276944220158,0.09619492350372388,0.07215237040114911,0.06300872248622588,0.1318692450570147,0.0811401360186419,0.05579581509653677,0.1403880866179652,0.13158485626114763
129,129.0,129.0,0.07757587338690239,0.1039395910340507,0.08218400472672292,0.07281382323451047,0.0700969955453579,0.12777658616742435,0.08531014757068783,0.0682612763701714,0.16349617397068741,0.14854552799348456
130,130.0,130.0,0.09823485026250953,0.11765736766052286,0.10268563333886901,0.09431738603662568,0.06354171623256345,0.12262056589164436,0.07254795837860625,0.0635864175123401,0.13410055296854984,0.13070755171776882
131,131.0,131.0,0.08919284186529829,0.12247429414393167,0.11752541676992026,0.07937088145889647,0.06441591114455118,0.11091377714086399,0.09019170921453344,0.06658446146940673,0.1339724566413319,0.12535825015126612
132,132.0,132.0,0.10088004500547701,0.11526704328951642,0.0977792854780887,0.09149262287082979,0.05661991620290322,0.13540973981136148,0.10155804523117837,0.06012936802203696,0.13717343678855728,0.10369049730005073
133,133.0,133.0,0.07933560864798392,0.12206468693712007,0.11699391354218394,0.08497413430156042,0.06708495063792656,0.14200324152360733,0.07675176419802197,0.07234316251756434,0.13340000283084713,0.1050485348631843
134,134.0,134.0,0.09800389630184037,0.12745152697910578,0.12035519706592646,0.07844353704228157,0.05655482467759372,0.11935572298483946,0.08274502725409165,0.07017298446151803,0.13629419762188968,0.1106230856109132
135,135.0,135.0,0.08184239034405569,0.11705717974259625,0.10863986865448834,0.08164840471921053,0.06155487689155113,0.12345199406568716,0.07846495415780953,0.06265615948895312,0.153813314120606,0.13087085781504224
136,136.0,136.0,0.09544464642301846,0.09664458298418147,0.1070873314749226,0.09913495594012625,0.07033528022146648,0.1257401529953637,0.09072323622637786,0.07098290418338556,0.13958166211763645,0.10432524743352119
137,137.0,137.0,0.0888705545121918,0.09712998224321162,0.08728145275292724,0.10303864384736335,0.07451696763925361,0.11853021624890239,0.10065963779960296,0.08148554108722085,0.11915096179700772,0.12933604207231844
138,138.0,138.0,0.09519004458002059,0.1118177044944686,0.1333415443424137,0.08292669981235583,0.063661956256051,0.12981199385427405,0.07873846051313337,0.07455512356817837,0.12038280073463052,0.1095736718444739
139,139.0,139.0,0.096346140671214,0.10317779966006516,0.11624260569258452,0.06760218366984147,0.06396488153572301,0.1306634374599029,0.07803645969288936,0.07610803395348507,0.1360039637212686,0.1318544939430259
140,140.0,140.0,0.09598195332768213,0.12490015156361453,0.10337905237633345,0.07918260171578297,0.044305717104797096,0.11520098225095247,0.08293203066582229,0.08590069424504508,0.1409614703068691,0.12725534644310085
141,141.0,141.0,0.09785602622149188,0.10959428503052075,0.11047368627139538,0.08178375838764482,0.06598075152637364,0.12049730122371749,0.0748118849961987,0.0706337388280159,0.14953184783014412,0.11883671968449734
142,142.0,142.0,0.08220054176730489,0.11081588699417015,0.10734958800650148,0.08052878606381894,0.06248190042060817,0.14738215100447802,0.07401232372027719,0.053458509076338465,0.14976830477294115,0.13200200817356153
143,143.0,143.0,0.08371129482280842,0.1161312130992056,0.11233632937595864,0.10749011261421412,0.05821554602505077,0.11943781800270903,0.0937091385997152,0.06849988643854969,0.13529568980015103,0.1051729712216374
144,144.0,144.0,0.08090088053391219,0.11488329309849052,0.09726904256279911,0.09569770625737935,0.059807413225692864,0.1184177935233536,0.0976478387568987,0.07393217481790744,0.136608581755469,0.12483527546809718
145,145.0,145.0,0.08606372535748044,0.12370984712431761,0.10796774444131454,0.09047961399125751,0.05698405379907258,0.13966155235064007,0.07493126178604147,0.07028383555916537,0.14907406463018402,0.10084430096052636
146,146.0,146.0,0.07888467762529554,0.10929055489696612,0.08803914516535502,0.08681212153389287,0.0630455379476206,0.14334732482981313,0.0807896101758697,0.06440981034926686,0.15193337657123118,0.13344784090468895
147,147.0,147.0,0.10606164463291398,0.11336835562863823,0.09986886260301285,0.09705466854744152,0.061759075712927394,0.12629783182588136,0.08305685945530429,0.062215538527552905,0.13426877282090482,0.1160483902454225
148,148.0,148.0,0.09564970140804359,0.11559017467736206,0.09011460926111463,0.11061991074356559,0.05454738769226704,0.11323688141181207,0.08120406859058646,0.07839871876044399,0.1293306443881224,0.1313079030666821
149,149.0,149.0,0.09125234270172156,0.10752966056439203,0.07084579480398999,0.09514265991032196,0.06417777496726913,0.11644392601857403,0.08492308034927584,0.08714564067160407,0.14797637198167726,0.13456274803117413
150,150.0,150.0,0.07121926737272873,0.10694179539827109,0.0989157405316405,0.09055571794785788,0.08470413599926735,0.13468202431958476,0.06933945051061749,0.0763626322396922,0.14143468437925963,0.1258445513010803
151,151.0,151.0,0.0772180456359968,0.11134014155262276,0.10686321563082542,0.09985444034496235,0.05717666687419263,0.13224874110048862,0.06339084516623969,0.06434863065096966,0.14846240432681473,0.13909686871688726
152,152.0,152.0,0.09155785289111143,0.08488976531678413,0.11665798772640368,0.09995575939445986,0.07310596376221248,0.1261679183491095,0.09428489839159726,0.0583186751763234,0.13880647007362323,0.11625470891837508
153,153.0,153.0,0.08587812987621699,0.12010898583125866,0.11211179576396561,0.0861864017097766,0.0670902902650721,0.11307717062286993,0.07730395185601811,0.0626863158689732,0.13376725547412543,0.14178970273172337
154,154.0,154.0,0.08864782639569785,0.12743330758058408,0.09839675918178038,0.08362537355443082,0.07160752284235175,0.11500359167377909,0.09320557529859888,0.0696432708394442,0.13795851545441387,0.11447825717891902
155,155.0,155.0,0.07718292571769478,0.11741561008236048,0.10737241788783092,0.08781569896314634,0.05581823828927908,0.13536445990778725,0.07560582588635681,0.07070360125727039,0.13696172158100675,0.13575950042726714
156,156.0,156.0,0.09803180056100824,0.10876340391288983,0.09901860564152706,0.09789974143647255,0.05181754931118656,0.13037079176588984,0.06992987178004192,0.07820512179119495,0.15500377098823312,0.11095934281155584
157,157.0,157.0,0.08416808329648288,0.10846158772216925,0.0860314951330889,0.10685856460877607,0.06615623523974856,0.12000385078085093,0.07652224843248516,0.06569899684111585,0.14528916811907613,0.1408097698262062
158,158.0,158.0,0.07493696972116608,0.10897267065432537,0.10936306691236879,0.0932126948117155,0.07581030582810078,0.11318517793561793,0.08936451082727508,0.05647176749780083,0.1375860145386127,0.14109682127301698
159,159.0,159.0,0.07978786555550381,0.11619179405023203,0.11336024323776894,0.09572670587825907,0.05979231969922797,0.11494996450094244,0.07812606078839408,0.06130296574908645,0.14634686444325,0.1344152160973352
160,160.0,160.0,0.09033133211276509,0.12346478403758532,0.10670880950767025,0.09300440615279867,0.05410933450564163,0.11183257765443677,0.09292594449999558,0.06247427143738289,0.13979213634560567,0.12535640374611806
161,161.0,161.0,0.08355746499520218,0.10247369974067097,0.10038375213180331,0.09729963164914572,0.07774880428671456,0.11692960829005931,0.07620826477372669,0.07364825659299985,0.14629535922569964,0.1254551583139777
162,162.0,162.0,0.08145978292046016,0.113672403055655,0.10928488941185946,0.09486610905821187,0.06794770513238521,0.11771335596434782,0.09372138517804458,0.07181147456675276,0.1380017999280136,0.11152109478426953
163,163.0,163.0,0.08926872954907086,0.12229733746857421,0.11546401292763912,0.1095908621623731,0.0463659148454318,0.12209898176553705,0.0790100721202908,0.05096195014595843,0.13382546754358993,0.13111667147153466
164,164.0,164.0,0.07722971261640355,0.12507015786120154,0.11969036507140893,0.0799464389217048,0.06301033996480335,0.12779359823955555,0.06604392075908547,0.061414395959290116,0.1466505669755261,0.1331505036310206
165,165.0,165.0,0.0908307835853073,0.10411210936432694,0.09797814038003991,0.12852418708278557,0.06919632056772711,0.11432924697828324,0.08583776576756916,0.05796524737962515,0.12508344702974752,0.126142751864588
166,166.0,166.0,0.09915981520842718,0.1006359235696505,0.11033294178387953,0.09433644130731535,0.05957359340726949,0.1182983966506331,0.07591444017904028,0.05248938551054312,0.1576072193774777,0.13165184300576377
167,167.0,167.0,0.0716162524762464,0.10604128778573255,0.10868423214527123,0.06692108827113913,0.07737452136659208,0.12946107877213006,0.08002580269417697,0.10076077106924142,0.13444226171669055,0.12467270370277957
168,168.0,168.0,0.09714237457110542,0.12207899157757636,0.10818384922399711,0.08952625870400588,0.06386025738564483,0.11304239704502587,0.08065213626693743,0.057427377760383515,0.14878867571063323,0.11929768175469035
169,169.0,169.0,0.08228133380010619,0.11700098018310597,0.11578764368016206,0.11110329548159503,0.056366777592783635,0.12168416163276818,0.07839375552970876,0.05273623053125809,0.1564190688780179,0.10822675269049417
170,170.0,170.0,0.09487231086739259,0.10518677313378932,0.1130598881075809,0.08669203474980067,0.07286441648915504,0.11695619383377756,0.07527061540581831,0.06569618850643319,0.14646865865438632,0.12293292025186608
171,171.0,171.0,0.09985794400766224,0.11308101886016156,0.08960416720396024,0.08372696292271005,0.08244856047755449,0.10700090919881307,0.07685888817308435,0.06751204829915473,0.1484898919158224,0.13141960894107688
172,172.0,172.0,0.08347169738800997,0.11307993400788288,0.09718624102415024,0.09472574604394349,0.05473512237625021,0.1451495185726802,0.08822353716935447,0.054631155917572706,0.15458800506992693,0.11420904243022882
173,173.0,173.0,0.07311640272526065,0.10470293879799139,0.12652873904309944,0.10888312738278885,0.060470900544141795,0.13486721842552774,0.07998874138301001,0.054984329406654056,0.13342466243080006,0.12303293986072597
174,174.0,174.0,0.08049469606208319,0.10709141374673788,0.11280345028084544,0.07778136063854095,0.05568333606499093,0.12658466154920972,0.09363282789363145,0.07490819427204881,0.14029636166802154,0.1307236978238901
175,175.0,175.0,0.11270799879517697,0.1406427651819394,0.10183451192435397,0.09460192094696884,0.04619401361359443,0.136975701602645,0.07485468961837327,0.04852673700801792,0.12448499341446553,0.11917666789446464
176,176.0,176.0,0.0958909595466573,0.12915883040509332,0.1065499922894938,0.08690856211004375,0.07185877501338792,0.1303390173321546,0.07092811894027855,0.062409482519061685,0.11940041098164196,0.12655585086218704
177,177.0,177.0,0.10026239165238675,0.10383966221903693,0.10791193780642643,0.09820505994348475,0.07352244862472218,0.11455123770880846,0.06839528650549062,0.08583019127382814,0.1423735389884247,0.1051082452773909
178,178.0,178.0,0.09002055569078415,0.12336111625610924,0.11077150191758367,0.0750632667435988,0.06534559229702626,0.12357919715323869,0.06999682963713497,0.07381536758308657,0.14155480846595273,0.126491764255485
179,179.0,179.0,0.07764530351183671,0.11953431555568954,0.11422400196798817,0.08184454030111996,0.06032339376846829,0.11223338315591211,0.07976505416194397,0.0509457690459685,0.15248407094873082,0.1510001675823419
180,180.0,180.0,0.10657452318124361,0.12028126702370287,0.09226179800982034,0.10218106560585678,0.0489394027766135,0.11495453103079782,0.06587399821274097,0.08872699088134163,0.14389334917098634,0.11631307410689606
181,181.0,181.0,0.0923274692823629,0.11675070611951743,0.08426323158365707,0.08181391116217689,0.08532283385949666,0.1255587351648201,0.06156841521662661,0.06259293673112906,0.15821169130417673,0.1315900695760365
182,182.0,182.0,0.08309304565248384,0.11383373420197855,0.11383400930377781,0.08099321136594703,0.05977867489307585,0.10964725397323558,0.07817924658427661,0.07558279252340391,0.1365657577763782,0.14849227372544255
183,183.0,183.0,0.1094095431411782,0.11544528684855837,0.09343897620655664,0.07985950612791279,0.06674175683655578,0.12124024503077331,0.07823807733721956,0.04978819675920622,0.15577962636228385,0.1300587853497553
184,184.0,184.0,0.12087156712147344,0.10331668770997586,0.1214423650562761,0.0722113615036206,0.0657029300957708,0.10878064541882526,0.08013171080708835,0.05359360692673507,0.1523378039896826,0.12161132137055189
185,185.0,185.0,0.09886842626629579,0.09308918098325136,0.09883426953537433,0.10679057655354622,0.06857535755922255,0.11735464250289403,0.09998892247654553,0.04642938882482989,0.14157138092618995,0.1284978543718503
186,186.0,186.0,0.09050236256034626,0.12450117230983333,0.11568972709655627,0.09101949759926242,0.06596799521525328,0.12568462996943291,0.07889242375044737,0.04769941562754174,0.13865151188815594,0.12139126398317042
