,Unnamed: 0,Generation,Intertwine_two,Add_vertex,Delete_vertex,Invert_path_vertices,Insert_inside_vertex,Delete_inside_vertex,Replace_inside_vertex,Donate_between_routes,Trim_one_terminal_cb,Grow_one_terminal_cb
0,0.0,0.0,0.09999999999999999,0.09999999999999999,0.09999999999999999,0.09999999999999999,0.09999999999999999,0.09999999999999999,0.09999999999999999,0.09999999999999999,0.09999999999999999,0.09999999999999999
1,1.0,0.10900000000000001,0.10044600135476112,0.09855955625852127,0.09848500218163694,0.101112971928339,0.09915522973443519,0.10147198736378266,0.09988233173454689,0.10100585814069019,0.1002290552851717,0.099652006018115
2,2.0,0.31601,0.10064375492879914,0.09772366728254274,0.096541209195128,0.10209321582380876,0.09909034886212151,0.10234732019406874,0.09952598034789857,0.1012576479728457,0.10093309254321334,0.09984376284957348
3,3.0,0.6191589000000001,0.09998021959472735,0.0972895267488387,0.09492331414251363,0.10285903117873846,0.09856935153808441,0.10346408507600918,0.09947972170467109,0.10043457120429972,0.10214566841760672,0.10085451039451072
4,4.0,1.015801321,0.09994588877933841,0.09752607814109254,0.09382786776216405,0.102653909643989,0.09727616313560518,0.10463842036812668,0.09952028262872718,0.1000935600178376,0.10319758064421101,0.10132024887890835
5,5.0,1.50262148669,0.09977281110791124,0.0982271228953536,0.09293425481371981,0.10236693245498689,0.09671687552823871,0.10560345756150588,0.09854531275942896,0.10001919302232833,0.10384523657256872,0.10196880328395788
6,6.0,2.0757334209441005,0.09982219320868686,0.09774351231091093,0.09120022914644971,0.10288761803936204,0.0967485727065189,0.10625261771102398,0.09924508061821988,0.09874821298383735,0.10517995382736695,0.10217200944762343
7,7.0,2.7307768275633495,0.09850552240739872,0.09778590412842822,0.09054353015256172,0.10324201918091538,0.09547674957431565,0.10755886820260446,0.09964514620591383,0.09768500228730856,0.10602497167802617,0.10353228618252733
8,8.0,3.4630081252450404,0.09848267572361716,0.09786111655996568,0.088706268459812,0.10417049996055257,0.09444169967607205,0.10873190460542524,0.09927386517592687,0.09827309912010737,0.10615750761064008,0.10390136310788106
9,9.0,4.2673862119061114,0.098332440367151,0.09773540364635344,0.08695453858168144,0.10431177087467061,0.09304868056046982,0.11011769523544536,0.09808913431994025,0.09729343971200904,0.1083370925212855,0.1057798041809936
10,10.0,5.138652627782014,0.09796345209104015,0.09827438421739833,0.08703900239567514,0.10444565731512041,0.09192904736389676,0.11111902233075006,0.09688069142079302,0.09599686006740299,0.10968750594625278,0.10666437685167045
11,11.0,6.071405875792507,0.09700105028074413,0.0998328032913045,0.08657366393804097,0.10463901851978083,0.09032211388241043,0.11186052557226142,0.09629717463699031,0.09539157300848802,0.11149742964955707,0.10658464722042245
12,12.0,7.060169740244025,0.09673450143023204,0.0988303151283862,0.08636191480115774,0.1045731737113744,0.08847405029189577,0.11412597677518913,0.09641260368858465,0.09430559314285103,0.11300724700963106,0.10717462402069812
13,13.0,8.099455520847952,0.09552293865519018,0.0993122062790063,0.08533737444830225,0.10482345516193821,0.08781411591393237,0.11439256907852766,0.0960199102008534,0.09355322175911938,0.11552388341712823,0.10770032508600222
14,14.0,9.183818168183006,0.09651749852324809,0.09916217122636072,0.08392224159926202,0.1032106056281372,0.08697970418808235,0.1158484914929292,0.09561274063399401,0.09313216217264789,0.11678289811891043,0.10883148641642833
15,15.0,10.307906369102724,0.09669130548473329,0.09881211153295333,0.08271092421271094,0.10239756396453098,0.0854650701942239,0.11643024802920494,0.09583897322126178,0.09273173037022062,0.11787420596420593,0.11104786702595454
16,16.0,11.466506686239443,0.09535134037276993,0.09933093176316983,0.08345009557903031,0.10206020642563679,0.08352516130996897,0.11579568712752017,0.09589130208255607,0.0930092344324003,0.11873106203558521,0.11285497887136267
17,17.0,12.654581904800096,0.09522927423488523,0.09871799789787133,0.08249958391734633,0.10213706564199392,0.0812588771886648,0.11746866858668129,0.09621976951276731,0.0928351456079768,0.12051107938353883,0.11312253802827449
18,18.0,13.867303782456686,0.09450164292799622,0.09895977815546488,0.08275339110797741,0.10220308157177359,0.07894556798549664,0.11971639375349176,0.09582457351220883,0.09160739926406469,0.12252142349107058,0.11296674823045577
19,19.0,15.100080434523047,0.09466105952727749,0.09836952253237449,0.08286113666987648,0.10177935799846477,0.07757381509936723,0.12131680115833358,0.09571955005674547,0.08959521986618571,0.12468225447922279,0.11344128261215235
20,20.0,16.348578617037543,0.09409823997082505,0.09948657498273236,0.08335287465617601,0.10106053503902274,0.07647411248410027,0.1221337932334601,0.09407946812294306,0.08804398294891955,0.12636934362523214,0.11490107493658912
21,21.0,17.608741195130214,0.09261913797439833,0.10012381375807641,0.08532382426850389,0.10030108888883983,0.07556777683294784,0.12291396705162494,0.09226552887295579,0.08621482485559524,0.1291751740678294,0.1154948634292287
22,22.0,18.876800103462312,0.09161812980424316,0.10048460387747805,0.08715888900544219,0.09970773547933912,0.07406893290508708,0.12436999284934078,0.09135874553902813,0.08394230533321687,0.1316799190668606,0.11561074613996439
23,23.0,20.14928511992658,0.09032366729559164,0.10118137384727763,0.08873890821398206,0.09859534634818386,0.07269486517847736,0.12484881905425926,0.09073192268031338,0.0819559306558793,0.13335080607110705,0.11757836065492881
24,24.0,21.423028783545156,0.08856001030369015,0.10172952235965795,0.0894880185541835,0.09829551002655991,0.07207034374657777,0.1261891281617103,0.0894504303995975,0.08127137536046423,0.1347820304606866,0.11816363062687248
25,25.0,22.695167792966423,0.08785919870547085,0.10158341008028081,0.090618174626666,0.09796967422414617,0.0711077117428531,0.1271894592192069,0.08987368386992836,0.07977009341837811,0.13540394068148295,0.11862465343158712
26,26.0,23.963141223515898,0.08851703357168576,0.10256512615512998,0.09109184448136251,0.09703439186085602,0.06949356453316886,0.12698575481471425,0.08919110798886287,0.07887341160918888,0.13652705603818946,0.1197207089468418
27,27.0,25.224685898775267,0.08908530273929897,0.10222217206307602,0.09190706109265259,0.0958177688828473,0.06918175351384169,0.12612783172573386,0.08918886323976778,0.07879688080270059,0.13708506059904493,0.12058730534103669
28,28.0,26.477829247520948,0.08890747067458445,0.10277519472470303,0.09319111935401715,0.0957151664210747,0.06871889669385255,0.12682061856613314,0.0883725067365778,0.0780793004335422,0.13749783781803548,0.11992188857747994
29,29.0,27.720879968916847,0.0883000696131208,0.10223693907249033,0.09425933379349678,0.09526084665173526,0.06726464876999506,0.12758205663879674,0.08789438315482336,0.07747569221790858,0.13881401486804254,0.120912015219591
30,30.0,28.95241681848399,0.08771671317729235,0.1027442474197191,0.09552688466434661,0.09363920244321206,0.06687838874486368,0.12855493498988008,0.08699678089693723,0.07836292330939357,0.1394986917320044,0.1200812326223513
31,31.0,30.17127581490958,0.08783471727861251,0.10299470936701538,0.09562619309476347,0.0936475236825618,0.06608164150241828,0.12925235374944205,0.08638130499525899,0.07715299376242025,0.14130018379094333,0.11972837877656428
32,32.0,31.376536153543515,0.08848806604523979,0.10387424380166371,0.09681205865363121,0.09357613244773953,0.06507734571041761,0.12896001995714607,0.08647570118357492,0.0762531644224415,0.14188738557462272,0.11859588220352332
33,33.0,32.567505096778625,0.08898270715359738,0.10412256440778188,0.09674255287514284,0.09260929250323889,0.06524939850058542,0.12845139300992403,0.08678634016012786,0.07559419756873303,0.14238963099095123,0.1190719228299178
34,34.0,33.74370209472243,0.08944393280432013,0.10353819697472966,0.09742589832988766,0.09170779873342397,0.06546303777123583,0.1277511024348839,0.08706106369245359,0.07490485112044032,0.14331972830382778,0.1193843898347975
35,35.0,34.90484237192463,0.0882025834279504,0.10398769646690059,0.09842550185146824,0.09113411307109417,0.0657416968507675,0.1287233226322954,0.08615520397246983,0.07624161556738472,0.14297148813465727,0.11841677802501221
36,36.0,36.05082019768737,0.0889564465740629,0.10479516205802986,0.09888635508660892,0.09180761469993828,0.0660576964490878,0.12834014300205376,0.08436883243050058,0.07702805776407735,0.141695834739103,0.11806385719653786
37,37.0,37.18169203889697,0.08857490214258665,0.10591256695816287,0.09933508142280315,0.09175174290331697,0.0658303489267106,0.12865150871675302,0.08374162713911526,0.07615303802662143,0.14313226127267237,0.11691692249125801
38,38.0,38.29765977559663,0.08798886378757761,0.10503578372828827,0.09932057181246377,0.09174124064262885,0.06565223218556375,0.12987083106080866,0.0823721794960002,0.07609835870958798,0.14409709431128853,0.11782284426579272
39,39.0,39.399054140870355,0.0888525268939434,0.10633549573708137,0.09966195020824548,0.0902523460338704,0.06658719236323705,0.12971897359253814,0.08137584655617644,0.0755835300938362,0.14469604586730384,0.11693609265376796
40,40.0,40.48631852820801,0.08867095263051857,0.10694781443457152,0.10034810666796064,0.09007879202488114,0.06657083472213358,0.12960140703382522,0.08093509738310456,0.07639428962942618,0.1437014769720655,0.11675122850151334
41,41.0,41.55999329152982,0.08868589870072248,0.10563440838758975,0.10171104612050798,0.09068394994098289,0.06683943295840342,0.12904941816910775,0.08100517615092699,0.07620654076344693,0.14411703845497137,0.11606709035334069
42,42.0,42.62070064560415,0.08939306604958155,0.10408577714606958,0.09988298213785321,0.09018395756575458,0.06814313138666363,0.1291678478840926,0.08336943331610666,0.07657091909632514,0.14281747949346393,0.11638540592408937
43,43.0,43.669130257815,0.08850791788454644,0.10465064867289314,0.0999285028186814,0.09018306638473711,0.06872609632506099,0.1315658034562575,0.08314639497123927,0.07717547956941621,0.14117558427836796,0.11494050563880023
44,44.0,44.70602560622662,0.08966871715950978,0.1050925479442964,0.09984574705054783,0.08960724203137518,0.06758997185915673,0.13289041220687098,0.08240594448567017,0.07592447875494794,0.14138386310995216,0.11559107539767313
45,45.0,45.73217116373481,0.08976744029917504,0.10372639964707314,0.09855886088336113,0.08956706897779174,0.0689898935888103,0.13171207898438772,0.08312407549530329,0.07616593806240302,0.14200478817662,0.1163834558850749
46,46.0,46.748380453854836,0.08843880154121264,0.10399224754915708,0.10041319448239369,0.08972183440415867,0.06837869041049459,0.13129346728096747,0.08257975171789281,0.0750636106581256,0.142703517501903,0.11741488445369469
47,47.0,47.755485010424316,0.08733987015193442,0.10388546800490472,0.10174769045061151,0.08924318981515161,0.0691777026275707,0.1317349084335834,0.08267987607994662,0.07377909663632858,0.14304984084690117,0.11736235695306749
48,48.0,48.7543242612326,0.08665518345158313,0.10425672765646282,0.10131928871114168,0.08897460765519284,0.0689594423037585,0.13216895489677888,0.08312360331610999,0.07375404618277961,0.1423745048791965,0.11841364094699625
49,49.0,49.745736344347726,0.08633583820378235,0.10369562047764538,0.10148223922650663,0.08904304466962615,0.06915340025867461,0.13258726915177932,0.0831203549208732,0.07368415975550147,0.14231059012209293,0.11858748321351811
50,50.0,50.730549855707864,0.08535582617763288,0.10466776650952972,0.10154089651589152,0.08977833141792341,0.06861161601774574,0.1334315360369799,0.08330680158523669,0.0728505042621077,0.14126284285056423,0.1191938786263884
51,51.0,51.70957651737491,0.08527173188591419,0.10447461963583514,0.10058402979359868,0.09022631676102418,0.06805484317899768,0.13615822611387104,0.08441551472057572,0.07126466598358759,0.14074056852195188,0.11880948340464405
52,52.0,52.68360474770151,0.08602257694115659,0.10429835192422936,0.09900216202250268,0.09091278551805909,0.06779855022608848,0.13558973518994352,0.08540940457636956,0.07199444078573276,0.139969542308383,0.11900245050753513
53,53.0,53.65339410751842,0.08689329332896491,0.10401201056728114,0.09801274924198701,0.09085669069210284,0.06807151186685441,0.1383386659627202,0.08565975836692954,0.07034196586626035,0.13989441583456919,0.1179189382723306
54,54.0,54.61967059027847,0.08759920874516346,0.10400403857861598,0.09717049942839526,0.08961296423488563,0.06788475707856852,0.13906592204373855,0.08564032376722433,0.07091691006157481,0.13966448907680118,0.1184408869850325
55,55.0,55.58312271885972,0.08786082285227868,0.10395741553998175,0.09653036930333138,0.09010394687222542,0.06880063786246578,0.13986475351967248,0.0853062439291131,0.0712616839067644,0.138086882244299,0.11822724396986822
56,56.0,56.544398407394254,0.0875292735195157,0.10371083204666859,0.0959085571689436,0.091466682072456,0.06952378751314421,0.13949954107840104,0.0854719309509097,0.07050228612788012,0.13821503356225204,0.11817207595982919
57,57.0,57.504102543001395,0.08787139902771537,0.10383489433709349,0.09515579126607963,0.09095688572492522,0.07066932680937897,0.13753076184504676,0.08557054015946865,0.07017959277309051,0.1396512759632769,0.11857953209392469
58,58.0,58.462795239617805,0.087507480858706,0.10444538436935095,0.09474787767663956,0.0907420027317308,0.06996159835633446,0.1379234432829186,0.08705810768529174,0.06875386982837278,0.13946790318154864,0.1193923320291066
59,59.0,59.42099071417639,0.08698326117018741,0.10549134763483502,0.09478562870839677,0.09140746734484813,0.06851043751472582,0.13835344225939805,0.08698359404223156,0.06772047264465164,0.13926044310304087,0.1205039055776849
60,60.0,60.379156734137354,0.08918227357231352,0.10553970808617953,0.09412957683311976,0.09211541011262736,0.06737939294195165,0.13791581169946204,0.08573623858021737,0.06822833428328624,0.13848766534982515,0.12128558854101754
61,61.0,61.337714584760846,0.0894316239083938,0.10651338941146234,0.0933930023146109,0.0918322372921938,0.06661443172444206,0.13936613989366373,0.085653452147512,0.06801051266840769,0.1381579199403104,0.12102729069900348
62,62.0,62.29703950447439,0.0897228497196532,0.10766610605096444,0.09516029879591323,0.09056898708090244,0.06519866429060411,0.13856983824769153,0.08532867679142878,0.06923444219094084,0.13794001204921025,0.12061012478269137
63,63.0,63.257461537171835,0.08941496378869819,0.10647930966680882,0.09589517286670375,0.08970768806494336,0.06398544281851308,0.1370047725967307,0.08709426430816476,0.0708243686992413,0.137871483636555,0.12172253355364122
64,64.0,64.21926675122782,0.09019610316871464,0.10778339116700533,0.09638869957200884,0.08907417112570933,0.06270282897400814,0.1359569786677738,0.08635173585718108,0.07144537037285285,0.13869675220528335,0.12140396888946287
65,65.0,65.18269877636592,0.0904275511184393,0.10714938401118675,0.09695059345389931,0.08766519579557795,0.061559963051370487,0.1371415183481149,0.08748918267896022,0.07068962256341048,0.13949679611074936,0.1214301928682915
66,66.0,66.14796061122655,0.09043802099142387,0.10593188335317388,0.09677524979290897,0.0892315989961025,0.06174044067683907,0.13584184278363617,0.08564899718343923,0.0713836520571308,0.14038784896238352,0.12262046520296227
67,67.0,67.11521665648885,0.09008985988539343,0.10496764509015016,0.09862398894802094,0.0903394201371372,0.06104191857550695,0.13669716484364408,0.0848387958084478,0.0723544439470634,0.1393295455398805,0.12171721722475587
68,68.0,68.08459493066005,0.09017424201721988,0.10492441008231082,0.09928540162905271,0.09033379941935143,0.059587199982417766,0.13697701739822696,0.08364757621542583,0.07242248997221708,0.13952633653682212,0.12312152674695574
69,69.0,69.05618942810752,0.08987403628611834,0.10374484072568128,0.09971581719454135,0.09145509771033206,0.05922404975758762,0.13645007752234553,0.0834437507343842,0.07299533282508472,0.14049732606752482,0.12259967117640036
70,70.0,70.03006258152917,0.0897455791036278,0.10460027555694004,0.10072012722183424,0.09281825106042736,0.05985862114216646,0.13457672544155946,0.08405029316244024,0.07258462922688644,0.13929806650118146,0.1217474315829368
71,71.0,71.00624779379335,0.09070250211794123,0.10550546854872735,0.10123042157574152,0.09262790321841949,0.06024403538248216,0.13340473618951174,0.08392698016390872,0.0716084151043563,0.1390966249881077,0.12165291271080413
72,72.0,71.98475200689319,0.09118288472773715,0.10617883006227018,0.10147228385600225,0.09217466330242521,0.06054091281018722,0.13410346093012174,0.08250785728409656,0.07063884012074084,0.13818366067070262,0.12301660623571659
73,73.0,72.96555827861411,0.09177639974535125,0.10674311527439084,0.10202734418871881,0.0908703526114773,0.06016878424927102,0.13316689972798476,0.08280198930587442,0.07205799316661989,0.1385310827094135,0.12185603902089855
74,74.0,73.94862834037681,0.09214853227328096,0.10734507264872134,0.10232772418739436,0.09000455452225203,0.0606665561392607,0.13265655351219324,0.0809860953577476,0.0731960099388887,0.13798566376943272,0.12268323765082867
75,75.0,74.93390511255946,0.09207594573608915,0.1077227686057447,0.102527538833428,0.08984165615225718,0.06107903077729336,0.13093971120785936,0.08013322052252207,0.07500187927515206,0.13895539373389965,0.12172285515575477
76,76.0,75.92131515639825,0.09193144957851729,0.10858944448891032,0.1027815049087369,0.08966381617465878,0.06022867734558577,0.13111813074176257,0.08012328318862542,0.07434396603705377,0.1393558935940946,0.12186383394205484
77,77.0,76.91077104428919,0.09179643688271566,0.10884562303785181,0.1038901617259121,0.0894693815439961,0.05916169517369054,0.1303514322736183,0.07990773906947064,0.073891650978228,0.1404089912073222,0.12227688810719486
78,78.0,77.90217363294813,0.09323566289147876,0.11014346033485647,0.10304422562886889,0.0899677577497959,0.06011288739120224,0.12950366902093247,0.07962760656888708,0.07295731624630934,0.14110430907667657,0.12030310509099246
79,79.0,78.89541422641172,0.09332050568323921,0.11012909562450413,0.10347149466533523,0.08976175907026304,0.05990522291245495,0.1296889308433561,0.07931321143657392,0.07304063113397057,0.14078687571288317,0.12058227291741982
80,80.0,79.89037661826481,0.0936554806512268,0.10919734979569512,0.10223733783415717,0.09095505250516336,0.06132411748725898,0.1291065675648485,0.07900772497083186,0.07329187991945127,0.13958843245498395,0.12163605681638319
81,81.0,80.88693900474995,0.09338175609423496,0.11017325360103017,0.10288386243130802,0.09278886607533392,0.05952399932920951,0.1292933663540494,0.07936091533212704,0.0723897758253507,0.1383151124672289,0.12188909249012758
82,82.0,81.88497576253909,0.09235568655416004,0.11012792097258285,0.10227536743220154,0.09226014357335821,0.06208987500665755,0.12873141667980317,0.08085229539907383,0.0724609688565111,0.13758774573337468,0.1212585797922772
83,83.0,82.88435908692391,0.09163320665222818,0.11094072554738516,0.1032874683584025,0.09369991601340352,0.06105409203963745,0.12847987460671562,0.08033052437033737,0.0714139206914973,0.1382054182354412,0.12095485348495186
84,84.0,83.88496048800103,0.09103051465968467,0.11149068245056856,0.1030339896649829,0.09417853951213186,0.061850666016404154,0.1286297695065453,0.08064105648242392,0.07010397210219325,0.13910227242096265,0.11993853718410286
85,85.0,84.88665214409042,0.09121919662290265,0.11053245811471343,0.10335197318328652,0.09426627178003857,0.06052756196365939,0.12992887136720696,0.07983730624851108,0.07030393141029526,0.1396649584055014,0.12036747090388483
86,86.0,85.88930811312994,0.09006336700045836,0.11087598234403166,0.10301722023162059,0.09310935726882069,0.060843086793552985,0.12842081069358707,0.07959767305260454,0.07257610669730713,0.14096072677190336,0.12053566914611369
87,87.0,86.89280540413424,0.09038505579010546,0.11042392054017772,0.10206232070740054,0.0927862873787022,0.06153249729490661,0.1291297041600363,0.07965254730047847,0.07221378567644524,0.14217118628835523,0.11964269486339231
88,88.0,87.89702491199675,0.08994348864249128,0.10953476673055454,0.1020486162727965,0.09313882393135145,0.06216976297510883,0.12784114575180494,0.07915606244355665,0.07411765185729466,0.14231189168945185,0.11973778970558943
89,89.0,88.90185221995306,0.0900851654510886,0.11016548674784049,0.10170976850906979,0.09247213848466038,0.061220945634314385,0.12886950340398753,0.08057247280099195,0.07265412990144121,0.14260352373369914,0.11964686533290667
90,90.0,89.90717827491419,0.08912757455937531,0.11060422610021663,0.1034542347728819,0.09338438689262424,0.06068408529656081,0.12822139895258836,0.08151498375220463,0.07089519242302406,0.14232608699452598,0.11978783025599823
91,91.0,90.91289994163006,0.0883919212922312,0.11063910101675367,0.1015497542956555,0.09424216741380602,0.061577179477390276,0.12881806233468251,0.0810666339932863,0.07026082892000135,0.1428927497546614,0.12056160150153192
92,92.0,91.91892044225806,0.08928202997431635,0.1121663475433743,0.10049381060214307,0.09498117931394395,0.06105407794952717,0.1284567343151668,0.081228042806732,0.0678326277460326,0.14395443911897815,0.12055071062978576
93,93.0,92.92514968840067,0.08882812703909866,0.11219352165093113,0.1017199528116302,0.09495226710503105,0.06103625573471555,0.12891622874179484,0.08182378864546264,0.06699597382332116,0.14282046324996014,0.12071342119805482
94,94.0,93.93150451304501,0.09022335786976587,0.1131948087779249,0.10088047777877568,0.0941220691297891,0.06115603669111807,0.12991081398949722,0.0825117616369008,0.06544174546610651,0.14148111813928677,0.12107781052083527
95,95.0,94.93790881009448,0.09181106118670106,0.11416110682850697,0.09966189609613511,0.09319281453263766,0.06056269939860016,0.1283836968631915,0.08296543530457491,0.06611775479906008,0.14121762933555596,0.12192590565503676
96,96.0,95.94429358933806,0.09107357052037886,0.11432142216822502,0.09988331964771413,0.09286434159377575,0.06120184166819399,0.127575064142313,0.08408388808991885,0.06497578963340668,0.14144191647356044,0.12257884606251343
97,97.0,96.9505969547639,0.09261162138503291,0.11374303475589236,0.09889944012785992,0.09278354733531238,0.061314566708997674,0.126604560659816,0.08502673114640727,0.06459731295731419,0.14100492998160885,0.1234142549417586
98,98.0,97.9567640140995,0.09344154839728333,0.11183380646667469,0.09879651492144274,0.09282186204875909,0.062293602262796975,0.1251528950408854,0.08500860072936126,0.06518060465164886,0.14215565275407863,0.12331491272706925
99,99.0,98.96274672736057,0.09254400382153032,0.11142115728383763,0.10114528388538024,0.09209552753451714,0.06274427064929688,0.12446426517809647,0.08504145439666538,0.06491795334384858,0.14145536056775576,0.12417072333907181
100,100.0,99.96850370202192,0.09302920612274801,0.11149680961950795,0.10075632185124325,0.09214418507330162,0.061997249324304025,0.1239525493098046,0.08697079258507837,0.0644400408903314,0.14193730618775105,0.12327553903592996
101,101.0,100.97399994219691,0.09344770982190838,0.11271782397467074,0.09998278455417926,0.09208796775108491,0.06270859852570214,0.12381042114687987,0.08597281860687644,0.06329913475900827,0.14282615788647848,0.12314658297321175
102,102.0,101.97920655893245,0.09268174524501026,0.11181886849005514,0.10040264781939659,0.0915347800271323,0.06323913748300265,0.1220227028657178,0.0861560891117937,0.06265737903680427,0.1452684264993625,0.124218223421725
103,103.0,102.98410044840509,0.09232597109549973,0.11243008955941085,0.10058098985625219,0.09092397893441313,0.06243391436200296,0.12199400188358568,0.08382259047441123,0.06386497641184112,0.14544952467345837,0.12617396274912493
104,104.0,103.98866394444643,0.09390188080646392,0.11268881331022336,0.09977656075602184,0.0918448937681431,0.06337358254019762,0.12214788231716901,0.08178358996296588,0.06429019182791511,0.14375100385235462,0.12644160085854572
105,105.0,104.99288445143917,0.09352601878469376,0.1119076870628646,0.10118179649662802,0.09124988895720876,0.06330790079731874,0.12214790831954726,0.08196884497654706,0.06538852779923904,0.1424339726084079,0.12688745419754502
106,106.0,105.99675406321822,0.0934590131662723,0.11123529257346036,0.10048114335855948,0.0904490383436265,0.06512362063704817,0.12099216396320778,0.08301347897890768,0.06609492999074683,0.14155385273966511,0.1275974662485059
107,107.0,107.0002691731872,0.09354359003468982,0.11190450745811652,0.10101457367920838,0.0893203364155594,0.06471273317720871,0.12000401840290734,0.08168745485088379,0.06624066654871726,0.1422468616151831,0.12932525781752574
108,108.0,108.0034300804274,0.09320130909311625,0.11198275153859148,0.10104166241139978,0.08925627707234729,0.0639399393076503,0.12110212003359577,0.08098774837358676,0.06755936486265642,0.14230500287456269,0.12862382443249332
109,109.0,109.00624059613932,0.09391032135185104,0.11274400062419568,0.09876215965273062,0.09051133138487963,0.06387599560507166,0.12141820726332453,0.08041021874653241,0.06812766015033542,0.14128819168093354,0.1289519135401455
110,110.0,110.00870765431864,0.09483523490359876,0.11210603839831956,0.09964010052320797,0.08989641237097207,0.06326127020960799,0.12097418773558782,0.0797439829272597,0.06876864027982958,0.1417719946580687,0.1290021379935479
111,111.0,111.01084093013685,0.09426446789747601,0.11136348486947717,0.09881800914021972,0.08942308572229565,0.0647346967418861,0.12002342354734921,0.08251058341552628,0.06847962680233953,0.14218543141753484,0.12819719044589556
112,112.0,112.01265246907188,0.09540041144062174,0.11258617707680241,0.0979447188022113,0.08988649358367862,0.06384938929274687,0.12028893858728623,0.08197959252910395,0.06776750577926424,0.14223516061559574,0.12806161229268898
113,113.0,113.01415632942268,0.09512979050783255,0.11060532702425122,0.09950600844143664,0.09090044598837838,0.06431955269193945,0.1191839359225666,0.08195049407671004,0.06798622060704142,0.14295666027410758,0.1274615644657362
114,114.0,114.01536824044418,0.09365762470916975,0.11095198634646809,0.09906411610638685,0.09022785938364711,0.0651634208390863,0.120266086718564,0.08197569320998037,0.06868236726461387,0.14192729414221195,0.12808355127987184
115,115.0,115.01630527795908,0.09471372916763021,0.1117889918322292,0.09958513240550773,0.08943893978981754,0.06450748606363287,0.12072326577419124,0.0818998913103912,0.06874251732252523,0.14118003591437325,0.1274200104197016
116,116.0,116.0169855589429,0.09268140467992686,0.11257027439996155,0.10061325341514302,0.0895634557325941,0.06442621295069342,0.1201269786935039,0.08210971317570642,0.06833699116642608,0.1425124188349488,0.1270592969510959
117,117.0,117.01742795623892,0.09141140923753446,0.11280349078941894,0.10146665275485753,0.09003875423399575,0.06335250835300897,0.11996595902218611,0.08145828240847021,0.06883148454294563,0.1431966824443135,0.12747477621326894
118,118.0,118.01765183424293,0.08889557807703871,0.11169616611713835,0.1013454689276417,0.09040868413224065,0.06323521317342196,0.12071834072426414,0.08344115815712241,0.06819231101798076,0.14396448261471093,0.12810259705844046
119,119.0,119.01767680610413,0.08893060699259508,0.11279735103773714,0.1037824772267675,0.08945336243396956,0.06321531479771533,0.11896756845624368,0.08321744121927283,0.06852315789681765,0.1432316307258425,0.12788108921303876
120,120.0,120.01752251271817,0.08941591371475613,0.11444790412074429,0.1028337349322176,0.09110973283890914,0.06179309306912075,0.11874932203791623,0.08432797554930455,0.06861270873698994,0.14105889671760694,0.1276507182824345
121,121.0,121.01720842354362,0.08764777856029829,0.11449444863363337,0.10168241008727705,0.09100883142070171,0.06137276686566402,0.12107041832065214,0.08402376043973757,0.06781056405323349,0.1433665310877292,0.1275224905310732
122,122.0,122.01675365905109,0.08694154690703301,0.11491626735825408,0.10264684651480609,0.09216959095765939,0.06154525705654481,0.12192561677422399,0.08248261248224624,0.06731824392419432,0.1428422518842205,0.12721176614081764
123,123.0,123.0161768344173,0.08734401922276502,0.11504741717680846,0.10325170486421781,0.09190408152320219,0.06092735107260909,0.12158206269844965,0.08110361256270746,0.0689973234992644,0.14185269084383056,0.12798973653614548
124,124.0,124.01549592390272,0.0873177405052275,0.11285021066691388,0.10313601174096917,0.09397286019873352,0.062125041250752196,0.12273943813072968,0.0803628732659639,0.0691421826908242,0.14168526757040284,0.12666837397948327
125,125.0,125.01472814520056,0.08791781417071039,0.11077607075239222,0.10375875475039559,0.09408016892928509,0.06241942126277249,0.12376113033783562,0.07989792079142663,0.06843693104961329,0.14142031726599022,0.12753147068957862
126,126.0,126.01388986291661,0.08779554167761441,0.11091118416069094,0.10368161144142048,0.09390306749347849,0.06254238170013654,0.12538132673643224,0.07900707744871734,0.06858564297024432,0.1405208238766545,0.12767134249461096
127,127.0,127.0129965102319,0.08709778506248034,0.1106208282396034,0.10318993579287879,0.09368814561739923,0.06355441865422648,0.12571220826035973,0.07988012583102869,0.06908692918005088,0.13918234855744457,0.12798727480452812
128,128.0,128.01206252771334,0.08891279050555158,0.11139029143083448,0.10260654805046422,0.09171388940653416,0.06357725164479261,0.12665996517639144,0.07983696784520598,0.06784258893206334,0.1390409044936753,0.1284188025144871
129,129.0,129.0111013181695,0.08770932132574831,0.11056037199405777,0.1006162909591236,0.08980758891003789,0.06430094335062965,0.1271557733106672,0.08022815849490451,0.06784876109788275,0.14123788539279805,0.13053490516415045
130,130.0,130.01012521639834,0.08859076227209761,0.11111901435400588,0.10069089957580764,0.0900723370866475,0.06435469847655084,0.12709260673250491,0.07935483105118286,0.06739095531405997,0.14049818898757369,0.13083570614956924
131,131.0,131.0091454726403,0.088576299163995,0.11216886865936522,0.10226197301155902,0.088858410477323,0.0644823677586388,0.12582035752867227,0.08026514270870033,0.06724068912630894,0.1397556762299597,0.13057021533547788
132,132.0,132.0081722485317,0.08973816810773354,0.11249606670359277,0.10185396041213574,0.08888317537994002,0.0638170060522123,0.12697586370839453,0.08232032246718887,0.06645337793602701,0.1393496805669434,0.128112378665832
133,133.0,133.00721462434865,0.08874082529032636,0.11349801907401717,0.10336746512972382,0.08827970941027731,0.06419271306143769,0.12875950820239881,0.08188173337415282,0.06690293721518613,0.13858517863667386,0.12579191060580625
134,134.0,134.0062806163404,0.08961599335362211,0.11502412689022873,0.10520201221205194,0.0870504745605658,0.06350675914947214,0.12823247372633798,0.08203502980426604,0.06714492501384847,0.13813469462047723,0.12405351066912974
135,135.0,135.00537720296956,0.088871373044292,0.11548246320205695,0.1058331035935422,0.08617858058833551,0.0633198865053801,0.128079002298553,0.08175208925623798,0.06664131212986478,0.13946276568578603,0.12437942369595163
136,136.0,136.00451035890612,0.08949115054678883,0.11386945337226627,0.10627389976953633,0.08709722937672856,0.06401209136255052,0.12812342382418554,0.08269039961888526,0.06698088347731358,0.13937836992861521,0.12208309872313013
137,137.0,137.00368509565993,0.0894510760667156,0.11229403574747682,0.10469816277278536,0.08843475934264,0.06511647636437176,0.12741857681432045,0.08460884746866526,0.06837678158746176,0.1372613766369888,0.12233990719857442
138,138.0,138.0029055077818,0.09004115282588733,0.11219329157524936,0.10771184153445955,0.08777338075350678,0.06511892664043945,0.12782350866032485,0.08430384070812967,0.06907113572968845,0.1352981624198875,0.12066475915242728
139,139.0,139.00217482361367,0.09073932043580257,0.1112348754659965,0.10897055558306296,0.08559722159962393,0.06513685471302368,0.1282929765342312,0.08390348073967328,0.06990618537460805,0.1349442323063076,0.12127429724767051
140,140.0,140.0014954596262,0.09138732075272721,0.11246396539996456,0.10888976339627612,0.08461676978642571,0.06317535380348388,0.12719295670910857,0.08397404365488798,0.07169901456998046,0.1351320431767953,0.12146876875035047
141,141.0,141.00086907744122,0.0922038746530899,0.11216392154886293,0.10947140670747474,0.08394013714102705,0.06338881006006886,0.12661265101919317,0.0832151155817282,0.07192788210086336,0.1362164049838625,0.12085979620382958
142,142.0,142.0002966427003,0.09142974623368166,0.11199034591405296,0.1096924986567033,0.08318410674025184,0.06325695499508183,0.12871770737839058,0.08236809188243696,0.07040339847076175,0.13734913073296548,0.12160801899567387
143,143.0,142.99977848500652,0.09079181391710082,0.11235391586402872,0.11036672644145272,0.08517325882782935,0.06270389945129304,0.12800446923775224,0.08349189435939704,0.0703660520459472,0.13704551415027894,0.11970245570492022
144,144.0,143.99931435823203,0.08986582821234552,0.11259410979128716,0.10948649879575628,0.08600742360882949,0.06232045264768491,0.12717488595089177,0.08499935904678264,0.0708570074454759,0.13688605017789154,0.11980838432305506
145,145.0,144.99890350055264,0.08945907608363825,0.1137158315614745,0.10964198954015147,0.08633326551160292,0.061667884187555644,0.1284650659511706,0.08421090436544512,0.07096478505290184,0.13798630620599017,0.11755489154006976
146,146.0,145.9985446936357,0.08834114088732162,0.11338339208753638,0.10777232883152282,0.08630123746315908,0.06163988268440927,0.13010677006333354,0.08399433356543014,0.07046757288365797,0.1393733454096256,0.11861999612400381
147,147.0,146.99823632047406,0.08995813127877825,0.11345104826225359,0.10707527410086114,0.08730177576162185,0.06150009166074033,0.13001176001155182,0.0839940975394645,0.06974007712382319,0.13898082062948092,0.11798692363142467
148,148.0,147.99797642142389,0.09053326344214353,0.1137332937980353,0.10540043539409732,0.08965631337770892,0.060655700777894124,0.12858301664168464,0.08379923364878204,0.07062840357729828,0.13808661500598668,0.11892372433636937
149,149.0,148.99776274806447,0.0906623108981991,0.11319983217773512,0.1018133408509676,0.0904373081225215,0.06079770457997648,0.12746439071718166,0.08396980567245481,0.07238029272837333,0.1390588429980187,0.12021617125457194
150,150.0,149.99759281456036,0.08878104639378502,0.11260422848671942,0.10108227487444613,0.09072856271448441,0.06301194480892333,0.12817123256824398,0.08257449025666268,0.07302634560058201,0.1393688547204424,0.1206510195757109
151,151.0,150.99746394626104,0.08751216837592861,0.11245139544935596,0.10119739766206723,0.09191883563929523,0.06246893601437148,0.12862916982980385,0.08059149545055154,0.07243975589308867,0.14037129556196737,0.12241955012357034
152,152.0,151.99737332532905,0.08770121765796998,0.10965769555317767,0.10233714356017164,0.09307956922363138,0.06352023509667501,0.12846942680277668,0.08172419894474416,0.07122791835645884,0.14038880998166917,0.12189378482272578
153,153.0,152.99731803323698,0.08734195606264918,0.11041760839570072,0.10305150411388411,0.09281605558277387,0.06396069420768952,0.1269935682212916,0.08117114443042812,0.07044493621095561,0.13988482810037053,0.123917704674257
154,154.0,153.99729509002177,0.08728095201694423,0.11193087590325959,0.10241352787050764,0.09225649395173756,0.06484012662590437,0.12571877362706171,0.08222488578605766,0.07035836157362998,0.13978919467896816,0.12318680796592935
155,155.0,154.99730149022784,0.086093227051797,0.11244607122701346,0.10269674743518659,0.09208560982070338,0.06412036130915494,0.1265003934961228,0.08152308496002546,0.07037932653447768,0.13958513842011977,0.12457003974539915
156,156.0,155.99733423551103,0.08702005905415483,0.11209422178999835,0.1021630205232937,0.09289751924152966,0.06298948239607244,0.12679312522820468,0.08026469621522829,0.07115158979986098,0.14117945855948774,0.12344682719216954
157,157.0,156.99739036391077,0.08657795354489287,0.11171406749884161,0.1003525111029286,0.09457414225945308,0.06329384063630554,0.12605566635395132,0.0796880357658033,0.0706665495636114,0.14178112952229066,0.1252961037519218
158,158.0,157.99746697583146,0.08523284852654132,0.11139051213224943,0.10091299964282963,0.09484136021937135,0.06456179405738498,0.12464956792686901,0.08042160972746662,0.06925761488943032,0.1415873984167348,0.12714429446112274
159,159.0,158.99756125680176,0.08440438480540495,0.1117970462271279,0.10190165763397595,0.09531697083587559,0.06421363864117635,0.12344591409911487,0.0800474103000736,0.0683448350338796,0.14224911157341702,0.12827903084995437
160,160.0,159.997670497107,0.08466694891960934,0.11293417338948489,0.1022408923090357,0.09547688776860719,0.06328778705781048,0.12196592747350386,0.08117140569146324,0.06757004503986568,0.14223015813336493,0.12845577421725493
161,161.0,160.99779210841066,0.08428251374256855,0.11196378551239575,0.10195837695098912,0.09602561074154227,0.06472668308536679,0.12104230907582554,0.08062877895917234,0.06793917482479,0.14283904210744985,0.12859372499990002
162,162.0,161.99792363749984,0.08371950338828398,0.11211540589679668,0.10257848060856097,0.09628884936716649,0.065171800806748,0.12024830027748623,0.08184752179868787,0.06814480424627929,0.14259224492554018,0.12729308868445055
163,163.0,162.9980627773051,0.08397109152761069,0.11312992765563801,0.10382155033998657,0.09798401203755486,0.06344198677055214,0.1199469054959684,0.08159199768227003,0.06628158498674494,0.14190658977340384,0.12792435373027075
164,164.0,163.9982073753568,0.08304659553995261,0.11441195337598731,0.10547937293852311,0.09666128461808575,0.0633788359306618,0.12026663260269989,0.08003959158575365,0.06549673588608934,0.1424911988573766,0.12872779866487016
165,165.0,164.99835543984977,0.08351648741871522,0.11357655371946637,0.10494230072939796,0.10016145629970782,0.0639369132753943,0.11928322152899953,0.0804818538914706,0.0644046334382648,0.14090222871955577,0.12879435097902786
166,166.0,165.99850514349492,0.08484543623357949,0.11238243100557849,0.10562477427807572,0.10017646354345144,0.06352950424253112,0.11874552678439707,0.07994111652652396,0.06280976118772812,0.1425663450133919,0.12937864118474296
167,167.0,166.99865482534062,0.08343027768348771,0.11173079191032831,0.1061212111830829,0.09739003453684171,0.06490336980053389,0.11937339842506689,0.0798253223861108,0.0660983109613431,0.14189796265540658,0.12922932045779836
168,168.0,167.99880299074837,0.0845911069458186,0.11269119206254158,0.10654359631508384,0.09683807601152261,0.06491313392030224,0.11839749153242994,0.07978574582009566,0.06507129102778976,0.1426565029232269,0.12851186344118912
169,169.0,168.99894830970783,0.08427526188106935,0.11314162905523682,0.10770052490859032,0.09842589884341917,0.06416204488346106,0.11832980084295688,0.07953295274142759,0.06360141923200516,0.14416355020887772,0.12666691740295616
170,170.0,169.99908961367427,0.08523015974871403,0.11240419515500959,0.10854985627320375,0.09754058728532838,0.06505787596703436,0.11782962605043018,0.0789817329861201,0.06346587852630906,0.1446474069302917,0.1262926810775591
171,171.0,170.99922589110733,0.08668455265480801,0.1124577549972301,0.10701378272933754,0.09633881417498236,0.06690060374631149,0.11637520595149317,0.07860735130726694,0.06354778097025596,0.14530321382294883,0.12677093964536587
172,172.0,171.99935628188598,0.0864866155218559,0.11251208300863,0.10621542776662318,0.09623097817527154,0.0659431945048429,0.11878734583230978,0.07938938806458427,0.062373046604938955,0.14653511812267944,0.12552680239826428
173,173.0,172.99948007076793,0.0852427934545856,0.11172895720789329,0.10834086623465045,0.09753461158810306,0.06554302328302442,0.12019366343773318,0.07935808305858313,0.06127368411818812,0.1456080265979968,0.12517629101924221
174,174.0,173.99959668005403,0.08473991902043135,0.11119273129800587,0.10906311070773407,0.0957111901431735,0.06465339150808386,0.12077782914486038,0.08070062378748853,0.062213750819536506,0.14533898050783262,0.1256084730628536
175,175.0,174.99970566161096,0.08746621007341841,0.11402424994711469,0.10865364029359131,0.09557286857853335,0.06281409011106678,0.12240075061066188,0.08016041865703899,0.06054860955887209,0.14346527601293113,0.12489388615677166
