,Unnamed: 0,Total_iterations,Intertwine_two,Add_vertex,Delete_vertex,Invert_path_vertices,Insert_inside_vertex,Delete_inside_vertex,Replace_inside_vertex,Donate_between_routes
0,0.0,0.0,0.125,0.125,0.125,0.125,0.125,0.125,0.125,0.125
1,1.0,1.0,0.125,0.125,0.125,0.125,0.125,0.125,0.125,0.125
2,2.0,2.0,0.125,0.125,0.125,0.125,0.125,0.125,0.125,0.125
3,3.0,3.0,0.125,0.125,0.125,0.125,0.125,0.125,0.125,0.125
4,4.0,4.0,0.125,0.125,0.125,0.125,0.125,0.125,0.125,0.125
5,5.0,5.0,0.125,0.125,0.125,0.125,0.125,0.125,0.125,0.125
6,6.0,6.0,0.125,0.125,0.125,0.125,0.125,0.125,0.125,0.125
7,7.0,7.0,0.125,0.125,0.125,0.125,0.125,0.125,0.125,0.125
8,8.0,8.0,0.125,0.125,0.125,0.125,0.125,0.125,0.125,0.125
9,9.0,9.0,0.125,0.125,0.125,0.125,0.125,0.125,0.125,0.125
10,10.0,10.0,0.125,0.125,0.125,0.125,0.125,0.125,0.125,0.125
11,11.0,11.0,0.125,0.125,0.125,0.125,0.125,0.125,0.125,0.125
12,12.0,12.0,0.125,0.125,0.125,0.125,0.125,0.125,0.125,0.125
13,13.0,13.0,0.125,0.125,0.125,0.125,0.125,0.125,0.125,0.125
14,14.0,14.0,0.125,0.125,0.125,0.125,0.125,0.125,0.125,0.125
15,15.0,15.0,0.125,0.125,0.125,0.125,0.125,0.125,0.125,0.125
16,16.0,16.0,0.125,0.125,0.125,0.125,0.125,0.125,0.125,0.125
17,17.0,17.0,0.125,0.125,0.125,0.125,0.125,0.125,0.125,0.125
18,18.0,18.0,0.125,0.125,0.125,0.125,0.125,0.125,0.125,0.125
19,19.0,19.0,0.125,0.125,0.125,0.125,0.125,0.125,0.125,0.125
20,20.0,20.0,0.125,0.125,0.125,0.125,0.125,0.125,0.125,0.125
21,21.0,21.0,0.125,0.125,0.125,0.125,0.125,0.125,0.125,0.125
22,22.0,22.0,0.125,0.125,0.125,0.125,0.125,0.125,0.125,0.125
23,23.0,23.0,0.125,0.125,0.125,0.125,0.125,0.125,0.125,0.125
24,24.0,24.0,0.125,0.125,0.125,0.125,0.125,0.125,0.125,0.125
25,25.0,25.0,0.125,0.125,0.125,0.125,0.125,0.125,0.125,0.125
26,26.0,26.0,0.125,0.125,0.125,0.125,0.125,0.125,0.125,0.125
27,27.0,27.0,0.125,0.125,0.125,0.125,0.125,0.125,0.125,0.125
28,28.0,28.0,0.125,0.125,0.125,0.125,0.125,0.125,0.125,0.125
29,29.0,29.0,0.125,0.125,0.125,0.125,0.125,0.125,0.125,0.125
30,30.0,30.0,0.125,0.125,0.125,0.125,0.125,0.125,0.125,0.125
31,31.0,31.0,0.125,0.125,0.125,0.125,0.125,0.125,0.125,0.125
32,32.0,32.0,0.125,0.125,0.125,0.125,0.125,0.125,0.125,0.125
33,33.0,33.0,0.125,0.125,0.125,0.125,0.125,0.125,0.125,0.125
34,34.0,34.0,0.125,0.125,0.125,0.125,0.125,0.125,0.125,0.125
35,35.0,35.0,0.125,0.125,0.125,0.125,0.125,0.125,0.125,0.125
36,36.0,36.0,0.125,0.125,0.125,0.125,0.125,0.125,0.125,0.125
37,37.0,37.0,0.125,0.125,0.125,0.125,0.125,0.125,0.125,0.125
38,38.0,38.0,0.125,0.125,0.125,0.125,0.125,0.125,0.125,0.125
39,39.0,39.0,0.125,0.125,0.125,0.125,0.125,0.125,0.125,0.125
40,40.0,40.0,0.125,0.125,0.125,0.125,0.125,0.125,0.125,0.125
41,41.0,41.0,0.125,0.125,0.125,0.125,0.125,0.125,0.125,0.125
42,42.0,42.0,0.125,0.125,0.125,0.125,0.125,0.125,0.125,0.125
43,43.0,43.0,0.125,0.125,0.125,0.125,0.125,0.125,0.125,0.125
44,44.0,44.0,0.125,0.125,0.125,0.125,0.125,0.125,0.125,0.125
45,45.0,45.0,0.125,0.125,0.125,0.125,0.125,0.125,0.125,0.125
46,46.0,46.0,0.125,0.125,0.125,0.125,0.125,0.125,0.125,0.125
47,47.0,47.0,0.125,0.125,0.125,0.125,0.125,0.125,0.125,0.125
48,48.0,48.0,0.125,0.125,0.125,0.125,0.125,0.125,0.125,0.125
49,49.0,49.0,0.125,0.125,0.125,0.125,0.125,0.125,0.125,0.125
50,50.0,50.0,0.125,0.125,0.125,0.125,0.125,0.125,0.125,0.125
51,51.0,51.0,0.125,0.125,0.125,0.125,0.125,0.125,0.125,0.125
52,52.0,52.0,0.125,0.125,0.125,0.125,0.125,0.125,0.125,0.125
53,53.0,53.0,0.125,0.125,0.125,0.125,0.125,0.125,0.125,0.125
54,54.0,54.0,0.125,0.125,0.125,0.125,0.125,0.125,0.125,0.125
55,55.0,55.0,0.125,0.125,0.125,0.125,0.125,0.125,0.125,0.125
56,56.0,56.0,0.125,0.125,0.125,0.125,0.125,0.125,0.125,0.125
57,57.0,57.0,0.125,0.125,0.125,0.125,0.125,0.125,0.125,0.125
58,58.0,58.0,0.125,0.125,0.125,0.125,0.125,0.125,0.125,0.125
59,59.0,59.0,0.125,0.125,0.125,0.125,0.125,0.125,0.125,0.125
60,60.0,60.0,0.125,0.125,0.125,0.125,0.125,0.125,0.125,0.125
61,61.0,61.0,0.125,0.125,0.125,0.125,0.125,0.125,0.125,0.125
62,62.0,62.0,0.125,0.125,0.125,0.125,0.125,0.125,0.125,0.125
63,63.0,63.0,0.125,0.125,0.125,0.125,0.125,0.125,0.125,0.125
64,64.0,64.0,0.125,0.125,0.125,0.125,0.125,0.125,0.125,0.125
65,65.0,65.0,0.125,0.125,0.125,0.125,0.125,0.125,0.125,0.125
66,66.0,66.0,0.125,0.125,0.125,0.125,0.125,0.125,0.125,0.125
67,67.0,67.0,0.125,0.125,0.125,0.125,0.125,0.125,0.125,0.125
68,68.0,68.0,0.125,0.125,0.125,0.125,0.125,0.125,0.125,0.125
69,69.0,69.0,0.125,0.125,0.125,0.125,0.125,0.125,0.125,0.125
70,70.0,70.0,0.125,0.125,0.125,0.125,0.125,0.125,0.125,0.125
71,71.0,71.0,0.125,0.125,0.125,0.125,0.125,0.125,0.125,0.125
72,72.0,72.0,0.125,0.125,0.125,0.125,0.125,0.125,0.125,0.125
73,73.0,73.0,0.125,0.125,0.125,0.125,0.125,0.125,0.125,0.125
74,74.0,74.0,0.125,0.125,0.125,0.125,0.125,0.125,0.125,0.125
75,75.0,75.0,0.125,0.125,0.125,0.125,0.125,0.125,0.125,0.125
76,76.0,76.0,0.125,0.125,0.125,0.125,0.125,0.125,0.125,0.125
77,77.0,77.0,0.125,0.125,0.125,0.125,0.125,0.125,0.125,0.125
78,78.0,78.1,0.125,0.125,0.125,0.125,0.125,0.125,0.125,0.125
79,79.0,79.1,0.125,0.125,0.125,0.125,0.125,0.125,0.125,0.125
80,80.0,80.1,0.125,0.125,0.125,0.125,0.125,0.125,0.125,0.125
81,81.0,81.1,0.125,0.125,0.125,0.125,0.125,0.125,0.125,0.125
82,82.0,82.1,0.125,0.125,0.125,0.125,0.125,0.125,0.125,0.125
83,83.0,83.1,0.125,0.125,0.125,0.125,0.125,0.125,0.125,0.125
84,84.0,84.1,0.125,0.125,0.125,0.125,0.125,0.125,0.125,0.125
85,85.0,85.1,0.125,0.125,0.125,0.125,0.125,0.125,0.125,0.125
86,86.0,86.1,0.125,0.125,0.125,0.125,0.125,0.125,0.125,0.125
87,87.0,87.1,0.125,0.125,0.125,0.125,0.125,0.125,0.125,0.125
88,88.0,88.1,0.125,0.125,0.125,0.125,0.125,0.125,0.125,0.125
89,89.0,89.1,0.125,0.125,0.125,0.125,0.125,0.125,0.125,0.125
90,90.0,90.1,0.125,0.125,0.125,0.125,0.125,0.125,0.125,0.125
91,91.0,91.1,0.125,0.125,0.125,0.125,0.125,0.125,0.125,0.125
92,92.0,92.2,0.125,0.125,0.125,0.125,0.125,0.125,0.125,0.125
93,93.0,93.3,0.125,0.125,0.125,0.125,0.125,0.125,0.125,0.125
94,94.0,94.3,0.125,0.125,0.125,0.125,0.125,0.125,0.125,0.125
95,95.0,95.3,0.125,0.125,0.125,0.125,0.125,0.125,0.125,0.125
96,96.0,96.3,0.125,0.125,0.125,0.125,0.125,0.125,0.125,0.125
97,97.0,97.3,0.125,0.125,0.125,0.125,0.125,0.125,0.125,0.125
98,98.0,98.3,0.125,0.125,0.125,0.125,0.125,0.125,0.125,0.125
99,99.0,99.3,0.125,0.125,0.125,0.125,0.125,0.125,0.125,0.125
100,100.0,100.3,0.125,0.125,0.125,0.125,0.125,0.125,0.125,0.125
101,101.0,101.3,0.125,0.125,0.125,0.125,0.125,0.125,0.125,0.125
102,102.0,102.3,0.125,0.125,0.125,0.125,0.125,0.125,0.125,0.125
103,103.0,103.3,0.125,0.125,0.125,0.125,0.125,0.125,0.125,0.125
104,104.0,104.3,0.125,0.125,0.125,0.125,0.125,0.125,0.125,0.125
105,105.0,105.3,0.125,0.125,0.125,0.125,0.125,0.125,0.125,0.125
106,106.0,106.3,0.125,0.125,0.125,0.125,0.125,0.125,0.125,0.125
107,107.0,107.3,0.125,0.125,0.125,0.125,0.125,0.125,0.125,0.125
108,108.0,108.3,0.125,0.125,0.125,0.125,0.125,0.125,0.125,0.125
109,109.0,109.3,0.125,0.125,0.125,0.125,0.125,0.125,0.125,0.125
110,110.0,110.3,0.125,0.125,0.125,0.125,0.125,0.125,0.125,0.125
111,111.0,111.3,0.125,0.125,0.125,0.125,0.125,0.125,0.125,0.125
112,112.0,112.3,0.125,0.125,0.125,0.125,0.125,0.125,0.125,0.125
113,113.0,113.3,0.125,0.125,0.125,0.125,0.125,0.125,0.125,0.125
114,114.0,114.3,0.125,0.125,0.125,0.125,0.125,0.125,0.125,0.125
115,115.0,115.3,0.125,0.125,0.125,0.125,0.125,0.125,0.125,0.125
116,116.0,116.3,0.125,0.125,0.125,0.125,0.125,0.125,0.125,0.125
117,117.0,117.3,0.125,0.125,0.125,0.125,0.125,0.125,0.125,0.125
118,118.0,118.3,0.125,0.125,0.125,0.125,0.125,0.125,0.125,0.125
119,119.0,119.3,0.125,0.125,0.125,0.125,0.125,0.125,0.125,0.125
120,120.0,120.3,0.125,0.125,0.125,0.125,0.125,0.125,0.125,0.125
121,121.0,121.3,0.125,0.125,0.125,0.125,0.125,0.125,0.125,0.125
122,122.0,122.3,0.125,0.125,0.125,0.125,0.125,0.125,0.125,0.125
123,123.0,123.3,0.125,0.125,0.125,0.125,0.125,0.125,0.125,0.125
124,124.0,124.3,0.125,0.125,0.125,0.125,0.125,0.125,0.125,0.125
125,125.0,125.3,0.125,0.125,0.125,0.125,0.125,0.125,0.125,0.125
126,126.0,126.3,0.125,0.125,0.125,0.125,0.125,0.125,0.125,0.125
127,127.0,127.3,0.125,0.125,0.125,0.125,0.125,0.125,0.125,0.125
128,128.0,128.3,0.125,0.125,0.125,0.125,0.125,0.125,0.125,0.125
129,129.0,129.3,0.125,0.125,0.125,0.125,0.125,0.125,0.125,0.125
130,130.0,130.3,0.125,0.125,0.125,0.125,0.125,0.125,0.125,0.125
131,131.0,131.3,0.125,0.125,0.125,0.125,0.125,0.125,0.125,0.125
132,132.0,132.3,0.125,0.125,0.125,0.125,0.125,0.125,0.125,0.125
133,133.0,133.3,0.125,0.125,0.125,0.125,0.125,0.125,0.125,0.125
134,134.0,134.3,0.125,0.125,0.125,0.125,0.125,0.125,0.125,0.125
135,135.0,135.3,0.125,0.125,0.125,0.125,0.125,0.125,0.125,0.125
136,136.0,136.3,0.125,0.125,0.125,0.125,0.125,0.125,0.125,0.125
137,137.0,137.3,0.125,0.125,0.125,0.125,0.125,0.125,0.125,0.125
138,138.0,138.3,0.125,0.125,0.125,0.125,0.125,0.125,0.125,0.125
139,139.0,139.3,0.125,0.125,0.125,0.125,0.125,0.125,0.125,0.125
140,140.0,140.3,0.125,0.125,0.125,0.125,0.125,0.125,0.125,0.125
141,141.0,141.3,0.125,0.125,0.125,0.125,0.125,0.125,0.125,0.125
142,142.0,142.3,0.125,0.125,0.125,0.125,0.125,0.125,0.125,0.125
143,143.0,143.3,0.125,0.125,0.125,0.125,0.125,0.125,0.125,0.125
144,144.0,144.3,0.125,0.125,0.125,0.125,0.125,0.125,0.125,0.125
145,145.0,145.3,0.125,0.125,0.125,0.125,0.125,0.125,0.125,0.125
146,146.0,146.3,0.125,0.125,0.125,0.125,0.125,0.125,0.125,0.125
147,147.0,147.3,0.125,0.125,0.125,0.125,0.125,0.125,0.125,0.125
148,148.0,148.3,0.125,0.125,0.125,0.125,0.125,0.125,0.125,0.125
149,149.0,149.3,0.125,0.125,0.125,0.125,0.125,0.125,0.125,0.125
150,150.0,150.3,0.125,0.125,0.125,0.125,0.125,0.125,0.125,0.125
151,151.0,151.3,0.125,0.125,0.125,0.125,0.125,0.125,0.125,0.125
152,152.0,152.3,0.125,0.125,0.125,0.125,0.125,0.125,0.125,0.125
153,153.0,153.3,0.125,0.125,0.125,0.125,0.125,0.125,0.125,0.125
154,154.0,154.3,0.125,0.125,0.125,0.125,0.125,0.125,0.125,0.125
155,155.0,155.3,0.125,0.125,0.125,0.125,0.125,0.125,0.125,0.125
156,156.0,156.3,0.125,0.125,0.125,0.125,0.125,0.125,0.125,0.125
157,157.0,157.3,0.125,0.125,0.125,0.125,0.125,0.125,0.125,0.125
158,158.0,158.3,0.125,0.125,0.125,0.125,0.125,0.125,0.125,0.125
159,159.0,159.3,0.125,0.125,0.125,0.125,0.125,0.125,0.125,0.125
160,160.0,160.3,0.125,0.125,0.125,0.125,0.125,0.125,0.125,0.125
161,161.0,161.3,0.125,0.125,0.125,0.125,0.125,0.125,0.125,0.125
162,162.0,162.3,0.125,0.125,0.125,0.125,0.125,0.125,0.125,0.125
163,163.0,163.3,0.125,0.125,0.125,0.125,0.125,0.125,0.125,0.125
164,164.0,164.3,0.125,0.125,0.125,0.125,0.125,0.125,0.125,0.125
165,165.0,165.3,0.125,0.125,0.125,0.125,0.125,0.125,0.125,0.125
166,166.0,166.3,0.125,0.125,0.125,0.125,0.125,0.125,0.125,0.125
167,167.0,167.3,0.125,0.125,0.125,0.125,0.125,0.125,0.125,0.125
168,168.0,168.3,0.125,0.125,0.125,0.125,0.125,0.125,0.125,0.125
169,169.0,169.3,0.125,0.125,0.125,0.125,0.125,0.125,0.125,0.125
170,170.0,170.3,0.125,0.125,0.125,0.125,0.125,0.125,0.125,0.125
171,171.0,171.3,0.125,0.125,0.125,0.125,0.125,0.125,0.125,0.125
172,172.0,172.3,0.125,0.125,0.125,0.125,0.125,0.125,0.125,0.125
173,173.0,173.3,0.125,0.125,0.125,0.125,0.125,0.125,0.125,0.125
174,174.0,174.3,0.125,0.125,0.125,0.125,0.125,0.125,0.125,0.125
175,175.0,175.3,0.125,0.125,0.125,0.125,0.125,0.125,0.125,0.125
176,176.0,176.3,0.125,0.125,0.125,0.125,0.125,0.125,0.125,0.125
177,177.0,177.3,0.125,0.125,0.125,0.125,0.125,0.125,0.125,0.125
178,178.0,178.3,0.125,0.125,0.125,0.125,0.125,0.125,0.125,0.125
179,179.0,179.3,0.125,0.125,0.125,0.125,0.125,0.125,0.125,0.125
180,180.0,180.3,0.125,0.125,0.125,0.125,0.125,0.125,0.125,0.125
181,181.0,181.3,0.125,0.125,0.125,0.125,0.125,0.125,0.125,0.125
182,182.0,182.3,0.125,0.125,0.125,0.125,0.125,0.125,0.125,0.125
183,183.0,183.3,0.125,0.125,0.125,0.125,0.125,0.125,0.125,0.125
184,184.0,184.3,0.125,0.125,0.125,0.125,0.125,0.125,0.125,0.125
185,185.0,185.3,0.125,0.125,0.125,0.125,0.125,0.125,0.125,0.125
186,186.0,186.3,0.125,0.125,0.125,0.125,0.125,0.125,0.125,0.125
187,187.0,187.3,0.125,0.125,0.125,0.125,0.125,0.125,0.125,0.125
188,188.0,188.3,0.125,0.125,0.125,0.125,0.125,0.125,0.125,0.125
189,189.0,189.3,0.125,0.125,0.125,0.125,0.125,0.125,0.125,0.125
190,190.0,190.3,0.125,0.125,0.125,0.125,0.125,0.125,0.125,0.125
191,191.0,191.3,0.125,0.125,0.125,0.125,0.125,0.125,0.125,0.125
192,192.0,192.3,0.125,0.125,0.125,0.125,0.125,0.125,0.125,0.125
193,193.0,193.3,0.125,0.125,0.125,0.125,0.125,0.125,0.125,0.125
194,194.0,194.3,0.125,0.125,0.125,0.125,0.125,0.125,0.125,0.125
195,195.0,195.3,0.125,0.125,0.125,0.125,0.125,0.125,0.125,0.125
196,196.0,196.3,0.125,0.125,0.125,0.125,0.125,0.125,0.125,0.125
197,197.0,197.3,0.125,0.125,0.125,0.125,0.125,0.125,0.125,0.125
198,198.0,198.3,0.125,0.125,0.125,0.125,0.125,0.125,0.125,0.125
199,199.0,199.3,0.125,0.125,0.125,0.125,0.125,0.125,0.125,0.125
200,200.0,200.3,0.13333333333333336,0.12222222222222223,0.12222222222222223,0.12222222222222223,0.13333333333333336,0.12222222222222223,0.12222222222222223,0.12222222222222223
201,201.0,201.3,0.14055555555555554,0.12944444444444442,0.11833333333333333,0.12833333333333335,0.12833333333333335,0.11833333333333333,0.11833333333333333,0.11833333333333333
202,202.0,202.3,0.13694444444444445,0.13694444444444445,0.11583333333333334,0.12583333333333335,0.12583333333333335,0.11583333333333334,0.12694444444444447,0.11583333333333334
203,203.0,203.3,0.1312373737373737,0.13012626262626262,0.11103535353535354,0.12103535353535352,0.12103535353535352,0.14123737373737372,0.12214646464646466,0.12214646464646466
204,204.0,204.3,0.1312373737373737,0.13012626262626262,0.11103535353535354,0.12103535353535352,0.12103535353535352,0.14123737373737372,0.12214646464646466,0.12214646464646466
205,205.0,205.3,0.1290151515151515,0.1290151515151515,0.10992424242424241,0.11992424242424242,0.11992424242424242,0.1501262626262626,0.12103535353535355,0.12103535353535355
206,206.0,206.3,0.12810606060606058,0.1362878787878788,0.10901515151515151,0.11901515151515149,0.11901515151515149,0.1483080808080808,0.12012626262626262,0.12012626262626262
207,207.0,207.3,0.12810606060606058,0.1362878787878788,0.10901515151515151,0.11901515151515149,0.11901515151515149,0.1483080808080808,0.12012626262626262,0.12012626262626262
208,208.0,208.3,0.1262373737373737,0.1329040404040404,0.11825757575757576,0.12714646464646465,0.11714646464646464,0.1529040404040404,0.10714646464646464,0.11825757575757576
209,209.0,209.3,0.11559634809634808,0.13867327117327116,0.11761655011655012,0.126505439005439,0.116505439005439,0.16098096348096347,0.106505439005439,0.11761655011655012
210,210.0,210.3,0.11559634809634808,0.13867327117327116,0.11761655011655012,0.126505439005439,0.116505439005439,0.16098096348096347,0.106505439005439,0.11761655011655012
211,211.0,211.3,0.11393578643578643,0.142507215007215,0.12484487734487734,0.11484487734487733,0.11484487734487733,0.16822150072150072,0.10484487734487735,0.11595598845598845
212,212.0,212.3,0.1156060606060606,0.1356060606060606,0.12984848484848485,0.10984848484848483,0.11984848484848484,0.16954545454545455,0.09984848484848483,0.11984848484848484
213,213.0,213.3,0.11219696969696968,0.14003787878787877,0.13428030303030297,0.10685606060606061,0.11594696969696967,0.16162878787878787,0.0968560606060606,0.1321969696969697
214,214.0,214.3,0.11064685314685314,0.1384877622377622,0.13208916083916084,0.10530594405594407,0.11439685314685315,0.1749388111888112,0.09530594405594406,0.12882867132867132
215,215.0,215.3,0.10860453272217976,0.1345849248790425,0.12910746116628463,0.10363127069009422,0.11196460402342753,0.1833562515915457,0.10196460402342752,0.12678635090399795
216,216.0,216.3,0.10827985739750443,0.14259358288770052,0.12830659536541889,0.10997326203208554,0.12163992869875222,0.16171122994652407,0.1016399286987522,0.12585561497326203
217,217.0,217.3,0.09811868686868686,0.1405429292929293,0.12714646464646465,0.1088131313131313,0.12089646464646464,0.16699494949494947,0.10645202020202019,0.13103535353535353
218,218.0,218.3,0.09677631578947367,0.1375657894736842,0.12609649122807015,0.10776315789473682,0.12817982456140348,0.1771491228070175,0.09677631578947367,0.1296929824561403
219,219.0,219.3,0.10229260935143288,0.1333182503770739,0.1290573152337858,0.10548265460030166,0.13767722473604826,0.17170437405731523,0.09460030165912517,0.12586726998491704
220,220.0,220.3,0.10731092436974787,0.13350140056022405,0.12717086834733893,0.10414565826330531,0.134453781512605,0.17719887955182073,0.0930252100840336,0.12319327731092433
221,221.0,221.3,0.10544945250827602,0.13579577285459637,0.12647822765469824,0.10345301757066458,0.1335446906035141,0.1751642475171887,0.0921161191749427,0.12799847211611914
222,222.0,222.3,0.10544945250827602,0.13579577285459637,0.12647822765469824,0.10345301757066458,0.1335446906035141,0.1751642475171887,0.0921161191749427,0.12799847211611914
223,223.0,223.3,0.10419945250827603,0.13496243952126302,0.1260615609880316,0.10303635090399794,0.13312802393684744,0.17224758085052203,0.10003278584160935,0.1263318054494525
224,224.0,224.3,0.10070887088236721,0.13633388697664967,0.1244298689853878,0.10252825440697215,0.13374352294543965,0.17688654317702562,0.10064828485020157,0.12472076777595612
225,225.0,225.3,0.09940168133988356,0.13535349481978692,0.12312267944290414,0.10154786225010941,0.1330899281741978,0.17917412487637205,0.09999469007895972,0.1283155390177862
226,226.0,226.3,0.10106730525964061,0.13653163780571023,0.12429134550859536,0.09956394990006434,0.13232438053209142,0.17406051740578515,0.09810554693123533,0.1340553166568773
227,227.0,227.3,0.09863162118780094,0.14270197966827175,0.12885500267522737,0.09783574103798821,0.13067817014446223,0.17450240770465486,0.0964593365436062,0.1303357410379882
228,228.0,228.3,0.10156202411820385,0.14110857307486518,0.1251004239206486,0.09648042968267685,0.1306845495328641,0.17576614396839113,0.09534212042639006,0.13395573527595997
229,229.0,229.3,0.09961399711399707,0.1395310245310245,0.13338383838383833,0.09625541125541123,0.129527417027417,0.17264430014430016,0.09004329004329001,0.13900072150072146
230,230.0,230.3,0.09795203588681846,0.13826432022084192,0.12981711525189782,0.10185300207039334,0.12865596963423048,0.17809696342305037,0.0891718426501035,0.13618875086266385
231,231.0,231.3,0.09635073260073257,0.14222985347985345,0.12652472527472525,0.10032967032967029,0.12770604395604393,0.18506410256410255,0.08824633699633697,0.13354853479853476
232,232.0,232.3,0.09558850931677017,0.1413162525879917,0.1257386128364389,0.1036863354037267,0.1270388198757764,0.1860993788819876,0.08776966873706002,0.13276242236024843
233,233.0,233.3,0.09511231884057968,0.13988768115942027,0.12478623188405795,0.10321014492753619,0.13180072463768114,0.1856231884057971,0.08729347826086954,0.13228623188405794
234,234.0,234.3,0.09469565217391303,0.13863768115942027,0.12395289855072462,0.10279347826086956,0.13596739130434782,0.18520652173913044,0.08687681159420288,0.1318695652173913
235,235.0,235.3,0.09469565217391303,0.13863768115942027,0.12395289855072462,0.10279347826086956,0.13596739130434782,0.18520652173913044,0.08687681159420288,0.1318695652173913
236,236.0,236.3,0.09479120879120877,0.1399157509157509,0.1240723443223443,0.10293681318681316,0.13613461538461538,0.18714010989010993,0.0870201465201465,0.12798901098901097
237,237.0,237.3,0.09469565217391303,0.14081159420289854,0.12395289855072462,0.10279347826086956,0.13596739130434782,0.1870326086956522,0.08687681159420288,0.1278695652173913
238,238.0,238.3,0.09460215053763438,0.14061290322580647,0.12383602150537636,0.1037284946236559,0.1358037634408602,0.18692741935483873,0.08673655913978492,0.127752688172043
239,239.0,239.3,0.09414299123904879,0.1400507926574885,0.1218833959115561,0.10284449311639547,0.1363397997496871,0.1919715269086358,0.08623164372131831,0.12653535669586982
240,240.0,240.3,0.09350850154573556,0.13957014911802143,0.11978787052191306,0.10188320603746133,0.13585915621022002,0.1982389979996363,0.08575100018185122,0.12540111838516094
241,241.0,241.3,0.09293120360001657,0.14439845920948943,0.11789853179046908,0.10101351043092362,0.13542430840695116,0.2028030255899797,0.08531615237858238,0.12021480859358798
242,242.0,242.3,0.0922645369333499,0.14389845920948946,0.11739853179046908,0.10084684376425694,0.13525764174028448,0.20563635892331306,0.08514948571191572,0.11954814192692131
243,243.0,243.3,0.09164915231796529,0.14343692074795097,0.1260463050698213,0.1006929976104108,0.13510379558643834,0.19914243179780694,0.08499563955806956,0.11893275731153667
244,244.0,244.3,0.09112144415867818,0.14277832982620214,0.1230067025173408,0.09990213155638686,0.13577219234666044,0.20480798456862287,0.08460020653105758,0.11801100849505104
245,245.0,245.3,0.09088334892058295,0.14230213935001168,0.130186189696828,0.09942594108019638,0.13553409710856518,0.20385560361624191,0.08436211129296235,0.11345056893461147
246,246.0,246.3,0.0904205932854135,0.14174608620775161,0.12830158005359765,0.09874673522857673,0.13519449418275536,0.20888993709885129,0.08402250836715251,0.11267806557590121
247,247.0,247.3,0.08498792209187275,0.1510730515129778,0.1255292919552226,0.0969625894226918,0.13360797683536846,0.2108607320044288,0.08243599101976559,0.11454244515767212
248,248.0,248.3,0.08456057166452233,0.1506457010856274,0.12481704124297188,0.09682013928024166,0.1334655266929183,0.20972113086482763,0.08229354087731547,0.11767634829157522
249,249.0,249.3,0.08398258684740707,0.14988655684822225,0.1264589782109958,0.10049221197405349,0.13315209214035334,0.20757597328488747,0.0830439361119845,0.11540766458209598
250,250.0,250.3,0.08321657699519032,0.1490688228580745,0.12420856770196462,0.10297250754055595,0.13274733023559143,0.20352178609276925,0.08263917420722262,0.12162523436863129
251,251.0,251.3,0.08032790859335125,0.14608655386023264,0.13141359132745542,0.10096233479400944,0.1412599035601781,0.19969640374496242,0.08115174753180929,0.11910155658800133
252,252.0,252.3,0.07867378653541639,0.1465955215711158,0.1318119051293924,0.10816127960419131,0.1399643985125734,0.1982708987155082,0.07974629643920814,0.11677591349259431
253,253.0,253.3,0.0779729437229437,0.145646645021645,0.12943831168831169,0.10723701298701296,0.13945021645021644,0.20553030303030306,0.079275974025974,0.11544859307359308
254,254.0,254.3,0.07731227516375774,0.14474986502696607,0.13360335512545837,0.10636587339909623,0.13999160790903958,0.20494560602575387,0.07882939297620607,0.11420202437372193
255,255.0,255.3,0.07981277056277054,0.14527752009894868,0.131939084724799,0.10563218923933208,0.13960327767470623,0.20567795299938157,0.07849366110080394,0.11356354359925788
256,256.0,256.3,0.08224847211611916,0.1448416487807244,0.13091837340997003,0.11439587653243115,0.13034387694471727,0.20597716359270982,0.07832516946172405,0.11294941916160402
257,257.0,257.3,0.0808220097978162,0.14270023397327541,0.1309790610228398,0.1198246431092053,0.12931966561690061,0.20787096922465587,0.07730095813390742,0.1111824591213992
258,258.0,258.3,0.07947719604956445,0.14064245695824643,0.12824666707561444,0.12422369954606796,0.1282418159326054,0.2096075123706703,0.07728474522553468,0.1122759068416963
259,259.0,259.3,0.0856048983022667,0.1388720434378329,0.1260587371376845,0.12198596768333611,0.1273407751565646,0.20995193296509088,0.07642410848989796,0.1137615368273263
260,260.0,260.3,0.0851619697905217,0.13823107747528401,0.12745054905755943,0.1215088503874713,0.12700230701973336,0.21080097411554513,0.07612524431346274,0.11371902784042223
261,261.0,261.3,0.0845376535229476,0.13755090497737554,0.12654201680672267,0.12085094807153632,0.12660859728506785,0.21262039431157082,0.0757703619909502,0.11551912303382891
262,262.0,262.3,0.08394294190167972,0.13690033132994298,0.1272404838958237,0.12022318539066112,0.1272005701957158,0.21462802434889813,0.07542953459701031,0.11443492834026814
263,263.0,263.3,0.0836946677983263,0.13763285833407782,0.12684225259835016,0.11990956401322254,0.1269622234134429,0.21543996992167727,0.07523786443908394,0.11428059948181897
264,264.0,264.3,0.08363056523422373,0.1384112466124661,0.12675067750677507,0.11978135888501742,0.12678823073945023,0.21783923732094465,0.0751096593108788,0.11168902439024389
265,265.0,265.3,0.08340313479280342,0.13528923695571185,0.12698506563232748,0.11983269234983455,0.1266359104157079,0.22019878706199464,0.07594565884338086,0.1117095139482392
266,266.0,266.3,0.08299663072776278,0.13499887690925422,0.12855300988319857,0.11960040431266847,0.12651976639712487,0.22019878706199464,0.07582951482479783,0.11130300988319855
267,267.0,267.3,0.08252966874917288,0.13464265690187144,0.13150059201682723,0.11914082513215904,0.1263296593465527,0.21700018979362992,0.07563940777422565,0.11321700028556103
268,268.0,268.3,0.08215968989082192,0.1343783862887636,0.13287479920498788,0.11892940864167278,0.12622395110130957,0.21705304391625146,0.07553369952898252,0.11284702142721008
269,269.0,269.3,0.08195766968880172,0.13639858830896562,0.13226873859892727,0.11887890359116775,0.12617344605080452,0.2190732459364535,0.07548319447847748,0.10976621334640202
270,270.0,270.3,0.08188259461372664,0.13632351323389055,0.13144291277310144,0.11865367836594251,0.12609837097572946,0.22087504773825528,0.0754081194034024,0.10931576289595155
271,271.0,271.3,0.07965214171793114,0.13643208399787343,0.12450039872408294,0.11951847421584263,0.12619795701374648,0.2239506911217438,0.07451938558517504,0.11522886762360444
272,272.0,272.3,0.08139924260863553,0.13589286215106555,0.12278557080054206,0.11898144984629808,0.1258609566078803,0.22551541100864317,0.07422730880913816,0.115337198167797
273,273.0,273.3,0.08378536146400142,0.13821472766179335,0.1378690546916856,0.12143579481139241,0.12931123222106386,0.21157124560386728,0.06845375558554986,0.10935882796064608
274,274.0,274.3,0.08340872149914699,0.1377737727205812,0.1415761935070446,0.121122905463331,0.12997350817031667,0.21151554611660997,0.06824202668883518,0.10638732583413432
275,275.0,275.3,0.08202972809919074,0.13633048326364183,0.14142544571345356,0.12491339532755,0.13008541367617382,0.21252181759553976,0.06749596413488941,0.10519775218956082
276,276.0,276.3,0.08372134611420323,0.13591707895279323,0.13136358482787053,0.12552901463615748,0.1298185941043084,0.2215359204287776,0.06729586683158109,0.10481859410430838
277,277.0,277.3,0.08229010695187164,0.13456907308377897,0.13134090909090912,0.12425623885918005,0.12862745098039216,0.22938012477718367,0.06610472370766488,0.10343137254901962
278,278.0,278.3,0.08222913134211554,0.13450809747402287,0.13060920177383592,0.12407331202991174,0.1285664753706361,0.23084353941132996,0.06604374809790878,0.10312649450023911
279,279.0,279.3,0.07934176964995408,0.13653355734077605,0.1325409496748222,0.12452114893797654,0.13026306680604122,0.2222436680091195,0.07459104845741735,0.09996479112389298
280,280.0,280.3,0.07898439803826555,0.1381443407704945,0.13098808326549138,0.12424032013837016,0.1301321956639164,0.22365868680632345,0.07442096162901804,0.09943101368812035
281,281.0,281.3,0.07806300111819757,0.1346887854396106,0.13450210315042957,0.12323600190779749,0.12732734952987465,0.22469855183525037,0.07341664339844535,0.10406756362039433
282,282.0,282.3,0.07760152359789652,0.14350637308072764,0.1391248007143036,0.12287553448850652,0.12533289518247914,0.21561754569542071,0.0730561759791544,0.10288515126151139
283,283.0,283.3,0.0792045136311191,0.14325871376330093,0.13790613565842924,0.1226845045881743,0.12524757352739005,0.21630162905392264,0.07297085432406529,0.10242607545359836
284,284.0,284.3,0.07914819653919831,0.1430579461786324,0.13871679558673625,0.1225770758971543,0.13020344754673155,0.21630881485058212,0.06796443573405539,0.10202328766690964
285,285.0,285.3,0.07855972239037584,0.14564758426311591,0.1390338510215269,0.12185029506955698,0.1293728972291755,0.21663883058302824,0.06757236850204125,0.10132445094117926
286,286.0,286.3,0.08010901010922293,0.14538971026307584,0.1393545334980048,0.12160974304523578,0.12926113661312139,0.21596997999050022,0.0674243234157404,0.10088156306509848
287,287.0,287.3,0.08797488234829631,0.14336709631849195,0.13767082723163143,0.12060252234661759,0.12828885651548153,0.2159106724927533,0.06641710271712219,0.0997680400296055
288,288.0,288.3,0.08737752249726952,0.14229229887613626,0.1363375636205421,0.12021546221408722,0.13173663600726446,0.2173172316128586,0.06603004258459183,0.09869324258724979
289,289.0,289.3,0.08882436769706824,0.1420568588836022,0.13873393312035232,0.11999110738925926,0.13163340119717354,0.21458549384033412,0.06589434024203339,0.09828049763017674
290,290.0,290.3,0.08837323987751937,0.1412360568785897,0.13977403337097888,0.11966529285291842,0.12975996761321368,0.2131631880759231,0.07056852570569254,0.09745969562516422
291,291.0,291.3,0.08295365643615735,0.13549152313042617,0.1407527733243105,0.12103336821373425,0.12972971957933585,0.21519672018205047,0.07169850582841314,0.10314373330557214
292,292.0,292.3,0.08227011378832898,0.1368487968091284,0.13951650958804676,0.11770068898819785,0.1290461769315075,0.21362032039136497,0.07870727087289248,0.1022901226305329
293,293.0,293.3,0.08400580238068373,0.1334750261865099,0.1441866673872368,0.11719910301656582,0.12364786863458169,0.2120276884351544,0.07850376777077187,0.10695407618849566
294,294.0,294.3,0.08815600000914223,0.13169637006002766,0.1512860897040504,0.1091115384072621,0.12305498325908762,0.21163243151815836,0.07830613931227384,0.10675644772999764
295,295.0,295.3,0.085939882793025,0.1311469195105771,0.149853855271816,0.1069137362094599,0.12964838985249422,0.2130829809687078,0.07720723821337273,0.10620699718054709
296,296.0,296.3,0.08521991789297964,0.13722974165170707,0.15014789597401154,0.10483288189228006,0.12862757053704155,0.21227929023467018,0.07615719622112288,0.10550550559618685
297,297.0,297.3,0.08487518077185038,0.13698946626098138,0.1523835806811344,0.10463594014082152,0.12853429215445078,0.21142108511065594,0.07603566925096149,0.10512478562914389
298,298.0,298.3,0.08473313215564912,0.13678469213804478,0.1547308654668315,0.1045006456935927,0.12847156664771542,0.20093052800405267,0.07597294374422611,0.11387562614988751
299,299.0,299.3,0.08308063348549981,0.13507165122841228,0.15465165262133748,0.10361264649457705,0.12765344865065642,0.2087429799735344,0.07515482574716716,0.11203216179881512
300,300.0,300.3,0.08275650027202233,0.13485298082019267,0.15511094894128954,0.1034321899975222,0.12756765462531322,0.20955033632392356,0.07504170931745235,0.11168767970228385
301,301.0,301.3,0.08244279163798054,0.13642712669679097,0.15376452302453048,0.10325786686560387,0.1274847075948186,0.20879753115711783,0.07647078278893063,0.11135467023422681
302,302.0,302.3,0.08346066265585157,0.1457550210246853,0.15431619357620102,0.10434566795340497,0.1185725086826197,0.20106248842207514,0.07753527385342171,0.11495218383174037
303,303.0,303.3,0.08217034007520642,0.1546183082750693,0.14867804490859932,0.10753117965224064,0.11743579593300373,0.20048901171956618,0.07637295946530087,0.11270435997101329
304,304.0,304.3,0.08580107679018226,0.15296307190515904,0.14965726647206004,0.10693809821676789,0.11686751608483259,0.20064752621231982,0.07614219687040784,0.11098324744827033
305,305.0,305.3,0.08426029947048704,0.15090288551195025,0.14977515387073104,0.10622638145094668,0.11617983778054979,0.2000137958257909,0.07540786590286791,0.11723378018667621
306,306.0,306.3,0.0831002420856711,0.1580425573706739,0.14960280500215736,0.105248721417097,0.11522548777001014,0.19911133568715866,0.07440825679087953,0.11526059387635204
307,307.0,307.3,0.08225741483619423,0.15566326573307027,0.14826978167424915,0.10446983278654595,0.11444659913945912,0.19933415208644564,0.07360805528735322,0.12195089845668221
308,308.0,308.3,0.08161638919516859,0.15374018880999332,0.14611360451807198,0.111521114837828,0.11380557349843348,0.20020827796057153,0.07296702964632758,0.12002782153360528
309,309.0,309.3,0.08106693864571804,0.15209183716164168,0.14701342933094028,0.11756507088178406,0.11325612294898293,0.19820955204880214,0.07241757909687703,0.11837946988525361
310,310.0,310.3,0.08034963302250715,0.1505371318626145,0.1539170815947483,0.11190390044936119,0.11273661433732633,0.20189682573120882,0.07185475234975434,0.11680406065247906
311,311.0,311.3,0.07929991807860105,0.14796781366409312,0.15785462646129936,0.1201050258938076,0.11187895603529077,0.19774198334399395,0.07128835757856736,0.11386331894434654
312,312.0,312.3,0.0786698930466264,0.1525232816762064,0.15718412053232203,0.11841292587797665,0.11143549368717717,0.19663648118672872,0.07080402054214201,0.11433378345082042
313,313.0,313.3,0.0784488620096335,0.1484074483665077,0.15785898368782844,0.12376203768867274,0.1113957638782395,0.19520341917891987,0.07072456092426667,0.11419892426593144
314,314.0,314.3,0.07830801693921095,0.14838732764216161,0.1591467100459773,0.12370167551563452,0.11137564315389344,0.19421750368596208,0.07068431947557452,0.11417880354158536
315,315.0,315.3,0.07817108423185572,0.1497376288405238,0.15902880321381235,0.12364299006962512,0.11135608133855697,0.19325897473447542,0.07064519584490159,0.11415924172624889
316,316.0,316.3,0.07936087642849722,0.15360284049340667,0.15780899714469118,0.12298969384783573,0.1108418469681582,0.19115809768154354,0.07041962790700487,0.11381801952886232
317,317.0,317.3,0.07847714697909491,0.16023583560343643,0.15657995864732072,0.12119961889095983,0.11006918749283959,0.19084822976490692,0.06991335705423925,0.11267666556720217
318,318.0,318.3,0.07847714697909491,0.16023583560343643,0.15657995864732072,0.12119961889095983,0.11006918749283959,0.19084822976490692,0.06991335705423925,0.11267666556720217
319,319.0,319.3,0.07149421762774452,0.1743092378347334,0.16226009722219614,0.12284998606764277,0.11077856583379689,0.18973942628768237,0.07088728565974681,0.09768118346645692
320,320.0,320.3,0.07066142882941362,0.17149166254797382,0.16040167139534425,0.12133681898186802,0.1135576959926849,0.19048333747701035,0.07042791569491977,0.10163946908078507
321,321.0,321.3,0.07035126151924628,0.17495498301129428,0.159146845140518,0.12034840199345101,0.11330158273657165,0.19116416115783402,0.07015378442078848,0.10057898002029601
322,322.0,322.3,0.07020215137013615,0.17375729181360308,0.16364900964268253,0.11779909944414846,0.11311880255379148,0.19162111161478448,0.06997100423800831,0.09988152932284532
323,323.0,323.3,0.06993718284429806,0.17681833704856137,0.1622524352026298,0.11687390547547623,0.1128875040616234,0.1925682643010676,0.06973970574584025,0.09892266532050308
324,324.0,324.3,0.06984806302064825,0.1756270285932,0.16082998204564666,0.11663866693036522,0.11246426362704617,0.19468005771942692,0.07106768559153384,0.09884425247213274
325,325.0,325.3,0.06946797281112808,0.17451531767768885,0.16543924482547948,0.11629658733419812,0.11525946890744809,0.18925442664907646,0.07094065975880762,0.09882632203617314
326,326.0,326.3,0.06903942733016324,0.17337041067391085,0.1649926813264966,0.11594011392530537,0.11473741863136558,0.18930165129307527,0.07078579925314067,0.1018324975665422
327,327.0,327.3,0.06891662031261939,0.1733353229546126,0.16485233044930364,0.115887482346358,0.11471987477171645,0.18974024778430337,0.0707331676741933,0.10181495370689309
328,328.0,328.3,0.06844084010657603,0.17518167486017505,0.1652063089151242,0.1155160908762823,0.11421128373023066,0.18939226788369184,0.07055117014351155,0.10150036348440812
329,329.0,329.3,0.0682541145514294,0.17504311166898026,0.16582749474683636,0.11543105310703401,0.11417708985393152,0.1894225533876616,0.07046613237426326,0.10137845030986337
330,330.0,330.3,0.06846390476121962,0.17535779698366555,0.1639743478936895,0.11585063352661444,0.11428198495882662,0.18767430163940985,0.07057102747915837,0.1038260027574158
331,331.0,331.3,0.06846390476121962,0.17535779698366555,0.1652901373673737,0.11585063352661444,0.11428198495882662,0.18635851216572563,0.07057102747915837,0.1038260027574158
332,332.0,332.3,0.068593180519786,0.17663866714325424,0.1654996532519468,0.11206151646518617,0.11446252524234173,0.1874959902482838,0.07073447958769057,0.10451398754151042
333,333.0,333.3,0.06852658045318592,0.17782081832540544,0.16493355268584625,0.11202821643188612,0.11444587522569172,0.18712968988198345,0.07070117955439054,0.10441408744161033
334,334.0,334.3,0.06852658045318592,0.17782081832540544,0.16493355268584625,0.11202821643188612,0.11444587522569172,0.18712968988198345,0.07070117955439054,0.10441408744161033
335,335.0,335.3,0.06869714527112868,0.1780604370550784,0.16968999274970042,0.11042590072468797,0.11454738613190425,0.18276952322525258,0.07078646196336191,0.10502315287888556
336,336.0,336.3,0.06843622567339017,0.1809141044388779,0.16959568144735387,0.10980136977957364,0.11433393488859611,0.1822237935009318,0.07055718793524364,0.1041377023360327
337,337.0,337.3,0.06837449727832842,0.18080607974751986,0.16904012589179832,0.10977050558204278,0.11431850278983066,0.18311885522932686,0.07052632373771277,0.1040451097434401
338,338.0,338.3,0.06837449727832842,0.18080607974751986,0.16904012589179832,0.10977050558204278,0.11431850278983066,0.18311885522932686,0.07052632373771277,0.1040451097434401
339,339.0,339.3,0.06837449727832842,0.18080607974751986,0.16780555799056374,0.10977050558204278,0.11431850278983066,0.18311885522932686,0.07052632373771277,0.10527967764467465
340,340.0,340.3,0.06837449727832842,0.18080607974751986,0.16780555799056374,0.10977050558204278,0.11431850278983066,0.18311885522932686,0.07052632373771277,0.10527967764467465
341,341.0,341.3,0.06928358818741934,0.1644424433838835,0.16871464889965465,0.11067959649113368,0.11522759369892159,0.18402794613841778,0.08143541464680368,0.10618876855376555
342,342.0,342.3,0.06702636467129218,0.1648672355556413,0.166294545497444,0.10991397357339383,0.12350722278258508,0.1814593887057655,0.08036783130986026,0.10656343790401757
343,343.0,343.3,0.06698057712550463,0.16467492786333363,0.1662029704058689,0.1097766109360312,0.1233240725994349,0.18233850958488637,0.08023962618165513,0.10646270530328497
344,344.0,344.3,0.06608557080007924,0.16377573292228365,0.16461549188447178,0.10874550388193702,0.12991630642928936,0.18298018230194352,0.07855243503397143,0.1053287767460237
345,345.0,345.3,0.06614276790526279,0.16679908131960136,0.16419797120122187,0.10857524011272483,0.12974312782571618,0.18204600407719057,0.07847964053419151,0.10401616702409058
346,346.0,346.3,0.06603458634966611,0.16648645103240584,0.1644855930876844,0.10841298041834638,0.12955382906194682,0.1828769183027576,0.07832603435313944,0.10382360739405314
347,347.0,347.3,0.06599211268333924,0.1662910721673022,0.16530958221442582,0.10828555941936573,0.12105060106330594,0.19113379903670252,0.07820710808742418,0.10373016532813399
348,348.0,348.3,0.06599211268333924,0.1662910721673022,0.16530958221442582,0.10828555941936573,0.12105060106330594,0.19113379903670252,0.07820710808742418,0.10373016532813399
349,349.0,349.3,0.06605702667230387,0.16604005155859958,0.17291263317190717,0.10831801641384804,0.12014939836788656,0.1927891057553004,0.06990623174857316,0.10382753631158093
350,350.0,350.3,0.06855702667230387,0.16659560711415514,0.17291263317190717,0.1087346830805147,0.12028828725677547,0.1926502168664115,0.07004512063746204,0.1002164252004698
351,351.0,351.3,0.06830548372925915,0.16610483261006098,0.17155237167895393,0.10843219429625588,0.12006528419296716,0.1949490777063699,0.06984759049426079,0.10074316529187188
352,352.0,352.3,0.06830548372925915,0.16610483261006098,0.17155237167895393,0.10843219429625588,0.12006528419296716,0.1949490777063699,0.06984759049426079,0.10074316529187188
353,353.0,353.3,0.06513597448380055,0.1725266224179267,0.17055897930897929,0.1085457638718508,0.12012695148564709,0.1923265346091433,0.07026419037288599,0.10051498344976602
354,354.0,354.3,0.0642695229856286,0.17263563873662044,0.17567457035198966,0.1075222121090517,0.11832215247654701,0.1916659923760204,0.06945569237352778,0.10045421859061406
355,355.0,355.3,0.06396818030472858,0.17114599370511582,0.17478049600769757,0.10707116048231646,0.12077793809011958,0.1929904243876726,0.06920625365001834,0.10005955337233075
356,356.0,356.3,0.06368120084449931,0.17061235906897726,0.1769486885973886,0.10664124219085477,0.12004757072855551,0.19342212335374914,0.07372763405985536,0.0949191811561197
