Total_iterations,Unnamed: 0.1,Intertwine_two,Add_vertex,Delete_vertex,Invert_path_vertices,Insert_inside_vertex,Delete_inside_vertex,Replace_inside_vertex,Donate_between_routes
0,0.0,0.125,0.125,0.125,0.125,0.125,0.125,0.125,0.125
1,1.0,0.125,0.125,0.125,0.125,0.125,0.125,0.125,0.125
2,2.0,0.125,0.125,0.125,0.125,0.125,0.125,0.125,0.125
3,3.0,0.125,0.125,0.125,0.125,0.125,0.125,0.125,0.125
4,4.0,0.125,0.125,0.125,0.125,0.125,0.125,0.125,0.125
5,5.0,0.125,0.125,0.125,0.125,0.125,0.125,0.125,0.125
6,6.0,0.125,0.125,0.125,0.125,0.125,0.125,0.125,0.125
7,7.0,0.125,0.125,0.125,0.125,0.125,0.125,0.125,0.125
8,8.0,0.125,0.125,0.125,0.125,0.125,0.125,0.125,0.125
9,9.0,0.125,0.125,0.125,0.125,0.125,0.125,0.125,0.125
10,10.0,0.125,0.125,0.125,0.125,0.125,0.125,0.125,0.125
11,11.0,0.125,0.125,0.125,0.125,0.125,0.125,0.125,0.125
12,12.0,0.125,0.125,0.125,0.125,0.125,0.125,0.125,0.125
13,13.0,0.125,0.125,0.125,0.125,0.125,0.125,0.125,0.125
14,14.0,0.125,0.125,0.125,0.125,0.125,0.125,0.125,0.125
15,15.0,0.125,0.125,0.125,0.125,0.125,0.125,0.125,0.125
16,16.0,0.125,0.125,0.125,0.125,0.125,0.125,0.125,0.125
17,17.0,0.125,0.125,0.125,0.125,0.125,0.125,0.125,0.125
18,18.0,0.125,0.125,0.125,0.125,0.125,0.125,0.125,0.125
19,19.0,0.125,0.125,0.125,0.125,0.125,0.125,0.125,0.125
20,20.0,0.125,0.125,0.125,0.125,0.125,0.125,0.125,0.125
21,21.0,0.125,0.125,0.125,0.125,0.125,0.125,0.125,0.125
22,22.0,0.125,0.125,0.125,0.125,0.125,0.125,0.125,0.125
23,23.0,0.125,0.125,0.125,0.125,0.125,0.125,0.125,0.125
24,24.0,0.125,0.125,0.125,0.125,0.125,0.125,0.125,0.125
25,25.0,0.125,0.125,0.125,0.125,0.125,0.125,0.125,0.125
26,26.0,0.125,0.125,0.125,0.125,0.125,0.125,0.125,0.125
27,27.0,0.125,0.125,0.125,0.125,0.125,0.125,0.125,0.125
28,28.0,0.125,0.125,0.125,0.125,0.125,0.125,0.125,0.125
29,29.0,0.125,0.125,0.125,0.125,0.125,0.125,0.125,0.125
30,30.0,0.125,0.125,0.125,0.125,0.125,0.125,0.125,0.125
31,31.0,0.125,0.125,0.125,0.125,0.125,0.125,0.125,0.125
32,32.0,0.125,0.125,0.125,0.125,0.125,0.125,0.125,0.125
33,33.0,0.125,0.125,0.125,0.125,0.125,0.125,0.125,0.125
34,34.0,0.125,0.125,0.125,0.125,0.125,0.125,0.125,0.125
35,35.0,0.125,0.125,0.125,0.125,0.125,0.125,0.125,0.125
36,36.0,0.125,0.125,0.125,0.125,0.125,0.125,0.125,0.125
37,37.0,0.125,0.125,0.125,0.125,0.125,0.125,0.125,0.125
38,38.0,0.125,0.125,0.125,0.125,0.125,0.125,0.125,0.125
39,39.0,0.125,0.125,0.125,0.125,0.125,0.125,0.125,0.125
40,40.0,0.125,0.125,0.125,0.125,0.125,0.125,0.125,0.125
41,41.0,0.125,0.125,0.125,0.125,0.125,0.125,0.125,0.125
42,42.0,0.125,0.125,0.125,0.125,0.125,0.125,0.125,0.125
43,43.0,0.125,0.125,0.125,0.125,0.125,0.125,0.125,0.125
44,44.0,0.125,0.125,0.125,0.125,0.125,0.125,0.125,0.125
45,45.0,0.125,0.125,0.125,0.125,0.125,0.125,0.125,0.125
46,46.0,0.125,0.125,0.125,0.125,0.125,0.125,0.125,0.125
47,47.0,0.125,0.125,0.125,0.125,0.125,0.125,0.125,0.125
48,48.0,0.125,0.125,0.125,0.125,0.125,0.125,0.125,0.125
49,49.0,0.125,0.125,0.125,0.125,0.125,0.125,0.125,0.125
50,50.0,0.125,0.125,0.125,0.125,0.125,0.125,0.125,0.125
51,51.0,0.125,0.125,0.125,0.125,0.125,0.125,0.125,0.125
52,52.0,0.125,0.125,0.125,0.125,0.125,0.125,0.125,0.125
53,53.0,0.125,0.125,0.125,0.125,0.125,0.125,0.125,0.125
54,54.0,0.125,0.125,0.125,0.125,0.125,0.125,0.125,0.125
55,55.0,0.125,0.125,0.125,0.125,0.125,0.125,0.125,0.125
56,56.0,0.125,0.125,0.125,0.125,0.125,0.125,0.125,0.125
57,57.0,0.125,0.125,0.125,0.125,0.125,0.125,0.125,0.125
58,58.0,0.125,0.125,0.125,0.125,0.125,0.125,0.125,0.125
59,59.0,0.125,0.125,0.125,0.125,0.125,0.125,0.125,0.125
60,60.0,0.125,0.125,0.125,0.125,0.125,0.125,0.125,0.125
61,61.0,0.125,0.125,0.125,0.125,0.125,0.125,0.125,0.125
62,62.0,0.125,0.125,0.125,0.125,0.125,0.125,0.125,0.125
63,63.0,0.125,0.125,0.125,0.125,0.125,0.125,0.125,0.125
64,64.0,0.125,0.125,0.125,0.125,0.125,0.125,0.125,0.125
65,65.0,0.125,0.125,0.125,0.125,0.125,0.125,0.125,0.125
66,66.0,0.125,0.125,0.125,0.125,0.125,0.125,0.125,0.125
67,67.0,0.125,0.125,0.125,0.125,0.125,0.125,0.125,0.125
68,68.0,0.125,0.125,0.125,0.125,0.125,0.125,0.125,0.125
69,69.0,0.125,0.125,0.125,0.125,0.125,0.125,0.125,0.125
70,70.0,0.125,0.125,0.125,0.125,0.125,0.125,0.125,0.125
71,71.0,0.125,0.125,0.125,0.125,0.125,0.125,0.125,0.125
72,72.0,0.125,0.125,0.125,0.125,0.125,0.125,0.125,0.125
73,73.0,0.125,0.125,0.125,0.125,0.125,0.125,0.125,0.125
74,74.0,0.125,0.125,0.125,0.125,0.125,0.125,0.125,0.125
75,75.0,0.125,0.125,0.125,0.125,0.125,0.125,0.125,0.125
76,76.0,0.125,0.125,0.125,0.125,0.125,0.125,0.125,0.125
77,77.0,0.125,0.125,0.125,0.125,0.125,0.125,0.125,0.125
78,78.0,0.125,0.125,0.125,0.125,0.125,0.125,0.125,0.125
79,79.0,0.125,0.125,0.125,0.125,0.125,0.125,0.125,0.125
80,80.0,0.125,0.125,0.125,0.125,0.125,0.125,0.125,0.125
81,81.0,0.125,0.125,0.125,0.125,0.125,0.125,0.125,0.125
82,82.0,0.125,0.125,0.125,0.125,0.125,0.125,0.125,0.125
83,83.0,0.125,0.125,0.125,0.125,0.125,0.125,0.125,0.125
84,84.0,0.125,0.125,0.125,0.125,0.125,0.125,0.125,0.125
85,85.0,0.125,0.125,0.125,0.125,0.125,0.125,0.125,0.125
86,86.0,0.125,0.125,0.125,0.125,0.125,0.125,0.125,0.125
87,87.0,0.125,0.125,0.125,0.125,0.125,0.125,0.125,0.125
88,88.0,0.125,0.125,0.125,0.125,0.125,0.125,0.125,0.125
89,89.0,0.125,0.125,0.125,0.125,0.125,0.125,0.125,0.125
90,90.0,0.125,0.125,0.125,0.125,0.125,0.125,0.125,0.125
91,91.0,0.125,0.125,0.125,0.125,0.125,0.125,0.125,0.125
92,92.0,0.125,0.125,0.125,0.125,0.125,0.125,0.125,0.125
93,93.0,0.125,0.125,0.125,0.125,0.125,0.125,0.125,0.125
94,94.0,0.125,0.125,0.125,0.125,0.125,0.125,0.125,0.125
95,95.0,0.125,0.125,0.125,0.125,0.125,0.125,0.125,0.125
96,96.0,0.125,0.125,0.125,0.125,0.125,0.125,0.125,0.125
97,97.0,0.125,0.125,0.125,0.125,0.125,0.125,0.125,0.125
98,98.0,0.125,0.125,0.125,0.125,0.125,0.125,0.125,0.125
99,99.0,0.125,0.125,0.125,0.125,0.125,0.125,0.125,0.125
100,100.0,0.125,0.125,0.125,0.125,0.125,0.125,0.125,0.125
101,101.0,0.125,0.125,0.125,0.125,0.125,0.125,0.125,0.125
102,102.0,0.125,0.125,0.125,0.125,0.125,0.125,0.125,0.125
103,103.0,0.125,0.125,0.125,0.125,0.125,0.125,0.125,0.125
104,104.0,0.125,0.125,0.125,0.125,0.125,0.125,0.125,0.125
105,105.0,0.125,0.125,0.125,0.125,0.125,0.125,0.125,0.125
106,106.0,0.125,0.125,0.125,0.125,0.125,0.125,0.125,0.125
107,107.0,0.125,0.125,0.125,0.125,0.125,0.125,0.125,0.125
108,108.0,0.125,0.125,0.125,0.125,0.125,0.125,0.125,0.125
109,109.0,0.125,0.125,0.125,0.125,0.125,0.125,0.125,0.125
110,110.0,0.125,0.125,0.125,0.125,0.125,0.125,0.125,0.125
111,111.0,0.125,0.125,0.125,0.125,0.125,0.125,0.125,0.125
112,112.0,0.125,0.125,0.125,0.125,0.125,0.125,0.125,0.125
113,113.0,0.125,0.125,0.125,0.125,0.125,0.125,0.125,0.125
114,114.0,0.125,0.125,0.125,0.125,0.125,0.125,0.125,0.125
115,115.0,0.125,0.125,0.125,0.125,0.125,0.125,0.125,0.125
116,116.0,0.125,0.125,0.125,0.125,0.125,0.125,0.125,0.125
117,117.0,0.125,0.125,0.125,0.125,0.125,0.125,0.125,0.125
118,118.0,0.125,0.125,0.125,0.125,0.125,0.125,0.125,0.125
119,119.0,0.125,0.125,0.125,0.125,0.125,0.125,0.125,0.125
120,120.0,0.125,0.125,0.125,0.125,0.125,0.125,0.125,0.125
121,121.0,0.125,0.125,0.125,0.125,0.125,0.125,0.125,0.125
122,122.0,0.125,0.125,0.125,0.125,0.125,0.125,0.125,0.125
123,123.0,0.125,0.125,0.125,0.125,0.125,0.125,0.125,0.125
124,124.0,0.125,0.125,0.125,0.125,0.125,0.125,0.125,0.125
125,125.0,0.125,0.125,0.125,0.125,0.125,0.125,0.125,0.125
126,126.0,0.125,0.125,0.125,0.125,0.125,0.125,0.125,0.125
127,127.0,0.125,0.125,0.125,0.125,0.125,0.125,0.125,0.125
128,128.0,0.125,0.125,0.125,0.125,0.125,0.125,0.125,0.125
129,129.0,0.125,0.125,0.125,0.125,0.125,0.125,0.125,0.125
130,130.0,0.125,0.125,0.125,0.125,0.125,0.125,0.125,0.125
131,131.0,0.125,0.125,0.125,0.125,0.125,0.125,0.125,0.125
132,132.0,0.125,0.125,0.125,0.125,0.125,0.125,0.125,0.125
133,133.0,0.125,0.125,0.125,0.125,0.125,0.125,0.125,0.125
134,134.0,0.125,0.125,0.125,0.125,0.125,0.125,0.125,0.125
135,135.0,0.125,0.125,0.125,0.125,0.125,0.125,0.125,0.125
136,136.0,0.125,0.125,0.125,0.125,0.125,0.125,0.125,0.125
137,137.0,0.125,0.125,0.125,0.125,0.125,0.125,0.125,0.125
138,138.0,0.125,0.125,0.125,0.125,0.125,0.125,0.125,0.125
139,139.0,0.125,0.125,0.125,0.125,0.125,0.125,0.125,0.125
140,140.0,0.125,0.125,0.125,0.125,0.125,0.125,0.125,0.125
141,141.0,0.125,0.125,0.125,0.125,0.125,0.125,0.125,0.125
142,142.0,0.125,0.125,0.125,0.125,0.125,0.125,0.125,0.125
143,143.0,0.125,0.125,0.125,0.125,0.125,0.125,0.125,0.125
144,144.0,0.125,0.125,0.125,0.125,0.125,0.125,0.125,0.125
145,145.0,0.125,0.125,0.125,0.125,0.125,0.125,0.125,0.125
146,146.0,0.125,0.125,0.125,0.125,0.125,0.125,0.125,0.125
147,147.0,0.125,0.125,0.125,0.125,0.125,0.125,0.125,0.125
148,148.0,0.125,0.125,0.125,0.125,0.125,0.125,0.125,0.125
149,149.0,0.125,0.125,0.125,0.125,0.125,0.125,0.125,0.125
150,150.0,0.125,0.125,0.125,0.125,0.125,0.125,0.125,0.125
151,151.0,0.125,0.125,0.125,0.125,0.125,0.125,0.125,0.125
152,152.0,0.125,0.125,0.125,0.125,0.125,0.125,0.125,0.125
153,153.0,0.125,0.125,0.125,0.125,0.125,0.125,0.125,0.125
154,154.0,0.125,0.125,0.125,0.125,0.125,0.125,0.125,0.125
155,155.0,0.125,0.125,0.125,0.125,0.125,0.125,0.125,0.125
156,156.0,0.125,0.125,0.125,0.125,0.125,0.125,0.125,0.125
157,157.0,0.125,0.125,0.125,0.125,0.125,0.125,0.125,0.125
158,158.0,0.125,0.125,0.125,0.125,0.125,0.125,0.125,0.125
159,159.0,0.125,0.125,0.125,0.125,0.125,0.125,0.125,0.125
160,160.0,0.125,0.125,0.125,0.125,0.125,0.125,0.125,0.125
161,161.0,0.125,0.125,0.125,0.125,0.125,0.125,0.125,0.125
162,162.0,0.125,0.125,0.125,0.125,0.125,0.125,0.125,0.125
163,163.0,0.125,0.125,0.125,0.125,0.125,0.125,0.125,0.125
164,164.0,0.125,0.125,0.125,0.125,0.125,0.125,0.125,0.125
165,165.0,0.125,0.125,0.125,0.125,0.125,0.125,0.125,0.125
166,166.0,0.125,0.125,0.125,0.125,0.125,0.125,0.125,0.125
167,167.0,0.125,0.125,0.125,0.125,0.125,0.125,0.125,0.125
168,168.0,0.125,0.125,0.125,0.125,0.125,0.125,0.125,0.125
169,169.0,0.125,0.125,0.125,0.125,0.125,0.125,0.125,0.125
170,170.0,0.125,0.125,0.125,0.125,0.125,0.125,0.125,0.125
171,171.0,0.125,0.125,0.125,0.125,0.125,0.125,0.125,0.125
172,172.0,0.125,0.125,0.125,0.125,0.125,0.125,0.125,0.125
173,173.0,0.125,0.125,0.125,0.125,0.125,0.125,0.125,0.125
174,174.0,0.125,0.125,0.125,0.125,0.125,0.125,0.125,0.125
175,175.0,0.125,0.125,0.125,0.125,0.125,0.125,0.125,0.125
176,176.0,0.125,0.125,0.125,0.125,0.125,0.125,0.125,0.125
177,177.0,0.125,0.125,0.125,0.125,0.125,0.125,0.125,0.125
178,178.0,0.125,0.125,0.125,0.125,0.125,0.125,0.125,0.125
179,179.0,0.125,0.125,0.125,0.125,0.125,0.125,0.125,0.125
180,180.0,0.125,0.125,0.125,0.125,0.125,0.125,0.125,0.125
181,181.0,0.125,0.125,0.125,0.125,0.125,0.125,0.125,0.125
182,182.0,0.125,0.125,0.125,0.125,0.125,0.125,0.125,0.125
183,183.0,0.125,0.125,0.125,0.125,0.125,0.125,0.125,0.125
184,184.0,0.125,0.125,0.125,0.125,0.125,0.125,0.125,0.125
185,185.0,0.125,0.125,0.125,0.125,0.125,0.125,0.125,0.125
186,186.0,0.125,0.125,0.125,0.125,0.125,0.125,0.125,0.125
187,187.0,0.125,0.125,0.125,0.125,0.125,0.125,0.125,0.125
188,188.0,0.125,0.125,0.125,0.125,0.125,0.125,0.125,0.125
189,189.0,0.125,0.125,0.125,0.125,0.125,0.125,0.125,0.125
190,190.0,0.125,0.125,0.125,0.125,0.125,0.125,0.125,0.125
191,191.0,0.125,0.125,0.125,0.125,0.125,0.125,0.125,0.125
192,192.0,0.125,0.125,0.125,0.125,0.125,0.125,0.125,0.125
193,193.0,0.125,0.125,0.125,0.125,0.125,0.125,0.125,0.125
194,194.0,0.125,0.125,0.125,0.125,0.125,0.125,0.125,0.125
195,195.0,0.125,0.125,0.125,0.125,0.125,0.125,0.125,0.125
196,196.0,0.125,0.125,0.125,0.125,0.125,0.125,0.125,0.125
197,197.0,0.125,0.125,0.125,0.125,0.125,0.125,0.125,0.125
198,198.0,0.125,0.125,0.125,0.125,0.125,0.125,0.125,0.125
199,199.0,0.125,0.125,0.125,0.125,0.125,0.125,0.125,0.125
200,200.0,0.1258333333333333,0.1247222222222222,0.1247222222222222,0.1247222222222222,0.1258333333333333,0.1247222222222222,0.1247222222222222,0.1247222222222222
201,201.0,0.1273805555555555,0.1251694444444444,0.1240583333333333,0.1250583333333333,0.1261583333333333,0.1240583333333333,0.1240583333333333,0.1240583333333333
202,202.0,0.1285436944444444,0.1263646944444444,0.1231535833333333,0.1251435833333333,0.1262225833333333,0.1231535833333333,0.1242646944444444,0.1231535833333333
203,203.0,0.1291038198737373,0.1268643987626262,0.1217863078535353,0.1247474078535353,0.1257967178535353,0.1248065098737373,0.1239974189646465,0.1228974189646464
204,204.0,0.1296292682987374,0.1273467512876262,0.1204482503785353,0.1243537293785353,0.1253658252785354,0.1264584523987373,0.1237383614896465,0.1226593614896464
205,205.0,0.1298960307134015,0.1276975525624015,0.1190387585714924,0.1238551238814924,0.1248236061324924,0.1289818787735126,0.1233781796826035,0.1223288696826035
206,206.0,0.1300363990037076,0.1287537224264994,0.1175881616927722,0.1232761610286722,0.1241957061730622,0.1312825881675196,0.1229396787038833,0.1219275828038833
207,207.0,0.1301434270810067,0.1297796168678014,0.1161968944001477,0.1227124843659988,0.1235787906629959,0.1335234815485316,0.1225168936622589,0.1215484114112589
208,208.0,0.1300325099989577,0.1304296206457901,0.1157971788321782,0.1229813333542155,0.1227910616255891,0.1361477275436338,0.1208145010164572,0.1210060669831783
209,209.0,0.1288306306983952,0.1316162913204855,0.1153979362261571,0.1232008461924305,0.1219615569580291,0.1394848043755222,0.1190815647074331,0.1204263695215471
210,210.0,0.1276165965018685,0.1327548647262393,0.115060804019642,0.1234314536749542,0.1211604415776993,0.1427031351152761,0.1173961607722915,0.1198765436120291
211,211.0,0.126237707074883,0.1342221592392823,0.1155057752175802,0.1225036840964741,0.1202268315436237,0.1465064647887652,0.1156043338469394,0.119193044192452
212,212.0,0.1250407148012326,0.1349354594185849,0.1165000010673583,0.1210924641586868,0.1198331237213289,0.1502790072366282,0.1133844557994626,0.1189347737967175
213,213.0,0.1235281661220864,0.1360273174100139,0.1179714709881517,0.1194106839973338,0.1190887887773836,0.1530752932461264,0.1109519634229813,0.1199463160359227
214,214.0,0.121898548691592,0.1368950835610669,0.1192397680181731,0.1176165239631917,0.1182324574820171,0.1570084879320038,0.1084667496009673,0.120642380750988
215,215.0,0.1201151440062323,0.1373017161479096,0.1202115593061145,0.1157112067968064,0.117180178360493,0.161569410422135,0.1067643151024528,0.1211464698578562
216,216.0,0.1183625061441005,0.1384413833642452,0.121095043903777,0.1145098211201915,0.1171485038752832,0.163727606910445,0.105151659410532,0.1215634752714255
217,217.0,0.1156681885278342,0.1393035404947046,0.1218462824843942,0.1132671953484617,0.1170905646816002,0.1661781919351273,0.1041463611310122,0.1224996753968653
218,218.0,0.1129335705486817,0.1397941618181759,0.1224704016867309,0.1119992941717122,0.1178048143984281,0.1694073033641464,0.1022970788288998,0.1232933751832247
219,219.0,0.1108624711760483,0.139788683376194,0.1233644522648189,0.1105877714204243,0.1195011292626674,0.1718464469697221,0.1003599157135696,0.123689129816555
220,220.0,0.1094146146242636,0.1397373634667342,0.1240373817261431,0.1091326501423643,0.1208872292728723,0.1745897060350667,0.0984013636117188,0.1237996911208367
221,221.0,0.1079043596389651,0.1398582531485925,0.1246050890382828,0.1077039070040557,0.122179475713545,0.1768812677255812,0.0964939960938671,0.1243736516371105
222,222.0,0.1065205810808894,0.139926429059325,0.1251347570053726,0.1063755292852441,0.12345614965905,0.1789265030449603,0.0947335865586114,0.124926464306547
223,223.0,0.1051394690928953,0.1398631474836036,0.1255832262155801,0.1051090975545011,0.1246643749527825,0.1804379256104571,0.0939147099697112,0.1252880491204689
224,224.0,0.1035380099752634,0.1398943317313697,0.1258284626522269,0.1038977718806248,0.1258979641078417,0.1821801987044553,0.0933004516992792,0.1254628092489389
225,225.0,0.1019376864242175,0.1397887538911256,0.1259044705542923,0.1026958443837134,0.1270212904586467,0.1839240661037139,0.0927557381102755,0.125972150074015
226,226.0,0.1006385975694084,0.1397671955427849,0.1260619263616064,0.1014042385801525,0.1280164157873161,0.1849346866037146,0.0921489710850865,0.1270279684699303
227,227.0,0.0992301362697987,0.1403324716381637,0.1266422964963222,0.1000505695839392,0.1287904871918034,0.1857796923916229,0.091497825482115,0.1276765209462347
228,228.0,0.0982495762423702,0.140705574544965,0.1268112988038976,0.0986745880663566,0.1295066662242087,0.1865537983802443,0.090849687938334,0.1286488097996233
229,229.0,0.0972053939960222,0.1408876422920011,0.1277746335782019,0.097391761273969,0.1300472929359153,0.186830432843476,0.0897814054355016,0.1300814376449126
230,230.0,0.096123519882771,0.1409112666557056,0.1283410546099382,0.0967856127421327,0.1304415134780477,0.1874828088612677,0.0887354252897117,0.1311787984804252
231,231.0,0.0950079880122767,0.1413026124445921,0.1285363551472031,0.0961384197826903,0.13068346395971,0.1886728027370033,0.087705856766728,0.1319525011497961
232,232.0,0.0939412144463202,0.1415727359757564,0.1286133980881881,0.0959335251320677,0.1308047227851426,0.1898112378552249,0.0867369830724111,0.1325861826448887
233,233.0,0.0929499721380447,0.1416704251770696,0.128558750787319,0.0957790290016048,0.1313523871751288,0.1907510918242728,0.0858277045565533,0.1331106393400066
234,234.0,0.0920378108609556,0.1416155180180749,0.1283885096941709,0.0956726269767808,0.1322664351674086,0.1915040146955646,0.0849823449626579,0.1335327396243865
235,235.0,0.0912434441247048,0.1415363232063931,0.1281909365989032,0.0956480736672802,0.1331260879218297,0.1921186703501629,0.0842404659944674,0.1338959981362585
236,236.0,0.0905725918043009,0.1415638684310429,0.1279826850098424,0.0957117632272599,0.1339449108426607,0.1927960977682889,0.0836134718716876,0.1338146110449165
237,237.0,0.0900014552240768,0.1416617622867895,0.1277442105956507,0.0958270008382427,0.1346870261088014,0.1933384724463747,0.0830689104150761,0.1336711620849877
238,238.0,0.0895250241077456,0.1417214959784133,0.1274799827978941,0.0960938810986322,0.1353513707139348,0.1937530320850634,0.0826028588704752,0.1334723543478411
239,239.0,0.0891010914374879,0.1417079593165169,0.127010475607606,0.0963220193175069,0.1360074084167067,0.1945622903879607,0.0821742579411808,0.1331144975750338
240,240.0,0.0887065220629402,0.1416311403002731,0.1263270958004218,0.0964964397445897,0.1365531019085845,0.1958914623348751,0.0817810266086705,0.1326132112396447
241,241.0,0.0883416996261034,0.142024224282978,0.1254577278480267,0.0966203162312391,0.1369938018139641,0.19756759520278,0.0814233333648162,0.1315713016300923
242,242.0,0.0879925878060227,0.1423517422166775,0.1245497047302954,0.0967590703445537,0.1373580701280688,0.1994118024210998,0.0811236709688183,0.1304533513844635
243,243.0,0.0876595681976849,0.1426158216807813,0.1245257495228742,0.0969094421653493,0.1376495227115007,0.200484441770059,0.0808788483444666,0.1292766056072837
244,244.0,0.0873469755754549,0.1427958450969716,0.1242154351364166,0.0970035257531135,0.1379532124413609,0.2020029523614815,0.0806601325919848,0.1280219210432158
245,245.0,0.0870795773774707,0.1429100719712161,0.1246420135803627,0.0970695679925151,0.1381809134734786,0.203302424120595,0.0804788796303325,0.1263365518540291
246,246.0,0.086830681151199,0.1429511915175981,0.1248929149767558,0.0970846491536913,0.1383254159461543,0.2049809138470145,0.0803206239888907,0.1246136094186959
247,247.0,0.0860993065495426,0.1439088445867661,0.1248755840744405,0.0969364284789102,0.1382655072191899,0.2067277243238682,0.080056561020637,0.1231300437466452
248,248.0,0.0853872205207401,0.1447996393755443,0.1247952982699395,0.0967890464668001,0.1381507690468386,0.2082272237158821,0.0798284536349549,0.1220223489693001
249,249.0,0.0846802781245442,0.145583900878805,0.1248874521724213,0.0970239208534165,0.1379693088129268,0.2093771964821899,0.0797228473837316,0.1207550952919643
250,250.0,0.0839604520699748,0.1462509893924191,0.1247610648941375,0.097518020269228,0.1377173462452043,0.2099887410206822,0.0796205364544369,0.120182849653917
251,251.0,0.0830163030299306,0.1465813204895441,0.1253622937343095,0.0978162373415169,0.1382921371066165,0.2100919233212654,0.0794099003280582,0.1194298846487585
252,252.0,0.0819742727437315,0.1469245675817518,0.1260037440465894,0.09883598816212,0.1387095760416627,0.2099382816930819,0.0790972011770948,0.1185163685539676
253,253.0,0.0809333563428219,0.1471353118496854,0.1264017715943613,0.0997545901533657,0.1390464011016776,0.2104092708294204,0.0787752306525254,0.117544067476142
254,254.0,0.0799008605998859,0.1472204170230772,0.1272068661320102,0.1005690422150317,0.1394077209550588,0.210725901673679,0.0784458065091707,0.1165233848920863
255,255.0,0.0791957781167835,0.147325071666367,0.1278289890657627,0.1012866489663952,0.1396999146692083,0.2110263011743953,0.0781195874572816,0.1155177088838061
256,256.0,0.078810943961786,0.1473551981978312,0.1283279295312475,0.1028523191746617,0.139035982568999,0.2112730983026226,0.0778128818831086,0.1145316463797431
257,257.0,0.0783563222720014,0.1471430351012331,0.1288089491502579,0.1049197345933567,0.1382491014897861,0.2116316369341227,0.0774395486093574,0.1134516718498845
258,258.0,0.0778373382516282,0.1467018826015123,0.1289903285313706,0.1073693631990269,0.1373438291913361,0.2120903693399795,0.0771005414673896,0.1125663474177566
259,259.0,0.0779994214365419,0.1460672097432895,0.1289273403660215,0.1095187991213273,0.1363479599125397,0.2125128419949996,0.0767112134036363,0.1119152140216439
260,260.0,0.0781770582204469,0.1453599559115796,0.1289811461769115,0.1115302514074313,0.1353277589003801,0.2129523624092641,0.0763280606794775,0.1113434062945089
261,261.0,0.0783443488149049,0.1445841214288868,0.1289234122104352,0.1133745542231317,0.1342869524971635,0.2135083589187675,0.0759457068318231,0.1110325450748872
262,262.0,0.0784973722348706,0.143750480865205,0.1289174843954795,0.1150464144276587,0.1333326404732123,0.2142006391349813,0.0755657521811314,0.110689216287461
263,263.0,0.0786647215991726,0.1430049555629522,0.1288555562272755,0.1165714941836191,0.132388604270654,0.2149091597389908,0.0752032638038751,0.1104022446134606
264,264.0,0.0788592252326255,0.1423581006464748,0.1287705303304451,0.117964626149459,0.1314673086123801,0.2157920631243529,0.074864549757876,0.1099235961463863
265,265.0,0.0790592488586072,0.1414242617156296,0.1286972473076163,0.1192417455925523,0.1305761197088301,0.2168431028872498,0.074645758165257,0.1095125157642575
266,266.0,0.0792420585748286,0.140493420425624,0.1287709651954046,0.1203738337551924,0.1297230332008456,0.2178225955156044,0.0744502303368229,0.1091238629956774
267,267.0,0.0793974368430982,0.1395650958287169,0.1291298899546549,0.1213390208890923,0.1289042119705651,0.218408041069751,0.0742690374310547,0.1089872660130667
268,268.0,0.0795316017177665,0.1386539522409213,0.1296140499774179,0.1221645657029843,0.1281309565125482,0.2189261489679839,0.0741090966947707,0.108869628185607
269,269.0,0.0796584289664965,0.1379931875544039,0.1300217954295743,0.1228701539598234,0.1274109060411702,0.2195757352278964,0.0739743455554067,0.1084954472652284
270,270.0,0.0797880583900691,0.1373750458365764,0.130328653185626,0.1234427483647696,0.1267429785095187,0.2203355181490834,0.0738606505117023,0.1081263470526544
271,271.0,0.0797026249439414,0.136819060040903,0.1299217163570454,0.1239966722142229,0.1261453562594963,0.2213322824123922,0.0736849262794627,0.1083973614925361
272,272.0,0.0797999400992368,0.1362608808796859,0.1293297772426392,0.1243967192617926,0.1255743222014319,0.2224120263251536,0.0735059113859004,0.1087204226041595
273,273.0,0.0801421286496332,0.1359870259983771,0.1302399383643669,0.1249480434069598,0.1254082854545568,0.2220204131529962,0.0727746566335679,0.1084795083395419
274,274.0,0.0804488666766483,0.1357187381277121,0.131506088418731,0.1253778237168485,0.1253641094449596,0.2215578996738375,0.072052145456317,0.1079743284849459
275,275.0,0.0806166301091912,0.1353535004443483,0.1327312497391827,0.126101125799635,0.1253816355741614,0.2211418411549154,0.0712891779537218,0.107384839224844
276,276.0,0.0809509099798811,0.134993215926429,0.1329146507987737,0.1268017823002828,0.1254177649142766,0.2215825985356155,0.070544565332867,0.1067945122118742
277,277.0,0.081136342308612,0.1345433979036639,0.1330619335190003,0.1272923678965268,0.125375175299889,0.2227632338320178,0.0697228126766931,0.1061047365635969
278,278.0,0.0813086714899268,0.1341327208740008,0.1331041069912161,0.1276852409598461,0.1253632698427695,0.2240383159716462,0.0689409568354708,0.1054267170351235
279,279.0,0.0811842361824159,0.1339694112999796,0.1333102888541351,0.1280474911183406,0.1255542461301812,0.2243939549914875,0.0690630445269459,0.104477326896514
280,280.0,0.0810180825791626,0.1340091524867403,0.1333328724980361,0.1283101699592214,0.1257601258813979,0.2248340291192415,0.0692111948057383,0.103524372670462
281,281.0,0.0807560677988189,0.1337407159045741,0.1336811518737153,0.1284054505947483,0.1257086537419138,0.2253223289139835,0.069296195901827,0.1030894352704191
282,282.0,0.0804471760776732,0.1343903624400865,0.1344650825809811,0.128403461937924,0.1254790703395183,0.224847460344481,0.0693778546213439,0.102589531657992
283,283.0,0.0803010160071666,0.1350414384967115,0.1350953508932661,0.1283272898822546,0.125262451360283,0.2243961878212884,0.0694795985169783,0.1020966670220515
284,284.0,0.080152875210758,0.135689502941873,0.135771766214805,0.1281915643101094,0.1255629329025764,0.2239098155424074,0.0691054387221192,0.1016161041553516
285,285.0,0.0799506542923925,0.1366054091833343,0.1364416958413883,0.1279405883282895,0.1257967164053264,0.2234290720577408,0.0687180781536639,0.1011177857378643
286,286.0,0.0799096749187281,0.1374943591514433,0.1371026223047625,0.1276297518096321,0.1260317073044345,0.2228616154475409,0.0683431920369078,0.1006270770265507
287,287.0,0.0806613740582425,0.1381711062393993,0.1375516046070944,0.1271890767853346,0.1261782653969547,0.2222760573940159,0.0678958837757539,0.1000766317432047
288,288.0,0.0813513023816032,0.138724658775115,0.1378235545443295,0.1266878977058267,0.1266760515405864,0.2218260572088413,0.0674398125168759,0.0994706653268218
289,289.0,0.0821771845937644,0.1392349884590161,0.1382930865285842,0.1261496766968694,0.1271643414335127,0.2211027950089719,0.0670016804503071,0.0988762468289741
290,290.0,0.0829418376337876,0.1396404236782716,0.1388240838053938,0.1255711106420976,0.1274611495763869,0.220244455440962,0.0670637067346784,0.098253232488422
291,291.0,0.0831423810481097,0.1394468183327884,0.1394093548455115,0.1251281505509928,0.1277482402819542,0.2196044903667154,0.0672675765925947,0.0982529879813332
292,292.0,0.0832526286100971,0.1393687479377001,0.139825906592779,0.1243552707230723,0.1279580824451558,0.2188268041189783,0.0681962452615255,0.0982163143106918
293,293.0,0.0835155951269036,0.1389359080085731,0.1406647249751915,0.1235429744634319,0.1276179905072081,0.2179155584631177,0.0691168070094648,0.0986904414461093
294,294.0,0.0841721868274131,0.1383138776414899,0.1421648231751645,0.1219397126543564,0.1272129180067795,0.2169970329808639,0.0700194193443735,0.099180029369559
295,295.0,0.0845813457680773,0.1376329301803553,0.1434629007772056,0.1201487150639374,0.1274661140682575,0.2162617689772634,0.0708047475355802,0.0996414776293232
296,296.0,0.0848911776949199,0.1375634995727495,0.1447244842342083,0.1181963820122975,0.1276137313498849,0.2154878744205336,0.0714705636152192,0.1000522871001871
297,297.0,0.085138840118946,0.1374736469076212,0.146137711933621,0.1162859530894755,0.1277473974569619,0.2146734629652168,0.0721045117159371,0.1004384758122203
298,298.0,0.0853448948454784,0.1373674602902457,0.1477068040291373,0.1144365374847264,0.1278692933496327,0.2128589131662256,0.07270810403126,0.1017079928032938
299,299.0,0.0853589766054443,0.1370947605621225,0.1491813062449295,0.1125839046026392,0.1279032105863113,0.2118877796924601,0.0732021737124744,0.1027878879936187
300,300.0,0.0853164534368664,0.1368072326726525,0.1506089913349018,0.1108087767779747,0.1279226590774311,0.2110630472039207,0.0736550513029427,0.1038177881933098
301,301.0,0.0852212121900937,0.1366863296412648,0.1518042849002648,0.1091199635547802,0.1279283179718684,0.2102303803387548,0.0742194150616572,0.104790096341316
302,302.0,0.0852094979642642,0.1375077143163605,0.1529548185455012,0.1076501907957936,0.1270377549818715,0.2086931473947848,0.074856305228222,0.1060905707732019
303,303.0,0.0850524345498691,0.1392157623160683,0.1534400977097609,0.1066129012541653,0.1260379245529202,0.2071759834852338,0.0753400646255703,0.107124831506412
304,304.0,0.0852453302036644,0.1407415073384043,0.1539271505859289,0.1056292153071332,0.1249952278958477,0.2057595176982566,0.0757627007720918,0.1079393501986727
305,305.0,0.0852704160259758,0.1420308748648534,0.1543345880732086,0.1046858151073187,0.1239067559559441,0.2043702055364648,0.0760734351681902,0.109327909268044
306,306.0,0.0851668863620196,0.1439939929310009,0.1546384525828782,0.1037543945875369,0.1227544270272229,0.2029860144798823,0.0762464795208268,0.110459352508632
307,307.0,0.0849687604967479,0.14566335567117,0.1547282718329828,0.1028531705249737,0.1215641527357466,0.2017237773809595,0.0763038170605476,0.1121946942968715
308,308.0,0.0846992311972952,0.1470734735456336,0.1545289065408719,0.1027633636964108,0.1203576277733525,0.2006512803263964,0.0762643606644618,0.1136617562555774
309,309.0,0.0843708813528215,0.1482444116204592,0.1543553072390309,0.103374510666514,0.1191512897095036,0.1994817303624544,0.0761409315428582,0.1148809375063578
310,310.0,0.083970596503403,0.1491812596133113,0.1548160143146739,0.1035003314985173,0.1179546829232687,0.1987851409800108,0.0759363291342429,0.1158556450325717
311,311.0,0.0834691590097268,0.1497810497095191,0.1556154158422084,0.1045177184812733,0.1167397902995943,0.197773843144602,0.0756547317215255,0.11644829179155
312,312.0,0.0829131703529095,0.1507582752368632,0.1562902187302827,0.105420029838296,0.1155534323608329,0.1967528062790015,0.0753091966050078,0.1170028705968059
313,313.0,0.0823482446850118,0.1512438449448965,0.1569739666631206,0.1068969502010828,0.1144405578483174,0.1956894036482574,0.0749452172777256,0.1174618147315874
314,314.0,0.0817867332501079,0.1516504816439079,0.1577269626087367,0.108388793185163,0.113406510774918,0.1946288898865986,0.0745714051747678,0.1178402234757996
315,315.0,0.0812328925248498,0.152118853252837,0.158407065750947,0.109878712149539,0.1124536035511147,0.1935744607439507,0.0741921910620466,0.1181422209647148
316,316.0,0.0808227970088518,0.1529030966220383,0.1589033953466529,0.1112919523744993,0.1115335883905262,0.1924122319501796,0.0737928716146364,0.1183400666926151
317,317.0,0.0803507188937098,0.1542792126040361,0.1592162441510315,0.1125018384960093,0.1106213913842411,0.1913226979014356,0.0733491245896144,0.1183587719799219
318,318.0,0.0799071128709358,0.1555772832178282,0.1594714452199352,0.1136777138093179,0.1097948920396704,0.1903373725762007,0.0729153945917407,0.1183187856743708
319,319.0,0.0787952748563858,0.1581994725172268,0.1602402251737098,0.1149762573597803,0.1091247234181843,0.1893448080076539,0.0725924100788302,0.1167268285882286
320,320.0,0.0776383311911713,0.1604387830111846,0.1607664832699067,0.1160723671336976,0.1088160230988916,0.1885298371976949,0.0722387357765372,0.1154994393209157
321,321.0,0.0764962961378439,0.1629110232974466,0.1611109848122557,0.1170126687498632,0.1085599982148549,0.1878839808396073,0.0718749075762442,0.1141501403718839
322,322.0,0.0753921032287523,0.1651367100324518,0.1618516112538688,0.1176373672819178,0.108358713646161,0.1873812069662057,0.071511972946148,0.1127303146444943
323,323.0,0.0743199332393999,0.1675321384352638,0.1623964915912035,0.1181086938855221,0.1082020285741959,0.1870658247952585,0.0711467922427631,0.1112280972363929
324,324.0,0.0733022407626667,0.1696617551383914,0.1627431980152206,0.1184970160901544,0.1080655427208439,0.1870481845782999,0.0709368567293169,0.1097452059651058
325,325.0,0.0723137667352346,0.1715268918142033,0.1634970279151236,0.1187937146231088,0.1082662131899294,0.1865660640074135,0.0707365204725648,0.1082998012424217
326,326.0,0.0713528276232082,0.173120908380691,0.1641502406442416,0.1190001246889894,0.1084645441416732,0.1861637615844322,0.0705427731837837,0.1072048197529804
327,327.0,0.0704525677176996,0.1745545095415323,0.164732521419551,0.1191500304827504,0.1087040163571747,0.1858769279499583,0.0703655677266795,0.106163858804654
328,328.0,0.0695793963080867,0.1760171939109765,0.1652931700542091,0.1192151810687638,0.1089288408311228,0.185622612887214,0.0701915590616927,0.1051520458779341
329,329.0,0.0687634839219053,0.1773113983338488,0.1658590037971817,0.1192283219173262,0.1091805878990373,0.1854344544311059,0.070030043597098,0.1041927061024965
330,330.0,0.0680450481016163,0.1784849679792537,0.1661826243900389,0.1192441340348875,0.1094676147901988,0.185130167635349,0.0698995300772238,0.1035459129914315
331,331.0,0.0674026444299523,0.1795099089501623,0.1665833791060153,0.1192244299356099,0.1097740826939304,0.1847501719118401,0.0697887828833565,0.1029666000891329
332,332.0,0.066848021304624,0.1805189217202739,0.166952077521465,0.1187940465760273,0.1101130368582893,0.1845380069714766,0.0697132780656871,0.1025226109821564
333,333.0,0.0663596520773201,0.1815064457858193,0.1672127717960645,0.1183360462479646,0.1104599254883879,0.1843400083212876,0.0696522057416746,0.1021329445414811
334,334.0,0.0659417890565053,0.182358361170206,0.1674246044521018,0.1178607676545473,0.1108119847528497,0.1841897063517244,0.0696077303881906,0.1018050561738746
335,335.0,0.065608616733533,0.1831036714606733,0.1680659873312583,0.1172144598375253,0.1111753280862149,0.1836478177487471,0.0695871653026141,0.1015969534994337
336,336.0,0.0653135549684601,0.1840093851164179,0.1686500408464488,0.1165024441165658,0.1115147125423697,0.1830967620884004,0.069557722289391,0.1013553780319461
337,337.0,0.0650730532474376,0.1847827721306768,0.1691295898605739,0.1157915328045792,0.1118468075664947,0.1826815884810533,0.0695381318141955,0.1011565240949888
338,338.0,0.0648896161388262,0.1854390535196782,0.1695602893335986,0.1150915023515658,0.1121704100404406,0.1823123049019236,0.0695303823057548,0.1010064414082118
339,339.0,0.064759371552471,0.1859833770320579,0.1698192604347795,0.1144082649761586,0.1124831331944858,0.1819880151839809,0.0695333671624778,0.1010252104635882
340,340.0,0.0646783026820099,0.1864214952203543,0.1700321974014001,0.1137469737443509,0.11278293772908,0.1817074628382859,0.0695459830992808,0.1010846472852379
341,341.0,0.0647332117354672,0.185123283798729,0.1702924833681594,0.1132029560450101,0.1131590265517313,0.18155998874198,0.0706580499396969,0.101270999819226
342,342.0,0.0646024112964855,0.1837905643322936,0.1702689520533366,0.1126115442282905,0.1143461550719557,0.1811950858860037,0.0716599254094481,0.101525361722186
343,343.0,0.0645043516805714,0.1823826527555045,0.1701988722952797,0.1120385616229577,0.115487866398949,0.1809572284317349,0.0726358718784078,0.1017945949365949
344,344.0,0.0643513596481554,0.1808485355933675,0.1699370936419946,0.1113971470658795,0.1172529920382332,0.1808211368061301,0.0734215421287357,0.1019701930775038
345,345.0,0.0642367286410186,0.1795994369604652,0.1696065247681378,0.1107763311557484,0.1189509203971423,0.1806268269755686,0.0741726748331051,0.1020305562688137
346,346.0,0.0641418029716783,0.1783159816057249,0.1692836894346438,0.1101793599567624,0.1205680481180693,0.1805492313216362,0.0748764033059432,0.1020854832855416
347,347.0,0.0640710503364192,0.1770230385942152,0.1690275555837037,0.1096116799823928,0.1212629980764782,0.1813283601763028,0.075532362615398,0.1021429546350899
348,348.0,0.0640265835881552,0.1757520702195872,0.1687598553841649,0.1090875067998298,0.1218863290689146,0.1821276305341067,0.0761494734486275,0.1022105509566138
349,349.0,0.064012710204566,0.1744884866410289,0.1692447275686307,0.1086109771611667,0.1223488494125092,0.183102566213016,0.075895361911037,0.1022963208880452
350,350.0,0.064270667324013,0.1733223326250578,0.1697177915906827,0.1082208375455635,0.1227570121001871,0.1840629848305683,0.0756206591144698,0.1020277148694578
351,351.0,0.0645205380306937,0.1721564493051653,0.1700394714770464,0.1078446014684441,0.1230773709642822,0.1852431199907196,0.075297918198469,0.1018205305651794
352,352.0,0.0647832711236921,0.171046638150311,0.1703441123767928,0.1075118649273149,0.1233355730742547,0.1864023012120123,0.0749529480970263,0.1016232910385957
353,353.0,0.0647380021089004,0.1706405690363261,0.1705310325425887,0.1072329622915474,0.1235414188136851,0.1872687777663966,0.0746330814175627,0.1014141560229927
354,354.0,0.0646145945695197,0.1703048689994252,0.1712110992637699,0.1068927227588798,0.123512055404982,0.1880331300104577,0.0742206626956629,0.1012108662973024
355,355.0,0.0644699428001481,0.1698770821604359,0.1717783865892861,0.1065476969103072,0.1236793078692221,0.1888898188549335,0.0737768922703807,0.100980872545286
356,356.0,0.0643060406367366,0.1694513996571784,0.1725357855354038,0.1061994164531658,0.1237277846530908,0.1897450147668968,0.0737839305424069,0.1002506277551205
357,357.0,0.064273258065957,0.1700090237992229,0.1735417152545404,0.1055500791864597,0.1241085772730206,0.1905458118268933,0.0737756740838505,0.0981958605100552
358,358.0,0.0642018608366783,0.1703175168783261,0.1748001592184019,0.1048639306939226,0.1247478752837536,0.1912436586399614,0.0736720176378843,0.0961529808110712
359,359.0,0.0645667604228216,0.1709764757780446,0.1759339379978966,0.104178987183925,0.1253644293493304,0.1910328551670649,0.0737391086336247,0.0942074454672917
360,360.0,0.0649181965705886,0.171606699718016,0.1762452271029737,0.1035228226902449,0.1258088054606765,0.1907577390489809,0.0737512571872602,0.0933892522212587
361,361.0,0.0652338760976488,0.1725377968454607,0.1763758814129606,0.1028592329456472,0.1263547460315484,0.1904073675467185,0.0736929862550934,0.0925381128649218
362,362.0,0.0655302048582013,0.173683668595856,0.1761838669386947,0.1022872241477132,0.126805684074141,0.190162149301082,0.073608407565364,0.0917387945189472
363,363.0,0.0659478598734867,0.1747732461223996,0.1758203673221171,0.1022763280515427,0.1275069964577201,0.1893008694808102,0.0735147256756618,0.0908596070162613
364,364.0,0.0660476596922891,0.1761504500769417,0.1753999085512803,0.1022938705385319,0.1281953294338086,0.1884379678472031,0.0734168201986744,0.0900579936612703
365,365.0,0.0661384425353696,0.1774989957771371,0.1749536848356123,0.1023528026052151,0.1288331308301782,0.1875705135699583,0.0733214159744738,0.0893310138720552
366,366.0,0.066228479780147,0.1786531084362632,0.1745218449398629,0.102798553823114,0.1293980932698544,0.1864906887392642,0.0732224794132856,0.0886867515982081
367,367.0,0.0664394761993004,0.179608830464657,0.1740268274614125,0.1032608491771542,0.1299047385316782,0.1854605553077306,0.0731755641526742,0.0881231587053924
368,368.0,0.0666034779992818,0.1806173680055359,0.1736641868128791,0.1037324716049964,0.1303533620332241,0.184294437340912,0.0731164381715502,0.08761825803162
369,369.0,0.0667625256790882,0.181429679809166,0.1736482620128545,0.1041900799735974,0.1307324653608442,0.1829966485236835,0.0730542837590287,0.0871860548817368
370,370.0,0.0668809398831259,0.1822564557318015,0.1734943539456868,0.104629381515618,0.131260523469739,0.1814259506904911,0.0732635924892067,0.0867888022743306
371,371.0,0.0669826069848344,0.1830097225200136,0.1733003537780364,0.1050690317679619,0.1317368978069535,0.1799815558789389,0.0734720571158925,0.0864477741473683
372,372.0,0.0670432346663822,0.1836958727010399,0.173078535424725,0.10549850172957,0.132154692491852,0.1786981109564787,0.0736673280749851,0.0861637239549666
373,373.0,0.0670645348786843,0.1843145013317481,0.1731470557023017,0.1059140045258183,0.1325150773387352,0.1772632802016291,0.0738480067175303,0.0859335393035527
374,374.0,0.0670945265156688,0.1851755525818174,0.1732732085319148,0.1063413259776667,0.1328341667645486,0.1757551258433589,0.0740380265825951,0.0854880672024293
375,375.0,0.0670864921779136,0.185798401287083,0.1732805018146947,0.1067107257994835,0.1332284376057953,0.174246617676564,0.0741678603663162,0.0854809632721492
