,Unnamed: 0,Total_iterations,Intertwine_two,Add_vertex,Delete_vertex,Invert_path_vertices,Insert_inside_vertex,Delete_inside_vertex,Replace_inside_vertex,Donate_between_routes
0,0.0,0.0,0.125,0.125,0.125,0.125,0.125,0.125,0.125,0.125
1,1.0,0.10900000000000001,0.125,0.125,0.125,0.125,0.125,0.125,0.125,0.125
2,2.0,0.31601,0.125,0.125,0.125,0.125,0.125,0.125,0.125,0.125
3,3.0,0.6191589000000001,0.125,0.125,0.125,0.125,0.125,0.125,0.125,0.125
4,4.0,1.015801321,0.125,0.125,0.125,0.125,0.125,0.125,0.125,0.125
5,5.0,1.50262148669,0.125,0.125,0.125,0.125,0.125,0.125,0.125,0.125
6,6.0,2.0757334209441005,0.125,0.125,0.125,0.125,0.125,0.125,0.125,0.125
7,7.0,2.7307768275633495,0.125,0.125,0.125,0.125,0.125,0.125,0.125,0.125
8,8.0,3.4630081252450404,0.125,0.125,0.125,0.125,0.125,0.125,0.125,0.125
9,9.0,4.2673862119061114,0.125,0.125,0.125,0.125,0.125,0.125,0.125,0.125
10,10.0,5.138652627782014,0.125,0.125,0.125,0.125,0.125,0.125,0.125,0.125
11,11.0,6.071405875792507,0.125,0.125,0.125,0.125,0.125,0.125,0.125,0.125
12,12.0,7.060169740244025,0.125,0.125,0.125,0.125,0.125,0.125,0.125,0.125
13,13.0,8.099455520847952,0.125,0.125,0.125,0.125,0.125,0.125,0.125,0.125
14,14.0,9.183818168183006,0.125,0.125,0.125,0.125,0.125,0.125,0.125,0.125
15,15.0,10.307906369102724,0.125,0.125,0.125,0.125,0.125,0.125,0.125,0.125
16,16.0,11.466506686239443,0.125,0.125,0.125,0.125,0.125,0.125,0.125,0.125
17,17.0,12.654581904800096,0.125,0.125,0.125,0.125,0.125,0.125,0.125,0.125
18,18.0,13.867303782456686,0.125,0.125,0.125,0.125,0.125,0.125,0.125,0.125
19,19.0,15.100080434523047,0.125,0.125,0.125,0.125,0.125,0.125,0.125,0.125
20,20.0,16.348578617037543,0.125,0.125,0.125,0.125,0.125,0.125,0.125,0.125
21,21.0,17.608741195130214,0.125,0.125,0.125,0.125,0.125,0.125,0.125,0.125
22,22.0,18.876800103462312,0.125,0.125,0.125,0.125,0.125,0.125,0.125,0.125
23,23.0,20.14928511992658,0.125,0.125,0.125,0.125,0.125,0.125,0.125,0.125
24,24.0,21.423028783545156,0.125,0.125,0.125,0.125,0.125,0.125,0.125,0.125
25,25.0,22.695167792966423,0.125,0.125,0.125,0.125,0.125,0.125,0.125,0.125
26,26.0,23.963141223515898,0.125,0.125,0.125,0.125,0.125,0.125,0.125,0.125
27,27.0,25.224685898775267,0.125,0.125,0.125,0.125,0.125,0.125,0.125,0.125
28,28.0,26.477829247520948,0.125,0.125,0.125,0.125,0.125,0.125,0.125,0.125
29,29.0,27.720879968916847,0.125,0.125,0.125,0.125,0.125,0.125,0.125,0.125
30,30.0,28.95241681848399,0.125,0.125,0.125,0.125,0.125,0.125,0.125,0.125
31,31.0,30.17127581490958,0.125,0.125,0.125,0.125,0.125,0.125,0.125,0.125
32,32.0,31.376536153543515,0.125,0.125,0.125,0.125,0.125,0.125,0.125,0.125
33,33.0,32.567505096778625,0.125,0.125,0.125,0.125,0.125,0.125,0.125,0.125
34,34.0,33.74370209472243,0.125,0.125,0.125,0.125,0.125,0.125,0.125,0.125
35,35.0,34.90484237192463,0.125,0.125,0.125,0.125,0.125,0.125,0.125,0.125
36,36.0,36.05082019768737,0.125,0.125,0.125,0.125,0.125,0.125,0.125,0.125
37,37.0,37.18169203889697,0.125,0.125,0.125,0.125,0.125,0.125,0.125,0.125
38,38.0,38.29765977559663,0.125,0.125,0.125,0.125,0.125,0.125,0.125,0.125
39,39.0,39.399054140870355,0.125,0.125,0.125,0.125,0.125,0.125,0.125,0.125
40,40.0,40.48631852820801,0.125,0.125,0.125,0.125,0.125,0.125,0.125,0.125
41,41.0,41.55999329152982,0.125,0.125,0.125,0.125,0.125,0.125,0.125,0.125
42,42.0,42.62070064560415,0.125,0.125,0.125,0.125,0.125,0.125,0.125,0.125
43,43.0,43.669130257815,0.125,0.125,0.125,0.125,0.125,0.125,0.125,0.125
44,44.0,44.70602560622662,0.125,0.125,0.125,0.125,0.125,0.125,0.125,0.125
45,45.0,45.73217116373481,0.125,0.125,0.125,0.125,0.125,0.125,0.125,0.125
46,46.0,46.748380453854836,0.125,0.125,0.125,0.125,0.125,0.125,0.125,0.125
47,47.0,47.755485010424316,0.125,0.125,0.125,0.125,0.125,0.125,0.125,0.125
48,48.0,48.7543242612326,0.125,0.125,0.125,0.125,0.125,0.125,0.125,0.125
49,49.0,49.745736344347726,0.125,0.125,0.125,0.125,0.125,0.125,0.125,0.125
50,50.0,50.730549855707864,0.125,0.125,0.125,0.125,0.125,0.125,0.125,0.125
51,51.0,51.70957651737491,0.125,0.125,0.125,0.125,0.125,0.125,0.125,0.125
52,52.0,52.68360474770151,0.125,0.125,0.125,0.125,0.125,0.125,0.125,0.125
53,53.0,53.65339410751842,0.125,0.125,0.125,0.125,0.125,0.125,0.125,0.125
54,54.0,54.61967059027847,0.125,0.125,0.125,0.125,0.125,0.125,0.125,0.125
55,55.0,55.58312271885972,0.125,0.125,0.125,0.125,0.125,0.125,0.125,0.125
56,56.0,56.544398407394254,0.125,0.125,0.125,0.125,0.125,0.125,0.125,0.125
57,57.0,57.504102543001395,0.125,0.125,0.125,0.125,0.125,0.125,0.125,0.125
58,58.0,58.462795239617805,0.125,0.125,0.125,0.125,0.125,0.125,0.125,0.125
59,59.0,59.42099071417639,0.125,0.125,0.125,0.125,0.125,0.125,0.125,0.125
60,60.0,60.379156734137354,0.125,0.125,0.125,0.125,0.125,0.125,0.125,0.125
61,61.0,61.337714584760846,0.125,0.125,0.125,0.125,0.125,0.125,0.125,0.125
62,62.0,62.29703950447439,0.125,0.125,0.125,0.125,0.125,0.125,0.125,0.125
63,63.0,63.257461537171835,0.125,0.125,0.125,0.125,0.125,0.125,0.125,0.125
64,64.0,64.21926675122782,0.125,0.125,0.125,0.125,0.125,0.125,0.125,0.125
65,65.0,65.18269877636592,0.125,0.125,0.125,0.125,0.125,0.125,0.125,0.125
66,66.0,66.14796061122655,0.125,0.125,0.125,0.125,0.125,0.125,0.125,0.125
67,67.0,67.11521665648885,0.125,0.125,0.125,0.125,0.125,0.125,0.125,0.125
68,68.0,68.08459493066005,0.125,0.125,0.125,0.125,0.125,0.125,0.125,0.125
69,69.0,69.05618942810752,0.125,0.125,0.125,0.125,0.125,0.125,0.125,0.125
70,70.0,70.03006258152917,0.125,0.125,0.125,0.125,0.125,0.125,0.125,0.125
71,71.0,71.00624779379335,0.125,0.125,0.125,0.125,0.125,0.125,0.125,0.125
72,72.0,71.98475200689319,0.125,0.125,0.125,0.125,0.125,0.125,0.125,0.125
73,73.0,72.96555827861411,0.125,0.125,0.125,0.125,0.125,0.125,0.125,0.125
74,74.0,73.94862834037681,0.125,0.125,0.125,0.125,0.125,0.125,0.125,0.125
75,75.0,74.93390511255946,0.125,0.125,0.125,0.125,0.125,0.125,0.125,0.125
76,76.0,75.92131515639825,0.125,0.125,0.125,0.125,0.125,0.125,0.125,0.125
77,77.0,76.91077104428919,0.125,0.125,0.125,0.125,0.125,0.125,0.125,0.125
78,78.0,77.91217363294814,0.125,0.125,0.125,0.125,0.125,0.125,0.125,0.125
79,79.0,78.91531422641171,0.125,0.125,0.125,0.125,0.125,0.125,0.125,0.125
80,80.0,79.91998761826481,0.125,0.125,0.125,0.125,0.125,0.125,0.125,0.125
81,81.0,80.92599379474996,0.125,0.125,0.125,0.125,0.125,0.125,0.125,0.125
82,82.0,81.93313941563908,0.125,0.125,0.125,0.125,0.125,0.125,0.125,0.125
83,83.0,82.9412390802829,0.125,0.125,0.125,0.125,0.125,0.125,0.125,0.125
84,84.0,83.9501163876595,0.125,0.125,0.125,0.125,0.125,0.125,0.125,0.125
85,85.0,84.95960480042187,0.125,0.125,0.125,0.125,0.125,0.125,0.125,0.125
86,86.0,85.96954832390378,0.125,0.125,0.125,0.125,0.125,0.125,0.125,0.125
87,87.0,86.97980201179844,0.125,0.125,0.125,0.125,0.125,0.125,0.125,0.125
88,88.0,87.99023231078566,0.125,0.125,0.125,0.125,0.125,0.125,0.125,0.125
89,89.0,89.00071725676631,0.125,0.125,0.125,0.125,0.125,0.125,0.125,0.125
90,90.0,90.01114653558123,0.125,0.125,0.125,0.125,0.125,0.125,0.125,0.125
91,91.0,91.02142142115885,0.125,0.125,0.125,0.125,0.125,0.125,0.125,0.125
92,92.0,92.04145460396711,0.125,0.125,0.125,0.125,0.125,0.125,0.125,0.125
93,93.0,93.07106992245487,0.125,0.125,0.125,0.125,0.125,0.125,0.125,0.125
94,94.0,94.10001300986931,0.125,0.125,0.125,0.125,0.125,0.125,0.125,0.125
95,95.0,95.12806165844363,0.125,0.125,0.125,0.125,0.125,0.125,0.125,0.125
96,96.0,96.15502482557606,0.125,0.125,0.125,0.125,0.125,0.125,0.125,0.125
97,97.0,97.1807414277395,0.125,0.125,0.125,0.125,0.125,0.125,0.125,0.125
98,98.0,98.20507895540919,0.125,0.125,0.125,0.125,0.125,0.125,0.125,0.125
99,99.0,99.22793194075783,0.125,0.125,0.125,0.125,0.125,0.125,0.125,0.125
100,100.0,100.24922030816401,0.125,0.125,0.125,0.125,0.125,0.125,0.125,0.125
101,101.0,101.26888763574794,0.125,0.125,0.125,0.125,0.125,0.125,0.125,0.125
102,102.0,102.286899354216,0.125,0.125,0.125,0.125,0.125,0.125,0.125,0.125
103,103.0,103.30324090729509,0.125,0.125,0.125,0.125,0.125,0.125,0.125,0.125
104,104.0,104.31791589599334,0.125,0.125,0.125,0.125,0.125,0.125,0.125,0.125
105,105.0,105.33094422686182,0.125,0.125,0.125,0.125,0.125,0.125,0.125,0.125
106,106.0,106.34236028237483,0.125,0.125,0.125,0.125,0.125,0.125,0.125,0.125
107,107.0,107.3522111295128,0.125,0.125,0.125,0.125,0.125,0.125,0.125,0.125
108,108.0,108.36055478064183,0.125,0.125,0.125,0.125,0.125,0.125,0.125,0.125
109,109.0,109.36745851885155,0.125,0.125,0.125,0.125,0.125,0.125,0.125,0.125
110,110.0,110.37299729805179,0.125,0.125,0.125,0.125,0.125,0.125,0.125,0.125
111,111.0,111.37725222635147,0.125,0.125,0.125,0.125,0.125,0.125,0.125,0.125
112,112.0,112.38030913955768,0.125,0.125,0.125,0.125,0.125,0.125,0.125,0.125
113,113.0,113.38225727004769,0.125,0.125,0.125,0.125,0.125,0.125,0.125,0.125
114,114.0,114.38318801478823,0.125,0.125,0.125,0.125,0.125,0.125,0.125,0.125
115,115.0,115.38319380490682,0.125,0.125,0.125,0.125,0.125,0.125,0.125,0.125
116,116.0,116.38236707796449,0.125,0.125,0.125,0.125,0.125,0.125,0.125,0.125
117,117.0,117.38079935293675,0.125,0.125,0.125,0.125,0.125,0.125,0.125,0.125
118,118.0,118.3785804068824,0.125,0.125,0.125,0.125,0.125,0.125,0.125,0.125
119,119.0,119.37579755136468,0.125,0.125,0.125,0.125,0.125,0.125,0.125,0.125
120,120.0,120.37253500588508,0.125,0.125,0.125,0.125,0.125,0.125,0.125,0.125
121,121.0,121.36887336489458,0.125,0.125,0.125,0.125,0.125,0.125,0.125,0.125
122,122.0,122.3648891543542,0.125,0.125,0.125,0.125,0.125,0.125,0.125,0.125
123,123.0,123.36065447332432,0.125,0.125,0.125,0.125,0.125,0.125,0.125,0.125
124,124.0,124.35623671566415,0.125,0.125,0.125,0.125,0.125,0.125,0.125,0.125
125,125.0,125.35169836661339,0.125,0.125,0.125,0.125,0.125,0.125,0.125,0.125
126,126.0,126.34709686880156,0.125,0.125,0.125,0.125,0.125,0.125,0.125,0.125
127,127.0,127.34248455208291,0.125,0.125,0.125,0.125,0.125,0.125,0.125,0.125
128,128.0,128.33790862151528,0.125,0.125,0.125,0.125,0.125,0.125,0.125,0.125
129,129.0,129.33341119778927,0.125,0.125,0.125,0.125,0.125,0.125,0.125,0.125
130,130.0,130.32902940445797,0.125,0.125,0.125,0.125,0.125,0.125,0.125,0.125
131,131.0,131.32479549641522,0.125,0.125,0.125,0.125,0.125,0.125,0.125,0.125
132,132.0,132.3207370242126,0.125,0.125,0.125,0.125,0.125,0.125,0.125,0.125
133,133.0,133.31687702898813,0.125,0.125,0.125,0.125,0.125,0.125,0.125,0.125
134,134.0,134.3132342629962,0.125,0.125,0.125,0.125,0.125,0.125,0.125,0.125
135,135.0,135.3098234309735,0.125,0.125,0.125,0.125,0.125,0.125,0.125,0.125
136,136.0,136.30665544784333,0.125,0.125,0.125,0.125,0.125,0.125,0.125,0.125
137,137.0,137.30373770854774,0.125,0.125,0.125,0.125,0.125,0.125,0.125,0.125
138,138.0,138.30107436609626,0.125,0.125,0.125,0.125,0.125,0.125,0.125,0.125
139,139.0,139.29866661422895,0.125,0.125,0.125,0.125,0.125,0.125,0.125,0.125
140,140.0,140.29651297140606,0.125,0.125,0.125,0.125,0.125,0.125,0.125,0.125
141,141.0,141.29460956315143,0.125,0.125,0.125,0.125,0.125,0.125,0.125,0.125
142,142.0,142.29295040009075,0.125,0.125,0.125,0.125,0.125,0.125,0.125,0.125
143,143.0,143.29152764933522,0.125,0.125,0.125,0.125,0.125,0.125,0.125,0.125
144,144.0,144.2903318971619,0.125,0.125,0.125,0.125,0.125,0.125,0.125,0.125
145,145.0,145.2893524012343,0.125,0.125,0.125,0.125,0.125,0.125,0.125,0.125
146,146.0,146.2885773308871,0.125,0.125,0.125,0.125,0.125,0.125,0.125,0.125
147,147.0,147.28799399426578,0.125,0.125,0.125,0.125,0.125,0.125,0.125,0.125
148,148.0,148.2875890513639,0.125,0.125,0.125,0.125,0.125,0.125,0.125,0.125
149,149.0,149.28734871223858,0.125,0.125,0.125,0.125,0.125,0.125,0.125,0.125
150,150.0,150.28725891990342,0.125,0.125,0.125,0.125,0.125,0.125,0.125,0.125
151,151.0,151.28730551760273,0.125,0.125,0.125,0.125,0.125,0.125,0.125,0.125
152,152.0,152.28747440035607,0.125,0.125,0.125,0.125,0.125,0.125,0.125,0.125
153,153.0,153.28775165083053,0.125,0.125,0.125,0.125,0.125,0.125,0.125,0.125
154,154.0,154.28812365974926,0.125,0.125,0.125,0.125,0.125,0.125,0.125,0.125
155,155.0,155.2885772311786,0.125,0.125,0.125,0.125,0.125,0.125,0.125,0.125
156,156.0,156.28909967315323,0.125,0.125,0.125,0.125,0.125,0.125,0.125,0.125
157,157.0,157.28967887419884,0.125,0.125,0.125,0.125,0.125,0.125,0.125,0.125
158,158.0,158.29030336639792,0.125,0.125,0.125,0.125,0.125,0.125,0.125,0.125
159,159.0,159.29096237571312,0.125,0.125,0.125,0.125,0.125,0.125,0.125,0.125
160,160.0,160.29164586033968,0.125,0.125,0.125,0.125,0.125,0.125,0.125,0.125
161,161.0,161.29234453790016,0.125,0.125,0.125,0.125,0.125,0.125,0.125,0.125
162,162.0,162.2930499023256,0.125,0.125,0.125,0.125,0.125,0.125,0.125,0.125
163,163.0,163.29375423128528,0.125,0.125,0.125,0.125,0.125,0.125,0.125,0.125
164,164.0,164.29445058503612,0.125,0.125,0.125,0.125,0.125,0.125,0.125,0.125
165,165.0,165.2951327975615,0.125,0.125,0.125,0.125,0.125,0.125,0.125,0.125
166,166.0,166.29579546085873,0.125,0.125,0.125,0.125,0.125,0.125,0.125,0.125
167,167.0,167.29643390321763,0.125,0.125,0.125,0.125,0.125,0.125,0.125,0.125
168,168.0,168.2970441623085,0.125,0.125,0.125,0.125,0.125,0.125,0.125,0.125
169,169.0,169.2976229538672,0.125,0.125,0.125,0.125,0.125,0.125,0.125,0.125
170,170.0,170.29816763673136,0.125,0.125,0.125,0.125,0.125,0.125,0.125,0.125
171,171.0,171.2986761749418,0.125,0.125,0.125,0.125,0.125,0.125,0.125,0.125
172,172.0,172.29914709758174,0.125,0.125,0.125,0.125,0.125,0.125,0.125,0.125
173,173.0,173.2995794569819,0.125,0.125,0.125,0.125,0.125,0.125,0.125,0.125
174,174.0,174.2999727858722,0.125,0.125,0.125,0.125,0.125,0.125,0.125,0.125
175,175.0,175.30032705401476,0.125,0.125,0.125,0.125,0.125,0.125,0.125,0.125
176,176.0,176.30064262480292,0.125,0.125,0.125,0.125,0.125,0.125,0.125,0.125
177,177.0,177.30092021226423,0.125,0.125,0.125,0.125,0.125,0.125,0.125,0.125
178,178.0,178.30116083885676,0.125,0.125,0.125,0.125,0.125,0.125,0.125,0.125
179,179.0,179.30136579440148,0.125,0.125,0.125,0.125,0.125,0.125,0.125,0.125
180,180.0,180.3015365964477,0.125,0.125,0.125,0.125,0.125,0.125,0.125,0.125
181,181.0,181.30167495232484,0.125,0.125,0.125,0.125,0.125,0.125,0.125,0.125
182,182.0,182.301782723091,0.125,0.125,0.125,0.125,0.125,0.125,0.125,0.125
183,183.0,183.30186188954968,0.125,0.125,0.125,0.125,0.125,0.125,0.125,0.125
184,184.0,184.30191452046697,0.125,0.125,0.125,0.125,0.125,0.125,0.125,0.125
185,185.0,185.30194274308786,0.125,0.125,0.125,0.125,0.125,0.125,0.125,0.125
186,186.0,186.30194871601577,0.125,0.125,0.125,0.125,0.125,0.125,0.125,0.125
187,187.0,187.30193460449075,0.125,0.125,0.125,0.125,0.125,0.125,0.125,0.125
188,188.0,188.30190255807332,0.125,0.125,0.125,0.125,0.125,0.125,0.125,0.125
189,189.0,189.3018546907169,0.125,0.125,0.125,0.125,0.125,0.125,0.125,0.125
190,190.0,190.30179306318897,0.125,0.125,0.125,0.125,0.125,0.125,0.125,0.125
191,191.0,191.3017196677819,0.125,0.125,0.125,0.125,0.125,0.125,0.125,0.125
192,192.0,192.30163641523774,0.125,0.125,0.125,0.125,0.125,0.125,0.125,0.125
193,193.0,193.30154512379562,0.125,0.125,0.125,0.125,0.125,0.125,0.125,0.125
194,194.0,194.30144751025978,0.125,0.125,0.125,0.125,0.125,0.125,0.125,0.125
195,195.0,195.3013451829749,0.125,0.125,0.125,0.125,0.125,0.125,0.125,0.125
196,196.0,196.30123963658878,0.125,0.125,0.125,0.125,0.125,0.125,0.125,0.125
197,197.0,197.30113224847537,0.125,0.125,0.125,0.125,0.125,0.125,0.125,0.125
198,198.0,198.30102427668857,0.125,0.125,0.125,0.125,0.125,0.125,0.125,0.125
199,199.0,199.30091685931353,0.125,0.125,0.125,0.125,0.125,0.125,0.125,0.125
200,200.0,200.30081101508287,0.12583333333333335,0.12472222222222223,0.12472222222222223,0.12472222222222223,0.12583333333333335,0.12472222222222223,0.12472222222222223,0.12472222222222223
201,201.0,201.30070764512445,0.12738055555555555,0.12516944444444444,0.12405833333333334,0.12505833333333333,0.12615833333333334,0.12405833333333334,0.12405833333333334,0.12405833333333334
202,202.0,202.30060753571064,0.12854369444444444,0.12636469444444445,0.12315358333333334,0.12514358333333334,0.12622258333333336,0.12315358333333334,0.12426469444444446,0.12315358333333334
203,203.0,203.3005113618811,0.12910381987373737,0.12686439876262626,0.12178630785353536,0.12474740785353537,0.12579671785353538,0.12480650987373738,0.1239974189646465,0.12289741896464648
204,204.0,204.3004196918157,0.1296292682987374,0.12734675128762626,0.12044825037853536,0.12435372937853537,0.1253658252785354,0.12645845239873738,0.12373836148964651,0.12265936148964648
205,205.0,205.3003329918387,0.12989603071340153,0.1276975525624015,0.11903875857149243,0.12385512388149245,0.12482360613249247,0.1289818787735126,0.12337817968260358,0.12232886968260355
206,206.0,206.300251631941,0.13003639900370767,0.12875372242649946,0.1175881616927722,0.12327616102867221,0.12419570617306223,0.13128258816751967,0.12293967870388335,0.12192758280388333
207,207.0,207.30017589171365,0.13014342708100674,0.12977961686780143,0.11619689440014778,0.1227124843659988,0.12357879066299592,0.1335234815485316,0.12251689366225894,0.12154841141125892
208,208.0,208.30010596659193,0.1300325099989577,0.13042962064579014,0.11579717883217827,0.12298133335421557,0.12279106162558912,0.13614772754363383,0.12081450101645722,0.1210060669831783
209,209.0,209.30004197431646,0.12883063069839523,0.13161629132048555,0.11539793622615713,0.12320084619243059,0.12196155695802918,0.1394848043755222,0.11908156470743317,0.12042636952154714
210,210.0,210.29998396152536,0.1276165965018685,0.1327548647262393,0.11506080401964203,0.1234314536749542,0.12116044157769934,0.1427031351152761,0.11739616077229159,0.11987654361202915
211,211.0,211.2999319103981,0.12623770707488308,0.13422215923928232,0.11550577521758025,0.12250368409647412,0.12022683154362371,0.14650646478876525,0.11560433384693947,0.119193044192452
212,212.0,212.2998857452796,0.12504071480123263,0.13493545941858495,0.11650000106735837,0.12109246415868684,0.11983312372132893,0.1502790072366282,0.11338445579946269,0.11893477379671756
213,213.0,213.29984533922016,0.12352816612208645,0.1360273174100139,0.11797147098815175,0.11941068399733383,0.11908878877738366,0.15307529324612645,0.11095196342298139,0.11994631603592273
214,214.0,214.29981052037445,0.12189854869159204,0.13689508356106694,0.1192397680181731,0.11761652396319174,0.11823245748201712,0.15700848793200384,0.10846674960096736,0.12064238075098802
215,215.0,215.29978107820958,0.12011514400623235,0.13730171614790967,0.12021155930611455,0.1157112067968064,0.11718017836049305,0.16156941042213502,0.10676431510245285,0.12114646985785626
216,216.0,216.29975676947907,0.11836250614410057,0.13844138336424525,0.121095043903777,0.11450982112019159,0.1171485038752832,0.163727606910445,0.105151659410532,0.12156347527142553
217,217.0,217.29973732392682,0.11566818852783425,0.13930354049470467,0.1218462824843942,0.11326719534846179,0.11709056468160027,0.1661781919351273,0.10414636113101225,0.12249967539686536
218,218.0,218.29972244969056,0.11293357054868178,0.13979416181817592,0.12247040168673094,0.11199929417171223,0.11780481439842816,0.16940730336414644,0.10229707882889989,0.12329337518322478
219,219.0,219.299711838381,0.11086247117604837,0.13978868337619407,0.12336445226481896,0.11058777142042434,0.11950112926266748,0.17184644696972215,0.10035991571356966,0.12368912981655508
220,220.0,220.2997051698186,0.10941461462426368,0.13973736346673427,0.12403738172614315,0.10913265014236438,0.12088722927287236,0.17458970603506677,0.09840136361171883,0.12379969112083672
221,221.0,221.29970211641424,0.10790435963896511,0.13985825314859257,0.12460508903828282,0.10770390700405577,0.122179475713545,0.17688126772558127,0.09649399609386716,0.12437365163711053
222,222.0,222.2997023471862,0.10652058108088949,0.13992642905932506,0.12513475700537266,0.1063755292852441,0.12345614965905007,0.17892650304496038,0.09473358655861142,0.12492646430654705
223,223.0,223.2997055314091,0.10513946909289532,0.13986314748360368,0.12558322621558013,0.10510909755450112,0.12466437495278258,0.18043792561045718,0.09391470996971121,0.12528804912046898
224,224.0,224.29971134189563,0.10353800997526348,0.1398943317313697,0.12582846265222697,0.10389777188062485,0.1258979641078417,0.18218019870445532,0.09330045169927924,0.1254628092489389
225,225.0,225.29971945791453,0.10193768642421751,0.13978875389112563,0.12590447055429238,0.1026958443837134,0.1270212904586467,0.18392406610371398,0.0927557381102755,0.12597215007401502
226,226.0,226.2997295677524,0.10063859756940849,0.1397671955427849,0.12606192636160649,0.10140423858015254,0.12801641578731612,0.18493468660371468,0.09214897108508653,0.12702796846993034
227,227.0,227.29974137092898,0.09923013626979872,0.1403324716381637,0.12664229649632228,0.10005056958393928,0.12879048719180342,0.18577969239162295,0.09149782548211505,0.1276765209462347
228,228.0,228.2997545800786,0.09824957624237024,0.14070557454496502,0.12681129880389766,0.09867458806635669,0.12950666622420873,0.18655379838024436,0.090849687938334,0.12864880979962331
229,229.0,229.29976892251247,0.09720539399602228,0.14088764229200113,0.12777463357820198,0.09739176127396901,0.13004729293591538,0.186830432843476,0.08978140543550162,0.1300814376449126
230,230.0,230.29978414147783,0.096123519882771,0.1409112666557056,0.1283410546099382,0.09678561274213274,0.13044151347804772,0.18748280886126772,0.08873542528971172,0.13117879848042527
231,231.0,231.29979999713186,0.09500798801227674,0.14130261244459216,0.1285363551472031,0.09613841978269039,0.13068346395971,0.18867280273700335,0.08770585676672805,0.13195250114979618
232,232.0,232.29981626724918,0.09394121444632021,0.14157273597575648,0.1286133980881881,0.0959335251320677,0.13080472278514266,0.1898112378552249,0.08673698307241116,0.13258618264488875
233,233.0,233.2998327476823,0.09294997213804479,0.1416704251770696,0.12855875078731904,0.09577902900160483,0.13135238717512884,0.19075109182427288,0.08582770455655339,0.1331106393400066
234,234.0,234.29984925259527,0.0920378108609556,0.14161551801807493,0.12838850969417095,0.09567262697678089,0.1322664351674086,0.19150401469556466,0.0849823449626579,0.13353273962438653
235,235.0,235.29986561449098,0.09124344412470489,0.14153632320639317,0.1281909365989032,0.09564807366728023,0.13312608792182978,0.1921186703501629,0.0842404659944674,0.1338959981362585
236,236.0,236.2998816840522,0.09057259180430091,0.1415638684310429,0.12798268500984242,0.0957117632272599,0.13394491084266077,0.1927960977682889,0.08361347187168768,0.13381461104491654
237,237.0,237.29989732981676,0.09000145522407683,0.1416617622867895,0.12774421059565075,0.09582700083824276,0.13468702610880148,0.19333847244637478,0.08306891041507615,0.13367116208498778
238,238.0,238.29991243770675,0.08952502410774565,0.14172149597841333,0.12747998279789416,0.09609388109863225,0.13535137071393483,0.19375303208506348,0.08260285887047525,0.1334723543478411
239,239.0,239.29992691043066,0.08910109143748793,0.1417079593165169,0.127010475607606,0.09632201931750697,0.13600740841670675,0.19456229038796077,0.08217425794118087,0.1331144975750338
240,240.0,240.29994066677784,0.08870652206294026,0.14163114030027313,0.12632709580042187,0.0964964397445897,0.13655310190858458,0.19589146233487514,0.08178102660867059,0.1326132112396447
241,241.0,241.29995364082254,0.08834169962610341,0.142024224282978,0.1254577278480267,0.0966203162312391,0.1369938018139641,0.19756759520278006,0.08142333336481627,0.13157130163009237
242,242.0,242.29996578105454,0.08799258780602273,0.1423517422166775,0.12454970473029546,0.09675907034455374,0.13735807012806886,0.1994118024210998,0.08112367096881838,0.13045335138446354
243,243.0,243.29997704945282,0.08765956819768492,0.14261582168078135,0.12452574952287429,0.09690944216534933,0.1376495227115007,0.20048444177005906,0.08087884834446663,0.1292766056072837
244,244.0,244.29998742051674,0.08734697557545497,0.14279584509697163,0.12421543513641665,0.09700352575311358,0.1379532124413609,0.2020029523614815,0.08066013259198489,0.12802192104321586
245,245.0,245.29999688026908,0.08707957737747073,0.14291007197121613,0.12464201358036275,0.0970695679925151,0.1381809134734786,0.20330242412059502,0.08047887963033254,0.12633655185402917
246,246.0,246.30000542524348,0.08683068115119909,0.14295119151759814,0.12489291497675585,0.0970846491536913,0.13832541594615438,0.20498091384701456,0.08032062398889073,0.12461360941869595
247,247.0,247.300013061468,0.08609930654954269,0.14390884458676612,0.12487558407444055,0.09693642847891025,0.13826550721918993,0.20672772432386827,0.08005656102063702,0.1231300437466452
248,248.0,248.30001980345543,0.08538722052074019,0.14479963937554435,0.12479529826993954,0.09678904646680012,0.13815076904683868,0.2082272237158821,0.07982845363495497,0.1220223489693001
249,249.0,249.30002567320955,0.08468027812454423,0.14558390087880507,0.12488745217242134,0.09702392085341659,0.13796930881292685,0.20937719648218997,0.07972284738373162,0.12075509529196435
250,250.0,250.30003069925618,0.08396045206997484,0.14625098939241912,0.12476106489413757,0.09751802026922801,0.1377173462452043,0.20998874102068224,0.07962053645443694,0.12018284965391701
251,251.0,251.30003491570557,0.08301630302993063,0.14658132048954414,0.12536229373430954,0.09781623734151693,0.13829213710661653,0.21009192332126547,0.07940990032805825,0.11942988464875855
252,252.0,252.30003836135296,0.08197427274373154,0.14692456758175187,0.12600374404658946,0.09883598816212007,0.1387095760416627,0.2099382816930819,0.07909720117709484,0.11851636855396766
253,253.0,253.30004107882212,0.08093335634282195,0.1471353118496854,0.12640177159436133,0.09975459015336578,0.13904640110167768,0.21040927082942046,0.07877523065252548,0.11754406747614202
254,254.0,254.30004311375612,0.07990086059988594,0.14722041702307723,0.1272068661320102,0.10056904221503171,0.13940772095505882,0.21072590167367905,0.07844580650917074,0.11652338489208633
255,255.0,255.30004451405915,0.07919577811678352,0.14732507166636705,0.12782898906576276,0.10128664896639528,0.13969991466920834,0.2110263011743953,0.07811958745728163,0.11551770888380616
256,256.0,256.3000453291913,0.07881094396178609,0.14735519819783127,0.1283279295312475,0.10285231917466177,0.139035982568999,0.21127309830262264,0.07781288188310866,0.11453164637974314
257,257.0,257.3000456095183,0.07835632227200143,0.14714303510123314,0.12880894915025798,0.10491973459335671,0.1382491014897861,0.2116316369341227,0.07743954860935746,0.11345167184988454
258,258.0,258.3000454057174,0.07783733825162822,0.14670188260151232,0.12899032853137068,0.10736936319902692,0.13734382919133614,0.21209036933997955,0.07710054146738964,0.11256634741775667
259,259.0,259.30004476823945,0.07799942143654191,0.14606720974328957,0.12892734036602158,0.10951879912132732,0.13634795991253976,0.21251284199499967,0.07671121340363636,0.11191521402164398
260,260.0,260.3000437468269,0.07817705822044699,0.14535995591157963,0.1289811461769115,0.1115302514074313,0.13532775890038015,0.2129523624092641,0.0763280606794775,0.11134340629450898
261,261.0,261.3000423900873,0.0783443488149049,0.14458412142888688,0.12892341221043524,0.11337455422313178,0.1342869524971635,0.2135083589187675,0.07594570683182314,0.11103254507488727
262,262.0,262.3000407451208,0.07849737223487066,0.14375048086520503,0.12891748439547956,0.11504641442765874,0.13333264047321233,0.2142006391349813,0.07556575218113148,0.11068921628746109
263,263.0,263.30003885719975,0.0786647215991726,0.14300495556295223,0.12885555622727554,0.11657149418361917,0.13238860427065402,0.2149091597389908,0.07520326380387515,0.11040224461346067
264,264.0,264.3000367694988,0.07885922523262559,0.1423581006464748,0.12877053033044517,0.11796462614945909,0.13146730861238015,0.21579206312435295,0.07486454975787603,0.10992359614638636
265,265.0,265.3000345228729,0.07905924885860724,0.1414242617156296,0.12869724730761636,0.11924174559255231,0.13057611970883015,0.21684310288724984,0.07464575816525705,0.10951251576425759
266,266.0,266.300032155681,0.07924205857482863,0.140493420425624,0.12877096519540465,0.12037383375519242,0.12972303320084563,0.21782259551560446,0.0744502303368229,0.10912386299567746
267,267.0,267.30002970365143,0.07939743684309825,0.13956509582871696,0.12912988995465494,0.12133902088909235,0.12890421197056515,0.21840804106975104,0.0742690374310547,0.10898726601306678
268,268.0,268.30002719978825,0.07953160171776655,0.13865395224092136,0.12961404997741796,0.12216456570298433,0.12813095651254827,0.21892614896798393,0.07410909669477073,0.10886962818560703
269,269.0,269.30002467431353,0.07965842896649655,0.13799318755440396,0.13002179542957432,0.12287015395982348,0.1274109060411702,0.21957573522789642,0.07397434555540676,0.10849544726522847
270,270.0,270.3000221546431,0.0797880583900691,0.13737504583657642,0.130328653185626,0.12344274836476964,0.12674297850951877,0.2203355181490834,0.07386065051170239,0.10812634705265446
271,271.0,271.30001966539334,0.07970262494394142,0.13681906004090305,0.1299217163570454,0.12399667221422292,0.1261453562594963,0.22133228241239222,0.07368492627946271,0.10839736149253612
272,272.0,272.3000172284146,0.07979994009923683,0.13626088087968594,0.1293297772426392,0.1243967192617926,0.12557432220143194,0.22241202632515364,0.07350591138590044,0.10872042260415955
273,273.0,273.3000148628496,0.08014212864963328,0.13598702599837711,0.13023993836436698,0.12494804340695982,0.12540828545455687,0.22202041315299623,0.07277465663356794,0.10847950833954192
274,274.0,274.3000125852126,0.08044886667664834,0.13571873812771212,0.13150608841873107,0.12537782371684852,0.12536410944495965,0.22155789967383752,0.07205214545631705,0.10797432848494593
275,275.0,275.3000104094872,0.08061663010919125,0.13535350044434838,0.13273124973918277,0.12610112579963506,0.12538163557416146,0.2211418411549154,0.07128917795372183,0.10738483922484406
276,276.0,276.30000834723944,0.0809509099798811,0.13499321592642907,0.1329146507987737,0.12680178230028283,0.12541776491427664,0.22158259853561552,0.070544565332867,0.10679451221187429
277,277.0,277.3000064077441,0.08113634230861204,0.13454339790366393,0.13306193351900036,0.12729236789652684,0.125375175299889,0.22276323383201785,0.06972281267669317,0.10610473656359698
278,278.0,278.30000459812084,0.08130867148992688,0.13413272087400085,0.13310410699121614,0.12768524095984615,0.12536326984276958,0.22403831597164625,0.06894095683547083,0.10542671703512357
279,279.0,279.30000292347864,0.08118423618241596,0.1339694112999796,0.13331028885413518,0.12804749111834066,0.12555424613018126,0.22439395499148757,0.06906304452694595,0.10447732689651404
280,280.0,280.30000138706595,0.08101808257916267,0.1340091524867403,0.1333328724980361,0.12831016995922145,0.1257601258813979,0.2248340291192415,0.06921119480573835,0.103524372670462
281,281.0,281.2999999904239,0.08075606779881891,0.1337407159045741,0.1336811518737153,0.12840545059474837,0.12570865374191387,0.22532232891398354,0.06929619590182703,0.10308943527041914
282,282.0,282.29999873354177,0.08044717607767322,0.13439036244008656,0.1344650825809811,0.128403461937924,0.1254790703395183,0.22484746034448108,0.06937785462134394,0.10258953165799202
283,283.0,283.29999761501244,0.0803010160071666,0.13504143849671155,0.13509535089326616,0.12832728988225467,0.125262451360283,0.22439618782128848,0.06947959851697835,0.10209666702205152
284,284.0,284.2999966321859,0.08015287521075809,0.13568950294187304,0.135771766214805,0.12819156431010947,0.12556293290257645,0.2239098155424074,0.0691054387221192,0.10161610415535166
285,285.0,285.29999578132026,0.07995065429239259,0.13660540918333433,0.13644169584138835,0.1279405883282895,0.12579671640532647,0.22342907205774082,0.06871807815366392,0.10111778573786433
286,286.0,286.2999950577279,0.07990967491872818,0.1374943591514433,0.13710262230476256,0.1276297518096321,0.12603170730443458,0.22286161544754093,0.06834319203690785,0.10062707702655078
287,287.0,287.2999944559175,0.0806613740582425,0.13817110623939932,0.1375516046070944,0.12718907678533464,0.12617826539695476,0.22227605739401596,0.0678958837757539,0.10007663174320479
288,288.0,288.2999939697289,0.08135130238160324,0.13872465877511508,0.1378235545443295,0.12668789770582672,0.12667605154058648,0.22182605720884138,0.06743981251687597,0.09947066532682183
289,289.0,289.299993592462,0.08217718459376444,0.1392349884590161,0.13829308652858424,0.1261496766968694,0.1271643414335127,0.22110279500897198,0.06700168045030716,0.09887624682897414
290,290.0,290.2999933169971,0.08294183763378768,0.13964042367827162,0.13882408380539385,0.12557111064209767,0.12746114957638696,0.22024445544096205,0.0670637067346784,0.098253232488422
291,291.0,291.29999313590866,0.0831423810481097,0.13944681833278844,0.1394093548455115,0.12512815055099288,0.12774824028195425,0.21960449036671545,0.06726757659259473,0.09825298798133328
292,292.0,292.29999304157,0.08325262861009716,0.13936874793770015,0.13982590659277905,0.12435527072307234,0.1279580824451558,0.21882680411897834,0.06819624526152555,0.09821631431069189
293,293.0,293.2999930262496,0.08351559512690368,0.13893590800857314,0.1406647249751915,0.1235429744634319,0.12761799050720812,0.21791555846311772,0.06911680700946489,0.09869044144610933
294,294.0,294.2999930821987,0.08417218682741319,0.13831387764148995,0.14216482317516452,0.12193971265435646,0.12721291800677956,0.21699703298086392,0.07001941934437356,0.09918002936955908
295,295.0,295.2999932017309,0.08458134576807731,0.13763293018035538,0.14346290077720564,0.12014871506393741,0.12746611406825759,0.21626176897726343,0.07080474753558025,0.0996414776293232
296,296.0,296.29999337729254,0.08489117769491998,0.1375634995727495,0.1447244842342083,0.11819638201229751,0.1276137313498849,0.21548787442053366,0.07147056361521921,0.10005228710018713
297,297.0,297.2999936015251,0.08513884011894604,0.1374736469076212,0.14613771193362102,0.11628595308947556,0.12774739745696198,0.2146734629652168,0.07210451171593718,0.10043847581222035
298,298.0,298.29999386731913,0.0853448948454784,0.1373674602902457,0.1477068040291373,0.1144365374847264,0.1278692933496327,0.21285891316622568,0.07270810403126005,0.10170799280329385
299,299.0,299.2999941678606,0.08535897660544432,0.1370947605621225,0.14918130624492953,0.11258390460263924,0.1279032105863113,0.21188777969246012,0.0732021737124744,0.1027878879936187
300,300.0,300.29999449666934,0.08531645343686646,0.13680723267265255,0.1506089913349018,0.11080877677797471,0.12792265907743117,0.21106304720392077,0.07365505130294277,0.10381778819330989
301,301.0,301.2999948476305,0.08522121219009375,0.13668632964126481,0.15180428490026482,0.10911996355478026,0.1279283179718684,0.21023038033875482,0.07421941506165722,0.104790096341316
302,302.0,302.2999952150193,0.08520949796426427,0.13750771431636055,0.15295481854550128,0.1076501907957936,0.12703775498187153,0.2086931473947848,0.07485630522822206,0.10609057077320198
303,303.0,303.299995593519,0.0850524345498691,0.13921576231606836,0.1534400977097609,0.1066129012541653,0.12603792455292023,0.20717598348523383,0.07534006462557034,0.10712483150641203
304,304.0,304.2999959782335,0.08524533020366441,0.14074150733840435,0.15392715058592898,0.10562921530713329,0.12499522789584779,0.20575951769825662,0.0757627007720918,0.10793935019867279
305,305.0,305.29999636469427,0.08527041602597586,0.1420308748648534,0.15433458807320866,0.10468581510731872,0.12390675595594415,0.20437020553646487,0.07607343516819026,0.10932790926804403
306,306.0,306.29999674886193,0.08516688636201966,0.14399399293100093,0.15463845258287823,0.10375439458753692,0.12275442702722297,0.20298601447988235,0.07624647952082682,0.11045935250863206
307,307.0,307.29999712712424,0.08496876049674791,0.14566335567117006,0.15472827183298285,0.10285317052497378,0.12156415273574668,0.2017237773809595,0.07630381706054762,0.1121946942968715
308,308.0,308.2999974962891,0.08469923119729525,0.1470734735456336,0.15452890654087192,0.10276336369641088,0.12035762777335257,0.20065128032639643,0.07626436066446185,0.11366175625557742
309,309.0,309.2999978535746,0.08437088135282153,0.1482444116204592,0.15435530723903093,0.10337451066651407,0.11915128970950363,0.19948173036245445,0.07614093154285825,0.11488093750635786
310,310.0,310.29999819659577,0.08397059650340305,0.14918125961331136,0.15481601431467393,0.10350033149851734,0.11795468292326872,0.19878514098001082,0.07593632913424295,0.11585564503257176
311,311.0,311.29999852334885,0.08346915900972686,0.14978104970951917,0.15561541584220848,0.10451771848127336,0.11673979029959432,0.19777384314460203,0.07565473172152558,0.11644829179155008
312,312.0,312.2999988321932,0.08291317035290957,0.15075827523686328,0.15629021873028276,0.10542002983829603,0.11555343236083296,0.19675280627900155,0.07530919660500782,0.11700287059680593
313,313.0,313.2999991218311,0.08234824468501188,0.15124384494489654,0.15697396666312063,0.10689695020108285,0.11444055784831741,0.19568940364825746,0.07494521727772564,0.11746181473158743
314,314.0,314.2999993912869,0.08178673325010792,0.15165048164390796,0.1577269626087367,0.10838879318516306,0.11340651077491803,0.19462888988659865,0.07457140517476789,0.11784022347579962
315,315.0,315.2999996398843,0.08123289252484986,0.152118853252837,0.15840706575094707,0.10987871214953904,0.1124536035511147,0.1935744607439507,0.07419219106204668,0.1181422209647148
316,316.0,316.29999986722305,0.08082279700885182,0.15290309662203833,0.15890339534665293,0.11129195237449932,0.11153358839052625,0.19241223195017962,0.07379287161463646,0.11834006669261515
317,317.0,317.3000000731558,0.0803507188937098,0.15427921260403615,0.15921624415103156,0.11250183849600937,0.11062139138424111,0.1913226979014356,0.0733491245896144,0.11835877197992192
318,318.0,318.30000025776366,0.07990711287093584,0.1555772832178282,0.1594714452199352,0.1136777138093179,0.10979489203967047,0.19033737257620073,0.07291539459174079,0.11831878567437083
319,319.0,319.3000004213331,0.07879527485638584,0.15819947251722682,0.16024022517370987,0.11497625735978032,0.1091247234181843,0.18934480800765396,0.07259241007883029,0.11672682858822862
320,320.0,320.3000005643323,0.07763833119117132,0.16043878301118467,0.16076648326990675,0.11607236713369762,0.10881602309889168,0.18852983719769492,0.07223873577653729,0.11549943932091573
321,321.0,321.30000068738826,0.07649629613784395,0.16291102329744667,0.16111098481225572,0.1170126687498632,0.10855999821485493,0.1878839808396073,0.07187490757624429,0.11415014037188392
322,322.0,322.3000007912647,0.07539210322875232,0.16513671003245184,0.16185161125386885,0.11763736728191784,0.108358713646161,0.18738120696620578,0.07151197294614801,0.11273031464449433
323,323.0,323.30000087684084,0.0743199332393999,0.16753213843526382,0.16239649159120353,0.11810869388552211,0.10820202857419596,0.1870658247952585,0.07114679224276317,0.11122809723639299
324,324.0,324.30000094509097,0.0733022407626667,0.16966175513839143,0.16274319801522066,0.1184970160901544,0.10806554272084398,0.18704818457829994,0.07093685672931693,0.10974520596510585
325,325.0,325.30000099706524,0.07231376673523461,0.1715268918142033,0.16349702791512366,0.11879371462310884,0.1082662131899294,0.1865660640074135,0.07073652047256487,0.10829980124242175
326,326.0,326.3000010338714,0.0713528276232082,0.17312090838069102,0.16415024064424164,0.11900012468898946,0.10846454414167322,0.1861637615844322,0.07054277318378374,0.10720481975298048
327,327.0,327.30000105665823,0.0704525677176996,0.17455450954153232,0.16473252141955103,0.11915003048275044,0.1087040163571747,0.1858769279499583,0.07036556772667957,0.10616385880465404
328,328.0,328.3000010665998,0.06957939630808671,0.17601719391097653,0.1652931700542091,0.11921518106876383,0.10892884083112284,0.18562261288721404,0.07019155906169278,0.10515204587793414
329,329.0,329.3000010648812,0.06876348392190534,0.17731139833384885,0.16585900379718171,0.11922832191732624,0.10918058789903733,0.18543445443110596,0.07003004359709801,0.10419270610249651
330,330.0,330.3000010526856,0.06804504810161638,0.17848496797925378,0.16618262439003892,0.11924413403488754,0.10946761479019881,0.18513016763534906,0.06989953007722388,0.10354591299143154
331,331.0,331.3000010311828,0.06740264442995234,0.17950990895016236,0.16658337910601537,0.11922442993560997,0.10977408269393044,0.1847501719118401,0.0697887828833565,0.10296660008913291
