,Unnamed: 0,Generation,Intertwine_two,Add_vertex,Delete_vertex,Invert_path_vertices,Insert_inside_vertex,Delete_inside_vertex,Replace_inside_vertex,Donate_between_routes,Trim_one_terminal_cb,Grow_one_terminal_cb
0,0.0,0.0,0.09999999999999999,0.09999999999999999,0.09999999999999999,0.09999999999999999,0.09999999999999999,0.09999999999999999,0.09999999999999999,0.09999999999999999,0.09999999999999999,0.09999999999999999
1,1.0,1.0,0.11706105408231626,0.09027290918065448,0.09581061329788457,0.11268536104366837,0.1005097829915316,0.08943773863815566,0.09764713695742018,0.08199516192061308,0.11299552022216681,0.10158472166558852
2,2.0,2.0,0.1122005729479072,0.08890172244603084,0.10858165410600704,0.10232627344288199,0.09121816193559237,0.10387741162236366,0.09293436268162325,0.07803218101951828,0.10734263613243411,0.11458502366564079
3,3.0,3.0,0.10170181707664708,0.10743091655236067,0.09667819181726015,0.09704836765483767,0.09054478113814142,0.10325280581979364,0.08923669854881203,0.10680375474574459,0.10703011968340752,0.10027254696299481
4,4.0,4.0,0.09790661213101146,0.09218574832072116,0.10421701672776718,0.10010383057744969,0.09423426320337139,0.10428897629738547,0.08968816798058746,0.0964914587649372,0.10741050684498246,0.11347341915178606
5,5.0,5.0,0.11152340681713187,0.09694790477069545,0.09286781570101801,0.11112714920412822,0.09162026395983804,0.10729102016058971,0.08174367700936398,0.08504603236075464,0.11199156975518391,0.10984116026129571
6,6.0,6.0,0.09567708101852049,0.10446379745811721,0.0993024262376215,0.10314851692337738,0.09163191402996118,0.11455547076531396,0.09819478820457457,0.08176609364799002,0.11225714225419195,0.09900276946033126
7,7.0,7.0,0.09983677834139455,0.08826553122854747,0.09381139679795938,0.10603034146359547,0.0985475009971428,0.11296151918597,0.08180081945059339,0.08048636182124043,0.11994518054784672,0.11831457016570937
8,8.0,8.0,0.10632922877088255,0.09990967194633596,0.0944205652489183,0.10479824936437424,0.09956651147491025,0.09760818552049756,0.08391131962729684,0.0805953911730093,0.1116000091729495,0.12126086770082503
9,9.0,9.0,0.11482916098184763,0.10310106680689064,0.0893542062922838,0.10104789290193497,0.08022834121446906,0.10278329022713861,0.07895255893373385,0.09412940110626337,0.12138995620946032,0.1141841253259773
10,10.0,10.0,0.10461173965903281,0.09407559283809028,0.09185241753685172,0.10459723872032431,0.1116963198835583,0.08684054363208094,0.09051504900644863,0.08727746849075611,0.10875884867250182,0.11977478156035452
11,11.0,11.0,0.11387481453677044,0.09748045700024555,0.10178251254440118,0.09610132975021744,0.09151174858242055,0.09806870814943763,0.08524201859102952,0.07602667314220234,0.12234491493385438,0.11756682276942035
12,12.0,12.0,0.11089945040531309,0.09848275896030435,0.09961938095609219,0.10248525091002755,0.0968363223632555,0.09790047473059574,0.0886621228829979,0.08165170119931417,0.1090984331668727,0.11436410442522633
13,13.0,13.0,0.10149995398015818,0.10770162632989097,0.10836598460729921,0.0985490965149884,0.08841535256101578,0.0975419884014146,0.09571116653465464,0.07895231505766023,0.12087553164048954,0.10238698437242792
14,14.0,14.0,0.11780637695798171,0.10177039156627563,0.09930886513385913,0.09276347685271581,0.08865341925851866,0.10750392288591752,0.0966976090234404,0.08210187260039101,0.09668574575907912,0.11670831996182052
15,15.0,15.0,0.10440077054103425,0.11041414507169464,0.08477158140821552,0.10962993546176858,0.06908252855778844,0.10665045303061345,0.09166862123800668,0.0823732895295054,0.11298727850820034,0.12802139665317222
16,16.0,16.0,0.0984973195074863,0.09633007014404825,0.10605535577391789,0.11233842727820316,0.08216490775321264,0.09687733805371142,0.08697027963272157,0.07405219302345054,0.12348632976697935,0.12322777906626847
17,17.0,17.0,0.11284204993600126,0.09840843199530519,0.08324492206983855,0.10407035418339103,0.09818244667891957,0.10194268978766277,0.0848410251071634,0.07256405986532662,0.12410518969470088,0.11979883068169024
18,18.0,18.0,0.11192670722781098,0.10408628956313078,0.09711518406824021,0.09765684596545017,0.08650366137146706,0.09126541976305223,0.0885644347142903,0.08159671621278038,0.11938197150530525,0.12190276960847224
19,19.0,19.0,0.10912383163835104,0.09561662193457207,0.09668494608576107,0.1265675774305841,0.0678262176012134,0.0919469508640104,0.09816036381286239,0.08341187642720391,0.12761411988249513,0.10304749432294598
20,20.0,20.0,0.09093754925514315,0.10240244458599956,0.0970514595073863,0.11480856563783193,0.08481232557070138,0.10077601535026812,0.08933177447715804,0.0646367881927303,0.12843198957506435,0.12681108784771639
21,21.0,21.0,0.10817235585629234,0.10916457210549484,0.10365883605222848,0.08872095971165231,0.10280620962235035,0.09702536614741866,0.08982271848264572,0.06100655739239317,0.11671877339567505,0.12290365123384864
22,22.0,22.0,0.11665229901044341,0.10801051897938349,0.10097319374598175,0.1212760159675291,0.07420867238055107,0.09940734981821406,0.06188890224451361,0.07423046109481327,0.13142500918187477,0.111927577576695
23,23.0,23.0,0.09467206522765867,0.0893691565950275,0.11151900757609204,0.11388888361933838,0.09344988062785904,0.11333169018624958,0.0848625771005757,0.07237163755936919,0.12569461467186088,0.10084048683596855
24,24.0,24.0,0.10331804472930559,0.10445751139067753,0.09565539331323876,0.08741999824013794,0.07969269512939828,0.10150535543718704,0.08765372279763352,0.10164017437618918,0.12878923165783115,0.10986787292840057
25,25.0,25.0,0.11239801959757208,0.08953182684331597,0.11438038993340002,0.10670406046312293,0.07813898689044158,0.10131798407834296,0.07630521326675375,0.07791998494940469,0.12268975252610785,0.12061378145153774
26,26.0,26.0,0.11355043758628143,0.08877316838809277,0.10948989513528584,0.1065304495151455,0.09003541469969578,0.10297906555470784,0.0795467859892712,0.09207144308624406,0.11419245715706919,0.102830882888206
27,27.0,27.0,0.10353631072314262,0.09032638433850368,0.11378814602035785,0.09660423420569307,0.1000409156638455,0.08627925333561709,0.06271150369060699,0.07038882511391217,0.15141838894109091,0.12490603796722972
28,28.0,28.0,0.11487456125768339,0.10860253243027304,0.09875198980093783,0.09627549097047686,0.09162974934293198,0.11179796215871698,0.07730216529181023,0.08146887196305738,0.10181523026406895,0.11748144652004289
29,29.0,29.0,0.09469400228866624,0.09063835491790598,0.11714347408064821,0.08937800549597771,0.08360790970738022,0.11813065743010549,0.08193099051842623,0.0687294104426846,0.13222441869791535,0.12352277642028957
30,30.0,30.0,0.11139986736941487,0.09911579158263564,0.09948952592701192,0.09959243202850357,0.08296033417144724,0.10957528371894036,0.0859998308744529,0.08270317792077365,0.11257500858019956,0.11658874782661977
31,31.0,31.0,0.10546976363791583,0.10527694580091458,0.1005327910282567,0.10935737913441623,0.07542019136287487,0.11217660368423099,0.06500399310363755,0.07592152603211173,0.12407122691915169,0.12676957929648933
32,32.0,32.0,0.09634348723914629,0.08571093768060035,0.10892884354845205,0.0947049461843675,0.09372850880748698,0.12378605909987903,0.08706138857935306,0.09191436645986809,0.11927467936049532,0.09854678304035089
33,33.0,33.0,0.1127055440935906,0.10444309711504515,0.11593581205460761,0.10480854025657574,0.0708156002531051,0.09113319179473829,0.07914634112038388,0.07264026291406986,0.12710887428026113,0.12126273611762213
34,34.0,34.0,0.10164603128981813,0.0853284081722838,0.11926693575074258,0.10253257252866192,0.08253894334391243,0.1199385824677391,0.07401219008531876,0.06995242969885235,0.11641479440977902,0.12836911225289152
35,35.0,35.0,0.1343574378986476,0.08922701995335372,0.11172475412584618,0.09527871055853677,0.08297467702727383,0.11830227681545671,0.08362777131526265,0.048287953565397834,0.11654229132039433,0.11967710741982995
36,36.0,36.0,0.0973253159254563,0.12537545827544702,0.09864948676455483,0.08529479739003658,0.07412197200500266,0.09352177515696361,0.0884951207982863,0.08243396082053886,0.13902836009871028,0.11575375276500315
37,37.0,37.0,0.09120836672712031,0.11781472616544804,0.11093865737330999,0.1240392686943083,0.05615415219576916,0.12332224983160726,0.07468402017732567,0.07446570621700972,0.12175550704591001,0.10561734557219116
38,38.0,38.0,0.08423592650950514,0.07667466576470648,0.11851666664243539,0.11483773059353526,0.07962302917718131,0.09622861806918948,0.08674276090781574,0.06298751417881816,0.1480557791550276,0.132097309001785
39,39.0,39.0,0.09613520444833887,0.09102751275921837,0.12050790772407441,0.10022027726311196,0.08078706512229243,0.11327939421472441,0.06891686166577399,0.07877407858908801,0.12679447163369686,0.1235572265796802
40,40.0,40.0,0.09977504892135278,0.11624910613807116,0.1259085576089431,0.09757143089100216,0.07523332087457534,0.09316108316040153,0.09107335618314158,0.0671209601316358,0.11599148874522588,0.11791564734565027
41,41.0,41.0,0.08987962191957019,0.08958500495664165,0.09408838431726393,0.10588787249916135,0.0775014010630521,0.10494606863272568,0.08467338383331584,0.0844797752762255,0.13755283878610397,0.13140564871593935
42,42.0,42.0,0.10233173178585105,0.11521197481874568,0.09807149475331975,0.10504808863862256,0.06880134721962258,0.13433496981363488,0.050489134872719096,0.07028763313106644,0.13657964548728613,0.11884397947913146
43,43.0,43.0,0.08292368374724221,0.10040039153608085,0.09656480981210416,0.10597898344296344,0.08492957967554807,0.11704459407727023,0.07935452756071373,0.07670615987650933,0.12327437101979488,0.13282289925177268
44,44.0,44.0,0.139113722141958,0.09050089778335815,0.10073527260709252,0.09572506902988263,0.054333152203834445,0.09117124716367052,0.08338615477301306,0.07545883179083045,0.13305965336123118,0.13651599914512874
45,45.0,45.0,0.09127814630254191,0.07711321736075402,0.11122735330866532,0.10224990203930107,0.07777291508084036,0.128793678539268,0.058131493381080965,0.05138110031712022,0.15939449076500087,0.14265770290542695
46,46.0,46.0,0.10173134662854748,0.10246514568375158,0.1048396228962178,0.09285843317464489,0.09554679649528935,0.09057380612013857,0.0877214287935179,0.04978863621740702,0.15703580851660381,0.11743897547388123
47,47.0,47.0,0.08988725957656062,0.1077618049729204,0.10314972212883818,0.09166295024610646,0.08807884200657053,0.09520964804497967,0.09045592019022092,0.06171730045209569,0.14325792870133985,0.12881862368036717
48,48.0,48.0,0.09668539758127838,0.11347920123834458,0.1041934252577547,0.09066867031397832,0.08280553683470358,0.11653154624084909,0.062328788068079774,0.06559605967747906,0.13758489551335656,0.1301264792741755
49,49.0,49.0,0.10861202705820554,0.10912658688027224,0.136497650466511,0.0862993673611405,0.07668789108097282,0.09558008192772413,0.06757912620725932,0.052884768680900876,0.12794922649421345,0.13878327384279973
50,50.0,50.0,0.09740785495032273,0.12155566084346212,0.10779022720785805,0.10565817211821157,0.06176345018394719,0.11512325470574951,0.07040738477192197,0.064293751996164,0.13082158011286069,0.12517866310950174
51,51.0,51.0,0.09076396755259925,0.10137471544920709,0.12028469081262476,0.11673713877508232,0.07574830788509831,0.1087491204504308,0.056910643783425044,0.060903880454825934,0.1410268130461552,0.12750072179055097
52,52.0,52.0,0.10157344773619115,0.11125199583088982,0.11272677559481521,0.11304091214156545,0.09419189312577361,0.10253482989185536,0.07414101221930725,0.056243600270887796,0.1283157182294558,0.1059798149592581
53,53.0,53.0,0.12484018913969604,0.1121614838843928,0.0989949562573385,0.09898673596241964,0.0656757017232796,0.1307933194363842,0.053947043707663546,0.0617549355274196,0.14374687807306707,0.10909875628833861
54,54.0,54.0,0.09238917703099489,0.10604136861870224,0.11494566023439715,0.1019628890215875,0.08508384786957689,0.10538563493849314,0.06324127158312125,0.07482870420138331,0.15005328090901432,0.10606816559272894
55,55.0,55.0,0.09130927444024833,0.11211648206597273,0.1164699880692774,0.10205452207012536,0.09285723372642717,0.11192757827746366,0.0763747621492376,0.042728971337082894,0.13581956934970113,0.11834161851446337
56,56.0,56.0,0.1199289264760981,0.1204360274655275,0.10288465493278476,0.11881740586697682,0.09144485668772308,0.10746066003367805,0.07085870474088019,0.06454115155610365,0.11501077227861697,0.08861683996161034
57,57.0,57.0,0.1271151235816986,0.11780643694835354,0.11742150199182033,0.11093031205566342,0.07767586810003971,0.09521974681978543,0.07044270658467458,0.05502270867168184,0.12496569101607728,0.10339990423020487
58,58.0,58.0,0.07797040852462933,0.11162796689345116,0.07971495961098132,0.090467175938556,0.08450719214530181,0.13004254121608433,0.08208209939961869,0.07050355577926001,0.14449411782067548,0.12858998267144145
59,59.0,59.0,0.10047901013259368,0.09230800688437543,0.11795214848519746,0.08681083533058667,0.10740719133506627,0.11596726259711787,0.06916239644265945,0.08130733272836996,0.1070407084858425,0.12156510757819025
60,60.0,60.0,0.10594273610536172,0.11213960473165807,0.09243586773083438,0.08833776925169108,0.07537892059631887,0.10387435224532149,0.0889602015694265,0.0772256906950177,0.13046735360894587,0.12523750346542398
61,61.0,61.0,0.09093050914485021,0.12259742778714074,0.0997945414029299,0.10968425718509822,0.0926420868474905,0.09898207878969112,0.05765836938400565,0.07908261014485495,0.12440132349952668,0.12422679581441162
62,62.0,62.0,0.0811140382577984,0.11276794135228593,0.10058018429854354,0.12861788466810922,0.0754141672650985,0.09536794520986479,0.07694556198109798,0.06617576879149353,0.1446224833497648,0.11839402482594294
63,63.0,63.0,0.09387160813393686,0.11935982067308193,0.1266515915691348,0.09686443386674458,0.08887029348782173,0.10564989418635354,0.07717694241022208,0.06224498118965843,0.11462240672246544,0.11468802776058026
64,64.0,64.0,0.08652684103354845,0.09348391808509457,0.11998280532148171,0.10337037479034532,0.07821742288335087,0.10055770080675035,0.09386828532182706,0.04675894664446956,0.12811930750729844,0.14911439760583325
65,65.0,65.0,0.1441935597148567,0.0822381136288796,0.11292664241966248,0.09478542207008103,0.07484381053519101,0.093195666306184,0.08133179343345767,0.052206352068817574,0.1461263068892656,0.11815233293360392
66,66.0,66.0,0.10819206367706624,0.09974662785659485,0.09556039940475966,0.09420916907437339,0.08171160476489511,0.08631563885865406,0.0799413633565671,0.06075703234214345,0.16272141586004926,0.13084468480489658
67,67.0,67.0,0.085679621354573,0.13681329291767724,0.1080923269796428,0.08769749406743248,0.0663945423300737,0.10984343625695041,0.08163825174155798,0.05577457179295733,0.13113138674070818,0.1369350758184265
68,68.0,68.0,0.09695681272375298,0.1131293449556183,0.10025392526208635,0.10421455594310683,0.0733538020920714,0.1116351358063091,0.06717765578499654,0.07848744925676314,0.1290668770623079,0.12572444111298708
69,69.0,69.0,0.1008766452347476,0.09770540774076268,0.12026422524945543,0.11556739190741587,0.08089794136392052,0.0850722676318171,0.05570614123746267,0.06636099568810293,0.14394791348539002,0.13360107046092473
70,70.0,70.0,0.1039322922839205,0.11615043363730053,0.1283979282140954,0.09150539682593514,0.07089510363207632,0.09439878652359135,0.076873006383132,0.05030550195181963,0.13949980496086095,0.1280417455872678
71,71.0,71.0,0.11796445718363162,0.09816452663980677,0.11618865432967737,0.09780542713596364,0.08441328184175009,0.12530474209143602,0.06419945404627846,0.046006828156870315,0.13743794411889199,0.11251468445569332
72,72.0,72.0,0.07075883890625814,0.11984313084494078,0.13428310994931208,0.10464803830855833,0.07497349154782393,0.11562845926202456,0.06396794853673685,0.06925819510195502,0.1488652345044949,0.09777355303789506
73,73.0,73.0,0.13667056073050504,0.10916325583335369,0.14296466150254264,0.08104309684684828,0.06151820112466112,0.10701276702938903,0.05042745506414394,0.05770666570482998,0.1482079646852627,0.10528537147846326
74,74.0,74.0,0.11601044055481077,0.09248492175746634,0.14809730090127354,0.09509320905018136,0.06576071241953196,0.084667739746409,0.06024001784441576,0.07594831374217585,0.1256521365111976,0.1360452074725374
75,75.0,75.0,0.10195606549723926,0.10301283882328612,0.08949754060762848,0.07408327155518594,0.05992626921203339,0.09236635940461932,0.10578563694378999,0.0872146520140845,0.1575290504934386,0.12862831544869396
76,76.0,76.0,0.09122435685260126,0.14693788242292014,0.12847394983026722,0.07898146543032261,0.05884043464705063,0.11476882973576821,0.056655100019404644,0.04904449378857808,0.13918074874340017,0.1358927385296866
77,77.0,77.0,0.10762146179606055,0.10846736057898243,0.12191216052011611,0.07916270678408137,0.07072198712076341,0.12508791545729564,0.06091319659542912,0.06292223226864022,0.15078654501917302,0.11240443385945773
78,78.0,78.0,0.10210100726968192,0.11949804844954323,0.12119250906641861,0.07762699958975883,0.09124056831746793,0.08131698892821772,0.06162697994357073,0.05896903294067616,0.14455566782092608,0.1418721976737384
79,79.0,79.0,0.11224581404338607,0.09901691141434794,0.1011587932831491,0.10989108500301795,0.06728173003712089,0.12259071168245417,0.045456407003591395,0.08919124635424461,0.13111468116629618,0.12205262001239134
80,80.0,80.0,0.10139257541919455,0.11575510872807963,0.12494214343948754,0.08274639074083498,0.07398485649678499,0.11125954062736698,0.07927611064536311,0.05323603898299576,0.12973019927303353,0.12767703564685864
81,81.0,81.0,0.11311474626241262,0.09587257540761243,0.08708360296900956,0.10469364240061214,0.06411613654166733,0.10524693810667303,0.07891434660918208,0.0665685821707452,0.1611574473827904,0.12323198214929487
82,82.0,82.0,0.10787777397756768,0.08747116778831186,0.10633884826272125,0.11703503392161521,0.09011304996005659,0.12043999649271642,0.05748729337964729,0.062037778197711516,0.12690302375661103,0.12429603426304088
83,83.0,83.0,0.09277265184874799,0.09179719837268015,0.1367943781653605,0.1153653396008194,0.09546708027593305,0.10351795101129842,0.06020803597962142,0.04797779928602434,0.13483244363162533,0.12126712182788908
84,84.0,84.0,0.08822055765587286,0.10214138375175678,0.11282327775813838,0.08388308726580054,0.05988969488746809,0.10715988339439941,0.07602363503316564,0.0694477694302866,0.14354266363357754,0.15686804718953376
85,85.0,85.0,0.07921443839636841,0.08583180284638746,0.11403612643732204,0.08981996465360839,0.0599706865101289,0.12832858742297565,0.09181426960203025,0.08531931955289278,0.1325324864926457,0.13313231808564005
86,86.0,86.0,0.12037037205980554,0.11409649088274285,0.10820592633629773,0.11244215285737047,0.05170452045912993,0.11482808800107072,0.07341743070325132,0.057034432750316014,0.12915673300081226,0.11874385294920282
87,87.0,87.0,0.10876054066644902,0.12643682734813505,0.12695090772620424,0.08615084891802063,0.06159415157485341,0.1085325188434468,0.048472463380955635,0.037807746234161235,0.17437042679035555,0.120923568517418
88,88.0,88.0,0.09933800143517804,0.10171463804950642,0.1635826039132959,0.07658327655752477,0.04684507013500605,0.10072373311969844,0.03529543210131945,0.07603408178502986,0.15721433796339182,0.1426688249400489
89,89.0,89.0,0.07361636212190403,0.10065243949056131,0.13801781931070195,0.10805295487389648,0.05827587206876459,0.10056472420370448,0.05907237004505532,0.05997299193866638,0.1700442267837645,0.13173023916298068
90,90.0,90.0,0.0739397610994508,0.10213397972387468,0.1457611880476101,0.07079127569053602,0.07759117655266926,0.11200552431129818,0.04260252367552819,0.06864664113046319,0.1654208569081857,0.1411070728603836
91,91.0,91.0,0.07296559373077519,0.1477930379514668,0.12238806529407778,0.07606234337766124,0.054037458929934966,0.1322435938040877,0.05528788623417191,0.06709602105268112,0.1544061047569691,0.11771989486817391
92,92.0,92.0,0.09813403527108473,0.09696786439823556,0.14398804183457986,0.09047961114089566,0.05252697853311171,0.1186032741376724,0.043792904330784345,0.047227360761220284,0.14878431212221724,0.15949561747019786
93,93.0,93.0,0.12388975006093524,0.080637705569907,0.11437442135057437,0.11381208638940113,0.0613651562448639,0.12261417570359581,0.06610534847010598,0.04755551700391928,0.13193528838178836,0.13771055082490857
94,94.0,94.0,0.10122462407040678,0.11357795211634007,0.12048194818323252,0.07047495013867364,0.07927893265298142,0.08938802937239773,0.0804330353702587,0.05718635306095503,0.1557484368516327,0.13220573818312106
95,95.0,95.0,0.07867858187604579,0.09495989458833996,0.11102695959841327,0.0835262668082691,0.050646350515839954,0.1409301055905055,0.061150145979604775,0.06933564476060874,0.16454031898998367,0.14520573129238895
96,96.0,96.0,0.09121129024376418,0.07553356064793368,0.06974846244873203,0.12139151617424992,0.06834876731831657,0.12528490808244216,0.05768321945826353,0.05957683892982348,0.18588616756583037,0.1453352691306438
97,97.0,97.0,0.09026428042388136,0.08406957085708303,0.12906523546608,0.10252497341940411,0.054339743316602164,0.09842012433380598,0.06322259803145894,0.0726018658768556,0.14930351615464646,0.15618809212018217
98,98.0,98.0,0.09859611341544643,0.12422017813952839,0.12078622729711894,0.08758013404875295,0.06312913260851177,0.08995866686273613,0.057562829540779736,0.07464501358000067,0.15912487167462738,0.12439683283249728
99,99.0,99.0,0.0969134528697176,0.13438739219469395,0.09547697231519209,0.08668292343036052,0.07709709935132059,0.08752008054374469,0.054908438818061525,0.06031569385633828,0.15431022447122647,0.15238772214934387
100,100.0,100.0,0.09617566847858369,0.11788305318423395,0.11552805040451866,0.0681579966437377,0.08250068129637679,0.13465512316469236,0.04297054636898394,0.04644115870137563,0.1676964444899714,0.12799127726752557
101,101.0,101.0,0.07420499754433946,0.0974515825489766,0.14217201761552906,0.07139627084799163,0.05918009145563495,0.12406233941572069,0.0545790719956498,0.07373437887956144,0.15820103782380207,0.14501821187279407
102,102.0,102.0,0.10154655188502204,0.10012026593338183,0.13214501175879934,0.09165546268450045,0.08787545419736331,0.1172472772841465,0.0679787752354101,0.06305072908618167,0.14123474261161673,0.0971457293235777
103,103.0,103.0,0.08233935414209556,0.10161518056550337,0.13553620437387118,0.08977980476869274,0.051015433223385795,0.12248392620161726,0.07869645227774527,0.05266033517746545,0.13785036209061138,0.1480229471790116
104,104.0,104.0,0.11496410982821056,0.0983560941546824,0.12993018434435027,0.08000371614376514,0.08480663641390615,0.10250864783148668,0.08737129255844914,0.07164898084159253,0.13802085367678574,0.09238948420677104
105,105.0,105.0,0.10900243083923064,0.11131297200226176,0.1160198912367307,0.10592562300815891,0.10412154556251363,0.11105986422488154,0.052590588474370745,0.05123969966921475,0.1272145804421151,0.11151280454052186
106,106.0,106.0,0.11360480299072206,0.08081219463304878,0.10444982474657014,0.11333535644222122,0.08807332792355241,0.09353968814484179,0.07596484355272627,0.05499396828557205,0.1461794417068709,0.12904655157387407
107,107.0,107.0,0.07719288278320302,0.11415505245479232,0.13037469477261274,0.09002306336520834,0.05649485872700596,0.11581926199747512,0.04593101154962367,0.08135687643239851,0.15569564640570868,0.13295665151197136
108,108.0,108.0,0.10596771897761288,0.0824424378772926,0.15669982668699894,0.10002636012006479,0.07365645743440068,0.09318535575911005,0.06015246984126408,0.04293407153838906,0.13675922772743282,0.1481760740374339
109,109.0,109.0,0.07044036878947432,0.10106644046545296,0.1356893717661844,0.09951398789756606,0.04705842988614692,0.10099970007316743,0.10977146205367974,0.04537993684007476,0.16977812338764184,0.12030217884061126
110,110.0,110.0,0.08428464693848811,0.09013184496325763,0.10423069579225705,0.07848429806193039,0.07542896809430348,0.09059614788293767,0.07893031661183189,0.07573728343596228,0.17342352734347105,0.14875227087556014
111,111.0,111.0,0.11095511835334874,0.07436644157297977,0.13428104733691826,0.11499252007315833,0.05612080662744544,0.08016508345321234,0.08360020394076614,0.04916310866726288,0.14286360272511126,0.1534920672497966
112,112.0,112.0,0.06624044924326238,0.10093322934980345,0.1700923359181134,0.10602851262043975,0.0653219901990707,0.10643495406743264,0.062433968585856994,0.054416161526630626,0.12147609427979467,0.14662230420959513
113,113.0,113.0,0.057455913160729344,0.10426951173752738,0.12959392972538963,0.10793265955370476,0.03730157102680727,0.162740632897804,0.06506750284225601,0.030000000000000006,0.13831662881423845,0.16732165024154286
114,114.0,114.0,0.06823677354496573,0.1298321647820628,0.16170165316639434,0.10815545110505527,0.0546029757636339,0.0975445441673894,0.06382249307513473,0.030000000000000006,0.1527892502460977,0.13331469414926583
115,115.0,115.0,0.07227212149741016,0.09487862255681886,0.14262120007648602,0.08771750696312815,0.05608450787476377,0.08037097964157733,0.07524994838175281,0.053365397173887164,0.15073329310531652,0.18670642272885896
116,116.0,116.0,0.09243516093795924,0.08971346944512296,0.10789343611704665,0.09727692123937445,0.07170422852991967,0.110998331388988,0.055496496262446994,0.08737267479352873,0.14018985408988474,0.1469194271957282
117,117.0,117.0,0.1135621586891448,0.0945952567735639,0.17874169423300784,0.09315994881461134,0.04831583665036053,0.10894909773938413,0.04764127677896838,0.03912674012630029,0.13043378441323122,0.14547420578142722
118,118.0,118.0,0.07616609178598774,0.133350810153227,0.1322351384915455,0.09679487603050232,0.06767294857467421,0.09865572015888462,0.0675302024142275,0.04203228606766415,0.165105564464017,0.12045636185926971
119,119.0,119.0,0.07590009591756643,0.10442454637522643,0.1349588320076995,0.11239377331720604,0.06057473333475668,0.11080137990250741,0.07916827980874411,0.04081206552063588,0.15362312343153198,0.12734317038412532
120,120.0,120.0,0.10846715688578874,0.0920291436420703,0.13627647546953375,0.07742610609754355,0.08760039812214493,0.12279636258717339,0.0433344831389864,0.06204765513962117,0.14542746929805614,0.1245947496190813
121,121.0,121.0,0.1140330717500099,0.10680969975525192,0.13998593619713867,0.06689434375417477,0.07382470430212022,0.12081908851236374,0.06832161117974242,0.060420815709834784,0.13058757914548014,0.11830314969388316
122,122.0,122.0,0.09800495735957657,0.09962993900427133,0.10939976376575526,0.08185910639429078,0.06548117036403843,0.09393104202284665,0.06278590798178327,0.09001317711171984,0.18332418683055912,0.11557074916515846
123,123.0,123.0,0.09107397745267737,0.1232572732228429,0.12179022347102963,0.10795380567201489,0.06625683586506058,0.08555551146800015,0.04895263329426638,0.05286778165879245,0.17346805488056316,0.12882390301475208
124,124.0,124.0,0.12290663770005499,0.10546228791379746,0.1319653059374322,0.08224889349235742,0.05496322946541534,0.09526598815328333,0.04660135759559875,0.06769012973363112,0.14464495527450158,0.1482512147339275
125,125.0,125.0,0.08120494423610342,0.10941559823948792,0.13307734994047304,0.06886961638315921,0.04640848068621416,0.11996916460363591,0.07640535072577634,0.059965997507625615,0.17515610613416532,0.1295273915433588
126,126.0,126.0,0.06607676644228828,0.09967556254883755,0.1392152288906206,0.09664725827316681,0.050496412036805605,0.12936329320510725,0.055665500752505634,0.061827428429892896,0.1480521847591005,0.1529803646616746
127,127.0,127.0,0.05354765431992364,0.16897352125822454,0.11194210628739372,0.0948448401121751,0.07670351776254372,0.08427794038676548,0.052244654709469464,0.0741322463877283,0.14222552947465888,0.14110798930111687
128,128.0,128.0,0.06720053266038728,0.08688537657474667,0.12573719860376537,0.104198439364377,0.050427941187499506,0.1353153720886152,0.09569332033435209,0.0523146918945804,0.16536144362567856,0.1168656836659977
129,129.0,129.0,0.07482694836702734,0.09888274158376109,0.12961419892178352,0.09450589828207087,0.030000000000000006,0.12231927463521863,0.07963273056092963,0.07200809340000268,0.1777573185930934,0.12045279565611249
130,130.0,130.0,0.10707525872950367,0.11053488232067368,0.14218887736115085,0.0908090913577434,0.03825058393723424,0.10592265950077659,0.057930352269905394,0.04372192676346752,0.15803738622337365,0.14552898153617072
131,131.0,131.0,0.10209190768333957,0.12229383812267366,0.11530434047006152,0.07760452385544617,0.036965117208871565,0.13258027992415194,0.0468986745131113,0.05283897121519976,0.16745232859206138,0.14597001841508278
132,132.0,132.0,0.10674732976185508,0.10663055857496143,0.13211362624932854,0.05844716655676161,0.07073328712651133,0.11066258431427309,0.05715843656948636,0.041787533373887784,0.16681929215029212,0.14890018532264238
133,133.0,133.0,0.08922240797756685,0.10142003871390501,0.12761638208098977,0.09452455239715045,0.06712648903185785,0.11765155385898832,0.040708820238656816,0.04636832862173177,0.17687715240480176,0.13848427467435107
134,134.0,134.0,0.07622232772378748,0.09758043091162094,0.13557067585672955,0.10922647090348112,0.08243753650627561,0.09912991410973244,0.05434381030766668,0.03783664104914401,0.16267111617923774,0.1449810764523242
135,135.0,135.0,0.05438643956795991,0.09688971860914712,0.15654935031963965,0.07610873366387003,0.061864464313570955,0.11187394921674743,0.06331334741945209,0.045135391086452446,0.18132270731651812,0.15255589848664203
136,136.0,136.0,0.060022988288549795,0.11979181638950698,0.11973692882597879,0.12038783748157547,0.057667154353834835,0.1188501609381412,0.03477266262212884,0.04768539365023379,0.1863921774913627,0.13469287995868734
137,137.0,137.0,0.1257768333117304,0.10615210179978854,0.13970935686408245,0.12494866661912507,0.06496031338147835,0.1038764728076597,0.06278293095327045,0.033466518346127426,0.11763309604690242,0.12069370986983485
138,138.0,138.0,0.0667945436146544,0.13291097437873942,0.14987428430313518,0.08705571654844087,0.059380292447591486,0.11914514641936161,0.04945497770749216,0.035108203452520415,0.13298846402351766,0.1672873971045465
139,139.0,139.0,0.08394048762037759,0.13045897486439129,0.11429484567098683,0.10025111935080115,0.040871156788770034,0.11161407677776189,0.07436819870575914,0.05626107103380934,0.12744325376623963,0.16049681542110283
140,140.0,140.0,0.0643476885069246,0.1031859910153186,0.12956767188242174,0.10273727941486141,0.058586189484277865,0.11189843203459718,0.061489531235380444,0.039207551962642834,0.19392115392066306,0.1350585105429121
141,141.0,141.0,0.0882604441107995,0.11861776120960617,0.12134254928294734,0.10733852980638045,0.040180108861929444,0.10010094682790771,0.06716303380903457,0.08874609416402564,0.1427792008809625,0.1254713310464064
142,142.0,142.0,0.08420927923580385,0.13300618995542396,0.11454890061895664,0.08243317399150027,0.06599901676544155,0.11407978372906295,0.04353456156145406,0.04995892169466777,0.1592689839434873,0.1529611885042014
143,143.0,143.0,0.08513423175361609,0.1177107210012212,0.13951557014910396,0.07880954916227596,0.06433950506226853,0.08406922940962104,0.055421402889337924,0.06411637892675279,0.14424303380873757,0.1666403778370647
144,144.0,144.0,0.06628211694915316,0.0815811684598862,0.12381271685009554,0.1078495206961377,0.09396382326492692,0.12150882544227766,0.06945780102153695,0.04899795377891687,0.1522066694386426,0.1343394040984262
145,145.0,145.0,0.09891859762708019,0.09540375958173462,0.1832467702531114,0.06284422191489045,0.07692427239297236,0.09978148806529544,0.08604035685987342,0.04879508422036213,0.13213825055001688,0.11590719853466283
146,146.0,146.0,0.09866119430618789,0.0999585136373284,0.1314066951940202,0.11687167283573874,0.09204439469047672,0.05930367008979265,0.06995387453311208,0.07340998081558282,0.12291319941313976,0.13547680448462043
147,147.0,147.0,0.07462186202612534,0.10512297297291315,0.10591337137356178,0.10734386821454718,0.07230544822943677,0.1132455810695987,0.06626301765880623,0.07663866389755072,0.12058750028822356,0.1579577142692363
148,148.0,148.0,0.09553967657724882,0.11537721991099699,0.13342915259707908,0.08677117048886965,0.06471512655694307,0.11061134998530602,0.0753994262668789,0.03234436581560622,0.1659897364959215,0.11982277530514948
149,149.0,149.0,0.08978007043995148,0.13315303752784538,0.1348174000787216,0.08756592402479703,0.06333269315662486,0.11475929302004861,0.04395147444159926,0.041101673303533,0.14069402470043071,0.15084440930644774
150,150.0,150.0,0.1203515518230502,0.12400680751605273,0.12662752651852602,0.09288161791814982,0.0424289588319454,0.09217207402690518,0.04880799981914023,0.06856538675064036,0.13954006221572846,0.14461801457986137
151,151.0,151.0,0.11084778294337361,0.10396246168664955,0.12185799519013411,0.06826014975338765,0.0706976450955338,0.0966178699518243,0.07679491784794719,0.031133783939770933,0.15854349588872524,0.16128389770265336
152,152.0,152.0,0.1000983756320967,0.09409153620786291,0.1421382340001438,0.10597626595709682,0.06750586556614678,0.07222155083318112,0.04095628098133221,0.06107932381859278,0.1882746595699401,0.12765790743360653
153,153.0,153.0,0.09875702364719617,0.12286141565614166,0.12399603453127075,0.12851860228647882,0.036277491345659364,0.10564736797213388,0.04879251323669996,0.04944558558912123,0.14773136528778746,0.13797260044751042
154,154.0,154.0,0.12381621658200785,0.1219646036138147,0.11209119253942994,0.09683363415929552,0.0754603717545482,0.11853485688597823,0.0549488287512573,0.05307475040042212,0.1288197869619408,0.11445575835130506
155,155.0,155.0,0.08585810427615401,0.1173583860648409,0.16114312323078336,0.0960105405372914,0.0360490618014182,0.11127829267257264,0.038991425159953894,0.030000000000000006,0.16804770626988785,0.15526335998709745
156,156.0,156.0,0.0709541142391528,0.08915943863121557,0.12943689315870027,0.12692737140971314,0.04250705458021109,0.09608608892781585,0.061296481430172,0.07148351439216143,0.15954558757876,0.15260345565209768
157,157.0,157.0,0.08938971730412529,0.1489967040081746,0.10280706243436341,0.08638081714648217,0.0716092440187334,0.10812414885425137,0.06024974596527072,0.03213997782064789,0.15652896419152945,0.1437736182564215
158,158.0,158.0,0.07080474722674397,0.08856454669696341,0.10140294564958843,0.10208263797357311,0.06909062514358003,0.0847114926704806,0.04900766951911991,0.09326275961281809,0.18765840615810483,0.1534141693490273
159,159.0,159.0,0.11336291392176279,0.10122948737527737,0.17558201895285536,0.09782793681086557,0.05564127963697163,0.09806354019605715,0.07201919528156357,0.04339190042643447,0.14639309810002524,0.0964886292981865
160,160.0,160.0,0.10780045150133308,0.11468466824033126,0.15852382090886905,0.07384305474450577,0.05863463853315319,0.09336266614067798,0.06372924747589247,0.0460120418926645,0.15691258750889153,0.1264968230536809
161,161.0,161.0,0.0663971564682781,0.11343135108518534,0.16832790796676073,0.10210966558779648,0.04443703053927252,0.10227082742742835,0.0647515078420345,0.06182399343881022,0.15485932295484672,0.12159123668958674
162,162.0,162.0,0.09539018261662245,0.07639461051099695,0.13858455125481992,0.09535994893907428,0.053763509324237034,0.11100103048366398,0.04458243213075478,0.060874857967561855,0.14406925406495658,0.17997962270731177
163,163.0,163.0,0.09695730724400445,0.11716348754198862,0.1689328983520211,0.08426926510036839,0.09247919803678602,0.11048227104942505,0.03601745737361293,0.0324999958362693,0.13222776663083974,0.1289703528346841
164,164.0,164.0,0.10448210818489627,0.10049785904094229,0.14417517278561193,0.10182396190333862,0.06116947700058055,0.12483545895553375,0.030000000000000006,0.049683845205802914,0.13931629808390739,0.144015818839386
165,165.0,165.0,0.0858024668606234,0.13577584600595988,0.11008627507035622,0.13999607258578523,0.0826495699686371,0.08694849456434153,0.08735420547917341,0.04897806740042571,0.10477465995231927,0.11763434211237793
166,166.0,166.0,0.09983798305986194,0.11541627230506143,0.13831261974970466,0.11094836987648352,0.08762257058008696,0.11462200146068771,0.0430977670627458,0.03299500955012829,0.13070195895911724,0.12644544739612223
167,167.0,167.0,0.08779201786353988,0.09665168060740029,0.16502241659656375,0.09590165977594615,0.06245457523389201,0.12003153906611161,0.07300404330539721,0.030000000000000006,0.11414932454430042,0.15499274300684843
168,168.0,168.0,0.13380624700731644,0.13420923123564465,0.10157098631420172,0.07052742085527285,0.06115829987632113,0.1143462866225746,0.032126283069251506,0.04917282463671106,0.15243685711814864,0.1506455632645572
169,169.0,169.0,0.06608213546881636,0.12335553879773922,0.16743356935618708,0.05943493089029082,0.0462054246257166,0.10192339952301514,0.052683444785497226,0.05711435802603833,0.17553570402949129,0.15023149449720768
170,170.0,170.0,0.08425113534961315,0.11241590526394378,0.10575349182623657,0.12116055035272226,0.05478522629061733,0.07945555072675112,0.048752922256875796,0.05591202295130428,0.17998478651213592,0.15752840846979954
171,171.0,171.0,0.12273695131874249,0.12855029917077762,0.11696487141679475,0.12318005237161267,0.05527212488329082,0.10524198653477428,0.030000000000000006,0.06284391391357816,0.145083675290736,0.11012612509969293
172,172.0,172.0,0.10530296750232118,0.11891027540721684,0.11183644204504244,0.10271802797199839,0.0754092558936796,0.10428629281747862,0.05846883860525844,0.03694656257091766,0.1380032712354439,0.14811806595064264
173,173.0,173.0,0.07765436568370429,0.1604026017977182,0.12839550488933998,0.09925448230095718,0.06542206993343776,0.11200272709341799,0.03177325859150111,0.04398903999961993,0.12347651323184458,0.15762943647845867
174,174.0,174.0,0.09189473684324244,0.10365837578965283,0.10329231900001656,0.06822774314864893,0.052185349061653764,0.12328001489446014,0.08752726424234694,0.08841784817817051,0.14987797526583224,0.13163837357597544
175,175.0,175.0,0.06427336491665875,0.10766932718902707,0.14211069021202571,0.09013785477400446,0.08608970878788061,0.10389970985065897,0.049848673701521,0.04828446785164706,0.15275495559687996,0.15493124711969608
176,176.0,176.0,0.12579113765675412,0.13406140278055917,0.12870069853059576,0.07970364284454877,0.06449535578416807,0.08949689964128368,0.04794548609278158,0.060000134608470944,0.15869167114922683,0.11111357091161086
177,177.0,177.0,0.10901883284622896,0.12729434981816798,0.15689335067142243,0.08017969154803384,0.04807027361059694,0.0798155398538914,0.04661473832514379,0.049936533647411505,0.1603706451643841,0.14180604451471893
178,178.0,178.0,0.10701129793214532,0.10155160886638619,0.13517699492519802,0.0878814200849507,0.057463916002502946,0.10074762296248804,0.0339097004225591,0.04596461005878296,0.19600036348322716,0.13429246526175936
179,179.0,179.0,0.10441022962745054,0.10353288091270987,0.1353799755896125,0.07656626576269399,0.05964184189133699,0.18478906054872923,0.03946087694521248,0.03678504887884819,0.13206609497099153,0.12736772487241446
180,180.0,180.0,0.12676761349553808,0.085905991240589,0.10967631560532343,0.14169651771057265,0.03890144447170346,0.07646490075218616,0.062325350029172735,0.05094989796216033,0.19602513881506067,0.11128682991769316
181,181.0,181.0,0.09297770190293494,0.11193726599802194,0.13102862624109496,0.09522909582126117,0.04020879393774276,0.11863668717740752,0.04558934867722074,0.045425952086738344,0.19286443908599754,0.12610208907157988
182,182.0,182.0,0.08214776544957611,0.10672788522036605,0.12809688180090237,0.13299842283640848,0.06235190324756275,0.08190413983098743,0.05842173501528536,0.030000000000000006,0.1486335306298551,0.16871773596905598
183,183.0,183.0,0.06382001600282852,0.1250584598671533,0.08469565273799581,0.1369718183929301,0.08163642958661048,0.12068671727807563,0.06412255254413182,0.065805875952519,0.11709165302929495,0.14011082460846008
184,184.0,184.0,0.07202314417006998,0.08301143440099003,0.09826725255729465,0.12545361049178,0.047347286722834524,0.12102957113143828,0.05447937315097606,0.06223170544605403,0.16830561214574202,0.16785100978282014
185,185.0,185.0,0.09069096817490269,0.08098808159203265,0.13916584720043307,0.1259457265612031,0.06381594986543523,0.07992017972632576,0.05030677244751898,0.031264596640469836,0.16046453221708618,0.1774373455745923
