,Unnamed: 0,Generation,Intertwine_two,Add_vertex,Delete_vertex,Invert_path_vertices,Insert_inside_vertex,Delete_inside_vertex,Replace_inside_vertex,Donate_between_routes,Trim_one_terminal_cb,Grow_one_terminal_cb
0,0.0,0.0,0.09999999999999999,0.09999999999999999,0.09999999999999999,0.09999999999999999,0.09999999999999999,0.09999999999999999,0.09999999999999999,0.09999999999999999,0.09999999999999999,0.09999999999999999
1,1.0,0.10900000000000001,0.10185965489497247,0.09893974710069132,0.09954335684946942,0.10138270435375984,0.10005556634607694,0.09884871351155895,0.09974353792835879,0.09803747264934681,0.10141651170421617,0.10017273466154915
2,2.0,0.31601,0.10319931017888023,0.0977617324386508,0.1003721546592883,0.10170425607896416,0.09918095611840683,0.0991624132216488,0.09902048062659263,0.09571447683636214,0.10224187391421698,0.10164234592698901
3,3.0,0.6191589000000001,0.10344513697496147,0.09846583855352112,0.10000982145371778,0.1014720822264828,0.09824684089193048,0.09942943236447979,0.09793910146227228,0.09632411501913013,0.10300445588049721,0.1016631751730068
4,4.0,1.015801321,0.10326942739788789,0.09766466801372883,0.10040428776339044,0.10152443490579433,0.09769806479708687,0.09981160037534001,0.0969239831284269,0.09594635618280672,0.10376907500433603,0.10298810243120181
5,5.0,1.50262148669,0.10441934009446494,0.09736504097598314,0.09966251462906471,0.1026596781365591,0.09690812837143713,0.1005005297306551,0.09514356937936531,0.0944672816155187,0.10495175282521757,0.10392216424173414
6,6.0,2.0757334209441005,0.10394066960874981,0.09784279454870132,0.09957043287255143,0.10296820852684802,0.0961454719512487,0.10191491611521045,0.09505230920103093,0.09271390814113538,0.10611311828321142,0.1037381707513124
7,7.0,2.7307768275633495,0.1038432000179913,0.09671915617028486,0.09893577628137395,0.10353587141609513,0.0961055042905844,0.1031548742498769,0.09336220295516731,0.09089842068658399,0.10798859126448117,0.10545640266756084
8,8.0,3.4630081252450404,0.10436465821249148,0.09678775945207152,0.09837425839957598,0.10394850350697042,0.09619585441082885,0.10283356965389039,0.09193654351651466,0.08917126432401118,0.10896156570296787,0.1074260228206775
9,9.0,4.2673862119061114,0.10570360951422206,0.09719986101667763,0.09732271947878776,0.1039533342010883,0.09437705906364555,0.1030096521468327,0.09007732171347878,0.08888446585951104,0.1108426218359568,0.10862935516979919
10,10.0,5.138652627782014,0.10597817906817435,0.09672721708584522,0.09654647044267012,0.10428356199464178,0.09574545393959774,0.10157158811177809,0.08944902347022053,0.08799360333237771,0.11137793494568604,0.1103269676090082
11,11.0,6.071405875792507,0.10713793476041376,0.09661580772183403,0.09679391528186101,0.10373431287908605,0.09511806085728056,0.10125283648716762,0.08836691226510848,0.08605958617468612,0.11319213250784577,0.11172850106471635
12,12.0,7.060169740244025,0.10795154726804707,0.09662441598301395,0.09685018845092733,0.10380205095977822,0.09504980133852999,0.10091729539975672,0.08770377367296367,0.08478114440815004,0.11359178996135143,0.11272799255748134
13,13.0,8.099455520847952,0.10777332791377421,0.09757263358480744,0.09780318659325934,0.10345623179239974,0.09416413600167775,0.10054929158147718,0.08782143679729937,0.08332931377201383,0.11508425794892342,0.11244618401436743
14,14.0,9.183818168183006,0.10918083905337483,0.0979341958775109,0.09786080095415456,0.10251736122275774,0.09333335603385441,0.10118420856167529,0.08810487515545362,0.08229385196662076,0.11406641328651285,0.11352409788808479
15,15.0,10.307906369102724,0.10919329381636672,0.09916233924837356,0.09647340614819293,0.1032614847272848,0.09058176562498702,0.10173348400156557,0.08794299823792893,0.08138715824101614,0.1146066996899811,0.11565737026430294
16,16.0,11.466506686239443,0.10856623276695129,0.09897177884761851,0.09723611001199793,0.10426572957034745,0.0891985798058768,0.10129969009006709,0.087364731081629,0.07974888555025139,0.11612666836716265,0.1172215939080976
17,17.0,12.654581904800096,0.10933566173273426,0.09898169358502897,0.09572969257663369,0.10442346959670118,0.08948512974072165,0.10137158722275005,0.08662742067391416,0.07806865988748271,0.11763012278339635,0.11834656220063666
18,18.0,13.867303782456686,0.10997167741315257,0.09955266998958369,0.0956360953795781,0.10392055364449235,0.08866211932071874,0.1003742786653528,0.08631831831201599,0.07740467642551473,0.11857566060818016,0.11958395024141055
19,19.0,15.100080434523047,0.11028335426472965,0.09926491818656254,0.09552362499086677,0.10629636535722736,0.08603208098619826,0.09945376548476809,0.08702218026018758,0.07703052772905855,0.12025792259717583,0.11883526014322504
20,20.0,16.348578617037543,0.10873363996656445,0.09964804086646636,0.09547066619413802,0.10746140684014724,0.08518159864822875,0.09943314192466005,0.08688417891549834,0.07488009856578208,0.12192730732938203,0.12037992074913234
21,21.0,17.608741195130214,0.10888441685121646,0.10069660806752466,0.09609954886469886,0.105974655170134,0.08621186021844582,0.09905294453453393,0.08683354806144337,0.07247925613506903,0.12232347879288552,0.12144368330404798
22,22.0,18.876800103462312,0.10986098975286915,0.1016095928762457,0.09647257190945424,0.10771954733812497,0.0844452854015003,0.09892868946662882,0.08402449037319272,0.07152616133024253,0.12409460963468652,0.12131806191705469
23,23.0,20.14928511992658,0.10860979507865383,0.1006311522266904,0.0979078802511104,0.1086868017407918,0.08467712276077063,0.10021408054583361,0.08357235005808655,0.07050953664999998,0.12518889193677793,0.1200023887512845
24,24.0,21.423028783545156,0.10820894052351478,0.10114677116533902,0.09774940760556541,0.10696246298405737,0.08359778541293876,0.10031947513861583,0.08345744061462168,0.07254004912855738,0.12648826493460805,0.11952940249218136
25,25.0,22.695167792966423,0.1087072599527742,0.10015136715764,0.0994583417436678,0.10714353967785568,0.08243196007315899,0.10040745193922114,0.08226113398424545,0.07228649266905691,0.12707076238671505,0.12008169041566444
26,26.0,23.963141223515898,0.10930789683442657,0.09907344230204533,0.10065655347004585,0.10728475281532909,0.08252943031645545,0.10066184452879362,0.08144905608198366,0.07352977259199389,0.12670147045810143,0.11880578060082478
27,27.0,25.224685898775267,0.10888948274911839,0.09815562878791169,0.10225310252894569,0.10641168007510808,0.08369276347566962,0.09924398884775892,0.0790156350391545,0.0726658794303465,0.12996661076774102,0.11970522829824526
28,28.0,26.477829247520948,0.10959320340553533,0.09907891898987427,0.10230173149492768,0.1054949658266934,0.0840621282087528,0.10039014226201627,0.07812158094724311,0.07297360972661401,0.12815943896044796,0.11982428017789486
29,29.0,27.720879968916847,0.10826130967793035,0.09820869855480788,0.10414914857534259,0.10388797970710811,0.08366804871631428,0.10216902806095375,0.07777162063063013,0.07206157346358194,0.12931046109030506,0.12051213152302565
30,30.0,28.95241681848399,0.10859751875726809,0.09819754039335207,0.10417637238740544,0.10331803511062264,0.08324801822943698,0.10307410420257249,0.07790513408015907,0.072604795944453,0.12841057957148097,0.12046790132324901
31,31.0,30.17127581490958,0.10833512004164361,0.09881279598176257,0.10425833186378256,0.10374432365355579,0.08211309966981027,0.10421381652172208,0.07600665937559653,0.07251651480813398,0.1285919523285217,0.1214073857554707
32,32.0,31.376536153543515,0.10715767999366738,0.09747456669749212,0.10513444523618623,0.10271887060199937,0.08285557562753809,0.10648013102214662,0.0763937450263422,0.07407039594046226,0.128230325799899,0.11948426405426658
33,33.0,32.567505096778625,0.10762604770838798,0.09802573999492427,0.10666158810508776,0.10272618301864307,0.08134124246585442,0.10542758662279196,0.0760572938016465,0.07371991831017197,0.1285987249517211,0.11981567502077084
34,34.0,33.74370209472243,0.10699242233511128,0.09667450063953828,0.10846187129620782,0.10252599099321034,0.08104542050729237,0.1072178917823923,0.07527196306910122,0.07312490856742793,0.12784597769459818,0.12083905311512012
35,35.0,34.90484237192463,0.10963983624959228,0.09573478547312533,0.1094359586502716,0.1016204977886629,0.08083768934128885,0.10879274276765785,0.07551412580296703,0.07039122739692708,0.1270669430214009,0.12096619350810603
36,36.0,36.05082019768737,0.10856647259179661,0.09843880800036531,0.10902799848755561,0.09974374471541891,0.07978683066651843,0.10782715382902551,0.07629994366687158,0.07112448233067513,0.12850917217634486,0.12067539353542792
37,37.0,37.18169203889697,0.1068763388132835,0.1003857215666322,0.10978596628475672,0.10178462460667267,0.07698762729168654,0.10979511746500015,0.07574802145360376,0.07110068109559409,0.12818508498973805,0.11935081643303216
38,38.0,38.29765977559663,0.10450129466999854,0.0981982277821864,0.1112374651400358,0.10292380913960011,0.07660689720151988,0.10899219288480161,0.07644652552194894,0.06996509103141617,0.13045913795326544,0.12066935867522696
39,39.0,39.399054140870355,0.10335102905332053,0.09744953245546156,0.11281573023297486,0.10260646910073183,0.0764108050346376,0.10984700262902031,0.0753955516131141,0.07045194064615704,0.1305556212803246,0.12111631795425737
40,40.0,40.48631852820801,0.1026076161995619,0.09923364580233206,0.11485315558001788,0.1020321165101632,0.0757227102605484,0.10863882420924188,0.07660053764742611,0.0698080148331079,0.12952454648936448,0.12097883246823597
41,41.0,41.55999329152982,0.10092067625821877,0.09834309229972996,0.11361537508347794,0.10230223648327573,0.07532533908885605,0.10857518476818531,0.0771897560286815,0.07093749256880794,0.1306173836041468,0.12217346381661978
42,42.0,42.62070064560415,0.10053723075425156,0.10001671026016758,0.11270441377253543,0.10249722243318199,0.07411946026973197,0.11142050822797073,0.07437646395379802,0.07067023114349623,0.13157297222938868,0.1220847869554776
43,43.0,43.669130257815,0.09826927000713617,0.10019376074188074,0.11158755090837345,0.10279130793058613,0.07459381144761175,0.11248140638399777,0.07449216706439155,0.0710677225551357,0.1311525412779362,0.1233704616829503
44,44.0,44.70602560622662,0.10169365331160497,0.09936522310809232,0.11084919319916381,0.10206247019206555,0.07206444244281153,0.11089451190999487,0.07504808619011889,0.07135711639025706,0.13167389995319123,0.12499140330269956
45,45.0,45.73217116373481,0.10036624138998881,0.09719212794217498,0.1111327401251117,0.10199562551671704,0.07195467372380217,0.11303131737348876,0.07310632794990925,0.069250814848501,0.1347904640353781,0.127179667094928
46,46.0,46.748380453854836,0.10012600974226035,0.09757074601933491,0.11075010544905561,0.1009988611876636,0.07369145243170903,0.11129007866037811,0.07416799072927596,0.06701719990563543,0.13760554375180278,0.12678201212288404
47,47.0,47.755485010424316,0.09874144592296893,0.0984901122143399,0.11017763933833877,0.09990082071853147,0.07472631126058912,0.10997938528566023,0.07553247075101872,0.06602752724364298,0.13895563016270665,0.127468657102203
48,48.0,48.7543242612326,0.09808661042261435,0.0999819983439726,0.10969651097949026,0.09873077759837551,0.07526387899685433,0.11078425369559429,0.07409702405276512,0.06548159550247265,0.1396464275991081,0.12823092280875256
49,49.0,49.745736344347726,0.09867590929157458,0.10102440645377854,0.11243888712018488,0.09716018742210737,0.07521134196249843,0.109470961758675,0.07321247347840798,0.0637202724775116,0.1392839630690976,0.1298015969661638
50,50.0,50.730549855707864,0.09818522224051682,0.10328650295318781,0.112276870954408,0.09757392853856349,0.0736863800330603,0.11010440749494066,0.07264287034524133,0.06316762504860685,0.13913163298820402,0.12994455940327052
51,51.0,51.70957651737491,0.09707144148189054,0.1034869868421334,0.11333563632821997,0.09913503464485755,0.07359317076818996,0.11008728370415598,0.07075819857080846,0.062342516477934345,0.13993195867997582,0.13025777250183376
52,52.0,52.68360474770151,0.09708691207819316,0.10463402766642343,0.11360222418771385,0.10034642851847277,0.07537519232504326,0.10943706160405496,0.07064655526953327,0.06111950438570419,0.1393920908645623,0.12836000310029858
53,53.0,53.65339410751842,0.09947237511179599,0.10582349289527943,0.11246021684158167,0.1001582102230428,0.07431555959396915,0.11160868835129494,0.06856162401671897,0.06052116798720207,0.1403385620887002,0.12674010289041457
54,54.0,54.61967059027847,0.09862786877144743,0.1063453799845719,0.11289282802192616,0.1002747143204664,0.07521630617192529,0.11121423028487269,0.0674684628736413,0.061302379771348704,0.14185510963386272,0.12480272016593723
55,55.0,55.58312271885972,0.09769743588865454,0.10741954959600347,0.11345513918984892,0.10040561306001264,0.07690299209474735,0.11145512640552595,0.06775569498857784,0.05893076033495098,0.14187861298132917,0.12409907546034898
56,56.0,56.544398407394254,0.09965812988324185,0.10926522611094705,0.11263283441612443,0.10221619939539052,0.0784393141377336,0.11122996560845468,0.06754878882279158,0.05881550297411643,0.13975829585062427,0.12043574280057541
57,57.0,57.504102543001395,0.10234408215485905,0.11077508393622468,0.11324896303084254,0.10322302978081514,0.07857516054315278,0.10976553651395352,0.06735407261714427,0.05781718354674302,0.13859802707101584,0.11829886080524898
58,58.0,58.462795239617805,0.10009467810787599,0.11158642250360559,0.11007454993561473,0.10215993633873503,0.07937156178812511,0.11178437187159068,0.0683736536532314,0.058438836024114156,0.1393703044892787,0.11874568528782843
59,59.0,59.42099071417639,0.1000998319305552,0.1103850466572393,0.11073770113408499,0.10072059057606422,0.08242967913114843,0.11237637752501242,0.06813639074747778,0.060199348146210634,0.1363712513655459,0.11854378278666093
60,60.0,60.379156734137354,0.10065463475026368,0.11110619778250927,0.10885505361078304,0.09943877522931616,0.08222893278803386,0.1117358004286334,0.06991289470192803,0.06158672469858383,0.1357214626376997,0.11875952337224885
61,61.0,61.337714584760846,0.09970561560550115,0.112811350170292,0.10773234634822135,0.10030878015080735,0.08370607758243076,0.11059143921449613,0.06857203811106616,0.06317744520066777,0.13447750868140868,0.1189173989351085
62,62.0,62.29703950447439,0.09778210022190317,0.11346089945197946,0.10672109605202426,0.10307890209879343,0.08340207603179936,0.10908400715954189,0.0691848497517291,0.06347746116664905,0.13527930425395174,0.11852930381162835
63,63.0,63.257461537171835,0.0971600127446378,0.11469775215658085,0.10835670239497121,0.10265205659753761,0.08439420817083643,0.1086183525882352,0.06983712539353186,0.06338137985209714,0.13309434439746867,0.11780806570410308
64,64.0,64.21926675122782,0.09583277325895312,0.11326995001708835,0.1093448183705998,0.1028606135114595,0.08426660088869255,0.10766035955208003,0.07216670593248176,0.061734939227857145,0.1322928512283672,0.12057038801242043
65,65.0,65.18269877636592,0.10031187026771368,0.11066248732660369,0.10963488632799241,0.10219491707475165,0.08375390131989366,0.10599093578203045,0.07322669502259317,0.06064812328264207,0.1333304718771619,0.12024571171861723
66,66.0,66.14796061122655,0.10118172486629058,0.10978237859096178,0.10819224074907217,0.1014640700320971,0.08389015022309804,0.10367249894947436,0.07412269318011303,0.060440639247142845,0.13605179970827652,0.12120180445347349
67,67.0,67.11521665648885,0.09978345316086822,0.11259658972764862,0.10802073407208916,0.1000825911834367,0.0824592825379178,0.10376511693909532,0.07515696706214452,0.05975882149122493,0.13560868800586331,0.12276775581971133
68,68.0,68.08459493066005,0.09951168944484313,0.11300315198636116,0.10708325382012435,0.10036711543604972,0.08170678019537693,0.1040884262778686,0.07470656680711085,0.06137663076029673,0.13495866349319985,0.12319772177876862
69,69.0,69.05618942810752,0.09963353658430911,0.11182792622740946,0.10817225830651253,0.1017969452649029,0.081700412233242,0.10179858496059975,0.07307876601260602,0.06179112193055998,0.13580282720980202,0.1243976212700561
70,70.0,70.03006258152917,0.10006119480125017,0.11247350044914026,0.11008665231015533,0.10081529706914782,0.08068637258544292,0.10050311649094738,0.07355670556436716,0.06060431334774401,0.13619921456504697,0.12501363281675784
71,71.0,71.00624779379335,0.10188801466129495,0.1112926958808302,0.11077179228403145,0.10046871772153898,0.08102764203385747,0.10236674712537117,0.07275265893545449,0.059003330129755456,0.13638278300452863,0.12404561822333705
72,72.0,71.98475200689319,0.09897235513282125,0.1122665504974543,0.11325203244293988,0.10081442452009474,0.08042466190611687,0.10330576636307207,0.07192033436958717,0.05975761690834538,0.13770127524976605,0.12158498260980209
73,73.0,72.96555827861411,0.10265729857735399,0.11215079795473216,0.11656271451634424,0.09880340263050856,0.07848193904525112,0.10341254138272885,0.0697376690547188,0.0593763278512999,0.13893383088110378,0.11988347810595837
74,74.0,73.94862834037681,0.10424786828139554,0.11034891183747972,0.12031961179214326,0.0982208910923777,0.07698810222075313,0.10131013842858855,0.0685614244094587,0.060840635882228856,0.13788028946994285,0.12128212658563149
75,75.0,74.93390511255946,0.10439156923200994,0.10960136613773436,0.11811862020208916,0.0955643601381384,0.07494793085994286,0.10002141374886152,0.0719741520730116,0.06343622371585525,0.13999751206853467,0.121946851823822
76,76.0,75.92131515639825,0.1034233741857514,0.11325519409478246,0.11974915789735974,0.0934484907810072,0.07285297656223624,0.10102525802677967,0.07047066812647844,0.06219302122655067,0.14024349761651247,0.12333836148254147
77,77.0,76.91077104428919,0.10406971896513313,0.11303341395501335,0.12064771081141722,0.09141766224145814,0.07201554752251972,0.10309806216614863,0.06940518655113033,0.062330427559803024,0.1416148367485387,0.12236743347883755
78,78.0,77.90217363294813,0.1041349012422481,0.11389122008251691,0.12139708778578619,0.08931379628185797,0.07330078390242772,0.10080639177158436,0.06843271156857417,0.06206469137402211,0.14231767133024392,0.12434074466073829
79,79.0,78.89541422641172,0.10518770702929633,0.11267120017742087,0.12006610969719764,0.09052985749262274,0.07224101066046064,0.10267636666346651,0.06587236947402567,0.06481679356384268,0.14162850375322245,0.12431008148844425
80,80.0,79.89037661826481,0.10512048944536148,0.11311045910657687,0.12105749126896131,0.08910345543119669,0.07190793458242328,0.1034253704108416,0.06674587232840484,0.06394190932546032,0.1407646665187076,0.12482235158206581
81,81.0,80.88693900474995,0.10619493156388027,0.11154398530698557,0.1182027271582061,0.08995084809498734,0.0706420633358215,0.10357655523357504,0.06762115087689757,0.0643807091262665,0.14301959314616317,0.12486743615721678
82,82.0,81.88497576253909,0.106707430389048,0.10913730402642963,0.11724777274600559,0.09209506858755548,0.07203721128777729,0.10524863124137046,0.06637912820491039,0.06434442728013348,0.1418049632906215,0.12499806294614801
83,83.0,82.88435908692391,0.10566987055470217,0.10718723256998491,0.11932477752045621,0.09410729725212783,0.07400900586284793,0.105213208752758,0.06544446371186671,0.06288270923662083,0.14135571901279537,0.12480571552583987
84,84.0,83.88496048800103,0.10415188509744389,0.10631268645511929,0.1189716677831886,0.09298265824022797,0.07244046318569587,0.10552856917390228,0.06613246129615938,0.0635651109123797,0.14175718840913537,0.1281573094467475
85,85.0,84.88665214409042,0.10172577298554528,0.10385292383416969,0.11871366998731561,0.09247317515855462,0.07091136625554281,0.10794557709799474,0.0684296343162793,0.06582525401800236,0.1410353479039926,0.12908727844260287
86,86.0,85.88930811312994,0.10343275210528846,0.10428539506907275,0.11785167652542757,0.09425032710037533,0.06859915561585102,0.10897466439073726,0.06889125249736684,0.06522583478815398,0.1399630874860673,0.12852585442165937
87,87.0,86.89280540413424,0.10397742637326686,0.10600676378516143,0.11885392304682768,0.09340255171164893,0.06733818280013355,0.10932982027454649,0.06685747391017491,0.06268177480929658,0.1434113589440363,0.12814072434490717
88,88.0,87.89702491199675,0.10357321043425213,0.1052880773354081,0.12350008438159071,0.09161027959780932,0.06467095880975028,0.10886060898328896,0.06352551994844635,0.06396601409766045,0.14510878505197522,0.12989646135981836
89,89.0,88.90185221995306,0.10059490006782075,0.10449930528187658,0.1255259763179351,0.092993932496588,0.06323527852503377,0.10834104917092187,0.06262215429879298,0.06363640114942527,0.1480405129602717,0.13051048973133392
90,90.0,89.90717827491419,0.097676975256328,0.10389909579911641,0.12824853436426353,0.09066364241092584,0.06382510265261668,0.10893976210087869,0.06012664273461485,0.0641704803230857,0.1504367682284156,0.1320129961297547
91,91.0,90.91289994163006,0.0947160540475482,0.10790716192663904,0.12853665086743934,0.08889476443533853,0.06213823334416839,0.11153306830922297,0.05897397739212804,0.06454085117967566,0.15164176364142112,0.13111747485641873
92,92.0,91.91892044225806,0.0943505645105096,0.10683076284633457,0.13089446751861417,0.08861617682305661,0.060387995182740274,0.11271011718503993,0.05675021948197159,0.06291287062019059,0.1521917236608064,0.1343551021707363
93,93.0,92.92514968840067,0.09663503011376567,0.1041303588067467,0.13018607619943062,0.09071732984003182,0.0596179884421339,0.11422948289939386,0.05685050862525108,0.06132364864233423,0.15096771118882438,0.1353418652420878
94,94.0,93.93150451304501,0.09669708375711497,0.10475909329339253,0.13000116014694268,0.08850560149573046,0.06073383169442722,0.11235814433723461,0.05846608594266644,0.06071875115158292,0.1520570905829546,0.1357031575979536
95,95.0,94.93790881009448,0.09454360321982616,0.10355133716680323,0.1287940447215845,0.0876398711392482,0.059060283417362594,0.11559844610345368,0.0582114860835508,0.06135394859896584,0.15395363371419368,0.1372933458350113
96,96.0,95.94429358933806,0.09370009135960028,0.1004358088330476,0.12340212027256231,0.09060610271170247,0.05924019231923687,0.11720351453711506,0.057665040157173136,0.061029562680148364,0.15790097424265145,0.13881659288676246
97,97.0,96.9505969547639,0.09282134169225033,0.09823641187173135,0.12394452899193882,0.0916969109860522,0.058092293680743076,0.11604241168799995,0.05772735847376368,0.062025590810412604,0.1580751675103768,0.14133798429473118
98,98.0,97.9567640140995,0.0928380796781082,0.10013034692464477,0.123656003087223,0.09129243512023537,0.05790059833164821,0.11397505050314741,0.0572724205052042,0.06323209364862936,0.15912636048977044,0.14057661171138905
99,99.0,98.96274672736057,0.09274245814818079,0.10309250818993224,0.12083670651688502,0.09080156276844614,0.059177154534512354,0.11163040296847689,0.0566004413515846,0.06299914342997191,0.1595909545627332,0.14252866752927687
100,100.0,99.96850370202192,0.09262433027934809,0.10442096826769258,0.12005085007049658,0.08846609857979272,0.061045612759763786,0.11399262122512085,0.054784950843083983,0.061375200221947604,0.16129490392935908,0.14194446382339473
101,101.0,100.97399994219691,0.09035646148596659,0.10370805612331656,0.12196274799318824,0.08648492721106947,0.06060971686378201,0.11526596430059897,0.05419371790335901,0.062493632937338596,0.1619429330983116,0.142981842083069
102,102.0,101.97920655893245,0.09088802036657523,0.10327073879607526,0.12288284823416118,0.08657690559923865,0.06307265057748979,0.11581843060652308,0.05500543212250547,0.06254426486127473,0.16079211087640521,0.13914859795975143
103,103.0,102.98410044840509,0.08955228890001482,0.10299513993614332,0.12414267934779039,0.08652290592786277,0.06185131685862776,0.11685360364037808,0.05693747605509985,0.06155585884419471,0.15922235914194105,0.14036637134794727
104,104.0,103.98866394444643,0.09154047680114277,0.10240739272741607,0.1248298605973654,0.08552926634954001,0.06402287799435157,0.11584403475944692,0.059761389384731634,0.062476202758568106,0.15761291176902745,0.13597558685841013
105,105.0,104.99288445143917,0.0929679143435306,0.10313359503859217,0.1241082976486908,0.08717192591343115,0.06811661151555928,0.11565719053666876,0.05910094000472957,0.06135531194509662,0.1548878612290157,0.1335003518246854
106,106.0,105.99675406321822,0.0948731905117858,0.10081889315136604,0.122221000281748,0.08957882983528669,0.07055619926121964,0.11369103986504657,0.06077885755525968,0.060620780951849196,0.15405506906161173,0.1328061395248267
107,107.0,107.0002691731872,0.09313406316725294,0.10186988024985372,0.12293720789875195,0.08965137932332473,0.06976915259928267,0.11394794812864788,0.05943746001040118,0.06253972574594639,0.1541784203072845,0.1325347625692541
108,108.0,108.0034300804274,0.09428692037277385,0.09976735890279202,0.12628868281423275,0.09072072037846345,0.07064422753555608,0.11193448808074082,0.0595172835645848,0.06061266707809744,0.15241096682154667,0.13381668445121217
109,109.0,109.00624059613932,0.0918885648249772,0.09956424073899754,0.1275080761848117,0.09172494650325443,0.06880211452236522,0.1107163171458139,0.06455737584735842,0.05894611485180487,0.15396563085946238,0.1323266185211544
110,110.0,110.00870765431864,0.09089999068650657,0.09830299683862753,0.1255414755767537,0.09060367144594586,0.06976382978494693,0.10848244191463023,0.06646148521973311,0.060346290727613015,0.15588749381445124,0.13371032399079186
111,111.0,111.01084093013685,0.0926111676658889,0.09550962547051303,0.1265634623861227,0.0931241523616508,0.06875520875767822,0.10524998482327547,0.06876686070168474,0.059102941466053896,0.15473653834739545,0.1355800580197369
112,112.0,112.01265246907188,0.08986319954319893,0.09544083817791703,0.13114155522218227,0.09471486811762846,0.06864122416899658,0.10471691148877758,0.06887340853234111,0.05840983408859955,0.15144319822629074,0.13675496243406787
113,113.0,113.01415632942268,0.0862753471215253,0.09576748176507187,0.13160150596232278,0.09645006343636295,0.0657034037822575,0.10988489379655318,0.06916826060610691,0.055304484570607895,0.14986357453127588,0.13998098442791582
114,114.0,114.01536824044418,0.0838361716408347,0.09870274659768934,0.1352061582101804,0.09814884433953247,0.0645054875803205,0.10854502639152228,0.0692681189181455,0.052256625158709324,0.14977370589177808,0.13975711527128754
115,115.0,115.01630527795908,0.08188845452249893,0.0981604249063644,0.13680725487382353,0.09773401880584756,0.06347649109152331,0.10551178445217191,0.07044628067121192,0.05162752515380223,0.14951738384569513,0.14483038167706117
116,116.0,116.0169855589429,0.08205564972980076,0.0971230020495069,0.13483360492718505,0.09821645213472857,0.06403844648495384,0.1055931938333917,0.06957931771414652,0.05447944163155084,0.14824450919527352,0.14583638229946233
117,117.0,117.01742795623892,0.08442262030357255,0.09660340488513541,0.13987274409870518,0.09822954957929163,0.06228202497153505,0.1055155902870851,0.06787270088992281,0.05255050532642154,0.1460427684911748,0.14660809116715595
118,118.0,118.01765183424293,0.08310468251350717,0.09999124129405167,0.14014600328027008,0.09855413399334068,0.062497294918677775,0.10445074441188218,0.06812332407053784,0.050970779593940335,0.14737229002178512,0.14478950590200718
119,119.0,119.01767680610413,0.081822553008331,0.100481263372868,0.14058519724740662,0.10038855711502681,0.06203297288367443,0.10464899885603186,0.06950676145597992,0.049337619444741666,0.14759794804050821,0.14359812857543147
120,120.0,120.01752251271817,0.08386611797958704,0.09972217580051067,0.14105597251161586,0.09866282336459987,0.06430306713542107,0.10608844993469793,0.06726509061942967,0.049906078733120335,0.14704172659792167,0.14208849732309586
121,121.0,121.01720842354362,0.08650792832920161,0.10044012227512283,0.14180282135174388,0.0958441195822082,0.0652015558898578,0.10735330762454118,0.0675069935958056,0.05037642391374751,0.14504099571133752,0.13992573172643388
122,122.0,122.01675365905109,0.08755799763901947,0.10043199380197701,0.1393981992131747,0.09451426468378696,0.06526207385916533,0.10593753270532662,0.0671792821305874,0.053859414634461346,0.1483694645162611,0.1374897768162401
123,123.0,123.0161768344173,0.0879144316243712,0.10277939105002586,0.13817310090451568,0.09580031362008529,0.06539629754669303,0.10370571731572406,0.06545708060165129,0.053641104362583646,0.1507290204688357,0.13640354250551423
124,124.0,124.01549592390272,0.09145008369420857,0.10331732886409345,0.13792419189902794,0.09450880136530733,0.06439634360868712,0.10248662907513284,0.06350692718266816,0.05491912669833966,0.15019770120966397,0.13729286640287086
125,125.0,125.01472814520056,0.09077656675072551,0.10421825351982036,0.1377517893347771,0.09188591354635785,0.06254657904512896,0.1037875608944175,0.06456313272273041,0.05542464360827245,0.15271510150302417,0.13633045907474553
126,126.0,126.01388986291661,0.08856186749706303,0.10410705558810623,0.13816367052802309,0.09207291572667209,0.06112920308939662,0.10605962842901302,0.06355815489148983,0.05611116545843221,0.15249477967585326,0.13774155911595046
127,127.0,127.0129965102319,0.0850908759459826,0.11089245839010953,0.13581756692524774,0.09210671929832069,0.06236794739128542,0.10382899057607577,0.06223266369767986,0.05801667954907415,0.15166939855378775,0.13797669967243636
128,128.0,128.01206252771334,0.08301683916779597,0.10937131707224586,0.13484682830800857,0.09309988364616316,0.060998615309193496,0.1067296491767241,0.06528470809585704,0.057711042449723644,0.1531457082682395,0.13579540850604857
129,129.0,129.0111013181695,0.08175468457301792,0.108977166982095,0.13426976728725268,0.09313546300817291,0.05761771557534388,0.10832648940108686,0.0667295751992592,0.05935134570529898,0.15583613186156195,0.13400166040691053
130,130.0,130.01012521639834,0.0837742991119054,0.10968670172066715,0.13496132452885443,0.09281150809428791,0.0551237870528492,0.10826391194191044,0.06598874931683543,0.05812556944861031,0.15650473172589546,0.13475941705818412
131,131.0,131.0091454726403,0.0853266266884637,0.11150966037158216,0.13296754788551002,0.09117946775419625,0.052581972678611574,0.11084994174657788,0.06413825427650532,0.0577900388359123,0.1580632923856392,0.13559319737700143
132,132.0,132.0081722485317,0.0873569165251665,0.11169183698014536,0.1326774454102723,0.0876591462792578,0.05351498817886429,0.11120290239156642,0.0633263891482118,0.05633340682414577,0.15949658369729586,0.13674038456507379
133,133.0,133.00721462434865,0.08762558933213707,0.11128413115769474,0.13196099057411503,0.08780647573862713,0.054166205309102856,0.11221406074575471,0.06088906937387742,0.05533505880383771,0.16186555898776778,0.13685285997708546
134,134.0,134.0062806163404,0.08658335501948695,0.1104345942128229,0.1320681645142162,0.0894764448692778,0.05641300831098689,0.11132631422073092,0.059857178092525255,0.05349370952648062,0.16272714906080643,0.13762008217266591
135,135.0,135.00537720296956,0.0833581450495621,0.10947239809917883,0.13429751362002343,0.08786514362324435,0.05663806907536494,0.111679781857801,0.05977029597263826,0.05240979949581672,0.16536717891145358,0.1391416742949167
136,136.0,136.00451035890612,0.0807293938938727,0.11077080458003484,0.13284520403288,0.09072531878399104,0.05647315671971364,0.11269746557689292,0.05687346409947578,0.0516165366405037,0.1684097080785711,0.13885894759406422
137,137.0,137.00368509565993,0.08473183830001706,0.11066560907192813,0.13340428545619226,0.09405218452939386,0.05706599147873303,0.11217753906463998,0.05684633423197025,0.04944140111040865,0.1644519008786588,0.13716291587805798
138,138.0,138.0029055077818,0.08284625924595651,0.11320168529980579,0.13498700219515747,0.0935660335140853,0.05712048388748925,0.11315346190221273,0.05554848799385043,0.047488198816319584,0.16195722314808164,0.14013116399704129
139,139.0,139.00217482361367,0.08270331534156132,0.11543604684425018,0.1330023762180911,0.09438293471088717,0.05534121157508872,0.11333860233703973,0.05681081337650572,0.04772180355613033,0.15886780457358876,0.14239509146685694
140,140.0,140.0014954596262,0.08062775763904852,0.1148699031295443,0.1325564201544038,0.09542544364081401,0.05536666921561585,0.11351641899847478,0.05683461332715014,0.04631208858962014,0.16242087236391406,0.1420698129414144
141,141.0,141.00086907744122,0.08098823057585323,0.1157867116845955,0.131302659954418,0.09689694507464056,0.05358116823254204,0.11248052560345859,0.057469932719177844,0.04992615397362948,0.16081944088680425,0.14074823129488057
142,142.0,142.0002966427003,0.08098026186682739,0.11807899275397347,0.129395309801317,0.09583517663091383,0.05442209754442069,0.11282230945030403,0.055775803958143286,0.04968829497420606,0.1608467284635995,0.14215502455629483
143,143.0,142.99977848500652,0.0810978754541751,0.11876177079300787,0.13002689752471722,0.09438320252224322,0.05512875194700439,0.11014143422330833,0.055317359782033684,0.05089267386513809,0.1593529148240391,0.14489711906433309
144,144.0,143.99931435823203,0.07935887976533616,0.11575280527608746,0.12911992787212045,0.09582468644422616,0.05881928026074819,0.11121188407414098,0.05630944026782798,0.05059700940280948,0.1586537473012722,0.14435233933543096
145,145.0,144.99890350055264,0.080926664085012,0.11408527905488192,0.13419398841486468,0.0927417404384052,0.06078824608596395,0.11010552461587352,0.058992051896413586,0.05029463387461933,0.15595318386329318,0.14191868767067267
146,146.0,145.9985446936357,0.08249184897605172,0.11285316566662483,0.13406716321580786,0.09507085894001602,0.06423368782147865,0.10495877894037675,0.06006823717909909,0.05246899006222769,0.15236202232229157,0.14142524687602587
147,147.0,146.99823632047406,0.08165827560328257,0.11213176303045898,0.131377083474393,0.09643229326830383,0.06563879780602785,0.10526434784190442,0.0607665746196256,0.05495818884680556,0.14860291879380697,0.14316975671539128
148,148.0,147.99797642142389,0.08292947688713109,0.11243783745114264,0.13145295270846305,0.09570943014065753,0.06621103112910687,0.105355749077127,0.06236368360729852,0.05298584269523864,0.14947979505388478,0.14107420124994993
149,149.0,148.99776274806447,0.08362369942576621,0.11452028001604131,0.13167982176617649,0.09504894608285072,0.06657283873412452,0.10590536050138336,0.06078664394027199,0.05188004713882477,0.1479045119228261,0.14207785047173455
150,150.0,149.99759281456036,0.08736721155898955,0.1156661828983889,0.1310963923452245,0.09491124959957933,0.06477569069039747,0.10422982820908641,0.05968460908271549,0.053523418744410106,0.14629925598417912,0.1424461608870292
151,151.0,150.99746394626104,0.0901158389935635,0.11477646715573804,0.13004966407526153,0.09230487963134458,0.06576165875881745,0.10304585119668924,0.061382703421159576,0.051409712588412274,0.14668727706901202,0.1444659471100019
152,152.0,151.99737332532905,0.09172198239305046,0.11288049038478272,0.13105371582444453,0.09349031098152463,0.0663792119308239,0.09947636016121883,0.05948124678336563,0.05229917174940999,0.15012817460168026,0.14308933518969918
153,153.0,152.99731803323698,0.09311714018648913,0.11386320969398162,0.13025398763357893,0.09693629237938062,0.06382343889993418,0.09933385184991035,0.05836830937686752,0.05202411269205261,0.14955211780254898,0.14272753948525618
154,154.0,153.99729509002177,0.09693510032867217,0.11474795792764952,0.12828116853159272,0.09718500192380367,0.06516607173747957,0.1005574784223394,0.057886539301073285,0.05211369075053174,0.14712430132559856,0.14000268975125948
155,155.0,154.99730149022784,0.09684426438858489,0.11515577603991492,0.13124892464901883,0.0973230174739389,0.06253625329612811,0.10111285970082137,0.05582782876822997,0.04989644655961965,0.14867901328350133,0.14137561584024216
156,156.0,155.99733423551103,0.0951622514376819,0.11272494369784049,0.13104822413331169,0.10052578978693631,0.06055034406184398,0.10019513680669698,0.05603713087961004,0.051850313761418715,0.1494217291063649,0.14248413632829515
157,157.0,156.99739036391077,0.09524991871638117,0.11628526607700315,0.12818849728699544,0.09961764525853867,0.061492811800024166,0.10053190171583977,0.0561734227388676,0.049870772592193954,0.14988974959294296,0.14270001422121323
158,158.0,157.99746697583146,0.09341172024534983,0.11377345486644015,0.125220517098307,0.10023812898456931,0.06219033519905809,0.09856964698707532,0.05521264099984835,0.05402415577139322,0.15349030437350666,0.14386909547445217
159,159.0,158.99756125680176,0.09578708856073744,0.11252722976307009,0.12972906654432692,0.10038953931161618,0.061542174606973,0.09800024094057902,0.05658704029616811,0.05316750075244844,0.15294595388805202,0.13932416533602887
160,160.0,159.997670497107,0.09754443205615357,0.11263816783266449,0.13253947076543152,0.09810170437431487,0.061199157014014564,0.0970183210857492,0.05714932643214274,0.05256076937876101,0.1534424588341492,0.13780619222661894
161,161.0,160.99779210841066,0.09508827189317438,0.11263314538386153,0.1363090867716492,0.09862672751877467,0.059445035196155294,0.0969888527956267,0.057823409201571606,0.053530419022195935,0.1537186881169796,0.1358363641000112
162,162.0,161.99792363749984,0.09549011920707859,0.10893293317953326,0.13704759371800218,0.09845910606460649,0.058648893392009564,0.09788817138645803,0.056482457109334236,0.05439112589832867,0.15289969393091662,0.1397599061137325
163,163.0,162.9980627773051,0.096007494886426,0.10935424667205162,0.1407624542548081,0.09716818680072921,0.06175508079885558,0.0987768107657544,0.054300102500820624,0.0523931131944112,0.15089014602138864,0.1385923641047547
164,164.0,163.9982073753568,0.09723511121550364,0.10814495837391289,0.14191176062226465,0.09763283992653307,0.06172691853377576,0.10112895960056871,0.05155141116452501,0.05211435552425743,0.14960378225421475,0.13894990278444416
165,165.0,164.99835543984977,0.09654447174894018,0.11050792660876008,0.13955988070308348,0.10191015002776926,0.06384400737667761,0.09969426210633202,0.054597495398131045,0.051768590737396765,0.14488901620889635,0.1366841990840133
166,166.0,165.99850514349492,0.09721902780007374,0.1108513198440047,0.13997108718742798,0.10323581807353183,0.06643474302235387,0.1010429273757337,0.05324089446754414,0.04983119141082271,0.1428373131062238,0.13533567771228358
167,167.0,166.99865482534062,0.09664772127905961,0.10932956411056931,0.1429955680336467,0.10300137382269392,0.06646148384442033,0.10293347061958714,0.054909149980233087,0.0476196692432863,0.13921416333086578,0.13688783573563784
168,168.0,167.99880299074837,0.10064641129036937,0.1115889601782702,0.13959272625263652,0.10018195296440499,0.06631585396241778,0.10423741497916679,0.052503752851290206,0.04737038506374176,0.13953143340256274,0.13803110905513966
169,169.0,168.99894830970783,0.09780441950386762,0.11276325010598422,0.14273620955454155,0.09623867987435543,0.06463792400269407,0.10426976490926661,0.052190836909045794,0.0479582070368141,0.14225591539538013,0.13914479270805052
170,170.0,169.99908961367427,0.0967463040437452,0.11283207057446483,0.13964431037127747,0.09849425854971333,0.06380144221166302,0.10202863131286752,0.051521086386928205,0.04845857481499805,0.14548565532352134,0.14098766641082106
171,171.0,170.99922589110733,0.09951763003960663,0.11450328673367556,0.13764383087994522,0.10095289247745456,0.06300713629979196,0.1023645238510495,0.04901533705003427,0.04967662939295405,0.1452473014485946,0.13807143182689366
172,172.0,171.99935628188598,0.10050061826703115,0.11518384902498016,0.13512376680593946,0.10134173217140183,0.06422862396598188,0.10260003239052096,0.04941689313685522,0.048314816224054646,0.14432310629405273,0.13896656171918195
173,173.0,172.99948007076793,0.09866847098220444,0.1199828519900268,0.13427874217615507,0.10135909628685622,0.0644410505888056,0.1036004961079088,0.04719925506830238,0.047679749578384036,0.14197545650401905,0.14081483071733764
174,174.0,173.99959668005403,0.09823343448882921,0.11903172955583916,0.1309490690475486,0.09825100393567533,0.06331837265561488,0.10571266454351715,0.05062452140692139,0.0515141633193479,0.14231772846366572,0.14004731258304065
175,175.0,174.99970566161096,0.09501637747567727,0.11842308096734583,0.1315576328525284,0.09734449937427785,0.0655870682524263,0.10585125913469398,0.05030842948595017,0.051320834502151254,0.14298907372847416,0.14160174422647478
