,Unnamed: 0,Total_iterations,Intertwine_two,Invert_path_vertices,Insert_inside_vertex,Delete_inside_vertex,Replace_inside_vertex,Donate_between_routes,Trim_one_terminal_cb,Grow_one_terminal_cb
0,0.0,0.0,0.125,0.125,0.125,0.125,0.125,0.125,0.125,0.125
1,1.0,1.0,0.125,0.125,0.125,0.125,0.125,0.125,0.125,0.125
2,2.0,2.0,0.125,0.125,0.125,0.125,0.125,0.125,0.125,0.125
3,3.0,3.0,0.125,0.125,0.125,0.125,0.125,0.125,0.125,0.125
4,4.0,4.0,0.125,0.125,0.125,0.125,0.125,0.125,0.125,0.125
5,5.0,5.0,0.125,0.125,0.125,0.125,0.125,0.125,0.125,0.125
6,6.0,6.0,0.125,0.125,0.125,0.125,0.125,0.125,0.125,0.125
7,7.0,7.0,0.125,0.125,0.125,0.125,0.125,0.125,0.125,0.125
8,8.0,8.0,0.125,0.125,0.125,0.125,0.125,0.125,0.125,0.125
9,9.0,9.0,0.125,0.125,0.125,0.125,0.125,0.125,0.125,0.125
10,10.0,10.0,0.125,0.125,0.125,0.125,0.125,0.125,0.125,0.125
11,11.0,11.0,0.125,0.125,0.125,0.125,0.125,0.125,0.125,0.125
12,12.0,12.0,0.125,0.125,0.125,0.125,0.125,0.125,0.125,0.125
13,13.0,13.0,0.125,0.125,0.125,0.125,0.125,0.125,0.125,0.125
14,14.0,14.0,0.125,0.125,0.125,0.125,0.125,0.125,0.125,0.125
15,15.0,15.0,0.125,0.125,0.125,0.125,0.125,0.125,0.125,0.125
16,16.0,16.0,0.125,0.125,0.125,0.125,0.125,0.125,0.125,0.125
17,17.0,17.0,0.125,0.125,0.125,0.125,0.125,0.125,0.125,0.125
18,18.0,18.0,0.125,0.125,0.125,0.125,0.125,0.125,0.125,0.125
19,19.0,19.0,0.125,0.125,0.125,0.125,0.125,0.125,0.125,0.125
20,20.0,20.0,0.125,0.125,0.125,0.125,0.125,0.125,0.125,0.125
21,21.0,21.0,0.125,0.125,0.125,0.125,0.125,0.125,0.125,0.125
22,22.0,22.0,0.125,0.125,0.125,0.125,0.125,0.125,0.125,0.125
23,23.0,23.0,0.125,0.125,0.125,0.125,0.125,0.125,0.125,0.125
24,24.0,24.0,0.125,0.125,0.125,0.125,0.125,0.125,0.125,0.125
25,25.0,25.0,0.125,0.125,0.125,0.125,0.125,0.125,0.125,0.125
26,26.0,26.0,0.125,0.125,0.125,0.125,0.125,0.125,0.125,0.125
27,27.0,27.0,0.125,0.125,0.125,0.125,0.125,0.125,0.125,0.125
28,28.0,28.0,0.125,0.125,0.125,0.125,0.125,0.125,0.125,0.125
29,29.0,29.0,0.125,0.125,0.125,0.125,0.125,0.125,0.125,0.125
30,30.0,30.0,0.125,0.125,0.125,0.125,0.125,0.125,0.125,0.125
31,31.0,31.0,0.125,0.125,0.125,0.125,0.125,0.125,0.125,0.125
32,32.0,32.0,0.125,0.125,0.125,0.125,0.125,0.125,0.125,0.125
33,33.0,33.0,0.125,0.125,0.125,0.125,0.125,0.125,0.125,0.125
34,34.0,34.0,0.125,0.125,0.125,0.125,0.125,0.125,0.125,0.125
35,35.0,35.0,0.125,0.125,0.125,0.125,0.125,0.125,0.125,0.125
36,36.0,36.0,0.125,0.125,0.125,0.125,0.125,0.125,0.125,0.125
37,37.0,37.0,0.125,0.125,0.125,0.125,0.125,0.125,0.125,0.125
38,38.0,38.0,0.125,0.125,0.125,0.125,0.125,0.125,0.125,0.125
39,39.0,39.0,0.125,0.125,0.125,0.125,0.125,0.125,0.125,0.125
40,40.0,40.0,0.125,0.125,0.125,0.125,0.125,0.125,0.125,0.125
41,41.0,41.0,0.125,0.125,0.125,0.125,0.125,0.125,0.125,0.125
42,42.0,42.0,0.125,0.125,0.125,0.125,0.125,0.125,0.125,0.125
43,43.0,43.0,0.125,0.125,0.125,0.125,0.125,0.125,0.125,0.125
44,44.0,44.0,0.125,0.125,0.125,0.125,0.125,0.125,0.125,0.125
45,45.0,45.0,0.125,0.125,0.125,0.125,0.125,0.125,0.125,0.125
46,46.0,46.0,0.125,0.125,0.125,0.125,0.125,0.125,0.125,0.125
47,47.0,47.0,0.125,0.125,0.125,0.125,0.125,0.125,0.125,0.125
48,48.0,48.0,0.125,0.125,0.125,0.125,0.125,0.125,0.125,0.125
49,49.0,49.0,0.125,0.125,0.125,0.125,0.125,0.125,0.125,0.125
50,50.0,50.0,0.125,0.125,0.125,0.125,0.125,0.125,0.125,0.125
51,51.0,51.0,0.125,0.125,0.125,0.125,0.125,0.125,0.125,0.125
52,52.0,52.0,0.125,0.125,0.125,0.125,0.125,0.125,0.125,0.125
53,53.0,53.0,0.125,0.125,0.125,0.125,0.125,0.125,0.125,0.125
54,54.0,54.0,0.125,0.125,0.125,0.125,0.125,0.125,0.125,0.125
55,55.0,55.0,0.125,0.125,0.125,0.125,0.125,0.125,0.125,0.125
56,56.0,56.0,0.125,0.125,0.125,0.125,0.125,0.125,0.125,0.125
57,57.0,57.0,0.125,0.125,0.125,0.125,0.125,0.125,0.125,0.125
58,58.0,58.0,0.125,0.125,0.125,0.125,0.125,0.125,0.125,0.125
59,59.0,59.0,0.125,0.125,0.125,0.125,0.125,0.125,0.125,0.125
60,60.0,60.0,0.125,0.125,0.125,0.125,0.125,0.125,0.125,0.125
61,61.0,61.0,0.125,0.125,0.125,0.125,0.125,0.125,0.125,0.125
62,62.0,62.0,0.125,0.125,0.125,0.125,0.125,0.125,0.125,0.125
63,63.0,63.0,0.125,0.125,0.125,0.125,0.125,0.125,0.125,0.125
64,64.0,64.0,0.125,0.125,0.125,0.125,0.125,0.125,0.125,0.125
65,65.0,65.0,0.125,0.125,0.125,0.125,0.125,0.125,0.125,0.125
66,66.0,66.0,0.125,0.125,0.125,0.125,0.125,0.125,0.125,0.125
67,67.0,67.0,0.125,0.125,0.125,0.125,0.125,0.125,0.125,0.125
68,68.0,68.0,0.125,0.125,0.125,0.125,0.125,0.125,0.125,0.125
69,69.0,69.0,0.125,0.125,0.125,0.125,0.125,0.125,0.125,0.125
70,70.0,70.0,0.125,0.125,0.125,0.125,0.125,0.125,0.125,0.125
71,71.0,71.0,0.125,0.125,0.125,0.125,0.125,0.125,0.125,0.125
72,72.0,72.0,0.125,0.125,0.125,0.125,0.125,0.125,0.125,0.125
73,73.0,73.0,0.125,0.125,0.125,0.125,0.125,0.125,0.125,0.125
74,74.0,74.0,0.125,0.125,0.125,0.125,0.125,0.125,0.125,0.125
75,75.0,75.0,0.125,0.125,0.125,0.125,0.125,0.125,0.125,0.125
76,76.0,76.0,0.125,0.125,0.125,0.125,0.125,0.125,0.125,0.125
77,77.0,77.0,0.125,0.125,0.125,0.125,0.125,0.125,0.125,0.125
78,78.0,78.0,0.125,0.125,0.125,0.125,0.125,0.125,0.125,0.125
79,79.0,79.0,0.125,0.125,0.125,0.125,0.125,0.125,0.125,0.125
80,80.0,80.0,0.125,0.125,0.125,0.125,0.125,0.125,0.125,0.125
81,81.0,81.0,0.125,0.125,0.125,0.125,0.125,0.125,0.125,0.125
82,82.0,82.0,0.125,0.125,0.125,0.125,0.125,0.125,0.125,0.125
83,83.0,83.0,0.125,0.125,0.125,0.125,0.125,0.125,0.125,0.125
84,84.0,84.0,0.125,0.125,0.125,0.125,0.125,0.125,0.125,0.125
85,85.0,85.0,0.125,0.125,0.125,0.125,0.125,0.125,0.125,0.125
86,86.0,86.0,0.125,0.125,0.125,0.125,0.125,0.125,0.125,0.125
87,87.0,87.0,0.125,0.125,0.125,0.125,0.125,0.125,0.125,0.125
88,88.0,88.0,0.125,0.125,0.125,0.125,0.125,0.125,0.125,0.125
89,89.0,89.0,0.125,0.125,0.125,0.125,0.125,0.125,0.125,0.125
90,90.0,90.0,0.125,0.125,0.125,0.125,0.125,0.125,0.125,0.125
91,91.0,91.2,0.125,0.125,0.125,0.125,0.125,0.125,0.125,0.125
92,92.0,92.2,0.125,0.125,0.125,0.125,0.125,0.125,0.125,0.125
93,93.0,93.2,0.125,0.125,0.125,0.125,0.125,0.125,0.125,0.125
94,94.0,94.2,0.125,0.125,0.125,0.125,0.125,0.125,0.125,0.125
95,95.0,95.3,0.125,0.125,0.125,0.125,0.125,0.125,0.125,0.125
96,96.0,96.3,0.125,0.125,0.125,0.125,0.125,0.125,0.125,0.125
97,97.0,97.3,0.125,0.125,0.125,0.125,0.125,0.125,0.125,0.125
98,98.0,98.3,0.125,0.125,0.125,0.125,0.125,0.125,0.125,0.125
99,99.0,99.3,0.125,0.125,0.125,0.125,0.125,0.125,0.125,0.125
100,100.0,100.3,0.125,0.125,0.125,0.125,0.125,0.125,0.125,0.125
101,101.0,101.3,0.125,0.125,0.125,0.125,0.125,0.125,0.125,0.125
102,102.0,102.3,0.125,0.125,0.125,0.125,0.125,0.125,0.125,0.125
103,103.0,103.3,0.125,0.125,0.125,0.125,0.125,0.125,0.125,0.125
104,104.0,104.3,0.125,0.125,0.125,0.125,0.125,0.125,0.125,0.125
105,105.0,105.3,0.125,0.125,0.125,0.125,0.125,0.125,0.125,0.125
106,106.0,106.3,0.125,0.125,0.125,0.125,0.125,0.125,0.125,0.125
107,107.0,107.3,0.125,0.125,0.125,0.125,0.125,0.125,0.125,0.125
108,108.0,108.3,0.125,0.125,0.125,0.125,0.125,0.125,0.125,0.125
109,109.0,109.3,0.125,0.125,0.125,0.125,0.125,0.125,0.125,0.125
110,110.0,110.3,0.125,0.125,0.125,0.125,0.125,0.125,0.125,0.125
111,111.0,111.3,0.125,0.125,0.125,0.125,0.125,0.125,0.125,0.125
112,112.0,112.3,0.125,0.125,0.125,0.125,0.125,0.125,0.125,0.125
113,113.0,113.3,0.125,0.125,0.125,0.125,0.125,0.125,0.125,0.125
114,114.0,114.3,0.125,0.125,0.125,0.125,0.125,0.125,0.125,0.125
115,115.0,115.3,0.125,0.125,0.125,0.125,0.125,0.125,0.125,0.125
116,116.0,116.3,0.125,0.125,0.125,0.125,0.125,0.125,0.125,0.125
117,117.0,117.3,0.125,0.125,0.125,0.125,0.125,0.125,0.125,0.125
118,118.0,118.3,0.125,0.125,0.125,0.125,0.125,0.125,0.125,0.125
119,119.0,119.3,0.125,0.125,0.125,0.125,0.125,0.125,0.125,0.125
120,120.0,120.3,0.125,0.125,0.125,0.125,0.125,0.125,0.125,0.125
121,121.0,121.3,0.125,0.125,0.125,0.125,0.125,0.125,0.125,0.125
122,122.0,122.3,0.125,0.125,0.125,0.125,0.125,0.125,0.125,0.125
123,123.0,123.3,0.125,0.125,0.125,0.125,0.125,0.125,0.125,0.125
124,124.0,124.3,0.125,0.125,0.125,0.125,0.125,0.125,0.125,0.125
125,125.0,125.3,0.125,0.125,0.125,0.125,0.125,0.125,0.125,0.125
126,126.0,126.3,0.125,0.125,0.125,0.125,0.125,0.125,0.125,0.125
127,127.0,127.3,0.125,0.125,0.125,0.125,0.125,0.125,0.125,0.125
128,128.0,128.3,0.125,0.125,0.125,0.125,0.125,0.125,0.125,0.125
129,129.0,129.3,0.125,0.125,0.125,0.125,0.125,0.125,0.125,0.125
130,130.0,130.3,0.125,0.125,0.125,0.125,0.125,0.125,0.125,0.125
131,131.0,131.3,0.125,0.125,0.125,0.125,0.125,0.125,0.125,0.125
132,132.0,132.3,0.125,0.125,0.125,0.125,0.125,0.125,0.125,0.125
133,133.0,133.3,0.125,0.125,0.125,0.125,0.125,0.125,0.125,0.125
134,134.0,134.3,0.125,0.125,0.125,0.125,0.125,0.125,0.125,0.125
135,135.0,135.3,0.125,0.125,0.125,0.125,0.125,0.125,0.125,0.125
136,136.0,136.3,0.125,0.125,0.125,0.125,0.125,0.125,0.125,0.125
137,137.0,137.3,0.125,0.125,0.125,0.125,0.125,0.125,0.125,0.125
138,138.0,138.3,0.125,0.125,0.125,0.125,0.125,0.125,0.125,0.125
139,139.0,139.3,0.125,0.125,0.125,0.125,0.125,0.125,0.125,0.125
140,140.0,140.3,0.125,0.125,0.125,0.125,0.125,0.125,0.125,0.125
141,141.0,141.3,0.125,0.125,0.125,0.125,0.125,0.125,0.125,0.125
142,142.0,142.3,0.125,0.125,0.125,0.125,0.125,0.125,0.125,0.125
143,143.0,143.3,0.125,0.125,0.125,0.125,0.125,0.125,0.125,0.125
144,144.0,144.3,0.125,0.125,0.125,0.125,0.125,0.125,0.125,0.125
145,145.0,145.3,0.125,0.125,0.125,0.125,0.125,0.125,0.125,0.125
146,146.0,146.3,0.125,0.125,0.125,0.125,0.125,0.125,0.125,0.125
147,147.0,147.3,0.125,0.125,0.125,0.125,0.125,0.125,0.125,0.125
148,148.0,148.3,0.125,0.125,0.125,0.125,0.125,0.125,0.125,0.125
149,149.0,149.3,0.125,0.125,0.125,0.125,0.125,0.125,0.125,0.125
150,150.0,150.3,0.125,0.125,0.125,0.125,0.125,0.125,0.125,0.125
151,151.0,151.3,0.125,0.125,0.125,0.125,0.125,0.125,0.125,0.125
152,152.0,152.3,0.125,0.125,0.125,0.125,0.125,0.125,0.125,0.125
153,153.0,153.3,0.125,0.125,0.125,0.125,0.125,0.125,0.125,0.125
154,154.0,154.3,0.125,0.125,0.125,0.125,0.125,0.125,0.125,0.125
155,155.0,155.3,0.125,0.125,0.125,0.125,0.125,0.125,0.125,0.125
156,156.0,156.3,0.125,0.125,0.125,0.125,0.125,0.125,0.125,0.125
157,157.0,157.3,0.125,0.125,0.125,0.125,0.125,0.125,0.125,0.125
158,158.0,158.3,0.125,0.125,0.125,0.125,0.125,0.125,0.125,0.125
159,159.0,159.3,0.125,0.125,0.125,0.125,0.125,0.125,0.125,0.125
160,160.0,160.3,0.125,0.125,0.125,0.125,0.125,0.125,0.125,0.125
161,161.0,161.3,0.125,0.125,0.125,0.125,0.125,0.125,0.125,0.125
162,162.0,162.3,0.125,0.125,0.125,0.125,0.125,0.125,0.125,0.125
163,163.0,163.3,0.125,0.125,0.125,0.125,0.125,0.125,0.125,0.125
164,164.0,164.3,0.125,0.125,0.125,0.125,0.125,0.125,0.125,0.125
165,165.0,165.3,0.125,0.125,0.125,0.125,0.125,0.125,0.125,0.125
166,166.0,166.3,0.125,0.125,0.125,0.125,0.125,0.125,0.125,0.125
167,167.0,167.3,0.125,0.125,0.125,0.125,0.125,0.125,0.125,0.125
168,168.0,168.3,0.125,0.125,0.125,0.125,0.125,0.125,0.125,0.125
169,169.0,169.3,0.125,0.125,0.125,0.125,0.125,0.125,0.125,0.125
170,170.0,170.3,0.125,0.125,0.125,0.125,0.125,0.125,0.125,0.125
171,171.0,171.3,0.125,0.125,0.125,0.125,0.125,0.125,0.125,0.125
172,172.0,172.3,0.125,0.125,0.125,0.125,0.125,0.125,0.125,0.125
173,173.0,173.3,0.125,0.125,0.125,0.125,0.125,0.125,0.125,0.125
174,174.0,174.3,0.125,0.125,0.125,0.125,0.125,0.125,0.125,0.125
175,175.0,175.3,0.125,0.125,0.125,0.125,0.125,0.125,0.125,0.125
176,176.0,176.3,0.125,0.125,0.125,0.125,0.125,0.125,0.125,0.125
177,177.0,177.3,0.125,0.125,0.125,0.125,0.125,0.125,0.125,0.125
178,178.0,178.3,0.125,0.125,0.125,0.125,0.125,0.125,0.125,0.125
179,179.0,179.3,0.125,0.125,0.125,0.125,0.125,0.125,0.125,0.125
180,180.0,180.3,0.125,0.125,0.125,0.125,0.125,0.125,0.125,0.125
181,181.0,181.3,0.125,0.125,0.125,0.125,0.125,0.125,0.125,0.125
182,182.0,182.3,0.125,0.125,0.125,0.125,0.125,0.125,0.125,0.125
183,183.0,183.3,0.125,0.125,0.125,0.125,0.125,0.125,0.125,0.125
184,184.0,184.3,0.125,0.125,0.125,0.125,0.125,0.125,0.125,0.125
185,185.0,185.3,0.125,0.125,0.125,0.125,0.125,0.125,0.125,0.125
186,186.0,186.3,0.125,0.125,0.125,0.125,0.125,0.125,0.125,0.125
187,187.0,187.3,0.125,0.125,0.125,0.125,0.125,0.125,0.125,0.125
188,188.0,188.3,0.125,0.125,0.125,0.125,0.125,0.125,0.125,0.125
189,189.0,189.3,0.125,0.125,0.125,0.125,0.125,0.125,0.125,0.125
190,190.0,190.3,0.125,0.125,0.125,0.125,0.125,0.125,0.125,0.125
191,191.0,191.3,0.125,0.125,0.125,0.125,0.125,0.125,0.125,0.125
192,192.0,192.3,0.125,0.125,0.125,0.125,0.125,0.125,0.125,0.125
193,193.0,193.3,0.125,0.125,0.125,0.125,0.125,0.125,0.125,0.125
194,194.0,194.3,0.125,0.125,0.125,0.125,0.125,0.125,0.125,0.125
195,195.0,195.3,0.125,0.125,0.125,0.125,0.125,0.125,0.125,0.125
196,196.0,196.3,0.125,0.125,0.125,0.125,0.125,0.125,0.125,0.125
197,197.0,197.3,0.125,0.125,0.125,0.125,0.125,0.125,0.125,0.125
198,198.0,198.3,0.125,0.125,0.125,0.125,0.125,0.125,0.125,0.125
199,199.0,199.3,0.125,0.125,0.125,0.125,0.125,0.125,0.125,0.125
200,200.0,200.3,0.11742424242424243,0.11742424242424243,0.11742424242424243,0.14873737373737375,0.12651515151515152,0.11742424242424243,0.13762626262626262,0.11742424242424243
201,201.0,201.3,0.12444444444444444,0.11444444444444446,0.11444444444444446,0.1438888888888889,0.12277777777777779,0.11444444444444446,0.13277777777777777,0.13277777777777777
202,202.0,202.3,0.12444444444444444,0.11444444444444446,0.11444444444444446,0.1438888888888889,0.12277777777777779,0.11444444444444446,0.13277777777777777,0.13277777777777777
203,203.0,203.3,0.12996503496503495,0.11087412587412586,0.11087412587412586,0.13765734265734264,0.11856643356643355,0.11087412587412586,0.13534965034965035,0.14583916083916082
204,204.0,204.3,0.1253246753246753,0.11699134199134198,0.1079004329004329,0.13961038961038957,0.11504329004329003,0.1162337662337662,0.13051948051948048,0.14837662337662333
205,205.0,205.3,0.12380952380952379,0.11547619047619044,0.10714285714285714,0.1464285714285714,0.11428571428571425,0.11547619047619044,0.12976190476190474,0.1476190476190476
206,206.0,206.3,0.11975940725940723,0.11142607392607391,0.10309274059274058,0.14237845487845485,0.11023559773559773,0.11142607392607391,0.15234348984348983,0.14933816183816181
207,207.0,207.3,0.11669413919413918,0.10836080586080583,0.10066849816849814,0.1377197802197802,0.10733516483516481,0.10900183150183147,0.16217032967032965,0.15804945054945052
208,208.0,208.3,0.11447802197802197,0.11328754578754577,0.09900183150183148,0.13495421245421244,0.11233516483516481,0.10733516483516481,0.16460622710622708,0.1540018315018315
209,209.0,209.3,0.11364468864468864,0.11870421245421243,0.09816849816849815,0.13328754578754579,0.11066849816849815,0.10650183150183148,0.16877289377289376,0.15025183150183147
210,210.0,210.3,0.1130952380952381,0.11815476190476189,0.0976190476190476,0.13273809523809524,0.1101190476190476,0.10595238095238094,0.17261904761904762,0.14970238095238092
211,211.0,211.3,0.11027777777777777,0.11486111111111111,0.09527777777777777,0.14055555555555554,0.10777777777777778,0.1036111111111111,0.18027777777777776,0.1473611111111111
212,212.0,212.3,0.11568181818181818,0.1228409090909091,0.10034090909090909,0.13818181818181818,0.10034090909090909,0.09409090909090909,0.1753409090909091,0.15318181818181817
213,213.0,213.3,0.1125222816399287,0.11952985739750444,0.09757130124777183,0.14835115864527632,0.09793894830659536,0.09168894830659537,0.18347816399286984,0.14891934046345812
214,214.0,214.3,0.11104871435753787,0.1116897399985635,0.09673875960640664,0.15304217840982542,0.09799926380808731,0.09854871435753786,0.18714581986640805,0.1437868095956331
215,215.0,215.3,0.1097884936700726,0.1097884936700726,0.09515174153332047,0.15421044598676176,0.09673904312062204,0.09728849367007258,0.1953838924233661,0.14164939592571169
216,216.0,216.3,0.09557451320609214,0.10938403701561594,0.09417100443416232,0.1637680740312319,0.10131386157701945,0.09660015423173315,0.1990167727009832,0.14017158280316172
217,217.0,217.3,0.09347744360902253,0.11264411027568921,0.09249060150375939,0.16451441102756886,0.09963345864661652,0.09437030075187967,0.19849937343358393,0.14437030075187968
218,218.0,218.3,0.09184587471352176,0.1098605805958747,0.09096352177234529,0.15930290297937358,0.0972135217723453,0.09310637891520243,0.2081073338426279,0.14959988540870892
219,219.0,219.3,0.09009012300572401,0.10773718182925343,0.08896967482645231,0.15420411642918033,0.09485202776762877,0.0908744367312142,0.21602119108512968,0.1572512483254171
220,220.0,220.3,0.08306669637551989,0.10626931075460484,0.08761215092097444,0.15562685680332738,0.09316770647653001,0.0893166963755199,0.22020721925133685,0.16473336304218655
221,221.0,221.3,0.08204235653071297,0.11021573114371605,0.08639018261766948,0.15596401489657646,0.09165334051240633,0.08792470947188943,0.22423789653161036,0.16157176829541883
222,222.0,222.3,0.0818611971104231,0.10415221878224974,0.08602786377708978,0.15542053663570693,0.09129102167182661,0.08774355005159958,0.23211300309597518,0.161390608875129
223,223.0,223.3,0.08136773305813552,0.10300515995872032,0.08536773305813553,0.15394014447884413,0.09063089095287236,0.08725008599931199,0.23754110767113862,0.1608971448228414
224,224.0,224.3,0.0807676430896245,0.1070834325633087,0.08461379693577835,0.15183218226561876,0.0898769548305152,0.08664999603080097,0.23949432404540763,0.15968167023894578
225,225.0,225.3,0.08036203505243751,0.1058883508419112,0.08420818889859136,0.15533045786915753,0.0894713467933282,0.08624438799361397,0.23978897091900184,0.1587062616319582
226,226.0,226.3,0.08046785515825763,0.1052798852334456,0.08431400900441147,0.16966908220778185,0.08957716689914831,0.08635020809943408,0.23748738361741456,0.14685440978010633
227,227.0,227.3,0.08010895479935726,0.10427163422519459,0.08381265850306095,0.16815948069818037,0.0890758163977978,0.08599130774053373,0.24208463821466913,0.14649550942120598
228,228.0,228.3,0.08002354555804803,0.10359333960839127,0.0835949741294766,0.17021916673242327,0.08885813202421344,0.08002354555804803,0.2525492188116468,0.14113807757775249
229,229.0,229.3,0.07935158636957504,0.10237790215904871,0.08279986223164401,0.16820861738524812,0.08806302012638086,0.07935158636957504,0.26048424814571924,0.13936317721280886
230,230.0,230.3,0.07906997717417275,0.09633313506890959,0.08251825303624172,0.1718338442455022,0.08778141093097855,0.07906997717417275,0.2647716044675583,0.13862179790246404
231,231.0,231.3,0.07960051981190945,0.0968636777066463,0.07931939531391749,0.1723055084328411,0.08699219176287118,0.07960051981190945,0.26659595414658593,0.13872223301331904
232,232.0,232.3,0.07912902858383927,0.09212902858383928,0.07874037720412688,0.17719621301688182,0.08615001575834375,0.08235483503545218,0.26645298583871946,0.13784751597879724
233,233.0,233.3,0.07877967900868324,0.09147198670099094,0.07829022117735795,0.17527229016553963,0.09284271687443195,0.08190467900868324,0.27146190568231676,0.1299765213819962
234,234.0,234.3,0.07821531009872609,0.09038462226803826,0.07763115529770383,0.17609285712581244,0.09194555575668259,0.08124561312902912,0.27542924009082753,0.12905564623317986
235,235.0,235.3,0.0773495092329252,0.08930237118578717,0.07667622787218817,0.17935488921137396,0.09029798763852624,0.08029068570351346,0.2803031896706595,0.12642513948502604
236,236.0,236.3,0.07685620694934162,0.09269471626611178,0.07609889197515915,0.1754738488725331,0.08952302328299921,0.07971334980648445,0.28402558596338834,0.12561437688398214
237,237.0,237.3,0.07665368916061692,0.09224589305866789,0.07581700910706939,0.17461999008763987,0.08924114041490945,0.07943146693839469,0.28657895213744417,0.12541185909525746
238,238.0,238.3,0.07657861408554185,0.0921708179835928,0.07566685895691924,0.17439476486241462,0.0890909902647593,0.07928131678824454,0.287479853038345,0.1253367840201824
239,239.0,239.3,0.07588459099556115,0.09088459099556116,0.07490171211160428,0.17512699922497005,0.08814468399915447,0.07851616994292958,0.295656661734658,0.12088459099556118
240,240.0,240.3,0.07546784598883313,0.08991945889205895,0.07441749072161039,0.17163618491581958,0.08749379594249393,0.07803194855293569,0.2987906542226403,0.1242426207636079
241,241.0,241.3,0.0753326196693963,0.08978423257262211,0.07671816183807098,0.17073263967016905,0.08062780039228785,0.0778326196693963,0.29841123634322236,0.1305606898448349
242,242.0,242.3,0.07307288439165303,0.08732288439165305,0.07433647534081553,0.16723866303897658,0.0807461138950324,0.07551190878189692,0.3097639752420035,0.13200709491796883
243,243.0,243.3,0.07276626925881839,0.08651918301173214,0.07391371618939785,0.1712225411099856,0.08016950858976855,0.07514722163977076,0.311346505516607,0.1289150546839196
244,244.0,244.3,0.07093308701784941,0.08422284736643328,0.07196979197722178,0.16987400176177025,0.08808313423514233,0.07325866841319825,0.31669223498853344,0.12496623423985109
245,245.0,245.3,0.07059982158540477,0.08345696444254763,0.07153081829953402,0.1728097198411272,0.08751188542517944,0.07287254885813205,0.31684575300114853,0.12437248854692622
246,246.0,246.3,0.07876003897905581,0.08212123716784021,0.07049911650126588,0.17280636160993487,0.08544794000846079,0.07189135211036896,0.3199556232753763,0.11851833034769696
247,247.0,247.3,0.0785119493659536,0.08149311234711659,0.07025102688816366,0.17560932737757684,0.08508490786662294,0.07164326249726674,0.3193672594700235,0.11803915418727606
248,248.0,248.3,0.07822961856455138,0.08085348027160494,0.06987207772927351,0.1779607207576713,0.08723001077338079,0.07131262251712055,0.317002914853451,0.11753855453294633
249,249.0,249.3,0.07644707662288935,0.07949194841776117,0.0687546046071669,0.17943178905908108,0.08518667905881966,0.07251413013675138,0.3218666984455263,0.11630707365200403
250,250.0,250.3,0.07619344579745002,0.07892071852472275,0.06841232129945807,0.18168636220461168,0.08468559621731128,0.07216566801967225,0.3220781521809162,0.11585773575585763
251,251.0,251.3,0.07595251744243245,0.0783795858307634,0.0702602719743133,0.18165121589569444,0.08420953167921738,0.07427293786935188,0.3198428768245896,0.11543106248363735
252,252.0,252.3,0.07580737563760012,0.07811830000734804,0.06998724404740961,0.1805092256504413,0.08392468521203231,0.07398265425968728,0.3224771014446965,0.11519341374078469
253,253.0,253.3,0.07615329649965537,0.07698361588449756,0.06979370745855949,0.1824670599895475,0.07994060231079794,0.07148915186760697,0.32635202085506604,0.11682054513426905
254,254.0,254.3,0.07733686103434001,0.08505477375225275,0.07226320995228556,0.17835053923289218,0.0809828943862557,0.07257515291128734,0.31958829231938474,0.1138482764113016
255,255.0,255.3,0.07712846718729069,0.08458663964546315,0.0719385849974085,0.17836979448744153,0.08056921562803912,0.07223773029655381,0.321690682925977,0.11347888483182596
256,256.0,256.3,0.07692958277695042,0.0841409867274848,0.07162791596030026,0.1803345669243464,0.08017437802338635,0.07191503655094832,0.32175103906272173,0.11312649397386158
257,257.0,257.3,0.07673955756097904,0.08371620706282454,0.07133030215172365,0.18028759453402096,0.07979709438111385,0.07160610987433988,0.3237332042137391,0.1127899302212588
258,258.0,258.3,0.06957581964748939,0.1020835170488038,0.07239627303398052,0.183577378419634,0.07249854001701826,0.07270575079026678,0.3127937901760132,0.11436893086679371
259,259.0,259.3,0.06944430894994097,0.10182380122305026,0.0721648866705187,0.185543649395339,0.07223799169043221,0.0725068319592725,0.3121750937082602,0.11410343640318606
260,260.0,260.3,0.06931833498571281,0.10370353561377801,0.0719425860310165,0.1874278236768175,0.06986072590037587,0.07231585964057233,0.311581987389865,0.11384914676186172
261,261.0,261.3,0.06922779544395377,0.10349685205343591,0.07181957895678993,0.1852498593647068,0.06971211434932531,0.07219285256634574,0.3146653471195662,0.1136356001458761
262,262.0,262.3,0.06912809821721547,0.10315343413208629,0.06996549576513936,0.18580342195748267,0.06955704613698346,0.07204882909847268,0.31686314275908556,0.11348053193353427
263,263.0,263.3,0.06897115073311139,0.10276322738233087,0.06974697192635546,0.18561672498327014,0.06928674846250221,0.07178778825288608,0.318619314574339,0.11320807368520462
264,264.0,264.3,0.07082035864540073,0.1023889762140183,0.06953670912796982,0.18543016142098204,0.0707219212249294,0.0715367091279698,0.3166188837594964,0.1129462804792333
265,265.0,265.3,0.07063614682973994,0.10202971466832056,0.0693342417342157,0.1886057163819529,0.0704438701540873,0.0712950260479412,0.31496075436623355,0.11269452981750867
266,266.0,266.3,0.07045890758749042,0.10168455370675356,0.06913913889067255,0.18836499658798023,0.07017611762036144,0.07106221581374947,0.3166618224712358,0.11245224732175632
267,267.0,267.3,0.07028824896500199,0.10135267366150216,0.06895100129757062,0.18812725107852413,0.06991809411751908,0.07083779375040081,0.31830603500984433,0.11221890211963667
268,268.0,268.3,0.0701238080812491,0.10103331756218714,0.06876945833980261,0.1895055392683476,0.06966927191242721,0.07062131019165444,0.3182832918872496,0.11199400275708213
269,269.0,269.3,0.07003258852891205,0.10086046535678887,0.06862783556165909,0.1910042271843742,0.06946283127165478,0.07047968741351093,0.3177216010818952,0.11181076360120476
270,270.0,270.3,0.07129983258659728,0.09568823168087873,0.06990394806571276,0.19370736378089318,0.07072452967673554,0.07172212988389458,0.303441595004095,0.12351236932119283
271,271.0,271.3,0.07118682059858528,0.09551028462793167,0.07131378822555291,0.19283948166301107,0.07057186983657569,0.07334675525851993,0.3018472518472518,0.12338374794257145
272,272.0,272.3,0.07114020055196524,0.09546366458131163,0.0711972381090028,0.19218680101033042,0.07045531972002558,0.07325351516527985,0.303012753012753,0.12329050784933135
273,273.0,273.3,0.07109497214852786,0.09541843617787425,0.0710841671004094,0.19304614067564024,0.07034224871143217,0.07137734407269085,0.3044366400709684,0.12320005104245664
274,274.0,274.3,0.07098841735064643,0.0952492247383888,0.0709430933889138,0.19222164748480536,0.0702011749999366,0.07122689111853195,0.3060886245096771,0.12308092640909976
275,275.0,275.3,0.07088529553694027,0.09508560685692706,0.07080628099015963,0.19142208596525556,0.07006436260118241,0.07108114355887526,0.30768979760733883,0.12296542688332086
276,276.0,276.3,0.07002786655827531,0.09341215676709194,0.0699159628870496,0.1898887600682217,0.06917404449807238,0.07018230671271546,0.3153030897946152,0.12209581271395824
277,277.0,277.3,0.06931022301776235,0.0919969904104121,0.0691863264854151,0.19060406449801642,0.06842428737209182,0.06944454244785643,0.31962714800742964,0.1214064177610159
278,278.0,278.3,0.06925295381177732,0.09186430642312991,0.06908993364875715,0.19103274265038966,0.06827062532944882,0.06936771142653493,0.31981028554557966,0.1213114411643823
279,279.0,279.3,0.06919764346634032,0.08237745277822513,0.06899657155293963,0.1914438285777589,0.06812195288819432,0.06929337520590768,0.3293493291819352,0.12121984634869858
280,280.0,280.3,0.06912448699524988,0.08227697390276308,0.06891371416152622,0.1924743414620782,0.06802058383443363,0.06920170707246995,0.32881418028949916,0.12117401228197973
281,281.0,281.3,0.06905358690425459,0.08379253600108562,0.06883321907098354,0.19214511006251364,0.06792207072587293,0.06911278896345666,0.32801113504435975,0.12112955322747307
282,282.0,282.3,0.06840044861716686,0.08301831323503148,0.066742023274531,0.1932287776095825,0.06720696189736433,0.069757896290404,0.3311785030980077,0.12046707597791187
283,283.0,283.3,0.06782389675772024,0.08232481813364163,0.07282276331908681,0.19294732112746818,0.06657027706660056,0.06914716808099157,0.3284820998423939,0.11988165567209678
284,284.0,284.3,0.06731003561885912,0.08169794500676851,0.07188297394179745,0.19425465962230665,0.06599803680686031,0.06860000690883042,0.3308969766322707,0.11935936546230659
285,285.0,285.3,0.06719573802984985,0.08147437072953519,0.0717595293816159,0.19359956434928063,0.06582703542863558,0.06843313160099276,0.3325138223529768,0.11919680812711317
286,286.0,286.3,0.07259958287474103,0.08089013816205694,0.0709043428586055,0.19121476844116184,0.06529342514576081,0.06790341611975076,0.33079864589889263,0.12039568049903035
287,287.0,287.3,0.07183840929646887,0.08035341845953388,0.07013425416094118,0.1906290861412938,0.06480547905815479,0.06741914985437839,0.3349334467486859,0.11988675628054293
288,288.0,288.3,0.07176221618205844,0.08023459959917288,0.0700492625072808,0.18989385761225597,0.06470543169838176,0.06729433366539542,0.3348161706587225,0.12124412807673204
289,289.0,289.3,0.07107505346932401,0.08117050093319256,0.06935341789226676,0.18936607869361793,0.06952220113333915,0.0668521647594347,0.3319037533051856,0.12075682981363908
290,290.0,290.3,0.07044928688050525,0.08069288525732922,0.06871908585452959,0.18887063855379252,0.06884620360459814,0.06644332603243915,0.3356740852252903,0.1203044885915157
291,291.0,291.3,0.07036663403836077,0.08049866489619809,0.06865599482772157,0.19005222675051897,0.06875667154130148,0.06634358501531175,0.33519144560415903,0.12013477732642812
292,292.0,292.3,0.07028633063282537,0.08031008058808217,0.06740424110690026,0.18833169560002755,0.0686697923724515,0.06624663159312634,0.33878125749600363,0.11996997061058301
293,293.0,293.3,0.07019427162134718,0.08011288341495897,0.06731668815552841,0.187815596408532,0.06988077798064765,0.06611033287992521,0.33721109810904115,0.1213583514300193
294,294.0,294.3,0.07063101023787534,0.08018433315961933,0.0624946070047769,0.1890333000964796,0.0649892805692179,0.06624073103578465,0.3449985666986711,0.12142817119757501
295,295.0,295.3,0.0700408092200199,0.07980465845755336,0.06217174233098931,0.19065862543870443,0.06577156650250131,0.0658715249932644,0.3446108091800416,0.12107026387692554
296,296.0,296.3,0.0695023250367583,0.07945300498743826,0.06187537990981318,0.1882042161633266,0.06695739249182575,0.06552995704000004,0.34773796085130376,0.12073976351953393
297,297.0,297.3,0.06898535349848862,0.0790559135690487,0.06612419501935263,0.18899731357725927,0.06655917860040361,0.06518920653867577,0.34474891290501386,0.12033992629175738
298,298.0,298.3,0.06892606902286721,0.07894794360170382,0.0660686546464655,0.18833729112582426,0.06644995654675473,0.06509061018740839,0.34592751922610443,0.12025195564287147
299,299.0,299.3,0.06850459649142025,0.07872409952875489,0.06563497210280853,0.18763761569469103,0.06617727242496575,0.06482834048779851,0.3484930029041201,0.12000010036544076
300,300.0,300.3,0.06808500761349746,0.07843820171669155,0.06521926143253388,0.18682351308094777,0.06589106465868491,0.06455234198528077,0.35125629838567746,0.11973431112668606
301,301.0,301.3,0.06808326452195455,0.07848307867176871,0.06520583063645616,0.18548885553392191,0.06742765233408429,0.0645138580743501,0.3510216929430271,0.11977576728443702
302,302.0,302.3,0.06769456631012741,0.07821475083031192,0.06482112549342417,0.18707249236744436,0.0671598646690428,0.06425588681825642,0.35125370107410153,0.11952761243729118
303,303.0,303.3,0.0673439944594642,0.07797285801515702,0.06448560934887358,0.18750864073572027,0.07080929281837958,0.0640463929906937,0.3485278611527286,0.1193053504789828
304,304.0,304.3,0.06700602573574332,0.07773326067984575,0.06415113533487957,0.18673146130884202,0.07042653126151202,0.06381599359834278,0.35105072897213596,0.11908486310869834
305,305.0,305.3,0.06668961437343787,0.0775060951899187,0.06383810214692565,0.18672947647212354,0.07006626025008375,0.06359771753154105,0.3526964271817213,0.11887630685424799
306,306.0,306.3,0.06636930431814976,0.07722030099064746,0.06352105886226331,0.1864862066972155,0.0696330647984051,0.06336713794522031,0.3548175961040329,0.11858533028406548
307,307.0,307.3,0.06606723790151699,0.07694690902763032,0.06322215266440519,0.1873248830361348,0.06922107708947131,0.06314728700921587,0.3557634648896827,0.11830698838194265
308,308.0,308.3,0.06337935565376426,0.07748576247756951,0.061388179524657104,0.18653241344191934,0.06997967254819881,0.06323758100958743,0.3544512197148418,0.12354581562946158
309,309.0,309.3,0.06331062026041595,0.07733521638529257,0.061322404772200446,0.18639716852208657,0.06980659449552061,0.06313744538775043,0.35529980497611924,0.1233907452006141
310,310.0,310.3,0.06304190125957168,0.07708759157632943,0.061056552912002834,0.18616044815856023,0.06943615973303809,0.06293876594604034,0.3571397893888781,0.12313879102557909
311,311.0,311.3,0.0629964867859046,0.07700472391914173,0.06101391597980438,0.18661230453339303,0.069351917847218,0.06397431004579272,0.35597444200006356,0.12307189888868175
312,312.0,312.3,0.06295202871924334,0.07692363581585043,0.060972149554898145,0.18958254091499377,0.06784081487016541,0.06388808555422529,0.3548343430921753,0.12300640147844803
313,313.0,313.3,0.06291226551686367,0.07684363116477862,0.06092305102764918,0.18815185713746194,0.06913191962384171,0.0638193445489427,0.3553322691837605,0.12288566179670153
314,314.0,314.3,0.06289300699760517,0.0768243726455201,0.06089463499923316,0.187715904201509,0.06907603106795315,0.06267276890236706,0.35707707992857124,0.12284620125724102
315,315.0,315.3,0.06266982291378828,0.07666005179991428,0.06068339549257824,0.18812143666230402,0.06885284698413628,0.06253438079814813,0.35778015318620754,0.12269791216292307
316,316.0,316.3,0.062468194385289035,0.07651248671752534,0.05954107371623287,0.1878920576481713,0.06865121845563703,0.062421878829363675,0.35992768005364206,0.1225854101941386
317,317.0,317.3,0.06225855751945365,0.07635256637522456,0.05934287588036774,0.18724044643201326,0.06840564268593821,0.06226859927200373,0.36169091859932656,0.1224403932356721
318,318.0,318.3,0.06221782594526254,0.07627824017617343,0.05931334251446331,0.18765492929813693,0.06832964396309608,0.06220071575303214,0.3616246774292642,0.12238062492057108
319,319.0,319.3,0.06217790728250544,0.07620542677657423,0.05928438876398691,0.18806160017220494,0.06539796838989047,0.06213415473875289,0.3644165182680096,0.12232203560807534
320,320.0,320.3,0.061980047218122156,0.07605471529671065,0.059097267531218745,0.18838131211846565,0.06524549447181076,0.061989512778046416,0.36228864720310544,0.1249630033825199
321,321.0,321.3,0.061791532714864025,0.07861241955587159,0.05891927269974685,0.18869793034357557,0.06509869390934916,0.06185040805675823,0.36027322329250433,0.12475651942733006
322,322.0,322.3,0.06175391161318268,0.07854387699469734,0.0588919587512298,0.1881478629453836,0.06502831277490775,0.06178759015153412,0.36114522201774135,0.12470126475132319
323,323.0,323.3,0.06262610323070139,0.07029485649100395,0.05977425137884953,0.1894431333037381,0.06586832936025146,0.06263504073963891,0.3619839543354456,0.12737433116037092
324,324.0,324.3,0.06259839985985861,0.07023745014986413,0.05975644899810576,0.18925320890674718,0.06580902042682966,0.06259153458750663,0.36240730928155973,0.12734662778952813
325,325.0,325.3,0.05912478889948354,0.06962098204663192,0.05913998089487356,0.1880804091604098,0.0650070610901323,0.07180494634062601,0.36518398602340224,0.12203784554444048
326,326.0,326.3,0.05913023180286605,0.06967895370708668,0.059155130651294296,0.18756427384304622,0.06510446690753594,0.07177845314673958,0.3654394080864669,0.12214908185496418
327,327.0,327.3,0.058995439788779525,0.0693948336347753,0.061728269706075464,0.18741472824981753,0.06487757808471092,0.0716122886125249,0.36314016299915985,0.12283669892415632
328,328.0,328.3,0.05810858571318387,0.0683646570608045,0.060700600805198957,0.1859929650577952,0.06390088939281148,0.06993703504163319,0.36290328300477426,0.13009198392379834
329,329.0,329.3,0.05807512607664188,0.06830372489679,0.06067629867781447,0.18636308185415318,0.06383845684594065,0.07082566712101823,0.3618828244123193,0.13003482011532208
330,330.0,330.3,0.05797114860695478,0.06810166949387104,0.060439058423424674,0.18665567906642602,0.0646493896320092,0.07068293640052305,0.36159256404042484,0.12990755433636622
331,331.0,331.3,0.05787140808317812,0.06790800222534024,0.060213181920279045,0.18694569181659673,0.06451282111658797,0.07054511795721306,0.3612842669241572,0.13071950995664738
332,332.0,332.3,0.05778311144008115,0.07022964247816146,0.06000533366230336,0.18671576362150288,0.0643883227507982,0.07043439369610646,0.3598208725508223,0.13062255980022403
333,333.0,333.3,0.05848284284571612,0.07848451757551794,0.06059160858169151,0.18684765031017822,0.06513992159620605,0.06279229703514275,0.3592174686849357,0.1284436933706114
334,334.0,334.3,0.05841727458455054,0.07830280529576931,0.06040989630194289,0.18730681968019708,0.06507435333504047,0.06271173627022905,0.35947955018773836,0.12829756434453216
335,335.0,335.3,0.05758027916341555,0.08490580462847591,0.05947049919317047,0.18604748832581192,0.06422901763033584,0.06185166434389163,0.3577300635129263,0.12818518320197214
336,336.0,336.3,0.06455508384811383,0.08420454349757348,0.058655477948507916,0.1852346838669688,0.06350332461453642,0.06111148487292779,0.35668540037523994,0.12605000097613167
337,337.0,337.3,0.0644813697888564,0.08400568806317467,0.05848879754628413,0.18557811444843528,0.06342156679723522,0.06101548407029687,0.3571631107058914,0.12584586857982577
338,338.0,338.3,0.06445856420644644,0.08395917830883044,0.058473893354518934,0.18513225911515155,0.06427581557639289,0.06097077149500126,0.35693536474024856,0.12579415320340973
339,339.0,339.3,0.06438784243584839,0.08376854987147572,0.05831431599618921,0.1863492076282859,0.06418956826628236,0.060878512849963776,0.35651361380341173,0.1255983891485427
340,340.0,340.3,0.06322065818796324,0.08193652484092517,0.057611703124799095,0.1869972447552466,0.06355657903771808,0.060239603086775964,0.35553353262512527,0.13090415434144637
341,341.0,341.3,0.0622229984233806,0.08039294122975518,0.0570090776060115,0.18407825043317544,0.06308222904682001,0.05969730954437724,0.3579090344939357,0.1356081592225442
342,342.0,342.3,0.0621384847440196,0.08015988133684476,0.056846898023861434,0.18491487934463363,0.062920867344584,0.059592314719843706,0.35811862028772257,0.13530805419849012
343,343.0,343.3,0.062076730349421336,0.08199476460643867,0.05671075420378417,0.18527738836052077,0.06284462649482134,0.05951041387185679,0.356447253028618,0.13513806908453876
344,344.0,344.3,0.06118358913813458,0.0805459451916671,0.05616296977927991,0.18517105418843385,0.06235390896487151,0.059014119421873415,0.362678085926749,0.13289032738899048
345,345.0,345.3,0.06112562692639746,0.08035385240462292,0.0560365955873661,0.18631082828906947,0.06228194115089349,0.05893665597132057,0.36222329973203693,0.13273119993829285
346,346.0,346.3,0.06033412265901732,0.07906518651065428,0.05554705649065763,0.18545763183082195,0.06184430983765371,0.058493608560816056,0.3618556373920048,0.1374024467183741
347,347.0,347.3,0.05962526483726458,0.07790438705081301,0.05510188900241332,0.18491976594827367,0.061421604502456685,0.05891089780629918,0.36125089129458704,0.14086529955789237
348,348.0,348.3,0.059027141513494676,0.07699387406302567,0.05480282734052837,0.18451408026932886,0.06191555896745432,0.057817258142281745,0.3608675778801867,0.1440616818236995
349,349.0,349.3,0.058494769522470604,0.07619834417726476,0.05453361324424113,0.1839238874908711,0.06164634487116709,0.05754198784444412,0.3607349151914882,0.14692613765805285
350,350.0,350.3,0.058475693458895604,0.07615959856215553,0.054521093697844206,0.18349042312102629,0.061607599256057854,0.057510392234472206,0.36135854670912376,0.14687665296042435
351,351.0,351.3,0.0584232482088143,0.07598678837235448,0.054407759993326074,0.18302998817534138,0.06153579916726689,0.05744562338088287,0.3574438646343333,0.1517269280676805
352,352.0,352.3,0.05790189178745788,0.07511088649645259,0.054065912951479035,0.18265148889684213,0.061233490364958086,0.05715601299127249,0.35788888627935495,0.15399143023218267
353,353.0,353.3,0.057440085508757364,0.07436130524984771,0.05376414946647238,0.18322197812369628,0.06103149844740709,0.05689862468912436,0.35714385023972517,0.1561385082749694
354,354.0,354.3,0.056996581349949595,0.07361097380649909,0.053463929273210184,0.18255168967609672,0.060767168022687904,0.05664090135568382,0.35799164277360396,0.15797711374226858
355,355.0,355.3,0.056587316386940215,0.07291471278815712,0.05318343457844664,0.18190613317914398,0.06052089387531719,0.056401128568882186,0.3588315645256466,0.15965481609746587
