Total_iterations,Unnamed: 0.1,Intertwine_two,Invert_path_vertices,Insert_inside_vertex,Delete_inside_vertex,Replace_inside_vertex,Donate_between_routes,Trim_one_terminal_cb,Grow_one_terminal_cb
0,0.0,0.125,0.125,0.125,0.125,0.125,0.125,0.125,0.125
1,1.0,0.125,0.125,0.125,0.125,0.125,0.125,0.125,0.125
2,2.0,0.125,0.125,0.125,0.125,0.125,0.125,0.125,0.125
3,3.0,0.125,0.125,0.125,0.125,0.125,0.125,0.125,0.125
4,4.0,0.125,0.125,0.125,0.125,0.125,0.125,0.125,0.125
5,5.0,0.125,0.125,0.125,0.125,0.125,0.125,0.125,0.125
6,6.0,0.125,0.125,0.125,0.125,0.125,0.125,0.125,0.125
7,7.0,0.125,0.125,0.125,0.125,0.125,0.125,0.125,0.125
8,8.0,0.125,0.125,0.125,0.125,0.125,0.125,0.125,0.125
9,9.0,0.125,0.125,0.125,0.125,0.125,0.125,0.125,0.125
10,10.0,0.125,0.125,0.125,0.125,0.125,0.125,0.125,0.125
11,11.0,0.125,0.125,0.125,0.125,0.125,0.125,0.125,0.125
12,12.0,0.125,0.125,0.125,0.125,0.125,0.125,0.125,0.125
13,13.0,0.125,0.125,0.125,0.125,0.125,0.125,0.125,0.125
14,14.0,0.125,0.125,0.125,0.125,0.125,0.125,0.125,0.125
15,15.0,0.125,0.125,0.125,0.125,0.125,0.125,0.125,0.125
16,16.0,0.125,0.125,0.125,0.125,0.125,0.125,0.125,0.125
17,17.0,0.125,0.125,0.125,0.125,0.125,0.125,0.125,0.125
18,18.0,0.125,0.125,0.125,0.125,0.125,0.125,0.125,0.125
19,19.0,0.125,0.125,0.125,0.125,0.125,0.125,0.125,0.125
20,20.0,0.125,0.125,0.125,0.125,0.125,0.125,0.125,0.125
21,21.0,0.125,0.125,0.125,0.125,0.125,0.125,0.125,0.125
22,22.0,0.125,0.125,0.125,0.125,0.125,0.125,0.125,0.125
23,23.0,0.125,0.125,0.125,0.125,0.125,0.125,0.125,0.125
24,24.0,0.125,0.125,0.125,0.125,0.125,0.125,0.125,0.125
25,25.0,0.125,0.125,0.125,0.125,0.125,0.125,0.125,0.125
26,26.0,0.125,0.125,0.125,0.125,0.125,0.125,0.125,0.125
27,27.0,0.125,0.125,0.125,0.125,0.125,0.125,0.125,0.125
28,28.0,0.125,0.125,0.125,0.125,0.125,0.125,0.125,0.125
29,29.0,0.125,0.125,0.125,0.125,0.125,0.125,0.125,0.125
30,30.0,0.125,0.125,0.125,0.125,0.125,0.125,0.125,0.125
31,31.0,0.125,0.125,0.125,0.125,0.125,0.125,0.125,0.125
32,32.0,0.125,0.125,0.125,0.125,0.125,0.125,0.125,0.125
33,33.0,0.125,0.125,0.125,0.125,0.125,0.125,0.125,0.125
34,34.0,0.125,0.125,0.125,0.125,0.125,0.125,0.125,0.125
35,35.0,0.125,0.125,0.125,0.125,0.125,0.125,0.125,0.125
36,36.0,0.125,0.125,0.125,0.125,0.125,0.125,0.125,0.125
37,37.0,0.125,0.125,0.125,0.125,0.125,0.125,0.125,0.125
38,38.0,0.125,0.125,0.125,0.125,0.125,0.125,0.125,0.125
39,39.0,0.125,0.125,0.125,0.125,0.125,0.125,0.125,0.125
40,40.0,0.125,0.125,0.125,0.125,0.125,0.125,0.125,0.125
41,41.0,0.125,0.125,0.125,0.125,0.125,0.125,0.125,0.125
42,42.0,0.125,0.125,0.125,0.125,0.125,0.125,0.125,0.125
43,43.0,0.125,0.125,0.125,0.125,0.125,0.125,0.125,0.125
44,44.0,0.125,0.125,0.125,0.125,0.125,0.125,0.125,0.125
45,45.0,0.125,0.125,0.125,0.125,0.125,0.125,0.125,0.125
46,46.0,0.125,0.125,0.125,0.125,0.125,0.125,0.125,0.125
47,47.0,0.125,0.125,0.125,0.125,0.125,0.125,0.125,0.125
48,48.0,0.125,0.125,0.125,0.125,0.125,0.125,0.125,0.125
49,49.0,0.125,0.125,0.125,0.125,0.125,0.125,0.125,0.125
50,50.0,0.125,0.125,0.125,0.125,0.125,0.125,0.125,0.125
51,51.0,0.125,0.125,0.125,0.125,0.125,0.125,0.125,0.125
52,52.0,0.125,0.125,0.125,0.125,0.125,0.125,0.125,0.125
53,53.0,0.125,0.125,0.125,0.125,0.125,0.125,0.125,0.125
54,54.0,0.125,0.125,0.125,0.125,0.125,0.125,0.125,0.125
55,55.0,0.125,0.125,0.125,0.125,0.125,0.125,0.125,0.125
56,56.0,0.125,0.125,0.125,0.125,0.125,0.125,0.125,0.125
57,57.0,0.125,0.125,0.125,0.125,0.125,0.125,0.125,0.125
58,58.0,0.125,0.125,0.125,0.125,0.125,0.125,0.125,0.125
59,59.0,0.125,0.125,0.125,0.125,0.125,0.125,0.125,0.125
60,60.0,0.125,0.125,0.125,0.125,0.125,0.125,0.125,0.125
61,61.0,0.125,0.125,0.125,0.125,0.125,0.125,0.125,0.125
62,62.0,0.125,0.125,0.125,0.125,0.125,0.125,0.125,0.125
63,63.0,0.125,0.125,0.125,0.125,0.125,0.125,0.125,0.125
64,64.0,0.125,0.125,0.125,0.125,0.125,0.125,0.125,0.125
65,65.0,0.125,0.125,0.125,0.125,0.125,0.125,0.125,0.125
66,66.0,0.125,0.125,0.125,0.125,0.125,0.125,0.125,0.125
67,67.0,0.125,0.125,0.125,0.125,0.125,0.125,0.125,0.125
68,68.0,0.125,0.125,0.125,0.125,0.125,0.125,0.125,0.125
69,69.0,0.125,0.125,0.125,0.125,0.125,0.125,0.125,0.125
70,70.0,0.125,0.125,0.125,0.125,0.125,0.125,0.125,0.125
71,71.0,0.125,0.125,0.125,0.125,0.125,0.125,0.125,0.125
72,72.0,0.125,0.125,0.125,0.125,0.125,0.125,0.125,0.125
73,73.0,0.125,0.125,0.125,0.125,0.125,0.125,0.125,0.125
74,74.0,0.125,0.125,0.125,0.125,0.125,0.125,0.125,0.125
75,75.0,0.125,0.125,0.125,0.125,0.125,0.125,0.125,0.125
76,76.0,0.125,0.125,0.125,0.125,0.125,0.125,0.125,0.125
77,77.0,0.125,0.125,0.125,0.125,0.125,0.125,0.125,0.125
78,78.0,0.125,0.125,0.125,0.125,0.125,0.125,0.125,0.125
79,79.0,0.125,0.125,0.125,0.125,0.125,0.125,0.125,0.125
80,80.0,0.125,0.125,0.125,0.125,0.125,0.125,0.125,0.125
81,81.0,0.125,0.125,0.125,0.125,0.125,0.125,0.125,0.125
82,82.0,0.125,0.125,0.125,0.125,0.125,0.125,0.125,0.125
83,83.0,0.125,0.125,0.125,0.125,0.125,0.125,0.125,0.125
84,84.0,0.125,0.125,0.125,0.125,0.125,0.125,0.125,0.125
85,85.0,0.125,0.125,0.125,0.125,0.125,0.125,0.125,0.125
86,86.0,0.125,0.125,0.125,0.125,0.125,0.125,0.125,0.125
87,87.0,0.125,0.125,0.125,0.125,0.125,0.125,0.125,0.125
88,88.0,0.125,0.125,0.125,0.125,0.125,0.125,0.125,0.125
89,89.0,0.125,0.125,0.125,0.125,0.125,0.125,0.125,0.125
90,90.0,0.125,0.125,0.125,0.125,0.125,0.125,0.125,0.125
91,91.0,0.125,0.125,0.125,0.125,0.125,0.125,0.125,0.125
92,92.0,0.125,0.125,0.125,0.125,0.125,0.125,0.125,0.125
93,93.0,0.125,0.125,0.125,0.125,0.125,0.125,0.125,0.125
94,94.0,0.125,0.125,0.125,0.125,0.125,0.125,0.125,0.125
95,95.0,0.125,0.125,0.125,0.125,0.125,0.125,0.125,0.125
96,96.0,0.125,0.125,0.125,0.125,0.125,0.125,0.125,0.125
97,97.0,0.125,0.125,0.125,0.125,0.125,0.125,0.125,0.125
98,98.0,0.125,0.125,0.125,0.125,0.125,0.125,0.125,0.125
99,99.0,0.125,0.125,0.125,0.125,0.125,0.125,0.125,0.125
100,100.0,0.125,0.125,0.125,0.125,0.125,0.125,0.125,0.125
101,101.0,0.125,0.125,0.125,0.125,0.125,0.125,0.125,0.125
102,102.0,0.125,0.125,0.125,0.125,0.125,0.125,0.125,0.125
103,103.0,0.125,0.125,0.125,0.125,0.125,0.125,0.125,0.125
104,104.0,0.125,0.125,0.125,0.125,0.125,0.125,0.125,0.125
105,105.0,0.125,0.125,0.125,0.125,0.125,0.125,0.125,0.125
106,106.0,0.125,0.125,0.125,0.125,0.125,0.125,0.125,0.125
107,107.0,0.125,0.125,0.125,0.125,0.125,0.125,0.125,0.125
108,108.0,0.125,0.125,0.125,0.125,0.125,0.125,0.125,0.125
109,109.0,0.125,0.125,0.125,0.125,0.125,0.125,0.125,0.125
110,110.0,0.125,0.125,0.125,0.125,0.125,0.125,0.125,0.125
111,111.0,0.125,0.125,0.125,0.125,0.125,0.125,0.125,0.125
112,112.0,0.125,0.125,0.125,0.125,0.125,0.125,0.125,0.125
113,113.0,0.125,0.125,0.125,0.125,0.125,0.125,0.125,0.125
114,114.0,0.125,0.125,0.125,0.125,0.125,0.125,0.125,0.125
115,115.0,0.125,0.125,0.125,0.125,0.125,0.125,0.125,0.125
116,116.0,0.125,0.125,0.125,0.125,0.125,0.125,0.125,0.125
117,117.0,0.125,0.125,0.125,0.125,0.125,0.125,0.125,0.125
118,118.0,0.125,0.125,0.125,0.125,0.125,0.125,0.125,0.125
119,119.0,0.125,0.125,0.125,0.125,0.125,0.125,0.125,0.125
120,120.0,0.125,0.125,0.125,0.125,0.125,0.125,0.125,0.125
121,121.0,0.125,0.125,0.125,0.125,0.125,0.125,0.125,0.125
122,122.0,0.125,0.125,0.125,0.125,0.125,0.125,0.125,0.125
123,123.0,0.125,0.125,0.125,0.125,0.125,0.125,0.125,0.125
124,124.0,0.125,0.125,0.125,0.125,0.125,0.125,0.125,0.125
125,125.0,0.125,0.125,0.125,0.125,0.125,0.125,0.125,0.125
126,126.0,0.125,0.125,0.125,0.125,0.125,0.125,0.125,0.125
127,127.0,0.125,0.125,0.125,0.125,0.125,0.125,0.125,0.125
128,128.0,0.125,0.125,0.125,0.125,0.125,0.125,0.125,0.125
129,129.0,0.125,0.125,0.125,0.125,0.125,0.125,0.125,0.125
130,130.0,0.125,0.125,0.125,0.125,0.125,0.125,0.125,0.125
131,131.0,0.125,0.125,0.125,0.125,0.125,0.125,0.125,0.125
132,132.0,0.125,0.125,0.125,0.125,0.125,0.125,0.125,0.125
133,133.0,0.125,0.125,0.125,0.125,0.125,0.125,0.125,0.125
134,134.0,0.125,0.125,0.125,0.125,0.125,0.125,0.125,0.125
135,135.0,0.125,0.125,0.125,0.125,0.125,0.125,0.125,0.125
136,136.0,0.125,0.125,0.125,0.125,0.125,0.125,0.125,0.125
137,137.0,0.125,0.125,0.125,0.125,0.125,0.125,0.125,0.125
138,138.0,0.125,0.125,0.125,0.125,0.125,0.125,0.125,0.125
139,139.0,0.125,0.125,0.125,0.125,0.125,0.125,0.125,0.125
140,140.0,0.125,0.125,0.125,0.125,0.125,0.125,0.125,0.125
141,141.0,0.125,0.125,0.125,0.125,0.125,0.125,0.125,0.125
142,142.0,0.125,0.125,0.125,0.125,0.125,0.125,0.125,0.125
143,143.0,0.125,0.125,0.125,0.125,0.125,0.125,0.125,0.125
144,144.0,0.125,0.125,0.125,0.125,0.125,0.125,0.125,0.125
145,145.0,0.125,0.125,0.125,0.125,0.125,0.125,0.125,0.125
146,146.0,0.125,0.125,0.125,0.125,0.125,0.125,0.125,0.125
147,147.0,0.125,0.125,0.125,0.125,0.125,0.125,0.125,0.125
148,148.0,0.125,0.125,0.125,0.125,0.125,0.125,0.125,0.125
149,149.0,0.125,0.125,0.125,0.125,0.125,0.125,0.125,0.125
150,150.0,0.125,0.125,0.125,0.125,0.125,0.125,0.125,0.125
151,151.0,0.125,0.125,0.125,0.125,0.125,0.125,0.125,0.125
152,152.0,0.125,0.125,0.125,0.125,0.125,0.125,0.125,0.125
153,153.0,0.125,0.125,0.125,0.125,0.125,0.125,0.125,0.125
154,154.0,0.125,0.125,0.125,0.125,0.125,0.125,0.125,0.125
155,155.0,0.125,0.125,0.125,0.125,0.125,0.125,0.125,0.125
156,156.0,0.125,0.125,0.125,0.125,0.125,0.125,0.125,0.125
157,157.0,0.125,0.125,0.125,0.125,0.125,0.125,0.125,0.125
158,158.0,0.125,0.125,0.125,0.125,0.125,0.125,0.125,0.125
159,159.0,0.125,0.125,0.125,0.125,0.125,0.125,0.125,0.125
160,160.0,0.125,0.125,0.125,0.125,0.125,0.125,0.125,0.125
161,161.0,0.125,0.125,0.125,0.125,0.125,0.125,0.125,0.125
162,162.0,0.125,0.125,0.125,0.125,0.125,0.125,0.125,0.125
163,163.0,0.125,0.125,0.125,0.125,0.125,0.125,0.125,0.125
164,164.0,0.125,0.125,0.125,0.125,0.125,0.125,0.125,0.125
165,165.0,0.125,0.125,0.125,0.125,0.125,0.125,0.125,0.125
166,166.0,0.125,0.125,0.125,0.125,0.125,0.125,0.125,0.125
167,167.0,0.125,0.125,0.125,0.125,0.125,0.125,0.125,0.125
168,168.0,0.125,0.125,0.125,0.125,0.125,0.125,0.125,0.125
169,169.0,0.125,0.125,0.125,0.125,0.125,0.125,0.125,0.125
170,170.0,0.125,0.125,0.125,0.125,0.125,0.125,0.125,0.125
171,171.0,0.125,0.125,0.125,0.125,0.125,0.125,0.125,0.125
172,172.0,0.125,0.125,0.125,0.125,0.125,0.125,0.125,0.125
173,173.0,0.125,0.125,0.125,0.125,0.125,0.125,0.125,0.125
174,174.0,0.125,0.125,0.125,0.125,0.125,0.125,0.125,0.125
175,175.0,0.125,0.125,0.125,0.125,0.125,0.125,0.125,0.125
176,176.0,0.125,0.125,0.125,0.125,0.125,0.125,0.125,0.125
177,177.0,0.125,0.125,0.125,0.125,0.125,0.125,0.125,0.125
178,178.0,0.125,0.125,0.125,0.125,0.125,0.125,0.125,0.125
179,179.0,0.125,0.125,0.125,0.125,0.125,0.125,0.125,0.125
180,180.0,0.125,0.125,0.125,0.125,0.125,0.125,0.125,0.125
181,181.0,0.125,0.125,0.125,0.125,0.125,0.125,0.125,0.125
182,182.0,0.125,0.125,0.125,0.125,0.125,0.125,0.125,0.125
183,183.0,0.125,0.125,0.125,0.125,0.125,0.125,0.125,0.125
184,184.0,0.125,0.125,0.125,0.125,0.125,0.125,0.125,0.125
185,185.0,0.125,0.125,0.125,0.125,0.125,0.125,0.125,0.125
186,186.0,0.125,0.125,0.125,0.125,0.125,0.125,0.125,0.125
187,187.0,0.125,0.125,0.125,0.125,0.125,0.125,0.125,0.125
188,188.0,0.125,0.125,0.125,0.125,0.125,0.125,0.125,0.125
189,189.0,0.125,0.125,0.125,0.125,0.125,0.125,0.125,0.125
190,190.0,0.125,0.125,0.125,0.125,0.125,0.125,0.125,0.125
191,191.0,0.125,0.125,0.125,0.125,0.125,0.125,0.125,0.125
192,192.0,0.125,0.125,0.125,0.125,0.125,0.125,0.125,0.125
193,193.0,0.125,0.125,0.125,0.125,0.125,0.125,0.125,0.125
194,194.0,0.125,0.125,0.125,0.125,0.125,0.125,0.125,0.125
195,195.0,0.125,0.125,0.125,0.125,0.125,0.125,0.125,0.125
196,196.0,0.125,0.125,0.125,0.125,0.125,0.125,0.125,0.125
197,197.0,0.125,0.125,0.125,0.125,0.125,0.125,0.125,0.125
198,198.0,0.125,0.125,0.125,0.125,0.125,0.125,0.125,0.125
199,199.0,0.125,0.125,0.125,0.125,0.125,0.125,0.125,0.125
200,200.0,0.1242424242424242,0.1242424242424242,0.1242424242424242,0.1273737373737374,0.1251515151515151,0.1242424242424242,0.1262626262626262,0.1242424242424242
201,201.0,0.1241944444444444,0.1231944444444444,0.1231944444444444,0.1292388888888889,0.1249277777777777,0.1231944444444444,0.1270277777777778,0.1250277777777778
202,202.0,0.1241537626262626,0.1221637626262626,0.1221637626262626,0.1310640252525252,0.1247049141414141,0.1221637626262626,0.1277739141414141,0.1258120959595959
203,203.0,0.1246721148601398,0.1208019239510489,0.1208019239510489,0.132211741993007,0.1240639310839161,0.1208019239510489,0.1287526627622377,0.1278937774475524
204,204.0,0.1247275251076423,0.120088712774309,0.1191796218652181,0.1334944477613886,0.1230797570046786,0.1200129551985514,0.1292164894138361,0.1302004908743756
205,205.0,0.1246318506810498,0.1192643338558982,0.1175310005225649,0.1353918605532403,0.1220378780879935,0.1191893338558982,0.1295712057355735,0.1323825367077813
206,206.0,0.1241325087733895,0.1180794997405198,0.1155383482253683,0.1368048875196484,0.1206176537699424,0.1180059315587016,0.132150515923559,0.1346706544888706
207,207.0,0.1233328432348287,0.116640087972008,0.1133780808391409,0.1376664799971363,0.1189455880333097,0.1166326466724742,0.1356565088146293,0.1377477644364727
208,208.0,0.1223251454881053,0.1157544985519093,0.1111400776981631,0.1381658894525451,0.1178246246383588,0.1151537154564964,0.1393206303687392,0.1403154183456825
209,209.0,0.1212564129476201,0.1154744652128435,0.1089211590759864,0.138416574525763,0.1165941963182044,0.1136611585225697,0.1432878624014797,0.1423881709955328
210,210.0,0.1201634913632091,0.115199787625153,0.1067616606520074,0.1385359557493319,0.1153726087936233,0.1121913189568833,0.1474978369292758,0.144277339930516
211,211.0,0.1188274333728134,0.1146527624596625,0.1044925589559698,0.1393671662771776,0.1139865174256276,0.1105719469835935,0.1523038991270629,0.1457977153980926
212,212.0,0.118079888665911,0.1149605030952153,0.1028645327490671,0.1398897659076487,0.1119332609292661,0.1080928836468876,0.1564154070228916,0.1477637579831124
213,213.0,0.1170671640706689,0.1149851685578293,0.1010971121419594,0.1413599601441603,0.1097292104857258,0.1054815108198612,0.1611187446400137,0.1491611291397812
214,214.0,0.1159629063824045,0.1142688026226846,0.0993879213224841,0.1432221489184867,0.1076336940148974,0.103679326255499,0.1659421082763059,0.1499030922072375
215,215.0,0.1147939104739714,0.113408158021964,0.0976644561604869,0.1451131458679876,0.1055253628203372,0.1018800319598469,0.1713189799205658,0.1502959547748399
216,216.0,0.1122703619419446,0.112556935572351,0.095990136658502,0.1478617789281731,0.1039974833938757,0.1001459177670283,0.1767621015531893,0.1504152841849358
217,217.0,0.109622502816055,0.1120851137081392,0.0942970174914318,0.1505692453330044,0.1024275153988514,0.0983267720101533,0.1818317178072886,0.1508401154350762
218,218.0,0.1069148221211339,0.1113877110280426,0.0926024381080506,0.1526242659494786,0.1007446099483801,0.0965235839327153,0.1875218450331452,0.1516807238790535
219,219.0,0.1041516448508491,0.1105324374349719,0.0908615428050611,0.1540306922195851,0.0989585347607239,0.0946433483944471,0.1936402001487613,0.1531815993856004
220,220.0,0.100821827426121,0.1095879515376862,0.0891400659620367,0.1554404841421915,0.0971415698927925,0.092757673257804,0.1997891324788001,0.1553212953025678
221,221.0,0.0975450064488791,0.1090993698612094,0.0874532608225736,0.1567448764084736,0.0953151262810793,0.0908869571756394,0.2059304201715877,0.1570249828305578
222,222.0,0.0944227251281507,0.1080644587290587,0.0858882735309498,0.1578566730069215,0.0935984772887926,0.0891555742826247,0.2124281645151333,0.1585856535183684
223,223.0,0.0914377102540891,0.106979210428302,0.0844151677990544,0.1586848893661262,0.0919644055676696,0.0875338630313725,0.2190157932676491,0.1599689602857369
224,224.0,0.088590488098623,0.106370573713384,0.0830235046807036,0.1591720404192151,0.0904050122602752,0.0860114761380738,0.2253252339263751,0.16110167076335
225,225.0,0.0859091989048949,0.1057104210863174,0.0817463499930199,0.159886905345813,0.0889557169056039,0.0846071523293135,0.2311748861077782,0.162009369327259
226,226.0,0.083451149002597,0.1050572164586667,0.0806321111737423,0.161918581738847,0.087667089395859,0.0833702152686543,0.2362955551889946,0.1616080817726388
227,227.0,0.0811731811161955,0.1043707338807038,0.0796159801645642,0.1636736353463068,0.0864762903619864,0.0822508818064787,0.241375801106099,0.1610634962176654
228,228.0,0.0791038268311348,0.1036840791023018,0.0787216606023303,0.1655040106499637,0.0854087980545008,0.0806841097316127,0.2470015688622764,0.1598919461658793
229,229.0,0.077183409243002,0.1029436386618667,0.0778859949418081,0.1669974450493619,0.0844030371276776,0.0792002133036504,0.252913739275737,0.1584725223968962
230,230.0,0.075448554265408,0.1016671081914329,0.0771548736006962,0.1687161704182046,0.0835062912039835,0.0778380593296033,0.2587391333687353,0.1569298096219361
231,231.0,0.0739764532784347,0.100517945300591,0.0762306124158185,0.1703413664071699,0.082663049153118,0.0766774941951802,0.2642247477313247,0.1553683315183627
232,232.0,0.0726606539326865,0.0989736911106131,0.0753717633674306,0.1723127546758995,0.0818632051329839,0.0759376473527211,0.2691712158910212,0.1537090685366441
233,233.0,0.071506183310509,0.0974497115260804,0.0745874697595714,0.1739434464160316,0.0818554837327256,0.0752909414686583,0.2740967469185847,0.1512700168678387
234,234.0,0.0704834578165353,0.0959096162084548,0.0738527264387107,0.175506414115673,0.0818686906921353,0.0747091369604366,0.2789001098718803,0.1487698478961739
235,235.0,0.0695537433082008,0.0943600553749625,0.0731337489959744,0.1772451526840077,0.0818165887944338,0.0741553849221714,0.283675822790019,0.1460595031302302
236,236.0,0.0687456276815886,0.0932541082909602,0.072464360496571,0.1784430107268985,0.0817770146393907,0.0736606275058433,0.2883124777144231,0.1433427729443244
237,237.0,0.0680791776314427,0.0922082796743652,0.0718700678750848,0.1794060054684673,0.081790669699479,0.0732476847673454,0.292697934846282,0.1407001800375333
238,238.0,0.0675576101940956,0.0912599025457652,0.071359658913052,0.1802023180595485,0.0818624489456978,0.0729228591093928,0.2966737465279567,0.1381614557044911
239,239.0,0.0671090072303996,0.0902868495856004,0.0708668481631298,0.1809341472958057,0.0819047050539248,0.0726175859094925,0.3009777189761992,0.1353031377854479
240,240.0,0.066751345900052,0.0893205661252014,0.0704152449886851,0.1811856406968138,0.0819400465351154,0.0723534037309171,0.3051114828560002,0.1329222691672148
241,241.0,0.0665030930716834,0.0884433773065672,0.0702788917006601,0.1812261356753461,0.0813407918072401,0.0721524923300656,0.3087307202735457,0.1313244978348917
242,242.0,0.0661419872643544,0.08742118110436,0.0699823977930863,0.1808082485328541,0.0808061639882773,0.0717964022539426,0.3130201129999116,0.1300235060632136
243,243.0,0.0658556394957478,0.0864198514172545,0.0697168181366053,0.1806948420567735,0.0802667379197519,0.0714766075364988,0.3170062581035222,0.128563245333846
244,244.0,0.0654837145775357,0.0852900144502743,0.0693253730050828,0.1803631992840115,0.0805716447293166,0.0710366431091748,0.3210717641180951,0.1268576467265091
245,245.0,0.0651701493323034,0.0841859012167652,0.0689556192086651,0.180253400621239,0.0808640508719867,0.0706242834221169,0.3247022760411767,0.1252443192857468
246,246.0,0.0657582590734905,0.0830513372113941,0.0685454226029711,0.1800798091938234,0.08098730020425,0.0701775226833486,0.3282021585689726,0.1231981904617496
247,247.0,0.0663927666783043,0.0819581161240522,0.0681709736355192,0.1801311390100747,0.0811065277871452,0.0697677673514171,0.3312107511105177,0.1212619583029695
248,248.0,0.0670567822693731,0.080905603900124,0.0678168751814499,0.1803672570663853,0.0814681267032215,0.0693846785061226,0.3335636150198461,0.1194370613534775
249,249.0,0.0675878704701205,0.079821668476919,0.0674069912860551,0.1807028047841186,0.0816468513969356,0.0691793287474307,0.3360019638957853,0.1176525209426351
250,250.0,0.0681290788297769,0.0787857064061391,0.06701734358264,0.1812175448873814,0.0817929936137463,0.0689930157667932,0.3380762706031669,0.1159880463103561
251,251.0,0.0686727171876427,0.0778005773942271,0.0668654054942202,0.1816819845225984,0.0819058411811022,0.0690677875917162,0.3395596379199552,0.1144460487085379
252,252.0,0.0692202755317865,0.0768936227855301,0.0667353070867529,0.1819854734834994,0.0820019562499852,0.0691581053759569,0.3409609233561217,0.1130443361303673
253,253.0,0.0698135411287797,0.075976141997636,0.0666313842307538,0.1824396345038903,0.0817092788114769,0.0690382866314027,0.3424247339705942,0.1119669987254663
254,254.0,0.0705292341732507,0.0759675998141754,0.0668164271420054,0.1824370016014332,0.0815324115593584,0.0690635585180341,0.3429050635388961,0.1107487036528468
255,255.0,0.0712205947971806,0.0760039701777627,0.0670049710947469,0.1823956928909913,0.081326367984899,0.0690876768984614,0.3433144314988319,0.1096462946571261
256,256.0,0.0718820096415846,0.0760779649078704,0.06719292988753,0.1825147333112486,0.0810938734838518,0.0691086146002665,0.3434726607907201,0.1086572133769281
257,257.0,0.0725087562113047,0.0761827124166974,0.0673766812809048,0.1825953707865786,0.0808377051140773,0.069124630083737,0.3435960674512412,0.107778076655459
258,258.0,0.0723987623462006,0.078189051119701,0.0676881908318761,0.1829738451404113,0.0798668920375411,0.0692738229083591,0.3424145634095625,0.1071948722063482
259,259.0,0.0722583873708649,0.0802077290291199,0.0679924916134251,0.1835171344892234,0.0788934219157947,0.0694225238462387,0.340993132392941,0.1067151793423922
260,260.0,0.0720913117124307,0.0824286733086089,0.0682858562034399,0.1842147774803634,0.0777130179249637,0.0695681005395907,0.3393663534592953,0.1063319093713073
261,261.0,0.0719041598983969,0.0846196034271666,0.0685741509253063,0.1846569902031428,0.0765572702578648,0.0697142964471946,0.3379327447312899,0.1060407841096379
262,262.0,0.0716989898985482,0.0867458712279962,0.0686806621361359,0.1851162666045376,0.0754331389771563,0.0698562559784423,0.3366296024639198,0.1058392127132637
263,263.0,0.0714729332334606,0.0887845672028082,0.0687675181782941,0.185517817221901,0.0743356301286687,0.0699798412032069,0.3354347270077637,0.1057069658238966
264,264.0,0.0714293852011073,0.090721755065103,0.0688344568738786,0.185861545498913,0.073440900624611,0.0700840394635002,0.3339911418914047,0.1056367753814821
265,265.0,0.0713656805248661,0.0925459701980876,0.0688814774830701,0.1864841426035416,0.072580649169878,0.070168176286406,0.3323523797660362,0.1056215239681142
266,266.0,0.0712833270550728,0.0942480851663195,0.0689088133894996,0.1870416237560941,0.0717582798170878,0.0702318869012174,0.3308736844097068,0.1056542995050017
267,267.0,0.0711838988753342,0.0958211653186073,0.0689169052009877,0.1875328159707647,0.0709765234273251,0.0702750875373381,0.3295651612234865,0.1057284424461561
268,268.0,0.0710690129260908,0.0972603169291638,0.0689063744965161,0.1881186621340281,0.0702374761629315,0.0702979468161028,0.3282726247814923,0.1058375857536744
269,269.0,0.0709470415680897,0.0985759981644551,0.0688813654231101,0.1888096612439111,0.0695460075183949,0.0703075915229321,0.3269532795742196,0.1059790549848872
270,270.0,0.0709548472212654,0.0992657325805496,0.0689839332088355,0.1897238197618622,0.0690490238163527,0.0704422369650226,0.324245551494971,0.1073348549511407
271,271.0,0.0709540209639756,0.0998329238407432,0.0692264283805412,0.1904996096564204,0.0686032275591025,0.0707386793295554,0.3214411223430541,0.1087039879266073
272,272.0,0.0709509433240989,0.1002955075781273,0.0694538926218715,0.1911559512163206,0.0682100423386971,0.0710222342076005,0.3188377475179211,0.1100736811953628
273,273.0,0.0709455431801449,0.1006589916714611,0.0696647367930806,0.1918429010847019,0.0678673213132861,0.071112129298159,0.3164788489360712,0.111429527723095
274,274.0,0.0709315218604819,0.1009168006565771,0.0698545834790926,0.1923907390430709,0.0675695142932482,0.0711806417319911,0.3144006165676261,0.1127555823679119
275,275.0,0.0709091594463162,0.1010757911958535,0.0700226493557262,0.1928021461380654,0.0673141233424055,0.0712281906603397,0.3126072048252122,0.1140407350360811
276,276.0,0.0708030517366069,0.1009916358288295,0.0700927131507298,0.1930052793321289,0.0670227420689238,0.0711796305402228,0.3117052894035886,0.1151996579389695
277,277.0,0.0706280385920338,0.1006985845722224,0.0700810394234328,0.1932284644571265,0.0667070362344838,0.0710521767673567,0.3113619493493191,0.1162427106040247
278,278.0,0.0704516216855769,0.1003345541009298,0.0700519466558194,0.1934459548852706,0.0664247072905995,0.07091370892645,0.3111539090408727,0.1172235974144809
279,279.0,0.0702753287564839,0.098973538835498,0.0700068068253151,0.1936586727409883,0.0661742031773667,0.0707661942725721,0.3120071408919534,0.1181381144998222
280,280.0,0.0700985726202898,0.0975726163484904,0.0699477928859961,0.193931021657934,0.0659580900671894,0.0706095360800716,0.3128949565515824,0.1189874137884462
281,281.0,0.0699226612323652,0.0963103858955585,0.06987629004431,0.1941286457412701,0.0657743618948462,0.0704455736058437,0.3137728783581137,0.1197692032276925
282,282.0,0.0696903364112431,0.0949717777123697,0.069592387197414,0.1943950388141918,0.0655589727451967,0.0703491902653096,0.315022127356219,0.1204201694980558
283,283.0,0.0694106900083478,0.0935781461925874,0.0699164450004343,0.1945949843195639,0.0653179339189575,0.0701954594981385,0.3160383748863704,0.1209479661755999
284,284.0,0.0690917541993497,0.0921486572315066,0.0701431812686103,0.1948891924919617,0.0650562983808446,0.069991902776297,0.3173189225920545,0.1213600910593755
285,285.0,0.0687754650265455,0.0907352526165631,0.0703522973806823,0.1950821249911205,0.0648131436429806,0.0697780952371811,0.318768880639643,0.1216947404652835
286,286.0,0.0690153919855439,0.0893121563874959,0.0704690555492554,0.1950024590431332,0.0645510822684722,0.0695192472674908,0.3200397746541976,0.1220908328444107
287,287.0,0.0691910507997072,0.0878934776288287,0.0705014819042983,0.194834314553938,0.0642738558514268,0.0692216991567549,0.321704648064723,0.1223794720403227
288,288.0,0.0693679980059808,0.0865293842682992,0.0705184941810373,0.1945674093766322,0.064019663572176,0.0689233987451705,0.3233235945120392,0.1227500573386646
289,289.0,0.0694824764021144,0.0853323425305333,0.0704595284518634,0.1942276813075494,0.0642794251456081,0.0685944208333507,0.3246043303407368,0.1230197949882436
290,290.0,0.0695388560704248,0.0841656249829843,0.0703319649862372,0.193823766005253,0.0644980385687001,0.0682400342792742,0.3262070200082197,0.1231946950989064
291,291.0,0.0695904367957905,0.0830614297568205,0.0701947199731758,0.1935288697783443,0.0647293190935123,0.0678931451964242,0.3276958473990118,0.1233062320069202
292,292.0,0.0696365910804918,0.0820231679738553,0.0699306368378838,0.193056643628799,0.0649690571734361,0.0675557540778296,0.3294697292219607,0.1233584200057433
293,293.0,0.0696754214310985,0.0810518817780165,0.069658942763674,0.1925327806947711,0.0653429273581773,0.0672253809749273,0.3310023222066588,0.123510342792676
294,294.0,0.0697592311101999,0.0801754791925971,0.0689087874357286,0.1921359025800783,0.0652356392895262,0.0669299345169511,0.333222490510874,0.1236325353640445
295,295.0,0.0697843575108823,0.0793488379351833,0.0681372193688894,0.1919102187862412,0.0652148450338654,0.0666202200657089,0.3352996269946827,0.1236846743045465
296,296.0,0.0697556873702617,0.078574253661723,0.0673535170962376,0.1914491465107747,0.0653202800173895,0.06629983331354,0.3375748768190903,0.1236724052109829
297,297.0,0.0696756534665411,0.0778462061870269,0.0670182851899406,0.1910810419007737,0.0653917212381633,0.0659697114237202,0.3394253277067503,0.1235920528870835
298,298.0,0.0695907915059499,0.0771922635368862,0.0667020815352788,0.1906629082233941,0.0654567707051173,0.0656549370389052,0.341261829989736,0.1234784174647322
299,299.0,0.0694656212634424,0.0765988875451128,0.0663677957228293,0.1901933641996634,0.0654979786716133,0.0653397698540957,0.3432178873045883,0.1233186954386544
300,300.0,0.0693013989096731,0.0760575114911469,0.066018039188397,0.1896638068318818,0.0655132380023652,0.0650234052438524,0.3453074195921066,0.1231151807405767
301,301.0,0.0691412605691646,0.0755985676403407,0.0656939274502416,0.1890253365086664,0.065684408434145,0.0647301180709547,0.3472240268945436,0.122902354431943
302,302.0,0.0689476862810522,0.0751875305007837,0.0653588754034607,0.1885737120913773,0.0658291154952421,0.0644381998897713,0.3490101509403293,0.122654729397983
303,303.0,0.0687258810369755,0.0748236799969623,0.0650183994478024,0.1881958527554055,0.0663376021569011,0.0641527010132348,0.3503675140907368,0.1223783695019813
304,304.0,0.0684786405791592,0.0745037465901738,0.0646731957853213,0.1877711892901461,0.0668016809033223,0.0638716490048915,0.3518230311786642,0.1220768666683213
305,305.0,0.0682097568824599,0.0742253851159681,0.0643259885657885,0.1873783964079277,0.0672195731775405,0.0635963180366369,0.3532898433566921,0.121754738456986
306,306.0,0.0679205291248115,0.0739790874699954,0.0639769188755541,0.1869940666370824,0.0675808235498943,0.0633254762015247,0.3548161570473986,0.1214069410937387
307,307.0,0.067614505253198,0.0737624925275248,0.0636283069344244,0.1867269588778149,0.0678852725266046,0.0630601500737602,0.3562844406381659,0.121037873168507
308,308.0,0.0670548228704537,0.0736532865892962,0.0631270973307327,0.1864132941766357,0.0682484941971452,0.0628312573281639,0.3574694615948875,0.1212022859126848
309,309.0,0.0665074805144822,0.0735782713945455,0.0626520420341038,0.1861186626462441,0.0685753976788745,0.0626193035317577,0.3585906565632642,0.1213581856367278
310,310.0,0.0659560318914827,0.0735235646882811,0.0621846107084989,0.1858326072912974,0.068844879304349,0.0624138585893811,0.3597508219602077,0.1214936255665019
311,311.0,0.0654260453770974,0.0735016821558048,0.0617483782442697,0.1856236215180013,0.069084901382981,0.062337761624784,0.3606523257528621,0.1216252839441996
312,312.0,0.0649203161215725,0.0735089094838803,0.0613442477613282,0.1857424447903487,0.0691524811206869,0.0622770173916999,0.3613028904379342,0.121751692892549
313,313.0,0.0644415005973389,0.0735415608773609,0.0609718994918916,0.1857447183189547,0.0693292966974846,0.0622315841630212,0.3618735057902001,0.1218659340637478
314,314.0,0.0639933484227981,0.0736020419824417,0.0606334559619146,0.1857272405892899,0.0694808680902773,0.0620919142964121,0.362496128315656,0.1219750023412102
315,315.0,0.0635566896430777,0.0736722661990846,0.0603103446246431,0.1857719505147932,0.0695909155651858,0.0619581811521015,0.3630726054304591,0.1220670468706549
316,316.0,0.0631346652211865,0.0737505893418326,0.0599090427521435,0.1858127464078081,0.069662414753943,0.061832333121804,0.3637532629980829,0.1221449454031993
317,317.0,0.0627272148465419,0.0738327071098327,0.0595243715929482,0.1858050947023093,0.0696920944838715,0.0617096373958758,0.3645039228340683,0.122204957034552
318,318.0,0.0623517497786718,0.0739243790737816,0.0591733992559563,0.1858540099712698,0.0696983418505436,0.0615980125094046,0.3651447625271016,0.1222553450332706
319,319.0,0.0620085001129789,0.0740231411123996,0.0588560282102009,0.1859567099940097,0.0693971099443535,0.0614969210425889,0.3659655014837277,0.1222960880997407
320,320.0,0.0616814834791122,0.0741187786558111,0.0585559657512821,0.1861021601108836,0.0690707624214298,0.0613978468633457,0.3664758896060436,0.1225971131120916
321,321.0,0.0613713026956965,0.0744799822372066,0.0582735230729074,0.186287518558657,0.0687241169150562,0.061300686289045,0.3666918241010384,0.1228710461303928
322,322.0,0.0610925801806459,0.0748395355775318,0.0580230507637869,0.186423438539683,0.0683688436158186,0.0612124571993292,0.366909179010972,0.1231309151122325
323,323.0,0.0609355623931776,0.0743752749476268,0.0578945440282148,0.1866925378024989,0.0680996939966301,0.0612235474069174,0.3671310320917504,0.1236478073331839
324,324.0,0.0608083814557471,0.0739108955620321,0.0577959048016318,0.1869432406543465,0.0678292147996545,0.0612432929118608,0.3673215645814994,0.1241475052332277
325,325.0,0.0603644577000632,0.0733945728505519,0.0576650881293487,0.1870746929288996,0.0674853856449785,0.0621958874583783,0.3677215689434583,0.1240983463443214
326,326.0,0.0599530739222802,0.072897943668226,0.0575636170275913,0.1871514436065761,0.0671608967419619,0.0631466638196778,0.3680817392463272,0.1240446219673594
327,327.0,0.0595611208996727,0.0723903754972902,0.0577455220777247,0.1872096929595268,0.0668256035486203,0.0640720639846965,0.3681495446985799,0.1240460763338887
328,328.0,0.0591140209606574,0.0718005910674258,0.0578462972090406,0.1871219914108831,0.0664066905507838,0.0648128010224025,0.3681367877891746,0.1247608199896321
329,329.0,0.0586982306994147,0.0712293325240801,0.0579631076504481,0.1870687814332087,0.0659983675864641,0.0656195699044687,0.3679709256636203,0.1254516845382951
330,330.0,0.0583073906710999,0.0706657382185042,0.0580716449325495,0.1870430951787385,0.065690371089778,0.0663834497984442,0.3677317427009191,0.1261065674099665
331,331.0,0.0579422981725974,0.0701134959293865,0.058170414971035,0.1870451046636092,0.0653891075766407,0.067100154724712,0.3674242565362562,0.1268151674257628
332,332.0,0.0576041763587413,0.0698265869574222,0.0582589508493668,0.1870229262520134,0.0650967577136376,0.0677685663645674,0.3669397796546051,0.1274822558496461
333,333.0,0.0573716292176477,0.0703978869475973,0.0584147244599335,0.1870130827241395,0.0649017183718473,0.0676325854476562,0.3663722210034927,0.1278961518276855
334,334.0,0.0571668921008276,0.0709747520170593,0.0585585183226864,0.1870484861619153,0.064722008170363,0.0674537436618196,0.3658160788445863,0.1282595207207424
335,335.0,0.0569114329784132,0.0722275110456329,0.0586125068680792,0.1869569994556579,0.0644792588702034,0.0671593587880171,0.3650772369475207,0.1285756950464754
336,336.0,0.0573856886985601,0.0734116509940873,0.0585881743577175,0.1867842858628434,0.0641857127860812,0.0667673175100572,0.3642343411920472,0.1286428285986061
337,337.0,0.0578768413922621,0.0745654203292912,0.0585502800940774,0.1866476906674983,0.0639065216469256,0.0663483219532589,0.363448016637018,0.1286569072796683
338,338.0,0.0583826435423189,0.0756935644328792,0.0585140700121469,0.1864694736961687,0.0637358249511045,0.0659134263157812,0.3626547008816162,0.1286362961679843
339,339.0,0.0588915525069514,0.0767724874211324,0.0584651214360002,0.1864174011274753,0.0635789731001073,0.0654633678293397,0.3618413482466573,0.1285697483323363
340,340.0,0.0592878150496212,0.0776302762320086,0.058349298375931,0.1864346575933554,0.0633806134630151,0.0649485756654299,0.3609580454129331,0.1290107182077055
341,341.0,0.0595840137929491,0.0782909902867694,0.0581774191174787,0.1861639148520593,0.0631564144462894,0.0643839436378846,0.3603463779215843,0.129896925944985
342,342.0,0.0598685311403125,0.078883346456193,0.0579948264115419,0.1859830526318498,0.0629377573070179,0.0638184089897054,0.3597924623244726,0.1307216147389067
343,343.0,0.0601411208495167,0.07961272068444,0.0578053993103143,0.1858458458023778,0.062733172897073,0.0632589767788469,0.3591100631407941,0.1314927005366369
344,344.0,0.060316493561671,0.0801480959876052,0.0575691900256937,0.1857060416642257,0.0625010897111051,0.0626683727150059,0.3590923590641748,0.1319983572705183
345,345.0,0.0604772037372007,0.0806147029737901,0.0573299020478797,0.1856888454751945,0.0622835462548739,0.0620925401795625,0.359066804044372,0.1324464552871265
346,346.0,0.0605491767003314,0.080903174166268,0.057052655893571,0.1855942690873804,0.0620439779619019,0.0614984273145305,0.3590386032494229,0.1333197156265937
347,347.0,0.0605409160445606,0.0810283384169578,0.0567435616118397,0.1854539973775273,0.061784099283465,0.0609754064730128,0.3589809182656528,0.1344927625269838
348,348.0,0.0604645126099169,0.0810186954301384,0.0564190538659988,0.1852818419564725,0.0615959789715615,0.0603746786625781,0.358913370169109,0.1359318683342247
349,349.0,0.060328138608671,0.0808902155397538,0.0560839132198585,0.185060205182806,0.0614029450811785,0.0597809223982001,0.3588588526904605,0.1375948072790716
350,350.0,0.0601851607103301,0.0807237903632718,0.0557655316839363,0.1848060224726023,0.0612277740162228,0.0592209928537252,0.3588909107364506,0.1391798171634607
351,351.0,0.0600341414043009,0.0805110847674467,0.0554552105512937,0.1845180585453347,0.0610667383012819,0.0586934733721462,0.3585529711300894,0.1411683219281062
352,352.0,0.0598299794547841,0.0801868165796631,0.0551312623221509,0.184206160379244,0.0608962658862641,0.0581772662998516,0.358282236583909,0.1432900124941331
353,353.0,0.0595807721956756,0.0797692577851652,0.0547988790737151,0.1839669542376237,0.0607260137657798,0.0576767285714857,0.3579601383853381,0.1455212559852165
354,354.0,0.0592907283797281,0.0792643422004291,0.0544593648347241,0.1836771901042663,0.0605494086616884,0.0571926912437888,0.357746866378556,0.147819408196819
355,355.0,0.0589658209787766,0.078683758388393,0.0541157981945408,0.1833405917302676,0.060368014246879,0.0567275624713004,0.3576413615116069,0.1501570924782355
356,356.0,0.0586450490158034,0.078088708760323,0.0537876409114242,0.1832184117354435,0.0601999289048709,0.0562999628863188,0.357417339661138,0.1523429581246779
357,357.0,0.0583320429944726,0.0774884671371568,0.0534765535425896,0.1830766841189407,0.0600479489275252,0.0559117414165333,0.3572954288537384,0.1543711330090432
358,358.0,0.0580277503805004,0.0768858322753553,0.053182750994514,0.1829056849506985,0.0599088159806348,0.0555608027507725,0.3572938076425582,0.156234555024966
359,359.0,0.0577340167501404,0.0762860529576983,0.0529068056832695,0.1827061388781662,0.059782161212621,0.0552465062705081,0.3574081733524296,0.1579301448951665
360,360.0,0.0574524039794735,0.0756938464254777,0.0526490688878329,0.1825509846381864,0.0596675363896003,0.0549679167434732,0.3575614148496506,0.1594568280863052
361,361.0,0.057184202804184,0.0751134036725177,0.0524096888709347,0.1824486231287402,0.0595644260822391,0.0547238429198091,0.3575955404616127,0.1609602720599621
362,362.0,0.0569304468416951,0.0745483994979433,0.0521886292362831,0.1823899380096467,0.0594722593139444,0.0545128748363943,0.3576609872565387,0.1622964650075542
363,363.0,0.0567676853647396,0.0732065521950007,0.0520235661022324,0.1821929519531184,0.0598828448499321,0.0543712983731225,0.3578664955692524,0.1636886055926016
364,364.0,0.0565826383181568,0.0718829763727153,0.0518627130548929,0.1819549010795105,0.0602608538381684,0.0542415461914827,0.3581121929967984,0.1651021781482745
365,365.0,0.0564158815250352,0.070609239995433,0.0517254848105303,0.1815614089393082,0.0606437097589998,0.0541428842527217,0.3583944013950381,0.1665069893229333
366,366.0,0.0562299219144078,0.0693722940130613,0.0515922044323817,0.1812737956562963,0.0609881809485643,0.0540534036835362,0.358569519632339,0.1679206797194131
367,367.0,0.0560265305652679,0.0681740257605261,0.0514572976026038,0.1809536615842578,0.0612940804872874,0.0539718693799164,0.3587964125047604,0.1693261221153798
368,368.0,0.0558064482606494,0.0670152900609002,0.051319312605203,0.1805916627119358,0.0615529590604329,0.0538956095595181,0.3590540811418989,0.1707646365994612
369,369.0,0.0555998533319926,0.0659138651674553,0.0511926162183746,0.1801967066269089,0.0617912282702629,0.0539043275792217,0.3593758927837196,0.1720255100220641
370,370.0,0.0554104771964976,0.0648826315988041,0.0510795941237793,0.179818318187553,0.0620184207316906,0.0539325247383696,0.3597234663968192,0.1731345670264862
371,371.0,0.0548527032860163,0.0639217319197111,0.0509790592894976,0.1793102678148565,0.0622306575055264,0.0539762842112396,0.3601094005318695,0.1746198954412827
372,372.0,0.0543144192686397,0.0630324996755492,0.0508898446933572,0.1788531532142744,0.0624264958027454,0.0541028994172046,0.3604273691338703,0.1759533187943588
373,373.0,0.0537961712279718,0.0622797357670909,0.0508085885388635,0.1785844603213507,0.0625940646050924,0.0542334802998335,0.3605896903431556,0.1771138088966411
374,374.0,0.053288075210818,0.0617148684273458,0.0507215236975413,0.1782200856888717,0.0627105288084551,0.0543558823049985,0.3606317001080674,0.178357335753902
375,375.0,0.0527943462675674,0.0612042080828236,0.0506304779156503,0.1779651318539832,0.0627832361133179,0.0544687869806307,0.360593423343513,0.1795603894425136
