,Unnamed: 0,Total_iterations,Intertwine_two,Invert_path_vertices,Insert_inside_vertex,Delete_inside_vertex,Replace_inside_vertex,Donate_between_routes,Trim_one_terminal_cb,Grow_one_terminal_cb
0,0.0,0.0,0.125,0.125,0.125,0.125,0.125,0.125,0.125,0.125
1,1.0,0.10900000000000001,0.125,0.125,0.125,0.125,0.125,0.125,0.125,0.125
2,2.0,0.31601,0.125,0.125,0.125,0.125,0.125,0.125,0.125,0.125
3,3.0,0.6191589000000001,0.125,0.125,0.125,0.125,0.125,0.125,0.125,0.125
4,4.0,1.015801321,0.125,0.125,0.125,0.125,0.125,0.125,0.125,0.125
5,5.0,1.50262148669,0.125,0.125,0.125,0.125,0.125,0.125,0.125,0.125
6,6.0,2.0757334209441005,0.125,0.125,0.125,0.125,0.125,0.125,0.125,0.125
7,7.0,2.7307768275633495,0.125,0.125,0.125,0.125,0.125,0.125,0.125,0.125
8,8.0,3.4630081252450404,0.125,0.125,0.125,0.125,0.125,0.125,0.125,0.125
9,9.0,4.2673862119061114,0.125,0.125,0.125,0.125,0.125,0.125,0.125,0.125
10,10.0,5.138652627782014,0.125,0.125,0.125,0.125,0.125,0.125,0.125,0.125
11,11.0,6.071405875792507,0.125,0.125,0.125,0.125,0.125,0.125,0.125,0.125
12,12.0,7.060169740244025,0.125,0.125,0.125,0.125,0.125,0.125,0.125,0.125
13,13.0,8.099455520847952,0.125,0.125,0.125,0.125,0.125,0.125,0.125,0.125
14,14.0,9.183818168183006,0.125,0.125,0.125,0.125,0.125,0.125,0.125,0.125
15,15.0,10.307906369102724,0.125,0.125,0.125,0.125,0.125,0.125,0.125,0.125
16,16.0,11.466506686239443,0.125,0.125,0.125,0.125,0.125,0.125,0.125,0.125
17,17.0,12.654581904800096,0.125,0.125,0.125,0.125,0.125,0.125,0.125,0.125
18,18.0,13.867303782456686,0.125,0.125,0.125,0.125,0.125,0.125,0.125,0.125
19,19.0,15.100080434523047,0.125,0.125,0.125,0.125,0.125,0.125,0.125,0.125
20,20.0,16.348578617037543,0.125,0.125,0.125,0.125,0.125,0.125,0.125,0.125
21,21.0,17.608741195130214,0.125,0.125,0.125,0.125,0.125,0.125,0.125,0.125
22,22.0,18.876800103462312,0.125,0.125,0.125,0.125,0.125,0.125,0.125,0.125
23,23.0,20.14928511992658,0.125,0.125,0.125,0.125,0.125,0.125,0.125,0.125
24,24.0,21.423028783545156,0.125,0.125,0.125,0.125,0.125,0.125,0.125,0.125
25,25.0,22.695167792966423,0.125,0.125,0.125,0.125,0.125,0.125,0.125,0.125
26,26.0,23.963141223515898,0.125,0.125,0.125,0.125,0.125,0.125,0.125,0.125
27,27.0,25.224685898775267,0.125,0.125,0.125,0.125,0.125,0.125,0.125,0.125
28,28.0,26.477829247520948,0.125,0.125,0.125,0.125,0.125,0.125,0.125,0.125
29,29.0,27.720879968916847,0.125,0.125,0.125,0.125,0.125,0.125,0.125,0.125
30,30.0,28.95241681848399,0.125,0.125,0.125,0.125,0.125,0.125,0.125,0.125
31,31.0,30.17127581490958,0.125,0.125,0.125,0.125,0.125,0.125,0.125,0.125
32,32.0,31.376536153543515,0.125,0.125,0.125,0.125,0.125,0.125,0.125,0.125
33,33.0,32.567505096778625,0.125,0.125,0.125,0.125,0.125,0.125,0.125,0.125
34,34.0,33.74370209472243,0.125,0.125,0.125,0.125,0.125,0.125,0.125,0.125
35,35.0,34.90484237192463,0.125,0.125,0.125,0.125,0.125,0.125,0.125,0.125
36,36.0,36.05082019768737,0.125,0.125,0.125,0.125,0.125,0.125,0.125,0.125
37,37.0,37.18169203889697,0.125,0.125,0.125,0.125,0.125,0.125,0.125,0.125
38,38.0,38.29765977559663,0.125,0.125,0.125,0.125,0.125,0.125,0.125,0.125
39,39.0,39.399054140870355,0.125,0.125,0.125,0.125,0.125,0.125,0.125,0.125
40,40.0,40.48631852820801,0.125,0.125,0.125,0.125,0.125,0.125,0.125,0.125
41,41.0,41.55999329152982,0.125,0.125,0.125,0.125,0.125,0.125,0.125,0.125
42,42.0,42.62070064560415,0.125,0.125,0.125,0.125,0.125,0.125,0.125,0.125
43,43.0,43.669130257815,0.125,0.125,0.125,0.125,0.125,0.125,0.125,0.125
44,44.0,44.70602560622662,0.125,0.125,0.125,0.125,0.125,0.125,0.125,0.125
45,45.0,45.73217116373481,0.125,0.125,0.125,0.125,0.125,0.125,0.125,0.125
46,46.0,46.748380453854836,0.125,0.125,0.125,0.125,0.125,0.125,0.125,0.125
47,47.0,47.755485010424316,0.125,0.125,0.125,0.125,0.125,0.125,0.125,0.125
48,48.0,48.7543242612326,0.125,0.125,0.125,0.125,0.125,0.125,0.125,0.125
49,49.0,49.745736344347726,0.125,0.125,0.125,0.125,0.125,0.125,0.125,0.125
50,50.0,50.730549855707864,0.125,0.125,0.125,0.125,0.125,0.125,0.125,0.125
51,51.0,51.70957651737491,0.125,0.125,0.125,0.125,0.125,0.125,0.125,0.125
52,52.0,52.68360474770151,0.125,0.125,0.125,0.125,0.125,0.125,0.125,0.125
53,53.0,53.65339410751842,0.125,0.125,0.125,0.125,0.125,0.125,0.125,0.125
54,54.0,54.61967059027847,0.125,0.125,0.125,0.125,0.125,0.125,0.125,0.125
55,55.0,55.58312271885972,0.125,0.125,0.125,0.125,0.125,0.125,0.125,0.125
56,56.0,56.544398407394254,0.125,0.125,0.125,0.125,0.125,0.125,0.125,0.125
57,57.0,57.504102543001395,0.125,0.125,0.125,0.125,0.125,0.125,0.125,0.125
58,58.0,58.462795239617805,0.125,0.125,0.125,0.125,0.125,0.125,0.125,0.125
59,59.0,59.42099071417639,0.125,0.125,0.125,0.125,0.125,0.125,0.125,0.125
60,60.0,60.379156734137354,0.125,0.125,0.125,0.125,0.125,0.125,0.125,0.125
61,61.0,61.337714584760846,0.125,0.125,0.125,0.125,0.125,0.125,0.125,0.125
62,62.0,62.29703950447439,0.125,0.125,0.125,0.125,0.125,0.125,0.125,0.125
63,63.0,63.257461537171835,0.125,0.125,0.125,0.125,0.125,0.125,0.125,0.125
64,64.0,64.21926675122782,0.125,0.125,0.125,0.125,0.125,0.125,0.125,0.125
65,65.0,65.18269877636592,0.125,0.125,0.125,0.125,0.125,0.125,0.125,0.125
66,66.0,66.14796061122655,0.125,0.125,0.125,0.125,0.125,0.125,0.125,0.125
67,67.0,67.11521665648885,0.125,0.125,0.125,0.125,0.125,0.125,0.125,0.125
68,68.0,68.08459493066005,0.125,0.125,0.125,0.125,0.125,0.125,0.125,0.125
69,69.0,69.05618942810752,0.125,0.125,0.125,0.125,0.125,0.125,0.125,0.125
70,70.0,70.03006258152917,0.125,0.125,0.125,0.125,0.125,0.125,0.125,0.125
71,71.0,71.00624779379335,0.125,0.125,0.125,0.125,0.125,0.125,0.125,0.125
72,72.0,71.98475200689319,0.125,0.125,0.125,0.125,0.125,0.125,0.125,0.125
73,73.0,72.96555827861411,0.125,0.125,0.125,0.125,0.125,0.125,0.125,0.125
74,74.0,73.94862834037681,0.125,0.125,0.125,0.125,0.125,0.125,0.125,0.125
75,75.0,74.93390511255946,0.125,0.125,0.125,0.125,0.125,0.125,0.125,0.125
76,76.0,75.92131515639825,0.125,0.125,0.125,0.125,0.125,0.125,0.125,0.125
77,77.0,76.91077104428919,0.125,0.125,0.125,0.125,0.125,0.125,0.125,0.125
78,78.0,77.90217363294813,0.125,0.125,0.125,0.125,0.125,0.125,0.125,0.125
79,79.0,78.89541422641172,0.125,0.125,0.125,0.125,0.125,0.125,0.125,0.125
80,80.0,79.89037661826481,0.125,0.125,0.125,0.125,0.125,0.125,0.125,0.125
81,81.0,80.88693900474995,0.125,0.125,0.125,0.125,0.125,0.125,0.125,0.125
82,82.0,81.88497576253909,0.125,0.125,0.125,0.125,0.125,0.125,0.125,0.125
83,83.0,82.88435908692391,0.125,0.125,0.125,0.125,0.125,0.125,0.125,0.125
84,84.0,83.88496048800103,0.125,0.125,0.125,0.125,0.125,0.125,0.125,0.125
85,85.0,84.88665214409042,0.125,0.125,0.125,0.125,0.125,0.125,0.125,0.125
86,86.0,85.88930811312994,0.125,0.125,0.125,0.125,0.125,0.125,0.125,0.125
87,87.0,86.89280540413424,0.125,0.125,0.125,0.125,0.125,0.125,0.125,0.125
88,88.0,87.89702491199675,0.125,0.125,0.125,0.125,0.125,0.125,0.125,0.125
89,89.0,88.90185221995306,0.125,0.125,0.125,0.125,0.125,0.125,0.125,0.125
90,90.0,89.90717827491419,0.125,0.125,0.125,0.125,0.125,0.125,0.125,0.125
91,91.0,90.93289994163007,0.125,0.125,0.125,0.125,0.125,0.125,0.125,0.125
92,92.0,91.95872044225807,0.125,0.125,0.125,0.125,0.125,0.125,0.125,0.125
93,93.0,92.98437168840067,0.125,0.125,0.125,0.125,0.125,0.125,0.125,0.125
94,94.0,94.00961409304502,0.125,0.125,0.125,0.125,0.125,0.125,0.125,0.125
95,95.0,95.04423611629447,0.125,0.125,0.125,0.125,0.125,0.125,0.125,0.125
96,96.0,96.07795357605603,0.125,0.125,0.125,0.125,0.125,0.125,0.125,0.125
97,97.0,97.1105197540809,0.125,0.125,0.125,0.125,0.125,0.125,0.125,0.125
98,98.0,98.14172411676246,0.125,0.125,0.125,0.125,0.125,0.125,0.125,0.125
99,99.0,99.17139080200823,0.125,0.125,0.125,0.125,0.125,0.125,0.125,0.125
100,100.0,100.19937691070936,0.125,0.125,0.125,0.125,0.125,0.125,0.125,0.125
101,101.0,101.22557063943327,0.125,0.125,0.125,0.125,0.125,0.125,0.125,0.125
102,102.0,102.24988928889046,0.125,0.125,0.125,0.125,0.125,0.125,0.125,0.125
103,103.0,103.27227718051302,0.125,0.125,0.125,0.125,0.125,0.125,0.125,0.125
104,104.0,104.29270351116818,0.125,0.125,0.125,0.125,0.125,0.125,0.125,0.125
105,105.0,105.31116017364616,0.125,0.125,0.125,0.125,0.125,0.125,0.125,0.125
106,106.0,106.32765956813988,0.125,0.125,0.125,0.125,0.125,0.125,0.125,0.125
107,107.0,107.34223242750284,0.125,0.125,0.125,0.125,0.125,0.125,0.125,0.125
108,108.0,108.35492567665446,0.125,0.125,0.125,0.125,0.125,0.125,0.125,0.125
109,109.0,109.36580034412438,0.125,0.125,0.125,0.125,0.125,0.125,0.125,0.125
110,110.0,110.37492954140606,0.125,0.125,0.125,0.125,0.125,0.125,0.125,0.125
111,111.0,111.38239652354551,0.125,0.125,0.125,0.125,0.125,0.125,0.125,0.125
112,112.0,112.38829284223557,0.125,0.125,0.125,0.125,0.125,0.125,0.125,0.125
113,113.0,113.39271660063427,0.125,0.125,0.125,0.125,0.125,0.125,0.125,0.125
114,114.0,114.39577081718676,0.125,0.125,0.125,0.125,0.125,0.125,0.125,0.125
115,115.0,115.39756190391213,0.125,0.125,0.125,0.125,0.125,0.125,0.125,0.125
116,116.0,116.39819826292583,0.125,0.125,0.125,0.125,0.125,0.125,0.125,0.125
117,117.0,117.39778900340892,0.125,0.125,0.125,0.125,0.125,0.125,0.125,0.125
118,118.0,118.3964427798096,0.125,0.125,0.125,0.125,0.125,0.125,0.125,0.125
119,119.0,119.39426675077212,0.125,0.125,0.125,0.125,0.125,0.125,0.125,0.125
120,120.0,120.39136565713066,0.125,0.125,0.125,0.125,0.125,0.125,0.125,0.125
121,121.0,121.38784101628204,0.125,0.125,0.125,0.125,0.125,0.125,0.125,0.125
122,122.0,122.38379042935547,0.125,0.125,0.125,0.125,0.125,0.125,0.125,0.125
123,123.0,123.379306996828,0.125,0.125,0.125,0.125,0.125,0.125,0.125,0.125
124,124.0,124.374478837585,0.125,0.125,0.125,0.125,0.125,0.125,0.125,0.125
125,125.0,125.36938870589046,0.125,0.125,0.125,0.125,0.125,0.125,0.125,0.125
126,126.0,126.36411370030646,0.125,0.125,0.125,0.125,0.125,0.125,0.125,0.125
127,127.0,127.3587250582778,0.125,0.125,0.125,0.125,0.125,0.125,0.125,0.125
128,128.0,128.35328802986922,0.125,0.125,0.125,0.125,0.125,0.125,0.125,0.125
129,129.0,129.34786182400282,0.125,0.125,0.125,0.125,0.125,0.125,0.125,0.125
130,130.0,130.342499620483,0.125,0.125,0.125,0.125,0.125,0.125,0.125,0.125
131,131.0,131.33724864111036,0.125,0.125,0.125,0.125,0.125,0.125,0.125,0.125
132,132.0,132.33215027326386,0.125,0.125,0.125,0.125,0.125,0.125,0.125,0.125
133,133.0,133.3272402394694,0.125,0.125,0.125,0.125,0.125,0.125,0.125,0.125
134,134.0,134.32254880665968,0.125,0.125,0.125,0.125,0.125,0.125,0.125,0.125
135,135.0,135.31810102906434,0.125,0.125,0.125,0.125,0.125,0.125,0.125,0.125
136,136.0,136.3139170189379,0.125,0.125,0.125,0.125,0.125,0.125,0.125,0.125
137,137.0,137.31001223963472,0.125,0.125,0.125,0.125,0.125,0.125,0.125,0.125
138,138.0,138.30639781586552,0.125,0.125,0.125,0.125,0.125,0.125,0.125,0.125
139,139.0,139.30308085631458,0.125,0.125,0.125,0.125,0.125,0.125,0.125,0.125
140,140.0,140.30006478415558,0.125,0.125,0.125,0.125,0.125,0.125,0.125,0.125
141,141.0,141.2973496713709,0.125,0.125,0.125,0.125,0.125,0.125,0.125,0.125
142,142.0,142.294932573151,0.125,0.125,0.125,0.125,0.125,0.125,0.125,0.125
143,143.0,143.2928078590216,0.125,0.125,0.125,0.125,0.125,0.125,0.125,0.125
144,144.0,144.29096753771492,0.125,0.125,0.125,0.125,0.125,0.125,0.125,0.125
145,145.0,145.28940157316177,0.125,0.125,0.125,0.125,0.125,0.125,0.125,0.125
146,146.0,146.2880981893323,0.125,0.125,0.125,0.125,0.125,0.125,0.125,0.125
147,147.0,147.28704416199244,0.125,0.125,0.125,0.125,0.125,0.125,0.125,0.125
148,148.0,148.28622509576667,0.125,0.125,0.125,0.125,0.125,0.125,0.125,0.125
149,149.0,149.2856256852058,0.125,0.125,0.125,0.125,0.125,0.125,0.125,0.125
150,150.0,150.28522995884896,0.125,0.125,0.125,0.125,0.125,0.125,0.125,0.125
151,151.0,151.2850215055393,0.125,0.125,0.125,0.125,0.125,0.125,0.125,0.125
152,152.0,152.2849836825052,0.125,0.125,0.125,0.125,0.125,0.125,0.125,0.125
153,153.0,153.2850998049495,0.125,0.125,0.125,0.125,0.125,0.125,0.125,0.125
154,154.0,154.28535331709986,0.125,0.125,0.125,0.125,0.125,0.125,0.125,0.125
155,155.0,155.2857279448642,0.125,0.125,0.125,0.125,0.125,0.125,0.125,0.125
156,156.0,156.28620783040344,0.125,0.125,0.125,0.125,0.125,0.125,0.125,0.125
157,157.0,157.2867776490847,0.125,0.125,0.125,0.125,0.125,0.125,0.125,0.125
158,158.0,158.28742270940702,0.125,0.125,0.125,0.125,0.125,0.125,0.125,0.125
159,159.0,159.28812903660307,0.125,0.125,0.125,0.125,0.125,0.125,0.125,0.125
160,160.0,160.28888344071345,0.125,0.125,0.125,0.125,0.125,0.125,0.125,0.125
161,161.0,161.28967357000565,0.125,0.125,0.125,0.125,0.125,0.125,0.125,0.125
162,162.0,162.29048795066856,0.125,0.125,0.125,0.125,0.125,0.125,0.125,0.125
163,163.0,163.29131601375852,0.125,0.125,0.125,0.125,0.125,0.125,0.125,0.125
164,164.0,164.29214811040188,0.125,0.125,0.125,0.125,0.125,0.125,0.125,0.125
165,165.0,165.2929755162769,0.125,0.125,0.125,0.125,0.125,0.125,0.125,0.125
166,166.0,166.29379042640164,0.125,0.125,0.125,0.125,0.125,0.125,0.125,0.125
167,167.0,167.2945859412499,0.125,0.125,0.125,0.125,0.125,0.125,0.125,0.125
168,168.0,168.29535604520083,0.125,0.125,0.125,0.125,0.125,0.125,0.125,0.125
169,169.0,169.2960955783047,0.125,0.125,0.125,0.125,0.125,0.125,0.125,0.125
170,170.0,170.2968002023151,0.125,0.125,0.125,0.125,0.125,0.125,0.125,0.125
171,171.0,171.29746636190131,0.125,0.125,0.125,0.125,0.125,0.125,0.125,0.125
172,172.0,172.29809124190987,0.125,0.125,0.125,0.125,0.125,0.125,0.125,0.125
173,173.0,173.2986727214985,0.125,0.125,0.125,0.125,0.125,0.125,0.125,0.125
174,174.0,174.29920932591327,0.125,0.125,0.125,0.125,0.125,0.125,0.125,0.125
175,175.0,175.29970017662743,0.125,0.125,0.125,0.125,0.125,0.125,0.125,0.125
176,176.0,176.30014494050388,0.125,0.125,0.125,0.125,0.125,0.125,0.125,0.125
177,177.0,177.30054377858767,0.125,0.125,0.125,0.125,0.125,0.125,0.125,0.125
178,178.0,178.3008972950772,0.125,0.125,0.125,0.125,0.125,0.125,0.125,0.125
179,179.0,179.301206486967,0.125,0.125,0.125,0.125,0.125,0.125,0.125,0.125
180,180.0,180.30147269479815,0.125,0.125,0.125,0.125,0.125,0.125,0.125,0.125
181,181.0,181.3016975548982,0.125,0.125,0.125,0.125,0.125,0.125,0.125,0.125
182,182.0,182.30188295343925,0.125,0.125,0.125,0.125,0.125,0.125,0.125,0.125
183,183.0,183.30203098259184,0.125,0.125,0.125,0.125,0.125,0.125,0.125,0.125
184,184.0,184.30214389900326,0.125,0.125,0.125,0.125,0.125,0.125,0.125,0.125
185,185.0,185.3022240847835,0.125,0.125,0.125,0.125,0.125,0.125,0.125,0.125
186,186.0,186.30227401113785,0.125,0.125,0.125,0.125,0.125,0.125,0.125,0.125
187,187.0,187.3022962047454,0.125,0.125,0.125,0.125,0.125,0.125,0.125,0.125
188,188.0,188.30229321694475,0.125,0.125,0.125,0.125,0.125,0.125,0.125,0.125
189,189.0,189.3022675957547,0.125,0.125,0.125,0.125,0.125,0.125,0.125,0.125
190,190.0,190.30222186072612,0.125,0.125,0.125,0.125,0.125,0.125,0.125,0.125
191,191.0,191.30215848059314,0.125,0.125,0.125,0.125,0.125,0.125,0.125,0.125
192,192.0,192.30207985366752,0.125,0.125,0.125,0.125,0.125,0.125,0.125,0.125
193,193.0,193.3019882908978,0.125,0.125,0.125,0.125,0.125,0.125,0.125,0.125
194,194.0,194.3018860014961,0.125,0.125,0.125,0.125,0.125,0.125,0.125,0.125
195,195.0,195.30177508101957,0.125,0.125,0.125,0.125,0.125,0.125,0.125,0.125
196,196.0,196.3016575017805,0.125,0.125,0.125,0.125,0.125,0.125,0.125,0.125
197,197.0,197.30153510544756,0.125,0.125,0.125,0.125,0.125,0.125,0.125,0.125
198,198.0,198.30140959769344,0.125,0.125,0.125,0.125,0.125,0.125,0.125,0.125
199,199.0,199.30128254473777,0.125,0.125,0.125,0.125,0.125,0.125,0.125,0.125
200,200.0,200.3011553716303,0.12424242424242425,0.12424242424242425,0.12424242424242425,0.1273737373737374,0.12515151515151515,0.12424242424242425,0.12626262626262627,0.12424242424242425
201,201.0,201.30102936211728,0.12419444444444447,0.12319444444444447,0.12319444444444447,0.1292388888888889,0.12492777777777779,0.12319444444444447,0.1270277777777778,0.1250277777777778
202,202.0,202.30090565993441,0.12415376262626265,0.12216376262626266,0.12216376262626266,0.13106402525252528,0.12470491414141416,0.12216376262626266,0.12777391414141415,0.12581209595959597
203,203.0,203.30078527137047,0.12467211486013989,0.12080192395104898,0.12080192395104898,0.13221174199300703,0.1240639310839161,0.12080192395104898,0.12875266276223776,0.12789377744755245
204,204.0,204.30066906894922,0.12472752510764239,0.12008871277430905,0.11917962186521815,0.13349444776138863,0.12307975700467866,0.12001295519855147,0.12921648941383615,0.13020049087437563
205,205.0,205.3005577960806,0.12463185068104982,0.11926433385589828,0.11753100052256497,0.1353918605532403,0.12203787808799352,0.11918933385589829,0.12957120573557357,0.13238253670778138
206,206.0,206.30045207253804,0.12413250877338959,0.11807949974051987,0.11553834822536838,0.13680488751964842,0.12061765376994243,0.11800593155870169,0.13215051592355906,0.13467065448887064
207,207.0,207.30035240062438,0.12333284323482875,0.11664008797200803,0.11337808083914092,0.13766647999713633,0.11894558803330973,0.11663264667247424,0.13565650881462932,0.13774776443647277
208,208.0,208.30025917189582,0.12232514548810539,0.11575449855190936,0.11114007769816311,0.1381658894525451,0.11782462463835885,0.11515371545649641,0.13932063036873926,0.14031541834568256
209,209.0,209.30017267432115,0.12125641294762018,0.11547446521284357,0.10892115907598643,0.138416574525763,0.11659419631820445,0.11366115852256974,0.14328786240147978,0.14238817099553286
210,210.0,210.30009309976074,0.12016349136320914,0.11519978762515301,0.10676166065200748,0.13853595574933192,0.11537260879362338,0.1121913189568833,0.1474978369292758,0.14427733993051606
211,211.0,211.30002055165878,0.11882743337281346,0.11465276245966251,0.10449255895596984,0.1393671662771776,0.11398651742562765,0.1105719469835935,0.15230389912706294,0.1457977153980926
212,212.0,212.2999550528504,0.11807988866591101,0.11496050309521534,0.10286453274906719,0.13988976590764876,0.11193326092926614,0.10809288364688766,0.15641540702289164,0.1477637579831124
213,213.0,213.29989655339438,0.11706716407066894,0.11498516855782935,0.10109711214195949,0.1413599601441603,0.10972921048572584,0.10548151081986124,0.16111874464001372,0.14916112913978125
214,214.0,214.29984493835,0.11596290638240458,0.11426880262268463,0.09938792132248417,0.14322214891848678,0.10763369401489746,0.10367932625549904,0.16594210827630596,0.1499030922072375
215,215.0,215.29980003542656,0.11479391047397149,0.11340815802196408,0.09766445616048698,0.14511314586798763,0.10552536282033728,0.10188003195984692,0.1713189799205658,0.15029595477483992
216,216.0,216.2997616224412,0.11227036194194466,0.112556935572351,0.09599013665850203,0.14786177892817315,0.10399748339387571,0.10014591776702833,0.17676210155318936,0.15041528418493583
217,217.0,217.29972943452998,0.10962250281605504,0.1120851137081392,0.09429701749143189,0.1505692453330044,0.10242751539885145,0.0983267720101533,0.18183171780728863,0.1508401154350762
218,218.0,218.29970317106458,0.10691482212113397,0.11138771102804264,0.09260243810805063,0.15262426594947864,0.10074460994838014,0.09652358393271532,0.18752184503314528,0.1516807238790535
219,219.0,219.29968250223507,0.1041516448508491,0.11053243743497193,0.09086154280506115,0.1540306922195851,0.09895853476072396,0.09464334839444717,0.1936402001487613,0.15318159938560044
220,220.0,220.29966707526617,0.10082182742612106,0.10958795153768625,0.08914006596203673,0.15544048414219153,0.09714156989279256,0.09275767325780408,0.1997891324788001,0.1553212953025678
221,221.0,221.29965652024148,0.09754500644887912,0.10909936986120944,0.08745326082257365,0.15674487640847362,0.09531512628107931,0.09088695717563942,0.20593042017158775,0.15702498283055782
222,222.0,222.29965045551688,0.09442272512815073,0.10806445872905873,0.08588827353094985,0.15785667300692155,0.09359847728879268,0.08915557428262474,0.21242816451513336,0.15858565351836848
223,223.0,223.29964849270957,0.09143771025408913,0.10697921042830207,0.08441516779905442,0.15868488936612626,0.09196440556766963,0.08753386303137252,0.21901579326764914,0.15996896028573693
224,224.0,224.29965024125588,0.08859048809862306,0.10637057371338408,0.08302350468070363,0.15917204041921518,0.09040501226027521,0.0860114761380738,0.22532523392637513,0.16110167076335002
225,225.0,225.29965531253498,0.08590919890489493,0.1057104210863174,0.08174634999301995,0.15988690534581307,0.08895571690560393,0.08460715232931354,0.23117488610777828,0.162009369327259
226,226.0,226.29966332356082,0.08345114900259704,0.10505721645866677,0.08063211117374237,0.16191858173884707,0.08766708939585902,0.08337021526865432,0.23629555518899462,0.16160808177263888
227,227.0,227.29967390024848,0.0811731811161955,0.10437073388070389,0.0796159801645642,0.16367363534630688,0.08647629036198645,0.08225088180647877,0.241375801106099,0.16106349621766541
228,228.0,228.2996866802649,0.07910382683113482,0.10368407910230187,0.07872166060233036,0.16550401064996373,0.08540879805450083,0.08068410973161277,0.2470015688622764,0.15989194616587932
229,229.0,229.29970131547702,0.07718340924300203,0.1029436386618667,0.07788599494180812,0.16699744504936198,0.08440303712767762,0.07920021330365042,0.252913739275737,0.15847252239689624
230,230.0,230.29971747401316,0.07544855426540803,0.10166710819143296,0.07715487360069623,0.16871617041820466,0.08350629120398353,0.07783805932960332,0.2587391333687353,0.1569298096219361
231,231.0,231.29973484195554,0.07397645327843473,0.10051794530059102,0.07623061241581856,0.17034136640716996,0.08266304915311808,0.07667749419518029,0.2642247477313247,0.15536833151836274
232,232.0,232.29975312468417,0.0726606539326865,0.09897369111061313,0.0753717633674306,0.17231275467589952,0.08186320513298395,0.07593764735272114,0.2691712158910212,0.15370906853664412
233,233.0,233.2997720478931,0.07150618331050902,0.09744971152608045,0.07458746975957149,0.17394344641603168,0.08185548373272565,0.07529094146865833,0.27409674691858477,0.15127001686783878
234,234.0,234.29979135830217,0.07048345781653532,0.09590961620845488,0.07385272643871076,0.17550641411567303,0.0818686906921353,0.07470913696043664,0.27890010987188035,0.14876984789617392
235,235.0,235.29981082408733,0.0695537433082008,0.09436005537496259,0.07313374899597445,0.17724515268400776,0.08181658879443383,0.07415538492217147,0.283675822790019,0.14605950313023022
236,236.0,236.29983023505307,0.06874562768158861,0.09325410829096023,0.07246436049657101,0.17844301072689858,0.08177701463939074,0.07366062750584333,0.2883124777144231,0.14334277294432446
237,237.0,237.29984940257174,0.06807917763144271,0.09220827967436523,0.07187006787508482,0.17940600546846738,0.08179066969947907,0.07324768476734544,0.29269793484628204,0.14070018003753337
238,238.0,238.2998681593128,0.06755761019409563,0.09125990254576527,0.07135965891305208,0.1802023180595485,0.08186244894569784,0.07292285910939282,0.29667374652795675,0.13816145570449115
239,239.0,239.29988635878664,0.06710900723039966,0.0902868495856004,0.0708668481631298,0.18093414729580573,0.08190470505392489,0.0726175859094925,0.3009777189761992,0.13530313778544792
240,240.0,240.29990387472523,0.06675134590005209,0.08932056612520141,0.0704152449886851,0.1811856406968138,0.08194004653511545,0.07235340373091717,0.3051114828560002,0.13292226916721483
241,241.0,241.2999206003227,0.06650309307168341,0.0884433773065672,0.07027889170066016,0.1812261356753461,0.08134079180724016,0.07215249233006563,0.30873072027354576,0.1313244978348917
242,242.0,242.2999364473572,0.0661419872643544,0.08742118110436008,0.0699823977930863,0.18080824853285413,0.08080616398827732,0.0717964022539426,0.3130201129999116,0.13002350606321367
243,243.0,243.29995134521468,0.06585563949574781,0.0864198514172545,0.06971681813660535,0.1806948420567735,0.08026673791975192,0.07147660753649882,0.3170062581035222,0.12856324533384608
244,244.0,244.29996523983428,0.0654837145775357,0.08529001445027437,0.06932537300508282,0.1803631992840115,0.0805716447293166,0.07103664310917486,0.3210717641180951,0.12685764672650915
245,245.0,245.29997809259356,0.06517014933230347,0.08418590121676527,0.06895561920866515,0.180253400621239,0.08086405087198678,0.07062428342211693,0.3247022760411767,0.12524431928574684
246,246.0,246.29998987915098,0.06575825907349057,0.08305133721139416,0.06854542260297111,0.1800798091938234,0.08098730020425002,0.07017752268334863,0.3282021585689726,0.12319819046174962
247,247.0,247.30000058826118,0.06639276667830439,0.08195811612405225,0.0681709736355192,0.1801311390100747,0.08110652778714525,0.06976776735141714,0.33121075111051773,0.12126195830296953
248,248.0,248.30001022057775,0.0670567822693731,0.08090560390012402,0.06781687518144992,0.18036725706638532,0.08146812670322151,0.06938467850612268,0.3335636150198461,0.11943706135347752
249,249.0,249.30001878745685,0.06758787047012053,0.07982166847691904,0.06740699128605515,0.18070280478411868,0.08164685139693563,0.06917932874743073,0.3360019638957853,0.11765252094263517
250,250.0,250.30002630977347,0.06812907882977697,0.07878570640613915,0.06701734358264008,0.18121754488738143,0.08179299361374634,0.06899301576679326,0.3380762706031669,0.11598804631035611
251,251.0,251.3000328167607,0.06867271718764273,0.07780057739422715,0.06686540549422022,0.18168198452259848,0.08190584118110224,0.06906778759171629,0.33955963791995525,0.11444604870853795
252,252.0,252.3000383448816,0.06922027553178658,0.07689362278553018,0.0667353070867529,0.18198547348349944,0.0820019562499852,0.06915810537595693,0.34096092335612177,0.11304433613036732
253,253.0,253.30004293674162,0.06981354112877972,0.07597614199763603,0.06663138423075388,0.18243963450389036,0.0817092788114769,0.06903828663140277,0.34242473397059425,0.11196699872546638
254,254.0,254.3000466400482,0.07052923417325076,0.07596759981417543,0.06681642714200542,0.18243700160143322,0.0815324115593584,0.06906355851803411,0.34290506353889616,0.11074870365284681
255,255.0,255.30004950662365,0.07122059479718065,0.0760039701777627,0.0670049710947469,0.18239569289099133,0.08132636798489908,0.06908767689846149,0.34331443149883195,0.10964629465712616
256,256.0,256.3000515914753,0.07188200964158464,0.07607796490787042,0.06719292988753003,0.18251473331124862,0.0810938734838518,0.0691086146002665,0.3434726607907201,0.10865721337692816
257,257.0,257.30005295192706,0.07250875621130475,0.07618271241669748,0.06737668128090488,0.18259537078657861,0.08083770511407735,0.069124630083737,0.3435960674512412,0.10777807665545901
258,258.0,258.3000536468143,0.07239876234620062,0.07818905111970104,0.06768819083187612,0.18297384514041132,0.07986689203754116,0.06927382290835915,0.34241456340956256,0.10719487220634825
259,259.0,259.3000537357447,0.07225838737086493,0.08020772902911992,0.0679924916134251,0.18351713448922347,0.07889342191579475,0.06942252384623875,0.340993132392941,0.10671517934239227
260,260.0,260.3000532784246,0.07209131171243077,0.08242867330860898,0.06828585620343991,0.18421477748036344,0.07771301792496373,0.0695681005395907,0.3393663534592953,0.10633190937130739
261,261.0,261.30005233405234,0.07190415989839695,0.08461960342716662,0.06857415092530635,0.18465699020314288,0.07655727025786487,0.06971429644719461,0.3379327447312899,0.10604078410963796
262,262.0,262.30005096077673,0.07169898989854824,0.08674587122799622,0.06868066213613591,0.18511626660453762,0.07543313897715632,0.06985625597844233,0.3366296024639198,0.1058392127132637
263,263.0,263.30004921522095,0.07147293323346067,0.08878456720280822,0.06876751817829416,0.18551781722190105,0.07433563012866877,0.06997984120320694,0.3354347270077637,0.1057069658238966
264,264.0,264.30004715206854,0.07142938520110731,0.090721755065103,0.06883445687387864,0.18586154549891304,0.07344090062461103,0.07008403946350024,0.3339911418914047,0.10563677538148217
265,265.0,265.30004482371066,0.07136568052486612,0.09254597019808766,0.06888147748307016,0.18648414260354162,0.07258064916987804,0.07016817628640604,0.33235237976603627,0.10562152396811422
266,266.0,266.30004227995147,0.07128332705507284,0.09424808516631951,0.06890881338949968,0.18704162375609418,0.07175827981708785,0.07023188690121744,0.3308736844097068,0.10565429950500178
267,267.0,267.3000395677687,0.07118389887533422,0.09582116531860735,0.06891690520098778,0.18753281597076474,0.07097652342732519,0.07027508753733816,0.3295651612234865,0.10572844244615617
268,268.0,268.3000367311265,0.07106901292609086,0.09726031692916387,0.0689063744965161,0.18811866213402817,0.07023747616293155,0.0702979468161028,0.32827262478149233,0.10583758575367447
269,269.0,269.30003381083725,0.0709470415680897,0.09857599816445514,0.0688813654231101,0.1888096612439111,0.06954600751839499,0.07030759152293214,0.32695327957421966,0.10597905498488727
270,270.0,270.30003084446855,0.07095484722126541,0.0992657325805496,0.06898393320883557,0.18972381976186228,0.06904902381635275,0.07044223696502269,0.32424555149497103,0.10733485495114078
271,271.0,271.30002786629206,0.07095402096397566,0.09983292384074322,0.06922642838054127,0.19049960965642046,0.06860322755910257,0.07073867932955547,0.32144112234305416,0.10870398792660732
272,272.0,272.30002490727026,0.07095094332409899,0.10029550757812734,0.06945389262187152,0.19115595121632062,0.06821004233869714,0.07102223420760058,0.3188377475179211,0.11007368119536284
273,273.0,273.300021995078,0.0709455431801449,0.10065899167146117,0.06966473679308069,0.1918429010847019,0.06786732131328618,0.07111212929815908,0.3164788489360712,0.11142952772309501
274,274.0,274.30001915415414,0.07093152186048192,0.10091680065657718,0.06985458347909268,0.1923907390430709,0.06756951429324823,0.07118064173199115,0.31440061656762613,0.11275558236791192
275,275.0,275.3000164057811,0.07090915944631626,0.10107579119585355,0.07002264935572627,0.1928021461380654,0.06731412334240554,0.07122819066033977,0.31260720482521226,0.11404073503608111
276,276.0,276.30001376818757,0.0708030517366069,0.1009916358288295,0.07009271315072985,0.19300527933212897,0.06702274206892388,0.07117963054022289,0.31170528940358866,0.11519965793896951
277,277.0,277.30001125667155,0.07062803859203388,0.10069858457222249,0.0700810394234328,0.19322846445712658,0.06670703623448382,0.07105217676735671,0.31136194934931916,0.11624271060402473
278,278.0,278.3000088837404,0.07045162168557693,0.10033455410092985,0.07005194665581949,0.19344595488527064,0.06642470729059954,0.07091370892645002,0.3111539090408727,0.11722359741448098
279,279.0,279.30000665926497,0.07027532875648398,0.098973538835498,0.07000680682531513,0.19365867274098839,0.06617420317736673,0.07076619427257212,0.31200714089195347,0.11813811449982224
280,280.0,280.30000459064445,0.07009857262028985,0.0975726163484904,0.0699477928859961,0.19393102165793402,0.06595809006718942,0.0706095360800716,0.3128949565515824,0.11898741378844625
281,281.0,281.30000268297954,0.0699226612323652,0.09631038589555856,0.06987629004431002,0.1941286457412701,0.06577436189484621,0.07044557360584379,0.3137728783581137,0.11976920322769254
282,282.0,282.30000093925133,0.06969033641124313,0.09497177771236975,0.06959238719741402,0.19439503881419187,0.06555897274519673,0.07034919026530961,0.31502212735621904,0.12042016949805587
283,283.0,283.2999993605034,0.06941069000834785,0.09357814619258746,0.06991644500043438,0.19459498431956396,0.0653179339189575,0.07019545949813856,0.3160383748863704,0.12094796617559993
284,284.0,284.2999979460252,0.06909175419934971,0.09214865723150663,0.0701431812686103,0.1948891924919617,0.0650562983808446,0.06999190277629701,0.3173189225920545,0.12136009105937554
285,285.0,285.2999966935346,0.06877546502654555,0.09073525261656318,0.07035229738068233,0.19508212499112054,0.06481314364298067,0.06977809523718118,0.318768880639643,0.12169474046528354
286,286.0,286.2999955993577,0.06901539198554396,0.08931215638749596,0.07046905554925545,0.1950024590431332,0.06455108226847221,0.06951924726749086,0.3200397746541976,0.12209083284441077
287,287.0,287.299994658605,0.06919105079970729,0.08789347762882876,0.07050148190429834,0.19483431455393807,0.06427385585142686,0.06922169915675493,0.321704648064723,0.12237947204032273
288,288.0,288.29999386534143,0.06936799800598087,0.08652938426829923,0.07051849418103733,0.19456740937663222,0.06401966357217605,0.06892339874517053,0.3233235945120392,0.1227500573386646
289,289.0,289.29999321275085,0.06948247640211443,0.08533234253053336,0.07045952845186344,0.19422768130754942,0.0642794251456081,0.06859442083335075,0.3246043303407368,0.12301979498824367
290,290.0,290.29999269329187,0.06953885607042484,0.08416562498298434,0.07033196498623727,0.19382376600525303,0.06449803856870015,0.06824003427927423,0.3262070200082197,0.12319469509890645
291,291.0,291.29999229884584,0.06959043679579056,0.08306142975682056,0.07019471997317582,0.19352886977834433,0.06472931909351232,0.06789314519642428,0.32769584739901186,0.12330623200692029
292,292.0,292.29999202085594,0.06963659108049189,0.08202316797385534,0.06993063683788385,0.19305664362879907,0.06496905717343615,0.06755575407782966,0.3294697292219607,0.1233584200057433
293,293.0,293.2999918504564,0.06967542143109859,0.08105188177801657,0.06965894276367406,0.1925327806947711,0.06534292735817739,0.06722538097492733,0.33100232220665887,0.12351034279267604
294,294.0,294.29999177859236,0.06975923111019992,0.08017547919259715,0.06890878743572865,0.1921359025800783,0.06523563928952622,0.06692993451695117,0.33322249051087405,0.12363253536404453
295,295.0,295.2999917961288,0.06978435751088233,0.0793488379351833,0.06813721936888949,0.19191021878624123,0.06521484503386543,0.06662022006570895,0.3352996269946827,0.12368467430454651
296,296.0,296.2999918939502,0.06975568737026171,0.07857425366172302,0.06735351709623763,0.19144914651077474,0.06532028001738951,0.06629983331354006,0.3375748768190903,0.12367240521098292
297,297.0,297.29999206305007,0.06967565346654114,0.07784620618702696,0.06701828518994066,0.1910810419007737,0.06539172123816334,0.06596971142372024,0.3394253277067503,0.12359205288708355
298,298.0,298.29999229460935,0.06959079150594999,0.07719226353688625,0.0667020815352788,0.19066290822339413,0.0654567707051173,0.06565493703890521,0.34126182998973603,0.12347841746473226
299,299.0,299.29999258006666,0.06946562126344241,0.07659888754511289,0.0663677957228293,0.19019336419966346,0.06549797867161333,0.06533976985409573,0.34321788730458835,0.12331869543865442
300,300.0,300.2999929111776,0.0693013989096731,0.07605751149114695,0.06601803918839708,0.18966380683188183,0.0655132380023652,0.06502340524385246,0.3453074195921066,0.12311518074057676
301,301.0,301.2999932800656,0.06914126056916467,0.07559856764034076,0.06569392745024166,0.18902533650866643,0.06568440843414503,0.06473011807095473,0.3472240268945436,0.12290235443194304
302,302.0,302.2999936792642,0.06894768628105227,0.07518753050078379,0.06535887540346073,0.18857371209137738,0.06582911549524212,0.06443819988977136,0.3490101509403293,0.12265472939798308
303,303.0,303.2999941017503,0.06872588103697554,0.07482367999696232,0.06501839944780248,0.1881958527554055,0.06633760215690118,0.06415270101323489,0.3503675140907368,0.12237836950198133
304,304.0,304.2999945409703,0.06847864057915928,0.07450374659017381,0.06467319578532135,0.1877711892901461,0.06680168090332236,0.06387164900489158,0.3518230311786642,0.12207686666832133
305,305.0,305.29999499085864,0.06820975688245995,0.07422538511596816,0.06432598856578854,0.18737839640792778,0.0672195731775405,0.06359631803663693,0.3532898433566921,0.12175473845698608
306,306.0,306.29999544584945,0.06792052912481152,0.07397908746999547,0.06397691887555414,0.18699406663708246,0.06758082354989439,0.0633254762015247,0.35481615704739866,0.1214069410937387
307,307.0,307.2999959008827,0.06761450525319802,0.07376249252752486,0.06362830693442446,0.1867269588778149,0.06788527252660462,0.06306015007376023,0.35628444063816594,0.12103787316850706
308,308.0,308.2999963514039,0.06705482287045379,0.07365328658929628,0.06312709733073275,0.18641329417663577,0.06824849419714524,0.0628312573281639,0.3574694615948875,0.12120228591268484
309,309.0,309.29999679335884,0.06650748051448226,0.07357827139454559,0.0626520420341038,0.18611866264624413,0.06857539767887451,0.06261930353175775,0.3585906565632642,0.12135818563672784
310,310.0,310.29999722318473,0.06595603189148279,0.07352356468828113,0.06218461070849893,0.1858326072912974,0.06884487930434907,0.06241385858938114,0.3597508219602077,0.12149362556650192
311,311.0,311.2999976377962,0.06542604537709745,0.07350168215580483,0.06174837824426975,0.1856236215180013,0.06908490138298105,0.06233776162478401,0.3606523257528621,0.12162528394419964
312,312.0,312.29999803456855,0.06492031612157259,0.07350890948388039,0.06134424776132821,0.18574244479034877,0.06915248112068695,0.06227701739169994,0.36130289043793423,0.12175169289254903
313,313.0,313.299998411318,0.06444150059733897,0.07354156087736091,0.060971899491891635,0.18574471831895475,0.06932929669748467,0.06223158416302127,0.3618735057902001,0.12186593406374782
314,314.0,314.2999987662793,0.0639933484227981,0.07360204198244172,0.06063345596191468,0.18572724058928994,0.06948086809027734,0.062091914296412115,0.36249612831565603,0.12197500234121023
315,315.0,315.2999990980817,0.0635566896430777,0.07367226619908465,0.060310344624643124,0.18577195051479328,0.0695909155651858,0.06195818115210154,0.36307260543045916,0.1220670468706549
316,316.0,316.29999940572304,0.06313466522118652,0.07375058934183268,0.05990904275214353,0.18581274640780815,0.06966241475394301,0.061832333121804035,0.3637532629980829,0.12214494540319933
317,317.0,317.29999968854304,0.06272721484654195,0.07383270710983275,0.05952437159294827,0.18580509470230935,0.06969209448387155,0.061709637395875885,0.36450392283406835,0.12220495703455207
318,318.0,318.29999994619556,0.06235174977867184,0.07392437907378163,0.0591733992559563,0.18585400997126983,0.06969834185054369,0.06159801250940467,0.3651447625271016,0.12225534503327064
319,319.0,319.3000001786209,0.06200850011297894,0.07402314111239962,0.05885602821020095,0.18595670999400973,0.06939710994435358,0.06149692104258893,0.3659655014837277,0.12229608809974077
320,320.0,320.3000003860175,0.06168148347911226,0.07411877865581118,0.058555965751282184,0.18610216011088368,0.06907076242142988,0.061397846863345755,0.3664758896060436,0.12259711311209168
321,321.0,321.3000005688142,0.06137130269569654,0.07447998223720668,0.058273523072907465,0.18628751855865705,0.0687241169150562,0.06130068628904509,0.3666918241010384,0.1228710461303928
322,322.0,322.3000007276432,0.06109258018064592,0.07483953557753187,0.05802305076378691,0.18642343853968307,0.06836884361581867,0.061212457199329204,0.36690917901097203,0.12313091511223251
323,323.0,323.3000008633128,0.060935562393177614,0.07437527494762684,0.05789454402821481,0.18669253780249892,0.06809969399663016,0.06122354740691744,0.36713103209175046,0.12364780733318391
324,324.0,324.3000009767823,0.0608083814557471,0.0739108955620321,0.05779590480163189,0.1869432406543465,0.06782921479965454,0.06124329291186084,0.3673215645814994,0.12414750523322778
325,325.0,325.3000010691371,0.06036445770006325,0.07339457285055194,0.057665088129348785,0.1870746929288996,0.0674853856449785,0.0621958874583783,0.3677215689434583,0.12409834634432149
326,326.0,326.300001141565,0.059953073922280234,0.07289794366822608,0.057563617027591316,0.18715144360657615,0.06716089674196196,0.06314666381967785,0.36808173924632726,0.1240446219673594
327,327.0,327.30000119533446,0.05956112089967272,0.07239037549729027,0.05774552207772474,0.18720969295952686,0.06682560354862031,0.06407206398469657,0.36814954469857997,0.12404607633388878
328,328.0,328.30000123177365,0.05911402096065746,0.07180059106742581,0.05784629720904067,0.18712199141088315,0.0664066905507838,0.06481280102240256,0.36813678778917464,0.1247608199896321
329,329.0,329.3000012522512,0.058698230699414794,0.07122933252408015,0.05796310765044815,0.18706878143320874,0.06599836758646412,0.06561956990446874,0.36797092566362033,0.1254516845382951
330,330.0,330.30000125815843,0.058307390671099954,0.07066573821850423,0.058071644932549564,0.18704309517873852,0.06569037108977803,0.06638344979844428,0.3677317427009191,0.1261065674099665
331,331.0,331.3000012508934,0.05794229817259748,0.0701134959293865,0.05817041497103502,0.18704510466360927,0.06538910757664074,0.06710015472471206,0.3674242565362562,0.12681516742576288
