,Unnamed: 0,Total_iterations,Intertwine_two,Invert_path_vertices,Insert_inside_vertex,Delete_inside_vertex,MSC_add_terminal,MSC_del_terminal
0,0.0,0.0,0.16666666666666657,0.16666666666666657,0.16666666666666657,0.16666666666666657,0.16666666666666657,0.16666666666666657
1,1.0,1.0,0.16666666666666657,0.16666666666666657,0.16666666666666657,0.16666666666666657,0.16666666666666657,0.16666666666666657
2,2.0,2.0,0.16666666666666657,0.16666666666666657,0.16666666666666657,0.16666666666666657,0.16666666666666657,0.16666666666666657
3,3.0,3.0,0.16666666666666657,0.16666666666666657,0.16666666666666657,0.16666666666666657,0.16666666666666657,0.16666666666666657
4,4.0,4.0,0.16666666666666657,0.16666666666666657,0.16666666666666657,0.16666666666666657,0.16666666666666657,0.16666666666666657
5,5.0,5.0,0.16666666666666657,0.16666666666666657,0.16666666666666657,0.16666666666666657,0.16666666666666657,0.16666666666666657
6,6.0,6.0,0.16666666666666657,0.16666666666666657,0.16666666666666657,0.16666666666666657,0.16666666666666657,0.16666666666666657
7,7.0,7.0,0.16666666666666657,0.16666666666666657,0.16666666666666657,0.16666666666666657,0.16666666666666657,0.16666666666666657
8,8.0,8.0,0.16666666666666657,0.16666666666666657,0.16666666666666657,0.16666666666666657,0.16666666666666657,0.16666666666666657
9,9.0,9.0,0.16666666666666657,0.16666666666666657,0.16666666666666657,0.16666666666666657,0.16666666666666657,0.16666666666666657
10,10.0,10.0,0.16666666666666657,0.16666666666666657,0.16666666666666657,0.16666666666666657,0.16666666666666657,0.16666666666666657
11,11.0,11.0,0.16666666666666657,0.16666666666666657,0.16666666666666657,0.16666666666666657,0.16666666666666657,0.16666666666666657
12,12.0,12.0,0.16666666666666657,0.16666666666666657,0.16666666666666657,0.16666666666666657,0.16666666666666657,0.16666666666666657
13,13.0,13.0,0.16666666666666657,0.16666666666666657,0.16666666666666657,0.16666666666666657,0.16666666666666657,0.16666666666666657
14,14.0,14.0,0.16666666666666657,0.16666666666666657,0.16666666666666657,0.16666666666666657,0.16666666666666657,0.16666666666666657
15,15.0,15.0,0.16666666666666657,0.16666666666666657,0.16666666666666657,0.16666666666666657,0.16666666666666657,0.16666666666666657
16,16.0,16.0,0.16666666666666657,0.16666666666666657,0.16666666666666657,0.16666666666666657,0.16666666666666657,0.16666666666666657
17,17.0,17.0,0.16666666666666657,0.16666666666666657,0.16666666666666657,0.16666666666666657,0.16666666666666657,0.16666666666666657
18,18.0,18.0,0.16666666666666657,0.16666666666666657,0.16666666666666657,0.16666666666666657,0.16666666666666657,0.16666666666666657
19,19.0,19.0,0.16666666666666657,0.16666666666666657,0.16666666666666657,0.16666666666666657,0.16666666666666657,0.16666666666666657
20,20.0,20.0,0.16666666666666657,0.16666666666666657,0.16666666666666657,0.16666666666666657,0.16666666666666657,0.16666666666666657
21,21.0,21.0,0.16666666666666657,0.16666666666666657,0.16666666666666657,0.16666666666666657,0.16666666666666657,0.16666666666666657
22,22.0,22.0,0.16666666666666657,0.16666666666666657,0.16666666666666657,0.16666666666666657,0.16666666666666657,0.16666666666666657
23,23.0,23.0,0.16666666666666657,0.16666666666666657,0.16666666666666657,0.16666666666666657,0.16666666666666657,0.16666666666666657
24,24.0,24.0,0.16666666666666657,0.16666666666666657,0.16666666666666657,0.16666666666666657,0.16666666666666657,0.16666666666666657
25,25.0,25.0,0.16666666666666657,0.16666666666666657,0.16666666666666657,0.16666666666666657,0.16666666666666657,0.16666666666666657
26,26.0,26.0,0.16666666666666657,0.16666666666666657,0.16666666666666657,0.16666666666666657,0.16666666666666657,0.16666666666666657
27,27.0,27.0,0.16666666666666657,0.16666666666666657,0.16666666666666657,0.16666666666666657,0.16666666666666657,0.16666666666666657
28,28.0,28.0,0.16666666666666657,0.16666666666666657,0.16666666666666657,0.16666666666666657,0.16666666666666657,0.16666666666666657
29,29.0,29.0,0.16666666666666657,0.16666666666666657,0.16666666666666657,0.16666666666666657,0.16666666666666657,0.16666666666666657
30,30.0,30.0,0.16666666666666657,0.16666666666666657,0.16666666666666657,0.16666666666666657,0.16666666666666657,0.16666666666666657
31,31.0,31.0,0.16666666666666657,0.16666666666666657,0.16666666666666657,0.16666666666666657,0.16666666666666657,0.16666666666666657
32,32.0,32.0,0.16666666666666657,0.16666666666666657,0.16666666666666657,0.16666666666666657,0.16666666666666657,0.16666666666666657
33,33.0,33.0,0.16666666666666657,0.16666666666666657,0.16666666666666657,0.16666666666666657,0.16666666666666657,0.16666666666666657
34,34.0,34.0,0.16666666666666657,0.16666666666666657,0.16666666666666657,0.16666666666666657,0.16666666666666657,0.16666666666666657
35,35.0,35.0,0.16666666666666657,0.16666666666666657,0.16666666666666657,0.16666666666666657,0.16666666666666657,0.16666666666666657
36,36.0,36.0,0.16666666666666657,0.16666666666666657,0.16666666666666657,0.16666666666666657,0.16666666666666657,0.16666666666666657
37,37.0,37.0,0.16666666666666657,0.16666666666666657,0.16666666666666657,0.16666666666666657,0.16666666666666657,0.16666666666666657
38,38.0,38.0,0.16666666666666657,0.16666666666666657,0.16666666666666657,0.16666666666666657,0.16666666666666657,0.16666666666666657
39,39.0,39.0,0.16666666666666657,0.16666666666666657,0.16666666666666657,0.16666666666666657,0.16666666666666657,0.16666666666666657
40,40.0,40.0,0.16666666666666657,0.16666666666666657,0.16666666666666657,0.16666666666666657,0.16666666666666657,0.16666666666666657
41,41.0,41.0,0.16666666666666657,0.16666666666666657,0.16666666666666657,0.16666666666666657,0.16666666666666657,0.16666666666666657
42,42.0,42.0,0.16666666666666657,0.16666666666666657,0.16666666666666657,0.16666666666666657,0.16666666666666657,0.16666666666666657
43,43.0,43.0,0.16666666666666657,0.16666666666666657,0.16666666666666657,0.16666666666666657,0.16666666666666657,0.16666666666666657
44,44.0,44.0,0.16666666666666657,0.16666666666666657,0.16666666666666657,0.16666666666666657,0.16666666666666657,0.16666666666666657
45,45.0,45.0,0.16666666666666657,0.16666666666666657,0.16666666666666657,0.16666666666666657,0.16666666666666657,0.16666666666666657
46,46.0,46.0,0.16666666666666657,0.16666666666666657,0.16666666666666657,0.16666666666666657,0.16666666666666657,0.16666666666666657
47,47.0,47.0,0.16666666666666657,0.16666666666666657,0.16666666666666657,0.16666666666666657,0.16666666666666657,0.16666666666666657
48,48.0,48.0,0.16666666666666657,0.16666666666666657,0.16666666666666657,0.16666666666666657,0.16666666666666657,0.16666666666666657
49,49.0,49.0,0.16666666666666657,0.16666666666666657,0.16666666666666657,0.16666666666666657,0.16666666666666657,0.16666666666666657
50,50.0,50.0,0.16666666666666657,0.16666666666666657,0.16666666666666657,0.16666666666666657,0.16666666666666657,0.16666666666666657
51,51.0,51.0,0.16666666666666657,0.16666666666666657,0.16666666666666657,0.16666666666666657,0.16666666666666657,0.16666666666666657
52,52.0,52.0,0.16666666666666657,0.16666666666666657,0.16666666666666657,0.16666666666666657,0.16666666666666657,0.16666666666666657
53,53.0,53.0,0.16666666666666657,0.16666666666666657,0.16666666666666657,0.16666666666666657,0.16666666666666657,0.16666666666666657
54,54.0,54.0,0.16666666666666657,0.16666666666666657,0.16666666666666657,0.16666666666666657,0.16666666666666657,0.16666666666666657
55,55.0,55.0,0.16666666666666657,0.16666666666666657,0.16666666666666657,0.16666666666666657,0.16666666666666657,0.16666666666666657
56,56.0,56.0,0.16666666666666657,0.16666666666666657,0.16666666666666657,0.16666666666666657,0.16666666666666657,0.16666666666666657
57,57.0,57.0,0.16666666666666657,0.16666666666666657,0.16666666666666657,0.16666666666666657,0.16666666666666657,0.16666666666666657
58,58.0,58.0,0.16666666666666657,0.16666666666666657,0.16666666666666657,0.16666666666666657,0.16666666666666657,0.16666666666666657
59,59.0,59.0,0.16666666666666657,0.16666666666666657,0.16666666666666657,0.16666666666666657,0.16666666666666657,0.16666666666666657
60,60.0,60.1,0.16666666666666657,0.16666666666666657,0.16666666666666657,0.16666666666666657,0.16666666666666657,0.16666666666666657
61,61.0,61.1,0.16666666666666657,0.16666666666666657,0.16666666666666657,0.16666666666666657,0.16666666666666657,0.16666666666666657
62,62.0,62.1,0.16666666666666657,0.16666666666666657,0.16666666666666657,0.16666666666666657,0.16666666666666657,0.16666666666666657
63,63.0,63.1,0.16666666666666657,0.16666666666666657,0.16666666666666657,0.16666666666666657,0.16666666666666657,0.16666666666666657
64,64.0,64.1,0.16666666666666657,0.16666666666666657,0.16666666666666657,0.16666666666666657,0.16666666666666657,0.16666666666666657
65,65.0,65.1,0.16666666666666657,0.16666666666666657,0.16666666666666657,0.16666666666666657,0.16666666666666657,0.16666666666666657
66,66.0,66.1,0.16666666666666657,0.16666666666666657,0.16666666666666657,0.16666666666666657,0.16666666666666657,0.16666666666666657
67,67.0,67.1,0.16666666666666657,0.16666666666666657,0.16666666666666657,0.16666666666666657,0.16666666666666657,0.16666666666666657
68,68.0,68.1,0.16666666666666657,0.16666666666666657,0.16666666666666657,0.16666666666666657,0.16666666666666657,0.16666666666666657
69,69.0,69.1,0.16666666666666657,0.16666666666666657,0.16666666666666657,0.16666666666666657,0.16666666666666657,0.16666666666666657
70,70.0,70.1,0.16666666666666657,0.16666666666666657,0.16666666666666657,0.16666666666666657,0.16666666666666657,0.16666666666666657
71,71.0,71.1,0.16666666666666657,0.16666666666666657,0.16666666666666657,0.16666666666666657,0.16666666666666657,0.16666666666666657
72,72.0,72.1,0.16666666666666657,0.16666666666666657,0.16666666666666657,0.16666666666666657,0.16666666666666657,0.16666666666666657
73,73.0,73.1,0.16666666666666657,0.16666666666666657,0.16666666666666657,0.16666666666666657,0.16666666666666657,0.16666666666666657
74,74.0,74.1,0.16666666666666657,0.16666666666666657,0.16666666666666657,0.16666666666666657,0.16666666666666657,0.16666666666666657
75,75.0,75.1,0.16666666666666657,0.16666666666666657,0.16666666666666657,0.16666666666666657,0.16666666666666657,0.16666666666666657
76,76.0,76.1,0.16666666666666657,0.16666666666666657,0.16666666666666657,0.16666666666666657,0.16666666666666657,0.16666666666666657
77,77.0,77.1,0.16666666666666657,0.16666666666666657,0.16666666666666657,0.16666666666666657,0.16666666666666657,0.16666666666666657
78,78.0,78.1,0.16666666666666657,0.16666666666666657,0.16666666666666657,0.16666666666666657,0.16666666666666657,0.16666666666666657
79,79.0,79.1,0.16666666666666657,0.16666666666666657,0.16666666666666657,0.16666666666666657,0.16666666666666657,0.16666666666666657
80,80.0,80.1,0.16666666666666657,0.16666666666666657,0.16666666666666657,0.16666666666666657,0.16666666666666657,0.16666666666666657
81,81.0,81.1,0.16666666666666657,0.16666666666666657,0.16666666666666657,0.16666666666666657,0.16666666666666657,0.16666666666666657
82,82.0,82.1,0.16666666666666657,0.16666666666666657,0.16666666666666657,0.16666666666666657,0.16666666666666657,0.16666666666666657
83,83.0,83.1,0.16666666666666657,0.16666666666666657,0.16666666666666657,0.16666666666666657,0.16666666666666657,0.16666666666666657
84,84.0,84.1,0.16666666666666657,0.16666666666666657,0.16666666666666657,0.16666666666666657,0.16666666666666657,0.16666666666666657
85,85.0,85.3,0.16666666666666657,0.16666666666666657,0.16666666666666657,0.16666666666666657,0.16666666666666657,0.16666666666666657
86,86.0,86.3,0.16666666666666657,0.16666666666666657,0.16666666666666657,0.16666666666666657,0.16666666666666657,0.16666666666666657
87,87.0,87.3,0.16666666666666657,0.16666666666666657,0.16666666666666657,0.16666666666666657,0.16666666666666657,0.16666666666666657
88,88.0,88.3,0.16666666666666657,0.16666666666666657,0.16666666666666657,0.16666666666666657,0.16666666666666657,0.16666666666666657
89,89.0,89.3,0.16666666666666657,0.16666666666666657,0.16666666666666657,0.16666666666666657,0.16666666666666657,0.16666666666666657
90,90.0,90.3,0.16666666666666657,0.16666666666666657,0.16666666666666657,0.16666666666666657,0.16666666666666657,0.16666666666666657
91,91.0,91.3,0.16666666666666657,0.16666666666666657,0.16666666666666657,0.16666666666666657,0.16666666666666657,0.16666666666666657
92,92.0,92.3,0.16666666666666657,0.16666666666666657,0.16666666666666657,0.16666666666666657,0.16666666666666657,0.16666666666666657
93,93.0,93.3,0.16666666666666657,0.16666666666666657,0.16666666666666657,0.16666666666666657,0.16666666666666657,0.16666666666666657
94,94.0,94.3,0.16666666666666657,0.16666666666666657,0.16666666666666657,0.16666666666666657,0.16666666666666657,0.16666666666666657
95,95.0,95.3,0.16666666666666657,0.16666666666666657,0.16666666666666657,0.16666666666666657,0.16666666666666657,0.16666666666666657
96,96.0,96.4,0.16666666666666657,0.16666666666666657,0.16666666666666657,0.16666666666666657,0.16666666666666657,0.16666666666666657
97,97.0,97.4,0.16666666666666657,0.16666666666666657,0.16666666666666657,0.16666666666666657,0.16666666666666657,0.16666666666666657
98,98.0,98.4,0.16666666666666657,0.16666666666666657,0.16666666666666657,0.16666666666666657,0.16666666666666657,0.16666666666666657
99,99.0,99.4,0.16666666666666657,0.16666666666666657,0.16666666666666657,0.16666666666666657,0.16666666666666657,0.16666666666666657
100,100.0,100.4,0.16666666666666657,0.16666666666666657,0.16666666666666657,0.16666666666666657,0.16666666666666657,0.16666666666666657
101,101.0,101.4,0.16666666666666657,0.16666666666666657,0.16666666666666657,0.16666666666666657,0.16666666666666657,0.16666666666666657
102,102.0,102.4,0.16666666666666657,0.16666666666666657,0.16666666666666657,0.16666666666666657,0.16666666666666657,0.16666666666666657
103,103.0,103.4,0.16666666666666657,0.16666666666666657,0.16666666666666657,0.16666666666666657,0.16666666666666657,0.16666666666666657
104,104.0,104.4,0.16666666666666657,0.16666666666666657,0.16666666666666657,0.16666666666666657,0.16666666666666657,0.16666666666666657
105,105.0,105.4,0.16666666666666657,0.16666666666666657,0.16666666666666657,0.16666666666666657,0.16666666666666657,0.16666666666666657
106,106.0,106.4,0.16666666666666657,0.16666666666666657,0.16666666666666657,0.16666666666666657,0.16666666666666657,0.16666666666666657
107,107.0,107.4,0.16666666666666657,0.16666666666666657,0.16666666666666657,0.16666666666666657,0.16666666666666657,0.16666666666666657
108,108.0,108.4,0.16666666666666657,0.16666666666666657,0.16666666666666657,0.16666666666666657,0.16666666666666657,0.16666666666666657
109,109.0,109.4,0.16666666666666657,0.16666666666666657,0.16666666666666657,0.16666666666666657,0.16666666666666657,0.16666666666666657
110,110.0,110.4,0.16666666666666657,0.16666666666666657,0.16666666666666657,0.16666666666666657,0.16666666666666657,0.16666666666666657
111,111.0,111.4,0.16666666666666657,0.16666666666666657,0.16666666666666657,0.16666666666666657,0.16666666666666657,0.16666666666666657
112,112.0,112.4,0.16666666666666657,0.16666666666666657,0.16666666666666657,0.16666666666666657,0.16666666666666657,0.16666666666666657
113,113.0,113.4,0.16666666666666657,0.16666666666666657,0.16666666666666657,0.16666666666666657,0.16666666666666657,0.16666666666666657
114,114.0,114.4,0.16666666666666657,0.16666666666666657,0.16666666666666657,0.16666666666666657,0.16666666666666657,0.16666666666666657
115,115.0,115.4,0.16666666666666657,0.16666666666666657,0.16666666666666657,0.16666666666666657,0.16666666666666657,0.16666666666666657
116,116.0,116.4,0.16666666666666657,0.16666666666666657,0.16666666666666657,0.16666666666666657,0.16666666666666657,0.16666666666666657
117,117.0,117.4,0.16666666666666657,0.16666666666666657,0.16666666666666657,0.16666666666666657,0.16666666666666657,0.16666666666666657
118,118.0,118.4,0.16666666666666657,0.16666666666666657,0.16666666666666657,0.16666666666666657,0.16666666666666657,0.16666666666666657
119,119.0,119.4,0.16666666666666657,0.16666666666666657,0.16666666666666657,0.16666666666666657,0.16666666666666657,0.16666666666666657
120,120.0,120.4,0.16666666666666657,0.16666666666666657,0.16666666666666657,0.16666666666666657,0.16666666666666657,0.16666666666666657
121,121.0,121.4,0.16666666666666657,0.16666666666666657,0.16666666666666657,0.16666666666666657,0.16666666666666657,0.16666666666666657
122,122.0,122.4,0.16666666666666657,0.16666666666666657,0.16666666666666657,0.16666666666666657,0.16666666666666657,0.16666666666666657
123,123.0,123.4,0.16666666666666657,0.16666666666666657,0.16666666666666657,0.16666666666666657,0.16666666666666657,0.16666666666666657
124,124.0,124.4,0.16666666666666657,0.16666666666666657,0.16666666666666657,0.16666666666666657,0.16666666666666657,0.16666666666666657
125,125.0,125.4,0.16666666666666657,0.16666666666666657,0.16666666666666657,0.16666666666666657,0.16666666666666657,0.16666666666666657
126,126.0,126.4,0.16666666666666657,0.16666666666666657,0.16666666666666657,0.16666666666666657,0.16666666666666657,0.16666666666666657
127,127.0,127.4,0.16666666666666657,0.16666666666666657,0.16666666666666657,0.16666666666666657,0.16666666666666657,0.16666666666666657
128,128.0,128.4,0.16666666666666657,0.16666666666666657,0.16666666666666657,0.16666666666666657,0.16666666666666657,0.16666666666666657
129,129.0,129.4,0.16666666666666657,0.16666666666666657,0.16666666666666657,0.16666666666666657,0.16666666666666657,0.16666666666666657
130,130.0,130.4,0.16666666666666657,0.16666666666666657,0.16666666666666657,0.16666666666666657,0.16666666666666657,0.16666666666666657
131,131.0,131.4,0.16666666666666657,0.16666666666666657,0.16666666666666657,0.16666666666666657,0.16666666666666657,0.16666666666666657
132,132.0,132.4,0.16666666666666657,0.16666666666666657,0.16666666666666657,0.16666666666666657,0.16666666666666657,0.16666666666666657
133,133.0,133.4,0.16666666666666657,0.16666666666666657,0.16666666666666657,0.16666666666666657,0.16666666666666657,0.16666666666666657
134,134.0,134.4,0.16666666666666657,0.16666666666666657,0.16666666666666657,0.16666666666666657,0.16666666666666657,0.16666666666666657
135,135.0,135.4,0.16666666666666657,0.16666666666666657,0.16666666666666657,0.16666666666666657,0.16666666666666657,0.16666666666666657
136,136.0,136.4,0.16666666666666657,0.16666666666666657,0.16666666666666657,0.16666666666666657,0.16666666666666657,0.16666666666666657
137,137.0,137.4,0.16666666666666657,0.16666666666666657,0.16666666666666657,0.16666666666666657,0.16666666666666657,0.16666666666666657
138,138.0,138.4,0.16666666666666657,0.16666666666666657,0.16666666666666657,0.16666666666666657,0.16666666666666657,0.16666666666666657
139,139.0,139.4,0.16666666666666657,0.16666666666666657,0.16666666666666657,0.16666666666666657,0.16666666666666657,0.16666666666666657
140,140.0,140.4,0.16666666666666657,0.16666666666666657,0.16666666666666657,0.16666666666666657,0.16666666666666657,0.16666666666666657
141,141.0,141.4,0.16666666666666657,0.16666666666666657,0.16666666666666657,0.16666666666666657,0.16666666666666657,0.16666666666666657
142,142.0,142.4,0.16666666666666657,0.16666666666666657,0.16666666666666657,0.16666666666666657,0.16666666666666657,0.16666666666666657
143,143.0,143.4,0.16666666666666657,0.16666666666666657,0.16666666666666657,0.16666666666666657,0.16666666666666657,0.16666666666666657
144,144.0,144.4,0.16666666666666657,0.16666666666666657,0.16666666666666657,0.16666666666666657,0.16666666666666657,0.16666666666666657
145,145.0,145.4,0.16666666666666657,0.16666666666666657,0.16666666666666657,0.16666666666666657,0.16666666666666657,0.16666666666666657
146,146.0,146.4,0.16666666666666657,0.16666666666666657,0.16666666666666657,0.16666666666666657,0.16666666666666657,0.16666666666666657
147,147.0,147.4,0.16666666666666657,0.16666666666666657,0.16666666666666657,0.16666666666666657,0.16666666666666657,0.16666666666666657
148,148.0,148.4,0.16666666666666657,0.16666666666666657,0.16666666666666657,0.16666666666666657,0.16666666666666657,0.16666666666666657
149,149.0,149.4,0.16666666666666657,0.16666666666666657,0.16666666666666657,0.16666666666666657,0.16666666666666657,0.16666666666666657
150,150.0,150.4,0.16666666666666657,0.16666666666666657,0.16666666666666657,0.16666666666666657,0.16666666666666657,0.16666666666666657
151,151.0,151.4,0.16666666666666657,0.16666666666666657,0.16666666666666657,0.16666666666666657,0.16666666666666657,0.16666666666666657
152,152.0,152.4,0.16666666666666657,0.16666666666666657,0.16666666666666657,0.16666666666666657,0.16666666666666657,0.16666666666666657
153,153.0,153.4,0.16666666666666657,0.16666666666666657,0.16666666666666657,0.16666666666666657,0.16666666666666657,0.16666666666666657
154,154.0,154.4,0.16666666666666657,0.16666666666666657,0.16666666666666657,0.16666666666666657,0.16666666666666657,0.16666666666666657
155,155.0,155.4,0.16666666666666657,0.16666666666666657,0.16666666666666657,0.16666666666666657,0.16666666666666657,0.16666666666666657
156,156.0,156.4,0.16666666666666657,0.16666666666666657,0.16666666666666657,0.16666666666666657,0.16666666666666657,0.16666666666666657
157,157.0,157.4,0.16666666666666657,0.16666666666666657,0.16666666666666657,0.16666666666666657,0.16666666666666657,0.16666666666666657
158,158.0,158.4,0.16666666666666657,0.16666666666666657,0.16666666666666657,0.16666666666666657,0.16666666666666657,0.16666666666666657
159,159.0,159.4,0.16666666666666657,0.16666666666666657,0.16666666666666657,0.16666666666666657,0.16666666666666657,0.16666666666666657
160,160.0,160.5,0.16666666666666657,0.16666666666666657,0.16666666666666657,0.16666666666666657,0.16666666666666657,0.16666666666666657
161,161.0,161.5,0.16666666666666657,0.16666666666666657,0.16666666666666657,0.16666666666666657,0.16666666666666657,0.16666666666666657
162,162.0,162.5,0.16666666666666657,0.16666666666666657,0.16666666666666657,0.16666666666666657,0.16666666666666657,0.16666666666666657
163,163.0,163.6,0.16666666666666657,0.16666666666666657,0.16666666666666657,0.16666666666666657,0.16666666666666657,0.16666666666666657
164,164.0,164.6,0.16666666666666657,0.16666666666666657,0.16666666666666657,0.16666666666666657,0.16666666666666657,0.16666666666666657
165,165.0,165.6,0.16666666666666657,0.16666666666666657,0.16666666666666657,0.16666666666666657,0.16666666666666657,0.16666666666666657
166,166.0,166.6,0.16666666666666657,0.16666666666666657,0.16666666666666657,0.16666666666666657,0.16666666666666657,0.16666666666666657
167,167.0,167.6,0.16666666666666657,0.16666666666666657,0.16666666666666657,0.16666666666666657,0.16666666666666657,0.16666666666666657
168,168.0,168.6,0.16666666666666657,0.16666666666666657,0.16666666666666657,0.16666666666666657,0.16666666666666657,0.16666666666666657
169,169.0,169.6,0.16666666666666657,0.16666666666666657,0.16666666666666657,0.16666666666666657,0.16666666666666657,0.16666666666666657
170,170.0,170.6,0.16666666666666657,0.16666666666666657,0.16666666666666657,0.16666666666666657,0.16666666666666657,0.16666666666666657
171,171.0,171.6,0.16666666666666657,0.16666666666666657,0.16666666666666657,0.16666666666666657,0.16666666666666657,0.16666666666666657
172,172.0,172.6,0.16666666666666657,0.16666666666666657,0.16666666666666657,0.16666666666666657,0.16666666666666657,0.16666666666666657
173,173.0,173.6,0.16666666666666657,0.16666666666666657,0.16666666666666657,0.16666666666666657,0.16666666666666657,0.16666666666666657
174,174.0,174.6,0.16666666666666657,0.16666666666666657,0.16666666666666657,0.16666666666666657,0.16666666666666657,0.16666666666666657
175,175.0,175.6,0.16666666666666657,0.16666666666666657,0.16666666666666657,0.16666666666666657,0.16666666666666657,0.16666666666666657
176,176.0,176.7,0.16666666666666657,0.16666666666666657,0.16666666666666657,0.16666666666666657,0.16666666666666657,0.16666666666666657
177,177.0,177.7,0.16666666666666657,0.16666666666666657,0.16666666666666657,0.16666666666666657,0.16666666666666657,0.16666666666666657
178,178.0,178.7,0.16666666666666657,0.16666666666666657,0.16666666666666657,0.16666666666666657,0.16666666666666657,0.16666666666666657
179,179.0,179.7,0.16666666666666657,0.16666666666666657,0.16666666666666657,0.16666666666666657,0.16666666666666657,0.16666666666666657
180,180.0,180.7,0.16666666666666657,0.16666666666666657,0.16666666666666657,0.16666666666666657,0.16666666666666657,0.16666666666666657
181,181.0,181.7,0.16666666666666657,0.16666666666666657,0.16666666666666657,0.16666666666666657,0.16666666666666657,0.16666666666666657
182,182.0,182.7,0.16666666666666657,0.16666666666666657,0.16666666666666657,0.16666666666666657,0.16666666666666657,0.16666666666666657
183,183.0,183.7,0.16666666666666657,0.16666666666666657,0.16666666666666657,0.16666666666666657,0.16666666666666657,0.16666666666666657
184,184.0,184.7,0.16666666666666657,0.16666666666666657,0.16666666666666657,0.16666666666666657,0.16666666666666657,0.16666666666666657
185,185.0,185.7,0.16666666666666657,0.16666666666666657,0.16666666666666657,0.16666666666666657,0.16666666666666657,0.16666666666666657
186,186.0,186.7,0.16666666666666657,0.16666666666666657,0.16666666666666657,0.16666666666666657,0.16666666666666657,0.16666666666666657
187,187.0,187.7,0.16666666666666657,0.16666666666666657,0.16666666666666657,0.16666666666666657,0.16666666666666657,0.16666666666666657
188,188.0,188.7,0.16666666666666657,0.16666666666666657,0.16666666666666657,0.16666666666666657,0.16666666666666657,0.16666666666666657
189,189.0,189.7,0.16666666666666657,0.16666666666666657,0.16666666666666657,0.16666666666666657,0.16666666666666657,0.16666666666666657
190,190.0,190.7,0.16666666666666657,0.16666666666666657,0.16666666666666657,0.16666666666666657,0.16666666666666657,0.16666666666666657
191,191.0,191.7,0.16666666666666657,0.16666666666666657,0.16666666666666657,0.16666666666666657,0.16666666666666657,0.16666666666666657
192,192.0,192.7,0.16666666666666657,0.16666666666666657,0.16666666666666657,0.16666666666666657,0.16666666666666657,0.16666666666666657
193,193.0,193.7,0.16666666666666657,0.16666666666666657,0.16666666666666657,0.16666666666666657,0.16666666666666657,0.16666666666666657
194,194.0,194.7,0.16666666666666657,0.16666666666666657,0.16666666666666657,0.16666666666666657,0.16666666666666657,0.16666666666666657
195,195.0,195.7,0.16666666666666657,0.16666666666666657,0.16666666666666657,0.16666666666666657,0.16666666666666657,0.16666666666666657
196,196.0,196.7,0.16666666666666657,0.16666666666666657,0.16666666666666657,0.16666666666666657,0.16666666666666657,0.16666666666666657
197,197.0,197.7,0.16666666666666657,0.16666666666666657,0.16666666666666657,0.16666666666666657,0.16666666666666657,0.16666666666666657
198,198.0,198.7,0.1642857142857142,0.1642857142857142,0.1642857142857142,0.1642857142857142,0.1642857142857142,0.1785714285714285
199,199.0,199.7,0.1642857142857142,0.1642857142857142,0.1642857142857142,0.1642857142857142,0.1642857142857142,0.1785714285714285
200,200.0,200.7,0.1642857142857142,0.1642857142857142,0.1642857142857142,0.1642857142857142,0.1642857142857142,0.1785714285714285
201,201.0,201.7,0.1641239019879796,0.1641239019879796,0.1641239019879796,0.1641239019879796,0.1641239019879796,0.17938049006010162
202,202.0,202.7,0.1617429496070272,0.1617429496070272,0.1617429496070272,0.1760286638927415,0.1617429496070272,0.17699953767914925
203,203.0,203.7,0.15979853479853473,0.15979853479853473,0.15979853479853473,0.18479853479853472,0.15979853479853473,0.17600732600732594
204,204.0,204.7,0.1572619047619047,0.1572619047619047,0.17154761904761898,0.18226190476190468,0.1572619047619047,0.17440476190476184
205,205.0,205.7,0.15805256064690018,0.15710916442048511,0.1713948787061994,0.16960916442048513,0.15710916442048511,0.18672506738544467
206,206.0,206.7,0.15789385847797055,0.15695927903871826,0.17124499332443252,0.16945927903871824,0.15695927903871826,0.18748331108144184
207,207.0,207.7,0.1531319537160658,0.1521973742768135,0.16648308856252778,0.1789830885625278,0.16648308856252778,0.1827214063195371
208,208.0,208.7,0.15134623943035153,0.15041165999109923,0.16291165999109922,0.1771973742768135,0.1646973742768135,0.19343569203382283
209,209.0,209.7,0.14594938604372562,0.14500598981731055,0.15844938604372563,0.16673030847559148,0.1878631326744534,0.19600179694519312
210,210.0,210.7,0.14594938604372562,0.14500598981731055,0.15844938604372563,0.16673030847559148,0.1878631326744534,0.19600179694519312
211,211.0,211.7,0.14237795747229706,0.141434561245882,0.15487795747229707,0.1520477687930518,0.20477687930518118,0.2044848757112908
212,212.0,212.7,0.14059224318658278,0.13964884696016772,0.1530922431865828,0.1502620545073375,0.21370545073375258,0.2026991614255765
213,213.0,213.7,0.14753668763102726,0.13548218029350104,0.14892557651991614,0.14609538784067083,0.22481656184486373,0.19714360587002094
214,214.0,214.7,0.14531446540880505,0.13325995807127883,0.14670335429769393,0.14387316561844862,0.22926100628930818,0.20158805031446542
215,215.0,215.7,0.14452380952380955,0.13341269841269843,0.14686507936507937,0.14400793650793647,0.2294047619047619,0.2017857142857143
216,216.0,216.7,0.14123376623376624,0.13012265512265514,0.14357503607503608,0.14071789321789321,0.2261147186147186,0.21823593073593073
217,217.0,217.7,0.1599206349206349,0.12936507936507935,0.14186507936507936,0.1409126984126984,0.21424603174603174,0.21369047619047618
218,218.0,218.7,0.15658730158730158,0.13825396825396824,0.14075396825396827,0.1398015873015873,0.21313492063492062,0.21146825396825397
219,219.0,219.7,0.15295093795093792,0.1355266955266955,0.14726911976911974,0.13798340548340543,0.21677128427128425,0.20949855699855696
220,220.0,220.7,0.15116522366522364,0.13374098124098122,0.14548340548340546,0.13619769119769115,0.21498556998556992,0.21842712842712841
221,221.0,221.7,0.15757548007548006,0.13309995559995558,0.1442013542013542,0.1355566655566655,0.21434454434454428,0.21522200022200016
222,222.0,222.7,0.1559271284271284,0.13255050505050503,0.1431024531024531,0.13500721500721496,0.21379509379509373,0.21961760461760454
223,223.0,223.8,0.15388174393028758,0.131475994340072,0.14202794239202005,0.1416946861121618,0.2136729640370417,0.21724666918841667
224,224.0,224.8,0.16138174393028762,0.1278648832289609,0.13841683128090893,0.13586135277882846,0.21672851959259729,0.21974666918841673
225,225.0,225.8,0.15825043079897444,0.12584468120875886,0.145487538351616,0.14293205984953555,0.20198104484512253,0.22550424494599247
226,226.0,226.8,0.1574928550413987,0.1250871054511831,0.14397238683646446,0.14217448409195982,0.1981931660572437,0.23308000252175
227,227.0,227.8,0.1586039661525098,0.12619821656229419,0.14605437173398333,0.15661892853640424,0.1993042771683548,0.21322023984645339
228,228.0,228.8,0.16025231780086144,0.12674766711174473,0.14715327283288443,0.1571683790858548,0.19985372771780535,0.20882463545084903
229,229.0,229.8,0.16010295260295254,0.12658896658896654,0.14698523698523694,0.15703768453768452,0.19969502719502716,0.20959013209013203
230,230.0,230.8,0.15899184149184145,0.12547785547785545,0.15587412587412583,0.15259324009324007,0.19858391608391607,0.20847902097902096
231,231.0,231.8,0.15899184149184145,0.12547785547785545,0.15587412587412583,0.15259324009324007,0.2069172494172494,0.20014568764568766
232,232.0,232.8,0.15010295260295256,0.12658896658896657,0.15698523698523695,0.15370435120435116,0.20802836052836052,0.20459013209013208
233,233.0,233.8,0.14899184149184147,0.12547785547785545,0.15587412587412583,0.15259324009324007,0.2069172494172494,0.2101456876456876
234,234.0,234.8,0.14899184149184147,0.12547785547785545,0.15587412587412583,0.15259324009324007,0.2069172494172494,0.2101456876456876
235,235.0,235.8,0.13331002331002326,0.11888694638694637,0.15837412587412583,0.15509324009324005,0.2094172494172494,0.2249184149184149
236,236.0,236.8,0.14217754467754465,0.1181390831390831,0.15826728826728823,0.1543453768453768,0.20866938616938616,0.21840132090132086
237,237.0,237.8,0.14106643356643353,0.117027972027972,0.1571561771561771,0.1532342657342657,0.20755827505827504,0.2239568764568764
238,238.0,238.8,0.14030885780885777,0.11627039627039623,0.15639860139860134,0.15247668997668995,0.2151340326340326,0.2194114219114219
239,239.0,239.8,0.14550366300366296,0.12146520146520143,0.16159340659340654,0.14858058608058605,0.19825091575091575,0.2246062271062271
240,240.0,240.8,0.14550366300366296,0.13813186813186812,0.16159340659340654,0.14858058608058605,0.19825091575091575,0.2079395604395604
241,241.0,241.9,0.14550366300366296,0.13813186813186812,0.16159340659340654,0.14858058608058605,0.19825091575091575,0.2079395604395604
242,242.0,242.9,0.14459457209457205,0.13722277722277718,0.16068431568431563,0.1476714951714951,0.19734182484182483,0.21248501498501496
243,243.0,243.9,0.14459457209457205,0.13722277722277718,0.16068431568431563,0.1476714951714951,0.19734182484182483,0.21248501498501496
244,244.0,244.9,0.14459457209457205,0.13722277722277718,0.16068431568431563,0.1476714951714951,0.19734182484182483,0.21248501498501496
245,245.0,245.9,0.14762487512487507,0.1296470196470196,0.15310855810855806,0.14842907092907087,0.19809940059940057,0.22309107559107555
246,246.0,246.9,0.1529279054279054,0.12888944388944384,0.1523509823509823,0.1476714951714951,0.19734182484182483,0.2208183483183483
247,247.0,247.9,0.1529279054279054,0.12888944388944384,0.1523509823509823,0.1476714951714951,0.19734182484182483,0.2208183483183483
248,248.0,248.9,0.1612612387612387,0.12888944388944384,0.1666366966366966,0.1476714951714951,0.19138944388944387,0.2041516816516816
249,249.0,249.9,0.16062021312021307,0.12760739260739257,0.16599567099567097,0.14703046953046947,0.19715867465867465,0.20158757908757904
250,250.0,250.9,0.16312021312021308,0.13010739260739257,0.17099567099567095,0.11953046953046949,0.21215867465867463,0.20408757908757905
251,251.0,251.9,0.16696636696636694,0.12946636696636693,0.1703546453546453,0.11888944388944385,0.211517649017649,0.20280552780552777
252,252.0,252.9,0.16696636696636694,0.12946636696636693,0.1703546453546453,0.11888944388944385,0.211517649017649,0.20280552780552777
253,253.0,253.9,0.18075258075258074,0.12262321012321009,0.17120379620379617,0.11973859473859472,0.20747169497169496,0.19821012321012318
254,254.0,254.9,0.1792374292374292,0.12186563436563433,0.1704462204462204,0.11898101898101894,0.2142898767898768,0.19517982017982013
255,255.0,255.9,0.1792374292374292,0.12186563436563433,0.1704462204462204,0.11898101898101894,0.2142898767898768,0.19517982017982013
256,256.0,256.9,0.1828486730660643,0.12995012234142664,0.16706192358366265,0.1256022962544701,0.1917325428194993,0.20280444193487668
257,257.0,257.9,0.1828486730660643,0.12995012234142664,0.16706192358366265,0.1256022962544701,0.1917325428194993,0.20280444193487668
258,258.0,258.9,0.1828486730660643,0.12995012234142664,0.16706192358366265,0.1256022962544701,0.1917325428194993,0.20280444193487668
259,259.0,259.9,0.18270842061164635,0.12975143136433456,0.16796187683284453,0.12545035609551736,0.19156891495601172,0.20255900013964526
260,260.0,260.9,0.18270842061164635,0.12975143136433456,0.16796187683284453,0.12545035609551736,0.1824780058651026,0.21164990923055438
261,261.0,261.9,0.177578872740163,0.12954330615620935,0.16882902044192366,0.12524223088739214,0.1822698806569774,0.21653668911733423
262,262.0,262.9,0.177578872740163,0.12954330615620935,0.16882902044192366,0.12524223088739214,0.1822698806569774,0.21653668911733423
263,263.0,263.9,0.17650360392295872,0.12954330615620935,0.16990428925912796,0.12524223088739214,0.1822698806569774,0.21653668911733423
264,264.0,264.9,0.17650360392295872,0.12954330615620935,0.16990428925912796,0.12524223088739214,0.1822698806569774,0.21653668911733423
265,265.0,265.9,0.17586257828193308,0.1289022805151837,0.16926326361810232,0.1246012052463665,0.18162885501595177,0.21974181732246242
266,266.0,266.9,0.16735657959062208,0.1301064184042907,0.17045596247723904,0.12691492904258858,0.18286730999496953,0.2222988004902898
267,267.0,267.9,0.16735657959062208,0.1301064184042907,0.17045596247723904,0.12691492904258858,0.18286730999496953,0.2222988004902898
268,268.0,268.9,0.16735657959062208,0.1301064184042907,0.17045596247723904,0.12691492904258858,0.18286730999496953,0.2222988004902898
269,269.0,269.9,0.16735657959062208,0.1301064184042907,0.17045596247723904,0.12691492904258858,0.18286730999496953,0.2222988004902898
270,270.0,270.9,0.16735657959062208,0.1301064184042907,0.17045596247723904,0.12691492904258858,0.18286730999496953,0.2222988004902898
271,271.0,271.9,0.16735657959062208,0.1301064184042907,0.17045596247723904,0.12691492904258858,0.18286730999496953,0.2222988004902898
272,272.0,272.9,0.16735657959062208,0.1301064184042907,0.17045596247723904,0.12691492904258858,0.18286730999496953,0.2222988004902898
273,273.0,273.9,0.16735657959062208,0.1301064184042907,0.17045596247723904,0.12691492904258858,0.18286730999496953,0.2222988004902898
274,274.0,274.9,0.16735657959062208,0.1301064184042907,0.17045596247723904,0.12691492904258858,0.18286730999496953,0.2222988004902898
275,275.0,275.9,0.16735657959062208,0.1301064184042907,0.17045596247723904,0.12691492904258858,0.18286730999496953,0.2222988004902898
276,276.0,276.9,0.16735657959062208,0.1301064184042907,0.17045596247723904,0.12691492904258858,0.18286730999496953,0.2222988004902898
277,277.0,277.9,0.17394998618402868,0.1366998249976973,0.1770493690706456,0.13350833563599518,0.1894607165883761,0.18933176752325687
278,278.0,278.9,0.17394998618402868,0.1366998249976973,0.1770493690706456,0.13350833563599518,0.1894607165883761,0.18933176752325687
279,279.0,279.9,0.17394998618402868,0.1366998249976973,0.1770493690706456,0.13350833563599518,0.1894607165883761,0.18933176752325687
280,280.0,280.9,0.17394998618402868,0.1366998249976973,0.1770493690706456,0.13350833563599518,0.1894607165883761,0.18933176752325687
281,281.0,281.9,0.17394998618402868,0.1366998249976973,0.1770493690706456,0.13350833563599518,0.1894607165883761,0.18933176752325687
282,282.0,282.9,0.17394998618402868,0.1366998249976973,0.1770493690706456,0.13350833563599518,0.1894607165883761,0.18933176752325687
283,283.0,283.9,0.17394998618402868,0.1366998249976973,0.1770493690706456,0.13350833563599518,0.1894607165883761,0.18933176752325687
284,284.0,284.9,0.17394998618402868,0.1366998249976973,0.1770493690706456,0.13350833563599518,0.1894607165883761,0.18933176752325687
285,285.0,285.9,0.17394998618402868,0.1366998249976973,0.1770493690706456,0.13350833563599518,0.1894607165883761,0.18933176752325687
286,286.0,286.9,0.18823570046974297,0.1366998249976973,0.1770493690706456,0.13350833563599518,0.1894607165883761,0.17504605323754258
287,287.0,287.9,0.18823570046974297,0.1366998249976973,0.1770493690706456,0.13350833563599518,0.1894607165883761,0.17504605323754258
288,288.0,288.9,0.18823570046974297,0.1366998249976973,0.1770493690706456,0.13350833563599518,0.1894607165883761,0.17504605323754258
289,289.0,289.9,0.18823570046974297,0.1366998249976973,0.1770493690706456,0.13350833563599518,0.1894607165883761,0.17504605323754258
290,290.0,290.9,0.18823570046974297,0.1366998249976973,0.1770493690706456,0.13350833563599518,0.1894607165883761,0.17504605323754258
291,291.0,291.9,0.18823570046974297,0.1366998249976973,0.1770493690706456,0.13350833563599518,0.1894607165883761,0.17504605323754258
292,292.0,292.9,0.18823570046974297,0.1366998249976973,0.1770493690706456,0.13350833563599518,0.1894607165883761,0.17504605323754258
293,293.0,293.9,0.18964559536848688,0.13909664632556196,0.17235826422573405,0.13186773066291135,0.1878201116152923,0.1792116518020132
294,294.0,294.9,0.18950216450216445,0.1388528138528138,0.17218614718614714,0.1317099567099567,0.18766233766233764,0.18008658008658004
295,295.0,295.9,0.18950216450216445,0.1388528138528138,0.17218614718614714,0.1317099567099567,0.18766233766233764,0.18008658008658004
296,296.0,296.9,0.18950216450216445,0.1388528138528138,0.17218614718614714,0.1317099567099567,0.18766233766233764,0.18008658008658004
