,Unnamed: 0,Total_iterations,Intertwine_two,Invert_path_vertices,Insert_inside_vertex,Delete_inside_vertex,MSC_add_terminal,MSC_del_terminal
0,0.0,0.0,0.16666666666666657,0.16666666666666657,0.16666666666666657,0.16666666666666657,0.16666666666666657,0.16666666666666657
1,1.0,0.10900000000000001,0.16666666666666657,0.16666666666666657,0.16666666666666657,0.16666666666666657,0.16666666666666657,0.16666666666666657
2,2.0,0.31601,0.16666666666666657,0.16666666666666657,0.16666666666666657,0.16666666666666657,0.16666666666666657,0.16666666666666657
3,3.0,0.6191589000000001,0.16666666666666657,0.16666666666666657,0.16666666666666657,0.16666666666666657,0.16666666666666657,0.16666666666666657
4,4.0,1.015801321,0.16666666666666657,0.16666666666666657,0.16666666666666657,0.16666666666666657,0.16666666666666657,0.16666666666666657
5,5.0,1.50262148669,0.16666666666666657,0.16666666666666657,0.16666666666666657,0.16666666666666657,0.16666666666666657,0.16666666666666657
6,6.0,2.0757334209441005,0.16666666666666657,0.16666666666666657,0.16666666666666657,0.16666666666666657,0.16666666666666657,0.16666666666666657
7,7.0,2.7307768275633495,0.16666666666666657,0.16666666666666657,0.16666666666666657,0.16666666666666657,0.16666666666666657,0.16666666666666657
8,8.0,3.4630081252450404,0.16666666666666657,0.16666666666666657,0.16666666666666657,0.16666666666666657,0.16666666666666657,0.16666666666666657
9,9.0,4.2673862119061114,0.16666666666666657,0.16666666666666657,0.16666666666666657,0.16666666666666657,0.16666666666666657,0.16666666666666657
10,10.0,5.138652627782014,0.16666666666666657,0.16666666666666657,0.16666666666666657,0.16666666666666657,0.16666666666666657,0.16666666666666657
11,11.0,6.071405875792507,0.16666666666666657,0.16666666666666657,0.16666666666666657,0.16666666666666657,0.16666666666666657,0.16666666666666657
12,12.0,7.060169740244025,0.16666666666666657,0.16666666666666657,0.16666666666666657,0.16666666666666657,0.16666666666666657,0.16666666666666657
13,13.0,8.099455520847952,0.16666666666666657,0.16666666666666657,0.16666666666666657,0.16666666666666657,0.16666666666666657,0.16666666666666657
14,14.0,9.183818168183006,0.16666666666666657,0.16666666666666657,0.16666666666666657,0.16666666666666657,0.16666666666666657,0.16666666666666657
15,15.0,10.307906369102724,0.16666666666666657,0.16666666666666657,0.16666666666666657,0.16666666666666657,0.16666666666666657,0.16666666666666657
16,16.0,11.466506686239443,0.16666666666666657,0.16666666666666657,0.16666666666666657,0.16666666666666657,0.16666666666666657,0.16666666666666657
17,17.0,12.654581904800096,0.16666666666666657,0.16666666666666657,0.16666666666666657,0.16666666666666657,0.16666666666666657,0.16666666666666657
18,18.0,13.867303782456686,0.16666666666666657,0.16666666666666657,0.16666666666666657,0.16666666666666657,0.16666666666666657,0.16666666666666657
19,19.0,15.100080434523047,0.16666666666666657,0.16666666666666657,0.16666666666666657,0.16666666666666657,0.16666666666666657,0.16666666666666657
20,20.0,16.348578617037543,0.16666666666666657,0.16666666666666657,0.16666666666666657,0.16666666666666657,0.16666666666666657,0.16666666666666657
21,21.0,17.608741195130214,0.16666666666666657,0.16666666666666657,0.16666666666666657,0.16666666666666657,0.16666666666666657,0.16666666666666657
22,22.0,18.876800103462312,0.16666666666666657,0.16666666666666657,0.16666666666666657,0.16666666666666657,0.16666666666666657,0.16666666666666657
23,23.0,20.14928511992658,0.16666666666666657,0.16666666666666657,0.16666666666666657,0.16666666666666657,0.16666666666666657,0.16666666666666657
24,24.0,21.423028783545156,0.16666666666666657,0.16666666666666657,0.16666666666666657,0.16666666666666657,0.16666666666666657,0.16666666666666657
25,25.0,22.695167792966423,0.16666666666666657,0.16666666666666657,0.16666666666666657,0.16666666666666657,0.16666666666666657,0.16666666666666657
26,26.0,23.963141223515898,0.16666666666666657,0.16666666666666657,0.16666666666666657,0.16666666666666657,0.16666666666666657,0.16666666666666657
27,27.0,25.224685898775267,0.16666666666666657,0.16666666666666657,0.16666666666666657,0.16666666666666657,0.16666666666666657,0.16666666666666657
28,28.0,26.477829247520948,0.16666666666666657,0.16666666666666657,0.16666666666666657,0.16666666666666657,0.16666666666666657,0.16666666666666657
29,29.0,27.720879968916847,0.16666666666666657,0.16666666666666657,0.16666666666666657,0.16666666666666657,0.16666666666666657,0.16666666666666657
30,30.0,28.95241681848399,0.16666666666666657,0.16666666666666657,0.16666666666666657,0.16666666666666657,0.16666666666666657,0.16666666666666657
31,31.0,30.17127581490958,0.16666666666666657,0.16666666666666657,0.16666666666666657,0.16666666666666657,0.16666666666666657,0.16666666666666657
32,32.0,31.376536153543515,0.16666666666666657,0.16666666666666657,0.16666666666666657,0.16666666666666657,0.16666666666666657,0.16666666666666657
33,33.0,32.567505096778625,0.16666666666666657,0.16666666666666657,0.16666666666666657,0.16666666666666657,0.16666666666666657,0.16666666666666657
34,34.0,33.74370209472243,0.16666666666666657,0.16666666666666657,0.16666666666666657,0.16666666666666657,0.16666666666666657,0.16666666666666657
35,35.0,34.90484237192463,0.16666666666666657,0.16666666666666657,0.16666666666666657,0.16666666666666657,0.16666666666666657,0.16666666666666657
36,36.0,36.05082019768737,0.16666666666666657,0.16666666666666657,0.16666666666666657,0.16666666666666657,0.16666666666666657,0.16666666666666657
37,37.0,37.18169203889697,0.16666666666666657,0.16666666666666657,0.16666666666666657,0.16666666666666657,0.16666666666666657,0.16666666666666657
38,38.0,38.29765977559663,0.16666666666666657,0.16666666666666657,0.16666666666666657,0.16666666666666657,0.16666666666666657,0.16666666666666657
39,39.0,39.399054140870355,0.16666666666666657,0.16666666666666657,0.16666666666666657,0.16666666666666657,0.16666666666666657,0.16666666666666657
40,40.0,40.48631852820801,0.16666666666666657,0.16666666666666657,0.16666666666666657,0.16666666666666657,0.16666666666666657,0.16666666666666657
41,41.0,41.55999329152982,0.16666666666666657,0.16666666666666657,0.16666666666666657,0.16666666666666657,0.16666666666666657,0.16666666666666657
42,42.0,42.62070064560415,0.16666666666666657,0.16666666666666657,0.16666666666666657,0.16666666666666657,0.16666666666666657,0.16666666666666657
43,43.0,43.669130257815,0.16666666666666657,0.16666666666666657,0.16666666666666657,0.16666666666666657,0.16666666666666657,0.16666666666666657
44,44.0,44.70602560622662,0.16666666666666657,0.16666666666666657,0.16666666666666657,0.16666666666666657,0.16666666666666657,0.16666666666666657
45,45.0,45.73217116373481,0.16666666666666657,0.16666666666666657,0.16666666666666657,0.16666666666666657,0.16666666666666657,0.16666666666666657
46,46.0,46.748380453854836,0.16666666666666657,0.16666666666666657,0.16666666666666657,0.16666666666666657,0.16666666666666657,0.16666666666666657
47,47.0,47.755485010424316,0.16666666666666657,0.16666666666666657,0.16666666666666657,0.16666666666666657,0.16666666666666657,0.16666666666666657
48,48.0,48.7543242612326,0.16666666666666657,0.16666666666666657,0.16666666666666657,0.16666666666666657,0.16666666666666657,0.16666666666666657
49,49.0,49.745736344347726,0.16666666666666657,0.16666666666666657,0.16666666666666657,0.16666666666666657,0.16666666666666657,0.16666666666666657
50,50.0,50.730549855707864,0.16666666666666657,0.16666666666666657,0.16666666666666657,0.16666666666666657,0.16666666666666657,0.16666666666666657
51,51.0,51.70957651737491,0.16666666666666657,0.16666666666666657,0.16666666666666657,0.16666666666666657,0.16666666666666657,0.16666666666666657
52,52.0,52.68360474770151,0.16666666666666657,0.16666666666666657,0.16666666666666657,0.16666666666666657,0.16666666666666657,0.16666666666666657
53,53.0,53.65339410751842,0.16666666666666657,0.16666666666666657,0.16666666666666657,0.16666666666666657,0.16666666666666657,0.16666666666666657
54,54.0,54.61967059027847,0.16666666666666657,0.16666666666666657,0.16666666666666657,0.16666666666666657,0.16666666666666657,0.16666666666666657
55,55.0,55.58312271885972,0.16666666666666657,0.16666666666666657,0.16666666666666657,0.16666666666666657,0.16666666666666657,0.16666666666666657
56,56.0,56.544398407394254,0.16666666666666657,0.16666666666666657,0.16666666666666657,0.16666666666666657,0.16666666666666657,0.16666666666666657
57,57.0,57.504102543001395,0.16666666666666657,0.16666666666666657,0.16666666666666657,0.16666666666666657,0.16666666666666657,0.16666666666666657
58,58.0,58.462795239617805,0.16666666666666657,0.16666666666666657,0.16666666666666657,0.16666666666666657,0.16666666666666657,0.16666666666666657
59,59.0,59.42099071417639,0.16666666666666657,0.16666666666666657,0.16666666666666657,0.16666666666666657,0.16666666666666657,0.16666666666666657
60,60.0,60.38915673413735,0.16666666666666657,0.16666666666666657,0.16666666666666657,0.16666666666666657,0.16666666666666657,0.16666666666666657
61,61.0,61.35761458476085,0.16666666666666657,0.16666666666666657,0.16666666666666657,0.16666666666666657,0.16666666666666657,0.16666666666666657
62,62.0,62.326650504474394,0.16666666666666657,0.16666666666666657,0.16666666666666657,0.16666666666666657,0.16666666666666657,0.16666666666666657
63,63.0,63.29651632717184,0.16666666666666657,0.16666666666666657,0.16666666666666657,0.16666666666666657,0.16666666666666657,0.16666666666666657
64,64.0,64.26743040432781,0.16666666666666657,0.16666666666666657,0.16666666666666657,0.16666666666666657,0.16666666666666657,0.16666666666666657
65,65.0,65.23957876972491,0.16666666666666657,0.16666666666666657,0.16666666666666657,0.16666666666666657,0.16666666666666657,0.16666666666666657
66,66.0,66.21311651088504,0.16666666666666657,0.16666666666666657,0.16666666666666657,0.16666666666666657,0.16666666666666657,0.16666666666666657
67,67.0,67.18816931282032,0.16666666666666657,0.16666666666666657,0.16666666666666657,0.16666666666666657,0.16666666666666657,0.16666666666666657
68,68.0,68.16483514143387,0.16666666666666657,0.16666666666666657,0.16666666666666657,0.16666666666666657,0.16666666666666657,0.16666666666666657
69,69.0,69.14318603577172,0.16666666666666657,0.16666666666666657,0.16666666666666657,0.16666666666666657,0.16666666666666657,0.16666666666666657
70,70.0,70.12326998031807,0.16666666666666657,0.16666666666666657,0.16666666666666657,0.16666666666666657,0.16666666666666657,0.16666666666666657
71,71.0,71.1051128306066,0.16666666666666657,0.16666666666666657,0.16666666666666657,0.16666666666666657,0.16666666666666657,0.16666666666666657
72,72.0,72.0887202675602,0.16666666666666657,0.16666666666666657,0.16666666666666657,0.16666666666666657,0.16666666666666657,0.16666666666666657
73,73.0,73.07407975814286,0.16666666666666657,0.16666666666666657,0.16666666666666657,0.16666666666666657,0.16666666666666657,0.16666666666666657
74,74.0,74.0611625020858,0.16666666666666657,0.16666666666666657,0.16666666666666657,0.16666666666666657,0.16666666666666657,0.16666666666666657
75,75.0,75.04992534661362,0.16666666666666657,0.16666666666666657,0.16666666666666657,0.16666666666666657,0.16666666666666657,0.16666666666666657
76,76.0,76.0403126532225,0.16666666666666657,0.16666666666666657,0.16666666666666657,0.16666666666666657,0.16666666666666657,0.16666666666666657
77,77.0,77.03225810263828,0.16666666666666657,0.16666666666666657,0.16666666666666657,0.16666666666666657,0.16666666666666657,0.16666666666666657
78,78.0,78.0256864260861,0.16666666666666657,0.16666666666666657,0.16666666666666657,0.16666666666666657,0.16666666666666657,0.16666666666666657
79,79.0,79.02051505292826,0.16666666666666657,0.16666666666666657,0.16666666666666657,0.16666666666666657,0.16666666666666657,0.16666666666666657
80,80.0,80.01665566655694,0.16666666666666657,0.16666666666666657,0.16666666666666657,0.16666666666666657,0.16666666666666657,0.16666666666666657
81,81.0,81.01401566215718,0.16666666666666657,0.16666666666666657,0.16666666666666657,0.16666666666666657,0.16666666666666657,0.16666666666666657
82,82.0,82.0124995015758,0.16666666666666657,0.16666666666666657,0.16666666666666657,0.16666666666666657,0.16666666666666657,0.16666666666666657
83,83.0,83.01200996203683,0.16666666666666657,0.16666666666666657,0.16666666666666657,0.16666666666666657,0.16666666666666657,0.16666666666666657
84,84.0,84.01244927683138,0.16666666666666657,0.16666666666666657,0.16666666666666657,0.16666666666666657,0.16666666666666657,0.16666666666666657
85,85.0,85.03372016737816,0.16666666666666657,0.16666666666666657,0.16666666666666657,0.16666666666666657,0.16666666666666657,0.16666666666666657
86,86.0,86.05552676719648,0.16666666666666657,0.16666666666666657,0.16666666666666657,0.16666666666666657,0.16666666666666657,0.16666666666666657
87,87.0,87.07759743936101,0.16666666666666657,0.16666666666666657,0.16666666666666657,0.16666666666666657,0.16666666666666657,0.16666666666666657
88,88.0,88.09968506991547,0.16666666666666657,0.16666666666666657,0.16666666666666657,0.16666666666666657,0.16666666666666657,0.16666666666666657
89,89.0,89.12156708671532,0.16666666666666657,0.16666666666666657,0.16666666666666657,0.16666666666666657,0.16666666666666657,0.16666666666666657
90,90.0,90.14304523096804,0.16666666666666657,0.16666666666666657,0.16666666666666657,0.16666666666666657,0.16666666666666657,0.16666666666666657
91,91.0,91.1639451084858,0.16666666666666657,0.16666666666666657,0.16666666666666657,0.16666666666666657,0.16666666666666657,0.16666666666666657
92,92.0,92.18411554716694,0.16666666666666657,0.16666666666666657,0.16666666666666657,0.16666666666666657,0.16666666666666657,0.16666666666666657
93,93.0,93.20342778650829,0.16666666666666657,0.16666666666666657,0.16666666666666657,0.16666666666666657,0.16666666666666657,0.16666666666666657
94,94.0,94.2217745240504,0.16666666666666657,0.16666666666666657,0.16666666666666657,0.16666666666666657,0.16666666666666657,0.16666666666666657
95,95.0,95.23906884259783,0.16666666666666657,0.16666666666666657,0.16666666666666657,0.16666666666666657,0.16666666666666657,0.16666666666666657
96,96.0,96.26524304086453,0.16666666666666657,0.16666666666666657,0.16666666666666657,0.16666666666666657,0.16666666666666657,0.16666666666666657
97,97.0,97.29014738889592,0.16666666666666657,0.16666666666666657,0.16666666666666657,0.16666666666666657,0.16666666666666657,0.16666666666666657
98,98.0,98.31365982823522,0.16666666666666657,0.16666666666666657,0.16666666666666657,0.16666666666666657,0.16666666666666657,0.16666666666666657
99,99.0,99.33568442535822,0.16666666666666657,0.16666666666666657,0.16666666666666657,0.16666666666666657,0.16666666666666657,0.16666666666666657
100,100.0,100.35614971851535,0.16666666666666657,0.16666666666666657,0.16666666666666657,0.16666666666666657,0.16666666666666657,0.16666666666666657
101,101.0,101.37500698517161,0.16666666666666657,0.16666666666666657,0.16666666666666657,0.16666666666666657,0.16666666666666657,0.16666666666666657
102,102.0,102.39222845531052,0.16666666666666657,0.16666666666666657,0.16666666666666657,0.16666666666666657,0.16666666666666657,0.16666666666666657
103,103.0,103.40780549388245,0.16666666666666657,0.16666666666666657,0.16666666666666657,0.16666666666666657,0.16666666666666657,0.16666666666666657
104,104.0,104.42174677365834,0.16666666666666657,0.16666666666666657,0.16666666666666657,0.16666666666666657,0.16666666666666657,0.16666666666666657
105,105.0,105.43407645772008,0.16666666666666657,0.16666666666666657,0.16666666666666657,0.16666666666666657,0.16666666666666657,0.16666666666666657
106,106.0,106.44483240879845,0.16666666666666657,0.16666666666666657,0.16666666666666657,0.16666666666666657,0.16666666666666657,0.16666666666666657
107,107.0,107.45406444068098,0.16666666666666657,0.16666666666666657,0.16666666666666657,0.16666666666666657,0.16666666666666657,0.16666666666666657
108,108.0,108.46183262496845,0.16666666666666657,0.16666666666666657,0.16666666666666657,0.16666666666666657,0.16666666666666657,0.16666666666666657
109,109.0,109.4682056645775,0.16666666666666657,0.16666666666666657,0.16666666666666657,0.16666666666666657,0.16666666666666657,0.16666666666666657
110,110.0,110.47325934357987,0.16666666666666657,0.16666666666666657,0.16666666666666657,0.16666666666666657,0.16666666666666657,0.16666666666666657
111,111.0,111.4770750612462,0.16666666666666657,0.16666666666666657,0.16666666666666657,0.16666666666666657,0.16666666666666657,0.16666666666666657
112,112.0,112.47973845653343,0.16666666666666657,0.16666666666666657,0.16666666666666657,0.16666666666666657,0.16666666666666657,0.16666666666666657
113,113.0,113.4813381277266,0.16666666666666657,0.16666666666666657,0.16666666666666657,0.16666666666666657,0.16666666666666657,0.16666666666666657
114,114.0,114.4819644505232,0.16666666666666657,0.16666666666666657,0.16666666666666657,0.16666666666666657,0.16666666666666657,0.16666666666666657
115,115.0,115.4817084965349,0.16666666666666657,0.16666666666666657,0.16666666666666657,0.16666666666666657,0.16666666666666657,0.16666666666666657
116,116.0,116.4806610529801,0.16666666666666657,0.16666666666666657,0.16666666666666657,0.16666666666666657,0.16666666666666657,0.16666666666666657
117,117.0,117.47891174325096,0.16666666666666657,0.16666666666666657,0.16666666666666657,0.16666666666666657,0.16666666666666657,0.16666666666666657
118,118.0,118.47654824706224,0.16666666666666657,0.16666666666666657,0.16666666666666657,0.16666666666666657,0.16666666666666657,0.16666666666666657
119,119.0,119.47365561802175,0.16666666666666657,0.16666666666666657,0.16666666666666657,0.16666666666666657,0.16666666666666657,0.16666666666666657
120,120.0,120.4703156957051,0.16666666666666657,0.16666666666666657,0.16666666666666657,0.16666666666666657,0.16666666666666657,0.16666666666666657
121,121.0,121.46660660866306,0.16666666666666657,0.16666666666666657,0.16666666666666657,0.16666666666666657,0.16666666666666657,0.16666666666666657
122,122.0,122.46260236423859,0.16666666666666657,0.16666666666666657,0.16666666666666657,0.16666666666666657,0.16666666666666657,0.16666666666666657
123,123.0,123.45837252061419,0.16666666666666657,0.16666666666666657,0.16666666666666657,0.16666666666666657,0.16666666666666657,0.16666666666666657
124,124.0,124.45398193614608,0.16666666666666657,0.16666666666666657,0.16666666666666657,0.16666666666666657,0.16666666666666657,0.16666666666666657
125,125.0,125.44949059076333,0.16666666666666657,0.16666666666666657,0.16666666666666657,0.16666666666666657,0.16666666666666657,0.16666666666666657
126,126.0,126.44495347401123,0.16666666666666657,0.16666666666666657,0.16666666666666657,0.16666666666666657,0.16666666666666657,0.16666666666666657
127,127.0,127.44042053419423,0.16666666666666657,0.16666666666666657,0.16666666666666657,0.16666666666666657,0.16666666666666657,0.16666666666666657
128,128.0,128.435936683017,0.16666666666666657,0.16666666666666657,0.16666666666666657,0.16666666666666657,0.16666666666666657,0.16666666666666657
129,129.0,129.4315418501273,0.16666666666666657,0.16666666666666657,0.16666666666666657,0.16666666666666657,0.16666666666666657,0.16666666666666657
130,130.0,130.4272710820253,0.16666666666666657,0.16666666666666657,0.16666666666666657,0.16666666666666657,0.16666666666666657,0.16666666666666657
131,131.0,131.42315467991324,0.16666666666666657,0.16666666666666657,0.16666666666666657,0.16666666666666657,0.16666666666666657,0.16666666666666657
132,132.0,132.41921837121328,0.16666666666666657,0.16666666666666657,0.16666666666666657,0.16666666666666657,0.16666666666666657,0.16666666666666657
133,133.0,133.41548350967116,0.16666666666666657,0.16666666666666657,0.16666666666666657,0.16666666666666657,0.16666666666666657,0.16666666666666657
134,134.0,134.41196729918656,0.16666666666666657,0.16666666666666657,0.16666666666666657,0.16666666666666657,0.16666666666666657,0.16666666666666657
135,135.0,135.40868303675853,0.16666666666666657,0.16666666666666657,0.16666666666666657,0.16666666666666657,0.16666666666666657,0.16666666666666657
136,136.0,136.40564037020573,0.16666666666666657,0.16666666666666657,0.16666666666666657,0.16666666666666657,0.16666666666666657,0.16666666666666657
137,137.0,137.40284556660617,0.16666666666666657,0.16666666666666657,0.16666666666666657,0.16666666666666657,0.16666666666666657,0.16666666666666657
138,138.0,138.4003017877005,0.16666666666666657,0.16666666666666657,0.16666666666666657,0.16666666666666657,0.16666666666666657,0.16666666666666657
139,139.0,139.39800936880837,0.16666666666666657,0.16666666666666657,0.16666666666666657,0.16666666666666657,0.16666666666666657,0.16666666666666657
140,140.0,140.39596609811738,0.16666666666666657,0.16666666666666657,0.16666666666666657,0.16666666666666657,0.16666666666666657,0.16666666666666657
141,141.0,141.39416749351432,0.16666666666666657,0.16666666666666657,0.16666666666666657,0.16666666666666657,0.16666666666666657,0.16666666666666657
142,142.0,142.39260707443643,0.16666666666666657,0.16666666666666657,0.16666666666666657,0.16666666666666657,0.16666666666666657,0.16666666666666657
143,143.0,143.39127662652194,0.16666666666666657,0.16666666666666657,0.16666666666666657,0.16666666666666657,0.16666666666666657,0.16666666666666657
144,144.0,144.3901664571337,0.16666666666666657,0.16666666666666657,0.16666666666666657,0.16666666666666657,0.16666666666666657,0.16666666666666657
145,145.0,145.3892656401129,0.16666666666666657,0.16666666666666657,0.16666666666666657,0.16666666666666657,0.16666666666666657,0.16666666666666657
146,146.0,146.3885622483931,0.16666666666666657,0.16666666666666657,0.16666666666666657,0.16666666666666657,0.16666666666666657,0.16666666666666657
147,147.0,147.38804357336136,0.16666666666666657,0.16666666666666657,0.16666666666666657,0.16666666666666657,0.16666666666666657,0.16666666666666657
148,148.0,148.38769633009917,0.16666666666666657,0.16666666666666657,0.16666666666666657,0.16666666666666657,0.16666666666666657,0.16666666666666657
149,149.0,149.38750684786223,0.16666666666666657,0.16666666666666657,0.16666666666666657,0.16666666666666657,0.16666666666666657,0.16666666666666657
150,150.0,150.3874612453703,0.16666666666666657,0.16666666666666657,0.16666666666666657,0.16666666666666657,0.16666666666666657,0.16666666666666657
151,151.0,151.38754559067388,0.16666666666666657,0.16666666666666657,0.16666666666666657,0.16666666666666657,0.16666666666666657,0.16666666666666657
152,152.0,152.38774604554038,0.16666666666666657,0.16666666666666657,0.16666666666666657,0.16666666666666657,0.16666666666666657,0.16666666666666657
153,153.0,153.38804899446484,0.16666666666666657,0.16666666666666657,0.16666666666666657,0.16666666666666657,0.16666666666666657,0.16666666666666657
154,154.0,154.38844115855218,0.16666666666666657,0.16666666666666657,0.16666666666666657,0.16666666666666657,0.16666666666666657,0.16666666666666657
155,155.0,155.38890969464526,0.16666666666666657,0.16666666666666657,0.16666666666666657,0.16666666666666657,0.16666666666666657,0.16666666666666657
156,156.0,156.3894422801826,0.16666666666666657,0.16666666666666657,0.16666666666666657,0.16666666666666657,0.16666666666666657,0.16666666666666657
157,157.0,157.39002718436438,0.16666666666666657,0.16666666666666657,0.16666666666666657,0.16666666666666657,0.16666666666666657,0.16666666666666657
158,158.0,158.39065332628434,0.16666666666666657,0.16666666666666657,0.16666666666666657,0.16666666666666657,0.16666666666666657,0.16666666666666657
159,159.0,159.39131032074943,0.16666666666666657,0.16666666666666657,0.16666666666666657,0.16666666666666657,0.16666666666666657,0.16666666666666657
160,160.0,160.40198851256054,0.16666666666666657,0.16666666666666657,0.16666666666666657,0.16666666666666657,0.16666666666666657,0.16666666666666657
161,161.0,161.41257900006494,0.16666666666666657,0.16666666666666657,0.16666666666666657,0.16666666666666657,0.16666666666666657,0.16666666666666657
162,162.0,162.42298464881824,0.16666666666666657,0.16666666666666657,0.16666666666666657,0.16666666666666657,0.16666666666666657,0.16666666666666657
163,163.0,163.44311988620802,0.16666666666666657,0.16666666666666657,0.16666666666666657,0.16666666666666657,0.16666666666666657,0.16666666666666657
164,164.0,164.46281040099677,0.16666666666666657,0.16666666666666657,0.16666666666666657,0.16666666666666657,0.16666666666666657,0.16666666666666657
165,165.0,165.4819037602967,0.16666666666666657,0.16666666666666657,0.16666666666666657,0.16666666666666657,0.16666666666666657,0.16666666666666657
166,166.0,166.50026874606363,0.16666666666666657,0.16666666666666657,0.16666666666666657,0.16666666666666657,0.16666666666666657,0.16666666666666657
167,167.0,167.51779454579324,0.16666666666666657,0.16666666666666657,0.16666666666666657,0.16666666666666657,0.16666666666666657,0.16666666666666657
168,168.0,168.53438982009192,0.16666666666666657,0.16666666666666657,0.16666666666666657,0.16666666666666657,0.16666666666666657,0.16666666666666657
169,169.0,169.54998166875984,0.16666666666666657,0.16666666666666657,0.16666666666666657,0.16666666666666657,0.16666666666666657,0.16666666666666657
170,170.0,170.56451451587338,0.16666666666666657,0.16666666666666657,0.16666666666666657,0.16666666666666657,0.16666666666666657,0.16666666666666657
171,171.0,171.57794893311683,0.16666666666666657,0.16666666666666657,0.16666666666666657,0.16666666666666657,0.16666666666666657,0.16666666666666657
172,172.0,172.59026041930477,0.16666666666666657,0.16666666666666657,0.16666666666666657,0.16666666666666657,0.16666666666666657,0.16666666666666657
173,173.0,173.60143815268088,0.16666666666666657,0.16666666666666657,0.16666666666666657,0.16666666666666657,0.16666666666666657,0.16666666666666657
174,174.0,174.61148373119258,0.16666666666666657,0.16666666666666657,0.16666666666666657,0.16666666666666657,0.16666666666666657,0.16666666666666657
175,175.0,175.62040991454117,0.16666666666666657,0.16666666666666657,0.16666666666666657,0.16666666666666657,0.16666666666666657,0.16666666666666657
176,176.0,176.63823938040946,0.16666666666666657,0.16666666666666657,0.16666666666666657,0.16666666666666657,0.16666666666666657,0.16666666666666657
177,177.0,177.65490350588686,0.16666666666666657,0.16666666666666657,0.16666666666666657,0.16666666666666657,0.16666666666666657,0.16666666666666657
178,178.0,178.67035218375764,0.16666666666666657,0.16666666666666657,0.16666666666666657,0.16666666666666657,0.16666666666666657,0.16666666666666657
179,179.0,179.6845524720038,0.16666666666666657,0.16666666666666657,0.16666666666666657,0.16666666666666657,0.16666666666666657,0.16666666666666657
180,180.0,180.69748720670526,0.16666666666666657,0.16666666666666657,0.16666666666666657,0.16666666666666657,0.16666666666666657,0.16666666666666657
181,181.0,181.70915359586954,0.16666666666666657,0.16666666666666657,0.16666666666666657,0.16666666666666657,0.16666666666666657,0.16666666666666657
182,182.0,182.7195618101587,0.16666666666666657,0.16666666666666657,0.16666666666666657,0.16666666666666657,0.16666666666666657,0.16666666666666657
183,183.0,183.72873358491734,0.16666666666666657,0.16666666666666657,0.16666666666666657,0.16666666666666657,0.16666666666666657,0.16666666666666657
184,184.0,184.73670084635094,0.16666666666666657,0.16666666666666657,0.16666666666666657,0.16666666666666657,0.16666666666666657,0.16666666666666657
185,185.0,185.74350437317767,0.16666666666666657,0.16666666666666657,0.16666666666666657,0.16666666666666657,0.16666666666666657,0.16666666666666657
186,186.0,186.74919250358997,0.16666666666666657,0.16666666666666657,0.16666666666666657,0.16666666666666657,0.16666666666666657,0.16666666666666657
187,187.0,187.75381989592515,0.16666666666666657,0.16666666666666657,0.16666666666666657,0.16666666666666657,0.16666666666666657,0.16666666666666657
188,188.0,188.75744635006757,0.16666666666666657,0.16666666666666657,0.16666666666666657,0.16666666666666657,0.16666666666666657,0.16666666666666657
189,189.0,189.76013569529505,0.16666666666666657,0.16666666666666657,0.16666666666666657,0.16666666666666657,0.16666666666666657,0.16666666666666657
190,190.0,190.76195474904682,0.16666666666666657,0.16666666666666657,0.16666666666666657,0.16666666666666657,0.16666666666666657,0.16666666666666657
191,191.0,191.76297234993297,0.16666666666666657,0.16666666666666657,0.16666666666666657,0.16666666666666657,0.16666666666666657,0.16666666666666657
192,192.0,192.76325846723117,0.16666666666666657,0.16666666666666657,0.16666666666666657,0.16666666666666657,0.16666666666666657,0.16666666666666657
193,193.0,193.76288338812725,0.16666666666666657,0.16666666666666657,0.16666666666666657,0.16666666666666657,0.16666666666666657,0.16666666666666657
194,194.0,194.76191698305243,0.16666666666666657,0.16666666666666657,0.16666666666666657,0.16666666666666657,0.16666666666666657,0.16666666666666657
195,195.0,195.76042804865457,0.16666666666666657,0.16666666666666657,0.16666666666666657,0.16666666666666657,0.16666666666666657,0.16666666666666657
196,196.0,196.75848372720998,0.16666666666666657,0.16666666666666657,0.16666666666666657,0.16666666666666657,0.16666666666666657,0.16666666666666657
197,197.0,197.75614900063775,0.16666666666666657,0.16666666666666657,0.16666666666666657,0.16666666666666657,0.16666666666666657,0.16666666666666657
198,198.0,198.75348625671634,0.16642857142857134,0.16642857142857134,0.16642857142857134,0.16642857142857134,0.16642857142857134,0.16785714285714276
199,199.0,199.75055492461993,0.1661928571428571,0.1661928571428571,0.1661928571428571,0.1661928571428571,0.1661928571428571,0.1690357142857142
200,200.0,200.74741117648693,0.16596164285714282,0.16596164285714282,0.16596164285714282,0.16596164285714282,0.16596164285714282,0.17019178571428564
201,201.0,201.7441076914024,0.16572060948451223,0.16572060948451223,0.16572060948451223,0.16572060948451223,0.16572060948451223,0.1713969525774387
202,202.0,202.7406934779123,0.16524961713608413,0.16524961713608413,0.16524961713608413,0.16667818856465555,0.16524961713608413,0.1723233428910078
203,203.0,203.73721375099205,0.16459621586635903,0.16459621586635903,0.16459621586635903,0.16851050158064473,0.16459621586635903,0.17310463495391912
204,204.0,204.7337098592539,0.1637065149092652,0.1637065149092652,0.1651350863378366,0.1700688006235509,0.1637065149092652,0.17367656831081693
205,205.0,205.73021925809707,0.16292040353490667,0.16282606391226515,0.1656689210551223,0.17032792676940803,0.16282606391226515,0.17543062081603272
206,206.0,206.72677552447493,0.16214835465221095,0.16196150048187066,0.1661916433390135,0.17053896413901354,0.16196150048187066,0.17719803690602076
207,207.0,207.72340840897027,0.16093477521985194,0.16065718070389362,0.1662364364181793,0.17167048187303646,0.16208575213246507,0.17841537365257373
208,208.0,208.72014392092638,0.15958595408711956,0.15922012341087205,0.16592207385372917,0.1725834024719806,0.1620629805537292,0.18062546562256962
209,209.0,209.71700444247762,0.1577499325824301,0.15729812019557604,0.16516281601236035,0.1724044641489564,0.16438540590986175,0.18299926115081544
210,210.0,210.71400886744894,0.15597950776282257,0.15544539599802698,0.16441234965544207,0.172186678101501,0.16671036599802697,0.18526570248418045
211,211.0,211.71117276124863,0.15392868135084198,0.15331640730128282,0.16332015744095563,0.1704678529942781,0.17070573240721273,0.18826116850542887
212,212.0,212.7085085380559,0.15178885891270255,0.15110292758508764,0.1620741910196598,0.16855813812719378,0.17553513078731675,0.19094075356803966
213,213.0,213.70602565180187,0.1504454970055603,0.1485795883675961,0.1604463350954961,0.16623976724395267,0.1813744036399858,0.1929144086474092
214,214.0,214.70373079765523,0.14898516097316478,0.14595538676889053,0.15864383495577078,0.16372956743278064,0.1875086152338812,0.19517743463551232
215,215.0,215.70162812094668,0.14755508599986564,0.14348192507722138,0.15691835253017575,0.16128530067353125,0.1934613051404867,0.19729803057871956
216,216.0,216.69971943069953,0.14590870143013152,0.14082611295906955,0.15493588128648494,0.15858368261954653,0.19884915629507008,0.20089646540969766
217,217.0,217.6980044151701,0.14624889283409404,0.1382530898986112,0.15286705304405307,0.1559930489964243,0.2027840092705229,0.20385390595629482
218,218.0,218.6964808570419,0.14635844918519236,0.13673737792775226,0.1507839767779635,0.15339956411866593,0.20632888606207442,0.20639174592835186
219,219.0,219.69514484615613,0.14619570206156562,0.13511567578451408,0.14946042320475814,0.1507476297786944,0.20995097188383563,0.2085295972866325
220,220.0,220.69399098789734,0.1459382105806238,0.13348168262445012,0.14806874052594549,0.14805467520119572,0.21310048081872376,0.21135621024906148
221,221.0,221.69301260558547,0.14639976401964783,0.1319495792024553,0.14666216763638357,0.14544834367730933,0.215889787187689,0.2136503582765154
222,222.0,222.69220193544894,0.14676208411049257,0.13052724483168993,0.1452617537915374,0.14294878346966003,0.21832976543638122,0.21617036836023923
223,223.0,223.70155031297156,0.14697528418573516,0.12915992542914595,0.14387233725324175,0.1412885107086459,0.2204681861679861,0.21823575625524555
224,224.0,224.71094834961224,0.147986228850899,0.1275913875448545,0.14224230730905232,0.13921499364443501,0.22263036816067663,0.22033471449008293
225,225.0,225.7202970990927,0.148716902887209,0.12598041820381306,0.14144409630607113,0.13802236258505987,0.22304256599366984,0.2227936540241775
226,226.0,226.72950800263422,0.14939408722324812,0.12445343085116764,0.14061462567232835,0.13692233402850942,0.22282414095309033,0.22579138127165652
227,227.0,227.73850273579524,0.15019565191497594,0.12319659009089803,0.14010987820335308,0.13742927427269294,0.22249235977872145,0.2265762457393589
228,228.0,228.74721296828218,0.15116597844474144,0.12215039472631439,0.13982494052647176,0.1381323620900403,0.22201682095063086,0.22670950326180156
229,229.0,229.7555800478376,0.15211519919530075,0.12123892156976562,0.13962497635557794,0.13894243184079402,0.22135133502074322,0.22672713601781874
230,230.0,230.76355461895915,0.15293826429376953,0.12036098506795262,0.14040750009695896,0.13940800269899684,0.22042472349447612,0.22646052434784625
231,231.0,231.77109618677892,0.15373955865437217,0.11962201092041994,0.1412664377219736,0.13995886884532183,0.22020569838006343,0.2252074254778494
232,232.0,232.77817263594892,0.15362435751840034,0.11912660374432599,0.14229666957711937,0.1406921032006046,0.219986802398575,0.22427346356097505
233,233.0,233.78475971384245,0.15337435133576008,0.11864424980317673,0.14325965280972064,0.14137102548928543,0.21955910048542215,0.22379162007663525
234,234.0,234.79084048680818,0.15310552067294467,0.11827846731288919,0.14425248244970582,0.14209427769513774,0.21904775025290285,0.22322150161641996
235,235.0,235.79640477760927,0.15125425446641796,0.11736216604418917,0.1455122455599367,0.14310019430438584,0.21871623003527896,0.22405490958979163
236,236.0,236.80144859155416,0.15029542470573212,0.11647795638100038,0.14676396740160264,0.14405066338581132,0.2182500857084508,0.22416190241740294
237,237.0,237.80597353818902,0.14924018800972186,0.11558766784060019,0.1478944391566477,0.14489792158257886,0.21762363770780374,0.22475614570264787
238,238.0,238.8099862547785,0.14813297986312216,0.11472505362035616,0.148928723540426,0.1456680598254289,0.21771675663830184,0.22482842651236512
239,239.0,239.81349783716126,0.1475777318301203,0.11448363476811746,0.15045375878388872,0.1460396601558962,0.21608642474739576,0.22535878971458173
240,240.0,240.81652328293416,0.14705726791215407,0.11600284013474013,0.15193768698110036,0.14639950971256363,0.21444077095561548,0.22416192430382645
241,241.0,241.82908095130037,0.14657331433689955,0.11759141524467182,0.1533697795547139,0.14674518507724454,0.21279778399096622,0.22292252179550406
242,242.0,242.84109204331696,0.14603615051492902,0.11913562828157319,0.15464999005044391,0.14698373782458168,0.2110827179494723,0.22211177537899993
243,243.0,243.85249110569873,0.14553828729095197,0.12070629150419647,0.15586252275293966,0.14720531287065425,0.20940174958105132,0.22128583600020638
244,244.0,244.86322535078537,0.14508077323740884,0.12228505326174323,0.15700202011449957,0.14740939223512795,0.20776827880208015,0.22045448234914025
245,245.0,245.8732539178555,0.14496717888082195,0.1230977403255699,0.1573068149380259,0.14767144226827555,0.20626964813716112,0.22068717545014557
246,246.0,246.88254708904003,0.1454218239526373,0.12381889390047084,0.15746339013514735,0.14783910600895878,0.20476342048759882,0.22069336551518692
247,247.0,247.8910854722157,0.14590606533202383,0.1245186376177714,0.157553183734715,0.14798832726719902,0.20333359964653502,0.22070018640175576
248,248.0,248.89885916235164,0.14724543430776382,0.12519211502605862,0.15901054738906,0.14811945807865817,0.20139160504629242,0.21904084015216696
249,249.0,249.90586689185048,0.14852692186636202,0.12570701285394587,0.1603343336063443,0.14816889361579724,0.20012071137142862,0.21714212668612193
250,250.0,250.91211517948094,0.1500511935816389,0.12643942469657887,0.16208235457579342,0.14545200135836914,0.20044728669692366,0.21552773909069595
251,251.0,251.91761748655352,0.15193834370538922,0.12707117246995414,0.16368060404839385,0.1426834804443023,0.20079421580538417,0.2138321835265763
252,252.0,252.9223933880533,0.1537870590493743,0.127663697410956,0.16518576898679674,0.13995387125609354,0.2012136863351213,0.2121959169616581
253,253.0,253.9264677655226,0.15696131731675217,0.1275306808690961,0.16667702127995293,0.13737149379795427,0.20128965403411453,0.21016983270212997
254,254.0,254.92987002758977,0.15990454724023537,0.12728613369820577,0.16798865851727435,0.13479526751927776,0.20210166355440246,0.20792372947060428
255,255.0,255.9326333631743,0.16274678299134218,0.12701183625107873,0.1691937076501531,0.1323185213830863,0.20295435425501632,0.20577479746932334
256,256.0,256.9347940315686,0.16583082601266275,0.1275219553273892,0.16995234731144884,0.13061820256383844,0.20157939771387967,0.2044972710707811
257,257.0,257.9363906928078,0.16877664320238522,0.12800534416620898,0.17060621876933715,0.12903775656342167,0.2002434682779129,0.20333056902073404
258,258.0,258.937463780995,0.17156859897177223,0.12845984190289897,0.17115926012957988,0.12758100055995708,0.19895602253095865,0.20227527590483313
259,259.0,259.9380549225536,0.17418013465972168,0.12886392357259602,0.17170601931325735,0.12623493909788877,0.1977087237752365,0.20130625958129958
260,260.0,260.93820640073073,0.17661579963839544,0.12923647215324077,0.17216066115376297,0.1250156379520036,0.19561566589780338,0.20135576320479376
261,261.0,261.93796066708285,0.178355869541786,0.12955610294711944,0.17261456532791677,0.12390180158132956,0.19357972468697407,0.20199193591487413
262,262.0,262.9373599001289,0.17991416248682127,0.12984364269370116,0.17298522363579524,0.12291275314078355,0.1916342791569277,0.20270993888597105
263,263.0,263.9364456108691,0.181185746358166,0.1300994251002498,0.17338478096266757,0.12204590432175821,0.1897897341948865,0.20349440906227192
264,264.0,264.93525829442655,0.18228335041802418,0.13032406807670316,0.1737095776398173,0.12129770365029176,0.18805444519367032,0.2043308550214933
265,265.0,265.933837126684,0.18314929404284333,0.13045433657220368,0.17389973920134255,0.12059966575424039,0.18637073688310624,0.2055262275462638
266,266.0,266.93221970444887,0.18300517627844037,0.13067647144649466,0.17414378973679656,0.12024281942233762,0.18493182608282882,0.20699991703310194
267,267.0,267.93044182739277,0.1827189843235995,0.1308706923029345,0.1743265569461096,0.11998837881982764,0.18361616120170055,0.2084792264058282
268,268.0,268.9285373197684,0.18230778751691298,0.1310378483347439,0.17445234148980263,0.11982864777979627,0.18242457429661776,0.20994880058212642
269,269.0,269.92653788970875,0.18178819831163218,0.13117897446406784,0.1745255837890007,0.11975575265639596,0.1813565734390268,0.21139491733987645
