Total_iterations,Unnamed: 0.1,Intertwine_two,Invert_path_vertices,Insert_inside_vertex,Delete_inside_vertex,MSC_add_terminal,MSC_del_terminal
0,0.0,0.1666666666666665,0.1666666666666665,0.1666666666666665,0.1666666666666665,0.1666666666666665,0.1666666666666665
1,1.0,0.1666666666666665,0.1666666666666665,0.1666666666666665,0.1666666666666665,0.1666666666666665,0.1666666666666665
2,2.0,0.1666666666666665,0.1666666666666665,0.1666666666666665,0.1666666666666665,0.1666666666666665,0.1666666666666665
3,3.0,0.1666666666666665,0.1666666666666665,0.1666666666666665,0.1666666666666665,0.1666666666666665,0.1666666666666665
4,4.0,0.1666666666666665,0.1666666666666665,0.1666666666666665,0.1666666666666665,0.1666666666666665,0.1666666666666665
5,5.0,0.1666666666666665,0.1666666666666665,0.1666666666666665,0.1666666666666665,0.1666666666666665,0.1666666666666665
6,6.0,0.1666666666666665,0.1666666666666665,0.1666666666666665,0.1666666666666665,0.1666666666666665,0.1666666666666665
7,7.0,0.1666666666666665,0.1666666666666665,0.1666666666666665,0.1666666666666665,0.1666666666666665,0.1666666666666665
8,8.0,0.1666666666666665,0.1666666666666665,0.1666666666666665,0.1666666666666665,0.1666666666666665,0.1666666666666665
9,9.0,0.1666666666666665,0.1666666666666665,0.1666666666666665,0.1666666666666665,0.1666666666666665,0.1666666666666665
10,10.0,0.1666666666666665,0.1666666666666665,0.1666666666666665,0.1666666666666665,0.1666666666666665,0.1666666666666665
11,11.0,0.1666666666666665,0.1666666666666665,0.1666666666666665,0.1666666666666665,0.1666666666666665,0.1666666666666665
12,12.0,0.1666666666666665,0.1666666666666665,0.1666666666666665,0.1666666666666665,0.1666666666666665,0.1666666666666665
13,13.0,0.1666666666666665,0.1666666666666665,0.1666666666666665,0.1666666666666665,0.1666666666666665,0.1666666666666665
14,14.0,0.1666666666666665,0.1666666666666665,0.1666666666666665,0.1666666666666665,0.1666666666666665,0.1666666666666665
15,15.0,0.1666666666666665,0.1666666666666665,0.1666666666666665,0.1666666666666665,0.1666666666666665,0.1666666666666665
16,16.0,0.1666666666666665,0.1666666666666665,0.1666666666666665,0.1666666666666665,0.1666666666666665,0.1666666666666665
17,17.0,0.1666666666666665,0.1666666666666665,0.1666666666666665,0.1666666666666665,0.1666666666666665,0.1666666666666665
18,18.0,0.1666666666666665,0.1666666666666665,0.1666666666666665,0.1666666666666665,0.1666666666666665,0.1666666666666665
19,19.0,0.1666666666666665,0.1666666666666665,0.1666666666666665,0.1666666666666665,0.1666666666666665,0.1666666666666665
20,20.0,0.1666666666666665,0.1666666666666665,0.1666666666666665,0.1666666666666665,0.1666666666666665,0.1666666666666665
21,21.0,0.1666666666666665,0.1666666666666665,0.1666666666666665,0.1666666666666665,0.1666666666666665,0.1666666666666665
22,22.0,0.1666666666666665,0.1666666666666665,0.1666666666666665,0.1666666666666665,0.1666666666666665,0.1666666666666665
23,23.0,0.1666666666666665,0.1666666666666665,0.1666666666666665,0.1666666666666665,0.1666666666666665,0.1666666666666665
24,24.0,0.1666666666666665,0.1666666666666665,0.1666666666666665,0.1666666666666665,0.1666666666666665,0.1666666666666665
25,25.0,0.1666666666666665,0.1666666666666665,0.1666666666666665,0.1666666666666665,0.1666666666666665,0.1666666666666665
26,26.0,0.1666666666666665,0.1666666666666665,0.1666666666666665,0.1666666666666665,0.1666666666666665,0.1666666666666665
27,27.0,0.1666666666666665,0.1666666666666665,0.1666666666666665,0.1666666666666665,0.1666666666666665,0.1666666666666665
28,28.0,0.1666666666666665,0.1666666666666665,0.1666666666666665,0.1666666666666665,0.1666666666666665,0.1666666666666665
29,29.0,0.1666666666666665,0.1666666666666665,0.1666666666666665,0.1666666666666665,0.1666666666666665,0.1666666666666665
30,30.0,0.1666666666666665,0.1666666666666665,0.1666666666666665,0.1666666666666665,0.1666666666666665,0.1666666666666665
31,31.0,0.1666666666666665,0.1666666666666665,0.1666666666666665,0.1666666666666665,0.1666666666666665,0.1666666666666665
32,32.0,0.1666666666666665,0.1666666666666665,0.1666666666666665,0.1666666666666665,0.1666666666666665,0.1666666666666665
33,33.0,0.1666666666666665,0.1666666666666665,0.1666666666666665,0.1666666666666665,0.1666666666666665,0.1666666666666665
34,34.0,0.1666666666666665,0.1666666666666665,0.1666666666666665,0.1666666666666665,0.1666666666666665,0.1666666666666665
35,35.0,0.1666666666666665,0.1666666666666665,0.1666666666666665,0.1666666666666665,0.1666666666666665,0.1666666666666665
36,36.0,0.1666666666666665,0.1666666666666665,0.1666666666666665,0.1666666666666665,0.1666666666666665,0.1666666666666665
37,37.0,0.1666666666666665,0.1666666666666665,0.1666666666666665,0.1666666666666665,0.1666666666666665,0.1666666666666665
38,38.0,0.1666666666666665,0.1666666666666665,0.1666666666666665,0.1666666666666665,0.1666666666666665,0.1666666666666665
39,39.0,0.1666666666666665,0.1666666666666665,0.1666666666666665,0.1666666666666665,0.1666666666666665,0.1666666666666665
40,40.0,0.1666666666666665,0.1666666666666665,0.1666666666666665,0.1666666666666665,0.1666666666666665,0.1666666666666665
41,41.0,0.1666666666666665,0.1666666666666665,0.1666666666666665,0.1666666666666665,0.1666666666666665,0.1666666666666665
42,42.0,0.1666666666666665,0.1666666666666665,0.1666666666666665,0.1666666666666665,0.1666666666666665,0.1666666666666665
43,43.0,0.1666666666666665,0.1666666666666665,0.1666666666666665,0.1666666666666665,0.1666666666666665,0.1666666666666665
44,44.0,0.1666666666666665,0.1666666666666665,0.1666666666666665,0.1666666666666665,0.1666666666666665,0.1666666666666665
45,45.0,0.1666666666666665,0.1666666666666665,0.1666666666666665,0.1666666666666665,0.1666666666666665,0.1666666666666665
46,46.0,0.1666666666666665,0.1666666666666665,0.1666666666666665,0.1666666666666665,0.1666666666666665,0.1666666666666665
47,47.0,0.1666666666666665,0.1666666666666665,0.1666666666666665,0.1666666666666665,0.1666666666666665,0.1666666666666665
48,48.0,0.1666666666666665,0.1666666666666665,0.1666666666666665,0.1666666666666665,0.1666666666666665,0.1666666666666665
49,49.0,0.1666666666666665,0.1666666666666665,0.1666666666666665,0.1666666666666665,0.1666666666666665,0.1666666666666665
50,50.0,0.1666666666666665,0.1666666666666665,0.1666666666666665,0.1666666666666665,0.1666666666666665,0.1666666666666665
51,51.0,0.1666666666666665,0.1666666666666665,0.1666666666666665,0.1666666666666665,0.1666666666666665,0.1666666666666665
52,52.0,0.1666666666666665,0.1666666666666665,0.1666666666666665,0.1666666666666665,0.1666666666666665,0.1666666666666665
53,53.0,0.1666666666666665,0.1666666666666665,0.1666666666666665,0.1666666666666665,0.1666666666666665,0.1666666666666665
54,54.0,0.1666666666666665,0.1666666666666665,0.1666666666666665,0.1666666666666665,0.1666666666666665,0.1666666666666665
55,55.0,0.1666666666666665,0.1666666666666665,0.1666666666666665,0.1666666666666665,0.1666666666666665,0.1666666666666665
56,56.0,0.1666666666666665,0.1666666666666665,0.1666666666666665,0.1666666666666665,0.1666666666666665,0.1666666666666665
57,57.0,0.1666666666666665,0.1666666666666665,0.1666666666666665,0.1666666666666665,0.1666666666666665,0.1666666666666665
58,58.0,0.1666666666666665,0.1666666666666665,0.1666666666666665,0.1666666666666665,0.1666666666666665,0.1666666666666665
59,59.0,0.1666666666666665,0.1666666666666665,0.1666666666666665,0.1666666666666665,0.1666666666666665,0.1666666666666665
60,60.0,0.1666666666666665,0.1666666666666665,0.1666666666666665,0.1666666666666665,0.1666666666666665,0.1666666666666665
61,61.0,0.1666666666666665,0.1666666666666665,0.1666666666666665,0.1666666666666665,0.1666666666666665,0.1666666666666665
62,62.0,0.1666666666666665,0.1666666666666665,0.1666666666666665,0.1666666666666665,0.1666666666666665,0.1666666666666665
63,63.0,0.1666666666666665,0.1666666666666665,0.1666666666666665,0.1666666666666665,0.1666666666666665,0.1666666666666665
64,64.0,0.1666666666666665,0.1666666666666665,0.1666666666666665,0.1666666666666665,0.1666666666666665,0.1666666666666665
65,65.0,0.1666666666666665,0.1666666666666665,0.1666666666666665,0.1666666666666665,0.1666666666666665,0.1666666666666665
66,66.0,0.1666666666666665,0.1666666666666665,0.1666666666666665,0.1666666666666665,0.1666666666666665,0.1666666666666665
67,67.0,0.1666666666666665,0.1666666666666665,0.1666666666666665,0.1666666666666665,0.1666666666666665,0.1666666666666665
68,68.0,0.1666666666666665,0.1666666666666665,0.1666666666666665,0.1666666666666665,0.1666666666666665,0.1666666666666665
69,69.0,0.1666666666666665,0.1666666666666665,0.1666666666666665,0.1666666666666665,0.1666666666666665,0.1666666666666665
70,70.0,0.1666666666666665,0.1666666666666665,0.1666666666666665,0.1666666666666665,0.1666666666666665,0.1666666666666665
71,71.0,0.1666666666666665,0.1666666666666665,0.1666666666666665,0.1666666666666665,0.1666666666666665,0.1666666666666665
72,72.0,0.1666666666666665,0.1666666666666665,0.1666666666666665,0.1666666666666665,0.1666666666666665,0.1666666666666665
73,73.0,0.1666666666666665,0.1666666666666665,0.1666666666666665,0.1666666666666665,0.1666666666666665,0.1666666666666665
74,74.0,0.1666666666666665,0.1666666666666665,0.1666666666666665,0.1666666666666665,0.1666666666666665,0.1666666666666665
75,75.0,0.1666666666666665,0.1666666666666665,0.1666666666666665,0.1666666666666665,0.1666666666666665,0.1666666666666665
76,76.0,0.1666666666666665,0.1666666666666665,0.1666666666666665,0.1666666666666665,0.1666666666666665,0.1666666666666665
77,77.0,0.1666666666666665,0.1666666666666665,0.1666666666666665,0.1666666666666665,0.1666666666666665,0.1666666666666665
78,78.0,0.1666666666666665,0.1666666666666665,0.1666666666666665,0.1666666666666665,0.1666666666666665,0.1666666666666665
79,79.0,0.1666666666666665,0.1666666666666665,0.1666666666666665,0.1666666666666665,0.1666666666666665,0.1666666666666665
80,80.0,0.1666666666666665,0.1666666666666665,0.1666666666666665,0.1666666666666665,0.1666666666666665,0.1666666666666665
81,81.0,0.1666666666666665,0.1666666666666665,0.1666666666666665,0.1666666666666665,0.1666666666666665,0.1666666666666665
82,82.0,0.1666666666666665,0.1666666666666665,0.1666666666666665,0.1666666666666665,0.1666666666666665,0.1666666666666665
83,83.0,0.1666666666666665,0.1666666666666665,0.1666666666666665,0.1666666666666665,0.1666666666666665,0.1666666666666665
84,84.0,0.1666666666666665,0.1666666666666665,0.1666666666666665,0.1666666666666665,0.1666666666666665,0.1666666666666665
85,85.0,0.1666666666666665,0.1666666666666665,0.1666666666666665,0.1666666666666665,0.1666666666666665,0.1666666666666665
86,86.0,0.1666666666666665,0.1666666666666665,0.1666666666666665,0.1666666666666665,0.1666666666666665,0.1666666666666665
87,87.0,0.1666666666666665,0.1666666666666665,0.1666666666666665,0.1666666666666665,0.1666666666666665,0.1666666666666665
88,88.0,0.1666666666666665,0.1666666666666665,0.1666666666666665,0.1666666666666665,0.1666666666666665,0.1666666666666665
89,89.0,0.1666666666666665,0.1666666666666665,0.1666666666666665,0.1666666666666665,0.1666666666666665,0.1666666666666665
90,90.0,0.1666666666666665,0.1666666666666665,0.1666666666666665,0.1666666666666665,0.1666666666666665,0.1666666666666665
91,91.0,0.1666666666666665,0.1666666666666665,0.1666666666666665,0.1666666666666665,0.1666666666666665,0.1666666666666665
92,92.0,0.1666666666666665,0.1666666666666665,0.1666666666666665,0.1666666666666665,0.1666666666666665,0.1666666666666665
93,93.0,0.1666666666666665,0.1666666666666665,0.1666666666666665,0.1666666666666665,0.1666666666666665,0.1666666666666665
94,94.0,0.1666666666666665,0.1666666666666665,0.1666666666666665,0.1666666666666665,0.1666666666666665,0.1666666666666665
95,95.0,0.1666666666666665,0.1666666666666665,0.1666666666666665,0.1666666666666665,0.1666666666666665,0.1666666666666665
96,96.0,0.1666666666666665,0.1666666666666665,0.1666666666666665,0.1666666666666665,0.1666666666666665,0.1666666666666665
97,97.0,0.1666666666666665,0.1666666666666665,0.1666666666666665,0.1666666666666665,0.1666666666666665,0.1666666666666665
98,98.0,0.1666666666666665,0.1666666666666665,0.1666666666666665,0.1666666666666665,0.1666666666666665,0.1666666666666665
99,99.0,0.1666666666666665,0.1666666666666665,0.1666666666666665,0.1666666666666665,0.1666666666666665,0.1666666666666665
100,100.0,0.1666666666666665,0.1666666666666665,0.1666666666666665,0.1666666666666665,0.1666666666666665,0.1666666666666665
101,101.0,0.1666666666666665,0.1666666666666665,0.1666666666666665,0.1666666666666665,0.1666666666666665,0.1666666666666665
102,102.0,0.1666666666666665,0.1666666666666665,0.1666666666666665,0.1666666666666665,0.1666666666666665,0.1666666666666665
103,103.0,0.1666666666666665,0.1666666666666665,0.1666666666666665,0.1666666666666665,0.1666666666666665,0.1666666666666665
104,104.0,0.1666666666666665,0.1666666666666665,0.1666666666666665,0.1666666666666665,0.1666666666666665,0.1666666666666665
105,105.0,0.1666666666666665,0.1666666666666665,0.1666666666666665,0.1666666666666665,0.1666666666666665,0.1666666666666665
106,106.0,0.1666666666666665,0.1666666666666665,0.1666666666666665,0.1666666666666665,0.1666666666666665,0.1666666666666665
107,107.0,0.1666666666666665,0.1666666666666665,0.1666666666666665,0.1666666666666665,0.1666666666666665,0.1666666666666665
108,108.0,0.1666666666666665,0.1666666666666665,0.1666666666666665,0.1666666666666665,0.1666666666666665,0.1666666666666665
109,109.0,0.1666666666666665,0.1666666666666665,0.1666666666666665,0.1666666666666665,0.1666666666666665,0.1666666666666665
110,110.0,0.1666666666666665,0.1666666666666665,0.1666666666666665,0.1666666666666665,0.1666666666666665,0.1666666666666665
111,111.0,0.1666666666666665,0.1666666666666665,0.1666666666666665,0.1666666666666665,0.1666666666666665,0.1666666666666665
112,112.0,0.1666666666666665,0.1666666666666665,0.1666666666666665,0.1666666666666665,0.1666666666666665,0.1666666666666665
113,113.0,0.1666666666666665,0.1666666666666665,0.1666666666666665,0.1666666666666665,0.1666666666666665,0.1666666666666665
114,114.0,0.1666666666666665,0.1666666666666665,0.1666666666666665,0.1666666666666665,0.1666666666666665,0.1666666666666665
115,115.0,0.1666666666666665,0.1666666666666665,0.1666666666666665,0.1666666666666665,0.1666666666666665,0.1666666666666665
116,116.0,0.1666666666666665,0.1666666666666665,0.1666666666666665,0.1666666666666665,0.1666666666666665,0.1666666666666665
117,117.0,0.1666666666666665,0.1666666666666665,0.1666666666666665,0.1666666666666665,0.1666666666666665,0.1666666666666665
118,118.0,0.1666666666666665,0.1666666666666665,0.1666666666666665,0.1666666666666665,0.1666666666666665,0.1666666666666665
119,119.0,0.1666666666666665,0.1666666666666665,0.1666666666666665,0.1666666666666665,0.1666666666666665,0.1666666666666665
120,120.0,0.1666666666666665,0.1666666666666665,0.1666666666666665,0.1666666666666665,0.1666666666666665,0.1666666666666665
121,121.0,0.1666666666666665,0.1666666666666665,0.1666666666666665,0.1666666666666665,0.1666666666666665,0.1666666666666665
122,122.0,0.1666666666666665,0.1666666666666665,0.1666666666666665,0.1666666666666665,0.1666666666666665,0.1666666666666665
123,123.0,0.1666666666666665,0.1666666666666665,0.1666666666666665,0.1666666666666665,0.1666666666666665,0.1666666666666665
124,124.0,0.1666666666666665,0.1666666666666665,0.1666666666666665,0.1666666666666665,0.1666666666666665,0.1666666666666665
125,125.0,0.1666666666666665,0.1666666666666665,0.1666666666666665,0.1666666666666665,0.1666666666666665,0.1666666666666665
126,126.0,0.1666666666666665,0.1666666666666665,0.1666666666666665,0.1666666666666665,0.1666666666666665,0.1666666666666665
127,127.0,0.1666666666666665,0.1666666666666665,0.1666666666666665,0.1666666666666665,0.1666666666666665,0.1666666666666665
128,128.0,0.1666666666666665,0.1666666666666665,0.1666666666666665,0.1666666666666665,0.1666666666666665,0.1666666666666665
129,129.0,0.1666666666666665,0.1666666666666665,0.1666666666666665,0.1666666666666665,0.1666666666666665,0.1666666666666665
130,130.0,0.1666666666666665,0.1666666666666665,0.1666666666666665,0.1666666666666665,0.1666666666666665,0.1666666666666665
131,131.0,0.1666666666666665,0.1666666666666665,0.1666666666666665,0.1666666666666665,0.1666666666666665,0.1666666666666665
132,132.0,0.1666666666666665,0.1666666666666665,0.1666666666666665,0.1666666666666665,0.1666666666666665,0.1666666666666665
133,133.0,0.1666666666666665,0.1666666666666665,0.1666666666666665,0.1666666666666665,0.1666666666666665,0.1666666666666665
134,134.0,0.1666666666666665,0.1666666666666665,0.1666666666666665,0.1666666666666665,0.1666666666666665,0.1666666666666665
135,135.0,0.1666666666666665,0.1666666666666665,0.1666666666666665,0.1666666666666665,0.1666666666666665,0.1666666666666665
136,136.0,0.1666666666666665,0.1666666666666665,0.1666666666666665,0.1666666666666665,0.1666666666666665,0.1666666666666665
137,137.0,0.1666666666666665,0.1666666666666665,0.1666666666666665,0.1666666666666665,0.1666666666666665,0.1666666666666665
138,138.0,0.1666666666666665,0.1666666666666665,0.1666666666666665,0.1666666666666665,0.1666666666666665,0.1666666666666665
139,139.0,0.1666666666666665,0.1666666666666665,0.1666666666666665,0.1666666666666665,0.1666666666666665,0.1666666666666665
140,140.0,0.1666666666666665,0.1666666666666665,0.1666666666666665,0.1666666666666665,0.1666666666666665,0.1666666666666665
141,141.0,0.1666666666666665,0.1666666666666665,0.1666666666666665,0.1666666666666665,0.1666666666666665,0.1666666666666665
142,142.0,0.1666666666666665,0.1666666666666665,0.1666666666666665,0.1666666666666665,0.1666666666666665,0.1666666666666665
143,143.0,0.1666666666666665,0.1666666666666665,0.1666666666666665,0.1666666666666665,0.1666666666666665,0.1666666666666665
144,144.0,0.1666666666666665,0.1666666666666665,0.1666666666666665,0.1666666666666665,0.1666666666666665,0.1666666666666665
145,145.0,0.1666666666666665,0.1666666666666665,0.1666666666666665,0.1666666666666665,0.1666666666666665,0.1666666666666665
146,146.0,0.1666666666666665,0.1666666666666665,0.1666666666666665,0.1666666666666665,0.1666666666666665,0.1666666666666665
147,147.0,0.1666666666666665,0.1666666666666665,0.1666666666666665,0.1666666666666665,0.1666666666666665,0.1666666666666665
148,148.0,0.1666666666666665,0.1666666666666665,0.1666666666666665,0.1666666666666665,0.1666666666666665,0.1666666666666665
149,149.0,0.1666666666666665,0.1666666666666665,0.1666666666666665,0.1666666666666665,0.1666666666666665,0.1666666666666665
150,150.0,0.1666666666666665,0.1666666666666665,0.1666666666666665,0.1666666666666665,0.1666666666666665,0.1666666666666665
151,151.0,0.1666666666666665,0.1666666666666665,0.1666666666666665,0.1666666666666665,0.1666666666666665,0.1666666666666665
152,152.0,0.1666666666666665,0.1666666666666665,0.1666666666666665,0.1666666666666665,0.1666666666666665,0.1666666666666665
153,153.0,0.1666666666666665,0.1666666666666665,0.1666666666666665,0.1666666666666665,0.1666666666666665,0.1666666666666665
154,154.0,0.1666666666666665,0.1666666666666665,0.1666666666666665,0.1666666666666665,0.1666666666666665,0.1666666666666665
155,155.0,0.1666666666666665,0.1666666666666665,0.1666666666666665,0.1666666666666665,0.1666666666666665,0.1666666666666665
156,156.0,0.1666666666666665,0.1666666666666665,0.1666666666666665,0.1666666666666665,0.1666666666666665,0.1666666666666665
157,157.0,0.1666666666666665,0.1666666666666665,0.1666666666666665,0.1666666666666665,0.1666666666666665,0.1666666666666665
158,158.0,0.1666666666666665,0.1666666666666665,0.1666666666666665,0.1666666666666665,0.1666666666666665,0.1666666666666665
159,159.0,0.1666666666666665,0.1666666666666665,0.1666666666666665,0.1666666666666665,0.1666666666666665,0.1666666666666665
160,160.0,0.1666666666666665,0.1666666666666665,0.1666666666666665,0.1666666666666665,0.1666666666666665,0.1666666666666665
161,161.0,0.1666666666666665,0.1666666666666665,0.1666666666666665,0.1666666666666665,0.1666666666666665,0.1666666666666665
162,162.0,0.1666666666666665,0.1666666666666665,0.1666666666666665,0.1666666666666665,0.1666666666666665,0.1666666666666665
163,163.0,0.1666666666666665,0.1666666666666665,0.1666666666666665,0.1666666666666665,0.1666666666666665,0.1666666666666665
164,164.0,0.1666666666666665,0.1666666666666665,0.1666666666666665,0.1666666666666665,0.1666666666666665,0.1666666666666665
165,165.0,0.1666666666666665,0.1666666666666665,0.1666666666666665,0.1666666666666665,0.1666666666666665,0.1666666666666665
166,166.0,0.1666666666666665,0.1666666666666665,0.1666666666666665,0.1666666666666665,0.1666666666666665,0.1666666666666665
167,167.0,0.1666666666666665,0.1666666666666665,0.1666666666666665,0.1666666666666665,0.1666666666666665,0.1666666666666665
168,168.0,0.1666666666666665,0.1666666666666665,0.1666666666666665,0.1666666666666665,0.1666666666666665,0.1666666666666665
169,169.0,0.1666666666666665,0.1666666666666665,0.1666666666666665,0.1666666666666665,0.1666666666666665,0.1666666666666665
170,170.0,0.1666666666666665,0.1666666666666665,0.1666666666666665,0.1666666666666665,0.1666666666666665,0.1666666666666665
171,171.0,0.1666666666666665,0.1666666666666665,0.1666666666666665,0.1666666666666665,0.1666666666666665,0.1666666666666665
172,172.0,0.1666666666666665,0.1666666666666665,0.1666666666666665,0.1666666666666665,0.1666666666666665,0.1666666666666665
173,173.0,0.1666666666666665,0.1666666666666665,0.1666666666666665,0.1666666666666665,0.1666666666666665,0.1666666666666665
174,174.0,0.1666666666666665,0.1666666666666665,0.1666666666666665,0.1666666666666665,0.1666666666666665,0.1666666666666665
175,175.0,0.1666666666666665,0.1666666666666665,0.1666666666666665,0.1666666666666665,0.1666666666666665,0.1666666666666665
176,176.0,0.1666666666666665,0.1666666666666665,0.1666666666666665,0.1666666666666665,0.1666666666666665,0.1666666666666665
177,177.0,0.1666666666666665,0.1666666666666665,0.1666666666666665,0.1666666666666665,0.1666666666666665,0.1666666666666665
178,178.0,0.1666666666666665,0.1666666666666665,0.1666666666666665,0.1666666666666665,0.1666666666666665,0.1666666666666665
179,179.0,0.1666666666666665,0.1666666666666665,0.1666666666666665,0.1666666666666665,0.1666666666666665,0.1666666666666665
180,180.0,0.1666666666666665,0.1666666666666665,0.1666666666666665,0.1666666666666665,0.1666666666666665,0.1666666666666665
181,181.0,0.1666666666666665,0.1666666666666665,0.1666666666666665,0.1666666666666665,0.1666666666666665,0.1666666666666665
182,182.0,0.1666666666666665,0.1666666666666665,0.1666666666666665,0.1666666666666665,0.1666666666666665,0.1666666666666665
183,183.0,0.1666666666666665,0.1666666666666665,0.1666666666666665,0.1666666666666665,0.1666666666666665,0.1666666666666665
184,184.0,0.1666666666666665,0.1666666666666665,0.1666666666666665,0.1666666666666665,0.1666666666666665,0.1666666666666665
185,185.0,0.1666666666666665,0.1666666666666665,0.1666666666666665,0.1666666666666665,0.1666666666666665,0.1666666666666665
186,186.0,0.1666666666666665,0.1666666666666665,0.1666666666666665,0.1666666666666665,0.1666666666666665,0.1666666666666665
187,187.0,0.1666666666666665,0.1666666666666665,0.1666666666666665,0.1666666666666665,0.1666666666666665,0.1666666666666665
188,188.0,0.1666666666666665,0.1666666666666665,0.1666666666666665,0.1666666666666665,0.1666666666666665,0.1666666666666665
189,189.0,0.1666666666666665,0.1666666666666665,0.1666666666666665,0.1666666666666665,0.1666666666666665,0.1666666666666665
190,190.0,0.1666666666666665,0.1666666666666665,0.1666666666666665,0.1666666666666665,0.1666666666666665,0.1666666666666665
191,191.0,0.1666666666666665,0.1666666666666665,0.1666666666666665,0.1666666666666665,0.1666666666666665,0.1666666666666665
192,192.0,0.1666666666666665,0.1666666666666665,0.1666666666666665,0.1666666666666665,0.1666666666666665,0.1666666666666665
193,193.0,0.1666666666666665,0.1666666666666665,0.1666666666666665,0.1666666666666665,0.1666666666666665,0.1666666666666665
194,194.0,0.1666666666666665,0.1666666666666665,0.1666666666666665,0.1666666666666665,0.1666666666666665,0.1666666666666665
195,195.0,0.1666666666666665,0.1666666666666665,0.1666666666666665,0.1666666666666665,0.1666666666666665,0.1666666666666665
196,196.0,0.1666666666666665,0.1666666666666665,0.1666666666666665,0.1666666666666665,0.1666666666666665,0.1666666666666665
197,197.0,0.1666666666666665,0.1666666666666665,0.1666666666666665,0.1666666666666665,0.1666666666666665,0.1666666666666665
198,198.0,0.1664285714285713,0.1664285714285713,0.1664285714285713,0.1664285714285713,0.1664285714285713,0.1678571428571427
199,199.0,0.1661928571428571,0.1661928571428571,0.1661928571428571,0.1661928571428571,0.1661928571428571,0.1690357142857142
200,200.0,0.1659616428571428,0.1659616428571428,0.1659616428571428,0.1659616428571428,0.1659616428571428,0.1701917857142856
201,201.0,0.1657206094845122,0.1657206094845122,0.1657206094845122,0.1657206094845122,0.1657206094845122,0.1713969525774387
202,202.0,0.1652496171360841,0.1652496171360841,0.1652496171360841,0.1666781885646555,0.1652496171360841,0.1723233428910078
203,203.0,0.164596215866359,0.164596215866359,0.164596215866359,0.1685105015806447,0.164596215866359,0.1731046349539191
204,204.0,0.1637065149092652,0.1637065149092652,0.1651350863378366,0.1700688006235509,0.1637065149092652,0.1736765683108169
205,205.0,0.1629204035349066,0.1628260639122651,0.1656689210551223,0.170327926769408,0.1628260639122651,0.1754306208160327
206,206.0,0.1621483546522109,0.1619615004818706,0.1661916433390135,0.1705389641390135,0.1619615004818706,0.1771980369060207
207,207.0,0.1609347752198519,0.1606571807038936,0.1662364364181793,0.1716704818730364,0.162085752132465,0.1784153736525737
208,208.0,0.1595859540871195,0.159220123410872,0.1659220738537291,0.1725834024719806,0.1620629805537292,0.1806254656225696
209,209.0,0.1577499325824301,0.157298120195576,0.1651628160123603,0.1724044641489564,0.1643854059098617,0.1829992611508154
210,210.0,0.1559795077628225,0.1554453959980269,0.164412349655442,0.172186678101501,0.1667103659980269,0.1852657024841804
211,211.0,0.1539286813508419,0.1533164073012828,0.1633201574409556,0.1704678529942781,0.1707057324072127,0.1882611685054288
212,212.0,0.1517888589127025,0.1511029275850876,0.1620741910196598,0.1685581381271937,0.1755351307873167,0.1909407535680396
213,213.0,0.1504454970055603,0.1485795883675961,0.1604463350954961,0.1662397672439526,0.1813744036399858,0.1929144086474092
214,214.0,0.1489851609731647,0.1459553867688905,0.1586438349557707,0.1637295674327806,0.1875086152338812,0.1951774346355123
215,215.0,0.1475550859998656,0.1434819250772213,0.1569183525301757,0.1612853006735312,0.1934613051404867,0.1972980305787195
216,216.0,0.1459087014301315,0.1408261129590695,0.1549358812864849,0.1585836826195465,0.19884915629507,0.2008964654096976
217,217.0,0.146248892834094,0.1382530898986112,0.152867053044053,0.1559930489964243,0.2027840092705229,0.2038539059562948
218,218.0,0.1463584491851923,0.1367373779277522,0.1507839767779635,0.1533995641186659,0.2063288860620744,0.2063917459283518
219,219.0,0.1461957020615656,0.135115675784514,0.1494604232047581,0.1507476297786944,0.2099509718838356,0.2085295972866325
220,220.0,0.1459382105806238,0.1334816826244501,0.1480687405259454,0.1480546752011957,0.2131004808187237,0.2113562102490614
221,221.0,0.1463997640196478,0.1319495792024553,0.1466621676363835,0.1454483436773093,0.215889787187689,0.2136503582765154
222,222.0,0.1467620841104925,0.1305272448316899,0.1452617537915374,0.14294878346966,0.2183297654363812,0.2161703683602392
223,223.0,0.1469752841857351,0.1291599254291459,0.1438723372532417,0.1412885107086459,0.2204681861679861,0.2182357562552455
224,224.0,0.147986228850899,0.1275913875448545,0.1422423073090523,0.139214993644435,0.2226303681606766,0.2203347144900829
225,225.0,0.148716902887209,0.125980418203813,0.1414440963060711,0.1380223625850598,0.2230425659936698,0.2227936540241775
226,226.0,0.1493940872232481,0.1244534308511676,0.1406146256723283,0.1369223340285094,0.2228241409530903,0.2257913812716565
227,227.0,0.1501956519149759,0.123196590090898,0.140109878203353,0.1374292742726929,0.2224923597787214,0.2265762457393589
228,228.0,0.1511659784447414,0.1221503947263143,0.1398249405264717,0.1381323620900403,0.2220168209506308,0.2267095032618015
229,229.0,0.1521151991953007,0.1212389215697656,0.1396249763555779,0.138942431840794,0.2213513350207432,0.2267271360178187
230,230.0,0.1529382642937695,0.1203609850679526,0.1404075000969589,0.1394080026989968,0.2204247234944761,0.2264605243478462
231,231.0,0.1537395586543721,0.1196220109204199,0.1412664377219736,0.1399588688453218,0.2202056983800634,0.2252074254778494
232,232.0,0.1536243575184003,0.1191266037443259,0.1422966695771193,0.1406921032006046,0.219986802398575,0.224273463560975
233,233.0,0.15337435133576,0.1186442498031767,0.1432596528097206,0.1413710254892854,0.2195591004854221,0.2237916200766352
234,234.0,0.1531055206729446,0.1182784673128891,0.1442524824497058,0.1420942776951377,0.2190477502529028,0.2232215016164199
235,235.0,0.1512542544664179,0.1173621660441891,0.1455122455599367,0.1431001943043858,0.2187162300352789,0.2240549095897916
236,236.0,0.1502954247057321,0.1164779563810003,0.1467639674016026,0.1440506633858113,0.2182500857084508,0.2241619024174029
237,237.0,0.1492401880097218,0.1155876678406001,0.1478944391566477,0.1448979215825788,0.2176236377078037,0.2247561457026478
238,238.0,0.1481329798631221,0.1147250536203561,0.148928723540426,0.1456680598254289,0.2177167566383018,0.2248284265123651
239,239.0,0.1475777318301203,0.1144836347681174,0.1504537587838887,0.1460396601558962,0.2160864247473957,0.2253587897145817
240,240.0,0.147057267912154,0.1160028401347401,0.1519376869811003,0.1463995097125636,0.2144407709556154,0.2241619243038264
241,241.0,0.1465733143368995,0.1175914152446718,0.1533697795547139,0.1467451850772445,0.2127977839909662,0.222922521795504
242,242.0,0.146036150514929,0.1191356282815731,0.1546499900504439,0.1469837378245816,0.2110827179494723,0.2221117753789999
243,243.0,0.1455382872909519,0.1207062915041964,0.1558625227529396,0.1472053128706542,0.2094017495810513,0.2212858360002063
244,244.0,0.1450807732374088,0.1222850532617432,0.1570020201144995,0.1474093922351279,0.2077682788020801,0.2204544823491402
245,245.0,0.1449671788808219,0.1230977403255699,0.1573068149380259,0.1476714422682755,0.2062696481371611,0.2206871754501455
246,246.0,0.1454218239526373,0.1238188939004708,0.1574633901351473,0.1478391060089587,0.2047634204875988,0.2206933655151869
247,247.0,0.1459060653320238,0.1245186376177714,0.157553183734715,0.147988327267199,0.203333599646535,0.2207001864017557
248,248.0,0.1472454343077638,0.1251921150260586,0.15901054738906,0.1481194580786581,0.2013916050462924,0.2190408401521669
249,249.0,0.148526921866362,0.1257070128539458,0.1603343336063443,0.1481688936157972,0.2001207113714286,0.2171421266861219
250,250.0,0.1500511935816389,0.1264394246965788,0.1620823545757934,0.1454520013583691,0.2004472866969236,0.2155277390906959
251,251.0,0.1519383437053892,0.1270711724699541,0.1636806040483938,0.1426834804443023,0.2007942158053841,0.2138321835265763
252,252.0,0.1537870590493743,0.127663697410956,0.1651857689867967,0.1399538712560935,0.2012136863351213,0.2121959169616581
253,253.0,0.1569613173167521,0.1275306808690961,0.1666770212799529,0.1373714937979542,0.2012896540341145,0.2101698327021299
254,254.0,0.1599045472402353,0.1272861336982057,0.1679886585172743,0.1347952675192777,0.2021016635544024,0.2079237294706042
255,255.0,0.1627467829913421,0.1270118362510787,0.1691937076501531,0.1323185213830863,0.2029543542550163,0.2057747974693233
256,256.0,0.1658308260126627,0.1275219553273892,0.1699523473114488,0.1306182025638384,0.2015793977138796,0.2044972710707811
257,257.0,0.1687766432023852,0.1280053441662089,0.1706062187693371,0.1290377565634216,0.2002434682779129,0.203330569020734
258,258.0,0.1715685989717722,0.1284598419028989,0.1711592601295798,0.127581000559957,0.1989560225309586,0.2022752759048331
259,259.0,0.1741801346597216,0.128863923572596,0.1717060193132573,0.1262349390978887,0.1977087237752365,0.2013062595812995
260,260.0,0.1766157996383954,0.1292364721532407,0.1721606611537629,0.1250156379520036,0.1956156658978033,0.2013557632047937
261,261.0,0.178355869541786,0.1295561029471194,0.1726145653279167,0.1239018015813295,0.193579724686974,0.2019919359148741
262,262.0,0.1799141624868212,0.1298436426937011,0.1729852236357952,0.1229127531407835,0.1916342791569277,0.202709938885971
263,263.0,0.181185746358166,0.1300994251002498,0.1733847809626675,0.1220459043217582,0.1897897341948865,0.2034944090622719
264,264.0,0.1822833504180241,0.1303240680767031,0.1737095776398173,0.1212977036502917,0.1880544451936703,0.2043308550214933
265,265.0,0.1831492940428433,0.1304543365722036,0.1738997392013425,0.1205996657542403,0.1863707368831062,0.2055262275462638
266,266.0,0.1830051762784403,0.1306764714464946,0.1741437897367965,0.1202428194223376,0.1849318260828288,0.2069999170331019
267,267.0,0.1827189843235995,0.1308706923029345,0.1743265569461096,0.1199883788198276,0.1836161612017005,0.2084792264058282
268,268.0,0.1823077875169129,0.1310378483347439,0.1744523414898026,0.1198286477797962,0.1824245742966177,0.2099488005821264
269,269.0,0.1817881983116321,0.1311789744640678,0.1745255837890007,0.1197557526563959,0.1813565734390268,0.2113949173398764
270,270.0,0.1811762518396693,0.1312952624198616,0.1745508056451613,0.1197617388091976,0.1804104800327543,0.2128054612533556
271,271.0,0.1804873032924123,0.1313880331399202,0.1745325568840267,0.119838658249053,0.1795835642667313,0.2141698841678562
272,272.0,0.1797359423628631,0.1314587106406168,0.1744753670549377,0.1199786484528582,0.1788721775345929,0.2154791539541311
273,273.0,0.1789359238985464,0.1315087974688804,0.1743837021629806,0.1201740024421802,0.1782718808002722,0.21672569322714
274,274.0,0.1781001138375822,0.1315398518236717,0.1742619263633617,0.1204172302985741,0.1777775680313305,0.2179033096454796
275,275.0,0.1772404494402447,0.1315534664087901,0.1741142685048436,0.1207011123567687,0.1773835839589193,0.2190071193304333
276,276.0,0.1763679127841448,0.1315512490553517,0.1739447933719012,0.121018744376002,0.1770838355541098,0.2200334648584902
277,277.0,0.1761518571210603,0.1321941457900872,0.174416718102647,0.1220229156993186,0.1775312373935305,0.2176831258933561
278,278.0,0.1759353883149139,0.1328178096434252,0.1748677768699983,0.1230415240896703,0.1780531938409575,0.2152843072410345
279,279.0,0.1757207123680734,0.1334179272649721,0.175295545682621,0.12406293975645,0.178637029871116,0.2128658450567672
280,280.0,0.1755097967540764,0.1339908521016916,0.1756980758478616,0.1250766678153473,0.1792707191654313,0.2104538883155916
281,281.0,0.1753043745957787,0.1345335741836993,0.176073865928806,0.1260733397465612,0.1799429395045445,0.2080719060406101
282,282.0,0.1751059507691932,0.1350436865656461,0.1764218320330743,0.1270446944435481,0.1806431155805847,0.2057407206079533
283,283.0,0.1749158096794147,0.1355193490937187,0.1767412768972915,0.1279835500827608,0.1813614500590988,0.2034785641877153
284,284.0,0.1747350244636601,0.1359592501280239,0.1770318581968206,0.1288837680135846,0.1820889437550543,0.2013011554428564
285,285.0,0.1745644673866846,0.1363625668075953,0.177293556475135,0.1297402098275501,0.1828174058097474,0.1992217936932874
286,286.0,0.1758333926339516,0.1367289244011106,0.1775266430515731,0.1305486887182035,0.1835394547667575,0.1958228964284036
287,287.0,0.1770994484348498,0.1370583552412402,0.1777316482305581,0.1313059161889695,0.1842485114462828,0.1925561204580995
288,288.0,0.1783502611760071,0.1373512576949214,0.1779093301000454,0.1320094451071291,0.1849387845092764,0.1894409214126203
289,289.0,0.1795748470359861,0.1376083555762623,0.1780606441722901,0.1326576100387615,0.1856052495867618,0.1864932935899382
290,290.0,0.1807635828443047,0.1378306583636834,0.1781867140862938,0.1332494657332029,0.1862436228265147,0.1837259561460004
291,291.0,0.1819081662480458,0.1380194225387025,0.1782888035587406,0.1337847245572281,0.186850329679911,0.1811485534173718
292,292.0,0.1830015666536298,0.1381761143208097,0.1783682897390618,0.1342636936096384,0.1874224697170523,0.1787678659598078
293,293.0,0.1841789578466909,0.1385420561642615,0.1779575276101756,0.1345231516797629,0.1877937177218842,0.1770045889772245
294,294.0,0.1852789332090317,0.1388525664777063,0.1775146373563749,0.134714332337411,0.1881123274698717,0.1755272031496042
295,295.0,0.1863111433480696,0.1391320282335577,0.177062751226252,0.1348563511730197,0.188394576344985,0.1742431496741156
296,296.0,0.1872720426847447,0.1393807516700165,0.1766072876687403,0.134952704180437,0.1886412779457605,0.1731459358503006
297,297.0,0.1881591533059265,0.1395993233846575,0.1761531590621539,0.1350069944124077,0.1888535199836243,0.1722278498512298
298,298.0,0.1889853260635848,0.1398129560797907,0.1756015029737139,0.1350386626394523,0.1890484033897843,0.1715131488536738
299,299.0,0.1897354842385262,0.1399980624078682,0.175060531913867,0.135035454724027,0.1892115155375833,0.1709589511781279
300,300.0,0.1904097277072731,0.140155643942315,0.1745345870903524,0.135000890359533,0.1893444024313795,0.1705547484691465
301,301.0,0.1910089055057575,0.1402868773471496,0.174027425327772,0.1349384508345223,0.1894487577276353,0.170289583257163
302,302.0,0.1901059609944493,0.1418216565298563,0.1735422399376582,0.1348515480602966,0.189526391033142,0.1701522034445974
303,303.0,0.1889672787065837,0.1429614219779636,0.172903113708094,0.1345649259609481,0.1906506267853482,0.1699526328610622
304,304.0,0.1877885335284094,0.1440557059818791,0.1722925462710343,0.1342621369756969,0.191741276667776,0.169859800575204
305,305.0,0.1865855192007391,0.1450981138459827,0.1717137874215994,0.1339478256829859,0.192790792768579,0.1698639610801136
306,306.0,0.1853726927817989,0.1460834091056146,0.1711694438895211,0.1336262874264881,0.1937927933049118,0.1699553734916652
307,307.0,0.1841631637449054,0.1470074500686256,0.1706615175783846,0.1333014602851472,0.1947420098278579,0.1701243984950791
308,308.0,0.1829686976422228,0.1478671217550478,0.170191446029207,0.1329769214188609,0.1956342285735266,0.1703615845811348
309,309.0,0.1817997328413567,0.1486602643756757,0.1697601444812841,0.1326558873887865,0.196466227132189,0.1706577437807077
310,310.0,0.1806654088601343,0.1493855994108825,0.1693680489499699,0.1323412180516037,0.197235707536959,0.1710040171904503
311,311.0,0.1811807477135462,0.1489712256974298,0.1691937312174879,0.1322139950599665,0.1968697982277496,0.1715705020838197
312,312.0,0.1817292011581664,0.1484995435616036,0.1690564423955655,0.1320960317235225,0.1964499829833366,0.1721687981778052
313,313.0,0.1823019732004277,0.1479810006669997,0.1689538524813659,0.1319875817101168,0.1959858505496845,0.1727897413914052
314,314.0,0.1828909042601435,0.1474254685184417,0.1688835174832589,0.1318887781875796,0.1954864739700536,0.1734248575805225
315,315.0,0.1834884891249712,0.1468422013628108,0.1688429152596162,0.1317996445420494,0.1949603714248382,0.174066378285714
316,316.0,0.1840878865657512,0.1462398053723704,0.1688294785552279,0.1317201051222809,0.1944154765360489,0.1747072478483204
317,317.0,0.1846829213504806,0.145626217390506,0.1688406251852125,0.1316499958998955,0.193859117486931,0.1753411226869742
318,318.0,0.1854466508254885,0.1466158353533215,0.1692309282069755,0.1317676463759503,0.1907980042840084,0.1761409349542555
319,319.0,0.1861938539412828,0.1475920139152921,0.1696371403796931,0.1318923897901263,0.187763223474691,0.1769213784989144
320,320.0,0.186561568445484,0.1483677638023112,0.169875037237971,0.1330936979858983,0.1846039181991399,0.1774980143291953
321,321.0,0.1876991454192887,0.1487986243512578,0.1681951824557817,0.133831266482514,0.1837470704646705,0.177728710826487
322,322.0,0.1885817149094907,0.1500893790650527,0.1664271814910255,0.134332585628415,0.1827487807722971,0.1778203581337188
