Total_iterations,Unnamed: 0.1,Intertwine_two,Add_vertex,Delete_vertex,Invert_path_vertices,Insert_inside_vertex,Delete_inside_vertex
0,0.0,0.1666666666666666,0.1666666666666666,0.1666666666666666,0.1666666666666666,0.1666666666666666,0.1666666666666666
1,1.0,0.1666666666666666,0.1666666666666666,0.1666666666666666,0.1666666666666666,0.1666666666666666,0.1666666666666666
2,2.0,0.1666666666666666,0.1666666666666666,0.1666666666666666,0.1666666666666666,0.1666666666666666,0.1666666666666666
3,3.0,0.1666666666666666,0.1666666666666666,0.1666666666666666,0.1666666666666666,0.1666666666666666,0.1666666666666666
4,4.0,0.1666666666666666,0.1666666666666666,0.1666666666666666,0.1666666666666666,0.1666666666666666,0.1666666666666666
5,5.0,0.1666666666666666,0.1666666666666666,0.1666666666666666,0.1666666666666666,0.1666666666666666,0.1666666666666666
6,6.0,0.1666666666666666,0.1666666666666666,0.1666666666666666,0.1666666666666666,0.1666666666666666,0.1666666666666666
7,7.0,0.1666666666666666,0.1666666666666666,0.1666666666666666,0.1666666666666666,0.1666666666666666,0.1666666666666666
8,8.0,0.1666666666666666,0.1666666666666666,0.1666666666666666,0.1666666666666666,0.1666666666666666,0.1666666666666666
9,9.0,0.1666666666666666,0.1666666666666666,0.1666666666666666,0.1666666666666666,0.1666666666666666,0.1666666666666666
10,10.0,0.1666666666666666,0.1666666666666666,0.1666666666666666,0.1666666666666666,0.1666666666666666,0.1666666666666666
11,11.0,0.1666666666666666,0.1666666666666666,0.1666666666666666,0.1666666666666666,0.1666666666666666,0.1666666666666666
12,12.0,0.1666666666666666,0.1666666666666666,0.1666666666666666,0.1666666666666666,0.1666666666666666,0.1666666666666666
13,13.0,0.1666666666666666,0.1666666666666666,0.1666666666666666,0.1666666666666666,0.1666666666666666,0.1666666666666666
14,14.0,0.1666666666666666,0.1666666666666666,0.1666666666666666,0.1666666666666666,0.1666666666666666,0.1666666666666666
15,15.0,0.1666666666666666,0.1666666666666666,0.1666666666666666,0.1666666666666666,0.1666666666666666,0.1666666666666666
16,16.0,0.1666666666666666,0.1666666666666666,0.1666666666666666,0.1666666666666666,0.1666666666666666,0.1666666666666666
17,17.0,0.1666666666666666,0.1666666666666666,0.1666666666666666,0.1666666666666666,0.1666666666666666,0.1666666666666666
18,18.0,0.1666666666666666,0.1666666666666666,0.1666666666666666,0.1666666666666666,0.1666666666666666,0.1666666666666666
19,19.0,0.1666666666666666,0.1666666666666666,0.1666666666666666,0.1666666666666666,0.1666666666666666,0.1666666666666666
20,20.0,0.1666666666666666,0.1666666666666666,0.1666666666666666,0.1666666666666666,0.1666666666666666,0.1666666666666666
21,21.0,0.1666666666666666,0.1666666666666666,0.1666666666666666,0.1666666666666666,0.1666666666666666,0.1666666666666666
22,22.0,0.1666666666666666,0.1666666666666666,0.1666666666666666,0.1666666666666666,0.1666666666666666,0.1666666666666666
23,23.0,0.1666666666666666,0.1666666666666666,0.1666666666666666,0.1666666666666666,0.1666666666666666,0.1666666666666666
24,24.0,0.1666666666666666,0.1666666666666666,0.1666666666666666,0.1666666666666666,0.1666666666666666,0.1666666666666666
25,25.0,0.1666666666666666,0.1666666666666666,0.1666666666666666,0.1666666666666666,0.1666666666666666,0.1666666666666666
26,26.0,0.1666666666666666,0.1666666666666666,0.1666666666666666,0.1666666666666666,0.1666666666666666,0.1666666666666666
27,27.0,0.1666666666666666,0.1666666666666666,0.1666666666666666,0.1666666666666666,0.1666666666666666,0.1666666666666666
28,28.0,0.1666666666666666,0.1666666666666666,0.1666666666666666,0.1666666666666666,0.1666666666666666,0.1666666666666666
29,29.0,0.1666666666666666,0.1666666666666666,0.1666666666666666,0.1666666666666666,0.1666666666666666,0.1666666666666666
30,30.0,0.1666666666666666,0.1666666666666666,0.1666666666666666,0.1666666666666666,0.1666666666666666,0.1666666666666666
31,31.0,0.1666666666666666,0.1666666666666666,0.1666666666666666,0.1666666666666666,0.1666666666666666,0.1666666666666666
32,32.0,0.1666666666666666,0.1666666666666666,0.1666666666666666,0.1666666666666666,0.1666666666666666,0.1666666666666666
33,33.0,0.1666666666666666,0.1666666666666666,0.1666666666666666,0.1666666666666666,0.1666666666666666,0.1666666666666666
34,34.0,0.1666666666666666,0.1666666666666666,0.1666666666666666,0.1666666666666666,0.1666666666666666,0.1666666666666666
35,35.0,0.1666666666666666,0.1666666666666666,0.1666666666666666,0.1666666666666666,0.1666666666666666,0.1666666666666666
36,36.0,0.1666666666666666,0.1666666666666666,0.1666666666666666,0.1666666666666666,0.1666666666666666,0.1666666666666666
37,37.0,0.1666666666666666,0.1666666666666666,0.1666666666666666,0.1666666666666666,0.1666666666666666,0.1666666666666666
38,38.0,0.1666666666666666,0.1666666666666666,0.1666666666666666,0.1666666666666666,0.1666666666666666,0.1666666666666666
39,39.0,0.1666666666666666,0.1666666666666666,0.1666666666666666,0.1666666666666666,0.1666666666666666,0.1666666666666666
40,40.0,0.1666666666666666,0.1666666666666666,0.1666666666666666,0.1666666666666666,0.1666666666666666,0.1666666666666666
41,41.0,0.1666666666666666,0.1666666666666666,0.1666666666666666,0.1666666666666666,0.1666666666666666,0.1666666666666666
42,42.0,0.1666666666666666,0.1666666666666666,0.1666666666666666,0.1666666666666666,0.1666666666666666,0.1666666666666666
43,43.0,0.1666666666666666,0.1666666666666666,0.1666666666666666,0.1666666666666666,0.1666666666666666,0.1666666666666666
44,44.0,0.1666666666666666,0.1666666666666666,0.1666666666666666,0.1666666666666666,0.1666666666666666,0.1666666666666666
45,45.0,0.1666666666666666,0.1666666666666666,0.1666666666666666,0.1666666666666666,0.1666666666666666,0.1666666666666666
46,46.0,0.1666666666666666,0.1666666666666666,0.1666666666666666,0.1666666666666666,0.1666666666666666,0.1666666666666666
47,47.0,0.1666666666666666,0.1666666666666666,0.1666666666666666,0.1666666666666666,0.1666666666666666,0.1666666666666666
48,48.0,0.1666666666666666,0.1666666666666666,0.1666666666666666,0.1666666666666666,0.1666666666666666,0.1666666666666666
49,49.0,0.1666666666666666,0.1666666666666666,0.1666666666666666,0.1666666666666666,0.1666666666666666,0.1666666666666666
50,50.0,0.1666666666666666,0.1666666666666666,0.1666666666666666,0.1666666666666666,0.1666666666666666,0.1666666666666666
51,51.0,0.1666666666666666,0.1666666666666666,0.1666666666666666,0.1666666666666666,0.1666666666666666,0.1666666666666666
52,52.0,0.1666666666666666,0.1666666666666666,0.1666666666666666,0.1666666666666666,0.1666666666666666,0.1666666666666666
53,53.0,0.1666666666666666,0.1666666666666666,0.1666666666666666,0.1666666666666666,0.1666666666666666,0.1666666666666666
54,54.0,0.1666666666666666,0.1666666666666666,0.1666666666666666,0.1666666666666666,0.1666666666666666,0.1666666666666666
55,55.0,0.1666666666666666,0.1666666666666666,0.1666666666666666,0.1666666666666666,0.1666666666666666,0.1666666666666666
56,56.0,0.1666666666666666,0.1666666666666666,0.1666666666666666,0.1666666666666666,0.1666666666666666,0.1666666666666666
57,57.0,0.1666666666666666,0.1666666666666666,0.1666666666666666,0.1666666666666666,0.1666666666666666,0.1666666666666666
58,58.0,0.1666666666666666,0.1666666666666666,0.1666666666666666,0.1666666666666666,0.1666666666666666,0.1666666666666666
59,59.0,0.1666666666666666,0.1666666666666666,0.1666666666666666,0.1666666666666666,0.1666666666666666,0.1666666666666666
60,60.0,0.1666666666666666,0.1666666666666666,0.1666666666666666,0.1666666666666666,0.1666666666666666,0.1666666666666666
61,61.0,0.1666666666666666,0.1666666666666666,0.1666666666666666,0.1666666666666666,0.1666666666666666,0.1666666666666666
62,62.0,0.1666666666666666,0.1666666666666666,0.1666666666666666,0.1666666666666666,0.1666666666666666,0.1666666666666666
63,63.0,0.1666666666666666,0.1666666666666666,0.1666666666666666,0.1666666666666666,0.1666666666666666,0.1666666666666666
64,64.0,0.1666666666666666,0.1666666666666666,0.1666666666666666,0.1666666666666666,0.1666666666666666,0.1666666666666666
65,65.0,0.1666666666666666,0.1666666666666666,0.1666666666666666,0.1666666666666666,0.1666666666666666,0.1666666666666666
66,66.0,0.1666666666666666,0.1666666666666666,0.1666666666666666,0.1666666666666666,0.1666666666666666,0.1666666666666666
67,67.0,0.1666666666666666,0.1666666666666666,0.1666666666666666,0.1666666666666666,0.1666666666666666,0.1666666666666666
68,68.0,0.1666666666666666,0.1666666666666666,0.1666666666666666,0.1666666666666666,0.1666666666666666,0.1666666666666666
69,69.0,0.1666666666666666,0.1666666666666666,0.1666666666666666,0.1666666666666666,0.1666666666666666,0.1666666666666666
70,70.0,0.1666666666666666,0.1666666666666666,0.1666666666666666,0.1666666666666666,0.1666666666666666,0.1666666666666666
71,71.0,0.1666666666666666,0.1666666666666666,0.1666666666666666,0.1666666666666666,0.1666666666666666,0.1666666666666666
72,72.0,0.1666666666666666,0.1666666666666666,0.1666666666666666,0.1666666666666666,0.1666666666666666,0.1666666666666666
73,73.0,0.1666666666666666,0.1666666666666666,0.1666666666666666,0.1666666666666666,0.1666666666666666,0.1666666666666666
74,74.0,0.1666666666666666,0.1666666666666666,0.1666666666666666,0.1666666666666666,0.1666666666666666,0.1666666666666666
75,75.0,0.1666666666666666,0.1666666666666666,0.1666666666666666,0.1666666666666666,0.1666666666666666,0.1666666666666666
76,76.0,0.1666666666666666,0.1666666666666666,0.1666666666666666,0.1666666666666666,0.1666666666666666,0.1666666666666666
77,77.0,0.1666666666666666,0.1666666666666666,0.1666666666666666,0.1666666666666666,0.1666666666666666,0.1666666666666666
78,78.0,0.1666666666666666,0.1666666666666666,0.1666666666666666,0.1666666666666666,0.1666666666666666,0.1666666666666666
79,79.0,0.1666666666666666,0.1666666666666666,0.1666666666666666,0.1666666666666666,0.1666666666666666,0.1666666666666666
80,80.0,0.1666666666666666,0.1666666666666666,0.1666666666666666,0.1666666666666666,0.1666666666666666,0.1666666666666666
81,81.0,0.1666666666666666,0.1666666666666666,0.1666666666666666,0.1666666666666666,0.1666666666666666,0.1666666666666666
82,82.0,0.1666666666666666,0.1666666666666666,0.1666666666666666,0.1666666666666666,0.1666666666666666,0.1666666666666666
83,83.0,0.1666666666666666,0.1666666666666666,0.1666666666666666,0.1666666666666666,0.1666666666666666,0.1666666666666666
84,84.0,0.1666666666666666,0.1666666666666666,0.1666666666666666,0.1666666666666666,0.1666666666666666,0.1666666666666666
85,85.0,0.1666666666666666,0.1666666666666666,0.1666666666666666,0.1666666666666666,0.1666666666666666,0.1666666666666666
86,86.0,0.1666666666666666,0.1666666666666666,0.1666666666666666,0.1666666666666666,0.1666666666666666,0.1666666666666666
87,87.0,0.1666666666666666,0.1666666666666666,0.1666666666666666,0.1666666666666666,0.1666666666666666,0.1666666666666666
88,88.0,0.1666666666666666,0.1666666666666666,0.1666666666666666,0.1666666666666666,0.1666666666666666,0.1666666666666666
89,89.0,0.1666666666666666,0.1666666666666666,0.1666666666666666,0.1666666666666666,0.1666666666666666,0.1666666666666666
90,90.0,0.1666666666666666,0.1666666666666666,0.1666666666666666,0.1666666666666666,0.1666666666666666,0.1666666666666666
91,91.0,0.1666666666666666,0.1666666666666666,0.1666666666666666,0.1666666666666666,0.1666666666666666,0.1666666666666666
92,92.0,0.1666666666666666,0.1666666666666666,0.1666666666666666,0.1666666666666666,0.1666666666666666,0.1666666666666666
93,93.0,0.1666666666666666,0.1666666666666666,0.1666666666666666,0.1666666666666666,0.1666666666666666,0.1666666666666666
94,94.0,0.1666666666666666,0.1666666666666666,0.1666666666666666,0.1666666666666666,0.1666666666666666,0.1666666666666666
95,95.0,0.1666666666666666,0.1666666666666666,0.1666666666666666,0.1666666666666666,0.1666666666666666,0.1666666666666666
96,96.0,0.1666666666666666,0.1666666666666666,0.1666666666666666,0.1666666666666666,0.1666666666666666,0.1666666666666666
97,97.0,0.1666666666666666,0.1666666666666666,0.1666666666666666,0.1666666666666666,0.1666666666666666,0.1666666666666666
98,98.0,0.1666666666666666,0.1666666666666666,0.1666666666666666,0.1666666666666666,0.1666666666666666,0.1666666666666666
99,99.0,0.1666666666666666,0.1666666666666666,0.1666666666666666,0.1666666666666666,0.1666666666666666,0.1666666666666666
100,100.0,0.1666666666666666,0.1666666666666666,0.1666666666666666,0.1666666666666666,0.1666666666666666,0.1666666666666666
101,101.0,0.1666666666666666,0.1666666666666666,0.1666666666666666,0.1666666666666666,0.1666666666666666,0.1666666666666666
102,102.0,0.1666666666666666,0.1666666666666666,0.1666666666666666,0.1666666666666666,0.1666666666666666,0.1666666666666666
103,103.0,0.1666666666666666,0.1666666666666666,0.1666666666666666,0.1666666666666666,0.1666666666666666,0.1666666666666666
104,104.0,0.1666666666666666,0.1666666666666666,0.1666666666666666,0.1666666666666666,0.1666666666666666,0.1666666666666666
105,105.0,0.1666666666666666,0.1666666666666666,0.1666666666666666,0.1666666666666666,0.1666666666666666,0.1666666666666666
106,106.0,0.1666666666666666,0.1666666666666666,0.1666666666666666,0.1666666666666666,0.1666666666666666,0.1666666666666666
107,107.0,0.1666666666666666,0.1666666666666666,0.1666666666666666,0.1666666666666666,0.1666666666666666,0.1666666666666666
108,108.0,0.1666666666666666,0.1666666666666666,0.1666666666666666,0.1666666666666666,0.1666666666666666,0.1666666666666666
109,109.0,0.1666666666666666,0.1666666666666666,0.1666666666666666,0.1666666666666666,0.1666666666666666,0.1666666666666666
110,110.0,0.1666666666666666,0.1666666666666666,0.1666666666666666,0.1666666666666666,0.1666666666666666,0.1666666666666666
111,111.0,0.1666666666666666,0.1666666666666666,0.1666666666666666,0.1666666666666666,0.1666666666666666,0.1666666666666666
112,112.0,0.1666666666666666,0.1666666666666666,0.1666666666666666,0.1666666666666666,0.1666666666666666,0.1666666666666666
113,113.0,0.1666666666666666,0.1666666666666666,0.1666666666666666,0.1666666666666666,0.1666666666666666,0.1666666666666666
114,114.0,0.1666666666666666,0.1666666666666666,0.1666666666666666,0.1666666666666666,0.1666666666666666,0.1666666666666666
115,115.0,0.1666666666666666,0.1666666666666666,0.1666666666666666,0.1666666666666666,0.1666666666666666,0.1666666666666666
116,116.0,0.1666666666666666,0.1666666666666666,0.1666666666666666,0.1666666666666666,0.1666666666666666,0.1666666666666666
117,117.0,0.1666666666666666,0.1666666666666666,0.1666666666666666,0.1666666666666666,0.1666666666666666,0.1666666666666666
118,118.0,0.1666666666666666,0.1666666666666666,0.1666666666666666,0.1666666666666666,0.1666666666666666,0.1666666666666666
119,119.0,0.1666666666666666,0.1666666666666666,0.1666666666666666,0.1666666666666666,0.1666666666666666,0.1666666666666666
120,120.0,0.1666666666666666,0.1666666666666666,0.1666666666666666,0.1666666666666666,0.1666666666666666,0.1666666666666666
121,121.0,0.1666666666666666,0.1666666666666666,0.1666666666666666,0.1666666666666666,0.1666666666666666,0.1666666666666666
122,122.0,0.1666666666666666,0.1666666666666666,0.1666666666666666,0.1666666666666666,0.1666666666666666,0.1666666666666666
123,123.0,0.1666666666666666,0.1666666666666666,0.1666666666666666,0.1666666666666666,0.1666666666666666,0.1666666666666666
124,124.0,0.1666666666666666,0.1666666666666666,0.1666666666666666,0.1666666666666666,0.1666666666666666,0.1666666666666666
125,125.0,0.1666666666666666,0.1666666666666666,0.1666666666666666,0.1666666666666666,0.1666666666666666,0.1666666666666666
126,126.0,0.1666666666666666,0.1666666666666666,0.1666666666666666,0.1666666666666666,0.1666666666666666,0.1666666666666666
127,127.0,0.1666666666666666,0.1666666666666666,0.1666666666666666,0.1666666666666666,0.1666666666666666,0.1666666666666666
128,128.0,0.1666666666666666,0.1666666666666666,0.1666666666666666,0.1666666666666666,0.1666666666666666,0.1666666666666666
129,129.0,0.1666666666666666,0.1666666666666666,0.1666666666666666,0.1666666666666666,0.1666666666666666,0.1666666666666666
130,130.0,0.1666666666666666,0.1666666666666666,0.1666666666666666,0.1666666666666666,0.1666666666666666,0.1666666666666666
131,131.0,0.1666666666666666,0.1666666666666666,0.1666666666666666,0.1666666666666666,0.1666666666666666,0.1666666666666666
132,132.0,0.1666666666666666,0.1666666666666666,0.1666666666666666,0.1666666666666666,0.1666666666666666,0.1666666666666666
133,133.0,0.1666666666666666,0.1666666666666666,0.1666666666666666,0.1666666666666666,0.1666666666666666,0.1666666666666666
134,134.0,0.1666666666666666,0.1666666666666666,0.1666666666666666,0.1666666666666666,0.1666666666666666,0.1666666666666666
135,135.0,0.1666666666666666,0.1666666666666666,0.1666666666666666,0.1666666666666666,0.1666666666666666,0.1666666666666666
136,136.0,0.1666666666666666,0.1666666666666666,0.1666666666666666,0.1666666666666666,0.1666666666666666,0.1666666666666666
137,137.0,0.1666666666666666,0.1666666666666666,0.1666666666666666,0.1666666666666666,0.1666666666666666,0.1666666666666666
138,138.0,0.1666666666666666,0.1666666666666666,0.1666666666666666,0.1666666666666666,0.1666666666666666,0.1666666666666666
139,139.0,0.1666666666666666,0.1666666666666666,0.1666666666666666,0.1666666666666666,0.1666666666666666,0.1666666666666666
140,140.0,0.1666666666666666,0.1666666666666666,0.1666666666666666,0.1666666666666666,0.1666666666666666,0.1666666666666666
141,141.0,0.1666666666666666,0.1666666666666666,0.1666666666666666,0.1666666666666666,0.1666666666666666,0.1666666666666666
142,142.0,0.1666666666666666,0.1666666666666666,0.1666666666666666,0.1666666666666666,0.1666666666666666,0.1666666666666666
143,143.0,0.1666666666666666,0.1666666666666666,0.1666666666666666,0.1666666666666666,0.1666666666666666,0.1666666666666666
144,144.0,0.1666666666666666,0.1666666666666666,0.1666666666666666,0.1666666666666666,0.1666666666666666,0.1666666666666666
145,145.0,0.1666666666666666,0.1666666666666666,0.1666666666666666,0.1666666666666666,0.1666666666666666,0.1666666666666666
146,146.0,0.1666666666666666,0.1666666666666666,0.1666666666666666,0.1666666666666666,0.1666666666666666,0.1666666666666666
147,147.0,0.1666666666666666,0.1666666666666666,0.1666666666666666,0.1666666666666666,0.1666666666666666,0.1666666666666666
148,148.0,0.1666666666666666,0.1666666666666666,0.1666666666666666,0.1666666666666666,0.1666666666666666,0.1666666666666666
149,149.0,0.1666666666666666,0.1666666666666666,0.1666666666666666,0.1666666666666666,0.1666666666666666,0.1666666666666666
150,150.0,0.1666666666666666,0.1666666666666666,0.1666666666666666,0.1666666666666666,0.1666666666666666,0.1666666666666666
151,151.0,0.1666666666666666,0.1666666666666666,0.1666666666666666,0.1666666666666666,0.1666666666666666,0.1666666666666666
152,152.0,0.1666666666666666,0.1666666666666666,0.1666666666666666,0.1666666666666666,0.1666666666666666,0.1666666666666666
153,153.0,0.1666666666666666,0.1666666666666666,0.1666666666666666,0.1666666666666666,0.1666666666666666,0.1666666666666666
154,154.0,0.1666666666666666,0.1666666666666666,0.1666666666666666,0.1666666666666666,0.1666666666666666,0.1666666666666666
155,155.0,0.1666666666666666,0.1666666666666666,0.1666666666666666,0.1666666666666666,0.1666666666666666,0.1666666666666666
156,156.0,0.1666666666666666,0.1666666666666666,0.1666666666666666,0.1666666666666666,0.1666666666666666,0.1666666666666666
157,157.0,0.1666666666666666,0.1666666666666666,0.1666666666666666,0.1666666666666666,0.1666666666666666,0.1666666666666666
158,158.0,0.1666666666666666,0.1666666666666666,0.1666666666666666,0.1666666666666666,0.1666666666666666,0.1666666666666666
159,159.0,0.1666666666666666,0.1666666666666666,0.1666666666666666,0.1666666666666666,0.1666666666666666,0.1666666666666666
160,160.0,0.1666666666666666,0.1666666666666666,0.1666666666666666,0.1666666666666666,0.1666666666666666,0.1666666666666666
161,161.0,0.1666666666666666,0.1666666666666666,0.1666666666666666,0.1666666666666666,0.1666666666666666,0.1666666666666666
162,162.0,0.1666666666666666,0.1666666666666666,0.1666666666666666,0.1666666666666666,0.1666666666666666,0.1666666666666666
163,163.0,0.1666666666666666,0.1666666666666666,0.1666666666666666,0.1666666666666666,0.1666666666666666,0.1666666666666666
164,164.0,0.1666666666666666,0.1666666666666666,0.1666666666666666,0.1666666666666666,0.1666666666666666,0.1666666666666666
165,165.0,0.1666666666666666,0.1666666666666666,0.1666666666666666,0.1666666666666666,0.1666666666666666,0.1666666666666666
166,166.0,0.1666666666666666,0.1666666666666666,0.1666666666666666,0.1666666666666666,0.1666666666666666,0.1666666666666666
167,167.0,0.1666666666666666,0.1666666666666666,0.1666666666666666,0.1666666666666666,0.1666666666666666,0.1666666666666666
168,168.0,0.1666666666666666,0.1666666666666666,0.1666666666666666,0.1666666666666666,0.1666666666666666,0.1666666666666666
169,169.0,0.1666666666666666,0.1666666666666666,0.1666666666666666,0.1666666666666666,0.1666666666666666,0.1666666666666666
170,170.0,0.1666666666666666,0.1666666666666666,0.1666666666666666,0.1666666666666666,0.1666666666666666,0.1666666666666666
171,171.0,0.1666666666666666,0.1666666666666666,0.1666666666666666,0.1666666666666666,0.1666666666666666,0.1666666666666666
172,172.0,0.1666666666666666,0.1666666666666666,0.1666666666666666,0.1666666666666666,0.1666666666666666,0.1666666666666666
173,173.0,0.1666666666666666,0.1666666666666666,0.1666666666666666,0.1666666666666666,0.1666666666666666,0.1666666666666666
174,174.0,0.1666666666666666,0.1666666666666666,0.1666666666666666,0.1666666666666666,0.1666666666666666,0.1666666666666666
175,175.0,0.1666666666666666,0.1666666666666666,0.1666666666666666,0.1666666666666666,0.1666666666666666,0.1666666666666666
176,176.0,0.1666666666666666,0.1666666666666666,0.1666666666666666,0.1666666666666666,0.1666666666666666,0.1666666666666666
177,177.0,0.1666666666666666,0.1666666666666666,0.1666666666666666,0.1666666666666666,0.1666666666666666,0.1666666666666666
178,178.0,0.1666666666666666,0.1666666666666666,0.1666666666666666,0.1666666666666666,0.1666666666666666,0.1666666666666666
179,179.0,0.1666666666666666,0.1666666666666666,0.1666666666666666,0.1666666666666666,0.1666666666666666,0.1666666666666666
180,180.0,0.1666666666666666,0.1666666666666666,0.1666666666666666,0.1666666666666666,0.1666666666666666,0.1666666666666666
181,181.0,0.1666666666666666,0.1666666666666666,0.1666666666666666,0.1666666666666666,0.1666666666666666,0.1666666666666666
182,182.0,0.1666666666666666,0.1666666666666666,0.1666666666666666,0.1666666666666666,0.1666666666666666,0.1666666666666666
183,183.0,0.1666666666666666,0.1666666666666666,0.1666666666666666,0.1666666666666666,0.1666666666666666,0.1666666666666666
184,184.0,0.1666666666666666,0.1666666666666666,0.1666666666666666,0.1666666666666666,0.1666666666666666,0.1666666666666666
185,185.0,0.1666666666666666,0.1666666666666666,0.1666666666666666,0.1666666666666666,0.1666666666666666,0.1666666666666666
186,186.0,0.1666666666666666,0.1666666666666666,0.1666666666666666,0.1666666666666666,0.1666666666666666,0.1666666666666666
187,187.0,0.1666666666666666,0.1666666666666666,0.1666666666666666,0.1666666666666666,0.1666666666666666,0.1666666666666666
188,188.0,0.1666666666666666,0.1666666666666666,0.1666666666666666,0.1666666666666666,0.1666666666666666,0.1666666666666666
189,189.0,0.1666666666666666,0.1666666666666666,0.1666666666666666,0.1666666666666666,0.1666666666666666,0.1666666666666666
190,190.0,0.1666666666666666,0.1666666666666666,0.1666666666666666,0.1666666666666666,0.1666666666666666,0.1666666666666666
191,191.0,0.1666666666666666,0.1666666666666666,0.1666666666666666,0.1666666666666666,0.1666666666666666,0.1666666666666666
192,192.0,0.1666666666666666,0.1666666666666666,0.1666666666666666,0.1666666666666666,0.1666666666666666,0.1666666666666666
193,193.0,0.1666666666666666,0.1666666666666666,0.1666666666666666,0.1666666666666666,0.1666666666666666,0.1666666666666666
194,194.0,0.1666666666666666,0.1666666666666666,0.1666666666666666,0.1666666666666666,0.1666666666666666,0.1666666666666666
195,195.0,0.1666666666666666,0.1666666666666666,0.1666666666666666,0.1666666666666666,0.1666666666666666,0.1666666666666666
196,196.0,0.1666666666666666,0.1666666666666666,0.1666666666666666,0.1666666666666666,0.1666666666666666,0.1666666666666666
197,197.0,0.1666666666666666,0.1666666666666666,0.1666666666666666,0.1666666666666666,0.1666666666666666,0.1666666666666666
198,198.0,0.1666666666666666,0.1666666666666666,0.1666666666666666,0.1666666666666666,0.1666666666666666,0.1666666666666666
199,199.0,0.1664285714285714,0.1664285714285714,0.1664285714285714,0.1678571428571428,0.1664285714285714,0.1664285714285714
200,200.0,0.1660142857142857,0.1660142857142857,0.1660142857142857,0.1686785714285714,0.1672642857142857,0.1660142857142857
201,201.0,0.1652293015873016,0.1652293015873016,0.166657873015873,0.1689651984126984,0.1686890238095238,0.1652293015873016
202,202.0,0.165529253015873,0.164279253015873,0.1669435387301587,0.169053351984127,0.1699153502380953,0.164279253015873
203,203.0,0.1655605834380953,0.1643230834380953,0.166947869152381,0.1689838233452381,0.1709726682992064,0.1632119723269841
204,204.0,0.1654772579634408,0.1655929444910222,0.1666283510186035,0.1686764824155222,0.1717707120610619,0.1618542520503495
205,205.0,0.1654019007545901,0.166867254444477,0.1663091075057924,0.1683576180624963,0.172526862745106,0.1605372564875384
206,206.0,0.1653344685570512,0.1682318352098624,0.1659933035869791,0.1680315712720216,0.1732377481522793,0.1591710732218064
207,207.0,0.1652573708561995,0.1681288612234003,0.1671948330213485,0.1676858191055828,0.1738842843060323,0.1578488314874368
208,208.0,0.1649658480590745,0.1677853348655538,0.1681677532455595,0.1672295299964781,0.1753701811442068,0.1564813526891273
209,209.0,0.1645024397214567,0.1673449676709081,0.1689433777965677,0.1666874114391561,0.1775239163572516,0.1549978870146599
210,210.0,0.1638839566260737,0.167560981742562,0.1695296199785311,0.1661604343189395,0.1793591693439577,0.1535058379899362
211,211.0,0.16272219909652,0.1683915073867846,0.1693511690739731,0.1659193785012181,0.180579853793335,0.1530358921481693
212,212.0,0.1626600485646097,0.1690272570899087,0.1689730894201691,0.165514998827021,0.1815324697946398,0.1522921363036518
213,213.0,0.1634572134549452,0.1695031763458385,0.168440950085407,0.1649894968755631,0.1822561234294917,0.1513530398087546
214,214.0,0.1642697905763986,0.169955489006734,0.1679004784311303,0.1644852398940852,0.1828914743981874,0.1504975276934648
215,215.0,0.1646744958074341,0.1702886586116302,0.1671655839683592,0.1639108384290575,0.1833466919313092,0.1506137312522099
216,216.0,0.1650803246992717,0.1705953043645517,0.1664361535162974,0.1633639277171972,0.1837201139707951,0.1508041757318872
217,217.0,0.1656616780254841,0.1698035836217381,0.1660760778355375,0.1630257992188775,0.1841947572741851,0.1512381040241779
218,218.0,0.165250656753431,0.1690136208583413,0.16564778381137,0.1627353747788322,0.1846121720631596,0.1527403917348661
219,219.0,0.1648198642190898,0.1681987785867109,0.1652226275033575,0.1624582354086782,0.1850384415929553,0.1542620526892085
220,220.0,0.1642115771522575,0.1672073981652934,0.1657102536459358,0.1620326723266937,0.1852178873849809,0.1556202113248389
221,221.0,0.1645825643847879,0.166088872610107,0.165794269637382,0.161499608931707,0.1851952227519187,0.1568394616840977
222,222.0,0.1647339663921974,0.1648809905789692,0.1665558629995615,0.1608890147778569,0.1850047742714969,0.1579353909799183
223,223.0,0.1648862276769239,0.1637047665397867,0.1673196600617792,0.1603147488825684,0.1847652248132556,0.1590093720256864
224,224.0,0.1650377396983884,0.1625687969337558,0.1680778024834092,0.1597789210789382,0.1844838799695593,0.1600528598359494
225,225.0,0.1651870622627024,0.1614804160136215,0.1688232743042938,0.1592830458358367,0.1841677327273904,0.1610584688561554
226,226.0,0.165332921089938,0.1604457487199956,0.1695498878662987,0.1588280866496421,0.1838234247990179,0.1620199308751079
227,227.0,0.1649980134893401,0.1604221513155444,0.1697760723835015,0.1593668824589066,0.1829810248561553,0.1624558554965522
228,228.0,0.164483765179698,0.1602730384996807,0.1697996089152103,0.159580384091706,0.1819487660996803,0.1639144372140249
229,229.0,0.1639739670007269,0.1601731672274187,0.1698012411803716,0.1598204145207872,0.1809166712842332,0.1653145387864625
230,230.0,0.1634732719211493,0.1601186120571208,0.1697831432829887,0.1600819205622314,0.1798950449638657,0.1666480072126442
231,231.0,0.1629857765818217,0.1601053869302936,0.1697474692182898,0.1603601395943878,0.1788930565522734,0.1679081711229338
232,232.0,0.1633721788192553,0.1605580625224297,0.1671249047722248,0.161079189556435,0.1783473335712663,0.169518330758389
233,233.0,0.163769796281971,0.1610398077199971,0.1645146503416769,0.1618020825700492,0.1778319924218815,0.1710416706644245
234,234.0,0.163994959844242,0.1611857552533342,0.1617630060408282,0.163592633971366,0.1771705769038793,0.1722930679863503
235,235.0,0.1642233775462043,0.1613494539849592,0.1590723415854317,0.1653618866933165,0.1765450228950157,0.1734479172950726
236,236.0,0.1644524397968692,0.1615274918077271,0.1564634656354961,0.1670942780766177,0.1759579997844655,0.1745043248988244
237,237.0,0.1646797915188598,0.1617166544342959,0.1539542880999747,0.1687761703413015,0.1754115247135028,0.1754615708920653
238,238.0,0.1649033302478236,0.1619139377580198,0.1515599309127812,0.1703957944765828,0.1749070076288786,0.176319998975914
239,239.0,0.1651212018957736,0.1621165568759461,0.1492928556109548,0.1719431810540491,0.1744452979028052,0.1770809066604711
240,240.0,0.1653317944543318,0.1623219520174752,0.1471630047589771,0.1734100799637071,0.1740267318966882,0.1777464369088203
241,241.0,0.1655337299068518,0.1625277916288316,0.145177954420383,0.1747898709832412,0.1736511808985932,0.1783194721620989
242,242.0,0.1655869657205232,0.1624541950891413,0.1432041861583312,0.1769108003248018,0.1731792100288101,0.1786646426783922
243,243.0,0.1656308395010942,0.1623798419789058,0.1413853094477879,0.1789275448627705,0.1727501809832055,0.1789262832262359
244,244.0,0.1656658487140692,0.1623055514862819,0.1397240239007077,0.1808303556321269,0.1723640898698177,0.1791101303969965
245,245.0,0.1655814186129668,0.1620098380322125,0.1381100721451041,0.1822782645687053,0.1729093926954475,0.1791110139455635
246,246.0,0.1653994283392968,0.1615359828655648,0.1365639512284762,0.1842386464027814,0.173305678856119,0.1789563123077616
247,247.0,0.1652132719948707,0.1610701750728994,0.1351761574579111,0.1860679227535374,0.1737275235203575,0.1787449492004239
248,248.0,0.1650252277502086,0.1606162679947446,0.1339447360565079,0.1877609114057976,0.1741681523911639,0.1784847044015773
249,249.0,0.1648373648377805,0.160177610630431,0.1328663640013647,0.1893143112428892,0.1746212807591734,0.1781830685283611
250,250.0,0.1646515437534874,0.1597570645822176,0.1319365200784069,0.1907265471479579,0.1750811273909856,0.1778471970469446
251,251.0,0.1644694185253587,0.1593570241789765,0.1311496499136454,0.1919976131551555,0.1755424219939021,0.1774838722329618
252,252.0,0.1642924408200592,0.1589794392602428,0.1304993248329083,0.1931289155941971,0.1760004068247833,0.1770994726678093
253,253.0,0.1641218656623591,0.1586258401267533,0.1299783935786004,0.1941231177975078,0.1764508330125238,0.1766999498222555
254,254.0,0.1639587585490753,0.1582973641913183,0.129579126080622,0.1949839877666276,0.1768899521595605,0.1762908112527962
255,255.0,0.1638040037468991,0.1579947838934868,0.1292933486383199,0.1957162500252845,0.1773145037784932,0.1758771099175164
256,256.0,0.1636583135727416,0.1577185354724767,0.1291125700205495,0.1963254427219381,0.1777216991059431,0.175463439106351
257,257.0,0.1635222384655423,0.157468748224816,0.1290280981310352,0.1968177808858223,0.178109201817784,0.1750539324750002
258,258.0,0.1633961776696775,0.1572452739056463,0.1290311470158467,0.1972000265885751,0.1784751061484583,0.1746522686717961
259,259.0,0.1632803903619723,0.1570477159653103,0.1291129341087033,0.1974793666192821,0.1788179128927759,0.174261680051956
260,260.0,0.1631750070666879,0.1568754583453279,0.1292647677178718,0.197663298144841,0.1791365037419294,0.173884964983342
261,261.0,0.1630800412155351,0.1567276935898637,0.1294781248556294,0.1977595227005107,0.1794301143769436,0.1735245032615175
262,262.0,0.1629954007226121,0.1566034500600203,0.1297447195977397,0.1977758487377237,0.1796983067128824,0.1731822741690219
263,263.0,0.1629208994570253,0.1565016180685343,0.1300565622363461,0.1977201028479535,0.1799409406562938,0.1728598767338472
264,264.0,0.1628562685086968,0.1564209747814846,0.1304060095554132,0.197600049682796,0.1801581457069964,0.1725585517646131
265,265.0,0.1628011671553842,0.1563602077612982,0.130785806613704,0.1974233205014416,0.1803502927037543,0.1722792052644179
266,266.0,0.162755193451119,0.1563179370514906,0.1311891204667134,0.1971973501973234,0.1805179659819941,0.1720224328513596
267,267.0,0.162717894368039,0.156292735728122,0.1316095662964394,0.1969293225857592,0.1806619361807854,0.1717885448408551
268,268.0,0.1626887754348567,0.1562831488657822,0.132041226446913,0.1966261236736091,0.1807831339060851,0.1715775916727541
269,269.0,0.1626673098259139,0.1562877108869917,0.1324786628845549,0.1962943025800531,0.1808826244279893,0.1713893893944973
270,270.0,0.1631724273843568,0.1573439223221445,0.1334364041357521,0.1937322475263753,0.1805719731720082,0.1717430254593632
271,271.0,0.1636788861503299,0.1584009911804298,0.1343853098391049,0.1911756154461376,0.1802459501791394,0.1721132472048586
272,272.0,0.1641814874154203,0.1594482610309515,0.135316774492364,0.1886494303627984,0.1799093528530005,0.1724946938454655
273,273.0,0.1646755909170656,0.1604762390759808,0.1362232275540063,0.1861759094275011,0.1795666046001797,0.1728824284252667
274,274.0,0.1651571053965936,0.1614765747156166,0.137098105652577,0.1837745214347946,0.1792217479958736,0.1732719448045448
275,275.0,0.165622474611421,0.1624420288340018,0.1379358175033976,0.1814620669703469,0.1788784424412736,0.1736591696395592
276,276.0,0.1660686593958694,0.1633664350420778,0.1387317026127349,0.1792527772259765,0.1785399658869553,0.1740404598363863
277,277.0,0.1664931163451322,0.1642446540687947,0.1394819848036438,0.1771584286271195,0.1782092201984335,0.1744125959568764
278,278.0,0.1667152022446641,0.1647153795848783,0.1400051501174867,0.1750098991166416,0.1789601683174425,0.1745942006188869
279,279.0,0.166913647626157,0.1651360822576598,0.140479392874546,0.1729948063665241,0.1797128456677534,0.17476322520736
280,280.0,0.1670888320875999,0.1655075573447414,0.1409048629029294,0.1711199576282319,0.1804595525527328,0.1749192374837647
281,281.0,0.1672413298763834,0.1658310128538224,0.1412821827752208,0.1693900769879656,0.1811934189500641,0.1750619785565438
282,282.0,0.1673718846818855,0.1661080161876121,0.1416123943083065,0.1678079664423251,0.1819083902445389,0.175191348135332
283,283.0,0.1674813852543795,0.1663404425303017,0.141896906220776,0.1663746700873044,0.1825992062334979,0.1753073896737405
284,284.0,0.1675708420114412,0.1665304253175742,0.1421374433555665,0.1650896394673916,0.1832613742876033,0.1754102755604233
285,285.0,0.1676413647670431,0.1666803090770987,0.1423359978190977,0.1639508983152751,0.1838911375197992,0.1755002925016861
286,286.0,0.1675552528048864,0.167625938207388,0.1423558934449716,0.1628163162068075,0.184207661002177,0.1754389383337694
287,287.0,0.1673429196052574,0.1681949485467295,0.143228686049584,0.1617107119475976,0.1842668812526724,0.1752558525981591
288,288.0,0.1672067729615619,0.1686251560266687,0.1449662021648589,0.1595799061329738,0.1857192610672934,0.1739027016466431
289,289.0,0.1667478067668946,0.1699740825812901,0.1470172999062832,0.1572799780588751,0.1867385580940787,0.1722422745925782
290,290.0,0.1661067887421956,0.1709123410635533,0.1488203698740873,0.1562047353358859,0.1875299655636218,0.170425799420656
291,291.0,0.1653301596475402,0.1726263776006334,0.1512373428761139,0.1550003983640618,0.1872968504204436,0.1685088710912069
292,292.0,0.1645642468808708,0.174271474021678,0.1535576588789206,0.1539419199380044,0.1870189960772481,0.1666457042032781
293,293.0,0.1638156379370554,0.1758380733740801,0.1557677804224012,0.1530252989873976,0.1867036549974688,0.1648495542815967
294,294.0,0.1630900885232468,0.1762072482600689,0.1578566257370535,0.1533566270853136,0.1863577292655621,0.163131681128755
295,295.0,0.1623925481805823,0.1764950493774257,0.159815433992614,0.1538077960459209,0.1859877366040596,0.1615014357993973
296,296.0,0.1616160802942632,0.177484513869618,0.161526509701325,0.154028976760011,0.1854886725214249,0.1598552468533576
297,297.0,0.160876342297518,0.1775622474209071,0.1630975153607843,0.1551742895784281,0.1849784348005976,0.1583111705417647
298,298.0,0.1601129560172543,0.1774404406616651,0.1642062350988098,0.15626166303435,0.1843991406185026,0.157579564569418
299,299.0,0.1593936124523188,0.1772556503059223,0.1651762718486261,0.1574014019448519,0.18382118087078,0.1569518825775008
300,300.0,0.1585425293382567,0.1760682204190839,0.1666024528822152,0.1583983009467991,0.1841430588543268,0.1562454375593181
301,301.0,0.1577421057468356,0.1748433112311499,0.1678933085542706,0.1584173893267421,0.1844680005876093,0.1566358845533924
302,302.0,0.1569952799617054,0.1735969197641092,0.1690494628442252,0.1584562572630817,0.1847924502783211,0.1571096298885574
303,303.0,0.1563041604600885,0.1723436581605428,0.1700728243473894,0.158512538120815,0.185113212633812,0.1576536062773523
304,304.0,0.1556700878086497,0.171096746050139,0.1709664387274107,0.1585839277992252,0.1854274487640493,0.1582553508505261
305,305.0,0.1550936980488856,0.1698680176046856,0.1717343445528031,0.1586682015194605,0.185732668930256,0.1589030693439093
306,306.0,0.1545749867892263,0.168667941742142,0.1723814336207756,0.1587632281401361,0.1860267225271731,0.159585687180547
307,307.0,0.1526848018636865,0.1675056539628427,0.1729133167163904,0.1588669821050012,0.1863077856757603,0.161721459676319
308,308.0,0.150864906773824,0.1663889983362564,0.1733361956059273,0.1589775531399881,0.1865743467893648,0.1638579993546396
309,309.0,0.1491264714869696,0.1653245782033774,0.1736567419210985,0.1590931538277349,0.1868251904603487,0.165973864100471
310,310.0,0.1474787343756911,0.164317814216164,0.173881983456189,0.1592121251960881,0.1870593799962644,0.1680499627596036
311,311.0,0.1457505315649722,0.1631944369713502,0.1750906268452845,0.159154369034732,0.187097667486688,0.1697123680969732
312,312.0,0.1439890170496896,0.1619991669639696,0.1759301819770301,0.1600710721661877,0.18698108565809,0.1710294761850332
313,313.0,0.1422290260343414,0.1617650350592415,0.176456939903621,0.1607583994076372,0.1867401761495473,0.1720504234456116
314,314.0,0.140766577507659,0.1617768401945196,0.1770754841948783,0.1630395579328096,0.1841683522527113,0.1731731879174224
315,315.0,0.1394258274203284,0.161849156328736,0.1776097364857085,0.1652859244566521,0.1816137093596654,0.1742156459489098
316,316.0,0.1381517308909452,0.1624493895861902,0.1784905307446487,0.1676149996695399,0.178704690967105,0.1745886581415711
317,317.0,0.1370010178135168,0.1630919835750019,0.1792894322700361,0.1698723853105072,0.1758616711575777,0.1748835098733604
318,318.0,0.135972856973622,0.1637662762821474,0.180006641319972,0.1720426764803362,0.1731064802708753,0.1751050686730472
319,319.0,0.1350652747559063,0.1644623549087218,0.1806431550515023,0.1741128797144426,0.1704578873235824,0.1752584482458448
320,320.0,0.1341736235352111,0.165389552929642,0.1812569183956004,0.1759792885791624,0.1678257266710017,0.1753748898893825
321,321.0,0.1333967257506474,0.1663188608574514,0.1817934522747651,0.1777273302981927,0.1653300692923941,0.1754335615265494
322,322.0,0.1332116442672169,0.1677215438529519,0.1813897296813136,0.1790628996304506,0.1634629906649176,0.1751511919031494
323,323.0,0.1331283559619484,0.1691035452717273,0.1809226596422881,0.1802735035059061,0.1617476113920417,0.1748243242260885
