Total_iterations,Unnamed: 0.1,Intertwine_two,Add_vertex,Delete_vertex,Invert_path_vertices,Insert_inside_vertex,Delete_inside_vertex
0,0.0,0.1666666666666666,0.1666666666666666,0.1666666666666666,0.1666666666666666,0.1666666666666666,0.1666666666666666
1,1.0,0.1666666666666666,0.1666666666666666,0.1666666666666666,0.1666666666666666,0.1666666666666666,0.1666666666666666
2,2.0,0.1666666666666666,0.1666666666666666,0.1666666666666666,0.1666666666666666,0.1666666666666666,0.1666666666666666
3,3.0,0.1666666666666666,0.1666666666666666,0.1666666666666666,0.1666666666666666,0.1666666666666666,0.1666666666666666
4,4.0,0.1666666666666666,0.1666666666666666,0.1666666666666666,0.1666666666666666,0.1666666666666666,0.1666666666666666
5,5.0,0.1666666666666666,0.1666666666666666,0.1666666666666666,0.1666666666666666,0.1666666666666666,0.1666666666666666
6,6.0,0.1666666666666666,0.1666666666666666,0.1666666666666666,0.1666666666666666,0.1666666666666666,0.1666666666666666
7,7.0,0.1666666666666666,0.1666666666666666,0.1666666666666666,0.1666666666666666,0.1666666666666666,0.1666666666666666
8,8.0,0.1666666666666666,0.1666666666666666,0.1666666666666666,0.1666666666666666,0.1666666666666666,0.1666666666666666
9,9.0,0.1666666666666666,0.1666666666666666,0.1666666666666666,0.1666666666666666,0.1666666666666666,0.1666666666666666
10,10.0,0.1666666666666666,0.1666666666666666,0.1666666666666666,0.1666666666666666,0.1666666666666666,0.1666666666666666
11,11.0,0.1666666666666666,0.1666666666666666,0.1666666666666666,0.1666666666666666,0.1666666666666666,0.1666666666666666
12,12.0,0.1666666666666666,0.1666666666666666,0.1666666666666666,0.1666666666666666,0.1666666666666666,0.1666666666666666
13,13.0,0.1666666666666666,0.1666666666666666,0.1666666666666666,0.1666666666666666,0.1666666666666666,0.1666666666666666
14,14.0,0.1666666666666666,0.1666666666666666,0.1666666666666666,0.1666666666666666,0.1666666666666666,0.1666666666666666
15,15.0,0.1666666666666666,0.1666666666666666,0.1666666666666666,0.1666666666666666,0.1666666666666666,0.1666666666666666
16,16.0,0.1666666666666666,0.1666666666666666,0.1666666666666666,0.1666666666666666,0.1666666666666666,0.1666666666666666
17,17.0,0.1666666666666666,0.1666666666666666,0.1666666666666666,0.1666666666666666,0.1666666666666666,0.1666666666666666
18,18.0,0.1666666666666666,0.1666666666666666,0.1666666666666666,0.1666666666666666,0.1666666666666666,0.1666666666666666
19,19.0,0.1666666666666666,0.1666666666666666,0.1666666666666666,0.1666666666666666,0.1666666666666666,0.1666666666666666
20,20.0,0.1666666666666666,0.1666666666666666,0.1666666666666666,0.1666666666666666,0.1666666666666666,0.1666666666666666
21,21.0,0.1666666666666666,0.1666666666666666,0.1666666666666666,0.1666666666666666,0.1666666666666666,0.1666666666666666
22,22.0,0.1666666666666666,0.1666666666666666,0.1666666666666666,0.1666666666666666,0.1666666666666666,0.1666666666666666
23,23.0,0.1666666666666666,0.1666666666666666,0.1666666666666666,0.1666666666666666,0.1666666666666666,0.1666666666666666
24,24.0,0.1666666666666666,0.1666666666666666,0.1666666666666666,0.1666666666666666,0.1666666666666666,0.1666666666666666
25,25.0,0.1666666666666666,0.1666666666666666,0.1666666666666666,0.1666666666666666,0.1666666666666666,0.1666666666666666
26,26.0,0.1666666666666666,0.1666666666666666,0.1666666666666666,0.1666666666666666,0.1666666666666666,0.1666666666666666
27,27.0,0.1666666666666666,0.1666666666666666,0.1666666666666666,0.1666666666666666,0.1666666666666666,0.1666666666666666
28,28.0,0.1666666666666666,0.1666666666666666,0.1666666666666666,0.1666666666666666,0.1666666666666666,0.1666666666666666
29,29.0,0.1666666666666666,0.1666666666666666,0.1666666666666666,0.1666666666666666,0.1666666666666666,0.1666666666666666
30,30.0,0.1666666666666666,0.1666666666666666,0.1666666666666666,0.1666666666666666,0.1666666666666666,0.1666666666666666
31,31.0,0.1666666666666666,0.1666666666666666,0.1666666666666666,0.1666666666666666,0.1666666666666666,0.1666666666666666
32,32.0,0.1666666666666666,0.1666666666666666,0.1666666666666666,0.1666666666666666,0.1666666666666666,0.1666666666666666
33,33.0,0.1666666666666666,0.1666666666666666,0.1666666666666666,0.1666666666666666,0.1666666666666666,0.1666666666666666
34,34.0,0.1666666666666666,0.1666666666666666,0.1666666666666666,0.1666666666666666,0.1666666666666666,0.1666666666666666
35,35.0,0.1666666666666666,0.1666666666666666,0.1666666666666666,0.1666666666666666,0.1666666666666666,0.1666666666666666
36,36.0,0.1666666666666666,0.1666666666666666,0.1666666666666666,0.1666666666666666,0.1666666666666666,0.1666666666666666
37,37.0,0.1666666666666666,0.1666666666666666,0.1666666666666666,0.1666666666666666,0.1666666666666666,0.1666666666666666
38,38.0,0.1666666666666666,0.1666666666666666,0.1666666666666666,0.1666666666666666,0.1666666666666666,0.1666666666666666
39,39.0,0.1666666666666666,0.1666666666666666,0.1666666666666666,0.1666666666666666,0.1666666666666666,0.1666666666666666
40,40.0,0.1666666666666666,0.1666666666666666,0.1666666666666666,0.1666666666666666,0.1666666666666666,0.1666666666666666
41,41.0,0.1666666666666666,0.1666666666666666,0.1666666666666666,0.1666666666666666,0.1666666666666666,0.1666666666666666
42,42.0,0.1666666666666666,0.1666666666666666,0.1666666666666666,0.1666666666666666,0.1666666666666666,0.1666666666666666
43,43.0,0.1666666666666666,0.1666666666666666,0.1666666666666666,0.1666666666666666,0.1666666666666666,0.1666666666666666
44,44.0,0.1666666666666666,0.1666666666666666,0.1666666666666666,0.1666666666666666,0.1666666666666666,0.1666666666666666
45,45.0,0.1666666666666666,0.1666666666666666,0.1666666666666666,0.1666666666666666,0.1666666666666666,0.1666666666666666
46,46.0,0.1666666666666666,0.1666666666666666,0.1666666666666666,0.1666666666666666,0.1666666666666666,0.1666666666666666
47,47.0,0.1666666666666666,0.1666666666666666,0.1666666666666666,0.1666666666666666,0.1666666666666666,0.1666666666666666
48,48.0,0.1666666666666666,0.1666666666666666,0.1666666666666666,0.1666666666666666,0.1666666666666666,0.1666666666666666
49,49.0,0.1666666666666666,0.1666666666666666,0.1666666666666666,0.1666666666666666,0.1666666666666666,0.1666666666666666
50,50.0,0.1666666666666666,0.1666666666666666,0.1666666666666666,0.1666666666666666,0.1666666666666666,0.1666666666666666
51,51.0,0.1666666666666666,0.1666666666666666,0.1666666666666666,0.1666666666666666,0.1666666666666666,0.1666666666666666
52,52.0,0.1666666666666666,0.1666666666666666,0.1666666666666666,0.1666666666666666,0.1666666666666666,0.1666666666666666
53,53.0,0.1666666666666666,0.1666666666666666,0.1666666666666666,0.1666666666666666,0.1666666666666666,0.1666666666666666
54,54.0,0.1666666666666666,0.1666666666666666,0.1666666666666666,0.1666666666666666,0.1666666666666666,0.1666666666666666
55,55.0,0.1666666666666666,0.1666666666666666,0.1666666666666666,0.1666666666666666,0.1666666666666666,0.1666666666666666
56,56.0,0.1666666666666666,0.1666666666666666,0.1666666666666666,0.1666666666666666,0.1666666666666666,0.1666666666666666
57,57.0,0.1666666666666666,0.1666666666666666,0.1666666666666666,0.1666666666666666,0.1666666666666666,0.1666666666666666
58,58.0,0.1666666666666666,0.1666666666666666,0.1666666666666666,0.1666666666666666,0.1666666666666666,0.1666666666666666
59,59.0,0.1666666666666666,0.1666666666666666,0.1666666666666666,0.1666666666666666,0.1666666666666666,0.1666666666666666
60,60.0,0.1666666666666666,0.1666666666666666,0.1666666666666666,0.1666666666666666,0.1666666666666666,0.1666666666666666
61,61.0,0.1666666666666666,0.1666666666666666,0.1666666666666666,0.1666666666666666,0.1666666666666666,0.1666666666666666
62,62.0,0.1666666666666666,0.1666666666666666,0.1666666666666666,0.1666666666666666,0.1666666666666666,0.1666666666666666
63,63.0,0.1666666666666666,0.1666666666666666,0.1666666666666666,0.1666666666666666,0.1666666666666666,0.1666666666666666
64,64.0,0.1666666666666666,0.1666666666666666,0.1666666666666666,0.1666666666666666,0.1666666666666666,0.1666666666666666
65,65.0,0.1666666666666666,0.1666666666666666,0.1666666666666666,0.1666666666666666,0.1666666666666666,0.1666666666666666
66,66.0,0.1666666666666666,0.1666666666666666,0.1666666666666666,0.1666666666666666,0.1666666666666666,0.1666666666666666
67,67.0,0.1666666666666666,0.1666666666666666,0.1666666666666666,0.1666666666666666,0.1666666666666666,0.1666666666666666
68,68.0,0.1666666666666666,0.1666666666666666,0.1666666666666666,0.1666666666666666,0.1666666666666666,0.1666666666666666
69,69.0,0.1666666666666666,0.1666666666666666,0.1666666666666666,0.1666666666666666,0.1666666666666666,0.1666666666666666
70,70.0,0.1666666666666666,0.1666666666666666,0.1666666666666666,0.1666666666666666,0.1666666666666666,0.1666666666666666
71,71.0,0.1666666666666666,0.1666666666666666,0.1666666666666666,0.1666666666666666,0.1666666666666666,0.1666666666666666
72,72.0,0.1666666666666666,0.1666666666666666,0.1666666666666666,0.1666666666666666,0.1666666666666666,0.1666666666666666
73,73.0,0.1666666666666666,0.1666666666666666,0.1666666666666666,0.1666666666666666,0.1666666666666666,0.1666666666666666
74,74.0,0.1666666666666666,0.1666666666666666,0.1666666666666666,0.1666666666666666,0.1666666666666666,0.1666666666666666
75,75.0,0.1666666666666666,0.1666666666666666,0.1666666666666666,0.1666666666666666,0.1666666666666666,0.1666666666666666
76,76.0,0.1666666666666666,0.1666666666666666,0.1666666666666666,0.1666666666666666,0.1666666666666666,0.1666666666666666
77,77.0,0.1666666666666666,0.1666666666666666,0.1666666666666666,0.1666666666666666,0.1666666666666666,0.1666666666666666
78,78.0,0.1666666666666666,0.1666666666666666,0.1666666666666666,0.1666666666666666,0.1666666666666666,0.1666666666666666
79,79.0,0.1666666666666666,0.1666666666666666,0.1666666666666666,0.1666666666666666,0.1666666666666666,0.1666666666666666
80,80.0,0.1666666666666666,0.1666666666666666,0.1666666666666666,0.1666666666666666,0.1666666666666666,0.1666666666666666
81,81.0,0.1666666666666666,0.1666666666666666,0.1666666666666666,0.1666666666666666,0.1666666666666666,0.1666666666666666
82,82.0,0.1666666666666666,0.1666666666666666,0.1666666666666666,0.1666666666666666,0.1666666666666666,0.1666666666666666
83,83.0,0.1666666666666666,0.1666666666666666,0.1666666666666666,0.1666666666666666,0.1666666666666666,0.1666666666666666
84,84.0,0.1666666666666666,0.1666666666666666,0.1666666666666666,0.1666666666666666,0.1666666666666666,0.1666666666666666
85,85.0,0.1666666666666666,0.1666666666666666,0.1666666666666666,0.1666666666666666,0.1666666666666666,0.1666666666666666
86,86.0,0.1666666666666666,0.1666666666666666,0.1666666666666666,0.1666666666666666,0.1666666666666666,0.1666666666666666
87,87.0,0.1666666666666666,0.1666666666666666,0.1666666666666666,0.1666666666666666,0.1666666666666666,0.1666666666666666
88,88.0,0.1666666666666666,0.1666666666666666,0.1666666666666666,0.1666666666666666,0.1666666666666666,0.1666666666666666
89,89.0,0.1666666666666666,0.1666666666666666,0.1666666666666666,0.1666666666666666,0.1666666666666666,0.1666666666666666
90,90.0,0.1666666666666666,0.1666666666666666,0.1666666666666666,0.1666666666666666,0.1666666666666666,0.1666666666666666
91,91.0,0.1666666666666666,0.1666666666666666,0.1666666666666666,0.1666666666666666,0.1666666666666666,0.1666666666666666
92,92.0,0.1666666666666666,0.1666666666666666,0.1666666666666666,0.1666666666666666,0.1666666666666666,0.1666666666666666
93,93.0,0.1666666666666666,0.1666666666666666,0.1666666666666666,0.1666666666666666,0.1666666666666666,0.1666666666666666
94,94.0,0.1666666666666666,0.1666666666666666,0.1666666666666666,0.1666666666666666,0.1666666666666666,0.1666666666666666
95,95.0,0.1666666666666666,0.1666666666666666,0.1666666666666666,0.1666666666666666,0.1666666666666666,0.1666666666666666
96,96.0,0.1666666666666666,0.1666666666666666,0.1666666666666666,0.1666666666666666,0.1666666666666666,0.1666666666666666
97,97.0,0.1666666666666666,0.1666666666666666,0.1666666666666666,0.1666666666666666,0.1666666666666666,0.1666666666666666
98,98.0,0.1666666666666666,0.1666666666666666,0.1666666666666666,0.1666666666666666,0.1666666666666666,0.1666666666666666
99,99.0,0.1666666666666666,0.1666666666666666,0.1666666666666666,0.1666666666666666,0.1666666666666666,0.1666666666666666
100,100.0,0.1666666666666666,0.1666666666666666,0.1666666666666666,0.1666666666666666,0.1666666666666666,0.1666666666666666
101,101.0,0.1666666666666666,0.1666666666666666,0.1666666666666666,0.1666666666666666,0.1666666666666666,0.1666666666666666
102,102.0,0.1666666666666666,0.1666666666666666,0.1666666666666666,0.1666666666666666,0.1666666666666666,0.1666666666666666
103,103.0,0.1666666666666666,0.1666666666666666,0.1666666666666666,0.1666666666666666,0.1666666666666666,0.1666666666666666
104,104.0,0.1666666666666666,0.1666666666666666,0.1666666666666666,0.1666666666666666,0.1666666666666666,0.1666666666666666
105,105.0,0.1666666666666666,0.1666666666666666,0.1666666666666666,0.1666666666666666,0.1666666666666666,0.1666666666666666
106,106.0,0.1666666666666666,0.1666666666666666,0.1666666666666666,0.1666666666666666,0.1666666666666666,0.1666666666666666
107,107.0,0.1666666666666666,0.1666666666666666,0.1666666666666666,0.1666666666666666,0.1666666666666666,0.1666666666666666
108,108.0,0.1666666666666666,0.1666666666666666,0.1666666666666666,0.1666666666666666,0.1666666666666666,0.1666666666666666
109,109.0,0.1666666666666666,0.1666666666666666,0.1666666666666666,0.1666666666666666,0.1666666666666666,0.1666666666666666
110,110.0,0.1666666666666666,0.1666666666666666,0.1666666666666666,0.1666666666666666,0.1666666666666666,0.1666666666666666
111,111.0,0.1666666666666666,0.1666666666666666,0.1666666666666666,0.1666666666666666,0.1666666666666666,0.1666666666666666
112,112.0,0.1666666666666666,0.1666666666666666,0.1666666666666666,0.1666666666666666,0.1666666666666666,0.1666666666666666
113,113.0,0.1666666666666666,0.1666666666666666,0.1666666666666666,0.1666666666666666,0.1666666666666666,0.1666666666666666
114,114.0,0.1666666666666666,0.1666666666666666,0.1666666666666666,0.1666666666666666,0.1666666666666666,0.1666666666666666
115,115.0,0.1666666666666666,0.1666666666666666,0.1666666666666666,0.1666666666666666,0.1666666666666666,0.1666666666666666
116,116.0,0.1666666666666666,0.1666666666666666,0.1666666666666666,0.1666666666666666,0.1666666666666666,0.1666666666666666
117,117.0,0.1666666666666666,0.1666666666666666,0.1666666666666666,0.1666666666666666,0.1666666666666666,0.1666666666666666
118,118.0,0.1666666666666666,0.1666666666666666,0.1666666666666666,0.1666666666666666,0.1666666666666666,0.1666666666666666
119,119.0,0.1666666666666666,0.1666666666666666,0.1666666666666666,0.1666666666666666,0.1666666666666666,0.1666666666666666
120,120.0,0.1666666666666666,0.1666666666666666,0.1666666666666666,0.1666666666666666,0.1666666666666666,0.1666666666666666
121,121.0,0.1666666666666666,0.1666666666666666,0.1666666666666666,0.1666666666666666,0.1666666666666666,0.1666666666666666
122,122.0,0.1666666666666666,0.1666666666666666,0.1666666666666666,0.1666666666666666,0.1666666666666666,0.1666666666666666
123,123.0,0.1666666666666666,0.1666666666666666,0.1666666666666666,0.1666666666666666,0.1666666666666666,0.1666666666666666
124,124.0,0.1666666666666666,0.1666666666666666,0.1666666666666666,0.1666666666666666,0.1666666666666666,0.1666666666666666
125,125.0,0.1666666666666666,0.1666666666666666,0.1666666666666666,0.1666666666666666,0.1666666666666666,0.1666666666666666
126,126.0,0.1666666666666666,0.1666666666666666,0.1666666666666666,0.1666666666666666,0.1666666666666666,0.1666666666666666
127,127.0,0.1666666666666666,0.1666666666666666,0.1666666666666666,0.1666666666666666,0.1666666666666666,0.1666666666666666
128,128.0,0.1666666666666666,0.1666666666666666,0.1666666666666666,0.1666666666666666,0.1666666666666666,0.1666666666666666
129,129.0,0.1666666666666666,0.1666666666666666,0.1666666666666666,0.1666666666666666,0.1666666666666666,0.1666666666666666
130,130.0,0.1666666666666666,0.1666666666666666,0.1666666666666666,0.1666666666666666,0.1666666666666666,0.1666666666666666
131,131.0,0.1666666666666666,0.1666666666666666,0.1666666666666666,0.1666666666666666,0.1666666666666666,0.1666666666666666
132,132.0,0.1666666666666666,0.1666666666666666,0.1666666666666666,0.1666666666666666,0.1666666666666666,0.1666666666666666
133,133.0,0.1666666666666666,0.1666666666666666,0.1666666666666666,0.1666666666666666,0.1666666666666666,0.1666666666666666
134,134.0,0.1666666666666666,0.1666666666666666,0.1666666666666666,0.1666666666666666,0.1666666666666666,0.1666666666666666
135,135.0,0.1666666666666666,0.1666666666666666,0.1666666666666666,0.1666666666666666,0.1666666666666666,0.1666666666666666
136,136.0,0.1666666666666666,0.1666666666666666,0.1666666666666666,0.1666666666666666,0.1666666666666666,0.1666666666666666
137,137.0,0.1666666666666666,0.1666666666666666,0.1666666666666666,0.1666666666666666,0.1666666666666666,0.1666666666666666
138,138.0,0.1666666666666666,0.1666666666666666,0.1666666666666666,0.1666666666666666,0.1666666666666666,0.1666666666666666
139,139.0,0.1666666666666666,0.1666666666666666,0.1666666666666666,0.1666666666666666,0.1666666666666666,0.1666666666666666
140,140.0,0.1666666666666666,0.1666666666666666,0.1666666666666666,0.1666666666666666,0.1666666666666666,0.1666666666666666
141,141.0,0.1666666666666666,0.1666666666666666,0.1666666666666666,0.1666666666666666,0.1666666666666666,0.1666666666666666
142,142.0,0.1666666666666666,0.1666666666666666,0.1666666666666666,0.1666666666666666,0.1666666666666666,0.1666666666666666
143,143.0,0.1666666666666666,0.1666666666666666,0.1666666666666666,0.1666666666666666,0.1666666666666666,0.1666666666666666
144,144.0,0.1666666666666666,0.1666666666666666,0.1666666666666666,0.1666666666666666,0.1666666666666666,0.1666666666666666
145,145.0,0.1666666666666666,0.1666666666666666,0.1666666666666666,0.1666666666666666,0.1666666666666666,0.1666666666666666
146,146.0,0.1666666666666666,0.1666666666666666,0.1666666666666666,0.1666666666666666,0.1666666666666666,0.1666666666666666
147,147.0,0.1666666666666666,0.1666666666666666,0.1666666666666666,0.1666666666666666,0.1666666666666666,0.1666666666666666
148,148.0,0.1666666666666666,0.1666666666666666,0.1666666666666666,0.1666666666666666,0.1666666666666666,0.1666666666666666
149,149.0,0.1666666666666666,0.1666666666666666,0.1666666666666666,0.1666666666666666,0.1666666666666666,0.1666666666666666
150,150.0,0.1666666666666666,0.1666666666666666,0.1666666666666666,0.1666666666666666,0.1666666666666666,0.1666666666666666
151,151.0,0.1666666666666666,0.1666666666666666,0.1666666666666666,0.1666666666666666,0.1666666666666666,0.1666666666666666
152,152.0,0.1666666666666666,0.1666666666666666,0.1666666666666666,0.1666666666666666,0.1666666666666666,0.1666666666666666
153,153.0,0.1666666666666666,0.1666666666666666,0.1666666666666666,0.1666666666666666,0.1666666666666666,0.1666666666666666
154,154.0,0.1666666666666666,0.1666666666666666,0.1666666666666666,0.1666666666666666,0.1666666666666666,0.1666666666666666
155,155.0,0.1666666666666666,0.1666666666666666,0.1666666666666666,0.1666666666666666,0.1666666666666666,0.1666666666666666
156,156.0,0.1666666666666666,0.1666666666666666,0.1666666666666666,0.1666666666666666,0.1666666666666666,0.1666666666666666
157,157.0,0.1666666666666666,0.1666666666666666,0.1666666666666666,0.1666666666666666,0.1666666666666666,0.1666666666666666
158,158.0,0.1666666666666666,0.1666666666666666,0.1666666666666666,0.1666666666666666,0.1666666666666666,0.1666666666666666
159,159.0,0.1666666666666666,0.1666666666666666,0.1666666666666666,0.1666666666666666,0.1666666666666666,0.1666666666666666
160,160.0,0.1666666666666666,0.1666666666666666,0.1666666666666666,0.1666666666666666,0.1666666666666666,0.1666666666666666
161,161.0,0.1666666666666666,0.1666666666666666,0.1666666666666666,0.1666666666666666,0.1666666666666666,0.1666666666666666
162,162.0,0.1666666666666666,0.1666666666666666,0.1666666666666666,0.1666666666666666,0.1666666666666666,0.1666666666666666
163,163.0,0.1666666666666666,0.1666666666666666,0.1666666666666666,0.1666666666666666,0.1666666666666666,0.1666666666666666
164,164.0,0.1666666666666666,0.1666666666666666,0.1666666666666666,0.1666666666666666,0.1666666666666666,0.1666666666666666
165,165.0,0.1666666666666666,0.1666666666666666,0.1666666666666666,0.1666666666666666,0.1666666666666666,0.1666666666666666
166,166.0,0.1666666666666666,0.1666666666666666,0.1666666666666666,0.1666666666666666,0.1666666666666666,0.1666666666666666
167,167.0,0.1666666666666666,0.1666666666666666,0.1666666666666666,0.1666666666666666,0.1666666666666666,0.1666666666666666
168,168.0,0.1666666666666666,0.1666666666666666,0.1666666666666666,0.1666666666666666,0.1666666666666666,0.1666666666666666
169,169.0,0.1666666666666666,0.1666666666666666,0.1666666666666666,0.1666666666666666,0.1666666666666666,0.1666666666666666
170,170.0,0.1666666666666666,0.1666666666666666,0.1666666666666666,0.1666666666666666,0.1666666666666666,0.1666666666666666
171,171.0,0.1666666666666666,0.1666666666666666,0.1666666666666666,0.1666666666666666,0.1666666666666666,0.1666666666666666
172,172.0,0.1666666666666666,0.1666666666666666,0.1666666666666666,0.1666666666666666,0.1666666666666666,0.1666666666666666
173,173.0,0.1666666666666666,0.1666666666666666,0.1666666666666666,0.1666666666666666,0.1666666666666666,0.1666666666666666
174,174.0,0.1666666666666666,0.1666666666666666,0.1666666666666666,0.1666666666666666,0.1666666666666666,0.1666666666666666
175,175.0,0.1666666666666666,0.1666666666666666,0.1666666666666666,0.1666666666666666,0.1666666666666666,0.1666666666666666
176,176.0,0.1666666666666666,0.1666666666666666,0.1666666666666666,0.1666666666666666,0.1666666666666666,0.1666666666666666
177,177.0,0.1666666666666666,0.1666666666666666,0.1666666666666666,0.1666666666666666,0.1666666666666666,0.1666666666666666
178,178.0,0.1666666666666666,0.1666666666666666,0.1666666666666666,0.1666666666666666,0.1666666666666666,0.1666666666666666
179,179.0,0.1666666666666666,0.1666666666666666,0.1666666666666666,0.1666666666666666,0.1666666666666666,0.1666666666666666
180,180.0,0.1666666666666666,0.1666666666666666,0.1666666666666666,0.1666666666666666,0.1666666666666666,0.1666666666666666
181,181.0,0.1666666666666666,0.1666666666666666,0.1666666666666666,0.1666666666666666,0.1666666666666666,0.1666666666666666
182,182.0,0.1666666666666666,0.1666666666666666,0.1666666666666666,0.1666666666666666,0.1666666666666666,0.1666666666666666
183,183.0,0.1666666666666666,0.1666666666666666,0.1666666666666666,0.1666666666666666,0.1666666666666666,0.1666666666666666
184,184.0,0.1666666666666666,0.1666666666666666,0.1666666666666666,0.1666666666666666,0.1666666666666666,0.1666666666666666
185,185.0,0.1666666666666666,0.1666666666666666,0.1666666666666666,0.1666666666666666,0.1666666666666666,0.1666666666666666
186,186.0,0.1666666666666666,0.1666666666666666,0.1666666666666666,0.1666666666666666,0.1666666666666666,0.1666666666666666
187,187.0,0.1666666666666666,0.1666666666666666,0.1666666666666666,0.1666666666666666,0.1666666666666666,0.1666666666666666
188,188.0,0.1666666666666666,0.1666666666666666,0.1666666666666666,0.1666666666666666,0.1666666666666666,0.1666666666666666
189,189.0,0.1666666666666666,0.1666666666666666,0.1666666666666666,0.1666666666666666,0.1666666666666666,0.1666666666666666
190,190.0,0.1666666666666666,0.1666666666666666,0.1666666666666666,0.1666666666666666,0.1666666666666666,0.1666666666666666
191,191.0,0.1666666666666666,0.1666666666666666,0.1666666666666666,0.1666666666666666,0.1666666666666666,0.1666666666666666
192,192.0,0.1666666666666666,0.1666666666666666,0.1666666666666666,0.1666666666666666,0.1666666666666666,0.1666666666666666
193,193.0,0.1666666666666666,0.1666666666666666,0.1666666666666666,0.1666666666666666,0.1666666666666666,0.1666666666666666
194,194.0,0.1666666666666666,0.1666666666666666,0.1666666666666666,0.1666666666666666,0.1666666666666666,0.1666666666666666
195,195.0,0.1666666666666666,0.1666666666666666,0.1666666666666666,0.1666666666666666,0.1666666666666666,0.1666666666666666
196,196.0,0.1666666666666666,0.1666666666666666,0.1666666666666666,0.1666666666666666,0.1666666666666666,0.1666666666666666
197,197.0,0.1666666666666666,0.1666666666666666,0.1666666666666666,0.1666666666666666,0.1666666666666666,0.1666666666666666
198,198.0,0.1666666666666666,0.1666666666666666,0.1666666666666666,0.1666666666666666,0.1666666666666666,0.1666666666666666
199,199.0,0.1666666666666666,0.1666666666666666,0.1666666666666666,0.1666666666666666,0.1666666666666666,0.1666666666666666
200,200.0,0.1666666666666666,0.1666666666666666,0.1666666666666666,0.1666666666666666,0.1666666666666666,0.1666666666666666
201,201.0,0.1666666666666666,0.1666666666666666,0.1666666666666666,0.1666666666666666,0.1666666666666666,0.1666666666666666
202,202.0,0.1664285714285714,0.1664285714285714,0.1678571428571428,0.1664285714285714,0.1664285714285714,0.1664285714285714
203,203.0,0.1661928571428572,0.1661928571428572,0.1690357142857143,0.1661928571428572,0.1661928571428572,0.1661928571428572
204,204.0,0.1659616428571429,0.1659616428571429,0.1701917857142857,0.1659616428571429,0.1659616428571429,0.1659616428571429
205,205.0,0.1654986954761905,0.1654986954761905,0.1725065226190477,0.1654986954761905,0.1654986954761905,0.1654986954761905
206,206.0,0.1650461034976191,0.1650461034976191,0.1747694825119048,0.1650461034976191,0.1650461034976191,0.1650461034976191
207,207.0,0.1646073573009763,0.1646073573009763,0.1769632134951191,0.1646073573009763,0.1646073573009763,0.1646073573009763
208,208.0,0.1641854597700356,0.1641854597700356,0.1790727011498227,0.1641854597700356,0.1641854597700356,0.1641854597700356
209,209.0,0.1637829450135362,0.1637829450135362,0.1810852749323196,0.1637829450135362,0.1637829450135362,0.1637829450135362
210,210.0,0.163401899901599,0.163401899901599,0.1829905004920055,0.163401899901599,0.163401899901599,0.163401899901599
211,211.0,0.162805892682792,0.162805892682792,0.1845419651574694,0.162805892682792,0.162805892682792,0.1642344641113634
212,212.0,0.1620580939257043,0.1620580939257043,0.1857952446571932,0.1620580939257043,0.1620580939257043,0.1659723796399901
213,213.0,0.1613642764911411,0.1611492227277003,0.1867356866687189,0.1624753876022522,0.1612567496094207,0.1670186769007674
214,214.0,0.1605272477023016,0.1615278621416256,0.1870228433318108,0.1627383588134126,0.1603132692076779,0.167870418803172
215,215.0,0.1595518418396445,0.1615793318550054,0.1870227430432529,0.1628419529507555,0.1604834439901821,0.1685206863211601
216,216.0,0.1586223649548925,0.1616572627121889,0.18692482678681,0.1629617860660036,0.1606899209763979,0.1691438385037077
217,217.0,0.157673803688097,0.1617936777127691,0.1866654136344901,0.1631352108090982,0.1609648168268068,0.1697670773287391
218,218.0,0.1567802957980355,0.1619494607121099,0.1863302449260146,0.1633189763788279,0.161264510210842,0.1703565119741705
219,219.0,0.1562627313433953,0.1624385773978021,0.1852861697600056,0.1639665602431809,0.1619009847587609,0.1701449764968556
220,220.0,0.1558029773394666,0.1629370889486394,0.1841941898635469,0.1646143904483372,0.1625484833229816,0.1699028700770288
221,221.0,0.1552609613923284,0.1644112929848211,0.1829311266197592,0.164978186280387,0.1630605396273428,0.1693578930953619
222,222.0,0.1547753298557733,0.1658738782174509,0.1816517189958132,0.1653327132183205,0.1635705773347869,0.1687957823778555
223,223.0,0.1542341894929972,0.1680891584523356,0.1802592843948531,0.1654531306599478,0.1639625868168201,0.1680016501830466
224,224.0,0.153657593499341,0.1699869841141734,0.1787881407696809,0.165379827198665,0.1651626326193449,0.1670248217987952
225,225.0,0.1531366715796475,0.1718255769491053,0.1773426886407876,0.1652965443230123,0.1663415470159232,0.1660569714915244
226,226.0,0.1525953079699596,0.1741985349175332,0.1758590558040767,0.1650535976516682,0.1673381388516689,0.1649553648050938
227,227.0,0.1518710470554603,0.1762451421428733,0.1741859832387837,0.165996222857755,0.168058942862576,0.1636426618425519
228,228.0,0.1512037068900615,0.1781918533414668,0.1725734313577054,0.1669250079300401,0.1687386155053051,0.1623673849754212
229,229.0,0.1506700263762647,0.1794231303979418,0.1711072311869887,0.1670744732736052,0.1704350792508528,0.1612900595143468
230,230.0,0.1501937945358658,0.1805436585014,0.1697192277391229,0.1672028743897048,0.1720751448969363,0.1602652999369704
231,231.0,0.149774028819929,0.1815533072661083,0.1684154813763014,0.1673110336899244,0.1736480515970411,0.1592980972506959
232,232.0,0.1494092802731675,0.1824530681382948,0.167200603853648,0.1673998937628499,0.175144786178764,0.1583923677932757
233,233.0,0.1490976946641313,0.1832449322984898,0.1660778570623726,0.1674704959304813,0.1765579985081262,0.1575510215363988
234,234.0,0.1488370715551383,0.1839317707762904,0.1650492553972499,0.1675239599616719,0.1778819086870699,0.1567760336225795
235,235.0,0.1489654446011312,0.1845972611685349,0.1640722569855694,0.1674217282233502,0.1787119907619639,0.1562313182594505
236,236.0,0.14913615914968,0.1851648443078173,0.1617619720966041,0.1687347271641853,0.1794495220826595,0.1557527751990537
237,237.0,0.1493432739050437,0.185638635088041,0.1595605465126865,0.1700225894411389,0.1800963824113697,0.1553385726417201
238,238.0,0.1497323122668885,0.1860448797755813,0.1573741702875461,0.1712965550361011,0.1805471455526478,0.1550049370812352
239,239.0,0.1501450803798366,0.1863668260883866,0.155317646692001,0.1725258295168772,0.1809141358160465,0.1547304815068521
240,240.0,0.1505472998098704,0.1865880794625308,0.1533800371805285,0.1736809843118062,0.1813100852780779,0.1544935139571861
241,241.0,0.1509610032309811,0.186735941102583,0.1515854931065029,0.1747773242859681,0.181630916302036,0.1543093219719288
242,242.0,0.1513809052098498,0.1868162715655519,0.1499376533669197,0.175809767521698,0.1818809324214886,0.1541744699144919
243,243.0,0.1518021868709121,0.1868350206645161,0.1484383259257304,0.1767743792604817,0.1820647149656918,0.1540853723126677
244,244.0,0.152220497429338,0.1867981590448865,0.1470876528275077,0.1776682965346261,0.1821870494667284,0.1540383446969133
245,245.0,0.1526319508898069,0.1867116163947187,0.145884275368937,0.1784896496178536,0.1822528573839048,0.154029650344779
246,246.0,0.1527950231894145,0.186343131005473,0.146015973951115,0.1789993861603284,0.1820290380583399,0.1538174476353291
247,247.0,0.1529472074355365,0.1859388677192353,0.1462764954127166,0.1794378561649868,0.1817610781218493,0.1536384951456754
248,248.0,0.1528499753529652,0.185268351720472,0.146412257013088,0.1795697063474685,0.1812179759967953,0.1546817335692109
249,249.0,0.1527435266096813,0.184579199154709,0.145220091408063,0.1796385659024522,0.1806469626375703,0.1571716542875241
250,250.0,0.1524512759306174,0.1837015937757325,0.1452018558313742,0.1794714738685663,0.1798779678726123,0.1592958327210972
251,251.0,0.1523340117304279,0.1817524426329393,0.1468831967788121,0.1794329820393225,0.1780277655044299,0.1615696013140683
252,252.0,0.1522146937175129,0.1798226775284247,0.1486309146170611,0.1793499010268346,0.1761872640313131,0.1637945490788537
253,253.0,0.1520947204532742,0.177929657509406,0.1504208944786575,0.1792275205595519,0.1743738983784865,0.165953308620624
254,254.0,0.1517967857669151,0.1759100668389523,0.1531238675055077,0.1788924229590553,0.1724245171918779,0.1678523397376917
255,255.0,0.152573808004654,0.1737789013460547,0.1568893617936751,0.1783513737718141,0.1703543586938745,0.1680521963899277
256,256.0,0.1533462355374182,0.1717293444536006,0.1606091845598606,0.1777910929340893,0.16835691648631,0.1681672260287215
257,257.0,0.1539679146714884,0.1696348419815814,0.1649451491730448,0.1770802175304178,0.1663060044733273,0.1680658721701404
258,258.0,0.1544615923442823,0.1675347224015628,0.1687228373579518,0.1772548046603197,0.164241367644487,0.1677846755913966
259,259.0,0.1547053339454016,0.1653207506403468,0.173600198865459,0.1771038551284317,0.1620552268698653,0.1672146345504959
260,260.0,0.1549285138478208,0.1632332698154835,0.1783025836573223,0.1769500684598879,0.1599884121336046,0.1665971520858811
261,261.0,0.1539837702751995,0.1613833194944002,0.1840288205355425,0.1768223225120957,0.1581524728320454,0.165629294350717
262,262.0,0.1530298105432355,0.1596731136623971,0.1895137424421821,0.1766949400231072,0.1564501483472006,0.1646382449818776
263,263.0,0.1520770958651827,0.1581057799288864,0.1955599649886663,0.1757358251385986,0.1548851004422472,0.163636233636419
264,264.0,0.1511350288824306,0.1566827044213539,0.2013008958855456,0.1747877422469669,0.1534592519382456,0.1626343766254575
265,265.0,0.1502119654952766,0.1554036920722771,0.2067096549888117,0.1738590689778409,0.1521729413801407,0.1616426770856532
266,266.0,0.1493152359780324,0.1542671266893012,0.2117653718867934,0.1729571511016611,0.1510250780789238,0.1606700362652883
267,267.0,0.14897065475836,0.153399999359516,0.2169722741505197,0.1726078127773752,0.148714594643217,0.1593346643110121
268,268.0,0.148480348922595,0.1523100115768743,0.2216170703246752,0.172113185536933,0.1476211176610861,0.1578582659778365
269,269.0,0.1480245082764187,0.1513517778359167,0.2258702373421894,0.1716534588300686,0.1466695955427091,0.1564304221726975
270,270.0,0.1476042447073339,0.1505217050698844,0.2297284064485515,0.171229739870493,0.1458553480228944,0.1550605558808428
271,271.0,0.1472202031433224,0.1498152779089453,0.2331924957438131,0.170842665073073,0.1451727901169839,0.1537565680138624
272,272.0,0.1468726017995169,0.1492271960641993,0.2362672723161315,0.1704924407695673,0.1446155784426463,0.1525249106079389
273,273.0,0.1468787329847951,0.1478189661399349,0.2386236180847764,0.1704963444710797,0.144494210810928,0.1516881275084859
274,274.0,0.1471952256264596,0.1468037487354102,0.2400578285454444,0.170810987832157,0.1447583799859477,0.1503738292745812
275,275.0,0.1473989897635659,0.1457635058838074,0.24198110845766,0.1710132615643429,0.1448391128175036,0.1490040215131201
276,276.0,0.1475131494940879,0.1447250314472394,0.2432419847438129,0.1711262687820936,0.1457817233894044,0.1476118421433618
277,277.0,0.1476455236613788,0.1437985333285683,0.2441940890036477,0.171257806064675,0.1467905978218966,0.1463134501198335
278,278.0,0.1477929670800886,0.1429820788771911,0.2448587773971981,0.1714047050327784,0.1478490209845961,0.1451124506281475
279,279.0,0.1490239269623171,0.1420942568423209,0.2449010017700141,0.1713853890995991,0.1487628823442838,0.143832542981465
280,280.0,0.1505034563486043,0.1415617964883699,0.2442040148518695,0.1716273872003113,0.1479482137533782,0.1441551313574669
281,281.0,0.1517169029946815,0.1408794862507856,0.2446875965299307,0.1716271479505189,0.1469110148928477,0.1441778513812357
282,282.0,0.1529037407081089,0.1402941342203073,0.2449788541277965,0.1716338974777702,0.1459089107782601,0.144280462687757
283,283.0,0.1552313667622672,0.1400793681374399,0.2446096934447067,0.1712791781596767,0.1444672211293837,0.1443331723665257
284,284.0,0.1575034817810167,0.1399505540314315,0.2440858205451088,0.1709336061984242,0.1430773940582412,0.1444491433857776
285,285.0,0.1600600585748538,0.1400789562742274,0.2423565168082209,0.1707782940065126,0.141926713006342,0.1447994613298432
286,286.0,0.1634185137697597,0.1400982834942337,0.2403453326408553,0.1704564830146414,0.140663484467995,0.1450179026125149
287,287.0,0.1666615035451072,0.1401799642072434,0.2382612822134477,0.1701487554984393,0.1394723097629427,0.1452761847728196
288,288.0,0.1697681445450987,0.1403169462568262,0.2361324926562762,0.1698567803855015,0.1383578952549063,0.145567740901391
289,289.0,0.1718119143281789,0.140502329688829,0.2339847257778891,0.169581902186631,0.1373237090692645,0.1467954189492075
290,290.0,0.1736210865606323,0.1406536629549321,0.2314625691004039,0.1692494024166521,0.1362963126598766,0.148716966307503
291,291.0,0.1751580999822679,0.1417299084461351,0.2286362589280809,0.1688254389374463,0.135242371720282,0.1504079219857878
292,292.0,0.1769399851381749,0.1429476374817511,0.2256712953568097,0.1681357524628384,0.134295867192258,0.1520094623681679
293,293.0,0.1773097696849656,0.1451726819199212,0.2230350538819835,0.1674726929198156,0.1334368121085032,0.153572989484811
294,294.0,0.1773545272415925,0.1473820597760081,0.2204960247087063,0.1668402282106495,0.132665052075428,0.1552621079876157
295,295.0,0.1771732985774388,0.149282516656932,0.2178880587167375,0.167059805317228,0.1318886660973862,0.1567076546342775
296,296.0,0.1768723127830422,0.1511313946368546,0.2154077656115025,0.1673076606505473,0.131197698810473,0.1580831675075804
297,297.0,0.1763907978536135,0.1526880900988041,0.2129156658838651,0.1674269726830848,0.1305147604426872,0.1600637130379454
298,298.0,0.1758198036701318,0.1541707997945036,0.2105742248297055,0.1675657662609571,0.1299140593039756,0.1619553461407264
299,299.0,0.1751739880998374,0.1555720952036213,0.2083917909922175,0.1677207052938518,0.1293933786828181,0.1637480417276539
300,300.0,0.1744031888730119,0.1566937971084164,0.2062460828599038,0.1685296514869635,0.1288858207695681,0.1652414589021363
301,301.0,0.1735303596003239,0.157560889598515,0.2041603794490645,0.1691773564205812,0.1283978961253147,0.1671731188062008
302,302.0,0.1726238821285371,0.1583385143388374,0.2022484384205617,0.1698218188196696,0.1279819712190513,0.168985375073343
303,303.0,0.1714777153472147,0.1593886495365343,0.2000651310497238,0.1705496028552334,0.1277144492187923,0.1708044519925016
304,304.0,0.1703239134896815,0.1603488158822726,0.1980616117515433,0.1712616824358811,0.1275116655504642,0.1724923108901573
305,305.0,0.1693029832103392,0.1612825111618934,0.1948937830655826,0.1720166097754004,0.1274332767816597,0.1750708360051248
306,306.0,0.1679481311244087,0.1621761514798653,0.1919430633611656,0.1727702576459893,0.1274317056845702,0.1777306907040009
307,307.0,0.16661979575634,0.1629790874966626,0.1877690838946776,0.1749209297281511,0.127479692589062,0.1802314105351068
308,308.0,0.1655209164803353,0.1635000525899271,0.1838216247227048,0.1770217025941924,0.1275718018259318,0.1825639017869086
309,309.0,0.1644664595568713,0.1639351111241563,0.1801175084075155,0.179056558437065,0.1277027000695733,0.1847216624048187
310,310.0,0.1630916481990494,0.1653599317413401,0.1764908703980116,0.1808469052358218,0.1276886280083015,0.1865220164174756
311,311.0,0.1623575302069782,0.1670924474440177,0.1729412851793984,0.1821919966724232,0.1293156801859036,0.186101060311279
312,312.0,0.1621211701302487,0.1684527184725035,0.1703351235076927,0.1832219870102513,0.1306766381232768,0.185192362756027
313,313.0,0.1619417491846875,0.1697127182322837,0.1680030057438218,0.1841569875547062,0.1320339522145209,0.1841515870699799
314,314.0,0.1618153676666335,0.170869873852631,0.1659408486746411,0.1849971472796807,0.1333744137033364,0.1830023488230775
315,315.0,0.1617379854485162,0.1719228981912851,0.1641422778013732,0.185743548669873,0.1346863032350779,0.1817669866538745
316,316.0,0.1617054764225235,0.1728716741330289,0.1625989202131597,0.1863981035448595,0.1359593591101354,0.1804664665762929
317,317.0,0.161892249788274,0.1740742816152788,0.1614792595859485,0.1858920224359824,0.1373633055639983,0.1792988810105179
318,318.0,0.1619352238586503,0.1748147399805903,0.160412837115626,0.1863821440384309,0.1385317283599616,0.1779233266467408
319,319.0,0.1620090631082003,0.1754532881284327,0.1595657074969207,0.1867996611507625,0.1396372099215699,0.176535070194114
320,320.0,0.1616813711979397,0.1768508744562173,0.1594958413122865,0.186719087622294,0.1409607038423569,0.1742921215689057
321,321.0,0.1605320860994601,0.178435873250926,0.1577627188166706,0.1882950065063583,0.1426108247408477,0.1723634905857373
322,322.0,0.1591969234746318,0.1808018678810939,0.1559920603581909,0.1896884696903219,0.1449554722023505,0.1693652063934111
323,323.0,0.1578169136114287,0.1826834624532371,0.1551325988449911,0.1909128790214461,0.1471108380050399,0.1663433080638571
