,Unnamed: 0,Generation,Intertwine_two,Add_vertex,Delete_vertex,Invert_path_vertices,Insert_inside_vertex,Delete_inside_vertex,Replace_inside_vertex,Donate_between_routes,Trim_one_terminal_cb,Grow_one_terminal_cb
0,0.0,0.0,0.09999999999999999,0.09999999999999999,0.09999999999999999,0.09999999999999999,0.09999999999999999,0.09999999999999999,0.09999999999999999,0.09999999999999999,0.09999999999999999,0.09999999999999999
1,1.0,1.0,0.12725618374588957,0.09653786425294178,0.09204016718777945,0.1004591762786525,0.10182784590582579,0.08496957963679479,0.08652296768901459,0.061460368479753336,0.12513153075501787,0.12379431606832983
2,2.0,2.0,0.12789309251682185,0.09702001773730287,0.0918551451267871,0.10620000023531502,0.09262835807340943,0.0912848760850956,0.08100437771513466,0.052468202767565454,0.12515060273053794,0.13449532701202963
3,3.0,3.0,0.12229503929048091,0.10424042989953727,0.09942760492215626,0.10398351348149434,0.0996444638660463,0.08733904546961854,0.06288844822352013,0.06173734105260596,0.12846461134652443,0.12997950244801543
4,4.0,4.0,0.11934218527356637,0.1032566247348686,0.09963696157524186,0.10029300071386163,0.1012047532492543,0.0823097353302464,0.07579617255309495,0.05501420069814814,0.13237806124876,0.13076830462295733
5,5.0,5.0,0.13219921772515386,0.09425563874588296,0.09447745831043364,0.10450187853256468,0.11178371126181037,0.08828359907672048,0.057786109227163186,0.058053950361406204,0.13224211478639852,0.12641632197246563
6,6.0,6.0,0.11867344532411053,0.09856168032421483,0.10465178121661092,0.10565809244798856,0.0902561140028921,0.09056320556950148,0.07160012672810724,0.06280354999620577,0.1378183020165348,0.11941370237383327
7,7.0,7.0,0.1293664792663773,0.0985299910728303,0.10274283092829187,0.08347433127736657,0.1058824531455349,0.09254792599895158,0.053554920125352956,0.06312214858418813,0.14209683131560902,0.1286820882854969
8,8.0,8.0,0.12176194740398365,0.09996524136462705,0.10348166281209994,0.09402378133263153,0.09829814615050302,0.0860975062906811,0.0568438616782664,0.06897122638529167,0.14914079027223426,0.121415836309681
9,9.0,9.0,0.12667426891484085,0.10252374024023636,0.10960470547899784,0.08782097209423403,0.09320097423702949,0.08618403042379905,0.06065361630689953,0.06474962295781941,0.1554533801541505,0.1131346891919925
10,10.0,10.0,0.12642873788717834,0.1080491034510426,0.10646289728265601,0.0794020060673472,0.09020188843403826,0.09307292932132762,0.06766218474997059,0.06419227545126666,0.15081483006560123,0.11371314728957105
11,11.0,11.0,0.11696180396893344,0.08373093432222453,0.10654996756034732,0.08179246072548299,0.07949935299912637,0.11212890135943314,0.0654795579635666,0.07078329673246839,0.15752563414274284,0.12554809022567404
12,12.0,12.0,0.12771242887683748,0.09997801437204688,0.10603399246220738,0.07130036698167784,0.08158302164865867,0.08720520614692988,0.06402538721847778,0.0646282328802664,0.18197241744845222,0.1155609319644451
13,13.0,13.0,0.13004503653768745,0.09787719498527288,0.10526396294154264,0.07615803571249188,0.10147774943779897,0.08302978519255153,0.061766970570465964,0.06879776125056374,0.15870731375883768,0.11687618961278683
14,14.0,14.0,0.13894204156793827,0.0899323985633711,0.12157325323587205,0.07993915263556524,0.09675122710510488,0.07605584279192537,0.04964133438383288,0.056736718948195916,0.15792346706804727,0.13250456370014665
15,15.0,15.0,0.11939169253521917,0.08819915770120886,0.10512117603304158,0.07853968664785335,0.08706011451569003,0.07773865645890983,0.05365822931025273,0.07619755240014812,0.16719336488620912,0.1469003695114669
16,16.0,16.0,0.12477149909760599,0.10804945886638564,0.10703787265736449,0.07163112503977447,0.08998608470974237,0.08686240489729011,0.05185468981801531,0.05942317449550527,0.16497855663756889,0.13540513378074714
17,17.0,17.0,0.14607056052549452,0.09807281487957685,0.10933744459757992,0.07581249634090466,0.10003675553746538,0.08132420933114008,0.04588057516059839,0.06285223935002901,0.15307603716421073,0.12753686711300005
18,18.0,18.0,0.12224281239315966,0.10767804095005891,0.11504791479076933,0.0693568587616595,0.07949078233726595,0.0982564111131709,0.04552472891459225,0.05821923627659242,0.16305555838716787,0.1411276560755627
19,19.0,19.0,0.13699155047808156,0.10101716614732562,0.09807804972202175,0.06732124290445632,0.0874482101582881,0.09626504213451831,0.04799802444725221,0.06527412330198987,0.17034759627104035,0.12925899443502553
20,20.0,20.0,0.14014023381147328,0.09229327212905293,0.10694001503493185,0.08294218657424038,0.08631040639077608,0.0951022932041664,0.03326865145070729,0.054869275126430826,0.18287686429520547,0.12525680198301498
21,21.0,21.0,0.12601015092973822,0.09943582246574832,0.10432278799413533,0.09893720262166117,0.07189465614245198,0.08524250544454998,0.05610533109283007,0.055190570160436325,0.1676753070377281,0.13518566611072
22,22.0,22.0,0.14299962434083408,0.0911912934187471,0.08943586686145386,0.07883786987107134,0.09884245600898083,0.0899940696246116,0.04912035696675808,0.06875236678255,0.17602378322059495,0.11480231290439782
23,23.0,23.0,0.14468116855789928,0.12089666814944691,0.13213983739329785,0.04680670802528325,0.08310741650047813,0.09211231867380362,0.03857256740675611,0.06416007980856117,0.1623993186941312,0.11512391679034213
24,24.0,24.0,0.15956314511044584,0.10655687572892802,0.1191720425255944,0.04965144070816259,0.06704550482377684,0.09125730750125455,0.030000000000000006,0.05054111891089108,0.20545446530693656,0.12075809938400975
25,25.0,25.0,0.14021224647713654,0.09330758036185677,0.09950798820272262,0.0672790066810561,0.12098873135502415,0.09038545681567112,0.03342234077745143,0.06961471718574813,0.1811427772651944,0.10413915487813843
26,26.0,26.0,0.13705115853034802,0.08880924416288405,0.11160457147610578,0.06556094626900093,0.09476710663380135,0.08635716274414988,0.034639356225555806,0.05212802413914737,0.20587474746350803,0.1232076823554984
27,27.0,27.0,0.1856274675237627,0.1025417534997503,0.08863007431445309,0.05880007272862864,0.07916711385841699,0.09365485319970054,0.038360261506371965,0.05421957955776143,0.19539213929508065,0.10360668451607344
28,28.0,28.0,0.16643644030088017,0.10522668044492509,0.14562425538079934,0.046057876172832114,0.08250081842400503,0.10925124011309369,0.030000000000000006,0.04540984682223513,0.18251234405212463,0.08698049828910455
29,29.0,29.0,0.15181096624912518,0.09506036546496431,0.1041811036249121,0.07740421324118335,0.08537707098566545,0.0906644171051691,0.04745575891810788,0.042771253862520515,0.18500038053525575,0.12027447001309603
30,30.0,30.0,0.16155497208470643,0.10919068898132314,0.11424908224722463,0.0773714977259346,0.08226534320038173,0.08458093612858267,0.03360179559278299,0.06685497297863355,0.18872643389000437,0.08160427717042548
31,31.0,31.0,0.17438427276457813,0.10467539912142713,0.08625060198746196,0.06888337385729439,0.0813478762648094,0.07636217579636875,0.03332732050471378,0.07558156276795033,0.19575384959406145,0.10343356734133444
32,32.0,32.0,0.17092665406190025,0.10238123945196767,0.10112405352297364,0.07067246433926408,0.07734459971420969,0.07901075731827581,0.035952064029156475,0.05609589059961976,0.20955929233929646,0.09693298462333587
33,33.0,33.0,0.17904993783158332,0.09669374603786993,0.08097131920559728,0.051587959452349876,0.05418925303265393,0.10798688827405103,0.03578471575968578,0.06137298707495322,0.23691410375170294,0.09544908957955242
34,34.0,34.0,0.1975390114486451,0.08086362787113598,0.08025124137757267,0.05619847539699059,0.05029972713526519,0.10157342931447395,0.039717786262111476,0.060140152301015694,0.2220899998608769,0.11132654903191223
35,35.0,35.0,0.15536589860895314,0.06423457438821892,0.18685439770635934,0.032758429908061125,0.09990766422121901,0.09314580229792328,0.030000000000000006,0.05739037254346767,0.1917905721537106,0.08855228817208669
36,36.0,36.0,0.2058243297092282,0.06410296487987052,0.10765692100261455,0.0393557087457614,0.06709163815601595,0.09772136250748577,0.030000000000000006,0.038138185990184204,0.2620422701949292,0.08806661881390997
37,37.0,37.0,0.18863397126885734,0.07206345385159274,0.10461522605145193,0.042413245809596566,0.06920650911693299,0.09134289790428059,0.056999537315442085,0.030000000000000006,0.2576293012668411,0.08709585741500447
38,38.0,38.0,0.21291912184348147,0.054970932563002284,0.08380988900783605,0.05094768224176962,0.06078731252463786,0.08778316888931625,0.03717000320910792,0.034323805841447654,0.24052382418771762,0.13676425969168304
39,39.0,39.0,0.20659282981612134,0.09837159215741506,0.12497053695927604,0.030000000000000006,0.03874461539310212,0.12623833367938192,0.03191178087792549,0.03653191799957879,0.2240496991669053,0.08258869395029378
40,40.0,40.0,0.21106277839960802,0.0826039512814584,0.13359984595061042,0.03900162033061375,0.04553194295671269,0.0865282489608683,0.03409164560482444,0.03871124548123912,0.24758894402522977,0.08127977700883493
41,41.0,41.0,0.25686985314113964,0.10897350439151376,0.10316418265021983,0.03423423088387334,0.032073909004346125,0.07741411470846564,0.030000000000000006,0.03327811423267614,0.23992081114551875,0.08407127984224656
42,42.0,42.0,0.25532246013581095,0.08966016944936032,0.11928538550181862,0.030000000000000006,0.06157211423445445,0.09495137553478553,0.0394804266511218,0.030000000000000006,0.217578985995691,0.06214908249695715
43,43.0,43.0,0.2085748644694815,0.090516415302412,0.10474949316381854,0.030000000000000006,0.036551711840337356,0.13462246699728922,0.030000000000000006,0.049070974675459886,0.2389877142076246,0.07692635934357665
44,44.0,44.0,0.2059584373982486,0.08389498946378185,0.08611907066589142,0.030000000000000006,0.05136907629830066,0.1039517113136466,0.030000000000000006,0.04393732210032468,0.24693975023856715,0.11782964252123891
45,45.0,45.0,0.27543170264193284,0.08619566848601712,0.09259421476974537,0.03546807017321779,0.06041950750739801,0.08025937316384547,0.030000000000000006,0.03630931173832823,0.2099612968438132,0.09336085467570178
46,46.0,46.0,0.24232359898918351,0.08570622711411488,0.12496509383629288,0.030000000000000006,0.05155546940755566,0.06331900805323623,0.030000000000000006,0.030000000000000006,0.25517348972399256,0.08695711287562403
47,47.0,47.0,0.2813052150071316,0.10000505225618779,0.09186284991416672,0.03867757968707497,0.06757765793601278,0.0776007525060377,0.030000000000000006,0.030000000000000006,0.2152853886899643,0.067685504003424
48,48.0,48.0,0.23741814453181723,0.06161364193460539,0.05340656370647057,0.05673469253601724,0.05838819738997555,0.07006301021665526,0.03716348048766856,0.030000000000000006,0.28120719470469263,0.11400507449209749
49,49.0,49.0,0.2533953645655605,0.07115432354911244,0.1117875241013837,0.032593179325592324,0.042312845516796004,0.09612301444422783,0.030000000000000006,0.030000000000000006,0.2649823583969488,0.06765139010037825
50,50.0,50.0,0.2315941295690036,0.07106557582117144,0.08244194652755651,0.030000000000000006,0.04838488652639156,0.09645758619989606,0.030000000000000006,0.04292654034786804,0.25778031640752225,0.10934901860059036
51,51.0,51.0,0.23149889200722945,0.11848925133110741,0.11305335603809012,0.030000000000000006,0.05434499080866576,0.0705860442563211,0.030000000000000006,0.04343577737717909,0.23984242075698475,0.06874926742442222
52,52.0,52.0,0.2570559675251584,0.09820882232895836,0.08316753045020511,0.030000000000000006,0.03915623160222017,0.05589924930156358,0.030000000000000006,0.030000000000000006,0.24606776134442052,0.13044443744747364
53,53.0,53.0,0.24681827294448966,0.08110064481650285,0.10901564402377306,0.030000000000000006,0.04758153244881288,0.06285170381702991,0.030000000000000006,0.030000000000000006,0.2422438709292242,0.12038833102016726
54,54.0,54.0,0.23529513716599754,0.05889023790606422,0.10154594383295208,0.03835750142169129,0.05915221385575643,0.12839183216568442,0.030000000000000006,0.030000000000000006,0.23298030424302213,0.0853868294088317
55,55.0,55.0,0.22417050685393897,0.04613896265545823,0.12235363974196034,0.030000000000000006,0.039715043514233106,0.08369700928266033,0.030000000000000006,0.030000000000000006,0.25143920071906983,0.14248563723267893
56,56.0,56.0,0.2922702771214925,0.0773678385161646,0.0783169122267455,0.030000000000000006,0.0420289511855777,0.05841807381594479,0.05151267212133308,0.030000000000000006,0.2441741477445149,0.09591112726822676
57,57.0,57.0,0.2558127497273396,0.14504465811018996,0.08085388439108107,0.030000000000000006,0.036316161544355186,0.03798621250939729,0.033238492097177566,0.049535272834691405,0.21599892436392953,0.11521364442183817
58,58.0,58.0,0.2803857857359665,0.07758820814431247,0.10785307182970386,0.030000000000000006,0.04008874689385872,0.0713511354377283,0.030000000000000006,0.030000000000000006,0.2695263618277882,0.06320669013064185
59,59.0,59.0,0.23520942031332978,0.05081721112147395,0.10588881533245986,0.050552060307203994,0.04836215765951,0.07286885654968281,0.030000000000000006,0.030000000000000006,0.2250706918287047,0.15123078688763475
60,60.0,60.0,0.23215975968855135,0.08807022944856226,0.1254715746712684,0.04575624988665269,0.041817187414989535,0.06616471990832032,0.030000000000000006,0.030000000000000006,0.25692325613485184,0.08363702284680338
61,61.0,61.0,0.27583989433102135,0.10195190892059447,0.06781689139443041,0.03408158064169976,0.030000000000000006,0.051149197783800296,0.030000000000000006,0.030000000000000006,0.2875222999663591,0.09163822696209442
62,62.0,62.0,0.18782123725175412,0.09891490503832456,0.10120315130826878,0.030000000000000006,0.06048077612612006,0.08149372351378266,0.030000000000000006,0.030000000000000006,0.2539011336639999,0.1261850730977498
63,63.0,63.0,0.20288803830500596,0.0431847761499188,0.09409093907303916,0.09520851492510232,0.030000000000000006,0.058746949133106185,0.030000000000000006,0.030000000000000006,0.2655952096404954,0.1502855727733321
64,64.0,64.0,0.24009426065365416,0.06052235344574726,0.12919247164622225,0.0322647348297672,0.05317164846611908,0.07497768830877236,0.030000000000000006,0.030000000000000006,0.2613607746554489,0.08841606799426863
65,65.0,65.0,0.221709067704905,0.030000000000000006,0.1281092255921058,0.057569963913550806,0.030000000000000006,0.07360281962044768,0.030000000000000006,0.030000000000000006,0.2792621528966141,0.11974677027237654
66,66.0,66.0,0.22762293024488983,0.04733992247206846,0.1370275112496189,0.03678091639577737,0.045778670844020444,0.0860986735634747,0.030000000000000006,0.030000000000000006,0.2733002599571002,0.08605111527304991
67,67.0,67.0,0.2737354989249212,0.07569745941729529,0.15967593331471497,0.04531473262046474,0.052080170426238345,0.0555696842412974,0.030000000000000006,0.030000000000000006,0.22037866816763288,0.057547852887435004
68,68.0,68.0,0.1720045776265529,0.05735942301760734,0.11435789866321075,0.035191843917767064,0.06912338693574978,0.12007856128225947,0.030000000000000006,0.030000000000000006,0.21240885877074955,0.15947544978610292
69,69.0,69.0,0.24094928418775194,0.06416439338940746,0.09642202267197629,0.043451644488341004,0.03909585505240969,0.08936622825875817,0.030000000000000006,0.030000000000000006,0.26131196760743614,0.10523860434391911
70,70.0,70.0,0.23503984543229622,0.07751496168040178,0.07618679412504972,0.0335461563101197,0.053306051705897216,0.11489301058783492,0.030000000000000006,0.030000000000000006,0.25873183755082546,0.09078134260757484
71,71.0,71.0,0.27160600170766386,0.08894515053583832,0.07338785068740808,0.04374495957958772,0.054058344514260656,0.0684523205033781,0.030000000000000006,0.030000000000000006,0.25799658865244274,0.0818087838194204
72,72.0,72.0,0.19962760377023084,0.1138511054134056,0.13852930784573597,0.03518469492927131,0.03683194084899698,0.08538878857449468,0.030000000000000006,0.030000000000000006,0.2547875037027374,0.07579905491512713
73,73.0,73.0,0.24504822996241601,0.1114158277058968,0.07173366359115446,0.04355932240341427,0.042644756797666925,0.06554840995383238,0.030000000000000006,0.043520556209957775,0.266879792571581,0.0796494408040802
74,74.0,74.0,0.21701935908698777,0.07951157263436745,0.1518992139738527,0.030000000000000006,0.04918817335360143,0.04549359613751375,0.052066571733713075,0.030000000000000006,0.22790565338870755,0.11691585969125615
75,75.0,75.0,0.20062470394322918,0.034524618758851475,0.08821695819962475,0.04672170080447311,0.06320370361165026,0.09439027191537483,0.030000000000000006,0.030000000000000006,0.2932040968357277,0.11911394593106854
76,76.0,76.0,0.23588645041645845,0.04400945465659091,0.09525487399502622,0.03336713407100855,0.03198467274301704,0.059248892572105784,0.030000000000000006,0.030000000000000006,0.3110983283378078,0.12915019320798507
77,77.0,77.0,0.19195957639047462,0.06735099218246947,0.1143996116754756,0.06899933239446382,0.03992833940836619,0.06643408639829809,0.04670429691787857,0.030000000000000006,0.22581937219892959,0.14840439243364387
78,78.0,78.0,0.23266756711709696,0.05545486199436852,0.07547751966226918,0.030000000000000006,0.054906783022610095,0.044571335952630506,0.030000000000000006,0.0455480473157445,0.32471425714273516,0.10665962779254487
79,79.0,79.0,0.223070559983501,0.045859258203410566,0.17253591482992797,0.030000000000000006,0.030000000000000006,0.04821487232920111,0.030000000000000006,0.030000000000000006,0.29447536531410445,0.09584402933985468
80,80.0,80.0,0.21058755271014945,0.06877310835128933,0.11949254716851074,0.03978032106920655,0.04555409101652411,0.06881940064633303,0.05208974196672232,0.030000000000000006,0.26599786243565504,0.0989053746356093
81,81.0,81.0,0.2978016413755441,0.04794940702638535,0.07354471872422556,0.030000000000000006,0.06079816144400022,0.03932877027734856,0.03597396268170797,0.030000000000000006,0.2929740847238679,0.09162925374692013
82,82.0,82.0,0.22589440021534735,0.09524926662758444,0.08114137006006178,0.04087332476211919,0.03966517756632817,0.07712504072199257,0.030000000000000006,0.030000000000000006,0.26260208788197803,0.11744933216458839
83,83.0,83.0,0.2466605268173995,0.06784154361292258,0.1007286887967227,0.030000000000000006,0.05367745191498906,0.07607730187194624,0.030000000000000006,0.030000000000000006,0.23155788352159026,0.13345660346442942
84,84.0,84.0,0.25838479783639234,0.09025252600924795,0.08095398553173358,0.030000000000000006,0.04350205198358413,0.050408364664092806,0.030000000000000006,0.030000000000000006,0.25647158634675205,0.13002668762819694
85,85.0,85.0,0.252379312602424,0.09318365707509604,0.07991162834488588,0.030000000000000006,0.03454332269240662,0.06508530613749419,0.043154273240639696,0.045346652114079636,0.24264109762266878,0.11375475017030497
86,86.0,86.0,0.24151922877138365,0.07224862859808294,0.11847985246658296,0.030000000000000006,0.04145976776210504,0.035480758494919794,0.030000000000000006,0.030000000000000006,0.29158473283702524,0.10922703106990028
87,87.0,87.0,0.2290817602984164,0.094957433959921,0.1015214493439934,0.03995283437051339,0.030000000000000006,0.05940130918613491,0.030000000000000006,0.030000000000000006,0.28265179185343664,0.10243342098758408
88,88.0,88.0,0.21251774570014098,0.09359722205763095,0.07820213363678866,0.034154670266668394,0.030000000000000006,0.039316526984724744,0.030000000000000006,0.030000000000000006,0.3016148506471083,0.15059685070693787
89,89.0,89.0,0.17123425985399243,0.08926538065531422,0.13783843780609792,0.030000000000000006,0.030000000000000006,0.06278022574704871,0.030000000000000006,0.030000000000000006,0.27701155853830317,0.1418701373992434
90,90.0,90.0,0.23772565820670075,0.04659903895362092,0.09432944681376149,0.030000000000000006,0.06351965770193899,0.057458170025230494,0.030000000000000006,0.030000000000000006,0.30723464435841474,0.10313338394033253
91,91.0,91.0,0.24735821086739654,0.07325099798061897,0.1717071361318115,0.030000000000000006,0.03537714541222871,0.0475653416799471,0.030000000000000006,0.030000000000000006,0.23834182869259055,0.09639933923540663
92,92.0,92.0,0.20881525415480132,0.07681746799907277,0.13374917815859677,0.08012781192428445,0.03665792007484688,0.05668487495670292,0.04092936802973979,0.030000000000000006,0.2584174030567607,0.07780072164519428
93,93.0,93.0,0.2455897719004982,0.05047698276481173,0.14136234891285887,0.031246694777644145,0.04046360039963315,0.06730182026556135,0.030000000000000006,0.05082970372765774,0.2522669155186488,0.09046216173268586
94,94.0,94.0,0.21235886176962432,0.0698590677198713,0.09243637210360395,0.0570670113411242,0.04941043011581703,0.0607484736930924,0.030000000000000006,0.035413402268224835,0.27589700372252285,0.11680937726611898
95,95.0,95.0,0.23143707926387677,0.12067353631357358,0.09680483152513641,0.032026986973969516,0.05181087762074693,0.045436977599465064,0.030000000000000006,0.030000000000000006,0.2805012227786724,0.08130848792455916
96,96.0,96.0,0.2318503073284949,0.09472065584593767,0.06216019265045507,0.030000000000000006,0.0426718612555385,0.05336709528327284,0.030000000000000006,0.030000000000000006,0.29446858080789545,0.13076130682840545
97,97.0,97.0,0.22202216688154244,0.0624312151861381,0.13783031115719138,0.030000000000000006,0.05327493889901626,0.04715890014703702,0.030000000000000006,0.030000000000000006,0.25812239136040827,0.1291600763686664
98,98.0,98.0,0.24827427567056123,0.049987936452228085,0.09020230371334202,0.030000000000000006,0.03918658809603458,0.0377282141150231,0.030000000000000006,0.030000000000000006,0.3047197071265251,0.13990097482628575
99,99.0,99.0,0.19009057274890026,0.0894170065663568,0.09862456378164386,0.030000000000000006,0.03967452396062278,0.07032264105936055,0.030000000000000006,0.030000000000000006,0.2844888039979141,0.13738188788520145
100,100.0,100.0,0.25685343291050416,0.06505865252721081,0.09767714993425411,0.030000000000000006,0.06815829622366751,0.058178662874188936,0.030000000000000006,0.030000000000000006,0.2606707769938778,0.10340302853629653
101,101.0,101.0,0.2135463791308143,0.06633794130723988,0.06247698047820246,0.030000000000000006,0.030000000000000006,0.10976806028931237,0.05529106570176471,0.030000000000000006,0.2750124594966893,0.12756711359597678
102,102.0,102.0,0.24674200305969488,0.058376602289182164,0.10034710360952473,0.030000000000000006,0.044990104711954734,0.05849392377314936,0.030000000000000006,0.030000000000000006,0.2975604575718342,0.10348980498465984
103,103.0,103.0,0.26499986442835644,0.07104106634246954,0.11314093384002973,0.03946050379886591,0.05650623425960701,0.04573260723535451,0.030000000000000006,0.030000000000000006,0.258169492345307,0.09094929775000975
104,104.0,104.0,0.2586572975453596,0.04574781755236769,0.11605222592679057,0.030000000000000006,0.0444255756423891,0.06106377013875175,0.030000000000000006,0.030000000000000006,0.2478214314649488,0.13623188172939224
105,105.0,105.0,0.26405425343193417,0.06650840800850469,0.09557570059983359,0.030000000000000006,0.030000000000000006,0.04266218467809787,0.030000000000000006,0.030000000000000006,0.3314528602568835,0.07974659302474611
106,106.0,106.0,0.25958676413470494,0.04420025344739396,0.11813980615846206,0.030000000000000006,0.030000000000000006,0.1118991921195989,0.030000000000000006,0.030000000000000006,0.2511899948972738,0.09498398924256614
107,107.0,107.0,0.2695597388598176,0.0874895781644475,0.07460843370299301,0.030000000000000006,0.030000000000000006,0.0662250838791283,0.030000000000000006,0.030000000000000006,0.2301613009029487,0.15195586449066473
108,108.0,108.0,0.23417505165300262,0.036601976543745654,0.1482369384229076,0.030000000000000006,0.05477651324741648,0.06801492135535016,0.055433372377839275,0.030000000000000006,0.2466243606663562,0.09613686573338195
109,109.0,109.0,0.22459226704842844,0.06778875653642043,0.11879999942802477,0.030000000000000006,0.05797361382123419,0.052667412040270756,0.030000000000000006,0.030000000000000006,0.29921418307759107,0.08896376804803016
110,110.0,110.0,0.21031526114823715,0.08079011232877145,0.10555336259634618,0.048034251144505616,0.053464384584547074,0.03901677143418465,0.08316191963923407,0.030000000000000006,0.27271266656132115,0.07695127056285261
111,111.0,111.0,0.21875282835845739,0.06695113885160817,0.10081076618742033,0.04138076285910543,0.04655829994421058,0.07097122618762929,0.030000000000000006,0.030000000000000006,0.30640648963324946,0.08816848797831923
112,112.0,112.0,0.21569818523559978,0.07313072960382971,0.11239359460206003,0.05032011640596581,0.03848531895654548,0.07361383103606885,0.030000000000000006,0.030000000000000006,0.2542934775914083,0.12206474656852188
113,113.0,113.0,0.243721964377757,0.05522824730013476,0.098971860994748,0.033566383867099016,0.030000000000000006,0.08068363293710432,0.030000000000000006,0.030000000000000006,0.27927224322843436,0.11855566729472225
114,114.0,114.0,0.22635256940194,0.07257437065690373,0.08859710883096698,0.030000000000000006,0.04799374082012903,0.053112799350761755,0.030000000000000006,0.030000000000000006,0.29287976438842467,0.1284896465508737
115,115.0,115.0,0.27347234538378107,0.06909468636846446,0.09044130939585796,0.030000000000000006,0.030000000000000006,0.05151389114104062,0.030000000000000006,0.030000000000000006,0.261116439239457,0.13436132847139878
116,116.0,116.0,0.24126888290598852,0.04015455734649116,0.0857367573117305,0.030000000000000006,0.04804630782905349,0.04454478541446103,0.030000000000000006,0.030000000000000006,0.2882635594826032,0.16198514970967198
117,117.0,117.0,0.20658353646910502,0.05565848336433933,0.1220834530284477,0.030000000000000006,0.030000000000000006,0.05207152597185567,0.030000000000000006,0.030000000000000006,0.2931146391149132,0.15048836205133892
118,118.0,118.0,0.2641287667658726,0.07214311565689127,0.10233966256812992,0.030000000000000006,0.04573545924096114,0.03622501684257804,0.030000000000000006,0.030000000000000006,0.2900552767910804,0.09937270213448643
119,119.0,119.0,0.2500368557691285,0.08116577390826023,0.07405760496144785,0.030000000000000006,0.03466944866998315,0.05208790671643909,0.030000000000000006,0.030000000000000006,0.28405087427773534,0.1339315356970056
120,120.0,120.0,0.2811213523554682,0.06151421323431083,0.15506549004279563,0.030000000000000006,0.030000000000000006,0.05581504025800145,0.030000000000000006,0.030000000000000006,0.21871714501833583,0.10776675909108788
121,121.0,121.0,0.29021284505042516,0.05203767353643378,0.05866484819004173,0.030000000000000006,0.04165672238354595,0.048615085571663205,0.030000000000000006,0.030000000000000006,0.3218751120595743,0.09693771320831573
122,122.0,122.0,0.19691980246189628,0.15928824265382974,0.05681959771098919,0.057485207237039336,0.030000000000000006,0.08050614359020133,0.030000000000000006,0.030000000000000006,0.2688741819330011,0.09010682441304298
123,123.0,123.0,0.20727131908821228,0.1258997141366756,0.09895992967465428,0.030000000000000006,0.030000000000000006,0.06774490050568424,0.030000000000000006,0.030000000000000006,0.2930148513561868,0.08710928523858655
124,124.0,124.0,0.2575274280468126,0.06480846449178311,0.04534100408042957,0.030000000000000006,0.06577963653941472,0.04052887866901124,0.030000000000000006,0.030000000000000006,0.296124696256432,0.13988989191611653
125,125.0,125.0,0.20132419525163123,0.07070241391295141,0.07847016712826721,0.030000000000000006,0.030000000000000006,0.041369788846778555,0.030000000000000006,0.030000000000000006,0.3491129283232968,0.13902050653707462
126,126.0,126.0,0.18222814266306825,0.07091938823724506,0.14458173890595555,0.030000000000000006,0.030000000000000006,0.08459167264066761,0.030000000000000006,0.030000000000000006,0.2786783715276301,0.11900068602543332
127,127.0,127.0,0.20198589071266854,0.07964771254253906,0.13277545178201774,0.030000000000000006,0.030000000000000006,0.08208235017882386,0.030000000000000006,0.030000000000000006,0.25142606783187615,0.13208252695207448
128,128.0,128.0,0.2817228824878871,0.04162311050731099,0.09774240891523464,0.030000000000000006,0.030000000000000006,0.05398904869183232,0.030000000000000006,0.030000000000000006,0.2978578673732746,0.10706468202446015
129,129.0,129.0,0.21179358740579252,0.07109020626332871,0.10843703590932856,0.030000000000000006,0.030000000000000006,0.08023781054985075,0.030000000000000006,0.030000000000000006,0.30461564751582987,0.10382571235586943
130,130.0,130.0,0.23508920247031334,0.05837741338074805,0.10156441806315204,0.030000000000000006,0.030000000000000006,0.04379718205092835,0.030000000000000006,0.030000000000000006,0.2912729159996015,0.1498988680352566
131,131.0,131.0,0.2424668306930518,0.08919400535816505,0.05560479070428509,0.030000000000000006,0.1018626963988459,0.07490022735141641,0.030000000000000006,0.030000000000000006,0.2590209470149969,0.08695050247923868
132,132.0,132.0,0.2194799141813252,0.07296339251633052,0.08091655942546293,0.030000000000000006,0.047274536219743736,0.0545149308563191,0.030000000000000006,0.030000000000000006,0.3132696648635359,0.12158100193728257
133,133.0,133.0,0.21398891217936886,0.12891273633729955,0.145937566635125,0.030000000000000006,0.034131328445474285,0.04463448436443031,0.030000000000000006,0.030000000000000006,0.26240250954664723,0.07999246249165455
134,134.0,134.0,0.24275922709810702,0.048003835880669185,0.13782280032253916,0.030000000000000006,0.07716696087093337,0.030000000000000006,0.030000000000000006,0.030000000000000006,0.2734882287070648,0.1007589471206863
135,135.0,135.0,0.2698855386519706,0.09827174029047185,0.10628142800460279,0.030000000000000006,0.03435315542405641,0.030000000000000006,0.030000000000000006,0.030000000000000006,0.25047629729995646,0.12073184032894164
136,136.0,136.0,0.27046417520301025,0.05949159311183044,0.1033080225851373,0.030000000000000006,0.030000000000000006,0.030000000000000006,0.030000000000000006,0.030000000000000006,0.28974751105040225,0.12698869804961965
137,137.0,137.0,0.2794949054449368,0.06576572497127955,0.06324863895500475,0.04336277885911065,0.030000000000000006,0.048707890402754916,0.030000000000000006,0.030000000000000006,0.2814868869183853,0.12793317444852786
138,138.0,138.0,0.26731381392204645,0.06524850468014477,0.10127423822070351,0.030000000000000006,0.030000000000000006,0.04821428571428571,0.030000000000000006,0.030000000000000006,0.2961798577747533,0.10176929968806607
139,139.0,139.0,0.2597572290881669,0.04392417227221106,0.13433625164328405,0.030000000000000006,0.030000000000000006,0.07288904478888095,0.030000000000000006,0.030000000000000006,0.29110934441239994,0.07798395779505693
140,140.0,140.0,0.2762881984411173,0.13572258855677952,0.05526138890148955,0.030000000000000006,0.05400087670994669,0.04504568527918782,0.030000000000000006,0.030000000000000006,0.23348527774127828,0.11019598437020076
141,141.0,141.0,0.2750781793367957,0.07112602389591176,0.07505067166150711,0.030000000000000006,0.04122653316645808,0.030000000000000006,0.030000000000000006,0.030000000000000006,0.2956516392054621,0.12186695273386516
142,142.0,142.0,0.2983114505144038,0.05523327113809699,0.09779820801810417,0.030000000000000006,0.030000000000000006,0.048151016606371874,0.030000000000000006,0.030000000000000006,0.29892882761649575,0.08157722610652736
143,143.0,143.0,0.2555975731595477,0.030000000000000006,0.15824831282528157,0.030000000000000006,0.030000000000000006,0.04837296473896317,0.030000000000000006,0.030000000000000006,0.313926819764279,0.07385432951192848
144,144.0,144.0,0.23643516093430264,0.05447079532506873,0.09315661820418054,0.030000000000000006,0.05486100664159399,0.05240606503242331,0.030000000000000006,0.030000000000000006,0.33801255996120305,0.08065779390122771
145,145.0,145.0,0.2667633144244269,0.08080369479955858,0.09154541762414162,0.030000000000000006,0.030000000000000006,0.05399961274785932,0.030000000000000006,0.030000000000000006,0.31671545531134243,0.07017250509267105
146,146.0,146.0,0.30220058176257975,0.05049150290478808,0.13752704389928555,0.030000000000000006,0.05325709372312985,0.03278073946689595,0.030000000000000006,0.030000000000000006,0.2702935421542685,0.06344949608905222
147,147.0,147.0,0.24002517264349904,0.09455602512761613,0.08055480007886462,0.030000000000000006,0.04332426920462271,0.030000000000000006,0.030000000000000006,0.030000000000000006,0.27608544258015427,0.1454542903652431
148,148.0,148.0,0.2881413511953505,0.081606129729771,0.06837879677400288,0.030000000000000006,0.030000000000000006,0.06554289636238848,0.030000000000000006,0.030000000000000006,0.2980554263046383,0.07827539963384877
149,149.0,149.0,0.22153943780843907,0.10666825882370139,0.10133265878090111,0.030000000000000006,0.030000000000000006,0.030000000000000006,0.04633415011765032,0.030000000000000006,0.2713009550914475,0.13282453937786046
150,150.0,150.0,0.3050951736673412,0.10897400236635983,0.08549731219489577,0.030000000000000006,0.030000000000000006,0.030000000000000006,0.030000000000000006,0.030000000000000006,0.2679309198303525,0.08250259194105054
151,151.0,151.0,0.2687743279947267,0.046459740268934145,0.06599740910208746,0.030000000000000006,0.030000000000000006,0.030000000000000006,0.030000000000000006,0.030000000000000006,0.34443062715318573,0.12433789548106584
152,152.0,152.0,0.2536794014791489,0.1194845006498656,0.09674761110252071,0.030000000000000006,0.030000000000000006,0.05066987405387187,0.030000000000000006,0.030000000000000006,0.25919917122917385,0.1002194414854189
153,153.0,153.0,0.3053322075016555,0.06723381519171559,0.12234011504337168,0.030000000000000006,0.030000000000000006,0.07285642312831445,0.030000000000000006,0.030000000000000006,0.2286453825033279,0.08359205663161481
154,154.0,154.0,0.25816981154387797,0.07770800817033449,0.08337776599675721,0.030000000000000006,0.030000000000000006,0.04575838946787716,0.030000000000000006,0.030000000000000006,0.3187946075184599,0.09619141730269325
155,155.0,155.0,0.2556972027046155,0.09666822851499672,0.11775228693243774,0.030000000000000006,0.030000000000000006,0.030000000000000006,0.030000000000000006,0.030000000000000006,0.2856024806557822,0.09427980119216779
156,156.0,156.0,0.24764172963209666,0.13748266934668688,0.06324130248022336,0.053892305443519105,0.030000000000000006,0.030000000000000006,0.030000000000000006,0.030000000000000006,0.31034850141139975,0.06739349168607416
157,157.0,157.0,0.26150045542972894,0.08028245592839875,0.06436829130495528,0.030000000000000006,0.030000000000000006,0.030000000000000006,0.030000000000000006,0.030000000000000006,0.3268432386578313,0.11700555867908564
158,158.0,158.0,0.23219738944385754,0.06808859441484806,0.13601573064458777,0.030000000000000006,0.030000000000000006,0.05918539096331401,0.030000000000000006,0.030000000000000006,0.29310128585357675,0.09141160867981575
159,159.0,159.0,0.28631392440389664,0.03973907264423959,0.06699606486302254,0.030000000000000006,0.030000000000000006,0.045220906832825716,0.030000000000000006,0.030000000000000006,0.3217921679545702,0.11993786330144533
160,160.0,160.0,0.3267352091709038,0.0362088447099966,0.10829136030728574,0.030000000000000006,0.06136363636363638,0.04241768941999321,0.030000000000000006,0.030000000000000006,0.22312499934494254,0.11185826068324156
161,161.0,161.0,0.24878243176521497,0.10067092179071398,0.0920273515647854,0.030000000000000006,0.030000000000000006,0.05636350114498713,0.030000000000000006,0.030000000000000006,0.27717545676894306,0.10498033696535532
162,162.0,162.0,0.2944881693918925,0.05153101260606134,0.1106271475410963,0.030000000000000006,0.030000000000000006,0.0320758162296399,0.030000000000000006,0.030000000000000006,0.26433326874231594,0.12694458548899384
163,163.0,163.0,0.30526904619213724,0.037452316001621654,0.13573800985903992,0.030000000000000006,0.04182466425750971,0.030000000000000006,0.030000000000000006,0.030000000000000006,0.2827604993420256,0.07695546434766577
164,164.0,164.0,0.30837880418489483,0.051519515831944564,0.10937067469243537,0.030000000000000006,0.030000000000000006,0.030000000000000006,0.030000000000000006,0.030000000000000006,0.313259269806667,0.06747173548405808
165,165.0,165.0,0.20585260001536762,0.04267685635282188,0.10858519272853226,0.030000000000000006,0.030000000000000006,0.045041237688338565,0.030000000000000006,0.030000000000000006,0.31149076813034093,0.1663533450845986
166,166.0,166.0,0.23516248038220217,0.07742583237182434,0.07340840667792445,0.030000000000000006,0.04447710420282229,0.05448089061078876,0.030000000000000006,0.030000000000000006,0.3049518889924179,0.12009339676202016
167,167.0,167.0,0.31801880781209646,0.037500503524672726,0.13103091614502907,0.030000000000000006,0.030000000000000006,0.037922889524414784,0.030000000000000006,0.030000000000000006,0.28679287175278684,0.06873401124100005
168,168.0,168.0,0.30573711482946264,0.030000000000000006,0.12012005501173459,0.030000000000000006,0.030000000000000006,0.030000000000000006,0.030000000000000006,0.030000000000000006,0.2825143102036683,0.1116285199551343
169,169.0,169.0,0.3066680290552848,0.07200650111401777,0.1217246484292623,0.030000000000000006,0.030000000000000006,0.030000000000000006,0.030000000000000006,0.030000000000000006,0.26671964453381136,0.08288117686762361
170,170.0,170.0,0.2710698240621746,0.10236330451910766,0.15886210214381444,0.030000000000000006,0.030000000000000006,0.030000000000000006,0.030000000000000006,0.030000000000000006,0.2163051115725078,0.10139965770239537
171,171.0,171.0,0.26042069249329114,0.04602334389758804,0.12423271472449764,0.030000000000000006,0.04639788078894589,0.04513650534364235,0.06751752281860379,0.030000000000000006,0.28840888099408873,0.06186245893934232
172,172.0,172.0,0.19912188323054816,0.07099150582369718,0.1513672968691036,0.030000000000000006,0.030000000000000006,0.0680831739835344,0.030000000000000006,0.030000000000000006,0.28729917841520936,0.10313696167790724
173,173.0,173.0,0.281856043186792,0.03590989432100462,0.13041805884826696,0.030000000000000006,0.030000000000000006,0.052314372673590646,0.030000000000000006,0.030000000000000006,0.2981420939269211,0.08135953704342455
174,174.0,174.0,0.33323128412436376,0.06156859811486096,0.07370977185878928,0.030000000000000006,0.030000000000000006,0.033327303302764635,0.030000000000000006,0.030000000000000006,0.32851526454630475,0.04964777805291644
175,175.0,175.0,0.25796097914796234,0.050388453983106096,0.0763618002011727,0.030000000000000006,0.05056152426311231,0.030000000000000006,0.030000000000000006,0.030000000000000006,0.3263425061420513,0.11838473626259512
176,176.0,176.0,0.308567242472248,0.09478783122142502,0.06597316646900987,0.030000000000000006,0.030000000000000006,0.030000000000000006,0.030000000000000006,0.030000000000000006,0.2804481429652558,0.1002236168720612
177,177.0,177.0,0.28615780115803063,0.061398396176885264,0.11913597608927069,0.030000000000000006,0.030000000000000006,0.030000000000000006,0.030000000000000006,0.030000000000000006,0.30861123116100875,0.07469659541480451
178,178.0,178.0,0.3423691652583518,0.050628901000389595,0.07852676562505988,0.030000000000000006,0.030000000000000006,0.030000000000000006,0.030000000000000006,0.030000000000000006,0.2538778150399481,0.12459735307625061
179,179.0,179.0,0.26678374018617645,0.08155761204371324,0.09803136543736782,0.030000000000000006,0.051009134406263604,0.030000000000000006,0.030000000000000006,0.030000000000000006,0.2631109309904238,0.11950721693605497
180,180.0,180.0,0.2959991057579879,0.056451234012934656,0.12952977267739563,0.030000000000000006,0.030000000000000006,0.030000000000000006,0.030000000000000006,0.030000000000000006,0.2861231797155936,0.08189670783608813
181,181.0,181.0,0.2838174928947897,0.030000000000000006,0.12790871636475803,0.030000000000000006,0.030000000000000006,0.0526959997577446,0.030000000000000006,0.030000000000000006,0.3392284565736716,0.046349334409035915
182,182.0,182.0,0.240100431387625,0.04571428571428573,0.12443608006385783,0.030000000000000006,0.049515352065145436,0.030000000000000006,0.030000000000000006,0.030000000000000006,0.34666468309241777,0.07356916767666807
183,183.0,183.0,0.30022253262977006,0.034545244932188614,0.10838482603104509,0.030000000000000006,0.030000000000000006,0.09714906151757266,0.030000000000000006,0.030000000000000006,0.2535335506581492,0.08616478423127427
