,Unnamed: 0,Generation,Intertwine_two,Add_vertex,Delete_vertex,Invert_path_vertices,Insert_inside_vertex,Delete_inside_vertex,Replace_inside_vertex,Donate_between_routes,Trim_one_terminal_cb,Grow_one_terminal_cb
0,0.0,0.0,0.09999999999999999,0.09999999999999999,0.09999999999999999,0.09999999999999999,0.09999999999999999,0.09999999999999999,0.09999999999999999,0.09999999999999999,0.09999999999999999,0.09999999999999999
1,1.0,0.10900000000000001,0.10297092402830196,0.09962262720357065,0.09913237822346796,0.10005005021437312,0.10019923520373501,0.09836168418041064,0.09853100347810259,0.0957991801642931,0.10273933685229694,0.10259358045144795
2,2.0,0.31601,0.10595129912804284,0.09930035940571406,0.09826209430813301,0.10067326906361798,0.09947488421087579,0.09738480854217413,0.09653696725311606,0.09077583762409272,0.10543056915594341,0.10620991130828991
3,3.0,0.6191589000000001,0.10829324932906333,0.09970955618718245,0.098172015272055,0.10106778466427327,0.09945611363519152,0.09605003808164278,0.0927754158060869,0.08679866681785114,0.10838127942656983,0.10929588078008366
4,4.0,1.015801321,0.11024573700790448,0.10002476151116069,0.09812443570139437,0.10108295471627196,0.09959713255770503,0.09425870372710711,0.09038192226089248,0.0822962857991355,0.11162909697955671,0.11235896973887152
5,5.0,1.50262148669,0.11337964364667688,0.09944066633607962,0.09758078902005746,0.10150959600491699,0.10079802159613829,0.09312439949870381,0.08628091424054635,0.07827529699760737,0.11474602777370078,0.1148646448855723
6,6.0,2.0757334209441005,0.11503577812225249,0.09929373456043787,0.09807790599037573,0.10203911738151637,0.09983591890149311,0.0922830783381991,0.0836864607221954,0.07492915357334999,0.11828384508157105,0.11653500732860869
7,7.0,2.7307768275633495,0.11763197921651579,0.09915100649485963,0.09840015498709262,0.10033350025405834,0.10043686234159073,0.09170716260900291,0.07942606855546325,0.07182822831454515,0.12209107815791136,0.11899395906896006
8,8.0,3.4630081252450404,0.11932545201561202,0.09915986611079859,0.09880748903193062,0.0996847981551057,0.10027373664621483,0.09055220411579878,0.07566189827639455,0.06953524256442756,0.12642204135385712,0.12057727172986007
9,9.0,4.2673862119061114,0.12136517463976806,0.09943174340524287,0.0998331356767763,0.09842407517398381,0.09959745042407206,0.08947684690697567,0.07246694012211474,0.06704375488478315,0.1311783547075837,0.12118252405869945
10,10.0,5.138652627782014,0.12322946284149297,0.10025988925967329,0.10053975253552545,0.09634149685748794,0.09862491948197401,0.08916498714395596,0.07017420138941788,0.06472273990317826,0.13523793197154838,0.12170461861574566
11,11.0,6.071405875792507,0.12399262158167776,0.09865129575769253,0.10124364618364012,0.09453682693055383,0.09659515778011522,0.09082898998282249,0.06786735368495582,0.06328762390333492,0.1397184008977713,0.12327808329743581
12,12.0,7.060169740244025,0.12568421876250702,0.09867906599653742,0.1018786161708964,0.09173597095988191,0.09480578106558565,0.09004722213031816,0.0656218957192172,0.06145546984654705,0.14637357359439257,0.12371818575411642
13,13.0,8.099455520847952,0.12746019909248166,0.09850696675657551,0.10241463997027368,0.08949661141957654,0.0950525872072538,0.08889766880779254,0.06335917680024386,0.0602552116628049,0.15039270709093086,0.12416423119206643
14,14.0,9.183818168183006,0.12997413026693597,0.09755130008070659,0.10455648364885888,0.08772591376853821,0.09486631212379118,0.08710699774130447,0.060094244092206775,0.05805430056307776,0.15401468863541537,0.12605562907916462
15,15.0,10.307906369102724,0.13037131253368298,0.09644168697103497,0.10500910293517263,0.0859144716725028,0.09374840243954648,0.08555316359866985,0.05745296505053164,0.058006388102369744,0.15824054959159392,0.12926195710489483
16,16.0,11.466506686239443,0.13115696103000934,0.09734563999614994,0.10560925068626599,0.08351956977501653,0.09296799786389291,0.08498894264273911,0.054857512606397485,0.05646774074024602,0.16191187178023675,0.1311745128790458
17,17.0,12.654581904800096,0.13393009620016788,0.09726857150877488,0.10639362707598254,0.0816634107500395,0.0932408816970355,0.08394605884833195,0.051894165713051235,0.05545541893733964,0.16405647665125278,0.13215129261802397
18,18.0,13.867303782456686,0.13416454768333033,0.09816777491089357,0.10770005102126236,0.0792887947255443,0.09149983856524818,0.08467446511639667,0.04913143297891447,0.05415499721150714,0.16687476876259252,0.13434332902431034
19,19.0,15.100080434523047,0.13573121047376702,0.09840607315291872,0.1072523247028345,0.07684875935813945,0.09060855196646199,0.08526671331975741,0.04685623603081415,0.05373074875144849,0.1701022433474313,0.13519713889642687
20,20.0,16.348578617037543,0.13746867871854235,0.09777426309885814,0.10764382479773231,0.07611954672991667,0.08966101023272147,0.0857934450978945,0.04334703936203376,0.052423874065345204,0.17426235080543878,0.1355059670915167
21,21.0,17.608741195130214,0.13764610740159597,0.09786507917417511,0.10772741408143269,0.07713098336770148,0.08733314160910315,0.08537461340331894,0.04237164644523042,0.051304270361863656,0.17657243692679547,0.13667430722878302
22,22.0,18.876800103462312,0.13938838099273523,0.097138068170176,0.1062799060626219,0.07624940525918843,0.08777845497983301,0.08547150021661941,0.04093263225397621,0.05169166968892736,0.1793973907554125,0.13567259162050985
23,23.0,20.14928511992658,0.14116069407994808,0.09939482799213249,0.10907910550686492,0.07227875342306668,0.08671637307293112,0.08581574894758896,0.03866461777297504,0.05175170735682204,0.18054366667317326,0.13459450517449734
24,24.0,21.423028783545156,0.1442791782584738,0.10020695099141458,0.11053221283877762,0.06873491958486723,0.08411821862332475,0.08610303738546882,0.03576522749573619,0.050567928892677624,0.18569938618064805,0.13399293974861126
25,25.0,22.695167792966423,0.14530356382433576,0.09967643140143646,0.10996000230208003,0.06711739093901002,0.08700347513380825,0.0863259546121602,0.033440358049009,0.051409620002615494,0.18810591572446403,0.13165728801108065
26,26.0,23.963141223515898,0.14585848886546068,0.09868544164016309,0.11055015100539695,0.06549142527395346,0.08731789608333329,0.08616434573106542,0.0314694969190494,0.05060052366873083,0.1926753579491371,0.13118687286370967
27,27.0,25.224685898775267,0.15112747899846343,0.09906803981393089,0.10879437932692398,0.06335266403131581,0.08611536776587209,0.08675059495376604,0.030099511023232432,0.0500967675148002,0.1958715890296438,0.1287236075420512
28,28.0,26.477829247520948,0.15429546728113067,0.09971560800169758,0.11271195987280824,0.060108033344335406,0.08529698019764125,0.08890690052799524,0.028113105071191365,0.048803641823139614,0.19745542298045862,0.1245928808996019
29,29.0,27.720879968916847,0.15580551906055315,0.0993368985971238,0.11242259014359526,0.060181997861173134,0.08482009502466317,0.08919233663986006,0.028089784555453273,0.04734203145466458,0.19898024639522172,0.1238285002676917
30,30.0,28.95241681848399,0.15809902071747725,0.1003663271533217,0.113086540384348,0.06041751652860232,0.08408529535006455,0.08885560184753284,0.02687705950238305,0.048389246258726926,0.2005853941453837,0.11923799811215952
31,31.0,30.17127581490958,0.16148066179036838,0.10092952748619022,0.11089587299367795,0.05995021075439788,0.08331402942787174,0.08768791784402746,0.025825406806716928,0.050389055828513774,0.20261417908838142,0.1169131379798541
32,32.0,31.376536153543515,0.16430741299544474,0.1012444505351783,0.11016516478556393,0.059797876236839825,0.0821999009112076,0.08678860297258673,0.025216412870041657,0.050492242293883244,0.20575202651665966,0.11403590988259418
33,33.0,32.567505096778625,0.1677300098676463,0.10097049982702572,0.10740184285389778,0.0578610705633704,0.07883309756608432,0.08879905422732448,0.024758940011677992,0.051168856243306485,0.2113496430015771,0.11112698583808933
34,34.0,33.74370209472243,0.17277245369397326,0.09909816483512343,0.10457854009611278,0.05651626594060178,0.0751675835204002,0.09015899280109801,0.02485077924687334,0.05175656662871011,0.21516073205642144,0.10993992118068556
35,35.0,34.90484237192463,0.17334100743124506,0.09556781262447978,0.11245461025979955,0.05295875932578096,0.07658073602402854,0.09065431918097289,0.02411032600249039,0.05209436385654163,0.21563006211310926,0.10660800318155189
36,36.0,36.05082019768737,0.17871879781659428,0.09206400230170304,0.11236732361120877,0.05021472796203505,0.07480423995274563,0.09158258377498603,0.023502814822520833,0.05052612279313091,0.2228392340686562,0.10338015289641926
37,37.0,37.18169203889697,0.1821108286382978,0.08942701153415789,0.11193749210627485,0.04794226324888451,0.07333975456671542,0.09184156323660234,0.025720980343867227,0.048177007869013376,0.22927822229710237,0.10022487615908426
38,38.0,38.29765977559663,0.187657402861599,0.08517083213768253,0.1093968873869245,0.04669519847587346,0.07113846560556089,0.09171368519723737,0.026047161472161313,0.04631341494276223,0.23364627478448896,0.10222067713570981
39,39.0,39.399054140870355,0.19226930764965286,0.0853783376445492,0.1109705379508623,0.04352059679364551,0.06684952429655902,0.09540480627773625,0.025926130671877216,0.044737096433936155,0.23599888501508792,0.0989447772660936
40,40.0,40.48631852820801,0.1970102520389147,0.08411826105826221,0.1133897543476239,0.04142841134476527,0.06338716078578382,0.09506414205235034,0.026095045926371907,0.04345429073981515,0.24035066684997763,0.09570201485613515
41,41.0,41.55999329152982,0.20599833472701046,0.08560600434384141,0.11272558369070014,0.0390444375859575,0.05874667805255877,0.09376077189334792,0.02591787109171921,0.041709022037664197,0.2435728399851598,0.0929184565920407
42,42.0,42.62070064560415,0.21444158502990504,0.08524731480712408,0.11364433637422383,0.036427336047622334,0.05725333642518494,0.09417799826102892,0.02674727769472677,0.03972615970441084,0.24420209300344453,0.08813256265232881
43,43.0,43.669130257815,0.2177745594869363,0.085054247355806,0.11307403504687111,0.03400767130264446,0.05345047649922947,0.09852834491092975,0.026673032461885342,0.0397514194749847,0.24664306247101664,0.08504315098969635
44,44.0,44.70602560622662,0.2204205968409666,0.08427296574522276,0.1106144761836304,0.031789896319137936,0.05134065136507695,0.09973752254833984,0.026639481427709208,0.039353983562992405,0.2495585851122919,0.08627184089463216
45,45.0,45.73217116373481,0.2296047353895351,0.08379610043510698,0.10880343356192178,0.030322806888112456,0.050347136114581664,0.09849869049468188,0.026642890682673594,0.03827932359137302,0.24845852180122696,0.08524636104078673
46,46.0,46.748380453854836,0.23501791939049582,0.08334197319932164,0.11024849092111699,0.028507072015718803,0.04866729229307983,0.09550731196202043,0.026679530105314805,0.036661498324552295,0.25160471185971234,0.08376419992866722
47,47.0,47.755485010424316,0.24386100338914216,0.08438678374047007,0.10838598418133184,0.027755597879114823,0.048786533477718656,0.09392136268881741,0.02674571028463875,0.03513884060116813,0.2504831605875891,0.08053502317000923
48,48.0,48.7543242612326,0.2478055140565723,0.08164415488050258,0.10269886815208394,0.028994202259145067,0.04816281573387281,0.09157702801216866,0.027554163391950763,0.03371706024411069,0.2557139673251748,0.08213222594441855
49,49.0,49.745736344347726,0.25284942196538623,0.07992955193852358,0.10292563672079601,0.027972199782898517,0.04609618839365462,0.0918579870479869,0.027661516310721904,0.03240028732031789,0.2590541420320227,0.07925306848769179
50,50.0,50.730549855707864,0.2552142750096648,0.07828978223405426,0.10028378954906002,0.02683928941714433,0.044805594459649226,0.09218695762975256,0.027781518774508712,0.03248384285048799,0.26139937723289247,0.08071557284278577
51,51.0,51.70957651737491,0.2570969175389315,0.08148411498689666,0.10078884961533596,0.02585127719379412,0.04427586326793921,0.0899385832446856,0.027911705804171752,0.03271439350554599,0.2616801087403678,0.0782581861023316
52,52.0,52.68360474770151,0.2610910231117474,0.08270102292768203,0.09837746618042335,0.025003553420840985,0.042380920550162904,0.08625284141276593,0.028049757072826767,0.03168552519609661,0.26233692427600536,0.08212096585144889
53,53.0,53.65339410751842,0.26362159811334895,0.08224050031715607,0.09863993308905661,0.024290566490974753,0.041485755299344076,0.08332738329447284,0.028193505643888013,0.030742688465631204,0.26238297758724366,0.08507509169888407
54,54.0,54.61967059027847,0.26457876878525255,0.07959359072163232,0.09823294039709161,0.024541722731354527,0.04189813248579617,0.08704372702810008,0.028340944301404256,0.02988670852355603,0.2612966778321577,0.084586787193655
55,55.0,55.58312271885972,0.2640349230425673,0.07572921103244465,0.09998054659958255,0.024070170992430563,0.04049809573315032,0.08633243515143801,0.02849022965015483,0.02911745949045281,0.26188173396429376,0.08986519434348535
56,56.0,56.544398407394254,0.26995679473901973,0.07507825441447652,0.09737345036172669,0.02370507271747469,0.03946162290071436,0.08313802465708284,0.030790951379662108,0.028433960765755384,0.2615773538533085,0.09048451421077935
57,57.0,57.504102543001395,0.2718638613502363,0.08128297125872462,0.09509019558274015,0.023439433542839658,0.03798319167024836,0.07797266957309705,0.031241400141219816,0.029787999589339285,0.25831185735427525,0.09302641993727959
58,58.0,58.462795239617805,0.275877013784965,0.0807591882904748,0.09559282191359796,0.023265963950239735,0.037013191796520385,0.07626047771970594,0.03134292573646357,0.029250579979549177,0.26030252492162775,0.09033531190685576
59,59.0,59.42099071417639,0.2750163021534671,0.07757897411530451,0.09597136246080663,0.025232387708117802,0.03699828853770372,0.07482218374002962,0.03142086951481832,0.02877439653094259,0.2577407971013983,0.09644443813741145
60,60.0,60.379156734137354,0.2735386268042399,0.07817446556042176,0.09836949941589183,0.026775784774143795,0.03644401727153474,0.0728377722222812,0.0314768102201894,0.028358087461887234,0.25829379744107955,0.09573113882833068
61,61.0,61.337714584760846,0.27616294378302547,0.08019753344711192,0.09503337510033849,0.027187179860196985,0.03481718609191825,0.06948351912071604,0.031512388752821495,0.027999828425118542,0.2618376967168811,0.09576834870187181
62,62.0,62.29703950447439,0.2697197328614857,0.08193213791164089,0.09509732437066523,0.02721822138128991,0.036352943781956235,0.06931580068893646,0.03152928554466216,0.027697397007775536,0.2619219354673614,0.0992152209842266
63,63.0,63.257461537171835,0.2646085381813278,0.07809009671214323,0.09450471575981238,0.03379482802897087,0.03492832641382006,0.06701195589051566,0.03152919980187213,0.027448234762089074,0.2630869499224096,0.10499715452703937
64,64.0,64.21926675122782,0.26311188020528725,0.07601696415655593,0.0974773835004954,0.03403353287131154,0.0359140523649712,0.06647891942192946,0.03151383063534239,0.027249506393350366,0.26373710203062917,0.10446682842012744
65,65.0,65.18269877636592,0.25969619253645954,0.07094396340484456,0.10036161074315574,0.03676120215738106,0.0346566168354068,0.06594668742023785,0.0314848600791122,0.02709815579755203,0.2660886134783915,0.10696209754745892
66,66.0,66.14796061122655,0.25683358864019756,0.06770281534146272,0.10412671997579083,0.037345287380627985,0.03505622577484682,0.06679382533502018,0.03144393797771391,0.026990958703358006,0.2677405198816084,0.10596612098937375
67,67.0,67.11521665648885,0.2585763954176118,0.0674179068502478,0.11010916840441032,0.03871870199417045,0.03615324822925636,0.06469639900839111,0.031392668706678305,0.026924571731549808,0.26399067386631186,0.10202026579137237
68,68.0,68.08459493066005,0.2501234204225209,0.06541048109385605,0.11145723617412047,0.039008446582351836,0.03900415931114592,0.0691683358708502,0.03133259967567948,0.026895577739606928,0.2593827114558699,0.10821703167399854
69,69.0,69.05618942810752,0.2486290251550993,0.06420378436952101,0.11090591619262706,0.04005703074212663,0.03886841837275854,0.07063094799882735,0.03126521155102374,0.026900527369462267,0.25965611764328955,0.10888302060526477
70,70.0,70.03006258152917,0.24661632812920084,0.06445242023691777,0.10824136641938384,0.04004415380556396,0.040169545560355166,0.07468732994951377,0.03119191012332334,0.026935976762637447,0.2596607287059476,0.10800024030715649
71,71.0,71.00624779379335,0.24834575160645994,0.06594983681755336,0.10524283155675743,0.04098746491464992,0.041547154371483895,0.07409606150306908,0.031114019737159743,0.02699852144886874,0.25958206486095037,0.10613629318304778
72,72.0,71.98475200689319,0.24293699544326183,0.07001806036506494,0.10873974608753297,0.041007993394445025,0.041189473836401154,0.0752011292983836,0.031032778192240908,0.02708482645198821,0.2591745041433972,0.10361449278728434
73,73.0,72.96555827861411,0.24217808359887177,0.07387426423755791,0.10550530035735482,0.04180569878902317,0.041405267619819636,0.07431352904486156,0.03094933301989155,0.028543708311271627,0.2599730583800771,0.10145175664127097
74,74.0,73.94862834037681,0.23872087731501335,0.07452983785033204,0.11027313787080231,0.04118523763994599,0.04226621857226819,0.07142155624414957,0.03307139620794952,0.02865441484261779,0.25686341061671675,0.10301391284020463
75,75.0,74.93390511255946,0.23375291096288464,0.0706709760621175,0.10861222681651277,0.04218714030982438,0.04451184700309011,0.07344916870022852,0.03296454765908802,0.028767506572403158,0.26030499440211435,0.10477868151173667
76,76.0,75.92131515639825,0.23247663382309516,0.06778502046946572,0.10761724576102345,0.04179874164431496,0.04359792807005212,0.07196929300852413,0.032838738488521785,0.02888161406348596,0.26552083398351634,0.10751395068800049
77,77.0,76.91077104428919,0.2269693951606199,0.0672840585305382,0.10851261286146802,0.04492808660196895,0.043453635143582484,0.07122872026424523,0.03436755254191482,0.028995494664825622,0.26214296893643324,0.11211747529440363
78,78.0,77.90217363294813,0.22573358124935294,0.06564424910321266,0.10548510403868756,0.04408527628233611,0.04478636291383205,0.068327983411168,0.03419642294194033,0.03066283699095751,0.268629142921064,0.11244904014744897
79,79.0,78.89541422641172,0.2237309878745305,0.06310696636843544,0.11216610977118685,0.04318589423184319,0.043596343805883425,0.06584410740647016,0.034000442072543886,0.03075749245614963,0.2720036614665853,0.11160799454637171
80,80.0,79.89037661826481,0.22067374883094487,0.06294231984027357,0.1134783762148819,0.04322262355100178,0.04394477227232324,0.06549277948318262,0.035993029066033876,0.030835107450261044,0.2724176949081847,0.11099954838291248
81,81.0,80.88693900474995,0.22654278059704933,0.06077007571754764,0.11012477487931521,0.04224322480650591,0.045798858122308696,0.06226078752695689,0.036335746560680324,0.030896609870458704,0.2754237489097201,0.10960339300945723
82,82.0,81.88497576253909,0.22534677367830858,0.06341683528030259,0.10750039824933791,0.04232666616460647,0.04550423003274531,0.06290230163832206,0.036043178198901606,0.03094299594993201,0.2752675011850545,0.11074911962248896
83,83.0,82.88435908692391,0.2263524563770175,0.06337647089878867,0.10683360087413168,0.0412998974966602,0.04658190166234019,0.06351711784438277,0.03571943489131174,0.03097531346195867,0.2718958036637859,0.11344800282962261
84,84.0,83.88496048800103,0.22863307861215867,0.06562589192220003,0.10419496378917308,0.04026280672054195,0.046605221638361574,0.0616291605493277,0.035370871565567744,0.030994646088163075,0.2709492669757384,0.11573409213876772
85,85.0,84.88665214409042,0.23038260729263121,0.06818975029072553,0.10148354491145116,0.03922679695483011,0.0456993049911153,0.06128548517226593,0.036318883180806436,0.03253676420227337,0.2685695582777975,0.11630730472610341
86,86.0,85.88930811312994,0.2310911417750504,0.0686536590425409,0.1026843711680055,0.03820212019614116,0.0454640646925764,0.05805372077830518,0.035925020211055626,0.032518104172682735,0.27106289936453504,0.11634489859910709
87,87.0,86.89280540413424,0.2305893568318943,0.07137800715091394,0.10222722929963121,0.038193173348411026,0.04406632867837617,0.05731145827002817,0.03551129333616935,0.03247612910432434,0.27261883057896485,0.1156281934012867
88,88.0,87.89702491199675,0.22846627295789146,0.07392969352631074,0.09947681224781751,0.03762290138529043,0.04266770297881221,0.05465584230159891,0.03508382621541,0.032413590251758544,0.27601580416406357,0.11966755397104671
89,89.0,88.90185221995306,0.22226766361409656,0.07598970240924939,0.10275232053200582,0.036659507280628834,0.04128226281941652,0.054458764653076225,0.03464826754457249,0.03233316938193174,0.2768687416446024,0.12273960012042018
90,90.0,89.90717827491419,0.22282772100235093,0.0737098330161855,0.10170024006128257,0.035725857513627106,0.04327450981796013,0.05383240380816372,0.034209782065373,0.032237458905268294,0.2806601221280355,0.12182207168175345
91,91.0,90.91289994163006,0.22444400728989297,0.07405203852450215,0.10841742863696144,0.03482831414818928,0.042455732366518145,0.05231565387538478,0.033773047313439726,0.032128944887218513,0.27744882821884664,0.12013600473904659
92,92.0,91.91892044225806,0.22227351131319628,0.0747086600783937,0.11129999963269946,0.03898502317024179,0.04177612425693928,0.05181502914160495,0.034435192366539365,0.03200999282210153,0.2761751511417311,0.11652131607655278
93,93.0,92.92514968840067,0.223862934137155,0.07268665903267678,0.11488012238954885,0.038249377462965445,0.04149386294897601,0.05247485987023992,0.034003127867987065,0.033965806408041,0.2742362155376662,0.11414703434474394
94,94.0,93.93150451304501,0.22218759204326388,0.07258296982435884,0.11347445745502091,0.040099301155911524,0.04212420811793402,0.05256164247271772,0.033574238540610125,0.0343530474626394,0.27463448931420503,0.1144080536133387
95,95.0,94.93790881009448,0.22248931860545074,0.07754385737519806,0.11243582410258485,0.039429907144699655,0.043004425740468054,0.05119046551778875,0.03315249576056478,0.03417082773301133,0.2754659827627881,0.11111689525744581
96,96.0,95.94429358933806,0.222891672924465,0.07984466491357352,0.10788028027214977,0.03855072463550473,0.04297078448303063,0.050691883147550215,0.03274140230091833,0.03396512169901596,0.277661415069594,0.11280205055419798
97,97.0,96.9505969547639,0.2223605641109229,0.07883520754145512,0.1108901017992149,0.037673953130874245,0.0439978258834098,0.04964909162206918,0.03234400416422733,0.03374033505142996,0.2761707568583536,0.11433815983804309
98,98.0,97.9567640140995,0.2245043930853431,0.07651832810960438,0.10910554252276831,0.03680811924539806,0.04360609919360895,0.04774260873118453,0.03196290579956316,0.03350062371808826,0.27930841238986953,0.11694296720457187
99,99.0,98.96274672736057,0.22085316769600732,0.07811073971577784,0.10815263279270232,0.03596078755601552,0.04325814364827126,0.049186072877660476,0.03160028821336977,0.03324987728089985,0.2803633250027393,0.11926496521655648
100,100.0,99.96850370202192,0.22393572491229446,0.07722113742592514,0.10710499196079336,0.03513858116001108,0.04575752468689533,0.04948215847278867,0.031257929503662026,0.03299170671462128,0.27897219844387017,0.11813804671913858
101,101.0,100.97399994219691,0.22270849810896598,0.07642679939407346,0.10254781984620474,0.034347209592006975,0.04441514571465797,0.05499454029393039,0.0334663339400649,0.032729436137824364,0.27897133857666917,0.11939287839560207
102,102.0,101.97920655893245,0.2248319351890769,0.07481487268273285,0.1018326688625272,0.033591503084883206,0.04456186365369324,0.055376005481295454,0.03314303868026802,0.03246609825732889,0.28118577571290304,0.11819623839529128
103,103.0,102.98410044840509,0.22878791537674908,0.07446620234391953,0.1024535603477379,0.03382150257750958,0.04584980516417282,0.05447437167906307,0.03282064255964815,0.03220443318230968,0.2794034194314501,0.11571814733744024
104,104.0,103.98866394444643,0.23207616034787043,0.07158882279996284,0.10341036562802651,0.03313884175320028,0.04590745095283699,0.055108599902956565,0.032502279625493784,0.031946890282969286,0.27655215341924516,0.11776843528743824
105,105.0,104.99288445143917,0.23584108778251198,0.0708168302035396,0.10235025645057821,0.03249305859378991,0.04450195584529136,0.05389879846075327,0.03219073018849992,0.03169563277073324,0.28206184966791126,0.11414980003639137
106,106.0,105.99675406321822,0.23906490520046067,0.06784813718869724,0.10358482318823015,0.03188692316438268,0.043091990690047384,0.059621311769093854,0.03188842839332044,0.03145254468201347,0.27948819986163953,0.11207273586211475
107,107.0,107.0002691731872,0.2431688569384682,0.06926876710963144,0.1004883458362723,0.03132253204627235,0.04169210214342733,0.06072694172605837,0.0315974724937257,0.03121923995534554,0.27478606358691876,0.11572967816388015
108,108.0,108.0034300804274,0.243587853601207,0.0656407819869502,0.1048055675701689,0.030801354719510322,0.04279293275477665,0.061955973856479316,0.03386297469693711,0.030997073301790946,0.2717541992891711,0.11380128822300857
109,109.0,109.00624059613932,0.24291254411773244,0.06520388532137252,0.10618168693971494,0.030324281578229396,0.04422322616729921,0.06158794131733894,0.03357429341885247,0.030787152580573907,0.2740332052760936,0.11117178328279272
110,110.0,110.00870765431864,0.24069386222189315,0.06613666261373818,0.10622171381402162,0.03169509804974483,0.04519707119144015,0.05980244267873331,0.03859492929831118,0.03059035240567283,0.27368596879071183,0.10738189893573308
111,111.0,111.01084093013685,0.23923701922592328,0.06573879932630129,0.1057767948478283,0.03242687557651631,0.04546559638306441,0.06118308266688722,0.03824297952930984,0.03040732872420513,0.27673310523876715,0.10478841848119726
112,112.0,112.01265246907188,0.23741555430858996,0.0660108048380833,0.1064849903331142,0.03406894957812257,0.044910897992371204,0.06278780057627711,0.03784379494191554,0.03023853412364215,0.27456096068177765,0.1056777126261065
113,113.0,113.01415632942268,0.2383614401064758,0.06453656081597509,0.10583927895182978,0.03403395459395996,0.043498881754734514,0.06504728718942948,0.03740609086384151,0.03008423364189905,0.274901232313286,0.106291039768569
114,114.0,114.01536824044418,0.2375294030697042,0.06485127039659619,0.10415198931272487,0.033641145014235097,0.043892452405327055,0.06448010524010911,0.036938096284936474,0.029944520871911268,0.27661193900679404,0.10795907839766195
115,115.0,115.01630527795908,0.2413807789981162,0.06486377159291433,0.10266229988920197,0.03325120494234037,0.04248830479299545,0.06369607760585519,0.03644752020107257,0.029819334170203153,0.2751379207698708,0.11025278703743022
116,116.0,116.0169855589429,0.2419475867497644,0.06202331891515883,0.10072891429468518,0.03286774682821172,0.0429043196768724,0.062171720297720556,0.03594152652358434,0.029708472796963814,0.27638580156565035,0.11532059235138867
117,117.0,117.01742795623892,0.2389823920441217,0.06079861649127702,0.10247361526146224,0.03249395705721381,0.04152552217097812,0.06137620342730625,0.035426716948609084,0.029611612833078775,0.2781127798242525,0.1191985839417008
118,118.0,118.01765183424293,0.24174425128296984,0.061293446207769206,0.10226556546319968,0.03213260669274355,0.041742895118059606,0.05898254055645111,0.03490912116164527,0.02952832273725145,0.2795111426175177,0.11789010816239284
119,119.0,119.01767680610413,0.24304457865308776,0.06274955547224029,0.09925085585514447,0.03178606529779288,0.040871855354564154,0.05818695772292886,0.03439419374176138,0.02945807842363434,0.28027467022185754,0.11998318925698853
120,120.0,120.01752251271817,0.24739324571598828,0.06227905992722952,0.10438647320709257,0.031456317389359355,0.039558950633574126,0.057782656016850176,0.03388681712644826,0.0294002777571426,0.27446623418038224,0.11938996804593306
121,121.0,121.01720842354362,0.25255347640848924,0.060900311500002934,0.09987525480692752,0.031144981097875585,0.03944741911670195,0.05667911285515704,0.033391310001401976,0.029354254379728606,0.2789969475555578,0.11765693227815748
122,122.0,122.01675365905109,0.24824497345930657,0.07029586844760291,0.09521852913270486,0.03360184934826537,0.03820346154583084,0.0587943895386521,0.0329114404888463,0.02931929079625873,0.2782032782255987,0.11520691901693375
123,123.0,123.0161768344173,0.24488922075769967,0.07630294059078976,0.09485751990805381,0.03330334362879998,0.03700186511658853,0.05963913178586143,0.032450443522657725,0.029294630663173254,0.2798097518080281,0.11245115221834784
124,124.0,124.01549592390272,0.24651847520541864,0.07609614829062752,0.08921174314411141,0.03300165504499314,0.03942837333304604,0.05775885531188076,0.032011041817861435,0.029279490236764592,0.28169861351772063,0.11499560409757591
125,125.0,125.01472814520056,0.24247457045726148,0.0763865533246099,0.0870047529707102,0.03270011876911704,0.038297779705980015,0.0559783977366462,0.03159546986536616,0.02927306895062915,0.28884167309051756,0.1174476151291624
126,126.0,126.01388986291661,0.23651394717300744,0.07661277389350683,0.0915442731339935,0.03240173493313739,0.03719726764456079,0.05855208820942531,0.03120550040946675,0.029274559103600967,0.2888296835787959,0.11786817192050522
127,127.0,127.0129965102319,0.23258230297703947,0.07763227097948083,0.09497958722627432,0.03210917213142432,0.03613483411283789,0.06087787323305457,0.03084247289506261,0.02928315465023959,0.2859921495281594,0.11956618226642717
128,128.0,128.01206252771334,0.2367115582555464,0.07476751256896522,0.09494602426820618,0.03182477388856832,0.0351172955931589,0.060373794375079434,0.03050732340314826,0.029298059095711954,0.28773588801976346,0.11871777053185195
129,129.0,129.0111013181695,0.2338850717403166,0.07480449555448639,0.09601324415182454,0.031550567731112235,0.034150337969516206,0.06248115213187119,0.03020061562639386,0.029318492505679965,0.2900822504699978,0.11751377211880128
130,130.0,130.01012521639834,0.23344988053971663,0.0735293580602858,0.09641071818003843,0.03128827651209064,0.03323857272854263,0.06091127784727133,0.029922572471050964,0.029343697649594373,0.29100503749404416,0.12090060851736506
131,131.0,131.0091454726403,0.2338123645007565,0.0753118740664516,0.09222401906837538,0.031039331649850295,0.03957186792426557,0.06243755456321683,0.029673107906531847,0.029372945302621398,0.28861302770228103,0.11794390731564959
132,132.0,132.0081722485317,0.23192645307644263,0.07543189850073449,0.09062097445635552,0.030804887957335485,0.04043592586725181,0.06189730068594004,0.029451858719399322,0.029405538737319506,0.29158916986767525,0.11843599213154596
133,133.0,133.00721462434865,0.22955556720541337,0.08111016981384196,0.09558329087619491,0.0305858397544988,0.039967643342037396,0.060349203848905845,0.02925821586378606,0.029440817441174605,0.2893977872347998,0.11475146461934724
134,134.0,134.0062806163404,0.2301431348631004,0.07860774961521023,0.0997414417803811,0.0303828379744008,0.0437913891629247,0.057335321064287285,0.02909135513509626,0.02947816010023245,0.28826416200437216,0.11316444829999464
135,135.0,135.00537720296956,0.23351073783275517,0.08107632274007653,0.1007104539477766,0.03019630799256859,0.04328513557411567,0.05434947334748771,0.028950266927924483,0.029516986892382184,0.2847949468233033,0.11360936792160976
136,136.0,136.00451035890612,0.23696319216874057,0.07959197801009602,0.10134093409705427,0.03002646792899391,0.0423048720002813,0.051418715668893215,0.028833784872190633,0.029556761136393127,0.28525658804015247,0.11470670607720448
137,137.0,137.00368509565993,0.2413084839256628,0.0786824770900758,0.09792209875327176,0.031209625078397828,0.04129958606382757,0.05043763564174472,0.028740613173308262,0.029596990344639043,0.2848909119522175,0.11591157797685471
138,138.0,138.0029055077818,0.24438300156979648,0.07768303671175616,0.0983009722724547,0.031059720164757415,0.04028183286038093,0.04948800569607427,0.02866935251258105,0.029637226728613977,0.2859970603083745,0.11449979117521046
139,139.0,139.00217482361367,0.24662371708965133,0.07452676181015902,0.10197789244145988,0.030914208540833467,0.03926303664867514,0.05108807745261249,0.02861852439280075,0.02967706720690528,0.2865873704673443,0.11072334394955828
140,140.0,140.0014954596262,0.2504247931128009,0.08055993013179895,0.09770321791140334,0.03077410599389358,0.040653577362647846,0.04996181575589026,0.02858659384107047,0.0297161529652984,0.2814014626827555,0.1102183502424407
141,141.0,141.00086907744122,0.25398339367648654,0.0800817517394379,0.09541052082025506,0.030640272641708752,0.040761102644347416,0.047394450396154454,0.02857199040610251,0.029754168618199225,0.2824716199736292,0.1109307290836789
142,142.0,142.0002966427003,0.25972040915816746,0.07797255863209623,0.09541824858229385,0.030513419898325317,0.03973987638645233,0.04672497872906787,0.028573127410570325,0.02979084101962797,0.28389428056883725,0.10765225961456137
143,143.0,142.99977848500652,0.26099824576975705,0.07332356484673905,0.1014940136432046,0.030394118230296974,0.03872337399048223,0.046158909420722115,0.02858841944048566,0.029825937770717563,0.28682481978977936,0.10366859709781537
144,144.0,143.99931435823203,0.2601780507715611,0.07115331432395706,0.10102057572773493,0.030282805546768495,0.04020738875836371,0.04607489762573935,0.0286162980730046,0.029859265468991023,0.2921418991080647,0.10046550459581502
145,145.0,144.99890350055264,0.2622352617238246,0.07166655361091337,0.10035472197057281,0.030179796076125177,0.039203437564129945,0.046221953455865314,0.0286552258615416,0.029890667742747228,0.2952562666380668,0.09633611535621316
146,146.0,145.9985446936357,0.26767575884168304,0.06918862119158345,0.10426552317317697,0.03008528959178494,0.04053355648599124,0.04431019296780228,0.028703708612609485,0.02992002311170034,0.29363159798609406,0.09168572803757419
147,147.0,146.99823632047406,0.2666999135650565,0.07117796305360137,0.1024206350807397,0.02999938085996088,0.04086461643618708,0.0421962400468469,0.02876030600244449,0.029947242712641133,0.2925152056835889,0.09541849655893297
148,148.0,147.99797642142389,0.27036652326206223,0.07190716181037314,0.09932397711704126,0.029922069192719614,0.03985473999858542,0.04372600965375743,0.028823640593271548,0.029972267926361436,0.29354315335274833,0.09256045709307956
149,149.0,148.99776274806447,0.2671840289300091,0.07516664328005475,0.0995229193469721,0.029853268000275282,0.03884730380475808,0.04176668153082438,0.030525820330848212,0.029995067939446098,0.29183798186319165,0.09530028497362035
150,150.0,149.99759281456036,0.2722189117058358,0.07864576711247051,0.0981365300896486,0.029792814247072627,0.03785213819226589,0.039885619404876387,0.030582450380770204,0.03001563727182783,0.2897609537287637,0.09310917786646847
151,151.0,150.99746394626104,0.27344698425643343,0.07582883470444102,0.09481239726982908,0.029740477726719512,0.03687796775910026,0.03809380729747443,0.030627592921892294,0.03003399329825311,0.29532329880107777,0.09521464596477912
152,152.0,151.99737332532905,0.27299603033779646,0.08030238063095255,0.09460754805035744,0.02969597008113451,0.035932434691660194,0.03846722573322511,0.03066194527968325,0.030050173789053336,0.29229733705728034,0.09498895434885687
153,153.0,152.99731803323698,0.27756228612468736,0.07949532461918704,0.09700383477743968,0.02965895349929667,0.03502213058404753,0.04114398371605144,0.030686242948898282,0.030064234492883,0.28618761095699696,0.09317539828051206
154,154.0,153.99729509002177,0.27723337595088116,0.07969377841218526,0.09551762072981157,0.02962904904064964,0.03415263558135566,0.04116038692867405,0.030701248421702826,0.030076246781400875,0.2891283576837185,0.09270730046962061
155,155.0,154.99730149022784,0.2764994602664593,0.08174855115793139,0.0974960816331838,0.029605844537460825,0.03332856372311942,0.039645290898638705,0.030707740863009883,0.030086295373252955,0.2887524795498474,0.09212969199709649
156,156.0,155.99733423551103,0.2748253662676093,0.08782848748584257,0.0940281600539899,0.03197813258356819,0.0325536134134756,0.038185251562620516,0.030706506651556137,0.030094476152187292,0.2908572913159846,0.08894271451316611
157,157.0,156.99739036391077,0.27443271788205237,0.08807695065774228,0.0907118609394509,0.03194310300931242,0.03183062200066141,0.03678936364457794,0.030698330794732206,0.030100894091706326,0.29459600773110534,0.09082014924865901
158,158.0,157.99746697583146,0.27101970511194073,0.08700323641380349,0.0946284999739841,0.0318921453623891,0.03116162350912203,0.03838370997822524,0.030683989215643345,0.03010566129635639,0.29490912953355586,0.0902122996049799
159,159.0,158.99756125680176,0.2729714239581634,0.08301279499720818,0.09166538083361352,0.031827362026534224,0.030547908631645367,0.038630190075309864,0.03066424190230694,0.030108895167577886,0.2980419489290609,0.09252985347858
160,160.0,159.997670497107,0.2789035244009218,0.07863563770531842,0.0928814099920004,0.03175078340399949,0.03312644979196355,0.03863760758897793,0.0306398269012811,0.030110716700001455,0.2912322717143077,0.09408177180122838
161,161.0,160.99779210841066,0.27692545390653533,0.08071813592073616,0.0925035348634514,0.03166435480967823,0.03259314506560301,0.040076665342088744,0.030611455131345035,0.03011124891218265,0.28982753523973626,0.09496847080864344
162,162.0,161.99792363749984,0.27943433400284207,0.07787792125484663,0.09401866501240175,0.03156992552669232,0.03208723936122249,0.039105917186382726,0.030579805987089127,0.0301106154140239,0.28715253282525127,0.09806304342924797
163,163.0,162.9980627773051,0.2829209521234331,0.07365038930861426,0.09805945320353836,0.03146923991673808,0.03279351825941877,0.037954361213715905,0.030545523697387916,0.030108939111540785,0.28635956107135646,0.0961380620942567
164,164.0,163.9982073753568,0.28659336517192785,0.07089034980696747,0.09943621462545588,0.03136393046861188,0.03233701430202536,0.0368384172261786,0.030509214399682953,0.03010634104819057,0.28865977292202194,0.09326538002893786
165,165.0,164.99835543984977,0.27986377088875003,0.06732833996782286,0.10069609630946111,0.031255512660612175,0.03190279059735104,0.0372698072339671,0.030471443887751658,0.03010293938069348,0.2907991083888347,0.10031019068475616
166,166.0,165.99850514349492,0.27599801236183963,0.06735091387834295,0.09839120218419575,0.031145381506806326,0.03294067177745287,0.038679737837765474,0.03043273598813597,0.030098848486139154,0.29227753899258896,0.10268495698673322
167,167.0,166.99865482534062,0.28039610711081336,0.06347944669803068,0.10182922046310468,0.031034809653312997,0.03254241874351599,0.03845088680027685,0.030393571518600497,0.030094178196178878,0.291918968312003,0.09986039250416344
168,168.0,167.99880299074837,0.2835024500936391,0.058985286451548796,0.10412436775761251,0.030924946888635875,0.03215856682553763,0.037447351941337,0.030354387780832562,0.030089033153252835,0.29111713757897156,0.10129647152863241
169,169.0,168.99894830970783,0.28661359684812276,0.058851339476601386,0.10651041653696355,0.030816820931540104,0.03179151443110173,0.03646969704887776,0.0303155785390331,0.030083512283086873,0.28872999507850455,0.09981752882616846
170,170.0,169.99908961367427,0.28605435274991864,0.06189801915603187,0.11252374812875769,0.03071133936083851,0.0314432521317984,0.035525110675175664,0.030277494436023247,0.03007770837710664,0.281320010026507,0.10016896495784261
171,171.0,170.99922589110733,0.28433627461776917,0.05941068765899809,0.1149361913595913,0.03060929255359869,0.032755171620002015,0.03613338236645626,0.03399219608081453,0.030071707777953358,0.2812112514373272,0.09654384452748957
172,172.0,171.99935628188598,0.27642096755131557,0.05953503206666451,0.1199138137154512,0.03051135750154687,0.032432538172180114,0.03906552498236986,0.0339189285466442,0.030065590160935872,0.2810743747447452,0.09706187255814686
173,173.0,172.99948007076793,0.276797616343924,0.05625334562086536,0.12261328486517799,0.03041810237968476,0.0321178426874186,0.04041774969570937,0.03381379848042446,0.030059428404010775,0.2820977253092972,0.09541110621348775
174,174.0,173.99959668005403,0.28232470861945747,0.05566226368603315,0.1194500279408152,0.03032999174621201,0.03181343832425906,0.039855011230411144,0.03368104343602245,0.03005328853873808,0.2862165015655086,0.09061372491254312
