,Unnamed: 0,Total_iterations,Intertwine_two,Add_vertex,Delete_vertex,Invert_path_vertices,Insert_inside_vertex,Delete_inside_vertex,Replace_inside_vertex,Donate_between_routes
0,0.0,0.0,0.125,0.125,0.125,0.125,0.125,0.125,0.125,0.125
1,1.0,1.0,0.125,0.125,0.125,0.125,0.125,0.125,0.125,0.125
2,2.0,2.0,0.125,0.125,0.125,0.125,0.125,0.125,0.125,0.125
3,3.0,3.0,0.125,0.125,0.125,0.125,0.125,0.125,0.125,0.125
4,4.0,4.0,0.125,0.125,0.125,0.125,0.125,0.125,0.125,0.125
5,5.0,5.0,0.125,0.125,0.125,0.125,0.125,0.125,0.125,0.125
6,6.0,6.0,0.125,0.125,0.125,0.125,0.125,0.125,0.125,0.125
7,7.0,7.0,0.125,0.125,0.125,0.125,0.125,0.125,0.125,0.125
8,8.0,8.0,0.125,0.125,0.125,0.125,0.125,0.125,0.125,0.125
9,9.0,9.0,0.125,0.125,0.125,0.125,0.125,0.125,0.125,0.125
10,10.0,10.0,0.125,0.125,0.125,0.125,0.125,0.125,0.125,0.125
11,11.0,11.0,0.125,0.125,0.125,0.125,0.125,0.125,0.125,0.125
12,12.0,12.0,0.125,0.125,0.125,0.125,0.125,0.125,0.125,0.125
13,13.0,13.0,0.125,0.125,0.125,0.125,0.125,0.125,0.125,0.125
14,14.0,14.0,0.125,0.125,0.125,0.125,0.125,0.125,0.125,0.125
15,15.0,15.0,0.125,0.125,0.125,0.125,0.125,0.125,0.125,0.125
16,16.0,16.0,0.125,0.125,0.125,0.125,0.125,0.125,0.125,0.125
17,17.0,17.0,0.125,0.125,0.125,0.125,0.125,0.125,0.125,0.125
18,18.0,18.0,0.125,0.125,0.125,0.125,0.125,0.125,0.125,0.125
19,19.0,19.0,0.125,0.125,0.125,0.125,0.125,0.125,0.125,0.125
20,20.0,20.0,0.125,0.125,0.125,0.125,0.125,0.125,0.125,0.125
21,21.0,21.0,0.125,0.125,0.125,0.125,0.125,0.125,0.125,0.125
22,22.0,22.0,0.125,0.125,0.125,0.125,0.125,0.125,0.125,0.125
23,23.0,23.0,0.125,0.125,0.125,0.125,0.125,0.125,0.125,0.125
24,24.0,24.0,0.125,0.125,0.125,0.125,0.125,0.125,0.125,0.125
25,25.0,25.0,0.125,0.125,0.125,0.125,0.125,0.125,0.125,0.125
26,26.0,26.0,0.125,0.125,0.125,0.125,0.125,0.125,0.125,0.125
27,27.0,27.0,0.125,0.125,0.125,0.125,0.125,0.125,0.125,0.125
28,28.0,28.0,0.125,0.125,0.125,0.125,0.125,0.125,0.125,0.125
29,29.0,29.0,0.125,0.125,0.125,0.125,0.125,0.125,0.125,0.125
30,30.0,30.0,0.125,0.125,0.125,0.125,0.125,0.125,0.125,0.125
31,31.0,31.0,0.125,0.125,0.125,0.125,0.125,0.125,0.125,0.125
32,32.0,32.0,0.125,0.125,0.125,0.125,0.125,0.125,0.125,0.125
33,33.0,33.0,0.125,0.125,0.125,0.125,0.125,0.125,0.125,0.125
34,34.0,34.0,0.125,0.125,0.125,0.125,0.125,0.125,0.125,0.125
35,35.0,35.0,0.125,0.125,0.125,0.125,0.125,0.125,0.125,0.125
36,36.0,36.0,0.125,0.125,0.125,0.125,0.125,0.125,0.125,0.125
37,37.0,37.0,0.125,0.125,0.125,0.125,0.125,0.125,0.125,0.125
38,38.0,38.0,0.125,0.125,0.125,0.125,0.125,0.125,0.125,0.125
39,39.0,39.0,0.125,0.125,0.125,0.125,0.125,0.125,0.125,0.125
40,40.0,40.0,0.125,0.125,0.125,0.125,0.125,0.125,0.125,0.125
41,41.0,41.0,0.125,0.125,0.125,0.125,0.125,0.125,0.125,0.125
42,42.0,42.0,0.125,0.125,0.125,0.125,0.125,0.125,0.125,0.125
43,43.0,43.0,0.125,0.125,0.125,0.125,0.125,0.125,0.125,0.125
44,44.0,44.0,0.125,0.125,0.125,0.125,0.125,0.125,0.125,0.125
45,45.0,45.0,0.125,0.125,0.125,0.125,0.125,0.125,0.125,0.125
46,46.0,46.0,0.125,0.125,0.125,0.125,0.125,0.125,0.125,0.125
47,47.0,47.0,0.125,0.125,0.125,0.125,0.125,0.125,0.125,0.125
48,48.0,48.0,0.125,0.125,0.125,0.125,0.125,0.125,0.125,0.125
49,49.0,49.0,0.125,0.125,0.125,0.125,0.125,0.125,0.125,0.125
50,50.0,50.0,0.125,0.125,0.125,0.125,0.125,0.125,0.125,0.125
51,51.0,51.0,0.125,0.125,0.125,0.125,0.125,0.125,0.125,0.125
52,52.0,52.0,0.125,0.125,0.125,0.125,0.125,0.125,0.125,0.125
53,53.0,53.0,0.125,0.125,0.125,0.125,0.125,0.125,0.125,0.125
54,54.0,54.0,0.125,0.125,0.125,0.125,0.125,0.125,0.125,0.125
55,55.0,55.0,0.125,0.125,0.125,0.125,0.125,0.125,0.125,0.125
56,56.0,56.0,0.125,0.125,0.125,0.125,0.125,0.125,0.125,0.125
57,57.0,57.0,0.125,0.125,0.125,0.125,0.125,0.125,0.125,0.125
58,58.0,58.0,0.125,0.125,0.125,0.125,0.125,0.125,0.125,0.125
59,59.0,59.0,0.125,0.125,0.125,0.125,0.125,0.125,0.125,0.125
60,60.0,60.0,0.125,0.125,0.125,0.125,0.125,0.125,0.125,0.125
61,61.0,61.0,0.125,0.125,0.125,0.125,0.125,0.125,0.125,0.125
62,62.0,62.0,0.125,0.125,0.125,0.125,0.125,0.125,0.125,0.125
63,63.0,63.0,0.125,0.125,0.125,0.125,0.125,0.125,0.125,0.125
64,64.0,64.0,0.125,0.125,0.125,0.125,0.125,0.125,0.125,0.125
65,65.0,65.0,0.125,0.125,0.125,0.125,0.125,0.125,0.125,0.125
66,66.0,66.0,0.125,0.125,0.125,0.125,0.125,0.125,0.125,0.125
67,67.0,67.0,0.125,0.125,0.125,0.125,0.125,0.125,0.125,0.125
68,68.0,68.0,0.125,0.125,0.125,0.125,0.125,0.125,0.125,0.125
69,69.0,69.0,0.125,0.125,0.125,0.125,0.125,0.125,0.125,0.125
70,70.0,70.0,0.125,0.125,0.125,0.125,0.125,0.125,0.125,0.125
71,71.0,71.0,0.125,0.125,0.125,0.125,0.125,0.125,0.125,0.125
72,72.0,72.0,0.125,0.125,0.125,0.125,0.125,0.125,0.125,0.125
73,73.0,73.0,0.125,0.125,0.125,0.125,0.125,0.125,0.125,0.125
74,74.0,74.0,0.125,0.125,0.125,0.125,0.125,0.125,0.125,0.125
75,75.0,75.0,0.125,0.125,0.125,0.125,0.125,0.125,0.125,0.125
76,76.0,76.0,0.125,0.125,0.125,0.125,0.125,0.125,0.125,0.125
77,77.0,77.0,0.125,0.125,0.125,0.125,0.125,0.125,0.125,0.125
78,78.0,78.0,0.125,0.125,0.125,0.125,0.125,0.125,0.125,0.125
79,79.0,79.0,0.125,0.125,0.125,0.125,0.125,0.125,0.125,0.125
80,80.0,80.0,0.125,0.125,0.125,0.125,0.125,0.125,0.125,0.125
81,81.0,81.0,0.125,0.125,0.125,0.125,0.125,0.125,0.125,0.125
82,82.0,82.0,0.125,0.125,0.125,0.125,0.125,0.125,0.125,0.125
83,83.0,83.0,0.125,0.125,0.125,0.125,0.125,0.125,0.125,0.125
84,84.0,84.0,0.125,0.125,0.125,0.125,0.125,0.125,0.125,0.125
85,85.0,85.0,0.125,0.125,0.125,0.125,0.125,0.125,0.125,0.125
86,86.0,86.0,0.125,0.125,0.125,0.125,0.125,0.125,0.125,0.125
87,87.0,87.1,0.125,0.125,0.125,0.125,0.125,0.125,0.125,0.125
88,88.0,88.1,0.125,0.125,0.125,0.125,0.125,0.125,0.125,0.125
89,89.0,89.1,0.125,0.125,0.125,0.125,0.125,0.125,0.125,0.125
90,90.0,90.1,0.125,0.125,0.125,0.125,0.125,0.125,0.125,0.125
91,91.0,91.1,0.125,0.125,0.125,0.125,0.125,0.125,0.125,0.125
92,92.0,92.1,0.125,0.125,0.125,0.125,0.125,0.125,0.125,0.125
93,93.0,93.1,0.125,0.125,0.125,0.125,0.125,0.125,0.125,0.125
94,94.0,94.1,0.125,0.125,0.125,0.125,0.125,0.125,0.125,0.125
95,95.0,95.1,0.125,0.125,0.125,0.125,0.125,0.125,0.125,0.125
96,96.0,96.1,0.125,0.125,0.125,0.125,0.125,0.125,0.125,0.125
97,97.0,97.1,0.125,0.125,0.125,0.125,0.125,0.125,0.125,0.125
98,98.0,98.1,0.125,0.125,0.125,0.125,0.125,0.125,0.125,0.125
99,99.0,99.1,0.125,0.125,0.125,0.125,0.125,0.125,0.125,0.125
100,100.0,100.1,0.125,0.125,0.125,0.125,0.125,0.125,0.125,0.125
101,101.0,101.1,0.125,0.125,0.125,0.125,0.125,0.125,0.125,0.125
102,102.0,102.1,0.125,0.125,0.125,0.125,0.125,0.125,0.125,0.125
103,103.0,103.1,0.125,0.125,0.125,0.125,0.125,0.125,0.125,0.125
104,104.0,104.1,0.125,0.125,0.125,0.125,0.125,0.125,0.125,0.125
105,105.0,105.1,0.125,0.125,0.125,0.125,0.125,0.125,0.125,0.125
106,106.0,106.1,0.125,0.125,0.125,0.125,0.125,0.125,0.125,0.125
107,107.0,107.1,0.125,0.125,0.125,0.125,0.125,0.125,0.125,0.125
108,108.0,108.1,0.125,0.125,0.125,0.125,0.125,0.125,0.125,0.125
109,109.0,109.1,0.125,0.125,0.125,0.125,0.125,0.125,0.125,0.125
110,110.0,110.1,0.125,0.125,0.125,0.125,0.125,0.125,0.125,0.125
111,111.0,111.1,0.125,0.125,0.125,0.125,0.125,0.125,0.125,0.125
112,112.0,112.1,0.125,0.125,0.125,0.125,0.125,0.125,0.125,0.125
113,113.0,113.1,0.125,0.125,0.125,0.125,0.125,0.125,0.125,0.125
114,114.0,114.1,0.125,0.125,0.125,0.125,0.125,0.125,0.125,0.125
115,115.0,115.1,0.125,0.125,0.125,0.125,0.125,0.125,0.125,0.125
116,116.0,116.1,0.125,0.125,0.125,0.125,0.125,0.125,0.125,0.125
117,117.0,117.1,0.125,0.125,0.125,0.125,0.125,0.125,0.125,0.125
118,118.0,118.1,0.125,0.125,0.125,0.125,0.125,0.125,0.125,0.125
119,119.0,119.1,0.125,0.125,0.125,0.125,0.125,0.125,0.125,0.125
120,120.0,120.1,0.125,0.125,0.125,0.125,0.125,0.125,0.125,0.125
121,121.0,121.1,0.125,0.125,0.125,0.125,0.125,0.125,0.125,0.125
122,122.0,122.1,0.125,0.125,0.125,0.125,0.125,0.125,0.125,0.125
123,123.0,123.1,0.125,0.125,0.125,0.125,0.125,0.125,0.125,0.125
124,124.0,124.1,0.125,0.125,0.125,0.125,0.125,0.125,0.125,0.125
125,125.0,125.1,0.125,0.125,0.125,0.125,0.125,0.125,0.125,0.125
126,126.0,126.1,0.125,0.125,0.125,0.125,0.125,0.125,0.125,0.125
127,127.0,127.1,0.125,0.125,0.125,0.125,0.125,0.125,0.125,0.125
128,128.0,128.1,0.125,0.125,0.125,0.125,0.125,0.125,0.125,0.125
129,129.0,129.1,0.125,0.125,0.125,0.125,0.125,0.125,0.125,0.125
130,130.0,130.1,0.125,0.125,0.125,0.125,0.125,0.125,0.125,0.125
131,131.0,131.1,0.125,0.125,0.125,0.125,0.125,0.125,0.125,0.125
132,132.0,132.1,0.125,0.125,0.125,0.125,0.125,0.125,0.125,0.125
133,133.0,133.1,0.125,0.125,0.125,0.125,0.125,0.125,0.125,0.125
134,134.0,134.1,0.125,0.125,0.125,0.125,0.125,0.125,0.125,0.125
135,135.0,135.1,0.125,0.125,0.125,0.125,0.125,0.125,0.125,0.125
136,136.0,136.1,0.125,0.125,0.125,0.125,0.125,0.125,0.125,0.125
137,137.0,137.1,0.125,0.125,0.125,0.125,0.125,0.125,0.125,0.125
138,138.0,138.1,0.125,0.125,0.125,0.125,0.125,0.125,0.125,0.125
139,139.0,139.1,0.125,0.125,0.125,0.125,0.125,0.125,0.125,0.125
140,140.0,140.1,0.125,0.125,0.125,0.125,0.125,0.125,0.125,0.125
141,141.0,141.1,0.125,0.125,0.125,0.125,0.125,0.125,0.125,0.125
142,142.0,142.1,0.125,0.125,0.125,0.125,0.125,0.125,0.125,0.125
143,143.0,143.1,0.125,0.125,0.125,0.125,0.125,0.125,0.125,0.125
144,144.0,144.1,0.125,0.125,0.125,0.125,0.125,0.125,0.125,0.125
145,145.0,145.1,0.125,0.125,0.125,0.125,0.125,0.125,0.125,0.125
146,146.0,146.1,0.125,0.125,0.125,0.125,0.125,0.125,0.125,0.125
147,147.0,147.1,0.125,0.125,0.125,0.125,0.125,0.125,0.125,0.125
148,148.0,148.1,0.125,0.125,0.125,0.125,0.125,0.125,0.125,0.125
149,149.0,149.1,0.125,0.125,0.125,0.125,0.125,0.125,0.125,0.125
150,150.0,150.1,0.125,0.125,0.125,0.125,0.125,0.125,0.125,0.125
151,151.0,151.1,0.125,0.125,0.125,0.125,0.125,0.125,0.125,0.125
152,152.0,152.1,0.125,0.125,0.125,0.125,0.125,0.125,0.125,0.125
153,153.0,153.1,0.125,0.125,0.125,0.125,0.125,0.125,0.125,0.125
154,154.0,154.1,0.125,0.125,0.125,0.125,0.125,0.125,0.125,0.125
155,155.0,155.1,0.125,0.125,0.125,0.125,0.125,0.125,0.125,0.125
156,156.0,156.1,0.125,0.125,0.125,0.125,0.125,0.125,0.125,0.125
157,157.0,157.1,0.125,0.125,0.125,0.125,0.125,0.125,0.125,0.125
158,158.0,158.1,0.125,0.125,0.125,0.125,0.125,0.125,0.125,0.125
159,159.0,159.1,0.125,0.125,0.125,0.125,0.125,0.125,0.125,0.125
160,160.0,160.1,0.125,0.125,0.125,0.125,0.125,0.125,0.125,0.125
161,161.0,161.1,0.125,0.125,0.125,0.125,0.125,0.125,0.125,0.125
162,162.0,162.1,0.125,0.125,0.125,0.125,0.125,0.125,0.125,0.125
163,163.0,163.1,0.125,0.125,0.125,0.125,0.125,0.125,0.125,0.125
164,164.0,164.1,0.125,0.125,0.125,0.125,0.125,0.125,0.125,0.125
165,165.0,165.1,0.125,0.125,0.125,0.125,0.125,0.125,0.125,0.125
166,166.0,166.1,0.125,0.125,0.125,0.125,0.125,0.125,0.125,0.125
167,167.0,167.1,0.125,0.125,0.125,0.125,0.125,0.125,0.125,0.125
168,168.0,168.1,0.125,0.125,0.125,0.125,0.125,0.125,0.125,0.125
169,169.0,169.1,0.125,0.125,0.125,0.125,0.125,0.125,0.125,0.125
170,170.0,170.1,0.125,0.125,0.125,0.125,0.125,0.125,0.125,0.125
171,171.0,171.1,0.125,0.125,0.125,0.125,0.125,0.125,0.125,0.125
172,172.0,172.1,0.125,0.125,0.125,0.125,0.125,0.125,0.125,0.125
173,173.0,173.1,0.125,0.125,0.125,0.125,0.125,0.125,0.125,0.125
174,174.0,174.1,0.125,0.125,0.125,0.125,0.125,0.125,0.125,0.125
175,175.0,175.1,0.125,0.125,0.125,0.125,0.125,0.125,0.125,0.125
176,176.0,176.1,0.125,0.125,0.125,0.125,0.125,0.125,0.125,0.125
177,177.0,177.1,0.125,0.125,0.125,0.125,0.125,0.125,0.125,0.125
178,178.0,178.1,0.125,0.125,0.125,0.125,0.125,0.125,0.125,0.125
179,179.0,179.1,0.125,0.125,0.125,0.125,0.125,0.125,0.125,0.125
180,180.0,180.1,0.125,0.125,0.125,0.125,0.125,0.125,0.125,0.125
181,181.0,181.1,0.125,0.125,0.125,0.125,0.125,0.125,0.125,0.125
182,182.0,182.1,0.125,0.125,0.125,0.125,0.125,0.125,0.125,0.125
183,183.0,183.1,0.125,0.125,0.125,0.125,0.125,0.125,0.125,0.125
184,184.0,184.1,0.125,0.125,0.125,0.125,0.125,0.125,0.125,0.125
185,185.0,185.1,0.125,0.125,0.125,0.125,0.125,0.125,0.125,0.125
186,186.0,186.1,0.125,0.125,0.125,0.125,0.125,0.125,0.125,0.125
187,187.0,187.1,0.125,0.125,0.125,0.125,0.125,0.125,0.125,0.125
188,188.0,188.1,0.125,0.125,0.125,0.125,0.125,0.125,0.125,0.125
189,189.0,189.1,0.125,0.125,0.125,0.125,0.125,0.125,0.125,0.125
190,190.0,190.1,0.125,0.125,0.125,0.125,0.125,0.125,0.125,0.125
191,191.0,191.1,0.125,0.125,0.125,0.125,0.125,0.125,0.125,0.125
192,192.0,192.1,0.125,0.125,0.125,0.125,0.125,0.125,0.125,0.125
193,193.0,193.1,0.125,0.125,0.125,0.125,0.125,0.125,0.125,0.125
194,194.0,194.1,0.125,0.125,0.125,0.125,0.125,0.125,0.125,0.125
195,195.0,195.1,0.125,0.125,0.125,0.125,0.125,0.125,0.125,0.125
196,196.0,196.1,0.125,0.125,0.125,0.125,0.125,0.125,0.125,0.125
197,197.0,197.1,0.125,0.125,0.125,0.125,0.125,0.125,0.125,0.125
198,198.0,198.1,0.125,0.125,0.125,0.125,0.125,0.125,0.125,0.125
199,199.0,199.1,0.12487113402061856,0.12487113402061856,0.12487113402061856,0.12487113402061856,0.12487113402061856,0.12487113402061856,0.1259020618556701,0.12487113402061856
200,200.0,200.1,0.13181557846506298,0.131815578465063,0.12070446735395188,0.12070446735395188,0.12070446735395188,0.12070446735395188,0.13284650630011455,0.12070446735395188
201,201.0,201.1,0.1383560090702948,0.1394671201814059,0.1183560090702948,0.1183560090702948,0.1183560090702948,0.1183560090702948,0.1303968253968254,0.1183560090702948
202,202.0,202.1,0.13696712018140592,0.138078231292517,0.11696712018140591,0.11696712018140591,0.11696712018140591,0.11696712018140591,0.12900793650793652,0.128078231292517
203,203.0,203.1,0.13593434343434344,0.14522727272727273,0.11593434343434343,0.11593434343434343,0.11593434343434343,0.11694444444444445,0.12704545454545454,0.12704545454545454
204,204.0,204.1,0.1358131313131313,0.14610606060606063,0.11581313131313131,0.11581313131313131,0.11581313131313131,0.11681313131313131,0.1269040404040404,0.12692424242424244
205,205.0,205.1,0.1358131313131313,0.14610606060606063,0.11581313131313131,0.11581313131313131,0.11581313131313131,0.11681313131313131,0.1269040404040404,0.12692424242424244
206,206.0,206.1,0.1358131313131313,0.14610606060606063,0.11581313131313131,0.11581313131313131,0.11581313131313131,0.11681313131313131,0.1269040404040404,0.12692424242424244
207,207.0,207.1,0.1358131313131313,0.14610606060606063,0.11581313131313131,0.11581313131313131,0.11581313131313131,0.11681313131313131,0.1269040404040404,0.12692424242424244
208,208.0,208.1,0.1358131313131313,0.14610606060606063,0.11581313131313131,0.11581313131313131,0.11581313131313131,0.11681313131313131,0.1269040404040404,0.12692424242424244
209,209.0,209.1,0.1358131313131313,0.14610606060606063,0.11581313131313131,0.11581313131313131,0.11581313131313131,0.11681313131313131,0.1269040404040404,0.12692424242424244
210,210.0,210.1,0.1358131313131313,0.14610606060606063,0.11581313131313131,0.11581313131313131,0.11581313131313131,0.11681313131313131,0.1269040404040404,0.12692424242424244
211,211.0,211.1,0.1358131313131313,0.14610606060606063,0.11581313131313131,0.11581313131313131,0.11581313131313131,0.11681313131313131,0.1269040404040404,0.12692424242424244
212,212.0,212.1,0.1358131313131313,0.14610606060606063,0.11581313131313131,0.11581313131313131,0.11581313131313131,0.11681313131313131,0.1269040404040404,0.12692424242424244
213,213.0,213.1,0.1258131313131313,0.14610606060606063,0.11581313131313131,0.11581313131313131,0.1258131313131313,0.11681313131313131,0.1269040404040404,0.12692424242424244
214,214.0,214.1,0.12260606060606061,0.14380808080808077,0.1135151515151515,0.12260606060606061,0.12260606060606061,0.1145151515151515,0.12460606060606061,0.1357373737373737
215,215.0,215.1,0.12109090909090907,0.15138383838383834,0.11275757575757575,0.12109090909090907,0.12109090909090907,0.11375757575757575,0.12384848484848485,0.13497979797979795
216,216.0,216.1,0.11869774669774669,0.15668298368298367,0.121005439005439,0.11869774669774669,0.11869774669774669,0.112005439005439,0.12209634809634809,0.1321165501165501
217,217.0,217.1,0.11668975468975469,0.1541255411255411,0.12772871572871575,0.11668975468975469,0.11668975468975469,0.11054689754689755,0.12063780663780663,0.1368917748917749
218,218.0,218.1,0.11530086580086578,0.15273665223665223,0.12633982683982684,0.11530086580086578,0.11530086580086578,0.10915800865800865,0.11924891774891774,0.1466139971139971
219,219.0,219.1,0.11454329004329003,0.15197907647907646,0.1324004329004329,0.11454329004329003,0.11454329004329003,0.10840043290043289,0.118491341991342,0.14509884559884556
220,220.0,220.1,0.11343217893217891,0.15086796536796537,0.1312893217893218,0.12343217893217892,0.11343217893217891,0.10728932178932178,0.11738023088023089,0.14287662337662335
221,221.0,221.1,0.11343217893217891,0.15086796536796537,0.12295598845598846,0.13176551226551225,0.11343217893217891,0.10728932178932178,0.11738023088023089,0.14287662337662335
222,222.0,222.1,0.11279115329115327,0.1502269397269397,0.12103291153291151,0.13048346098346097,0.11279115329115327,0.10664829614829614,0.11673920523920522,0.14928687978687977
223,223.0,223.1,0.11279115329115327,0.1502269397269397,0.12103291153291151,0.13048346098346097,0.11279115329115327,0.10664829614829614,0.11673920523920522,0.14928687978687977
224,224.0,224.1,0.11279115329115327,0.1502269397269397,0.12103291153291151,0.13048346098346097,0.11279115329115327,0.10664829614829614,0.11673920523920522,0.14928687978687977
225,225.0,225.1,0.11279115329115327,0.1502269397269397,0.12103291153291151,0.13048346098346097,0.11279115329115327,0.10664829614829614,0.11673920523920522,0.14928687978687977
226,226.0,226.1,0.11279115329115327,0.1502269397269397,0.12103291153291151,0.13048346098346097,0.11279115329115327,0.10664829614829614,0.11673920523920522,0.14928687978687977
227,227.0,227.1,0.11279115329115327,0.1502269397269397,0.12103291153291151,0.13048346098346097,0.11279115329115327,0.10664829614829614,0.11673920523920522,0.14928687978687977
228,228.0,228.1,0.12279115329115328,0.1502269397269397,0.12103291153291151,0.12048346098346097,0.11279115329115327,0.10664829614829614,0.11673920523920522,0.14928687978687977
229,229.0,229.1,0.12279115329115328,0.1502269397269397,0.12872521922521923,0.12048346098346097,0.11279115329115327,0.10664829614829614,0.11673920523920522,0.14159457209457207
230,230.0,230.1,0.12279115329115328,0.1502269397269397,0.12872521922521923,0.12048346098346097,0.11279115329115327,0.10664829614829614,0.11673920523920522,0.14159457209457207
231,231.0,231.1,0.12279115329115328,0.1502269397269397,0.12872521922521923,0.12048346098346097,0.11279115329115327,0.10664829614829614,0.11673920523920522,0.14159457209457207
232,232.0,232.1,0.12279115329115328,0.1502269397269397,0.12872521922521923,0.12048346098346097,0.11279115329115327,0.10664829614829614,0.11673920523920522,0.14159457209457207
233,233.0,233.1,0.12279115329115328,0.1502269397269397,0.12872521922521923,0.12048346098346097,0.11279115329115327,0.10664829614829614,0.11673920523920522,0.14159457209457207
234,234.0,234.1,0.12224170274170273,0.14967748917748916,0.13367027417027416,0.11938455988455987,0.11224170274170273,0.1060988455988456,0.11618975468975468,0.14049567099567098
235,235.0,235.1,0.12224170274170273,0.14967748917748916,0.13367027417027416,0.11938455988455987,0.11224170274170273,0.1060988455988456,0.11618975468975468,0.14049567099567098
236,236.0,236.1,0.12224170274170273,0.14967748917748916,0.13367027417027416,0.11938455988455987,0.11224170274170273,0.1060988455988456,0.11618975468975468,0.14049567099567098
237,237.0,237.1,0.12224170274170273,0.14967748917748916,0.13367027417027416,0.11938455988455987,0.11224170274170273,0.1060988455988456,0.11618975468975468,0.14049567099567098
238,238.0,238.1,0.12224170274170273,0.14967748917748916,0.13367027417027416,0.11938455988455987,0.11224170274170273,0.1060988455988456,0.11618975468975468,0.14049567099567098
239,239.0,239.1,0.12279115329115328,0.1502269397269397,0.1364175269175269,0.12048346098346097,0.11279115329115327,0.10664829614829614,0.11673920523920522,0.1339022644022644
240,240.0,240.1,0.12279115329115328,0.1502269397269397,0.1364175269175269,0.12048346098346097,0.11279115329115327,0.10664829614829614,0.11673920523920522,0.1339022644022644
241,241.0,241.1,0.12224170274170273,0.14967748917748916,0.14081313131313128,0.11938455988455987,0.11224170274170273,0.1060988455988456,0.11618975468975468,0.13335281385281386
242,242.0,242.1,0.12176551226551224,0.14920129870129867,0.1446226551226551,0.11843217893217892,0.11176551226551226,0.10562265512265512,0.1157135642135642,0.13287662337662337
243,243.0,243.1,0.12176551226551224,0.14920129870129867,0.1446226551226551,0.11843217893217892,0.11176551226551226,0.10562265512265512,0.1157135642135642,0.13287662337662337
244,244.0,244.1,0.12176551226551224,0.14920129870129867,0.1446226551226551,0.11843217893217892,0.11176551226551226,0.10562265512265512,0.1157135642135642,0.13287662337662337
245,245.0,245.1,0.12176551226551224,0.14920129870129867,0.13795598845598844,0.1250988455988456,0.11176551226551226,0.10562265512265512,0.1157135642135642,0.13287662337662337
246,246.0,246.1,0.12176551226551224,0.14920129870129867,0.13795598845598844,0.1250988455988456,0.11176551226551226,0.10562265512265512,0.1157135642135642,0.13287662337662337
247,247.0,247.1,0.12176551226551224,0.14920129870129867,0.13795598845598844,0.1250988455988456,0.11176551226551226,0.10562265512265512,0.1157135642135642,0.13287662337662337
248,248.0,248.1,0.11475543900543901,0.15812529137529135,0.142255439005439,0.12494774669774669,0.11244774669774668,0.105755439005439,0.11584634809634808,0.1258665501165501
249,249.0,249.1,0.11420598845598846,0.1630703463203463,0.14170598845598845,0.1238488455988456,0.11134884559884559,0.10520598845598846,0.11529689754689754,0.12531709956709955
250,250.0,250.1,0.11372979797979799,0.1673560606060606,0.14122979797979798,0.12289646464646464,0.11039646464646465,0.10472979797979798,0.11482070707070706,0.12484090909090909
251,251.0,251.1,0.1129454842543078,0.16448841354723706,0.13823960190136658,0.12096019013666073,0.10919548425430778,0.11019548425430778,0.11991874628639335,0.12405659536541891
252,252.0,252.1,0.11225103980986333,0.16195573380867495,0.14113992869875222,0.12512685680332739,0.10813339275103981,0.10913339275103981,0.11889750445632799,0.12336215092097444
253,253.0,253.1,0.1116318447634237,0.1597025518341308,0.14373710792131844,0.1232692716640085,0.10718740031897926,0.1137429558745348,0.11798591174906965,0.12274295587453483
254,254.0,254.1,0.11136868686868687,0.15943939393939394,0.14136868686868687,0.12247979797979795,0.10692424242424244,0.11347979797979797,0.12245959595959596,0.12247979797979798
255,255.0,255.1,0.11113059163059162,0.15920129870129868,0.14398773448773447,0.1273210678210678,0.10668614718614719,0.10768614718614719,0.12174531024531024,0.12224170274170273
256,256.0,256.1,0.11113059163059162,0.15920129870129868,0.14398773448773447,0.1273210678210678,0.10668614718614719,0.10768614718614719,0.12174531024531024,0.12224170274170273
257,257.0,257.1,0.1108381939697729,0.1574469127363864,0.14369533682691576,0.12615147717779296,0.11136450975924661,0.10710135186450978,0.12145291258449151,0.12194930508088402
258,258.0,258.1,0.1108381939697729,0.1574469127363864,0.14369533682691576,0.12615147717779296,0.11136450975924661,0.10710135186450978,0.12145291258449151,0.12194930508088402
259,259.0,259.1,0.1108381939697729,0.1574469127363864,0.14369533682691576,0.12615147717779296,0.11136450975924661,0.10710135186450978,0.12145291258449151,0.12194930508088402
260,260.0,260.1,0.11057503607503608,0.16086796536796535,0.1434321789321789,0.1250988455988456,0.11057503607503608,0.10657503607503607,0.12118975468975468,0.12168614718614719
261,261.0,261.1,0.11033694083694083,0.15920129870129868,0.14795598845598842,0.12414646464646464,0.10986075036075035,0.1060988455988456,0.12095165945165945,0.12144805194805194
262,262.0,262.1,0.11033694083694083,0.15920129870129868,0.14795598845598842,0.12414646464646464,0.10986075036075035,0.1060988455988456,0.12095165945165945,0.12144805194805194
263,263.0,263.1,0.11113059163059162,0.15999494949494947,0.1392258297258297,0.12652741702741702,0.11065440115440114,0.10689249639249639,0.12333261183261184,0.12224170274170273
264,264.0,264.1,0.11113059163059162,0.15999494949494947,0.1392258297258297,0.12652741702741702,0.11065440115440114,0.10689249639249639,0.12333261183261184,0.12224170274170273
265,265.0,265.1,0.11113059163059162,0.15999494949494947,0.13367027417027416,0.12652741702741702,0.11065440115440114,0.10689249639249639,0.12888816738816739,0.12224170274170273
266,266.0,266.1,0.11113059163059162,0.15999494949494947,0.13367027417027416,0.13763852813852812,0.11065440115440114,0.10689249639249639,0.12888816738816739,0.11113059163059162
267,267.0,267.1,0.11001948051948052,0.16888383838383836,0.13255916305916304,0.13541630591630588,0.10954329004329004,0.10578138528138528,0.12777705627705627,0.11001948051948052
268,268.0,268.1,0.11034627790510143,0.1692106357694593,0.13451994737288853,0.13639669807316865,0.10987008742891095,0.1061081826670062,0.12320189287836347,0.11034627790510143
269,269.0,269.1,0.12001948051948053,0.16888383838383836,0.1381147186147186,0.12541630591630587,0.10954329004329004,0.10578138528138528,0.12222150072150073,0.11001948051948052
270,270.0,270.1,0.1182012987012987,0.15595454545454543,0.13720562770562766,0.12450721500721498,0.10863419913419911,0.12507431457431456,0.1213124098124098,0.10911038961038959
271,271.0,271.1,0.11709018759018759,0.15484343434343434,0.14609451659451658,0.12339610389610386,0.107523088023088,0.12285209235209231,0.1202012987012987,0.10799927849927848
272,272.0,272.1,0.11618109668109666,0.1539343434343434,0.15336724386724382,0.12724891774891772,0.10661399711399708,0.11627200577200576,0.1192922077922078,0.10709018759018758
273,273.0,273.1,0.12154040404040403,0.14741161616161613,0.15366161616161614,0.1271590909090909,0.10195707070707069,0.12233585858585856,0.12056818181818181,0.1053661616161616
274,274.0,274.1,0.12154040404040403,0.14741161616161613,0.15366161616161614,0.1271590909090909,0.10195707070707069,0.12233585858585856,0.12056818181818181,0.1053661616161616
275,275.0,275.1,0.12015151515151515,0.14602272727272725,0.15227272727272725,0.12247474747474747,0.10056818181818179,0.12094696969696968,0.11792929292929291,0.11963383838383837
276,276.0,276.1,0.11756072429985472,0.14723501739806083,0.1565355900138509,0.11993209688861861,0.09822315969055098,0.12815855038681123,0.11597952771865813,0.11637533360359446
277,277.0,277.1,0.11737091411004452,0.14759465775770123,0.16342869690695777,0.11938264633916806,0.10481656628395757,0.11705964928791013,0.11543007716920758,0.11491679214505299
278,278.0,278.1,0.1164898815623453,0.14672905730876742,0.17006169353995443,0.11843988539640711,0.10395096583502376,0.11534388048880799,0.11572188412768121,0.1132627517410126
279,279.0,279.1,0.11510099267345641,0.14534016841987854,0.16867280465106554,0.1281621076186293,0.10256207694613488,0.1139549915999191,0.11433299523879233,0.11187386285212371
280,280.0,280.1,0.11239647496893872,0.14311184119155132,0.17040052137878223,0.12482266927919099,0.09985755924161718,0.11060944825437576,0.12979697570277277,0.10900450998277082
281,281.0,281.1,0.11239647496893872,0.14311184119155132,0.17040052137878223,0.12482266927919099,0.09985755924161718,0.11060944825437576,0.12979697570277277,0.10900450998277082
282,282.0,282.1,0.11239647496893872,0.14311184119155132,0.17040052137878223,0.12482266927919099,0.09985755924161718,0.11060944825437576,0.12979697570277277,0.10900450998277082
283,283.0,283.1,0.11043659842572884,0.14155319921624268,0.17475237323063408,0.12459118779770953,0.09913225059964188,0.11122673220499305,0.12958092632005674,0.10872673220499304
284,284.0,284.1,0.09970130430808179,0.14118555215741915,0.17254649087769292,0.11422354073888599,0.1142793094231713,0.120491438087346,0.12921327926123322,0.10835908514616951
285,285.0,285.1,0.09855269730269728,0.14619269619269618,0.16961802086802086,0.10988206238206236,0.1076201576201576,0.1279387279387279,0.12748237873237872,0.11271325896325894
286,286.0,286.1,0.09666087567403354,0.14404382167540059,0.17812077542340696,0.10828263841421733,0.10543593833067515,0.13231563757879544,0.12457592845750738,0.11056438444596335
287,287.0,287.1,0.09644442545758333,0.1425286701602491,0.17768787499050653,0.10763328776486666,0.10500303789777474,0.131882737145895,0.12560947824105714,0.11321048834206729
288,288.0,288.1,0.09624679699908531,0.14114527095076293,0.1772926180735105,0.1070404023893726,0.10460778098077868,0.13148748022889895,0.12541184978255912,0.1167678005950317
289,289.0,289.1,0.09542461193776981,0.1392361293677083,0.18398158128421283,0.11299875563033454,0.09834127860443646,0.1266813595760964,0.12394863908021798,0.11938764451922346
290,290.0,290.1,0.09279689754689753,0.1344862914862915,0.1993401875901876,0.1098246753246753,0.09463780663780662,0.12197546897546896,0.1272251082251082,0.11971356421356423
291,291.0,291.1,0.09142784992784993,0.13918867243867244,0.19928066378066378,0.11494372294372293,0.093268759018759,0.11893975468975466,0.12478463203463201,0.11816594516594517
292,292.0,292.1,0.09533541295306,0.13593746286393343,0.1994980689245395,0.1252798573975044,0.09053639334521686,0.11549851455733806,0.12187433155080211,0.11603995840760546
293,293.0,293.1,0.09364553562379647,0.14116969865882906,0.19960716698760175,0.12294895442721528,0.0885322877605486,0.11393780615519741,0.12561084084997126,0.11454770953683997
294,294.0,294.1,0.09214897091212879,0.14372615250246829,0.1998049859497228,0.12090293916609704,0.09392152730310623,0.11255247968405861,0.12371064023695602,0.11323230424546213
295,295.0,295.1,0.09133944710260498,0.14879758107389685,0.20085260499734187,0.11961722488038276,0.09215962254120148,0.11157628920786813,0.12306778309409887,0.11258944710260499
296,296.0,296.1,0.0962949126896495,0.1486437349200507,0.19885260499734186,0.12315568641884429,0.09185193023350915,0.11111475074632966,0.12291393694025272,0.10717244305402199
297,297.0,297.1,0.0962949126896495,0.1486437349200507,0.19885260499734186,0.12315568641884429,0.09185193023350915,0.11111475074632966,0.12291393694025272,0.10717244305402199
298,298.0,298.1,0.09601001240474921,0.14850128477760055,0.19930094807726387,0.12272833599149387,0.09823369661527553,0.11068740031897924,0.1175083289030657,0.10702999291157185
299,299.0,299.1,0.09574546214019895,0.14836900964532543,0.20102052479684057,0.12233151059466847,0.09796914635072528,0.11029057492215384,0.11737605377079059,0.10689771777929671
300,300.0,300.1,0.09703932178932176,0.14939971139971137,0.20496789321789324,0.11763852813852811,0.09978932178932177,0.10169408369408366,0.11241991341991339,0.11705122655122654
301,301.0,301.1,0.0924102009102009,0.14709201909201908,0.20619957819957815,0.11616416916416913,0.10373162948162946,0.10768767343767341,0.11136222111222112,0.1153525086025086
302,302.0,302.1,0.08636995059256722,0.15083118053909128,0.21780426914757545,0.11450996636899272,0.10109763821934206,0.10530221660241942,0.11032197079458742,0.11376280773542438
303,303.0,303.1,0.08636995059256722,0.15083118053909128,0.21780426914757545,0.11450996636899272,0.10109763821934206,0.10530221660241942,0.11032197079458742,0.11376280773542438
304,304.0,304.1,0.08556696273075581,0.1538003682141613,0.20890604319052594,0.11338018112156041,0.09922555605314223,0.10473732397870324,0.12118564959944267,0.11319791511170818
305,305.0,305.1,0.08479837459374663,0.1568329496677954,0.20985174076780244,0.1123191953237325,0.09728737727285819,0.10301635488931311,0.11994087098624302,0.11595313649850854
306,306.0,306.1,0.0840036075036075,0.1594592352092352,0.21221789321789322,0.1143647186147186,0.09532503607503605,0.10115836940836939,0.11872943722943723,0.11474170274170274
307,307.0,307.1,0.08376551226551225,0.1575544733044733,0.211979797979798,0.10988852813852812,0.09889646464646462,0.10092027417027413,0.11849134199134197,0.11850360750360749
308,308.0,308.1,0.08376551226551225,0.1575544733044733,0.2153131313131313,0.10988852813852812,0.0955631313131313,0.10092027417027413,0.11849134199134197,0.11850360750360749
309,309.0,309.1,0.08376551226551225,0.1575544733044733,0.2215631313131313,0.10988852813852812,0.0955631313131313,0.09467027417027414,0.11849134199134197,0.11850360750360749
310,310.0,310.1,0.08313649217112214,0.15600237628700625,0.22049372538698914,0.10878308124513056,0.09478026506489502,0.09715086094592733,0.12337702777930477,0.1162761711196246
311,311.0,311.1,0.08303568571950923,0.15590156983539333,0.22170340280634399,0.10837985543867897,0.09467945861328211,0.09684844159108862,0.12327622132769187,0.1161753646680117
312,312.0,312.1,0.0862857920946156,0.15307812013694364,0.21659851314263076,0.11316561978326682,0.09300116005998357,0.09592055003819708,0.12282262399909456,0.1191276207452678
313,313.0,313.1,0.09124999999999997,0.1518253968253968,0.21483225108225104,0.11224747474747473,0.09240981240981239,0.09487012987012984,0.1217099567099567,0.12085497835497834
314,314.0,314.1,0.09071693956306795,0.1492931736321806,0.21263981216038275,0.11124940617290029,0.098177612237935,0.0940356636044086,0.12130004898238425,0.1225873436467404
315,315.0,315.1,0.09022186147186144,0.1511219336219336,0.21343614718614715,0.11365440115440113,0.09651154401154398,0.09325757575757573,0.12091991341991337,0.12087662337662335
316,316.0,316.1,0.0946541922989291,0.1532501708817498,0.21283923824713297,0.11241881218197006,0.09489374952532845,0.0922680185311764,0.1197966886914255,0.1198791296422875
317,317.0,317.1,0.09363579738579737,0.1552196302196302,0.20964287589287584,0.11128450378450376,0.09340351840351838,0.09406533406533404,0.11877829377829374,0.12397004647004643
318,318.0,318.1,0.09407668057668055,0.15281934531934532,0.21058375908375906,0.11199960349960347,0.09527673777673773,0.0964228839228839,0.11846917696917694,0.1203518128518128
319,319.0,319.1,0.09387328168907114,0.1546265284423179,0.21144721652616388,0.1114505582137161,0.09764771777929668,0.09600611376927164,0.11826577808156753,0.11668280549859496
320,320.0,320.1,0.09365822792563029,0.15376631338855445,0.21133968964444344,0.10979464423522148,0.09743266401585583,0.09568353312411035,0.11949158453318043,0.11883334313300356
321,321.0,321.1,0.09405580530580529,0.15306782398887658,0.20406074554100867,0.10955565268065266,0.09727153694258955,0.09537436613094505,0.11986716134742445,0.1267469080626975
322,322.0,322.1,0.09301283511809826,0.15501329080276446,0.20157401078453704,0.10848883572567783,0.09919077998025363,0.0943075491759702,0.1239188881294144,0.12449381028328395
323,323.0,323.1,0.09212029628438297,0.15397305652723606,0.20077059851053652,0.10774526557034295,0.09877443162272882,0.09487976849431953,0.12156159114363445,0.13017499184681844
324,324.0,324.1,0.09116720009103621,0.16024924043068306,0.2019721961471083,0.10663418735488688,0.09718123931785928,0.09380640211330853,0.12028951568394002,0.1287000188611775
325,325.0,325.1,0.09110912808174469,0.16019116842139153,0.2004623239055287,0.10878285169867316,0.09700702328998473,0.09357411407614244,0.12023144367464851,0.12864194685188596
326,326.0,326.1,0.09110912808174469,0.16019116842139153,0.2004623239055287,0.10878285169867316,0.09700702328998473,0.09357411407614244,0.12023144367464851,0.12864194685188596
327,327.0,327.1,0.09077074734051474,0.16419066076042815,0.20114928353300443,0.10802401087284805,0.09563836034766264,0.09298558676465651,0.11997709654686395,0.12726425383402123
328,328.0,328.1,0.09061036633617277,0.16144125587673974,0.20188742261322906,0.1107704929479123,0.09451205604431408,0.09396534469115111,0.11981671554252196,0.1269963459479588
329,329.0,329.1,0.08575487012987011,0.16241161616161617,0.20706078643578643,0.10997745310245308,0.09329455266955264,0.09342442279942276,0.11958603896103892,0.1284902597402597
330,330.0,330.1,0.08700872138372137,0.16295956670956674,0.20698571136071137,0.10975222787722787,0.09314440251940248,0.09319919757419753,0.11951096388596386,0.12743920868920866
331,331.0,331.1,0.0868141243141243,0.16155055905055904,0.20664126414126419,0.1116082191082191,0.0952391827391827,0.09410350160350157,0.11687658437658435,0.12716656466656465
332,332.0,332.1,0.08657931759221861,0.1631145120201904,0.20834747976764553,0.11096908924444612,0.0941218471195971,0.09352902537847012,0.11647986899524661,0.12685885988218532
333,333.0,333.1,0.08667425573498827,0.1653362828780281,0.21362403127889254,0.11361434261043737,0.09329290072826293,0.09070742533643149,0.11183294897340139,0.12491781245955765
334,334.0,334.1,0.08632533918926322,0.1660534323983691,0.21417881098260846,0.1116285293184027,0.09348194384586787,0.09030060514237725,0.11158985633669175,0.12644148278641948
335,335.0,335.1,0.08557925729060085,0.1647541832418426,0.21354665248666552,0.11049397680159363,0.09291958014743236,0.08930822256091947,0.11643057153518085,0.12696755593576445
336,336.0,336.1,0.08489861789861788,0.16240760665760662,0.21115136515136515,0.11184860634860634,0.09643297093297092,0.08857261057261054,0.11566290916290914,0.12902531327531325
337,337.0,337.1,0.08433376118670236,0.16132992943287058,0.21295981160687041,0.11093533334709801,0.09794202070672658,0.08795420936597405,0.11502037522625755,0.12952455912750027
338,338.0,338.1,0.08407971060209977,0.16215279658757345,0.21282771224178004,0.11040693588673652,0.09947673256878117,0.08776113439112757,0.11488827586116719,0.12840670186073416
339,339.0,339.1,0.08407971060209977,0.16215279658757345,0.21478849655550553,0.11040693588673652,0.09751594825505569,0.08776113439112757,0.11488827586116719,0.12840670186073416
340,340.0,340.1,0.08397452682818535,0.16353209324550785,0.2134389688901884,0.10998620079107882,0.09662287847653699,0.08946590536834435,0.11474538469660418,0.12823404170355385
341,341.0,341.1,0.08406946353704611,0.1636112071695585,0.2149579562319605,0.10887860585436995,0.09545199240058762,0.08975071549492662,0.11496690368394595,0.12831315562760454
342,342.0,342.1,0.08048369690339315,0.1671508204302728,0.21861481662735688,0.10113651745554644,0.09320909257690203,0.09037539210801979,0.1130137248470198,0.13601593905148895
343,343.0,343.1,0.08009443268722163,0.16977333978747905,0.21896609635209846,0.10040382744783591,0.09215351557963784,0.08946355184425171,0.11475300268248304,0.13439223361899216
344,344.0,344.1,0.07978926899658603,0.16912091296237636,0.2182141977263928,0.09995248653785235,0.09176239749410478,0.08988139232041668,0.11409750818287401,0.13718183577939674
345,345.0,345.1,0.07962260232991937,0.16862091296237636,0.21721419772639283,0.0997858198711857,0.09159573082743812,0.08954805898708336,0.11376417484954067,0.1398485024460634
346,346.0,346.1,0.07946875617607321,0.1681593745008379,0.2162911208033159,0.09963197371733953,0.09144188467359196,0.09308652052554489,0.11345648254184837,0.13846388706144802
347,347.0,347.1,0.07950242620974325,0.16819304453450792,0.2156850601972553,0.09976665385201967,0.09157656480827209,0.09325487069389504,0.11352382260918843,0.13849755709511805
348,348.0,348.1,0.07950242620974325,0.17203919838066178,0.2156850601972553,0.09976665385201967,0.09157656480827209,0.09325487069389504,0.11352382260918843,0.1346514032489642
349,349.0,349.1,0.07950242620974325,0.17203919838066178,0.21753691204910716,0.09976665385201967,0.09157656480827209,0.09140301884204319,0.11352382260918843,0.1346514032489642
350,350.0,350.1,0.07945031030396882,0.17154467634142428,0.22189148550937166,0.09975970506458308,0.09027482529515048,0.09126172683083247,0.11223019001474284,0.13358708063992614
351,351.0,351.1,0.07935997606729311,0.17146939781086118,0.2197535752413801,0.09962420370956952,0.09021460247069998,0.09282752026654463,0.11323892232428814,0.13351180210936306
352,352.0,352.1,0.07927181855921202,0.17139593322079363,0.21947440979912325,0.09949196744744787,0.09015583079864593,0.09375317410139622,0.11301852855408538,0.13343833751929549
353,353.0,353.1,0.07918576003941855,0.1713242177876324,0.21920189115311062,0.09936287966775767,0.09009845845211696,0.09346631236875137,0.11399385844507792,0.13336662208613426
354,354.0,354.1,0.07910172642597317,0.17125418977642792,0.2189357847105336,0.09923682924758961,0.09004243604315336,0.09318620032393345,0.11494623939745889,0.13329659407492978
355,355.0,355.1,0.07916209722505806,0.17560174473957796,0.219673017787028,0.09925616037499188,0.09013016662336001,0.09333995294006633,0.11499858154282427,0.12783827876709325
