,Unnamed: 0,Total_iterations,Intertwine_two,Add_vertex,Delete_vertex,Invert_path_vertices,Insert_inside_vertex,Delete_inside_vertex,Replace_inside_vertex,Donate_between_routes
0,0.0,0.0,0.125,0.125,0.125,0.125,0.125,0.125,0.125,0.125
1,1.0,0.10900000000000001,0.125,0.125,0.125,0.125,0.125,0.125,0.125,0.125
2,2.0,0.31601,0.125,0.125,0.125,0.125,0.125,0.125,0.125,0.125
3,3.0,0.6191589000000001,0.125,0.125,0.125,0.125,0.125,0.125,0.125,0.125
4,4.0,1.015801321,0.125,0.125,0.125,0.125,0.125,0.125,0.125,0.125
5,5.0,1.50262148669,0.125,0.125,0.125,0.125,0.125,0.125,0.125,0.125
6,6.0,2.0757334209441005,0.125,0.125,0.125,0.125,0.125,0.125,0.125,0.125
7,7.0,2.7307768275633495,0.125,0.125,0.125,0.125,0.125,0.125,0.125,0.125
8,8.0,3.4630081252450404,0.125,0.125,0.125,0.125,0.125,0.125,0.125,0.125
9,9.0,4.2673862119061114,0.125,0.125,0.125,0.125,0.125,0.125,0.125,0.125
10,10.0,5.138652627782014,0.125,0.125,0.125,0.125,0.125,0.125,0.125,0.125
11,11.0,6.071405875792507,0.125,0.125,0.125,0.125,0.125,0.125,0.125,0.125
12,12.0,7.060169740244025,0.125,0.125,0.125,0.125,0.125,0.125,0.125,0.125
13,13.0,8.099455520847952,0.125,0.125,0.125,0.125,0.125,0.125,0.125,0.125
14,14.0,9.183818168183006,0.125,0.125,0.125,0.125,0.125,0.125,0.125,0.125
15,15.0,10.307906369102724,0.125,0.125,0.125,0.125,0.125,0.125,0.125,0.125
16,16.0,11.466506686239443,0.125,0.125,0.125,0.125,0.125,0.125,0.125,0.125
17,17.0,12.654581904800096,0.125,0.125,0.125,0.125,0.125,0.125,0.125,0.125
18,18.0,13.867303782456686,0.125,0.125,0.125,0.125,0.125,0.125,0.125,0.125
19,19.0,15.100080434523047,0.125,0.125,0.125,0.125,0.125,0.125,0.125,0.125
20,20.0,16.348578617037543,0.125,0.125,0.125,0.125,0.125,0.125,0.125,0.125
21,21.0,17.608741195130214,0.125,0.125,0.125,0.125,0.125,0.125,0.125,0.125
22,22.0,18.876800103462312,0.125,0.125,0.125,0.125,0.125,0.125,0.125,0.125
23,23.0,20.14928511992658,0.125,0.125,0.125,0.125,0.125,0.125,0.125,0.125
24,24.0,21.423028783545156,0.125,0.125,0.125,0.125,0.125,0.125,0.125,0.125
25,25.0,22.695167792966423,0.125,0.125,0.125,0.125,0.125,0.125,0.125,0.125
26,26.0,23.963141223515898,0.125,0.125,0.125,0.125,0.125,0.125,0.125,0.125
27,27.0,25.224685898775267,0.125,0.125,0.125,0.125,0.125,0.125,0.125,0.125
28,28.0,26.477829247520948,0.125,0.125,0.125,0.125,0.125,0.125,0.125,0.125
29,29.0,27.720879968916847,0.125,0.125,0.125,0.125,0.125,0.125,0.125,0.125
30,30.0,28.95241681848399,0.125,0.125,0.125,0.125,0.125,0.125,0.125,0.125
31,31.0,30.17127581490958,0.125,0.125,0.125,0.125,0.125,0.125,0.125,0.125
32,32.0,31.376536153543515,0.125,0.125,0.125,0.125,0.125,0.125,0.125,0.125
33,33.0,32.567505096778625,0.125,0.125,0.125,0.125,0.125,0.125,0.125,0.125
34,34.0,33.74370209472243,0.125,0.125,0.125,0.125,0.125,0.125,0.125,0.125
35,35.0,34.90484237192463,0.125,0.125,0.125,0.125,0.125,0.125,0.125,0.125
36,36.0,36.05082019768737,0.125,0.125,0.125,0.125,0.125,0.125,0.125,0.125
37,37.0,37.18169203889697,0.125,0.125,0.125,0.125,0.125,0.125,0.125,0.125
38,38.0,38.29765977559663,0.125,0.125,0.125,0.125,0.125,0.125,0.125,0.125
39,39.0,39.399054140870355,0.125,0.125,0.125,0.125,0.125,0.125,0.125,0.125
40,40.0,40.48631852820801,0.125,0.125,0.125,0.125,0.125,0.125,0.125,0.125
41,41.0,41.55999329152982,0.125,0.125,0.125,0.125,0.125,0.125,0.125,0.125
42,42.0,42.62070064560415,0.125,0.125,0.125,0.125,0.125,0.125,0.125,0.125
43,43.0,43.669130257815,0.125,0.125,0.125,0.125,0.125,0.125,0.125,0.125
44,44.0,44.70602560622662,0.125,0.125,0.125,0.125,0.125,0.125,0.125,0.125
45,45.0,45.73217116373481,0.125,0.125,0.125,0.125,0.125,0.125,0.125,0.125
46,46.0,46.748380453854836,0.125,0.125,0.125,0.125,0.125,0.125,0.125,0.125
47,47.0,47.755485010424316,0.125,0.125,0.125,0.125,0.125,0.125,0.125,0.125
48,48.0,48.7543242612326,0.125,0.125,0.125,0.125,0.125,0.125,0.125,0.125
49,49.0,49.745736344347726,0.125,0.125,0.125,0.125,0.125,0.125,0.125,0.125
50,50.0,50.730549855707864,0.125,0.125,0.125,0.125,0.125,0.125,0.125,0.125
51,51.0,51.70957651737491,0.125,0.125,0.125,0.125,0.125,0.125,0.125,0.125
52,52.0,52.68360474770151,0.125,0.125,0.125,0.125,0.125,0.125,0.125,0.125
53,53.0,53.65339410751842,0.125,0.125,0.125,0.125,0.125,0.125,0.125,0.125
54,54.0,54.61967059027847,0.125,0.125,0.125,0.125,0.125,0.125,0.125,0.125
55,55.0,55.58312271885972,0.125,0.125,0.125,0.125,0.125,0.125,0.125,0.125
56,56.0,56.544398407394254,0.125,0.125,0.125,0.125,0.125,0.125,0.125,0.125
57,57.0,57.504102543001395,0.125,0.125,0.125,0.125,0.125,0.125,0.125,0.125
58,58.0,58.462795239617805,0.125,0.125,0.125,0.125,0.125,0.125,0.125,0.125
59,59.0,59.42099071417639,0.125,0.125,0.125,0.125,0.125,0.125,0.125,0.125
60,60.0,60.379156734137354,0.125,0.125,0.125,0.125,0.125,0.125,0.125,0.125
61,61.0,61.337714584760846,0.125,0.125,0.125,0.125,0.125,0.125,0.125,0.125
62,62.0,62.29703950447439,0.125,0.125,0.125,0.125,0.125,0.125,0.125,0.125
63,63.0,63.257461537171835,0.125,0.125,0.125,0.125,0.125,0.125,0.125,0.125
64,64.0,64.21926675122782,0.125,0.125,0.125,0.125,0.125,0.125,0.125,0.125
65,65.0,65.18269877636592,0.125,0.125,0.125,0.125,0.125,0.125,0.125,0.125
66,66.0,66.14796061122655,0.125,0.125,0.125,0.125,0.125,0.125,0.125,0.125
67,67.0,67.11521665648885,0.125,0.125,0.125,0.125,0.125,0.125,0.125,0.125
68,68.0,68.08459493066005,0.125,0.125,0.125,0.125,0.125,0.125,0.125,0.125
69,69.0,69.05618942810752,0.125,0.125,0.125,0.125,0.125,0.125,0.125,0.125
70,70.0,70.03006258152917,0.125,0.125,0.125,0.125,0.125,0.125,0.125,0.125
71,71.0,71.00624779379335,0.125,0.125,0.125,0.125,0.125,0.125,0.125,0.125
72,72.0,71.98475200689319,0.125,0.125,0.125,0.125,0.125,0.125,0.125,0.125
73,73.0,72.96555827861411,0.125,0.125,0.125,0.125,0.125,0.125,0.125,0.125
74,74.0,73.94862834037681,0.125,0.125,0.125,0.125,0.125,0.125,0.125,0.125
75,75.0,74.93390511255946,0.125,0.125,0.125,0.125,0.125,0.125,0.125,0.125
76,76.0,75.92131515639825,0.125,0.125,0.125,0.125,0.125,0.125,0.125,0.125
77,77.0,76.91077104428919,0.125,0.125,0.125,0.125,0.125,0.125,0.125,0.125
78,78.0,77.90217363294813,0.125,0.125,0.125,0.125,0.125,0.125,0.125,0.125
79,79.0,78.89541422641172,0.125,0.125,0.125,0.125,0.125,0.125,0.125,0.125
80,80.0,79.89037661826481,0.125,0.125,0.125,0.125,0.125,0.125,0.125,0.125
81,81.0,80.88693900474995,0.125,0.125,0.125,0.125,0.125,0.125,0.125,0.125
82,82.0,81.88497576253909,0.125,0.125,0.125,0.125,0.125,0.125,0.125,0.125
83,83.0,82.88435908692391,0.125,0.125,0.125,0.125,0.125,0.125,0.125,0.125
84,84.0,83.88496048800103,0.125,0.125,0.125,0.125,0.125,0.125,0.125,0.125
85,85.0,84.88665214409042,0.125,0.125,0.125,0.125,0.125,0.125,0.125,0.125
86,86.0,85.88930811312994,0.125,0.125,0.125,0.125,0.125,0.125,0.125,0.125
87,87.0,86.90280540413423,0.125,0.125,0.125,0.125,0.125,0.125,0.125,0.125
88,88.0,87.91692491199674,0.125,0.125,0.125,0.125,0.125,0.125,0.125,0.125
89,89.0,88.93146321995303,0.125,0.125,0.125,0.125,0.125,0.125,0.125,0.125
90,90.0,89.94623306491417,0.125,0.125,0.125,0.125,0.125,0.125,0.125,0.125
91,91.0,90.96106359473005,0.125,0.125,0.125,0.125,0.125,0.125,0.125,0.125
92,92.0,91.97580043561703,0.125,0.125,0.125,0.125,0.125,0.125,0.125,0.125
93,93.0,92.99030558805916,0.125,0.125,0.125,0.125,0.125,0.125,0.125,0.125
94,94.0,94.00445716937647,0.125,0.125,0.125,0.125,0.125,0.125,0.125,0.125
95,95.0,95.0181490208683,0.125,0.125,0.125,0.125,0.125,0.125,0.125,0.125
96,96.0,96.03129019700226,0.125,0.125,0.125,0.125,0.125,0.125,0.125,0.125
97,97.0,97.04380435355279,0.125,0.125,0.125,0.125,0.125,0.125,0.125,0.125
98,98.0,98.05562905091276,0.125,0.125,0.125,0.125,0.125,0.125,0.125,0.125
99,99.0,99.06671498802758,0.125,0.125,0.125,0.125,0.125,0.125,0.125,0.125
100,100.0,100.07702518155067,0.125,0.125,0.125,0.125,0.125,0.125,0.125,0.125
101,101.0,101.08653410390592,0.125,0.125,0.125,0.125,0.125,0.125,0.125,0.125
102,102.0,102.09522679298661,0.125,0.125,0.125,0.125,0.125,0.125,0.125,0.125
103,103.0,103.10309794522935,0.125,0.125,0.125,0.125,0.125,0.125,0.125,0.125
104,104.0,104.11015100279552,0.125,0.125,0.125,0.125,0.125,0.125,0.125,0.125
105,105.0,105.11639724457713,0.125,0.125,0.125,0.125,0.125,0.125,0.125,0.125
106,106.0,106.1218548897348,0.125,0.125,0.125,0.125,0.125,0.125,0.125,0.125
107,107.0,107.12654822147937,0.125,0.125,0.125,0.125,0.125,0.125,0.125,0.125
108,108.0,108.13050673783468,0.125,0.125,0.125,0.125,0.125,0.125,0.125,0.125
109,109.0,109.13376433517611,0.125,0.125,0.125,0.125,0.125,0.125,0.125,0.125
110,110.0,110.13635852943163,0.125,0.125,0.125,0.125,0.125,0.125,0.125,0.125
111,111.0,111.13832971896728,0.125,0.125,0.125,0.125,0.125,0.125,0.125,0.125
112,112.0,112.13972049235971,0.125,0.125,0.125,0.125,0.125,0.125,0.125,0.125
113,113.0,113.14057498348929,0.125,0.125,0.125,0.125,0.125,0.125,0.125,0.125
114,114.0,114.140938275671,0.125,0.125,0.125,0.125,0.125,0.125,0.125,0.125
115,115.0,115.14085585587785,0.125,0.125,0.125,0.125,0.125,0.125,0.125,0.125
116,116.0,116.14037311950523,0.125,0.125,0.125,0.125,0.125,0.125,0.125,0.125
117,117.0,117.13953492557482,0.125,0.125,0.125,0.125,0.125,0.125,0.125,0.125
118,118.0,118.13838520178172,0.125,0.125,0.125,0.125,0.125,0.125,0.125,0.125
119,119.0,119.1369665983501,0.125,0.125,0.125,0.125,0.125,0.125,0.125,0.125
120,120.0,120.13532018927815,0.125,0.125,0.125,0.125,0.125,0.125,0.125,0.125
121,121.0,121.1334852192206,0.125,0.125,0.125,0.125,0.125,0.125,0.125,0.125
122,122.0,122.13149889397661,0.125,0.125,0.125,0.125,0.125,0.125,0.125,0.125
123,123.0,123.12939621231725,0.125,0.125,0.125,0.125,0.125,0.125,0.125,0.125
124,124.0,124.12720983670064,0.125,0.125,0.125,0.125,0.125,0.125,0.125,0.125
125,125.0,125.12497000027871,0.125,0.125,0.125,0.125,0.125,0.125,0.125,0.125
126,126.0,126.12270444749618,0.125,0.125,0.125,0.125,0.125,0.125,0.125,0.125
127,127.0,127.12043840551692,0.125,0.125,0.125,0.125,0.125,0.125,0.125,0.125
128,128.0,128.11819458368043,0.125,0.125,0.125,0.125,0.125,0.125,0.125,0.125
129,129.0,129.11599319819078,0.125,0.125,0.125,0.125,0.125,0.125,0.125,0.125
130,130.0,130.1138520192682,0.125,0.125,0.125,0.125,0.125,0.125,0.125,0.125
131,131.0,131.11178643804516,0.125,0.125,0.125,0.125,0.125,0.125,0.125,0.125
132,132.0,132.109809550564,0.125,0.125,0.125,0.125,0.125,0.125,0.125,0.125
133,133.0,133.1079322563253,0.125,0.125,0.125,0.125,0.125,0.125,0.125,0.125
134,134.0,134.10616336894725,0.125,0.125,0.125,0.125,0.125,0.125,0.125,0.125
135,135.0,135.10450973661753,0.125,0.125,0.125,0.125,0.125,0.125,0.125,0.125
136,136.0,136.10297637015458,0.125,0.125,0.125,0.125,0.125,0.125,0.125,0.125
137,137.0,137.1015665766364,0.125,0.125,0.125,0.125,0.125,0.125,0.125,0.125
138,138.0,138.10028209670367,0.125,0.125,0.125,0.125,0.125,0.125,0.125,0.125
139,139.0,139.09912324379718,0.125,0.125,0.125,0.125,0.125,0.125,0.125,0.125
140,140.0,140.09808904374336,0.125,0.125,0.125,0.125,0.125,0.125,0.125,0.125
141,141.0,141.09717737325747,0.125,0.125,0.125,0.125,0.125,0.125,0.125,0.125
142,142.0,142.0963850960876,0.125,0.125,0.125,0.125,0.125,0.125,0.125,0.125
143,143.0,143.09570819567386,0.125,0.125,0.125,0.125,0.125,0.125,0.125,0.125
144,144.0,144.09514190334474,0.125,0.125,0.125,0.125,0.125,0.125,0.125,0.125
145,145.0,145.0946808212151,0.125,0.125,0.125,0.125,0.125,0.125,0.125,0.125
146,146.0,146.09431903908626,0.125,0.125,0.125,0.125,0.125,0.125,0.125,0.125
147,147.0,147.09405024477945,0.125,0.125,0.125,0.125,0.125,0.125,0.125,0.125
148,148.0,148.09386782745554,0.125,0.125,0.125,0.125,0.125,0.125,0.125,0.125
149,149.0,149.09376497358946,0.125,0.125,0.125,0.125,0.125,0.125,0.125,0.125
150,150.0,150.0937347553741,0.125,0.125,0.125,0.125,0.125,0.125,0.125,0.125
151,151.0,151.09377021142654,0.125,0.125,0.125,0.125,0.125,0.125,0.125,0.125
152,152.0,152.09386441975948,0.125,0.125,0.125,0.125,0.125,0.125,0.125,0.125
153,153.0,153.09401056306152,0.125,0.125,0.125,0.125,0.125,0.125,0.125,0.125
154,154.0,154.0942019864027,0.125,0.125,0.125,0.125,0.125,0.125,0.125,0.125
155,155.0,155.09443224754577,0.125,0.125,0.125,0.125,0.125,0.125,0.125,0.125
156,156.0,156.09469516009904,0.125,0.125,0.125,0.125,0.125,0.125,0.125,0.125
157,157.0,157.094984829796,0.125,0.125,0.125,0.125,0.125,0.125,0.125,0.125
158,158.0,158.09529568422533,0.125,0.125,0.125,0.125,0.125,0.125,0.125,0.125
159,159.0,159.0956224963695,0.125,0.125,0.125,0.125,0.125,0.125,0.125,0.125
160,160.0,160.09596040233552,0.125,0.125,0.125,0.125,0.125,0.125,0.125,0.125
161,161.0,161.0963049136816,0.125,0.125,0.125,0.125,0.125,0.125,0.125,0.125
162,162.0,162.09665192475626,0.125,0.125,0.125,0.125,0.125,0.125,0.125,0.125
163,163.0,163.0969977154759,0.125,0.125,0.125,0.125,0.125,0.125,0.125,0.125
164,164.0,164.09733894996882,0.125,0.125,0.125,0.125,0.125,0.125,0.125,0.125
165,165.0,165.09767267151273,0.125,0.125,0.125,0.125,0.125,0.125,0.125,0.125
166,166.0,166.0979962941871,0.125,0.125,0.125,0.125,0.125,0.125,0.125,0.125
167,167.0,167.09830759165223,0.125,0.125,0.125,0.125,0.125,0.125,0.125,0.125
168,168.0,168.0986046834543,0.125,0.125,0.125,0.125,0.125,0.125,0.125,0.125
169,169.0,169.09888601924163,0.125,0.125,0.125,0.125,0.125,0.125,0.125,0.125
170,170.0,170.09915036125778,0.125,0.125,0.125,0.125,0.125,0.125,0.125,0.125
171,171.0,171.09939676545974,0.125,0.125,0.125,0.125,0.125,0.125,0.125,0.125
172,172.0,172.09962456158692,0.125,0.125,0.125,0.125,0.125,0.125,0.125,0.125
173,173.0,173.09983333248553,0.125,0.125,0.125,0.125,0.125,0.125,0.125,0.125
174,174.0,174.1000228929694,0.125,0.125,0.125,0.125,0.125,0.125,0.125,0.125
175,175.0,175.10019326847518,0.125,0.125,0.125,0.125,0.125,0.125,0.125,0.125
176,176.0,176.10034467374567,0.125,0.125,0.125,0.125,0.125,0.125,0.125,0.125
177,177.0,177.10047749175163,0.125,0.125,0.125,0.125,0.125,0.125,0.125,0.125
178,178.0,178.1005922530395,0.125,0.125,0.125,0.125,0.125,0.125,0.125,0.125
179,179.0,179.10068961566816,0.125,0.125,0.125,0.125,0.125,0.125,0.125,0.125
180,180.0,180.10077034587727,0.125,0.125,0.125,0.125,0.125,0.125,0.125,0.125
181,181.0,181.10083529960673,0.125,0.125,0.125,0.125,0.125,0.125,0.125,0.125
182,182.0,182.10088540496716,0.125,0.125,0.125,0.125,0.125,0.125,0.125,0.125
183,183.0,183.10092164574186,0.125,0.125,0.125,0.125,0.125,0.125,0.125,0.125
184,184.0,184.1009450459817,0.125,0.125,0.125,0.125,0.125,0.125,0.125,0.125
185,185.0,185.10095665573772,0.125,0.125,0.125,0.125,0.125,0.125,0.125,0.125
186,186.0,186.10095753796077,0.125,0.125,0.125,0.125,0.125,0.125,0.125,0.125
187,187.0,187.10094875658191,0.125,0.125,0.125,0.125,0.125,0.125,0.125,0.125
188,188.0,188.1009313657751,0.125,0.125,0.125,0.125,0.125,0.125,0.125,0.125
189,189.0,189.10090640039124,0.125,0.125,0.125,0.125,0.125,0.125,0.125,0.125
190,190.0,190.10087486754182,0.125,0.125,0.125,0.125,0.125,0.125,0.125,0.125
191,191.0,191.10083773930194,0.125,0.125,0.125,0.125,0.125,0.125,0.125,0.125
192,192.0,192.10079594649304,0.125,0.125,0.125,0.125,0.125,0.125,0.125,0.125
193,193.0,193.1007503735001,0.125,0.125,0.125,0.125,0.125,0.125,0.125,0.125
194,194.0,194.10070185407145,0.125,0.125,0.125,0.125,0.125,0.125,0.125,0.125
195,195.0,195.10065116804495,0.125,0.125,0.125,0.125,0.125,0.125,0.125,0.125
196,196.0,196.10059903894063,0.125,0.125,0.125,0.125,0.125,0.125,0.125,0.125
197,197.0,197.10054613235738,0.125,0.125,0.125,0.125,0.125,0.125,0.125,0.125
198,198.0,198.10049305510887,0.125,0.125,0.125,0.125,0.125,0.125,0.125,0.125
199,199.0,199.10044035503412,0.12498711340206187,0.12498711340206187,0.12498711340206187,0.12498711340206187,0.12498711340206187,0.12498711340206187,0.12509020618556702,0.12498711340206187
200,200.0,200.1003885214165,0.12566880011454754,0.12566880011454754,0.12455768900343643,0.12455768900343643,0.12455768900343643,0.12455768900343643,0.12587395475372282,0.12455768900343643
201,201.0,201.10033798594645,0.126997828999813,0.1271089401109241,0.123897828999813,0.123897828999813,0.123897828999813,0.123897828999813,0.12640408589019803,0.123897828999813
202,202.0,202.10028912416396,0.12816864790836782,0.12838975901947894,0.12310964790836781,0.12310964790836781,0.12310964790836781,0.12310964790836781,0.1267822424192031,0.12422075901947893
203,203.0,203.1002422573181,0.1292070919740913,0.13035428490338424,0.12223558197409129,0.12223558197409129,0.12223558197409129,0.12233659207510139,0.1269485920399468,0.12444669308520241
204,204.0,204.1001976545836,0.13019684293572376,0.1323589668650167,0.12137378903572374,0.12137378903572374,0.12137378903572374,0.12157378903572374,0.1270851339095298,0.12466390014683486
205,205.0,205.10015553557676,0.13114378168496701,0.13430065156789633,0.12054256881396702,0.12054256881396702,0.12054256881396702,0.12083965972305794,0.1272062106570996,0.12488198992507814
206,206.0,206.1001160731148,0.1320427200555676,0.13616622189086966,0.11974717623937763,0.11974717623937763,0.11974717623937763,0.12013867805755943,0.12731215802738186,0.12509869325048872
207,207.0,207.10007939616793,0.13288946870168378,0.13794463356869754,0.1189919824729847,0.1189919824729847,0.1189919824729847,0.11947453909116651,0.12740342948440245,0.1253119817350958
208,208.0,208.10004559295405,0.1336807791093028,0.1396268183491163,0.11828051957163255,0.11828051957163255,0.11828051957163255,0.11885019994363252,0.12748057990491735,0.12552006397813364
209,209.0,209.10001471413202,0.13441428199819822,0.14120557707406262,0.11761552907783059,0.11761552907783059,0.11761552907783059,0.11826792402454692,0.127544249888372,0.1257213797813288
210,210.0,210.09998677605086,0.1350884230913534,0.1426754647618343,0.11699901365576182,0.11699901365576182,0.11699901365576182,0.11772932777025572,0.12759515077863787,0.12591459263063356
211,211.0,211.09996176401728,0.13570239715741086,0.14403266963927105,0.11643229095247364,0.11643229095247364,0.11643229095247364,0.11723542917682239,0.1276340504761312,0.12609858069294394
212,212.0,212.09993963554695,0.13625608115841978,0.14527488793863205,0.11591604892312084,0.11591604892312084,0.11591604892312084,0.1167866974640955,0.12766176010315425,0.12627242656633628
213,213.0,213.09992032356814,0.13574996726087493,0.14640119613473124,0.11545040192060343,0.11545040192060343,0.11645040192060344,0.11638310326113166,0.1276791215704839,0.12643540601096842
214,214.0,214.09990373955156,0.13487438932290005,0.1471821241761358,0.11480514893246507,0.11571423984155599,0.11670423984155598,0.1157943707791862,0.12745719809961814,0.12746828900658322
215,215.0,215.09988977654112,0.13381217074003912,0.1486087947372951,0.11413576369320984,0.11586909702654316,0.11684019702654315,0.11517596177703737,0.1271531980251458,0.12840481697418688
216,216.0,216.09987831206632,0.13248964515965672,0.15045046320871844,0.11434432142331011,0.11582137037435904,0.11676574937435903,0.11442999613969512,0.12667133715114043,0.12902711716876147
217,217.0,217.0998692109183,0.13096065395189427,0.15191454578199784,0.11527096222854931,0.115606380949828,0.116517267259828,0.11358852734889041,0.1260460583281335,0.130095604150879
218,218.0,218.09986232777595,0.12930296398339777,0.15311544116249587,0.11609062759937736,0.11528483531626044,0.11615646934216045,0.11266190025025735,0.12529033598163514,0.13209742636441596
219,219.0,219.09985750967004,0.12759526445416802,0.15411670153992807,0.1175368790315877,0.11491984697513813,0.11574743760508914,0.11171713936980752,0.12447401411170184,0.13389271691257987
220,220.0,220.09985459827803,0.1258167040226414,0.15488534851789743,0.11887602974815437,0.11547648078769845,0.11525615645499586,0.11072257640159783,0.12356838659644717,0.1353983174705678
221,221.0,221.09985343204244,0.12409215438336278,0.15553695696657052,0.1193720649801427,0.11689034153378089,0.11479576364468373,0.10979313718408634,0.1226914402755558,0.1368281410318175
222,222.0,222.09985384810997,0.12236935738939762,0.15601261209028766,0.11966202823138297,0.11818336278436727,0.1143036717041752,0.1088675011702758,0.12178497392869776,0.13881649270141594
223,223.0,223.09985568408968,0.12072305805384653,0.15638284497799965,0.11993670399051451,0.11947008289188593,0.1138456637735873,0.10801223670762652,0.12091869652963061,0.1407107130749092
224,224.0,224.0998587796305,0.11916206960422362,0.15665449552442984,0.12019487424915684,0.12073826476956849,0.11342291153123386,0.10722885928564886,0.1200972519575659,0.14250127307817284
225,225.0,225.09986297782092,0.1176934708364323,0.15683470545824207,0.1204356078547725,0.12197708042162171,0.11303611693071496,0.10651801397449545,0.11932437137552407,0.14418063314819718
226,226.0,226.0998681264141,0.11632270876996734,0.1569308167413601,0.12065824113660797,0.12317707831408801,0.11268555215385233,0.10587955601619538,0.11860292719032323,0.1457431196776059
227,227.0,227.09987407888383,0.11505370735536072,0.15695027812602214,0.12086235779422294,0.12433014024400141,0.11237109986604897,0.10531263125504632,0.1179349902041313,0.1471847951551665
228,228.0,228.09988069531775,0.11488898054157268,0.1569005599882271,0.12104776832346331,0.12442942918831806,0.11209229334127699,0.10481575561894467,0.1173218890669093,0.14850332393128818
229,229.0,229.09988784315507,0.11481974813665925,0.1567890774615987,0.12198372000110488,0.12447932955615448,0.11184835606848097,0.1043868929517467,0.11676427120513244,0.14892860461912283
230,230.0,230.09989539777712,0.11483715302378211,0.1566231218102866,0.12289349150322346,0.12448428120148032,0.11163824049519126,0.10402353058323402,0.11626216446987402,0.1492380169129285
231,231.0,231.09990324295921,0.1149323574248664,0.1564097999032722,0.12377060313235011,0.12444872948009338,0.11146066560719015,0.10372275210722323,0.11581503881583474,0.14944005352917006
232,232.0,232.09991127119352,0.11509662934450512,0.15615598158519595,0.12460954975949282,0.12437708024587882,0.11131415308482878,0.10348130691922425,0.11542186739143309,0.14954343166944148
233,233.0,233.09991938389246,0.11532141931164647,0.1558682546803447,0.1254057584185785,0.12427365974246153,0.11119706181676679,0.10329567614231588,0.11508118648794934,0.14955698339993706
234,234.0,234.09992749148256,0.11554348256692369,0.1554979422614995,0.12665004631432752,0.12403278919190586,0.11105267553530983,0.10310718958821309,0.11473620880738146,0.1493796657344393
235,235.0,235.0999355133988,0.11581032169842098,0.1551064565536987,0.1278401076990611,0.12376952340333228,0.11093461815406248,0.10296746824962691,0.11444026435369412,0.14913123988810364
236,236.0,236.09994337798946,0.11611479072720135,0.15469982974291588,0.12896946461003345,0.12348873455842833,0.11084143735681627,0.10287303281839154,0.11419140924873611,0.14882130093747722
237,237.0,237.09995102234117,0.1164500819732487,0.1542836422075571,0.13003289392551098,0.1231949828512761,0.11077157729314355,0.10282029905808424,0.11398742310868408,0.1484590995824954
238,238.0,238.0999583920343,0.11680976030237586,0.15386301189543353,0.1310263541118884,0.12289250208517193,0.1107234044903237,0.10280562413921528,0.11382585889844797,0.1480534840771435
239,239.0,239.09996544083776,0.11724273527792863,0.15349753444228792,0.1322216327549372,0.12269508008356216,0.11075017700524467,0.10288029398177458,0.1137590351220936,0.1469535113321714
240,240.0,240.09997213035248,0.11768789693605836,0.15313589878730338,0.13333934247530704,0.12249528409111236,0.11079468203153263,0.10298517686174317,0.11372869542454576,0.14583302339239748
241,241.0,241.09997842961224,0.11808462993698102,0.1527263920522686,0.13481562350762252,0.12218545935694092,0.11079975621284295,0.10306125759163537,0.11367654973995427,0.14465033160175456
242,242.0,242.09998431464987,0.11843564131823958,0.15227972791437044,0.13658520389571394,0.12178337000622472,0.11077112339369179,0.1031124870809914,0.11360713162570085,0.14342531476506745
243,243.0,243.09998976803726,0.11878485027084501,0.15184694589813139,0.1382582007572656,0.12138797767983968,0.11075529774517395,0.10318369530182847,0.11356571964875142,0.14221731269816465
244,244.0,244.09999477840552,0.11912894494813658,0.1514309856115479,0.139827542476316,0.12100256659861654,0.11075115680671127,0.1032721722987901,0.11354992731514507,0.1410367039447367
245,245.0,245.0999993399529,0.11946499583087275,0.15103432448452028,0.14062123448325808,0.12129665941551801,0.11075757351668288,0.10337530642429421,0.11355735058388355,0.1398925552609704
246,246.0,246.100003451946,0.11979044678968169,0.15065899921236323,0.14130890482923325,0.12159936481256259,0.11077342794314561,0.10349060062423153,0.11358559366204499,0.1387926621267373
247,247.0,247.10000711822036,0.12010310330736804,0.15030662946231121,0.14189427897687845,0.12190679447776556,0.11079761777018575,0.10361568594915935,0.11363229213790546,0.13774359791842633
248,248.0,248.10001034668508,0.11970011093685987,0.15087084264705355,0.1428116778594953,0.12220029179754913,0.11089729100269857,0.10376161082160773,0.11370841187521487,0.1360497630595211
249,249.0,249.10001314883647,0.11923302602914325,0.15194568449510953,0.14357682941036484,0.12238202382446622,0.11089261135902048,0.10385793643370454,0.11374335394605961,0.13436853450213163
250,250.0,250.10001553928433,0.1187147601888477,0.15345286020518373,0.14419913834898462,0.1224650127711973,0.11079772392687036,0.10391049095719546,0.1137427181982092,0.13271729540351174
251,251.0,251.10001753529457,0.11812003993794219,0.15466158564237692,0.14443050338220742,0.12235038989102756,0.1105882146059155,0.10451255172601429,0.11426272983543745,0.1310739849790788
252,252.0,252.10001915635087,0.11746360171084644,0.15559443884104318,0.1448668555770381,0.12264999396799779,0.11027951976321326,0.10500502659290736,0.11468517629044589,0.1294553872565081
253,253.0,253.10002042373802,0.11675876218280647,0.1562723014720647,0.14548202120585949,0.1227586477516924,0.10988563389145345,0.10595049394704197,0.11501634211088647,0.1278757974381952
254,254.0,254.10002136014907,0.11604682164390298,0.15689036455413105,0.14578137903369018,0.12278259502771967,0.1094778384816712,0.10685302339556435,0.11579145546671747,0.1263765223966033
255,255.0,255.10002198931753,0.11533548428732816,0.15744830209803387,0.1462685789189925,0.12328524658979198,0.10906147712848337,0.10715220256571176,0.11648431032046558,0.124964398091193
256,256.0,256.10002233567593,0.11465323173984346,0.15796797585357905,0.14668425037145202,0.12377799120796981,0.10866299861119096,0.10742680326504878,0.11716048968808732,0.12366625926282883
257,257.0,257.10002242404175,0.11397473827993283,0.15827257686555568,0.14700214975374656,0.12413993306613336,0.1087524356886873,0.10761805780149934,0.11778565955843724,0.12245444898600794
258,258.0,258.1000222793306,0.11333272872291168,0.15853846113504297,0.14725519106854332,0.12448579617959714,0.10885904979913959,0.10778501982493495,0.11838498497201272,0.12135876829781789
259,259.0,259.10002192629725,0.11272997477406126,0.15876684149359496,0.14744732970944413,0.1248137297916965,0.10898005709814772,0.10792844896642274,0.11895505712035544,0.1203785610462775
260,260.0,260.1000213893043,0.11214226262257931,0.15930128979187758,0.1475564187679559,0.12501698435855216,0.10903386082544497,0.10799663264379525,0.11946678481903157,0.11948576617076355
261,261.0,261.10002069211754,0.1115738398969606,0.15963129334942613,0.14806573747463964,0.12510549398588708,0.10902626736107984,0.10799616294012387,0.11992075992273779,0.1186804450691453
262,262.0,262.1000198577283,0.11104989045330355,0.15992399660473855,0.1485230268204685,0.1251755623570943,0.10902777807314792,0.10797676703340685,0.12033964651136261,0.11798333214647794
263,263.0,263.1000189082007,0.11065057153721367,0.16025956763485044,0.14805590097505383,0.12546642815216974,0.1091168325162503,0.108019896582381,0.12096085980862314,0.11746994279345814
264,264.0,264.1000178645439,0.11029598471366654,0.1605589353805521,0.1475471870016884,0.1257388172564901,0.10921235720142396,0.10804743917455889,0.12154366929639751,0.11705560997522277
265,265.0,265.1000167466073,0.10998520264164338,0.16082272649282758,0.14645057529734534,0.1259918534480877,0.10931274985761001,0.10806067807969837,0.12264164281631215,0.11673457136647573
266,266.0,266.1000155729983,0.10971695266671203,0.16105186072389674,0.1453358217521659,0.12733605276742993,0.10941651976114537,0.10806091127745188,0.12369228422995387,0.11538959682124456
267,267.0,267.1000143610202,0.1093785529678015,0.16213640130845838,0.14410477697457436,0.1284266346863267,0.10941118037714866,0.10793832589546937,0.12457870922270245,0.11402541856751887
268,268.0,268.10001312662973,0.10911308225286091,0.16321264194387974,0.14307745896696042,0.12957609434131986,0.10944037576677512,0.10783910938410637,0.12495095884685041,0.11279027849724746
269,269.0,269.100011884412,0.10985381082737469,0.1642085587154527,0.14242677476835014,0.1295807748524459,0.1094382689954982,0.10769982551814658,0.12517045363321244,0.11162153268951965
270,270.0,270.10001064757193,0.11044030505953997,0.16385870731362293,0.1417071293371555,0.12945243353218888,0.10934651402091779,0.10948457856570808,0.12524760032091206,0.11046273184995511
271,271.0,271.10000942794017,0.11093464869379518,0.16335368832227423,0.14190332232165392,0.12917636304759672,0.10914570028381712,0.11102453144637726,0.1251665693236456,0.10929517656084027
272,272.0,272.1000082359921,0.11135020426267972,0.16272315959936293,0.14284908067770385,0.12925537840523021,0.10885783270691013,0.11187075599002802,0.1249530796289732,0.10814050872911221
273,273.0,273.100007080879,0.1123084439347907,0.16141552285981983,0.14383488205948144,0.12929744493655457,0.10811062089107207,0.11328275585851877,0.1248319275879978,0.10691840187176511
274,274.0,274.1000059704684,0.11326317924074672,0.16009861072724899,0.1448203706441026,0.12931392127447183,0.1073765947549778,0.11464408676743384,0.12468025329342179,0.10580298329759669
275,275.0,275.10000491139414,0.11406632437521483,0.15864763097339002,0.1456568339365479,0.12883876733150923,0.106522887103125,0.11580731341475275,0.1242387368246621,0.10622150604079843
276,276.0,276.1000039091134,0.11459092781883308,0.15733672917044367,0.14690209610722285,0.12809322352566238,0.10546050095084498,0.1176267720291461,0.1235833010427612,0.106406449355086
277,277.0,277.1000029679696,0.11507378786391871,0.15609186446603215,0.14880847768920724,0.12728567777908473,0.10509132066053067,0.11825971245578666,0.12286242605086431,0.10652673303457574
278,278.0,278.1000020912605,0.11544322991218711,0.15479995412008513,0.15133372296847036,0.12638558019848956,0.10466975081058869,0.11864578132817419,0.12216849576518789,0.10655348489681725
279,279.0,279.1000012813097,0.11564730538324136,0.15341763695173075,0.15365483453663312,0.12646825765015532,0.10414426120699635,0.11882133541604041,0.12134060350281517,0.10650576535238769
280,280.0,280.1000005395409,0.11555505840964056,0.15186994409206056,0.15606678632189558,0.1262256620223954,0.10338504695070287,0.11859611632240447,0.12207182243043754,0.10622956345046314
281,281.0,281.0999998665535,0.11544045029899283,0.1503894394893523,0.15838088027920066,0.12599329602997944,0.10266647924294789,0.11831355245745181,0.12280717099802103,0.10600873120405412
282,282.0,282.0999992621994,0.11530686324610934,0.14898420936393686,0.16058376125177104,0.1257724603692972,0.1019916791059551,0.11798220393696368,0.12353888275589368,0.10583993997007317
283,283.0,283.0999987256587,0.11496154336142149,0.14750491437180824,0.16309970691353973,0.12554106221563396,0.10129048691982066,0.11767199110676022,0.12423839932917626,0.10569189578183952
284,284.0,284.09999825551546,0.11353197660408079,0.14607726702145446,0.16525999643700837,0.12428654042727547,0.10215253747145084,0.11825481755879472,0.12488462480915703,0.10555223967077841
285,285.0,285.09999784983137,0.11199219909897574,0.14524418166102343,0.16698427495156978,0.12262269298518653,0.10238373550713382,0.11954645655604948,0.12533642423277502,0.10589003500728628
286,286.0,286.09999750621745,0.11028282216355204,0.14428900253022267,0.16941273852937816,0.12083788158449076,0.1024257560314305,0.12123054533141231,0.12547385823154011,0.10604739559797352
287,287.0,287.09999722190264,0.1085865184351305,0.1432753743524386,0.17164214607505596,0.11904106382722678,0.10245038628299993,0.12281378610842263,0.12569192451104336,0.10649880040768234
288,288.0,288.09999699380035,0.10691866130392583,0.14221730202956243,0.17366954446362087,0.11725056154751617,0.10245855433386056,0.12428986662640704,0.1258675968540466,0.10732791284106055
289,289.0,289.0999968185703,0.10522865273666167,0.14106340246988042,0.17619933007049843,0.11613284322829139,0.10186074760847007,0.12520970316333765,0.12587482342180054,0.10843049730105984
290,290.0,290.09999669267745,0.10334683317904778,0.13953163634700322,0.18008982025942286,0.1147781478344436,0.10091717966891531,0.12558168355064006,0.1261897124038523,0.10956498675667492
291,291.0,291.09999661244717,0.10141079145896902,0.1385728314830447,0.1837778127218101,0.11402129201678765,0.09986827003110019,0.1255768323248891,0.12623941882686382,0.11053275113653548
292,292.0,292.09999657411544,0.09995928079810795,0.13739094455756443,0.18727377496293474,0.11438295953554481,0.09858501967958895,0.1251619714321202,0.12597857669126886,0.11126747234287011
293,293.0,293.0999965738757,0.09843769479195616,0.13683593508718542,0.19055329372586918,0.11458433898401693,0.09714919754141829,0.12453589121966634,0.12607642724774565,0.11182722140214207
294,294.0,294.0999966079213,0.09687068932357118,0.13663540958392467,0.1936151812413396,0.114644625115962,0.09630971247351175,0.12372790553069929,0.1259698168232955,0.11222665990769604
295,295.0,295.09999667248303,0.09533221483695789,0.1370329869173183,0.19653753995710874,0.1146328943466425,0.09535410358450135,0.12279134510454348,0.12578698996114127,0.11253192529178654
296,296.0,296.0999967638638,0.09440320668036686,0.13749306784355372,0.19901081345170327,0.1150260261134385,0.09443134154318975,0.12179013631588265,0.1255798691011474,0.11226553895071789
297,297.0,297.09999687846783,0.09358601639952777,0.1380186473479306,0.20123517751229472,0.11546114130660895,0.0935750615929125,0.12078229455039237,0.12536680100554398,0.11197486028478915
298,298.0,298.0999970128268,0.09284914408118375,0.13858367476334593,0.2032581137496697,0.11588695538884966,0.09342535496224558,0.11973582648067546,0.12460995027512929,0.1116509802989006
299,299.0,299.09999716362165,0.09219111265145477,0.13917814802413478,0.20521114237854082,0.1162989193292102,0.09331224738472063,0.11866383841663075,0.12384454089080793,0.1113000509245001
300,300.0,300.09999732770075,0.09176381382449841,0.13990815275049526,0.2073216988108131,0.11626071454257524,0.09343903709846788,0.11675566740123872,0.12259537353863081,0.11195554203328059
301,301.0,301.09999750209494,0.09096908787197383,0.14042930335994264,0.20932083004209745,0.1160926724731274,0.0940108814569797,0.1154870566246733,0.12126359908971501,0.11242656908149071
302,302.0,302.0999976840287,0.08966422061332062,0.14133888221047325,0.21224930472662787,0.11577672929801713,0.0943593497336581,0.11402876741036905,0.11986196327415247,0.11272078273338157
303,303.0,303.0999978709289,0.0884568973803252,0.142252426159237,0.21494048158691473,0.11547971281112765,0.09474035406752551,0.11262904160941573,0.11850509111535051,0.11299599527010377
304,304.0,304.0999980604298,0.08726913821657059,0.1434573220244299,0.21650135604107457,0.11508972198376254,0.09495962259290436,0.11123953087611614,0.11828844284970666,0.11319486541543534
305,305.0,305.09999825037625,0.08610627440063238,0.14494841691036423,0.21792475967904057,0.11461553625072911,0.09500580572231929,0.10975185223823337,0.1179979536168046,0.11364940118187651
306,306.0,306.09999843882434,0.08496714125920524,0.14667187618942343,0.2193617080091067,0.11437035801082766,0.0948739521345159,0.1081597879425553,0.11763479910520655,0.11396037734915931
307,307.0,307.09999862403936,0.08390847657055528,0.14816038694029865,0.22055971383444453,0.11370202215333623,0.0951169376020409,0.10663310636729366,0.11729509690220108,0.11462425962982975
308,308.0,308.0999988044925,0.08295424870771989,0.1495939874797281,0.22188545325203546,0.11306238494144587,0.09504008645992432,0.10520196462758799,0.11700132737038756,0.11526054716117091
309,309.0,309.0999989788554,0.08210355626674598,0.15096383282346207,0.22363789550847826,0.11245497288271536,0.09497615088055145,0.10324612015727976,0.11675183493796493,0.11586563654280232
310,310.0,310.0999991459934,0.0812916506204181,0.15210739033588605,0.2250874053047091,0.11177209289307628,0.09484619203861805,0.1016481603516976,0.11703325539811461,0.11621385305748036
311,311.0,311.09999930495775,0.08056930330906877,0.1531654613114175,0.22646699506407514,0.1110872882052765,0.09471848916597947,0.10013478159713209,0.11733989089089994,0.11651779045615074
312,312.0,312.099999454976,0.0802688651904694,0.1538627413047906,0.2271505009585559,0.1109224660930495,0.09443533641974791,0.09864708816267354,0.11762986640591493,0.1170831354647983
313,313.0,313.0999995954427,0.08055506094330987,0.15435717475599325,0.2274835101793914,0.11070474322536816,0.09410702241952476,0.09717585667360935,0.11783150521644643,0.11778512658635687
314,314.0,314.0999997259083,0.08086628046773998,0.15452362476344805,0.2274374619949851,0.11042441310221857,0.09437134770203907,0.09574524443884466,0.11801077388810265,0.11862085364262198
315,315.0,315.0999998460682,0.08119537682155972,0.15480400125781998,0.22732767563324985,0.11042086542024085,0.09448069627902181,0.0943627888345288,0.11816699488728896,0.11924160086629007
316,316.0,316.0999999557515,0.08202506146920728,0.1552323431523775,0.2270302617293157,0.1103264489665594,0.09443763902700994,0.09300857093723505,0.1182228004990341,0.11971687421926111
317,317.0,317.10000005490895,0.08279622946907413,0.155794975068561,0.2263010427455274,0.11014896695065357,0.09425442549300143,0.09196210085902587,0.11818692494021546,0.12055533447394119
318,318.0,318.10000014360156,0.08364276466720984,0.15605556185460837,0.22557225231067973,0.11007209847618679,0.09426834617882088,0.09127706510645567,0.11812963894474779,0.12098227246129095
319,319.0,319.1000002219889,0.08448864561586573,0.15643844610899563,0.2248528017312881,0.10996728737081211,0.09452805671229345,0.09067031410194554,0.11806113704031025,0.12099331131848917
320,320.0,320.1000002903176,0.08532227945404401,0.15667890125590106,0.22406048766961234,0.10972219868655447,0.09477148742674471,0.09014533813004355,0.11812411238189033,0.12117519499520948
321,321.0,321.10000034891027,0.08619566713113783,0.15679633606947468,0.22249230262350903,0.1094784441707524,0.09500107412831532,0.0896973250059559,0.1182320225922497,0.1221068282786051
322,322.0,322.1000003981545,0.08695602040349823,0.15705928896227372,0.22064794703554388,0.10915315549613207,0.09542233109163803,0.08924420191002944,0.11875066584732387,0.12276638925356073
323,323.0,323.1000004384929,0.08761165261239706,0.15717146315664493,0.21871694641646514,0.10877939547573573,0.09579751201176215,0.08894424652818995,0.11903339730113355,0.12394538649767148
324,324.0,324.10000047041245,0.0881514984177912,0.15786805425562964,0.21691974214389212,0.10832156233677949,0.09600562480549657,0.08862630526609462,0.11918593000201783,0.12492128277229853
325,325.0,325.1000004944359,0.08866170945844923,0.15851299090553728,0.21500179561445062,0.10810750519627857,0.09618726086219372,0.08836873029496434,0.11932843808870373,0.12583156957942251
326,326.0,326.1000005111127,0.0891453735812744,0.1591102156656127,0.21313024902086405,0.1079216072348517,0.09635893093749905,0.08818896665875887,0.1194657254225805,0.12667893147855874
327,327.0,327.10000052101066,0.08956647076269877,0.16005847671114204,0.21138787379823037,0.1076870274316232,0.0963830486345665,0.08802217812919919,0.1195715064928118,0.12732341803972813
328,328.0,328.1000005247087,0.08994146289132467,0.16067829300424244,0.20979116410323026,0.10775392365063624,0.09628467724872332,0.08801967833159952,0.1196547272561263,0.12787607351411728
329,329.0,329.1000005227899,0.08980009522090618,0.16134079332524542,0.2087924243450859,0.10776499195617481,0.0960566664519442,0.08802279298818248,0.11970817816782502,0.12851405754463602
330,330.0,330.10000051583506,0.0897577971920043,0.16200254689730686,0.20786873467615546,0.10777455552009978,0.09580882058200407,0.08805708995469703,0.11974755508877849,0.12898290008895402
331,331.0,331.1000005044174,0.08967277850095008,0.16246679454438398,0.20699413901901892,0.10798853857430266,0.09576859314040996,0.08822980870368555,0.11951719045467052,0.12936215706257836
