Total_iterations,Unnamed: 0.1,Intertwine_two,Add_vertex,Delete_vertex,Invert_path_vertices,Insert_inside_vertex,Delete_inside_vertex,Replace_inside_vertex,Donate_between_routes
0,0.0,0.125,0.125,0.125,0.125,0.125,0.125,0.125,0.125
1,1.0,0.125,0.125,0.125,0.125,0.125,0.125,0.125,0.125
2,2.0,0.125,0.125,0.125,0.125,0.125,0.125,0.125,0.125
3,3.0,0.125,0.125,0.125,0.125,0.125,0.125,0.125,0.125
4,4.0,0.125,0.125,0.125,0.125,0.125,0.125,0.125,0.125
5,5.0,0.125,0.125,0.125,0.125,0.125,0.125,0.125,0.125
6,6.0,0.125,0.125,0.125,0.125,0.125,0.125,0.125,0.125
7,7.0,0.125,0.125,0.125,0.125,0.125,0.125,0.125,0.125
8,8.0,0.125,0.125,0.125,0.125,0.125,0.125,0.125,0.125
9,9.0,0.125,0.125,0.125,0.125,0.125,0.125,0.125,0.125
10,10.0,0.125,0.125,0.125,0.125,0.125,0.125,0.125,0.125
11,11.0,0.125,0.125,0.125,0.125,0.125,0.125,0.125,0.125
12,12.0,0.125,0.125,0.125,0.125,0.125,0.125,0.125,0.125
13,13.0,0.125,0.125,0.125,0.125,0.125,0.125,0.125,0.125
14,14.0,0.125,0.125,0.125,0.125,0.125,0.125,0.125,0.125
15,15.0,0.125,0.125,0.125,0.125,0.125,0.125,0.125,0.125
16,16.0,0.125,0.125,0.125,0.125,0.125,0.125,0.125,0.125
17,17.0,0.125,0.125,0.125,0.125,0.125,0.125,0.125,0.125
18,18.0,0.125,0.125,0.125,0.125,0.125,0.125,0.125,0.125
19,19.0,0.125,0.125,0.125,0.125,0.125,0.125,0.125,0.125
20,20.0,0.125,0.125,0.125,0.125,0.125,0.125,0.125,0.125
21,21.0,0.125,0.125,0.125,0.125,0.125,0.125,0.125,0.125
22,22.0,0.125,0.125,0.125,0.125,0.125,0.125,0.125,0.125
23,23.0,0.125,0.125,0.125,0.125,0.125,0.125,0.125,0.125
24,24.0,0.125,0.125,0.125,0.125,0.125,0.125,0.125,0.125
25,25.0,0.125,0.125,0.125,0.125,0.125,0.125,0.125,0.125
26,26.0,0.125,0.125,0.125,0.125,0.125,0.125,0.125,0.125
27,27.0,0.125,0.125,0.125,0.125,0.125,0.125,0.125,0.125
28,28.0,0.125,0.125,0.125,0.125,0.125,0.125,0.125,0.125
29,29.0,0.125,0.125,0.125,0.125,0.125,0.125,0.125,0.125
30,30.0,0.125,0.125,0.125,0.125,0.125,0.125,0.125,0.125
31,31.0,0.125,0.125,0.125,0.125,0.125,0.125,0.125,0.125
32,32.0,0.125,0.125,0.125,0.125,0.125,0.125,0.125,0.125
33,33.0,0.125,0.125,0.125,0.125,0.125,0.125,0.125,0.125
34,34.0,0.125,0.125,0.125,0.125,0.125,0.125,0.125,0.125
35,35.0,0.125,0.125,0.125,0.125,0.125,0.125,0.125,0.125
36,36.0,0.125,0.125,0.125,0.125,0.125,0.125,0.125,0.125
37,37.0,0.125,0.125,0.125,0.125,0.125,0.125,0.125,0.125
38,38.0,0.125,0.125,0.125,0.125,0.125,0.125,0.125,0.125
39,39.0,0.125,0.125,0.125,0.125,0.125,0.125,0.125,0.125
40,40.0,0.125,0.125,0.125,0.125,0.125,0.125,0.125,0.125
41,41.0,0.125,0.125,0.125,0.125,0.125,0.125,0.125,0.125
42,42.0,0.125,0.125,0.125,0.125,0.125,0.125,0.125,0.125
43,43.0,0.125,0.125,0.125,0.125,0.125,0.125,0.125,0.125
44,44.0,0.125,0.125,0.125,0.125,0.125,0.125,0.125,0.125
45,45.0,0.125,0.125,0.125,0.125,0.125,0.125,0.125,0.125
46,46.0,0.125,0.125,0.125,0.125,0.125,0.125,0.125,0.125
47,47.0,0.125,0.125,0.125,0.125,0.125,0.125,0.125,0.125
48,48.0,0.125,0.125,0.125,0.125,0.125,0.125,0.125,0.125
49,49.0,0.125,0.125,0.125,0.125,0.125,0.125,0.125,0.125
50,50.0,0.125,0.125,0.125,0.125,0.125,0.125,0.125,0.125
51,51.0,0.125,0.125,0.125,0.125,0.125,0.125,0.125,0.125
52,52.0,0.125,0.125,0.125,0.125,0.125,0.125,0.125,0.125
53,53.0,0.125,0.125,0.125,0.125,0.125,0.125,0.125,0.125
54,54.0,0.125,0.125,0.125,0.125,0.125,0.125,0.125,0.125
55,55.0,0.125,0.125,0.125,0.125,0.125,0.125,0.125,0.125
56,56.0,0.125,0.125,0.125,0.125,0.125,0.125,0.125,0.125
57,57.0,0.125,0.125,0.125,0.125,0.125,0.125,0.125,0.125
58,58.0,0.125,0.125,0.125,0.125,0.125,0.125,0.125,0.125
59,59.0,0.125,0.125,0.125,0.125,0.125,0.125,0.125,0.125
60,60.0,0.125,0.125,0.125,0.125,0.125,0.125,0.125,0.125
61,61.0,0.125,0.125,0.125,0.125,0.125,0.125,0.125,0.125
62,62.0,0.125,0.125,0.125,0.125,0.125,0.125,0.125,0.125
63,63.0,0.125,0.125,0.125,0.125,0.125,0.125,0.125,0.125
64,64.0,0.125,0.125,0.125,0.125,0.125,0.125,0.125,0.125
65,65.0,0.125,0.125,0.125,0.125,0.125,0.125,0.125,0.125
66,66.0,0.125,0.125,0.125,0.125,0.125,0.125,0.125,0.125
67,67.0,0.125,0.125,0.125,0.125,0.125,0.125,0.125,0.125
68,68.0,0.125,0.125,0.125,0.125,0.125,0.125,0.125,0.125
69,69.0,0.125,0.125,0.125,0.125,0.125,0.125,0.125,0.125
70,70.0,0.125,0.125,0.125,0.125,0.125,0.125,0.125,0.125
71,71.0,0.125,0.125,0.125,0.125,0.125,0.125,0.125,0.125
72,72.0,0.125,0.125,0.125,0.125,0.125,0.125,0.125,0.125
73,73.0,0.125,0.125,0.125,0.125,0.125,0.125,0.125,0.125
74,74.0,0.125,0.125,0.125,0.125,0.125,0.125,0.125,0.125
75,75.0,0.125,0.125,0.125,0.125,0.125,0.125,0.125,0.125
76,76.0,0.125,0.125,0.125,0.125,0.125,0.125,0.125,0.125
77,77.0,0.125,0.125,0.125,0.125,0.125,0.125,0.125,0.125
78,78.0,0.125,0.125,0.125,0.125,0.125,0.125,0.125,0.125
79,79.0,0.125,0.125,0.125,0.125,0.125,0.125,0.125,0.125
80,80.0,0.125,0.125,0.125,0.125,0.125,0.125,0.125,0.125
81,81.0,0.125,0.125,0.125,0.125,0.125,0.125,0.125,0.125
82,82.0,0.125,0.125,0.125,0.125,0.125,0.125,0.125,0.125
83,83.0,0.125,0.125,0.125,0.125,0.125,0.125,0.125,0.125
84,84.0,0.125,0.125,0.125,0.125,0.125,0.125,0.125,0.125
85,85.0,0.125,0.125,0.125,0.125,0.125,0.125,0.125,0.125
86,86.0,0.125,0.125,0.125,0.125,0.125,0.125,0.125,0.125
87,87.0,0.125,0.125,0.125,0.125,0.125,0.125,0.125,0.125
88,88.0,0.125,0.125,0.125,0.125,0.125,0.125,0.125,0.125
89,89.0,0.125,0.125,0.125,0.125,0.125,0.125,0.125,0.125
90,90.0,0.125,0.125,0.125,0.125,0.125,0.125,0.125,0.125
91,91.0,0.125,0.125,0.125,0.125,0.125,0.125,0.125,0.125
92,92.0,0.125,0.125,0.125,0.125,0.125,0.125,0.125,0.125
93,93.0,0.125,0.125,0.125,0.125,0.125,0.125,0.125,0.125
94,94.0,0.125,0.125,0.125,0.125,0.125,0.125,0.125,0.125
95,95.0,0.125,0.125,0.125,0.125,0.125,0.125,0.125,0.125
96,96.0,0.125,0.125,0.125,0.125,0.125,0.125,0.125,0.125
97,97.0,0.125,0.125,0.125,0.125,0.125,0.125,0.125,0.125
98,98.0,0.125,0.125,0.125,0.125,0.125,0.125,0.125,0.125
99,99.0,0.125,0.125,0.125,0.125,0.125,0.125,0.125,0.125
100,100.0,0.125,0.125,0.125,0.125,0.125,0.125,0.125,0.125
101,101.0,0.125,0.125,0.125,0.125,0.125,0.125,0.125,0.125
102,102.0,0.125,0.125,0.125,0.125,0.125,0.125,0.125,0.125
103,103.0,0.125,0.125,0.125,0.125,0.125,0.125,0.125,0.125
104,104.0,0.125,0.125,0.125,0.125,0.125,0.125,0.125,0.125
105,105.0,0.125,0.125,0.125,0.125,0.125,0.125,0.125,0.125
106,106.0,0.125,0.125,0.125,0.125,0.125,0.125,0.125,0.125
107,107.0,0.125,0.125,0.125,0.125,0.125,0.125,0.125,0.125
108,108.0,0.125,0.125,0.125,0.125,0.125,0.125,0.125,0.125
109,109.0,0.125,0.125,0.125,0.125,0.125,0.125,0.125,0.125
110,110.0,0.125,0.125,0.125,0.125,0.125,0.125,0.125,0.125
111,111.0,0.125,0.125,0.125,0.125,0.125,0.125,0.125,0.125
112,112.0,0.125,0.125,0.125,0.125,0.125,0.125,0.125,0.125
113,113.0,0.125,0.125,0.125,0.125,0.125,0.125,0.125,0.125
114,114.0,0.125,0.125,0.125,0.125,0.125,0.125,0.125,0.125
115,115.0,0.125,0.125,0.125,0.125,0.125,0.125,0.125,0.125
116,116.0,0.125,0.125,0.125,0.125,0.125,0.125,0.125,0.125
117,117.0,0.125,0.125,0.125,0.125,0.125,0.125,0.125,0.125
118,118.0,0.125,0.125,0.125,0.125,0.125,0.125,0.125,0.125
119,119.0,0.125,0.125,0.125,0.125,0.125,0.125,0.125,0.125
120,120.0,0.125,0.125,0.125,0.125,0.125,0.125,0.125,0.125
121,121.0,0.125,0.125,0.125,0.125,0.125,0.125,0.125,0.125
122,122.0,0.125,0.125,0.125,0.125,0.125,0.125,0.125,0.125
123,123.0,0.125,0.125,0.125,0.125,0.125,0.125,0.125,0.125
124,124.0,0.125,0.125,0.125,0.125,0.125,0.125,0.125,0.125
125,125.0,0.125,0.125,0.125,0.125,0.125,0.125,0.125,0.125
126,126.0,0.125,0.125,0.125,0.125,0.125,0.125,0.125,0.125
127,127.0,0.125,0.125,0.125,0.125,0.125,0.125,0.125,0.125
128,128.0,0.125,0.125,0.125,0.125,0.125,0.125,0.125,0.125
129,129.0,0.125,0.125,0.125,0.125,0.125,0.125,0.125,0.125
130,130.0,0.125,0.125,0.125,0.125,0.125,0.125,0.125,0.125
131,131.0,0.125,0.125,0.125,0.125,0.125,0.125,0.125,0.125
132,132.0,0.125,0.125,0.125,0.125,0.125,0.125,0.125,0.125
133,133.0,0.125,0.125,0.125,0.125,0.125,0.125,0.125,0.125
134,134.0,0.125,0.125,0.125,0.125,0.125,0.125,0.125,0.125
135,135.0,0.125,0.125,0.125,0.125,0.125,0.125,0.125,0.125
136,136.0,0.125,0.125,0.125,0.125,0.125,0.125,0.125,0.125
137,137.0,0.125,0.125,0.125,0.125,0.125,0.125,0.125,0.125
138,138.0,0.125,0.125,0.125,0.125,0.125,0.125,0.125,0.125
139,139.0,0.125,0.125,0.125,0.125,0.125,0.125,0.125,0.125
140,140.0,0.125,0.125,0.125,0.125,0.125,0.125,0.125,0.125
141,141.0,0.125,0.125,0.125,0.125,0.125,0.125,0.125,0.125
142,142.0,0.125,0.125,0.125,0.125,0.125,0.125,0.125,0.125
143,143.0,0.125,0.125,0.125,0.125,0.125,0.125,0.125,0.125
144,144.0,0.125,0.125,0.125,0.125,0.125,0.125,0.125,0.125
145,145.0,0.125,0.125,0.125,0.125,0.125,0.125,0.125,0.125
146,146.0,0.125,0.125,0.125,0.125,0.125,0.125,0.125,0.125
147,147.0,0.125,0.125,0.125,0.125,0.125,0.125,0.125,0.125
148,148.0,0.125,0.125,0.125,0.125,0.125,0.125,0.125,0.125
149,149.0,0.125,0.125,0.125,0.125,0.125,0.125,0.125,0.125
150,150.0,0.125,0.125,0.125,0.125,0.125,0.125,0.125,0.125
151,151.0,0.125,0.125,0.125,0.125,0.125,0.125,0.125,0.125
152,152.0,0.125,0.125,0.125,0.125,0.125,0.125,0.125,0.125
153,153.0,0.125,0.125,0.125,0.125,0.125,0.125,0.125,0.125
154,154.0,0.125,0.125,0.125,0.125,0.125,0.125,0.125,0.125
155,155.0,0.125,0.125,0.125,0.125,0.125,0.125,0.125,0.125
156,156.0,0.125,0.125,0.125,0.125,0.125,0.125,0.125,0.125
157,157.0,0.125,0.125,0.125,0.125,0.125,0.125,0.125,0.125
158,158.0,0.125,0.125,0.125,0.125,0.125,0.125,0.125,0.125
159,159.0,0.125,0.125,0.125,0.125,0.125,0.125,0.125,0.125
160,160.0,0.125,0.125,0.125,0.125,0.125,0.125,0.125,0.125
161,161.0,0.125,0.125,0.125,0.125,0.125,0.125,0.125,0.125
162,162.0,0.125,0.125,0.125,0.125,0.125,0.125,0.125,0.125
163,163.0,0.125,0.125,0.125,0.125,0.125,0.125,0.125,0.125
164,164.0,0.125,0.125,0.125,0.125,0.125,0.125,0.125,0.125
165,165.0,0.125,0.125,0.125,0.125,0.125,0.125,0.125,0.125
166,166.0,0.125,0.125,0.125,0.125,0.125,0.125,0.125,0.125
167,167.0,0.125,0.125,0.125,0.125,0.125,0.125,0.125,0.125
168,168.0,0.125,0.125,0.125,0.125,0.125,0.125,0.125,0.125
169,169.0,0.125,0.125,0.125,0.125,0.125,0.125,0.125,0.125
170,170.0,0.125,0.125,0.125,0.125,0.125,0.125,0.125,0.125
171,171.0,0.125,0.125,0.125,0.125,0.125,0.125,0.125,0.125
172,172.0,0.125,0.125,0.125,0.125,0.125,0.125,0.125,0.125
173,173.0,0.125,0.125,0.125,0.125,0.125,0.125,0.125,0.125
174,174.0,0.125,0.125,0.125,0.125,0.125,0.125,0.125,0.125
175,175.0,0.125,0.125,0.125,0.125,0.125,0.125,0.125,0.125
176,176.0,0.125,0.125,0.125,0.125,0.125,0.125,0.125,0.125
177,177.0,0.125,0.125,0.125,0.125,0.125,0.125,0.125,0.125
178,178.0,0.125,0.125,0.125,0.125,0.125,0.125,0.125,0.125
179,179.0,0.125,0.125,0.125,0.125,0.125,0.125,0.125,0.125
180,180.0,0.125,0.125,0.125,0.125,0.125,0.125,0.125,0.125
181,181.0,0.125,0.125,0.125,0.125,0.125,0.125,0.125,0.125
182,182.0,0.125,0.125,0.125,0.125,0.125,0.125,0.125,0.125
183,183.0,0.125,0.125,0.125,0.125,0.125,0.125,0.125,0.125
184,184.0,0.125,0.125,0.125,0.125,0.125,0.125,0.125,0.125
185,185.0,0.125,0.125,0.125,0.125,0.125,0.125,0.125,0.125
186,186.0,0.125,0.125,0.125,0.125,0.125,0.125,0.125,0.125
187,187.0,0.125,0.125,0.125,0.125,0.125,0.125,0.125,0.125
188,188.0,0.125,0.125,0.125,0.125,0.125,0.125,0.125,0.125
189,189.0,0.125,0.125,0.125,0.125,0.125,0.125,0.125,0.125
190,190.0,0.125,0.125,0.125,0.125,0.125,0.125,0.125,0.125
191,191.0,0.125,0.125,0.125,0.125,0.125,0.125,0.125,0.125
192,192.0,0.125,0.125,0.125,0.125,0.125,0.125,0.125,0.125
193,193.0,0.125,0.125,0.125,0.125,0.125,0.125,0.125,0.125
194,194.0,0.125,0.125,0.125,0.125,0.125,0.125,0.125,0.125
195,195.0,0.125,0.125,0.125,0.125,0.125,0.125,0.125,0.125
196,196.0,0.125,0.125,0.125,0.125,0.125,0.125,0.125,0.125
197,197.0,0.125,0.125,0.125,0.125,0.125,0.125,0.125,0.125
198,198.0,0.125,0.125,0.125,0.125,0.125,0.125,0.125,0.125
199,199.0,0.1249871134020618,0.1249871134020618,0.1249871134020618,0.1249871134020618,0.1249871134020618,0.1249871134020618,0.125090206185567,0.1249871134020618
200,200.0,0.1256688001145475,0.1256688001145475,0.1245576890034364,0.1245576890034364,0.1245576890034364,0.1245576890034364,0.1258739547537228,0.1245576890034364
201,201.0,0.126997828999813,0.1271089401109241,0.123897828999813,0.123897828999813,0.123897828999813,0.123897828999813,0.126404085890198,0.123897828999813
202,202.0,0.1281686479083678,0.1283897590194789,0.1231096479083678,0.1231096479083678,0.1231096479083678,0.1231096479083678,0.1267822424192031,0.1242207590194789
203,203.0,0.1292070919740913,0.1303542849033842,0.1222355819740912,0.1222355819740912,0.1222355819740912,0.1223365920751013,0.1269485920399468,0.1244466930852024
204,204.0,0.1301968429357237,0.1323589668650167,0.1213737890357237,0.1213737890357237,0.1213737890357237,0.1215737890357237,0.1270851339095298,0.1246639001468348
205,205.0,0.131143781684967,0.1343006515678963,0.120542568813967,0.120542568813967,0.120542568813967,0.1208396597230579,0.1272062106570996,0.1248819899250781
206,206.0,0.1320427200555676,0.1361662218908696,0.1197471762393776,0.1197471762393776,0.1197471762393776,0.1201386780575594,0.1273121580273818,0.1250986932504887
207,207.0,0.1328894687016837,0.1379446335686975,0.1189919824729847,0.1189919824729847,0.1189919824729847,0.1194745390911665,0.1274034294844024,0.1253119817350958
208,208.0,0.1336807791093028,0.1396268183491163,0.1182805195716325,0.1182805195716325,0.1182805195716325,0.1188501999436325,0.1274805799049173,0.1255200639781336
209,209.0,0.1344142819981982,0.1412055770740626,0.1176155290778305,0.1176155290778305,0.1176155290778305,0.1182679240245469,0.127544249888372,0.1257213797813288
210,210.0,0.1350884230913534,0.1426754647618343,0.1169990136557618,0.1169990136557618,0.1169990136557618,0.1177293277702557,0.1275951507786378,0.1259145926306335
211,211.0,0.1357023971574108,0.144032669639271,0.1164322909524736,0.1164322909524736,0.1164322909524736,0.1172354291768223,0.1276340504761312,0.1260985806929439
212,212.0,0.1362560811584197,0.145274887938632,0.1159160489231208,0.1159160489231208,0.1159160489231208,0.1167866974640955,0.1276617601031542,0.1262724265663362
213,213.0,0.1357499672608749,0.1464011961347312,0.1154504019206034,0.1154504019206034,0.1164504019206034,0.1163831032611316,0.1276791215704839,0.1264354060109684
214,214.0,0.1348743893229,0.1471821241761358,0.114805148932465,0.1157142398415559,0.1167042398415559,0.1157943707791862,0.1274571980996181,0.1274682890065832
215,215.0,0.1338121707400391,0.1486087947372951,0.1141357636932098,0.1158690970265431,0.1168401970265431,0.1151759617770373,0.1271531980251458,0.1284048169741868
216,216.0,0.1324896451596567,0.1504504632087184,0.1143443214233101,0.115821370374359,0.116765749374359,0.1144299961396951,0.1266713371511404,0.1290271171687614
217,217.0,0.1309606539518942,0.1519145457819978,0.1152709622285493,0.115606380949828,0.116517267259828,0.1135885273488904,0.1260460583281335,0.130095604150879
218,218.0,0.1293029639833977,0.1531154411624958,0.1160906275993773,0.1152848353162604,0.1161564693421604,0.1126619002502573,0.1252903359816351,0.1320974263644159
219,219.0,0.127595264454168,0.154116701539928,0.1175368790315877,0.1149198469751381,0.1157474376050891,0.1117171393698075,0.1244740141117018,0.1338927169125798
220,220.0,0.1258167040226414,0.1548853485178974,0.1188760297481543,0.1154764807876984,0.1152561564549958,0.1107225764015978,0.1235683865964471,0.1353983174705678
221,221.0,0.1240921543833627,0.1555369569665705,0.1193720649801427,0.1168903415337808,0.1147957636446837,0.1097931371840863,0.1226914402755558,0.1368281410318175
222,222.0,0.1223693573893976,0.1560126120902876,0.1196620282313829,0.1181833627843672,0.1143036717041752,0.1088675011702758,0.1217849739286977,0.1388164927014159
223,223.0,0.1207230580538465,0.1563828449779996,0.1199367039905145,0.1194700828918859,0.1138456637735873,0.1080122367076265,0.1209186965296306,0.1407107130749092
224,224.0,0.1191620696042236,0.1566544955244298,0.1201948742491568,0.1207382647695684,0.1134229115312338,0.1072288592856488,0.1200972519575659,0.1425012730781728
225,225.0,0.1176934708364323,0.156834705458242,0.1204356078547725,0.1219770804216217,0.1130361169307149,0.1065180139744954,0.119324371375524,0.1441806331481971
226,226.0,0.1163227087699673,0.1569308167413601,0.1206582411366079,0.123177078314088,0.1126855521538523,0.1058795560161953,0.1186029271903232,0.1457431196776059
227,227.0,0.1150537073553607,0.1569502781260221,0.1208623577942229,0.1243301402440014,0.1123710998660489,0.1053126312550463,0.1179349902041313,0.1471847951551665
228,228.0,0.1148889805415726,0.1569005599882271,0.1210477683234633,0.124429429188318,0.1120922933412769,0.1048157556189446,0.1173218890669093,0.1485033239312881
229,229.0,0.1148197481366592,0.1567890774615987,0.1219837200011048,0.1244793295561544,0.1118483560684809,0.1043868929517467,0.1167642712051324,0.1489286046191228
230,230.0,0.1148371530237821,0.1566231218102866,0.1228934915032234,0.1244842812014803,0.1116382404951912,0.104023530583234,0.116262164469874,0.1492380169129285
231,231.0,0.1149323574248664,0.1564097999032722,0.1237706031323501,0.1244487294800933,0.1114606656071901,0.1037227521072232,0.1158150388158347,0.14944005352917
232,232.0,0.1150966293445051,0.1561559815851959,0.1246095497594928,0.1243770802458788,0.1113141530848287,0.1034813069192242,0.115421867391433,0.1495434316694414
233,233.0,0.1153214193116464,0.1558682546803447,0.1254057584185785,0.1242736597424615,0.1111970618167667,0.1032956761423158,0.1150811864879493,0.149556983399937
234,234.0,0.1155434825669236,0.1554979422614995,0.1266500463143275,0.1240327891919058,0.1110526755353098,0.103107189588213,0.1147362088073814,0.1493796657344393
235,235.0,0.1158103216984209,0.1551064565536987,0.1278401076990611,0.1237695234033322,0.1109346181540624,0.1029674682496269,0.1144402643536941,0.1491312398881036
236,236.0,0.1161147907272013,0.1546998297429158,0.1289694646100334,0.1234887345584283,0.1108414373568162,0.1028730328183915,0.1141914092487361,0.1488213009374772
237,237.0,0.1164500819732487,0.1542836422075571,0.1300328939255109,0.1231949828512761,0.1107715772931435,0.1028202990580842,0.113987423108684,0.1484590995824954
238,238.0,0.1168097603023758,0.1538630118954335,0.1310263541118884,0.1228925020851719,0.1107234044903237,0.1028056241392152,0.1138258588984479,0.1480534840771435
239,239.0,0.1172427352779286,0.1534975344422879,0.1322216327549372,0.1226950800835621,0.1107501770052446,0.1028802939817745,0.1137590351220936,0.1469535113321714
240,240.0,0.1176878969360583,0.1531358987873033,0.133339342475307,0.1224952840911123,0.1107946820315326,0.1029851768617431,0.1137286954245457,0.1458330233923974
241,241.0,0.118084629936981,0.1527263920522686,0.1348156235076225,0.1221854593569409,0.1107997562128429,0.1030612575916353,0.1136765497399542,0.1446503316017545
242,242.0,0.1184356413182395,0.1522797279143704,0.1365852038957139,0.1217833700062247,0.1107711233936917,0.1031124870809914,0.1136071316257008,0.1434253147650674
243,243.0,0.118784850270845,0.1518469458981313,0.1382582007572656,0.1213879776798396,0.1107552977451739,0.1031836953018284,0.1135657196487514,0.1422173126981646
244,244.0,0.1191289449481365,0.1514309856115479,0.139827542476316,0.1210025665986165,0.1107511568067112,0.1032721722987901,0.113549927315145,0.1410367039447367
245,245.0,0.1194649958308727,0.1510343244845202,0.140621234483258,0.121296659415518,0.1107575735166828,0.1033753064242942,0.1135573505838835,0.1398925552609704
246,246.0,0.1197904467896816,0.1506589992123632,0.1413089048292332,0.1215993648125625,0.1107734279431456,0.1034906006242315,0.1135855936620449,0.1387926621267373
247,247.0,0.120103103307368,0.1503066294623112,0.1418942789768784,0.1219067944777655,0.1107976177701857,0.1036156859491593,0.1136322921379054,0.1377435979184263
248,248.0,0.1197001109368598,0.1508708426470535,0.1428116778594953,0.1222002917975491,0.1108972910026985,0.1037616108216077,0.1137084118752148,0.1360497630595211
249,249.0,0.1192330260291432,0.1519456844951095,0.1435768294103648,0.1223820238244662,0.1108926113590204,0.1038579364337045,0.1137433539460596,0.1343685345021316
250,250.0,0.1187147601888477,0.1534528602051837,0.1441991383489846,0.1224650127711973,0.1107977239268703,0.1039104909571954,0.1137427181982092,0.1327172954035117
251,251.0,0.1181200399379421,0.1546615856423769,0.1444305033822074,0.1223503898910275,0.1105882146059155,0.1045125517260142,0.1142627298354374,0.1310739849790788
252,252.0,0.1174636017108464,0.1555944388410431,0.1448668555770381,0.1226499939679977,0.1102795197632132,0.1050050265929073,0.1146851762904458,0.1294553872565081
253,253.0,0.1167587621828064,0.1562723014720647,0.1454820212058594,0.1227586477516924,0.1098856338914534,0.1059504939470419,0.1150163421108864,0.1278757974381952
254,254.0,0.1160468216439029,0.156890364554131,0.1457813790336901,0.1227825950277196,0.1094778384816712,0.1068530233955643,0.1157914554667174,0.1263765223966033
255,255.0,0.1153354842873281,0.1574483020980338,0.1462685789189925,0.1232852465897919,0.1090614771284833,0.1071522025657117,0.1164843103204655,0.124964398091193
256,256.0,0.1146532317398434,0.157967975853579,0.146684250371452,0.1237779912079698,0.1086629986111909,0.1074268032650487,0.1171604896880873,0.1236662592628288
257,257.0,0.1139747382799328,0.1582725768655556,0.1470021497537465,0.1241399330661333,0.1087524356886873,0.1076180578014993,0.1177856595584372,0.1224544489860079
258,258.0,0.1133327287229116,0.1585384611350429,0.1472551910685433,0.1244857961795971,0.1088590497991395,0.1077850198249349,0.1183849849720127,0.1213587682978178
259,259.0,0.1127299747740612,0.1587668414935949,0.1474473297094441,0.1248137297916965,0.1089800570981477,0.1079284489664227,0.1189550571203554,0.1203785610462775
260,260.0,0.1121422626225793,0.1593012897918775,0.1475564187679559,0.1250169843585521,0.1090338608254449,0.1079966326437952,0.1194667848190315,0.1194857661707635
261,261.0,0.1115738398969606,0.1596312933494261,0.1480657374746396,0.125105493985887,0.1090262673610798,0.1079961629401238,0.1199207599227377,0.1186804450691453
262,262.0,0.1110498904533035,0.1599239966047385,0.1485230268204685,0.1251755623570943,0.1090277780731479,0.1079767670334068,0.1203396465113626,0.1179833321464779
263,263.0,0.1106505715372136,0.1602595676348504,0.1480559009750538,0.1254664281521697,0.1091168325162503,0.108019896582381,0.1209608598086231,0.1174699427934581
264,264.0,0.1102959847136665,0.1605589353805521,0.1475471870016884,0.1257388172564901,0.1092123572014239,0.1080474391745588,0.1215436692963975,0.1170556099752227
265,265.0,0.1099852026416433,0.1608227264928275,0.1464505752973453,0.1259918534480877,0.10931274985761,0.1080606780796983,0.1226416428163121,0.1167345713664757
266,266.0,0.109716952666712,0.1610518607238967,0.1453358217521659,0.1273360527674299,0.1094165197611453,0.1080609112774518,0.1236922842299538,0.1153895968212445
267,267.0,0.1093785529678015,0.1621364013084583,0.1441047769745743,0.1284266346863267,0.1094111803771486,0.1079383258954693,0.1245787092227024,0.1140254185675188
268,268.0,0.1091130822528609,0.1632126419438797,0.1430774589669604,0.1295760943413198,0.1094403757667751,0.1078391093841063,0.1249509588468504,0.1127902784972474
269,269.0,0.1098538108273746,0.1642085587154527,0.1424267747683501,0.1295807748524459,0.1094382689954982,0.1076998255181465,0.1251704536332124,0.1116215326895196
270,270.0,0.1104403050595399,0.1638587073136229,0.1417071293371555,0.1294524335321888,0.1093465140209177,0.109484578565708,0.125247600320912,0.1104627318499551
271,271.0,0.1109346486937951,0.1633536883222742,0.1419033223216539,0.1291763630475967,0.1091457002838171,0.1110245314463772,0.1251665693236456,0.1092951765608402
272,272.0,0.1113502042626797,0.1627231595993629,0.1428490806777038,0.1292553784052302,0.1088578327069101,0.111870755990028,0.1249530796289732,0.1081405087291122
273,273.0,0.1123084439347907,0.1614155228598198,0.1438348820594814,0.1292974449365545,0.108110620891072,0.1132827558585187,0.1248319275879978,0.1069184018717651
274,274.0,0.1132631792407467,0.1600986107272489,0.1448203706441026,0.1293139212744718,0.1073765947549778,0.1146440867674338,0.1246802532934217,0.1058029832975966
275,275.0,0.1140663243752148,0.15864763097339,0.1456568339365479,0.1288387673315092,0.106522887103125,0.1158073134147527,0.1242387368246621,0.1062215060407984
276,276.0,0.114590927818833,0.1573367291704436,0.1469020961072228,0.1280932235256623,0.1054605009508449,0.1176267720291461,0.1235833010427612,0.106406449355086
277,277.0,0.1150737878639187,0.1560918644660321,0.1488084776892072,0.1272856777790847,0.1050913206605306,0.1182597124557866,0.1228624260508643,0.1065267330345757
278,278.0,0.1154432299121871,0.1547999541200851,0.1513337229684703,0.1263855801984895,0.1046697508105886,0.1186457813281741,0.1221684957651878,0.1065534848968172
279,279.0,0.1156473053832413,0.1534176369517307,0.1536548345366331,0.1264682576501553,0.1041442612069963,0.1188213354160404,0.1213406035028151,0.1065057653523876
280,280.0,0.1155550584096405,0.1518699440920605,0.1560667863218955,0.1262256620223954,0.1033850469507028,0.1185961163224044,0.1220718224304375,0.1062295634504631
281,281.0,0.1154404502989928,0.1503894394893523,0.1583808802792006,0.1259932960299794,0.1026664792429478,0.1183135524574518,0.122807170998021,0.1060087312040541
282,282.0,0.1153068632461093,0.1489842093639368,0.160583761251771,0.1257724603692972,0.1019916791059551,0.1179822039369636,0.1235388827558936,0.1058399399700731
283,283.0,0.1149615433614214,0.1475049143718082,0.1630997069135397,0.1255410622156339,0.1012904869198206,0.1176719911067602,0.1242383993291762,0.1056918957818395
284,284.0,0.1135319766040807,0.1460772670214544,0.1652599964370083,0.1242865404272754,0.1021525374714508,0.1182548175587947,0.124884624809157,0.1055522396707784
285,285.0,0.1119921990989757,0.1452441816610234,0.1669842749515697,0.1226226929851865,0.1023837355071338,0.1195464565560494,0.125336424232775,0.1058900350072862
286,286.0,0.110282822163552,0.1442890025302226,0.1694127385293781,0.1208378815844907,0.1024257560314305,0.1212305453314123,0.1254738582315401,0.1060473955979735
287,287.0,0.1085865184351305,0.1432753743524386,0.1716421460750559,0.1190410638272267,0.1024503862829999,0.1228137861084226,0.1256919245110433,0.1064988004076823
288,288.0,0.1069186613039258,0.1422173020295624,0.1736695444636208,0.1172505615475161,0.1024585543338605,0.124289866626407,0.1258675968540466,0.1073279128410605
289,289.0,0.1052286527366616,0.1410634024698804,0.1761993300704984,0.1161328432282913,0.10186074760847,0.1252097031633376,0.1258748234218005,0.1084304973010598
290,290.0,0.1033468331790477,0.1395316363470032,0.1800898202594228,0.1147781478344436,0.1009171796689153,0.12558168355064,0.1261897124038523,0.1095649867566749
291,291.0,0.101410791458969,0.1385728314830447,0.1837778127218101,0.1140212920167876,0.0998682700311001,0.1255768323248891,0.1262394188268638,0.1105327511365354
292,292.0,0.0999592807981079,0.1373909445575644,0.1872737749629347,0.1143829595355448,0.0985850196795889,0.1251619714321202,0.1259785766912688,0.1112674723428701
293,293.0,0.0984376947919561,0.1368359350871854,0.1905532937258691,0.1145843389840169,0.0971491975414182,0.1245358912196663,0.1260764272477456,0.111827221402142
294,294.0,0.0968706893235711,0.1366354095839246,0.1936151812413396,0.114644625115962,0.0963097124735117,0.1237279055306992,0.1259698168232955,0.112226659907696
295,295.0,0.0953322148369578,0.1370329869173183,0.1965375399571087,0.1146328943466425,0.0953541035845013,0.1227913451045434,0.1257869899611412,0.1125319252917865
296,296.0,0.0944032066803668,0.1374930678435537,0.1990108134517032,0.1150260261134385,0.0944313415431897,0.1217901363158826,0.1255798691011474,0.1122655389507178
297,297.0,0.0935860163995277,0.1380186473479306,0.2012351775122947,0.1154611413066089,0.0935750615929125,0.1207822945503923,0.1253668010055439,0.1119748602847891
298,298.0,0.0928491440811837,0.1385836747633459,0.2032581137496697,0.1158869553888496,0.0934253549622455,0.1197358264806754,0.1246099502751292,0.1116509802989006
299,299.0,0.0921911126514547,0.1391781480241347,0.2052111423785408,0.1162989193292102,0.0933122473847206,0.1186638384166307,0.1238445408908079,0.1113000509245001
300,300.0,0.0917638138244984,0.1399081527504952,0.2073216988108131,0.1162607145425752,0.0934390370984678,0.1167556674012387,0.1225953735386308,0.1119555420332805
301,301.0,0.0909690878719738,0.1404293033599426,0.2093208300420974,0.1160926724731274,0.0940108814569797,0.1154870566246733,0.121263599089715,0.1124265690814907
302,302.0,0.0896642206133206,0.1413388822104732,0.2122493047266278,0.1157767292980171,0.0943593497336581,0.114028767410369,0.1198619632741524,0.1127207827333815
303,303.0,0.0884568973803252,0.142252426159237,0.2149404815869147,0.1154797128111276,0.0947403540675255,0.1126290416094157,0.1185050911153505,0.1129959952701037
304,304.0,0.0872691382165705,0.1434573220244299,0.2165013560410745,0.1150897219837625,0.0949596225929043,0.1112395308761161,0.1182884428497066,0.1131948654154353
305,305.0,0.0861062744006323,0.1449484169103642,0.2179247596790405,0.1146155362507291,0.0950058057223192,0.1097518522382333,0.1179979536168046,0.1136494011818765
306,306.0,0.0849671412592052,0.1466718761894234,0.2193617080091067,0.1143703580108276,0.0948739521345159,0.1081597879425553,0.1176347991052065,0.1139603773491593
307,307.0,0.0839084765705552,0.1481603869402986,0.2205597138344445,0.1137020221533362,0.0951169376020409,0.1066331063672936,0.117295096902201,0.1146242596298297
308,308.0,0.0829542487077198,0.1495939874797281,0.2218854532520354,0.1130623849414458,0.0950400864599243,0.1052019646275879,0.1170013273703875,0.1152605471611709
309,309.0,0.0821035562667459,0.150963832823462,0.2236378955084782,0.1124549728827153,0.0949761508805514,0.1032461201572797,0.1167518349379649,0.1158656365428023
310,310.0,0.0812916506204181,0.152107390335886,0.2250874053047091,0.1117720928930762,0.094846192038618,0.1016481603516976,0.1170332553981146,0.1162138530574803
311,311.0,0.0805693033090687,0.1531654613114175,0.2264669950640751,0.1110872882052765,0.0947184891659794,0.100134781597132,0.1173398908908999,0.1165177904561507
312,312.0,0.0802688651904694,0.1538627413047906,0.2271505009585559,0.1109224660930495,0.0944353364197479,0.0986470881626735,0.1176298664059149,0.1170831354647983
313,313.0,0.0805550609433098,0.1543571747559932,0.2274835101793914,0.1107047432253681,0.0941070224195247,0.0971758566736093,0.1178315052164464,0.1177851265863568
314,314.0,0.0808662804677399,0.154523624763448,0.2274374619949851,0.1104244131022185,0.094371347702039,0.0957452444388446,0.1180107738881026,0.1186208536426219
315,315.0,0.0811953768215597,0.1548040012578199,0.2273276756332498,0.1104208654202408,0.0944806962790218,0.0943627888345288,0.1181669948872889,0.11924160086629
316,316.0,0.0820250614692072,0.1552323431523775,0.2270302617293157,0.1103264489665594,0.0944376390270099,0.093008570937235,0.1182228004990341,0.1197168742192611
317,317.0,0.0827962294690741,0.155794975068561,0.2263010427455274,0.1101489669506535,0.0942544254930014,0.0919621008590258,0.1181869249402154,0.1205553344739411
318,318.0,0.0836427646672098,0.1560555618546083,0.2255722523106797,0.1100720984761867,0.0942683461788208,0.0912770651064556,0.1181296389447477,0.1209822724612909
319,319.0,0.0844886456158657,0.1564384461089956,0.2248528017312881,0.1099672873708121,0.0945280567122934,0.0906703141019455,0.1180611370403102,0.1209933113184891
320,320.0,0.085322279454044,0.156678901255901,0.2240604876696123,0.1097221986865544,0.0947714874267447,0.0901453381300435,0.1181241123818903,0.1211751949952094
321,321.0,0.0861956671311378,0.1567963360694746,0.222492302623509,0.1094784441707524,0.0950010741283153,0.0896973250059559,0.1182320225922497,0.1221068282786051
322,322.0,0.0869560204034982,0.1570592889622737,0.2206479470355438,0.109153155496132,0.095422331091638,0.0892442019100294,0.1187506658473238,0.1227663892535607
323,323.0,0.087611652612397,0.1571714631566449,0.2187169464164651,0.1087793954757357,0.0957975120117621,0.0889442465281899,0.1190333973011335,0.1239453864976714
324,324.0,0.0881514984177912,0.1578680542556296,0.2169197421438921,0.1083215623367794,0.0960056248054965,0.0886263052660946,0.1191859300020178,0.1249212827722985
325,325.0,0.0886617094584492,0.1585129909055372,0.2150017956144506,0.1081075051962785,0.0961872608621937,0.0883687302949643,0.1193284380887037,0.1258315695794225
326,326.0,0.0891453735812744,0.1591102156656127,0.213130249020864,0.1079216072348517,0.096358930937499,0.0881889666587588,0.1194657254225805,0.1266789314785587
327,327.0,0.0895664707626987,0.160058476711142,0.2113878737982303,0.1076870274316232,0.0963830486345665,0.0880221781291991,0.1195715064928118,0.1273234180397281
328,328.0,0.0899414628913246,0.1606782930042424,0.2097911641032302,0.1077539236506362,0.0962846772487233,0.0880196783315995,0.1196547272561263,0.1278760735141172
329,329.0,0.0898000952209061,0.1613407933252454,0.2087924243450859,0.1077649919561748,0.0960566664519442,0.0880227929881824,0.119708178167825,0.128514057544636
330,330.0,0.0897577971920043,0.1620025468973068,0.2078687346761554,0.1077745555200997,0.095808820582004,0.088057089954697,0.1197475550887784,0.128982900088954
331,331.0,0.08967277850095,0.1624667945443839,0.2069941390190189,0.1079885385743026,0.0957685931404099,0.0882298087036855,0.1195171904546705,0.1293621570625783
332,332.0,0.0895441944649424,0.1630318503687783,0.2063740957414566,0.1081534071420471,0.0956153607770044,0.0883865448842702,0.1192437846850587,0.1296507619364422
333,333.0,0.0894083138780853,0.163763404313031,0.206363445783037,0.1085944710106402,0.0953796218742319,0.0882968722475345,0.1185053883333254,0.1296884825601143
334,334.0,0.0892237891139104,0.1645092466005426,0.2064819446457897,0.1088430458791685,0.0951654939620375,0.088199590385956,0.1177497979594952,0.1298270914530998
335,335.0,0.0889541241370403,0.1650660216016286,0.2066023464360409,0.1089811628435555,0.0948997069700573,0.0880338085999537,0.117492238726669,0.1299705906850545
336,336.0,0.0886096130501945,0.1653293430605845,0.2065406223742432,0.1092560592057854,0.0949920364876027,0.0878237879333305,0.1171730525079833,0.1302754853802756
337,337.0,0.088205957449326,0.1654293472871416,0.2067120227919471,0.1094380641030696,0.0952404473752228,0.0875804174390987,0.1168064300840503,0.1305873134701438
338,338.0,0.0877785403874578,0.1655606436279704,0.2069155511195207,0.1095640014570296,0.0956445040936014,0.0873458144160742,0.1164453994174236,0.130745545480922
339,339.0,0.0873568767339228,0.1656447318643124,0.2073539266569322,0.1096857744198907,0.0958503989935214,0.0871388248951027,0.116104900581897,0.1308645658544206
340,340.0,0.0869340894070317,0.1658234215900463,0.2076878575730565,0.1097605081915683,0.0959630529182128,0.0871292345189102,0.1157719962662595,0.1309298395349144
341,341.0,0.0865334788579273,0.1659692404521665,0.2081978052449169,0.1097192660184024,0.0959539510984234,0.0871724509014896,0.1154842681652234,0.1309695392614503
342,342.0,0.0857897125471593,0.1664308584213199,0.2090900456990013,0.1088995326210304,0.0957164498912661,0.0872995959530547,0.1150248213457854,0.1317489835213826
343,343.0,0.0850283362894132,0.1671157661493682,0.210023437789435,0.1080108734109698,0.0953720675319544,0.0873536004346361,0.11476513602685,0.132330782367373
344,344.0,0.0842632422523563,0.1676935161584825,0.2108777273938814,0.1070898755712854,0.0949908260804974,0.0874650880297721,0.1144657484564035,0.1331539760573211
345,345.0,0.0835132512197807,0.1681777651347243,0.2116199527412083,0.1061729369585686,0.0945987578216555,0.0875562565749676,0.114159283906933,0.1342017956421617
346,346.0,0.0827839681861794,0.1685718668454646,0.2122515903113466,0.1052684364208649,0.0942004815033711,0.0880120724436108,0.1138487454910665,0.1350628387980958
347,347.0,0.0820978283392042,0.1689258004650516,0.2127998533687848,0.1044114893233644,0.0938279148620852,0.0884898862230441,0.1135720722940284,0.135875155124437
348,348.0,0.0814543484556319,0.1696216285479899,0.2133221421887638,0.1035937885809005,0.0934700913843899,0.0889675684692425,0.1133225839198457,0.1362478484532356
349,349.0,0.0808556973379579,0.170272049520961,0.214001016492015,0.1028195865653942,0.0931291149887029,0.0892551703278825,0.1131000567699747,0.1365673079971115
350,350.0,0.0802981670301918,0.1708256476813083,0.2150828196665385,0.102091580545561,0.0926765367794681,0.089521361284679,0.1127746567340384,0.1367292302782146
351,351.0,0.0797788777622724,0.1713235484591657,0.2159107381552388,0.1013995062374001,0.0922391769938686,0.0899349161448286,0.1125772252654573,0.1368360109817681
352,352.0,0.0792985126533871,0.1717657711937476,0.2166663766217048,0.1007456627085648,0.091819430274392,0.0904286069436655,0.1123841145373023,0.1368915250672356
353,353.0,0.0788573112624693,0.1721529017318256,0.2173472797086972,0.1001317578020329,0.0914192849974526,0.0908774881609316,0.1123141920112299,0.1368997843253607
354,354.0,0.0784551111370681,0.1724860295755335,0.2179520279571767,0.0995589495627946,0.0910403437418575,0.0912793582940675,0.1123632964973414,0.1368648832341606
355,355.0,0.0781056342570046,0.1732082817331945,0.2185798622559912,0.0990421340570682,0.0906980905928555,0.0916754850958017,0.1124385541783794,0.1362519578297046
356,356.0,0.0777794054341922,0.1738043355287691,0.2194011056712856,0.0985528664815625,0.0903647923406865,0.0920941205611696,0.1124806751389272,0.1355226988434071
357,357.0,0.077497399985526,0.1743509672592559,0.2201674699653131,0.0981169312141885,0.0900605185387239,0.092487898470326,0.1125386419448562,0.1347801726218101
358,358.0,0.0772651381352007,0.1748547753209814,0.2211331896636703,0.0977618444052968,0.089621591816149,0.0925206089650429,0.1124322276655062,0.1344106240281524
359,359.0,0.0770735578854752,0.1753085937437941,0.2220379027981714,0.0974574310514871,0.0892133026296847,0.0925293137330989,0.112339190962455,0.1340407071958331
360,360.0,0.0778795015877814,0.1758649997094736,0.2226339538991482,0.0970495515386729,0.0886845537154682,0.0923509823841358,0.1120937805297594,0.1334426766355601
361,361.0,0.0787252200665348,0.1768844235369086,0.2231796446489181,0.0967421676187349,0.0880580043499533,0.0921680692618913,0.1116256552632571,0.1326168152538016
362,362.0,0.0795873812234056,0.1777212666375465,0.2235328875084375,0.0964847138279952,0.0876868795591043,0.092002733469788,0.1111758704630964,0.1318082673106263
363,363.0,0.0804680964898117,0.1785793181453812,0.2235616866788492,0.0962845983949521,0.0873656930554976,0.0918527831490663,0.1107726947546705,0.1311151293317711
364,364.0,0.0816744666371403,0.1791623471001196,0.223412473789566,0.0960755598514998,0.0872482033758131,0.0916340749820357,0.1104502557361643,0.1303426185276607
365,365.0,0.0828514027491843,0.1798002835514232,0.2231856231533581,0.095870260954826,0.08709233457538,0.0914893860249728,0.1101219142857779,0.1295887947050774
366,366.0,0.0838135040797531,0.1814274568990459,0.2215939998401226,0.0962655259169996,0.0874357019559191,0.0916284903150442,0.1086763779014289,0.1291589430916861
367,367.0,0.0844599903636323,0.1825363123618368,0.2197554986987824,0.096447629483144,0.0875719161879242,0.0925915144371193,0.1073279908180897,0.1293091476494708
368,368.0,0.0850629015441028,0.1835638043369907,0.218004467772715,0.0966436654558628,0.0877245879000282,0.0935134044370167,0.1060031816789538,0.1294839868743296
369,369.0,0.0852833922488191,0.1838784915961271,0.216363611256853,0.0968736201075496,0.0879082665223501,0.0951545146688195,0.1047595205265484,0.1297785830729327
370,370.0,0.0854504904396177,0.18422618880472,0.2148979167132484,0.0970720803273384,0.088026036157828,0.0967080900580911,0.1035410492347852,0.1300781482643708
371,371.0,0.0855705268240288,0.1847577777208846,0.2135544496310722,0.097252294057666,0.0883122146316638,0.0981825995144203,0.1019882852847714,0.1303818523354924
372,372.0,0.0856329316912371,0.1852342696773427,0.2123016445187553,0.0973990706170519,0.0885252402501986,0.0998460066726512,0.10046803282212,0.1305928037506429
373,373.0,0.0847696557858602,0.1868615049581115,0.2113011562855407,0.09765386504806,0.0888494676165679,0.1005256432562825,0.0991222985753108,0.130916408474266
374,374.0,0.0837702469843113,0.1884028544194211,0.2103330588920646,0.0975740124305771,0.090059061938688,0.1009999017588059,0.0977343514077526,0.131126512168379
