,Unnamed: 0,Generation,Intertwine_two,Add_vertex,Delete_vertex,Invert_path_vertices,Insert_inside_vertex,Delete_inside_vertex,Replace_inside_vertex,Donate_between_routes,Trim_one_terminal_cb,Grow_one_terminal_cb
0,0.0,0.0,0.1,0.1,0.1,0.1,0.1,0.1,0.1,0.1,0.1,0.1
1,1.0,0.10900000000000001,0.09953428275064748,0.09906704691908351,0.10161192474833526,0.09816690620415294,0.09800531996849711,0.10328060560567356,0.10026908098148313,0.09718350247309128,0.10426678660016056,0.09861454374887518
2,2.0,0.31601,0.0968285753419615,0.0988625553167432,0.10252325308768725,0.10226001876386864,0.09853455325300609,0.10301227271487651,0.10029867328409624,0.09556211007426468,0.10273028438467939,0.09938770377881645
3,3.0,0.6191589000000001,0.09502287927513438,0.0990518128541542,0.10160403501182323,0.10049650966833454,0.09733344828386677,0.10639144700301217,0.10225324766661772,0.09567535112914849,0.10133585321390016,0.10083541589400825
4,4.0,1.015801321,0.09632805490008317,0.09769557812648133,0.1010372202879108,0.10025164870854616,0.0964577361667338,0.10675171935837693,0.10314205474454358,0.09373320587531934,0.10325667255503743,0.10134610927696737
5,5.0,1.50262148669,0.09506241285091084,0.0961622865784912,0.098418409648852,0.10147723212187391,0.09353775345912774,0.11188049257341484,0.10285718657616737,0.09357576716811036,0.10466402470936718,0.10236443431368447
6,6.0,2.0757334209441005,0.0933236772369587,0.09568815204767092,0.09517017134298746,0.1008751061967287,0.09428495925599613,0.113110085935007,0.10135424054769118,0.09220792932628098,0.1120421908626909,0.10194348724798791
7,7.0,2.7307768275633495,0.09317778100877182,0.09273589430244894,0.09595775360671041,0.10202570500776419,0.09373822372210713,0.1137270731649815,0.1042919972154457,0.08996130912295278,0.11352564765351457,0.10085861519530283
8,8.0,3.4630081252450404,0.09360914005598575,0.09428749491579214,0.09445531480129485,0.10409677636107159,0.09291359653083872,0.11557102141663486,0.10286106130054512,0.08872695716607995,0.11485779267330609,0.09862084477845082
9,9.0,4.2673862119061114,0.09112093892716386,0.09281387836478301,0.09372387650554807,0.10637541042699097,0.09375236913549548,0.11789477252756264,0.10467067676080281,0.08699454814185778,0.11432807541576905,0.09832545379402623
10,10.0,5.138652627782014,0.08907281231147601,0.08951498555523499,0.08866483675358133,0.1052011849674549,0.09408598661633388,0.11957245449611308,0.1050684155000508,0.08522085032477036,0.12042039055512495,0.10317808291985955
11,11.0,6.071405875792507,0.08903511542795257,0.0933651989707499,0.08828544374117649,0.10317435021455182,0.09047243853655068,0.11935264544711793,0.1037713820095024,0.0873037199131355,0.12210082311312873,0.10313888262613383
12,12.0,7.060169740244025,0.08503615973795511,0.0905576524475311,0.09079020182050081,0.10136954845483187,0.09125880214308633,0.1232713144804616,0.10160474299637634,0.08638148289931469,0.12192065682334913,0.10780943819659285
13,13.0,8.099455520847952,0.09044014849339971,0.0896817343628162,0.08727307976236093,0.1013251843386456,0.0892436816587496,0.12582507372066337,0.10071324153865505,0.08391836815437806,0.12184677760340266,0.10973271036692865
14,14.0,9.183818168183006,0.09046442333989763,0.08886363138925285,0.0893067413611829,0.10079633181668295,0.0870618627496886,0.12750051912200233,0.10167335149721066,0.08262667802604418,0.12107184737648152,0.11063461332155614
15,15.0,10.307906369102724,0.08921258932267882,0.09259599648988313,0.08577898741770953,0.10093677885542472,0.0877496919168548,0.1297522149231658,0.0998339121603429,0.08184218580653195,0.12186042053146971,0.11043722257593838
16,16.0,11.466506686239443,0.08767642532874119,0.08968751788854863,0.08307688408020997,0.10172959332047411,0.08791060838990564,0.1356667917936434,0.09960156864139802,0.08158280874157563,0.11955952152821855,0.11350828028728463
17,17.0,12.654581904800096,0.08608235695543401,0.08669555351379495,0.08315462079471904,0.09914089112091597,0.08550163070705274,0.14125013657481272,0.10027796231623101,0.08237636121555081,0.12168532887621088,0.1138351579252776
18,18.0,13.867303782456686,0.08656645337690302,0.08597803632631017,0.08180305600098225,0.09597970273216345,0.08081362234406207,0.1417894047897669,0.09912826227323929,0.08205493462796715,0.12562753852638942,0.12025898900221602
19,19.0,15.100080434523047,0.0911607875270521,0.08206928126327405,0.0787779389080447,0.09090746981585623,0.0818879714207228,0.13983096647197693,0.10114852939583283,0.08333470846487452,0.12760960940128616,0.1232727373310794
20,20.0,16.348578617037543,0.08907942175308196,0.08922160015874675,0.07660711455246327,0.09055021970032401,0.07751566448639183,0.14169206786674826,0.09972003126381818,0.08385501766688987,0.1287951438036151,0.12296371874792056
21,21.0,17.608741195130214,0.09580584296107023,0.09238390011659149,0.07194203993187186,0.09027163092939068,0.07467055178354294,0.14371926889547265,0.09964186477562775,0.0828646076485546,0.127798987081004,0.12090130587687353
22,22.0,18.876800103462312,0.09502591594771287,0.09247450909205347,0.06903223937775031,0.09194693061880131,0.0733206228250351,0.14430419890125107,0.09957858576518538,0.08306407219194678,0.12868376892950145,0.122569156350762
23,23.0,20.14928511992658,0.09315216095017527,0.09414695345751961,0.06996771983582346,0.09152758662878611,0.07254530866009595,0.1449168644446201,0.09993185991590772,0.08122702707378956,0.1284120477682583,0.12417247126502362
24,24.0,21.423028783545156,0.09544871226217588,0.09634388650270564,0.07066014779619195,0.08915348373182158,0.07254085316194991,0.1463778952606682,0.09813345658271488,0.08185877759739155,0.124194722698181,0.12528806440619908
25,25.0,22.695167792966423,0.09573744698860065,0.097372608380151,0.07071451904013962,0.08897510398630025,0.07308641496384272,0.14404895357627695,0.10108659685175825,0.07994005646278352,0.12691772296018305,0.12212057678996367
26,26.0,23.963141223515898,0.09410872647473156,0.10270986491420807,0.06932537137354298,0.09145514880572282,0.07218461682398042,0.1436571280652702,0.10284178033168401,0.08079120763268648,0.12258962964301734,0.12033652593515581
27,27.0,25.224685898775267,0.08950523027337763,0.10397775533849582,0.06688126123602799,0.09024221803123705,0.07151965314092282,0.1485725701098592,0.10234336884562395,0.07655951851667528,0.13025348041188894,0.12014494409589097
28,28.0,26.477829247520948,0.08512151480306152,0.1029796377869982,0.07076164147549831,0.08734976741599944,0.07518843641156409,0.14838929138849413,0.10016084844148744,0.07944532883135155,0.132278564908791,0.11832496853675396
29,29.0,27.720879968916847,0.084721695086801,0.10618730728063308,0.07057749279399703,0.08272116759216894,0.07745054215188174,0.14970041991638067,0.10140823494256208,0.0766412037559076,0.13284028893882088,0.11775164754084663
30,30.0,28.95241681848399,0.07983552838125002,0.10812446863760178,0.07109648603572014,0.08389076837609895,0.07566869003135943,0.1490727942032735,0.10233986438565393,0.07450285650083192,0.13495084869075039,0.12051769475745962
31,31.0,30.17127581490958,0.08149035276631214,0.10848730634446521,0.07106854676744133,0.08167039732127086,0.0750206049859427,0.1494992149126109,0.10299962449842773,0.07569404208865556,0.13652676010126993,0.1175431502136033
32,32.0,31.376536153543515,0.07955942415816697,0.1075724784295457,0.07205845445567252,0.07906756451617954,0.07786979962848987,0.1470874079292436,0.10184811497863659,0.0771008135256154,0.14104970570853248,0.11678623666991697
33,33.0,32.567505096778625,0.07807409364543795,0.1054767453774545,0.0720246017221195,0.07865139146531193,0.07981720734002025,0.14881462170789775,0.10427177892139773,0.07849586370406596,0.14124854127109948,0.11312515484519466
34,34.0,33.74370209472243,0.07404186385910258,0.10957941610746695,0.07424330961732639,0.08139631506385497,0.07693058880941649,0.14659707067857383,0.10523004857020621,0.07764322688865448,0.14087398371981508,0.11346417668558273
35,35.0,34.90484237192463,0.07409554224575549,0.10821555054160623,0.07450210984629232,0.08118935067727283,0.07563114198633952,0.1440961923229674,0.10249873592180746,0.08583726620556982,0.13890949938716424,0.1150246108652244
36,36.0,36.05082019768737,0.07344484593500367,0.10971568786948978,0.0739784681735369,0.08367222274439864,0.07271832770604257,0.14662188781022217,0.10456860744063823,0.08527304773808075,0.13725229938720046,0.11275460519538659
37,37.0,37.18169203889697,0.07197282851757371,0.1078967242212166,0.07531478248480217,0.08688454745543406,0.07932278008463285,0.14583423958556527,0.10268081553912023,0.08441456453835092,0.13541522674221396,0.11026349083109001
38,38.0,38.29765977559663,0.07210361628101054,0.10598098398682042,0.0818027155715676,0.08934763948765576,0.0795713909065395,0.14343732832500997,0.10114758819102691,0.08342532103250862,0.13280455899633004,0.1103788572215304
39,39.0,39.399054140870355,0.07224629040361483,0.10377055647291533,0.08056692192785607,0.08997224517145415,0.0785686850770654,0.14259635550571143,0.10420785149309238,0.07930287813117909,0.13524010044747253,0.11352811536963862
40,40.0,40.48631852820801,0.07158556414985272,0.10345235013266439,0.08099851742314042,0.09130962672881175,0.07667349988310038,0.13986315635409186,0.10234670221034534,0.08403417878392559,0.13772674742225513,0.11200965691181228
41,41.0,41.55999329152982,0.07058299383713472,0.10440811068228543,0.08003807792858812,0.09239135217620065,0.07411882454866153,0.1382974865638654,0.10384334680348938,0.08698653046386748,0.13740897125499896,0.11192430574090817
42,42.0,42.62070064560415,0.06885110377528564,0.09963799397006526,0.08592260951577912,0.08982260934048956,0.07942926315544127,0.13873338361849546,0.1019920617092576,0.08535709448988112,0.1405572405314345,0.10969663989387027
43,43.0,43.669130257815,0.06984095389952391,0.09543590178674721,0.08497810585362055,0.08952783795282243,0.0796378887222644,0.14275759427539594,0.09986278847900706,0.08187839090054132,0.14050105006574912,0.11557948806432786
44,44.0,44.70602560622662,0.07010807202911098,0.09665323768068175,0.09127607427522359,0.09111217785752537,0.07882771589727948,0.13887428807898175,0.09903103490594256,0.08071406105175108,0.1388333255218265,0.11457001270167669
45,45.0,45.73217116373481,0.07022317764965014,0.10014975572245277,0.09162313042758458,0.08926173529152165,0.0776799618381875,0.13559357314009354,0.10104451509502081,0.0797925504583391,0.14020184982737313,0.11442975054977651
46,46.0,46.748380453854836,0.07034449442505124,0.09929335163455973,0.0914864991371563,0.08777931560736407,0.07947481026526657,0.14262663262251749,0.09978911235769956,0.08202764532958459,0.13781465789576663,0.10936348072503356
47,47.0,47.755485010424316,0.06725785681746542,0.09821996794790827,0.08929889105590194,0.08928324305698962,0.08219929290868397,0.14676467085516912,0.10134037733568406,0.08211462190740014,0.13853187452317509,0.1049892035916221
48,48.0,48.7543242612326,0.06551996229048364,0.09649334405953944,0.08940720416882156,0.09345931850382021,0.08024071925324505,0.14613696966813428,0.09889472322952676,0.08577567603025552,0.13981417857408135,0.10425790422209187
49,49.0,49.745736344347726,0.06986377720168904,0.1009244434891356,0.0894927467716247,0.09482337722021209,0.07970898064674214,0.14201777317441977,0.09874387859276915,0.08460141773769028,0.135460482077939,0.10436312308777787
50,50.0,50.730549855707864,0.07447214978008493,0.10397159380294387,0.08813486470005383,0.09523252684021793,0.07701152549600303,0.14614177311296736,0.097559778778692,0.08318750437059017,0.13333171345415193,0.10095656966429463
51,51.0,51.70957651737491,0.07532945582257604,0.10404037522759223,0.09175210093253816,0.09464948329800127,0.07394644792521234,0.15081255653475573,0.09995845432908422,0.07791486524928594,0.13386950472758818,0.09772675595336554
52,52.0,52.68360474770151,0.07244932217122,0.1029403290308329,0.09118302429824632,0.09983137106968307,0.07674622906849639,0.14936580388051027,0.10158093600410846,0.07269034138761929,0.13424314899436024,0.09896949409492276
53,53.0,53.65339410751842,0.07200415909151965,0.10381026627973079,0.08949233971216262,0.09857071462806712,0.07413447309159397,0.15079037342730128,0.10383822796845418,0.07414011595479172,0.13532938268315856,0.09788994716321976
54,54.0,54.61967059027847,0.06895704138883373,0.10302804553052161,0.08769390931668251,0.09957279991152801,0.07599811547204252,0.15029953915195285,0.10177271804652643,0.0779215604981936,0.13590983846174157,0.09884643222197681
55,55.0,55.58312271885972,0.07102581843540813,0.10168847445380186,0.09125371867794665,0.10261575169163839,0.07694408422750351,0.14782083158083392,0.09973830094748865,0.07761620673475635,0.13060637587953333,0.10069043737108886
56,56.0,56.544398407394254,0.07402475275901439,0.09966725170392723,0.09300630696978769,0.10053306680924681,0.07629948778745757,0.14417515734312059,0.10570628638135861,0.07526673353320584,0.12907516811076603,0.10224578860211485
57,57.0,57.504102543001395,0.07581380848480465,0.09368752500540264,0.09713803066972115,0.09900105892149069,0.07156732550478134,0.14342013011855778,0.1034985750813677,0.07562716893027893,0.13161067699288612,0.10863570029070858
58,58.0,58.462795239617805,0.07801585888196104,0.08970396555717515,0.09868214406381577,0.09942943125499637,0.0694443403080411,0.14338292471904757,0.10422026347134346,0.0763682167988009,0.13312436105351594,0.1076284938913023
59,59.0,59.42099071417639,0.07778352406600395,0.08612233332220104,0.09762816194332222,0.10013680564190564,0.06705307593299917,0.14426504386172087,0.10380776319959129,0.0776414535303049,0.13756554932716894,0.10799628917478159
60,60.0,60.379156734137354,0.08046311240642458,0.08956112434261866,0.09477406181263798,0.0979388287055468,0.06694413915858896,0.14069656682521184,0.10076920286148629,0.07509603543407156,0.1414704495716306,0.11228647888178232
61,61.0,61.337714584760846,0.07865111829431012,0.09301533048923805,0.09367261962345834,0.09794273665573779,0.0669300612501746,0.13890535706572216,0.09820958479972772,0.07428840808221994,0.143542376429057,0.11484240731035382
62,62.0,62.29703950447439,0.07952926607110497,0.0910951838507762,0.09295342400726489,0.09369622622479523,0.06667274217466042,0.14275375295707388,0.10124458513907221,0.06948974614936064,0.14533867650412063,0.11722639692177052
63,63.0,63.257461537171835,0.07919210946986042,0.0919363288251307,0.09324963094350153,0.09099022251725192,0.0659776638359366,0.13848961550037814,0.1025089458469739,0.07702319280447259,0.1422659684348248,0.118366321821669
64,64.0,64.21926675122782,0.08001488581295634,0.08923620898660978,0.09277290758930049,0.0894591207637942,0.06747339047851907,0.13809139065117695,0.10093119708725559,0.07784526014644226,0.14263250569105118,0.12154313279289378
65,65.0,65.18269877636592,0.08464040614172061,0.08805397011968784,0.09196812995338348,0.08296079756144732,0.06544134650779676,0.14028394806374417,0.10414626976505138,0.07579978580784921,0.14466671224527874,0.12203863383404011
66,66.0,66.14796061122655,0.08450026475762647,0.09794507310828088,0.09015953805690036,0.08218819320215821,0.06469590965462862,0.13743925617631625,0.10454391095740247,0.0710940104031587,0.1430612651202364,0.12437257856329131
67,67.0,67.11521665648885,0.08330974698524239,0.09880136851870275,0.08790881245083132,0.0821544766734692,0.06709431902516429,0.13624723930325927,0.10490841471595065,0.06978454442166632,0.14405610384170808,0.12573497406400547
68,68.0,68.08459493066005,0.085850406011998,0.09964988949189532,0.08943424946871303,0.08313816613975568,0.06657846209352321,0.13276598145637994,0.10357313357813876,0.06848483153853413,0.14416313380266,0.12636174641840167
69,69.0,69.05618942810752,0.08802916161821792,0.09934609517921716,0.09054083589054472,0.08102017366650581,0.06474489134173196,0.13456264810197693,0.09895936391860963,0.06563715678957135,0.14847151252359286,0.12868816097003138
70,70.0,70.03006258152917,0.08993565091379854,0.09865763437173948,0.08840065378497759,0.08439424125262295,0.06415006739587654,0.13067130908174013,0.09994360161007165,0.0675698340167916,0.1485469368050359,0.12773007076734536
71,71.0,71.00624779379335,0.08789015881167932,0.09968925337663169,0.08594176470190346,0.08070312384191816,0.07031594342289046,0.13185882467240473,0.09587434246869311,0.07149203468394474,0.14868943149748184,0.12754512252245218
72,72.0,71.98475200689319,0.0860330756752408,0.09938637021149421,0.08243260661502254,0.08329908496104359,0.0673006762795055,0.13494093806028615,0.09733118547526949,0.07092595991951875,0.1509174836982484,0.1274326191043703
73,73.0,72.96555827861411,0.08314386784722134,0.09987917856722425,0.08201360065660812,0.08313300891664162,0.0665805882875002,0.1353470107672459,0.09339295641642802,0.07264439859059768,0.15501527851099375,0.12885011143953878
74,74.0,73.94862834037681,0.09052580388930659,0.1028279199453107,0.07898459337946082,0.08549739372811781,0.06552906144785094,0.13253605995016893,0.09057758423775157,0.07222352145813217,0.15024777957760804,0.1310502823862921
75,75.0,74.93390511255946,0.08820917997778739,0.10485325876931278,0.07657955670152085,0.0846206815402909,0.06843334507121757,0.13264453209143842,0.09020156521976273,0.07658080623250586,0.15056176256613615,0.12731531183002703
76,76.0,75.92131515639825,0.087135490227794,0.10142920033083853,0.0743494040485572,0.08810669619774754,0.06460853273744707,0.13492187869229938,0.09655251740691319,0.07662402153216902,0.14866121551974215,0.12761104330649164
77,77.0,76.91077104428919,0.08324674065804707,0.10114612071035718,0.07119658497275705,0.0894020983381068,0.07034980050556,0.13603728320658154,0.09688623274581505,0.0759511352297183,0.1496542555793317,0.126129748053725
78,78.0,77.90217363294813,0.08335379605754263,0.10776490787493284,0.07179593831908035,0.08995109665278642,0.06997023752758548,0.13060028719800937,0.09433829922287715,0.07313561168055635,0.15128462213017616,0.12780520333645295
79,79.0,78.89541422641172,0.08491740946100607,0.1046009439415917,0.06902144833664048,0.08894089603808532,0.07373203046763957,0.1331908810315011,0.09516722723782094,0.07605885266558818,0.14999152300074758,0.12437878781937875
80,80.0,79.89037661826481,0.08623937531991235,0.10269250718560287,0.06650801617532184,0.09216022241646125,0.07359185785978624,0.13217698205612077,0.09915331607397908,0.07602780351930999,0.14941495094652515,0.12203496844698009
81,81.0,80.88693900474995,0.08504830990502675,0.10572327989985046,0.06349572117234313,0.0925790882105154,0.0769836922164085,0.13426183761419302,0.09920826037437416,0.07753039735173807,0.14765343953770446,0.11751597371784568
82,82.0,81.88497576253909,0.08553785114001067,0.10835179258170233,0.06581031506161672,0.09675633479338012,0.07749036643413441,0.1339101717190407,0.09914802603093667,0.07683973149103517,0.14542083179761237,0.1107345789505305
83,83.0,82.88435908692391,0.08416620797785043,0.10450323898909594,0.06757060772468498,0.09948963055736007,0.07932080471368995,0.13319625412440683,0.09778147671067877,0.07736666703509683,0.14561124671190115,0.11099386545523474
84,84.0,83.88496048800103,0.08540064575412006,0.10418420083660862,0.06855413147819246,0.09814751348382499,0.0796230420858197,0.13232506116443987,0.09788692714571018,0.07662291530295841,0.14539878133389422,0.11185678141443113
85,85.0,84.88665214409042,0.08668984671448207,0.10593235986107553,0.06915582462783186,0.09688295183675867,0.07836865808089574,0.13184033597480593,0.09484172683664928,0.0772847001896217,0.14583131904586777,0.11317227683201111
86,86.0,85.88930811312994,0.08613114319524279,0.10110002042490623,0.07552213783129859,0.09903853857043075,0.07406200611320764,0.1330428491888789,0.10281348034432888,0.07424094899166216,0.14163900377250588,0.11240987156753787
87,87.0,86.89280540413424,0.09088520450568287,0.09877372417791949,0.07546015518504644,0.09590986090118264,0.07308800128748637,0.13170107487976437,0.10380379017519983,0.07361227140706518,0.14921509280303907,0.10755082467761347
88,88.0,87.89702491199675,0.09332203752608778,0.09800752129574881,0.07806988910230353,0.09813924848161079,0.07160953571812546,0.13368576354859105,0.10316591942775351,0.07237448436678008,0.14731616789831262,0.10430943263468614
89,89.0,88.90185221995306,0.09493087248464431,0.1045517555639473,0.07915626613263539,0.09802206938859116,0.06966474157629812,0.1347104402604927,0.09738122417858994,0.06988339460016871,0.14447665283243818,0.10722258298219398
90,90.0,89.90717827491419,0.09369871523505913,0.10248569394023671,0.07809242393226928,0.0988029366245841,0.07238202952694218,0.13682790325688024,0.09703500317065777,0.06862339664857939,0.14310857745447156,0.10894332021031944
91,91.0,90.91289994163006,0.09367064138509679,0.09934215078230797,0.08136567338648643,0.10005448562995684,0.07525844281387298,0.13448386735276174,0.09865149583847879,0.07044692778846806,0.1417474282503974,0.10497888677217276
92,92.0,91.91892044225806,0.09554339984712147,0.09895282214060243,0.07904729130160776,0.09901895047053126,0.07420872988056434,0.1368977848648831,0.10022698049784551,0.06975877450959742,0.14180231331098206,0.10454295317626439
93,93.0,92.92514968840067,0.09722259914614195,0.09955272947210718,0.0769672041842518,0.09909049040157572,0.0728764642200688,0.1347965621949145,0.10144104148676869,0.0677368764771847,0.14683749332617882,0.10347853909080756
94,94.0,93.93150451304501,0.09472649964974751,0.09795761419299959,0.07608322063010045,0.09610570549315288,0.07361863081640936,0.13537911056081325,0.10083160234625502,0.06996795289158624,0.15060452032762375,0.10472514309131166
95,95.0,94.93790881009448,0.0955934710951985,0.10196906752367911,0.07909268619753093,0.09137381693257093,0.07294427741368592,0.13620043460135342,0.10195443831659304,0.06861615840777482,0.15112322853252225,0.10113242097909075
96,96.0,95.94429358933806,0.09328868087652771,0.10265213149392766,0.07748680188182457,0.09086453953787936,0.06863785020632827,0.1408931948531942,0.09640573397586195,0.07822039907331577,0.1545285976632431,0.09702207043789712
97,97.0,96.9505969547639,0.09330117891480397,0.10477051490699889,0.08123655051720102,0.0921262435125611,0.0692532351164258,0.13924060572159566,0.0931379623416293,0.07756396490872448,0.15395183807497997,0.09541790598507953
98,98.0,97.9567640140995,0.09574846575483428,0.10555002989331458,0.0778524191409005,0.09395180626655097,0.06804882380736205,0.14453557683999685,0.08961563406679164,0.07678724156648987,0.15290649472248452,0.09500350794127443
99,99.0,98.96274672736057,0.09918374320375196,0.10453205646597427,0.07311211543139053,0.0903844612375346,0.0718742347664688,0.149200435633588,0.0874764732432324,0.07753472511888213,0.15412456248179407,0.09257719241738299
100,100.0,99.96850370202192,0.09719374153906352,0.10503412037490344,0.07724426564560555,0.0913322241933813,0.06922355797388034,0.14699759802527243,0.08495982533637575,0.08454436369209464,0.15206807354062163,0.09140222967880116
101,101.0,100.97399994219691,0.0958292214009366,0.10384253269205806,0.07936746197426219,0.09262593586367915,0.0677729466871588,0.14269285562649267,0.08991998076432625,0.08629897872195955,0.1513715306006793,0.09027855566844716
102,102.0,101.97920655893245,0.09876789796140556,0.10223483407018376,0.07839330645355382,0.08788404899869871,0.06365134287257065,0.14356755851778508,0.08712855113345601,0.08824878971516976,0.15554411218486897,0.0945795580923074
103,103.0,102.98410044840509,0.10122758552260941,0.09630031544822652,0.08082016978776072,0.08659784797350543,0.06327830021253332,0.14283301543660543,0.08601444218014213,0.09101222393305466,0.1579227887345007,0.09399331077106143
104,104.0,103.98866394444643,0.10665353191306914,0.08910254841839199,0.07952643934528991,0.08337643731842691,0.062329788588518106,0.1471523407067014,0.08409259928945742,0.09295598790660639,0.1604077473481842,0.0944025791653543
105,105.0,104.99288445143917,0.10872007027287943,0.082033532607357,0.07809972385508908,0.08226264272587838,0.07103553261413782,0.14708407245107077,0.08352040270081472,0.09385210031875231,0.1596233784955254,0.09376854395849483
106,106.0,105.99675406321822,0.10883038422629325,0.07913651842012583,0.08231984700359442,0.08040038767120516,0.06970568539638897,0.14851068958821004,0.0859999941827392,0.0943083613238875,0.1593886853516679,0.09139944683588754
107,107.0,107.0002691731872,0.10559819574341235,0.07817202803853227,0.07847545161050375,0.08352599659673693,0.06801896960037535,0.14760333708610762,0.08522654980833928,0.09509248893166086,0.1597054441082144,0.09858153847611703
108,108.0,108.0034300804274,0.10623435814071455,0.07597854586275718,0.07628314822347954,0.08219218166664295,0.0676936298600643,0.1518892772304249,0.08336997499845084,0.09233900187299145,0.16253211965837586,0.10148776248609831
109,109.0,109.00624059613932,0.1084062877628999,0.0783770408457382,0.07408016815019337,0.0800919002479895,0.06379494961211711,0.1530739470441108,0.08640564980660681,0.08879317594165835,0.160768761101943,0.10620811948674282
110,110.0,110.00870765431864,0.10315548350964641,0.08051188015626692,0.07455121630037836,0.0743422595983483,0.07078880472378196,0.1514976612954234,0.08304815209078664,0.09004795831948131,0.15997322011386092,0.1120833638920256
111,111.0,111.01084093013685,0.10603741399117148,0.08315558261813352,0.0739853674791484,0.07503551814150833,0.07283572899527968,0.1490815131501212,0.07717293330472524,0.093495161228668,0.15922169534544708,0.10997908574579693
112,112.0,112.01265246907188,0.10479261353140948,0.08679203530873034,0.06927727945620972,0.07099434196677423,0.07613449935503662,0.14545918580312348,0.0806572299934989,0.0913824540963091,0.1562590790729489,0.1182512814159591
113,113.0,113.01415632942268,0.10584949195992946,0.09048175628744357,0.06464722744100282,0.07356473737155213,0.07665020152254635,0.14889323974136487,0.07496717407711165,0.09448522712623175,0.15368642533420068,0.11677451913861661
114,114.0,114.01536824044418,0.10400642482618677,0.09129208034888021,0.06493259131426678,0.07554513123469837,0.07424992487577955,0.1486728750574681,0.07291563284992282,0.09277439789985145,0.15575508848502811,0.1198558531079177
115,115.0,115.01630527795908,0.10606652984833383,0.086865952530168,0.06628255400594638,0.07704694522765523,0.07790447843865715,0.15282056113854614,0.07435456551569708,0.08964522800349026,0.15334360897916888,0.11566957631233689
116,116.0,116.0169855589429,0.10271679899800662,0.080920225850244,0.07171637385958218,0.07751795582561129,0.07901178887511648,0.15390005774796395,0.07511686252737092,0.08605536142692377,0.15281108486590195,0.12023349002327868
117,117.0,117.01742795623892,0.10233952226907088,0.08962490901143788,0.07112529804978389,0.07478583088792984,0.07751845989954431,0.15364793951027786,0.07282478227742083,0.08617606608775638,0.15312960302641507,0.11882758898036293
118,118.0,118.01765183424293,0.10308136499617368,0.09387890865669778,0.06818743899749,0.07534752668650525,0.077954150466947,0.15609861049839371,0.07304389044184625,0.08351061437341488,0.15005330682364956,0.1188441880588817
119,119.0,119.01767680610413,0.10365028542611597,0.09278762646701388,0.07194003016712675,0.07391153978469356,0.07361897880876639,0.1566234802844907,0.0779699323719635,0.08250278772778356,0.14851731294677795,0.11847802601526758
120,120.0,120.01752251271817,0.10294572565517568,0.09234558372419972,0.07371140708600896,0.0730179162335022,0.07735799569046327,0.15362587634493446,0.07727120152731973,0.0833269338033526,0.14926228577219824,0.11713507416284492
121,121.0,121.01720842354362,0.10261348025867581,0.0877811741702079,0.07274651543299018,0.07565282127546073,0.07588885701422785,0.1599171882964983,0.07706567398568047,0.08361964148556748,0.14981018604513338,0.11490446203555761
122,122.0,122.01675365905109,0.09984202072929668,0.08542189320727923,0.07176636796263033,0.07213328218395809,0.0767239974022238,0.1632606300877445,0.0825486599602294,0.08024041667969468,0.1550120311633339,0.11305070062360917
123,123.0,123.0161768344173,0.09932551674401774,0.08595128536526908,0.0722089051704353,0.07279041184932819,0.08036285062495634,0.15928842938368296,0.08283076847016606,0.07915690942150748,0.1560574064844764,0.11202751648616024
124,124.0,124.01549592390272,0.09938536960448201,0.08821192208638631,0.07572434702405174,0.07505012735431328,0.07831272849358224,0.16042274001755685,0.08198349273564119,0.07528805402003905,0.15476353457094033,0.11085768409300681
125,125.0,125.01472814520056,0.09353606391130613,0.0926036218921239,0.08103457490100252,0.07595022583871351,0.07659335758271418,0.16210810564079015,0.08045134802386772,0.07312420319336867,0.15009481245583028,0.11450368656028276
126,126.0,126.01388986291661,0.0864301699750215,0.09444867457118508,0.08119096961452463,0.07313948936664606,0.08684996925914051,0.16492670116341296,0.08460130900204181,0.06782532299783108,0.1490522729091392,0.11153512114105704
127,127.0,127.0129965102319,0.07947056373261512,0.09589479207540028,0.08410638277256037,0.0712292044694793,0.09001805687239664,0.1681156407607337,0.08195777363653094,0.06267807759186891,0.14606286516395584,0.12046664292445879
128,128.0,128.01206252771334,0.08832411353193509,0.09454359396473014,0.08276482690895437,0.06909208230973217,0.08629705344646874,0.16518633289276166,0.08577419796301197,0.06322885867581202,0.14749723138408033,0.11729170892251338
129,129.0,129.0111013181695,0.08722056993573889,0.09289393446299825,0.08461191017068181,0.06690690582266612,0.09290476057096085,0.16254367792894323,0.08578717288458698,0.0634721378242919,0.1436493209307582,0.12000960946837366
130,130.0,130.01012521639834,0.08787236387848948,0.09247485520614565,0.09156228282587078,0.06794787679468786,0.08960832952233654,0.1580790659328868,0.08917008481397706,0.06137463294547557,0.14278101787673586,0.11912949020339422
131,131.0,131.0091454726403,0.09164259180679415,0.09425668124280126,0.08992906617214158,0.07244623142889814,0.08450150330594591,0.15925700786015237,0.09186605746460301,0.05687515272383162,0.14359484792623012,0.11563086006860165
132,132.0,132.0081722485317,0.09187522713936974,0.09787270577409346,0.08926357100456571,0.07754768747266731,0.08679671822080764,0.1568862402560605,0.09146480975289482,0.052556868997113745,0.14138335461061038,0.11435281677181652
133,133.0,133.00721462434865,0.09239732869713647,0.09802721896796768,0.08932297718927151,0.08263380460813381,0.08298625742993315,0.15589936191109577,0.09433450952740581,0.0509370334345508,0.14070429736270348,0.11275721087180139
134,134.0,134.0062806163404,0.09456343581234346,0.10006798084093753,0.08418224963323688,0.07960204205971047,0.07778088590311963,0.15671665890516082,0.09059125333221116,0.050614690555354544,0.14764541545601242,0.118235387501913
135,135.0,135.00537720296956,0.0936207542471617,0.10084382496748794,0.07901377233647333,0.08630031872918069,0.07736335673624174,0.15963763018711477,0.08500187813056972,0.052990231815603125,0.14788902458711747,0.11733920826304947
136,136.0,136.00451035890612,0.09685343085730155,0.10033633964043318,0.07387200504602141,0.08644543579640392,0.08218053045602207,0.1611862700458649,0.07942142166778673,0.05679328828130316,0.14787424622575374,0.11503703198310934
137,137.0,137.00368509565993,0.09754014928772957,0.10223186710996582,0.08402999468629152,0.08369041431659913,0.08069130746052786,0.16042576741877548,0.08134778786898231,0.05589732666069588,0.14460292053610507,0.10954246465432732
138,138.0,138.0029055077818,0.09834067867548077,0.10135820982651192,0.08301402276023323,0.08219228223098596,0.07929421641425868,0.153199455920641,0.08168656800127494,0.05768014883390639,0.14775556792244665,0.1154788494142604
139,139.0,139.00217482361367,0.0959160582316235,0.09650531426049588,0.0866223956795728,0.08035412388714495,0.07418990109039189,0.1538245196005439,0.08209851211437812,0.06454817224310401,0.14975629665703613,0.11618470623570874
140,140.0,140.0014954596262,0.09244019701114521,0.10064708723878912,0.08462611060943691,0.0818402691134062,0.07453235418487414,0.15394726120718477,0.08078757977730941,0.06119787483360919,0.15196162290885773,0.11801964311538726
141,141.0,141.00086907744122,0.09135193453515554,0.09779041546747326,0.08510747541958455,0.08851098087447251,0.07282773509642751,0.15036571126675166,0.08311308712565174,0.062370878258105895,0.14900789217433724,0.11955388978203998
142,142.0,142.0002966427003,0.09246270457878458,0.09635539371903104,0.08214275412445698,0.09419322953827142,0.07087950679284817,0.14743872419199078,0.08590078533723582,0.0610548817889944,0.14776950173607284,0.12180251819231391
143,143.0,142.99977848500652,0.0897677287746683,0.09545762816690552,0.08882763781888638,0.09786454637382258,0.07127417487149589,0.14762567183671568,0.0849733970101015,0.060249628205013644,0.14468563645483715,0.11927395048755327
144,144.0,143.99931435823203,0.08733715907731168,0.09612114115669886,0.08899277415217688,0.10117208651536488,0.07214823444025134,0.14978286877638355,0.08713330969230859,0.05697987123506533,0.14360937480920513,0.11672318014523361
145,145.0,144.99890350055264,0.09085928899070306,0.09424244349198296,0.08655218344881549,0.09680431515687109,0.06919619199442748,0.15174693326013172,0.09335804562327497,0.05376729124976119,0.14563508318328364,0.11783822360074823
146,146.0,145.9985446936357,0.09332774100671998,0.09476720611457952,0.08675377879297685,0.09545797781558141,0.07521744080859107,0.14912160348226863,0.09208473676301884,0.05470277020889024,0.1420946081391413,0.11647213686823198
147,147.0,146.99823632047406,0.0961293748107045,0.09668791140226846,0.08686481227648732,0.09528639808238142,0.07524645917351105,0.14700652554401572,0.09477607600400739,0.05515677919111698,0.13934776461873177,0.11349789889677525
148,148.0,147.99797642142389,0.09618239361890057,0.09549670858323817,0.0962250574088065,0.094757628496929,0.07199871752250005,0.143933017464,0.09380903462027515,0.05817933099697821,0.13701387310542043,0.11240423818295178
149,149.0,148.99776274806447,0.09256344222539559,0.09790758299762285,0.09687998299259797,0.0943912433856376,0.06743449945575754,0.15011700244077997,0.09924122661167717,0.05829791148128329,0.13068275410488234,0.11248435430436557
150,150.0,149.99759281456036,0.09241204127848154,0.09747695374793426,0.09623286152643372,0.10020996494561984,0.06915169770227036,0.14839177427697706,0.09595120219498808,0.060960294910668206,0.1260544601737033,0.11315874924292349
151,151.0,150.99746394626104,0.08956757328335878,0.09636269326079983,0.09395960007386227,0.10079135146052735,0.06472625359608442,0.14738543442068097,0.09891897887841021,0.06168842643065627,0.12806841755067153,0.11853127104494825
152,152.0,151.99737332532905,0.08974577976168038,0.08972149905629036,0.10503182185894962,0.10073935351277791,0.06579583331920971,0.14186819394400246,0.10160169149131287,0.061501718583837406,0.12781569493265096,0.11617841353928816
153,153.0,152.99731803323698,0.09270281852779509,0.08314720928166892,0.10792796554803406,0.10264818758460001,0.0669609053036496,0.13306538787177852,0.102799113483962,0.06281927439187412,0.13011945704000186,0.11780968096663565
154,154.0,153.99729509002177,0.0960507695707451,0.08130183381049366,0.10684266545580703,0.10552833317088539,0.06482509704818201,0.13717836687269777,0.0965343496768705,0.06300886553907985,0.1354325163019609,0.11329720255327766
155,155.0,154.99730149022784,0.0971957985786211,0.07775156158950432,0.10814512102289395,0.10450386872494107,0.06333208314481575,0.1365120200305158,0.10028979409224299,0.06224355412449746,0.13384856939851827,0.11617762929344916
156,156.0,155.99733423551103,0.09476350594374536,0.07397303374826149,0.10332629258111849,0.10287670681232775,0.07018159996118184,0.13386321196175216,0.10139238571602097,0.05915765402155787,0.14464412543819893,0.115821483815835
157,157.0,156.99739036391077,0.09285566408119304,0.07208081522553714,0.09676358421225235,0.1028568096423369,0.06613649296901038,0.13464456079223197,0.10820638849670834,0.0633988663167704,0.15104763041688818,0.11200918784707113
158,158.0,157.99746697583146,0.09285262545506445,0.0744867940021552,0.09018951083815033,0.104895384143593,0.062134531746365955,0.12842028358228164,0.10983117232424729,0.06765231383162058,0.15209948757583436,0.11743789650068709
159,159.0,158.99756125680176,0.08956921759608708,0.07460452603178756,0.08997170709904741,0.10744060272991689,0.05821142132852232,0.12674323926475686,0.11103678703643739,0.06681794350430317,0.15731416905381046,0.11829038635533073
160,160.0,159.997670497107,0.08564043606011125,0.07285563702493993,0.08574181093412585,0.11617248135818317,0.05439850773917782,0.13195387128259253,0.1086436658868808,0.0636031440722539,0.16534265734299358,0.11564778829874106
161,161.0,160.99779210841066,0.08378732113381346,0.07230334233817978,0.09261343228898118,0.11889947852633748,0.05072290043137599,0.1286061010955381,0.10565231931414745,0.06456925260529285,0.1639335717302443,0.11891228053608927
162,162.0,161.99792363749984,0.08173227703363067,0.07108902808533388,0.09560281832051237,0.11506985738806612,0.05249146662652598,0.12406497924607042,0.11404950870549203,0.06350356152945126,0.16258578999258244,0.1198107130723347
163,163.0,162.9980627773051,0.08665211528383426,0.06845658730832745,0.09626881798968893,0.12048030452505536,0.049102803937058855,0.12282260795223172,0.11532020761574953,0.06024162838775993,0.16250899594475773,0.11814593105553611
164,164.0,163.9982073753568,0.08301045902582067,0.0676684837410733,0.09158793866709007,0.11746003405130599,0.04586197947716786,0.12240746949246553,0.11334874052618803,0.06863075837668402,0.16600996464522672,0.12401417199697772
165,165.0,164.99835543984977,0.0899873485125853,0.06515651666118413,0.09447686164181605,0.11908715268997516,0.04278661766849429,0.12425438126320126,0.11040952052237642,0.06892864071229494,0.16248689325811427,0.12242606706995807
166,166.0,165.99850514349492,0.0903324650471636,0.07843120862152897,0.09328914873470762,0.12208567258086137,0.03989092586400313,0.12121183102084267,0.10601144837324962,0.06556877102954801,0.1616712274597356,0.12150730126835936
167,167.0,166.99865482534062,0.08976857114765607,0.07874930251645115,0.0915248565936365,0.11896097602218694,0.0436540391857329,0.12176377372531588,0.11050840360482933,0.06218920060478029,0.162849249548136,0.12003162705127486
168,168.0,167.99880299074837,0.08592341401271412,0.08333515990085794,0.09634028581657367,0.11886382501646788,0.047261922263560054,0.12219637656247222,0.10791832630750657,0.058825695216441536,0.16110979945786444,0.11822519544554153
169,169.0,168.99894830970783,0.09194267018237769,0.0845759199094484,0.09503229201716241,0.12004865960825133,0.048393267991067856,0.1208291354056715,0.10035488334294983,0.05551028341477224,0.1628229641466676,0.12048992398163107
170,170.0,169.99908961367427,0.09369429959196994,0.08841340614560159,0.10003821079537725,0.11698975856508327,0.04597141205090547,0.12687035243390338,0.09284423584141925,0.05227130995912215,0.16468019321019667,0.11822682140642099
171,171.0,170.99922589110733,0.09678264367926473,0.08967281005004224,0.09839612961120688,0.11682972153486226,0.04363202758425027,0.1283982830174117,0.08545621073162754,0.05609323858578251,0.16314843556949157,0.1215904996360602
172,172.0,171.99935628188598,0.09371699108338512,0.09687993122081436,0.0956994795214075,0.11268042456348824,0.041390261288418086,0.13206533294402978,0.08495052518452384,0.053008295911216016,0.16333413831667143,0.12627461996604555
173,173.0,172.99948007076793,0.09634939247262989,0.09977998972544448,0.09340974381087476,0.1118353784425356,0.04500745850175802,0.1355434156874626,0.08304482324450352,0.050001764544994005,0.1592213369481321,0.12580669662166502
174,174.0,173.99959668005403,0.09522743695130344,0.10175005681607484,0.09629573113964454,0.1131490004250162,0.0450697185862911,0.1398282071625238,0.07618475467343344,0.04709586866994426,0.16334319858298757,0.12205602699278079
175,175.0,174.99970566161096,0.09801257310086925,0.10200208504820307,0.09639583626453826,0.10857637919920121,0.04305744552781452,0.14126158105034553,0.07505147675827649,0.048344866682429724,0.162178187974292,0.12511956839402993
176,176.0,175.9998066883961,0.09291306145437661,0.09800916993434694,0.09647155159570281,0.11458287265220861,0.047219918777860484,0.14451653147624874,0.07320671374953085,0.05004872682851182,0.15892215640040805,0.12410929713080507
