,Unnamed: 0,Total_iterations,Intertwine_two,Add_vertex,Delete_vertex,Invert_path_vertices,Insert_inside_vertex,Delete_inside_vertex
0,0.0,0.0,0.16666666666666657,0.16666666666666657,0.16666666666666657,0.16666666666666657,0.16666666666666657,0.16666666666666657
1,1.0,0.10900000000000001,0.16666666666666657,0.16666666666666657,0.16666666666666657,0.16666666666666657,0.16666666666666657,0.16666666666666657
2,2.0,0.31601,0.16666666666666657,0.16666666666666657,0.16666666666666657,0.16666666666666657,0.16666666666666657,0.16666666666666657
3,3.0,0.6191589000000001,0.16666666666666657,0.16666666666666657,0.16666666666666657,0.16666666666666657,0.16666666666666657,0.16666666666666657
4,4.0,1.015801321,0.16666666666666657,0.16666666666666657,0.16666666666666657,0.16666666666666657,0.16666666666666657,0.16666666666666657
5,5.0,1.50262148669,0.16666666666666657,0.16666666666666657,0.16666666666666657,0.16666666666666657,0.16666666666666657,0.16666666666666657
6,6.0,2.0757334209441005,0.16666666666666657,0.16666666666666657,0.16666666666666657,0.16666666666666657,0.16666666666666657,0.16666666666666657
7,7.0,2.7307768275633495,0.16666666666666657,0.16666666666666657,0.16666666666666657,0.16666666666666657,0.16666666666666657,0.16666666666666657
8,8.0,3.4630081252450404,0.16666666666666657,0.16666666666666657,0.16666666666666657,0.16666666666666657,0.16666666666666657,0.16666666666666657
9,9.0,4.2673862119061114,0.16666666666666657,0.16666666666666657,0.16666666666666657,0.16666666666666657,0.16666666666666657,0.16666666666666657
10,10.0,5.138652627782014,0.16666666666666657,0.16666666666666657,0.16666666666666657,0.16666666666666657,0.16666666666666657,0.16666666666666657
11,11.0,6.071405875792507,0.16666666666666657,0.16666666666666657,0.16666666666666657,0.16666666666666657,0.16666666666666657,0.16666666666666657
12,12.0,7.060169740244025,0.16666666666666657,0.16666666666666657,0.16666666666666657,0.16666666666666657,0.16666666666666657,0.16666666666666657
13,13.0,8.099455520847952,0.16666666666666657,0.16666666666666657,0.16666666666666657,0.16666666666666657,0.16666666666666657,0.16666666666666657
14,14.0,9.183818168183006,0.16666666666666657,0.16666666666666657,0.16666666666666657,0.16666666666666657,0.16666666666666657,0.16666666666666657
15,15.0,10.307906369102724,0.16666666666666657,0.16666666666666657,0.16666666666666657,0.16666666666666657,0.16666666666666657,0.16666666666666657
16,16.0,11.466506686239443,0.16666666666666657,0.16666666666666657,0.16666666666666657,0.16666666666666657,0.16666666666666657,0.16666666666666657
17,17.0,12.654581904800096,0.16666666666666657,0.16666666666666657,0.16666666666666657,0.16666666666666657,0.16666666666666657,0.16666666666666657
18,18.0,13.867303782456686,0.16666666666666657,0.16666666666666657,0.16666666666666657,0.16666666666666657,0.16666666666666657,0.16666666666666657
19,19.0,15.100080434523047,0.16666666666666657,0.16666666666666657,0.16666666666666657,0.16666666666666657,0.16666666666666657,0.16666666666666657
20,20.0,16.348578617037543,0.16666666666666657,0.16666666666666657,0.16666666666666657,0.16666666666666657,0.16666666666666657,0.16666666666666657
21,21.0,17.608741195130214,0.16666666666666657,0.16666666666666657,0.16666666666666657,0.16666666666666657,0.16666666666666657,0.16666666666666657
22,22.0,18.876800103462312,0.16666666666666657,0.16666666666666657,0.16666666666666657,0.16666666666666657,0.16666666666666657,0.16666666666666657
23,23.0,20.14928511992658,0.16666666666666657,0.16666666666666657,0.16666666666666657,0.16666666666666657,0.16666666666666657,0.16666666666666657
24,24.0,21.423028783545156,0.16666666666666657,0.16666666666666657,0.16666666666666657,0.16666666666666657,0.16666666666666657,0.16666666666666657
25,25.0,22.695167792966423,0.16666666666666657,0.16666666666666657,0.16666666666666657,0.16666666666666657,0.16666666666666657,0.16666666666666657
26,26.0,23.963141223515898,0.16666666666666657,0.16666666666666657,0.16666666666666657,0.16666666666666657,0.16666666666666657,0.16666666666666657
27,27.0,25.224685898775267,0.16666666666666657,0.16666666666666657,0.16666666666666657,0.16666666666666657,0.16666666666666657,0.16666666666666657
28,28.0,26.477829247520948,0.16666666666666657,0.16666666666666657,0.16666666666666657,0.16666666666666657,0.16666666666666657,0.16666666666666657
29,29.0,27.720879968916847,0.16666666666666657,0.16666666666666657,0.16666666666666657,0.16666666666666657,0.16666666666666657,0.16666666666666657
30,30.0,28.95241681848399,0.16666666666666657,0.16666666666666657,0.16666666666666657,0.16666666666666657,0.16666666666666657,0.16666666666666657
31,31.0,30.17127581490958,0.16666666666666657,0.16666666666666657,0.16666666666666657,0.16666666666666657,0.16666666666666657,0.16666666666666657
32,32.0,31.376536153543515,0.16666666666666657,0.16666666666666657,0.16666666666666657,0.16666666666666657,0.16666666666666657,0.16666666666666657
33,33.0,32.567505096778625,0.16666666666666657,0.16666666666666657,0.16666666666666657,0.16666666666666657,0.16666666666666657,0.16666666666666657
34,34.0,33.74370209472243,0.16666666666666657,0.16666666666666657,0.16666666666666657,0.16666666666666657,0.16666666666666657,0.16666666666666657
35,35.0,34.90484237192463,0.16666666666666657,0.16666666666666657,0.16666666666666657,0.16666666666666657,0.16666666666666657,0.16666666666666657
36,36.0,36.05082019768737,0.16666666666666657,0.16666666666666657,0.16666666666666657,0.16666666666666657,0.16666666666666657,0.16666666666666657
37,37.0,37.18169203889697,0.16666666666666657,0.16666666666666657,0.16666666666666657,0.16666666666666657,0.16666666666666657,0.16666666666666657
38,38.0,38.29765977559663,0.16666666666666657,0.16666666666666657,0.16666666666666657,0.16666666666666657,0.16666666666666657,0.16666666666666657
39,39.0,39.399054140870355,0.16666666666666657,0.16666666666666657,0.16666666666666657,0.16666666666666657,0.16666666666666657,0.16666666666666657
40,40.0,40.48631852820801,0.16666666666666657,0.16666666666666657,0.16666666666666657,0.16666666666666657,0.16666666666666657,0.16666666666666657
41,41.0,41.55999329152982,0.16666666666666657,0.16666666666666657,0.16666666666666657,0.16666666666666657,0.16666666666666657,0.16666666666666657
42,42.0,42.62070064560415,0.16666666666666657,0.16666666666666657,0.16666666666666657,0.16666666666666657,0.16666666666666657,0.16666666666666657
43,43.0,43.669130257815,0.16666666666666657,0.16666666666666657,0.16666666666666657,0.16666666666666657,0.16666666666666657,0.16666666666666657
44,44.0,44.70602560622662,0.16666666666666657,0.16666666666666657,0.16666666666666657,0.16666666666666657,0.16666666666666657,0.16666666666666657
45,45.0,45.73217116373481,0.16666666666666657,0.16666666666666657,0.16666666666666657,0.16666666666666657,0.16666666666666657,0.16666666666666657
46,46.0,46.748380453854836,0.16666666666666657,0.16666666666666657,0.16666666666666657,0.16666666666666657,0.16666666666666657,0.16666666666666657
47,47.0,47.755485010424316,0.16666666666666657,0.16666666666666657,0.16666666666666657,0.16666666666666657,0.16666666666666657,0.16666666666666657
48,48.0,48.7543242612326,0.16666666666666657,0.16666666666666657,0.16666666666666657,0.16666666666666657,0.16666666666666657,0.16666666666666657
49,49.0,49.745736344347726,0.16666666666666657,0.16666666666666657,0.16666666666666657,0.16666666666666657,0.16666666666666657,0.16666666666666657
50,50.0,50.730549855707864,0.16666666666666657,0.16666666666666657,0.16666666666666657,0.16666666666666657,0.16666666666666657,0.16666666666666657
51,51.0,51.70957651737491,0.16666666666666657,0.16666666666666657,0.16666666666666657,0.16666666666666657,0.16666666666666657,0.16666666666666657
52,52.0,52.68360474770151,0.16666666666666657,0.16666666666666657,0.16666666666666657,0.16666666666666657,0.16666666666666657,0.16666666666666657
53,53.0,53.65339410751842,0.16666666666666657,0.16666666666666657,0.16666666666666657,0.16666666666666657,0.16666666666666657,0.16666666666666657
54,54.0,54.61967059027847,0.16666666666666657,0.16666666666666657,0.16666666666666657,0.16666666666666657,0.16666666666666657,0.16666666666666657
55,55.0,55.58312271885972,0.16666666666666657,0.16666666666666657,0.16666666666666657,0.16666666666666657,0.16666666666666657,0.16666666666666657
56,56.0,56.544398407394254,0.16666666666666657,0.16666666666666657,0.16666666666666657,0.16666666666666657,0.16666666666666657,0.16666666666666657
57,57.0,57.504102543001395,0.16666666666666657,0.16666666666666657,0.16666666666666657,0.16666666666666657,0.16666666666666657,0.16666666666666657
58,58.0,58.462795239617805,0.16666666666666657,0.16666666666666657,0.16666666666666657,0.16666666666666657,0.16666666666666657,0.16666666666666657
59,59.0,59.42099071417639,0.16666666666666657,0.16666666666666657,0.16666666666666657,0.16666666666666657,0.16666666666666657,0.16666666666666657
60,60.0,60.379156734137354,0.16666666666666657,0.16666666666666657,0.16666666666666657,0.16666666666666657,0.16666666666666657,0.16666666666666657
61,61.0,61.337714584760846,0.16666666666666657,0.16666666666666657,0.16666666666666657,0.16666666666666657,0.16666666666666657,0.16666666666666657
62,62.0,62.29703950447439,0.16666666666666657,0.16666666666666657,0.16666666666666657,0.16666666666666657,0.16666666666666657,0.16666666666666657
63,63.0,63.257461537171835,0.16666666666666657,0.16666666666666657,0.16666666666666657,0.16666666666666657,0.16666666666666657,0.16666666666666657
64,64.0,64.21926675122782,0.16666666666666657,0.16666666666666657,0.16666666666666657,0.16666666666666657,0.16666666666666657,0.16666666666666657
65,65.0,65.18269877636592,0.16666666666666657,0.16666666666666657,0.16666666666666657,0.16666666666666657,0.16666666666666657,0.16666666666666657
66,66.0,66.14796061122655,0.16666666666666657,0.16666666666666657,0.16666666666666657,0.16666666666666657,0.16666666666666657,0.16666666666666657
67,67.0,67.11521665648885,0.16666666666666657,0.16666666666666657,0.16666666666666657,0.16666666666666657,0.16666666666666657,0.16666666666666657
68,68.0,68.08459493066005,0.16666666666666657,0.16666666666666657,0.16666666666666657,0.16666666666666657,0.16666666666666657,0.16666666666666657
69,69.0,69.05618942810752,0.16666666666666657,0.16666666666666657,0.16666666666666657,0.16666666666666657,0.16666666666666657,0.16666666666666657
70,70.0,70.03006258152917,0.16666666666666657,0.16666666666666657,0.16666666666666657,0.16666666666666657,0.16666666666666657,0.16666666666666657
71,71.0,71.00624779379335,0.16666666666666657,0.16666666666666657,0.16666666666666657,0.16666666666666657,0.16666666666666657,0.16666666666666657
72,72.0,71.98475200689319,0.16666666666666657,0.16666666666666657,0.16666666666666657,0.16666666666666657,0.16666666666666657,0.16666666666666657
73,73.0,72.96555827861411,0.16666666666666657,0.16666666666666657,0.16666666666666657,0.16666666666666657,0.16666666666666657,0.16666666666666657
74,74.0,73.94862834037681,0.16666666666666657,0.16666666666666657,0.16666666666666657,0.16666666666666657,0.16666666666666657,0.16666666666666657
75,75.0,74.93390511255946,0.16666666666666657,0.16666666666666657,0.16666666666666657,0.16666666666666657,0.16666666666666657,0.16666666666666657
76,76.0,75.92131515639825,0.16666666666666657,0.16666666666666657,0.16666666666666657,0.16666666666666657,0.16666666666666657,0.16666666666666657
77,77.0,76.91077104428919,0.16666666666666657,0.16666666666666657,0.16666666666666657,0.16666666666666657,0.16666666666666657,0.16666666666666657
78,78.0,77.90217363294813,0.16666666666666657,0.16666666666666657,0.16666666666666657,0.16666666666666657,0.16666666666666657,0.16666666666666657
79,79.0,78.89541422641172,0.16666666666666657,0.16666666666666657,0.16666666666666657,0.16666666666666657,0.16666666666666657,0.16666666666666657
80,80.0,79.89037661826481,0.16666666666666657,0.16666666666666657,0.16666666666666657,0.16666666666666657,0.16666666666666657,0.16666666666666657
81,81.0,80.88693900474995,0.16666666666666657,0.16666666666666657,0.16666666666666657,0.16666666666666657,0.16666666666666657,0.16666666666666657
82,82.0,81.88497576253909,0.16666666666666657,0.16666666666666657,0.16666666666666657,0.16666666666666657,0.16666666666666657,0.16666666666666657
83,83.0,82.88435908692391,0.16666666666666657,0.16666666666666657,0.16666666666666657,0.16666666666666657,0.16666666666666657,0.16666666666666657
84,84.0,83.88496048800103,0.16666666666666657,0.16666666666666657,0.16666666666666657,0.16666666666666657,0.16666666666666657,0.16666666666666657
85,85.0,84.88665214409042,0.16666666666666657,0.16666666666666657,0.16666666666666657,0.16666666666666657,0.16666666666666657,0.16666666666666657
86,86.0,85.88930811312994,0.16666666666666657,0.16666666666666657,0.16666666666666657,0.16666666666666657,0.16666666666666657,0.16666666666666657
87,87.0,86.89280540413424,0.16666666666666657,0.16666666666666657,0.16666666666666657,0.16666666666666657,0.16666666666666657,0.16666666666666657
88,88.0,87.89702491199675,0.16666666666666657,0.16666666666666657,0.16666666666666657,0.16666666666666657,0.16666666666666657,0.16666666666666657
89,89.0,88.90185221995306,0.16666666666666657,0.16666666666666657,0.16666666666666657,0.16666666666666657,0.16666666666666657,0.16666666666666657
90,90.0,89.90717827491419,0.16666666666666657,0.16666666666666657,0.16666666666666657,0.16666666666666657,0.16666666666666657,0.16666666666666657
91,91.0,90.91289994163006,0.16666666666666657,0.16666666666666657,0.16666666666666657,0.16666666666666657,0.16666666666666657,0.16666666666666657
92,92.0,91.91892044225806,0.16666666666666657,0.16666666666666657,0.16666666666666657,0.16666666666666657,0.16666666666666657,0.16666666666666657
93,93.0,92.92514968840067,0.16666666666666657,0.16666666666666657,0.16666666666666657,0.16666666666666657,0.16666666666666657,0.16666666666666657
94,94.0,93.93150451304501,0.16666666666666657,0.16666666666666657,0.16666666666666657,0.16666666666666657,0.16666666666666657,0.16666666666666657
95,95.0,94.93790881009448,0.16666666666666657,0.16666666666666657,0.16666666666666657,0.16666666666666657,0.16666666666666657,0.16666666666666657
96,96.0,95.94429358933806,0.16666666666666657,0.16666666666666657,0.16666666666666657,0.16666666666666657,0.16666666666666657,0.16666666666666657
97,97.0,96.9505969547639,0.16666666666666657,0.16666666666666657,0.16666666666666657,0.16666666666666657,0.16666666666666657,0.16666666666666657
98,98.0,97.9567640140995,0.16666666666666657,0.16666666666666657,0.16666666666666657,0.16666666666666657,0.16666666666666657,0.16666666666666657
99,99.0,98.96274672736057,0.16666666666666657,0.16666666666666657,0.16666666666666657,0.16666666666666657,0.16666666666666657,0.16666666666666657
100,100.0,99.96850370202192,0.16666666666666657,0.16666666666666657,0.16666666666666657,0.16666666666666657,0.16666666666666657,0.16666666666666657
101,101.0,100.97399994219691,0.16666666666666657,0.16666666666666657,0.16666666666666657,0.16666666666666657,0.16666666666666657,0.16666666666666657
102,102.0,101.97920655893245,0.16666666666666657,0.16666666666666657,0.16666666666666657,0.16666666666666657,0.16666666666666657,0.16666666666666657
103,103.0,102.98410044840509,0.16666666666666657,0.16666666666666657,0.16666666666666657,0.16666666666666657,0.16666666666666657,0.16666666666666657
104,104.0,103.98866394444643,0.16666666666666657,0.16666666666666657,0.16666666666666657,0.16666666666666657,0.16666666666666657,0.16666666666666657
105,105.0,104.99288445143917,0.16666666666666657,0.16666666666666657,0.16666666666666657,0.16666666666666657,0.16666666666666657,0.16666666666666657
106,106.0,105.99675406321822,0.16666666666666657,0.16666666666666657,0.16666666666666657,0.16666666666666657,0.16666666666666657,0.16666666666666657
107,107.0,107.0002691731872,0.16666666666666657,0.16666666666666657,0.16666666666666657,0.16666666666666657,0.16666666666666657,0.16666666666666657
108,108.0,108.0034300804274,0.16666666666666657,0.16666666666666657,0.16666666666666657,0.16666666666666657,0.16666666666666657,0.16666666666666657
109,109.0,109.00624059613932,0.16666666666666657,0.16666666666666657,0.16666666666666657,0.16666666666666657,0.16666666666666657,0.16666666666666657
110,110.0,110.00870765431864,0.16666666666666657,0.16666666666666657,0.16666666666666657,0.16666666666666657,0.16666666666666657,0.16666666666666657
111,111.0,111.01084093013685,0.16666666666666657,0.16666666666666657,0.16666666666666657,0.16666666666666657,0.16666666666666657,0.16666666666666657
112,112.0,112.01265246907188,0.16666666666666657,0.16666666666666657,0.16666666666666657,0.16666666666666657,0.16666666666666657,0.16666666666666657
113,113.0,113.01415632942268,0.16666666666666657,0.16666666666666657,0.16666666666666657,0.16666666666666657,0.16666666666666657,0.16666666666666657
114,114.0,114.01536824044418,0.16666666666666657,0.16666666666666657,0.16666666666666657,0.16666666666666657,0.16666666666666657,0.16666666666666657
115,115.0,115.01630527795908,0.16666666666666657,0.16666666666666657,0.16666666666666657,0.16666666666666657,0.16666666666666657,0.16666666666666657
116,116.0,116.0169855589429,0.16666666666666657,0.16666666666666657,0.16666666666666657,0.16666666666666657,0.16666666666666657,0.16666666666666657
117,117.0,117.01742795623892,0.16666666666666657,0.16666666666666657,0.16666666666666657,0.16666666666666657,0.16666666666666657,0.16666666666666657
118,118.0,118.01765183424293,0.16666666666666657,0.16666666666666657,0.16666666666666657,0.16666666666666657,0.16666666666666657,0.16666666666666657
119,119.0,119.01767680610413,0.16666666666666657,0.16666666666666657,0.16666666666666657,0.16666666666666657,0.16666666666666657,0.16666666666666657
120,120.0,120.01752251271817,0.16666666666666657,0.16666666666666657,0.16666666666666657,0.16666666666666657,0.16666666666666657,0.16666666666666657
121,121.0,121.01720842354362,0.16666666666666657,0.16666666666666657,0.16666666666666657,0.16666666666666657,0.16666666666666657,0.16666666666666657
122,122.0,122.01675365905109,0.16666666666666657,0.16666666666666657,0.16666666666666657,0.16666666666666657,0.16666666666666657,0.16666666666666657
123,123.0,123.0161768344173,0.16666666666666657,0.16666666666666657,0.16666666666666657,0.16666666666666657,0.16666666666666657,0.16666666666666657
124,124.0,124.01549592390272,0.16666666666666657,0.16666666666666657,0.16666666666666657,0.16666666666666657,0.16666666666666657,0.16666666666666657
125,125.0,125.01472814520056,0.16666666666666657,0.16666666666666657,0.16666666666666657,0.16666666666666657,0.16666666666666657,0.16666666666666657
126,126.0,126.01388986291661,0.16666666666666657,0.16666666666666657,0.16666666666666657,0.16666666666666657,0.16666666666666657,0.16666666666666657
127,127.0,127.0129965102319,0.16666666666666657,0.16666666666666657,0.16666666666666657,0.16666666666666657,0.16666666666666657,0.16666666666666657
128,128.0,128.01206252771334,0.16666666666666657,0.16666666666666657,0.16666666666666657,0.16666666666666657,0.16666666666666657,0.16666666666666657
129,129.0,129.0111013181695,0.16666666666666657,0.16666666666666657,0.16666666666666657,0.16666666666666657,0.16666666666666657,0.16666666666666657
130,130.0,130.01012521639834,0.16666666666666657,0.16666666666666657,0.16666666666666657,0.16666666666666657,0.16666666666666657,0.16666666666666657
131,131.0,131.0091454726403,0.16666666666666657,0.16666666666666657,0.16666666666666657,0.16666666666666657,0.16666666666666657,0.16666666666666657
132,132.0,132.0081722485317,0.16666666666666657,0.16666666666666657,0.16666666666666657,0.16666666666666657,0.16666666666666657,0.16666666666666657
133,133.0,133.00721462434865,0.16666666666666657,0.16666666666666657,0.16666666666666657,0.16666666666666657,0.16666666666666657,0.16666666666666657
134,134.0,134.0062806163404,0.16666666666666657,0.16666666666666657,0.16666666666666657,0.16666666666666657,0.16666666666666657,0.16666666666666657
135,135.0,135.00537720296956,0.16666666666666657,0.16666666666666657,0.16666666666666657,0.16666666666666657,0.16666666666666657,0.16666666666666657
136,136.0,136.00451035890612,0.16666666666666657,0.16666666666666657,0.16666666666666657,0.16666666666666657,0.16666666666666657,0.16666666666666657
137,137.0,137.00368509565993,0.16666666666666657,0.16666666666666657,0.16666666666666657,0.16666666666666657,0.16666666666666657,0.16666666666666657
138,138.0,138.0029055077818,0.16666666666666657,0.16666666666666657,0.16666666666666657,0.16666666666666657,0.16666666666666657,0.16666666666666657
139,139.0,139.00217482361367,0.16666666666666657,0.16666666666666657,0.16666666666666657,0.16666666666666657,0.16666666666666657,0.16666666666666657
140,140.0,140.0014954596262,0.16666666666666657,0.16666666666666657,0.16666666666666657,0.16666666666666657,0.16666666666666657,0.16666666666666657
141,141.0,141.00086907744122,0.16666666666666657,0.16666666666666657,0.16666666666666657,0.16666666666666657,0.16666666666666657,0.16666666666666657
142,142.0,142.0002966427003,0.16666666666666657,0.16666666666666657,0.16666666666666657,0.16666666666666657,0.16666666666666657,0.16666666666666657
143,143.0,142.99977848500652,0.16666666666666657,0.16666666666666657,0.16666666666666657,0.16666666666666657,0.16666666666666657,0.16666666666666657
144,144.0,143.99931435823203,0.16666666666666657,0.16666666666666657,0.16666666666666657,0.16666666666666657,0.16666666666666657,0.16666666666666657
145,145.0,144.99890350055264,0.16666666666666657,0.16666666666666657,0.16666666666666657,0.16666666666666657,0.16666666666666657,0.16666666666666657
146,146.0,145.9985446936357,0.16666666666666657,0.16666666666666657,0.16666666666666657,0.16666666666666657,0.16666666666666657,0.16666666666666657
147,147.0,146.99823632047406,0.16666666666666657,0.16666666666666657,0.16666666666666657,0.16666666666666657,0.16666666666666657,0.16666666666666657
148,148.0,147.99797642142389,0.16666666666666657,0.16666666666666657,0.16666666666666657,0.16666666666666657,0.16666666666666657,0.16666666666666657
149,149.0,148.99776274806447,0.16666666666666657,0.16666666666666657,0.16666666666666657,0.16666666666666657,0.16666666666666657,0.16666666666666657
150,150.0,149.99759281456036,0.16666666666666657,0.16666666666666657,0.16666666666666657,0.16666666666666657,0.16666666666666657,0.16666666666666657
151,151.0,150.99746394626104,0.16666666666666657,0.16666666666666657,0.16666666666666657,0.16666666666666657,0.16666666666666657,0.16666666666666657
152,152.0,151.99737332532905,0.16666666666666657,0.16666666666666657,0.16666666666666657,0.16666666666666657,0.16666666666666657,0.16666666666666657
153,153.0,152.99731803323698,0.16666666666666657,0.16666666666666657,0.16666666666666657,0.16666666666666657,0.16666666666666657,0.16666666666666657
154,154.0,153.99729509002177,0.16666666666666657,0.16666666666666657,0.16666666666666657,0.16666666666666657,0.16666666666666657,0.16666666666666657
155,155.0,154.99730149022784,0.16666666666666657,0.16666666666666657,0.16666666666666657,0.16666666666666657,0.16666666666666657,0.16666666666666657
156,156.0,155.99733423551103,0.16666666666666657,0.16666666666666657,0.16666666666666657,0.16666666666666657,0.16666666666666657,0.16666666666666657
157,157.0,156.99739036391077,0.16666666666666657,0.16666666666666657,0.16666666666666657,0.16666666666666657,0.16666666666666657,0.16666666666666657
158,158.0,157.99746697583146,0.16666666666666657,0.16666666666666657,0.16666666666666657,0.16666666666666657,0.16666666666666657,0.16666666666666657
159,159.0,158.99756125680176,0.16666666666666657,0.16666666666666657,0.16666666666666657,0.16666666666666657,0.16666666666666657,0.16666666666666657
160,160.0,159.997670497107,0.16666666666666657,0.16666666666666657,0.16666666666666657,0.16666666666666657,0.16666666666666657,0.16666666666666657
161,161.0,160.99779210841066,0.16666666666666657,0.16666666666666657,0.16666666666666657,0.16666666666666657,0.16666666666666657,0.16666666666666657
162,162.0,161.99792363749984,0.16666666666666657,0.16666666666666657,0.16666666666666657,0.16666666666666657,0.16666666666666657,0.16666666666666657
163,163.0,162.9980627773051,0.16666666666666657,0.16666666666666657,0.16666666666666657,0.16666666666666657,0.16666666666666657,0.16666666666666657
164,164.0,163.9982073753568,0.16666666666666657,0.16666666666666657,0.16666666666666657,0.16666666666666657,0.16666666666666657,0.16666666666666657
165,165.0,164.99835543984977,0.16666666666666657,0.16666666666666657,0.16666666666666657,0.16666666666666657,0.16666666666666657,0.16666666666666657
166,166.0,165.99850514349492,0.16666666666666657,0.16666666666666657,0.16666666666666657,0.16666666666666657,0.16666666666666657,0.16666666666666657
167,167.0,166.99865482534062,0.16666666666666657,0.16666666666666657,0.16666666666666657,0.16666666666666657,0.16666666666666657,0.16666666666666657
168,168.0,167.99880299074837,0.16666666666666657,0.16666666666666657,0.16666666666666657,0.16666666666666657,0.16666666666666657,0.16666666666666657
169,169.0,168.99894830970783,0.16666666666666657,0.16666666666666657,0.16666666666666657,0.16666666666666657,0.16666666666666657,0.16666666666666657
170,170.0,169.99908961367427,0.16666666666666657,0.16666666666666657,0.16666666666666657,0.16666666666666657,0.16666666666666657,0.16666666666666657
171,171.0,170.99922589110733,0.16666666666666657,0.16666666666666657,0.16666666666666657,0.16666666666666657,0.16666666666666657,0.16666666666666657
172,172.0,171.99935628188598,0.16666666666666657,0.16666666666666657,0.16666666666666657,0.16666666666666657,0.16666666666666657,0.16666666666666657
173,173.0,172.99948007076793,0.16666666666666657,0.16666666666666657,0.16666666666666657,0.16666666666666657,0.16666666666666657,0.16666666666666657
174,174.0,173.99959668005403,0.16666666666666657,0.16666666666666657,0.16666666666666657,0.16666666666666657,0.16666666666666657,0.16666666666666657
175,175.0,174.99970566161096,0.16666666666666657,0.16666666666666657,0.16666666666666657,0.16666666666666657,0.16666666666666657,0.16666666666666657
176,176.0,175.9998066883961,0.16666666666666657,0.16666666666666657,0.16666666666666657,0.16666666666666657,0.16666666666666657,0.16666666666666657
177,177.0,176.99989954561875,0.16666666666666657,0.16666666666666657,0.16666666666666657,0.16666666666666657,0.16666666666666657,0.16666666666666657
178,178.0,177.99998412166295,0.16666666666666657,0.16666666666666657,0.16666666666666657,0.16666666666666657,0.16666666666666657,0.16666666666666657
179,179.0,179.00006039888612,0.16666666666666657,0.16666666666666657,0.16666666666666657,0.16666666666666657,0.16666666666666657,0.16666666666666657
180,180.0,180.0001284443981,0.16666666666666657,0.16666666666666657,0.16666666666666657,0.16666666666666657,0.16666666666666657,0.16666666666666657
181,181.0,181.00018840091488,0.16666666666666657,0.16666666666666657,0.16666666666666657,0.16666666666666657,0.16666666666666657,0.16666666666666657
182,182.0,182.00024047777083,0.16666666666666657,0.16666666666666657,0.16666666666666657,0.16666666666666657,0.16666666666666657,0.16666666666666657
183,183.0,183.0002849421635,0.16666666666666657,0.16666666666666657,0.16666666666666657,0.16666666666666657,0.16666666666666657,0.16666666666666657
184,184.0,184.00032211069524,0.16666666666666657,0.16666666666666657,0.16666666666666657,0.16666666666666657,0.16666666666666657,0.16666666666666657
185,185.0,185.00035234126688,0.16666666666666657,0.16666666666666657,0.16666666666666657,0.16666666666666657,0.16666666666666657,0.16666666666666657
186,186.0,186.00037602536867,0.16666666666666657,0.16666666666666657,0.16666666666666657,0.16666666666666657,0.16666666666666657,0.16666666666666657
187,187.0,187.0003935808066,0.16666666666666657,0.16666666666666657,0.16666666666666657,0.16666666666666657,0.16666666666666657,0.16666666666666657
188,188.0,188.00040544489266,0.16666666666666657,0.16666666666666657,0.16666666666666657,0.16666666666666657,0.16666666666666657,0.16666666666666657
189,189.0,189.0004120681212,0.16666666666666657,0.16666666666666657,0.16666666666666657,0.16666666666666657,0.16666666666666657,0.16666666666666657
190,190.0,190.00041390834568,0.16666666666666657,0.16666666666666657,0.16666666666666657,0.16666666666666657,0.16666666666666657,0.16666666666666657
191,191.0,191.00041142546425,0.16666666666666657,0.16666666666666657,0.16666666666666657,0.16666666666666657,0.16666666666666657,0.16666666666666657
192,192.0,192.00040507661635,0.16666666666666657,0.16666666666666657,0.16666666666666657,0.16666666666666657,0.16666666666666657,0.16666666666666657
193,193.0,193.00039531188708,0.16666666666666657,0.16666666666666657,0.16666666666666657,0.16666666666666657,0.16666666666666657,0.16666666666666657
194,194.0,194.00038257051185,0.16666666666666657,0.16666666666666657,0.16666666666666657,0.16666666666666657,0.16666666666666657,0.16666666666666657
195,195.0,195.00036727756904,0.16666666666666657,0.16666666666666657,0.16666666666666657,0.16666666666666657,0.16666666666666657,0.16666666666666657
196,196.0,196.0003498411448,0.16666666666666657,0.16666666666666657,0.16666666666666657,0.16666666666666657,0.16666666666666657,0.16666666666666657
197,197.0,197.00033064995154,0.16666666666666657,0.16666666666666657,0.16666666666666657,0.16666666666666657,0.16666666666666657,0.16666666666666657
198,198.0,198.0003100713781,0.16666666666666657,0.16666666666666657,0.16666666666666657,0.16666666666666657,0.16666666666666657,0.16666666666666657
199,199.0,199.00028844994821,0.16666666666666657,0.16666666666666657,0.16666666666666657,0.16666666666666657,0.16666666666666657,0.16666666666666657
200,200.0,200.00026610616183,0.15885919921334604,0.16455032061870764,0.17534991944756842,0.16510601808242883,0.1602941710104149,0.17584037162753363
201,201.0,201.00024333569246,0.15112980643455873,0.1624551380312283,0.18394633970066127,0.1635609759840335,0.15398540031072577,0.18492233953879203
202,202.0,202.0002204089131,0.14354797479063916,0.16039995438405538,0.19237864647619504,0.16204543014388023,0.14779706977893978,0.19383092442629005
203,203.0,203.00019757072255,0.1361747664845398,0.15840132161962997,0.20057892805417035,0.16057158639454638,0.1417790187035845,0.2024943787435287
204,204.0,204.00017504064385,0.12906305126553957,0.1564735709773216,0.20848838413856327,0.15915001296444337,0.1359743996497704,0.2108505810043616
205,205.0,205.0001530131666,0.1222577969771186,0.15462889175134162,0.21605700271788814,0.1577896985559491,0.1304199156058815,0.21884669439182097
206,206.0,206.00013165830538,0.11579641006910316,0.15287742359231699,0.22324318135685847,0.15649812041098765,0.12514609791136416,0.22643876665936954
207,207.0,207.00011112234722,0.10970911767253284,0.15122736007514243,0.23001330226312003,0.1552813206846554,0.12017761810822643,0.23359128119632297
208,208.0,208.00009152876143,0.10401938326022885,0.14968506137080467,0.2363412700008811,0.15414398953235267,0.11553362720536171,0.2402766686303712
209,209.0,209.0000729792466,0.09874434837788756,0.1482551739850634,0.2422080202096141,0.1530895534081996,0.11122811622177134,0.24647478779746423
210,210.0,210.00005555489076,0.09389529342133615,0.14694075565991643,0.24760100714013453,0.1521202671706227,0.10727029227536379,0.25217238433262673
211,211.0,211.00003931742162,0.08947811094756114,0.14574340367255575,0.25251367725095836,0.1512373086933402,0.10366496490188486,0.2573625345337
212,212.0,212.0000243105252,0.08549378553302263,0.14466338490907635,0.2569449355229471,0.1504408747850954,0.10041293771777647,0.26204408153208236
213,213.0,213.00001056121314,0.08193887472594236,0.1436997662347249,0.2608986105572644,0.14973027732806704,0.09751140097594266,0.266221070178059
214,214.0,213.99999808122018,0.0788059861736453,0.14285054382733214,0.2643829239273341,0.14910403865170374,0.0949543209995743,0.2699021864204108
215,215.0,214.9999868684143,0.07608424653617611,0.1421127702842761,0.2674099686658804,0.14855998526470263,0.09273282291188853,0.2731002063370767
216,216.0,215.99997690820487,0.0737597583184267,0.14148267845455367,0.2699952011886701,0.1480953391719975,0.09083556350489395,0.2758314593614586
217,217.0,216.99996817493434,0.07181604126060258,0.14095580108512873,0.27215695039205096,0.1477068061050858,0.0892490915045914,0.27811530965254105
218,218.0,217.9999606332415,0.07023445541728945,0.14052708550366577,0.27391594711593004,0.1473906600920573,0.08795819289031469,0.2799736589807433
219,219.0,218.99995423938554,0.06899460352546936,0.1401910026871832,0.2752948766410188,0.14714282388765398,0.086946219309604,0.2814304739490712
220,220.0,219.9999489425213,0.0680747107089112,0.13994165018734786,0.27631795639194534,0.14695894487305736,0.08619539799490984,0.28251133984382903
221,221.0,220.99994468591828,0.06745197998825436,0.13977284849749333,0.2770105405486166,0.14683446611943268,0.0856871219327775,0.28324304291342617
222,222.0,221.9999414081164,0.06710292246111527,0.1396782305535201,0.2773987528288915,0.14676469238821907,0.08540221935857212,0.2836531824096827
223,223.0,222.99993904401353,0.06700366138341354,0.13965132416027976,0.27750914829760676,0.1467448509144875,0.08532120194924304,0.2837698132949701
224,224.0,223.99993752588082,0.06713020972098248,0.13968562722663141,0.2773684046812313,0.14677014688722712,0.08542449136239595,0.28362112012153246
225,225.0,224.99993678430258,0.06745872104891931,0.13977467577595237,0.2770030433244379,0.14683581360206338,0.0856926240216511,0.2832351222269766
226,226.0,225.99993674903914,0.06796571395490789,0.13991210477445248,0.2764391796148364,0.1469371573176383,0.08610643427580573,0.28263941006235993
227,227.0,226.99993734981166,0.06862827035208313,0.14009170188722883,0.2757023024248034,0.1470695968967222,0.08664721626282834,0.28186091217633474
228,228.0,227.9999385170088,0.06942420832735463,0.14030745433172603,0.2748170818742826,0.1472286983571734,0.0872968649895619,0.2809256921199021
229,229.0,228.99994018231612,0.07033223034316005,0.14055358905032703,0.2738072045048279,0.1474102044962506,0.088037997294768,0.279858774310667
230,230.0,229.99994227926956,0.07133204777528794,0.14082460646843542,0.2726952347720272,0.14761005978470051,0.0888540534975473,0.2786839977020022
231,231.0,230.99994474373494,0.07240448290778478,0.1411153081419194,0.27150250160954315,0.1478244307547013,0.08972938064611469,0.27742389593993716
232,232.0,231.9999475143165,0.0735315496192887,0.14142081862850656,0.27024900869196894,0.1480497221283979,0.09064929837440569,0.27609960255743266
233,233.0,232.9999505326967,0.07469651408478396,0.14173660194202073,0.26895336692398936,0.14828258895168375,0.09160014844716505,0.27473077965035764
234,234.0,233.9999537439119,0.07588393688421648,0.14205847296663404,0.2676327476083246,0.14851994501136706,0.09256932912921831,0.2733355684002399
235,235.0,234.99995709656648,0.07707969795619818,0.14238260422099044,0.2663028546929,0.14875896782321127,0.09354531555281556,0.2719305597538849
236,236.0,235.99996054298992,0.07827100586275434,0.1427055283695721,0.26497791446684565,0.14899710048388184,0.09451766727956644,0.2705307835373799
237,237.0,236.99996403934114,0.07944639284136197,0.14302413688147061,0.2636706810634852,0.1492320506818894,0.09547702426188806,0.269149714269905
238,238.0,237.99996754566382,0.08059569711502983,0.14333567523523535,0.26239245613458273,0.14946178716152023,0.09641509240440013,0.26779929194923197
239,239.0,238.9999710258976,0.08171003391151521,0.14363773506314204,0.2611531210819815,0.14968453392981565,0.0973246199096585,0.2664899561038872
240,240.0,239.999974447849,0.08278175661057152,0.1439282436194974,0.2599611802685775,0.1498987624902263,0.09819936556633595,0.26523069144479144
241,241.0,240.99997778312678,0.0838044093949511,0.14420545094589302,0.2588238136785849,0.1501031823779365,0.09903406010272378,0.2640290834999107
242,242.0,241.9999810070455,0.08477267272827782,0.14446791509206092,0.25774693755556266,0.1502967302613392,0.0998243616854871,0.26289138267727236
243,243.0,242.99998409850193,0.08568230292232372,0.14471448573456222,0.25673527161404386,0.15047855786203113,0.10056680659416072,0.26182257527287844
244,244.0,243.9999870398277,0.08653006698907639,0.14494428651733854,0.2557924114952933,0.15064801893227645,0.10125875604706686,0.26082646001894855
245,245.0,244.9999898166226,0.08731367390059766,0.1451566964185346,0.2549209052182217,0.15080465551441738,0.10189834009525323,0.2599057288529755
246,246.0,245.99999241757178,0.08803170330329543,0.14535133042729648,0.2541223324614319,0.15094818369144292,0.10248439943870992,0.2590620506778234
247,247.0,246.99999483425034,0.0886835326540251,0.14552801979278,0.2533973856004636,0.15107847902209437,0.10301642595447534,0.2582961569761616
248,248.0,247.99999706091853,0.08926926366447614,0.14568679208565813,0.25274595151434437,0.1511955618377026,0.10349450266016097,0.25760792823765777
249,249.0,248.9999990943107,0.08978964885857195,0.14582785129026266,0.2521671932664505,0.1512995825616159,0.10391924376971792,0.25699648025338107
250,250.0,250.00000093342055,0.09024601896600706,0.14595155812337487,0.2516596308554383,0.15139080719576462,0.10429173543166351,0.25646024942775164
251,251.0,251.00000257928522,0.0906402117943732,0.1460584107538129,0.2512212203217298,0.1514696031027837,0.1046134776741394,0.25599707635316105
252,252.0,252.0000040347706,0.09097450314329363,0.14614902607553976,0.2508494305829317,0.15153642519631594,0.10488632801666779,0.25560428698525123
253,253.0,253.00000530435972,0.09125154024722368,0.1462241216662093,0.25054131745694097,0.1515918026367747,0.10511244714581819,0.25527877084703327
254,254.0,254.00000639394634,0.0914742781596231,0.14628449854302059,0.2502935944137367,0.1516363261150627,0.10529424699163685,0.25501705577692013
255,255.0,255.00000731063483,0.09164591942052096,0.1463310248085913,0.2501026996754724,0.15167063579261417,0.10543434148399877,0.25481537881880245
256,256.0,256.00000806254815,0.09176985728245844,0.1463646202613898,0.24996485935903665,0.15169540995272726,0.10553550021332601,0.2546697529310619
257,257.0,257.0000086586446,0.09184962270671221,0.14638624202816533,0.24987614642541095,0.15171135440554465,0.10560060516862878,0.2545760292655382
258,258.0,258.000009108545,0.0918888352828081,0.14639687125985243,0.24983253526565058,0.15171919267726774,0.10563261067775646,0.2545299548366648
259,259.0,259.0000094223699,0.09189115816980092,0.14639750091764306,0.24982995181396658,0.15171965700328874,0.10563450663023533,0.2545272254650655
260,260.0,260.00000961058856,0.09186025710773107,0.14638912466234896,0.24986431913406817,0.15171348013491764,0.10560928502220544,0.2545635339387289
261,261.0,261.00000968387957,0.09179976350212551,0.14637272684783156,0.24993159847557575,0.15170138796027738,0.10555990982579799,0.254634613388392
262,262.0,262.0000096530026,0.09171324154339387,0.14634927360815836,0.25002782584293365,0.15168409293174126,0.10548929015181481,0.25473627592195824
263,263.0,263.00000952868334,0.09160415928643607,0.14631970501824168,0.25014914415988326,0.15166228828498424,0.1054002566447533,0.2548644466057016
264,264.0,264.00000932150914,0.0914758635836443,0.14628492829900502,0.25029183114829595,0.15163664302829596,0.1052955410229919,0.25501519291776703
265,265.0,265.0000090418373,0.09133155873662989,0.14624581203057277,0.2504523230711413,0.15160779767523644,0.10517775865421823,0.2551847498322016
266,266.0,266.0000086997143,0.09117428870828523,0.14620318133054877,0.25062723451574753,0.1515763606889734,0.10504939403682124,0.25536954071962403
267,267.0,267.0000083048064,0.09100692271702679,0.14615781394909244,0.2508133744154925,0.15154290560268982,0.10491278904183725,0.2555661942738614
268,268.0,268.0000078663412,0.09083214401905855,0.1461104372281616,0.2510077585258649,0.1515079687772506,0.10477013375697478,0.2557715576926898
269,269.0,269.00000739305915,0.09065244167203115,0.14606172586891303,0.25120761858469826,0.15147204775482567,0.1046234597640703,0.2559827063554618
270,270.0,270.0000068931747,0.0904701050643208,0.14601230044877095,0.25141040839655815,0.15143560016533789,0.10447463567385706,0.25619695025115535
