,Unnamed: 0,Generation,Intertwine_two,Add_vertex,Delete_vertex,Invert_path_vertices,Insert_inside_vertex,Delete_inside_vertex,Replace_inside_vertex,Donate_between_routes,Trim_one_terminal_cb,Grow_one_terminal_cb
0,0.0,0.0,0.09999999999999999,0.09999999999999999,0.09999999999999999,0.09999999999999999,0.09999999999999999,0.09999999999999999,0.09999999999999999,0.09999999999999999,0.09999999999999999,0.09999999999999999
1,1.0,1.0,0.11657716055711624,0.10369618567974134,0.10329469994862053,0.0990288671741624,0.10633454592384065,0.08902276442277277,0.07499912689522521,0.0629213471920036,0.1238162028587457,0.12030909934777105
2,2.0,2.0,0.13371040624608993,0.10758116765432116,0.09536542972272913,0.09728949203319405,0.0959088187607143,0.08603525667228262,0.0728316084054995,0.04546199002441209,0.1261294177063536,0.13968641277440308
3,3.0,3.0,0.1382055222353179,0.10226834921472687,0.08879743510247898,0.09651593521142798,0.09953497035396666,0.07664154316137736,0.0774214486023954,0.05722717950624214,0.13109105820155892,0.13229655841050736
4,4.0,4.0,0.13042149866871405,0.10439330836065845,0.09052749578102544,0.07914314707506145,0.09584080068964121,0.09731573428021253,0.05933175436107,0.06555754899451428,0.13566713218636603,0.14180157960273607
5,5.0,5.0,0.14325175384703404,0.10215356664227475,0.09355606723872195,0.08546571392747647,0.08954912209730445,0.08101750724978765,0.05606590094725933,0.05874658046143748,0.14799089600712442,0.14220289158157912
6,6.0,6.0,0.1269210124900856,0.10855335671732289,0.10080517123840069,0.09444204247844692,0.07487800873291335,0.08410368203746704,0.08455201229106643,0.044541661149205006,0.14377116999338105,0.1374318828717106
7,7.0,7.0,0.12293709989581117,0.10690058956149118,0.09749298503664124,0.09577385112362076,0.08619779149075879,0.10791775947999319,0.06024150056743188,0.041354607114761834,0.15369076921534727,0.12749304651414226
8,8.0,8.0,0.125507078066655,0.09772238053146007,0.09167219623068903,0.08543323400553193,0.08231725100224922,0.0978643866488689,0.05788540895634102,0.0680915890085135,0.1462404542339997,0.14726602131569116
9,9.0,9.0,0.1307683050282364,0.09446404635658143,0.10682225238474963,0.08882675627544215,0.07942928432316224,0.09241792871609858,0.06572090550119877,0.048175161398511857,0.14712318396800922,0.14625217604800939
10,10.0,10.0,0.1276965199924251,0.11361355081660325,0.10106315580592236,0.07650248218232522,0.08357114330657854,0.08950647541684109,0.061817240090143465,0.06924929415337713,0.14992287702678203,0.12705726120900143
11,11.0,11.0,0.14643068240392546,0.11213862709706032,0.1001259873648733,0.06400141954662937,0.07454752987995769,0.08125853011683462,0.07258936605412311,0.051236311649955825,0.17223907798231744,0.1254324679043224
12,12.0,12.0,0.1277146425175646,0.09563386013793765,0.10430070761872608,0.0789026952872794,0.09579119589873958,0.0790520226388991,0.05598315202501063,0.055192993486897005,0.17067761154568437,0.1367511188432612
13,13.0,13.0,0.1434211539983268,0.09203011176665248,0.10413958559434895,0.06672902618176789,0.06752479764273792,0.09313973274973314,0.06010504974503454,0.06619136017265438,0.16937554998758414,0.13734363216115944
14,14.0,14.0,0.1281133914714728,0.10452450420889925,0.11327319270664486,0.07762807148960715,0.08879797016892745,0.07366393777394911,0.05482776311017803,0.048708888552191555,0.17239931523833493,0.1380629652797944
15,15.0,15.0,0.14695035241741464,0.10205515457014733,0.11962201124237057,0.0531404517844626,0.09023402268088046,0.08878670091109093,0.04598078339378879,0.05871644284936699,0.1573846187325688,0.1371294614179084
16,16.0,16.0,0.13559076418065638,0.10920878684880124,0.1127881393574121,0.0636796512870514,0.07166256597031588,0.10183598495844051,0.050127021137348016,0.04214779525553488,0.17539565106677382,0.1375636399376654
17,17.0,17.0,0.12400397989921977,0.1053994844882633,0.11472692278511243,0.053400013149517235,0.06562945383259215,0.060314659311285955,0.0422023750607568,0.08278908705934007,0.1870684146694151,0.1644656097444968
18,18.0,18.0,0.1504471166141313,0.12185366325652636,0.10662924530644755,0.0525621235899074,0.07092325834447202,0.08467915685885896,0.03629868923521519,0.0503408847815035,0.18995374307648055,0.13631211893645684
19,19.0,19.0,0.15156455817817865,0.11130442062951944,0.097436742994698,0.05557687946175847,0.06881435254196953,0.09088955524584515,0.06591778041084083,0.04382451002441802,0.17878901385417612,0.13588218665859547
20,20.0,20.0,0.17381506125668064,0.08857931510555762,0.14332164811333054,0.04711666206602687,0.04776159449071628,0.093098309646611,0.043811021430636116,0.03935505229392594,0.19373133531897185,0.12941000027754276
21,21.0,21.0,0.1443705847695653,0.10337082211324097,0.11337308861590874,0.0407996047930239,0.06938802762151501,0.07238650495511476,0.052145653627697554,0.047407941939750196,0.2072525827849518,0.14950518877923144
22,22.0,22.0,0.17804338190970675,0.11037188952118653,0.11813271563391056,0.03279819780190456,0.08206721465452092,0.06656443070984516,0.03596048895137248,0.06712128756043803,0.19618137742571154,0.1127590158314032
23,23.0,23.0,0.1587281076755607,0.09264265988556383,0.12214022179285271,0.03699178844383744,0.06583858249969884,0.07117330370684659,0.05062785730703866,0.07116476757388492,0.20118145096987047,0.12951126014484557
24,24.0,24.0,0.1600908874776483,0.13407214839234377,0.0993778416483587,0.04275291672337496,0.05477356878902727,0.05709921146027348,0.032934910125843084,0.09534584518874835,0.2096845121751397,0.11386815801924202
25,25.0,25.0,0.14174210403312534,0.11253889613501382,0.11900434660311929,0.03743921938468671,0.040331598421802874,0.08535036700727457,0.049208862591727506,0.08182813072663964,0.2020077909831231,0.13054868411348694
26,26.0,26.0,0.1789164060510496,0.10095933979628138,0.12011178473857001,0.030000000000000006,0.033581556333905915,0.08871229853868098,0.06878511380320104,0.03259057146952123,0.23848563374761528,0.10785729552117436
27,27.0,27.0,0.1406126636269273,0.11357856657360632,0.09837763519929706,0.06833916170515748,0.08486441680909684,0.05328025789214873,0.031913308668681376,0.051911679503551064,0.2245739229986304,0.13254838702290328
28,28.0,28.0,0.15396926596854832,0.08457313809455375,0.11815496848904301,0.06264275464273514,0.058813709113748336,0.08533843976489668,0.05103474284371514,0.031929663353103335,0.22582859601439487,0.12771472171526116
29,29.0,29.0,0.151594969470318,0.09035685270228631,0.07578701351840478,0.0569481141833544,0.07912842321171934,0.07504921885333779,0.045297620219240275,0.06662544720720821,0.2295432223022645,0.12966911833186606
30,30.0,30.0,0.1803256465251346,0.10534798374173357,0.14518352947308752,0.044486083218070904,0.04407261998538022,0.0569939976083062,0.03316883070395301,0.033053199048274015,0.23426477437804843,0.12310333531801129
31,31.0,31.0,0.17995668525968084,0.06947811923448224,0.13606654732161974,0.0355401277422938,0.030000000000000006,0.0523569520624231,0.030000000000000006,0.030000000000000006,0.3054812861944636,0.1311202821850365
32,32.0,32.0,0.19308475638873462,0.07102976126153973,0.11898466425844026,0.036512970941424513,0.04001495154815038,0.05051141805685853,0.030000000000000006,0.036828376055557076,0.2813574419236366,0.14167565956565814
33,33.0,33.0,0.16135048018764908,0.10401067149538427,0.09964031200537986,0.04179417122040073,0.05586156070876756,0.030000000000000006,0.030000000000000006,0.030000000000000006,0.2604221046882552,0.18692069969416306
34,34.0,34.0,0.1807180867154195,0.12158225900374223,0.05494835336528253,0.04000135404613605,0.030000000000000006,0.07979151401330412,0.030000000000000006,0.06085439007099643,0.2955030527204209,0.10660099006469817
35,35.0,35.0,0.12243539363727356,0.1388277436594679,0.08573393298081584,0.030000000000000006,0.08509807593216744,0.05968610268718509,0.030000000000000006,0.03197127569698677,0.28241332713950773,0.13383414826659554
36,36.0,36.0,0.2272784855091426,0.059978616195251466,0.09206224428371343,0.04062666946001153,0.04756770414799229,0.04380199718056458,0.030000000000000006,0.030000000000000006,0.3114479627799057,0.11723632044341828
37,37.0,37.0,0.17395458094719626,0.061796865907457865,0.08766400899819904,0.0750234565236437,0.04662993282301888,0.10984631483220726,0.030000000000000006,0.030000000000000006,0.2807103311919326,0.10437450877634422
38,38.0,38.0,0.13609199698872007,0.040497355842404825,0.12043616885590942,0.03559463360517871,0.12203800036779977,0.07559772702589133,0.030000000000000006,0.030000000000000006,0.2568028194162683,0.15294129789782737
39,39.0,39.0,0.1722373143221723,0.12816956298186294,0.12285086862188474,0.030000000000000006,0.043412597867887995,0.07778535351972501,0.030000000000000006,0.030000000000000006,0.24134437693947147,0.1241999257469953
40,40.0,40.0,0.20277594598236584,0.08164801976975901,0.09995758851069843,0.030000000000000006,0.030000000000000006,0.04650771471666902,0.030000000000000006,0.03920259801236403,0.3060437457890389,0.13386438721910449
41,41.0,41.0,0.16199005581479137,0.06656457434647452,0.11397966681018604,0.030000000000000006,0.042047760758213294,0.04268483798218046,0.030000000000000006,0.030000000000000006,0.32438755294290866,0.1583455513452455
42,42.0,42.0,0.1221115677545522,0.0759645925298436,0.1210189378621539,0.030000000000000006,0.05611158398598374,0.03407506000436396,0.030000000000000006,0.030000000000000006,0.3158501284806848,0.18486812938241767
43,43.0,43.0,0.17636844049336853,0.07734700880153342,0.13411945649976237,0.030000000000000006,0.03601616613336417,0.044702233479445,0.030000000000000006,0.04903184972679333,0.29386091389054925,0.1285539309751838
44,44.0,44.0,0.16071036864266905,0.08747259426823335,0.10029330782931782,0.030000000000000006,0.030000000000000006,0.044661740117520256,0.05409727947238252,0.04898180545836248,0.3019950228384727,0.1417878813730416
45,45.0,45.0,0.12029225237198607,0.1048350634825234,0.09834646737351066,0.04615954110034193,0.044916499477238706,0.07069125157770188,0.030000000000000006,0.03367103694874851,0.3236249551494551,0.12746293251849358
46,46.0,46.0,0.1807564498387476,0.06947654871749873,0.07142591139190514,0.030000000000000006,0.04539971563342323,0.08448937543544957,0.030000000000000006,0.030000000000000006,0.30375673176041856,0.15469526722255691
47,47.0,47.0,0.12838373134032552,0.11197793932358113,0.09945598724542694,0.030000000000000006,0.030000000000000006,0.11910235538835505,0.030000000000000006,0.030000000000000006,0.26938512305950757,0.15169486364280366
48,48.0,48.0,0.15531842361861153,0.0877925715958326,0.08971457961226012,0.030000000000000006,0.052073562959291275,0.05352861914222303,0.030000000000000006,0.030000000000000006,0.370577896431992,0.10099434663978926
49,49.0,49.0,0.17068771953276857,0.10607327898017678,0.08916146006910988,0.03491638893685804,0.030000000000000006,0.04402260803070675,0.03581027783446859,0.04436164301119835,0.30727594442224143,0.13769067918247146
50,50.0,50.0,0.1646980445798512,0.06707857697080297,0.12963733859410215,0.04160744467911097,0.030000000000000006,0.051994966826813094,0.030000000000000006,0.03405330479157218,0.26617882881564764,0.18475149474209956
51,51.0,51.0,0.16602634582139558,0.08914677988432573,0.13439610672178484,0.05552585417913133,0.030000000000000006,0.04529243065884767,0.030000000000000006,0.030000000000000006,0.2839340084356883,0.13567847429882643
52,52.0,52.0,0.18408336275168907,0.10041736384053439,0.11193877032394868,0.05331369499588327,0.030000000000000006,0.030000000000000006,0.030000000000000006,0.030000000000000006,0.30384664758420543,0.12640016050373898
53,53.0,53.0,0.1325527754336769,0.046033257424229646,0.2048279172828234,0.05693173090791263,0.030000000000000006,0.050002484974250846,0.030000000000000006,0.030000000000000006,0.26975755803016827,0.14989427594693822
54,54.0,54.0,0.12447226155609496,0.11806893044949782,0.12326933727600475,0.04186692874247966,0.030000000000000006,0.05984500316326833,0.030000000000000006,0.030000000000000006,0.3487133328625706,0.09376420595008368
55,55.0,55.0,0.19120679324762918,0.07189096443255336,0.1100124975710205,0.030000000000000006,0.030000000000000006,0.0620709083738966,0.030000000000000006,0.030000000000000006,0.30871408211162704,0.13610475426327315
56,56.0,56.0,0.13998893739942986,0.08415604210859567,0.09784916533490831,0.06628517379995272,0.04222580024208332,0.06310997205117251,0.030000000000000006,0.030000000000000006,0.3176863586035766,0.1286985504602809
57,57.0,57.0,0.14745327333019442,0.11653604572539908,0.16211864298565384,0.030000000000000006,0.030000000000000006,0.0328315827009578,0.030000000000000006,0.030000000000000006,0.27415320091135226,0.14690725434644247
58,58.0,58.0,0.17124688539633548,0.15264401042724224,0.11696827738294062,0.030000000000000006,0.03949735066618674,0.030000000000000006,0.030000000000000006,0.030000000000000006,0.2955253382052896,0.10411813792200517
59,59.0,59.0,0.14942584216074153,0.08082894208169045,0.09679107684850222,0.053164109963548,0.04926998638515967,0.07234554426873735,0.030000000000000006,0.06188708430007735,0.30726869230649567,0.09901872168504769
60,60.0,60.0,0.15298963089218098,0.11328583979860898,0.08138432600844481,0.038314233807219225,0.04267323267646992,0.030000000000000006,0.030000000000000006,0.030000000000000006,0.2731173290217095,0.2082354077953664
61,61.0,61.0,0.1452473249496506,0.08705974775219247,0.16523495073170824,0.030000000000000006,0.05118906108839157,0.07849990242397996,0.030000000000000006,0.043160124664282526,0.25562663781392736,0.11398225057586713
62,62.0,62.0,0.16183433741391143,0.11422103599203451,0.10410622382322379,0.04943639214372062,0.03305283439096242,0.06678240393815313,0.030000000000000006,0.04179504196508206,0.2906375111832104,0.10813421914970148
63,63.0,63.0,0.15712134827992955,0.08214336868017146,0.13780358168891546,0.06119960462173015,0.030000000000000006,0.060641570383241174,0.049541674465866235,0.030000000000000006,0.2664112189768138,0.12513763290333196
64,64.0,64.0,0.19602356899343265,0.08276181900873815,0.14864100711984457,0.030000000000000006,0.030000000000000006,0.05067149346035611,0.030000000000000006,0.030000000000000006,0.31392041615426647,0.08798169526336191
65,65.0,65.0,0.1850861809899182,0.09632930752240998,0.08439559006995634,0.04066273748304563,0.030000000000000006,0.04066273748304563,0.030000000000000006,0.030000000000000006,0.3643213777165771,0.098542068735047
66,66.0,66.0,0.1697542643315589,0.1085077509049402,0.12156076231872429,0.0321911908736877,0.030000000000000006,0.04661172471824584,0.030000000000000006,0.04232544866449334,0.29177403910969035,0.12727481907865915
67,67.0,67.0,0.20912946356090062,0.07608231167726202,0.11261057980912718,0.030000000000000006,0.030000000000000006,0.08340857897958891,0.042384735118187876,0.03409225455407257,0.2782193957478751,0.10407268055298557
68,68.0,68.0,0.20879132934167094,0.06911634087179645,0.07939535075215681,0.04155430913051224,0.030000000000000006,0.05425131632079753,0.030000000000000006,0.030000000000000006,0.29821862885646533,0.1586727247266005
69,69.0,69.0,0.16290398850501522,0.06655724346923168,0.08009647507514292,0.030000000000000006,0.030000000000000006,0.030000000000000006,0.030000000000000006,0.058773929436830796,0.3459953487551455,0.16567301475863372
70,70.0,70.0,0.17434696772806738,0.12445490127490286,0.07840448476258302,0.030000000000000006,0.05400324258596232,0.030000000000000006,0.030000000000000006,0.030000000000000006,0.3217695715087712,0.12702083213971313
71,71.0,71.0,0.15324526377699604,0.15748641498000418,0.06920980113979147,0.030000000000000006,0.034385047818188054,0.06193907644336388,0.030000000000000006,0.030000000000000006,0.32242570177112484,0.11130869407053139
72,72.0,72.0,0.19902395648207388,0.07100417846800015,0.12885197849773156,0.030000000000000006,0.030000000000000006,0.034070218944758056,0.030000000000000006,0.030000000000000006,0.3373848575948711,0.10966481001256516
73,73.0,73.0,0.1319015993095286,0.050119560243607864,0.14676881917720813,0.030000000000000006,0.030000000000000006,0.04607411715828832,0.030000000000000006,0.030000000000000006,0.3279405886119039,0.17719531549946302
74,74.0,74.0,0.18880495424286878,0.05770231866408641,0.10820037030452645,0.030000000000000006,0.030000000000000006,0.058255637288773,0.030000000000000006,0.030000000000000006,0.3062092525981276,0.16082746690161767
75,75.0,75.0,0.16586160330352473,0.04239401058691282,0.14149430165900825,0.030000000000000006,0.030000000000000006,0.06905737145274357,0.030000000000000006,0.030000000000000006,0.32105411617454727,0.1401385968232632
76,76.0,76.0,0.1733498135105127,0.08445461328667679,0.09712251373929306,0.030000000000000006,0.030000000000000006,0.06595928651525369,0.030000000000000006,0.030000000000000006,0.33313094101178053,0.1259828319364831
77,77.0,77.0,0.1637462738792802,0.13725862255227345,0.12823442372861144,0.030000000000000006,0.041367670987047446,0.030000000000000006,0.030000000000000006,0.030000000000000006,0.28611422796234137,0.1232787808904459
78,78.0,78.0,0.18117022318510073,0.16458849225647929,0.09108776674944133,0.030000000000000006,0.030000000000000006,0.050951207215282054,0.030000000000000006,0.030000000000000006,0.27804964140678845,0.11415266918690811
79,79.0,79.0,0.17542627082487333,0.11968232578768068,0.09935535575049612,0.030000000000000006,0.030000000000000006,0.035516795606398935,0.030000000000000006,0.030000000000000006,0.33750044043863137,0.1125188115919195
80,80.0,80.0,0.1866119159662156,0.10294336823947317,0.10010726626201807,0.030000000000000006,0.030000000000000006,0.062439558913875745,0.054937622652088604,0.04126528113421061,0.2554146405478223,0.13628034628429572
81,81.0,81.0,0.1552324873936904,0.08432568117737406,0.14335889570909716,0.030000000000000006,0.030000000000000006,0.031182602024020355,0.04150163252442009,0.03293178868269532,0.32491046287780223,0.1265564496109002
82,82.0,82.0,0.16110037612483108,0.10123220045079007,0.1061897088511871,0.030000000000000006,0.030000000000000006,0.030000000000000006,0.030000000000000006,0.030000000000000006,0.31519321300475794,0.1662845015684336
83,83.0,83.0,0.16910057249348945,0.0903937247260106,0.13795522291175943,0.05678107700859649,0.030000000000000006,0.043688930847297615,0.030000000000000006,0.05425833552113418,0.28607926053327926,0.10174287595843294
84,84.0,84.0,0.14201591627200652,0.08870920793211085,0.1453756251918078,0.05130496609930738,0.030000000000000006,0.05433782064670476,0.030000000000000006,0.030000000000000006,0.2674649528219371,0.1607915110361254
85,85.0,85.0,0.18122759149175574,0.09783217775692057,0.1113126092358161,0.03627964610245788,0.030000000000000006,0.03279682221529027,0.030000000000000006,0.04517581141427322,0.2920237694541162,0.14335157232936985
86,86.0,86.0,0.21151702503900163,0.1378209087315874,0.08054031942583288,0.030000000000000006,0.030000000000000006,0.030000000000000006,0.030000000000000006,0.030000000000000006,0.275303740243869,0.144818006559709
87,87.0,87.0,0.16525860569262046,0.08253166613726724,0.10881200336436432,0.04856672158154862,0.04808096328387858,0.04271649704951681,0.030000000000000006,0.030000000000000006,0.2708687965344282,0.17316474635637566
88,88.0,88.0,0.20148159669436733,0.0762022078183315,0.07477346057741732,0.04206328412957945,0.032145269234954275,0.09502528283840408,0.030000000000000006,0.030000000000000006,0.2961936396362682,0.12211525907067769
89,89.0,89.0,0.17275559813699978,0.11622398258636632,0.10608473164423382,0.030000000000000006,0.030000000000000006,0.03313004672535872,0.030000000000000006,0.030000000000000006,0.28377852905636036,0.1680271118506808
90,90.0,90.0,0.1806360469113395,0.1340330191389505,0.06352851616732617,0.030000000000000006,0.030000000000000006,0.06964086482953229,0.030000000000000006,0.030000000000000006,0.2978579765781008,0.13430357637475054
91,91.0,91.0,0.20433158732352882,0.10351957385279287,0.0828189342760107,0.030000000000000006,0.030000000000000006,0.0357879647735125,0.030000000000000006,0.030000000000000006,0.2955162385448061,0.15802570122934895
92,92.0,92.0,0.17072641010198275,0.11179885915556897,0.09679616584915787,0.05260925210894295,0.030000000000000006,0.06726885858207202,0.030000000000000006,0.030000000000000006,0.26764547426018886,0.14315497994208637
93,93.0,93.0,0.20034552123026153,0.08452367099485539,0.08703807270932347,0.03963111706083593,0.030000000000000006,0.06782242008321607,0.030000000000000006,0.030000000000000006,0.2762121981118564,0.15442699980965108
94,94.0,94.0,0.1484946210555085,0.10257314272164866,0.11013932937402456,0.030000000000000006,0.057111694928747715,0.030000000000000006,0.07739199744938627,0.030000000000000006,0.30990279687987043,0.1043864175908138
95,95.0,95.0,0.18386628092334284,0.06727691539451411,0.08200348543332728,0.06429906845402318,0.030000000000000006,0.030000000000000006,0.0354964911311267,0.030000000000000006,0.35205456463678536,0.12500319402688037
96,96.0,96.0,0.12851530632922933,0.08815628274916561,0.1163329789495613,0.0455305987123509,0.030000000000000006,0.030000000000000006,0.030000000000000006,0.030000000000000006,0.31373430390572354,0.18773052935396917
97,97.0,97.0,0.14110797741354258,0.07789928886140632,0.1200801200841621,0.030000000000000006,0.05583622508995514,0.04306857555972595,0.030000000000000006,0.030000000000000006,0.2900936101335147,0.18191420285769294
98,98.0,98.0,0.1490288466199265,0.11419191520446367,0.11476367968961747,0.030000000000000006,0.030000000000000006,0.05086218179174175,0.030000000000000006,0.030000000000000006,0.30094950328280123,0.1502038734114491
99,99.0,99.0,0.18165516583495117,0.08043591927847518,0.10751686989025866,0.030000000000000006,0.043133238414550135,0.044826516614797515,0.030000000000000006,0.030000000000000006,0.2912463080614173,0.16118598190554984
100,100.0,100.0,0.1289496567956032,0.06435237576435042,0.17417786890793266,0.030000000000000006,0.030000000000000006,0.058542257036712654,0.030000000000000006,0.030000000000000006,0.30133575782305766,0.15264208367234328
101,101.0,101.0,0.09170056915214087,0.052117621297670204,0.13200994375666614,0.030000000000000006,0.030000000000000006,0.04271918678526049,0.030000000000000006,0.030000000000000006,0.4091631038801922,0.15228957512807006
102,102.0,102.0,0.124387868907639,0.11284898230717524,0.13934799558028496,0.030000000000000006,0.030000000000000006,0.030000000000000006,0.030000000000000006,0.030000000000000006,0.32370600202245275,0.1497091511824479
103,103.0,103.0,0.27891222696520923,0.07335552241572971,0.07367411132605858,0.030000000000000006,0.030000000000000006,0.053719916288803626,0.030000000000000006,0.030000000000000006,0.294698882317111,0.10563934068708766
104,104.0,104.0,0.13666425295800408,0.04880238280563456,0.13252895493040823,0.030000000000000006,0.05327903688329797,0.07435466524821882,0.030000000000000006,0.030000000000000006,0.27973616881494634,0.18463453835948979
105,105.0,105.0,0.17524873770106056,0.083912318650219,0.04967124204074722,0.030000000000000006,0.045151423749894545,0.03743662830332319,0.030000000000000006,0.030000000000000006,0.31887634835950085,0.19970330119525453
106,106.0,106.0,0.1584043507458436,0.05778771871633931,0.12684901367766344,0.030000000000000006,0.030000000000000006,0.030000000000000006,0.030000000000000006,0.04247472520864469,0.3285076733403366,0.16597651831117216
107,107.0,107.0,0.21441568762803537,0.053728946588159576,0.12907202802095846,0.030000000000000006,0.038110908041284655,0.05230418640170935,0.030000000000000006,0.030000000000000006,0.2891036787372266,0.13326456458262587
108,108.0,108.0,0.1362235924909255,0.09214585537485921,0.1174364223158096,0.06241683838034322,0.030000000000000006,0.058578294552639375,0.030000000000000006,0.030000000000000006,0.28363225372340617,0.1595667431620167
109,109.0,109.0,0.13146066855399882,0.13392670957586522,0.09866290759146196,0.030000000000000006,0.030000000000000006,0.030000000000000006,0.030000000000000006,0.030000000000000006,0.32279099501021313,0.16315871926846068
110,110.0,110.0,0.1656444059965662,0.06475216847988303,0.08526732372169504,0.030000000000000006,0.042144129268796925,0.06431581779053085,0.030000000000000006,0.030000000000000006,0.3387730540039763,0.14910310073855151
111,111.0,111.0,0.12708821325285244,0.09755542276138848,0.11030472167344518,0.030000000000000006,0.030000000000000006,0.05548061869040566,0.030000000000000006,0.030000000000000006,0.32696149353693665,0.16260953008497145
112,112.0,112.0,0.16462299285569942,0.13958172648075806,0.10059014584109438,0.030000000000000006,0.030000000000000006,0.03174874374514647,0.030000000000000006,0.030000000000000006,0.30925371453834627,0.1342026765389552
113,113.0,113.0,0.11735317433326546,0.08806853310071452,0.12427626224354374,0.030000000000000006,0.04651897297564026,0.030000000000000006,0.030000000000000006,0.04032435810977516,0.37525351520379324,0.11820518403326755
114,114.0,114.0,0.14187072234546858,0.11988121463566723,0.09808890730911038,0.030000000000000006,0.03545211598340263,0.07856535096033185,0.030000000000000006,0.030000000000000006,0.313648374696092,0.12249331406992721
115,115.0,115.0,0.11778223640661908,0.07189995995832528,0.11360906077104589,0.030000000000000006,0.041994230314731706,0.03255876913380943,0.030000000000000006,0.030000000000000006,0.36672483516831245,0.165430908247156
116,116.0,116.0,0.1941348733328832,0.10405184568827128,0.055434949882894935,0.030000000000000006,0.030000000000000006,0.08220705498207788,0.030000000000000006,0.030000000000000006,0.2806109073350599,0.16356036877881275
117,117.0,117.0,0.18230531152232915,0.06753198558487719,0.08778120356576254,0.07424831391900538,0.030000000000000006,0.0335117250104933,0.08727272727272727,0.030000000000000006,0.24637632811969223,0.16097240500511276
118,118.0,118.0,0.16748934285683476,0.152943006477481,0.09811184660823177,0.04194941045301159,0.030000000000000006,0.05484360172076015,0.030000000000000006,0.030000000000000006,0.27588826657225507,0.11877452531142549
119,119.0,119.0,0.10956938008834394,0.1266265046082873,0.08522656418683283,0.030000000000000006,0.030000000000000006,0.030000000000000006,0.030000000000000006,0.030000000000000006,0.34727183741844836,0.18130571369808743
120,120.0,120.0,0.13718293433879414,0.11345537909719887,0.10208172188343316,0.030000000000000006,0.030000000000000006,0.04364663558508876,0.030000000000000006,0.030000000000000006,0.3309327461388124,0.15270058295667252
121,121.0,121.0,0.15159508945579286,0.12001647957358026,0.08488609944888081,0.030000000000000006,0.030000000000000006,0.06429484334782994,0.05134781672238784,0.030000000000000006,0.2895124975619307,0.1483471738895974
122,122.0,122.0,0.17600207227047096,0.07751543213787923,0.0792191380331104,0.030000000000000006,0.030000000000000006,0.04245988997900615,0.030000000000000006,0.030000000000000006,0.3702953542417068,0.13450811333782636
123,123.0,123.0,0.17796529133161812,0.09911095328533395,0.09928986692243427,0.030000000000000006,0.030000000000000006,0.030000000000000006,0.030000000000000006,0.030000000000000006,0.286906584239056,0.1867273042215575
124,124.0,124.0,0.13344582227008114,0.1250206292026979,0.12566026177375636,0.051495239315144534,0.030000000000000006,0.044141623744048064,0.030000000000000006,0.030000000000000006,0.31198994183765744,0.11824648185661435
125,125.0,125.0,0.1736629718370853,0.06835004871018399,0.1152121854462187,0.030000000000000006,0.030000000000000006,0.030000000000000006,0.030000000000000006,0.030000000000000006,0.30944121463933144,0.18333357936718042
126,126.0,126.0,0.11081258191979196,0.08725689998550218,0.1093149952144448,0.030000000000000006,0.030000000000000006,0.04491968189402151,0.030000000000000006,0.030000000000000006,0.3497104935558996,0.1779853474303399
127,127.0,127.0,0.1517596689098267,0.059939914790240786,0.08142001776558772,0.030000000000000006,0.030000000000000006,0.030000000000000006,0.030000000000000006,0.030000000000000006,0.4089934821016,0.1478869164327446
128,128.0,128.0,0.11561903520818961,0.13690340980648016,0.10933036479690739,0.030000000000000006,0.030000000000000006,0.030000000000000006,0.030000000000000006,0.030000000000000006,0.355036370578585,0.13311081960983764
129,129.0,129.0,0.1022267150321016,0.12785952562939634,0.10792348273241074,0.0533050205574929,0.030000000000000006,0.030000000000000006,0.030000000000000006,0.030000000000000006,0.34965579754382514,0.13902945850477313
130,130.0,130.0,0.12340347402088628,0.13872299988760717,0.09402054360528554,0.030000000000000006,0.030000000000000006,0.030000000000000006,0.030000000000000006,0.030000000000000006,0.32069938971501244,0.17315359277120845
131,131.0,131.0,0.12655186331913373,0.12123964825911596,0.06629256939780344,0.030000000000000006,0.030000000000000006,0.030000000000000006,0.030000000000000006,0.030000000000000006,0.30011188726449534,0.23580403175945142
132,132.0,132.0,0.16111378045017893,0.11829613657379431,0.08845876353759767,0.030000000000000006,0.030000000000000006,0.030000000000000006,0.030000000000000006,0.030000000000000006,0.34408750513887854,0.13804381429955034
133,133.0,133.0,0.18147862897233066,0.15778691495507421,0.045619709708689074,0.030000000000000006,0.030000000000000006,0.030000000000000006,0.030000000000000006,0.030000000000000006,0.33551953888940744,0.12959520747449843
134,134.0,134.0,0.1487610701465787,0.08787845943177841,0.13142863900174273,0.030000000000000006,0.030000000000000006,0.030000000000000006,0.030000000000000006,0.030000000000000006,0.3653951064139229,0.11653672500597712
135,135.0,135.0,0.20530369546879687,0.06885346429390844,0.07409200610085977,0.057662488658188536,0.05599069412084566,0.030000000000000006,0.030000000000000006,0.030000000000000006,0.2836920869304456,0.16440556442695495
136,136.0,136.0,0.1209777144153256,0.13585004311994092,0.05379559413076014,0.06159352512435244,0.04343451402159905,0.04791268536213207,0.030000000000000006,0.030000000000000006,0.30674909701262415,0.16968682681326558
137,137.0,137.0,0.1319258304385041,0.13266817049209303,0.05246004093139826,0.030000000000000006,0.033128506433107885,0.03274801240745963,0.030000000000000006,0.030000000000000006,0.33145399846591506,0.19561544083152194
138,138.0,138.0,0.20665585922848645,0.08988290254603781,0.034275167580610735,0.030000000000000006,0.06409731589191146,0.030000000000000006,0.030000000000000006,0.030000000000000006,0.3522116441386967,0.13287711061425675
139,139.0,139.0,0.1836913962125582,0.15181131026757025,0.09149257471903749,0.030000000000000006,0.030000000000000006,0.030000000000000006,0.030000000000000006,0.030000000000000006,0.3199277635109879,0.10307695528984613
140,140.0,140.0,0.16759035807999906,0.125274330868013,0.08543334332249376,0.030000000000000006,0.030000000000000006,0.04186627508681641,0.030000000000000006,0.030000000000000006,0.2900972789174271,0.16973841372525053
141,141.0,141.0,0.16869518313666979,0.14318701406509388,0.051044398249237066,0.04231975153442284,0.05036380847865725,0.06219537632539544,0.030000000000000006,0.030000000000000006,0.25295907612027557,0.16923539209024807
142,142.0,142.0,0.16792604520613796,0.07726795623189209,0.11911693843956524,0.030000000000000006,0.030000000000000006,0.03364611231122701,0.030000000000000006,0.030000000000000006,0.3164167580343284,0.16562618977684915
143,143.0,143.0,0.12018225992313916,0.08860750155555841,0.13236413677812925,0.030000000000000006,0.030000000000000006,0.030000000000000006,0.030000000000000006,0.030000000000000006,0.3592164542996003,0.1496296474435727
144,144.0,144.0,0.21960386664376022,0.1293245272473526,0.15898181870249906,0.030000000000000006,0.030000000000000006,0.030000000000000006,0.030000000000000006,0.030000000000000006,0.2561687489687139,0.0859210384376741
145,145.0,145.0,0.2127191475807544,0.0741294405260621,0.11513445669958614,0.030000000000000006,0.030000000000000006,0.030000000000000006,0.030000000000000006,0.030000000000000006,0.3258031513552582,0.12221380383833894
146,146.0,146.0,0.1551332016144738,0.09054298648918857,0.0742000288670659,0.057630588633836334,0.030000000000000006,0.06244419642857143,0.030000000000000006,0.030000000000000006,0.38928570566016873,0.08076329230669513
147,147.0,147.0,0.1504356624230423,0.08300688688916077,0.09256876512664805,0.030000000000000006,0.030000000000000006,0.04395020107733466,0.030000000000000006,0.030000000000000006,0.38342723213930857,0.12661125234450551
148,148.0,148.0,0.1746588089669915,0.10690885641590267,0.1621638055573235,0.030000000000000006,0.030000000000000006,0.030000000000000006,0.030000000000000006,0.030000000000000006,0.23863428361389594,0.16763424544588623
149,149.0,149.0,0.19390572232598197,0.05408408951525399,0.1872353601660024,0.030000000000000006,0.04703599544766224,0.055952572011837745,0.030000000000000006,0.030000000000000006,0.25498000605333815,0.11680625447992343
150,150.0,150.0,0.11231407811842294,0.06236617461753443,0.23445421341829764,0.030000000000000006,0.030000000000000006,0.030000000000000006,0.030000000000000006,0.030000000000000006,0.25837234310398427,0.18249319074176057
151,151.0,151.0,0.1729571036780874,0.11048976920334175,0.16195478989409517,0.030000000000000006,0.039489046691361086,0.030000000000000006,0.030000000000000006,0.030000000000000006,0.27690641702066027,0.11820287351245418
152,152.0,152.0,0.15256756958240575,0.1422401900481322,0.1144559129093744,0.030000000000000006,0.030000000000000006,0.030000000000000006,0.030000000000000006,0.030000000000000006,0.29008957438717015,0.15064675307291736
153,153.0,153.0,0.15064341014768384,0.14817149602557936,0.09063562124931603,0.030000000000000006,0.030000000000000006,0.030000000000000006,0.030000000000000006,0.030000000000000006,0.35303729983106785,0.1075121727463529
154,154.0,154.0,0.12169730112248187,0.18782198703267464,0.09753951464779013,0.030000000000000006,0.030000000000000006,0.030000000000000006,0.030000000000000006,0.030000000000000006,0.31690863159006183,0.12603256560699144
155,155.0,155.0,0.12825156987900416,0.16168906943934996,0.11179441609475974,0.030000000000000006,0.030000000000000006,0.030000000000000006,0.030000000000000006,0.030000000000000006,0.3287991380245276,0.11946580656235839
156,156.0,156.0,0.16433960663664465,0.06621250610982662,0.09090540022091173,0.030000000000000006,0.030000000000000006,0.11288477867742934,0.030000000000000006,0.030000000000000006,0.2594497744909461,0.18620793386424145
157,157.0,157.0,0.13591605845079566,0.08879782738166941,0.08825289826009144,0.030000000000000006,0.030000000000000006,0.12027586206896553,0.030000000000000006,0.030000000000000006,0.30242634317155626,0.1443310106669216
158,158.0,158.0,0.2136096379857762,0.09053316706815623,0.20485274415554441,0.030000000000000006,0.030000000000000006,0.030000000000000006,0.030000000000000006,0.030000000000000006,0.22517127229840814,0.11583317849211494
159,159.0,159.0,0.2422086080762924,0.07637324751892298,0.07304465958494696,0.030000000000000006,0.030000000000000006,0.030000000000000006,0.030000000000000006,0.030000000000000006,0.24080306172505633,0.2175704230947812
160,160.0,160.0,0.13890775157515894,0.08824784313096116,0.13577920553337713,0.030000000000000006,0.030000000000000006,0.030000000000000006,0.030000000000000006,0.030000000000000006,0.29064476883309187,0.19642043092741066
161,161.0,161.0,0.26440692976038177,0.07012237795173944,0.11297269497130909,0.030000000000000006,0.04196078649651706,0.030000000000000006,0.030000000000000006,0.030000000000000006,0.279914816267987,0.11062239455206554
162,162.0,162.0,0.17115517796251503,0.07971245742294257,0.12632420444072046,0.030000000000000006,0.030000000000000006,0.030000000000000006,0.030000000000000006,0.030000000000000006,0.3433336534445109,0.129474506729311
163,163.0,163.0,0.19871600037681347,0.09928066343735234,0.06388251394418712,0.030000000000000006,0.030000000000000006,0.030000000000000006,0.030000000000000006,0.030000000000000006,0.36324321219344813,0.12487761004819883
164,164.0,164.0,0.21680046641623107,0.06269888425732639,0.06384595875331114,0.030000000000000006,0.030000000000000006,0.030000000000000006,0.030000000000000006,0.030000000000000006,0.3755912512667322,0.1310634393063991
165,165.0,165.0,0.2502681878941084,0.10633858783081354,0.11859854098153264,0.04065491059959222,0.030000000000000006,0.030000000000000006,0.030000000000000006,0.052570093457943945,0.24837903752318638,0.0931906417128228
166,166.0,166.0,0.26418065314275313,0.0637680563530131,0.09664147511956077,0.030000000000000006,0.030000000000000006,0.0707946047308664,0.030000000000000006,0.03635065371266498,0.27236148046276476,0.10590307647837678
167,167.0,167.0,0.23638534264421623,0.0966372863664018,0.0842829305659436,0.030000000000000006,0.030000000000000006,0.030000000000000006,0.030000000000000006,0.04349521463548238,0.27230428967687936,0.14689493611107649
168,168.0,168.0,0.25450173752685545,0.08953236154835689,0.11911400543128933,0.030000000000000006,0.030000000000000006,0.030000000000000006,0.030000000000000006,0.030000000000000006,0.2697249695284316,0.1171269259650666
169,169.0,169.0,0.16990024221835637,0.044925356726456735,0.12318425406258204,0.030000000000000006,0.030000000000000006,0.030000000000000006,0.030000000000000006,0.030000000000000006,0.37472482926268424,0.13726531772992046
170,170.0,170.0,0.2241639502784996,0.06789743253395662,0.13364780420794314,0.030000000000000006,0.030000000000000006,0.030000000000000006,0.030000000000000006,0.030000000000000006,0.29577850102793385,0.12851231195166668
171,171.0,171.0,0.1632617506596756,0.06468481285054692,0.07758106813347862,0.04984512492472646,0.05122582316903884,0.030000000000000006,0.030000000000000006,0.030000000000000006,0.3525822470618269,0.1508191732007065
172,172.0,172.0,0.16219270226280455,0.06934385624650732,0.06824283014264569,0.03673277648686739,0.06989793473699193,0.06464127836536887,0.030000000000000006,0.030000000000000006,0.36166160161705335,0.10728702014176086
173,173.0,173.0,0.1136085993408646,0.1628027318693705,0.13881850898541434,0.039824463860206515,0.030000000000000006,0.030000000000000006,0.030000000000000006,0.030000000000000006,0.2851699421451012,0.13977575379904267
174,174.0,174.0,0.11437892450335611,0.1205377492762509,0.10703400146752888,0.037175912842204985,0.030000000000000006,0.030000000000000006,0.030000000000000006,0.030000000000000006,0.32667170541229634,0.1742017064983627
175,175.0,175.0,0.13326090575964022,0.06162402879477228,0.19359455027463435,0.0524107670736864,0.030000000000000006,0.05418300653594771,0.030000000000000006,0.030000000000000006,0.30372796304506333,0.11119877851625563
176,176.0,176.0,0.13582303895242995,0.08015468714451177,0.08743439462008312,0.030000000000000006,0.030000000000000006,0.08458589333988695,0.030000000000000006,0.030000000000000006,0.3497814347971471,0.14222055114594107
177,177.0,177.0,0.22372088122605155,0.08087121600088296,0.04813003190034939,0.05969591498973599,0.030000000000000006,0.038659793814432984,0.030000000000000006,0.030000000000000006,0.38412293413284293,0.07479922793570407
178,178.0,178.0,0.22149810868668257,0.037067273491584486,0.04639164069456812,0.030000000000000006,0.030000000000000006,0.03402164862614489,0.030000000000000006,0.030000000000000006,0.4353871518760982,0.10563417662492162
179,179.0,179.0,0.18348224687525957,0.22778792060638203,0.11539137721329171,0.030000000000000006,0.030000000000000006,0.06515555555555555,0.030000000000000006,0.030000000000000006,0.20861866914117835,0.0795642306083327
180,180.0,180.0,0.11930565289953998,0.08325583726128327,0.09766781094026057,0.030000000000000006,0.030000000000000006,0.15206126078305976,0.030000000000000006,0.030000000000000006,0.27547785341126085,0.15223158470459547
181,181.0,181.0,0.16943132635919064,0.1014134284898476,0.09220897102566425,0.0422538800299916,0.030000000000000006,0.03646283177624304,0.030000000000000006,0.030000000000000006,0.29753858488711665,0.170690977431946
182,182.0,182.0,0.09835981551423409,0.08483546525120692,0.1159897239175762,0.030000000000000006,0.05356203681568252,0.06416512000835523,0.030000000000000006,0.030000000000000006,0.38854918421454177,0.10453865427840321
183,183.0,183.0,0.13481937040360548,0.06551570234595269,0.20771776248569682,0.030000000000000006,0.03309479057288377,0.03264083609482539,0.030000000000000006,0.030000000000000006,0.3248012653797062,0.11141027271732948
