,Unnamed: 0,Total_iterations,Add_vertex,Delete_vertex,Insert_inside_vertex,Delete_inside_vertex
0,0.0,0.0,0.25,0.25,0.25,0.25
1,1.0,0.10900000000000001,0.25,0.25,0.25,0.25
2,2.0,0.31601,0.25,0.25,0.25,0.25
3,3.0,0.6191589000000001,0.25,0.25,0.25,0.25
4,4.0,1.015801321,0.25,0.25,0.25,0.25
5,5.0,1.50262148669,0.25,0.25,0.25,0.25
6,6.0,2.0757334209441005,0.25,0.25,0.25,0.25
7,7.0,2.7307768275633495,0.25,0.25,0.25,0.25
8,8.0,3.4630081252450404,0.25,0.25,0.25,0.25
9,9.0,4.2673862119061114,0.25,0.25,0.25,0.25
10,10.0,5.138652627782014,0.25,0.25,0.25,0.25
11,11.0,6.071405875792507,0.25,0.25,0.25,0.25
12,12.0,7.060169740244025,0.25,0.25,0.25,0.25
13,13.0,8.099455520847952,0.25,0.25,0.25,0.25
14,14.0,9.183818168183006,0.25,0.25,0.25,0.25
15,15.0,10.307906369102724,0.25,0.25,0.25,0.25
16,16.0,11.466506686239443,0.25,0.25,0.25,0.25
17,17.0,12.654581904800096,0.25,0.25,0.25,0.25
18,18.0,13.867303782456686,0.25,0.25,0.25,0.25
19,19.0,15.100080434523047,0.25,0.25,0.25,0.25
20,20.0,16.348578617037543,0.25,0.25,0.25,0.25
21,21.0,17.608741195130214,0.25,0.25,0.25,0.25
22,22.0,18.876800103462312,0.25,0.25,0.25,0.25
23,23.0,20.14928511992658,0.25,0.25,0.25,0.25
24,24.0,21.423028783545156,0.25,0.25,0.25,0.25
25,25.0,22.695167792966423,0.25,0.25,0.25,0.25
26,26.0,23.963141223515898,0.25,0.25,0.25,0.25
27,27.0,25.224685898775267,0.25,0.25,0.25,0.25
28,28.0,26.477829247520948,0.25,0.25,0.25,0.25
29,29.0,27.720879968916847,0.25,0.25,0.25,0.25
30,30.0,28.95241681848399,0.25,0.25,0.25,0.25
31,31.0,30.17127581490958,0.25,0.25,0.25,0.25
32,32.0,31.376536153543515,0.25,0.25,0.25,0.25
33,33.0,32.567505096778625,0.25,0.25,0.25,0.25
34,34.0,33.74370209472243,0.25,0.25,0.25,0.25
35,35.0,34.90484237192463,0.25,0.25,0.25,0.25
36,36.0,36.05082019768737,0.25,0.25,0.25,0.25
37,37.0,37.18169203889697,0.25,0.25,0.25,0.25
38,38.0,38.29765977559663,0.25,0.25,0.25,0.25
39,39.0,39.399054140870355,0.25,0.25,0.25,0.25
40,40.0,40.48631852820801,0.25,0.25,0.25,0.25
41,41.0,41.55999329152982,0.25,0.25,0.25,0.25
42,42.0,42.62070064560415,0.25,0.25,0.25,0.25
43,43.0,43.669130257815,0.25,0.25,0.25,0.25
44,44.0,44.70602560622662,0.25,0.25,0.25,0.25
45,45.0,45.73217116373481,0.25,0.25,0.25,0.25
46,46.0,46.748380453854836,0.25,0.25,0.25,0.25
47,47.0,47.755485010424316,0.25,0.25,0.25,0.25
48,48.0,48.7543242612326,0.25,0.25,0.25,0.25
49,49.0,49.745736344347726,0.25,0.25,0.25,0.25
50,50.0,50.730549855707864,0.25,0.25,0.25,0.25
51,51.0,51.70957651737491,0.25,0.25,0.25,0.25
52,52.0,52.68360474770151,0.25,0.25,0.25,0.25
53,53.0,53.65339410751842,0.25,0.25,0.25,0.25
54,54.0,54.61967059027847,0.25,0.25,0.25,0.25
55,55.0,55.58312271885972,0.25,0.25,0.25,0.25
56,56.0,56.544398407394254,0.25,0.25,0.25,0.25
57,57.0,57.504102543001395,0.25,0.25,0.25,0.25
58,58.0,58.462795239617805,0.25,0.25,0.25,0.25
59,59.0,59.42099071417639,0.25,0.25,0.25,0.25
60,60.0,60.379156734137354,0.25,0.25,0.25,0.25
61,61.0,61.337714584760846,0.25,0.25,0.25,0.25
62,62.0,62.29703950447439,0.25,0.25,0.25,0.25
63,63.0,63.257461537171835,0.25,0.25,0.25,0.25
64,64.0,64.21926675122782,0.25,0.25,0.25,0.25
65,65.0,65.18269877636592,0.25,0.25,0.25,0.25
66,66.0,66.14796061122655,0.25,0.25,0.25,0.25
67,67.0,67.11521665648885,0.25,0.25,0.25,0.25
68,68.0,68.08459493066005,0.25,0.25,0.25,0.25
69,69.0,69.05618942810752,0.25,0.25,0.25,0.25
70,70.0,70.03006258152917,0.25,0.25,0.25,0.25
71,71.0,71.00624779379335,0.25,0.25,0.25,0.25
72,72.0,71.98475200689319,0.25,0.25,0.25,0.25
73,73.0,72.96555827861411,0.25,0.25,0.25,0.25
74,74.0,73.94862834037681,0.25,0.25,0.25,0.25
75,75.0,74.93390511255946,0.25,0.25,0.25,0.25
76,76.0,75.92131515639825,0.25,0.25,0.25,0.25
77,77.0,76.91077104428919,0.25,0.25,0.25,0.25
78,78.0,77.90217363294813,0.25,0.25,0.25,0.25
79,79.0,78.89541422641172,0.25,0.25,0.25,0.25
80,80.0,79.89037661826481,0.25,0.25,0.25,0.25
81,81.0,80.88693900474995,0.25,0.25,0.25,0.25
82,82.0,81.88497576253909,0.25,0.25,0.25,0.25
83,83.0,82.88435908692391,0.25,0.25,0.25,0.25
84,84.0,83.88496048800103,0.25,0.25,0.25,0.25
85,85.0,84.88665214409042,0.25,0.25,0.25,0.25
86,86.0,85.88930811312994,0.25,0.25,0.25,0.25
87,87.0,86.89280540413424,0.25,0.25,0.25,0.25
88,88.0,87.89702491199675,0.25,0.25,0.25,0.25
89,89.0,88.90185221995306,0.25,0.25,0.25,0.25
90,90.0,89.90717827491419,0.25,0.25,0.25,0.25
91,91.0,90.91289994163006,0.25,0.25,0.25,0.25
92,92.0,91.91892044225806,0.25,0.25,0.25,0.25
93,93.0,92.92514968840067,0.25,0.25,0.25,0.25
94,94.0,93.93150451304501,0.25,0.25,0.25,0.25
95,95.0,94.93790881009448,0.25,0.25,0.25,0.25
96,96.0,95.94429358933806,0.25,0.25,0.25,0.25
97,97.0,96.9505969547639,0.25,0.25,0.25,0.25
98,98.0,97.9567640140995,0.25,0.25,0.25,0.25
99,99.0,98.96274672736057,0.25,0.25,0.25,0.25
100,100.0,99.96850370202192,0.25,0.25,0.25,0.25
101,101.0,100.97399994219691,0.25,0.25,0.25,0.25
102,102.0,101.97920655893245,0.25,0.25,0.25,0.25
103,103.0,102.98410044840509,0.25,0.25,0.25,0.25
104,104.0,103.98866394444643,0.25,0.25,0.25,0.25
105,105.0,104.99288445143917,0.25,0.25,0.25,0.25
106,106.0,105.99675406321822,0.25,0.25,0.25,0.25
107,107.0,107.0002691731872,0.25,0.25,0.25,0.25
108,108.0,108.0034300804274,0.25,0.25,0.25,0.25
109,109.0,109.00624059613932,0.25,0.25,0.25,0.25
110,110.0,110.00870765431864,0.25,0.25,0.25,0.25
111,111.0,111.01084093013685,0.25,0.25,0.25,0.25
112,112.0,112.01265246907188,0.25,0.25,0.25,0.25
113,113.0,113.01415632942268,0.25,0.25,0.25,0.25
114,114.0,114.01536824044418,0.25,0.25,0.25,0.25
115,115.0,115.01630527795908,0.25,0.25,0.25,0.25
116,116.0,116.0169855589429,0.25,0.25,0.25,0.25
117,117.0,117.01742795623892,0.25,0.25,0.25,0.25
118,118.0,118.01765183424293,0.25,0.25,0.25,0.25
119,119.0,119.01767680610413,0.25,0.25,0.25,0.25
120,120.0,120.01752251271817,0.25,0.25,0.25,0.25
121,121.0,121.01720842354362,0.25,0.25,0.25,0.25
122,122.0,122.01675365905109,0.25,0.25,0.25,0.25
123,123.0,123.0161768344173,0.25,0.25,0.25,0.25
124,124.0,124.01549592390272,0.25,0.25,0.25,0.25
125,125.0,125.01472814520056,0.25,0.25,0.25,0.25
126,126.0,126.01388986291661,0.25,0.25,0.25,0.25
127,127.0,127.0129965102319,0.25,0.25,0.25,0.25
128,128.0,128.01206252771334,0.25,0.25,0.25,0.25
129,129.0,129.0111013181695,0.25,0.25,0.25,0.25
130,130.0,130.01012521639834,0.25,0.25,0.25,0.25
131,131.0,131.0091454726403,0.25,0.25,0.25,0.25
132,132.0,132.0081722485317,0.25,0.25,0.25,0.25
133,133.0,133.00721462434865,0.25,0.25,0.25,0.25
134,134.0,134.0062806163404,0.25,0.25,0.25,0.25
135,135.0,135.00537720296956,0.25,0.25,0.25,0.25
136,136.0,136.00451035890612,0.25,0.25,0.25,0.25
137,137.0,137.00368509565993,0.25,0.25,0.25,0.25
138,138.0,138.0029055077818,0.25,0.25,0.25,0.25
139,139.0,139.00217482361367,0.25,0.25,0.25,0.25
140,140.0,140.0014954596262,0.25,0.25,0.25,0.25
141,141.0,141.00086907744122,0.25,0.25,0.25,0.25
142,142.0,142.0002966427003,0.25,0.25,0.25,0.25
143,143.0,142.99977848500652,0.25,0.25,0.25,0.25
144,144.0,143.99931435823203,0.25,0.25,0.25,0.25
145,145.0,144.99890350055264,0.25,0.25,0.25,0.25
146,146.0,145.9985446936357,0.25,0.25,0.25,0.25
147,147.0,146.99823632047406,0.25,0.25,0.25,0.25
148,148.0,147.99797642142389,0.25,0.25,0.25,0.25
149,149.0,148.99776274806447,0.25,0.25,0.25,0.25
150,150.0,149.99759281456036,0.25,0.25,0.25,0.25
151,151.0,150.99746394626104,0.25,0.25,0.25,0.25
152,152.0,151.99737332532905,0.25,0.25,0.25,0.25
153,153.0,152.99731803323698,0.25,0.25,0.25,0.25
154,154.0,153.99729509002177,0.25,0.25,0.25,0.25
155,155.0,154.99730149022784,0.25,0.25,0.25,0.25
156,156.0,155.99733423551103,0.25,0.25,0.25,0.25
157,157.0,156.99739036391077,0.25,0.25,0.25,0.25
158,158.0,157.99746697583146,0.25,0.25,0.25,0.25
159,159.0,158.99756125680176,0.25,0.25,0.25,0.25
160,160.0,159.997670497107,0.25,0.25,0.25,0.25
161,161.0,160.99779210841066,0.25,0.25,0.25,0.25
162,162.0,161.99792363749984,0.25,0.25,0.25,0.25
163,163.0,162.9980627773051,0.25,0.25,0.25,0.25
164,164.0,163.9982073753568,0.25,0.25,0.25,0.25
165,165.0,164.99835543984977,0.25,0.25,0.25,0.25
166,166.0,165.99850514349492,0.25,0.25,0.25,0.25
167,167.0,166.99865482534062,0.25,0.25,0.25,0.25
168,168.0,167.99880299074837,0.25,0.25,0.25,0.25
169,169.0,168.99894830970783,0.25,0.25,0.25,0.25
170,170.0,169.99908961367427,0.25,0.25,0.25,0.25
171,171.0,170.99922589110733,0.25,0.25,0.25,0.25
172,172.0,171.99935628188598,0.25,0.25,0.25,0.25
173,173.0,172.99948007076793,0.25,0.25,0.25,0.25
174,174.0,173.99959668005403,0.25,0.25,0.25,0.25
175,175.0,174.99970566161096,0.25,0.25,0.25,0.25
176,176.0,175.9998066883961,0.25,0.25,0.25,0.25
177,177.0,176.99989954561875,0.25,0.25,0.25,0.25
178,178.0,177.99998412166295,0.25,0.25,0.25,0.25
179,179.0,179.00006039888612,0.25,0.25,0.25,0.25
180,180.0,180.0001284443981,0.25,0.25,0.25,0.25
181,181.0,181.00018840091488,0.25,0.25,0.25,0.25
182,182.0,182.00024047777083,0.25,0.25,0.25,0.25
183,183.0,183.0002849421635,0.25,0.25,0.25,0.25
184,184.0,184.00032211069524,0.25,0.25,0.25,0.25
185,185.0,185.00035234126688,0.25,0.25,0.25,0.25
186,186.0,186.00037602536867,0.25,0.25,0.25,0.25
187,187.0,187.0003935808066,0.25,0.25,0.25,0.25
188,188.0,188.00040544489266,0.25,0.25,0.25,0.25
189,189.0,189.0004120681212,0.25,0.25,0.25,0.25
190,190.0,190.00041390834568,0.25,0.25,0.25,0.25
191,191.0,191.00041142546425,0.25,0.25,0.25,0.25
192,192.0,192.00040507661635,0.25,0.25,0.25,0.25
193,193.0,193.00039531188708,0.25,0.25,0.25,0.25
194,194.0,194.00038257051185,0.25,0.25,0.25,0.25
195,195.0,195.00036727756904,0.25,0.25,0.25,0.25
196,196.0,196.0003498411448,0.25,0.25,0.25,0.25
197,197.0,197.00033064995154,0.25,0.25,0.25,0.25
198,198.0,198.0003100713781,0.25,0.25,0.25,0.25
199,199.0,199.00028844994821,0.25,0.25,0.25,0.25
200,200.0,200.00026610616183,0.2526527956040366,0.25254154667333817,0.24480712109301167,0.2499985366296136
201,201.0,201.00024333569246,0.2552790632520328,0.25505767787994293,0.23966617097509324,0.2499970878929311
202,202.0,202.0002204089131,0.2578551930631127,0.2575257738544216,0.23462336626851688,0.24999566681394886
203,203.0,203.00019757072255,0.26036043752285715,0.259925957160242,0.22971932047921415,0.2499942848376867
204,204.0,204.00017504064385,0.26277683272180224,0.2622410172312118,0.22498919817335072,0.2499929518736353
205,205.0,205.0001530131666,0.2650890996340385,0.2644563157901063,0.2204629082256413,0.24999167635021402
206,206.0,206.00013165830538,0.2672845284191144,0.2665596760025441,0.21616533029974758,0.2499904652785941
207,207.0,207.00011112234722,0.2693528486018952,0.2685412581010465,0.21211656897274692,0.2499893243243116
208,208.0,208.00009152876143,0.27128608784078256,0.270393424076022,0.20833223019802,0.24998825788517556
209,209.0,209.0000729792466,0.27307842183777703,0.2721105938800736,0.20482371510808675,0.24998726917406275
210,210.0,210.00005555489076,0.274726017777098,0.27368909543225306,0.20159852648536714,0.24998636030528193
211,211.0,211.00003931742162,0.27622687350511954,0.2751270105422259,0.19866058356936697,0.24998553238328775
212,212.0,212.0000243105252,0.2775806544856914,0.27642401870311295,0.19601054121857434,0.24998478559262147
213,213.0,213.00001056121314,0.2787885303837528,0.27758124052821403,0.19364610979997637,0.24998411928805697
214,214.0,213.99999808122018,0.2798530129485742,0.27860108243285664,0.19156237253453962,0.2499835320840297
215,215.0,214.9999868684143,0.2807777966878313,0.27948708399004024,0.1897520973796023,0.24998302194252622
216,216.0,215.99997690820487,0.2815676036466881,0.2802437692189389,0.18820604087566387,0.2499825862587092
217,217.0,216.99996817493434,0.282228033433596,0.2808765029000921,0.1869132417226638,0.24998222194364814
218,218.0,217.9999606332415,0.28276541946788075,0.2813913528514629,0.18586130217703828,0.24998192550361806
219,219.0,218.99995423938554,0.2831866922644619,0.2817949589465158,0.18503665567350608,0.24998169311551618
220,220.0,219.9999489425213,0.283499250419144,0.2820944095099321,0.1844248193728932,0.2499815206980307
221,221.0,220.99994468591828,0.28371083981457007,0.2822971255892412,0.18401063061791384,0.2499814039782748
222,222.0,221.9999414081164,0.2838294414327115,0.28241075347206085,0.18377846654155447,0.2499813385536731
223,223.0,222.99993904401353,0.2838631680351153,0.28244306569921174,0.18371244631671665,0.2499813199489562
224,224.0,223.99993752588082,0.2838201698573313,0.28240187071398926,0.1837966157604966,0.24998134366818278
225,225.0,224.99993678430258,0.283708549359156,0.2822949311874829,0.18401511421159478,0.24998140524176624
226,226.0,225.99993674903914,0.28353628497761035,0.28212989096908614,0.18435232378476835,0.24998150026853505
227,227.0,226.99993734981166,0.28331116374484683,0.281914210530172,0.18479300127207804,0.249981624452903
228,228.0,227.9999385170088,0.2830407225583148,0.2816551106971814,0.18532239310723717,0.2499817736372665
229,229.0,228.99994018231612,0.2827321978252565,0.2813595244078519,0.18592633393710917,0.24998194382978234
230,230.0,229.99994227926956,0.28239248314765514,0.2810340561707106,0.18659132945392404,0.24998213122771012
231,231.0,230.99994474373494,0.282028094666741,0.2806849488629102,0.18730462423381936,0.24998233223652938
232,232.0,231.9999475143165,0.28164514364765453,0.2803180574645945,0.1880542554026881,0.24998254348506277
233,233.0,232.9999505326967,0.28124931585440377,0.2799388292987982,0.18882909300994427,0.24998276183685356
234,234.0,233.9999537439119,0.28084585724233774,0.27955229032392737,0.18961886803567654,0.2499829843980581
235,235.0,234.99995709656648,0.2804395654794586,0.2791630370106382,0.19041418898777998,0.24998320852212297
236,236.0,235.99996054298992,0.28003478679847643,0.27877523332590537,0.19120654806409645,0.24998343181152147
237,237.0,236.99996403934114,0.2796354176780114,0.2783926123437206,0.1919883178614415,0.24998365211682627
238,238.0,237.99996754566382,0.2792449108532164,0.27801848200365087,0.19275273960973877,0.2499838675333937
239,239.0,238.9999710258976,0.2788662851627724,0.27765573454488546,0.19349390389641008,0.2499840763959318
240,240.0,239.999974447849,0.27850213875014873,0.2773068591538816,0.19420672482475132,0.24998427727121814
241,241.0,240.99997778312678,0.2781546651516896,0.27697395737777303,0.1948869085213121,0.24998446894922502
242,242.0,241.9999810070455,0.2778256718219631,0.2766587608728315,0.19553091687230484,0.24998465043290033
243,243.0,242.99998409850193,0.2775166006673933,0.27636265107698954,0.19613592732877644,0.24998482092684043
244,244.0,243.9999870398277,0.2772285501820102,0.2760866804172957,0.19669978957561426,0.2499849798250795
245,245.0,244.9999898166226,0.276962298803749,0.2758315946867322,0.19722097981131334,0.24998512669820522
246,246.0,245.99999241757178,0.27671832913568006,0.27559785624969146,0.19769855333463054,0.24998526127999768
247,247.0,246.99999483425034,0.2764968527034649,0.2753856677611917,0.19813209608157087,0.24998538345377228
248,248.0,247.99999706091853,0.27629783494784027,0.27519499611126386,0.19852167570230264,0.24998549323859307
249,249.0,248.9999990943107,0.2761210201787033,0.27502559633254997,0.19886779271323937,0.2499855907755072
250,250.0,250.00000093342055,0.27596595624509673,0.27487703523571577,0.1991713322052512,0.2499856763139362
251,251.0,251.00000257928522,0.27583201870280344,0.27474871456354166,0.1994335165353105,0.2499857501983443
252,252.0,252.0000040347706,0.2757184342881151,0.27463989348028334,0.19965585937631192,0.2499858128552895
253,253.0,253.00000530435972,0.2756243035324181,0.2745497102378819,0.19984012144875127,0.24998586478094867
254,254.0,254.00000639394634,0.2755486223773703,0.27447720288467553,0.1999882682087603,0.24998590652919378
255,255.0,255.00000731063483,0.27549030267445723,0.2744213289052769,0.20010242971998202,0.2499859387002838
256,256.0,256.00000806254815,0.27544819147549454,0.2743809837020991,0.2001848628921829,0.24998596193022335
257,257.0,257.0000086586446,0.27542108904207685,0.27435501784955196,0.20023791622754303,0.24998597688082808
258,258.0,258.000009108545,0.2754077655219838,0.27434225307109783,0.20026399717639287,0.2499859842305254
259,259.0,259.0000094223699,0.2754069762590839,0.27434149690711196,0.200265542167895,0.2499859846659091
260,260.0,260.00000961058856,0.2754174757202868,0.2743515560577874,0.2002449893478691,0.2499859788740567
261,261.0,261.00000968387957,0.2754380300385702,0.2743712484001512,0.20020475402566829,0.24998596753561036
262,262.0,262.0000096530026,0.2754674281850432,0.2743994136916109,0.20014720680473203,0.24998595131861387
263,263.0,263.00000952868334,0.27550449179542214,0.27443492298434236,0.20007465434714325,0.24998593087309226
264,264.0,264.00000932150914,0.2755480836872126,0.2744766867852911,0.19998932270114309,0.24998590682635324
265,265.0,265.0000090418373,0.27559711511335555,0.2745236620056258,0.19989334310203266,0.24998587977898595
266,266.0,266.0000086997143,0.27565055180615433,0.2745748577512046,0.19978874014111414,0.24998585030152692
267,267.0,267.0000083048064,0.27570741887201533,0.2746293400120473,0.19967742218417747,0.2499858189317599
268,268.0,268.0000078663412,0.2757668046029737,0.2746862353140191,0.19956117391039388,0.2499857861726133
269,269.0,269.00000739305915,0.2758278632752102,0.27474473339998734,0.19944165083418589,0.24998575249061658
270,270.0,270.0000068931747,0.27588981700787457,0.2748040890106927,0.19932037566655797,0.24998571831487476
271,271.0,271.000006374347,0.2759519567575974,0.2748636228375544,0.19919873636832847,0.24998568403651972
272,272.0,272.0000058436586,0.2760136425251757,0.2749227217206882,0.19907798574553978,0.24998565000859635
273,273.0,273.0000053076024,0.276074302851148,0.27498083816563557,0.19895924243687574,0.24998561654634072
274,274.0,274.00000477207584,0.27613343367641524,0.27503748925176563,0.19884349314401048,0.2499855839278086
275,275.0,275.0000042423811,0.2761905966427953,0.27509225500409884,0.19873159595829282,0.24998555239481296
276,276.0,276.0000037232321,0.27624541690651305,0.2751447762984916,0.19862428464086518,0.24998552215413014
277,277.0,277.0000032187657,0.27629758053519754,0.27519475236779395,0.19852217371807282,0.24998549337893566
278,278.0,278.00000273255824,0.27634683155606526,0.27524193797382196,0.19842576425968012,0.24998546621043263
279,279.0,279.0000022676459,0.2763929687196892,0.2752861403068428,0.19833545021383106,0.24998544075963694
280,280.0,280.0000018265484,0.27643584204015753,0.2753272156708269,0.19825152517972977,0.2499854171092858
281,281.0,281.00000141129516,0.27647534916858113,0.27536506600903815,0.19817418950654248,0.24998539531583827
282,282.0,282.0000010234543,0.27651143165288017,0.2753996353206717,0.19810355761490966,0.24998537541153848
283,283.0,283.00000066416294,0.2765440711326242,0.275430906015269,0.1980396654455922,0.24998535740651462
284,284.0,284.0000003341591,0.2765732855134712,0.27545889524758765,0.19798247794805174,0.24998534129088937
285,285.0,285.00000003381405,0.2765991251615025,0.2754836512715324,0.19793189653008594,0.24998532703687912
286,286.0,285.99999976316536,0.27662166915351927,0.2755052498477012,0.19788776639791705,0.24998531460086246
287,287.0,286.99999952194986,0.2766410216152028,0.27552379073510985,0.19784988372428705,0.2499853039254002
288,288.0,287.99999930963645,0.27665730817496964,0.2755393942937604,0.19781800259007834,0.2499852949411915
289,289.0,288.99999912545803,0.27667067255741373,0.27555219822094207,0.1977918416526909,0.24998528756895314
290,290.0,289.99999896844287,0.27668127333644293,0.27556235444053,0.19777109050181646,0.24998528172121043
291,291.0,290.9999988374448,0.2766892808646085,0.27557002616108767,0.19775541567031246,0.24998527730399125
292,292.0,291.9999987311721,0.27669487439171503,0.2755753851153125,0.1977444662745569,0.24998527421841546
293,293.0,292.99999864821496,0.2766982393825974,0.2755786089902955,0.1977378792649325,0.24998527236217444
294,294.0,293.99999858707133,0.27669956504096926,0.27557987905521114,0.1977352842729224,0.24998527163089715
295,295.0,294.9999985461714,0.2766990420434979,0.2755793779904169,0.1977363080466852,0.24998527191939998
296,296.0,295.99999852389976,0.2766968604857423,0.2755772879195317,0.19774057847190607,0.24998527312281987
297,297.0,296.9999985186163,0.2766932080393086,0.2755737886438735,0.19774772817918695,0.24998527513763094
298,298.0,297.999998528675,0.27668826831752874,0.27556905607667626,0.19775739774324905,0.24998527786254596
299,299.0,298.99999855244107,0.27668221944515525,0.2755632608727657,0.1977692384827736,0.24998528119930535
300,300.0,299.9999985883061,0.27667523282597123,0.27555656724785244,0.19778291487281913,0.24998528505335715
301,301.0,300.99999863470157,0.2766674721008495,0.27554913198028574,0.1977981065844331,0.24998528933443154
302,302.0,301.9999986901105,0.27665909228763513,0.2755411035870067,0.19781451016834248,0.24998529395701552
303,303.0,302.9999987530774,0.2766502390932695,0.2755326216645193,0.1978318404014787,0.24998529884073234
304,304.0,303.99999882221687,0.27664104838781145,0.27552381638496926,0.19784983131658765,0.2499853039106315
305,305.0,304.99999889622023,0.27663164582942473,0.27551480813685836,0.19786823693632102,0.2499853090973958
306,306.0,305.99999897386107,0.2766221466289861,0.2755057072995238,0.197886831734019,0.24998531433747107
307,307.0,306.9999990539992,0.27661265544270514,0.2754966141402613,0.19790541084390817,0.24998531957312545
308,308.0,307.9999991355835,0.27660326638102883,0.2754876188228562,0.1979237900436705,0.2499853247524445
309,309.0,308.9999992176535,0.27659406312211354,0.2754788015162969,0.19794180553232105,0.24998532982926858
310,310.0,309.99999929934,0.2765851191182723,0.27547023259256437,0.19795931352608448,0.2499853347630789
311,311.0,310.9999993798645,0.2765764978840361,0.27546197290261326,0.19797618969451192,0.24998533951883878
312,312.0,311.99999945853784,0.2765682533547868,0.275454074119965,0.19799232845845266,0.24998534406679562
313,313.0,312.9999995347585,0.27656043030531824,0.27544657914171566,0.19800764217071595,0.2499853483822502
314,314.0,313.9999996080095,0.276553064818147,0.27543952253720794,0.19802206019934693,0.24998535244529818
315,315.0,314.99999967785527,0.2765461847919151,0.2754329310351127,0.1980355279324225,0.24998535624054974
316,316.0,315.99999974393796,0.2765398104807909,0.2754268240402097,0.19804800572216744,0.249985359756832
317,317.0,316.999999805973,0.2765339550563749,0.27542121417172866,0.1980594677850174,0.24998536298687907
318,318.0,317.99999986374485,0.2765286251842404,0.2754161078157123,0.19806990107303335,0.249985365927014
319,319.0,318.999999917102,0.2765238216078806,0.27541150568447426,0.19807930413081853,0.24998536857682668
320,320.0,319.99999996595244,0.2765195397334816,0.2754074033768491,0.1980876859508182,0.24998537093885118
321,321.0,321.00000001025836,0.27651577020959134,0.2754037919335518,0.19809506483861086,0.24998537301824605
322,322.0,322.0000000500311,0.27651249949639783,0.27540065838258254,0.19810146729853934,0.24998537482248034
323,323.0,323.0000000853262,0.2765097104199634,0.27539798627021816,0.19810692694879073,0.24998537636102777
324,324.0,324.00000011623854,0.2765073827073764,0.27539575617372186,0.19811148347383023,0.24998537764507153
325,325.0,325.0000001428973,0.27650549349937803,0.2753939461924718,0.19811518162092867,0.24998537868722157
326,326.0,326.00000016546124,0.2765040178375894,0.27539253241475586,0.19811807024640912,0.24998537950124575
327,327.0,327.00000018411407,0.2765029291240073,0.27539148935799773,0.19812020141617862,0.24998538010181642
328,328.0,328.00000019906054,0.27650219955094707,0.27539079038066927,0.19812162956411056,0.2499853805042732
329,329.0,329.00000021052176,0.276501800500087,0.2753904080646008,0.19812241071090936,0.24998538072440296
330,330.0,330.0000002187316,0.2765017029097157,0.27539031456682694,0.19812260174522034,0.24998538077823707
331,331.0,331.00000022393317,0.27650187760968803,0.27539048194049603,0.1981222597679492,0.24998538068186676
332,332.0,332.0000002263752,0.27650229562396994,0.27539088242472703,0.19812144150002683,0.24998538045127616
333,333.0,333.00000022630934,0.2765029284409876,0.2753914887036215,0.1981202027531976,0.2499853801021932
334,334.0,334.0000002239869,0.27650374825229734,0.2753922741349241,0.1981185979628205,0.24998537964995798
335,335.0,335.0000002196569,0.27650472816035676,0.27539321294908103,0.19811667978115408,0.24998537910940807
336,336.0,336.00000021356334,0.27650584235641035,0.2753942804196653,0.1981144987291439,0.24998537849478045
337,337.0,337.0000002059435,0.2765070662696981,0.2753954530063283,0.1981121029043445,0.24998537781962912
338,338.0,338.0000001970262,0.2765083766893638,0.2753967084715955,0.19810953774228274,0.249985377096758
339,339.0,339.00000018703037,0.27650975186057286,0.2753980259729539,0.1981068458283055,0.24998537633816778
340,340.0,340.00000017616384,0.276511171556459,0.27539938613178067,0.1981040667567441,0.24998537555501626
341,341.0,341.0000001646223,0.27651261712759556,0.2754007710807408,0.19810123703407256,0.24998537475759108
342,342.0,342.0000001525887,0.2765140715307462,0.2754021644913313,0.19809839002262863,0.24998537395529388
343,343.0,343.0000001402326,0.27651551933867796,0.2754035515832833,0.19809555592140396,0.24998537315663483
344,344.0,344.0000001277097,0.2765169467328334,0.27540491911754106,0.1980927617803889,0.24998537236923668
345,345.0,345.00000011516204,0.2765183414806486,0.27540625537453145,0.19809003154497262,0.24998537159984735
346,346.0,346.00000010271754,0.27651969289927947,0.2754075501194113,0.1980873861269494,0.24998537085435985
347,347.0,347.0000000904903,0.2765209918074581,0.27540879455594286,0.19808484349876018,0.24998537013783886
348,348.0,348.00000007858085,0.2765222304671479,0.2754099812705957,0.19808241880770344,0.24998536945455294
349,349.0,349.00000006707654,0.27652340251660096,0.275411104168411,0.1980801245069765,0.24998536880801142
350,350.0,350.00000005605193,0.27652450289634634,0.27541215840209454,0.19807797050055367,0.2499853682010053
351,351.0,351.00000004556927,0.2765255277695574,0.2754131402957226,0.19807596429906876,0.24998536763565113
352,352.0,352.00000003567914,0.2765264744381555,0.27541404726436447,0.19807411118404283,0.2499853671134372
353,353.0,353.0000000264213,0.2765273412559158,0.2754148777308323,0.1980724143779802,0.24998536663527163
354,354.0,354.00000001782496,0.27652812753974465,0.27541563104067884,0.1980708752180452,0.24998536620153128
355,355.0,355.00000000991,0.27652883348019675,0.2754163073764678,0.19806949333122442,0.24998536581211103
356,356.0,356.0000000026875,0.27652946005220536,0.27541690767224697,0.19806826680907463,0.24998536546647307
357,357.0,356.99999999616034,0.2765300089268947,0.27541743352905956,0.19806719238035025,0.24998536516369552
358,358.0,357.9999999903243,0.27653048238524985,0.27541788713223414,0.19806626557999596,0.24998536490252013
359,359.0,358.9999999851686,0.2765308832343206,0.27541827117110274,0.19806548091317833,0.24998536468139843
360,360.0,359.9999999806768,0.2765312147265448,0.2754185887617072,0.19806483201321184,0.24998536449853628
361,361.0,360.9999999768275,0.2765314804826847,0.275418843372968,0.19806431179241105,0.24998536435193636
362,362.0,361.99999997359475,0.27653168441878745,0.27541903875670687,0.1980639125850674,0.2499853642394384
363,363.0,362.9999999709494,0.2765318306774957,0.2754191788818386,0.19806362628190857,0.24998536415875722
364,364.0,363.999999968859,0.27653192356396183,0.27541926787297255,0.19806344445554774,0.24998536410751793
365,365.0,364.9999999672891,0.2765319674865454,0.2754193099535972,0.19806335847656867,0.24998536408328875
366,366.0,365.99999996620335,0.27653196690240883,0.27541930939395726,0.198063359620023,0.249985364083611
367,367.0,366.9999999655641,0.2765319262680655,0.27541927046367554,0.19806343916223282,0.24998536410602626
368,368.0,367.99999996533313,0.27653184999487945,0.2754191973891191,0.1980635884679005,0.2499853641481011
369,369.0,368.9999999654719,0.2765317424094669,0.27541909431546086,0.19806379906762359,0.2499853642074488
370,370.0,369.9999999659421,0.27653160771890456,0.27541896527334764,0.19806406272599927,0.24998536428174858
371,371.0,370.99999996670584,0.2765314499806131,0.27541881415004615,0.1980643715005786,0.2499853643687623
372,372.0,371.9999999677261,0.2765312730767483,0.2754186446649082,0.19806471779199536,0.24998536446634834
373,373.0,372.9999999689672,0.27653108069290616,0.2754184603489687,0.19806509438565165,0.24998536457247367
374,374.0,373.9999999703944,0.2765308763009228,0.27541826452846735,0.19806549448538696,0.2499853646852231
375,375.0,374.999999971975,0.27653066314553226,0.2754180603120652,0.19806591173959603,0.2499853648028067
376,376.0,375.9999999736778,0.2765304442346291,0.27541785058151647,0.1980663402602894,0.24998536492356524
377,377.0,376.99999997547354,0.2765302223328736,0.27541763798554125,0.19806677463561173,0.24998536504597363
378,378.0,377.99999997733494,0.2765299999583686,0.27541742493664195,0.19806720993634686,0.2499853651686428
379,379.0,378.9999999792368,0.276529779382134,0.2754172136106,0.19806764171694616,0.24998536529032
380,380.0,379.9999999811562,0.2765295626301052,0.2754170059483901,0.19806806601161725,0.24998536540988764
381,381.0,380.99999998307203,0.2765293514873819,0.275416803660251,0.1980684793260062,0.249985365526361
382,382.0,381.9999999849656,0.2765291475044608,0.2754166082316572,0.1980688786249974,0.24998536563888477
383,383.0,382.99999998682017,0.2765289520051908,0.27541642093094,0.19806926131714064,0.24998536574672867
384,384.0,383.9999999886211,0.2765287660961996,0.2754162428183189,0.19806962523619934,0.24998536584928227
385,385.0,384.9999999903557,0.27652859067754915,0.2754160747561105,0.19806996862029133,0.24998536594604903
386,386.0,385.99999999201333,0.2765284264543919,0.27541591741989574,0.1980702900890724,0.24998536603663998
387,387.0,386.999999993585,0.2765282739494101,0.2754157713104373,0.19807058861938578,0.2499853661207668
388,388.0,387.99999999506366,0.27652813351583605,0.27541563676615416,0.19807086351977513,0.24998536619823464
389,389.0,388.9999999964439,0.2765280053508647,0.2754155139759716,0.19807111440422898,0.2499853662689347
390,390.0,389.9999999977216,0.2765278895092855,0.2754154029923813,0.1980713411654963,0.24998536633283677
391,391.0,390.99999999889434,0.276527785917175,0.27541530374456014,0.1980715439482831,0.24998536638998162
392,392.0,391.99999999996083,0.27652769438550745,0.2754152160514093,0.19807172312260957,0.24998536644047353
393,393.0,393.0000000009211,0.27652761462355524,0.27541513963439324,0.19807187925757844,0.2499853664844729
394,394.0,394.00000000177613,0.27652754625196635,0.27541507413006866,0.19807201309577582,0.24998536652218895
395,395.0,395.0000000025279,0.2765274888154204,0.27541501910220967,0.19807212552849687,0.24998536655387285
396,396.0,396.0000000031792,0.27652744179477845,0.27541497405344834,0.198072217571962,0.249985366579811
397,397.0,397.0000000037336,0.2765274046186566,0.27541493843636244,0.19807229034466217,0.2499853666003186
398,398.0,398.0000000041952,0.276527376674364,0.2754149116639554,0.19807234504594687,0.2499853666157336
399,399.0,399.00000000456873,0.2765273573181607,0.27541489311948325,0.19807238293594479,0.24998536662641113
400,400.0,400.0000000048592,0.2726163295347682,0.27672988275512655,0.19945284804009789,0.2512009396700072
401,401.0,401.000000005072,0.2687444191597678,0.278031729325941,0.2008194945350572,0.2524043569792338
402,402.0,402.0000000052128,0.26494643355607034,0.27930872867270135,0.20216003781679254,0.25358479995443567
403,403.0,403.00000000528746,0.26125296010258237,0.2805505955243454,0.20346368277380888,0.2547327615992633
404,404.0,404.0000000053018,0.25769048231881786,0.2817484244618683,0.20472108278900802,0.25584001043030574
405,405.0,405.0000000052616,0.25428152541564214,0.282894640987307,0.20592428835641963,0.2568995452406312
406,406.0,406.00000000517286,0.25104482687402807,0.2839829441766155,0.2070666868651484,0.257905542084208
407,407.0,407.0000000050412,0.24799552784323567,0.28500824233151373,0.2081429350359753,0.2588532947892753
408,408.0,408.00000000487233,0.24514538136249064,0.2859665829738937,0.20914888542098226,0.25973915024263344
409,409.0,409.0000000046716,0.24250297364159573,0.28685507844858354,0.2100815082949012,0.26056043961491965
410,410.0,410.00000000444425,0.24007395488177485,0.2876718283176053,0.2109388101801017,0.2613154066205183
411,411.0,411.0000000041952,0.23786127637451882,0.2884158396428355,0.2117197501566036,0.2620031338260421
412,412.0,412.00000000392913,0.2358654308796437,0.2890869461654011,0.21242415501551176,0.26262346793944347
413,413.0,413.00000000365037,0.23408469355086017,0.28968572730034287,0.21305263421999654,0.2631769449288005
414,414.0,414.00000000336297,0.2325153609448469,0.29021342777507375,0.21360649554345534,0.2636647157366241
415,415.0,415.0000000030707,0.231151985915387,0.2906718786508676,0.2140876621607562,0.26408847327298934
416,416.0,416.00000000277697,0.2299876064551197,0.2910634203788601,0.2144985918763419,0.2644503812896784
417,417.0,417.0000000024848,0.22901396680172847,0.29139082845655156,0.2148421990832281,0.2647530056584921
418,418.0,418.000000002197,0.22822172937105958,0.29165724216819505,0.21512177996021592,0.2649992485005297
419,419.0,419.0000000019161,0.2276006763151475,0.291866096813279,0.21534094133152526,0.26519228554004853
420,420.0,420.0000000016441,0.22713989972707563,0.2920210597520085,0.21550353353401092,0.2653355069869053
421,421.0,421.00000000138283,0.2268279797259407,0.29212597052563166,0.2156135875625304,0.26543246218589756
422,422.0,422.00000000113386,0.22665314985306037,0.29218478524292296,0.21567525669419513,0.2654868082098219
423,423.0,423.0000000008984,0.226603449394338,0.2922015253623426,0.21569276272737392,0.26550226251594583
424,424.0,424.0000000006776,0.22666686241294495,0.29218023094248363,0.2156703469115836,0.2654825597329882
425,425.0,425.000000000472,0.2268314434309623,0.2921249183814725,0.21561222558987897,0.2654314125976867
426,426.0,426.00000000028234,0.22708542983826877,0.2920395426190344,0.2155225505260685,0.26535247701662873
427,427.0,427.00000000010874,0.2274173412318624,0.2919279637329366,0.21540537384500086,0.2652493211902005
428,428.0,427.99999999995146,0.22781606599917859,0.29179391782440595,0.21526461747521247,0.2651253987012034
429,429.0,428.99999999981037,0.22827093555517186,0.291640992054771,0.21510404694927332,0.2649840254407842
430,430.0,429.99999999968526,0.2287717867254146,0.29147260366783856,0.21492724938805785,0.26482836021868933
431,431.0,430.9999999995759,0.22930901283677943,0.29129198280920776,0.2147376154707058,0.2646613888833073
432,432.0,431.99999999948164,0.22987360413404048,0.2911021589346347,0.21453832517200444,0.26448591175932074
433,433.0,432.999999999402,0.23045717818563552,0.29090595058445934,0.21433233703307564,0.26430453419682987
434,434.0,433.9999999993363,0.2310520009756152,0.29070595828974366,0.21412238071933143,0.26411966001531
435,435.0,434.99999999928383,0.23165099940224126,0.29050456036788885,0.21391095261139087,0.26393348761847935
436,436.0,435.9999999992438,0.23224776591758284,0.29030391136082734,0.21370031416975294,0.26374800855183717
437,437.0,436.99999999921533,0.2328365560476149,0.29010594286715047,0.21349249281220378,0.2635650082730311
438,438.0,437.99999999919754,0.23341227952956814,0.28991236652045654,0.21328928504390998,0.26338606890606564
439,439.0,438.9999999991895,0.23397048579343088,0.28972467886951414,0.21309226158362893,0.26321257375342627
440,440.0,439.99999999919044,0.23450734449837354,0.28954416792125764,0.21290277423516218,0.2630457133452069
441,441.0,440.9999999991994,0.23501962181323868,0.28937192111490095,0.21272196426081302,0.2628864928110476
442,442.0,441.99999999921545,0.23550465310388544,0.2892088345043176,0.21255077202291311,0.26273574036888403
443,443.0,442.99999999923773,0.23596031265982917,0.2890556229360362,0.2123899476701966,0.26259411673393823
444,444.0,443.99999999926547,0.23638498105898076,0.2889128310215093,0.2122400626576722,0.26246212526183793
445,445.0,444.9999999992977,0.23677751073302788,0.2887808447145067,0.21210152190144604,0.2623401226510195
446,446.0,445.9999999993338,0.23713719025774052,0.2886599033173461,0.21197457638345052,0.262228330041463
447,447.0,446.9999999993729,0.237463707852805,0.2885501117530148,0.21185933603504253,0.2621268443591378
448,448.0,447.9999999994144,0.23775711453523546,0.28845145295387326,0.21175578274274742,0.262035649768144
449,449.0,448.9999999994576,0.23801778732947104,0.2883638002313939,0.2116637833338768,0.26195462910525835
450,450.0,449.9999999995019,0.23824639289638888,0.28828692950513524,0.211583102414177,0.261883575184299
451,451.0,450.9999999995468,0.23844385190305153,0.28822053128273784,0.2115134149439279,0.2618222018702829
452,452.0,451.99999999959164,0.23861130441541792,0.28816422229603955,0.21145431845288692,0.26177015483565574
453,453.0,452.99999999963615,0.23875007655779398,0.28811755671133743,0.21140534480804368,0.26172702192282504
454,454.0,453.99999999967986,0.23886164864575501,0.2880800368442789,0.21136597146122682,0.26169234304873945
455,455.0,454.9999999997224,0.2389476249638629,0.2880511233217702,0.21133563211610185,0.2616656195982653
456,456.0,455.9999999997634,0.23900970532592186,0.2880302446445813,0.2113137267659509,0.26164632326354614
457,457.0,456.99999999980275,0.23904965852391621,0.2880168061149523,0.211299631064778,0.26163390429635375
458,458.0,457.9999999998401,0.23906929774227248,0.2880101981034234,0.2112927050046971,0.26162779914960727
459,459.0,458.9999999998753,0.2390704579867709,0.28800980363829987,0.2112923008821998,0.26162743749272965
460,460.0,459.99999999990825,0.23905497555235228,0.28801500530959245,0.21129777054475274,0.26163224859330275
461,461.0,460.99999999993884,0.23902466953125248,0.2880251914869466,0.21130847191722535,0.26164166706457576
462,462.0,461.999999999967,0.23898132534235067,0.28803976185798263,0.21132377481490094,0.261655137984766
463,463.0,462.9999999999926,0.23892668024431604,0.28805813229962196,0.21134306605628245,0.26167212139977974
464,464.0,464.0000000000158,0.23886241077904222,0.28807973910038787,0.21136575389458545,0.26169209622598466
465,465.0,465.0000000000365,0.23879012207790584,0.2881040425563601,0.21139127179173478,0.26171456357399947
466,466.0,466.0000000000548,0.23871133895150456,0.2881305299674582,0.21141908156287437,0.26173904951816307
467,467.0,467.00000000007066,0.23862749867362887,0.2881587180640586,0.21144867592289374,0.26176510733941893
468,468.0,468.00000000008424,0.23853994536220496,0.2881881548966452,0.2114795804693047,0.26179231927184526
469,469.0,469.0000000000956,0.23844992585370192,0.2882184212232934,0.21151135513800406,0.2618202977850008
470,470.0,470.0000000001049,0.23835858696291265,0.2882491314313306,0.21154359517007593,0.26184868643568104
471,471.0,471.0000000001122,0.2382669740169737,0.2882799340305375,0.21157593162886235,0.2618771603236267
472,472.0,472.00000000011767,0.23817603055085942,0.2883105117558051,0.211608031507104,0.26190542618623175
473,473.0,473.0000000001214,0.2380865990512485,0.2883405813172746,0.2116395974640729,0.2619332221674043
474,474.0,474.0000000001236,0.23799942263648663,0.28836989283571113,0.21167036723232668,0.26196031729547575
475,475.0,475.00000000012426,0.2379151475622366,0.28839822900023365,0.21170011273305434,0.2619865107044756
476,476.0,476.0000000001237,0.23783432644518973,0.2884254039845883,0.21172863893800115,0.26201163063222094
477,477.0,477.00000000012193,0.23775742210079617,0.2884512621569484,0.2117557825146958,0.2620355332275598
478,478.0,478.00000000011914,0.23768481189523452,0.2884756766167897,0.21178141029019648,0.26205810119777945
479,479.0,479.0000000001154,0.2376167925166772,0.2884985475907657,0.21180541756686766,0.26207924232568963
480,480.0,480.00000000011084,0.23755358507620933,0.2885198007177232,0.2118277263218255,0.2620988878842421
481,481.0,481.0000000001057,0.23749534045442666,0.28853938525109446,0.2118482833196918,0.26211699097478725
482,482.0,482.0000000001,0.23744214481567852,0.2885572722049044,0.21186705816619705,0.2621335248132202
483,483.0,483.00000000009385,0.2373940252180489,0.28857345246757105,0.2118840413280123,0.262148480986368
484,484.0,484.0000000000874,0.23735095525340225,0.28858793490558204,0.2118992421419884,0.26216186769902755
