,Unnamed: 0,Total_iterations,Intertwine_two,Add_vertex,Delete_vertex,Invert_path_vertices,Insert_inside_vertex,Delete_inside_vertex,Replace_inside_vertex,Donate_between_routes
0,0.0,0.0,0.125,0.125,0.125,0.125,0.125,0.125,0.125,0.125
1,1.0,1.0,0.125,0.125,0.125,0.125,0.125,0.125,0.125,0.125
2,2.0,2.0,0.125,0.125,0.125,0.125,0.125,0.125,0.125,0.125
3,3.0,3.0,0.125,0.125,0.125,0.125,0.125,0.125,0.125,0.125
4,4.0,4.0,0.125,0.125,0.125,0.125,0.125,0.125,0.125,0.125
5,5.0,5.0,0.125,0.125,0.125,0.125,0.125,0.125,0.125,0.125
6,6.0,6.0,0.125,0.125,0.125,0.125,0.125,0.125,0.125,0.125
7,7.0,7.0,0.125,0.125,0.125,0.125,0.125,0.125,0.125,0.125
8,8.0,8.0,0.125,0.125,0.125,0.125,0.125,0.125,0.125,0.125
9,9.0,9.0,0.125,0.125,0.125,0.125,0.125,0.125,0.125,0.125
10,10.0,10.0,0.125,0.125,0.125,0.125,0.125,0.125,0.125,0.125
11,11.0,11.0,0.125,0.125,0.125,0.125,0.125,0.125,0.125,0.125
12,12.0,12.0,0.125,0.125,0.125,0.125,0.125,0.125,0.125,0.125
13,13.0,13.0,0.125,0.125,0.125,0.125,0.125,0.125,0.125,0.125
14,14.0,14.0,0.125,0.125,0.125,0.125,0.125,0.125,0.125,0.125
15,15.0,15.0,0.125,0.125,0.125,0.125,0.125,0.125,0.125,0.125
16,16.0,16.0,0.125,0.125,0.125,0.125,0.125,0.125,0.125,0.125
17,17.0,17.0,0.125,0.125,0.125,0.125,0.125,0.125,0.125,0.125
18,18.0,18.0,0.125,0.125,0.125,0.125,0.125,0.125,0.125,0.125
19,19.0,19.0,0.125,0.125,0.125,0.125,0.125,0.125,0.125,0.125
20,20.0,20.0,0.125,0.125,0.125,0.125,0.125,0.125,0.125,0.125
21,21.0,21.0,0.125,0.125,0.125,0.125,0.125,0.125,0.125,0.125
22,22.0,22.0,0.125,0.125,0.125,0.125,0.125,0.125,0.125,0.125
23,23.0,23.0,0.125,0.125,0.125,0.125,0.125,0.125,0.125,0.125
24,24.0,24.0,0.125,0.125,0.125,0.125,0.125,0.125,0.125,0.125
25,25.0,25.0,0.125,0.125,0.125,0.125,0.125,0.125,0.125,0.125
26,26.0,26.0,0.125,0.125,0.125,0.125,0.125,0.125,0.125,0.125
27,27.0,27.0,0.125,0.125,0.125,0.125,0.125,0.125,0.125,0.125
28,28.0,28.0,0.125,0.125,0.125,0.125,0.125,0.125,0.125,0.125
29,29.0,29.0,0.125,0.125,0.125,0.125,0.125,0.125,0.125,0.125
30,30.0,30.0,0.125,0.125,0.125,0.125,0.125,0.125,0.125,0.125
31,31.0,31.0,0.125,0.125,0.125,0.125,0.125,0.125,0.125,0.125
32,32.0,32.0,0.125,0.125,0.125,0.125,0.125,0.125,0.125,0.125
33,33.0,33.0,0.125,0.125,0.125,0.125,0.125,0.125,0.125,0.125
34,34.0,34.0,0.125,0.125,0.125,0.125,0.125,0.125,0.125,0.125
35,35.0,35.0,0.125,0.125,0.125,0.125,0.125,0.125,0.125,0.125
36,36.0,36.0,0.125,0.125,0.125,0.125,0.125,0.125,0.125,0.125
37,37.0,37.0,0.125,0.125,0.125,0.125,0.125,0.125,0.125,0.125
38,38.0,38.0,0.125,0.125,0.125,0.125,0.125,0.125,0.125,0.125
39,39.0,39.0,0.125,0.125,0.125,0.125,0.125,0.125,0.125,0.125
40,40.0,40.0,0.125,0.125,0.125,0.125,0.125,0.125,0.125,0.125
41,41.0,41.0,0.125,0.125,0.125,0.125,0.125,0.125,0.125,0.125
42,42.0,42.0,0.125,0.125,0.125,0.125,0.125,0.125,0.125,0.125
43,43.0,43.0,0.125,0.125,0.125,0.125,0.125,0.125,0.125,0.125
44,44.0,44.0,0.125,0.125,0.125,0.125,0.125,0.125,0.125,0.125
45,45.0,45.0,0.125,0.125,0.125,0.125,0.125,0.125,0.125,0.125
46,46.0,46.0,0.125,0.125,0.125,0.125,0.125,0.125,0.125,0.125
47,47.0,47.0,0.125,0.125,0.125,0.125,0.125,0.125,0.125,0.125
48,48.0,48.0,0.125,0.125,0.125,0.125,0.125,0.125,0.125,0.125
49,49.0,49.0,0.125,0.125,0.125,0.125,0.125,0.125,0.125,0.125
50,50.0,50.0,0.125,0.125,0.125,0.125,0.125,0.125,0.125,0.125
51,51.0,51.0,0.125,0.125,0.125,0.125,0.125,0.125,0.125,0.125
52,52.0,52.0,0.125,0.125,0.125,0.125,0.125,0.125,0.125,0.125
53,53.0,53.0,0.125,0.125,0.125,0.125,0.125,0.125,0.125,0.125
54,54.0,54.0,0.125,0.125,0.125,0.125,0.125,0.125,0.125,0.125
55,55.0,55.0,0.125,0.125,0.125,0.125,0.125,0.125,0.125,0.125
56,56.0,56.0,0.125,0.125,0.125,0.125,0.125,0.125,0.125,0.125
57,57.0,57.0,0.125,0.125,0.125,0.125,0.125,0.125,0.125,0.125
58,58.0,58.0,0.125,0.125,0.125,0.125,0.125,0.125,0.125,0.125
59,59.0,59.0,0.125,0.125,0.125,0.125,0.125,0.125,0.125,0.125
60,60.0,60.0,0.125,0.125,0.125,0.125,0.125,0.125,0.125,0.125
61,61.0,61.0,0.125,0.125,0.125,0.125,0.125,0.125,0.125,0.125
62,62.0,62.0,0.125,0.125,0.125,0.125,0.125,0.125,0.125,0.125
63,63.0,63.0,0.125,0.125,0.125,0.125,0.125,0.125,0.125,0.125
64,64.0,64.0,0.125,0.125,0.125,0.125,0.125,0.125,0.125,0.125
65,65.0,65.0,0.125,0.125,0.125,0.125,0.125,0.125,0.125,0.125
66,66.0,66.0,0.125,0.125,0.125,0.125,0.125,0.125,0.125,0.125
67,67.0,67.0,0.125,0.125,0.125,0.125,0.125,0.125,0.125,0.125
68,68.0,68.0,0.125,0.125,0.125,0.125,0.125,0.125,0.125,0.125
69,69.0,69.1,0.125,0.125,0.125,0.125,0.125,0.125,0.125,0.125
70,70.0,70.1,0.125,0.125,0.125,0.125,0.125,0.125,0.125,0.125
71,71.0,71.1,0.125,0.125,0.125,0.125,0.125,0.125,0.125,0.125
72,72.0,72.1,0.125,0.125,0.125,0.125,0.125,0.125,0.125,0.125
73,73.0,73.1,0.125,0.125,0.125,0.125,0.125,0.125,0.125,0.125
74,74.0,74.1,0.125,0.125,0.125,0.125,0.125,0.125,0.125,0.125
75,75.0,75.1,0.125,0.125,0.125,0.125,0.125,0.125,0.125,0.125
76,76.0,76.1,0.125,0.125,0.125,0.125,0.125,0.125,0.125,0.125
77,77.0,77.1,0.125,0.125,0.125,0.125,0.125,0.125,0.125,0.125
78,78.0,78.1,0.125,0.125,0.125,0.125,0.125,0.125,0.125,0.125
79,79.0,79.1,0.125,0.125,0.125,0.125,0.125,0.125,0.125,0.125
80,80.0,80.2,0.125,0.125,0.125,0.125,0.125,0.125,0.125,0.125
81,81.0,81.2,0.125,0.125,0.125,0.125,0.125,0.125,0.125,0.125
82,82.0,82.2,0.125,0.125,0.125,0.125,0.125,0.125,0.125,0.125
83,83.0,83.3,0.125,0.125,0.125,0.125,0.125,0.125,0.125,0.125
84,84.0,84.3,0.125,0.125,0.125,0.125,0.125,0.125,0.125,0.125
85,85.0,85.4,0.125,0.125,0.125,0.125,0.125,0.125,0.125,0.125
86,86.0,86.4,0.125,0.125,0.125,0.125,0.125,0.125,0.125,0.125
87,87.0,87.4,0.125,0.125,0.125,0.125,0.125,0.125,0.125,0.125
88,88.0,88.4,0.125,0.125,0.125,0.125,0.125,0.125,0.125,0.125
89,89.0,89.4,0.125,0.125,0.125,0.125,0.125,0.125,0.125,0.125
90,90.0,90.4,0.125,0.125,0.125,0.125,0.125,0.125,0.125,0.125
91,91.0,91.4,0.125,0.125,0.125,0.125,0.125,0.125,0.125,0.125
92,92.0,92.4,0.125,0.125,0.125,0.125,0.125,0.125,0.125,0.125
93,93.0,93.4,0.125,0.125,0.125,0.125,0.125,0.125,0.125,0.125
94,94.0,94.4,0.125,0.125,0.125,0.125,0.125,0.125,0.125,0.125
95,95.0,95.4,0.125,0.125,0.125,0.125,0.125,0.125,0.125,0.125
96,96.0,96.4,0.125,0.125,0.125,0.125,0.125,0.125,0.125,0.125
97,97.0,97.4,0.125,0.125,0.125,0.125,0.125,0.125,0.125,0.125
98,98.0,98.4,0.125,0.125,0.125,0.125,0.125,0.125,0.125,0.125
99,99.0,99.4,0.125,0.125,0.125,0.125,0.125,0.125,0.125,0.125
100,100.0,100.5,0.125,0.125,0.125,0.125,0.125,0.125,0.125,0.125
101,101.0,101.5,0.125,0.125,0.125,0.125,0.125,0.125,0.125,0.125
102,102.0,102.5,0.125,0.125,0.125,0.125,0.125,0.125,0.125,0.125
103,103.0,103.5,0.125,0.125,0.125,0.125,0.125,0.125,0.125,0.125
104,104.0,104.5,0.125,0.125,0.125,0.125,0.125,0.125,0.125,0.125
105,105.0,105.5,0.125,0.125,0.125,0.125,0.125,0.125,0.125,0.125
106,106.0,106.5,0.125,0.125,0.125,0.125,0.125,0.125,0.125,0.125
107,107.0,107.5,0.125,0.125,0.125,0.125,0.125,0.125,0.125,0.125
108,108.0,108.5,0.125,0.125,0.125,0.125,0.125,0.125,0.125,0.125
109,109.0,109.5,0.125,0.125,0.125,0.125,0.125,0.125,0.125,0.125
110,110.0,110.5,0.125,0.125,0.125,0.125,0.125,0.125,0.125,0.125
111,111.0,111.5,0.125,0.125,0.125,0.125,0.125,0.125,0.125,0.125
112,112.0,112.5,0.125,0.125,0.125,0.125,0.125,0.125,0.125,0.125
113,113.0,113.5,0.125,0.125,0.125,0.125,0.125,0.125,0.125,0.125
114,114.0,114.5,0.125,0.125,0.125,0.125,0.125,0.125,0.125,0.125
115,115.0,115.5,0.125,0.125,0.125,0.125,0.125,0.125,0.125,0.125
116,116.0,116.5,0.125,0.125,0.125,0.125,0.125,0.125,0.125,0.125
117,117.0,117.5,0.125,0.125,0.125,0.125,0.125,0.125,0.125,0.125
118,118.0,118.5,0.125,0.125,0.125,0.125,0.125,0.125,0.125,0.125
119,119.0,119.5,0.125,0.125,0.125,0.125,0.125,0.125,0.125,0.125
120,120.0,120.5,0.125,0.125,0.125,0.125,0.125,0.125,0.125,0.125
121,121.0,121.5,0.125,0.125,0.125,0.125,0.125,0.125,0.125,0.125
122,122.0,122.5,0.125,0.125,0.125,0.125,0.125,0.125,0.125,0.125
123,123.0,123.5,0.125,0.125,0.125,0.125,0.125,0.125,0.125,0.125
124,124.0,124.5,0.125,0.125,0.125,0.125,0.125,0.125,0.125,0.125
125,125.0,125.5,0.125,0.125,0.125,0.125,0.125,0.125,0.125,0.125
126,126.0,126.5,0.125,0.125,0.125,0.125,0.125,0.125,0.125,0.125
127,127.0,127.5,0.125,0.125,0.125,0.125,0.125,0.125,0.125,0.125
128,128.0,128.5,0.125,0.125,0.125,0.125,0.125,0.125,0.125,0.125
129,129.0,129.5,0.125,0.125,0.125,0.125,0.125,0.125,0.125,0.125
130,130.0,130.5,0.125,0.125,0.125,0.125,0.125,0.125,0.125,0.125
131,131.0,131.5,0.125,0.125,0.125,0.125,0.125,0.125,0.125,0.125
132,132.0,132.5,0.125,0.125,0.125,0.125,0.125,0.125,0.125,0.125
133,133.0,133.5,0.125,0.125,0.125,0.125,0.125,0.125,0.125,0.125
134,134.0,134.5,0.125,0.125,0.125,0.125,0.125,0.125,0.125,0.125
135,135.0,135.5,0.125,0.125,0.125,0.125,0.125,0.125,0.125,0.125
136,136.0,136.5,0.125,0.125,0.125,0.125,0.125,0.125,0.125,0.125
137,137.0,137.5,0.125,0.125,0.125,0.125,0.125,0.125,0.125,0.125
138,138.0,138.5,0.125,0.125,0.125,0.125,0.125,0.125,0.125,0.125
139,139.0,139.5,0.125,0.125,0.125,0.125,0.125,0.125,0.125,0.125
140,140.0,140.5,0.125,0.125,0.125,0.125,0.125,0.125,0.125,0.125
141,141.0,141.5,0.125,0.125,0.125,0.125,0.125,0.125,0.125,0.125
142,142.0,142.5,0.125,0.125,0.125,0.125,0.125,0.125,0.125,0.125
143,143.0,143.5,0.125,0.125,0.125,0.125,0.125,0.125,0.125,0.125
144,144.0,144.5,0.125,0.125,0.125,0.125,0.125,0.125,0.125,0.125
145,145.0,145.5,0.125,0.125,0.125,0.125,0.125,0.125,0.125,0.125
146,146.0,146.5,0.125,0.125,0.125,0.125,0.125,0.125,0.125,0.125
147,147.0,147.5,0.125,0.125,0.125,0.125,0.125,0.125,0.125,0.125
148,148.0,148.5,0.125,0.125,0.125,0.125,0.125,0.125,0.125,0.125
149,149.0,149.5,0.125,0.125,0.125,0.125,0.125,0.125,0.125,0.125
150,150.0,150.5,0.125,0.125,0.125,0.125,0.125,0.125,0.125,0.125
151,151.0,151.5,0.125,0.125,0.125,0.125,0.125,0.125,0.125,0.125
152,152.0,152.5,0.125,0.125,0.125,0.125,0.125,0.125,0.125,0.125
153,153.0,153.5,0.125,0.125,0.125,0.125,0.125,0.125,0.125,0.125
154,154.0,154.5,0.125,0.125,0.125,0.125,0.125,0.125,0.125,0.125
155,155.0,155.5,0.125,0.125,0.125,0.125,0.125,0.125,0.125,0.125
156,156.0,156.5,0.125,0.125,0.125,0.125,0.125,0.125,0.125,0.125
157,157.0,157.5,0.125,0.125,0.125,0.125,0.125,0.125,0.125,0.125
158,158.0,158.5,0.125,0.125,0.125,0.125,0.125,0.125,0.125,0.125
159,159.0,159.5,0.125,0.125,0.125,0.125,0.125,0.125,0.125,0.125
160,160.0,160.5,0.125,0.125,0.125,0.125,0.125,0.125,0.125,0.125
161,161.0,161.5,0.125,0.125,0.125,0.125,0.125,0.125,0.125,0.125
162,162.0,162.5,0.125,0.125,0.125,0.125,0.125,0.125,0.125,0.125
163,163.0,163.5,0.125,0.125,0.125,0.125,0.125,0.125,0.125,0.125
164,164.0,164.5,0.125,0.125,0.125,0.125,0.125,0.125,0.125,0.125
165,165.0,165.5,0.125,0.125,0.125,0.125,0.125,0.125,0.125,0.125
166,166.0,166.5,0.125,0.125,0.125,0.125,0.125,0.125,0.125,0.125
167,167.0,167.5,0.125,0.125,0.125,0.125,0.125,0.125,0.125,0.125
168,168.0,168.5,0.125,0.125,0.125,0.125,0.125,0.125,0.125,0.125
169,169.0,169.5,0.125,0.125,0.125,0.125,0.125,0.125,0.125,0.125
170,170.0,170.5,0.125,0.125,0.125,0.125,0.125,0.125,0.125,0.125
171,171.0,171.5,0.125,0.125,0.125,0.125,0.125,0.125,0.125,0.125
172,172.0,172.5,0.125,0.125,0.125,0.125,0.125,0.125,0.125,0.125
173,173.0,173.5,0.125,0.125,0.125,0.125,0.125,0.125,0.125,0.125
174,174.0,174.5,0.125,0.125,0.125,0.125,0.125,0.125,0.125,0.125
175,175.0,175.5,0.125,0.125,0.125,0.125,0.125,0.125,0.125,0.125
176,176.0,176.5,0.125,0.125,0.125,0.125,0.125,0.125,0.125,0.125
177,177.0,177.5,0.125,0.125,0.125,0.125,0.125,0.125,0.125,0.125
178,178.0,178.5,0.125,0.125,0.125,0.125,0.125,0.125,0.125,0.125
179,179.0,179.5,0.125,0.125,0.125,0.125,0.125,0.125,0.125,0.125
180,180.0,180.5,0.125,0.125,0.125,0.125,0.125,0.125,0.125,0.125
181,181.0,181.5,0.125,0.125,0.125,0.125,0.125,0.125,0.125,0.125
182,182.0,182.5,0.125,0.125,0.125,0.125,0.125,0.125,0.125,0.125
183,183.0,183.5,0.125,0.125,0.125,0.125,0.125,0.125,0.125,0.125
184,184.0,184.5,0.125,0.125,0.125,0.125,0.125,0.125,0.125,0.125
185,185.0,185.5,0.125,0.125,0.125,0.125,0.125,0.125,0.125,0.125
186,186.0,186.5,0.125,0.125,0.125,0.125,0.125,0.125,0.125,0.125
187,187.0,187.5,0.125,0.125,0.125,0.125,0.125,0.125,0.125,0.125
188,188.0,188.5,0.125,0.125,0.125,0.125,0.125,0.125,0.125,0.125
189,189.0,189.5,0.125,0.125,0.125,0.125,0.125,0.125,0.125,0.125
190,190.0,190.5,0.125,0.125,0.125,0.125,0.125,0.125,0.125,0.125
191,191.0,191.5,0.125,0.125,0.125,0.125,0.125,0.125,0.125,0.125
192,192.0,192.5,0.125,0.125,0.125,0.125,0.125,0.125,0.125,0.125
193,193.0,193.5,0.125,0.125,0.125,0.125,0.125,0.125,0.125,0.125
194,194.0,194.5,0.125,0.125,0.125,0.125,0.125,0.125,0.125,0.125
195,195.0,195.5,0.125,0.125,0.125,0.125,0.125,0.125,0.125,0.125
196,196.0,196.5,0.125,0.125,0.125,0.125,0.125,0.125,0.125,0.125
197,197.0,197.5,0.125,0.125,0.125,0.125,0.125,0.125,0.125,0.125
198,198.0,198.5,0.125,0.125,0.125,0.125,0.125,0.125,0.125,0.125
199,199.0,199.5,0.125,0.125,0.125,0.125,0.125,0.125,0.125,0.125
200,200.0,200.5,0.125,0.125,0.125,0.125,0.125,0.125,0.125,0.125
201,201.0,201.5,0.1259020618556701,0.12487113402061856,0.12487113402061856,0.12487113402061856,0.12487113402061856,0.12487113402061856,0.12487113402061856,0.12487113402061856
202,202.0,202.5,0.125765306122449,0.12474489795918367,0.125765306122449,0.12474489795918367,0.12474489795918367,0.12474489795918367,0.12474489795918367,0.12474489795918367
203,203.0,203.5,0.125765306122449,0.12474489795918367,0.125765306122449,0.12474489795918367,0.12474489795918367,0.12474489795918367,0.12474489795918367,0.12474489795918367
204,204.0,204.5,0.125765306122449,0.12474489795918367,0.125765306122449,0.12474489795918367,0.12474489795918367,0.12474489795918367,0.12474489795918367,0.12474489795918367
205,205.0,205.5,0.125765306122449,0.12474489795918367,0.125765306122449,0.12474489795918367,0.12474489795918367,0.12474489795918367,0.12474489795918367,0.12474489795918367
206,206.0,206.5,0.125765306122449,0.12474489795918367,0.125765306122449,0.12474489795918367,0.12474489795918367,0.12474489795918367,0.12474489795918367,0.12474489795918367
207,207.0,207.5,0.125765306122449,0.12474489795918367,0.125765306122449,0.12474489795918367,0.12474489795918367,0.12474489795918367,0.12474489795918367,0.12474489795918367
208,208.0,208.5,0.125765306122449,0.12474489795918367,0.125765306122449,0.12474489795918367,0.12474489795918367,0.12474489795918367,0.12474489795918367,0.12474489795918367
209,209.0,209.5,0.12335600907029479,0.12335600907029479,0.1243764172335601,0.12335600907029479,0.12335600907029479,0.1354875283446712,0.12335600907029479,0.12335600907029479
210,210.0,210.5,0.12323232323232322,0.12323232323232322,0.12525252525252525,0.12323232323232322,0.12323232323232322,0.13535353535353534,0.12323232323232322,0.12323232323232322
211,211.0,211.5,0.1241111111111111,0.1231111111111111,0.12511111111111112,0.1231111111111111,0.1231111111111111,0.13522222222222222,0.1231111111111111,0.1231111111111111
212,212.0,212.5,0.13330583058305828,0.12021452145214521,0.1221947194719472,0.12021452145214521,0.1313256325632563,0.1212046204620462,0.12021452145214521,0.13132563256325633
213,213.0,213.5,0.12997249724972498,0.11799229922992298,0.11997249724972496,0.127992299229923,0.1291034103410341,0.128982398239824,0.11799229922992298,0.127992299229923
214,214.0,214.5,0.12503862150920975,0.12307783719548424,0.11503862150920974,0.12216874628639333,0.13216874628639336,0.13614973262032087,0.11307783719548423,0.13327985739750445
215,215.0,215.5,0.130864960282436,0.11892321270962047,0.12177405119152691,0.11989408649602824,0.12801412180052957,0.14177405119152692,0.1098323036187114,0.12892321270962048
216,216.0,216.5,0.1290467784642542,0.11710503089143864,0.12813768755516328,0.11807590467784643,0.12619593998234774,0.14722859664607235,0.10801412180052956,0.12619593998234774
217,217.0,217.5,0.12731832892027067,0.11634745513386288,0.12738011179758751,0.12489408649602825,0.12468078846719621,0.14744189467490437,0.1072565460429538,0.12468078846719624
218,218.0,218.5,0.1251621517640935,0.11419127797768573,0.14037544979292554,0.1291481657501075,0.1218835856699934,0.14301299024599995,0.10510036888677665,0.12112600991241766
219,219.0,219.5,0.13166398326592502,0.11300080178720955,0.13726189667937239,0.1334521950541368,0.12014365893006666,0.14182251405552376,0.10390989269630047,0.11874505753146529
220,220.0,220.5,0.13166398326592502,0.11202992800080176,0.13823277046578017,0.1334521950541368,0.12014365893006666,0.14182251405552376,0.10390989269630047,0.11874505753146529
221,221.0,221.5,0.1304254079254079,0.11747668997668996,0.13633449883449883,0.13127039627039627,0.11843822843822842,0.13864219114219115,0.11037296037296036,0.11703962703962703
222,222.0,222.5,0.12920745920745919,0.11682650682650682,0.133999333999334,0.1305927405927406,0.11777888777888776,0.13890775890775892,0.1097136197136197,0.12297369297369296
223,223.0,223.5,0.1277056277056277,0.11580086580086577,0.13766233766233765,0.12956709956709955,0.11675324675324672,0.13623376623376623,0.10813852813852812,0.12813852813852813
224,224.0,224.5,0.1272294372294372,0.1153246753246753,0.1367099567099567,0.1290909090909091,0.11627705627705624,0.14099567099567098,0.10718614718614716,0.12718614718614718
225,225.0,225.5,0.12597943722943722,0.11449134199134199,0.13379329004329005,0.12825757575757574,0.11544372294372293,0.14474567099567098,0.10593614718614716,0.13135281385281386
226,226.0,226.5,0.12487649605296662,0.10466513878278583,0.14619302266361087,0.12752228163992868,0.11470842882607588,0.14805449452508276,0.10483320600967658,0.12914693149987266
227,227.0,227.5,0.12238095238095237,0.10325396825396822,0.14206349206349206,0.1261111111111111,0.1125396825396825,0.15023809523809523,0.10309523809523806,0.1403174603174603
228,228.0,228.5,0.11238095238095236,0.10325396825396822,0.14206349206349206,0.1261111111111111,0.1125396825396825,0.16023809523809524,0.10309523809523806,0.1403174603174603
229,229.0,229.5,0.10404761904761903,0.10325396825396822,0.14206349206349206,0.1261111111111111,0.1125396825396825,0.16023809523809524,0.10309523809523806,0.14865079365079364
230,230.0,230.5,0.10346282372598159,0.10296157059314952,0.14030910609857977,0.12581871345029239,0.11224728487886379,0.16520885547201336,0.10280284043441937,0.1471888053467001
231,231.0,231.5,0.10346282372598159,0.09629490392648285,0.14030910609857977,0.12581871345029239,0.11224728487886379,0.16520885547201336,0.10280284043441937,0.15385547201336675
232,232.0,232.5,0.10251984126984123,0.09561507936507935,0.14331349206349206,0.1234722222222222,0.11740079365079363,0.164265873015873,0.10212301587301584,0.15128968253968253
233,233.0,233.5,0.10215219421101773,0.09524743230625582,0.1429458450046685,0.12163398692810454,0.1221802054154995,0.16389822595704948,0.10175536881419234,0.15018674136321195
234,234.0,234.5,0.10167600373482726,0.09500933706816059,0.14604108309990663,0.1213958916900093,0.12194211017740426,0.163422035480859,0.1015172735760971,0.14899626517273576
235,235.0,235.5,0.1012431033019268,0.10067523979288681,0.14885493591375945,0.12117944147355911,0.11584330701977756,0.1629891350479586,0.10130082335964688,0.14791401409048466
236,236.0,236.5,0.1012431033019268,0.10067523979288681,0.14885493591375945,0.12117944147355911,0.11584330701977756,0.1629891350479586,0.10130082335964688,0.14791401409048466
237,237.0,237.5,0.10084784638493076,0.10047761133438882,0.14707627978727725,0.12098181301506106,0.11564567856127957,0.16259387813096254,0.10110319490114886,0.1512736978849511
238,238.0,238.5,0.10048552754435107,0.10029645191409893,0.14544584500466856,0.12080065359477121,0.1154645191409897,0.1663982259570495,0.10092203548085898,0.15018674136321195
239,239.0,239.5,0.09985979655019903,0.09983738758661356,0.1473610496830311,0.1262239422084623,0.11500545481350435,0.1688222025652366,0.1001705734925549,0.14271959310039803
240,240.0,240.5,0.09922530685688578,0.10458550221708114,0.14549579075894864,0.12410931174089068,0.11387121650279541,0.17188002056423107,0.09968992995308781,0.14114292140607929
241,241.0,241.5,0.09838485101642995,0.10330270119743803,0.14695627958785853,0.1219493177387914,0.11258841548315228,0.16864940128098022,0.09872876636034529,0.14944026733500415
242,242.0,242.5,0.09838485101642995,0.10330270119743803,0.14695627958785853,0.1219493177387914,0.11258841548315228,0.16864940128098022,0.09872876636034529,0.14944026733500415
243,243.0,243.5,0.1036480089111668,0.10330270119743803,0.14695627958785853,0.11668615984405455,0.11258841548315228,0.17364940128098022,0.09872876636034529,0.14444026733500417
244,244.0,244.5,0.10340991367307155,0.10306460595934278,0.14648008911166804,0.11644806460595931,0.11235032024505705,0.1760303536619326,0.0982525758841548,0.14396407685881368
245,245.0,245.5,0.09963220989536777,0.1029906058853427,0.15146029409187303,0.11637406453195924,0.11682177471651153,0.1742192018507808,0.09796212559370451,0.14053972343446025
246,246.0,246.5,0.0992921312944196,0.10791368517913136,0.15305933916917897,0.11603398593101107,0.11102090976232848,0.17582331432445847,0.09742441853425833,0.1394322158052135
247,247.0,247.5,0.09845238095238093,0.10654761904761903,0.15071428571428572,0.12297619047619043,0.10999999999999996,0.17702380952380953,0.09666666666666665,0.1376190476190476
248,248.0,248.5,0.09785303776683084,0.10547208538587846,0.14887520525451559,0.1260632183908046,0.10940065681444988,0.1797413793103448,0.0963054187192118,0.13628899835796388
249,249.0,249.5,0.09773809523809521,0.10535714285714284,0.1473809523809524,0.1258333333333333,0.10928571428571425,0.1825,0.09619047619047617,0.1357142857142857
250,250.0,250.5,0.09763056835637478,0.11001152073732716,0.14920890937019968,0.1208563748079877,0.10917818740399383,0.1818548387096774,0.09608294930875574,0.13517665130568354
251,251.0,251.5,0.09637329931972788,0.10963860544217682,0.15194302721088435,0.12160714285714284,0.10581207482993196,0.18335884353741494,0.09577806122448979,0.13548894557823127
252,252.0,252.5,0.09616522366522365,0.10944083694083692,0.15137806637806636,0.12127344877344877,0.10563492063492061,0.18261544011544012,0.09556998556998555,0.13792207792207792
253,253.0,253.5,0.09596498599439775,0.11025070028011201,0.14987955182072826,0.12095378151260502,0.10840616246498598,0.18190896358543415,0.09536974789915965,0.13726610644257703
254,254.0,254.5,0.09596498599439775,0.11025070028011201,0.14987955182072826,0.12095378151260502,0.10840616246498598,0.18190896358543415,0.09536974789915965,0.13726610644257703
255,255.0,255.5,0.09596498599439775,0.11025070028011201,0.14987955182072826,0.12095378151260502,0.10840616246498598,0.18190896358543415,0.09536974789915965,0.13726610644257703
256,256.0,256.5,0.09605411255411254,0.11033982683982682,0.1512164502164502,0.11810173160173158,0.10858441558441556,0.18244372294372294,0.09545887445887445,0.1378008658008658
257,257.0,257.5,0.09605411255411254,0.11033982683982682,0.1512164502164502,0.11810173160173158,0.10858441558441556,0.18244372294372294,0.09545887445887445,0.1378008658008658
258,258.0,258.5,0.09466522366522365,0.10895093795093791,0.15285786435786436,0.1278239538239538,0.10416522366522366,0.18105483405483405,0.09406998556998555,0.1364119769119769
259,259.0,259.5,0.09457609710550885,0.10886181139122311,0.15437301587301586,0.12773482726423901,0.10407609710550884,0.18052007469654527,0.09398085901027077,0.13587721755368815
260,260.0,260.5,0.09449206349206347,0.10877777777777772,0.15580158730158727,0.12765079365079363,0.10399206349206347,0.18001587301587302,0.0938968253968254,0.13537301587301587
261,261.0,261.5,0.09430378752160927,0.10858950180732356,0.1569923778092095,0.12743281471004242,0.10383349049190631,0.17937136570799933,0.09370854942637119,0.13576811252553825
262,262.0,262.5,0.0941219370631135,0.10840765134882777,0.15909373659373657,0.1272218436924319,0.10368076059252529,0.17875589875589873,0.09352669896787541,0.13519147298559062
263,263.0,263.5,0.10102937317671752,0.12279407905907047,0.15894126136416256,0.10805964159476436,0.09885204593514128,0.17957429731273247,0.09343133396103126,0.13731796759637993
264,264.0,264.5,0.09994629244629241,0.12105740355740353,0.16497285747285745,0.10727535227535226,0.09845056595056592,0.17637676137676134,0.09300184800184798,0.13891891891891892
265,265.0,265.5,0.09798815219867849,0.11760537707906127,0.16284404192298926,0.11376395534290269,0.09710469355206196,0.17728639781271358,0.09162850307587148,0.14177887901572112
266,266.0,266.5,0.09713174445547829,0.11599139357828529,0.1619157563720622,0.1113654419066534,0.09627523998675933,0.1856438265475008,0.09077209533267128,0.14090450182058917
267,267.0,267.5,0.09703475979668795,0.11589440891949496,0.16437981636333823,0.11124200688637478,0.09620470568945726,0.1854763075914084,0.09067511067388095,0.13909288407935724
268,268.0,268.5,0.0964091318038686,0.13378729944519416,0.16140950667266457,0.10133115909431696,0.09467911231069123,0.18608224621382513,0.08912355675513568,0.13717798770430348
269,269.0,269.5,0.09624309244058156,0.13362975481517245,0.15990195289446857,0.10206556145715968,0.09454705188046567,0.18547212833306506,0.08896601212511399,0.13917444605397283
270,270.0,270.5,0.09695922641044588,0.13493902439024388,0.1534922394678492,0.1024642769154964,0.09471175166297115,0.18852734663710272,0.08910569105691055,0.13980044345898004
271,271.0,271.5,0.09592568132041815,0.13055109620899094,0.15420567183725079,0.09336522612838401,0.10540687303845195,0.18850747363905257,0.08866513129671023,0.14337284653074125
272,272.0,272.5,0.10382741289718031,0.12601147883124625,0.14724795553283926,0.09150598432575174,0.10835122242098985,0.19680062185876138,0.08769646051622795,0.13855886361700315
273,273.0,273.5,0.10291384132092096,0.12345745699727999,0.15458472206259816,0.09056870857755812,0.10725280619085927,0.19284315979006245,0.08657434011416311,0.14180496494655787
274,274.0,274.5,0.10987414187643019,0.1223302822273074,0.1643478260869565,0.09171624713958809,0.10737986270022881,0.1695715738621917,0.08667810831426391,0.1481019577930333
275,275.0,275.5,0.10970841959972391,0.12558833678398892,0.16484644582470667,0.09088854382332642,0.10643202208419597,0.17076432022084195,0.08594547964113178,0.14582643202208417
276,276.0,276.5,0.10884614881469643,0.12862216989506534,0.16335324568534557,0.09237038282921722,0.10561953484895203,0.16801117558564366,0.08934944262233807,0.14382789971874152
277,277.0,277.5,0.10809941728535619,0.13093107837788687,0.1630017710730014,0.09182127975837504,0.10926441171122019,0.16581354712714563,0.08869027570230158,0.14237821896471292
278,278.0,278.5,0.10731603760767368,0.1292956033803429,0.16339780169017146,0.09536323741202682,0.10837606315045785,0.1673118257656042,0.0879993070840466,0.14094012390967636
279,279.0,279.5,0.10704365079365077,0.14358821733821733,0.15388125763125762,0.09502442002442,0.10800824175824172,0.16493589743589743,0.0874771062271062,0.1400412087912088
280,280.0,280.5,0.10656268264172997,0.14091686148451196,0.15249488603156047,0.10367426456263389,0.10659287940775372,0.161934054159361,0.08936513734658091,0.1384592343658679
281,281.0,281.5,0.10555389083533098,0.14895158847237952,0.14935291044317411,0.10382547219514762,0.10562681655734392,0.16086116891897823,0.08837771001817651,0.1374504425594689
282,282.0,282.5,0.10551137382852827,0.1489090714655768,0.1483325022799088,0.10369792117473944,0.1055842995505412,0.16256184919108707,0.0883351930113738,0.13706778949824444
283,283.0,283.5,0.10547055750199766,0.1488682551390462,0.1473529104431741,0.10357547219514762,0.1055434832240106,0.16419450225231155,0.08829437668484319,0.1367004425594689
284,284.0,284.5,0.10535561497326203,0.14852342755283932,0.1472379679144385,0.10346052966641199,0.10531359816653933,0.1625853068500127,0.09116793990323399,0.136355614973262
285,285.0,285.5,0.0963591992026527,0.1493119580187891,0.14824155214382914,0.10646411389580268,0.09620965551420957,0.1601910416170378,0.10607833416846697,0.13714414543921186
286,286.0,286.5,0.09524808809154159,0.148200846907678,0.14713044103271805,0.10535300278469158,0.10509854440309847,0.15907993050592667,0.10385611194624475,0.13603303432810074
287,287.0,287.5,0.09520887240526707,0.14493582476979058,0.1481500488758553,0.10519614003959352,0.10505932871682395,0.16195279578106903,0.10381689625997026,0.13568009315163015
288,288.0,288.5,0.09082793432058137,0.14530256508197684,0.15387811942959,0.10736874644962877,0.10724425084719202,0.15231724158194745,0.10559859258388668,0.13746254970519675
289,289.0,289.5,0.09082793432058137,0.14530256508197684,0.15387811942959,0.10736874644962877,0.10724425084719202,0.15231724158194745,0.10559859258388668,0.13746254970519675
290,290.0,290.5,0.09007035856300562,0.14302983780924955,0.1587732243246949,0.10661117069205303,0.10648667508961626,0.1534827427474486,0.10484101682631093,0.136704973947621
291,291.0,291.5,0.09003407409275888,0.14299355333900282,0.1597529050213567,0.10646603281106608,0.10645039061936952,0.15311989804498125,0.1016797323560642,0.13950341371540037
292,292.0,292.5,0.08990443652208358,0.14276921879863055,0.15874975242622297,0.10623157343745575,0.10622605607899724,0.15125534052004636,0.101171306906601,0.14369231530996235
293,293.0,293.5,0.08990443652208358,0.14276921879863055,0.15874975242622297,0.10623157343745575,0.10622605607899724,0.15125534052004636,0.101171306906601,0.14369231530996235
294,294.0,294.5,0.08981530996236878,0.14259096567920096,0.1586606258665082,0.10614244687774096,0.10604780295956766,0.15277049203519788,0.10072567410802702,0.14324668251138836
295,295.0,295.5,0.09887254901960782,0.14255729564553093,0.15960338680926914,0.10691685765215175,0.09601413292589761,0.15243379169849755,0.100692004074357,0.14290998217468803
296,296.0,296.5,0.0979634581105169,0.14164820473644,0.1586942959001782,0.10509867583396995,0.09510504201680671,0.15152470078940664,0.10796473134708426,0.1420008912655971
297,297.0,297.5,0.1056283422459893,0.14106888209829382,0.15802584670231726,0.10367265087853321,0.09452571937866053,0.1522822765469824,0.10613763687293096,0.1386586452762923
298,298.0,298.5,0.10550674815380696,0.1408581614463967,0.15706009676597907,0.10523936847466256,0.09431499872676341,0.1533836261777438,0.10565953654188945,0.1379774637127578
299,299.0,299.5,0.10559249230301859,0.14368828539881168,0.1564318576160681,0.10612821389137177,0.09337582008634639,0.15103342563868877,0.10622075293127922,0.13752915213441524
300,300.0,300.5,0.10551312722365351,0.14345019016071642,0.14801915920336967,0.10604884881200669,0.09321708992761622,0.16071596532122845,0.10582392753445383,0.13721169181695494
301,301.0,301.5,0.10543805214857845,0.14322496493549122,0.1479440841282946,0.10511907288223074,0.09306693977746608,0.16199224159750472,0.10544855215907845,0.13776609237135548
302,302.0,302.5,0.10543805214857845,0.14322496493549122,0.1479440841282946,0.10511907288223074,0.09306693977746608,0.16199224159750472,0.10544855215907845,0.13776609237135548
303,303.0,303.5,0.10526552320709322,0.14292467493850186,0.14856831022085254,0.10494654394074554,0.09287398967372204,0.16304199443137887,0.10500601465142054,0.1373729489362852
304,304.0,304.5,0.10519804682382736,0.14272224578870427,0.1485008338375867,0.10487906755747967,0.0927390369071903,0.16418909294689843,0.10466863273509124,0.13710304340322177
305,305.0,305.5,0.10368289530867585,0.14878285184931034,0.14774325808001093,0.1041214917999039,0.09198146114961454,0.16343151718932267,0.10391105697751549,0.136345467645646
306,306.0,306.5,0.10361655773420478,0.14860255213196388,0.1472906940553999,0.1045424836601307,0.09190087145969497,0.165339246809835,0.10360255213196386,0.13510504201680668
307,307.0,307.5,0.10345754290876238,0.1483355916892502,0.14706865401987348,0.10438346883468833,0.09172990063233963,0.16461607949412824,0.103213640469738,0.13719512195121947
308,308.0,308.5,0.10211741961741957,0.14559727309727308,0.14636955636955634,0.10606532356532354,0.09866503866503865,0.1626393976393976,0.10228225478225475,0.13626373626373622
309,309.0,309.5,0.10101851851851848,0.15054232804232803,0.1458201058201058,0.105515873015873,0.09756613756613754,0.16208994708994706,0.1017328042328042,0.13571428571428568
310,310.0,310.5,0.10006613756613754,0.15482804232804231,0.1453439153439153,0.10503968253968252,0.09661375661375658,0.1616137566137566,0.10125661375661373,0.1352380952380952
311,311.0,311.5,0.10006613756613754,0.1572089947089947,0.1453439153439153,0.10265873015873014,0.09661375661375658,0.1616137566137566,0.10125661375661373,0.1352380952380952
312,312.0,312.5,0.10133818643736561,0.15718047684189954,0.14657693309882086,0.10055387271187541,0.09666096671226627,0.16243094912383554,0.10117272490391502,0.13408589017002148
313,313.0,313.5,0.10119429590017823,0.15688502673796792,0.14631016042780745,0.10040998217468804,0.09650623885918,0.16415329768270942,0.10082442067736183,0.13371657754010693
314,314.0,314.5,0.10097884438793528,0.15656265451719992,0.14518347813802354,0.10008140849049937,0.09631931200113016,0.16461414847778483,0.10045154340608883,0.1358086105813378
315,315.0,315.5,0.10090627544744182,0.1565263700469532,0.14434893532234866,0.0998999861392657,0.09628302753088341,0.16425130377531746,0.1004152589358421,0.13736884280194742
316,316.0,316.5,0.10248487816613394,0.14144508024882288,0.15752646320926553,0.10147858885795782,0.09790227514864072,0.15823495549369346,0.10200063580437843,0.13892712307110697
317,317.0,317.5,0.10157578725704304,0.14053598933973196,0.16389009957290188,0.10056949794886694,0.0969931842395498,0.15732586458460257,0.10109154489528753,0.13801803216201605
318,318.0,318.5,0.10150590605508636,0.14272327096097587,0.16308646575040014,0.10039479494397523,0.09695824363857147,0.15660608820444882,0.10105660429430918,0.1376686261522327
319,319.0,319.5,0.1014575968763424,0.14248172506725604,0.16380951952405975,0.09952681363408375,0.09686162528108355,0.15762058095807202,0.10081505840058938,0.13742708025851286
320,320.0,320.5,0.10141134340733222,0.14225045772220518,0.16371701258603938,0.09948056016507355,0.0967691183430632,0.15646424423281763,0.1005837910555385,0.1393234724879301
321,321.0,321.5,0.10136701716619748,0.1412091543853839,0.1644480322349174,0.09943623392393883,0.0966804658607937,0.15743942153778218,0.10036215984986474,0.13905751504112157
322,322.0,322.5,0.10142283529478649,0.1412070754448803,0.16865569389959628,0.09971239126726929,0.09670504292455509,0.15420347944738183,0.10035341690829494,0.1377400648132355
323,323.0,323.5,0.09410075846620834,0.14961684396531594,0.16958171568103653,0.09766002885060608,0.10521177888325592,0.15512950122882208,0.10137122993022822,0.12732814299452666
324,324.0,324.5,0.09375372960372957,0.14769731934731933,0.1699508158508158,0.09705629370629368,0.10911398601398599,0.15469860139860137,0.10103065268065266,0.12669860139860137
325,325.0,325.5,0.09359104914693149,0.14802914438502673,0.1666961293608352,0.09676864018334605,0.10796121721415837,0.15479987267634324,0.10559216959511075,0.126561777438248
326,326.0,326.5,0.09359104914693149,0.14802914438502673,0.1666961293608352,0.09676864018334605,0.10716121721415836,0.15479987267634324,0.10639216959511075,0.126561777438248
327,327.0,327.5,0.09359104914693149,0.14802914438502673,0.1666961293608352,0.09676864018334605,0.10716121721415836,0.15479987267634324,0.10639216959511075,0.126561777438248
328,328.0,328.5,0.09359104914693149,0.14802914438502673,0.1666961293608352,0.09676864018334605,0.10716121721415836,0.15479987267634324,0.10639216959511075,0.126561777438248
329,329.0,329.5,0.09359104914693149,0.14802914438502673,0.1666961293608352,0.09676864018334605,0.10716121721415836,0.15479987267634324,0.10639216959511075,0.126561777438248
330,330.0,330.5,0.09346599245758908,0.14774036887482264,0.1684804831023318,0.09664993270035284,0.10703808796245769,0.1543230019280439,0.10609704487855746,0.12620508809584435
331,331.0,331.5,0.09580534638199237,0.14779504713748304,0.1661373242271215,0.09736850205136348,0.10708583525705317,0.1524672663015769,0.10597859866162762,0.12736207998178176
332,332.0,332.5,0.09587124721040884,0.14917698289050765,0.16542068437969315,0.09758384563560568,0.10815355383384562,0.1553752614145157,0.1062143844653108,0.12220404017011241
333,333.0,333.5,0.0946804919864537,0.15403946634542806,0.16426645345655466,0.09685736273475304,0.10684514585526954,0.1564468920655647,0.10550714002907477,0.12135704752690127
334,334.0,334.5,0.09423148942252714,0.1584756289308176,0.1629979273870783,0.09611027730131502,0.10749939251000569,0.15545613564894223,0.10477203044596912,0.12045711835334474
335,335.0,335.5,0.09415881500392248,0.15840295451221292,0.16282835374366744,0.09603760288271036,0.10746305530070335,0.155280505803981,0.10546849362426369,0.12036021912853853
336,336.0,336.5,0.09404116794509895,0.1556614215353858,0.16212247139072625,0.10038697899679234,0.10742383961442885,0.1549275646275104,0.10542927793798917,0.12000727795206793
337,337.0,337.5,0.09404116794509895,0.1556614215353858,0.16212247139072625,0.10038697899679234,0.10742383961442885,0.1549275646275104,0.10542927793798917,0.12000727795206793
338,338.0,338.5,0.09404116794509895,0.1556614215353858,0.16212247139072625,0.10038697899679234,0.10742383961442885,0.1549275646275104,0.10542927793798917,0.12000727795206793
339,339.0,339.5,0.09404116794509895,0.1556614215353858,0.16212247139072625,0.10038697899679234,0.10742383961442885,0.1549275646275104,0.10542927793798917,0.12000727795206793
340,340.0,340.5,0.09353774780114063,0.15595955301312442,0.16029247620765474,0.10267672473029613,0.1074353870336013,0.1520230794337937,0.10541939376760803,0.12265563801278086
341,341.0,341.5,0.09338162878787876,0.1555871212121212,0.15950473484848482,0.10240530303030301,0.10729356060606059,0.15075378787878785,0.10702840909090908,0.12404545454545453
342,342.0,342.5,0.09315153279691321,0.15562947016751363,0.15917723626011665,0.10609530867683037,0.10620801571616786,0.15042831851119892,0.10565709697910783,0.12365302089215131
343,343.0,343.5,0.09296726752103542,0.1553607173175364,0.16111013354693834,0.10582655582685319,0.10613246282059101,0.1499389631760416,0.10553915067267827,0.1231247491183255
344,344.0,344.5,0.09257606428659057,0.1576300453932033,0.16190682124892647,0.10477916820022082,0.10505919519077409,0.15092964053490368,0.10487363513679301,0.12224543000858787
345,345.0,345.5,0.09251147238993761,0.15755958150594548,0.16173066153078203,0.104708704312963,0.1050239632471452,0.15151683959538517,0.10479729925893042,0.12215147815891084
346,346.0,346.5,0.09228119249171879,0.15999018525334313,0.16139050423260945,0.10473021715126976,0.1041559317875107,0.15117089927616242,0.10438878665194454,0.12189228315544103
347,347.0,347.5,0.0920646896962686,0.1622295248611038,0.16106577632893418,0.10404078377762586,0.1033525246683141,0.15334674097831988,0.10400704558599294,0.11989291410344038
348,348.0,348.5,0.09186051808596975,0.1642989444874755,0.16075499491053297,0.10339803965491315,0.10260660770087318,0.1537710061315717,0.10364920174818051,0.119660687280483
349,349.0,349.5,0.09172824295369461,0.16271164290017387,0.15886833381334556,0.10286893912581263,0.10551666061092609,0.15539311696420885,0.10338465148363025,0.11952841214820789
350,350.0,350.5,0.09151403513472475,0.1644342630549527,0.15848859952308222,0.10224396931293481,0.10465383275728099,0.15414985397744013,0.1036257356947012,0.12088971054488293
351,351.0,351.5,0.0877490463083683,0.17093872229465448,0.1451702158481819,0.10477159689024092,0.10358901926698534,0.1578697667680718,0.1062663576222898,0.12364527500120719
352,352.0,352.5,0.08709206887719732,0.17338702667844272,0.14451323841701094,0.10453277955464939,0.10551268699710467,0.15721278933690083,0.1055018533093984,0.12224755682929547
353,353.0,353.5,0.0870039074355962,0.1731521756758948,0.14426509396148862,0.10440002965619662,0.10539526149583071,0.1585310567568632,0.10525610906066311,0.1219963659574665
354,354.0,354.5,0.08681674036578604,0.1747383520545241,0.14392130698632727,0.10459694650343207,0.10447464000772602,0.15898547347145825,0.10481542218633877,0.12165111842440728
355,355.0,355.5,0.0866374197720621,0.17319047634615653,0.14358860712296892,0.1048105743407286,0.1066363082141483,0.1594248473981994,0.10439333146205516,0.12131843534368077
356,356.0,356.5,0.08646534614583702,0.17172653603038704,0.14326627902590658,0.10431945329321542,0.10866726140742218,0.1598497155733719,0.10470790788183933,0.1209975006420203
