,Unnamed: 0,Total_iterations,Intertwine_two,Add_vertex,Delete_vertex,Invert_path_vertices,Insert_inside_vertex,Delete_inside_vertex,Replace_inside_vertex,Donate_between_routes
0,0.0,0.0,0.125,0.125,0.125,0.125,0.125,0.125,0.125,0.125
1,1.0,0.10900000000000001,0.125,0.125,0.125,0.125,0.125,0.125,0.125,0.125
2,2.0,0.31601,0.125,0.125,0.125,0.125,0.125,0.125,0.125,0.125
3,3.0,0.6191589000000001,0.125,0.125,0.125,0.125,0.125,0.125,0.125,0.125
4,4.0,1.015801321,0.125,0.125,0.125,0.125,0.125,0.125,0.125,0.125
5,5.0,1.50262148669,0.125,0.125,0.125,0.125,0.125,0.125,0.125,0.125
6,6.0,2.0757334209441005,0.125,0.125,0.125,0.125,0.125,0.125,0.125,0.125
7,7.0,2.7307768275633495,0.125,0.125,0.125,0.125,0.125,0.125,0.125,0.125
8,8.0,3.4630081252450404,0.125,0.125,0.125,0.125,0.125,0.125,0.125,0.125
9,9.0,4.2673862119061114,0.125,0.125,0.125,0.125,0.125,0.125,0.125,0.125
10,10.0,5.138652627782014,0.125,0.125,0.125,0.125,0.125,0.125,0.125,0.125
11,11.0,6.071405875792507,0.125,0.125,0.125,0.125,0.125,0.125,0.125,0.125
12,12.0,7.060169740244025,0.125,0.125,0.125,0.125,0.125,0.125,0.125,0.125
13,13.0,8.099455520847952,0.125,0.125,0.125,0.125,0.125,0.125,0.125,0.125
14,14.0,9.183818168183006,0.125,0.125,0.125,0.125,0.125,0.125,0.125,0.125
15,15.0,10.307906369102724,0.125,0.125,0.125,0.125,0.125,0.125,0.125,0.125
16,16.0,11.466506686239443,0.125,0.125,0.125,0.125,0.125,0.125,0.125,0.125
17,17.0,12.654581904800096,0.125,0.125,0.125,0.125,0.125,0.125,0.125,0.125
18,18.0,13.867303782456686,0.125,0.125,0.125,0.125,0.125,0.125,0.125,0.125
19,19.0,15.100080434523047,0.125,0.125,0.125,0.125,0.125,0.125,0.125,0.125
20,20.0,16.348578617037543,0.125,0.125,0.125,0.125,0.125,0.125,0.125,0.125
21,21.0,17.608741195130214,0.125,0.125,0.125,0.125,0.125,0.125,0.125,0.125
22,22.0,18.876800103462312,0.125,0.125,0.125,0.125,0.125,0.125,0.125,0.125
23,23.0,20.14928511992658,0.125,0.125,0.125,0.125,0.125,0.125,0.125,0.125
24,24.0,21.423028783545156,0.125,0.125,0.125,0.125,0.125,0.125,0.125,0.125
25,25.0,22.695167792966423,0.125,0.125,0.125,0.125,0.125,0.125,0.125,0.125
26,26.0,23.963141223515898,0.125,0.125,0.125,0.125,0.125,0.125,0.125,0.125
27,27.0,25.224685898775267,0.125,0.125,0.125,0.125,0.125,0.125,0.125,0.125
28,28.0,26.477829247520948,0.125,0.125,0.125,0.125,0.125,0.125,0.125,0.125
29,29.0,27.720879968916847,0.125,0.125,0.125,0.125,0.125,0.125,0.125,0.125
30,30.0,28.95241681848399,0.125,0.125,0.125,0.125,0.125,0.125,0.125,0.125
31,31.0,30.17127581490958,0.125,0.125,0.125,0.125,0.125,0.125,0.125,0.125
32,32.0,31.376536153543515,0.125,0.125,0.125,0.125,0.125,0.125,0.125,0.125
33,33.0,32.567505096778625,0.125,0.125,0.125,0.125,0.125,0.125,0.125,0.125
34,34.0,33.74370209472243,0.125,0.125,0.125,0.125,0.125,0.125,0.125,0.125
35,35.0,34.90484237192463,0.125,0.125,0.125,0.125,0.125,0.125,0.125,0.125
36,36.0,36.05082019768737,0.125,0.125,0.125,0.125,0.125,0.125,0.125,0.125
37,37.0,37.18169203889697,0.125,0.125,0.125,0.125,0.125,0.125,0.125,0.125
38,38.0,38.29765977559663,0.125,0.125,0.125,0.125,0.125,0.125,0.125,0.125
39,39.0,39.399054140870355,0.125,0.125,0.125,0.125,0.125,0.125,0.125,0.125
40,40.0,40.48631852820801,0.125,0.125,0.125,0.125,0.125,0.125,0.125,0.125
41,41.0,41.55999329152982,0.125,0.125,0.125,0.125,0.125,0.125,0.125,0.125
42,42.0,42.62070064560415,0.125,0.125,0.125,0.125,0.125,0.125,0.125,0.125
43,43.0,43.669130257815,0.125,0.125,0.125,0.125,0.125,0.125,0.125,0.125
44,44.0,44.70602560622662,0.125,0.125,0.125,0.125,0.125,0.125,0.125,0.125
45,45.0,45.73217116373481,0.125,0.125,0.125,0.125,0.125,0.125,0.125,0.125
46,46.0,46.748380453854836,0.125,0.125,0.125,0.125,0.125,0.125,0.125,0.125
47,47.0,47.755485010424316,0.125,0.125,0.125,0.125,0.125,0.125,0.125,0.125
48,48.0,48.7543242612326,0.125,0.125,0.125,0.125,0.125,0.125,0.125,0.125
49,49.0,49.745736344347726,0.125,0.125,0.125,0.125,0.125,0.125,0.125,0.125
50,50.0,50.730549855707864,0.125,0.125,0.125,0.125,0.125,0.125,0.125,0.125
51,51.0,51.70957651737491,0.125,0.125,0.125,0.125,0.125,0.125,0.125,0.125
52,52.0,52.68360474770151,0.125,0.125,0.125,0.125,0.125,0.125,0.125,0.125
53,53.0,53.65339410751842,0.125,0.125,0.125,0.125,0.125,0.125,0.125,0.125
54,54.0,54.61967059027847,0.125,0.125,0.125,0.125,0.125,0.125,0.125,0.125
55,55.0,55.58312271885972,0.125,0.125,0.125,0.125,0.125,0.125,0.125,0.125
56,56.0,56.544398407394254,0.125,0.125,0.125,0.125,0.125,0.125,0.125,0.125
57,57.0,57.504102543001395,0.125,0.125,0.125,0.125,0.125,0.125,0.125,0.125
58,58.0,58.462795239617805,0.125,0.125,0.125,0.125,0.125,0.125,0.125,0.125
59,59.0,59.42099071417639,0.125,0.125,0.125,0.125,0.125,0.125,0.125,0.125
60,60.0,60.379156734137354,0.125,0.125,0.125,0.125,0.125,0.125,0.125,0.125
61,61.0,61.337714584760846,0.125,0.125,0.125,0.125,0.125,0.125,0.125,0.125
62,62.0,62.29703950447439,0.125,0.125,0.125,0.125,0.125,0.125,0.125,0.125
63,63.0,63.257461537171835,0.125,0.125,0.125,0.125,0.125,0.125,0.125,0.125
64,64.0,64.21926675122782,0.125,0.125,0.125,0.125,0.125,0.125,0.125,0.125
65,65.0,65.18269877636592,0.125,0.125,0.125,0.125,0.125,0.125,0.125,0.125
66,66.0,66.14796061122655,0.125,0.125,0.125,0.125,0.125,0.125,0.125,0.125
67,67.0,67.11521665648885,0.125,0.125,0.125,0.125,0.125,0.125,0.125,0.125
68,68.0,68.08459493066005,0.125,0.125,0.125,0.125,0.125,0.125,0.125,0.125
69,69.0,69.06618942810752,0.125,0.125,0.125,0.125,0.125,0.125,0.125,0.125
70,70.0,70.04996258152917,0.125,0.125,0.125,0.125,0.125,0.125,0.125,0.125
71,71.0,71.03585879379335,0.125,0.125,0.125,0.125,0.125,0.125,0.125,0.125
72,72.0,72.02380679689318,0.125,0.125,0.125,0.125,0.125,0.125,0.125,0.125
73,73.0,73.0137219317141,0.125,0.125,0.125,0.125,0.125,0.125,0.125,0.125
74,74.0,74.00550833373579,0.125,0.125,0.125,0.125,0.125,0.125,0.125,0.125
75,75.0,74.99906101221795,0.125,0.125,0.125,0.125,0.125,0.125,0.125,0.125
76,76.0,75.99426781272972,0.125,0.125,0.125,0.125,0.125,0.125,0.125,0.125
77,77.0,76.991011255063,0.125,0.125,0.125,0.125,0.125,0.125,0.125,0.125
78,78.0,77.98917024061234,0.125,0.125,0.125,0.125,0.125,0.125,0.125,0.125
79,79.0,78.98862162520061,0.125,0.125,0.125,0.125,0.125,0.125,0.125,0.125
80,80.0,79.99924165507805,0.125,0.125,0.125,0.125,0.125,0.125,0.125,0.125
81,81.0,81.01080726541697,0.125,0.125,0.125,0.125,0.125,0.125,0.125,0.125
82,82.0,82.02310824206782,0.125,0.125,0.125,0.125,0.125,0.125,0.125,0.125
83,83.0,83.04594803863291,0.125,0.125,0.125,0.125,0.125,0.125,0.125,0.125
84,84.0,84.06904437515516,0.125,0.125,0.125,0.125,0.125,0.125,0.125,0.125
85,85.0,85.10214063427365,0.125,0.125,0.125,0.125,0.125,0.125,0.125,0.125
86,86.0,86.13490586113755,0.125,0.125,0.125,0.125,0.125,0.125,0.125,0.125
87,87.0,87.16704550670367,0.125,0.125,0.125,0.125,0.125,0.125,0.125,0.125
88,88.0,88.19830073264616,0.125,0.125,0.125,0.125,0.125,0.125,0.125,0.125
89,89.0,89.22844742866793,0.125,0.125,0.125,0.125,0.125,0.125,0.125,0.125
90,90.0,90.25729498080085,0.125,0.125,0.125,0.125,0.125,0.125,0.125,0.125
91,91.0,91.28468482791246,0.125,0.125,0.125,0.125,0.125,0.125,0.125,0.125
92,92.0,92.31048884203378,0.125,0.125,0.125,0.125,0.125,0.125,0.125,0.125
93,93.0,93.33460756632263,0.125,0.125,0.125,0.125,0.125,0.125,0.125,0.125
94,94.0,94.35696834251937,0.125,0.125,0.125,0.125,0.125,0.125,0.125,0.125
95,95.0,95.37752335767125,0.125,0.125,0.125,0.125,0.125,0.125,0.125,0.125
96,96.0,96.39624763773124,0.125,0.125,0.125,0.125,0.125,0.125,0.125,0.125
97,97.0,97.41313701340789,0.125,0.125,0.125,0.125,0.125,0.125,0.125,0.125
98,98.0,98.42820608138283,0.125,0.125,0.125,0.125,0.125,0.125,0.125,0.125
99,99.0,99.44148618174643,0.125,0.125,0.125,0.125,0.125,0.125,0.125,0.125
100,100.0,100.4630234102562,0.125,0.125,0.125,0.125,0.125,0.125,0.125,0.125
101,101.0,101.48277668181244,0.125,0.125,0.125,0.125,0.125,0.125,0.125,0.125
102,102.0,102.50072685939493,0.125,0.125,0.125,0.125,0.125,0.125,0.125,0.125
103,103.0,103.51687475062522,0.125,0.125,0.125,0.125,0.125,0.125,0.125,0.125
104,104.0,104.53123910522623,0.125,0.125,0.125,0.125,0.125,0.125,0.125,0.125
105,105.0,105.54385463331488,0.125,0.125,0.125,0.125,0.125,0.125,0.125,0.125
106,106.0,106.55477006226153,0.125,0.125,0.125,0.125,0.125,0.125,0.125,0.125
107,107.0,107.56404624769088,0.125,0.125,0.125,0.125,0.125,0.125,0.125,0.125
108,108.0,108.57175435210041,0.125,0.125,0.125,0.125,0.125,0.125,0.125,0.125
109,109.0,109.57797410254797,0.125,0.125,0.125,0.125,0.125,0.125,0.125,0.125
110,110.0,110.58279213692529,0.125,0.125,0.125,0.125,0.125,0.125,0.125,0.125
111,111.0,111.58630044649564,0.125,0.125,0.125,0.125,0.125,0.125,0.125,0.125
112,112.0,112.58859492064398,0.125,0.125,0.125,0.125,0.125,0.125,0.125,0.125
113,113.0,113.58977399817107,0.125,0.125,0.125,0.125,0.125,0.125,0.125,0.125
114,114.0,114.58993742796373,0.125,0.125,0.125,0.125,0.125,0.125,0.125,0.125
115,115.0,115.58918514049748,0.125,0.125,0.125,0.125,0.125,0.125,0.125,0.125
116,116.0,116.58761623037289,0.125,0.125,0.125,0.125,0.125,0.125,0.125,0.125
117,117.0,117.58532804895701,0.125,0.125,0.125,0.125,0.125,0.125,0.125,0.125
118,118.0,118.58241540519316,0.125,0.125,0.125,0.125,0.125,0.125,0.125,0.125
119,119.0,119.57896987175376,0.125,0.125,0.125,0.125,0.125,0.125,0.125,0.125
120,120.0,120.57507919294076,0.125,0.125,0.125,0.125,0.125,0.125,0.125,0.125
121,121.0,121.57082679007966,0.125,0.125,0.125,0.125,0.125,0.125,0.125,0.125
122,122.0,122.56629135960388,0.125,0.125,0.125,0.125,0.125,0.125,0.125,0.125
123,123.0,123.56154655857964,0.125,0.125,0.125,0.125,0.125,0.125,0.125,0.125
124,124.0,124.55666077207202,0.125,0.125,0.125,0.125,0.125,0.125,0.125,0.125
125,125.0,125.55169695649444,0.125,0.125,0.125,0.125,0.125,0.125,0.125,0.125
126,126.0,126.54671255290968,0.125,0.125,0.125,0.125,0.125,0.125,0.125,0.125
127,127.0,127.5417594641543,0.125,0.125,0.125,0.125,0.125,0.125,0.125,0.125
128,128.0,128.5368840896329,0.125,0.125,0.125,0.125,0.125,0.125,0.125,0.125
129,129.0,129.53212741166732,0.125,0.125,0.125,0.125,0.125,0.125,0.125,0.125
130,130.0,130.52752512738164,0.125,0.125,0.125,0.125,0.125,0.125,0.125,0.125
131,131.0,131.5231078202507,0.125,0.125,0.125,0.125,0.125,0.125,0.125,0.125
132,132.0,132.51890116563033,0.125,0.125,0.125,0.125,0.125,0.125,0.125,0.125
133,133.0,133.5149261648157,0.125,0.125,0.125,0.125,0.125,0.125,0.125,0.125
134,134.0,134.51119940243439,0.125,0.125,0.125,0.125,0.125,0.125,0.125,0.125
135,135.0,135.50773332226686,0.125,0.125,0.125,0.125,0.125,0.125,0.125,0.125
136,136.0,136.5045365168934,0.125,0.125,0.125,0.125,0.125,0.125,0.125,0.125
137,137.0,137.50161402688838,0.125,0.125,0.125,0.125,0.125,0.125,0.125,0.125
138,138.0,138.49896764561495,0.125,0.125,0.125,0.125,0.125,0.125,0.125,0.125
139,139.0,139.4965962260127,0.125,0.125,0.125,0.125,0.125,0.125,0.125,0.125
140,140.0,140.4944959861106,0.125,0.125,0.125,0.125,0.125,0.125,0.125,0.125
141,141.0,141.49266081033758,0.125,0.125,0.125,0.125,0.125,0.125,0.125,0.125
142,142.0,142.49108254403848,0.125,0.125,0.125,0.125,0.125,0.125,0.125,0.125
143,143.0,143.4897512789289,0.125,0.125,0.125,0.125,0.125,0.125,0.125,0.125
144,144.0,144.488655627541,0.125,0.125,0.125,0.125,0.125,0.125,0.125,0.125
145,145.0,145.48778298501648,0.125,0.125,0.125,0.125,0.125,0.125,0.125,0.125
146,146.0,146.48711977689425,0.125,0.125,0.125,0.125,0.125,0.125,0.125,0.125
147,147.0,147.4866516918153,0.125,0.125,0.125,0.125,0.125,0.125,0.125,0.125
148,148.0,148.4863638983261,0.125,0.125,0.125,0.125,0.125,0.125,0.125,0.125
149,149.0,149.48624124520254,0.125,0.125,0.125,0.125,0.125,0.125,0.125,0.125
150,150.0,150.48626844493933,0.125,0.125,0.125,0.125,0.125,0.125,0.125,0.125
151,151.0,151.48643024025304,0.125,0.125,0.125,0.125,0.125,0.125,0.125,0.125
152,152.0,152.48671155363283,0.125,0.125,0.125,0.125,0.125,0.125,0.125,0.125
153,153.0,153.48709762013831,0.125,0.125,0.125,0.125,0.125,0.125,0.125,0.125
154,154.0,154.48757410379187,0.125,0.125,0.125,0.125,0.125,0.125,0.125,0.125
155,155.0,155.48812719804218,0.125,0.125,0.125,0.125,0.125,0.125,0.125,0.125
156,156.0,156.488743710887,0.125,0.125,0.125,0.125,0.125,0.125,0.125,0.125
157,157.0,157.4894111353385,0.125,0.125,0.125,0.125,0.125,0.125,0.125,0.125
158,158.0,158.49011770599142,0.125,0.125,0.125,0.125,0.125,0.125,0.125,0.125
159,159.0,159.49085244251916,0.125,0.125,0.125,0.125,0.125,0.125,0.125,0.125
160,160.0,160.49160518096895,0.125,0.125,0.125,0.125,0.125,0.125,0.125,0.125
161,161.0,161.49236659376407,0.125,0.125,0.125,0.125,0.125,0.125,0.125,0.125
162,162.0,162.49312819934204,0.125,0.125,0.125,0.125,0.125,0.125,0.125,0.125
163,163.0,163.4938823623688,0.125,0.125,0.125,0.125,0.125,0.125,0.125,0.125
164,164.0,164.49462228546915,0.125,0.125,0.125,0.125,0.125,0.125,0.125,0.125
165,165.0,165.49534199340482,0.125,0.125,0.125,0.125,0.125,0.125,0.125,0.125
166,166.0,166.49603631061285,0.125,0.125,0.125,0.125,0.125,0.125,0.125,0.125
167,167.0,167.49670083299395,0.125,0.125,0.125,0.125,0.125,0.125,0.125,0.125
168,168.0,168.49733189480702,0.125,0.125,0.125,0.125,0.125,0.125,0.125,0.125
169,169.0,169.4979265314907,0.125,0.125,0.125,0.125,0.125,0.125,0.125,0.125
170,170.0,170.49848243919112,0.125,0.125,0.125,0.125,0.125,0.125,0.125,0.125
171,171.0,171.49899793172958,0.125,0.125,0.125,0.125,0.125,0.125,0.125,0.125
172,172.0,172.49947189569687,0.125,0.125,0.125,0.125,0.125,0.125,0.125,0.125
173,173.0,173.49990374431047,0.125,0.125,0.125,0.125,0.125,0.125,0.125,0.125
174,174.0,174.50029337061963,0.125,0.125,0.125,0.125,0.125,0.125,0.125,0.125
175,175.0,175.50064110059168,0.125,0.125,0.125,0.125,0.125,0.125,0.125,0.125
176,176.0,176.5009476465606,0.125,0.125,0.125,0.125,0.125,0.125,0.125,0.125
177,177.0,177.501214061467,0.125,0.125,0.125,0.125,0.125,0.125,0.125,0.125
178,178.0,178.50144169426812,0.125,0.125,0.125,0.125,0.125,0.125,0.125,0.125
179,179.0,179.50163214684645,0.125,0.125,0.125,0.125,0.125,0.125,0.125,0.125
180,180.0,180.5017872326985,0.125,0.125,0.125,0.125,0.125,0.125,0.125,0.125
181,181.0,181.50190893763832,0.125,0.125,0.125,0.125,0.125,0.125,0.125,0.125
182,182.0,182.5019993827078,0.125,0.125,0.125,0.125,0.125,0.125,0.125,0.125
183,183.0,183.50206078944325,0.125,0.125,0.125,0.125,0.125,0.125,0.125,0.125
184,184.0,184.50209544761069,0.125,0.125,0.125,0.125,0.125,0.125,0.125,0.125
185,185.0,185.50210568548533,0.125,0.125,0.125,0.125,0.125,0.125,0.125,0.125
186,186.0,186.50209384271764,0.125,0.125,0.125,0.125,0.125,0.125,0.125,0.125
187,187.0,187.50206224579955,0.125,0.125,0.125,0.125,0.125,0.125,0.125,0.125
188,188.0,188.50201318611525,0.125,0.125,0.125,0.125,0.125,0.125,0.125,0.125
189,189.0,189.50194890053822,0.125,0.125,0.125,0.125,0.125,0.125,0.125,0.125
190,190.0,190.50187155451354,0.125,0.125,0.125,0.125,0.125,0.125,0.125,0.125
191,191.0,191.50178322754618,0.125,0.125,0.125,0.125,0.125,0.125,0.125,0.125
192,192.0,192.5016859010001,0.125,0.125,0.125,0.125,0.125,0.125,0.125,0.125
193,193.0,193.5015814480986,0.125,0.125,0.125,0.125,0.125,0.125,0.125,0.125
194,194.0,194.50147162600626,0.125,0.125,0.125,0.125,0.125,0.125,0.125,0.125
195,195.0,195.50135806986313,0.125,0.125,0.125,0.125,0.125,0.125,0.125,0.125
196,196.0,196.50124228863567,0.125,0.125,0.125,0.125,0.125,0.125,0.125,0.125
197,197.0,197.5011256626446,0.125,0.125,0.125,0.125,0.125,0.125,0.125,0.125
198,198.0,198.50100944262618,0.125,0.125,0.125,0.125,0.125,0.125,0.125,0.125
199,199.0,199.50089475018336,0.125,0.125,0.125,0.125,0.125,0.125,0.125,0.125
200,200.0,200.50078257948297,0.125,0.125,0.125,0.125,0.125,0.125,0.125,0.125
201,201.0,201.5006738000578,0.12509020618556702,0.12498711340206187,0.12498711340206187,0.12498711340206187,0.12498711340206187,0.12498711340206187,0.12498711340206187,0.12498711340206187
202,202.0,202.50056916057457,0.12516583473595624,0.12496173206395961,0.12506377288028614,0.12496173206395961,0.12496173206395961,0.12496173206395961,0.12496173206395961,0.12496173206395961
203,203.0,203.50046929343392,0.1252398951451715,0.12493672051861983,0.12513978174310963,0.12493672051861983,0.12493672051861983,0.12493672051861983,0.12493672051861983,0.12493672051861983
204,204.0,204.500374720073,0.125311803623238,0.12491229190221965,0.12521444496344417,0.12491229190221965,0.12491229190221965,0.12491229190221965,0.12491229190221965,0.12491229190221965
205,205.0,205.50028585684746,0.12538105627848994,0.12488863220802915,0.1252871504733353,0.12488863220802915,0.12488863220802915,0.12488863220802915,0.12488863220802915,0.12488863220802915
206,206.0,206.50020302137597,0.1254472261666563,0.12486590114076923,0.12535736698872846,0.12486590114076923,0.12486590114076923,0.12486590114076923,0.12486590114076923,0.12486590114076923
207,207.0,207.50012643923787,0.12550995986556393,0.12484423314841944,0.1254246412439195,0.12484423314841944,0.12484423314841944,0.12484423314841944,0.12484423314841944,0.12484423314841944
208,208.0,208.5000562509212,0.12556897365714967,0.12482373860341228,0.12548859472237672,0.12482373860341228,0.12482373860341228,0.12482373860341228,0.12482373860341228,0.12482373860341228
209,209.0,209.499992518927,0.1253831196890144,0.12466561621757466,0.12541003107810006,0.12466561621757466,0.12466561621757466,0.1258787681450123,0.12466561621757466,0.12466561621757466
210,210.0,210.49993523494297,0.1251832114277083,0.12449784141505085,0.1254165984617022,0.12449784141505085,0.12449784141505085,0.12691098303533535,0.12449784141505085,0.12449784141505085
211,211.0,211.4998843270079,0.12507166389845775,0.12432206769883093,0.12540672696071092,0.12432206769883093,0.12432206769883093,0.12791127064667676,0.12432206769883093,0.12432206769883093
212,212.0,212.49983966659624,0.1258811375414535,0.12386210282245921,0.1251032472874064,0.12386210282245921,0.12497321393357032,0.1274828788366219,0.12386210282245921,0.12497321393357033
213,213.0,213.4998010755598,0.12635057741723238,0.12318943639779932,0.12457880808105551,0.12418943639779932,0.12540054750891041,0.12781232140160453,0.12318943639779932,0.1252894363977993
214,214.0,214.49976833287138,0.1263159049297068,0.12304061904048277,0.12356736211297488,0.12393970994957369,0.12612870994957365,0.1288372539165208,0.12204061904048277,0.12612982106068477
215,215.0,215.49974118112314,0.1268545607340514,0.1224915931518615,0.12324531630389637,0.1234697805305023,0.12642899406095237,0.13039524982410403,0.12059250224277061,0.1265220031518615
216,216.0,216.49971933273847,0.12719763677162724,0.12177996786586179,0.12357712606096566,0.12282926893117513,0.12653328285677085,0.13245668870005772,0.11899977695677089,0.12662625185677084
217,217.0,217.4997024758649,0.1273520516679734,0.12101699816296024,0.12384560288151242,0.12288709303106557,0.12647225419274807,0.13448103257075938,0.11738071007205114,0.1265642574209299
218,218.0,218.49969027992,0.12727507013159017,0.12006801228444015,0.12542211090869906,0.12338461258102452,0.12611969345815177,0.1359896602325419,0.1156066905198947,0.12613414988365784
219,219.0,219.49968240077038,0.1278348407153535,0.11903611003165691,0.126679146210654,0.12432041863808135,0.12558603504514085,0.1372986108092331,0.11378596208757508,0.12545887646230536
220,220.0,220.49967848552805,0.1283769256662462,0.11794995754306674,0.1280133928657414,0.12525396185359305,0.12505131871228028,0.13852190536071812,0.11204854580457468,0.12478399219377971
221,221.0,221.49967817695466,0.12877381516399472,0.11745789620550175,0.1291265814681923,0.12595795320118494,0.1243504543656998,0.13933784425266943,0.11104979138645757,0.12394566395629968
222,222.0,222.49968111746907,0.12902573676778764,0.11695021062438682,0.12996701390054471,0.1265769042769442,0.1235946201285686,0.14009178950087758,0.11007821003408315,0.1237155147668075
223,223.0,223.49968695275734,0.12910410028541483,0.11638949246084049,0.13113002665695014,0.12707155450572138,0.1227536478890896,0.14049110065093448,0.10904263175623237,0.12401744579481692
224,224.0,224.4996953349892,0.12911302367786237,0.11583134079943,0.1321468231525308,0.12749407611461558,0.12188914981458103,0.1412840978180045,0.10800633217475153,0.12423515644822442
225,225.0,225.49970592564802,0.12897721886658092,0.11524060431607967,0.13281590466746096,0.12780698055905,0.12097164727881474,0.14236991100014415,0.10694046070153274,0.12487727261033706
226,226.0,226.49971839798445,0.12871472260240913,0.11371882853696139,0.13466782514668849,0.1280195710992615,0.12001708634150944,0.1437017828169663,0.1058608391228349,0.1252993443333691
227,227.0,227.4997324391074,0.12819053933195865,0.11211757638533142,0.13603685249315062,0.12806481263797675,0.11888802029414101,0.14516235464048863,0.10470510657943141,0.1268347376375217
228,228.0,228.49974775172697,0.12666067851904317,0.1105878133675508,0.13732924350066994,0.12808599300755183,0.11780837747396485,0.1475276266876348,0.10364884860552634,0.12835141883805845
229,229.0,229.4997640555673,0.12430767319270498,0.10913768820041243,0.13853973789306556,0.12808530652120498,0.11678401198646347,0.14978347621557095,0.1026926803239089,0.1306694256666689
230,230.0,230.49978108846796,0.12192888832538601,0.10774449858444159,0.13948898179143465,0.12803570696331001,0.11579039998716256,0.15241536300433053,0.10180691468208461,0.13278924666185016
231,231.0,231.49979860719387,0.1196033212988049,0.10577613198348826,0.1403515025430383,0.12796889742607437,0.11486071803670875,0.15491199603889097,0.10101968486196611,0.13550774781102845
232,232.0,232.49981638797524,0.11725460775353963,0.10384180730591984,0.14142778585152824,0.12765261787999746,0.11451322082691484,0.1571676361187126,0.10026102712344363,0.1378812971399439
233,233.0,233.49983422679873,0.11495665319208155,0.10198188311081752,0.14237853318540647,0.12714233880253872,0.1147072902428097,0.1592319298536413,0.09956009034038679,0.14004128127231813
234,234.0,234.49985193947185,0.1127128304493396,0.10021679730337027,0.14354940271361327,0.126604194590272,0.11493287234503245,0.16108883812849215,0.09892739049656415,0.14196767397331628
235,235.0,235.49986936148298,0.11053973167043667,0.0991427357467883,0.14490948737424764,0.12604613674858428,0.11459610829959398,0.16274009750609156,0.09836221444627409,0.1436634882079837
236,236.0,236.49988634767814,0.10849097648573892,0.0981914053863255,0.14617301805421368,0.1254952177383151,0.11430549264590119,0.16422872132134972,0.09788294209014675,0.14523222627800936
237,237.0,237.49990277177702,0.10653509239597324,0.0973402835601248,0.14715914923213036,0.12493647002057545,0.11403955385546664,0.1655165612006485,0.09746601293647736,0.14700687679860386
238,238.0,238.49991852574823,0.10468169237101571,0.0965875312522578,0.14788279511954597,0.12437593456252566,0.1137981542491047,0.16702682504392927,0.09710903257579263,0.14853803482582847
239,239.0,239.49993351906483,0.1029090976008721,0.0959012369490474,0.1487012273849075,0.12437802870197243,0.11355165181954925,0.16862217417283187,0.09675073408139663,0.14918584928942308
240,240.0,240.49994767785913,0.10121982032790479,0.09579774504558045,0.14923788875430585,0.12418690951578223,0.113230913831818,0.1703657704726677,0.0964143994766051,0.1495465525753361
241,241.0,241.49996094399543,0.09959548006347843,0.09566419980221089,0.14982951188970178,0.12379812687025221,0.11282037256760535,0.1716270877151105,0.09604833727778331,0.15061688381385774
242,242.0,242.49997327407812,0.09812146753502424,0.09562039409713055,0.15033324038853968,0.1234297343979606,0.11244856585896944,0.17273249636896773,0.09574568558966931,0.15156841576373867
243,243.0,243.49998463841177,0.09732380588370321,0.09565779203356133,0.150752826429487,0.12255706121683277,0.11211533831743895,0.17418653320655936,0.09550312987807348,0.15190351303434416
244,244.0,244.49999501992795,0.09664534290397939,0.09574408974417827,0.15104486935030423,0.12168913681628041,0.11179635477790911,0.17572789027923125,0.0952694670548409,0.15208284907327668
245,245.0,245.50000441309325,0.0957246015521485,0.09588756283848515,0.1517600806746739,0.12084819412628006,0.11196195469414918,0.1769370210973478,0.09505995657317969,0.15182062844373595
246,246.0,246.50001282281107,0.09490100255883807,0.09658002698320879,0.15256067750850918,0.12001259654924173,0.11157950632357058,0.17815847188855477,0.09484664812394522,0.15136107006413188
247,247.0,247.500020263329,0.09411969971801062,0.09717997468226805,0.1530516959300783,0.11991499307824287,0.11112762584820456,0.1793544755449352,0.09460467303697817,0.15064686216128242
248,248.0,248.50002675716183,0.09339991965505463,0.09770605068890084,0.15328633036135558,0.12016646471978477,0.11064972284333807,0.18067932915411986,0.09437139060025922,0.1497407919771872
249,249.0,249.50003233403976,0.09278515452663844,0.09824568518896656,0.1533039648110804,0.12042876822813556,0.11019562522579579,0.18213817997291382,0.09416928243552813,0.14873333961094146
250,250.0,250.5000370298895,0.09227064263000638,0.09926790860372592,0.1534434013904562,0.12022119118416869,0.10976708557243489,0.183390247781067,0.0939968443366476,0.1476426785014935
251,251.0,251.5000408858554,0.09173545427663653,0.1002580542688303,0.15379996117576034,0.12011580048575221,0.10903889964531949,0.1846521552004647,0.09383202228894959,0.14656765265828703
252,252.0,252.50004394736615,0.09127935564358415,0.10122321402902373,0.15404579955960349,0.12000249287252188,0.10833354864326061,0.18570059841909467,0.09368233526992636,0.1457326555629853
253,253.0,253.50004626325216,0.0908977017869708,0.10225502037624347,0.15409052531751313,0.11988125885353948,0.10794887064433076,0.1865426980798245,0.09354646968872347,0.14483745525285457
254,254.0,254.50004788491702,0.09060488615809306,0.1032636028877799,0.15408866876466398,0.11978287346304597,0.10760723336350043,0.18725425042953742,0.09344242344774523,0.14395606148563414
255,255.0,255.50004886556624,0.09039495309046615,0.10424119812208602,0.15404490669766038,0.11970603569209741,0.107307749101768,0.18784119467583804,0.09336805507537894,0.1430959075447052
256,256.0,256.50004925949486,0.09027062631461272,0.10519004151051327,0.15409755712816,0.11936415416536143,0.10706702271178395,0.18836359812243342,0.09333005312445858,0.14231694692267674
257,257.0,257.5000491214357,0.09021656707873964,0.10609549841339093,0.15411613144649258,0.11904383656566275,0.10686554288952461,0.18877456247258217,0.0933171395819744,0.14157072155163303
258,258.0,258.50004850596815,0.09008740033231871,0.10681396402135629,0.15426799293483287,0.11971835189851686,0.10625948058452094,0.18894223310353858,0.09318804585361877,0.14072253127129714
259,259.0,259.5000474669876,0.09000801583789744,0.10747304015184944,0.1545420821400846,0.12039755906136843,0.10568416928485318,0.1889607867450834,0.09307176823929088,0.13986257853957274
260,260.0,260.50004605723524,0.08997384724424987,0.10807169302034249,0.15492992890499763,0.12107381482861902,0.10514190503201422,0.18884265773392114,0.09296780593276105,0.1389983473030947
261,261.0,261.50004432788575,0.08996945007539978,0.10859871385251516,0.15540678662814747,0.12172641691329118,0.10462651148904392,0.18858362304590726,0.09286470245447942,0.13822379554121594
262,262.0,262.5000423281924,0.08999065095204721,0.10905475543516907,0.15606195036924564,0.12234972566570258,0.10413945410046119,0.18819682255810563,0.0927621627478953,0.1374444781713735
263,263.0,263.5000401051865,0.09074178821350097,0.11089736458971845,0.15666666807552151,0.12104320451337339,0.10321364404991895,0.18783613273674543,0.09266798587348497,0.13693321194773642
264,264.0,264.50003770342926,0.09141237952539899,0.11250101242333972,0.15783681955492568,0.11965907091514981,0.10229665102482564,0.18710913994968403,0.09254791157147281,0.13663701503520337
265,265.0,265.5000351648134,0.09190543681055476,0.11368465673710527,0.15874843471058195,0.11893837379710565,0.10129830921164866,0.1864384862991948,0.09230704957136797,0.13667925286244098
266,266.0,266.50003252841105,0.09232437474675617,0.11462774547283623,0.15951701586770395,0.11799815086269895,0.10027492006666325,0.18657912000236837,0.09199784753199862,0.13668082544897447
267,267.0,267.50002983036484,0.09273979412054563,0.11548046335016955,0.16047913231328492,0.11707327963014462,0.09930681960564713,0.1866795855050667,0.09169760970869391,0.13654331576644754
268,268.0,268.50002710381955,0.09309405841443563,0.11804133794803272,0.16108701298574096,0.11519149801420223,0.09825194871369414,0.18681856554060025,0.09126201528549702,0.13625356309779704
269,269.0,269.5000243788906,0.09342944307650226,0.120487830238079,0.16148657515000106,0.1134327314069395,0.09725363050388386,0.1868752725912367,0.09083284125631402,0.1362016757770436
270,270.0,270.50002168266565,0.09383103916298945,0.12295201950239874,0.1611893635326179,0.11177604130673892,0.09634454830707095,0.18721779932463156,0.09044188423191699,0.13624730463163548
271,271.0,271.5000190392365,0.0941204030042997,0.12485086707103966,0.16091624507326552,0.10928199749393473,0.09657955850104642,0.18753718155800664,0.09003260500218954,0.13668114229621775
272,272.0,272.50001646975795,0.09518905640231633,0.12616287043642152,0.15990756109704707,0.10669226616849224,0.09717377575925219,0.18866364331082555,0.08955371188033184,0.1366571149453132
273,273.0,273.5000139925297,0.096145870867854,0.12708675736581684,0.15960682611578428,0.10411591758234723,0.09771050413524171,0.18936308246697203,0.0889919235168124,0.1369791179491715
274,274.0,274.500011623099,0.0977707136469195,0.12776924512159,0.16026225399455177,0.10177648562097182,0.0983016883451254,0.1877002198879477,0.08847251497562847,0.13794687840726538
275,275.0,275.50000937438034,0.09933753420270293,0.12865489992851115,0.16094285678014156,0.09948762413929395,0.09882975181596848,0.18614163174243326,0.08791384035463606,0.13869186103631265
276,276.0,276.50000725678973,0.10076515447837549,0.1297247069344026,0.16144511516368193,0.09748984190321326,0.09929978291888514,0.18430981483273454,0.0877317458867285,0.13923383788197863
277,277.0,277.5000052783903,0.10205614951690997,0.1309073987175937,0.16188108155285047,0.09558573299291646,0.10015049611703761,0.18227843037568497,0.08751812114096413,0.1396225895860428
278,278.0,278.5000034450469,0.10320013976150721,0.1318085106193142,0.1623242612600207,0.09418858620666912,0.10091844229524041,0.18043536339570082,0.08726848355356409,0.13985621290798358
279,279.0,279.50000176058734,0.10424365127870411,0.13402364365426042,0.161782203994884,0.0929090188723394,0.10164738792495351,0.17840777490444343,0.08699889787451484,0.13998742149590043
280,280.0,280.5000002269679,0.1051627148241387,0.13584577353718102,0.161076705832655,0.09264354673678485,0.10222551129497938,0.1761480421599727,0.0869498559588439,0.13994784965544466
281,281.0,281.49999884444077,0.10590299251256585,0.13833987401006964,0.1600417417297993,0.09253004975629561,0.10269288972408942,0.17386485428590465,0.08683112831577698,0.13979646966549875
282,282.0,282.4999976117219,0.10656149971469767,0.14068642987961222,0.15890134490803637,0.092528101596203,0.10313861787794074,0.17185001637278502,0.08673548755336047,0.13959850209736469
283,283.0,283.4999965261577,0.10713957330510154,0.14287647494540712,0.15767134015849502,0.09262580154994585,0.10356014840047985,0.1701070458852828,0.08666132628911269,0.1393582894661753
284,284.0,284.49999558388834,0.10763165512556043,0.14487295054793825,0.15644965733388103,0.09281173396189285,0.10393637071325323,0.16831832746997122,0.08689826797708608,0.13908103687041706
285,285.0,285.49999478000706,0.10715212678538952,0.14678513640686025,0.15535838432047305,0.09338591951262941,0.10337834880404918,0.1664117241666937,0.0886452516420469,0.1388831083618581
286,286.0,286.4999941087138,0.10650151089229722,0.14842026078489823,0.15419395917552836,0.09392235734101295,0.10369333104175602,0.1645224632571363,0.09016964554355361,0.13857647196381745
287,287.0,287.49999356346274,0.10579950079187914,0.14956317637257144,0.15317730214796377,0.09450377156648512,0.10398694562067815,0.16305498963853676,0.09167454315030912,0.13823977071157667
288,288.0,288.4999931371022,0.10462369160916817,0.15058220091666819,0.152784845345808,0.09535122869514469,0.10448041478570633,0.16075968602331034,0.09332854415987735,0.13808938846431715
289,289.0,289.4999928220067,0.10342750577184243,0.15144652664800834,0.1524425669647056,0.09623411528848312,0.10495217539484655,0.15860948832519292,0.09493984555272883,0.13794777605419237
290,290.0,290.49999261020065,0.10214918522797908,0.15193570746328142,0.1526383824358728,0.0970643019583416,0.10532392312183862,0.1567279380460049,0.09642084670084916,0.13773971504583254
291,291.0,291.4999924934732,0.10087428002482765,0.1522832830534622,0.15297393284847768,0.09789242486045266,0.1056664951487846,0.1549658063715034,0.09752182098838741,0.13782195670410452
292,292.0,292.49999246348375,0.09960549952560316,0.1524807703334431,0.15324340268203748,0.0987000256144977,0.10596021547370459,0.15317497302869335,0.09850343441590229,0.13833167892611847
293,293.0,293.49999251185847,0.09836658644626592,0.1525613933700778,0.15354098902968316,0.09950218177136783,0.10622722217218551,0.15154402669507783,0.09941356522557265,0.13884403528976946
294,294.0,294.49999263027706,0.0971580305196491,0.15251820704539157,0.15385199172055822,0.10028250357324034,0.10644969122794351,0.1502248032845887,0.10020569709122888,0.13930907553739988
295,295.0,295.4999928105511,0.09690262688584506,0.15237669993614505,0.15427425657808136,0.1011208337054117,0.10564252749207495,0.14902928906898455,0.10092044853712046,0.1397333177963371
296,296.0,296.49999304469213,0.09660155374584996,0.15206024040400798,0.154616677161255,0.10175147288201514,0.10472888709322238,0.14789646221032685,0.10228871312106796,0.14005599338225502
297,297.0,297.4999933249722,0.09711069537704828,0.1516133742045943,0.1548987869537144,0.1022099176749341,0.10375244001967629,0.1469889579990833,0.10339420198146557,0.14003162578948408
298,298.0,298.49999364397456,0.09764193990459794,0.15108467763886926,0.15508738137078004,0.1027938170802101,0.10276029838188494,0.14633527235751922,0.1043687662716339,0.1399278469945049
299,299.0,299.4999939946369,0.09820728247680588,0.1507895979630335,0.15521401958510003,0.10343266660057393,0.10168900004727979,0.14558241876440833,0.10531490347442693,0.13977011108837187
300,300.0,300.4999943702867,0.09878200638211866,0.15042920360532958,0.15449890251702786,0.10402665013387286,0.10062582673065282,0.14592761456760528,0.10613580291182664,0.13957399315156657
301,301.0,301.4999947646686,0.099359061597808,0.1500125360264274,0.15378299221511882,0.10448847970764563,0.09957986836264317,0.1465138019256464,0.10683395611417512,0.13942930405053572
302,302.0,302.4999951719656,0.09993920119743611,0.14956965949450607,0.15308028386253242,0.10491043225578699,0.09857337654558271,0.14719615494460198,0.1074484399567378,0.13928245174281617
303,303.0,303.4999955868133,0.10049906245246432,0.14907759467048778,0.15245890695711808,0.10527502306123011,0.09759317453217273,0.14806320881157842,0.10793722278630183,0.13909580672864694
304,304.0,304.49999600430806,0.1010438545512094,0.14855296421657171,0.15185401413655594,0.10559312235659751,0.09665030559486606,0.1491080549996072,0.1083140770599277,0.13888360708466466
305,305.0,305.4999964200103,0.10142419421129101,0.14862855022982918,0.15120032121930274,0.1057965135986794,0.09568685328865573,0.15012346937254845,0.10854103388718503,0.13859906419250861
306,306.0,306.4999968299422,0.1017824531588912,0.1486800906862211,0.15053217055992085,0.10600491468458803,0.09477463332268406,0.15136119574841453,0.10866814477806477,0.13819639706121561
307,307.0,307.49999723058147,0.10210732577494026,0.14869900566715985,0.14987621619787928,0.10616194986911698,0.09390780065194414,0.15254261326573754,0.10869299748717295,0.13801209108604912
308,308.0,308.499997618851,0.10227920097158837,0.14843856315102794,0.1491878718852301,0.10645368219791226,0.09379938605135206,0.15352895550813908,0.10856743278644765,0.13774490744830264
309,309.0,309.4999979921051,0.10232238072513986,0.14867025748047713,0.14848523379374406,0.10665741265255708,0.09364057932706595,0.154452822892668,0.10833662772080788,0.1374346854075401
310,310.0,310.49999834811274,0.1022529657860319,0.14932607451117136,0.14777858918405118,0.10678173561775155,0.09344167076236107,0.15531305573309778,0.108015245879233,0.1370906625263022
311,311.0,311.4999986850384,0.10216862405863579,0.1502094247550601,0.14711826229692623,0.10663811051755064,0.09329437391264063,0.15615027229829118,0.10765841590058943,0.13676251626030603
312,312.0,312.4999990014212,0.10219889652617713,0.15107158388738978,0.14662952640447424,0.10625856837909613,0.09319972158475436,0.15704012130112777,0.10726486201310058,0.13633671990387997
313,313.0,313.4999992961515,0.10220314559235746,0.15187907102563847,0.14616246090110957,0.10584554444409613,0.09313367415562321,0.15806712853779517,0.10681491172061344,0.13589406362276651
314,314.0,314.4999995684472,0.10217533610377369,0.15262363178510877,0.14563091071436993,0.10538660991148319,0.09308926443063577,0.15909838182175254,0.10631276381981522,0.13568310141306086
315,315.0,315.49999981782895,0.10213108575284056,0.15332949824892828,0.1450645869389733,0.10490237458279833,0.09307796770682733,0.16004538297362775,0.10579859005793488,0.13565051373806952
316,316.0,316.5000000440941,0.10223687260581599,0.15248861780453307,0.14586549181364178,0.10457439917441584,0.09326177601541602,0.16033810839016993,0.10544053804787527,0.13579419614813207
317,317.0,317.5000002472919,0.10224365173818793,0.1515304809381112,0.14733927955116327,0.10415735411279793,0.093382699393569,0.16048962064518404,0.10499298312547756,0.135863930495509
318,318.0,318.500000427697,0.10223608619231556,0.15077694100447206,0.14875083333289985,0.10372866469521334,0.09352414122226865,0.16052236647607554,0.10454767525291989,0.13591329182383496
319,319.0,319.50000058578456,0.10221714448178375,0.14999406377438995,0.15023689343800373,0.10322270739088568,0.09367611805651259,0.16061412421652393,0.1040878328686599,0.13595111577324034
320,320.0,320.5000007222055,0.10218787611934968,0.1491912241457396,0.15170082309965574,0.10272576153252175,0.0938355015857758,0.16055113707781757,0.10361812024364012,0.1361895561954996
321,321.0,321.50000083776234,0.10214933664192538,0.1482951304820368,0.1532116236548942,0.10224162562220625,0.09399941768145861,0.16055109745502827,0.10314287246867393,0.13640889599377642
322,322.0,322.5000009333859,0.10211240973034513,0.1474175785296874,0.15510447440687694,0.10180546512027268,0.09417621035574264,0.1601963508263054,0.10268646805085928,0.13650104297991042
323,323.0,323.50000101011324,0.1013400720827095,0.14740665359376842,0.1570361544567326,0.1011867536883361,0.09521128568415646,0.1599097523248096,0.10235415486559377,0.13555517330389338
324,324.0,324.5000010690667,0.10053787217742453,0.14722697059335718,0.1589370321308237,0.10053427263678465,0.09663307912479291,0.15956092117948142,0.1020111860245436,0.13455866613279183
325,325.0,325.50000111143413,0.09973178279125132,0.14710314188429743,0.16043249122570752,0.09988349454878866,0.09792222541027489,0.1592084770786515,0.10214886042560535,0.1335695266354232
326,326.0,326.50000113845044,0.09894489500725222,0.14700095607115093,0.16184104079245423,0.09926664572593784,0.09910284698524749,0.15884719134388148,0.10238720047825599,0.1326092235958197
327,327.0,327.5000011513807,0.09818315754304983,0.14691927072245786,0.16315728628821008,0.0986865017299462,0.10024599010501195,0.15848156099591307,0.10264175621681011,0.1316844763986008
328,328.0,328.5000011515041,0.0974516727413065,0.1468568526452598,0.1643772956651166,0.09814519351808772,0.10134397118389143,0.1581156767995458,0.10290836051529183,0.1308009769315003
329,329.0,329.5000011401001,0.09675473018379376,0.1468123992931792,0.16549849244128967,0.09764425059406767,0.10239032661518563,0.15775322298158326,0.10318314247472356,0.1299634354161773
330,330.0,330.50000111843553,0.09608333940272942,0.14675568117620474,0.16669798128319052,0.09717277511004309,0.10336744248417007,0.15734979396753462,0.10343302403776067,0.12913996253836696
331,331.0,331.50000108775305,0.09568684962276044,0.14671994957417994,0.16756103037157166,0.09681507568542512,0.10428832795049849,0.15677086637184923,0.10367271303120905,0.12848518739250617
332,332.0,332.50000104926124,0.09533778387122233,0.14683673568329308,0.16825187350492737,0.09652021482535256,0.10525187180093885,0.15649759504632352,0.10393507056198509,0.12736885470595727
