Total_iterations,Unnamed: 0.1,Intertwine_two,Add_vertex,Delete_vertex,Invert_path_vertices,Insert_inside_vertex,Delete_inside_vertex,Replace_inside_vertex,Donate_between_routes
0,0.0,0.125,0.125,0.125,0.125,0.125,0.125,0.125,0.125
1,1.0,0.125,0.125,0.125,0.125,0.125,0.125,0.125,0.125
2,2.0,0.125,0.125,0.125,0.125,0.125,0.125,0.125,0.125
3,3.0,0.125,0.125,0.125,0.125,0.125,0.125,0.125,0.125
4,4.0,0.125,0.125,0.125,0.125,0.125,0.125,0.125,0.125
5,5.0,0.125,0.125,0.125,0.125,0.125,0.125,0.125,0.125
6,6.0,0.125,0.125,0.125,0.125,0.125,0.125,0.125,0.125
7,7.0,0.125,0.125,0.125,0.125,0.125,0.125,0.125,0.125
8,8.0,0.125,0.125,0.125,0.125,0.125,0.125,0.125,0.125
9,9.0,0.125,0.125,0.125,0.125,0.125,0.125,0.125,0.125
10,10.0,0.125,0.125,0.125,0.125,0.125,0.125,0.125,0.125
11,11.0,0.125,0.125,0.125,0.125,0.125,0.125,0.125,0.125
12,12.0,0.125,0.125,0.125,0.125,0.125,0.125,0.125,0.125
13,13.0,0.125,0.125,0.125,0.125,0.125,0.125,0.125,0.125
14,14.0,0.125,0.125,0.125,0.125,0.125,0.125,0.125,0.125
15,15.0,0.125,0.125,0.125,0.125,0.125,0.125,0.125,0.125
16,16.0,0.125,0.125,0.125,0.125,0.125,0.125,0.125,0.125
17,17.0,0.125,0.125,0.125,0.125,0.125,0.125,0.125,0.125
18,18.0,0.125,0.125,0.125,0.125,0.125,0.125,0.125,0.125
19,19.0,0.125,0.125,0.125,0.125,0.125,0.125,0.125,0.125
20,20.0,0.125,0.125,0.125,0.125,0.125,0.125,0.125,0.125
21,21.0,0.125,0.125,0.125,0.125,0.125,0.125,0.125,0.125
22,22.0,0.125,0.125,0.125,0.125,0.125,0.125,0.125,0.125
23,23.0,0.125,0.125,0.125,0.125,0.125,0.125,0.125,0.125
24,24.0,0.125,0.125,0.125,0.125,0.125,0.125,0.125,0.125
25,25.0,0.125,0.125,0.125,0.125,0.125,0.125,0.125,0.125
26,26.0,0.125,0.125,0.125,0.125,0.125,0.125,0.125,0.125
27,27.0,0.125,0.125,0.125,0.125,0.125,0.125,0.125,0.125
28,28.0,0.125,0.125,0.125,0.125,0.125,0.125,0.125,0.125
29,29.0,0.125,0.125,0.125,0.125,0.125,0.125,0.125,0.125
30,30.0,0.125,0.125,0.125,0.125,0.125,0.125,0.125,0.125
31,31.0,0.125,0.125,0.125,0.125,0.125,0.125,0.125,0.125
32,32.0,0.125,0.125,0.125,0.125,0.125,0.125,0.125,0.125
33,33.0,0.125,0.125,0.125,0.125,0.125,0.125,0.125,0.125
34,34.0,0.125,0.125,0.125,0.125,0.125,0.125,0.125,0.125
35,35.0,0.125,0.125,0.125,0.125,0.125,0.125,0.125,0.125
36,36.0,0.125,0.125,0.125,0.125,0.125,0.125,0.125,0.125
37,37.0,0.125,0.125,0.125,0.125,0.125,0.125,0.125,0.125
38,38.0,0.125,0.125,0.125,0.125,0.125,0.125,0.125,0.125
39,39.0,0.125,0.125,0.125,0.125,0.125,0.125,0.125,0.125
40,40.0,0.125,0.125,0.125,0.125,0.125,0.125,0.125,0.125
41,41.0,0.125,0.125,0.125,0.125,0.125,0.125,0.125,0.125
42,42.0,0.125,0.125,0.125,0.125,0.125,0.125,0.125,0.125
43,43.0,0.125,0.125,0.125,0.125,0.125,0.125,0.125,0.125
44,44.0,0.125,0.125,0.125,0.125,0.125,0.125,0.125,0.125
45,45.0,0.125,0.125,0.125,0.125,0.125,0.125,0.125,0.125
46,46.0,0.125,0.125,0.125,0.125,0.125,0.125,0.125,0.125
47,47.0,0.125,0.125,0.125,0.125,0.125,0.125,0.125,0.125
48,48.0,0.125,0.125,0.125,0.125,0.125,0.125,0.125,0.125
49,49.0,0.125,0.125,0.125,0.125,0.125,0.125,0.125,0.125
50,50.0,0.125,0.125,0.125,0.125,0.125,0.125,0.125,0.125
51,51.0,0.125,0.125,0.125,0.125,0.125,0.125,0.125,0.125
52,52.0,0.125,0.125,0.125,0.125,0.125,0.125,0.125,0.125
53,53.0,0.125,0.125,0.125,0.125,0.125,0.125,0.125,0.125
54,54.0,0.125,0.125,0.125,0.125,0.125,0.125,0.125,0.125
55,55.0,0.125,0.125,0.125,0.125,0.125,0.125,0.125,0.125
56,56.0,0.125,0.125,0.125,0.125,0.125,0.125,0.125,0.125
57,57.0,0.125,0.125,0.125,0.125,0.125,0.125,0.125,0.125
58,58.0,0.125,0.125,0.125,0.125,0.125,0.125,0.125,0.125
59,59.0,0.125,0.125,0.125,0.125,0.125,0.125,0.125,0.125
60,60.0,0.125,0.125,0.125,0.125,0.125,0.125,0.125,0.125
61,61.0,0.125,0.125,0.125,0.125,0.125,0.125,0.125,0.125
62,62.0,0.125,0.125,0.125,0.125,0.125,0.125,0.125,0.125
63,63.0,0.125,0.125,0.125,0.125,0.125,0.125,0.125,0.125
64,64.0,0.125,0.125,0.125,0.125,0.125,0.125,0.125,0.125
65,65.0,0.125,0.125,0.125,0.125,0.125,0.125,0.125,0.125
66,66.0,0.125,0.125,0.125,0.125,0.125,0.125,0.125,0.125
67,67.0,0.125,0.125,0.125,0.125,0.125,0.125,0.125,0.125
68,68.0,0.125,0.125,0.125,0.125,0.125,0.125,0.125,0.125
69,69.0,0.125,0.125,0.125,0.125,0.125,0.125,0.125,0.125
70,70.0,0.125,0.125,0.125,0.125,0.125,0.125,0.125,0.125
71,71.0,0.125,0.125,0.125,0.125,0.125,0.125,0.125,0.125
72,72.0,0.125,0.125,0.125,0.125,0.125,0.125,0.125,0.125
73,73.0,0.125,0.125,0.125,0.125,0.125,0.125,0.125,0.125
74,74.0,0.125,0.125,0.125,0.125,0.125,0.125,0.125,0.125
75,75.0,0.125,0.125,0.125,0.125,0.125,0.125,0.125,0.125
76,76.0,0.125,0.125,0.125,0.125,0.125,0.125,0.125,0.125
77,77.0,0.125,0.125,0.125,0.125,0.125,0.125,0.125,0.125
78,78.0,0.125,0.125,0.125,0.125,0.125,0.125,0.125,0.125
79,79.0,0.125,0.125,0.125,0.125,0.125,0.125,0.125,0.125
80,80.0,0.125,0.125,0.125,0.125,0.125,0.125,0.125,0.125
81,81.0,0.125,0.125,0.125,0.125,0.125,0.125,0.125,0.125
82,82.0,0.125,0.125,0.125,0.125,0.125,0.125,0.125,0.125
83,83.0,0.125,0.125,0.125,0.125,0.125,0.125,0.125,0.125
84,84.0,0.125,0.125,0.125,0.125,0.125,0.125,0.125,0.125
85,85.0,0.125,0.125,0.125,0.125,0.125,0.125,0.125,0.125
86,86.0,0.125,0.125,0.125,0.125,0.125,0.125,0.125,0.125
87,87.0,0.125,0.125,0.125,0.125,0.125,0.125,0.125,0.125
88,88.0,0.125,0.125,0.125,0.125,0.125,0.125,0.125,0.125
89,89.0,0.125,0.125,0.125,0.125,0.125,0.125,0.125,0.125
90,90.0,0.125,0.125,0.125,0.125,0.125,0.125,0.125,0.125
91,91.0,0.125,0.125,0.125,0.125,0.125,0.125,0.125,0.125
92,92.0,0.125,0.125,0.125,0.125,0.125,0.125,0.125,0.125
93,93.0,0.125,0.125,0.125,0.125,0.125,0.125,0.125,0.125
94,94.0,0.125,0.125,0.125,0.125,0.125,0.125,0.125,0.125
95,95.0,0.125,0.125,0.125,0.125,0.125,0.125,0.125,0.125
96,96.0,0.125,0.125,0.125,0.125,0.125,0.125,0.125,0.125
97,97.0,0.125,0.125,0.125,0.125,0.125,0.125,0.125,0.125
98,98.0,0.125,0.125,0.125,0.125,0.125,0.125,0.125,0.125
99,99.0,0.125,0.125,0.125,0.125,0.125,0.125,0.125,0.125
100,100.0,0.125,0.125,0.125,0.125,0.125,0.125,0.125,0.125
101,101.0,0.125,0.125,0.125,0.125,0.125,0.125,0.125,0.125
102,102.0,0.125,0.125,0.125,0.125,0.125,0.125,0.125,0.125
103,103.0,0.125,0.125,0.125,0.125,0.125,0.125,0.125,0.125
104,104.0,0.125,0.125,0.125,0.125,0.125,0.125,0.125,0.125
105,105.0,0.125,0.125,0.125,0.125,0.125,0.125,0.125,0.125
106,106.0,0.125,0.125,0.125,0.125,0.125,0.125,0.125,0.125
107,107.0,0.125,0.125,0.125,0.125,0.125,0.125,0.125,0.125
108,108.0,0.125,0.125,0.125,0.125,0.125,0.125,0.125,0.125
109,109.0,0.125,0.125,0.125,0.125,0.125,0.125,0.125,0.125
110,110.0,0.125,0.125,0.125,0.125,0.125,0.125,0.125,0.125
111,111.0,0.125,0.125,0.125,0.125,0.125,0.125,0.125,0.125
112,112.0,0.125,0.125,0.125,0.125,0.125,0.125,0.125,0.125
113,113.0,0.125,0.125,0.125,0.125,0.125,0.125,0.125,0.125
114,114.0,0.125,0.125,0.125,0.125,0.125,0.125,0.125,0.125
115,115.0,0.125,0.125,0.125,0.125,0.125,0.125,0.125,0.125
116,116.0,0.125,0.125,0.125,0.125,0.125,0.125,0.125,0.125
117,117.0,0.125,0.125,0.125,0.125,0.125,0.125,0.125,0.125
118,118.0,0.125,0.125,0.125,0.125,0.125,0.125,0.125,0.125
119,119.0,0.125,0.125,0.125,0.125,0.125,0.125,0.125,0.125
120,120.0,0.125,0.125,0.125,0.125,0.125,0.125,0.125,0.125
121,121.0,0.125,0.125,0.125,0.125,0.125,0.125,0.125,0.125
122,122.0,0.125,0.125,0.125,0.125,0.125,0.125,0.125,0.125
123,123.0,0.125,0.125,0.125,0.125,0.125,0.125,0.125,0.125
124,124.0,0.125,0.125,0.125,0.125,0.125,0.125,0.125,0.125
125,125.0,0.125,0.125,0.125,0.125,0.125,0.125,0.125,0.125
126,126.0,0.125,0.125,0.125,0.125,0.125,0.125,0.125,0.125
127,127.0,0.125,0.125,0.125,0.125,0.125,0.125,0.125,0.125
128,128.0,0.125,0.125,0.125,0.125,0.125,0.125,0.125,0.125
129,129.0,0.125,0.125,0.125,0.125,0.125,0.125,0.125,0.125
130,130.0,0.125,0.125,0.125,0.125,0.125,0.125,0.125,0.125
131,131.0,0.125,0.125,0.125,0.125,0.125,0.125,0.125,0.125
132,132.0,0.125,0.125,0.125,0.125,0.125,0.125,0.125,0.125
133,133.0,0.125,0.125,0.125,0.125,0.125,0.125,0.125,0.125
134,134.0,0.125,0.125,0.125,0.125,0.125,0.125,0.125,0.125
135,135.0,0.125,0.125,0.125,0.125,0.125,0.125,0.125,0.125
136,136.0,0.125,0.125,0.125,0.125,0.125,0.125,0.125,0.125
137,137.0,0.125,0.125,0.125,0.125,0.125,0.125,0.125,0.125
138,138.0,0.125,0.125,0.125,0.125,0.125,0.125,0.125,0.125
139,139.0,0.125,0.125,0.125,0.125,0.125,0.125,0.125,0.125
140,140.0,0.125,0.125,0.125,0.125,0.125,0.125,0.125,0.125
141,141.0,0.125,0.125,0.125,0.125,0.125,0.125,0.125,0.125
142,142.0,0.125,0.125,0.125,0.125,0.125,0.125,0.125,0.125
143,143.0,0.125,0.125,0.125,0.125,0.125,0.125,0.125,0.125
144,144.0,0.125,0.125,0.125,0.125,0.125,0.125,0.125,0.125
145,145.0,0.125,0.125,0.125,0.125,0.125,0.125,0.125,0.125
146,146.0,0.125,0.125,0.125,0.125,0.125,0.125,0.125,0.125
147,147.0,0.125,0.125,0.125,0.125,0.125,0.125,0.125,0.125
148,148.0,0.125,0.125,0.125,0.125,0.125,0.125,0.125,0.125
149,149.0,0.125,0.125,0.125,0.125,0.125,0.125,0.125,0.125
150,150.0,0.125,0.125,0.125,0.125,0.125,0.125,0.125,0.125
151,151.0,0.125,0.125,0.125,0.125,0.125,0.125,0.125,0.125
152,152.0,0.125,0.125,0.125,0.125,0.125,0.125,0.125,0.125
153,153.0,0.125,0.125,0.125,0.125,0.125,0.125,0.125,0.125
154,154.0,0.125,0.125,0.125,0.125,0.125,0.125,0.125,0.125
155,155.0,0.125,0.125,0.125,0.125,0.125,0.125,0.125,0.125
156,156.0,0.125,0.125,0.125,0.125,0.125,0.125,0.125,0.125
157,157.0,0.125,0.125,0.125,0.125,0.125,0.125,0.125,0.125
158,158.0,0.125,0.125,0.125,0.125,0.125,0.125,0.125,0.125
159,159.0,0.125,0.125,0.125,0.125,0.125,0.125,0.125,0.125
160,160.0,0.125,0.125,0.125,0.125,0.125,0.125,0.125,0.125
161,161.0,0.125,0.125,0.125,0.125,0.125,0.125,0.125,0.125
162,162.0,0.125,0.125,0.125,0.125,0.125,0.125,0.125,0.125
163,163.0,0.125,0.125,0.125,0.125,0.125,0.125,0.125,0.125
164,164.0,0.125,0.125,0.125,0.125,0.125,0.125,0.125,0.125
165,165.0,0.125,0.125,0.125,0.125,0.125,0.125,0.125,0.125
166,166.0,0.125,0.125,0.125,0.125,0.125,0.125,0.125,0.125
167,167.0,0.125,0.125,0.125,0.125,0.125,0.125,0.125,0.125
168,168.0,0.125,0.125,0.125,0.125,0.125,0.125,0.125,0.125
169,169.0,0.125,0.125,0.125,0.125,0.125,0.125,0.125,0.125
170,170.0,0.125,0.125,0.125,0.125,0.125,0.125,0.125,0.125
171,171.0,0.125,0.125,0.125,0.125,0.125,0.125,0.125,0.125
172,172.0,0.125,0.125,0.125,0.125,0.125,0.125,0.125,0.125
173,173.0,0.125,0.125,0.125,0.125,0.125,0.125,0.125,0.125
174,174.0,0.125,0.125,0.125,0.125,0.125,0.125,0.125,0.125
175,175.0,0.125,0.125,0.125,0.125,0.125,0.125,0.125,0.125
176,176.0,0.125,0.125,0.125,0.125,0.125,0.125,0.125,0.125
177,177.0,0.125,0.125,0.125,0.125,0.125,0.125,0.125,0.125
178,178.0,0.125,0.125,0.125,0.125,0.125,0.125,0.125,0.125
179,179.0,0.125,0.125,0.125,0.125,0.125,0.125,0.125,0.125
180,180.0,0.125,0.125,0.125,0.125,0.125,0.125,0.125,0.125
181,181.0,0.125,0.125,0.125,0.125,0.125,0.125,0.125,0.125
182,182.0,0.125,0.125,0.125,0.125,0.125,0.125,0.125,0.125
183,183.0,0.125,0.125,0.125,0.125,0.125,0.125,0.125,0.125
184,184.0,0.125,0.125,0.125,0.125,0.125,0.125,0.125,0.125
185,185.0,0.125,0.125,0.125,0.125,0.125,0.125,0.125,0.125
186,186.0,0.125,0.125,0.125,0.125,0.125,0.125,0.125,0.125
187,187.0,0.125,0.125,0.125,0.125,0.125,0.125,0.125,0.125
188,188.0,0.125,0.125,0.125,0.125,0.125,0.125,0.125,0.125
189,189.0,0.125,0.125,0.125,0.125,0.125,0.125,0.125,0.125
190,190.0,0.125,0.125,0.125,0.125,0.125,0.125,0.125,0.125
191,191.0,0.125,0.125,0.125,0.125,0.125,0.125,0.125,0.125
192,192.0,0.125,0.125,0.125,0.125,0.125,0.125,0.125,0.125
193,193.0,0.125,0.125,0.125,0.125,0.125,0.125,0.125,0.125
194,194.0,0.125,0.125,0.125,0.125,0.125,0.125,0.125,0.125
195,195.0,0.125,0.125,0.125,0.125,0.125,0.125,0.125,0.125
196,196.0,0.125,0.125,0.125,0.125,0.125,0.125,0.125,0.125
197,197.0,0.125,0.125,0.125,0.125,0.125,0.125,0.125,0.125
198,198.0,0.125,0.125,0.125,0.125,0.125,0.125,0.125,0.125
199,199.0,0.125,0.125,0.125,0.125,0.125,0.125,0.125,0.125
200,200.0,0.125,0.125,0.125,0.125,0.125,0.125,0.125,0.125
201,201.0,0.125090206185567,0.1249871134020618,0.1249871134020618,0.1249871134020618,0.1249871134020618,0.1249871134020618,0.1249871134020618,0.1249871134020618
202,202.0,0.1251658347359562,0.1249617320639596,0.1250637728802861,0.1249617320639596,0.1249617320639596,0.1249617320639596,0.1249617320639596,0.1249617320639596
203,203.0,0.1252398951451715,0.1249367205186198,0.1251397817431096,0.1249367205186198,0.1249367205186198,0.1249367205186198,0.1249367205186198,0.1249367205186198
204,204.0,0.125311803623238,0.1249122919022196,0.1252144449634441,0.1249122919022196,0.1249122919022196,0.1249122919022196,0.1249122919022196,0.1249122919022196
205,205.0,0.1253810562784899,0.1248886322080291,0.1252871504733353,0.1248886322080291,0.1248886322080291,0.1248886322080291,0.1248886322080291,0.1248886322080291
206,206.0,0.1254472261666563,0.1248659011407692,0.1253573669887284,0.1248659011407692,0.1248659011407692,0.1248659011407692,0.1248659011407692,0.1248659011407692
207,207.0,0.1255099598655639,0.1248442331484194,0.1254246412439195,0.1248442331484194,0.1248442331484194,0.1248442331484194,0.1248442331484194,0.1248442331484194
208,208.0,0.1255689736571496,0.1248237386034122,0.1254885947223767,0.1248237386034122,0.1248237386034122,0.1248237386034122,0.1248237386034122,0.1248237386034122
209,209.0,0.1253831196890144,0.1246656162175746,0.1254100310781,0.1246656162175746,0.1246656162175746,0.1258787681450123,0.1246656162175746,0.1246656162175746
210,210.0,0.1251832114277083,0.1244978414150508,0.1254165984617022,0.1244978414150508,0.1244978414150508,0.1269109830353353,0.1244978414150508,0.1244978414150508
211,211.0,0.1250716638984577,0.1243220676988309,0.1254067269607109,0.1243220676988309,0.1243220676988309,0.1279112706466767,0.1243220676988309,0.1243220676988309
212,212.0,0.1258811375414535,0.1238621028224592,0.1251032472874064,0.1238621028224592,0.1249732139335703,0.1274828788366219,0.1238621028224592,0.1249732139335703
213,213.0,0.1263505774172323,0.1231894363977993,0.1245788080810555,0.1241894363977993,0.1254005475089104,0.1278123214016045,0.1231894363977993,0.1252894363977993
214,214.0,0.1263159049297068,0.1230406190404827,0.1235673621129748,0.1239397099495736,0.1261287099495736,0.1288372539165208,0.1220406190404827,0.1261298210606847
215,215.0,0.1268545607340514,0.1224915931518615,0.1232453163038963,0.1234697805305023,0.1264289940609523,0.130395249824104,0.1205925022427706,0.1265220031518615
216,216.0,0.1271976367716272,0.1217799678658617,0.1235771260609656,0.1228292689311751,0.1265332828567708,0.1324566887000577,0.1189997769567708,0.1266262518567708
217,217.0,0.1273520516679734,0.1210169981629602,0.1238456028815124,0.1228870930310655,0.126472254192748,0.1344810325707593,0.1173807100720511,0.1265642574209299
218,218.0,0.1272750701315901,0.1200680122844401,0.125422110908699,0.1233846125810245,0.1261196934581517,0.1359896602325419,0.1156066905198947,0.1261341498836578
219,219.0,0.1278348407153535,0.1190361100316569,0.126679146210654,0.1243204186380813,0.1255860350451408,0.1372986108092331,0.113785962087575,0.1254588764623053
220,220.0,0.1283769256662462,0.1179499575430667,0.1280133928657414,0.125253961853593,0.1250513187122802,0.1385219053607181,0.1120485458045746,0.1247839921937797
221,221.0,0.1287738151639947,0.1174578962055017,0.1291265814681923,0.1259579532011849,0.1243504543656998,0.1393378442526694,0.1110497913864575,0.1239456639562996
222,222.0,0.1290257367677876,0.1169502106243868,0.1299670139005447,0.1265769042769442,0.1235946201285686,0.1400917895008775,0.1100782100340831,0.1237155147668075
223,223.0,0.1291041002854148,0.1163894924608404,0.1311300266569501,0.1270715545057213,0.1227536478890896,0.1404911006509344,0.1090426317562323,0.1240174457948169
224,224.0,0.1291130236778623,0.11583134079943,0.1321468231525308,0.1274940761146155,0.121889149814581,0.1412840978180045,0.1080063321747515,0.1242351564482244
225,225.0,0.1289772188665809,0.1152406043160796,0.1328159046674609,0.12780698055905,0.1209716472788147,0.1423699110001441,0.1069404607015327,0.124877272610337
226,226.0,0.1287147226024091,0.1137188285369613,0.1346678251466884,0.1280195710992615,0.1200170863415094,0.1437017828169663,0.1058608391228349,0.1252993443333691
227,227.0,0.1281905393319586,0.1121175763853314,0.1360368524931506,0.1280648126379767,0.118888020294141,0.1451623546404886,0.1047051065794314,0.1268347376375217
228,228.0,0.1266606785190431,0.1105878133675508,0.1373292435006699,0.1280859930075518,0.1178083774739648,0.1475276266876348,0.1036488486055263,0.1283514188380584
229,229.0,0.1243076731927049,0.1091376882004124,0.1385397378930655,0.1280853065212049,0.1167840119864634,0.1497834762155709,0.1026926803239089,0.1306694256666689
230,230.0,0.121928888325386,0.1077444985844415,0.1394889817914346,0.12803570696331,0.1157903999871625,0.1524153630043305,0.1018069146820846,0.1327892466618501
231,231.0,0.1196033212988049,0.1057761319834882,0.1403515025430383,0.1279688974260743,0.1148607180367087,0.1549119960388909,0.1010196848619661,0.1355077478110284
232,232.0,0.1172546077535396,0.1038418073059198,0.1414277858515282,0.1276526178799974,0.1145132208269148,0.1571676361187126,0.1002610271234436,0.1378812971399439
233,233.0,0.1149566531920815,0.1019818831108175,0.1423785331854064,0.1271423388025387,0.1147072902428097,0.1592319298536413,0.0995600903403867,0.1400412812723181
234,234.0,0.1127128304493396,0.1002167973033702,0.1435494027136132,0.126604194590272,0.1149328723450324,0.1610888381284921,0.0989273904965641,0.1419676739733162
235,235.0,0.1105397316704366,0.0991427357467883,0.1449094873742476,0.1260461367485842,0.1145961082995939,0.1627400975060915,0.098362214446274,0.1436634882079837
236,236.0,0.1084909764857389,0.0981914053863255,0.1461730180542136,0.1254952177383151,0.1143054926459011,0.1642287213213497,0.0978829420901467,0.1452322262780093
237,237.0,0.1065350923959732,0.0973402835601248,0.1471591492321303,0.1249364700205754,0.1140395538554666,0.1655165612006485,0.0974660129364773,0.1470068767986038
238,238.0,0.1046816923710157,0.0965875312522578,0.1478827951195459,0.1243759345625256,0.1137981542491047,0.1670268250439292,0.0971090325757926,0.1485380348258284
239,239.0,0.1029090976008721,0.0959012369490474,0.1487012273849075,0.1243780287019724,0.1135516518195492,0.1686221741728318,0.0967507340813966,0.149185849289423
240,240.0,0.1012198203279047,0.0957977450455804,0.1492378887543058,0.1241869095157822,0.113230913831818,0.1703657704726677,0.0964143994766051,0.1495465525753361
241,241.0,0.0995954800634784,0.0956641998022108,0.1498295118897017,0.1237981268702522,0.1128203725676053,0.1716270877151105,0.0960483372777833,0.1506168838138577
242,242.0,0.0981214675350242,0.0956203940971305,0.1503332403885396,0.1234297343979606,0.1124485658589694,0.1727324963689677,0.0957456855896693,0.1515684157637386
243,243.0,0.0973238058837032,0.0956577920335613,0.150752826429487,0.1225570612168327,0.1121153383174389,0.1741865332065593,0.0955031298780734,0.1519035130343441
244,244.0,0.0966453429039793,0.0957440897441782,0.1510448693503042,0.1216891368162804,0.1117963547779091,0.1757278902792312,0.0952694670548409,0.1520828490732766
245,245.0,0.0957246015521485,0.0958875628384851,0.1517600806746739,0.12084819412628,0.1119619546941491,0.1769370210973478,0.0950599565731796,0.1518206284437359
246,246.0,0.094901002558838,0.0965800269832087,0.1525606775085091,0.1200125965492417,0.1115795063235705,0.1781584718885547,0.0948466481239452,0.1513610700641318
247,247.0,0.0941196997180106,0.097179974682268,0.1530516959300783,0.1199149930782428,0.1111276258482045,0.1793544755449352,0.0946046730369781,0.1506468621612824
248,248.0,0.0933999196550546,0.0977060506889008,0.1532863303613555,0.1201664647197847,0.110649722843338,0.1806793291541198,0.0943713906002592,0.1497407919771872
249,249.0,0.0927851545266384,0.0982456851889665,0.1533039648110804,0.1204287682281355,0.1101956252257957,0.1821381799729138,0.0941692824355281,0.1487333396109414
250,250.0,0.0922706426300063,0.0992679086037259,0.1534434013904562,0.1202211911841686,0.1097670855724348,0.183390247781067,0.0939968443366476,0.1476426785014935
251,251.0,0.0917354542766365,0.1002580542688303,0.1537999611757603,0.1201158004857522,0.1090388996453194,0.1846521552004647,0.0938320222889495,0.146567652658287
252,252.0,0.0912793556435841,0.1012232140290237,0.1540457995596034,0.1200024928725218,0.1083335486432606,0.1857005984190946,0.0936823352699263,0.1457326555629853
253,253.0,0.0908977017869708,0.1022550203762434,0.1540905253175131,0.1198812588535394,0.1079488706443307,0.1865426980798245,0.0935464696887234,0.1448374552528545
254,254.0,0.090604886158093,0.1032636028877799,0.1540886687646639,0.1197828734630459,0.1076072333635004,0.1872542504295374,0.0934424234477452,0.1439560614856341
255,255.0,0.0903949530904661,0.104241198122086,0.1540449066976603,0.1197060356920974,0.107307749101768,0.187841194675838,0.0933680550753789,0.1430959075447052
256,256.0,0.0902706263146127,0.1051900415105132,0.15409755712816,0.1193641541653614,0.1070670227117839,0.1883635981224334,0.0933300531244585,0.1423169469226767
257,257.0,0.0902165670787396,0.1060954984133909,0.1541161314464925,0.1190438365656627,0.1068655428895246,0.1887745624725821,0.0933171395819744,0.141570721551633
258,258.0,0.0900874003323187,0.1068139640213562,0.1542679929348328,0.1197183518985168,0.1062594805845209,0.1889422331035385,0.0931880458536187,0.1407225312712971
259,259.0,0.0900080158378974,0.1074730401518494,0.1545420821400846,0.1203975590613684,0.1056841692848531,0.1889607867450834,0.0930717682392908,0.1398625785395727
260,260.0,0.0899738472442498,0.1080716930203424,0.1549299289049976,0.121073814828619,0.1051419050320142,0.1888426577339211,0.092967805932761,0.1389983473030947
261,261.0,0.0899694500753997,0.1085987138525151,0.1554067866281474,0.1217264169132911,0.1046265114890439,0.1885836230459072,0.0928647024544794,0.1382237955412159
262,262.0,0.0899906509520472,0.109054755435169,0.1560619503692456,0.1223497256657025,0.1041394541004611,0.1881968225581056,0.0927621627478953,0.1374444781713735
263,263.0,0.0907417882135009,0.1108973645897184,0.1566666680755215,0.1210432045133733,0.1032136440499189,0.1878361327367454,0.0926679858734849,0.1369332119477364
264,264.0,0.0914123795253989,0.1125010124233397,0.1578368195549256,0.1196590709151498,0.1022966510248256,0.187109139949684,0.0925479115714728,0.1366370150352033
265,265.0,0.0919054368105547,0.1136846567371052,0.1587484347105819,0.1189383737971056,0.1012983092116486,0.1864384862991948,0.0923070495713679,0.1366792528624409
266,266.0,0.0923243747467561,0.1146277454728362,0.1595170158677039,0.1179981508626989,0.1002749200666632,0.1865791200023683,0.0919978475319986,0.1366808254489744
267,267.0,0.0927397941205456,0.1154804633501695,0.1604791323132849,0.1170732796301446,0.0993068196056471,0.1866795855050667,0.0916976097086939,0.1365433157664475
268,268.0,0.0930940584144356,0.1180413379480327,0.1610870129857409,0.1151914980142022,0.0982519487136941,0.1868185655406002,0.091262015285497,0.136253563097797
269,269.0,0.0934294430765022,0.120487830238079,0.161486575150001,0.1134327314069395,0.0972536305038838,0.1868752725912367,0.090832841256314,0.1362016757770436
270,270.0,0.0938310391629894,0.1229520195023987,0.1611893635326179,0.1117760413067389,0.0963445483070709,0.1872177993246315,0.0904418842319169,0.1362473046316354
271,271.0,0.0941204030042997,0.1248508670710396,0.1609162450732655,0.1092819974939347,0.0965795585010464,0.1875371815580066,0.0900326050021895,0.1366811422962177
272,272.0,0.0951890564023163,0.1261628704364215,0.159907561097047,0.1066922661684922,0.0971737757592521,0.1886636433108255,0.0895537118803318,0.1366571149453132
273,273.0,0.096145870867854,0.1270867573658168,0.1596068261157842,0.1041159175823472,0.0977105041352417,0.189363082466972,0.0889919235168124,0.1369791179491715
274,274.0,0.0977707136469195,0.12776924512159,0.1602622539945517,0.1017764856209718,0.0983016883451254,0.1877002198879477,0.0884725149756284,0.1379468784072653
275,275.0,0.0993375342027029,0.1286548999285111,0.1609428567801415,0.0994876241392939,0.0988297518159684,0.1861416317424332,0.087913840354636,0.1386918610363126
276,276.0,0.1007651544783754,0.1297247069344026,0.1614451151636819,0.0974898419032132,0.0992997829188851,0.1843098148327345,0.0877317458867285,0.1392338378819786
277,277.0,0.1020561495169099,0.1309073987175937,0.1618810815528504,0.0955857329929164,0.1001504961170376,0.1822784303756849,0.0875181211409641,0.1396225895860428
278,278.0,0.1032001397615072,0.1318085106193142,0.1623242612600207,0.0941885862066691,0.1009184422952404,0.1804353633957008,0.087268483553564,0.1398562129079835
279,279.0,0.1042436512787041,0.1340236436542604,0.161782203994884,0.0929090188723394,0.1016473879249535,0.1784077749044434,0.0869988978745148,0.1399874214959004
280,280.0,0.1051627148241387,0.135845773537181,0.161076705832655,0.0926435467367848,0.1022255112949793,0.1761480421599727,0.0869498559588439,0.1399478496554446
281,281.0,0.1059029925125658,0.1383398740100696,0.1600417417297993,0.0925300497562956,0.1026928897240894,0.1738648542859046,0.0868311283157769,0.1397964696654987
282,282.0,0.1065614997146976,0.1406864298796122,0.1589013449080363,0.092528101596203,0.1031386178779407,0.171850016372785,0.0867354875533604,0.1395985020973646
283,283.0,0.1071395733051015,0.1428764749454071,0.157671340158495,0.0926258015499458,0.1035601484004798,0.1701070458852828,0.0866613262891126,0.1393582894661753
284,284.0,0.1076316551255604,0.1448729505479382,0.156449657333881,0.0928117339618928,0.1039363707132532,0.1683183274699712,0.086898267977086,0.139081036870417
285,285.0,0.1071521267853895,0.1467851364068602,0.155358384320473,0.0933859195126294,0.1033783488040491,0.1664117241666937,0.0886452516420469,0.1388831083618581
286,286.0,0.1065015108922972,0.1484202607848982,0.1541939591755283,0.0939223573410129,0.103693331041756,0.1645224632571363,0.0901696455435536,0.1385764719638174
287,287.0,0.1057995007918791,0.1495631763725714,0.1531773021479637,0.0945037715664851,0.1039869456206781,0.1630549896385367,0.0916745431503091,0.1382397707115766
288,288.0,0.1046236916091681,0.1505822009166681,0.152784845345808,0.0953512286951446,0.1044804147857063,0.1607596860233103,0.0933285441598773,0.1380893884643171
289,289.0,0.1034275057718424,0.1514465266480083,0.1524425669647056,0.0962341152884831,0.1049521753948465,0.1586094883251929,0.0949398455527288,0.1379477760541923
290,290.0,0.102149185227979,0.1519357074632814,0.1526383824358728,0.0970643019583416,0.1053239231218386,0.1567279380460049,0.0964208467008491,0.1377397150458325
291,291.0,0.1008742800248276,0.1522832830534622,0.1529739328484776,0.0978924248604526,0.1056664951487846,0.1549658063715034,0.0975218209883874,0.1378219567041045
292,292.0,0.0996054995256031,0.1524807703334431,0.1532434026820374,0.0987000256144977,0.1059602154737045,0.1531749730286933,0.0985034344159022,0.1383316789261184
293,293.0,0.0983665864462659,0.1525613933700778,0.1535409890296831,0.0995021817713678,0.1062272221721855,0.1515440266950778,0.0994135652255726,0.1388440352897694
294,294.0,0.0971580305196491,0.1525182070453915,0.1538519917205582,0.1002825035732403,0.1064496912279435,0.1502248032845887,0.1002056970912288,0.1393090755373998
295,295.0,0.096902626885845,0.152376699936145,0.1542742565780813,0.1011208337054117,0.1056425274920749,0.1490292890689845,0.1009204485371204,0.1397333177963371
296,296.0,0.0966015537458499,0.1520602404040079,0.154616677161255,0.1017514728820151,0.1047288870932223,0.1478964622103268,0.1022887131210679,0.140055993382255
297,297.0,0.0971106953770482,0.1516133742045943,0.1548987869537144,0.1022099176749341,0.1037524400196762,0.1469889579990833,0.1033942019814655,0.140031625789484
298,298.0,0.0976419399045979,0.1510846776388692,0.15508738137078,0.1027938170802101,0.1027602983818849,0.1463352723575192,0.1043687662716339,0.1399278469945049
299,299.0,0.0982072824768058,0.1507895979630335,0.1552140195851,0.1034326666005739,0.1016890000472797,0.1455824187644083,0.1053149034744269,0.1397701110883718
300,300.0,0.0987820063821186,0.1504292036053295,0.1544989025170278,0.1040266501338728,0.1006258267306528,0.1459276145676052,0.1061358029118266,0.1395739931515665
301,301.0,0.099359061597808,0.1500125360264274,0.1537829922151188,0.1044884797076456,0.0995798683626431,0.1465138019256464,0.1068339561141751,0.1394293040505357
302,302.0,0.0999392011974361,0.149569659494506,0.1530802838625324,0.1049104322557869,0.0985733765455827,0.1471961549446019,0.1074484399567378,0.1392824517428161
303,303.0,0.1004990624524643,0.1490775946704877,0.152458906957118,0.1052750230612301,0.0975931745321727,0.1480632088115784,0.1079372227863018,0.1390958067286469
304,304.0,0.1010438545512094,0.1485529642165717,0.1518540141365559,0.1055931223565975,0.096650305594866,0.1491080549996072,0.1083140770599277,0.1388836070846646
305,305.0,0.101424194211291,0.1486285502298291,0.1512003212193027,0.1057965135986794,0.0956868532886557,0.1501234693725484,0.108541033887185,0.1385990641925086
306,306.0,0.1017824531588912,0.1486800906862211,0.1505321705599208,0.106004914684588,0.094774633322684,0.1513611957484145,0.1086681447780647,0.1381963970612156
307,307.0,0.1021073257749402,0.1486990056671598,0.1498762161978792,0.1061619498691169,0.0939078006519441,0.1525426132657375,0.1086929974871729,0.1380120910860491
308,308.0,0.1022792009715883,0.1484385631510279,0.1491878718852301,0.1064536821979122,0.093799386051352,0.153528955508139,0.1085674327864476,0.1377449074483026
309,309.0,0.1023223807251398,0.1486702574804771,0.148485233793744,0.106657412652557,0.0936405793270659,0.154452822892668,0.1083366277208078,0.1374346854075401
310,310.0,0.1022529657860319,0.1493260745111713,0.1477785891840511,0.1067817356177515,0.093441670762361,0.1553130557330977,0.108015245879233,0.1370906625263022
311,311.0,0.1021686240586357,0.1502094247550601,0.1471182622969262,0.1066381105175506,0.0932943739126406,0.1561502722982911,0.1076584159005894,0.136762516260306
312,312.0,0.1021988965261771,0.1510715838873897,0.1466295264044742,0.1062585683790961,0.0931997215847543,0.1570401213011277,0.1072648620131005,0.1363367199038799
313,313.0,0.1022031455923574,0.1518790710256384,0.1461624609011095,0.1058455444440961,0.0931336741556232,0.1580671285377951,0.1068149117206134,0.1358940636227665
314,314.0,0.1021753361037736,0.1526236317851087,0.1456309107143699,0.1053866099114831,0.0930892644306357,0.1590983818217525,0.1063127638198152,0.1356831014130608
315,315.0,0.1021310857528405,0.1533294982489282,0.1450645869389733,0.1049023745827983,0.0930779677068273,0.1600453829736277,0.1057985900579348,0.1356505137380695
316,316.0,0.1022368726058159,0.152488617804533,0.1458654918136417,0.1045743991744158,0.093261776015416,0.1603381083901699,0.1054405380478752,0.135794196148132
317,317.0,0.1022436517381879,0.1515304809381112,0.1473392795511632,0.1041573541127979,0.093382699393569,0.160489620645184,0.1049929831254775,0.135863930495509
318,318.0,0.1022360861923155,0.150776941004472,0.1487508333328998,0.1037286646952133,0.0935241412222686,0.1605223664760755,0.1045476752529198,0.1359132918238349
319,319.0,0.1022171444817837,0.1499940637743899,0.1502368934380037,0.1032227073908856,0.0936761180565125,0.1606141242165239,0.1040878328686599,0.1359511157732403
320,320.0,0.1021878761193496,0.1491912241457396,0.1517008230996557,0.1027257615325217,0.0938355015857758,0.1605511370778175,0.1036181202436401,0.1361895561954996
321,321.0,0.1021493366419253,0.1482951304820368,0.1532116236548942,0.1022416256222062,0.0939994176814586,0.1605510974550282,0.1031428724686739,0.1364088959937764
322,322.0,0.1021124097303451,0.1474175785296874,0.1551044744068769,0.1018054651202726,0.0941762103557426,0.1601963508263054,0.1026864680508592,0.1365010429799104
323,323.0,0.1013400720827095,0.1474066535937684,0.1570361544567326,0.1011867536883361,0.0952112856841564,0.1599097523248096,0.1023541548655937,0.1355551733038933
324,324.0,0.1005378721774245,0.1472269705933571,0.1589370321308237,0.1005342726367846,0.0966330791247929,0.1595609211794814,0.1020111860245436,0.1345586661327918
325,325.0,0.0997317827912513,0.1471031418842974,0.1604324912257075,0.0998834945487886,0.0979222254102748,0.1592084770786515,0.1021488604256053,0.1335695266354232
326,326.0,0.0989448950072522,0.1470009560711509,0.1618410407924542,0.0992666457259378,0.0991028469852474,0.1588471913438814,0.1023872004782559,0.1326092235958197
327,327.0,0.0981831575430498,0.1469192707224578,0.16315728628821,0.0986865017299462,0.1002459901050119,0.158481560995913,0.1026417562168101,0.1316844763986008
328,328.0,0.0974516727413065,0.1468568526452598,0.1643772956651166,0.0981451935180877,0.1013439711838914,0.1581156767995458,0.1029083605152918,0.1308009769315003
329,329.0,0.0967547301837937,0.1468123992931792,0.1654984924412896,0.0976442505940676,0.1023903266151856,0.1577532229815832,0.1031831424747235,0.1299634354161773
330,330.0,0.0960833394027294,0.1467556811762047,0.1666979812831905,0.097172775110043,0.10336744248417,0.1573497939675346,0.1034330240377606,0.1291399625383669
331,331.0,0.0956868496227604,0.1467199495741799,0.1675610303715716,0.0968150756854251,0.1042883279504984,0.1567708663718492,0.103672713031209,0.1284851873925061
332,332.0,0.0953377838712223,0.146836735683293,0.1682518735049273,0.0965202148253525,0.1052518718009388,0.1564975950463235,0.103935070561985,0.1273688547059572
333,333.0,0.0949098838058343,0.1474514939990591,0.1687298973413813,0.0961928280693045,0.1060172372888066,0.1563475905821372,0.1041232610350931,0.1262278078783837
334,334.0,0.0944775795723987,0.1485142724652511,0.1689886317483939,0.0958301167921719,0.1067797699790259,0.1561145039375415,0.1042329602925197,0.125062165212697
335,335.0,0.0940787774189474,0.1495631192076192,0.1691446283067511,0.0954992108059836,0.1074696119046027,0.1558805792900233,0.1044067266435675,0.1239573464225048
336,336.0,0.0937088911508087,0.1503213263311137,0.1691512742283475,0.0956417169505896,0.1080864825029555,0.1556287522547495,0.1045698124606901,0.1228917441207451
337,337.0,0.0933793162774268,0.1510571136943014,0.1690869675294082,0.0958174251011969,0.1086350396125877,0.1553950960467306,0.1047251843508734,0.1219038573874746
338,338.0,0.0930893174080598,0.1517653653995812,0.1689594465389759,0.0960212579756996,0.1091166290112752,0.1551801301453214,0.1048720599879095,0.1209957935331771
339,339.0,0.0928378369309998,0.1524417524956911,0.1687763078961044,0.0962483647729628,0.1095331315761254,0.154984135178875,0.1050098202407428,0.1201686509084983
340,340.0,0.092573195797391,0.1531125107203608,0.168361945234159,0.0967231216060885,0.1098880457067908,0.154516725484188,0.1051370106282272,0.1196874448227943
341,341.0,0.0923290523958544,0.1537074203653909,0.1678295500122262,0.0971827966171443,0.1101687591949038,0.1539441911429651,0.105415207340687,0.119423022930828
342,342.0,0.0920968394992952,0.1542658709499245,0.1672343963020125,0.0980177297558789,0.1102840948593277,0.1533644592664639,0.1055445851882229,0.1191920241788742
343,343.0,0.0918799682977803,0.1547552371831829,0.1668114760910833,0.0988230700849518,0.11033958087632,0.1527644036365444,0.1056503557382711,0.118975908091866
344,344.0,0.0916565368852049,0.1554286544020257,0.1664535032460044,0.0995131724758732,0.1102401203480741,0.152295166900898,0.1056778856290701,0.1187349601128495
345,345.0,0.0914581846982356,0.1560496974201702,0.1660682448936482,0.1001798781962201,0.1100952734267168,0.1519179184812045,0.1056869864380801,0.1185438164457243
346,346.0,0.0912671726170584,0.1568667953520977,0.1656441208130816,0.1008273528895305,0.1098273949497362,0.1515397900826998,0.105645429033699,0.1183819442620965
347,347.0,0.0910837516632005,0.1578573513506211,0.1651874001843995,0.1013801654187628,0.1094492489769116,0.151413369786196,0.1055572868393433,0.1180714257805648
348,348.0,0.0909080650240292,0.158999515447034,0.1647040572381908,0.1018400284663893,0.1089733586615395,0.151361351746589,0.1054266720681085,0.1177869513481194
349,349.0,0.0907462440661669,0.15992172726548,0.1640408918536077,0.1022165752682283,0.1087723951591032,0.1515008431380562,0.1052648890443428,0.1175364342050146
350,350.0,0.0905890044110692,0.1609518790739062,0.1633543439980539,0.1024994940471714,0.1084726878760643,0.1515409818299614,0.1051245903684537,0.1174670183953197
351,351.0,0.0900802401460821,0.1625642854652704,0.1613559551158157,0.1030043284586085,0.1080582814211118,0.151975186653214,0.1052473952061748,0.1177143275337224
352,352.0,0.0895333426260995,0.1643440260241708,0.159329849986008,0.103452470379659,0.1078329897631253,0.1523592190521728,0.1052916587529958,0.1178564434157685
353,353.0,0.089007905976466,0.1660127374334692,0.1573333748079388,0.1038533262105091,0.1075952816931498,0.1528852106560793,0.1053090234658252,0.1180031397565623
354,354.0,0.0884962562994061,0.1677445897221249,0.1553714856416959,0.1042392551774547,0.1072672820793882,0.1534605032320624,0.1052800538758877,0.1181405739719799
355,355.0,0.0880010443713437,0.1692184068344022,0.1534580136191877,0.1046115309446951,0.1071603228269284,0.1540774536455154,0.10520712585562,0.1182661019023073
356,356.0,0.0875245100274721,0.1704381688989924,0.151604961924262,0.1048994574644205,0.1072619146729141,0.1547286697726671,0.1051648103354218,0.1183775069038497
357,357.0,0.0870766341178268,0.171431191369614,0.1498454252085007,0.1051191778450831,0.1075690814739153,0.1553575713837661,0.1051053506200186,0.118495567981275
358,358.0,0.086658459803801,0.1722950528861428,0.1481723536517269,0.1052923852863292,0.1078661577375002,0.1559323350597636,0.1050235927049051,0.118759662869831
359,359.0,0.0862650092208355,0.1729357834933364,0.1465912684204494,0.1053940116862987,0.108419011768879,0.1564587559447971,0.1049194423535759,0.1190167171118277
360,360.0,0.0859582758876273,0.1734659529140149,0.1453330167277554,0.1055303352325142,0.1088908864754244,0.1564598843831775,0.105085526694556,0.1192761216849301
361,361.0,0.0856608882022758,0.1740203308970226,0.1440898798969043,0.1055753801379842,0.1092505362978732,0.1564586922734492,0.1052041820231533,0.119740110271337
362,362.0,0.0853912149271002,0.1747746976545734,0.1418423765064669,0.1066742521544286,0.1095080184928483,0.1563437125467184,0.1052875575845238,0.1201781701333401
363,363.0,0.0850398307629052,0.1752243830908257,0.1396082634595722,0.1084912039048937,0.1095621090133343,0.155885314313214,0.1054888117555038,0.1207000836997508
364,364.0,0.084627183219119,0.1753991961093357,0.1374872355011497,0.1108013781440809,0.1096816595072137,0.1553186859848332,0.1055711524909186,0.1211135090433489
365,365.0,0.0842396820145639,0.1753957561608655,0.1355616605536708,0.113013998704447,0.1099462903650583,0.1547248187481175,0.1056189039423,0.1214988895109767
366,366.0,0.0838074270261883,0.1751564402374991,0.133939225025555,0.1148189779183997,0.1100422882634353,0.154051604175583,0.1055646034209395,0.1226194339323996
367,367.0,0.0833377252135458,0.1747007288466771,0.132379224225124,0.1162469551424806,0.1107512857223865,0.1535969621694652,0.1054146863811268,0.1235724322991936
368,368.0,0.0827933981954925,0.1743857051060162,0.1309126848169659,0.1182194341861502,0.1112083680684208,0.1530248325500486,0.1051335473330698,0.1243220297438356
369,369.0,0.082242383753971,0.173617101849571,0.1301723816060281,0.1200187797854704,0.1117506182915093,0.1524180601502692,0.1047929959889108,0.1249876785742699
370,370.0,0.0816385741636214,0.1723961947561744,0.1300868110554686,0.1213985751838264,0.1122749358672271,0.1517219643442107,0.1043473961579353,0.1261355484715357
371,371.0,0.0810560471820939,0.1714358494151601,0.1296239167305896,0.1222657036952347,0.1134358993173294,0.1508170790777026,0.1038374579936942,0.1275280465881948
372,372.0,0.0804328568932972,0.1700778074000978,0.1293701925628686,0.1227644136592137,0.1145466488495804,0.1498549268854525,0.1037107652669789,0.1292423884825103
373,373.0,0.0798112782741127,0.1686029980845392,0.129069784915204,0.1230895836438173,0.115725377070609,0.1488825776231827,0.1035232672149018,0.1312951331736328
374,374.0,0.0792338455333185,0.1670848521603986,0.1288661400364705,0.1232951509658126,0.1167814129057131,0.1479470059808257,0.1035297216320732,0.1332618707853874
375,375.0,0.078729691086169,0.1655580114326572,0.1288037869298351,0.1235621248205561,0.117383734038488,0.1473058357136603,0.1029996314564003,0.1356571845222337
376,376.0,0.0782562865000957,0.164259578707718,0.1287448918078619,0.1237188634336201,0.1179161964485775,0.1466811357779789,0.1025433053151254,0.1378797420090221
