,Unnamed: 0,Total_iterations,Intertwine_two,Invert_path_vertices,Insert_inside_vertex,Delete_inside_vertex,Trim_one_terminal_cb,Grow_one_terminal_cb
0,0.0,0.0,0.16666666666666657,0.16666666666666657,0.16666666666666657,0.16666666666666657,0.16666666666666657,0.16666666666666657
1,1.0,1.0,0.16666666666666657,0.16666666666666657,0.16666666666666657,0.16666666666666657,0.16666666666666657,0.16666666666666657
2,2.0,2.0,0.16666666666666657,0.16666666666666657,0.16666666666666657,0.16666666666666657,0.16666666666666657,0.16666666666666657
3,3.0,3.0,0.16666666666666657,0.16666666666666657,0.16666666666666657,0.16666666666666657,0.16666666666666657,0.16666666666666657
4,4.0,4.0,0.16666666666666657,0.16666666666666657,0.16666666666666657,0.16666666666666657,0.16666666666666657,0.16666666666666657
5,5.0,5.0,0.16666666666666657,0.16666666666666657,0.16666666666666657,0.16666666666666657,0.16666666666666657,0.16666666666666657
6,6.0,6.0,0.16666666666666657,0.16666666666666657,0.16666666666666657,0.16666666666666657,0.16666666666666657,0.16666666666666657
7,7.0,7.0,0.16666666666666657,0.16666666666666657,0.16666666666666657,0.16666666666666657,0.16666666666666657,0.16666666666666657
8,8.0,8.0,0.16666666666666657,0.16666666666666657,0.16666666666666657,0.16666666666666657,0.16666666666666657,0.16666666666666657
9,9.0,9.0,0.16666666666666657,0.16666666666666657,0.16666666666666657,0.16666666666666657,0.16666666666666657,0.16666666666666657
10,10.0,10.0,0.16666666666666657,0.16666666666666657,0.16666666666666657,0.16666666666666657,0.16666666666666657,0.16666666666666657
11,11.0,11.0,0.16666666666666657,0.16666666666666657,0.16666666666666657,0.16666666666666657,0.16666666666666657,0.16666666666666657
12,12.0,12.0,0.16666666666666657,0.16666666666666657,0.16666666666666657,0.16666666666666657,0.16666666666666657,0.16666666666666657
13,13.0,13.0,0.16666666666666657,0.16666666666666657,0.16666666666666657,0.16666666666666657,0.16666666666666657,0.16666666666666657
14,14.0,14.0,0.16666666666666657,0.16666666666666657,0.16666666666666657,0.16666666666666657,0.16666666666666657,0.16666666666666657
15,15.0,15.0,0.16666666666666657,0.16666666666666657,0.16666666666666657,0.16666666666666657,0.16666666666666657,0.16666666666666657
16,16.0,16.0,0.16666666666666657,0.16666666666666657,0.16666666666666657,0.16666666666666657,0.16666666666666657,0.16666666666666657
17,17.0,17.0,0.16666666666666657,0.16666666666666657,0.16666666666666657,0.16666666666666657,0.16666666666666657,0.16666666666666657
18,18.0,18.0,0.16666666666666657,0.16666666666666657,0.16666666666666657,0.16666666666666657,0.16666666666666657,0.16666666666666657
19,19.0,19.0,0.16666666666666657,0.16666666666666657,0.16666666666666657,0.16666666666666657,0.16666666666666657,0.16666666666666657
20,20.0,20.0,0.16666666666666657,0.16666666666666657,0.16666666666666657,0.16666666666666657,0.16666666666666657,0.16666666666666657
21,21.0,21.0,0.16666666666666657,0.16666666666666657,0.16666666666666657,0.16666666666666657,0.16666666666666657,0.16666666666666657
22,22.0,22.0,0.16666666666666657,0.16666666666666657,0.16666666666666657,0.16666666666666657,0.16666666666666657,0.16666666666666657
23,23.0,23.0,0.16666666666666657,0.16666666666666657,0.16666666666666657,0.16666666666666657,0.16666666666666657,0.16666666666666657
24,24.0,24.0,0.16666666666666657,0.16666666666666657,0.16666666666666657,0.16666666666666657,0.16666666666666657,0.16666666666666657
25,25.0,25.0,0.16666666666666657,0.16666666666666657,0.16666666666666657,0.16666666666666657,0.16666666666666657,0.16666666666666657
26,26.0,26.0,0.16666666666666657,0.16666666666666657,0.16666666666666657,0.16666666666666657,0.16666666666666657,0.16666666666666657
27,27.0,27.0,0.16666666666666657,0.16666666666666657,0.16666666666666657,0.16666666666666657,0.16666666666666657,0.16666666666666657
28,28.0,28.0,0.16666666666666657,0.16666666666666657,0.16666666666666657,0.16666666666666657,0.16666666666666657,0.16666666666666657
29,29.0,29.0,0.16666666666666657,0.16666666666666657,0.16666666666666657,0.16666666666666657,0.16666666666666657,0.16666666666666657
30,30.0,30.0,0.16666666666666657,0.16666666666666657,0.16666666666666657,0.16666666666666657,0.16666666666666657,0.16666666666666657
31,31.0,31.0,0.16666666666666657,0.16666666666666657,0.16666666666666657,0.16666666666666657,0.16666666666666657,0.16666666666666657
32,32.0,32.0,0.16666666666666657,0.16666666666666657,0.16666666666666657,0.16666666666666657,0.16666666666666657,0.16666666666666657
33,33.0,33.0,0.16666666666666657,0.16666666666666657,0.16666666666666657,0.16666666666666657,0.16666666666666657,0.16666666666666657
34,34.0,34.0,0.16666666666666657,0.16666666666666657,0.16666666666666657,0.16666666666666657,0.16666666666666657,0.16666666666666657
35,35.0,35.0,0.16666666666666657,0.16666666666666657,0.16666666666666657,0.16666666666666657,0.16666666666666657,0.16666666666666657
36,36.0,36.0,0.16666666666666657,0.16666666666666657,0.16666666666666657,0.16666666666666657,0.16666666666666657,0.16666666666666657
37,37.0,37.0,0.16666666666666657,0.16666666666666657,0.16666666666666657,0.16666666666666657,0.16666666666666657,0.16666666666666657
38,38.0,38.0,0.16666666666666657,0.16666666666666657,0.16666666666666657,0.16666666666666657,0.16666666666666657,0.16666666666666657
39,39.0,39.0,0.16666666666666657,0.16666666666666657,0.16666666666666657,0.16666666666666657,0.16666666666666657,0.16666666666666657
40,40.0,40.0,0.16666666666666657,0.16666666666666657,0.16666666666666657,0.16666666666666657,0.16666666666666657,0.16666666666666657
41,41.0,41.0,0.16666666666666657,0.16666666666666657,0.16666666666666657,0.16666666666666657,0.16666666666666657,0.16666666666666657
42,42.0,42.0,0.16666666666666657,0.16666666666666657,0.16666666666666657,0.16666666666666657,0.16666666666666657,0.16666666666666657
43,43.0,43.0,0.16666666666666657,0.16666666666666657,0.16666666666666657,0.16666666666666657,0.16666666666666657,0.16666666666666657
44,44.0,44.0,0.16666666666666657,0.16666666666666657,0.16666666666666657,0.16666666666666657,0.16666666666666657,0.16666666666666657
45,45.0,45.0,0.16666666666666657,0.16666666666666657,0.16666666666666657,0.16666666666666657,0.16666666666666657,0.16666666666666657
46,46.0,46.0,0.16666666666666657,0.16666666666666657,0.16666666666666657,0.16666666666666657,0.16666666666666657,0.16666666666666657
47,47.0,47.0,0.16666666666666657,0.16666666666666657,0.16666666666666657,0.16666666666666657,0.16666666666666657,0.16666666666666657
48,48.0,48.0,0.16666666666666657,0.16666666666666657,0.16666666666666657,0.16666666666666657,0.16666666666666657,0.16666666666666657
49,49.0,49.0,0.16666666666666657,0.16666666666666657,0.16666666666666657,0.16666666666666657,0.16666666666666657,0.16666666666666657
50,50.0,50.0,0.16666666666666657,0.16666666666666657,0.16666666666666657,0.16666666666666657,0.16666666666666657,0.16666666666666657
51,51.0,51.0,0.16666666666666657,0.16666666666666657,0.16666666666666657,0.16666666666666657,0.16666666666666657,0.16666666666666657
52,52.0,52.0,0.16666666666666657,0.16666666666666657,0.16666666666666657,0.16666666666666657,0.16666666666666657,0.16666666666666657
53,53.0,53.0,0.16666666666666657,0.16666666666666657,0.16666666666666657,0.16666666666666657,0.16666666666666657,0.16666666666666657
54,54.0,54.0,0.16666666666666657,0.16666666666666657,0.16666666666666657,0.16666666666666657,0.16666666666666657,0.16666666666666657
55,55.0,55.0,0.16666666666666657,0.16666666666666657,0.16666666666666657,0.16666666666666657,0.16666666666666657,0.16666666666666657
56,56.0,56.0,0.16666666666666657,0.16666666666666657,0.16666666666666657,0.16666666666666657,0.16666666666666657,0.16666666666666657
57,57.0,57.0,0.16666666666666657,0.16666666666666657,0.16666666666666657,0.16666666666666657,0.16666666666666657,0.16666666666666657
58,58.0,58.0,0.16666666666666657,0.16666666666666657,0.16666666666666657,0.16666666666666657,0.16666666666666657,0.16666666666666657
59,59.0,59.0,0.16666666666666657,0.16666666666666657,0.16666666666666657,0.16666666666666657,0.16666666666666657,0.16666666666666657
60,60.0,60.0,0.16666666666666657,0.16666666666666657,0.16666666666666657,0.16666666666666657,0.16666666666666657,0.16666666666666657
61,61.0,61.0,0.16666666666666657,0.16666666666666657,0.16666666666666657,0.16666666666666657,0.16666666666666657,0.16666666666666657
62,62.0,62.0,0.16666666666666657,0.16666666666666657,0.16666666666666657,0.16666666666666657,0.16666666666666657,0.16666666666666657
63,63.0,63.0,0.16666666666666657,0.16666666666666657,0.16666666666666657,0.16666666666666657,0.16666666666666657,0.16666666666666657
64,64.0,64.0,0.16666666666666657,0.16666666666666657,0.16666666666666657,0.16666666666666657,0.16666666666666657,0.16666666666666657
65,65.0,65.0,0.16666666666666657,0.16666666666666657,0.16666666666666657,0.16666666666666657,0.16666666666666657,0.16666666666666657
66,66.0,66.0,0.16666666666666657,0.16666666666666657,0.16666666666666657,0.16666666666666657,0.16666666666666657,0.16666666666666657
67,67.0,67.0,0.16666666666666657,0.16666666666666657,0.16666666666666657,0.16666666666666657,0.16666666666666657,0.16666666666666657
68,68.0,68.0,0.16666666666666657,0.16666666666666657,0.16666666666666657,0.16666666666666657,0.16666666666666657,0.16666666666666657
69,69.0,69.0,0.16666666666666657,0.16666666666666657,0.16666666666666657,0.16666666666666657,0.16666666666666657,0.16666666666666657
70,70.0,70.0,0.16666666666666657,0.16666666666666657,0.16666666666666657,0.16666666666666657,0.16666666666666657,0.16666666666666657
71,71.0,71.0,0.16666666666666657,0.16666666666666657,0.16666666666666657,0.16666666666666657,0.16666666666666657,0.16666666666666657
72,72.0,72.0,0.16666666666666657,0.16666666666666657,0.16666666666666657,0.16666666666666657,0.16666666666666657,0.16666666666666657
73,73.0,73.0,0.16666666666666657,0.16666666666666657,0.16666666666666657,0.16666666666666657,0.16666666666666657,0.16666666666666657
74,74.0,74.0,0.16666666666666657,0.16666666666666657,0.16666666666666657,0.16666666666666657,0.16666666666666657,0.16666666666666657
75,75.0,75.0,0.16666666666666657,0.16666666666666657,0.16666666666666657,0.16666666666666657,0.16666666666666657,0.16666666666666657
76,76.0,76.0,0.16666666666666657,0.16666666666666657,0.16666666666666657,0.16666666666666657,0.16666666666666657,0.16666666666666657
77,77.0,77.0,0.16666666666666657,0.16666666666666657,0.16666666666666657,0.16666666666666657,0.16666666666666657,0.16666666666666657
78,78.0,78.0,0.16666666666666657,0.16666666666666657,0.16666666666666657,0.16666666666666657,0.16666666666666657,0.16666666666666657
79,79.0,79.0,0.16666666666666657,0.16666666666666657,0.16666666666666657,0.16666666666666657,0.16666666666666657,0.16666666666666657
80,80.0,80.0,0.16666666666666657,0.16666666666666657,0.16666666666666657,0.16666666666666657,0.16666666666666657,0.16666666666666657
81,81.0,81.0,0.16666666666666657,0.16666666666666657,0.16666666666666657,0.16666666666666657,0.16666666666666657,0.16666666666666657
82,82.0,82.0,0.16666666666666657,0.16666666666666657,0.16666666666666657,0.16666666666666657,0.16666666666666657,0.16666666666666657
83,83.0,83.0,0.16666666666666657,0.16666666666666657,0.16666666666666657,0.16666666666666657,0.16666666666666657,0.16666666666666657
84,84.0,84.1,0.16666666666666657,0.16666666666666657,0.16666666666666657,0.16666666666666657,0.16666666666666657,0.16666666666666657
85,85.0,85.1,0.16666666666666657,0.16666666666666657,0.16666666666666657,0.16666666666666657,0.16666666666666657,0.16666666666666657
86,86.0,86.1,0.16666666666666657,0.16666666666666657,0.16666666666666657,0.16666666666666657,0.16666666666666657,0.16666666666666657
87,87.0,87.1,0.16666666666666657,0.16666666666666657,0.16666666666666657,0.16666666666666657,0.16666666666666657,0.16666666666666657
88,88.0,88.1,0.16666666666666657,0.16666666666666657,0.16666666666666657,0.16666666666666657,0.16666666666666657,0.16666666666666657
89,89.0,89.1,0.16666666666666657,0.16666666666666657,0.16666666666666657,0.16666666666666657,0.16666666666666657,0.16666666666666657
90,90.0,90.1,0.16666666666666657,0.16666666666666657,0.16666666666666657,0.16666666666666657,0.16666666666666657,0.16666666666666657
91,91.0,91.1,0.16666666666666657,0.16666666666666657,0.16666666666666657,0.16666666666666657,0.16666666666666657,0.16666666666666657
92,92.0,92.1,0.16666666666666657,0.16666666666666657,0.16666666666666657,0.16666666666666657,0.16666666666666657,0.16666666666666657
93,93.0,93.1,0.16666666666666657,0.16666666666666657,0.16666666666666657,0.16666666666666657,0.16666666666666657,0.16666666666666657
94,94.0,94.3,0.16666666666666657,0.16666666666666657,0.16666666666666657,0.16666666666666657,0.16666666666666657,0.16666666666666657
95,95.0,95.3,0.16666666666666657,0.16666666666666657,0.16666666666666657,0.16666666666666657,0.16666666666666657,0.16666666666666657
96,96.0,96.4,0.16666666666666657,0.16666666666666657,0.16666666666666657,0.16666666666666657,0.16666666666666657,0.16666666666666657
97,97.0,97.5,0.16666666666666657,0.16666666666666657,0.16666666666666657,0.16666666666666657,0.16666666666666657,0.16666666666666657
98,98.0,98.5,0.16666666666666657,0.16666666666666657,0.16666666666666657,0.16666666666666657,0.16666666666666657,0.16666666666666657
99,99.0,99.5,0.16666666666666657,0.16666666666666657,0.16666666666666657,0.16666666666666657,0.16666666666666657,0.16666666666666657
100,100.0,100.5,0.16666666666666657,0.16666666666666657,0.16666666666666657,0.16666666666666657,0.16666666666666657,0.16666666666666657
101,101.0,101.5,0.16666666666666657,0.16666666666666657,0.16666666666666657,0.16666666666666657,0.16666666666666657,0.16666666666666657
102,102.0,102.5,0.16666666666666657,0.16666666666666657,0.16666666666666657,0.16666666666666657,0.16666666666666657,0.16666666666666657
103,103.0,103.5,0.16666666666666657,0.16666666666666657,0.16666666666666657,0.16666666666666657,0.16666666666666657,0.16666666666666657
104,104.0,104.5,0.16666666666666657,0.16666666666666657,0.16666666666666657,0.16666666666666657,0.16666666666666657,0.16666666666666657
105,105.0,105.5,0.16666666666666657,0.16666666666666657,0.16666666666666657,0.16666666666666657,0.16666666666666657,0.16666666666666657
106,106.0,106.5,0.16666666666666657,0.16666666666666657,0.16666666666666657,0.16666666666666657,0.16666666666666657,0.16666666666666657
107,107.0,107.5,0.16666666666666657,0.16666666666666657,0.16666666666666657,0.16666666666666657,0.16666666666666657,0.16666666666666657
108,108.0,108.5,0.16666666666666657,0.16666666666666657,0.16666666666666657,0.16666666666666657,0.16666666666666657,0.16666666666666657
109,109.0,109.5,0.16666666666666657,0.16666666666666657,0.16666666666666657,0.16666666666666657,0.16666666666666657,0.16666666666666657
110,110.0,110.5,0.16666666666666657,0.16666666666666657,0.16666666666666657,0.16666666666666657,0.16666666666666657,0.16666666666666657
111,111.0,111.5,0.16666666666666657,0.16666666666666657,0.16666666666666657,0.16666666666666657,0.16666666666666657,0.16666666666666657
112,112.0,112.5,0.16666666666666657,0.16666666666666657,0.16666666666666657,0.16666666666666657,0.16666666666666657,0.16666666666666657
113,113.0,113.5,0.16666666666666657,0.16666666666666657,0.16666666666666657,0.16666666666666657,0.16666666666666657,0.16666666666666657
114,114.0,114.5,0.16666666666666657,0.16666666666666657,0.16666666666666657,0.16666666666666657,0.16666666666666657,0.16666666666666657
115,115.0,115.5,0.16666666666666657,0.16666666666666657,0.16666666666666657,0.16666666666666657,0.16666666666666657,0.16666666666666657
116,116.0,116.5,0.16666666666666657,0.16666666666666657,0.16666666666666657,0.16666666666666657,0.16666666666666657,0.16666666666666657
117,117.0,117.5,0.16666666666666657,0.16666666666666657,0.16666666666666657,0.16666666666666657,0.16666666666666657,0.16666666666666657
118,118.0,118.5,0.16666666666666657,0.16666666666666657,0.16666666666666657,0.16666666666666657,0.16666666666666657,0.16666666666666657
119,119.0,119.5,0.16666666666666657,0.16666666666666657,0.16666666666666657,0.16666666666666657,0.16666666666666657,0.16666666666666657
120,120.0,120.5,0.16666666666666657,0.16666666666666657,0.16666666666666657,0.16666666666666657,0.16666666666666657,0.16666666666666657
121,121.0,121.5,0.16666666666666657,0.16666666666666657,0.16666666666666657,0.16666666666666657,0.16666666666666657,0.16666666666666657
122,122.0,122.5,0.16666666666666657,0.16666666666666657,0.16666666666666657,0.16666666666666657,0.16666666666666657,0.16666666666666657
123,123.0,123.5,0.16666666666666657,0.16666666666666657,0.16666666666666657,0.16666666666666657,0.16666666666666657,0.16666666666666657
124,124.0,124.5,0.16666666666666657,0.16666666666666657,0.16666666666666657,0.16666666666666657,0.16666666666666657,0.16666666666666657
125,125.0,125.5,0.16666666666666657,0.16666666666666657,0.16666666666666657,0.16666666666666657,0.16666666666666657,0.16666666666666657
126,126.0,126.5,0.16666666666666657,0.16666666666666657,0.16666666666666657,0.16666666666666657,0.16666666666666657,0.16666666666666657
127,127.0,127.5,0.16666666666666657,0.16666666666666657,0.16666666666666657,0.16666666666666657,0.16666666666666657,0.16666666666666657
128,128.0,128.5,0.16666666666666657,0.16666666666666657,0.16666666666666657,0.16666666666666657,0.16666666666666657,0.16666666666666657
129,129.0,129.5,0.16666666666666657,0.16666666666666657,0.16666666666666657,0.16666666666666657,0.16666666666666657,0.16666666666666657
130,130.0,130.5,0.16666666666666657,0.16666666666666657,0.16666666666666657,0.16666666666666657,0.16666666666666657,0.16666666666666657
131,131.0,131.5,0.16666666666666657,0.16666666666666657,0.16666666666666657,0.16666666666666657,0.16666666666666657,0.16666666666666657
132,132.0,132.5,0.16666666666666657,0.16666666666666657,0.16666666666666657,0.16666666666666657,0.16666666666666657,0.16666666666666657
133,133.0,133.5,0.16666666666666657,0.16666666666666657,0.16666666666666657,0.16666666666666657,0.16666666666666657,0.16666666666666657
134,134.0,134.5,0.16666666666666657,0.16666666666666657,0.16666666666666657,0.16666666666666657,0.16666666666666657,0.16666666666666657
135,135.0,135.5,0.16666666666666657,0.16666666666666657,0.16666666666666657,0.16666666666666657,0.16666666666666657,0.16666666666666657
136,136.0,136.5,0.16666666666666657,0.16666666666666657,0.16666666666666657,0.16666666666666657,0.16666666666666657,0.16666666666666657
137,137.0,137.5,0.16666666666666657,0.16666666666666657,0.16666666666666657,0.16666666666666657,0.16666666666666657,0.16666666666666657
138,138.0,138.5,0.16666666666666657,0.16666666666666657,0.16666666666666657,0.16666666666666657,0.16666666666666657,0.16666666666666657
139,139.0,139.5,0.16666666666666657,0.16666666666666657,0.16666666666666657,0.16666666666666657,0.16666666666666657,0.16666666666666657
140,140.0,140.5,0.16666666666666657,0.16666666666666657,0.16666666666666657,0.16666666666666657,0.16666666666666657,0.16666666666666657
141,141.0,141.5,0.16666666666666657,0.16666666666666657,0.16666666666666657,0.16666666666666657,0.16666666666666657,0.16666666666666657
142,142.0,142.5,0.16666666666666657,0.16666666666666657,0.16666666666666657,0.16666666666666657,0.16666666666666657,0.16666666666666657
143,143.0,143.5,0.16666666666666657,0.16666666666666657,0.16666666666666657,0.16666666666666657,0.16666666666666657,0.16666666666666657
144,144.0,144.5,0.16666666666666657,0.16666666666666657,0.16666666666666657,0.16666666666666657,0.16666666666666657,0.16666666666666657
145,145.0,145.5,0.16666666666666657,0.16666666666666657,0.16666666666666657,0.16666666666666657,0.16666666666666657,0.16666666666666657
146,146.0,146.5,0.16666666666666657,0.16666666666666657,0.16666666666666657,0.16666666666666657,0.16666666666666657,0.16666666666666657
147,147.0,147.5,0.16666666666666657,0.16666666666666657,0.16666666666666657,0.16666666666666657,0.16666666666666657,0.16666666666666657
148,148.0,148.5,0.16666666666666657,0.16666666666666657,0.16666666666666657,0.16666666666666657,0.16666666666666657,0.16666666666666657
149,149.0,149.5,0.16666666666666657,0.16666666666666657,0.16666666666666657,0.16666666666666657,0.16666666666666657,0.16666666666666657
150,150.0,150.5,0.16666666666666657,0.16666666666666657,0.16666666666666657,0.16666666666666657,0.16666666666666657,0.16666666666666657
151,151.0,151.5,0.16666666666666657,0.16666666666666657,0.16666666666666657,0.16666666666666657,0.16666666666666657,0.16666666666666657
152,152.0,152.5,0.16666666666666657,0.16666666666666657,0.16666666666666657,0.16666666666666657,0.16666666666666657,0.16666666666666657
153,153.0,153.5,0.16666666666666657,0.16666666666666657,0.16666666666666657,0.16666666666666657,0.16666666666666657,0.16666666666666657
154,154.0,154.5,0.16666666666666657,0.16666666666666657,0.16666666666666657,0.16666666666666657,0.16666666666666657,0.16666666666666657
155,155.0,155.5,0.16666666666666657,0.16666666666666657,0.16666666666666657,0.16666666666666657,0.16666666666666657,0.16666666666666657
156,156.0,156.5,0.16666666666666657,0.16666666666666657,0.16666666666666657,0.16666666666666657,0.16666666666666657,0.16666666666666657
157,157.0,157.5,0.16666666666666657,0.16666666666666657,0.16666666666666657,0.16666666666666657,0.16666666666666657,0.16666666666666657
158,158.0,158.5,0.16666666666666657,0.16666666666666657,0.16666666666666657,0.16666666666666657,0.16666666666666657,0.16666666666666657
159,159.0,159.5,0.16666666666666657,0.16666666666666657,0.16666666666666657,0.16666666666666657,0.16666666666666657,0.16666666666666657
160,160.0,160.5,0.16666666666666657,0.16666666666666657,0.16666666666666657,0.16666666666666657,0.16666666666666657,0.16666666666666657
161,161.0,161.5,0.16666666666666657,0.16666666666666657,0.16666666666666657,0.16666666666666657,0.16666666666666657,0.16666666666666657
162,162.0,162.5,0.16666666666666657,0.16666666666666657,0.16666666666666657,0.16666666666666657,0.16666666666666657,0.16666666666666657
163,163.0,163.5,0.16666666666666657,0.16666666666666657,0.16666666666666657,0.16666666666666657,0.16666666666666657,0.16666666666666657
164,164.0,164.5,0.16666666666666657,0.16666666666666657,0.16666666666666657,0.16666666666666657,0.16666666666666657,0.16666666666666657
165,165.0,165.5,0.16666666666666657,0.16666666666666657,0.16666666666666657,0.16666666666666657,0.16666666666666657,0.16666666666666657
166,166.0,166.5,0.16666666666666657,0.16666666666666657,0.16666666666666657,0.16666666666666657,0.16666666666666657,0.16666666666666657
167,167.0,167.5,0.16666666666666657,0.16666666666666657,0.16666666666666657,0.16666666666666657,0.16666666666666657,0.16666666666666657
168,168.0,168.5,0.16666666666666657,0.16666666666666657,0.16666666666666657,0.16666666666666657,0.16666666666666657,0.16666666666666657
169,169.0,169.5,0.16666666666666657,0.16666666666666657,0.16666666666666657,0.16666666666666657,0.16666666666666657,0.16666666666666657
170,170.0,170.5,0.16666666666666657,0.16666666666666657,0.16666666666666657,0.16666666666666657,0.16666666666666657,0.16666666666666657
171,171.0,171.5,0.16666666666666657,0.16666666666666657,0.16666666666666657,0.16666666666666657,0.16666666666666657,0.16666666666666657
172,172.0,172.5,0.16666666666666657,0.16666666666666657,0.16666666666666657,0.16666666666666657,0.16666666666666657,0.16666666666666657
173,173.0,173.5,0.16666666666666657,0.16666666666666657,0.16666666666666657,0.16666666666666657,0.16666666666666657,0.16666666666666657
174,174.0,174.5,0.16666666666666657,0.16666666666666657,0.16666666666666657,0.16666666666666657,0.16666666666666657,0.16666666666666657
175,175.0,175.5,0.16666666666666657,0.16666666666666657,0.16666666666666657,0.16666666666666657,0.16666666666666657,0.16666666666666657
176,176.0,176.5,0.16666666666666657,0.16666666666666657,0.16666666666666657,0.16666666666666657,0.16666666666666657,0.16666666666666657
177,177.0,177.5,0.16666666666666657,0.16666666666666657,0.16666666666666657,0.16666666666666657,0.16666666666666657,0.16666666666666657
178,178.0,178.5,0.16666666666666657,0.16666666666666657,0.16666666666666657,0.16666666666666657,0.16666666666666657,0.16666666666666657
179,179.0,179.5,0.16666666666666657,0.16666666666666657,0.16666666666666657,0.16666666666666657,0.16666666666666657,0.16666666666666657
180,180.0,180.5,0.16666666666666657,0.16666666666666657,0.16666666666666657,0.16666666666666657,0.16666666666666657,0.16666666666666657
181,181.0,181.5,0.16666666666666657,0.16666666666666657,0.16666666666666657,0.16666666666666657,0.16666666666666657,0.16666666666666657
182,182.0,182.5,0.16666666666666657,0.16666666666666657,0.16666666666666657,0.16666666666666657,0.16666666666666657,0.16666666666666657
183,183.0,183.5,0.16666666666666657,0.16666666666666657,0.16666666666666657,0.16666666666666657,0.16666666666666657,0.16666666666666657
184,184.0,184.5,0.16666666666666657,0.16666666666666657,0.16666666666666657,0.16666666666666657,0.16666666666666657,0.16666666666666657
185,185.0,185.5,0.16666666666666657,0.16666666666666657,0.16666666666666657,0.16666666666666657,0.16666666666666657,0.16666666666666657
186,186.0,186.5,0.16666666666666657,0.16666666666666657,0.16666666666666657,0.16666666666666657,0.16666666666666657,0.16666666666666657
187,187.0,187.5,0.16666666666666657,0.16666666666666657,0.16666666666666657,0.16666666666666657,0.16666666666666657,0.16666666666666657
188,188.0,188.5,0.16666666666666657,0.16666666666666657,0.16666666666666657,0.16666666666666657,0.16666666666666657,0.16666666666666657
189,189.0,189.5,0.16666666666666657,0.16666666666666657,0.16666666666666657,0.16666666666666657,0.16666666666666657,0.16666666666666657
190,190.0,190.5,0.16666666666666657,0.16666666666666657,0.16666666666666657,0.16666666666666657,0.16666666666666657,0.16666666666666657
191,191.0,191.5,0.16666666666666657,0.16666666666666657,0.16666666666666657,0.16666666666666657,0.16666666666666657,0.16666666666666657
192,192.0,192.5,0.16666666666666657,0.16666666666666657,0.16666666666666657,0.16666666666666657,0.16666666666666657,0.16666666666666657
193,193.0,193.5,0.16666666666666657,0.16666666666666657,0.16666666666666657,0.16666666666666657,0.16666666666666657,0.16666666666666657
194,194.0,194.5,0.16666666666666657,0.16666666666666657,0.16666666666666657,0.16666666666666657,0.16666666666666657,0.16666666666666657
195,195.0,195.5,0.16666666666666657,0.16666666666666657,0.16666666666666657,0.16666666666666657,0.16666666666666657,0.16666666666666657
196,196.0,196.5,0.16666666666666657,0.16666666666666657,0.16666666666666657,0.16666666666666657,0.16666666666666657,0.16666666666666657
197,197.0,197.5,0.16666666666666657,0.16666666666666657,0.16666666666666657,0.16666666666666657,0.16666666666666657,0.16666666666666657
198,198.0,198.5,0.16666666666666657,0.16666666666666657,0.16666666666666657,0.16666666666666657,0.16666666666666657,0.16666666666666657
199,199.0,199.5,0.1642857142857142,0.1642857142857142,0.1642857142857142,0.1785714285714285,0.1642857142857142,0.1642857142857142
200,200.0,200.5,0.16948104484512244,0.18376675913083673,0.15519533055940818,0.18019533055940817,0.15616620434581593,0.15519533055940818
201,201.0,201.5,0.16614774114774108,0.1786477411477411,0.1629731379731379,0.17408424908424902,0.16628510378510372,0.1518620268620268
202,202.0,202.5,0.16126678876678874,0.17237789987789984,0.15698107448107443,0.1912667887667887,0.16001526251526244,0.15809218559218552
203,203.0,203.5,0.15150849150849147,0.16233266733266727,0.15719030969030964,0.2047427572427572,0.15093156843156838,0.17329420579420576
204,204.0,204.5,0.14651154401154395,0.16552669552669547,0.15067821067821063,0.22758297258297255,0.14500721500721497,0.16469336219336214
205,205.0,205.5,0.14261294261294258,0.17780525030525024,0.14549755799755795,0.22750915750915746,0.14868437118437114,0.15789072039072036
206,206.0,206.5,0.14170385170385166,0.18507797757797753,0.14363608613608608,0.22482517482517478,0.14777528027528025,0.15698162948162944
207,207.0,207.5,0.13919413919413914,0.18810439560439554,0.14112637362637356,0.2101282051282051,0.1516758241758241,0.16977106227106223
208,208.0,208.5,0.13709457209457204,0.18298285048285043,0.1390268065268065,0.221070596070596,0.15657259407259402,0.1632525807525807
209,209.0,209.5,0.13353523834655906,0.1768317688600707,0.13547645750475934,0.21528650594688323,0.17392970237309854,0.1649403269686288
210,210.0,210.5,0.13070678153622076,0.17175022407499038,0.13359139692083613,0.21052683687029478,0.18672074031887112,0.16670402027878659
211,211.0,211.5,0.1277760031642659,0.1668341515853885,0.13066061854888128,0.21198999789227932,0.20231937371162215,0.16041985509756257
212,212.0,212.5,0.12708155871982146,0.17688317119323158,0.13678310648486564,0.19639038577328843,0.204770354103779,0.15809142372501356
213,213.0,213.5,0.12401138328122496,0.1732282004329977,0.13510181993515805,0.19470909922358082,0.20689023714471463,0.1660592599823235
214,214.0,214.5,0.12401138328122496,0.1732282004329977,0.13510181993515805,0.19470909922358082,0.20689023714471463,0.1660592599823235
215,215.0,215.5,0.12456693883678052,0.17378375598855325,0.1356573754907136,0.17193132144580306,0.21411245936693687,0.17994814887121238
216,216.0,216.5,0.12365784792768961,0.17287466507946236,0.1347482845816227,0.16242083193531348,0.22089567615015365,0.18540269432575784
217,217.0,217.5,0.12290027217011386,0.16685393142714972,0.13399070882404693,0.160905680420162,0.22540125828731475,0.1899481488712124
218,218.0,218.5,0.12172802336628612,0.16541852472858515,0.1328184600202192,0.15973343161633427,0.23284144967487458,0.18746011059370044
219,219.0,219.5,0.12032942196768473,0.16401992332998377,0.13141985862161779,0.1576938045767072,0.2276549694883944,0.19888202201561184
220,220.0,220.5,0.11913894577720854,0.15171833602839646,0.1379216901234493,0.15595387783678047,0.23437047620390108,0.20089667403026384
221,221.0,221.5,0.1165080864309876,0.13490570537400914,0.1349179118996366,0.16734536831909758,0.23725127242831406,0.20907165554795473
222,222.0,222.5,0.11382951500241618,0.13222713394543772,0.1317631499948747,0.16246441593814517,0.2508822248092665,0.20883356030985953
223,223.0,223.5,0.11221186794359266,0.14227615355328088,0.12384648332820805,0.15909023293160923,0.26709137513606385,0.19548388710724512
224,224.0,224.5,0.11713235294117644,0.1386067119155354,0.1322498743086978,0.15506598793363496,0.26302978883861233,0.19391528406234285
225,225.0,225.5,0.11605592506908294,0.136972961249277,0.1252250016065805,0.15373795064584533,0.27255269584216946,0.19545546558704446
226,226.0,226.5,0.11523721161879055,0.1356279320095109,0.12966944605102498,0.1518373658505237,0.27623690636848525,0.1913911381016644
227,227.0,227.5,0.11460640666523018,0.13499712705595054,0.1290386410974646,0.15094340300222647,0.2732496588378941,0.1971647633412339
228,228.0,228.5,0.11143064207115842,0.13674796625640712,0.11428069172359138,0.14525839326733064,0.28631002176682413,0.20597228491468805
229,229.0,229.5,0.11050554735749027,0.13510056293381426,0.11337323058424875,0.1435757227960867,0.2931024211619391,0.20434251516642066
230,230.0,230.5,0.11410011068889572,0.13305410062419404,0.12223095181039104,0.14155432314310815,0.29509779420994364,0.19396271952346716
231,231.0,231.5,0.10871262236023091,0.1319701280943721,0.12731965395791672,0.14257760472988618,0.30671777553580737,0.1827022153217865
232,232.0,232.5,0.10800495800495798,0.13130573130573125,0.1266292966292966,0.14257076257076254,0.30792762792762784,0.1835616235616235
233,233.0,233.5,0.1073130651740019,0.137634334119124,0.12547820278868077,0.13889652758315235,0.30775717120478097,0.18292069913025968
234,234.0,234.5,0.10669381343294385,0.13705678379591418,0.12487563161476203,0.1380546265328874,0.3095842563233867,0.18373488830010562
235,235.0,235.5,0.10608365782278821,0.13583822757735797,0.12384895558808598,0.1417840052622661,0.3092712810104114,0.18317387273909008
236,236.0,236.5,0.10548841972755012,0.13465010410662578,0.12285846057585184,0.13982183699575,0.313334428008341,0.18384675058588099
237,237.0,237.5,0.10494296518209559,0.13356117130030168,0.12104978628891672,0.14309032682945722,0.31688778769213544,0.1804679627070931
238,238.0,238.5,0.10389285714285709,0.13095238095238088,0.11969047619047617,0.1408333333333333,0.31767857142857137,0.1869523809523809
239,239.0,239.5,0.1054460274239035,0.13363113877273164,0.11095965833576452,0.13511622743038668,0.3197026483840643,0.19514429965314914
240,240.0,240.5,0.10500223850223847,0.13650251697620114,0.11025425743846795,0.13349402352033926,0.3200154017522438,0.1947315618105091
241,241.0,241.5,0.10458258569128132,0.13646146767885892,0.10959293765815503,0.13554945939728544,0.3194711295146077,0.1943424200598113
242,242.0,242.5,0.10279584017515049,0.14393431855500816,0.1075823754789272,0.13606513409961682,0.31703667214012043,0.19258565955117674
243,243.0,243.5,0.11144663382594414,0.13990311986863707,0.10600328407224957,0.13689983579638748,0.31451067323481113,0.19123645320197039
244,244.0,244.5,0.11849689168821534,0.13652327020402655,0.10465666998926175,0.13781128622952868,0.31240698900654407,0.1901048928824234
245,245.0,245.5,0.11587583697664341,0.13438316298396938,0.10337125822206465,0.13545886505967147,0.3218824146283823,0.18902846212926852
246,246.0,246.5,0.11554271223127152,0.13369298004255625,0.10287046922004547,0.13783092119744658,0.32133860701445444,0.18872431029422548
247,247.0,247.5,0.11522358034122737,0.1330387063916475,0.10239444868856631,0.13925159154570915,0.32081767252355486,0.18927400050929455
248,248.0,248.5,0.11491736694677868,0.1352745098039215,0.1019411764705882,0.13772689075630246,0.3171512605042016,0.1929887955182072
249,249.0,249.5,0.12023849887486246,0.132527169799897,0.103491760764488,0.13533148669512302,0.3154138285956467,0.1929972552699825
250,250.0,250.5,0.12003471495274771,0.13196833295193944,0.10308307406668057,0.1367387095255947,0.31536137470563697,0.1928137937974003
251,251.0,251.5,0.11873593776032795,0.13274082981400048,0.10426564865589252,0.13704829997512918,0.3032566927688879,0.20395259102576171
252,252.0,252.5,0.11628172530611551,0.12973716681033748,0.1032400076302515,0.13602265894948815,0.3139892935014886,0.20072914780231849
253,253.0,253.5,0.11628172530611551,0.12973716681033748,0.1005373049275488,0.13487920780603704,0.3139892935014886,0.20457530164847232
254,254.0,254.5,0.11606815140833109,0.12916797413588163,0.10018148351909581,0.1327146456928228,0.31665131663847956,0.20521642860538875
255,255.0,255.5,0.12122001654259715,0.1268592697624955,0.09931865177832916,0.1334253515301902,0.313887953444405,0.2052887569419827
256,256.0,256.5,0.11860979208145991,0.12981088542202193,0.09815935384164785,0.13130451513197045,0.3123569683713307,0.20975848515156895
257,257.0,257.5,0.11629335106715119,0.12686276897331178,0.09711802043135634,0.12934854757533748,0.3111263315974173,0.21925098035542567
258,258.0,258.5,0.11554929453779048,0.12472950312377158,0.09713501286586876,0.12930091148338024,0.3101001216890948,0.22318515630009395
259,259.0,259.5,0.11542671389262919,0.12463272893022319,0.09702533544651393,0.12913962116079963,0.31069367007619153,0.2230819304936423
260,260.0,260.5,0.11537134290702564,0.12430050301660193,0.09685922248970329,0.12814294341993585,0.3122994286586943,0.2230265595080388
261,261.0,261.5,0.11416505075384384,0.12256678235557543,0.09553669577548886,0.12682760486639794,0.3179524443946858,0.22295142185400807
262,262.0,262.5,0.11401984873364182,0.12216905508284814,0.09529048365427674,0.12582381698761008,0.31932239388963524,0.22337440165198785
263,263.0,263.5,0.12197765109042114,0.12488531154590765,0.08910404860594909,0.13108665730160124,0.315365082374779,0.21758124908134163
264,264.0,264.5,0.12006164972225128,0.12273804283268694,0.08709554029975891,0.14083809349124826,0.31309722426021025,0.21616944939384405
265,265.0,265.5,0.11525541871921179,0.12247208538587843,0.08696256157635465,0.1420792282430213,0.31710558292282426,0.21612512315270932
266,266.0,266.5,0.11513353663304397,0.12213761826569702,0.0867556454765814,0.14319033935413242,0.3163034287278129,0.216479431542732
267,267.0,267.5,0.11419266069216805,0.12098029210837088,0.08646412018505611,0.14289881406260713,0.31904220646659065,0.21642190648520696
268,268.0,268.5,0.11408072061030317,0.12066427039385293,0.08627054745012999,0.14197054745013,0.320277205160236,0.21673670893534774
269,269.0,269.5,0.11408306493165825,0.12027290782533746,0.08678734577443015,0.12928146342148897,0.31863649934890337,0.23093871869818158
270,270.0,270.5,0.11332071985985026,0.11914086637999677,0.09065973084886125,0.13023152572065613,0.31610846472368204,0.23053869246695333
271,271.0,271.5,0.11303917340521111,0.11867789757412395,0.09030561545372863,0.13107479784366577,0.31644191374663067,0.23046060197663967
272,272.0,272.6,0.11232036183649083,0.1310650281618023,0.09030401945724523,0.1296260027308414,0.318655700631507,0.21802888718211294
273,273.0,273.6,0.11225938622673474,0.13100405255204622,0.09024304384748913,0.1295650271210853,0.31859472502175096,0.21833376523089343
274,274.0,274.6,0.11238247363773306,0.13112713996304454,0.09036613125848747,0.14218811453208363,0.30060187040376374,0.22333427020488728
275,275.0,275.6,0.11085702533196092,0.12840686061198486,0.08892346738047843,0.13811696842869645,0.3004306160972251,0.23326506214965392
276,276.0,276.6,0.12193084676997716,0.12592214066127105,0.08765468034381076,0.13507319886232927,0.30041969069577756,0.22899944266683395
277,277.0,277.6,0.11997798481711522,0.12305143359056399,0.08659407428320469,0.14155468034381075,0.30137120584729277,0.22745062111801237
278,278.0,278.6,0.11405279503105588,0.12953761214630774,0.08558919944789506,0.13836697722567284,0.30636214630779846,0.22609126984126976
279,279.0,279.6,0.11342895977223351,0.12847005541915218,0.08511562768314554,0.13746483403235188,0.30951639409192105,0.22600412900119554
280,280.0,280.6,0.11503419718712068,0.12824424097475068,0.0841869065467266,0.1375487018395564,0.3087461150377192,0.22623983841412626
281,281.0,281.6,0.11477823188066325,0.12793889884329776,0.08396298322681764,0.13840197072626156,0.30855218504637644,0.22636573027658308
282,282.0,282.6,0.11523804479418882,0.12924538438256655,0.08448206719128327,0.1438595389426957,0.2987062399112187,0.2284687247780468
283,283.0,283.6,0.11376855051168155,0.1271922487499593,0.09140329053303499,0.14252103509303418,0.2977898067234534,0.22732506838883637
284,284.0,284.6,0.1154523809523809,0.12689560439560435,0.0911913919413919,0.14167857142857138,0.29927747252747244,0.22550457875457872
285,285.0,285.6,0.11528888273289754,0.1266953854991281,0.09107314025803041,0.14265321592007327,0.2985581279479361,0.22573124764193428
286,286.0,286.6,0.11617465711785484,0.12389310302704408,0.0873067026345427,0.1439444197561308,0.3063839005651768,0.22229721689925053
287,287.0,287.6,0.11369325119325116,0.1384573759573759,0.09475316350316346,0.1524149461649461,0.2753789266289266,0.22530233655233647
288,288.0,288.6,0.11354624542124539,0.14006181318681316,0.09464629120879117,0.1533001373626373,0.2747264194139194,0.22371909340659335
289,289.0,289.6,0.11226152028632944,0.13869855017755778,0.09335514358415117,0.14790593630288282,0.2622729846489388,0.24550586500013974
290,290.0,290.6,0.11038182103820912,0.1368501792502395,0.0992304086699426,0.15089658600405886,0.2604559420424225,0.24218506299512726
291,291.0,291.6,0.1038936723436168,0.1370077422754496,0.0997556187539762,0.15142179608809248,0.2538138386361745,0.25410733190269025
292,292.0,292.6,0.10346856360014252,0.1362674021884548,0.09934207605260234,0.15725777146829775,0.2509565726670989,0.25270761402340347
293,293.0,293.6,0.10298858884612057,0.1372608078551817,0.09893398948299127,0.1564889345379363,0.24909978859615878,0.2552278906816111
294,294.0,294.6,0.09852499479041263,0.13298959530482696,0.0985255701123179,0.15601318265688252,0.25550723676584836,0.25843942036971135
295,295.0,295.6,0.09766126352045437,0.13348316615304046,0.09789949543779077,0.15384864644389387,0.2577615968739299,0.2593458315708904
