Total_iterations,Unnamed: 0.1,Intertwine_two,Invert_path_vertices,Insert_inside_vertex,Delete_inside_vertex,Trim_one_terminal_cb,Grow_one_terminal_cb
0,0.0,0.1666666666666665,0.1666666666666665,0.1666666666666665,0.1666666666666665,0.1666666666666665,0.1666666666666665
1,1.0,0.1666666666666665,0.1666666666666665,0.1666666666666665,0.1666666666666665,0.1666666666666665,0.1666666666666665
2,2.0,0.1666666666666665,0.1666666666666665,0.1666666666666665,0.1666666666666665,0.1666666666666665,0.1666666666666665
3,3.0,0.1666666666666665,0.1666666666666665,0.1666666666666665,0.1666666666666665,0.1666666666666665,0.1666666666666665
4,4.0,0.1666666666666665,0.1666666666666665,0.1666666666666665,0.1666666666666665,0.1666666666666665,0.1666666666666665
5,5.0,0.1666666666666665,0.1666666666666665,0.1666666666666665,0.1666666666666665,0.1666666666666665,0.1666666666666665
6,6.0,0.1666666666666665,0.1666666666666665,0.1666666666666665,0.1666666666666665,0.1666666666666665,0.1666666666666665
7,7.0,0.1666666666666665,0.1666666666666665,0.1666666666666665,0.1666666666666665,0.1666666666666665,0.1666666666666665
8,8.0,0.1666666666666665,0.1666666666666665,0.1666666666666665,0.1666666666666665,0.1666666666666665,0.1666666666666665
9,9.0,0.1666666666666665,0.1666666666666665,0.1666666666666665,0.1666666666666665,0.1666666666666665,0.1666666666666665
10,10.0,0.1666666666666665,0.1666666666666665,0.1666666666666665,0.1666666666666665,0.1666666666666665,0.1666666666666665
11,11.0,0.1666666666666665,0.1666666666666665,0.1666666666666665,0.1666666666666665,0.1666666666666665,0.1666666666666665
12,12.0,0.1666666666666665,0.1666666666666665,0.1666666666666665,0.1666666666666665,0.1666666666666665,0.1666666666666665
13,13.0,0.1666666666666665,0.1666666666666665,0.1666666666666665,0.1666666666666665,0.1666666666666665,0.1666666666666665
14,14.0,0.1666666666666665,0.1666666666666665,0.1666666666666665,0.1666666666666665,0.1666666666666665,0.1666666666666665
15,15.0,0.1666666666666665,0.1666666666666665,0.1666666666666665,0.1666666666666665,0.1666666666666665,0.1666666666666665
16,16.0,0.1666666666666665,0.1666666666666665,0.1666666666666665,0.1666666666666665,0.1666666666666665,0.1666666666666665
17,17.0,0.1666666666666665,0.1666666666666665,0.1666666666666665,0.1666666666666665,0.1666666666666665,0.1666666666666665
18,18.0,0.1666666666666665,0.1666666666666665,0.1666666666666665,0.1666666666666665,0.1666666666666665,0.1666666666666665
19,19.0,0.1666666666666665,0.1666666666666665,0.1666666666666665,0.1666666666666665,0.1666666666666665,0.1666666666666665
20,20.0,0.1666666666666665,0.1666666666666665,0.1666666666666665,0.1666666666666665,0.1666666666666665,0.1666666666666665
21,21.0,0.1666666666666665,0.1666666666666665,0.1666666666666665,0.1666666666666665,0.1666666666666665,0.1666666666666665
22,22.0,0.1666666666666665,0.1666666666666665,0.1666666666666665,0.1666666666666665,0.1666666666666665,0.1666666666666665
23,23.0,0.1666666666666665,0.1666666666666665,0.1666666666666665,0.1666666666666665,0.1666666666666665,0.1666666666666665
24,24.0,0.1666666666666665,0.1666666666666665,0.1666666666666665,0.1666666666666665,0.1666666666666665,0.1666666666666665
25,25.0,0.1666666666666665,0.1666666666666665,0.1666666666666665,0.1666666666666665,0.1666666666666665,0.1666666666666665
26,26.0,0.1666666666666665,0.1666666666666665,0.1666666666666665,0.1666666666666665,0.1666666666666665,0.1666666666666665
27,27.0,0.1666666666666665,0.1666666666666665,0.1666666666666665,0.1666666666666665,0.1666666666666665,0.1666666666666665
28,28.0,0.1666666666666665,0.1666666666666665,0.1666666666666665,0.1666666666666665,0.1666666666666665,0.1666666666666665
29,29.0,0.1666666666666665,0.1666666666666665,0.1666666666666665,0.1666666666666665,0.1666666666666665,0.1666666666666665
30,30.0,0.1666666666666665,0.1666666666666665,0.1666666666666665,0.1666666666666665,0.1666666666666665,0.1666666666666665
31,31.0,0.1666666666666665,0.1666666666666665,0.1666666666666665,0.1666666666666665,0.1666666666666665,0.1666666666666665
32,32.0,0.1666666666666665,0.1666666666666665,0.1666666666666665,0.1666666666666665,0.1666666666666665,0.1666666666666665
33,33.0,0.1666666666666665,0.1666666666666665,0.1666666666666665,0.1666666666666665,0.1666666666666665,0.1666666666666665
34,34.0,0.1666666666666665,0.1666666666666665,0.1666666666666665,0.1666666666666665,0.1666666666666665,0.1666666666666665
35,35.0,0.1666666666666665,0.1666666666666665,0.1666666666666665,0.1666666666666665,0.1666666666666665,0.1666666666666665
36,36.0,0.1666666666666665,0.1666666666666665,0.1666666666666665,0.1666666666666665,0.1666666666666665,0.1666666666666665
37,37.0,0.1666666666666665,0.1666666666666665,0.1666666666666665,0.1666666666666665,0.1666666666666665,0.1666666666666665
38,38.0,0.1666666666666665,0.1666666666666665,0.1666666666666665,0.1666666666666665,0.1666666666666665,0.1666666666666665
39,39.0,0.1666666666666665,0.1666666666666665,0.1666666666666665,0.1666666666666665,0.1666666666666665,0.1666666666666665
40,40.0,0.1666666666666665,0.1666666666666665,0.1666666666666665,0.1666666666666665,0.1666666666666665,0.1666666666666665
41,41.0,0.1666666666666665,0.1666666666666665,0.1666666666666665,0.1666666666666665,0.1666666666666665,0.1666666666666665
42,42.0,0.1666666666666665,0.1666666666666665,0.1666666666666665,0.1666666666666665,0.1666666666666665,0.1666666666666665
43,43.0,0.1666666666666665,0.1666666666666665,0.1666666666666665,0.1666666666666665,0.1666666666666665,0.1666666666666665
44,44.0,0.1666666666666665,0.1666666666666665,0.1666666666666665,0.1666666666666665,0.1666666666666665,0.1666666666666665
45,45.0,0.1666666666666665,0.1666666666666665,0.1666666666666665,0.1666666666666665,0.1666666666666665,0.1666666666666665
46,46.0,0.1666666666666665,0.1666666666666665,0.1666666666666665,0.1666666666666665,0.1666666666666665,0.1666666666666665
47,47.0,0.1666666666666665,0.1666666666666665,0.1666666666666665,0.1666666666666665,0.1666666666666665,0.1666666666666665
48,48.0,0.1666666666666665,0.1666666666666665,0.1666666666666665,0.1666666666666665,0.1666666666666665,0.1666666666666665
49,49.0,0.1666666666666665,0.1666666666666665,0.1666666666666665,0.1666666666666665,0.1666666666666665,0.1666666666666665
50,50.0,0.1666666666666665,0.1666666666666665,0.1666666666666665,0.1666666666666665,0.1666666666666665,0.1666666666666665
51,51.0,0.1666666666666665,0.1666666666666665,0.1666666666666665,0.1666666666666665,0.1666666666666665,0.1666666666666665
52,52.0,0.1666666666666665,0.1666666666666665,0.1666666666666665,0.1666666666666665,0.1666666666666665,0.1666666666666665
53,53.0,0.1666666666666665,0.1666666666666665,0.1666666666666665,0.1666666666666665,0.1666666666666665,0.1666666666666665
54,54.0,0.1666666666666665,0.1666666666666665,0.1666666666666665,0.1666666666666665,0.1666666666666665,0.1666666666666665
55,55.0,0.1666666666666665,0.1666666666666665,0.1666666666666665,0.1666666666666665,0.1666666666666665,0.1666666666666665
56,56.0,0.1666666666666665,0.1666666666666665,0.1666666666666665,0.1666666666666665,0.1666666666666665,0.1666666666666665
57,57.0,0.1666666666666665,0.1666666666666665,0.1666666666666665,0.1666666666666665,0.1666666666666665,0.1666666666666665
58,58.0,0.1666666666666665,0.1666666666666665,0.1666666666666665,0.1666666666666665,0.1666666666666665,0.1666666666666665
59,59.0,0.1666666666666665,0.1666666666666665,0.1666666666666665,0.1666666666666665,0.1666666666666665,0.1666666666666665
60,60.0,0.1666666666666665,0.1666666666666665,0.1666666666666665,0.1666666666666665,0.1666666666666665,0.1666666666666665
61,61.0,0.1666666666666665,0.1666666666666665,0.1666666666666665,0.1666666666666665,0.1666666666666665,0.1666666666666665
62,62.0,0.1666666666666665,0.1666666666666665,0.1666666666666665,0.1666666666666665,0.1666666666666665,0.1666666666666665
63,63.0,0.1666666666666665,0.1666666666666665,0.1666666666666665,0.1666666666666665,0.1666666666666665,0.1666666666666665
64,64.0,0.1666666666666665,0.1666666666666665,0.1666666666666665,0.1666666666666665,0.1666666666666665,0.1666666666666665
65,65.0,0.1666666666666665,0.1666666666666665,0.1666666666666665,0.1666666666666665,0.1666666666666665,0.1666666666666665
66,66.0,0.1666666666666665,0.1666666666666665,0.1666666666666665,0.1666666666666665,0.1666666666666665,0.1666666666666665
67,67.0,0.1666666666666665,0.1666666666666665,0.1666666666666665,0.1666666666666665,0.1666666666666665,0.1666666666666665
68,68.0,0.1666666666666665,0.1666666666666665,0.1666666666666665,0.1666666666666665,0.1666666666666665,0.1666666666666665
69,69.0,0.1666666666666665,0.1666666666666665,0.1666666666666665,0.1666666666666665,0.1666666666666665,0.1666666666666665
70,70.0,0.1666666666666665,0.1666666666666665,0.1666666666666665,0.1666666666666665,0.1666666666666665,0.1666666666666665
71,71.0,0.1666666666666665,0.1666666666666665,0.1666666666666665,0.1666666666666665,0.1666666666666665,0.1666666666666665
72,72.0,0.1666666666666665,0.1666666666666665,0.1666666666666665,0.1666666666666665,0.1666666666666665,0.1666666666666665
73,73.0,0.1666666666666665,0.1666666666666665,0.1666666666666665,0.1666666666666665,0.1666666666666665,0.1666666666666665
74,74.0,0.1666666666666665,0.1666666666666665,0.1666666666666665,0.1666666666666665,0.1666666666666665,0.1666666666666665
75,75.0,0.1666666666666665,0.1666666666666665,0.1666666666666665,0.1666666666666665,0.1666666666666665,0.1666666666666665
76,76.0,0.1666666666666665,0.1666666666666665,0.1666666666666665,0.1666666666666665,0.1666666666666665,0.1666666666666665
77,77.0,0.1666666666666665,0.1666666666666665,0.1666666666666665,0.1666666666666665,0.1666666666666665,0.1666666666666665
78,78.0,0.1666666666666665,0.1666666666666665,0.1666666666666665,0.1666666666666665,0.1666666666666665,0.1666666666666665
79,79.0,0.1666666666666665,0.1666666666666665,0.1666666666666665,0.1666666666666665,0.1666666666666665,0.1666666666666665
80,80.0,0.1666666666666665,0.1666666666666665,0.1666666666666665,0.1666666666666665,0.1666666666666665,0.1666666666666665
81,81.0,0.1666666666666665,0.1666666666666665,0.1666666666666665,0.1666666666666665,0.1666666666666665,0.1666666666666665
82,82.0,0.1666666666666665,0.1666666666666665,0.1666666666666665,0.1666666666666665,0.1666666666666665,0.1666666666666665
83,83.0,0.1666666666666665,0.1666666666666665,0.1666666666666665,0.1666666666666665,0.1666666666666665,0.1666666666666665
84,84.0,0.1666666666666665,0.1666666666666665,0.1666666666666665,0.1666666666666665,0.1666666666666665,0.1666666666666665
85,85.0,0.1666666666666665,0.1666666666666665,0.1666666666666665,0.1666666666666665,0.1666666666666665,0.1666666666666665
86,86.0,0.1666666666666665,0.1666666666666665,0.1666666666666665,0.1666666666666665,0.1666666666666665,0.1666666666666665
87,87.0,0.1666666666666665,0.1666666666666665,0.1666666666666665,0.1666666666666665,0.1666666666666665,0.1666666666666665
88,88.0,0.1666666666666665,0.1666666666666665,0.1666666666666665,0.1666666666666665,0.1666666666666665,0.1666666666666665
89,89.0,0.1666666666666665,0.1666666666666665,0.1666666666666665,0.1666666666666665,0.1666666666666665,0.1666666666666665
90,90.0,0.1666666666666665,0.1666666666666665,0.1666666666666665,0.1666666666666665,0.1666666666666665,0.1666666666666665
91,91.0,0.1666666666666665,0.1666666666666665,0.1666666666666665,0.1666666666666665,0.1666666666666665,0.1666666666666665
92,92.0,0.1666666666666665,0.1666666666666665,0.1666666666666665,0.1666666666666665,0.1666666666666665,0.1666666666666665
93,93.0,0.1666666666666665,0.1666666666666665,0.1666666666666665,0.1666666666666665,0.1666666666666665,0.1666666666666665
94,94.0,0.1666666666666665,0.1666666666666665,0.1666666666666665,0.1666666666666665,0.1666666666666665,0.1666666666666665
95,95.0,0.1666666666666665,0.1666666666666665,0.1666666666666665,0.1666666666666665,0.1666666666666665,0.1666666666666665
96,96.0,0.1666666666666665,0.1666666666666665,0.1666666666666665,0.1666666666666665,0.1666666666666665,0.1666666666666665
97,97.0,0.1666666666666665,0.1666666666666665,0.1666666666666665,0.1666666666666665,0.1666666666666665,0.1666666666666665
98,98.0,0.1666666666666665,0.1666666666666665,0.1666666666666665,0.1666666666666665,0.1666666666666665,0.1666666666666665
99,99.0,0.1666666666666665,0.1666666666666665,0.1666666666666665,0.1666666666666665,0.1666666666666665,0.1666666666666665
100,100.0,0.1666666666666665,0.1666666666666665,0.1666666666666665,0.1666666666666665,0.1666666666666665,0.1666666666666665
101,101.0,0.1666666666666665,0.1666666666666665,0.1666666666666665,0.1666666666666665,0.1666666666666665,0.1666666666666665
102,102.0,0.1666666666666665,0.1666666666666665,0.1666666666666665,0.1666666666666665,0.1666666666666665,0.1666666666666665
103,103.0,0.1666666666666665,0.1666666666666665,0.1666666666666665,0.1666666666666665,0.1666666666666665,0.1666666666666665
104,104.0,0.1666666666666665,0.1666666666666665,0.1666666666666665,0.1666666666666665,0.1666666666666665,0.1666666666666665
105,105.0,0.1666666666666665,0.1666666666666665,0.1666666666666665,0.1666666666666665,0.1666666666666665,0.1666666666666665
106,106.0,0.1666666666666665,0.1666666666666665,0.1666666666666665,0.1666666666666665,0.1666666666666665,0.1666666666666665
107,107.0,0.1666666666666665,0.1666666666666665,0.1666666666666665,0.1666666666666665,0.1666666666666665,0.1666666666666665
108,108.0,0.1666666666666665,0.1666666666666665,0.1666666666666665,0.1666666666666665,0.1666666666666665,0.1666666666666665
109,109.0,0.1666666666666665,0.1666666666666665,0.1666666666666665,0.1666666666666665,0.1666666666666665,0.1666666666666665
110,110.0,0.1666666666666665,0.1666666666666665,0.1666666666666665,0.1666666666666665,0.1666666666666665,0.1666666666666665
111,111.0,0.1666666666666665,0.1666666666666665,0.1666666666666665,0.1666666666666665,0.1666666666666665,0.1666666666666665
112,112.0,0.1666666666666665,0.1666666666666665,0.1666666666666665,0.1666666666666665,0.1666666666666665,0.1666666666666665
113,113.0,0.1666666666666665,0.1666666666666665,0.1666666666666665,0.1666666666666665,0.1666666666666665,0.1666666666666665
114,114.0,0.1666666666666665,0.1666666666666665,0.1666666666666665,0.1666666666666665,0.1666666666666665,0.1666666666666665
115,115.0,0.1666666666666665,0.1666666666666665,0.1666666666666665,0.1666666666666665,0.1666666666666665,0.1666666666666665
116,116.0,0.1666666666666665,0.1666666666666665,0.1666666666666665,0.1666666666666665,0.1666666666666665,0.1666666666666665
117,117.0,0.1666666666666665,0.1666666666666665,0.1666666666666665,0.1666666666666665,0.1666666666666665,0.1666666666666665
118,118.0,0.1666666666666665,0.1666666666666665,0.1666666666666665,0.1666666666666665,0.1666666666666665,0.1666666666666665
119,119.0,0.1666666666666665,0.1666666666666665,0.1666666666666665,0.1666666666666665,0.1666666666666665,0.1666666666666665
120,120.0,0.1666666666666665,0.1666666666666665,0.1666666666666665,0.1666666666666665,0.1666666666666665,0.1666666666666665
121,121.0,0.1666666666666665,0.1666666666666665,0.1666666666666665,0.1666666666666665,0.1666666666666665,0.1666666666666665
122,122.0,0.1666666666666665,0.1666666666666665,0.1666666666666665,0.1666666666666665,0.1666666666666665,0.1666666666666665
123,123.0,0.1666666666666665,0.1666666666666665,0.1666666666666665,0.1666666666666665,0.1666666666666665,0.1666666666666665
124,124.0,0.1666666666666665,0.1666666666666665,0.1666666666666665,0.1666666666666665,0.1666666666666665,0.1666666666666665
125,125.0,0.1666666666666665,0.1666666666666665,0.1666666666666665,0.1666666666666665,0.1666666666666665,0.1666666666666665
126,126.0,0.1666666666666665,0.1666666666666665,0.1666666666666665,0.1666666666666665,0.1666666666666665,0.1666666666666665
127,127.0,0.1666666666666665,0.1666666666666665,0.1666666666666665,0.1666666666666665,0.1666666666666665,0.1666666666666665
128,128.0,0.1666666666666665,0.1666666666666665,0.1666666666666665,0.1666666666666665,0.1666666666666665,0.1666666666666665
129,129.0,0.1666666666666665,0.1666666666666665,0.1666666666666665,0.1666666666666665,0.1666666666666665,0.1666666666666665
130,130.0,0.1666666666666665,0.1666666666666665,0.1666666666666665,0.1666666666666665,0.1666666666666665,0.1666666666666665
131,131.0,0.1666666666666665,0.1666666666666665,0.1666666666666665,0.1666666666666665,0.1666666666666665,0.1666666666666665
132,132.0,0.1666666666666665,0.1666666666666665,0.1666666666666665,0.1666666666666665,0.1666666666666665,0.1666666666666665
133,133.0,0.1666666666666665,0.1666666666666665,0.1666666666666665,0.1666666666666665,0.1666666666666665,0.1666666666666665
134,134.0,0.1666666666666665,0.1666666666666665,0.1666666666666665,0.1666666666666665,0.1666666666666665,0.1666666666666665
135,135.0,0.1666666666666665,0.1666666666666665,0.1666666666666665,0.1666666666666665,0.1666666666666665,0.1666666666666665
136,136.0,0.1666666666666665,0.1666666666666665,0.1666666666666665,0.1666666666666665,0.1666666666666665,0.1666666666666665
137,137.0,0.1666666666666665,0.1666666666666665,0.1666666666666665,0.1666666666666665,0.1666666666666665,0.1666666666666665
138,138.0,0.1666666666666665,0.1666666666666665,0.1666666666666665,0.1666666666666665,0.1666666666666665,0.1666666666666665
139,139.0,0.1666666666666665,0.1666666666666665,0.1666666666666665,0.1666666666666665,0.1666666666666665,0.1666666666666665
140,140.0,0.1666666666666665,0.1666666666666665,0.1666666666666665,0.1666666666666665,0.1666666666666665,0.1666666666666665
141,141.0,0.1666666666666665,0.1666666666666665,0.1666666666666665,0.1666666666666665,0.1666666666666665,0.1666666666666665
142,142.0,0.1666666666666665,0.1666666666666665,0.1666666666666665,0.1666666666666665,0.1666666666666665,0.1666666666666665
143,143.0,0.1666666666666665,0.1666666666666665,0.1666666666666665,0.1666666666666665,0.1666666666666665,0.1666666666666665
144,144.0,0.1666666666666665,0.1666666666666665,0.1666666666666665,0.1666666666666665,0.1666666666666665,0.1666666666666665
145,145.0,0.1666666666666665,0.1666666666666665,0.1666666666666665,0.1666666666666665,0.1666666666666665,0.1666666666666665
146,146.0,0.1666666666666665,0.1666666666666665,0.1666666666666665,0.1666666666666665,0.1666666666666665,0.1666666666666665
147,147.0,0.1666666666666665,0.1666666666666665,0.1666666666666665,0.1666666666666665,0.1666666666666665,0.1666666666666665
148,148.0,0.1666666666666665,0.1666666666666665,0.1666666666666665,0.1666666666666665,0.1666666666666665,0.1666666666666665
149,149.0,0.1666666666666665,0.1666666666666665,0.1666666666666665,0.1666666666666665,0.1666666666666665,0.1666666666666665
150,150.0,0.1666666666666665,0.1666666666666665,0.1666666666666665,0.1666666666666665,0.1666666666666665,0.1666666666666665
151,151.0,0.1666666666666665,0.1666666666666665,0.1666666666666665,0.1666666666666665,0.1666666666666665,0.1666666666666665
152,152.0,0.1666666666666665,0.1666666666666665,0.1666666666666665,0.1666666666666665,0.1666666666666665,0.1666666666666665
153,153.0,0.1666666666666665,0.1666666666666665,0.1666666666666665,0.1666666666666665,0.1666666666666665,0.1666666666666665
154,154.0,0.1666666666666665,0.1666666666666665,0.1666666666666665,0.1666666666666665,0.1666666666666665,0.1666666666666665
155,155.0,0.1666666666666665,0.1666666666666665,0.1666666666666665,0.1666666666666665,0.1666666666666665,0.1666666666666665
156,156.0,0.1666666666666665,0.1666666666666665,0.1666666666666665,0.1666666666666665,0.1666666666666665,0.1666666666666665
157,157.0,0.1666666666666665,0.1666666666666665,0.1666666666666665,0.1666666666666665,0.1666666666666665,0.1666666666666665
158,158.0,0.1666666666666665,0.1666666666666665,0.1666666666666665,0.1666666666666665,0.1666666666666665,0.1666666666666665
159,159.0,0.1666666666666665,0.1666666666666665,0.1666666666666665,0.1666666666666665,0.1666666666666665,0.1666666666666665
160,160.0,0.1666666666666665,0.1666666666666665,0.1666666666666665,0.1666666666666665,0.1666666666666665,0.1666666666666665
161,161.0,0.1666666666666665,0.1666666666666665,0.1666666666666665,0.1666666666666665,0.1666666666666665,0.1666666666666665
162,162.0,0.1666666666666665,0.1666666666666665,0.1666666666666665,0.1666666666666665,0.1666666666666665,0.1666666666666665
163,163.0,0.1666666666666665,0.1666666666666665,0.1666666666666665,0.1666666666666665,0.1666666666666665,0.1666666666666665
164,164.0,0.1666666666666665,0.1666666666666665,0.1666666666666665,0.1666666666666665,0.1666666666666665,0.1666666666666665
165,165.0,0.1666666666666665,0.1666666666666665,0.1666666666666665,0.1666666666666665,0.1666666666666665,0.1666666666666665
166,166.0,0.1666666666666665,0.1666666666666665,0.1666666666666665,0.1666666666666665,0.1666666666666665,0.1666666666666665
167,167.0,0.1666666666666665,0.1666666666666665,0.1666666666666665,0.1666666666666665,0.1666666666666665,0.1666666666666665
168,168.0,0.1666666666666665,0.1666666666666665,0.1666666666666665,0.1666666666666665,0.1666666666666665,0.1666666666666665
169,169.0,0.1666666666666665,0.1666666666666665,0.1666666666666665,0.1666666666666665,0.1666666666666665,0.1666666666666665
170,170.0,0.1666666666666665,0.1666666666666665,0.1666666666666665,0.1666666666666665,0.1666666666666665,0.1666666666666665
171,171.0,0.1666666666666665,0.1666666666666665,0.1666666666666665,0.1666666666666665,0.1666666666666665,0.1666666666666665
172,172.0,0.1666666666666665,0.1666666666666665,0.1666666666666665,0.1666666666666665,0.1666666666666665,0.1666666666666665
173,173.0,0.1666666666666665,0.1666666666666665,0.1666666666666665,0.1666666666666665,0.1666666666666665,0.1666666666666665
174,174.0,0.1666666666666665,0.1666666666666665,0.1666666666666665,0.1666666666666665,0.1666666666666665,0.1666666666666665
175,175.0,0.1666666666666665,0.1666666666666665,0.1666666666666665,0.1666666666666665,0.1666666666666665,0.1666666666666665
176,176.0,0.1666666666666665,0.1666666666666665,0.1666666666666665,0.1666666666666665,0.1666666666666665,0.1666666666666665
177,177.0,0.1666666666666665,0.1666666666666665,0.1666666666666665,0.1666666666666665,0.1666666666666665,0.1666666666666665
178,178.0,0.1666666666666665,0.1666666666666665,0.1666666666666665,0.1666666666666665,0.1666666666666665,0.1666666666666665
179,179.0,0.1666666666666665,0.1666666666666665,0.1666666666666665,0.1666666666666665,0.1666666666666665,0.1666666666666665
180,180.0,0.1666666666666665,0.1666666666666665,0.1666666666666665,0.1666666666666665,0.1666666666666665,0.1666666666666665
181,181.0,0.1666666666666665,0.1666666666666665,0.1666666666666665,0.1666666666666665,0.1666666666666665,0.1666666666666665
182,182.0,0.1666666666666665,0.1666666666666665,0.1666666666666665,0.1666666666666665,0.1666666666666665,0.1666666666666665
183,183.0,0.1666666666666665,0.1666666666666665,0.1666666666666665,0.1666666666666665,0.1666666666666665,0.1666666666666665
184,184.0,0.1666666666666665,0.1666666666666665,0.1666666666666665,0.1666666666666665,0.1666666666666665,0.1666666666666665
185,185.0,0.1666666666666665,0.1666666666666665,0.1666666666666665,0.1666666666666665,0.1666666666666665,0.1666666666666665
186,186.0,0.1666666666666665,0.1666666666666665,0.1666666666666665,0.1666666666666665,0.1666666666666665,0.1666666666666665
187,187.0,0.1666666666666665,0.1666666666666665,0.1666666666666665,0.1666666666666665,0.1666666666666665,0.1666666666666665
188,188.0,0.1666666666666665,0.1666666666666665,0.1666666666666665,0.1666666666666665,0.1666666666666665,0.1666666666666665
189,189.0,0.1666666666666665,0.1666666666666665,0.1666666666666665,0.1666666666666665,0.1666666666666665,0.1666666666666665
190,190.0,0.1666666666666665,0.1666666666666665,0.1666666666666665,0.1666666666666665,0.1666666666666665,0.1666666666666665
191,191.0,0.1666666666666665,0.1666666666666665,0.1666666666666665,0.1666666666666665,0.1666666666666665,0.1666666666666665
192,192.0,0.1666666666666665,0.1666666666666665,0.1666666666666665,0.1666666666666665,0.1666666666666665,0.1666666666666665
193,193.0,0.1666666666666665,0.1666666666666665,0.1666666666666665,0.1666666666666665,0.1666666666666665,0.1666666666666665
194,194.0,0.1666666666666665,0.1666666666666665,0.1666666666666665,0.1666666666666665,0.1666666666666665,0.1666666666666665
195,195.0,0.1666666666666665,0.1666666666666665,0.1666666666666665,0.1666666666666665,0.1666666666666665,0.1666666666666665
196,196.0,0.1666666666666665,0.1666666666666665,0.1666666666666665,0.1666666666666665,0.1666666666666665,0.1666666666666665
197,197.0,0.1666666666666665,0.1666666666666665,0.1666666666666665,0.1666666666666665,0.1666666666666665,0.1666666666666665
198,198.0,0.1666666666666665,0.1666666666666665,0.1666666666666665,0.1666666666666665,0.1666666666666665,0.1666666666666665
199,199.0,0.1664285714285713,0.1664285714285713,0.1664285714285713,0.1678571428571427,0.1664285714285713,0.1664285714285713
200,200.0,0.1667123901987979,0.1681409616273693,0.1652838187702264,0.1691981044845121,0.1653809061488672,0.1652838187702264
201,201.0,0.1666621832687269,0.1693264689830126,0.1649304372369808,0.1699038340623776,0.1653577503230318,0.1638193261258697
202,202.0,0.1661237573723579,0.1698596541977547,0.163993614515215,0.1722990488009293,0.1647191994874165,0.1630047256263261
203,203.0,0.1646147746537404,0.1693601800933007,0.1631012721862078,0.1759920163128812,0.1631890949572718,0.1637426617965975
204,204.0,0.1626259326258373,0.1691597810910887,0.1615878445639325,0.1818872160169583,0.1610969902724491,0.1636422354297334
205,205.0,0.1602849707747216,0.1701709466113094,0.1595985980969623,0.1876424718089062,0.159420913921172,0.1628820987869279
206,206.0,0.1579104757361905,0.1718846113437202,0.1574811186895479,0.1929524706102636,0.1577141706867456,0.1620571529335318
207,207.0,0.1553603927102179,0.1738614850678743,0.155185965646369,0.1965804996039374,0.1564687672617015,0.1625428897098995
208,208.0,0.1526936987417251,0.1752709460128236,0.1527697752773514,0.2010754418477257,0.15578965173798,0.1624004863823939
209,209.0,0.1497817495288087,0.1760014717457004,0.1501027393555253,0.2047424323969925,0.1569219880200273,0.1624496189529455
210,210.0,0.1467156844443276,0.1761590933979251,0.1473676381489819,0.2076721977191727,0.1593902716119778,0.1626951146776146
211,211.0,0.1435030590020181,0.1757652569427379,0.1444752068136158,0.2104838490028445,0.1634448948710773,0.1623277333677061
212,212.0,0.1403849811011175,0.1763263950402801,0.1423461215227375,0.2114694354351445,0.167727898631888,0.1617451682688322
213,213.0,0.1371386592226344,0.1764714900135743,0.1402061859555975,0.2120375440726251,0.1721650148754301,0.1619811058601384
214,214.0,0.1340856967725855,0.1765696425937332,0.1382292002849671,0.2123755573978671,0.1765056717173108,0.1622342312335359
215,215.0,0.1312928429881835,0.1766801210498245,0.1364741949334573,0.2102253270310644,0.1814383307514997,0.1638891832459704
216,216.0,0.1286211064497986,0.1766596789187849,0.1347956128317619,0.2069561306940404,0.1868827868467458,0.1660846842588684
217,217.0,0.1260911534042735,0.1760013574972248,0.133208658081977,0.2034169858516163,0.1925734844392175,0.1687083607256909
218,218.0,0.1236650619705765,0.1751738532872634,0.1316709944342086,0.1996894175587373,0.1987674091496789,0.1710332635995352
219,219.0,0.1213223491543461,0.1741916860728513,0.130158711667217,0.1957310835317595,0.2041640337756982,0.1744321357981279
220,220.0,0.1190849307288246,0.1719758592222929,0.1294604517966517,0.1916142174439363,0.2099274559677931,0.1779370848405014
221,221.0,0.116808708361717,0.1680977767594127,0.1286162524740296,0.1886915836170556,0.2156470457654809,0.1821386330223042
222,222.0,0.1144892448691556,0.1640077246861093,0.1276040134874496,0.1853596557817881,0.2223738140881236,0.1861655470873737
223,223.0,0.1122333657213007,0.1610137738735139,0.1259429230979352,0.1817945500309573,0.2303339047183931,0.1886814825578997
224,224.0,0.1106949080102126,0.1577648977752012,0.125267316447724,0.1779564871844187,0.2374594023600672,0.1908569882223763
225,225.0,0.1092670277323336,0.1544859523614973,0.1240266087709319,0.1741405219012472,0.2450803448027151,0.1929995444312751
226,226.0,0.1079679531105807,0.1512252686540648,0.1233664002346199,0.1703120689543066,0.2525823375641243,0.1945459714823037
227,227.0,0.1068083980407292,0.1480715994555741,0.1227721625147471,0.1665923179861926,0.2592719519843771,0.19648357001838
228,228.0,0.1055252021047006,0.1452776363729819,0.1208242184153015,0.1625195519915606,0.2667384183240328,0.1991149727914226
229,229.0,0.1043368706905727,0.1425130325652238,0.1189148873449491,0.1585131839620253,0.2743331940036623,0.2013888314335669
230,230.0,0.1036885155176673,0.1397461182109655,0.1180268449366391,0.1545559381584862,0.2815557216917121,0.2024268614845299
231,231.0,0.1026703629808982,0.1370805778632831,0.1177785180526502,0.150966728943825,0.2893534154687256,0.2021503966906179
232,232.0,0.1017436818560721,0.1345640473738157,0.1175813994832509,0.1476518651925782,0.2966659687078906,0.2017930373863925
233,233.0,0.1009030923221218,0.1328994470539534,0.1173793623581903,0.1442502532914769,0.3033428375430518,0.2012250074312056
234,234.0,0.1001487362959796,0.1313909006044082,0.1172182602325489,0.141051075218376,0.3095788713431748,0.2006121563055125
235,235.0,0.0994742510828057,0.1299680120098769,0.1170471744306261,0.1385147883386681,0.3151600580817901,0.1998357160562331
236,236.0,0.0988737846488251,0.1286273020834003,0.1168621655192468,0.1360686054895155,0.320530553075623,0.1990375891833893
237,237.0,0.0983449657544845,0.1273719978891712,0.116574753020878,0.1342314222237111,0.3256473732877792,0.197829487823976
238,238.0,0.0978299979399301,0.1260432368136843,0.1162249010951823,0.1324408469809323,0.330243993996407,0.197217023173864
239,239.0,0.0975824725269651,0.1251643190691681,0.115071608327538,0.1303415435356607,0.3344577061040429,0.1973823504366252
240,240.0,0.0973939563120995,0.1247450991164861,0.1139219852470108,0.1283376968828588,0.3381337717605334,0.1974674906810115
241,241.0,0.0972584092595261,0.1244812704079352,0.1127845152184195,0.1267913417494064,0.3412066199275284,0.1974778434371843
242,242.0,0.0970309841249146,0.1251109116305636,0.111527820199162,0.1255387707760113,0.3435113826362459,0.1972801306331027
243,243.0,0.0977490294293459,0.1254627029315365,0.1101994310939601,0.1246001907028688,0.3450683220785995,0.1969203237636894
244,244.0,0.0992372720335271,0.125585734305322,0.1088272580207625,0.1239696101312898,0.3459536226654531,0.1964265028436455
245,245.0,0.10050718110268,0.1255918271787103,0.1074220551978499,0.1233052622608654,0.347362469419216,0.1958112048406783
246,246.0,0.10177047334912,0.125616205828671,0.1060667857872688,0.123066090819249,0.3483212501883016,0.1951591940273893
247,247.0,0.1030132455707331,0.1256534869906837,0.1047674780989257,0.1231405518604025,0.3488622329996502,0.1945630044796046
248,248.0,0.1042232225784449,0.1259844725717321,0.1035290436635155,0.123216207115353,0.3487020307231677,0.1943450233477865
249,249.0,0.1059512565218773,0.1261005259665952,0.102553632429107,0.1231898632751001,0.3480685977812882,0.1941361240260319
250,250.0,0.1076289811022849,0.1262133567755092,0.1016442749317124,0.1234282923361198,0.3471667150527394,0.1939183798016341
251,251.0,0.1091331128439143,0.1264497039515022,0.1009584986343282,0.1238069417078857,0.3448264989998994,0.1948252438624699
252,252.0,0.1103374384151237,0.1264249613681546,0.100271807364334,0.1241775756225834,0.3433778665632934,0.1954103506665107
253,253.0,0.111480774298122,0.1264358150975635,0.099413196953728,0.1245152518647353,0.34178021163973,0.1963747501461208
254,254.0,0.112536428713122,0.1264216777037137,0.0986161065230756,0.1247063438307635,0.3403306153408396,0.1973888278884852
255,255.0,0.1140370214270007,0.126205546576232,0.0978280957313719,0.1250294802025463,0.3385128493654072,0.1983870066974414
256,256.0,0.1151983623745338,0.1263127273593137,0.0970178617856401,0.1251921780106052,0.3364775125210005,0.1998013579489062
257,257.0,0.116046039422952,0.1261493599998433,0.0961959328140123,0.1252041326534086,0.3342814402421465,0.2021230948676367
258,258.0,0.1167370162300342,0.1257961368811006,0.0954671168591721,0.1252515723719553,0.3319708031138984,0.2047773545438389
259,259.0,0.1173347600749697,0.1254578923173041,0.0948168937179473,0.1253186324775034,0.3297318777229368,0.2073399436893383
260,260.0,0.1178481119750279,0.1251119979846543,0.0942371660124496,0.1253175286852433,0.3276870386528541,0.2097981566897704
261,261.0,0.118164731779082,0.1246192060694863,0.0936093789708528,0.1252132555642024,0.3262581089634372,0.2121353186529389
262,262.0,0.1183951725904582,0.1241153963814232,0.0930390225893408,0.1250351744604087,0.3250260105467694,0.2143892234315992
263,263.0,0.1193545963178065,0.1239141298954867,0.0919295729517966,0.1254090719236656,0.3234643546537115,0.2159282742575328
264,264.0,0.1200527080833291,0.1235279750033259,0.0907019622039293,0.1267774991133408,0.3217510858157131,0.2171887697803614
265,265.0,0.1202004749883847,0.123145940533994,0.0895477504394666,0.1282738030030048,0.320523441112221,0.2183085899229284
266,266.0,0.1202718264316263,0.122761924248096,0.0884624163528417,0.1298696418672137,0.319304166877683,0.2193300242225389
267,267.0,0.1201905722384703,0.1222943339152312,0.0874393954369642,0.1314099512907184,0.3184506904589778,0.2202150566596377
268,268.0,0.1200462703409804,0.1218287600261324,0.0864895665866628,0.1328182917383438,0.3178119767115838,0.2210051345962964
269,269.0,0.1198569775680682,0.1213589623727692,0.0856842102624562,0.1329084122954605,0.3170977160422825,0.223093721458963
270,270.0,0.1195526404389023,0.1208120797947339,0.0853576594332331,0.1330482575380424,0.3162174658104554,0.2250118969846324
271,271.0,0.1191882631713986,0.1202568764597675,0.0850813728615753,0.1332302781504933,0.3154574954932382,0.2267857138635268
272,272.0,0.1187269515761114,0.1209801167282092,0.0848847977733565,0.1332276623873483,0.3150047450787642,0.2271757264562101
273,273.0,0.118241607681981,0.1217257845231669,0.0847559748498229,0.1331831940429772,0.3146276817002895,0.2274657572017622
274,274.0,0.1177572847038111,0.1225019769600176,0.0847072136497191,0.1343692996049241,0.3125287096310781,0.2281355154504498
275,275.0,0.1171151010822202,0.1230147738481075,0.0845756513579124,0.1351078681496092,0.3105032409458608,0.2296833646162896
276,276.0,0.1175819372090873,0.1232817399199557,0.0843738447518454,0.13549829388598,0.3085785003405342,0.2306856838925971
277,277.0,0.1178502926235905,0.1232613426849616,0.0841189665562441,0.1364935742466253,0.3068597972144442,0.2314160266741341
278,278.0,0.1175205704399727,0.1238895039380974,0.0838138397739415,0.1371211673203641,0.3057571725333422,0.2318977459942819
279,279.0,0.1171267591947452,0.124404574475286,0.0835096220901338,0.1376082448664501,0.3050862848365073,0.2322645145368773
280,280.0,0.1168958748213041,0.1248862113237544,0.0831590141169951,0.1380535673303069,0.3044497590964898,0.2325555733111495
281,281.0,0.1166438655782195,0.1253227305707406,0.0828313535334767,0.138534635781541,0.303900456490752,0.2327669580452699
282,282.0,0.1164443822138204,0.1258724081296806,0.08259968370169,0.1395120275587424,0.3024680069176286,0.2331034914784378
283,283.0,0.1161058343834141,0.1261955341319947,0.0831021270221532,0.140301304887097,0.3010495413129768,0.2332456582623639
284,284.0,0.1159461515414011,0.1264666502448216,0.0836161477865146,0.1409496054182293,0.2998890915032969,0.2331323535057364
285,285.0,0.1157811494557509,0.1266949223982259,0.0841426937476524,0.1416378300055019,0.2987666360268731,0.2329767683659956
286,286.0,0.1157163023499328,0.1266201437200905,0.0843092458154315,0.1423965063767987,0.2985369182790264,0.2324208834587199
287,287.0,0.1154143829099154,0.1279819997958713,0.0852337633314858,0.1439418468856407,0.2953081447352008,0.2321198623418857
288,288.0,0.1151107435195326,0.1294728677486329,0.0861503358682143,0.1455059034561606,0.2921377056431943,0.2316224437642651
289,289.0,0.1146933505737135,0.1307842120595745,0.0869310959422117,0.1464520766027179,0.2878648541215976,0.2332744107001845
290,290.0,0.1141054086947905,0.1318587282278699,0.0882855469938078,0.1476172360017388,0.2835816647967824,0.2345514152850102
291,291.0,0.1128902102577348,0.1328914635920806,0.0896665225654091,0.1487511939692841,0.2788313268362803,0.2369692827792108
292,292.0,0.111664055410896,0.1337880541980043,0.0909689372715985,0.1503820596992834,0.2740201211929199,0.2391767722272975
293,293.0,0.1104305636552314,0.1347191197899129,0.0921840332380179,0.1518417122809369,0.2692737222215432,0.2415508488143574
294,294.0,0.1087996419214713,0.1351553744482479,0.0933042772331778,0.1531542966388896,0.2654409686280193,0.2441454411301938
295,295.0,0.1071426927627808,0.1355757029341365,0.0943021022901604,0.1541477577999281,0.2621175890860343,0.2467141551269596
296,296.0,0.1055587432444273,0.1358059278870494,0.0951087842036789,0.1550554293338293,0.2594420550545211,0.2490290602764937
297,297.0,0.1040191337112455,0.1359152044083164,0.0958278027053622,0.15593246999684,0.2571197180109731,0.2511856711672624
298,298.0,0.10239713397314,0.1358671640072327,0.0965792868399817,0.1567271494570531,0.2550398295266826,0.2533894361959096
299,299.0,0.1006844694026902,0.1355612664743531,0.0970923106489948,0.157196666417146,0.2531182276572498,0.2563470593995658
300,300.0,0.0983689238767099,0.1354072976072108,0.0977321789884537,0.1577016768094661,0.2523597795402942,0.258430143177865
301,301.0,0.0962648558812227,0.1351412212619052,0.0982566164616432,0.1580706413981341,0.251876104336708,0.2603905606603865
302,302.0,0.0941661236572738,0.1362579046572105,0.098609564511842,0.1581085275241468,0.2508705138100153,0.2619873658395112
303,303.0,0.0921024889018704,0.1380576879319358,0.0988056407825164,0.1578868146690835,0.2501373133821238,0.2630100543324698
304,304.0,0.0901431540090707,0.1397699754223867,0.0989108150230633,0.1575679089163645,0.249538807074709,0.2640693395544055
305,305.0,0.0883009325740698,0.1419003960314877,0.0989390098380662,0.1569388822173617,0.2494150314798939,0.2645057478591203
306,306.0,0.0866887823830718,0.1432042286036745,0.0990001140218106,0.1553854438785735,0.2496291011734895,0.2660923299393797
307,307.0,0.0851128645533377,0.145166028120254,0.0989005561756571,0.1534993034994281,0.2504305229188034,0.2668907247325194
308,308.0,0.083668152133811,0.1470044834563214,0.0987454163982332,0.1515379545137416,0.2514821411791731,0.2675618523187195
309,309.0,0.0824990079654869,0.1478155871166447,0.0985461373243973,0.149651268718477,0.2526051217452257,0.2688828771297682
310,310.0,0.081393834153924,0.148367922588735,0.0982398400251248,0.1475822374391813,0.2538653854254025,0.2705507803676323
311,311.0,0.0804287042982266,0.1487371778498361,0.0979062844783373,0.14551145546808,0.255337824132202,0.2720785537733178
312,312.0,0.0795633848675128,0.1489587163054059,0.0975238137972767,0.1434704510424165,0.2569631708200163,0.2735204631673717
313,313.0,0.0788491944579413,0.1500200378098017,0.0972894298702025,0.1416280866401416,0.2580234362320884,0.2741898149898243
314,314.0,0.0782330909320749,0.1510194111550791,0.0970208664244691,0.1398437240319693,0.2590071870744941,0.2748757203819134
315,315.0,0.0777307932467688,0.1519258567338328,0.096743083022403,0.1381574160900154,0.2599787873539121,0.2754640635530679
316,316.0,0.0773076716687714,0.1526948673200322,0.0964341730600179,0.1365448004947682,0.2610529092998049,0.2759655781566053
317,317.0,0.0771320649623858,0.1527686660485958,0.0962740724561475,0.135008878281039,0.2624989338799797,0.2763173843718521
318,318.0,0.0768509142757965,0.1537056030469552,0.0962499664278513,0.1337441943872798,0.2625672094370687,0.2768821124250484
319,319.0,0.0767917100058285,0.154206412660475,0.096361195342843,0.1320533187634119,0.2625369778624286,0.278050385365013
320,320.0,0.0768111853425848,0.1546188426221324,0.0964690942754763,0.1304368287785526,0.2624157215978131,0.2792483273834408
321,321.0,0.0770520782013116,0.1538427665360243,0.09718349471977,0.129095220133893,0.2625473720000117,0.2802790684089893
322,322.0,0.0771694451787376,0.152821914227194,0.0977058257808499,0.1275541763158548,0.2624790597588746,0.2822695787384891
