Total_iterations,Unnamed: 0.1,Intertwine_two,Add_vertex,Delete_vertex,Invert_path_vertices,Insert_inside_vertex,Delete_inside_vertex
0,0.0,0.1666666666666666,0.1666666666666666,0.1666666666666666,0.1666666666666666,0.1666666666666666,0.1666666666666666
1,1.0,0.1666666666666666,0.1666666666666666,0.1666666666666666,0.1666666666666666,0.1666666666666666,0.1666666666666666
2,2.0,0.1666666666666666,0.1666666666666666,0.1666666666666666,0.1666666666666666,0.1666666666666666,0.1666666666666666
3,3.0,0.1666666666666666,0.1666666666666666,0.1666666666666666,0.1666666666666666,0.1666666666666666,0.1666666666666666
4,4.0,0.1666666666666666,0.1666666666666666,0.1666666666666666,0.1666666666666666,0.1666666666666666,0.1666666666666666
5,5.0,0.1666666666666666,0.1666666666666666,0.1666666666666666,0.1666666666666666,0.1666666666666666,0.1666666666666666
6,6.0,0.1666666666666666,0.1666666666666666,0.1666666666666666,0.1666666666666666,0.1666666666666666,0.1666666666666666
7,7.0,0.1666666666666666,0.1666666666666666,0.1666666666666666,0.1666666666666666,0.1666666666666666,0.1666666666666666
8,8.0,0.1666666666666666,0.1666666666666666,0.1666666666666666,0.1666666666666666,0.1666666666666666,0.1666666666666666
9,9.0,0.1666666666666666,0.1666666666666666,0.1666666666666666,0.1666666666666666,0.1666666666666666,0.1666666666666666
10,10.0,0.1666666666666666,0.1666666666666666,0.1666666666666666,0.1666666666666666,0.1666666666666666,0.1666666666666666
11,11.0,0.1666666666666666,0.1666666666666666,0.1666666666666666,0.1666666666666666,0.1666666666666666,0.1666666666666666
12,12.0,0.1666666666666666,0.1666666666666666,0.1666666666666666,0.1666666666666666,0.1666666666666666,0.1666666666666666
13,13.0,0.1666666666666666,0.1666666666666666,0.1666666666666666,0.1666666666666666,0.1666666666666666,0.1666666666666666
14,14.0,0.1666666666666666,0.1666666666666666,0.1666666666666666,0.1666666666666666,0.1666666666666666,0.1666666666666666
15,15.0,0.1666666666666666,0.1666666666666666,0.1666666666666666,0.1666666666666666,0.1666666666666666,0.1666666666666666
16,16.0,0.1666666666666666,0.1666666666666666,0.1666666666666666,0.1666666666666666,0.1666666666666666,0.1666666666666666
17,17.0,0.1666666666666666,0.1666666666666666,0.1666666666666666,0.1666666666666666,0.1666666666666666,0.1666666666666666
18,18.0,0.1666666666666666,0.1666666666666666,0.1666666666666666,0.1666666666666666,0.1666666666666666,0.1666666666666666
19,19.0,0.1666666666666666,0.1666666666666666,0.1666666666666666,0.1666666666666666,0.1666666666666666,0.1666666666666666
20,20.0,0.1666666666666666,0.1666666666666666,0.1666666666666666,0.1666666666666666,0.1666666666666666,0.1666666666666666
21,21.0,0.1666666666666666,0.1666666666666666,0.1666666666666666,0.1666666666666666,0.1666666666666666,0.1666666666666666
22,22.0,0.1666666666666666,0.1666666666666666,0.1666666666666666,0.1666666666666666,0.1666666666666666,0.1666666666666666
23,23.0,0.1666666666666666,0.1666666666666666,0.1666666666666666,0.1666666666666666,0.1666666666666666,0.1666666666666666
24,24.0,0.1666666666666666,0.1666666666666666,0.1666666666666666,0.1666666666666666,0.1666666666666666,0.1666666666666666
25,25.0,0.1666666666666666,0.1666666666666666,0.1666666666666666,0.1666666666666666,0.1666666666666666,0.1666666666666666
26,26.0,0.1666666666666666,0.1666666666666666,0.1666666666666666,0.1666666666666666,0.1666666666666666,0.1666666666666666
27,27.0,0.1666666666666666,0.1666666666666666,0.1666666666666666,0.1666666666666666,0.1666666666666666,0.1666666666666666
28,28.0,0.1666666666666666,0.1666666666666666,0.1666666666666666,0.1666666666666666,0.1666666666666666,0.1666666666666666
29,29.0,0.1666666666666666,0.1666666666666666,0.1666666666666666,0.1666666666666666,0.1666666666666666,0.1666666666666666
30,30.0,0.1666666666666666,0.1666666666666666,0.1666666666666666,0.1666666666666666,0.1666666666666666,0.1666666666666666
31,31.0,0.1666666666666666,0.1666666666666666,0.1666666666666666,0.1666666666666666,0.1666666666666666,0.1666666666666666
32,32.0,0.1666666666666666,0.1666666666666666,0.1666666666666666,0.1666666666666666,0.1666666666666666,0.1666666666666666
33,33.0,0.1666666666666666,0.1666666666666666,0.1666666666666666,0.1666666666666666,0.1666666666666666,0.1666666666666666
34,34.0,0.1666666666666666,0.1666666666666666,0.1666666666666666,0.1666666666666666,0.1666666666666666,0.1666666666666666
35,35.0,0.1666666666666666,0.1666666666666666,0.1666666666666666,0.1666666666666666,0.1666666666666666,0.1666666666666666
36,36.0,0.1666666666666666,0.1666666666666666,0.1666666666666666,0.1666666666666666,0.1666666666666666,0.1666666666666666
37,37.0,0.1666666666666666,0.1666666666666666,0.1666666666666666,0.1666666666666666,0.1666666666666666,0.1666666666666666
38,38.0,0.1666666666666666,0.1666666666666666,0.1666666666666666,0.1666666666666666,0.1666666666666666,0.1666666666666666
39,39.0,0.1666666666666666,0.1666666666666666,0.1666666666666666,0.1666666666666666,0.1666666666666666,0.1666666666666666
40,40.0,0.1666666666666666,0.1666666666666666,0.1666666666666666,0.1666666666666666,0.1666666666666666,0.1666666666666666
41,41.0,0.1666666666666666,0.1666666666666666,0.1666666666666666,0.1666666666666666,0.1666666666666666,0.1666666666666666
42,42.0,0.1666666666666666,0.1666666666666666,0.1666666666666666,0.1666666666666666,0.1666666666666666,0.1666666666666666
43,43.0,0.1666666666666666,0.1666666666666666,0.1666666666666666,0.1666666666666666,0.1666666666666666,0.1666666666666666
44,44.0,0.1666666666666666,0.1666666666666666,0.1666666666666666,0.1666666666666666,0.1666666666666666,0.1666666666666666
45,45.0,0.1666666666666666,0.1666666666666666,0.1666666666666666,0.1666666666666666,0.1666666666666666,0.1666666666666666
46,46.0,0.1666666666666666,0.1666666666666666,0.1666666666666666,0.1666666666666666,0.1666666666666666,0.1666666666666666
47,47.0,0.1666666666666666,0.1666666666666666,0.1666666666666666,0.1666666666666666,0.1666666666666666,0.1666666666666666
48,48.0,0.1666666666666666,0.1666666666666666,0.1666666666666666,0.1666666666666666,0.1666666666666666,0.1666666666666666
49,49.0,0.1666666666666666,0.1666666666666666,0.1666666666666666,0.1666666666666666,0.1666666666666666,0.1666666666666666
50,50.0,0.1666666666666666,0.1666666666666666,0.1666666666666666,0.1666666666666666,0.1666666666666666,0.1666666666666666
51,51.0,0.1666666666666666,0.1666666666666666,0.1666666666666666,0.1666666666666666,0.1666666666666666,0.1666666666666666
52,52.0,0.1666666666666666,0.1666666666666666,0.1666666666666666,0.1666666666666666,0.1666666666666666,0.1666666666666666
53,53.0,0.1666666666666666,0.1666666666666666,0.1666666666666666,0.1666666666666666,0.1666666666666666,0.1666666666666666
54,54.0,0.1666666666666666,0.1666666666666666,0.1666666666666666,0.1666666666666666,0.1666666666666666,0.1666666666666666
55,55.0,0.1666666666666666,0.1666666666666666,0.1666666666666666,0.1666666666666666,0.1666666666666666,0.1666666666666666
56,56.0,0.1666666666666666,0.1666666666666666,0.1666666666666666,0.1666666666666666,0.1666666666666666,0.1666666666666666
57,57.0,0.1666666666666666,0.1666666666666666,0.1666666666666666,0.1666666666666666,0.1666666666666666,0.1666666666666666
58,58.0,0.1666666666666666,0.1666666666666666,0.1666666666666666,0.1666666666666666,0.1666666666666666,0.1666666666666666
59,59.0,0.1666666666666666,0.1666666666666666,0.1666666666666666,0.1666666666666666,0.1666666666666666,0.1666666666666666
60,60.0,0.1666666666666666,0.1666666666666666,0.1666666666666666,0.1666666666666666,0.1666666666666666,0.1666666666666666
61,61.0,0.1666666666666666,0.1666666666666666,0.1666666666666666,0.1666666666666666,0.1666666666666666,0.1666666666666666
62,62.0,0.1666666666666666,0.1666666666666666,0.1666666666666666,0.1666666666666666,0.1666666666666666,0.1666666666666666
63,63.0,0.1666666666666666,0.1666666666666666,0.1666666666666666,0.1666666666666666,0.1666666666666666,0.1666666666666666
64,64.0,0.1666666666666666,0.1666666666666666,0.1666666666666666,0.1666666666666666,0.1666666666666666,0.1666666666666666
65,65.0,0.1666666666666666,0.1666666666666666,0.1666666666666666,0.1666666666666666,0.1666666666666666,0.1666666666666666
66,66.0,0.1666666666666666,0.1666666666666666,0.1666666666666666,0.1666666666666666,0.1666666666666666,0.1666666666666666
67,67.0,0.1666666666666666,0.1666666666666666,0.1666666666666666,0.1666666666666666,0.1666666666666666,0.1666666666666666
68,68.0,0.1666666666666666,0.1666666666666666,0.1666666666666666,0.1666666666666666,0.1666666666666666,0.1666666666666666
69,69.0,0.1666666666666666,0.1666666666666666,0.1666666666666666,0.1666666666666666,0.1666666666666666,0.1666666666666666
70,70.0,0.1666666666666666,0.1666666666666666,0.1666666666666666,0.1666666666666666,0.1666666666666666,0.1666666666666666
71,71.0,0.1666666666666666,0.1666666666666666,0.1666666666666666,0.1666666666666666,0.1666666666666666,0.1666666666666666
72,72.0,0.1666666666666666,0.1666666666666666,0.1666666666666666,0.1666666666666666,0.1666666666666666,0.1666666666666666
73,73.0,0.1666666666666666,0.1666666666666666,0.1666666666666666,0.1666666666666666,0.1666666666666666,0.1666666666666666
74,74.0,0.1666666666666666,0.1666666666666666,0.1666666666666666,0.1666666666666666,0.1666666666666666,0.1666666666666666
75,75.0,0.1666666666666666,0.1666666666666666,0.1666666666666666,0.1666666666666666,0.1666666666666666,0.1666666666666666
76,76.0,0.1666666666666666,0.1666666666666666,0.1666666666666666,0.1666666666666666,0.1666666666666666,0.1666666666666666
77,77.0,0.1666666666666666,0.1666666666666666,0.1666666666666666,0.1666666666666666,0.1666666666666666,0.1666666666666666
78,78.0,0.1666666666666666,0.1666666666666666,0.1666666666666666,0.1666666666666666,0.1666666666666666,0.1666666666666666
79,79.0,0.1666666666666666,0.1666666666666666,0.1666666666666666,0.1666666666666666,0.1666666666666666,0.1666666666666666
80,80.0,0.1666666666666666,0.1666666666666666,0.1666666666666666,0.1666666666666666,0.1666666666666666,0.1666666666666666
81,81.0,0.1666666666666666,0.1666666666666666,0.1666666666666666,0.1666666666666666,0.1666666666666666,0.1666666666666666
82,82.0,0.1666666666666666,0.1666666666666666,0.1666666666666666,0.1666666666666666,0.1666666666666666,0.1666666666666666
83,83.0,0.1666666666666666,0.1666666666666666,0.1666666666666666,0.1666666666666666,0.1666666666666666,0.1666666666666666
84,84.0,0.1666666666666666,0.1666666666666666,0.1666666666666666,0.1666666666666666,0.1666666666666666,0.1666666666666666
85,85.0,0.1666666666666666,0.1666666666666666,0.1666666666666666,0.1666666666666666,0.1666666666666666,0.1666666666666666
86,86.0,0.1666666666666666,0.1666666666666666,0.1666666666666666,0.1666666666666666,0.1666666666666666,0.1666666666666666
87,87.0,0.1666666666666666,0.1666666666666666,0.1666666666666666,0.1666666666666666,0.1666666666666666,0.1666666666666666
88,88.0,0.1666666666666666,0.1666666666666666,0.1666666666666666,0.1666666666666666,0.1666666666666666,0.1666666666666666
89,89.0,0.1666666666666666,0.1666666666666666,0.1666666666666666,0.1666666666666666,0.1666666666666666,0.1666666666666666
90,90.0,0.1666666666666666,0.1666666666666666,0.1666666666666666,0.1666666666666666,0.1666666666666666,0.1666666666666666
91,91.0,0.1666666666666666,0.1666666666666666,0.1666666666666666,0.1666666666666666,0.1666666666666666,0.1666666666666666
92,92.0,0.1666666666666666,0.1666666666666666,0.1666666666666666,0.1666666666666666,0.1666666666666666,0.1666666666666666
93,93.0,0.1666666666666666,0.1666666666666666,0.1666666666666666,0.1666666666666666,0.1666666666666666,0.1666666666666666
94,94.0,0.1666666666666666,0.1666666666666666,0.1666666666666666,0.1666666666666666,0.1666666666666666,0.1666666666666666
95,95.0,0.1666666666666666,0.1666666666666666,0.1666666666666666,0.1666666666666666,0.1666666666666666,0.1666666666666666
96,96.0,0.1666666666666666,0.1666666666666666,0.1666666666666666,0.1666666666666666,0.1666666666666666,0.1666666666666666
97,97.0,0.1666666666666666,0.1666666666666666,0.1666666666666666,0.1666666666666666,0.1666666666666666,0.1666666666666666
98,98.0,0.1666666666666666,0.1666666666666666,0.1666666666666666,0.1666666666666666,0.1666666666666666,0.1666666666666666
99,99.0,0.1666666666666666,0.1666666666666666,0.1666666666666666,0.1666666666666666,0.1666666666666666,0.1666666666666666
100,100.0,0.1666666666666666,0.1666666666666666,0.1666666666666666,0.1666666666666666,0.1666666666666666,0.1666666666666666
101,101.0,0.1666666666666666,0.1666666666666666,0.1666666666666666,0.1666666666666666,0.1666666666666666,0.1666666666666666
102,102.0,0.1666666666666666,0.1666666666666666,0.1666666666666666,0.1666666666666666,0.1666666666666666,0.1666666666666666
103,103.0,0.1666666666666666,0.1666666666666666,0.1666666666666666,0.1666666666666666,0.1666666666666666,0.1666666666666666
104,104.0,0.1666666666666666,0.1666666666666666,0.1666666666666666,0.1666666666666666,0.1666666666666666,0.1666666666666666
105,105.0,0.1666666666666666,0.1666666666666666,0.1666666666666666,0.1666666666666666,0.1666666666666666,0.1666666666666666
106,106.0,0.1666666666666666,0.1666666666666666,0.1666666666666666,0.1666666666666666,0.1666666666666666,0.1666666666666666
107,107.0,0.1666666666666666,0.1666666666666666,0.1666666666666666,0.1666666666666666,0.1666666666666666,0.1666666666666666
108,108.0,0.1666666666666666,0.1666666666666666,0.1666666666666666,0.1666666666666666,0.1666666666666666,0.1666666666666666
109,109.0,0.1666666666666666,0.1666666666666666,0.1666666666666666,0.1666666666666666,0.1666666666666666,0.1666666666666666
110,110.0,0.1666666666666666,0.1666666666666666,0.1666666666666666,0.1666666666666666,0.1666666666666666,0.1666666666666666
111,111.0,0.1666666666666666,0.1666666666666666,0.1666666666666666,0.1666666666666666,0.1666666666666666,0.1666666666666666
112,112.0,0.1666666666666666,0.1666666666666666,0.1666666666666666,0.1666666666666666,0.1666666666666666,0.1666666666666666
113,113.0,0.1666666666666666,0.1666666666666666,0.1666666666666666,0.1666666666666666,0.1666666666666666,0.1666666666666666
114,114.0,0.1666666666666666,0.1666666666666666,0.1666666666666666,0.1666666666666666,0.1666666666666666,0.1666666666666666
115,115.0,0.1666666666666666,0.1666666666666666,0.1666666666666666,0.1666666666666666,0.1666666666666666,0.1666666666666666
116,116.0,0.1666666666666666,0.1666666666666666,0.1666666666666666,0.1666666666666666,0.1666666666666666,0.1666666666666666
117,117.0,0.1666666666666666,0.1666666666666666,0.1666666666666666,0.1666666666666666,0.1666666666666666,0.1666666666666666
118,118.0,0.1666666666666666,0.1666666666666666,0.1666666666666666,0.1666666666666666,0.1666666666666666,0.1666666666666666
119,119.0,0.1666666666666666,0.1666666666666666,0.1666666666666666,0.1666666666666666,0.1666666666666666,0.1666666666666666
120,120.0,0.1666666666666666,0.1666666666666666,0.1666666666666666,0.1666666666666666,0.1666666666666666,0.1666666666666666
121,121.0,0.1666666666666666,0.1666666666666666,0.1666666666666666,0.1666666666666666,0.1666666666666666,0.1666666666666666
122,122.0,0.1666666666666666,0.1666666666666666,0.1666666666666666,0.1666666666666666,0.1666666666666666,0.1666666666666666
123,123.0,0.1666666666666666,0.1666666666666666,0.1666666666666666,0.1666666666666666,0.1666666666666666,0.1666666666666666
124,124.0,0.1666666666666666,0.1666666666666666,0.1666666666666666,0.1666666666666666,0.1666666666666666,0.1666666666666666
125,125.0,0.1666666666666666,0.1666666666666666,0.1666666666666666,0.1666666666666666,0.1666666666666666,0.1666666666666666
126,126.0,0.1666666666666666,0.1666666666666666,0.1666666666666666,0.1666666666666666,0.1666666666666666,0.1666666666666666
127,127.0,0.1666666666666666,0.1666666666666666,0.1666666666666666,0.1666666666666666,0.1666666666666666,0.1666666666666666
128,128.0,0.1666666666666666,0.1666666666666666,0.1666666666666666,0.1666666666666666,0.1666666666666666,0.1666666666666666
129,129.0,0.1666666666666666,0.1666666666666666,0.1666666666666666,0.1666666666666666,0.1666666666666666,0.1666666666666666
130,130.0,0.1666666666666666,0.1666666666666666,0.1666666666666666,0.1666666666666666,0.1666666666666666,0.1666666666666666
131,131.0,0.1666666666666666,0.1666666666666666,0.1666666666666666,0.1666666666666666,0.1666666666666666,0.1666666666666666
132,132.0,0.1666666666666666,0.1666666666666666,0.1666666666666666,0.1666666666666666,0.1666666666666666,0.1666666666666666
133,133.0,0.1666666666666666,0.1666666666666666,0.1666666666666666,0.1666666666666666,0.1666666666666666,0.1666666666666666
134,134.0,0.1666666666666666,0.1666666666666666,0.1666666666666666,0.1666666666666666,0.1666666666666666,0.1666666666666666
135,135.0,0.1666666666666666,0.1666666666666666,0.1666666666666666,0.1666666666666666,0.1666666666666666,0.1666666666666666
136,136.0,0.1666666666666666,0.1666666666666666,0.1666666666666666,0.1666666666666666,0.1666666666666666,0.1666666666666666
137,137.0,0.1666666666666666,0.1666666666666666,0.1666666666666666,0.1666666666666666,0.1666666666666666,0.1666666666666666
138,138.0,0.1666666666666666,0.1666666666666666,0.1666666666666666,0.1666666666666666,0.1666666666666666,0.1666666666666666
139,139.0,0.1666666666666666,0.1666666666666666,0.1666666666666666,0.1666666666666666,0.1666666666666666,0.1666666666666666
140,140.0,0.1666666666666666,0.1666666666666666,0.1666666666666666,0.1666666666666666,0.1666666666666666,0.1666666666666666
141,141.0,0.1666666666666666,0.1666666666666666,0.1666666666666666,0.1666666666666666,0.1666666666666666,0.1666666666666666
142,142.0,0.1666666666666666,0.1666666666666666,0.1666666666666666,0.1666666666666666,0.1666666666666666,0.1666666666666666
143,143.0,0.1666666666666666,0.1666666666666666,0.1666666666666666,0.1666666666666666,0.1666666666666666,0.1666666666666666
144,144.0,0.1666666666666666,0.1666666666666666,0.1666666666666666,0.1666666666666666,0.1666666666666666,0.1666666666666666
145,145.0,0.1666666666666666,0.1666666666666666,0.1666666666666666,0.1666666666666666,0.1666666666666666,0.1666666666666666
146,146.0,0.1666666666666666,0.1666666666666666,0.1666666666666666,0.1666666666666666,0.1666666666666666,0.1666666666666666
147,147.0,0.1666666666666666,0.1666666666666666,0.1666666666666666,0.1666666666666666,0.1666666666666666,0.1666666666666666
148,148.0,0.1666666666666666,0.1666666666666666,0.1666666666666666,0.1666666666666666,0.1666666666666666,0.1666666666666666
149,149.0,0.1666666666666666,0.1666666666666666,0.1666666666666666,0.1666666666666666,0.1666666666666666,0.1666666666666666
150,150.0,0.1666666666666666,0.1666666666666666,0.1666666666666666,0.1666666666666666,0.1666666666666666,0.1666666666666666
151,151.0,0.1666666666666666,0.1666666666666666,0.1666666666666666,0.1666666666666666,0.1666666666666666,0.1666666666666666
152,152.0,0.1666666666666666,0.1666666666666666,0.1666666666666666,0.1666666666666666,0.1666666666666666,0.1666666666666666
153,153.0,0.1666666666666666,0.1666666666666666,0.1666666666666666,0.1666666666666666,0.1666666666666666,0.1666666666666666
154,154.0,0.1666666666666666,0.1666666666666666,0.1666666666666666,0.1666666666666666,0.1666666666666666,0.1666666666666666
155,155.0,0.1666666666666666,0.1666666666666666,0.1666666666666666,0.1666666666666666,0.1666666666666666,0.1666666666666666
156,156.0,0.1666666666666666,0.1666666666666666,0.1666666666666666,0.1666666666666666,0.1666666666666666,0.1666666666666666
157,157.0,0.1666666666666666,0.1666666666666666,0.1666666666666666,0.1666666666666666,0.1666666666666666,0.1666666666666666
158,158.0,0.1666666666666666,0.1666666666666666,0.1666666666666666,0.1666666666666666,0.1666666666666666,0.1666666666666666
159,159.0,0.1666666666666666,0.1666666666666666,0.1666666666666666,0.1666666666666666,0.1666666666666666,0.1666666666666666
160,160.0,0.1666666666666666,0.1666666666666666,0.1666666666666666,0.1666666666666666,0.1666666666666666,0.1666666666666666
161,161.0,0.1666666666666666,0.1666666666666666,0.1666666666666666,0.1666666666666666,0.1666666666666666,0.1666666666666666
162,162.0,0.1666666666666666,0.1666666666666666,0.1666666666666666,0.1666666666666666,0.1666666666666666,0.1666666666666666
163,163.0,0.1666666666666666,0.1666666666666666,0.1666666666666666,0.1666666666666666,0.1666666666666666,0.1666666666666666
164,164.0,0.1666666666666666,0.1666666666666666,0.1666666666666666,0.1666666666666666,0.1666666666666666,0.1666666666666666
165,165.0,0.1666666666666666,0.1666666666666666,0.1666666666666666,0.1666666666666666,0.1666666666666666,0.1666666666666666
166,166.0,0.1666666666666666,0.1666666666666666,0.1666666666666666,0.1666666666666666,0.1666666666666666,0.1666666666666666
167,167.0,0.1666666666666666,0.1666666666666666,0.1666666666666666,0.1666666666666666,0.1666666666666666,0.1666666666666666
168,168.0,0.1666666666666666,0.1666666666666666,0.1666666666666666,0.1666666666666666,0.1666666666666666,0.1666666666666666
169,169.0,0.1666666666666666,0.1666666666666666,0.1666666666666666,0.1666666666666666,0.1666666666666666,0.1666666666666666
170,170.0,0.1666666666666666,0.1666666666666666,0.1666666666666666,0.1666666666666666,0.1666666666666666,0.1666666666666666
171,171.0,0.1666666666666666,0.1666666666666666,0.1666666666666666,0.1666666666666666,0.1666666666666666,0.1666666666666666
172,172.0,0.1666666666666666,0.1666666666666666,0.1666666666666666,0.1666666666666666,0.1666666666666666,0.1666666666666666
173,173.0,0.1666666666666666,0.1666666666666666,0.1666666666666666,0.1666666666666666,0.1666666666666666,0.1666666666666666
174,174.0,0.1666666666666666,0.1666666666666666,0.1666666666666666,0.1666666666666666,0.1666666666666666,0.1666666666666666
175,175.0,0.1666666666666666,0.1666666666666666,0.1666666666666666,0.1666666666666666,0.1666666666666666,0.1666666666666666
176,176.0,0.1666666666666666,0.1666666666666666,0.1666666666666666,0.1666666666666666,0.1666666666666666,0.1666666666666666
177,177.0,0.1666666666666666,0.1666666666666666,0.1666666666666666,0.1666666666666666,0.1666666666666666,0.1666666666666666
178,178.0,0.1666666666666666,0.1666666666666666,0.1666666666666666,0.1666666666666666,0.1666666666666666,0.1666666666666666
179,179.0,0.1666666666666666,0.1666666666666666,0.1666666666666666,0.1666666666666666,0.1666666666666666,0.1666666666666666
180,180.0,0.1666666666666666,0.1666666666666666,0.1666666666666666,0.1666666666666666,0.1666666666666666,0.1666666666666666
181,181.0,0.1666666666666666,0.1666666666666666,0.1666666666666666,0.1666666666666666,0.1666666666666666,0.1666666666666666
182,182.0,0.1666666666666666,0.1666666666666666,0.1666666666666666,0.1666666666666666,0.1666666666666666,0.1666666666666666
183,183.0,0.1666666666666666,0.1666666666666666,0.1666666666666666,0.1666666666666666,0.1666666666666666,0.1666666666666666
184,184.0,0.1666666666666666,0.1666666666666666,0.1666666666666666,0.1666666666666666,0.1666666666666666,0.1666666666666666
185,185.0,0.1666666666666666,0.1666666666666666,0.1666666666666666,0.1666666666666666,0.1666666666666666,0.1666666666666666
186,186.0,0.1666666666666666,0.1666666666666666,0.1666666666666666,0.1666666666666666,0.1666666666666666,0.1666666666666666
187,187.0,0.1666666666666666,0.1666666666666666,0.1666666666666666,0.1666666666666666,0.1666666666666666,0.1666666666666666
188,188.0,0.1666666666666666,0.1666666666666666,0.1666666666666666,0.1666666666666666,0.1666666666666666,0.1666666666666666
189,189.0,0.1666666666666666,0.1666666666666666,0.1666666666666666,0.1666666666666666,0.1666666666666666,0.1666666666666666
190,190.0,0.1666666666666666,0.1666666666666666,0.1666666666666666,0.1666666666666666,0.1666666666666666,0.1666666666666666
191,191.0,0.1666666666666666,0.1666666666666666,0.1666666666666666,0.1666666666666666,0.1666666666666666,0.1666666666666666
192,192.0,0.1666666666666666,0.1666666666666666,0.1666666666666666,0.1666666666666666,0.1666666666666666,0.1666666666666666
193,193.0,0.1666666666666666,0.1666666666666666,0.1666666666666666,0.1666666666666666,0.1666666666666666,0.1666666666666666
194,194.0,0.1666666666666666,0.1666666666666666,0.1666666666666666,0.1666666666666666,0.1666666666666666,0.1666666666666666
195,195.0,0.1666666666666666,0.1666666666666666,0.1666666666666666,0.1666666666666666,0.1666666666666666,0.1666666666666666
196,196.0,0.1666666666666666,0.1666666666666666,0.1666666666666666,0.1666666666666666,0.1666666666666666,0.1666666666666666
197,197.0,0.1666666666666666,0.1666666666666666,0.1666666666666666,0.1666666666666666,0.1666666666666666,0.1666666666666666
198,198.0,0.1666666666666666,0.1666666666666666,0.1666666666666666,0.1666666666666666,0.1666666666666666,0.1666666666666666
199,199.0,0.1666666666666666,0.1666666666666666,0.1666666666666666,0.1666666666666666,0.1666666666666666,0.1666666666666666
200,200.0,0.1664285714285714,0.1664285714285714,0.1678571428571428,0.1664285714285714,0.1664285714285714,0.1664285714285714
201,201.0,0.1659547619047619,0.1659547619047619,0.1702261904761905,0.1659547619047619,0.1659547619047619,0.1659547619047619
202,202.0,0.1653092619047619,0.1653092619047619,0.1734536904761905,0.1653092619047619,0.1653092619047619,0.1653092619047619
203,203.0,0.1646764097619048,0.1646764097619048,0.1766179511904763,0.1646764097619048,0.1646764097619048,0.1646764097619048
204,204.0,0.1637438088944445,0.1637438088944445,0.1789198444166667,0.1637438088944445,0.1649938088944445,0.1648549200055556
205,205.0,0.1626975855803413,0.1626975855803413,0.1808412387649604,0.1626975855803413,0.1661573078025635,0.1649086966914524
206,206.0,0.1615734531862895,0.1615734531862895,0.1834287479574418,0.1615734531862895,0.1669873281862895,0.1648635642974005
207,207.0,0.1603995348533153,0.1603995348533153,0.1856171581450399,0.1603995348533153,0.168445281330588,0.1647389559644263
208,208.0,0.159274366540459,0.159274366540459,0.1876699496718218,0.159274366540459,0.1698810671552316,0.1646258835515699
209,209.0,0.1582836900082023,0.1582836900082023,0.1912035331119779,0.1582836900082023,0.1704528187042136,0.1634925781592021
210,210.0,0.1573525342723792,0.1573525342723792,0.1945734544787302,0.1573525342723792,0.1709879751363634,0.1623809675677691
211,211.0,0.1573175921440381,0.1560675921440381,0.1971671426705135,0.1574961635726096,0.1710681777323762,0.1608833317364251
212,212.0,0.1571610202551427,0.1546735202551427,0.2006434269800496,0.1573378059694284,0.170934548421334,0.1592496781189031
213,213.0,0.1569183726974627,0.1532169976974627,0.2036372214604045,0.1569528945228595,0.1717427431949894,0.1575317704268217
214,214.0,0.1567256835134534,0.1518438347634534,0.2064168371496928,0.1566179337317073,0.1725154976971359,0.1558802131445576
215,215.0,0.1563417885194927,0.1517499033105641,0.2087378005320329,0.1560931829002466,0.1730105331718079,0.1540667915658564
216,216.0,0.1560948420517099,0.1518277000246921,0.209772117853647,0.1557080633460174,0.1741662555825904,0.1524310211413436
217,217.0,0.1558918005403471,0.1519774559401762,0.210596552105833,0.1553706449550209,0.1752738701805958,0.1508896762780275
218,218.0,0.1557303039048759,0.1521904775777261,0.211223847253012,0.1550795317948436,0.1763271116011216,0.1494487278684214
219,219.0,0.1554292411954903,0.1521011652916167,0.2117388728256413,0.155654433045434,0.1771423133191392,0.147933974322679
220,220.0,0.1561385161546122,0.1517842963907259,0.2118056420333862,0.1561248236500349,0.1777569526845445,0.1463897690866967
221,221.0,0.158843977734775,0.1513256797854253,0.210235268087613,0.1564793151250635,0.1783463753253807,0.144769383941743
222,222.0,0.1615468747359951,0.1509151803083127,0.2085419093028714,0.1568538745466488,0.1788744164799039,0.1432677446262684
223,223.0,0.1642204346461547,0.151980662669912,0.2076638886599966,0.1563336586168285,0.1779133624566289,0.1418879929504796
224,224.0,0.1666893404237429,0.1530024020012641,0.2064072404300186,0.1557557712724655,0.1775892657811007,0.1405559800914086
225,225.0,0.1690857320606048,0.1554713084588334,0.2050951211266747,0.1551999403466395,0.175799463893092,0.1393484341141559
226,226.0,0.1712143256258728,0.1575751191225654,0.2035676276217634,0.1557409470781837,0.1738155681898739,0.138086412361741
227,227.0,0.1723087895942283,0.1596904165763175,0.2010897468736654,0.1563390944594424,0.1720161127242853,0.1385558397720612
228,228.0,0.1731897668888536,0.1609972801189313,0.1985094710173548,0.1567247504436951,0.1701288226303936,0.1404499089007717
229,229.0,0.1737003158846949,0.1626160819086918,0.1956933618027355,0.1567549180004103,0.1680118737524876,0.14322344865098
230,230.0,0.1737216884959868,0.164306330434877,0.1937924782320991,0.1563202194771497,0.1655587160320623,0.1463005673278251
231,231.0,0.1734739450564277,0.1659880622326664,0.1922092344266815,0.1559610267066818,0.1632488583519304,0.1491188732256121
232,232.0,0.1723452047642286,0.1676123751489851,0.1910951591654754,0.1567515556446065,0.1603914661102606,0.1518042391664437
233,233.0,0.1711598547075753,0.169143767942817,0.1900644763466717,0.1575439288307054,0.1576448666856234,0.1544431054866071
234,234.0,0.1692290601571306,0.1708222504445042,0.1897778837129482,0.1583459111241731,0.1550333832984985,0.1567915112627452
235,235.0,0.1672823877934925,0.1723949002868157,0.1895709810292772,0.1591342360770522,0.152562476321863,0.1590550184914992
236,236.0,0.1652499830307075,0.173765665146357,0.1899833228729446,0.1598114770829639,0.1500609790026161,0.1611285728644109
237,237.0,0.1632425613381363,0.1750228440546277,0.1904579522818708,0.1604637883083638,0.1477206017118479,0.1630922523051535
238,238.0,0.1612019410499257,0.1760894662419147,0.191438439659986,0.1610113820432916,0.1453971210681029,0.164861649936779
239,239.0,0.1592316850583586,0.1756143640488863,0.1921464456186416,0.1616148485050396,0.1448743199753541,0.1665183367937196
240,240.0,0.1573339699831968,0.1750414259704695,0.192880110268169,0.1621838944276371,0.1445140717761426,0.1680465275743849
241,241.0,0.1554447613077938,0.1749164680062902,0.1935537735172281,0.1625647562542578,0.1441522085115917,0.1693680324028383
242,242.0,0.1535953372421645,0.1746637239423487,0.1946194960761724,0.1628538623576519,0.1437640387924093,0.1705035415892531
243,243.0,0.1518496641154385,0.1743479503787113,0.1942526895136986,0.1645355192271301,0.1435044266096019,0.1715097501554196
244,244.0,0.1499404333210901,0.1752213489998223,0.1935012620317313,0.1658572556819653,0.1432280949097574,0.1722516050556337
245,245.0,0.1488434180240547,0.1756908416291041,0.1920833757919478,0.1669697493267852,0.1436250358500808,0.1727875793780274
246,246.0,0.1478643303439257,0.1761043880050901,0.1906865172369707,0.1680193419234674,0.1441163156689978,0.1732091068215484
247,247.0,0.1470011683958137,0.1771777330036358,0.1886082664695835,0.1690018276508588,0.1446875876804597,0.1735234167996486
248,248.0,0.1462033521783792,0.1780960680744045,0.1864627890511736,0.1698664732909955,0.1458013304212881,0.1735699869837593
249,249.0,0.1455151824235858,0.1789514251451806,0.1843841144003736,0.1706592735390587,0.1469635879625665,0.1735264165292351
250,250.0,0.1449325761827173,0.1797415484452554,0.1823863489869303,0.1713794849317752,0.1474912195821705,0.1740688218711514
251,251.0,0.1438214325374195,0.1793461789998174,0.1806212396811027,0.1732159754295636,0.1483221318357917,0.1746730415163053
252,252.0,0.1428121502310216,0.1788948127848651,0.1789572978393133,0.1749688221470089,0.1491659392857441,0.1752009777120473
253,253.0,0.1419046359526977,0.1783975631394995,0.1774010461335763,0.1766288609949708,0.1500129143378948,0.1756549794413611
254,254.0,0.1410977880424237,0.1778639909032156,0.1759572780673437,0.1781887723719181,0.1508542704815026,0.1760379001335965
255,255.0,0.1403138507667397,0.1770757913301953,0.1745534253815699,0.1802490305172435,0.1515306408944707,0.1762772611097812
256,256.0,0.138252927879499,0.1760190231025565,0.1745726619381935,0.1813968403304978,0.1520003951443678,0.1777581516048855
257,257.0,0.1355495909069934,0.1752077591196856,0.1760194644693868,0.1826790015137888,0.1541270247775297,0.1764171592126158
258,258.0,0.1327915431989031,0.1742219901683633,0.1773687512095235,0.1836656858897084,0.1560342902450125,0.1759177392884894
259,259.0,0.1298550902741213,0.1729322784032018,0.1792933681718953,0.1842198282634885,0.1586397378483919,0.1750596970389013
260,260.0,0.1270731514692794,0.171667629508951,0.1812522504503692,0.1846648556973195,0.1611689234694729,0.174173189404608
261,261.0,0.1255692058715428,0.1704381836874622,0.1821112715794393,0.1850072294108581,0.1636041814502747,0.1732699280004229
262,262.0,0.1254804936161785,0.1692527150896743,0.1829718274627551,0.1852537910389981,0.165930551975017,0.171110620817377
263,263.0,0.1255413784915028,0.1681186806791949,0.183825159066059,0.185411656173998,0.1681356600840585,0.1689674655051869
264,264.0,0.1257362919356935,0.167042277381398,0.184663455501319,0.1854881158138217,0.1702095809378788,0.1668602784298889
265,265.0,0.1264070248145651,0.1662070775465648,0.1856584087495585,0.1856691173401601,0.1723232654820332,0.1637351060671181
266,266.0,0.1271778592844322,0.165436598541033,0.1866236893112828,0.1857816822633841,0.1742908862163325,0.1606892843835354
267,267.0,0.1280310768414965,0.1647320730719277,0.1875526116495261,0.1858315285945728,0.1761073733144193,0.1577453365280576
268,268.0,0.1289499070014676,0.1640939510402973,0.1884395223632541,0.1858244297296179,0.1777696752689338,0.1549225145964292
269,269.0,0.1299186002024553,0.1635219733227106,0.1892797535077812,0.1857661511767833,0.1792765875746883,0.1522369342155814
270,270.0,0.1313510546369193,0.1634438166935106,0.1884981421571534,0.1865195365475283,0.1810571515020725,0.1491302984628161
271,271.0,0.1338722839228816,0.1632465948958649,0.1875004029601069,0.1868673141672158,0.1825019105353639,0.146011493518567
272,272.0,0.1364456981720015,0.1628593031745905,0.1863228317289838,0.1874197719422971,0.1837783547385624,0.1431740402435649
273,273.0,0.1389410869082623,0.1625933197548698,0.1849808332597271,0.1889917788944399,0.1838977043073887,0.1405952768753124
274,274.0,0.1412020130813015,0.1621998879264589,0.183464984546557,0.1915763743221311,0.1835209037810204,0.1380358363425312
275,275.0,0.1432511390825364,0.1617175122453364,0.181829654497822,0.1938043899314752,0.1827449869678915,0.1366523172749386
276,276.0,0.1454363758913572,0.1625071330758068,0.1783392556586771,0.196161425770436,0.1819787357759203,0.1355770738278028
277,277.0,0.1473000378366949,0.163111432336184,0.1748030877854434,0.1981887872354397,0.1820177350437998,0.1345789197624383
278,278.0,0.1488738276036263,0.1644701719181461,0.1712701803693533,0.199917349967414,0.1817992515510478,0.1336692185904126
279,279.0,0.1501831157244439,0.1664458355452304,0.1677815970449138,0.2013718294244632,0.1813633396207762,0.1328542826401726
280,280.0,0.1513776231189146,0.168411519631199,0.1644359730543861,0.202701452775873,0.1808724648524035,0.132200966567224
281,281.0,0.1524568827857283,0.1703485652893041,0.1612524687042843,0.2039054093986932,0.1803370322774233,0.1316996415445671
282,282.0,0.1534216269009826,0.1722404659057507,0.1582467070740668,0.2049842263995546,0.1797668520022463,0.1313401217173994
283,283.0,0.1542736595786808,0.1740728169785403,0.1554309715080473,0.2059396295706444,0.1791711005996438,0.1311118217644435
284,284.0,0.1550157316358017,0.1758332499513108,0.1528144167554663,0.2067744062632289,0.1785582926963846,0.1310039026978079
285,285.0,0.1567120244744378,0.1769052916982757,0.1504790478582633,0.2067346956006571,0.1780877771730819,0.1310811631952845
286,286.0,0.1582956076335057,0.1778925154700004,0.1483519181016906,0.2065901616068884,0.1776136663106096,0.1312561308773054
287,287.0,0.1583333448208002,0.1787935308262918,0.1464334748692511,0.2063527319549803,0.1771410607515092,0.1329458567771675
288,288.0,0.1580865861187685,0.1794293770265588,0.1457934625122843,0.2058554990786943,0.1764959645924633,0.1343391106712308
289,289.0,0.1577469629890779,0.1799809268101155,0.1453461523525269,0.2052901299149454,0.1758627921407711,0.1357730357925632
290,290.0,0.1571882692169022,0.1803122054319084,0.1447989694940778,0.2045302028952285,0.1751077938613253,0.1380625591005578
291,291.0,0.1571826569238699,0.1796481238030926,0.1450370311550488,0.2039093970069614,0.1743650185590118,0.1398577725520155
292,292.0,0.156785985196108,0.1789431493633078,0.1454003724378283,0.203715948366822,0.173522081945551,0.1416324626903829
293,293.0,0.1563279880923299,0.1781606515560325,0.146008120575299,0.2034689579726711,0.1726880804958293,0.1433462013078383
294,294.0,0.1556907632048888,0.1772030037387064,0.1465864164569336,0.2029224447288133,0.1727260543152761,0.1448713175553818
295,295.0,0.1550236055610255,0.176222297390508,0.1472574223494995,0.2023618260526578,0.17279842613878,0.1463364225075293
296,296.0,0.1543361800128208,0.1752306454280063,0.1480051571929778,0.2017941186741959,0.1729010324477002,0.1477328662442989
297,297.0,0.1536373876061908,0.1742390589322569,0.1488144707438426,0.2012257085374429,0.173029823730406,0.1490535504498606
298,298.0,0.1529631307288223,0.1732852249993196,0.1505877786625132,0.2020790166862622,0.1709864491322473,0.1500983997908353
299,299.0,0.1521815872854515,0.1732387956011317,0.1522748373219112,0.2024838937661638,0.168872447876181,0.1509484381491608
300,300.0,0.1512936089110061,0.1731265310435675,0.1550137062900019,0.2030760019504004,0.1668661866382432,0.1506239651667809
301,301.0,0.1504148611851654,0.1730034181278385,0.1578455558509515,0.2036259732702476,0.1649063760711469,0.1502038154946502
302,302.0,0.1495620113372288,0.1728964207062424,0.1606288962104279,0.20415893014965,0.1640308565374224,0.1487228850590285
303,303.0,0.1487409980778854,0.1728049972035818,0.1633407448849837,0.2046712444638581,0.1632399541290699,0.1472020612406211
304,304.0,0.1480679589919802,0.1729507266852121,0.1671833547785876,0.2033820795484714,0.1626442272687468,0.1457716527270018
305,305.0,0.1474348270530286,0.1731084365578878,0.1709052236703988,0.2020844749756034,0.1621301156702534,0.1443369220728279
306,306.0,0.1467530337748156,0.1731844425928687,0.175026661517133,0.2007013416658216,0.1615127807415735,0.1428217397077876
307,307.0,0.1460811735033127,0.1733065948046021,0.1793892837352642,0.1992366146280545,0.1609270485274605,0.1410592848013059
308,308.0,0.1454563886528634,0.1734342976950069,0.183553019462263,0.1978033411471893,0.1604163914796684,0.1393365615630089
309,309.0,0.1448695630933792,0.1735358811451464,0.1874705445424022,0.1963828705801792,0.1599507019171751,0.1377904387217178
310,310.0,0.1443323599441973,0.1736397954844947,0.1911503226923797,0.1950149815612576,0.1595550760484569,0.1363074642692139
311,311.0,0.1438451889957792,0.1737447684807373,0.1945793308237118,0.1937080948258049,0.1592264637628233,0.1348961531111435
312,312.0,0.1434079187375329,0.1738496445382224,0.1977483558569499,0.1924691790128287,0.1589614498248222,0.1335634520296439
313,313.0,0.143095689378781,0.1740291421660084,0.2011062513061164,0.1913795837639686,0.1579987487814947,0.1323905846036308
314,314.0,0.14283093730498,0.1742058224126057,0.2041914602660359,0.1903670911571199,0.1570995745356248,0.1313051143236337
315,315.0,0.1426115623083726,0.1743782002136671,0.2070003992960338,0.18943411585415,0.1562665661499255,0.130309156177851
316,316.0,0.1424352204312058,0.1745449820357355,0.2095326059988024,0.1885820358777006,0.1555014371222367,0.1294037185343191
317,317.0,0.1422993717803069,0.1747050596584897,0.2117904315400369,0.1878112824948841,0.1548050508070343,0.1285888037192482
318,318.0,0.1422013255195583,0.1748575027256334,0.2137787357804784,0.1871214305801655,0.1541774967962215,0.1278635085979429
319,319.0,0.1410668533011238,0.1766086931191992,0.2156831592363731,0.1854398599344536,0.1537967388280391,0.1274046955808112
320,320.0,0.1397966567286707,0.1792276727740377,0.2171537600373312,0.183668272423019,0.1533026191636201,0.1268510188733213
321,321.0,0.1385297446910597,0.1814721439631443,0.2188976054942277,0.181946120095283,0.1528241496569669,0.1263302360993184
322,322.0,0.1373216396733647,0.1836502946393829,0.2204040235959907,0.1803288627743348,0.1524077318055511,0.1258874475113757
