,Unnamed: 0,Total_iterations,Intertwine_two,Invert_path_vertices,Insert_inside_vertex,Delete_inside_vertex,Replace_inside_vertex,Donate_between_routes,Trim_one_terminal_cb,Grow_one_terminal_cb
0,0.0,0.0,0.125,0.125,0.125,0.125,0.125,0.125,0.125,0.125
1,1.0,1.0,0.125,0.125,0.125,0.125,0.125,0.125,0.125,0.125
2,2.0,2.0,0.125,0.125,0.125,0.125,0.125,0.125,0.125,0.125
3,3.0,3.0,0.125,0.125,0.125,0.125,0.125,0.125,0.125,0.125
4,4.0,4.0,0.125,0.125,0.125,0.125,0.125,0.125,0.125,0.125
5,5.0,5.0,0.125,0.125,0.125,0.125,0.125,0.125,0.125,0.125
6,6.0,6.0,0.125,0.125,0.125,0.125,0.125,0.125,0.125,0.125
7,7.0,7.0,0.125,0.125,0.125,0.125,0.125,0.125,0.125,0.125
8,8.0,8.0,0.125,0.125,0.125,0.125,0.125,0.125,0.125,0.125
9,9.0,9.0,0.125,0.125,0.125,0.125,0.125,0.125,0.125,0.125
10,10.0,10.0,0.125,0.125,0.125,0.125,0.125,0.125,0.125,0.125
11,11.0,11.0,0.125,0.125,0.125,0.125,0.125,0.125,0.125,0.125
12,12.0,12.0,0.125,0.125,0.125,0.125,0.125,0.125,0.125,0.125
13,13.0,13.0,0.125,0.125,0.125,0.125,0.125,0.125,0.125,0.125
14,14.0,14.0,0.125,0.125,0.125,0.125,0.125,0.125,0.125,0.125
15,15.0,15.0,0.125,0.125,0.125,0.125,0.125,0.125,0.125,0.125
16,16.0,16.0,0.125,0.125,0.125,0.125,0.125,0.125,0.125,0.125
17,17.0,17.0,0.125,0.125,0.125,0.125,0.125,0.125,0.125,0.125
18,18.0,18.0,0.125,0.125,0.125,0.125,0.125,0.125,0.125,0.125
19,19.0,19.0,0.125,0.125,0.125,0.125,0.125,0.125,0.125,0.125
20,20.0,20.0,0.125,0.125,0.125,0.125,0.125,0.125,0.125,0.125
21,21.0,21.0,0.125,0.125,0.125,0.125,0.125,0.125,0.125,0.125
22,22.0,22.0,0.125,0.125,0.125,0.125,0.125,0.125,0.125,0.125
23,23.0,23.0,0.125,0.125,0.125,0.125,0.125,0.125,0.125,0.125
24,24.0,24.0,0.125,0.125,0.125,0.125,0.125,0.125,0.125,0.125
25,25.0,25.0,0.125,0.125,0.125,0.125,0.125,0.125,0.125,0.125
26,26.0,26.0,0.125,0.125,0.125,0.125,0.125,0.125,0.125,0.125
27,27.0,27.0,0.125,0.125,0.125,0.125,0.125,0.125,0.125,0.125
28,28.0,28.0,0.125,0.125,0.125,0.125,0.125,0.125,0.125,0.125
29,29.0,29.0,0.125,0.125,0.125,0.125,0.125,0.125,0.125,0.125
30,30.0,30.0,0.125,0.125,0.125,0.125,0.125,0.125,0.125,0.125
31,31.0,31.0,0.125,0.125,0.125,0.125,0.125,0.125,0.125,0.125
32,32.0,32.0,0.125,0.125,0.125,0.125,0.125,0.125,0.125,0.125
33,33.0,33.0,0.125,0.125,0.125,0.125,0.125,0.125,0.125,0.125
34,34.0,34.0,0.125,0.125,0.125,0.125,0.125,0.125,0.125,0.125
35,35.0,35.0,0.125,0.125,0.125,0.125,0.125,0.125,0.125,0.125
36,36.0,36.0,0.125,0.125,0.125,0.125,0.125,0.125,0.125,0.125
37,37.0,37.0,0.125,0.125,0.125,0.125,0.125,0.125,0.125,0.125
38,38.0,38.0,0.125,0.125,0.125,0.125,0.125,0.125,0.125,0.125
39,39.0,39.0,0.125,0.125,0.125,0.125,0.125,0.125,0.125,0.125
40,40.0,40.0,0.125,0.125,0.125,0.125,0.125,0.125,0.125,0.125
41,41.0,41.0,0.125,0.125,0.125,0.125,0.125,0.125,0.125,0.125
42,42.0,42.0,0.125,0.125,0.125,0.125,0.125,0.125,0.125,0.125
43,43.0,43.0,0.125,0.125,0.125,0.125,0.125,0.125,0.125,0.125
44,44.0,44.0,0.125,0.125,0.125,0.125,0.125,0.125,0.125,0.125
45,45.0,45.0,0.125,0.125,0.125,0.125,0.125,0.125,0.125,0.125
46,46.0,46.0,0.125,0.125,0.125,0.125,0.125,0.125,0.125,0.125
47,47.0,47.0,0.125,0.125,0.125,0.125,0.125,0.125,0.125,0.125
48,48.0,48.0,0.125,0.125,0.125,0.125,0.125,0.125,0.125,0.125
49,49.0,49.0,0.125,0.125,0.125,0.125,0.125,0.125,0.125,0.125
50,50.0,50.0,0.125,0.125,0.125,0.125,0.125,0.125,0.125,0.125
51,51.0,51.0,0.125,0.125,0.125,0.125,0.125,0.125,0.125,0.125
52,52.0,52.0,0.125,0.125,0.125,0.125,0.125,0.125,0.125,0.125
53,53.0,53.0,0.125,0.125,0.125,0.125,0.125,0.125,0.125,0.125
54,54.0,54.0,0.125,0.125,0.125,0.125,0.125,0.125,0.125,0.125
55,55.0,55.0,0.125,0.125,0.125,0.125,0.125,0.125,0.125,0.125
56,56.0,56.0,0.125,0.125,0.125,0.125,0.125,0.125,0.125,0.125
57,57.0,57.0,0.125,0.125,0.125,0.125,0.125,0.125,0.125,0.125
58,58.0,58.0,0.125,0.125,0.125,0.125,0.125,0.125,0.125,0.125
59,59.0,59.0,0.125,0.125,0.125,0.125,0.125,0.125,0.125,0.125
60,60.0,60.0,0.125,0.125,0.125,0.125,0.125,0.125,0.125,0.125
61,61.0,61.0,0.125,0.125,0.125,0.125,0.125,0.125,0.125,0.125
62,62.0,62.0,0.125,0.125,0.125,0.125,0.125,0.125,0.125,0.125
63,63.0,63.0,0.125,0.125,0.125,0.125,0.125,0.125,0.125,0.125
64,64.0,64.0,0.125,0.125,0.125,0.125,0.125,0.125,0.125,0.125
65,65.0,65.0,0.125,0.125,0.125,0.125,0.125,0.125,0.125,0.125
66,66.0,66.0,0.125,0.125,0.125,0.125,0.125,0.125,0.125,0.125
67,67.0,67.0,0.125,0.125,0.125,0.125,0.125,0.125,0.125,0.125
68,68.0,68.0,0.125,0.125,0.125,0.125,0.125,0.125,0.125,0.125
69,69.0,69.0,0.125,0.125,0.125,0.125,0.125,0.125,0.125,0.125
70,70.0,70.0,0.125,0.125,0.125,0.125,0.125,0.125,0.125,0.125
71,71.0,71.0,0.125,0.125,0.125,0.125,0.125,0.125,0.125,0.125
72,72.0,72.0,0.125,0.125,0.125,0.125,0.125,0.125,0.125,0.125
73,73.0,73.0,0.125,0.125,0.125,0.125,0.125,0.125,0.125,0.125
74,74.0,74.0,0.125,0.125,0.125,0.125,0.125,0.125,0.125,0.125
75,75.0,75.0,0.125,0.125,0.125,0.125,0.125,0.125,0.125,0.125
76,76.0,76.0,0.125,0.125,0.125,0.125,0.125,0.125,0.125,0.125
77,77.0,77.1,0.125,0.125,0.125,0.125,0.125,0.125,0.125,0.125
78,78.0,78.1,0.125,0.125,0.125,0.125,0.125,0.125,0.125,0.125
79,79.0,79.1,0.125,0.125,0.125,0.125,0.125,0.125,0.125,0.125
80,80.0,80.2,0.125,0.125,0.125,0.125,0.125,0.125,0.125,0.125
81,81.0,81.2,0.125,0.125,0.125,0.125,0.125,0.125,0.125,0.125
82,82.0,82.2,0.125,0.125,0.125,0.125,0.125,0.125,0.125,0.125
83,83.0,83.2,0.125,0.125,0.125,0.125,0.125,0.125,0.125,0.125
84,84.0,84.2,0.125,0.125,0.125,0.125,0.125,0.125,0.125,0.125
85,85.0,85.2,0.125,0.125,0.125,0.125,0.125,0.125,0.125,0.125
86,86.0,86.2,0.125,0.125,0.125,0.125,0.125,0.125,0.125,0.125
87,87.0,87.2,0.125,0.125,0.125,0.125,0.125,0.125,0.125,0.125
88,88.0,88.2,0.125,0.125,0.125,0.125,0.125,0.125,0.125,0.125
89,89.0,89.2,0.125,0.125,0.125,0.125,0.125,0.125,0.125,0.125
90,90.0,90.2,0.125,0.125,0.125,0.125,0.125,0.125,0.125,0.125
91,91.0,91.2,0.125,0.125,0.125,0.125,0.125,0.125,0.125,0.125
92,92.0,92.2,0.125,0.125,0.125,0.125,0.125,0.125,0.125,0.125
93,93.0,93.3,0.125,0.125,0.125,0.125,0.125,0.125,0.125,0.125
94,94.0,94.3,0.125,0.125,0.125,0.125,0.125,0.125,0.125,0.125
95,95.0,95.3,0.125,0.125,0.125,0.125,0.125,0.125,0.125,0.125
96,96.0,96.3,0.125,0.125,0.125,0.125,0.125,0.125,0.125,0.125
97,97.0,97.3,0.125,0.125,0.125,0.125,0.125,0.125,0.125,0.125
98,98.0,98.3,0.125,0.125,0.125,0.125,0.125,0.125,0.125,0.125
99,99.0,99.3,0.125,0.125,0.125,0.125,0.125,0.125,0.125,0.125
100,100.0,100.3,0.125,0.125,0.125,0.125,0.125,0.125,0.125,0.125
101,101.0,101.3,0.125,0.125,0.125,0.125,0.125,0.125,0.125,0.125
102,102.0,102.3,0.125,0.125,0.125,0.125,0.125,0.125,0.125,0.125
103,103.0,103.3,0.125,0.125,0.125,0.125,0.125,0.125,0.125,0.125
104,104.0,104.3,0.125,0.125,0.125,0.125,0.125,0.125,0.125,0.125
105,105.0,105.3,0.125,0.125,0.125,0.125,0.125,0.125,0.125,0.125
106,106.0,106.3,0.125,0.125,0.125,0.125,0.125,0.125,0.125,0.125
107,107.0,107.3,0.125,0.125,0.125,0.125,0.125,0.125,0.125,0.125
108,108.0,108.3,0.125,0.125,0.125,0.125,0.125,0.125,0.125,0.125
109,109.0,109.3,0.125,0.125,0.125,0.125,0.125,0.125,0.125,0.125
110,110.0,110.3,0.125,0.125,0.125,0.125,0.125,0.125,0.125,0.125
111,111.0,111.3,0.125,0.125,0.125,0.125,0.125,0.125,0.125,0.125
112,112.0,112.3,0.125,0.125,0.125,0.125,0.125,0.125,0.125,0.125
113,113.0,113.3,0.125,0.125,0.125,0.125,0.125,0.125,0.125,0.125
114,114.0,114.3,0.125,0.125,0.125,0.125,0.125,0.125,0.125,0.125
115,115.0,115.3,0.125,0.125,0.125,0.125,0.125,0.125,0.125,0.125
116,116.0,116.3,0.125,0.125,0.125,0.125,0.125,0.125,0.125,0.125
117,117.0,117.3,0.125,0.125,0.125,0.125,0.125,0.125,0.125,0.125
118,118.0,118.3,0.125,0.125,0.125,0.125,0.125,0.125,0.125,0.125
119,119.0,119.3,0.125,0.125,0.125,0.125,0.125,0.125,0.125,0.125
120,120.0,120.3,0.125,0.125,0.125,0.125,0.125,0.125,0.125,0.125
121,121.0,121.3,0.125,0.125,0.125,0.125,0.125,0.125,0.125,0.125
122,122.0,122.3,0.125,0.125,0.125,0.125,0.125,0.125,0.125,0.125
123,123.0,123.3,0.125,0.125,0.125,0.125,0.125,0.125,0.125,0.125
124,124.0,124.3,0.125,0.125,0.125,0.125,0.125,0.125,0.125,0.125
125,125.0,125.3,0.125,0.125,0.125,0.125,0.125,0.125,0.125,0.125
126,126.0,126.3,0.125,0.125,0.125,0.125,0.125,0.125,0.125,0.125
127,127.0,127.3,0.125,0.125,0.125,0.125,0.125,0.125,0.125,0.125
128,128.0,128.3,0.125,0.125,0.125,0.125,0.125,0.125,0.125,0.125
129,129.0,129.3,0.125,0.125,0.125,0.125,0.125,0.125,0.125,0.125
130,130.0,130.3,0.125,0.125,0.125,0.125,0.125,0.125,0.125,0.125
131,131.0,131.3,0.125,0.125,0.125,0.125,0.125,0.125,0.125,0.125
132,132.0,132.3,0.125,0.125,0.125,0.125,0.125,0.125,0.125,0.125
133,133.0,133.3,0.125,0.125,0.125,0.125,0.125,0.125,0.125,0.125
134,134.0,134.3,0.125,0.125,0.125,0.125,0.125,0.125,0.125,0.125
135,135.0,135.3,0.125,0.125,0.125,0.125,0.125,0.125,0.125,0.125
136,136.0,136.3,0.125,0.125,0.125,0.125,0.125,0.125,0.125,0.125
137,137.0,137.3,0.125,0.125,0.125,0.125,0.125,0.125,0.125,0.125
138,138.0,138.3,0.125,0.125,0.125,0.125,0.125,0.125,0.125,0.125
139,139.0,139.3,0.125,0.125,0.125,0.125,0.125,0.125,0.125,0.125
140,140.0,140.3,0.125,0.125,0.125,0.125,0.125,0.125,0.125,0.125
141,141.0,141.3,0.125,0.125,0.125,0.125,0.125,0.125,0.125,0.125
142,142.0,142.3,0.125,0.125,0.125,0.125,0.125,0.125,0.125,0.125
143,143.0,143.3,0.125,0.125,0.125,0.125,0.125,0.125,0.125,0.125
144,144.0,144.3,0.125,0.125,0.125,0.125,0.125,0.125,0.125,0.125
145,145.0,145.3,0.125,0.125,0.125,0.125,0.125,0.125,0.125,0.125
146,146.0,146.3,0.125,0.125,0.125,0.125,0.125,0.125,0.125,0.125
147,147.0,147.3,0.125,0.125,0.125,0.125,0.125,0.125,0.125,0.125
148,148.0,148.3,0.125,0.125,0.125,0.125,0.125,0.125,0.125,0.125
149,149.0,149.3,0.125,0.125,0.125,0.125,0.125,0.125,0.125,0.125
150,150.0,150.3,0.125,0.125,0.125,0.125,0.125,0.125,0.125,0.125
151,151.0,151.3,0.125,0.125,0.125,0.125,0.125,0.125,0.125,0.125
152,152.0,152.3,0.125,0.125,0.125,0.125,0.125,0.125,0.125,0.125
153,153.0,153.3,0.125,0.125,0.125,0.125,0.125,0.125,0.125,0.125
154,154.0,154.3,0.125,0.125,0.125,0.125,0.125,0.125,0.125,0.125
155,155.0,155.3,0.125,0.125,0.125,0.125,0.125,0.125,0.125,0.125
156,156.0,156.3,0.125,0.125,0.125,0.125,0.125,0.125,0.125,0.125
157,157.0,157.3,0.125,0.125,0.125,0.125,0.125,0.125,0.125,0.125
158,158.0,158.3,0.125,0.125,0.125,0.125,0.125,0.125,0.125,0.125
159,159.0,159.3,0.125,0.125,0.125,0.125,0.125,0.125,0.125,0.125
160,160.0,160.3,0.125,0.125,0.125,0.125,0.125,0.125,0.125,0.125
161,161.0,161.3,0.125,0.125,0.125,0.125,0.125,0.125,0.125,0.125
162,162.0,162.3,0.125,0.125,0.125,0.125,0.125,0.125,0.125,0.125
163,163.0,163.3,0.125,0.125,0.125,0.125,0.125,0.125,0.125,0.125
164,164.0,164.3,0.125,0.125,0.125,0.125,0.125,0.125,0.125,0.125
165,165.0,165.3,0.125,0.125,0.125,0.125,0.125,0.125,0.125,0.125
166,166.0,166.3,0.125,0.125,0.125,0.125,0.125,0.125,0.125,0.125
167,167.0,167.3,0.125,0.125,0.125,0.125,0.125,0.125,0.125,0.125
168,168.0,168.3,0.125,0.125,0.125,0.125,0.125,0.125,0.125,0.125
169,169.0,169.3,0.125,0.125,0.125,0.125,0.125,0.125,0.125,0.125
170,170.0,170.3,0.125,0.125,0.125,0.125,0.125,0.125,0.125,0.125
171,171.0,171.3,0.125,0.125,0.125,0.125,0.125,0.125,0.125,0.125
172,172.0,172.3,0.125,0.125,0.125,0.125,0.125,0.125,0.125,0.125
173,173.0,173.3,0.125,0.125,0.125,0.125,0.125,0.125,0.125,0.125
174,174.0,174.3,0.125,0.125,0.125,0.125,0.125,0.125,0.125,0.125
175,175.0,175.3,0.125,0.125,0.125,0.125,0.125,0.125,0.125,0.125
176,176.0,176.3,0.125,0.125,0.125,0.125,0.125,0.125,0.125,0.125
177,177.0,177.3,0.125,0.125,0.125,0.125,0.125,0.125,0.125,0.125
178,178.0,178.3,0.125,0.125,0.125,0.125,0.125,0.125,0.125,0.125
179,179.0,179.3,0.125,0.125,0.125,0.125,0.125,0.125,0.125,0.125
180,180.0,180.3,0.125,0.125,0.125,0.125,0.125,0.125,0.125,0.125
181,181.0,181.3,0.125,0.125,0.125,0.125,0.125,0.125,0.125,0.125
182,182.0,182.3,0.125,0.125,0.125,0.125,0.125,0.125,0.125,0.125
183,183.0,183.3,0.125,0.125,0.125,0.125,0.125,0.125,0.125,0.125
184,184.0,184.3,0.125,0.125,0.125,0.125,0.125,0.125,0.125,0.125
185,185.0,185.3,0.125,0.125,0.125,0.125,0.125,0.125,0.125,0.125
186,186.0,186.3,0.125,0.125,0.125,0.125,0.125,0.125,0.125,0.125
187,187.0,187.3,0.125,0.125,0.125,0.125,0.125,0.125,0.125,0.125
188,188.0,188.3,0.125,0.125,0.125,0.125,0.125,0.125,0.125,0.125
189,189.0,189.3,0.125,0.125,0.125,0.125,0.125,0.125,0.125,0.125
190,190.0,190.3,0.125,0.125,0.125,0.125,0.125,0.125,0.125,0.125
191,191.0,191.3,0.125,0.125,0.125,0.125,0.125,0.125,0.125,0.125
192,192.0,192.3,0.125,0.125,0.125,0.125,0.125,0.125,0.125,0.125
193,193.0,193.3,0.125,0.125,0.125,0.125,0.125,0.125,0.125,0.125
194,194.0,194.3,0.125,0.125,0.125,0.125,0.125,0.125,0.125,0.125
195,195.0,195.3,0.125,0.125,0.125,0.125,0.125,0.125,0.125,0.125
196,196.0,196.3,0.125,0.125,0.125,0.125,0.125,0.125,0.125,0.125
197,197.0,197.3,0.125,0.125,0.125,0.125,0.125,0.125,0.125,0.125
198,198.0,198.3,0.125,0.125,0.125,0.125,0.125,0.125,0.125,0.125
199,199.0,199.3,0.125,0.125,0.125,0.125,0.125,0.125,0.125,0.125
200,200.0,200.3,0.12222222222222223,0.12222222222222223,0.12222222222222223,0.13333333333333336,0.12222222222222223,0.12222222222222223,0.13333333333333336,0.12222222222222223
201,201.0,201.3,0.11833333333333333,0.11833333333333333,0.11833333333333333,0.14055555555555554,0.11833333333333333,0.12944444444444445,0.13833333333333334,0.11833333333333333
202,202.0,202.3,0.12722222222222224,0.11722222222222223,0.11722222222222223,0.13833333333333334,0.11722222222222223,0.12833333333333333,0.13722222222222222,0.11722222222222223
203,203.0,203.3,0.1240909090909091,0.1231818181818182,0.1240909090909091,0.1440909090909091,0.1140909090909091,0.1240909090909091,0.13227272727272726,0.1140909090909091
204,204.0,204.3,0.12242424242424241,0.12075757575757576,0.12984848484848485,0.14151515151515154,0.1124242424242424,0.12242424242424241,0.1290909090909091,0.1215151515151515
205,205.0,205.3,0.11963675213675214,0.11732905982905983,0.13335470085470083,0.13797008547008544,0.12074786324786324,0.11963675213675214,0.13335470085470083,0.11797008547008545
206,206.0,206.3,0.11706709956709956,0.1142099567099567,0.12968614718614715,0.14449134199134198,0.11706709956709956,0.11615800865800863,0.1459199134199134,0.11540043290043289
207,207.0,207.3,0.11630952380952378,0.11345238095238093,0.1289285714285714,0.15130952380952378,0.1163095238095238,0.11464285714285712,0.14440476190476187,0.11464285714285712
208,208.0,208.3,0.11566849816849814,0.11281135531135529,0.12764652014652011,0.1500274725274725,0.11566849816849815,0.11400183150183148,0.15081501831501828,0.11336080586080584
209,209.0,209.3,0.11464285714285712,0.11130952380952379,0.12511904761904763,0.1639285714285714,0.11464285714285713,0.10464285714285712,0.15392857142857141,0.11178571428571427
210,210.0,210.3,0.11213675213675212,0.11991452991452992,0.12213675213675215,0.15854700854700854,0.11213675213675212,0.10213675213675211,0.1564957264957265,0.11649572649572648
211,211.0,211.3,0.11172008547008545,0.11949786324786324,0.12130341880341881,0.15729700854700854,0.11172008547008545,0.10172008547008544,0.16107905982905985,0.11566239316239316
212,212.0,212.3,0.11024132730015082,0.1169079939668175,0.11945701357466063,0.16508295625942684,0.11024132730015082,0.10024132730015081,0.16401206636500754,0.11381598793363498
213,213.0,213.3,0.1093322363910599,0.12508981214863565,0.11854792266556972,0.16326477444124501,0.108423145481969,0.09933223639105991,0.16310297545591662,0.11290689702454408
214,214.0,214.3,0.11751405457287808,0.12327163033045385,0.11763883175647882,0.16732894556423966,0.10751405457287808,0.09842314548196901,0.16219388454682573,0.1061154531742767
215,215.0,215.3,0.11718725718725717,0.12294483294483294,0.11031857031857031,0.17157731157731154,0.10718725718725716,0.09809634809634808,0.16689976689976688,0.10578865578865579
216,216.0,216.3,0.11647819285977179,0.12181910195068088,0.10890044166359955,0.17496181450128817,0.10647819285977181,0.09738728376886271,0.16889538093485462,0.10507959146117041
217,217.0,217.3,0.11611054580094826,0.12696616077421027,0.1081651475459525,0.17459416744246464,0.10611054580094825,0.09701963671003917,0.1663218515230899,0.10471194440234685
218,218.0,218.3,0.12836242313709528,0.11921803811035729,0.10726074296177261,0.1689697637562632,0.10632973672238637,0.09723882763147729,0.16599159189507748,0.10662887578557038
219,219.0,219.3,0.1278862326609048,0.11874184763416681,0.1015213945908453,0.1732554780419775,0.10585354624619589,0.09676263715528681,0.17030236883743338,0.10567649483318944
220,220.0,220.3,0.12575601520826238,0.12263718647145613,0.10018797525819997,0.17622332879355349,0.10484692429917149,0.09575601520826241,0.16533934854159577,0.10925320621949834
221,221.0,221.3,0.12266109542216615,0.1213604485035417,0.09891123729028554,0.1727407084726979,0.11266109542216614,0.09447927724034796,0.16957731645603422,0.10760882119276038
222,222.0,222.3,0.1232433889456361,0.1128518329361026,0.09949353081375553,0.17782686414708887,0.10415247985472702,0.09506157076381794,0.17950601520826237,0.10786431733060946
223,223.0,223.3,0.12204190037572651,0.12074125345710207,0.09829204224384591,0.17893265893709415,0.10295099128481741,0.09386008219390832,0.17681064040762445,0.10637043109988112
224,224.0,224.3,0.12177874248098967,0.12047809556236524,0.09802888434910909,0.1815642378844626,0.10268783339008059,0.09359692429917149,0.18102116672341392,0.10084411531040742
225,225.0,225.3,0.12101015434398048,0.1097414053519908,0.09696789855128116,0.18222422117602483,0.10191924525307139,0.09282833616216228,0.18638039813527688,0.1089283410262121
226,226.0,226.3,0.12057725391108005,0.10930850491909036,0.09653499811838072,0.18763547658728025,0.10148634482017094,0.09239543572926186,0.1837829955378743,0.10827899037686144
227,227.0,227.3,0.1216777234898105,0.10271666680551313,0.08468000211006663,0.17768395467923662,0.09489450670659369,0.09106675551042145,0.21467975578246062,0.11260063491589727
228,228.0,228.3,0.12600174170398887,0.10443302951729916,0.0821858385060632,0.17211008093030564,0.09164276734501452,0.08830943401168119,0.2123362405384877,0.12298086744715955
229,229.0,229.3,0.12468788889013607,0.1021667957510654,0.08087198569221041,0.1697962281164528,0.09032891453116171,0.08675748595973314,0.2164509591532063,0.12893974190603402
230,230.0,230.3,0.11699558119782838,0.1021667957510654,0.08087198569221041,0.1697962281164528,0.09032891453116171,0.09444979365204084,0.2164509591532063,0.12893974190603402
231,231.0,231.3,0.11641916486054249,0.10992371274711281,0.08464339544188101,0.16251691322844225,0.08975249819387579,0.09387337731475491,0.21641802107678995,0.12645291713660053
232,232.0,232.3,0.1018417350439822,0.11125537383964346,0.0857938971141218,0.17021697403719874,0.1109326441348913,0.0904431336453808,0.21118489188713907,0.11833135029764238
233,233.0,233.3,0.10079019399244116,0.10187049945476909,0.08474235606258075,0.17635010017032487,0.10897201217425934,0.08939159259383975,0.2122701029723501,0.1256131425794347
234,234.0,234.3,0.09849341669566386,0.1070412546255243,0.08244557876580345,0.1755624618826866,0.10591765911990629,0.0865453647476119,0.2155496937519409,0.1284445704108625
235,235.0,235.3,0.08938075349679378,0.1163784748765376,0.08225715799117578,0.17177343481779744,0.10476536888140915,0.0865236106396509,0.2168317163270669,0.13208948296956818
236,236.0,236.3,0.08851873196010958,0.11472593950586132,0.08139513645449159,0.16979424459273018,0.10390334734472495,0.08566158910296671,0.22037794521062715,0.13562306582848838
237,237.0,237.3,0.08727766470571832,0.11692690123697733,0.08015406920010033,0.17417846953095228,0.10932894675700038,0.083944331372385,0.21343895502829896,0.13475066216856718
238,238.0,238.3,0.08617685825410544,0.1149927614520311,0.07905326274848745,0.17168787813310285,0.11406147363872084,0.09267685825410545,0.2103018582541054,0.1310490492653414
239,239.0,239.3,0.08636836037943108,0.11808636147945466,0.07941143154047976,0.16921569590356766,0.11516737998727425,0.09234686716676141,0.21609138245539433,0.12331252108763673
240,240.0,240.3,0.09055784953950848,0.11527789217098536,0.07787869847833492,0.171300853665196,0.10594246492412387,0.09051155324321218,0.22059002651286191,0.1279406614657771
241,241.0,241.3,0.08936752739175599,0.1142959340706062,0.08209008573229185,0.1676619213041274,0.10475214277637138,0.09483593697781263,0.2227651239472473,0.1242313277997871
242,242.0,242.3,0.08881891478431983,0.10996425268010127,0.08695457853796111,0.1685357751191577,0.10021492618033123,0.09363372959913466,0.23070450482780464,0.12117331827118931
243,243.0,243.3,0.08763744123442525,0.10762915297658052,0.08534843219497268,0.16440959862456017,0.10549458409156809,0.09173518559532749,0.23117330792818666,0.12657229735437892
244,244.0,244.3,0.08199621405962275,0.10621115862755168,0.08526276057572575,0.16864002557731014,0.10433337881058062,0.09608574823990103,0.2313476097903288,0.12612310431897897
245,245.0,245.3,0.08117220720340174,0.10451071498972149,0.08414635605868602,0.16312818563262083,0.10226869843147193,0.0946151896595421,0.24485955056179773,0.12529909746275797
246,246.0,246.3,0.08561089333431901,0.10345181721049117,0.07793557369076999,0.15997106183999563,0.10133669978593189,0.09910197992175533,0.2481679724250466,0.12442400179169018
247,247.0,247.3,0.08495565776529035,0.10773247907735994,0.07716539559300568,0.16056977347319001,0.10068146421690323,0.0986848395908219,0.24649751644424578,0.12371287383918292
248,248.0,248.3,0.0886365514916311,0.10680694264849004,0.07619330789217146,0.16008868375941987,0.09981690339778945,0.1004730617555607,0.2423010783495096,0.12568347070542765
249,249.0,249.3,0.0878847876552326,0.10619473526129805,0.07866336606265809,0.15992747479170372,0.09926276801988897,0.10001574838454534,0.24298384095116526,0.12506727887350788
250,250.0,250.3,0.09141327909133273,0.10573771945102137,0.07801695631298747,0.15815293592477353,0.09557994575799938,0.09964519502486156,0.2438216368625937,0.12763233157443016
251,251.0,251.3,0.09060211487934772,0.10520451758676612,0.0773608723149062,0.15582983882123863,0.0951021148793477,0.09924490425316176,0.24965722056753442,0.1269984166976972
252,252.0,252.3,0.09012632545357263,0.10427264823191787,0.07671701566224036,0.15652058709081182,0.09462632545357261,0.09776918259642978,0.25113119558344277,0.12883671992801204
253,253.0,253.3,0.08906992352217069,0.10309464567891533,0.07580957587980057,0.158481487301712,0.09387761582986301,0.0990339872362344,0.25484401054625777,0.1257887540050461
254,254.0,254.3,0.08828761213883629,0.10219241916287805,0.0751620146312163,0.15841903560243167,0.09608290743413159,0.09835062301067068,0.25634512937474224,0.12516025864509295
255,255.0,255.3,0.08808620130104645,0.10446576325943939,0.0748183562827579,0.15878160027819677,0.09581037284100745,0.09783889743532154,0.2554995855299402,0.12469922307229012
256,256.0,256.3,0.08822328643813158,0.10050231929599544,0.07495544141984303,0.15905577055236703,0.09594745797809259,0.09648247607890018,0.25783243786279253,0.1270008103738774
257,257.0,257.3,0.08743340945144609,0.10006494146500058,0.07179853575033938,0.16478251083957762,0.09542213125595736,0.09565652405613964,0.26044301680315873,0.12439893037838039
258,258.0,258.3,0.07687332223074181,0.10987431237237508,0.07141727756508846,0.16340090696251097,0.09504087307070644,0.09255316441920469,0.26683427124341497,0.12400587213595733
259,259.0,259.3,0.07673414459156418,0.10727642602448877,0.07121399736180828,0.16478921835082236,0.09483759286742625,0.09213563150167177,0.2693386024977462,0.12367438680447203
260,260.0,260.3,0.07655952821967109,0.10937776982329268,0.07097840538015908,0.16307612298881816,0.09460200088577705,0.09169681639959792,0.270435029706176,0.12327432659650792
261,261.0,261.3,0.07240525485750203,0.10711151769578735,0.07009118316140786,0.17146372728395198,0.09014335009559726,0.09049341669566387,0.27618455888680604,0.12210699132328344
262,262.0,262.3,0.07209355770989281,0.10666151058228195,0.0698472677375547,0.1772125744711689,0.09002258738110372,0.08586007353835733,0.27906356022573475,0.1192388683539057
263,263.0,263.3,0.07165004712328124,0.10608203139460506,0.06951869967967875,0.1849069165866138,0.08980896185196342,0.07927449678970482,0.2797713111400359,0.1189875354341168
264,264.0,264.3,0.07101665978213148,0.10531526576114703,0.06899283922024943,0.18758179100977732,0.08706504687890566,0.08090452135791504,0.2802134291564157,0.11891044683345808
265,265.0,265.3,0.07037344625959131,0.10454143922821142,0.0683975780267006,0.1971342517235614,0.08037344625959131,0.08311847107804887,0.27501922576002197,0.121042141664273
266,266.0,266.3,0.07000518026632531,0.10436256717433934,0.06807350395262651,0.19846632243063206,0.08019457420571925,0.08274389195346973,0.2755768856926819,0.12057707432420568
267,267.0,267.3,0.06965247893209184,0.10387099422380605,0.06780992917810784,0.1992499551226095,0.08002012599091535,0.08459448208381364,0.274484730014343,0.12031730445431266
268,268.0,268.3,0.06931854472044865,0.10562431915824555,0.06756002857991002,0.19826105238448072,0.07985425900616291,0.08414256128359562,0.27739185299112534,0.11784738187603094
269,269.0,269.3,0.06919167832908293,0.10515928851567209,0.06738485300980034,0.19676259108881278,0.08190130565827546,0.08372583981976614,0.2784257220215224,0.1174487215570676
270,270.0,270.3,0.06625905932613269,0.10508381236986471,0.06726312339498279,0.20171246581787453,0.07727074476670537,0.08568551631040651,0.27956626915561084,0.11715900885842237
271,271.0,271.3,0.06566010727987362,0.10586324501081386,0.06661984510758898,0.19830692046474108,0.07672290921224077,0.09291927181525299,0.27747383277006976,0.11643386833941874
272,272.0,272.3,0.06526347048307841,0.10511248842402617,0.06618069130399104,0.20102602449979773,0.07629895001107397,0.08985185656214771,0.28042667760484374,0.11583984111104106
273,273.0,273.3,0.06494463178577106,0.10447481102941147,0.06586185260668369,0.19884858195106736,0.075953670277278,0.08924062020402165,0.2851812707685215,0.11549456137724508
274,274.0,274.3,0.06181662631771566,0.10353765116132578,0.06547080858987545,0.20617395807584252,0.07555718911799021,0.08832520890585421,0.28418374291956117,0.11493481491183484
275,275.0,275.3,0.061394312438631214,0.10730326147960274,0.06493420394944142,0.20688833070216153,0.07506494735926614,0.08729988324509716,0.2828293504177869,0.11428571040801272
276,276.0,276.3,0.06100171248209384,0.10878691940261269,0.0644327728469212,0.21220586696839305,0.07460502880862445,0.08634132873377286,0.2789514084628049,0.1136749622947768
277,277.0,277.3,0.060671752852260875,0.10768447372526509,0.06403533683382238,0.21404658645376767,0.07421021439072242,0.08562381528258418,0.2804476725847024,0.11328014787687475
278,278.0,278.3,0.06062411932636649,0.10721041879468844,0.06392360074382544,0.21937115319137787,0.07416258086482803,0.08360547130771848,0.28518239438464155,0.10592026138655349
279,279.0,279.3,0.06163797035747476,0.10018349623624263,0.06484019169493085,0.23035682945201966,0.06517643189593629,0.08444949331833045,0.2865666125083903,0.10678897453667484
280,280.0,280.3,0.059509604211851384,0.10655261363688326,0.06261881293903762,0.23363993996016466,0.06304806575031292,0.08199156669381386,0.288118550820798,0.1045208459871381
281,281.0,281.3,0.05775027052228512,0.10061203483583936,0.060804108263867826,0.23458144032026967,0.0742257949978096,0.0800230158647979,0.2860949697507053,0.10590836544442499
282,282.0,282.3,0.057492440547628886,0.09975784631270421,0.060493424166590024,0.23782633091126146,0.07376298917111869,0.0776003827143946,0.28747857641611774,0.1055880097601842
283,283.0,283.3,0.056666218189360865,0.08927680100286167,0.05958302672414693,0.23921509449054307,0.08183507917911738,0.07641091793406062,0.2858526702116338,0.11116019226827542
284,284.0,284.3,0.0556203128924341,0.08901937833445431,0.05850465389475264,0.24005570061915743,0.08754912215198699,0.07499359570296056,0.2855168238621487,0.10874041254210491
285,285.0,285.3,0.05556405941848049,0.0887321683816554,0.05844840042079903,0.2417409009959083,0.08743661520407976,0.0726102982038497,0.2868396517810293,0.10862790559419769
286,286.0,286.3,0.055358927496706886,0.08803040166039844,0.05819495932028146,0.25119892811510486,0.08707466053927651,0.0678331773847499,0.2910626989875848,0.1012462464958969
287,287.0,287.3,0.05440598917936427,0.08614334678366539,0.05716443921312665,0.2514265940499619,0.09183778152494972,0.06672017982840064,0.29327380251313895,0.09902786690739218
288,288.0,288.3,0.053637108716346506,0.08509180139647694,0.056320984475096335,0.256549026958673,0.0875691761547149,0.06579681833522126,0.2984247291759462,0.09661035478752468
289,289.0,289.3,0.05272654262829718,0.08315833267609984,0.05536790138024429,0.2693819428942858,0.0844109980196491,0.06468056561680291,0.2955468148574364,0.09472690192718418
290,290.0,290.3,0.05214250687818922,0.08229940096083017,0.05474304930360572,0.268168422378578,0.0900579363943509,0.06398900298497452,0.294892507464252,0.09370717363521928
291,291.0,291.3,0.05157468232829375,0.08363463337603841,0.05413600906743574,0.26941012447241547,0.09280765682698831,0.06169704050404458,0.2948413639153313,0.09189848950945215
292,292.0,292.3,0.05116293685720905,0.08295411904485536,0.05368655620570247,0.2675791418148093,0.09757742883102304,0.06122684967936548,0.29470026160910373,0.09111270595793133
293,293.0,293.3,0.05111714440998931,0.08438795787922944,0.053640763758482736,0.2670763169560522,0.09748584393658356,0.06112456005700451,0.2941462919391661,0.09102112106349183
294,294.0,294.3,0.05103644936038807,0.08402634888355073,0.05352378423863476,0.2699285662063837,0.09736073830762781,0.06098922019866008,0.295942581073922,0.0871923117308324
295,295.0,295.3,0.050857611254658194,0.08465633068261921,0.05331000553192654,0.27627262244268025,0.0971388091487593,0.060656693568340046,0.29569310035460783,0.08141482701640831
296,296.0,296.3,0.050365793777929234,0.08525418964564431,0.05275529534473038,0.2762876900636787,0.09231666251094321,0.05996053049131004,0.30229554946901926,0.0807642886967446
297,297.0,297.3,0.04977989369905263,0.08773822309822801,0.05210867914581561,0.2773371455323702,0.0911638222704812,0.0591794035029742,0.3033294385169798,0.07936339423409809
298,298.0,298.3,0.04923649085267491,0.0865904493797858,0.051506625574264296,0.27879065328642566,0.09010475838760909,0.05844924531133101,0.30603174164354224,0.07929003556436669
299,299.0,299.3,0.04876904395775755,0.08854017047093618,0.05098248960898051,0.2804416474329882,0.08920441105979131,0.057849551264071306,0.306070574325658,0.07814211187981664
300,300.0,300.3,0.048333989227161964,0.08614985510283417,0.050492610563082865,0.28342525271363933,0.08713953151096511,0.057288218181390925,0.3101035265143259,0.07706701618659946
301,301.0,301.3,0.04812369329079215,0.08543209987345321,0.05028231462671305,0.28127272281134924,0.08690592555128528,0.05696017844306679,0.3115987988467102,0.07942426655662986
302,302.0,302.3,0.04796125322820946,0.0850642782427037,0.05006682438925815,0.28303449185098595,0.08674348548870257,0.056748135205880915,0.3118164791036271,0.07856505249063198
303,303.0,303.3,0.04771438985537731,0.0847100454263254,0.04976860015051595,0.28118991610807004,0.08613430327529073,0.05645319490997184,0.315836201176067,0.0781933490983815
304,304.0,304.3,0.04737222576523762,0.08801625206367111,0.04937668500057761,0.28068646354452786,0.08543619165009902,0.05601918236977473,0.31592043945559933,0.07717256015051246
305,305.0,305.3,0.04705050118902293,0.0872018269133437,0.04900674458413938,0.27739713876326577,0.08478482568805332,0.05297675228647684,0.32251819949106453,0.07906401108463318
306,306.0,306.3,0.04682223077765833,0.08900839165271397,0.04873172350733447,0.2748897054407375,0.08453524240371343,0.052661957972884255,0.3224286253556333,0.08092212288932446
307,307.0,307.3,0.04759784971314035,0.08793327084362741,0.04832562747193912,0.2730605931851657,0.08386889348418412,0.05471717965855725,0.3246678867831775,0.07982869886020834
308,308.0,308.3,0.0473382380515243,0.08712316447579625,0.04805808000732133,0.2692664014682299,0.0833373789644174,0.05432771120174379,0.32968719251823053,0.08086183331273628
309,309.0,309.3,0.04714668580549487,0.08672923435493424,0.04783558140814266,0.27522942604869716,0.08291200569417563,0.05410840190152907,0.3281640537149132,0.07787461107211298
310,310.0,310.3,0.047022017754728175,0.0862952780360176,0.047680947352530825,0.2780024138951198,0.08279954765561895,0.05389874822300794,0.326641561335186,0.0776594857477904
311,311.0,311.3,0.04673474225259207,0.08663156609569714,0.04738366734941797,0.27844895450903834,0.08229433167317354,0.05356804631243027,0.32807629242649816,0.07686239938115236
312,312.0,312.3,0.04651505070556085,0.08617087012865941,0.0471543506339463,0.27828212233846317,0.08187127406723628,0.05336004246993388,0.327923501645372,0.07872278801082787
313,313.0,313.3,0.04632943775609797,0.08577894029598626,0.046948033750736015,0.2792785248871016,0.0814840482145476,0.05084884812512215,0.3313078124218637,0.07802435454854448
314,314.0,314.3,0.04609971105263999,0.08393647638310159,0.046690599477711946,0.28661952558591747,0.08111719125975941,0.04922488265512205,0.33045995919557286,0.07585165439017455
315,315.0,315.3,0.0459099601648389,0.08328237797191076,0.04647397332051379,0.2868528022519743,0.0809179346464976,0.04898860271716566,0.3324829702904807,0.07509137863661809
316,316.0,316.3,0.04565607701667887,0.08572563435258308,0.0462120292094442,0.2824180260979351,0.08047664256684259,0.048725563756940246,0.33642258503257266,0.07436344196700292
317,317.0,317.3,0.04544162012167992,0.08516966099194048,0.04597178146569507,0.2827537525255684,0.08008529546123155,0.04846624784218393,0.3362151349469653,0.07589650664473507
318,318.0,318.3,0.04523612289537992,0.08463499947358491,0.04676165019677948,0.28174398763088065,0.0819347840950196,0.04821715669318166,0.33633455603685697,0.07513674297831664
319,319.0,319.3,0.04510437799197986,0.08425110034223496,0.0466123614337303,0.28243391912027654,0.08164468453228639,0.04807720728059862,0.33690017003948813,0.074976179259405
320,320.0,320.3,0.044934806399651535,0.08361976501646465,0.04640861349143615,0.2812366507024521,0.08131484741127147,0.047855441320286456,0.338610937410609,0.07601893824782832
321,321.0,321.3,0.044772159882301786,0.08432858717601469,0.04621266694078637,0.2794199129111902,0.0809997042677409,0.04764195090998755,0.3408695201243989,0.07575549778757937
322,322.0,322.3,0.04454748394298529,0.0835803087129312,0.04595553400698757,0.28045029948209743,0.08059152685659343,0.04737783081130685,0.34250930861882056,0.07498770756827752
323,323.0,323.3,0.04438880731440076,0.08323723168085298,0.04576521180878278,0.2784360357814505,0.08027454652958552,0.047197409603201054,0.3463770224772746,0.07432373480445176
324,324.0,324.3,0.04427923948361729,0.08417510824963356,0.04564021187923388,0.27667642641960544,0.08004189151660723,0.04708089860880582,0.34791841373851656,0.07418781010398003
325,325.0,325.3,0.04417354755375001,0.08382555083264333,0.045519464243253975,0.2749858522027261,0.0798187474887467,0.04929407794750121,0.34832638842496183,0.07405637130641664
326,326.0,326.3,0.04408732986337633,0.08362908720901313,0.04541855363486677,0.2723937931193854,0.07963615687799917,0.04916434145937526,0.35170991954481,0.07396081829117362
327,327.0,327.3,0.043998423333133016,0.0832645082466143,0.045299871919225784,0.2735091249624855,0.07955640785691338,0.0490537282407586,0.3503418654924474,0.07497606994842185
328,328.0,328.3,0.04391035970400405,0.0828117740236216,0.0451967525839842,0.27291069013387426,0.07946150616894015,0.04892871514056014,0.35199228196706167,0.0747879202779538
329,329.0,329.3,0.04379809046015362,0.0824563884551591,0.04505578481987936,0.27303287984572877,0.07924161151247695,0.04872993969857495,0.35312137325216025,0.0745639319558667
330,330.0,330.3,0.043706702598103934,0.08215454289771051,0.04493637398063656,0.27115335413337643,0.07903854958682671,0.04854650077840418,0.3560918829609591,0.0743720930639823
331,331.0,331.3,0.04363175060883933,0.0819017884930867,0.04484741638913106,0.2728027827192894,0.07885639774152825,0.04838259119763411,0.35536485270499113,0.0742124201454997
332,332.0,332.3,0.04357673619153794,0.08163227658256322,0.044792401971829675,0.27169877453721636,0.07881003683755326,0.04833623029365913,0.3570047913707682,0.07414875221487191
333,333.0,333.3,0.04360465949219651,0.08340791761214013,0.04572439105483069,0.27486934658294127,0.07894101751923134,0.04837264832758307,0.35674080687600906,0.06833921253506756
334,334.0,334.3,0.04351195369589307,0.08292599947365356,0.04650569434249498,0.2760609414484595,0.07884230891986532,0.04824657994709529,0.35576415990777277,0.06814236226476521
335,335.0,335.3,0.04346944013844932,0.08059779199760815,0.04642066722760744,0.27612573441027277,0.07880798537061157,0.04818552557720533,0.35838079176144993,0.06801206351679527
336,336.0,336.3,0.043379497398118284,0.08044568754313942,0.04628909092568935,0.27631408315003403,0.07867777720958033,0.0480775032929327,0.35926993118401923,0.06754642929648642
337,337.0,337.3,0.043200461127817225,0.07984736768465628,0.04606927373114311,0.2795006318865382,0.07835773077640346,0.04782250030840942,0.35821011993173163,0.06699191455330036
338,338.0,338.3,0.043027515945670045,0.07926799931831463,0.045856374037814576,0.2796668879725141,0.07804950821871146,0.04757615220964115,0.3590114030612634,0.06754415923607035
339,339.0,339.3,0.042891663955144085,0.07892593900223913,0.04568136880041412,0.2817172846678716,0.07778376892306829,0.04736932622291131,0.35858286186912575,0.06704778655922544
340,340.0,340.3,0.042760194180465935,0.07859344894062029,0.046598479436594745,0.28460040317361934,0.0775274860501919,0.04716918620851608,0.35618254203324506,0.06656825997674651
341,341.0,341.3,0.042697012155159086,0.07840572545277484,0.04652409920300122,0.28514910464774174,0.07741232020786487,0.04709323605246357,0.3564838829945209,0.06623461928647359
342,342.0,342.3,0.04258979091528818,0.07882132582972726,0.04639117682921685,0.2846733134531559,0.07726227529365491,0.04698089852890219,0.3574218477772279,0.06585937137282663
343,343.0,343.3,0.042525038798448586,0.07846617052465621,0.046301199425597704,0.28783500073183255,0.07523470329448981,0.046950395313709314,0.3571515103797814,0.06553598153148417
344,344.0,344.3,0.04240820549656412,0.07797801583965154,0.04613622805752761,0.2887442588004981,0.07507383122183373,0.04760648396643734,0.3567323723239611,0.06532060429352624
345,345.0,345.3,0.042259869427456326,0.07746891467741217,0.045940701173074104,0.290340542034823,0.07484816225768463,0.04738587474220564,0.3568898110306306,0.06486612465671325
346,346.0,346.3,0.042127278374413504,0.0788836347113928,0.04578423500524708,0.28695872674801415,0.0746410647230964,0.047205560188945825,0.3599065149497536,0.06449298529913636
347,347.0,347.3,0.04198758349811826,0.07836772996005426,0.04559869442259109,0.2897523493561347,0.07442953765491281,0.046997330086812214,0.3588020551731028,0.06406471984827367
348,348.0,348.3,0.0418653468275417,0.07790644547450565,0.045444821074414894,0.29008947894802267,0.07423133771758351,0.04680852864572353,0.3582303452741712,0.06542369603803663
349,349.0,349.3,0.04178237405912628,0.07772876206863008,0.04533085227231423,0.2892667172928087,0.07408564938282275,0.04667161068161032,0.36007777810919633,0.06505625613349109
350,350.0,350.3,0.041691229233256404,0.0774598596267104,0.045209332778002584,0.2882854270311047,0.07392321472773856,0.04569768722860331,0.3620342964815625,0.06569895289302123
351,351.0,351.3,0.041610247100518,0.07727341040363639,0.045105865133974174,0.28705240225679585,0.07379039997461798,0.04559312106305334,0.3641793024394967,0.06539525162790723
352,352.0,352.3,0.042302947131464555,0.07689790127046751,0.04494940148536692,0.2880491959910655,0.0736266598286706,0.045436089015148964,0.3637339309505618,0.06500387432725388
353,353.0,353.3,0.042214194997464025,0.0766178289441,0.04482517893109837,0.28728001616364485,0.07352436988398789,0.04534003808675286,0.3655465776900504,0.06465179530290135
354,354.0,354.3,0.04212768121317609,0.07634519938415246,0.04470386044693681,0.28482978672536047,0.07342495287389351,0.04524642073496532,0.3690127415396825,0.06430935708183248
355,355.0,355.3,0.0420778246216491,0.07509299262418818,0.0446392599032968,0.28539297648280326,0.0733875947200618,0.04520906258113363,0.36995777804309216,0.06424251102377475
