Total_iterations,Unnamed: 0.1,Intertwine_two,Invert_path_vertices,Insert_inside_vertex,Delete_inside_vertex,Replace_inside_vertex,Donate_between_routes,Trim_one_terminal_cb,Grow_one_terminal_cb
0,0.0,0.125,0.125,0.125,0.125,0.125,0.125,0.125,0.125
1,1.0,0.125,0.125,0.125,0.125,0.125,0.125,0.125,0.125
2,2.0,0.125,0.125,0.125,0.125,0.125,0.125,0.125,0.125
3,3.0,0.125,0.125,0.125,0.125,0.125,0.125,0.125,0.125
4,4.0,0.125,0.125,0.125,0.125,0.125,0.125,0.125,0.125
5,5.0,0.125,0.125,0.125,0.125,0.125,0.125,0.125,0.125
6,6.0,0.125,0.125,0.125,0.125,0.125,0.125,0.125,0.125
7,7.0,0.125,0.125,0.125,0.125,0.125,0.125,0.125,0.125
8,8.0,0.125,0.125,0.125,0.125,0.125,0.125,0.125,0.125
9,9.0,0.125,0.125,0.125,0.125,0.125,0.125,0.125,0.125
10,10.0,0.125,0.125,0.125,0.125,0.125,0.125,0.125,0.125
11,11.0,0.125,0.125,0.125,0.125,0.125,0.125,0.125,0.125
12,12.0,0.125,0.125,0.125,0.125,0.125,0.125,0.125,0.125
13,13.0,0.125,0.125,0.125,0.125,0.125,0.125,0.125,0.125
14,14.0,0.125,0.125,0.125,0.125,0.125,0.125,0.125,0.125
15,15.0,0.125,0.125,0.125,0.125,0.125,0.125,0.125,0.125
16,16.0,0.125,0.125,0.125,0.125,0.125,0.125,0.125,0.125
17,17.0,0.125,0.125,0.125,0.125,0.125,0.125,0.125,0.125
18,18.0,0.125,0.125,0.125,0.125,0.125,0.125,0.125,0.125
19,19.0,0.125,0.125,0.125,0.125,0.125,0.125,0.125,0.125
20,20.0,0.125,0.125,0.125,0.125,0.125,0.125,0.125,0.125
21,21.0,0.125,0.125,0.125,0.125,0.125,0.125,0.125,0.125
22,22.0,0.125,0.125,0.125,0.125,0.125,0.125,0.125,0.125
23,23.0,0.125,0.125,0.125,0.125,0.125,0.125,0.125,0.125
24,24.0,0.125,0.125,0.125,0.125,0.125,0.125,0.125,0.125
25,25.0,0.125,0.125,0.125,0.125,0.125,0.125,0.125,0.125
26,26.0,0.125,0.125,0.125,0.125,0.125,0.125,0.125,0.125
27,27.0,0.125,0.125,0.125,0.125,0.125,0.125,0.125,0.125
28,28.0,0.125,0.125,0.125,0.125,0.125,0.125,0.125,0.125
29,29.0,0.125,0.125,0.125,0.125,0.125,0.125,0.125,0.125
30,30.0,0.125,0.125,0.125,0.125,0.125,0.125,0.125,0.125
31,31.0,0.125,0.125,0.125,0.125,0.125,0.125,0.125,0.125
32,32.0,0.125,0.125,0.125,0.125,0.125,0.125,0.125,0.125
33,33.0,0.125,0.125,0.125,0.125,0.125,0.125,0.125,0.125
34,34.0,0.125,0.125,0.125,0.125,0.125,0.125,0.125,0.125
35,35.0,0.125,0.125,0.125,0.125,0.125,0.125,0.125,0.125
36,36.0,0.125,0.125,0.125,0.125,0.125,0.125,0.125,0.125
37,37.0,0.125,0.125,0.125,0.125,0.125,0.125,0.125,0.125
38,38.0,0.125,0.125,0.125,0.125,0.125,0.125,0.125,0.125
39,39.0,0.125,0.125,0.125,0.125,0.125,0.125,0.125,0.125
40,40.0,0.125,0.125,0.125,0.125,0.125,0.125,0.125,0.125
41,41.0,0.125,0.125,0.125,0.125,0.125,0.125,0.125,0.125
42,42.0,0.125,0.125,0.125,0.125,0.125,0.125,0.125,0.125
43,43.0,0.125,0.125,0.125,0.125,0.125,0.125,0.125,0.125
44,44.0,0.125,0.125,0.125,0.125,0.125,0.125,0.125,0.125
45,45.0,0.125,0.125,0.125,0.125,0.125,0.125,0.125,0.125
46,46.0,0.125,0.125,0.125,0.125,0.125,0.125,0.125,0.125
47,47.0,0.125,0.125,0.125,0.125,0.125,0.125,0.125,0.125
48,48.0,0.125,0.125,0.125,0.125,0.125,0.125,0.125,0.125
49,49.0,0.125,0.125,0.125,0.125,0.125,0.125,0.125,0.125
50,50.0,0.125,0.125,0.125,0.125,0.125,0.125,0.125,0.125
51,51.0,0.125,0.125,0.125,0.125,0.125,0.125,0.125,0.125
52,52.0,0.125,0.125,0.125,0.125,0.125,0.125,0.125,0.125
53,53.0,0.125,0.125,0.125,0.125,0.125,0.125,0.125,0.125
54,54.0,0.125,0.125,0.125,0.125,0.125,0.125,0.125,0.125
55,55.0,0.125,0.125,0.125,0.125,0.125,0.125,0.125,0.125
56,56.0,0.125,0.125,0.125,0.125,0.125,0.125,0.125,0.125
57,57.0,0.125,0.125,0.125,0.125,0.125,0.125,0.125,0.125
58,58.0,0.125,0.125,0.125,0.125,0.125,0.125,0.125,0.125
59,59.0,0.125,0.125,0.125,0.125,0.125,0.125,0.125,0.125
60,60.0,0.125,0.125,0.125,0.125,0.125,0.125,0.125,0.125
61,61.0,0.125,0.125,0.125,0.125,0.125,0.125,0.125,0.125
62,62.0,0.125,0.125,0.125,0.125,0.125,0.125,0.125,0.125
63,63.0,0.125,0.125,0.125,0.125,0.125,0.125,0.125,0.125
64,64.0,0.125,0.125,0.125,0.125,0.125,0.125,0.125,0.125
65,65.0,0.125,0.125,0.125,0.125,0.125,0.125,0.125,0.125
66,66.0,0.125,0.125,0.125,0.125,0.125,0.125,0.125,0.125
67,67.0,0.125,0.125,0.125,0.125,0.125,0.125,0.125,0.125
68,68.0,0.125,0.125,0.125,0.125,0.125,0.125,0.125,0.125
69,69.0,0.125,0.125,0.125,0.125,0.125,0.125,0.125,0.125
70,70.0,0.125,0.125,0.125,0.125,0.125,0.125,0.125,0.125
71,71.0,0.125,0.125,0.125,0.125,0.125,0.125,0.125,0.125
72,72.0,0.125,0.125,0.125,0.125,0.125,0.125,0.125,0.125
73,73.0,0.125,0.125,0.125,0.125,0.125,0.125,0.125,0.125
74,74.0,0.125,0.125,0.125,0.125,0.125,0.125,0.125,0.125
75,75.0,0.125,0.125,0.125,0.125,0.125,0.125,0.125,0.125
76,76.0,0.125,0.125,0.125,0.125,0.125,0.125,0.125,0.125
77,77.0,0.125,0.125,0.125,0.125,0.125,0.125,0.125,0.125
78,78.0,0.125,0.125,0.125,0.125,0.125,0.125,0.125,0.125
79,79.0,0.125,0.125,0.125,0.125,0.125,0.125,0.125,0.125
80,80.0,0.125,0.125,0.125,0.125,0.125,0.125,0.125,0.125
81,81.0,0.125,0.125,0.125,0.125,0.125,0.125,0.125,0.125
82,82.0,0.125,0.125,0.125,0.125,0.125,0.125,0.125,0.125
83,83.0,0.125,0.125,0.125,0.125,0.125,0.125,0.125,0.125
84,84.0,0.125,0.125,0.125,0.125,0.125,0.125,0.125,0.125
85,85.0,0.125,0.125,0.125,0.125,0.125,0.125,0.125,0.125
86,86.0,0.125,0.125,0.125,0.125,0.125,0.125,0.125,0.125
87,87.0,0.125,0.125,0.125,0.125,0.125,0.125,0.125,0.125
88,88.0,0.125,0.125,0.125,0.125,0.125,0.125,0.125,0.125
89,89.0,0.125,0.125,0.125,0.125,0.125,0.125,0.125,0.125
90,90.0,0.125,0.125,0.125,0.125,0.125,0.125,0.125,0.125
91,91.0,0.125,0.125,0.125,0.125,0.125,0.125,0.125,0.125
92,92.0,0.125,0.125,0.125,0.125,0.125,0.125,0.125,0.125
93,93.0,0.125,0.125,0.125,0.125,0.125,0.125,0.125,0.125
94,94.0,0.125,0.125,0.125,0.125,0.125,0.125,0.125,0.125
95,95.0,0.125,0.125,0.125,0.125,0.125,0.125,0.125,0.125
96,96.0,0.125,0.125,0.125,0.125,0.125,0.125,0.125,0.125
97,97.0,0.125,0.125,0.125,0.125,0.125,0.125,0.125,0.125
98,98.0,0.125,0.125,0.125,0.125,0.125,0.125,0.125,0.125
99,99.0,0.125,0.125,0.125,0.125,0.125,0.125,0.125,0.125
100,100.0,0.125,0.125,0.125,0.125,0.125,0.125,0.125,0.125
101,101.0,0.125,0.125,0.125,0.125,0.125,0.125,0.125,0.125
102,102.0,0.125,0.125,0.125,0.125,0.125,0.125,0.125,0.125
103,103.0,0.125,0.125,0.125,0.125,0.125,0.125,0.125,0.125
104,104.0,0.125,0.125,0.125,0.125,0.125,0.125,0.125,0.125
105,105.0,0.125,0.125,0.125,0.125,0.125,0.125,0.125,0.125
106,106.0,0.125,0.125,0.125,0.125,0.125,0.125,0.125,0.125
107,107.0,0.125,0.125,0.125,0.125,0.125,0.125,0.125,0.125
108,108.0,0.125,0.125,0.125,0.125,0.125,0.125,0.125,0.125
109,109.0,0.125,0.125,0.125,0.125,0.125,0.125,0.125,0.125
110,110.0,0.125,0.125,0.125,0.125,0.125,0.125,0.125,0.125
111,111.0,0.125,0.125,0.125,0.125,0.125,0.125,0.125,0.125
112,112.0,0.125,0.125,0.125,0.125,0.125,0.125,0.125,0.125
113,113.0,0.125,0.125,0.125,0.125,0.125,0.125,0.125,0.125
114,114.0,0.125,0.125,0.125,0.125,0.125,0.125,0.125,0.125
115,115.0,0.125,0.125,0.125,0.125,0.125,0.125,0.125,0.125
116,116.0,0.125,0.125,0.125,0.125,0.125,0.125,0.125,0.125
117,117.0,0.125,0.125,0.125,0.125,0.125,0.125,0.125,0.125
118,118.0,0.125,0.125,0.125,0.125,0.125,0.125,0.125,0.125
119,119.0,0.125,0.125,0.125,0.125,0.125,0.125,0.125,0.125
120,120.0,0.125,0.125,0.125,0.125,0.125,0.125,0.125,0.125
121,121.0,0.125,0.125,0.125,0.125,0.125,0.125,0.125,0.125
122,122.0,0.125,0.125,0.125,0.125,0.125,0.125,0.125,0.125
123,123.0,0.125,0.125,0.125,0.125,0.125,0.125,0.125,0.125
124,124.0,0.125,0.125,0.125,0.125,0.125,0.125,0.125,0.125
125,125.0,0.125,0.125,0.125,0.125,0.125,0.125,0.125,0.125
126,126.0,0.125,0.125,0.125,0.125,0.125,0.125,0.125,0.125
127,127.0,0.125,0.125,0.125,0.125,0.125,0.125,0.125,0.125
128,128.0,0.125,0.125,0.125,0.125,0.125,0.125,0.125,0.125
129,129.0,0.125,0.125,0.125,0.125,0.125,0.125,0.125,0.125
130,130.0,0.125,0.125,0.125,0.125,0.125,0.125,0.125,0.125
131,131.0,0.125,0.125,0.125,0.125,0.125,0.125,0.125,0.125
132,132.0,0.125,0.125,0.125,0.125,0.125,0.125,0.125,0.125
133,133.0,0.125,0.125,0.125,0.125,0.125,0.125,0.125,0.125
134,134.0,0.125,0.125,0.125,0.125,0.125,0.125,0.125,0.125
135,135.0,0.125,0.125,0.125,0.125,0.125,0.125,0.125,0.125
136,136.0,0.125,0.125,0.125,0.125,0.125,0.125,0.125,0.125
137,137.0,0.125,0.125,0.125,0.125,0.125,0.125,0.125,0.125
138,138.0,0.125,0.125,0.125,0.125,0.125,0.125,0.125,0.125
139,139.0,0.125,0.125,0.125,0.125,0.125,0.125,0.125,0.125
140,140.0,0.125,0.125,0.125,0.125,0.125,0.125,0.125,0.125
141,141.0,0.125,0.125,0.125,0.125,0.125,0.125,0.125,0.125
142,142.0,0.125,0.125,0.125,0.125,0.125,0.125,0.125,0.125
143,143.0,0.125,0.125,0.125,0.125,0.125,0.125,0.125,0.125
144,144.0,0.125,0.125,0.125,0.125,0.125,0.125,0.125,0.125
145,145.0,0.125,0.125,0.125,0.125,0.125,0.125,0.125,0.125
146,146.0,0.125,0.125,0.125,0.125,0.125,0.125,0.125,0.125
147,147.0,0.125,0.125,0.125,0.125,0.125,0.125,0.125,0.125
148,148.0,0.125,0.125,0.125,0.125,0.125,0.125,0.125,0.125
149,149.0,0.125,0.125,0.125,0.125,0.125,0.125,0.125,0.125
150,150.0,0.125,0.125,0.125,0.125,0.125,0.125,0.125,0.125
151,151.0,0.125,0.125,0.125,0.125,0.125,0.125,0.125,0.125
152,152.0,0.125,0.125,0.125,0.125,0.125,0.125,0.125,0.125
153,153.0,0.125,0.125,0.125,0.125,0.125,0.125,0.125,0.125
154,154.0,0.125,0.125,0.125,0.125,0.125,0.125,0.125,0.125
155,155.0,0.125,0.125,0.125,0.125,0.125,0.125,0.125,0.125
156,156.0,0.125,0.125,0.125,0.125,0.125,0.125,0.125,0.125
157,157.0,0.125,0.125,0.125,0.125,0.125,0.125,0.125,0.125
158,158.0,0.125,0.125,0.125,0.125,0.125,0.125,0.125,0.125
159,159.0,0.125,0.125,0.125,0.125,0.125,0.125,0.125,0.125
160,160.0,0.125,0.125,0.125,0.125,0.125,0.125,0.125,0.125
161,161.0,0.125,0.125,0.125,0.125,0.125,0.125,0.125,0.125
162,162.0,0.125,0.125,0.125,0.125,0.125,0.125,0.125,0.125
163,163.0,0.125,0.125,0.125,0.125,0.125,0.125,0.125,0.125
164,164.0,0.125,0.125,0.125,0.125,0.125,0.125,0.125,0.125
165,165.0,0.125,0.125,0.125,0.125,0.125,0.125,0.125,0.125
166,166.0,0.125,0.125,0.125,0.125,0.125,0.125,0.125,0.125
167,167.0,0.125,0.125,0.125,0.125,0.125,0.125,0.125,0.125
168,168.0,0.125,0.125,0.125,0.125,0.125,0.125,0.125,0.125
169,169.0,0.125,0.125,0.125,0.125,0.125,0.125,0.125,0.125
170,170.0,0.125,0.125,0.125,0.125,0.125,0.125,0.125,0.125
171,171.0,0.125,0.125,0.125,0.125,0.125,0.125,0.125,0.125
172,172.0,0.125,0.125,0.125,0.125,0.125,0.125,0.125,0.125
173,173.0,0.125,0.125,0.125,0.125,0.125,0.125,0.125,0.125
174,174.0,0.125,0.125,0.125,0.125,0.125,0.125,0.125,0.125
175,175.0,0.125,0.125,0.125,0.125,0.125,0.125,0.125,0.125
176,176.0,0.125,0.125,0.125,0.125,0.125,0.125,0.125,0.125
177,177.0,0.125,0.125,0.125,0.125,0.125,0.125,0.125,0.125
178,178.0,0.125,0.125,0.125,0.125,0.125,0.125,0.125,0.125
179,179.0,0.125,0.125,0.125,0.125,0.125,0.125,0.125,0.125
180,180.0,0.125,0.125,0.125,0.125,0.125,0.125,0.125,0.125
181,181.0,0.125,0.125,0.125,0.125,0.125,0.125,0.125,0.125
182,182.0,0.125,0.125,0.125,0.125,0.125,0.125,0.125,0.125
183,183.0,0.125,0.125,0.125,0.125,0.125,0.125,0.125,0.125
184,184.0,0.125,0.125,0.125,0.125,0.125,0.125,0.125,0.125
185,185.0,0.125,0.125,0.125,0.125,0.125,0.125,0.125,0.125
186,186.0,0.125,0.125,0.125,0.125,0.125,0.125,0.125,0.125
187,187.0,0.125,0.125,0.125,0.125,0.125,0.125,0.125,0.125
188,188.0,0.125,0.125,0.125,0.125,0.125,0.125,0.125,0.125
189,189.0,0.125,0.125,0.125,0.125,0.125,0.125,0.125,0.125
190,190.0,0.125,0.125,0.125,0.125,0.125,0.125,0.125,0.125
191,191.0,0.125,0.125,0.125,0.125,0.125,0.125,0.125,0.125
192,192.0,0.125,0.125,0.125,0.125,0.125,0.125,0.125,0.125
193,193.0,0.125,0.125,0.125,0.125,0.125,0.125,0.125,0.125
194,194.0,0.125,0.125,0.125,0.125,0.125,0.125,0.125,0.125
195,195.0,0.125,0.125,0.125,0.125,0.125,0.125,0.125,0.125
196,196.0,0.125,0.125,0.125,0.125,0.125,0.125,0.125,0.125
197,197.0,0.125,0.125,0.125,0.125,0.125,0.125,0.125,0.125
198,198.0,0.125,0.125,0.125,0.125,0.125,0.125,0.125,0.125
199,199.0,0.125,0.125,0.125,0.125,0.125,0.125,0.125,0.125
200,200.0,0.1247222222222222,0.1247222222222222,0.1247222222222222,0.1258333333333333,0.1247222222222222,0.1247222222222222,0.1258333333333333,0.1247222222222222
201,201.0,0.1240583333333333,0.1240583333333333,0.1240583333333333,0.1273805555555555,0.1240583333333333,0.1251694444444444,0.1271583333333333,0.1240583333333333
202,202.0,0.1242924722222222,0.1232924722222222,0.1232924722222222,0.1286825833333333,0.1232924722222222,0.1255035833333333,0.1283514722222222,0.1232924722222222
203,203.0,0.1242193634090909,0.1231384543181818,0.1232293634090909,0.1305266734090909,0.1222293634090909,0.1254083634090909,0.1290190552272727,0.1222293634090909
204,204.0,0.1239856142674242,0.1227578476007575,0.1237569385098485,0.1320644210765151,0.1210245142674242,0.1251428242674242,0.1293342348340909,0.1219336051765151
205,205.0,0.1234808772927434,0.1220524472437923,0.1246432931645382,0.1331883946770767,0.1206865094038545,0.1245979041927434,0.1300418423991746,0.1213087316260767
206,206.0,0.1227312075070054,0.121058442736466,0.1251612710638053,0.1348999134776379,0.1200148421970054,0.1237099902570963,0.1319683390488265,0.1204559937121569
207,207.0,0.1219241060446847,0.1200195962438496,0.1255969423586115,0.1372180128650982,0.1193051067087847,0.122683832747508,0.1336901866257089,0.1195622164057544
208,208.0,0.1210774663421418,0.1189548596834776,0.1258941576864315,0.1393170122950515,0.1185722863762908,0.1216157786687294,0.1359880208387192,0.1185804181091579
209,209.0,0.1201588368255527,0.1177849785852385,0.1259264278533232,0.1427033262744437,0.1177811460924043,0.1196424930902623,0.1385156969165469,0.1174870943622285
210,210.0,0.119026299963185,0.1175278316595667,0.1256491676529534,0.1454251050192816,0.1167871264468004,0.1174659292095573,0.1412014496384274,0.116917090410228
211,211.0,0.1178964546421231,0.117278599742345,0.1252811759841252,0.147880924924913,0.1158043383559898,0.1153120632795281,0.1442299031900263,0.1163165398809493
212,212.0,0.1166699543444536,0.1168174967237962,0.124725565387497,0.150963918447444,0.1147311107284078,0.1130897883474139,0.1474173036064504,0.115584862414537
213,213.0,0.1154109087151989,0.1172215907977142,0.1240819212414942,0.1536979848140236,0.1135384898474832,0.1108703472071294,0.1503610025179085,0.1148177548590479
214,214.0,0.1150351627438101,0.1174821394959315,0.1233563924334232,0.1566607295525169,0.1123230685200868,0.1086665599818036,0.1530468421766919,0.1134291050957359
215,215.0,0.1146891005492887,0.1177418484941102,0.1219142147555991,0.1598587185785852,0.1111484194473959,0.10654803759545,0.1560261565285923,0.1120735040509784
216,216.0,0.1143317197078506,0.117915043337563,0.1203584855356901,0.1631925449244317,0.1099807172266242,0.1044859441199921,0.1590158369525232,0.1107197081953249
217,217.0,0.1139947769761933,0.1186246651651547,0.1187702193872863,0.1662739166255798,0.1088579952783787,0.1025223086826864,0.1615479918327079,0.1094081260520128
218,218.0,0.1149378739395639,0.1185719274996925,0.1171442886768916,0.1685679132961617,0.1078419901223273,0.1007219291615286,0.1638416438589767,0.1083724334448577
219,219.0,0.1158732876509537,0.1184833056592641,0.1150081807432924,0.1710651002328579,0.1068648439002626,0.099019137529567,0.1663585078572152,0.1073276364265871
220,220.0,0.1166222676960397,0.1187956653063564,0.1128174738082641,0.1736312573291333,0.1058746371291613,0.0973633978623563,0.1681668220358483,0.1067284788328405
221,221.0,0.1170781952331298,0.1189875304035992,0.1105918687844466,0.1756184573983397,0.1057545910191696,0.0957294845385343,0.1701898268531194,0.1060500457696613
222,222.0,0.1176025883707483,0.1183330766153731,0.1085302473004162,0.1778867755388082,0.1048647530074632,0.0943046898264596,0.1729972759599153,0.1054805933808159
223,223.0,0.1180108013433628,0.1184781978212769,0.1064642719429313,0.1800382422303132,0.1039366272084091,0.0929097945379751,0.1753195300684513,0.1048425348472802
224,224.0,0.1183921882195658,0.1186051216734749,0.1044968560347304,0.1822266643144724,0.1030651418405508,0.0916375758654246,0.1778455225011044,0.1037309295506767
225,225.0,0.1186924431370618,0.1176644138583045,0.1025554034207105,0.1842556182550717,0.1022001731112727,0.0904353137307657,0.1806865952739016,0.1035100392129113
226,226.0,0.1189425596315874,0.116695256696298,0.1007089309761083,0.1866024883719462,0.1013756019330503,0.0893339179905967,0.1830407585382926,0.1033004858621204
227,227.0,0.1192940583773284,0.1150899639213623,0.0978198668465576,0.1877298491684823,0.0999754114901637,0.0882404089799471,0.1882566038706989,0.1035938373454595
228,228.0,0.1200666457210379,0.1136931037239404,0.0948388941221968,0.1880866275655791,0.0983392571075721,0.0870087821857933,0.1929807446645849,0.1049859449092954
229,229.0,0.1206899400088208,0.1121167054275708,0.0918981028327254,0.1880165773752283,0.0966683679842289,0.0857581297841189,0.1978374981992932,0.1070146783880138
230,230.0,0.1205216535874077,0.1105984478640732,0.089141129500796,0.1877713287113248,0.0951011732386892,0.0854117669535988,0.2023947109900698,0.1090597891540405
231,231.0,0.1202772934505115,0.1099233912353999,0.0869543030389407,0.1866429224190618,0.0935853337468997,0.0851327790393866,0.2066334711757584,0.1108505058940411
232,232.0,0.1185610450597493,0.1094490095939642,0.0850781003145245,0.1861561027449946,0.0943007644428604,0.0846260715324118,0.2100228879229235,0.1118060183885715
233,233.0,0.1167440743027515,0.1081016423206414,0.0832915217253917,0.1861718863645688,0.0949149076700822,0.0841230512921102,0.2131935041435352,0.1134594121809188
234,234.0,0.1147195840886726,0.1073437758630677,0.0814684316088664,0.1860091099314793,0.0953027723141883,0.0834383957042332,0.2163657838083331,0.1153521466811593
235,235.0,0.1118240149021845,0.1075923928639772,0.0798185798981002,0.1853792419547219,0.0956427703380912,0.0828510999547816,0.2193408768635998,0.1175510232245433
236,236.0,0.1089073678666229,0.1077387554478538,0.078271896985673,0.1844783836817643,0.0959537923913686,0.0822730567334554,0.2223479918963306,0.1200287549969312
237,237.0,0.1059543924501132,0.1081604497870344,0.0767870080337375,0.1839591923390343,0.0968557677300793,0.0816149773848988,0.2243407959406984,0.1223274163344038
238,238.0,0.1029998666526493,0.1084342252283018,0.0753741979434979,0.1831450537627116,0.0982655300133603,0.0819192521992448,0.2257115914940861,0.1241502827061481
239,239.0,0.1001917135634788,0.109055568490422,0.0741752763895315,0.1820505390647715,0.0998028661394221,0.0822676764839703,0.2273701625798641,0.1250861972885395
240,240.0,0.0979450911673927,0.1094242384253736,0.0729953352362566,0.1811456431811762,0.1004176222850412,0.0824985188546963,0.2291999531615664,0.1263735976884968
241,241.0,0.0957302263798611,0.1097163820942483,0.0724033605561258,0.1798688957546738,0.1009071190277139,0.0832188457056949,0.2309781751620499,0.1271769953196321
242,242.0,0.093618359820458,0.1095919387769486,0.0724538998763366,0.1786851387078192,0.100932394674002,0.083863090046447,0.2332903825383928,0.1275647955595957
243,243.0,0.0915515381116443,0.1092501529600583,0.0724837774168437,0.1771056460803037,0.1014759338618482,0.0843507619482701,0.2353923907100337,0.1283897989109978
244,244.0,0.0890881348874596,0.1087845362901194,0.0726307465891567,0.1759801849362573,0.1018891851051083,0.0852985671608388,0.2372594374229063,0.1290692076081535
245,245.0,0.0867177520917929,0.1081697031467657,0.0727776985324001,0.1743426843185571,0.1020790851231862,0.0861124078049053,0.2402318552653127,0.1295688137170798
246,246.0,0.0849728207399007,0.1074738736582538,0.0724025636197904,0.1724410763965051,0.1021586914079851,0.0873785712293329,0.2432841504627683,0.1298882524854634
247,247.0,0.083343239692239,0.1072354727408024,0.0720432544893751,0.1706648002844126,0.1021565935911808,0.0885936383651486,0.245913008762021,0.1300499920748203
248,248.0,0.082260830302708,0.1069333283355748,0.0716738889129542,0.1689170925440401,0.1020534981804027,0.0899669330161134,0.247865182498697,0.1303292462095095
249,249.0,0.0812752426803796,0.1065989137752798,0.0716336599010162,0.1672397505930871,0.1018829328250863,0.0912622281522746,0.2496347740803791,0.1304724979924971
250,250.0,0.0808071584136425,0.1062481973048469,0.0716031098769214,0.1654795661925225,0.1013349401310605,0.092478473641174,0.2512446767637438,0.1308038776760882
251,251.0,0.0804108273591575,0.1058741275164934,0.0715741449197885,0.1635898242189834,0.1007364136748416,0.0936047327178504,0.2532029171502545,0.1310070124426304
252,252.0,0.0801084633427455,0.1054375816721932,0.0715415580670536,0.161880531415778,0.1000938179337121,0.094527195436539,0.2550772740338778,0.1313335780981004
253,253.0,0.0798308741559427,0.1049152408226201,0.0714732404973,0.1604846584707336,0.0993859358795233,0.0955163122189382,0.2570960159409159,0.131297722014026
254,254.0,0.079595203243149,0.1043367054549634,0.0713903619134884,0.1592020959385754,0.0989142879906835,0.096373357650714,0.2590404754861521,0.1311475123222739
255,255.0,0.0794498824268126,0.1040219151708077,0.0713191218803894,0.158076215523848,0.0984342376258498,0.0971132986353769,0.2606789812312703,0.1309063475056449
256,256.0,0.0794191653945607,0.1033466979996095,0.0713037067083325,0.1570973940255539,0.0979896621633596,0.0976508593739308,0.2623351276781487,0.130857386656504
257,257.0,0.0794005735773011,0.1026668209753955,0.071010659833646,0.1568087124710784,0.0975165895330521,0.098040385003403,0.2640416904762223,0.1305145681299012
258,258.0,0.0784081605784385,0.1030098499492364,0.07071667058707,0.1564904766680288,0.0970317537644794,0.0980567834967618,0.2661807357017835,0.1301055692542012
259,259.0,0.0774857227320674,0.103127432015136,0.0704387583146037,0.1564119998870601,0.0965551647454982,0.0979747526582559,0.268362844885638,0.1296433247617403
260,260.0,0.0766305512517391,0.1034848801944195,0.0701728304616912,0.1562538334326254,0.0960854997114695,0.0977986521818273,0.2704461434480711,0.1291276093181563
261,261.0,0.0754447593529061,0.1036388872393129,0.0698528289213796,0.1570184669487096,0.0952021011135688,0.0974588034248259,0.2728959539349049,0.1284881990643918
262,262.0,0.0743159818842414,0.1037672191729311,0.069542819535114,0.1584259744352594,0.094344378593829,0.0966199513605024,0.2754215695564673,0.1275621054616549
263,263.0,0.0732335068620385,0.1038537129085134,0.0692339987637118,0.1606500313850578,0.093507847861022,0.0950988280495245,0.2778018186139962,0.1266202555561353
264,264.0,0.0721801060105533,0.1038771638920525,0.0689063210326666,0.1631617389342083,0.0924435898440993,0.0937345762138672,0.2800079494926706,0.1256885545798816
265,265.0,0.0711560894296785,0.1038352681426351,0.0685527501372469,0.1666217223205779,0.0907628121372855,0.0925998439852295,0.2814761017404756,0.1249954121068705
266,266.0,0.0701898214758636,0.103786736473628,0.0682005772028562,0.1701740397330474,0.0891283313369889,0.0914463133379259,0.2827886359969617,0.1242855444427278
267,267.0,0.0692830637719115,0.1036996589834754,0.0678559933519505,0.1737324115004435,0.0875505162239289,0.0905061705545424,0.2837885837569224,0.1235836018568249
268,268.0,0.0684372825687921,0.1037983350881853,0.0675204171845771,0.1770912312535089,0.0860385920213695,0.0895557330847683,0.2848862105011394,0.122672198297659
269,269.0,0.0676722054683646,0.1038589003588675,0.0672012771908834,0.1801760211130106,0.0848207215741253,0.0886045354975768,0.2859025178988744,0.121763820898297
270,270.0,0.0667055689062921,0.1039188653694687,0.0669037139932665,0.1836131851592263,0.0832323879232899,0.0878956383613905,0.2868564813114711,0.1208741589755944
271,271.0,0.0657712356999993,0.1040624266131087,0.0665751733806891,0.1865470710720936,0.0816884876505258,0.0879589052687975,0.2874329026226955,0.11996379769209
272,272.0,0.064889560850455,0.104134564257683,0.0662360181662786,0.1895770772911063,0.0802069257005386,0.0877587076256179,0.2881473755877485,0.1190497705205716
273,273.0,0.0640679087124606,0.1041454996400018,0.0658983413349555,0.1922008281054316,0.0787999122152759,0.087538337600309,0.289188653592835,0.1181605187987301
274,274.0,0.0630243884721932,0.1040649186111743,0.0655549628978013,0.1953612189892583,0.0774654895432306,0.0872654862737513,0.2899859771842736,0.1172775580283169
275,275.0,0.0620309112464994,0.1043636840425587,0.0651914202972397,0.1983851354382,0.0761962019582651,0.0869279847400947,0.2905101068237439,0.1163945554533979
276,276.0,0.0610911557596425,0.1048103344974761,0.0648115166830044,0.2017234458215104,0.074996538730742,0.0865320968937214,0.2905172217397094,0.1155176898741935
277,277.0,0.0602114854257125,0.1051418411882184,0.0644260723905218,0.2050168213264959,0.0738734452849598,0.086102138805267,0.290557593443499,0.1146706021353251
278,278.0,0.0594196214468515,0.1054182180421993,0.0640640915627208,0.2086036136060167,0.072861265522224,0.0855085588929447,0.2909663009483156,0.1131583299787269
279,279.0,0.0588203739477827,0.1049821869624623,0.0638285630046215,0.2130379696795032,0.0710647019922987,0.0850397082970636,0.2914147204493887,0.1118117756668789
280,280.0,0.0580963905481553,0.105178683823501,0.063404565713646,0.2175303897941807,0.0691760754998399,0.0843660479485315,0.2919250107521853,0.11032283591996
281,281.0,0.057283004256171,0.1047752124164652,0.0628336401565049,0.2218288134350608,0.0685328044838814,0.0835391537394039,0.2921438493183791,0.1090635221941335
282,282.0,0.0565298462585806,0.1042850375220132,0.0622684434264237,0.2261494100398041,0.0679645098919889,0.0825175242574027,0.292418675898818,0.1078665527049684
283,283.0,0.0557790077678129,0.1027505036739291,0.061650976432508,0.2302935925507159,0.0683182385528769,0.0814299398301381,0.2924540282059376,0.1073237129860811
284,284.0,0.0550075347006448,0.101208943917102,0.0609667393579609,0.2341966324427962,0.0693431670512254,0.0802591914035292,0.2923862470674536,0.1066315440592875
285,285.0,0.0543137113747161,0.0996709234848512,0.060320679788841,0.2379364790651071,0.070436411555956,0.0789145321126644,0.2923888326026531,0.1060184300152107
286,286.0,0.0536812606696405,0.0981071408726678,0.059695159272901,0.2422861879564147,0.0715541381802144,0.077163584329888,0.292757972496772,0.1047545562215013
287,287.0,0.0530335378716089,0.0964102636419068,0.0590141367983132,0.246312819953664,0.0731916094642049,0.0753831275003029,0.2932943560189425,0.1033601487510564
288,288.0,0.0523874238201562,0.0946752504269206,0.0582983741215294,0.2505001697830226,0.0744249348033804,0.0736017507276393,0.2942919883201186,0.1018201079972325
289,289.0,0.0517273614140057,0.0928245571710909,0.0575391055064744,0.255612564794763,0.075350552208645,0.0718088370364761,0.2949433933678845,0.10019362850066
290,290.0,0.0510848934856024,0.0909763778243673,0.0567715665039987,0.2602300620347539,0.0768389061689634,0.0700547757370497,0.2954702613864509,0.0985731568588134
291,291.0,0.0504604660289758,0.0893597698852015,0.0559997922061497,0.2645893633635677,0.0785855870787676,0.0681862665919521,0.2959335507090465,0.0968852041363388
292,292.0,0.0498684489338965,0.0877795199417423,0.0552416122205251,0.2683778439048279,0.0807767977954771,0.0663926970180173,0.2963254790008227,0.0952376011846908
293,293.0,0.0493439991828364,0.0864524248670976,0.0545391204285927,0.2717292068851862,0.0829077352614271,0.0647165969658534,0.2966065653225103,0.093704351086496
294,294.0,0.0488816563541936,0.0852012337304708,0.0538861962971677,0.2749841295932506,0.0849588495046381,0.0631586525639829,0.2970145691916713,0.0919147127646246
295,295.0,0.0484692119279041,0.0841264110389444,0.0532735625876291,0.2784974100202694,0.0869066782956711,0.0617015556156143,0.2973461047208072,0.0896790657931601
296,296.0,0.0480727141898381,0.0832241557093098,0.0526670856597677,0.2816386212909103,0.08827983085235,0.0603101034339067,0.2982882015648088,0.0875192872991082
297,297.0,0.047680207013572,0.0826808295972605,0.0520574769016505,0.284517147669084,0.0894407524459007,0.0589761880421104,0.2992795511082483,0.0853678472221731
298,298.0,0.0472936071371496,0.0821276326595815,0.0514491356846316,0.2871813721634787,0.090396906190055,0.057704680524938,0.3004824948840874,0.0833641707560777
299,299.0,0.0469183513960329,0.0818693556919874,0.0508497898916826,0.2896603664343197,0.0911644883489876,0.0565078000026208,0.3016245200181488,0.0814053282162197
300,300.0,0.0465556226815856,0.0814645830321321,0.0502627177706116,0.2920976346161283,0.0916292235642524,0.0553878917368818,0.3031000984007459,0.0795022281976618
301,301.0,0.0462259209104018,0.0810753648360313,0.0497156221959355,0.2939891991705023,0.0919792277414898,0.0543661735883294,0.3046476804594575,0.078000811097852
302,302.0,0.045931923033882,0.0807318536468398,0.0492073540792893,0.2957406194098109,0.0922272544728432,0.053451362979461,0.3061317835218622,0.0765778488560113
303,303.0,0.0456629319096742,0.0804305945408882,0.0487286850535332,0.2970053787753089,0.0923347226198787,0.0526315071241528,0.307926295441088,0.0752798845354757
304,304.0,0.0454071380683303,0.0805328765181208,0.0482690905663286,0.2979351623212304,0.0922996285962455,0.0518884524782138,0.3096288790536943,0.0740387723978359
305,305.0,0.0451644020304684,0.0806183215380528,0.0478295374305432,0.2982705480466666,0.0921342730093096,0.0509567675874546,0.3118838959126056,0.0731422544448989
306,306.0,0.0449419735468417,0.0809417135836816,0.0474182095721918,0.2981129177744723,0.0918870001794208,0.0501069716014022,0.3140107967078672,0.0725804170341221
307,307.0,0.0448381523774341,0.0812059211245292,0.0470205400354875,0.2975559071806029,0.0915243021628108,0.0495732272462372,0.3162331118528347,0.0720488380200633
308,308.0,0.0447463491321627,0.0814299707716999,0.0466489335803563,0.2964302253344725,0.0910681684090989,0.0491053500050306,0.3188194738061141,0.0717515289610647
309,309.0,0.0446704898760091,0.0816491543791082,0.04630632937509,0.2957417758923394,0.0905378028092872,0.0487145531698903,0.3211035628708551,0.0712763316274203
310,310.0,0.0446145116996891,0.0818538247936424,0.0459978147051197,0.2951943466806255,0.0899729699944499,0.0483958091377282,0.3230775986995898,0.070893124289155
311,311.0,0.0445594788513378,0.0821160715051148,0.0457072548283092,0.2945743951236199,0.0893423646394635,0.0481308987085775,0.3250333436809381,0.0705361926626389
312,312.0,0.0445097327671311,0.0823511788946421,0.0454395833928437,0.2938385010991114,0.0886620337297191,0.0479260504141307,0.3268086645734947,0.070464255128927
313,313.0,0.0444664531757831,0.0825617794742894,0.0451951950850148,0.2931202729443111,0.0879431057290554,0.0475449074352054,0.3287560328251636,0.0704122533311769
314,314.0,0.0444231587190272,0.0825992452129006,0.0449670305673235,0.2930695501943003,0.0871947942578342,0.0470725216140718,0.3304493967250035,0.0702243027095386
315,315.0,0.0443819841425029,0.0825809268482335,0.0447572555747855,0.2929827271398125,0.0864406122424282,0.0466452699916664,0.3321758309690559,0.0700353930915148
316,316.0,0.0443348184690384,0.0828157804693372,0.0445594308478515,0.2923998095264912,0.085662492444638,0.046257872962734,0.3341266546561264,0.0698431406237829
317,317.0,0.0442841362588969,0.0830006499310987,0.044373889802852,0.2918089384829798,0.0848711914172877,0.0459079609531613,0.3358846102696937,0.0698686228840296
318,318.0,0.0442295473857674,0.0831352564054569,0.0443018686520893,0.2910856261947766,0.0842961103964907,0.0455937138985359,0.3374820176776661,0.0698758593892168
319,319.0,0.0441773086647069,0.0832330097499255,0.0442467185555449,0.2904102218986943,0.0837259142584854,0.0453231310360611,0.3389647711286964,0.0699189247078852
320,320.0,0.0441226073497924,0.0832680351332934,0.0442003651032073,0.2896028681626537,0.0831589417249172,0.045084970626248,0.3404496799608435,0.0701125319390442
321,321.0,0.0440652335051329,0.0833739574931112,0.0441611348249208,0.2886109138464889,0.0825987111872162,0.0448769819233267,0.3419935687556526,0.0703194984641503
322,322.0,0.0439981987147794,0.0834040060674679,0.0441206296022418,0.2877292836096783,0.0820376958929758,0.0446910297706961,0.3435358070341104,0.0704833493080499
323,323.0,0.0439274925928849,0.0833985051076357,0.0440834917260576,0.2866616001852083,0.0814866224050949,0.044532498722924,0.345300327886415,0.0706094613737793
324,324.0,0.0438575134473167,0.083485729166397,0.0440543848453642,0.2854424685229632,0.0809552700059491,0.0444048187892924,0.3470533027255219,0.0707465124971952
325,325.0,0.0437881802836815,0.0835361688684155,0.0440319721594808,0.2840885321842211,0.0804456046590385,0.0445379855810887,0.3486804286594926,0.0708911276045811
326,326.0,0.0437210123400732,0.0835648120575115,0.0440165846021848,0.2825197567712042,0.0799623782140412,0.0446924229685568,0.3504796547097057,0.0710433783367224
327,327.0,0.0436553337130344,0.0835547757829729,0.0440048873193811,0.2811181324472808,0.0795162372980747,0.0448650744803247,0.3519744553980123,0.0713111035609189
328,328.0,0.0435908474819876,0.0834975670382253,0.0439969976773321,0.2797207369980407,0.0791056220104958,0.0450498460685002,0.353468491765894,0.071569890959524
329,329.0,0.0435247780718806,0.0834036826809603,0.043987797772144,0.2784071995962683,0.078717637627613,0.0452350516443803,0.3549112715275091,0.0718125810792442
330,330.0,0.043458909940462,0.0832795292614188,0.0439782566440278,0.2769833201659326,0.0783533852293021,0.0454183416511972,0.3564889253010891,0.0720393318065701
331,331.0,0.0433946113498353,0.0831312658797321,0.0439703550429387,0.2758084718768962,0.0780141945298677,0.0455981932905275,0.357832140248313,0.0722507677818894
332,332.0,0.0433336125691311,0.0829585828712952,0.0439665127736904,0.2746106507069801,0.0777127088420958,0.0457832676545984,0.3591803546919589,0.07245430989025
333,333.0,0.0432839372327873,0.0829674692037723,0.0440645125316483,0.2738205500969304,0.0774654430712235,0.0459790060120452,0.3603455936085525,0.0720734882430403
334,334.0,0.0432331660730416,0.0829316795732368,0.0442474414278088,0.2732391069992976,0.0772477887619819,0.0461665001188538,0.3612605960693376,0.0716737209764416
335,335.0,0.0431860085497546,0.0826665913571544,0.0444261572520112,0.2727505058521011,0.0770644127303179,0.0463499401762751,0.3622907971077964,0.0712655869745891
336,336.0,0.0431374068206502,0.082392113523638,0.0445937889633576,0.272363351979182,0.0769037892121201,0.0465225898535362,0.3632677919312027,0.070819167716313
337,337.0,0.0430781825432007,0.0820657872278199,0.0447396288037381,0.2723730756789138,0.0767449632823991,0.0466680233990129,0.3640011275395677,0.0703292115253476
338,338.0,0.0430088089611277,0.0816919725295178,0.0448628911400217,0.2724697281793463,0.0765873253648209,0.046785823549159,0.3646833478239711,0.0699101024520353
339,339.0,0.0429329746080548,0.0812970935373263,0.0449662615479148,0.2728337266972029,0.0764334991379752,0.0468790643722224,0.3651977725130933,0.06945960758621
340,340.0,0.0428511636062923,0.0808847418928412,0.0451581570511617,0.2735384727935553,0.0762829299443774,0.0469478697300468,0.3653545736432755,0.0689820913384496
341,341.0,0.042770305807917,0.0804719401344979,0.0453378282045788,0.2743382337314854,0.0761483466469647,0.0470044127012682,0.3654341084404668,0.0684948243328209
342,342.0,0.0426860787288647,0.0801213164428669,0.04549810271526,0.2751185481653264,0.0760248569234813,0.0470449558565233,0.3655099839817502,0.0679961571859269
343,343.0,0.0426028362678978,0.0797572396837605,0.0456422827756508,0.2762325475365293,0.0757233331561315,0.0470777538014573,0.3654703568671154,0.067493649911457
344,344.0,0.0425154567481447,0.0793678444404733,0.0457621368596949,0.2774420973094316,0.0754309882596347,0.0471716072322933,0.3653095901934887,0.0670002789568386
345,345.0,0.0424209090609403,0.0789525803192826,0.0458541937588677,0.2788033420433867,0.0751417393859946,0.047238363164964,0.3650948718791963,0.0664940003873676
346,346.0,0.0423209466408172,0.0787054779571903,0.0459222634254824,0.2798056527751797,0.0748577698749766,0.047281887164814,0.3651212451797599,0.0659847569817795
347,347.0,0.0422150742924129,0.0784332769237154,0.0459635917829678,0.2810586254343339,0.0745788775567232,0.047299472484707,0.3649823878703019,0.0654686936548375
348,348.0,0.0421052906038484,0.0781415120753966,0.0459817509962832,0.2823069510259796,0.0743065610775442,0.0472933977045228,0.3647384419749246,0.0651260945415003
349,349.0,0.0419957885695357,0.0778588047053132,0.0459813281088384,0.2834259931721596,0.0740461551792073,0.0472693899153578,0.36463855298558,0.0647839873640077
350,350.0,0.0418859881109633,0.0775761774016793,0.0459622908023416,0.2843934093187578,0.0737959413472319,0.0471444127674711,0.3646986969836427,0.0645430832679122
351,351.0,0.0417771218961971,0.0773020047283517,0.0459272808818483,0.2851797015503887,0.0735587401569471,0.0470070094624293,0.3649406831726717,0.0643074581511659
352,352.0,0.0417467435580455,0.0770174124657928,0.0458719114310648,0.2860057709393475,0.0733312016692726,0.0468535043991076,0.3651063197865725,0.0640671357507964
353,353.0,0.0417160898760431,0.0767320770848999,0.0458004315704759,0.2866927496571856,0.0731191426174914,0.0466915705954388,0.365422933524672,0.0638250050737931
354,354.0,0.0416848312350264,0.0764468698046934,0.0457142153211359,0.287071880224476,0.0729224000425438,0.0465229531118713,0.3660557387155785,0.0635811115446743
355,355.0,0.0416561412987402,0.0760639458723058,0.0456200570936239,0.2874469957757906,0.0727466214380213,0.0463546962375084,0.3667493370659764,0.0633622052180332
356,356.0,0.041627976127232,0.0755113509393248,0.0455181116265233,0.2875795989976459,0.072584737238783,0.0461841956847597,0.3678466790007005,0.0631473503850304
357,357.0,0.0415944439855223,0.0749506989151269,0.0454014312848612,0.2874983425533451,0.0724290057441272,0.0460036400575146,0.3691975146554385,0.062924922804064
358,358.0,0.0415555233610599,0.0743854593154378,0.045271487134488,0.2871490632470844,0.0722791395588257,0.0458146220800274,0.3707524665442239,0.0627922387588527
359,359.0,0.0415112671622038,0.0738188606781231,0.0451297586477027,0.2869953144768046,0.0721348485437696,0.0456186856568524,0.3721406207288708,0.0626506441056728
360,360.0,0.0414617941928312,0.073253880581177,0.0449777174058603,0.2869404769551697,0.0719958421329752,0.0454173145239848,0.3734532419808863,0.0624997322271153
361,361.0,0.0414091834284135,0.0727065573472896,0.0448187151218869,0.2869408981152199,0.0718637340429497,0.0452138252532679,0.3747058978017341,0.0623411888892383
362,362.0,0.0413559942034778,0.0721836652508503,0.0446564990031855,0.2869680343181721,0.0717429762666754,0.0450142914234013,0.3759012375646197,0.0621773019696178
363,363.0,0.0413004100128193,0.0716732978143913,0.0445649789281889,0.2871189424655483,0.0716311077349668,0.0448177842504466,0.3768873841222209,0.0620060946714177
364,364.0,0.0412428892945209,0.0711868324322456,0.0444713952640228,0.2870381433310291,0.0715254934445587,0.044624804325058,0.3780765298868266,0.061833912021738
365,365.0,0.0411836165818201,0.0707252183444632,0.0443761513210092,0.2869647731175043,0.0714256914689484,0.0444361981005946,0.3792275497500648,0.0616608013155954
366,366.0,0.041120086075052,0.0702744317276152,0.0442752405178928,0.2869524161503474,0.0713285637040632,0.044248299267674,0.3803227585254812,0.061478204031874
367,367.0,0.0410525914339792,0.0698353374466943,0.0441691819807785,0.2870740256387178,0.0712337723281561,0.0440618711446122,0.3811958079049648,0.061377412122097
368,368.0,0.0409835826006937,0.0695038178145026,0.0440606447543784,0.2870381918893507,0.0711452739141056,0.043881869253419,0.382118218046366,0.0612684017271838
369,369.0,0.0409148565351008,0.0692808079157176,0.043952664635212,0.2870543852057844,0.0710631429770591,0.0437092651370074,0.3827831807478709,0.0612416968462476
370,370.0,0.0408452875734913,0.0690711970431505,0.0438458730509779,0.2870958351961645,0.0709834538028094,0.0435425097255506,0.3834039284355437,0.0612119151723119
371,371.0,0.04077513348824,0.0688736149148482,0.0437406417824378,0.286947204856633,0.0709058941161034,0.0433819450601771,0.3841974725748956,0.0611780932066646
372,372.0,0.0407046834140535,0.0686947416881206,0.043636314167495,0.286776261622299,0.0708312478118287,0.0432289006734367,0.384988374042013,0.0611394765807533
373,373.0,0.0406339918418802,0.0685333135576911,0.0435320664617749,0.2866463026650204,0.0707590500002028,0.0430817738478661,0.385724116943759,0.0610893846818052
374,374.0,0.040565671409272,0.0684006893589874,0.0434321499266547,0.286202617573425,0.0708133758165335,0.0429446298145866,0.3866039983443616,0.0610368677561789
375,375.0,0.0404981099405803,0.0682739291355547,0.0433349864249327,0.285654335596619,0.0708704552234268,0.0428156684022777,0.38756245712039,0.0609900581562184
