,Unnamed: 0,Total_iterations,Intertwine_two,Invert_path_vertices,Insert_inside_vertex,Delete_inside_vertex,Replace_inside_vertex,Donate_between_routes,Trim_one_terminal_cb,Grow_one_terminal_cb
0,0.0,0.0,0.125,0.125,0.125,0.125,0.125,0.125,0.125,0.125
1,1.0,0.10900000000000001,0.125,0.125,0.125,0.125,0.125,0.125,0.125,0.125
2,2.0,0.31601,0.125,0.125,0.125,0.125,0.125,0.125,0.125,0.125
3,3.0,0.6191589000000001,0.125,0.125,0.125,0.125,0.125,0.125,0.125,0.125
4,4.0,1.015801321,0.125,0.125,0.125,0.125,0.125,0.125,0.125,0.125
5,5.0,1.50262148669,0.125,0.125,0.125,0.125,0.125,0.125,0.125,0.125
6,6.0,2.0757334209441005,0.125,0.125,0.125,0.125,0.125,0.125,0.125,0.125
7,7.0,2.7307768275633495,0.125,0.125,0.125,0.125,0.125,0.125,0.125,0.125
8,8.0,3.4630081252450404,0.125,0.125,0.125,0.125,0.125,0.125,0.125,0.125
9,9.0,4.2673862119061114,0.125,0.125,0.125,0.125,0.125,0.125,0.125,0.125
10,10.0,5.138652627782014,0.125,0.125,0.125,0.125,0.125,0.125,0.125,0.125
11,11.0,6.071405875792507,0.125,0.125,0.125,0.125,0.125,0.125,0.125,0.125
12,12.0,7.060169740244025,0.125,0.125,0.125,0.125,0.125,0.125,0.125,0.125
13,13.0,8.099455520847952,0.125,0.125,0.125,0.125,0.125,0.125,0.125,0.125
14,14.0,9.183818168183006,0.125,0.125,0.125,0.125,0.125,0.125,0.125,0.125
15,15.0,10.307906369102724,0.125,0.125,0.125,0.125,0.125,0.125,0.125,0.125
16,16.0,11.466506686239443,0.125,0.125,0.125,0.125,0.125,0.125,0.125,0.125
17,17.0,12.654581904800096,0.125,0.125,0.125,0.125,0.125,0.125,0.125,0.125
18,18.0,13.867303782456686,0.125,0.125,0.125,0.125,0.125,0.125,0.125,0.125
19,19.0,15.100080434523047,0.125,0.125,0.125,0.125,0.125,0.125,0.125,0.125
20,20.0,16.348578617037543,0.125,0.125,0.125,0.125,0.125,0.125,0.125,0.125
21,21.0,17.608741195130214,0.125,0.125,0.125,0.125,0.125,0.125,0.125,0.125
22,22.0,18.876800103462312,0.125,0.125,0.125,0.125,0.125,0.125,0.125,0.125
23,23.0,20.14928511992658,0.125,0.125,0.125,0.125,0.125,0.125,0.125,0.125
24,24.0,21.423028783545156,0.125,0.125,0.125,0.125,0.125,0.125,0.125,0.125
25,25.0,22.695167792966423,0.125,0.125,0.125,0.125,0.125,0.125,0.125,0.125
26,26.0,23.963141223515898,0.125,0.125,0.125,0.125,0.125,0.125,0.125,0.125
27,27.0,25.224685898775267,0.125,0.125,0.125,0.125,0.125,0.125,0.125,0.125
28,28.0,26.477829247520948,0.125,0.125,0.125,0.125,0.125,0.125,0.125,0.125
29,29.0,27.720879968916847,0.125,0.125,0.125,0.125,0.125,0.125,0.125,0.125
30,30.0,28.95241681848399,0.125,0.125,0.125,0.125,0.125,0.125,0.125,0.125
31,31.0,30.17127581490958,0.125,0.125,0.125,0.125,0.125,0.125,0.125,0.125
32,32.0,31.376536153543515,0.125,0.125,0.125,0.125,0.125,0.125,0.125,0.125
33,33.0,32.567505096778625,0.125,0.125,0.125,0.125,0.125,0.125,0.125,0.125
34,34.0,33.74370209472243,0.125,0.125,0.125,0.125,0.125,0.125,0.125,0.125
35,35.0,34.90484237192463,0.125,0.125,0.125,0.125,0.125,0.125,0.125,0.125
36,36.0,36.05082019768737,0.125,0.125,0.125,0.125,0.125,0.125,0.125,0.125
37,37.0,37.18169203889697,0.125,0.125,0.125,0.125,0.125,0.125,0.125,0.125
38,38.0,38.29765977559663,0.125,0.125,0.125,0.125,0.125,0.125,0.125,0.125
39,39.0,39.399054140870355,0.125,0.125,0.125,0.125,0.125,0.125,0.125,0.125
40,40.0,40.48631852820801,0.125,0.125,0.125,0.125,0.125,0.125,0.125,0.125
41,41.0,41.55999329152982,0.125,0.125,0.125,0.125,0.125,0.125,0.125,0.125
42,42.0,42.62070064560415,0.125,0.125,0.125,0.125,0.125,0.125,0.125,0.125
43,43.0,43.669130257815,0.125,0.125,0.125,0.125,0.125,0.125,0.125,0.125
44,44.0,44.70602560622662,0.125,0.125,0.125,0.125,0.125,0.125,0.125,0.125
45,45.0,45.73217116373481,0.125,0.125,0.125,0.125,0.125,0.125,0.125,0.125
46,46.0,46.748380453854836,0.125,0.125,0.125,0.125,0.125,0.125,0.125,0.125
47,47.0,47.755485010424316,0.125,0.125,0.125,0.125,0.125,0.125,0.125,0.125
48,48.0,48.7543242612326,0.125,0.125,0.125,0.125,0.125,0.125,0.125,0.125
49,49.0,49.745736344347726,0.125,0.125,0.125,0.125,0.125,0.125,0.125,0.125
50,50.0,50.730549855707864,0.125,0.125,0.125,0.125,0.125,0.125,0.125,0.125
51,51.0,51.70957651737491,0.125,0.125,0.125,0.125,0.125,0.125,0.125,0.125
52,52.0,52.68360474770151,0.125,0.125,0.125,0.125,0.125,0.125,0.125,0.125
53,53.0,53.65339410751842,0.125,0.125,0.125,0.125,0.125,0.125,0.125,0.125
54,54.0,54.61967059027847,0.125,0.125,0.125,0.125,0.125,0.125,0.125,0.125
55,55.0,55.58312271885972,0.125,0.125,0.125,0.125,0.125,0.125,0.125,0.125
56,56.0,56.544398407394254,0.125,0.125,0.125,0.125,0.125,0.125,0.125,0.125
57,57.0,57.504102543001395,0.125,0.125,0.125,0.125,0.125,0.125,0.125,0.125
58,58.0,58.462795239617805,0.125,0.125,0.125,0.125,0.125,0.125,0.125,0.125
59,59.0,59.42099071417639,0.125,0.125,0.125,0.125,0.125,0.125,0.125,0.125
60,60.0,60.379156734137354,0.125,0.125,0.125,0.125,0.125,0.125,0.125,0.125
61,61.0,61.337714584760846,0.125,0.125,0.125,0.125,0.125,0.125,0.125,0.125
62,62.0,62.29703950447439,0.125,0.125,0.125,0.125,0.125,0.125,0.125,0.125
63,63.0,63.257461537171835,0.125,0.125,0.125,0.125,0.125,0.125,0.125,0.125
64,64.0,64.21926675122782,0.125,0.125,0.125,0.125,0.125,0.125,0.125,0.125
65,65.0,65.18269877636592,0.125,0.125,0.125,0.125,0.125,0.125,0.125,0.125
66,66.0,66.14796061122655,0.125,0.125,0.125,0.125,0.125,0.125,0.125,0.125
67,67.0,67.11521665648885,0.125,0.125,0.125,0.125,0.125,0.125,0.125,0.125
68,68.0,68.08459493066005,0.125,0.125,0.125,0.125,0.125,0.125,0.125,0.125
69,69.0,69.05618942810752,0.125,0.125,0.125,0.125,0.125,0.125,0.125,0.125
70,70.0,70.03006258152917,0.125,0.125,0.125,0.125,0.125,0.125,0.125,0.125
71,71.0,71.00624779379335,0.125,0.125,0.125,0.125,0.125,0.125,0.125,0.125
72,72.0,71.98475200689319,0.125,0.125,0.125,0.125,0.125,0.125,0.125,0.125
73,73.0,72.96555827861411,0.125,0.125,0.125,0.125,0.125,0.125,0.125,0.125
74,74.0,73.94862834037681,0.125,0.125,0.125,0.125,0.125,0.125,0.125,0.125
75,75.0,74.93390511255946,0.125,0.125,0.125,0.125,0.125,0.125,0.125,0.125
76,76.0,75.92131515639825,0.125,0.125,0.125,0.125,0.125,0.125,0.125,0.125
77,77.0,76.92077104428918,0.125,0.125,0.125,0.125,0.125,0.125,0.125,0.125
78,78.0,77.92207363294813,0.125,0.125,0.125,0.125,0.125,0.125,0.125,0.125
79,79.0,78.9250252264117,0.125,0.125,0.125,0.125,0.125,0.125,0.125,0.125
80,80.0,79.9394314082648,0.125,0.125,0.125,0.125,0.125,0.125,0.125,0.125
81,81.0,80.95500265784993,0.125,0.125,0.125,0.125,0.125,0.125,0.125,0.125
82,82.0,81.97146675589806,0.125,0.125,0.125,0.125,0.125,0.125,0.125,0.125
83,83.0,82.98856977658238,0.125,0.125,0.125,0.125,0.125,0.125,0.125,0.125
84,84.0,84.00607679743246,0.125,0.125,0.125,0.125,0.125,0.125,0.125,0.125
85,85.0,85.02377234822319,0.125,0.125,0.125,0.125,0.125,0.125,0.125,0.125
86,86.0,86.04146062045263,0.125,0.125,0.125,0.125,0.125,0.125,0.125,0.125
87,87.0,87.0589654592546,0.125,0.125,0.125,0.125,0.125,0.125,0.125,0.125
88,88.0,88.07613015958381,0.125,0.125,0.125,0.125,0.125,0.125,0.125,0.125
89,89.0,89.09281708828428,0.125,0.125,0.125,0.125,0.125,0.125,0.125,0.125
90,90.0,90.10890715323185,0.125,0.125,0.125,0.125,0.125,0.125,0.125,0.125
91,91.0,91.12429914015236,0.125,0.125,0.125,0.125,0.125,0.125,0.125,0.125
92,92.0,92.13890893697929,0.125,0.125,0.125,0.125,0.125,0.125,0.125,0.125
93,93.0,93.16266866475374,0.125,0.125,0.125,0.125,0.125,0.125,0.125,0.125
94,94.0,94.18542573310319,0.125,0.125,0.125,0.125,0.125,0.125,0.125,0.125
95,95.0,95.20705283728667,0.125,0.125,0.125,0.125,0.125,0.125,0.125,0.125
96,96.0,96.22744670267893,0.125,0.125,0.125,0.125,0.125,0.125,0.125,0.125
97,97.0,97.2465267145052,0.125,0.125,0.125,0.125,0.125,0.125,0.125,0.125
98,98.0,98.26423345800377,0.125,0.125,0.125,0.125,0.125,0.125,0.125,0.125
99,99.0,99.28052719257244,0.125,0.125,0.125,0.125,0.125,0.125,0.125,0.125
100,100.0,100.29538628175852,0.125,0.125,0.125,0.125,0.125,0.125,0.125,0.125
101,101.0,101.30880559920843,0.125,0.125,0.125,0.125,0.125,0.125,0.125,0.125
102,102.0,102.32079492892125,0.125,0.125,0.125,0.125,0.125,0.125,0.125,0.125
103,103.0,103.33137737637357,0.125,0.125,0.125,0.125,0.125,0.125,0.125,0.125
104,104.0,104.34058780531691,0.125,0.125,0.125,0.125,0.125,0.125,0.125,0.125
105,105.0,105.34847131331276,0.125,0.125,0.125,0.125,0.125,0.125,0.125,0.125
106,106.0,106.3550817573759,0.125,0.125,0.125,0.125,0.125,0.125,0.125,0.125
107,107.0,107.36048033945897,0.125,0.125,0.125,0.125,0.125,0.125,0.125,0.125
108,108.0,108.36473425993914,0.125,0.125,0.125,0.125,0.125,0.125,0.125,0.125
109,109.0,109.3679154457719,0.125,0.125,0.125,0.125,0.125,0.125,0.125,0.125
110,110.0,110.37009935856368,0.125,0.125,0.125,0.125,0.125,0.125,0.125,0.125
111,111.0,111.37136388649063,0.125,0.125,0.125,0.125,0.125,0.125,0.125,0.125
112,112.0,112.37178832276,0.125,0.125,0.125,0.125,0.125,0.125,0.125,0.125
113,113.0,113.37145243217482,0.125,0.125,0.125,0.125,0.125,0.125,0.125,0.125
114,114.0,114.37043560632642,0.125,0.125,0.125,0.125,0.125,0.125,0.125,0.125
115,115.0,115.36881610699959,0.125,0.125,0.125,0.125,0.125,0.125,0.125,0.125
116,116.0,116.36667039653544,0.125,0.125,0.125,0.125,0.125,0.125,0.125,0.125
117,117.0,117.36407255315237,0.125,0.125,0.125,0.125,0.125,0.125,0.125,0.125
118,118.0,118.36109376857607,0.125,0.125,0.125,0.125,0.125,0.125,0.125,0.125
119,119.0,119.35780192477165,0.125,0.125,0.125,0.125,0.125,0.125,0.125,0.125
120,120.0,120.35426124609994,0.125,0.125,0.125,0.125,0.125,0.125,0.125,0.125
121,121.0,121.3505320228344,0.125,0.125,0.125,0.125,0.125,0.125,0.125,0.125
122,122.0,122.34667040166708,0.125,0.125,0.125,0.125,0.125,0.125,0.125,0.125
123,123.0,123.34272823859982,0.125,0.125,0.125,0.125,0.125,0.125,0.125,0.125
124,124.0,124.33875300945328,0.125,0.125,0.125,0.125,0.125,0.125,0.125,0.125
125,125.0,125.33478777312688,0.125,0.125,0.125,0.125,0.125,0.125,0.125,0.125
126,126.0,126.33087118270183,0.125,0.125,0.125,0.125,0.125,0.125,0.125,0.125
127,127.0,127.32703753949228,0.125,0.125,0.125,0.125,0.125,0.125,0.125,0.125
128,128.0,128.32331688520875,0.125,0.125,0.125,0.125,0.125,0.125,0.125,0.125
129,129.0,129.3197351275015,0.125,0.125,0.125,0.125,0.125,0.125,0.125,0.125
130,130.0,130.31631419428996,0.125,0.125,0.125,0.125,0.125,0.125,0.125,0.125
131,131.0,131.3130722124567,0.125,0.125,0.125,0.125,0.125,0.125,0.125,0.125
132,132.0,132.31002370668216,0.125,0.125,0.125,0.125,0.125,0.125,0.125,0.125
133,133.0,133.30717981441825,0.125,0.125,0.125,0.125,0.125,0.125,0.125,0.125
134,134.0,134.30454851323654,0.125,0.125,0.125,0.125,0.125,0.125,0.125,0.125
135,135.0,135.30213485704064,0.125,0.125,0.125,0.125,0.125,0.125,0.125,0.125
136,136.0,136.29994121789395,0.125,0.125,0.125,0.125,0.125,0.125,0.125,0.125
137,137.0,137.297967530483,0.125,0.125,0.125,0.125,0.125,0.125,0.125,0.125
138,138.0,138.2962115365083,0.125,0.125,0.125,0.125,0.125,0.125,0.125,0.125
139,139.0,139.294669026566,0.125,0.125,0.125,0.125,0.125,0.125,0.125,0.125
140,140.0,140.29333407735226,0.125,0.125,0.125,0.125,0.125,0.125,0.125,0.125
141,141.0,141.29219928228636,0.125,0.125,0.125,0.125,0.125,0.125,0.125,0.125
142,142.0,142.29125597390419,0.125,0.125,0.125,0.125,0.125,0.125,0.125,0.125
143,143.0,143.2904944366212,0.125,0.125,0.125,0.125,0.125,0.125,0.125,0.125
144,144.0,144.2899041087003,0.125,0.125,0.125,0.125,0.125,0.125,0.125,0.125
145,145.0,145.2894737724845,0.125,0.125,0.125,0.125,0.125,0.125,0.125,0.125
146,146.0,146.28919173216545,0.125,0.125,0.125,0.125,0.125,0.125,0.125,0.125
147,147.0,147.28904597855663,0.125,0.125,0.125,0.125,0.125,0.125,0.125,0.125
148,148.0,148.28902434052313,0.125,0.125,0.125,0.125,0.125,0.125,0.125,0.125
149,149.0,149.28911462288775,0.125,0.125,0.125,0.125,0.125,0.125,0.125,0.125
150,150.0,150.28930473078702,0.125,0.125,0.125,0.125,0.125,0.125,0.125,0.125
151,151.0,151.2895827805885,0.125,0.125,0.125,0.125,0.125,0.125,0.125,0.125
152,152.0,152.28993719760393,0.125,0.125,0.125,0.125,0.125,0.125,0.125,0.125
153,153.0,153.29035680094182,0.125,0.125,0.125,0.125,0.125,0.125,0.125,0.125
154,154.0,154.29083087593648,0.125,0.125,0.125,0.125,0.125,0.125,0.125,0.125
155,155.0,155.2913492346723,0.125,0.125,0.125,0.125,0.125,0.125,0.125,0.125
156,156.0,156.29190226518782,0.125,0.125,0.125,0.125,0.125,0.125,0.125,0.125
157,157.0,157.2924809699999,0.125,0.125,0.125,0.125,0.125,0.125,0.125,0.125
158,158.0,158.2930769946308,0.125,0.125,0.125,0.125,0.125,0.125,0.125,0.125
159,159.0,159.29368264685232,0.125,0.125,0.125,0.125,0.125,0.125,0.125,0.125
160,160.0,160.29429090738316,0.125,0.125,0.125,0.125,0.125,0.125,0.125,0.125
161,161.0,161.29489543278706,0.125,0.125,0.125,0.125,0.125,0.125,0.125,0.125
162,162.0,162.2954905513227,0.125,0.125,0.125,0.125,0.125,0.125,0.125,0.125
163,163.0,163.29607125249157,0.125,0.125,0.125,0.125,0.125,0.125,0.125,0.125
164,164.0,164.2966331710186,0.125,0.125,0.125,0.125,0.125,0.125,0.125,0.125
165,165.0,165.29717256598278,0.125,0.125,0.125,0.125,0.125,0.125,0.125,0.125
166,166.0,166.2976862957907,0.125,0.125,0.125,0.125,0.125,0.125,0.125,0.125
167,167.0,167.2981717896599,0.125,0.125,0.125,0.125,0.125,0.125,0.125,0.125
168,168.0,168.2986270162456,0.125,0.125,0.125,0.125,0.125,0.125,0.125,0.125
169,169.0,169.29905045001027,0.125,0.125,0.125,0.125,0.125,0.125,0.125,0.125
170,170.0,170.29944103589838,0.125,0.125,0.125,0.125,0.125,0.125,0.125,0.125
171,171.0,171.2997981528387,0.125,0.125,0.125,0.125,0.125,0.125,0.125,0.125
172,172.0,172.30012157655656,0.125,0.125,0.125,0.125,0.125,0.125,0.125,0.125
173,173.0,173.30041144213712,0.125,0.125,0.125,0.125,0.125,0.125,0.125,0.125
174,174.0,174.30066820673824,0.125,0.125,0.125,0.125,0.125,0.125,0.125,0.125
175,175.0,175.30089261281188,0.125,0.125,0.125,0.125,0.125,0.125,0.125,0.125
176,176.0,176.30108565215002,0.125,0.125,0.125,0.125,0.125,0.125,0.125,0.125
177,177.0,177.30124853103283,0.125,0.125,0.125,0.125,0.125,0.125,0.125,0.125
178,178.0,178.30138263671705,0.125,0.125,0.125,0.125,0.125,0.125,0.125,0.125
179,179.0,179.30148950546567,0.125,0.125,0.125,0.125,0.125,0.125,0.125,0.125
180,180.0,180.30157079228476,0.125,0.125,0.125,0.125,0.125,0.125,0.125,0.125
181,181.0,181.3016282424991,0.125,0.125,0.125,0.125,0.125,0.125,0.125,0.125
182,182.0,182.30166366526703,0.125,0.125,0.125,0.125,0.125,0.125,0.125,0.125
183,183.0,183.30167890910548,0.125,0.125,0.125,0.125,0.125,0.125,0.125,0.125
184,184.0,184.30167583946903,0.125,0.125,0.125,0.125,0.125,0.125,0.125,0.125
185,185.0,185.30165631840154,0.125,0.125,0.125,0.125,0.125,0.125,0.125,0.125
186,186.0,186.3016221862568,0.125,0.125,0.125,0.125,0.125,0.125,0.125,0.125
187,187.0,187.30157524546394,0.125,0.125,0.125,0.125,0.125,0.125,0.125,0.125
188,188.0,188.30151724629576,0.125,0.125,0.125,0.125,0.125,0.125,0.125,0.125
189,189.0,189.30144987458144,0.125,0.125,0.125,0.125,0.125,0.125,0.125,0.125
190,190.0,190.30137474129273,0.125,0.125,0.125,0.125,0.125,0.125,0.125,0.125
191,191.0,191.30129337391995,0.125,0.125,0.125,0.125,0.125,0.125,0.125,0.125
192,192.0,192.30120720954523,0.125,0.125,0.125,0.125,0.125,0.125,0.125,0.125
193,193.0,193.30111758951256,0.125,0.125,0.125,0.125,0.125,0.125,0.125,0.125
194,194.0,194.30102575558803,0.125,0.125,0.125,0.125,0.125,0.125,0.125,0.125
195,195.0,195.30093284750006,0.125,0.125,0.125,0.125,0.125,0.125,0.125,0.125
196,196.0,196.3008399017459,0.125,0.125,0.125,0.125,0.125,0.125,0.125,0.125
197,197.0,197.30074785154972,0.125,0.125,0.125,0.125,0.125,0.125,0.125,0.125
198,198.0,198.30065752785765,0.125,0.125,0.125,0.125,0.125,0.125,0.125,0.125
199,199.0,199.3005696612562,0.125,0.125,0.125,0.125,0.125,0.125,0.125,0.125
200,200.0,200.3004848847023,0.12472222222222223,0.12472222222222223,0.12472222222222223,0.12583333333333335,0.12472222222222223,0.12472222222222223,0.12583333333333335,0.12472222222222223
201,201.0,201.3004037369568,0.12405833333333334,0.12405833333333334,0.12405833333333334,0.12738055555555555,0.12405833333333334,0.12516944444444444,0.12715833333333335,0.12405833333333334
202,202.0,202.3003266666163,0.12429247222222223,0.12329247222222223,0.12329247222222223,0.12868258333333332,0.12329247222222223,0.12550358333333334,0.12835147222222223,0.12329247222222223
203,203.0,203.30025403664368,0.12421936340909091,0.12313845431818182,0.12322936340909091,0.1305266734090909,0.12222936340909091,0.12540836340909092,0.12901905522727275,0.12222936340909091
204,204.0,204.3001861293019,0.12398561426742424,0.12275784760075759,0.1237569385098485,0.13206442107651517,0.12102451426742425,0.12514282426742426,0.12933423483409093,0.12193360517651515
205,205.0,205.30012315140127,0.1234808772927434,0.12205244724379236,0.12464329316453829,0.13318839467707674,0.12068650940385452,0.12459790419274343,0.13004184239917466,0.12130873162607674
206,206.0,206.30006523977667,0.12273120750700547,0.12105844273646602,0.12516127106380534,0.1348999134776379,0.12001484219700548,0.12370999025709639,0.13196833904882654,0.12045599371215698
207,207.0,207.30001246691677,0.1219241060446847,0.12001959624384964,0.12559694235861155,0.1372180128650982,0.1193051067087847,0.12268383274750805,0.13369018662570895,0.1195622164057544
208,208.0,208.2999648466737,0.12107746634214184,0.11895485968347766,0.12589415768643158,0.13931701229505156,0.11857228637629083,0.12161577866872945,0.13598802083871928,0.11858041810915797
209,209.0,209.2999223399882,0.12015883682555273,0.1177849785852385,0.12592642785332325,0.1427033262744437,0.11778114609240432,0.11964249309026231,0.1385156969165469,0.1174870943622285
210,210.0,210.29988486057138,0.11902629996318506,0.1175278316595667,0.12564916765295345,0.14542510501928163,0.11678712644680049,0.11746592920955733,0.14120144963842748,0.11691709041022805
211,211.0,211.2998522804905,0.11789645464212316,0.11727859974234507,0.12528117598412528,0.147880924924913,0.11580433835598988,0.11531206327952812,0.14422990319002635,0.11631653988094931
212,212.0,212.29982443561283,0.11666995434445361,0.11681749672379621,0.12472556538749704,0.15096391844744403,0.11473111072840783,0.11308978834741394,0.14741730360645042,0.11558486241453705
213,213.0,213.2998011308668,0.1154109087151989,0.11722159079771424,0.1240819212414942,0.1536979848140236,0.11353848984748323,0.11087034720712947,0.15036100251790857,0.11481775485904791
214,214.0,214.2997821452867,0.1150351627438101,0.11748213949593153,0.12335639243342329,0.15666072955251692,0.11232306852008686,0.10866655998180366,0.1530468421766919,0.11342910509573592
215,215.0,215.29976723681176,0.11468910054928876,0.11774184849411022,0.12191421475559919,0.15985871857858527,0.11114841944739595,0.10654803759545001,0.15602615652859234,0.11207350405097843
216,216.0,216.29975614681618,0.11433171970785069,0.11791504333756306,0.12035848553569012,0.16319254492443175,0.10998071722662423,0.10448594411999215,0.15901583695252325,0.11071970819532494
217,217.0,217.29974860435198,0.1139947769761933,0.11862466516515474,0.11877021938728634,0.1662739166255798,0.10885799527837878,0.10252230868268641,0.16154799183270793,0.10940812605201289
218,218.0,218.2997443300907,0.1149378739395639,0.1185719274996925,0.11714428867689163,0.16856791329616175,0.10784199012232737,0.1007219291615286,0.1638416438589767,0.10837243344485772
219,219.0,219.29974303995465,0.1158732876509537,0.1184833056592641,0.11500818074329244,0.17106510023285793,0.10686484390026266,0.09901913752956701,0.1663585078572152,0.10732763642658713
220,220.0,220.29974444843265,0.11662226769603978,0.11879566530635649,0.11281747380826418,0.1736312573291333,0.1058746371291613,0.09736339786235634,0.1681668220358483,0.1067284788328405
221,221.0,221.2997482715785,0.11707819523312986,0.1189875304035992,0.11059186878444666,0.17561845739833976,0.10575459101916966,0.09572948453853436,0.1701898268531194,0.10605004576966132
222,222.0,222.29975422969397,0.1176025883707483,0.11833307661537315,0.10853024730041629,0.17788677553880827,0.10486475300746323,0.09430468982645969,0.17299727595991532,0.10548059338081595
223,223.0,223.299762049701,0.11801080134336282,0.11847819782127694,0.10646427194293138,0.18003824223031326,0.10393662720840911,0.09290979453797513,0.17531953006845136,0.10484253484728022
224,224.0,224.2997714672103,0.11839218821956583,0.11860512167347492,0.10449685603473043,0.1822266643144724,0.10306514184055081,0.09163757586542465,0.17784552250110447,0.1037309295506767
225,225.0,225.29978222829655,0.11869244313706187,0.11766441385830456,0.10255540342071057,0.18425561825507175,0.10220017311127272,0.09043531373076577,0.18068659527390166,0.1035100392129113
226,226.0,226.29979409099124,0.11894255963158745,0.11669525669629806,0.10070893097610834,0.18660248837194626,0.10137560193305038,0.08933391799059671,0.1830407585382926,0.1033004858621204
227,227.0,227.29980682650654,0.11929405837732843,0.11508996392136239,0.09781986684655766,0.1877298491684823,0.09997541149016376,0.08824040897994719,0.18825660387069892,0.10359383734545957
228,228.0,228.29982022020528,0.12006664572103798,0.11369310372394043,0.0948388941221968,0.18808662756557915,0.09833925710757219,0.08700878218579332,0.19298074466458492,0.10498594490929544
229,229.0,229.29983407233206,0.1206899400088208,0.11211670542757086,0.09189810283272541,0.1880165773752283,0.0966683679842289,0.08575812978411891,0.19783749819929322,0.10701467838801382
230,230.0,230.29984819852285,0.12052165358740771,0.1105984478640732,0.08914112950079602,0.1877713287113248,0.09510117323868927,0.08541176695359885,0.2023947109900698,0.10905978915404055
231,231.0,231.29986243010933,0.12027729345051157,0.10992339123539997,0.08695430303894075,0.18664292241906186,0.09358533374689974,0.08513277903938662,0.20663347117575848,0.11085050589404119
232,232.0,232.2998766142361,0.1185610450597493,0.10944900959396425,0.08507810031452451,0.18615610274499467,0.09430076444286048,0.08462607153241189,0.2100228879229235,0.11180601838857156
233,233.0,233.2998906138078,0.11674407430275151,0.10810164232064146,0.08329152172539175,0.18617188636456886,0.09491490767008225,0.08412305129211022,0.21319350414353527,0.11345941218091883
234,234.0,234.29990430728427,0.11471958408867265,0.10734377586306774,0.08146843160886644,0.18600910993147934,0.09530277231418831,0.08343839570423323,0.2163657838083331,0.11535214668115931
235,235.0,235.29991758834024,0.11182401490218458,0.10759239286397729,0.07981857989810025,0.18537924195472194,0.09564277033809124,0.08285109995478161,0.21934087686359982,0.11755102322454335
236,236.0,236.2999303654072,0.10890736786662299,0.10773875544785386,0.07827189698567301,0.18447838368176434,0.09595379239136863,0.08227305673345545,0.2223479918963306,0.12002875499693125
237,237.0,237.29994256111343,0.10595439245011329,0.10816044978703446,0.07678700803373756,0.18395919233903435,0.09685576773007938,0.08161497738489884,0.22434079594069842,0.1223274163344038
238,238.0,238.29995411163787,0.10299986665264933,0.1084342252283018,0.07537419794349799,0.18314505376271162,0.09826553001336033,0.0819192521992448,0.22571159149408612,0.12415028270614815
239,239.0,239.2999649659935,0.10019171356347889,0.10905556849042206,0.07417527638953152,0.1820505390647715,0.09980286613942213,0.08226767648397036,0.22737016257986414,0.12508619728853954
240,240.0,240.29997508525364,0.09794509116739276,0.10942423842537369,0.07299533523625668,0.18114564318117624,0.10041762228504122,0.08249851885469635,0.2291999531615664,0.1263735976884968
241,241.0,241.2999844417352,0.09573022637986116,0.10971638209424835,0.07240336055612581,0.17986889575467382,0.10090711902771399,0.08321884570569495,0.23097817516204994,0.12717699531963214
242,242.0,242.29999301815127,0.09361835982045803,0.10959193877694864,0.0724538998763366,0.1786851387078192,0.10093239467400203,0.08386309004644707,0.23329038253839282,0.1275647955595957
243,243.0,243.30000080674424,0.09155153811164439,0.10925015296005834,0.07248377741684373,0.1771056460803037,0.10147593386184825,0.08435076194827013,0.23539239071003376,0.1283897989109978
244,244.0,244.30000780841044,0.08908813488745967,0.10878453629011943,0.07263074658915672,0.1759801849362573,0.1018891851051083,0.08529856716083882,0.23725943742290634,0.12906920760815352
245,245.0,245.30001403182592,0.08671775209179294,0.1081697031467657,0.07277769853240015,0.17434268431855715,0.1020790851231862,0.08611240780490537,0.24023185526531277,0.12956881371707982
246,246.0,246.30001949258158,0.08497282073990071,0.10747387365825387,0.07240256361979049,0.17244107639650513,0.10215869140798516,0.08737857122933296,0.2432841504627683,0.12988825248546348
247,247.0,247.30002421233587,0.08334323969223902,0.10723547274080247,0.07204325448937515,0.17066480028441267,0.10215659359118082,0.08859363836514866,0.245913008762021,0.13004999207482032
248,248.0,248.3000282179914,0.08226083030270807,0.10693332833557481,0.07167388891295425,0.16891709254404016,0.10205349818040275,0.08996693301611342,0.24786518249869705,0.13032924620950959
249,249.0,249.30003154090147,0.08127524268037961,0.10659891377527987,0.07163365990101625,0.16723975059308713,0.10188293282508631,0.09126222815227464,0.24963477408037918,0.13047249799249713
250,250.0,250.3000342161115,0.08080715841364254,0.10624819730484691,0.07160310987692141,0.16547956619252252,0.10133494013106059,0.09247847364117406,0.2512446767637438,0.13080387767608825
251,251.0,251.30003628163942,0.08041082735915758,0.10587412751649347,0.07157414491978858,0.1635898242189834,0.10073641367484167,0.09360473271785044,0.2532029171502545,0.1310070124426304
252,252.0,252.30003777779814,0.0801084633427455,0.10543758167219329,0.07154155806705365,0.16188053141577807,0.10009381793371218,0.09452719543653909,0.2550772740338778,0.13133357809810048
253,253.0,253.30003874656302,0.07983087415594271,0.10491524082262012,0.07147324049730008,0.16048465847073365,0.0993859358795233,0.09551631221893825,0.2570960159409159,0.13129772201402606
254,254.0,254.3000392309858,0.07959520324314905,0.10433670545496349,0.07139036191348845,0.1592020959385754,0.09891428799068354,0.09637335765071407,0.2590404754861521,0.13114751232227395
255,255.0,255.3000392746564,0.07944988242681264,0.10402191517080779,0.07131912188038941,0.15807621552384804,0.09843423762584984,0.09711329863537697,0.2606789812312703,0.13090634750564498
256,256.0,256.3000389212134,0.07941916539456072,0.10334669799960959,0.0713037067083325,0.15709739402555395,0.0979896621633596,0.09765085937393088,0.2623351276781487,0.13085738665650407
257,257.0,257.3000382139026,0.07940057357730114,0.10266682097539559,0.07101065983364602,0.15680871247107844,0.09751658953305219,0.09804038500340305,0.2640416904762223,0.13051456812990128
258,258.0,258.3000371951838,0.07840816057843854,0.10300984994923648,0.07071667058707001,0.15649047666802882,0.09703175376447946,0.09805678349676188,0.2661807357017835,0.13010556925420128
259,259.0,259.30003590638506,0.07748572273206747,0.10312743201513605,0.07043875831460378,0.15641199988706012,0.09655516474549827,0.09797475265825595,0.268362844885638,0.1296433247617403
260,260.0,260.3000343874023,0.07663055125173918,0.10348488019441958,0.07017283046169129,0.15625383343262547,0.09608549971146957,0.09779865218182739,0.2704461434480711,0.1291276093181563
261,261.0,261.30003267644383,0.07544475935290612,0.10363888723931294,0.0698528289213796,0.1570184669487096,0.09520210111356883,0.09745880342482598,0.27289595393490496,0.1284881990643918
262,262.0,262.30003080981675,0.0743159818842414,0.10376721917293118,0.06954281953511407,0.15842597443525944,0.09434437859382909,0.09661995136050244,0.2754215695564673,0.1275621054616549
263,263.0,263.3000288217542,0.07323350686203853,0.10385371290851342,0.06923399876371189,0.16065003138505787,0.09350784786102205,0.09509882804952455,0.2778018186139962,0.1266202555561353
264,264.0,264.3000267442804,0.07218010601055337,0.10387716389205254,0.06890632103266667,0.16316173893420838,0.09244358984409935,0.09373457621386727,0.2800079494926706,0.1256885545798816
265,265.0,265.30002460711114,0.0711560894296785,0.10383526814263512,0.0685527501372469,0.16662172232057793,0.09076281213728554,0.09259984398522958,0.28147610174047566,0.12499541210687053
266,266.0,266.30002243758776,0.07018982147586365,0.10378673647362802,0.06820057720285626,0.17017403973304743,0.08912833133698897,0.09144631333792594,0.2827886359969617,0.12428554444272787
267,267.0,267.3000202606408,0.06928306377191157,0.10369965898347541,0.0678559933519505,0.17373241150044358,0.08755051622392897,0.09050617055454249,0.2837885837569224,0.12358360185682495
268,268.0,268.3000180987821,0.06843728256879215,0.10379833508818531,0.06752041718457712,0.1770912312535089,0.08603859202136958,0.08955573308476832,0.28488621050113944,0.12267219829765902
269,269.0,269.30001597212146,0.06767220546836468,0.1038589003588675,0.06720127719088342,0.18017602111301062,0.08482072157412533,0.08860453549757687,0.2859025178988744,0.12176382089829706
270,270.0,270.3000138984057,0.06670556890629212,0.10391886536946875,0.06690371399326653,0.18361318515922634,0.08323238792328999,0.0878956383613905,0.2868564813114711,0.12087415897559448
271,271.0,271.30001189307745,0.0657712356999993,0.10406242661310874,0.0665751733806891,0.18654707107209365,0.08168848765052589,0.08795890526879757,0.2874329026226955,0.11996379769209008
272,272.0,272.30000996935127,0.064889560850455,0.10413456425768304,0.06623601816627862,0.18957707729110634,0.08020692570053867,0.08775870762561797,0.28814737558774856,0.11904977052057163
273,273.0,273.3000081383042,0.06406790871246063,0.10414549964000186,0.06589834133495558,0.19220082810543168,0.07879991221527591,0.08753833760030902,0.289188653592835,0.11816051879873013
274,274.0,274.30000640897873,0.06302438847219326,0.10406491861117433,0.0655549628978013,0.19536121898925835,0.07746548954323068,0.08726548627375134,0.28998597718427366,0.11727755802831691
275,275.0,275.30000478849604,0.0620309112464994,0.10436368404255875,0.06519142029723979,0.19838513543820008,0.07619620195826517,0.08692798474009476,0.29051010682374395,0.11639455545339798
276,276.0,276.3000032821767,0.06109115575964251,0.10481033449747618,0.06481151668300442,0.20172344582151042,0.07499653873074204,0.08653209689372143,0.2905172217397094,0.1155176898741935
277,277.0,277.3000018936675,0.06021148542571252,0.10514184118821847,0.06442607239052187,0.20501682132649598,0.07387344528495984,0.08610213880526707,0.290557593443499,0.1146706021353251
278,278.0,278.3000006250726,0.05941962144685159,0.10541821804219932,0.06406409156272089,0.20860361360601673,0.07286126552222405,0.08550855889294476,0.29096630094831566,0.11315832997872691
279,279.0,279.29999947708643,0.05882037394778272,0.10498218696246239,0.06382856300462159,0.21303796967950323,0.07106470199229872,0.0850397082970636,0.29141472044938876,0.11181177566687893
280,280.0,280.299998449128,0.058096390548155324,0.10517868382350104,0.063404565713646,0.2175303897941807,0.06917607549983995,0.08436604794853157,0.29192501075218535,0.11032283591996003
281,281.0,281.29999753947413,0.057283004256171,0.10477521241646526,0.0628336401565049,0.2218288134350608,0.06853280448388145,0.08353915373940397,0.2921438493183791,0.1090635221941335
282,282.0,282.2999967453909,0.056529846258580624,0.10428503752201328,0.062268443426423764,0.22614941003980416,0.06796450989198899,0.08251752425740276,0.292418675898818,0.10786655270496845
283,283.0,283.2999960632621,0.055779007767812964,0.10275050367392914,0.06165097643250809,0.2302935925507159,0.06831823855287694,0.08142993983013817,0.2924540282059376,0.10732371298608119
284,284.0,284.29999548871353,0.05500753470064488,0.10120894391710203,0.06096673935796094,0.2341966324427962,0.06934316705122548,0.08025919140352927,0.29238624706745364,0.10663154405928754
285,285.0,285.29999501673274,0.054313711374716134,0.09967092348485124,0.060320679788841064,0.23793647906510718,0.07043641155595604,0.07891453211266448,0.29238883260265314,0.10601843001521072
286,286.0,286.2999946417827,0.05368126066964054,0.09810714087266788,0.059695159272901005,0.2422861879564147,0.07155413818021446,0.07716358432988804,0.292757972496772,0.10475455622150137
287,287.0,287.29999435790984,0.05303353787160891,0.09641026364190686,0.05901413679831327,0.24631281995366408,0.07319160946420497,0.07538312750030293,0.2932943560189425,0.10336014875105642
288,288.0,288.2999941588451,0.05238742382015622,0.09467525042692068,0.05829837412152941,0.2505001697830226,0.07442493480338042,0.07360175072763939,0.29429198832011866,0.10182010799723258
289,289.0,289.2999940380984,0.051727361414005774,0.09282455717109096,0.057539105506474404,0.255612564794763,0.07535055220864507,0.07180883703647617,0.2949433933678845,0.10019362850066
290,290.0,290.29999398904545,0.05108489348560249,0.09097637782436735,0.056771566503998734,0.2602300620347539,0.07683890616896348,0.0700547757370497,0.2954702613864509,0.09857315685881343
291,291.0,291.29999400500725,0.05046046602897586,0.08935976988520154,0.05599979220614971,0.2645893633635677,0.07858558707876767,0.06818626659195214,0.29593355070904653,0.09688520413633886
292,292.0,292.29999407932286,0.04986844893389659,0.08777951994174238,0.05524161222052512,0.26837784390482794,0.08077679779547711,0.06639269701801734,0.29632547900082273,0.0952376011846908
293,293.0,293.2999942054136,0.0493439991828364,0.08645242486709767,0.05453912042859279,0.27172920688518626,0.08290773526142713,0.06471659696585341,0.29660656532251034,0.093704351086496
294,294.0,294.29999437684125,0.048881656354193635,0.08520123373047088,0.053886196297167795,0.2749841295932506,0.08495884950463814,0.06315865256398295,0.2970145691916713,0.09191471276462468
295,295.0,295.2999945873577,0.048469211927904106,0.08412641103894443,0.05327356258762914,0.27849741002026945,0.0869066782956711,0.0617015556156143,0.29734610472080725,0.08967906579316018
296,296.0,296.2999948309489,0.04807271418983817,0.08322415570930988,0.052667085659767715,0.28163862129091033,0.08827983085235003,0.06031010343390677,0.2982882015648088,0.08751928729910823
297,297.0,297.2999951018715,0.04768020701357208,0.0826808295972605,0.05205747690165058,0.28451714766908404,0.08944075244590079,0.05897618804211044,0.29927955110824833,0.08536784722217318
298,298.0,298.2999953946831,0.04729360713714963,0.0821276326595815,0.05144913568463168,0.2871813721634787,0.09039690619005507,0.057704680524938066,0.30048249488408746,0.08336417075607774
299,299.0,299.29999570426673,0.046918351396032947,0.08186935569198749,0.05084978989168261,0.2896603664343197,0.09116448834898767,0.05650780000262088,0.3016245200181488,0.08140532821621975
300,300.0,300.2999960258494,0.04655562268158562,0.08146458303213217,0.05026271777061167,0.29209763461612837,0.09162922356425245,0.055387891736881883,0.3031000984007459,0.07950222819766181
301,301.0,301.29999635501525,0.0462259209104018,0.08107536483603131,0.049715622195935553,0.2939891991705023,0.09197922774148988,0.054366173588329465,0.3046476804594575,0.07800081109785208
302,302.0,302.2999966877144,0.04593192303388201,0.0807318536468398,0.049207354079289334,0.29574061940981095,0.09222725447284325,0.05345136297946108,0.3061317835218622,0.07657784885601131
303,303.0,303.2999970202664,0.04566293190967425,0.08043059454088825,0.0487286850535332,0.2970053787753089,0.0923347226198787,0.052631507124152814,0.30792629544108807,0.07527988453547578
304,304.0,304.29999734936064,0.04540713806833033,0.0805328765181208,0.04826909056632868,0.29793516232123046,0.09229962859624555,0.05188845247821386,0.30962887905369435,0.07403877239783595
305,305.0,305.29999767205186,0.045164402030468405,0.08061832153805286,0.04782953743054328,0.2982705480466666,0.09213427300930968,0.05095676758745462,0.3118838959126056,0.07314225444489894
306,306.0,306.29999798575335,0.04494197354684176,0.08094171358368164,0.04741820957219188,0.2981129177744723,0.09188700017942085,0.05010697160140227,0.3140107967078672,0.0725804170341221
307,307.0,307.2999982882272,0.044838152377434146,0.08120592112452922,0.047020540035487515,0.2975559071806029,0.09152430216281089,0.049573227246237264,0.3162331118528347,0.07204883802006336
308,308.0,308.29999857757133,0.044746349132162744,0.0814299707716999,0.04664893358035632,0.2964302253344725,0.09106816840909898,0.04910535000503062,0.31881947380611414,0.07175152896106474
309,309.0,309.2999988522054,0.04467048987600916,0.08164915437910827,0.046306329375090036,0.29574177589233946,0.09053780280928729,0.048714553169890304,0.3211035628708551,0.07127633162742036
310,310.0,310.29999911085406,0.04461451169968912,0.08185382479364242,0.04599781470511972,0.29519434668062555,0.08997296999444998,0.04839580913772829,0.3230775986995898,0.07089312428915509
311,311.0,311.29999935252926,0.04455947885133787,0.08211607150511485,0.04570725482830926,0.2945743951236199,0.08934236463946353,0.048130898708577514,0.32503334368093817,0.0705361926626389
312,312.0,312.29999957651165,0.044509732767131154,0.0823511788946421,0.04543958339284376,0.2938385010991114,0.08866203372971912,0.0479260504141307,0.3268086645734947,0.07046425512892701
313,313.0,313.29999978233064,0.04446645317578313,0.08256177947428947,0.045195195085014815,0.29312027294431114,0.08794310572905545,0.047544907435205425,0.3287560328251636,0.07041225333117698
314,314.0,314.2999999697445,0.044423158719027245,0.0825992452129006,0.04496703056732357,0.29306955019430037,0.08719479425783425,0.047072521614071834,0.3304493967250035,0.07022430270953862
315,315.0,315.3000001387195,0.044381984142502974,0.08258092684823355,0.044757255574785514,0.29298272713981255,0.08644061224242824,0.04664526999166646,0.3321758309690559,0.07003539309151482
316,316.0,316.30000028940975,0.044334818469038494,0.08281578046933721,0.04455943084785159,0.29239980952649125,0.08566249244463801,0.04625787296273408,0.33412665465612645,0.06984314062378293
317,317.0,317.300000422137,0.04428413625889697,0.08300064993109871,0.04437388980285207,0.2918089384829798,0.08487119141728777,0.04590796095316137,0.33588461026969374,0.06986862288402963
318,318.0,318.30000053737,0.044229547385767426,0.08313525640545691,0.04430186865208938,0.2910856261947766,0.08429611039649079,0.04559371389853592,0.33748201767766617,0.06987585938921688
319,319.0,319.3000006357061,0.044177308664706955,0.08323300974992559,0.044246718555544934,0.29041022189869437,0.08372591425848548,0.04532313103606118,0.3389647711286964,0.06991892470788523
320,320.0,320.3000007178515,0.044122607349792425,0.08326803513329346,0.04420036510320737,0.28960286816265374,0.0831589417249172,0.04508497062624807,0.3404496799608435,0.07011253193904429
321,321.0,321.30000078460387,0.044065233505132965,0.08337395749311124,0.044161134824920886,0.28861091384648896,0.08259871118721623,0.04487698192332676,0.3419935687556526,0.07031949846415038
322,322.0,322.30000083683495,0.04399819871477949,0.08340400606746794,0.04412062960224181,0.28772928360967837,0.08203769589297587,0.04469102977069612,0.34353580703411046,0.07048334930804996
323,323.0,323.30000087547455,0.04392749259288496,0.08339850510763579,0.044083491726057626,0.2866616001852083,0.08148662240509492,0.04453249872292407,0.345300327886415,0.0706094613737793
324,324.0,324.3000009014955,0.0438575134473167,0.08348572916639707,0.04405438484536422,0.28544246852296323,0.08095527000594915,0.04440481878929248,0.34705330272552193,0.07074651249719524
325,325.0,325.3000009158993,0.043788180283681546,0.08353616886841558,0.044031972159480855,0.28408853218422114,0.0804456046590385,0.044537985581088714,0.34868042865949267,0.0708911276045811
326,326.0,326.30000091970385,0.04372101234007323,0.0835648120575115,0.04401658460218484,0.2825197567712042,0.07996237821404123,0.044692422968556855,0.35047965470970577,0.07104337833672243
327,327.0,327.30000091393083,0.04365533371303444,0.08355477578297295,0.04400488731938115,0.28111813244728084,0.0795162372980747,0.0448650744803247,0.3519744553980123,0.07131110356091896
328,328.0,328.3000008995958,0.043590847481987625,0.08349756703822539,0.043996997677332124,0.2797207369980407,0.07910562201049588,0.04504984606850026,0.353468491765894,0.07156989095952405
329,329.0,329.3000008776983,0.04352477807188061,0.08340368268096031,0.04398779777214404,0.27840719959626836,0.07871763762761307,0.04523505164438034,0.3549112715275091,0.07181258107924424
330,330.0,330.3000008492137,0.04345890994046206,0.08327952926141886,0.04397825664402783,0.27698332016593263,0.07835338522930214,0.04541834165119728,0.3564889253010891,0.07203933180657018
331,331.0,331.3000008150853,0.04339461134983532,0.0831312658797321,0.04397035504293878,0.2758084718768962,0.07801419452986771,0.04559819329052758,0.357832140248313,0.0722507677818894
