Total_iterations,Unnamed: 0.1,Intertwine_two,Add_vertex,Delete_vertex,Invert_path_vertices,Insert_inside_vertex,Delete_inside_vertex
0,0.0,0.1666666666666666,0.1666666666666666,0.1666666666666666,0.1666666666666666,0.1666666666666666,0.1666666666666666
1,1.0,0.1666666666666666,0.1666666666666666,0.1666666666666666,0.1666666666666666,0.1666666666666666,0.1666666666666666
2,2.0,0.1666666666666666,0.1666666666666666,0.1666666666666666,0.1666666666666666,0.1666666666666666,0.1666666666666666
3,3.0,0.1666666666666666,0.1666666666666666,0.1666666666666666,0.1666666666666666,0.1666666666666666,0.1666666666666666
4,4.0,0.1666666666666666,0.1666666666666666,0.1666666666666666,0.1666666666666666,0.1666666666666666,0.1666666666666666
5,5.0,0.1666666666666666,0.1666666666666666,0.1666666666666666,0.1666666666666666,0.1666666666666666,0.1666666666666666
6,6.0,0.1666666666666666,0.1666666666666666,0.1666666666666666,0.1666666666666666,0.1666666666666666,0.1666666666666666
7,7.0,0.1666666666666666,0.1666666666666666,0.1666666666666666,0.1666666666666666,0.1666666666666666,0.1666666666666666
8,8.0,0.1666666666666666,0.1666666666666666,0.1666666666666666,0.1666666666666666,0.1666666666666666,0.1666666666666666
9,9.0,0.1666666666666666,0.1666666666666666,0.1666666666666666,0.1666666666666666,0.1666666666666666,0.1666666666666666
10,10.0,0.1666666666666666,0.1666666666666666,0.1666666666666666,0.1666666666666666,0.1666666666666666,0.1666666666666666
11,11.0,0.1666666666666666,0.1666666666666666,0.1666666666666666,0.1666666666666666,0.1666666666666666,0.1666666666666666
12,12.0,0.1666666666666666,0.1666666666666666,0.1666666666666666,0.1666666666666666,0.1666666666666666,0.1666666666666666
13,13.0,0.1666666666666666,0.1666666666666666,0.1666666666666666,0.1666666666666666,0.1666666666666666,0.1666666666666666
14,14.0,0.1666666666666666,0.1666666666666666,0.1666666666666666,0.1666666666666666,0.1666666666666666,0.1666666666666666
15,15.0,0.1666666666666666,0.1666666666666666,0.1666666666666666,0.1666666666666666,0.1666666666666666,0.1666666666666666
16,16.0,0.1666666666666666,0.1666666666666666,0.1666666666666666,0.1666666666666666,0.1666666666666666,0.1666666666666666
17,17.0,0.1666666666666666,0.1666666666666666,0.1666666666666666,0.1666666666666666,0.1666666666666666,0.1666666666666666
18,18.0,0.1666666666666666,0.1666666666666666,0.1666666666666666,0.1666666666666666,0.1666666666666666,0.1666666666666666
19,19.0,0.1666666666666666,0.1666666666666666,0.1666666666666666,0.1666666666666666,0.1666666666666666,0.1666666666666666
20,20.0,0.1666666666666666,0.1666666666666666,0.1666666666666666,0.1666666666666666,0.1666666666666666,0.1666666666666666
21,21.0,0.1666666666666666,0.1666666666666666,0.1666666666666666,0.1666666666666666,0.1666666666666666,0.1666666666666666
22,22.0,0.1666666666666666,0.1666666666666666,0.1666666666666666,0.1666666666666666,0.1666666666666666,0.1666666666666666
23,23.0,0.1666666666666666,0.1666666666666666,0.1666666666666666,0.1666666666666666,0.1666666666666666,0.1666666666666666
24,24.0,0.1666666666666666,0.1666666666666666,0.1666666666666666,0.1666666666666666,0.1666666666666666,0.1666666666666666
25,25.0,0.1666666666666666,0.1666666666666666,0.1666666666666666,0.1666666666666666,0.1666666666666666,0.1666666666666666
26,26.0,0.1666666666666666,0.1666666666666666,0.1666666666666666,0.1666666666666666,0.1666666666666666,0.1666666666666666
27,27.0,0.1666666666666666,0.1666666666666666,0.1666666666666666,0.1666666666666666,0.1666666666666666,0.1666666666666666
28,28.0,0.1666666666666666,0.1666666666666666,0.1666666666666666,0.1666666666666666,0.1666666666666666,0.1666666666666666
29,29.0,0.1666666666666666,0.1666666666666666,0.1666666666666666,0.1666666666666666,0.1666666666666666,0.1666666666666666
30,30.0,0.1666666666666666,0.1666666666666666,0.1666666666666666,0.1666666666666666,0.1666666666666666,0.1666666666666666
31,31.0,0.1666666666666666,0.1666666666666666,0.1666666666666666,0.1666666666666666,0.1666666666666666,0.1666666666666666
32,32.0,0.1666666666666666,0.1666666666666666,0.1666666666666666,0.1666666666666666,0.1666666666666666,0.1666666666666666
33,33.0,0.1666666666666666,0.1666666666666666,0.1666666666666666,0.1666666666666666,0.1666666666666666,0.1666666666666666
34,34.0,0.1666666666666666,0.1666666666666666,0.1666666666666666,0.1666666666666666,0.1666666666666666,0.1666666666666666
35,35.0,0.1666666666666666,0.1666666666666666,0.1666666666666666,0.1666666666666666,0.1666666666666666,0.1666666666666666
36,36.0,0.1666666666666666,0.1666666666666666,0.1666666666666666,0.1666666666666666,0.1666666666666666,0.1666666666666666
37,37.0,0.1666666666666666,0.1666666666666666,0.1666666666666666,0.1666666666666666,0.1666666666666666,0.1666666666666666
38,38.0,0.1666666666666666,0.1666666666666666,0.1666666666666666,0.1666666666666666,0.1666666666666666,0.1666666666666666
39,39.0,0.1666666666666666,0.1666666666666666,0.1666666666666666,0.1666666666666666,0.1666666666666666,0.1666666666666666
40,40.0,0.1666666666666666,0.1666666666666666,0.1666666666666666,0.1666666666666666,0.1666666666666666,0.1666666666666666
41,41.0,0.1666666666666666,0.1666666666666666,0.1666666666666666,0.1666666666666666,0.1666666666666666,0.1666666666666666
42,42.0,0.1666666666666666,0.1666666666666666,0.1666666666666666,0.1666666666666666,0.1666666666666666,0.1666666666666666
43,43.0,0.1666666666666666,0.1666666666666666,0.1666666666666666,0.1666666666666666,0.1666666666666666,0.1666666666666666
44,44.0,0.1666666666666666,0.1666666666666666,0.1666666666666666,0.1666666666666666,0.1666666666666666,0.1666666666666666
45,45.0,0.1666666666666666,0.1666666666666666,0.1666666666666666,0.1666666666666666,0.1666666666666666,0.1666666666666666
46,46.0,0.1666666666666666,0.1666666666666666,0.1666666666666666,0.1666666666666666,0.1666666666666666,0.1666666666666666
47,47.0,0.1666666666666666,0.1666666666666666,0.1666666666666666,0.1666666666666666,0.1666666666666666,0.1666666666666666
48,48.0,0.1666666666666666,0.1666666666666666,0.1666666666666666,0.1666666666666666,0.1666666666666666,0.1666666666666666
49,49.0,0.1666666666666666,0.1666666666666666,0.1666666666666666,0.1666666666666666,0.1666666666666666,0.1666666666666666
50,50.0,0.1666666666666666,0.1666666666666666,0.1666666666666666,0.1666666666666666,0.1666666666666666,0.1666666666666666
51,51.0,0.1666666666666666,0.1666666666666666,0.1666666666666666,0.1666666666666666,0.1666666666666666,0.1666666666666666
52,52.0,0.1666666666666666,0.1666666666666666,0.1666666666666666,0.1666666666666666,0.1666666666666666,0.1666666666666666
53,53.0,0.1666666666666666,0.1666666666666666,0.1666666666666666,0.1666666666666666,0.1666666666666666,0.1666666666666666
54,54.0,0.1666666666666666,0.1666666666666666,0.1666666666666666,0.1666666666666666,0.1666666666666666,0.1666666666666666
55,55.0,0.1666666666666666,0.1666666666666666,0.1666666666666666,0.1666666666666666,0.1666666666666666,0.1666666666666666
56,56.0,0.1666666666666666,0.1666666666666666,0.1666666666666666,0.1666666666666666,0.1666666666666666,0.1666666666666666
57,57.0,0.1666666666666666,0.1666666666666666,0.1666666666666666,0.1666666666666666,0.1666666666666666,0.1666666666666666
58,58.0,0.1666666666666666,0.1666666666666666,0.1666666666666666,0.1666666666666666,0.1666666666666666,0.1666666666666666
59,59.0,0.1666666666666666,0.1666666666666666,0.1666666666666666,0.1666666666666666,0.1666666666666666,0.1666666666666666
60,60.0,0.1666666666666666,0.1666666666666666,0.1666666666666666,0.1666666666666666,0.1666666666666666,0.1666666666666666
61,61.0,0.1666666666666666,0.1666666666666666,0.1666666666666666,0.1666666666666666,0.1666666666666666,0.1666666666666666
62,62.0,0.1666666666666666,0.1666666666666666,0.1666666666666666,0.1666666666666666,0.1666666666666666,0.1666666666666666
63,63.0,0.1666666666666666,0.1666666666666666,0.1666666666666666,0.1666666666666666,0.1666666666666666,0.1666666666666666
64,64.0,0.1666666666666666,0.1666666666666666,0.1666666666666666,0.1666666666666666,0.1666666666666666,0.1666666666666666
65,65.0,0.1666666666666666,0.1666666666666666,0.1666666666666666,0.1666666666666666,0.1666666666666666,0.1666666666666666
66,66.0,0.1666666666666666,0.1666666666666666,0.1666666666666666,0.1666666666666666,0.1666666666666666,0.1666666666666666
67,67.0,0.1666666666666666,0.1666666666666666,0.1666666666666666,0.1666666666666666,0.1666666666666666,0.1666666666666666
68,68.0,0.1666666666666666,0.1666666666666666,0.1666666666666666,0.1666666666666666,0.1666666666666666,0.1666666666666666
69,69.0,0.1666666666666666,0.1666666666666666,0.1666666666666666,0.1666666666666666,0.1666666666666666,0.1666666666666666
70,70.0,0.1666666666666666,0.1666666666666666,0.1666666666666666,0.1666666666666666,0.1666666666666666,0.1666666666666666
71,71.0,0.1666666666666666,0.1666666666666666,0.1666666666666666,0.1666666666666666,0.1666666666666666,0.1666666666666666
72,72.0,0.1666666666666666,0.1666666666666666,0.1666666666666666,0.1666666666666666,0.1666666666666666,0.1666666666666666
73,73.0,0.1666666666666666,0.1666666666666666,0.1666666666666666,0.1666666666666666,0.1666666666666666,0.1666666666666666
74,74.0,0.1666666666666666,0.1666666666666666,0.1666666666666666,0.1666666666666666,0.1666666666666666,0.1666666666666666
75,75.0,0.1666666666666666,0.1666666666666666,0.1666666666666666,0.1666666666666666,0.1666666666666666,0.1666666666666666
76,76.0,0.1666666666666666,0.1666666666666666,0.1666666666666666,0.1666666666666666,0.1666666666666666,0.1666666666666666
77,77.0,0.1666666666666666,0.1666666666666666,0.1666666666666666,0.1666666666666666,0.1666666666666666,0.1666666666666666
78,78.0,0.1666666666666666,0.1666666666666666,0.1666666666666666,0.1666666666666666,0.1666666666666666,0.1666666666666666
79,79.0,0.1666666666666666,0.1666666666666666,0.1666666666666666,0.1666666666666666,0.1666666666666666,0.1666666666666666
80,80.0,0.1666666666666666,0.1666666666666666,0.1666666666666666,0.1666666666666666,0.1666666666666666,0.1666666666666666
81,81.0,0.1666666666666666,0.1666666666666666,0.1666666666666666,0.1666666666666666,0.1666666666666666,0.1666666666666666
82,82.0,0.1666666666666666,0.1666666666666666,0.1666666666666666,0.1666666666666666,0.1666666666666666,0.1666666666666666
83,83.0,0.1666666666666666,0.1666666666666666,0.1666666666666666,0.1666666666666666,0.1666666666666666,0.1666666666666666
84,84.0,0.1666666666666666,0.1666666666666666,0.1666666666666666,0.1666666666666666,0.1666666666666666,0.1666666666666666
85,85.0,0.1666666666666666,0.1666666666666666,0.1666666666666666,0.1666666666666666,0.1666666666666666,0.1666666666666666
86,86.0,0.1666666666666666,0.1666666666666666,0.1666666666666666,0.1666666666666666,0.1666666666666666,0.1666666666666666
87,87.0,0.1666666666666666,0.1666666666666666,0.1666666666666666,0.1666666666666666,0.1666666666666666,0.1666666666666666
88,88.0,0.1666666666666666,0.1666666666666666,0.1666666666666666,0.1666666666666666,0.1666666666666666,0.1666666666666666
89,89.0,0.1666666666666666,0.1666666666666666,0.1666666666666666,0.1666666666666666,0.1666666666666666,0.1666666666666666
90,90.0,0.1666666666666666,0.1666666666666666,0.1666666666666666,0.1666666666666666,0.1666666666666666,0.1666666666666666
91,91.0,0.1666666666666666,0.1666666666666666,0.1666666666666666,0.1666666666666666,0.1666666666666666,0.1666666666666666
92,92.0,0.1666666666666666,0.1666666666666666,0.1666666666666666,0.1666666666666666,0.1666666666666666,0.1666666666666666
93,93.0,0.1666666666666666,0.1666666666666666,0.1666666666666666,0.1666666666666666,0.1666666666666666,0.1666666666666666
94,94.0,0.1666666666666666,0.1666666666666666,0.1666666666666666,0.1666666666666666,0.1666666666666666,0.1666666666666666
95,95.0,0.1666666666666666,0.1666666666666666,0.1666666666666666,0.1666666666666666,0.1666666666666666,0.1666666666666666
96,96.0,0.1666666666666666,0.1666666666666666,0.1666666666666666,0.1666666666666666,0.1666666666666666,0.1666666666666666
97,97.0,0.1666666666666666,0.1666666666666666,0.1666666666666666,0.1666666666666666,0.1666666666666666,0.1666666666666666
98,98.0,0.1666666666666666,0.1666666666666666,0.1666666666666666,0.1666666666666666,0.1666666666666666,0.1666666666666666
99,99.0,0.1666666666666666,0.1666666666666666,0.1666666666666666,0.1666666666666666,0.1666666666666666,0.1666666666666666
100,100.0,0.1666666666666666,0.1666666666666666,0.1666666666666666,0.1666666666666666,0.1666666666666666,0.1666666666666666
101,101.0,0.1666666666666666,0.1666666666666666,0.1666666666666666,0.1666666666666666,0.1666666666666666,0.1666666666666666
102,102.0,0.1666666666666666,0.1666666666666666,0.1666666666666666,0.1666666666666666,0.1666666666666666,0.1666666666666666
103,103.0,0.1666666666666666,0.1666666666666666,0.1666666666666666,0.1666666666666666,0.1666666666666666,0.1666666666666666
104,104.0,0.1666666666666666,0.1666666666666666,0.1666666666666666,0.1666666666666666,0.1666666666666666,0.1666666666666666
105,105.0,0.1666666666666666,0.1666666666666666,0.1666666666666666,0.1666666666666666,0.1666666666666666,0.1666666666666666
106,106.0,0.1666666666666666,0.1666666666666666,0.1666666666666666,0.1666666666666666,0.1666666666666666,0.1666666666666666
107,107.0,0.1666666666666666,0.1666666666666666,0.1666666666666666,0.1666666666666666,0.1666666666666666,0.1666666666666666
108,108.0,0.1666666666666666,0.1666666666666666,0.1666666666666666,0.1666666666666666,0.1666666666666666,0.1666666666666666
109,109.0,0.1666666666666666,0.1666666666666666,0.1666666666666666,0.1666666666666666,0.1666666666666666,0.1666666666666666
110,110.0,0.1666666666666666,0.1666666666666666,0.1666666666666666,0.1666666666666666,0.1666666666666666,0.1666666666666666
111,111.0,0.1666666666666666,0.1666666666666666,0.1666666666666666,0.1666666666666666,0.1666666666666666,0.1666666666666666
112,112.0,0.1666666666666666,0.1666666666666666,0.1666666666666666,0.1666666666666666,0.1666666666666666,0.1666666666666666
113,113.0,0.1666666666666666,0.1666666666666666,0.1666666666666666,0.1666666666666666,0.1666666666666666,0.1666666666666666
114,114.0,0.1666666666666666,0.1666666666666666,0.1666666666666666,0.1666666666666666,0.1666666666666666,0.1666666666666666
115,115.0,0.1666666666666666,0.1666666666666666,0.1666666666666666,0.1666666666666666,0.1666666666666666,0.1666666666666666
116,116.0,0.1666666666666666,0.1666666666666666,0.1666666666666666,0.1666666666666666,0.1666666666666666,0.1666666666666666
117,117.0,0.1666666666666666,0.1666666666666666,0.1666666666666666,0.1666666666666666,0.1666666666666666,0.1666666666666666
118,118.0,0.1666666666666666,0.1666666666666666,0.1666666666666666,0.1666666666666666,0.1666666666666666,0.1666666666666666
119,119.0,0.1666666666666666,0.1666666666666666,0.1666666666666666,0.1666666666666666,0.1666666666666666,0.1666666666666666
120,120.0,0.1666666666666666,0.1666666666666666,0.1666666666666666,0.1666666666666666,0.1666666666666666,0.1666666666666666
121,121.0,0.1666666666666666,0.1666666666666666,0.1666666666666666,0.1666666666666666,0.1666666666666666,0.1666666666666666
122,122.0,0.1666666666666666,0.1666666666666666,0.1666666666666666,0.1666666666666666,0.1666666666666666,0.1666666666666666
123,123.0,0.1666666666666666,0.1666666666666666,0.1666666666666666,0.1666666666666666,0.1666666666666666,0.1666666666666666
124,124.0,0.1666666666666666,0.1666666666666666,0.1666666666666666,0.1666666666666666,0.1666666666666666,0.1666666666666666
125,125.0,0.1666666666666666,0.1666666666666666,0.1666666666666666,0.1666666666666666,0.1666666666666666,0.1666666666666666
126,126.0,0.1666666666666666,0.1666666666666666,0.1666666666666666,0.1666666666666666,0.1666666666666666,0.1666666666666666
127,127.0,0.1666666666666666,0.1666666666666666,0.1666666666666666,0.1666666666666666,0.1666666666666666,0.1666666666666666
128,128.0,0.1666666666666666,0.1666666666666666,0.1666666666666666,0.1666666666666666,0.1666666666666666,0.1666666666666666
129,129.0,0.1666666666666666,0.1666666666666666,0.1666666666666666,0.1666666666666666,0.1666666666666666,0.1666666666666666
130,130.0,0.1666666666666666,0.1666666666666666,0.1666666666666666,0.1666666666666666,0.1666666666666666,0.1666666666666666
131,131.0,0.1666666666666666,0.1666666666666666,0.1666666666666666,0.1666666666666666,0.1666666666666666,0.1666666666666666
132,132.0,0.1666666666666666,0.1666666666666666,0.1666666666666666,0.1666666666666666,0.1666666666666666,0.1666666666666666
133,133.0,0.1666666666666666,0.1666666666666666,0.1666666666666666,0.1666666666666666,0.1666666666666666,0.1666666666666666
134,134.0,0.1666666666666666,0.1666666666666666,0.1666666666666666,0.1666666666666666,0.1666666666666666,0.1666666666666666
135,135.0,0.1666666666666666,0.1666666666666666,0.1666666666666666,0.1666666666666666,0.1666666666666666,0.1666666666666666
136,136.0,0.1666666666666666,0.1666666666666666,0.1666666666666666,0.1666666666666666,0.1666666666666666,0.1666666666666666
137,137.0,0.1666666666666666,0.1666666666666666,0.1666666666666666,0.1666666666666666,0.1666666666666666,0.1666666666666666
138,138.0,0.1666666666666666,0.1666666666666666,0.1666666666666666,0.1666666666666666,0.1666666666666666,0.1666666666666666
139,139.0,0.1666666666666666,0.1666666666666666,0.1666666666666666,0.1666666666666666,0.1666666666666666,0.1666666666666666
140,140.0,0.1666666666666666,0.1666666666666666,0.1666666666666666,0.1666666666666666,0.1666666666666666,0.1666666666666666
141,141.0,0.1666666666666666,0.1666666666666666,0.1666666666666666,0.1666666666666666,0.1666666666666666,0.1666666666666666
142,142.0,0.1666666666666666,0.1666666666666666,0.1666666666666666,0.1666666666666666,0.1666666666666666,0.1666666666666666
143,143.0,0.1666666666666666,0.1666666666666666,0.1666666666666666,0.1666666666666666,0.1666666666666666,0.1666666666666666
144,144.0,0.1666666666666666,0.1666666666666666,0.1666666666666666,0.1666666666666666,0.1666666666666666,0.1666666666666666
145,145.0,0.1666666666666666,0.1666666666666666,0.1666666666666666,0.1666666666666666,0.1666666666666666,0.1666666666666666
146,146.0,0.1666666666666666,0.1666666666666666,0.1666666666666666,0.1666666666666666,0.1666666666666666,0.1666666666666666
147,147.0,0.1666666666666666,0.1666666666666666,0.1666666666666666,0.1666666666666666,0.1666666666666666,0.1666666666666666
148,148.0,0.1666666666666666,0.1666666666666666,0.1666666666666666,0.1666666666666666,0.1666666666666666,0.1666666666666666
149,149.0,0.1666666666666666,0.1666666666666666,0.1666666666666666,0.1666666666666666,0.1666666666666666,0.1666666666666666
150,150.0,0.1666666666666666,0.1666666666666666,0.1666666666666666,0.1666666666666666,0.1666666666666666,0.1666666666666666
151,151.0,0.1666666666666666,0.1666666666666666,0.1666666666666666,0.1666666666666666,0.1666666666666666,0.1666666666666666
152,152.0,0.1666666666666666,0.1666666666666666,0.1666666666666666,0.1666666666666666,0.1666666666666666,0.1666666666666666
153,153.0,0.1666666666666666,0.1666666666666666,0.1666666666666666,0.1666666666666666,0.1666666666666666,0.1666666666666666
154,154.0,0.1666666666666666,0.1666666666666666,0.1666666666666666,0.1666666666666666,0.1666666666666666,0.1666666666666666
155,155.0,0.1666666666666666,0.1666666666666666,0.1666666666666666,0.1666666666666666,0.1666666666666666,0.1666666666666666
156,156.0,0.1666666666666666,0.1666666666666666,0.1666666666666666,0.1666666666666666,0.1666666666666666,0.1666666666666666
157,157.0,0.1666666666666666,0.1666666666666666,0.1666666666666666,0.1666666666666666,0.1666666666666666,0.1666666666666666
158,158.0,0.1666666666666666,0.1666666666666666,0.1666666666666666,0.1666666666666666,0.1666666666666666,0.1666666666666666
159,159.0,0.1666666666666666,0.1666666666666666,0.1666666666666666,0.1666666666666666,0.1666666666666666,0.1666666666666666
160,160.0,0.1666666666666666,0.1666666666666666,0.1666666666666666,0.1666666666666666,0.1666666666666666,0.1666666666666666
161,161.0,0.1666666666666666,0.1666666666666666,0.1666666666666666,0.1666666666666666,0.1666666666666666,0.1666666666666666
162,162.0,0.1666666666666666,0.1666666666666666,0.1666666666666666,0.1666666666666666,0.1666666666666666,0.1666666666666666
163,163.0,0.1666666666666666,0.1666666666666666,0.1666666666666666,0.1666666666666666,0.1666666666666666,0.1666666666666666
164,164.0,0.1666666666666666,0.1666666666666666,0.1666666666666666,0.1666666666666666,0.1666666666666666,0.1666666666666666
165,165.0,0.1666666666666666,0.1666666666666666,0.1666666666666666,0.1666666666666666,0.1666666666666666,0.1666666666666666
166,166.0,0.1666666666666666,0.1666666666666666,0.1666666666666666,0.1666666666666666,0.1666666666666666,0.1666666666666666
167,167.0,0.1666666666666666,0.1666666666666666,0.1666666666666666,0.1666666666666666,0.1666666666666666,0.1666666666666666
168,168.0,0.1666666666666666,0.1666666666666666,0.1666666666666666,0.1666666666666666,0.1666666666666666,0.1666666666666666
169,169.0,0.1666666666666666,0.1666666666666666,0.1666666666666666,0.1666666666666666,0.1666666666666666,0.1666666666666666
170,170.0,0.1666666666666666,0.1666666666666666,0.1666666666666666,0.1666666666666666,0.1666666666666666,0.1666666666666666
171,171.0,0.1666666666666666,0.1666666666666666,0.1666666666666666,0.1666666666666666,0.1666666666666666,0.1666666666666666
172,172.0,0.1666666666666666,0.1666666666666666,0.1666666666666666,0.1666666666666666,0.1666666666666666,0.1666666666666666
173,173.0,0.1666666666666666,0.1666666666666666,0.1666666666666666,0.1666666666666666,0.1666666666666666,0.1666666666666666
174,174.0,0.1666666666666666,0.1666666666666666,0.1666666666666666,0.1666666666666666,0.1666666666666666,0.1666666666666666
175,175.0,0.1666666666666666,0.1666666666666666,0.1666666666666666,0.1666666666666666,0.1666666666666666,0.1666666666666666
176,176.0,0.1666666666666666,0.1666666666666666,0.1666666666666666,0.1666666666666666,0.1666666666666666,0.1666666666666666
177,177.0,0.1666666666666666,0.1666666666666666,0.1666666666666666,0.1666666666666666,0.1666666666666666,0.1666666666666666
178,178.0,0.1666666666666666,0.1666666666666666,0.1666666666666666,0.1666666666666666,0.1666666666666666,0.1666666666666666
179,179.0,0.1666666666666666,0.1666666666666666,0.1666666666666666,0.1666666666666666,0.1666666666666666,0.1666666666666666
180,180.0,0.1666666666666666,0.1666666666666666,0.1666666666666666,0.1666666666666666,0.1666666666666666,0.1666666666666666
181,181.0,0.1666666666666666,0.1666666666666666,0.1666666666666666,0.1666666666666666,0.1666666666666666,0.1666666666666666
182,182.0,0.1666666666666666,0.1666666666666666,0.1666666666666666,0.1666666666666666,0.1666666666666666,0.1666666666666666
183,183.0,0.1666666666666666,0.1666666666666666,0.1666666666666666,0.1666666666666666,0.1666666666666666,0.1666666666666666
184,184.0,0.1666666666666666,0.1666666666666666,0.1666666666666666,0.1666666666666666,0.1666666666666666,0.1666666666666666
185,185.0,0.1666666666666666,0.1666666666666666,0.1666666666666666,0.1666666666666666,0.1666666666666666,0.1666666666666666
186,186.0,0.1666666666666666,0.1666666666666666,0.1666666666666666,0.1666666666666666,0.1666666666666666,0.1666666666666666
187,187.0,0.1666666666666666,0.1666666666666666,0.1666666666666666,0.1666666666666666,0.1666666666666666,0.1666666666666666
188,188.0,0.1666666666666666,0.1666666666666666,0.1666666666666666,0.1666666666666666,0.1666666666666666,0.1666666666666666
189,189.0,0.1666666666666666,0.1666666666666666,0.1666666666666666,0.1666666666666666,0.1666666666666666,0.1666666666666666
190,190.0,0.1666666666666666,0.1666666666666666,0.1666666666666666,0.1666666666666666,0.1666666666666666,0.1666666666666666
191,191.0,0.1666666666666666,0.1666666666666666,0.1666666666666666,0.1666666666666666,0.1666666666666666,0.1666666666666666
192,192.0,0.1666666666666666,0.1666666666666666,0.1666666666666666,0.1666666666666666,0.1666666666666666,0.1666666666666666
193,193.0,0.1666666666666666,0.1666666666666666,0.1666666666666666,0.1666666666666666,0.1666666666666666,0.1666666666666666
194,194.0,0.1666666666666666,0.1666666666666666,0.1666666666666666,0.1666666666666666,0.1666666666666666,0.1666666666666666
195,195.0,0.1666666666666666,0.1666666666666666,0.1666666666666666,0.1666666666666666,0.1666666666666666,0.1666666666666666
196,196.0,0.1666666666666666,0.1666666666666666,0.1666666666666666,0.1666666666666666,0.1666666666666666,0.1666666666666666
197,197.0,0.1666666666666666,0.1666666666666666,0.1666666666666666,0.1666666666666666,0.1666666666666666,0.1666666666666666
198,198.0,0.1666666666666666,0.1666666666666666,0.1666666666666666,0.1666666666666666,0.1666666666666666,0.1666666666666666
199,199.0,0.1666666666666666,0.1666666666666666,0.1666666666666666,0.1666666666666666,0.1666666666666666,0.1666666666666666
200,200.0,0.1666666666666666,0.1666666666666666,0.1666666666666666,0.1666666666666666,0.1666666666666666,0.1666666666666666
201,201.0,0.1666666666666666,0.1666666666666666,0.1665686274509804,0.1666666666666666,0.1666666666666666,0.1667647058823529
202,202.0,0.1666666666666666,0.1666666666666666,0.166471568627451,0.1666666666666666,0.1666666666666666,0.1668617647058823
203,203.0,0.1666666666666666,0.1666666666666666,0.166376362745098,0.1666666666666666,0.1666666666666666,0.1669569705882352
204,204.0,0.1666666666666666,0.1666666666666666,0.1662837765686274,0.1666666666666666,0.1666666666666666,0.1670495567647058
205,205.0,0.1666666666666666,0.1666666666666666,0.1661944739892157,0.1666666666666666,0.1666666666666666,0.1671388593441176
206,206.0,0.1666666666666666,0.1666666666666666,0.166109019672951,0.1666666666666666,0.1666666666666666,0.1672243136603823
207,207.0,0.1666666666666666,0.1666666666666666,0.1660278833366813,0.1666666666666666,0.1666666666666666,0.167305449996652
208,208.0,0.1666666666666666,0.1666666666666666,0.1659514445457698,0.1666666666666666,0.1666666666666666,0.1673818887875635
209,209.0,0.1666666666666666,0.1666666666666666,0.1658799979335898,0.1666666666666666,0.1666666666666666,0.1674533353997435
210,210.0,0.1666666666666666,0.1666666666666666,0.1658137587483899,0.1666666666666666,0.1666666666666666,0.1675195745849433
211,211.0,0.1666666666666666,0.1666666666666666,0.1657528686393241,0.1666666666666666,0.1666666666666666,0.1675804646940091
212,212.0,0.1666666666666666,0.1666666666666666,0.1656974015998698,0.1666666666666666,0.1666666666666666,0.1676359317334634
213,213.0,0.1666666666666666,0.1666666666666666,0.1656473699934602,0.1666666666666666,0.1666666666666666,0.167685963339873
214,214.0,0.1666666666666666,0.1666666666666666,0.165602730592855,0.1666666666666666,0.1666666666666666,0.1677306027404782
215,215.0,0.1666666666666666,0.1666666666666666,0.1655633905714798,0.1666666666666666,0.1666666666666666,0.1677699427618534
216,216.0,0.1666666666666666,0.1666666666666666,0.1655292133916254,0.1666666666666666,0.1666666666666666,0.1678041199417078
217,217.0,0.1664285714285714,0.1664285714285714,0.1666905007314144,0.1664285714285714,0.1664285714285714,0.1675952135542998
218,218.0,0.1661928571428572,0.1661928571428572,0.167844664694056,0.1661928571428572,0.1661928571428572,0.1673839067345154
219,219.0,0.1659616428571429,0.1659616428571429,0.1689808759776385,0.1659616428571429,0.1659616428571429,0.16717255259379
220,220.0,0.1657367907142858,0.1657367907142858,0.1700895677372321,0.1657367907142858,0.1657367907142858,0.166963269405625
221,221.0,0.1655199130214286,0.1655199130214286,0.1711624050076396,0.1655199130214286,0.1655199130214286,0.166757942906646
222,222.0,0.1653123811105001,0.1653123811105001,0.1721922448650757,0.1653123811105001,0.1653123811105001,0.1665582306929242
223,223.0,0.1651153357224165,0.1651153357224165,0.173173088652263,0.1651153357224165,0.1651153357224165,0.1663655684580711
224,224.0,0.1649296986587742,0.1649296986587742,0.1741000275383546,0.1649296986587742,0.1649296986587742,0.1661811778265484
225,225.0,0.1647561854577656,0.1647561854577656,0.1749691826245992,0.1647561854577656,0.1647561854577656,0.1660060755443383
226,226.0,0.1645953188651374,0.1645953188651374,0.175777640740119,0.1645953188651374,0.1645953188651374,0.1658410837993316
227,227.0,0.1645516095526444,0.1646557762193111,0.1764130928831843,0.1641349428859777,0.1645516095526444,0.1656929689062383
228,228.0,0.164520028885398,0.1647273205520647,0.1769857498354921,0.1636908622187314,0.164520028885398,0.1655560096229159
229,229.0,0.1644996798055461,0.1648081277222129,0.1774961645465951,0.1632658881388795,0.1644996798055461,0.1654304599812203
230,230.0,0.1644896426451478,0.1648964633743145,0.1779454570935029,0.1628623597284812,0.1644896426451478,0.1653164345134059
231,231.0,0.1644889865838616,0.1649906913036534,0.1783352467671657,0.162482167704695,0.1644889865838616,0.1652139210567627
232,232.0,0.1644967800723893,0.1650892800032123,0.1786675859581716,0.1621267803490977,0.1644967800723893,0.1651227935447399
233,233.0,0.1645121002208641,0.1651908075089736,0.1789448963228762,0.1617972710684262,0.1645121002208641,0.1650428246579959
234,234.0,0.1645717184667711,0.1653338582822809,0.1792009360090568,0.1614167762260089,0.1645717184667711,0.1649049925491112
235,235.0,0.1646366992434399,0.1654769452333272,0.1794073461557892,0.1610640131562319,0.1646366992434399,0.1647782969677719
236,236.0,0.1647058564900278,0.1656186338748282,0.1795670256155508,0.1607397363125288,0.1647058564900278,0.1646628912170366
237,237.0,0.1647780809870768,0.1657576471513235,0.1796830506624412,0.1604443398407293,0.1647780809870768,0.1645588003713525
238,238.0,0.1648523437645704,0.1658928624665485,0.1797586264872784,0.160177889668361,0.1648523437645704,0.1644659338486712
239,239.0,0.164689603128594,0.1657852122253829,0.1795589470159244,0.1597020604291092,0.164689603128594,0.1655745740723954
240,240.0,0.1643509011125687,0.1654957737715918,0.1791492488584259,0.1590782626077692,0.1643509011125687,0.1675749125370759
241,241.0,0.1640179351603737,0.1652063345966897,0.1787153451506867,0.1584882453264773,0.1640179351603737,0.1695542046053988
242,242.0,0.1636934613251482,0.1649197891645369,0.1782639954848083,0.1579345307040418,0.1636934613251482,0.1714947619963167
243,243.0,0.1633798751335473,0.16463871355518,0.1778014579532634,0.1574190256208012,0.1633798751335473,0.173381052603661
244,244.0,0.1630792236831246,0.1643653715424329,0.177333476717934,0.1569430641736686,0.1630792236831246,0.1751996401997154
245,245.0,0.1627932200142665,0.1641017231867621,0.176865275961552,0.1565074516135045,0.1627932200142665,0.1769391092096485
246,246.0,0.1625232593855052,0.1638494356060167,0.1764015596437863,0.1561125091772137,0.1625232593855052,0.1785899768019731
247,247.0,0.1620323418610233,0.1633718003604164,0.1757084212458579,0.1555200240386764,0.1620323418610233,0.1813350706330029
248,248.0,0.161383186591352,0.1627318428546169,0.1748514486454765,0.1560413896052171,0.161383186591352,0.1836089457119858
249,249.0,0.1607588231894212,0.1633629091754105,0.1740163092746055,0.1565957214363768,0.1607588231894212,0.1845074137347651
250,250.0,0.1601630161024763,0.1640065862769298,0.1732091712040026,0.1571741795873819,0.1601630161024763,0.1852840307267334
251,251.0,0.159598867769888,0.1646551763100872,0.172435305684347,0.157768566844738,0.159598867769888,0.1859432156210521
252,252.0,0.1590688537995466,0.1653017020813873,0.1716991241157406,0.1583713464252362,0.1590688537995466,0.186490119778543
253,253.0,0.1584359720060419,0.166912126981525,0.1708653310298755,0.1586978735229798,0.1584359720060419,0.1866527244535362
254,254.0,0.1587307268785142,0.1682767346263929,0.1699659143982253,0.1588002858930444,0.1577307268785142,0.1864956113253094
255,255.0,0.1588755890198229,0.1694246424832513,0.1690255216507758,0.1587181527026791,0.156976498110732,0.1869795960327394
256,256.0,0.1588962202937924,0.1703781626644535,0.168063714932642,0.1593162043852852,0.156191786960459,0.1871539107633682
257,257.0,0.1589412011107807,0.1712835623721169,0.1671604355262556,0.1599068055731031,0.1554556705956291,0.187252324822115
258,258.0,0.1581743133749825,0.1729699329898521,0.1663188634945057,0.1604847953037333,0.1547706507013461,0.1872814441355806
259,259.0,0.1574344128190347,0.1745923137204745,0.1655412438202461,0.1610456548255885,0.1541384678294982,0.1872479069851584
260,260.0,0.1567261997305115,0.1761408797453892,0.1648289574644703,0.1615854885643274,0.1535601601065604,0.1871583143887414
261,261.0,0.1559894849294532,0.1774152191826102,0.1641184913947853,0.1619086930685668,0.1529720205307685,0.1875960908938163
262,262.0,0.1552921780428163,0.1786030882196114,0.1634744605509711,0.1622067761397909,0.1524386059908581,0.1879848910559525
263,263.0,0.1546373113480249,0.1797012552060449,0.1628966617188786,0.1624792690905893,0.1519597781286401,0.1883257245078224
264,264.0,0.1540271894928423,0.1807077086771031,0.1623842496856568,0.1627260060034963,0.1515348665549676,0.1886199795859341
265,265.0,0.1534634392118596,0.182871555449613,0.1619358098917507,0.1629470951131721,0.1511627287567226,0.1876193715768821
266,266.0,0.1529470608504667,0.1849304177257042,0.1615494295111679,0.1631428903088431,0.150841808734345,0.1865883928694734
267,267.0,0.1524784810003183,0.1868742053322578,0.1612227664063817,0.163313963029953,0.1505701939104716,0.1855403903206177
268,268.0,0.1518195103706963,0.1884568926220667,0.1607150202427653,0.1632229795586516,0.1515361461039671,0.1842494511018531
269,269.0,0.1522814920315587,0.1897344770396216,0.1600850910735521,0.1629327696346074,0.152177677662588,0.1827884925580724
270,270.0,0.1527834252229626,0.1908854073136866,0.159512210776708,0.1626268722880493,0.1528422439056644,0.1813498404929292
271,271.0,0.1533162954599397,0.1919108395558701,0.1589964032679648,0.1623099152346943,0.1535208957023198,0.1799456507792113
272,272.0,0.1538716803355632,0.1928130692469383,0.1585371193435998,0.1619861740157557,0.1542054379792298,0.1785865190789133
273,273.0,0.1544417745372119,0.1935953943450922,0.1581332994844187,0.1616595644599811,0.1548884362655999,0.1772815309076963
274,274.0,0.1550194061902671,0.1942619820586416,0.157783435482495,0.161333639496612,0.1555632149776203,0.1760383217943641
275,275.0,0.1555980452330573,0.1948177402489115,0.1574856303921221,0.1610115899160415,0.1562238482856058,0.1748631459242619
276,276.0,0.1572207555851324,0.1938695928877258,0.157377516512909,0.1602067381862849,0.1570050045367401,0.1743203922912079
277,277.0,0.1586713319164719,0.1927603956868254,0.1572395741608999,0.1592644573286027,0.1576851881725655,0.1743790527346347
278,278.0,0.1600888455021997,0.1915855274203728,0.1571443474250765,0.158344276700728,0.1583358764364362,0.1745011265151869
279,279.0,0.1614624274810197,0.1903633038775877,0.1570885170111784,0.1574531880859586,0.1589535119829091,0.1746790515613467
280,280.0,0.1626545300656292,0.1890465802574285,0.1577738297962802,0.1564689880409268,0.1594711211641566,0.1745849506755788
281,281.0,0.1637867647849879,0.1877156661115267,0.1584847029480156,0.1555262143244935,0.1599512228325812,0.1745354289983953
282,282.0,0.1648537960784273,0.1863852896339155,0.1584422409289731,0.1546301520409634,0.1603927667227808,0.1752957545949402
283,283.0,0.1657415838657148,0.1850137557675968,0.1583595645137835,0.1536752005599912,0.160740248118731,0.1764696471741829
284,284.0,0.1665580757184938,0.1836683461395553,0.158290972455664,0.152775699415032,0.1610490490053476,0.1776578572659075
285,285.0,0.1673022363116874,0.1823599024222435,0.1582357422394887,0.1519350985839342,0.161319949424698,0.1788470710179485
286,286.0,0.1679738571653222,0.1810978124617616,0.1581930899832251,0.1511559140436225,0.1615540304193151,0.1800252959267538
287,287.0,0.1685734760448176,0.1798900617820314,0.1581621844134445,0.1504397960104214,0.1617526331217263,0.181181848627559
288,288.0,0.1688642017206975,0.1785051987236799,0.1579040646791012,0.1495495037758567,0.1616792240960326,0.1834978070046322
289,289.0,0.1690883019708503,0.1771890688694385,0.1576583191082807,0.1487256433966961,0.1615760243195873,0.1857626423351473
290,290.0,0.1692501983353473,0.1759479601974384,0.1574261677403388,0.1479698102911907,0.16144704486523,0.1879588185704549
291,291.0,0.1693544922391089,0.1747867816761756,0.1572085726686672,0.1472827600630302,0.1612961534952954,0.1900712398577228
292,292.0,0.1694059009891712,0.173709152075789,0.1570062542143555,0.1466644849267616,0.1611270503150406,0.1920871574788822
293,293.0,0.1694091990134034,0.1727174928001947,0.1568197079002109,0.1461142901245584,0.1609432475373003,0.1939960626243324
294,294.0,0.1693691644041462,0.1718131234096697,0.156649221975358,0.1456308695710362,0.1607480531496002,0.1957895674901897
295,295.0,0.1692905307708412,0.170996358609612,0.1564948952601163,0.145212380046862,0.1605445582568135,0.197461277055755
296,296.0,0.1691779443522262,0.1702666055889757,0.156356655100677,0.1448565133443427,0.1603356278583766,0.1990066537554018
297,297.0,0.1690359262910182,0.1696224607000249,0.1562342752430543,0.1445605658483382,0.1601238948088389,0.2004228771087254
298,298.0,0.1688688399320888,0.1690618045784806,0.1575559648842142,0.1443215051131569,0.159911756703806,0.2002801287882535
299,299.0,0.1686808629687993,0.1685818949088176,0.1588783858921526,0.1441360330700683,0.1597013754298776,0.2000214477302846
300,300.0,0.1684759642312187,0.1681794561425443,0.1601882409201122,0.1440006455702941,0.1594946791166826,0.1996610140191482
301,301.0,0.1682578848841518,0.1678507655769846,0.1614736880158112,0.1439116880345005,0.1592933662312795,0.1992126072572724
302,302.0,0.168030123782018,0.1675917352977227,0.1627243135015189,0.1438654070416475,0.1590989115597433,0.1986895088173498
303,303.0,0.1676173552827738,0.1679337038646356,0.1644668075690914,0.1449294263187981,0.1594482881131169,0.1956044188515844
304,304.0,0.167202922096837,0.168331008850294,0.1661524155625237,0.1460177899318946,0.1598014761462326,0.192494387412218
305,305.0,0.1669563085969647,0.1687013552091033,0.167859555675589,0.1464984788033729,0.1603197362030137,0.1896645655119564
306,306.0,0.1666889104720692,0.1690853214136613,0.1695977405154198,0.1469757403382433,0.1608070900030457,0.1868451972575606
307,307.0,0.1662896603132399,0.1704714591400483,0.1711091669841509,0.1471750565557825,0.1611459347813413,0.1838087222254371
308,308.0,0.1659007358254583,0.1718706898588174,0.1725263966542049,0.1473722288255482,0.1614727329922912,0.18085721584368
309,309.0,0.1655249936864976,0.1732677119635428,0.173844676908749,0.14756549981962,0.1617854213105205,0.1780116963110702
310,310.0,0.1651648730828652,0.1746487760945816,0.1750607198867886,0.1477533269556268,0.1620822838421189,0.175290020138019
311,311.0,0.1648224130670647,0.176001667407992,0.176172588886194,0.1479343763480148,0.1623619345404335,0.1727070197503011
312,312.0,0.1642611769423756,0.1770775790343077,0.1783700588053106,0.1478694200391268,0.1623852028437144,0.1700365623351651
313,313.0,0.1637229403952194,0.1781077355402605,0.1804511662815475,0.1477979938764651,0.1623917800227177,0.16752838388379
314,314.0,0.1630996747222032,0.178864188650605,0.1822956253733193,0.1474992368848114,0.1632721583069702,0.164969116062091
315,315.0,0.163324297310825,0.1793849259919804,0.1839177472372457,0.1470170515351633,0.1639483356212862,0.1624076423034995
316,316.0,0.163421894321156,0.1797004329799912,0.1853296049835325,0.1472200570622713,0.1644460915016373,0.1598819191514118
317,317.0,0.1635405559772857,0.1799644412164572,0.1866062882646627,0.1474240679595522,0.1649146541689802,0.157549992413062
318,318.0,0.1636769891980729,0.1801794604941683,0.1877485476943406,0.147626943581016,0.1653522573179424,0.1554158017144598
319,319.0,0.1635899572567486,0.1815387157066991,0.1885203078253194,0.1475886734599344,0.1655195256307769,0.1532428201205214
320,320.0,0.1645883912746517,0.1824856192798709,0.1889866152718735,0.1473694691574873,0.1654775341936826,0.1510923708224339
321,321.0,0.1655894746013945,0.1833733659133164,0.1893340665136942,0.1471503304205498,0.1654083431817375,0.1491444193693074
322,322.0,0.1664547263446207,0.1840707887064686,0.189506970094734,0.1467411343876327,0.1659563901035718,0.147269990362972
