,Unnamed: 0,Total_iterations,Intertwine_two,Add_vertex,Delete_vertex,Invert_path_vertices,Insert_inside_vertex,Delete_inside_vertex
0,0.0,0.0,0.16666666666666657,0.16666666666666657,0.16666666666666657,0.16666666666666657,0.16666666666666657,0.16666666666666657
1,1.0,1.0,0.16666666666666657,0.16666666666666657,0.16666666666666657,0.16666666666666657,0.16666666666666657,0.16666666666666657
2,2.0,2.0,0.16666666666666657,0.16666666666666657,0.16666666666666657,0.16666666666666657,0.16666666666666657,0.16666666666666657
3,3.0,3.0,0.16666666666666657,0.16666666666666657,0.16666666666666657,0.16666666666666657,0.16666666666666657,0.16666666666666657
4,4.0,4.0,0.16666666666666657,0.16666666666666657,0.16666666666666657,0.16666666666666657,0.16666666666666657,0.16666666666666657
5,5.0,5.0,0.16666666666666657,0.16666666666666657,0.16666666666666657,0.16666666666666657,0.16666666666666657,0.16666666666666657
6,6.0,6.0,0.16666666666666657,0.16666666666666657,0.16666666666666657,0.16666666666666657,0.16666666666666657,0.16666666666666657
7,7.0,7.0,0.16666666666666657,0.16666666666666657,0.16666666666666657,0.16666666666666657,0.16666666666666657,0.16666666666666657
8,8.0,8.0,0.16666666666666657,0.16666666666666657,0.16666666666666657,0.16666666666666657,0.16666666666666657,0.16666666666666657
9,9.0,9.0,0.16666666666666657,0.16666666666666657,0.16666666666666657,0.16666666666666657,0.16666666666666657,0.16666666666666657
10,10.0,10.0,0.16666666666666657,0.16666666666666657,0.16666666666666657,0.16666666666666657,0.16666666666666657,0.16666666666666657
11,11.0,11.0,0.16666666666666657,0.16666666666666657,0.16666666666666657,0.16666666666666657,0.16666666666666657,0.16666666666666657
12,12.0,12.0,0.16666666666666657,0.16666666666666657,0.16666666666666657,0.16666666666666657,0.16666666666666657,0.16666666666666657
13,13.0,13.0,0.16666666666666657,0.16666666666666657,0.16666666666666657,0.16666666666666657,0.16666666666666657,0.16666666666666657
14,14.0,14.0,0.16666666666666657,0.16666666666666657,0.16666666666666657,0.16666666666666657,0.16666666666666657,0.16666666666666657
15,15.0,15.0,0.16666666666666657,0.16666666666666657,0.16666666666666657,0.16666666666666657,0.16666666666666657,0.16666666666666657
16,16.0,16.0,0.16666666666666657,0.16666666666666657,0.16666666666666657,0.16666666666666657,0.16666666666666657,0.16666666666666657
17,17.0,17.0,0.16666666666666657,0.16666666666666657,0.16666666666666657,0.16666666666666657,0.16666666666666657,0.16666666666666657
18,18.0,18.0,0.16666666666666657,0.16666666666666657,0.16666666666666657,0.16666666666666657,0.16666666666666657,0.16666666666666657
19,19.0,19.0,0.16666666666666657,0.16666666666666657,0.16666666666666657,0.16666666666666657,0.16666666666666657,0.16666666666666657
20,20.0,20.0,0.16666666666666657,0.16666666666666657,0.16666666666666657,0.16666666666666657,0.16666666666666657,0.16666666666666657
21,21.0,21.0,0.16666666666666657,0.16666666666666657,0.16666666666666657,0.16666666666666657,0.16666666666666657,0.16666666666666657
22,22.0,22.0,0.16666666666666657,0.16666666666666657,0.16666666666666657,0.16666666666666657,0.16666666666666657,0.16666666666666657
23,23.0,23.0,0.16666666666666657,0.16666666666666657,0.16666666666666657,0.16666666666666657,0.16666666666666657,0.16666666666666657
24,24.0,24.0,0.16666666666666657,0.16666666666666657,0.16666666666666657,0.16666666666666657,0.16666666666666657,0.16666666666666657
25,25.0,25.0,0.16666666666666657,0.16666666666666657,0.16666666666666657,0.16666666666666657,0.16666666666666657,0.16666666666666657
26,26.0,26.0,0.16666666666666657,0.16666666666666657,0.16666666666666657,0.16666666666666657,0.16666666666666657,0.16666666666666657
27,27.0,27.0,0.16666666666666657,0.16666666666666657,0.16666666666666657,0.16666666666666657,0.16666666666666657,0.16666666666666657
28,28.0,28.0,0.16666666666666657,0.16666666666666657,0.16666666666666657,0.16666666666666657,0.16666666666666657,0.16666666666666657
29,29.0,29.0,0.16666666666666657,0.16666666666666657,0.16666666666666657,0.16666666666666657,0.16666666666666657,0.16666666666666657
30,30.0,30.0,0.16666666666666657,0.16666666666666657,0.16666666666666657,0.16666666666666657,0.16666666666666657,0.16666666666666657
31,31.0,31.0,0.16666666666666657,0.16666666666666657,0.16666666666666657,0.16666666666666657,0.16666666666666657,0.16666666666666657
32,32.0,32.0,0.16666666666666657,0.16666666666666657,0.16666666666666657,0.16666666666666657,0.16666666666666657,0.16666666666666657
33,33.0,33.0,0.16666666666666657,0.16666666666666657,0.16666666666666657,0.16666666666666657,0.16666666666666657,0.16666666666666657
34,34.0,34.0,0.16666666666666657,0.16666666666666657,0.16666666666666657,0.16666666666666657,0.16666666666666657,0.16666666666666657
35,35.0,35.0,0.16666666666666657,0.16666666666666657,0.16666666666666657,0.16666666666666657,0.16666666666666657,0.16666666666666657
36,36.0,36.0,0.16666666666666657,0.16666666666666657,0.16666666666666657,0.16666666666666657,0.16666666666666657,0.16666666666666657
37,37.0,37.0,0.16666666666666657,0.16666666666666657,0.16666666666666657,0.16666666666666657,0.16666666666666657,0.16666666666666657
38,38.0,38.0,0.16666666666666657,0.16666666666666657,0.16666666666666657,0.16666666666666657,0.16666666666666657,0.16666666666666657
39,39.0,39.0,0.16666666666666657,0.16666666666666657,0.16666666666666657,0.16666666666666657,0.16666666666666657,0.16666666666666657
40,40.0,40.0,0.16666666666666657,0.16666666666666657,0.16666666666666657,0.16666666666666657,0.16666666666666657,0.16666666666666657
41,41.0,41.0,0.16666666666666657,0.16666666666666657,0.16666666666666657,0.16666666666666657,0.16666666666666657,0.16666666666666657
42,42.0,42.0,0.16666666666666657,0.16666666666666657,0.16666666666666657,0.16666666666666657,0.16666666666666657,0.16666666666666657
43,43.0,43.0,0.16666666666666657,0.16666666666666657,0.16666666666666657,0.16666666666666657,0.16666666666666657,0.16666666666666657
44,44.0,44.0,0.16666666666666657,0.16666666666666657,0.16666666666666657,0.16666666666666657,0.16666666666666657,0.16666666666666657
45,45.0,45.0,0.16666666666666657,0.16666666666666657,0.16666666666666657,0.16666666666666657,0.16666666666666657,0.16666666666666657
46,46.0,46.0,0.16666666666666657,0.16666666666666657,0.16666666666666657,0.16666666666666657,0.16666666666666657,0.16666666666666657
47,47.0,47.0,0.16666666666666657,0.16666666666666657,0.16666666666666657,0.16666666666666657,0.16666666666666657,0.16666666666666657
48,48.0,48.0,0.16666666666666657,0.16666666666666657,0.16666666666666657,0.16666666666666657,0.16666666666666657,0.16666666666666657
49,49.0,49.0,0.16666666666666657,0.16666666666666657,0.16666666666666657,0.16666666666666657,0.16666666666666657,0.16666666666666657
50,50.0,50.0,0.16666666666666657,0.16666666666666657,0.16666666666666657,0.16666666666666657,0.16666666666666657,0.16666666666666657
51,51.0,51.0,0.16666666666666657,0.16666666666666657,0.16666666666666657,0.16666666666666657,0.16666666666666657,0.16666666666666657
52,52.0,52.0,0.16666666666666657,0.16666666666666657,0.16666666666666657,0.16666666666666657,0.16666666666666657,0.16666666666666657
53,53.0,53.0,0.16666666666666657,0.16666666666666657,0.16666666666666657,0.16666666666666657,0.16666666666666657,0.16666666666666657
54,54.0,54.0,0.16666666666666657,0.16666666666666657,0.16666666666666657,0.16666666666666657,0.16666666666666657,0.16666666666666657
55,55.0,55.0,0.16666666666666657,0.16666666666666657,0.16666666666666657,0.16666666666666657,0.16666666666666657,0.16666666666666657
56,56.0,56.0,0.16666666666666657,0.16666666666666657,0.16666666666666657,0.16666666666666657,0.16666666666666657,0.16666666666666657
57,57.0,57.0,0.16666666666666657,0.16666666666666657,0.16666666666666657,0.16666666666666657,0.16666666666666657,0.16666666666666657
58,58.0,58.0,0.16666666666666657,0.16666666666666657,0.16666666666666657,0.16666666666666657,0.16666666666666657,0.16666666666666657
59,59.0,59.0,0.16666666666666657,0.16666666666666657,0.16666666666666657,0.16666666666666657,0.16666666666666657,0.16666666666666657
60,60.0,60.0,0.16666666666666657,0.16666666666666657,0.16666666666666657,0.16666666666666657,0.16666666666666657,0.16666666666666657
61,61.0,61.0,0.16666666666666657,0.16666666666666657,0.16666666666666657,0.16666666666666657,0.16666666666666657,0.16666666666666657
62,62.0,62.0,0.16666666666666657,0.16666666666666657,0.16666666666666657,0.16666666666666657,0.16666666666666657,0.16666666666666657
63,63.0,63.0,0.16666666666666657,0.16666666666666657,0.16666666666666657,0.16666666666666657,0.16666666666666657,0.16666666666666657
64,64.0,64.0,0.16666666666666657,0.16666666666666657,0.16666666666666657,0.16666666666666657,0.16666666666666657,0.16666666666666657
65,65.0,65.0,0.16666666666666657,0.16666666666666657,0.16666666666666657,0.16666666666666657,0.16666666666666657,0.16666666666666657
66,66.0,66.0,0.16666666666666657,0.16666666666666657,0.16666666666666657,0.16666666666666657,0.16666666666666657,0.16666666666666657
67,67.0,67.0,0.16666666666666657,0.16666666666666657,0.16666666666666657,0.16666666666666657,0.16666666666666657,0.16666666666666657
68,68.0,68.0,0.16666666666666657,0.16666666666666657,0.16666666666666657,0.16666666666666657,0.16666666666666657,0.16666666666666657
69,69.0,69.0,0.16666666666666657,0.16666666666666657,0.16666666666666657,0.16666666666666657,0.16666666666666657,0.16666666666666657
70,70.0,70.0,0.16666666666666657,0.16666666666666657,0.16666666666666657,0.16666666666666657,0.16666666666666657,0.16666666666666657
71,71.0,71.1,0.16666666666666657,0.16666666666666657,0.16666666666666657,0.16666666666666657,0.16666666666666657,0.16666666666666657
72,72.0,72.2,0.16666666666666657,0.16666666666666657,0.16666666666666657,0.16666666666666657,0.16666666666666657,0.16666666666666657
73,73.0,73.2,0.16666666666666657,0.16666666666666657,0.16666666666666657,0.16666666666666657,0.16666666666666657,0.16666666666666657
74,74.0,74.2,0.16666666666666657,0.16666666666666657,0.16666666666666657,0.16666666666666657,0.16666666666666657,0.16666666666666657
75,75.0,75.2,0.16666666666666657,0.16666666666666657,0.16666666666666657,0.16666666666666657,0.16666666666666657,0.16666666666666657
76,76.0,76.2,0.16666666666666657,0.16666666666666657,0.16666666666666657,0.16666666666666657,0.16666666666666657,0.16666666666666657
77,77.0,77.2,0.16666666666666657,0.16666666666666657,0.16666666666666657,0.16666666666666657,0.16666666666666657,0.16666666666666657
78,78.0,78.3,0.16666666666666657,0.16666666666666657,0.16666666666666657,0.16666666666666657,0.16666666666666657,0.16666666666666657
79,79.0,79.4,0.16666666666666657,0.16666666666666657,0.16666666666666657,0.16666666666666657,0.16666666666666657,0.16666666666666657
80,80.0,80.4,0.16666666666666657,0.16666666666666657,0.16666666666666657,0.16666666666666657,0.16666666666666657,0.16666666666666657
81,81.0,81.4,0.16666666666666657,0.16666666666666657,0.16666666666666657,0.16666666666666657,0.16666666666666657,0.16666666666666657
82,82.0,82.4,0.16666666666666657,0.16666666666666657,0.16666666666666657,0.16666666666666657,0.16666666666666657,0.16666666666666657
83,83.0,83.5,0.16666666666666657,0.16666666666666657,0.16666666666666657,0.16666666666666657,0.16666666666666657,0.16666666666666657
84,84.0,84.6,0.16666666666666657,0.16666666666666657,0.16666666666666657,0.16666666666666657,0.16666666666666657,0.16666666666666657
85,85.0,85.7,0.16666666666666657,0.16666666666666657,0.16666666666666657,0.16666666666666657,0.16666666666666657,0.16666666666666657
86,86.0,86.7,0.16666666666666657,0.16666666666666657,0.16666666666666657,0.16666666666666657,0.16666666666666657,0.16666666666666657
87,87.0,87.7,0.16666666666666657,0.16666666666666657,0.16666666666666657,0.16666666666666657,0.16666666666666657,0.16666666666666657
88,88.0,88.7,0.16666666666666657,0.16666666666666657,0.16666666666666657,0.16666666666666657,0.16666666666666657,0.16666666666666657
89,89.0,89.7,0.16666666666666657,0.16666666666666657,0.16666666666666657,0.16666666666666657,0.16666666666666657,0.16666666666666657
90,90.0,90.7,0.16666666666666657,0.16666666666666657,0.16666666666666657,0.16666666666666657,0.16666666666666657,0.16666666666666657
91,91.0,91.7,0.16666666666666657,0.16666666666666657,0.16666666666666657,0.16666666666666657,0.16666666666666657,0.16666666666666657
92,92.0,92.7,0.16666666666666657,0.16666666666666657,0.16666666666666657,0.16666666666666657,0.16666666666666657,0.16666666666666657
93,93.0,93.7,0.16666666666666657,0.16666666666666657,0.16666666666666657,0.16666666666666657,0.16666666666666657,0.16666666666666657
94,94.0,94.7,0.16666666666666657,0.16666666666666657,0.16666666666666657,0.16666666666666657,0.16666666666666657,0.16666666666666657
95,95.0,95.7,0.16666666666666657,0.16666666666666657,0.16666666666666657,0.16666666666666657,0.16666666666666657,0.16666666666666657
96,96.0,96.7,0.16666666666666657,0.16666666666666657,0.16666666666666657,0.16666666666666657,0.16666666666666657,0.16666666666666657
97,97.0,97.7,0.16666666666666657,0.16666666666666657,0.16666666666666657,0.16666666666666657,0.16666666666666657,0.16666666666666657
98,98.0,98.7,0.16666666666666657,0.16666666666666657,0.16666666666666657,0.16666666666666657,0.16666666666666657,0.16666666666666657
99,99.0,99.7,0.16666666666666657,0.16666666666666657,0.16666666666666657,0.16666666666666657,0.16666666666666657,0.16666666666666657
100,100.0,100.8,0.16666666666666657,0.16666666666666657,0.16666666666666657,0.16666666666666657,0.16666666666666657,0.16666666666666657
101,101.0,101.8,0.16666666666666657,0.16666666666666657,0.16666666666666657,0.16666666666666657,0.16666666666666657,0.16666666666666657
102,102.0,102.8,0.16666666666666657,0.16666666666666657,0.16666666666666657,0.16666666666666657,0.16666666666666657,0.16666666666666657
103,103.0,103.8,0.16666666666666657,0.16666666666666657,0.16666666666666657,0.16666666666666657,0.16666666666666657,0.16666666666666657
104,104.0,104.8,0.16666666666666657,0.16666666666666657,0.16666666666666657,0.16666666666666657,0.16666666666666657,0.16666666666666657
105,105.0,105.8,0.16666666666666657,0.16666666666666657,0.16666666666666657,0.16666666666666657,0.16666666666666657,0.16666666666666657
106,106.0,106.8,0.16666666666666657,0.16666666666666657,0.16666666666666657,0.16666666666666657,0.16666666666666657,0.16666666666666657
107,107.0,107.8,0.16666666666666657,0.16666666666666657,0.16666666666666657,0.16666666666666657,0.16666666666666657,0.16666666666666657
108,108.0,108.8,0.16666666666666657,0.16666666666666657,0.16666666666666657,0.16666666666666657,0.16666666666666657,0.16666666666666657
109,109.0,109.8,0.16666666666666657,0.16666666666666657,0.16666666666666657,0.16666666666666657,0.16666666666666657,0.16666666666666657
110,110.0,110.8,0.16666666666666657,0.16666666666666657,0.16666666666666657,0.16666666666666657,0.16666666666666657,0.16666666666666657
111,111.0,111.8,0.16666666666666657,0.16666666666666657,0.16666666666666657,0.16666666666666657,0.16666666666666657,0.16666666666666657
112,112.0,112.8,0.16666666666666657,0.16666666666666657,0.16666666666666657,0.16666666666666657,0.16666666666666657,0.16666666666666657
113,113.0,113.8,0.16666666666666657,0.16666666666666657,0.16666666666666657,0.16666666666666657,0.16666666666666657,0.16666666666666657
114,114.0,114.8,0.16666666666666657,0.16666666666666657,0.16666666666666657,0.16666666666666657,0.16666666666666657,0.16666666666666657
115,115.0,115.8,0.16666666666666657,0.16666666666666657,0.16666666666666657,0.16666666666666657,0.16666666666666657,0.16666666666666657
116,116.0,116.8,0.16666666666666657,0.16666666666666657,0.16666666666666657,0.16666666666666657,0.16666666666666657,0.16666666666666657
117,117.0,117.8,0.16666666666666657,0.16666666666666657,0.16666666666666657,0.16666666666666657,0.16666666666666657,0.16666666666666657
118,118.0,118.8,0.16666666666666657,0.16666666666666657,0.16666666666666657,0.16666666666666657,0.16666666666666657,0.16666666666666657
119,119.0,119.8,0.16666666666666657,0.16666666666666657,0.16666666666666657,0.16666666666666657,0.16666666666666657,0.16666666666666657
120,120.0,120.8,0.16666666666666657,0.16666666666666657,0.16666666666666657,0.16666666666666657,0.16666666666666657,0.16666666666666657
121,121.0,121.8,0.16666666666666657,0.16666666666666657,0.16666666666666657,0.16666666666666657,0.16666666666666657,0.16666666666666657
122,122.0,122.8,0.16666666666666657,0.16666666666666657,0.16666666666666657,0.16666666666666657,0.16666666666666657,0.16666666666666657
123,123.0,123.8,0.16666666666666657,0.16666666666666657,0.16666666666666657,0.16666666666666657,0.16666666666666657,0.16666666666666657
124,124.0,124.8,0.16666666666666657,0.16666666666666657,0.16666666666666657,0.16666666666666657,0.16666666666666657,0.16666666666666657
125,125.0,125.8,0.16666666666666657,0.16666666666666657,0.16666666666666657,0.16666666666666657,0.16666666666666657,0.16666666666666657
126,126.0,126.8,0.16666666666666657,0.16666666666666657,0.16666666666666657,0.16666666666666657,0.16666666666666657,0.16666666666666657
127,127.0,127.8,0.16666666666666657,0.16666666666666657,0.16666666666666657,0.16666666666666657,0.16666666666666657,0.16666666666666657
128,128.0,128.8,0.16666666666666657,0.16666666666666657,0.16666666666666657,0.16666666666666657,0.16666666666666657,0.16666666666666657
129,129.0,129.8,0.16666666666666657,0.16666666666666657,0.16666666666666657,0.16666666666666657,0.16666666666666657,0.16666666666666657
130,130.0,130.8,0.16666666666666657,0.16666666666666657,0.16666666666666657,0.16666666666666657,0.16666666666666657,0.16666666666666657
131,131.0,131.8,0.16666666666666657,0.16666666666666657,0.16666666666666657,0.16666666666666657,0.16666666666666657,0.16666666666666657
132,132.0,132.8,0.16666666666666657,0.16666666666666657,0.16666666666666657,0.16666666666666657,0.16666666666666657,0.16666666666666657
133,133.0,133.8,0.16666666666666657,0.16666666666666657,0.16666666666666657,0.16666666666666657,0.16666666666666657,0.16666666666666657
134,134.0,134.8,0.16666666666666657,0.16666666666666657,0.16666666666666657,0.16666666666666657,0.16666666666666657,0.16666666666666657
135,135.0,135.8,0.16666666666666657,0.16666666666666657,0.16666666666666657,0.16666666666666657,0.16666666666666657,0.16666666666666657
136,136.0,136.8,0.16666666666666657,0.16666666666666657,0.16666666666666657,0.16666666666666657,0.16666666666666657,0.16666666666666657
137,137.0,137.8,0.16666666666666657,0.16666666666666657,0.16666666666666657,0.16666666666666657,0.16666666666666657,0.16666666666666657
138,138.0,138.8,0.16666666666666657,0.16666666666666657,0.16666666666666657,0.16666666666666657,0.16666666666666657,0.16666666666666657
139,139.0,139.8,0.16666666666666657,0.16666666666666657,0.16666666666666657,0.16666666666666657,0.16666666666666657,0.16666666666666657
140,140.0,140.8,0.16666666666666657,0.16666666666666657,0.16666666666666657,0.16666666666666657,0.16666666666666657,0.16666666666666657
141,141.0,141.8,0.16666666666666657,0.16666666666666657,0.16666666666666657,0.16666666666666657,0.16666666666666657,0.16666666666666657
142,142.0,142.8,0.16666666666666657,0.16666666666666657,0.16666666666666657,0.16666666666666657,0.16666666666666657,0.16666666666666657
143,143.0,143.8,0.16666666666666657,0.16666666666666657,0.16666666666666657,0.16666666666666657,0.16666666666666657,0.16666666666666657
144,144.0,144.8,0.16666666666666657,0.16666666666666657,0.16666666666666657,0.16666666666666657,0.16666666666666657,0.16666666666666657
145,145.0,145.8,0.16666666666666657,0.16666666666666657,0.16666666666666657,0.16666666666666657,0.16666666666666657,0.16666666666666657
146,146.0,146.8,0.16666666666666657,0.16666666666666657,0.16666666666666657,0.16666666666666657,0.16666666666666657,0.16666666666666657
147,147.0,147.8,0.16666666666666657,0.16666666666666657,0.16666666666666657,0.16666666666666657,0.16666666666666657,0.16666666666666657
148,148.0,148.9,0.16666666666666657,0.16666666666666657,0.16666666666666657,0.16666666666666657,0.16666666666666657,0.16666666666666657
149,149.0,149.9,0.16666666666666657,0.16666666666666657,0.16666666666666657,0.16666666666666657,0.16666666666666657,0.16666666666666657
150,150.0,150.9,0.16666666666666657,0.16666666666666657,0.16666666666666657,0.16666666666666657,0.16666666666666657,0.16666666666666657
151,151.0,151.9,0.16666666666666657,0.16666666666666657,0.16666666666666657,0.16666666666666657,0.16666666666666657,0.16666666666666657
152,152.0,152.9,0.16666666666666657,0.16666666666666657,0.16666666666666657,0.16666666666666657,0.16666666666666657,0.16666666666666657
153,153.0,153.9,0.16666666666666657,0.16666666666666657,0.16666666666666657,0.16666666666666657,0.16666666666666657,0.16666666666666657
154,154.0,154.9,0.16666666666666657,0.16666666666666657,0.16666666666666657,0.16666666666666657,0.16666666666666657,0.16666666666666657
155,155.0,155.9,0.16666666666666657,0.16666666666666657,0.16666666666666657,0.16666666666666657,0.16666666666666657,0.16666666666666657
156,156.0,156.9,0.16666666666666657,0.16666666666666657,0.16666666666666657,0.16666666666666657,0.16666666666666657,0.16666666666666657
157,157.0,157.9,0.16666666666666657,0.16666666666666657,0.16666666666666657,0.16666666666666657,0.16666666666666657,0.16666666666666657
158,158.0,158.9,0.16666666666666657,0.16666666666666657,0.16666666666666657,0.16666666666666657,0.16666666666666657,0.16666666666666657
159,159.0,159.9,0.16666666666666657,0.16666666666666657,0.16666666666666657,0.16666666666666657,0.16666666666666657,0.16666666666666657
160,160.0,160.9,0.16666666666666657,0.16666666666666657,0.16666666666666657,0.16666666666666657,0.16666666666666657,0.16666666666666657
161,161.0,162.0,0.16666666666666657,0.16666666666666657,0.16666666666666657,0.16666666666666657,0.16666666666666657,0.16666666666666657
162,162.0,163.0,0.16666666666666657,0.16666666666666657,0.16666666666666657,0.16666666666666657,0.16666666666666657,0.16666666666666657
163,163.0,164.0,0.16666666666666657,0.16666666666666657,0.16666666666666657,0.16666666666666657,0.16666666666666657,0.16666666666666657
164,164.0,165.0,0.16666666666666657,0.16666666666666657,0.16666666666666657,0.16666666666666657,0.16666666666666657,0.16666666666666657
165,165.0,166.0,0.16666666666666657,0.16666666666666657,0.16666666666666657,0.16666666666666657,0.16666666666666657,0.16666666666666657
166,166.0,167.0,0.16666666666666657,0.16666666666666657,0.16666666666666657,0.16666666666666657,0.16666666666666657,0.16666666666666657
167,167.0,168.0,0.16666666666666657,0.16666666666666657,0.16666666666666657,0.16666666666666657,0.16666666666666657,0.16666666666666657
168,168.0,169.0,0.16666666666666657,0.16666666666666657,0.16666666666666657,0.16666666666666657,0.16666666666666657,0.16666666666666657
169,169.0,170.0,0.16666666666666657,0.16666666666666657,0.16666666666666657,0.16666666666666657,0.16666666666666657,0.16666666666666657
170,170.0,171.0,0.16666666666666657,0.16666666666666657,0.16666666666666657,0.16666666666666657,0.16666666666666657,0.16666666666666657
171,171.0,172.0,0.16666666666666657,0.16666666666666657,0.16666666666666657,0.16666666666666657,0.16666666666666657,0.16666666666666657
172,172.0,173.0,0.16666666666666657,0.16666666666666657,0.16666666666666657,0.16666666666666657,0.16666666666666657,0.16666666666666657
173,173.0,174.0,0.16666666666666657,0.16666666666666657,0.16666666666666657,0.16666666666666657,0.16666666666666657,0.16666666666666657
174,174.0,175.0,0.16666666666666657,0.16666666666666657,0.16666666666666657,0.16666666666666657,0.16666666666666657,0.16666666666666657
175,175.0,176.0,0.16666666666666657,0.16666666666666657,0.16666666666666657,0.16666666666666657,0.16666666666666657,0.16666666666666657
176,176.0,177.0,0.16666666666666657,0.16666666666666657,0.16666666666666657,0.16666666666666657,0.16666666666666657,0.16666666666666657
177,177.0,178.0,0.16666666666666657,0.16666666666666657,0.16666666666666657,0.16666666666666657,0.16666666666666657,0.16666666666666657
178,178.0,179.0,0.16666666666666657,0.16666666666666657,0.16666666666666657,0.16666666666666657,0.16666666666666657,0.16666666666666657
179,179.0,180.0,0.16666666666666657,0.16666666666666657,0.16666666666666657,0.16666666666666657,0.16666666666666657,0.16666666666666657
180,180.0,181.0,0.16666666666666657,0.16666666666666657,0.16666666666666657,0.16666666666666657,0.16666666666666657,0.16666666666666657
181,181.0,182.0,0.16666666666666657,0.16666666666666657,0.16666666666666657,0.16666666666666657,0.16666666666666657,0.16666666666666657
182,182.0,183.0,0.16666666666666657,0.16666666666666657,0.16666666666666657,0.16666666666666657,0.16666666666666657,0.16666666666666657
183,183.0,184.1,0.16666666666666657,0.16666666666666657,0.16666666666666657,0.16666666666666657,0.16666666666666657,0.16666666666666657
184,184.0,185.1,0.16666666666666657,0.16666666666666657,0.16666666666666657,0.16666666666666657,0.16666666666666657,0.16666666666666657
185,185.0,186.1,0.16666666666666657,0.16666666666666657,0.16666666666666657,0.16666666666666657,0.16666666666666657,0.16666666666666657
186,186.0,187.1,0.16666666666666657,0.16666666666666657,0.16666666666666657,0.16666666666666657,0.16666666666666657,0.16666666666666657
187,187.0,188.1,0.16666666666666657,0.16666666666666657,0.16666666666666657,0.16666666666666657,0.16666666666666657,0.16666666666666657
188,188.0,189.1,0.16666666666666657,0.16666666666666657,0.16666666666666657,0.16666666666666657,0.16666666666666657,0.16666666666666657
189,189.0,190.1,0.16666666666666657,0.16666666666666657,0.16666666666666657,0.16666666666666657,0.16666666666666657,0.16666666666666657
190,190.0,191.1,0.16666666666666657,0.16666666666666657,0.16666666666666657,0.16666666666666657,0.16666666666666657,0.16666666666666657
191,191.0,192.1,0.16666666666666657,0.16666666666666657,0.16666666666666657,0.16666666666666657,0.16666666666666657,0.16666666666666657
192,192.0,193.1,0.16666666666666657,0.16666666666666657,0.16666666666666657,0.16666666666666657,0.16666666666666657,0.16666666666666657
193,193.0,194.1,0.16666666666666657,0.16666666666666657,0.16666666666666657,0.16666666666666657,0.16666666666666657,0.16666666666666657
194,194.0,195.1,0.16666666666666657,0.16666666666666657,0.16666666666666657,0.16666666666666657,0.16666666666666657,0.16666666666666657
195,195.0,196.1,0.16666666666666657,0.16666666666666657,0.16666666666666657,0.16666666666666657,0.16666666666666657,0.16666666666666657
196,196.0,197.1,0.16666666666666657,0.16666666666666657,0.16666666666666657,0.16666666666666657,0.16666666666666657,0.16666666666666657
197,197.0,198.1,0.16666666666666657,0.16666666666666657,0.16666666666666657,0.16666666666666657,0.16666666666666657,0.16666666666666657
198,198.0,199.1,0.16666666666666657,0.16666666666666657,0.16666666666666657,0.16666666666666657,0.16666666666666657,0.16666666666666657
199,199.0,200.1,0.17840961627369387,0.1641239019879796,0.16509477577438733,0.1641239019879796,0.1641239019879796,0.1641239019879796
200,200.0,201.1,0.19111721611721605,0.161584249084249,0.16254578754578747,0.161584249084249,0.161584249084249,0.161584249084249
201,201.0,202.1,0.1839743589743589,0.16872710622710616,0.1696886446886446,0.16872710622710616,0.1544413919413919,0.1544413919413919
202,202.0,203.1,0.1946886446886446,0.16694139194139188,0.1688644688644688,0.1641941391941391,0.1526556776556776,0.1526556776556776
203,203.0,204.1,0.19111721611721605,0.16336996336996332,0.1670787545787545,0.17669413919413915,0.15086996336996333,0.15086996336996333
204,204.0,205.1,0.174053724053724,0.17626678876678872,0.16568986568986563,0.17391636141636138,0.14948107448107445,0.16059218559218552
205,205.0,206.1,0.17047310833718593,0.18378794883649247,0.1797349360456156,0.15839112343966708,0.14825088611496376,0.15936199722607486
206,206.0,207.1,0.16548229548229543,0.18744810744810741,0.18557997557997555,0.15355921855921853,0.1434096459096459,0.16452075702075697
207,207.0,208.1,0.16409340659340654,0.19578144078144072,0.18280219780219778,0.15217032967032965,0.142020757020757,0.16313186813186809
208,208.0,209.1,0.16409340659340654,0.19578144078144072,0.18280219780219778,0.15217032967032965,0.142020757020757,0.16313186813186809
209,209.0,210.1,0.1782600732600732,0.20383699633699628,0.18196886446886446,0.1413369963369963,0.14229853479853477,0.15229853479853478
210,210.0,211.1,0.1842954267954267,0.2079026529026528,0.17876179376179374,0.1390390165390165,0.14000055500055497,0.15000055500055495
211,211.0,212.1,0.1842954267954267,0.2079026529026528,0.17876179376179374,0.1390390165390165,0.14000055500055497,0.15000055500055495
212,212.0,213.1,0.17318431568431564,0.2079026529026528,0.18987290487290487,0.1390390165390165,0.14000055500055497,0.15000055500055495
213,213.0,214.1,0.16096209346209342,0.21012487512487507,0.19876179376179373,0.1390390165390165,0.14000055500055497,0.1511116661116661
214,214.0,215.1,0.1582348207348207,0.20921578421578418,0.20512543012543008,0.1381299256299256,0.13909146409146406,0.15020257520257516
215,215.0,216.1,0.15358114108114101,0.20607725607725605,0.20804750804750802,0.13499139749139744,0.13595293595293592,0.16134976134976128
216,216.0,217.1,0.16237234987234983,0.2113428238428238,0.20305666555666554,0.13256465756465752,0.133526196026196,0.1571373071373071
217,217.0,218.1,0.16072399822399816,0.2102439227439227,0.20745226995226992,0.13201520701520697,0.13297674547674546,0.15658785658785654
218,218.0,219.1,0.14822399822399818,0.2102439227439227,0.20745226995226992,0.13201520701520697,0.13297674547674546,0.16908785658785655
219,219.0,220.1,0.1468351093351093,0.20885503385503382,0.20606338106338104,0.1306263181263181,0.13158785658785657,0.17603230103230097
220,220.0,221.1,0.14540653790653787,0.20790265290265286,0.2032062382062382,0.13015012765012762,0.13111166611166608,0.1822227772227772
221,221.0,222.1,0.14415653790653787,0.20706931956931954,0.2069562382062382,0.12973346098346095,0.13069499944499943,0.18138944388944384
222,222.0,223.1,0.1423708236208236,0.19278360528360522,0.22838480963480964,0.12794774669774667,0.12890928515928515,0.17960372960372956
223,223.0,224.1,0.15827991452991452,0.17232905982905977,0.22270299145299144,0.13135683760683756,0.13231837606837607,0.18301282051282047
224,224.0,225.1,0.16925213675213674,0.18149572649572646,0.21173076923076922,0.13038461538461535,0.13134615384615383,0.17579059829059823
225,225.0,226.2,0.16964896214896213,0.1753449328449328,0.2121275946275946,0.13217032967032963,0.1442429792429792,0.16646520146520144
226,226.0,227.2,0.16964896214896213,0.1753449328449328,0.2121275946275946,0.13217032967032963,0.1442429792429792,0.16646520146520144
227,227.0,228.2,0.17822039072039067,0.17629731379731375,0.20117521367521363,0.1326465201465201,0.1447191697191697,0.1669413919413919
228,228.0,229.2,0.17631562881562876,0.1753449328449328,0.20546092796092794,0.13217032967032963,0.1442429792429792,0.16646520146520144
229,229.0,230.2,0.19556166056166052,0.18030525030525024,0.19970695970695967,0.13713064713064707,0.14920329670329666,0.13809218559218556
230,230.0,231.2,0.19556166056166052,0.18030525030525024,0.19970695970695967,0.13713064713064707,0.14920329670329666,0.13809218559218556
231,231.0,232.2,0.18060134310134304,0.18264652014652008,0.18391330891330887,0.13899572649572645,0.15960012210012203,0.1542429792429792
232,232.0,233.2,0.19032356532356526,0.1812576312576312,0.18113553113553107,0.13760683760683756,0.15682234432234426,0.1528540903540903
233,233.0,234.2,0.19032356532356526,0.19554334554334546,0.18113553113553107,0.13760683760683756,0.15682234432234426,0.13856837606837602
234,234.0,235.2,0.18403540903540896,0.17759462759462755,0.1793650793650793,0.14133089133089127,0.16109584859584855,0.15657814407814402
235,235.0,236.2,0.18403540903540896,0.17759462759462755,0.1793650793650793,0.14133089133089127,0.16109584859584855,0.15657814407814402
236,236.0,237.2,0.18181318681318676,0.17648351648351643,0.1771428571428571,0.14021978021978015,0.15887362637362631,0.1654670329670329
237,237.0,238.2,0.1652514152514152,0.19428071928071922,0.17788877788877783,0.13995171495171488,0.1583374958374958,0.16428987678987675
238,238.0,239.2,0.1652514152514152,0.19428071928071922,0.17788877788877783,0.13995171495171488,0.1583374958374958,0.16428987678987675
239,239.0,240.2,0.16373626373626365,0.1927655677655677,0.1763736263736263,0.13919413919413912,0.1651556776556776,0.1627747252747252
240,240.0,241.2,0.16373626373626365,0.1927655677655677,0.1763736263736263,0.13919413919413912,0.1651556776556776,0.1627747252747252
241,241.0,242.2,0.16373626373626365,0.1927655677655677,0.1763736263736263,0.13919413919413912,0.1651556776556776,0.1627747252747252
242,242.0,243.2,0.16195054945054937,0.1909798534798534,0.17458791208791202,0.14990842490842485,0.16336996336996332,0.15920329670329664
243,243.0,244.2,0.1587759462759462,0.19851953601953595,0.17141330891330886,0.1453449328449328,0.16019536019536015,0.1657509157509157
244,244.0,245.2,0.15917998667998665,0.1898326673326673,0.1718173493173493,0.14388028638028633,0.16135697635697632,0.1739327339327339
245,245.0,246.3,0.15917998667998665,0.1898326673326673,0.1718173493173493,0.14388028638028633,0.16135697635697632,0.1739327339327339
246,246.0,247.3,0.15917998667998665,0.1898326673326673,0.16272644022644017,0.14388028638028633,0.17044788544788542,0.1739327339327339
247,247.0,248.3,0.15560855810855806,0.20054695304695302,0.1609407259407259,0.14209457209457205,0.16866217116217114,0.17214701964701962
248,248.0,249.3,0.1624267399267399,0.19978937728937723,0.16018315018315016,0.14133699633699628,0.1656318681318681,0.1706318681318681
249,249.0,250.3,0.16819597069597064,0.1991483516483516,0.15954212454212452,0.14069597069597065,0.16306776556776553,0.16934981684981681
250,250.0,251.3,0.17097374847374844,0.18525946275946273,0.1706532356532356,0.14347374847374844,0.15751221001221,0.17212759462759458
251,251.0,252.3,0.1514560439560439,0.18771978021978017,0.17799450549450546,0.1518406593406593,0.15818681318681316,0.17280219780219777
252,252.0,253.3,0.1514560439560439,0.18771978021978017,0.17799450549450546,0.1518406593406593,0.15818681318681316,0.17280219780219777
253,253.0,254.3,0.1514560439560439,0.18771978021978017,0.17799450549450546,0.1518406593406593,0.15818681318681316,0.17280219780219777
254,254.0,255.3,0.14876123876123873,0.20483016983016977,0.1716633366633366,0.1491458541458541,0.15549200799200796,0.17010739260739255
255,255.0,256.3,0.14661477411477405,0.21859279609279608,0.16648656898656894,0.14699938949938945,0.15334554334554332,0.16796092796092793
256,256.0,257.3,0.14661477411477405,0.21859279609279608,0.16648656898656894,0.14699938949938945,0.15334554334554332,0.16796092796092793
257,257.0,258.3,0.14661477411477405,0.21859279609279608,0.15815323565323564,0.14699938949938945,0.16167887667887665,0.16796092796092793
258,258.0,259.3,0.14661477411477405,0.21859279609279608,0.15815323565323564,0.14699938949938945,0.16167887667887665,0.16796092796092793
259,259.0,260.3,0.151037851037851,0.230067155067155,0.16129426129426122,0.15328144078144074,0.17090964590964589,0.13340964590964588
260,260.0,261.3,0.151037851037851,0.230067155067155,0.16129426129426122,0.15328144078144074,0.17090964590964589,0.13340964590964588
261,261.0,262.3,0.14270451770451767,0.230067155067155,0.16129426129426122,0.16161477411477407,0.17090964590964589,0.13340964590964588
262,262.0,263.3,0.14270451770451767,0.230067155067155,0.16129426129426122,0.16161477411477407,0.17090964590964589,0.13340964590964588
263,263.0,264.3,0.14131562881562876,0.22867826617826612,0.17101648351648344,0.15883699633699627,0.1681318681318681,0.13202075702075697
264,264.0,265.3,0.14131562881562876,0.22867826617826612,0.17101648351648344,0.15883699633699627,0.1681318681318681,0.13202075702075697
265,265.0,266.3,0.1337398712398712,0.2294358419358419,0.18162254412254406,0.15201881451881447,0.17040459540459535,0.13277833277833273
266,266.0,267.3,0.1337398712398712,0.2294358419358419,0.18162254412254406,0.15201881451881447,0.17040459540459535,0.13277833277833273
267,267.0,268.3,0.13298229548229543,0.22867826617826612,0.18768315018315013,0.15050366300366294,0.1681318681318681,0.13202075702075697
268,268.0,269.3,0.13298229548229543,0.22867826617826612,0.18768315018315013,0.15050366300366294,0.1681318681318681,0.13202075702075697
269,269.0,270.3,0.13298229548229543,0.22867826617826612,0.18768315018315013,0.15050366300366294,0.1681318681318681,0.13202075702075697
270,270.0,271.3,0.13615689865689862,0.23185286935286928,0.19403235653235648,0.142567155067155,0.16019536019536015,0.13519536019536016
271,271.0,272.3,0.1337301587301587,0.24192612942612937,0.18789682539682534,0.13949938949938945,0.16417887667887665,0.13276862026862024
272,272.0,273.3,0.1337301587301587,0.24192612942612937,0.18789682539682534,0.13949938949938945,0.16417887667887665,0.13276862026862024
273,273.0,274.3,0.1337301587301587,0.24192612942612937,0.18789682539682534,0.13949938949938945,0.16417887667887665,0.13276862026862024
274,274.0,275.4,0.1337301587301587,0.24192612942612937,0.18789682539682534,0.13949938949938945,0.16417887667887665,0.13276862026862024
275,275.0,276.4,0.1337301587301587,0.24192612942612937,0.18789682539682534,0.13949938949938945,0.16417887667887665,0.13276862026862024
276,276.0,277.4,0.1351287601287601,0.24332473082473077,0.20258214008214,0.14229659229659225,0.14250055500055497,0.13416722166722164
277,277.0,278.4,0.1351287601287601,0.24332473082473077,0.20258214008214,0.14229659229659225,0.14250055500055497,0.13416722166722164
278,278.0,279.4,0.1351287601287601,0.24332473082473077,0.20258214008214,0.14229659229659225,0.14250055500055497,0.13416722166722164
279,279.0,280.4,0.1351287601287601,0.24332473082473077,0.20258214008214,0.14229659229659225,0.14250055500055497,0.13416722166722164
280,280.0,281.4,0.1351287601287601,0.24332473082473077,0.20258214008214,0.14229659229659225,0.14250055500055497,0.13416722166722164
281,281.0,282.4,0.1351287601287601,0.24332473082473077,0.20258214008214,0.14229659229659225,0.14250055500055497,0.13416722166722164
282,282.0,283.4,0.1351287601287601,0.24332473082473077,0.20258214008214,0.14229659229659225,0.14250055500055497,0.13416722166722164
283,283.0,284.4,0.1378210678210678,0.24127344877344875,0.20868470418470414,0.13491197691197687,0.1448210678210678,0.13248773448773446
284,284.0,285.4,0.1378210678210678,0.24127344877344875,0.20868470418470414,0.13491197691197687,0.1448210678210678,0.13248773448773446
285,285.0,286.4,0.1378210678210678,0.24127344877344875,0.20868470418470414,0.13491197691197687,0.1448210678210678,0.13248773448773446
286,286.0,287.4,0.1378210678210678,0.24127344877344875,0.20868470418470414,0.13491197691197687,0.1448210678210678,0.13248773448773446
287,287.0,288.4,0.1378210678210678,0.24127344877344875,0.20868470418470414,0.13491197691197687,0.1448210678210678,0.13248773448773446
288,288.0,289.4,0.1378210678210678,0.24127344877344875,0.20868470418470414,0.13491197691197687,0.1448210678210678,0.13248773448773446
289,289.0,290.4,0.13755790992633093,0.24109801017695748,0.209667160325055,0.13480671375408212,0.14457545378598008,0.13229475203159408
290,290.0,291.4,0.13730158730158726,0.24092712842712838,0.21062409812409805,0.13470418470418466,0.1443362193362193,0.13210678210678206
291,291.0,292.4,0.14047619047619042,0.2107683982683982,0.21379870129870127,0.15216450216450214,0.14751082251082245,0.13528138528138522
292,292.0,293.4,0.14022644022644018,0.21060189810189806,0.21473110223110217,0.15206460206460204,0.14727772227772223,0.13509823509823504
293,293.0,294.4,0.13760206038687048,0.20805866074853413,0.21325894569565454,0.14958627870020272,0.15895528522110797,0.13253876924762997
294,294.0,295.4,0.13736471861471858,0.20790043290043286,0.21414502164502158,0.14949134199134198,0.15873376623376617,0.13236471861471857
295,295.0,296.4,0.13736471861471858,0.20790043290043286,0.21414502164502158,0.14949134199134198,0.15873376623376617,0.13236471861471857
