Total_iterations,Unnamed: 0.1,Intertwine_two,Add_vertex,Delete_vertex,Invert_path_vertices,Insert_inside_vertex,Delete_inside_vertex
0,0.0,0.1666666666666665,0.1666666666666665,0.1666666666666665,0.1666666666666665,0.1666666666666665,0.1666666666666665
1,1.0,0.1666666666666665,0.1666666666666665,0.1666666666666665,0.1666666666666665,0.1666666666666665,0.1666666666666665
2,2.0,0.1666666666666665,0.1666666666666665,0.1666666666666665,0.1666666666666665,0.1666666666666665,0.1666666666666665
3,3.0,0.1666666666666665,0.1666666666666665,0.1666666666666665,0.1666666666666665,0.1666666666666665,0.1666666666666665
4,4.0,0.1666666666666665,0.1666666666666665,0.1666666666666665,0.1666666666666665,0.1666666666666665,0.1666666666666665
5,5.0,0.1666666666666665,0.1666666666666665,0.1666666666666665,0.1666666666666665,0.1666666666666665,0.1666666666666665
6,6.0,0.1666666666666665,0.1666666666666665,0.1666666666666665,0.1666666666666665,0.1666666666666665,0.1666666666666665
7,7.0,0.1666666666666665,0.1666666666666665,0.1666666666666665,0.1666666666666665,0.1666666666666665,0.1666666666666665
8,8.0,0.1666666666666665,0.1666666666666665,0.1666666666666665,0.1666666666666665,0.1666666666666665,0.1666666666666665
9,9.0,0.1666666666666665,0.1666666666666665,0.1666666666666665,0.1666666666666665,0.1666666666666665,0.1666666666666665
10,10.0,0.1666666666666665,0.1666666666666665,0.1666666666666665,0.1666666666666665,0.1666666666666665,0.1666666666666665
11,11.0,0.1666666666666665,0.1666666666666665,0.1666666666666665,0.1666666666666665,0.1666666666666665,0.1666666666666665
12,12.0,0.1666666666666665,0.1666666666666665,0.1666666666666665,0.1666666666666665,0.1666666666666665,0.1666666666666665
13,13.0,0.1666666666666665,0.1666666666666665,0.1666666666666665,0.1666666666666665,0.1666666666666665,0.1666666666666665
14,14.0,0.1666666666666665,0.1666666666666665,0.1666666666666665,0.1666666666666665,0.1666666666666665,0.1666666666666665
15,15.0,0.1666666666666665,0.1666666666666665,0.1666666666666665,0.1666666666666665,0.1666666666666665,0.1666666666666665
16,16.0,0.1666666666666665,0.1666666666666665,0.1666666666666665,0.1666666666666665,0.1666666666666665,0.1666666666666665
17,17.0,0.1666666666666665,0.1666666666666665,0.1666666666666665,0.1666666666666665,0.1666666666666665,0.1666666666666665
18,18.0,0.1666666666666665,0.1666666666666665,0.1666666666666665,0.1666666666666665,0.1666666666666665,0.1666666666666665
19,19.0,0.1666666666666665,0.1666666666666665,0.1666666666666665,0.1666666666666665,0.1666666666666665,0.1666666666666665
20,20.0,0.1666666666666665,0.1666666666666665,0.1666666666666665,0.1666666666666665,0.1666666666666665,0.1666666666666665
21,21.0,0.1666666666666665,0.1666666666666665,0.1666666666666665,0.1666666666666665,0.1666666666666665,0.1666666666666665
22,22.0,0.1666666666666665,0.1666666666666665,0.1666666666666665,0.1666666666666665,0.1666666666666665,0.1666666666666665
23,23.0,0.1666666666666665,0.1666666666666665,0.1666666666666665,0.1666666666666665,0.1666666666666665,0.1666666666666665
24,24.0,0.1666666666666665,0.1666666666666665,0.1666666666666665,0.1666666666666665,0.1666666666666665,0.1666666666666665
25,25.0,0.1666666666666665,0.1666666666666665,0.1666666666666665,0.1666666666666665,0.1666666666666665,0.1666666666666665
26,26.0,0.1666666666666665,0.1666666666666665,0.1666666666666665,0.1666666666666665,0.1666666666666665,0.1666666666666665
27,27.0,0.1666666666666665,0.1666666666666665,0.1666666666666665,0.1666666666666665,0.1666666666666665,0.1666666666666665
28,28.0,0.1666666666666665,0.1666666666666665,0.1666666666666665,0.1666666666666665,0.1666666666666665,0.1666666666666665
29,29.0,0.1666666666666665,0.1666666666666665,0.1666666666666665,0.1666666666666665,0.1666666666666665,0.1666666666666665
30,30.0,0.1666666666666665,0.1666666666666665,0.1666666666666665,0.1666666666666665,0.1666666666666665,0.1666666666666665
31,31.0,0.1666666666666665,0.1666666666666665,0.1666666666666665,0.1666666666666665,0.1666666666666665,0.1666666666666665
32,32.0,0.1666666666666665,0.1666666666666665,0.1666666666666665,0.1666666666666665,0.1666666666666665,0.1666666666666665
33,33.0,0.1666666666666665,0.1666666666666665,0.1666666666666665,0.1666666666666665,0.1666666666666665,0.1666666666666665
34,34.0,0.1666666666666665,0.1666666666666665,0.1666666666666665,0.1666666666666665,0.1666666666666665,0.1666666666666665
35,35.0,0.1666666666666665,0.1666666666666665,0.1666666666666665,0.1666666666666665,0.1666666666666665,0.1666666666666665
36,36.0,0.1666666666666665,0.1666666666666665,0.1666666666666665,0.1666666666666665,0.1666666666666665,0.1666666666666665
37,37.0,0.1666666666666665,0.1666666666666665,0.1666666666666665,0.1666666666666665,0.1666666666666665,0.1666666666666665
38,38.0,0.1666666666666665,0.1666666666666665,0.1666666666666665,0.1666666666666665,0.1666666666666665,0.1666666666666665
39,39.0,0.1666666666666665,0.1666666666666665,0.1666666666666665,0.1666666666666665,0.1666666666666665,0.1666666666666665
40,40.0,0.1666666666666665,0.1666666666666665,0.1666666666666665,0.1666666666666665,0.1666666666666665,0.1666666666666665
41,41.0,0.1666666666666665,0.1666666666666665,0.1666666666666665,0.1666666666666665,0.1666666666666665,0.1666666666666665
42,42.0,0.1666666666666665,0.1666666666666665,0.1666666666666665,0.1666666666666665,0.1666666666666665,0.1666666666666665
43,43.0,0.1666666666666665,0.1666666666666665,0.1666666666666665,0.1666666666666665,0.1666666666666665,0.1666666666666665
44,44.0,0.1666666666666665,0.1666666666666665,0.1666666666666665,0.1666666666666665,0.1666666666666665,0.1666666666666665
45,45.0,0.1666666666666665,0.1666666666666665,0.1666666666666665,0.1666666666666665,0.1666666666666665,0.1666666666666665
46,46.0,0.1666666666666665,0.1666666666666665,0.1666666666666665,0.1666666666666665,0.1666666666666665,0.1666666666666665
47,47.0,0.1666666666666665,0.1666666666666665,0.1666666666666665,0.1666666666666665,0.1666666666666665,0.1666666666666665
48,48.0,0.1666666666666665,0.1666666666666665,0.1666666666666665,0.1666666666666665,0.1666666666666665,0.1666666666666665
49,49.0,0.1666666666666665,0.1666666666666665,0.1666666666666665,0.1666666666666665,0.1666666666666665,0.1666666666666665
50,50.0,0.1666666666666665,0.1666666666666665,0.1666666666666665,0.1666666666666665,0.1666666666666665,0.1666666666666665
51,51.0,0.1666666666666665,0.1666666666666665,0.1666666666666665,0.1666666666666665,0.1666666666666665,0.1666666666666665
52,52.0,0.1666666666666665,0.1666666666666665,0.1666666666666665,0.1666666666666665,0.1666666666666665,0.1666666666666665
53,53.0,0.1666666666666665,0.1666666666666665,0.1666666666666665,0.1666666666666665,0.1666666666666665,0.1666666666666665
54,54.0,0.1666666666666665,0.1666666666666665,0.1666666666666665,0.1666666666666665,0.1666666666666665,0.1666666666666665
55,55.0,0.1666666666666665,0.1666666666666665,0.1666666666666665,0.1666666666666665,0.1666666666666665,0.1666666666666665
56,56.0,0.1666666666666665,0.1666666666666665,0.1666666666666665,0.1666666666666665,0.1666666666666665,0.1666666666666665
57,57.0,0.1666666666666665,0.1666666666666665,0.1666666666666665,0.1666666666666665,0.1666666666666665,0.1666666666666665
58,58.0,0.1666666666666665,0.1666666666666665,0.1666666666666665,0.1666666666666665,0.1666666666666665,0.1666666666666665
59,59.0,0.1666666666666665,0.1666666666666665,0.1666666666666665,0.1666666666666665,0.1666666666666665,0.1666666666666665
60,60.0,0.1666666666666665,0.1666666666666665,0.1666666666666665,0.1666666666666665,0.1666666666666665,0.1666666666666665
61,61.0,0.1666666666666665,0.1666666666666665,0.1666666666666665,0.1666666666666665,0.1666666666666665,0.1666666666666665
62,62.0,0.1666666666666665,0.1666666666666665,0.1666666666666665,0.1666666666666665,0.1666666666666665,0.1666666666666665
63,63.0,0.1666666666666665,0.1666666666666665,0.1666666666666665,0.1666666666666665,0.1666666666666665,0.1666666666666665
64,64.0,0.1666666666666665,0.1666666666666665,0.1666666666666665,0.1666666666666665,0.1666666666666665,0.1666666666666665
65,65.0,0.1666666666666665,0.1666666666666665,0.1666666666666665,0.1666666666666665,0.1666666666666665,0.1666666666666665
66,66.0,0.1666666666666665,0.1666666666666665,0.1666666666666665,0.1666666666666665,0.1666666666666665,0.1666666666666665
67,67.0,0.1666666666666665,0.1666666666666665,0.1666666666666665,0.1666666666666665,0.1666666666666665,0.1666666666666665
68,68.0,0.1666666666666665,0.1666666666666665,0.1666666666666665,0.1666666666666665,0.1666666666666665,0.1666666666666665
69,69.0,0.1666666666666665,0.1666666666666665,0.1666666666666665,0.1666666666666665,0.1666666666666665,0.1666666666666665
70,70.0,0.1666666666666665,0.1666666666666665,0.1666666666666665,0.1666666666666665,0.1666666666666665,0.1666666666666665
71,71.0,0.1666666666666665,0.1666666666666665,0.1666666666666665,0.1666666666666665,0.1666666666666665,0.1666666666666665
72,72.0,0.1666666666666665,0.1666666666666665,0.1666666666666665,0.1666666666666665,0.1666666666666665,0.1666666666666665
73,73.0,0.1666666666666665,0.1666666666666665,0.1666666666666665,0.1666666666666665,0.1666666666666665,0.1666666666666665
74,74.0,0.1666666666666665,0.1666666666666665,0.1666666666666665,0.1666666666666665,0.1666666666666665,0.1666666666666665
75,75.0,0.1666666666666665,0.1666666666666665,0.1666666666666665,0.1666666666666665,0.1666666666666665,0.1666666666666665
76,76.0,0.1666666666666665,0.1666666666666665,0.1666666666666665,0.1666666666666665,0.1666666666666665,0.1666666666666665
77,77.0,0.1666666666666665,0.1666666666666665,0.1666666666666665,0.1666666666666665,0.1666666666666665,0.1666666666666665
78,78.0,0.1666666666666665,0.1666666666666665,0.1666666666666665,0.1666666666666665,0.1666666666666665,0.1666666666666665
79,79.0,0.1666666666666665,0.1666666666666665,0.1666666666666665,0.1666666666666665,0.1666666666666665,0.1666666666666665
80,80.0,0.1666666666666665,0.1666666666666665,0.1666666666666665,0.1666666666666665,0.1666666666666665,0.1666666666666665
81,81.0,0.1666666666666665,0.1666666666666665,0.1666666666666665,0.1666666666666665,0.1666666666666665,0.1666666666666665
82,82.0,0.1666666666666665,0.1666666666666665,0.1666666666666665,0.1666666666666665,0.1666666666666665,0.1666666666666665
83,83.0,0.1666666666666665,0.1666666666666665,0.1666666666666665,0.1666666666666665,0.1666666666666665,0.1666666666666665
84,84.0,0.1666666666666665,0.1666666666666665,0.1666666666666665,0.1666666666666665,0.1666666666666665,0.1666666666666665
85,85.0,0.1666666666666665,0.1666666666666665,0.1666666666666665,0.1666666666666665,0.1666666666666665,0.1666666666666665
86,86.0,0.1666666666666665,0.1666666666666665,0.1666666666666665,0.1666666666666665,0.1666666666666665,0.1666666666666665
87,87.0,0.1666666666666665,0.1666666666666665,0.1666666666666665,0.1666666666666665,0.1666666666666665,0.1666666666666665
88,88.0,0.1666666666666665,0.1666666666666665,0.1666666666666665,0.1666666666666665,0.1666666666666665,0.1666666666666665
89,89.0,0.1666666666666665,0.1666666666666665,0.1666666666666665,0.1666666666666665,0.1666666666666665,0.1666666666666665
90,90.0,0.1666666666666665,0.1666666666666665,0.1666666666666665,0.1666666666666665,0.1666666666666665,0.1666666666666665
91,91.0,0.1666666666666665,0.1666666666666665,0.1666666666666665,0.1666666666666665,0.1666666666666665,0.1666666666666665
92,92.0,0.1666666666666665,0.1666666666666665,0.1666666666666665,0.1666666666666665,0.1666666666666665,0.1666666666666665
93,93.0,0.1666666666666665,0.1666666666666665,0.1666666666666665,0.1666666666666665,0.1666666666666665,0.1666666666666665
94,94.0,0.1666666666666665,0.1666666666666665,0.1666666666666665,0.1666666666666665,0.1666666666666665,0.1666666666666665
95,95.0,0.1666666666666665,0.1666666666666665,0.1666666666666665,0.1666666666666665,0.1666666666666665,0.1666666666666665
96,96.0,0.1666666666666665,0.1666666666666665,0.1666666666666665,0.1666666666666665,0.1666666666666665,0.1666666666666665
97,97.0,0.1666666666666665,0.1666666666666665,0.1666666666666665,0.1666666666666665,0.1666666666666665,0.1666666666666665
98,98.0,0.1666666666666665,0.1666666666666665,0.1666666666666665,0.1666666666666665,0.1666666666666665,0.1666666666666665
99,99.0,0.1666666666666665,0.1666666666666665,0.1666666666666665,0.1666666666666665,0.1666666666666665,0.1666666666666665
100,100.0,0.1666666666666665,0.1666666666666665,0.1666666666666665,0.1666666666666665,0.1666666666666665,0.1666666666666665
101,101.0,0.1666666666666665,0.1666666666666665,0.1666666666666665,0.1666666666666665,0.1666666666666665,0.1666666666666665
102,102.0,0.1666666666666665,0.1666666666666665,0.1666666666666665,0.1666666666666665,0.1666666666666665,0.1666666666666665
103,103.0,0.1666666666666665,0.1666666666666665,0.1666666666666665,0.1666666666666665,0.1666666666666665,0.1666666666666665
104,104.0,0.1666666666666665,0.1666666666666665,0.1666666666666665,0.1666666666666665,0.1666666666666665,0.1666666666666665
105,105.0,0.1666666666666665,0.1666666666666665,0.1666666666666665,0.1666666666666665,0.1666666666666665,0.1666666666666665
106,106.0,0.1666666666666665,0.1666666666666665,0.1666666666666665,0.1666666666666665,0.1666666666666665,0.1666666666666665
107,107.0,0.1666666666666665,0.1666666666666665,0.1666666666666665,0.1666666666666665,0.1666666666666665,0.1666666666666665
108,108.0,0.1666666666666665,0.1666666666666665,0.1666666666666665,0.1666666666666665,0.1666666666666665,0.1666666666666665
109,109.0,0.1666666666666665,0.1666666666666665,0.1666666666666665,0.1666666666666665,0.1666666666666665,0.1666666666666665
110,110.0,0.1666666666666665,0.1666666666666665,0.1666666666666665,0.1666666666666665,0.1666666666666665,0.1666666666666665
111,111.0,0.1666666666666665,0.1666666666666665,0.1666666666666665,0.1666666666666665,0.1666666666666665,0.1666666666666665
112,112.0,0.1666666666666665,0.1666666666666665,0.1666666666666665,0.1666666666666665,0.1666666666666665,0.1666666666666665
113,113.0,0.1666666666666665,0.1666666666666665,0.1666666666666665,0.1666666666666665,0.1666666666666665,0.1666666666666665
114,114.0,0.1666666666666665,0.1666666666666665,0.1666666666666665,0.1666666666666665,0.1666666666666665,0.1666666666666665
115,115.0,0.1666666666666665,0.1666666666666665,0.1666666666666665,0.1666666666666665,0.1666666666666665,0.1666666666666665
116,116.0,0.1666666666666665,0.1666666666666665,0.1666666666666665,0.1666666666666665,0.1666666666666665,0.1666666666666665
117,117.0,0.1666666666666665,0.1666666666666665,0.1666666666666665,0.1666666666666665,0.1666666666666665,0.1666666666666665
118,118.0,0.1666666666666665,0.1666666666666665,0.1666666666666665,0.1666666666666665,0.1666666666666665,0.1666666666666665
119,119.0,0.1666666666666665,0.1666666666666665,0.1666666666666665,0.1666666666666665,0.1666666666666665,0.1666666666666665
120,120.0,0.1666666666666665,0.1666666666666665,0.1666666666666665,0.1666666666666665,0.1666666666666665,0.1666666666666665
121,121.0,0.1666666666666665,0.1666666666666665,0.1666666666666665,0.1666666666666665,0.1666666666666665,0.1666666666666665
122,122.0,0.1666666666666665,0.1666666666666665,0.1666666666666665,0.1666666666666665,0.1666666666666665,0.1666666666666665
123,123.0,0.1666666666666665,0.1666666666666665,0.1666666666666665,0.1666666666666665,0.1666666666666665,0.1666666666666665
124,124.0,0.1666666666666665,0.1666666666666665,0.1666666666666665,0.1666666666666665,0.1666666666666665,0.1666666666666665
125,125.0,0.1666666666666665,0.1666666666666665,0.1666666666666665,0.1666666666666665,0.1666666666666665,0.1666666666666665
126,126.0,0.1666666666666665,0.1666666666666665,0.1666666666666665,0.1666666666666665,0.1666666666666665,0.1666666666666665
127,127.0,0.1666666666666665,0.1666666666666665,0.1666666666666665,0.1666666666666665,0.1666666666666665,0.1666666666666665
128,128.0,0.1666666666666665,0.1666666666666665,0.1666666666666665,0.1666666666666665,0.1666666666666665,0.1666666666666665
129,129.0,0.1666666666666665,0.1666666666666665,0.1666666666666665,0.1666666666666665,0.1666666666666665,0.1666666666666665
130,130.0,0.1666666666666665,0.1666666666666665,0.1666666666666665,0.1666666666666665,0.1666666666666665,0.1666666666666665
131,131.0,0.1666666666666665,0.1666666666666665,0.1666666666666665,0.1666666666666665,0.1666666666666665,0.1666666666666665
132,132.0,0.1666666666666665,0.1666666666666665,0.1666666666666665,0.1666666666666665,0.1666666666666665,0.1666666666666665
133,133.0,0.1666666666666665,0.1666666666666665,0.1666666666666665,0.1666666666666665,0.1666666666666665,0.1666666666666665
134,134.0,0.1666666666666665,0.1666666666666665,0.1666666666666665,0.1666666666666665,0.1666666666666665,0.1666666666666665
135,135.0,0.1666666666666665,0.1666666666666665,0.1666666666666665,0.1666666666666665,0.1666666666666665,0.1666666666666665
136,136.0,0.1666666666666665,0.1666666666666665,0.1666666666666665,0.1666666666666665,0.1666666666666665,0.1666666666666665
137,137.0,0.1666666666666665,0.1666666666666665,0.1666666666666665,0.1666666666666665,0.1666666666666665,0.1666666666666665
138,138.0,0.1666666666666665,0.1666666666666665,0.1666666666666665,0.1666666666666665,0.1666666666666665,0.1666666666666665
139,139.0,0.1666666666666665,0.1666666666666665,0.1666666666666665,0.1666666666666665,0.1666666666666665,0.1666666666666665
140,140.0,0.1666666666666665,0.1666666666666665,0.1666666666666665,0.1666666666666665,0.1666666666666665,0.1666666666666665
141,141.0,0.1666666666666665,0.1666666666666665,0.1666666666666665,0.1666666666666665,0.1666666666666665,0.1666666666666665
142,142.0,0.1666666666666665,0.1666666666666665,0.1666666666666665,0.1666666666666665,0.1666666666666665,0.1666666666666665
143,143.0,0.1666666666666665,0.1666666666666665,0.1666666666666665,0.1666666666666665,0.1666666666666665,0.1666666666666665
144,144.0,0.1666666666666665,0.1666666666666665,0.1666666666666665,0.1666666666666665,0.1666666666666665,0.1666666666666665
145,145.0,0.1666666666666665,0.1666666666666665,0.1666666666666665,0.1666666666666665,0.1666666666666665,0.1666666666666665
146,146.0,0.1666666666666665,0.1666666666666665,0.1666666666666665,0.1666666666666665,0.1666666666666665,0.1666666666666665
147,147.0,0.1666666666666665,0.1666666666666665,0.1666666666666665,0.1666666666666665,0.1666666666666665,0.1666666666666665
148,148.0,0.1666666666666665,0.1666666666666665,0.1666666666666665,0.1666666666666665,0.1666666666666665,0.1666666666666665
149,149.0,0.1666666666666665,0.1666666666666665,0.1666666666666665,0.1666666666666665,0.1666666666666665,0.1666666666666665
150,150.0,0.1666666666666665,0.1666666666666665,0.1666666666666665,0.1666666666666665,0.1666666666666665,0.1666666666666665
151,151.0,0.1666666666666665,0.1666666666666665,0.1666666666666665,0.1666666666666665,0.1666666666666665,0.1666666666666665
152,152.0,0.1666666666666665,0.1666666666666665,0.1666666666666665,0.1666666666666665,0.1666666666666665,0.1666666666666665
153,153.0,0.1666666666666665,0.1666666666666665,0.1666666666666665,0.1666666666666665,0.1666666666666665,0.1666666666666665
154,154.0,0.1666666666666665,0.1666666666666665,0.1666666666666665,0.1666666666666665,0.1666666666666665,0.1666666666666665
155,155.0,0.1666666666666665,0.1666666666666665,0.1666666666666665,0.1666666666666665,0.1666666666666665,0.1666666666666665
156,156.0,0.1666666666666665,0.1666666666666665,0.1666666666666665,0.1666666666666665,0.1666666666666665,0.1666666666666665
157,157.0,0.1666666666666665,0.1666666666666665,0.1666666666666665,0.1666666666666665,0.1666666666666665,0.1666666666666665
158,158.0,0.1666666666666665,0.1666666666666665,0.1666666666666665,0.1666666666666665,0.1666666666666665,0.1666666666666665
159,159.0,0.1666666666666665,0.1666666666666665,0.1666666666666665,0.1666666666666665,0.1666666666666665,0.1666666666666665
160,160.0,0.1666666666666665,0.1666666666666665,0.1666666666666665,0.1666666666666665,0.1666666666666665,0.1666666666666665
161,161.0,0.1666666666666665,0.1666666666666665,0.1666666666666665,0.1666666666666665,0.1666666666666665,0.1666666666666665
162,162.0,0.1666666666666665,0.1666666666666665,0.1666666666666665,0.1666666666666665,0.1666666666666665,0.1666666666666665
163,163.0,0.1666666666666665,0.1666666666666665,0.1666666666666665,0.1666666666666665,0.1666666666666665,0.1666666666666665
164,164.0,0.1666666666666665,0.1666666666666665,0.1666666666666665,0.1666666666666665,0.1666666666666665,0.1666666666666665
165,165.0,0.1666666666666665,0.1666666666666665,0.1666666666666665,0.1666666666666665,0.1666666666666665,0.1666666666666665
166,166.0,0.1666666666666665,0.1666666666666665,0.1666666666666665,0.1666666666666665,0.1666666666666665,0.1666666666666665
167,167.0,0.1666666666666665,0.1666666666666665,0.1666666666666665,0.1666666666666665,0.1666666666666665,0.1666666666666665
168,168.0,0.1666666666666665,0.1666666666666665,0.1666666666666665,0.1666666666666665,0.1666666666666665,0.1666666666666665
169,169.0,0.1666666666666665,0.1666666666666665,0.1666666666666665,0.1666666666666665,0.1666666666666665,0.1666666666666665
170,170.0,0.1666666666666665,0.1666666666666665,0.1666666666666665,0.1666666666666665,0.1666666666666665,0.1666666666666665
171,171.0,0.1666666666666665,0.1666666666666665,0.1666666666666665,0.1666666666666665,0.1666666666666665,0.1666666666666665
172,172.0,0.1666666666666665,0.1666666666666665,0.1666666666666665,0.1666666666666665,0.1666666666666665,0.1666666666666665
173,173.0,0.1666666666666665,0.1666666666666665,0.1666666666666665,0.1666666666666665,0.1666666666666665,0.1666666666666665
174,174.0,0.1666666666666665,0.1666666666666665,0.1666666666666665,0.1666666666666665,0.1666666666666665,0.1666666666666665
175,175.0,0.1666666666666665,0.1666666666666665,0.1666666666666665,0.1666666666666665,0.1666666666666665,0.1666666666666665
176,176.0,0.1666666666666665,0.1666666666666665,0.1666666666666665,0.1666666666666665,0.1666666666666665,0.1666666666666665
177,177.0,0.1666666666666665,0.1666666666666665,0.1666666666666665,0.1666666666666665,0.1666666666666665,0.1666666666666665
178,178.0,0.1666666666666665,0.1666666666666665,0.1666666666666665,0.1666666666666665,0.1666666666666665,0.1666666666666665
179,179.0,0.1666666666666665,0.1666666666666665,0.1666666666666665,0.1666666666666665,0.1666666666666665,0.1666666666666665
180,180.0,0.1666666666666665,0.1666666666666665,0.1666666666666665,0.1666666666666665,0.1666666666666665,0.1666666666666665
181,181.0,0.1666666666666665,0.1666666666666665,0.1666666666666665,0.1666666666666665,0.1666666666666665,0.1666666666666665
182,182.0,0.1666666666666665,0.1666666666666665,0.1666666666666665,0.1666666666666665,0.1666666666666665,0.1666666666666665
183,183.0,0.1666666666666665,0.1666666666666665,0.1666666666666665,0.1666666666666665,0.1666666666666665,0.1666666666666665
184,184.0,0.1666666666666665,0.1666666666666665,0.1666666666666665,0.1666666666666665,0.1666666666666665,0.1666666666666665
185,185.0,0.1666666666666665,0.1666666666666665,0.1666666666666665,0.1666666666666665,0.1666666666666665,0.1666666666666665
186,186.0,0.1666666666666665,0.1666666666666665,0.1666666666666665,0.1666666666666665,0.1666666666666665,0.1666666666666665
187,187.0,0.1666666666666665,0.1666666666666665,0.1666666666666665,0.1666666666666665,0.1666666666666665,0.1666666666666665
188,188.0,0.1666666666666665,0.1666666666666665,0.1666666666666665,0.1666666666666665,0.1666666666666665,0.1666666666666665
189,189.0,0.1666666666666665,0.1666666666666665,0.1666666666666665,0.1666666666666665,0.1666666666666665,0.1666666666666665
190,190.0,0.1666666666666665,0.1666666666666665,0.1666666666666665,0.1666666666666665,0.1666666666666665,0.1666666666666665
191,191.0,0.1666666666666665,0.1666666666666665,0.1666666666666665,0.1666666666666665,0.1666666666666665,0.1666666666666665
192,192.0,0.1666666666666665,0.1666666666666665,0.1666666666666665,0.1666666666666665,0.1666666666666665,0.1666666666666665
193,193.0,0.1666666666666665,0.1666666666666665,0.1666666666666665,0.1666666666666665,0.1666666666666665,0.1666666666666665
194,194.0,0.1666666666666665,0.1666666666666665,0.1666666666666665,0.1666666666666665,0.1666666666666665,0.1666666666666665
195,195.0,0.1666666666666665,0.1666666666666665,0.1666666666666665,0.1666666666666665,0.1666666666666665,0.1666666666666665
196,196.0,0.1666666666666665,0.1666666666666665,0.1666666666666665,0.1666666666666665,0.1666666666666665,0.1666666666666665
197,197.0,0.1666666666666665,0.1666666666666665,0.1666666666666665,0.1666666666666665,0.1666666666666665,0.1666666666666665
198,198.0,0.1666666666666665,0.1666666666666665,0.1666666666666665,0.1666666666666665,0.1666666666666665,0.1666666666666665
199,199.0,0.1678409616273693,0.1664123901987978,0.1665094775774386,0.1664123901987978,0.1664123901987978,0.1664123901987978
200,200.0,0.1702742736228172,0.1659066912052348,0.166098961556243,0.1659066912052348,0.1659066912052348,0.1659066912052348
201,201.0,0.1719583981293786,0.1661226234041039,0.1664082511113481,0.1661226234041039,0.1646940519755325,0.1646940519755325
202,202.0,0.1746656983651622,0.1661644357827447,0.166636998064298,0.1658897105080194,0.1633215786398875,0.1633215786398875
203,203.0,0.1769453551834595,0.165852693627965,0.1666865736013833,0.1669131331884046,0.1618011221993936,0.1618011221993936
204,204.0,0.1774324157229154,0.1668369809257658,0.1665962245056448,0.1676542458830308,0.1601845109257658,0.1612956220368769
205,205.0,0.17747892172008,0.1685692535791671,0.1679103537668974,0.1668313446658582,0.1584995075784428,0.1607106186895539
206,206.0,0.1769516376982101,0.1706465017809631,0.1697958198782479,0.1655231408700962,0.1563963943306856,0.1606865054417967
207,207.0,0.1762234997674792,0.1735173745525842,0.1713728031577029,0.1640872293419127,0.1542348360346048,0.1605642571457159
208,208.0,0.1754468746980806,0.1763238007093318,0.1729063820556573,0.1626757399698317,0.1521672927779936,0.1604799097891046
209,209.0,0.1760510441212418,0.1798497162066813,0.1743022278879483,0.1602170120986305,0.150232816267249,0.1593471834182488
210,210.0,0.1772204222470106,0.1836694786121646,0.1753144484321124,0.157585558877135,0.1481826466130937,0.1580274452184835
211,211.0,0.1783436126056866,0.1873495965200045,0.1762599203751569,0.155031785554408,0.1462556730082285,0.1567594119365155
212,212.0,0.1783028909592814,0.1908672332008869,0.1782469749688743,0.1525734618737997,0.1444588455837731,0.1555505934133846
213,213.0,0.1769928335025448,0.1944256826329209,0.1810404722911492,0.1502256261079044,0.1427971179959311,0.1545182674695496
214,214.0,0.17538074711835,0.197694369955762,0.1843681967322668,0.1479097987320007,0.1411826884460104,0.1534641990156102
215,215.0,0.1732930421433715,0.2004375498750664,0.187862928855412,0.1454139025488137,0.1393949367936835,0.153597639783653
216,216.0,0.1720961095343894,0.203489365641019,0.1907109493090794,0.1428206969406973,0.1375088663055078,0.1533740122693072
217,217.0,0.17075679742485,0.2062046443025043,0.1938371853194163,0.1403293064446871,0.1357166311084116,0.1531554354001309
218,218.0,0.168201088534256,0.2086887878822552,0.1967869485750481,0.1380039140039831,0.1340762205747082,0.1542430404297495
219,219.0,0.1655622907407299,0.2108011795637588,0.19940949983,0.1357122848485729,0.1324499674545067,0.1560647775624317
220,220.0,0.162857243769643,0.2125876325247867,0.2015506204860763,0.1335513398938621,0.1309300994900398,0.1585230638355921
221,221.0,0.1601231944370339,0.2140652570601572,0.2038691852537466,0.1315308106455184,0.1295223673215692,0.1608891852819749
222,222.0,0.1573243120438092,0.2138965883385108,0.2081296212170318,0.129515789396817,0.1280885632626085,0.1630451257412227
223,223.0,0.1562466920965863,0.2114882021130254,0.2115983836499846,0.1280274989369042,0.1271472559194198,0.1654919672840799
224,224.0,0.1563943885906411,0.2098457297539156,0.2137340936954499,0.1266241086874597,0.1262545682898172,0.1671471109827165
225,225.0,0.1566955754565879,0.2074689252330555,0.2156758820314044,0.1255772339585027,0.1267917478184209,0.1677906355020286
226,226.0,0.1570961775028638,0.2050085612404002,0.2173880086597254,0.1247009776595597,0.1274497217084097,0.1683565532290413
227,227.0,0.158439390048116,0.2025928354582939,0.2177810803896548,0.1240346595582377,0.1282574498323644,0.1688945847133333
228,228.0,0.1596556151550895,0.2000604889425503,0.2183973577080184,0.1234734728253116,0.1291014032951727,0.1693116620738576
229,229.0,0.1628414210625742,0.1980302532634366,0.2182472461716778,0.1235514050801601,0.1305084089172099,0.1668212655049414
230,230.0,0.1660358487743013,0.1960257911226524,0.2179267429243242,0.1237573365300287,0.1319616628549043,0.1642926177937892
231,231.0,0.1677100600866976,0.1942986967718996,0.2158767270901671,0.1242629158774245,0.1344816902769957,0.1633699098968156
232,232.0,0.1703179853202228,0.1924889012010794,0.2134343008798795,0.1247263765073748,0.1367231214973314,0.162309314594112
233,233.0,0.172865173830429,0.1921763439164782,0.2109131295931771,0.1252722956853247,0.1389414018238837,0.1598316551507072
234,234.0,0.1747034117757303,0.190133840581734,0.2081692542735232,0.1262593737371002,0.1415440139701158,0.1591901056617964
235,235.0,0.1764511458990983,0.1881701954505931,0.2054117247367504,0.127298459159636,0.144081883247982,0.1585865915059401
236,236.0,0.1778777270192703,0.1861860480428955,0.2024472594777158,0.1282628492505197,0.146313883029318,0.1589122331802804
237,237.0,0.1775448274691872,0.1860830103400942,0.1996007887958283,0.1292235631152011,0.1483946672123505,0.1591531430673386
238,238.0,0.1771222837519346,0.1860722534969793,0.196821845073059,0.1301954871117795,0.1503668012633311,0.1594213293029163
239,239.0,0.176471770569887,0.1859931418444981,0.1939799498992086,0.1310920234113418,0.1529032470367736,0.1595598672382907
240,240.0,0.1757589536377078,0.1859896656164757,0.1912461810074875,0.1319799272387758,0.1553085725390608,0.159716699960492
241,241.0,0.1749971914997322,0.1860542960327465,0.1886370634585998,0.1328511828030201,0.1575718365422855,0.1598884296636155
242,242.0,0.174020424869348,0.186001004696147,0.1859876518651798,0.1347701709461798,0.1595060411277502,0.1597147064953949
243,243.0,0.1727031758303539,0.1867567992350128,0.1831717237158688,0.1361922936082967,0.1609680041596302,0.1602080034508373
244,244.0,0.1714187834401192,0.1866859548191503,0.1805602082738673,0.1374172657501036,0.1623922060648412,0.1615255816519181
245,245.0,0.1701404423213066,0.1866536619700093,0.1781224157865008,0.1385843708840317,0.1636636354824524,0.1628354735556989
246,246.0,0.1688803307579622,0.1866563884594089,0.1749562609740885,0.1396877246595295,0.1656939462761387,0.164125348872872
247,247.0,0.1672920840530295,0.1877620336600297,0.1718058520068695,0.1405440972461137,0.1673901939536023,0.165205739080355
248,248.0,0.1664276449409635,0.1888092059587001,0.1687860750999534,0.1412545797467664,0.168626506332375,0.1660959879212412
249,249.0,0.166186563766885,0.1897973601767077,0.1659181440704583,0.1418307355991536,0.1694528308348551,0.1668143655519399
250,250.0,0.166267462557283,0.1893913199987421,0.1643843570597405,0.142615705995048,0.1695771166788607,0.1677640377103252
251,251.0,0.1644355638760354,0.189230597012212,0.1638007645201565,0.1441674508628311,0.1696357851892596,0.1687298385395051
252,252.0,0.1626570598637126,0.1890708381564106,0.1634174686442742,0.1456407533286142,0.1695740971285941,0.1696397828783939
253,253.0,0.1609443960935455,0.188913544606823,0.1632182727244826,0.1470287246079394,0.1694047050345773,0.1704903569326318
254,254.0,0.1590386346595395,0.1904710817293627,0.1625536418412534,0.1480565375871788,0.1688705927120041,0.1710095114706611
255,255.0,0.1570060289453046,0.1933927186469192,0.1615288942268913,0.1487778159694345,0.1680414593098418,0.1712530829016084
256,256.0,0.1550727712541879,0.1962741926471788,0.1606561981215621,0.1494091822487642,0.1671482800882527,0.171439375640054
257,257.0,0.1532482593607888,0.1990907052818685,0.1590957420020826,0.1499533139726672,0.1670397247547287,0.1715722546278639
258,258.0,0.1515398638042694,0.2018205875611986,0.1576819064310625,0.1504134932794471,0.1668884164737987,0.1716557324502234
259,259.0,0.1503953645988147,0.2055926395953475,0.1567282702734688,0.1514217187459536,0.1676232205460893,0.1682387862403258
260,260.0,0.1493717401782958,0.2092322315807996,0.1559156576418423,0.1523477188861643,0.1683174084647865,0.1648152432481112
261,261.0,0.1476338059750911,0.2127162136025701,0.1552380923099027,0.15402378956464,0.1689680999660625,0.1614199985817333
262,262.0,0.146020372309501,0.2160253068368094,0.1546888452010006,0.1556081630207695,0.1695731377766468,0.1580841748552724
263,263.0,0.1443962345755313,0.2190050203410393,0.1552327991861436,0.1568163874644483,0.1698532591097248,0.1546962993231124
264,264.0,0.1429037045573595,0.2217834949532184,0.1558801946160757,0.1579239955524847,0.1700881543997165,0.1514204559211449
265,265.0,0.1407869710260118,0.2244288273921878,0.1576748194526247,0.1582481546577444,0.1705072700253032,0.1483539574461278
266,266.0,0.1388114398499375,0.2268596967326967,0.159529459052218,0.1584776044510888,0.1708834473421242,0.1454383525719345
267,267.0,0.1369069885296124,0.2289974830154286,0.1620256261486158,0.1584680062142609,0.1709899456806151,0.1426119504114669
268,268.0,0.1351537354108466,0.2309182985015157,0.1645287517757192,0.1583797243690098,0.1710572134097694,0.139962276533139
269,269.0,0.1335540932046719,0.2326246321157616,0.1670131088241866,0.1582215100946304,0.1710885009132293,0.13749815484752
270,270.0,0.1324261575593512,0.2344383290266682,0.1700906512163175,0.1572082879831284,0.1702934425448788,0.1355431316696556
271,271.0,0.1312056488968641,0.2370521276570722,0.1724863033088426,0.1558432001968404,0.1698752608382198,0.1335374591021607
272,272.0,0.1301324361989586,0.2394532864421264,0.174796495412995,0.1544511830822066,0.1694419334606332,0.1317246654030799
273,273.0,0.1292025219961557,0.2416390577785152,0.1770066716065704,0.1530488497432081,0.1689993082529877,0.1301035906225626
274,274.0,0.128410875580973,0.2436091226977412,0.1791047317186909,0.1516512551356712,0.1685527412503657,0.1286712736165576
275,275.0,0.1277515866388006,0.2453653511923286,0.1810809067563806,0.1502719013325252,0.168107092302291,0.1274231617776737
276,276.0,0.127357872451619,0.2470514247596553,0.1843961549452374,0.1492024780710826,0.1654988939249575,0.1264931758474478
277,277.0,0.1270812385599271,0.2485316240309001,0.1875617381665774,0.1481709382780395,0.1629215319961133,0.1257329289684423
278,278.0,0.1269127432730926,0.2498117344429588,0.1905609670849391,0.1471838090044862,0.1603976964901979,0.1251330497043251
279,279.0,0.1268432576834983,0.2508989637776293,0.1933804848414367,0.1462465204912092,0.1579472731199777,0.1246835000862485
280,280.0,0.126863575677316,0.2518017278493037,0.1960100673746915,0.1453634615473138,0.1555874249055852,0.1243737426457894
281,281.0,0.1269645137162664,0.2525294455435651,0.1984424123816953,0.1445380398053007,0.1533326928135817,0.1241928957395905
282,282.0,0.1271370004154467,0.2530923443212119,0.2006729201650032,0.1437727457624019,0.1511951125526483,0.1241298767832878
283,283.0,0.1276413868110729,0.2532961488810011,0.2033097257794081,0.1423307580506733,0.1494163960243386,0.124005584453506
284,284.0,0.1281971313772364,0.2533593459837358,0.2057366006164254,0.1409587812987306,0.1477695978668271,0.1239785428570446
285,285.0,0.1287935408512218,0.2532953644040941,0.2079502690054238,0.1396635341781146,0.1462579942246092,0.1240392973365363
286,286.0,0.1294205846475072,0.2531175618261102,0.2099499149073152,0.1384502961968989,0.1448831816825776,0.1241784607395908
287,287.0,0.1300689288958997,0.2528390983753981,0.2117369441117913,0.1373229988209555,0.1436452292561341,0.1243868005398213
288,288.0,0.1307299601087045,0.2524728247737376,0.2133147479965489,0.1362843209635166,0.1425428304579843,0.1246553156995079
289,289.0,0.1313694834878789,0.2520136409125912,0.2147867166687475,0.1353252611355168,0.1415488925097716,0.124956005285494
290,290.0,0.1319813065310459,0.2514741309552202,0.2161559866901935,0.1344466689115128,0.1406606905241661,0.1252812163878614
291,291.0,0.132902610395062,0.2478672289524324,0.2176504711412943,0.1354045428138678,0.140215524342702,0.1259596223546415
292,292.0,0.1337825446485127,0.244233378826433,0.2190502295420992,0.1364242389095035,0.1398645177377555,0.126645090335696
293,293.0,0.1343764864484407,0.2403722751704518,0.2201196051761689,0.1372505366906868,0.1407905001330419,0.12709059638121
294,294.0,0.134919555630545,0.2365583229510394,0.2211020442469631,0.1381080684429607,0.1417833802409462,0.1275286284875456
295,295.0,0.1354327695242805,0.2328391870530621,0.2219166691846585,0.1389936797554912,0.1428464761979882,0.1279712182845194
296,296.0,0.1358908333713988,0.2292271451045909,0.222535078116151,0.1400099040899912,0.1439405305214122,0.1283965087964558
297,297.0,0.1363155148714236,0.2257614970190487,0.2230040418860792,0.1410307401231412,0.1450709512757902,0.128817254824517
298,298.0,0.1366833218848952,0.2224472041848854,0.2232976816782301,0.142156930549978,0.1462017196219253,0.129213142080086
299,299.0,0.1370165889935861,0.219315824140806,0.2248916852462344,0.1432664070241545,0.1459118918783109,0.1295976027169079
300,300.0,0.1371934862973753,0.2163803794082431,0.2263543618911127,0.1443497461761949,0.1456321402170725,0.1300898860100013
301,301.0,0.1373170678160572,0.2136359379853571,0.2276489545354961,0.1455074559400926,0.1453436844613659,0.1305468992616309
302,302.0,0.1374099423896527,0.2111040675816212,0.2288110623558996,0.1466226673230528,0.1450687926548919,0.1309834676948815
303,303.0,0.1374742519669345,0.2087888297991579,0.2298423127565172,0.1476884780493397,0.1448088573207921,0.1313972701072584
304,304.0,0.1375122099517612,0.2066917137536645,0.2307454789753212,0.1486991700773576,0.1445649821651701,0.1317864450767252
305,305.0,0.1375466420087488,0.2048265713499126,0.2315596007715374,0.1496633719828655,0.1443585700069532,0.1320452438799823
306,306.0,0.1375384732481956,0.2031609401035397,0.2322184416633209,0.1505509658692561,0.144269337433778,0.1322618416819096
307,307.0,0.1374904781948729,0.2016904057508516,0.2327282546271887,0.1513597290851993,0.1442940711437286,0.1324370611981588
308,308.0,0.1374251917177476,0.2004230727239757,0.2331298253934196,0.1521010749657525,0.1443333474812035,0.1325874877179009
309,309.0,0.1373449958239712,0.1993512942205997,0.2334299624741148,0.1527743317856491,0.1443853194200756,0.1327140962755895
310,310.0,0.1372325755710094,0.1984522269711663,0.2337198414804663,0.1533669708407391,0.144425788717231,0.1328025964193878
311,311.0,0.1370907728093485,0.1977165156742315,0.2340040385211095,0.1538801601532624,0.1444537811861994,0.1328547316558486
312,312.0,0.1369411804795819,0.1971474937490197,0.23420640841318,0.1543277935157049,0.1444899636275173,0.1328871602149961
313,313.0,0.1367860734618177,0.1967341824776106,0.2343331101726143,0.1547119501894503,0.1445331552195367,0.1329015284789704
314,314.0,0.1366275542950333,0.1964651439073381,0.2343904435950818,0.1550351362766307,0.1445822231312672,0.1328994987946488
315,315.0,0.1364675493857987,0.1963286411537912,0.2343847721800544,0.1553002169750309,0.1446360890516204,0.1328827312537043
316,316.0,0.1363078073574511,0.1963127856628329,0.2343224531254319,0.1555103520165449,0.1446937345205305,0.1328528673172086
317,317.0,0.1361498993421854,0.1964056712631139,0.23420977438572,0.1556689346164461,0.1447542051284527,0.1328115152640817
318,318.0,0.135995221018846,0.1965954949895074,0.2340528987168249,0.1557795341928969,0.1448166136554066,0.1327602374265181
319,319.0,0.1358449962014737,0.1968706647921382,0.2338578145683537,0.1558458430524777,0.1448801422242194,0.1327005391613371
320,320.0,0.1354621865495502,0.1984103705558326,0.2332759193218861,0.1556335319401846,0.1448222273766894,0.1323957642558569
321,321.0,0.1350881643573357,0.2000013330554186,0.2326706499167629,0.1553868716786135,0.1447652271544212,0.132087753837448
322,322.0,0.1347257911007814,0.2003725169923111,0.2320503964629008,0.155111763785308,0.1459596200971112,0.1317799115615873
