,Unnamed: 0,Total_iterations,Intertwine_two,Add_vertex,Delete_vertex,Invert_path_vertices,Insert_inside_vertex,Delete_inside_vertex,Replace_inside_vertex,Donate_between_routes
0,0.0,0.0,0.125,0.125,0.125,0.125,0.125,0.125,0.125,0.125
1,1.0,1.0,0.125,0.125,0.125,0.125,0.125,0.125,0.125,0.125
2,2.0,2.0,0.125,0.125,0.125,0.125,0.125,0.125,0.125,0.125
3,3.0,3.0,0.125,0.125,0.125,0.125,0.125,0.125,0.125,0.125
4,4.0,4.0,0.125,0.125,0.125,0.125,0.125,0.125,0.125,0.125
5,5.0,5.0,0.125,0.125,0.125,0.125,0.125,0.125,0.125,0.125
6,6.0,6.0,0.125,0.125,0.125,0.125,0.125,0.125,0.125,0.125
7,7.0,7.0,0.125,0.125,0.125,0.125,0.125,0.125,0.125,0.125
8,8.0,8.0,0.125,0.125,0.125,0.125,0.125,0.125,0.125,0.125
9,9.0,9.0,0.125,0.125,0.125,0.125,0.125,0.125,0.125,0.125
10,10.0,10.0,0.125,0.125,0.125,0.125,0.125,0.125,0.125,0.125
11,11.0,11.0,0.125,0.125,0.125,0.125,0.125,0.125,0.125,0.125
12,12.0,12.0,0.125,0.125,0.125,0.125,0.125,0.125,0.125,0.125
13,13.0,13.0,0.125,0.125,0.125,0.125,0.125,0.125,0.125,0.125
14,14.0,14.0,0.125,0.125,0.125,0.125,0.125,0.125,0.125,0.125
15,15.0,15.0,0.125,0.125,0.125,0.125,0.125,0.125,0.125,0.125
16,16.0,16.0,0.125,0.125,0.125,0.125,0.125,0.125,0.125,0.125
17,17.0,17.0,0.125,0.125,0.125,0.125,0.125,0.125,0.125,0.125
18,18.0,18.0,0.125,0.125,0.125,0.125,0.125,0.125,0.125,0.125
19,19.0,19.0,0.125,0.125,0.125,0.125,0.125,0.125,0.125,0.125
20,20.0,20.0,0.125,0.125,0.125,0.125,0.125,0.125,0.125,0.125
21,21.0,21.0,0.125,0.125,0.125,0.125,0.125,0.125,0.125,0.125
22,22.0,22.0,0.125,0.125,0.125,0.125,0.125,0.125,0.125,0.125
23,23.0,23.0,0.125,0.125,0.125,0.125,0.125,0.125,0.125,0.125
24,24.0,24.0,0.125,0.125,0.125,0.125,0.125,0.125,0.125,0.125
25,25.0,25.0,0.125,0.125,0.125,0.125,0.125,0.125,0.125,0.125
26,26.0,26.0,0.125,0.125,0.125,0.125,0.125,0.125,0.125,0.125
27,27.0,27.0,0.125,0.125,0.125,0.125,0.125,0.125,0.125,0.125
28,28.0,28.0,0.125,0.125,0.125,0.125,0.125,0.125,0.125,0.125
29,29.0,29.0,0.125,0.125,0.125,0.125,0.125,0.125,0.125,0.125
30,30.0,30.0,0.125,0.125,0.125,0.125,0.125,0.125,0.125,0.125
31,31.0,31.0,0.125,0.125,0.125,0.125,0.125,0.125,0.125,0.125
32,32.0,32.0,0.125,0.125,0.125,0.125,0.125,0.125,0.125,0.125
33,33.0,33.0,0.125,0.125,0.125,0.125,0.125,0.125,0.125,0.125
34,34.0,34.0,0.125,0.125,0.125,0.125,0.125,0.125,0.125,0.125
35,35.0,35.0,0.125,0.125,0.125,0.125,0.125,0.125,0.125,0.125
36,36.0,36.0,0.125,0.125,0.125,0.125,0.125,0.125,0.125,0.125
37,37.0,37.0,0.125,0.125,0.125,0.125,0.125,0.125,0.125,0.125
38,38.0,38.0,0.125,0.125,0.125,0.125,0.125,0.125,0.125,0.125
39,39.0,39.0,0.125,0.125,0.125,0.125,0.125,0.125,0.125,0.125
40,40.0,40.0,0.125,0.125,0.125,0.125,0.125,0.125,0.125,0.125
41,41.0,41.0,0.125,0.125,0.125,0.125,0.125,0.125,0.125,0.125
42,42.0,42.0,0.125,0.125,0.125,0.125,0.125,0.125,0.125,0.125
43,43.0,43.0,0.125,0.125,0.125,0.125,0.125,0.125,0.125,0.125
44,44.0,44.0,0.125,0.125,0.125,0.125,0.125,0.125,0.125,0.125
45,45.0,45.0,0.125,0.125,0.125,0.125,0.125,0.125,0.125,0.125
46,46.0,46.0,0.125,0.125,0.125,0.125,0.125,0.125,0.125,0.125
47,47.0,47.0,0.125,0.125,0.125,0.125,0.125,0.125,0.125,0.125
48,48.0,48.0,0.125,0.125,0.125,0.125,0.125,0.125,0.125,0.125
49,49.0,49.0,0.125,0.125,0.125,0.125,0.125,0.125,0.125,0.125
50,50.0,50.0,0.125,0.125,0.125,0.125,0.125,0.125,0.125,0.125
51,51.0,51.0,0.125,0.125,0.125,0.125,0.125,0.125,0.125,0.125
52,52.0,52.0,0.125,0.125,0.125,0.125,0.125,0.125,0.125,0.125
53,53.0,53.0,0.125,0.125,0.125,0.125,0.125,0.125,0.125,0.125
54,54.0,54.0,0.125,0.125,0.125,0.125,0.125,0.125,0.125,0.125
55,55.0,55.0,0.125,0.125,0.125,0.125,0.125,0.125,0.125,0.125
56,56.0,56.0,0.125,0.125,0.125,0.125,0.125,0.125,0.125,0.125
57,57.0,57.0,0.125,0.125,0.125,0.125,0.125,0.125,0.125,0.125
58,58.0,58.0,0.125,0.125,0.125,0.125,0.125,0.125,0.125,0.125
59,59.0,59.0,0.125,0.125,0.125,0.125,0.125,0.125,0.125,0.125
60,60.0,60.0,0.125,0.125,0.125,0.125,0.125,0.125,0.125,0.125
61,61.0,61.0,0.125,0.125,0.125,0.125,0.125,0.125,0.125,0.125
62,62.0,62.0,0.125,0.125,0.125,0.125,0.125,0.125,0.125,0.125
63,63.0,63.0,0.125,0.125,0.125,0.125,0.125,0.125,0.125,0.125
64,64.0,64.0,0.125,0.125,0.125,0.125,0.125,0.125,0.125,0.125
65,65.0,65.0,0.125,0.125,0.125,0.125,0.125,0.125,0.125,0.125
66,66.0,66.0,0.125,0.125,0.125,0.125,0.125,0.125,0.125,0.125
67,67.0,67.0,0.125,0.125,0.125,0.125,0.125,0.125,0.125,0.125
68,68.0,68.0,0.125,0.125,0.125,0.125,0.125,0.125,0.125,0.125
69,69.0,69.0,0.125,0.125,0.125,0.125,0.125,0.125,0.125,0.125
70,70.0,70.0,0.125,0.125,0.125,0.125,0.125,0.125,0.125,0.125
71,71.0,71.0,0.125,0.125,0.125,0.125,0.125,0.125,0.125,0.125
72,72.0,72.0,0.125,0.125,0.125,0.125,0.125,0.125,0.125,0.125
73,73.0,73.0,0.125,0.125,0.125,0.125,0.125,0.125,0.125,0.125
74,74.0,74.0,0.125,0.125,0.125,0.125,0.125,0.125,0.125,0.125
75,75.0,75.0,0.125,0.125,0.125,0.125,0.125,0.125,0.125,0.125
76,76.0,76.0,0.125,0.125,0.125,0.125,0.125,0.125,0.125,0.125
77,77.0,77.0,0.125,0.125,0.125,0.125,0.125,0.125,0.125,0.125
78,78.0,78.0,0.125,0.125,0.125,0.125,0.125,0.125,0.125,0.125
79,79.0,79.0,0.125,0.125,0.125,0.125,0.125,0.125,0.125,0.125
80,80.0,80.0,0.125,0.125,0.125,0.125,0.125,0.125,0.125,0.125
81,81.0,81.0,0.125,0.125,0.125,0.125,0.125,0.125,0.125,0.125
82,82.0,82.0,0.125,0.125,0.125,0.125,0.125,0.125,0.125,0.125
83,83.0,83.0,0.125,0.125,0.125,0.125,0.125,0.125,0.125,0.125
84,84.0,84.0,0.125,0.125,0.125,0.125,0.125,0.125,0.125,0.125
85,85.0,85.0,0.125,0.125,0.125,0.125,0.125,0.125,0.125,0.125
86,86.0,86.0,0.125,0.125,0.125,0.125,0.125,0.125,0.125,0.125
87,87.0,87.0,0.125,0.125,0.125,0.125,0.125,0.125,0.125,0.125
88,88.0,88.0,0.125,0.125,0.125,0.125,0.125,0.125,0.125,0.125
89,89.0,89.0,0.125,0.125,0.125,0.125,0.125,0.125,0.125,0.125
90,90.0,90.1,0.125,0.125,0.125,0.125,0.125,0.125,0.125,0.125
91,91.0,91.1,0.125,0.125,0.125,0.125,0.125,0.125,0.125,0.125
92,92.0,92.1,0.125,0.125,0.125,0.125,0.125,0.125,0.125,0.125
93,93.0,93.2,0.125,0.125,0.125,0.125,0.125,0.125,0.125,0.125
94,94.0,94.3,0.125,0.125,0.125,0.125,0.125,0.125,0.125,0.125
95,95.0,95.3,0.125,0.125,0.125,0.125,0.125,0.125,0.125,0.125
96,96.0,96.3,0.125,0.125,0.125,0.125,0.125,0.125,0.125,0.125
97,97.0,97.3,0.125,0.125,0.125,0.125,0.125,0.125,0.125,0.125
98,98.0,98.3,0.125,0.125,0.125,0.125,0.125,0.125,0.125,0.125
99,99.0,99.3,0.125,0.125,0.125,0.125,0.125,0.125,0.125,0.125
100,100.0,100.3,0.125,0.125,0.125,0.125,0.125,0.125,0.125,0.125
101,101.0,101.3,0.125,0.125,0.125,0.125,0.125,0.125,0.125,0.125
102,102.0,102.3,0.125,0.125,0.125,0.125,0.125,0.125,0.125,0.125
103,103.0,103.3,0.125,0.125,0.125,0.125,0.125,0.125,0.125,0.125
104,104.0,104.3,0.125,0.125,0.125,0.125,0.125,0.125,0.125,0.125
105,105.0,105.3,0.125,0.125,0.125,0.125,0.125,0.125,0.125,0.125
106,106.0,106.3,0.125,0.125,0.125,0.125,0.125,0.125,0.125,0.125
107,107.0,107.3,0.125,0.125,0.125,0.125,0.125,0.125,0.125,0.125
108,108.0,108.3,0.125,0.125,0.125,0.125,0.125,0.125,0.125,0.125
109,109.0,109.3,0.125,0.125,0.125,0.125,0.125,0.125,0.125,0.125
110,110.0,110.3,0.125,0.125,0.125,0.125,0.125,0.125,0.125,0.125
111,111.0,111.3,0.125,0.125,0.125,0.125,0.125,0.125,0.125,0.125
112,112.0,112.3,0.125,0.125,0.125,0.125,0.125,0.125,0.125,0.125
113,113.0,113.3,0.125,0.125,0.125,0.125,0.125,0.125,0.125,0.125
114,114.0,114.3,0.125,0.125,0.125,0.125,0.125,0.125,0.125,0.125
115,115.0,115.3,0.125,0.125,0.125,0.125,0.125,0.125,0.125,0.125
116,116.0,116.3,0.125,0.125,0.125,0.125,0.125,0.125,0.125,0.125
117,117.0,117.3,0.125,0.125,0.125,0.125,0.125,0.125,0.125,0.125
118,118.0,118.3,0.125,0.125,0.125,0.125,0.125,0.125,0.125,0.125
119,119.0,119.3,0.125,0.125,0.125,0.125,0.125,0.125,0.125,0.125
120,120.0,120.3,0.125,0.125,0.125,0.125,0.125,0.125,0.125,0.125
121,121.0,121.3,0.125,0.125,0.125,0.125,0.125,0.125,0.125,0.125
122,122.0,122.3,0.125,0.125,0.125,0.125,0.125,0.125,0.125,0.125
123,123.0,123.3,0.125,0.125,0.125,0.125,0.125,0.125,0.125,0.125
124,124.0,124.3,0.125,0.125,0.125,0.125,0.125,0.125,0.125,0.125
125,125.0,125.3,0.125,0.125,0.125,0.125,0.125,0.125,0.125,0.125
126,126.0,126.3,0.125,0.125,0.125,0.125,0.125,0.125,0.125,0.125
127,127.0,127.3,0.125,0.125,0.125,0.125,0.125,0.125,0.125,0.125
128,128.0,128.3,0.125,0.125,0.125,0.125,0.125,0.125,0.125,0.125
129,129.0,129.3,0.125,0.125,0.125,0.125,0.125,0.125,0.125,0.125
130,130.0,130.3,0.125,0.125,0.125,0.125,0.125,0.125,0.125,0.125
131,131.0,131.3,0.125,0.125,0.125,0.125,0.125,0.125,0.125,0.125
132,132.0,132.3,0.125,0.125,0.125,0.125,0.125,0.125,0.125,0.125
133,133.0,133.3,0.125,0.125,0.125,0.125,0.125,0.125,0.125,0.125
134,134.0,134.3,0.125,0.125,0.125,0.125,0.125,0.125,0.125,0.125
135,135.0,135.3,0.125,0.125,0.125,0.125,0.125,0.125,0.125,0.125
136,136.0,136.3,0.125,0.125,0.125,0.125,0.125,0.125,0.125,0.125
137,137.0,137.3,0.125,0.125,0.125,0.125,0.125,0.125,0.125,0.125
138,138.0,138.3,0.125,0.125,0.125,0.125,0.125,0.125,0.125,0.125
139,139.0,139.3,0.125,0.125,0.125,0.125,0.125,0.125,0.125,0.125
140,140.0,140.3,0.125,0.125,0.125,0.125,0.125,0.125,0.125,0.125
141,141.0,141.3,0.125,0.125,0.125,0.125,0.125,0.125,0.125,0.125
142,142.0,142.3,0.125,0.125,0.125,0.125,0.125,0.125,0.125,0.125
143,143.0,143.3,0.125,0.125,0.125,0.125,0.125,0.125,0.125,0.125
144,144.0,144.4,0.125,0.125,0.125,0.125,0.125,0.125,0.125,0.125
145,145.0,145.4,0.125,0.125,0.125,0.125,0.125,0.125,0.125,0.125
146,146.0,146.4,0.125,0.125,0.125,0.125,0.125,0.125,0.125,0.125
147,147.0,147.4,0.125,0.125,0.125,0.125,0.125,0.125,0.125,0.125
148,148.0,148.4,0.125,0.125,0.125,0.125,0.125,0.125,0.125,0.125
149,149.0,149.4,0.125,0.125,0.125,0.125,0.125,0.125,0.125,0.125
150,150.0,150.4,0.125,0.125,0.125,0.125,0.125,0.125,0.125,0.125
151,151.0,151.4,0.125,0.125,0.125,0.125,0.125,0.125,0.125,0.125
152,152.0,152.4,0.125,0.125,0.125,0.125,0.125,0.125,0.125,0.125
153,153.0,153.4,0.125,0.125,0.125,0.125,0.125,0.125,0.125,0.125
154,154.0,154.4,0.125,0.125,0.125,0.125,0.125,0.125,0.125,0.125
155,155.0,155.4,0.125,0.125,0.125,0.125,0.125,0.125,0.125,0.125
156,156.0,156.4,0.125,0.125,0.125,0.125,0.125,0.125,0.125,0.125
157,157.0,157.4,0.125,0.125,0.125,0.125,0.125,0.125,0.125,0.125
158,158.0,158.4,0.125,0.125,0.125,0.125,0.125,0.125,0.125,0.125
159,159.0,159.4,0.125,0.125,0.125,0.125,0.125,0.125,0.125,0.125
160,160.0,160.4,0.125,0.125,0.125,0.125,0.125,0.125,0.125,0.125
161,161.0,161.4,0.125,0.125,0.125,0.125,0.125,0.125,0.125,0.125
162,162.0,162.4,0.125,0.125,0.125,0.125,0.125,0.125,0.125,0.125
163,163.0,163.4,0.125,0.125,0.125,0.125,0.125,0.125,0.125,0.125
164,164.0,164.4,0.125,0.125,0.125,0.125,0.125,0.125,0.125,0.125
165,165.0,165.4,0.125,0.125,0.125,0.125,0.125,0.125,0.125,0.125
166,166.0,166.4,0.125,0.125,0.125,0.125,0.125,0.125,0.125,0.125
167,167.0,167.4,0.125,0.125,0.125,0.125,0.125,0.125,0.125,0.125
168,168.0,168.4,0.125,0.125,0.125,0.125,0.125,0.125,0.125,0.125
169,169.0,169.4,0.125,0.125,0.125,0.125,0.125,0.125,0.125,0.125
170,170.0,170.4,0.125,0.125,0.125,0.125,0.125,0.125,0.125,0.125
171,171.0,171.4,0.125,0.125,0.125,0.125,0.125,0.125,0.125,0.125
172,172.0,172.4,0.125,0.125,0.125,0.125,0.125,0.125,0.125,0.125
173,173.0,173.4,0.125,0.125,0.125,0.125,0.125,0.125,0.125,0.125
174,174.0,174.4,0.125,0.125,0.125,0.125,0.125,0.125,0.125,0.125
175,175.0,175.4,0.125,0.125,0.125,0.125,0.125,0.125,0.125,0.125
176,176.0,176.4,0.125,0.125,0.125,0.125,0.125,0.125,0.125,0.125
177,177.0,177.4,0.125,0.125,0.125,0.125,0.125,0.125,0.125,0.125
178,178.0,178.4,0.125,0.125,0.125,0.125,0.125,0.125,0.125,0.125
179,179.0,179.4,0.125,0.125,0.125,0.125,0.125,0.125,0.125,0.125
180,180.0,180.4,0.125,0.125,0.125,0.125,0.125,0.125,0.125,0.125
181,181.0,181.4,0.125,0.125,0.125,0.125,0.125,0.125,0.125,0.125
182,182.0,182.4,0.125,0.125,0.125,0.125,0.125,0.125,0.125,0.125
183,183.0,183.4,0.125,0.125,0.125,0.125,0.125,0.125,0.125,0.125
184,184.0,184.4,0.125,0.125,0.125,0.125,0.125,0.125,0.125,0.125
185,185.0,185.4,0.125,0.125,0.125,0.125,0.125,0.125,0.125,0.125
186,186.0,186.4,0.125,0.125,0.125,0.125,0.125,0.125,0.125,0.125
187,187.0,187.4,0.125,0.125,0.125,0.125,0.125,0.125,0.125,0.125
188,188.0,188.4,0.125,0.125,0.125,0.125,0.125,0.125,0.125,0.125
189,189.0,189.4,0.125,0.125,0.125,0.125,0.125,0.125,0.125,0.125
190,190.0,190.4,0.125,0.125,0.125,0.125,0.125,0.125,0.125,0.125
191,191.0,191.4,0.125,0.125,0.125,0.125,0.125,0.125,0.125,0.125
192,192.0,192.4,0.125,0.125,0.125,0.125,0.125,0.125,0.125,0.125
193,193.0,193.4,0.125,0.125,0.125,0.125,0.125,0.125,0.125,0.125
194,194.0,194.4,0.125,0.125,0.125,0.125,0.125,0.125,0.125,0.125
195,195.0,195.4,0.125,0.125,0.125,0.125,0.125,0.125,0.125,0.125
196,196.0,196.4,0.125,0.125,0.125,0.125,0.125,0.125,0.125,0.125
197,197.0,197.4,0.125,0.125,0.125,0.125,0.125,0.125,0.125,0.125
198,198.0,198.4,0.125,0.125,0.125,0.125,0.125,0.125,0.125,0.125
199,199.0,199.4,0.12222222222222223,0.12222222222222223,0.12222222222222223,0.13333333333333336,0.13333333333333333,0.12222222222222223,0.12222222222222223,0.12222222222222223
200,200.0,200.4,0.1211111111111111,0.1211111111111111,0.1211111111111111,0.1322222222222222,0.13111111111111112,0.13111111111111112,0.1211111111111111,0.1211111111111111
201,201.0,201.4,0.11833333333333333,0.11833333333333333,0.11833333333333333,0.12944444444444442,0.13944444444444445,0.13944444444444443,0.11833333333333333,0.11833333333333333
202,202.0,202.4,0.1252020202020202,0.1252020202020202,0.1152020202020202,0.12631313131313132,0.1342929292929293,0.1433838383838384,0.1152020202020202,0.1152020202020202
203,203.0,203.4,0.12353535353535354,0.12262626262626261,0.12186868686868686,0.12464646464646463,0.13095959595959594,0.1492929292929293,0.11353535353535353,0.11353535353535353
204,204.0,204.4,0.12242424242424241,0.1215151515151515,0.12075757575757576,0.13242424242424242,0.12984848484848482,0.1481818181818182,0.1124242424242424,0.1124242424242424
205,205.0,205.4,0.12075757575757576,0.1190909090909091,0.1190909090909091,0.138030303030303,0.13575757575757574,0.14575757575757575,0.11075757575757575,0.11075757575757575
206,206.0,206.4,0.11868693134822166,0.12407154673283705,0.12642886683209262,0.13476220016542598,0.12407154673283705,0.15245450785773365,0.10976220016542597,0.10976220016542597
207,207.0,207.4,0.11740488006617038,0.12278949545078577,0.12386476426799006,0.13155707196029776,0.12278949545078577,0.16463399503722081,0.10848014888337468,0.10848014888337468
208,208.0,208.4,0.11546654062783095,0.12799401315530345,0.12192642482965062,0.12797038087360665,0.11315884832013863,0.18147544212060338,0.10654180944503525,0.10546654062783094
209,209.0,209.4,0.1139518224092692,0.1264792949367417,0.13151137869222973,0.12644422362507468,0.11164413010157688,0.18100167562933517,0.10501565219650325,0.10395182240926922
210,210.0,210.4,0.11058077887025256,0.12153315982263349,0.13807065741276264,0.12830007711586658,0.10772363601310968,0.1915775014459225,0.1016334104491999,0.10058077887025255
211,211.0,211.4,0.11003132832080201,0.12098370927318294,0.136422305764411,0.12775062656641603,0.10717418546365913,0.19652255639097743,0.10108395989974936,0.100031328320802
212,212.0,212.4,0.11531271360218727,0.11959842788790156,0.1431755525176578,0.12636534518113465,0.10578890407837774,0.19141433128275231,0.09969867851446797,0.09864604693552059
213,213.0,213.4,0.1156663903472414,0.11930494151238831,0.14832112922538454,0.12608305701390807,0.10549541770286448,0.18736011329096433,0.0994163903472414,0.09835256056000734
214,214.0,214.4,0.11451442956292768,0.12435396112023142,0.14643387432342375,0.12363207662175121,0.11059345691855076,0.1842718779968467,0.0986320766217512,0.09756824683451716
215,215.0,215.4,0.11310325903411009,0.12326958797703476,0.15750042215467747,0.12254770347855452,0.10918228638973318,0.18036516379601486,0.09754770347855453,0.09648387369132047
216,216.0,216.4,0.11209458633426092,0.12152562115953854,0.15520969817277702,0.12006844254341123,0.10817361368988401,0.19091380632995153,0.09653903077870536,0.0954752009914713
217,217.0,217.4,0.10598958022925482,0.12811902775294512,0.15911690207998092,0.12666184913681783,0.10048130599757632,0.1887160041321493,0.09598958022925481,0.09492575044202076
218,218.0,218.4,0.0942775014583525,0.12575335421080097,0.15463426053851587,0.13781285499370605,0.098769227226674,0.19126162844247946,0.10427750145835249,0.09321367167111845
219,219.0,219.4,0.09171797764882869,0.12176525897270576,0.15597625188050718,0.14241242209327315,0.10287637008381686,0.19378868471953575,0.10080888673973779,0.09065414786159463
220,220.0,220.4,0.09036788768031767,0.11858037368255732,0.16103641832225257,0.1435814504333541,0.1073596134486392,0.19031140176856862,0.09945879677122677,0.08930405789308363
221,221.0,221.4,0.08897950696918155,0.1166656771819475,0.16442744937582235,0.1402464752949734,0.10597123273750306,0.19014780762277633,0.10564617363584823,0.08791567718194751
222,222.0,222.4,0.08742138371988183,0.11400461275617717,0.1683638316210281,0.13758945094677258,0.10956016831173274,0.19389699960726242,0.10280599910449721,0.08635755393264778
223,223.0,223.4,0.09184715402800507,0.11189443535188212,0.16402209492635023,0.1351804873613384,0.1074499909074377,0.1971462993271504,0.10723176941262044,0.08522776868521546
224,224.0,224.4,0.09155475636718637,0.11072484470860729,0.16372969726553152,0.13488808970051971,0.11154355815889969,0.19597670868387554,0.10664697409098303,0.08493537102439676
225,225.0,225.4,0.09952765335324124,0.11065680602214753,0.16082540126913025,0.1399443200199079,0.11147551947243994,0.18791215627721786,0.10479081124797807,0.08486733233793702
226,226.0,226.4,0.0988011576267455,0.11168244704778856,0.17185104229477127,0.12652551660110448,0.10583449383141427,0.19645916482422643,0.10406431552148235,0.08478186225246692
227,227.0,227.4,0.0963251879699248,0.10936175666438822,0.1682971633629528,0.12872180451127818,0.1040985987696514,0.1961551606288448,0.1139943609022556,0.08304596719070402
228,228.0,228.4,0.0955858395989975,0.11859734563681931,0.1713422761449077,0.1269548872180451,0.10359734563681933,0.1936488949646844,0.10772869674185462,0.08254471405787193
229,229.0,229.4,0.09393740031897926,0.1165889154704944,0.17384968102073367,0.12556618819776713,0.1065889154704944,0.19627591706539074,0.10560406698564592,0.0815889154704944
230,230.0,230.4,0.09247071483055465,0.11478414415485352,0.17657342466839035,0.13056854091751116,0.1045460489167583,0.19225206048718632,0.10372071483055464,0.08508435119419101
231,231.0,231.4,0.09284418101278566,0.1125694654183026,0.17590154032014496,0.13364567602939695,0.10282920567804288,0.1918653729990939,0.10607595892479611,0.08426859961743681
232,232.0,232.4,0.09227275244135708,0.11692660827544546,0.172901540320145,0.1329075807913017,0.10242444377328094,0.1893653729990939,0.10550453035336756,0.08769717104600824
233,233.0,233.4,0.09238431479204987,0.11576838606287543,0.1829164638024597,0.1328652969881483,0.10795170998532977,0.1750404768807195,0.10583513091222896,0.08723822057618819
234,234.0,234.4,0.09098570594139498,0.11458881542038916,0.1790805341736912,0.13661374696102285,0.1065531011346749,0.1760196096405428,0.10401985539490743,0.09213863133337644
235,235.0,235.4,0.0901928488505839,0.11375724905173841,0.18397447986047577,0.13469804757089893,0.10590269418631397,0.1773711554613981,0.10322699830409636,0.09087652671449434
236,236.0,236.4,0.08873394014090122,0.1126315958664877,0.17919636218065532,0.13186202368766137,0.10814748918033498,0.18278520119665126,0.1072827954767666,0.0893605922705413
237,237.0,237.4,0.08822447682744516,0.11224528526239126,0.1848341635807072,0.1304399339806352,0.10763802586687894,0.1813799639656427,0.10677333216331056,0.08846481835298882
238,238.0,238.4,0.08775649653187866,0.1118922474955604,0.18590312909794854,0.12914272544204736,0.10717004557131242,0.17609096560767884,0.10630535186774406,0.09573903838582953
239,239.0,239.4,0.08810390351086458,0.1135895677191964,0.18025786208426048,0.13149514495236161,0.10751745255029835,0.1810587697333777,0.1018908540848252,0.09608644536481545
240,240.0,240.4,0.08160088876906028,0.1121445089736283,0.18623356091225135,0.12971432469106597,0.10689679074967051,0.18688900381937928,0.10127019228419738,0.09525072980074675
241,241.0,241.4,0.08117829858603366,0.11169045010993947,0.18871323647423244,0.12925161899947035,0.106147403181023,0.1843685099587526,0.10854776549986359,0.09010271719068483
242,242.0,242.4,0.08105514587667405,0.11260693538889469,0.19080683253334574,0.12912846629011074,0.10602425047166339,0.18313698286515656,0.10842461279050397,0.0888167737836508
243,243.0,243.4,0.08077981842412127,0.11723003081792434,0.18926713726470099,0.12386650424787607,0.10577565383974678,0.1863232966849908,0.10817601615858737,0.08858154256205228
244,244.0,244.4,0.08054172318602602,0.11675384034173386,0.1876004705980343,0.12315221853359033,0.10553755860165155,0.1856090109707051,0.11269982568239686,0.08810535208586182
245,245.0,245.4,0.0813671713752117,0.11610588614539256,0.19256625749930506,0.12239534100251923,0.1052135815034809,0.18377686462242973,0.11100997308041971,0.08756492477124095
246,246.0,246.4,0.08107697098420485,0.11580957627246982,0.1932444099919737,0.12201044364181543,0.10492338111247405,0.18522481183650594,0.11062507571971589,0.08708533044084017
247,247.0,247.4,0.0808040208950783,0.11098560122790653,0.19851958824509314,0.12164836699297407,0.1046504310233475,0.18649486531244178,0.11026299907087453,0.08663412723228402
248,248.0,248.4,0.0807148943353635,0.10705240739701449,0.19608604565809787,0.12116398351626323,0.10989727284307933,0.18856415152495049,0.11017387251115973,0.0863473722140712
249,249.0,249.4,0.08062345163576351,0.10568740956565852,0.20171015904600037,0.11774231468485911,0.10958457449223521,0.1870886212131082,0.11270495160714038,0.08485851775523455
250,250.0,250.4,0.08143105936209381,0.10546972184903217,0.20044397173707518,0.11742722794446929,0.10928285316216349,0.1863400009951734,0.11518970493108423,0.08441546001890826
251,251.0,251.4,0.0814014778325123,0.11077203065134096,0.20033141762452109,0.11706431308155443,0.10540695128626161,0.18567405582922825,0.11513054187192118,0.08421921182266008
252,252.0,252.4,0.08095610638714085,0.10938578326509356,0.20362893992204337,0.11631124932849068,0.10394193282124316,0.18337074052591293,0.11423979898117827,0.08816544876889702
253,253.0,253.4,0.08038617387212824,0.11238140432707619,0.20583603666003256,0.11545641652857781,0.1024390363297883,0.18330429083703761,0.11309993395115307,0.08709670749420609
254,254.0,254.4,0.08003627220643711,0.11203910135319428,0.20555721532857962,0.1175446673010391,0.10195685953182203,0.18400137311306725,0.11240013061977079,0.08646438054608967
255,255.0,255.4,0.07997216964233454,0.11191089622498915,0.20703157430293864,0.11748056473693654,0.10189275696771946,0.1830398346515288,0.11227192549156566,0.08640027798198711
256,256.0,256.4,0.07982992213166598,0.11183977246965489,0.2086674206756271,0.11726719347093369,0.10175050945705091,0.18254196836418882,0.11198743047022855,0.08611578296064998
257,257.0,257.4,0.07901823020858013,0.11444180627902789,0.20858404968426178,0.11745534864569858,0.10196509011196178,0.18164761037242477,0.11315550803620791,0.08373235666183702
258,258.0,258.4,0.07870880036172388,0.11401525427762307,0.20836040313176749,0.11683551081602053,0.10153250755574592,0.18483930653720754,0.11253664834249541,0.08317156897741604
259,259.0,259.4,0.07810867436405454,0.1125113866684885,0.2110035640272369,0.11714900594384092,0.10013481815490421,0.1872806358315684,0.11156048598301109,0.08225142902689529
260,260.0,260.4,0.07800114748233411,0.11229633290504766,0.21261646725304334,0.11682642529867966,0.09991976439146337,0.1869580551864071,0.11134543221957023,0.08203637526345443
261,261.0,261.4,0.07776793791943919,0.11206247191879268,0.21493032302791146,0.11660689562634559,0.09972759450025107,0.1859079607300199,0.11109789134275438,0.08189892493448564
262,262.0,262.4,0.07742518944409932,0.11177840297139516,0.21179867561680688,0.1162194405520323,0.10380017399483472,0.18443733376992552,0.11062624095716418,0.0839145426937418
263,263.0,263.4,0.08004172020016495,0.11439979966255928,0.21484726785144562,0.12433615587804996,0.1008611491953448,0.1799563109168096,0.09919263580262878,0.0863649604929968
264,264.0,264.4,0.07988770277617788,0.1142503271824498,0.21510816805673408,0.12640201160416858,0.1007071317713577,0.1787076769533122,0.09888460095465461,0.08605238070114501
265,265.0,265.4,0.07991418954029286,0.11422760388678728,0.2134191216243777,0.12853634507917758,0.09748108126322358,0.18302692694450204,0.0975609372201206,0.08583379444151817
266,266.0,266.4,0.07967243849005728,0.113889029322548,0.2143678378833839,0.1279480535894843,0.0971385237613751,0.18143537243006402,0.10020243511964946,0.08534630940343782
267,267.0,267.4,0.07889638890420857,0.11515753252543737,0.2119163586437125,0.12575119231455378,0.0963624741755264,0.1867065585035826,0.09865033594795203,0.08655915898502665
268,268.0,268.4,0.07885557257767797,0.11503508354584553,0.20985258313350838,0.12883537598802317,0.0963216578489958,0.18601268095256215,0.09856870329489081,0.08651834265849603
269,269.0,269.4,0.07881635689140346,0.11491743648702199,0.21087219097664564,0.12879616030174867,0.09628244216272128,0.1853460142858955,0.09849027192234179,0.08647912697222153
270,270.0,270.4,0.07877864950075489,0.11480431431507629,0.21497758313350843,0.1287584529111001,0.09624473477207271,0.18470498864486987,0.09528985714104465,0.08644141958157296
271,271.0,271.4,0.0781929144810576,0.11414601035488554,0.2246420455277982,0.1270738167925017,0.09353134017790733,0.18243980100232374,0.09411838710165008,0.08585568456187567
272,272.0,272.4,0.07833581245737065,0.1129878369787631,0.22389016776923532,0.12720303487825388,0.09364687837309862,0.18698682132427435,0.09104662491474129,0.0859028233042626
273,273.0,273.4,0.0782107662970021,0.12632842426309926,0.2247617257177204,0.1268075776993553,0.09417913270531429,0.18132423895977237,0.08677596161627957,0.08161217274145656
274,274.0,274.4,0.0776134558060746,0.12523431447218097,0.22209052280715577,0.13179157419930926,0.09362614845552153,0.18114175300600982,0.08766467396775787,0.08083755728599004
275,275.0,275.4,0.0773159340513773,0.1258705128874739,0.22007451617567017,0.1313665014242038,0.0968131726931342,0.18098112239220826,0.0872082728718504,0.08036996750408185
276,276.0,276.4,0.0772856860174995,0.12577976878584046,0.22098195719200414,0.131336253390326,0.09678292465925642,0.1803459136807745,0.0871477768040948,0.08033971947020405
277,277.0,277.4,0.07792815723820265,0.13417834569330672,0.2259390731892589,0.13076799985191728,0.09762089930126944,0.17129347193249364,0.0810943586813341,0.08117769411221706
278,278.0,278.4,0.07892371817444155,0.13816502850202345,0.22383414986399658,0.1286683226929181,0.10011646023750834,0.1693907277839868,0.08039500436333571,0.0805065883817893
279,279.0,279.4,0.07829856054518555,0.13918562539147278,0.22815077449619497,0.1268204874680337,0.09859554808954701,0.16927040411858116,0.07976984673407972,0.0799087531569049
280,280.0,280.4,0.07810322832975816,0.13796670114240578,0.23241569108263463,0.12665159628909492,0.09757195605590738,0.1679764506035806,0.07957451451865231,0.07973986197796613
281,281.0,281.4,0.07810322832975816,0.13796670114240578,0.2356414975342475,0.12665159628909492,0.09434614960429448,0.1679764506035806,0.07957451451865231,0.07973986197796613
282,282.0,282.4,0.07647455266594425,0.1378501222527854,0.2399439443194132,0.12656176196826982,0.0942878601594843,0.1695687810841599,0.07760295976771969,0.07771001778222333
283,283.0,283.4,0.07626922004413697,0.14052919241457446,0.24024912748749955,0.12603948438666043,0.09412504454447974,0.16821850245853567,0.0772869914938021,0.07728243717031091
284,284.0,284.4,0.0748555295679465,0.1390658987637808,0.23809138939226146,0.12462579391046998,0.10382246517940037,0.16782167706171028,0.07584849943031005,0.07586874669412044
285,285.0,285.4,0.07372037999529693,0.14788267226805432,0.23623508597345805,0.1234906443378204,0.10157620449563969,0.16767210441213762,0.07468931139612199,0.07473359712147086
286,286.0,286.4,0.07378210398559235,0.14789777621172967,0.23432199906037118,0.12159658601519066,0.1015954114791324,0.16898715840576303,0.07689609271004619,0.07492287213217444
287,287.0,287.4,0.07367445577026822,0.1477448995929682,0.2342631559844705,0.12140390378626109,0.10357109659714162,0.1680165360998529,0.07663827927259521,0.07468767289644215
288,288.0,288.4,0.07490918714208727,0.14653921864728975,0.23434763355659388,0.1210864142697248,0.10611301751144431,0.16641713746809506,0.07625802435138959,0.07432936705337526
289,289.0,289.4,0.0732760884253392,0.148920289316437,0.2330445295063781,0.1305073081645141,0.10363916270215427,0.16350540915858036,0.07450727857581799,0.07259993415077894
290,290.0,290.4,0.07193321213670048,0.15994979826375172,0.23009650233487444,0.12799860991721454,0.10151239264611356,0.16237048803909268,0.07305128011523357,0.07308771654701886
291,291.0,291.4,0.07080378395670353,0.15690329579048784,0.23071795241317514,0.13499855170288838,0.09965039701841967,0.16327974938344783,0.07181299852449642,0.07183327121038104
292,292.0,292.4,0.07059397267246102,0.15574710281105628,0.23348024821862032,0.13473842103202566,0.09875450238822332,0.16368412810273275,0.07149836543731888,0.07150325933756166
293,293.0,293.4,0.0688599659384543,0.1606797627437162,0.23285735259572465,0.13142192271552736,0.10520231383603473,0.16168076109936574,0.06966334860230207,0.06963457246887476
294,294.0,294.4,0.06823106897335042,0.16009718440251713,0.2189932712747468,0.13153198506696898,0.09993326535577937,0.16695675665553372,0.0689370490397956,0.08531941923130773
295,295.0,295.4,0.06686299361253459,0.16390215438716046,0.21719610594763594,0.1321058002415101,0.09728313871291225,0.16496189882129292,0.07516729640888145,0.08252061186807205
296,296.0,296.4,0.06614552011360801,0.1624201765753425,0.2176108846587673,0.13100525002966668,0.09546676411508456,0.16364961237230488,0.07380962825887091,0.08989216387635493
297,297.0,297.4,0.06543577446572715,0.1601423030703921,0.21909179278682522,0.13001211090213735,0.09325548157183121,0.16462392170195006,0.07262369213479959,0.09481492336633715
298,298.0,298.4,0.06483528426964871,0.15813361323081992,0.21983377139645088,0.129127529796968,0.09753689868413067,0.16605663114936536,0.07160653527205449,0.09286973620056176
299,299.0,299.4,0.06485875701270975,0.16526291979204352,0.21953902944768017,0.12033276716236249,0.09757888308953898,0.1658895446386446,0.0734751380816612,0.09306296077535905
300,300.0,300.4,0.06467309834920332,0.16486297197307145,0.21837341440184735,0.1198674988038519,0.09741124244405057,0.16604715687397653,0.07316848728264355,0.09559612987135509
301,301.0,301.4,0.06457956527631069,0.1647343511808806,0.21832705800823327,0.11976228691381122,0.09733525323080705,0.16523447935903196,0.07465297875679945,0.09537402727412561
302,302.0,302.4,0.06448889175120362,0.1646095013058077,0.2169885808446,0.11966045297611642,0.09726166788068288,0.16574397729493487,0.07608772896050595,0.09515919898614833
303,303.0,303.4,0.06440485813775824,0.16435740046547156,0.2184171522731714,0.1193243185223349,0.09717763426723751,0.16540784284115334,0.07600369534706056,0.0949070981458122
304,304.0,304.4,0.0664683502012503,0.17983359094166204,0.22487458373060284,0.10876876296677936,0.09924112633072957,0.14760120503451554,0.07640052074388595,0.0968118600505741
305,305.0,305.4,0.06549145944494779,0.17780277861673205,0.22281225880063088,0.10600615792476256,0.09776003389375479,0.15261871203731667,0.07542362998758342,0.10208496929427158
306,306.0,306.4,0.06494078289017287,0.18234048590034102,0.2230344159695094,0.1045948256322827,0.0967331668627894,0.15074322413723862,0.07621541789002709,0.10139768071763874
307,307.0,307.4,0.06504751130572482,0.1827913245864738,0.22488332774489175,0.10451571047963815,0.0963894448278909,0.15024935195218997,0.08212942417168043,0.09399390493151003
308,308.0,308.4,0.06410013961531907,0.1779545209880603,0.2256294452092754,0.10792084902409557,0.10215818774833658,0.14873299021910996,0.08078413134031948,0.09271973585548336
309,309.0,309.4,0.06350882733283032,0.183037917983222,0.2187610766497304,0.10687562790534506,0.10109068498965737,0.15389957200333876,0.08019281905783072,0.09263347407804512
310,310.0,310.4,0.06305960335419457,0.1776790010143979,0.2207189534287004,0.10846325596356135,0.1062136665832272,0.1537219718257386,0.07976024509584499,0.09038330273433472
311,311.0,311.4,0.06242192595957989,0.17967290256715165,0.22044835802603896,0.11160030712310132,0.10528359152779379,0.15252748640541888,0.07869796485796846,0.08934746353294679
312,312.0,312.4,0.06468564998593655,0.18070789823443548,0.21621975961040274,0.10933453416918497,0.1089543513864714,0.15419903303591767,0.077578098440451,0.08832067513720007
313,313.0,313.4,0.06416578178224482,0.18146684925073941,0.21316103932741776,0.10758538258547454,0.10765771093541918,0.15710580151253908,0.08147796287340367,0.08737947173276138
314,314.0,314.4,0.06411770485916789,0.18141877232766251,0.2140023854812639,0.10751326720085916,0.10760963401234225,0.15679330151253906,0.08130969364263445,0.08723524096353061
315,315.0,315.4,0.06880134400483236,0.18129303835699181,0.21018599617436826,0.10742751434611897,0.10278528641900735,0.16129656196516662,0.08113070069465415,0.08707955803886035
316,316.0,316.4,0.06856652124513397,0.18085318914226697,0.20928714447327773,0.10972519202314987,0.10264526083743945,0.1613547426825513,0.08087760410449288,0.0866903454916876
317,317.0,317.4,0.06852262308885652,0.18080929098598955,0.20860672305097747,0.10965934478873374,0.10260136268116202,0.16251804382390336,0.08072396055752185,0.08655865102285529
318,318.0,318.4,0.0680897226559561,0.1801599403366389,0.20795737240162682,0.10857709370648264,0.10216846224826157,0.16684704815290768,0.0800746099081712,0.08612575058995484
319,319.0,319.4,0.06743608579715184,0.18121374842555676,0.20100629446482793,0.11199985397610308,0.10530473785323761,0.16547031115219313,0.08118864082153956,0.08638032750938993
320,320.0,320.4,0.06743608579715184,0.18121374842555676,0.20100629446482793,0.11199985397610308,0.10530473785323761,0.16547031115219313,0.08118864082153956,0.08638032750938993
321,321.0,321.4,0.06737511018739573,0.1805430167182397,0.1991698525709972,0.111938878366347,0.10731693297518885,0.16479957944487605,0.08253727783732148,0.08631935189963383
322,322.0,322.4,0.0672450265961266,0.1797881342800148,0.2002484122448763,0.11180217482011612,0.10917599061784497,0.16338561378962108,0.0822359379169227,0.08611870973447713
323,323.0,323.4,0.06805733865211915,0.18550128193451737,0.19706657217729312,0.1139574193059976,0.11332019154667683,0.16192578948854303,0.07832320083937266,0.08184820605548002
324,324.0,324.4,0.06758114817592867,0.18454890098213644,0.1965903817011026,0.11752884787742617,0.11284400107048635,0.1614495990123525,0.07784701036318219,0.08161011081738478
325,325.0,325.4,0.06987060137962711,0.17820437339381012,0.19710196713118558,0.1174992259519857,0.1083177320013399,0.16472493616437292,0.0799874079607024,0.08429375601697611
326,326.0,326.4,0.06842859470236903,0.1784611591115319,0.19736120844262656,0.12306016073968415,0.10649807743617404,0.1648220706475542,0.07846986203043257,0.08289886688962729
327,327.0,327.4,0.06899839978088439,0.17506624119222886,0.19886719306934406,0.12162534799606788,0.1130826448451558,0.16299740925838377,0.07747574345467231,0.08188702040326268
328,328.0,328.4,0.0677907383123986,0.17801342391234834,0.19714450086169072,0.11886823597813154,0.1108658779374366,0.170249988043659,0.0761685415877687,0.08089869336656638
329,329.0,329.4,0.06714076903777974,0.1762593795998481,0.19775731107946648,0.11730886967099666,0.11721228203162455,0.16841804289718043,0.07543606616891471,0.0804672795141891
330,330.0,330.4,0.06677508387818921,0.18178329713900224,0.1960080843992053,0.11610184906702337,0.11673553015792,0.1673991431757947,0.07499365632955217,0.08020335585331277
331,331.0,331.4,0.06654617884710631,0.18130752578936518,0.19492219311276954,0.11558570538663285,0.11661230571255399,0.16493334906737456,0.07621444408861028,0.08387829799558702
332,332.0,332.4,0.06631360324814088,0.1810780536656576,0.19420269969298304,0.11536589791841308,0.11633038644309199,0.1655034368528996,0.07744391198270933,0.0837620101961043
333,333.0,333.4,0.06666184655413068,0.19396145091525202,0.19331705317353368,0.10757028308054473,0.10947541043318638,0.1670109434308287,0.07779215528869914,0.08421085712382448
334,334.0,334.4,0.06644992786852777,0.19160500424301588,0.19364899413705358,0.11026841730499475,0.10911367275565924,0.1670446387803135,0.07766795590134186,0.0842013890090932
335,335.0,335.4,0.06904453154071766,0.19630160074995723,0.19736719331486147,0.11557238058309596,0.10192603280939858,0.1685156469468854,0.07401255957353174,0.07726005448155178
336,336.0,336.4,0.06723440165489435,0.1947659797855766,0.20407277177993866,0.11297013739063011,0.10754806077874383,0.1650451555378767,0.07351608367285857,0.07484740939948104
337,337.0,337.4,0.06632743271259735,0.1932535832659703,0.20320648353801954,0.11344524147424176,0.10533126111601772,0.16488843070379064,0.07251685799266676,0.08103070919669575
338,338.0,338.4,0.06632373613165747,0.19379197487744237,0.20290125376933,0.11344154489330187,0.1014589231548731,0.16736393854470089,0.07247616479748697,0.08224246383120709
339,339.0,339.4,0.06580129218645682,0.18862946864185567,0.2043740547055907,0.11291910094810123,0.10056645145759102,0.17408214479112175,0.07190746738327615,0.08172001988600644
340,340.0,340.4,0.06565904467578826,0.18834497362051855,0.20337832213091075,0.11505281360812966,0.09280302000994907,0.17379764976978462,0.07183634362794186,0.08912783255697701
341,341.0,341.4,0.06458239471755936,0.19251340752579454,0.20163694946848548,0.1135590953380956,0.09123218587332546,0.17059123630021328,0.07081496004076882,0.09506977073575731
342,342.0,342.4,0.06421474765873583,0.19104281929050043,0.20678400829201488,0.1131914482792721,0.09086453881450193,0.16912064806491917,0.07044731298194529,0.09433447661811026
343,343.0,343.4,0.06383926478139146,0.19527495680633117,0.20539033040541071,0.1128159654019277,0.0905052844343987,0.16863245668320578,0.06999068761839514,0.09355105386893918
344,344.0,344.4,0.0626348260637263,0.19433052549846475,0.20629153883792087,0.11610721233818819,0.09076979312148321,0.16761216501596105,0.06876957022020085,0.09348436890405462
345,345.0,345.4,0.0626348260637263,0.19433052549846475,0.20629153883792087,0.11610721233818819,0.09076979312148321,0.16761216501596105,0.06876957022020085,0.09348436890405462
346,346.0,346.4,0.06265962240112584,0.1956954818141214,0.20630242503482793,0.11614395325274969,0.08950825425675227,0.16860900801885798,0.06888745362096813,0.09219380160059654
347,347.0,347.4,0.06261093690940236,0.19567925331688024,0.20571819913414635,0.11609526776102622,0.08949202575951112,0.16831689506851716,0.06875762564303889,0.09332979640747742
348,348.0,348.4,0.06261093690940236,0.19567925331688024,0.20571819913414635,0.11609526776102622,0.08949202575951112,0.16831689506851716,0.06875762564303889,0.09332979640747742
349,349.0,349.4,0.0625288655337802,0.19454455036231072,0.20508969124470444,0.11748200926266765,0.08806186585270186,0.1721419506652555,0.06726710356319138,0.09288396351538805
350,350.0,350.4,0.06367851578844026,0.19578814304466258,0.20423090006856617,0.1172892460622382,0.08783664565779009,0.17229321854517377,0.06593379373995464,0.09294953709317413
351,351.0,351.4,0.06379485711123081,0.19617732021293538,0.20334341139382764,0.11837029375188486,0.08913699159305077,0.16967090572085947,0.06590393623233584,0.09360228398387507
352,352.0,352.4,0.07196419670552573,0.19269636764026152,0.2049758328073688,0.1187408409136768,0.09003796342910302,0.16717215538113234,0.06633156101969856,0.08808108210323305
353,353.0,353.4,0.07060824039504318,0.19265235232517658,0.20549960770108172,0.1179077967935898,0.0958122712345576,0.16583073445328594,0.06548913789768875,0.08619985919957622
354,354.0,354.4,0.06949369728050006,0.19281708848991277,0.2048792730807471,0.11721539010118309,0.10081613223841863,0.16522841785096934,0.0648507852593361,0.08469921569893273
355,355.0,355.4,0.06949369728050006,0.19281708848991277,0.2048792730807471,0.11721539010118309,0.10081613223841863,0.16522841785096934,0.0648507852593361,0.08469921569893273
