,Unnamed: 0,Total_iterations,Intertwine_two,Add_vertex,Delete_vertex,Invert_path_vertices,Insert_inside_vertex,Delete_inside_vertex,Replace_inside_vertex,Donate_between_routes
0,0.0,0.0,0.125,0.125,0.125,0.125,0.125,0.125,0.125,0.125
1,1.0,0.10900000000000001,0.125,0.125,0.125,0.125,0.125,0.125,0.125,0.125
2,2.0,0.31601,0.125,0.125,0.125,0.125,0.125,0.125,0.125,0.125
3,3.0,0.6191589000000001,0.125,0.125,0.125,0.125,0.125,0.125,0.125,0.125
4,4.0,1.015801321,0.125,0.125,0.125,0.125,0.125,0.125,0.125,0.125
5,5.0,1.50262148669,0.125,0.125,0.125,0.125,0.125,0.125,0.125,0.125
6,6.0,2.0757334209441005,0.125,0.125,0.125,0.125,0.125,0.125,0.125,0.125
7,7.0,2.7307768275633495,0.125,0.125,0.125,0.125,0.125,0.125,0.125,0.125
8,8.0,3.4630081252450404,0.125,0.125,0.125,0.125,0.125,0.125,0.125,0.125
9,9.0,4.2673862119061114,0.125,0.125,0.125,0.125,0.125,0.125,0.125,0.125
10,10.0,5.138652627782014,0.125,0.125,0.125,0.125,0.125,0.125,0.125,0.125
11,11.0,6.071405875792507,0.125,0.125,0.125,0.125,0.125,0.125,0.125,0.125
12,12.0,7.060169740244025,0.125,0.125,0.125,0.125,0.125,0.125,0.125,0.125
13,13.0,8.099455520847952,0.125,0.125,0.125,0.125,0.125,0.125,0.125,0.125
14,14.0,9.183818168183006,0.125,0.125,0.125,0.125,0.125,0.125,0.125,0.125
15,15.0,10.307906369102724,0.125,0.125,0.125,0.125,0.125,0.125,0.125,0.125
16,16.0,11.466506686239443,0.125,0.125,0.125,0.125,0.125,0.125,0.125,0.125
17,17.0,12.654581904800096,0.125,0.125,0.125,0.125,0.125,0.125,0.125,0.125
18,18.0,13.867303782456686,0.125,0.125,0.125,0.125,0.125,0.125,0.125,0.125
19,19.0,15.100080434523047,0.125,0.125,0.125,0.125,0.125,0.125,0.125,0.125
20,20.0,16.348578617037543,0.125,0.125,0.125,0.125,0.125,0.125,0.125,0.125
21,21.0,17.608741195130214,0.125,0.125,0.125,0.125,0.125,0.125,0.125,0.125
22,22.0,18.876800103462312,0.125,0.125,0.125,0.125,0.125,0.125,0.125,0.125
23,23.0,20.14928511992658,0.125,0.125,0.125,0.125,0.125,0.125,0.125,0.125
24,24.0,21.423028783545156,0.125,0.125,0.125,0.125,0.125,0.125,0.125,0.125
25,25.0,22.695167792966423,0.125,0.125,0.125,0.125,0.125,0.125,0.125,0.125
26,26.0,23.963141223515898,0.125,0.125,0.125,0.125,0.125,0.125,0.125,0.125
27,27.0,25.224685898775267,0.125,0.125,0.125,0.125,0.125,0.125,0.125,0.125
28,28.0,26.477829247520948,0.125,0.125,0.125,0.125,0.125,0.125,0.125,0.125
29,29.0,27.720879968916847,0.125,0.125,0.125,0.125,0.125,0.125,0.125,0.125
30,30.0,28.95241681848399,0.125,0.125,0.125,0.125,0.125,0.125,0.125,0.125
31,31.0,30.17127581490958,0.125,0.125,0.125,0.125,0.125,0.125,0.125,0.125
32,32.0,31.376536153543515,0.125,0.125,0.125,0.125,0.125,0.125,0.125,0.125
33,33.0,32.567505096778625,0.125,0.125,0.125,0.125,0.125,0.125,0.125,0.125
34,34.0,33.74370209472243,0.125,0.125,0.125,0.125,0.125,0.125,0.125,0.125
35,35.0,34.90484237192463,0.125,0.125,0.125,0.125,0.125,0.125,0.125,0.125
36,36.0,36.05082019768737,0.125,0.125,0.125,0.125,0.125,0.125,0.125,0.125
37,37.0,37.18169203889697,0.125,0.125,0.125,0.125,0.125,0.125,0.125,0.125
38,38.0,38.29765977559663,0.125,0.125,0.125,0.125,0.125,0.125,0.125,0.125
39,39.0,39.399054140870355,0.125,0.125,0.125,0.125,0.125,0.125,0.125,0.125
40,40.0,40.48631852820801,0.125,0.125,0.125,0.125,0.125,0.125,0.125,0.125
41,41.0,41.55999329152982,0.125,0.125,0.125,0.125,0.125,0.125,0.125,0.125
42,42.0,42.62070064560415,0.125,0.125,0.125,0.125,0.125,0.125,0.125,0.125
43,43.0,43.669130257815,0.125,0.125,0.125,0.125,0.125,0.125,0.125,0.125
44,44.0,44.70602560622662,0.125,0.125,0.125,0.125,0.125,0.125,0.125,0.125
45,45.0,45.73217116373481,0.125,0.125,0.125,0.125,0.125,0.125,0.125,0.125
46,46.0,46.748380453854836,0.125,0.125,0.125,0.125,0.125,0.125,0.125,0.125
47,47.0,47.755485010424316,0.125,0.125,0.125,0.125,0.125,0.125,0.125,0.125
48,48.0,48.7543242612326,0.125,0.125,0.125,0.125,0.125,0.125,0.125,0.125
49,49.0,49.745736344347726,0.125,0.125,0.125,0.125,0.125,0.125,0.125,0.125
50,50.0,50.730549855707864,0.125,0.125,0.125,0.125,0.125,0.125,0.125,0.125
51,51.0,51.70957651737491,0.125,0.125,0.125,0.125,0.125,0.125,0.125,0.125
52,52.0,52.68360474770151,0.125,0.125,0.125,0.125,0.125,0.125,0.125,0.125
53,53.0,53.65339410751842,0.125,0.125,0.125,0.125,0.125,0.125,0.125,0.125
54,54.0,54.61967059027847,0.125,0.125,0.125,0.125,0.125,0.125,0.125,0.125
55,55.0,55.58312271885972,0.125,0.125,0.125,0.125,0.125,0.125,0.125,0.125
56,56.0,56.544398407394254,0.125,0.125,0.125,0.125,0.125,0.125,0.125,0.125
57,57.0,57.504102543001395,0.125,0.125,0.125,0.125,0.125,0.125,0.125,0.125
58,58.0,58.462795239617805,0.125,0.125,0.125,0.125,0.125,0.125,0.125,0.125
59,59.0,59.42099071417639,0.125,0.125,0.125,0.125,0.125,0.125,0.125,0.125
60,60.0,60.379156734137354,0.125,0.125,0.125,0.125,0.125,0.125,0.125,0.125
61,61.0,61.337714584760846,0.125,0.125,0.125,0.125,0.125,0.125,0.125,0.125
62,62.0,62.29703950447439,0.125,0.125,0.125,0.125,0.125,0.125,0.125,0.125
63,63.0,63.257461537171835,0.125,0.125,0.125,0.125,0.125,0.125,0.125,0.125
64,64.0,64.21926675122782,0.125,0.125,0.125,0.125,0.125,0.125,0.125,0.125
65,65.0,65.18269877636592,0.125,0.125,0.125,0.125,0.125,0.125,0.125,0.125
66,66.0,66.14796061122655,0.125,0.125,0.125,0.125,0.125,0.125,0.125,0.125
67,67.0,67.11521665648885,0.125,0.125,0.125,0.125,0.125,0.125,0.125,0.125
68,68.0,68.08459493066005,0.125,0.125,0.125,0.125,0.125,0.125,0.125,0.125
69,69.0,69.05618942810752,0.125,0.125,0.125,0.125,0.125,0.125,0.125,0.125
70,70.0,70.03006258152917,0.125,0.125,0.125,0.125,0.125,0.125,0.125,0.125
71,71.0,71.00624779379335,0.125,0.125,0.125,0.125,0.125,0.125,0.125,0.125
72,72.0,71.98475200689319,0.125,0.125,0.125,0.125,0.125,0.125,0.125,0.125
73,73.0,72.96555827861411,0.125,0.125,0.125,0.125,0.125,0.125,0.125,0.125
74,74.0,73.94862834037681,0.125,0.125,0.125,0.125,0.125,0.125,0.125,0.125
75,75.0,74.93390511255946,0.125,0.125,0.125,0.125,0.125,0.125,0.125,0.125
76,76.0,75.92131515639825,0.125,0.125,0.125,0.125,0.125,0.125,0.125,0.125
77,77.0,76.91077104428919,0.125,0.125,0.125,0.125,0.125,0.125,0.125,0.125
78,78.0,77.90217363294813,0.125,0.125,0.125,0.125,0.125,0.125,0.125,0.125
79,79.0,78.89541422641172,0.125,0.125,0.125,0.125,0.125,0.125,0.125,0.125
80,80.0,79.89037661826481,0.125,0.125,0.125,0.125,0.125,0.125,0.125,0.125
81,81.0,80.88693900474995,0.125,0.125,0.125,0.125,0.125,0.125,0.125,0.125
82,82.0,81.88497576253909,0.125,0.125,0.125,0.125,0.125,0.125,0.125,0.125
83,83.0,82.88435908692391,0.125,0.125,0.125,0.125,0.125,0.125,0.125,0.125
84,84.0,83.88496048800103,0.125,0.125,0.125,0.125,0.125,0.125,0.125,0.125
85,85.0,84.88665214409042,0.125,0.125,0.125,0.125,0.125,0.125,0.125,0.125
86,86.0,85.88930811312994,0.125,0.125,0.125,0.125,0.125,0.125,0.125,0.125
87,87.0,86.89280540413424,0.125,0.125,0.125,0.125,0.125,0.125,0.125,0.125
88,88.0,87.89702491199675,0.125,0.125,0.125,0.125,0.125,0.125,0.125,0.125
89,89.0,88.90185221995306,0.125,0.125,0.125,0.125,0.125,0.125,0.125,0.125
90,90.0,89.91717827491419,0.125,0.125,0.125,0.125,0.125,0.125,0.125,0.125
91,91.0,90.93279994163008,0.125,0.125,0.125,0.125,0.125,0.125,0.125,0.125
92,92.0,91.94853144225806,0.125,0.125,0.125,0.125,0.125,0.125,0.125,0.125
93,93.0,92.97420447840068,0.125,0.125,0.125,0.125,0.125,0.125,0.125,0.125
94,94.0,94.00956816614502,0.125,0.125,0.125,0.125,0.125,0.125,0.125,0.125
95,95.0,95.04429980345347,0.125,0.125,0.125,0.125,0.125,0.125,0.125,0.125
96,96.0,96.07811527899655,0.125,0.125,0.125,0.125,0.125,0.125,0.125,0.125
97,97.0,97.11076805419536,0.125,0.125,0.125,0.125,0.125,0.125,0.125,0.125
98,98.0,98.14204787133234,0.125,0.125,0.125,0.125,0.125,0.125,0.125,0.125
99,99.0,99.17177922804228,0.125,0.125,0.125,0.125,0.125,0.125,0.125,0.125
100,100.0,100.19981965680083,0.125,0.125,0.125,0.125,0.125,0.125,0.125,0.125
101,101.0,101.2260578461155,0.125,0.125,0.125,0.125,0.125,0.125,0.125,0.125
102,102.0,102.25041163803755,0.125,0.125,0.125,0.125,0.125,0.125,0.125,0.125
103,103.0,103.27282593438701,0.125,0.125,0.125,0.125,0.125,0.125,0.125,0.125
104,104.0,104.29327054175766,0.125,0.125,0.125,0.125,0.125,0.125,0.125,0.125
105,105.0,105.31173798297367,0.125,0.125,0.125,0.125,0.125,0.125,0.125,0.125
106,106.0,106.32824130023833,0.125,0.125,0.125,0.125,0.125,0.125,0.125,0.125
107,107.0,107.34281187277416,0.125,0.125,0.125,0.125,0.125,0.125,0.125,0.125
108,108.0,108.35549726932867,0.125,0.125,0.125,0.125,0.125,0.125,0.125,0.125
109,109.0,109.36635915353443,0.125,0.125,0.125,0.125,0.125,0.125,0.125,0.125
110,110.0,110.37547125778428,0.125,0.125,0.125,0.125,0.125,0.125,0.125,0.125
111,111.0,111.38291743903129,0.125,0.125,0.125,0.125,0.125,0.125,0.125,0.125
112,112.0,112.3887898277633,0.125,0.125,0.125,0.125,0.125,0.125,0.125,0.125
113,113.0,113.39318707934447,0.125,0.125,0.125,0.125,0.125,0.125,0.125,0.125
114,114.0,114.39621273497409,0.125,0.125,0.125,0.125,0.125,0.125,0.125,0.125
115,115.0,115.397973697691,0.125,0.125,0.125,0.125,0.125,0.125,0.125,0.125
116,116.0,116.3985788271593,0.125,0.125,0.125,0.125,0.125,0.125,0.125,0.125
117,117.0,117.39813765540919,0.125,0.125,0.125,0.125,0.125,0.125,0.125,0.125
118,118.0,118.39675922427999,0.125,0.125,0.125,0.125,0.125,0.125,0.125,0.125
119,119.0,119.39455104402091,0.125,0.125,0.125,0.125,0.125,0.125,0.125,0.125
120,120.0,120.39161817134755,0.125,0.125,0.125,0.125,0.125,0.125,0.125,0.125
121,121.0,121.38806240422802,0.125,0.125,0.125,0.125,0.125,0.125,0.125,0.125
122,122.0,122.38398158977817,0.125,0.125,0.125,0.125,0.125,0.125,0.125,0.125
123,123.0,123.37946904087553,0.125,0.125,0.125,0.125,0.125,0.125,0.125,0.125
124,124.0,124.3746130564544,0.125,0.125,0.125,0.125,0.125,0.125,0.125,0.125
125,125.0,125.36949653991084,0.125,0.125,0.125,0.125,0.125,0.125,0.125,0.125
126,126.0,126.36419670962252,0.125,0.125,0.125,0.125,0.125,0.125,0.125,0.125
127,127.0,127.35878489526682,0.125,0.125,0.125,0.125,0.125,0.125,0.125,0.125
128,128.0,128.35332641339403,0.125,0.125,0.125,0.125,0.125,0.125,0.125,0.125
129,129.0,129.34788051557456,0.125,0.125,0.125,0.125,0.125,0.125,0.125,0.125
130,130.0,130.3425004023813,0.125,0.125,0.125,0.125,0.125,0.125,0.125,0.125
131,131.0,131.33723329648353,0.125,0.125,0.125,0.125,0.125,0.125,0.125,0.125
132,132.0,132.3321205682107,0.125,0.125,0.125,0.125,0.125,0.125,0.125,0.125
133,133.0,133.32719790708308,0.125,0.125,0.125,0.125,0.125,0.125,0.125,0.125
134,134.0,134.32249553299738,0.125,0.125,0.125,0.125,0.125,0.125,0.125,0.125
135,135.0,135.31803844099028,0.125,0.125,0.125,0.125,0.125,0.125,0.125,0.125
136,136.0,136.31384667377398,0.125,0.125,0.125,0.125,0.125,0.125,0.125,0.125
137,137.0,137.3099356165416,0.125,0.125,0.125,0.125,0.125,0.125,0.125,0.125
138,138.0,138.306316308867,0.125,0.125,0.125,0.125,0.125,0.125,0.125,0.125
139,139.0,139.3029957688712,0.125,0.125,0.125,0.125,0.125,0.125,0.125,0.125
140,140.0,140.29997732518626,0.125,0.125,0.125,0.125,0.125,0.125,0.125,0.125
141,141.0,141.29726095261796,0.125,0.125,0.125,0.125,0.125,0.125,0.125,0.125
142,142.0,142.2948436077803,0.125,0.125,0.125,0.125,0.125,0.125,0.125,0.125
143,143.0,143.29271956134863,0.125,0.125,0.125,0.125,0.125,0.125,0.125,0.125
144,144.0,144.30088072394665,0.125,0.125,0.125,0.125,0.125,0.125,0.125,0.125
145,145.0,145.30921696304537,0.125,0.125,0.125,0.125,0.125,0.125,0.125,0.125
146,146.0,146.3176274086038,0.125,0.125,0.125,0.125,0.125,0.125,0.125,0.125
147,147.0,147.32602053552034,0.125,0.125,0.125,0.125,0.125,0.125,0.125,0.125
148,148.0,148.33431414439002,0.125,0.125,0.125,0.125,0.125,0.125,0.125,0.125
149,149.0,149.34243525092882,0.125,0.125,0.125,0.125,0.125,0.125,0.125,0.125
150,150.0,150.35031989430445,0.125,0.125,0.125,0.125,0.125,0.125,0.125,0.125
151,151.0,151.35791287439952,0.125,0.125,0.125,0.125,0.125,0.125,0.125,0.125
152,152.0,152.36516742774106,0.125,0.125,0.125,0.125,0.125,0.125,0.125,0.125
153,153.0,153.37204485147103,0.125,0.125,0.125,0.125,0.125,0.125,0.125,0.125
154,154.0,154.37851408431328,0.125,0.125,0.125,0.125,0.125,0.125,0.125,0.125
155,155.0,155.38455125302818,0.125,0.125,0.125,0.125,0.125,0.125,0.125,0.125
156,156.0,156.39013919234134,0.125,0.125,0.125,0.125,0.125,0.125,0.125,0.125
157,157.0,157.39526694579976,0.125,0.125,0.125,0.125,0.125,0.125,0.125,0.125
158,158.0,158.39992925445432,0.125,0.125,0.125,0.125,0.125,0.125,0.125,0.125
159,159.0,159.4041260396989,0.125,0.125,0.125,0.125,0.125,0.125,0.125,0.125
160,160.0,160.40786188602203,0.125,0.125,0.125,0.125,0.125,0.125,0.125,0.125
161,161.0,161.41114552885261,0.125,0.125,0.125,0.125,0.125,0.125,0.125,0.125
162,162.0,162.41398935211163,0.125,0.125,0.125,0.125,0.125,0.125,0.125,0.125
163,163.0,163.41640889952362,0.125,0.125,0.125,0.125,0.125,0.125,0.125,0.125
164,164.0,164.41842240319917,0.125,0.125,0.125,0.125,0.125,0.125,0.125,0.125
165,165.0,165.42005033247517,0.125,0.125,0.125,0.125,0.125,0.125,0.125,0.125
166,166.0,166.42131496549882,0.125,0.125,0.125,0.125,0.125,0.125,0.125,0.125
167,167.0,167.42223998556514,0.125,0.125,0.125,0.125,0.125,0.125,0.125,0.125
168,168.0,168.42285010376918,0.125,0.125,0.125,0.125,0.125,0.125,0.125,0.125
169,169.0,169.4231707091151,0.125,0.125,0.125,0.125,0.125,0.125,0.125,0.125
170,170.0,170.42322754683528,0.125,0.125,0.125,0.125,0.125,0.125,0.125,0.125
171,171.0,171.42304642531508,0.125,0.125,0.125,0.125,0.125,0.125,0.125,0.125
172,172.0,172.42265295169378,0.125,0.125,0.125,0.125,0.125,0.125,0.125,0.125
173,173.0,173.42207229591767,0.125,0.125,0.125,0.125,0.125,0.125,0.125,0.125
174,174.0,174.42132898275997,0.125,0.125,0.125,0.125,0.125,0.125,0.125,0.125
175,175.0,175.42044671109045,0.125,0.125,0.125,0.125,0.125,0.125,0.125,0.125
176,176.0,176.41944819947696,0.125,0.125,0.125,0.125,0.125,0.125,0.125,0.125
177,177.0,177.41835505703008,0.125,0.125,0.125,0.125,0.125,0.125,0.125,0.125
178,178.0,178.4171876782576,0.125,0.125,0.125,0.125,0.125,0.125,0.125,0.125
179,179.0,179.41596516057976,0.125,0.125,0.125,0.125,0.125,0.125,0.125,0.125
180,180.0,180.4147052430639,0.125,0.125,0.125,0.125,0.125,0.125,0.125,0.125
181,181.0,181.41342426486904,0.125,0.125,0.125,0.125,0.125,0.125,0.125,0.125
182,182.0,182.41213714184494,0.125,0.125,0.125,0.125,0.125,0.125,0.125,0.125
183,183.0,183.4108573597048,0.125,0.125,0.125,0.125,0.125,0.125,0.125,0.125
184,184.0,184.40959698218163,0.125,0.125,0.125,0.125,0.125,0.125,0.125,0.125
185,185.0,185.40836667258895,0.125,0.125,0.125,0.125,0.125,0.125,0.125,0.125
186,186.0,186.40717572722963,0.125,0.125,0.125,0.125,0.125,0.125,0.125,0.125
187,187.0,187.40603211913398,0.125,0.125,0.125,0.125,0.125,0.125,0.125,0.125
188,188.0,188.40494255065656,0.125,0.125,0.125,0.125,0.125,0.125,0.125,0.125
189,189.0,189.40391251352028,0.125,0.125,0.125,0.125,0.125,0.125,0.125,0.125
190,190.0,190.40294635496247,0.125,0.125,0.125,0.125,0.125,0.125,0.125,0.125
191,191.0,191.40204734871082,0.125,0.125,0.125,0.125,0.125,0.125,0.125,0.125
192,192.0,192.40121776959722,0.125,0.125,0.125,0.125,0.125,0.125,0.125,0.125
193,193.0,193.400458970699,0.125,0.125,0.125,0.125,0.125,0.125,0.125,0.125
194,194.0,194.3997714619836,0.125,0.125,0.125,0.125,0.125,0.125,0.125,0.125
195,195.0,195.3991549895199,0.125,0.125,0.125,0.125,0.125,0.125,0.125,0.125
196,196.0,196.3986086144074,0.125,0.125,0.125,0.125,0.125,0.125,0.125,0.125
197,197.0,197.39813079066207,0.125,0.125,0.125,0.125,0.125,0.125,0.125,0.125
198,198.0,198.39771944138465,0.125,0.125,0.125,0.125,0.125,0.125,0.125,0.125
199,199.0,199.39737203262112,0.12472222222222223,0.12472222222222223,0.12472222222222223,0.12583333333333335,0.12583333333333332,0.12472222222222223,0.12472222222222223,0.12472222222222223
200,200.0,200.39708564440772,0.12433611111111112,0.12433611111111112,0.12433611111111112,0.12654722222222223,0.12643611111111108,0.12533611111111112,0.12433611111111112,0.12433611111111112
201,201.0,201.39685703857157,0.12367858333333334,0.12367858333333334,0.12367858333333334,0.12696869444444445,0.12785869444444442,0.12677969444444445,0.12367858333333334,0.12367858333333334
202,202.0,202.39668272293335,0.12372022452020204,0.12372022452020204,0.12272022452020204,0.12705964563131314,0.1287397254292929,0.12859950633838385,0.12272022452020204,0.12272022452020204
203,203.0,203.39655901162962,0.12360585287853537,0.12351494378762629,0.12244918621186872,0.12696736988964646,0.12925485202095957,0.13097608945429295,0.12161585287853538,0.12161585287853538
204,204.0,204.39648208133997,0.12339110229649244,0.12321019320558335,0.12208833562982578,0.12763889044749244,0.12962440228173483,0.13318707154588638,0.12043000229649245,0.12043000229649245
205,205.0,205.39644802326586,0.12302149150726463,0.12267654302241615,0.12158359584059798,0.12885171852992736,0.13055014743300913,0.13508447865225554,0.11911601250726465,0.11911601250726465
206,206.0,206.3964528907665,0.12245913819852731,0.12265846528244341,0.12183819893691442,0.12970823936263484,0.1302667894499278,0.13756856922905678,0.11775029977024776,0.11775029977024776
207,207.0,207.39649274260944,0.12178709302395553,0.12252812100276675,0.12185683814614075,0.13020913489958666,0.12982160970977857,0.14117105885241338,0.11631307218267922,0.11631307218267922
208,208.0,208.396563681842,0.12094459629342916,0.1229338766659897,0.12169985875182898,0.1303147511447813,0.12838756208798963,0.14633207358362066,0.11474740417704055,0.1146398772953201
209,209.0,209.39666189033287,0.11998009685744325,0.12319818630592733,0.12251933834398454,0.13023374633789153,0.1267931602688449,0.1512810438779502,0.11310363129979248,0.11289079670816585
210,210.0,210.39678365907133,0.11871466026667253,0.12297426255676852,0.12400271825246029,0.13030853213364177,0.12481465892109525,0.15708990604201936,0.111205131744506,0.11089013008283638
211,211.0,211.39692541434522,0.11743948346606964,0.12270337510023918,0.1253136043968563,0.13030080974469416,0.12280815242409565,0.16315726343822615,0.10934581987685005,0.10893149155296897
212,212.0,212.39708373994827,0.11674588132221288,0.12230385159256409,0.12727981361581295,0.1301298296243304,0.1207074287686635,0.16844071551351728,0.10745129245766054,0.10694118710523849
213,213.0,213.39725539559154,0.11614267539004695,0.12188787756105854,0.12972291697266505,0.1299100738548484,0.11863824359432038,0.17302013673979283,0.1056404628242354,0.10503761306303254
214,214.0,214.39743733171457,0.1154798311222382,0.12199257353300116,0.13191896662616306,0.1294289254546895,0.11715435260006564,0.17697619207954077,0.10387004405683382,0.10317911452746792
215,215.0,215.39762670090812,0.11473250021273544,0.12200197646930215,0.13514721517440925,0.12882948609189745,0.11561212469553947,0.18021892732440378,0.10211585017750191,0.1013419198542106
216,216.0,216.39782086617328,0.1139427427124118,0.12184871854530074,0.13804709853944347,0.12797924674573685,0.11405895392842295,0.18419371566289028,0.1003905269491288,0.09953899691666518
217,217.0,217.39801740625018,0.1126029787878384,0.12236689609918251,0.141219339955028,0.12779426395150972,0.11183301606640192,0.18761844585441853,0.0987442760269437,0.09782078325867731
218,218.0,218.39821411825687,0.11015984939304627,0.12265420985999932,0.1438050686961571,0.12873155587424723,0.10954494701280451,0.19096624104060428,0.09806389536191,0.09607423276123145
219,219.0,219.39840901788034,0.10754625707743404,0.12254497416443294,0.146374715615796,0.13012588830586225,0.10778864195241981,0.19423491620989583,0.09716682735248262,0.09421777932167665
220,220.0,220.39860033736264,0.10490073220224587,0.12212037635749108,0.1492894298502927,0.13162055566619799,0.10660716901586978,0.1968245332522579,0.09626087774101943,0.0923763259146254
221,221.0,221.3987865215231,0.10223559329824362,0.1215113686544331,0.1523692456514163,0.13275186772433364,0.10541252974618884,0.19907369786096768,0.09609623996746679,0.09054945709695025
222,222.0,222.39896622205228,0.09954859509642101,0.12064869836437903,0.15565530013419215,0.13357929221754206,0.10470183499081209,0.20138360630487318,0.09575954785481812,0.08872312503696261
223,223.0,223.39913829030803,0.0974516016318276,0.11959483650681882,0.15830566081409098,0.1341231794901785,0.10389977530375274,0.20371258780940077,0.09596956649674343,0.08694279194718736
224,224.0,224.3993017688351,0.09547902327157343,0.1184523977591378,0.16071891000104066,0.13459401134818103,0.10362278046658237,0.20562604921432565,0.09621272577147125,0.08529410216768804
225,225.0,225.3994558818211,0.0944617497769063,0.11734012348707361,0.16263051254230013,0.1355263238358455,0.10344588902140622,0.20644521583278774,0.0963502953176209,0.08379989018605978
226,226.0,226.3996000246903,0.09352421309481965,0.11637480757013066,0.16543546781926607,0.13506770469470383,0.10280288046115547,0.2078518360485488,0.09648586349580959,0.08245722681556611
227,227.0,227.3997337530257,0.09248560256057886,0.11522703060131857,0.16766869542010862,0.1347891543777577,0.10208089938445608,0.20897346711095235,0.09767666391451346,0.0810984866303145
228,228.0,228.3998567709973,0.09151531409676288,0.1150589374872615,0.16998939621849085,0.13430109386451808,0.10140116809599539,0.20960412543587845,0.09828499484518426,0.07984496995590876
229,229.0,229.39996891946177,0.090517915806349,0.1147421947494732,0.17234229622388164,0.1336495074341099,0.1011105286951565,0.21027486783367064,0.0987144667261338,0.07864822253122546
230,230.0,230.40007016388515,0.08950778364126037,0.11429511636110987,0.17474735444146752,0.1334824817263535,0.10069945044678127,0.21033616082618037,0.09898155220607441,0.07795010035077285
231,231.0,231.4001605822274,0.08866564062279664,0.11367616821586521,0.1768629791047395,0.1336107326924729,0.10019626168407181,0.21017181476723995,0.0995048451736899,0.07731155773912425
232,232.0,232.40024035291313,0.08789235445293632,0.11354376214288367,0.17845742691383834,0.13365269847154007,0.09972924504709679,0.2095908388965121,0.09998437712491204,0.07714929695028078
233,233.0,233.40030974300115,0.08725135711501553,0.1133426029172689,0.18083836342432183,0.13367878811558281,0.09988860868228602,0.2074332163420454,0.10050421746918266,0.07706284593429692
234,234.0,234.40036909665034,0.08658592820259166,0.11306786038142305,0.1826183943246615,0.13406897888123437,0.09997280608192127,0.20526534192439447,0.10084385536172454,0.0775768348420492
235,235.0,235.4004188239681,0.08595175424971711,0.11275264501268638,0.184674438102136,0.13425402831210628,0.10004934599728443,0.20315695220775562,0.10110200375626295,0.07805883236205131
236,236.0,236.40045939031444,0.08527751776717041,0.11236643190268882,0.18604006615146435,0.1341414106041552,0.10040124490240368,0.2015429480688424,0.10176116697409288,0.07846921362918234
237,237.0,237.400491306123,0.08465432282527008,0.11198286068291935,0.18776447449615696,0.13387505182713164,0.10074447002844471,0.19976224315199775,0.10235868382382095,0.07885789316425862
238,238.0,238.40051511728944,0.08408235088802488,0.11160496705423846,0.18939403544894998,0.1334712568954867,0.10107551017070933,0.19744688609917765,0.10289379744241446,0.08003119600099862
239,239.0,239.40053139616637,0.08363905829884133,0.11143746761520248,0.19026120454158485,0.13329979809350326,0.10146913235065211,0.19564628595929442,0.10296806546511003,0.08127898767581154
240,240.0,240.40054073319394,0.08263444194651594,0.11116373324655324,0.1915391931831821,0.1329493566141772,0.10182180933453429,0.19446289407974052,0.10296206839167042,0.08246650320362633
241,241.0,241.40054372918678,0.08167769267934587,0.11088177418567077,0.19288429419410844,0.13255533839439307,0.10211502967731487,0.1930700530994757,0.10366750958606664,0.08314830818362466
242,242.0,242.4005409882885,0.08079930912702372,0.11072774631801477,0.1942625341326547,0.13215536953170218,0.10240693644991851,0.19160632807647054,0.10433889394922527,0.08370288241499035
243,243.0,243.40053311159718,0.07998378955217501,0.11107022267073613,0.19531442353448877,0.13123893231864098,0.10268096602228757,0.1905229134856362,0.10495913740128915,0.08422961501474623
244,244.0,244.400520691459,0.07923397269972111,0.11139243042203818,0.1960339844667749,0.13026898597474967,0.1029347299917848,0.1894344156144503,0.10600190624810057,0.08469957458238052
245,245.0,245.40050430642003,0.07865475985629422,0.11167123607777286,0.19709383285727206,0.1292491788377288,0.1031567481406139,0.18823329884911796,0.1068383921443761,0.08510255323682411
246,246.0,246.40048451682077,0.07813157237329853,0.111936876681318,0.1980702359044067,0.12822432429998754,0.10334811276908808,0.18725252413945961,0.10759445552431413,0.08544189830812744
247,247.0,247.40046186101324,0.0776628626157988,0.11173228271596383,0.19942825821301552,0.12720360874455455,0.10350879860923606,0.18647655512533115,0.10826901110332823,0.08571862287277196
248,248.0,248.40043685217634,0.07726352276087035,0.1111473619491753,0.2003980373323847,0.12618097397947797,0.10418951637148352,0.18598529473573752,0.10888713834814492,0.08594815452272586
249,249.0,249.40040997570134,0.07692948633721969,0.1104434839304084,0.20179012996186435,0.12486826590313649,0.10482797008713779,0.18542139592181114,0.10970942811970816,0.08600983973871415
250,250.0,250.40038168711683,0.07674655398155256,0.10974066419820806,0.20291559488834487,0.12358406044820741,0.10541997234227043,0.1848556972203969,0.11072791948138376,0.0860095374396362
251,251.0,251.40035241051964,0.0766258017622994,0.10959564789596689,0.20389254167940923,0.12233041572744237,0.10560381299249855,0.18429481691027735,0.11168326325547252,0.08597369977663394
252,252.0,252.40032253747697,0.07652034438113654,0.10933827231287882,0.2050659347805705,0.12107416807698858,0.10562079911413964,0.18357348549002772,0.1124884711492426,0.08631852469501586
253,253.0,253.4002924263638,0.07641279710664875,0.10940667150381997,0.2063283282968293,0.1198104327241039,0.10546900831154218,0.18291561479327434,0.1131166850289525,0.08654046223482931
254,254.0,254.40026240209826,0.07632074816069542,0.10946374780651137,0.20743167741194896,0.11883835582179855,0.10525387918959031,0.18239712615423692,0.1136119296767752,0.08668253577844352
255,255.0,255.40023275623832,0.07626864909338459,0.10952804950157996,0.20855338289215883,0.11794413946810589,0.10502088252684567,0.1818503750025377,0.11403271135642508,0.08680181015896253
256,256.0,256.400203747402,0.07624457038722748,0.10960263711884236,0.2097112843757244,0.11711337187587051,0.10476567952371738,0.1813204069337643,0.11436535750732765,0.08687669227752617
257,257.0,257.4001756019752,0.07617758387682189,0.10995234070882393,0.21073461997479587,0.1163860347762858,0.10452730318572634,0.18076621548699612,0.11475776752936691,0.0866981344611834
258,258.0,258.4001485150714,0.07611475949608881,0.1102693133953689,0.21161175165580542,0.11568014074238588,0.10424388409517518,0.1805954267502373,0.11503302798489941,0.08645169588003934
259,259.0,259.4001226517073,0.07602414536231845,0.11044166146116846,0.2126329727730206,0.11508773932539433,0.10382192420820066,0.18072828861446014,0.11515818236250618,0.08610508589293138
260,260.0,260.40009814816256,0.07595268524377047,0.11059596659611719,0.21369706801363708,0.11454293265177028,0.10338378387304656,0.18088112969991565,0.11521333896221322,0.08573309495952976
261,261.0,261.40007511349063,0.07588553480317341,0.11072845878203486,0.21487533330007277,0.11405348860474432,0.10293560038747081,0.18097444648605182,0.11519954674684157,0.08534759088961066
262,262.0,262.40005363115097,0.07580964859026472,0.11083263498598857,0.21562315721403283,0.11359977752520564,0.1029074131410388,0.18096070404000458,0.11509895216040719,0.08516771234305787
263,263.0,263.4000337607338,0.07601915948279181,0.1111979909185174,0.21656281314408848,0.11402930571649086,0.10259706974783896,0.1805349998505497,0.11382032940513027,0.08523833173459268
264,264.0,264.40001553975094,0.07623254315084121,0.11154388209722281,0.217417438048741,0.11472553516287502,0.10228499974603544,0.18002121579435315,0.11249248850455862,0.08528189749537288
265,265.0,265.39999898546887,0.07646378872475056,0.1118799762793437,0.21799460311977256,0.11568233977653458,0.10166575301385208,0.17997759975448485,0.11102898644509168,0.08530695288617007
266,266.0,266.3999840967603,0.07668223864440082,0.112172079862903,0.2185631684946476,0.1166131748328853,0.10103232848719593,0.17980968313905976,0.10984130388927463,0.085286022649633
267,267.0,267.399970855955,0.07683114061195775,0.11257899290299178,0.2187877761019554,0.11734458904367388,0.10034570340736232,0.18020193368543908,0.10852079098417328,0.08538907326244657
268,268.0,268.39995923067073,0.07698172323302845,0.11295875513733694,0.21871483122292956,0.11839534623343935,0.09968382691054065,0.18055061767025984,0.10722546155391373,0.08548943803855152
269,269.0,269.3999491756082,0.0771320645168111,0.11330953972645032,0.21866251913522583,0.11944150643314666,0.09905059480415825,0.18085238722275487,0.105965254346835,0.08558613381461797
270,270.0,270.39994063429583,0.07728044385689656,0.11363001260706351,0.21894807419039294,0.1204728264125044,0.09844923364293486,0.18110481352652927,0.10443627655808951,0.08567831920558895
271,271.0,271.3999335407717,0.07737039381744232,0.11386435082067643,0.2201318150689035,0.12131540704705247,0.09761462414970865,0.18114148018685503,0.10285158535010866,0.08571034355925294
272,272.0,272.3999278211923,0.07747386378620097,0.11396225447065791,0.22116709638829565,0.12214423552417546,0.09683419658560617,0.18164216542149794,0.10103085506175043,0.08574533276181547
273,273.0,273.3999233953589,0.0775631016287586,0.11537468230915592,0.2222132360844065,0.12290122342923707,0.09615316402901043,0.18157997045525415,0.09886528917091175,0.0853493328932656
274,274.0,274.3999201781552,0.07759016128465014,0.11664599380425172,0.2229131264161829,0.12411997573648909,0.09546519598985803,0.18150318907530363,0.09688425782875845,0.08487809986450598
275,275.0,275.39991808089036,0.07758499574469704,0.11793967719804653,0.22333320101554285,0.12525106152013357,0.09514633670303876,0.1814144084112751,0.09496349367261973,0.08436682573464634
276,276.0,276.3999170125431,0.07757463133841828,0.11917422619919278,0.22376942540820147,0.12632716832106652,0.09487300690141462,0.18126665208231535,0.09315120411731163,0.08386368563207924
277,277.0,277.3999168809051,0.07762666104162853,0.12119123341683752,0.22462986427915774,0.1272889299387579,0.0947299067217326,0.18021921982740807,0.0908547674321261,0.0834594173423514
278,278.0,278.39991759362186,0.07777605883010738,0.12353507931635414,0.22520685901959314,0.12797933837791184,0.09487958257943806,0.1789969989041917,0.08862043489615137,0.08300564807625223
279,279.0,279.39991905913075,0.0778594776702561,0.12589289980672075,0.2261440896576489,0.12842281229381197,0.09491456841315753,0.1777889049955544,0.08646476554552035,0.08251248161732991
280,280.0,280.39992118749745,0.0779194122335965,0.1280259730789915,0.22743415573892853,0.12878902645197046,0.09488050625690499,0.17648704011751098,0.08443818072029528,0.0820257054018017
281,281.0,281.3999238911525,0.07797519150156447,0.13004514630466932,0.22896761121067852,0.12909724489268434,0.09455418416910644,0.17523025583213261,0.0825656177155763,0.08156474837358794
282,282.0,282.3999270855305,0.07786380564463619,0.1319299598671947,0.23084470467700577,0.12934120157120843,0.0942525849999586,0.1741858449710645,0.08065324450426671,0.08092865376466507
283,283.0,283.3999306896154,0.07772913258143309,0.1339534007135023,0.232655599509933,0.12948074042768978,0.09396521693782034,0.17306467669467174,0.07887000893933084,0.08028122419561882
284,284.0,284.39993462639563,0.0774519586515583,0.13569392602711056,0.23414556632981937,0.12943054379049365,0.09467792602145457,0.17196748096387435,0.07710541755008407,0.07952718066560507
285,285.0,285.399938823234,0.0770630228665699,0.138175795887152,0.2353403643564612,0.12922380436095196,0.09518618351992877,0.17092358950217781,0.07538879731514543,0.0786984421916129
286,286.0,286.3999432121561,0.07668572663039716,0.1405080579193659,0.23623332110530013,0.12879100144187014,0.09570943617666193,0.17008307773511308,0.07405752237590285,0.07793185661538887
287,287.0,287.39994773006447,0.07630635896986124,0.14266570326940586,0.23701198465121578,0.12831026643753676,0.0964367918325474,0.16921859572087028,0.07286197929018086,0.07718831982838187
288,288.0,288.39995231888133,0.07606208218056489,0.1445378079531096,0.23769374131308477,0.12777679235547032,0.09741694706192053,0.16826860144866582,0.07178572802073464,0.07645829966644949
289,289.0,289.3999569256277,0.07566739424813856,0.14648082334229953,0.23814355082618038,0.128171851290232,0.09813866199192259,0.1671039191329246,0.07068675026398244,0.07560704890431998
290,290.0,290.39996150244315,0.07515397442186302,0.1493568827470433,0.23820258645761805,0.1282998890755304,0.09863053343042268,0.16590622783706532,0.06959027571996537,0.07485963031049199
291,291.0,291.39996600655263,0.07454674613736371,0.15174661511915338,0.23823680269251457,0.12911210446928315,0.09891583675446028,0.16488387440724775,0.06851423051522898,0.07404378990474829
292,292.0,292.3999704001857,0.07394182993108347,0.15383332176282266,0.2384686383816726,0.12987594972891042,0.09909036588571409,0.16398815294210242,0.06754731420234114,0.07325442716535335
293,293.0,293.3999746504535,0.07319052609944438,0.15622376154587334,0.2385651170379947,0.1302803853439563,0.09988886461364874,0.16297862667474122,0.06653309834959019,0.0723396203347513
294,294.0,294.39997872919,0.07240815735284889,0.15836145952847747,0.23720846205216412,0.13066679900635747,0.10013374311298825,0.1625846739339792,0.0655789766283908,0.07305772838479398
295,295.0,295.399982612761,0.07152544706103639,0.1606832419600259,0.23562560412443131,0.13108060468057875,0.10008711632053502,0.16207435151108485,0.06537687254033397,0.07354676180197396
296,296.0,296.39998628184725,0.07061263591402746,0.16265683749150903,0.234058214878817,0.13135322672180283,0.09983547497146811,0.1615127081586832,0.06515711628476727,0.07481378557892521
297,297.0,297.39998972120645,0.06967546015892714,0.16420291951018717,0.23263118206836939,0.13149579287923022,0.09934418239441871,0.16112602911662247,0.06492726716209112,0.07659716671015386
298,298.0,298.39999291941757,0.06872955610279702,0.16535291817864234,0.2312856565071137,0.13152080749062703,0.09926927377807832,0.1609562678493626,0.06469565151513516,0.07818986857824393
299,299.0,299.3999958686135,0.06784164700825453,0.1670286545868961,0.22993069045599984,0.13063991160048702,0.09918873071297334,0.1608377776907567,0.06474316655140468,0.07978942139322791
300,300.0,300.39999856420366,0.0669941340568602,0.16847916522447878,0.2284907428953309,0.12969750701912872,0.09908337941359566,0.16079741544102344,0.06484258471944804,0.08161507123013441
301,301.0,301.40000100459275,0.06619880873623946,0.16973560078657002,0.2270889811664326,0.1287405216247494,0.09896424295313595,0.16073231907909857,0.0651637692437346,0.08337575641003951
302,302.0,302.40000319089705,0.06545775616057081,0.17080389530888795,0.22560592866247886,0.12777926902892914,0.09883337170648651,0.16076970374975583,0.0656912024310938,0.08505887295179725
303,303.0,303.40000512666194,0.06477271683703081,0.17167820635490968,0.22432786507359884,0.12679934008678462,0.09869146718489943,0.160819479243421,0.06626145420366666,0.08664947101568911
304,304.0,304.40000681758374,0.06435885206520128,0.17393949728505392,0.22376424386134566,0.12478709826765451,0.09875496399264366,0.1591294970430332,0.06691178575009873,0.0883540617349692
305,305.0,305.40000827123754,0.06390977967628494,0.1758305188262568,0.2230618556760132,0.12253963677322698,0.09866886349929685,0.1579949808428791,0.0674942824161952,0.09050008228984707
306,306.0,306.40000949681354,0.06346636366846939,0.17800593153960506,0.222449426057348,0.12021045341050958,0.09847959805613274,0.156732604784677,0.06817700168164029,0.09247862080161813
307,307.0,307.4000105048638,0.06309270629520762,0.1800522323938391,0.22208898047720915,0.11795012059101719,0.09825742264186177,0.15548718530731584,0.06946323381079006,0.09360811848275942
308,308.0,308.4000113070604,0.06268122554033662,0.18143761372473477,0.22186713467419938,0.11612199080680599,0.09861565928292276,0.15416229327083156,0.07061297534749765,0.09450110735267142
309,309.0,309.4000119159668,0.06226595077345367,0.18315796569469026,0.22101825970088684,0.11429014047131376,0.09886674726866387,0.15343225558590134,0.07169032306221385,0.09527835744287652
310,310.0,310.40001234482287,0.06185970985098921,0.18416919029365314,0.220427488072291,0.1127260928495327,0.09962726399239778,0.1527621348158785,0.072701703569216,0.09572641655604175
311,311.0,311.40001260734505,0.061442324216341784,0.18521378069520253,0.2198716487198527,0.11158952673702402,0.10028458556412326,0.15204917595092457,0.07357630341699659,0.09597265469953459
312,312.0,312.4000127175416,0.061302845565227145,0.18620200284204486,0.2189543005541565,0.11034014774423535,0.10129324102418066,0.15157945074006088,0.07430267325265709,0.0960253382774376
313,313.0,313.4000126895431,0.06115915600306189,0.18711235682975724,0.21779546976729383,0.109030735356604,0.10214797799675,0.15147357072090425,0.07537914679992476,0.09590158652570407
314,314.0,314.40001253744896,0.0610550939625973,0.18787041265060053,0.21679031237010332,0.10783059914156294,0.10296753090914142,0.15140335101157965,0.07639213423012352,0.0956905657242914
315,315.0,315.4000122751898,0.061460428149711324,0.18847557308906307,0.21547615251305388,0.10673872794314494,0.1032691148019922,0.15184437882345986,0.07733509921662948,0.09540052546294533
316,316.0,316.40001191640465,0.06187515580069532,0.1889044072148861,0.2141506219082135,0.10599269949630157,0.10352169946357129,0.15234164375730758,0.07819641406024896,0.09501735829877575
317,317.0,317.40001147433395,0.06231093452539754,0.18920545593177293,0.21284096744727776,0.10535201409596939,0.10373587145710338,0.15299564330115817,0.07898304496525184,0.09457606827606901
318,318.0,318.400010961727,0.0627219622199741,0.18932750306257817,0.21155500092353752,0.10471024543437299,0.10387399112023281,0.1541123673287516,0.07964348687074206,0.09405544303981078
319,319.0,319.40001039076344,0.0630802010635724,0.18945105066193532,0.20966654697327233,0.10451359814861935,0.10429487108882719,0.1551070920617558,0.08035359890739438,0.09353304109462332
320,320.0,320.40000977298865,0.06344617487014666,0.18947987047899295,0.20788033589294921,0.10441147814971594,0.10468376172820623,0.15610597651236396,0.08100105015952293,0.09299135220810227
321,321.0,321.4000091192614,0.06380935284435793,0.18935607392307877,0.20602036131699414,0.10438935634799112,0.10524119257709282,0.15703154269357789,0.08172049589463698,0.0924316244022706
322,322.0,322.4000084397143,0.06415886223545154,0.18908103820688507,0.2043857350785625,0.10443127159199926,0.1059495435093373,0.15780083605865788,0.08234603088362659,0.09184668243548005
323,323.0,323.40000774372476,0.0645855135366418,0.1893118917884923,0.20255501422887887,0.1047582287924759,0.1070337439123256,0.15840306543443172,0.0825166377362952,0.09083590457045881
324,324.0,324.40000703989693,0.06495659891124875,0.18938631581816098,0.20080486199602865,0.10550162503518294,0.10802476970373955,0.15893268006555022,0.08258063048710866,0.08981251798298039
325,325.0,325.4000063360529,0.06554576656141166,0.18877047053766993,0.1992387387265225,0.10628799168949767,0.10851225832276493,0.15976203613822695,0.08280492752135354,0.08907781050255298
326,326.0,326.40000563923275,0.06597506512701462,0.18813622738556157,0.1978337841991577,0.10766392749977564,0.10876708736015693,0.16056779905221558,0.08282686506354045,0.08822924431257767
327,327.0,327.4000049557023,0.06644294963966237,0.18712916607399344,0.1967151978296358,0.10891275078706328,0.10963220013546807,0.1611530622518417,0.08270362696360155,0.08731104631873392
328,328.0,328.40000429096784,0.06676883405560899,0.18639689991677638,0.19555772082869788,0.10988810651591856,0.11022362938957306,0.16242350048009815,0.0824097136518769,0.0863315951614502
329,329.0,329.40000364979716,0.06700735214506694,0.18547862118398675,0.19459314034996122,0.11069979133579697,0.11139697861316498,0.1634619652465167,0.08200953240879823,0.08535261871670828
330,330.0,330.4000030362456,0.06718678407854718,0.18511236966255012,0.1935817369583672,0.11137569639664219,0.11246347076121185,0.16434425434066147,0.08153939364369234,0.08439629415832774
