Total_iterations,Unnamed: 0.1,Intertwine_two,Add_vertex,Delete_vertex,Invert_path_vertices,Insert_inside_vertex,Delete_inside_vertex,Replace_inside_vertex,Donate_between_routes
0,0.0,0.125,0.125,0.125,0.125,0.125,0.125,0.125,0.125
1,1.0,0.125,0.125,0.125,0.125,0.125,0.125,0.125,0.125
2,2.0,0.125,0.125,0.125,0.125,0.125,0.125,0.125,0.125
3,3.0,0.125,0.125,0.125,0.125,0.125,0.125,0.125,0.125
4,4.0,0.125,0.125,0.125,0.125,0.125,0.125,0.125,0.125
5,5.0,0.125,0.125,0.125,0.125,0.125,0.125,0.125,0.125
6,6.0,0.125,0.125,0.125,0.125,0.125,0.125,0.125,0.125
7,7.0,0.125,0.125,0.125,0.125,0.125,0.125,0.125,0.125
8,8.0,0.125,0.125,0.125,0.125,0.125,0.125,0.125,0.125
9,9.0,0.125,0.125,0.125,0.125,0.125,0.125,0.125,0.125
10,10.0,0.125,0.125,0.125,0.125,0.125,0.125,0.125,0.125
11,11.0,0.125,0.125,0.125,0.125,0.125,0.125,0.125,0.125
12,12.0,0.125,0.125,0.125,0.125,0.125,0.125,0.125,0.125
13,13.0,0.125,0.125,0.125,0.125,0.125,0.125,0.125,0.125
14,14.0,0.125,0.125,0.125,0.125,0.125,0.125,0.125,0.125
15,15.0,0.125,0.125,0.125,0.125,0.125,0.125,0.125,0.125
16,16.0,0.125,0.125,0.125,0.125,0.125,0.125,0.125,0.125
17,17.0,0.125,0.125,0.125,0.125,0.125,0.125,0.125,0.125
18,18.0,0.125,0.125,0.125,0.125,0.125,0.125,0.125,0.125
19,19.0,0.125,0.125,0.125,0.125,0.125,0.125,0.125,0.125
20,20.0,0.125,0.125,0.125,0.125,0.125,0.125,0.125,0.125
21,21.0,0.125,0.125,0.125,0.125,0.125,0.125,0.125,0.125
22,22.0,0.125,0.125,0.125,0.125,0.125,0.125,0.125,0.125
23,23.0,0.125,0.125,0.125,0.125,0.125,0.125,0.125,0.125
24,24.0,0.125,0.125,0.125,0.125,0.125,0.125,0.125,0.125
25,25.0,0.125,0.125,0.125,0.125,0.125,0.125,0.125,0.125
26,26.0,0.125,0.125,0.125,0.125,0.125,0.125,0.125,0.125
27,27.0,0.125,0.125,0.125,0.125,0.125,0.125,0.125,0.125
28,28.0,0.125,0.125,0.125,0.125,0.125,0.125,0.125,0.125
29,29.0,0.125,0.125,0.125,0.125,0.125,0.125,0.125,0.125
30,30.0,0.125,0.125,0.125,0.125,0.125,0.125,0.125,0.125
31,31.0,0.125,0.125,0.125,0.125,0.125,0.125,0.125,0.125
32,32.0,0.125,0.125,0.125,0.125,0.125,0.125,0.125,0.125
33,33.0,0.125,0.125,0.125,0.125,0.125,0.125,0.125,0.125
34,34.0,0.125,0.125,0.125,0.125,0.125,0.125,0.125,0.125
35,35.0,0.125,0.125,0.125,0.125,0.125,0.125,0.125,0.125
36,36.0,0.125,0.125,0.125,0.125,0.125,0.125,0.125,0.125
37,37.0,0.125,0.125,0.125,0.125,0.125,0.125,0.125,0.125
38,38.0,0.125,0.125,0.125,0.125,0.125,0.125,0.125,0.125
39,39.0,0.125,0.125,0.125,0.125,0.125,0.125,0.125,0.125
40,40.0,0.125,0.125,0.125,0.125,0.125,0.125,0.125,0.125
41,41.0,0.125,0.125,0.125,0.125,0.125,0.125,0.125,0.125
42,42.0,0.125,0.125,0.125,0.125,0.125,0.125,0.125,0.125
43,43.0,0.125,0.125,0.125,0.125,0.125,0.125,0.125,0.125
44,44.0,0.125,0.125,0.125,0.125,0.125,0.125,0.125,0.125
45,45.0,0.125,0.125,0.125,0.125,0.125,0.125,0.125,0.125
46,46.0,0.125,0.125,0.125,0.125,0.125,0.125,0.125,0.125
47,47.0,0.125,0.125,0.125,0.125,0.125,0.125,0.125,0.125
48,48.0,0.125,0.125,0.125,0.125,0.125,0.125,0.125,0.125
49,49.0,0.125,0.125,0.125,0.125,0.125,0.125,0.125,0.125
50,50.0,0.125,0.125,0.125,0.125,0.125,0.125,0.125,0.125
51,51.0,0.125,0.125,0.125,0.125,0.125,0.125,0.125,0.125
52,52.0,0.125,0.125,0.125,0.125,0.125,0.125,0.125,0.125
53,53.0,0.125,0.125,0.125,0.125,0.125,0.125,0.125,0.125
54,54.0,0.125,0.125,0.125,0.125,0.125,0.125,0.125,0.125
55,55.0,0.125,0.125,0.125,0.125,0.125,0.125,0.125,0.125
56,56.0,0.125,0.125,0.125,0.125,0.125,0.125,0.125,0.125
57,57.0,0.125,0.125,0.125,0.125,0.125,0.125,0.125,0.125
58,58.0,0.125,0.125,0.125,0.125,0.125,0.125,0.125,0.125
59,59.0,0.125,0.125,0.125,0.125,0.125,0.125,0.125,0.125
60,60.0,0.125,0.125,0.125,0.125,0.125,0.125,0.125,0.125
61,61.0,0.125,0.125,0.125,0.125,0.125,0.125,0.125,0.125
62,62.0,0.125,0.125,0.125,0.125,0.125,0.125,0.125,0.125
63,63.0,0.125,0.125,0.125,0.125,0.125,0.125,0.125,0.125
64,64.0,0.125,0.125,0.125,0.125,0.125,0.125,0.125,0.125
65,65.0,0.125,0.125,0.125,0.125,0.125,0.125,0.125,0.125
66,66.0,0.125,0.125,0.125,0.125,0.125,0.125,0.125,0.125
67,67.0,0.125,0.125,0.125,0.125,0.125,0.125,0.125,0.125
68,68.0,0.125,0.125,0.125,0.125,0.125,0.125,0.125,0.125
69,69.0,0.125,0.125,0.125,0.125,0.125,0.125,0.125,0.125
70,70.0,0.125,0.125,0.125,0.125,0.125,0.125,0.125,0.125
71,71.0,0.125,0.125,0.125,0.125,0.125,0.125,0.125,0.125
72,72.0,0.125,0.125,0.125,0.125,0.125,0.125,0.125,0.125
73,73.0,0.125,0.125,0.125,0.125,0.125,0.125,0.125,0.125
74,74.0,0.125,0.125,0.125,0.125,0.125,0.125,0.125,0.125
75,75.0,0.125,0.125,0.125,0.125,0.125,0.125,0.125,0.125
76,76.0,0.125,0.125,0.125,0.125,0.125,0.125,0.125,0.125
77,77.0,0.125,0.125,0.125,0.125,0.125,0.125,0.125,0.125
78,78.0,0.125,0.125,0.125,0.125,0.125,0.125,0.125,0.125
79,79.0,0.125,0.125,0.125,0.125,0.125,0.125,0.125,0.125
80,80.0,0.125,0.125,0.125,0.125,0.125,0.125,0.125,0.125
81,81.0,0.125,0.125,0.125,0.125,0.125,0.125,0.125,0.125
82,82.0,0.125,0.125,0.125,0.125,0.125,0.125,0.125,0.125
83,83.0,0.125,0.125,0.125,0.125,0.125,0.125,0.125,0.125
84,84.0,0.125,0.125,0.125,0.125,0.125,0.125,0.125,0.125
85,85.0,0.125,0.125,0.125,0.125,0.125,0.125,0.125,0.125
86,86.0,0.125,0.125,0.125,0.125,0.125,0.125,0.125,0.125
87,87.0,0.125,0.125,0.125,0.125,0.125,0.125,0.125,0.125
88,88.0,0.125,0.125,0.125,0.125,0.125,0.125,0.125,0.125
89,89.0,0.125,0.125,0.125,0.125,0.125,0.125,0.125,0.125
90,90.0,0.125,0.125,0.125,0.125,0.125,0.125,0.125,0.125
91,91.0,0.125,0.125,0.125,0.125,0.125,0.125,0.125,0.125
92,92.0,0.125,0.125,0.125,0.125,0.125,0.125,0.125,0.125
93,93.0,0.125,0.125,0.125,0.125,0.125,0.125,0.125,0.125
94,94.0,0.125,0.125,0.125,0.125,0.125,0.125,0.125,0.125
95,95.0,0.125,0.125,0.125,0.125,0.125,0.125,0.125,0.125
96,96.0,0.125,0.125,0.125,0.125,0.125,0.125,0.125,0.125
97,97.0,0.125,0.125,0.125,0.125,0.125,0.125,0.125,0.125
98,98.0,0.125,0.125,0.125,0.125,0.125,0.125,0.125,0.125
99,99.0,0.125,0.125,0.125,0.125,0.125,0.125,0.125,0.125
100,100.0,0.125,0.125,0.125,0.125,0.125,0.125,0.125,0.125
101,101.0,0.125,0.125,0.125,0.125,0.125,0.125,0.125,0.125
102,102.0,0.125,0.125,0.125,0.125,0.125,0.125,0.125,0.125
103,103.0,0.125,0.125,0.125,0.125,0.125,0.125,0.125,0.125
104,104.0,0.125,0.125,0.125,0.125,0.125,0.125,0.125,0.125
105,105.0,0.125,0.125,0.125,0.125,0.125,0.125,0.125,0.125
106,106.0,0.125,0.125,0.125,0.125,0.125,0.125,0.125,0.125
107,107.0,0.125,0.125,0.125,0.125,0.125,0.125,0.125,0.125
108,108.0,0.125,0.125,0.125,0.125,0.125,0.125,0.125,0.125
109,109.0,0.125,0.125,0.125,0.125,0.125,0.125,0.125,0.125
110,110.0,0.125,0.125,0.125,0.125,0.125,0.125,0.125,0.125
111,111.0,0.125,0.125,0.125,0.125,0.125,0.125,0.125,0.125
112,112.0,0.125,0.125,0.125,0.125,0.125,0.125,0.125,0.125
113,113.0,0.125,0.125,0.125,0.125,0.125,0.125,0.125,0.125
114,114.0,0.125,0.125,0.125,0.125,0.125,0.125,0.125,0.125
115,115.0,0.125,0.125,0.125,0.125,0.125,0.125,0.125,0.125
116,116.0,0.125,0.125,0.125,0.125,0.125,0.125,0.125,0.125
117,117.0,0.125,0.125,0.125,0.125,0.125,0.125,0.125,0.125
118,118.0,0.125,0.125,0.125,0.125,0.125,0.125,0.125,0.125
119,119.0,0.125,0.125,0.125,0.125,0.125,0.125,0.125,0.125
120,120.0,0.125,0.125,0.125,0.125,0.125,0.125,0.125,0.125
121,121.0,0.125,0.125,0.125,0.125,0.125,0.125,0.125,0.125
122,122.0,0.125,0.125,0.125,0.125,0.125,0.125,0.125,0.125
123,123.0,0.125,0.125,0.125,0.125,0.125,0.125,0.125,0.125
124,124.0,0.125,0.125,0.125,0.125,0.125,0.125,0.125,0.125
125,125.0,0.125,0.125,0.125,0.125,0.125,0.125,0.125,0.125
126,126.0,0.125,0.125,0.125,0.125,0.125,0.125,0.125,0.125
127,127.0,0.125,0.125,0.125,0.125,0.125,0.125,0.125,0.125
128,128.0,0.125,0.125,0.125,0.125,0.125,0.125,0.125,0.125
129,129.0,0.125,0.125,0.125,0.125,0.125,0.125,0.125,0.125
130,130.0,0.125,0.125,0.125,0.125,0.125,0.125,0.125,0.125
131,131.0,0.125,0.125,0.125,0.125,0.125,0.125,0.125,0.125
132,132.0,0.125,0.125,0.125,0.125,0.125,0.125,0.125,0.125
133,133.0,0.125,0.125,0.125,0.125,0.125,0.125,0.125,0.125
134,134.0,0.125,0.125,0.125,0.125,0.125,0.125,0.125,0.125
135,135.0,0.125,0.125,0.125,0.125,0.125,0.125,0.125,0.125
136,136.0,0.125,0.125,0.125,0.125,0.125,0.125,0.125,0.125
137,137.0,0.125,0.125,0.125,0.125,0.125,0.125,0.125,0.125
138,138.0,0.125,0.125,0.125,0.125,0.125,0.125,0.125,0.125
139,139.0,0.125,0.125,0.125,0.125,0.125,0.125,0.125,0.125
140,140.0,0.125,0.125,0.125,0.125,0.125,0.125,0.125,0.125
141,141.0,0.125,0.125,0.125,0.125,0.125,0.125,0.125,0.125
142,142.0,0.125,0.125,0.125,0.125,0.125,0.125,0.125,0.125
143,143.0,0.125,0.125,0.125,0.125,0.125,0.125,0.125,0.125
144,144.0,0.125,0.125,0.125,0.125,0.125,0.125,0.125,0.125
145,145.0,0.125,0.125,0.125,0.125,0.125,0.125,0.125,0.125
146,146.0,0.125,0.125,0.125,0.125,0.125,0.125,0.125,0.125
147,147.0,0.125,0.125,0.125,0.125,0.125,0.125,0.125,0.125
148,148.0,0.125,0.125,0.125,0.125,0.125,0.125,0.125,0.125
149,149.0,0.125,0.125,0.125,0.125,0.125,0.125,0.125,0.125
150,150.0,0.125,0.125,0.125,0.125,0.125,0.125,0.125,0.125
151,151.0,0.125,0.125,0.125,0.125,0.125,0.125,0.125,0.125
152,152.0,0.125,0.125,0.125,0.125,0.125,0.125,0.125,0.125
153,153.0,0.125,0.125,0.125,0.125,0.125,0.125,0.125,0.125
154,154.0,0.125,0.125,0.125,0.125,0.125,0.125,0.125,0.125
155,155.0,0.125,0.125,0.125,0.125,0.125,0.125,0.125,0.125
156,156.0,0.125,0.125,0.125,0.125,0.125,0.125,0.125,0.125
157,157.0,0.125,0.125,0.125,0.125,0.125,0.125,0.125,0.125
158,158.0,0.125,0.125,0.125,0.125,0.125,0.125,0.125,0.125
159,159.0,0.125,0.125,0.125,0.125,0.125,0.125,0.125,0.125
160,160.0,0.125,0.125,0.125,0.125,0.125,0.125,0.125,0.125
161,161.0,0.125,0.125,0.125,0.125,0.125,0.125,0.125,0.125
162,162.0,0.125,0.125,0.125,0.125,0.125,0.125,0.125,0.125
163,163.0,0.125,0.125,0.125,0.125,0.125,0.125,0.125,0.125
164,164.0,0.125,0.125,0.125,0.125,0.125,0.125,0.125,0.125
165,165.0,0.125,0.125,0.125,0.125,0.125,0.125,0.125,0.125
166,166.0,0.125,0.125,0.125,0.125,0.125,0.125,0.125,0.125
167,167.0,0.125,0.125,0.125,0.125,0.125,0.125,0.125,0.125
168,168.0,0.125,0.125,0.125,0.125,0.125,0.125,0.125,0.125
169,169.0,0.125,0.125,0.125,0.125,0.125,0.125,0.125,0.125
170,170.0,0.125,0.125,0.125,0.125,0.125,0.125,0.125,0.125
171,171.0,0.125,0.125,0.125,0.125,0.125,0.125,0.125,0.125
172,172.0,0.125,0.125,0.125,0.125,0.125,0.125,0.125,0.125
173,173.0,0.125,0.125,0.125,0.125,0.125,0.125,0.125,0.125
174,174.0,0.125,0.125,0.125,0.125,0.125,0.125,0.125,0.125
175,175.0,0.125,0.125,0.125,0.125,0.125,0.125,0.125,0.125
176,176.0,0.125,0.125,0.125,0.125,0.125,0.125,0.125,0.125
177,177.0,0.125,0.125,0.125,0.125,0.125,0.125,0.125,0.125
178,178.0,0.125,0.125,0.125,0.125,0.125,0.125,0.125,0.125
179,179.0,0.125,0.125,0.125,0.125,0.125,0.125,0.125,0.125
180,180.0,0.125,0.125,0.125,0.125,0.125,0.125,0.125,0.125
181,181.0,0.125,0.125,0.125,0.125,0.125,0.125,0.125,0.125
182,182.0,0.125,0.125,0.125,0.125,0.125,0.125,0.125,0.125
183,183.0,0.125,0.125,0.125,0.125,0.125,0.125,0.125,0.125
184,184.0,0.125,0.125,0.125,0.125,0.125,0.125,0.125,0.125
185,185.0,0.125,0.125,0.125,0.125,0.125,0.125,0.125,0.125
186,186.0,0.125,0.125,0.125,0.125,0.125,0.125,0.125,0.125
187,187.0,0.125,0.125,0.125,0.125,0.125,0.125,0.125,0.125
188,188.0,0.125,0.125,0.125,0.125,0.125,0.125,0.125,0.125
189,189.0,0.125,0.125,0.125,0.125,0.125,0.125,0.125,0.125
190,190.0,0.125,0.125,0.125,0.125,0.125,0.125,0.125,0.125
191,191.0,0.125,0.125,0.125,0.125,0.125,0.125,0.125,0.125
192,192.0,0.125,0.125,0.125,0.125,0.125,0.125,0.125,0.125
193,193.0,0.125,0.125,0.125,0.125,0.125,0.125,0.125,0.125
194,194.0,0.125,0.125,0.125,0.125,0.125,0.125,0.125,0.125
195,195.0,0.125,0.125,0.125,0.125,0.125,0.125,0.125,0.125
196,196.0,0.125,0.125,0.125,0.125,0.125,0.125,0.125,0.125
197,197.0,0.125,0.125,0.125,0.125,0.125,0.125,0.125,0.125
198,198.0,0.125,0.125,0.125,0.125,0.125,0.125,0.125,0.125
199,199.0,0.1247222222222222,0.1247222222222222,0.1247222222222222,0.1258333333333333,0.1258333333333333,0.1247222222222222,0.1247222222222222,0.1247222222222222
200,200.0,0.1243361111111111,0.1243361111111111,0.1243361111111111,0.1265472222222222,0.126436111111111,0.1253361111111111,0.1243361111111111,0.1243361111111111
201,201.0,0.1236785833333333,0.1236785833333333,0.1236785833333333,0.1269686944444444,0.1278586944444444,0.1267796944444444,0.1236785833333333,0.1236785833333333
202,202.0,0.123720224520202,0.123720224520202,0.122720224520202,0.1270596456313131,0.1287397254292929,0.1285995063383838,0.122720224520202,0.122720224520202
203,203.0,0.1236058528785353,0.1235149437876262,0.1224491862118687,0.1269673698896464,0.1292548520209595,0.1309760894542929,0.1216158528785353,0.1216158528785353
204,204.0,0.1233911022964924,0.1232101932055833,0.1220883356298257,0.1276388904474924,0.1296244022817348,0.1331870715458863,0.1204300022964924,0.1204300022964924
205,205.0,0.1230214915072646,0.1226765430224161,0.1215835958405979,0.1288517185299273,0.1305501474330091,0.1350844786522555,0.1191160125072646,0.1191160125072646
206,206.0,0.1224591381985273,0.1226584652824434,0.1218381989369144,0.1297082393626348,0.1302667894499278,0.1375685692290567,0.1177502997702477,0.1177502997702477
207,207.0,0.1217870930239555,0.1225281210027667,0.1218568381461407,0.1302091348995866,0.1298216097097785,0.1411710588524133,0.1163130721826792,0.1163130721826792
208,208.0,0.1209445962934291,0.1229338766659897,0.1216998587518289,0.1303147511447813,0.1283875620879896,0.1463320735836206,0.1147474041770405,0.1146398772953201
209,209.0,0.1199800968574432,0.1231981863059273,0.1225193383439845,0.1302337463378915,0.1267931602688449,0.1512810438779502,0.1131036312997924,0.1128907967081658
210,210.0,0.1187146602666725,0.1229742625567685,0.1240027182524602,0.1303085321336417,0.1248146589210952,0.1570899060420193,0.111205131744506,0.1108901300828363
211,211.0,0.1174394834660696,0.1227033751002391,0.1253136043968563,0.1303008097446941,0.1228081524240956,0.1631572634382261,0.10934581987685,0.1089314915529689
212,212.0,0.1167458813222128,0.122303851592564,0.1272798136158129,0.1301298296243304,0.1207074287686635,0.1684407155135172,0.1074512924576605,0.1069411871052384
213,213.0,0.1161426753900469,0.1218878775610585,0.129722916972665,0.1299100738548484,0.1186382435943203,0.1730201367397928,0.1056404628242354,0.1050376130630325
214,214.0,0.1154798311222382,0.1219925735330011,0.131918966626163,0.1294289254546895,0.1171543526000656,0.1769761920795407,0.1038700440568338,0.1031791145274679
215,215.0,0.1147325002127354,0.1220019764693021,0.1351472151744092,0.1288294860918974,0.1156121246955394,0.1802189273244037,0.1021158501775019,0.1013419198542106
216,216.0,0.1139427427124118,0.1218487185453007,0.1380470985394434,0.1279792467457368,0.1140589539284229,0.1841937156628902,0.1003905269491288,0.0995389969166651
217,217.0,0.1126029787878384,0.1223668960991825,0.141219339955028,0.1277942639515097,0.1118330160664019,0.1876184458544185,0.0987442760269437,0.0978207832586773
218,218.0,0.1101598493930462,0.1226542098599993,0.1438050686961571,0.1287315558742472,0.1095449470128045,0.1909662410406042,0.09806389536191,0.0960742327612314
219,219.0,0.107546257077434,0.1225449741644329,0.146374715615796,0.1301258883058622,0.1077886419524198,0.1942349162098958,0.0971668273524826,0.0942177793216766
220,220.0,0.1049007322022458,0.122120376357491,0.1492894298502927,0.1316205556661979,0.1066071690158697,0.1968245332522579,0.0962608777410194,0.0923763259146254
221,221.0,0.1022355932982436,0.1215113686544331,0.1523692456514163,0.1327518677243336,0.1054125297461888,0.1990736978609676,0.0960962399674667,0.0905494570969502
222,222.0,0.099548595096421,0.120648698364379,0.1556553001341921,0.133579292217542,0.104701834990812,0.2013836063048731,0.0957595478548181,0.0887231250369626
223,223.0,0.0974516016318276,0.1195948365068188,0.1583056608140909,0.1341231794901785,0.1038997753037527,0.2037125878094007,0.0959695664967434,0.0869427919471873
224,224.0,0.0954790232715734,0.1184523977591378,0.1607189100010406,0.134594011348181,0.1036227804665823,0.2056260492143256,0.0962127257714712,0.085294102167688
225,225.0,0.0944617497769063,0.1173401234870736,0.1626305125423001,0.1355263238358455,0.1034458890214062,0.2064452158327877,0.0963502953176209,0.0837998901860597
226,226.0,0.0935242130948196,0.1163748075701306,0.165435467819266,0.1350677046947038,0.1028028804611554,0.2078518360485488,0.0964858634958095,0.0824572268155661
227,227.0,0.0924856025605788,0.1152270306013185,0.1676686954201086,0.1347891543777577,0.102080899384456,0.2089734671109523,0.0976766639145134,0.0810984866303145
228,228.0,0.0915153140967628,0.1150589374872615,0.1699893962184908,0.134301093864518,0.1014011680959953,0.2096041254358784,0.0982849948451842,0.0798449699559087
229,229.0,0.090517915806349,0.1147421947494732,0.1723422962238816,0.1336495074341099,0.1011105286951565,0.2102748678336706,0.0987144667261338,0.0786482225312254
230,230.0,0.0895077836412603,0.1142951163611098,0.1747473544414675,0.1334824817263535,0.1006994504467812,0.2103361608261803,0.0989815522060744,0.0779501003507728
231,231.0,0.0886656406227966,0.1136761682158652,0.1768629791047395,0.1336107326924729,0.1001962616840718,0.2101718147672399,0.0995048451736899,0.0773115577391242
232,232.0,0.0878923544529363,0.1135437621428836,0.1784574269138383,0.13365269847154,0.0997292450470967,0.2095908388965121,0.099984377124912,0.0771492969502807
233,233.0,0.0872513571150155,0.1133426029172689,0.1808383634243218,0.1336787881155828,0.099888608682286,0.2074332163420454,0.1005042174691826,0.0770628459342969
234,234.0,0.0865859282025916,0.113067860381423,0.1826183943246615,0.1340689788812343,0.0999728060819212,0.2052653419243944,0.1008438553617245,0.0775768348420492
235,235.0,0.0859517542497171,0.1127526450126863,0.184674438102136,0.1342540283121062,0.1000493459972844,0.2031569522077556,0.1011020037562629,0.0780588323620513
236,236.0,0.0852775177671704,0.1123664319026888,0.1860400661514643,0.1341414106041552,0.1004012449024036,0.2015429480688424,0.1017611669740928,0.0784692136291823
237,237.0,0.08465432282527,0.1119828606829193,0.1877644744961569,0.1338750518271316,0.1007444700284447,0.1997622431519977,0.1023586838238209,0.0788578931642586
238,238.0,0.0840823508880248,0.1116049670542384,0.1893940354489499,0.1334712568954867,0.1010755101707093,0.1974468860991776,0.1028937974424144,0.0800311960009986
239,239.0,0.0836390582988413,0.1114374676152024,0.1902612045415848,0.1332997980935032,0.1014691323506521,0.1956462859592944,0.10296806546511,0.0812789876758115
240,240.0,0.0826344419465159,0.1111637332465532,0.1915391931831821,0.1329493566141772,0.1018218093345342,0.1944628940797405,0.1029620683916704,0.0824665032036263
241,241.0,0.0816776926793458,0.1108817741856707,0.1928842941941084,0.132555338394393,0.1021150296773148,0.1930700530994757,0.1036675095860666,0.0831483081836246
242,242.0,0.0807993091270237,0.1107277463180147,0.1942625341326547,0.1321553695317021,0.1024069364499185,0.1916063280764705,0.1043388939492252,0.0837028824149903
243,243.0,0.079983789552175,0.1110702226707361,0.1953144235344887,0.1312389323186409,0.1026809660222875,0.1905229134856362,0.1049591374012891,0.0842296150147462
244,244.0,0.0792339726997211,0.1113924304220381,0.1960339844667749,0.1302689859747496,0.1029347299917848,0.1894344156144503,0.1060019062481005,0.0846995745823805
245,245.0,0.0786547598562942,0.1116712360777728,0.197093832857272,0.1292491788377288,0.1031567481406139,0.1882332988491179,0.1068383921443761,0.0851025532368241
246,246.0,0.0781315723732985,0.111936876681318,0.1980702359044067,0.1282243242999875,0.103348112769088,0.1872525241394596,0.1075944555243141,0.0854418983081274
247,247.0,0.0776628626157988,0.1117322827159638,0.1994282582130155,0.1272036087445545,0.103508798609236,0.1864765551253311,0.1082690111033282,0.0857186228727719
248,248.0,0.0772635227608703,0.1111473619491753,0.2003980373323847,0.1261809739794779,0.1041895163714835,0.1859852947357375,0.1088871383481449,0.0859481545227258
249,249.0,0.0769294863372196,0.1104434839304084,0.2017901299618643,0.1248682659031364,0.1048279700871377,0.1854213959218111,0.1097094281197081,0.0860098397387141
250,250.0,0.0767465539815525,0.109740664198208,0.2029155948883448,0.1235840604482074,0.1054199723422704,0.1848556972203969,0.1107279194813837,0.0860095374396362
251,251.0,0.0766258017622994,0.1095956478959668,0.2038925416794092,0.1223304157274423,0.1056038129924985,0.1842948169102773,0.1116832632554725,0.0859736997766339
252,252.0,0.0765203443811365,0.1093382723128788,0.2050659347805705,0.1210741680769885,0.1056207991141396,0.1835734854900277,0.1124884711492426,0.0863185246950158
253,253.0,0.0764127971066487,0.1094066715038199,0.2063283282968293,0.1198104327241039,0.1054690083115421,0.1829156147932743,0.1131166850289525,0.0865404622348293
254,254.0,0.0763207481606954,0.1094637478065113,0.2074316774119489,0.1188383558217985,0.1052538791895903,0.1823971261542369,0.1136119296767752,0.0866825357784435
255,255.0,0.0762686490933845,0.1095280495015799,0.2085533828921588,0.1179441394681058,0.1050208825268456,0.1818503750025377,0.114032711356425,0.0868018101589625
256,256.0,0.0762445703872274,0.1096026371188423,0.2097112843757244,0.1171133718758705,0.1047656795237173,0.1813204069337643,0.1143653575073276,0.0868766922775261
257,257.0,0.0761775838768218,0.1099523407088239,0.2107346199747958,0.1163860347762858,0.1045273031857263,0.1807662154869961,0.1147577675293669,0.0866981344611834
258,258.0,0.0761147594960888,0.1102693133953689,0.2116117516558054,0.1156801407423858,0.1042438840951751,0.1805954267502373,0.1150330279848994,0.0864516958800393
259,259.0,0.0760241453623184,0.1104416614611684,0.2126329727730206,0.1150877393253943,0.1038219242082006,0.1807282886144601,0.1151581823625061,0.0861050858929313
260,260.0,0.0759526852437704,0.1105959665961171,0.213697068013637,0.1145429326517702,0.1033837838730465,0.1808811296999156,0.1152133389622132,0.0857330949595297
261,261.0,0.0758855348031734,0.1107284587820348,0.2148753333000727,0.1140534886047443,0.1029356003874708,0.1809744464860518,0.1151995467468415,0.0853475908896106
262,262.0,0.0758096485902647,0.1108326349859885,0.2156231572140328,0.1135997775252056,0.1029074131410388,0.1809607040400045,0.1150989521604071,0.0851677123430578
263,263.0,0.0760191594827918,0.1111979909185174,0.2165628131440884,0.1140293057164908,0.1025970697478389,0.1805349998505497,0.1138203294051302,0.0852383317345926
264,264.0,0.0762325431508412,0.1115438820972228,0.217417438048741,0.114725535162875,0.1022849997460354,0.1800212157943531,0.1124924885045586,0.0852818974953728
265,265.0,0.0764637887247505,0.1118799762793437,0.2179946031197725,0.1156823397765345,0.101665753013852,0.1799775997544848,0.1110289864450916,0.08530695288617
266,266.0,0.0766822386444008,0.112172079862903,0.2185631684946476,0.1166131748328853,0.1010323284871959,0.1798096831390597,0.1098413038892746,0.085286022649633
267,267.0,0.0768311406119577,0.1125789929029917,0.2187877761019554,0.1173445890436738,0.1003457034073623,0.180201933685439,0.1085207909841732,0.0853890732624465
268,268.0,0.0769817232330284,0.1129587551373369,0.2187148312229295,0.1183953462334393,0.0996838269105406,0.1805506176702598,0.1072254615539137,0.0854894380385515
269,269.0,0.0771320645168111,0.1133095397264503,0.2186625191352258,0.1194415064331466,0.0990505948041582,0.1808523872227548,0.105965254346835,0.0855861338146179
270,270.0,0.0772804438568965,0.1136300126070635,0.2189480741903929,0.1204728264125044,0.0984492336429348,0.1811048135265292,0.1044362765580895,0.0856783192055889
271,271.0,0.0773703938174423,0.1138643508206764,0.2201318150689035,0.1213154070470524,0.0976146241497086,0.181141480186855,0.1028515853501086,0.0857103435592529
272,272.0,0.0774738637862009,0.1139622544706579,0.2211670963882956,0.1221442355241754,0.0968341965856061,0.1816421654214979,0.1010308550617504,0.0857453327618154
273,273.0,0.0775631016287586,0.1153746823091559,0.2222132360844065,0.122901223429237,0.0961531640290104,0.1815799704552541,0.0988652891709117,0.0853493328932656
274,274.0,0.0775901612846501,0.1166459938042517,0.2229131264161829,0.124119975736489,0.095465195989858,0.1815031890753036,0.0968842578287584,0.0848780998645059
275,275.0,0.077584995744697,0.1179396771980465,0.2233332010155428,0.1252510615201335,0.0951463367030387,0.1814144084112751,0.0949634936726197,0.0843668257346463
276,276.0,0.0775746313384182,0.1191742261991927,0.2237694254082014,0.1263271683210665,0.0948730069014146,0.1812666520823153,0.0931512041173116,0.0838636856320792
277,277.0,0.0776266610416285,0.1211912334168375,0.2246298642791577,0.1272889299387579,0.0947299067217326,0.180219219827408,0.0908547674321261,0.0834594173423514
278,278.0,0.0777760588301073,0.1235350793163541,0.2252068590195931,0.1279793383779118,0.094879582579438,0.1789969989041917,0.0886204348961513,0.0830056480762522
279,279.0,0.0778594776702561,0.1258928998067207,0.2261440896576489,0.1284228122938119,0.0949145684131575,0.1777889049955544,0.0864647655455203,0.0825124816173299
280,280.0,0.0779194122335965,0.1280259730789915,0.2274341557389285,0.1287890264519704,0.0948805062569049,0.1764870401175109,0.0844381807202952,0.0820257054018017
281,281.0,0.0779751915015644,0.1300451463046693,0.2289676112106785,0.1290972448926843,0.0945541841691064,0.1752302558321326,0.0825656177155763,0.0815647483735879
282,282.0,0.0778638056446361,0.1319299598671947,0.2308447046770057,0.1293412015712084,0.0942525849999586,0.1741858449710645,0.0806532445042667,0.080928653764665
283,283.0,0.077729132581433,0.1339534007135023,0.232655599509933,0.1294807404276897,0.0939652169378203,0.1730646766946717,0.0788700089393308,0.0802812241956188
284,284.0,0.0774519586515583,0.1356939260271105,0.2341455663298193,0.1294305437904936,0.0946779260214545,0.1719674809638743,0.077105417550084,0.079527180665605
285,285.0,0.0770630228665699,0.138175795887152,0.2353403643564612,0.1292238043609519,0.0951861835199287,0.1709235895021778,0.0753887973151454,0.0786984421916129
286,286.0,0.0766857266303971,0.1405080579193659,0.2362333211053001,0.1287910014418701,0.0957094361766619,0.170083077735113,0.0740575223759028,0.0779318566153888
287,287.0,0.0763063589698612,0.1426657032694058,0.2370119846512157,0.1283102664375367,0.0964367918325474,0.1692185957208702,0.0728619792901808,0.0771883198283818
288,288.0,0.0760620821805648,0.1445378079531096,0.2376937413130847,0.1277767923554703,0.0974169470619205,0.1682686014486658,0.0717857280207346,0.0764582996664494
289,289.0,0.0756673942481385,0.1464808233422995,0.2381435508261803,0.128171851290232,0.0981386619919225,0.1671039191329246,0.0706867502639824,0.0756070489043199
290,290.0,0.075153974421863,0.1493568827470433,0.238202586457618,0.1282998890755304,0.0986305334304226,0.1659062278370653,0.0695902757199653,0.0748596303104919
291,291.0,0.0745467461373637,0.1517466151191533,0.2382368026925145,0.1291121044692831,0.0989158367544602,0.1648838744072477,0.0685142305152289,0.0740437899047482
292,292.0,0.0739418299310834,0.1538333217628226,0.2384686383816726,0.1298759497289104,0.099090365885714,0.1639881529421024,0.0675473142023411,0.0732544271653533
293,293.0,0.0731905260994443,0.1562237615458733,0.2385651170379947,0.1302803853439563,0.0998888646136487,0.1629786266747412,0.0665330983495901,0.0723396203347513
294,294.0,0.0724081573528488,0.1583614595284774,0.2372084620521641,0.1306667990063574,0.1001337431129882,0.1625846739339792,0.0655789766283908,0.0730577283847939
295,295.0,0.0715254470610363,0.1606832419600259,0.2356256041244313,0.1310806046805787,0.100087116320535,0.1620743515110848,0.0653768725403339,0.0735467618019739
296,296.0,0.0706126359140274,0.162656837491509,0.234058214878817,0.1313532267218028,0.0998354749714681,0.1615127081586832,0.0651571162847672,0.0748137855789252
297,297.0,0.0696754601589271,0.1642029195101871,0.2326311820683693,0.1314957928792302,0.0993441823944187,0.1611260291166224,0.0649272671620911,0.0765971667101538
298,298.0,0.068729556102797,0.1653529181786423,0.2312856565071137,0.131520807490627,0.0992692737780783,0.1609562678493626,0.0646956515151351,0.0781898685782439
299,299.0,0.0678416470082545,0.1670286545868961,0.2299306904559998,0.130639911600487,0.0991887307129733,0.1608377776907567,0.0647431665514046,0.0797894213932279
300,300.0,0.0669941340568602,0.1684791652244787,0.2284907428953309,0.1296975070191287,0.0990833794135956,0.1607974154410234,0.064842584719448,0.0816150712301344
301,301.0,0.0661988087362394,0.16973560078657,0.2270889811664326,0.1287405216247494,0.0989642429531359,0.1607323190790985,0.0651637692437346,0.0833757564100395
302,302.0,0.0654577561605708,0.1708038953088879,0.2256059286624788,0.1277792690289291,0.0988333717064865,0.1607697037497558,0.0656912024310938,0.0850588729517972
303,303.0,0.0647727168370308,0.1716782063549096,0.2243278650735988,0.1267993400867846,0.0986914671848994,0.160819479243421,0.0662614542036666,0.0866494710156891
304,304.0,0.0643588520652012,0.1739394972850539,0.2237642438613456,0.1247870982676545,0.0987549639926436,0.1591294970430332,0.0669117857500987,0.0883540617349692
305,305.0,0.0639097796762849,0.1758305188262568,0.2230618556760132,0.1225396367732269,0.0986688634992968,0.1579949808428791,0.0674942824161952,0.090500082289847
306,306.0,0.0634663636684693,0.178005931539605,0.222449426057348,0.1202104534105095,0.0984795980561327,0.156732604784677,0.0681770016816402,0.0924786208016181
307,307.0,0.0630927062952076,0.1800522323938391,0.2220889804772091,0.1179501205910171,0.0982574226418617,0.1554871853073158,0.06946323381079,0.0936081184827594
308,308.0,0.0626812255403366,0.1814376137247347,0.2218671346741993,0.1161219908068059,0.0986156592829227,0.1541622932708315,0.0706129753474976,0.0945011073526714
309,309.0,0.0622659507734536,0.1831579656946902,0.2210182597008868,0.1142901404713137,0.0988667472686638,0.1534322555859013,0.0716903230622138,0.0952783574428765
310,310.0,0.0618597098509892,0.1841691902936531,0.220427488072291,0.1127260928495327,0.0996272639923977,0.1527621348158785,0.072701703569216,0.0957264165560417
311,311.0,0.0614423242163417,0.1852137806952025,0.2198716487198527,0.111589526737024,0.1002845855641232,0.1520491759509245,0.0735763034169965,0.0959726546995345
312,312.0,0.0613028455652271,0.1862020028420448,0.2189543005541565,0.1103401477442353,0.1012932410241806,0.1515794507400608,0.074302673252657,0.0960253382774376
313,313.0,0.0611591560030618,0.1871123568297572,0.2177954697672938,0.109030735356604,0.10214797799675,0.1514735707209042,0.0753791467999247,0.095901586525704
314,314.0,0.0610550939625973,0.1878704126506005,0.2167903123701033,0.1078305991415629,0.1029675309091414,0.1514033510115796,0.0763921342301235,0.0956905657242914
315,315.0,0.0614604281497113,0.188475573089063,0.2154761525130538,0.1067387279431449,0.1032691148019922,0.1518443788234598,0.0773350992166294,0.0954005254629453
316,316.0,0.0618751558006953,0.1889044072148861,0.2141506219082135,0.1059926994963015,0.1035216994635712,0.1523416437573075,0.0781964140602489,0.0950173582987757
317,317.0,0.0623109345253975,0.1892054559317729,0.2128409674472777,0.1053520140959693,0.1037358714571033,0.1529956433011581,0.0789830449652518,0.094576068276069
318,318.0,0.0627219622199741,0.1893275030625781,0.2115550009235375,0.1047102454343729,0.1038739911202328,0.1541123673287516,0.079643486870742,0.0940554430398107
319,319.0,0.0630802010635724,0.1894510506619353,0.2096665469732723,0.1045135981486193,0.1042948710888271,0.1551070920617558,0.0803535989073943,0.0935330410946233
320,320.0,0.0634461748701466,0.1894798704789929,0.2078803358929492,0.1044114781497159,0.1046837617282062,0.1561059765123639,0.0810010501595229,0.0929913522081022
321,321.0,0.0638093528443579,0.1893560739230787,0.2060203613169941,0.1043893563479911,0.1052411925770928,0.1570315426935778,0.0817204958946369,0.0924316244022706
322,322.0,0.0641588622354515,0.189081038206885,0.2043857350785625,0.1044312715919992,0.1059495435093373,0.1578008360586578,0.0823460308836265,0.09184668243548
323,323.0,0.0645855135366418,0.1893118917884923,0.2025550142288788,0.1047582287924759,0.1070337439123256,0.1584030654344317,0.0825166377362952,0.0908359045704588
324,324.0,0.0649565989112487,0.1893863158181609,0.2008048619960286,0.1055016250351829,0.1080247697037395,0.1589326800655502,0.0825806304871086,0.0898125179829803
325,325.0,0.0655457665614116,0.1887704705376699,0.1992387387265225,0.1062879916894976,0.1085122583227649,0.1597620361382269,0.0828049275213535,0.0890778105025529
326,326.0,0.0659750651270146,0.1881362273855615,0.1978337841991577,0.1076639274997756,0.1087670873601569,0.1605677990522155,0.0828268650635404,0.0882292443125776
327,327.0,0.0664429496396623,0.1871291660739934,0.1967151978296358,0.1089127507870632,0.109632200135468,0.1611530622518417,0.0827036269636015,0.0873110463187339
328,328.0,0.0667688340556089,0.1863968999167763,0.1955577208286978,0.1098881065159185,0.110223629389573,0.1624235004800981,0.0824097136518769,0.0863315951614502
329,329.0,0.0670073521450669,0.1854786211839867,0.1945931403499612,0.1106997913357969,0.1113969786131649,0.1634619652465167,0.0820095324087982,0.0853526187167082
330,330.0,0.0671867840785471,0.1851123696625501,0.1935817369583672,0.1113756963966421,0.1124634707612118,0.1643442543406614,0.0815393936436923,0.0843962941583277
331,331.0,0.0673212653135675,0.1847018754330579,0.1925871482516973,0.1119796581100676,0.1134537118438845,0.1649222840029011,0.0811728901578614,0.0838611668869625
332,332.0,0.0674112900005246,0.1842755399177073,0.1916434195223265,0.1125373033780942,0.1143483228300304,0.1654996301281139,0.080916399349331,0.0833680948738718
333,333.0,0.0675161596818612,0.1851482028163307,0.1907310918156544,0.1122879085809345,0.1144877957527017,0.1661700303658463,0.0806856570785864,0.0829731539080845
334,334.0,0.0675808073952266,0.1857860872388574,0.1899690505895803,0.1122860904309319,0.1145270237621581,0.1667851692454037,0.0804366340782817,0.0826291372595602
335,335.0,0.0678871419092073,0.1868880320398671,0.1896918328393692,0.1127946736924802,0.1137894314659777,0.1674884897490117,0.079819286963457,0.0816411113406295
336,336.0,0.0679934038795228,0.1878203559514386,0.1901896483154418,0.1130199513775333,0.1135691672097842,0.1677847006333368,0.0791559596961482,0.080466812936794
337,337.0,0.0679907527363308,0.1885776640582338,0.1906898846543602,0.1132697135625733,0.1130890383486269,0.1680082224948661,0.0784026438273182,0.0799720803176904
338,338.0,0.0679713638491266,0.189359839707574,0.1912347403713544,0.1134958851501319,0.1121921108051449,0.1684257450364228,0.0776617323675067,0.0796585827127384
339,339.0,0.0678851931789481,0.1895918685201202,0.191989055744255,0.1136466517818463,0.1111882969697801,0.1694627178835487,0.0768861866365551,0.0793500292849462
340,340.0,0.0677725758147957,0.1897626209504955,0.1926922163120109,0.1139884375080547,0.1094023029180657,0.1704137382129039,0.0761312959106325,0.0798368123730409
341,341.0,0.0675424198798455,0.190318965055061,0.1932577846149377,0.1141573165956396,0.1074718320287792,0.1709828542779354,0.0753068063757579,0.0809620211720435
342,342.0,0.0672689145808852,0.1906945603503479,0.1943652936184602,0.1142665608560082,0.1055352470609845,0.171344083733157,0.0744830826251385,0.0820422571750182
343,343.0,0.0669546698548649,0.1914592924570907,0.1953468710797056,0.1143165812768381,0.1036096880694941,0.1715981367480028,0.0736557110167941,0.0830590494972094
344,344.0,0.0665202516789455,0.192091264865865,0.1964208462313346,0.114675718190462,0.1017720918095103,0.1716950984939916,0.0727523145954807,0.0840724141344102
345,345.0,0.0660904210644658,0.1926824326400879,0.1974861307938664,0.1150132563542007,0.1000082321886445,0.1717415347306011,0.0718994303725458,0.0850785618555874
346,346.0,0.0656714971951666,0.193367460197038,0.1985340296002764,0.1153316543528616,0.0982022202527207,0.1718417179466931,0.0711123243104577,0.0859390961447857
347,347.0,0.0652594784156846,0.1940056423647397,0.1994963998903228,0.115621466991483,0.0964882470007054,0.1718703444468634,0.0703686973498907,0.0868897235403104
348,348.0,0.0648621760990879,0.1945967424251926,0.2004247511438027,0.1158870363739376,0.0948757088614797,0.1718605738032332,0.0696833223683117,0.0878096889249543
349,349.0,0.0644738844846919,0.1950260872930602,0.2012503509628939,0.1162668052821818,0.0932275717144759,0.1721988489962926,0.0689081757096533,0.0886482755567501
350,350.0,0.0642199368676923,0.1955320415730688,0.2019459050852802,0.1166014730193635,0.0916700692040636,0.1725178544747276,0.0680608020130723,0.0894519177627313
351,351.0,0.0639976039338793,0.1960288791566197,0.2025060048777869,0.1170176564822205,0.0903600173027559,0.1725404817635922,0.0672739098526564,0.0902754466304889
352,352.0,0.0646124107846505,0.1961294221351112,0.2031817108975575,0.1174428026876676,0.0892588375180871,0.1722822755291702,0.0665947696508152,0.0904977707969405
353,353.0,0.0651036591785051,0.1961811787392967,0.2038601650238204,0.1177551102428213,0.0888529977515409,0.1718646466239254,0.0658966690706459,0.0904855733694441
354,354.0,0.0654893742336854,0.196208945035396,0.2044251347021962,0.1179684732387267,0.0890577207968655,0.1713682098272671,0.0652004679729287,0.0902816741929343
355,355.0,0.0658765610138157,0.1962000161364305,0.2049381487965199,0.1181529691036662,0.0893595556520732,0.1708600187905116,0.0645703901578474,0.0900423403491355
356,356.0,0.0665164557338552,0.1961281208208664,0.2053016751266559,0.1181087386911859,0.0898715986134494,0.1703388233405287,0.0639986165677815,0.0897359711056769
357,357.0,0.0672446648961157,0.1960973424329523,0.2054560197378484,0.1179578749316233,0.0904240682315526,0.169721890768136,0.063470166236744,0.0896279727650277
358,358.0,0.0679349730477139,0.1960049121688086,0.2057845584252416,0.1177243737703745,0.0910267299624988,0.1690688673824696,0.0629974294232699,0.0894581558196231
359,359.0,0.0685855533259853,0.195864613913404,0.2059779065397983,0.1174169466537409,0.091919349727545,0.1684217308062761,0.0625803738935884,0.0892335251396618
360,360.0,0.0692456738531632,0.1956575195510214,0.2061321816925911,0.1171274803018385,0.0922985141719026,0.1683269472697744,0.0621557825798817,0.0890559005798271
361,361.0,0.0697609458245629,0.195458561991953,0.2063937303255724,0.1167164911151545,0.0927279731127532,0.1682611771229433,0.0618052743003277,0.0888758462067329
362,362.0,0.0702424150234626,0.1952017729516352,0.2068518416612123,0.1162990991560055,0.0931472710306528,0.1679387940547121,0.0615019111109645,0.088816895011355
363,363.0,0.0706840589561414,0.1949357507287279,0.2069641500662553,0.1158783884915128,0.0935776458267247,0.1676030215107276,0.0612417010070007,0.0891152834129096
364,364.0,0.0710849354462284,0.1944417295755804,0.2072267610663064,0.1154585169011061,0.0940135589992745,0.1673648548360931,0.0610221683854367,0.0893874747899742
365,365.0,0.0716201925232878,0.1952152306397455,0.2078214551468408,0.1142184575550628,0.0945978043483418,0.1656024474149553,0.0610159637726512,0.0899084485991148
366,366.0,0.0712674544684954,0.1958505145383232,0.2090567303523604,0.1130645622679502,0.0957407093093962,0.1638618176208789,0.0611134713386234,0.0900447401039722
367,367.0,0.070796697615053,0.1960525795027665,0.2101876978050584,0.1123787188156887,0.0965885990240105,0.1621022304089953,0.0618700101316697,0.0900234666967577
368,368.0,0.0702565680643674,0.1961939255799076,0.2118369260019027,0.111679432891797,0.0972240634483972,0.1603567567906532,0.0625577614653854,0.0898945657575893
369,369.0,0.0696801088628119,0.1960255205818621,0.21325565115639,0.1109690137321309,0.0980158531448377,0.1585607667569966,0.0632448666391464,0.0902482191258241
370,370.0,0.0690310636915589,0.1964431472157784,0.2143636592091942,0.1102131605715303,0.0987168517284381,0.156775995635481,0.0638726357406688,0.0905834862073502
371,371.0,0.0683779620429366,0.1968049015351813,0.2153659386558349,0.1094975869541716,0.099552634090589,0.1550078469549531,0.0644931515310251,0.0908999782353081
372,372.0,0.0677274854791275,0.1971102022079201,0.2162612538481762,0.1088251655598636,0.1003115681114466,0.1534677481213848,0.0651004239793467,0.0911961526927343
373,373.0,0.067067904705031,0.1975931814806165,0.217055417323794,0.1081586888063419,0.1010051654877765,0.1520127725657503,0.0656754066124843,0.0914314630182053
374,374.0,0.0664590831812261,0.1975478500541425,0.2178029598514137,0.1075797177163894,0.1015666596808901,0.1511125782657346,0.0662679358174343,0.0916632154327692
