,Unnamed: 0,Total_iterations,Intertwine_two,Invert_path_vertices,Insert_inside_vertex,Delete_inside_vertex,Replace_inside_vertex,Donate_between_routes,Trim_one_terminal_cb,Grow_one_terminal_cb
0,0.0,0.0,0.125,0.125,0.125,0.125,0.125,0.125,0.125,0.125
1,1.0,1.0,0.125,0.125,0.125,0.125,0.125,0.125,0.125,0.125
2,2.0,2.0,0.125,0.125,0.125,0.125,0.125,0.125,0.125,0.125
3,3.0,3.0,0.125,0.125,0.125,0.125,0.125,0.125,0.125,0.125
4,4.0,4.0,0.125,0.125,0.125,0.125,0.125,0.125,0.125,0.125
5,5.0,5.0,0.125,0.125,0.125,0.125,0.125,0.125,0.125,0.125
6,6.0,6.0,0.125,0.125,0.125,0.125,0.125,0.125,0.125,0.125
7,7.0,7.0,0.125,0.125,0.125,0.125,0.125,0.125,0.125,0.125
8,8.0,8.0,0.125,0.125,0.125,0.125,0.125,0.125,0.125,0.125
9,9.0,9.0,0.125,0.125,0.125,0.125,0.125,0.125,0.125,0.125
10,10.0,10.0,0.125,0.125,0.125,0.125,0.125,0.125,0.125,0.125
11,11.0,11.0,0.125,0.125,0.125,0.125,0.125,0.125,0.125,0.125
12,12.0,12.0,0.125,0.125,0.125,0.125,0.125,0.125,0.125,0.125
13,13.0,13.0,0.125,0.125,0.125,0.125,0.125,0.125,0.125,0.125
14,14.0,14.0,0.125,0.125,0.125,0.125,0.125,0.125,0.125,0.125
15,15.0,15.0,0.125,0.125,0.125,0.125,0.125,0.125,0.125,0.125
16,16.0,16.0,0.125,0.125,0.125,0.125,0.125,0.125,0.125,0.125
17,17.0,17.0,0.125,0.125,0.125,0.125,0.125,0.125,0.125,0.125
18,18.0,18.0,0.125,0.125,0.125,0.125,0.125,0.125,0.125,0.125
19,19.0,19.0,0.125,0.125,0.125,0.125,0.125,0.125,0.125,0.125
20,20.0,20.0,0.125,0.125,0.125,0.125,0.125,0.125,0.125,0.125
21,21.0,21.0,0.125,0.125,0.125,0.125,0.125,0.125,0.125,0.125
22,22.0,22.0,0.125,0.125,0.125,0.125,0.125,0.125,0.125,0.125
23,23.0,23.0,0.125,0.125,0.125,0.125,0.125,0.125,0.125,0.125
24,24.0,24.0,0.125,0.125,0.125,0.125,0.125,0.125,0.125,0.125
25,25.0,25.0,0.125,0.125,0.125,0.125,0.125,0.125,0.125,0.125
26,26.0,26.0,0.125,0.125,0.125,0.125,0.125,0.125,0.125,0.125
27,27.0,27.0,0.125,0.125,0.125,0.125,0.125,0.125,0.125,0.125
28,28.0,28.0,0.125,0.125,0.125,0.125,0.125,0.125,0.125,0.125
29,29.0,29.0,0.125,0.125,0.125,0.125,0.125,0.125,0.125,0.125
30,30.0,30.0,0.125,0.125,0.125,0.125,0.125,0.125,0.125,0.125
31,31.0,31.0,0.125,0.125,0.125,0.125,0.125,0.125,0.125,0.125
32,32.0,32.0,0.125,0.125,0.125,0.125,0.125,0.125,0.125,0.125
33,33.0,33.0,0.125,0.125,0.125,0.125,0.125,0.125,0.125,0.125
34,34.0,34.0,0.125,0.125,0.125,0.125,0.125,0.125,0.125,0.125
35,35.0,35.0,0.125,0.125,0.125,0.125,0.125,0.125,0.125,0.125
36,36.0,36.0,0.125,0.125,0.125,0.125,0.125,0.125,0.125,0.125
37,37.0,37.0,0.125,0.125,0.125,0.125,0.125,0.125,0.125,0.125
38,38.0,38.0,0.125,0.125,0.125,0.125,0.125,0.125,0.125,0.125
39,39.0,39.0,0.125,0.125,0.125,0.125,0.125,0.125,0.125,0.125
40,40.0,40.0,0.125,0.125,0.125,0.125,0.125,0.125,0.125,0.125
41,41.0,41.0,0.125,0.125,0.125,0.125,0.125,0.125,0.125,0.125
42,42.0,42.0,0.125,0.125,0.125,0.125,0.125,0.125,0.125,0.125
43,43.0,43.0,0.125,0.125,0.125,0.125,0.125,0.125,0.125,0.125
44,44.0,44.0,0.125,0.125,0.125,0.125,0.125,0.125,0.125,0.125
45,45.0,45.0,0.125,0.125,0.125,0.125,0.125,0.125,0.125,0.125
46,46.0,46.0,0.125,0.125,0.125,0.125,0.125,0.125,0.125,0.125
47,47.0,47.0,0.125,0.125,0.125,0.125,0.125,0.125,0.125,0.125
48,48.0,48.0,0.125,0.125,0.125,0.125,0.125,0.125,0.125,0.125
49,49.0,49.0,0.125,0.125,0.125,0.125,0.125,0.125,0.125,0.125
50,50.0,50.0,0.125,0.125,0.125,0.125,0.125,0.125,0.125,0.125
51,51.0,51.0,0.125,0.125,0.125,0.125,0.125,0.125,0.125,0.125
52,52.0,52.0,0.125,0.125,0.125,0.125,0.125,0.125,0.125,0.125
53,53.0,53.0,0.125,0.125,0.125,0.125,0.125,0.125,0.125,0.125
54,54.0,54.0,0.125,0.125,0.125,0.125,0.125,0.125,0.125,0.125
55,55.0,55.0,0.125,0.125,0.125,0.125,0.125,0.125,0.125,0.125
56,56.0,56.0,0.125,0.125,0.125,0.125,0.125,0.125,0.125,0.125
57,57.0,57.0,0.125,0.125,0.125,0.125,0.125,0.125,0.125,0.125
58,58.0,58.0,0.125,0.125,0.125,0.125,0.125,0.125,0.125,0.125
59,59.0,59.0,0.125,0.125,0.125,0.125,0.125,0.125,0.125,0.125
60,60.0,60.0,0.125,0.125,0.125,0.125,0.125,0.125,0.125,0.125
61,61.0,61.0,0.125,0.125,0.125,0.125,0.125,0.125,0.125,0.125
62,62.0,62.0,0.125,0.125,0.125,0.125,0.125,0.125,0.125,0.125
63,63.0,63.0,0.125,0.125,0.125,0.125,0.125,0.125,0.125,0.125
64,64.0,64.0,0.125,0.125,0.125,0.125,0.125,0.125,0.125,0.125
65,65.0,65.0,0.125,0.125,0.125,0.125,0.125,0.125,0.125,0.125
66,66.0,66.0,0.125,0.125,0.125,0.125,0.125,0.125,0.125,0.125
67,67.0,67.0,0.125,0.125,0.125,0.125,0.125,0.125,0.125,0.125
68,68.0,68.0,0.125,0.125,0.125,0.125,0.125,0.125,0.125,0.125
69,69.0,69.0,0.125,0.125,0.125,0.125,0.125,0.125,0.125,0.125
70,70.0,70.0,0.125,0.125,0.125,0.125,0.125,0.125,0.125,0.125
71,71.0,71.0,0.125,0.125,0.125,0.125,0.125,0.125,0.125,0.125
72,72.0,72.0,0.125,0.125,0.125,0.125,0.125,0.125,0.125,0.125
73,73.0,73.0,0.125,0.125,0.125,0.125,0.125,0.125,0.125,0.125
74,74.0,74.0,0.125,0.125,0.125,0.125,0.125,0.125,0.125,0.125
75,75.0,75.0,0.125,0.125,0.125,0.125,0.125,0.125,0.125,0.125
76,76.0,76.0,0.125,0.125,0.125,0.125,0.125,0.125,0.125,0.125
77,77.0,77.0,0.125,0.125,0.125,0.125,0.125,0.125,0.125,0.125
78,78.0,78.0,0.125,0.125,0.125,0.125,0.125,0.125,0.125,0.125
79,79.0,79.0,0.125,0.125,0.125,0.125,0.125,0.125,0.125,0.125
80,80.0,80.0,0.125,0.125,0.125,0.125,0.125,0.125,0.125,0.125
81,81.0,81.0,0.125,0.125,0.125,0.125,0.125,0.125,0.125,0.125
82,82.0,82.0,0.125,0.125,0.125,0.125,0.125,0.125,0.125,0.125
83,83.0,83.0,0.125,0.125,0.125,0.125,0.125,0.125,0.125,0.125
84,84.0,84.0,0.125,0.125,0.125,0.125,0.125,0.125,0.125,0.125
85,85.0,85.0,0.125,0.125,0.125,0.125,0.125,0.125,0.125,0.125
86,86.0,86.0,0.125,0.125,0.125,0.125,0.125,0.125,0.125,0.125
87,87.0,87.0,0.125,0.125,0.125,0.125,0.125,0.125,0.125,0.125
88,88.0,88.0,0.125,0.125,0.125,0.125,0.125,0.125,0.125,0.125
89,89.0,89.0,0.125,0.125,0.125,0.125,0.125,0.125,0.125,0.125
90,90.0,90.0,0.125,0.125,0.125,0.125,0.125,0.125,0.125,0.125
91,91.0,91.0,0.125,0.125,0.125,0.125,0.125,0.125,0.125,0.125
92,92.0,92.0,0.125,0.125,0.125,0.125,0.125,0.125,0.125,0.125
93,93.0,93.0,0.125,0.125,0.125,0.125,0.125,0.125,0.125,0.125
94,94.0,94.0,0.125,0.125,0.125,0.125,0.125,0.125,0.125,0.125
95,95.0,95.0,0.125,0.125,0.125,0.125,0.125,0.125,0.125,0.125
96,96.0,96.0,0.125,0.125,0.125,0.125,0.125,0.125,0.125,0.125
97,97.0,97.0,0.125,0.125,0.125,0.125,0.125,0.125,0.125,0.125
98,98.0,98.0,0.125,0.125,0.125,0.125,0.125,0.125,0.125,0.125
99,99.0,99.1,0.125,0.125,0.125,0.125,0.125,0.125,0.125,0.125
100,100.0,100.1,0.125,0.125,0.125,0.125,0.125,0.125,0.125,0.125
101,101.0,101.1,0.125,0.125,0.125,0.125,0.125,0.125,0.125,0.125
102,102.0,102.1,0.125,0.125,0.125,0.125,0.125,0.125,0.125,0.125
103,103.0,103.1,0.125,0.125,0.125,0.125,0.125,0.125,0.125,0.125
104,104.0,104.1,0.125,0.125,0.125,0.125,0.125,0.125,0.125,0.125
105,105.0,105.1,0.125,0.125,0.125,0.125,0.125,0.125,0.125,0.125
106,106.0,106.1,0.125,0.125,0.125,0.125,0.125,0.125,0.125,0.125
107,107.0,107.1,0.125,0.125,0.125,0.125,0.125,0.125,0.125,0.125
108,108.0,108.1,0.125,0.125,0.125,0.125,0.125,0.125,0.125,0.125
109,109.0,109.1,0.125,0.125,0.125,0.125,0.125,0.125,0.125,0.125
110,110.0,110.1,0.125,0.125,0.125,0.125,0.125,0.125,0.125,0.125
111,111.0,111.1,0.125,0.125,0.125,0.125,0.125,0.125,0.125,0.125
112,112.0,112.1,0.125,0.125,0.125,0.125,0.125,0.125,0.125,0.125
113,113.0,113.1,0.125,0.125,0.125,0.125,0.125,0.125,0.125,0.125
114,114.0,114.1,0.125,0.125,0.125,0.125,0.125,0.125,0.125,0.125
115,115.0,115.1,0.125,0.125,0.125,0.125,0.125,0.125,0.125,0.125
116,116.0,116.1,0.125,0.125,0.125,0.125,0.125,0.125,0.125,0.125
117,117.0,117.1,0.125,0.125,0.125,0.125,0.125,0.125,0.125,0.125
118,118.0,118.1,0.125,0.125,0.125,0.125,0.125,0.125,0.125,0.125
119,119.0,119.1,0.125,0.125,0.125,0.125,0.125,0.125,0.125,0.125
120,120.0,120.1,0.125,0.125,0.125,0.125,0.125,0.125,0.125,0.125
121,121.0,121.1,0.125,0.125,0.125,0.125,0.125,0.125,0.125,0.125
122,122.0,122.1,0.125,0.125,0.125,0.125,0.125,0.125,0.125,0.125
123,123.0,123.1,0.125,0.125,0.125,0.125,0.125,0.125,0.125,0.125
124,124.0,124.1,0.125,0.125,0.125,0.125,0.125,0.125,0.125,0.125
125,125.0,125.1,0.125,0.125,0.125,0.125,0.125,0.125,0.125,0.125
126,126.0,126.1,0.125,0.125,0.125,0.125,0.125,0.125,0.125,0.125
127,127.0,127.1,0.125,0.125,0.125,0.125,0.125,0.125,0.125,0.125
128,128.0,128.1,0.125,0.125,0.125,0.125,0.125,0.125,0.125,0.125
129,129.0,129.1,0.125,0.125,0.125,0.125,0.125,0.125,0.125,0.125
130,130.0,130.1,0.125,0.125,0.125,0.125,0.125,0.125,0.125,0.125
131,131.0,131.1,0.125,0.125,0.125,0.125,0.125,0.125,0.125,0.125
132,132.0,132.1,0.125,0.125,0.125,0.125,0.125,0.125,0.125,0.125
133,133.0,133.1,0.125,0.125,0.125,0.125,0.125,0.125,0.125,0.125
134,134.0,134.1,0.125,0.125,0.125,0.125,0.125,0.125,0.125,0.125
135,135.0,135.1,0.125,0.125,0.125,0.125,0.125,0.125,0.125,0.125
136,136.0,136.1,0.125,0.125,0.125,0.125,0.125,0.125,0.125,0.125
137,137.0,137.1,0.125,0.125,0.125,0.125,0.125,0.125,0.125,0.125
138,138.0,138.1,0.125,0.125,0.125,0.125,0.125,0.125,0.125,0.125
139,139.0,139.1,0.125,0.125,0.125,0.125,0.125,0.125,0.125,0.125
140,140.0,140.1,0.125,0.125,0.125,0.125,0.125,0.125,0.125,0.125
141,141.0,141.1,0.125,0.125,0.125,0.125,0.125,0.125,0.125,0.125
142,142.0,142.1,0.125,0.125,0.125,0.125,0.125,0.125,0.125,0.125
143,143.0,143.1,0.125,0.125,0.125,0.125,0.125,0.125,0.125,0.125
144,144.0,144.1,0.125,0.125,0.125,0.125,0.125,0.125,0.125,0.125
145,145.0,145.1,0.125,0.125,0.125,0.125,0.125,0.125,0.125,0.125
146,146.0,146.1,0.125,0.125,0.125,0.125,0.125,0.125,0.125,0.125
147,147.0,147.1,0.125,0.125,0.125,0.125,0.125,0.125,0.125,0.125
148,148.0,148.1,0.125,0.125,0.125,0.125,0.125,0.125,0.125,0.125
149,149.0,149.1,0.125,0.125,0.125,0.125,0.125,0.125,0.125,0.125
150,150.0,150.1,0.125,0.125,0.125,0.125,0.125,0.125,0.125,0.125
151,151.0,151.1,0.125,0.125,0.125,0.125,0.125,0.125,0.125,0.125
152,152.0,152.1,0.125,0.125,0.125,0.125,0.125,0.125,0.125,0.125
153,153.0,153.1,0.125,0.125,0.125,0.125,0.125,0.125,0.125,0.125
154,154.0,154.1,0.125,0.125,0.125,0.125,0.125,0.125,0.125,0.125
155,155.0,155.1,0.125,0.125,0.125,0.125,0.125,0.125,0.125,0.125
156,156.0,156.1,0.125,0.125,0.125,0.125,0.125,0.125,0.125,0.125
157,157.0,157.1,0.125,0.125,0.125,0.125,0.125,0.125,0.125,0.125
158,158.0,158.1,0.125,0.125,0.125,0.125,0.125,0.125,0.125,0.125
159,159.0,159.1,0.125,0.125,0.125,0.125,0.125,0.125,0.125,0.125
160,160.0,160.1,0.125,0.125,0.125,0.125,0.125,0.125,0.125,0.125
161,161.0,161.1,0.125,0.125,0.125,0.125,0.125,0.125,0.125,0.125
162,162.0,162.1,0.125,0.125,0.125,0.125,0.125,0.125,0.125,0.125
163,163.0,163.1,0.125,0.125,0.125,0.125,0.125,0.125,0.125,0.125
164,164.0,164.1,0.125,0.125,0.125,0.125,0.125,0.125,0.125,0.125
165,165.0,165.1,0.125,0.125,0.125,0.125,0.125,0.125,0.125,0.125
166,166.0,166.1,0.125,0.125,0.125,0.125,0.125,0.125,0.125,0.125
167,167.0,167.1,0.125,0.125,0.125,0.125,0.125,0.125,0.125,0.125
168,168.0,168.1,0.125,0.125,0.125,0.125,0.125,0.125,0.125,0.125
169,169.0,169.1,0.125,0.125,0.125,0.125,0.125,0.125,0.125,0.125
170,170.0,170.1,0.125,0.125,0.125,0.125,0.125,0.125,0.125,0.125
171,171.0,171.1,0.125,0.125,0.125,0.125,0.125,0.125,0.125,0.125
172,172.0,172.1,0.125,0.125,0.125,0.125,0.125,0.125,0.125,0.125
173,173.0,173.1,0.125,0.125,0.125,0.125,0.125,0.125,0.125,0.125
174,174.0,174.1,0.125,0.125,0.125,0.125,0.125,0.125,0.125,0.125
175,175.0,175.1,0.125,0.125,0.125,0.125,0.125,0.125,0.125,0.125
176,176.0,176.1,0.125,0.125,0.125,0.125,0.125,0.125,0.125,0.125
177,177.0,177.1,0.125,0.125,0.125,0.125,0.125,0.125,0.125,0.125
178,178.0,178.1,0.125,0.125,0.125,0.125,0.125,0.125,0.125,0.125
179,179.0,179.1,0.125,0.125,0.125,0.125,0.125,0.125,0.125,0.125
180,180.0,180.1,0.125,0.125,0.125,0.125,0.125,0.125,0.125,0.125
181,181.0,181.1,0.125,0.125,0.125,0.125,0.125,0.125,0.125,0.125
182,182.0,182.1,0.125,0.125,0.125,0.125,0.125,0.125,0.125,0.125
183,183.0,183.1,0.125,0.125,0.125,0.125,0.125,0.125,0.125,0.125
184,184.0,184.1,0.125,0.125,0.125,0.125,0.125,0.125,0.125,0.125
185,185.0,185.1,0.125,0.125,0.125,0.125,0.125,0.125,0.125,0.125
186,186.0,186.1,0.125,0.125,0.125,0.125,0.125,0.125,0.125,0.125
187,187.0,187.1,0.125,0.125,0.125,0.125,0.125,0.125,0.125,0.125
188,188.0,188.1,0.125,0.125,0.125,0.125,0.125,0.125,0.125,0.125
189,189.0,189.1,0.125,0.125,0.125,0.125,0.125,0.125,0.125,0.125
190,190.0,190.1,0.125,0.125,0.125,0.125,0.125,0.125,0.125,0.125
191,191.0,191.1,0.125,0.125,0.125,0.125,0.125,0.125,0.125,0.125
192,192.0,192.1,0.125,0.125,0.125,0.125,0.125,0.125,0.125,0.125
193,193.0,193.2,0.125,0.125,0.125,0.125,0.125,0.125,0.125,0.125
194,194.0,194.2,0.125,0.125,0.125,0.125,0.125,0.125,0.125,0.125
195,195.0,195.2,0.125,0.125,0.125,0.125,0.125,0.125,0.125,0.125
196,196.0,196.2,0.125,0.125,0.125,0.125,0.125,0.125,0.125,0.125
197,197.0,197.2,0.125,0.125,0.125,0.125,0.125,0.125,0.125,0.125
198,198.0,198.2,0.125,0.125,0.125,0.125,0.125,0.125,0.125,0.125
199,199.0,199.2,0.125,0.125,0.125,0.125,0.125,0.125,0.125,0.125
200,200.0,200.2,0.12222222222222223,0.13333333333333336,0.12118055555555556,0.12326388888888888,0.12222222222222223,0.12222222222222223,0.13333333333333336,0.12222222222222223
201,201.0,201.2,0.12098224513172966,0.13209335624284077,0.11995131729667811,0.1220131729667812,0.12098224513172966,0.13098224513172968,0.13201317296678122,0.12098224513172966
202,202.0,202.2,0.12903782725211296,0.13105802927231497,0.11892650999793856,0.12096732632446919,0.11994691816120387,0.12903782725211296,0.13107864357864357,0.11994691816120387
203,203.0,203.2,0.12613378684807255,0.12891156462585035,0.1167800453514739,0.11882086167800454,0.11780045351473922,0.13446712018140589,0.12817460317460316,0.12891156462585035
204,204.0,204.2,0.12485173556602128,0.1282705389848247,0.11613901971044827,0.1181798360369789,0.11715942787371358,0.13254404325832897,0.13458485958485958,0.1282705389848247
205,205.0,205.2,0.12264172335600906,0.12549886621315193,0.11447845804988661,0.12651927437641725,0.11549886621315193,0.1287641723356009,0.13998866213151925,0.12660997732426305
206,206.0,206.2,0.1202200577200577,0.12216810966810968,0.11206709956709955,0.1342893217893218,0.11307720057720057,0.12635281385281383,0.14763708513708515,0.12418831168831165
207,207.0,207.2,0.11648773448773449,0.12843578643578643,0.10834487734487734,0.15054689754689754,0.10934487734487734,0.11648773448773449,0.151007215007215,0.11934487734487734
208,208.0,208.2,0.1145002357378595,0.12569071192833567,0.1147006129184347,0.15668081093823666,0.10735737859500234,0.1145002357378595,0.1492126355492692,0.11735737859500235
209,209.0,209.2,0.11283363695128401,0.12247399659164364,0.12009500303617951,0.16345438874850637,0.10569077980842687,0.10569077980842687,0.15497972615619676,0.11478168889933596
210,210.0,210.2,0.11196184074824851,0.1208446246310324,0.11923272520359898,0.16181549841744014,0.10481898360539137,0.10481898360539137,0.15502169351683914,0.12148565027205804
211,211.0,211.2,0.10939060939060936,0.11763236763236759,0.11763236763236759,0.17313936063936058,0.10994005994005991,0.10224775224775222,0.15238511488511483,0.11763236763236759
212,212.0,212.2,0.10768065268065266,0.11639860139860136,0.11639860139860136,0.1696328671328671,0.10870629370629367,0.10101398601398599,0.16377039627039625,0.11639860139860136
213,213.0,213.2,0.10597985347985346,0.10742216117216115,0.11511446886446883,0.1820924908424908,0.10742216117216115,0.09972985347985344,0.16617216117216113,0.11606684981684978
214,214.0,214.2,0.11229584141348845,0.09872118078000428,0.11410579616461966,0.17851971557853907,0.10641348847231198,0.09872118078000428,0.17616461969403144,0.11505817711700064
215,215.0,215.2,0.11054334554334551,0.09784493284493281,0.11322954822954819,0.18258852258852254,0.10553724053724052,0.09784493284493281,0.1782295482295482,0.11418192918192915
216,216.0,216.2,0.10845671871987658,0.10319356082513975,0.11081260844418735,0.1931752458068247,0.09652689415847307,0.09652689415847307,0.17844418739155576,0.11286389049546941
217,217.0,217.2,0.10681318681318679,0.10181318681318678,0.10847985347985345,0.1966117216117216,0.09514652014652011,0.09514652014652011,0.18450549450549447,0.11148351648351647
218,218.0,218.2,0.1053708791208791,0.10060897435897434,0.10644230769230764,0.20576923076923076,0.09394230769230766,0.09394230769230766,0.1836446886446886,0.11027930402930401
219,219.0,219.2,0.10391233766233765,0.09936688311688309,0.10520021645021642,0.20716450216450216,0.09270021645021642,0.09270021645021642,0.18387445887445886,0.11508116883116881
220,220.0,220.2,0.10354469060351412,0.09899923605805956,0.10409727527374583,0.20569391392920805,0.0923325693913929,0.0923325693913929,0.18828622358034122,0.11471352177234528
221,221.0,221.2,0.10354469060351412,0.09899923605805956,0.10409727527374583,0.20569391392920805,0.0923325693913929,0.0923325693913929,0.19542908072319834,0.10757066462948814
222,222.0,222.2,0.10586111631616624,0.0950656617707117,0.10925461007730705,0.20928566023321848,0.09748990419495412,0.08839899510404503,0.19101594668742278,0.10362810561617439
223,223.0,223.2,0.10513906201354928,0.08787456925992608,0.10807658946194629,0.21444750889890346,0.10252103390639074,0.08787456925992608,0.19096298742730244,0.10310367977205544
224,224.0,224.2,0.09601212328992863,0.08559545662326197,0.10521268150364474,0.22655436117452005,0.10411619027557455,0.08559545662326197,0.20323202051727368,0.0936817099925342
225,225.0,225.2,0.09457179452684447,0.08337839830042937,0.10341270361775354,0.22705171582641062,0.10241270361775354,0.08432179452684448,0.21291903216403768,0.09193185741992622
226,226.0,226.2,0.0938474355524855,0.08665403932607038,0.10284219079724073,0.22523120300589777,0.10168834464339456,0.08375128170633164,0.21504082703583255,0.09094467793274673
227,227.0,227.2,0.096939441585668,0.08604234165554916,0.10237294326916965,0.22714757639285937,0.09607664697287335,0.08883758973381614,0.21210802998538844,0.09047543040467566
228,228.0,228.2,0.0956444762311051,0.08487965143326143,0.10086633770296657,0.22624646741125506,0.09491395675058562,0.08751477698298481,0.22085696523200174,0.08907736825583952
229,229.0,229.2,0.0944686126062183,0.08382694051773425,0.09950387906389854,0.2360335626926388,0.09386124583505843,0.08632206088208037,0.2181626857383201,0.08782101266405104
230,230.0,230.2,0.09393811970730435,0.0832964476188203,0.0989733861649846,0.23695252676949757,0.09333075293614448,0.08555347274507119,0.22095717195385894,0.08699812210431836
231,231.0,231.2,0.0936598649462727,0.08213478404012384,0.09795414267501644,0.2369048319533756,0.09316744070384844,0.08453422925510304,0.2209015081466538,0.09074319827960603
232,232.0,232.2,0.0929871651645845,0.08158828178989466,0.09750583198163841,0.24021936844517483,0.09260226780388067,0.07932401379982022,0.22596370922983824,0.08980936178516821
233,233.0,233.2,0.09225184537684536,0.08095376845376842,0.09697212509712508,0.24552981740481736,0.09196775446775445,0.07879030691530689,0.22469162781662777,0.08884275446775444
234,234.0,234.2,0.09177012600925642,0.08056674605587646,0.09571826120739162,0.2516274788013918,0.09158073206986247,0.0784979814871119,0.22208350224654566,0.0881551721225634
235,235.0,235.2,0.09130511787161401,0.08019086447794885,0.0954315061891788,0.2561690582790327,0.09120485049193487,0.07821122646889908,0.21961895911704093,0.08786841710435057
236,236.0,236.2,0.09069069819069817,0.08155608280608279,0.09498515373515372,0.2604459429459429,0.09067446442446439,0.07776487401487399,0.2168230380730381,0.08705974580974578
237,237.0,237.2,0.1011204906204906,0.08368001443001442,0.09448088023088022,0.26022799422799425,0.0900725108225108,0.07725144300144299,0.20601046176046175,0.08715620490620489
238,238.0,238.2,0.09841138030760671,0.08588004817721798,0.09305100063118929,0.2662863638146657,0.0894929829222282,0.0758125786757862,0.20536627434268945,0.08569937112861639
239,239.0,239.2,0.0989724847259279,0.08695378982479324,0.09277474739193872,0.27178824356037834,0.08818457612690273,0.07459292921012053,0.20227114107131322,0.08446208808862521
240,240.0,240.2,0.09821487422106615,0.0860898647276356,0.08293488130949428,0.27983477937038315,0.09098974068014312,0.0738439722185852,0.20470375570994764,0.08338813176274473
241,241.0,241.2,0.0978473345700719,0.08654208775973841,0.08257583639176541,0.2799139423014916,0.0904905535865239,0.07348492730085632,0.20641812099596746,0.08272719709358482
242,242.0,242.2,0.0974125468851635,0.08598902787543761,0.08228434175695837,0.2785198675563787,0.09011490200131171,0.07319343266604927,0.21033140963161245,0.08215447162708822
243,243.0,243.2,0.09659753325045677,0.08596309002980666,0.08121046634165073,0.2789030737643931,0.08935580092251756,0.0750148141677377,0.21149574841104074,0.08145947311239662
244,244.0,244.2,0.09631808132466337,0.08556973064254483,0.08106100939341329,0.27859144680642467,0.08912928084843649,0.07480438160974415,0.2168035692981299,0.07772250007664311
245,245.0,245.2,0.0783570666779394,0.0855673490209651,0.08104353949715559,0.28322047032071446,0.09928531247344183,0.07509115854477463,0.21950670993469285,0.07792839353031601
246,246.0,246.2,0.0785858573893872,0.0847084406667855,0.08018030863377724,0.28168599286982826,0.10191032486989368,0.07450589002912608,0.22115515760917898,0.07726802793202284
247,247.0,247.2,0.078065115534343,0.08398118411488528,0.07945758271628388,0.2772597506012192,0.10123410380413773,0.07403800229670346,0.2260937934919259,0.07987046744050137
248,248.0,248.2,0.08665226829700512,0.08344552986000353,0.07863702817650184,0.2655577706893496,0.10059764309764307,0.07350234804182171,0.23237340510366827,0.07923400673400673
249,249.0,249.2,0.08405787195260878,0.08302916381863748,0.07805080884028251,0.2646138072453862,0.10365800865800863,0.07318067897015264,0.23468671679197994,0.07872294372294371
250,250.0,250.2,0.08386773529188388,0.08490973422861965,0.07791117723006266,0.2666013295270261,0.10337874543756895,0.07299054230942773,0.2318465504224018,0.07849418555300908
251,251.0,251.2,0.08369457511872369,0.08464744749574468,0.07773801705690248,0.27049106724029326,0.09946099651982002,0.07281738213626755,0.2330026492255594,0.07814786520668872
252,252.0,252.2,0.08349937528387773,0.08505217031493363,0.07988457554089208,0.2695408726486609,0.09822520500970745,0.07171366099816344,0.2342309001855873,0.07785324001817726
253,253.0,253.2,0.08287432776794476,0.08416274384359487,0.0789609539077624,0.2732267055671311,0.09744571733933433,0.07108861348223047,0.23512093227518757,0.0771200058168143
254,254.0,254.2,0.08236892941052532,0.08348004052163642,0.0781773011463164,0.27303333174088695,0.09597633808372345,0.07058321512481101,0.23979303402690505,0.0765878099451953
255,255.0,255.2,0.08189916234559089,0.08738565997494566,0.07744763173334598,0.27136581672295956,0.09543909463552316,0.0701134480598766,0.24025610302396014,0.07609308350379776
256,256.0,256.2,0.08152520426433467,0.08665080812906897,0.07683039906952947,0.2695378341465298,0.09506513655426696,0.06973948997862038,0.2448911861085774,0.07575994174907216
257,257.0,257.2,0.08041891115420523,0.08520649285355164,0.07549594196653017,0.2678503196150255,0.09320126768656177,0.06863319686849094,0.25450100553041727,0.07469286432521724
258,258.0,258.2,0.08009313579901813,0.08749611861376565,0.07491806577100693,0.2654845588963236,0.09280041725629957,0.07230742151330383,0.25260826825532706,0.07429201389495506
259,259.0,259.2,0.0801414024571919,0.08732243195401086,0.07315339046917992,0.2665180784128153,0.09367041730199621,0.07232322063901009,0.2534570517202096,0.07341400704558596
260,260.0,260.2,0.07990307703515245,0.08687149226771865,0.07298410955014724,0.2671190933832443,0.09525140794952111,0.07210127523335066,0.2517241539694369,0.07404539061142831
261,261.0,261.2,0.07961524711524709,0.08807780307780305,0.0727312202312202,0.26950497200497203,0.09230043230043226,0.07165959915959913,0.25238232738232735,0.0737283987283987
262,262.0,262.2,0.07934448129570078,0.09113896504140404,0.07249412444534392,0.268026222660369,0.09193502083745983,0.07124638319760267,0.25238447518935325,0.07343032733276632
263,263.0,263.2,0.07850624545746496,0.08987384127628026,0.07168835613957561,0.2675605771947235,0.0904232918257308,0.07027587222709171,0.25904725685213487,0.07262455902699802
264,264.0,264.2,0.07778038993102512,0.08868696671781968,0.0709938289339378,0.273273199307682,0.08905858541974691,0.06942686399129228,0.2614723084505298,0.0693078572479661
265,265.0,265.2,0.07609321507677558,0.08656329565110638,0.06933690211356605,0.2757517901723996,0.08728579154601604,0.06762474660830711,0.2697486993898381,0.06759555944199083
266,266.0,266.2,0.07581028615473664,0.08586634545901903,0.06908319586832433,0.272264340291951,0.08692078582455835,0.06723429080454774,0.2755317565227352,0.06728899907412753
267,267.0,267.2,0.0760514457738917,0.08738081085325676,0.06635243409374794,0.27396580690874295,0.08708319180563771,0.06728965332106149,0.264158544803103,0.07771811244055835
268,268.0,268.2,0.07420842122011448,0.09227900589796928,0.0645367319443423,0.27402369786240605,0.08468834519255448,0.0653519317975873,0.27016887608372836,0.07474299000129767
269,269.0,269.2,0.07269191263002836,0.0896288998103525,0.0630202233542562,0.2814465503351312,0.08270891646679154,0.06374629664778642,0.2744860637225431,0.07227113703311047
270,270.0,270.2,0.07258617643442955,0.08936451739582191,0.06008378533800316,0.2834843844157506,0.08257673923470409,0.0636405604521876,0.27607199485510264,0.07219184187400027
271,271.0,271.2,0.07182090785031957,0.09597707031530556,0.05905839258780432,0.28263170652876535,0.0817415427709545,0.0628390073978309,0.2752810996193349,0.07065027292968465
272,272.0,272.2,0.0715438224839485,0.09256748194773402,0.05872006122268726,0.2875250426747275,0.08139713881047911,0.06258023704977485,0.2753107436668361,0.07035547214381245
273,273.0,273.2,0.07082430809514749,0.09746123979090271,0.05794523086651713,0.291310038343247,0.08024512257478549,0.06179465849946016,0.2708002219399205,0.06961917989001928
274,274.0,274.2,0.07023839714741306,0.09636945563141272,0.05730939468570032,0.29369026932385917,0.0792698885318456,0.06122638112605124,0.2728788502743973,0.06901736327932034
275,275.0,275.2,0.06969511896848894,0.09728346411378616,0.0567211001735746,0.2972964830113298,0.07986642841316838,0.06070040997377994,0.2699780034344056,0.06845899191146634
276,276.0,276.2,0.06951088012309033,0.09688816572019018,0.05643685918680251,0.2970012190496597,0.07963829141149234,0.060436806049016245,0.27179107631554206,0.06829670214420645
277,277.0,277.2,0.06909373693708112,0.09738161874834275,0.05511510294784268,0.29666448732291384,0.078879080114549,0.05994458778793197,0.2750567987804126,0.0678645873609258
278,278.0,278.2,0.06867045512007909,0.09665036049128879,0.05232075460671974,0.30126259834605734,0.07818276245847337,0.059538295437460684,0.27411655674512353,0.06925821679479727
279,279.0,279.2,0.06893209387890234,0.08890752385433233,0.05261174755855602,0.30363975539507454,0.07815287309968157,0.05981661476342324,0.2731631417269715,0.0747762497230582
280,280.0,280.2,0.06853885418930132,0.08997166493166503,0.0522487776732176,0.30257955209282483,0.07839019687132373,0.059514830165277297,0.27461555684201977,0.07414056723437015
281,281.0,281.2,0.06816965073565875,0.0891153093128963,0.05189913603491149,0.30520578023812855,0.07776938204591638,0.05907055163655963,0.2710564137950918,0.07771377620083685
282,282.0,282.2,0.06803022719606615,0.09005069980370284,0.051778738370509156,0.30636917699639643,0.07756165872206548,0.058860004341632764,0.2698166121009481,0.07753288246867891
283,283.0,283.2,0.06772604514280584,0.0894247066701184,0.05147455631724883,0.3076626244865806,0.07706158732534128,0.058488345905106584,0.2673252124243074,0.08083692172849086
284,284.0,284.2,0.06664106978168219,0.09067689696819428,0.05118029767707444,0.305713749720599,0.07671179814008178,0.05738699052760291,0.2715461955449868,0.08014300163977842
285,285.0,285.2,0.06506558183236824,0.09035379240690262,0.050981497748284164,0.30638877818251276,0.07646247078371485,0.05809864650926853,0.27277469064971865,0.07987454188722992
286,286.0,286.2,0.06474138847385688,0.09049959318367448,0.05066530151733516,0.3045409157803968,0.07589776374313538,0.05776398524645365,0.27682897978480026,0.07906207227034714
287,287.0,287.2,0.06474459337009456,0.09040811230101585,0.05062225294456265,0.304921393101621,0.07584691458531899,0.05781664850793915,0.2765748080228628,0.07906527716658479
288,288.0,288.2,0.06462328865693283,0.09006143646774616,0.04960809108854378,0.3020768592747138,0.07567297829320989,0.05761032355186245,0.27769934650986405,0.08264767615712679
289,289.0,289.2,0.06632515632515629,0.08221981721981718,0.05126563251563249,0.31407768157768157,0.07716570466570463,0.05923100048100044,0.27503667628667633,0.07467833092833089
290,290.0,290.2,0.06491227825050513,0.09037375432699382,0.04981023743417858,0.31256954769018475,0.07555492224444223,0.05774049677994316,0.27631552443211393,0.07272323884163814
291,291.0,291.2,0.06467777858788203,0.0899193233986193,0.049598132570182904,0.3108832512108338,0.07763688668975853,0.05743959800143215,0.27736419175292093,0.07248083778837028
292,292.0,292.2,0.0644506503430731,0.0894788935654032,0.049393890797149474,0.31160150382590046,0.0772913935654032,0.057149038755965796,0.2818369582353686,0.06879767091173614
293,293.0,293.2,0.06427712187834723,0.08915074003225915,0.049182654941775046,0.31243780221372053,0.07698142786294698,0.056960078192474506,0.2826812568430697,0.06832891803540656
294,294.0,294.2,0.06398032514045549,0.0884964531782974,0.050797388306985436,0.31335531589822074,0.07649188000756568,0.05665585351353497,0.2810079742422546,0.0692148097126855
295,295.0,295.2,0.06380163658228011,0.08808472190638747,0.05367381854685338,0.31104115879313227,0.07737312552084528,0.05646247203734608,0.2808293648134838,0.06873370179967142
296,296.0,296.2,0.06362190871300305,0.08771414322125959,0.05333205364053929,0.3097022389091304,0.0770746622203328,0.056282744168069034,0.28340558516990727,0.0688666639577583
297,297.0,297.2,0.06335376170377513,0.08711954927563846,0.05296981502165403,0.3096863179303427,0.07662171377780298,0.056007750324082936,0.2851411258250404,0.06909996614166315
298,298.0,298.2,0.06567021069494071,0.086885596616209,0.05275949425405739,0.308534948967064,0.07401876473933408,0.05599198042847514,0.28742108250848714,0.0687179217914323
299,299.0,299.2,0.06533997647240888,0.08884246324010005,0.0524054167143541,0.3063444294176236,0.07365275099156428,0.05566898943352554,0.2895455526179088,0.06820042111251455
300,300.0,300.2,0.06510089828779106,0.08729646840656831,0.052088189086670345,0.3084187611025121,0.07339396871747492,0.055429911248907726,0.28777761175909755,0.07049419139097775
301,301.0,301.2,0.06408249391398778,0.08696322841277508,0.05191359928746603,0.31173673610902614,0.07322115653116833,0.05524528461166219,0.28646140236699946,0.07037609876691467
302,302.0,302.2,0.06394806814224516,0.08665075560315338,0.05165340495164594,0.3155259315485566,0.07296214536281902,0.05509749342960148,0.2842050229881433,0.06995717797383491
303,303.0,303.2,0.06380958744263325,0.08635434171340092,0.051394565795790936,0.31973460326552094,0.07273357407822259,0.05495901272998958,0.2815559800401567,0.06945833493428487
304,304.0,304.2,0.0614780610117814,0.08624935192386204,0.051220460796554054,0.3190055519532466,0.07258872327785672,0.05495306769448656,0.2839788658997232,0.07052591744248927
305,305.0,305.2,0.06136603077789029,0.08584186874488521,0.05105882738805978,0.3170370197050482,0.07240313356701962,0.0547751216869812,0.28721067528639377,0.07030732284372179
306,306.0,306.2,0.061380952527680846,0.0856935593964675,0.05097496962169794,0.3168621488300934,0.07151330768812589,0.053922574451325256,0.2894192761046694,0.07023321137993971
307,307.0,307.2,0.06126389735557345,0.08555477454161345,0.05237714851119749,0.31691711854477955,0.07138176606085408,0.05381276250680006,0.28859086272651396,0.07010166975266789
308,308.0,308.2,0.06113687989895187,0.08614685358539614,0.0522321388980739,0.3129412018086294,0.07119056804087529,0.0551729194617693,0.2912190289955874,0.06996040931071658
309,309.0,309.2,0.06105982157152159,0.08742754636933914,0.05207727733431451,0.31063797807260735,0.0709695677282619,0.055176929953335854,0.29312603965032885,0.06952483932029063
310,310.0,310.2,0.06093813178263191,0.08708494267710498,0.051939858292890176,0.3088683438897938,0.07076676371070469,0.055028869766650536,0.29608152353018835,0.06929156635003543
311,311.0,311.2,0.06074348106076784,0.08656382237242714,0.05173051481869324,0.3077141740888075,0.07049278799582265,0.05475323057074486,0.29901375114020484,0.06898823795253169
312,312.0,312.2,0.06057286535783106,0.08616933018022022,0.05154618495018191,0.306194148600781,0.07026308817087239,0.0567775922646637,0.29967249622798714,0.06880429424746246
313,313.0,313.2,0.060472574408512614,0.08587844346359827,0.051387208554854104,0.30348174981389325,0.07011800438840723,0.05654553119071202,0.30341248488187833,0.068704003298144
314,314.0,314.2,0.060405560296347104,0.08563115174145074,0.0512631168171178,0.30136031872166186,0.06998861896477163,0.05563551816099425,0.3050069249419818,0.07070879035567476
315,315.0,315.2,0.06034027376634867,0.08538986446844124,0.05114229530007752,0.3033131591485878,0.06986235909029469,0.05554098113703341,0.3038756713716483,0.0705353957175682
316,316.0,316.2,0.060405672877156445,0.0855330919157253,0.05121461596658734,0.301930279452194,0.0699466551237136,0.057951579931774314,0.3046734074654486,0.06834469726740035
317,317.0,317.2,0.06021664904817414,0.08508668988471461,0.050957880569148094,0.30425987766426293,0.06962477017831276,0.057747818124334736,0.30425850063133175,0.06784781389972079
318,318.0,318.2,0.06005735050856999,0.08463432583676482,0.05079247879491779,0.30786051807271325,0.06939507619751518,0.05742271847393795,0.3022709006440713,0.0675666314715095
319,319.0,319.2,0.05995065742167889,0.08562182920248602,0.05068028010252108,0.3034486467274441,0.06921943072087962,0.05730217279299622,0.30643599236632324,0.06734099066567067
320,320.0,320.2,0.05977127935974036,0.08756530882906487,0.05043788907150106,0.3043048761288423,0.06891442630256013,0.05710935781847361,0.3050255845539498,0.0668712779358677
321,321.0,321.2,0.05956451379485509,0.08705042967263218,0.05017134519020393,0.3063458611815506,0.06860191312064515,0.05674462671169765,0.3050413656386529,0.06647994468976234
322,322.0,322.2,0.059364253979274605,0.0886807068431003,0.049914328366558305,0.3067667159921198,0.06829934547986508,0.056392951468552666,0.30447874396886304,0.06610295390166603
323,323.0,323.2,0.05919865053773545,0.08822204440155487,0.04969479396070813,0.30885921327194465,0.06801885810794303,0.05621506087018106,0.30411836933783826,0.06567300951209443
324,324.0,324.2,0.05903745600408592,0.08777627314767865,0.04948231542850779,0.3098966654709402,0.06774623941171103,0.056041932673761785,0.30399908020688254,0.06602003765643191
325,325.0,325.2,0.05894711082431736,0.08750308679321403,0.04930268751983235,0.31115906063850185,0.06759458505681969,0.05593724440736099,0.3017279673525283,0.06782825740742522
326,326.0,326.2,0.0589040692174307,0.08737188767824629,0.049217629106223,0.3083935391017349,0.06753685053191952,0.055880197198233415,0.3049987688737545,0.06769705829245745
327,327.0,327.2,0.058876383724628924,0.0873442021854445,0.0491489039417386,0.30645411655781607,0.06750916503911773,0.055838831814870774,0.3071590239367275,0.06766937279965568
328,328.0,328.2,0.05884933842374995,0.08731715688456554,0.049081762409905326,0.30329806112243846,0.06748211973823877,0.0557984211036737,0.30932599354154294,0.06884714677588515
329,329.0,329.2,0.05876424203467219,0.08914068282675815,0.048913154826714746,0.30456402263435145,0.06733835402139401,0.05570026306360325,0.30709493677666344,0.06848434381584266
330,330.0,330.2,0.05868188964389022,0.08884674580212262,0.048749981036893084,0.30467271631787607,0.0671994790215684,0.05560514254207564,0.3081101614534102,0.06813388418216354
331,331.0,331.2,0.05859332411438343,0.08848311765235672,0.04858314599733509,0.30440657320320647,0.06625779134769316,0.05549527583089925,0.31039447774151746,0.06778629411260818
332,332.0,332.2,0.05965682038510387,0.08813012100837744,0.048421371257794665,0.3032697114985806,0.066084667181159,0.055388483288726933,0.3115988809016097,0.06744994447864758
333,333.0,333.2,0.059560340369832585,0.08778725270007401,0.04826441177138157,0.3032894496995877,0.06591650084217766,0.05528462561402098,0.3127731540080994,0.0671242649948259
334,334.0,334.2,0.058756036209645465,0.08753625093851132,0.04812965499308595,0.30159957757144346,0.06581765383730084,0.05523054838449618,0.3160393451646886,0.06689093290082795
335,335.0,335.2,0.059769701578139246,0.0872815032048155,0.048045608498693625,0.3001484827412994,0.06567570408071384,0.05513182998883026,0.3172579490693626,0.06668922083814532
336,336.0,336.2,0.06073795289585977,0.07800282750115992,0.04900444274129699,0.28946629779959054,0.06766444025712973,0.0672221534968017,0.3204741407225097,0.06742774458565147
337,337.0,337.2,0.06067156515691359,0.07782545032840782,0.04892904941983263,0.28886022245220405,0.06756670382823168,0.067160788609254,0.32168458624426066,0.06730163396089542
338,338.0,338.2,0.06951395190222773,0.07401165864615503,0.04779481157421643,0.2876993764281788,0.06901876685753801,0.06491543965252669,0.3209604127556217,0.06608558218353541
339,339.0,339.2,0.06984649935520051,0.07731949042751246,0.04812786534348501,0.2784318815027643,0.06922463678087615,0.06655524936297427,0.32423940801699713,0.06625496921018989
340,340.0,340.2,0.06967009836688445,0.07676991285884062,0.047920446583046256,0.2800342337176811,0.06979455684488114,0.06617378512820227,0.3237163236211188,0.06592064287934518
341,341.0,341.2,0.07685683006738268,0.07548469538899318,0.046839097356495926,0.2772308518372685,0.06867690592643691,0.06648431396603707,0.32356862381989426,0.06485868163749135
342,342.0,342.2,0.07671357274035237,0.07512288659175634,0.04669121344101866,0.27512733808570644,0.06842089626239065,0.06635228470007141,0.3253393161752721,0.06623249200343181
343,343.0,343.2,0.07664720889482603,0.07571208455084463,0.046627226303751365,0.27449169683540914,0.0683019764096722,0.06627402323995553,0.32580688872310387,0.06613889504243704
344,344.0,344.2,0.07731180942623132,0.07556295058189283,0.0465643995196471,0.2727622090613012,0.06818494113941057,0.06619704139164548,0.32736991586506725,0.06604673301480413
345,345.0,345.2,0.07730258182030418,0.07565947009171099,0.046592197196698916,0.269507245206312,0.0681198137224372,0.06643529207590197,0.33036705178231707,0.06601634810431758
346,346.0,346.2,0.07722179834740883,0.07539575978954735,0.04648229316468881,0.2700070961239719,0.06802892923944082,0.066100899310944,0.33255179732361045,0.06421142670038775
347,347.0,347.2,0.07712102410277996,0.07518646463161585,0.0463602336769922,0.27074257620994685,0.06784938220966305,0.06600103313731569,0.33276637716602714,0.06397290886565907
348,348.0,348.2,0.0769573868142093,0.07468821414914219,0.046176313049264554,0.27233883490438604,0.06840127441990473,0.06559916292665988,0.332163091494211,0.06367572224222214
349,349.0,349.2,0.07694114518447373,0.07466427100856031,0.04609347291719908,0.274022983854363,0.06829662398746983,0.06553663093663258,0.3307967831323358,0.06364808897896548
350,350.0,350.2,0.07680364810980064,0.0743255012928465,0.045961431324767196,0.27527393823788693,0.06805803713537459,0.06541725315256008,0.33083506389840917,0.0633251268483546
351,351.0,351.2,0.07753117537467427,0.07406315268545499,0.04584727386863606,0.274461964056566,0.06788372136642529,0.0653396669081931,0.33179424483359676,0.06307880090645335
352,352.0,352.2,0.07733651512689851,0.0735166243675884,0.045665758640381915,0.27714478991620417,0.06759910757334478,0.06494759657024124,0.3310750107397907,0.06271459706555015
353,353.0,353.2,0.07714708268427825,0.07298713502959375,0.04548964534989742,0.278845399783829,0.06732184111573976,0.06457036183015517,0.33127848787768566,0.06236004632882085
354,354.0,354.2,0.06085724151214374,0.07679158494648718,0.04738659136718167,0.2783000248593899,0.07017926683884197,0.05719133937147095,0.3451836432142743,0.0641103078902101
355,355.0,355.2,0.06082774927755239,0.07671834817996234,0.04733832750072904,0.2801040092526313,0.070109874996686,0.05715350685330996,0.3436611190646624,0.0640870648744664
