,Unnamed: 0,Total_iterations,Intertwine_two,Invert_path_vertices,Insert_inside_vertex,Delete_inside_vertex,Replace_inside_vertex,Donate_between_routes,Trim_one_terminal_cb,Grow_one_terminal_cb
0,0.0,0.0,0.125,0.125,0.125,0.125,0.125,0.125,0.125,0.125
1,1.0,0.10900000000000001,0.125,0.125,0.125,0.125,0.125,0.125,0.125,0.125
2,2.0,0.31601,0.125,0.125,0.125,0.125,0.125,0.125,0.125,0.125
3,3.0,0.6191589000000001,0.125,0.125,0.125,0.125,0.125,0.125,0.125,0.125
4,4.0,1.015801321,0.125,0.125,0.125,0.125,0.125,0.125,0.125,0.125
5,5.0,1.50262148669,0.125,0.125,0.125,0.125,0.125,0.125,0.125,0.125
6,6.0,2.0757334209441005,0.125,0.125,0.125,0.125,0.125,0.125,0.125,0.125
7,7.0,2.7307768275633495,0.125,0.125,0.125,0.125,0.125,0.125,0.125,0.125
8,8.0,3.4630081252450404,0.125,0.125,0.125,0.125,0.125,0.125,0.125,0.125
9,9.0,4.2673862119061114,0.125,0.125,0.125,0.125,0.125,0.125,0.125,0.125
10,10.0,5.138652627782014,0.125,0.125,0.125,0.125,0.125,0.125,0.125,0.125
11,11.0,6.071405875792507,0.125,0.125,0.125,0.125,0.125,0.125,0.125,0.125
12,12.0,7.060169740244025,0.125,0.125,0.125,0.125,0.125,0.125,0.125,0.125
13,13.0,8.099455520847952,0.125,0.125,0.125,0.125,0.125,0.125,0.125,0.125
14,14.0,9.183818168183006,0.125,0.125,0.125,0.125,0.125,0.125,0.125,0.125
15,15.0,10.307906369102724,0.125,0.125,0.125,0.125,0.125,0.125,0.125,0.125
16,16.0,11.466506686239443,0.125,0.125,0.125,0.125,0.125,0.125,0.125,0.125
17,17.0,12.654581904800096,0.125,0.125,0.125,0.125,0.125,0.125,0.125,0.125
18,18.0,13.867303782456686,0.125,0.125,0.125,0.125,0.125,0.125,0.125,0.125
19,19.0,15.100080434523047,0.125,0.125,0.125,0.125,0.125,0.125,0.125,0.125
20,20.0,16.348578617037543,0.125,0.125,0.125,0.125,0.125,0.125,0.125,0.125
21,21.0,17.608741195130214,0.125,0.125,0.125,0.125,0.125,0.125,0.125,0.125
22,22.0,18.876800103462312,0.125,0.125,0.125,0.125,0.125,0.125,0.125,0.125
23,23.0,20.14928511992658,0.125,0.125,0.125,0.125,0.125,0.125,0.125,0.125
24,24.0,21.423028783545156,0.125,0.125,0.125,0.125,0.125,0.125,0.125,0.125
25,25.0,22.695167792966423,0.125,0.125,0.125,0.125,0.125,0.125,0.125,0.125
26,26.0,23.963141223515898,0.125,0.125,0.125,0.125,0.125,0.125,0.125,0.125
27,27.0,25.224685898775267,0.125,0.125,0.125,0.125,0.125,0.125,0.125,0.125
28,28.0,26.477829247520948,0.125,0.125,0.125,0.125,0.125,0.125,0.125,0.125
29,29.0,27.720879968916847,0.125,0.125,0.125,0.125,0.125,0.125,0.125,0.125
30,30.0,28.95241681848399,0.125,0.125,0.125,0.125,0.125,0.125,0.125,0.125
31,31.0,30.17127581490958,0.125,0.125,0.125,0.125,0.125,0.125,0.125,0.125
32,32.0,31.376536153543515,0.125,0.125,0.125,0.125,0.125,0.125,0.125,0.125
33,33.0,32.567505096778625,0.125,0.125,0.125,0.125,0.125,0.125,0.125,0.125
34,34.0,33.74370209472243,0.125,0.125,0.125,0.125,0.125,0.125,0.125,0.125
35,35.0,34.90484237192463,0.125,0.125,0.125,0.125,0.125,0.125,0.125,0.125
36,36.0,36.05082019768737,0.125,0.125,0.125,0.125,0.125,0.125,0.125,0.125
37,37.0,37.18169203889697,0.125,0.125,0.125,0.125,0.125,0.125,0.125,0.125
38,38.0,38.29765977559663,0.125,0.125,0.125,0.125,0.125,0.125,0.125,0.125
39,39.0,39.399054140870355,0.125,0.125,0.125,0.125,0.125,0.125,0.125,0.125
40,40.0,40.48631852820801,0.125,0.125,0.125,0.125,0.125,0.125,0.125,0.125
41,41.0,41.55999329152982,0.125,0.125,0.125,0.125,0.125,0.125,0.125,0.125
42,42.0,42.62070064560415,0.125,0.125,0.125,0.125,0.125,0.125,0.125,0.125
43,43.0,43.669130257815,0.125,0.125,0.125,0.125,0.125,0.125,0.125,0.125
44,44.0,44.70602560622662,0.125,0.125,0.125,0.125,0.125,0.125,0.125,0.125
45,45.0,45.73217116373481,0.125,0.125,0.125,0.125,0.125,0.125,0.125,0.125
46,46.0,46.748380453854836,0.125,0.125,0.125,0.125,0.125,0.125,0.125,0.125
47,47.0,47.755485010424316,0.125,0.125,0.125,0.125,0.125,0.125,0.125,0.125
48,48.0,48.7543242612326,0.125,0.125,0.125,0.125,0.125,0.125,0.125,0.125
49,49.0,49.745736344347726,0.125,0.125,0.125,0.125,0.125,0.125,0.125,0.125
50,50.0,50.730549855707864,0.125,0.125,0.125,0.125,0.125,0.125,0.125,0.125
51,51.0,51.70957651737491,0.125,0.125,0.125,0.125,0.125,0.125,0.125,0.125
52,52.0,52.68360474770151,0.125,0.125,0.125,0.125,0.125,0.125,0.125,0.125
53,53.0,53.65339410751842,0.125,0.125,0.125,0.125,0.125,0.125,0.125,0.125
54,54.0,54.61967059027847,0.125,0.125,0.125,0.125,0.125,0.125,0.125,0.125
55,55.0,55.58312271885972,0.125,0.125,0.125,0.125,0.125,0.125,0.125,0.125
56,56.0,56.544398407394254,0.125,0.125,0.125,0.125,0.125,0.125,0.125,0.125
57,57.0,57.504102543001395,0.125,0.125,0.125,0.125,0.125,0.125,0.125,0.125
58,58.0,58.462795239617805,0.125,0.125,0.125,0.125,0.125,0.125,0.125,0.125
59,59.0,59.42099071417639,0.125,0.125,0.125,0.125,0.125,0.125,0.125,0.125
60,60.0,60.379156734137354,0.125,0.125,0.125,0.125,0.125,0.125,0.125,0.125
61,61.0,61.337714584760846,0.125,0.125,0.125,0.125,0.125,0.125,0.125,0.125
62,62.0,62.29703950447439,0.125,0.125,0.125,0.125,0.125,0.125,0.125,0.125
63,63.0,63.257461537171835,0.125,0.125,0.125,0.125,0.125,0.125,0.125,0.125
64,64.0,64.21926675122782,0.125,0.125,0.125,0.125,0.125,0.125,0.125,0.125
65,65.0,65.18269877636592,0.125,0.125,0.125,0.125,0.125,0.125,0.125,0.125
66,66.0,66.14796061122655,0.125,0.125,0.125,0.125,0.125,0.125,0.125,0.125
67,67.0,67.11521665648885,0.125,0.125,0.125,0.125,0.125,0.125,0.125,0.125
68,68.0,68.08459493066005,0.125,0.125,0.125,0.125,0.125,0.125,0.125,0.125
69,69.0,69.05618942810752,0.125,0.125,0.125,0.125,0.125,0.125,0.125,0.125
70,70.0,70.03006258152917,0.125,0.125,0.125,0.125,0.125,0.125,0.125,0.125
71,71.0,71.00624779379335,0.125,0.125,0.125,0.125,0.125,0.125,0.125,0.125
72,72.0,71.98475200689319,0.125,0.125,0.125,0.125,0.125,0.125,0.125,0.125
73,73.0,72.96555827861411,0.125,0.125,0.125,0.125,0.125,0.125,0.125,0.125
74,74.0,73.94862834037681,0.125,0.125,0.125,0.125,0.125,0.125,0.125,0.125
75,75.0,74.93390511255946,0.125,0.125,0.125,0.125,0.125,0.125,0.125,0.125
76,76.0,75.92131515639825,0.125,0.125,0.125,0.125,0.125,0.125,0.125,0.125
77,77.0,76.91077104428919,0.125,0.125,0.125,0.125,0.125,0.125,0.125,0.125
78,78.0,77.90217363294813,0.125,0.125,0.125,0.125,0.125,0.125,0.125,0.125
79,79.0,78.89541422641172,0.125,0.125,0.125,0.125,0.125,0.125,0.125,0.125
80,80.0,79.89037661826481,0.125,0.125,0.125,0.125,0.125,0.125,0.125,0.125
81,81.0,80.88693900474995,0.125,0.125,0.125,0.125,0.125,0.125,0.125,0.125
82,82.0,81.88497576253909,0.125,0.125,0.125,0.125,0.125,0.125,0.125,0.125
83,83.0,82.88435908692391,0.125,0.125,0.125,0.125,0.125,0.125,0.125,0.125
84,84.0,83.88496048800103,0.125,0.125,0.125,0.125,0.125,0.125,0.125,0.125
85,85.0,84.88665214409042,0.125,0.125,0.125,0.125,0.125,0.125,0.125,0.125
86,86.0,85.88930811312994,0.125,0.125,0.125,0.125,0.125,0.125,0.125,0.125
87,87.0,86.89280540413424,0.125,0.125,0.125,0.125,0.125,0.125,0.125,0.125
88,88.0,87.89702491199675,0.125,0.125,0.125,0.125,0.125,0.125,0.125,0.125
89,89.0,88.90185221995306,0.125,0.125,0.125,0.125,0.125,0.125,0.125,0.125
90,90.0,89.90717827491419,0.125,0.125,0.125,0.125,0.125,0.125,0.125,0.125
91,91.0,90.91289994163006,0.125,0.125,0.125,0.125,0.125,0.125,0.125,0.125
92,92.0,91.91892044225806,0.125,0.125,0.125,0.125,0.125,0.125,0.125,0.125
93,93.0,92.92514968840067,0.125,0.125,0.125,0.125,0.125,0.125,0.125,0.125
94,94.0,93.93150451304501,0.125,0.125,0.125,0.125,0.125,0.125,0.125,0.125
95,95.0,94.93790881009448,0.125,0.125,0.125,0.125,0.125,0.125,0.125,0.125
96,96.0,95.94429358933806,0.125,0.125,0.125,0.125,0.125,0.125,0.125,0.125
97,97.0,96.9505969547639,0.125,0.125,0.125,0.125,0.125,0.125,0.125,0.125
98,98.0,97.9567640140995,0.125,0.125,0.125,0.125,0.125,0.125,0.125,0.125
99,99.0,98.97274672736056,0.125,0.125,0.125,0.125,0.125,0.125,0.125,0.125
100,100.0,99.9884037020219,0.125,0.125,0.125,0.125,0.125,0.125,0.125,0.125
101,101.0,101.0036109421969,0.125,0.125,0.125,0.125,0.125,0.125,0.125,0.125
102,102.0,102.01826134893241,0.125,0.125,0.125,0.125,0.125,0.125,0.125,0.125
103,103.0,103.03226410150506,0.125,0.125,0.125,0.125,0.125,0.125,0.125,0.125
104,104.0,104.04554393780539,0.125,0.125,0.125,0.125,0.125,0.125,0.125,0.125
105,105.0,105.05804035109765,0.125,0.125,0.125,0.125,0.125,0.125,0.125,0.125
106,106.0,106.06970671954969,0.125,0.125,0.125,0.125,0.125,0.125,0.125,0.125
107,107.0,107.08050938396102,0.125,0.125,0.125,0.125,0.125,0.125,0.125,0.125
108,108.0,108.09042668809163,0.125,0.125,0.125,0.125,0.125,0.125,0.125,0.125
109,109.0,109.09944799492825,0.125,0.125,0.125,0.125,0.125,0.125,0.125,0.125
110,110.0,110.10757269113195,0.125,0.125,0.125,0.125,0.125,0.125,0.125,0.125
111,111.0,111.11480919080394,0.125,0.125,0.125,0.125,0.125,0.125,0.125,0.125
112,112.0,112.1211739486007,0.125,0.125,0.125,0.125,0.125,0.125,0.125,0.125
113,113.0,113.12669049113178,0.125,0.125,0.125,0.125,0.125,0.125,0.125,0.125
114,114.0,114.13138847449842,0.125,0.125,0.125,0.125,0.125,0.125,0.125,0.125
115,115.0,115.13530277478343,0.125,0.125,0.125,0.125,0.125,0.125,0.125,0.125
116,116.0,116.1384726172921,0.125,0.125,0.125,0.125,0.125,0.125,0.125,0.125
117,117.0,117.14094074937697,0.125,0.125,0.125,0.125,0.125,0.125,0.125,0.125
118,118.0,118.14275266075958,0.125,0.125,0.125,0.125,0.125,0.125,0.125,0.125
119,119.0,119.14395585439635,0.125,0.125,0.125,0.125,0.125,0.125,0.125,0.125
120,120.0,120.14459917012547,0.125,0.125,0.125,0.125,0.125,0.125,0.125,0.125
121,121.0,121.14473216258044,0.125,0.125,0.125,0.125,0.125,0.125,0.125,0.125
122,122.0,122.1444045341641,0.125,0.125,0.125,0.125,0.125,0.125,0.125,0.125
123,123.0,123.14366562324774,0.125,0.125,0.125,0.125,0.125,0.125,0.125,0.125
124,124.0,124.14256394719055,0.125,0.125,0.125,0.125,0.125,0.125,0.125,0.125
125,125.0,125.14114679926718,0.125,0.125,0.125,0.125,0.125,0.125,0.125,0.125
126,126.0,126.13945989814347,0.125,0.125,0.125,0.125,0.125,0.125,0.125,0.125
127,127.0,127.13754708815071,0.125,0.125,0.125,0.125,0.125,0.125,0.125,0.125
128,128.0,128.13545008827572,0.125,0.125,0.125,0.125,0.125,0.125,0.125,0.125
129,129.0,129.13320828750545,0.125,0.125,0.125,0.125,0.125,0.125,0.125,0.125
130,130.0,130.13085858393714,0.125,0.125,0.125,0.125,0.125,0.125,0.125,0.125
131,131.0,131.12843526488632,0.125,0.125,0.125,0.125,0.125,0.125,0.125,0.125
132,132.0,132.1259699250917,0.125,0.125,0.125,0.125,0.125,0.125,0.125,0.125
133,133.0,133.12349142002563,0.125,0.125,0.125,0.125,0.125,0.125,0.125,0.125
134,134.0,134.12102585126593,0.125,0.125,0.125,0.125,0.125,0.125,0.125,0.125
135,135.0,135.11859658086954,0.125,0.125,0.125,0.125,0.125,0.125,0.125,0.125
136,136.0,136.11622427170408,0.125,0.125,0.125,0.125,0.125,0.125,0.125,0.125
137,137.0,137.11392695073812,0.125,0.125,0.125,0.125,0.125,0.125,0.125,0.125
138,138.0,138.1117200923614,0.125,0.125,0.125,0.125,0.125,0.125,0.125,0.125
139,139.0,139.1096167188987,0.125,0.125,0.125,0.125,0.125,0.125,0.125,0.125
140,140.0,140.10762751559332,0.125,0.125,0.125,0.125,0.125,0.125,0.125,0.125
141,141.0,141.1057609574625,0.125,0.125,0.125,0.125,0.125,0.125,0.125,0.125
142,142.0,142.1040234455702,0.125,0.125,0.125,0.125,0.125,0.125,0.125,0.125
143,143.0,143.1024194504114,0.125,0.125,0.125,0.125,0.125,0.125,0.125,0.125
144,144.0,144.10095166026434,0.125,0.125,0.125,0.125,0.125,0.125,0.125,0.125
145,145.0,145.09962113252936,0.125,0.125,0.125,0.125,0.125,0.125,0.125,0.125
146,146.0,146.09842744624257,0.125,0.125,0.125,0.125,0.125,0.125,0.125,0.125
147,147.0,147.09736885412207,0.125,0.125,0.125,0.125,0.125,0.125,0.125,0.125
148,148.0,148.09644243267238,0.125,0.125,0.125,0.125,0.125,0.125,0.125,0.125
149,149.0,149.09564422904091,0.125,0.125,0.125,0.125,0.125,0.125,0.125,0.125
150,150.0,150.0949694034822,0.125,0.125,0.125,0.125,0.125,0.125,0.125,0.125
151,151.0,151.09441236644454,0.125,0.125,0.125,0.125,0.125,0.125,0.125,0.125
152,152.0,152.09396690944624,0.125,0.125,0.125,0.125,0.125,0.125,0.125,0.125
153,153.0,153.09362632905328,0.125,0.125,0.125,0.125,0.125,0.125,0.125,0.125
154,154.0,154.09338354340906,0.125,0.125,0.125,0.125,0.125,0.125,0.125,0.125
155,155.0,155.0932312008952,0.125,0.125,0.125,0.125,0.125,0.125,0.125,0.125
156,156.0,156.09316178062375,0.125,0.125,0.125,0.125,0.125,0.125,0.125,0.125
157,157.0,157.09316768457322,0.125,0.125,0.125,0.125,0.125,0.125,0.125,0.125
158,158.0,158.093241321282,0.125,0.125,0.125,0.125,0.125,0.125,0.125,0.125
159,159.0,159.0933751811071,0.125,0.125,0.125,0.125,0.125,0.125,0.125,0.125
160,160.0,160.0935619031386,0.125,0.125,0.125,0.125,0.125,0.125,0.125,0.125
161,161.0,161.0937943339356,0.125,0.125,0.125,0.125,0.125,0.125,0.125,0.125
162,162.0,162.09406557831352,0.125,0.125,0.125,0.125,0.125,0.125,0.125,0.125
163,163.0,163.09436904247053,0.125,0.125,0.125,0.125,0.125,0.125,0.125,0.125
164,164.0,164.09469846978712,0.125,0.125,0.125,0.125,0.125,0.125,0.125,0.125
165,165.0,165.09504796967417,0.125,0.125,0.125,0.125,0.125,0.125,0.125,0.125
166,166.0,166.09541203987578,0.125,0.125,0.125,0.125,0.125,0.125,0.125,0.125
167,167.0,167.0957855826585,0.125,0.125,0.125,0.125,0.125,0.125,0.125,0.125
168,168.0,168.09616391533632,0.125,0.125,0.125,0.125,0.125,0.125,0.125,0.125
169,169.0,169.096542775593,0.125,0.125,0.125,0.125,0.125,0.125,0.125,0.125
170,170.0,170.0969183220681,0.125,0.125,0.125,0.125,0.125,0.125,0.125,0.125
171,171.0,171.097287130675,0.125,0.125,0.125,0.125,0.125,0.125,0.125,0.125
172,172.0,172.09764618711446,0.125,0.125,0.125,0.125,0.125,0.125,0.125,0.125
173,173.0,173.09799287603886,0.125,0.125,0.125,0.125,0.125,0.125,0.125,0.125
174,174.0,174.0983249673104,0.125,0.125,0.125,0.125,0.125,0.125,0.125,0.125
175,175.0,175.09864059978167,0.125,0.125,0.125,0.125,0.125,0.125,0.125,0.125
176,176.0,176.098938263008,0.125,0.125,0.125,0.125,0.125,0.125,0.125,0.125
177,177.0,177.09921677728164,0.125,0.125,0.125,0.125,0.125,0.125,0.125,0.125
178,178.0,178.09947527235508,0.125,0.125,0.125,0.125,0.125,0.125,0.125,0.125
179,179.0,179.09971316519764,0.125,0.125,0.125,0.125,0.125,0.125,0.125,0.125
180,180.0,180.09993013710394,0.125,0.125,0.125,0.125,0.125,0.125,0.125,0.125
181,181.0,181.10012611044857,0.125,0.125,0.125,0.125,0.125,0.125,0.125,0.125
182,182.0,182.1003012253543,0.125,0.125,0.125,0.125,0.125,0.125,0.125,0.125
183,183.0,183.10045581651588,0.125,0.125,0.125,0.125,0.125,0.125,0.125,0.125
184,184.0,184.10059039039615,0.125,0.125,0.125,0.125,0.125,0.125,0.125,0.125
185,185.0,185.10070560298442,0.125,0.125,0.125,0.125,0.125,0.125,0.125,0.125
186,186.0,186.10080223828402,0.125,0.125,0.125,0.125,0.125,0.125,0.125,0.125
187,187.0,187.10088118767084,0.125,0.125,0.125,0.125,0.125,0.125,0.125,0.125
188,188.0,188.10094343024227,0.125,0.125,0.125,0.125,0.125,0.125,0.125,0.125
189,189.0,189.10099001425414,0.125,0.125,0.125,0.125,0.125,0.125,0.125,0.125
190,190.0,190.10102203972227,0.125,0.125,0.125,0.125,0.125,0.125,0.125,0.125
191,191.0,191.10104064224635,0.125,0.125,0.125,0.125,0.125,0.125,0.125,0.125
192,192.0,192.10104697809558,0.125,0.125,0.125,0.125,0.125,0.125,0.125,0.125
193,193.0,193.11104221057892,0.125,0.125,0.125,0.125,0.125,0.125,0.125,0.125
194,194.0,194.12092749770812,0.125,0.125,0.125,0.125,0.125,0.125,0.125,0.125
195,195.0,195.13061498114735,0.125,0.125,0.125,0.125,0.125,0.125,0.125,0.125
196,196.0,196.1400275664312,0.125,0.125,0.125,0.125,0.125,0.125,0.125,0.125
197,197.0,197.14909861752233,0.125,0.125,0.125,0.125,0.125,0.125,0.125,0.125
198,198.0,198.15777157732913,0.125,0.125,0.125,0.125,0.125,0.125,0.125,0.125
199,199.0,199.16599952538195,0.125,0.125,0.125,0.125,0.125,0.125,0.125,0.125
200,200.0,200.17374468337567,0.12472222222222223,0.12583333333333335,0.12461805555555555,0.12482638888888889,0.12472222222222223,0.12472222222222223,0.12583333333333335,0.12472222222222223
201,201.0,201.1809778787363,0.12432322451317297,0.1265343356242841,0.1241170067296678,0.12452944229667812,0.12432322451317297,0.12532322451317296,0.12652631729667813,0.12432322451317297
202,202.0,202.18767797577345,0.12473627499325253,0.12711729519527276,0.12352192516216498,0.12413244300615825,0.12382718408416163,0.12572627499325253,0.1271114184815757,0.12382718408416163
203,203.0,203.19383128334917,0.1248606319075087,0.12746671968528653,0.12272575113512371,0.12352884601322703,0.12312729857417538,0.12666506524084203,0.12738727775855016,0.1242384096852865
204,204.0,204.19943094733384,0.12485707955153978,0.12773154761160196,0.12188563488884752,0.12287442631213413,0.12238003060049084,0.12739568932077053,0.12828445000301333,0.12459114171160195
205,205.0,205.2044763354467,0.12463282777031134,0.12769811538185083,0.12090600794935877,0.12307244651234281,0.1214892272308508,0.12772674743980897,0.12969528937351463,0.12477933834196192
206,206.0,206.2089724213938,0.12416892355946758,0.12731295822888358,0.11971893235654547,0.12406213771246181,0.12038543402440266,0.12779393814762277,0.13183282083510242,0.12472485513551376
207,207.0,207.21292917453226,0.12333868878808178,0.127541635982373,0.11820182377289684,0.1266808892090951,0.11894570548089498,0.12685349060519918,0.13425165478056425,0.12418611138089497
208,208.0,208.21636096061152,0.1223242180758436,0.12748188001430252,0.1173734301406886,0.129889816978577,0.11735519163539039,0.12570468038085578,0.13641670298795183,0.12345407978639038
209,209.0,209.21928595847675,0.12116629473279183,0.12708851642851024,0.11714058671125313,0.13372311969173425,0.11565709116537484,0.12367776113957352,0.13906991476090658,0.12247671536985573
210,210.0,210.2217255969707,0.11995365752592663,0.1265254068068674,0.11687434400475241,0.1373065157910369,0.1139419580084878,0.12158648438880446,0.141621100206583,0.12219053326754156
211,211.0,211.22370401564555,0.11852524273620724,0.12564057462576403,0.11649827362376709,0.14190904832886533,0.11281921605672536,0.11927953716951425,0.14378751517762192,0.12154059228153492
212,212.0,212.22524755229648,0.11697732742100814,0.12464076696946039,0.11604777459758969,0.14601298138536653,0.11165658011559589,0.11690959019955882,0.14696179278716,0.12079318652426066
213,213.0,213.22638425975933,0.11532115696984546,0.12276087440043448,0.11551742048862688,0.15118868236465502,0.11045229165107308,0.11448926863132997,0.15022690516075315,0.12004340033328206
214,214.0,214.22714345387828,0.11436878932226265,0.12004548591681276,0.11493520500433387,0.15579857380439782,0.10923726345822853,0.1120625177984243,0.15432420470928807,0.11922795998625209
215,215.0,215.2275552940466,0.11331567937333607,0.11730076843667799,0.11431529218656586,0.16058156821890612,0.10802787554130212,0.10965740388511785,0.15843667130636863,0.11836474105172545
216,216.0,216.2276503972576,0.11213149439865536,0.11517082714665994,0.1135048192324684,0.16616500505748996,0.10601348542815099,0.10724287278409424,0.16235728392917367,0.11741421202330755
217,217.0,217.22745948617492,0.11086462697398594,0.11299606992123319,0.1125151959694645,0.17180384820019845,0.1039676310124229,0.10482459760572148,0.1666528350357159,0.11637519528125777
218,218.0,218.22701307133877,0.10953970112094472,0.1108065383418474,0.11138042702911027,0.17804263667850223,0.10191772968418734,0.10243094792517274,0.17061127704022108,0.1152707421800143
219,219.0,219.22634116727284,0.10815972548735282,0.10860977515636233,0.11018554466521432,0.18407433938941006,0.09986885514464743,0.10006756768614108,0.1743271859832975,0.11470700648757456
220,220.0,220.22547304194077,0.1068385088329876,0.10650349466314862,0.10895000313791094,0.18958671463344862,0.09791641696623483,0.09783008725277101,0.17820815323156608,0.11416662128193239
221,221.0,221.22443699872252,0.10561647566176416,0.1045327996332054,0.10778948848469623,0.19470892434604092,0.09610338412991509,0.09576137968412415,0.18251609017278128,0.11297145788747284
222,222.0,222.22326018983887,0.10472757052834579,0.10231048104177025,0.10722383664504961,0.19978793761360672,0.09494967991019822,0.0934718973406799,0.18608104992180158,0.11144754699854803
223,223.0,223.22196845994517,0.10386668593588574,0.09951883686568946,0.10661725566215417,0.20497021164718054,0.09443986132644425,0.0913081916248018,0.18933356673756402,0.10994539020028006
224,224.0,224.22058621844138,0.10219191969108628,0.09666200316749272,0.10579953531971603,0.2109397164774759,0.09422135196378352,0.08909860899319635,0.19350402938764477,0.10758283499960453
225,225.0,225.21913633890358,0.10047879923044678,0.09375848154139009,0.10487772068477187,0.2165181527369012,0.09395329325472468,0.08694758689141036,0.1983234268486901,0.10514253881166505
226,226.0,226.21764008393052,0.09880548487139931,0.0913690753480522,0.10397638606060067,0.2214620297192278,0.09372419862276611,0.08492835779410603,0.20301902010396383,0.10271544747988418
227,227.0,227.21611705361545,0.09755912205838571,0.08911028964677617,0.10310691819340587,0.22614084807488458,0.09303648514715757,0.08360791164840282,0.2070719923979845,0.10036643283300291
228,228.0,228.21458515579573,0.09630170218648999,0.0869304340134867,0.10216639680706789,0.23027174097999498,0.09233167561513826,0.08233952562304095,0.21164492136313845,0.09801360341164288
229,229.0,229.21306059620002,0.09504586567974131,0.08484278502617121,0.10117068110441589,0.23492800138704534,0.09161789875612264,0.08113045910372427,0.21558324992109748,0.09568105902168197
230,230.0,230.21155788660192,0.09385679100304087,0.0829006932026115,0.10020481966173253,0.2392215877741325,0.09094488376390654,0.08001735644042188,0.2194329886029867,0.09342087955116758
231,231.0,231.2100898690976,0.09275961160494994,0.0810406017477002,0.09922130567935321,0.24305835543085239,0.09034669773940482,0.07896900085749942,0.22290742886947523,0.09169699807076491
232,232.0,232.2086677546527,0.09171388270191252,0.07932281103618136,0.09827864039583063,0.2467813647363054,0.08978002045700095,0.07756011157131695,0.22652058601040514,0.09004258309104712
233,233.0,233.2073011741058,0.09071192753503166,0.0777360027697389,0.09736914286806705,0.2505974980442661,0.08923478204269363,0.07625637954758643,0.22963965052811536,0.08845461666450095
234,234.0,234.20599823987249,0.08977739512649811,0.07630135074699179,0.09642123852639709,0.2545911073546937,0.08873269495427845,0.07507912745708667,0.23213651580993144,0.08696057002412283
235,235.0,235.20476561666382,0.08890974245388127,0.07501522972181547,0.09553241934388276,0.2586098773963096,0.08827170878806787,0.07402511361411585,0.23403671011498162,0.08559919856694564
236,236.0,236.2036085996094,0.08809136683461184,0.07404599897953153,0.09468683770267033,0.26263005070928214,0.08783311404876996,0.07307372703858743,0.23532311537514708,0.08431578931139974
237,237.0,237.2025311982643,0.08842380133380948,0.07346118531213464,0.09387837003547664,0.26620457074152915,0.08740659692696344,0.07221304748903162,0.23521462170501728,0.0831978064560378
238,238.0,238.20153622507107,0.08857904824466577,0.0732570446773766,0.09301378627698724,0.26996770996408326,0.08699143786626479,0.07134493341698983,0.23476051706067766,0.08208552249295488
239,239.0,239.20062538694646,0.08887320422689797,0.07330692230585031,0.09220840771396374,0.27386790977745906,0.08651196948266308,0.07048634225817361,0.23374836712645447,0.08099687710853774
240,240.0,240.19979937876485,0.08916317636541107,0.07340188833695031,0.09050524379577791,0.278161946528327,0.08637769045918799,0.06967978038560496,0.23276592138896565,0.07994435273977515
241,241.0,241.19905797761376,0.08947791430352998,0.07365945983205743,0.08886078815277494,0.28205122422563955,0.08625304113090802,0.06895961212685009,0.23177253509703755,0.07896542513120253
242,242.0,242.19840013680164,0.08980139388201157,0.07396479446850059,0.08728877909298148,0.28539079385946803,0.086145666701491,0.06832756438223006,0.23101627215685602,0.07806473545646132
243,243.0,243.1978240787027,0.09008713566920586,0.07435724419080571,0.08571653902427635,0.2883660178876843,0.08601281196013448,0.06798951824507907,0.23024522076338305,0.07722551225943135
244,244.0,244.19732738562664,0.09038146206091388,0.07478717146054413,0.08424151654079175,0.29091792737604916,0.08590402057512933,0.0677344864250704,0.22989456187444285,0.07613885368705867
245,245.0,245.19690708800192,0.08890962054141621,0.07528169343297074,0.08288044424455605,0.2935542834613102,0.08685396409385829,0.0676043344324124,0.22971837301228984,0.0751972867811864
246,246.0,246.19655974925968,0.08750231670637831,0.07574372892861667,0.08155078704413209,0.2956702180615506,0.08809572798415538,0.06750353902857896,0.22962253117302478,0.07431115107356333
247,247.0,247.19628154689903,0.08609450447616988,0.07617648233688969,0.08026811818789763,0.2969920927229888,0.08928383934770455,0.06743605790189208,0.22994546337032246,0.07380344165613502
248,248.0,248.19606834930545,0.08560589485583023,0.07659044199662718,0.07902355540859227,0.29681425850587856,0.09040899614881368,0.06738777890633382,0.23082554681028064,0.07334352736764374
249,249.0,249.19591578797815,0.08491717029749665,0.07698991996488808,0.07784096170127461,0.2962472464879177,0.09182956029533673,0.06737330659451936,0.23186443165800807,0.07293740300055893
250,250.0,250.19581932490382,0.08426971154547508,0.07759789961585861,0.07676476267505682,0.2956193535074916,0.09319842618879025,0.06739934157157018,0.23254363423534466,0.07260687066041298
251,251.0,251.19577431488793,0.08366566288880373,0.07819197097457219,0.07579033167969484,0.2951530433566302,0.09414043379361128,0.06746136904097848,0.2332635555971339,0.07233363266857554
252,252.0,252.1957760627247,0.0831027882366141,0.07883166224454502,0.0751474764860401,0.2943917250005283,0.09491786711420105,0.06746038178058843,0.23403170085503128,0.07211639828245182
253,253.0,253.19581987515053,0.08253766216852278,0.0793806468210906,0.07452391563898637,0.2938266132483649,0.09557268171464961,0.06743952128681983,0.2348140267894045,0.07190493233216146
254,254.0,254.1959011075823,0.08198187552749288,0.07985428357801082,0.07392871598318118,0.2930926762119811,0.09603380728573907,0.06740669792864026,0.23598839936036994,0.07171354412458475
255,255.0,255.19601520569506,0.08143856138290284,0.08070737617400618,0.07336255520329082,0.292064787932732,0.0963945212628794,0.06736194537174692,0.23712968792060973,0.07154056475183206
256,256.0,256.1961577419396,0.08091678885427307,0.08146845716382375,0.07283213800030841,0.29074990051166716,0.09667221376790651,0.06731178728929858,0.23865162008432078,0.07139709432840173
257,257.0,257.1963244471403,0.08034264842159394,0.08206082203676028,0.07226129941801651,0.289185629715907,0.09671967936352399,0.06718029273097535,0.24104473663408726,0.07120489167913564
258,258.0,258.1965112373495,0.07979410712399014,0.08285436970659246,0.07172210349988663,0.2873278568268438,0.0966871292397839,0.06744389913434089,0.2431438304903314,0.07102670397823077
259,259.0,259.1967142361643,0.07930823690871437,0.08359761143253767,0.07109231926609821,0.28554078019903095,0.09670596701315261,0.06773136003373012,0.24521253768508933,0.07081118746164672
260,260.0,260.196929792736,0.07885545282824702,0.08425868322247389,0.0705291960758162,0.2838022857131801,0.0968506645768254,0.0680137989086673,0.24698352952564542,0.0707063891491447
261,261.0,261.19715449572317,0.07842964040590492,0.08500040700487736,0.070021645407413,0.2823093966147877,0.09666980225294897,0.06826470105198243,0.2486906457678728,0.07061376149421278
262,262.0,262.19738518345434,0.0780311887109358,0.08600484856612986,0.06956823597550056,0.2806898772456762,0.09642679131563778,0.06848314036584258,0.25026418198272465,0.07053173583755265
263,263.0,263.19761895057786,0.07760189152748766,0.08683367475949746,0.06910884954090096,0.27905910872105816,0.09601199086610303,0.0686103170795832,0.2523678456744357,0.07040632183093384
264,264.0,264.1978531514833,0.07715198204904014,0.08749133254285008,0.06865174409518429,0.27804769394493445,0.09544631283051963,0.06865653084984491,0.25457044226859216,0.06998396141903437
265,265.0,265.1980854007833,0.07658463011183225,0.0878828137829458,0.06809807736038964,0.27733753478652234,0.09469604593701378,0.06852561483619642,0.2574494369590832,0.06942584622601664
266,266.0,266.19831357114555,0.07604080632579069,0.08815225669850481,0.06758679492208206,0.27633378910976536,0.09391020261680276,0.06835973616125794,0.26074183051812233,0.0688745836476741
267,267.0,267.19853578876007,0.07557317567855827,0.08852334274953683,0.06686852855961001,0.27555987017418515,0.09314929005879832,0.06820472715189758,0.2627155628093405,0.06940550281807342
268,268.0,268.19875042672555,0.0749727883416247,0.08933571438097411,0.06603535767378597,0.2748531915948748,0.09216432311275441,0.06786229615281748,0.26510738481943696,0.06966894392373159
269,269.0,269.1989560966272,0.07427314520816077,0.08983127115567593,0.0651188667602413,0.2749511711834433,0.0910051502095366,0.067368441095113,0.2677423583050482,0.06970959608278088
270,270.0,270.19915163857246,0.07361708044270203,0.09024881029800128,0.06397939470236594,0.2753080900127338,0.08986571453600437,0.06687717647914582,0.27033986460952925,0.06976386891951751
271,271.0,271.1993361099374,0.07293978625529544,0.09127700788902066,0.06281237448161461,0.27562581211442694,0.08868381303043739,0.0663225168590701,0.27265585206244114,0.06968283730769376
272,272.0,272.1995087730665,0.07229132416594264,0.0919084275084438,0.06169068332748861,0.2764711545646903,0.08751623857678474,0.06576261107158396,0.2747694576503809,0.06959010313468508
273,273.0,273.19966908215207,0.07162828182982509,0.09297267149463441,0.06057397203211018,0.2777210012178797,0.08628902894726494,0.06514831426759687,0.2762260633669997,0.06944066684368921
274,274.0,274.1998166695075,0.07096491289519907,0.09386619834921964,0.05947906083653198,0.279219776675065,0.08502657781267833,0.06450508284898623,0.27769061293113345,0.06924777765118634
275,275.0,275.1999513314324,0.07030628787866539,0.09478680593940561,0.05841311464779071,0.28107400088176676,0.08389245888687434,0.06384079043978019,0.27867050522828735,0.06901603609742968
276,276.0,276.2000730138504,0.06968898979014344,0.0956007895129572,0.057408418834504205,0.282875501092927,0.08280867784874608,0.06318516307435837,0.2796467905659007,0.06878566928046308
277,277.0,277.2001817978881,0.06908992609520224,0.09639559379404122,0.056362301382173345,0.28460443528986396,0.08172564992036378,0.06251839304911688,0.28077346247373614,0.06853023799550251
278,278.0,278.2002778855432,0.06850847869647374,0.09704765207085446,0.05512888885661997,0.28674088768975203,0.08065282732115402,0.06185193273874057,0.28163627635032595,0.06843305627607936
279,279.0,279.2003615855773,0.06801295967773646,0.09685624794049506,0.05401983553630656,0.2890466276611161,0.07965959739735923,0.06125681401898534,0.28224227014138953,0.06890564762661182
280,280.0,280.20043329975226,0.06753685993392448,0.09671091109004325,0.05297130967971314,0.2911617045824584,0.07877435560013135,0.060676626718835426,0.28284211478070737,0.06932611761418668
281,281.0,281.20049350951217,0.06708146976168321,0.09642707990117597,0.051985446924883494,0.2934420751013005,0.07791171491279746,0.06009841233029315,0.2829437950720137,0.07011000599585256
282,282.0,282.20054276320104,0.06666855806244655,0.09619205317439326,0.05108526757019686,0.2957283852954534,0.07711314263314305,0.05954668604417508,0.2827924533520059,0.07087345386818589
283,283.0,283.20058166388895,0.06628013601914372,0.09585651627322349,0.05025162265365598,0.29802181713621895,0.07634890560267088,0.059006099725990774,0.2822773474238242,0.07195755516527201
284,284.0,284.2006108578692,0.06583651773529543,0.09561543399594723,0.04948414570138768,0.2999874263898134,0.0756332401739467,0.05840425896366569,0.28208632905053344,0.07295264798941048
285,285.0,285.20063102387275,0.06528775800536446,0.0953167641199919,0.04879049797122405,0.3018812407975476,0.07497499413211958,0.057923595191379046,0.28193186068998943,0.07389328909238392
286,286.0,286.2006428630372,0.06475923315084547,0.09501291159217841,0.04815650538875248,0.3034459628981464,0.07434097675693319,0.057459282183218476,0.2821066963786053,0.07471843165132021
287,287.0,287.2006470896549,0.06428370282463226,0.09468516304479535,0.04760669516853665,0.3049032100496303,0.07378084407334581,0.057049713832654864,0.28218585415622777,0.0755048168501769
288,288.0,288.2006444227142,0.06384820396517882,0.09431275126138583,0.04704060536250077,0.30593046093379495,0.073279991734026,0.05666813916829279,0.2823134395434545,0.0766064080313662
289,289.0,289.20063557824045,0.06363419260541062,0.09315090558358798,0.04672255353703778,0.3080165329432491,0.07300242713147947,0.056496211507116416,0.28211585843930387,0.07686131825281459
290,290.0,290.20062126243164,0.06332720421135157,0.09281132730064985,0.04633619817576165,0.30980379584935247,0.07263317352240363,0.05621977413169079,0.2819951284385858,0.07687339837020402
291,291.0,291.2006021655794,0.06304331543082765,0.09243588802343153,0.046002008256797726,0.31127136033531877,0.07253825920598737,0.055956097842439156,0.2819345421299555,0.07681852877524206
292,292.0,292.20057895675666,0.06278144733544579,0.09202878404436532,0.045716774395560704,0.3126601125429503,0.07246927328361492,0.05570456825915598,0.28228158759666266,0.07635745254224419
293,293.0,293.2005522792486,0.06254510523320579,0.09160407620510169,0.045475711498925826,0.3139830332814301,0.07242441058605198,0.05547374028282009,0.2826739120838563,0.07582001082860805
294,294.0,294.2005227466989,0.06232003783385203,0.09113187710263983,0.045457297662903975,0.3152499610038349,0.07238064954547616,0.05525043601532037,0.28285974930984115,0.07534999152613141
295,295.0,295.2004909399371,0.06211621119168215,0.09063937054398974,0.04578176914091192,0.3161398337924342,0.07247050146490676,0.055044178201933885,0.28299062411967457,0.07481751154446656
296,296.0,296.2004574044521,0.061931648680707524,0.09013351028631585,0.04611853747454707,0.31675584056378037,0.07257054810290245,0.05485475632131247,0.2833444208911051,0.07429073767932894
297,297.0,297.2004226484711,0.06175563032023053,0.08959458298919667,0.046457540274590106,0.31723811854356665,0.07266033637401989,0.05467105712282215,0.2838370036936939,0.07378573068187985
298,298.0,298.2003871416035,0.06184484000875323,0.08906140281871089,0.04680673346533981,0.31748151382291423,0.07252046468821652,0.0545175177866327,0.284521365105682,0.07324616230375042
299,299.0,299.2003513140067,0.06193035901303236,0.08875546926563777,0.0471451271909314,0.31739205197082454,0.07237296179672768,0.05436177791098565,0.28537873456144147,0.07266351829041898
300,300.0,300.20031555602947,0.06201751447301555,0.0883263995242634,0.04747056167642968,0.31740849324690057,0.07222712885892717,0.05421077631966693,0.28601524116630855,0.07232388473448796
301,301.0,301.20028021828966,0.06202494778776786,0.0878966134464702,0.0477921700075601,0.31766519057457654,0.07209026639486152,0.05406860357304793,0.286474099877407,0.07198810833830863
302,302.0,302.200245612141,0.06203877065513287,0.0874692248451572,0.04809681236479453,0.3182158531687824,0.07195249796173057,0.0539376357932709,0.28666130780440596,0.07162789740672532
303,303.0,303.2002120104857,0.06205645614067132,0.08704674902258022,0.04838067249658853,0.31910541745906196,0.07181574571746396,0.05381751529787368,0.28654032779574373,0.07123711607001643
304,304.0,304.20017964889115,0.06185675174759035,0.08664909773021524,0.048648875048271464,0.31983941204715066,0.07168736190119501,0.05372022732278705,0.2866238908963485,0.07097438330644155
305,305.0,305.2001487269671,0.06166202786307028,0.08624646579112555,0.04889980986141951,0.3202948153506716,0.07156227110923585,0.05362720194817554,0.2869958283755936,0.07071157970070789
306,306.0,306.2001194099658,0.06148530857112948,0.08586522014064066,0.04913885559188297,0.32065461327988876,0.07136911543316109,0.05346970358484764,0.2875535806578498,0.07046360274059954
307,307.0,307.20009183056493,0.06131351213073753,0.08550650396227712,0.04951257577854818,0.32094600374315485,0.07118356308451627,0.0533215025720648,0.287991373328533,0.07022496540016823
308,308.0,308.20006609079854,0.061145697440970974,0.08524335001192157,0.049863068712561014,0.3207703746344956,0.07099942819850143,0.05332904995540451,0.28865419825303495,0.06999483279310992
309,309.0,309.20004226410083,0.060986870212017846,0.08514361577073062,0.05018671689865175,0.3203036943348414,0.07081351816825047,0.05335468234463055,0.28946709005798643,0.0697438122128909
310,310.0,310.20002039743184,0.06083248624066611,0.08504243389042145,0.05048316396634761,0.3196100614842489,0.070627479234869,0.0533811679523525,0.29053083056635215,0.06949237666474227
311,311.0,311.20000051345545,0.0606751320496828,0.08491968325554224,0.050743598923119616,0.3187629577626725,0.07043403946809584,0.05339391809785469,0.29183692671452127,0.06923374372851107
312,312.0,312.19998261274213,0.060517135197614993,0.08478619985609909,0.050969426556319024,0.31773807402771237,0.07023756118078224,0.05362142252292743,0.2931500560009086,0.06898012465763627
313,313.0,313.1999666759727,0.06036546623742428,0.08465080742817928,0.05116254137060434,0.3164289995332902,0.07004647761385438,0.0538345320955151,0.2947710956263171,0.06874008009481536
314,314.0,314.1999526661205,0.060223333843746965,0.08451650143119088,0.051326182201529985,0.3149092168818931,0.06986227912900128,0.05396243939882419,0.2964758891877507,0.0687241579260629
315,315.0,315.1999405305923,0.060090708300963545,0.08438264380970299,0.05146074614381492,0.31360120755672605,0.06968513790354348,0.054084833057027985,0.2979823883935499,0.06871233483467115
316,316.0,316.199930203311,0.059980380878193094,0.08428656690167968,0.05158590125008497,0.3121828307103549,0.06953591261584088,0.05445060870968555,0.2994769441179302,0.06850085481623076
317,317.0,317.19992160672473,0.0598664367347911,0.08416792273149809,0.05166915445314912,0.3110367258572462,0.06937352878744718,0.054794440328554295,0.300832518219936,0.06825927288737815
318,318.0,318.1999146537299,0.05975145927490271,0.08402509424507182,0.05172042941964381,0.31029752704836355,0.06920692635772174,0.05510091259845428,0.3018880347371291,0.0680096163187131
319,319.0,319.1999092494972,0.05964036916465073,0.08400139125977724,0.0517460775140021,0.3091666908960857,0.06904130112170323,0.055387901132024936,0.3032583374338976,0.06775793147785865
320,320.0,320.1999052931928,0.05952555314180037,0.0841906109150971,0.05173426372170775,0.30817738085748914,0.06886351926344639,0.05564605203139597,0.304382345629076,0.06748027443998746
321,321.0,321.1999026795869,0.059403999426925924,0.08434316766838137,0.051684013174011056,0.30745237528073655,0.06867277334321487,0.05585654778802309,0.3054019635024557,0.06718515981625166
322,322.0,322.1999013005458,0.05927618024566017,0.08467056908342654,0.0515979593188814,0.30683089060172425,0.06847013664870279,0.05601970723390974,0.30625975144288037,0.06687480542481491
323,323.0,323.1999010464033,0.059145463375703214,0.08495946549040939,0.051481721099156455,0.30648016237249964,0.06825800697476134,0.056152494117717,0.30697791305141997,0.06654477351833318
324,324.0,324.199901807211,0.05901223061099732,0.08520752092041778,0.051337989576799484,0.3062920426950915,0.06803743690992264,0.05625531516102624,0.3075837341488742,0.06627372997687099
325,325.0,325.19990347386585,0.05888353885871605,0.08542913969425149,0.05117211167432775,0.30628502072993885,0.06782084644109658,0.05633525144849184,0.30786601531172764,0.06620807584144996
326,326.0,326.19990593911655,0.05876404784063026,0.08563621615019468,0.050995621479197305,0.3060508892067104,0.06761787895282033,0.05639750931588681,0.30838576803082635,0.06615206902373401
327,327.0,327.19990909845103,0.05865513758884087,0.08583717312654388,0.05081212786340172,0.30566965508036315,0.06743162937988252,0.056444231737029484,0.3090357009927418,0.06611434423119672
328,328.0,328.1999128508675,0.058556626293500405,0.08603040016575927,0.050623637216785734,0.3050187834378874,0.06726207559074295,0.0564761868457166,0.30981857084838715,0.06621371960122069
329,329.0,329.1999170995337,0.0584623836100887,0.08639952466246045,0.05042171612844348,0.30454238788769605,0.06709730105030783,0.056488352982107526,0.31029512226891154,0.06629321140998466
330,330.0,330.1999217523379,0.05837234854018581,0.08672975458867094,0.050208584156936006,0.3041247176083428,0.06693752699364451,0.05648190955352156,0.3107935391601357,0.0663516193985629
331,331.0,331.1999267223384,0.058285555835359576,0.08701176861941831,0.04998549584742305,0.3037276800325533,0.06670218109553923,0.05645635612656209,0.31144371221398087,0.06638725022916378
