Total_iterations,Unnamed: 0.1,Intertwine_two,Invert_path_vertices,Insert_inside_vertex,Delete_inside_vertex,Replace_inside_vertex,Donate_between_routes,Trim_one_terminal_cb,Grow_one_terminal_cb
0,0.0,0.125,0.125,0.125,0.125,0.125,0.125,0.125,0.125
1,1.0,0.125,0.125,0.125,0.125,0.125,0.125,0.125,0.125
2,2.0,0.125,0.125,0.125,0.125,0.125,0.125,0.125,0.125
3,3.0,0.125,0.125,0.125,0.125,0.125,0.125,0.125,0.125
4,4.0,0.125,0.125,0.125,0.125,0.125,0.125,0.125,0.125
5,5.0,0.125,0.125,0.125,0.125,0.125,0.125,0.125,0.125
6,6.0,0.125,0.125,0.125,0.125,0.125,0.125,0.125,0.125
7,7.0,0.125,0.125,0.125,0.125,0.125,0.125,0.125,0.125
8,8.0,0.125,0.125,0.125,0.125,0.125,0.125,0.125,0.125
9,9.0,0.125,0.125,0.125,0.125,0.125,0.125,0.125,0.125
10,10.0,0.125,0.125,0.125,0.125,0.125,0.125,0.125,0.125
11,11.0,0.125,0.125,0.125,0.125,0.125,0.125,0.125,0.125
12,12.0,0.125,0.125,0.125,0.125,0.125,0.125,0.125,0.125
13,13.0,0.125,0.125,0.125,0.125,0.125,0.125,0.125,0.125
14,14.0,0.125,0.125,0.125,0.125,0.125,0.125,0.125,0.125
15,15.0,0.125,0.125,0.125,0.125,0.125,0.125,0.125,0.125
16,16.0,0.125,0.125,0.125,0.125,0.125,0.125,0.125,0.125
17,17.0,0.125,0.125,0.125,0.125,0.125,0.125,0.125,0.125
18,18.0,0.125,0.125,0.125,0.125,0.125,0.125,0.125,0.125
19,19.0,0.125,0.125,0.125,0.125,0.125,0.125,0.125,0.125
20,20.0,0.125,0.125,0.125,0.125,0.125,0.125,0.125,0.125
21,21.0,0.125,0.125,0.125,0.125,0.125,0.125,0.125,0.125
22,22.0,0.125,0.125,0.125,0.125,0.125,0.125,0.125,0.125
23,23.0,0.125,0.125,0.125,0.125,0.125,0.125,0.125,0.125
24,24.0,0.125,0.125,0.125,0.125,0.125,0.125,0.125,0.125
25,25.0,0.125,0.125,0.125,0.125,0.125,0.125,0.125,0.125
26,26.0,0.125,0.125,0.125,0.125,0.125,0.125,0.125,0.125
27,27.0,0.125,0.125,0.125,0.125,0.125,0.125,0.125,0.125
28,28.0,0.125,0.125,0.125,0.125,0.125,0.125,0.125,0.125
29,29.0,0.125,0.125,0.125,0.125,0.125,0.125,0.125,0.125
30,30.0,0.125,0.125,0.125,0.125,0.125,0.125,0.125,0.125
31,31.0,0.125,0.125,0.125,0.125,0.125,0.125,0.125,0.125
32,32.0,0.125,0.125,0.125,0.125,0.125,0.125,0.125,0.125
33,33.0,0.125,0.125,0.125,0.125,0.125,0.125,0.125,0.125
34,34.0,0.125,0.125,0.125,0.125,0.125,0.125,0.125,0.125
35,35.0,0.125,0.125,0.125,0.125,0.125,0.125,0.125,0.125
36,36.0,0.125,0.125,0.125,0.125,0.125,0.125,0.125,0.125
37,37.0,0.125,0.125,0.125,0.125,0.125,0.125,0.125,0.125
38,38.0,0.125,0.125,0.125,0.125,0.125,0.125,0.125,0.125
39,39.0,0.125,0.125,0.125,0.125,0.125,0.125,0.125,0.125
40,40.0,0.125,0.125,0.125,0.125,0.125,0.125,0.125,0.125
41,41.0,0.125,0.125,0.125,0.125,0.125,0.125,0.125,0.125
42,42.0,0.125,0.125,0.125,0.125,0.125,0.125,0.125,0.125
43,43.0,0.125,0.125,0.125,0.125,0.125,0.125,0.125,0.125
44,44.0,0.125,0.125,0.125,0.125,0.125,0.125,0.125,0.125
45,45.0,0.125,0.125,0.125,0.125,0.125,0.125,0.125,0.125
46,46.0,0.125,0.125,0.125,0.125,0.125,0.125,0.125,0.125
47,47.0,0.125,0.125,0.125,0.125,0.125,0.125,0.125,0.125
48,48.0,0.125,0.125,0.125,0.125,0.125,0.125,0.125,0.125
49,49.0,0.125,0.125,0.125,0.125,0.125,0.125,0.125,0.125
50,50.0,0.125,0.125,0.125,0.125,0.125,0.125,0.125,0.125
51,51.0,0.125,0.125,0.125,0.125,0.125,0.125,0.125,0.125
52,52.0,0.125,0.125,0.125,0.125,0.125,0.125,0.125,0.125
53,53.0,0.125,0.125,0.125,0.125,0.125,0.125,0.125,0.125
54,54.0,0.125,0.125,0.125,0.125,0.125,0.125,0.125,0.125
55,55.0,0.125,0.125,0.125,0.125,0.125,0.125,0.125,0.125
56,56.0,0.125,0.125,0.125,0.125,0.125,0.125,0.125,0.125
57,57.0,0.125,0.125,0.125,0.125,0.125,0.125,0.125,0.125
58,58.0,0.125,0.125,0.125,0.125,0.125,0.125,0.125,0.125
59,59.0,0.125,0.125,0.125,0.125,0.125,0.125,0.125,0.125
60,60.0,0.125,0.125,0.125,0.125,0.125,0.125,0.125,0.125
61,61.0,0.125,0.125,0.125,0.125,0.125,0.125,0.125,0.125
62,62.0,0.125,0.125,0.125,0.125,0.125,0.125,0.125,0.125
63,63.0,0.125,0.125,0.125,0.125,0.125,0.125,0.125,0.125
64,64.0,0.125,0.125,0.125,0.125,0.125,0.125,0.125,0.125
65,65.0,0.125,0.125,0.125,0.125,0.125,0.125,0.125,0.125
66,66.0,0.125,0.125,0.125,0.125,0.125,0.125,0.125,0.125
67,67.0,0.125,0.125,0.125,0.125,0.125,0.125,0.125,0.125
68,68.0,0.125,0.125,0.125,0.125,0.125,0.125,0.125,0.125
69,69.0,0.125,0.125,0.125,0.125,0.125,0.125,0.125,0.125
70,70.0,0.125,0.125,0.125,0.125,0.125,0.125,0.125,0.125
71,71.0,0.125,0.125,0.125,0.125,0.125,0.125,0.125,0.125
72,72.0,0.125,0.125,0.125,0.125,0.125,0.125,0.125,0.125
73,73.0,0.125,0.125,0.125,0.125,0.125,0.125,0.125,0.125
74,74.0,0.125,0.125,0.125,0.125,0.125,0.125,0.125,0.125
75,75.0,0.125,0.125,0.125,0.125,0.125,0.125,0.125,0.125
76,76.0,0.125,0.125,0.125,0.125,0.125,0.125,0.125,0.125
77,77.0,0.125,0.125,0.125,0.125,0.125,0.125,0.125,0.125
78,78.0,0.125,0.125,0.125,0.125,0.125,0.125,0.125,0.125
79,79.0,0.125,0.125,0.125,0.125,0.125,0.125,0.125,0.125
80,80.0,0.125,0.125,0.125,0.125,0.125,0.125,0.125,0.125
81,81.0,0.125,0.125,0.125,0.125,0.125,0.125,0.125,0.125
82,82.0,0.125,0.125,0.125,0.125,0.125,0.125,0.125,0.125
83,83.0,0.125,0.125,0.125,0.125,0.125,0.125,0.125,0.125
84,84.0,0.125,0.125,0.125,0.125,0.125,0.125,0.125,0.125
85,85.0,0.125,0.125,0.125,0.125,0.125,0.125,0.125,0.125
86,86.0,0.125,0.125,0.125,0.125,0.125,0.125,0.125,0.125
87,87.0,0.125,0.125,0.125,0.125,0.125,0.125,0.125,0.125
88,88.0,0.125,0.125,0.125,0.125,0.125,0.125,0.125,0.125
89,89.0,0.125,0.125,0.125,0.125,0.125,0.125,0.125,0.125
90,90.0,0.125,0.125,0.125,0.125,0.125,0.125,0.125,0.125
91,91.0,0.125,0.125,0.125,0.125,0.125,0.125,0.125,0.125
92,92.0,0.125,0.125,0.125,0.125,0.125,0.125,0.125,0.125
93,93.0,0.125,0.125,0.125,0.125,0.125,0.125,0.125,0.125
94,94.0,0.125,0.125,0.125,0.125,0.125,0.125,0.125,0.125
95,95.0,0.125,0.125,0.125,0.125,0.125,0.125,0.125,0.125
96,96.0,0.125,0.125,0.125,0.125,0.125,0.125,0.125,0.125
97,97.0,0.125,0.125,0.125,0.125,0.125,0.125,0.125,0.125
98,98.0,0.125,0.125,0.125,0.125,0.125,0.125,0.125,0.125
99,99.0,0.125,0.125,0.125,0.125,0.125,0.125,0.125,0.125
100,100.0,0.125,0.125,0.125,0.125,0.125,0.125,0.125,0.125
101,101.0,0.125,0.125,0.125,0.125,0.125,0.125,0.125,0.125
102,102.0,0.125,0.125,0.125,0.125,0.125,0.125,0.125,0.125
103,103.0,0.125,0.125,0.125,0.125,0.125,0.125,0.125,0.125
104,104.0,0.125,0.125,0.125,0.125,0.125,0.125,0.125,0.125
105,105.0,0.125,0.125,0.125,0.125,0.125,0.125,0.125,0.125
106,106.0,0.125,0.125,0.125,0.125,0.125,0.125,0.125,0.125
107,107.0,0.125,0.125,0.125,0.125,0.125,0.125,0.125,0.125
108,108.0,0.125,0.125,0.125,0.125,0.125,0.125,0.125,0.125
109,109.0,0.125,0.125,0.125,0.125,0.125,0.125,0.125,0.125
110,110.0,0.125,0.125,0.125,0.125,0.125,0.125,0.125,0.125
111,111.0,0.125,0.125,0.125,0.125,0.125,0.125,0.125,0.125
112,112.0,0.125,0.125,0.125,0.125,0.125,0.125,0.125,0.125
113,113.0,0.125,0.125,0.125,0.125,0.125,0.125,0.125,0.125
114,114.0,0.125,0.125,0.125,0.125,0.125,0.125,0.125,0.125
115,115.0,0.125,0.125,0.125,0.125,0.125,0.125,0.125,0.125
116,116.0,0.125,0.125,0.125,0.125,0.125,0.125,0.125,0.125
117,117.0,0.125,0.125,0.125,0.125,0.125,0.125,0.125,0.125
118,118.0,0.125,0.125,0.125,0.125,0.125,0.125,0.125,0.125
119,119.0,0.125,0.125,0.125,0.125,0.125,0.125,0.125,0.125
120,120.0,0.125,0.125,0.125,0.125,0.125,0.125,0.125,0.125
121,121.0,0.125,0.125,0.125,0.125,0.125,0.125,0.125,0.125
122,122.0,0.125,0.125,0.125,0.125,0.125,0.125,0.125,0.125
123,123.0,0.125,0.125,0.125,0.125,0.125,0.125,0.125,0.125
124,124.0,0.125,0.125,0.125,0.125,0.125,0.125,0.125,0.125
125,125.0,0.125,0.125,0.125,0.125,0.125,0.125,0.125,0.125
126,126.0,0.125,0.125,0.125,0.125,0.125,0.125,0.125,0.125
127,127.0,0.125,0.125,0.125,0.125,0.125,0.125,0.125,0.125
128,128.0,0.125,0.125,0.125,0.125,0.125,0.125,0.125,0.125
129,129.0,0.125,0.125,0.125,0.125,0.125,0.125,0.125,0.125
130,130.0,0.125,0.125,0.125,0.125,0.125,0.125,0.125,0.125
131,131.0,0.125,0.125,0.125,0.125,0.125,0.125,0.125,0.125
132,132.0,0.125,0.125,0.125,0.125,0.125,0.125,0.125,0.125
133,133.0,0.125,0.125,0.125,0.125,0.125,0.125,0.125,0.125
134,134.0,0.125,0.125,0.125,0.125,0.125,0.125,0.125,0.125
135,135.0,0.125,0.125,0.125,0.125,0.125,0.125,0.125,0.125
136,136.0,0.125,0.125,0.125,0.125,0.125,0.125,0.125,0.125
137,137.0,0.125,0.125,0.125,0.125,0.125,0.125,0.125,0.125
138,138.0,0.125,0.125,0.125,0.125,0.125,0.125,0.125,0.125
139,139.0,0.125,0.125,0.125,0.125,0.125,0.125,0.125,0.125
140,140.0,0.125,0.125,0.125,0.125,0.125,0.125,0.125,0.125
141,141.0,0.125,0.125,0.125,0.125,0.125,0.125,0.125,0.125
142,142.0,0.125,0.125,0.125,0.125,0.125,0.125,0.125,0.125
143,143.0,0.125,0.125,0.125,0.125,0.125,0.125,0.125,0.125
144,144.0,0.125,0.125,0.125,0.125,0.125,0.125,0.125,0.125
145,145.0,0.125,0.125,0.125,0.125,0.125,0.125,0.125,0.125
146,146.0,0.125,0.125,0.125,0.125,0.125,0.125,0.125,0.125
147,147.0,0.125,0.125,0.125,0.125,0.125,0.125,0.125,0.125
148,148.0,0.125,0.125,0.125,0.125,0.125,0.125,0.125,0.125
149,149.0,0.125,0.125,0.125,0.125,0.125,0.125,0.125,0.125
150,150.0,0.125,0.125,0.125,0.125,0.125,0.125,0.125,0.125
151,151.0,0.125,0.125,0.125,0.125,0.125,0.125,0.125,0.125
152,152.0,0.125,0.125,0.125,0.125,0.125,0.125,0.125,0.125
153,153.0,0.125,0.125,0.125,0.125,0.125,0.125,0.125,0.125
154,154.0,0.125,0.125,0.125,0.125,0.125,0.125,0.125,0.125
155,155.0,0.125,0.125,0.125,0.125,0.125,0.125,0.125,0.125
156,156.0,0.125,0.125,0.125,0.125,0.125,0.125,0.125,0.125
157,157.0,0.125,0.125,0.125,0.125,0.125,0.125,0.125,0.125
158,158.0,0.125,0.125,0.125,0.125,0.125,0.125,0.125,0.125
159,159.0,0.125,0.125,0.125,0.125,0.125,0.125,0.125,0.125
160,160.0,0.125,0.125,0.125,0.125,0.125,0.125,0.125,0.125
161,161.0,0.125,0.125,0.125,0.125,0.125,0.125,0.125,0.125
162,162.0,0.125,0.125,0.125,0.125,0.125,0.125,0.125,0.125
163,163.0,0.125,0.125,0.125,0.125,0.125,0.125,0.125,0.125
164,164.0,0.125,0.125,0.125,0.125,0.125,0.125,0.125,0.125
165,165.0,0.125,0.125,0.125,0.125,0.125,0.125,0.125,0.125
166,166.0,0.125,0.125,0.125,0.125,0.125,0.125,0.125,0.125
167,167.0,0.125,0.125,0.125,0.125,0.125,0.125,0.125,0.125
168,168.0,0.125,0.125,0.125,0.125,0.125,0.125,0.125,0.125
169,169.0,0.125,0.125,0.125,0.125,0.125,0.125,0.125,0.125
170,170.0,0.125,0.125,0.125,0.125,0.125,0.125,0.125,0.125
171,171.0,0.125,0.125,0.125,0.125,0.125,0.125,0.125,0.125
172,172.0,0.125,0.125,0.125,0.125,0.125,0.125,0.125,0.125
173,173.0,0.125,0.125,0.125,0.125,0.125,0.125,0.125,0.125
174,174.0,0.125,0.125,0.125,0.125,0.125,0.125,0.125,0.125
175,175.0,0.125,0.125,0.125,0.125,0.125,0.125,0.125,0.125
176,176.0,0.125,0.125,0.125,0.125,0.125,0.125,0.125,0.125
177,177.0,0.125,0.125,0.125,0.125,0.125,0.125,0.125,0.125
178,178.0,0.125,0.125,0.125,0.125,0.125,0.125,0.125,0.125
179,179.0,0.125,0.125,0.125,0.125,0.125,0.125,0.125,0.125
180,180.0,0.125,0.125,0.125,0.125,0.125,0.125,0.125,0.125
181,181.0,0.125,0.125,0.125,0.125,0.125,0.125,0.125,0.125
182,182.0,0.125,0.125,0.125,0.125,0.125,0.125,0.125,0.125
183,183.0,0.125,0.125,0.125,0.125,0.125,0.125,0.125,0.125
184,184.0,0.125,0.125,0.125,0.125,0.125,0.125,0.125,0.125
185,185.0,0.125,0.125,0.125,0.125,0.125,0.125,0.125,0.125
186,186.0,0.125,0.125,0.125,0.125,0.125,0.125,0.125,0.125
187,187.0,0.125,0.125,0.125,0.125,0.125,0.125,0.125,0.125
188,188.0,0.125,0.125,0.125,0.125,0.125,0.125,0.125,0.125
189,189.0,0.125,0.125,0.125,0.125,0.125,0.125,0.125,0.125
190,190.0,0.125,0.125,0.125,0.125,0.125,0.125,0.125,0.125
191,191.0,0.125,0.125,0.125,0.125,0.125,0.125,0.125,0.125
192,192.0,0.125,0.125,0.125,0.125,0.125,0.125,0.125,0.125
193,193.0,0.125,0.125,0.125,0.125,0.125,0.125,0.125,0.125
194,194.0,0.125,0.125,0.125,0.125,0.125,0.125,0.125,0.125
195,195.0,0.125,0.125,0.125,0.125,0.125,0.125,0.125,0.125
196,196.0,0.125,0.125,0.125,0.125,0.125,0.125,0.125,0.125
197,197.0,0.125,0.125,0.125,0.125,0.125,0.125,0.125,0.125
198,198.0,0.125,0.125,0.125,0.125,0.125,0.125,0.125,0.125
199,199.0,0.125,0.125,0.125,0.125,0.125,0.125,0.125,0.125
200,200.0,0.1247222222222222,0.1258333333333333,0.1246180555555555,0.1248263888888888,0.1247222222222222,0.1247222222222222,0.1258333333333333,0.1247222222222222
201,201.0,0.1243232245131729,0.1265343356242841,0.1241170067296678,0.1245294422966781,0.1243232245131729,0.1253232245131729,0.1265263172966781,0.1243232245131729
202,202.0,0.1247362749932525,0.1271172951952727,0.1235219251621649,0.1241324430061582,0.1238271840841616,0.1257262749932525,0.1271114184815757,0.1238271840841616
203,203.0,0.1248606319075087,0.1274667196852865,0.1227257511351237,0.123528846013227,0.1231272985741753,0.126665065240842,0.1273872777585501,0.1242384096852865
204,204.0,0.1248570795515397,0.1277315476116019,0.1218856348888475,0.1228744263121341,0.1223800306004908,0.1273956893207705,0.1282844500030133,0.1245911417116019
205,205.0,0.1246328277703113,0.1276981153818508,0.1209060079493587,0.1230724465123428,0.1214892272308508,0.1277267474398089,0.1296952893735146,0.1247793383419619
206,206.0,0.1241689235594675,0.1273129582288835,0.1197189323565454,0.1240621377124618,0.1203854340244026,0.1277939381476227,0.1318328208351024,0.1247248551355137
207,207.0,0.1233386887880817,0.127541635982373,0.1182018237728968,0.1266808892090951,0.1189457054808949,0.1268534906051991,0.1342516547805642,0.1241861113808949
208,208.0,0.1223242180758436,0.1274818800143025,0.1173734301406886,0.129889816978577,0.1173551916353903,0.1257046803808557,0.1364167029879518,0.1234540797863903
209,209.0,0.1211662947327918,0.1270885164285102,0.1171405867112531,0.1337231196917342,0.1156570911653748,0.1236777611395735,0.1390699147609065,0.1224767153698557
210,210.0,0.1199536575259266,0.1265254068068674,0.1168743440047524,0.1373065157910369,0.1139419580084878,0.1215864843888044,0.141621100206583,0.1221905332675415
211,211.0,0.1185252427362072,0.125640574625764,0.116498273623767,0.1419090483288653,0.1128192160567253,0.1192795371695142,0.1437875151776219,0.1215405922815349
212,212.0,0.1169773274210081,0.1246407669694603,0.1160477745975896,0.1460129813853665,0.1116565801155958,0.1169095901995588,0.14696179278716,0.1207931865242606
213,213.0,0.1153211569698454,0.1227608744004344,0.1155174204886268,0.151188682364655,0.110452291651073,0.1144892686313299,0.1502269051607531,0.120043400333282
214,214.0,0.1143687893222626,0.1200454859168127,0.1149352050043338,0.1557985738043978,0.1092372634582285,0.1120625177984243,0.154324204709288,0.119227959986252
215,215.0,0.113315679373336,0.1173007684366779,0.1143152921865658,0.1605815682189061,0.1080278755413021,0.1096574038851178,0.1584366713063686,0.1183647410517254
216,216.0,0.1121314943986553,0.1151708271466599,0.1135048192324684,0.1661650050574899,0.1060134854281509,0.1072428727840942,0.1623572839291736,0.1174142120233075
217,217.0,0.1108646269739859,0.1129960699212331,0.1125151959694645,0.1718038482001984,0.1039676310124229,0.1048245976057214,0.1666528350357159,0.1163751952812577
218,218.0,0.1095397011209447,0.1108065383418474,0.1113804270291102,0.1780426366785022,0.1019177296841873,0.1024309479251727,0.170611277040221,0.1152707421800143
219,219.0,0.1081597254873528,0.1086097751563623,0.1101855446652143,0.18407433938941,0.0998688551446474,0.100067567686141,0.1743271859832975,0.1147070064875745
220,220.0,0.1068385088329876,0.1065034946631486,0.1089500031379109,0.1895867146334486,0.0979164169662348,0.097830087252771,0.178208153231566,0.1141666212819323
221,221.0,0.1056164756617641,0.1045327996332054,0.1077894884846962,0.1947089243460409,0.096103384129915,0.0957613796841241,0.1825160901727812,0.1129714578874728
222,222.0,0.1047275705283457,0.1023104810417702,0.1072238366450496,0.1997879376136067,0.0949496799101982,0.0934718973406799,0.1860810499218015,0.111447546998548
223,223.0,0.1038666859358857,0.0995188368656894,0.1066172556621541,0.2049702116471805,0.0944398613264442,0.0913081916248018,0.189333566737564,0.10994539020028
224,224.0,0.1021919196910862,0.0966620031674927,0.105799535319716,0.2109397164774759,0.0942213519637835,0.0890986089931963,0.1935040293876447,0.1075828349996045
225,225.0,0.1004787992304467,0.09375848154139,0.1048777206847718,0.2165181527369012,0.0939532932547246,0.0869475868914103,0.1983234268486901,0.105142538811665
226,226.0,0.0988054848713993,0.0913690753480522,0.1039763860606006,0.2214620297192278,0.0937241986227661,0.084928357794106,0.2030190201039638,0.1027154474798841
227,227.0,0.0975591220583857,0.0891102896467761,0.1031069181934058,0.2261408480748845,0.0930364851471575,0.0836079116484028,0.2070719923979845,0.1003664328330029
228,228.0,0.0963017021864899,0.0869304340134867,0.1021663968070678,0.2302717409799949,0.0923316756151382,0.0823395256230409,0.2116449213631384,0.0980136034116428
229,229.0,0.0950458656797413,0.0848427850261712,0.1011706811044158,0.2349280013870453,0.0916178987561226,0.0811304591037242,0.2155832499210974,0.0956810590216819
230,230.0,0.0938567910030408,0.0829006932026115,0.1002048196617325,0.2392215877741325,0.0909448837639065,0.0800173564404218,0.2194329886029867,0.0934208795511675
231,231.0,0.0927596116049499,0.0810406017477002,0.0992213056793532,0.2430583554308523,0.0903466977394048,0.0789690008574994,0.2229074288694752,0.0916969980707649
232,232.0,0.0917138827019125,0.0793228110361813,0.0982786403958306,0.2467813647363054,0.0897800204570009,0.0775601115713169,0.2265205860104051,0.0900425830910471
233,233.0,0.0907119275350316,0.0777360027697389,0.097369142868067,0.2505974980442661,0.0892347820426936,0.0762563795475864,0.2296396505281153,0.0884546166645009
234,234.0,0.0897773951264981,0.0763013507469917,0.096421238526397,0.2545911073546937,0.0887326949542784,0.0750791274570866,0.2321365158099314,0.0869605700241228
235,235.0,0.0889097424538812,0.0750152297218154,0.0955324193438827,0.2586098773963096,0.0882717087880678,0.0740251136141158,0.2340367101149816,0.0855991985669456
236,236.0,0.0880913668346118,0.0740459989795315,0.0946868377026703,0.2626300507092821,0.0878331140487699,0.0730737270385874,0.235323115375147,0.0843157893113997
237,237.0,0.0884238013338094,0.0734611853121346,0.0938783700354766,0.2662045707415291,0.0874065969269634,0.0722130474890316,0.2352146217050172,0.0831978064560378
238,238.0,0.0885790482446657,0.0732570446773766,0.0930137862769872,0.2699677099640832,0.0869914378662647,0.0713449334169898,0.2347605170606776,0.0820855224929548
239,239.0,0.0888732042268979,0.0733069223058503,0.0922084077139637,0.273867909777459,0.086511969482663,0.0704863422581736,0.2337483671264544,0.0809968771085377
240,240.0,0.089163176365411,0.0734018883369503,0.0905052437957779,0.278161946528327,0.0863776904591879,0.0696797803856049,0.2327659213889656,0.0799443527397751
241,241.0,0.0894779143035299,0.0736594598320574,0.0888607881527749,0.2820512242256395,0.086253041130908,0.06895961212685,0.2317725350970375,0.0789654251312025
242,242.0,0.0898013938820115,0.0739647944685005,0.0872887790929814,0.285390793859468,0.086145666701491,0.06832756438223,0.231016272156856,0.0780647354564613
243,243.0,0.0900871356692058,0.0743572441908057,0.0857165390242763,0.2883660178876843,0.0860128119601344,0.067989518245079,0.230245220763383,0.0772255122594313
244,244.0,0.0903814620609138,0.0747871714605441,0.0842415165407917,0.2909179273760491,0.0859040205751293,0.0677344864250704,0.2298945618744428,0.0761388536870586
245,245.0,0.0889096205414162,0.0752816934329707,0.082880444244556,0.2935542834613102,0.0868539640938582,0.0676043344324124,0.2297183730122898,0.0751972867811864
246,246.0,0.0875023167063783,0.0757437289286166,0.081550787044132,0.2956702180615506,0.0880957279841553,0.0675035390285789,0.2296225311730247,0.0743111510735633
247,247.0,0.0860945044761698,0.0761764823368896,0.0802681181878976,0.2969920927229888,0.0892838393477045,0.067436057901892,0.2299454633703224,0.073803441656135
248,248.0,0.0856058948558302,0.0765904419966271,0.0790235554085922,0.2968142585058785,0.0904089961488136,0.0673877789063338,0.2308255468102806,0.0733435273676437
249,249.0,0.0849171702974966,0.076989919964888,0.0778409617012746,0.2962472464879177,0.0918295602953367,0.0673733065945193,0.231864431658008,0.0729374030005589
250,250.0,0.084269711545475,0.0775978996158586,0.0767647626750568,0.2956193535074916,0.0931984261887902,0.0673993415715701,0.2325436342353446,0.0726068706604129
251,251.0,0.0836656628888037,0.0781919709745721,0.0757903316796948,0.2951530433566302,0.0941404337936112,0.0674613690409784,0.2332635555971339,0.0723336326685755
252,252.0,0.0831027882366141,0.078831662244545,0.0751474764860401,0.2943917250005283,0.094917867114201,0.0674603817805884,0.2340317008550312,0.0721163982824518
253,253.0,0.0825376621685227,0.0793806468210906,0.0745239156389863,0.2938266132483649,0.0955726817146496,0.0674395212868198,0.2348140267894045,0.0719049323321614
254,254.0,0.0819818755274928,0.0798542835780108,0.0739287159831811,0.2930926762119811,0.096033807285739,0.0674066979286402,0.2359883993603699,0.0717135441245847
255,255.0,0.0814385613829028,0.0807073761740061,0.0733625552032908,0.292064787932732,0.0963945212628794,0.0673619453717469,0.2371296879206097,0.071540564751832
256,256.0,0.080916788854273,0.0814684571638237,0.0728321380003084,0.2907499005116671,0.0966722137679065,0.0673117872892985,0.2386516200843207,0.0713970943284017
257,257.0,0.0803426484215939,0.0820608220367602,0.0722612994180165,0.289185629715907,0.0967196793635239,0.0671802927309753,0.2410447366340872,0.0712048916791356
258,258.0,0.0797941071239901,0.0828543697065924,0.0717221034998866,0.2873278568268438,0.0966871292397839,0.0674438991343408,0.2431438304903314,0.0710267039782307
259,259.0,0.0793082369087143,0.0835976114325376,0.0710923192660982,0.2855407801990309,0.0967059670131526,0.0677313600337301,0.2452125376850893,0.0708111874616467
260,260.0,0.078855452828247,0.0842586832224738,0.0705291960758162,0.2838022857131801,0.0968506645768254,0.0680137989086673,0.2469835295256454,0.0707063891491447
261,261.0,0.0784296404059049,0.0850004070048773,0.070021645407413,0.2823093966147877,0.0966698022529489,0.0682647010519824,0.2486906457678728,0.0706137614942127
262,262.0,0.0780311887109358,0.0860048485661298,0.0695682359755005,0.2806898772456762,0.0964267913156377,0.0684831403658425,0.2502641819827246,0.0705317358375526
263,263.0,0.0776018915274876,0.0868336747594974,0.0691088495409009,0.2790591087210581,0.096011990866103,0.0686103170795832,0.2523678456744357,0.0704063218309338
264,264.0,0.0771519820490401,0.08749133254285,0.0686517440951842,0.2780476939449344,0.0954463128305196,0.0686565308498449,0.2545704422685921,0.0699839614190343
265,265.0,0.0765846301118322,0.0878828137829458,0.0680980773603896,0.2773375347865223,0.0946960459370137,0.0685256148361964,0.2574494369590832,0.0694258462260166
266,266.0,0.0760408063257906,0.0881522566985048,0.067586794922082,0.2763337891097653,0.0939102026168027,0.0683597361612579,0.2607418305181223,0.0688745836476741
267,267.0,0.0755731756785582,0.0885233427495368,0.06686852855961,0.2755598701741851,0.0931492900587983,0.0682047271518975,0.2627155628093405,0.0694055028180734
268,268.0,0.0749727883416247,0.0893357143809741,0.0660353576737859,0.2748531915948748,0.0921643231127544,0.0678622961528174,0.2651073848194369,0.0696689439237315
269,269.0,0.0742731452081607,0.0898312711556759,0.0651188667602413,0.2749511711834433,0.0910051502095366,0.067368441095113,0.2677423583050482,0.0697095960827808
270,270.0,0.073617080442702,0.0902488102980012,0.0639793947023659,0.2753080900127338,0.0898657145360043,0.0668771764791458,0.2703398646095292,0.0697638689195175
271,271.0,0.0729397862552954,0.0912770078890206,0.0628123744816146,0.2756258121144269,0.0886838130304373,0.0663225168590701,0.2726558520624411,0.0696828373076937
272,272.0,0.0722913241659426,0.0919084275084438,0.0616906833274886,0.2764711545646903,0.0875162385767847,0.0657626110715839,0.2747694576503809,0.069590103134685
273,273.0,0.071628281829825,0.0929726714946344,0.0605739720321101,0.2777210012178797,0.0862890289472649,0.0651483142675968,0.2762260633669997,0.0694406668436892
274,274.0,0.070964912895199,0.0938661983492196,0.0594790608365319,0.279219776675065,0.0850265778126783,0.0645050828489862,0.2776906129311334,0.0692477776511863
275,275.0,0.0703062878786653,0.0947868059394056,0.0584131146477907,0.2810740008817667,0.0838924588868743,0.0638407904397801,0.2786705052282873,0.0690160360974296
276,276.0,0.0696889897901434,0.0956007895129572,0.0574084188345042,0.282875501092927,0.082808677848746,0.0631851630743583,0.2796467905659007,0.068785669280463
277,277.0,0.0690899260952022,0.0963955937940412,0.0563623013821733,0.2846044352898639,0.0817256499203637,0.0625183930491168,0.2807734624737361,0.0685302379955025
278,278.0,0.0685084786964737,0.0970476520708544,0.0551288888566199,0.286740887689752,0.080652827321154,0.0618519327387405,0.2816362763503259,0.0684330562760793
279,279.0,0.0680129596777364,0.096856247940495,0.0540198355363065,0.2890466276611161,0.0796595973973592,0.0612568140189853,0.2822422701413895,0.0689056476266118
280,280.0,0.0675368599339244,0.0967109110900432,0.0529713096797131,0.2911617045824584,0.0787743556001313,0.0606766267188354,0.2828421147807073,0.0693261176141866
281,281.0,0.0670814697616832,0.0964270799011759,0.0519854469248834,0.2934420751013005,0.0779117149127974,0.0600984123302931,0.2829437950720137,0.0701100059958525
282,282.0,0.0666685580624465,0.0961920531743932,0.0510852675701968,0.2957283852954534,0.077113142633143,0.059546686044175,0.2827924533520059,0.0708734538681858
283,283.0,0.0662801360191437,0.0958565162732234,0.0502516226536559,0.2980218171362189,0.0763489056026708,0.0590060997259907,0.2822773474238242,0.071957555165272
284,284.0,0.0658365177352954,0.0956154339959472,0.0494841457013876,0.2999874263898134,0.0756332401739467,0.0584042589636656,0.2820863290505334,0.0729526479894104
285,285.0,0.0652877580053644,0.0953167641199919,0.048790497971224,0.3018812407975476,0.0749749941321195,0.057923595191379,0.2819318606899894,0.0738932890923839
286,286.0,0.0647592331508454,0.0950129115921784,0.0481565053887524,0.3034459628981464,0.0743409767569331,0.0574592821832184,0.2821066963786053,0.0747184316513202
287,287.0,0.0642837028246322,0.0946851630447953,0.0476066951685366,0.3049032100496303,0.0737808440733458,0.0570497138326548,0.2821858541562277,0.0755048168501769
288,288.0,0.0638482039651788,0.0943127512613858,0.0470406053625007,0.3059304609337949,0.073279991734026,0.0566681391682927,0.2823134395434545,0.0766064080313662
289,289.0,0.0636341926054106,0.0931509055835879,0.0467225535370377,0.3080165329432491,0.0730024271314794,0.0564962115071164,0.2821158584393038,0.0768613182528145
290,290.0,0.0633272042113515,0.0928113273006498,0.0463361981757616,0.3098037958493524,0.0726331735224036,0.0562197741316907,0.2819951284385858,0.076873398370204
291,291.0,0.0630433154308276,0.0924358880234315,0.0460020082567977,0.3112713603353187,0.0725382592059873,0.0559560978424391,0.2819345421299555,0.076818528775242
292,292.0,0.0627814473354457,0.0920287840443653,0.0457167743955607,0.3126601125429503,0.0724692732836149,0.0557045682591559,0.2822815875966626,0.0763574525422441
293,293.0,0.0625451052332057,0.0916040762051016,0.0454757114989258,0.3139830332814301,0.0724244105860519,0.05547374028282,0.2826739120838563,0.075820010828608
294,294.0,0.062320037833852,0.0911318771026398,0.0454572976629039,0.3152499610038349,0.0723806495454761,0.0552504360153203,0.2828597493098411,0.0753499915261314
295,295.0,0.0621162111916821,0.0906393705439897,0.0457817691409119,0.3161398337924342,0.0724705014649067,0.0550441782019338,0.2829906241196745,0.0748175115444665
296,296.0,0.0619316486807075,0.0901335102863158,0.046118537474547,0.3167558405637803,0.0725705481029024,0.0548547563213124,0.2833444208911051,0.0742907376793289
297,297.0,0.0617556303202305,0.0895945829891966,0.0464575402745901,0.3172381185435666,0.0726603363740198,0.0546710571228221,0.2838370036936939,0.0737857306818798
298,298.0,0.0618448400087532,0.0890614028187108,0.0468067334653398,0.3174815138229142,0.0725204646882165,0.0545175177866327,0.284521365105682,0.0732461623037504
299,299.0,0.0619303590130323,0.0887554692656377,0.0471451271909314,0.3173920519708245,0.0723729617967276,0.0543617779109856,0.2853787345614414,0.0726635182904189
300,300.0,0.0620175144730155,0.0883263995242634,0.0474705616764296,0.3174084932469005,0.0722271288589271,0.0542107763196669,0.2860152411663085,0.0723238847344879
301,301.0,0.0620249477877678,0.0878966134464702,0.0477921700075601,0.3176651905745765,0.0720902663948615,0.0540686035730479,0.286474099877407,0.0719881083383086
302,302.0,0.0620387706551328,0.0874692248451572,0.0480968123647945,0.3182158531687824,0.0719524979617305,0.0539376357932709,0.2866613078044059,0.0716278974067253
303,303.0,0.0620564561406713,0.0870467490225802,0.0483806724965885,0.3191054174590619,0.0718157457174639,0.0538175152978736,0.2865403277957437,0.0712371160700164
304,304.0,0.0618567517475903,0.0866490977302152,0.0486488750482714,0.3198394120471506,0.071687361901195,0.053720227322787,0.2866238908963485,0.0709743833064415
305,305.0,0.0616620278630702,0.0862464657911255,0.0488998098614195,0.3202948153506716,0.0715622711092358,0.0536272019481755,0.2869958283755936,0.0707115797007078
306,306.0,0.0614853085711294,0.0858652201406406,0.0491388555918829,0.3206546132798887,0.071369115433161,0.0534697035848476,0.2875535806578498,0.0704636027405995
307,307.0,0.0613135121307375,0.0855065039622771,0.0495125757785481,0.3209460037431548,0.0711835630845162,0.0533215025720648,0.287991373328533,0.0702249654001682
308,308.0,0.0611456974409709,0.0852433500119215,0.049863068712561,0.3207703746344956,0.0709994281985014,0.0533290499554045,0.2886541982530349,0.0699948327931099
309,309.0,0.0609868702120178,0.0851436157707306,0.0501867168986517,0.3203036943348414,0.0708135181682504,0.0533546823446305,0.2894670900579864,0.0697438122128909
310,310.0,0.0608324862406661,0.0850424338904214,0.0504831639663476,0.3196100614842489,0.070627479234869,0.0533811679523525,0.2905308305663521,0.0694923766647422
311,311.0,0.0606751320496828,0.0849196832555422,0.0507435989231196,0.3187629577626725,0.0704340394680958,0.0533939180978546,0.2918369267145212,0.069233743728511
312,312.0,0.0605171351976149,0.084786199856099,0.050969426556319,0.3177380740277123,0.0702375611807822,0.0536214225229274,0.2931500560009086,0.0689801246576362
313,313.0,0.0603654662374242,0.0846508074281792,0.0511625413706043,0.3164289995332902,0.0700464776138543,0.0538345320955151,0.2947710956263171,0.0687400800948153
314,314.0,0.0602233338437469,0.0845165014311908,0.0513261822015299,0.3149092168818931,0.0698622791290012,0.0539624393988241,0.2964758891877507,0.0687241579260629
315,315.0,0.0600907083009635,0.0843826438097029,0.0514607461438149,0.313601207556726,0.0696851379035434,0.0540848330570279,0.2979823883935499,0.0687123348346711
316,316.0,0.059980380878193,0.0842865669016796,0.0515859012500849,0.3121828307103549,0.0695359126158408,0.0544506087096855,0.2994769441179302,0.0685008548162307
317,317.0,0.0598664367347911,0.084167922731498,0.0516691544531491,0.3110367258572462,0.0693735287874471,0.0547944403285542,0.300832518219936,0.0682592728873781
318,318.0,0.0597514592749027,0.0840250942450718,0.0517204294196438,0.3102975270483635,0.0692069263577217,0.0551009125984542,0.3018880347371291,0.0680096163187131
319,319.0,0.0596403691646507,0.0840013912597772,0.0517460775140021,0.3091666908960857,0.0690413011217032,0.0553879011320249,0.3032583374338976,0.0677579314778586
320,320.0,0.0595255531418003,0.0841906109150971,0.0517342637217077,0.3081773808574891,0.0688635192634463,0.0556460520313959,0.304382345629076,0.0674802744399874
321,321.0,0.0594039994269259,0.0843431676683813,0.051684013174011,0.3074523752807365,0.0686727733432148,0.055856547788023,0.3054019635024557,0.0671851598162516
322,322.0,0.0592761802456601,0.0846705690834265,0.0515979593188814,0.3068308906017242,0.0684701366487027,0.0560197072339097,0.3062597514428803,0.0668748054248149
323,323.0,0.0591454633757032,0.0849594654904093,0.0514817210991564,0.3064801623724996,0.0682580069747613,0.056152494117717,0.3069779130514199,0.0665447735183331
324,324.0,0.0590122306109973,0.0852075209204177,0.0513379895767994,0.3062920426950915,0.0680374369099226,0.0562553151610262,0.3075837341488742,0.0662737299768709
325,325.0,0.058883538858716,0.0854291396942514,0.0511721116743277,0.3062850207299388,0.0678208464410965,0.0563352514484918,0.3078660153117276,0.0662080758414499
326,326.0,0.0587640478406302,0.0856362161501946,0.0509956214791973,0.3060508892067104,0.0676178789528203,0.0563975093158868,0.3083857680308263,0.066152069023734
327,327.0,0.0586551375888408,0.0858371731265438,0.0508121278634017,0.3056696550803631,0.0674316293798825,0.0564442317370294,0.3090357009927418,0.0661143442311967
328,328.0,0.0585566262935004,0.0860304001657592,0.0506236372167857,0.3050187834378874,0.0672620755907429,0.0564761868457166,0.3098185708483871,0.0662137196012206
329,329.0,0.0584623836100887,0.0863995246624604,0.0504217161284434,0.304542387887696,0.0670973010503078,0.0564883529821075,0.3102951222689115,0.0662932114099846
330,330.0,0.0583723485401858,0.0867297545886709,0.050208584156936,0.3041247176083428,0.0669375269936445,0.0564819095535215,0.3107935391601357,0.0663516193985629
331,331.0,0.0582855558353595,0.0870117686194183,0.049985495847423,0.3037276800325533,0.0667021810955392,0.056456356126562,0.3114437122139808,0.0663872502291637
332,332.0,0.0583168697108782,0.0872449950730224,0.0497545153964064,0.3032634489755866,0.0664686134731126,0.0564130679851247,0.3121388159337261,0.0663996734521429
333,333.0,0.0583488037040601,0.0874294633097892,0.0495176056004641,0.3028476774696473,0.0662377465161109,0.0563534770433964,0.3128764372418247,0.0663887891147071
334,334.0,0.0583092292485629,0.087573962440626,0.0492783791679956,0.3023089136237869,0.0660168690975825,0.0562837489585948,0.313865882702435,0.0663630147604162
335,335.0,0.0583794468450756,0.0876781597699884,0.0490431834875856,0.3016718233189747,0.0658018922926453,0.0562005898369658,0.3148999786320743,0.0663249258166902
336,336.0,0.0585533703610397,0.0868401032303972,0.048917415049588,0.300014990144696,0.0658060249037241,0.0573240913798154,0.3161758638384372,0.0663681410923021
337,337.0,0.0587251085768609,0.0859797418701976,0.0487975544001609,0.2983577458296556,0.0658185547643394,0.0584280869007952,0.3174881878451797,0.0664050198128106
338,338.0,0.059783376211432,0.0847424945623748,0.0485775709813115,0.2966551661099422,0.0659925194324626,0.0592844749910888,0.3186388260863748,0.0663255716250131
339,339.0,0.0608663775847512,0.0838524468043078,0.048405063687203,0.294106536972841,0.0661999371003581,0.0602755148900123,0.3200255158962804,0.066268607064246
340,340.0,0.0619132399396114,0.0829311165014123,0.0482262932630243,0.2918162594162408,0.0664738520046697,0.0611921017202958,0.3212633672068148,0.0661837699479307
341,341.0,0.0636516578133081,0.0819117854453959,0.0479542064918087,0.2893568511702738,0.0666418173751078,0.0620978995854135,0.3223871929703163,0.0659985891483756
342,342.0,0.0653339598894729,0.0808939357146935,0.0476833889148137,0.2868117723804173,0.0667877361276108,0.0629437788812291,0.3235875197015013,0.0659579083902612
343,343.0,0.0669551915019773,0.0799790802617408,0.0474233326270536,0.2843407930015695,0.0669235026209395,0.06373132915964,0.3247320889790887,0.0659146818479905
344,344.0,0.0685776801803003,0.0790981270000792,0.047175038226426,0.2818454718215342,0.0670477736757964,0.0644578531661819,0.3259292520405538,0.065868803889128
345,345.0,0.0701243385226576,0.0782795692513837,0.0469482466464986,0.2791833537464011,0.0671644765581065,0.0651529417227499,0.3273208190258425,0.0658262545263599
346,346.0,0.0715800351164661,0.0774902952557446,0.0467295833268649,0.2767406714851464,0.0672699740755292,0.0657579056506969,0.3288221661942964,0.0656093688952552
347,347.0,0.0729365022587403,0.0767380737892144,0.0465181074888032,0.2745484697050029,0.067354556689871,0.0662958165050887,0.3302321329414397,0.0653763406218394
348,348.0,0.0741828041763704,0.0759957333295138,0.0463078084336567,0.2726970550373672,0.0674908185190007,0.0667368014192981,0.331466116888933,0.0651228621958597
349,349.0,0.0753305975656424,0.0753121574099214,0.0461089403169745,0.2711956145301629,0.067612093680983,0.0671160582581575,0.3324470413515422,0.0648774968866159
350,350.0,0.0763659673847081,0.0746565832467032,0.0459166001787195,0.2699976872052735,0.0677042279446224,0.0674296573615084,0.3333171988623058,0.064612077816159
351,351.0,0.0773749297556056,0.0740370208195291,0.0457325266201374,0.268891117705067,0.0677732552969104,0.067684013887998,0.3341714373658728,0.0643356985488795
352,352.0,0.0782650923208264,0.0734250231219451,0.045549856367073,0.2682191962043599,0.0678080231953568,0.0678502842582454,0.3348445566843798,0.0640379678478134
353,353.0,0.0790380096133238,0.0728221922727764,0.0453690008329998,0.2678737837776045,0.0678094985019778,0.0679331772405795,0.3354330163253797,0.0637213214353584
354,354.0,0.0780857417900676,0.0726617389277821,0.0453971318992312,0.267618091261143,0.0680916922763847,0.0672362505247075,0.3373116002514614,0.0635977530692224
355,355.0,0.0770534665228986,0.0725513057008218,0.0454375180668738,0.2676751857716342,0.0683596032347598,0.0665047841170742,0.3389287937996019,0.0634893427863355
356,356.0,0.0759544319030125,0.0726796180448563,0.0454833021601334,0.2678389199312295,0.068606570847208,0.0657250791982694,0.3403214417121723,0.0633906362031184
357,357.0,0.074810411303691,0.0728470006526326,0.0455374437905478,0.2681917094188245,0.0688359974695317,0.06493118778969,0.3415404404894122,0.06330580908567
358,358.0,0.0736418413116526,0.0731794409241397,0.0456076510616248,0.2685150151660181,0.0691477913706177,0.0641368990363406,0.3425135509495146,0.0632578101800917
359,359.0,0.0724433276081366,0.0734824328043346,0.0456707704965667,0.2687253979273875,0.0694853703427091,0.0633151996835863,0.3435336487244834,0.0633438524127956
360,360.0,0.0712340264415529,0.0737590654202578,0.0457279000286248,0.2689683113078212,0.0697852910992702,0.0624793900259846,0.3445302429770559,0.0635157726994326
361,361.0,0.0700293626299963,0.0740118932180231,0.0457791231088369,0.2692400507061677,0.0700498370904975,0.0616384862275525,0.3455736012658824,0.0636776457530435
362,362.0,0.0688436367715479,0.0742656271786069,0.0458269382311594,0.2695377754466813,0.0704281655289492,0.0608193684098617,0.346516628377864,0.0637618600553294
363,363.0,0.0676846184177831,0.0745191476349072,0.045874160330803,0.2698850221952594,0.0707760216869379,0.060111484544357,0.3473058230144705,0.0638437221754819
364,364.0,0.0665606643442464,0.0747688847865643,0.0459199658743318,0.2701270349482998,0.0710920942042476,0.059433265442258,0.3481760796268921,0.06392201077316
365,365.0,0.0654911752057363,0.0752879739347599,0.0459699710625719,0.2698926224034196,0.0713828327847023,0.0588339742763207,0.3491433710708732,0.0639980792616159
366,366.0,0.0644733728198807,0.0757974209880942,0.0460975463328074,0.2697640784926362,0.0715656985049358,0.0582723041088097,0.349966977540238,0.0640626012125979
367,367.0,0.0635046472446697,0.0775738869821685,0.0462191365406661,0.269619922405234,0.0717125944591294,0.0577269187105557,0.3495259523365651,0.0641169413210114
368,368.0,0.0625946185855265,0.0794932754482888,0.0462529414001162,0.2694990556079583,0.0718332487127764,0.0572046072754682,0.3489550800720769,0.0641671728977886
369,369.0,0.0617410501843323,0.0813250231886871,0.0462774563798915,0.2692691122449243,0.0719227046930755,0.0567013499775614,0.3483569265251294,0.0644063768063983
370,370.0,0.0609607632563921,0.083080785282983,0.0463009571195736,0.269103210273623,0.0720020029912587,0.05622673360194,0.3476630575649262,0.0646624899093031
371,371.0,0.0602415176023688,0.0847575073973567,0.0463206593078304,0.2688821425822033,0.0720541077063509,0.0557933132964502,0.3469486068357119,0.0650021452717277
372,372.0,0.0595832079298086,0.086314003198245,0.0463338468583063,0.2685963202789352,0.0720799468461374,0.055383130076832,0.346388861028331,0.0653206837834044
373,373.0,0.0589850545650147,0.087743196654438,0.0463380683489297,0.2682925560818789,0.0720805436567363,0.0549945182112559,0.3459506483132051,0.0656154141685414
374,374.0,0.0584526802407534,0.089054885943498,0.0463390311914881,0.2678710469997446,0.0720731288001626,0.0546330655384694,0.3456734500202374,0.0659027112656463
375,375.0,0.0579834616801607,0.0902596144682663,0.0463337336987992,0.2675331899214522,0.0720441693882262,0.0543129193815959,0.3453778764101042,0.0661550350513953
