,Unnamed: 0,Total_iterations,Intertwine_two,Invert_path_vertices,Insert_inside_vertex,Delete_inside_vertex,Replace_inside_vertex,Donate_between_routes,Trim_one_terminal_cb,Grow_one_terminal_cb
0,0.0,0.0,0.125,0.125,0.125,0.125,0.125,0.125,0.125,0.125
1,1.0,1.0,0.125,0.125,0.125,0.125,0.125,0.125,0.125,0.125
2,2.0,2.0,0.125,0.125,0.125,0.125,0.125,0.125,0.125,0.125
3,3.0,3.0,0.125,0.125,0.125,0.125,0.125,0.125,0.125,0.125
4,4.0,4.0,0.125,0.125,0.125,0.125,0.125,0.125,0.125,0.125
5,5.0,5.0,0.125,0.125,0.125,0.125,0.125,0.125,0.125,0.125
6,6.0,6.0,0.125,0.125,0.125,0.125,0.125,0.125,0.125,0.125
7,7.0,7.0,0.125,0.125,0.125,0.125,0.125,0.125,0.125,0.125
8,8.0,8.0,0.125,0.125,0.125,0.125,0.125,0.125,0.125,0.125
9,9.0,9.0,0.125,0.125,0.125,0.125,0.125,0.125,0.125,0.125
10,10.0,10.0,0.125,0.125,0.125,0.125,0.125,0.125,0.125,0.125
11,11.0,11.0,0.125,0.125,0.125,0.125,0.125,0.125,0.125,0.125
12,12.0,12.0,0.125,0.125,0.125,0.125,0.125,0.125,0.125,0.125
13,13.0,13.0,0.125,0.125,0.125,0.125,0.125,0.125,0.125,0.125
14,14.0,14.0,0.125,0.125,0.125,0.125,0.125,0.125,0.125,0.125
15,15.0,15.0,0.125,0.125,0.125,0.125,0.125,0.125,0.125,0.125
16,16.0,16.0,0.125,0.125,0.125,0.125,0.125,0.125,0.125,0.125
17,17.0,17.0,0.125,0.125,0.125,0.125,0.125,0.125,0.125,0.125
18,18.0,18.0,0.125,0.125,0.125,0.125,0.125,0.125,0.125,0.125
19,19.0,19.0,0.125,0.125,0.125,0.125,0.125,0.125,0.125,0.125
20,20.0,20.0,0.125,0.125,0.125,0.125,0.125,0.125,0.125,0.125
21,21.0,21.0,0.125,0.125,0.125,0.125,0.125,0.125,0.125,0.125
22,22.0,22.0,0.125,0.125,0.125,0.125,0.125,0.125,0.125,0.125
23,23.0,23.0,0.125,0.125,0.125,0.125,0.125,0.125,0.125,0.125
24,24.0,24.0,0.125,0.125,0.125,0.125,0.125,0.125,0.125,0.125
25,25.0,25.0,0.125,0.125,0.125,0.125,0.125,0.125,0.125,0.125
26,26.0,26.0,0.125,0.125,0.125,0.125,0.125,0.125,0.125,0.125
27,27.0,27.0,0.125,0.125,0.125,0.125,0.125,0.125,0.125,0.125
28,28.0,28.0,0.125,0.125,0.125,0.125,0.125,0.125,0.125,0.125
29,29.0,29.0,0.125,0.125,0.125,0.125,0.125,0.125,0.125,0.125
30,30.0,30.0,0.125,0.125,0.125,0.125,0.125,0.125,0.125,0.125
31,31.0,31.0,0.125,0.125,0.125,0.125,0.125,0.125,0.125,0.125
32,32.0,32.0,0.125,0.125,0.125,0.125,0.125,0.125,0.125,0.125
33,33.0,33.0,0.125,0.125,0.125,0.125,0.125,0.125,0.125,0.125
34,34.0,34.0,0.125,0.125,0.125,0.125,0.125,0.125,0.125,0.125
35,35.0,35.0,0.125,0.125,0.125,0.125,0.125,0.125,0.125,0.125
36,36.0,36.0,0.125,0.125,0.125,0.125,0.125,0.125,0.125,0.125
37,37.0,37.0,0.125,0.125,0.125,0.125,0.125,0.125,0.125,0.125
38,38.0,38.0,0.125,0.125,0.125,0.125,0.125,0.125,0.125,0.125
39,39.0,39.0,0.125,0.125,0.125,0.125,0.125,0.125,0.125,0.125
40,40.0,40.0,0.125,0.125,0.125,0.125,0.125,0.125,0.125,0.125
41,41.0,41.0,0.125,0.125,0.125,0.125,0.125,0.125,0.125,0.125
42,42.0,42.0,0.125,0.125,0.125,0.125,0.125,0.125,0.125,0.125
43,43.0,43.0,0.125,0.125,0.125,0.125,0.125,0.125,0.125,0.125
44,44.0,44.0,0.125,0.125,0.125,0.125,0.125,0.125,0.125,0.125
45,45.0,45.0,0.125,0.125,0.125,0.125,0.125,0.125,0.125,0.125
46,46.0,46.0,0.125,0.125,0.125,0.125,0.125,0.125,0.125,0.125
47,47.0,47.0,0.125,0.125,0.125,0.125,0.125,0.125,0.125,0.125
48,48.0,48.0,0.125,0.125,0.125,0.125,0.125,0.125,0.125,0.125
49,49.0,49.0,0.125,0.125,0.125,0.125,0.125,0.125,0.125,0.125
50,50.0,50.0,0.125,0.125,0.125,0.125,0.125,0.125,0.125,0.125
51,51.0,51.0,0.125,0.125,0.125,0.125,0.125,0.125,0.125,0.125
52,52.0,52.0,0.125,0.125,0.125,0.125,0.125,0.125,0.125,0.125
53,53.0,53.0,0.125,0.125,0.125,0.125,0.125,0.125,0.125,0.125
54,54.0,54.0,0.125,0.125,0.125,0.125,0.125,0.125,0.125,0.125
55,55.0,55.0,0.125,0.125,0.125,0.125,0.125,0.125,0.125,0.125
56,56.0,56.0,0.125,0.125,0.125,0.125,0.125,0.125,0.125,0.125
57,57.0,57.0,0.125,0.125,0.125,0.125,0.125,0.125,0.125,0.125
58,58.0,58.0,0.125,0.125,0.125,0.125,0.125,0.125,0.125,0.125
59,59.0,59.0,0.125,0.125,0.125,0.125,0.125,0.125,0.125,0.125
60,60.0,60.0,0.125,0.125,0.125,0.125,0.125,0.125,0.125,0.125
61,61.0,61.0,0.125,0.125,0.125,0.125,0.125,0.125,0.125,0.125
62,62.0,62.0,0.125,0.125,0.125,0.125,0.125,0.125,0.125,0.125
63,63.0,63.0,0.125,0.125,0.125,0.125,0.125,0.125,0.125,0.125
64,64.0,64.0,0.125,0.125,0.125,0.125,0.125,0.125,0.125,0.125
65,65.0,65.0,0.125,0.125,0.125,0.125,0.125,0.125,0.125,0.125
66,66.0,66.0,0.125,0.125,0.125,0.125,0.125,0.125,0.125,0.125
67,67.0,67.0,0.125,0.125,0.125,0.125,0.125,0.125,0.125,0.125
68,68.0,68.0,0.125,0.125,0.125,0.125,0.125,0.125,0.125,0.125
69,69.0,69.0,0.125,0.125,0.125,0.125,0.125,0.125,0.125,0.125
70,70.0,70.0,0.125,0.125,0.125,0.125,0.125,0.125,0.125,0.125
71,71.0,71.0,0.125,0.125,0.125,0.125,0.125,0.125,0.125,0.125
72,72.0,72.0,0.125,0.125,0.125,0.125,0.125,0.125,0.125,0.125
73,73.0,73.0,0.125,0.125,0.125,0.125,0.125,0.125,0.125,0.125
74,74.0,74.0,0.125,0.125,0.125,0.125,0.125,0.125,0.125,0.125
75,75.0,75.0,0.125,0.125,0.125,0.125,0.125,0.125,0.125,0.125
76,76.0,76.0,0.125,0.125,0.125,0.125,0.125,0.125,0.125,0.125
77,77.0,77.0,0.125,0.125,0.125,0.125,0.125,0.125,0.125,0.125
78,78.0,78.0,0.125,0.125,0.125,0.125,0.125,0.125,0.125,0.125
79,79.0,79.0,0.125,0.125,0.125,0.125,0.125,0.125,0.125,0.125
80,80.0,80.1,0.125,0.125,0.125,0.125,0.125,0.125,0.125,0.125
81,81.0,81.1,0.125,0.125,0.125,0.125,0.125,0.125,0.125,0.125
82,82.0,82.1,0.125,0.125,0.125,0.125,0.125,0.125,0.125,0.125
83,83.0,83.1,0.125,0.125,0.125,0.125,0.125,0.125,0.125,0.125
84,84.0,84.1,0.125,0.125,0.125,0.125,0.125,0.125,0.125,0.125
85,85.0,85.1,0.125,0.125,0.125,0.125,0.125,0.125,0.125,0.125
86,86.0,86.1,0.125,0.125,0.125,0.125,0.125,0.125,0.125,0.125
87,87.0,87.1,0.125,0.125,0.125,0.125,0.125,0.125,0.125,0.125
88,88.0,88.1,0.125,0.125,0.125,0.125,0.125,0.125,0.125,0.125
89,89.0,89.1,0.125,0.125,0.125,0.125,0.125,0.125,0.125,0.125
90,90.0,90.1,0.125,0.125,0.125,0.125,0.125,0.125,0.125,0.125
91,91.0,91.1,0.125,0.125,0.125,0.125,0.125,0.125,0.125,0.125
92,92.0,92.1,0.125,0.125,0.125,0.125,0.125,0.125,0.125,0.125
93,93.0,93.1,0.125,0.125,0.125,0.125,0.125,0.125,0.125,0.125
94,94.0,94.1,0.125,0.125,0.125,0.125,0.125,0.125,0.125,0.125
95,95.0,95.1,0.125,0.125,0.125,0.125,0.125,0.125,0.125,0.125
96,96.0,96.1,0.125,0.125,0.125,0.125,0.125,0.125,0.125,0.125
97,97.0,97.1,0.125,0.125,0.125,0.125,0.125,0.125,0.125,0.125
98,98.0,98.2,0.125,0.125,0.125,0.125,0.125,0.125,0.125,0.125
99,99.0,99.2,0.125,0.125,0.125,0.125,0.125,0.125,0.125,0.125
100,100.0,100.2,0.125,0.125,0.125,0.125,0.125,0.125,0.125,0.125
101,101.0,101.2,0.125,0.125,0.125,0.125,0.125,0.125,0.125,0.125
102,102.0,102.2,0.125,0.125,0.125,0.125,0.125,0.125,0.125,0.125
103,103.0,103.2,0.125,0.125,0.125,0.125,0.125,0.125,0.125,0.125
104,104.0,104.2,0.125,0.125,0.125,0.125,0.125,0.125,0.125,0.125
105,105.0,105.2,0.125,0.125,0.125,0.125,0.125,0.125,0.125,0.125
106,106.0,106.2,0.125,0.125,0.125,0.125,0.125,0.125,0.125,0.125
107,107.0,107.2,0.125,0.125,0.125,0.125,0.125,0.125,0.125,0.125
108,108.0,108.2,0.125,0.125,0.125,0.125,0.125,0.125,0.125,0.125
109,109.0,109.2,0.125,0.125,0.125,0.125,0.125,0.125,0.125,0.125
110,110.0,110.2,0.125,0.125,0.125,0.125,0.125,0.125,0.125,0.125
111,111.0,111.2,0.125,0.125,0.125,0.125,0.125,0.125,0.125,0.125
112,112.0,112.2,0.125,0.125,0.125,0.125,0.125,0.125,0.125,0.125
113,113.0,113.2,0.125,0.125,0.125,0.125,0.125,0.125,0.125,0.125
114,114.0,114.2,0.125,0.125,0.125,0.125,0.125,0.125,0.125,0.125
115,115.0,115.2,0.125,0.125,0.125,0.125,0.125,0.125,0.125,0.125
116,116.0,116.2,0.125,0.125,0.125,0.125,0.125,0.125,0.125,0.125
117,117.0,117.2,0.125,0.125,0.125,0.125,0.125,0.125,0.125,0.125
118,118.0,118.2,0.125,0.125,0.125,0.125,0.125,0.125,0.125,0.125
119,119.0,119.2,0.125,0.125,0.125,0.125,0.125,0.125,0.125,0.125
120,120.0,120.2,0.125,0.125,0.125,0.125,0.125,0.125,0.125,0.125
121,121.0,121.2,0.125,0.125,0.125,0.125,0.125,0.125,0.125,0.125
122,122.0,122.2,0.125,0.125,0.125,0.125,0.125,0.125,0.125,0.125
123,123.0,123.2,0.125,0.125,0.125,0.125,0.125,0.125,0.125,0.125
124,124.0,124.2,0.125,0.125,0.125,0.125,0.125,0.125,0.125,0.125
125,125.0,125.2,0.125,0.125,0.125,0.125,0.125,0.125,0.125,0.125
126,126.0,126.2,0.125,0.125,0.125,0.125,0.125,0.125,0.125,0.125
127,127.0,127.2,0.125,0.125,0.125,0.125,0.125,0.125,0.125,0.125
128,128.0,128.2,0.125,0.125,0.125,0.125,0.125,0.125,0.125,0.125
129,129.0,129.2,0.125,0.125,0.125,0.125,0.125,0.125,0.125,0.125
130,130.0,130.2,0.125,0.125,0.125,0.125,0.125,0.125,0.125,0.125
131,131.0,131.2,0.125,0.125,0.125,0.125,0.125,0.125,0.125,0.125
132,132.0,132.2,0.125,0.125,0.125,0.125,0.125,0.125,0.125,0.125
133,133.0,133.2,0.125,0.125,0.125,0.125,0.125,0.125,0.125,0.125
134,134.0,134.2,0.125,0.125,0.125,0.125,0.125,0.125,0.125,0.125
135,135.0,135.2,0.125,0.125,0.125,0.125,0.125,0.125,0.125,0.125
136,136.0,136.2,0.125,0.125,0.125,0.125,0.125,0.125,0.125,0.125
137,137.0,137.2,0.125,0.125,0.125,0.125,0.125,0.125,0.125,0.125
138,138.0,138.2,0.125,0.125,0.125,0.125,0.125,0.125,0.125,0.125
139,139.0,139.2,0.125,0.125,0.125,0.125,0.125,0.125,0.125,0.125
140,140.0,140.2,0.125,0.125,0.125,0.125,0.125,0.125,0.125,0.125
141,141.0,141.2,0.125,0.125,0.125,0.125,0.125,0.125,0.125,0.125
142,142.0,142.2,0.125,0.125,0.125,0.125,0.125,0.125,0.125,0.125
143,143.0,143.2,0.125,0.125,0.125,0.125,0.125,0.125,0.125,0.125
144,144.0,144.2,0.125,0.125,0.125,0.125,0.125,0.125,0.125,0.125
145,145.0,145.2,0.125,0.125,0.125,0.125,0.125,0.125,0.125,0.125
146,146.0,146.2,0.125,0.125,0.125,0.125,0.125,0.125,0.125,0.125
147,147.0,147.2,0.125,0.125,0.125,0.125,0.125,0.125,0.125,0.125
148,148.0,148.2,0.125,0.125,0.125,0.125,0.125,0.125,0.125,0.125
149,149.0,149.2,0.125,0.125,0.125,0.125,0.125,0.125,0.125,0.125
150,150.0,150.2,0.125,0.125,0.125,0.125,0.125,0.125,0.125,0.125
151,151.0,151.2,0.125,0.125,0.125,0.125,0.125,0.125,0.125,0.125
152,152.0,152.2,0.125,0.125,0.125,0.125,0.125,0.125,0.125,0.125
153,153.0,153.3,0.125,0.125,0.125,0.125,0.125,0.125,0.125,0.125
154,154.0,154.3,0.125,0.125,0.125,0.125,0.125,0.125,0.125,0.125
155,155.0,155.3,0.125,0.125,0.125,0.125,0.125,0.125,0.125,0.125
156,156.0,156.3,0.125,0.125,0.125,0.125,0.125,0.125,0.125,0.125
157,157.0,157.3,0.125,0.125,0.125,0.125,0.125,0.125,0.125,0.125
158,158.0,158.3,0.125,0.125,0.125,0.125,0.125,0.125,0.125,0.125
159,159.0,159.3,0.125,0.125,0.125,0.125,0.125,0.125,0.125,0.125
160,160.0,160.3,0.125,0.125,0.125,0.125,0.125,0.125,0.125,0.125
161,161.0,161.3,0.125,0.125,0.125,0.125,0.125,0.125,0.125,0.125
162,162.0,162.3,0.125,0.125,0.125,0.125,0.125,0.125,0.125,0.125
163,163.0,163.3,0.125,0.125,0.125,0.125,0.125,0.125,0.125,0.125
164,164.0,164.3,0.125,0.125,0.125,0.125,0.125,0.125,0.125,0.125
165,165.0,165.3,0.125,0.125,0.125,0.125,0.125,0.125,0.125,0.125
166,166.0,166.3,0.125,0.125,0.125,0.125,0.125,0.125,0.125,0.125
167,167.0,167.3,0.125,0.125,0.125,0.125,0.125,0.125,0.125,0.125
168,168.0,168.3,0.125,0.125,0.125,0.125,0.125,0.125,0.125,0.125
169,169.0,169.3,0.125,0.125,0.125,0.125,0.125,0.125,0.125,0.125
170,170.0,170.3,0.125,0.125,0.125,0.125,0.125,0.125,0.125,0.125
171,171.0,171.3,0.125,0.125,0.125,0.125,0.125,0.125,0.125,0.125
172,172.0,172.3,0.125,0.125,0.125,0.125,0.125,0.125,0.125,0.125
173,173.0,173.3,0.125,0.125,0.125,0.125,0.125,0.125,0.125,0.125
174,174.0,174.3,0.125,0.125,0.125,0.125,0.125,0.125,0.125,0.125
175,175.0,175.3,0.125,0.125,0.125,0.125,0.125,0.125,0.125,0.125
176,176.0,176.3,0.125,0.125,0.125,0.125,0.125,0.125,0.125,0.125
177,177.0,177.3,0.125,0.125,0.125,0.125,0.125,0.125,0.125,0.125
178,178.0,178.3,0.125,0.125,0.125,0.125,0.125,0.125,0.125,0.125
179,179.0,179.3,0.125,0.125,0.125,0.125,0.125,0.125,0.125,0.125
180,180.0,180.3,0.125,0.125,0.125,0.125,0.125,0.125,0.125,0.125
181,181.0,181.3,0.125,0.125,0.125,0.125,0.125,0.125,0.125,0.125
182,182.0,182.3,0.125,0.125,0.125,0.125,0.125,0.125,0.125,0.125
183,183.0,183.3,0.125,0.125,0.125,0.125,0.125,0.125,0.125,0.125
184,184.0,184.3,0.125,0.125,0.125,0.125,0.125,0.125,0.125,0.125
185,185.0,185.3,0.125,0.125,0.125,0.125,0.125,0.125,0.125,0.125
186,186.0,186.3,0.125,0.125,0.125,0.125,0.125,0.125,0.125,0.125
187,187.0,187.3,0.125,0.125,0.125,0.125,0.125,0.125,0.125,0.125
188,188.0,188.3,0.125,0.125,0.125,0.125,0.125,0.125,0.125,0.125
189,189.0,189.3,0.125,0.125,0.125,0.125,0.125,0.125,0.125,0.125
190,190.0,190.3,0.125,0.125,0.125,0.125,0.125,0.125,0.125,0.125
191,191.0,191.3,0.125,0.125,0.125,0.125,0.125,0.125,0.125,0.125
192,192.0,192.3,0.125,0.125,0.125,0.125,0.125,0.125,0.125,0.125
193,193.0,193.3,0.125,0.125,0.125,0.125,0.125,0.125,0.125,0.125
194,194.0,194.3,0.125,0.125,0.125,0.125,0.125,0.125,0.125,0.125
195,195.0,195.3,0.125,0.125,0.125,0.125,0.125,0.125,0.125,0.125
196,196.0,196.4,0.125,0.125,0.125,0.125,0.125,0.125,0.125,0.125
197,197.0,197.4,0.125,0.125,0.125,0.125,0.125,0.125,0.125,0.125
198,198.0,198.4,0.125,0.125,0.125,0.125,0.125,0.125,0.125,0.125
199,199.0,199.4,0.125,0.125,0.125,0.125,0.125,0.125,0.125,0.125
200,200.0,200.4,0.13083333333333333,0.12972222222222224,0.13083333333333336,0.12972222222222224,0.11972222222222224,0.11972222222222224,0.11972222222222224,0.11972222222222224
201,201.0,201.4,0.12944444444444445,0.12833333333333335,0.12944444444444445,0.12833333333333335,0.11833333333333336,0.11833333333333336,0.11833333333333336,0.12944444444444447
202,202.0,202.4,0.1252777777777778,0.1575,0.12527777777777777,0.12416666666666668,0.11416666666666668,0.11416666666666668,0.11416666666666668,0.12527777777777777
203,203.0,203.4,0.12102564102564102,0.15837606837606838,0.11991452991452993,0.11991452991452992,0.10991452991452992,0.10991452991452992,0.11991452991452993,0.14102564102564102
204,204.0,204.4,0.11956709956709957,0.15417027417027415,0.11754689754689754,0.1346897546897547,0.10845598845598844,0.10845598845598844,0.11754689754689754,0.13956709956709956
205,205.0,205.4,0.1163095238095238,0.15924603174603175,0.11353174603174603,0.13067460317460317,0.10519841269841271,0.10519841269841271,0.12353174603174603,0.14630952380952383
206,206.0,206.4,0.10455738705738707,0.16907509157509157,0.11224969474969475,0.13708485958485955,0.10455738705738707,0.10455738705738707,0.12224969474969474,0.1456684981684982
207,207.0,207.4,0.10364829614829614,0.17816600066600066,0.11134060384060382,0.13617576867576867,0.10364829614829614,0.10364829614829614,0.12043151293151293,0.14294122544122545
208,208.0,208.4,0.10234126984126983,0.16519841269841268,0.10948412698412698,0.13376984126984123,0.11345238095238094,0.10234126984126983,0.12496031746031744,0.14845238095238095
209,209.0,209.4,0.10789072039072038,0.15646214896214894,0.10789072039072038,0.13170024420024418,0.11947802197802196,0.10122405372405371,0.12224969474969474,0.1531043956043956
210,210.0,210.4,0.11337301587301588,0.15480158730158727,0.10623015873015873,0.14003968253968252,0.11781746031746029,0.09956349206349205,0.12003968253968253,0.14813492063492062
211,211.0,211.4,0.12135281385281385,0.15278138528138524,0.1042099567099567,0.14425324675324674,0.11663419913419912,0.09754329004329002,0.11801948051948052,0.1452056277056277
212,212.0,212.4,0.1119155844155844,0.16524891774891773,0.10282467532467532,0.1419155844155844,0.12148268398268396,0.09615800865800864,0.11663419913419912,0.1438203463203463
213,213.0,213.4,0.11011363636363636,0.16670454545454544,0.10102272727272728,0.139280303030303,0.11920454545454544,0.0943560606060606,0.13011363636363638,0.13920454545454544
214,214.0,214.4,0.113355614973262,0.1611007130124777,0.09913992869875221,0.13666221033868092,0.11656417112299464,0.10913992869875222,0.1274732620320856,0.13656417112299463
215,215.0,215.4,0.11207356369121073,0.1498186617304264,0.09849890305772657,0.13602118469765528,0.12528211984094334,0.11555018510900864,0.12683223639105992,0.135923145481969
216,216.0,216.4,0.11207356369121073,0.1498186617304264,0.09849890305772657,0.13602118469765528,0.12528211984094334,0.11555018510900864,0.13349890305772655,0.12925647881530233
217,217.0,217.4,0.1116568970245441,0.14940199506375976,0.09808223639105991,0.1418545180309886,0.12444878650761002,0.10744121075003428,0.1318322363910599,0.13528211984094335
218,218.0,218.4,0.10430799592564297,0.16096065699006873,0.09716513878278583,0.1396606824548001,0.13261459129106187,0.10597466259230963,0.12981219760631524,0.1295040743570155
219,219.0,219.4,0.10231453187335537,0.15461611917494267,0.08850500806383156,0.1364508530685001,0.1275691791868262,0.11926258382140734,0.14424730498259905,0.12703441982853744
220,220.0,220.4,0.10091593047475397,0.1615508511096746,0.08710640666523015,0.1414625080801551,0.12401440063204765,0.11710640666523017,0.142207677942972,0.12563581842993604
221,221.0,221.4,0.10258259714142064,0.15488418444300794,0.08877307333189682,0.15312917474682178,0.1256810672987143,0.11043973999856352,0.14554101127630537,0.11896915176326936
222,222.0,222.4,0.10112405568287919,0.15418321874204227,0.08731453187335537,0.14911319073083776,0.13200640862405566,0.10898119854002206,0.14976678550207959,0.11751061030472794
223,223.0,223.4,0.09231092436974786,0.14508870214752564,0.08516806722689071,0.16303454715219418,0.12985994397759099,0.10778711484593835,0.16091036414565824,0.11584033613445374
224,224.0,224.4,0.0977749048337283,0.14174315880198232,0.08293973999856348,0.16857789269553974,0.13382209293973998,0.10460640666523018,0.15739998563527974,0.11313581842993606
225,225.0,225.4,0.09625933706816056,0.1398109243697479,0.08197362278244628,0.1666456582633053,0.13827264239028944,0.10280695611577961,0.16247782446311856,0.11175303454715217
226,226.0,226.4,0.09932783719548424,0.1363213012477718,0.07932783719548422,0.16822638146167554,0.13998960190136658,0.10567587641117052,0.16239156268568028,0.10873960190136658
227,227.0,227.4,0.09771019013666071,0.13512032085561496,0.08442587641117051,0.1659224598930481,0.13883764111705285,0.10452391562685678,0.16550430778371952,0.10795528817587638
228,228.0,228.4,0.09584967320261435,0.13362745098039214,0.0833006535947712,0.17049019607843136,0.12937908496732026,0.10339869281045748,0.17712418300653593,0.1068300653594771
229,229.0,229.4,0.09456762192056307,0.13234539969834086,0.08382855706385114,0.16664404223227752,0.13450729009552537,0.10147561588738056,0.175201106083459,0.11143036701860229
230,230.0,230.4,0.08914278531925587,0.12692056309703367,0.08428607340372042,0.1724610356963298,0.13110859728506785,0.10317496229260933,0.18056058320764196,0.11234539969834086
231,231.0,231.4,0.08153012622052866,0.12597457066497314,0.08366687835728079,0.1703454526209944,0.13019700457780947,0.10226336958535098,0.19458879098197981,0.11143380699108249
232,232.0,232.4,0.08149132730015081,0.12593577174459528,0.07593577174459525,0.17534376571141275,0.1298950477626948,0.10196141277023629,0.19830505279034688,0.1111318501759678
233,233.0,233.4,0.08601830745793591,0.1245803989612039,0.07487279662202259,0.17116518672246225,0.12287969168774118,0.10875558050480646,0.20142106775233706,0.11030697029149036
234,234.0,234.4,0.08970131176013525,0.12303464509346859,0.07359020064902415,0.167883587001234,0.12042826454591157,0.11249462955345306,0.20453562777092188,0.10833173362585125
235,235.0,235.4,0.08856867232018663,0.1185996320725086,0.07328045176880818,0.1775407829035504,0.11351063079694117,0.10429494452243138,0.21638052932843616,0.10782435628713724
236,236.0,236.4,0.08615402571284922,0.11448735904618254,0.07139212095094444,0.19427996839761547,0.11015908927673632,0.10222545428427779,0.21554711628241036,0.10575486604898365
237,237.0,237.4,0.08489551083591329,0.11147445820433433,0.07013360607400852,0.20081859059413237,0.10780167330089929,0.11388360607400853,0.21316287041132242,0.09782968450538107
238,238.0,238.4,0.08335561497326202,0.108355614973262,0.06881016042780747,0.20536541889483068,0.10552584670231728,0.11219251336898395,0.2198885918003565,0.09650623885918001
239,239.0,239.4,0.0839827670198514,0.10755419559127995,0.06963494093289488,0.19891974180976735,0.10046827426622822,0.11777919863597612,0.21214498843015464,0.10951589331384726
240,240.0,240.4,0.07851364708562848,0.11033182890381028,0.06908382252422499,0.20111837079329337,0.09289334633374878,0.10636737230777478,0.2273446316325573,0.11434698041896182
241,241.0,241.4,0.07721065922381709,0.10902884104199892,0.06794750132908026,0.20607682083997872,0.09111416799574693,0.10982628920786816,0.22558506113769275,0.1132106592238171
242,242.0,242.4,0.07639676835032869,0.11347810806324735,0.06713361045559185,0.2058756486032028,0.08941113685076532,0.1088585521805336,0.22644940714600156,0.11239676835032868
243,243.0,243.4,0.07959256329612364,0.11434290067803995,0.06663709770907911,0.20693025140780558,0.08835550729513575,0.10367413474611616,0.2310672892638837,0.10940025560381594
244,244.0,244.4,0.07856401338599481,0.11153604135802278,0.06560854779895027,0.20613210705702967,0.08719468225273178,0.10042997637037883,0.24216292608320472,0.10837170569368712
245,245.0,245.4,0.07688334210824704,0.11272415186210025,0.0642127768061028,0.21597171108902277,0.08502216377928287,0.10295517031523058,0.23525474933917384,0.10697593470083963
246,246.0,246.4,0.07562880817676212,0.11138544284644025,0.06348595103390497,0.2247149380173677,0.08418039547834943,0.10211340201429712,0.23250511139897329,0.10598595103390496
247,247.0,247.4,0.0746782660858543,0.10910877810257322,0.06278171436171637,0.23494119700293484,0.08278383660280295,0.09541928551921162,0.2350052079631902,0.10528171436171636
248,248.0,248.4,0.07351131387769316,0.1079418258944121,0.06185285739165047,0.23779342065979994,0.08122785739165048,0.09831119072498382,0.23524677190625462,0.10411476215355524
249,249.0,249.4,0.06946064765236429,0.10580847373932081,0.06525046702839055,0.2448275237381309,0.08014927655220007,0.09770880036172389,0.23328243913757402,0.10351237179029531
250,250.0,250.4,0.06815170940170936,0.10693376068376066,0.06411907536907534,0.2502942890442891,0.07864413364413361,0.09663655788655787,0.23290209790209787,0.10231837606837606
251,251.0,251.4,0.07106815606452596,0.10533571459295406,0.06299285128515388,0.2519571958534915,0.07666587902467778,0.08986565168736606,0.2374435573776387,0.10467099411419183
252,252.0,252.4,0.0699040257128492,0.10035274366156717,0.062291846225669724,0.2567538425626661,0.07551852151116853,0.08908061301443651,0.2423095776772247,0.10378882963441782
253,253.0,253.4,0.0688796296296296,0.10174999999999997,0.06129166666666662,0.2546574074074074,0.0779583333333333,0.0881435185185185,0.24128703703703702,0.10603240740740738
254,254.0,254.4,0.06508167095667093,0.09992095667095664,0.06065309952809951,0.2599370441870442,0.07691135778635778,0.08200659588159587,0.24996315958815957,0.10552611540111538
255,255.0,255.4,0.06354048863123271,0.10065567229814051,0.05929645680099398,0.2597227133978495,0.07798492812104423,0.08486667311531193,0.2521334696924533,0.1017995979429736
256,256.0,256.4,0.06254727985164621,0.09971578710128938,0.05858814830630778,0.2615577935146634,0.07656831113167185,0.08702841733587968,0.25515068661059903,0.09884357614794251
257,257.0,257.4,0.06136541619300236,0.09858216496147527,0.0576708349122142,0.2615264620437034,0.07499684223822152,0.08464380447139065,0.26056334470127573,0.10065113047871665
258,258.0,258.4,0.060440402509367996,0.09758599637909979,0.056992126647299024,0.2661761610037472,0.07387752094648642,0.08269525493663422,0.25960549029514546,0.10262704728221965
259,259.0,259.4,0.0596059875731733,0.09664405456118466,0.05627265423983997,0.2696519140234379,0.07276996887675416,0.08082942888282152,0.2598359568993606,0.10439003494342755
260,260.0,260.4,0.055684053879409355,0.0961703967294897,0.055906523289865416,0.27303782781856095,0.0723428623170235,0.07941418003060073,0.26352777882331746,0.10391637711173259
261,261.0,261.4,0.05810765769887013,0.09581622277117269,0.055552349331548415,0.27201234897842236,0.06847492484033081,0.07809613696154294,0.26837815626469685,0.10356220315341558
262,262.0,262.4,0.05769380322978309,0.09207575539885984,0.05521356993753647,0.2732601132602264,0.06779064562219939,0.07762691150685239,0.27048814965751095,0.10585105138703124
263,263.0,263.4,0.0572023917235702,0.09159045337456288,0.054894088638270756,0.2800900854750893,0.06734718644497782,0.07301678566296413,0.27057049255508064,0.1052885161254841
264,264.0,264.4,0.05692314972373998,0.09131678178471483,0.05470954360813749,0.27844720711162263,0.06256668181888496,0.07211506891565915,0.2737174877167817,0.11020407932045903
265,265.0,265.4,0.05621134852653441,0.08954468185986773,0.05397192644191108,0.277761739929639,0.06189569800265023,0.0708287004840398,0.2741556469647125,0.11563025779064491
266,266.0,266.4,0.055663017193017514,0.08792108170914655,0.05340010184011914,0.2761854473437394,0.06138514681356856,0.06974834872515755,0.2808414136740185,0.11485544270123249
267,267.0,267.4,0.054949885671401466,0.08619988567140147,0.05266552894625527,0.27934588912088537,0.06070705413018283,0.0685411555126713,0.2779145883643189,0.11967601258288307
268,268.0,268.4,0.054329340993785245,0.08463237129681556,0.05209283875728302,0.2835394374055343,0.06011906752083897,0.067460558065889,0.279159774931647,0.11866661102820668
269,269.0,269.4,0.05356171976430638,0.08297348447018874,0.0513713172875262,0.2859356336762209,0.059381753720163764,0.0662634741502713,0.28098598488631443,0.11952663204500816
270,270.0,270.4,0.05317099734630694,0.08174242591773552,0.05089656125608137,0.28692265590446697,0.058750202712664,0.06583353604599733,0.2817143778564057,0.12096924296034202
271,271.0,271.4,0.05257590365151752,0.0803536814292953,0.05306085586946076,0.29000857808986513,0.05792800768783209,0.06477062743367763,0.28335807209984193,0.11794427373850949
272,272.0,272.4,0.051981870618916015,0.08177907673191158,0.05244222107926647,0.2851626625114016,0.060128089919408344,0.06420778631409522,0.2890679025059519,0.11523039031904865
273,273.0,273.4,0.05143413330913329,0.08122796560296557,0.05195858633358631,0.28261554824054824,0.0593574137324137,0.06328598516098513,0.2975552819302819,0.11256508569008568
274,274.0,274.4,0.05094992040568739,0.08080472830927578,0.051590720025500046,0.28426129030555264,0.058900506405053864,0.06548059298514045,0.2945129713808689,0.11349927018292065
275,275.0,275.4,0.0503410426862439,0.0794715612904467,0.05095052092730108,0.2863233919503269,0.05807913792433913,0.06445168694394697,0.2961722496629617,0.11421040861443335
276,276.0,276.4,0.052257918219342746,0.07911822641380026,0.05059718605065465,0.28437695721167905,0.057469249501665466,0.06634955838197434,0.297973069788721,0.1118578344321622
277,277.0,277.4,0.054068894782370244,0.07876218394934362,0.05029164863670306,0.2827031677235851,0.05686958773732818,0.06589214412830562,0.301679697596213,0.10973267544615092
278,278.0,278.4,0.0558335982087097,0.07839207774087344,0.05301594802263845,0.28266803075010033,0.05633193226636578,0.06548944142387493,0.3004584614018155,0.10781051018562167
279,279.0,279.4,0.055540239624571275,0.07546714020936658,0.0526817720575292,0.2824234548598527,0.05601032509465674,0.06477100885534051,0.3072219719901103,0.10588408730857242
280,280.0,280.4,0.05529195828915738,0.07448311943153803,0.05234479142459377,0.28153904716474176,0.055734721354871265,0.06449540511555503,0.3105214047153942,0.10558955250414834
281,281.0,281.4,0.05467396666410773,0.07335926687114706,0.0518361576274496,0.2823343313672082,0.05509121771600113,0.06568806456284798,0.3096432923459365,0.1073737028453017
282,282.0,282.4,0.05406055970280722,0.07287550280028372,0.05136624793554713,0.2823250724526595,0.056041597750269755,0.0647749584458531,0.3132935360329112,0.10526252487966811
283,283.0,283.4,0.053474726662226635,0.07241412060162059,0.05091917110667109,0.28405024836274834,0.05540925047175045,0.06390535853035852,0.3165654623154623,0.10326166194916193
284,284.0,284.4,0.053109166743620505,0.07216812365972028,0.05076289490155034,0.2833918695683401,0.055165681657278275,0.06364661249115026,0.31881373062045326,0.10294192035788671
285,285.0,285.4,0.05270268014201278,0.07187659318549104,0.05333515877449142,0.2831966094797237,0.05470972735836231,0.06328700279610286,0.3211460180085054,0.09974621025531033
286,286.0,286.4,0.052312310976796325,0.07159683329636246,0.05313793682461974,0.28356031557695915,0.05427243016694185,0.0629417435813975,0.3228332957071481,0.09934513386977462
287,287.0,287.4,0.05173695920288457,0.07051822874634925,0.05247625384461822,0.2864060665620924,0.05365249464783178,0.06208931381994507,0.3229125605022305,0.10020812267404802
288,288.0,288.4,0.05136730870264065,0.06952534114638736,0.051881881848792735,0.28589963246394884,0.05309529086540543,0.063352309512062,0.3237500948568649,0.10112814060389783
289,289.0,289.4,0.05105943102619389,0.06932178502439694,0.05175160958580044,0.2855356952175553,0.05289114320245077,0.0630955819238566,0.32548438968426885,0.100860364335477
290,290.0,290.4,0.05076273496907761,0.0691256356849195,0.05162600425339953,0.28679816843128364,0.05052005505707743,0.06236974346271269,0.32634358513016215,0.10245407301136725
291,291.0,291.4,0.05054334524072325,0.06831482870988113,0.051326120587715886,0.2846106641342255,0.0501690347600298,0.06197887563483675,0.3308989491524626,0.1021581817801249
292,292.0,292.4,0.05020838525072013,0.06754972315809575,0.05104935516394695,0.28744622954373705,0.05162561840856359,0.06165777828703286,0.3286352410409088,0.10182766914699466
293,293.0,293.4,0.049810549757358234,0.06724681719362569,0.050674685621494096,0.2901798186372654,0.05129238113280663,0.06289273528635228,0.3251680997425678,0.10273491262852966
294,294.0,294.4,0.04939737301567364,0.06642023319642855,0.05031313446637901,0.2910164303383498,0.05085250675165294,0.06219271112092708,0.32599759325736005,0.10381001785322867
295,295.0,295.4,0.0489837656876639,0.06609515047146249,0.04991875518216396,0.2930736516061062,0.05172911826344626,0.06150477493759919,0.32662307877133034,0.10207170508022748
296,296.0,296.4,0.04859840197510366,0.0653122573578494,0.04957926545780943,0.2917334854744776,0.05130214644155998,0.06085679062778312,0.3310951183255027,0.10152253433991398
297,297.0,297.4,0.048226879478090914,0.06456094648713959,0.04925303196036042,0.2905588683737702,0.05089043528502907,0.060233614374217516,0.33528240082928595,0.10099382321210626
298,298.0,298.4,0.0479290069967001,0.06434314094643792,0.049088487557994415,0.29107443087103513,0.050602399178289,0.05971060375169372,0.3367069488145082,0.10054498188334123
299,299.0,299.4,0.04759699622755006,0.06531204999099093,0.048796898475839415,0.2911029698643819,0.05028027359128999,0.05916271190769057,0.33768024479071335,0.10006785515154351
300,300.0,300.4,0.04732169101607038,0.06465933645676032,0.04853896580477373,0.293009048372046,0.050037493731873085,0.058702837408926366,0.33803245024556494,0.09969817696398489
301,301.0,301.4,0.047163718795609336,0.0640403188980159,0.048299360931251464,0.2957339986813241,0.04976349595234852,0.05673722672681429,0.3388369779578436,0.09942490205679258
302,302.0,302.4,0.04700538275011495,0.06383077957551178,0.048163639087475764,0.293649703164848,0.05125585657148429,0.056296932703429614,0.3406872674442912,0.09911043870284428
303,303.0,303.4,0.04672820725981199,0.061603207259811985,0.048007619024517875,0.2974243994381378,0.05091565709354666,0.05584696881826652,0.3407665175644407,0.09870742354146636
304,304.0,304.4,0.04647481824050612,0.06284717052590189,0.04787169672434112,0.2978280280920659,0.05064636494578595,0.05544223234563439,0.3405570588623873,0.09833263026337713
305,305.0,305.4,0.04617511556298849,0.06222044278478632,0.04760750670126198,0.2984961594761463,0.05028636327903159,0.054981798904603627,0.3423168874282606,0.09791572586292083
306,306.0,306.4,0.045946788595322176,0.06360093390345109,0.04741434248351933,0.2987203801385855,0.05008429363985336,0.054761393220642475,0.3418020963703448,0.09766977164828103
307,307.0,307.4,0.04572534293893796,0.06304097988554051,0.047227686014532984,0.3004145101881139,0.04988805322079083,0.05454755355576474,0.34341963801119346,0.09573623618512533
308,308.0,308.4,0.04547679771381653,0.06246662852139599,0.04701353695454624,0.3013208190885878,0.04966371680565755,0.054171635466697544,0.3444832534340395,0.09540361201525858
309,309.0,309.4,0.045235733329939035,0.06372994182414754,0.046806459900665606,0.29970177491068306,0.0494459168227398,0.05380772499613645,0.3461911550401893,0.09508129317549888
310,310.0,310.4,0.046382013800893664,0.06313285216440809,0.04657785551786214,0.2986990454523876,0.049121369475169194,0.053398748206115065,0.34794756439422986,0.09474055098893418
311,311.0,311.4,0.04613535536856768,0.06258272378962032,0.04638389338026357,0.29718019578727384,0.050052154943261984,0.053057159617958136,0.3488552952391427,0.0957532218739115
312,312.0,312.4,0.04596018343469302,0.062464629481316425,0.04630385082234022,0.29947840722113744,0.049921039862355986,0.052790380596529574,0.3475238522448042,0.09555765633682298
313,313.0,313.4,0.04579079499938362,0.06235077603304886,0.04622702069876722,0.2985503886917291,0.04839651547395655,0.05261820868703626,0.3506410041898701,0.09542529122620813
314,314.0,314.4,0.045640228845187696,0.061957571596287266,0.046106048566905776,0.2982727943306502,0.04828719936101067,0.05254552261072043,0.35187987358118955,0.09531076110804824
315,315.0,315.4,0.045415163028861325,0.06305855464822488,0.04592734487021355,0.29685047594902303,0.04802275142481614,0.05231573642493501,0.3533404551678546,0.09506951848607138
316,316.0,316.4,0.045168003567833764,0.06417542889104856,0.045725779125609316,0.29711909671162645,0.049324778692350815,0.05195110256655244,0.35050367101300883,0.09603213943196962
317,317.0,317.4,0.044952474459755004,0.06366487616655389,0.045555083789278625,0.2960388364675031,0.04914674354764111,0.05294553166801974,0.3519661023417652,0.0957303515594831
318,318.0,318.4,0.04474272760877389,0.06316985654580481,0.045389420136336144,0.2973144507046637,0.048973346349719074,0.052633364882403146,0.3523399452815326,0.09543688849076651
319,319.0,319.4,0.044586422761825964,0.06306786403560595,0.045312229213438866,0.29526191214699277,0.048753089428492644,0.052418000905904115,0.3553394555713104,0.09526102593642914
320,320.0,320.4,0.043300882342909276,0.06175027233463796,0.045276688794522166,0.29668756874984015,0.04867459368311546,0.052272515306165945,0.35686159644589976,0.09517588234290927
321,321.0,321.4,0.04314207102098537,0.06162152881176921,0.045195037966425426,0.2975004222053491,0.04853543206910833,0.05200384487239908,0.3570789652523511,0.09492269780161214
322,322.0,322.4,0.04307684691535987,0.06374643305767089,0.045129813860799936,0.2965953826699958,0.04831776979855918,0.05182592830671769,0.35652563022547284,0.09478219516542356
323,323.0,323.4,0.04289966660518416,0.06355087021108936,0.04502791208118732,0.2961836931579537,0.0480675309672889,0.05152095408737869,0.3582343312591323,0.09451504163078547
324,324.0,324.4,0.04281513841890295,0.06337502924750071,0.0449433838949061,0.2961597632765244,0.04783859892710469,0.05123888799132235,0.359315628635833,0.09431356960790566
325,325.0,325.4,0.042732834889332834,0.06320367274624483,0.04486108036533599,0.29564314554464444,0.04761566607058582,0.05243494317901957,0.35939131729398266,0.09411733991085364
326,326.0,326.4,0.04265266779573419,0.0630366284548297,0.044780913271737346,0.2956262166392013,0.04739849411270529,0.052146328240024444,0.3604326038672675,0.09392614761850006
327,327.0,327.4,0.042574553590811054,0.06287373296617185,0.04308989584100776,0.29818117830582264,0.047186857462997195,0.05329383871703728,0.3590601446216604,0.09373979849449163
328,328.0,328.4,0.042583266413924736,0.06241718628005336,0.0429977284950535,0.29830975399023224,0.04699011717054076,0.053130213562848104,0.3599186424369304,0.09365309165041666
329,329.0,329.4,0.04241345050758137,0.061944216233224214,0.04287838953197163,0.30029046913869617,0.046768625498805554,0.05294089987374745,0.35931440271340315,0.09344954650257023
330,330.0,330.4,0.04233492848903452,0.06151732379805397,0.04277582905188632,0.3015725853237853,0.0466423519371008,0.05377921683459489,0.3581094035027471,0.09326836106279689
331,331.0,331.4,0.0422393991189157,0.061064438473786856,0.042656989658457475,0.3031530266106731,0.046423895000705276,0.053463144636537965,0.35792644849996835,0.09307265800095507
332,332.0,332.4,0.0421463236747253,0.06062412827002197,0.0425413000125484,0.3033276558377796,0.04621084939690227,0.053155080813241926,0.35911285407420623,0.0928818079205743
333,333.0,333.4,0.042063947199476426,0.060212549405600765,0.0424369744591608,0.3055833832470422,0.04604471314504651,0.05287140088798168,0.35808306205773477,0.09270396959795672
334,334.0,334.4,0.042001706859719816,0.059830243516227254,0.04235342124642891,0.30449025082882797,0.04590085833672315,0.05272096031998754,0.36011802478373645,0.09258453410834884
335,335.0,335.4,0.041941028838167964,0.059458258289080565,0.04332467087007702,0.30350038989010497,0.04576062940695299,0.05257404688874012,0.36097311077151256,0.09246786504536361
336,336.0,336.4,0.04188048615355292,0.05911145902781066,0.04323304254883519,0.3017504050477012,0.04568912181005724,0.05233771015157453,0.36368131349715904,0.09231646176330902
337,337.0,337.4,0.041841005254002,0.057729402749754855,0.04318282281766915,0.3020832063451774,0.045638902078891194,0.052126695597751925,0.365209766170369,0.09218819898638424
338,338.0,338.4,0.04175788037939601,0.057360226639407784,0.04306961645594046,0.3010069871089035,0.045445296331620345,0.05185115238033353,0.3674905413015169,0.09201829940288124
339,339.0,339.4,0.04111642358337023,0.057132332933554394,0.04309098220176447,0.29971349566000255,0.04538801393090995,0.05171396291639176,0.36811375757602866,0.09373103119797785
340,340.0,340.4,0.04105534096718544,0.05682807102562977,0.04301138792323239,0.30227664667086007,0.04526364017548464,0.05149760784480495,0.36642981380549194,0.09363749158731073
341,341.0,341.4,0.04097761614428279,0.05648526990193655,0.04290554407221072,0.30480313430313427,0.04508191091524423,0.05124003982337314,0.36502886869553536,0.09347761614428278
342,342.0,342.4,0.04090168108891084,0.05746669261341455,0.042802164167090644,0.3028648090937775,0.04490424648274379,0.050988349058049165,0.36675074555512843,0.09332131194088494
343,343.0,343.4,0.040835236446664536,0.05713888601011587,0.04270892449682318,0.3026040826818006,0.044769323315405174,0.050757859594641096,0.36800946583332717,0.09317622162122216
344,344.0,344.4,0.040785018119889056,0.05683376701990374,0.042632537782942695,0.30260122067496487,0.04465221427164574,0.050635434028170445,0.3687813966603115,0.0930784114421718
345,345.0,345.4,0.04075316704059677,0.05657981012621124,0.04258445820640926,0.30142638059906546,0.04459594634596888,0.05055940525546211,0.3691884492785965,0.09431238314768964
346,346.0,346.4,0.04069709232484241,0.056272796517803245,0.042503225380975465,0.29978531123757607,0.044444211180522705,0.050425737309286275,0.371677817026215,0.0941938090227786
347,347.0,347.4,0.04113959985228131,0.056086360680791536,0.042529447256621465,0.301207321478331,0.04443240351366173,0.05040823832759207,0.36817225662273734,0.09602437226798337
348,348.0,348.4,0.040976522412703324,0.05578464257505119,0.04242514511995464,0.301291049333342,0.04425985940011181,0.050201025242241994,0.3693105301939058,0.09575122572268906
349,349.0,349.4,0.040927090512247064,0.05553657497535438,0.042361020301484864,0.30071467786168565,0.044128843916413564,0.05004513892618177,0.3706282387756777,0.09565841473095478
350,350.0,350.4,0.04088625742886707,0.05530928176575521,0.04230584413147263,0.30146281755797755,0.0440380732550061,0.04990778783484952,0.370514710669611,0.09557522735646076
351,351.0,351.4,0.04082856041072665,0.05503390889222591,0.04222532472392855,0.30238184720066924,0.043922719400862884,0.04970222898294489,0.3704733293694976,0.0954320810191439
352,352.0,352.4,0.04078207428081166,0.054802087933145484,0.043327949401127115,0.3024118613197503,0.043798469954803756,0.04955610956208528,0.36997626337024425,0.09534518417803184
353,353.0,353.4,0.040755647219500875,0.05460191053769944,0.043274791519180136,0.30190132213204635,0.04377204289349297,0.0494513125948184,0.37189828413809634,0.09434468896516526
354,354.0,354.4,0.040712347137273355,0.054353868391588664,0.04319671462164083,0.3025677429884025,0.04372008929793904,0.04927882955281307,0.37081863558757616,0.09535177242276607
355,355.0,355.4,0.04066257825461267,0.054096449205234466,0.043112914744223456,0.30275838794953813,0.04363235323874744,0.04909518267245839,0.3714243306424076,0.09521780329277761
