Total_iterations,Unnamed: 0.1,Intertwine_two,Invert_path_vertices,Insert_inside_vertex,Delete_inside_vertex,Replace_inside_vertex,Donate_between_routes,Trim_one_terminal_cb,Grow_one_terminal_cb
0,0.0,0.125,0.125,0.125,0.125,0.125,0.125,0.125,0.125
1,1.0,0.125,0.125,0.125,0.125,0.125,0.125,0.125,0.125
2,2.0,0.125,0.125,0.125,0.125,0.125,0.125,0.125,0.125
3,3.0,0.125,0.125,0.125,0.125,0.125,0.125,0.125,0.125
4,4.0,0.125,0.125,0.125,0.125,0.125,0.125,0.125,0.125
5,5.0,0.125,0.125,0.125,0.125,0.125,0.125,0.125,0.125
6,6.0,0.125,0.125,0.125,0.125,0.125,0.125,0.125,0.125
7,7.0,0.125,0.125,0.125,0.125,0.125,0.125,0.125,0.125
8,8.0,0.125,0.125,0.125,0.125,0.125,0.125,0.125,0.125
9,9.0,0.125,0.125,0.125,0.125,0.125,0.125,0.125,0.125
10,10.0,0.125,0.125,0.125,0.125,0.125,0.125,0.125,0.125
11,11.0,0.125,0.125,0.125,0.125,0.125,0.125,0.125,0.125
12,12.0,0.125,0.125,0.125,0.125,0.125,0.125,0.125,0.125
13,13.0,0.125,0.125,0.125,0.125,0.125,0.125,0.125,0.125
14,14.0,0.125,0.125,0.125,0.125,0.125,0.125,0.125,0.125
15,15.0,0.125,0.125,0.125,0.125,0.125,0.125,0.125,0.125
16,16.0,0.125,0.125,0.125,0.125,0.125,0.125,0.125,0.125
17,17.0,0.125,0.125,0.125,0.125,0.125,0.125,0.125,0.125
18,18.0,0.125,0.125,0.125,0.125,0.125,0.125,0.125,0.125
19,19.0,0.125,0.125,0.125,0.125,0.125,0.125,0.125,0.125
20,20.0,0.125,0.125,0.125,0.125,0.125,0.125,0.125,0.125
21,21.0,0.125,0.125,0.125,0.125,0.125,0.125,0.125,0.125
22,22.0,0.125,0.125,0.125,0.125,0.125,0.125,0.125,0.125
23,23.0,0.125,0.125,0.125,0.125,0.125,0.125,0.125,0.125
24,24.0,0.125,0.125,0.125,0.125,0.125,0.125,0.125,0.125
25,25.0,0.125,0.125,0.125,0.125,0.125,0.125,0.125,0.125
26,26.0,0.125,0.125,0.125,0.125,0.125,0.125,0.125,0.125
27,27.0,0.125,0.125,0.125,0.125,0.125,0.125,0.125,0.125
28,28.0,0.125,0.125,0.125,0.125,0.125,0.125,0.125,0.125
29,29.0,0.125,0.125,0.125,0.125,0.125,0.125,0.125,0.125
30,30.0,0.125,0.125,0.125,0.125,0.125,0.125,0.125,0.125
31,31.0,0.125,0.125,0.125,0.125,0.125,0.125,0.125,0.125
32,32.0,0.125,0.125,0.125,0.125,0.125,0.125,0.125,0.125
33,33.0,0.125,0.125,0.125,0.125,0.125,0.125,0.125,0.125
34,34.0,0.125,0.125,0.125,0.125,0.125,0.125,0.125,0.125
35,35.0,0.125,0.125,0.125,0.125,0.125,0.125,0.125,0.125
36,36.0,0.125,0.125,0.125,0.125,0.125,0.125,0.125,0.125
37,37.0,0.125,0.125,0.125,0.125,0.125,0.125,0.125,0.125
38,38.0,0.125,0.125,0.125,0.125,0.125,0.125,0.125,0.125
39,39.0,0.125,0.125,0.125,0.125,0.125,0.125,0.125,0.125
40,40.0,0.125,0.125,0.125,0.125,0.125,0.125,0.125,0.125
41,41.0,0.125,0.125,0.125,0.125,0.125,0.125,0.125,0.125
42,42.0,0.125,0.125,0.125,0.125,0.125,0.125,0.125,0.125
43,43.0,0.125,0.125,0.125,0.125,0.125,0.125,0.125,0.125
44,44.0,0.125,0.125,0.125,0.125,0.125,0.125,0.125,0.125
45,45.0,0.125,0.125,0.125,0.125,0.125,0.125,0.125,0.125
46,46.0,0.125,0.125,0.125,0.125,0.125,0.125,0.125,0.125
47,47.0,0.125,0.125,0.125,0.125,0.125,0.125,0.125,0.125
48,48.0,0.125,0.125,0.125,0.125,0.125,0.125,0.125,0.125
49,49.0,0.125,0.125,0.125,0.125,0.125,0.125,0.125,0.125
50,50.0,0.125,0.125,0.125,0.125,0.125,0.125,0.125,0.125
51,51.0,0.125,0.125,0.125,0.125,0.125,0.125,0.125,0.125
52,52.0,0.125,0.125,0.125,0.125,0.125,0.125,0.125,0.125
53,53.0,0.125,0.125,0.125,0.125,0.125,0.125,0.125,0.125
54,54.0,0.125,0.125,0.125,0.125,0.125,0.125,0.125,0.125
55,55.0,0.125,0.125,0.125,0.125,0.125,0.125,0.125,0.125
56,56.0,0.125,0.125,0.125,0.125,0.125,0.125,0.125,0.125
57,57.0,0.125,0.125,0.125,0.125,0.125,0.125,0.125,0.125
58,58.0,0.125,0.125,0.125,0.125,0.125,0.125,0.125,0.125
59,59.0,0.125,0.125,0.125,0.125,0.125,0.125,0.125,0.125
60,60.0,0.125,0.125,0.125,0.125,0.125,0.125,0.125,0.125
61,61.0,0.125,0.125,0.125,0.125,0.125,0.125,0.125,0.125
62,62.0,0.125,0.125,0.125,0.125,0.125,0.125,0.125,0.125
63,63.0,0.125,0.125,0.125,0.125,0.125,0.125,0.125,0.125
64,64.0,0.125,0.125,0.125,0.125,0.125,0.125,0.125,0.125
65,65.0,0.125,0.125,0.125,0.125,0.125,0.125,0.125,0.125
66,66.0,0.125,0.125,0.125,0.125,0.125,0.125,0.125,0.125
67,67.0,0.125,0.125,0.125,0.125,0.125,0.125,0.125,0.125
68,68.0,0.125,0.125,0.125,0.125,0.125,0.125,0.125,0.125
69,69.0,0.125,0.125,0.125,0.125,0.125,0.125,0.125,0.125
70,70.0,0.125,0.125,0.125,0.125,0.125,0.125,0.125,0.125
71,71.0,0.125,0.125,0.125,0.125,0.125,0.125,0.125,0.125
72,72.0,0.125,0.125,0.125,0.125,0.125,0.125,0.125,0.125
73,73.0,0.125,0.125,0.125,0.125,0.125,0.125,0.125,0.125
74,74.0,0.125,0.125,0.125,0.125,0.125,0.125,0.125,0.125
75,75.0,0.125,0.125,0.125,0.125,0.125,0.125,0.125,0.125
76,76.0,0.125,0.125,0.125,0.125,0.125,0.125,0.125,0.125
77,77.0,0.125,0.125,0.125,0.125,0.125,0.125,0.125,0.125
78,78.0,0.125,0.125,0.125,0.125,0.125,0.125,0.125,0.125
79,79.0,0.125,0.125,0.125,0.125,0.125,0.125,0.125,0.125
80,80.0,0.125,0.125,0.125,0.125,0.125,0.125,0.125,0.125
81,81.0,0.125,0.125,0.125,0.125,0.125,0.125,0.125,0.125
82,82.0,0.125,0.125,0.125,0.125,0.125,0.125,0.125,0.125
83,83.0,0.125,0.125,0.125,0.125,0.125,0.125,0.125,0.125
84,84.0,0.125,0.125,0.125,0.125,0.125,0.125,0.125,0.125
85,85.0,0.125,0.125,0.125,0.125,0.125,0.125,0.125,0.125
86,86.0,0.125,0.125,0.125,0.125,0.125,0.125,0.125,0.125
87,87.0,0.125,0.125,0.125,0.125,0.125,0.125,0.125,0.125
88,88.0,0.125,0.125,0.125,0.125,0.125,0.125,0.125,0.125
89,89.0,0.125,0.125,0.125,0.125,0.125,0.125,0.125,0.125
90,90.0,0.125,0.125,0.125,0.125,0.125,0.125,0.125,0.125
91,91.0,0.125,0.125,0.125,0.125,0.125,0.125,0.125,0.125
92,92.0,0.125,0.125,0.125,0.125,0.125,0.125,0.125,0.125
93,93.0,0.125,0.125,0.125,0.125,0.125,0.125,0.125,0.125
94,94.0,0.125,0.125,0.125,0.125,0.125,0.125,0.125,0.125
95,95.0,0.125,0.125,0.125,0.125,0.125,0.125,0.125,0.125
96,96.0,0.125,0.125,0.125,0.125,0.125,0.125,0.125,0.125
97,97.0,0.125,0.125,0.125,0.125,0.125,0.125,0.125,0.125
98,98.0,0.125,0.125,0.125,0.125,0.125,0.125,0.125,0.125
99,99.0,0.125,0.125,0.125,0.125,0.125,0.125,0.125,0.125
100,100.0,0.125,0.125,0.125,0.125,0.125,0.125,0.125,0.125
101,101.0,0.125,0.125,0.125,0.125,0.125,0.125,0.125,0.125
102,102.0,0.125,0.125,0.125,0.125,0.125,0.125,0.125,0.125
103,103.0,0.125,0.125,0.125,0.125,0.125,0.125,0.125,0.125
104,104.0,0.125,0.125,0.125,0.125,0.125,0.125,0.125,0.125
105,105.0,0.125,0.125,0.125,0.125,0.125,0.125,0.125,0.125
106,106.0,0.125,0.125,0.125,0.125,0.125,0.125,0.125,0.125
107,107.0,0.125,0.125,0.125,0.125,0.125,0.125,0.125,0.125
108,108.0,0.125,0.125,0.125,0.125,0.125,0.125,0.125,0.125
109,109.0,0.125,0.125,0.125,0.125,0.125,0.125,0.125,0.125
110,110.0,0.125,0.125,0.125,0.125,0.125,0.125,0.125,0.125
111,111.0,0.125,0.125,0.125,0.125,0.125,0.125,0.125,0.125
112,112.0,0.125,0.125,0.125,0.125,0.125,0.125,0.125,0.125
113,113.0,0.125,0.125,0.125,0.125,0.125,0.125,0.125,0.125
114,114.0,0.125,0.125,0.125,0.125,0.125,0.125,0.125,0.125
115,115.0,0.125,0.125,0.125,0.125,0.125,0.125,0.125,0.125
116,116.0,0.125,0.125,0.125,0.125,0.125,0.125,0.125,0.125
117,117.0,0.125,0.125,0.125,0.125,0.125,0.125,0.125,0.125
118,118.0,0.125,0.125,0.125,0.125,0.125,0.125,0.125,0.125
119,119.0,0.125,0.125,0.125,0.125,0.125,0.125,0.125,0.125
120,120.0,0.125,0.125,0.125,0.125,0.125,0.125,0.125,0.125
121,121.0,0.125,0.125,0.125,0.125,0.125,0.125,0.125,0.125
122,122.0,0.125,0.125,0.125,0.125,0.125,0.125,0.125,0.125
123,123.0,0.125,0.125,0.125,0.125,0.125,0.125,0.125,0.125
124,124.0,0.125,0.125,0.125,0.125,0.125,0.125,0.125,0.125
125,125.0,0.125,0.125,0.125,0.125,0.125,0.125,0.125,0.125
126,126.0,0.125,0.125,0.125,0.125,0.125,0.125,0.125,0.125
127,127.0,0.125,0.125,0.125,0.125,0.125,0.125,0.125,0.125
128,128.0,0.125,0.125,0.125,0.125,0.125,0.125,0.125,0.125
129,129.0,0.125,0.125,0.125,0.125,0.125,0.125,0.125,0.125
130,130.0,0.125,0.125,0.125,0.125,0.125,0.125,0.125,0.125
131,131.0,0.125,0.125,0.125,0.125,0.125,0.125,0.125,0.125
132,132.0,0.125,0.125,0.125,0.125,0.125,0.125,0.125,0.125
133,133.0,0.125,0.125,0.125,0.125,0.125,0.125,0.125,0.125
134,134.0,0.125,0.125,0.125,0.125,0.125,0.125,0.125,0.125
135,135.0,0.125,0.125,0.125,0.125,0.125,0.125,0.125,0.125
136,136.0,0.125,0.125,0.125,0.125,0.125,0.125,0.125,0.125
137,137.0,0.125,0.125,0.125,0.125,0.125,0.125,0.125,0.125
138,138.0,0.125,0.125,0.125,0.125,0.125,0.125,0.125,0.125
139,139.0,0.125,0.125,0.125,0.125,0.125,0.125,0.125,0.125
140,140.0,0.125,0.125,0.125,0.125,0.125,0.125,0.125,0.125
141,141.0,0.125,0.125,0.125,0.125,0.125,0.125,0.125,0.125
142,142.0,0.125,0.125,0.125,0.125,0.125,0.125,0.125,0.125
143,143.0,0.125,0.125,0.125,0.125,0.125,0.125,0.125,0.125
144,144.0,0.125,0.125,0.125,0.125,0.125,0.125,0.125,0.125
145,145.0,0.125,0.125,0.125,0.125,0.125,0.125,0.125,0.125
146,146.0,0.125,0.125,0.125,0.125,0.125,0.125,0.125,0.125
147,147.0,0.125,0.125,0.125,0.125,0.125,0.125,0.125,0.125
148,148.0,0.125,0.125,0.125,0.125,0.125,0.125,0.125,0.125
149,149.0,0.125,0.125,0.125,0.125,0.125,0.125,0.125,0.125
150,150.0,0.125,0.125,0.125,0.125,0.125,0.125,0.125,0.125
151,151.0,0.125,0.125,0.125,0.125,0.125,0.125,0.125,0.125
152,152.0,0.125,0.125,0.125,0.125,0.125,0.125,0.125,0.125
153,153.0,0.125,0.125,0.125,0.125,0.125,0.125,0.125,0.125
154,154.0,0.125,0.125,0.125,0.125,0.125,0.125,0.125,0.125
155,155.0,0.125,0.125,0.125,0.125,0.125,0.125,0.125,0.125
156,156.0,0.125,0.125,0.125,0.125,0.125,0.125,0.125,0.125
157,157.0,0.125,0.125,0.125,0.125,0.125,0.125,0.125,0.125
158,158.0,0.125,0.125,0.125,0.125,0.125,0.125,0.125,0.125
159,159.0,0.125,0.125,0.125,0.125,0.125,0.125,0.125,0.125
160,160.0,0.125,0.125,0.125,0.125,0.125,0.125,0.125,0.125
161,161.0,0.125,0.125,0.125,0.125,0.125,0.125,0.125,0.125
162,162.0,0.125,0.125,0.125,0.125,0.125,0.125,0.125,0.125
163,163.0,0.125,0.125,0.125,0.125,0.125,0.125,0.125,0.125
164,164.0,0.125,0.125,0.125,0.125,0.125,0.125,0.125,0.125
165,165.0,0.125,0.125,0.125,0.125,0.125,0.125,0.125,0.125
166,166.0,0.125,0.125,0.125,0.125,0.125,0.125,0.125,0.125
167,167.0,0.125,0.125,0.125,0.125,0.125,0.125,0.125,0.125
168,168.0,0.125,0.125,0.125,0.125,0.125,0.125,0.125,0.125
169,169.0,0.125,0.125,0.125,0.125,0.125,0.125,0.125,0.125
170,170.0,0.125,0.125,0.125,0.125,0.125,0.125,0.125,0.125
171,171.0,0.125,0.125,0.125,0.125,0.125,0.125,0.125,0.125
172,172.0,0.125,0.125,0.125,0.125,0.125,0.125,0.125,0.125
173,173.0,0.125,0.125,0.125,0.125,0.125,0.125,0.125,0.125
174,174.0,0.125,0.125,0.125,0.125,0.125,0.125,0.125,0.125
175,175.0,0.125,0.125,0.125,0.125,0.125,0.125,0.125,0.125
176,176.0,0.125,0.125,0.125,0.125,0.125,0.125,0.125,0.125
177,177.0,0.125,0.125,0.125,0.125,0.125,0.125,0.125,0.125
178,178.0,0.125,0.125,0.125,0.125,0.125,0.125,0.125,0.125
179,179.0,0.125,0.125,0.125,0.125,0.125,0.125,0.125,0.125
180,180.0,0.125,0.125,0.125,0.125,0.125,0.125,0.125,0.125
181,181.0,0.125,0.125,0.125,0.125,0.125,0.125,0.125,0.125
182,182.0,0.125,0.125,0.125,0.125,0.125,0.125,0.125,0.125
183,183.0,0.125,0.125,0.125,0.125,0.125,0.125,0.125,0.125
184,184.0,0.125,0.125,0.125,0.125,0.125,0.125,0.125,0.125
185,185.0,0.125,0.125,0.125,0.125,0.125,0.125,0.125,0.125
186,186.0,0.125,0.125,0.125,0.125,0.125,0.125,0.125,0.125
187,187.0,0.125,0.125,0.125,0.125,0.125,0.125,0.125,0.125
188,188.0,0.125,0.125,0.125,0.125,0.125,0.125,0.125,0.125
189,189.0,0.125,0.125,0.125,0.125,0.125,0.125,0.125,0.125
190,190.0,0.125,0.125,0.125,0.125,0.125,0.125,0.125,0.125
191,191.0,0.125,0.125,0.125,0.125,0.125,0.125,0.125,0.125
192,192.0,0.125,0.125,0.125,0.125,0.125,0.125,0.125,0.125
193,193.0,0.125,0.125,0.125,0.125,0.125,0.125,0.125,0.125
194,194.0,0.125,0.125,0.125,0.125,0.125,0.125,0.125,0.125
195,195.0,0.125,0.125,0.125,0.125,0.125,0.125,0.125,0.125
196,196.0,0.125,0.125,0.125,0.125,0.125,0.125,0.125,0.125
197,197.0,0.125,0.125,0.125,0.125,0.125,0.125,0.125,0.125
198,198.0,0.125,0.125,0.125,0.125,0.125,0.125,0.125,0.125
199,199.0,0.125,0.125,0.125,0.125,0.125,0.125,0.125,0.125
200,200.0,0.1255833333333333,0.1254722222222222,0.1255833333333333,0.1254722222222222,0.1244722222222222,0.1244722222222222,0.1244722222222222,0.1244722222222222
201,201.0,0.1260219444444444,0.1258008333333333,0.1260219444444444,0.1258008333333333,0.1238108333333333,0.1238108333333333,0.1238108333333333,0.1249219444444444
202,202.0,0.1260342527777777,0.129038575,0.1260342527777777,0.1257052416666667,0.1227441416666666,0.1227441416666666,0.1227441416666666,0.1249552527777777
203,203.0,0.1256125518525641,0.1323247635876069,0.1255014407414529,0.125178609741453,0.121273130741453,0.121273130741453,0.122273130741453,0.1265632418525641
204,204.0,0.1250412977657484,0.1351222669437582,0.1247292775637281,0.1261295226880139,0.1196897807546373,0.1196897807546373,0.1215888716637282,0.1280092018657484
205,205.0,0.1241466695298702,0.1383380757941353,0.1235609917520924,0.126669431508421,0.1178266702677591,0.1178266702677591,0.1215311036010924,0.1301003872788702
206,206.0,0.1220879189851627,0.1424242893018997,0.1222810369362116,0.1278364268044749,0.1159594856897727,0.1159594856897727,0.1213709136408217,0.1320804429518838
207,207.0,0.1199688290847391,0.1472774803907105,0.1209378550891447,0.1288882978078181,0.114074089492352,0.114074089492352,0.1210537123058485,0.133725646337035
208,208.0,0.1177677402142908,0.1506574787766343,0.1194473712286513,0.1296672636789138,0.1132533834616413,0.1121422723505302,0.1212148895635098,0.1358496007258284
209,209.0,0.1161874405821022,0.1529712602895571,0.1178469626524214,0.1302023990318494,0.1131193021114732,0.1101939052860763,0.1211263411033107,0.1383523889432095
210,210.0,0.1152304332594481,0.1549225163718574,0.1161409763451413,0.1315329431351193,0.1128961599289312,0.1081846202463915,0.1208368798045942,0.1402554709085169
211,211.0,0.115148532293175,0.1564754173532047,0.1143044602904192,0.1332368566434643,0.1126262188502025,0.1060880322268259,0.12036637246108,0.1417541098816283
212,212.0,0.1141931412954026,0.1590828411624524,0.1124121226668365,0.1346467764683063,0.1129082001670352,0.1039771274488534,0.1197809187939731,0.1429988719971403
213,213.0,0.1131303190234144,0.1616367461272028,0.1104329495269957,0.1357248642516088,0.1130199143375273,0.1018189271555749,0.1205704870199228,0.1436657925577532
214,214.0,0.1124678100129899,0.1634255553445447,0.1083693116211988,0.1364688883752057,0.1129182659689852,0.1012803050353982,0.1211124924835597,0.1439573711581176
215,215.0,0.1117522248250054,0.1638840300886267,0.1063556411126545,0.1370763407419752,0.1137350363606323,0.1015151670048984,0.1215998025322155,0.1440817573339917
216,216.0,0.1111114115444814,0.1641560036747185,0.1044647702744154,0.1376124963116245,0.1145856005479178,0.1018668929584897,0.1227573725812609,0.1434454521070916
217,217.0,0.1105026344468104,0.1642157398160915,0.1026616611811666,0.1386624565415025,0.1153747401760717,0.1015093818023296,0.1237399342634998,0.1433334517725277
218,218.0,0.1092313875747938,0.1652772310884347,0.1009013589885143,0.1394199578056688,0.1169922867830708,0.1011002852354902,0.1245031589203158,0.1425743336037115
219,219.0,0.1078386850682585,0.1655549537110474,0.0984137117411744,0.1397831332512797,0.1180997605640263,0.1021096342218126,0.1266866622359387,0.1415134592064622
220,220.0,0.1063901511405676,0.166388988919511,0.095935882041935,0.1405778338516672,0.1188357032976364,0.102973960089881,0.1286234589435032,0.1402740217152985
221,221.0,0.1051983950656543,0.1664245725623632,0.0937842072255191,0.1424685778009676,0.1197165053978963,0.1032265111702294,0.1308357515036392,0.1383454792737308
222,222.0,0.1039538024731359,0.16627109738964,0.0916517344059545,0.143875254923198,0.1212014070396725,0.1033800852849721,0.1333964448280657,0.1362701736553611
223,223.0,0.1019240585406536,0.1651026392882615,0.0894744903783738,0.1465857793334174,0.1224312220684684,0.1034549047513827,0.1369791300911476,0.1340477755482947
224,224.0,0.1005475557061085,0.1635163332910592,0.0872490737992037,0.1497440735351372,0.1240085577096909,0.103247493554027,0.1400918213174286,0.1315950910873447
225,225.0,0.0991294198697374,0.1616777027054629,0.0851064938183325,0.1525816530650656,0.1259713500841465,0.1028944675525738,0.1435741089470438,0.1290648039576372
226,226.0,0.09813124680172,0.1594553050828715,0.0828822645664933,0.1554341870138206,0.1280325720953258,0.1028627610664371,0.1468885787911144,0.1263130845822171
227,227.0,0.0970830922385596,0.1571037091449725,0.0813547178876966,0.1578989973553159,0.1298920461250161,0.10274716030393,0.1503379059995276,0.1235823709449815
228,228.0,0.0959599724172916,0.1546181519304476,0.0798981151803743,0.1606543349065773,0.1307091730866846,0.102548364889263,0.154755952027223,0.1208559355621384
229,229.0,0.0948198564577985,0.1520430382996694,0.0786739884748363,0.1628478819298158,0.131944106983813,0.1021856446029669,0.1587635680696343,0.1187219151814656
230,230.0,0.0932487460887516,0.1489859759858251,0.0776695717597291,0.1654417352001602,0.1327413100413,0.1020220306986675,0.163070745600361,0.1168198846252053
231,231.0,0.0910324212390418,0.1459193665312713,0.0767698422279286,0.1676348378408984,0.1333513063947501,0.1017951482300115,0.1685249245315217,0.1149721530045765
232,232.0,0.08893882603208,0.142956090171472,0.0752559453493331,0.1701355676744055,0.1338385644131743,0.1015654405402631,0.1740659504149075,0.1132436154043642
233,233.0,0.0874328133742737,0.1399834009850448,0.0737939389102925,0.1720204486060369,0.133536125855756,0.1020420801152463,0.1796068662299082,0.1115843259234414
234,234.0,0.0864315573533045,0.1369993753102484,0.0723606620949735,0.1733801288535467,0.1329122240982164,0.1029120956414914,0.1851232884804916,0.1098806681677275
235,235.0,0.0854498605345056,0.1337306035986678,0.0710520334587052,0.175514595248014,0.1315341095460107,0.1029709664511295,0.1914666820546724,0.1082811491082948
236,236.0,0.0843560568547098,0.130226172040351,0.0697077187873784,0.1791297954289964,0.1297784175095143,0.1028302409367014,0.1973415334395702,0.1066300650027784
237,237.0,0.0832637617437813,0.1266135054237395,0.0683888281171264,0.1831888395412184,0.1277663597967561,0.103863355286165,0.2025725309272978,0.1043428191639154
238,238.0,0.0821430240486018,0.1228988306734878,0.0670869297288483,0.1874729595828172,0.1255282783304569,0.1047242514380582,0.2080589041999963,0.1020868219977333
239,239.0,0.0812092012368459,0.1193300493030608,0.0660149315368963,0.19086302450487,0.1228082234508974,0.1061324091207705,0.2123405766844083,0.1013015841622506
240,240.0,0.0798495843706733,0.1162781508638118,0.0650312214172325,0.194214513006119,0.1193792817741992,0.1063750362975435,0.2177120903580769,0.1011601219123436
241,241.0,0.0784822710320863,0.1133416802627065,0.0640727762010906,0.1977957362397834,0.1158504570769661,0.1069392158067509,0.222466821027637,0.1010510423529791
242,242.0,0.0771575838219266,0.1111006550316294,0.0631675336704939,0.2010815307724058,0.112256848844146,0.1073790743963152,0.2268636956321725,0.1009930778309105
243,243.0,0.0762773366726463,0.1091939861154556,0.0623428248861566,0.2041921473105341,0.1086885813591111,0.1072713001613236,0.2312785281031809,0.1007552953915916
244,244.0,0.075415411513516,0.1072487873045232,0.0615406747174693,0.2069392688007447,0.1051577273776995,0.1068139158581053,0.2363593286206277,0.100524885807314
245,245.0,0.0745030977612487,0.1056597919656268,0.0607198411971809,0.2103875669276965,0.1015830764958346,0.1065909499848168,0.2402992673865524,0.1002564082810432
246,246.0,0.0735803644345296,0.1041664688580188,0.0599433378077907,0.2144211993764008,0.0981161047448972,0.1062697460720679,0.2435198033013909,0.0999829754049039
247,247.0,0.0726753346688139,0.1026670013266691,0.0592094872223818,0.2191770318652011,0.0947168171888335,0.1052696874605076,0.246558148362143,0.0997264919054498
248,248.0,0.0717641419730241,0.1012652030953973,0.0584918582699006,0.2239001451221852,0.0913825306614006,0.1045603212112676,0.2492012859071368,0.0994345137596875
249,249.0,0.0705564736433271,0.0998570156997337,0.058219363167559,0.2289932901166801,0.0881722679700685,0.1037991612457628,0.2512441312807544,0.0991582968761142
250,250.0,0.0693277200616247,0.0987616903184764,0.0579312894481283,0.2342821394785558,0.0850522873428842,0.1029459894204515,0.2528650410720307,0.0988338428578481
251,251.0,0.0685017263977751,0.0976978135699169,0.0576212785514581,0.2393685160808216,0.0819823977794853,0.1014379498424132,0.2545783764000342,0.0988119413780955
252,252.0,0.0676675833618102,0.0963184064133051,0.0573258839658434,0.2445518064915049,0.0790515962335272,0.0998864873733353,0.256435632034972,0.0987626041257017
253,253.0,0.0668367794446302,0.0952570089786803,0.0570096705054881,0.2491291447063057,0.0766225252771579,0.0982884029579844,0.2578636474988198,0.0989928206309334
254,254.0,0.0657296885537224,0.0941837768648269,0.0567040416389234,0.253831995404601,0.0743450219422897,0.0961349858760816,0.2598507075667772,0.0992197821527774
255,255.0,0.064572708343391,0.0933487113231385,0.0563328019651964,0.2581041784419718,0.0724282893328176,0.0943416343257959,0.2617572171585821,0.0991144591091063
256,256.0,0.0634217830790125,0.0925762334256839,0.0559574919577315,0.2621488365368457,0.0706171346732378,0.0928490427404907,0.2636785600083597,0.0987509175786379
257,257.0,0.0622590189429339,0.0918390366407494,0.0555542881750895,0.2657799852449143,0.0688894603548553,0.091209042773221,0.2658637556482497,0.0986054122199867
258,258.0,0.0611110938246003,0.091143373959278,0.0551446994115914,0.2694704537461684,0.0672836951579711,0.0894725354661843,0.2676816421740679,0.0986925062601383
259,259.0,0.0599878128113283,0.0904875095883605,0.0547225965560542,0.273106507771842,0.0657936895316873,0.0876553234791745,0.2692600251889366,0.0989865350726163
260,260.0,0.0585808482776255,0.0899114313210934,0.0543215914679112,0.2766830018369764,0.0644797366055095,0.0858100488596801,0.2709555114118183,0.0992578302193851
261,261.0,0.057527972635257,0.0894201331388054,0.0539411188109703,0.2797628468713994,0.0629890164813953,0.0839535387069386,0.2728922094306648,0.0995131639245688
262,262.0,0.0565447959608527,0.0886678789338385,0.0535809277855282,0.2825819788516307,0.0616337995314688,0.0821771830065482,0.2748010964552484,0.1000123394748842
263,263.0,0.0556222858759569,0.0879763987115888,0.0532411341542237,0.2857089761994111,0.0604313268197201,0.080071947576811,0.2764841995991532,0.1004637310631348
264,264.0,0.0547799036580437,0.087362839899209,0.0529333949278768,0.2883027970688236,0.0589402095127895,0.0780165123961786,0.278254554874397,0.1014097876626813
265,265.0,0.0539720120028583,0.0866729663944376,0.0526004293943446,0.2904701332335245,0.0575673702779895,0.0759789694556423,0.2798463198753332,0.1028917993658695
266,266.0,0.0532124697450765,0.0859184373797255,0.0522572929244621,0.2921360225901265,0.0563240431250079,0.0739856429435554,0.2818905783180002,0.1042755129740455
267,267.0,0.0524820740353907,0.0850872681060043,0.051886440901338,0.2937918614363191,0.0551878504558715,0.0720285568192446,0.2834272367389908,0.1061087115068407
268,268.0,0.0517873415452719,0.0841935904978506,0.0515031959420782,0.2955570115032029,0.0541616704294575,0.0701242455496209,0.2848796214908684,0.1077933230416493
269,269.0,0.0511107401757023,0.0832277797758392,0.0510920197599208,0.2972650904494903,0.0532239509965312,0.0682640201405605,0.2863121902974327,0.1095042084045227
270,270.0,0.0504872364971757,0.0822329013177272,0.0506772785681107,0.2987877691562409,0.0523784264333838,0.0665268180020758,0.2876210794662386,0.1112884905590469
271,271.0,0.0498934114255142,0.0811937315025824,0.0505226337836993,0.3003481210783386,0.0515989525868608,0.0648501123966469,0.2889043821264092,0.1126886550999485
272,272.0,0.0493263904800187,0.0803926176984808,0.0503469722195672,0.3011644508204953,0.0511807248991574,0.0632839983901729,0.290574874460908,0.1137299710311994
273,273.0,0.0487878526994834,0.0796303687522291,0.0501614658258773,0.3014844182782601,0.0508167260117275,0.0617915535482745,0.2929119857848404,0.1144156290993075
274,274.0,0.0482812102127536,0.078917996939741,0.0499756946458248,0.3017482744963718,0.0505288431575113,0.0606827582891086,0.2947575878828927,0.1151076343757959
275,275.0,0.0477910313046817,0.0781624129203141,0.0497606309277545,0.3020170854152415,0.0502713283731208,0.0596299302987002,0.2965821114343288,0.1157854693258581
276,276.0,0.0475670579545426,0.0774601452988666,0.049543638993822,0.3019074348337103,0.0500566543204141,0.0589203898175879,0.2984001660254836,0.1161445127555727
277,277.0,0.0475934881983681,0.0768090810042675,0.0493283279824559,0.3014660655853025,0.0498776074483569,0.0583103536448638,0.3004028069759044,0.1162122691604806
278,278.0,0.047858499826285,0.0762056435477321,0.0494166112173624,0.3008776905857698,0.0497326195192989,0.0577968687238035,0.3020958291180464,0.1160162374617015
279,279.0,0.0481474254168207,0.075391920425631,0.0494986419003201,0.300141598898809,0.0496359627934464,0.0573398147649965,0.3042795264276415,0.1155651093723346
280,280.0,0.0484565584568388,0.0745619197357944,0.0495706027532606,0.2992134941706436,0.0495851549892128,0.0569752177689951,0.3066042217344301,0.1150328303908243
281,281.0,0.0487413330286734,0.0737017458558599,0.049612246027906,0.2982809838654823,0.049536573265172,0.0568415482907887,0.3086478081034037,0.1146377615627137
282,282.0,0.0489956157835488,0.0728757881669853,0.049624973121892,0.2972813321743996,0.0496434341614705,0.056718400311424,0.3108620150466029,0.1139984412336766
283,283.0,0.0492165363980712,0.0720862851734649,0.0496091325717283,0.2964046006462166,0.0497403558761753,0.0566011727197907,0.3132063091336002,0.1131356074809525
284,284.0,0.0494213908619224,0.071354411139388,0.0495923488414184,0.2954261608685765,0.049859917483918,0.0565428351415055,0.3155745921742156,0.1122283434890554
285,285.0,0.0496019889780446,0.0706747085864992,0.0498461753320349,0.2944056961468363,0.0499749851427285,0.0565254081250406,0.3179716670340369,0.1109993706547787
286,286.0,0.0497564972776726,0.0700470191459764,0.0500897868130271,0.2934115576403226,0.0500821637386723,0.0565428138354622,0.3203295056874852,0.1097406558613814
287,287.0,0.0498635777069378,0.0693897363360083,0.0502733503480359,0.29270289566234,0.0501585335873933,0.0565372252961558,0.3224845248552934,0.1085901562078351
288,288.0,0.0499417188582117,0.0687101779711443,0.0504011493649271,0.2919514881813387,0.050206485683604,0.0567140160652296,0.3245120758982537,0.1075628879772906
289,289.0,0.0499955140251577,0.0680863714623201,0.0505179485786686,0.2911783091666244,0.0502581158557162,0.0569138379330438,0.3265026815092444,0.1065472214692245
290,290.0,0.0500248992397079,0.0675176848060514,0.0506228439478672,0.2905522692352636,0.0500938044695472,0.0570829112078704,0.3283699631854757,0.1057356239082166
291,291.0,0.0500367853172613,0.0669408656266943,0.0506972930166329,0.2897325418592933,0.0499150846981656,0.0572488586949751,0.3304857893157606,0.1049427814712167
292,292.0,0.0500190523872937,0.0663589574409263,0.0507429089118559,0.2892271249846205,0.0499024347693942,0.0574134018679875,0.3321677936202288,0.1041683260176929
293,293.0,0.049965202529621,0.0658168571344598,0.0507495607258323,0.289027799752359,0.0498749579423159,0.0577274301878211,0.3332995578386228,0.1035386338889679
294,294.0,0.0498738734558244,0.0652606080595119,0.0507186434918561,0.2889435884022811,0.0498204155917351,0.0579917063101142,0.3343197804056961,0.103071384282981
295,295.0,0.049745551552205,0.0647390718709313,0.0506473249626013,0.2890942487333474,0.0498693095389908,0.0582027712499532,0.3352173073959757,0.1024844146959951
296,296.0,0.0495839076090461,0.0642049607758528,0.0505419036160321,0.2891356204468717,0.0498892149965768,0.0583609513017033,0.3363863433563982,0.1018970978975188
297,297.0,0.0493914207541624,0.0636602026690311,0.0504047746727927,0.2890813719292489,0.049880088107201,0.0584659541161825,0.3378042917208478,0.1013118960305333
298,298.0,0.0491767499238672,0.0631571472570025,0.0502533867565163,0.2890988794775601,0.049853173767867,0.0585258321895418,0.339197681138459,0.1007371494891856
299,299.0,0.0489378676704149,0.0628131482275264,0.0500763297316669,0.2891372456843096,0.0498042305578708,0.0585367809867864,0.3405241538886902,0.1001702432527344
300,300.0,0.0486819344067312,0.0624632667652095,0.0498783908296375,0.2893820403629513,0.0497406641132667,0.0585069067636391,0.3417247608184036,0.0996220359401606
301,301.0,0.0484221948134632,0.0621084323901654,0.0496628910802103,0.2899111206847476,0.0496590228313566,0.0582854182010483,0.3428488367206452,0.0991020832783632
302,302.0,0.048160010814794,0.0617874463854538,0.0494417338198586,0.2902370922026824,0.049735826470761,0.0580265671776357,0.3440054153936793,0.0986059077351349
303,303.0,0.0478847813863147,0.0612962350815439,0.0492143093319224,0.2909420623057744,0.0497861300994384,0.057731308523306,0.3450210797319311,0.0981240935397688
304,304.0,0.0476001702574876,0.0609816109564167,0.0489839681596881,0.2916817216352736,0.0498157694204131,0.0574062586900956,0.3458716861444775,0.0976588147361474
305,305.0,0.0473027964536217,0.0606544320653855,0.0487391193880159,0.2924756912347989,0.0498147505978687,0.0570480302326587,0.3467600684995357,0.0972051115281148
306,306.0,0.0470010505244694,0.0605136802825179,0.0484881229448691,0.2932728906230291,0.0497983428204724,0.0566829217392887,0.3474637017025837,0.0967792893627695
307,307.0,0.0466967920033024,0.0603618808123554,0.0482328226945249,0.2942142579725447,0.0497668112871034,0.0563137248435815,0.3482021096960894,0.0962116006904983
308,308.0,0.0463883903210964,0.0601946171435265,0.0479715861964164,0.2952141219993117,0.0497172116848948,0.0559261941156601,0.3489252137156802,0.0956626648234138
309,309.0,0.0460776064426504,0.0601931312856343,0.0477061851503121,0.2960131621765043,0.0496502570958229,0.0555234798269852,0.3497023778911104,0.0951338001309802
310,310.0,0.0459041102680174,0.0601674531529426,0.0474354665180414,0.29666891151749,0.0495554998281703,0.0551029817398671,0.3505423543558925,0.0946232226195787
311,311.0,0.0457280769029438,0.0601189839861558,0.0471638474252361,0.2971275022972146,0.0495589555305623,0.0546733322673076,0.3513631583590711,0.0942661432315087
312,312.0,0.0455562024656463,0.0600881897032521,0.0469035864454692,0.2977705820772538,0.0495538861487514,0.0542438081133677,0.3519436590312986,0.0939400860149608
313,313.0,0.0453886164382382,0.0600728539015925,0.0466556711950905,0.2982736302777871,0.0494005428034177,0.053825484908704,0.352733626762945,0.0936495737122248
314,314.0,0.0452267541837627,0.0600425104577374,0.0464161637516003,0.2987013818062985,0.0492415619080282,0.0534296526546585,0.353547558434828,0.0933944168030863
315,315.0,0.0450627063197163,0.060144450274847,0.0461796355309429,0.2989398404690396,0.0490624906830881,0.0530415837069996,0.3544094782496528,0.0931598147657136
316,316.0,0.0448938718630633,0.0603770245782618,0.0459440806512835,0.2991604216965667,0.0490211319148127,0.0526485997954477,0.3548908374366926,0.0930640320638716
317,317.0,0.0447231092583154,0.0605732702220135,0.0457128287107003,0.2992305055270794,0.0489691419766692,0.0523873822129088,0.3554264321736672,0.092977329918646
318,318.0,0.0445507418809586,0.0607313053987606,0.0454865581496669,0.2993892257076612,0.0489067873282576,0.0521266512046132,0.3559112484326021,0.0928974818974798
319,319.0,0.0443819006139209,0.0608877233182835,0.0452742241723138,0.2993060722643877,0.0488293080427791,0.0518755240362751,0.3566118210631105,0.0928334264889293
320,320.0,0.0441034346531743,0.0609185416829305,0.0450799496012156,0.2993333582245523,0.0487509649251679,0.0516403857934934,0.3573818268631091,0.0927915382563568
321,321.0,0.0438289086332073,0.060941721165343,0.0448989047963506,0.2994127430395042,0.0486657762454966,0.0514082156267398,0.3580913666595808,0.0927523638337774
322,322.0,0.0435684444285522,0.0611818712005687,0.0447324033931103,0.299374562211084,0.0485660367649736,0.0511874271125501,0.3586644949596452,0.0927247599295155
323,323.0,0.0433113926382132,0.0614040955661848,0.0445763360569097,0.2992712387188908,0.0484487646797117,0.0509646050397871,0.3593297918857274,0.092693775414575
324,324.0,0.0430674759479496,0.0616079811453293,0.0444319383959438,0.2991449791321646,0.0483165142618334,0.0507414220551707,0.3600257342506054,0.0926639548110027
325,325.0,0.0428371971984649,0.0617920129974556,0.0442988646031071,0.2989498315723667,0.0481704164467438,0.0506651375471471,0.360652550188663,0.0926339894460514
326,326.0,0.0426208859914775,0.0619550538327156,0.0441767036378165,0.298739439017727,0.0480116637136134,0.0505853180523452,0.3613082008612965,0.092602734893008
327,327.0,0.0424187123027391,0.062096316781805,0.0439036991223212,0.2987744496614281,0.0478414908928162,0.0506438416566015,0.3617522845721655,0.0925692050101229
328,328.0,0.0422391856780667,0.0621855729292172,0.0436406402909669,0.2988128840956441,0.0476621149905549,0.0507066503556176,0.3622108882939697,0.0925420633659626
329,329.0,0.0420640709325857,0.0622209225907137,0.0433855243284807,0.2990405153002307,0.0474718075331461,0.0507684824478944,0.3625402852126703,0.0925083916542781
330,330.0,0.041902109255548,0.0622072809789686,0.0431405925662694,0.2993860945412522,0.0472808716449643,0.0509296872012867,0.3626839836934426,0.0924693801182677
331,331.0,0.0417511190015372,0.0621428154241621,0.0429046224057926,0.2998770248946857,0.0470807984548824,0.0510716595558672,0.3627492710239528,0.0924226892391195
332,332.0,0.0416108030296821,0.0620299816349561,0.0426782039692992,0.3003690851526464,0.0468728589888867,0.0511925431434667,0.362878441953596,0.0923680821274664
333,333.0,0.0414816362139381,0.0618732148045792,0.0424626257815489,0.3010670978325886,0.0466624797483851,0.0512925957564781,0.3628540607098338,0.0923062891526479
334,334.0,0.0413649851556483,0.0616772874143128,0.0422599935780766,0.3016311588568596,0.046452575285068,0.0513833871027039,0.3629879038765269,0.0922427087308035
335,335.0,0.0412602986180729,0.0614452838013776,0.0421756838339998,0.302068418604551,0.0462441212056221,0.0514637837033552,0.3631651725344005,0.0921772376986205
336,336.0,0.0411668337679946,0.0611819303684859,0.0421021321025672,0.3023012736060884,0.0460445268564445,0.0515236096020787,0.3635736139814225,0.0921060797149178
337,337.0,0.0410859038368245,0.0607860019376711,0.0420422226756241,0.3025386145516357,0.0458563159186042,0.0515644924610425,0.3640951335462207,0.0920313150723768
338,338.0,0.0410123054254826,0.0603621827470238,0.0419883895566228,0.3026400453969364,0.0456653913614237,0.0515793547437352,0.3648037249938953,0.0919486057748796
339,339.0,0.0408893769252115,0.0599279365437799,0.0419528885930972,0.3025856534299366,0.0454856300695922,0.0515817298281305,0.3655306470873298,0.0920461375229219
340,340.0,0.0407749034799306,0.0594787327339655,0.0419243592341576,0.3027642941830231,0.0453104313700145,0.0515635542278101,0.3660423136992542,0.0921414110718438
341,341.0,0.0406669092717601,0.05901366257568,0.0418989687129006,0.3031728431489068,0.0451341117024253,0.0515207799215486,0.3663665941400529,0.0922261305267253
342,342.0,0.0405652280475946,0.0586679577776333,0.0418758450068504,0.3033630076088088,0.0449571355504731,0.051454306568399,0.3668172569682858,0.0922992624719545
343,343.0,0.0404704350120343,0.0583120301474193,0.0418549728959808,0.3035031009963725,0.0447838358063049,0.0513667720291201,0.3673480604273837,0.0923607926853838
344,344.0,0.0403837474616987,0.0579494519398324,0.0418370888408186,0.3036199086613506,0.0446160100072687,0.0512696592627772,0.3679095906773298,0.0924145431489235
345,345.0,0.0403065562650493,0.0575865790144357,0.0418241397229405,0.3035973646723771,0.0444597020382121,0.0511683126434518,0.3684643912239395,0.0925929544195936
346,346.0,0.040235942824245,0.0572192243318556,0.0418119654191415,0.3033912583054189,0.0443052137925942,0.0510576448175614,0.3692198890711967,0.0927588614379864
347,347.0,0.0402212529752709,0.0568604972556918,0.0418105433329053,0.3033119041285536,0.0441663835787312,0.0509499748010078,0.3695738603729306,0.0931055835549084
348,348.0,0.0402009078360065,0.0564997297108213,0.0418060222808633,0.3032278123283736,0.0440268421742488,0.0508269331128405,0.369992245864106,0.0934195066927395
349,349.0,0.0401854101663899,0.0561430812891105,0.0418017320805694,0.3030751249310958,0.0438904835341035,0.0506943478831778,0.3704937465076391,0.0937160736079136
350,350.0,0.0401747957588556,0.0557933033254734,0.0417979461655128,0.3029889157724807,0.0437610672956551,0.0505547939777783,0.3709350891988925,0.0939940885053512
351,351.0,0.0401665877069607,0.0554461256552498,0.041791565880867,0.3029879695118513,0.0436358273552307,0.0504021695162989,0.3713239557057166,0.0942457986678245
352,352.0,0.0401611715743015,0.0551063614885103,0.0419004236808363,0.3029840580660812,0.0435135553846991,0.050243196153548,0.3716157226985706,0.0944755109534525
353,353.0,0.0401598633758423,0.0547775132633465,0.0420073551698169,0.3029237618786544,0.0434037170507907,0.0500827695644309,0.3720541204756412,0.0945908992214768
354,354.0,0.0401603138274428,0.0544549896188315,0.0421084601836392,0.3029259129981397,0.0433033504491447,0.0499148227603288,0.3723391552565773,0.0947929949058957
355,355.0,0.0401612626787155,0.0541379652078602,0.0422019572527174,0.3029433318016928,0.0432084142902322,0.0497389460165263,0.3726410508682129,0.0949670718840425
356,356.0,0.0401619332383795,0.0538284094233883,0.0422866867203043,0.3028597802472396,0.0431136081732519,0.0495581355941714,0.3730786422435848,0.0951128043596801
357,357.0,0.0401619330239957,0.0535267940709277,0.042362001259141,0.3026956383552268,0.0430187761003874,0.0493734170006672,0.3736309419141126,0.0952304982755414
358,358.0,0.0402537890497453,0.0532533326247208,0.042446558044151,0.3024225513983458,0.042945731433461,0.0492056089798228,0.3738791104167843,0.095593318052969
359,359.0,0.040344107201181,0.0529896625631358,0.0425214030818366,0.3019910180383304,0.0428756745846067,0.0490369949597122,0.374313692336053,0.0959274472351441
360,360.0,0.0404316662495657,0.0527346563879948,0.042586038090904,0.301407605774649,0.0428109707868753,0.0488654249082897,0.3749323195878585,0.0962313182138629
361,361.0,0.0405151673357546,0.0524865042449418,0.0426398938016672,0.3008372073075451,0.0427494221118932,0.048690886182671,0.375490356347562,0.096590562667965
362,362.0,0.0405938147041654,0.0523493275466251,0.0426829026146127,0.300181480939305,0.0426906614837749,0.0485140731506282,0.3759685752886825,0.0970191642722062
363,363.0,0.0406530940764576,0.0522131552775352,0.0427115103798352,0.2995642591534304,0.0426265213534224,0.0483309922006852,0.376508389439693,0.0973920781189409
364,364.0,0.040693031066253,0.0520771253900424,0.0427260246397953,0.2988201823479785,0.0425569394318522,0.0482434643047383,0.377174486604364,0.0977087462149762
365,365.0,0.0407138710288912,0.051940498469233,0.0427268787540988,0.2982985823788266,0.0424819360234085,0.0481492724925665,0.3777196823858366,0.0979692784671387
366,366.0,0.0407167093771673,0.051803963173463,0.0427152702088213,0.2979798139268811,0.0424048832459473,0.0480496658416213,0.3780031401276584,0.0983265540984403
367,367.0,0.0407144163048724,0.0516702052282913,0.0426950476934851,0.2976956213893632,0.0423290865336782,0.0479537066404062,0.3782934392142152,0.0986484769956884
368,368.0,0.0407073314989969,0.0515395522586632,0.0426668616717961,0.2973769040452356,0.0422519887931818,0.0478635647480362,0.3786590758843995,0.0989347210996908
369,369.0,0.0406841054553017,0.0514095280012484,0.0426287233424732,0.2972243603704165,0.0421736333626969,0.0477712047707717,0.3789444874229637,0.0991639572741278
370,370.0,0.0406557375749801,0.0512797200183046,0.042582811574015,0.2969999739183878,0.0420955832915511,0.0476751045286731,0.3793568828621871,0.0993541862319012
371,371.0,0.040622682705373,0.0511504163698362,0.0425304587560857,0.2967675770727756,0.0420159577836919,0.0475759364077616,0.3798273375876591,0.0995096333168168
372,372.0,0.0405863513047106,0.0510223898975826,0.0424726499775819,0.2965367744738479,0.0419386940866377,0.0474780368722174,0.3803349881244248,0.0996301152629971
373,373.0,0.0405471792211662,0.0508953532381346,0.042410053421175,0.2963216837349102,0.0418638052886128,0.0473813951150253,0.3808634286561254,0.0997171013248504
374,374.0,0.0405046124583963,0.0507672733690438,0.0423423468704631,0.2962124670233248,0.041789242512834,0.0472810271587499,0.3813326293083733,0.0997704012988147
375,375.0,0.0404605543710987,0.0506525832237522,0.0422739766716262,0.2960898630462046,0.0417171320717264,0.0472723528670022,0.381736245132774,0.0997972926158156
