,Unnamed: 0,Total_iterations,Intertwine_two,Invert_path_vertices,Insert_inside_vertex,Delete_inside_vertex,Replace_inside_vertex,Donate_between_routes,Trim_one_terminal_cb,Grow_one_terminal_cb
0,0.0,0.0,0.125,0.125,0.125,0.125,0.125,0.125,0.125,0.125
1,1.0,0.10900000000000001,0.125,0.125,0.125,0.125,0.125,0.125,0.125,0.125
2,2.0,0.31601,0.125,0.125,0.125,0.125,0.125,0.125,0.125,0.125
3,3.0,0.6191589000000001,0.125,0.125,0.125,0.125,0.125,0.125,0.125,0.125
4,4.0,1.015801321,0.125,0.125,0.125,0.125,0.125,0.125,0.125,0.125
5,5.0,1.50262148669,0.125,0.125,0.125,0.125,0.125,0.125,0.125,0.125
6,6.0,2.0757334209441005,0.125,0.125,0.125,0.125,0.125,0.125,0.125,0.125
7,7.0,2.7307768275633495,0.125,0.125,0.125,0.125,0.125,0.125,0.125,0.125
8,8.0,3.4630081252450404,0.125,0.125,0.125,0.125,0.125,0.125,0.125,0.125
9,9.0,4.2673862119061114,0.125,0.125,0.125,0.125,0.125,0.125,0.125,0.125
10,10.0,5.138652627782014,0.125,0.125,0.125,0.125,0.125,0.125,0.125,0.125
11,11.0,6.071405875792507,0.125,0.125,0.125,0.125,0.125,0.125,0.125,0.125
12,12.0,7.060169740244025,0.125,0.125,0.125,0.125,0.125,0.125,0.125,0.125
13,13.0,8.099455520847952,0.125,0.125,0.125,0.125,0.125,0.125,0.125,0.125
14,14.0,9.183818168183006,0.125,0.125,0.125,0.125,0.125,0.125,0.125,0.125
15,15.0,10.307906369102724,0.125,0.125,0.125,0.125,0.125,0.125,0.125,0.125
16,16.0,11.466506686239443,0.125,0.125,0.125,0.125,0.125,0.125,0.125,0.125
17,17.0,12.654581904800096,0.125,0.125,0.125,0.125,0.125,0.125,0.125,0.125
18,18.0,13.867303782456686,0.125,0.125,0.125,0.125,0.125,0.125,0.125,0.125
19,19.0,15.100080434523047,0.125,0.125,0.125,0.125,0.125,0.125,0.125,0.125
20,20.0,16.348578617037543,0.125,0.125,0.125,0.125,0.125,0.125,0.125,0.125
21,21.0,17.608741195130214,0.125,0.125,0.125,0.125,0.125,0.125,0.125,0.125
22,22.0,18.876800103462312,0.125,0.125,0.125,0.125,0.125,0.125,0.125,0.125
23,23.0,20.14928511992658,0.125,0.125,0.125,0.125,0.125,0.125,0.125,0.125
24,24.0,21.423028783545156,0.125,0.125,0.125,0.125,0.125,0.125,0.125,0.125
25,25.0,22.695167792966423,0.125,0.125,0.125,0.125,0.125,0.125,0.125,0.125
26,26.0,23.963141223515898,0.125,0.125,0.125,0.125,0.125,0.125,0.125,0.125
27,27.0,25.224685898775267,0.125,0.125,0.125,0.125,0.125,0.125,0.125,0.125
28,28.0,26.477829247520948,0.125,0.125,0.125,0.125,0.125,0.125,0.125,0.125
29,29.0,27.720879968916847,0.125,0.125,0.125,0.125,0.125,0.125,0.125,0.125
30,30.0,28.95241681848399,0.125,0.125,0.125,0.125,0.125,0.125,0.125,0.125
31,31.0,30.17127581490958,0.125,0.125,0.125,0.125,0.125,0.125,0.125,0.125
32,32.0,31.376536153543515,0.125,0.125,0.125,0.125,0.125,0.125,0.125,0.125
33,33.0,32.567505096778625,0.125,0.125,0.125,0.125,0.125,0.125,0.125,0.125
34,34.0,33.74370209472243,0.125,0.125,0.125,0.125,0.125,0.125,0.125,0.125
35,35.0,34.90484237192463,0.125,0.125,0.125,0.125,0.125,0.125,0.125,0.125
36,36.0,36.05082019768737,0.125,0.125,0.125,0.125,0.125,0.125,0.125,0.125
37,37.0,37.18169203889697,0.125,0.125,0.125,0.125,0.125,0.125,0.125,0.125
38,38.0,38.29765977559663,0.125,0.125,0.125,0.125,0.125,0.125,0.125,0.125
39,39.0,39.399054140870355,0.125,0.125,0.125,0.125,0.125,0.125,0.125,0.125
40,40.0,40.48631852820801,0.125,0.125,0.125,0.125,0.125,0.125,0.125,0.125
41,41.0,41.55999329152982,0.125,0.125,0.125,0.125,0.125,0.125,0.125,0.125
42,42.0,42.62070064560415,0.125,0.125,0.125,0.125,0.125,0.125,0.125,0.125
43,43.0,43.669130257815,0.125,0.125,0.125,0.125,0.125,0.125,0.125,0.125
44,44.0,44.70602560622662,0.125,0.125,0.125,0.125,0.125,0.125,0.125,0.125
45,45.0,45.73217116373481,0.125,0.125,0.125,0.125,0.125,0.125,0.125,0.125
46,46.0,46.748380453854836,0.125,0.125,0.125,0.125,0.125,0.125,0.125,0.125
47,47.0,47.755485010424316,0.125,0.125,0.125,0.125,0.125,0.125,0.125,0.125
48,48.0,48.7543242612326,0.125,0.125,0.125,0.125,0.125,0.125,0.125,0.125
49,49.0,49.745736344347726,0.125,0.125,0.125,0.125,0.125,0.125,0.125,0.125
50,50.0,50.730549855707864,0.125,0.125,0.125,0.125,0.125,0.125,0.125,0.125
51,51.0,51.70957651737491,0.125,0.125,0.125,0.125,0.125,0.125,0.125,0.125
52,52.0,52.68360474770151,0.125,0.125,0.125,0.125,0.125,0.125,0.125,0.125
53,53.0,53.65339410751842,0.125,0.125,0.125,0.125,0.125,0.125,0.125,0.125
54,54.0,54.61967059027847,0.125,0.125,0.125,0.125,0.125,0.125,0.125,0.125
55,55.0,55.58312271885972,0.125,0.125,0.125,0.125,0.125,0.125,0.125,0.125
56,56.0,56.544398407394254,0.125,0.125,0.125,0.125,0.125,0.125,0.125,0.125
57,57.0,57.504102543001395,0.125,0.125,0.125,0.125,0.125,0.125,0.125,0.125
58,58.0,58.462795239617805,0.125,0.125,0.125,0.125,0.125,0.125,0.125,0.125
59,59.0,59.42099071417639,0.125,0.125,0.125,0.125,0.125,0.125,0.125,0.125
60,60.0,60.379156734137354,0.125,0.125,0.125,0.125,0.125,0.125,0.125,0.125
61,61.0,61.337714584760846,0.125,0.125,0.125,0.125,0.125,0.125,0.125,0.125
62,62.0,62.29703950447439,0.125,0.125,0.125,0.125,0.125,0.125,0.125,0.125
63,63.0,63.257461537171835,0.125,0.125,0.125,0.125,0.125,0.125,0.125,0.125
64,64.0,64.21926675122782,0.125,0.125,0.125,0.125,0.125,0.125,0.125,0.125
65,65.0,65.18269877636592,0.125,0.125,0.125,0.125,0.125,0.125,0.125,0.125
66,66.0,66.14796061122655,0.125,0.125,0.125,0.125,0.125,0.125,0.125,0.125
67,67.0,67.11521665648885,0.125,0.125,0.125,0.125,0.125,0.125,0.125,0.125
68,68.0,68.08459493066005,0.125,0.125,0.125,0.125,0.125,0.125,0.125,0.125
69,69.0,69.05618942810752,0.125,0.125,0.125,0.125,0.125,0.125,0.125,0.125
70,70.0,70.03006258152917,0.125,0.125,0.125,0.125,0.125,0.125,0.125,0.125
71,71.0,71.00624779379335,0.125,0.125,0.125,0.125,0.125,0.125,0.125,0.125
72,72.0,71.98475200689319,0.125,0.125,0.125,0.125,0.125,0.125,0.125,0.125
73,73.0,72.96555827861411,0.125,0.125,0.125,0.125,0.125,0.125,0.125,0.125
74,74.0,73.94862834037681,0.125,0.125,0.125,0.125,0.125,0.125,0.125,0.125
75,75.0,74.93390511255946,0.125,0.125,0.125,0.125,0.125,0.125,0.125,0.125
76,76.0,75.92131515639825,0.125,0.125,0.125,0.125,0.125,0.125,0.125,0.125
77,77.0,76.91077104428919,0.125,0.125,0.125,0.125,0.125,0.125,0.125,0.125
78,78.0,77.90217363294813,0.125,0.125,0.125,0.125,0.125,0.125,0.125,0.125
79,79.0,78.89541422641172,0.125,0.125,0.125,0.125,0.125,0.125,0.125,0.125
80,80.0,79.90037661826481,0.125,0.125,0.125,0.125,0.125,0.125,0.125,0.125
81,81.0,80.90683900474995,0.125,0.125,0.125,0.125,0.125,0.125,0.125,0.125
82,82.0,81.91458676253907,0.125,0.125,0.125,0.125,0.125,0.125,0.125,0.125
83,83.0,82.92341387692389,0.125,0.125,0.125,0.125,0.125,0.125,0.125,0.125
84,84.0,83.93312414110099,0.125,0.125,0.125,0.125,0.125,0.125,0.125,0.125
85,85.0,84.94353213744938,0.125,0.125,0.125,0.125,0.125,0.125,0.125,0.125
86,86.0,85.95446401278843,0.125,0.125,0.125,0.125,0.125,0.125,0.125,0.125
87,87.0,86.96575806046569,0.125,0.125,0.125,0.125,0.125,0.125,0.125,0.125
88,88.0,87.97726512277058,0.125,0.125,0.125,0.125,0.125,0.125,0.125,0.125
89,89.0,88.98884882761726,0.125,0.125,0.125,0.125,0.125,0.125,0.125,0.125
90,90.0,90.00038567370311,0.125,0.125,0.125,0.125,0.125,0.125,0.125,0.125
91,91.0,91.01176497844334,0.125,0.125,0.125,0.125,0.125,0.125,0.125,0.125
92,92.0,92.02288870292512,0.125,0.125,0.125,0.125,0.125,0.125,0.125,0.125
93,93.0,93.03367116792947,0.125,0.125,0.125,0.125,0.125,0.125,0.125,0.125
94,94.0,94.04403867475409,0.125,0.125,0.125,0.125,0.125,0.125,0.125,0.125
95,95.0,95.0539290441487,0.125,0.125,0.125,0.125,0.125,0.125,0.125,0.125
96,96.0,96.06329108616237,0.125,0.125,0.125,0.125,0.125,0.125,0.125,0.125
97,97.0,97.07208401311306,0.125,0.125,0.125,0.125,0.125,0.125,0.125,0.125
98,98.0,98.09027680723753,0.125,0.125,0.125,0.125,0.125,0.125,0.125,0.125
99,99.0,99.10774755387719,0.125,0.125,0.125,0.125,0.125,0.125,0.125,0.125
100,100.0,100.12439375031411,0.125,0.125,0.125,0.125,0.125,0.125,0.125,0.125
101,101.0,101.1401313896042,0.125,0.125,0.125,0.125,0.125,0.125,0.125,0.125
102,102.0,102.15489395106924,0.125,0.125,0.125,0.125,0.125,0.125,0.125,0.125
103,103.0,103.16863131687708,0.125,0.125,0.125,0.125,0.125,0.125,0.125,0.125
104,104.0,104.18130863293537,0.125,0.125,0.125,0.125,0.125,0.125,0.125,0.125
105,105.0,105.19290513105847,0.125,0.125,0.125,0.125,0.125,0.125,0.125,0.125
106,106.0,106.20341292805868,0.125,0.125,0.125,0.125,0.125,0.125,0.125,0.125
107,107.0,107.21283581607828,0.125,0.125,0.125,0.125,0.125,0.125,0.125,0.125
108,108.0,108.22118805713512,0.125,0.125,0.125,0.125,0.125,0.125,0.125,0.125
109,109.0,109.22849319351494,0.125,0.125,0.125,0.125,0.125,0.125,0.125,0.125
110,110.0,110.23478288432162,0.125,0.125,0.125,0.125,0.125,0.125,0.125,0.125
111,111.0,111.24009577720442,0.125,0.125,0.125,0.125,0.125,0.125,0.125,0.125
112,112.0,112.2444764230269,0.125,0.125,0.125,0.125,0.125,0.125,0.125,0.125
113,113.0,113.24797424003685,0.125,0.125,0.125,0.125,0.125,0.125,0.125,0.125
114,114.0,114.25064253294545,0.125,0.125,0.125,0.125,0.125,0.125,0.125,0.125
115,115.0,115.25253757123373,0.125,0.125,0.125,0.125,0.125,0.125,0.125,0.125
116,116.0,116.25371772998085,0.125,0.125,0.125,0.125,0.125,0.125,0.125,0.125
117,117.0,117.25424269555346,0.125,0.125,0.125,0.125,0.125,0.125,0.125,0.125
118,118.0,118.25417273761326,0.125,0.125,0.125,0.125,0.125,0.125,0.125,0.125
119,119.0,119.25356804809095,0.125,0.125,0.125,0.125,0.125,0.125,0.125,0.125
120,120.0,120.25248814703997,0.125,0.125,0.125,0.125,0.125,0.125,0.125,0.125
121,121.0,121.25099135462368,0.125,0.125,0.125,0.125,0.125,0.125,0.125,0.125
122,122.0,122.24913432790278,0.125,0.125,0.125,0.125,0.125,0.125,0.125,0.125
123,123.0,123.24697166057496,0.125,0.125,0.125,0.125,0.125,0.125,0.125,0.125
124,124.0,124.24455554337416,0.125,0.125,0.125,0.125,0.125,0.125,0.125,0.125
125,125.0,125.2419354824597,0.125,0.125,0.125,0.125,0.125,0.125,0.125,0.125
126,126.0,126.23915807281209,0.125,0.125,0.125,0.125,0.125,0.125,0.125,0.125
127,127.0,127.23626682340112,0.125,0.125,0.125,0.125,0.125,0.125,0.125,0.125
128,128.0,128.23330203069725,0.125,0.125,0.125,0.125,0.125,0.125,0.125,0.125
129,129.0,129.2303006969568,0.125,0.125,0.125,0.125,0.125,0.125,0.125,0.125
130,130.0,130.22729648962078,0.125,0.125,0.125,0.125,0.125,0.125,0.125,0.125
131,131.0,131.22431973812218,0.125,0.125,0.125,0.125,0.125,0.125,0.125,0.125
132,132.0,132.22139746439223,0.125,0.125,0.125,0.125,0.125,0.125,0.125,0.125
133,133.0,133.21855344339133,0.125,0.125,0.125,0.125,0.125,0.125,0.125,0.125
134,134.0,134.2158082900566,0.125,0.125,0.125,0.125,0.125,0.125,0.125,0.125
135,135.0,135.21317956915482,0.125,0.125,0.125,0.125,0.125,0.125,0.125,0.125
136,136.0,136.21068192465162,0.125,0.125,0.125,0.125,0.125,0.125,0.125,0.125
137,137.0,137.20832722535224,0.125,0.125,0.125,0.125,0.125,0.125,0.125,0.125
138,138.0,138.2061247237293,0.125,0.125,0.125,0.125,0.125,0.125,0.125,0.125
139,139.0,139.20408122503133,0.125,0.125,0.125,0.125,0.125,0.125,0.125,0.125
140,140.0,140.20220126395287,0.125,0.125,0.125,0.125,0.125,0.125,0.125,0.125
141,141.0,141.20048728634274,0.125,0.125,0.125,0.125,0.125,0.125,0.125,0.125
142,142.0,142.19893983363016,0.125,0.125,0.125,0.125,0.125,0.125,0.125,0.125
143,143.0,143.19755772785254,0.125,0.125,0.125,0.125,0.125,0.125,0.125,0.125
144,144.0,144.19633825537417,0.125,0.125,0.125,0.125,0.125,0.125,0.125,0.125
145,145.0,145.19527734758992,0.125,0.125,0.125,0.125,0.125,0.125,0.125,0.125
146,146.0,146.19436975710818,0.125,0.125,0.125,0.125,0.125,0.125,0.125,0.125
147,147.0,147.19360922810353,0.125,0.125,0.125,0.125,0.125,0.125,0.125,0.125
148,148.0,148.1929886597183,0.125,0.125,0.125,0.125,0.125,0.125,0.125,0.125
149,149.0,149.1925002615744,0.125,0.125,0.125,0.125,0.125,0.125,0.125,0.125
150,150.0,150.19213570062917,0.125,0.125,0.125,0.125,0.125,0.125,0.125,0.125
151,151.0,151.19188623877216,0.125,0.125,0.125,0.125,0.125,0.125,0.125,0.125
152,152.0,152.19174286071313,0.125,0.125,0.125,0.125,0.125,0.125,0.125,0.125
153,153.0,153.2016963918529,0.125,0.125,0.125,0.125,0.125,0.125,0.125,0.125
154,154.0,154.21163760596014,0.125,0.125,0.125,0.125,0.125,0.125,0.125,0.125
155,155.0,155.22146832259705,0.125,0.125,0.125,0.125,0.125,0.125,0.125,0.125
156,156.0,156.23110128434428,0.125,0.125,0.125,0.125,0.125,0.125,0.125,0.125
157,157.0,157.24045993707335,0.125,0.125,0.125,0.125,0.125,0.125,0.125,0.125
158,158.0,158.24947812515882,0.125,0.125,0.125,0.125,0.125,0.125,0.125,0.125
159,159.0,159.25809971318412,0.125,0.125,0.125,0.125,0.125,0.125,0.125,0.125
160,160.0,160.26627814527507,0.125,0.125,0.125,0.125,0.125,0.125,0.125,0.125
161,161.0,161.27397595270415,0.125,0.125,0.125,0.125,0.125,0.125,0.125,0.125
162,162.0,162.28116421986329,0.125,0.125,0.125,0.125,0.125,0.125,0.125,0.125
163,163.0,163.2878220181079,0.125,0.125,0.125,0.125,0.125,0.125,0.125,0.125
164,164.0,164.29393581634696,0.125,0.125,0.125,0.125,0.125,0.125,0.125,0.125
165,165.0,165.29949887659865,0.125,0.125,0.125,0.125,0.125,0.125,0.125,0.125
166,166.0,166.30451064205917,0.125,0.125,0.125,0.125,0.125,0.125,0.125,0.125
167,167.0,167.30897612455306,0.125,0.125,0.125,0.125,0.125,0.125,0.125,0.125
168,168.0,168.31290529755205,0.125,0.125,0.125,0.125,0.125,0.125,0.125,0.125
169,169.0,169.31631250027561,0.125,0.125,0.125,0.125,0.125,0.125,0.125,0.125
170,170.0,170.31921585772406,0.125,0.125,0.125,0.125,0.125,0.125,0.125,0.125
171,171.0,171.32163672085042,0.125,0.125,0.125,0.125,0.125,0.125,0.125,0.125
172,172.0,172.32359913045562,0.125,0.125,0.125,0.125,0.125,0.125,0.125,0.125
173,173.0,173.32512930779578,0.125,0.125,0.125,0.125,0.125,0.125,0.125,0.125
174,174.0,174.32625517432393,0.125,0.125,0.125,0.125,0.125,0.125,0.125,0.125
175,175.0,175.32700590245605,0.125,0.125,0.125,0.125,0.125,0.125,0.125,0.125
176,176.0,176.32741149875037,0.125,0.125,0.125,0.125,0.125,0.125,0.125,0.125
177,177.0,177.32750242042775,0.125,0.125,0.125,0.125,0.125,0.125,0.125,0.125
178,178.0,178.32730922573316,0.125,0.125,0.125,0.125,0.125,0.125,0.125,0.125
179,179.0,179.32686225825069,0.125,0.125,0.125,0.125,0.125,0.125,0.125,0.125
180,180.0,180.32619136493395,0.125,0.125,0.125,0.125,0.125,0.125,0.125,0.125
181,181.0,181.32532564729954,0.125,0.125,0.125,0.125,0.125,0.125,0.125,0.125
182,182.0,182.32429324495558,0.125,0.125,0.125,0.125,0.125,0.125,0.125,0.125
183,183.0,183.32312115039647,0.125,0.125,0.125,0.125,0.125,0.125,0.125,0.125
184,184.0,184.32183505378933,0.125,0.125,0.125,0.125,0.125,0.125,0.125,0.125
185,185.0,185.32045921630498,0.125,0.125,0.125,0.125,0.125,0.125,0.125,0.125
186,186.0,186.31901637040602,0.125,0.125,0.125,0.125,0.125,0.125,0.125,0.125
187,187.0,187.3175276453929,0.125,0.125,0.125,0.125,0.125,0.125,0.125,0.125
188,188.0,188.31601251642718,0.125,0.125,0.125,0.125,0.125,0.125,0.125,0.125
189,189.0,189.31448877519375,0.125,0.125,0.125,0.125,0.125,0.125,0.125,0.125
190,190.0,190.31297252033173,0.125,0.125,0.125,0.125,0.125,0.125,0.125,0.125
191,191.0,191.3114781657526,0.125,0.125,0.125,0.125,0.125,0.125,0.125,0.125
192,192.0,192.31001846497384,0.125,0.125,0.125,0.125,0.125,0.125,0.125,0.125
193,193.0,193.30860454962325,0.125,0.125,0.125,0.125,0.125,0.125,0.125,0.125
194,194.0,194.30724598031148,0.125,0.125,0.125,0.125,0.125,0.125,0.125,0.125
195,195.0,195.30595080812776,0.125,0.125,0.125,0.125,0.125,0.125,0.125,0.125
196,196.0,196.31472564508113,0.125,0.125,0.125,0.125,0.125,0.125,0.125,0.125
197,197.0,197.32347574188836,0.125,0.125,0.125,0.125,0.125,0.125,0.125,0.125
198,198.0,198.33211607159598,0.125,0.125,0.125,0.125,0.125,0.125,0.125,0.125
199,199.0,199.34057120761688,0.125,0.125,0.125,0.125,0.125,0.125,0.125,0.125
200,200.0,200.34877511795952,0.12558333333333332,0.12547222222222223,0.12558333333333332,0.12547222222222223,0.12447222222222223,0.12447222222222223,0.12447222222222223,0.12447222222222223
201,201.0,201.3566708860883,0.12602194444444442,0.12580083333333336,0.12602194444444442,0.12580083333333336,0.12381083333333334,0.12381083333333334,0.12381083333333334,0.12492194444444446
202,202.0,202.36421036854333,0.12603425277777777,0.12903857500000004,0.12603425277777774,0.1257052416666667,0.12274414166666668,0.12274414166666668,0.12274414166666668,0.12495525277777779
203,203.0,203.3713537990674,0.1256125518525641,0.1323247635876069,0.12550144074145295,0.12517860974145303,0.121273130741453,0.121273130741453,0.122273130741453,0.12656324185256412
204,204.0,204.37806934854842,0.1250412977657484,0.13512226694375823,0.12472927756372819,0.12612952268801397,0.11968978075463732,0.11968978075463732,0.12158887166372824,0.12800920186574843
205,205.0,205.38433264959582,0.12414666952987023,0.13833807579413537,0.12356099175209244,0.12666943150842105,0.11782667026775914,0.11782667026775914,0.12153110360109248,0.13010038727887024
206,206.0,206.39012629404255,0.12208791898516273,0.14242428930189974,0.12228103693621167,0.1278364268044749,0.11595948568977275,0.11595948568977275,0.1213709136408217,0.13208044295188387
207,207.0,207.39543931110416,0.11996882908473913,0.1472774803907105,0.12093785508914472,0.12888829780781813,0.11407408949235205,0.11407408949235205,0.12105371230584855,0.133725646337035
208,208.0,208.40026663334856,0.11776774021429083,0.1506574787766343,0.11944737122865136,0.1296672636789138,0.11325338346164135,0.11214227235053023,0.12121488956350981,0.13584960072582847
209,209.0,209.40460855703506,0.1161874405821022,0.15297126028955713,0.11784696265242144,0.13020239903184946,0.11311930211147321,0.11019390528607638,0.12112634110331075,0.13835238894320956
210,210.0,210.40847020278255,0.11523043325944818,0.15492251637185742,0.11614097634514134,0.13153294313511935,0.1128961599289312,0.10818462024639151,0.12083687980459422,0.14025547090851692
211,211.0,211.41186098192748,0.11514853229317502,0.15647541735320478,0.11430446029041921,0.1332368566434643,0.11262621885020258,0.10608803222682595,0.12036637246108002,0.1417541098816283
212,212.0,212.41479407333864,0.11419314129540262,0.15908284116245247,0.11241212266683655,0.13464677646830633,0.11290820016703526,0.10397712744885344,0.11978091879397311,0.14299887199714037
213,213.0,213.4172859148753,0.11313031902341449,0.1616367461272028,0.11043294952699573,0.13572486425160882,0.11301991433752731,0.10181892715557493,0.12057048701992287,0.14366579255775322
214,214.0,214.41935571310952,0.11246781001298994,0.16342555534454475,0.1083693116211988,0.13646888837520577,0.11291826596898526,0.10128030503539828,0.12111249248355972,0.1439573711581176
215,215.0,215.42102497438924,0.11175222482500544,0.16388403008862673,0.10635564111265453,0.13707634074197522,0.11373503636063237,0.10151516700489849,0.12159980253221557,0.14408175733399178
216,216.0,216.42231705979708,0.11111141154448144,0.1641560036747185,0.1044647702744154,0.13761249631162453,0.11458560054791789,0.10186689295848977,0.12275737258126096,0.14344545210709164
217,217.0,217.42325676606617,0.11050263444681047,0.1642157398160915,0.10266166118116665,0.13866245654150255,0.11537474017607177,0.10150938180232968,0.1237399342634998,0.14333345177252774
218,218.0,218.4238699340477,0.10923138757479381,0.16527723108843478,0.1009013589885143,0.1394199578056688,0.11699228678307085,0.1011002852354902,0.12450315892031588,0.14257433360371158
219,219.0,219.4241830858906,0.10783868506825856,0.16555495371104745,0.09841371174117446,0.13978313325127972,0.11809976056402635,0.10210963422181261,0.12668666223593872,0.14151345920646227
220,220.0,220.4242230916903,0.10639015114056766,0.16638898891951104,0.09593588204193502,0.14057783385166728,0.11883570329763644,0.10297396008988102,0.1286234589435032,0.1402740217152985
221,221.0,221.4240168659931,0.10519839506565437,0.1664245725623632,0.09378420722551917,0.1424685778009676,0.11971650539789631,0.1032265111702294,0.13083575150363924,0.13834547927373084
222,222.0,222.42359109420573,0.10395380247313595,0.16627109738964005,0.09165173440595453,0.14387525492319803,0.1212014070396725,0.10338008528497214,0.13339644482806576,0.13627017365536115
223,223.0,223.42297198865504,0.10192405854065366,0.16510263928826158,0.08947449037837389,0.14658577933341743,0.12243122206846843,0.10345490475138273,0.13697913009114765,0.13404777554829472
224,224.0,224.42218507377285,0.10054755570610859,0.16351633329105925,0.08724907379920376,0.14974407353513725,0.12400855770969091,0.10324749355402701,0.1400918213174286,0.13159509108734474
225,225.0,225.42125499964115,0.09912941986973745,0.16167770270546294,0.08510649381833252,0.15258165306506566,0.12597135008414656,0.10289446755257384,0.14357410894704384,0.12906480395763728
226,226.0,226.4202053829262,0.09813124680172002,0.1594553050828715,0.08288226456649334,0.15543418701382064,0.12803257209532581,0.10286276106643713,0.14688857879111447,0.12631308458221718
227,227.0,227.4190586740535,0.09708309223855961,0.15710370914497251,0.0813547178876966,0.15789899735531593,0.12989204612501618,0.10274716030393005,0.15033790599952762,0.12358237094498153
228,228.0,228.41783604932755,0.09595997241729162,0.1546181519304476,0.07989811518037437,0.16065433490657735,0.1307091730866846,0.10254836488926301,0.15475595202722303,0.12085593556213847
229,229.0,229.41655732658091,0.09481985645779854,0.15204303829966948,0.07867398847483632,0.1628478819298158,0.13194410698381304,0.10218564460296695,0.15876356806963435,0.11872191518146563
230,230.0,230.4152409028431,0.09324874608875168,0.14898597598582514,0.07766957175972915,0.16544173520016026,0.13274131004130002,0.1020220306986675,0.16307074560036108,0.1168198846252053
231,231.0,231.41390371245063,0.09103242123904184,0.1459193665312713,0.07676984222792864,0.16763483784089842,0.13335130639475012,0.10179514823001157,0.1685249245315217,0.11497215300457653
232,232.0,232.41256120397296,0.08893882603208006,0.14295609017147207,0.07525594534933315,0.17013556767440552,0.13383856441317438,0.10156544054026316,0.17406595041490755,0.11324361540436421
233,233.0,233.4112273343033,0.0874328133742737,0.13998340098504486,0.07379393891029257,0.17202044860603696,0.13353612585575605,0.10204208011524635,0.17960686622990824,0.11158432592344143
234,234.0,234.40991457825757,0.0864315573533045,0.13699937531024842,0.0723606620949735,0.1733801288535467,0.13291222409821643,0.10291209564149147,0.18512328848049164,0.1098806681677275
235,235.0,235.40863395203382,0.08544986053450568,0.1337306035986678,0.07105203345870524,0.175514595248014,0.1315341095460107,0.10297096645112953,0.19146668205467243,0.1082811491082948
236,236.0,236.40739504891212,0.0843560568547098,0.13022617204035108,0.06970771878737846,0.1791297954289964,0.12977841750951433,0.10283024093670146,0.1973415334395702,0.10663006500277843
237,237.0,237.4062060856135,0.08326376174378132,0.12661350542373953,0.06838882811712642,0.18318883954121845,0.12776635979675613,0.10386335528616501,0.2025725309272978,0.10434281916391548
238,238.0,238.40507395778857,0.08214302404860187,0.12289883067348784,0.0670869297288483,0.18747295958281726,0.12552827833045696,0.1047242514380582,0.2080589041999963,0.10208682199773339
239,239.0,239.40400430316825,0.08120920123684591,0.11933004930306086,0.06601493153689633,0.19086302450487,0.12280822345089742,0.10613240912077054,0.21234057668440834,0.10130158416225069
240,240.0,240.4030015709783,0.07984958437067331,0.1162781508638118,0.06503122141723257,0.19421451300611905,0.11937928177419921,0.10637503629754357,0.21771209035807693,0.10116012191234369
241,241.0,241.40206909629757,0.07848227103208638,0.1133416802627065,0.06407277620109063,0.19779573623978347,0.11585045707696612,0.10693921580675093,0.222466821027637,0.1010510423529791
242,242.0,242.40120917812192,0.07715758382192663,0.11110065503162947,0.06316753367049394,0.20108153077240581,0.112256848844146,0.10737907439631528,0.2268636956321725,0.10099307783091051
243,243.0,243.4004231599826,0.07627733667264636,0.10919398611545561,0.06234282488615661,0.20419214731053414,0.10868858135911111,0.10727130016132363,0.23127852810318097,0.10075529539159167
244,244.0,244.3997115120574,0.075415411513516,0.10724878730452325,0.061540674717469365,0.20693926880074479,0.10515772737769957,0.10681391585810535,0.23635932862062772,0.10052488580731408
245,245.0,245.39907391380413,0.0745030977612487,0.10565979196562687,0.06071984119718091,0.2103875669276965,0.10158307649583462,0.1065909499848168,0.24029926738655247,0.10025640828104324
246,246.0,246.39850933623813,0.0735803644345296,0.10416646885801888,0.05994333780779073,0.21442119937640083,0.09811610474489729,0.1062697460720679,0.2435198033013909,0.09998297540490397
247,247.0,247.39801612306638,0.07267533466881397,0.10266700132666917,0.059209487222381854,0.2191770318652011,0.09471681718883357,0.10526968746050765,0.24655814836214301,0.0997264919054498
248,248.0,248.39759206998116,0.07176414197302418,0.10126520309539738,0.058491858269900616,0.2239001451221852,0.09138253066140066,0.10456032121126767,0.24920128590713683,0.09943451375968758
249,249.0,249.39723450150464,0.07055647364332719,0.09985701569973379,0.05821936316755902,0.2289932901166801,0.08817226797006851,0.10379916124576286,0.2512441312807544,0.09915829687611426
250,250.0,250.3969403448607,0.06932772006162477,0.0987616903184764,0.05793128944812837,0.23428213947855586,0.08505228734288424,0.10294598942045152,0.2528650410720307,0.09883384285784816
251,251.0,251.39670620043256,0.0685017263977751,0.09769781356991694,0.05762127855145811,0.23936851608082163,0.08198239777948531,0.10143794984241321,0.2545783764000342,0.09881194137809554
252,252.0,252.39652840844292,0.06766758336181024,0.09631840641330511,0.05732588396584343,0.24455180649150496,0.07905159623352727,0.0998864873733353,0.256435632034972,0.09876260412570173
253,253.0,253.3964031115678,0.06683677944463029,0.09525700897868036,0.05700967050548816,0.2491291447063057,0.07662252527715793,0.0982884029579844,0.2578636474988198,0.09899282063093343
254,254.0,254.3963263132645,0.06572968855372245,0.09418377686482696,0.05670404163892349,0.25383199540460105,0.07434502194228973,0.09613498587608167,0.2598507075667772,0.09921978215277749
255,255.0,255.3962939316589,0.06457270834339106,0.09334871132313857,0.05633280196519649,0.25810417844197187,0.07242828933281767,0.09434163432579595,0.2617572171585821,0.09911445910910635
256,256.0,256.3963018488973,0.06342178307901258,0.09257623342568394,0.055957491957731545,0.26214883653684573,0.07061713467323784,0.09284904274049074,0.26367856000835976,0.0987509175786379
257,257.0,257.3963459559228,0.0622590189429339,0.09183903664074941,0.055554288175089506,0.26577998524491436,0.0688894603548553,0.09120904277322105,0.26586375564824977,0.09860541221998674
258,258.0,258.3964221926866,0.06111109382460033,0.09114337395927805,0.0551446994115914,0.26947045374616846,0.06728369515797117,0.08947253546618436,0.2676816421740679,0.0986925062601383
259,259.0,259.39652658384716,0.05998781281132833,0.09048750958836052,0.05472259655605427,0.273106507771842,0.06579368953168738,0.08765532347917458,0.2692600251889366,0.09898653507261632
260,260.0,260.39665527005315,0.05858084827762558,0.08991143132109349,0.05432159146791126,0.2766830018369764,0.06447973660550955,0.08581004885968016,0.27095551141181834,0.09925783021938514
261,261.0,261.39680453493804,0.05752797263525702,0.08942013313880541,0.05394111881097039,0.2797628468713994,0.06298901648139539,0.08395353870693861,0.27289220943066483,0.09951316392456885
262,262.0,262.39697082798506,0.056544795960852746,0.08866787893383853,0.0535809277855282,0.2825819788516307,0.06163379953146886,0.08217718300654821,0.2748010964552484,0.10001233947488423
263,263.0,263.3971507834475,0.05562228587595691,0.08797639871158885,0.05324113415422373,0.28570897619941116,0.060431326819720126,0.08007194757681108,0.2764841995991532,0.10046373106313482
264,264.0,264.3973412355292,0.05477990365804377,0.08736283989920908,0.05293339492787685,0.28830279706882367,0.05894020951278956,0.07801651239617867,0.278254554874397,0.10140978766268134
265,265.0,265.3975392300475,0.05397201200285835,0.08667296639443764,0.05260042939434463,0.29047013323352455,0.05756737027798953,0.07597896945564239,0.27984631987533326,0.10289179936586959
266,266.0,266.39774203281354,0.05321246974507655,0.08591843737972553,0.0522572929244621,0.29213602259012655,0.056324043125007946,0.07398564294355549,0.28189057831800024,0.10427551297404553
267,267.0,267.3979471349748,0.05248207403539073,0.08508726810600434,0.05188644090133801,0.2937918614363191,0.05518785045587155,0.07202855681924467,0.2834272367389908,0.10610871150684079
268,268.0,268.39815225557015,0.051787341545271974,0.08419359049785063,0.05150319594207827,0.2955570115032029,0.05416167042945753,0.07012424554962096,0.2848796214908684,0.1077933230416493
269,269.0,269.3983553415503,0.05111074017570234,0.08322777977583927,0.05109201975992088,0.29726509044949034,0.0532239509965312,0.06826402014056054,0.2863121902974327,0.1095042084045227
270,270.0,270.398554565517,0.05048723649717577,0.08223290131772723,0.050677278568110794,0.29878776915624095,0.05237842643338385,0.06652681800207587,0.2876210794662386,0.11128849055904699
271,271.0,271.39874832143175,0.04989341142551422,0.08119373150258244,0.05052263378369937,0.3003481210783386,0.05159895258686085,0.06485011239664691,0.2889043821264092,0.11268865509994855
272,272.0,272.3989352185407,0.04932639048001871,0.08039261769848088,0.05034697221956726,0.3011644508204953,0.05118072489915749,0.06328399839017292,0.290574874460908,0.11372997103119947
273,273.0,273.3991140737534,0.04878785269948346,0.07963036875222919,0.05016146582587734,0.30148441827826017,0.0508167260117275,0.061791553548274536,0.2929119857848404,0.1144156290993075
274,274.0,274.3992839027073,0.04828121021275364,0.07891799693974105,0.049975694645824874,0.3017482744963718,0.05052884315751139,0.06068275828910863,0.29475758788289275,0.11510763437579599
275,275.0,275.3994439097387,0.04779103130468179,0.07816241292031417,0.04976063092775452,0.3020170854152415,0.050271328373120844,0.059629930298700284,0.29658211143432883,0.11578546932585818
276,276.0,276.3995934769696,0.047567057954542635,0.07746014529886666,0.04954363899382202,0.3019074348337103,0.05005665432041417,0.05892038981758797,0.2984001660254836,0.11614451275557276
277,277.0,277.3997321527077,0.04759348819836814,0.07680908100426759,0.049328327982455934,0.30146606558530253,0.04987760744835695,0.058310353644863894,0.3004028069759044,0.11621226916048068
278,278.0,278.3998596393449,0.04785849982628506,0.07620564354773215,0.04941661121736247,0.30087769058576985,0.04973261951929893,0.05779686872380356,0.30209582911804644,0.11601623746170156
279,279.0,279.39997578092493,0.0481474254168207,0.075391920425631,0.04949864190032018,0.300141598898809,0.049635962793446474,0.05733981476499654,0.3042795264276415,0.11556510937233463
280,280.0,280.4000805505377,0.04845655845683888,0.07456191973579446,0.049570602753260674,0.2992134941706436,0.049585154989212815,0.05697521776899511,0.30660422173443014,0.11503283039082438
281,281.0,281.4001740376839,0.04874133302867347,0.0737017458558599,0.04961224602790603,0.29828098386548235,0.04953657326517209,0.05684154829078872,0.30864780810340375,0.11463776156271371
282,282.0,282.4002564357386,0.04899561578354889,0.07287578816698534,0.04962497312189204,0.2972813321743996,0.049643434161470594,0.05671840031142407,0.3108620150466029,0.11399844123367664
283,283.0,283.40032802963043,0.049216536398071296,0.0720862851734649,0.049609132571728394,0.29640460064621665,0.049740355876175306,0.05660117271979072,0.31320630913360026,0.11313560748095257
284,284.0,284.40038918383675,0.0494213908619224,0.07135441113938804,0.049592348841418464,0.2954261608685765,0.04985991748391808,0.05654283514150556,0.3155745921742156,0.11222834348905547
285,285.0,285.40044033078414,0.0496019889780446,0.07067470858649925,0.049846175332034955,0.29440569614683637,0.049974985142728585,0.056525408125040616,0.31797166703403695,0.11099937065477877
286,286.0,286.4004819597289,0.04975649727767262,0.07004701914597641,0.05008978681302719,0.2934115576403226,0.05008216373867233,0.05654281383546225,0.3203295056874852,0.10974065586138149
287,287.0,287.4005146061819,0.049863577706937896,0.06938973633600838,0.05027335034803598,0.29270289566234,0.05015853358739339,0.05653722529615584,0.32248452485529344,0.10859015620783519
288,288.0,288.40053884192776,0.04994171885821172,0.06871017797114438,0.050401149364927164,0.29195148818133876,0.05020648568360409,0.056714016065229654,0.3245120758982537,0.10756288797729065
289,289.0,289.40055526567977,0.049995514025157776,0.06808637146232017,0.05051794857866866,0.2911783091666244,0.050258115855716275,0.05691383793304387,0.32650268150924444,0.10654722146922455
290,290.0,290.4005644943998,0.05002489923970796,0.0675176848060514,0.05062284394786723,0.2905522692352636,0.05009380446954725,0.0570829112078704,0.3283699631854757,0.1057356239082166
291,291.0,291.40056715530386,0.05003678531726139,0.06694086562669435,0.0506972930166329,0.2897325418592933,0.04991508469816566,0.057248858694975105,0.33048578931576067,0.10494278147121673
292,292.0,292.40056387856447,0.05001905238729378,0.06635895744092635,0.05074290891185594,0.2892271249846205,0.04990243476939426,0.05741340186798757,0.3321677936202288,0.1041683260176929
293,293.0,293.4005552907133,0.04996520252962101,0.06581685713445982,0.0507495607258323,0.289027799752359,0.049874957942315994,0.05772743018782118,0.3332995578386228,0.10353863388896796
294,294.0,294.40054200874016,0.04987387345582442,0.0652606080595119,0.05071864349185614,0.2889435884022811,0.0498204155917351,0.05799170631011422,0.3343197804056961,0.10307138428298103
295,295.0,295.40052463487694,0.04974555155220501,0.06473907187093132,0.05064732496260131,0.2890942487333474,0.0498693095389908,0.058202771249953295,0.33521730739597577,0.10248441469599516
296,296.0,296.4005037520513,0.04958390760904611,0.0642049607758528,0.05054190361603214,0.2891356204468717,0.04988921499657686,0.058360951301703316,0.3363863433563982,0.10189709789751884
297,297.0,297.4004799199877,0.049391420754162405,0.06366020266903114,0.05040477467279276,0.28908137192924893,0.04988008810720105,0.05846595411618257,0.3378042917208478,0.10131189603053335
298,298.0,298.4004536719305,0.04917674992386727,0.06315714725700254,0.050253386756516395,0.28909887947756013,0.04985317376786709,0.058525832189541875,0.33919768113845905,0.10073714948918562
299,299.0,299.4004255119598,0.048937867670414976,0.06281314822752646,0.050076329731666945,0.28913724568430965,0.04980423055787085,0.058536780986786455,0.34052415388869023,0.10017024325273445
300,300.0,300.40039591286654,0.04868193440673129,0.06246326676520957,0.049878390829637596,0.28938204036295134,0.04974066411326673,0.05850690676363919,0.34172476081840364,0.09962203594016063
301,301.0,301.40036531455394,0.048422194813463264,0.06210843239016544,0.04966289108021032,0.2899111206847476,0.04965902283135663,0.05828541820104832,0.3428488367206452,0.0991020832783632
302,302.0,302.40033412292706,0.04816001081479406,0.06178744638545381,0.049441733819858606,0.29023709220268246,0.04973582647076104,0.058026567177635734,0.34400541539367935,0.09860590773513497
303,303.0,303.4003027092336,0.0478847813863147,0.06129623508154394,0.04921430933192245,0.2909420623057744,0.049786130099438476,0.05773130852330603,0.34502107973193114,0.09812409353976886
304,304.0,304.40027140981715,0.04760017025748765,0.060981610956416736,0.048983968159688196,0.29168172163527367,0.049815769420413186,0.05740625869009569,0.34587168614447755,0.09765881473614743
305,305.0,305.4002405262442,0.04730279645362174,0.06065443206538555,0.04873911938801598,0.29247569123479894,0.04981475059786871,0.0570480302326587,0.3467600684995357,0.09720511152811481
306,306.0,306.40021032576607,0.04700105052446944,0.06051368028251796,0.04848812294486917,0.29327289062302914,0.04979834282047249,0.05668292173928874,0.3474637017025837,0.09677928936276953
307,307.0,307.40018104207815,0.046696792003302484,0.060361880812355405,0.04823282269452492,0.2942142579725447,0.04976681128710345,0.05631372484358154,0.34820210969608945,0.09621160069049832
308,308.0,308.40015287633815,0.046388390321096436,0.06019461714352651,0.04797158619641649,0.29521412199931174,0.04971721168489485,0.055926194115660174,0.3489252137156802,0.09566266482341383
309,309.0,309.40012599840884,0.046077606442650444,0.06019313128563435,0.04770618515031214,0.29601316217650436,0.04965025709582297,0.05552347982698521,0.34970237789111047,0.09513380013098027
310,310.0,310.4001005482884,0.0459041102680174,0.0601674531529426,0.04743546651804142,0.29666891151749,0.04955549982817038,0.05510298173986711,0.35054235435589254,0.09462322261957878
311,311.0,311.40007663769705,0.04572807690294382,0.060118983986155894,0.04716384742523612,0.29712750229721463,0.049558955530562325,0.054673332267307605,0.3513631583590711,0.09426614323150873
312,312.0,312.4000543517879,0.04555620246564638,0.060088189703252116,0.046903586445469284,0.2977705820772538,0.04955388614875147,0.0542438081133677,0.35194365903129865,0.09394008601496084
313,313.0,313.40003375095176,0.0453886164382382,0.060072853901592595,0.046655671195090544,0.2982736302777871,0.049400542803417796,0.05382548490870408,0.35273362676294506,0.09364957371222489
314,314.0,314.4000148726897,0.04522675418376271,0.06004251045773744,0.0464161637516003,0.2987013818062985,0.049241561908028295,0.05342965265465856,0.35354755843482805,0.09339441680308638
315,315.0,315.3999977335271,0.04506270631971637,0.06014445027484705,0.04617963553094291,0.2989398404690396,0.049062490683088114,0.05304158370699966,0.35440947824965285,0.09315981476571367
316,316.0,316.3999823309453,0.044893871863063366,0.060377024578261856,0.045944080651283546,0.29916042169656676,0.0490211319148127,0.052648599795447754,0.35489083743669264,0.09306403206387161
317,317.0,317.3999686453123,0.04472310925831549,0.06057327022201358,0.04571282871070031,0.29923050552707947,0.04896914197666924,0.05238738221290882,0.3554264321736672,0.09297732991864607
318,318.0,318.39995664178946,0.044550741880958686,0.06073130539876063,0.04548655814966692,0.2993892257076612,0.048906787328257637,0.052126651204613225,0.35591124843260213,0.09289748189747982
319,319.0,319.399946272201,0.04438190061392092,0.06088772331828353,0.045274224172313846,0.2993060722643877,0.04882930804277917,0.051875524036275183,0.35661182106311057,0.09283342648892931
320,320.0,320.3999374768494,0.04410343465317432,0.06091854168293056,0.045079949601215655,0.2993333582245523,0.048750964925167964,0.05164038579349342,0.3573818268631091,0.09279153825635687
321,321.0,321.39993018626444,0.04382890863320733,0.06094172116534309,0.044898904796350676,0.2994127430395042,0.04866577624549664,0.051408215626739875,0.3580913666595808,0.09275236383377748
322,322.0,322.3999243228754,0.04356844442855227,0.061181871200568796,0.044732403393110395,0.29937456221108405,0.04856603676497365,0.051187427112550136,0.3586644949596452,0.09272475992951554
323,323.0,323.39991980259646,0.043311392638213216,0.0614040955661848,0.04457633605690977,0.29927123871889083,0.048448764679711785,0.05096460503978714,0.3593297918857274,0.09269377541457505
324,324.0,324.3999165363195,0.04306747594794966,0.06160798114532938,0.044431938395943865,0.29914497913216465,0.04831651426183346,0.05074142205517072,0.36002573425060547,0.09266395481100273
325,325.0,325.399914431307,0.04283719719846498,0.06179201299745563,0.04429886460310716,0.2989498315723667,0.0481704164467438,0.050665137547147195,0.36065255018866305,0.09263398944605147
326,326.0,326.3999133924827,0.042620885991477585,0.061955053832715636,0.044176703637816554,0.29873943901772704,0.04801166371361347,0.05058531805234523,0.3613082008612965,0.092602734893008
327,327.0,327.39991332361603,0.042418712302739185,0.062096316781805,0.043903699122321255,0.29877444966142813,0.04784149089281628,0.05064384165660154,0.36175228457216557,0.09256920501012296
328,328.0,328.3999141283998,0.042239185678066705,0.062185572929217246,0.04364064029096692,0.2988128840956441,0.04766211499055498,0.05070665035561765,0.36221088829396975,0.0925420633659626
329,329.0,329.3999157114213,0.04206407093258571,0.06222092259071371,0.0433855243284807,0.2990405153002307,0.047471807533146136,0.0507684824478944,0.36254028521267034,0.09250839165427818
330,330.0,330.3999179790263,0.041902109255548096,0.06220728097896861,0.04314059256626949,0.2993860945412522,0.0472808716449643,0.05092968720128674,0.3626839836934426,0.09246938011826779
331,331.0,331.3999208400806,0.04175111900153723,0.06214281542416216,0.042904622405792674,0.2998770248946857,0.047080798454882465,0.05107165955586723,0.3627492710239528,0.09242268923911955
