,Unnamed: 0,Total_iterations,Intertwine_two,Add_vertex,Delete_vertex
0,0.0,0.0,0.33333333333333337,0.33333333333333337,0.33333333333333337
1,1.0,0.10900000000000001,0.33333333333333337,0.33333333333333337,0.33333333333333337
2,2.0,0.31601,0.33333333333333337,0.33333333333333337,0.33333333333333337
3,3.0,0.6191589000000001,0.33333333333333337,0.33333333333333337,0.33333333333333337
4,4.0,1.015801321,0.33333333333333337,0.33333333333333337,0.33333333333333337
5,5.0,1.50262148669,0.33333333333333337,0.33333333333333337,0.33333333333333337
6,6.0,2.0757334209441005,0.33333333333333337,0.33333333333333337,0.33333333333333337
7,7.0,2.7307768275633495,0.33333333333333337,0.33333333333333337,0.33333333333333337
8,8.0,3.4630081252450404,0.33333333333333337,0.33333333333333337,0.33333333333333337
9,9.0,4.2673862119061114,0.33333333333333337,0.33333333333333337,0.33333333333333337
10,10.0,5.138652627782014,0.33333333333333337,0.33333333333333337,0.33333333333333337
11,11.0,6.071405875792507,0.33333333333333337,0.33333333333333337,0.33333333333333337
12,12.0,7.060169740244025,0.33333333333333337,0.33333333333333337,0.33333333333333337
13,13.0,8.099455520847952,0.33333333333333337,0.33333333333333337,0.33333333333333337
14,14.0,9.183818168183006,0.33333333333333337,0.33333333333333337,0.33333333333333337
15,15.0,10.307906369102724,0.33333333333333337,0.33333333333333337,0.33333333333333337
16,16.0,11.466506686239443,0.33333333333333337,0.33333333333333337,0.33333333333333337
17,17.0,12.654581904800096,0.33333333333333337,0.33333333333333337,0.33333333333333337
18,18.0,13.867303782456686,0.33333333333333337,0.33333333333333337,0.33333333333333337
19,19.0,15.100080434523047,0.33333333333333337,0.33333333333333337,0.33333333333333337
20,20.0,16.348578617037543,0.33333333333333337,0.33333333333333337,0.33333333333333337
21,21.0,17.608741195130214,0.33333333333333337,0.33333333333333337,0.33333333333333337
22,22.0,18.876800103462312,0.33333333333333337,0.33333333333333337,0.33333333333333337
23,23.0,20.14928511992658,0.33333333333333337,0.33333333333333337,0.33333333333333337
24,24.0,21.423028783545156,0.33333333333333337,0.33333333333333337,0.33333333333333337
25,25.0,22.695167792966423,0.33333333333333337,0.33333333333333337,0.33333333333333337
26,26.0,23.963141223515898,0.33333333333333337,0.33333333333333337,0.33333333333333337
27,27.0,25.224685898775267,0.33333333333333337,0.33333333333333337,0.33333333333333337
28,28.0,26.477829247520948,0.33333333333333337,0.33333333333333337,0.33333333333333337
29,29.0,27.720879968916847,0.33333333333333337,0.33333333333333337,0.33333333333333337
30,30.0,28.95241681848399,0.33333333333333337,0.33333333333333337,0.33333333333333337
31,31.0,30.17127581490958,0.33333333333333337,0.33333333333333337,0.33333333333333337
32,32.0,31.376536153543515,0.33333333333333337,0.33333333333333337,0.33333333333333337
33,33.0,32.567505096778625,0.33333333333333337,0.33333333333333337,0.33333333333333337
34,34.0,33.74370209472243,0.33333333333333337,0.33333333333333337,0.33333333333333337
35,35.0,34.90484237192463,0.33333333333333337,0.33333333333333337,0.33333333333333337
36,36.0,36.05082019768737,0.33333333333333337,0.33333333333333337,0.33333333333333337
37,37.0,37.18169203889697,0.33333333333333337,0.33333333333333337,0.33333333333333337
38,38.0,38.29765977559663,0.33333333333333337,0.33333333333333337,0.33333333333333337
39,39.0,39.399054140870355,0.33333333333333337,0.33333333333333337,0.33333333333333337
40,40.0,40.48631852820801,0.33333333333333337,0.33333333333333337,0.33333333333333337
41,41.0,41.55999329152982,0.33333333333333337,0.33333333333333337,0.33333333333333337
42,42.0,42.62070064560415,0.33333333333333337,0.33333333333333337,0.33333333333333337
43,43.0,43.669130257815,0.33333333333333337,0.33333333333333337,0.33333333333333337
44,44.0,44.70602560622662,0.33333333333333337,0.33333333333333337,0.33333333333333337
45,45.0,45.73217116373481,0.33333333333333337,0.33333333333333337,0.33333333333333337
46,46.0,46.748380453854836,0.33333333333333337,0.33333333333333337,0.33333333333333337
47,47.0,47.755485010424316,0.33333333333333337,0.33333333333333337,0.33333333333333337
48,48.0,48.7543242612326,0.33333333333333337,0.33333333333333337,0.33333333333333337
49,49.0,49.745736344347726,0.33333333333333337,0.33333333333333337,0.33333333333333337
50,50.0,50.730549855707864,0.33333333333333337,0.33333333333333337,0.33333333333333337
51,51.0,51.70957651737491,0.33333333333333337,0.33333333333333337,0.33333333333333337
52,52.0,52.68360474770151,0.33333333333333337,0.33333333333333337,0.33333333333333337
53,53.0,53.65339410751842,0.33333333333333337,0.33333333333333337,0.33333333333333337
54,54.0,54.61967059027847,0.33333333333333337,0.33333333333333337,0.33333333333333337
55,55.0,55.58312271885972,0.33333333333333337,0.33333333333333337,0.33333333333333337
56,56.0,56.544398407394254,0.33333333333333337,0.33333333333333337,0.33333333333333337
57,57.0,57.504102543001395,0.33333333333333337,0.33333333333333337,0.33333333333333337
58,58.0,58.462795239617805,0.33333333333333337,0.33333333333333337,0.33333333333333337
59,59.0,59.42099071417639,0.33333333333333337,0.33333333333333337,0.33333333333333337
60,60.0,60.379156734137354,0.33333333333333337,0.33333333333333337,0.33333333333333337
61,61.0,61.337714584760846,0.33333333333333337,0.33333333333333337,0.33333333333333337
62,62.0,62.29703950447439,0.33333333333333337,0.33333333333333337,0.33333333333333337
63,63.0,63.257461537171835,0.33333333333333337,0.33333333333333337,0.33333333333333337
64,64.0,64.21926675122782,0.33333333333333337,0.33333333333333337,0.33333333333333337
65,65.0,65.18269877636592,0.33333333333333337,0.33333333333333337,0.33333333333333337
66,66.0,66.14796061122655,0.33333333333333337,0.33333333333333337,0.33333333333333337
67,67.0,67.11521665648885,0.33333333333333337,0.33333333333333337,0.33333333333333337
68,68.0,68.08459493066005,0.33333333333333337,0.33333333333333337,0.33333333333333337
69,69.0,69.05618942810752,0.33333333333333337,0.33333333333333337,0.33333333333333337
70,70.0,70.03006258152917,0.33333333333333337,0.33333333333333337,0.33333333333333337
71,71.0,71.00624779379335,0.33333333333333337,0.33333333333333337,0.33333333333333337
72,72.0,71.98475200689319,0.33333333333333337,0.33333333333333337,0.33333333333333337
73,73.0,72.96555827861411,0.33333333333333337,0.33333333333333337,0.33333333333333337
74,74.0,73.94862834037681,0.33333333333333337,0.33333333333333337,0.33333333333333337
75,75.0,74.93390511255946,0.33333333333333337,0.33333333333333337,0.33333333333333337
76,76.0,75.92131515639825,0.33333333333333337,0.33333333333333337,0.33333333333333337
77,77.0,76.91077104428919,0.33333333333333337,0.33333333333333337,0.33333333333333337
78,78.0,77.90217363294813,0.33333333333333337,0.33333333333333337,0.33333333333333337
79,79.0,78.89541422641172,0.33333333333333337,0.33333333333333337,0.33333333333333337
80,80.0,79.89037661826481,0.33333333333333337,0.33333333333333337,0.33333333333333337
81,81.0,80.88693900474995,0.33333333333333337,0.33333333333333337,0.33333333333333337
82,82.0,81.88497576253909,0.33333333333333337,0.33333333333333337,0.33333333333333337
83,83.0,82.88435908692391,0.33333333333333337,0.33333333333333337,0.33333333333333337
84,84.0,83.88496048800103,0.33333333333333337,0.33333333333333337,0.33333333333333337
85,85.0,84.88665214409042,0.33333333333333337,0.33333333333333337,0.33333333333333337
86,86.0,85.88930811312994,0.33333333333333337,0.33333333333333337,0.33333333333333337
87,87.0,86.89280540413424,0.33333333333333337,0.33333333333333337,0.33333333333333337
88,88.0,87.89702491199675,0.33333333333333337,0.33333333333333337,0.33333333333333337
89,89.0,88.90185221995306,0.33333333333333337,0.33333333333333337,0.33333333333333337
90,90.0,89.90717827491419,0.33333333333333337,0.33333333333333337,0.33333333333333337
91,91.0,90.91289994163006,0.33333333333333337,0.33333333333333337,0.33333333333333337
92,92.0,91.91892044225806,0.33333333333333337,0.33333333333333337,0.33333333333333337
93,93.0,92.92514968840067,0.33333333333333337,0.33333333333333337,0.33333333333333337
94,94.0,93.93150451304501,0.33333333333333337,0.33333333333333337,0.33333333333333337
95,95.0,94.93790881009448,0.33333333333333337,0.33333333333333337,0.33333333333333337
96,96.0,95.94429358933806,0.33333333333333337,0.33333333333333337,0.33333333333333337
97,97.0,96.9505969547639,0.33333333333333337,0.33333333333333337,0.33333333333333337
98,98.0,97.9567640140995,0.33333333333333337,0.33333333333333337,0.33333333333333337
99,99.0,98.96274672736057,0.33333333333333337,0.33333333333333337,0.33333333333333337
100,100.0,99.96850370202192,0.33333333333333337,0.33333333333333337,0.33333333333333337
101,101.0,100.97399994219691,0.33333333333333337,0.33333333333333337,0.33333333333333337
102,102.0,101.97920655893245,0.33333333333333337,0.33333333333333337,0.33333333333333337
103,103.0,102.98410044840509,0.33333333333333337,0.33333333333333337,0.33333333333333337
104,104.0,103.98866394444643,0.33333333333333337,0.33333333333333337,0.33333333333333337
105,105.0,104.99288445143917,0.33333333333333337,0.33333333333333337,0.33333333333333337
106,106.0,105.99675406321822,0.33333333333333337,0.33333333333333337,0.33333333333333337
107,107.0,107.0002691731872,0.33333333333333337,0.33333333333333337,0.33333333333333337
108,108.0,108.0034300804274,0.33333333333333337,0.33333333333333337,0.33333333333333337
109,109.0,109.00624059613932,0.33333333333333337,0.33333333333333337,0.33333333333333337
110,110.0,110.00870765431864,0.33333333333333337,0.33333333333333337,0.33333333333333337
111,111.0,111.01084093013685,0.33333333333333337,0.33333333333333337,0.33333333333333337
112,112.0,112.01265246907188,0.33333333333333337,0.33333333333333337,0.33333333333333337
113,113.0,113.01415632942268,0.33333333333333337,0.33333333333333337,0.33333333333333337
114,114.0,114.01536824044418,0.33333333333333337,0.33333333333333337,0.33333333333333337
115,115.0,115.01630527795908,0.33333333333333337,0.33333333333333337,0.33333333333333337
116,116.0,116.0169855589429,0.33333333333333337,0.33333333333333337,0.33333333333333337
117,117.0,117.01742795623892,0.33333333333333337,0.33333333333333337,0.33333333333333337
118,118.0,118.01765183424293,0.33333333333333337,0.33333333333333337,0.33333333333333337
119,119.0,119.01767680610413,0.33333333333333337,0.33333333333333337,0.33333333333333337
120,120.0,120.01752251271817,0.33333333333333337,0.33333333333333337,0.33333333333333337
121,121.0,121.01720842354362,0.33333333333333337,0.33333333333333337,0.33333333333333337
122,122.0,122.01675365905109,0.33333333333333337,0.33333333333333337,0.33333333333333337
123,123.0,123.0161768344173,0.33333333333333337,0.33333333333333337,0.33333333333333337
124,124.0,124.01549592390272,0.33333333333333337,0.33333333333333337,0.33333333333333337
125,125.0,125.01472814520056,0.33333333333333337,0.33333333333333337,0.33333333333333337
126,126.0,126.01388986291661,0.33333333333333337,0.33333333333333337,0.33333333333333337
127,127.0,127.0129965102319,0.33333333333333337,0.33333333333333337,0.33333333333333337
128,128.0,128.01206252771334,0.33333333333333337,0.33333333333333337,0.33333333333333337
129,129.0,129.0111013181695,0.33333333333333337,0.33333333333333337,0.33333333333333337
130,130.0,130.01012521639834,0.33333333333333337,0.33333333333333337,0.33333333333333337
131,131.0,131.0091454726403,0.33333333333333337,0.33333333333333337,0.33333333333333337
132,132.0,132.0081722485317,0.33333333333333337,0.33333333333333337,0.33333333333333337
133,133.0,133.00721462434865,0.33333333333333337,0.33333333333333337,0.33333333333333337
134,134.0,134.0062806163404,0.33333333333333337,0.33333333333333337,0.33333333333333337
135,135.0,135.00537720296956,0.33333333333333337,0.33333333333333337,0.33333333333333337
136,136.0,136.00451035890612,0.33333333333333337,0.33333333333333337,0.33333333333333337
137,137.0,137.00368509565993,0.33333333333333337,0.33333333333333337,0.33333333333333337
138,138.0,138.0029055077818,0.33333333333333337,0.33333333333333337,0.33333333333333337
139,139.0,139.00217482361367,0.33333333333333337,0.33333333333333337,0.33333333333333337
140,140.0,140.0014954596262,0.33333333333333337,0.33333333333333337,0.33333333333333337
141,141.0,141.00086907744122,0.33333333333333337,0.33333333333333337,0.33333333333333337
142,142.0,142.0002966427003,0.33333333333333337,0.33333333333333337,0.33333333333333337
143,143.0,142.99977848500652,0.33333333333333337,0.33333333333333337,0.33333333333333337
144,144.0,143.99931435823203,0.33333333333333337,0.33333333333333337,0.33333333333333337
145,145.0,144.99890350055264,0.33333333333333337,0.33333333333333337,0.33333333333333337
146,146.0,145.9985446936357,0.33333333333333337,0.33333333333333337,0.33333333333333337
147,147.0,146.99823632047406,0.33333333333333337,0.33333333333333337,0.33333333333333337
148,148.0,147.99797642142389,0.33333333333333337,0.33333333333333337,0.33333333333333337
149,149.0,148.99776274806447,0.33333333333333337,0.33333333333333337,0.33333333333333337
150,150.0,149.99759281456036,0.33333333333333337,0.33333333333333337,0.33333333333333337
151,151.0,150.99746394626104,0.33333333333333337,0.33333333333333337,0.33333333333333337
152,152.0,151.99737332532905,0.33333333333333337,0.33333333333333337,0.33333333333333337
153,153.0,152.99731803323698,0.33333333333333337,0.33333333333333337,0.33333333333333337
154,154.0,153.99729509002177,0.33333333333333337,0.33333333333333337,0.33333333333333337
155,155.0,154.99730149022784,0.33333333333333337,0.33333333333333337,0.33333333333333337
156,156.0,155.99733423551103,0.33333333333333337,0.33333333333333337,0.33333333333333337
157,157.0,156.99739036391077,0.33333333333333337,0.33333333333333337,0.33333333333333337
158,158.0,157.99746697583146,0.33333333333333337,0.33333333333333337,0.33333333333333337
159,159.0,158.99756125680176,0.33333333333333337,0.33333333333333337,0.33333333333333337
160,160.0,159.997670497107,0.33333333333333337,0.33333333333333337,0.33333333333333337
161,161.0,160.99779210841066,0.33333333333333337,0.33333333333333337,0.33333333333333337
162,162.0,161.99792363749984,0.33333333333333337,0.33333333333333337,0.33333333333333337
163,163.0,162.9980627773051,0.33333333333333337,0.33333333333333337,0.33333333333333337
164,164.0,163.9982073753568,0.33333333333333337,0.33333333333333337,0.33333333333333337
165,165.0,164.99835543984977,0.33333333333333337,0.33333333333333337,0.33333333333333337
166,166.0,165.99850514349492,0.33333333333333337,0.33333333333333337,0.33333333333333337
167,167.0,166.99865482534062,0.33333333333333337,0.33333333333333337,0.33333333333333337
168,168.0,167.99880299074837,0.33333333333333337,0.33333333333333337,0.33333333333333337
169,169.0,168.99894830970783,0.33333333333333337,0.33333333333333337,0.33333333333333337
170,170.0,169.99908961367427,0.33333333333333337,0.33333333333333337,0.33333333333333337
171,171.0,170.99922589110733,0.33333333333333337,0.33333333333333337,0.33333333333333337
172,172.0,171.99935628188598,0.33333333333333337,0.33333333333333337,0.33333333333333337
173,173.0,172.99948007076793,0.33333333333333337,0.33333333333333337,0.33333333333333337
174,174.0,173.99959668005403,0.33333333333333337,0.33333333333333337,0.33333333333333337
175,175.0,174.99970566161096,0.33333333333333337,0.33333333333333337,0.33333333333333337
176,176.0,175.9998066883961,0.33333333333333337,0.33333333333333337,0.33333333333333337
177,177.0,176.99989954561875,0.33333333333333337,0.33333333333333337,0.33333333333333337
178,178.0,177.99998412166295,0.33333333333333337,0.33333333333333337,0.33333333333333337
179,179.0,179.00006039888612,0.33333333333333337,0.33333333333333337,0.33333333333333337
180,180.0,180.0001284443981,0.33333333333333337,0.33333333333333337,0.33333333333333337
181,181.0,181.00018840091488,0.33333333333333337,0.33333333333333337,0.33333333333333337
182,182.0,182.00024047777083,0.33333333333333337,0.33333333333333337,0.33333333333333337
183,183.0,183.0002849421635,0.33333333333333337,0.33333333333333337,0.33333333333333337
184,184.0,184.00032211069524,0.33333333333333337,0.33333333333333337,0.33333333333333337
185,185.0,185.00035234126688,0.33333333333333337,0.33333333333333337,0.33333333333333337
186,186.0,186.00037602536867,0.33333333333333337,0.33333333333333337,0.33333333333333337
187,187.0,187.0003935808066,0.33333333333333337,0.33333333333333337,0.33333333333333337
188,188.0,188.00040544489266,0.33333333333333337,0.33333333333333337,0.33333333333333337
189,189.0,189.0004120681212,0.33333333333333337,0.33333333333333337,0.33333333333333337
190,190.0,190.00041390834568,0.33333333333333337,0.33333333333333337,0.33333333333333337
191,191.0,191.00041142546425,0.33333333333333337,0.33333333333333337,0.33333333333333337
192,192.0,192.00040507661635,0.33333333333333337,0.33333333333333337,0.33333333333333337
193,193.0,193.00039531188708,0.33333333333333337,0.33333333333333337,0.33333333333333337
194,194.0,194.00038257051185,0.33333333333333337,0.33333333333333337,0.33333333333333337
195,195.0,195.00036727756904,0.33333333333333337,0.33333333333333337,0.33333333333333337
196,196.0,196.0003498411448,0.33333333333333337,0.33333333333333337,0.33333333333333337
197,197.0,197.00033064995154,0.33333333333333337,0.33333333333333337,0.33333333333333337
198,198.0,198.0003100713781,0.33333333333333337,0.33333333333333337,0.33333333333333337
199,199.0,199.00028844994821,0.33333333333333337,0.33333333333333337,0.33333333333333337
200,200.0,200.00026610616183,0.3174949306115489,0.3322835143536133,0.3502215550348379
201,201.0,201.00024333569246,0.3018149119169823,0.33124419356369045,0.3669408945193273
202,202.0,202.0002204089131,0.28643423903385734,0.3302247143524843,0.3833410466136584
203,203.0,203.00019757072255,0.2714767841098612,0.32923328735423524,0.3992899285359036
204,204.0,204.00017504064385,0.257049799898321,0.32827702161763006,0.41467317848404894
205,205.0,205.0001530131666,0.24324450917010648,0.32736196367387044,0.4293935271560231
206,206.0,206.00013165830538,0.23013679548416724,0.32649314332310936,0.4433700611927234
207,207.0,207.00011112234722,0.21778797827313512,0.32567462500955463,0.4565373967173102
208,208.0,208.00009152876143,0.20624565606162976,0.3249095637126212,0.46884478022574905
209,209.0,209.0000729792466,0.19554460257181353,0.3242002643436162,0.48025513308457024
210,210.0,210.00005555489076,0.1857077014664157,0.3235482437034369,0.4907440548301474
211,211.0,211.00003931742162,0.17674690651804834,0.32295429412560245,0.5002987993563492
212,212.0,212.0000243105252,0.16866421506049212,0.3224185479996568,0.5089172369398511
213,213.0,213.00001056121314,0.1614526436592415,0.3219405424416704,0.5166068138990881
214,214.0,213.99999808122018,0.1550971960226784,0.3215192834504273,0.5233835205268943
215,215.0,214.9999868684143,0.14957581425069974,0.32115330895916555,0.5292708767901347
216,216.0,215.99997690820487,0.1448603055745668,0.3208407502627997,0.5342989441626336
217,217.0,216.99996817493434,0.1409172377714564,0.3205793913688037,0.53850337085974
218,218.0,217.9999606332415,0.13770879743209735,0.3203667258858806,0.5419244766820221
219,219.0,218.99995423938554,0.13519360621350812,0.32020001112775237,0.5446063826587397
220,220.0,219.9999489425213,0.13332749111579761,0.32007631916952073,0.5465961897146819
221,221.0,220.99994468591828,0.1320642056778551,0.31999258465077834,0.5479432096713668
222,222.0,221.9999414081164,0.13135609978808316,0.31994564917276375,0.5486982510391533
223,223.0,222.99993904401353,0.13115473655056248,0.3199323021861843,0.5489129612632534
224,224.0,223.99993752588082,0.1314114553324431,0.31994931831176227,0.5486392263557948
225,225.0,224.99993678430258,0.13207788074396615,0.3199934910770262,0.5479286281790078
226,226.0,225.99993674903914,0.13310637786805207,0.3200616630903547,0.5468319590415932
227,227.0,226.99993734981166,0.13445045456220378,0.32015075270680826,0.5453987927309879
228,228.0,227.9999385170088,0.13606511210247318,0.3202577772699096,0.543677110627617
229,229.0,228.99994018231612,0.13790714582884578,0.3203798730393631,0.5417129811317909
230,230.0,229.99994227926956,0.13993539778544756,0.32051431193683894,0.5395502902777133
231,231.0,230.99994474373494,0.14211096362968956,0.3206585152605601,0.5372305211097501
232,232.0,231.9999475143165,0.14439735631436537,0.3208100645346649,0.5347925791509696
233,233.0,232.9999505326967,0.14676062922858482,0.32096670967137386,0.5322726611000411
234,234.0,233.9999537439119,0.14916946162025135,0.32112637463305954,0.5297041637466889
235,235.0,234.99995709656648,0.1515952092177036,0.3212871607876074,0.5271176299946888
236,236.0,235.99996054298992,0.15401192302438851,0.3214473481541857,0.5245407288214257
237,237.0,236.99996403934114,0.1563963392813159,0.32160539473792565,0.5219982659807583
238,238.0,237.99996754566382,0.15872784358089229,0.3217599341512737,0.5195122222678339
239,239.0,238.9999710258976,0.16098841207585698,0.3219097717171355,0.5171018162070073
240,240.0,239.999974447849,0.16316253266172154,0.32205387924460105,0.5147835880936772
241,241.0,240.99997778312678,0.1652371089235373,0.32219138866223546,0.5125715024142271
242,242.0,241.9999810070455,0.167201349531091,0.32232158468684535,0.5104770657820635
243,243.0,242.99998409850193,0.1690466456437333,0.32244389669748713,0.5085094576587795
244,244.0,243.9999870398277,0.17076643874982894,0.32255788997545115,0.5066756712747198
245,245.0,244.9999898166226,0.1723560812189716,0.3226632564612256,0.5049806623198027
246,246.0,245.99999241757178,0.17381269169016517,0.3227598051691717,0.503427503140663
247,247.0,246.99999483425034,0.17513500725849263,0.3228474523899928,0.5020175403515145
248,248.0,247.99999706091853,0.1763232342585573,0.3229262118001932,0.5007505539412495
249,249.0,248.9999990943107,0.17737889927718484,0.32299618458673296,0.4996249161360822
250,250.0,250.00000093342055,0.17830470186233263,0.32305754968411277,0.4986377484535546
251,251.0,251.00000257928522,0.17910437023149722,0.32311055421027474,0.49778507555822804
252,252.0,252.0000040347706,0.17978252112258525,0.3231555041770791,0.49706197470033564
253,253.0,253.00000530435972,0.18034452477449353,0.3231927555407936,0.4964627196847129
254,254.0,254.00000639394634,0.1807963758746209,0.32322270564809,0.4959809184772891
255,255.0,255.00000731063483,0.18114457116714425,0.32324578512353724,0.4956096437093186
256,256.0,256.00000806254815,0.1813959942798987,0.3232624502355657,0.49534155548453573
257,257.0,257.0000086586446,0.1815578081997336,0.32327317576939696,0.4951690160308696
258,258.0,258.000009108545,0.18163735570674258,0.3232784484275124,0.49508419586574515
259,259.0,259.0000094223699,0.1816420679671381,0.32327876077090256,0.49507917126195944
260,260.0,260.00000961058856,0.18157938138297758,0.323274605707606,0.4951460129094165
261,261.0,261.00000968387957,0.1814566627045582,0.3232664715289244,0.4952768657665175
262,262.0,262.0000096530026,0.1812811423280901,0.323254837488183,0.49546402018372704
263,263.0,263.00000952868334,0.18105985562714275,0.3232401699119952,0.4956999744608621
264,264.0,264.00000932150914,0.1807995921011736,0.3232229188296676,0.49597748906915884
265,265.0,265.0000090418373,0.18050685206794453,0.32320351510263734,0.49628963282941807
266,266.0,266.0000086997143,0.18018781057851382,0.3231823680326451,0.49662982138884104
267,267.0,267.0000083048064,0.17984828819339593,0.323159863424687,0.496991848381917
268,268.0,268.0000078663412,0.17949372822601076,0.32313636207863916,0.49736990969535
269,269.0,269.00000739305915,0.17912918003425887,0.323112198681771,0.49775862128396997
270,270.0,270.0000068931747,0.17875928792249446,0.3230876810731333,0.49815303100437214
271,271.0,271.000006374347,0.17838828520383643,0.3230630898499893,0.49854862494617413
272,272.0,272.0000058436586,0.17801999296616072,0.32303867828602123,0.49894132874781794
273,273.0,273.0000053076024,0.17765782308374586,0.32301467253095106,0.49932750438530293
274,274.0,274.00000477207584,0.17730478501988992,0.3229912720614397,0.49970394291867026
275,275.0,275.0000042423811,0.17696349597337557,0.3229686503536264,0.5000678536729979
276,276.0,276.0000037232321,0.17663619393293378,0.3229469557484195,0.5004168503186466
277,277.0,277.0000032187657,0.17632475321836175,0.3229263124816104,0.5007489343000276
278,278.0,278.00000273255824,0.17603070210421817,0.32290682185202746,0.5010624760437542
279,279.0,279.0000022676459,0.17575524214160165,0.3228885635022439,0.5013561943561543
280,280.0,280.0000018265484,0.17549926881498568,0.32287159678777755,0.5016291343972367
281,281.0,281.00000141129516,0.1752633931940363,0.3228559622122414,0.5018806445937223
282,282.0,282.0000010234543,0.1750479642643964,0.32284168290749776,0.5021103528281058
283,283.0,283.00000066416294,0.1748530916462314,0.32282876613951483,0.5023181422142537
284,284.0,284.0000003341591,0.17467866843457547,0.32281720482229637,0.5025041267431282
285,285.0,285.00000003381405,0.17452439392089428,0.3228069790239381,0.5026686270551676
286,286.0,285.99999976316536,0.17438979598052712,0.32279805745053763,0.5028121465689351
287,287.0,286.99999952194986,0.17427425293554633,0.3227903988953332,0.5029353481691204
288,288.0,287.99999930963645,0.17417701472686303,0.32278395364205714,0.5030390316310798
289,289.0,288.99999912545803,0.1740972232529343,0.3227786648130495,0.5031241119340162
290,290.0,289.99999896844287,0.17403393175502402,0.32277446965417345,0.5031915985908025
291,291.0,290.9999988374448,0.17398612315050938,0.3227713007500046,0.503242576099486
292,292.0,291.9999987311721,0.173952727236096,0.3227690871641139,0.5032781855997901
293,293.0,292.99999864821496,0.17393263670191791,0.32276775550053244,0.5032996077975497
294,294.0,293.99999858707133,0.17392472191529335,0.32276723088366516,0.5033080472010416
295,295.0,294.9999985461714,0.17392784444933318,0.3227674378550093,0.5033047176956577
296,296.0,295.99999852389976,0.17394086934663058,0.32276830118603017,0.5032908294673393
297,297.0,296.9999985186163,0.17396267612188682,0.32276974660745006,0.5032675772706632
298,298.0,297.999998528675,0.17399216851955346,0.32277170145601475,0.5032361300244319
299,299.0,298.99999855244107,0.17402828305341278,0.3227740952405242,0.5031976217060632
300,300.0,299.9999985883061,0.17406999636450693,0.32277686012953877,0.5031531435059545
301,301.0,300.99999863470157,0.17411633144200148,0.3227799313637178,0.5031037371942809
302,302.0,301.9999986901105,0.17416636275848144,0.3227832475962031,0.5030503896453157
303,303.0,302.9999987530774,0.17421922037688348,0.3227867511648391,0.5029940284582776
304,304.0,303.99999882221687,0.17427409309083136,0.3227903883003245,0.5029355186088442
305,305.0,304.99999889622023,0.17433023066363101,0.32279410927461943,0.5028756600617497
306,306.0,305.99999897386107,0.1743869452336693,0.32279786849409997,0.5028151862722309
307,307.0,306.9999990539992,0.17444361195552194,0.3228016245420528,0.5027547635024253
308,308.0,307.9999991355835,0.174499668946789,0.32280534017515117,0.5026949908780599
309,309.0,308.9999992176535,0.17455461661061633,0.3228089822785495,0.5026364011108343
310,310.0,309.99999929934,0.17460801640310966,0.3228125217841838,0.5025794618127066
311,311.0,310.9999993798645,0.17465948911347745,0.3228159335567742,0.5025245773297485
312,312.0,311.99999945853784,0.17470871272282856,0.32281919625189914,0.5024720910252725
313,313.0,312.9999995347585,0.17475541990517118,0.3228222921503539,0.5024222879444751
314,314.0,313.9999996080095,0.1747993952313827,0.32282520697282097,0.5023753977957965
315,315.0,314.99999967785527,0.17484047213381412,0.32282792967867446,0.5023315981875116
316,316.0,315.99999974393796,0.17487852968581916,0.3228304522525172,0.5022910180616638
317,317.0,316.999999805973,0.17491348924692038,0.32283276948181183,0.502253741271268
318,318.0,317.99999986374485,0.17494531102059716,0.3228348787287202,0.5022198102506829
319,319.0,318.999999917102,0.17497399056785518,0.3228367796990118,0.5021892297331332
320,320.0,319.99999996595244,0.17499955531586373,0.3228384742106455,0.502161970473491
321,321.0,321.00000001025836,0.17502206109706767,0.3228399659643707,0.5021379729385619
322,322.0,322.0000000500311,0.17504158875033543,0.322841260318441,0.5021171509312238
323,323.0,323.0000000853262,0.17505824081192795,0.3228423640692812,0.5020993951187911
324,324.0,324.00000011623854,0.17507213832039684,0.32284328523970585,0.5020845764398975
325,325.0,325.0000001428973,0.17508341775596972,0.32284403287605234,0.5020725493679781
326,326.0,326.00000016546124,0.1750922281315805,0.32284461685536503,0.5020631550130547
327,327.0,327.00000018411407,0.17509872824946932,0.3228450477035541,0.5020562240469768
328,328.0,328.00000019906054,0.17510308413422943,0.32284533642525004,0.5020515794405207
329,329.0,329.00000021052176,0.1751054666503261,0.3228454943458852,0.5020490390037888
330,330.0,330.0000002187316,0.17510604930946477,0.3228455329663593,0.502048417724176
331,331.0,331.00000022393317,0.1751050062707498,0.32284546383048374,0.5020495298987665
332,332.0,332.0000002263752,0.17510251053435372,0.3228452984052522,0.5020521910603941
333,333.0,333.00000022630934,0.17509873232740858,0.32284504797385266,0.5020562196987388
334,334.0,334.0000002239869,0.17509383767903877,0.32284472354121585,0.5020614387797454
335,335.0,335.0000002196569,0.17508798717987045,0.3228443357517919,0.5020676770683377
336,336.0,336.00000021356334,0.17508133491997513,0.3228438948191537,0.5020747702608711
337,337.0,337.0000002059435,0.17507402759802448,0.3228434104669492,0.5020825619350263
338,338.0,338.0000001970262,0.17506620379344354,0.32284289188065696,0.5020909043258995
339,339.0,339.00000018703037,0.17505799339254113,0.3228423476695487,0.5020996589379102
340,340.0,340.00000017616384,0.17504951715895845,0.3228417858382171,0.5021086970028245
341,341.0,341.0000001646223,0.17504088643829932,0.3228412137669978,0.5021178997947029
342,342.0,342.0000001525887,0.175032202986478,0.32284063820059183,0.5021271588129301
343,343.0,343.0000001402326,0.17502355891112892,0.32284006524418185,0.5021363758446892
344,344.0,344.0000001277097,0.17501503671535834,0.32283950036633235,0.5021454629183093
345,345.0,345.00000011516204,0.17500670943316612,0.32283894840796584,0.5021543421588681
346,346.0,346.00000010271754,0.17499864084601635,0.3228384135967176,0.502162945557266
347,347.0,347.0000000904903,0.17499088577027627,0.32283789956598835,0.5021712146637354
348,348.0,348.00000007858085,0.17498349040556235,0.3228374093780335,0.5021791002164042
349,349.0,349.00000006707654,0.1749764927344191,0.3228369455504551,0.5021865617151259
350,350.0,350.00000005605193,0.17496992296420083,0.3228365100854913,0.5021935669503079
351,351.0,351.00000004556927,0.1749638040025173,0.3228361045015303,0.5022000914959525
352,352.0,352.00000003567914,0.1749581519581318,0.32283572986631137,0.5022061181755568
353,353.0,353.0000000264213,0.17495297665975845,0.3228353868313126,0.502211636508929
354,354.0,354.00000001782496,0.17494828218577974,0.32283507566686187,0.5022166421473584
355,355.0,355.00000000991,0.17494406739849597,0.32283479629754896,0.5022211363039552
356,356.0,356.0000000026875,0.1749403264771105,0.32283454833755315,0.5022251251853365
357,357.0,356.99999999616034,0.17493704944424734,0.3228343311255427,0.5022286194302099
358,358.0,357.9999999903243,0.17493422268138295,0.32283414375883923,0.5022316335597778
359,359.0,358.9999999851686,0.17493182942914604,0.32283398512657907,0.5022341854442749
360,360.0,359.9999999806768,0.17492985026899624,0.32283385394164044,0.5022362957893632
361,361.0,360.9999999768275,0.17492826358332633,0.32283374877114057,0.502237987645533
362,362.0,361.99999997359475,0.17492704599154507,0.32283366806534064,0.5022392859431142
363,363.0,362.9999999709494,0.17492617276018135,0.3228336101848286,0.5022402170549899
364,364.0,363.999999968859,0.1749256181855071,0.3228335734258808,0.502240808388612
365,365.0,364.9999999672891,0.17492535594760006,0.3228335560439303,0.5022410880084694
366,366.0,365.99999996620335,0.1749253594351626,0.3228335562750969,0.5022410842897403
367,367.0,366.9999999655641,0.17492560204077218,0.32283357235575716,0.5022408256034705
368,368.0,367.99999996533313,0.17492605742656797,0.32283360254015514,0.5022403400332768
369,369.0,368.9999999654719,0.17492669976067338,0.3228336451160731,0.5022396551232533
370,370.0,369.9999999659421,0.17492750392491638,0.3228336984185999,0.5022387976564835
371,371.0,370.99999996670584,0.1749284456946408,0.3228337608420493,0.5022377934633097
372,372.0,371.9999999677261,0.17492950189160128,0.3228338308500946,0.5022366672583038
373,373.0,372.9999999689672,0.17493065051110457,0.3228339069841958,0.5022354425046993
374,374.0,373.9999999703944,0.17493187082470138,0.32283398787040624,0.5022341413048921
375,375.0,374.999999971975,0.1749331434598464,0.32283407222465293,0.5022327843155004
376,376.0,375.9999999736778,0.17493445045803332,0.3228341588565897,0.5022313906853768
377,377.0,376.99999997547354,0.1749357753129761,0.3228342466721283,0.5022299780148956
378,378.0,377.99999997733494,0.17493710299044973,0.32283433467475303,0.5022285623347973
379,379.0,378.9999999792368,0.1749384199314264,0.32283442196572903,0.5022271581028447
380,380.0,379.9999999811562,0.174939714040146,0.3228345077433115,0.5022257782165426
381,381.0,380.99999998307203,0.17494097465874706,0.32283459130106396,0.5022244340401891
382,382.0,381.9999999849656,0.17494219253005544,0.32283467202539184,0.5022231354445529
383,383.0,382.99999998682017,0.17494335975008732,0.3228347493923943,0.5022218908575186
384,384.0,383.9999999886211,0.17494446971177002,0.32283482296413396,0.5022207073240962
385,385.0,384.9999999903557,0.17494551704132164,0.3228348923844196,0.5022195905742589
386,386.0,385.99999999201333,0.17494649752865976,0.3228349573741938,0.5022185450971466
387,387.0,386.999999993585,0.17494740805313236,0.32283501772661005,0.5022175742202578
388,388.0,387.99999999506366,0.17494824650578128,0.3228350733018799,0.5022166801923391
389,389.0,388.9999999964439,0.17494901170926236,0.32283512402196524,0.5022158642687727
390,390.0,389.9999999977216,0.17494970333645762,0.32283516986518374,0.502215126798359
391,391.0,390.99999999889434,0.17495032182872366,0.32283521086078987,0.5022144673104868
392,392.0,391.99999999996083,0.17495086831463075,0.3228352470835888,0.5022138846017807
393,393.0,393.0000000009211,0.1749513445299557,0.32283527864863326,0.5022133768214113
394,394.0,394.00000000177613,0.17495175273960348,0.3228353057060483,0.5022129415543485
395,395.0,395.0000000025279,0.17495209566204534,0.3228353284360227,0.5022125759019322
396,396.0,396.0000000031792,0.17495237639677744,0.32283534704400074,0.5022122765592221
397,397.0,397.0000000037336,0.17495259835522345,0.3228353617561023,0.5022120398886745
398,398.0,398.0000000041952,0.1749527651954275,0.322835372814794,0.5022118619897786
399,399.0,399.00000000456873,0.17495288076081175,0.32283538047482996,0.5022117387643584
400,400.0,400.0000000048592,0.18104113434081298,0.322035145851718,0.4969237198074691
401,401.0,401.000000005072,0.18706846281232173,0.3212429107529857,0.4916886264346927
402,402.0,402.0000000052128,0.19298068540147212,0.32046579757718235,0.48655351702134564
403,403.0,403.00000000528746,0.1987301904706085,0.3197100652637731,0.48155974426561854
404,404.0,404.0000000053018,0.2042757547210409,0.31898113304965264,0.47674311222930654
405,405.0,405.0000000052616,0.2095823165921354,0.31828361024703333,0.47213407316083134
406,406.0,406.00000000517286,0.21462071070311484,0.31762133114279123,0.46775795815409393
407,407.0,407.0000000050412,0.21936736988888095,0.316997394158131,0.46363523595298806
408,408.0,408.00000000487233,0.2238040010500974,0.3164142044509411,0.4597817944989615
409,409.0,409.0000000046716,0.22791724067760696,0.31587351919054635,0.4562092401318466
410,410.0,410.00000000444425,0.23169829552850527,0.31537649478487123,0.4529252096866234
411,411.0,411.0000000041952,0.23514257353194443,0.31492373539250046,0.44993369107555503
412,412.0,412.00000000392913,0.23824930959263596,0.3145153421060274,0.4472353483013365
413,413.0,413.00000000365037,0.24102119054424775,0.314150962247727,0.44482784720802515
414,414.0,414.00000000336297,0.24346398308817163,0.3138298382733649,0.4427061786384633
415,415.0,415.0000000030707,0.24558616813973716,0.31355085583429104,0.4408629760259717
416,416.0,416.00000000277697,0.2473985845976645,0.31331259060136724,0.4392888248009682
417,417.0,417.0000000024848,0.2489140851567382,0.3131133535063077,0.43797256133695395
418,418.0,418.000000002197,0.25014720640125293,0.3129512341062767,0.4369015594924702
419,419.0,419.0000000019161,0.2511138550502194,0.31282414182577156,0.4360620031240089
420,420.0,420.0000000016441,0.25183101187670276,0.31272984487564487,0.4354391432476523
421,421.0,421.00000000138283,0.25231645449468654,0.31266600669235994,0.43501753881295346
422,422.0,422.00000000113386,0.2525884998988408,0.31263021978106553,0.43478128032009355
423,423.0,423.0000000008984,0.252665767356507,0.3126200368836755,0.4347141957598174
424,424.0,424.0000000006776,0.25256696198775724,0.31263299942777334,0.43480003858446936
425,425.0,425.000000000472,0.2523106791289207,0.31266666324376924,0.43502265762731007
426,426.0,426.00000000028234,0.2519152293575943,0.31271862156631347,0.4353661490760923
427,427.0,427.00000000010874,0.2513984838627404,0.31278652536152574,0.43581499077573393
428,428.0,427.99999999995146,0.25077773967166017,0.3128681010441871,0.4363541592841528
429,429.0,428.99999999981037,0.25006960409588713,0.31296116566872606,0.4369692302353868
430,430.0,429.99999999968526,0.24928989762964826,0.31306363969470946,0.4376464626756422
431,431.0,430.9999999995759,0.24845357442665256,0.31317355744173303,0.43837286813161436
432,432.0,431.99999999948164,0.24757465939260564,0.3132890753602225,0.43913626524717175
433,433.0,432.999999999402,0.24666620086095312,0.3134084782538464,0.4399253208852004
434,434.0,433.9999999993363,0.24574023776677206,0.31353018359615503,0.44072957863707285
435,435.0,434.99999999928383,0.24480778019725713,0.3136527440888569,0.44153947571388596
436,436.0,435.9999999992438,0.2438788021756369,0.31377484861198557,0.4423463492123775
437,437.0,436.99999999921533,0.24296224552733806,0.31389532171726714,0.4431424327553948
438,438.0,437.99999999919754,0.24206603368151147,0.31401312181543345,0.443920844503055
439,439.0,438.9999999991895,0.24119709427636818,0.3141273382062144,0.44467556751741744
440,440.0,439.99999999919044,0.24036138946189128,0.3142371870964407,0.445401423441668
441,441.0,440.9999999991994,0.2395639528271589,0.3143420067472656,0.44609404042557554
442,442.0,441.99999999921545,0.23880893192054392,0.31444125188612093,0.4467498161933352
443,443.0,442.99999999923773,0.23809963537830076,0.3145344875128151,0.4473658771088842
444,444.0,443.99999999926547,0.23743858372941465,0.3146213822222973,0.4479400340482881
445,445.0,444.9999999992977,0.23682756300103874,0.31470170115919394,0.4484707358397674
446,446.0,445.9999999993338,0.2362676803084058,0.31477529871139454,0.44895702098019963
447,447.0,446.9999999993729,0.23575942067486785,0.31484211104184673,0.44939846828328545
448,448.0,447.9999999994144,0.23530270439085077,0.3149021485494209,0.44979514705972845
449,449.0,448.9999999994576,0.23489694428424263,0.31495548834132897,0.4501475673744285
450,450.0,449.9999999995019,0.2345411023383686,0.31500226679121857,0.450456630870413
451,451.0,450.9999999995468,0.23423374515661408,0.3150426722487926,0.45072358259459355
452,452.0,451.99999999959164,0.2339730978343846,0.31507693795870695,0.4509499642069087
453,453.0,452.99999999963615,0.23375709585895,0.3151053352386283,0.45113756890242196
454,454.0,453.99999999967986,0.2335834347153851,0.3151281669587569,0.4512883983258583
455,455.0,454.9999999997224,0.23344961693193855,0.31514576135787065,0.451404621710191
456,456.0,455.9999999997634,0.23335299635043305,0.31515846622407995,0.4514885374254872
457,457.0,456.99999999980275,0.23329081945648952,0.3151666434620131,0.4515425370814976
458,458.0,457.9999999998401,0.2332602636502912,0.3151706640621184,0.4515690722875907
