,Unnamed: 0,Generation,Intertwine_two,Add_vertex,Delete_vertex,Invert_path_vertices,Insert_inside_vertex,Delete_inside_vertex,Replace_inside_vertex,Donate_between_routes,Trim_one_terminal_cb,Grow_one_terminal_cb
0,0.0,0.0,0.09999999999999999,0.09999999999999999,0.09999999999999999,0.09999999999999999,0.09999999999999999,0.09999999999999999,0.09999999999999999,0.09999999999999999,0.09999999999999999,0.09999999999999999
1,1.0,0.10900000000000001,0.10363882071699451,0.09875137392709313,0.09995652339774921,0.09982831742123234,0.0999998064109764,0.09816746855154188,0.09734819690495101,0.09604889443220371,0.10252413274959526,0.10373646548766247
2,2.0,0.31601,0.10700574764898604,0.09938319848745839,0.09786689098081057,0.09972209571261899,0.09980295749144767,0.09569386352298245,0.09533902377899676,0.09174370795526897,0.10672327670840795,0.10671923771302214
3,3.0,0.6191589000000001,0.10899382301606315,0.09978789478962986,0.09647068796553106,0.09954350607779552,0.09927425212656554,0.09455516565240767,0.09365193749130142,0.08780760997492872,0.10904048866635592,0.1108746342394211
4,4.0,1.015801321,0.11228630892421917,0.10005095230792713,0.09596736220244764,0.09908037332272929,0.09881970051690184,0.09250502934058276,0.09060607500445235,0.08391024718370418,0.11290459922010271,0.11386935197693288
5,5.0,1.50262148669,0.11552503449134041,0.10002155397074604,0.09473254274182694,0.09908275513753528,0.0982446192648371,0.09143030785488468,0.08830903978534452,0.07922872924806679,0.11617573108816276,0.11724968641725539
6,6.0,2.0757334209441005,0.1176975870941294,0.10025315437036457,0.0947557503951478,0.09715436087808688,0.09794708284128001,0.09064350698195695,0.08581143473549638,0.07418188447363248,0.12116446463159329,0.1203907735983121
7,7.0,2.7307768275633495,0.12007293573229635,0.1005604088745071,0.0940418279203257,0.09516705958574546,0.09727734833061527,0.09069693265207349,0.08292837605367678,0.07052050679106261,0.12589212488662127,0.12284247917307581
8,8.0,3.4630081252450404,0.12285382041454587,0.10110161952392697,0.09407194233462861,0.0937259005517294,0.09480502079551105,0.08932228244512096,0.07971012271628268,0.06812880397196026,0.13096558856928875,0.12531489867700524
9,9.0,4.2673862119061114,0.12425333097933347,0.10213606631051876,0.09476198676569259,0.0929127647516138,0.09300739364388957,0.08969868787033138,0.07645394344251012,0.06493038875513642,0.13465085249046999,0.1271945849905037
10,10.0,5.138652627782014,0.1249693293435687,0.10255289172766296,0.09438276296037915,0.09305310896641761,0.09249954393772157,0.08892900210674545,0.07312862813675712,0.06176979469219173,0.1397530512134504,0.12896188691510507
11,11.0,6.071405875792507,0.12648497122864752,0.10204456093198333,0.09596317600503032,0.09173885080332128,0.09189531020068481,0.08791261500135149,0.07021633252871358,0.059145504400361065,0.14330981621376265,0.13128886268614373
12,12.0,7.060169740244025,0.12896194145156079,0.1016405466217441,0.09591102520018757,0.0886322000429714,0.09149673852799564,0.08728775371691141,0.06612715530591672,0.0571687377167327,0.14986138061389045,0.132912520802089
13,13.0,8.099455520847952,0.13086413372696634,0.10250236744770116,0.09536237563688264,0.08468871328590875,0.09082709186497746,0.08875139187330297,0.06333119429149334,0.053931438934550734,0.15486700084467314,0.13487429209354326
14,14.0,9.183818168183006,0.13323889281579918,0.10265106366813259,0.09571809560227104,0.0825737067899339,0.08729466182297188,0.08819903166830664,0.06092563290468241,0.053911609635882075,0.15891177562665665,0.13657552946536344
15,15.0,10.307906369102724,0.13320294142450284,0.1034151774175489,0.09629648673496158,0.08044179464252009,0.08535552467051648,0.0881705269761688,0.05892377242645008,0.052812339321121095,0.16403751185361581,0.13734392453259414
16,16.0,11.466506686239443,0.13267481562008587,0.10487667254309868,0.09883098175754729,0.07942273205988992,0.08247150868668342,0.08768428838942116,0.055525671589267134,0.05183628310960226,0.16936463780484695,0.13731240843955714
17,17.0,12.654581904800096,0.13382496070668187,0.10606324243096427,0.09880925211466826,0.07550724162423611,0.08028540782125,0.08743840935090849,0.051740766493283845,0.051368209333007724,0.17519477019993213,0.13976773992506716
18,18.0,13.867303782456686,0.1355356535061791,0.10525941438756416,0.0999683146617176,0.0729260944163106,0.0797854371591102,0.08785792349138197,0.04851172391416762,0.048843395095477374,0.1795546950754121,0.14175734829267914
19,19.0,15.100080434523047,0.13694086160673657,0.10415286513636138,0.10219214933119652,0.0702526784038082,0.0779918437321556,0.08920225988794583,0.045088614833315596,0.048500524291755845,0.18420187791730042,0.1414763248594239
20,20.0,16.348578617037543,0.13616372753453052,0.10529141253293137,0.10666846633438481,0.06816399483825726,0.07418373301835005,0.08837066234280289,0.04117574986035373,0.0489850866975911,0.18822511729234864,0.1427720495484495
21,21.0,17.608741195130214,0.13916519659232646,0.10726346280009583,0.10809997245636584,0.06541265923689796,0.07439106501938568,0.08858616738788933,0.037542413886084515,0.04667245278546103,0.1908880422052252,0.14197856763026806
22,22.0,18.876800103462312,0.14132653942275708,0.10643630358996498,0.11163650933320401,0.06248804381093376,0.07486073786584514,0.08709815925475271,0.035501268372447964,0.045343652542924634,0.19510447503896788,0.14020431076820172
23,23.0,20.14928511992658,0.1423127564783586,0.1052242739900223,0.11630291595698372,0.06052156194117861,0.07481690734520757,0.08419324803647817,0.033919276298172416,0.043545222079434634,0.1987584197915596,0.14040541808260432
24,24.0,21.423028783545156,0.14253257602029354,0.10443631574856362,0.1179616600361065,0.058702843556789994,0.0732216442737252,0.08411998538714852,0.03149936371640391,0.04405471186707861,0.2027880849027794,0.1406828144911107
25,25.0,22.695167792966423,0.14301982522235826,0.10873525992088647,0.1184688623963325,0.05494409693170257,0.07182002722985885,0.08315058148097429,0.031453570515218486,0.044323132447915234,0.20507355274906952,0.13901109110568374
26,26.0,23.963141223515898,0.14599933975896415,0.10744995157470404,0.11993155443781918,0.05228275945178992,0.06960304298726165,0.08276553636710382,0.03025819709806357,0.044887769771529744,0.20757805605516544,0.13924379249759844
27,27.0,25.224685898775267,0.14654251657486347,0.11065822727886507,0.11908399927989638,0.05058443341598678,0.06587968894658496,0.08305450997602976,0.02945474342632188,0.04325256760560586,0.21164149447828493,0.13984781901756085
28,28.0,26.477829247520948,0.14844437142765537,0.11066349015304498,0.12039802610301892,0.0475379615820544,0.06280825982511874,0.08097607966299498,0.028793647516051072,0.04286418269602626,0.2142169978462528,0.1432969831877824
29,29.0,27.720879968916847,0.1490345174030338,0.11017814265838449,0.121923916999618,0.04529888571766101,0.06102176912777144,0.0809837919311104,0.02768679334950615,0.042863137611998746,0.21834367974672328,0.14266536545419262
30,30.0,28.95241681848399,0.151761031611907,0.10707050929353,0.12201015533913914,0.04175102926677086,0.058086408116757665,0.08012237060032772,0.02828735040975943,0.042873453364162796,0.22463358217818685,0.14340410981945853
31,31.0,30.17127581490958,0.1508908595442346,0.10988097263762707,0.12386981952331896,0.04066916735035883,0.05811150169940699,0.07835329959011889,0.030172686702800534,0.04207592695291944,0.22430082460356457,0.1416749413956501
32,32.0,31.376536153543515,0.1482484156193472,0.10878539650562649,0.125137919697591,0.038629864081108425,0.05751535460889861,0.07630741266347313,0.029189831674942136,0.04252606746142912,0.2319374540685324,0.14172228361905143
33,33.0,32.567505096778625,0.14770551826891098,0.10501048930347219,0.12573858796147144,0.03910187494668042,0.056212694607306275,0.07376391979806397,0.029382004016629867,0.0416829765498544,0.2387520111624865,0.14264992338512386
34,34.0,33.74370209472243,0.14931911446561813,0.10654860689927066,0.1259767434192262,0.03827858322851941,0.0554069626825991,0.07413028780061694,0.029682384351961584,0.04142800360566936,0.24052821001168773,0.13870110353483084
35,35.0,34.90484237192463,0.14902290176656208,0.1099340869250515,0.12220772678966486,0.03639683232149047,0.05242685760258429,0.07040370277871484,0.0304694898211541,0.04070158660829752,0.248710322143256,0.1397264932432243
36,36.0,36.05082019768737,0.15131879263610687,0.10668661591522172,0.11905556391408889,0.0348895305688151,0.05035397897493032,0.06945973263524981,0.029706803092912022,0.04326076249589919,0.25201098218211876,0.14325723758465725
37,37.0,37.18169203889697,0.1524882247105249,0.1058432190549647,0.11899325323821265,0.03708319108816899,0.04685809181979979,0.06801824599715532,0.029023317006565033,0.04494929796273637,0.2571561103000461,0.13958704882182613
38,38.0,38.29765977559663,0.15098048262345254,0.10690449989114423,0.11878037173310863,0.036354638284861594,0.045404590180534866,0.07368675519070464,0.028417946358787097,0.04362619512348526,0.25961831471741914,0.136226205896502
39,39.0,39.399054140870355,0.14752059037696927,0.10958336260492958,0.12015584504853123,0.03715118979498775,0.04445497667782146,0.07051480534954323,0.027888933312199077,0.04201744741129631,0.26438937119936334,0.13632347822435875
40,40.0,40.48631852820801,0.14254901689872598,0.10822782022754893,0.11716350964045902,0.036114278100916206,0.04433377603410183,0.06957764364327032,0.028218664333606987,0.04044939999621329,0.2743541753195059,0.13901171580565155
41,41.0,41.55999329152982,0.13928963251360654,0.10585853591839525,0.11708725106837514,0.034495471413471146,0.04496825358799013,0.0699066160973155,0.027826976722724828,0.04119386741541737,0.28113300750601106,0.13824038775669314
42,42.0,42.62070064560415,0.1359284619840474,0.10688612245939233,0.12034192394585273,0.03299359068063588,0.04228528994763413,0.06997532675511131,0.027496188105703638,0.039717765735080034,0.2879028277441184,0.1364725026424243
43,43.0,43.669130257815,0.13401638263509857,0.1019901277697384,0.12660483525099772,0.03392901613773002,0.04157615157086121,0.067770127612954,0.02722351646932753,0.03829209656542563,0.29220263752337605,0.13639510846449104
44,44.0,44.70602560622662,0.13180312733459715,0.09469938560914386,0.1270160338397825,0.03293434838742368,0.04406248631289719,0.06331644596243964,0.02700587683189576,0.03824271309693372,0.30188494727548865,0.13903463534939806
45,45.0,45.73217116373481,0.12684862875303432,0.08978180136566655,0.1316820663399431,0.034332786546774616,0.04233041599762012,0.060317534275909586,0.02683994238988821,0.03693086506945548,0.3067728406108143,0.14416311865089396
46,46.0,46.748380453854836,0.12631630017088966,0.09099473109694718,0.13008974673702317,0.033224017290229384,0.04302725463062614,0.058931765109866356,0.026722201968182535,0.03568089319403052,0.3119224472178491,0.1430906425843562
47,47.0,47.755485010424316,0.12346847668510658,0.08996478515156439,0.13261366043121256,0.03219388478643638,0.04092284506891501,0.05688504272167771,0.026649013568965603,0.034499109574207744,0.31745999591949275,0.14534318609242156
48,48.0,48.7543242612326,0.1218940838637166,0.08590419822103662,0.1341350344400537,0.031244826685158315,0.03891964801268585,0.05344601967223712,0.02794376104185369,0.03339051322062517,0.32455366553668036,0.1485682493059529
49,49.0,49.745736344347726,0.12192026455885742,0.08031922571320274,0.1372961479307098,0.030378226127156474,0.038067805773401665,0.05242913425579985,0.02793519970594875,0.032358871370194595,0.3302035992592559,0.14909152530547315
50,50.0,50.730549855707864,0.12351438134329773,0.0791435559824866,0.13858167532845728,0.02959450336368326,0.03628426126800785,0.052718942170618815,0.028729396372593544,0.033621886943105514,0.33215122458158397,0.14566017264616582
51,51.0,51.70957651737491,0.12553238908310238,0.07529301755355372,0.13729039878478588,0.02889320784292053,0.03461622860047334,0.05045442749959101,0.02875375092943106,0.03404968074109314,0.3376914092939693,0.14742548967107996
52,52.0,52.68360474770151,0.12440114253775195,0.07808175278659249,0.13567648999035165,0.028273109795804864,0.03306883691368754,0.05340792682917945,0.02990236857061177,0.034902869539337605,0.33410720209597017,0.14817830094071283
53,53.0,53.65339410751842,0.1267420918604108,0.07817751546032609,0.1327709000219322,0.027732290455442718,0.03380521996515606,0.05158360757987683,0.029934288317579168,0.03409400004267902,0.33524602089441236,0.14991406540218508
54,54.0,54.61967059027847,0.12719821047617774,0.0816894285879413,0.13426450897339923,0.02726823014456236,0.03279459956509363,0.04996024281573692,0.029963673206674035,0.0333250774952595,0.33212945588661846,0.15140657284853712
55,55.0,55.58312271885972,0.1285446957466592,0.0799576832909521,0.13197965608913714,0.02825222832656281,0.03157950047108858,0.04914198295596784,0.029990482874792675,0.03259979642762934,0.3362633585598428,0.1516906152573678
56,56.0,56.544398407394254,0.13468119857715524,0.07640697293615607,0.13056037915181717,0.029102387775033024,0.030470116281773152,0.04841487925792483,0.030014706747351523,0.03192104550248591,0.3382110855132394,0.15021722825706396
57,57.0,57.504102543001395,0.13610012482065947,0.07126624795791944,0.13153910453000306,0.028810921211540892,0.02946696934857153,0.04731567287461989,0.03003636116518097,0.03129095921483196,0.34315284108203487,0.15102079779463815
58,58.0,58.462795239617805,0.13491591528677213,0.06668073508698692,0.134818138550765,0.028560492092282563,0.02856946741520435,0.04623046560466906,0.03005548652957566,0.030710971963795082,0.34830189784247084,0.1511564296274786
59,59.0,59.42099071417639,0.1395723100134874,0.06603758999264904,0.13299466268675428,0.030216289143932522,0.027776021001021847,0.046959211975458916,0.03007214449223513,0.030181873718223944,0.3503449372017539,0.1458449597744832
60,60.0,60.379156734137354,0.14101561538961813,0.0654499753396574,0.13443061896984987,0.030966035608036374,0.02708415901824738,0.04571603359343695,0.0300864152137063,0.02970386656002768,0.3512271915575456,0.14432008874987445
61,61.0,61.337714584760846,0.1448304447656353,0.06404119810619202,0.13271568956468824,0.03515936257280865,0.026490641643567882,0.04400289904715513,0.03009839471089329,0.03020617594574157,0.34983437276418594,0.1426208208791321
62,62.0,62.29703950447439,0.14449229164338337,0.06002053896831529,0.13398245577734544,0.03938183890983779,0.02599156958992066,0.04231489582232671,0.030108192311252648,0.02981959358910493,0.34817718062020664,0.14571144276830666
63,63.0,63.257461537171835,0.1457954745079198,0.06205481779139587,0.13064138258435806,0.04043407656279529,0.025582489045738954,0.042625051506074,0.030115928228463547,0.029473473532240904,0.34549998599692294,0.1477773202440908
64,64.0,64.21926675122782,0.14955121664084495,0.06244734805955944,0.13119072757302663,0.04007045878615964,0.02525849166551803,0.040519175910825045,0.03012173127166872,0.029167230745740874,0.3406273867685949,0.15104623257806196
65,65.0,65.18269877636592,0.1447631834354031,0.06926812068510307,0.12729909738349146,0.03964249819932596,0.025014309106664016,0.038518696115992734,0.03012573669783669,0.028899939930433438,0.3413044318813175,0.1551639865644322
66,66.0,66.14796061122655,0.14200644697794987,0.0699005556369956,0.12518123644247395,0.039160908689182386,0.024844401712628764,0.03818378457399882,0.030128084214409497,0.02867037879735241,0.34455161171333115,0.15737259124167768
67,67.0,67.11521665648885,0.13989927851800468,0.07263462950989179,0.12558924769953111,0.038635869043161346,0.026728723723035152,0.0369415608245803,0.03348877612631494,0.02847706998960596,0.33885053303781737,0.15875431152805744
68,68.0,68.08459493066005,0.13824299544106947,0.07079835969935577,0.12721742030972333,0.0380769746713108,0.026670211881222587,0.03914019445271282,0.037929372202930633,0.028318321362738097,0.3356453441549847,0.15796080582395183
69,69.0,69.05618942810752,0.13523385147699438,0.07445662488200644,0.12530872235969534,0.0374931999899322,0.02665084910477905,0.03854742211639846,0.039923962377300816,0.02819226438492964,0.33891146985509213,0.15528163345287155
70,70.0,70.03006258152917,0.13872165656636687,0.07547819212171897,0.12419110156293478,0.03689287077679214,0.026666914114932078,0.03702664523366895,0.039725705788778654,0.02809689046105273,0.3441732389106506,0.14902678446310427
71,71.0,71.00624779379335,0.1438973556474541,0.07515111694835194,0.12038400468571075,0.03628364577719816,0.02671470348292048,0.039260519093048535,0.03945001780122092,0.028030085024952987,0.3467133347939711,0.14411521674517105
72,72.0,71.98475200689319,0.1502284931788054,0.07266970684598835,0.11979537503008231,0.0356725068197916,0.026790566879280837,0.03999658422647588,0.039107398434406755,0.02798965928221369,0.34392330007099825,0.14382640923195697
73,73.0,72.96555827861411,0.15223392837021613,0.07253399351163707,0.12516001202163166,0.035065756689927785,0.026890938267212353,0.04259812182908972,0.03870796701992994,0.027973379520926184,0.33867667256981976,0.14015923019960944
74,74.0,73.94862834037681,0.1474554598892347,0.07714922632671664,0.12157144537299482,0.034469024006151074,0.027012363133678594,0.04522522227217225,0.03826139907670151,0.027978993940558167,0.34077311798176346,0.14010374800002884
75,75.0,74.93390511255946,0.14687396389104726,0.07595110245166206,0.12187235357718532,0.03388727435069052,0.027151521882161425,0.0438670000757049,0.0377768739370289,0.02800425697882137,0.3412758498925128,0.1433398029631855
76,76.0,75.92131515639825,0.14803358398801977,0.0800952213297676,0.11947788923528717,0.03332482691726912,0.027305249536974358,0.04491873559075748,0.03726303257195327,0.028046951143470042,0.3403177500946509,0.14121675959185037
77,77.0,76.91077104428919,0.14649801605472598,0.07978822751002909,0.1248203583906297,0.03278537595801716,0.027470551930936254,0.043869233302259794,0.036727945017665665,0.028104906380219147,0.34234041493012857,0.13759497052538872
78,78.0,77.90217363294813,0.1462230036606715,0.07827339871455115,0.12783777375515126,0.032272016335110225,0.027644618566192596,0.046175850917752115,0.036179086768630166,0.028176017029491143,0.34429706757979217,0.13292116667265777
79,79.0,78.89541422641172,0.15272123502214316,0.07823134146644453,0.12876839639932064,0.03178727251114288,0.02782483235226138,0.04519399832337466,0.035623323476811915,0.028258256443541033,0.3403070364810748,0.1312843075238851
80,80.0,79.89037661826481,0.1534263873828597,0.0805425099796587,0.12906787225845345,0.03133313034446085,0.028008776436200672,0.04475332511208077,0.03611253723369241,0.028349689351750522,0.33968270000744105,0.12872307189340196
81,81.0,80.88693900474995,0.15818653782685707,0.08011930185105012,0.12757839994462644,0.034132204909766206,0.030705869448347137,0.043335334737571535,0.0355506336836914,0.02844848207562156,0.3377615876958312,0.12418164782663738
82,82.0,81.88497576253909,0.1594232618203719,0.08280243592664574,0.12261532926989117,0.03371102953255595,0.030865726473928684,0.0419257900531375,0.034989414151853575,0.02855291070634928,0.3366570625998041,0.12845703946546214
83,83.0,82.88435908692391,0.1673334559052413,0.08643049208748294,0.12331790497196177,0.033294861397741154,0.032454807707851537,0.04438328592890678,0.034434422431680996,0.028661367366940728,0.3246513366209719,0.1250380655812209
84,84.0,83.88496048800103,0.17006018661564343,0.09279848646868216,0.1193535035499415,0.03288736146243043,0.03324617307909916,0.04594347980473563,0.03389058565920887,0.028772364687803628,0.3136142557363756,0.12943360293607958
85,85.0,84.88665214409042,0.1683427834341811,0.09843197178738122,0.1246489329394928,0.032491737906026476,0.03686356069592277,0.04651212860473176,0.03336222670739186,0.0288845386297022,0.30163693567094907,0.1288251836242207
86,86.0,85.88930811312994,0.16714044305470013,0.10264185282071486,0.12854871744562052,0.03211075932620265,0.03711948345872921,0.046724197269790574,0.032853081383682634,0.028996649791113896,0.29329938294843855,0.1305654325010069
87,87.0,86.89280540413424,0.16177823236123304,0.10730425175182809,0.13775323649614019,0.031746771011099184,0.037031040971387874,0.04667326974862391,0.032366319778507506,0.029107583338473283,0.28695005812653607,0.12928923641617085
88,88.0,87.89702491199675,0.163969397003533,0.10420554094248949,0.1374105986816214,0.03140171381739507,0.04282052626246074,0.04652164470291637,0.03190457113606481,0.03150969404155538,0.2797081638003312,0.13054814961163258
89,89.0,88.90185221995306,0.16616957520424017,0.09997065455719051,0.13942546455247007,0.03107714520488742,0.04255740321634716,0.04752490394548749,0.03146995164650574,0.03159248502445467,0.27383718543671803,0.13637523121169887
90,90.0,89.90717827491419,0.1669724411200716,0.09580481639905908,0.13679998257915127,0.030774262001581655,0.04219501844268147,0.0479858688134603,0.03106409458943752,0.031651072058819486,0.27907799959717405,0.1376744443985637
91,91.0,90.91289994163006,0.16619750760799482,0.09955894528072251,0.13349179794036328,0.030493924498590654,0.041746921961955535,0.04643473449892188,0.030688182292181745,0.031687289669159624,0.2832011063806623,0.13649958986944774
92,92.0,91.91892044225806,0.17064003195173827,0.09735477553209464,0.12820108531876312,0.03197237458334818,0.041226165909682644,0.044874366270848086,0.030342979401729732,0.031703012621774156,0.28910169981251665,0.13458350859750468
93,93.0,92.92514968840067,0.16919492329756536,0.09775381653840362,0.12564079542315354,0.031721132139604674,0.04064522380354021,0.044432545642463094,0.030028867006305623,0.03170013315290949,0.29271306004414316,0.13616950295191144
94,94.0,93.93150451304501,0.16783246483606595,0.0961265730857758,0.1268428199301056,0.03147780261883947,0.04001592366997661,0.04530173548330353,0.02974587718036087,0.0316805402994022,0.2966391941947665,0.13433706870140366
95,95.0,94.93790881009448,0.1766740267630765,0.09403990269655745,0.12132684254324316,0.031244028023962395,0.039349394313069615,0.0441787917264283,0.029493727565206983,0.031646101328251616,0.2997180591699535,0.13232912587025064
96,96.0,95.94429358933806,0.18069347937325125,0.09333789817492746,0.11644079460435991,0.03638785727500007,0.038656023948722626,0.04406695444398411,0.029271855635916416,0.03159864524093357,0.2970857236983402,0.13246076760456454
97,97.0,96.9505969547639,0.1858494774610704,0.09155988620749314,0.11618996590131528,0.03612342502818397,0.03794543038132311,0.0441848520413637,0.02907945234319574,0.03308759616546847,0.2919851962511737,0.1339947182194127
98,98.0,97.9567640140995,0.19107287303064588,0.09286320997293074,0.11323876166841573,0.03582420175576765,0.037226441866850306,0.046113266353044455,0.02891549485631517,0.03300389296591777,0.2915817314977152,0.13016012603239732
99,99.0,98.96274672736057,0.19401475478310462,0.08848982429401606,0.10929211954420152,0.03549665879303528,0.03650708778515629,0.048789261981982794,0.02877877816955951,0.03289852115666296,0.2995704519769029,0.12616254151537834
100,100.0,99.96850370202192,0.19365952620437207,0.0907503064229902,0.1077214143307117,0.035146903538645795,0.0357945982337801,0.05281041204020986,0.028667945369783822,0.032774701316767005,0.29886120172022507,0.12381299082251468
101,101.0,100.97399994219691,0.19346931326257316,0.09281326668195478,0.10455432413726139,0.034780654774308806,0.03509541165520374,0.05199577721215032,0.028581516396287865,0.032635516447692976,0.30600931693746736,0.12006490249509999
102,102.0,101.97920655893245,0.19086425638300034,0.08984708849233487,0.10865305051327212,0.03440322433866242,0.03659694905341788,0.05031237610651019,0.028517915156178623,0.03248389490104942,0.3017240079166388,0.1265972371389357
103,103.0,102.98410044840509,0.1892735970859566,0.08465665609106056,0.10951832108799323,0.03401950470319405,0.03904192071684744,0.05168490838777422,0.02847549488851852,0.03232259656005972,0.3047780522196158,0.12622894825898026
104,104.0,103.98866394444643,0.1930245354700457,0.08403819861493775,0.10753280995362266,0.03363396198424058,0.038341149118008885,0.04992169302336937,0.02845256169873924,0.0321542020875684,0.30673908009447315,0.12616180795499463
105,105.0,104.99288445143917,0.1962676202380017,0.08043021721771615,0.11091577039982278,0.033250633917340046,0.0376270431878741,0.04813558226517132,0.0284473962109505,0.03198110504145052,0.30442439456356396,0.12852023695810927
106,106.0,105.99675406321822,0.20376138334989563,0.07478361414652812,0.11834245198632083,0.03287313231795617,0.03690807741887405,0.047511027058947816,0.028458273309831125,0.03180550664952993,0.29805282779576076,0.1275037059663559
107,107.0,107.0002691731872,0.1977082580468346,0.073578939894294,0.11841985722525035,0.03250464955533112,0.03807055700896292,0.04617102956706042,0.02848347996572538,0.03162941303030609,0.30351188601862905,0.12992192968760638
108,108.0,108.0034300804274,0.20110177898847298,0.07152794148435129,0.1147057960912958,0.03214796857341526,0.03734531646921338,0.048447996378684105,0.028521331156372953,0.03145463464270158,0.30551703961961113,0.12923019659588184
109,109.0,109.00624059613932,0.20579998716308828,0.06863431214236487,0.11627828303542215,0.034620514458161375,0.03853756190412588,0.046968382003734085,0.028570183916392038,0.031282787747430506,0.2988046322602538,0.13050335536902732
110,110.0,110.00870765431864,0.20821409790894743,0.06804385366766713,0.11765497093982884,0.034266066001067186,0.03779863359966458,0.04520035739268551,0.028628449561245294,0.031115297664212234,0.30014771410498664,0.1289305591596954
111,111.0,111.01084093013685,0.2079496366298337,0.06435429184308969,0.12259087304930036,0.03390440172967174,0.03705561178965276,0.043457131668814944,0.028694604146000773,0.030953403612673666,0.3037977881151584,0.1272422574158042
112,112.0,112.01265246907188,0.21032828925026614,0.0636254368416116,0.12457548003473182,0.033539859868119117,0.036316336042745596,0.043730630788710666,0.028767197230820697,0.035470892202889494,0.298898668648795,0.12474720909131012
113,113.0,113.01415632942268,0.20786379155389034,0.060239698477744366,0.1210062757490977,0.03317637359404056,0.039321642656503335,0.04392144992049973,0.02884485903485042,0.0352764684666003,0.3077725551928049,0.12257688535396855
114,114.0,114.01536824044418,0.20817913629788892,0.05631678806068772,0.1203467977692515,0.03281747221142946,0.03887085066493247,0.0422788454249773,0.028926306068128668,0.03504872241927402,0.30720784218395597,0.13000723889947413
115,115.0,115.01630527795908,0.2140643067802639,0.05924591186262584,0.1139338667100005,0.03246628624496518,0.03810815303293306,0.04344347248383415,0.029010345337397804,0.03479326375248763,0.3088359607165999,0.12609843307889218
116,116.0,116.0169855589429,0.20899911429380866,0.05937484848398174,0.1139359158223954,0.032125556012697676,0.03734064363380426,0.04500340275377901,0.02909587722636605,0.034515418314855,0.3143659293502883,0.12524329410802407
117,117.0,117.01742795623892,0.2094621237557594,0.05746898618845145,0.11271978364658762,0.03179764324352994,0.03657647873825029,0.043697330615976686,0.02918189715417381,0.03422020323783709,0.32068182130251927,0.12419373211691462
118,118.0,118.01765183424293,0.20339570317841926,0.056201066892768034,0.11056957238526788,0.03148454531884368,0.04043908645167022,0.042149208965253496,0.02926749611765906,0.03391230763614259,0.3261106997933869,0.126470313260589
119,119.0,119.01767680610413,0.2030983937372834,0.05830018819887189,0.10628768444798042,0.03468383722819896,0.0401943684046123,0.04063440738995009,0.029351860223619193,0.03359607851825612,0.32870840222339454,0.12514477962783327
120,120.0,120.01752251271817,0.2032791543323572,0.056810205880671344,0.10511003351258985,0.03437002862905151,0.039388127255862486,0.039164741898277525,0.02943426931674712,0.033275511526975735,0.33402369534535814,0.12514423230210928
121,121.0,121.01720842354362,0.2043642502754643,0.054079123571558,0.10587914143230744,0.034043900603528285,0.03856862894942902,0.04011566052808081,0.02951409480739478,0.03295424611955363,0.33650443777573685,0.12397651593694708
122,122.0,122.01675365905109,0.20624837115135822,0.053336919501331854,0.10055469884278755,0.033709946374522105,0.03774539418414461,0.038741592197460734,0.029590796800903728,0.0326355647916782,0.3442085128147619,0.1232282033410513
123,123.0,123.0161768344173,0.20207379695029606,0.05045170204187837,0.09332641184161501,0.03337228810467132,0.0369270289535472,0.03917136835410822,0.029663920627052746,0.03232239594867353,0.35272529961279697,0.12996578756536073
124,124.0,124.01549592390272,0.19904435183197233,0.05417485498203792,0.09117312899281259,0.0330346727807589,0.03811315298771292,0.041208026434776474,0.029733092864316336,0.0320173200304826,0.3549641402119145,0.1265372588832156
125,125.0,125.01472814520056,0.2016152303151486,0.0531445272328709,0.09293721429626878,0.032700472261430136,0.03730680236046996,0.03994090114542027,0.0297980169492104,0.03172257850380593,0.3584492170346302,0.12238503990074505
126,126.0,126.01388986291661,0.19651374100048408,0.05260510067704107,0.08777679139908229,0.032372687071419944,0.0365080187723466,0.03870107937354547,0.029858468456122958,0.031440085344758874,0.3653030390931365,0.1289209888120624
127,127.0,127.0129965102319,0.19978027604547136,0.05084846211750773,0.08185613748567046,0.032053953529696574,0.03572403335531211,0.03749822898512271,0.02991429012778303,0.03117144064816893,0.3726566202173754,0.12849655748789193
128,128.0,128.01206252771334,0.20232540621208278,0.05182762391521733,0.08551879455964416,0.03174655380684857,0.03496120614642795,0.03884814403225815,0.029965386730999265,0.030917946014756288,0.3703404454894435,0.1235484930923222
129,129.0,129.0111013181695,0.2046677472114937,0.05254641624168678,0.08448440487318243,0.03145242851821689,0.03422504959696792,0.03836323170739724,0.030011719806583882,0.03068062138453735,0.3690312695952242,0.12453711106470985
130,130.0,130.01012521639834,0.21162647200696136,0.05029667655103559,0.08328265127834253,0.0311731914732662,0.033520258206484216,0.037262352506093256,0.030053302376544196,0.030460223003494935,0.36452857314033943,0.1277962994574385
131,131.0,131.0091454726403,0.2075375729619777,0.04989550512154062,0.08243007827811946,0.030910146218077923,0.03285074337298404,0.03619893769985874,0.03009019366574304,0.03025726223052181,0.3703559118557094,0.12947364859546753
132,132.0,132.0081722485317,0.20372369498989715,0.04838404410078052,0.08712264122634851,0.03404068518545126,0.03430512729204813,0.03517987499724908,0.03012249388936457,0.030072024912540782,0.3674070666311748,0.12964234677514544
133,133.0,133.00721462434865,0.20074630762037715,0.04700226140580777,0.08944598593444743,0.03377902036093154,0.03369411231363566,0.0342109198149279,0.0301503391517303,0.029904591077232444,0.37312827793211145,0.1279381843887986
134,134.0,134.0062806163404,0.19807799074210364,0.051159376739294604,0.08719093046407915,0.03350573181525448,0.03310725770992807,0.03329675095268956,0.030173896496342154,0.029754854714682616,0.37319246868794426,0.13054074167768173
135,135.0,135.00537720296956,0.20347788845616585,0.051138595044059265,0.08331952673504622,0.03322471480599258,0.03254801598949196,0.032441031467148156,0.030193359141529402,0.029622543441240948,0.3724571530765689,0.131577171842757
136,136.0,136.00451035890612,0.19985938154840027,0.051663048802372005,0.08054092737000676,0.032939552349596946,0.03201921828120454,0.03295632961787694,0.030208941930782628,0.029507237860731034,0.37817920640241215,0.132126155836617
137,137.0,137.00368509565993,0.198476076181569,0.052622742066803285,0.0810494644976324,0.032653510615344904,0.03152310816093382,0.032652497902668096,0.030220877021802706,0.029408390459664806,0.37806859094242,0.13332474215116127
138,138.0,138.0029055077818,0.19734217247755564,0.052749711180357955,0.0813063960711613,0.03236953794836462,0.031061377971080835,0.03601586264878659,0.03022940983350275,0.029325343894108548,0.3760257556638551,0.1335744323112269
139,139.0,139.00217482361367,0.1974657231485178,0.05072277408792225,0.08414645325830944,0.03209026716859872,0.03063520702050234,0.035328652597410685,0.030234795265697764,0.02925734854616683,0.3802037359554138,0.12991504295146064
140,140.0,140.0014954596262,0.20448198273364085,0.05070793299071204,0.08215372496782974,0.03181802079512342,0.030245301094776668,0.03465687702519826,0.030237294202016297,0.029203579247557614,0.38330228257142024,0.12319300437172512
141,141.0,141.00086907744122,0.21099146325875684,0.04998536108004917,0.08055331905250221,0.032940486544467136,0.029891932750675795,0.03784416660073589,0.030237170302682817,0.029163151086333744,0.3778259429826176,0.12056700634117902
142,142.0,142.0002966427003,0.2192022262320621,0.05015559601843874,0.07521972070985739,0.03267419992935136,0.02957498191347826,0.038629674828009684,0.030234687090255855,0.029135134230368925,0.3774733240257837,0.11770045502239423
143,143.0,142.99977848500652,0.2220907484673724,0.04896989384316836,0.07451737715922946,0.03240779997645365,0.02929397634086569,0.037945335484276005,0.030230105328169027,0.0291185677176969,0.37859743748673996,0.11682875819602878
144,144.0,143.99931435823203,0.2243269942998221,0.05335294597541472,0.06980981402863641,0.03214396201908117,0.02904813156210572,0.03724997672007293,0.030223680689009193,0.029112472179115105,0.3833419891618667,0.1113900333648762
145,145.0,144.99890350055264,0.2224915116326383,0.06332739895555878,0.07190439090026382,0.0339041688938089,0.028836389945600692,0.0385318828638957,0.03021566170687525,0.02911586147260034,0.3748829872048261,0.10678974642393232
146,146.0,145.9985446936357,0.22881821811879305,0.06528795850501184,0.07093126259575881,0.03428566391713109,0.02865745859129016,0.0378180736457716,0.03020628800588595,0.029127753222011055,0.3647966769778456,0.11007064642050104
147,147.0,146.99823632047406,0.2327472217750616,0.06837021304961949,0.06649193232944214,0.0339979657946364,0.028509845786497776,0.039871096715245066,0.030195788794936722,0.02914717826426058,0.3575763536538687,0.11309240383643175
148,148.0,147.99797642142389,0.23566838775198803,0.06860617161093593,0.06973881051038347,0.03369905782644482,0.028391895804319653,0.04040834303792246,0.03018438161713305,0.029173189019642554,0.3520687154164004,0.11206104740482987
149,149.0,148.99776274806447,0.23114812704665816,0.07001023278889978,0.0720689477461384,0.033393050076807956,0.02991125673605931,0.04301431881315091,0.030172271340938417,0.029204866809289902,0.3507998103997958,0.11027711824226161
150,150.0,149.99759281456036,0.22383800708387913,0.06869247709359783,0.07354816211892039,0.0330837126013667,0.02983107762089556,0.042185220669395715,0.030159649378953865,0.029241328151879617,0.3545157117792781,0.1149046535018334
151,151.0,150.99746394626104,0.21857553816121478,0.07064689631863356,0.07279838694081278,0.0327744717474559,0.03480297852239517,0.041317180133322085,0.030146693119378225,0.029281730078691566,0.35814768314949014,0.11150844182860613
152,152.0,151.99737332532905,0.212039900758637,0.06870904403263751,0.07565982255753619,0.036551867555304124,0.03469152395530052,0.04188501643612914,0.030133565554566366,0.029325274512035406,0.35753095375149835,0.11347303088635574
153,153.0,152.99731803323698,0.2093827399014424,0.0723307496866776,0.07669965806059889,0.04076878425691488,0.03454429960536233,0.040961198816348306,0.03012041509069003,0.029371211756924503,0.3513516205323093,0.11446932229273203
154,154.0,153.99729509002177,0.20260214472188842,0.07665116272195788,0.08027164408953233,0.04035421980269263,0.03436635469436434,0.04002015097038208,0.03010737552229443,0.029418843159755445,0.34705832551392995,0.1191497788032028
155,155.0,154.99730149022784,0.20540489353726205,0.0754598707181433,0.07829725097670173,0.03987756959586568,0.034162540727522506,0.04484906831283454,0.030094566155515444,0.029467522990705736,0.34814346268029117,0.11424325430515811
156,156.0,155.99733423551103,0.21665660278087726,0.07195079282496664,0.07662683619428545,0.039349808713762764,0.03591313058024885,0.043848147515740114,0.0300820920638592,0.029516659608653947,0.3423326725382553,0.11372325717935075
157,157.0,156.99739036391077,0.22474442309829976,0.06837311479285797,0.07791368144100921,0.03878132583273251,0.035651447094756775,0.04280883732319773,0.030070044460729993,0.029565715968720797,0.34070078002818543,0.11139062995951005
158,158.0,157.99746697583146,0.2218232630201444,0.06724501716834276,0.08057121620833818,0.038181877981477964,0.039220384230640185,0.04318388299164678,0.030058501173306405,0.029614209533093752,0.3369214633382782,0.11318018435473153
159,159.0,158.99756125680176,0.21839261262100018,0.06634123300673062,0.08246568727419697,0.03756055613553409,0.03886535374123239,0.042094923369862196,0.03004752720289211,0.029661711645698474,0.33453423363634227,0.1200361613665109
160,160.0,159.997670497107,0.21671814730856476,0.07013858546832376,0.08136198062383852,0.036925760912829265,0.03845717276335305,0.04099391047655745,0.03003717535749032,0.029707846430585744,0.33926895678413893,0.11639046387431841
161,161.0,160.99779210841066,0.21955135099445128,0.07021523877758071,0.08508703555763918,0.036285187603266635,0.03800523815562812,0.0398930597678176,0.030027486943053815,0.029752289272678423,0.334408103313591,0.11677500961429345
162,162.0,161.99792363749984,0.2201490216649159,0.07114229432005884,0.08836671989215376,0.0356458197486276,0.037518444627119396,0.038803363532273566,0.03001849250063042,0.029794764937835054,0.3288988102571121,0.11966226851927353
163,163.0,162.9980627773051,0.2192107682024884,0.07150918133389775,0.09322566535531518,0.03501393048196619,0.03700514600519036,0.0377346032849612,0.03001021257744306,0.02983504538709767,0.3279049206615577,0.11855052671008266
164,164.0,163.9982073753568,0.21891742711915058,0.07198252363564754,0.09279750432498078,0.034395090837151254,0.036473125785402315,0.03669537302953046,0.030002658520800002,0.033588551811200545,0.32779922024980224,0.11734852468633447
165,165.0,164.99835543984977,0.2215205509040613,0.07147111083319524,0.09493557092854608,0.0337941842484463,0.03592957632973905,0.035693112069347485,0.029995833284613256,0.03358677804850738,0.32266668395014436,0.12040659940339979
166,166.0,165.99850514349492,0.23355579456790862,0.0727138209369428,0.09477079484213306,0.03321542647612739,0.03538108605634473,0.03473414608448933,0.029989732239199048,0.033549313881598465,0.3093216893952057,0.12276819552005108
167,167.0,166.99865482534062,0.23415095376480166,0.07102598836740959,0.09031989705859605,0.032662390216279084,0.037543665297688766,0.033823735237272105,0.029984343975934274,0.03348010299256445,0.3115411296990881,0.12546779339036618
168,168.0,167.99880299074837,0.22903556579895964,0.07456203310741742,0.08746171109817158,0.03213803368025282,0.038661664573917676,0.032966128122403876,0.029979651099236636,0.03338301216250819,0.3178107971395358,0.12400140321759658
169,169.0,168.99894830970783,0.2236014023337143,0.07696339918514997,0.09283967664904887,0.033880984215317926,0.04017150027111283,0.035301569768657934,0.029975630999216393,0.03326180029383248,0.31267550829830937,0.12132852798564016
170,170.0,169.99908961367427,0.21925435000584445,0.07626838412708342,0.09832338696834256,0.033398203275861196,0.04052039538596375,0.03824354838069156,0.029972256599206007,0.03312009160908601,0.3078689003011286,0.12303048334679263
171,171.0,170.99922589110733,0.21536062956696128,0.07309583938914532,0.10730165608884726,0.03292971839759153,0.03983931179944292,0.03746417754443631,0.029969497073204607,0.03296135287672333,0.31267216565286793,0.1184056516107797
172,172.0,171.99935628188598,0.21695188102636886,0.06972642612000245,0.1069666009119531,0.032478784823172915,0.03912794345357974,0.04288066155559355,0.0299673185290713,0.03278887448882969,0.3076599420446935,0.12145156704673508
173,173.0,172.99948007076793,0.21285515875672917,0.07228918935038135,0.11168605434930876,0.03527724949851524,0.038396432507767086,0.042729744669626056,0.029965684654060604,0.032605755194837105,0.3033799569787623,0.12081477404001245
174,174.0,173.99959668005403,0.21522780611357015,0.07575671456319821,0.11183223946720589,0.03483691174484245,0.037654108331458026,0.04185790009118945,0.029964557320010375,0.03241489027829541,0.3026841785873235,0.11777069350290673
