,Unnamed: 0,Generation,Intertwine_two,Add_vertex,Delete_vertex,Invert_path_vertices,Insert_inside_vertex,Delete_inside_vertex,Replace_inside_vertex,Donate_between_routes,Trim_one_terminal_cb,Grow_one_terminal_cb
0,0.0,0.0,0.09999999999999999,0.09999999999999999,0.09999999999999999,0.09999999999999999,0.09999999999999999,0.09999999999999999,0.09999999999999999,0.09999999999999999,0.09999999999999999,0.09999999999999999
1,1.0,1.0,0.11797335889895302,0.1006189945843176,0.08990537286967462,0.10762630703619665,0.11145781750404944,0.09169730404128791,0.0861413404086936,0.06977264330370149,0.10681296946750192,0.11799389188562373
2,2.0,2.0,0.11915342216726618,0.09938384076895138,0.10051902526855135,0.10030357725084553,0.10338151320657848,0.08281260144840244,0.07881442087828021,0.07742354245049808,0.12573602173511214,0.11247203482551411
3,3.0,3.0,0.112219472411098,0.10306773445365354,0.09154110897524975,0.09572606286501222,0.08821817125085493,0.08808031877189046,0.08528100856970675,0.07951277720681245,0.12638594538914,0.12996740010658187
4,4.0,4.0,0.12136184993921124,0.09494664127369887,0.10741413029553082,0.09947894028299437,0.07972360095273973,0.09126037398424483,0.07073502017568233,0.06767616295946129,0.12663720103976123,0.1407660790966753
5,5.0,5.0,0.12723081287145285,0.10387051149872698,0.09783761792601521,0.09441147718648531,0.08835119251665144,0.10632526863244271,0.05845925018301139,0.08086767289024488,0.13053115207923255,0.11211504421573663
6,6.0,6.0,0.11844428952612343,0.09254778732366631,0.12479681427478048,0.08322774322822583,0.09346907703397592,0.08602598035231637,0.07384852172787162,0.070986374759297,0.13082762253076757,0.12582578924297536
7,7.0,7.0,0.12564452480193536,0.11098272439463605,0.08948759327484183,0.09822609573635062,0.09015723752309575,0.09659498067422098,0.05797142744981115,0.0679423785137524,0.14098851169064303,0.12200452594071279
8,8.0,8.0,0.12509305944462618,0.10552271333654265,0.08289485032006888,0.09327577783172464,0.08981175190766663,0.10753728829506595,0.06478921033445714,0.06772242308059621,0.13412386981460428,0.12922905563464743
9,9.0,9.0,0.14643124441727443,0.11741567728884239,0.09235965729772416,0.07198580918689265,0.08294181560906365,0.08134439451649807,0.06668759323371717,0.07847494359787639,0.1388706586377451,0.123488206214366
10,10.0,10.0,0.12937032330208625,0.10694792595401692,0.09602189142868091,0.08186643880796528,0.09014483627057883,0.0830400924382381,0.062135317359221696,0.06015142415109288,0.1552994243114607,0.13502232597665834
11,11.0,11.0,0.13786903019747984,0.09966273664350826,0.10212961661105388,0.0990985538215389,0.09555608152755389,0.07866909648522281,0.05169020190236773,0.06326883259120171,0.15285190168919394,0.11920394853087898
12,12.0,12.0,0.1328883820693278,0.09926334221717804,0.09339413775311126,0.0830838473819502,0.09270889893939448,0.08848802625262023,0.06711006970040022,0.07360489207538555,0.1544826946577121,0.11497570895292006
13,13.0,13.0,0.12846717352503967,0.09058066440937207,0.10184486233851187,0.08135660242884261,0.08837238059216283,0.10029975654193468,0.06448746193641466,0.07247074221793914,0.14768253164536616,0.12443782436441626
14,14.0,14.0,0.12137420562751718,0.09766830714157339,0.11486227076536773,0.07217870933006607,0.08153485894933514,0.07582490254246763,0.0661294005441169,0.07169955894198217,0.17195459492244372,0.12677319123513006
15,15.0,15.0,0.1306476632388466,0.10478427192994844,0.11250593532079903,0.06901266824633132,0.07443035835137707,0.08569515672509617,0.06148684879469972,0.07327767784004939,0.15615383844079309,0.1320055811120591
16,16.0,16.0,0.1201890350695958,0.10870833975201503,0.10728733361584164,0.08820179256795557,0.09200639334480372,0.0845866066244759,0.06907798112477996,0.062258710273891425,0.14971158902115994,0.11797221860548097
17,17.0,17.0,0.11501396756595941,0.1066017018847718,0.09312064569514615,0.07771667504146698,0.1063789315550824,0.09983312495332831,0.0481546637493669,0.06870505501320932,0.1546649977393124,0.12981023680235626
18,18.0,18.0,0.13359373696733357,0.0845157440201992,0.10904479019716842,0.09663607064796263,0.09167864053531655,0.09061625164965904,0.04754906368917815,0.061640795979308584,0.16101308511830068,0.12371182119557309
19,19.0,19.0,0.1279079529664961,0.09705695475237264,0.12754187523039412,0.08094866606021112,0.09399269460207502,0.06865441187059045,0.054284165938925114,0.06042592527935653,0.16647414038093394,0.12271321291864493
20,20.0,20.0,0.1529611231040117,0.0853035730495228,0.12067089842012937,0.05161043058812119,0.09055763790950758,0.09015984515616281,0.035374082748448346,0.06788070732595708,0.1701382790432176,0.1353434226549215
21,21.0,21.0,0.1467028014634423,0.09296009609648273,0.10777102698146372,0.06648069473641977,0.0944646604918504,0.07394250245943215,0.06669415296778085,0.05604433947339911,0.17202273012855715,0.1229169952011718
22,22.0,22.0,0.1549373160352819,0.09969289585285075,0.12851490440801444,0.07390509023111877,0.08597494024062058,0.08674746295848856,0.041631624099183716,0.05448317577127796,0.15139274823365773,0.1227198421695056
23,23.0,23.0,0.14988883410448747,0.07379070488620607,0.12185289155556792,0.06786943395114935,0.08708758142608955,0.0798956480157691,0.04608414118375601,0.08040699633619137,0.17615861333625693,0.11696515520452615
24,24.0,24.0,0.1342652721148157,0.12599652565060976,0.09656584064213329,0.07906475491865995,0.08882241442176342,0.07417831010612712,0.043051614026352304,0.052269057229336766,0.1815261831001405,0.12426002779006111
25,25.0,25.0,0.1364948895865643,0.11150171904139108,0.12256327520760661,0.06796385580745316,0.09069185445263407,0.08517564328372199,0.038634047304720885,0.0651202727948212,0.17310285937945583,0.10875158314163084
26,26.0,26.0,0.1446136768333229,0.1063257186432884,0.12223698909520206,0.057877784696339904,0.08011859426044536,0.09007034481884586,0.04831655438872949,0.07060491621574813,0.16199116307007363,0.11784425797800421
27,27.0,27.0,0.15704172628672688,0.11367289610724936,0.12522137227366215,0.07767816074576288,0.09301497736331163,0.07614107253777738,0.046214981203916594,0.04724191239396678,0.14441611306222482,0.11935678802540155
28,28.0,28.0,0.1646083716036919,0.08610553833466347,0.10742454150215205,0.09257795028991797,0.11551888635117784,0.07609192871674252,0.032976254140017536,0.039272994777671065,0.19476449219712358,0.09065904208684206
29,29.0,29.0,0.1284360731545104,0.07240508295849436,0.15153961081531225,0.07193310288467698,0.0725293141480897,0.08924515082053308,0.0363511809672181,0.06797552895342887,0.19239688082001777,0.11718807447771848
30,30.0,30.0,0.1630126573304729,0.11179332578798373,0.1142034148645561,0.06520686282926726,0.0762255345019908,0.07589103006635428,0.036324370056308355,0.07874244280852645,0.18075325569355152,0.09784710606098855
31,31.0,31.0,0.20113273623666023,0.08460474286639381,0.10967767229851695,0.07319226224169262,0.07923638739332124,0.06168588674785952,0.06019382035069498,0.0573696017977479,0.15318862384692417,0.11971826622018855
32,32.0,32.0,0.21381639608459016,0.08893491553543295,0.09368314775290383,0.05861336667161443,0.07902604746450118,0.07349381099316889,0.06572989007507764,0.051101788345955426,0.1590527779000809,0.11654785917667461
33,33.0,33.0,0.23144878402265895,0.08055081616348408,0.08151985168125883,0.07204296258613124,0.05846110739936687,0.072282389312926,0.059001487628504434,0.048506127708883226,0.20178202639823492,0.09440444709855139
34,34.0,34.0,0.19385632242939332,0.11193871960695234,0.11542374046545331,0.05990788617904318,0.06009296564129063,0.0841166759399486,0.055582871957248994,0.052095395913964025,0.1883665313521402,0.07861889051456537
35,35.0,35.0,0.18470979601162116,0.128695221520579,0.13926293589218713,0.048791660263674486,0.06421087270621904,0.0684151652146757,0.044314466841405296,0.04954909112727918,0.18973062343111313,0.0823201669912458
36,36.0,36.0,0.2153598693575424,0.10085045685503835,0.11002325568027474,0.051463900334866516,0.06278803848341898,0.06867476596197272,0.03300388004378284,0.0704432215387576,0.18011955174349142,0.10727306000085442
37,37.0,37.0,0.2727495958247585,0.0844269197829874,0.10118340710543172,0.0574009299451673,0.0523890010402568,0.0638403745343804,0.0405557058596695,0.05030873171482329,0.18884925708357284,0.08829607710895226
38,38.0,38.0,0.22387706833855198,0.08707255812430431,0.10304608474637425,0.033556226347693216,0.0427979492295807,0.057190462765666215,0.04097974386115244,0.04866152697704,0.23436986477261884,0.128448514837018
39,39.0,39.0,0.2899172921559272,0.08215406629933635,0.07530311671909859,0.05812723628568557,0.040153726889238774,0.06527359597039159,0.048095847635976775,0.046106589515069275,0.18479699285694284,0.11007153567233305
40,40.0,40.0,0.28120436114393776,0.07536855263111904,0.09674682567640033,0.0397471747113395,0.08018007440126876,0.05818780710641468,0.030000000000000006,0.04210306718268588,0.234345021044683,0.062117116102150996
41,41.0,41.0,0.2904146174898278,0.0725009861049919,0.09894863305676374,0.08808533575202734,0.056448570111961374,0.040532743188439545,0.030000000000000006,0.04190395019865652,0.19427727034971914,0.08688789374761272
42,42.0,42.0,0.2433222471587891,0.0746159071550608,0.11463591183588773,0.030000000000000006,0.035869770900226326,0.09351436780797429,0.030000000000000006,0.030000000000000006,0.24630639739209714,0.10173539774996468
43,43.0,43.0,0.305193064683387,0.05482890431150276,0.10893032499267297,0.030000000000000006,0.05148655034608553,0.05515076039646096,0.030000000000000006,0.05682548195412305,0.2353299601814669,0.07225495313430084
44,44.0,44.0,0.2941407418176216,0.07612538712730202,0.13113593550453806,0.030000000000000006,0.03940178539679425,0.07016072028352656,0.030000000000000006,0.03455074157409388,0.2330642308946947,0.061420457401428895
45,45.0,45.0,0.28699407192886583,0.07885846280559516,0.11522285939565798,0.03704798392731397,0.030000000000000006,0.05739245424971119,0.030000000000000006,0.038054838774073105,0.2571743185905957,0.06925501032818704
46,46.0,46.0,0.31951445852051646,0.05808669116465627,0.10339180675531112,0.036831575646015746,0.05056774057279382,0.04355514434822836,0.030000000000000006,0.03467747521709187,0.23503786938348217,0.08833723839190423
47,47.0,47.0,0.3499667719344428,0.07508698740429749,0.12913655353548964,0.03650687746057337,0.03839279646031372,0.03684238410596027,0.030000000000000006,0.033524558624477244,0.20774130743926306,0.06280176303518228
48,48.0,48.0,0.28627785448058707,0.07649117549514987,0.1008961268545078,0.03286969328109117,0.03324067565358774,0.0725192926110496,0.036730634049759146,0.03435768238980511,0.19585819284554504,0.13075867233891741
49,49.0,49.0,0.31542197534540517,0.06333626322589495,0.0947361642856856,0.048342246987642744,0.046182640348605954,0.08049577486508766,0.04380137083988249,0.038152622814894954,0.19225798321633525,0.07727295807056529
50,50.0,50.0,0.22860000406672362,0.046573614910578306,0.08811356099123877,0.041693401311208814,0.032142491710748344,0.08743626028496487,0.030000000000000006,0.03204698580669291,0.2594972168934705,0.1538964640243739
51,51.0,51.0,0.28856829411362117,0.05440271855597839,0.07780826073329805,0.06372755618029578,0.06622327127133819,0.07339916849044355,0.050238095238095234,0.0373487723496075,0.21271126191960338,0.07557260114771866
52,52.0,52.0,0.2587719477485563,0.07019717475019807,0.08172104795415784,0.05782727900087833,0.08584004703647369,0.0652320109568417,0.03622585254078879,0.03933587850473095,0.2188648185634608,0.08598394294391355
53,53.0,53.0,0.2707012411696693,0.11202779253176372,0.08845986972806846,0.057336324991131525,0.04868338679548749,0.05116105514896298,0.030000000000000006,0.05214230161164433,0.20249010849033686,0.08699791953293533
54,54.0,54.0,0.27455331806112276,0.06560292754254284,0.10293993625585769,0.04883544585738803,0.05715209538943357,0.09991590762979494,0.030000000000000006,0.031561343265516274,0.23054777149257558,0.05889125450576836
55,55.0,55.0,0.2788106124709013,0.05645303942558063,0.08454407657333043,0.03472310500395563,0.07396167700654105,0.0812215557777584,0.030000000000000006,0.03826543375692236,0.25750776934645997,0.06451273063855027
56,56.0,56.0,0.2594516541768723,0.056689287562230704,0.14309689767237943,0.04730649717601224,0.03297017355749685,0.057201797762059345,0.030000000000000006,0.03274169866845863,0.24697007898276824,0.09357191444172222
57,57.0,57.0,0.24677320726698054,0.12002537373742303,0.1409112347329701,0.03380798660927786,0.0728070844963207,0.03965391908888936,0.030000000000000006,0.030000000000000006,0.21869885069484885,0.06732234337328959
58,58.0,58.0,0.2692359385364548,0.06729782273231702,0.15767210316390098,0.04466465720816416,0.05498574715273803,0.038215230039887485,0.030000000000000006,0.030000000000000006,0.2118365536686732,0.09609194749786437
59,59.0,59.0,0.2669669512490729,0.05949663036908069,0.14760656561238988,0.032815540765353854,0.05189865039719664,0.0703349348880126,0.040482091150688196,0.030000000000000006,0.21765425217186482,0.08274438339634049
60,60.0,60.0,0.3281430564177289,0.08324776128703124,0.10985844951157893,0.05998214657676543,0.030000000000000006,0.04792632876190341,0.030000000000000006,0.030000000000000006,0.1923352052311647,0.08850705221382746
61,61.0,61.0,0.25156005336480386,0.09417177108475741,0.09505823251861503,0.03227286369911978,0.030000000000000006,0.04636423395835957,0.030000000000000006,0.05685377238725806,0.29744734680208584,0.06627172618500042
62,62.0,62.0,0.301583766717388,0.04193462730159102,0.09115774688380492,0.03738149926384351,0.030000000000000006,0.06268000103534989,0.030000000000000006,0.030000000000000006,0.2598835022416751,0.11537885655634758
63,63.0,63.0,0.29186238371676004,0.06388944074455809,0.10012404357499419,0.0473555035698607,0.03469534012943126,0.050661610247393796,0.030000000000000006,0.056217177341311056,0.24420422458189592,0.08099027609379505
64,64.0,64.0,0.27860778593772995,0.0677573041895803,0.10598672869742705,0.031753556251362315,0.07994473042338976,0.04282425438461328,0.030000000000000006,0.05568188379950584,0.20947136425120103,0.09797239206519055
65,65.0,65.0,0.23332951938396845,0.08178768572320294,0.08065962137268665,0.030000000000000006,0.09564669864214373,0.07127432278474775,0.04773941461109045,0.0447298685278588,0.21726450197180885,0.09756836698249234
66,66.0,66.0,0.275555064135666,0.05533565957391262,0.05450871692793373,0.030000000000000006,0.051701523307753995,0.06111330970532506,0.030000000000000006,0.03433549275491156,0.2646679878160548,0.14278224577844226
67,67.0,67.0,0.2872491001287027,0.053148231033832496,0.16458113294236953,0.030000000000000006,0.03822718178444777,0.06248559746012339,0.030000000000000006,0.033871614957387185,0.23061182393622684,0.0698253177569101
68,68.0,68.0,0.2743071519025301,0.07344602793934737,0.06188866994280662,0.08478855343022756,0.03421252001518727,0.08462298739803308,0.030000000000000006,0.030000000000000006,0.25184783989901927,0.07488624947284872
69,69.0,69.0,0.3111027340811667,0.05798224289633772,0.08565054701096438,0.032889183612431164,0.030000000000000006,0.032588843779545074,0.030000000000000006,0.030000000000000006,0.33705553295439183,0.05273091566516321
70,70.0,70.0,0.3239716875563671,0.040829207115983104,0.0871926516748196,0.05396406401840429,0.030000000000000006,0.05398753894080999,0.04540546972611705,0.030000000000000006,0.29783610532677796,0.036813275640720844
71,71.0,71.0,0.25658762654594636,0.07154841060661998,0.10899224683076496,0.030000000000000006,0.030000000000000006,0.03821151902997642,0.050528797574941074,0.030000000000000006,0.24678662801243956,0.1373447713993117
72,72.0,72.0,0.2722461393744013,0.09849841145484753,0.07087203400783085,0.030000000000000006,0.04628917486752462,0.10625596203301554,0.030000000000000006,0.038199018920812886,0.24715011764516714,0.06048914169640014
73,73.0,73.0,0.2509694607276335,0.10191044071671922,0.08711376831719414,0.07075004493077972,0.04328437742046076,0.07306556074808872,0.030000000000000006,0.030000000000000006,0.2399102540097008,0.07299609312942315
74,74.0,74.0,0.2938460060528261,0.07850197027539516,0.11056843828416255,0.030000000000000006,0.05330467005141023,0.0717687880089369,0.030000000000000006,0.030000000000000006,0.2062677327057468,0.09574239462152216
75,75.0,75.0,0.28513257530981717,0.0788092708654028,0.06342335692977279,0.04277354192994944,0.043685937782088693,0.04544216109190291,0.030000000000000006,0.030000000000000006,0.2736066225136918,0.10712653357737445
76,76.0,76.0,0.2456565556637404,0.06996953062264707,0.14350010428287066,0.030000000000000006,0.05920554606206195,0.04106394885865984,0.030000000000000006,0.030000000000000006,0.2680294075615273,0.08257490694849279
77,77.0,77.0,0.27857421452058584,0.043478481132716816,0.09175256599316159,0.030000000000000006,0.030000000000000006,0.04524287909756629,0.030000000000000006,0.030000000000000006,0.3423467987500185,0.0786050605059509
78,78.0,78.0,0.33641228621061825,0.08279874036546167,0.08918889658718994,0.030000000000000006,0.030000000000000006,0.05424564171783809,0.030000000000000006,0.030000000000000006,0.2814897688226644,0.0358646662962277
79,79.0,79.0,0.31098645518608264,0.030000000000000006,0.06548005649956248,0.030000000000000006,0.0430993999962848,0.09770465835574357,0.030000000000000006,0.030000000000000006,0.26794998026901257,0.09477944969331388
80,80.0,80.0,0.28984393537654973,0.07308864916039996,0.07651511572374738,0.030000000000000006,0.030000000000000006,0.07409403106489656,0.030000000000000006,0.030000000000000006,0.3018308587875468,0.0646274098868596
81,81.0,81.0,0.3133168890320126,0.05235917565651806,0.07065837698611738,0.030000000000000006,0.030000000000000006,0.06720793917536201,0.030000000000000006,0.030000000000000006,0.25505471446447187,0.12140290468551798
82,82.0,82.0,0.2528944209161739,0.08328650943362549,0.0863269964512134,0.07996773854024816,0.04732777205513997,0.05495352741613879,0.030000000000000006,0.030000000000000006,0.27084535335216914,0.06439768183529113
83,83.0,83.0,0.29129296592171344,0.06094467945864398,0.12795757124018464,0.03193010551329571,0.03279742019515695,0.04604085058757697,0.030000000000000006,0.030000000000000006,0.2975931984046036,0.05144320867882479
84,84.0,84.0,0.30110582684626663,0.08076324374369952,0.06533999272828894,0.041779723002992444,0.07190998864089579,0.03449341325347668,0.030000000000000006,0.030000000000000006,0.275469354955155,0.0691384568292249
85,85.0,85.0,0.30287715339897636,0.0642378662247222,0.11363155038903441,0.034349168861840314,0.032180816689889945,0.06411357088498018,0.030000000000000006,0.030000000000000006,0.26832542831322126,0.060284445237335414
86,86.0,86.0,0.26759560464323756,0.09253848225136116,0.09811002959319373,0.030000000000000006,0.04938727583067336,0.044886301322287527,0.030000000000000006,0.030000000000000006,0.29171384319426286,0.06576846316498373
87,87.0,87.0,0.23660436968893137,0.05283379745341599,0.08331620120069325,0.030000000000000006,0.030000000000000006,0.11591948425912557,0.030000000000000006,0.030000000000000006,0.2365791001679387,0.15474704722989507
88,88.0,88.0,0.2561747291797528,0.08755828517990787,0.13923142991202422,0.030000000000000006,0.0434816207283374,0.03110518966964173,0.030000000000000006,0.030000000000000006,0.2441457685770711,0.10830297675326488
89,89.0,89.0,0.3071334104588544,0.07714708952701718,0.1283608864003314,0.030000000000000006,0.036905332927574024,0.030000000000000006,0.030000000000000006,0.030000000000000006,0.25388707670902344,0.07656620397719958
90,90.0,90.0,0.2716205776301257,0.04215683330140414,0.1134383286105152,0.04807486047941687,0.04961939491671401,0.049882346527358554,0.030000000000000006,0.030000000000000006,0.3037084623241501,0.061499196210315465
91,91.0,91.0,0.2720801433482126,0.06952293286451386,0.12155416246342443,0.05472964587580544,0.030000000000000006,0.030000000000000006,0.04859827721221614,0.030000000000000006,0.24021193252549536,0.10330290571033211
92,92.0,92.0,0.2453050791231659,0.05720104367198571,0.13483218360214191,0.041825439748757465,0.030000000000000006,0.030000000000000006,0.049709066247929104,0.030000000000000006,0.3283140331083409,0.052813154497679024
93,93.0,93.0,0.28661278835163423,0.03515770811821777,0.11167229731560138,0.030000000000000006,0.054774720641966215,0.030000000000000006,0.030000000000000006,0.04381223589932024,0.27630152580262585,0.1016687238706343
94,94.0,94.0,0.3345384630314753,0.08163419230600796,0.11313300819738156,0.030000000000000006,0.03628229885057471,0.030000000000000006,0.030000000000000006,0.030000000000000006,0.2675452747775659,0.046866762836994605
95,95.0,95.0,0.26775132165786875,0.05668926068879697,0.1092361059925315,0.030000000000000006,0.04052138340434136,0.0475356390072356,0.030000000000000006,0.030000000000000006,0.31237531959176884,0.07589096965745681
96,96.0,96.0,0.2943175413986519,0.05417264123022057,0.07144124630898645,0.0661928670455108,0.04325430172957512,0.06003037597095791,0.030000000000000006,0.030000000000000006,0.24907879274464148,0.10151223357145574
97,97.0,97.0,0.2746438949175686,0.0463641852210981,0.10585891255177002,0.044479516553335,0.078881516388638,0.030000000000000006,0.030000000000000006,0.053043558850787785,0.28438026369343666,0.052348151823365906
98,98.0,98.0,0.32875998152726926,0.036870178893812576,0.10497435525518613,0.03397214340985298,0.0320109404403491,0.10475398111114072,0.030000000000000006,0.030000000000000006,0.2375029272083236,0.06115549215406561
99,99.0,99.0,0.3379289638504045,0.05528068012288019,0.118891149716818,0.030000000000000006,0.030000000000000006,0.03908259824289114,0.030000000000000006,0.030000000000000006,0.22305961863061902,0.105756989436387
100,100.0,100.0,0.30628085717958,0.030000000000000006,0.13100782138897282,0.030000000000000006,0.030000000000000006,0.04442886570536249,0.030000000000000006,0.030000000000000006,0.27684807614066986,0.0914343795854149
101,101.0,101.0,0.3687040349469061,0.04532359783614094,0.10594807044005239,0.04838831740336913,0.049309186855360995,0.030000000000000006,0.030000000000000006,0.030000000000000006,0.25253349456292484,0.039793297955245485
102,102.0,102.0,0.2953510423804594,0.145139237144352,0.0862422720431915,0.030000000000000006,0.031955660238101945,0.043388750860851776,0.030000000000000006,0.058535198491957506,0.1965335142466357,0.08285432459445026
103,103.0,103.0,0.3158090845627503,0.032262149110609026,0.054981850899659436,0.05012054761327842,0.030000000000000006,0.030000000000000006,0.030000000000000006,0.030000000000000006,0.31248537228473705,0.11434099552896573
104,104.0,104.0,0.32835214235025256,0.030000000000000006,0.0680154997712934,0.03553951108584423,0.0838356879331351,0.0859790756298189,0.030000000000000006,0.030000000000000006,0.2650065077063569,0.04327157552329887
105,105.0,105.0,0.3059879951133512,0.04442516268980477,0.10727254274071348,0.030000000000000006,0.030000000000000006,0.050902876299783295,0.030000000000000006,0.030000000000000006,0.29727554503957176,0.07413587811677547
106,106.0,106.0,0.3158530548559624,0.030000000000000006,0.12146587719238007,0.030000000000000006,0.030000000000000006,0.0471353766157677,0.030000000000000006,0.030000000000000006,0.307619807279388,0.05792588405650175
107,107.0,107.0,0.27571749477894125,0.05892426011315335,0.12341482645084152,0.030000000000000006,0.030000000000000006,0.09889424132848525,0.030000000000000006,0.030000000000000006,0.2407253885366467,0.08232378879193192
108,108.0,108.0,0.270170956094097,0.05319801896466668,0.05660594714716842,0.030000000000000006,0.04956251687052754,0.03785734586412678,0.04492127134661692,0.030000000000000006,0.3612143199830357,0.06646962372976101
109,109.0,109.0,0.30411051567621505,0.030000000000000006,0.1208954785739624,0.030000000000000006,0.030000000000000006,0.07807630072080442,0.030000000000000006,0.030000000000000006,0.23357763287124786,0.11334007215777016
110,110.0,110.0,0.31129064806806717,0.030000000000000006,0.11455934067274946,0.030000000000000006,0.052914550454073075,0.03613615312143571,0.030000000000000006,0.030000000000000006,0.28768610712557285,0.07741320055810168
111,111.0,111.0,0.2681138763217053,0.058306584781600335,0.11430719434219472,0.030000000000000006,0.030000000000000006,0.10810409717795366,0.030000000000000006,0.030000000000000006,0.23279854653820103,0.09836970083834497
112,112.0,112.0,0.3232977604854142,0.044899894505099056,0.1008937101261412,0.030000000000000006,0.030000000000000006,0.03154558868821337,0.030000000000000006,0.030000000000000006,0.3049572595805995,0.07440578661453268
113,113.0,113.0,0.3145247883005557,0.06372494775244805,0.10697803522193675,0.049156441708678764,0.046132075471698106,0.030000000000000006,0.030000000000000006,0.030000000000000006,0.28036786819554094,0.04911584334914176
114,114.0,114.0,0.3693693666346835,0.04767843999267167,0.0754993931867477,0.03359311245307654,0.034995105880106,0.049980423520424,0.030000000000000006,0.030000000000000006,0.2718064206740548,0.057077737658235685
115,115.0,115.0,0.32317764923607234,0.061403434236705835,0.12933362011918753,0.041430242967454935,0.030000000000000006,0.030000000000000006,0.030000000000000006,0.030000000000000006,0.25033349578884745,0.0743215576517319
116,116.0,116.0,0.3543542265883317,0.07714327513551128,0.12473681410294932,0.030000000000000006,0.030000000000000006,0.0515913188104072,0.030000000000000006,0.030000000000000006,0.22932306004669228,0.042851305316108236
117,117.0,117.0,0.36884264041001413,0.06660932260147179,0.10873493694199259,0.030000000000000006,0.030000000000000006,0.036876950252511496,0.030000000000000006,0.030000000000000006,0.2689361497940099,0.030000000000000006
118,118.0,118.0,0.26390873138939536,0.05147933931056783,0.14804628254210145,0.0481616932587909,0.030000000000000006,0.07251051474035311,0.030000000000000006,0.030000000000000006,0.23799521566269793,0.08789822309609342
119,119.0,119.0,0.2739928968090549,0.09191081903131842,0.1345619372212433,0.030000000000000006,0.030000000000000006,0.036529989888610045,0.030000000000000006,0.030000000000000006,0.288046163897705,0.05495819315206827
120,120.0,120.0,0.42269764017534356,0.033686794186637004,0.07037075845636209,0.030000000000000006,0.030000000000000006,0.030000000000000006,0.030000000000000006,0.030000000000000006,0.2593366602798801,0.0639081469017773
121,121.0,121.0,0.325141771296553,0.030000000000000006,0.09676774495799828,0.030000000000000006,0.060728664115787735,0.030000000000000006,0.030000000000000006,0.030000000000000006,0.2837348445134248,0.08362697511623614
122,122.0,122.0,0.26565797264015095,0.030000000000000006,0.12424967639098441,0.030000000000000006,0.03387538987825737,0.030000000000000006,0.030000000000000006,0.030000000000000006,0.3617511102160972,0.06446585087451008
123,123.0,123.0,0.27677488761685276,0.07780530430128865,0.15221211145069294,0.030000000000000006,0.030000000000000006,0.04995685994768845,0.030000000000000006,0.030000000000000006,0.25951908981137595,0.06373174687210126
124,124.0,124.0,0.25678809566259964,0.0375277351155629,0.11363204570683028,0.05340983606557379,0.030000000000000006,0.04919971503205891,0.030000000000000006,0.030000000000000006,0.3531403722498158,0.04630220016755866
125,125.0,125.0,0.3486029313476268,0.030000000000000006,0.05679646762586876,0.03545088386663684,0.05123271206563405,0.030000000000000006,0.030000000000000006,0.030000000000000006,0.2917596305920048,0.0961573745022287
126,126.0,126.0,0.3438233168043313,0.08442143098278292,0.050711801112400166,0.030000000000000006,0.05640899866746685,0.04709194400569816,0.030000000000000006,0.030000000000000006,0.2545437361205435,0.07299877230677702
127,127.0,127.0,0.3525698377934973,0.10753138554901401,0.07539810040895573,0.030000000000000006,0.060605333373602854,0.03275817601665798,0.030000000000000006,0.030000000000000006,0.20623215805931486,0.07490500879895724
128,128.0,128.0,0.3324909308501046,0.09310806993057556,0.08966447694305531,0.030000000000000006,0.05028268773136578,0.045449965846994546,0.030000000000000006,0.030000000000000006,0.20576130589278158,0.09324256280512273
129,129.0,129.0,0.3270201041542266,0.08185600563781364,0.06880571366449091,0.030000000000000006,0.030000000000000006,0.035804332795575024,0.030000000000000006,0.030000000000000006,0.30891612721096334,0.057597716536930466
130,130.0,130.0,0.20937917456139768,0.06563686599599385,0.11529803369714693,0.030000000000000006,0.048621445841845835,0.06596274950569407,0.030000000000000006,0.030000000000000006,0.3387617534364752,0.06633997696144642
131,131.0,131.0,0.2844680319861729,0.05736582249736407,0.08481199620871685,0.030000000000000006,0.06789632403545068,0.054390224667833664,0.030000000000000006,0.030000000000000006,0.2894685488105863,0.07159905179387559
132,132.0,132.0,0.250804501488669,0.09988226313194368,0.08834393486505887,0.030000000000000006,0.030000000000000006,0.0687404743034811,0.030000000000000006,0.030000000000000006,0.3147133934692353,0.05751543274161207
133,133.0,133.0,0.25986106620301963,0.063231670924265,0.11279134116310663,0.030000000000000006,0.030000000000000006,0.030000000000000006,0.030000000000000006,0.030000000000000006,0.26052695697551453,0.15358896473409417
134,134.0,134.0,0.27131870198259234,0.06100351555623449,0.08173810514890842,0.07267938291770074,0.07601020590372116,0.030000000000000006,0.030000000000000006,0.030000000000000006,0.298038103087505,0.0492119854033379
135,135.0,135.0,0.2171993244337611,0.050618908704300414,0.077258443604653,0.034629803186504216,0.06479763156713768,0.04839895801911496,0.030000000000000006,0.030000000000000006,0.3809759533610391,0.06612097712348954
136,136.0,136.0,0.3689752295677572,0.06716052438940226,0.10507157676784562,0.030000000000000006,0.03207373271889401,0.03785806746879121,0.030000000000000006,0.030000000000000006,0.26410378462302075,0.034757084464288955
137,137.0,137.0,0.30078788777664583,0.072480111949807,0.10828166684498605,0.030000000000000006,0.030000000000000006,0.030000000000000006,0.030000000000000006,0.030000000000000006,0.3216321525096626,0.046818180918898514
138,138.0,138.0,0.34354608100994605,0.030000000000000006,0.09751738534959448,0.030000000000000006,0.030000000000000006,0.030000000000000006,0.030000000000000006,0.030000000000000006,0.2898487147484149,0.0890878188920446
139,139.0,139.0,0.357425056052353,0.05042042199858108,0.10673434037290885,0.030000000000000006,0.030000000000000006,0.030000000000000006,0.030000000000000006,0.030000000000000006,0.29986722998220644,0.035552951593950666
140,140.0,140.0,0.32353929791217345,0.06620310952365392,0.08004459265648935,0.030000000000000006,0.052366461638070586,0.05512472342618132,0.030000000000000006,0.030000000000000006,0.24204202880306785,0.09067978604036352
141,141.0,141.0,0.37007733827942824,0.05573060143709302,0.04877821858443916,0.030000000000000006,0.030000000000000006,0.0825972826898165,0.030000000000000006,0.030000000000000006,0.24088236944087513,0.08193418956834794
142,142.0,142.0,0.32385838826983315,0.06596446165944461,0.099434521875287,0.030000000000000006,0.030000000000000006,0.05422216327797939,0.030000000000000006,0.030000000000000006,0.2969357290157079,0.03958473590174787
143,143.0,143.0,0.32587191183999054,0.12299530301469427,0.08878881058235737,0.030000000000000006,0.05516950306330838,0.030000000000000006,0.04545020805115252,0.030000000000000006,0.24172426344849693,0.030000000000000006
144,144.0,144.0,0.2572320869376429,0.052760612067092635,0.1384648933227104,0.030000000000000006,0.051850442393682826,0.0467448497459265,0.030000000000000006,0.030000000000000006,0.33294711553294476,0.030000000000000006
145,145.0,145.0,0.2942123092467383,0.0591763462187462,0.13778276072945422,0.030000000000000006,0.030000000000000006,0.036727871343548185,0.030000000000000006,0.030000000000000006,0.30372415114588847,0.0483765613156247
146,146.0,146.0,0.26168561783771305,0.043556536712742955,0.10355696873959344,0.030000000000000006,0.030000000000000006,0.030000000000000006,0.030000000000000006,0.030000000000000006,0.32040453433641625,0.12079634237353423
147,147.0,147.0,0.2619256458352859,0.07936256822623512,0.07517359860912072,0.030000000000000006,0.04653663945546134,0.04136893962562967,0.030000000000000006,0.030000000000000006,0.32172717516471794,0.08390543308354932
148,148.0,148.0,0.30646388622168785,0.03537614987342447,0.1145620543019662,0.030000000000000006,0.04986188703237371,0.030000000000000006,0.030000000000000006,0.030000000000000006,0.3060089137076546,0.06772710886289321
149,149.0,149.0,0.30653527069113407,0.045003483634350305,0.13020519612945758,0.030000000000000006,0.051049699240706056,0.05000464484580042,0.030000000000000006,0.030000000000000006,0.28556886316595576,0.041632842292595805
150,150.0,150.0,0.2628046767972666,0.09911984245198188,0.14972348411559666,0.030000000000000006,0.0572104635254731,0.030000000000000006,0.030000000000000006,0.030000000000000006,0.26074261987281566,0.05039891323686611
151,151.0,151.0,0.29962729483179995,0.06666404817336405,0.11199623299078332,0.030000000000000006,0.030000000000000006,0.05571677852348993,0.030000000000000006,0.04733171300254154,0.27762255525213236,0.05104137722588882
152,152.0,152.0,0.28985050612837404,0.031927193408754426,0.22841502746038517,0.030000000000000006,0.048422081174961606,0.030000000000000006,0.030000000000000006,0.030000000000000006,0.19782704906816675,0.08355814275935795
153,153.0,153.0,0.3477519956828685,0.0400843403435743,0.17987339417795217,0.030000000000000006,0.04451283635951743,0.030000000000000006,0.030000000000000006,0.0432337619989835,0.16622965954064542,0.08831401189645868
154,154.0,154.0,0.30362668615126404,0.05374286367408655,0.1308325069602294,0.030000000000000006,0.04577013816330782,0.030000000000000006,0.030000000000000006,0.030000000000000006,0.2871779278523288,0.05884987719878332
155,155.0,155.0,0.25269698093579734,0.05306246545052516,0.06968103383679485,0.05237893747061591,0.030000000000000006,0.030000000000000006,0.030000000000000006,0.030000000000000006,0.35025380931670225,0.10192677298956447
156,156.0,156.0,0.32320172570486344,0.058089278145515386,0.0961659710008712,0.030000000000000006,0.0528819268991073,0.030000000000000006,0.030000000000000006,0.030000000000000006,0.27694676133474083,0.07271433691490178
157,157.0,157.0,0.31146891646610075,0.05600495699490371,0.1153634179811324,0.030000000000000006,0.030000000000000006,0.07177448222412627,0.030000000000000006,0.030000000000000006,0.26205112515233686,0.06333710118140004
158,158.0,158.0,0.30674891349185096,0.044134797084495636,0.14851653889313954,0.030000000000000006,0.030000000000000006,0.04164042112840818,0.030000000000000006,0.030000000000000006,0.28599090579164965,0.052968423610455964
159,159.0,159.0,0.3304189661604494,0.03659743799400382,0.11198534731135716,0.030000000000000006,0.051076916678796457,0.030000000000000006,0.030000000000000006,0.030000000000000006,0.3199213318553932,0.030000000000000006
160,160.0,160.0,0.3174619625668861,0.06215718676019884,0.09208528163258432,0.030000000000000006,0.031624375068058486,0.030000000000000006,0.030000000000000006,0.030000000000000006,0.30737401547931925,0.06929717849295294
161,161.0,161.0,0.29736972145135326,0.17322809201365286,0.07147171533358107,0.030000000000000006,0.030000000000000006,0.030000000000000006,0.030000000000000006,0.030000000000000006,0.23904408104551994,0.06888639015589285
162,162.0,162.0,0.36832782350545673,0.04170736776751437,0.06889417375081053,0.030000000000000006,0.030000000000000006,0.06133791178522898,0.030000000000000006,0.030000000000000006,0.30436477014101604,0.03536795304997333
163,163.0,163.0,0.30542465845091626,0.030000000000000006,0.10526796391258339,0.030000000000000006,0.047953488372093026,0.05153674121158343,0.030000000000000006,0.030000000000000006,0.3398171480528239,0.030000000000000006
164,164.0,164.0,0.305562291250102,0.06731017948662182,0.08123544155197356,0.030000000000000006,0.0331729030127819,0.030000000000000006,0.030000000000000006,0.030000000000000006,0.2913914974068912,0.10132768729162953
165,165.0,165.0,0.3238195298375122,0.04314374658260561,0.061570725269379054,0.030000000000000006,0.06154655119084442,0.04938359834751064,0.030000000000000006,0.030000000000000006,0.2956270382873731,0.07490881048477499
166,166.0,166.0,0.30326917436529616,0.03590922311091225,0.09443728329942136,0.030000000000000006,0.030000000000000006,0.03983388576481426,0.030000000000000006,0.030000000000000006,0.3503138885790238,0.05623654488053208
167,167.0,167.0,0.31121699446646506,0.05610652991663932,0.11295442586853217,0.030000000000000006,0.030000000000000006,0.03860273673812705,0.030000000000000006,0.030000000000000006,0.29063270962581633,0.07048660338442006
168,168.0,168.0,0.3387080990340477,0.039212513484358155,0.07815925893243554,0.05075236671649228,0.030000000000000006,0.032928837560005385,0.030000000000000006,0.030000000000000006,0.31027875168213964,0.0599601725905212
169,169.0,169.0,0.2529847244441481,0.10181924562297336,0.15835822797012356,0.030000000000000006,0.037642858219881135,0.03445833396159733,0.030000000000000006,0.030000000000000006,0.28516750274175046,0.039569107039525986
170,170.0,170.0,0.2560003682233271,0.06212398728601576,0.1426447895734831,0.04692913748617766,0.03659119214063293,0.060578336888984875,0.030000000000000006,0.030000000000000006,0.28844385085381863,0.04668833754755999
171,171.0,171.0,0.24254030346047734,0.07622166721346312,0.09979930839574372,0.030000000000000006,0.030000000000000006,0.03920547538710985,0.030000000000000006,0.030000000000000006,0.3426679377529858,0.07956530779022009
172,172.0,172.0,0.2973523557489376,0.03861256577278166,0.10202407894902547,0.056985893884248885,0.030000000000000006,0.037732169888996955,0.030000000000000006,0.030000000000000006,0.2836959086497332,0.09359702710627618
173,173.0,173.0,0.34434419971889796,0.0321627925159446,0.11526760118093263,0.04147378157947803,0.030000000000000006,0.030000000000000006,0.030000000000000006,0.030000000000000006,0.25403870853459265,0.09271291647015409
174,174.0,174.0,0.253738297664304,0.08771268001459971,0.12211010728248857,0.05084366438854907,0.030000000000000006,0.04539373666659763,0.030000000000000006,0.030000000000000006,0.2959640244360395,0.054237489547421566
175,175.0,175.0,0.25464660923674876,0.04237464242417137,0.10747875247499758,0.030000000000000006,0.0598799686027273,0.042328299220583246,0.030000000000000006,0.030000000000000006,0.3205103912647253,0.08278133677604642
176,176.0,176.0,0.3011214854173465,0.08910482753938706,0.12185305617283577,0.030000000000000006,0.0375580918607234,0.039366075465109916,0.030000000000000006,0.030000000000000006,0.27347920719089347,0.047517256353703796
177,177.0,177.0,0.2720949769339248,0.11199535314565985,0.12941398271517307,0.030000000000000006,0.030000000000000006,0.033861457850194156,0.030000000000000006,0.030000000000000006,0.2537780277295079,0.0788562016255402
178,178.0,178.0,0.2516026013761502,0.05233990888441677,0.12233343898536812,0.030000000000000006,0.07989868889391362,0.030000000000000006,0.030000000000000006,0.0437264864377088,0.3182760650217033,0.04182281040073921
179,179.0,179.0,0.2956989555652919,0.09425516432564146,0.1079904285594325,0.0471289891169106,0.046638574594657665,0.030000000000000006,0.030000000000000006,0.030000000000000006,0.22657195773936656,0.0917159300986993
180,180.0,180.0,0.2811281945502452,0.06758000907510908,0.1366759009831651,0.030000000000000006,0.030000000000000006,0.030000000000000006,0.030000000000000006,0.030000000000000006,0.2544949531660713,0.11012094222540936
181,181.0,181.0,0.3035712070132689,0.040377796952539693,0.09045965817344724,0.030000000000000006,0.04300648779769846,0.05148499351433555,0.030000000000000006,0.030000000000000006,0.3071418498464416,0.07395800670226851
182,182.0,182.0,0.2734364685014669,0.06026869566519474,0.07459577773060004,0.05532201827584514,0.034485576531423735,0.048109540636042405,0.030000000000000006,0.030000000000000006,0.3229816911086466,0.0708002315507805
183,183.0,183.0,0.34392688637290464,0.03629347264830059,0.12084615880471472,0.032032070776886926,0.030000000000000006,0.030000000000000006,0.030000000000000006,0.030000000000000006,0.3092650113573473,0.037636400039845905
