,Unnamed: 0,Generation,Intertwine_two,Add_vertex,Delete_vertex,Invert_path_vertices,Insert_inside_vertex,Delete_inside_vertex,Replace_inside_vertex,Donate_between_routes,Trim_one_terminal_cb,Grow_one_terminal_cb
0,0.0,0.0,0.09999999999999999,0.09999999999999999,0.09999999999999999,0.09999999999999999,0.09999999999999999,0.09999999999999999,0.09999999999999999,0.09999999999999999,0.09999999999999999,0.09999999999999999
1,1.0,0.10900000000000001,0.10195909611998587,0.1000674704096906,0.09889968564279453,0.10083126746694543,0.10124890210794138,0.09909500614050037,0.0984894061045476,0.09670521812010345,0.10074261367195772,0.10196133421553297
2,2.0,0.31601,0.10400043158259416,0.10001019363862182,0.09888082483346608,0.10091508560435372,0.10166737272930261,0.09731806438667005,0.09627369898864056,0.09423567859471221,0.10336397476143613,0.1033346748802026
3,3.0,0.6191589000000001,0.10529576842917152,0.10032077038443343,0.09798244048009118,0.10052665540590276,0.10054480349772812,0.09610053391118889,0.09475162857236327,0.09205389513604939,0.10601191257710624,0.10641159160596518
4,4.0,1.015801321,0.10744504638372172,0.0998156497783606,0.09869678337903345,0.10050435004368621,0.09856176783703083,0.09524255985309829,0.09183246015828471,0.08878121741922536,0.10862392250439179,0.11049624264316699
5,5.0,1.50262148669,0.11010546087159596,0.10020473817035125,0.09846921422029492,0.09996727481043349,0.09745141322995153,0.09593705080694802,0.08776665718652088,0.08694390792256446,0.11154425932824961,0.11161002345308983
6,6.0,2.0757334209441005,0.11179243509614842,0.09945930303892052,0.10095400564936396,0.09830997572844062,0.09687288032817962,0.09463604601565508,0.08535328759638437,0.08424143721215166,0.114392078442385,0.11398855089237075
7,7.0,2.7307768275633495,0.11409725397012657,0.1005627899705773,0.09989782392178641,0.09816741948045737,0.09598697873255485,0.0944359410790485,0.08147849787877033,0.08137226332369714,0.11813556000197821,0.11586547164100336
8,8.0,3.4630081252450404,0.11623191712929408,0.10111412644749965,0.09818388376501987,0.09754467382936878,0.09509682132285505,0.0953716677941388,0.07843789471709271,0.078633712432673,0.12104675873489487,0.11833854382716326
9,9.0,4.2673862119061114,0.12037554389296297,0.10284371154085017,0.097434927987246,0.0948125169189294,0.09355583533011302,0.09371618866487257,0.0757547033176825,0.07713515578895853,0.12427228758763105,0.12009912897075387
10,10.0,5.138652627782014,0.12265927287398927,0.10349928264886302,0.09707633849344997,0.09311337158432087,0.09278310980558624,0.0922721092992232,0.07279393236992411,0.07396750074302633,0.12896412383296632,0.12287095834865078
11,11.0,6.071405875792507,0.12563161015073326,0.10339526414807525,0.09735383599662316,0.09319488295676699,0.09260239862385956,0.0904430181062274,0.06897814082114913,0.0712901912797789,0.1332053771963263,0.12390528072046014
12,12.0,7.060169740244025,0.12793102308745513,0.10322438277968757,0.09677779366982907,0.09172580925665735,0.09218457713052655,0.08966098979306088,0.06691303581786709,0.06983400512438882,0.13738204976513077,0.12436633357539686
13,13.0,8.099455520847952,0.12960794746589474,0.10216271136173295,0.09707059147508726,0.09014449881250083,0.09138012916989237,0.09012660770473804,0.06479415087734003,0.06844773146830309,0.14063204522474604,0.12563358643976477
14,14.0,9.183818168183006,0.13039647487732958,0.10180015088927033,0.09868359305113948,0.08771565113904574,0.08994229635526155,0.08819990991367274,0.06304828140222664,0.06716319695772659,0.14605475233031373,0.12699569308401376
15,15.0,10.307906369102724,0.13194327261625577,0.10214412450541449,0.10006144770227188,0.08505771470647289,0.08785372238823873,0.08732915724626478,0.061043554891101776,0.06621029140785702,0.1496141115030809,0.12874260303304194
16,16.0,11.466506686239443,0.13227657167059015,0.10287250901639625,0.10090410159398058,0.08442403388471832,0.08759737567689224,0.08641828483032389,0.060002847203133404,0.06432145352068053,0.15223870708598516,0.12894411551729965
17,17.0,12.654581904800096,0.1319381587031175,0.1033757495969117,0.10030965362466747,0.08284298697932271,0.08884800763438738,0.08710483470680386,0.05706462988563703,0.06324550646368558,0.155070912801766,0.13019955960370092
18,18.0,13.867303782456686,0.13332232206115796,0.10165232985579695,0.10129517482319268,0.08326072120573769,0.08867885653336337,0.08692832516773416,0.054270574632508714,0.0616253236944953,0.15825064753324303,0.13071572449277033
19,19.0,15.100080434523047,0.13400220483237238,0.10118400730365504,0.10410934855892771,0.08220169504515827,0.08878802378913714,0.08461016186948382,0.05236222002023462,0.06004582685507697,0.16168613869368625,0.13101037303226798
20,20.0,16.348578617037543,0.13705847382155817,0.0995459083109295,0.10618933250677742,0.07830221766357831,0.08859481535820617,0.0845148007296268,0.048772912009327166,0.059373558888503326,0.16519237462118602,0.1324556060903073
21,21.0,17.608741195130214,0.13934231024059296,0.09869484816955845,0.10691614657510912,0.07601279656423165,0.08883125825411559,0.0828636918783478,0.04854055352883492,0.05766995241770579,0.16858589110869007,0.13254255126281386
22,22.0,18.876800103462312,0.14229481938713673,0.09854482649723055,0.10965321578332626,0.07459943610601144,0.08825141885768843,0.08256897806791316,0.046006714003921645,0.055964334094332824,0.16961142614815244,0.13250483105428673
23,23.0,20.14928511992658,0.1445736543924281,0.09583106858902717,0.11163899367172392,0.07271690260686738,0.08781806273328022,0.0816603389931558,0.044127759240909545,0.05700684807655795,0.17282880741478354,0.13179756428126657
24,24.0,21.423028783545156,0.1451154014953438,0.09838886491105628,0.11099962765877679,0.0720936798678316,0.0875942207078083,0.08025318312513613,0.04215301105788675,0.055365318232471435,0.17629450559035462,0.13174218735333448
25,25.0,22.695167792966423,0.14571743434133747,0.09951747754735615,0.11287960383350526,0.07049240024208701,0.08759198882511018,0.08002572743148781,0.03994296705068774,0.05514210031931067,0.178623618351398,0.13006668205771985
26,26.0,23.963141223515898,0.14697891717985992,0.10013547129515613,0.11463579049326145,0.06801735602345922,0.08656365276773825,0.08036198661923905,0.03890908895514983,0.05558945026431378,0.1795534426156794,0.12925484378614313
27,27.0,25.224685898775267,0.14933340427640515,0.10148828588805352,0.11659080879090743,0.0676684581183653,0.08686333804131723,0.07936877624210438,0.03786251600502022,0.053805919492152784,0.17845715665729173,0.12856133648838244
28,28.0,26.477829247520948,0.1522861904150956,0.10007092934659453,0.11665694781646535,0.06894452598447028,0.08944496207954486,0.07843769548353642,0.035680252295502625,0.051338209964596454,0.18216492677228205,0.12497535984191206
29,29.0,27.720879968916847,0.15144968990688482,0.09728560901154523,0.12103565580764036,0.06826483656649511,0.08773020573635724,0.07889158734353638,0.03402666765810199,0.051866872655502286,0.18539115439231116,0.12405772092162566
30,30.0,28.95241681848399,0.1539243616995676,0.0984688397324193,0.12154791295469898,0.06701717474795832,0.08640453814699582,0.07806821357688842,0.032559005526441614,0.053580447025806555,0.18720045400196778,0.12122905258725583
31,31.0,30.17127581490958,0.1600544571599099,0.09694813394960261,0.1214829251495464,0.06667471593333082,0.08541073256925354,0.07588489101995045,0.033662708282684604,0.053236999815829744,0.18600788848291183,0.12063654763698033
32,32.0,31.376536153543515,0.16725069184977848,0.09588908210113942,0.11970693114183747,0.06497378890624188,0.08443353010464416,0.0749587031005163,0.035474958856421664,0.052342442001490554,0.1851928022747173,0.11977706966321304
33,33.0,32.567505096778625,0.17595619890681516,0.09402798383467058,0.1166319690938456,0.06472230995096724,0.08144347905358085,0.07398934288392782,0.03673569344031426,0.051265367368322705,0.18847074929341123,0.11675690617414479
34,34.0,33.74370209472243,0.18058683494998007,0.0953570140624836,0.1169037709549465,0.06335567777686289,0.0786857952152741,0.07428327781599042,0.03775115094057395,0.05062733462238533,0.19021246487667456,0.11223667878482882
35,35.0,34.90484237192463,0.1839724496218454,0.09839460851432268,0.11951751186771575,0.060979608312653914,0.07642974217155105,0.07307600216355904,0.03771653938939005,0.04981315528528899,0.19189795877426352,0.10820242389940984
36,36.0,36.05082019768737,0.19009188362501409,0.09864697318448634,0.11914336490826156,0.05898649032149524,0.07413482231526697,0.07196880578161167,0.036620309588082454,0.05116716628147003,0.19243212275989988,0.106808061234412
37,37.0,37.18169203889697,0.2015910267319128,0.09725378251713405,0.11783144669498861,0.05771116119061623,0.0709160228619766,0.07045594949690343,0.03635272105305128,0.05056508774821242,0.19366271517081665,0.10366008653438816
38,38.0,38.29765977559663,0.20776458847042945,0.09613620612330723,0.11667050767124165,0.05417579230062322,0.06687472795473047,0.06836323191416935,0.036196325019737706,0.04985593303416834,0.19927417452867394,0.10468851298291891
39,39.0,39.399054140870355,0.22008594121551317,0.09454790170637625,0.11271512151789315,0.05324486563389945,0.06273237251692325,0.0671763717186962,0.03681501315565207,0.04895025598476031,0.19971815766161735,0.10401399888866908
40,40.0,40.48631852820801,0.2310021790942937,0.09231593801024625,0.11092552482762172,0.0506178491829313,0.06278110091782291,0.06538059089888962,0.03567505605918057,0.04770635774235784,0.20492333365199367,0.09867206961466267
41,41.0,41.55999329152982,0.24224984064028166,0.08985094017732526,0.10939328155290157,0.05297864373641284,0.06062579578453632,0.061926953931341434,0.034592344111764414,0.04651090472019596,0.20589543384776288,0.09597586149747794
42,42.0,42.62070064560415,0.2481451467670624,0.08767043469197991,0.10947854399860445,0.04964589217949964,0.05658636898667914,0.06390290101507252,0.03357197991797223,0.04419853243516922,0.2118570550932125,0.09494314491474824
43,43.0,43.669130257815,0.25958977503754216,0.08359873419544411,0.10903629519378838,0.04644995685648277,0.054305396832329066,0.06214100731720819,0.032617932344379534,0.044657960249705766,0.21646936391604304,0.0911335780570773
44,44.0,44.70602560622662,0.26924074109085583,0.0817761537313024,0.11085777261862928,0.04340911549720275,0.05101585693362244,0.06198639650862938,0.03173311020470231,0.04296564646182991,0.22058247489056754,0.08643273206265847
45,45.0,45.73217116373481,0.2774609435572302,0.08035263121536418,0.11110857631895717,0.041243065511610104,0.04699895176973877,0.06065216341527588,0.030919439176945798,0.041708824723862205,0.22682010109727097,0.08273530321374507
46,46.0,46.748380453854836,0.2882064957198486,0.07697934210282821,0.11019233721598459,0.03923002888060394,0.04527052166182546,0.0580350255494538,0.03017794086019547,0.040203408944495256,0.23052386193752594,0.08118103712723915
47,47.0,47.755485010424316,0.3012358036356044,0.07545448501612824,0.11187419139672039,0.03736184156180827,0.04255041234256515,0.05486352663397486,0.029508812966518222,0.038677983746529504,0.23117273057379306,0.07730021212635826
48,48.0,48.7543242612326,0.3070805986973875,0.07421885747106519,0.11073644111267211,0.0353082049159316,0.03954552571573577,0.055396657035272606,0.029584573137519433,0.037336879193672595,0.23033408665571634,0.08045817606502723
49,49.0,49.745736344347726,0.3150472988973061,0.07181402463382379,0.10899806645756481,0.03498280218894935,0.03807227572046966,0.056845348977602156,0.030431291579555254,0.03647958717057169,0.2288745272284246,0.07845477714573297
50,50.0,50.730549855707864,0.3135388787138456,0.06788863263469558,0.10662864991680476,0.03415864961500886,0.03542343950722577,0.05907972452656132,0.02994690188600252,0.035114191005403896,0.23391868167145471,0.08430225052299735
51,51.0,51.70957651737491,0.3173287408069497,0.06492554002277903,0.103280494115071,0.03569567530233312,0.03641475539340047,0.05997051869875648,0.031535291666754554,0.03438484105905723,0.23403561052501523,0.08242853240988351
52,52.0,52.68360474770151,0.3174723775873037,0.0637329740768081,0.10040371028177884,0.03676928951176284,0.03956670242625063,0.060089804198288806,0.03175064623541415,0.03395677603576309,0.23454295867155134,0.0817147609750789
53,53.0,53.65339410751842,0.318207575733346,0.06690736851032472,0.09830166038593076,0.03789702679416605,0.039150522177819384,0.058841487634665554,0.03136663215618265,0.034905950850179376,0.2332053195950405,0.08121645616234527
54,54.0,54.61967059027847,0.3187793984082927,0.06557304124178198,0.09775940422586778,0.038256295416924255,0.03971815945980256,0.06251668365063079,0.031007353163312476,0.033874475856155876,0.2345000586153576,0.07801512996187421
55,55.0,55.58312271885972,0.3192775074532509,0.0634574567514049,0.09548359303385828,0.03727419459646804,0.042084330534594476,0.06432891711958749,0.030673928538096196,0.03359342608476894,0.23832180064780362,0.07550484524016739
56,56.0,56.544398407394254,0.3173852408144869,0.061507011350472304,0.09918124990634936,0.03762313217933798,0.040433507621722244,0.06372687782666034,0.03036710709002058,0.03283482785839585,0.24089945912762242,0.07604158622493229
57,57.0,57.504102543001395,0.3138350202822339,0.06603704186926979,0.10272973127531068,0.03668415859721423,0.04285682475337736,0.061365003795062885,0.03008729671585232,0.03187698829591484,0.2404529351292189,0.07407499928654533
58,58.0,58.462795239617805,0.3122154768000011,0.06538119755435845,0.10798126638504557,0.03689598771331212,0.04355517903493814,0.05887833741466326,0.02983459441194236,0.030996162806722787,0.23914729298369442,0.075114504895322
59,59.0,59.42099071417639,0.31010119355461796,0.0640299846863942,0.11219800259644441,0.03597940896846771,0.043989293893966705,0.05964567708336834,0.030657025509372795,0.03019345823838271,0.23828087750989135,0.07492507795909402
60,60.0,60.379156734137354,0.31388460672758334,0.0651436726538483,0.11257233920678174,0.03783950999721776,0.042269225792405045,0.058202314750638445,0.030447255038404522,0.02946908954449281,0.2347629326360183,0.07540905365261
61,61.0,61.337714584760846,0.3097739627748611,0.06741943369066142,0.1114020815598369,0.03696409900112372,0.0405984722430755,0.05664431931093981,0.03025398906414903,0.031507844063272776,0.24168371913257614,0.07375207915950385
62,62.0,62.29703950447439,0.31049461545856893,0.06451142761941756,0.1097953626236933,0.03664018030809142,0.03898880932624816,0.056770899269384265,0.030077509796677594,0.030910805174688798,0.2447136788001322,0.077096711623098
63,63.0,63.257461537171835,0.31008195608643135,0.06386393549641653,0.10905956909288411,0.03735346710452159,0.03791975862078419,0.05574207317084831,0.029917903357986532,0.03298607985734743,0.24602441296937017,0.07705084424340998
64,64.0,64.21926675122782,0.30820290714990783,0.06366823398269923,0.10889426817222023,0.03653525085411229,0.04145030783034894,0.053981589466653365,0.029775078529584706,0.03503260869239932,0.24371258580474012,0.07874716951733415
65,65.0,65.18269877636592,0.3016879852395387,0.06493603147578475,0.10618371121640076,0.035575683657580195,0.04658294316676302,0.05513058762207096,0.03142272685983626,0.03598577586785238,0.24206884291309846,0.08042571198107465
66,66.0,66.14796061122655,0.29936352533682054,0.06360036314710686,0.10087387861325083,0.034656316344125505,0.04729843499085052,0.05531002200563129,0.031294835773466166,0.03589162967506547,0.24508177948563267,0.08662921462805027
67,67.0,67.11521665648885,0.2982028304116663,0.0620968717615568,0.10663861925500628,0.03378232259857503,0.04663897436336768,0.05566677460331236,0.03116678543799841,0.03574494895260328,0.24458366809623489,0.08547820451967904
68,68.0,68.08459493066005,0.2957544728535806,0.062684022797836,0.10213706466950354,0.03843676034461661,0.045559875695917885,0.058269779163584404,0.031039872281697446,0.03520704146669643,0.24611925100045606,0.0847918597261111
69,69.0,69.05618942810752,0.29701603605965665,0.06177370027760142,0.10005936930209987,0.0378993352651305,0.044053961336887035,0.055672600988324925,0.030915251718209608,0.034670854314713305,0.256079330808778,0.0818595599285988
70,70.0,70.03006258152917,0.2995792052728602,0.059201191857542204,0.09819956571491074,0.03947303921766332,0.0425580988003904,0.05524417257463009,0.03233448766650016,0.034141577334781355,0.26193122189496243,0.07733743966575911
71,71.0,71.00624779379335,0.2953915762865364,0.059774134781137,0.09859563286163416,0.03863787662110984,0.04108624152953953,0.05326841867488318,0.03425484262544023,0.033623812279494784,0.2624520249754128,0.0829154393648121
72,72.0,71.98475200689319,0.2928005219842846,0.0631025262554499,0.09524403815108312,0.03779985151800061,0.04127962505723081,0.058144115468965814,0.03409302188048719,0.03394148749902322,0.26280044274146114,0.08079436944401364
73,73.0,72.96555827861411,0.28813536142148233,0.06679324036051267,0.093608056301091,0.04104263490310026,0.041203285985549516,0.05969432092078799,0.033906452991224585,0.03345006861873542,0.2622335291163951,0.07993304938112117
74,74.0,73.94862834037681,0.2878527124405411,0.06812520801449881,0.09441619675295596,0.040183209556888776,0.04215742099848041,0.06109354095178577,0.03369947646097599,0.032973290940289036,0.2581358219723733,0.08136312191121088
75,75.0,74.93390511255946,0.28678691821951596,0.06945847658469607,0.0905905374395075,0.04058524884272449,0.04216574177371536,0.059826928758551896,0.0334762028191425,0.032514458120284404,0.26066309363088186,0.08393239381097997
76,76.0,75.92131515639825,0.28186355802688867,0.0698679522164051,0.09488344698761635,0.03969161293785394,0.043740393259507876,0.05810530888465061,0.03324049451330093,0.03207636400107739,0.2625093519171513,0.08402151725554793
77,77.0,76.91077104428919,0.28036222971557717,0.06758839112001262,0.09405847832489594,0.03879042449409191,0.042391676518540485,0.05680333042177019,0.03299595209291051,0.0316613156537803,0.27165792405008665,0.08369027760833435
78,78.0,77.90217363294813,0.28477696125245017,0.06922771295666091,0.09303658046453307,0.037891450649765165,0.04105391468648443,0.05641622155396295,0.03274590439363003,0.03127115898467512,0.27451282472399235,0.07906727033384597
79,79.0,78.89541422641172,0.2867239897827639,0.06555893884718622,0.08970751154267032,0.037003459683373444,0.04104932989039761,0.06039201943836573,0.032493402420341294,0.030907306392633706,0.27579802591612906,0.08036601608613886
80,80.0,79.89037661826481,0.28660468813312623,0.06621031767622713,0.08757258088498124,0.03613423321678716,0.03975576427534987,0.06198230119441731,0.03224121662017802,0.0305707659958701,0.28026431438443433,0.07866381761862878
81,81.0,80.88693900474995,0.28887700448643283,0.06479239458681749,0.08495489476768574,0.03529058706469163,0.0384939975790534,0.06284606288461507,0.03199183723382929,0.03026217197882415,0.27982202501763265,0.08266902440041787
82,82.0,81.88497576253909,0.2851242412382807,0.06648466499475655,0.0840228740308137,0.039475173511183556,0.03900624478211004,0.06244162599277821,0.03174747741377715,0.029981815643694558,0.28075535537074936,0.08096052702185635
83,83.0,82.88435908692391,0.28526431061227664,0.06594154380879226,0.08737015407072998,0.03884246366062169,0.03809744735159302,0.061111484121502455,0.03151007880159245,0.02972967678564098,0.28417103717361203,0.0779618036136387
84,84.0,83.88496048800103,0.2864319456944227,0.06738462252642846,0.08452682242715963,0.03918886296261242,0.04113778623713722,0.05860890636860499,0.03128131926261029,0.029505455045536345,0.28516698806355345,0.07676729141193468
85,85.0,84.88665214409042,0.2878066887351436,0.06716464183257602,0.08660511141703214,0.03878347552069267,0.040208896063064,0.05907744722299634,0.031062622484900243,0.029308600928986815,0.28525197486922343,0.07473054092538503
86,86.0,85.88930811312994,0.28566650724285686,0.06976745305469419,0.08719368381805336,0.03793936687019234,0.0410132600267447,0.057626768272299136,0.030855169160112203,0.029138346214802373,0.2874980390168705,0.07330140632337467
87,87.0,86.89280540413424,0.28046051137837197,0.06836722496677268,0.08635317959747381,0.037100275416040114,0.03988220016902929,0.06329707084085534,0.03065990947620184,0.028993733509888348,0.28404818048889435,0.08083771415647258
88,88.0,87.89702491199675,0.2772935896325233,0.07042413418515894,0.09115787888611751,0.03627409035314272,0.040113586368228864,0.06044513782779024,0.0304775766659205,0.02887364474036684,0.28122528385141954,0.0837150774893319
89,89.0,88.90185221995306,0.2793280395846419,0.07140557442636501,0.09487578940498662,0.03546778289300363,0.03969788551103323,0.05747447966748599,0.030308701370008087,0.02877682840039382,0.27928801253814395,0.08337690620393808
90,90.0,89.90717827491419,0.27788581496741793,0.06884726017189569,0.09706450406294065,0.0364949143978901,0.040567235412636564,0.056514377179273156,0.030153626589986833,0.028701925410414157,0.28227259755941736,0.08149774424812785
91,91.0,90.91289994163006,0.27657111701035214,0.06901448303047934,0.10000966888586595,0.038200610752742045,0.03947823242744894,0.05359572998062661,0.03187235074328945,0.02864749346532832,0.2788234297463453,0.08378688395752218
92,92.0,91.91892044225806,0.27266547268986685,0.06793787918229216,0.10420356427614605,0.03861060721063463,0.03840334741650559,0.050732990202038454,0.03369754064952237,0.028612029780097782,0.2841432738006565,0.08099329479223988
93,93.0,92.92514968840067,0.2730075597886099,0.06465723380844385,0.10596836769200405,0.037829208373243446,0.03982938949668814,0.04794919449928873,0.033529420196323156,0.029975215755521346,0.2841715903120419,0.08308282007783573
94,94.0,93.93150451304501,0.278244057931093,0.06605730613385713,0.10775980115069023,0.03704765733585894,0.039413038501166064,0.04526428642182109,0.03334281758648063,0.02995922974490852,0.28324274942468863,0.079669055769436
95,95.0,94.93790881009448,0.276841136172971,0.06497864692672949,0.1090361331134897,0.03627378482885431,0.03943092366406695,0.044448790188605564,0.033141447061757555,0.029945250037907892,0.28673282236101977,0.07917106564459805
96,96.0,95.94429358933806,0.27814423041958847,0.06367329783207765,0.10640734564044513,0.039133848428812665,0.03973121674060386,0.04499518576327012,0.032928799118889206,0.02993321580122825,0.2838006602913125,0.08125219996377239
97,97.0,96.9505969547639,0.2775113837032265,0.061622631479960166,0.1071335425456688,0.03980716080572459,0.043599432825283085,0.04263425608544931,0.0327081279791188,0.03222740871528307,0.28434464284798877,0.07841141301229715
98,98.0,97.9567640140995,0.28232475543161417,0.05867504666773726,0.10768591773077273,0.03940912818807323,0.04274659054229904,0.04785847492567016,0.03248244267353425,0.03219598795420867,0.2801468497089406,0.07647480617715008
99,99.0,98.96274672736057,0.2880380404804332,0.05764522178190417,0.10954761921877357,0.03859931464341951,0.041670581942558994,0.04656208865689867,0.03225450147177281,0.03214574938969963,0.2744980658010206,0.07903881661351903
100,100.0,99.96850370202192,0.29051409559098756,0.05416666595577613,0.11252825303017026,0.03778448930679696,0.04058546838336737,0.04585517285711139,0.03202680937546979,0.03207907718774449,0.2742786215631937,0.08018134674938253
101,101.0,100.97399994219691,0.299142530583105,0.05232665883631722,0.11288964404912327,0.03881213335110561,0.04143393018179733,0.0437617989952491,0.03180161839504238,0.03199828143410743,0.27167535813714977,0.07615804603700307
102,102.0,101.97920655893245,0.3002684378630041,0.06058218574962355,0.11117490039040417,0.037993943091169116,0.04054094570539402,0.04307901961570573,0.03158093032870728,0.034759102290688744,0.26354100438633904,0.07647953057896445
103,103.0,102.98410044840509,0.3032783846783169,0.057570021682172234,0.10625626269973165,0.03918968718764242,0.039455840798147936,0.04112874040048298,0.03136650176571861,0.03462808217442887,0.2671451969130225,0.07998128170033611
104,104.0,103.98866394444643,0.307366949589693,0.05437978038468952,0.10262010954728906,0.03891706182598134,0.04376825676695849,0.04486010926575956,0.03115985104137163,0.03446388324805069,0.26609448548291675,0.07636951284729021
105,105.0,104.99288445143917,0.30902009521384693,0.05270728168208865,0.10292722990927278,0.03808397238450057,0.04266653665723624,0.04512191097514552,0.03096226687904563,0.034271465381829826,0.26836486915137747,0.07587437176565665
106,106.0,105.99675406321822,0.3114641112488416,0.04967669539084456,0.10466642480853919,0.03725335216332288,0.04154832319191386,0.0450385921984377,0.030774818464161774,0.034055574648412745,0.27173174743585565,0.07379036044967027
107,107.0,107.0002691731872,0.30969405910870595,0.04964482678613176,0.10659458966756352,0.03643326044262973,0.040426447841204576,0.050160459614845714,0.03059836670612469,0.03382071724185325,0.2684313766160472,0.07419589597489384
108,108.0,108.0034300804274,0.3072065926708018,0.04913631526031179,0.10181725247815089,0.03563084528957959,0.041268747234206926,0.04915378856031348,0.03192570359149175,0.033571138403531174,0.27723287614206454,0.07305674036954835
109,109.0,109.00624059613932,0.30799147246913283,0.046399470027650706,0.1034944890970491,0.03485236319893867,0.0401535026972195,0.052156715669940366,0.03175813533121167,0.03331080606500599,0.27323037144271106,0.07665267400114044
110,110.0,110.00870765431864,0.3093770679588868,0.043772314617979216,0.10454439815870532,0.03410320568537246,0.04133970263236592,0.05092453115917633,0.031589742543647485,0.03304339889968327,0.27464243725301074,0.07666320109117279
111,111.0,111.01084093013685,0.306325562526121,0.04410081008125512,0.10556425110628088,0.03338793186630914,0.04023157600680747,0.05686447572476308,0.03142229160940324,0.03277229846189598,0.27055497712226895,0.07877582549489552
112,112.0,112.01265246907188,0.3087154791909585,0.043197844717556756,0.10522819976985269,0.032710306110489064,0.03913194628373679,0.05506697119934904,0.03125736285248939,0.03250058508326846,0.2737145700030005,0.07847673478929924
113,113.0,113.01415632942268,0.31013492978377094,0.044284701712838555,0.10549084118020974,0.033988984040013985,0.039664167617305617,0.05305944443254371,0.03109635334274203,0.03223103719167101,0.274411691352929,0.07563784934597584
114,114.0,114.01536824044418,0.3169407917358828,0.04385262469301063,0.10259422618642947,0.033735135827712835,0.03909414893690227,0.053020118250135875,0.030940481250541982,0.031966133717316596,0.27424251758414214,0.07361382181792583
115,115.0,115.01630527795908,0.3189711815019103,0.04487451295256552,0.10509974705527436,0.03428896525433328,0.03804063110596071,0.05095628538662931,0.03079079155505652,0.03170805925322446,0.2719186077346124,0.07335121820043353
116,116.0,116.0169855589429,0.3239582547039026,0.047533485688886865,0.1071373739662501,0.03371580021867741,0.03701205874705369,0.051048404836647826,0.03064816291356904,0.031458711643009285,0.2675101941763625,0.06997755310564108
117,117.0,117.01742795623892,0.3301994216867083,0.049169263792638376,0.10754704487139957,0.03316279368440034,0.03601622303656684,0.049665304625612514,0.030513315507094615,0.03121971167738554,0.2671220596073726,0.06538486151082172
118,118.0,118.01765183424293,0.3257095132564045,0.04930286634501267,0.11185876216675092,0.03444962919258607,0.035059808666763004,0.051855987340733885,0.030386819686196692,0.03099241459155031,0.2636967859840169,0.06668741276998542
119,119.0,119.01767680610413,0.322059004392427,0.05348802134388015,0.11475274840423483,0.03392873246473618,0.03414843764727192,0.050436094573165,0.03026910525052659,0.030777923068383103,0.2653621188432843,0.06477781401209133
120,120.0,120.01752251271817,0.3331633596756424,0.05181648633526712,0.11113631002965231,0.03342063808502392,0.03328671935325723,0.04836613104664646,0.030160471205918235,0.03057710146684879,0.2642168085053867,0.06385597429635731
121,121.0,121.01720842354362,0.33429703534765426,0.0497621284873654,0.11011355862695875,0.03292914676243265,0.035551172106690204,0.0463195025623133,0.030061095853711535,0.03039059101079942,0.2655770461423782,0.06499872309969679
122,122.0,122.01675365905109,0.3292774109463137,0.04771558513938019,0.11180781737114356,0.03245751310447618,0.035155627081117816,0.044314341900790324,0.029971047078188387,0.03021882569024699,0.2747844645696483,0.0642973671186951
123,123.0,123.0161768344173,0.3252352460997157,0.050477070704928566,0.11625331233707917,0.032008467681270594,0.03439929519824833,0.044362239881180585,0.02989029270943567,0.03006204864484733,0.2737176055701837,0.06359442117311084
124,124.0,124.01549592390272,0.3191140149575236,0.049207933131313136,0.11675583922317107,0.03392522573013024,0.033674603551683314,0.044385579772633944,0.02981871085046387,0.029920328817539164,0.2819775755569215,0.06122018840862066
125,125.0,125.01472814520056,0.3221631313051042,0.047196133823345456,0.11149331767739422,0.03404925885756466,0.035108906240821365,0.04253475552433033,0.029756100068884614,0.029793577684786424,0.2839851023461334,0.06391971647163588
126,126.0,126.01388986291661,0.3246937725640224,0.05065569620621938,0.10560161313433294,0.03362981653568267,0.03707864537947702,0.04245286054618359,0.02970218936477443,0.029681565888461096,0.28214803229173663,0.06435580808911034
127,127.0,127.0129965102319,0.3280372972383684,0.056417955155194655,0.10221881085501403,0.03321602028063206,0.03946434760776061,0.04099216910154266,0.029656647837427524,0.029583939612883692,0.2753874684749448,0.06502534383623204
128,128.0,128.01206252771334,0.3292839041564919,0.060672790951366753,0.10033271935257637,0.032811443448280186,0.04079062490665056,0.04086438585355062,0.029619093984441035,0.02950023656873519,0.2685643227190225,0.06756047805888538
129,129.0,129.0111013181695,0.32989083798015134,0.06370128952843754,0.09644267824843084,0.0324192098646807,0.040050926330762085,0.03983067342515028,0.029589104576908783,0.029429901463314187,0.2721109435022482,0.06653443507991652
130,130.0,130.01012521639834,0.3186442781239027,0.06498657144471302,0.09731450361212605,0.03204200754079436,0.041146832933339414,0.04187591050430612,0.029566223064360672,0.029372300853802144,0.27865551666678967,0.06639585525586629
131,131.0,131.0091454726403,0.3149386089601314,0.06532272376501079,0.09523037799145895,0.03168210537388871,0.04413538282410456,0.04280023978177422,0.029549967472423763,0.02932673729670328,0.28021737441998495,0.06679648211451979
132,132.0,132.0081722485317,0.30793244789324725,0.06979733590406027,0.09360367498066534,0.031341372369934735,0.0432730547343616,0.04518306094392085,0.029539837764956306,0.02929246272234727,0.28424004260763164,0.06579671007887515
133,133.0,133.00721462434865,0.30196127994044086,0.07046027688071578,0.0945317854995998,0.031021298942676807,0.04236422890624931,0.04368912669310031,0.029535322650586032,0.029268690978203393,0.2827465338357576,0.07442145567267056
134,134.0,134.0062806163404,0.29731199022349813,0.07076182216333818,0.09244435692185607,0.03499095816048798,0.04602366396225788,0.04220769460043081,0.02953590582114693,0.029254609498691866,0.2849312947836676,0.07253770386462503
135,135.0,135.00537720296956,0.28745575884095753,0.06989716916643389,0.09001064252973169,0.035135577730970514,0.04849576349842187,0.04259222457293546,0.02954107161644027,0.029249390072144575,0.29532243274717834,0.07229996922478636
136,136.0,136.00451035890612,0.2930601767659986,0.07058036043310889,0.09047409090388822,0.034797697280309715,0.04761128187683225,0.04194227982761906,0.02955031011603987,0.029252198687530567,0.2938437752466748,0.06888782886199853
137,137.0,137.00368509565993,0.292044569247442,0.0716929929687198,0.09135817830698273,0.0344456279019119,0.04645249965393282,0.04053068068636691,0.02956312166451911,0.029262204454502658,0.2979684203786493,0.06668170473697334
138,138.0,138.0029055077818,0.29549377498936313,0.06845422224559977,0.09124666370560865,0.034084309182334745,0.045245070656784,0.039154934652376294,0.029579020841505238,0.02927858760023251,0.29873889454261165,0.06872452158358452
139,139.0,139.00217482361367,0.30046648072153864,0.06719682857219386,0.09213070328314327,0.03371827924289195,0.044005933852782224,0.037825213875260985,0.0295975398923777,0.029300546555387053,0.300345271015615,0.06541320298880979
140,140.0,140.0014954596262,0.30212292581978684,0.06747567895289971,0.09040340050218014,0.03335166950496452,0.04498729755445986,0.039062685379722725,0.029618231639239136,0.029327304149472273,0.2960037093130701,0.06764709718420522
141,141.0,141.00086907744122,0.3084816941658595,0.06666666779258643,0.0856186025136514,0.032988204045780185,0.04370767036299878,0.04308428604056639,0.029640671895022036,0.029358112942654245,0.29144072103946034,0.06901336920142115
142,142.0,142.0002966427003,0.31019864711750117,0.06685258310698469,0.08600951081376818,0.032631203092056485,0.04241892918705382,0.044261344660634486,0.029664461406276425,0.02939225972709148,0.292433784034709,0.06613727685392475
143,143.0,142.99977848500652,0.3120818545425177,0.0727141098109927,0.08543100726519552,0.03228359020278459,0.043651823143163654,0.042998089277071286,0.031234248157457865,0.02942906923581408,0.2878514136235216,0.06232479474148142
144,144.0,143.99931435823203,0.3070506593077725,0.07146882668187675,0.08991154037868707,0.031947902700412034,0.0445446984359014,0.043405663513686334,0.03124419502734286,0.029467907101306277,0.2923882939601476,0.05857031289286762
145,145.0,144.99890350055264,0.3057224201037101,0.07080256313468992,0.09436134045094405,0.031626304921272615,0.04323629939957491,0.042804174348724446,0.031240705259965924,0.02950818210923619,0.29395477804013326,0.05674323223174899
146,146.0,145.9985446936357,0.3011592345705817,0.06852468282246202,0.09537779551977436,0.031320603870834414,0.04192637727288531,0.041529283935852174,0.031225157416727024,0.029549347795280748,0.29713034576223074,0.06225717103337193
147,147.0,146.99823632047406,0.2966816342231947,0.06980551223170892,0.09353605980087257,0.03103226688673169,0.04228184753168195,0.04140348368747157,0.03119891278364474,0.029590903434768043,0.30035336268069046,0.0641160167392357
148,148.0,147.99797642142389,0.2967580580653076,0.06665518742469534,0.09563371861122799,0.030762440932171918,0.04297684344152796,0.040153024060747645,0.031163303486034244,0.02963239447595893,0.3018959898864381,0.06436903961589063
149,149.0,148.99776274806447,0.2969310362517176,0.06446983809896298,0.09927520908020437,0.03051197316374641,0.04378997141713106,0.04092654464066868,0.03111962208332445,0.02967341246827114,0.30128147855565335,0.06202091424032035
150,150.0,149.99759281456036,0.292809699574494,0.0677199960429209,0.10481367917138958,0.030281432440525988,0.04521046030188631,0.03971302968006889,0.031069112600052393,0.02971359453666942,0.2980886678747361,0.06058032777725689
151,151.0,150.99746394626104,0.2924827081406738,0.06771355722871183,0.10647467519041699,0.030071131465222348,0.043887853977854586,0.04109541377107737,0.031012962939107012,0.03148579375311533,0.296529671319823,0.059246232213998135
152,152.0,151.99737332532905,0.2912821828468043,0.06422358172890924,0.11966666663250551,0.029881149272796843,0.04440083786394365,0.03991409524816014,0.030952298614865106,0.03150606094015676,0.28695795264132773,0.061215174210531076
153,153.0,152.99731803323698,0.29597754227058687,0.06157535458936736,0.12777277921042066,0.02971135380688593,0.04451181131298957,0.03875176762505304,0.03088817773689874,0.03283261699899083,0.2742923578421983,0.06368623860660906
154,154.0,153.99729509002177,0.2963085793329535,0.06034289235437296,0.13068519795844735,0.02956142434949724,0.044737427847975214,0.03761815508800611,0.030821587169360017,0.03280715270204306,0.2739075223711346,0.06321006082621021
155,155.0,154.99730149022784,0.29158672323572,0.059099636233718986,0.12719270060934573,0.031668767341414036,0.04337379601628485,0.03652172225378382,0.030753439786881567,0.03275616330776965,0.2800014626484265,0.0670455885666551
156,156.0,155.99733423551103,0.2939986298021172,0.0584230152867975,0.1261228300438364,0.031534583988369586,0.04430098209751139,0.03546971548044592,0.030684572744782146,0.032682711219845874,0.27885782756647587,0.06792513176981832
157,157.0,156.99739036391077,0.2952880957470259,0.05760228694809417,0.12678012264247449,0.03139847313074588,0.042933066328720515,0.03864566045204997,0.030615746679444847,0.03258977722851602,0.27631988171216254,0.06782688913076587
158,158.0,157.99746697583146,0.2961384230072095,0.055660642152688455,0.13057283102583606,0.03126198862757709,0.04157261147352152,0.03882189303464258,0.03054764575384683,0.032480238864033985,0.2762870209416136,0.06665670511903062
159,159.0,158.99756125680176,0.299376827713081,0.05304416747709221,0.13051258649135627,0.031126532688449407,0.04234016765698685,0.03784464552707276,0.030480878463270147,0.03235685194735982,0.27974752770299427,0.06316981433233754
160,160.0,159.997670497107,0.3013061129734827,0.053080847850844215,0.1282830874506472,0.030993357016350004,0.04117308155124995,0.036886676314989195,0.03041597911711843,0.03222223520287947,0.2820089901921534,0.06362963233028568
161,161.0,160.99779210841066,0.301194804092225,0.06431171410165996,0.12385320362592805,0.030863565341297035,0.03986477948444898,0.035955637260964096,0.030353409914410705,0.032078857780818364,0.2774649632418884,0.06405906515635967
162,162.0,161.99792363749984,0.30815218547809464,0.062356585081900215,0.11908473914248031,0.030738117180336394,0.03858865982948361,0.03819193691825476,0.030293563532829644,0.03192902952315519,0.27952319907423584,0.06114198423922965
163,163.0,162.9980627773051,0.3087252686001969,0.059219740014221145,0.11792859446963792,0.030617832663668458,0.03914961437892925,0.03945594930112155,0.030236766154078394,0.03177489379602678,0.2851692648251971,0.057722075796922734
164,164.0,163.9982073753568,0.30922180058851473,0.05983540000182995,0.11435820572244824,0.030503398272030628,0.038264453677430844,0.038560694243647935,0.030183280851661484,0.03161842270365094,0.2859546377687452,0.06149970617004023
165,165.0,164.99835543984977,0.31145780814335766,0.05804759849512417,0.10884715658001334,0.03039537333683627,0.04025425835724204,0.03960771758423627,0.030133311270969652,0.03146141449347618,0.28713939610236816,0.06265596563637642
166,166.0,165.99850514349492,0.3115387966124362,0.05556608627279445,0.10670110384171982,0.03029419716179299,0.03910335037832371,0.03969282614012887,0.030087005535637305,0.031305492959384125,0.29375924005364396,0.06195190104413868
167,167.0,166.99865482534062,0.3123237720222524,0.05515588732165159,0.10649873242874376,0.03020019663263611,0.03797649969351397,0.03964771953401034,0.03004446031848182,0.03115210864910744,0.29431452819972526,0.06268609519987745
168,168.0,167.99880299074837,0.31576829257228745,0.053106813048344775,0.1029016383978535,0.03218883086171778,0.03688256908025007,0.03902928384273267,0.030005725019857064,0.031002541683367343,0.29674207355109167,0.06237223194249788
169,169.0,168.99894830970783,0.31052542167294656,0.0573843764205903,0.1074367268791669,0.03208900035478981,0.03659349165949817,0.038564636897914686,0.029970806000896216,0.03085790599736759,0.296551106254593,0.06002652786223698
170,170.0,169.99908961367427,0.30553299526916966,0.05770900631393934,0.11045617768359448,0.0336711766436245,0.036238649038500464,0.04071739191095408,0.02993967082382249,0.030719154819994134,0.29659303446382257,0.05842274303257846
171,171.0,170.99922589110733,0.2991984787590271,0.059455091020418974,0.10921102140870426,0.03353480116338348,0.035263696896560566,0.04071619472228234,0.02991225245621791,0.03058708721215808,0.3019716867059458,0.06014968965530162
172,172.0,171.99935628188598,0.29841203737575933,0.057433322874112944,0.10821874068650161,0.036075304607957624,0.034333602999849056,0.040552679509314765,0.02988845340081161,0.030462355492984053,0.3013222333240019,0.06330126972870725
173,173.0,172.99948007076793,0.30239282771154613,0.054780546645740495,0.1085880936423352,0.03701965237036018,0.0334531824628102,0.039604093732541076,0.029868149716937825,0.030345473390797587,0.2975957420219956,0.0663522383049358
174,174.0,173.99959668005403,0.29733446252836837,0.05772185924877284,0.10967155698812699,0.038851094929520755,0.032626272154847126,0.0401936992627791,0.029851194904282043,0.030236824764921795,0.29799886110546064,0.06551417411292043
