Generations,Unnamed: 0.1,Intertwine_two,Add_vertex,Delete_vertex,Invert_path_vertices,Insert_inside_vertex,Delete_inside_vertex,Replace_inside_vertex,Donate_between_routes,Trim_one_terminal_cb,Grow_one_terminal_cb
0,0.0,0.0999999999999999,0.0999999999999999,0.0999999999999999,0.0999999999999999,0.0999999999999999,0.0999999999999999,0.0999999999999999,0.0999999999999999,0.0999999999999999,0.0999999999999999
1,1.0,0.1019590961199858,0.1000674704096906,0.0988996856427945,0.1008312674669454,0.1012489021079413,0.0990950061405003,0.0984894061045476,0.0967052181201034,0.1007426136719577,0.1019613342155329
2,2.0,0.1040004315825941,0.1000101936386218,0.098880824833466,0.1009150856043537,0.1016673727293026,0.09731806438667,0.0962736989886405,0.0942356785947122,0.1033639747614361,0.1033346748802026
3,3.0,0.1052957684291715,0.1003207703844334,0.0979824404800911,0.1005266554059027,0.1005448034977281,0.0961005339111888,0.0947516285723632,0.0920538951360493,0.1060119125771062,0.1064115916059651
4,4.0,0.1074450463837217,0.0998156497783606,0.0986967833790334,0.1005043500436862,0.0985617678370308,0.0952425598530982,0.0918324601582847,0.0887812174192253,0.1086239225043917,0.1104962426431669
5,5.0,0.1101054608715959,0.1002047381703512,0.0984692142202949,0.0999672748104334,0.0974514132299515,0.095937050806948,0.0877666571865208,0.0869439079225644,0.1115442593282496,0.1116100234530898
6,6.0,0.1117924350961484,0.0994593030389205,0.1009540056493639,0.0983099757284406,0.0968728803281796,0.094636046015655,0.0853532875963843,0.0842414372121516,0.114392078442385,0.1139885508923707
7,7.0,0.1140972539701265,0.1005627899705773,0.0998978239217864,0.0981674194804573,0.0959869787325548,0.0944359410790485,0.0814784978787703,0.0813722633236971,0.1181355600019782,0.1158654716410033
8,8.0,0.116231917129294,0.1011141264474996,0.0981838837650198,0.0975446738293687,0.095096821322855,0.0953716677941388,0.0784378947170927,0.078633712432673,0.1210467587348948,0.1183385438271632
9,9.0,0.1203755438929629,0.1028437115408501,0.097434927987246,0.0948125169189294,0.093555835330113,0.0937161886648725,0.0757547033176825,0.0771351557889585,0.124272287587631,0.1200991289707538
10,10.0,0.1226592728739892,0.103499282648863,0.0970763384934499,0.0931133715843208,0.0927831098055862,0.0922721092992232,0.0727939323699241,0.0739675007430263,0.1289641238329663,0.1228709583486507
11,11.0,0.1256316101507332,0.1033952641480752,0.0973538359966231,0.0931948829567669,0.0926023986238595,0.0904430181062274,0.0689781408211491,0.0712901912797789,0.1332053771963263,0.1239052807204601
12,12.0,0.1279310230874551,0.1032243827796875,0.096777793669829,0.0917258092566573,0.0921845771305265,0.0896609897930608,0.066913035817867,0.0698340051243888,0.1373820497651307,0.1243663335753968
13,13.0,0.1296079474658947,0.1021627113617329,0.0970705914750872,0.0901444988125008,0.0913801291698923,0.090126607704738,0.06479415087734,0.068447731468303,0.140632045224746,0.1256335864397647
14,14.0,0.1303964748773295,0.1018001508892703,0.0986835930511394,0.0877156511390457,0.0899422963552615,0.0881999099136727,0.0630482814022266,0.0671631969577265,0.1460547523303137,0.1269956930840137
15,15.0,0.1319432726162557,0.1021441245054144,0.1000614477022718,0.0850577147064728,0.0878537223882387,0.0873291572462647,0.0610435548911017,0.066210291407857,0.1496141115030809,0.1287426030330419
16,16.0,0.1322765716705901,0.1028725090163962,0.1009041015939805,0.0844240338847183,0.0875973756768922,0.0864182848303238,0.0600028472031334,0.0643214535206805,0.1522387070859851,0.1289441155172996
17,17.0,0.1319381587031175,0.1033757495969117,0.1003096536246674,0.0828429869793227,0.0888480076343873,0.0871048347068038,0.057064629885637,0.0632455064636855,0.155070912801766,0.1301995596037009
18,18.0,0.1333223220611579,0.1016523298557969,0.1012951748231926,0.0832607212057376,0.0886788565333633,0.0869283251677341,0.0542705746325087,0.0616253236944953,0.158250647533243,0.1307157244927703
19,19.0,0.1340022048323723,0.101184007303655,0.1041093485589277,0.0822016950451582,0.0887880237891371,0.0846101618694838,0.0523622200202346,0.0600458268550769,0.1616861386936862,0.1310103730322679
20,20.0,0.1370584738215581,0.0995459083109295,0.1061893325067774,0.0783022176635783,0.0885948153582061,0.0845148007296268,0.0487729120093271,0.0593735588885033,0.165192374621186,0.1324556060903073
21,21.0,0.1393423102405929,0.0986948481695584,0.1069161465751091,0.0760127965642316,0.0888312582541155,0.0828636918783478,0.0485405535288349,0.0576699524177057,0.16858589110869,0.1325425512628138
22,22.0,0.1422948193871367,0.0985448264972305,0.1096532157833262,0.0745994361060114,0.0882514188576884,0.0825689780679131,0.0460067140039216,0.0559643340943328,0.1696114261481524,0.1325048310542867
23,23.0,0.1445736543924281,0.0958310685890271,0.1116389936717239,0.0727169026068673,0.0878180627332802,0.0816603389931558,0.0441277592409095,0.0570068480765579,0.1728288074147835,0.1317975642812665
24,24.0,0.1451154014953438,0.0983888649110562,0.1109996276587767,0.0720936798678316,0.0875942207078083,0.0802531831251361,0.0421530110578867,0.0553653182324714,0.1762945055903546,0.1317421873533344
25,25.0,0.1457174343413374,0.0995174775473561,0.1128796038335052,0.070492400242087,0.0875919888251101,0.0800257274314878,0.0399429670506877,0.0551421003193106,0.178623618351398,0.1300666820577198
26,26.0,0.1469789171798599,0.1001354712951561,0.1146357904932614,0.0680173560234592,0.0865636527677382,0.080361986619239,0.0389090889551498,0.0555894502643137,0.1795534426156794,0.1292548437861431
27,27.0,0.1493334042764051,0.1014882858880535,0.1165908087909074,0.0676684581183653,0.0868633380413172,0.0793687762421043,0.0378625160050202,0.0538059194921527,0.1784571566572917,0.1285613364883824
28,28.0,0.1522861904150956,0.1000709293465945,0.1166569478164653,0.0689445259844702,0.0894449620795448,0.0784376954835364,0.0356802522955026,0.0513382099645964,0.182164926772282,0.124975359841912
29,29.0,0.1514496899068848,0.0972856090115452,0.1210356558076403,0.0682648365664951,0.0877302057363572,0.0788915873435363,0.0340266676581019,0.0518668726555022,0.1853911543923111,0.1240577209216256
30,30.0,0.1539243616995676,0.0984688397324193,0.1215479129546989,0.0670171747479583,0.0864045381469958,0.0780682135768884,0.0325590055264416,0.0535804470258065,0.1872004540019677,0.1212290525872558
31,31.0,0.1600544571599099,0.0969481339496026,0.1214829251495464,0.0666747159333308,0.0854107325692535,0.0758848910199504,0.0336627082826846,0.0532369998158297,0.1860078884829118,0.1206365476369803
32,32.0,0.1672506918497784,0.0958890821011394,0.1197069311418374,0.0649737889062418,0.0844335301046441,0.0749587031005163,0.0354749588564216,0.0523424420014905,0.1851928022747173,0.119777069663213
33,33.0,0.1759561989068151,0.0940279838346705,0.1166319690938456,0.0647223099509672,0.0814434790535808,0.0739893428839278,0.0367356934403142,0.0512653673683227,0.1884707492934112,0.1167569061741447
34,34.0,0.18058683494998,0.0953570140624836,0.1169037709549465,0.0633556777768628,0.0786857952152741,0.0742832778159904,0.0377511509405739,0.0506273346223853,0.1902124648766745,0.1122366787848288
35,35.0,0.1839724496218454,0.0983946085143226,0.1195175118677157,0.0609796083126539,0.076429742171551,0.073076002163559,0.03771653938939,0.0498131552852889,0.1918979587742635,0.1082024238994098
36,36.0,0.190091883625014,0.0986469731844863,0.1191433649082615,0.0589864903214952,0.0741348223152669,0.0719688057816116,0.0366203095880824,0.05116716628147,0.1924321227598998,0.106808061234412
37,37.0,0.2015910267319128,0.097253782517134,0.1178314466949886,0.0577111611906162,0.0709160228619766,0.0704559494969034,0.0363527210530512,0.0505650877482124,0.1936627151708166,0.1036600865343881
38,38.0,0.2077645884704294,0.0961362061233072,0.1166705076712416,0.0541757923006232,0.0668747279547304,0.0683632319141693,0.0361963250197377,0.0498559330341683,0.1992741745286739,0.1046885129829189
39,39.0,0.2200859412155131,0.0945479017063762,0.1127151215178931,0.0532448656338994,0.0627323725169232,0.0671763717186962,0.036815013155652,0.0489502559847603,0.1997181576616173,0.104013998888669
40,40.0,0.2310021790942937,0.0923159380102462,0.1109255248276217,0.0506178491829313,0.0627811009178229,0.0653805908988896,0.0356750560591805,0.0477063577423578,0.2049233336519936,0.0986720696146626
41,41.0,0.2422498406402816,0.0898509401773252,0.1093932815529015,0.0529786437364128,0.0606257957845363,0.0619269539313414,0.0345923441117644,0.0465109047201959,0.2058954338477628,0.0959758614974779
42,42.0,0.2481451467670624,0.0876704346919799,0.1094785439986044,0.0496458921794996,0.0565863689866791,0.0639029010150725,0.0335719799179722,0.0441985324351692,0.2118570550932125,0.0949431449147482
43,43.0,0.2595897750375421,0.0835987341954441,0.1090362951937883,0.0464499568564827,0.054305396832329,0.0621410073172081,0.0326179323443795,0.0446579602497057,0.216469363916043,0.0911335780570773
44,44.0,0.2692407410908558,0.0817761537313024,0.1108577726186292,0.0434091154972027,0.0510158569336224,0.0619863965086293,0.0317331102047023,0.0429656464618299,0.2205824748905675,0.0864327320626584
45,45.0,0.2774609435572302,0.0803526312153641,0.1111085763189571,0.0412430655116101,0.0469989517697387,0.0606521634152758,0.0309194391769457,0.0417088247238622,0.2268201010972709,0.082735303213745
46,46.0,0.2882064957198486,0.0769793421028282,0.1101923372159845,0.0392300288806039,0.0452705216618254,0.0580350255494538,0.0301779408601954,0.0402034089444952,0.2305238619375259,0.0811810371272391
47,47.0,0.3012358036356044,0.0754544850161282,0.1118741913967203,0.0373618415618082,0.0425504123425651,0.0548635266339748,0.0295088129665182,0.0386779837465295,0.231172730573793,0.0773002121263582
48,48.0,0.3070805986973875,0.0742188574710651,0.1107364411126721,0.0353082049159316,0.0395455257157357,0.0553966570352726,0.0295845731375194,0.0373368791936725,0.2303340866557163,0.0804581760650272
49,49.0,0.3150472988973061,0.0718140246338237,0.1089980664575648,0.0349828021889493,0.0380722757204696,0.0568453489776021,0.0304312915795552,0.0364795871705716,0.2288745272284246,0.0784547771457329
50,50.0,0.3135388787138456,0.0678886326346955,0.1066286499168047,0.0341586496150088,0.0354234395072257,0.0590797245265613,0.0299469018860025,0.0351141910054038,0.2339186816714547,0.0843022505229973
51,51.0,0.3173287408069497,0.064925540022779,0.103280494115071,0.0356956753023331,0.0364147553934004,0.0599705186987564,0.0315352916667545,0.0343848410590572,0.2340356105250152,0.0824285324098835
52,52.0,0.3174723775873037,0.0637329740768081,0.1004037102817788,0.0367692895117628,0.0395667024262506,0.0600898041982888,0.0317506462354141,0.033956776035763,0.2345429586715513,0.0817147609750789
53,53.0,0.318207575733346,0.0669073685103247,0.0983016603859307,0.037897026794166,0.0391505221778193,0.0588414876346655,0.0313666321561826,0.0349059508501793,0.2332053195950405,0.0812164561623452
54,54.0,0.3187793984082927,0.0655730412417819,0.0977594042258677,0.0382562954169242,0.0397181594598025,0.0625166836506307,0.0310073531633124,0.0338744758561558,0.2345000586153576,0.0780151299618742
55,55.0,0.3192775074532509,0.0634574567514049,0.0954835930338582,0.037274194596468,0.0420843305345944,0.0643289171195874,0.0306739285380961,0.0335934260847689,0.2383218006478036,0.0755048452401673
56,56.0,0.3173852408144869,0.0615070113504723,0.0991812499063493,0.0376231321793379,0.0404335076217222,0.0637268778266603,0.0303671070900205,0.0328348278583958,0.2408994591276224,0.0760415862249322
57,57.0,0.3138350202822339,0.0660370418692697,0.1027297312753106,0.0366841585972142,0.0428568247533773,0.0613650037950628,0.0300872967158523,0.0318769882959148,0.2404529351292189,0.0740749992865453
58,58.0,0.3122154768000011,0.0653811975543584,0.1079812663850455,0.0368959877133121,0.0435551790349381,0.0588783374146632,0.0298345944119423,0.0309961628067227,0.2391472929836944,0.075114504895322
59,59.0,0.3101011935546179,0.0640299846863942,0.1121980025964444,0.0359794089684677,0.0439892938939667,0.0596456770833683,0.0306570255093727,0.0301934582383827,0.2382808775098913,0.074925077959094
60,60.0,0.3138846067275833,0.0651436726538483,0.1125723392067817,0.0378395099972177,0.042269225792405,0.0582023147506384,0.0304472550384045,0.0294690895444928,0.2347629326360183,0.07540905365261
61,61.0,0.3097739627748611,0.0674194336906614,0.1114020815598369,0.0369640990011237,0.0405984722430755,0.0566443193109398,0.030253989064149,0.0315078440632727,0.2416837191325761,0.0737520791595038
62,62.0,0.3104946154585689,0.0645114276194175,0.1097953626236933,0.0366401803080914,0.0389888093262481,0.0567708992693842,0.0300775097966775,0.0309108051746887,0.2447136788001322,0.077096711623098
63,63.0,0.3100819560864313,0.0638639354964165,0.1090595690928841,0.0373534671045215,0.0379197586207841,0.0557420731708483,0.0299179033579865,0.0329860798573474,0.2460244129693701,0.0770508442434099
64,64.0,0.3082029071499078,0.0636682339826992,0.1088942681722202,0.0365352508541122,0.0414503078303489,0.0539815894666533,0.0297750785295847,0.0350326086923993,0.2437125858047401,0.0787471695173341
65,65.0,0.3016879852395387,0.0649360314757847,0.1061837112164007,0.0355756836575801,0.046582943166763,0.0551305876220709,0.0314227268598362,0.0359857758678523,0.2420688429130984,0.0804257119810746
66,66.0,0.2993635253368205,0.0636003631471068,0.1008738786132508,0.0346563163441255,0.0472984349908505,0.0553100220056312,0.0312948357734661,0.0358916296750654,0.2450817794856326,0.0866292146280502
67,67.0,0.2982028304116663,0.0620968717615568,0.1066386192550062,0.033782322598575,0.0466389743633676,0.0556667746033123,0.0311667854379984,0.0357449489526032,0.2445836680962348,0.085478204519679
68,68.0,0.2957544728535806,0.062684022797836,0.1021370646695035,0.0384367603446166,0.0455598756959178,0.0582697791635844,0.0310398722816974,0.0352070414666964,0.246119251000456,0.0847918597261111
69,69.0,0.2970160360596566,0.0617737002776014,0.1000593693020998,0.0378993352651305,0.044053961336887,0.0556726009883249,0.0309152517182096,0.0346708543147133,0.256079330808778,0.0818595599285988
70,70.0,0.2995792052728602,0.0592011918575422,0.0981995657149107,0.0394730392176633,0.0425580988003904,0.05524417257463,0.0323344876665001,0.0341415773347813,0.2619312218949624,0.0773374396657591
71,71.0,0.2953915762865364,0.059774134781137,0.0985956328616341,0.0386378766211098,0.0410862415295395,0.0532684186748831,0.0342548426254402,0.0336238122794947,0.2624520249754128,0.0829154393648121
72,72.0,0.2928005219842846,0.0631025262554499,0.0952440381510831,0.0377998515180006,0.0412796250572308,0.0581441154689658,0.0340930218804871,0.0339414874990232,0.2628004427414611,0.0807943694440136
73,73.0,0.2881353614214823,0.0667932403605126,0.093608056301091,0.0410426349031002,0.0412032859855495,0.0596943209207879,0.0339064529912245,0.0334500686187354,0.2622335291163951,0.0799330493811211
74,74.0,0.2878527124405411,0.0681252080144988,0.0944161967529559,0.0401832095568887,0.0421574209984804,0.0610935409517857,0.0336994764609759,0.032973290940289,0.2581358219723733,0.0813631219112108
75,75.0,0.2867869182195159,0.069458476584696,0.0905905374395075,0.0405852488427244,0.0421657417737153,0.0598269287585518,0.0334762028191425,0.0325144581202844,0.2606630936308818,0.0839323938109799
76,76.0,0.2818635580268886,0.0698679522164051,0.0948834469876163,0.0396916129378539,0.0437403932595078,0.0581053088846506,0.0332404945133009,0.0320763640010773,0.2625093519171513,0.0840215172555479
77,77.0,0.2803622297155771,0.0675883911200126,0.0940584783248959,0.0387904244940919,0.0423916765185404,0.0568033304217701,0.0329959520929105,0.0316613156537803,0.2716579240500866,0.0836902776083343
78,78.0,0.2847769612524501,0.0692277129566609,0.093036580464533,0.0378914506497651,0.0410539146864844,0.0564162215539629,0.03274590439363,0.0312711589846751,0.2745128247239923,0.0790672703338459
79,79.0,0.2867239897827639,0.0655589388471862,0.0897075115426703,0.0370034596833734,0.0410493298903976,0.0603920194383657,0.0324934024203412,0.0309073063926337,0.275798025916129,0.0803660160861388
80,80.0,0.2866046881331262,0.0662103176762271,0.0875725808849812,0.0361342332167871,0.0397557642753498,0.0619823011944173,0.032241216620178,0.0305707659958701,0.2802643143844343,0.0786638176186287
81,81.0,0.2888770044864328,0.0647923945868174,0.0849548947676857,0.0352905870646916,0.0384939975790534,0.062846062884615,0.0319918372338292,0.0302621719788241,0.2798220250176326,0.0826690244004178
82,82.0,0.2851242412382807,0.0664846649947565,0.0840228740308137,0.0394751735111835,0.03900624478211,0.0624416259927782,0.0317474774137771,0.0299818156436945,0.2807553553707493,0.0809605270218563
83,83.0,0.2852643106122766,0.0659415438087922,0.0873701540707299,0.0388424636606216,0.038097447351593,0.0611114841215024,0.0315100788015924,0.0297296767856409,0.284171037173612,0.0779618036136387
84,84.0,0.2864319456944227,0.0673846225264284,0.0845268224271596,0.0391888629626124,0.0411377862371372,0.0586089063686049,0.0312813192626102,0.0295054550455363,0.2851669880635534,0.0767672914119346
85,85.0,0.2878066887351436,0.067164641832576,0.0866051114170321,0.0387834755206926,0.040208896063064,0.0590774472229963,0.0310626224849002,0.0293086009289868,0.2852519748692234,0.074730540925385
86,86.0,0.2856665072428568,0.0697674530546941,0.0871936838180533,0.0379393668701923,0.0410132600267447,0.0576267682722991,0.0308551691601122,0.0291383462148023,0.2874980390168705,0.0733014063233746
87,87.0,0.2804605113783719,0.0683672249667726,0.0863531795974738,0.0371002754160401,0.0398822001690292,0.0632970708408553,0.0306599094762018,0.0289937335098883,0.2840481804888943,0.0808377141564725
88,88.0,0.2772935896325233,0.0704241341851589,0.0911578788861175,0.0362740903531427,0.0401135863682288,0.0604451378277902,0.0304775766659205,0.0288736447403668,0.2812252838514195,0.0837150774893319
89,89.0,0.2793280395846419,0.071405574426365,0.0948757894049866,0.0354677828930036,0.0396978855110332,0.0574744796674859,0.030308701370008,0.0287768284003938,0.2792880125381439,0.083376906203938
90,90.0,0.2778858149674179,0.0688472601718956,0.0970645040629406,0.0364949143978901,0.0405672354126365,0.0565143771792731,0.0301536265899868,0.0287019254104141,0.2822725975594173,0.0814977442481278
91,91.0,0.2765711170103521,0.0690144830304793,0.1000096688858659,0.038200610752742,0.0394782324274489,0.0535957299806266,0.0318723507432894,0.0286474934653283,0.2788234297463453,0.0837868839575221
92,92.0,0.2726654726898668,0.0679378791822921,0.104203564276146,0.0386106072106346,0.0384033474165055,0.0507329902020384,0.0336975406495223,0.0286120297800977,0.2841432738006565,0.0809932947922398
93,93.0,0.2730075597886099,0.0646572338084438,0.105968367692004,0.0378292083732434,0.0398293894966881,0.0479491944992887,0.0335294201963231,0.0299752157555213,0.2841715903120419,0.0830828200778357
94,94.0,0.278244057931093,0.0660573061338571,0.1077598011506902,0.0370476573358589,0.039413038501166,0.045264286421821,0.0333428175864806,0.0299592297449085,0.2832427494246886,0.079669055769436
95,95.0,0.276841136172971,0.0649786469267294,0.1090361331134897,0.0362737848288543,0.0394309236640669,0.0444487901886055,0.0331414470617575,0.0299452500379078,0.2867328223610197,0.079171065644598
96,96.0,0.2781442304195884,0.0636732978320776,0.1064073456404451,0.0391338484288126,0.0397312167406038,0.0449951857632701,0.0329287991188892,0.0299332158012282,0.2838006602913125,0.0812521999637723
97,97.0,0.2775113837032265,0.0616226314799601,0.1071335425456688,0.0398071608057245,0.043599432825283,0.0426342560854493,0.0327081279791188,0.032227408715283,0.2843446428479887,0.0784114130122971
98,98.0,0.2823247554316141,0.0586750466677372,0.1076859177307727,0.0394091281880732,0.042746590542299,0.0478584749256701,0.0324824426735342,0.0321959879542086,0.2801468497089406,0.07647480617715
99,99.0,0.2880380404804332,0.0576452217819041,0.1095476192187735,0.0385993146434195,0.0416705819425589,0.0465620886568986,0.0322545014717728,0.0321457493896996,0.2744980658010206,0.079038816613519
100,100.0,0.2905140955909875,0.0541666659557761,0.1125282530301702,0.0377844893067969,0.0405854683833673,0.0458551728571113,0.0320268093754697,0.0320790771877444,0.2742786215631937,0.0801813467493825
101,101.0,0.299142530583105,0.0523266588363172,0.1128896440491232,0.0388121333511056,0.0414339301817973,0.0437617989952491,0.0318016183950423,0.0319982814341074,0.2716753581371497,0.076158046037003
102,102.0,0.3002684378630041,0.0605821857496235,0.1111749003904041,0.0379939430911691,0.040540945705394,0.0430790196157057,0.0315809303287072,0.0347591022906887,0.263541004386339,0.0764795305789644
103,103.0,0.3032783846783169,0.0575700216821722,0.1062562626997316,0.0391896871876424,0.0394558407981479,0.0411287404004829,0.0313665017657186,0.0346280821744288,0.2671451969130225,0.0799812817003361
104,104.0,0.307366949589693,0.0543797803846895,0.102620109547289,0.0389170618259813,0.0437682567669584,0.0448601092657595,0.0311598510413716,0.0344638832480506,0.2660944854829167,0.0763695128472902
105,105.0,0.3090200952138469,0.0527072816820886,0.1029272299092727,0.0380839723845005,0.0426665366572362,0.0451219109751455,0.0309622668790456,0.0342714653818298,0.2683648691513774,0.0758743717656566
106,106.0,0.3114641112488416,0.0496766953908445,0.1046664248085391,0.0372533521633228,0.0415483231919138,0.0450385921984377,0.0307748184641617,0.0340555746484127,0.2717317474358556,0.0737903604496702
107,107.0,0.3096940591087059,0.0496448267861317,0.1065945896675635,0.0364332604426297,0.0404264478412045,0.0501604596148457,0.0305983667061246,0.0338207172418532,0.2684313766160472,0.0741958959748938
108,108.0,0.3072065926708018,0.0491363152603117,0.1018172524781508,0.0356308452895795,0.0412687472342069,0.0491537885603134,0.0319257035914917,0.0335711384035311,0.2772328761420645,0.0730567403695483
109,109.0,0.3079914724691328,0.0463994700276507,0.1034944890970491,0.0348523631989386,0.0401535026972195,0.0521567156699403,0.0317581353312116,0.0333108060650059,0.273230371442711,0.0766526740011404
110,110.0,0.3093770679588868,0.0437723146179792,0.1045443981587053,0.0341032056853724,0.0413397026323659,0.0509245311591763,0.0315897425436474,0.0330433988996832,0.2746424372530107,0.0766632010911727
111,111.0,0.306325562526121,0.0441008100812551,0.1055642511062808,0.0333879318663091,0.0402315760068074,0.056864475724763,0.0314222916094032,0.0327722984618959,0.2705549771222689,0.0787758254948955
112,112.0,0.3087154791909585,0.0431978447175567,0.1052281997698526,0.032710306110489,0.0391319462837367,0.055066971199349,0.0312573628524893,0.0325005850832684,0.2737145700030005,0.0784767347892992
113,113.0,0.3101349297837709,0.0442847017128385,0.1054908411802097,0.0339889840400139,0.0396641676173056,0.0530594444325437,0.031096353342742,0.032231037191671,0.274411691352929,0.0756378493459758
114,114.0,0.3169407917358828,0.0438526246930106,0.1025942261864294,0.0337351358277128,0.0390941489369022,0.0530201182501358,0.0309404812505419,0.0319661337173165,0.2742425175841421,0.0736138218179258
115,115.0,0.3189711815019103,0.0448745129525655,0.1050997470552743,0.0342889652543332,0.0380406311059607,0.0509562853866293,0.0307907915550565,0.0317080592532244,0.2719186077346124,0.0733512182004335
116,116.0,0.3239582547039026,0.0475334856888868,0.1071373739662501,0.0337158002186774,0.0370120587470536,0.0510484048366478,0.030648162913569,0.0314587116430092,0.2675101941763625,0.069977553105641
117,117.0,0.3301994216867083,0.0491692637926383,0.1075470448713995,0.0331627936844003,0.0360162230365668,0.0496653046256125,0.0305133155070946,0.0312197116773855,0.2671220596073726,0.0653848615108217
118,118.0,0.3257095132564045,0.0493028663450126,0.1118587621667509,0.034449629192586,0.035059808666763,0.0518559873407338,0.0303868196861966,0.0309924145915503,0.2636967859840169,0.0666874127699854
119,119.0,0.322059004392427,0.0534880213438801,0.1147527484042348,0.0339287324647361,0.0341484376472719,0.050436094573165,0.0302691052505265,0.0307779230683831,0.2653621188432843,0.0647778140120913
120,120.0,0.3331633596756424,0.0518164863352671,0.1111363100296523,0.0334206380850239,0.0332867193532572,0.0483661310466464,0.0301604712059182,0.0305771014668487,0.2642168085053867,0.0638559742963573
121,121.0,0.3342970353476542,0.0497621284873654,0.1101135586269587,0.0329291467624326,0.0355511721066902,0.0463195025623133,0.0300610958537115,0.0303905910107994,0.2655770461423782,0.0649987230996967
122,122.0,0.3292774109463137,0.0477155851393801,0.1118078173711435,0.0324575131044761,0.0351556270811178,0.0443143419007903,0.0299710470781883,0.0302188256902469,0.2747844645696483,0.0642973671186951
123,123.0,0.3252352460997157,0.0504770707049285,0.1162533123370791,0.0320084676812705,0.0343992951982483,0.0443622398811805,0.0298902927094356,0.0300620486448473,0.2737176055701837,0.0635944211731108
124,124.0,0.3191140149575236,0.0492079331313131,0.116755839223171,0.0339252257301302,0.0336746035516833,0.0443855797726339,0.0298187108504638,0.0299203288175391,0.2819775755569215,0.0612201884086206
125,125.0,0.3221631313051042,0.0471961338233454,0.1114933176773942,0.0340492588575646,0.0351089062408213,0.0425347555243303,0.0297561000688846,0.0297935776847864,0.2839851023461334,0.0639197164716358
126,126.0,0.3246937725640224,0.0506556962062193,0.1056016131343329,0.0336298165356826,0.037078645379477,0.0424528605461835,0.0297021893647744,0.029681565888461,0.2821480322917366,0.0643558080891103
127,127.0,0.3280372972383684,0.0564179551551946,0.102218810855014,0.033216020280632,0.0394643476077606,0.0409921691015426,0.0296566478374275,0.0295839396128836,0.2753874684749448,0.065025343836232
128,128.0,0.3292839041564919,0.0606727909513667,0.1003327193525763,0.0328114434482801,0.0407906249066505,0.0408643858535506,0.029619093984441,0.0295002365687351,0.2685643227190225,0.0675604780588853
129,129.0,0.3298908379801513,0.0637012895284375,0.0964426782484308,0.0324192098646807,0.040050926330762,0.0398306734251502,0.0295891045769087,0.0294299014633141,0.2721109435022482,0.0665344350799165
130,130.0,0.3186442781239027,0.064986571444713,0.097314503612126,0.0320420075407943,0.0411468329333394,0.0418759105043061,0.0295662230643606,0.0293723008538021,0.2786555166667896,0.0663958552558662
131,131.0,0.3149386089601314,0.0653227237650107,0.0952303779914589,0.0316821053738887,0.0441353828241045,0.0428002397817742,0.0295499674724237,0.0293267372967032,0.2802173744199849,0.0667964821145197
132,132.0,0.3079324478932472,0.0697973359040602,0.0936036749806653,0.0313413723699347,0.0432730547343616,0.0451830609439208,0.0295398377649563,0.0292924627223472,0.2842400426076316,0.0657967100788751
133,133.0,0.3019612799404408,0.0704602768807157,0.0945317854995998,0.0310212989426768,0.0423642289062493,0.0436891266931003,0.029535322650586,0.0292686909782033,0.2827465338357576,0.0744214556726705
134,134.0,0.2973119902234981,0.0707618221633381,0.092444356921856,0.0349909581604879,0.0460236639622578,0.0422076946004308,0.0295359058211469,0.0292546094986918,0.2849312947836676,0.072537703864625
135,135.0,0.2874557588409575,0.0698971691664338,0.0900106425297316,0.0351355777309705,0.0484957634984218,0.0425922245729354,0.0295410716164402,0.0292493900721445,0.2953224327471783,0.0722999692247863
136,136.0,0.2930601767659986,0.0705803604331088,0.0904740909038882,0.0347976972803097,0.0476112818768322,0.041942279827619,0.0295503101160398,0.0292521986875305,0.2938437752466748,0.0688878288619985
137,137.0,0.292044569247442,0.0716929929687198,0.0913581783069827,0.0344456279019119,0.0464524996539328,0.0405306806863669,0.0295631216645191,0.0292622044545026,0.2979684203786493,0.0666817047369733
138,138.0,0.2954937749893631,0.0684542222455997,0.0912466637056086,0.0340843091823347,0.045245070656784,0.0391549346523762,0.0295790208415052,0.0292785876002325,0.2987388945426116,0.0687245215835845
139,139.0,0.3004664807215386,0.0671968285721938,0.0921307032831432,0.0337182792428919,0.0440059338527822,0.0378252138752609,0.0295975398923777,0.029300546555387,0.300345271015615,0.0654132029888097
140,140.0,0.3021229258197868,0.0674756789528997,0.0904034005021801,0.0333516695049645,0.0449872975544598,0.0390626853797227,0.0296182316392391,0.0293273041494722,0.2960037093130701,0.0676470971842052
141,141.0,0.3084816941658595,0.0666666677925864,0.0856186025136514,0.0329882040457801,0.0437076703629987,0.0430842860405663,0.029640671895022,0.0293581129426542,0.2914407210394603,0.0690133692014211
142,142.0,0.3101986471175011,0.0668525831069846,0.0860095108137681,0.0326312030920564,0.0424189291870538,0.0442613446606344,0.0296644614062764,0.0293922597270914,0.292433784034709,0.0661372768539247
143,143.0,0.3120818545425177,0.0727141098109927,0.0854310072651955,0.0322835902027845,0.0436518231431636,0.0429980892770712,0.0312342481574578,0.029429069235814,0.2878514136235216,0.0623247947414814
144,144.0,0.3070506593077725,0.0714688266818767,0.089911540378687,0.031947902700412,0.0445446984359014,0.0434056635136863,0.0312441950273428,0.0294679071013062,0.2923882939601476,0.0585703128928676
145,145.0,0.3057224201037101,0.0708025631346899,0.094361340450944,0.0316263049212726,0.0432362993995749,0.0428041743487244,0.0312407052599659,0.0295081821092361,0.2939547780401332,0.0567432322317489
146,146.0,0.3011592345705817,0.068524682822462,0.0953777955197743,0.0313206038708344,0.0419263772728853,0.0415292839358521,0.031225157416727,0.0295493477952807,0.2971303457622307,0.0622571710333719
147,147.0,0.2966816342231947,0.0698055122317089,0.0935360598008725,0.0310322668867316,0.0422818475316819,0.0414034836874715,0.0311989127836447,0.029590903434768,0.3003533626806904,0.0641160167392357
148,148.0,0.2967580580653076,0.0666551874246953,0.0956337186112279,0.0307624409321719,0.0429768434415279,0.0401530240607476,0.0311633034860342,0.0296323944759589,0.3018959898864381,0.0643690396158906
149,149.0,0.2969310362517176,0.0644698380989629,0.0992752090802043,0.0305119731637464,0.043789971417131,0.0409265446406686,0.0311196220833244,0.0296734124682711,0.3012814785556533,0.0620209142403203
150,150.0,0.292809699574494,0.0677199960429209,0.1048136791713895,0.0302814324405259,0.0452104603018863,0.0397130296800688,0.0310691126000523,0.0297135945366694,0.2980886678747361,0.0605803277772568
151,151.0,0.2924827081406738,0.0677135572287118,0.1064746751904169,0.0300711314652223,0.0438878539778545,0.0410954137710773,0.031012962939107,0.0314857937531153,0.296529671319823,0.0592462322139981
152,152.0,0.2912821828468043,0.0642235817289092,0.1196666666325055,0.0298811492727968,0.0444008378639436,0.0399140952481601,0.0309522986148651,0.0315060609401567,0.2869579526413277,0.061215174210531
153,153.0,0.2959775422705868,0.0615753545893673,0.1277727792104206,0.0297113538068859,0.0445118113129895,0.038751767625053,0.0308881777368987,0.0328326169989908,0.2742923578421983,0.063686238606609
154,154.0,0.2963085793329535,0.0603428923543729,0.1306851979584473,0.0295614243494972,0.0447374278479752,0.0376181550880061,0.03082158716936,0.032807152702043,0.2739075223711346,0.0632100608262102
155,155.0,0.29158672323572,0.0590996362337189,0.1271927006093457,0.031668767341414,0.0433737960162848,0.0365217222537838,0.0307534397868815,0.0327561633077696,0.2800014626484265,0.0670455885666551
156,156.0,0.2939986298021172,0.0584230152867975,0.1261228300438364,0.0315345839883695,0.0443009820975113,0.0354697154804459,0.0306845727447821,0.0326827112198458,0.2788578275664758,0.0679251317698183
157,157.0,0.2952880957470259,0.0576022869480941,0.1267801226424744,0.0313984731307458,0.0429330663287205,0.0386456604520499,0.0306157466794448,0.032589777228516,0.2763198817121625,0.0678268891307658
158,158.0,0.2961384230072095,0.0556606421526884,0.130572831025836,0.031261988627577,0.0415726114735215,0.0388218930346425,0.0305476457538468,0.0324802388640339,0.2762870209416136,0.0666567051190306
159,159.0,0.299376827713081,0.0530441674770922,0.1305125864913562,0.0311265326884494,0.0423401676569868,0.0378446455270727,0.0304808784632701,0.0323568519473598,0.2797475277029942,0.0631698143323375
160,160.0,0.3013061129734827,0.0530808478508442,0.1282830874506472,0.03099335701635,0.0411730815512499,0.0368866763149891,0.0304159791171184,0.0322222352028794,0.2820089901921534,0.0636296323302856
161,161.0,0.301194804092225,0.0643117141016599,0.123853203625928,0.030863565341297,0.0398647794844489,0.035955637260964,0.0303534099144107,0.0320788577808183,0.2774649632418884,0.0640590651563596
162,162.0,0.3081521854780946,0.0623565850819002,0.1190847391424803,0.0307381171803363,0.0385886598294836,0.0381919369182547,0.0302935635328296,0.0319290295231551,0.2795231990742358,0.0611419842392296
163,163.0,0.3087252686001969,0.0592197400142211,0.1179285944696379,0.0306178326636684,0.0391496143789292,0.0394559493011215,0.0302367661540783,0.0317748937960267,0.2851692648251971,0.0577220757969227
164,164.0,0.3092218005885147,0.0598354000018299,0.1143582057224482,0.0305033982720306,0.0382644536774308,0.0385606942436479,0.0301832808516614,0.0316184227036509,0.2859546377687452,0.0614997061700402
165,165.0,0.3114578081433576,0.0580475984951241,0.1088471565800133,0.0303953733368362,0.040254258357242,0.0396077175842362,0.0301333112709696,0.0314614144934761,0.2871393961023681,0.0626559656363764
166,166.0,0.3115387966124362,0.0555660862727944,0.1067011038417198,0.0302941971617929,0.0391033503783237,0.0396928261401288,0.0300870055356373,0.0313054929593841,0.2937592400536439,0.0619519010441386
167,167.0,0.3123237720222524,0.0551558873216515,0.1064987324287437,0.0302001966326361,0.0379764996935139,0.0396477195340103,0.0300444603184818,0.0311521086491074,0.2943145281997252,0.0626860951998774
168,168.0,0.3157682925722874,0.0531068130483447,0.1029016383978535,0.0321888308617177,0.03688256908025,0.0390292838427326,0.030005725019857,0.0310025416833673,0.2967420735510916,0.0623722319424978
169,169.0,0.3105254216729465,0.0573843764205903,0.1074367268791669,0.0320890003547898,0.0365934916594981,0.0385646368979146,0.0299708060008962,0.0308579059973675,0.296551106254593,0.0600265278622369
170,170.0,0.3055329952691696,0.0577090063139393,0.1104561776835944,0.0336711766436245,0.0362386490385004,0.040717391910954,0.0299396708238224,0.0307191548199941,0.2965930344638225,0.0584227430325784
171,171.0,0.2991984787590271,0.0594550910204189,0.1092110214087042,0.0335348011633834,0.0352636968965605,0.0407161947222823,0.0299122524562179,0.030587087212158,0.3019716867059458,0.0601496896553016
172,172.0,0.2984120373757593,0.0574333228741129,0.1082187406865016,0.0360753046079576,0.034333602999849,0.0405526795093147,0.0298884534008116,0.030462355492984,0.3013222333240019,0.0633012697287072
173,173.0,0.3023928277115461,0.0547805466457404,0.1085880936423352,0.0370196523703601,0.0334531824628102,0.039604093732541,0.0298681497169378,0.0303454733907975,0.2975957420219956,0.0663522383049358
174,174.0,0.2973344625283683,0.0577218592487728,0.1096715569881269,0.0388510949295207,0.0326262721548471,0.0401936992627791,0.029851194904282,0.0302368247649217,0.2979988611054606,0.0655141741129204
175,175.0,0.2924368033721122,0.0561351450401173,0.1093079240215341,0.0385349524885006,0.0348437870164046,0.04046980086943,0.029837423623849,0.0301366727539843,0.3007959565967535,0.0675015342173141
176,176.0,0.2922984958081879,0.0592425157376896,0.1103997930059189,0.0381650747666975,0.0348577245334692,0.0404406549233801,0.0298266552352208,0.0300451692166008,0.2988073684782136,0.0659165482946214
177,177.0,0.2893595980484054,0.0646268250441488,0.1122531003777682,0.0377505340694078,0.0341414627860275,0.0398532160158609,0.0298186971331032,0.0299623643407896,0.294794239612516,0.0674399625719725
178,178.0,0.2844927062976788,0.0639808442748529,0.1133846314628261,0.0372999421011529,0.0384452814748611,0.0388784576324175,0.0298133478698663,0.0312608649529225,0.2972220652437776,0.0652218586896441
179,179.0,0.2841932380917238,0.0674745777727047,0.1130581964720101,0.0385343088204031,0.0394072409390762,0.0379123905109943,0.0298104000542544,0.0311815230749191,0.2904472375814586,0.0679808866824554
180,180.0,0.2825816977795953,0.0682192282612475,0.1155822745435232,0.0380182867590022,0.0386814603339599,0.0369638061966035,0.0298096430196612,0.0310983001539669,0.2865034394296211,0.0725418635228191
181,181.0,0.2833610777126885,0.0661628002968176,0.1134432567913095,0.0374736840361514,0.0392420919657854,0.0381889416031193,0.0298108652583307,0.0310124165235702,0.2878986258983689,0.0734062399138582
182,182.0,0.281251147094298,0.0660432549666535,0.1097019167838539,0.0394410065728087,0.0389322132661201,0.0390869787002663,0.02981385662055,0.0309249970909775,0.290930710085943,0.0738739188185287
183,183.0,0.286323104538962,0.0634803962748018,0.1106086874940228,0.0390414122229348,0.038160298415932,0.0381744836434522,0.0298184102803418,0.0308370696307342,0.292608427689857,0.0709477098089612
184,184.0,0.2894741871570646,0.0624022077804855,0.1142937778914657,0.0384084768158992,0.0373839720666033,0.0372714932558849,0.029824324471351,0.030749564220208,0.292974627742363,0.0672173685986748
185,185.0,0.2927943181476798,0.0640410011885332,0.111077157134945,0.0377547501814081,0.0366114386315415,0.0363860869745155,0.0298314039985458,0.0306633137085323,0.294255202135311,0.0665853278989877
186,186.0,0.3014853948715579,0.0608106619543766,0.1112701355688213,0.037088848708552,0.0358500441536705,0.0388437513602173,0.0298394615330356,0.0305790551109388,0.2908562230045066,0.0633764237343233
187,187.0,0.3041137743863975,0.0575952500240919,0.1112247443095732,0.036418648895896,0.0371304666317597,0.041545433640479,0.0298483186987462,0.0304974318219953,0.2881569320162163,0.0634689995748449
188,188.0,0.3100921970334014,0.0587286958561672,0.1087650095132163,0.0357512825755467,0.0388316425060998,0.0406531970582204,0.0298578069608981,0.0304189965437262,0.2862640918955478,0.060637080057176
189,189.0,0.3127877565404225,0.0582108250112138,0.1035017301273941,0.0387394515368866,0.0393372805343229,0.0397436521636054,0.029867768327226,0.0303442148278468,0.2859854412213735,0.0614818797097083
190,190.0,0.327594484313861,0.0581581554330187,0.0998168352304822,0.0386424257184906,0.0399536207350546,0.0388276252368159,0.0298780558736487,0.0302734691352768,0.2747720788703805,0.0620832494529709
191,191.0,0.3346703521786084,0.0563449159493428,0.10306060409401,0.0386284364055774,0.0391585536319199,0.0379149247503372,0.0298885341066927,0.030207063320611,0.2701737753380826,0.0599528402248179
192,192.0,0.3298579339060074,0.0569439394070198,0.0992478898543533,0.0396740157461434,0.0383514077027795,0.0393899241799165,0.0298990791753654,0.0301452274542058,0.2762898798694876,0.0602007027047214
193,193.0,0.3279129324815243,0.0580350073565948,0.0961016773189688,0.0389340981075268,0.0375414622895253,0.0389355700215837,0.0299095789454172,0.0300881228998989,0.2810439240425525,0.0614976265364076
194,194.0,0.324301936122804,0.0618856677950838,0.0909853981967558,0.0381788312516967,0.0367370967947013,0.0426801356663518,0.0299199329490096,0.0300358475720238,0.2826241342148516,0.0626510194367216
195,195.0,0.3281188343200803,0.0625315725973482,0.0861493313998464,0.0374173027689326,0.0375437662197666,0.041740333203028,0.0299300522227527,0.029988441301216,0.282912599186263,0.0636677667807663
196,196.0,0.3260873071992995,0.0595048235803164,0.0876798115270864,0.0366577541067555,0.0367561586356092,0.0460319566902402,0.0299398590468939,0.0299458912444768,0.2855553598588075,0.0618410781105147
197,197.0,0.3238424555611177,0.0601455141096897,0.0891088306510862,0.0359075827697286,0.0359797502235114,0.0480865295540956,0.0299492865981521,0.0299081372809667,0.2870717069729787,0.0600002062786733
198,198.0,0.325722261307206,0.057434965782445,0.0933244157480646,0.0351733527387072,0.0352211851503883,0.046981163953635,0.0299582785283029,0.029875077340998,0.2889418612754495,0.0573674381748035
199,199.0,0.329489390041927,0.0586208630569856,0.0904237806212942,0.0344608121834007,0.0344862647330736,0.0481060565779177,0.0299667884801556,0.0298465726216161,0.2894115780392453,0.0551878936443839
200,200.0,0.3305189030503584,0.0582594270920396,0.0896529613485232,0.033774917561791,0.0337799737101597,0.0468768194001826,0.0299747795520215,0.0298224526479563,0.2885276694492003,0.0588120961877673
