,Unnamed: 0,Generation,Intertwine_two,Add_vertex,Delete_vertex,Invert_path_vertices,Insert_inside_vertex,Delete_inside_vertex,Replace_inside_vertex,Donate_between_routes,Merge_terminals,Trim_one_terminal_cb,Trim_one_path_random_cb,Grow_one_terminal_cb,Grow_one_path_random_cb
0,0.0,0.0,0.07692307692307689,0.07692307692307689,0.07692307692307689,0.07692307692307689,0.07692307692307689,0.07692307692307689,0.07692307692307689,0.07692307692307689,0.07692307692307689,0.07692307692307689,0.07692307692307689,0.07692307692307689,0.07692307692307689
1,1.0,0.10900000000000001,0.0781916624678731,0.0770437382539535,0.07711582036444661,0.07775945851007965,0.07759190966051378,0.07679659460849476,0.07637097023954029,0.07636874289428826,0.07553043860285477,0.0770310456279172,0.0765131024690591,0.07751501229598178,0.07617150400499677
2,2.0,0.31601,0.07875727297279514,0.07693967856487283,0.0773478363322217,0.07778516391423682,0.07822799987515736,0.07683478236796634,0.07615345805188146,0.07523042862215394,0.07422624324957616,0.07811730768524307,0.0762100042213212,0.07848349020568449,0.07568633393688907
3,3.0,0.6191589000000001,0.07946236379430291,0.07699344382488069,0.0775281543353433,0.07791885618431714,0.078053046930706,0.07707566248675611,0.0759743873680938,0.07471697738451438,0.07329965412364914,0.07891789440406598,0.07588103847406594,0.07921618528553497,0.07496233540376927
4,4.0,1.015801321,0.08023928159596294,0.07698149056523292,0.07731220747647993,0.07899698080908865,0.07814210458862386,0.07673098626361183,0.07563910715581226,0.07450096700255192,0.0718554392659022,0.07929227136652958,0.075899346261126,0.07986924863958424,0.07454056900949328
5,5.0,1.50262148669,0.08105044173648032,0.0773033733324677,0.07750112609587718,0.07937126853492063,0.07835080572550991,0.07679826769158184,0.07480094098822793,0.0739169915064457,0.0705953259787906,0.08046805047786243,0.07545542257450588,0.08043970404554375,0.07394828131178578
6,6.0,2.0757334209441005,0.08165162626589816,0.07790154067257013,0.07730675255778428,0.07949651248860556,0.07829749412800734,0.07678557688008449,0.07424558909860518,0.07361459193631364,0.06934147422336084,0.08109737260762183,0.07529671042900404,0.0815409888761077,0.07342376983603648
7,7.0,2.7307768275633495,0.08256861945318311,0.07799197199175938,0.07738156776550781,0.0798384467322079,0.07768820056194947,0.07670193068156374,0.07358306356902598,0.07332464943245591,0.06837044995509381,0.0822309192657473,0.07463137620322034,0.08225804248256276,0.07343076190572217
8,8.0,3.4630081252450404,0.0832440120302555,0.07816453741520829,0.07712629686034445,0.08011156702700428,0.07769478600417987,0.07702315283723482,0.07355478080070194,0.07294025261231127,0.06752426551757158,0.08316266721584811,0.07419322335224793,0.08248180989411531,0.07277864843297634
9,9.0,4.2673862119061114,0.08391262643625136,0.07811042674608454,0.07742617449279031,0.08055248326698945,0.07761530163479406,0.07713961582520933,0.07294691303800063,0.07254654463032065,0.06658492442695954,0.08435735678192872,0.07383139104631001,0.08305673194929233,0.07191950972506872
10,10.0,5.138652627782014,0.08419595084901907,0.07786107251986116,0.07772493868772429,0.08033429111523453,0.07761844616028264,0.0778792186467697,0.07288185963921197,0.07185055294277076,0.0657645366648699,0.08561892362001283,0.07382093478539992,0.08305948640773558,0.07138978796110731
11,11.0,6.071405875792507,0.08433725335776461,0.07790911926262069,0.07785514564876195,0.08136288427728966,0.07739602154189051,0.0787097761069236,0.07236757284584755,0.07132149949497753,0.06452810648618656,0.08617678846011652,0.07347367857889807,0.08372497971191449,0.07083717422680791
12,12.0,7.060169740244025,0.0841691879473062,0.07809122103223212,0.07858951104071449,0.081819822688825,0.0766032579364611,0.07909382054881996,0.07210003432205808,0.07025451286149428,0.06428087066897471,0.0870504094675307,0.07311236096613338,0.08470598603729712,0.07012900448215255
13,13.0,8.099455520847952,0.0841300614096154,0.07849215555757982,0.07907198050919562,0.08167079270982697,0.07577357171811754,0.07978870034169207,0.07191083474286204,0.06943761955934628,0.06325767462740522,0.0878341871115142,0.07290764125442803,0.08578714011330557,0.06993764034511096
14,14.0,9.183818168183006,0.08360905583020177,0.07876597411708103,0.07929477722798636,0.0821256173312824,0.07519978704016461,0.08039909060559054,0.07164113687777153,0.06894043299756511,0.06311009055056473,0.08804562921298847,0.07254846213517606,0.085953318854433,0.07036662721919411
15,15.0,10.307906369102724,0.08284586429900954,0.07831984010839553,0.07967754740015345,0.08196473577754705,0.07565404252898547,0.08116031143893222,0.07136454106705191,0.06789002601979362,0.062249744007209805,0.08900726924556125,0.07251428673067203,0.08662566333944613,0.07072612803724171
16,16.0,11.466506686239443,0.08251373441323982,0.07831863953740852,0.07989419622146395,0.08173874144925511,0.07526800031371413,0.08093895671222344,0.07154139859973094,0.0677551610585489,0.061327067673522945,0.08979026848536081,0.07294770825881909,0.08736566806288157,0.07060045921383053
17,17.0,12.654581904800096,0.08230059416068664,0.07847212913519036,0.08019714377216386,0.08173309830311795,0.07495031904224592,0.0811335371356722,0.07132249315005788,0.06736943725314137,0.06011543032773883,0.0907367342170338,0.07296762254582531,0.08811264296409262,0.070588817993033
18,18.0,13.867303782456686,0.08198140216756357,0.07871629527239761,0.08128328074259707,0.08183975654588814,0.07445221221994056,0.0807760972862716,0.07167358384767987,0.06706574417201087,0.05949628183601573,0.0918196565678509,0.07264611521171482,0.08795999749672513,0.07028957663334387
19,19.0,15.100080434523047,0.08211855466739511,0.07928916924207223,0.08127619841931039,0.08151219436109244,0.07394120482126829,0.08086953105705748,0.07113287246157854,0.06672933221684287,0.059341344192393675,0.09218556447879371,0.07246457730349173,0.08914855096870891,0.0699909058099944
20,20.0,16.348578617037543,0.08171619503106431,0.07903716862189941,0.08121095883335204,0.08159149167738754,0.07392220113804157,0.08161447018210141,0.07084981065335569,0.06675217957015611,0.05863927975444775,0.09323221538675558,0.07169430335253014,0.08947219384209877,0.07026753195680942
21,21.0,17.608741195130214,0.08136610157333785,0.0791642454604539,0.08191642511335032,0.08129478377395047,0.07405846603912515,0.08166641444416081,0.07070583037110165,0.066468299605591,0.057928588504932654,0.09334643493770206,0.07177378125838255,0.09012794461607838,0.07018268430183291
22,22.0,18.876800103462312,0.08095767958556238,0.07934189212024562,0.08240487137746369,0.0814323102714074,0.07364041462314244,0.08200225971170153,0.07022174920843341,0.0659924437206432,0.05726464384634257,0.09404710807770414,0.07177971593021538,0.09101120880161681,0.06990370272552118
23,23.0,20.14928511992658,0.08080071529789197,0.07927260314683876,0.08332822093574098,0.08166219666488603,0.07244369110760598,0.08294310628170157,0.07010034849059109,0.06554554146421171,0.05685582258085814,0.09434919921629834,0.07129462337232988,0.09160409164419706,0.06979983979684828
24,24.0,21.423028783545156,0.08013395424839781,0.07932370162141777,0.08391904443713034,0.08148262352065154,0.07162978532592877,0.08391595069972235,0.07013610008264774,0.0653652898623757,0.056156967889182105,0.09507336224108483,0.07076739260408392,0.09284866504808478,0.06924716241929212
25,25.0,22.695167792966423,0.08050546603754645,0.07983799238179817,0.08346641978468167,0.08155749921572449,0.07106547049266884,0.08436278948049843,0.07004977095154942,0.06501500660322156,0.05549189562747994,0.09588059774794112,0.07091634152588137,0.09268467602422477,0.06916607412678356
26,26.0,23.963141223515898,0.08020607201375402,0.08038892033746145,0.0834906990006914,0.08157419788049206,0.07167607135932823,0.08469201168909518,0.06974138166674088,0.0642296248460709,0.05571162209757216,0.09581733669257494,0.0705955361378698,0.09250584422144406,0.06937068205690478
27,27.0,25.224685898775267,0.07981865754111281,0.08093393925654681,0.08470320777432047,0.08146584202641487,0.07129137924141352,0.08465496811709745,0.06928092858066774,0.06394560017531846,0.055698977585119554,0.0962693764313792,0.06976796829079837,0.09281554416200019,0.06935361081781043
28,28.0,26.477829247520948,0.08044789049391497,0.08130956603476544,0.08467852346187882,0.08122271022082342,0.07090012626243072,0.08487056338650721,0.0688988989263126,0.06350106283040001,0.05575336447963976,0.09623847309296202,0.0697664317367944,0.09274764497121954,0.06966474410235095
29,29.0,27.720879968916847,0.07964784269969107,0.08183548125688715,0.08514605675264228,0.08150438854377486,0.07080343788617768,0.08505120960561086,0.06916676379650384,0.06358661247066638,0.055311471569839024,0.09696056115116598,0.06941906929684644,0.09230923193079339,0.06925787303940094
30,30.0,28.95241681848399,0.07944207739847275,0.08150021105948645,0.08580905832841787,0.08093504920032121,0.07065534208133196,0.08487636724522477,0.06965271727368585,0.06321778730525564,0.054732730223855386,0.09749054027821061,0.06916757944422923,0.09345010255234854,0.06907043760915962
31,31.0,30.17127581490958,0.07960189386169404,0.08218985773325736,0.0864419550299741,0.08066507651809826,0.07022023573051348,0.08459097238910025,0.06987003462478414,0.06328455666891433,0.05439744238930077,0.09839192728362223,0.06869150468121381,0.0928162054063506,0.0688383376831765
32,32.0,31.376536153543515,0.07885594214021571,0.0828941641120219,0.08722300862581024,0.07996472713039596,0.0697142600533474,0.08465975105810053,0.07003516715421744,0.06261707894247638,0.05438131148444702,0.09906133481323254,0.06860427198669022,0.09349972476606186,0.06848925773298273
33,33.0,32.567505096778625,0.07805123486639086,0.08327833298596894,0.08741217955130262,0.07978342751215674,0.06967312334033135,0.08490441903348508,0.06938214755765619,0.06258793208712654,0.054288420032365045,0.09945515666549268,0.06918526669461326,0.09389276874072086,0.06810559093238976
34,34.0,33.74370209472243,0.07760822303006809,0.08330094981760712,0.08786723890707179,0.08005671023087987,0.06926594405243565,0.0850576906629647,0.06927699879895087,0.0629038673184313,0.0538846383142902,0.09863213366050769,0.06938583442782129,0.09444534165893606,0.06831442912003534
35,35.0,34.90484237192463,0.0776795030663162,0.08344415967600537,0.08729272768933333,0.07963594138018766,0.06941878105998919,0.08462936695920015,0.07058144567260916,0.06313850669568635,0.053970043694419656,0.09870176649017556,0.06878689414023947,0.0941359271286366,0.06858493634720125
36,36.0,36.05082019768737,0.07704666562615631,0.0837742835701023,0.08749434609859244,0.07961225003082353,0.06963980996361081,0.08474424311641766,0.07018442355700479,0.06351192204701078,0.05357765372758001,0.09887464947909913,0.06888233562558871,0.09384681474535304,0.06881060241266042
37,37.0,37.18169203889697,0.07718776049233701,0.0840124882448231,0.08773004547413761,0.07916460493374333,0.06935302118487432,0.08533728012844814,0.07033112353925501,0.0639331588305416,0.05365430356491907,0.0989597078282495,0.0684682029127822,0.09324167751828982,0.06862662534759925
38,38.0,38.29765977559663,0.07675648892073585,0.08398453185028498,0.08778231091797373,0.07925973087018136,0.06911491957369217,0.08492298248540503,0.07051717953512629,0.06384231162297954,0.05356561323756845,0.09911576157462716,0.06898785688231567,0.09346215295737548,0.06868815957173424
39,39.0,39.399054140870355,0.07740349203086808,0.08425863592706684,0.0883753165533458,0.0786626056189002,0.06919096242783206,0.08397629406715457,0.06991375855391531,0.06388634190770956,0.054100881745418924,0.09929245268644835,0.0691176274707325,0.09307544133790278,0.06874618967270499
40,40.0,40.48631852820801,0.07709262675551967,0.08389693969493245,0.08816043276346348,0.07881667676948881,0.0690750864636138,0.08445424544206794,0.06956075456004655,0.0638183657825164,0.05432669608951869,0.10001222571279672,0.06867777497252756,0.09258416719784819,0.0695240077956597
41,41.0,41.55999329152982,0.07695089737035414,0.08445271212609212,0.088239173857204,0.07854687854995407,0.06932573750275918,0.08376308327681066,0.06934825112778001,0.06337805720569364,0.054773587295687515,0.10050689987784116,0.06844037344051268,0.09219874541742257,0.0700756029518882
42,42.0,42.62070064560415,0.07701364213819098,0.08406977990984678,0.08911073795864649,0.0780735484229442,0.06910188459153908,0.08361319953550811,0.06902509363230262,0.0632894836600008,0.05530809870893445,0.10042728070033831,0.06883399879492673,0.09199364594217582,0.07013960600464558
43,43.0,43.669130257815,0.07712721414216273,0.08380180501890878,0.08890964674452329,0.0783018340268044,0.06954888530278173,0.08293650094330852,0.06902252146086273,0.06293865181596082,0.05590260983269545,0.10045365847528173,0.06855192004628977,0.09234781449077419,0.0701569376996458
44,44.0,44.70602560622662,0.07767094980586811,0.08361507323648534,0.08932456220763801,0.079126897296301,0.07058474463872627,0.08157907436082577,0.06826662997102498,0.06271577887472274,0.056230741412547226,0.1003799887375063,0.06807979227461314,0.09201096818395291,0.07041479899978814
45,45.0,45.73217116373481,0.07820358223624001,0.08356586391569346,0.0899936053809645,0.07914246365261929,0.0706376048542138,0.08146325261354684,0.06869299981965436,0.06251126756494342,0.05629092695138889,0.09954704477592931,0.06788506445759142,0.09135918018135682,0.07070714359585786
46,46.0,46.748380453854836,0.07857623526987281,0.08413654583713326,0.09044125678020254,0.07806582169773957,0.07099687410316693,0.08154742575160903,0.0677455491367145,0.062397526940286926,0.056291859694942555,0.09959953127922974,0.0685443018693214,0.09112363331020883,0.07053343832957192
47,47.0,47.755485010424316,0.07915125009149011,0.08439675259197173,0.09091067082766986,0.07739254056434475,0.07047467031646529,0.08149178586674513,0.06811915698790595,0.06300343175222747,0.05646914495016947,0.09917425377156736,0.06876909067168827,0.09078433146296054,0.06986292014479405
48,48.0,48.7543242612326,0.07905144148471464,0.08501241673386956,0.09068338001621719,0.07715143266518423,0.07034420418848066,0.08125083389016977,0.0680688128161013,0.0633052350769148,0.05604321201891143,0.09852072540541126,0.06910767701361162,0.09144277445381835,0.07001785423659522
49,49.0,49.745736344347726,0.0790738579266691,0.08564983431762019,0.08979731089653434,0.0764108417796342,0.06952437236644302,0.08186933587535482,0.06761271723732824,0.06422938591630657,0.05603595264502218,0.09897240900472494,0.06964326369606866,0.0912925694473434,0.0698881488909504
50,50.0,50.730549855707864,0.07895698410630306,0.08456004269483688,0.0897454034066344,0.07651947666187141,0.06924330430400057,0.08176990887664357,0.06830854729092208,0.06465990113486558,0.05608899426245453,0.09915844919303887,0.069700286681297,0.09111990954657315,0.07016879184055894
51,51.0,51.70957651737491,0.07908533828658851,0.08475798033280511,0.08900719453258636,0.07661170234230584,0.06890204602419046,0.08178387405723271,0.0677407180184122,0.06459475563637883,0.056230984409320714,0.09896645707399229,0.06993132639933268,0.09199696250485313,0.07039066038200122
52,52.0,52.68360474770151,0.07971848068735532,0.08431844599096691,0.08823021796767919,0.0768665989860079,0.06844885281720947,0.08252587373363549,0.06718603408451425,0.06475599622753762,0.056632959571887145,0.09801411108183924,0.07050388328778781,0.09244746027911555,0.07035108528446415
53,53.0,53.65339410751842,0.07935149546438837,0.08468020213045674,0.08866143597063655,0.07673704493250794,0.06870673317147193,0.08211306425598963,0.06673362057554441,0.0651388235856914,0.056785955091876325,0.09783716459530023,0.07000719804179191,0.09246322181627589,0.0707840403680687
54,54.0,54.61967059027847,0.07955224811679777,0.0841493910798562,0.08873058026397966,0.07630105664704906,0.06912801893208056,0.08219054659350315,0.06652467465611027,0.06570473685534652,0.056603717060196554,0.09787100402820673,0.07001387900047763,0.09296385885302734,0.07026628791336859
55,55.0,55.58312271885972,0.08027767198687488,0.08395287232609464,0.08878304603616571,0.07575798579049892,0.06986047861101433,0.08234191245758363,0.06628612686199603,0.06569018921394347,0.056987587985083785,0.09705639531633112,0.07042788780268898,0.09226913204019518,0.07030871357152933
56,56.0,56.544398407394254,0.08047675530842023,0.08376208669485793,0.0884671301697915,0.07549246095338678,0.07016233033023601,0.08325383349563613,0.06553630419026545,0.06586427685515525,0.05669910311189113,0.09640750590648907,0.07091478666992661,0.0925217096677455,0.07044171664619836
57,57.0,57.504102543001395,0.08054541163246565,0.08371288691121553,0.0886755153463959,0.07573423796176477,0.0700341979827107,0.08383286041995001,0.06618225639779217,0.06570613264062447,0.05638222465099461,0.09559756941556095,0.07131063163817043,0.09181567320325859,0.07047040179909617
58,58.0,58.462795239617805,0.08071133073206585,0.08394517228914078,0.08759041345652262,0.07578008228726507,0.06963470615802478,0.08378689521348091,0.0663611652831868,0.06533768537212625,0.05657528828577474,0.09511466097493058,0.07229747456026009,0.09184134257439636,0.07102378281282513
59,59.0,59.42099071417639,0.08033583533613059,0.08295396190335848,0.08652399599917512,0.0758030657797881,0.07079360415238883,0.08403942671713198,0.06682841775831176,0.06518443435331345,0.056523700711661275,0.09567802867623598,0.07265666003896225,0.0921093395366304,0.07056952903691174
60,60.0,60.379156734137354,0.0799308057400989,0.08243157075713578,0.08633722072402784,0.07563226471539843,0.07095777476553787,0.08498241553461414,0.06619436759250413,0.06461916374452494,0.05681248918797729,0.09652737856234589,0.0724218367651394,0.09228080508483788,0.0708719068258575
61,61.0,61.337714584760846,0.07959572581854928,0.08232114846315852,0.0861812800867974,0.07550255528958154,0.07081463790099948,0.08553947464047065,0.06648551063271047,0.06422112773404007,0.05709399521347698,0.09692458194839274,0.07153748336383227,0.09250455598574203,0.07127792292224853
62,62.0,62.29703950447439,0.07942982368117932,0.08209347528574103,0.08588655057538805,0.07595446423209436,0.07076406007668187,0.0847525355351745,0.06635930045014829,0.06462211174506247,0.05725798202288728,0.09743558316051111,0.071595336038486,0.092429833361693,0.07141894383495269
63,63.0,63.257461537171835,0.08020973355059471,0.0831371512458781,0.08630104688568303,0.07624790025717493,0.06995253094873903,0.08419310109179089,0.06592238532868212,0.06474070661480352,0.057754687141204616,0.09694305422066031,0.0712095395234388,0.09245838674755784,0.07092977644379207
64,64.0,64.21926675122782,0.07970121882365036,0.08320973622650535,0.08657957760476022,0.07698910207870205,0.06978152146474745,0.08368902941191417,0.06676017933915103,0.06473571141162968,0.057739659036155744,0.09730216772783919,0.07148232234457866,0.09221559512257088,0.06981417940779519
65,65.0,65.18269877636592,0.07928918241661831,0.08323440412271756,0.08660552611688066,0.07678055798184907,0.06865848427732979,0.08367469518688579,0.06709872678173838,0.06397270973077618,0.05801452040758861,0.09822123705594137,0.07151739845011604,0.09277561889368648,0.07015693857787174
66,66.0,66.14796061122655,0.07984418187125349,0.08306587097207353,0.08613583125831803,0.07696679348898633,0.0683006690721702,0.08270637042211124,0.06670563503262981,0.06473390232042481,0.058242822282805314,0.09876635013183847,0.07178581023147525,0.09269011299805284,0.07005564991786066
67,67.0,67.11521665648885,0.07921362126940758,0.08370409176826109,0.0867421305675154,0.07702608528561583,0.06789905889489332,0.0827335537497294,0.0672336252157051,0.06402851454993792,0.058153587083958465,0.09892397930841848,0.07126493988781675,0.0925825876475805,0.0704942247711602
68,68.0,68.08459493066005,0.07940713492172856,0.08363366814142266,0.08686606672222898,0.07661443497964371,0.06713410424873596,0.08310287723576795,0.06741212428409966,0.0641379477623751,0.057541668186237245,0.09916689923097458,0.07103526279643654,0.09318961879206192,0.07075819269828719
69,69.0,69.05618942810752,0.07950970692104496,0.08521772163039029,0.08670890712915089,0.07674053193524434,0.06654126825467196,0.08298725396812746,0.06675966607614439,0.06460543654192168,0.05709323339664089,0.09922034819696313,0.0716686055297175,0.09282652121753697,0.07012079920244559
70,70.0,70.03006258152917,0.0797791867782465,0.0839856330027376,0.08718120650186491,0.07637130671147936,0.06714439230823023,0.08334321586369435,0.06642031378101662,0.06368446014289825,0.05734025946899811,0.09957180162807551,0.07264054862912632,0.09275330396767441,0.06978437121595787
71,71.0,71.00624779379335,0.0793913013870019,0.08416691751250072,0.08762866968437964,0.07695937452845933,0.0666449211260281,0.08327529129914259,0.06592899649275558,0.06326469694376381,0.05764602503223354,0.0997849682459244,0.07257827727124068,0.092743676788989,0.06998688368758077
72,72.0,71.98475200689319,0.07990692866841183,0.08506875462115807,0.08825799623454605,0.07740062921394186,0.0659628797939603,0.08250677383501889,0.06604665695138634,0.06277480476194021,0.057514622668192,0.0994172509285083,0.07211035086471813,0.09309332975499714,0.06993902170322092
73,73.0,72.96555827861411,0.08001435384237067,0.08524412019855156,0.08903024141602323,0.07760465283419891,0.06510370024245159,0.08257950395171612,0.06566745222475301,0.06346496491113286,0.05778926437635648,0.09949191905089182,0.07163749120256192,0.09239762972835369,0.06997470602063821
74,74.0,73.94862834037681,0.07966834829288649,0.08507316230979145,0.08881129727874464,0.07733091346963739,0.06537995589093579,0.08286673997276374,0.06613076401116767,0.06361760407086628,0.05777624248761253,0.10091964518053421,0.07094350201931501,0.0919900667691856,0.06949175824655929
75,75.0,74.93390511255946,0.08078023239826089,0.08574042419165176,0.08852892732724019,0.07641797114838506,0.06567308707752136,0.08261196179319642,0.06682713822837494,0.06322651072656832,0.05735758017028318,0.10121960433167954,0.07066989414953254,0.09126155196144134,0.06968511649586459
76,76.0,75.92131515639825,0.08090163388385532,0.08529788625952787,0.0878030036907544,0.07601712922992308,0.06570068700368777,0.08347400242026287,0.06655748902144609,0.06301787080742276,0.057166672424928844,0.10209913183947919,0.07082671985036804,0.09193618198288737,0.0692015915854565
77,77.0,76.91077104428919,0.08148252318733566,0.08479042855189978,0.08802106538175435,0.07625178207293996,0.0655247924497698,0.08335516231931848,0.06636087543493797,0.06261882860175555,0.05755685556011949,0.1032895630335006,0.06967863331925457,0.09253232064772887,0.068537169439685
78,78.0,77.90217363294813,0.08181143010747244,0.08433715731315797,0.08766212374787159,0.07676644201021564,0.06523291193028277,0.08283066218224136,0.06586083903317762,0.062347208746420926,0.057990949693721525,0.10399989387991988,0.06999587257964442,0.09337836354543616,0.06778614523043781
79,79.0,78.89541422641172,0.08120047228596447,0.08404369586352431,0.08853727154989424,0.0775899597656166,0.06571012734944393,0.08283189517794713,0.06525503724525678,0.062307987694085125,0.057784345633308865,0.10296939043717698,0.07036691560349943,0.09384456514654403,0.06755833624773822
80,80.0,79.89037661826481,0.08104224763806993,0.08341890277323692,0.08846396750184314,0.07755674204139676,0.06563874822789463,0.0840584638421291,0.06557230283313677,0.06217785270500365,0.05778585443349236,0.10218574194809553,0.07068800274892381,0.09399632001118854,0.06741485329558897
81,81.0,80.88693900474995,0.08057972717711567,0.08357670453234442,0.08882878705196483,0.07772844197958963,0.06612027071537921,0.08446767262620405,0.06489178300279863,0.06208628689919483,0.057718735459001136,0.10238720850462092,0.07062758408917355,0.09286977232206232,0.06811702564055085
82,82.0,81.88497576253909,0.08154083235596135,0.08339746070398739,0.08937957361906848,0.07766320387383215,0.06599673173521932,0.084972352268891,0.06445986937325668,0.061669304722326714,0.05778612239352356,0.10294034409527524,0.0698085485432478,0.09265038965872781,0.06773526665668256
83,83.0,82.88435908692391,0.08245712552551833,0.08286351776411831,0.08969967277768767,0.07849107525839985,0.0660813273843658,0.08497448316526879,0.06419554156578912,0.06071655292790269,0.05785430854814003,0.10322192132401764,0.0692519157268102,0.09225997576223131,0.06793258226975027
84,84.0,83.88496048800103,0.08290220698611388,0.08258208667850442,0.08896669027331709,0.07822725852477812,0.06598991567964055,0.08519008655238564,0.06447264554278478,0.060682385751234254,0.05782174326859722,0.10299410520213606,0.06927060213992008,0.09261284790705822,0.0682874254935297
85,85.0,84.88665214409042,0.08306990623852398,0.08227507074441995,0.08932248286399855,0.0774893110404265,0.06650586875405502,0.08453621007356558,0.06468830790276417,0.061133458926518155,0.05735073219070668,0.10366746882353757,0.06955311073508959,0.09190794586796118,0.06850012583843308
86,86.0,85.88930811312994,0.08310633876409974,0.0829782841942352,0.08899067012844487,0.07647993100277052,0.0672056330343428,0.08492776176075231,0.06405719064884598,0.06118573827343385,0.05736877989888285,0.1036052710014211,0.06899617061181558,0.09208045153702803,0.06901777914392719
87,87.0,86.89280540413424,0.08353554622265016,0.08392877338938134,0.08846621261546123,0.0764176894634217,0.066433057604986,0.08485407081869374,0.06463367803989183,0.06113181671834219,0.05692904514986892,0.10356799185145753,0.06920070199361417,0.09225676752857759,0.06864464860365357
88,88.0,87.89702491199675,0.0827126273557075,0.08270180939357924,0.08874756343997672,0.07532396186867552,0.06869530012555349,0.0853041147193912,0.06439065789504238,0.06100538838117189,0.05668465769950666,0.10513293289987805,0.06820209688193102,0.09180180948081706,0.06929707985876926
89,89.0,88.90185221995306,0.08308044948503199,0.08303818090481946,0.08844442302080838,0.07512404583455673,0.06801193256512165,0.08556900379812446,0.06506939994216705,0.0608244517998825,0.0562448427084944,0.1053056635520917,0.06836486166689511,0.09119165587698767,0.06973108884501888
90,90.0,89.90717827491419,0.08269758558151666,0.08278269392033932,0.08928883123572909,0.07437909976268646,0.06833088058278473,0.08573579463921245,0.06490026256291286,0.061325499619613845,0.055945738076649806,0.10536713405763977,0.06827915490186898,0.09148801618016975,0.06947930887887628
91,91.0,90.91289994163006,0.08271587242872094,0.08326549092285057,0.08869891478314845,0.07460594146798474,0.06828664585789894,0.08618313199229716,0.06495827026880739,0.06133857686074596,0.05572150903233449,0.1052111044625533,0.06793336852479866,0.09196782190256186,0.06911335149529754
92,92.0,91.91892044225806,0.08303113083347773,0.08321685216875574,0.08854138504459505,0.07492844657161497,0.06929749818942135,0.0858808705657366,0.06464118140394225,0.061152875393177625,0.05569198386746871,0.10510640754012285,0.06715839876729998,0.09188067657746063,0.06947229307692654
93,93.0,92.92514968840067,0.08268299128947193,0.08351864207275886,0.08826989096330908,0.07501324485962745,0.06916250024712761,0.08526411411944311,0.06492113242822145,0.06104616149855686,0.05579064054494262,0.10508887061027596,0.06772044390250853,0.09245546242213383,0.06906590504162274
94,94.0,93.93150451304501,0.08269654561310179,0.08416156005352876,0.08909035256987069,0.07406386726194918,0.06834969413396752,0.08494577868558073,0.06454951365935324,0.06115709084884131,0.05540084977368586,0.10594969264727079,0.06733552872380824,0.0935272363099132,0.06877228971912873
95,95.0,94.93790881009448,0.0822038498902716,0.08489145528956728,0.08907397308751613,0.07438605668963691,0.0678376606720798,0.08439093199441877,0.06480826051602966,0.06142033331257036,0.05522074461834036,0.10627196479640037,0.06694209117853336,0.09318759270303197,0.06936508525160348
96,96.0,95.94429358933806,0.08183230130474008,0.08504284148727205,0.09045910626964881,0.07379278319115,0.06729782547375546,0.08360456387253785,0.06489063588593458,0.06125424109741417,0.05512071514230436,0.10694808585069221,0.06707614594493323,0.09331319617931703,0.0693675583003002
97,97.0,96.9505969547639,0.08099004704833415,0.08585694633648962,0.09095808221940402,0.07314038191320656,0.06765781520872202,0.08391411107709625,0.06463285142016811,0.061161563651294146,0.054484957392815905,0.10637168327392696,0.06758022733422045,0.09359861746471212,0.06965271565960969
98,98.0,97.9567640140995,0.0814419078065014,0.08510167914736126,0.09083038355425899,0.07328746840784248,0.06786518561978783,0.08309545621765427,0.06446416728560522,0.061094220231809764,0.05486387674643431,0.10549601264311848,0.06750736597175075,0.0948135328620068,0.07013874350586848
99,99.0,98.96274672736057,0.08020299209714646,0.08469953961026426,0.09126755577611356,0.07353736268190864,0.06831585849032004,0.08296537563604343,0.06402217999787106,0.06110134226281982,0.05496423116420427,0.1061753627019739,0.06783916401664035,0.09523468224248227,0.06967435332221196
100,100.0,99.96850370202192,0.07997873038159047,0.08443088915327396,0.09148198376306292,0.07332992632730019,0.06769671412748268,0.08347558368489633,0.06312662998248203,0.061068996077777,0.054849438829700996,0.10699848511169835,0.06851066365685478,0.09530298002545416,0.06974897887842618
101,101.0,100.97399994219691,0.0794545735891031,0.08459609582196918,0.09157585684114798,0.07360500286710736,0.06772333804905667,0.08268368731317344,0.06306125891423303,0.06162432771028381,0.054678767614143475,0.10727396374674256,0.06802923802984139,0.0952577422202253,0.07043614728297275
102,102.0,101.97920655893245,0.07847117963390272,0.08431889998654081,0.09182978239916934,0.07332130061629603,0.06824403048164603,0.08321419370526552,0.06250383329001503,0.06155327001821814,0.05472320124625919,0.10770026335828567,0.06854401259616326,0.0958289999724451,0.0697470326957932
103,103.0,102.98410044840509,0.07758477294922966,0.08490304833758978,0.09243990052025172,0.07357584020178612,0.068240071788834,0.08208028843236506,0.06225248855825764,0.06207763239471315,0.05445478073452656,0.10745659549590317,0.06965642383761506,0.0957501033285677,0.06952805342036043
104,104.0,103.98866394444643,0.07823572663862406,0.08449432070938294,0.09343068511205442,0.07456323426393213,0.06758906642102544,0.08205114497419423,0.062222063855570636,0.06153474694210076,0.05415623199190592,0.10695093519796955,0.07047652616606614,0.09478728333175955,0.06950803439541428
105,105.0,104.99288445143917,0.07743457179342401,0.08439545917913964,0.09364649792855613,0.07440998388725202,0.06792447187690004,0.08245805107818843,0.06323312095435676,0.061907077821658274,0.05476718121321464,0.10655270228363223,0.07016862541555283,0.09415786445445307,0.06894439211367195
106,106.0,105.99675406321822,0.0766866868101031,0.08407577464449653,0.09351507562417462,0.07404607187182022,0.06754190557212686,0.08309008592980062,0.06307828081215809,0.061549912494433506,0.05454156658685404,0.10700790528857874,0.07054720041011374,0.09556781677768822,0.06875171717765179
107,107.0,107.0002691731872,0.07696436837935113,0.083463596825706,0.0932670486282725,0.07461063956934358,0.06659030302011401,0.08456123497027279,0.06392218393306806,0.061034998883271,0.05415013084057684,0.1069531602315085,0.07123022673337728,0.09486313943171196,0.0683889685534264
108,108.0,108.0034300804274,0.07683960121109881,0.08371664849942795,0.09281759517132557,0.07466749230009609,0.06645126500468612,0.08488717734496334,0.06319094233784273,0.06058882037889645,0.054260629845537575,0.10811437110720871,0.0719218142598983,0.09452193465895944,0.06802170788005893
109,109.0,109.00624059613932,0.07763712029961996,0.08301240895386715,0.09231740413443136,0.07576817700750883,0.06632936384169297,0.0847499024001843,0.062481460798304245,0.060365062093572126,0.05445373231194551,0.10958561567469051,0.07135615631343803,0.09387548459182911,0.0680681115789159
110,110.0,110.00870765431864,0.07757533094997503,0.08229588753790082,0.09201700594359159,0.07548841499519433,0.06548951941368211,0.08489293543514563,0.06209973661421174,0.059634743492671255,0.054756551748750625,0.1110061360429735,0.07185858831663569,0.09439868818630681,0.06848646132296084
111,111.0,111.01084093013685,0.07690326031049588,0.08323673632608368,0.09319022867819295,0.07531301154881548,0.06502532961444905,0.08430896990338088,0.061774109384124615,0.05926200056466523,0.055128263303777764,0.11100813706861554,0.07256091864834083,0.09411416870266272,0.06817486594639537
112,112.0,112.01265246907188,0.07689854763116101,0.08339900571320272,0.0945588873269323,0.0751715870565052,0.06463223234337388,0.08470990986443538,0.06142219808235546,0.05853677329341103,0.0550173273309438,0.11193627837651478,0.07209834897813697,0.09389633854689867,0.06772256545612881
113,113.0,113.01415632942268,0.07710339982923305,0.0834181631030031,0.09508407194634674,0.0758402932002491,0.0641882416196843,0.08441391069530532,0.060542226288826634,0.058329185557059696,0.054876437052356716,0.11208884619570722,0.07223560668338748,0.09417776981010346,0.0677018480187372
114,114.0,114.01536824044418,0.07625755969624376,0.08466613121799638,0.09567490419439274,0.07489716121247268,0.06479100204994866,0.08426650588658866,0.060296931983121714,0.05822021523496507,0.05497232616496987,0.11261898904865748,0.07123097746570407,0.0932950103055021,0.06881228553943684
115,115.0,115.01630527795908,0.07594806803988141,0.08478280667951395,0.09591641190170139,0.07443969918695917,0.0650688082096673,0.08435179764723659,0.060405461987388984,0.057723196088766505,0.05522803792969428,0.11251049379214353,0.07148633892453571,0.09417984117474687,0.06795903843776435
116,116.0,116.0169855589429,0.07595408565015765,0.08487624658203358,0.09635250667166335,0.07442271886243894,0.06427105315068714,0.0837895961994787,0.060227688974709204,0.05759640095075687,0.055110677355040605,0.11297698737554807,0.07218883163731893,0.09425688475218909,0.06797632183797787
117,117.0,117.01742795623892,0.07552649890134477,0.0851124891922181,0.097224741419525,0.07437383895640448,0.06431662787827237,0.0830457947317274,0.05960371752924224,0.05696418122550379,0.055398510562545515,0.11376246051250219,0.0716663012072286,0.09559722826599454,0.067407609617491
118,118.0,118.01765183424293,0.07592211917684485,0.08533205055407404,0.09802286369851895,0.07409177375126383,0.06427120370005125,0.08217343921514958,0.06008837893225885,0.057062794145006396,0.05540927742511345,0.11272242060271272,0.071774896380801,0.09565139387686307,0.06747738854134198
119,119.0,119.01767680610413,0.0764197975210642,0.08652718276485809,0.09860810135768239,0.0736417443776635,0.06455704658656367,0.08182015444554967,0.05992607729738182,0.057529249429574346,0.054964496716611085,0.11264310462268248,0.07140876293720243,0.09541733286080373,0.06653694908236259
120,120.0,120.01752251271817,0.0769314041000905,0.08637204567698281,0.0994199691709365,0.07374451151739056,0.06483196701470721,0.08270356444489332,0.05930805679736688,0.05730852747337023,0.054841990777277805,0.11202653511555977,0.07089115293947292,0.09481274921858288,0.06680752575336867
121,121.0,121.01720842354362,0.0772208366508366,0.08557348812578484,0.09954884571875625,0.07378079652783151,0.06487536741320445,0.0831681486713671,0.059490623645551716,0.05767667529527064,0.0548021109466749,0.11199303903011146,0.0708001986737353,0.09397634555145148,0.06709352374942382
122,122.0,122.01675365905109,0.07833386633366911,0.08462202995095046,0.09937580078971772,0.07373562973896125,0.06451889949144327,0.08314990793086185,0.06004558751074143,0.05712829495301277,0.054506693309962044,0.11192764716783653,0.07105220189013094,0.09301692627492979,0.06858651465778286
123,123.0,123.0161768344173,0.07834786006133324,0.08344732267706896,0.10051574698544073,0.07429035282573401,0.06416342361974575,0.08374330642319505,0.059408378544763774,0.057349158378001114,0.054193254366735194,0.11170125124944866,0.07110892178753839,0.09372315691474278,0.06800786616625236
124,124.0,124.01549592390272,0.07890619279406177,0.0827629863155362,0.10046050668514492,0.074405462508512,0.06436251751513067,0.08349332030544597,0.05962853751571353,0.057100958486971345,0.05504357796931742,0.11227427775749922,0.07022752488267661,0.09320497698209411,0.06812916028189626
125,125.0,125.01472814520056,0.07883901385806041,0.08242970627986407,0.10071670577762787,0.07434743030698582,0.06424312047342684,0.08394760012331338,0.059163645889174735,0.05732568165528662,0.05482922340232034,0.11218317899999976,0.07034266591949218,0.09328779609245522,0.06834423122199279
126,126.0,126.01388986291661,0.07808843157774574,0.08216492600437374,0.1004848073234555,0.07488931184120899,0.06325919118370456,0.08528335440156828,0.06007840170459716,0.057345348221775456,0.05447346671267604,0.11232721946832541,0.07077239727918493,0.09242183723977149,0.06841130704161276
127,127.0,127.0129965102319,0.07851770229762402,0.08241102591599091,0.1001380688684948,0.0744150981251436,0.06347961367859904,0.08600153749521627,0.05997517922413167,0.0572416050181337,0.05467837393609832,0.11066624090463872,0.0716706943879467,0.0918023851474882,0.06900247500049415
128,128.0,128.01206252771334,0.07902979943816191,0.08199753209268289,0.10033671716409734,0.0736355701924695,0.06394850454863522,0.08496980766710942,0.06006583437551204,0.0571059405640602,0.054654633825540415,0.11022676518948758,0.07166867906463871,0.09180019062429555,0.07056002525330932
129,129.0,129.0111013181695,0.07832285994982117,0.0812575134392784,0.1002665832350514,0.07411135194091557,0.06472441843771916,0.08589229713756225,0.06002513734950256,0.05696494259364798,0.054772296000022314,0.1102812770993096,0.07200768911775975,0.09062150227791803,0.07075213142149189
130,130.0,130.01012521639834,0.07804847664311762,0.08137221132301264,0.10168661255543464,0.07418757679591659,0.06436815106283335,0.08552768160404227,0.060546573314470345,0.056616893917245,0.054610079146565044,0.10979525570916773,0.07106430222503271,0.09113733880622853,0.0710388468969336
131,131.0,131.0091454726403,0.07737208827389143,0.08099424389552386,0.10048254028470854,0.07402975744231333,0.06401185862976344,0.08569281495935789,0.06127405947336305,0.057261566226640116,0.05513877824526983,0.11066255033789,0.07046737725618298,0.0919425137462562,0.07066985122883938
132,132.0,132.0081722485317,0.07723999043467532,0.08188340983049033,0.10081404802705936,0.07312639708564501,0.06387404420300218,0.0856295316405347,0.060787258034455616,0.05726342344876059,0.0548081453951019,0.11123820708931448,0.0707573430777133,0.09252504911685597,0.07005315261639128
133,133.0,133.00721462434865,0.07888848142541083,0.08114689584367958,0.10095123489952477,0.0724936383127083,0.06314158505156464,0.08562010193277188,0.06037646649443385,0.05705542682151028,0.05432539851346299,0.11090287579066731,0.07131701970648366,0.0932176626166849,0.07056321259109705
134,134.0,134.0062806163404,0.07923330755866374,0.08069513690890491,0.09949711252153119,0.07238426838543315,0.0632730149977297,0.08567405949835395,0.06023273022986117,0.0572734228404684,0.05408977841512033,0.11166902106734819,0.07046091138505053,0.09514479734706807,0.07037243884446667
135,135.0,135.00537720296956,0.07993232339245931,0.07930532622825635,0.09933381331515227,0.07223294360406839,0.06277244710405513,0.086656567471603,0.060015341538460235,0.05791837923075303,0.05402337268264466,0.11296700351830172,0.06988989561813594,0.09487146775460789,0.07008111854150209
136,136.0,136.00451035890612,0.07991242150800117,0.07862659400135001,0.0986828879421665,0.07236257148838374,0.062337276365945236,0.08769266430121667,0.05940314281755524,0.05875385026441002,0.05409789223595851,0.11215635315952213,0.07008755933991337,0.09536089869323629,0.07052588788234118
137,137.0,137.00368509565993,0.08018250923680714,0.07834565148179169,0.0991419858255907,0.07165487677545952,0.06292788855076602,0.08812569605225913,0.05972384622301446,0.05845211878902138,0.05412794992294524,0.11218456888846963,0.06972228841826958,0.09504111995555356,0.07036949988005202
138,138.0,138.0029055077818,0.08008912816583563,0.07806511417161657,0.1003322798228043,0.07188078050525594,0.06282471592057531,0.08752184943659132,0.05938699672131014,0.058142091981826176,0.053832331962368245,0.11185386170391572,0.06945802068290938,0.09617717768501877,0.07043565123997257
