,Unnamed: 0,Total_iterations,Intertwine_two,Add_vertex,Delete_vertex
0,0.0,0.0,0.33333333333333337,0.33333333333333337,0.33333333333333337
1,1.0,0.10900000000000001,0.33333333333333337,0.33333333333333337,0.33333333333333337
2,2.0,0.31601,0.33333333333333337,0.33333333333333337,0.33333333333333337
3,3.0,0.6191589000000001,0.33333333333333337,0.33333333333333337,0.33333333333333337
4,4.0,1.015801321,0.33333333333333337,0.33333333333333337,0.33333333333333337
5,5.0,1.50262148669,0.33333333333333337,0.33333333333333337,0.33333333333333337
6,6.0,2.0757334209441005,0.33333333333333337,0.33333333333333337,0.33333333333333337
7,7.0,2.7307768275633495,0.33333333333333337,0.33333333333333337,0.33333333333333337
8,8.0,3.4630081252450404,0.33333333333333337,0.33333333333333337,0.33333333333333337
9,9.0,4.2673862119061114,0.33333333333333337,0.33333333333333337,0.33333333333333337
10,10.0,5.138652627782014,0.33333333333333337,0.33333333333333337,0.33333333333333337
11,11.0,6.071405875792507,0.33333333333333337,0.33333333333333337,0.33333333333333337
12,12.0,7.060169740244025,0.33333333333333337,0.33333333333333337,0.33333333333333337
13,13.0,8.099455520847952,0.33333333333333337,0.33333333333333337,0.33333333333333337
14,14.0,9.183818168183006,0.33333333333333337,0.33333333333333337,0.33333333333333337
15,15.0,10.307906369102724,0.33333333333333337,0.33333333333333337,0.33333333333333337
16,16.0,11.466506686239443,0.33333333333333337,0.33333333333333337,0.33333333333333337
17,17.0,12.654581904800096,0.33333333333333337,0.33333333333333337,0.33333333333333337
18,18.0,13.867303782456686,0.33333333333333337,0.33333333333333337,0.33333333333333337
19,19.0,15.100080434523047,0.33333333333333337,0.33333333333333337,0.33333333333333337
20,20.0,16.348578617037543,0.33333333333333337,0.33333333333333337,0.33333333333333337
21,21.0,17.608741195130214,0.33333333333333337,0.33333333333333337,0.33333333333333337
22,22.0,18.876800103462312,0.33333333333333337,0.33333333333333337,0.33333333333333337
23,23.0,20.14928511992658,0.33333333333333337,0.33333333333333337,0.33333333333333337
24,24.0,21.423028783545156,0.33333333333333337,0.33333333333333337,0.33333333333333337
25,25.0,22.695167792966423,0.33333333333333337,0.33333333333333337,0.33333333333333337
26,26.0,23.963141223515898,0.33333333333333337,0.33333333333333337,0.33333333333333337
27,27.0,25.224685898775267,0.33333333333333337,0.33333333333333337,0.33333333333333337
28,28.0,26.477829247520948,0.33333333333333337,0.33333333333333337,0.33333333333333337
29,29.0,27.720879968916847,0.33333333333333337,0.33333333333333337,0.33333333333333337
30,30.0,28.95241681848399,0.33333333333333337,0.33333333333333337,0.33333333333333337
31,31.0,30.17127581490958,0.33333333333333337,0.33333333333333337,0.33333333333333337
32,32.0,31.376536153543515,0.33333333333333337,0.33333333333333337,0.33333333333333337
33,33.0,32.567505096778625,0.33333333333333337,0.33333333333333337,0.33333333333333337
34,34.0,33.74370209472243,0.33333333333333337,0.33333333333333337,0.33333333333333337
35,35.0,34.90484237192463,0.33333333333333337,0.33333333333333337,0.33333333333333337
36,36.0,36.05082019768737,0.33333333333333337,0.33333333333333337,0.33333333333333337
37,37.0,37.18169203889697,0.33333333333333337,0.33333333333333337,0.33333333333333337
38,38.0,38.29765977559663,0.33333333333333337,0.33333333333333337,0.33333333333333337
39,39.0,39.399054140870355,0.33333333333333337,0.33333333333333337,0.33333333333333337
40,40.0,40.48631852820801,0.33333333333333337,0.33333333333333337,0.33333333333333337
41,41.0,41.55999329152982,0.33333333333333337,0.33333333333333337,0.33333333333333337
42,42.0,42.62070064560415,0.33333333333333337,0.33333333333333337,0.33333333333333337
43,43.0,43.669130257815,0.33333333333333337,0.33333333333333337,0.33333333333333337
44,44.0,44.70602560622662,0.33333333333333337,0.33333333333333337,0.33333333333333337
45,45.0,45.73217116373481,0.33333333333333337,0.33333333333333337,0.33333333333333337
46,46.0,46.748380453854836,0.33333333333333337,0.33333333333333337,0.33333333333333337
47,47.0,47.755485010424316,0.33333333333333337,0.33333333333333337,0.33333333333333337
48,48.0,48.7543242612326,0.33333333333333337,0.33333333333333337,0.33333333333333337
49,49.0,49.745736344347726,0.33333333333333337,0.33333333333333337,0.33333333333333337
50,50.0,50.730549855707864,0.33333333333333337,0.33333333333333337,0.33333333333333337
51,51.0,51.70957651737491,0.33333333333333337,0.33333333333333337,0.33333333333333337
52,52.0,52.68360474770151,0.33333333333333337,0.33333333333333337,0.33333333333333337
53,53.0,53.65339410751842,0.33333333333333337,0.33333333333333337,0.33333333333333337
54,54.0,54.61967059027847,0.33333333333333337,0.33333333333333337,0.33333333333333337
55,55.0,55.58312271885972,0.33333333333333337,0.33333333333333337,0.33333333333333337
56,56.0,56.544398407394254,0.33333333333333337,0.33333333333333337,0.33333333333333337
57,57.0,57.504102543001395,0.33333333333333337,0.33333333333333337,0.33333333333333337
58,58.0,58.462795239617805,0.33333333333333337,0.33333333333333337,0.33333333333333337
59,59.0,59.42099071417639,0.33333333333333337,0.33333333333333337,0.33333333333333337
60,60.0,60.379156734137354,0.33333333333333337,0.33333333333333337,0.33333333333333337
61,61.0,61.337714584760846,0.33333333333333337,0.33333333333333337,0.33333333333333337
62,62.0,62.29703950447439,0.33333333333333337,0.33333333333333337,0.33333333333333337
63,63.0,63.257461537171835,0.33333333333333337,0.33333333333333337,0.33333333333333337
64,64.0,64.21926675122782,0.33333333333333337,0.33333333333333337,0.33333333333333337
65,65.0,65.18269877636592,0.33333333333333337,0.33333333333333337,0.33333333333333337
66,66.0,66.14796061122655,0.33333333333333337,0.33333333333333337,0.33333333333333337
67,67.0,67.11521665648885,0.33333333333333337,0.33333333333333337,0.33333333333333337
68,68.0,68.08459493066005,0.33333333333333337,0.33333333333333337,0.33333333333333337
69,69.0,69.05618942810752,0.33333333333333337,0.33333333333333337,0.33333333333333337
70,70.0,70.03006258152917,0.33333333333333337,0.33333333333333337,0.33333333333333337
71,71.0,71.00624779379335,0.33333333333333337,0.33333333333333337,0.33333333333333337
72,72.0,71.98475200689319,0.33333333333333337,0.33333333333333337,0.33333333333333337
73,73.0,72.96555827861411,0.33333333333333337,0.33333333333333337,0.33333333333333337
74,74.0,73.94862834037681,0.33333333333333337,0.33333333333333337,0.33333333333333337
75,75.0,74.93390511255946,0.33333333333333337,0.33333333333333337,0.33333333333333337
76,76.0,75.92131515639825,0.33333333333333337,0.33333333333333337,0.33333333333333337
77,77.0,76.91077104428919,0.33333333333333337,0.33333333333333337,0.33333333333333337
78,78.0,77.91217363294814,0.33333333333333337,0.33333333333333337,0.33333333333333337
79,79.0,78.92531422641171,0.33333333333333337,0.33333333333333337,0.33333333333333337
80,80.0,79.9398876182648,0.33333333333333337,0.33333333333333337,0.33333333333333337
81,81.0,80.95560479474996,0.33333333333333337,0.33333333333333337,0.33333333333333337
82,82.0,81.97219420563908,0.33333333333333337,0.33333333333333337,0.33333333333333337
83,83.0,82.98940273338292,0.33333333333333337,0.33333333333333337,0.33333333333333337
84,84.0,84.00699638101854,0.33333333333333337,0.33333333333333337,0.33333333333333337
85,85.0,85.02476070008039,0.33333333333333337,0.33333333333333337,0.33333333333333337
86,86.0,86.04250098023527,0.33333333333333337,0.33333333333333337,0.33333333333333337
87,87.0,87.0600422225723,0.33333333333333337,0.33333333333333337,0.33333333333333337
88,88.0,88.07722891844992,0.33333333333333337,0.33333333333333337,0.33333333333333337
89,89.0,89.09392465555527,0.33333333333333337,0.33333333333333337,0.33333333333333337
90,90.0,90.11001157239453,0.33333333333333337,0.33333333333333337,0.33333333333333337
91,91.0,91.12538968182592,0.33333333333333337,0.33333333333333337,0.33333333333333337
92,92.0,92.13997608349591,0.33333333333333337,0.33333333333333337,0.33333333333333337
93,93.0,93.15370408416393,0.33333333333333337,0.33333333333333337,0.33333333333333337
94,94.0,94.16652224392354,0.33333333333333337,0.33333333333333337,0.33333333333333337
95,95.0,95.17839336526792,0.33333333333333337,0.33333333333333337,0.33333333333333337
96,96.0,96.18929344082521,0.33333333333333337,0.33333333333333337,0.33333333333333337
97,97.0,97.19921057441852,0.33333333333333337,0.33333333333333337,0.33333333333333337
98,98.0,98.2081438889083,0.33333333333333337,0.33333333333333337,0.33333333333333337
99,99.0,99.21610243306002,0.33333333333333337,0.33333333333333337,0.33333333333333337
100,100.0,100.22310409846597,0.33333333333333337,0.33333333333333337,0.33333333333333337
101,101.0,101.22917455634668,0.33333333333333337,0.33333333333333337,0.33333333333333337
102,102.0,102.23434622287583,0.33333333333333337,0.33333333333333337,0.33333333333333337
103,103.0,103.2386572605233,0.33333333333333337,0.33333333333333337,0.33333333333333337
104,104.0,104.2421506218008,0.33333333333333337,0.33333333333333337,0.33333333333333337
105,105.0,105.24487314073255,0.33333333333333337,0.33333333333333337,0.33333333333333337
106,106.0,106.2468746763638,0.33333333333333337,0.33333333333333337,0.33333333333333337
107,107.0,107.24820731166828,0.33333333333333337,0.33333333333333337,0.33333333333333337
108,108.0,108.24892461032564,0.33333333333333337,0.33333333333333337,0.33333333333333337
109,109.0,109.24908093301401,0.33333333333333337,0.33333333333333337,0.33333333333333337
110,110.0,110.2487308141034,0.33333333333333337,0.33333333333333337,0.33333333333333337
111,111.0,111.24792839894282,0.33333333333333337,0.33333333333333337,0.33333333333333337
112,112.0,112.24672694130885,0.33333333333333337,0.33333333333333337,0.33333333333333337
113,113.0,113.24517836002519,0.33333333333333337,0.33333333333333337,0.33333333333333337
114,114.0,114.24333285326965,0.33333333333333337,0.33333333333333337,0.33333333333333337
115,115.0,115.24123856865697,0.33333333333333337,0.33333333333333337,0.33333333333333337
116,116.0,116.238941326819,0.33333333333333337,0.33333333333333337,0.33333333333333337
117,117.0,117.23648439589662,0.33333333333333337,0.33333333333333337,0.33333333333333337
118,118.0,118.23390831410754,0.33333333333333337,0.33333333333333337,0.33333333333333337
119,119.0,119.23125075735628,0.33333333333333337,0.33333333333333337,0.33333333333333337
120,120.0,120.22854644870658,0.33333333333333337,0.33333333333333337,0.33333333333333337
121,121.0,121.22582710643479,0.33333333333333337,0.33333333333333337,0.33333333333333337
122,122.0,122.22312142732582,0.33333333333333337,0.33333333333333337,0.33333333333333337
123,123.0,123.2204551018545,0.33333333333333337,0.33333333333333337,0.33333333333333337
124,124.0,124.21785085791176,0.33333333333333337,0.33333333333333337,0.33333333333333337
125,125.0,125.21532852978416,0.33333333333333337,0.33333333333333337,0.33333333333333337
126,126.0,126.2129051491715,0.33333333333333337,0.33333333333333337,0.33333333333333337
127,127.0,127.2105950551284,0.33333333333333337,0.33333333333333337,0.33333333333333337
128,128.0,128.2084100199383,0.33333333333333337,0.33333333333333337,0.33333333333333337
129,129.0,129.20635938806782,0.33333333333333337,0.33333333333333337,0.33333333333333337
130,130.0,130.20445022550373,0.33333333333333337,0.33333333333333337,0.33333333333333337
131,131.0,131.202687476941,0.33333333333333337,0.33333333333333337,0.33333333333333337
132,132.0,132.20107412846514,0.33333333333333337,0.33333333333333337,0.33333333333333337
133,133.0,133.19961137355222,0.33333333333333337,0.33333333333333337,0.33333333333333337
134,134.0,134.19829878039508,0.33333333333333337,0.33333333333333337,0.33333333333333337
135,135.0,135.1971344587497,0.33333333333333337,0.33333333333333337,0.33333333333333337
136,136.0,136.19611522468136,0.33333333333333337,0.33333333333333337,0.33333333333333337
137,137.0,137.19523676177303,0.33333333333333337,0.33333333333333337,0.33333333333333337
138,138.0,138.19449377753782,0.33333333333333337,0.33333333333333337,0.33333333333333337
139,139.0,139.19388015395072,0.33333333333333337,0.33333333333333337,0.33333333333333337
140,140.0,140.19338909118284,0.33333333333333337,0.33333333333333337,0.33333333333333337
141,141.0,141.19301324377992,0.33333333333333337,0.33333333333333337,0.33333333333333337
142,142.0,142.1927448486795,0.33333333333333337,0.33333333333333337,0.33333333333333337
143,143.0,143.19257584460232,0.33333333333333337,0.33333333333333337,0.33333333333333337
144,144.0,144.19249798248683,0.33333333333333337,0.33333333333333337,0.33333333333333337
145,145.0,145.19250292675804,0.33333333333333337,0.33333333333333337,0.33333333333333337
146,146.0,146.19258234733454,0.33333333333333337,0.33333333333333337,0.33333333333333337
147,147.0,147.19272800238002,0.33333333333333337,0.33333333333333337,0.33333333333333337
148,148.0,148.19293181189715,0.33333333333333337,0.33333333333333337,0.33333333333333337
149,149.0,149.19318592234362,0.33333333333333337,0.33333333333333337,0.33333333333333337
150,150.0,150.19348276252202,0.33333333333333337,0.33333333333333337,0.33333333333333337
151,151.0,151.19381509105733,0.33333333333333337,0.33333333333333337,0.33333333333333337
152,152.0,152.19417603582855,0.33333333333333337,0.33333333333333337,0.33333333333333337
153,153.0,153.19455912576436,0.33333333333333337,0.33333333333333337,0.33333333333333337
154,154.0,154.19495831544893,0.33333333333333337,0.33333333333333337,0.33333333333333337
155,155.0,155.1953680030106,0.33333333333333337,0.33333333333333337,0.33333333333333337
156,156.0,156.19578304178597,0.33333333333333337,0.33333333333333337,0.33333333333333337
157,157.0,157.19619874626594,0.33333333333333337,0.33333333333333337,0.33333333333333337
158,158.0,158.19661089283525,0.33333333333333337,0.33333333333333337,0.33333333333333337
159,159.0,159.19701571581928,0.33333333333333337,0.33333333333333337,0.33333333333333337
160,160.0,160.19740989934672,0.33333333333333337,0.33333333333333337,0.33333333333333337
161,161.0,161.19779056552795,0.33333333333333337,0.33333333333333337,0.33333333333333337
162,162.0,162.1981552594358,0.33333333333333337,0.33333333333333337,0.33333333333333337
163,163.0,163.1985019313585,0.33333333333333337,0.33333333333333337,0.33333333333333337
164,164.0,164.1988289167753,0.33333333333333337,0.33333333333333337,0.33333333333333337
165,165.0,165.20913491448272,0.33333333333333337,0.33333333333333337,0.33333333333333337
166,166.0,166.21931896327453,0.33333333333333337,0.33333333333333337,0.33333333333333337
167,167.0,167.2292914175544,0.33333333333333337,0.33333333333333337,0.33333333333333337
168,168.0,168.2389737122308,0.33333333333333337,0.33333333333333337,0.33333333333333337
169,169.0,169.24829804031725,0.33333333333333337,0.33333333333333337,0.33333333333333337
170,170.0,170.25720695519186,0.33333333333333337,0.33333333333333337,0.33333333333333337
171,171.0,171.26565290902707,0.33333333333333337,0.33333333333333337,0.33333333333333337
172,172.0,172.2735977383885,0.33333333333333337,0.33333333333333337,0.33333333333333337
173,173.0,173.28101210742992,0.33333333333333337,0.33333333333333337,0.33333333333333337
174,174.0,174.2878749184929,0.33333333333333337,0.33333333333333337,0.33333333333333337
175,175.0,175.29417269926464,0.33333333333333337,0.33333333333333337,0.33333333333333337
176,176.0,176.30989897496653,0.33333333333333337,0.33333333333333337,0.33333333333333337
177,177.0,177.32495363334863,0.33333333333333337,0.33333333333333337,0.33333333333333337
178,178.0,178.339253289559,0.33333333333333337,0.33333333333333337,0.33333333333333337
179,179.0,179.35273044725272,0.33333333333333337,0.33333333333333337,0.33333333333333337
180,180.0,180.36533258470456,0.33333333333333337,0.33333333333333337,0.33333333333333337
181,181.0,181.3770211825642,0.33333333333333337,0.33333333333333337,0.33333333333333337
182,182.0,182.3877707088122,0.33333333333333337,0.33333333333333337,0.33333333333333337
183,183.0,183.3975675753473,0.33333333333333337,0.33333333333333337,0.33333333333333337
184,184.0,184.4064090794754,0.33333333333333337,0.33333333333333337,0.33333333333333337
185,185.0,185.41430234239593,0.33333333333333337,0.33333333333333337,0.33333333333333337
186,186.0,186.42126325560048,0.33333333333333337,0.33333333333333337,0.33333333333333337
187,187.0,187.42731544492855,0.33333333333333337,0.33333333333333337,0.33333333333333337
188,188.0,188.43248926087455,0.33333333333333337,0.33333333333333337,0.33333333333333337
189,189.0,189.43682080261718,0.33333333333333337,0.33333333333333337,0.33333333333333337
190,190.0,190.44035098215937,0.33333333333333337,0.33333333333333337,0.33333333333333337
191,191.0,191.44312463392578,0.33333333333333337,0.33333333333333337,0.33333333333333337
192,192.0,192.44518967417628,0.33333333333333337,0.33333333333333337,0.33333333333333337
193,193.0,193.44659631365997,0.33333333333333337,0.33333333333333337,0.33333333333333337
194,194.0,194.44739632605868,0.33333333333333337,0.33333333333333337,0.33333333333333337
195,195.0,195.44764237395694,0.33333333333333337,0.33333333333333337,0.33333333333333337
196,196.0,196.4473873933258,0.33333333333333337,0.33333333333333337,0.33333333333333337
197,197.0,197.44668403682454,0.33333333333333337,0.33333333333333337,0.33333333333333337
198,198.0,198.44558417560515,0.33148847174476814,0.3328717749231048,0.3356397533321272
199,199.0,199.44413845875164,0.3261893941994678,0.3333750967748638,0.3404355090256686
200,200.0,200.44239592899595,0.3137507373872701,0.33308090931475415,0.35316835329797597
201,201.0,201.44040369292588,0.30163295987346495,0.3325117847915601,0.36585525533497515
202,202.0,202.4382066435336,0.28997509737952115,0.3317771960707072,0.3782477065497719
203,203.0,203.43584723264516,0.27858545453881767,0.33072943686088785,0.3906851086002947
204,204.0,204.4333652905191,0.267651656629704,0.32969903777766224,0.40264930559263395
205,205.0,205.43079788970047,0.25739070238063,0.3284193580952763,0.41418993952409394
206,206.0,206.4281792500667,0.24745796721811994,0.3274719220546981,0.4250701107271822
207,207.0,207.42554068189565,0.23791827150307934,0.3264371283451094,0.4356446001518115
208,208.0,208.42291056372275,0.22917081828627234,0.3252360173127646,0.4455931644009633
209,209.0,209.4203143517299,0.22118554022547915,0.3237915033142428,0.45502295646027824
210,210.0,210.41777461741904,0.21386492075165967,0.3222735118656753,0.46386156738266515
211,211.0,211.4153111103651,0.2072656219115501,0.3209351971159771,0.471799180972473
212,212.0,212.41294084291292,0.20131640835223868,0.319887494447185,0.4787960972005765
213,213.0,213.4106781937768,0.19617956093944378,0.31883573731105197,0.48498470174950437
214,214.0,214.40853502761652,0.1916108075581079,0.3178679175737278,0.49052127486816444
215,215.0,215.4065208277961,0.18785043846887123,0.31706363658423553,0.4950859249468934
216,216.0,216.40464283967975,0.18474348244682526,0.31674850464533133,0.49850801290784363
217,217.0,217.40290622197827,0.18226746057966753,0.3164781908264811,0.5012543485938517
218,218.0,218.40131420382716,0.1802015278745632,0.31627282607118595,0.5035256460542511
219,219.0,219.39986824545286,0.17889707943827443,0.31588286131516097,0.5052200592465649
220,220.0,220.39856820046148,0.17794101183935404,0.31553913734932837,0.5065198508113179
221,221.0,221.39741247796462,0.1773805975754393,0.3152623752473932,0.5073570271771677
222,222.0,222.3963982029378,0.1774635409398263,0.3149971951766475,0.5075392638835264
223,223.0,223.39552137338427,0.17770205563393424,0.3147581527487171,0.507539791617349
224,224.0,224.39477701305225,0.178083145051931,0.3145013643459468,0.5074154906021225
225,225.0,225.3941593186229,0.1786877383358105,0.3141397063947666,0.5071725552694232
226,226.0,226.39366180045027,0.17967261955075373,0.31344799049045013,0.5068793899587964
227,227.0,227.39327741609043,0.18110876328775335,0.312524086008213,0.5063671507040338
228,228.0,228.39299869600566,0.18304667889538395,0.3116400581209768,0.5053132629836394
229,229.0,229.3928178609693,0.1852155142364399,0.3110000265787569,0.5037844591848034
230,230.0,230.39272693082688,0.18733525286487185,0.31046774915469794,0.5021969979804304
231,231.0,231.39271782439045,0.18928636109481256,0.30997644604024654,0.500737192864941
232,232.0,232.39278245035374,0.1915195439319857,0.30925537463138036,0.4992250814366341
233,233.0,233.39291278921718,0.193995337049015,0.30868812487253144,0.4973165380784537
234,234.0,234.3931009663021,0.19645309099271818,0.3085020229919354,0.4950448860153466
235,235.0,235.39333931601547,0.19891691987027896,0.30824914117760394,0.49283393895211736
236,236.0,236.3936204375974,0.20118838808766845,0.3079054787172745,0.4909061331950574
237,237.0,237.39393724264517,0.20340391071577915,0.3075935764381078,0.4890025128461133
238,238.0,238.3942829947617,0.20532085368478298,0.30735891634216406,0.48732022997305324
239,239.0,239.39465134171894,0.2067190588777247,0.30754738612904714,0.4857335549932284
240,240.0,240.39503634056328,0.20794787209427215,0.30783860634733035,0.48421352155839775
241,241.0,241.39543247611755,0.20909185032269118,0.3081491484101279,0.48275900126718113
242,242.0,242.3958346733552,0.21048288148966454,0.30842131391491445,0.48109580459542123
243,243.0,243.39623830413558,0.21190494227290924,0.30858637719094295,0.47950868053614815
244,244.0,244.39663918879654,0.21308888091320366,0.30884607687412036,0.47806504221267626
245,245.0,245.39703359310343,0.2143904747255337,0.3093635548594003,0.4762459704150663
246,246.0,246.3974182210486,0.21553810388001682,0.3096188354409239,0.47484306067905957
247,247.0,247.3977902039888,0.21659006809021247,0.30989358134092515,0.4735163505688626
248,248.0,248.39814708659506,0.2177754114482816,0.31039784517012686,0.47182674338159175
249,249.0,249.39848681007476,0.2187729671920626,0.31126784052220485,0.4699591922857328
250,250.0,250.39880769310574,0.21983811683802085,0.31193253029648826,0.4682293528654911
251,251.0,251.39910841090256,0.22076342927461515,0.31266861479842395,0.4665679559269611
252,252.0,252.39938797281067,0.22171815993380134,0.31325905533949017,0.46502278472670866
253,253.0,253.39964569879987,0.2228825671068251,0.3137227423836146,0.4633946905095605
254,254.0,254.39988119520214,0.22428040446488576,0.31434197303634503,0.4613776224987694
255,255.0,255.40009433001217,0.22555568477493798,0.3147439291494931,0.45970038607556907
256,256.0,256.40028520804105,0.22680528955252893,0.31506093278020775,0.45813377766726343
257,257.0,257.40045414618663,0.22804175150240694,0.3152323994411579,0.45672584905643526
258,258.0,258.4006016490558,0.22888338588923712,0.3155712492904864,0.4555453648202765
259,259.0,259.4007283851475,0.22941219081407702,0.3161218604584264,0.4544659487274966
260,260.0,260.40083516377854,0.2299049584864767,0.3170556448091737,0.4530393967043496
261,261.0,261.4009229129087,0.23019366859629192,0.3180088726364084,0.45179745876729965
262,262.0,262.40099265799677,0.2306829945903617,0.31892586998540334,0.450391135424235
263,263.0,263.40104550199607,0.23114069415153643,0.3197275044785145,0.44913180136994907
264,264.0,264.4010826065754,0.23124335404644358,0.32050738734468515,0.4482492586088713
265,265.0,265.40110517463114,0.23156229600130446,0.32087537442433367,0.44756232957436193
266,266.0,266.40111443413497,0.23150290148025252,0.32113669028880015,0.44736040823094747
267,267.0,267.4011116233471,0.23162767407903267,0.3212510956974094,0.4471212302235581
268,268.0,268.40109797740456,0.23176027301398852,0.3210920073821768,0.4471477196038348
269,269.0,269.4010747162822,0.23199555073165198,0.32054907976049546,0.4474553695078527
270,270.0,270.40104303410925,0.2314203969881528,0.32053703800587213,0.4480425650059752
271,271.0,271.4010040898125,0.23081586702639936,0.3203192120826881,0.44886492089091273
272,272.0,272.4009589990473,0.230501265087849,0.32066761098743457,0.44883112392471664
273,273.0,273.40090882736814,0.23038693752740397,0.3209717632429758,0.4486412992296205
274,274.0,274.4008545845832,0.2302950498891278,0.3211278463291938,0.4485771037816787
275,275.0,275.40079722023097,0.22992858184327214,0.32159997261708445,0.4484714455396437
276,276.0,276.4007376201116,0.2291100625848081,0.3222058259144695,0.44868411150072274
277,277.0,277.4006766038031,0.22850565963724523,0.32301452286350696,0.4484798174992481
278,278.0,278.4006149230874,0.2281143425613243,0.32327188601904294,0.4486137714196331
279,279.0,279.4005532612124,0.22766651797625825,0.32391291877959283,0.44842056324414925
280,280.0,280.40049223291277,0.22677270942830485,0.3248400344522847,0.44838725611941077
281,281.0,281.400432385114,0.2254727222208485,0.325913714548425,0.4486135632307269
282,282.0,282.400374198244,0.2243907744519198,0.3273275637914103,0.4482816617566702
283,283.0,283.40031808807845,0.22341052660910457,0.32854579332471623,0.44804368006617956
284,284.0,284.4002644080487,0.2225898213942242,0.33007232369207273,0.44733785491370337
285,285.0,285.4002134519415,0.22131456293849922,0.33209165992192236,0.4465937771395787
286,286.0,286.40016545692555,0.21985269934261822,0.3340396922202549,0.44610760843712716
287,287.0,287.40012060684194,0.21866402220435488,0.33606129664971773,0.4452746811459277
288,288.0,288.40007903569824,0.21828453314948176,0.33843737142715086,0.4432780954233677
289,289.0,289.400040831312,0.2183315726041576,0.34152001218555145,0.44014841521029124
290,290.0,290.4000060390513,0.2182895252184228,0.344192813493831,0.4375176612877464
291,291.0,291.3999746656261,0.21629997849889576,0.34831680194245973,0.4353832195586447
292,292.0,292.39994668288716,0.21437988365132374,0.35182923256587173,0.4337908837828048
293,293.0,293.39992203159323,0.21263695797748017,0.3552804425991091,0.432082599423411
294,294.0,294.39990062511276,0.2115549989517342,0.35790471299878895,0.43054028804947714
295,295.0,295.3998823530293,0.21078001839556393,0.360252690462001,0.42896729114243537
296,296.0,296.3998670846238,0.20982051361301873,0.3628518897939059,0.4273275965930757
297,297.0,297.39985467221265,0.20866771320681982,0.3649794566124516,0.42635283018072884
298,298.0,298.39984495432043,0.20756032718136183,0.3670894599090876,0.42535021290955083
299,299.0,299.39983775867427,0.20626705010421784,0.3690984592941676,0.4246344906016148
300,300.0,300.399832905006,0.20510799135554925,0.3701951472738514,0.4246968613705997
301,301.0,301.3998302076545,0.20383830432452998,0.3711693165005718,0.42499237917489857
302,302.0,302.3998294779616,0.20277611508291032,0.3754447317771425,0.42177915313994757
303,303.0,303.39983052645835,0.20257090166291716,0.3792580271015471,0.4181710712355362
304,304.0,304.39983316484086,0.2025497148083468,0.3825508973174977,0.414899387874156
305,305.0,305.3998372077367,0.20263642621547898,0.38602060419480355,0.41134296958971794
306,306.0,306.3998424742656,0.2021761221837425,0.38965776442390176,0.4081661133923562
307,307.0,307.39984878939896,0.20220828004917707,0.3929609311339584,0.404830788816865
308,308.0,308.39985598512493,0.2024481602131017,0.39599957866026547,0.40155226112663334
309,309.0,309.39986390142707,0.20243782276418326,0.3989621029126442,0.39860007432317296
310,310.0,310.39987238708477,0.20237802580367956,0.4018655237151358,0.395756450481185
311,311.0,311.3998813003058,0.20267215909611097,0.4040137979958158,0.39331404290807354
312,312.0,312.3998905092017,0.2024234355759558,0.4063520128201617,0.3912245516038828
313,313.0,313.399899892116,0.20243550421293752,0.4080219295039902,0.38954256628307254
314,314.0,314.39990933781775,0.20244592918616028,0.40892717103011955,0.38862689978372045
315,315.0,315.39991874557114,0.20262241341194248,0.4088648311560597,0.3885127554319981
316,316.0,316.3999280250934,0.2029940910180274,0.40877846014914665,0.38822744883282617
317,317.0,317.39993709641254,0.20256329462490785,0.408793667048139,0.38864303832695335
318,318.0,318.39994588963566,0.20243819537475488,0.4085262219562804,0.38903558266896493
319,319.0,319.3999543446401,0.20266509023626975,0.40789499393585005,0.3894399158278804
320,320.0,320.39996241069775,0.20329175589177473,0.40676799036433253,0.38994025374389296
321,321.0,321.3999700460426,0.20372954489326509,0.40582546716262774,0.3904449879441073
322,322.0,322.3999772173926,0.20416986608572535,0.4049346960012472,0.3908954379130276
323,323.0,323.3999838994336,0.20513215518653188,0.40407231161823753,0.3907955331952307
324,324.0,324.3999900742762,0.20607646814922423,0.4027076300284154,0.39121590182236043
325,325.0,325.3999957308918,0.2068589542450301,0.4015167717633117,0.39162427399165833
326,326.0,326.40000086453693,0.2080718503016506,0.3996775454575907,0.39225060424075886
327,327.0,327.40000547617217,0.2093426148696037,0.39790030558310785,0.3927570795472887
328,328.0,328.40000957188215,0.21066538714085015,0.3962968533977835,0.3930377594613667
329,329.0,329.4000131623023,0.21193208129574553,0.3945039152830888,0.393564003421166
330,330.0,330.4000162620574,0.21306314124107834,0.3927019493297787,0.39423490942914335
331,331.0,331.4000188892165,0.21435609839469505,0.39087660207132685,0.39476729953397854
332,332.0,332.40002106476743,0.21551555699516406,0.3887769725673835,0.39570747043745286
333,333.0,333.4000228121156,0.21660517543050206,0.3867400276978717,0.39665479687162675
334,334.0,334.40002415660786,0.2180053274697067,0.38470377122919724,0.39729090130109657
335,335.0,335.40002512508477,0.21793085039923699,0.3833913727336884,0.3986777768670752
336,336.0,336.40002574546315,0.2172065376621994,0.38216190513513787,0.4006315572026632
337,337.0,337.4000260463491,0.21541710899230707,0.3816914775227395,0.40289141348495383
338,338.0,338.41002605668297,0.21379416707174936,0.3812193585639248,0.40498647436432617
339,339.0,339.41992580541654,0.2120877538501318,0.3813831340314111,0.4065291121184575
340,340.0,340.42963632122263,0.21049361815119527,0.3813577184313143,0.4081486634174908
341,341.0,341.43907942223586,0.20920727675593023,0.3816212176118859,0.4091715056321842
342,342.0,342.44818741892544,0.20689937301453448,0.38232562352639154,0.4107750034590742
343,343.0,343.45690274175683,0.2045375097029452,0.3829241278647433,0.4125383624323118
344,344.0,344.4651775048875,0.20251777396987108,0.3835292448467355,0.4139529811833937
345,345.0,345.4729730166562,0.2004906977804686,0.38437493720100546,0.4151343650185262
346,346.0,346.48025924708145,0.19855208318611212,0.38510410266315476,0.41634381415073346
347,347.0,347.4870142619934,0.19693384691120341,0.38562819998556414,0.4174379531032328
348,348.0,348.49322363279424,0.19534799129705174,0.386461686793258,0.4181903219096905
349,349.0,349.49887983018704,0.19403827192627054,0.38740792701166216,0.41855380106206763
350,350.0,350.5039816095387,0.19295904128669633,0.3883288861299245,0.41871207258337945
351,351.0,351.5085333948598,0.19204388496447755,0.38950985806151384,0.4184462569740089
352,352.0,352.5125446677002,0.19126719091168862,0.39040964047215604,0.41832316861615554
353,353.0,353.5160293665796,0.19069126865660035,0.39100499339485467,0.41830373794854514
354,354.0,354.51900530190517,0.1905255350214191,0.3910872329100959,0.4183872320684851
355,355.0,355.5214935906792,0.19044189627032307,0.3903362393273278,0.4192218644023492
356,356.0,356.52351811466895,0.1900389220728636,0.38886118737429665,0.42109989055283986
357,357.0,357.52510500511306,0.1898642265577123,0.3873714375581352,0.42276433588415263
358,358.0,358.5262821564617,0.18977951598571582,0.3845259550859311,0.42569452892835313
359,359.0,359.52707877111084,0.1900353380335836,0.3815899312344183,0.42837473073199817
360,360.0,360.527524936584,0.19050109524745337,0.37862902674940246,0.43086987800314414
361,361.0,361.5276512361439,0.1910416747522627,0.3758201994125178,0.4331381258352195
362,362.0,362.5274883933864,0.1915862938860085,0.37322710692234046,0.43518659919165104
363,363.0,363.52706695097083,0.19218231013492734,0.3710251724589873,0.4367925174060853
364,364.0,364.52641698328705,0.19298792881705631,0.36891098556274454,0.43810108562019906
365,365.0,365.5255678425388,0.19381002661096963,0.3672217008825146,0.4389682725065157
366,366.0,366.52454793744,0.19465771169267937,0.36579596666518377,0.4395463216421368
367,367.0,367.52338454347665,0.1960524091935696,0.3642094576585741,0.43973813314785626
368,368.0,368.52210364347496,0.1973547615626224,0.364361991078006,0.4382832473593716
369,369.0,369.52072979703865,0.1986095949989285,0.3648689538102135,0.43652145119085806
370,370.0,370.51928603727555,0.20030097212745024,0.36537340106988525,0.43432562680266457
371,371.0,371.51779379311597,0.20148096251771164,0.36625194021397134,0.432267097268317
372,372.0,372.5162728354412,0.20263482756838042,0.36807246203480803,0.4292927103968116
373,373.0,373.51474124517955,0.2035208981111188,0.37001320508520924,0.42646589680367203
374,374.0,374.51321540149223,0.20416388737088534,0.3721805709224183,0.42365554170669645
375,375.0,375.51170998815877,0.20475391194253073,0.3743604833032505,0.4208856047542189
376,376.0,376.510238016277,0.20526630448088695,0.37725122501988106,0.41748247049923215
377,377.0,377.50881086142067,0.20560116938896456,0.3815165602346294,0.41288227037640624
378,378.0,378.50743831343584,0.20590335970176893,0.385751863173107,0.40834477712512424
379,379.0,379.50612863711507,0.20629054829114268,0.39008194852084027,0.4036275031880172
380,380.0,380.5048886420553,0.20636796991646952,0.3941364169384418,0.39949561314508886
381,381.0,381.50372376008085,0.20612755607653255,0.3981695047498123,0.39570293917365534
382,382.0,382.5026381287031,0.20619041373071043,0.4015635051253148,0.39224608114397497
383,383.0,383.5016346791761,0.2057466021389748,0.4062943637598617,0.38795903410116367
384,384.0,384.50071522781,0.20512700040038714,0.41142451585307543,0.3834484837465376
385,385.0,385.4998805693025,0.2045941929921769,0.41620318950966717,0.37920261749815615
386,386.0,386.4991305709526,0.20405659396250775,0.4206789970281619,0.37526440900933056
387,387.0,387.4984642667282,0.20345851481192084,0.4245520471615615,0.37198943802651796
388,388.0,388.497879950259,0.20279786722989768,0.4281214359673669,0.3690806968027357
389,389.0,389.4973752659341,0.2022341052184447,0.4311401588896041,0.36662573589195147
390,390.0,390.4969472973824,0.20206537847449943,0.4335849128980535,0.36434970862744737
391,391.0,391.496592652712,0.20198829168672938,0.4356621104080117,0.36234959790525917
392,392.0,392.49630754598155,0.20201196768450613,0.4373812564646117,0.36060677585088247
393,393.0,393.49608787446437,0.2017892229701925,0.4389917932641214,0.3592189837656864
394,394.0,394.49592929135423,0.20100354486453537,0.44047040721184494,0.35852604792362003
395,395.0,395.49582727364157,0.20076042777066702,0.44140936839304823,0.35783020383628505
396,396.0,396.4957771849637,0.20055994944902295,0.4422811336382497,0.3571589169127276
397,397.0,397.49577433330404,0.2003747908296568,0.4428498498311978,0.3567753593391456
398,398.0,398.4958140234773,0.19987123652007008,0.4434857825738219,0.35664298090610835
399,399.0,399.4958916043984,0.19945822730384483,0.44424899334021317,0.3562927793559422
400,400.0,400.49600251118346,0.19907253109155085,0.4449137606067818,0.35601370830166756
401,401.0,401.4961423021782,0.19852339561969326,0.44575103238610925,0.35572557199419774
402,402.0,402.4963066910517,0.1980508861168532,0.44667697373254545,0.3552721401506016
403,403.0,403.49649157412733,0.19772137919908098,0.44749496838421654,0.3547836524167028
404,404.0,404.4966930531541,0.19734732757056428,0.4481120490260841,0.3545406234033519
405,405.0,405.4969074537467,0.19759651664450273,0.4482074820919487,0.3541960012635489
406,406.0,406.4971313397425,0.20696520490463374,0.43925269070521517,0.3537821043901514
407,407.0,407.5073615237413,0.21629445698015518,0.4305389147208895,0.35316662829895556
408,408.0,408.5174950741028,0.22562175505250762,0.4217509338267272,0.35262731112076545
409,409.0,409.5374403186871,0.23515689546375634,0.412846990861469,0.35199611367477496
410,410.0,410.55701663562616,0.24410928452003264,0.404613602912278,0.3512771125676897
411,411.0,411.57606515451505,0.2528074867900255,0.39662695279886917,0.3505655604111056
412,412.0,412.5944481699699,0.26117668162675944,0.3890214023126844,0.3498019160605564
413,413.0,413.61204840217954,0.2691501381903929,0.3817176043791696,0.3491322574304377
414,414.0,414.6287681271465,0.2769904550806195,0.37455360248108266,0.348455942438298
415,415.0,415.64452819834526,0.28441314063904094,0.3678597883541185,0.3477270710068407
416,416.0,416.6592669804407,0.2912735752735177,0.3615383068506174,0.34718811787586495
417,417.0,417.67293921452216,0.2973870177423263,0.35576435160860265,0.3468486306490711
418,418.0,418.68551483305026,0.3029728992062226,0.3502588019337064,0.3467682988600711
419,419.0,419.696977741395,0.3078866317311057,0.3451447122767331,0.34696865599216126
420,420.0,420.7073245814914,0.31203538022415966,0.3408484082123266,0.3471162115635138
421,421.0,421.71656349176317,0.3154408377674764,0.33722794170741505,0.3473312205251086
422,422.0,422.72471287609017,0.3183138847332153,0.3339744146574511,0.3477117006093337
423,423.0,423.7318001932236,0.3207009508065027,0.3314767620671739,0.3478222871263235
424,424.0,424.7378607767114,0.3225804314546777,0.32938720426984425,0.3480323642754781
425,425.0,425.7429366940833,0.3240910535363177,0.3278741071735089,0.3480348392901734
426,426.0,426.7470756527772,0.3250959620126581,0.32686764565379095,0.3480363923335509
427,427.0,427.7503299590739,0.3258326055957822,0.3263237018103021,0.3478436925939157
428,428.0,428.75275553515024,0.32605583714322955,0.3258940546461898,0.34805010821058063
429,429.0,429.7544109982674,0.3253413407819622,0.3261421546813154,0.34851650453672234
430,430.0,430.75535680509023,0.32433883855767115,0.32655483416869596,0.34910632727363283
431,431.0,431.7556544631799,0.32314329507450934,0.32745213102024173,0.34940457390524887
432,432.0,432.7553658108287,0.32172493297264926,0.32863101242179477,0.349644054605556
433,433.0,433.7545523656044,0.3198320861550212,0.3300673411874407,0.3501005726575382
434,434.0,434.7532747412465,0.3181094791891519,0.33217804264010775,0.3497124781707404
435,435.0,435.75159213191193,0.3163170676377659,0.3344069152601737,0.34927601710206047
436,436.0,436.7495618621917,0.31421247745828845,0.33680511369234684,0.3489824088493648
437,437.0,437.74723900082154,0.31225817119427357,0.3391045377546691,0.3486372910510575
438,438.0,438.7446760355802,0.310270857412445,0.34133440123102615,0.34839474135652904
439,439.0,439.74192260650716,0.30852587422336314,0.3433124333353449,0.3481616924412922
440,440.0,440.73902529427636,0.3071004544479539,0.34525713785521295,0.34764240769683336
441,441.0,441.7360274603259,0.30501226727019354,0.34755907648113415,0.3474286562486726
442,442.0,442.7329691351672,0.302896724612739,0.35037356523144625,0.3467297101558151
443,443.0,443.7298869511727,0.3008795923528547,0.3530731953204577,0.34604721232668784
444,444.0,444.72681411606595,0.2989716073177982,0.3555992154103779,0.34542917727182415
445,445.0,445.7237804233092,0.2975245500564019,0.3585489673212625,0.3439264826223359
446,446.0,446.72081229559507,0.29636166971326194,0.36123707232274993,0.34240125796398835
447,447.0,447.7179328576964,0.29262287681292753,0.3647434024534619,0.3426337207336108
448,448.0,448.7151620350106,0.2893574143310143,0.3673920129350624,0.34325057273392345
449,449.0,449.71251667424326,0.28616416853437093,0.3707403406104148,0.3430954908552144
450,450.0,450.7100106828102,0.2833264410645005,0.3736940764834793,0.3429794824520204
451,451.0,451.7076551836924,0.28063681233828214,0.3764686018041906,0.34289458585752747
452,452.0,452.7054586826494,0.2776221043715674,0.37927233869274013,0.3431055569356926
453,453.0,453.70342724488427,0.2746148785973306,0.3812970938196679,0.3440880275830016
454,454.0,454.70156467844674,0.27196370752637977,0.3831479026184444,0.3448883898551759
455,455.0,455.69987272186853,0.26956729230049253,0.3849539158790325,0.34547879182047503
456,456.0,456.69835123372945,0.2672555504424548,0.38655951309316866,0.3461849364643766
457,457.0,457.696998382067,0.26514966074153634,0.3878640210455842,0.34698631821287956
