Total_iterations,Unnamed: 0.1,Intertwine_two,Add_vertex,Delete_vertex
0,0.0,0.3333333333333333,0.3333333333333333,0.3333333333333333
1,1.0,0.3333333333333333,0.3333333333333333,0.3333333333333333
2,2.0,0.3333333333333333,0.3333333333333333,0.3333333333333333
3,3.0,0.3333333333333333,0.3333333333333333,0.3333333333333333
4,4.0,0.3333333333333333,0.3333333333333333,0.3333333333333333
5,5.0,0.3333333333333333,0.3333333333333333,0.3333333333333333
6,6.0,0.3333333333333333,0.3333333333333333,0.3333333333333333
7,7.0,0.3333333333333333,0.3333333333333333,0.3333333333333333
8,8.0,0.3333333333333333,0.3333333333333333,0.3333333333333333
9,9.0,0.3333333333333333,0.3333333333333333,0.3333333333333333
10,10.0,0.3333333333333333,0.3333333333333333,0.3333333333333333
11,11.0,0.3333333333333333,0.3333333333333333,0.3333333333333333
12,12.0,0.3333333333333333,0.3333333333333333,0.3333333333333333
13,13.0,0.3333333333333333,0.3333333333333333,0.3333333333333333
14,14.0,0.3333333333333333,0.3333333333333333,0.3333333333333333
15,15.0,0.3333333333333333,0.3333333333333333,0.3333333333333333
16,16.0,0.3333333333333333,0.3333333333333333,0.3333333333333333
17,17.0,0.3333333333333333,0.3333333333333333,0.3333333333333333
18,18.0,0.3333333333333333,0.3333333333333333,0.3333333333333333
19,19.0,0.3333333333333333,0.3333333333333333,0.3333333333333333
20,20.0,0.3333333333333333,0.3333333333333333,0.3333333333333333
21,21.0,0.3333333333333333,0.3333333333333333,0.3333333333333333
22,22.0,0.3333333333333333,0.3333333333333333,0.3333333333333333
23,23.0,0.3333333333333333,0.3333333333333333,0.3333333333333333
24,24.0,0.3333333333333333,0.3333333333333333,0.3333333333333333
25,25.0,0.3333333333333333,0.3333333333333333,0.3333333333333333
26,26.0,0.3333333333333333,0.3333333333333333,0.3333333333333333
27,27.0,0.3333333333333333,0.3333333333333333,0.3333333333333333
28,28.0,0.3333333333333333,0.3333333333333333,0.3333333333333333
29,29.0,0.3333333333333333,0.3333333333333333,0.3333333333333333
30,30.0,0.3333333333333333,0.3333333333333333,0.3333333333333333
31,31.0,0.3333333333333333,0.3333333333333333,0.3333333333333333
32,32.0,0.3333333333333333,0.3333333333333333,0.3333333333333333
33,33.0,0.3333333333333333,0.3333333333333333,0.3333333333333333
34,34.0,0.3333333333333333,0.3333333333333333,0.3333333333333333
35,35.0,0.3333333333333333,0.3333333333333333,0.3333333333333333
36,36.0,0.3333333333333333,0.3333333333333333,0.3333333333333333
37,37.0,0.3333333333333333,0.3333333333333333,0.3333333333333333
38,38.0,0.3333333333333333,0.3333333333333333,0.3333333333333333
39,39.0,0.3333333333333333,0.3333333333333333,0.3333333333333333
40,40.0,0.3333333333333333,0.3333333333333333,0.3333333333333333
41,41.0,0.3333333333333333,0.3333333333333333,0.3333333333333333
42,42.0,0.3333333333333333,0.3333333333333333,0.3333333333333333
43,43.0,0.3333333333333333,0.3333333333333333,0.3333333333333333
44,44.0,0.3333333333333333,0.3333333333333333,0.3333333333333333
45,45.0,0.3333333333333333,0.3333333333333333,0.3333333333333333
46,46.0,0.3333333333333333,0.3333333333333333,0.3333333333333333
47,47.0,0.3333333333333333,0.3333333333333333,0.3333333333333333
48,48.0,0.3333333333333333,0.3333333333333333,0.3333333333333333
49,49.0,0.3333333333333333,0.3333333333333333,0.3333333333333333
50,50.0,0.3333333333333333,0.3333333333333333,0.3333333333333333
51,51.0,0.3333333333333333,0.3333333333333333,0.3333333333333333
52,52.0,0.3333333333333333,0.3333333333333333,0.3333333333333333
53,53.0,0.3333333333333333,0.3333333333333333,0.3333333333333333
54,54.0,0.3333333333333333,0.3333333333333333,0.3333333333333333
55,55.0,0.3333333333333333,0.3333333333333333,0.3333333333333333
56,56.0,0.3333333333333333,0.3333333333333333,0.3333333333333333
57,57.0,0.3333333333333333,0.3333333333333333,0.3333333333333333
58,58.0,0.3333333333333333,0.3333333333333333,0.3333333333333333
59,59.0,0.3333333333333333,0.3333333333333333,0.3333333333333333
60,60.0,0.3333333333333333,0.3333333333333333,0.3333333333333333
61,61.0,0.3333333333333333,0.3333333333333333,0.3333333333333333
62,62.0,0.3333333333333333,0.3333333333333333,0.3333333333333333
63,63.0,0.3333333333333333,0.3333333333333333,0.3333333333333333
64,64.0,0.3333333333333333,0.3333333333333333,0.3333333333333333
65,65.0,0.3333333333333333,0.3333333333333333,0.3333333333333333
66,66.0,0.3333333333333333,0.3333333333333333,0.3333333333333333
67,67.0,0.3333333333333333,0.3333333333333333,0.3333333333333333
68,68.0,0.3333333333333333,0.3333333333333333,0.3333333333333333
69,69.0,0.3333333333333333,0.3333333333333333,0.3333333333333333
70,70.0,0.3333333333333333,0.3333333333333333,0.3333333333333333
71,71.0,0.3333333333333333,0.3333333333333333,0.3333333333333333
72,72.0,0.3333333333333333,0.3333333333333333,0.3333333333333333
73,73.0,0.3333333333333333,0.3333333333333333,0.3333333333333333
74,74.0,0.3333333333333333,0.3333333333333333,0.3333333333333333
75,75.0,0.3333333333333333,0.3333333333333333,0.3333333333333333
76,76.0,0.3333333333333333,0.3333333333333333,0.3333333333333333
77,77.0,0.3333333333333333,0.3333333333333333,0.3333333333333333
78,78.0,0.3333333333333333,0.3333333333333333,0.3333333333333333
79,79.0,0.3333333333333333,0.3333333333333333,0.3333333333333333
80,80.0,0.3333333333333333,0.3333333333333333,0.3333333333333333
81,81.0,0.3333333333333333,0.3333333333333333,0.3333333333333333
82,82.0,0.3333333333333333,0.3333333333333333,0.3333333333333333
83,83.0,0.3333333333333333,0.3333333333333333,0.3333333333333333
84,84.0,0.3333333333333333,0.3333333333333333,0.3333333333333333
85,85.0,0.3333333333333333,0.3333333333333333,0.3333333333333333
86,86.0,0.3333333333333333,0.3333333333333333,0.3333333333333333
87,87.0,0.3333333333333333,0.3333333333333333,0.3333333333333333
88,88.0,0.3333333333333333,0.3333333333333333,0.3333333333333333
89,89.0,0.3333333333333333,0.3333333333333333,0.3333333333333333
90,90.0,0.3333333333333333,0.3333333333333333,0.3333333333333333
91,91.0,0.3333333333333333,0.3333333333333333,0.3333333333333333
92,92.0,0.3333333333333333,0.3333333333333333,0.3333333333333333
93,93.0,0.3333333333333333,0.3333333333333333,0.3333333333333333
94,94.0,0.3333333333333333,0.3333333333333333,0.3333333333333333
95,95.0,0.3333333333333333,0.3333333333333333,0.3333333333333333
96,96.0,0.3333333333333333,0.3333333333333333,0.3333333333333333
97,97.0,0.3333333333333333,0.3333333333333333,0.3333333333333333
98,98.0,0.3333333333333333,0.3333333333333333,0.3333333333333333
99,99.0,0.3333333333333333,0.3333333333333333,0.3333333333333333
100,100.0,0.3333333333333333,0.3333333333333333,0.3333333333333333
101,101.0,0.3333333333333333,0.3333333333333333,0.3333333333333333
102,102.0,0.3333333333333333,0.3333333333333333,0.3333333333333333
103,103.0,0.3333333333333333,0.3333333333333333,0.3333333333333333
104,104.0,0.3333333333333333,0.3333333333333333,0.3333333333333333
105,105.0,0.3333333333333333,0.3333333333333333,0.3333333333333333
106,106.0,0.3333333333333333,0.3333333333333333,0.3333333333333333
107,107.0,0.3333333333333333,0.3333333333333333,0.3333333333333333
108,108.0,0.3333333333333333,0.3333333333333333,0.3333333333333333
109,109.0,0.3333333333333333,0.3333333333333333,0.3333333333333333
110,110.0,0.3333333333333333,0.3333333333333333,0.3333333333333333
111,111.0,0.3333333333333333,0.3333333333333333,0.3333333333333333
112,112.0,0.3333333333333333,0.3333333333333333,0.3333333333333333
113,113.0,0.3333333333333333,0.3333333333333333,0.3333333333333333
114,114.0,0.3333333333333333,0.3333333333333333,0.3333333333333333
115,115.0,0.3333333333333333,0.3333333333333333,0.3333333333333333
116,116.0,0.3333333333333333,0.3333333333333333,0.3333333333333333
117,117.0,0.3333333333333333,0.3333333333333333,0.3333333333333333
118,118.0,0.3333333333333333,0.3333333333333333,0.3333333333333333
119,119.0,0.3333333333333333,0.3333333333333333,0.3333333333333333
120,120.0,0.3333333333333333,0.3333333333333333,0.3333333333333333
121,121.0,0.3333333333333333,0.3333333333333333,0.3333333333333333
122,122.0,0.3333333333333333,0.3333333333333333,0.3333333333333333
123,123.0,0.3333333333333333,0.3333333333333333,0.3333333333333333
124,124.0,0.3333333333333333,0.3333333333333333,0.3333333333333333
125,125.0,0.3333333333333333,0.3333333333333333,0.3333333333333333
126,126.0,0.3333333333333333,0.3333333333333333,0.3333333333333333
127,127.0,0.3333333333333333,0.3333333333333333,0.3333333333333333
128,128.0,0.3333333333333333,0.3333333333333333,0.3333333333333333
129,129.0,0.3333333333333333,0.3333333333333333,0.3333333333333333
130,130.0,0.3333333333333333,0.3333333333333333,0.3333333333333333
131,131.0,0.3333333333333333,0.3333333333333333,0.3333333333333333
132,132.0,0.3333333333333333,0.3333333333333333,0.3333333333333333
133,133.0,0.3333333333333333,0.3333333333333333,0.3333333333333333
134,134.0,0.3333333333333333,0.3333333333333333,0.3333333333333333
135,135.0,0.3333333333333333,0.3333333333333333,0.3333333333333333
136,136.0,0.3333333333333333,0.3333333333333333,0.3333333333333333
137,137.0,0.3333333333333333,0.3333333333333333,0.3333333333333333
138,138.0,0.3333333333333333,0.3333333333333333,0.3333333333333333
139,139.0,0.3333333333333333,0.3333333333333333,0.3333333333333333
140,140.0,0.3333333333333333,0.3333333333333333,0.3333333333333333
141,141.0,0.3333333333333333,0.3333333333333333,0.3333333333333333
142,142.0,0.3333333333333333,0.3333333333333333,0.3333333333333333
143,143.0,0.3333333333333333,0.3333333333333333,0.3333333333333333
144,144.0,0.3333333333333333,0.3333333333333333,0.3333333333333333
145,145.0,0.3333333333333333,0.3333333333333333,0.3333333333333333
146,146.0,0.3333333333333333,0.3333333333333333,0.3333333333333333
147,147.0,0.3333333333333333,0.3333333333333333,0.3333333333333333
148,148.0,0.3333333333333333,0.3333333333333333,0.3333333333333333
149,149.0,0.3333333333333333,0.3333333333333333,0.3333333333333333
150,150.0,0.3333333333333333,0.3333333333333333,0.3333333333333333
151,151.0,0.3333333333333333,0.3333333333333333,0.3333333333333333
152,152.0,0.3333333333333333,0.3333333333333333,0.3333333333333333
153,153.0,0.3333333333333333,0.3333333333333333,0.3333333333333333
154,154.0,0.3333333333333333,0.3333333333333333,0.3333333333333333
155,155.0,0.3333333333333333,0.3333333333333333,0.3333333333333333
156,156.0,0.3333333333333333,0.3333333333333333,0.3333333333333333
157,157.0,0.3333333333333333,0.3333333333333333,0.3333333333333333
158,158.0,0.3333333333333333,0.3333333333333333,0.3333333333333333
159,159.0,0.3333333333333333,0.3333333333333333,0.3333333333333333
160,160.0,0.3333333333333333,0.3333333333333333,0.3333333333333333
161,161.0,0.3333333333333333,0.3333333333333333,0.3333333333333333
162,162.0,0.3333333333333333,0.3333333333333333,0.3333333333333333
163,163.0,0.3333333333333333,0.3333333333333333,0.3333333333333333
164,164.0,0.3333333333333333,0.3333333333333333,0.3333333333333333
165,165.0,0.3333333333333333,0.3333333333333333,0.3333333333333333
166,166.0,0.3333333333333333,0.3333333333333333,0.3333333333333333
167,167.0,0.3333333333333333,0.3333333333333333,0.3333333333333333
168,168.0,0.3333333333333333,0.3333333333333333,0.3333333333333333
169,169.0,0.3333333333333333,0.3333333333333333,0.3333333333333333
170,170.0,0.3333333333333333,0.3333333333333333,0.3333333333333333
171,171.0,0.3333333333333333,0.3333333333333333,0.3333333333333333
172,172.0,0.3333333333333333,0.3333333333333333,0.3333333333333333
173,173.0,0.3333333333333333,0.3333333333333333,0.3333333333333333
174,174.0,0.3333333333333333,0.3333333333333333,0.3333333333333333
175,175.0,0.3333333333333333,0.3333333333333333,0.3333333333333333
176,176.0,0.3333333333333333,0.3333333333333333,0.3333333333333333
177,177.0,0.3333333333333333,0.3333333333333333,0.3333333333333333
178,178.0,0.3333333333333333,0.3333333333333333,0.3333333333333333
179,179.0,0.3333333333333333,0.3333333333333333,0.3333333333333333
180,180.0,0.3333333333333333,0.3333333333333333,0.3333333333333333
181,181.0,0.3333333333333333,0.3333333333333333,0.3333333333333333
182,182.0,0.3333333333333333,0.3333333333333333,0.3333333333333333
183,183.0,0.3333333333333333,0.3333333333333333,0.3333333333333333
184,184.0,0.3333333333333333,0.3333333333333333,0.3333333333333333
185,185.0,0.3333333333333333,0.3333333333333333,0.3333333333333333
186,186.0,0.3333333333333333,0.3333333333333333,0.3333333333333333
187,187.0,0.3333333333333333,0.3333333333333333,0.3333333333333333
188,188.0,0.3333333333333333,0.3333333333333333,0.3333333333333333
189,189.0,0.3333333333333333,0.3333333333333333,0.3333333333333333
190,190.0,0.3333333333333333,0.3333333333333333,0.3333333333333333
191,191.0,0.3333333333333333,0.3333333333333333,0.3333333333333333
192,192.0,0.3333333333333333,0.3333333333333333,0.3333333333333333
193,193.0,0.3333333333333333,0.3333333333333333,0.3333333333333333
194,194.0,0.3333333333333333,0.3333333333333333,0.3333333333333333
195,195.0,0.3333333333333333,0.3333333333333333,0.3333333333333333
196,196.0,0.3333333333333333,0.3333333333333333,0.3333333333333333
197,197.0,0.3333333333333333,0.3333333333333333,0.3333333333333333
198,198.0,0.3314884717447681,0.3328717749231048,0.3356397533321272
199,199.0,0.3261893941994678,0.3333750967748638,0.3404355090256686
200,200.0,0.3137507373872701,0.3330809093147541,0.3531683532979759
201,201.0,0.3016329598734649,0.3325117847915601,0.3658552553349751
202,202.0,0.2899750973795211,0.3317771960707072,0.3782477065497719
203,203.0,0.2785854545388176,0.3307294368608878,0.3906851086002947
204,204.0,0.267651656629704,0.3296990377776622,0.4026493055926339
205,205.0,0.25739070238063,0.3284193580952763,0.4141899395240939
206,206.0,0.2474579672181199,0.3274719220546981,0.4250701107271822
207,207.0,0.2379182715030793,0.3264371283451094,0.4356446001518115
208,208.0,0.2291708182862723,0.3252360173127646,0.4455931644009633
209,209.0,0.2211855402254791,0.3237915033142428,0.4550229564602782
210,210.0,0.2138649207516596,0.3222735118656753,0.4638615673826651
211,211.0,0.2072656219115501,0.3209351971159771,0.471799180972473
212,212.0,0.2013164083522386,0.319887494447185,0.4787960972005765
213,213.0,0.1961795609394437,0.3188357373110519,0.4849847017495043
214,214.0,0.1916108075581079,0.3178679175737278,0.4905212748681644
215,215.0,0.1878504384688712,0.3170636365842355,0.4950859249468934
216,216.0,0.1847434824468252,0.3167485046453313,0.4985080129078436
217,217.0,0.1822674605796675,0.3164781908264811,0.5012543485938517
218,218.0,0.1802015278745632,0.3162728260711859,0.5035256460542511
219,219.0,0.1788970794382744,0.3158828613151609,0.5052200592465649
220,220.0,0.177941011839354,0.3155391373493283,0.5065198508113179
221,221.0,0.1773805975754393,0.3152623752473932,0.5073570271771677
222,222.0,0.1774635409398263,0.3149971951766475,0.5075392638835264
223,223.0,0.1777020556339342,0.3147581527487171,0.507539791617349
224,224.0,0.178083145051931,0.3145013643459468,0.5074154906021225
225,225.0,0.1786877383358105,0.3141397063947666,0.5071725552694232
226,226.0,0.1796726195507537,0.3134479904904501,0.5068793899587964
227,227.0,0.1811087632877533,0.312524086008213,0.5063671507040338
228,228.0,0.1830466788953839,0.3116400581209768,0.5053132629836394
229,229.0,0.1852155142364399,0.3110000265787569,0.5037844591848034
230,230.0,0.1873352528648718,0.3104677491546979,0.5021969979804304
231,231.0,0.1892863610948125,0.3099764460402465,0.500737192864941
232,232.0,0.1915195439319857,0.3092553746313803,0.4992250814366341
233,233.0,0.193995337049015,0.3086881248725314,0.4973165380784537
234,234.0,0.1964530909927181,0.3085020229919354,0.4950448860153466
235,235.0,0.1989169198702789,0.3082491411776039,0.4928339389521173
236,236.0,0.2011883880876684,0.3079054787172745,0.4909061331950574
237,237.0,0.2034039107157791,0.3075935764381078,0.4890025128461133
238,238.0,0.2053208536847829,0.307358916342164,0.4873202299730532
239,239.0,0.2067190588777247,0.3075473861290471,0.4857335549932284
240,240.0,0.2079478720942721,0.3078386063473303,0.4842135215583977
241,241.0,0.2090918503226911,0.3081491484101279,0.4827590012671811
242,242.0,0.2104828814896645,0.3084213139149144,0.4810958045954212
243,243.0,0.2119049422729092,0.3085863771909429,0.4795086805361481
244,244.0,0.2130888809132036,0.3088460768741203,0.4780650422126762
245,245.0,0.2143904747255337,0.3093635548594003,0.4762459704150663
246,246.0,0.2155381038800168,0.3096188354409239,0.4748430606790595
247,247.0,0.2165900680902124,0.3098935813409251,0.4735163505688626
248,248.0,0.2177754114482816,0.3103978451701268,0.4718267433815917
249,249.0,0.2187729671920626,0.3112678405222048,0.4699591922857328
250,250.0,0.2198381168380208,0.3119325302964882,0.4682293528654911
251,251.0,0.2207634292746151,0.3126686147984239,0.4665679559269611
252,252.0,0.2217181599338013,0.3132590553394901,0.4650227847267086
253,253.0,0.2228825671068251,0.3137227423836146,0.4633946905095605
254,254.0,0.2242804044648857,0.314341973036345,0.4613776224987694
255,255.0,0.2255556847749379,0.3147439291494931,0.459700386075569
256,256.0,0.2268052895525289,0.3150609327802077,0.4581337776672634
257,257.0,0.2280417515024069,0.3152323994411579,0.4567258490564352
258,258.0,0.2288833858892371,0.3155712492904864,0.4555453648202765
259,259.0,0.229412190814077,0.3161218604584264,0.4544659487274966
260,260.0,0.2299049584864767,0.3170556448091737,0.4530393967043496
261,261.0,0.2301936685962919,0.3180088726364084,0.4517974587672996
262,262.0,0.2306829945903617,0.3189258699854033,0.450391135424235
263,263.0,0.2311406941515364,0.3197275044785145,0.449131801369949
264,264.0,0.2312433540464435,0.3205073873446851,0.4482492586088713
265,265.0,0.2315622960013044,0.3208753744243336,0.4475623295743619
266,266.0,0.2315029014802525,0.3211366902888001,0.4473604082309474
267,267.0,0.2316276740790326,0.3212510956974094,0.4471212302235581
268,268.0,0.2317602730139885,0.3210920073821768,0.4471477196038348
269,269.0,0.2319955507316519,0.3205490797604954,0.4474553695078527
270,270.0,0.2314203969881528,0.3205370380058721,0.4480425650059752
271,271.0,0.2308158670263993,0.3203192120826881,0.4488649208909127
272,272.0,0.230501265087849,0.3206676109874345,0.4488311239247166
273,273.0,0.2303869375274039,0.3209717632429758,0.4486412992296205
274,274.0,0.2302950498891278,0.3211278463291938,0.4485771037816787
275,275.0,0.2299285818432721,0.3215999726170844,0.4484714455396437
276,276.0,0.2291100625848081,0.3222058259144695,0.4486841115007227
277,277.0,0.2285056596372452,0.3230145228635069,0.4484798174992481
278,278.0,0.2281143425613243,0.3232718860190429,0.4486137714196331
279,279.0,0.2276665179762582,0.3239129187795928,0.4484205632441492
280,280.0,0.2267727094283048,0.3248400344522847,0.4483872561194107
281,281.0,0.2254727222208485,0.325913714548425,0.4486135632307269
282,282.0,0.2243907744519198,0.3273275637914103,0.4482816617566702
283,283.0,0.2234105266091045,0.3285457933247162,0.4480436800661795
284,284.0,0.2225898213942242,0.3300723236920727,0.4473378549137033
285,285.0,0.2213145629384992,0.3320916599219223,0.4465937771395787
286,286.0,0.2198526993426182,0.3340396922202549,0.4461076084371271
287,287.0,0.2186640222043548,0.3360612966497177,0.4452746811459277
288,288.0,0.2182845331494817,0.3384373714271508,0.4432780954233677
289,289.0,0.2183315726041576,0.3415200121855514,0.4401484152102912
290,290.0,0.2182895252184228,0.344192813493831,0.4375176612877464
291,291.0,0.2162999784988957,0.3483168019424597,0.4353832195586447
292,292.0,0.2143798836513237,0.3518292325658717,0.4337908837828048
293,293.0,0.2126369579774801,0.3552804425991091,0.432082599423411
294,294.0,0.2115549989517342,0.3579047129987889,0.4305402880494771
295,295.0,0.2107800183955639,0.360252690462001,0.4289672911424353
296,296.0,0.2098205136130187,0.3628518897939059,0.4273275965930757
297,297.0,0.2086677132068198,0.3649794566124516,0.4263528301807288
298,298.0,0.2075603271813618,0.3670894599090876,0.4253502129095508
299,299.0,0.2062670501042178,0.3690984592941676,0.4246344906016148
300,300.0,0.2051079913555492,0.3701951472738514,0.4246968613705997
301,301.0,0.2038383043245299,0.3711693165005718,0.4249923791748985
302,302.0,0.2027761150829103,0.3754447317771425,0.4217791531399475
303,303.0,0.2025709016629171,0.3792580271015471,0.4181710712355362
304,304.0,0.2025497148083468,0.3825508973174977,0.414899387874156
305,305.0,0.2026364262154789,0.3860206041948035,0.4113429695897179
306,306.0,0.2021761221837425,0.3896577644239017,0.4081661133923562
307,307.0,0.202208280049177,0.3929609311339584,0.404830788816865
308,308.0,0.2024481602131017,0.3959995786602654,0.4015522611266333
309,309.0,0.2024378227641832,0.3989621029126442,0.3986000743231729
310,310.0,0.2023780258036795,0.4018655237151358,0.395756450481185
311,311.0,0.2026721590961109,0.4040137979958158,0.3933140429080735
312,312.0,0.2024234355759558,0.4063520128201617,0.3912245516038828
313,313.0,0.2024355042129375,0.4080219295039902,0.3895425662830725
314,314.0,0.2024459291861602,0.4089271710301195,0.3886268997837204
315,315.0,0.2026224134119424,0.4088648311560597,0.3885127554319981
316,316.0,0.2029940910180274,0.4087784601491466,0.3882274488328261
317,317.0,0.2025632946249078,0.408793667048139,0.3886430383269533
318,318.0,0.2024381953747548,0.4085262219562804,0.3890355826689649
319,319.0,0.2026650902362697,0.40789499393585,0.3894399158278804
320,320.0,0.2032917558917747,0.4067679903643325,0.3899402537438929
321,321.0,0.203729544893265,0.4058254671626277,0.3904449879441073
322,322.0,0.2041698660857253,0.4049346960012472,0.3908954379130276
323,323.0,0.2051321551865318,0.4040723116182375,0.3907955331952307
324,324.0,0.2060764681492242,0.4027076300284154,0.3912159018223604
325,325.0,0.2068589542450301,0.4015167717633117,0.3916242739916583
326,326.0,0.2080718503016506,0.3996775454575907,0.3922506042407588
327,327.0,0.2093426148696037,0.3979003055831078,0.3927570795472887
328,328.0,0.2106653871408501,0.3962968533977835,0.3930377594613667
329,329.0,0.2119320812957455,0.3945039152830888,0.393564003421166
330,330.0,0.2130631412410783,0.3927019493297787,0.3942349094291433
331,331.0,0.214356098394695,0.3908766020713268,0.3947672995339785
332,332.0,0.215515556995164,0.3887769725673835,0.3957074704374528
333,333.0,0.216605175430502,0.3867400276978717,0.3966547968716267
334,334.0,0.2180053274697067,0.3847037712291972,0.3972909013010965
335,335.0,0.2179308503992369,0.3833913727336884,0.3986777768670752
336,336.0,0.2172065376621994,0.3821619051351378,0.4006315572026632
337,337.0,0.215417108992307,0.3816914775227395,0.4028914134849538
338,338.0,0.2137941670717493,0.3812193585639248,0.4049864743643261
339,339.0,0.2120877538501318,0.3813831340314111,0.4065291121184575
340,340.0,0.2104936181511952,0.3813577184313143,0.4081486634174908
341,341.0,0.2092072767559302,0.3816212176118859,0.4091715056321842
342,342.0,0.2068993730145344,0.3823256235263915,0.4107750034590742
343,343.0,0.2045375097029452,0.3829241278647433,0.4125383624323118
344,344.0,0.202517773969871,0.3835292448467355,0.4139529811833937
345,345.0,0.2004906977804686,0.3843749372010054,0.4151343650185262
346,346.0,0.1985520831861121,0.3851041026631547,0.4163438141507334
347,347.0,0.1969338469112034,0.3856281999855641,0.4174379531032328
348,348.0,0.1953479912970517,0.386461686793258,0.4181903219096905
349,349.0,0.1940382719262705,0.3874079270116621,0.4185538010620676
350,350.0,0.1929590412866963,0.3883288861299245,0.4187120725833794
351,351.0,0.1920438849644775,0.3895098580615138,0.4184462569740089
352,352.0,0.1912671909116886,0.390409640472156,0.4183231686161555
353,353.0,0.1906912686566003,0.3910049933948546,0.4183037379485451
354,354.0,0.1905255350214191,0.3910872329100959,0.4183872320684851
355,355.0,0.190441896270323,0.3903362393273278,0.4192218644023492
356,356.0,0.1900389220728636,0.3888611873742966,0.4210998905528398
357,357.0,0.1898642265577123,0.3873714375581352,0.4227643358841526
358,358.0,0.1897795159857158,0.3845259550859311,0.4256945289283531
359,359.0,0.1900353380335836,0.3815899312344183,0.4283747307319981
360,360.0,0.1905010952474533,0.3786290267494024,0.4308698780031441
361,361.0,0.1910416747522627,0.3758201994125178,0.4331381258352195
362,362.0,0.1915862938860085,0.3732271069223404,0.435186599191651
363,363.0,0.1921823101349273,0.3710251724589873,0.4367925174060853
364,364.0,0.1929879288170563,0.3689109855627445,0.438101085620199
365,365.0,0.1938100266109696,0.3672217008825146,0.4389682725065157
366,366.0,0.1946577116926793,0.3657959666651837,0.4395463216421368
367,367.0,0.1960524091935696,0.3642094576585741,0.4397381331478562
368,368.0,0.1973547615626224,0.364361991078006,0.4382832473593716
369,369.0,0.1986095949989285,0.3648689538102135,0.436521451190858
370,370.0,0.2003009721274502,0.3653734010698852,0.4343256268026645
371,371.0,0.2014809625177116,0.3662519402139713,0.432267097268317
372,372.0,0.2026348275683804,0.368072462034808,0.4292927103968116
373,373.0,0.2035208981111188,0.3700132050852092,0.426465896803672
374,374.0,0.2041638873708853,0.3721805709224183,0.4236555417066964
375,375.0,0.2047539119425307,0.3743604833032505,0.4208856047542189
376,376.0,0.2052663044808869,0.377251225019881,0.4174824704992321
377,377.0,0.2056011693889645,0.3815165602346294,0.4128822703764062
378,378.0,0.2059033597017689,0.385751863173107,0.4083447771251242
379,379.0,0.2062905482911426,0.3900819485208402,0.4036275031880172
380,380.0,0.2063679699164695,0.3941364169384418,0.3994956131450888
381,381.0,0.2061275560765325,0.3981695047498123,0.3957029391736553
382,382.0,0.2061904137307104,0.4015635051253148,0.3922460811439749
383,383.0,0.2057466021389748,0.4062943637598617,0.3879590341011636
384,384.0,0.2051270004003871,0.4114245158530754,0.3834484837465376
385,385.0,0.2045941929921769,0.4162031895096671,0.3792026174981561
386,386.0,0.2040565939625077,0.4206789970281619,0.3752644090093305
387,387.0,0.2034585148119208,0.4245520471615615,0.3719894380265179
388,388.0,0.2027978672298976,0.4281214359673669,0.3690806968027357
389,389.0,0.2022341052184447,0.4311401588896041,0.3666257358919514
390,390.0,0.2020653784744994,0.4335849128980535,0.3643497086274473
391,391.0,0.2019882916867293,0.4356621104080117,0.3623495979052591
392,392.0,0.2020119676845061,0.4373812564646117,0.3606067758508824
393,393.0,0.2017892229701925,0.4389917932641214,0.3592189837656864
394,394.0,0.2010035448645353,0.4404704072118449,0.35852604792362
395,395.0,0.200760427770667,0.4414093683930482,0.357830203836285
396,396.0,0.2005599494490229,0.4422811336382497,0.3571589169127276
397,397.0,0.2003747908296568,0.4428498498311978,0.3567753593391456
398,398.0,0.19987123652007,0.4434857825738219,0.3566429809061083
399,399.0,0.1994582273038448,0.4442489933402131,0.3562927793559422
400,400.0,0.1990725310915508,0.4449137606067818,0.3560137083016675
401,401.0,0.1985233956196932,0.4457510323861092,0.3557255719941977
402,402.0,0.1980508861168532,0.4466769737325454,0.3552721401506016
403,403.0,0.1977213791990809,0.4474949683842165,0.3547836524167028
404,404.0,0.1973473275705642,0.4481120490260841,0.3545406234033519
405,405.0,0.1975965166445027,0.4482074820919487,0.3541960012635489
406,406.0,0.2069652049046337,0.4392526907052151,0.3537821043901514
407,407.0,0.2162944569801551,0.4305389147208895,0.3531666282989555
408,408.0,0.2256217550525076,0.4217509338267272,0.3526273111207654
409,409.0,0.2351568954637563,0.412846990861469,0.3519961136747749
410,410.0,0.2441092845200326,0.404613602912278,0.3512771125676897
411,411.0,0.2528074867900255,0.3966269527988691,0.3505655604111056
412,412.0,0.2611766816267594,0.3890214023126844,0.3498019160605564
413,413.0,0.2691501381903929,0.3817176043791696,0.3491322574304377
414,414.0,0.2769904550806195,0.3745536024810826,0.348455942438298
415,415.0,0.2844131406390409,0.3678597883541185,0.3477270710068407
416,416.0,0.2912735752735177,0.3615383068506174,0.3471881178758649
417,417.0,0.2973870177423263,0.3557643516086026,0.3468486306490711
418,418.0,0.3029728992062226,0.3502588019337064,0.3467682988600711
419,419.0,0.3078866317311057,0.3451447122767331,0.3469686559921612
420,420.0,0.3120353802241596,0.3408484082123266,0.3471162115635138
421,421.0,0.3154408377674764,0.337227941707415,0.3473312205251086
422,422.0,0.3183138847332153,0.3339744146574511,0.3477117006093337
423,423.0,0.3207009508065027,0.3314767620671739,0.3478222871263235
424,424.0,0.3225804314546777,0.3293872042698442,0.3480323642754781
425,425.0,0.3240910535363177,0.3278741071735089,0.3480348392901734
426,426.0,0.3250959620126581,0.3268676456537909,0.3480363923335509
427,427.0,0.3258326055957822,0.3263237018103021,0.3478436925939157
428,428.0,0.3260558371432295,0.3258940546461898,0.3480501082105806
429,429.0,0.3253413407819622,0.3261421546813154,0.3485165045367223
430,430.0,0.3243388385576711,0.3265548341686959,0.3491063272736328
431,431.0,0.3231432950745093,0.3274521310202417,0.3494045739052488
432,432.0,0.3217249329726492,0.3286310124217947,0.349644054605556
433,433.0,0.3198320861550212,0.3300673411874407,0.3501005726575382
434,434.0,0.3181094791891519,0.3321780426401077,0.3497124781707404
435,435.0,0.3163170676377659,0.3344069152601737,0.3492760171020604
436,436.0,0.3142124774582884,0.3368051136923468,0.3489824088493648
437,437.0,0.3122581711942735,0.3391045377546691,0.3486372910510575
438,438.0,0.310270857412445,0.3413344012310261,0.348394741356529
439,439.0,0.3085258742233631,0.3433124333353449,0.3481616924412922
440,440.0,0.3071004544479539,0.3452571378552129,0.3476424076968333
441,441.0,0.3050122672701935,0.3475590764811341,0.3474286562486726
442,442.0,0.302896724612739,0.3503735652314462,0.3467297101558151
443,443.0,0.3008795923528547,0.3530731953204577,0.3460472123266878
444,444.0,0.2989716073177982,0.3555992154103779,0.3454291772718241
445,445.0,0.2975245500564019,0.3585489673212625,0.3439264826223359
446,446.0,0.2963616697132619,0.3612370723227499,0.3424012579639883
447,447.0,0.2926228768129275,0.3647434024534619,0.3426337207336108
448,448.0,0.2893574143310143,0.3673920129350624,0.3432505727339234
449,449.0,0.2861641685343709,0.3707403406104148,0.3430954908552144
450,450.0,0.2833264410645005,0.3736940764834793,0.3429794824520204
451,451.0,0.2806368123382821,0.3764686018041906,0.3428945858575274
452,452.0,0.2776221043715674,0.3792723386927401,0.3431055569356926
453,453.0,0.2746148785973306,0.3812970938196679,0.3440880275830016
454,454.0,0.2719637075263797,0.3831479026184444,0.3448883898551759
455,455.0,0.2695672923004925,0.3849539158790325,0.345478791820475
456,456.0,0.2672555504424548,0.3865595130931686,0.3461849364643766
457,457.0,0.2651496607415363,0.3878640210455842,0.3469863182128795
458,458.0,0.2633234999816209,0.388969422811402,0.3477070772069771
459,459.0,0.2618730052685466,0.3895162407090151,0.3486107540224384
460,460.0,0.2607093170835191,0.3897078908718041,0.349582792044677
461,461.0,0.2599121075058923,0.3891492119709423,0.3509386805231656
462,462.0,0.259611984243096,0.3880751770816897,0.3523128386752144
463,463.0,0.2594234841454176,0.3882071223883947,0.3523693934661878
464,464.0,0.2592713591943222,0.3883396289304273,0.3523890118752507
465,465.0,0.2592019395938912,0.3896766095878158,0.3511214508182931
466,466.0,0.2588553580477821,0.3898953349498056,0.3512493070024124
467,467.0,0.2588606495710342,0.3900856611805467,0.3510536892484193
468,468.0,0.2590740173892144,0.3909832361835977,0.3499427464271881
469,469.0,0.2593061487133398,0.3920795319851079,0.3486143193015526
470,470.0,0.2595191036012438,0.3929028607777977,0.3475780356209588
471,471.0,0.25960991753884,0.3936041381044181,0.3467859443567422
472,472.0,0.2594757546002161,0.394407196218092,0.3461170491816922
473,473.0,0.2595336369956695,0.3949894733174182,0.3454768896869127
474,474.0,0.2595604692299562,0.3956082441924463,0.3448312865775978
475,475.0,0.2596270581507072,0.3961423124070705,0.3442306294422226
476,476.0,0.2597508549663159,0.3966776302674651,0.3435715147662194
477,477.0,0.259823925235813,0.3969383816500801,0.3432376931141072
478,478.0,0.259899721255269,0.3968348106417875,0.3432654681029438
479,479.0,0.2599789223809123,0.3967022500382867,0.3433188275808013
480,480.0,0.2602020775894701,0.3964702140888537,0.3433277083216764
481,481.0,0.2605908682955937,0.395872205975286,0.3435369257291203
482,482.0,0.2615227255891865,0.3951759425046687,0.343301331906145
483,483.0,0.2619589171307049,0.394981760651062,0.3430593222182332
484,484.0,0.2623831316107696,0.3947170475218634,0.3428998208673672
485,485.0,0.2628347881553358,0.3946171098159652,0.3425481020286992
486,486.0,0.2632080177054975,0.3946325903232214,0.3421593919712813
487,487.0,0.263189984664668,0.3949703544005964,0.3418396609347358
488,488.0,0.2632753309882031,0.3953119503792062,0.3414127186325909
489,489.0,0.2635300888056561,0.3957784314765429,0.3406914797178011
490,490.0,0.2638577812248966,0.3963786207790166,0.3397635979960869
491,491.0,0.2643037467982821,0.3974575986711374,0.3382386545305806
492,492.0,0.2649722014325822,0.3980941913776026,0.3369336071898153
493,493.0,0.2655710882064207,0.3991166613884623,0.3353122504051172
494,494.0,0.2659606558058421,0.4001611436371818,0.3338782005569763
495,495.0,0.2665860557860753,0.400576696586764,0.3328372476271609
496,496.0,0.2674764668739038,0.4000002286774108,0.3325233044486855
497,497.0,0.2684509019377363,0.3996944491794531,0.3318546488828107
498,498.0,0.2699509691418316,0.3995258723328297,0.3305231585253388
499,499.0,0.2718090716434106,0.4001710123732625,0.328019915983327
500,500.0,0.2734926851636541,0.4009189756616523,0.3255883391746937
501,501.0,0.2752414798949045,0.4012411220409151,0.3235173980641805
502,502.0,0.276707244385329,0.4017017616369595,0.3215909939777115
503,503.0,0.2778447932605032,0.4025141318806562,0.3196410748588406
504,504.0,0.2792948352680316,0.4026012683517701,0.3181038963801982
505,505.0,0.2815163108259831,0.4013825209790471,0.3171011681949697
506,506.0,0.28372331811491,0.3999572499371903,0.3163194319478998
507,507.0,0.285664991147851,0.3986031168904831,0.3157318919616659
508,508.0,0.2876210804234697,0.3973564806071836,0.3150224389693468
509,509.0,0.2895935369841508,0.3962367358043958,0.3141697272114536
510,510.0,0.2913451659833185,0.3967232215109044,0.3119316125057773
511,511.0,0.2934707180902718,0.3977474101629102,0.3087818717468182
512,512.0,0.2965661311066372,0.3976928399517228,0.3057410289416401
513,513.0,0.2995275107804469,0.3976953651290014,0.3027771240905519
514,514.0,0.302119779344207,0.3978169676321924,0.3000632530236009
515,515.0,0.3043830566634015,0.3977376026480202,0.2978793406885784
516,516.0,0.3063974568584372,0.3978093780964351,0.295793165045128
517,517.0,0.3081712815849351,0.397816770171876,0.294011948243189
518,518.0,0.3097132235358154,0.3976025025520933,0.2926842739120916
519,519.0,0.3109252471173075,0.397351554448385,0.2917231984343076
520,520.0,0.3120956513975333,0.3970608147140964,0.2908435338883705
521,521.0,0.3129832117076145,0.3969517532882561,0.2900650350041297
522,522.0,0.3135408087785373,0.396793857601149,0.2896653336203141
523,523.0,0.3141851723863457,0.3964669326868106,0.289347894926844
524,524.0,0.3145578315571218,0.3963600908663853,0.2890820775764932
525,525.0,0.3146635219567728,0.3963161476854594,0.2890203303577682
526,526.0,0.3145838343298076,0.3961405415528419,0.2892756241173508
527,527.0,0.314396858922668,0.3958922106475541,0.2897109304297782
528,528.0,0.3143101059574093,0.3957448081594678,0.2899450858831233
529,529.0,0.3140858755374027,0.3956379782907975,0.2902761461718002
530,530.0,0.3136709603190169,0.395633010820933,0.2906960288600505
531,531.0,0.3133807647834151,0.3957842877795391,0.2908349474370462
532,532.0,0.3131584822356337,0.3960463371976789,0.2907951805666879
533,533.0,0.3125494760843729,0.3964733983018279,0.2909771256137997
534,534.0,0.31192659884986,0.3970341242202226,0.2910392769299179
535,535.0,0.3114787768581399,0.3977926989490375,0.2907285241928231
536,536.0,0.3109245295005716,0.3984659185946457,0.2906095519047832
537,537.0,0.3102138667816209,0.3990103814896976,0.290775751728682
538,538.0,0.309484501045417,0.399474329532014,0.2910411694225694
539,539.0,0.3087261416764371,0.3998076961969073,0.2914661621266559
540,540.0,0.3080058856110139,0.4002100478429435,0.291784066546043
541,541.0,0.3073756232868343,0.4004814333708501,0.2921429433423159
542,542.0,0.3068908899182127,0.4009156336898965,0.2921934763918912
543,543.0,0.3062679132170204,0.4014494289749968,0.292282657807983
544,544.0,0.3057007533496237,0.4012928575169798,0.2930063891333969
545,545.0,0.3054079711500752,0.4013219006259697,0.2932701282239554
546,546.0,0.3041751749666406,0.4017126234153456,0.2941122016180141
547,547.0,0.3031740160380973,0.4022575463384218,0.2945684376234811
548,548.0,0.3022057233786611,0.4025843687000642,0.295209907921275
549,549.0,0.3013614528466151,0.4028701266563189,0.2957684204970663
550,550.0,0.3005966527098957,0.4016793105241467,0.2977240367659579
551,551.0,0.3002863106564203,0.4003369058880553,0.2993767834555246
552,552.0,0.3002570577529085,0.3992644630830485,0.3004784791640432
553,553.0,0.3001703791165924,0.3970049818252394,0.3028246390581685
554,554.0,0.3001198163758138,0.3947291228441935,0.305151060779993
555,555.0,0.2999907052191696,0.3931639093120122,0.3068453854688185
556,556.0,0.2998484791163204,0.3916078606306643,0.3085436602530155
557,557.0,0.2998028020651113,0.390005515606975,0.3101916823279138
558,558.0,0.2997133055180956,0.3871266196537474,0.3131600748281572
559,559.0,0.299702232649526,0.3842096742427546,0.3160880931077196
560,560.0,0.2998384678590913,0.3812613493705323,0.3189001827703766
561,561.0,0.3001455833423839,0.3781088607098652,0.3217455559477511
562,562.0,0.3006016371775592,0.3739790351664516,0.3254193276559894
563,563.0,0.301251824552105,0.3699089662109401,0.3288392092369552
564,564.0,0.3020436944876997,0.3665239684745128,0.3314323370377877
565,565.0,0.3028878783772505,0.3625442923572918,0.3345678292654579
566,566.0,0.2997517972179264,0.3606235735714955,0.3396246292105782
567,567.0,0.2969238056133981,0.3630173493401689,0.3400588450464331
568,568.0,0.2941821694400071,0.3653463374493969,0.340471493110596
569,569.0,0.2904095460190125,0.3682208285642615,0.3413696254167261
570,570.0,0.2867435943631277,0.3713994363289963,0.341856969307876
571,571.0,0.2834456481128276,0.3749333043116075,0.341621047575565
572,572.0,0.2804354681782487,0.3786120470581881,0.3409524847635631
573,573.0,0.2774351137447325,0.3823995358549535,0.340165350400314
574,574.0,0.2748833948021274,0.3858154583808221,0.3393011468170506
575,575.0,0.2728831909786557,0.3885509004211279,0.3385659086002164
576,576.0,0.2709409531296843,0.3908432887242418,0.3382157581460739
577,577.0,0.2692089972435428,0.393021227719163,0.3377697750372942
578,578.0,0.2680194444034918,0.3939678540464914,0.338012701550017
579,579.0,0.2672223776489969,0.3949664726765601,0.3378111496744431
580,580.0,0.2672667889204947,0.3949884617152261,0.3377447493642793
581,581.0,0.2644156402496739,0.3970114548482702,0.3385729049020561
582,582.0,0.2619590266591353,0.3970366380923145,0.3410043352485504
583,583.0,0.2599868349326495,0.3959925109153464,0.3440206541520043
584,584.0,0.2582435001480978,0.3998689281461337,0.3418875717057687
585,585.0,0.2565387238254277,0.4036301876691183,0.3398310885054543
586,586.0,0.2553663377488038,0.4074172812772856,0.3372163809739109
587,587.0,0.2542789740035445,0.4110475434915233,0.3346734825049324
588,588.0,0.2533579052102641,0.4146550326216127,0.3319870621681234
589,589.0,0.2524026267053841,0.418173851770298,0.329423521524318
590,590.0,0.2515925894947268,0.4214830959334604,0.3269243145718128
591,591.0,0.2509802018452099,0.4245599715915562,0.324459826563234
592,592.0,0.2506562907917241,0.4256331912270747,0.3237105179812012
593,593.0,0.2505033180583219,0.4265716799219781,0.3229250020197001
594,594.0,0.2500146435765251,0.4275943379248458,0.3223910184986292
595,595.0,0.249693078490344,0.4282814238306495,0.3220254976790066
596,596.0,0.2495704570650561,0.4286394732617546,0.3217900696731893
597,597.0,0.2496085266997003,0.4287443277307855,0.3216471455695143
598,598.0,0.2497888573618016,0.4285187409379388,0.3216924017002596
599,599.0,0.2500325606948723,0.4281150349370393,0.3218524043680884
