,Unnamed: 0,Total_iterations,Intertwine_two,Invert_path_vertices,Insert_inside_vertex,Delete_inside_vertex,Replace_inside_vertex,Donate_between_routes,Trim_one_terminal_cb,Grow_one_terminal_cb
0,0.0,0.0,0.125,0.125,0.125,0.125,0.125,0.125,0.125,0.125
1,1.0,1.0,0.125,0.125,0.125,0.125,0.125,0.125,0.125,0.125
2,2.0,2.0,0.125,0.125,0.125,0.125,0.125,0.125,0.125,0.125
3,3.0,3.0,0.125,0.125,0.125,0.125,0.125,0.125,0.125,0.125
4,4.0,4.0,0.125,0.125,0.125,0.125,0.125,0.125,0.125,0.125
5,5.0,5.0,0.125,0.125,0.125,0.125,0.125,0.125,0.125,0.125
6,6.0,6.0,0.125,0.125,0.125,0.125,0.125,0.125,0.125,0.125
7,7.0,7.0,0.125,0.125,0.125,0.125,0.125,0.125,0.125,0.125
8,8.0,8.0,0.125,0.125,0.125,0.125,0.125,0.125,0.125,0.125
9,9.0,9.0,0.125,0.125,0.125,0.125,0.125,0.125,0.125,0.125
10,10.0,10.0,0.125,0.125,0.125,0.125,0.125,0.125,0.125,0.125
11,11.0,11.0,0.125,0.125,0.125,0.125,0.125,0.125,0.125,0.125
12,12.0,12.0,0.125,0.125,0.125,0.125,0.125,0.125,0.125,0.125
13,13.0,13.0,0.125,0.125,0.125,0.125,0.125,0.125,0.125,0.125
14,14.0,14.0,0.125,0.125,0.125,0.125,0.125,0.125,0.125,0.125
15,15.0,15.0,0.125,0.125,0.125,0.125,0.125,0.125,0.125,0.125
16,16.0,16.0,0.125,0.125,0.125,0.125,0.125,0.125,0.125,0.125
17,17.0,17.0,0.125,0.125,0.125,0.125,0.125,0.125,0.125,0.125
18,18.0,18.0,0.125,0.125,0.125,0.125,0.125,0.125,0.125,0.125
19,19.0,19.0,0.125,0.125,0.125,0.125,0.125,0.125,0.125,0.125
20,20.0,20.0,0.125,0.125,0.125,0.125,0.125,0.125,0.125,0.125
21,21.0,21.0,0.125,0.125,0.125,0.125,0.125,0.125,0.125,0.125
22,22.0,22.0,0.125,0.125,0.125,0.125,0.125,0.125,0.125,0.125
23,23.0,23.0,0.125,0.125,0.125,0.125,0.125,0.125,0.125,0.125
24,24.0,24.0,0.125,0.125,0.125,0.125,0.125,0.125,0.125,0.125
25,25.0,25.0,0.125,0.125,0.125,0.125,0.125,0.125,0.125,0.125
26,26.0,26.0,0.125,0.125,0.125,0.125,0.125,0.125,0.125,0.125
27,27.0,27.0,0.125,0.125,0.125,0.125,0.125,0.125,0.125,0.125
28,28.0,28.0,0.125,0.125,0.125,0.125,0.125,0.125,0.125,0.125
29,29.0,29.0,0.125,0.125,0.125,0.125,0.125,0.125,0.125,0.125
30,30.0,30.0,0.125,0.125,0.125,0.125,0.125,0.125,0.125,0.125
31,31.0,31.0,0.125,0.125,0.125,0.125,0.125,0.125,0.125,0.125
32,32.0,32.0,0.125,0.125,0.125,0.125,0.125,0.125,0.125,0.125
33,33.0,33.0,0.125,0.125,0.125,0.125,0.125,0.125,0.125,0.125
34,34.0,34.0,0.125,0.125,0.125,0.125,0.125,0.125,0.125,0.125
35,35.0,35.0,0.125,0.125,0.125,0.125,0.125,0.125,0.125,0.125
36,36.0,36.0,0.125,0.125,0.125,0.125,0.125,0.125,0.125,0.125
37,37.0,37.0,0.125,0.125,0.125,0.125,0.125,0.125,0.125,0.125
38,38.0,38.0,0.125,0.125,0.125,0.125,0.125,0.125,0.125,0.125
39,39.0,39.0,0.125,0.125,0.125,0.125,0.125,0.125,0.125,0.125
40,40.0,40.0,0.125,0.125,0.125,0.125,0.125,0.125,0.125,0.125
41,41.0,41.0,0.125,0.125,0.125,0.125,0.125,0.125,0.125,0.125
42,42.0,42.0,0.125,0.125,0.125,0.125,0.125,0.125,0.125,0.125
43,43.0,43.0,0.125,0.125,0.125,0.125,0.125,0.125,0.125,0.125
44,44.0,44.0,0.125,0.125,0.125,0.125,0.125,0.125,0.125,0.125
45,45.0,45.0,0.125,0.125,0.125,0.125,0.125,0.125,0.125,0.125
46,46.0,46.0,0.125,0.125,0.125,0.125,0.125,0.125,0.125,0.125
47,47.0,47.0,0.125,0.125,0.125,0.125,0.125,0.125,0.125,0.125
48,48.0,48.0,0.125,0.125,0.125,0.125,0.125,0.125,0.125,0.125
49,49.0,49.0,0.125,0.125,0.125,0.125,0.125,0.125,0.125,0.125
50,50.0,50.0,0.125,0.125,0.125,0.125,0.125,0.125,0.125,0.125
51,51.0,51.0,0.125,0.125,0.125,0.125,0.125,0.125,0.125,0.125
52,52.0,52.0,0.125,0.125,0.125,0.125,0.125,0.125,0.125,0.125
53,53.0,53.0,0.125,0.125,0.125,0.125,0.125,0.125,0.125,0.125
54,54.0,54.0,0.125,0.125,0.125,0.125,0.125,0.125,0.125,0.125
55,55.0,55.0,0.125,0.125,0.125,0.125,0.125,0.125,0.125,0.125
56,56.0,56.0,0.125,0.125,0.125,0.125,0.125,0.125,0.125,0.125
57,57.0,57.0,0.125,0.125,0.125,0.125,0.125,0.125,0.125,0.125
58,58.0,58.0,0.125,0.125,0.125,0.125,0.125,0.125,0.125,0.125
59,59.0,59.0,0.125,0.125,0.125,0.125,0.125,0.125,0.125,0.125
60,60.0,60.0,0.125,0.125,0.125,0.125,0.125,0.125,0.125,0.125
61,61.0,61.0,0.125,0.125,0.125,0.125,0.125,0.125,0.125,0.125
62,62.0,62.0,0.125,0.125,0.125,0.125,0.125,0.125,0.125,0.125
63,63.0,63.0,0.125,0.125,0.125,0.125,0.125,0.125,0.125,0.125
64,64.0,64.0,0.125,0.125,0.125,0.125,0.125,0.125,0.125,0.125
65,65.0,65.0,0.125,0.125,0.125,0.125,0.125,0.125,0.125,0.125
66,66.0,66.0,0.125,0.125,0.125,0.125,0.125,0.125,0.125,0.125
67,67.0,67.0,0.125,0.125,0.125,0.125,0.125,0.125,0.125,0.125
68,68.0,68.0,0.125,0.125,0.125,0.125,0.125,0.125,0.125,0.125
69,69.0,69.0,0.125,0.125,0.125,0.125,0.125,0.125,0.125,0.125
70,70.0,70.0,0.125,0.125,0.125,0.125,0.125,0.125,0.125,0.125
71,71.0,71.0,0.125,0.125,0.125,0.125,0.125,0.125,0.125,0.125
72,72.0,72.0,0.125,0.125,0.125,0.125,0.125,0.125,0.125,0.125
73,73.0,73.0,0.125,0.125,0.125,0.125,0.125,0.125,0.125,0.125
74,74.0,74.0,0.125,0.125,0.125,0.125,0.125,0.125,0.125,0.125
75,75.0,75.0,0.125,0.125,0.125,0.125,0.125,0.125,0.125,0.125
76,76.0,76.0,0.125,0.125,0.125,0.125,0.125,0.125,0.125,0.125
77,77.0,77.0,0.125,0.125,0.125,0.125,0.125,0.125,0.125,0.125
78,78.0,78.0,0.125,0.125,0.125,0.125,0.125,0.125,0.125,0.125
79,79.0,79.0,0.125,0.125,0.125,0.125,0.125,0.125,0.125,0.125
80,80.0,80.0,0.125,0.125,0.125,0.125,0.125,0.125,0.125,0.125
81,81.0,81.0,0.125,0.125,0.125,0.125,0.125,0.125,0.125,0.125
82,82.0,82.0,0.125,0.125,0.125,0.125,0.125,0.125,0.125,0.125
83,83.0,83.0,0.125,0.125,0.125,0.125,0.125,0.125,0.125,0.125
84,84.0,84.1,0.125,0.125,0.125,0.125,0.125,0.125,0.125,0.125
85,85.0,85.1,0.125,0.125,0.125,0.125,0.125,0.125,0.125,0.125
86,86.0,86.1,0.125,0.125,0.125,0.125,0.125,0.125,0.125,0.125
87,87.0,87.1,0.125,0.125,0.125,0.125,0.125,0.125,0.125,0.125
88,88.0,88.2,0.125,0.125,0.125,0.125,0.125,0.125,0.125,0.125
89,89.0,89.2,0.125,0.125,0.125,0.125,0.125,0.125,0.125,0.125
90,90.0,90.2,0.125,0.125,0.125,0.125,0.125,0.125,0.125,0.125
91,91.0,91.2,0.125,0.125,0.125,0.125,0.125,0.125,0.125,0.125
92,92.0,92.2,0.125,0.125,0.125,0.125,0.125,0.125,0.125,0.125
93,93.0,93.2,0.125,0.125,0.125,0.125,0.125,0.125,0.125,0.125
94,94.0,94.2,0.125,0.125,0.125,0.125,0.125,0.125,0.125,0.125
95,95.0,95.2,0.125,0.125,0.125,0.125,0.125,0.125,0.125,0.125
96,96.0,96.2,0.125,0.125,0.125,0.125,0.125,0.125,0.125,0.125
97,97.0,97.2,0.125,0.125,0.125,0.125,0.125,0.125,0.125,0.125
98,98.0,98.2,0.125,0.125,0.125,0.125,0.125,0.125,0.125,0.125
99,99.0,99.3,0.125,0.125,0.125,0.125,0.125,0.125,0.125,0.125
100,100.0,100.4,0.125,0.125,0.125,0.125,0.125,0.125,0.125,0.125
101,101.0,101.4,0.125,0.125,0.125,0.125,0.125,0.125,0.125,0.125
102,102.0,102.4,0.125,0.125,0.125,0.125,0.125,0.125,0.125,0.125
103,103.0,103.4,0.125,0.125,0.125,0.125,0.125,0.125,0.125,0.125
104,104.0,104.4,0.125,0.125,0.125,0.125,0.125,0.125,0.125,0.125
105,105.0,105.4,0.125,0.125,0.125,0.125,0.125,0.125,0.125,0.125
106,106.0,106.4,0.125,0.125,0.125,0.125,0.125,0.125,0.125,0.125
107,107.0,107.4,0.125,0.125,0.125,0.125,0.125,0.125,0.125,0.125
108,108.0,108.4,0.125,0.125,0.125,0.125,0.125,0.125,0.125,0.125
109,109.0,109.4,0.125,0.125,0.125,0.125,0.125,0.125,0.125,0.125
110,110.0,110.4,0.125,0.125,0.125,0.125,0.125,0.125,0.125,0.125
111,111.0,111.4,0.125,0.125,0.125,0.125,0.125,0.125,0.125,0.125
112,112.0,112.4,0.125,0.125,0.125,0.125,0.125,0.125,0.125,0.125
113,113.0,113.4,0.125,0.125,0.125,0.125,0.125,0.125,0.125,0.125
114,114.0,114.4,0.125,0.125,0.125,0.125,0.125,0.125,0.125,0.125
115,115.0,115.4,0.125,0.125,0.125,0.125,0.125,0.125,0.125,0.125
116,116.0,116.4,0.125,0.125,0.125,0.125,0.125,0.125,0.125,0.125
117,117.0,117.4,0.125,0.125,0.125,0.125,0.125,0.125,0.125,0.125
118,118.0,118.4,0.125,0.125,0.125,0.125,0.125,0.125,0.125,0.125
119,119.0,119.4,0.125,0.125,0.125,0.125,0.125,0.125,0.125,0.125
120,120.0,120.4,0.125,0.125,0.125,0.125,0.125,0.125,0.125,0.125
121,121.0,121.4,0.125,0.125,0.125,0.125,0.125,0.125,0.125,0.125
122,122.0,122.4,0.125,0.125,0.125,0.125,0.125,0.125,0.125,0.125
123,123.0,123.4,0.125,0.125,0.125,0.125,0.125,0.125,0.125,0.125
124,124.0,124.4,0.125,0.125,0.125,0.125,0.125,0.125,0.125,0.125
125,125.0,125.4,0.125,0.125,0.125,0.125,0.125,0.125,0.125,0.125
126,126.0,126.4,0.125,0.125,0.125,0.125,0.125,0.125,0.125,0.125
127,127.0,127.4,0.125,0.125,0.125,0.125,0.125,0.125,0.125,0.125
128,128.0,128.4,0.125,0.125,0.125,0.125,0.125,0.125,0.125,0.125
129,129.0,129.4,0.125,0.125,0.125,0.125,0.125,0.125,0.125,0.125
130,130.0,130.4,0.125,0.125,0.125,0.125,0.125,0.125,0.125,0.125
131,131.0,131.4,0.125,0.125,0.125,0.125,0.125,0.125,0.125,0.125
132,132.0,132.4,0.125,0.125,0.125,0.125,0.125,0.125,0.125,0.125
133,133.0,133.4,0.125,0.125,0.125,0.125,0.125,0.125,0.125,0.125
134,134.0,134.4,0.125,0.125,0.125,0.125,0.125,0.125,0.125,0.125
135,135.0,135.4,0.125,0.125,0.125,0.125,0.125,0.125,0.125,0.125
136,136.0,136.4,0.125,0.125,0.125,0.125,0.125,0.125,0.125,0.125
137,137.0,137.4,0.125,0.125,0.125,0.125,0.125,0.125,0.125,0.125
138,138.0,138.4,0.125,0.125,0.125,0.125,0.125,0.125,0.125,0.125
139,139.0,139.4,0.125,0.125,0.125,0.125,0.125,0.125,0.125,0.125
140,140.0,140.4,0.125,0.125,0.125,0.125,0.125,0.125,0.125,0.125
141,141.0,141.4,0.125,0.125,0.125,0.125,0.125,0.125,0.125,0.125
142,142.0,142.4,0.125,0.125,0.125,0.125,0.125,0.125,0.125,0.125
143,143.0,143.4,0.125,0.125,0.125,0.125,0.125,0.125,0.125,0.125
144,144.0,144.4,0.125,0.125,0.125,0.125,0.125,0.125,0.125,0.125
145,145.0,145.4,0.125,0.125,0.125,0.125,0.125,0.125,0.125,0.125
146,146.0,146.4,0.125,0.125,0.125,0.125,0.125,0.125,0.125,0.125
147,147.0,147.4,0.125,0.125,0.125,0.125,0.125,0.125,0.125,0.125
148,148.0,148.4,0.125,0.125,0.125,0.125,0.125,0.125,0.125,0.125
149,149.0,149.4,0.125,0.125,0.125,0.125,0.125,0.125,0.125,0.125
150,150.0,150.4,0.125,0.125,0.125,0.125,0.125,0.125,0.125,0.125
151,151.0,151.4,0.125,0.125,0.125,0.125,0.125,0.125,0.125,0.125
152,152.0,152.4,0.125,0.125,0.125,0.125,0.125,0.125,0.125,0.125
153,153.0,153.4,0.125,0.125,0.125,0.125,0.125,0.125,0.125,0.125
154,154.0,154.4,0.125,0.125,0.125,0.125,0.125,0.125,0.125,0.125
155,155.0,155.4,0.125,0.125,0.125,0.125,0.125,0.125,0.125,0.125
156,156.0,156.4,0.125,0.125,0.125,0.125,0.125,0.125,0.125,0.125
157,157.0,157.4,0.125,0.125,0.125,0.125,0.125,0.125,0.125,0.125
158,158.0,158.4,0.125,0.125,0.125,0.125,0.125,0.125,0.125,0.125
159,159.0,159.4,0.125,0.125,0.125,0.125,0.125,0.125,0.125,0.125
160,160.0,160.4,0.125,0.125,0.125,0.125,0.125,0.125,0.125,0.125
161,161.0,161.4,0.125,0.125,0.125,0.125,0.125,0.125,0.125,0.125
162,162.0,162.4,0.125,0.125,0.125,0.125,0.125,0.125,0.125,0.125
163,163.0,163.4,0.125,0.125,0.125,0.125,0.125,0.125,0.125,0.125
164,164.0,164.4,0.125,0.125,0.125,0.125,0.125,0.125,0.125,0.125
165,165.0,165.4,0.125,0.125,0.125,0.125,0.125,0.125,0.125,0.125
166,166.0,166.4,0.125,0.125,0.125,0.125,0.125,0.125,0.125,0.125
167,167.0,167.4,0.125,0.125,0.125,0.125,0.125,0.125,0.125,0.125
168,168.0,168.4,0.125,0.125,0.125,0.125,0.125,0.125,0.125,0.125
169,169.0,169.4,0.125,0.125,0.125,0.125,0.125,0.125,0.125,0.125
170,170.0,170.4,0.125,0.125,0.125,0.125,0.125,0.125,0.125,0.125
171,171.0,171.4,0.125,0.125,0.125,0.125,0.125,0.125,0.125,0.125
172,172.0,172.4,0.125,0.125,0.125,0.125,0.125,0.125,0.125,0.125
173,173.0,173.4,0.125,0.125,0.125,0.125,0.125,0.125,0.125,0.125
174,174.0,174.4,0.125,0.125,0.125,0.125,0.125,0.125,0.125,0.125
175,175.0,175.4,0.125,0.125,0.125,0.125,0.125,0.125,0.125,0.125
176,176.0,176.4,0.125,0.125,0.125,0.125,0.125,0.125,0.125,0.125
177,177.0,177.4,0.125,0.125,0.125,0.125,0.125,0.125,0.125,0.125
178,178.0,178.4,0.125,0.125,0.125,0.125,0.125,0.125,0.125,0.125
179,179.0,179.4,0.125,0.125,0.125,0.125,0.125,0.125,0.125,0.125
180,180.0,180.4,0.125,0.125,0.125,0.125,0.125,0.125,0.125,0.125
181,181.0,181.4,0.125,0.125,0.125,0.125,0.125,0.125,0.125,0.125
182,182.0,182.4,0.125,0.125,0.125,0.125,0.125,0.125,0.125,0.125
183,183.0,183.4,0.125,0.125,0.125,0.125,0.125,0.125,0.125,0.125
184,184.0,184.4,0.125,0.125,0.125,0.125,0.125,0.125,0.125,0.125
185,185.0,185.4,0.125,0.125,0.125,0.125,0.125,0.125,0.125,0.125
186,186.0,186.4,0.125,0.125,0.125,0.125,0.125,0.125,0.125,0.125
187,187.0,187.4,0.125,0.125,0.125,0.125,0.125,0.125,0.125,0.125
188,188.0,188.4,0.125,0.125,0.125,0.125,0.125,0.125,0.125,0.125
189,189.0,189.4,0.125,0.125,0.125,0.125,0.125,0.125,0.125,0.125
190,190.0,190.4,0.125,0.125,0.125,0.125,0.125,0.125,0.125,0.125
191,191.0,191.4,0.125,0.125,0.125,0.125,0.125,0.125,0.125,0.125
192,192.0,192.4,0.125,0.125,0.125,0.125,0.125,0.125,0.125,0.125
193,193.0,193.4,0.125,0.125,0.125,0.125,0.125,0.125,0.125,0.125
194,194.0,194.4,0.125,0.125,0.125,0.125,0.125,0.125,0.125,0.125
195,195.0,195.4,0.125,0.125,0.125,0.125,0.125,0.125,0.125,0.125
196,196.0,196.4,0.125,0.125,0.125,0.125,0.125,0.125,0.125,0.125
197,197.0,197.4,0.125,0.125,0.125,0.125,0.125,0.125,0.125,0.125
198,198.0,198.4,0.125,0.125,0.125,0.125,0.125,0.125,0.125,0.125
199,199.0,199.4,0.125,0.125,0.125,0.125,0.125,0.125,0.125,0.125
200,200.0,200.4,0.11370370370370371,0.11370370370370371,0.11370370370370371,0.12370370370370369,0.11370370370370371,0.1174074074074074,0.17296296296296296,0.13111111111111112
201,201.0,201.4,0.11370370370370371,0.11370370370370371,0.11370370370370371,0.12370370370370369,0.11370370370370371,0.1174074074074074,0.17296296296296296,0.13111111111111112
202,202.0,202.4,0.11370370370370371,0.11370370370370371,0.11370370370370371,0.12370370370370369,0.11370370370370371,0.1174074074074074,0.17296296296296296,0.13111111111111112
203,203.0,203.4,0.11370370370370371,0.11370370370370371,0.11370370370370371,0.12370370370370369,0.11370370370370371,0.1174074074074074,0.17296296296296296,0.13111111111111112
204,204.0,204.4,0.11357142857142857,0.11357142857142857,0.11357142857142857,0.12357142857142858,0.11357142857142857,0.11714285714285713,0.1742857142857143,0.1307142857142857
205,205.0,205.4,0.11357142857142857,0.11357142857142857,0.11357142857142857,0.12357142857142858,0.11357142857142857,0.11714285714285713,0.1742857142857143,0.1307142857142857
206,206.0,206.4,0.11205938697318008,0.11205938697318008,0.11205938697318008,0.13317049808429118,0.11205938697318008,0.11550766283524905,0.17412835249042144,0.128955938697318
207,207.0,207.4,0.11194444444444444,0.11194444444444444,0.11194444444444444,0.13305555555555554,0.12194444444444444,0.11527777777777777,0.17527777777777778,0.11861111111111111
208,208.0,208.4,0.11183691756272403,0.11183691756272403,0.11183691756272403,0.13294802867383512,0.12183691756272401,0.1150627240143369,0.17635304659498208,0.11828853046594982
209,209.0,209.4,0.110625,0.110625,0.110625,0.130625,0.12062500000000001,0.12375,0.17625,0.11687499999999999
210,210.0,210.4,0.10914141414141414,0.10914141414141414,0.10914141414141414,0.14025252525252524,0.11914141414141415,0.12217171717171718,0.1758080808080808,0.1152020202020202
211,211.0,211.4,0.10703208556149732,0.10703208556149732,0.10703208556149732,0.1361229946524064,0.11612299465240641,0.12906417112299468,0.18467914438502675,0.1129144385026738
212,212.0,212.4,0.10603896103896102,0.10603896103896102,0.10603896103896102,0.1342207792207792,0.12707792207792207,0.12798701298701298,0.18084415584415586,0.11175324675324674
213,213.0,213.4,0.10603896103896102,0.10603896103896102,0.10603896103896102,0.1342207792207792,0.12707792207792207,0.11798701298701297,0.18084415584415586,0.12175324675324672
214,214.0,214.4,0.10520202020202019,0.10520202020202019,0.10520202020202019,0.1326262626262626,0.12540404040404038,0.11707070707070706,0.18853535353535353,0.12075757575757573
215,215.0,215.4,0.10512694512694512,0.10512694512694512,0.10512694512694512,0.13255118755118753,0.12525389025389022,0.11692055692055689,0.18936117936117935,0.1205323505323505
216,216.0,216.4,0.10191479573058519,0.10191479573058519,0.10191479573058519,0.128698012513802,0.1213295914611704,0.1136372837688627,0.2134127714390872,0.11717795362532205
217,217.0,217.4,0.10184731934731935,0.10184731934731935,0.10184731934731935,0.1377214452214452,0.12119463869463867,0.1044114219114219,0.21415501165501166,0.11697552447552446
218,218.0,218.4,0.10087412587412588,0.10087412587412588,0.10087412587412588,0.13674825174825173,0.12265734265734266,0.1033741258741259,0.2187237762237762,0.11587412587412586
219,219.0,219.4,0.10005557450679403,0.10005557450679403,0.10005557450679403,0.1359297003809199,0.12171684007049859,0.10249459889703791,0.22231948945363583,0.11737264767752573
220,220.0,220.4,0.09935647685647685,0.09935647685647685,0.09935647685647685,0.1352306027306027,0.12328255078255075,0.10173742923742923,0.22518065268065265,0.11649933399933399
221,221.0,221.4,0.0991051906749581,0.0991051906749581,0.0991051906749581,0.134025825595593,0.12155812533719508,0.10976410540364027,0.23125443677769258,0.10608193486100462
222,222.0,222.4,0.10675074925074923,0.10389360639360637,0.09675074925074924,0.12927822177822174,0.11840409590409588,0.1144080919080919,0.22694555444555445,0.10356893106893106
223,223.0,223.4,0.10488206238206237,0.1029340104340104,0.09579115329115326,0.12740953490953488,0.11729298479298475,0.12248889998889997,0.22674353424353422,0.10245781995781993
224,224.0,224.4,0.1048337532033184,0.10288570125526646,0.09574284411240931,0.12736122573079095,0.11709974807800891,0.12456619467489032,0.22524594970247142,0.10226458324284408
225,225.0,225.4,0.09474420969101818,0.10141087635768484,0.09474420969101818,0.1349773099241184,0.11548616277339678,0.12347505331547884,0.23403498983286214,0.10112718841442243
226,226.0,226.4,0.09428321678321676,0.10053321678321676,0.09428321678321676,0.134516317016317,0.11489219114219111,0.12292540792540792,0.2380332167832168,0.10053321678321676
227,227.0,227.4,0.09306645735217163,0.09931645735217162,0.09306645735217163,0.139701072736787,0.11313121402407114,0.12086603872318155,0.2416633961276818,0.09918890633176344
228,228.0,228.4,0.09195094704548486,0.09820094704548485,0.09195094704548486,0.1506110777644391,0.10983810190742962,0.12103257969854606,0.23834200346805384,0.09807339602507667
229,229.0,229.4,0.0901453914899293,0.09602774443110576,0.10014539148992929,0.1473676137121515,0.10737895158063222,0.11718620781645991,0.24548085901027078,0.09626784046952111
230,230.0,230.4,0.08888517080246403,0.09444072635801957,0.09888517080246402,0.15748840966886077,0.10553393557152953,0.11464393584694335,0.24511503116766273,0.09500761978205584
231,231.0,231.4,0.08832961524690848,0.09359277314164531,0.09832961524690847,0.15640653832383153,0.10445206422650029,0.11408838029138779,0.25034894929631774,0.09445206422650029
232,232.0,232.4,0.08782836211407638,0.09282836211407638,0.09782836211407639,0.15542909471480898,0.10347462061747774,0.11358712715855572,0.25507326007326003,0.09395081109366821
233,233.0,233.4,0.08733300033300032,0.09209490509490509,0.09733300033300032,0.16219314019314018,0.1024239094239094,0.10535864135864134,0.2599304029304029,0.09333300033300032
234,234.0,234.4,0.09368956278163439,0.09130861040068201,0.09654670563877724,0.15881378638411883,0.10112471075386675,0.10398368042869319,0.2621038850322738,0.09242905857995372
235,235.0,235.4,0.092518315018315,0.0906135531135531,0.09585164835164833,0.162518315018315,0.10412087912087908,0.10277472527472524,0.259981684981685,0.0916208791208791
236,236.0,236.4,0.09148203054806828,0.08999393530997304,0.09523203054806827,0.16973203054806826,0.10289240790655885,0.10170215633423178,0.25807300089847257,0.09089240790655885
237,237.0,237.4,0.09144708994708994,0.08995899470899471,0.09519708994708995,0.16969708994708993,0.10275264550264548,0.1016322751322751,0.2585621693121693,0.09075264550264549
238,238.0,238.4,0.09052427964192669,0.08940383146265499,0.09464192670075021,0.1762030126736009,0.1016349336937572,0.10067579479344183,0.25681974887857245,0.09009647215529568
239,239.0,239.4,0.09525132275132273,0.08890211640211639,0.09414021164021161,0.17284391534391533,0.10060846560846559,0.10160052910052908,0.25715608465608464,0.08949735449735448
240,240.0,240.4,0.09356950067476381,0.08780508964719488,0.09830634278002698,0.17494023520339308,0.10077501445922496,0.09950742240215923,0.2567900520532099,0.08830634278002698
241,241.0,241.4,0.09207717569786535,0.0868390804597701,0.09707717569786534,0.18003284072249587,0.09931855500821017,0.09766830870279145,0.2597372742200329,0.08724958949096881
242,242.0,242.4,0.09100227456159657,0.0860239195832416,0.09624036979969182,0.17719275075207278,0.0982581260547362,0.09677305745102353,0.26794629099713846,0.08656321080049892
243,243.0,243.4,0.09021714844295488,0.08567169389750033,0.10281455104035746,0.17541614299678815,0.09747032537355116,0.09614788437369082,0.2644693478564446,0.08779290601871245
244,244.0,244.4,0.08901994373528585,0.08486974610682735,0.10133878431499599,0.18153805967731484,0.09625666861055313,0.09461747283958614,0.26547765610488344,0.08688166861055312
245,245.0,245.4,0.08857683603213054,0.08442663840367207,0.10047900994517403,0.1852616186408262,0.09570779676144331,0.09370481639678693,0.26551048705852354,0.08633279676144331
246,246.0,246.4,0.08798595887630413,0.0836381327893476,0.09952048573052408,0.18246485913205862,0.09501451305159744,0.09857744184630372,0.26715909552226685,0.08563951305159744
247,247.0,247.4,0.08745320048309177,0.0829242149758454,0.09866092995169082,0.1843191425120773,0.09438254830917872,0.0985492149758454,0.2671407004830918,0.08657004830917872
248,248.0,248.4,0.08679098679098676,0.08262432012432011,0.09817987567987566,0.1858061383061383,0.09370240870240867,0.09820124320124318,0.268545066045066,0.08614996114996112
249,249.0,249.4,0.08571948588047659,0.08171948588047659,0.09698264377521341,0.18914982643775213,0.09260362135284736,0.09653926259499013,0.27199043062200956,0.08529524345623417
250,250.0,250.4,0.08473429555519105,0.08088814170903721,0.0958881417090372,0.18934968017057568,0.09158356568804328,0.09651959980318188,0.27268574708873217,0.08835082827620139
251,251.0,251.4,0.08396753573224161,0.08040628217098802,0.09502573679044264,0.1960839378486437,0.090775814599344,0.09525760731643082,0.27072386219445044,0.08775922334745861
252,252.0,252.4,0.08681912573216918,0.07967626858931205,0.09408944800249146,0.1959058748189183,0.08987777444299182,0.0939567546089285,0.2727521084042823,0.08692264540090625
253,253.0,253.4,0.0860932896504584,0.07919673792632048,0.09361903976241544,0.19959165154264974,0.0892343319112829,0.09354738727696983,0.27237796686072546,0.08633959506917763
254,254.0,254.4,0.08600569254284647,0.07910914081870854,0.0935314426548035,0.20344222153109964,0.08886382275648909,0.08885397345086513,0.2740423119053522,0.0861513943398353
255,255.0,255.4,0.08566086495663958,0.07542276971854435,0.09330155759733223,0.20183302612880077,0.08874888022775346,0.0887390309221295,0.2802574186377004,0.08603645181109967
256,256.0,256.4,0.08525461993203928,0.0784573849089978,0.09300283945445234,0.20216706232835263,0.08828713401294044,0.08848915421496065,0.27859435367499885,0.08574745147325791
257,257.0,257.4,0.08508864930870444,0.07839222073727588,0.09315412549918063,0.20578841702066727,0.090502770353046,0.08413871454027652,0.2772471381636517,0.08568796437719758
258,258.0,258.4,0.08451152451152451,0.08245524745524745,0.09245524745524744,0.20414355914355914,0.08980870480870479,0.08347899847899848,0.2779390429390429,0.0852076752076752
259,259.0,259.4,0.08807464803849782,0.08168519570584062,0.09168519570584063,0.1995957411171295,0.08903185206302455,0.08274401923525239,0.28267221245738283,0.0845111356770315
260,260.0,260.4,0.08566397538836626,0.0832855694805486,0.08809076428574342,0.20326497626302445,0.08775323131124717,0.08656448870374026,0.285961653436078,0.07941534113125173
261,261.0,261.4,0.08249065697935426,0.08610213089443347,0.08796614922904007,0.2031403612063211,0.08756026355461219,0.08638860912208816,0.2872540706962372,0.07909775831791341
262,262.0,262.4,0.08193727166553251,0.0855155683688292,0.08753022038348124,0.20092301116757633,0.0869730480871785,0.08591960877286961,0.2925395649036953,0.07866170665083708
263,263.0,263.4,0.07746061298207692,0.08100555608398205,0.08316448716696376,0.20853030034235318,0.08800803504573454,0.08623197217996334,0.29703759015399084,0.0785614460449353
264,264.0,264.4,0.0767266952513146,0.08023822148342907,0.08253551878072637,0.21094356415685683,0.08840674551513653,0.08530339855237669,0.2979927497874972,0.07785310647266254
265,265.0,265.4,0.07666654622536972,0.08017807245748419,0.0824753697547815,0.2125234860528978,0.08810600038541214,0.08515145493086669,0.2971852266705208,0.07771384352266703
266,266.0,266.4,0.076268721150635,0.0797091236274152,0.08207754468004677,0.21500135264716952,0.08754750264373906,0.08453831184986918,0.2975474616916858,0.07730998170943941
267,267.0,267.4,0.07618641987569463,0.07849250153554045,0.08206345423374165,0.21589904210269859,0.08616761524574187,0.08454669621627396,0.2994482359254299,0.0771960348648788
268,268.0,268.4,0.07598847403068996,0.07837392076990086,0.08194487346810206,0.21534908878803938,0.08589217173500426,0.08438889976435986,0.3010644824240293,0.07699808901987414
269,269.0,269.4,0.07598318924227666,0.07844371105656263,0.07938308480739541,0.2196939731196162,0.08697042182974324,0.08002798945507869,0.30258010478842934,0.07691752570089774
270,270.0,270.4,0.07559963062898666,0.07799267606000677,0.07906700257737126,0.22194050896319842,0.08643573712866458,0.07963154400076725,0.30280492176019885,0.07652797888080601
271,271.0,271.4,0.07509873488221255,0.07749880150446438,0.078701333150034,0.2239509815325938,0.08585858986425274,0.07918790471255492,0.30368418408891423,0.07601947026497326
272,272.0,272.4,0.07462748859359103,0.07703405598935262,0.07835853885443445,0.2233789435809213,0.08531108742276858,0.07876942357656265,0.30698129040746586,0.07553917157490335
273,273.0,273.4,0.07418314586992829,0.07659574382050093,0.07803637070416579,0.2227945660952726,0.08479064968982541,0.07837374822214385,0.3089784834927608,0.0762472921054022
274,274.0,274.4,0.07376330880563878,0.0785070927757128,0.07773288023523592,0.22395707415476468,0.08429501888609701,0.07799883320145766,0.3079431583762854,0.07580263356480763
275,275.0,275.4,0.07336587172466699,0.0780620194587894,0.07744636928617722,0.22333131149368596,0.08382220754656369,0.07764288926554311,0.3098132868877085,0.07651604433686493
276,276.0,276.4,0.07543771024025578,0.0777626374636228,0.07729850244252576,0.22406617611429724,0.08349360934199519,0.07742749535285748,0.30829043945205525,0.07622342959239033
277,277.0,277.4,0.07514179653282568,0.07747581364394791,0.07715660615908274,0.22259086461755695,0.08317629673573534,0.07721989729832326,0.31129743658775033,0.07594128842477767
278,278.0,278.4,0.0769573115395712,0.07707760959146095,0.07689716251362631,0.21858810614787427,0.08274651341174251,0.0768965012118652,0.3152909259405132,0.07554586964334611
279,279.0,279.4,0.07663703672867525,0.0768136098345274,0.07676614148009701,0.2193101601506311,0.08245000534644883,0.07670320541036135,0.3160369136583199,0.07528292739093906
280,280.0,280.4,0.07632969949598942,0.07655999899526662,0.07664008166124442,0.21795842188835812,0.08216310045090265,0.07651648083939941,0.31772814768030244,0.0761040689885368
281,281.0,281.4,0.07735284958097816,0.07696987085757388,0.07474451874489783,0.22010704302853065,0.0805390197937441,0.07372386021927602,0.3197715704535356,0.07679126732146362
282,282.0,282.4,0.07679043952263764,0.07642279246381412,0.0744129885422455,0.22240569844672006,0.07999665925749516,0.07327601148421581,0.3203891468868249,0.07630626339604665
283,283.0,283.4,0.0762509478952964,0.07589772968493534,0.07409583295153176,0.22502174457121268,0.07947436138656704,0.07284557350777916,0.3205739643775831,0.07583984562509433
284,284.0,284.4,0.07584440614818357,0.07550478350667414,0.07390355964129933,0.22537926659615345,0.07913609628241805,0.07392650236013756,0.3192246038257168,0.07708078163941685
285,285.0,285.4,0.07540990489757464,0.07518792931488874,0.07364075950356798,0.22683355454611331,0.07867775162000218,0.07353746457735008,0.3200597474741696,0.07665288806633329
286,286.0,286.4,0.07514306549230812,0.07503421208156794,0.07348704227024717,0.22534693736558115,0.07843878289478026,0.07336243447105398,0.32274737485507254,0.07644015056938863
287,287.0,287.4,0.0748182159159023,0.07604672744630063,0.07330598670555989,0.22676132439619173,0.07817491159510333,0.07316067497261929,0.3228633857009488,0.07486877326737387
288,288.0,288.4,0.07458047304851656,0.07581279628083983,0.0732067356747792,0.22742415426833698,0.07794257930800715,0.07300974420213381,0.32339321368040747,0.07463030353697885
289,289.0,289.4,0.07441592394533568,0.07574925727866902,0.07314319667260841,0.22708674985145572,0.077749257278669,0.07289572192513366,0.3245288175876411,0.07443107546048719
290,290.0,290.4,0.07410795825179387,0.07544129158512718,0.0729651011089367,0.2297749510763209,0.07744455316373122,0.07266829745596867,0.3234771689497717,0.07412067840834961
291,291.0,291.4,0.07381221059517044,0.07689992989341607,0.07279466673552133,0.23060927081328333,0.07715056719043167,0.07111631511657565,0.32379584352460855,0.07382119613099287
292,292.0,292.4,0.07352792244577232,0.07658539371014014,0.07263137072163439,0.23180129927087326,0.07686666483928144,0.07090588052555595,0.3241494892458381,0.07353197924090416
293,293.0,293.4,0.07326391877000575,0.0762921673575764,0.0724842577530566,0.2325695982228752,0.07664937643210716,0.07074122369732903,0.32466135803116963,0.07333809973588004
294,294.0,294.4,0.07300986268633325,0.07600986268633325,0.07100986268633325,0.23201086168733226,0.07545956984192274,0.0705830737889561,0.3287652053828524,0.0731517012399365
295,295.0,295.4,0.07292904949048508,0.07581975987299874,0.07095637189485668,0.23096393809914423,0.07530140550202621,0.07048437786946457,0.33053968380285426,0.07300541346817009
296,296.0,296.4,0.07275064930278033,0.07561756275245424,0.0708863799567553,0.22993059475923877,0.07680584383725529,0.07039815743412206,0.33071894132893787,0.07289187062845597
297,297.0,297.4,0.07257785909500594,0.07542168910012628,0.07081851449695167,0.23051540094383816,0.07789824620172253,0.07031446918950832,0.3296720796254934,0.0727817413473536
298,298.0,298.4,0.07270102713484064,0.07554485713996098,0.07364438523948909,0.22642611935455656,0.07794425374773006,0.07165677303181214,0.32919310706318744,0.07288947728842288
299,299.0,299.4,0.07099626328740699,0.07550419979534351,0.0736037278948716,0.22771681659332615,0.07780271623404464,0.07158600427496942,0.3299821093208496,0.0728081625991879
300,300.0,300.4,0.07094743345722258,0.07533136202865116,0.07355489806468721,0.2282862627124675,0.07764308051431543,0.07147978263415009,0.33008722333647034,0.07266995725203554
301,301.0,301.4,0.07082877064456009,0.07509250690829636,0.07336511149669042,0.22793788959578434,0.07741607223186167,0.07130496112075056,0.3315909967225757,0.07246369127948074
302,302.0,302.4,0.06765907039544987,0.07495525807873435,0.07334441278367851,0.22969472707207336,0.07731500824228672,0.0712292970253593,0.3334195156074119,0.07238271079500591
303,303.0,303.4,0.06756275623899781,0.07477147455219374,0.07327370026573131,0.22756030883853437,0.0797466064317477,0.07110477436480207,0.3337781968573018,0.07220218245069092
304,304.0,304.4,0.06740170867934557,0.0745254831891495,0.0730699779101148,0.2283947295614385,0.07941664138393344,0.07091583703183599,0.3333911549441468,0.07288446730003521
305,305.0,305.4,0.0678475989020689,0.07355551417520156,0.07317533454670595,0.23199772872733654,0.07829069115030393,0.07133415821431628,0.33360038453281604,0.07019858975125073
306,306.0,306.4,0.06929502195628506,0.07351109573757623,0.07313091610908062,0.23169794767479795,0.07812576090136172,0.07123918266449072,0.33295704434896456,0.07004303060744296
307,307.0,307.4,0.0677980542442068,0.07346780713316069,0.07308762750466508,0.2339245329955816,0.07796467608993314,0.0711463552464914,0.3327200134528694,0.06989093333309178
308,308.0,308.4,0.06755431659843422,0.07314488615959203,0.07294647346117931,0.23257101558572146,0.07764966242907417,0.07226729153199739,0.33420356604180135,0.06966278819219993
309,309.0,309.4,0.06751274772731805,0.0729836877915552,0.07418051768474146,0.2327373822097177,0.07764834405693756,0.07214007758424248,0.3331829772166074,0.06961426572888005
310,310.0,310.4,0.06856409015041923,0.07260998387022598,0.073899505401683,0.23209060593149317,0.07721268201669765,0.0717990073589099,0.3344960615799178,0.06932806369065317
311,311.0,311.4,0.06839978311484905,0.07239195532619935,0.07370106463953482,0.2331746244715907,0.07691727014066171,0.07163034683569953,0.334680583798188,0.06910437167327665
312,312.0,312.4,0.06824873546142077,0.07083723945837547,0.07351808461675594,0.23527397401064273,0.07666937656039004,0.07149714421439007,0.334993199142117,0.06896224653590777
313,313.0,313.4,0.06801692294096852,0.07057247849652407,0.07338650288676797,0.23532654353717453,0.07642031931188875,0.07126450748203132,0.3347947154471545,0.07021800989749025
314,314.0,314.4,0.06778371549506647,0.07030714736240604,0.07325078379822782,0.2377155350653824,0.0761400024352542,0.07100784150800823,0.33293858871878546,0.07085638561686937
315,315.0,315.4,0.06761747476033188,0.07010957725243439,0.0732403750260893,0.23711792604649745,0.07598826634540919,0.07211709354566494,0.33311790204647346,0.07069138497709924
316,316.0,316.4,0.06733504456592507,0.06979658302746353,0.0729892981713982,0.23401702383327017,0.07559901989976399,0.07423407975516282,0.3356194853100599,0.07040946543695611
317,317.0,317.4,0.06843492348272565,0.06955084620091354,0.07286328831267641,0.2340420471888728,0.07533789067860612,0.07397923342489851,0.33559838928177826,0.07019338142952862
318,318.0,318.4,0.06833384420676442,0.06942191752585039,0.0728035725715649,0.23316324384279818,0.07519347159763387,0.07388860829032665,0.3371658806378146,0.0700294613272468
319,319.0,319.4,0.06825065023478451,0.06938867360382053,0.07276062179649681,0.23290674230088873,0.07506749518439639,0.0738152895051955,0.33792618737895475,0.0698843399954627
320,320.0,320.4,0.06803694771872924,0.0691623188704717,0.07265889591140552,0.2344183544373633,0.07487497584825678,0.07359830446171087,0.33755196434980517,0.06969823840225728
321,321.0,321.4,0.06782848008218643,0.06894147315656161,0.07255962502435483,0.23714278123173388,0.0746869298758347,0.07338644897886884,0.3359381476167703,0.06951611403368935
322,322.0,322.4,0.06787921654503598,0.0689800970317525,0.07297104054995494,0.23518840466731777,0.07497344663379932,0.07489785454092604,0.33552746244758147,0.06958247758363169
323,323.0,323.4,0.0677379947894263,0.0687818527609951,0.07287925514153001,0.23639527734229118,0.07480024117185663,0.0746938833815372,0.3352061103191431,0.06950538509322028
324,324.0,324.4,0.06765460885357744,0.06867360593227961,0.0728318788148615,0.23671045789300496,0.07470117910244543,0.07463734954571116,0.3353630225037932,0.06942789735432651
325,325.0,325.4,0.0676482476400717,0.06864292402001007,0.07293568670450552,0.23619150359500157,0.07475435517021253,0.07473217270938934,0.33566786582794067,0.06942724433286843
326,326.0,326.4,0.06757750988322464,0.06854838847146924,0.0729079782075552,0.236710799244779,0.07471230358662997,0.07470446421243901,0.33546770673124915,0.06937084966265361
327,327.0,327.4,0.06749960903610559,0.06844719617610946,0.07286327737999611,0.2369978960519284,0.07461833000817891,0.0734461273206087,0.3368294263964599,0.06929813763061274
328,328.0,328.4,0.06730227152382885,0.0682414007684193,0.07275569837260454,0.23902906513591118,0.07439362134541123,0.0732244814413876,0.3351404356127377,0.06991302579969941
329,329.0,329.4,0.06724861265749452,0.06813932553179151,0.0728289322613335,0.2350320779389204,0.0755673300825913,0.07320518698340582,0.3380576343331586,0.06992090021130419
330,330.0,330.4,0.06717460072044248,0.06804435976464371,0.0727866762716661,0.23620207088381528,0.07547834754832725,0.07315459071016879,0.3373074406999357,0.06985191340100058
331,331.0,331.4,0.06710221953111978,0.06795144064248922,0.07274529002713145,0.23644829959331237,0.07539113962003988,0.07310501445744412,0.33747219227398256,0.06978440385448056
332,332.0,332.4,0.06692197642107155,0.06776474329256468,0.07381281781119435,0.23525747572527161,0.07519621398126415,0.07291962844242358,0.3384498597562714,0.06967728456993862
333,333.0,333.4,0.06674577513988428,0.06758216545536486,0.07370626455383723,0.2340918158314213,0.07500547453586688,0.07273834674283124,0.3405576643965901,0.06957249334420394
334,334.0,334.4,0.06688382889040782,0.06767728981544771,0.07101859763043972,0.23480913457887143,0.07534717475506947,0.07308356117566642,0.34068851105035314,0.07049190210374418
335,335.0,335.4,0.06661955414856,0.06740758867957206,0.07082162955239404,0.23168369107823183,0.07800478727292355,0.07384402321474864,0.34132267579079983,0.07029605026276983
336,336.0,336.4,0.06497565015176432,0.06575830865069353,0.06924351621873084,0.23214376257826785,0.07616903805165189,0.07320549181356648,0.34978521597152856,0.06871901656379639
337,337.0,337.4,0.06370222034223116,0.0644795536080437,0.06803441144861581,0.24179885850121688,0.07488214309710647,0.07190354884716497,0.3476883077465891,0.06751095640903174
338,338.0,338.4,0.06263426631521697,0.0644701552695148,0.06702936501541609,0.24796732953503625,0.07380085099212173,0.07080764714624928,0.34678346465622933,0.06650692107021543
339,339.0,339.4,0.06172117358545,0.06461591042755525,0.06617780853144876,0.2547858751876529,0.0728745472156038,0.06986715523787328,0.3443011862356714,0.06565634357874442
340,340.0,340.4,0.061019384504082085,0.06388654622025372,0.06550191138580252,0.26095683973333006,0.07215967395319507,0.0691842552911066,0.342332872303693,0.06495851660853678
341,341.0,341.4,0.059433949318339965,0.06339785751494613,0.06501707445976845,0.26290558708974693,0.07181480310560907,0.06878165787244571,0.34419686861987103,0.06445220201927247
342,342.0,342.4,0.058739706235653735,0.06271321474586213,0.06437049430253727,0.26047644838267087,0.0709180364678745,0.07462577046253041,0.34434886882446164,0.0638074605784093
343,343.0,343.4,0.05868210676889206,0.0626276953202378,0.06433715229420224,0.2596984239749587,0.07084773130211021,0.07458576445312914,0.34546762162272404,0.06375350426374568
344,344.0,344.4,0.0586193786220073,0.06350845112768796,0.06429817066044244,0.2666589990840083,0.07074742571414655,0.0667909821917476,0.3449698610415443,0.0644067315584153
345,345.0,345.4,0.058485600265832015,0.06332726459420818,0.0642100400782343,0.26840990331771375,0.07058999306536648,0.06662921074691623,0.3440267925191463,0.06432119541258251
346,346.0,346.4,0.058121668614952514,0.06291683668217941,0.06389080960468174,0.25890890017424295,0.07057041123536026,0.06642166512274199,0.3551652275083262,0.06400448105751486
347,347.0,347.4,0.05762554230818971,0.0623750999289163,0.06343846685366648,0.2563167039331439,0.07005133674365409,0.06684203638960345,0.35979623461400595,0.06355457922881988
348,348.0,348.4,0.05750841173140568,0.06226612033008463,0.06336423002025969,0.25678139460017,0.06991159927080667,0.06669852995067607,0.35998700300735015,0.06348271108924694
349,349.0,349.4,0.0570579612482915,0.06732633254470019,0.06295581016939623,0.2542282233830994,0.06943887564509127,0.06621339419211371,0.3597028122909104,0.06307659052639705
350,350.0,350.4,0.05685263440369036,0.06678455540115255,0.06279167649367585,0.24923709701158892,0.06629493542955996,0.06618237124657532,0.3689420405948098,0.06291468941894698
351,351.0,351.4,0.05636300882401881,0.06598853611137842,0.06234243126508576,0.25064572141133745,0.0656761555993704,0.06555182647180056,0.3709647077207789,0.062467612596229405
352,352.0,352.4,0.05600822825673035,0.06535321877819147,0.06202724192280286,0.25423051163081645,0.06530006010044556,0.06516427270666833,0.3697619366709746,0.06215452993337016
353,353.0,353.4,0.05574391304070101,0.06484030276310261,0.06178271484824199,0.2538191185440756,0.06502425405930877,0.06490585956558984,0.3719908237867015,0.061893013392278554
354,354.0,354.4,0.055596090654234064,0.0646608983955124,0.06165430226995226,0.25260706329295035,0.06378385841884694,0.06466298573511176,0.37528688098654245,0.06174792024684955
355,355.0,355.4,0.055285644263170744,0.06411227684800756,0.06138193472839325,0.25583237266806064,0.06346215246428524,0.06432007866420245,0.3741273309340595,0.06147820942982048
356,356.0,356.4,0.054993753143770786,0.06359940188099847,0.061127398909769495,0.2579662154080287,0.0631591157455044,0.0639963215035129,0.3739315366635672,0.06122625674484781
