,Unnamed: 0,Total_iterations,Intertwine_two,Invert_path_vertices,Insert_inside_vertex,Delete_inside_vertex,Replace_inside_vertex,Donate_between_routes,Trim_one_terminal_cb,Grow_one_terminal_cb
0,0.0,0.0,0.125,0.125,0.125,0.125,0.125,0.125,0.125,0.125
1,1.0,0.10900000000000001,0.125,0.125,0.125,0.125,0.125,0.125,0.125,0.125
2,2.0,0.31601,0.125,0.125,0.125,0.125,0.125,0.125,0.125,0.125
3,3.0,0.6191589000000001,0.125,0.125,0.125,0.125,0.125,0.125,0.125,0.125
4,4.0,1.015801321,0.125,0.125,0.125,0.125,0.125,0.125,0.125,0.125
5,5.0,1.50262148669,0.125,0.125,0.125,0.125,0.125,0.125,0.125,0.125
6,6.0,2.0757334209441005,0.125,0.125,0.125,0.125,0.125,0.125,0.125,0.125
7,7.0,2.7307768275633495,0.125,0.125,0.125,0.125,0.125,0.125,0.125,0.125
8,8.0,3.4630081252450404,0.125,0.125,0.125,0.125,0.125,0.125,0.125,0.125
9,9.0,4.2673862119061114,0.125,0.125,0.125,0.125,0.125,0.125,0.125,0.125
10,10.0,5.138652627782014,0.125,0.125,0.125,0.125,0.125,0.125,0.125,0.125
11,11.0,6.071405875792507,0.125,0.125,0.125,0.125,0.125,0.125,0.125,0.125
12,12.0,7.060169740244025,0.125,0.125,0.125,0.125,0.125,0.125,0.125,0.125
13,13.0,8.099455520847952,0.125,0.125,0.125,0.125,0.125,0.125,0.125,0.125
14,14.0,9.183818168183006,0.125,0.125,0.125,0.125,0.125,0.125,0.125,0.125
15,15.0,10.307906369102724,0.125,0.125,0.125,0.125,0.125,0.125,0.125,0.125
16,16.0,11.466506686239443,0.125,0.125,0.125,0.125,0.125,0.125,0.125,0.125
17,17.0,12.654581904800096,0.125,0.125,0.125,0.125,0.125,0.125,0.125,0.125
18,18.0,13.867303782456686,0.125,0.125,0.125,0.125,0.125,0.125,0.125,0.125
19,19.0,15.100080434523047,0.125,0.125,0.125,0.125,0.125,0.125,0.125,0.125
20,20.0,16.348578617037543,0.125,0.125,0.125,0.125,0.125,0.125,0.125,0.125
21,21.0,17.608741195130214,0.125,0.125,0.125,0.125,0.125,0.125,0.125,0.125
22,22.0,18.876800103462312,0.125,0.125,0.125,0.125,0.125,0.125,0.125,0.125
23,23.0,20.14928511992658,0.125,0.125,0.125,0.125,0.125,0.125,0.125,0.125
24,24.0,21.423028783545156,0.125,0.125,0.125,0.125,0.125,0.125,0.125,0.125
25,25.0,22.695167792966423,0.125,0.125,0.125,0.125,0.125,0.125,0.125,0.125
26,26.0,23.963141223515898,0.125,0.125,0.125,0.125,0.125,0.125,0.125,0.125
27,27.0,25.224685898775267,0.125,0.125,0.125,0.125,0.125,0.125,0.125,0.125
28,28.0,26.477829247520948,0.125,0.125,0.125,0.125,0.125,0.125,0.125,0.125
29,29.0,27.720879968916847,0.125,0.125,0.125,0.125,0.125,0.125,0.125,0.125
30,30.0,28.95241681848399,0.125,0.125,0.125,0.125,0.125,0.125,0.125,0.125
31,31.0,30.17127581490958,0.125,0.125,0.125,0.125,0.125,0.125,0.125,0.125
32,32.0,31.376536153543515,0.125,0.125,0.125,0.125,0.125,0.125,0.125,0.125
33,33.0,32.567505096778625,0.125,0.125,0.125,0.125,0.125,0.125,0.125,0.125
34,34.0,33.74370209472243,0.125,0.125,0.125,0.125,0.125,0.125,0.125,0.125
35,35.0,34.90484237192463,0.125,0.125,0.125,0.125,0.125,0.125,0.125,0.125
36,36.0,36.05082019768737,0.125,0.125,0.125,0.125,0.125,0.125,0.125,0.125
37,37.0,37.18169203889697,0.125,0.125,0.125,0.125,0.125,0.125,0.125,0.125
38,38.0,38.29765977559663,0.125,0.125,0.125,0.125,0.125,0.125,0.125,0.125
39,39.0,39.399054140870355,0.125,0.125,0.125,0.125,0.125,0.125,0.125,0.125
40,40.0,40.48631852820801,0.125,0.125,0.125,0.125,0.125,0.125,0.125,0.125
41,41.0,41.55999329152982,0.125,0.125,0.125,0.125,0.125,0.125,0.125,0.125
42,42.0,42.62070064560415,0.125,0.125,0.125,0.125,0.125,0.125,0.125,0.125
43,43.0,43.669130257815,0.125,0.125,0.125,0.125,0.125,0.125,0.125,0.125
44,44.0,44.70602560622662,0.125,0.125,0.125,0.125,0.125,0.125,0.125,0.125
45,45.0,45.73217116373481,0.125,0.125,0.125,0.125,0.125,0.125,0.125,0.125
46,46.0,46.748380453854836,0.125,0.125,0.125,0.125,0.125,0.125,0.125,0.125
47,47.0,47.755485010424316,0.125,0.125,0.125,0.125,0.125,0.125,0.125,0.125
48,48.0,48.7543242612326,0.125,0.125,0.125,0.125,0.125,0.125,0.125,0.125
49,49.0,49.745736344347726,0.125,0.125,0.125,0.125,0.125,0.125,0.125,0.125
50,50.0,50.730549855707864,0.125,0.125,0.125,0.125,0.125,0.125,0.125,0.125
51,51.0,51.70957651737491,0.125,0.125,0.125,0.125,0.125,0.125,0.125,0.125
52,52.0,52.68360474770151,0.125,0.125,0.125,0.125,0.125,0.125,0.125,0.125
53,53.0,53.65339410751842,0.125,0.125,0.125,0.125,0.125,0.125,0.125,0.125
54,54.0,54.61967059027847,0.125,0.125,0.125,0.125,0.125,0.125,0.125,0.125
55,55.0,55.58312271885972,0.125,0.125,0.125,0.125,0.125,0.125,0.125,0.125
56,56.0,56.544398407394254,0.125,0.125,0.125,0.125,0.125,0.125,0.125,0.125
57,57.0,57.504102543001395,0.125,0.125,0.125,0.125,0.125,0.125,0.125,0.125
58,58.0,58.462795239617805,0.125,0.125,0.125,0.125,0.125,0.125,0.125,0.125
59,59.0,59.42099071417639,0.125,0.125,0.125,0.125,0.125,0.125,0.125,0.125
60,60.0,60.379156734137354,0.125,0.125,0.125,0.125,0.125,0.125,0.125,0.125
61,61.0,61.337714584760846,0.125,0.125,0.125,0.125,0.125,0.125,0.125,0.125
62,62.0,62.29703950447439,0.125,0.125,0.125,0.125,0.125,0.125,0.125,0.125
63,63.0,63.257461537171835,0.125,0.125,0.125,0.125,0.125,0.125,0.125,0.125
64,64.0,64.21926675122782,0.125,0.125,0.125,0.125,0.125,0.125,0.125,0.125
65,65.0,65.18269877636592,0.125,0.125,0.125,0.125,0.125,0.125,0.125,0.125
66,66.0,66.14796061122655,0.125,0.125,0.125,0.125,0.125,0.125,0.125,0.125
67,67.0,67.11521665648885,0.125,0.125,0.125,0.125,0.125,0.125,0.125,0.125
68,68.0,68.08459493066005,0.125,0.125,0.125,0.125,0.125,0.125,0.125,0.125
69,69.0,69.05618942810752,0.125,0.125,0.125,0.125,0.125,0.125,0.125,0.125
70,70.0,70.03006258152917,0.125,0.125,0.125,0.125,0.125,0.125,0.125,0.125
71,71.0,71.00624779379335,0.125,0.125,0.125,0.125,0.125,0.125,0.125,0.125
72,72.0,71.98475200689319,0.125,0.125,0.125,0.125,0.125,0.125,0.125,0.125
73,73.0,72.96555827861411,0.125,0.125,0.125,0.125,0.125,0.125,0.125,0.125
74,74.0,73.94862834037681,0.125,0.125,0.125,0.125,0.125,0.125,0.125,0.125
75,75.0,74.93390511255946,0.125,0.125,0.125,0.125,0.125,0.125,0.125,0.125
76,76.0,75.92131515639825,0.125,0.125,0.125,0.125,0.125,0.125,0.125,0.125
77,77.0,76.91077104428919,0.125,0.125,0.125,0.125,0.125,0.125,0.125,0.125
78,78.0,77.90217363294813,0.125,0.125,0.125,0.125,0.125,0.125,0.125,0.125
79,79.0,78.89541422641172,0.125,0.125,0.125,0.125,0.125,0.125,0.125,0.125
80,80.0,79.89037661826481,0.125,0.125,0.125,0.125,0.125,0.125,0.125,0.125
81,81.0,80.88693900474995,0.125,0.125,0.125,0.125,0.125,0.125,0.125,0.125
82,82.0,81.88497576253909,0.125,0.125,0.125,0.125,0.125,0.125,0.125,0.125
83,83.0,82.88435908692391,0.125,0.125,0.125,0.125,0.125,0.125,0.125,0.125
84,84.0,83.89496048800102,0.125,0.125,0.125,0.125,0.125,0.125,0.125,0.125
85,85.0,84.9065521440904,0.125,0.125,0.125,0.125,0.125,0.125,0.125,0.125
86,86.0,85.91891911312993,0.125,0.125,0.125,0.125,0.125,0.125,0.125,0.125
87,87.0,86.93186019413422,0.125,0.125,0.125,0.125,0.125,0.125,0.125,0.125
88,88.0,87.95518856509673,0.125,0.125,0.125,0.125,0.125,0.125,0.125,0.125
89,89.0,88.97863221331203,0.125,0.125,0.125,0.125,0.125,0.125,0.125,0.125
90,90.0,90.00194517457267,0.125,0.125,0.125,0.125,0.125,0.125,0.125,0.125
91,91.0,91.02490738796152,0.125,0.125,0.125,0.125,0.125,0.125,0.125,0.125
92,92.0,92.04732430613188,0.125,0.125,0.125,0.125,0.125,0.125,0.125,0.125
93,93.0,93.06902628942387,0.125,0.125,0.125,0.125,0.125,0.125,0.125,0.125
94,94.0,94.08986781149244,0.125,0.125,0.125,0.125,0.125,0.125,0.125,0.125
95,95.0,95.10972650323922,0.125,0.125,0.125,0.125,0.125,0.125,0.125,0.125
96,96.0,96.12850206077893,0.125,0.125,0.125,0.125,0.125,0.125,0.125,0.125
97,97.0,97.14611504195688,0.125,0.125,0.125,0.125,0.125,0.125,0.125,0.125
98,98.0,98.16250557459747,0.125,0.125,0.125,0.125,0.125,0.125,0.125,0.125
99,99.0,99.18763199822803,0.125,0.125,0.125,0.125,0.125,0.125,0.125,0.125
100,100.0,100.22136945951326,0.125,0.125,0.125,0.125,0.125,0.125,0.125,0.125
101,101.0,101.25351948007481,0.125,0.125,0.125,0.125,0.125,0.125,0.125,0.125
102,102.0,102.28391930377947,0.125,0.125,0.125,0.125,0.125,0.125,0.125,0.125
103,103.0,103.31243995207586,0.125,0.125,0.125,0.125,0.125,0.125,0.125,0.125
104,104.0,104.33898413602186,0.125,0.125,0.125,0.125,0.125,0.125,0.125,0.125
105,105.0,105.36348406021305,0.125,0.125,0.125,0.125,0.125,0.125,0.125,0.125
106,106.0,106.38589915138299,0.125,0.125,0.125,0.125,0.125,0.125,0.125,0.125
107,107.0,107.4062137419221,0.125,0.125,0.125,0.125,0.125,0.125,0.125,0.125
108,108.0,108.42443473598809,0.125,0.125,0.125,0.125,0.125,0.125,0.125,0.125
109,109.0,109.44058928328758,0.125,0.125,0.125,0.125,0.125,0.125,0.125,0.125
110,110.0,110.45472248302426,0.125,0.125,0.125,0.125,0.125,0.125,0.125,0.125
111,111.0,111.46689513795702,0.125,0.125,0.125,0.125,0.125,0.125,0.125,0.125
112,112.0,112.47718157601693,0.125,0.125,0.125,0.125,0.125,0.125,0.125,0.125
113,113.0,113.4856675545107,0.125,0.125,0.125,0.125,0.125,0.125,0.125,0.125
114,114.0,114.49244825960997,0.125,0.125,0.125,0.125,0.125,0.125,0.125,0.125
115,115.0,115.49762641160322,0.125,0.125,0.125,0.125,0.125,0.125,0.125,0.125
116,116.0,116.50131048428112,0.125,0.125,0.125,0.125,0.125,0.125,0.125,0.125
117,117.0,117.50361304484841,0.125,0.125,0.125,0.125,0.125,0.125,0.125,0.125
118,118.0,118.50464921891049,0.125,0.125,0.125,0.125,0.125,0.125,0.125,0.125
119,119.0,119.50453528337725,0.125,0.125,0.125,0.125,0.125,0.125,0.125,0.125
120,120.0,120.50338738856357,0.125,0.125,0.125,0.125,0.125,0.125,0.125,0.125
121,121.0,121.50132040934562,0.125,0.125,0.125,0.125,0.125,0.125,0.125,0.125
122,122.0,122.49844692395601,0.125,0.125,0.125,0.125,0.125,0.125,0.125,0.125
123,123.0,123.4948763178658,0.125,0.125,0.125,0.125,0.125,0.125,0.125,0.125
124,124.0,124.49071400920594,0.125,0.125,0.125,0.125,0.125,0.125,0.125,0.125
125,125.0,125.48606079132003,0.125,0.125,0.125,0.125,0.125,0.125,0.125,0.125
126,126.0,126.4810122873095,0.125,0.125,0.125,0.125,0.125,0.125,0.125,0.125
127,127.0,127.47565851082692,0.125,0.125,0.125,0.125,0.125,0.125,0.125,0.125
128,128.0,128.47008352688434,0.125,0.125,0.125,0.125,0.125,0.125,0.125,0.125
129,129.0,129.46436520606716,0.125,0.125,0.125,0.125,0.125,0.125,0.125,0.125
130,130.0,130.45857506527105,0.125,0.125,0.125,0.125,0.125,0.125,0.125,0.125
131,131.0,131.45277818790183,0.125,0.125,0.125,0.125,0.125,0.125,0.125,0.125
132,132.0,132.4470332163905,0.125,0.125,0.125,0.125,0.125,0.125,0.125,0.125
133,133.0,133.4413924098664,0.125,0.125,0.125,0.125,0.125,0.125,0.125,0.125
134,134.0,134.43590175989607,0.125,0.125,0.125,0.125,0.125,0.125,0.125,0.125
135,135.0,135.43060115732382,0.125,0.125,0.125,0.125,0.125,0.125,0.125,0.125
136,136.0,136.42552460343552,0.125,0.125,0.125,0.125,0.125,0.125,0.125,0.125
137,137.0,137.4207004589017,0.125,0.125,0.125,0.125,0.125,0.125,0.125,0.125
138,138.0,138.41615172423226,0.125,0.125,0.125,0.125,0.125,0.125,0.125,0.125
139,139.0,139.41189634578745,0.125,0.125,0.125,0.125,0.125,0.125,0.125,0.125
140,140.0,140.40794754172924,0.125,0.125,0.125,0.125,0.125,0.125,0.125,0.125
141,141.0,141.40431414265956,0.125,0.125,0.125,0.125,0.125,0.125,0.125,0.125
142,142.0,142.40100094207025,0.125,0.125,0.125,0.125,0.125,0.125,0.125,0.125
143,143.0,143.3980090521192,0.125,0.125,0.125,0.125,0.125,0.125,0.125,0.125
144,144.0,144.395336260642,0.125,0.125,0.125,0.125,0.125,0.125,0.125,0.125
145,145.0,145.39297738570613,0.125,0.125,0.125,0.125,0.125,0.125,0.125,0.125
146,146.0,146.3909246244068,0.125,0.125,0.125,0.125,0.125,0.125,0.125,0.125
147,147.0,147.38916789299336,0.125,0.125,0.125,0.125,0.125,0.125,0.125,0.125
148,148.0,148.3876951557913,0.125,0.125,0.125,0.125,0.125,0.125,0.125,0.125
149,149.0,149.38649274075152,0.125,0.125,0.125,0.125,0.125,0.125,0.125,0.125
150,150.0,150.3855456398082,0.125,0.125,0.125,0.125,0.125,0.125,0.125,0.125
151,151.0,151.38483779256114,0.125,0.125,0.125,0.125,0.125,0.125,0.125,0.125
152,152.0,152.3843523521132,0.125,0.125,0.125,0.125,0.125,0.125,0.125,0.125
153,153.0,153.3840719321889,0.125,0.125,0.125,0.125,0.125,0.125,0.125,0.125
154,154.0,154.38397883493514,0.125,0.125,0.125,0.125,0.125,0.125,0.125,0.125
155,155.0,155.3840552590574,0.125,0.125,0.125,0.125,0.125,0.125,0.125,0.125
156,156.0,156.3842834881769,0.125,0.125,0.125,0.125,0.125,0.125,0.125,0.125
157,157.0,157.38464605950264,0.125,0.125,0.125,0.125,0.125,0.125,0.125,0.125
158,158.0,158.3851259131008,0.125,0.125,0.125,0.125,0.125,0.125,0.125,0.125
159,159.0,159.38570652220812,0.125,0.125,0.125,0.125,0.125,0.125,0.125,0.125
160,160.0,160.38637200518264,0.125,0.125,0.125,0.125,0.125,0.125,0.125,0.125
161,161.0,161.3871072198079,0.125,0.125,0.125,0.125,0.125,0.125,0.125,0.125
162,162.0,162.38789784077252,0.125,0.125,0.125,0.125,0.125,0.125,0.125,0.125
163,163.0,163.38873042123296,0.125,0.125,0.125,0.125,0.125,0.125,0.125,0.125
164,164.0,164.38959243943503,0.125,0.125,0.125,0.125,0.125,0.125,0.125,0.125
165,165.0,165.39047233142253,0.125,0.125,0.125,0.125,0.125,0.125,0.125,0.125
166,166.0,166.39135951089708,0.125,0.125,0.125,0.125,0.125,0.125,0.125,0.125
167,167.0,167.3922443773152,0.125,0.125,0.125,0.125,0.125,0.125,0.125,0.125
168,168.0,168.39311831331833,0.125,0.125,0.125,0.125,0.125,0.125,0.125,0.125
169,169.0,169.39397367258798,0.125,0.125,0.125,0.125,0.125,0.125,0.125,0.125
170,170.0,170.3948037592048,0.125,0.125,0.125,0.125,0.125,0.125,0.125,0.125
171,171.0,171.39560279956788,0.125,0.125,0.125,0.125,0.125,0.125,0.125,0.125
172,172.0,172.39636590789897,0.125,0.125,0.125,0.125,0.125,0.125,0.125,0.125
173,173.0,173.39708904631794,0.125,0.125,0.125,0.125,0.125,0.125,0.125,0.125
174,174.0,174.39776898043186,0.125,0.125,0.125,0.125,0.125,0.125,0.125,0.125
175,175.0,175.39840323133006,0.125,0.125,0.125,0.125,0.125,0.125,0.125,0.125
176,176.0,176.39899002482514,0.125,0.125,0.125,0.125,0.125,0.125,0.125,0.125
177,177.0,177.39952823872247,0.125,0.125,0.125,0.125,0.125,0.125,0.125,0.125
178,178.0,178.40001734884282,0.125,0.125,0.125,0.125,0.125,0.125,0.125,0.125
179,179.0,179.40045737446272,0.125,0.125,0.125,0.125,0.125,0.125,0.125,0.125
180,180.0,180.400848823776,0.125,0.125,0.125,0.125,0.125,0.125,0.125,0.125
181,181.0,181.40119263992017,0.125,0.125,0.125,0.125,0.125,0.125,0.125,0.125
182,182.0,182.40149014805075,0.125,0.125,0.125,0.125,0.125,0.125,0.125,0.125
183,183.0,183.40174300388776,0.125,0.125,0.125,0.125,0.125,0.125,0.125,0.125
184,184.0,184.40195314410218,0.125,0.125,0.125,0.125,0.125,0.125,0.125,0.125
185,185.0,185.40212273885416,0.125,0.125,0.125,0.125,0.125,0.125,0.125,0.125
186,186.0,186.4022541467424,0.125,0.125,0.125,0.125,0.125,0.125,0.125,0.125
187,187.0,187.4023498723744,0.125,0.125,0.125,0.125,0.125,0.125,0.125,0.125
188,188.0,188.40241252671944,0.125,0.125,0.125,0.125,0.125,0.125,0.125,0.125
189,189.0,189.40244479036278,0.125,0.125,0.125,0.125,0.125,0.125,0.125,0.125
190,190.0,190.40244937973816,0.125,0.125,0.125,0.125,0.125,0.125,0.125,0.125
191,191.0,191.40242901637862,0.125,0.125,0.125,0.125,0.125,0.125,0.125,0.125
192,192.0,192.40238639919124,0.125,0.125,0.125,0.125,0.125,0.125,0.125,0.125
193,193.0,193.4023241797307,0.125,0.125,0.125,0.125,0.125,0.125,0.125,0.125
194,194.0,194.4022449404189,0.125,0.125,0.125,0.125,0.125,0.125,0.125,0.125
195,195.0,195.4021511756341,0.125,0.125,0.125,0.125,0.125,0.125,0.125,0.125
196,196.0,196.40204527557142,0.125,0.125,0.125,0.125,0.125,0.125,0.125,0.125
197,197.0,197.40192951275932,0.125,0.125,0.125,0.125,0.125,0.125,0.125,0.125
198,198.0,198.40180603110085,0.125,0.125,0.125,0.125,0.125,0.125,0.125,0.125
199,199.0,199.4016768372972,0.125,0.125,0.125,0.125,0.125,0.125,0.125,0.125
200,200.0,200.40154379450092,0.12387037037037038,0.12387037037037038,0.12387037037037038,0.12487037037037037,0.12387037037037038,0.12424074074074075,0.1297962962962963,0.12561111111111112
201,201.0,201.40140861803928,0.12275203703703705,0.12275203703703705,0.12275203703703705,0.12474203703703703,0.12275203703703705,0.12348907407407408,0.13454462962962965,0.12621611111111114
202,202.0,202.4012728730434,0.12165505370370372,0.12165505370370372,0.12165505370370372,0.1246161537037037,0.12165505370370372,0.12275175740740742,0.13920231296296298,0.12680956111111114
203,203.0,203.4011379738167,0.12058825520370373,0.12058825520370373,0.12058825520370373,0.12449373420370369,0.12058825520370373,0.12203472890740742,0.143731834462963,0.12738668161111114
204,204.0,204.40100518477448,0.11954606352547621,0.11954606352547621,0.11954606352547621,0.12436242883547619,0.11954606352547621,0.1213166750159524,0.14823299023023814,0.1279036518164286
205,205.0,205.40087562278873,0.11854834466553098,0.11854834466553098,0.11854834466553098,0.12423634400143095,0.11854834466553098,0.12062868833491193,0.15254455766134054,0.1283970313401929
206,206.0,206.4007502607737,0.11744942437081439,0.11744942437081439,0.11744942437081439,0.12507612544777647,0.11744942437081439,0.11981112257929415,0.15662664373604712,0.12868841075362492
207,207.0,207.40062993235242,0.11639500147871956,0.11639500147871956,0.11639500147871956,0.125901378222979,0.11739500147871956,0.11900929029605055,0.16059048081956245,0.12791884474652998
208,208.0,208.40051533744975,0.11539076261731943,0.11539076261731943,0.11539076261731943,0.12670489480581504,0.11738076261731942,0.1182288207396045,0.1644123340460288,0.12710089993927423
209,209.0,209.40040704866283,0.11433021743524095,0.11433021743524095,0.11433021743524095,0.12725818820166415,0.11729131743524093,0.1183634647701167,0.16796110441583986,0.1261352728714158
210,210.0,210.40030551826797,0.11319031601115932,0.11319031601115932,0.11319031601115932,0.1287525729011642,0.1170957950111593,0.11838068146704822,0.1711936947853195,0.12500630780183108
211,211.0,211.40021108572995,0.11191298285279672,0.11191298285279672,0.11191298285279672,0.129799565594216,0.11663843907188762,0.11912333224646103,0.1750362763357734,0.1236634381932721
212,212.0,212.40012398558844,0.11061526158510375,0.11061526158510375,0.11061526158510375,0.1306148717653818,0.11731715702489985,0.11978341052309972,0.17820752955758734,0.1222312463737203
213,213.0,213.4000443556052,0.10940154943871866,0.10940154943871866,0.10940154943871866,0.131384706393985,0.11802561083314109,0.11945951699671369,0.18108802372008556,0.12183749373991896
214,214.0,214.3999722450642,0.10819188853928041,0.10819188853928041,0.10819188853928041,0.13194646662854415,0.11858635420561783,0.11906165719123865,0.18444714955669445,0.12138270680006394
215,215.0,215.39990762312664,0.10706578753890589,0.10706578753890589,0.10706578753890589,0.13245134129211705,0.11914418508781612,0.11866865885009079,0.1875938274320116,0.12094462472124701
216,216.0,216.39985038715162,0.10571169327481321,0.10571169327481321,0.10571169327481321,0.13252140944818483,0.11931490005418333,0.11796915200859295,0.19284867024687952,0.12021078841771995
217,217.0,217.39980037090257,0.10444829182336093,0.10444829182336093,0.10444829182336093,0.13344858009006633,0.11947519516133051,0.11637369098310352,0.19785789381377517,0.11949976448164187
218,218.0,218.3997573525694,0.10318790144497414,0.10318790144497414,0.10318790144497414,0.13422844297175412,0.11978292558936646,0.11471442376571662,0.20298604265927006,0.11872446067897056
219,219.0,219.39972106254385,0.10194855721198436,0.10194855721198436,0.10194855721198436,0.13487366251630492,0.11999457688659416,0.1130197275934437,0.2081183252788465,0.11814803608885793
220,220.0,220.3996911908954,0.10074430781020992,0.10074430781020992,0.10074430781020992,0.13539501072001509,0.12035885675714338,0.11131353278547315,0.21316550760091485,0.11753416870582406
221,221.0,221.39966739450284,0.09962147642092373,0.09962147642092373,0.09962147642092373,0.13574210230995915,0.12054350303635616,0.11048486403944031,0.21843550155127775,0.11592959980019575
222,222.0,222.39964930380452,0.0993703211706856,0.09908460688497131,0.0983703211706856,0.135562561592028,0.12040442796734614,0.11019625323209792,0.2228757972256547,0.114135710756531
223,223.0,223.399636529138,0.09903121703940324,0.09855355470174089,0.09713212613031233,0.13515126286088325,0.1201481459734935,0.11078670270033052,0.22689255888459092,0.11230443170924562
224,224.0,224.39962866664675,0.0987797008568013,0.0981145813762818,0.0959995099477104,0.13469884580546507,0.11986961689572347,0.11164285866322458,0.2303563956771167,0.11053849077767693
225,225.0,225.39962530373813,0.09760492246469471,0.09761973409240032,0.09487772528287655,0.1349799026741747,0.11942988350709208,0.11243351825400474,0.2343016483436825,0.10875266538107461
226,226.0,226.39962602408303,0.09647291549328187,0.09712451700211304,0.09382068463782736,0.13518672863773268,0.1189352890868663,0.11320056269731454,0.238249531853519,0.10700977059134545
227,227.0,227.39963041215262,0.09531053628880515,0.09659123267556101,0.09275229743563247,0.1358846434607677,0.11827362541740435,0.11378221422835166,0.24216348179611533,0.10524196869736258
228,228.0,228.3996380572937,0.09413040318474108,0.09602697799776161,0.09168233952215378,0.13764193159702462,0.11729739278929112,0.11439319294876983,0.2453488966218049,0.10347886533845332
229,229.0,229.39964855734775,0.09286593327413532,0.09532356821678148,0.09154150791970071,0.13902883597610124,0.11609827548249085,0.11462483047643533,0.24885958658760968,0.10165746206674567
230,230.0,230.3996615218229,0.09157468286800155,0.09453883936873397,0.09137477624444872,0.14137251729030162,0.11474737506644177,0.11460469082778287,0.25194883749679975,0.09983828083749001
231,231.0,231.39967657463234,0.09033010682627023,0.09374680695374665,0.0912442661267465,0.14353480226236465,0.11333124316254553,0.11453140203863169,0.255184217064645,0.09809715556505003
232,232.0,232.39969335641447,0.08913985815963521,0.09295599633938016,0.09114753519873293,0.14551183173693377,0.11187018829877622,0.11441088659764,0.2585201370757167,0.09644356659318533
233,233.0,233.39971152645427,0.0880059832211005,0.09216964474228015,0.09107774945456655,0.14806673544165785,0.11036621212521402,0.1134713365263652,0.2619737106013709,0.09486862788744514
234,234.0,234.39973076422555,0.08761442219240165,0.09138255143899408,0.09099886532417883,0.15016947744252224,0.10880329067499074,0.11240711841754582,0.26527884190793716,0.09334543260142986
235,235.0,235.3997507705774,0.08720564389613307,0.0906039223269406,0.09091384228126298,0.15251884119613573,0.10761949240727976,0.11124419222432305,0.2680094905100312,0.09188457515789389
236,236.0,236.39977126858832,0.08678724169368851,0.0898412906536006,0.09082473782298456,0.155454634865585,0.10639624071204384,0.11000560708687723,0.2701959277883112,0.09049431937690934
237,237.0,237.3997920041123,0.08645413353993438,0.08915295453406048,0.09078512267768699,0.15823612906481635,0.10524629961788534,0.10880085783545389,0.27209140891123446,0.08923309381892841
238,238.0,238.39981274604273,0.08611198473511088,0.08848599610358975,0.09073807239497922,0.1615046757255984,0.10407464491110147,0.10754924964825775,0.27348780748251506,0.08804756899884775
239,239.0,239.39983328631968,0.08632087807077748,0.08784474036370288,0.0906845941775461,0.16425744135681372,0.10289311175429337,0.1064465411619418,0.2746115191883794,0.08694117392654552
240,240.0,240.39985343970574,0.08643000431202699,0.08716848128269668,0.09108763307046445,0.1670304271507263,0.10182354033678374,0.10519633273380634,0.2754117021180469,0.08585187899544885
241,241.0,241.39987304335614,0.08645038039508907,0.0864696132746936,0.09139963846297045,0.17011447299768456,0.10070479485714802,0.10383034467523117,0.27624037247078154,0.08479038286640181
242,242.0,242.39989195620794,0.08641749670924583,0.08576281065168874,0.09165353809875744,0.1727052889401528,0.09957801863163909,0.10244980993761232,0.2776420464834458,0.08379099054745817
243,243.0,243.3999100582125,0.08635523655864624,0.08509407681172577,0.09258533421204164,0.17490423713096495,0.09847194103479352,0.1010880438411562,0.2784589012259112,0.08304222918476065
244,244.0,244.39992724943446,0.0862181010711828,0.08441779774754957,0.09337866620974443,0.17750060122940678,0.09734508936472028,0.09966001160626058,0.27915500578527924,0.08232472698585645
245,245.0,245.39994344903985,0.0860783867887912,0.08376935530306821,0.09408628875174727,0.18025005939883465,0.09626515146920171,0.09823309156290785,0.27964800948727053,0.08166965723817868
246,246.0,246.39995859419435,0.08591854071148952,0.0831134793726086,0.0946912238300191,0.18249501139286287,0.09521830544517285,0.09739084331718086,0.28011519844114957,0.08105739748951674
247,247.0,247.39997263889143,0.08574207758424492,0.0824570457880121,0.09519800244158547,0.1847005950028821,0.09421090962536922,0.09664186319427197,0.28040426796653434,0.08064523839709992
248,248.0,248.3999855527299,0.08553415062950274,0.08184093776860107,0.09564062703991472,0.1868305053063975,0.09323795581370706,0.09595205742400947,0.2806722314207437,0.08029153459712382
249,249.0,249.39999731965722,0.08525243464079861,0.08120379095030399,0.09594465847434444,0.18907154972272014,0.09225706317714198,0.09518752602792026,0.28113666333346965,0.079946313673301
250,250.0,250.40000793669523,0.08490504173083312,0.08055238134599439,0.09611921641172227,0.1911092578378432,0.09127571981951006,0.09451099885792985,0.2815327213744807,0.07999466262168652
251,251.0,251.40001741266252,0.0845140046678128,0.07992128435194126,0.096187767316476,0.19359902513258806,0.09031481414745673,0.0937960111657159,0.28160451537910497,0.08006257783890434
252,252.0,252.40002576690645,0.08444176562173156,0.07928514567731633,0.0961442139466989,0.19584685852204645,0.0893648050314924,0.09303705293348025,0.28176314807240344,0.08011701019483071
253,253.0,253.40003302805692,0.08432794047319174,0.07866857903297468,0.09603742743044985,0.19823907640790084,0.0884505822680686,0.09232225080802678,0.28177839294533524,0.08017575063405233
254,254.0,254.40003923281176,0.08423439162051738,0.07811019093123946,0.09590837597838417,0.2007906552553623,0.08759856836193994,0.09122183887719762,0.2818645435745904,0.08027143540076881
255,255.0,255.400044424763,0.08413342790371305,0.07724899402853602,0.09574547183254212,0.2029526723406051,0.08683291413749608,0.09019629523231448,0.28248536749746245,0.08040485702733075
256,256.0,256.4000486532715,0.0840172104266584,0.07675911609204837,0.09554454714464417,0.2049206948751608,0.08611681037491788,0.08923374563810092,0.28285552304317957,0.08055235240528999
257,257.0,257.4000519723964,0.08390839173002954,0.07632869222020679,0.09535342645310693,0.20702651430002425,0.08571558385898828,0.08792496112160891,0.28301132978950844,0.08073110052652695
258,258.0,258.40005443988485,0.08376454499913233,0.0763682486925172,0.09508953701679085,0.208744885021897,0.0853329453051581,0.08664322098482498,0.28316310442248493,0.08089351355719471
259,259.0,259.40005611622564,0.08399886508914609,0.0763877143302832,0.09474868845355025,0.20979062361015613,0.08495564292717837,0.08538451471228657,0.28372077792916334,0.08101317294823611
260,260.0,260.4000570637701,0.08400944373463883,0.07661824559549896,0.09405184667714689,0.2109967630292486,0.08452897080317737,0.08460732105908043,0.28454114252832563,0.08064626657288336
261,261.0,261.4000573459224,0.08371817799121838,0.07717405311443214,0.09335261674879951,0.21199250913309925,0.08415791172099364,0.08390983048947631,0.2854229175026652,0.08027198329931573
262,262.0,262.40005702640025,0.08338842508063915,0.0777049044067116,0.09262585225353338,0.21257842414342257,0.08379926051862109,0.08325997672823686,0.2867633759322523,0.0798797809365832
263,263.0,263.4000561685663,0.08262947005862122,0.07780977598089955,0.09148423456744159,0.21374992244043278,0.08361171100802699,0.08273294100427706,0.28847735293362464,0.0795045920066763
264,264.0,264.4000548348301,0.0818213301949634,0.07785938473864425,0.09031068433733047,0.21499340106821152,0.08352675073580956,0.08220074180171143,0.29020105057041407,0.0790866565529154
265,265.0,265.4000530861192,0.08103704306564041,0.07792180608546784,0.08917072257206993,0.21623002565370297,0.08346901192563472,0.08173759472475801,0.2917495431239978,0.07868425284872851
266,266.0,266.4000509814182,0.08024769717337352,0.07795365307832232,0.08803802094768909,0.21755370904406438,0.08340756710690782,0.08129358664946128,0.29323376675980484,0.07827199924037694
267,267.0,267.4000485773731,0.0794892659826119,0.07787820786819481,0.08695757567843938,0.2188092694769736,0.08325567738562221,0.08092726507033877,0.2948027824047244,0.07787995613309508
268,268.0,268.4000459279588,0.0787538548653568,0.07780459203918955,0.08592437564510372,0.2198551762613832,0.0831205516639926,0.08061799031539646,0.296422975670219,0.07750048353935877
269,269.0,269.40004308420635,0.0780638025726392,0.0777510101090581,0.08469852172726094,0.22118591992577613,0.08313447972470996,0.0799412610995099,0.29807912691314226,0.07714587792790362
270,270.0,270.40004009398706,0.07738359351456074,0.07766460988175927,0.08351049060900137,0.22259332334002638,0.08313190593029805,0.07929342754333653,0.299637154507703,0.07678549467331475
271,271.0,271.40003700184985,0.07670347615875699,0.07754074288341854,0.08236026077951773,0.22405450552602285,0.08310491310086981,0.07866939457853357,0.30115898324820417,0.07640772372467641
272,272.0,272.4000338489078,0.07602819849690601,0.07738236861961117,0.08125418522712767,0.22531133045831817,0.08305340607786982,0.0780711018979519,0.30288359175491747,0.07601581746729788
273,273.0,273.4000306727709,0.0753620072298407,0.0771925174389968,0.0801975439512228,0.2263647112800451,0.08297758279732449,0.07750005416677262,0.30467643570601444,0.07572914742978314
274,274.0,274.40002750752,0.07470866276945384,0.0772068185357801,0.07919460602354488,0.2273933033737008,0.08287790943338587,0.07695735664719637,0.30622948322822163,0.07543185998871661
275,275.0,275.40002438371897,0.07407145550737035,0.07718818493359204,0.07824869353584579,0.22822209769969373,0.0827550933664149,0.0764437492515289,0.30783137560083107,0.07523935010472337
276,276.0,276.4000213284609,0.07369809698522704,0.07715021483735811,0.07737456237005477,0.2289925911930884,0.08262237022748566,0.07597195460429977,0.309140613105483,0.0750495966770034
277,277.0,277.400018365444,0.07334987907710534,0.07709348359504273,0.07657289409322326,0.22948924003668167,0.08247990053296846,0.0755411350238257,0.310611124836705,0.07486234280444803
278,278.0,278.40001551507436,0.07323595363502758,0.07700642837219923,0.07583128540018785,0.22946696439475608,0.08231566343753136,0.0751378454154982,0.3123407974475916,0.07466506189720835
279,279.0,279.4000127945909,0.07313860683511343,0.07690239050813935,0.07516139424423744,0.22941033313482995,0.08214250774485071,0.07477314174581674,0.3140016028540993,0.07447002293291331
280,280.0,280.40001021820996,0.07305524529085773,0.07678250753982326,0.07456193369435542,0.22912318944482712,0.0819610521078995,0.07444553662265267,0.3156858042301967,0.07438473106938781
281,281.0,281.40000779728496,0.0731152794515778,0.07671337496912395,0.07385364438749581,0.22896797456227713,0.08163735445235756,0.07389213939196014,0.31742635118050877,0.07439388160469902
282,282.0,282.40000554047964,0.07315544489168581,0.0765990127750031,0.07319193973463096,0.22896953739446363,0.08128080716215881,0.073347614219104,0.31907805327184885,0.07437759055110506
283,283.0,283.40000345395003,0.07317399457135841,0.07644181831929454,0.07257690047605737,0.2291669101664033,0.08089484333484047,0.07281378173854094,0.32059617783928046,0.07433557355422468
284,284.0,284.4000015415339,0.07318080464159185,0.07625560780498714,0.07201932713707264,0.22933884620769118,0.08049944456035635,0.0724417433089624,0.3218273317601653,0.0744368945791733
285,285.0,285.3999998049441,0.07317011959480697,0.07604882467994879,0.0715100734432555,0.22959942164373087,0.08008411771429966,0.07208285253457472,0.3229928573744625,0.07451173301492112
286,286.0,286.3999982439638,0.07315621696520161,0.07583873919043162,0.07105768025609112,0.22965761914713723,0.07967236301938346,0.07175689394742396,0.3242812620664173,0.07457922540791381
287,287.0,287.3999968566419,0.07313108812618727,0.07574286851525078,0.07065671445131602,0.22980832878544843,0.07926306086274518,0.07145941067438111,0.3254370885016508,0.07450144008302051
288,288.0,288.3999956394857,0.07310156916223293,0.07563623038035246,0.0703124128464828,0.22997978040325048,0.07886057420038468,0.07119359529457636,0.3265045780632998,0.07441125964942058
289,289.0,289.3999945876503,0.07307333622321878,0.07553566781773174,0.0700251307301988,0.23007479015623505,0.07846982405240266,0.07096112071412765,0.32754776541567837,0.07431236489040706
290,290.0,290.399993695122,0.07303055588597303,0.0754165008366283,0.06977994792860011,0.2303992386533599,0.07808047283998772,0.07074849715691738,0.32835127969075173,0.07419350700778193
291,291.0,291.39999295489525,0.07297325284044773,0.07545536229194909,0.06957409150162312,0.23076843139869813,0.07769429895472174,0.07042113572447935,0.32905756888839166,0.07405585839968931
292,292.0,292.39999235914223,0.07290164086208237,0.07547332965942488,0.06940469686829412,0.23121831610940735,0.07731291490522443,0.0701124187701041,0.3296759764847527,0.07390070634071012
293,293.0,293.3999918993731,0.07281705252981377,0.07547129829540386,0.06926979713997364,0.23170587207586052,0.07694347791930001,0.06982604244589821,0.3302284653276217,0.07373799426612838
294,294.0,294.3999915665871,0.0727199860848067,0.07544944829128236,0.0690330924839437,0.2320974360535842,0.07648906295807766,0.06956164057578992,0.33108041894840745,0.07356891460410797
295,295.0,295.3999913514139,0.0726274437307308,0.07541637715019006,0.06883447691639298,0.23234428553105424,0.07605397812782634,0.06932402363287499,0.33200147291345933,0.07339794199747125
296,296.0,296.3999912442439,0.07252933165088955,0.07537042723838064,0.06866994266157184,0.23244931225246762,0.07580531988786506,0.06911314988308319,0.33283372934350836,0.07322878708223378
297,297.0,297.39999123534847,0.07242596493477389,0.07531195630766008,0.06853723965920429,0.2325771297452673,0.07570077294784051,0.06892784475931958,0.3334569260800623,0.07306216556587204
298,298.0,298.39999131498905,0.0723467706358556,0.07527274660191971,0.06872320677970471,0.2322626200418446,0.07563325618895801,0.0689091667764646,0.33393205742218457,0.0729201755530682
299,299.0,299.3999914735157,0.07210856194707561,0.07523611323767204,0.0689357232382912,0.23205026602576823,0.07558144733018293,0.06891275577876432,0.33439118635227083,0.07278394608997482
300,300.0,300.3999917014545,0.0718781681575585,0.07518854029875663,0.06916878511456638,0.2318727575288892,0.07554106847435105,0.06893209620171419,0.33477082302059635,0.07264776120356765
301,301.0,301.39999198958486,0.07164964011872349,0.07512326735899622,0.06940342327591559,0.23164229762186553,0.07550304679625663,0.06895749729535347,0.3352160373638586,0.07250479016903041
302,302.0,302.39999232900635,0.07111878616411935,0.07505048922574865,0.06965214463203642,0.23157352337291232,0.07547785114137022,0.06899626650834366,0.3357633317548654,0.07236760720060392
303,303.0,303.3999927111956,0.07059678903164371,0.07496565824170165,0.06990584528226688,0.23127939676249215,0.07571670644192771,0.06904103683914928,0.33626832667028594,0.07222624073053259
304,304.0,304.399993128054,0.07008054652852394,0.07486276938285984,0.07014748218174728,0.23106093400616484,0.07593897870754622,0.06908307377883426,0.3366592166047191,0.07216699880960441
305,305.0,305.399993571946,0.0696337289194967,0.0746697996465703,0.07040471601222244,0.2311979553976128,0.07606120535000381,0.06918106677532877,0.3369992598879702,0.0718522680107949
306,306.0,306.3999940357294,0.06935847407661953,0.07448054218543351,0.07065949080123239,0.2312992942779593,0.07617701116132441,0.06928129383158116,0.33720697607095945,0.07153691759489014
307,307.0,307.3999945127771,0.0689604134256189,0.07429618714549027,0.07090917350397827,0.23161714433631794,0.07628461540777047,0.06938179432873748,0.33732771822882035,0.07122295362326625
308,308.0,308.3999949969923,0.06856616148332695,0.07408969171206119,0.07114155707210784,0.23179093153444735,0.07636675847030765,0.0696019840139063,0.33753866438202884,0.07090425133181383
309,309.0,309.399995482816,0.06819705939930366,0.07387827792964663,0.07149215586967139,0.23197177751567616,0.07645338442896511,0.06981408641096365,0.3375931060539948,0.07060015239177853
310,310.0,310.39999596522927,0.06796315864927296,0.0736416892319597,0.07180647717732344,0.23207751731790005,0.07649973118401257,0.0699941314575148,0.3377293107067213,0.07028798427529508
311,311.0,311.39999643974886,0.06774222658569978,0.07339663949602146,0.07209045256023906,0.23228121588004727,0.07651903158427854,0.07015735470610375,0.3378380146247342,0.0699750645628759
312,312.0,312.39999690241905,0.06753485852843258,0.07301057630519643,0.07234383852337818,0.23268341362580036,0.07651559497205458,0.07030566528899883,0.33793553537707316,0.06967051737906575
313,313.0,313.39999734979796,0.06733218479417674,0.07261490996880056,0.07257047017813838,0.23307655415347978,0.07648913411208623,0.07042779592962242,0.3379740323223325,0.0695149185413633
314,314.0,314.39999777894104,0.0671333050702242,0.0722118528379097,0.07276902708565484,0.23369177967504895,0.0764365995024493,0.07052041402430545,0.3377912737314771,0.06944574807293027
315,315.0,315.3999981873804,0.06694419334944189,0.07181029735435573,0.07295150499233154,0.23422595929647608,0.07637117877411961,0.07071956978812287,0.33759619548234926,0.06938110096280292
316,316.0,316.399998573102,0.06675248259540602,0.07140059079564086,0.07309351612320904,0.23442555040193797,0.07626954634977126,0.07112448383408375,0.337626000450134,0.06930782944981696
317,317.0,317.39999893452045,0.06669575642815899,0.0709912411324607,0.07320768297560849,0.23460359946672726,0.07614525898124189,0.0714945178016329,0.33763065016691146,0.06923129304725824
318,318.0,318.3999992704518,0.0666519866205862,0.07059552961877677,0.07330101762202754,0.23467034776765164,0.07601088475844188,0.07184333301520261,0.3377712614387634,0.0691556391585499
319,319.0,319.3999995800856,0.06662109297243449,0.070224328743329,0.07337574927579324,0.23468970004504408,0.07586917618499003,0.07217038758165348,0.3379677884495347,0.06908177674722096
320,320.0,320.3999998629551,0.06658821401011591,0.06985925593069603,0.07342668390088027,0.2348404487309032,0.07571436972526349,0.07245948720634621,0.33810682444560813,0.06900471605018679
321,321.0,321.4000001189081,0.06655226351746106,0.06950163645733311,0.07345492009485878,0.23524434428467805,0.07554784537549732,0.07270987949283911,0.3380650265678127,0.06892408420951995
322,322.0,322.40000034807673,0.0665377438860039,0.06917803968581784,0.07351252127129441,0.23543139699610435,0.0754180159815076,0.07309313880174874,0.3379650711713675,0.06886407220615572
323,323.0,323.4000005508477,0.06652396876872181,0.06886499873783772,0.0735497689820306,0.2357180017805975,0.0752794032872455,0.0734357222212203,0.33781860001448516,0.06880953620786154
324,324.0,324.4000007278332,0.06651537282979007,0.06857160574201562,0.0735718491506213,0.23601423689732967,0.0751399540343146,0.07375097552676527,0.3376763422948026,0.06875966352436098
325,325.0,325.40000087984174,0.06651839272363881,0.06830550385645143,0.07359470238795975,0.23623591528254503,0.0750153795641348,0.074053049558313,0.33755566148159294,0.06872139514536434
326,326.0,326.40000100785096,0.06652533540158231,0.06805993280622516,0.07360590929503477,0.23648691127734117,0.0748964471386755,0.07432893656852171,0.33740815488349857,0.0686883726291209
327,327.0,327.4000011129808,0.06653431547183597,0.06783368418813797,0.07360454611777159,0.236743756233047,0.07477816916239657,0.07445515646496569,0.33739216643021225,0.06865820593163305
328,328.0,328.4000011964678,0.06653231671947929,0.0676156160109702,0.07358514867011781,0.23718057499976936,0.0746476497259266,0.0745364994923996,0.3372032503435448,0.06869894403779246
329,329.0,329.4000012596415,0.06653285150376835,0.06741540497543093,0.07356671985312717,0.2371924980714818,0.07464501282301646,0.0745946585907818,0.3373043175902782,0.06874853659211548
330,330.0,330.40000130390143,0.06653308922746055,0.0672329576722944,0.07353853044295092,0.23729862392918688,0.07464296452956669,0.07462804743592834,0.3373277919164447,0.06879799484616772
331,331.0,331.40000133069634,0.06653248017478108,0.06706757720817957,0.07350150280762599,0.23740779454161745,0.07464075410282077,0.07463840520403014,0.3373651904552341,0.06884629550571106
