Total_iterations,Unnamed: 0.1,Intertwine_two,Invert_path_vertices,Insert_inside_vertex,Delete_inside_vertex,Replace_inside_vertex,Donate_between_routes,Trim_one_terminal_cb,Grow_one_terminal_cb
0,0.0,0.125,0.125,0.125,0.125,0.125,0.125,0.125,0.125
1,1.0,0.125,0.125,0.125,0.125,0.125,0.125,0.125,0.125
2,2.0,0.125,0.125,0.125,0.125,0.125,0.125,0.125,0.125
3,3.0,0.125,0.125,0.125,0.125,0.125,0.125,0.125,0.125
4,4.0,0.125,0.125,0.125,0.125,0.125,0.125,0.125,0.125
5,5.0,0.125,0.125,0.125,0.125,0.125,0.125,0.125,0.125
6,6.0,0.125,0.125,0.125,0.125,0.125,0.125,0.125,0.125
7,7.0,0.125,0.125,0.125,0.125,0.125,0.125,0.125,0.125
8,8.0,0.125,0.125,0.125,0.125,0.125,0.125,0.125,0.125
9,9.0,0.125,0.125,0.125,0.125,0.125,0.125,0.125,0.125
10,10.0,0.125,0.125,0.125,0.125,0.125,0.125,0.125,0.125
11,11.0,0.125,0.125,0.125,0.125,0.125,0.125,0.125,0.125
12,12.0,0.125,0.125,0.125,0.125,0.125,0.125,0.125,0.125
13,13.0,0.125,0.125,0.125,0.125,0.125,0.125,0.125,0.125
14,14.0,0.125,0.125,0.125,0.125,0.125,0.125,0.125,0.125
15,15.0,0.125,0.125,0.125,0.125,0.125,0.125,0.125,0.125
16,16.0,0.125,0.125,0.125,0.125,0.125,0.125,0.125,0.125
17,17.0,0.125,0.125,0.125,0.125,0.125,0.125,0.125,0.125
18,18.0,0.125,0.125,0.125,0.125,0.125,0.125,0.125,0.125
19,19.0,0.125,0.125,0.125,0.125,0.125,0.125,0.125,0.125
20,20.0,0.125,0.125,0.125,0.125,0.125,0.125,0.125,0.125
21,21.0,0.125,0.125,0.125,0.125,0.125,0.125,0.125,0.125
22,22.0,0.125,0.125,0.125,0.125,0.125,0.125,0.125,0.125
23,23.0,0.125,0.125,0.125,0.125,0.125,0.125,0.125,0.125
24,24.0,0.125,0.125,0.125,0.125,0.125,0.125,0.125,0.125
25,25.0,0.125,0.125,0.125,0.125,0.125,0.125,0.125,0.125
26,26.0,0.125,0.125,0.125,0.125,0.125,0.125,0.125,0.125
27,27.0,0.125,0.125,0.125,0.125,0.125,0.125,0.125,0.125
28,28.0,0.125,0.125,0.125,0.125,0.125,0.125,0.125,0.125
29,29.0,0.125,0.125,0.125,0.125,0.125,0.125,0.125,0.125
30,30.0,0.125,0.125,0.125,0.125,0.125,0.125,0.125,0.125
31,31.0,0.125,0.125,0.125,0.125,0.125,0.125,0.125,0.125
32,32.0,0.125,0.125,0.125,0.125,0.125,0.125,0.125,0.125
33,33.0,0.125,0.125,0.125,0.125,0.125,0.125,0.125,0.125
34,34.0,0.125,0.125,0.125,0.125,0.125,0.125,0.125,0.125
35,35.0,0.125,0.125,0.125,0.125,0.125,0.125,0.125,0.125
36,36.0,0.125,0.125,0.125,0.125,0.125,0.125,0.125,0.125
37,37.0,0.125,0.125,0.125,0.125,0.125,0.125,0.125,0.125
38,38.0,0.125,0.125,0.125,0.125,0.125,0.125,0.125,0.125
39,39.0,0.125,0.125,0.125,0.125,0.125,0.125,0.125,0.125
40,40.0,0.125,0.125,0.125,0.125,0.125,0.125,0.125,0.125
41,41.0,0.125,0.125,0.125,0.125,0.125,0.125,0.125,0.125
42,42.0,0.125,0.125,0.125,0.125,0.125,0.125,0.125,0.125
43,43.0,0.125,0.125,0.125,0.125,0.125,0.125,0.125,0.125
44,44.0,0.125,0.125,0.125,0.125,0.125,0.125,0.125,0.125
45,45.0,0.125,0.125,0.125,0.125,0.125,0.125,0.125,0.125
46,46.0,0.125,0.125,0.125,0.125,0.125,0.125,0.125,0.125
47,47.0,0.125,0.125,0.125,0.125,0.125,0.125,0.125,0.125
48,48.0,0.125,0.125,0.125,0.125,0.125,0.125,0.125,0.125
49,49.0,0.125,0.125,0.125,0.125,0.125,0.125,0.125,0.125
50,50.0,0.125,0.125,0.125,0.125,0.125,0.125,0.125,0.125
51,51.0,0.125,0.125,0.125,0.125,0.125,0.125,0.125,0.125
52,52.0,0.125,0.125,0.125,0.125,0.125,0.125,0.125,0.125
53,53.0,0.125,0.125,0.125,0.125,0.125,0.125,0.125,0.125
54,54.0,0.125,0.125,0.125,0.125,0.125,0.125,0.125,0.125
55,55.0,0.125,0.125,0.125,0.125,0.125,0.125,0.125,0.125
56,56.0,0.125,0.125,0.125,0.125,0.125,0.125,0.125,0.125
57,57.0,0.125,0.125,0.125,0.125,0.125,0.125,0.125,0.125
58,58.0,0.125,0.125,0.125,0.125,0.125,0.125,0.125,0.125
59,59.0,0.125,0.125,0.125,0.125,0.125,0.125,0.125,0.125
60,60.0,0.125,0.125,0.125,0.125,0.125,0.125,0.125,0.125
61,61.0,0.125,0.125,0.125,0.125,0.125,0.125,0.125,0.125
62,62.0,0.125,0.125,0.125,0.125,0.125,0.125,0.125,0.125
63,63.0,0.125,0.125,0.125,0.125,0.125,0.125,0.125,0.125
64,64.0,0.125,0.125,0.125,0.125,0.125,0.125,0.125,0.125
65,65.0,0.125,0.125,0.125,0.125,0.125,0.125,0.125,0.125
66,66.0,0.125,0.125,0.125,0.125,0.125,0.125,0.125,0.125
67,67.0,0.125,0.125,0.125,0.125,0.125,0.125,0.125,0.125
68,68.0,0.125,0.125,0.125,0.125,0.125,0.125,0.125,0.125
69,69.0,0.125,0.125,0.125,0.125,0.125,0.125,0.125,0.125
70,70.0,0.125,0.125,0.125,0.125,0.125,0.125,0.125,0.125
71,71.0,0.125,0.125,0.125,0.125,0.125,0.125,0.125,0.125
72,72.0,0.125,0.125,0.125,0.125,0.125,0.125,0.125,0.125
73,73.0,0.125,0.125,0.125,0.125,0.125,0.125,0.125,0.125
74,74.0,0.125,0.125,0.125,0.125,0.125,0.125,0.125,0.125
75,75.0,0.125,0.125,0.125,0.125,0.125,0.125,0.125,0.125
76,76.0,0.125,0.125,0.125,0.125,0.125,0.125,0.125,0.125
77,77.0,0.125,0.125,0.125,0.125,0.125,0.125,0.125,0.125
78,78.0,0.125,0.125,0.125,0.125,0.125,0.125,0.125,0.125
79,79.0,0.125,0.125,0.125,0.125,0.125,0.125,0.125,0.125
80,80.0,0.125,0.125,0.125,0.125,0.125,0.125,0.125,0.125
81,81.0,0.125,0.125,0.125,0.125,0.125,0.125,0.125,0.125
82,82.0,0.125,0.125,0.125,0.125,0.125,0.125,0.125,0.125
83,83.0,0.125,0.125,0.125,0.125,0.125,0.125,0.125,0.125
84,84.0,0.125,0.125,0.125,0.125,0.125,0.125,0.125,0.125
85,85.0,0.125,0.125,0.125,0.125,0.125,0.125,0.125,0.125
86,86.0,0.125,0.125,0.125,0.125,0.125,0.125,0.125,0.125
87,87.0,0.125,0.125,0.125,0.125,0.125,0.125,0.125,0.125
88,88.0,0.125,0.125,0.125,0.125,0.125,0.125,0.125,0.125
89,89.0,0.125,0.125,0.125,0.125,0.125,0.125,0.125,0.125
90,90.0,0.125,0.125,0.125,0.125,0.125,0.125,0.125,0.125
91,91.0,0.125,0.125,0.125,0.125,0.125,0.125,0.125,0.125
92,92.0,0.125,0.125,0.125,0.125,0.125,0.125,0.125,0.125
93,93.0,0.125,0.125,0.125,0.125,0.125,0.125,0.125,0.125
94,94.0,0.125,0.125,0.125,0.125,0.125,0.125,0.125,0.125
95,95.0,0.125,0.125,0.125,0.125,0.125,0.125,0.125,0.125
96,96.0,0.125,0.125,0.125,0.125,0.125,0.125,0.125,0.125
97,97.0,0.125,0.125,0.125,0.125,0.125,0.125,0.125,0.125
98,98.0,0.125,0.125,0.125,0.125,0.125,0.125,0.125,0.125
99,99.0,0.125,0.125,0.125,0.125,0.125,0.125,0.125,0.125
100,100.0,0.125,0.125,0.125,0.125,0.125,0.125,0.125,0.125
101,101.0,0.125,0.125,0.125,0.125,0.125,0.125,0.125,0.125
102,102.0,0.125,0.125,0.125,0.125,0.125,0.125,0.125,0.125
103,103.0,0.125,0.125,0.125,0.125,0.125,0.125,0.125,0.125
104,104.0,0.125,0.125,0.125,0.125,0.125,0.125,0.125,0.125
105,105.0,0.125,0.125,0.125,0.125,0.125,0.125,0.125,0.125
106,106.0,0.125,0.125,0.125,0.125,0.125,0.125,0.125,0.125
107,107.0,0.125,0.125,0.125,0.125,0.125,0.125,0.125,0.125
108,108.0,0.125,0.125,0.125,0.125,0.125,0.125,0.125,0.125
109,109.0,0.125,0.125,0.125,0.125,0.125,0.125,0.125,0.125
110,110.0,0.125,0.125,0.125,0.125,0.125,0.125,0.125,0.125
111,111.0,0.125,0.125,0.125,0.125,0.125,0.125,0.125,0.125
112,112.0,0.125,0.125,0.125,0.125,0.125,0.125,0.125,0.125
113,113.0,0.125,0.125,0.125,0.125,0.125,0.125,0.125,0.125
114,114.0,0.125,0.125,0.125,0.125,0.125,0.125,0.125,0.125
115,115.0,0.125,0.125,0.125,0.125,0.125,0.125,0.125,0.125
116,116.0,0.125,0.125,0.125,0.125,0.125,0.125,0.125,0.125
117,117.0,0.125,0.125,0.125,0.125,0.125,0.125,0.125,0.125
118,118.0,0.125,0.125,0.125,0.125,0.125,0.125,0.125,0.125
119,119.0,0.125,0.125,0.125,0.125,0.125,0.125,0.125,0.125
120,120.0,0.125,0.125,0.125,0.125,0.125,0.125,0.125,0.125
121,121.0,0.125,0.125,0.125,0.125,0.125,0.125,0.125,0.125
122,122.0,0.125,0.125,0.125,0.125,0.125,0.125,0.125,0.125
123,123.0,0.125,0.125,0.125,0.125,0.125,0.125,0.125,0.125
124,124.0,0.125,0.125,0.125,0.125,0.125,0.125,0.125,0.125
125,125.0,0.125,0.125,0.125,0.125,0.125,0.125,0.125,0.125
126,126.0,0.125,0.125,0.125,0.125,0.125,0.125,0.125,0.125
127,127.0,0.125,0.125,0.125,0.125,0.125,0.125,0.125,0.125
128,128.0,0.125,0.125,0.125,0.125,0.125,0.125,0.125,0.125
129,129.0,0.125,0.125,0.125,0.125,0.125,0.125,0.125,0.125
130,130.0,0.125,0.125,0.125,0.125,0.125,0.125,0.125,0.125
131,131.0,0.125,0.125,0.125,0.125,0.125,0.125,0.125,0.125
132,132.0,0.125,0.125,0.125,0.125,0.125,0.125,0.125,0.125
133,133.0,0.125,0.125,0.125,0.125,0.125,0.125,0.125,0.125
134,134.0,0.125,0.125,0.125,0.125,0.125,0.125,0.125,0.125
135,135.0,0.125,0.125,0.125,0.125,0.125,0.125,0.125,0.125
136,136.0,0.125,0.125,0.125,0.125,0.125,0.125,0.125,0.125
137,137.0,0.125,0.125,0.125,0.125,0.125,0.125,0.125,0.125
138,138.0,0.125,0.125,0.125,0.125,0.125,0.125,0.125,0.125
139,139.0,0.125,0.125,0.125,0.125,0.125,0.125,0.125,0.125
140,140.0,0.125,0.125,0.125,0.125,0.125,0.125,0.125,0.125
141,141.0,0.125,0.125,0.125,0.125,0.125,0.125,0.125,0.125
142,142.0,0.125,0.125,0.125,0.125,0.125,0.125,0.125,0.125
143,143.0,0.125,0.125,0.125,0.125,0.125,0.125,0.125,0.125
144,144.0,0.125,0.125,0.125,0.125,0.125,0.125,0.125,0.125
145,145.0,0.125,0.125,0.125,0.125,0.125,0.125,0.125,0.125
146,146.0,0.125,0.125,0.125,0.125,0.125,0.125,0.125,0.125
147,147.0,0.125,0.125,0.125,0.125,0.125,0.125,0.125,0.125
148,148.0,0.125,0.125,0.125,0.125,0.125,0.125,0.125,0.125
149,149.0,0.125,0.125,0.125,0.125,0.125,0.125,0.125,0.125
150,150.0,0.125,0.125,0.125,0.125,0.125,0.125,0.125,0.125
151,151.0,0.125,0.125,0.125,0.125,0.125,0.125,0.125,0.125
152,152.0,0.125,0.125,0.125,0.125,0.125,0.125,0.125,0.125
153,153.0,0.125,0.125,0.125,0.125,0.125,0.125,0.125,0.125
154,154.0,0.125,0.125,0.125,0.125,0.125,0.125,0.125,0.125
155,155.0,0.125,0.125,0.125,0.125,0.125,0.125,0.125,0.125
156,156.0,0.125,0.125,0.125,0.125,0.125,0.125,0.125,0.125
157,157.0,0.125,0.125,0.125,0.125,0.125,0.125,0.125,0.125
158,158.0,0.125,0.125,0.125,0.125,0.125,0.125,0.125,0.125
159,159.0,0.125,0.125,0.125,0.125,0.125,0.125,0.125,0.125
160,160.0,0.125,0.125,0.125,0.125,0.125,0.125,0.125,0.125
161,161.0,0.125,0.125,0.125,0.125,0.125,0.125,0.125,0.125
162,162.0,0.125,0.125,0.125,0.125,0.125,0.125,0.125,0.125
163,163.0,0.125,0.125,0.125,0.125,0.125,0.125,0.125,0.125
164,164.0,0.125,0.125,0.125,0.125,0.125,0.125,0.125,0.125
165,165.0,0.125,0.125,0.125,0.125,0.125,0.125,0.125,0.125
166,166.0,0.125,0.125,0.125,0.125,0.125,0.125,0.125,0.125
167,167.0,0.125,0.125,0.125,0.125,0.125,0.125,0.125,0.125
168,168.0,0.125,0.125,0.125,0.125,0.125,0.125,0.125,0.125
169,169.0,0.125,0.125,0.125,0.125,0.125,0.125,0.125,0.125
170,170.0,0.125,0.125,0.125,0.125,0.125,0.125,0.125,0.125
171,171.0,0.125,0.125,0.125,0.125,0.125,0.125,0.125,0.125
172,172.0,0.125,0.125,0.125,0.125,0.125,0.125,0.125,0.125
173,173.0,0.125,0.125,0.125,0.125,0.125,0.125,0.125,0.125
174,174.0,0.125,0.125,0.125,0.125,0.125,0.125,0.125,0.125
175,175.0,0.125,0.125,0.125,0.125,0.125,0.125,0.125,0.125
176,176.0,0.125,0.125,0.125,0.125,0.125,0.125,0.125,0.125
177,177.0,0.125,0.125,0.125,0.125,0.125,0.125,0.125,0.125
178,178.0,0.125,0.125,0.125,0.125,0.125,0.125,0.125,0.125
179,179.0,0.125,0.125,0.125,0.125,0.125,0.125,0.125,0.125
180,180.0,0.125,0.125,0.125,0.125,0.125,0.125,0.125,0.125
181,181.0,0.125,0.125,0.125,0.125,0.125,0.125,0.125,0.125
182,182.0,0.125,0.125,0.125,0.125,0.125,0.125,0.125,0.125
183,183.0,0.125,0.125,0.125,0.125,0.125,0.125,0.125,0.125
184,184.0,0.125,0.125,0.125,0.125,0.125,0.125,0.125,0.125
185,185.0,0.125,0.125,0.125,0.125,0.125,0.125,0.125,0.125
186,186.0,0.125,0.125,0.125,0.125,0.125,0.125,0.125,0.125
187,187.0,0.125,0.125,0.125,0.125,0.125,0.125,0.125,0.125
188,188.0,0.125,0.125,0.125,0.125,0.125,0.125,0.125,0.125
189,189.0,0.125,0.125,0.125,0.125,0.125,0.125,0.125,0.125
190,190.0,0.125,0.125,0.125,0.125,0.125,0.125,0.125,0.125
191,191.0,0.125,0.125,0.125,0.125,0.125,0.125,0.125,0.125
192,192.0,0.125,0.125,0.125,0.125,0.125,0.125,0.125,0.125
193,193.0,0.125,0.125,0.125,0.125,0.125,0.125,0.125,0.125
194,194.0,0.125,0.125,0.125,0.125,0.125,0.125,0.125,0.125
195,195.0,0.125,0.125,0.125,0.125,0.125,0.125,0.125,0.125
196,196.0,0.125,0.125,0.125,0.125,0.125,0.125,0.125,0.125
197,197.0,0.125,0.125,0.125,0.125,0.125,0.125,0.125,0.125
198,198.0,0.125,0.125,0.125,0.125,0.125,0.125,0.125,0.125
199,199.0,0.125,0.125,0.125,0.125,0.125,0.125,0.125,0.125
200,200.0,0.1238703703703703,0.1238703703703703,0.1238703703703703,0.1248703703703703,0.1238703703703703,0.1242407407407407,0.1297962962962963,0.1256111111111111
201,201.0,0.122752037037037,0.122752037037037,0.122752037037037,0.124742037037037,0.122752037037037,0.123489074074074,0.1345446296296296,0.1262161111111111
202,202.0,0.1216550537037037,0.1216550537037037,0.1216550537037037,0.1246161537037037,0.1216550537037037,0.1227517574074074,0.1392023129629629,0.1268095611111111
203,203.0,0.1205882552037037,0.1205882552037037,0.1205882552037037,0.1244937342037036,0.1205882552037037,0.1220347289074074,0.143731834462963,0.1273866816111111
204,204.0,0.1195460635254762,0.1195460635254762,0.1195460635254762,0.1243624288354761,0.1195460635254762,0.1213166750159524,0.1482329902302381,0.1279036518164286
205,205.0,0.1185483446655309,0.1185483446655309,0.1185483446655309,0.1242363440014309,0.1185483446655309,0.1206286883349119,0.1525445576613405,0.1283970313401929
206,206.0,0.1174494243708143,0.1174494243708143,0.1174494243708143,0.1250761254477764,0.1174494243708143,0.1198111225792941,0.1566266437360471,0.1286884107536249
207,207.0,0.1163950014787195,0.1163950014787195,0.1163950014787195,0.125901378222979,0.1173950014787195,0.1190092902960505,0.1605904808195624,0.1279188447465299
208,208.0,0.1153907626173194,0.1153907626173194,0.1153907626173194,0.126704894805815,0.1173807626173194,0.1182288207396045,0.1644123340460288,0.1271008999392742
209,209.0,0.1143302174352409,0.1143302174352409,0.1143302174352409,0.1272581882016641,0.1172913174352409,0.1183634647701167,0.1679611044158398,0.1261352728714158
210,210.0,0.1131903160111593,0.1131903160111593,0.1131903160111593,0.1287525729011642,0.1170957950111593,0.1183806814670482,0.1711936947853195,0.125006307801831
211,211.0,0.1119129828527967,0.1119129828527967,0.1119129828527967,0.129799565594216,0.1166384390718876,0.119123332246461,0.1750362763357734,0.1236634381932721
212,212.0,0.1106152615851037,0.1106152615851037,0.1106152615851037,0.1306148717653818,0.1173171570248998,0.1197834105230997,0.1782075295575873,0.1222312463737203
213,213.0,0.1094015494387186,0.1094015494387186,0.1094015494387186,0.131384706393985,0.118025610833141,0.1194595169967136,0.1810880237200855,0.1218374937399189
214,214.0,0.1081918885392804,0.1081918885392804,0.1081918885392804,0.1319464666285441,0.1185863542056178,0.1190616571912386,0.1844471495566944,0.1213827068000639
215,215.0,0.1070657875389058,0.1070657875389058,0.1070657875389058,0.132451341292117,0.1191441850878161,0.1186686588500907,0.1875938274320116,0.120944624721247
216,216.0,0.1057116932748132,0.1057116932748132,0.1057116932748132,0.1325214094481848,0.1193149000541833,0.1179691520085929,0.1928486702468795,0.1202107884177199
217,217.0,0.1044482918233609,0.1044482918233609,0.1044482918233609,0.1334485800900663,0.1194751951613305,0.1163736909831035,0.1978578938137751,0.1194997644816418
218,218.0,0.1031879014449741,0.1031879014449741,0.1031879014449741,0.1342284429717541,0.1197829255893664,0.1147144237657166,0.20298604265927,0.1187244606789705
219,219.0,0.1019485572119843,0.1019485572119843,0.1019485572119843,0.1348736625163049,0.1199945768865941,0.1130197275934437,0.2081183252788465,0.1181480360888579
220,220.0,0.1007443078102099,0.1007443078102099,0.1007443078102099,0.135395010720015,0.1203588567571433,0.1113135327854731,0.2131655076009148,0.117534168705824
221,221.0,0.0996214764209237,0.0996214764209237,0.0996214764209237,0.1357421023099591,0.1205435030363561,0.1104848640394403,0.2184355015512777,0.1159295998001957
222,222.0,0.0993703211706856,0.0990846068849713,0.0983703211706856,0.135562561592028,0.1204044279673461,0.1101962532320979,0.2228757972256547,0.114135710756531
223,223.0,0.0990312170394032,0.0985535547017408,0.0971321261303123,0.1351512628608832,0.1201481459734935,0.1107867027003305,0.2268925588845909,0.1123044317092456
224,224.0,0.0987797008568013,0.0981145813762818,0.0959995099477104,0.134698845805465,0.1198696168957234,0.1116428586632245,0.2303563956771167,0.1105384907776769
225,225.0,0.0976049224646947,0.0976197340924003,0.0948777252828765,0.1349799026741747,0.119429883507092,0.1124335182540047,0.2343016483436825,0.1087526653810746
226,226.0,0.0964729154932818,0.097124517002113,0.0938206846378273,0.1351867286377326,0.1189352890868663,0.1132005626973145,0.238249531853519,0.1070097705913454
227,227.0,0.0953105362888051,0.096591232675561,0.0927522974356324,0.1358846434607677,0.1182736254174043,0.1137822142283516,0.2421634817961153,0.1052419686973625
228,228.0,0.094130403184741,0.0960269779977616,0.0916823395221537,0.1376419315970246,0.1172973927892911,0.1143931929487698,0.2453488966218049,0.1034788653384533
229,229.0,0.0928659332741353,0.0953235682167814,0.0915415079197007,0.1390288359761012,0.1160982754824908,0.1146248304764353,0.2488595865876096,0.1016574620667456
230,230.0,0.0915746828680015,0.0945388393687339,0.0913747762444487,0.1413725172903016,0.1147473750664417,0.1146046908277828,0.2519488374967997,0.09983828083749
231,231.0,0.0903301068262702,0.0937468069537466,0.0912442661267465,0.1435348022623646,0.1133312431625455,0.1145314020386316,0.255184217064645,0.09809715556505
232,232.0,0.0891398581596352,0.0929559963393801,0.0911475351987329,0.1455118317369337,0.1118701882987762,0.11441088659764,0.2585201370757167,0.0964435665931853
233,233.0,0.0880059832211005,0.0921696447422801,0.0910777494545665,0.1480667354416578,0.110366212125214,0.1134713365263652,0.2619737106013709,0.0948686278874451
234,234.0,0.0876144221924016,0.091382551438994,0.0909988653241788,0.1501694774425222,0.1088032906749907,0.1124071184175458,0.2652788419079371,0.0933454326014298
235,235.0,0.087205643896133,0.0906039223269406,0.0909138422812629,0.1525188411961357,0.1076194924072797,0.111244192224323,0.2680094905100312,0.0918845751578938
236,236.0,0.0867872416936885,0.0898412906536006,0.0908247378229845,0.155454634865585,0.1063962407120438,0.1100056070868772,0.2701959277883112,0.0904943193769093
237,237.0,0.0864541335399343,0.0891529545340604,0.0907851226776869,0.1582361290648163,0.1052462996178853,0.1088008578354538,0.2720914089112344,0.0892330938189284
238,238.0,0.0861119847351108,0.0884859961035897,0.0907380723949792,0.1615046757255984,0.1040746449111014,0.1075492496482577,0.273487807482515,0.0880475689988477
239,239.0,0.0863208780707774,0.0878447403637028,0.0906845941775461,0.1642574413568137,0.1028931117542933,0.1064465411619418,0.2746115191883794,0.0869411739265455
240,240.0,0.0864300043120269,0.0871684812826966,0.0910876330704644,0.1670304271507263,0.1018235403367837,0.1051963327338063,0.2754117021180469,0.0858518789954488
241,241.0,0.086450380395089,0.0864696132746936,0.0913996384629704,0.1701144729976845,0.100704794857148,0.1038303446752311,0.2762403724707815,0.0847903828664018
242,242.0,0.0864174967092458,0.0857628106516887,0.0916535380987574,0.1727052889401528,0.099578018631639,0.1024498099376123,0.2776420464834458,0.0837909905474581
243,243.0,0.0863552365586462,0.0850940768117257,0.0925853342120416,0.1749042371309649,0.0984719410347935,0.1010880438411562,0.2784589012259112,0.0830422291847606
244,244.0,0.0862181010711828,0.0844177977475495,0.0933786662097444,0.1775006012294067,0.0973450893647202,0.0996600116062605,0.2791550057852792,0.0823247269858564
245,245.0,0.0860783867887912,0.0837693553030682,0.0940862887517472,0.1802500593988346,0.0962651514692017,0.0982330915629078,0.2796480094872705,0.0816696572381786
246,246.0,0.0859185407114895,0.0831134793726086,0.0946912238300191,0.1824950113928628,0.0952183054451728,0.0973908433171808,0.2801151984411495,0.0810573974895167
247,247.0,0.0857420775842449,0.0824570457880121,0.0951980024415854,0.1847005950028821,0.0942109096253692,0.0966418631942719,0.2804042679665343,0.0806452383970999
248,248.0,0.0855341506295027,0.081840937768601,0.0956406270399147,0.1868305053063975,0.093237955813707,0.0959520574240094,0.2806722314207437,0.0802915345971238
249,249.0,0.0852524346407986,0.0812037909503039,0.0959446584743444,0.1890715497227201,0.0922570631771419,0.0951875260279202,0.2811366633334696,0.079946313673301
250,250.0,0.0849050417308331,0.0805523813459943,0.0961192164117222,0.1911092578378432,0.09127571981951,0.0945109988579298,0.2815327213744807,0.0799946626216865
251,251.0,0.0845140046678128,0.0799212843519412,0.096187767316476,0.193599025132588,0.0903148141474567,0.0937960111657159,0.2816045153791049,0.0800625778389043
252,252.0,0.0844417656217315,0.0792851456773163,0.0961442139466989,0.1958468585220464,0.0893648050314924,0.0930370529334802,0.2817631480724034,0.0801170101948307
253,253.0,0.0843279404731917,0.0786685790329746,0.0960374274304498,0.1982390764079008,0.0884505822680686,0.0923222508080267,0.2817783929453352,0.0801757506340523
254,254.0,0.0842343916205173,0.0781101909312394,0.0959083759783841,0.2007906552553623,0.0875985683619399,0.0912218388771976,0.2818645435745904,0.0802714354007688
255,255.0,0.084133427903713,0.077248994028536,0.0957454718325421,0.2029526723406051,0.086832914137496,0.0901962952323144,0.2824853674974624,0.0804048570273307
256,256.0,0.0840172104266584,0.0767591160920483,0.0955445471446441,0.2049206948751608,0.0861168103749178,0.0892337456381009,0.2828555230431795,0.0805523524052899
257,257.0,0.0839083917300295,0.0763286922202067,0.0953534264531069,0.2070265143000242,0.0857155838589882,0.0879249611216089,0.2830113297895084,0.0807311005265269
258,258.0,0.0837645449991323,0.0763682486925172,0.0950895370167908,0.208744885021897,0.0853329453051581,0.0866432209848249,0.2831631044224849,0.0808935135571947
259,259.0,0.083998865089146,0.0763877143302832,0.0947486884535502,0.2097906236101561,0.0849556429271783,0.0853845147122865,0.2837207779291633,0.0810131729482361
260,260.0,0.0840094437346388,0.0766182455954989,0.0940518466771468,0.2109967630292486,0.0845289708031773,0.0846073210590804,0.2845411425283256,0.0806462665728833
261,261.0,0.0837181779912183,0.0771740531144321,0.0933526167487995,0.2119925091330992,0.0841579117209936,0.0839098304894763,0.2854229175026652,0.0802719832993157
262,262.0,0.0833884250806391,0.0777049044067116,0.0926258522535333,0.2125784241434225,0.083799260518621,0.0832599767282368,0.2867633759322523,0.0798797809365832
263,263.0,0.0826294700586212,0.0778097759808995,0.0914842345674415,0.2137499224404327,0.0836117110080269,0.082732941004277,0.2884773529336246,0.0795045920066763
264,264.0,0.0818213301949634,0.0778593847386442,0.0903106843373304,0.2149934010682115,0.0835267507358095,0.0822007418017114,0.290201050570414,0.0790866565529154
265,265.0,0.0810370430656404,0.0779218060854678,0.0891707225720699,0.2162300256537029,0.0834690119256347,0.081737594724758,0.2917495431239978,0.0786842528487285
266,266.0,0.0802476971733735,0.0779536530783223,0.088038020947689,0.2175537090440643,0.0834075671069078,0.0812935866494612,0.2932337667598048,0.0782719992403769
267,267.0,0.0794892659826119,0.0778782078681948,0.0869575756784393,0.2188092694769736,0.0832556773856222,0.0809272650703387,0.2948027824047244,0.077879956133095
268,268.0,0.0787538548653568,0.0778045920391895,0.0859243756451037,0.2198551762613832,0.0831205516639926,0.0806179903153964,0.296422975670219,0.0775004835393587
269,269.0,0.0780638025726392,0.0777510101090581,0.0846985217272609,0.2211859199257761,0.0831344797247099,0.0799412610995099,0.2980791269131422,0.0771458779279036
270,270.0,0.0773835935145607,0.0776646098817592,0.0835104906090013,0.2225933233400263,0.083131905930298,0.0792934275433365,0.299637154507703,0.0767854946733147
271,271.0,0.0767034761587569,0.0775407428834185,0.0823602607795177,0.2240545055260228,0.0831049131008698,0.0786693945785335,0.3011589832482041,0.0764077237246764
272,272.0,0.076028198496906,0.0773823686196111,0.0812541852271276,0.2253113304583181,0.0830534060778698,0.0780711018979519,0.3028835917549174,0.0760158174672978
273,273.0,0.0753620072298407,0.0771925174389968,0.0801975439512228,0.2263647112800451,0.0829775827973244,0.0775000541667726,0.3046764357060144,0.0757291474297831
274,274.0,0.0747086627694538,0.0772068185357801,0.0791946060235448,0.2273933033737008,0.0828779094333858,0.0769573566471963,0.3062294832282216,0.0754318599887166
275,275.0,0.0740714555073703,0.077188184933592,0.0782486935358457,0.2282220976996937,0.0827550933664149,0.0764437492515289,0.307831375600831,0.0752393501047233
276,276.0,0.073698096985227,0.0771502148373581,0.0773745623700547,0.2289925911930884,0.0826223702274856,0.0759719546042997,0.309140613105483,0.0750495966770034
277,277.0,0.0733498790771053,0.0770934835950427,0.0765728940932232,0.2294892400366816,0.0824799005329684,0.0755411350238257,0.310611124836705,0.074862342804448
278,278.0,0.0732359536350275,0.0770064283721992,0.0758312854001878,0.229466964394756,0.0823156634375313,0.0751378454154982,0.3123407974475916,0.0746650618972083
279,279.0,0.0731386068351134,0.0769023905081393,0.0751613942442374,0.2294103331348299,0.0821425077448507,0.0747731417458167,0.3140016028540993,0.0744700229329133
280,280.0,0.0730552452908577,0.0767825075398232,0.0745619336943554,0.2291231894448271,0.0819610521078995,0.0744455366226526,0.3156858042301967,0.0743847310693878
281,281.0,0.0731152794515778,0.0767133749691239,0.0738536443874958,0.2289679745622771,0.0816373544523575,0.0738921393919601,0.3174263511805087,0.074393881604699
282,282.0,0.0731554448916858,0.0765990127750031,0.0731919397346309,0.2289695373944636,0.0812808071621588,0.073347614219104,0.3190780532718488,0.074377590551105
283,283.0,0.0731739945713584,0.0764418183192945,0.0725769004760573,0.2291669101664033,0.0808948433348404,0.0728137817385409,0.3205961778392804,0.0743355735542246
284,284.0,0.0731808046415918,0.0762556078049871,0.0720193271370726,0.2293388462076911,0.0804994445603563,0.0724417433089624,0.3218273317601653,0.0744368945791733
285,285.0,0.0731701195948069,0.0760488246799487,0.0715100734432555,0.2295994216437308,0.0800841177142996,0.0720828525345747,0.3229928573744625,0.0745117330149211
286,286.0,0.0731562169652016,0.0758387391904316,0.0710576802560911,0.2296576191471372,0.0796723630193834,0.0717568939474239,0.3242812620664173,0.0745792254079138
287,287.0,0.0731310881261872,0.0757428685152507,0.070656714451316,0.2298083287854484,0.0792630608627451,0.0714594106743811,0.3254370885016508,0.0745014400830205
288,288.0,0.0731015691622329,0.0756362303803524,0.0703124128464828,0.2299797804032504,0.0788605742003846,0.0711935952945763,0.3265045780632998,0.0744112596494205
289,289.0,0.0730733362232187,0.0755356678177317,0.0700251307301988,0.230074790156235,0.0784698240524026,0.0709611207141276,0.3275477654156783,0.074312364890407
290,290.0,0.073030555885973,0.0754165008366283,0.0697799479286001,0.2303992386533599,0.0780804728399877,0.0707484971569173,0.3283512796907517,0.0741935070077819
291,291.0,0.0729732528404477,0.075455362291949,0.0695740915016231,0.2307684313986981,0.0776942989547217,0.0704211357244793,0.3290575688883916,0.0740558583996893
292,292.0,0.0729016408620823,0.0754733296594248,0.0694046968682941,0.2312183161094073,0.0773129149052244,0.0701124187701041,0.3296759764847527,0.0739007063407101
293,293.0,0.0728170525298137,0.0754712982954038,0.0692697971399736,0.2317058720758605,0.0769434779193,0.0698260424458982,0.3302284653276217,0.0737379942661283
294,294.0,0.0727199860848067,0.0754494482912823,0.0690330924839437,0.2320974360535842,0.0764890629580776,0.0695616405757899,0.3310804189484074,0.0735689146041079
295,295.0,0.0726274437307308,0.07541637715019,0.0688344769163929,0.2323442855310542,0.0760539781278263,0.0693240236328749,0.3320014729134593,0.0733979419974712
296,296.0,0.0725293316508895,0.0753704272383806,0.0686699426615718,0.2324493122524676,0.075805319887865,0.0691131498830831,0.3328337293435083,0.0732287870822337
297,297.0,0.0724259649347738,0.07531195630766,0.0685372396592042,0.2325771297452673,0.0757007729478405,0.0689278447593195,0.3334569260800623,0.073062165565872
298,298.0,0.0723467706358556,0.0752727466019197,0.0687232067797047,0.2322626200418446,0.075633256188958,0.0689091667764646,0.3339320574221845,0.0729201755530682
299,299.0,0.0721085619470756,0.075236113237672,0.0689357232382912,0.2320502660257682,0.0755814473301829,0.0689127557787643,0.3343911863522708,0.0727839460899748
300,300.0,0.0718781681575585,0.0751885402987566,0.0691687851145663,0.2318727575288892,0.075541068474351,0.0689320962017141,0.3347708230205963,0.0726477612035676
301,301.0,0.0716496401187234,0.0751232673589962,0.0694034232759155,0.2316422976218655,0.0755030467962566,0.0689574972953534,0.3352160373638586,0.0725047901690304
302,302.0,0.0711187861641193,0.0750504892257486,0.0696521446320364,0.2315735233729123,0.0754778511413702,0.0689962665083436,0.3357633317548654,0.0723676072006039
303,303.0,0.0705967890316437,0.0749656582417016,0.0699058452822668,0.2312793967624921,0.0757167064419277,0.0690410368391492,0.3362683266702859,0.0722262407305325
304,304.0,0.0700805465285239,0.0748627693828598,0.0701474821817472,0.2310609340061648,0.0759389787075462,0.0690830737788342,0.3366592166047191,0.0721669988096044
305,305.0,0.0696337289194967,0.0746697996465703,0.0704047160122224,0.2311979553976128,0.0760612053500038,0.0691810667753287,0.3369992598879702,0.0718522680107949
306,306.0,0.0693584740766195,0.0744805421854335,0.0706594908012323,0.2312992942779593,0.0761770111613244,0.0692812938315811,0.3372069760709594,0.0715369175948901
307,307.0,0.0689604134256189,0.0742961871454902,0.0709091735039782,0.2316171443363179,0.0762846154077704,0.0693817943287374,0.3373277182288203,0.0712229536232662
308,308.0,0.0685661614833269,0.0740896917120611,0.0711415570721078,0.2317909315344473,0.0763667584703076,0.0696019840139063,0.3375386643820288,0.0709042513318138
309,309.0,0.0681970593993036,0.0738782779296466,0.0714921558696713,0.2319717775156761,0.0764533844289651,0.0698140864109636,0.3375931060539948,0.0706001523917785
310,310.0,0.0679631586492729,0.0736416892319597,0.0718064771773234,0.2320775173179,0.0764997311840125,0.0699941314575148,0.3377293107067213,0.070287984275295
311,311.0,0.0677422265856997,0.0733966394960214,0.072090452560239,0.2322812158800472,0.0765190315842785,0.0701573547061037,0.3378380146247342,0.0699750645628759
312,312.0,0.0675348585284325,0.0730105763051964,0.0723438385233781,0.2326834136258003,0.0765155949720545,0.0703056652889988,0.3379355353770731,0.0696705173790657
313,313.0,0.0673321847941767,0.0726149099688005,0.0725704701781383,0.2330765541534797,0.0764891341120862,0.0704277959296224,0.3379740323223325,0.0695149185413633
314,314.0,0.0671333050702242,0.0722118528379097,0.0727690270856548,0.2336917796750489,0.0764365995024493,0.0705204140243054,0.3377912737314771,0.0694457480729302
315,315.0,0.0669441933494418,0.0718102973543557,0.0729515049923315,0.234225959296476,0.0763711787741196,0.0707195697881228,0.3375961954823492,0.0693811009628029
316,316.0,0.066752482595406,0.0714005907956408,0.073093516123209,0.2344255504019379,0.0762695463497712,0.0711244838340837,0.337626000450134,0.0693078294498169
317,317.0,0.0666957564281589,0.0709912411324607,0.0732076829756084,0.2346035994667272,0.0761452589812418,0.0714945178016329,0.3376306501669114,0.0692312930472582
318,318.0,0.0666519866205862,0.0705955296187767,0.0733010176220275,0.2346703477676516,0.0760108847584418,0.0718433330152026,0.3377712614387634,0.0691556391585499
319,319.0,0.0666210929724344,0.070224328743329,0.0733757492757932,0.234689700045044,0.07586917618499,0.0721703875816534,0.3379677884495347,0.0690817767472209
320,320.0,0.0665882140101159,0.069859255930696,0.0734266839008802,0.2348404487309032,0.0757143697252634,0.0724594872063462,0.3381068244456081,0.0690047160501867
321,321.0,0.066552263517461,0.0695016364573331,0.0734549200948587,0.235244344284678,0.0755478453754973,0.0727098794928391,0.3380650265678127,0.0689240842095199
322,322.0,0.0665377438860039,0.0691780396858178,0.0735125212712944,0.2354313969961043,0.0754180159815076,0.0730931388017487,0.3379650711713675,0.0688640722061557
323,323.0,0.0665239687687218,0.0688649987378377,0.0735497689820306,0.2357180017805975,0.0752794032872455,0.0734357222212203,0.3378186000144851,0.0688095362078615
324,324.0,0.06651537282979,0.0685716057420156,0.0735718491506213,0.2360142368973296,0.0751399540343146,0.0737509755267652,0.3376763422948026,0.0687596635243609
325,325.0,0.0665183927236388,0.0683055038564514,0.0735947023879597,0.236235915282545,0.0750153795641348,0.074053049558313,0.3375556614815929,0.0687213951453643
326,326.0,0.0665253354015823,0.0680599328062251,0.0736059092950347,0.2364869112773411,0.0748964471386755,0.0743289365685217,0.3374081548834985,0.0686883726291209
327,327.0,0.0665343154718359,0.0678336841881379,0.0736045461177715,0.236743756233047,0.0747781691623965,0.0744551564649656,0.3373921664302122,0.068658205931633
328,328.0,0.0665323167194792,0.0676156160109702,0.0735851486701178,0.2371805749997693,0.0746476497259266,0.0745364994923996,0.3372032503435448,0.0686989440377924
329,329.0,0.0665328515037683,0.0674154049754309,0.0735667198531271,0.2371924980714818,0.0746450128230164,0.0745946585907818,0.3373043175902782,0.0687485365921154
330,330.0,0.0665330892274605,0.0672329576722944,0.0735385304429509,0.2372986239291868,0.0746429645295666,0.0746280474359283,0.3373277919164447,0.0687979948461677
331,331.0,0.066532480174781,0.0670675772081795,0.0735015028076259,0.2374077945416174,0.0746407541028207,0.0746384052040301,0.3373651904552341,0.068846295505711
332,332.0,0.0665196051099281,0.0669089036898268,0.0735673685864349,0.2373773707565178,0.074626776010044,0.0746138546863538,0.337497685906561,0.0688884352543335
333,333.0,0.0664944211365531,0.0667563981356168,0.0736184469538747,0.2372122244102306,0.0746008161617174,0.0745566887880466,0.3378372340152841,0.0689237703986764
334,334.0,0.0664880744756013,0.0666369132460335,0.0733965289682305,0.2371041204875291,0.0746156689038853,0.0745215775024015,0.3381831162823244,0.0690540001339942
335,335.0,0.066459892550708,0.0665128104975152,0.0731533266599682,0.2366713327479472,0.0749021126821336,0.0745516433859618,0.3385828807443855,0.0691660007313804
336,336.0,0.066271735034603,0.0662451378027814,0.0727533162780901,0.2362779545156299,0.0750073639063378,0.0745077733393357,0.3398163207287776,0.0691203983944444
337,337.0,0.0659620894403267,0.0658714885817351,0.0722372984567948,0.2368480817794657,0.0749850172541202,0.0743250731854743,0.340816414844664,0.0689545364574192
338,338.0,0.0655540143117957,0.0655203450992036,0.0716303489042271,0.2380275511875173,0.0748557473150557,0.0740268376335245,0.3416947341689451,0.0686904213797309
339,339.0,0.0650662399431753,0.0652083895824324,0.0709529288196314,0.2398703260035006,0.0746362250290166,0.0736321845410592,0.3422878810236151,0.0683458250575692
340,340.0,0.0645236134397029,0.0648487684050595,0.0702279098260489,0.2422950752842949,0.0743495508672064,0.073171056470132,0.3426450148517408,0.0679390108558147
341,341.0,0.0638416637786474,0.064466618253045,0.0694796490548187,0.2448588420171417,0.0740351582676784,0.0726759134526411,0.3431497135031913,0.0674924416728364
342,342.0,0.0631144076308257,0.0640435312319425,0.0686969305990379,0.2471037856567223,0.0736403247127091,0.0727757534401059,0.3436296138611226,0.0669956528675339
343,343.0,0.0624103701371582,0.0636408978055271,0.0679458854250367,0.2491801591188331,0.073250721114212,0.0728801089981083,0.3441805920127204,0.0665112653884042
344,344.0,0.0617331809444864,0.0633564712776454,0.0672299592737512,0.251850135394199,0.0728660174186472,0.0722116073287225,0.3446395665871404,0.0661130617754077
345,345.0,0.0610791948122395,0.0630838885477042,0.0665474947932404,0.254576293102297,0.0724828549107159,0.0715395724304224,0.3449616397964228,0.0657290616069577
346,346.0,0.0604282781826652,0.0627999550600194,0.0658779791662754,0.2562180708273923,0.0721171218521236,0.0708648828426998,0.3463560007109221,0.0653377113579022
347,347.0,0.0597697744896949,0.0624914100619983,0.0652103091312894,0.2574633594493366,0.0717205875440522,0.0702552671632361,0.3481621185125134,0.0649271736478789
348,348.0,0.0591439657865282,0.0622016585025653,0.0645842639936851,0.2586191217206272,0.0713330404114993,0.0696581301000896,0.349923042534295,0.06453677695071
349,349.0,0.0585193373648155,0.0624475479388124,0.0639677810450207,0.2593856133718771,0.0709227612182232,0.0690425971659075,0.351580094686985,0.0641342672083584
350,350.0,0.0579220253396488,0.0626634585631389,0.0633864133148944,0.2595247693209632,0.0702242770669903,0.0684572232008517,0.3540765916308352,0.0637452415626773
351,351.0,0.057324788049672,0.0628193871644355,0.0628123104667095,0.2596879953920218,0.0694944699314874,0.0678445836352813,0.356674360082537,0.0633421052778553
352,352.0,0.0567421786397074,0.0629278826617531,0.0622594001770986,0.2601029551381156,0.0687618508163211,0.0672315250781199,0.3590349780604707,0.0629392294284133
353,353.0,0.0561840591453067,0.0629984903689945,0.0617350066264497,0.2603765551658529,0.068040295101399,0.0666332585388523,0.3614896925382886,0.0625426425148559
354,354.0,0.0556625679006532,0.0630625149926938,0.0612506882552547,0.2604360152994862,0.0672366949835021,0.066053257280731,0.364133552600793,0.0621647086868856
355,355.0,0.0551615163688946,0.0630812588333008,0.0607916011071703,0.2607337708372019,0.0664467559162921,0.0654830627258748,0.3665086049356562,0.061793429275609
356,356.0,0.0546826221573146,0.0630571509732934,0.0603588724282441,0.2611661211134514,0.0656756610494049,0.0649258820698184,0.3687027598699678,0.0614309303385049
357,357.0,0.0542372723550424,0.0630028412881565,0.0599633107683012,0.2608251874451537,0.0649480312625691,0.0651272000572669,0.3708070621543574,0.0610890946691526
358,358.0,0.0538061384742873,0.0629007581458608,0.0595850256534749,0.2604847210852373,0.0642271164151804,0.0652935283887812,0.3729535486383654,0.0607491631988123
359,359.0,0.0533999086682491,0.0627637815802898,0.0592341638926697,0.2598923535902629,0.0635362269898132,0.0654519949083896,0.3752991160834692,0.060422454286856
360,360.0,0.0530218850615832,0.0625962819381782,0.0589112615018175,0.2594393810029329,0.0628794031511285,0.0656006269449439,0.3774389612204371,0.0601121991789783
361,361.0,0.0525236592183951,0.0622527757527145,0.058467480731602,0.2595343200746325,0.062100748337552,0.0658728028902073,0.379577487471021,0.0596707255238751
362,362.0,0.051960362635925,0.0618039199504474,0.0579559036672774,0.2593150458273437,0.0613423306894528,0.0661313771066632,0.3823484598696862,0.0591426002532038
363,363.0,0.0514272551314149,0.0614260879194481,0.0574731705833638,0.2588990671790116,0.0606245177124964,0.0663692412835706,0.3851452801357667,0.0586353800549274
364,364.0,0.0509261480229236,0.0614446665887977,0.0570213035328172,0.2583221815856976,0.0599521423139126,0.0665856768491066,0.3875956186122015,0.0581522624945426
365,365.0,0.0503764820700966,0.0613542920115737,0.0574285897701944,0.2570789864801814,0.0592544839149825,0.0667259153485079,0.3901676830921671,0.0576135673122959
366,366.0,0.0497847456563679,0.0619949042461093,0.0577068843260575,0.2558465844640893,0.0585262323845012,0.0668456419684366,0.3922688527148934,0.0570261542395445
367,367.0,0.0491641995156119,0.0635380749034011,0.0578736074400946,0.2544179735849811,0.0577806565532456,0.0668747767338463,0.3939465870061011,0.0564041242627179
368,368.0,0.0485257508655697,0.0648610405035611,0.0579429039841092,0.2538501741248067,0.0570285587328681,0.0668230242957134,0.3952093521609088,0.0557591953324625
369,369.0,0.0478864327831778,0.0660072919762268,0.0579345989337658,0.2530813692597146,0.0562867663904932,0.0667149176584253,0.3969794463298383,0.0551091766683578
370,370.0,0.047245451296578,0.0669538327401321,0.0578505358786066,0.2522783654894633,0.0556217588859135,0.0666269454178903,0.3989690986607475,0.0544540116306683
371,371.0,0.0466459977881538,0.067821194285626,0.0577733290677081,0.2517162313506728,0.0550076597799597,0.0665160967382363,0.4006819042789007,0.0538375867107422
372,372.0,0.0460940310639435,0.0686133193342896,0.0577058389315143,0.2513454129221971,0.0544494004863243,0.0663925563161399,0.4021357785937923,0.0532636623517986
373,373.0,0.0456304096970572,0.0693482934961809,0.057657424900961,0.2511788569631326,0.0540636599665988,0.0662679480309318,0.403089761292961,0.0527636456521764
374,374.0,0.0452158996382567,0.0700234651715856,0.0576208027417758,0.2510584679107873,0.0537352490290213,0.0661390996995316,0.4038945418040056,0.0523124740050359
375,375.0,0.0448964085362615,0.0705308186202906,0.0575218538196826,0.2508331153622282,0.0534250591703594,0.0659723288423016,0.4049470632985801,0.0518733523502957
