,Unnamed: 0,Total_iterations,Intertwine_two,Add_vertex,Delete_vertex,Invert_path_vertices,Insert_inside_vertex,Delete_inside_vertex
0,0.0,0.0,0.16666666666666669,0.16666666666666669,0.16666666666666669,0.16666666666666669,0.16666666666666669,0.16666666666666669
1,1.0,0.10900000000000001,0.16666666666666669,0.16666666666666669,0.16666666666666669,0.16666666666666669,0.16666666666666669,0.16666666666666669
2,2.0,0.31601,0.16666666666666669,0.16666666666666669,0.16666666666666669,0.16666666666666669,0.16666666666666669,0.16666666666666669
3,3.0,0.6191589000000001,0.16666666666666669,0.16666666666666669,0.16666666666666669,0.16666666666666669,0.16666666666666669,0.16666666666666669
4,4.0,1.015801321,0.16666666666666669,0.16666666666666669,0.16666666666666669,0.16666666666666669,0.16666666666666669,0.16666666666666669
5,5.0,1.50262148669,0.16666666666666669,0.16666666666666669,0.16666666666666669,0.16666666666666669,0.16666666666666669,0.16666666666666669
6,6.0,2.0757334209441005,0.16666666666666669,0.16666666666666669,0.16666666666666669,0.16666666666666669,0.16666666666666669,0.16666666666666669
7,7.0,2.7307768275633495,0.16666666666666669,0.16666666666666669,0.16666666666666669,0.16666666666666669,0.16666666666666669,0.16666666666666669
8,8.0,3.4630081252450404,0.16666666666666669,0.16666666666666669,0.16666666666666669,0.16666666666666669,0.16666666666666669,0.16666666666666669
9,9.0,4.2673862119061114,0.16666666666666669,0.16666666666666669,0.16666666666666669,0.16666666666666669,0.16666666666666669,0.16666666666666669
10,10.0,5.138652627782014,0.16666666666666669,0.16666666666666669,0.16666666666666669,0.16666666666666669,0.16666666666666669,0.16666666666666669
11,11.0,6.071405875792507,0.16666666666666669,0.16666666666666669,0.16666666666666669,0.16666666666666669,0.16666666666666669,0.16666666666666669
12,12.0,7.060169740244025,0.16666666666666669,0.16666666666666669,0.16666666666666669,0.16666666666666669,0.16666666666666669,0.16666666666666669
13,13.0,8.099455520847952,0.16666666666666669,0.16666666666666669,0.16666666666666669,0.16666666666666669,0.16666666666666669,0.16666666666666669
14,14.0,9.183818168183006,0.16666666666666669,0.16666666666666669,0.16666666666666669,0.16666666666666669,0.16666666666666669,0.16666666666666669
15,15.0,10.307906369102724,0.16666666666666669,0.16666666666666669,0.16666666666666669,0.16666666666666669,0.16666666666666669,0.16666666666666669
16,16.0,11.466506686239443,0.16666666666666669,0.16666666666666669,0.16666666666666669,0.16666666666666669,0.16666666666666669,0.16666666666666669
17,17.0,12.654581904800096,0.16666666666666669,0.16666666666666669,0.16666666666666669,0.16666666666666669,0.16666666666666669,0.16666666666666669
18,18.0,13.867303782456686,0.16666666666666669,0.16666666666666669,0.16666666666666669,0.16666666666666669,0.16666666666666669,0.16666666666666669
19,19.0,15.100080434523047,0.16666666666666669,0.16666666666666669,0.16666666666666669,0.16666666666666669,0.16666666666666669,0.16666666666666669
20,20.0,16.348578617037543,0.16666666666666669,0.16666666666666669,0.16666666666666669,0.16666666666666669,0.16666666666666669,0.16666666666666669
21,21.0,17.608741195130214,0.16666666666666669,0.16666666666666669,0.16666666666666669,0.16666666666666669,0.16666666666666669,0.16666666666666669
22,22.0,18.876800103462312,0.16666666666666669,0.16666666666666669,0.16666666666666669,0.16666666666666669,0.16666666666666669,0.16666666666666669
23,23.0,20.14928511992658,0.16666666666666669,0.16666666666666669,0.16666666666666669,0.16666666666666669,0.16666666666666669,0.16666666666666669
24,24.0,21.423028783545156,0.16666666666666669,0.16666666666666669,0.16666666666666669,0.16666666666666669,0.16666666666666669,0.16666666666666669
25,25.0,22.695167792966423,0.16666666666666669,0.16666666666666669,0.16666666666666669,0.16666666666666669,0.16666666666666669,0.16666666666666669
26,26.0,23.963141223515898,0.16666666666666669,0.16666666666666669,0.16666666666666669,0.16666666666666669,0.16666666666666669,0.16666666666666669
27,27.0,25.224685898775267,0.16666666666666669,0.16666666666666669,0.16666666666666669,0.16666666666666669,0.16666666666666669,0.16666666666666669
28,28.0,26.477829247520948,0.16666666666666669,0.16666666666666669,0.16666666666666669,0.16666666666666669,0.16666666666666669,0.16666666666666669
29,29.0,27.720879968916847,0.16666666666666669,0.16666666666666669,0.16666666666666669,0.16666666666666669,0.16666666666666669,0.16666666666666669
30,30.0,28.95241681848399,0.16666666666666669,0.16666666666666669,0.16666666666666669,0.16666666666666669,0.16666666666666669,0.16666666666666669
31,31.0,30.17127581490958,0.16666666666666669,0.16666666666666669,0.16666666666666669,0.16666666666666669,0.16666666666666669,0.16666666666666669
32,32.0,31.376536153543515,0.16666666666666669,0.16666666666666669,0.16666666666666669,0.16666666666666669,0.16666666666666669,0.16666666666666669
33,33.0,32.567505096778625,0.16666666666666669,0.16666666666666669,0.16666666666666669,0.16666666666666669,0.16666666666666669,0.16666666666666669
34,34.0,33.74370209472243,0.16666666666666669,0.16666666666666669,0.16666666666666669,0.16666666666666669,0.16666666666666669,0.16666666666666669
35,35.0,34.90484237192463,0.16666666666666669,0.16666666666666669,0.16666666666666669,0.16666666666666669,0.16666666666666669,0.16666666666666669
36,36.0,36.05082019768737,0.16666666666666669,0.16666666666666669,0.16666666666666669,0.16666666666666669,0.16666666666666669,0.16666666666666669
37,37.0,37.18169203889697,0.16666666666666669,0.16666666666666669,0.16666666666666669,0.16666666666666669,0.16666666666666669,0.16666666666666669
38,38.0,38.29765977559663,0.16666666666666669,0.16666666666666669,0.16666666666666669,0.16666666666666669,0.16666666666666669,0.16666666666666669
39,39.0,39.399054140870355,0.16666666666666669,0.16666666666666669,0.16666666666666669,0.16666666666666669,0.16666666666666669,0.16666666666666669
40,40.0,40.48631852820801,0.16666666666666669,0.16666666666666669,0.16666666666666669,0.16666666666666669,0.16666666666666669,0.16666666666666669
41,41.0,41.55999329152982,0.16666666666666669,0.16666666666666669,0.16666666666666669,0.16666666666666669,0.16666666666666669,0.16666666666666669
42,42.0,42.62070064560415,0.16666666666666669,0.16666666666666669,0.16666666666666669,0.16666666666666669,0.16666666666666669,0.16666666666666669
43,43.0,43.669130257815,0.16666666666666669,0.16666666666666669,0.16666666666666669,0.16666666666666669,0.16666666666666669,0.16666666666666669
44,44.0,44.70602560622662,0.16666666666666669,0.16666666666666669,0.16666666666666669,0.16666666666666669,0.16666666666666669,0.16666666666666669
45,45.0,45.73217116373481,0.16666666666666669,0.16666666666666669,0.16666666666666669,0.16666666666666669,0.16666666666666669,0.16666666666666669
46,46.0,46.748380453854836,0.16666666666666669,0.16666666666666669,0.16666666666666669,0.16666666666666669,0.16666666666666669,0.16666666666666669
47,47.0,47.755485010424316,0.16666666666666669,0.16666666666666669,0.16666666666666669,0.16666666666666669,0.16666666666666669,0.16666666666666669
48,48.0,48.7543242612326,0.16666666666666669,0.16666666666666669,0.16666666666666669,0.16666666666666669,0.16666666666666669,0.16666666666666669
49,49.0,49.745736344347726,0.16666666666666669,0.16666666666666669,0.16666666666666669,0.16666666666666669,0.16666666666666669,0.16666666666666669
50,50.0,50.730549855707864,0.16666666666666669,0.16666666666666669,0.16666666666666669,0.16666666666666669,0.16666666666666669,0.16666666666666669
51,51.0,51.70957651737491,0.16666666666666669,0.16666666666666669,0.16666666666666669,0.16666666666666669,0.16666666666666669,0.16666666666666669
52,52.0,52.68360474770151,0.16666666666666669,0.16666666666666669,0.16666666666666669,0.16666666666666669,0.16666666666666669,0.16666666666666669
53,53.0,53.65339410751842,0.16666666666666669,0.16666666666666669,0.16666666666666669,0.16666666666666669,0.16666666666666669,0.16666666666666669
54,54.0,54.61967059027847,0.16666666666666669,0.16666666666666669,0.16666666666666669,0.16666666666666669,0.16666666666666669,0.16666666666666669
55,55.0,55.58312271885972,0.16666666666666669,0.16666666666666669,0.16666666666666669,0.16666666666666669,0.16666666666666669,0.16666666666666669
56,56.0,56.544398407394254,0.16666666666666669,0.16666666666666669,0.16666666666666669,0.16666666666666669,0.16666666666666669,0.16666666666666669
57,57.0,57.504102543001395,0.16666666666666669,0.16666666666666669,0.16666666666666669,0.16666666666666669,0.16666666666666669,0.16666666666666669
58,58.0,58.462795239617805,0.16666666666666669,0.16666666666666669,0.16666666666666669,0.16666666666666669,0.16666666666666669,0.16666666666666669
59,59.0,59.42099071417639,0.16666666666666669,0.16666666666666669,0.16666666666666669,0.16666666666666669,0.16666666666666669,0.16666666666666669
60,60.0,60.379156734137354,0.16666666666666669,0.16666666666666669,0.16666666666666669,0.16666666666666669,0.16666666666666669,0.16666666666666669
61,61.0,61.337714584760846,0.16666666666666669,0.16666666666666669,0.16666666666666669,0.16666666666666669,0.16666666666666669,0.16666666666666669
62,62.0,62.29703950447439,0.16666666666666669,0.16666666666666669,0.16666666666666669,0.16666666666666669,0.16666666666666669,0.16666666666666669
63,63.0,63.257461537171835,0.16666666666666669,0.16666666666666669,0.16666666666666669,0.16666666666666669,0.16666666666666669,0.16666666666666669
64,64.0,64.21926675122782,0.16666666666666669,0.16666666666666669,0.16666666666666669,0.16666666666666669,0.16666666666666669,0.16666666666666669
65,65.0,65.18269877636592,0.16666666666666669,0.16666666666666669,0.16666666666666669,0.16666666666666669,0.16666666666666669,0.16666666666666669
66,66.0,66.14796061122655,0.16666666666666669,0.16666666666666669,0.16666666666666669,0.16666666666666669,0.16666666666666669,0.16666666666666669
67,67.0,67.12521665648886,0.16666666666666669,0.16666666666666669,0.16666666666666669,0.16666666666666669,0.16666666666666669,0.16666666666666669
68,68.0,68.10449493066005,0.16666666666666669,0.16666666666666669,0.16666666666666669,0.16666666666666669,0.16666666666666669,0.16666666666666669
69,69.0,69.08580042810752,0.16666666666666669,0.16666666666666669,0.16666666666666669,0.16666666666666669,0.16666666666666669,0.16666666666666669
70,70.0,70.07911737152916,0.16666666666666669,0.16666666666666669,0.16666666666666669,0.16666666666666669,0.16666666666666669,0.16666666666666669
71,71.0,71.07431144689336,0.16666666666666669,0.16666666666666669,0.16666666666666669,0.16666666666666669,0.16666666666666669,0.16666666666666669
72,72.0,72.0712430002522,0.16666666666666669,0.16666666666666669,0.16666666666666669,0.16666666666666669,0.16666666666666669,0.16666666666666669
73,73.0,73.07976896827262,0.16666666666666669,0.16666666666666669,0.16666666666666669,0.16666666666666669,0.16666666666666669,0.16666666666666669
74,74.0,74.09964464980828,0.16666666666666669,0.16666666666666669,0.16666666666666669,0.16666666666666669,0.16666666666666669,0.16666666666666669
75,75.0,75.1205363166923,0.16666666666666669,0.16666666666666669,0.16666666666666669,0.16666666666666669,0.16666666666666669,0.16666666666666669
76,76.0,76.14213345372099,0.16666666666666669,0.16666666666666669,0.16666666666666669,0.16666666666666669,0.16666666666666669,0.16666666666666669
77,77.0,77.16414954250959,0.16666666666666669,0.16666666666666669,0.16666666666666669,0.16666666666666669,0.16666666666666669,0.16666666666666669
78,78.0,78.19632252699425,0.16666666666666669,0.16666666666666669,0.16666666666666669,0.16666666666666669,0.16666666666666669,0.16666666666666669
79,79.0,79.2283149877605,0.16666666666666669,0.16666666666666669,0.16666666666666669,0.16666666666666669,0.16666666666666669,0.16666666666666669
80,80.0,80.25982505257251,0.16666666666666669,0.16666666666666669,0.16666666666666669,0.16666666666666669,0.16666666666666669,0.16666666666666669
81,81.0,81.2905858603776,0.16666666666666669,0.16666666666666669,0.16666666666666669,0.16666666666666669,0.16666666666666669,0.16666666666666669
82,82.0,82.33036472879841,0.16666666666666669,0.16666666666666669,0.16666666666666669,0.16666666666666669,0.16666666666666669,0.16666666666666669
83,83.0,83.36886206308917,0.16666666666666669,0.16666666666666669,0.16666666666666669,0.16666666666666669,0.16666666666666669,0.16666666666666669
84,84.0,84.40582104331993,0.16666666666666669,0.16666666666666669,0.16666666666666669,0.16666666666666669,0.16666666666666669,0.16666666666666669
85,85.0,85.44102591509443,0.16666666666666669,0.16666666666666669,0.16666666666666669,0.16666666666666669,0.16666666666666669,0.16666666666666669
86,86.0,86.47430004054053,0.16666666666666669,0.16666666666666669,0.16666666666666669,0.16666666666666669,0.16666666666666669,0.16666666666666669
87,87.0,87.50550375303662,0.16666666666666669,0.16666666666666669,0.16666666666666669,0.16666666666666669,0.16666666666666669,0.16666666666666669
88,88.0,88.54453205675274,0.16666666666666669,0.16666666666666669,0.16666666666666669,0.16666666666666669,0.16666666666666669,0.16666666666666669
89,89.0,89.59121220952973,0.16666666666666669,0.16666666666666669,0.16666666666666669,0.16666666666666669,0.16666666666666669,0.16666666666666669
90,90.0,90.63531222493371,0.16666666666666669,0.16666666666666669,0.16666666666666669,0.16666666666666669,0.16666666666666669,0.16666666666666669
91,91.0,91.67664911654796,0.16666666666666669,0.16666666666666669,0.16666666666666669,0.16666666666666669,0.16666666666666669,0.16666666666666669
92,92.0,92.71508582783531,0.16666666666666669,0.16666666666666669,0.16666666666666669,0.16666666666666669,0.16666666666666669,0.16666666666666669
93,93.0,93.75052800971557,0.16666666666666669,0.16666666666666669,0.16666666666666669,0.16666666666666669,0.16666666666666669,0.16666666666666669
94,94.0,94.78292069331064,0.16666666666666669,0.16666666666666669,0.16666666666666669,0.16666666666666669,0.16666666666666669,0.16666666666666669
95,95.0,95.8122449016131,0.16666666666666669,0.16666666666666669,0.16666666666666669,0.16666666666666669,0.16666666666666669,0.16666666666666669
96,96.0,96.8385142400692,0.16666666666666669,0.16666666666666669,0.16666666666666669,0.16666666666666669,0.16666666666666669,0.16666666666666669
97,97.0,97.86177150227898,0.16666666666666669,0.16666666666666669,0.16666666666666669,0.16666666666666669,0.16666666666666669,0.16666666666666669
98,98.0,98.882085323245,0.16666666666666669,0.16666666666666669,0.16666666666666669,0.16666666666666669,0.16666666666666669,0.16666666666666669
99,99.0,99.89954690888196,0.16666666666666669,0.16666666666666669,0.16666666666666669,0.16666666666666669,0.16666666666666669,0.16666666666666669
100,100.0,100.91426686686641,0.16666666666666669,0.16666666666666669,0.16666666666666669,0.16666666666666669,0.16666666666666669,0.16666666666666669
101,101.0,101.92637216038375,0.16666666666666669,0.16666666666666669,0.16666666666666669,0.16666666666666669,0.16666666666666669,0.16666666666666669
102,102.0,102.93600320294551,0.16666666666666669,0.16666666666666669,0.16666666666666669,0.16666666666666669,0.16666666666666669,0.16666666666666669
103,103.0,103.94331110922165,0.16666666666666669,0.16666666666666669,0.16666666666666669,0.16666666666666669,0.16666666666666669,0.16666666666666669
104,104.0,104.94845511377797,0.16666666666666669,0.16666666666666669,0.16666666666666669,0.16666666666666669,0.16666666666666669,0.16666666666666669
105,105.0,105.95160016674086,0.16666666666666669,0.16666666666666669,0.16666666666666669,0.16666666666666669,0.16666666666666669,0.16666666666666669
106,106.0,106.95291471274007,0.16666666666666669,0.16666666666666669,0.16666666666666669,0.16666666666666669,0.16666666666666669,0.16666666666666669
107,107.0,107.95256865701195,0.16666666666666669,0.16666666666666669,0.16666666666666669,0.16666666666666669,0.16666666666666669,0.16666666666666669
108,108.0,108.95073152028652,0.16666666666666669,0.16666666666666669,0.16666666666666669,0.16666666666666669,0.16666666666666669,0.16666666666666669
109,109.0,109.94757078203078,0.16666666666666669,0.16666666666666669,0.16666666666666669,0.16666666666666669,0.16666666666666669,0.16666666666666669
110,110.0,110.9432504097803,0.16666666666666669,0.16666666666666669,0.16666666666666669,0.16666666666666669,0.16666666666666669,0.16666666666666669
111,111.0,111.93792957065708,0.16666666666666669,0.16666666666666669,0.16666666666666669,0.16666666666666669,0.16666666666666669,0.16666666666666669
112,112.0,112.93176151973958,0.16666666666666669,0.16666666666666669,0.16666666666666669,0.16666666666666669,0.16666666666666669,0.16666666666666669
113,113.0,113.92489265871644,0.16666666666666669,0.16666666666666669,0.16666666666666669,0.16666666666666669,0.16666666666666669,0.16666666666666669
114,114.0,114.91746175720847,0.16666666666666669,0.16666666666666669,0.16666666666666669,0.16666666666666669,0.16666666666666669,0.16666666666666669
115,115.0,115.9095993282792,0.16666666666666669,0.16666666666666669,0.16666666666666669,0.16666666666666669,0.16666666666666669,0.16666666666666669
116,116.0,116.90142714896007,0.16666666666666669,0.16666666666666669,0.16666666666666669,0.16666666666666669,0.16666666666666669,0.16666666666666669
117,117.0,117.89305791608325,0.16666666666666669,0.16666666666666669,0.16666666666666669,0.16666666666666669,0.16666666666666669,0.16666666666666669
118,118.0,118.88459502733328,0.16666666666666669,0.16666666666666669,0.16666666666666669,0.16666666666666669,0.16666666666666669,0.16666666666666669
119,119.0,119.87613247718498,0.16666666666666669,0.16666666666666669,0.16666666666666669,0.16666666666666669,0.16666666666666669,0.16666666666666669
120,120.0,120.86775485727965,0.16666666666666669,0.16666666666666669,0.16666666666666669,0.16666666666666669,0.16666666666666669,0.16666666666666669
121,121.0,121.85953745079206,0.16666666666666669,0.16666666666666669,0.16666666666666669,0.16666666666666669,0.16666666666666669,0.16666666666666669
122,122.0,122.85154641044531,0.16666666666666669,0.16666666666666669,0.16666666666666669,0.16666666666666669,0.16666666666666669,0.16666666666666669
123,123.0,123.84383901002877,0.16666666666666669,0.16666666666666669,0.16666666666666669,0.16666666666666669,0.16666666666666669,0.16666666666666669
124,124.0,124.83646395955361,0.16666666666666669,0.16666666666666669,0.16666666666666669,0.16666666666666669,0.16666666666666669,0.16666666666666669
125,125.0,125.82946177453043,0.16666666666666669,0.16666666666666669,0.16666666666666669,0.16666666666666669,0.16666666666666669,0.16666666666666669
126,126.0,126.82286519026425,0.16666666666666669,0.16666666666666669,0.16666666666666669,0.16666666666666669,0.16666666666666669,0.16666666666666669
127,127.0,127.81669961252206,0.16666666666666669,0.16666666666666669,0.16666666666666669,0.16666666666666669,0.16666666666666669,0.16666666666666669
128,128.0,128.81098359642885,0.16666666666666669,0.16666666666666669,0.16666666666666669,0.16666666666666669,0.16666666666666669,0.16666666666666669
129,129.0,129.8057293459807,0.16666666666666669,0.16666666666666669,0.16666666666666669,0.16666666666666669,0.16666666666666669,0.16666666666666669
130,130.0,130.80094322711756,0.16666666666666669,0.16666666666666669,0.16666666666666669,0.16666666666666669,0.16666666666666669,0.16666666666666669
131,131.0,131.79662628786954,0.16666666666666669,0.16666666666666669,0.16666666666666669,0.16666666666666669,0.16666666666666669,0.16666666666666669
132,132.0,132.79277477966764,0.16666666666666669,0.16666666666666669,0.16666666666666669,0.16666666666666669,0.16666666666666669,0.16666666666666669
133,133.0,133.78938067448925,0.16666666666666669,0.16666666666666669,0.16666666666666669,0.16666666666666669,0.16666666666666669,0.16666666666666669
134,134.0,134.7864321730838,0.16666666666666669,0.16666666666666669,0.16666666666666669,0.16666666666666669,0.16666666666666669,0.16666666666666669
135,135.0,135.78391420008808,0.16666666666666669,0.16666666666666669,0.16666666666666669,0.16666666666666669,0.16666666666666669,0.16666666666666669
136,136.0,136.78180888239103,0.16666666666666669,0.16666666666666669,0.16666666666666669,0.16666666666666669,0.16666666666666669,0.16666666666666669
137,137.0,137.78009600763977,0.16666666666666669,0.16666666666666669,0.16666666666666669,0.16666666666666669,0.16666666666666669,0.16666666666666669
138,138.0,138.77875346028725,0.16666666666666669,0.16666666666666669,0.16666666666666669,0.16666666666666669,0.16666666666666669,0.16666666666666669
139,139.0,139.7777576330671,0.16666666666666669,0.16666666666666669,0.16666666666666669,0.16666666666666669,0.16666666666666669,0.16666666666666669
140,140.0,140.77708381223832,0.16666666666666669,0.16666666666666669,0.16666666666666669,0.16666666666666669,0.16666666666666669,0.16666666666666669
141,141.0,141.77670653537,0.16666666666666669,0.16666666666666669,0.16666666666666669,0.16666666666666669,0.16666666666666669,0.16666666666666669
142,142.0,142.77659992083483,0.16666666666666669,0.16666666666666669,0.16666666666666669,0.16666666666666669,0.16666666666666669,0.16666666666666669
143,143.0,143.77673796854484,0.16666666666666669,0.16666666666666669,0.16666666666666669,0.16666666666666669,0.16666666666666669,0.16666666666666669
144,144.0,144.77709483179837,0.16666666666666669,0.16666666666666669,0.16666666666666669,0.16666666666666669,0.16666666666666669,0.16666666666666669
145,145.0,145.7776450604086,0.16666666666666669,0.16666666666666669,0.16666666666666669,0.16666666666666669,0.16666666666666669,0.16666666666666669
146,146.0,146.77836381555372,0.16666666666666669,0.16666666666666669,0.16666666666666669,0.16666666666666669,0.16666666666666669,0.16666666666666669
147,147.0,147.77922705702878,0.16666666666666669,0.16666666666666669,0.16666666666666669,0.16666666666666669,0.16666666666666669,0.16666666666666669
148,148.0,148.78021170378605,0.16666666666666669,0.16666666666666669,0.16666666666666669,0.16666666666666669,0.16666666666666669,0.16666666666666669
149,149.0,149.78129576882972,0.16666666666666669,0.16666666666666669,0.16666666666666669,0.16666666666666669,0.16666666666666669,0.16666666666666669
150,150.0,150.78245846968073,0.16666666666666669,0.16666666666666669,0.16666666666666669,0.16666666666666669,0.16666666666666669,0.16666666666666669
151,151.0,151.78368031574985,0.16666666666666669,0.16666666666666669,0.16666666666666669,0.16666666666666669,0.16666666666666669,0.16666666666666669
152,152.0,152.78494317405455,0.16666666666666669,0.16666666666666669,0.16666666666666669,0.16666666666666669,0.16666666666666669,0.16666666666666669
153,153.0,153.78623031478824,0.16666666666666669,0.16666666666666669,0.16666666666666669,0.16666666666666669,0.16666666666666669,0.16666666666666669
154,154.0,154.78752643830066,0.16666666666666669,0.16666666666666669,0.16666666666666669,0.16666666666666669,0.16666666666666669,0.16666666666666669
155,155.0,155.78881768507884,0.16666666666666669,0.16666666666666669,0.16666666666666669,0.16666666666666669,0.16666666666666669,0.16666666666666669
156,156.0,156.79009163032842,0.16666666666666669,0.16666666666666669,0.16666666666666669,0.16666666666666669,0.16666666666666669,0.16666666666666669
157,157.0,157.79133726474976,0.16666666666666669,0.16666666666666669,0.16666666666666669,0.16666666666666669,0.16666666666666669,0.16666666666666669
158,158.0,158.79254496308147,0.16666666666666669,0.16666666666666669,0.16666666666666669,0.16666666666666669,0.16666666666666669,0.16666666666666669
159,159.0,159.79370644194918,0.16666666666666669,0.16666666666666669,0.16666666666666669,0.16666666666666669,0.16666666666666669,0.16666666666666669
160,160.0,160.79481470851067,0.16666666666666669,0.16666666666666669,0.16666666666666669,0.16666666666666669,0.16666666666666669,0.16666666666666669
161,161.0,161.7958640013309,0.16666666666666669,0.16666666666666669,0.16666666666666669,0.16666666666666669,0.16666666666666669,0.16666666666666669
162,162.0,162.79684972485578,0.16666666666666669,0.16666666666666669,0.16666666666666669,0.16666666666666669,0.16666666666666669,0.16666666666666669
163,163.0,163.7977683787796,0.16666666666666669,0.16666666666666669,0.16666666666666669,0.16666666666666669,0.16666666666666669,0.16666666666666669
164,164.0,164.79861748352326,0.16666666666666669,0.16666666666666669,0.16666666666666669,0.16666666666666669,0.16666666666666669,0.16666666666666669
165,165.0,165.7993955029573,0.16666666666666669,0.16666666666666669,0.16666666666666669,0.16666666666666669,0.16666666666666669,0.16666666666666669
166,166.0,166.8001017654184,0.16666666666666669,0.16666666666666669,0.16666666666666669,0.16666666666666669,0.16666666666666669,0.16666666666666669
167,167.0,167.80073638397917,0.16666666666666669,0.16666666666666669,0.16666666666666669,0.16666666666666669,0.16666666666666669,0.16666666666666669
168,168.0,168.8113001768441,0.16666666666666669,0.16666666666666669,0.16666666666666669,0.16666666666666669,0.16666666666666669,0.16666666666666669
169,169.0,169.82169458865408,0.16666666666666669,0.16666666666666669,0.16666666666666669,0.16666666666666669,0.16666666666666669,0.16666666666666669
170,170.0,170.84183261339652,0.16666666666666669,0.16666666666666669,0.16666666666666669,0.16666666666666669,0.16666666666666669,0.16666666666666669
171,171.0,171.86153850953076,0.16666666666666669,0.16666666666666669,0.16666666666666669,0.16666666666666669,0.16666666666666669,0.16666666666666669
172,172.0,172.88065843095626,0.16666666666666669,0.16666666666666669,0.16666666666666669,0.16666666666666669,0.16666666666666669,0.16666666666666669
173,173.0,173.89905977592966,0.16666666666666669,0.16666666666666669,0.16666666666666669,0.16666666666666669,0.16666666666666669,0.16666666666666669
174,174.0,174.91663038864644,0.16666666666666669,0.16666666666666669,0.16666666666666669,0.16666666666666669,0.16666666666666669,0.16666666666666669
175,175.0,175.93327763620505,0.16666666666666669,0.16666666666666669,0.16666666666666669,0.16666666666666669,0.16666666666666669,0.16666666666666669
176,176.0,176.94892738264573,0.16666666666666669,0.16666666666666669,0.16666666666666669,0.16666666666666669,0.16666666666666669,0.16666666666666669
177,177.0,177.96352288061593,0.16666666666666669,0.16666666666666669,0.16666666666666669,0.16666666666666669,0.16666666666666669,0.16666666666666669
178,178.0,178.97702359998294,0.16666666666666669,0.16666666666666669,0.16666666666666669,0.16666666666666669,0.16666666666666669,0.16666666666666669
179,179.0,179.9894040114134,0.16666666666666669,0.16666666666666669,0.16666666666666669,0.16666666666666669,0.16666666666666669,0.16666666666666669
180,180.0,181.0006523415867,0.16666666666666669,0.16666666666666669,0.16666666666666669,0.16666666666666669,0.16666666666666669,0.16666666666666669
181,181.0,182.01076931532677,0.16666666666666669,0.16666666666666669,0.16666666666666669,0.16666666666666669,0.16666666666666669,0.16666666666666669
182,182.0,183.0197668985396,0.16666666666666669,0.16666666666666669,0.16666666666666669,0.16666666666666669,0.16666666666666669,0.16666666666666669
183,183.0,184.02766705444574,0.16666666666666669,0.16666666666666669,0.16666666666666669,0.16666666666666669,0.16666666666666669,0.16666666666666669
184,184.0,185.0345005242168,0.16666666666666669,0.16666666666666669,0.16666666666666669,0.16666666666666669,0.16666666666666669,0.16666666666666669
185,185.0,186.04030564176858,0.16666666666666669,0.16666666666666669,0.16666666666666669,0.16666666666666669,0.16666666666666669,0.16666666666666669
186,186.0,187.0551271911475,0.16666666666666669,0.16666666666666669,0.16666666666666669,0.16666666666666669,0.16666666666666669,0.16666666666666669
187,187.0,188.06891531367705,0.16666666666666669,0.16666666666666669,0.16666666666666669,0.16666666666666669,0.16666666666666669,0.16666666666666669
188,188.0,189.08163547081688,0.16666666666666669,0.16666666666666669,0.16666666666666669,0.16666666666666669,0.16666666666666669,0.16666666666666669
189,189.0,190.09326725753456,0.16666666666666669,0.16666666666666669,0.16666666666666669,0.16666666666666669,0.16666666666666669,0.16666666666666669
190,190.0,191.10380319300515,0.16666666666666669,0.16666666666666669,0.16666666666666669,0.16666666666666669,0.16666666666666669,0.16666666666666669
191,191.0,192.1132475029986,0.16666666666666669,0.16666666666666669,0.16666666666666669,0.16666666666666669,0.16666666666666669,0.16666666666666669
192,192.0,193.12161490696272,0.16666666666666669,0.16666666666666669,0.16666666666666669,0.16666666666666669,0.16666666666666669,0.16666666666666669
193,193.0,194.1289294214608,0.16666666666666669,0.16666666666666669,0.16666666666666669,0.16666666666666669,0.16666666666666669,0.16666666666666669
194,194.0,195.13522319029448,0.16666666666666669,0.16666666666666669,0.16666666666666669,0.16666666666666669,0.16666666666666669,0.16666666666666669
195,195.0,196.14053535034185,0.16666666666666669,0.16666666666666669,0.16666666666666669,0.16666666666666669,0.16666666666666669,0.16666666666666669
196,196.0,197.1449109408811,0.16666666666666669,0.16666666666666669,0.16666666666666669,0.16666666666666669,0.16666666666666669,0.16666666666666669
197,197.0,198.14839986295758,0.16666666666666669,0.16666666666666669,0.16666666666666669,0.16666666666666669,0.16666666666666669,0.16666666666666669
198,198.0,199.15105589419682,0.16666666666666669,0.16666666666666669,0.16666666666666669,0.16666666666666669,0.16666666666666669,0.16666666666666669
199,199.0,200.15293576337015,0.16642857142857145,0.16785714285714287,0.16642857142857145,0.16642857142857145,0.16642857142857145,0.16642857142857145
200,200.0,201.1540982879925,0.16595476190476197,0.16879761904761909,0.16595476190476197,0.16595476190476197,0.16595476190476197,0.16738333333333338
201,201.0,202.15460357727267,0.1654878333333334,0.1697179761904762,0.1654878333333334,0.1654878333333334,0.1654878333333334,0.1683306904761905
202,202.0,203.1545123018521,0.1647936716666667,0.17037292738095242,0.1647936716666667,0.1647936716666667,0.16622224309523814,0.16902381452380955
203,203.0,204.15388503095505,0.16411622754523814,0.1709967494166667,0.16411622754523814,0.16411622754523814,0.16695908468809528,0.16969548325952383
204,204.0,205.15278163683817,0.16328203222716672,0.17140774556416669,0.16328203222716672,0.16328203222716672,0.16876217508430955,0.16998398267002382
205,205.0,206.15126076576462,0.16215835675355142,0.17128777099048134,0.16215835675355142,0.16215835675355142,0.1713362235789482,0.17090093516991645
206,206.0,207.14937937414075,0.16095998906928594,0.17102643997378356,0.16195998906928594,0.16095998906928594,0.17364188594071445,0.17145170687764447
207,207.0,208.14719232793786,0.15971547298136884,0.17155868328672336,0.16161456389045978,0.15971547298136884,0.1757011259774597,0.17169468088261977
208,208.0,209.14475206307586,0.15834511524429126,0.17188488599827248,0.1611253061533822,0.15834511524429126,0.17857448702781212,0.17172509033195102
209,209.0,210.1421083040693,0.15703591788605428,0.17218310442716883,0.16067220597696338,0.15703591788605428,0.18134825195133603,0.17172460187242355
210,210.0,211.13930783792273,0.15579485684235622,0.17336224572647962,0.15934708769781078,0.15579485684235622,0.18400464271147904,0.17169631017951856
211,211.0,212.1363943400116,0.15438943385408493,0.17426614913989324,0.15925906231764728,0.15438943385408493,0.18629073757888254,0.17140518325540754
212,212.0,213.13340824849146,0.1528858536312947,0.17494901370757956,0.15885672937180415,0.1541358536312947,0.18825641947986077,0.17091613017816656
213,213.0,214.13038668363842,0.15146968198537963,0.1768368289541487,0.15849697151773637,0.15395718198537964,0.18882478717776077,0.17041454837959527
214,214.0,215.1273634084343,0.1500074508862225,0.17949855499258005,0.15804023993591823,0.1537088258862225,0.18897711063813358,0.16976781766092355
215,215.0,216.12436882666623,0.14873429768104812,0.18235291075603036,0.158716708405852,0.15361614643104815,0.18818528923194636,0.16839464749407543
216,216.0,217.1214300148083,0.14756222793069182,0.18510663516890866,0.15942447405584498,0.15358268456819185,0.18728801929628058,0.16703595898008247
217,217.0,218.11857078398813,0.1466714254157468,0.1890319366618259,0.1605104723685342,0.1525314245856218,0.18537227870090114,0.16588246226737055
218,218.0,219.11581176841005,0.14577084604099594,0.19236724578169034,0.16149348041198341,0.15242783349830968,0.18328724652090778,0.16465334774611326
219,219.0,220.1131705367057,0.14497047328616736,0.19553820867460855,0.1624739671326822,0.15237818032760284,0.1811707022365618,0.1634684683423777
220,220.0,221.1106617228047,0.1442682902168171,0.199529550334346,0.16344237979569853,0.15137756781354778,0.17904696250114194,0.16233524933844903
221,221.0,222.10829717306578,0.14384007112366226,0.2022478908961948,0.164568813108742,0.15060966944419132,0.17586655568568121,0.16286699974152877
222,222.0,223.10608610657007,0.14375198751430057,0.20300763277861106,0.16491548638796513,0.15014817850304288,0.17565980970919548,0.16251690510688524
223,223.0,224.10403528565826,0.14362109868873513,0.20344723044300267,0.16614204715280562,0.14961726116898194,0.17508480536383472,0.16208755718264029
224,224.0,225.102149193981,0.14356532124578206,0.20370662952346827,0.16732911662309025,0.14914149644358043,0.1745539341981428,0.16170350196593658
225,225.0,226.1004302195317,0.14357770182160962,0.2038012558875958,0.1684687732335717,0.14872012671322646,0.17281809160580977,0.16261405073818705
226,226.0,227.098878840332,0.14463182028910096,0.20311352366026086,0.17001540066516452,0.14808244565623824,0.17087065263594256,0.16328615709329325
227,227.0,228.09749381064896,0.14628604969750283,0.20188168455102165,0.17080345605206207,0.14708232701671492,0.16955033933908126,0.16439614334361768
228,228.0,229.0962723458277,0.14766585686066036,0.20077979087148418,0.1710410675600164,0.14584303594132542,0.1687874402606919,0.16588280850582215
229,229.0,230.09521030403033,0.14905306774964822,0.19959677610638274,0.17121726709820598,0.14466906440259208,0.16810202478789296,0.16736179985527838
230,230.0,231.09430236337238,0.1504330698829935,0.19835258251192475,0.17133643386822536,0.14356562016223662,0.16749319871485344,0.1688190948597667
231,231.0,232.0935421931465,0.151792784114927,0.19706576990699046,0.17140307947919137,0.1425366849328248,0.16695939136232774,0.170242290203739
232,232.0,233.09292261801176,0.1531206420932706,0.1957534683186768,0.17142178959089968,0.1415850971655564,0.16649843893178976,0.17162056389980712
233,233.0,234.09243577421037,0.15440655086359978,0.1944313496612049,0.171397170652159,0.1407126379918897,0.1661076654553461,0.17294462537580085
234,234.0,235.09207325704702,0.1535585129256794,0.19325250571695415,0.17286157953517942,0.14005900803309018,0.16592284966124066,0.17434554412785655
235,235.0,236.09182625902952,0.15258249423880454,0.19199848836313588,0.1741855602780455,0.13939295157634995,0.16570933484827158,0.17613117069539294
236,236.0,237.0916856982235,0.1515071136708,0.1906954157203056,0.17537597649340464,0.13872843244209113,0.16547818667251551,0.1782148750008835
237,237.0,238.09164233651583,0.15021825158064914,0.1892264144089832,0.17713280417037766,0.1379371324545985,0.1650986703171991,0.1803867270681928
238,238.0,239.09168688761378,0.14887789199421536,0.18775051456187836,0.17875958113878065,0.13788167566610335,0.1647171650165788,0.1820131716224439
239,239.0,240.09181011472577,0.14755403880644183,0.1863326155804909,0.17919138413812605,0.1378956257311843,0.16549824637875282,0.18352808936500448
240,240.0,241.0920029179793,0.14614716879822917,0.1848699852569519,0.1802100592019928,0.1378607913527218,0.1660956227015978,0.18481637268850687
241,241.0,242.09225641172773,0.1447796523517034,0.18348172302871185,0.1811467323732901,0.13788239931885485,0.1667216907258182,0.1859878022016219
242,242.0,243.092561991984,0.14446122927516108,0.1821742747085233,0.18100023710956198,0.13795458931546253,0.16736732060103424,0.18704234899025712
243,243.0,244.09291139429484,0.14419017446236934,0.18095263338878295,0.18078035520694824,0.1380715812395313,0.16802409984339423,0.18798115585897418
244,244.0,245.09329674243162,0.143964461635081,0.1798204347826434,0.18049662414836357,0.1382277249790744,0.16868434572376018,0.1888064087310777
245,245.0,246.0937105883304,0.14378181372301863,0.17878005660480598,0.1801582661599909,0.13841754391514896,0.1693411091195278,0.18952121047750803
246,246.0,247.09414594375602,0.14442979400382353,0.17445609721759547,0.1797308374714027,0.14195828316125186,0.17077821393524256,0.18864677421068418
247,247.0,248.09459630420153,0.14468790747444854,0.169930111045778,0.17966474887673586,0.1451601792246552,0.17320087402837164,0.1873561793500111
248,248.0,249.09505566556044,0.14481896660761231,0.1654879069498787,0.17926305539107307,0.14907877711667458,0.17542699991093497,0.1859242940238267
249,249.0,250.09551853412785,0.14466395332531642,0.16224103658877262,0.17917031079534687,0.15261462593693345,0.1771049993961791,0.18420507395745184
250,250.0,251.09597993049726,0.1442803449042497,0.1599742301643864,0.17864210930708255,0.15579796200672516,0.17832205042812885,0.18298330318942768
251,251.0,252.09643538792477,0.14431159518425815,0.15768540942055193,0.17893286471100261,0.15840372338691866,0.17918716891688574,0.18147923838038324
252,252.0,253.09688094573028,0.14436233436386273,0.15560323542522386,0.17920777376384947,0.1608707527898147,0.17997332550331005,0.17998257815393956
253,253.0,254.09731313829792,0.14443010616130775,0.1537278652435048,0.17946567201020194,0.16318825311911403,0.18068055481177075,0.17850754865410104
254,254.0,255.0977289802258,0.14451252959683478,0.1509462610847399,0.18081679265935707,0.16534800227888338,0.18130967727697966,0.1770667371032055
255,255.0,256.09812594815867,0.1444823152722803,0.14833519572155482,0.18192996893120972,0.1672608445611447,0.1817788790252765,0.1762127964885343
256,256.0,257.09850195981664,0.14446352910689805,0.14705233703913442,0.18300536350077157,0.1690073422308262,0.18106334899975843,0.17540807912261172
257,257.0,258.09885535071066,0.14434410503531347,0.14664435962289318,0.18381377837035387,0.1704755536613779,0.18017760456695095,0.17454459874311098
258,258.0,259.0991848490082,0.14441387251743407,0.14660642654894698,0.18493097021840163,0.1707071967909787,0.17942609604048254,0.17391543788375635
259,259.0,260.0994895489859,0.1462619809568344,0.14708210751900067,0.18615579851949693,0.17056062500544067,0.17898310972017878,0.17095637827904886
260,260.0,261.0997688834759,0.14833569381697112,0.14708346613713544,0.18841636967144235,0.170474115413123,0.17804318284458587,0.16764717211674254
261,261.0,262.1000225956822,0.1502681024160581,0.14688708771902856,0.1903767814554112,0.17015641577951565,0.1769792976268775,0.1653323150031093
262,262.0,263.10025071071107,0.15215401309420945,0.14681470975248523,0.1922474456903615,0.16973382210508373,0.17591448875344232,0.1631355206044181
263,263.0,264.10045350712994,0.15397921653673718,0.14685465597201458,0.19401863048884554,0.169221049730654,0.17485949667858736,0.16106695059316167
264,264.0,265.10063148883563,0.15662438857563557,0.14681672306824256,0.1955040005179537,0.16845367282139911,0.1736453182146317,0.15895589680213768
265,265.0,266.1007853574824,0.1584275092023071,0.14689757034602913,0.19523910895115787,0.16781998433005285,0.1744329502930615,0.15718287687739183
266,266.0,267.1009159856896,0.1601297523517078,0.14705951131444053,0.19487663086371643,0.16713795229973782,0.1752393355388539,0.1555568176315438
267,267.0,268.1010243912192,0.1617241833400707,0.14729281719473022,0.19359661635523503,0.16725256473798739,0.17605453478281471,0.15407928358916226
268,268.0,269.1011117122837,0.16320563907361596,0.14758801843690741,0.1922536192129025,0.16733301107356258,0.1768695146326875,0.15275019757032438
269,269.0,270.1011791841189,0.16457060252048988,0.14876930682569495,0.19003403433819388,0.1673819034533751,0.17767614722938233,0.15156800563286418
270,270.0,271.10122811692935,0.16568886814668574,0.14985805563433877,0.18773361378899134,0.1672096006568954,0.1801082266132757,0.14940163515981336
