Total_iterations,Unnamed: 0.1,Intertwine_two,Add_vertex,Delete_vertex,Invert_path_vertices,Insert_inside_vertex,Delete_inside_vertex
0,0.0,0.1666666666666666,0.1666666666666666,0.1666666666666666,0.1666666666666666,0.1666666666666666,0.1666666666666666
1,1.0,0.1666666666666666,0.1666666666666666,0.1666666666666666,0.1666666666666666,0.1666666666666666,0.1666666666666666
2,2.0,0.1666666666666666,0.1666666666666666,0.1666666666666666,0.1666666666666666,0.1666666666666666,0.1666666666666666
3,3.0,0.1666666666666666,0.1666666666666666,0.1666666666666666,0.1666666666666666,0.1666666666666666,0.1666666666666666
4,4.0,0.1666666666666666,0.1666666666666666,0.1666666666666666,0.1666666666666666,0.1666666666666666,0.1666666666666666
5,5.0,0.1666666666666666,0.1666666666666666,0.1666666666666666,0.1666666666666666,0.1666666666666666,0.1666666666666666
6,6.0,0.1666666666666666,0.1666666666666666,0.1666666666666666,0.1666666666666666,0.1666666666666666,0.1666666666666666
7,7.0,0.1666666666666666,0.1666666666666666,0.1666666666666666,0.1666666666666666,0.1666666666666666,0.1666666666666666
8,8.0,0.1666666666666666,0.1666666666666666,0.1666666666666666,0.1666666666666666,0.1666666666666666,0.1666666666666666
9,9.0,0.1666666666666666,0.1666666666666666,0.1666666666666666,0.1666666666666666,0.1666666666666666,0.1666666666666666
10,10.0,0.1666666666666666,0.1666666666666666,0.1666666666666666,0.1666666666666666,0.1666666666666666,0.1666666666666666
11,11.0,0.1666666666666666,0.1666666666666666,0.1666666666666666,0.1666666666666666,0.1666666666666666,0.1666666666666666
12,12.0,0.1666666666666666,0.1666666666666666,0.1666666666666666,0.1666666666666666,0.1666666666666666,0.1666666666666666
13,13.0,0.1666666666666666,0.1666666666666666,0.1666666666666666,0.1666666666666666,0.1666666666666666,0.1666666666666666
14,14.0,0.1666666666666666,0.1666666666666666,0.1666666666666666,0.1666666666666666,0.1666666666666666,0.1666666666666666
15,15.0,0.1666666666666666,0.1666666666666666,0.1666666666666666,0.1666666666666666,0.1666666666666666,0.1666666666666666
16,16.0,0.1666666666666666,0.1666666666666666,0.1666666666666666,0.1666666666666666,0.1666666666666666,0.1666666666666666
17,17.0,0.1666666666666666,0.1666666666666666,0.1666666666666666,0.1666666666666666,0.1666666666666666,0.1666666666666666
18,18.0,0.1666666666666666,0.1666666666666666,0.1666666666666666,0.1666666666666666,0.1666666666666666,0.1666666666666666
19,19.0,0.1666666666666666,0.1666666666666666,0.1666666666666666,0.1666666666666666,0.1666666666666666,0.1666666666666666
20,20.0,0.1666666666666666,0.1666666666666666,0.1666666666666666,0.1666666666666666,0.1666666666666666,0.1666666666666666
21,21.0,0.1666666666666666,0.1666666666666666,0.1666666666666666,0.1666666666666666,0.1666666666666666,0.1666666666666666
22,22.0,0.1666666666666666,0.1666666666666666,0.1666666666666666,0.1666666666666666,0.1666666666666666,0.1666666666666666
23,23.0,0.1666666666666666,0.1666666666666666,0.1666666666666666,0.1666666666666666,0.1666666666666666,0.1666666666666666
24,24.0,0.1666666666666666,0.1666666666666666,0.1666666666666666,0.1666666666666666,0.1666666666666666,0.1666666666666666
25,25.0,0.1666666666666666,0.1666666666666666,0.1666666666666666,0.1666666666666666,0.1666666666666666,0.1666666666666666
26,26.0,0.1666666666666666,0.1666666666666666,0.1666666666666666,0.1666666666666666,0.1666666666666666,0.1666666666666666
27,27.0,0.1666666666666666,0.1666666666666666,0.1666666666666666,0.1666666666666666,0.1666666666666666,0.1666666666666666
28,28.0,0.1666666666666666,0.1666666666666666,0.1666666666666666,0.1666666666666666,0.1666666666666666,0.1666666666666666
29,29.0,0.1666666666666666,0.1666666666666666,0.1666666666666666,0.1666666666666666,0.1666666666666666,0.1666666666666666
30,30.0,0.1666666666666666,0.1666666666666666,0.1666666666666666,0.1666666666666666,0.1666666666666666,0.1666666666666666
31,31.0,0.1666666666666666,0.1666666666666666,0.1666666666666666,0.1666666666666666,0.1666666666666666,0.1666666666666666
32,32.0,0.1666666666666666,0.1666666666666666,0.1666666666666666,0.1666666666666666,0.1666666666666666,0.1666666666666666
33,33.0,0.1666666666666666,0.1666666666666666,0.1666666666666666,0.1666666666666666,0.1666666666666666,0.1666666666666666
34,34.0,0.1666666666666666,0.1666666666666666,0.1666666666666666,0.1666666666666666,0.1666666666666666,0.1666666666666666
35,35.0,0.1666666666666666,0.1666666666666666,0.1666666666666666,0.1666666666666666,0.1666666666666666,0.1666666666666666
36,36.0,0.1666666666666666,0.1666666666666666,0.1666666666666666,0.1666666666666666,0.1666666666666666,0.1666666666666666
37,37.0,0.1666666666666666,0.1666666666666666,0.1666666666666666,0.1666666666666666,0.1666666666666666,0.1666666666666666
38,38.0,0.1666666666666666,0.1666666666666666,0.1666666666666666,0.1666666666666666,0.1666666666666666,0.1666666666666666
39,39.0,0.1666666666666666,0.1666666666666666,0.1666666666666666,0.1666666666666666,0.1666666666666666,0.1666666666666666
40,40.0,0.1666666666666666,0.1666666666666666,0.1666666666666666,0.1666666666666666,0.1666666666666666,0.1666666666666666
41,41.0,0.1666666666666666,0.1666666666666666,0.1666666666666666,0.1666666666666666,0.1666666666666666,0.1666666666666666
42,42.0,0.1666666666666666,0.1666666666666666,0.1666666666666666,0.1666666666666666,0.1666666666666666,0.1666666666666666
43,43.0,0.1666666666666666,0.1666666666666666,0.1666666666666666,0.1666666666666666,0.1666666666666666,0.1666666666666666
44,44.0,0.1666666666666666,0.1666666666666666,0.1666666666666666,0.1666666666666666,0.1666666666666666,0.1666666666666666
45,45.0,0.1666666666666666,0.1666666666666666,0.1666666666666666,0.1666666666666666,0.1666666666666666,0.1666666666666666
46,46.0,0.1666666666666666,0.1666666666666666,0.1666666666666666,0.1666666666666666,0.1666666666666666,0.1666666666666666
47,47.0,0.1666666666666666,0.1666666666666666,0.1666666666666666,0.1666666666666666,0.1666666666666666,0.1666666666666666
48,48.0,0.1666666666666666,0.1666666666666666,0.1666666666666666,0.1666666666666666,0.1666666666666666,0.1666666666666666
49,49.0,0.1666666666666666,0.1666666666666666,0.1666666666666666,0.1666666666666666,0.1666666666666666,0.1666666666666666
50,50.0,0.1666666666666666,0.1666666666666666,0.1666666666666666,0.1666666666666666,0.1666666666666666,0.1666666666666666
51,51.0,0.1666666666666666,0.1666666666666666,0.1666666666666666,0.1666666666666666,0.1666666666666666,0.1666666666666666
52,52.0,0.1666666666666666,0.1666666666666666,0.1666666666666666,0.1666666666666666,0.1666666666666666,0.1666666666666666
53,53.0,0.1666666666666666,0.1666666666666666,0.1666666666666666,0.1666666666666666,0.1666666666666666,0.1666666666666666
54,54.0,0.1666666666666666,0.1666666666666666,0.1666666666666666,0.1666666666666666,0.1666666666666666,0.1666666666666666
55,55.0,0.1666666666666666,0.1666666666666666,0.1666666666666666,0.1666666666666666,0.1666666666666666,0.1666666666666666
56,56.0,0.1666666666666666,0.1666666666666666,0.1666666666666666,0.1666666666666666,0.1666666666666666,0.1666666666666666
57,57.0,0.1666666666666666,0.1666666666666666,0.1666666666666666,0.1666666666666666,0.1666666666666666,0.1666666666666666
58,58.0,0.1666666666666666,0.1666666666666666,0.1666666666666666,0.1666666666666666,0.1666666666666666,0.1666666666666666
59,59.0,0.1666666666666666,0.1666666666666666,0.1666666666666666,0.1666666666666666,0.1666666666666666,0.1666666666666666
60,60.0,0.1666666666666666,0.1666666666666666,0.1666666666666666,0.1666666666666666,0.1666666666666666,0.1666666666666666
61,61.0,0.1666666666666666,0.1666666666666666,0.1666666666666666,0.1666666666666666,0.1666666666666666,0.1666666666666666
62,62.0,0.1666666666666666,0.1666666666666666,0.1666666666666666,0.1666666666666666,0.1666666666666666,0.1666666666666666
63,63.0,0.1666666666666666,0.1666666666666666,0.1666666666666666,0.1666666666666666,0.1666666666666666,0.1666666666666666
64,64.0,0.1666666666666666,0.1666666666666666,0.1666666666666666,0.1666666666666666,0.1666666666666666,0.1666666666666666
65,65.0,0.1666666666666666,0.1666666666666666,0.1666666666666666,0.1666666666666666,0.1666666666666666,0.1666666666666666
66,66.0,0.1666666666666666,0.1666666666666666,0.1666666666666666,0.1666666666666666,0.1666666666666666,0.1666666666666666
67,67.0,0.1666666666666666,0.1666666666666666,0.1666666666666666,0.1666666666666666,0.1666666666666666,0.1666666666666666
68,68.0,0.1666666666666666,0.1666666666666666,0.1666666666666666,0.1666666666666666,0.1666666666666666,0.1666666666666666
69,69.0,0.1666666666666666,0.1666666666666666,0.1666666666666666,0.1666666666666666,0.1666666666666666,0.1666666666666666
70,70.0,0.1666666666666666,0.1666666666666666,0.1666666666666666,0.1666666666666666,0.1666666666666666,0.1666666666666666
71,71.0,0.1666666666666666,0.1666666666666666,0.1666666666666666,0.1666666666666666,0.1666666666666666,0.1666666666666666
72,72.0,0.1666666666666666,0.1666666666666666,0.1666666666666666,0.1666666666666666,0.1666666666666666,0.1666666666666666
73,73.0,0.1666666666666666,0.1666666666666666,0.1666666666666666,0.1666666666666666,0.1666666666666666,0.1666666666666666
74,74.0,0.1666666666666666,0.1666666666666666,0.1666666666666666,0.1666666666666666,0.1666666666666666,0.1666666666666666
75,75.0,0.1666666666666666,0.1666666666666666,0.1666666666666666,0.1666666666666666,0.1666666666666666,0.1666666666666666
76,76.0,0.1666666666666666,0.1666666666666666,0.1666666666666666,0.1666666666666666,0.1666666666666666,0.1666666666666666
77,77.0,0.1666666666666666,0.1666666666666666,0.1666666666666666,0.1666666666666666,0.1666666666666666,0.1666666666666666
78,78.0,0.1666666666666666,0.1666666666666666,0.1666666666666666,0.1666666666666666,0.1666666666666666,0.1666666666666666
79,79.0,0.1666666666666666,0.1666666666666666,0.1666666666666666,0.1666666666666666,0.1666666666666666,0.1666666666666666
80,80.0,0.1666666666666666,0.1666666666666666,0.1666666666666666,0.1666666666666666,0.1666666666666666,0.1666666666666666
81,81.0,0.1666666666666666,0.1666666666666666,0.1666666666666666,0.1666666666666666,0.1666666666666666,0.1666666666666666
82,82.0,0.1666666666666666,0.1666666666666666,0.1666666666666666,0.1666666666666666,0.1666666666666666,0.1666666666666666
83,83.0,0.1666666666666666,0.1666666666666666,0.1666666666666666,0.1666666666666666,0.1666666666666666,0.1666666666666666
84,84.0,0.1666666666666666,0.1666666666666666,0.1666666666666666,0.1666666666666666,0.1666666666666666,0.1666666666666666
85,85.0,0.1666666666666666,0.1666666666666666,0.1666666666666666,0.1666666666666666,0.1666666666666666,0.1666666666666666
86,86.0,0.1666666666666666,0.1666666666666666,0.1666666666666666,0.1666666666666666,0.1666666666666666,0.1666666666666666
87,87.0,0.1666666666666666,0.1666666666666666,0.1666666666666666,0.1666666666666666,0.1666666666666666,0.1666666666666666
88,88.0,0.1666666666666666,0.1666666666666666,0.1666666666666666,0.1666666666666666,0.1666666666666666,0.1666666666666666
89,89.0,0.1666666666666666,0.1666666666666666,0.1666666666666666,0.1666666666666666,0.1666666666666666,0.1666666666666666
90,90.0,0.1666666666666666,0.1666666666666666,0.1666666666666666,0.1666666666666666,0.1666666666666666,0.1666666666666666
91,91.0,0.1666666666666666,0.1666666666666666,0.1666666666666666,0.1666666666666666,0.1666666666666666,0.1666666666666666
92,92.0,0.1666666666666666,0.1666666666666666,0.1666666666666666,0.1666666666666666,0.1666666666666666,0.1666666666666666
93,93.0,0.1666666666666666,0.1666666666666666,0.1666666666666666,0.1666666666666666,0.1666666666666666,0.1666666666666666
94,94.0,0.1666666666666666,0.1666666666666666,0.1666666666666666,0.1666666666666666,0.1666666666666666,0.1666666666666666
95,95.0,0.1666666666666666,0.1666666666666666,0.1666666666666666,0.1666666666666666,0.1666666666666666,0.1666666666666666
96,96.0,0.1666666666666666,0.1666666666666666,0.1666666666666666,0.1666666666666666,0.1666666666666666,0.1666666666666666
97,97.0,0.1666666666666666,0.1666666666666666,0.1666666666666666,0.1666666666666666,0.1666666666666666,0.1666666666666666
98,98.0,0.1666666666666666,0.1666666666666666,0.1666666666666666,0.1666666666666666,0.1666666666666666,0.1666666666666666
99,99.0,0.1666666666666666,0.1666666666666666,0.1666666666666666,0.1666666666666666,0.1666666666666666,0.1666666666666666
100,100.0,0.1666666666666666,0.1666666666666666,0.1666666666666666,0.1666666666666666,0.1666666666666666,0.1666666666666666
101,101.0,0.1666666666666666,0.1666666666666666,0.1666666666666666,0.1666666666666666,0.1666666666666666,0.1666666666666666
102,102.0,0.1666666666666666,0.1666666666666666,0.1666666666666666,0.1666666666666666,0.1666666666666666,0.1666666666666666
103,103.0,0.1666666666666666,0.1666666666666666,0.1666666666666666,0.1666666666666666,0.1666666666666666,0.1666666666666666
104,104.0,0.1666666666666666,0.1666666666666666,0.1666666666666666,0.1666666666666666,0.1666666666666666,0.1666666666666666
105,105.0,0.1666666666666666,0.1666666666666666,0.1666666666666666,0.1666666666666666,0.1666666666666666,0.1666666666666666
106,106.0,0.1666666666666666,0.1666666666666666,0.1666666666666666,0.1666666666666666,0.1666666666666666,0.1666666666666666
107,107.0,0.1666666666666666,0.1666666666666666,0.1666666666666666,0.1666666666666666,0.1666666666666666,0.1666666666666666
108,108.0,0.1666666666666666,0.1666666666666666,0.1666666666666666,0.1666666666666666,0.1666666666666666,0.1666666666666666
109,109.0,0.1666666666666666,0.1666666666666666,0.1666666666666666,0.1666666666666666,0.1666666666666666,0.1666666666666666
110,110.0,0.1666666666666666,0.1666666666666666,0.1666666666666666,0.1666666666666666,0.1666666666666666,0.1666666666666666
111,111.0,0.1666666666666666,0.1666666666666666,0.1666666666666666,0.1666666666666666,0.1666666666666666,0.1666666666666666
112,112.0,0.1666666666666666,0.1666666666666666,0.1666666666666666,0.1666666666666666,0.1666666666666666,0.1666666666666666
113,113.0,0.1666666666666666,0.1666666666666666,0.1666666666666666,0.1666666666666666,0.1666666666666666,0.1666666666666666
114,114.0,0.1666666666666666,0.1666666666666666,0.1666666666666666,0.1666666666666666,0.1666666666666666,0.1666666666666666
115,115.0,0.1666666666666666,0.1666666666666666,0.1666666666666666,0.1666666666666666,0.1666666666666666,0.1666666666666666
116,116.0,0.1666666666666666,0.1666666666666666,0.1666666666666666,0.1666666666666666,0.1666666666666666,0.1666666666666666
117,117.0,0.1666666666666666,0.1666666666666666,0.1666666666666666,0.1666666666666666,0.1666666666666666,0.1666666666666666
118,118.0,0.1666666666666666,0.1666666666666666,0.1666666666666666,0.1666666666666666,0.1666666666666666,0.1666666666666666
119,119.0,0.1666666666666666,0.1666666666666666,0.1666666666666666,0.1666666666666666,0.1666666666666666,0.1666666666666666
120,120.0,0.1666666666666666,0.1666666666666666,0.1666666666666666,0.1666666666666666,0.1666666666666666,0.1666666666666666
121,121.0,0.1666666666666666,0.1666666666666666,0.1666666666666666,0.1666666666666666,0.1666666666666666,0.1666666666666666
122,122.0,0.1666666666666666,0.1666666666666666,0.1666666666666666,0.1666666666666666,0.1666666666666666,0.1666666666666666
123,123.0,0.1666666666666666,0.1666666666666666,0.1666666666666666,0.1666666666666666,0.1666666666666666,0.1666666666666666
124,124.0,0.1666666666666666,0.1666666666666666,0.1666666666666666,0.1666666666666666,0.1666666666666666,0.1666666666666666
125,125.0,0.1666666666666666,0.1666666666666666,0.1666666666666666,0.1666666666666666,0.1666666666666666,0.1666666666666666
126,126.0,0.1666666666666666,0.1666666666666666,0.1666666666666666,0.1666666666666666,0.1666666666666666,0.1666666666666666
127,127.0,0.1666666666666666,0.1666666666666666,0.1666666666666666,0.1666666666666666,0.1666666666666666,0.1666666666666666
128,128.0,0.1666666666666666,0.1666666666666666,0.1666666666666666,0.1666666666666666,0.1666666666666666,0.1666666666666666
129,129.0,0.1666666666666666,0.1666666666666666,0.1666666666666666,0.1666666666666666,0.1666666666666666,0.1666666666666666
130,130.0,0.1666666666666666,0.1666666666666666,0.1666666666666666,0.1666666666666666,0.1666666666666666,0.1666666666666666
131,131.0,0.1666666666666666,0.1666666666666666,0.1666666666666666,0.1666666666666666,0.1666666666666666,0.1666666666666666
132,132.0,0.1666666666666666,0.1666666666666666,0.1666666666666666,0.1666666666666666,0.1666666666666666,0.1666666666666666
133,133.0,0.1666666666666666,0.1666666666666666,0.1666666666666666,0.1666666666666666,0.1666666666666666,0.1666666666666666
134,134.0,0.1666666666666666,0.1666666666666666,0.1666666666666666,0.1666666666666666,0.1666666666666666,0.1666666666666666
135,135.0,0.1666666666666666,0.1666666666666666,0.1666666666666666,0.1666666666666666,0.1666666666666666,0.1666666666666666
136,136.0,0.1666666666666666,0.1666666666666666,0.1666666666666666,0.1666666666666666,0.1666666666666666,0.1666666666666666
137,137.0,0.1666666666666666,0.1666666666666666,0.1666666666666666,0.1666666666666666,0.1666666666666666,0.1666666666666666
138,138.0,0.1666666666666666,0.1666666666666666,0.1666666666666666,0.1666666666666666,0.1666666666666666,0.1666666666666666
139,139.0,0.1666666666666666,0.1666666666666666,0.1666666666666666,0.1666666666666666,0.1666666666666666,0.1666666666666666
140,140.0,0.1666666666666666,0.1666666666666666,0.1666666666666666,0.1666666666666666,0.1666666666666666,0.1666666666666666
141,141.0,0.1666666666666666,0.1666666666666666,0.1666666666666666,0.1666666666666666,0.1666666666666666,0.1666666666666666
142,142.0,0.1666666666666666,0.1666666666666666,0.1666666666666666,0.1666666666666666,0.1666666666666666,0.1666666666666666
143,143.0,0.1666666666666666,0.1666666666666666,0.1666666666666666,0.1666666666666666,0.1666666666666666,0.1666666666666666
144,144.0,0.1666666666666666,0.1666666666666666,0.1666666666666666,0.1666666666666666,0.1666666666666666,0.1666666666666666
145,145.0,0.1666666666666666,0.1666666666666666,0.1666666666666666,0.1666666666666666,0.1666666666666666,0.1666666666666666
146,146.0,0.1666666666666666,0.1666666666666666,0.1666666666666666,0.1666666666666666,0.1666666666666666,0.1666666666666666
147,147.0,0.1666666666666666,0.1666666666666666,0.1666666666666666,0.1666666666666666,0.1666666666666666,0.1666666666666666
148,148.0,0.1666666666666666,0.1666666666666666,0.1666666666666666,0.1666666666666666,0.1666666666666666,0.1666666666666666
149,149.0,0.1666666666666666,0.1666666666666666,0.1666666666666666,0.1666666666666666,0.1666666666666666,0.1666666666666666
150,150.0,0.1666666666666666,0.1666666666666666,0.1666666666666666,0.1666666666666666,0.1666666666666666,0.1666666666666666
151,151.0,0.1666666666666666,0.1666666666666666,0.1666666666666666,0.1666666666666666,0.1666666666666666,0.1666666666666666
152,152.0,0.1666666666666666,0.1666666666666666,0.1666666666666666,0.1666666666666666,0.1666666666666666,0.1666666666666666
153,153.0,0.1666666666666666,0.1666666666666666,0.1666666666666666,0.1666666666666666,0.1666666666666666,0.1666666666666666
154,154.0,0.1666666666666666,0.1666666666666666,0.1666666666666666,0.1666666666666666,0.1666666666666666,0.1666666666666666
155,155.0,0.1666666666666666,0.1666666666666666,0.1666666666666666,0.1666666666666666,0.1666666666666666,0.1666666666666666
156,156.0,0.1666666666666666,0.1666666666666666,0.1666666666666666,0.1666666666666666,0.1666666666666666,0.1666666666666666
157,157.0,0.1666666666666666,0.1666666666666666,0.1666666666666666,0.1666666666666666,0.1666666666666666,0.1666666666666666
158,158.0,0.1666666666666666,0.1666666666666666,0.1666666666666666,0.1666666666666666,0.1666666666666666,0.1666666666666666
159,159.0,0.1666666666666666,0.1666666666666666,0.1666666666666666,0.1666666666666666,0.1666666666666666,0.1666666666666666
160,160.0,0.1666666666666666,0.1666666666666666,0.1666666666666666,0.1666666666666666,0.1666666666666666,0.1666666666666666
161,161.0,0.1666666666666666,0.1666666666666666,0.1666666666666666,0.1666666666666666,0.1666666666666666,0.1666666666666666
162,162.0,0.1666666666666666,0.1666666666666666,0.1666666666666666,0.1666666666666666,0.1666666666666666,0.1666666666666666
163,163.0,0.1666666666666666,0.1666666666666666,0.1666666666666666,0.1666666666666666,0.1666666666666666,0.1666666666666666
164,164.0,0.1666666666666666,0.1666666666666666,0.1666666666666666,0.1666666666666666,0.1666666666666666,0.1666666666666666
165,165.0,0.1666666666666666,0.1666666666666666,0.1666666666666666,0.1666666666666666,0.1666666666666666,0.1666666666666666
166,166.0,0.1666666666666666,0.1666666666666666,0.1666666666666666,0.1666666666666666,0.1666666666666666,0.1666666666666666
167,167.0,0.1666666666666666,0.1666666666666666,0.1666666666666666,0.1666666666666666,0.1666666666666666,0.1666666666666666
168,168.0,0.1666666666666666,0.1666666666666666,0.1666666666666666,0.1666666666666666,0.1666666666666666,0.1666666666666666
169,169.0,0.1666666666666666,0.1666666666666666,0.1666666666666666,0.1666666666666666,0.1666666666666666,0.1666666666666666
170,170.0,0.1666666666666666,0.1666666666666666,0.1666666666666666,0.1666666666666666,0.1666666666666666,0.1666666666666666
171,171.0,0.1666666666666666,0.1666666666666666,0.1666666666666666,0.1666666666666666,0.1666666666666666,0.1666666666666666
172,172.0,0.1666666666666666,0.1666666666666666,0.1666666666666666,0.1666666666666666,0.1666666666666666,0.1666666666666666
173,173.0,0.1666666666666666,0.1666666666666666,0.1666666666666666,0.1666666666666666,0.1666666666666666,0.1666666666666666
174,174.0,0.1666666666666666,0.1666666666666666,0.1666666666666666,0.1666666666666666,0.1666666666666666,0.1666666666666666
175,175.0,0.1666666666666666,0.1666666666666666,0.1666666666666666,0.1666666666666666,0.1666666666666666,0.1666666666666666
176,176.0,0.1666666666666666,0.1666666666666666,0.1666666666666666,0.1666666666666666,0.1666666666666666,0.1666666666666666
177,177.0,0.1666666666666666,0.1666666666666666,0.1666666666666666,0.1666666666666666,0.1666666666666666,0.1666666666666666
178,178.0,0.1666666666666666,0.1666666666666666,0.1666666666666666,0.1666666666666666,0.1666666666666666,0.1666666666666666
179,179.0,0.1666666666666666,0.1666666666666666,0.1666666666666666,0.1666666666666666,0.1666666666666666,0.1666666666666666
180,180.0,0.1666666666666666,0.1666666666666666,0.1666666666666666,0.1666666666666666,0.1666666666666666,0.1666666666666666
181,181.0,0.1666666666666666,0.1666666666666666,0.1666666666666666,0.1666666666666666,0.1666666666666666,0.1666666666666666
182,182.0,0.1666666666666666,0.1666666666666666,0.1666666666666666,0.1666666666666666,0.1666666666666666,0.1666666666666666
183,183.0,0.1666666666666666,0.1666666666666666,0.1666666666666666,0.1666666666666666,0.1666666666666666,0.1666666666666666
184,184.0,0.1666666666666666,0.1666666666666666,0.1666666666666666,0.1666666666666666,0.1666666666666666,0.1666666666666666
185,185.0,0.1666666666666666,0.1666666666666666,0.1666666666666666,0.1666666666666666,0.1666666666666666,0.1666666666666666
186,186.0,0.1666666666666666,0.1666666666666666,0.1666666666666666,0.1666666666666666,0.1666666666666666,0.1666666666666666
187,187.0,0.1666666666666666,0.1666666666666666,0.1666666666666666,0.1666666666666666,0.1666666666666666,0.1666666666666666
188,188.0,0.1666666666666666,0.1666666666666666,0.1666666666666666,0.1666666666666666,0.1666666666666666,0.1666666666666666
189,189.0,0.1666666666666666,0.1666666666666666,0.1666666666666666,0.1666666666666666,0.1666666666666666,0.1666666666666666
190,190.0,0.1666666666666666,0.1666666666666666,0.1666666666666666,0.1666666666666666,0.1666666666666666,0.1666666666666666
191,191.0,0.1666666666666666,0.1666666666666666,0.1666666666666666,0.1666666666666666,0.1666666666666666,0.1666666666666666
192,192.0,0.1666666666666666,0.1666666666666666,0.1666666666666666,0.1666666666666666,0.1666666666666666,0.1666666666666666
193,193.0,0.1666666666666666,0.1666666666666666,0.1666666666666666,0.1666666666666666,0.1666666666666666,0.1666666666666666
194,194.0,0.1666666666666666,0.1666666666666666,0.1666666666666666,0.1666666666666666,0.1666666666666666,0.1666666666666666
195,195.0,0.1666666666666666,0.1666666666666666,0.1666666666666666,0.1666666666666666,0.1666666666666666,0.1666666666666666
196,196.0,0.1666666666666666,0.1666666666666666,0.1666666666666666,0.1666666666666666,0.1666666666666666,0.1666666666666666
197,197.0,0.1666666666666666,0.1666666666666666,0.1666666666666666,0.1666666666666666,0.1666666666666666,0.1666666666666666
198,198.0,0.1666666666666666,0.1666666666666666,0.1666666666666666,0.1666666666666666,0.1666666666666666,0.1666666666666666
199,199.0,0.1664285714285714,0.1678571428571428,0.1664285714285714,0.1664285714285714,0.1664285714285714,0.1664285714285714
200,200.0,0.1659547619047619,0.168797619047619,0.1659547619047619,0.1659547619047619,0.1659547619047619,0.1673833333333333
201,201.0,0.1654878333333334,0.1697179761904762,0.1654878333333334,0.1654878333333334,0.1654878333333334,0.1683306904761905
202,202.0,0.1647936716666667,0.1703729273809524,0.1647936716666667,0.1647936716666667,0.1662222430952381,0.1690238145238095
203,203.0,0.1641162275452381,0.1709967494166667,0.1641162275452381,0.1641162275452381,0.1669590846880952,0.1696954832595238
204,204.0,0.1632820322271667,0.1714077455641666,0.1632820322271667,0.1632820322271667,0.1687621750843095,0.1699839826700238
205,205.0,0.1621583567535514,0.1712877709904813,0.1621583567535514,0.1621583567535514,0.1713362235789482,0.1709009351699164
206,206.0,0.1609599890692859,0.1710264399737835,0.1619599890692859,0.1609599890692859,0.1736418859407144,0.1714517068776444
207,207.0,0.1597154729813688,0.1715586832867233,0.1616145638904597,0.1597154729813688,0.1757011259774597,0.1716946808826197
208,208.0,0.1583451152442912,0.1718848859982724,0.1611253061533822,0.1583451152442912,0.1785744870278121,0.171725090331951
209,209.0,0.1570359178860542,0.1721831044271688,0.1606722059769633,0.1570359178860542,0.181348251951336,0.1717246018724235
210,210.0,0.1557948568423562,0.1733622457264796,0.1593470876978107,0.1557948568423562,0.184004642711479,0.1716963101795185
211,211.0,0.1543894338540849,0.1742661491398932,0.1592590623176472,0.1543894338540849,0.1862907375788825,0.1714051832554075
212,212.0,0.1528858536312947,0.1749490137075795,0.1588567293718041,0.1541358536312947,0.1882564194798607,0.1709161301781665
213,213.0,0.1514696819853796,0.1768368289541487,0.1584969715177363,0.1539571819853796,0.1888247871777607,0.1704145483795952
214,214.0,0.1500074508862225,0.17949855499258,0.1580402399359182,0.1537088258862225,0.1889771106381335,0.1697678176609235
215,215.0,0.1487342976810481,0.1823529107560303,0.158716708405852,0.1536161464310481,0.1881852892319463,0.1683946474940754
216,216.0,0.1475622279306918,0.1851066351689086,0.1594244740558449,0.1535826845681918,0.1872880192962805,0.1670359589800824
217,217.0,0.1466714254157468,0.1890319366618259,0.1605104723685342,0.1525314245856218,0.1853722787009011,0.1658824622673705
218,218.0,0.1457708460409959,0.1923672457816903,0.1614934804119834,0.1524278334983096,0.1832872465209077,0.1646533477461132
219,219.0,0.1449704732861673,0.1955382086746085,0.1624739671326822,0.1523781803276028,0.1811707022365618,0.1634684683423777
220,220.0,0.1442682902168171,0.199529550334346,0.1634423797956985,0.1513775678135477,0.1790469625011419,0.162335249338449
221,221.0,0.1438400711236622,0.2022478908961948,0.164568813108742,0.1506096694441913,0.1758665556856812,0.1628669997415287
222,222.0,0.1437519875143005,0.203007632778611,0.1649154863879651,0.1501481785030428,0.1756598097091954,0.1625169051068852
223,223.0,0.1436210986887351,0.2034472304430026,0.1661420471528056,0.1496172611689819,0.1750848053638347,0.1620875571826402
224,224.0,0.143565321245782,0.2037066295234682,0.1673291166230902,0.1491414964435804,0.1745539341981428,0.1617035019659365
225,225.0,0.1435777018216096,0.2038012558875958,0.1684687732335717,0.1487201267132264,0.1728180916058097,0.162614050738187
226,226.0,0.1446318202891009,0.2031135236602608,0.1700154006651645,0.1480824456562382,0.1708706526359425,0.1632861570932932
227,227.0,0.1462860496975028,0.2018816845510216,0.170803456052062,0.1470823270167149,0.1695503393390812,0.1643961433436176
228,228.0,0.1476658568606603,0.2007797908714841,0.1710410675600164,0.1458430359413254,0.1687874402606919,0.1658828085058221
229,229.0,0.1490530677496482,0.1995967761063827,0.1712172670982059,0.144669064402592,0.1681020247878929,0.1673617998552783
230,230.0,0.1504330698829935,0.1983525825119247,0.1713364338682253,0.1435656201622366,0.1674931987148534,0.1688190948597667
231,231.0,0.151792784114927,0.1970657699069904,0.1714030794791913,0.1425366849328248,0.1669593913623277,0.170242290203739
232,232.0,0.1531206420932706,0.1957534683186768,0.1714217895908996,0.1415850971655564,0.1664984389317897,0.1716205638998071
233,233.0,0.1544065508635997,0.1944313496612049,0.171397170652159,0.1407126379918897,0.1661076654553461,0.1729446253758008
234,234.0,0.1535585129256794,0.1932525057169541,0.1728615795351794,0.1400590080330901,0.1659228496612406,0.1743455441278565
235,235.0,0.1525824942388045,0.1919984883631358,0.1741855602780455,0.1393929515763499,0.1657093348482715,0.1761311706953929
236,236.0,0.1515071136708,0.1906954157203056,0.1753759764934046,0.1387284324420911,0.1654781866725155,0.1782148750008835
237,237.0,0.1502182515806491,0.1892264144089832,0.1771328041703776,0.1379371324545985,0.1650986703171991,0.1803867270681928
238,238.0,0.1488778919942153,0.1877505145618783,0.1787595811387806,0.1378816756661033,0.1647171650165788,0.1820131716224439
239,239.0,0.1475540388064418,0.1863326155804909,0.179191384138126,0.1378956257311843,0.1654982463787528,0.1835280893650044
240,240.0,0.1461471687982291,0.1848699852569519,0.1802100592019928,0.1378607913527218,0.1660956227015978,0.1848163726885068
241,241.0,0.1447796523517034,0.1834817230287118,0.1811467323732901,0.1378823993188548,0.1667216907258182,0.1859878022016219
242,242.0,0.144461229275161,0.1821742747085233,0.1810002371095619,0.1379545893154625,0.1673673206010342,0.1870423489902571
243,243.0,0.1441901744623693,0.1809526333887829,0.1807803552069482,0.1380715812395313,0.1680240998433942,0.1879811558589741
244,244.0,0.143964461635081,0.1798204347826434,0.1804966241483635,0.1382277249790744,0.1686843457237601,0.1888064087310777
245,245.0,0.1437818137230186,0.1787800566048059,0.1801582661599909,0.1384175439151489,0.1693411091195278,0.189521210477508
246,246.0,0.1444297940038235,0.1744560972175954,0.1797308374714027,0.1419582831612518,0.1707782139352425,0.1886467742106841
247,247.0,0.1446879074744485,0.169930111045778,0.1796647488767358,0.1451601792246552,0.1732008740283716,0.1873561793500111
248,248.0,0.1448189666076123,0.1654879069498787,0.179263055391073,0.1490787771166745,0.1754269999109349,0.1859242940238267
249,249.0,0.1446639533253164,0.1622410365887726,0.1791703107953468,0.1526146259369334,0.1771049993961791,0.1842050739574518
250,250.0,0.1442803449042497,0.1599742301643864,0.1786421093070825,0.1557979620067251,0.1783220504281288,0.1829833031894276
251,251.0,0.1443115951842581,0.1576854094205519,0.1789328647110026,0.1584037233869186,0.1791871689168857,0.1814792383803832
252,252.0,0.1443623343638627,0.1556032354252238,0.1792077737638494,0.1608707527898147,0.17997332550331,0.1799825781539395
253,253.0,0.1444301061613077,0.1537278652435048,0.1794656720102019,0.163188253119114,0.1806805548117707,0.178507548654101
254,254.0,0.1445125295968347,0.1509462610847399,0.180816792659357,0.1653480022788833,0.1813096772769796,0.1770667371032055
255,255.0,0.1444823152722803,0.1483351957215548,0.1819299689312097,0.1672608445611447,0.1817788790252765,0.1762127964885343
256,256.0,0.144463529106898,0.1470523370391344,0.1830053635007715,0.1690073422308262,0.1810633489997584,0.1754080791226117
257,257.0,0.1443441050353134,0.1466443596228931,0.1838137783703538,0.1704755536613779,0.1801776045669509,0.1745445987431109
258,258.0,0.144413872517434,0.1466064265489469,0.1849309702184016,0.1707071967909787,0.1794260960404825,0.1739154378837563
259,259.0,0.1462619809568344,0.1470821075190006,0.1861557985194969,0.1705606250054406,0.1789831097201787,0.1709563782790488
260,260.0,0.1483356938169711,0.1470834661371354,0.1884163696714423,0.170474115413123,0.1780431828445858,0.1676471721167425
261,261.0,0.1502681024160581,0.1468870877190285,0.1903767814554112,0.1701564157795156,0.1769792976268775,0.1653323150031093
262,262.0,0.1521540130942094,0.1468147097524852,0.1922474456903615,0.1697338221050837,0.1759144887534423,0.1631355206044181
263,263.0,0.1539792165367371,0.1468546559720145,0.1940186304888455,0.169221049730654,0.1748594966785873,0.1610669505931616
264,264.0,0.1566243885756355,0.1468167230682425,0.1955040005179537,0.1684536728213991,0.1736453182146317,0.1589558968021376
265,265.0,0.1584275092023071,0.1468975703460291,0.1952391089511578,0.1678199843300528,0.1744329502930615,0.1571828768773918
266,266.0,0.1601297523517078,0.1470595113144405,0.1948766308637164,0.1671379522997378,0.1752393355388539,0.1555568176315438
267,267.0,0.1617241833400707,0.1472928171947302,0.193596616355235,0.1672525647379873,0.1760545347828147,0.1540792835891622
268,268.0,0.1632056390736159,0.1475880184369074,0.1922536192129025,0.1673330110735625,0.1768695146326875,0.1527501975703243
269,269.0,0.1645706025204898,0.1487693068256949,0.1900340343381938,0.1673819034533751,0.1776761472293823,0.1515680056328641
270,270.0,0.1656888681466857,0.1498580556343387,0.1877336137889913,0.1672096006568954,0.1801082266132757,0.1494016351598133
271,271.0,0.1664885084925947,0.150585398565534,0.1861134653182563,0.1667572778970501,0.1821553108882324,0.1479000388383326
272,272.0,0.1670788708682678,0.1518959869934979,0.1844690492501353,0.166144773085087,0.1840045595915274,0.1464067602114847
273,273.0,0.1675606937326859,0.1532041047699882,0.1828620936479054,0.1655228009029089,0.1857858352218653,0.1450644717246463
274,274.0,0.1679400128083305,0.1551635844490539,0.1813049220209997,0.1648985278093591,0.1874881223302385,0.1432048305820182
275,275.0,0.1672030832631205,0.1563624223163742,0.1800808549608823,0.1643693357174193,0.1892841150795779,0.1427001886626259
276,276.0,0.1663870810727751,0.1575192396289959,0.1789233681360208,0.1638491902660298,0.1909828466146572,0.1423382742815214
277,277.0,0.1655080735237115,0.1586266702692626,0.1778373783911383,0.1633423882456493,0.1925770557415514,0.1421084338286871
278,278.0,0.1642521468982876,0.1606872366066651,0.1772248643139541,0.1625236590043766,0.1936413391898969,0.1416707539868199
279,279.0,0.1628898986907402,0.1625257120488085,0.1763831316169983,0.1616527288770599,0.1952777869528052,0.1412707418135881
280,280.0,0.1613351939309674,0.1651751417100181,0.1754376753333736,0.160633137643187,0.1966206103289832,0.1407982410534709
281,281.0,0.1596446507186149,0.1673076977765369,0.1744301477814084,0.1595117727225778,0.1977075689201675,0.1413981620806945
282,282.0,0.1578626472199531,0.1699954087138357,0.1733907202523454,0.1583239140220009,0.1985672685078346,0.1418600412840304
283,283.0,0.1560252404076904,0.1731013364709178,0.1723420679282759,0.1570971804155498,0.1992229289055505,0.1422112458720158
284,284.0,0.154943291068256,0.1759334858691201,0.1711210077373491,0.1558654423475919,0.1995779079178434,0.1425588650598397
285,285.0,0.1533075674532558,0.1774964077558429,0.1699346467458157,0.1559775982310381,0.2001669656513747,0.1431168141626729
286,286.0,0.1517387053252975,0.1789002967622681,0.1688391808414539,0.1561475876613641,0.2006591553050368,0.1437150741045797
287,287.0,0.1502457071569566,0.181056108195452,0.1678364751745902,0.1563679273895787,0.20105924179028,0.1434345402931427
288,288.0,0.1488359165339547,0.1830489098802052,0.1676415664924291,0.1566313789886108,0.2013724345590937,0.1424697935457067
289,289.0,0.1474393530322303,0.1844205293199777,0.1674570094647072,0.1576885725129641,0.2015285334796753,0.1414660021904455
290,290.0,0.1461872076932211,0.1868326719081733,0.1675807340433774,0.1573116996970009,0.201532029937985,0.1405556567202425
291,291.0,0.1450322304837159,0.1890733726952764,0.1677746308659699,0.156958375463352,0.2014682041607219,0.1396931863309642
292,292.0,0.1439762543628595,0.1911373688535253,0.1680297437398663,0.1566297781961224,0.2013444266292159,0.1388824282184108
293,293.0,0.143029096492153,0.1935436689062009,0.168346557440355,0.157306574651196,0.1996386262649024,0.1381354762451929
294,294.0,0.1421170023029441,0.1963411223204767,0.1686433894254275,0.1576790765394108,0.1978383344169763,0.1373810749947648
295,295.0,0.1419699453433342,0.1992291227425334,0.168929342806848,0.157967211741794,0.1952667906980656,0.1366375866674252
296,296.0,0.1419128924599594,0.2019125926102294,0.1692455030540244,0.1582622498606191,0.1927125500181722,0.1359542119969956
297,297.0,0.1419374137740301,0.204385150280324,0.1695856878779096,0.1585605502230538,0.1901994244801934,0.1353317733644894
298,298.0,0.1420351066526609,0.2066431613958763,0.1699440929725938,0.1588588036011126,0.1877484338253174,0.1347704015524392
299,299.0,0.1421976770106095,0.208685500501185,0.1703153122600503,0.1591540321594527,0.1853778744717828,0.1342696035969201
300,300.0,0.1444389894183427,0.2110517729446828,0.1703976488314239,0.159927102577979,0.1798726396522214,0.1343118465753505
301,301.0,0.146773078891127,0.2117910508732443,0.1705503031237447,0.1618411812851689,0.1745730441332265,0.134471341693489
302,302.0,0.1491096345200372,0.212327871728308,0.1707070245143025,0.1637245651266227,0.1694538276322391,0.134677076478491
303,303.0,0.1510679012760287,0.2124985415801017,0.1719372676507966,0.1653829183219278,0.1643695729838968,0.1347437981872487
304,304.0,0.1529875539502621,0.2124986831161489,0.1731570922129827,0.1669828746894606,0.1595283408351328,0.1348454551960133
305,305.0,0.1545754796463929,0.2133175699748858,0.174077564034892,0.1683753854594339,0.1548153523685881,0.1348386485158076
306,306.0,0.1558767495830481,0.2137679165332339,0.1757471914501109,0.1695811589727929,0.1502788019895952,0.1347481814712195
307,307.0,0.1571070166368086,0.2140820733556487,0.1773743626251561,0.1707068112200654,0.1460464113931886,0.1346833247691331
308,308.0,0.1582610784254262,0.2142705178474993,0.1789470514722946,0.1717490978053873,0.1421300885070739,0.1346421659423192
309,309.0,0.1593350148575291,0.2143439367969235,0.1804549793358457,0.1727059324291006,0.138537389789083,0.1346227467915186
310,310.0,0.1603260991044477,0.2143130985686699,0.1818895430355326,0.1735762919411289,0.1352718798095835,0.134623087540638
311,311.0,0.161050887360413,0.2149160099900614,0.1829710060780176,0.1742692111666113,0.132242585703612,0.1345502997012851
312,312.0,0.161540882554082,0.2160347821334348,0.1837420457167779,0.1748015655480082,0.1294622394309362,0.1344184846167613
313,313.0,0.1631176943427779,0.2163945199930369,0.1845972060170104,0.174252269844096,0.1271685981558017,0.1344697116472774
314,314.0,0.1644250547672929,0.2174857114368307,0.1852786142186565,0.1732713456568085,0.1250950187002966,0.1344442552201151
315,315.0,0.1648071383901029,0.2184879355555955,0.1867119829647099,0.1722390378036286,0.1233220488588313,0.1344318564271322
316,316.0,0.1651026520551503,0.2194000668406464,0.1880577825132694,0.1711708077296775,0.1218373573684163,0.1344313334928404
317,317.0,0.1653172976215609,0.2202219932625043,0.1878827403600272,0.1700809299577718,0.1206269633088508,0.1358700754892851
318,318.0,0.1654570154435344,0.2209545160432701,0.1876264053824104,0.168982468035426,0.1196755408776456,0.1373040542177138
319,319.0,0.1653493296887231,0.2214206788906737,0.187120898784061,0.1677086935683361,0.1187881357077052,0.139612263360501
320,320.0,0.1650418829691793,0.2216642815664028,0.1864180181898613,0.1663117009524729,0.1191001566325391,0.1414639596895449
321,321.0,0.1646827258485714,0.2218301440608676,0.1856695298053382,0.1649427819288723,0.1196135408334214,0.1432612775229294
322,322.0,0.1641695098271009,0.2218132706561386,0.1847763681822582,0.1635017072174329,0.1200807959185163,0.1456583481985532
