,Unnamed: 0,Total_iterations,Intertwine_two,Invert_path_vertices,Insert_inside_vertex,Delete_inside_vertex,Replace_inside_vertex,Donate_between_routes,Trim_one_terminal_cb,Grow_one_terminal_cb
0,0.0,0.0,0.125,0.125,0.125,0.125,0.125,0.125,0.125,0.125
1,1.0,1.0,0.125,0.125,0.125,0.125,0.125,0.125,0.125,0.125
2,2.0,2.0,0.125,0.125,0.125,0.125,0.125,0.125,0.125,0.125
3,3.0,3.0,0.125,0.125,0.125,0.125,0.125,0.125,0.125,0.125
4,4.0,4.0,0.125,0.125,0.125,0.125,0.125,0.125,0.125,0.125
5,5.0,5.0,0.125,0.125,0.125,0.125,0.125,0.125,0.125,0.125
6,6.0,6.0,0.125,0.125,0.125,0.125,0.125,0.125,0.125,0.125
7,7.0,7.0,0.125,0.125,0.125,0.125,0.125,0.125,0.125,0.125
8,8.0,8.0,0.125,0.125,0.125,0.125,0.125,0.125,0.125,0.125
9,9.0,9.0,0.125,0.125,0.125,0.125,0.125,0.125,0.125,0.125
10,10.0,10.0,0.125,0.125,0.125,0.125,0.125,0.125,0.125,0.125
11,11.0,11.0,0.125,0.125,0.125,0.125,0.125,0.125,0.125,0.125
12,12.0,12.0,0.125,0.125,0.125,0.125,0.125,0.125,0.125,0.125
13,13.0,13.0,0.125,0.125,0.125,0.125,0.125,0.125,0.125,0.125
14,14.0,14.0,0.125,0.125,0.125,0.125,0.125,0.125,0.125,0.125
15,15.0,15.0,0.125,0.125,0.125,0.125,0.125,0.125,0.125,0.125
16,16.0,16.0,0.125,0.125,0.125,0.125,0.125,0.125,0.125,0.125
17,17.0,17.0,0.125,0.125,0.125,0.125,0.125,0.125,0.125,0.125
18,18.0,18.0,0.125,0.125,0.125,0.125,0.125,0.125,0.125,0.125
19,19.0,19.0,0.125,0.125,0.125,0.125,0.125,0.125,0.125,0.125
20,20.0,20.0,0.125,0.125,0.125,0.125,0.125,0.125,0.125,0.125
21,21.0,21.0,0.125,0.125,0.125,0.125,0.125,0.125,0.125,0.125
22,22.0,22.0,0.125,0.125,0.125,0.125,0.125,0.125,0.125,0.125
23,23.0,23.0,0.125,0.125,0.125,0.125,0.125,0.125,0.125,0.125
24,24.0,24.0,0.125,0.125,0.125,0.125,0.125,0.125,0.125,0.125
25,25.0,25.0,0.125,0.125,0.125,0.125,0.125,0.125,0.125,0.125
26,26.0,26.0,0.125,0.125,0.125,0.125,0.125,0.125,0.125,0.125
27,27.0,27.0,0.125,0.125,0.125,0.125,0.125,0.125,0.125,0.125
28,28.0,28.0,0.125,0.125,0.125,0.125,0.125,0.125,0.125,0.125
29,29.0,29.0,0.125,0.125,0.125,0.125,0.125,0.125,0.125,0.125
30,30.0,30.0,0.125,0.125,0.125,0.125,0.125,0.125,0.125,0.125
31,31.0,31.0,0.125,0.125,0.125,0.125,0.125,0.125,0.125,0.125
32,32.0,32.0,0.125,0.125,0.125,0.125,0.125,0.125,0.125,0.125
33,33.0,33.0,0.125,0.125,0.125,0.125,0.125,0.125,0.125,0.125
34,34.0,34.0,0.125,0.125,0.125,0.125,0.125,0.125,0.125,0.125
35,35.0,35.0,0.125,0.125,0.125,0.125,0.125,0.125,0.125,0.125
36,36.0,36.0,0.125,0.125,0.125,0.125,0.125,0.125,0.125,0.125
37,37.0,37.0,0.125,0.125,0.125,0.125,0.125,0.125,0.125,0.125
38,38.0,38.0,0.125,0.125,0.125,0.125,0.125,0.125,0.125,0.125
39,39.0,39.0,0.125,0.125,0.125,0.125,0.125,0.125,0.125,0.125
40,40.0,40.0,0.125,0.125,0.125,0.125,0.125,0.125,0.125,0.125
41,41.0,41.0,0.125,0.125,0.125,0.125,0.125,0.125,0.125,0.125
42,42.0,42.0,0.125,0.125,0.125,0.125,0.125,0.125,0.125,0.125
43,43.0,43.0,0.125,0.125,0.125,0.125,0.125,0.125,0.125,0.125
44,44.0,44.0,0.125,0.125,0.125,0.125,0.125,0.125,0.125,0.125
45,45.0,45.0,0.125,0.125,0.125,0.125,0.125,0.125,0.125,0.125
46,46.0,46.0,0.125,0.125,0.125,0.125,0.125,0.125,0.125,0.125
47,47.0,47.0,0.125,0.125,0.125,0.125,0.125,0.125,0.125,0.125
48,48.0,48.0,0.125,0.125,0.125,0.125,0.125,0.125,0.125,0.125
49,49.0,49.0,0.125,0.125,0.125,0.125,0.125,0.125,0.125,0.125
50,50.0,50.0,0.125,0.125,0.125,0.125,0.125,0.125,0.125,0.125
51,51.0,51.0,0.125,0.125,0.125,0.125,0.125,0.125,0.125,0.125
52,52.0,52.0,0.125,0.125,0.125,0.125,0.125,0.125,0.125,0.125
53,53.0,53.0,0.125,0.125,0.125,0.125,0.125,0.125,0.125,0.125
54,54.0,54.0,0.125,0.125,0.125,0.125,0.125,0.125,0.125,0.125
55,55.0,55.0,0.125,0.125,0.125,0.125,0.125,0.125,0.125,0.125
56,56.0,56.0,0.125,0.125,0.125,0.125,0.125,0.125,0.125,0.125
57,57.0,57.0,0.125,0.125,0.125,0.125,0.125,0.125,0.125,0.125
58,58.0,58.0,0.125,0.125,0.125,0.125,0.125,0.125,0.125,0.125
59,59.0,59.0,0.125,0.125,0.125,0.125,0.125,0.125,0.125,0.125
60,60.0,60.0,0.125,0.125,0.125,0.125,0.125,0.125,0.125,0.125
61,61.0,61.0,0.125,0.125,0.125,0.125,0.125,0.125,0.125,0.125
62,62.0,62.0,0.125,0.125,0.125,0.125,0.125,0.125,0.125,0.125
63,63.0,63.0,0.125,0.125,0.125,0.125,0.125,0.125,0.125,0.125
64,64.0,64.0,0.125,0.125,0.125,0.125,0.125,0.125,0.125,0.125
65,65.0,65.0,0.125,0.125,0.125,0.125,0.125,0.125,0.125,0.125
66,66.0,66.1,0.125,0.125,0.125,0.125,0.125,0.125,0.125,0.125
67,67.0,67.1,0.125,0.125,0.125,0.125,0.125,0.125,0.125,0.125
68,68.0,68.1,0.125,0.125,0.125,0.125,0.125,0.125,0.125,0.125
69,69.0,69.1,0.125,0.125,0.125,0.125,0.125,0.125,0.125,0.125
70,70.0,70.1,0.125,0.125,0.125,0.125,0.125,0.125,0.125,0.125
71,71.0,71.1,0.125,0.125,0.125,0.125,0.125,0.125,0.125,0.125
72,72.0,72.1,0.125,0.125,0.125,0.125,0.125,0.125,0.125,0.125
73,73.0,73.1,0.125,0.125,0.125,0.125,0.125,0.125,0.125,0.125
74,74.0,74.1,0.125,0.125,0.125,0.125,0.125,0.125,0.125,0.125
75,75.0,75.2,0.125,0.125,0.125,0.125,0.125,0.125,0.125,0.125
76,76.0,76.2,0.125,0.125,0.125,0.125,0.125,0.125,0.125,0.125
77,77.0,77.2,0.125,0.125,0.125,0.125,0.125,0.125,0.125,0.125
78,78.0,78.2,0.125,0.125,0.125,0.125,0.125,0.125,0.125,0.125
79,79.0,79.2,0.125,0.125,0.125,0.125,0.125,0.125,0.125,0.125
80,80.0,80.2,0.125,0.125,0.125,0.125,0.125,0.125,0.125,0.125
81,81.0,81.2,0.125,0.125,0.125,0.125,0.125,0.125,0.125,0.125
82,82.0,82.3,0.125,0.125,0.125,0.125,0.125,0.125,0.125,0.125
83,83.0,83.5,0.125,0.125,0.125,0.125,0.125,0.125,0.125,0.125
84,84.0,84.5,0.125,0.125,0.125,0.125,0.125,0.125,0.125,0.125
85,85.0,85.5,0.125,0.125,0.125,0.125,0.125,0.125,0.125,0.125
86,86.0,86.6,0.125,0.125,0.125,0.125,0.125,0.125,0.125,0.125
87,87.0,87.7,0.125,0.125,0.125,0.125,0.125,0.125,0.125,0.125
88,88.0,88.7,0.125,0.125,0.125,0.125,0.125,0.125,0.125,0.125
89,89.0,89.7,0.125,0.125,0.125,0.125,0.125,0.125,0.125,0.125
90,90.0,90.7,0.125,0.125,0.125,0.125,0.125,0.125,0.125,0.125
91,91.0,91.7,0.125,0.125,0.125,0.125,0.125,0.125,0.125,0.125
92,92.0,92.7,0.125,0.125,0.125,0.125,0.125,0.125,0.125,0.125
93,93.0,93.7,0.125,0.125,0.125,0.125,0.125,0.125,0.125,0.125
94,94.0,94.7,0.125,0.125,0.125,0.125,0.125,0.125,0.125,0.125
95,95.0,95.7,0.125,0.125,0.125,0.125,0.125,0.125,0.125,0.125
96,96.0,96.7,0.125,0.125,0.125,0.125,0.125,0.125,0.125,0.125
97,97.0,97.7,0.125,0.125,0.125,0.125,0.125,0.125,0.125,0.125
98,98.0,98.8,0.125,0.125,0.125,0.125,0.125,0.125,0.125,0.125
99,99.0,99.8,0.125,0.125,0.125,0.125,0.125,0.125,0.125,0.125
100,100.0,100.9,0.125,0.125,0.125,0.125,0.125,0.125,0.125,0.125
101,101.0,101.9,0.125,0.125,0.125,0.125,0.125,0.125,0.125,0.125
102,102.0,102.9,0.125,0.125,0.125,0.125,0.125,0.125,0.125,0.125
103,103.0,103.9,0.125,0.125,0.125,0.125,0.125,0.125,0.125,0.125
104,104.0,104.9,0.125,0.125,0.125,0.125,0.125,0.125,0.125,0.125
105,105.0,105.9,0.125,0.125,0.125,0.125,0.125,0.125,0.125,0.125
106,106.0,106.9,0.125,0.125,0.125,0.125,0.125,0.125,0.125,0.125
107,107.0,107.9,0.125,0.125,0.125,0.125,0.125,0.125,0.125,0.125
108,108.0,108.9,0.125,0.125,0.125,0.125,0.125,0.125,0.125,0.125
109,109.0,109.9,0.125,0.125,0.125,0.125,0.125,0.125,0.125,0.125
110,110.0,110.9,0.125,0.125,0.125,0.125,0.125,0.125,0.125,0.125
111,111.0,111.9,0.125,0.125,0.125,0.125,0.125,0.125,0.125,0.125
112,112.0,112.9,0.125,0.125,0.125,0.125,0.125,0.125,0.125,0.125
113,113.0,113.9,0.125,0.125,0.125,0.125,0.125,0.125,0.125,0.125
114,114.0,114.9,0.125,0.125,0.125,0.125,0.125,0.125,0.125,0.125
115,115.0,115.9,0.125,0.125,0.125,0.125,0.125,0.125,0.125,0.125
116,116.0,116.9,0.125,0.125,0.125,0.125,0.125,0.125,0.125,0.125
117,117.0,117.9,0.125,0.125,0.125,0.125,0.125,0.125,0.125,0.125
118,118.0,118.9,0.125,0.125,0.125,0.125,0.125,0.125,0.125,0.125
119,119.0,119.9,0.125,0.125,0.125,0.125,0.125,0.125,0.125,0.125
120,120.0,120.9,0.125,0.125,0.125,0.125,0.125,0.125,0.125,0.125
121,121.0,121.9,0.125,0.125,0.125,0.125,0.125,0.125,0.125,0.125
122,122.0,122.9,0.125,0.125,0.125,0.125,0.125,0.125,0.125,0.125
123,123.0,123.9,0.125,0.125,0.125,0.125,0.125,0.125,0.125,0.125
124,124.0,124.9,0.125,0.125,0.125,0.125,0.125,0.125,0.125,0.125
125,125.0,125.9,0.125,0.125,0.125,0.125,0.125,0.125,0.125,0.125
126,126.0,126.9,0.125,0.125,0.125,0.125,0.125,0.125,0.125,0.125
127,127.0,127.9,0.125,0.125,0.125,0.125,0.125,0.125,0.125,0.125
128,128.0,128.9,0.125,0.125,0.125,0.125,0.125,0.125,0.125,0.125
129,129.0,129.9,0.125,0.125,0.125,0.125,0.125,0.125,0.125,0.125
130,130.0,130.9,0.125,0.125,0.125,0.125,0.125,0.125,0.125,0.125
131,131.0,131.9,0.125,0.125,0.125,0.125,0.125,0.125,0.125,0.125
132,132.0,132.9,0.125,0.125,0.125,0.125,0.125,0.125,0.125,0.125
133,133.0,133.9,0.125,0.125,0.125,0.125,0.125,0.125,0.125,0.125
134,134.0,134.9,0.125,0.125,0.125,0.125,0.125,0.125,0.125,0.125
135,135.0,135.9,0.125,0.125,0.125,0.125,0.125,0.125,0.125,0.125
136,136.0,136.9,0.125,0.125,0.125,0.125,0.125,0.125,0.125,0.125
137,137.0,137.9,0.125,0.125,0.125,0.125,0.125,0.125,0.125,0.125
138,138.0,138.9,0.125,0.125,0.125,0.125,0.125,0.125,0.125,0.125
139,139.0,139.9,0.125,0.125,0.125,0.125,0.125,0.125,0.125,0.125
140,140.0,140.9,0.125,0.125,0.125,0.125,0.125,0.125,0.125,0.125
141,141.0,141.9,0.125,0.125,0.125,0.125,0.125,0.125,0.125,0.125
142,142.0,142.9,0.125,0.125,0.125,0.125,0.125,0.125,0.125,0.125
143,143.0,144.0,0.125,0.125,0.125,0.125,0.125,0.125,0.125,0.125
144,144.0,145.0,0.125,0.125,0.125,0.125,0.125,0.125,0.125,0.125
145,145.0,146.0,0.125,0.125,0.125,0.125,0.125,0.125,0.125,0.125
146,146.0,147.0,0.125,0.125,0.125,0.125,0.125,0.125,0.125,0.125
147,147.0,148.0,0.125,0.125,0.125,0.125,0.125,0.125,0.125,0.125
148,148.0,149.1,0.125,0.125,0.125,0.125,0.125,0.125,0.125,0.125
149,149.0,150.1,0.125,0.125,0.125,0.125,0.125,0.125,0.125,0.125
150,150.0,151.1,0.125,0.125,0.125,0.125,0.125,0.125,0.125,0.125
151,151.0,152.1,0.125,0.125,0.125,0.125,0.125,0.125,0.125,0.125
152,152.0,153.1,0.125,0.125,0.125,0.125,0.125,0.125,0.125,0.125
153,153.0,154.1,0.125,0.125,0.125,0.125,0.125,0.125,0.125,0.125
154,154.0,155.1,0.125,0.125,0.125,0.125,0.125,0.125,0.125,0.125
155,155.0,156.1,0.125,0.125,0.125,0.125,0.125,0.125,0.125,0.125
156,156.0,157.1,0.125,0.125,0.125,0.125,0.125,0.125,0.125,0.125
157,157.0,158.2,0.125,0.125,0.125,0.125,0.125,0.125,0.125,0.125
158,158.0,159.2,0.125,0.125,0.125,0.125,0.125,0.125,0.125,0.125
159,159.0,160.2,0.125,0.125,0.125,0.125,0.125,0.125,0.125,0.125
160,160.0,161.2,0.125,0.125,0.125,0.125,0.125,0.125,0.125,0.125
161,161.0,162.2,0.125,0.125,0.125,0.125,0.125,0.125,0.125,0.125
162,162.0,163.2,0.125,0.125,0.125,0.125,0.125,0.125,0.125,0.125
163,163.0,164.2,0.125,0.125,0.125,0.125,0.125,0.125,0.125,0.125
164,164.0,165.2,0.125,0.125,0.125,0.125,0.125,0.125,0.125,0.125
165,165.0,166.3,0.125,0.125,0.125,0.125,0.125,0.125,0.125,0.125
166,166.0,167.3,0.125,0.125,0.125,0.125,0.125,0.125,0.125,0.125
167,167.0,168.3,0.125,0.125,0.125,0.125,0.125,0.125,0.125,0.125
168,168.0,169.3,0.125,0.125,0.125,0.125,0.125,0.125,0.125,0.125
169,169.0,170.3,0.125,0.125,0.125,0.125,0.125,0.125,0.125,0.125
170,170.0,171.3,0.125,0.125,0.125,0.125,0.125,0.125,0.125,0.125
171,171.0,172.3,0.125,0.125,0.125,0.125,0.125,0.125,0.125,0.125
172,172.0,173.4,0.125,0.125,0.125,0.125,0.125,0.125,0.125,0.125
173,173.0,174.4,0.125,0.125,0.125,0.125,0.125,0.125,0.125,0.125
174,174.0,175.4,0.125,0.125,0.125,0.125,0.125,0.125,0.125,0.125
175,175.0,176.4,0.125,0.125,0.125,0.125,0.125,0.125,0.125,0.125
176,176.0,177.4,0.125,0.125,0.125,0.125,0.125,0.125,0.125,0.125
177,177.0,178.4,0.125,0.125,0.125,0.125,0.125,0.125,0.125,0.125
178,178.0,179.4,0.125,0.125,0.125,0.125,0.125,0.125,0.125,0.125
179,179.0,180.4,0.125,0.125,0.125,0.125,0.125,0.125,0.125,0.125
180,180.0,181.4,0.125,0.125,0.125,0.125,0.125,0.125,0.125,0.125
181,181.0,182.4,0.125,0.125,0.125,0.125,0.125,0.125,0.125,0.125
182,182.0,183.4,0.125,0.125,0.125,0.125,0.125,0.125,0.125,0.125
183,183.0,184.4,0.125,0.125,0.125,0.125,0.125,0.125,0.125,0.125
184,184.0,185.4,0.125,0.125,0.125,0.125,0.125,0.125,0.125,0.125
185,185.0,186.5,0.125,0.125,0.125,0.125,0.125,0.125,0.125,0.125
186,186.0,187.5,0.125,0.125,0.125,0.125,0.125,0.125,0.125,0.125
187,187.0,188.5,0.125,0.125,0.125,0.125,0.125,0.125,0.125,0.125
188,188.0,189.5,0.125,0.125,0.125,0.125,0.125,0.125,0.125,0.125
189,189.0,190.5,0.125,0.125,0.125,0.125,0.125,0.125,0.125,0.125
190,190.0,191.5,0.125,0.125,0.125,0.125,0.125,0.125,0.125,0.125
191,191.0,192.5,0.125,0.125,0.125,0.125,0.125,0.125,0.125,0.125
192,192.0,193.5,0.125,0.125,0.125,0.125,0.125,0.125,0.125,0.125
193,193.0,194.5,0.125,0.125,0.125,0.125,0.125,0.125,0.125,0.125
194,194.0,195.5,0.125,0.125,0.125,0.125,0.125,0.125,0.125,0.125
195,195.0,196.5,0.125,0.125,0.125,0.125,0.125,0.125,0.125,0.125
196,196.0,197.5,0.125,0.125,0.125,0.125,0.125,0.125,0.125,0.125
197,197.0,198.5,0.125,0.125,0.125,0.125,0.125,0.125,0.125,0.125
198,198.0,199.5,0.125,0.125,0.125,0.125,0.125,0.125,0.125,0.125
199,199.0,200.5,0.125,0.125,0.125,0.125,0.125,0.125,0.125,0.125
200,200.0,201.5,0.125,0.125,0.125,0.125,0.125,0.125,0.125,0.125
201,201.0,202.5,0.125,0.125,0.125,0.125,0.125,0.125,0.125,0.125
202,202.0,203.5,0.12361111111111112,0.12361111111111112,0.12361111111111112,0.12361111111111112,0.12361111111111112,0.12361111111111112,0.13472222222222224,0.12361111111111112
203,203.0,204.5,0.12361111111111112,0.12361111111111112,0.12361111111111112,0.12361111111111112,0.12361111111111112,0.12361111111111112,0.13472222222222224,0.12361111111111112
204,204.0,205.5,0.12361111111111112,0.12361111111111112,0.12361111111111112,0.12361111111111112,0.12361111111111112,0.12361111111111112,0.13472222222222224,0.12361111111111112
205,205.0,206.5,0.1211111111111111,0.1211111111111111,0.1211111111111111,0.1322222222222222,0.1211111111111111,0.1211111111111111,0.14111111111111113,0.1211111111111111
206,206.0,207.5,0.11881313131313131,0.11881313131313131,0.11881313131313131,0.12992424242424244,0.11881313131313131,0.11881313131313131,0.15719696969696967,0.11881313131313131
207,207.0,208.5,0.11769019987105094,0.11875402965828499,0.11769019987105094,0.12880131098216205,0.12773748119492798,0.11662637008381689,0.1560740382548893,0.11662637008381689
208,208.0,209.5,0.11693262411347519,0.11799645390070923,0.11693262411347519,0.12804373522458629,0.12697990543735224,0.11586879432624113,0.1613770685579196,0.11586879432624113
209,209.0,210.5,0.1266548463356974,0.11660756501182035,0.1155437352245863,0.1266548463356974,0.12559101654846336,0.11447990543735224,0.15998817966903073,0.11447990543735224
210,210.0,211.5,0.1266548463356974,0.11660756501182035,0.1155437352245863,0.1266548463356974,0.12559101654846336,0.11447990543735224,0.15998817966903073,0.11447990543735224
211,211.0,212.5,0.1266548463356974,0.11660756501182035,0.1155437352245863,0.1266548463356974,0.12559101654846336,0.11447990543735224,0.15998817966903073,0.11447990543735224
212,212.0,213.5,0.12693236714975847,0.1179951690821256,0.11473429951690821,0.12584541062801932,0.1247584541062802,0.11473429951690821,0.1602657004830918,0.11473429951690821
213,213.0,214.5,0.12693236714975847,0.1179951690821256,0.11473429951690821,0.12584541062801932,0.1247584541062802,0.11473429951690821,0.1602657004830918,0.11473429951690821
214,214.0,215.5,0.11582125603864735,0.1179951690821256,0.11473429951690821,0.13695652173913042,0.1247584541062802,0.11473429951690821,0.1602657004830918,0.11473429951690821
215,215.0,216.5,0.11471014492753621,0.11688405797101449,0.12362318840579711,0.1347342995169082,0.12364734299516908,0.1136231884057971,0.1591545893719807,0.1136231884057971
216,216.0,217.5,0.11471014492753621,0.11688405797101449,0.12362318840579711,0.12362318840579711,0.12364734299516908,0.12473429951690822,0.1591545893719807,0.1136231884057971
217,217.0,218.5,0.11380105401844531,0.11597496706192359,0.13089591567852438,0.12180500658761528,0.12273825208607816,0.12382520860781729,0.15824549846288977,0.1127140974967062
218,218.0,219.5,0.11304347826086955,0.1152173913043478,0.12862318840579712,0.12028985507246377,0.12198067632850237,0.13140096618357486,0.157487922705314,0.11195652173913043
219,219.0,220.5,0.11304347826086955,0.1152173913043478,0.12862318840579712,0.12028985507246377,0.12198067632850237,0.13140096618357486,0.157487922705314,0.11195652173913043
220,220.0,221.5,0.11304347826086955,0.1152173913043478,0.12862318840579712,0.12028985507246377,0.12198067632850237,0.13140096618357486,0.1463768115942029,0.12306763285024154
221,221.0,222.6,0.11165458937198067,0.11382850241545892,0.1272342995169082,0.13834541062801933,0.12059178743961349,0.12167874396135266,0.14498792270531402,0.12167874396135266
222,222.0,223.6,0.11165458937198067,0.11382850241545892,0.1272342995169082,0.13834541062801933,0.12059178743961349,0.12167874396135266,0.14498792270531402,0.12167874396135266
223,223.0,224.6,0.1137913415087328,0.11596525455221107,0.12808900037160906,0.13920011148272018,0.11930973615756224,0.1238154960981048,0.1137913415087328,0.14603771832032703
224,224.0,225.6,0.11324189095928225,0.11541580400276052,0.13755175983436851,0.13755175983436851,0.1253536922015183,0.12326604554865425,0.11324189095928225,0.13437715665976535
225,225.0,226.6,0.11213077984817114,0.11430469289164942,0.1353295376121463,0.1364406487232574,0.12424258109040717,0.12215493443754315,0.12213077984817114,0.13326604554865423
226,226.0,227.6,0.11122168893908022,0.11339560198255849,0.12636849865110736,0.14267441495702365,0.12333349018131626,0.12124584352845222,0.1294035071208984,0.13235695463956332
227,227.0,228.6,0.11122168893908022,0.11339560198255849,0.12636849865110736,0.13156330384591253,0.12333349018131626,0.13235695463956335,0.1294035071208984,0.13235695463956332
228,228.0,229.6,0.12233280005019134,0.11339560198255849,0.12636849865110736,0.13156330384591253,0.11619063303845911,0.12838870067130936,0.1294035071208984,0.13235695463956332
229,229.0,230.7,0.12229585773703419,0.11353768780239368,0.13506557168321873,0.12908390628978864,0.11479819200407435,0.12597466259230963,0.12819009421950597,0.13105402767167473
230,230.0,231.7,0.11900038591899058,0.11248875801201381,0.14109038893922612,0.12888863720259067,0.11979772811168159,0.12290857075740794,0.11692850431222523,0.13889702674586393
231,231.0,232.7,0.11642462834323297,0.11082209134534715,0.1386661465149837,0.12646439477834823,0.11813106144501491,0.12048432833316554,0.13268608006980098,0.13632126917010634
232,232.0,233.7,0.11578360270220733,0.11018106570432151,0.14391361222756568,0.12518234349629695,0.11749003580398927,0.11920227705111423,0.13256681948542412,0.1356802435290807
233,233.0,234.7,0.10653230868748109,0.11907149364045914,0.13470241444379377,0.12506205480343408,0.1173697471111264,0.11906862294793327,0.14149734365251604,0.13669601471325604
234,234.0,235.7,0.10577473292990533,0.1183139178828834,0.13394483868621798,0.12430447904585833,0.11661217135355065,0.1183110471903575,0.14755794971312214,0.13518086319810454
235,235.0,236.7,0.10513370728887969,0.11767289224185776,0.13330381304519234,0.12366345340483269,0.11597114571252501,0.11767002154933186,0.14499384714901956,0.14159111960836096
236,236.0,237.7,0.11227656443173684,0.11767289224185776,0.13330381304519234,0.11767002154933186,0.11597114571252501,0.11652059626197556,0.14499384714901956,0.14159111960836096
237,237.0,238.7,0.11799085014602255,0.11719670176566728,0.1323514320928114,0.11671764059695092,0.11454257428395358,0.1155682153095946,0.14451765667282906,0.1411149291321705
238,238.0,239.7,0.11728465978465977,0.11758769008769007,0.13168442668442665,0.11603757353757352,0.11387556887556885,0.11490120990120986,0.14216311466311465,0.14646575646575646
239,239.0,240.7,0.11728465978465977,0.11758769008769007,0.13168442668442665,0.11603757353757352,0.11387556887556885,0.11490120990120986,0.14216311466311465,0.14646575646575646
240,240.0,241.7,0.1154195804195804,0.11572261072261072,0.1298193473193473,0.11417249417249416,0.11201048951048949,0.11303613053613051,0.149980574980575,0.14983877233877232
241,241.0,242.7,0.1154195804195804,0.11572261072261072,0.12072843822843819,0.11417249417249416,0.11201048951048949,0.11303613053613051,0.1610916860916861,0.14781857031857032
242,242.0,243.7,0.11319735819735818,0.1135003885003885,0.11850621600621598,0.12195027195027193,0.10978826728826727,0.11081390831390829,0.16664724164724162,0.14559634809634808
243,243.0,244.7,0.11319735819735818,0.1135003885003885,0.11850621600621598,0.12195027195027193,0.10978826728826727,0.11081390831390829,0.16664724164724162,0.14559634809634808
244,244.0,245.7,0.11073523698523695,0.11217463092463091,0.1171804584304584,0.12062451437451434,0.1084625097125097,0.1094881507381507,0.17873057498057496,0.14260392385392384
245,245.0,246.7,0.11005171638598603,0.1103036741660337,0.1153988785870808,0.11792107549130018,0.10668092986913211,0.10770657089477313,0.17371610443239655,0.15822105017329735
246,246.0,247.7,0.11005171638598603,0.1103036741660337,0.1153988785870808,0.11792107549130018,0.10668092986913211,0.10770657089477313,0.17371610443239655,0.15822105017329735
247,247.0,248.7,0.11005171638598603,0.1103036741660337,0.1153988785870808,0.11792107549130018,0.10668092986913211,0.10658297538915515,0.17483969993801451,0.15822105017329735
248,248.0,249.7,0.10877668083550433,0.10897870103752454,0.11416129622011972,0.11702454408336757,0.10544334750217103,0.10535787741670093,0.18552721788015905,0.15473033502445266
249,249.0,250.7,0.11486013986013985,0.10736985236985234,0.11255244755244753,0.11477466977466974,0.10383449883449883,0.10374902874902873,0.19232711732711733,0.1505322455322455
250,250.0,251.7,0.11442122205280099,0.10688209451367345,0.1121501597817387,0.11434796197954089,0.1045311121626911,0.10335895099052994,0.195372551425183,0.14893594709384178
251,251.0,252.7,0.11305916305916304,0.10606948606948605,0.11133755133755133,0.11353535353535352,0.10371850371850369,0.10254634254634251,0.19606948606948604,0.15366411366411364
252,252.0,253.7,0.1113192363192363,0.10480574980574978,0.11007381507381506,0.11172216672216669,0.10245476745476742,0.10128260628260626,0.21748640248640244,0.14085525585525582
253,253.0,254.7,0.12120351870351868,0.11293886668886666,0.09627220002220001,0.12331848706848703,0.0896787934287934,0.0874809912309912,0.21695318570318572,0.15215395715395713
254,254.0,255.7,0.12037625607850326,0.11333397719633673,0.0964944496826519,0.1235901255423727,0.08880214199034421,0.08767854648472624,0.21729890739722196,0.1524255956278428
255,255.0,256.7,0.12587463261376303,0.11251993175906219,0.09576779500692542,0.12242183541096582,0.08807548731461773,0.08696437620350661,0.2172147055842708,0.15116123610688828
256,256.0,257.7,0.12569347319347318,0.11233877233877232,0.09558663558663556,0.12224067599067596,0.08789432789432787,0.08678321678321675,0.21920745920745918,0.15025543900543897
257,257.0,258.7,0.12552680652680653,0.11217210567210567,0.09541996891996891,0.12207400932400932,0.08772766122766121,0.08550543900543899,0.22104079254079254,0.1505332167832168
258,258.0,259.7,0.12793706293706292,0.11265928515928514,0.09654817404817403,0.11486888111888109,0.08821484071484069,0.08599261849261847,0.2233741258741259,0.15040501165501163
259,259.0,260.7,0.12243746993746993,0.11340969215969214,0.09729858104858102,0.1156192881192881,0.08896524771524769,0.08674302549302546,0.23654822029822026,0.1389784752284752
260,260.0,261.7,0.11286075036075036,0.11438852813852811,0.0971663059163059,0.11548701298701296,0.08883297258297256,0.09494408369408366,0.23800324675324674,0.13831709956709953
261,261.0,262.7,0.1137143986281917,0.1140578052215983,0.09693326309705617,0.11522955014334321,0.08859992976372284,0.09473546089925397,0.2391869863852622,0.13754260586157135
262,262.0,263.7,0.1137143986281917,0.1140578052215983,0.09693326309705617,0.11522955014334321,0.08859992976372284,0.09473546089925397,0.2391869863852622,0.13754260586157135
263,263.0,264.7,0.10428216419595726,0.1140578052215983,0.09693326309705617,0.12356288347667654,0.08859992976372284,0.09473546089925397,0.2402858874841633,0.13754260586157135
264,264.0,265.7,0.10428216419595726,0.1140578052215983,0.10407612023991333,0.12356288347667654,0.08859992976372284,0.09473546089925397,0.23314303034130618,0.13754260586157135
265,265.0,266.7,0.10428216419595726,0.1140578052215983,0.09464388580767888,0.13189621681000988,0.08859992976372284,0.09473546089925397,0.23314303034130618,0.13864150696047245
266,266.0,267.7,0.1025239224377155,0.11294058910438218,0.0930504792142723,0.12949694941074247,0.09517502133881442,0.09297721914101223,0.23678771898599482,0.13704810036706588
267,267.0,268.7,0.1025239224377155,0.11294058910438218,0.0930504792142723,0.12949694941074247,0.09517502133881442,0.09297721914101223,0.23678771898599482,0.13704810036706588
268,268.0,269.7,0.10153491144870452,0.11314815931195239,0.09314815931195239,0.1296312595450526,0.09528491144870452,0.09195157811537118,0.236970869169145,0.13833015164911716
269,269.0,270.7,0.10153491144870452,0.11314815931195239,0.09314815931195239,0.1296312595450526,0.09528491144870452,0.09195157811537118,0.236970869169145,0.13833015164911716
270,270.0,271.7,0.10042380033759342,0.11314815931195239,0.09314815931195239,0.1296312595450526,0.09528491144870452,0.09195157811537118,0.236970869169145,0.13944126276022825
271,271.0,272.7,0.10179284795664104,0.11362434978814287,0.09320768312147619,0.12385745002124308,0.095761101924895,0.09242776859156165,0.2523280120262879,0.12700078656975206
272,272.0,273.7,0.10084046700426008,0.11314815931195239,0.09273149264528571,0.12338125954505261,0.09528491144870452,0.09195157811537118,0.25613753583581167,0.1265245960935616
273,273.0,274.7,0.10139219114219111,0.11369988344988342,0.09328321678321674,0.12393298368298364,0.09583663558663558,0.09250330225330224,0.25406857031857033,0.12528321678321677
274,274.0,275.7,0.10055885780885779,0.11328321678321678,0.0928665501165501,0.123516317016317,0.09541996891996891,0.09208663558663557,0.25740190365190363,0.1248665501165501
275,275.0,276.7,0.10040501165501163,0.1131293706293706,0.09271270396270394,0.12336247086247083,0.09526612276612274,0.0919327894327894,0.2589403651903652,0.12425116550116548
276,276.0,277.7,0.09952726739491442,0.11261927342809694,0.09220260676143026,0.12655607736490088,0.09475602556484908,0.09142269223151574,0.25960233938175115,0.12331371787254139
277,277.0,278.7,0.0988736726236726,0.11229247604247602,0.09187580937580933,0.12622927997927996,0.09442922817922816,0.09665145040145037,0.2566611629111629,0.12298692048692046
278,278.0,279.7,0.0988736726236726,0.11229247604247602,0.09187580937580933,0.12622927997927996,0.09442922817922816,0.09665145040145037,0.2566611629111629,0.12298692048692046
279,279.0,280.7,0.09828887730203517,0.1120000783816573,0.09158341171499064,0.13120004021319806,0.09413683051840945,0.09606665507981293,0.25402958396379444,0.12269452282610176
280,280.0,281.7,0.09867165242165239,0.11264601139601135,0.0922293447293447,0.11340099715099713,0.09478276353276352,0.09644943019943017,0.2684793447293447,0.12334045584045583
281,281.0,282.7,0.09728637103637101,0.11149882524882523,0.09108215858215855,0.11201571576571574,0.09363557738557737,0.09506414881414878,0.2772239334739335,0.12219326969326968
282,282.0,283.7,0.10139892514892512,0.11128237503237501,0.09086570836570833,0.1115828153328153,0.09341912716912715,0.09463124838124834,0.27484298109298105,0.12197681947681946
283,283.0,284.7,0.10080603977343103,0.11108474657387699,0.0906680799072103,0.11118755841581926,0.09322149871062912,0.0942359914642523,0.27701689413645936,0.12177919101832144
284,284.0,285.7,0.10080603977343103,0.11108474657387699,0.0906680799072103,0.11118755841581926,0.09322149871062912,0.0942359914642523,0.27701689413645936,0.12177919101832144
285,285.0,286.7,0.10080603977343103,0.11108474657387699,0.0906680799072103,0.11118755841581926,0.09322149871062912,0.08988816537729578,0.28136472022341585,0.12177919101832144
286,286.0,287.7,0.10026256151256148,0.11090358715358714,0.09048692048692045,0.11082523957523956,0.09304033929033925,0.08970700595700591,0.28317631442631447,0.12159803159803158
287,287.0,288.7,0.09976256151256149,0.11073692048692045,0.0903202538202538,0.11049190624190623,0.0928736726236726,0.08954033929033926,0.2848429810929811,0.12143136493136493
288,288.0,289.7,0.09791213416213411,0.10919418544418542,0.08877751877751874,0.10879532504532503,0.09133093758093755,0.08799760424760421,0.292257511007511,0.12373478373478371
289,289.0,290.7,0.0993544418544418,0.11063649313649311,0.08396982646982643,0.11023763273763272,0.09277324527324524,0.0894399119399119,0.29466135716135716,0.11892709142709139
290,290.0,291.7,0.0996467421467421,0.1109287934287934,0.08426212676212672,0.10682622932622929,0.09306554556554554,0.0897322122322122,0.28924825174825175,0.12629009879009875
291,291.0,292.7,0.0996467421467421,0.1109287934287934,0.08426212676212672,0.10682622932622929,0.09306554556554554,0.0897322122322122,0.28924825174825175,0.12629009879009875
292,292.0,293.7,0.09853563103563098,0.1098176823176823,0.08315101565101561,0.10571511821511818,0.09195443445443444,0.08862110112110108,0.2970260295260295,0.12517898767898766
293,293.0,294.8,0.09686896436896433,0.1172419247419247,0.08148434898434895,0.10404845154845152,0.09028776778776777,0.08695443445443443,0.2996017871017871,0.12351232101232097
294,294.0,295.8,0.09686896436896433,0.1172419247419247,0.08148434898434895,0.10404845154845152,0.09028776778776777,0.08695443445443443,0.2996017871017871,0.12351232101232097
295,295.0,296.8,0.0962279387279387,0.11660089910089906,0.08084332334332331,0.10340742590742588,0.08964674214674213,0.08631340881340879,0.30408896658896656,0.12287129537129533
296,296.0,297.8,0.09567848817848815,0.11605144855144851,0.08029387279387276,0.10285797535797533,0.08909729159729156,0.08576395826395825,0.30793512043512045,0.12232184482184479
297,297.0,298.8,0.09520229770229767,0.11557525807525801,0.07981768231768227,0.10238178488178487,0.08862110112110108,0.08528776778776774,0.3112684537684538,0.12184565434565431
298,298.0,299.8,0.09500208125208123,0.11537504162504157,0.08586746586746584,0.10218156843156842,0.08842088467088464,0.0850875513375513,0.3007922632922633,0.1272731435231435
299,299.0,300.8,0.10051678713443417,0.11500739456621807,0.08513217174981877,0.10181392137274488,0.08805323761206112,0.08471990427872778,0.29785108682167505,0.12690549646431998
300,300.0,301.8,0.10897832559597262,0.11616124072006422,0.08628601790366494,0.09912161368043719,0.08920708376590729,0.08587375043257395,0.2851587791293674,0.12921318877201227
301,301.0,302.8,0.10383477633477631,0.11903679653679651,0.09439033189033186,0.08661255411255409,0.09550144300144299,0.08105699855699852,0.28401515151515155,0.13555194805194803
302,302.0,303.8,0.10249240525556311,0.11722924736082627,0.09275556315029995,0.0855625806941596,0.09445146958304851,0.08000702513860405,0.2929997341839447,0.13450197463355357
303,303.0,304.8,0.10507255457484288,0.10314273001343936,0.09533571246957973,0.08814273001343938,0.09703161890232828,0.08258717445788381,0.2927911263666413,0.13589635320184518
304,304.0,305.8,0.09916837103908041,0.10186067873138809,0.09469468682855409,0.08750170437241374,0.09639059326130264,0.08194614881685817,0.29549018169727553,0.1429476352531272
305,305.0,306.8,0.09872405372405371,0.10641636141636139,0.09372405372405371,0.08705738705738705,0.09594627594627594,0.08150183150183148,0.29521367521367525,0.1414163614163614
306,306.0,307.8,0.09872405372405371,0.09872405372405371,0.09372405372405371,0.08705738705738705,0.09594627594627594,0.08150183150183148,0.3029059829059829,0.1414163614163614
307,307.0,308.8,0.09872405372405371,0.09872405372405371,0.09372405372405371,0.08705738705738705,0.09594627594627594,0.08150183150183148,0.3029059829059829,0.1414163614163614
308,308.0,309.8,0.10293650793650792,0.09894841269841267,0.09371031746031744,0.09228174603174602,0.09640873015873012,0.08196428571428571,0.2911706349206349,0.14257936507936508
309,309.0,310.8,0.10098972922502332,0.10398692810457515,0.09286647992530343,0.09143790849673201,0.09556489262371612,0.08112044817927169,0.29314192343604106,0.14089169000933707
310,310.0,311.8,0.10098972922502332,0.10398692810457515,0.09286647992530343,0.09143790849673201,0.09556489262371612,0.08112044817927169,0.29314192343604106,0.14089169000933707
311,311.0,312.8,0.10057306255835666,0.10357026143790848,0.087687908496732,0.09102124183006535,0.09514822595704946,0.08070378151260504,0.2949871615312792,0.14630835667600375
312,312.0,313.8,0.0999889652830829,0.10276971394618453,0.08688736100500805,0.09022069433834139,0.09456412868177573,0.08011968423733129,0.29331763008233597,0.1521318224259401
313,313.0,314.8,0.10057565055007509,0.10173019932610723,0.08441927495635933,0.09013356067064504,0.08832541712337105,0.08150002029797425,0.3001398530426663,0.1531760240328015
314,314.0,315.8,0.10507022030780275,0.10096161118909805,0.08365068681935015,0.08936497253363587,0.08755682898636188,0.08073143216096505,0.3013177979048217,0.15134645009796444
315,315.0,316.8,0.09823475879431176,0.10603328910662038,0.08226568347281757,0.08789948628971897,0.09732317819963257,0.07932630809008641,0.2942956045451453,0.154621691501667
316,316.0,317.8,0.09809782608695652,0.10577898550724636,0.08216787439613527,0.08772342995169083,0.09726449275362317,0.07920893719806762,0.2954106280193237,0.15434782608695652
317,317.0,318.8,0.09796464496062471,0.111781649129773,0.08207274502018395,0.08755219707497848,0.08609630401694128,0.07909478194692607,0.299986351002581,0.1554513268479915
318,318.0,319.8,0.09837872363557294,0.11737171124157424,0.08290090237008045,0.0836184496629702,0.08651038269188953,0.07950886062187432,0.29584556425309855,0.15586540552293976
319,319.0,320.8,0.09816227341912273,0.1167223605922236,0.08246800193718,0.08340199944651998,0.0862939324754393,0.07929241040542409,0.2934646118721461,0.16019440985194408
320,320.0,321.8,0.09816227341912273,0.1167223605922236,0.08246800193718,0.08340199944651998,0.0862939324754393,0.07929241040542409,0.2984646118721461,0.15519440985194408
321,321.0,322.8,0.09768608294293227,0.11648426535412834,0.08222990669908477,0.08316390420842475,0.08605583723734407,0.07905431516732886,0.30084556425309855,0.15448012413765838
322,322.0,323.8,0.09725318251003183,0.11626781513767814,0.08201345648263454,0.08294745399197452,0.08583938702089385,0.07883786495087863,0.3030100664176007,0.1538307734883077
323,323.0,324.8,0.09685792559303577,0.11607018667918012,0.08181582802413653,0.0827498255334765,0.08564175856239582,0.07864023649238061,0.3049863510025809,0.15323788811281364
324,324.0,325.8,0.10066227341912273,0.11588902725889025,0.08163466860384667,0.08256866611318665,0.08546059914210598,0.07845907707209077,0.30263127853881283,0.1526944098519441
325,325.0,326.8,0.10029545454545455,0.11458080808080809,0.08156313131313131,0.08257323232323233,0.0853510101010101,0.07840656565656563,0.3061388888888889,0.15109090909090908
326,326.0,327.8,0.10016227341912273,0.11435249757852499,0.08146800193718,0.08240199944651998,0.0852939324754393,0.07829241040542409,0.3072043378995434,0.15082454683824548
327,327.0,328.8,0.10138404313404312,0.11413035763035764,0.0813754436254436,0.08223539448539448,0.08523839748839748,0.0781813404313404,0.30688963963963967,0.15056538356538357
328,328.0,329.8,0.0969197574197574,0.12484464334464333,0.08226830076830075,0.08312825162825162,0.08613125463125462,0.07907419757419756,0.2952824967824968,0.15235109785109785
329,329.0,330.8,0.0969197574197574,0.12884464334464332,0.08226830076830075,0.08312825162825162,0.08613125463125462,0.07907419757419756,0.2912824967824968,0.15235109785109785
330,330.0,331.8,0.10136420186420185,0.13328908778908777,0.08671274521274519,0.08757269607269606,0.09057569907569907,0.08351864201864201,0.25572694122694123,0.16123998673998674
331,331.0,332.8,0.10136420186420185,0.13193773643773643,0.08671274521274519,0.08757269607269606,0.09057569907569907,0.08351864201864201,0.25707829257829257,0.16123998673998674
332,332.0,333.8,0.10536420186420185,0.12793773643773645,0.08671274521274519,0.08757269607269606,0.09057569907569907,0.08351864201864201,0.25707829257829257,0.16123998673998674
333,333.0,334.8,0.10474881724881724,0.12778389028389028,0.08655889905889905,0.08606749856749855,0.0904218529218529,0.08336479586479584,0.2602757977757978,0.16077844827844828
334,334.0,335.8,0.11501817751817751,0.1293896918896919,0.0850178475178475,0.08907190157190156,0.0934262559262559,0.08636919886919885,0.23135841885841885,0.17034850784850786
335,335.0,336.8,0.11501817751817751,0.1293896918896919,0.0850178475178475,0.08907190157190156,0.0934262559262559,0.08636919886919885,0.2188959563959564,0.1828109703109703
336,336.0,337.8,0.10734621984621984,0.12925741675741675,0.08488557238557237,0.08893962643962643,0.09329398079398077,0.08623692373692371,0.21704410454410455,0.1929961554961555
337,337.0,338.8,0.10637741853259093,0.12675331166710477,0.0842862292000223,0.08834028325407635,0.09269463760843069,0.08563758055137363,0.22495871866561523,0.19095182052078602
338,338.0,339.8,0.10637741853259093,0.12675331166710477,0.0842862292000223,0.08834028325407635,0.09269463760843069,0.08563758055137363,0.23265102635792295,0.18325951282847835
339,339.0,340.8,0.11763662294248027,0.1255870769392262,0.08437878751175869,0.08848837655285458,0.09275017259547254,0.0857486505254573,0.23435409929387258,0.1710562136388778
340,340.0,341.8,0.12541440072025806,0.12447596582811508,0.08326767640064758,0.08737726544174347,0.09163906148436143,0.0846375394143462,0.23324298818276148,0.16994510252776668
341,341.0,342.8,0.14262078991531046,0.12473139366974983,0.0835231042422823,0.0876326932833782,0.09189448932599616,0.08489296725598094,0.22596329469617144,0.15874126761113064
342,342.0,343.8,0.14245418495418494,0.12454627704627703,0.08343054593054591,0.08748459998459997,0.09183895433895432,0.08478189728189726,0.22696292446292446,0.158500616000616
343,343.0,344.8,0.14163064713064713,0.12423382173382172,0.0832081807081807,0.08720818070818068,0.09165262515262514,0.08454151404151404,0.22634859584859587,0.16117643467643467
344,344.0,345.9,0.1521259946949602,0.1241106690244621,0.08308502799882109,0.08708502799882108,0.09152947244326552,0.08441836133215444,0.21375965222516946,0.163885794282346
345,345.0,346.9,0.1521259946949602,0.1241106690244621,0.08308502799882109,0.08708502799882108,0.09152947244326552,0.08441836133215444,0.21375965222516946,0.163885794282346
346,346.0,347.9,0.1521259946949602,0.1241106690244621,0.08308502799882109,0.08708502799882108,0.09152947244326552,0.08441836133215444,0.21375965222516946,0.163885794282346
347,347.0,348.9,0.15170932802829357,0.12827733569112879,0.08266836133215442,0.08666836133215443,0.09111280577659886,0.08400169466548776,0.21292631889183614,0.16263579428234604
348,348.0,349.9,0.15170932802829357,0.12827733569112879,0.08266836133215442,0.08666836133215443,0.09111280577659886,0.08400169466548776,0.21292631889183614,0.16263579428234604
349,349.0,351.0,0.158653772472738,0.13522178013557323,0.08961280577659887,0.09361280577659888,0.09805725022104332,0.09094613910993221,0.17820409666961393,0.15569134983790156
350,350.0,352.0,0.158653772472738,0.13522178013557323,0.08961280577659887,0.09361280577659888,0.09805725022104332,0.09094613910993221,0.17820409666961393,0.15569134983790156
351,351.0,353.0,0.158653772472738,0.13522178013557323,0.08961280577659887,0.09361280577659888,0.09805725022104332,0.09094613910993221,0.17820409666961393,0.15569134983790156
352,352.0,354.0,0.15754266136162692,0.1278606690244621,0.08850169466548777,0.09250169466548777,0.09694613910993222,0.0960850279988211,0.18709298555850282,0.15346912761567935
353,353.0,355.0,0.15754266136162692,0.1278606690244621,0.08850169466548777,0.09250169466548777,0.09694613910993222,0.0960850279988211,0.18709298555850282,0.15346912761567935
354,354.0,356.0,0.15754266136162692,0.1278606690244621,0.08850169466548777,0.09250169466548777,0.09694613910993222,0.0960850279988211,0.18709298555850282,0.15346912761567935
355,355.0,357.0,0.15754266136162692,0.1278606690244621,0.08850169466548777,0.09250169466548777,0.09694613910993222,0.0960850279988211,0.18709298555850282,0.15346912761567935
356,356.0,358.0,0.15717501430280337,0.12602243373034444,0.08813404760666424,0.09213404760666424,0.09657849205110866,0.09534973388117404,0.18635769144085573,0.15824853938038524
357,357.0,359.0,0.15717501430280337,0.12602243373034444,0.08813404760666424,0.09213404760666424,0.09657849205110866,0.09534973388117404,0.18635769144085573,0.15824853938038524
