,Unnamed: 0,Total_iterations,Intertwine_two,Invert_path_vertices,Insert_inside_vertex,Delete_inside_vertex,Replace_inside_vertex,Donate_between_routes,Trim_one_terminal_cb,Grow_one_terminal_cb
0,0.0,0.0,0.125,0.125,0.125,0.125,0.125,0.125,0.125,0.125
1,1.0,0.10900000000000001,0.125,0.125,0.125,0.125,0.125,0.125,0.125,0.125
2,2.0,0.31601,0.125,0.125,0.125,0.125,0.125,0.125,0.125,0.125
3,3.0,0.6191589000000001,0.125,0.125,0.125,0.125,0.125,0.125,0.125,0.125
4,4.0,1.015801321,0.125,0.125,0.125,0.125,0.125,0.125,0.125,0.125
5,5.0,1.50262148669,0.125,0.125,0.125,0.125,0.125,0.125,0.125,0.125
6,6.0,2.0757334209441005,0.125,0.125,0.125,0.125,0.125,0.125,0.125,0.125
7,7.0,2.7307768275633495,0.125,0.125,0.125,0.125,0.125,0.125,0.125,0.125
8,8.0,3.4630081252450404,0.125,0.125,0.125,0.125,0.125,0.125,0.125,0.125
9,9.0,4.2673862119061114,0.125,0.125,0.125,0.125,0.125,0.125,0.125,0.125
10,10.0,5.138652627782014,0.125,0.125,0.125,0.125,0.125,0.125,0.125,0.125
11,11.0,6.071405875792507,0.125,0.125,0.125,0.125,0.125,0.125,0.125,0.125
12,12.0,7.060169740244025,0.125,0.125,0.125,0.125,0.125,0.125,0.125,0.125
13,13.0,8.099455520847952,0.125,0.125,0.125,0.125,0.125,0.125,0.125,0.125
14,14.0,9.183818168183006,0.125,0.125,0.125,0.125,0.125,0.125,0.125,0.125
15,15.0,10.307906369102724,0.125,0.125,0.125,0.125,0.125,0.125,0.125,0.125
16,16.0,11.466506686239443,0.125,0.125,0.125,0.125,0.125,0.125,0.125,0.125
17,17.0,12.654581904800096,0.125,0.125,0.125,0.125,0.125,0.125,0.125,0.125
18,18.0,13.867303782456686,0.125,0.125,0.125,0.125,0.125,0.125,0.125,0.125
19,19.0,15.100080434523047,0.125,0.125,0.125,0.125,0.125,0.125,0.125,0.125
20,20.0,16.348578617037543,0.125,0.125,0.125,0.125,0.125,0.125,0.125,0.125
21,21.0,17.608741195130214,0.125,0.125,0.125,0.125,0.125,0.125,0.125,0.125
22,22.0,18.876800103462312,0.125,0.125,0.125,0.125,0.125,0.125,0.125,0.125
23,23.0,20.14928511992658,0.125,0.125,0.125,0.125,0.125,0.125,0.125,0.125
24,24.0,21.423028783545156,0.125,0.125,0.125,0.125,0.125,0.125,0.125,0.125
25,25.0,22.695167792966423,0.125,0.125,0.125,0.125,0.125,0.125,0.125,0.125
26,26.0,23.963141223515898,0.125,0.125,0.125,0.125,0.125,0.125,0.125,0.125
27,27.0,25.224685898775267,0.125,0.125,0.125,0.125,0.125,0.125,0.125,0.125
28,28.0,26.477829247520948,0.125,0.125,0.125,0.125,0.125,0.125,0.125,0.125
29,29.0,27.720879968916847,0.125,0.125,0.125,0.125,0.125,0.125,0.125,0.125
30,30.0,28.95241681848399,0.125,0.125,0.125,0.125,0.125,0.125,0.125,0.125
31,31.0,30.17127581490958,0.125,0.125,0.125,0.125,0.125,0.125,0.125,0.125
32,32.0,31.376536153543515,0.125,0.125,0.125,0.125,0.125,0.125,0.125,0.125
33,33.0,32.567505096778625,0.125,0.125,0.125,0.125,0.125,0.125,0.125,0.125
34,34.0,33.74370209472243,0.125,0.125,0.125,0.125,0.125,0.125,0.125,0.125
35,35.0,34.90484237192463,0.125,0.125,0.125,0.125,0.125,0.125,0.125,0.125
36,36.0,36.05082019768737,0.125,0.125,0.125,0.125,0.125,0.125,0.125,0.125
37,37.0,37.18169203889697,0.125,0.125,0.125,0.125,0.125,0.125,0.125,0.125
38,38.0,38.29765977559663,0.125,0.125,0.125,0.125,0.125,0.125,0.125,0.125
39,39.0,39.399054140870355,0.125,0.125,0.125,0.125,0.125,0.125,0.125,0.125
40,40.0,40.48631852820801,0.125,0.125,0.125,0.125,0.125,0.125,0.125,0.125
41,41.0,41.55999329152982,0.125,0.125,0.125,0.125,0.125,0.125,0.125,0.125
42,42.0,42.62070064560415,0.125,0.125,0.125,0.125,0.125,0.125,0.125,0.125
43,43.0,43.669130257815,0.125,0.125,0.125,0.125,0.125,0.125,0.125,0.125
44,44.0,44.70602560622662,0.125,0.125,0.125,0.125,0.125,0.125,0.125,0.125
45,45.0,45.73217116373481,0.125,0.125,0.125,0.125,0.125,0.125,0.125,0.125
46,46.0,46.748380453854836,0.125,0.125,0.125,0.125,0.125,0.125,0.125,0.125
47,47.0,47.755485010424316,0.125,0.125,0.125,0.125,0.125,0.125,0.125,0.125
48,48.0,48.7543242612326,0.125,0.125,0.125,0.125,0.125,0.125,0.125,0.125
49,49.0,49.745736344347726,0.125,0.125,0.125,0.125,0.125,0.125,0.125,0.125
50,50.0,50.730549855707864,0.125,0.125,0.125,0.125,0.125,0.125,0.125,0.125
51,51.0,51.70957651737491,0.125,0.125,0.125,0.125,0.125,0.125,0.125,0.125
52,52.0,52.68360474770151,0.125,0.125,0.125,0.125,0.125,0.125,0.125,0.125
53,53.0,53.65339410751842,0.125,0.125,0.125,0.125,0.125,0.125,0.125,0.125
54,54.0,54.61967059027847,0.125,0.125,0.125,0.125,0.125,0.125,0.125,0.125
55,55.0,55.58312271885972,0.125,0.125,0.125,0.125,0.125,0.125,0.125,0.125
56,56.0,56.544398407394254,0.125,0.125,0.125,0.125,0.125,0.125,0.125,0.125
57,57.0,57.504102543001395,0.125,0.125,0.125,0.125,0.125,0.125,0.125,0.125
58,58.0,58.462795239617805,0.125,0.125,0.125,0.125,0.125,0.125,0.125,0.125
59,59.0,59.42099071417639,0.125,0.125,0.125,0.125,0.125,0.125,0.125,0.125
60,60.0,60.379156734137354,0.125,0.125,0.125,0.125,0.125,0.125,0.125,0.125
61,61.0,61.337714584760846,0.125,0.125,0.125,0.125,0.125,0.125,0.125,0.125
62,62.0,62.29703950447439,0.125,0.125,0.125,0.125,0.125,0.125,0.125,0.125
63,63.0,63.257461537171835,0.125,0.125,0.125,0.125,0.125,0.125,0.125,0.125
64,64.0,64.21926675122782,0.125,0.125,0.125,0.125,0.125,0.125,0.125,0.125
65,65.0,65.18269877636592,0.125,0.125,0.125,0.125,0.125,0.125,0.125,0.125
66,66.0,66.15796061122654,0.125,0.125,0.125,0.125,0.125,0.125,0.125,0.125
67,67.0,67.13511665648885,0.125,0.125,0.125,0.125,0.125,0.125,0.125,0.125
68,68.0,68.11420593066003,0.125,0.125,0.125,0.125,0.125,0.125,0.125,0.125
69,69.0,69.0952442181075,0.125,0.125,0.125,0.125,0.125,0.125,0.125,0.125
70,70.0,70.07822623462916,0.125,0.125,0.125,0.125,0.125,0.125,0.125,0.125
71,71.0,71.06312778715234,0.125,0.125,0.125,0.125,0.125,0.125,0.125,0.125
72,72.0,72.04990790655168,0.125,0.125,0.125,0.125,0.125,0.125,0.125,0.125
73,73.0,73.03851093494559,0.125,0.125,0.125,0.125,0.125,0.125,0.125,0.125
74,74.0,74.02886855115064,0.125,0.125,0.125,0.125,0.125,0.125,0.125,0.125
75,75.0,75.03090172022368,0.125,0.125,0.125,0.125,0.125,0.125,0.125,0.125
76,76.0,76.03442255518718,0.125,0.125,0.125,0.125,0.125,0.125,0.125,0.125
77,77.0,77.03924708110246,0.125,0.125,0.125,0.125,0.125,0.125,0.125,0.125
78,78.0,78.04519668361519,0.125,0.125,0.125,0.125,0.125,0.125,0.125,0.125
79,79.0,79.0520993590405,0.125,0.125,0.125,0.125,0.125,0.125,0.125,0.125
80,80.0,80.05979077333286,0.125,0.125,0.125,0.125,0.125,0.125,0.125,0.125
81,81.0,81.06811513846267,0.125,0.125,0.125,0.125,0.125,0.125,0.125,0.125
82,82.0,82.08692591569488,0.125,0.125,0.125,0.125,0.125,0.125,0.125,0.125
83,83.0,83.12598635604691,0.125,0.125,0.125,0.125,0.125,0.125,0.125,0.125
84,84.0,84.16488088880327,0.125,0.125,0.125,0.125,0.125,0.125,0.125,0.125
85,85.0,85.20323715939595,0.125,0.125,0.125,0.125,0.125,0.125,0.125,0.125
86,86.0,86.25072543133541,0.125,0.125,0.125,0.125,0.125,0.125,0.125,0.125
87,87.0,87.30695762176757,0.125,0.125,0.125,0.125,0.125,0.125,0.125,0.125
88,88.0,88.36149701693884,0.125,0.125,0.125,0.125,0.125,0.125,0.125,0.125
89,89.0,89.4139675024236,0.125,0.125,0.125,0.125,0.125,0.125,0.125,0.125
90,90.0,90.46405126433564,0.125,0.125,0.125,0.125,0.125,0.125,0.125,0.125
91,91.0,91.51148613741312,0.125,0.125,0.125,0.125,0.125,0.125,0.125,0.125
92,92.0,92.55606266180871,0.125,0.125,0.125,0.125,0.125,0.125,0.125,0.125
93,93.0,93.59762090714668,0.125,0.125,0.125,0.125,0.125,0.125,0.125,0.125
94,94.0,94.63604711887936,0.125,0.125,0.125,0.125,0.125,0.125,0.125,0.125
95,95.0,95.67127023825,0.125,0.125,0.125,0.125,0.125,0.125,0.125,0.125
96,96.0,96.70325834330107,0.125,0.125,0.125,0.125,0.125,0.125,0.125,0.125
97,97.0,97.73201505441402,0.125,0.125,0.125,0.125,0.125,0.125,0.125,0.125
98,98.0,98.76757594387152,0.125,0.125,0.125,0.125,0.125,0.125,0.125,0.125
99,99.0,99.79990498494458,0.125,0.125,0.125,0.125,0.125,0.125,0.125,0.125
100,100.0,100.83900207206088,0.125,0.125,0.125,0.125,0.125,0.125,0.125,0.125
101,101.0,101.87479942974494,0.125,0.125,0.125,0.125,0.125,0.125,0.125,0.125
102,102.0,102.90726905736315,0.125,0.125,0.125,0.125,0.125,0.125,0.125,0.125
103,103.0,103.9364190316459,0.125,0.125,0.125,0.125,0.125,0.125,0.125,0.125
104,104.0,104.9622898181839,0.125,0.125,0.125,0.125,0.125,0.125,0.125,0.125
105,105.0,105.98495062788628,0.125,0.125,0.125,0.125,0.125,0.125,0.125,0.125
106,106.0,107.00449585033955,0.125,0.125,0.125,0.125,0.125,0.125,0.125,0.125
107,107.0,108.02104159204411,0.125,0.125,0.125,0.125,0.125,0.125,0.125,0.125
108,108.0,109.03472234365776,0.125,0.125,0.125,0.125,0.125,0.125,0.125,0.125
109,109.0,110.04568779667346,0.125,0.125,0.125,0.125,0.125,0.125,0.125,0.125
110,110.0,111.05409982642087,0.125,0.125,0.125,0.125,0.125,0.125,0.125,0.125
111,111.0,112.06012965492931,0.125,0.125,0.125,0.125,0.125,0.125,0.125,0.125
112,112.0,113.06395520403764,0.125,0.125,0.125,0.125,0.125,0.125,0.125,0.125
113,113.0,114.06575864619477,0.125,0.125,0.125,0.125,0.125,0.125,0.125,0.125
114,114.0,115.06572415767423,0.125,0.125,0.125,0.125,0.125,0.125,0.125,0.125
115,115.0,116.06403587642899,0.125,0.125,0.125,0.125,0.125,0.125,0.125,0.125
116,116.0,117.06087606454399,0.125,0.125,0.125,0.125,0.125,0.125,0.125,0.125
117,117.0,118.05642347320206,0.125,0.125,0.125,0.125,0.125,0.125,0.125,0.125
118,118.0,119.0508519062623,0.125,0.125,0.125,0.125,0.125,0.125,0.125,0.125
119,119.0,120.04432897695389,0.125,0.125,0.125,0.125,0.125,0.125,0.125,0.125
120,120.0,121.03701505080679,0.125,0.125,0.125,0.125,0.125,0.125,0.125,0.125
121,121.0,122.02906236676633,0.125,0.125,0.125,0.125,0.125,0.125,0.125,0.125
122,122.0,123.02061432746225,0.125,0.125,0.125,0.125,0.125,0.125,0.125,0.125
123,123.0,124.01180494881396,0.125,0.125,0.125,0.125,0.125,0.125,0.125,0.125
124,124.0,125.00275845854236,0.125,0.125,0.125,0.125,0.125,0.125,0.125,0.125
125,125.0,125.99358903271249,0.125,0.125,0.125,0.125,0.125,0.125,0.125,0.125
126,126.0,126.98440065913849,0.125,0.125,0.125,0.125,0.125,0.125,0.125,0.125
127,127.0,127.9752871163305,0.125,0.125,0.125,0.125,0.125,0.125,0.125,0.125
128,128.0,128.96633205664,0.125,0.125,0.125,0.125,0.125,0.125,0.125,0.125
129,129.0,129.95760918235217,0.125,0.125,0.125,0.125,0.125,0.125,0.125,0.125
130,130.0,130.94918250366956,0.125,0.125,0.125,0.125,0.125,0.125,0.125,0.125
131,131.0,131.94110666781856,0.125,0.125,0.125,0.125,0.125,0.125,0.125,0.125
132,132.0,132.93342734887446,0.125,0.125,0.125,0.125,0.125,0.125,0.125,0.125
133,133.0,133.92618168833604,0.125,0.125,0.125,0.125,0.125,0.125,0.125,0.125
134,134.0,134.91939877696808,0.125,0.125,0.125,0.125,0.125,0.125,0.125,0.125
135,135.0,135.91310016896725,0.125,0.125,0.125,0.125,0.125,0.125,0.125,0.125
136,136.0,136.90730042007684,0.125,0.125,0.125,0.125,0.125,0.125,0.125,0.125
137,137.0,137.9020076418747,0.125,0.125,0.125,0.125,0.125,0.125,0.125,0.125
138,138.0,138.897224065074,0.125,0.125,0.125,0.125,0.125,0.125,0.125,0.125
139,139.0,139.89294660530265,0.125,0.125,0.125,0.125,0.125,0.125,0.125,0.125
140,140.0,140.88916742545538,0.125,0.125,0.125,0.125,0.125,0.125,0.125,0.125
141,141.0,141.8858744893383,0.125,0.125,0.125,0.125,0.125,0.125,0.125,0.125
142,142.0,142.88305210193954,0.125,0.125,0.125,0.125,0.125,0.125,0.125,0.125
143,143.0,143.89068143226126,0.125,0.125,0.125,0.125,0.125,0.125,0.125,0.125
144,144.0,144.8986410152282,0.125,0.125,0.125,0.125,0.125,0.125,0.125,0.125
145,145.0,145.90681822974616,0.125,0.125,0.125,0.125,0.125,0.125,0.125,0.125
146,146.0,146.91510954051486,0.125,0.125,0.125,0.125,0.125,0.125,0.125,0.125
147,147.0,147.92342062480157,0.125,0.125,0.125,0.125,0.125,0.125,0.125,0.125
148,148.0,148.94166639441156,0.125,0.125,0.125,0.125,0.125,0.125,0.125,0.125
149,149.0,149.95967092311642,0.125,0.125,0.125,0.125,0.125,0.125,0.125,0.125
150,150.0,150.97727828971966,0.125,0.125,0.125,0.125,0.125,0.125,0.125,0.125
151,151.0,151.9943521367654,0.125,0.125,0.125,0.125,0.125,0.125,0.125,0.125
152,152.0,153.0107750777389,0.125,0.125,0.125,0.125,0.125,0.125,0.125,0.125
153,153.0,154.02644797383766,0.125,0.125,0.125,0.125,0.125,0.125,0.125,0.125
154,154.0,155.04128910058816,0.125,0.125,0.125,0.125,0.125,0.125,0.125,0.125
155,155.0,156.0552332236577,0.125,0.125,0.125,0.125,0.125,0.125,0.125,0.125
156,156.0,157.06823060218375,0.125,0.125,0.125,0.125,0.125,0.125,0.125,0.125
157,157.0,158.09024593683534,0.125,0.125,0.125,0.125,0.125,0.125,0.125,0.125
158,158.0,159.11115727865342,0.125,0.125,0.125,0.125,0.125,0.125,0.125,0.125
159,159.0,160.1308659135032,0.125,0.125,0.125,0.125,0.125,0.125,0.125,0.125
160,160.0,161.14929502573293,0.125,0.125,0.125,0.125,0.125,0.125,0.125,0.125
161,161.0,162.16638827648237,0.125,0.125,0.125,0.125,0.125,0.125,0.125,0.125
162,162.0,163.18210831939203,0.125,0.125,0.125,0.125,0.125,0.125,0.125,0.125
163,163.0,164.1964352748168,0.125,0.125,0.125,0.125,0.125,0.125,0.125,0.125
164,164.0,165.20936518195091,0.125,0.125,0.125,0.125,0.125,0.125,0.125,0.125
165,165.0,166.23090844655212,0.125,0.125,0.125,0.125,0.125,0.125,0.125,0.125
166,166.0,167.2509883002277,0.125,0.125,0.125,0.125,0.125,0.125,0.125,0.125
167,167.0,168.26955028553346,0.125,0.125,0.125,0.125,0.125,0.125,0.125,0.125
168,168.0,169.2865605694533,0.125,0.125,0.125,0.125,0.125,0.125,0.125,0.125
169,169.0,170.3020042192866,0.125,0.125,0.125,0.125,0.125,0.125,0.125,0.125
170,170.0,171.3158834619437,0.125,0.125,0.125,0.125,0.125,0.125,0.125,0.125
171,171.0,172.32821594571567,0.125,0.125,0.125,0.125,0.125,0.125,0.125,0.125
172,172.0,173.3490330216533,0.125,0.125,0.125,0.125,0.125,0.125,0.125,0.125
173,173.0,174.3682780597806,0.125,0.125,0.125,0.125,0.125,0.125,0.125,0.125
174,174.0,175.38591581349738,0.125,0.125,0.125,0.125,0.125,0.125,0.125,0.125
175,175.0,176.40193063370754,0.125,0.125,0.125,0.125,0.125,0.125,0.125,0.125
176,176.0,177.41632466555959,0.125,0.125,0.125,0.125,0.125,0.125,0.125,0.125
177,177.0,178.42911604757083,0.125,0.125,0.125,0.125,0.125,0.125,0.125,0.125
178,178.0,179.44033713090525,0.125,0.125,0.125,0.125,0.125,0.125,0.125,0.125
179,179.0,180.45003273459716,0.125,0.125,0.125,0.125,0.125,0.125,0.125,0.125
180,180.0,181.4582584505739,0.125,0.125,0.125,0.125,0.125,0.125,0.125,0.125
181,181.0,182.46507901044725,0.125,0.125,0.125,0.125,0.125,0.125,0.125,0.125
182,182.0,183.4705667242288,0.125,0.125,0.125,0.125,0.125,0.125,0.125,0.125
183,183.0,184.4747999993899,0.125,0.125,0.125,0.125,0.125,0.125,0.125,0.125
184,184.0,185.47786194704096,0.125,0.125,0.125,0.125,0.125,0.125,0.125,0.125
185,185.0,186.48983908045653,0.125,0.125,0.125,0.125,0.125,0.125,0.125,0.125
186,186.0,187.500720109726,0.125,0.125,0.125,0.125,0.125,0.125,0.125,0.125
187,187.0,188.51050583497124,0.125,0.125,0.125,0.125,0.125,0.125,0.125,0.125
188,188.0,189.51920792934223,0.125,0.125,0.125,0.125,0.125,0.125,0.125,0.125
189,189.0,190.52684773498274,0.125,0.125,0.125,0.125,0.125,0.125,0.125,0.125
190,190.0,191.53345508270937,0.125,0.125,0.125,0.125,0.125,0.125,0.125,0.125
191,191.0,192.53906714483622,0.125,0.125,0.125,0.125,0.125,0.125,0.125,0.125
192,192.0,193.54372732930202,0.125,0.125,0.125,0.125,0.125,0.125,0.125,0.125
193,193.0,194.54748422202823,0.125,0.125,0.125,0.125,0.125,0.125,0.125,0.125
194,194.0,195.55039058326156,0.125,0.125,0.125,0.125,0.125,0.125,0.125,0.125
195,195.0,196.55250240253892,0.125,0.125,0.125,0.125,0.125,0.125,0.125,0.125
196,196.0,197.55387801586315,0.125,0.125,0.125,0.125,0.125,0.125,0.125,0.125
197,197.0,198.55457728769633,0.125,0.125,0.125,0.125,0.125,0.125,0.125,0.125
198,198.0,199.5546608594692,0.125,0.125,0.125,0.125,0.125,0.125,0.125,0.125
199,199.0,200.55418946547016,0.125,0.125,0.125,0.125,0.125,0.125,0.125,0.125
200,200.0,201.55322331621628,0.125,0.125,0.125,0.125,0.125,0.125,0.125,0.125
201,201.0,202.55182154872563,0.125,0.125,0.125,0.125,0.125,0.125,0.125,0.125
202,202.0,203.55004174249677,0.12486111111111112,0.12486111111111112,0.12486111111111112,0.12486111111111112,0.12486111111111112,0.12486111111111112,0.12597222222222224,0.12486111111111112
203,203.0,204.54793949946583,0.12472361111111113,0.12472361111111113,0.12472361111111113,0.12472361111111113,0.12472361111111113,0.12472361111111113,0.12693472222222224,0.12472361111111113
204,204.0,205.54556808574333,0.12458873611111114,0.12458873611111114,0.12458873611111114,0.12458873611111114,0.12458873611111114,0.12458873611111114,0.12787884722222226,0.12458873611111114
205,205.0,206.54297813253567,0.12420757236111114,0.12420757236111114,0.12420757236111114,0.12531868347222225,0.12420757236111114,0.12420757236111114,0.12943588236111114,0.12420757236111114
206,206.0,207.5402173933234,0.12360376239381315,0.12360376239381315,0.12360376239381315,0.12581487350492426,0.12360376239381315,0.12360376239381315,0.132562552132197,0.12360376239381315
207,207.0,208.53733055409913,0.12290013396823013,0.12300651694695353,0.12290013396823013,0.12619024507934123,0.12390486210061782,0.12279375098950672,0.13551060595761397,0.12279375098950672
208,208.0,209.53435909325628,0.12213901146847604,0.12235071359613559,0.12213901146847604,0.12647843257958716,0.12413842045192756,0.12192730934081644,0.13889979175376502,0.12192730934081644
209,209.0,210.5313411875652,0.12237415956736956,0.1215780590945563,0.12126304845625846,0.12661456546736957,0.12423814892907167,0.12094803781796055,0.14203594284945364,0.12094803781796055
210,210.0,211.52831166056757,0.12262859972405701,0.12083296510230758,0.1204174886129459,0.12673748787505704,0.12434143323469529,0.12000201212358418,0.14503800120376917,0.12000201212358418
211,211.0,212.52530196966399,0.12289785833119213,0.12012012650837886,0.11960774722008102,0.12684729162658215,0.12444688494289423,0.11909536793178313,0.14788935550730575,0.11909536793178313
212,212.0,213.52234022815412,0.12320551303906489,0.11958220656590796,0.11875739627577986,0.1268632469792781,0.12446997655211064,0.11825867294217346,0.15060431470351204,0.11825867294217346
213,213.0,214.5194512585137,0.12351967081725732,0.11908220824284631,0.1179518494583201,0.12686742843319185,0.12449364377594711,0.1174704037172721,0.1531443918378935,0.1174704037172721
214,214.0,215.5166566732522,0.12272542866984439,0.11862133936048362,0.11719468182319219,0.12797208267477364,0.12451759238070327,0.11673360037285724,0.15550167434528878,0.11673360037285724
215,215.0,216.51397497978434,0.12183045789974967,0.11808918455246252,0.11737751601740314,0.1288338936606186,0.12443044363112847,0.11593937324321327,0.15755975775221145,0.11593937324321327
216,216.0,217.51142170586542,0.12095378107694228,0.11759819395942904,0.11760452351607693,0.1285574164953308,0.12434417875015155,0.11631251808927065,0.15942798113463955,0.11520140697815955
217,217.0,218.5090095422797,0.1200114264840125,0.11705825197490569,0.11859628964105327,0.1280774265838583,0.12416866290881341,0.11664165717408957,0.16101573917028916,0.11443054606297848
218,218.0,219.5067484996298,0.11902544604996244,0.11648571376394726,0.11938460268663396,0.12743119631205543,0.12392063696762415,0.11776729362233965,0.16234126141954225,0.11364384917789522
219,219.0,220.50464607624858,0.11807824398142645,0.11595774614948867,0.12018647028484822,0.12677817565503696,0.1236780140141626,0.11891670315137706,0.16348569805672775,0.11291894870693261
220,220.0,221.502707434443,0.1171754144625385,0.11547517174802455,0.12099251830445054,0.1261255738578946,0.12344267997919062,0.12007601435783272,0.16334460216556945,0.11336802512449937
221,221.0,222.51093558247354,0.11618265964463377,0.11489938809338117,0.1216553793342172,0.12728543060816772,0.12307737042232005,0.12026042173967799,0.16290904906892442,0.11373030108867799
222,222.0,223.5192315598763,0.11524389960579298,0.11437047394742292,0.1223077434628341,0.12843990148361203,0.12272373599130947,0.12044057160555549,0.1623378400183078,0.11413583388516549
223,223.0,224.52750562394002,0.11457679768217335,0.11410270671441607,0.12302960682460014,0.1296634504484261,0.12225594038967787,0.12082876342207843,0.15853059457996477,0.11701213993866355
224,224.0,225.53567722535794,0.11391360633423624,0.1138253966281428,0.12467615373193561,0.1306951759622665,0.12240985791028387,0.12115305832876427,0.15460173609979866,0.11872501500457228
225,225.0,226.5436748943805,0.11319890585623217,0.11348061051313191,0.12606457978733965,0.1315811836523328,0.12246671091063051,0.12135494250586934,0.1515410539051329,0.12031201286933094
226,226.0,227.551436047557,0.11245408507503882,0.11308763474249821,0.12651070891934743,0.13305056184747832,0.12244472822183115,0.12145372909367153,0.14921960991663683,0.12177894218349788
227,227.0,228.5589067249403,0.11177142241060521,0.11273703622132848,0.12691080303547206,0.13335812964309365,0.12243383142150659,0.12265166927815242,0.14693214929903298,0.1232049586908088
228,228.0,229.56604126733586,0.11226263978901084,0.11242808320988802,0.12726546469614058,0.1336169924011756,0.12171873517452686,0.12343004290097395,0.14469814832140818,0.12457989350687616
229,229.0,230.58280194281852,0.11280174280087199,0.11217390926930183,0.12844539783350306,0.13358149224228438,0.12088062342744596,0.1239387619313167,0.1424132597394015,0.1257648127558748
230,230.0,231.59905853132472,0.11305232947910428,0.11185389752906719,0.1301760211212272,0.13348503933103753,0.12056545215160015,0.12411035888174493,0.13908846936966845,0.12766843213655052
231,231.0,232.61469887566705,0.11307976229633644,0.11140556890101881,0.13160030151593466,0.13310984344720664,0.12010745409627308,0.12401035401346273,0.13745031596209187,0.12923639976767604
232,232.0,233.62962819681846,0.11307379792821179,0.110932135796116,0.13347755889242008,0.13257750753686512,0.11961138935586356,0.12375688424700065,0.13591640947791234,0.1306543167656107
233,233.0,234.64376830388656,0.11217039864316694,0.11138757809439927,0.13435033128623122,0.13201242470786578,0.11913168868468996,0.12346984997490783,0.13539545015893506,0.13208227844980416
234,234.0,235.65705671720897,0.11122520081131214,0.11179855774255726,0.13506358969647927,0.1313585888869645,0.1186065810891405,0.12309174928399697,0.13559366631285197,0.13326206617669767
235,235.0,236.6694457220271,0.11025591551972619,0.11216949046320014,0.13563023219149736,0.13063549298563973,0.11804993759168755,0.12263954907713823,0.13563529342896963,0.13498408874214152
236,236.0,237.68090136914313,0.11004662238927608,0.11255836392956531,0.1361169462455506,0.12931564309308927,0.11752817052518827,0.12206793108695166,0.135766343370676,0.1365999793597032
237,237.0,238.6914024378561,0.11045198656372415,0.11291187628479785,0.1364316194669568,0.12791608387911818,0.11690015277435513,0.1214027634522959,0.13592894430837613,0.1380565732703762
238,238.0,239.70093937531922,0.11082158392041414,0.11331198449151808,0.13660732295164246,0.12647648944778478,0.11624466047286282,0.12067906655884024,0.13592571807497933,0.13993317408195846
239,239.0,240.70951322528285,0.11121885230007757,0.11371483893352802,0.1367162271251874,0.12507646530048264,0.1156310264855468,0.11996996078815383,0.13598518843080357,0.14168744063622046
240,240.0,241.71713455799727,0.11145054398011255,0.11392962850637064,0.13657741494046233,0.12353954671377367,0.11487469338435466,0.11909457014915868,0.1368822370451145,0.14365136528065323
241,241.0,242.72382241186028,0.1116987568565387,0.11414086894409141,0.13547581238890768,0.1220626494603228,0.11416535155454309,0.11824613417793277,0.1389316752884601,0.1452787513292037
242,242.0,243.72960325621838,0.11173713445873044,0.11412458053360308,0.1341146741286816,0.1214323181571165,0.11328317306504992,0.1172082195451892,0.14155332537105894,0.1465465747405706
243,243.0,244.7345099835785,0.11178627653808929,0.11410367904383144,0.13273356511325346,0.12087019952216238,0.11245426336673825,0.11621015326340718,0.14416374960815972,0.14767811354435856
244,244.0,245.73858093836682,0.11159840310489282,0.11394625904002677,0.131215717750722,0.12024251771740903,0.11154900891989726,0.11512535540273261,0.14794629967527456,0.1483764383890452
245,245.0,246.74185898829262,0.11135233329389434,0.1135997690795889,0.1295311445469033,0.11941108017138063,0.11052525694132874,0.11391450729714193,0.1511569904339131,0.1505089182358493
246,246.0,247.74439064334294,0.11111786429491662,0.11325496716605925,0.12787370600386824,0.11864788633315428,0.1095654368898951,0.11276266463808664,0.1542722032566726,0.15250527141734746
247,247.0,248.7462252264548,0.11089618071674737,0.11291513251388231,0.1262572630409688,0.11795374377033202,0.1086727537733972,0.11156308575694195,0.1573826933594752,0.1543591470682553
248,248.0,249.74741409899093,0.11056071729803926,0.11245066943059367,0.12457012229312431,0.1172390356402084,0.10772566249281033,0.11031115386298843,0.16142545631199737,0.15571718267023832
249,249.0,250.7480099432835,0.11084930575904017,0.111837048104936,0.12278672249256702,0.11636866597665896,0.10668957232360855,0.10897399752720016,0.1659849505296448,0.15650973728634446
250,250.0,251.748066103714,0.11110525193421811,0.11119134116887536,0.12103909114559337,0.11552672253793168,0.10579820176925507,0.10767929936135913,0.17065646040330876,0.1570036316794586
251,251.0,252.7476359870643,0.11123255729370028,0.11048585161545002,0.1192960727752598,0.11467592499307448,0.10490203652985255,0.10638960668397517,0.17517767366425538,0.15784027644443238
252,252.0,253.74677252220897,0.11119140550089618,0.10968037373553395,0.1175213974012089,0.11371748280680712,0.10395727885990316,0.10506407700657965,0.18159737536485127,0.1572706093242198
253,253.0,254.74552767861707,0.11214407543398414,0.10972000909262333,0.11446955223612762,0.11399456371295213,0.10181437444029996,0.10245312408452244,0.18768067548828143,0.15772362551120897
254,254.0,255.74395204259818,0.1130093465439571,0.1098273805407132,0.1115631430314604,0.11436433960942656,0.0996767395086971,0.09997330065150915,0.19348294287092124,0.15810280724331527
255,255.0,256.7420944497552,0.1144115972918042,0.10987767626682288,0.10872402234619916,0.11467256676244231,0.09757145662749835,0.0975470949920074,0.19893472297926496,0.15826086273396078
256,256.0,257.74000167169896,0.11577013737605721,0.109931249033215,0.10602113551404233,0.11500934794461273,0.09556362639926166,0.09523956676854183,0.20422340026514318,0.15824153669912608
257,257.0,258.7377181547314,0.11707539014339241,0.10998687308935681,0.10346752569916044,0.11536809762236008,0.09366321954213265,0.09295045008979179,0.2093163837451901,0.15817206006861576
258,258.0,259.7352858079132,0.11857565743885387,0.11010750501442988,0.10120162181079534,0.11503751862883638,0.09194221573628977,0.09086451291679118,0.21425064629852167,0.15802032215548195
259,259.0,260.73274383769774,0.11946955275979199,0.1103166322484849,0.09919081453368124,0.11481335185960619,0.09043107926085739,0.08901349121688959,0.22010012683468555,0.15666495128600316
260,260.0,261.7301286261269,0.11934606576274111,0.11063366095613009,0.09734893813620003,0.11460643361666831,0.08904317060428464,0.08814497284984535,0.22567464289737107,0.15520211517675944
261,261.0,262.72747364945184,0.11925543913811953,0.11092346317314175,0.09566611877434303,0.1144032667073607,0.08776864655123108,0.08741043514846494,0.23093336735554834,0.15363926315179066
262,262.0,263.72480943394976,0.11911846477086084,0.11121562858893681,0.09416425279189886,0.11422867932334368,0.08662988773560779,0.08682260147473046,0.23574875555820501,0.15207172975641658
263,263.0,264.7221635456584,0.11799792373567787,0.11150699922947899,0.09284026351075067,0.1149148927192617,0.08562470522182798,0.08637267976261466,0.2402268773587567,0.15051565846163145
264,264.0,265.7195606107396,0.116852279208616,0.11179474086588814,0.09240388886786607,0.11561896468316205,0.0847497932048451,0.08605137803307684,0.24354349136622158,0.14898546377032423
265,265.0,266.7170223632053,0.11569549798413374,0.11207633898221347,0.09118465055976696,0.11716540197194085,0.0840008737551493,0.08584904730515458,0.24642443936269082,0.1476037500789503
266,266.0,267.7145677167923,0.11436443736839375,0.11223787033757851,0.08996258777561622,0.11846457694029572,0.08403034596801796,0.08557998961014136,0.24924894733376818,0.14611124466618833
267,267.0,268.7122128578527,0.11304807766492098,0.11239027574507508,0.08889361018426711,0.11974415813651956,0.08416831771330772,0.08541180997993816,0.25166639222426007,0.14467735835171133
268,268.0,269.70997135622855,0.11165921128062233,0.11255370076617209,0.087982867052121,0.12100674013929427,0.08441354833131258,0.08523353830180194,0.2537116209116351,0.1434387732170407
269,269.0,270.70785429120457,0.11030798853643436,0.1127067278706172,0.0872148511557878,0.12222930913584909,0.08474296951869087,0.08514027418961503,0.2553849192128478,0.14227296038015794
270,270.0,271.7058703897709,0.10889304618467681,0.11284886657903115,0.08658296993064955,0.12340364073684046,0.08514486800663147,0.08512444952790438,0.2567067471835021,0.1412954118507641
271,271.0,272.70402617458285,0.10767181037152893,0.11302740339155197,0.08608588110279056,0.12394543441343386,0.08565559612781778,0.08522609766585851,0.2592347478626617,0.1391530290643567
272,272.0,273.70232611916776,0.10641867042030886,0.11314643693916757,0.08566210013028527,0.12438454983082697,0.0861686874472372,0.08534197865165519,0.26182183349649396,0.13705574308402493
273,273.0,274.70077280810256,0.10529023484384342,0.11330875676954255,0.08540656359397361,0.12482489321741612,0.08677680428852244,0.08556753994730247,0.2638864710386121,0.13493873630078723
274,274.0,275.6993671000629,0.10415232905467467,0.11341708921701678,0.08521368057651889,0.12517061650333539,0.08737304109199362,0.08579823606977836,0.2659797991526513,0.13289520833403093
275,275.0,276.69810829182654,0.10307689451657999,0.11349786508002097,0.08510122994082532,0.12544983985040792,0.08797473887801284,0.08605336195979062,0.2679318616541253,0.13091420812023696
276,276.0,277.69699428149556,0.10199451017766939,0.11351586869209088,0.08502512938879253,0.1259996278231368,0.08853817100418387,0.08629075981540427,0.2696650003599529,0.12897093273876928
277,277.0,278.6960217293827,0.10093033236769812,0.11349042625175176,0.08499573392712731,0.1264673217554484,0.08907475872478236,0.08707861302661114,0.27083008093835687,0.127132733008224
278,278.0,279.6951862151873,0.09995200574128371,0.11345554855335381,0.08503807876611544,0.12688586587676712,0.08961123236786546,0.08788340929044572,0.2717369642786485,0.1254368951255202
279,279.0,280.6944823902595,0.09900224891417089,0.113383288133605,0.08511532666121982,0.1277530657503709,0.09011299883867199,0.08863692680684314,0.2721392433764993,0.12385690151861892
280,280.0,281.693904123922,0.09817861156560972,0.113369014959747,0.08531412391878687,0.1267881110750225,0.09066942028063066,0.08942766736629224,0.27376517404699297,0.122487876786918
281,281.0,282.693444642979,0.09730374022193695,0.11323422045291882,0.0854474750439842,0.12564725258944054,0.09109661439619618,0.09007102335959966,0.27605011223171966,0.12114956170420395
282,282.0,283.69309666370043,0.09692743773203122,0.11307390642308751,0.08560219287039851,0.12444087454088948,0.09148483370845394,0.0906566849648318,0.2778801995723006,0.11993387018800694
283,283.0,284.69285251571273,0.09657419182773558,0.11289194563648239,0.08577431122327468,0.12318702801341318,0.09183381117824284,0.09118400035200527,0.27971429729837805,0.11884041447046796
284,284.0,285.69270425736676,0.09629858899332647,0.11271010893791172,0.0859781554277026,0.12193857144270856,0.09216176777637673,0.09168910411158387,0.28133801122022856,0.1178856920901614
285,285.0,286.6926437822817,0.0960956209501593,0.1125302022855578,0.0862085144564828,0.12070745039880552,0.09246752602403975,0.09173438376003566,0.283190925187752,0.11706537693716712
286,286.0,287.69266291688234,0.09590570607345461,0.11233571579929345,0.08644231729486326,0.11946801065540497,0.09273213223177336,0.09173855731778588,0.2850214451291696,0.1163561154982548
287,287.0,288.6927535088541,0.09572835123881147,0.11212969000853183,0.08667651921465959,0.11823275384220946,0.09295669322265261,0.0917053313394866,0.28681712843608353,0.1157535326975648
288,288.0,289.6929075065401,0.09542403125532742,0.11177606559735674,0.08676946478425872,0.11687395611467236,0.09300369440418062,0.09149950453425229,0.28915495493032806,0.1154983283796237
289,289.0,290.6931170293921,0.0953192550684906,0.11157621559499821,0.0863924271060613,0.11571448261842626,0.09317349866855416,0.09142347217590568,0.29153040895130455,0.11487023981625909
290,290.0,291.693374429665,0.095294538397427,0.11141618339752052,0.08605809721855132,0.11427504763185649,0.09335155000176731,0.09136443748026384,0.29315831651097346,0.11508182936163999
291,291.0,292.69367234561395,0.09531581543096293,0.11126728052010333,0.08573924061522807,0.11290506796088744,0.09350893615729694,0.09129498400170566,0.29458433266704825,0.11538434264676739
292,292.0,293.6940037465119,0.09526716291719194,0.11101877194840365,0.08532638742259505,0.1115001867595576,0.09353503868024497,0.09110573704219725,0.29659216417610534,0.11565455105370426
293,293.0,294.7043619698549,0.09508939366931576,0.11152552757999096,0.08476639916484285,0.11001127632624969,0.09337605824197343,0.09074390175276206,0.2986611269453317,0.11582631631953359
294,294.0,295.71464075116506,0.0949471970532237,0.11203877162003888,0.08422958923106093,0.10861162868849458,0.09320209294298698,0.0903803553192871,0.30053260003919996,0.11605776510570787
295,295.0,296.7247452468325,0.09477433520779568,0.11248862022319829,0.08365490532408752,0.107242211479012,0.09295227835824442,0.08995480175640855,0.30265633564302524,0.11627651200822828
296,296.0,297.734591840465,0.09457835052716686,0.11287966169987373,0.08305462893305876,0.10591644307981675,0.09263944481491602,0.08948044456544281,0.3049666393805428,0.11648438699918227
297,297.0,298.7441078563295,0.09436534664349508,0.11321569784977834,0.08243915357212196,0.10464504779570356,0.09227485404612519,0.08896873918293974,0.30740893088818777,0.11668223002164846
298,298.0,299.75323119204427,0.09416199101375686,0.11352170434192561,0.0824639893897128,0.10345813776584087,0.09189016317994154,0.0884513729797136,0.3085979694262518,0.11745467190285698
299,299.0,300.7619098822671,0.09453884243761099,0.11377887885180697,0.08244684697855739,0.10234038833973935,0.09147248390940335,0.08791534047450611,0.3092959294021107,0.11821128960626517
300,300.0,301.770101604645,0.09578394201220179,0.11413800568322892,0.08257365667161475,0.10105991841734728,0.09117776471833017,0.0875163414732462,0.30854041418534867,0.11920995683868234
301,301.0,302.77777313873867,0.09652212053905158,0.11476900776355026,0.08353534040635358,0.098637206483037,0.09152224656039364,0.08665914127414803,0.3075122713782814,0.12084266559518465
302,302.0,303.78489978803555,0.09712537066325233,0.11519883260597491,0.08434592880845511,0.09623152187661348,0.0917670748408218,0.08572664232594875,0.3072504299201689,0.12235419895876493
303,303.0,304.79146477452247,0.0979799810528841,0.1141973273769669,0.08541756964569291,0.09421773125093574,0.09227227917255741,0.0850882120326239,0.306851404868775,0.12397549459956422
304,304.0,305.79745861461544,0.09822963778519601,0.1130572215690193,0.08641712526334323,0.09228046711134825,0.0927104539043146,0.08442451182878158,0.3066215850705626,0.1262589974674346
305,305.0,306.80287848455293,0.09841928444531291,0.11237472918198749,0.08730243762443059,0.09044471002682751,0.09309718082496328,0.08375796628370158,0.30627578257007854,0.1283279090426983
306,306.0,307.8077275826512,0.09859301413220553,0.11093167158677182,0.08816343491040544,0.08875865542106443,0.09347372600476021,0.0831355139453109,0.3066231700153096,0.13032081398417225
307,307.0,308.8120144951131,0.09875068124632737,0.10951084357245054,0.0889939386559193,0.08722419359224089,0.09383734216599261,0.08255897001632448,0.3068986468449243,0.1322253839058207
308,308.0,309.8157525713777,0.09931356079505971,0.10814666635851333,0.08978731955118947,0.08636394577838705,0.09423193147015002,0.0820757545163372,0.30593311455365335,0.13414770697671005
309,309.0,310.818959314302,0.09966170398918484,0.10733077586998507,0.09045620858252251,0.0855645169949508,0.09452444607727609,0.08155536212482672,0.30511363954671994,0.13579334681453425
310,310.0,311.8216557897909,0.09998831311625585,0.10656303595265554,0.09108231142415008,0.08490376500487597,0.09479811368915395,0.08108265983301176,0.30425639487937306,0.13732540610052404
311,311.0,312.823866059833,0.10025060882504075,0.10580464228191148,0.09114578852376927,0.08433276298206051,0.09501041566252298,0.08061593898717422,0.30355825377385137,0.13928158896366966
312,312.0,313.82561664227256,0.10043148977275296,0.10501968942062942,0.09108828436398377,0.08380569120083427,0.095144455813973,0.08013835892364736,0.3026772627115618,0.14169476779261772
313,313.0,314.82693600004546,0.10064852590749646,0.10418678062872339,0.09074771278172218,0.08338676326233609,0.09463541752311559,0.07984638372567432,0.30247299672524197,0.14407541944569033
314,314.0,315.8278540620406,0.10129258665096416,0.10333573808928087,0.09030105516573221,0.08300033727806988,0.09403732424364557,0.07952328359952067,0.3023836203869439,0.14612605458584307
315,315.0,316.82840177721584,0.10122647150530438,0.103053226326533,0.08969405929322417,0.08256965162039427,0.09441087026087676,0.07910406256450897,0.30159030412168675,0.148351354307472
316,316.0,317.8286107031014,0.10112335747636512,0.10280333600792341,0.08906369834209464,0.08221772724137667,0.09477031621117145,0.07871724899905234,0.30091487483460777,0.15038944088740896
317,317.0,318.82851262936737,0.10098698142379253,0.10320845757842065,0.08841790230902334,0.08193892903969273,0.094001940458193,0.07836261814701737,0.3007095183064095,0.15237365273745118
318,318.0,319.82813923671307,0.10087542747934033,0.10421780511856182,0.0878560500413604,0.0813507685973292,0.0932727537835947,0.07809217988567979,0.3001033870830446,0.1542316280110894
319,319.0,320.82752179095706,0.10072841686925067,0.10519282190098395,0.08725754148046093,0.08082245598821343,0.09252721704389416,0.0778413072361929,0.2992771955156215,0.15635304396538274
320,320.0,321.8266908718671,0.10057044588566869,0.10618563239207625,0.0866709883802186,0.0803727700745923,0.09179390113247912,0.07763003288334701,0.2989754972685059,0.15780073198311234
321,321.0,322.82567613596746,0.1003565712281604,0.10716071959225126,0.08607725120176057,0.07997453552224304,0.09105510760182567,0.07743270021719695,0.29893695523023356,0.15900615940632876
322,322.0,323.8245061122981,0.10009408911026062,0.10810988850838255,0.08548276927447658,0.07962637309034548,0.09031855569894773,0.0772496719455182,0.2991378037024673,0.15998084866960174
323,323.0,324.8232080298727,0.09978992044644891,0.10902595695334383,0.08489327956615277,0.07932647486480418,0.08959110445372724,0.07708106558521113,0.299554918413127,0.16073727971718507
324,324.0,325.82180767539114,0.09986728348309294,0.10990274490903837,0.0843138483712122,0.07907268402647474,0.0888787889320865,0.0769267956279775,0.29974912873223847,0.16128872591787943
325,325.0,326.8203292796038,0.09990817822806605,0.11062089497485376,0.08375841476902049,0.07887968871384994,0.08819256416060044,0.07679802433935583,0.30030350055251215,0.16153873426174148
326,326.0,327.81879543059915,0.09993553814908257,0.11128399811491885,0.08322705875489393,0.0787258050809102,0.08754083856311,0.07668680006765427,0.30096733397518766,0.16163262729424266
327,327.0,328.817227012189,0.10008460640218989,0.11188926194079675,0.08272199194282924,0.07860741125880799,0.0869262629657877,0.0765916473290922,0.30159568426884886,0.16158313389164755
328,328.0,329.815643165498,0.09978533362587641,0.11352783891241104,0.08234325204308288,0.07862642236546759,0.08644555198770948,0.07661119250969452,0.3010534248011375,0.16160698375462074
329,329.0,330.81406127182106,0.09948733236513309,0.11551572623118622,0.08200163662056334,0.07868855065408906,0.08600976913387451,0.07665341322288165,0.30010768200001087,0.16153588977226138
330,330.0,331.81249695479363,0.0996378999254548,0.11788255843366291,0.08214129382621757,0.07923330756803446,0.08606322386484129,0.07716006415270768,0.2956127060712662,0.1622689461578152
331,331.0,332.8109640999211,0.09979067374913181,0.12003163757431104,0.08231269982517166,0.07980698267563192,0.08615645787481997,0.07767963576821045,0.291303505222088,0.16291840731063537
332,332.0,333.80947488953655,0.10034390547159182,0.12168486978952861,0.08251096567810606,0.08040094740644028,0.08628456089580958,0.07820564028466725,0.2870829723313896,0.163486138142467
