Total_iterations,Unnamed: 0.1,Intertwine_two,Invert_path_vertices,Insert_inside_vertex,Delete_inside_vertex,Replace_inside_vertex,Donate_between_routes,Trim_one_terminal_cb,Grow_one_terminal_cb
0,0.0,0.125,0.125,0.125,0.125,0.125,0.125,0.125,0.125
1,1.0,0.125,0.125,0.125,0.125,0.125,0.125,0.125,0.125
2,2.0,0.125,0.125,0.125,0.125,0.125,0.125,0.125,0.125
3,3.0,0.125,0.125,0.125,0.125,0.125,0.125,0.125,0.125
4,4.0,0.125,0.125,0.125,0.125,0.125,0.125,0.125,0.125
5,5.0,0.125,0.125,0.125,0.125,0.125,0.125,0.125,0.125
6,6.0,0.125,0.125,0.125,0.125,0.125,0.125,0.125,0.125
7,7.0,0.125,0.125,0.125,0.125,0.125,0.125,0.125,0.125
8,8.0,0.125,0.125,0.125,0.125,0.125,0.125,0.125,0.125
9,9.0,0.125,0.125,0.125,0.125,0.125,0.125,0.125,0.125
10,10.0,0.125,0.125,0.125,0.125,0.125,0.125,0.125,0.125
11,11.0,0.125,0.125,0.125,0.125,0.125,0.125,0.125,0.125
12,12.0,0.125,0.125,0.125,0.125,0.125,0.125,0.125,0.125
13,13.0,0.125,0.125,0.125,0.125,0.125,0.125,0.125,0.125
14,14.0,0.125,0.125,0.125,0.125,0.125,0.125,0.125,0.125
15,15.0,0.125,0.125,0.125,0.125,0.125,0.125,0.125,0.125
16,16.0,0.125,0.125,0.125,0.125,0.125,0.125,0.125,0.125
17,17.0,0.125,0.125,0.125,0.125,0.125,0.125,0.125,0.125
18,18.0,0.125,0.125,0.125,0.125,0.125,0.125,0.125,0.125
19,19.0,0.125,0.125,0.125,0.125,0.125,0.125,0.125,0.125
20,20.0,0.125,0.125,0.125,0.125,0.125,0.125,0.125,0.125
21,21.0,0.125,0.125,0.125,0.125,0.125,0.125,0.125,0.125
22,22.0,0.125,0.125,0.125,0.125,0.125,0.125,0.125,0.125
23,23.0,0.125,0.125,0.125,0.125,0.125,0.125,0.125,0.125
24,24.0,0.125,0.125,0.125,0.125,0.125,0.125,0.125,0.125
25,25.0,0.125,0.125,0.125,0.125,0.125,0.125,0.125,0.125
26,26.0,0.125,0.125,0.125,0.125,0.125,0.125,0.125,0.125
27,27.0,0.125,0.125,0.125,0.125,0.125,0.125,0.125,0.125
28,28.0,0.125,0.125,0.125,0.125,0.125,0.125,0.125,0.125
29,29.0,0.125,0.125,0.125,0.125,0.125,0.125,0.125,0.125
30,30.0,0.125,0.125,0.125,0.125,0.125,0.125,0.125,0.125
31,31.0,0.125,0.125,0.125,0.125,0.125,0.125,0.125,0.125
32,32.0,0.125,0.125,0.125,0.125,0.125,0.125,0.125,0.125
33,33.0,0.125,0.125,0.125,0.125,0.125,0.125,0.125,0.125
34,34.0,0.125,0.125,0.125,0.125,0.125,0.125,0.125,0.125
35,35.0,0.125,0.125,0.125,0.125,0.125,0.125,0.125,0.125
36,36.0,0.125,0.125,0.125,0.125,0.125,0.125,0.125,0.125
37,37.0,0.125,0.125,0.125,0.125,0.125,0.125,0.125,0.125
38,38.0,0.125,0.125,0.125,0.125,0.125,0.125,0.125,0.125
39,39.0,0.125,0.125,0.125,0.125,0.125,0.125,0.125,0.125
40,40.0,0.125,0.125,0.125,0.125,0.125,0.125,0.125,0.125
41,41.0,0.125,0.125,0.125,0.125,0.125,0.125,0.125,0.125
42,42.0,0.125,0.125,0.125,0.125,0.125,0.125,0.125,0.125
43,43.0,0.125,0.125,0.125,0.125,0.125,0.125,0.125,0.125
44,44.0,0.125,0.125,0.125,0.125,0.125,0.125,0.125,0.125
45,45.0,0.125,0.125,0.125,0.125,0.125,0.125,0.125,0.125
46,46.0,0.125,0.125,0.125,0.125,0.125,0.125,0.125,0.125
47,47.0,0.125,0.125,0.125,0.125,0.125,0.125,0.125,0.125
48,48.0,0.125,0.125,0.125,0.125,0.125,0.125,0.125,0.125
49,49.0,0.125,0.125,0.125,0.125,0.125,0.125,0.125,0.125
50,50.0,0.125,0.125,0.125,0.125,0.125,0.125,0.125,0.125
51,51.0,0.125,0.125,0.125,0.125,0.125,0.125,0.125,0.125
52,52.0,0.125,0.125,0.125,0.125,0.125,0.125,0.125,0.125
53,53.0,0.125,0.125,0.125,0.125,0.125,0.125,0.125,0.125
54,54.0,0.125,0.125,0.125,0.125,0.125,0.125,0.125,0.125
55,55.0,0.125,0.125,0.125,0.125,0.125,0.125,0.125,0.125
56,56.0,0.125,0.125,0.125,0.125,0.125,0.125,0.125,0.125
57,57.0,0.125,0.125,0.125,0.125,0.125,0.125,0.125,0.125
58,58.0,0.125,0.125,0.125,0.125,0.125,0.125,0.125,0.125
59,59.0,0.125,0.125,0.125,0.125,0.125,0.125,0.125,0.125
60,60.0,0.125,0.125,0.125,0.125,0.125,0.125,0.125,0.125
61,61.0,0.125,0.125,0.125,0.125,0.125,0.125,0.125,0.125
62,62.0,0.125,0.125,0.125,0.125,0.125,0.125,0.125,0.125
63,63.0,0.125,0.125,0.125,0.125,0.125,0.125,0.125,0.125
64,64.0,0.125,0.125,0.125,0.125,0.125,0.125,0.125,0.125
65,65.0,0.125,0.125,0.125,0.125,0.125,0.125,0.125,0.125
66,66.0,0.125,0.125,0.125,0.125,0.125,0.125,0.125,0.125
67,67.0,0.125,0.125,0.125,0.125,0.125,0.125,0.125,0.125
68,68.0,0.125,0.125,0.125,0.125,0.125,0.125,0.125,0.125
69,69.0,0.125,0.125,0.125,0.125,0.125,0.125,0.125,0.125
70,70.0,0.125,0.125,0.125,0.125,0.125,0.125,0.125,0.125
71,71.0,0.125,0.125,0.125,0.125,0.125,0.125,0.125,0.125
72,72.0,0.125,0.125,0.125,0.125,0.125,0.125,0.125,0.125
73,73.0,0.125,0.125,0.125,0.125,0.125,0.125,0.125,0.125
74,74.0,0.125,0.125,0.125,0.125,0.125,0.125,0.125,0.125
75,75.0,0.125,0.125,0.125,0.125,0.125,0.125,0.125,0.125
76,76.0,0.125,0.125,0.125,0.125,0.125,0.125,0.125,0.125
77,77.0,0.125,0.125,0.125,0.125,0.125,0.125,0.125,0.125
78,78.0,0.125,0.125,0.125,0.125,0.125,0.125,0.125,0.125
79,79.0,0.125,0.125,0.125,0.125,0.125,0.125,0.125,0.125
80,80.0,0.125,0.125,0.125,0.125,0.125,0.125,0.125,0.125
81,81.0,0.125,0.125,0.125,0.125,0.125,0.125,0.125,0.125
82,82.0,0.125,0.125,0.125,0.125,0.125,0.125,0.125,0.125
83,83.0,0.125,0.125,0.125,0.125,0.125,0.125,0.125,0.125
84,84.0,0.125,0.125,0.125,0.125,0.125,0.125,0.125,0.125
85,85.0,0.125,0.125,0.125,0.125,0.125,0.125,0.125,0.125
86,86.0,0.125,0.125,0.125,0.125,0.125,0.125,0.125,0.125
87,87.0,0.125,0.125,0.125,0.125,0.125,0.125,0.125,0.125
88,88.0,0.125,0.125,0.125,0.125,0.125,0.125,0.125,0.125
89,89.0,0.125,0.125,0.125,0.125,0.125,0.125,0.125,0.125
90,90.0,0.125,0.125,0.125,0.125,0.125,0.125,0.125,0.125
91,91.0,0.125,0.125,0.125,0.125,0.125,0.125,0.125,0.125
92,92.0,0.125,0.125,0.125,0.125,0.125,0.125,0.125,0.125
93,93.0,0.125,0.125,0.125,0.125,0.125,0.125,0.125,0.125
94,94.0,0.125,0.125,0.125,0.125,0.125,0.125,0.125,0.125
95,95.0,0.125,0.125,0.125,0.125,0.125,0.125,0.125,0.125
96,96.0,0.125,0.125,0.125,0.125,0.125,0.125,0.125,0.125
97,97.0,0.125,0.125,0.125,0.125,0.125,0.125,0.125,0.125
98,98.0,0.125,0.125,0.125,0.125,0.125,0.125,0.125,0.125
99,99.0,0.125,0.125,0.125,0.125,0.125,0.125,0.125,0.125
100,100.0,0.125,0.125,0.125,0.125,0.125,0.125,0.125,0.125
101,101.0,0.125,0.125,0.125,0.125,0.125,0.125,0.125,0.125
102,102.0,0.125,0.125,0.125,0.125,0.125,0.125,0.125,0.125
103,103.0,0.125,0.125,0.125,0.125,0.125,0.125,0.125,0.125
104,104.0,0.125,0.125,0.125,0.125,0.125,0.125,0.125,0.125
105,105.0,0.125,0.125,0.125,0.125,0.125,0.125,0.125,0.125
106,106.0,0.125,0.125,0.125,0.125,0.125,0.125,0.125,0.125
107,107.0,0.125,0.125,0.125,0.125,0.125,0.125,0.125,0.125
108,108.0,0.125,0.125,0.125,0.125,0.125,0.125,0.125,0.125
109,109.0,0.125,0.125,0.125,0.125,0.125,0.125,0.125,0.125
110,110.0,0.125,0.125,0.125,0.125,0.125,0.125,0.125,0.125
111,111.0,0.125,0.125,0.125,0.125,0.125,0.125,0.125,0.125
112,112.0,0.125,0.125,0.125,0.125,0.125,0.125,0.125,0.125
113,113.0,0.125,0.125,0.125,0.125,0.125,0.125,0.125,0.125
114,114.0,0.125,0.125,0.125,0.125,0.125,0.125,0.125,0.125
115,115.0,0.125,0.125,0.125,0.125,0.125,0.125,0.125,0.125
116,116.0,0.125,0.125,0.125,0.125,0.125,0.125,0.125,0.125
117,117.0,0.125,0.125,0.125,0.125,0.125,0.125,0.125,0.125
118,118.0,0.125,0.125,0.125,0.125,0.125,0.125,0.125,0.125
119,119.0,0.125,0.125,0.125,0.125,0.125,0.125,0.125,0.125
120,120.0,0.125,0.125,0.125,0.125,0.125,0.125,0.125,0.125
121,121.0,0.125,0.125,0.125,0.125,0.125,0.125,0.125,0.125
122,122.0,0.125,0.125,0.125,0.125,0.125,0.125,0.125,0.125
123,123.0,0.125,0.125,0.125,0.125,0.125,0.125,0.125,0.125
124,124.0,0.125,0.125,0.125,0.125,0.125,0.125,0.125,0.125
125,125.0,0.125,0.125,0.125,0.125,0.125,0.125,0.125,0.125
126,126.0,0.125,0.125,0.125,0.125,0.125,0.125,0.125,0.125
127,127.0,0.125,0.125,0.125,0.125,0.125,0.125,0.125,0.125
128,128.0,0.125,0.125,0.125,0.125,0.125,0.125,0.125,0.125
129,129.0,0.125,0.125,0.125,0.125,0.125,0.125,0.125,0.125
130,130.0,0.125,0.125,0.125,0.125,0.125,0.125,0.125,0.125
131,131.0,0.125,0.125,0.125,0.125,0.125,0.125,0.125,0.125
132,132.0,0.125,0.125,0.125,0.125,0.125,0.125,0.125,0.125
133,133.0,0.125,0.125,0.125,0.125,0.125,0.125,0.125,0.125
134,134.0,0.125,0.125,0.125,0.125,0.125,0.125,0.125,0.125
135,135.0,0.125,0.125,0.125,0.125,0.125,0.125,0.125,0.125
136,136.0,0.125,0.125,0.125,0.125,0.125,0.125,0.125,0.125
137,137.0,0.125,0.125,0.125,0.125,0.125,0.125,0.125,0.125
138,138.0,0.125,0.125,0.125,0.125,0.125,0.125,0.125,0.125
139,139.0,0.125,0.125,0.125,0.125,0.125,0.125,0.125,0.125
140,140.0,0.125,0.125,0.125,0.125,0.125,0.125,0.125,0.125
141,141.0,0.125,0.125,0.125,0.125,0.125,0.125,0.125,0.125
142,142.0,0.125,0.125,0.125,0.125,0.125,0.125,0.125,0.125
143,143.0,0.125,0.125,0.125,0.125,0.125,0.125,0.125,0.125
144,144.0,0.125,0.125,0.125,0.125,0.125,0.125,0.125,0.125
145,145.0,0.125,0.125,0.125,0.125,0.125,0.125,0.125,0.125
146,146.0,0.125,0.125,0.125,0.125,0.125,0.125,0.125,0.125
147,147.0,0.125,0.125,0.125,0.125,0.125,0.125,0.125,0.125
148,148.0,0.125,0.125,0.125,0.125,0.125,0.125,0.125,0.125
149,149.0,0.125,0.125,0.125,0.125,0.125,0.125,0.125,0.125
150,150.0,0.125,0.125,0.125,0.125,0.125,0.125,0.125,0.125
151,151.0,0.125,0.125,0.125,0.125,0.125,0.125,0.125,0.125
152,152.0,0.125,0.125,0.125,0.125,0.125,0.125,0.125,0.125
153,153.0,0.125,0.125,0.125,0.125,0.125,0.125,0.125,0.125
154,154.0,0.125,0.125,0.125,0.125,0.125,0.125,0.125,0.125
155,155.0,0.125,0.125,0.125,0.125,0.125,0.125,0.125,0.125
156,156.0,0.125,0.125,0.125,0.125,0.125,0.125,0.125,0.125
157,157.0,0.125,0.125,0.125,0.125,0.125,0.125,0.125,0.125
158,158.0,0.125,0.125,0.125,0.125,0.125,0.125,0.125,0.125
159,159.0,0.125,0.125,0.125,0.125,0.125,0.125,0.125,0.125
160,160.0,0.125,0.125,0.125,0.125,0.125,0.125,0.125,0.125
161,161.0,0.125,0.125,0.125,0.125,0.125,0.125,0.125,0.125
162,162.0,0.125,0.125,0.125,0.125,0.125,0.125,0.125,0.125
163,163.0,0.125,0.125,0.125,0.125,0.125,0.125,0.125,0.125
164,164.0,0.125,0.125,0.125,0.125,0.125,0.125,0.125,0.125
165,165.0,0.125,0.125,0.125,0.125,0.125,0.125,0.125,0.125
166,166.0,0.125,0.125,0.125,0.125,0.125,0.125,0.125,0.125
167,167.0,0.125,0.125,0.125,0.125,0.125,0.125,0.125,0.125
168,168.0,0.125,0.125,0.125,0.125,0.125,0.125,0.125,0.125
169,169.0,0.125,0.125,0.125,0.125,0.125,0.125,0.125,0.125
170,170.0,0.125,0.125,0.125,0.125,0.125,0.125,0.125,0.125
171,171.0,0.125,0.125,0.125,0.125,0.125,0.125,0.125,0.125
172,172.0,0.125,0.125,0.125,0.125,0.125,0.125,0.125,0.125
173,173.0,0.125,0.125,0.125,0.125,0.125,0.125,0.125,0.125
174,174.0,0.125,0.125,0.125,0.125,0.125,0.125,0.125,0.125
175,175.0,0.125,0.125,0.125,0.125,0.125,0.125,0.125,0.125
176,176.0,0.125,0.125,0.125,0.125,0.125,0.125,0.125,0.125
177,177.0,0.125,0.125,0.125,0.125,0.125,0.125,0.125,0.125
178,178.0,0.125,0.125,0.125,0.125,0.125,0.125,0.125,0.125
179,179.0,0.125,0.125,0.125,0.125,0.125,0.125,0.125,0.125
180,180.0,0.125,0.125,0.125,0.125,0.125,0.125,0.125,0.125
181,181.0,0.125,0.125,0.125,0.125,0.125,0.125,0.125,0.125
182,182.0,0.125,0.125,0.125,0.125,0.125,0.125,0.125,0.125
183,183.0,0.125,0.125,0.125,0.125,0.125,0.125,0.125,0.125
184,184.0,0.125,0.125,0.125,0.125,0.125,0.125,0.125,0.125
185,185.0,0.125,0.125,0.125,0.125,0.125,0.125,0.125,0.125
186,186.0,0.125,0.125,0.125,0.125,0.125,0.125,0.125,0.125
187,187.0,0.125,0.125,0.125,0.125,0.125,0.125,0.125,0.125
188,188.0,0.125,0.125,0.125,0.125,0.125,0.125,0.125,0.125
189,189.0,0.125,0.125,0.125,0.125,0.125,0.125,0.125,0.125
190,190.0,0.125,0.125,0.125,0.125,0.125,0.125,0.125,0.125
191,191.0,0.125,0.125,0.125,0.125,0.125,0.125,0.125,0.125
192,192.0,0.125,0.125,0.125,0.125,0.125,0.125,0.125,0.125
193,193.0,0.125,0.125,0.125,0.125,0.125,0.125,0.125,0.125
194,194.0,0.125,0.125,0.125,0.125,0.125,0.125,0.125,0.125
195,195.0,0.125,0.125,0.125,0.125,0.125,0.125,0.125,0.125
196,196.0,0.125,0.125,0.125,0.125,0.125,0.125,0.125,0.125
197,197.0,0.125,0.125,0.125,0.125,0.125,0.125,0.125,0.125
198,198.0,0.125,0.125,0.125,0.125,0.125,0.125,0.125,0.125
199,199.0,0.125,0.125,0.125,0.125,0.125,0.125,0.125,0.125
200,200.0,0.125,0.125,0.125,0.125,0.125,0.125,0.125,0.125
201,201.0,0.125,0.125,0.125,0.125,0.125,0.125,0.125,0.125
202,202.0,0.1248611111111111,0.1248611111111111,0.1248611111111111,0.1248611111111111,0.1248611111111111,0.1248611111111111,0.1259722222222222,0.1248611111111111
203,203.0,0.1247236111111111,0.1247236111111111,0.1247236111111111,0.1247236111111111,0.1247236111111111,0.1247236111111111,0.1269347222222222,0.1247236111111111
204,204.0,0.1245887361111111,0.1245887361111111,0.1245887361111111,0.1245887361111111,0.1245887361111111,0.1245887361111111,0.1278788472222222,0.1245887361111111
205,205.0,0.1242075723611111,0.1242075723611111,0.1242075723611111,0.1253186834722222,0.1242075723611111,0.1242075723611111,0.1294358823611111,0.1242075723611111
206,206.0,0.1236037623938131,0.1236037623938131,0.1236037623938131,0.1258148735049242,0.1236037623938131,0.1236037623938131,0.132562552132197,0.1236037623938131
207,207.0,0.1229001339682301,0.1230065169469535,0.1229001339682301,0.1261902450793412,0.1239048621006178,0.1227937509895067,0.1355106059576139,0.1227937509895067
208,208.0,0.122139011468476,0.1223507135961355,0.122139011468476,0.1264784325795871,0.1241384204519275,0.1219273093408164,0.138899791753765,0.1219273093408164
209,209.0,0.1223741595673695,0.1215780590945563,0.1212630484562584,0.1266145654673695,0.1242381489290716,0.1209480378179605,0.1420359428494536,0.1209480378179605
210,210.0,0.122628599724057,0.1208329651023075,0.1204174886129459,0.126737487875057,0.1243414332346952,0.1200020121235841,0.1450380012037691,0.1200020121235841
211,211.0,0.1228978583311921,0.1201201265083788,0.119607747220081,0.1268472916265821,0.1244468849428942,0.1190953679317831,0.1478893555073057,0.1190953679317831
212,212.0,0.1232055130390648,0.1195822065659079,0.1187573962757798,0.1268632469792781,0.1244699765521106,0.1182586729421734,0.150604314703512,0.1182586729421734
213,213.0,0.1235196708172573,0.1190822082428463,0.1179518494583201,0.1268674284331918,0.1244936437759471,0.1174704037172721,0.1531443918378935,0.1174704037172721
214,214.0,0.1227254286698443,0.1186213393604836,0.1171946818231921,0.1279720826747736,0.1245175923807032,0.1167336003728572,0.1555016743452887,0.1167336003728572
215,215.0,0.1218304578997496,0.1180891845524625,0.1173775160174031,0.1288338936606186,0.1244304436311284,0.1159393732432132,0.1575597577522114,0.1159393732432132
216,216.0,0.1209537810769422,0.117598193959429,0.1176045235160769,0.1285574164953308,0.1243441787501515,0.1163125180892706,0.1594279811346395,0.1152014069781595
217,217.0,0.1200114264840125,0.1170582519749056,0.1185962896410532,0.1280774265838583,0.1241686629088134,0.1166416571740895,0.1610157391702891,0.1144305460629784
218,218.0,0.1190254460499624,0.1164857137639472,0.1193846026866339,0.1274311963120554,0.1239206369676241,0.1177672936223396,0.1623412614195422,0.1136438491778952
219,219.0,0.1180782439814264,0.1159577461494886,0.1201864702848482,0.1267781756550369,0.1236780140141626,0.118916703151377,0.1634856980567277,0.1129189487069326
220,220.0,0.1171754144625385,0.1154751717480245,0.1209925183044505,0.1261255738578946,0.1234426799791906,0.1200760143578327,0.1633446021655694,0.1133680251244993
221,221.0,0.1161826596446337,0.1148993880933811,0.1216553793342172,0.1272854306081677,0.12307737042232,0.1202604217396779,0.1629090490689244,0.1137303010886779
222,222.0,0.1152438996057929,0.1143704739474229,0.1223077434628341,0.128439901483612,0.1227237359913094,0.1204405716055554,0.1623378400183078,0.1141358338851654
223,223.0,0.1145767976821733,0.114102706714416,0.1230296068246001,0.1296634504484261,0.1222559403896778,0.1208287634220784,0.1585305945799647,0.1170121399386635
224,224.0,0.1139136063342362,0.1138253966281428,0.1246761537319356,0.1306951759622665,0.1224098579102838,0.1211530583287642,0.1546017360997986,0.1187250150045722
225,225.0,0.1131989058562321,0.1134806105131319,0.1260645797873396,0.1315811836523328,0.1224667109106305,0.1213549425058693,0.1515410539051329,0.1203120128693309
226,226.0,0.1124540850750388,0.1130876347424982,0.1265107089193474,0.1330505618474783,0.1224447282218311,0.1214537290936715,0.1492196099166368,0.1217789421834978
227,227.0,0.1117714224106052,0.1127370362213284,0.126910803035472,0.1333581296430936,0.1224338314215065,0.1226516692781524,0.1469321492990329,0.1232049586908088
228,228.0,0.1122626397890108,0.112428083209888,0.1272654646961405,0.1336169924011756,0.1217187351745268,0.1234300429009739,0.1446981483214081,0.1245798935068761
229,229.0,0.1128017428008719,0.1121739092693018,0.128445397833503,0.1335814922422843,0.1208806234274459,0.1239387619313167,0.1424132597394015,0.1257648127558748
230,230.0,0.1130523294791042,0.1118538975290671,0.1301760211212272,0.1334850393310375,0.1205654521516001,0.1241103588817449,0.1390884693696684,0.1276684321365505
231,231.0,0.1130797622963364,0.1114055689010188,0.1316003015159346,0.1331098434472066,0.120107454096273,0.1240103540134627,0.1374503159620918,0.129236399767676
232,232.0,0.1130737979282117,0.110932135796116,0.13347755889242,0.1325775075368651,0.1196113893558635,0.1237568842470006,0.1359164094779123,0.1306543167656107
233,233.0,0.1121703986431669,0.1113875780943992,0.1343503312862312,0.1320124247078657,0.1191316886846899,0.1234698499749078,0.135395450158935,0.1320822784498041
234,234.0,0.1112252008113121,0.1117985577425572,0.1350635896964792,0.1313585888869645,0.1186065810891405,0.1230917492839969,0.1355936663128519,0.1332620661766976
235,235.0,0.1102559155197261,0.1121694904632001,0.1356302321914973,0.1306354929856397,0.1180499375916875,0.1226395490771382,0.1356352934289696,0.1349840887421415
236,236.0,0.110046622389276,0.1125583639295653,0.1361169462455506,0.1293156430930892,0.1175281705251882,0.1220679310869516,0.135766343370676,0.1365999793597032
237,237.0,0.1104519865637241,0.1129118762847978,0.1364316194669568,0.1279160838791181,0.1169001527743551,0.1214027634522959,0.1359289443083761,0.1380565732703762
238,238.0,0.1108215839204141,0.113311984491518,0.1366073229516424,0.1264764894477847,0.1162446604728628,0.1206790665588402,0.1359257180749793,0.1399331740819584
239,239.0,0.1112188523000775,0.113714838933528,0.1367162271251874,0.1250764653004826,0.1156310264855468,0.1199699607881538,0.1359851884308035,0.1416874406362204
240,240.0,0.1114505439801125,0.1139296285063706,0.1365774149404623,0.1235395467137736,0.1148746933843546,0.1190945701491586,0.1368822370451145,0.1436513652806532
241,241.0,0.1116987568565387,0.1141408689440914,0.1354758123889076,0.1220626494603228,0.114165351554543,0.1182461341779327,0.1389316752884601,0.1452787513292037
242,242.0,0.1117371344587304,0.114124580533603,0.1341146741286816,0.1214323181571165,0.1132831730650499,0.1172082195451892,0.1415533253710589,0.1465465747405706
243,243.0,0.1117862765380892,0.1141036790438314,0.1327335651132534,0.1208701995221623,0.1124542633667382,0.1162101532634071,0.1441637496081597,0.1476781135443585
244,244.0,0.1115984031048928,0.1139462590400267,0.131215717750722,0.120242517717409,0.1115490089198972,0.1151253554027326,0.1479462996752745,0.1483764383890452
245,245.0,0.1113523332938943,0.1135997690795889,0.1295311445469033,0.1194110801713806,0.1105252569413287,0.1139145072971419,0.1511569904339131,0.1505089182358493
246,246.0,0.1111178642949166,0.1132549671660592,0.1278737060038682,0.1186478863331542,0.1095654368898951,0.1127626646380866,0.1542722032566726,0.1525052714173474
247,247.0,0.1108961807167473,0.1129151325138823,0.1262572630409688,0.117953743770332,0.1086727537733972,0.1115630857569419,0.1573826933594752,0.1543591470682553
248,248.0,0.1105607172980392,0.1124506694305936,0.1245701222931243,0.1172390356402084,0.1077256624928103,0.1103111538629884,0.1614254563119973,0.1557171826702383
249,249.0,0.1108493057590401,0.111837048104936,0.122786722492567,0.1163686659766589,0.1066895723236085,0.1089739975272001,0.1659849505296448,0.1565097372863444
250,250.0,0.1111052519342181,0.1111913411688753,0.1210390911455933,0.1155267225379316,0.105798201769255,0.1076792993613591,0.1706564604033087,0.1570036316794586
251,251.0,0.1112325572937002,0.11048585161545,0.1192960727752598,0.1146759249930744,0.1049020365298525,0.1063896066839751,0.1751776736642553,0.1578402764444323
252,252.0,0.1111914055008961,0.1096803737355339,0.1175213974012089,0.1137174828068071,0.1039572788599031,0.1050640770065796,0.1815973753648512,0.1572706093242198
253,253.0,0.1121440754339841,0.1097200090926233,0.1144695522361276,0.1139945637129521,0.1018143744402999,0.1024531240845224,0.1876806754882814,0.1577236255112089
254,254.0,0.1130093465439571,0.1098273805407132,0.1115631430314604,0.1143643396094265,0.0996767395086971,0.0999733006515091,0.1934829428709212,0.1581028072433152
255,255.0,0.1144115972918042,0.1098776762668228,0.1087240223461991,0.1146725667624423,0.0975714566274983,0.0975470949920074,0.1989347229792649,0.1582608627339607
256,256.0,0.1157701373760572,0.109931249033215,0.1060211355140423,0.1150093479446127,0.0955636263992616,0.0952395667685418,0.2042234002651431,0.158241536699126
257,257.0,0.1170753901433924,0.1099868730893568,0.1034675256991604,0.11536809762236,0.0936632195421326,0.0929504500897917,0.2093163837451901,0.1581720600686157
258,258.0,0.1185756574388538,0.1101075050144298,0.1012016218107953,0.1150375186288363,0.0919422157362897,0.0908645129167911,0.2142506462985216,0.1580203221554819
259,259.0,0.1194695527597919,0.1103166322484849,0.0991908145336812,0.1148133518596061,0.0904310792608573,0.0890134912168895,0.2201001268346855,0.1566649512860031
260,260.0,0.1193460657627411,0.11063366095613,0.0973489381362,0.1146064336166683,0.0890431706042846,0.0881449728498453,0.225674642897371,0.1552021151767594
261,261.0,0.1192554391381195,0.1109234631731417,0.095666118774343,0.1144032667073607,0.087768646551231,0.0874104351484649,0.2309333673555483,0.1536392631517906
262,262.0,0.1191184647708608,0.1112156285889368,0.0941642527918988,0.1142286793233436,0.0866298877356077,0.0868226014747304,0.235748755558205,0.1520717297564165
263,263.0,0.1179979237356778,0.1115069992294789,0.0928402635107506,0.1149148927192617,0.0856247052218279,0.0863726797626146,0.2402268773587567,0.1505156584616314
264,264.0,0.116852279208616,0.1117947408658881,0.092403888867866,0.115618964683162,0.0847497932048451,0.0860513780330768,0.2435434913662215,0.1489854637703242
265,265.0,0.1156954979841337,0.1120763389822134,0.0911846505597669,0.1171654019719408,0.0840008737551493,0.0858490473051545,0.2464244393626908,0.1476037500789503
266,266.0,0.1143644373683937,0.1122378703375785,0.0899625877756162,0.1184645769402957,0.0840303459680179,0.0855799896101413,0.2492489473337681,0.1461112446661883
267,267.0,0.1130480776649209,0.112390275745075,0.0888936101842671,0.1197441581365195,0.0841683177133077,0.0854118099799381,0.25166639222426,0.1446773583517113
268,268.0,0.1116592112806223,0.112553700766172,0.087982867052121,0.1210067401392942,0.0844135483313125,0.0852335383018019,0.2537116209116351,0.1434387732170407
269,269.0,0.1103079885364343,0.1127067278706172,0.0872148511557878,0.122229309135849,0.0847429695186908,0.085140274189615,0.2553849192128478,0.1422729603801579
270,270.0,0.1088930461846768,0.1128488665790311,0.0865829699306495,0.1234036407368404,0.0851448680066314,0.0851244495279043,0.2567067471835021,0.1412954118507641
271,271.0,0.1076718103715289,0.1130274033915519,0.0860858811027905,0.1239454344134338,0.0856555961278177,0.0852260976658585,0.2592347478626617,0.1391530290643567
272,272.0,0.1064186704203088,0.1131464369391675,0.0856621001302852,0.1243845498308269,0.0861686874472372,0.0853419786516551,0.2618218334964939,0.1370557430840249
273,273.0,0.1052902348438434,0.1133087567695425,0.0854065635939736,0.1248248932174161,0.0867768042885224,0.0855675399473024,0.2638864710386121,0.1349387363007872
274,274.0,0.1041523290546746,0.1134170892170167,0.0852136805765188,0.1251706165033353,0.0873730410919936,0.0857982360697783,0.2659797991526513,0.1328952083340309
275,275.0,0.1030768945165799,0.1134978650800209,0.0851012299408253,0.1254498398504079,0.0879747388780128,0.0860533619597906,0.2679318616541253,0.1309142081202369
276,276.0,0.1019945101776693,0.1135158686920908,0.0850251293887925,0.1259996278231368,0.0885381710041838,0.0862907598154042,0.2696650003599529,0.1289709327387692
277,277.0,0.1009303323676981,0.1134904262517517,0.0849957339271273,0.1264673217554484,0.0890747587247823,0.0870786130266111,0.2708300809383568,0.127132733008224
278,278.0,0.0999520057412837,0.1134555485533538,0.0850380787661154,0.1268858658767671,0.0896112323678654,0.0878834092904457,0.2717369642786485,0.1254368951255202
279,279.0,0.0990022489141708,0.113383288133605,0.0851153266612198,0.1277530657503709,0.0901129988386719,0.0886369268068431,0.2721392433764993,0.1238569015186189
280,280.0,0.0981786115656097,0.113369014959747,0.0853141239187868,0.1267881110750225,0.0906694202806306,0.0894276673662922,0.2737651740469929,0.122487876786918
281,281.0,0.0973037402219369,0.1132342204529188,0.0854474750439842,0.1256472525894405,0.0910966143961961,0.0900710233595996,0.2760501122317196,0.1211495617042039
282,282.0,0.0969274377320312,0.1130739064230875,0.0856021928703985,0.1244408745408894,0.0914848337084539,0.0906566849648318,0.2778801995723006,0.1199338701880069
283,283.0,0.0965741918277355,0.1128919456364823,0.0857743112232746,0.1231870280134131,0.0918338111782428,0.0911840003520052,0.279714297298378,0.1188404144704679
284,284.0,0.0962985889933264,0.1127101089379117,0.0859781554277026,0.1219385714427085,0.0921617677763767,0.0916891041115838,0.2813380112202285,0.1178856920901614
285,285.0,0.0960956209501593,0.1125302022855578,0.0862085144564828,0.1207074503988055,0.0924675260240397,0.0917343837600356,0.283190925187752,0.1170653769371671
286,286.0,0.0959057060734546,0.1123357157992934,0.0864423172948632,0.1194680106554049,0.0927321322317733,0.0917385573177858,0.2850214451291696,0.1163561154982548
287,287.0,0.0957283512388114,0.1121296900085318,0.0866765192146595,0.1182327538422094,0.0929566932226526,0.0917053313394866,0.2868171284360835,0.1157535326975648
288,288.0,0.0954240312553274,0.1117760655973567,0.0867694647842587,0.1168739561146723,0.0930036944041806,0.0914995045342522,0.289154954930328,0.1154983283796237
289,289.0,0.0953192550684906,0.1115762155949982,0.0863924271060613,0.1157144826184262,0.0931734986685541,0.0914234721759056,0.2915304089513045,0.114870239816259
290,290.0,0.095294538397427,0.1114161833975205,0.0860580972185513,0.1142750476318564,0.0933515500017673,0.0913644374802638,0.2931583165109734,0.1150818293616399
291,291.0,0.0953158154309629,0.1112672805201033,0.085739240615228,0.1129050679608874,0.0935089361572969,0.0912949840017056,0.2945843326670482,0.1153843426467673
292,292.0,0.0952671629171919,0.1110187719484036,0.085326387422595,0.1115001867595576,0.0935350386802449,0.0911057370421972,0.2965921641761053,0.1156545510537042
293,293.0,0.0950893936693157,0.1115255275799909,0.0847663991648428,0.1100112763262496,0.0933760582419734,0.090743901752762,0.2986611269453317,0.1158263163195335
294,294.0,0.0949471970532237,0.1120387716200388,0.0842295892310609,0.1086116286884945,0.0932020929429869,0.0903803553192871,0.3005326000391999,0.1160577651057078
295,295.0,0.0947743352077956,0.1124886202231982,0.0836549053240875,0.107242211479012,0.0929522783582444,0.0899548017564085,0.3026563356430252,0.1162765120082282
296,296.0,0.0945783505271668,0.1128796616998737,0.0830546289330587,0.1059164430798167,0.092639444814916,0.0894804445654428,0.3049666393805428,0.1164843869991822
297,297.0,0.094365346643495,0.1132156978497783,0.0824391535721219,0.1046450477957035,0.0922748540461251,0.0889687391829397,0.3074089308881877,0.1166822300216484
298,298.0,0.0941619910137568,0.1135217043419256,0.0824639893897128,0.1034581377658408,0.0918901631799415,0.0884513729797136,0.3085979694262518,0.1174546719028569
299,299.0,0.0945388424376109,0.1137788788518069,0.0824468469785573,0.1023403883397393,0.0914724839094033,0.0879153404745061,0.3092959294021107,0.1182112896062651
300,300.0,0.0957839420122017,0.1141380056832289,0.0825736566716147,0.1010599184173472,0.0911777647183301,0.0875163414732462,0.3085404141853486,0.1192099568386823
301,301.0,0.0965221205390515,0.1147690077635502,0.0835353404063535,0.098637206483037,0.0915222465603936,0.086659141274148,0.3075122713782814,0.1208426655951846
302,302.0,0.0971253706632523,0.1151988326059749,0.0843459288084551,0.0962315218766134,0.0917670748408218,0.0857266423259487,0.3072504299201689,0.1223541989587649
303,303.0,0.0979799810528841,0.1141973273769669,0.0854175696456929,0.0942177312509357,0.0922722791725574,0.0850882120326239,0.306851404868775,0.1239754945995642
304,304.0,0.098229637785196,0.1130572215690193,0.0864171252633432,0.0922804671113482,0.0927104539043146,0.0844245118287815,0.3066215850705626,0.1262589974674346
305,305.0,0.0984192844453129,0.1123747291819874,0.0873024376244305,0.0904447100268275,0.0930971808249632,0.0837579662837015,0.3062757825700785,0.1283279090426983
306,306.0,0.0985930141322055,0.1109316715867718,0.0881634349104054,0.0887586554210644,0.0934737260047602,0.0831355139453109,0.3066231700153096,0.1303208139841722
307,307.0,0.0987506812463273,0.1095108435724505,0.0889939386559193,0.0872241935922408,0.0938373421659926,0.0825589700163244,0.3068986468449243,0.1322253839058207
308,308.0,0.0993135607950597,0.1081466663585133,0.0897873195511894,0.086363945778387,0.09423193147015,0.0820757545163372,0.3059331145536533,0.13414770697671
309,309.0,0.0996617039891848,0.107330775869985,0.0904562085825225,0.0855645169949508,0.094524446077276,0.0815553621248267,0.3051136395467199,0.1357933468145342
310,310.0,0.0999883131162558,0.1065630359526555,0.09108231142415,0.0849037650048759,0.0947981136891539,0.0810826598330117,0.304256394879373,0.137325406100524
311,311.0,0.1002506088250407,0.1058046422819114,0.0911457885237692,0.0843327629820605,0.0950104156625229,0.0806159389871742,0.3035582537738513,0.1392815889636696
312,312.0,0.1004314897727529,0.1050196894206294,0.0910882843639837,0.0838056912008342,0.095144455813973,0.0801383589236473,0.3026772627115618,0.1416947677926177
313,313.0,0.1006485259074964,0.1041867806287233,0.0907477127817221,0.083386763262336,0.0946354175231155,0.0798463837256743,0.3024729967252419,0.1440754194456903
314,314.0,0.1012925866509641,0.1033357380892808,0.0903010551657322,0.0830003372780698,0.0940373242436455,0.0795232835995206,0.3023836203869439,0.146126054585843
315,315.0,0.1012264715053043,0.103053226326533,0.0896940592932241,0.0825696516203942,0.0944108702608767,0.0791040625645089,0.3015903041216867,0.148351354307472
316,316.0,0.1011233574763651,0.1028033360079234,0.0890636983420946,0.0822177272413766,0.0947703162111714,0.0787172489990523,0.3009148748346077,0.1503894408874089
317,317.0,0.1009869814237925,0.1032084575784206,0.0884179023090233,0.0819389290396927,0.094001940458193,0.0783626181470173,0.3007095183064095,0.1523736527374511
318,318.0,0.1008754274793403,0.1042178051185618,0.0878560500413604,0.0813507685973292,0.0932727537835947,0.0780921798856797,0.3001033870830446,0.1542316280110894
319,319.0,0.1007284168692506,0.1051928219009839,0.0872575414804609,0.0808224559882134,0.0925272170438941,0.0778413072361929,0.2992771955156215,0.1563530439653827
320,320.0,0.1005704458856686,0.1061856323920762,0.0866709883802186,0.0803727700745923,0.0917939011324791,0.077630032883347,0.2989754972685059,0.1578007319831123
321,321.0,0.1003565712281604,0.1071607195922512,0.0860772512017605,0.079974535522243,0.0910551076018256,0.0774327002171969,0.2989369552302335,0.1590061594063287
322,322.0,0.1000940891102606,0.1081098885083825,0.0854827692744765,0.0796263730903454,0.0903185556989477,0.0772496719455182,0.2991378037024673,0.1599808486696017
323,323.0,0.0997899204464489,0.1090259569533438,0.0848932795661527,0.0793264748648041,0.0895911044537272,0.0770810655852111,0.299554918413127,0.160737279717185
324,324.0,0.0998672834830929,0.1099027449090383,0.0843138483712122,0.0790726840264747,0.0888787889320865,0.0769267956279775,0.2997491287322384,0.1612887259178794
325,325.0,0.099908178228066,0.1106208949748537,0.0837584147690204,0.0788796887138499,0.0881925641606004,0.0767980243393558,0.3003035005525121,0.1615387342617414
326,326.0,0.0999355381490825,0.1112839981149188,0.0832270587548939,0.0787258050809102,0.08754083856311,0.0766868000676542,0.3009673339751876,0.1616326272942426
327,327.0,0.1000846064021898,0.1118892619407967,0.0827219919428292,0.0786074112588079,0.0869262629657877,0.0765916473290922,0.3015956842688488,0.1615831338916475
328,328.0,0.0997853336258764,0.113527838912411,0.0823432520430828,0.0786264223654675,0.0864455519877094,0.0766111925096945,0.3010534248011375,0.1616069837546207
329,329.0,0.099487332365133,0.1155157262311862,0.0820016366205633,0.078688550654089,0.0860097691338745,0.0766534132228816,0.3001076820000108,0.1615358897722613
330,330.0,0.0996378999254548,0.1178825584336629,0.0821412938262175,0.0792333075680344,0.0860632238648412,0.0771600641527076,0.2956127060712662,0.1622689461578152
331,331.0,0.0997906737491318,0.120031637574311,0.0823126998251716,0.0798069826756319,0.0861564578748199,0.0776796357682104,0.291303505222088,0.1629184073106353
332,332.0,0.1003439054715918,0.1216848697895286,0.082510965678106,0.0804009474064402,0.0862845608958095,0.0782056402846672,0.2870829723313896,0.163486138142467
333,333.0,0.1008304785241934,0.1232199228343218,0.0827160381257088,0.0808567134003106,0.0864273803811145,0.0787167897514335,0.2833041964519805,0.1639284805309368
334,334.0,0.1023345136857172,0.1248076904097116,0.082784926783778,0.0816194509469061,0.0868963029437366,0.079523744633097,0.2767812762820127,0.1652520943150408
335,335.0,0.1038149819694131,0.1262825012423623,0.082869255783381,0.082380439245092,0.0873836327799217,0.0803184585689552,0.2692101733085595,0.1677405571023152
336,336.0,0.1044922396130314,0.1276276753849936,0.0829534102871408,0.0831190158234998,0.0878694283507241,0.0810809810010026,0.2617078532781404,0.1711493962614673
337,337.0,0.1050334311632568,0.1286042190180548,0.082988536642954,0.0837820065316732,0.0883009555703238,0.0817588762986493,0.2553005891755739,0.1742313855995141
338,338.0,0.105533943432153,0.1294645992143004,0.0830331272887565,0.0844242809362533,0.0887332668883447,0.0824077691090587,0.2499998635473952,0.1764031495837382
339,339.0,0.1071187596661529,0.1300952050426617,0.0830950457202651,0.0850562972534314,0.0891675142804685,0.0830351777502586,0.2452260294037346,0.1772059708830272
340,340.0,0.1094280506872939,0.1305065578960413,0.0830524986154266,0.0855483216207748,0.0894830524054188,0.0835158691439794,0.2407097482622304,0.1777559013688347
341,341.0,0.1133869150261557,0.1308420123275672,0.0830419007830877,0.086034975773757,0.089814139592827,0.0839852508851953,0.2358424582854229,0.1770523473259872
342,342.0,0.1172255711839102,0.1310643034670151,0.083027918937401,0.0864741323566594,0.0901273680601219,0.0844056646185891,0.2314630686470789,0.1762119727292244
343,343.0,0.1208502940812383,0.1311679396970652,0.0829971250239778,0.086851836029909,0.0904077566248427,0.0847637609812382,0.2274151836692949,0.1755461038924337
344,344.0,0.125369882975759,0.1311795558535419,0.0829592057878031,0.0871830175116804,0.0906602397474333,0.0850715099672893,0.2225025269487397,0.1750740612077532
345,345.0,0.1297050740980196,0.1311193215260802,0.082926336697356,0.0874801009501461,0.0908961668847231,0.0853419525683839,0.2179937071530043,0.1745373401222866
346,346.0,0.1338309553140235,0.1309950241063485,0.0828983414289683,0.087743525315252,0.0911148343638694,0.0855761149970067,0.2138934287875641,0.1739477756869673
347,347.0,0.1376855321355698,0.1312309795444377,0.0828333458864512,0.0879323556040163,0.0912741148092284,0.085733616979452,0.2101185071597107,0.1731915478811338
348,348.0,0.1412948892338887,0.131413803000185,0.0827732000526428,0.0880896629211856,0.0914158541197251,0.0858580495405132,0.2067491558119638,0.1724053853198957
349,349.0,0.1453418994547641,0.1322414238817114,0.0834124648594549,0.088911470935192,0.0922348334601854,0.0866459197411625,0.2003062890075681,0.1709056986599614
350,350.0,0.1491173273837318,0.1330160862376237,0.0840498065947571,0.0896981114962119,0.0930301390342082,0.0873980051154345,0.1942866869602325,0.1694038371778
351,351.0,0.1526105769706928,0.1337353392969243,0.0846790441483476,0.0904452349439337,0.0937961851626971,0.0881103632922243,0.1887082192147242,0.1679150369704558
352,352.0,0.155703822442867,0.1336614203475703,0.0851835844517504,0.0910382106440988,0.0944171262178095,0.0892937322984011,0.1844714459072046,0.1662306576902982
353,353.0,0.1585061317570114,0.1335368857799205,0.0856708518269503,0.0915865236144613,0.0950012632963318,0.0904266773609644,0.1806845653269498,0.1645871010374102
354,354.0,0.1610185754357875,0.1333680425014812,0.0861377008930156,0.0920891569982978,0.095546435425138,0.09150291142365,0.1773404570070361,0.1629967203155936
355,355.0,0.1632450156059444,0.1331610098161156,0.0865815049901991,0.0925456524204226,0.0960510873779114,0.0925173432458187,0.1744282848046284,0.1614701017389596
356,356.0,0.16515502351076,0.1327378534619582,0.0869633658685348,0.0929192940169032,0.0964774599468454,0.0933924793215358,0.1718604474182356,0.1604940764552268
357,357.0,0.1667942305330146,0.1322898585459005,0.0873187474764182,0.0932477189896334,0.0968622055799285,0.0941996743352776,0.1696943662107082,0.1595931983291189
358,358.0,0.1689511024685193,0.1317128777621818,0.0875356328137046,0.0934210536401497,0.0970945284033041,0.0948265393319931,0.1678004152651239,0.1586578503150232
359,359.0,0.1717653121450586,0.1302222007209416,0.0877095787715777,0.0937251850657829,0.0973908314303431,0.0952721461534636,0.1654625643222005,0.1584521813906318
360,360.0,0.1742285654597032,0.1287504652699714,0.0878123614675804,0.0939352770000493,0.0976054594780632,0.0955695332470027,0.1633679329508654,0.1587304051267641
361,361.0,0.1764347654131944,0.1272985061137055,0.087890830270505,0.0941070659765793,0.0977832764749166,0.0958043978193277,0.1616100125153457,0.1590711454164257
362,362.0,0.1783875553421124,0.1258788652142359,0.08794663188163,0.0942426644013812,0.0979261853560213,0.0959806434768366,0.160172711126415,0.1594647432013671
363,363.0,0.1800927483496256,0.1245025071548779,0.0879814750040243,0.0943443353453799,0.0980362478441413,0.096102369654436,0.1590383398933039,0.159901976754211
364,364.0,0.1815580521977992,0.1231788672322138,0.0879971070553368,0.0944144548472156,0.0981156479536937,0.0961738110383408,0.1581879495127613,0.1603741101626386
365,365.0,0.1809039138751966,0.1220270211429119,0.0881064039332738,0.0945665879671974,0.0982777690325509,0.0963103928051926,0.1588238680255582,0.1609840432181184
366,366.0,0.1799377078710103,0.120830196853418,0.0880877950752823,0.0945799009011998,0.0993016066618829,0.096293123987917,0.1594688831350104,0.1615007855142793
367,367.0,0.1784299326430701,0.1197048604266463,0.0880542571435351,0.0945681425384806,0.1002907508103486,0.0962375623330995,0.1606860054007281,0.1620284887040916
368,368.0,0.1766728382240235,0.1185534508554742,0.0880249232051708,0.0945685471532305,0.1012517579698844,0.0961653975214881,0.1622909924042201,0.1624720926665083
369,369.0,0.1748082136549783,0.1174815885766597,0.0879840918978338,0.094548745796753,0.1021661510409871,0.0960634372144772,0.1636620118634905,0.1632857599548204
370,370.0,0.1729765693077358,0.1166031485948662,0.0880444323826057,0.0946220681908465,0.1031405586129001,0.0960467916757881,0.1653643058939242,0.1632021253413332
371,371.0,0.1710929236035882,0.1158075730802097,0.0880952240754281,0.0946784687365133,0.1040592351598231,0.0960070958839754,0.1671477240981007,0.1631117553623613
372,372.0,0.1691813131352675,0.1150945313411229,0.0881369139385676,0.0947190756131391,0.1049185670187861,0.0959470518222696,0.1693566902469743,0.1626458568838727
373,373.0,0.1672107404309641,0.1144496729042123,0.0885139106002764,0.0947318346056345,0.1057026678267678,0.0958560672450496,0.1714477239057505,0.1620873824813447
374,374.0,0.1651433153778274,0.113773421674423,0.0887682784934457,0.094620196563281,0.1063120133315802,0.0956389397004326,0.1743204381455814,0.1614233967134286
375,375.0,0.163109397461272,0.1131756794433407,0.0890097368159976,0.0944977175699871,0.1068579856084921,0.0954104547606045,0.1771679377659634,0.1607710905743424
376,376.0,0.1611259751468053,0.1126545727334056,0.0892371619417684,0.0943667065107799,0.1073414622575245,0.0951740330144848,0.1799642692326374,0.160135819162594
