,Unnamed: 0,Generation,Intertwine_two,Add_vertex,Delete_vertex,Invert_path_vertices,Insert_inside_vertex,Delete_inside_vertex,Replace_inside_vertex,Donate_between_routes,Trim_one_terminal_cb,Grow_one_terminal_cb
0,0.0,0.0,0.09999999999999999,0.09999999999999999,0.09999999999999999,0.09999999999999999,0.09999999999999999,0.09999999999999999,0.09999999999999999,0.09999999999999999,0.09999999999999999,0.09999999999999999
1,1.0,1.0,0.11476546200472479,0.09649936541291672,0.0767735943009619,0.11552074379739115,0.10596430291272532,0.09222139710110362,0.10107439577373936,0.093644738515183,0.10547073353520169,0.09806526664605199
2,2.0,2.0,0.10986617477886637,0.09584318214133448,0.07061736544599083,0.10700592699337422,0.10406499544817124,0.10246949883370589,0.11240241900056624,0.09794469686879101,0.09887899977382793,0.10090674071537138
3,3.0,3.0,0.10472487294600175,0.09163542719841498,0.06932046263286144,0.10258175523181115,0.10278417038699406,0.10494600865975381,0.11139154355870887,0.10535714604738952,0.11018146876834531,0.09707714456971858
4,4.0,4.0,0.1129944790737258,0.08608494148509775,0.06884217076647907,0.10804633664317058,0.1084100372628557,0.10353345808991939,0.10422708159179775,0.08949383489264831,0.10990329350555497,0.10846436668875023
5,5.0,5.0,0.10339299211278044,0.08972199387395091,0.07290253473313803,0.11556065396868812,0.10151951212710073,0.10370007678541082,0.1033324512491732,0.0970222458455823,0.10770969020505457,0.10513784909912047
6,6.0,6.0,0.10950812056107606,0.09203548821262567,0.07145850937897041,0.10512440272543351,0.0999573526551938,0.11488350192887535,0.09993056019606557,0.09672099751469945,0.11729642447548545,0.0930846423515743
7,7.0,7.0,0.10018337637756805,0.0842386268959822,0.08266199200501201,0.10172498839321101,0.0996677168852578,0.10995743529945937,0.11074379467625332,0.09488023875987196,0.11443833931301846,0.10150349139436535
8,8.0,8.0,0.10835261629679901,0.09834222498787533,0.07484182189660901,0.10563796175762026,0.09660230821640933,0.10286603408702137,0.10646288488342903,0.10151587367047447,0.10818492599794823,0.09719334820581345
9,9.0,9.0,0.10622755025894107,0.09445003074365907,0.08139540176269104,0.10543473901518981,0.0985073863750343,0.10037854116396797,0.10648656294708807,0.10375409443747378,0.11261928362944287,0.09074640966651155
10,10.0,10.0,0.10688932364657948,0.08646586423277838,0.06929511788488327,0.10677270994378558,0.09018001732181696,0.11254521976305529,0.11106740812203472,0.09806776548720977,0.1131253220032437,0.10559125159461244
11,11.0,11.0,0.10278224669035341,0.08189897235398662,0.0705609838489153,0.11659371036191771,0.08413519498023958,0.11208446729802561,0.11723581057920733,0.08444917996302825,0.12076758122574745,0.10949185269857828
12,12.0,12.0,0.1005066141361064,0.09205420343500728,0.07023016234455574,0.0903798606894334,0.08386325964019056,0.12714283730476214,0.11179397618747329,0.09418420164144742,0.1326305113839867,0.09721437323703656
13,13.0,13.0,0.10294385944597895,0.0836948225370591,0.0711049859381692,0.11105544424092813,0.10356309078568016,0.105446307660135,0.1043060995851846,0.09921679198009534,0.11812934734194216,0.100539250484827
14,14.0,14.0,0.10890796478903611,0.08913986413583155,0.0632292582096492,0.08905754083473046,0.10954428164025895,0.10824175996228506,0.10906254648123806,0.08775978767561624,0.12107102028928154,0.11398597598207232
15,15.0,15.0,0.10600897239378235,0.08509871882140707,0.06463619389776444,0.09821564921060867,0.09852685510579125,0.12142763111572497,0.11009951369320932,0.08878977583607559,0.12900058273441414,0.09819610719122174
16,16.0,16.0,0.10207406389577696,0.1030983703460876,0.07028704144220455,0.09059222373918566,0.09044511805064079,0.11392884541647438,0.11220092794846145,0.09668448408375015,0.11772842384855084,0.10296050122886713
17,17.0,17.0,0.10840730915624697,0.08626647659983969,0.07943098681610264,0.10507738096141342,0.0942297437691132,0.11778163446704955,0.1116320346819382,0.09072296679337195,0.11109155341638162,0.09535991333854224
18,18.0,18.0,0.10228963466687294,0.08826808892421148,0.06948007886552572,0.10839821292717348,0.09032667407983065,0.12071610503486416,0.10744854407663373,0.0967621652447808,0.12678047952767596,0.08953001665243057
19,19.0,19.0,0.10957161437423128,0.08339223331005166,0.06803728346089352,0.09979930844511795,0.09284793374794127,0.12900856575880915,0.1011015402317911,0.09338899334211193,0.12353977038748594,0.09931275694156583
20,20.0,20.0,0.1082874613791845,0.07957048335737686,0.0745440400460505,0.09839359485374867,0.09566766058038881,0.11497238129597558,0.1068545683527388,0.08416735458484573,0.1224385422676791,0.11510391328201108
21,21.0,21.0,0.09809415256761521,0.09312954643891899,0.06991667227365884,0.10444904209918877,0.0929505736708788,0.11812527361105249,0.10976276004235833,0.0943958025074328,0.11529501965191843,0.10388115713697683
22,22.0,22.0,0.10458593324483276,0.08305552919647394,0.0701706283061398,0.09818551670728823,0.0899423464593572,0.11956155804368082,0.09919089167372544,0.10230610808861954,0.12636695790109895,0.10663453037878276
23,23.0,23.0,0.10289413690165587,0.08786484983178185,0.06193837442255591,0.10503803270600878,0.09120677494472162,0.11458277501615677,0.10718952472509229,0.10184008226016787,0.12281723842339669,0.10462821076846181
24,24.0,24.0,0.09725583717240818,0.09378172762077014,0.06908835673577313,0.10706990800012932,0.08073355811043396,0.12120714295423851,0.103346580536429,0.095285832353881,0.12686595359463015,0.10536510292130619
25,25.0,25.0,0.09169405604663645,0.08027918262901151,0.05967868552029042,0.10301953512154734,0.10906133328229531,0.11977005713906799,0.10964755437620702,0.10533639195956339,0.11992706795630208,0.10158613596907795
26,26.0,26.0,0.10387738163895996,0.08491318011198554,0.06793832187898093,0.09805335345736017,0.08657171539055543,0.12054710256632684,0.10855111759873126,0.09343856766884757,0.1335224269926745,0.10258683269557736
27,27.0,27.0,0.11835599289239138,0.08728316168524944,0.06848307256867149,0.0951321957479199,0.08392835611014407,0.11830313300814572,0.1068371173041501,0.0979665405266775,0.12646544956835207,0.09724498058829784
28,28.0,28.0,0.10831673365574793,0.08612803959671467,0.057027260756053924,0.09245898431846208,0.09438549525656642,0.11992874982424018,0.10221317366602793,0.10019608973070433,0.13511294086709583,0.10423253232838628
29,29.0,29.0,0.09923707079847914,0.08280279678101714,0.06309385256122083,0.09305224846621538,0.08164908970968894,0.14142781862580772,0.09747662960267792,0.09415861357238214,0.13757365433000068,0.1095282255525097
30,30.0,30.0,0.10789382762647885,0.08028353156616334,0.07441773579847502,0.10337890199222877,0.09201202899524075,0.1335736052980149,0.10853633160995697,0.09082489105660084,0.11759494015628107,0.09148420590055896
31,31.0,31.0,0.0991726972793602,0.08741563014380987,0.06797255426874504,0.1074360965983523,0.0862732697716006,0.11349318457050583,0.10665545192716719,0.09766590341343938,0.1333162960867716,0.10059891594024753
32,32.0,32.0,0.11544286619001094,0.09967848202857013,0.053929909428375875,0.10673408077882016,0.09353004132702167,0.13300608772330874,0.08855264922724405,0.09170121510732597,0.12187041466024376,0.09555425352907825
33,33.0,33.0,0.0953518420231606,0.07966551136602959,0.06177785574261402,0.08791147113453254,0.09760488096263545,0.12717681955622878,0.10147396327987337,0.10417251109098018,0.13130826093913378,0.11355688390481125
34,34.0,34.0,0.09500816154986107,0.08088224734937607,0.06050080140873021,0.10586005418029594,0.0927458702551365,0.12357935512523902,0.10390770401355251,0.09687065098737455,0.13769427291975828,0.10295088221067539
35,35.0,35.0,0.09994963847894615,0.09071215963415238,0.0608849568340614,0.09665332690261978,0.08999823192276464,0.12606848527856207,0.0982328502023304,0.09627658822413633,0.14000751152688223,0.10121625099554414
36,36.0,36.0,0.09730136304956241,0.0824466142671357,0.06661134548931663,0.1049693094901856,0.09392908261851171,0.12417276139834603,0.10370697689907296,0.09426514087600772,0.1261209898719253,0.10647641603993545
37,37.0,37.0,0.0983313651936606,0.09222218271564878,0.08349560186962637,0.09920229242550811,0.08713365759371565,0.12578992112556292,0.09453288194876841,0.10076060830496036,0.12331254674984246,0.09521894207270591
38,38.0,38.0,0.10845182650955645,0.08769168741253934,0.060681572008920256,0.08349730177140059,0.07763869654460795,0.12857514342473325,0.11250760255423589,0.1009896110990934,0.13933805234266963,0.10062850633224288
39,39.0,39.0,0.10160436931239145,0.0749883353502878,0.06014057675596629,0.0938093883549035,0.09953493485251812,0.12460584277413497,0.10139320525780024,0.09705943418338317,0.14073898945161015,0.10612492370700384
40,40.0,40.0,0.09615792341080942,0.07407454939242833,0.0788543756306279,0.09051630140961511,0.08362212801946947,0.12476418736475352,0.10537385736017416,0.09694046447564911,0.14178801265326915,0.10790820028320333
41,41.0,41.0,0.09554033800434844,0.086369278976332,0.07334039134354595,0.10796682837303295,0.09280670555371973,0.12643184558484932,0.09767516284681703,0.08903994430133379,0.12504080931485922,0.10578869570116109
42,42.0,42.0,0.08920606573730694,0.09068853194231488,0.07736086774838984,0.09838985187101937,0.08962572354188182,0.130848010132669,0.10353424699873337,0.0930279726006057,0.12757251564728692,0.09974621377979168
43,43.0,43.0,0.08992522991629467,0.08474012053615348,0.07174135116991118,0.09626246901113865,0.08829550635546464,0.13614798219855634,0.11072154332545592,0.08785866808584758,0.13412359075889518,0.1001835386422818
44,44.0,44.0,0.10940472569570611,0.08465238608582801,0.06437203330911728,0.09981367015060638,0.08850766811938245,0.11983101876236461,0.10209830444483672,0.09370788545464555,0.1268753823775659,0.1107369255999465
45,45.0,45.0,0.09574978997161557,0.07908433834784354,0.06343948396265346,0.09115251170330407,0.09244649922724037,0.14323760098387986,0.0835148464293146,0.1025307807684372,0.13452729102684122,0.11431685757886967
46,46.0,46.0,0.10314874080705327,0.07209271461682984,0.07452918565837852,0.09606814450123422,0.08801751887009487,0.13022694341493737,0.11649621933401397,0.0977497169719858,0.12793764140439023,0.09373317442108137
47,47.0,47.0,0.10189525712255405,0.08841581622125329,0.06992208964506333,0.10035550137912237,0.07378769186465736,0.1285053807595277,0.09862387466553584,0.09818831845282058,0.13891697618056356,0.10138909370890148
48,48.0,48.0,0.09708852173986579,0.08825342097445787,0.0735283204556953,0.1012227651792988,0.08634268515907864,0.12861093864777612,0.09513232602595258,0.09551169772725084,0.13612624453440766,0.098183079556216
49,49.0,49.0,0.09916558171643083,0.08564551195573218,0.06811278938388952,0.09626440881529633,0.07803876889030507,0.12906843284597777,0.10319646540318214,0.09242237767503639,0.14266704976866507,0.10541861354548428
50,50.0,50.0,0.09732579871644506,0.08800683858173661,0.07179751085000116,0.08780712505057184,0.08598408714755858,0.12708003468038384,0.09606665275033181,0.09705736786034143,0.1435810996726073,0.10529348469002195
51,51.0,51.0,0.10582201695044904,0.09436250919204639,0.07254831179780993,0.09292728861306326,0.08645776532028951,0.12908310759545033,0.10366051723435513,0.07796737044453915,0.13573189993723592,0.1014392129147609
52,52.0,52.0,0.10104027274812973,0.08950627901439916,0.06627914921125555,0.10754149068876831,0.08953082364807814,0.13888963553795064,0.10169922282142574,0.09199621796329162,0.1226482659826272,0.09086864238407347
53,53.0,53.0,0.09939522505186542,0.08856798144734546,0.0764256128931778,0.09787997608861947,0.08630578082084608,0.12225033667661714,0.0960055969021399,0.0800484588383472,0.14089689287059395,0.11222413841044714
54,54.0,54.0,0.10885414178162822,0.09213795536018839,0.06349546508016238,0.08476569531842354,0.08131855170888118,0.1355688090788795,0.10353464731864728,0.08841649290792271,0.12733420191521252,0.11457403953005378
55,55.0,55.0,0.10531246655942998,0.08402804883750051,0.06614725526488704,0.0856039184940173,0.0852606554779339,0.13377542655750643,0.10856419058608466,0.10593242066135311,0.13742915069449402,0.08794646686679244
56,56.0,56.0,0.1031832350032523,0.08675878440638055,0.06200332990510984,0.10024275951272991,0.07847391094583481,0.13542118427199423,0.10146402354389075,0.08575582845103945,0.13655436368583418,0.11014258027393353
57,57.0,57.0,0.0926499970571035,0.09152155714144748,0.07375418669909854,0.10316396249263741,0.09077012405015113,0.13636842152928857,0.0927243082899712,0.08143959847145944,0.14467855455403875,0.0929292897148036
58,58.0,58.0,0.09578692073167329,0.08113895139568833,0.0629465254750339,0.09265178109898443,0.08548890768370151,0.13449095173458803,0.10960993552858977,0.09819558630813147,0.13369345772158703,0.10599698232202168
59,59.0,59.0,0.10711110007292193,0.08815570219008935,0.06308753100632336,0.09704902648766675,0.08709060831497624,0.12464100746938218,0.1029297515241184,0.08361374656673023,0.14472605556624357,0.10159547080154749
60,60.0,60.0,0.10021750565147607,0.09536115991809162,0.07817700379889825,0.10011024044894493,0.06890997712150694,0.13629213064481616,0.10450171606428557,0.07896153698049166,0.1347272846594789,0.10274144471200945
61,61.0,61.0,0.09129756036725863,0.09179039503975146,0.05180695164014047,0.096356752607091,0.09729797063859694,0.1331412087446117,0.10806115386641087,0.08923275054062557,0.13505772550804912,0.10595753104746372
62,62.0,62.0,0.09509635733136709,0.10203678304123816,0.05897249023870919,0.0965163392372947,0.09159076779176609,0.13340550986923203,0.10132541495948566,0.08457413522230266,0.1357977476770083,0.10068445463159563
63,63.0,63.0,0.10075675280028203,0.09212674548337003,0.07030608149685749,0.08047742728158688,0.08355410606843224,0.134162453379411,0.10191168054381453,0.08855455075421065,0.1391263948915138,0.10902380730052093
64,64.0,64.0,0.09681065638924441,0.09471936366501532,0.06875896752744022,0.09189991771658337,0.09050934024171312,0.12590545894675126,0.10792604439923126,0.08925763111532393,0.1360103387268068,0.09820228127188982
65,65.0,65.0,0.10304962273134458,0.08155556934641332,0.06599843563569738,0.09472524390265226,0.08265404547310103,0.13660001136486435,0.0930252768354832,0.08865695638147868,0.1394818350508179,0.11425300327814687
66,66.0,66.0,0.10791049214422484,0.08236009136354294,0.07784182842013541,0.09978410023366695,0.07640676141724596,0.13190986969171176,0.09345371789064158,0.09313230544369788,0.12750895114939595,0.10969188224573619
67,67.0,67.0,0.09892953311212489,0.09689056879083019,0.06273227376801267,0.08532722698766163,0.08973690340694171,0.12873718763355918,0.09615873098064572,0.09041519956133344,0.13871494229524464,0.11235743346364546
68,68.0,68.0,0.10887168792528619,0.09013121561835216,0.06836269176291253,0.09822626568651374,0.08181966008979816,0.1206245356998783,0.11181279523569469,0.08403795022194063,0.13563408841092287,0.10047910934870026
69,69.0,69.0,0.09780890853410235,0.09550257053213808,0.06352491624071316,0.09895957383229116,0.08854664288957528,0.12294613188622036,0.09562938768086922,0.09734475055517741,0.13592791631599183,0.10380920153292073
70,70.0,70.0,0.08758889757584136,0.09058843343769471,0.06208334826658224,0.09601180152771005,0.0808419966492313,0.1355786028192425,0.11049707870517145,0.08552520102325577,0.13548504212206977,0.11579959787320035
71,71.0,71.0,0.09688589105381064,0.08742223217699174,0.06708256037832824,0.08872998674276997,0.0752865882409554,0.13025103020401402,0.10038231115031457,0.10468286752383274,0.1506065677646507,0.09866996476433151
72,72.0,72.0,0.09239466073531385,0.08120171850924737,0.06594286565337153,0.09352506954780024,0.08380603575629328,0.14142973270205378,0.12191428728299,0.10039170315280636,0.1261237633324385,0.09327016332768474
73,73.0,73.0,0.0929830958901016,0.08587463540825364,0.06846443787422238,0.1002961134805341,0.07917794378979771,0.1373041164458691,0.10233696089689699,0.09299642628575203,0.13991996695559192,0.10064630297298008
74,74.0,74.0,0.09417274820480451,0.07370438964600239,0.06343627924632281,0.10313547764439268,0.0937897332106242,0.13292191086803498,0.11031806250225731,0.08162056041708167,0.14629312421910015,0.10060771404137885
75,75.0,75.0,0.08821742974663163,0.08161282755929858,0.07916667644490853,0.09163924838906065,0.0891023016183078,0.13793054496626608,0.10652971973315997,0.09510701280371438,0.13416001666013416,0.09653422207851771
76,76.0,76.0,0.10595544684851528,0.09289533774516594,0.060145315734438154,0.09530893148082795,0.07552697501765665,0.13764047723643552,0.09458390070578875,0.0985835329041288,0.1396100339179908,0.0997500484090517
77,77.0,77.0,0.09671394102032196,0.0844523981722559,0.06629482571067707,0.09279616427266071,0.08233448758841778,0.14451392130562288,0.09300596689658683,0.08873035168695478,0.14620329448227803,0.10495464886422352
78,78.0,78.0,0.09549958398505053,0.08310097184329579,0.06645326016730164,0.10131875020022015,0.07335584221516488,0.13534805497293995,0.09864528391619472,0.09388887691827372,0.14739690272066153,0.1049924730608967
79,79.0,79.0,0.09961418605568025,0.0847520178337657,0.06694794212285383,0.08858107151966906,0.07719962938213927,0.1385606761769162,0.11624603195610657,0.085269999377743,0.13288747248994687,0.10994097308517876
80,80.0,80.0,0.1005837962704446,0.0924876279637328,0.06188764043930528,0.09413300981674246,0.08064086397214704,0.13697309536884256,0.0947326638170316,0.09161993638823947,0.13844499021837214,0.10849637574514155
81,81.0,81.0,0.1000674819542871,0.08192399185502436,0.0748915610334307,0.09440931107154314,0.07786489555796053,0.14595617730209492,0.11057784936181461,0.08460361872985608,0.1295703741054564,0.10013473902853165
82,82.0,82.0,0.09830643552542734,0.08410571423721433,0.07028590371160323,0.09118870526438028,0.08455535248703348,0.1324728701961783,0.09835875415491292,0.10797470066523587,0.13408519604787308,0.09866636771014071
83,83.0,83.0,0.09149508759367422,0.08310613339103182,0.06822149233005756,0.09270681711456943,0.09203984629088906,0.1350313151929824,0.10123676554694643,0.09075198363332679,0.1381956777006871,0.10721488120583471
84,84.0,84.0,0.10031623354485357,0.08270756136707842,0.0676002624829228,0.10109127630814205,0.08209055244413031,0.1399255537828664,0.09207982763136144,0.09053234336955962,0.13642751688750174,0.1072288721815832
85,85.0,85.0,0.1037765964774515,0.08131274941999952,0.06379725371006398,0.08631207288192622,0.0824830340862747,0.1386142563134471,0.11055908514658142,0.0961285599864832,0.1301012039027145,0.10691518807505733
86,86.0,86.0,0.10293583657219793,0.09066852956784047,0.06122152346959159,0.10474005180310184,0.08009601295023164,0.13627640957389728,0.10027695111396122,0.08782708278095923,0.13630595629123027,0.09965164587698812
87,87.0,87.0,0.09498831163307538,0.09905595217492148,0.06680982126923699,0.08338299035463786,0.08250160939836342,0.13045488340417583,0.10761397616985884,0.09097686490950203,0.14311467061962832,0.10110092006659932
88,88.0,88.0,0.10027039186223705,0.08140423100459189,0.07040294959571222,0.09267940613943378,0.08887806078265001,0.1325719020654054,0.10239568602925093,0.08781938110959196,0.12458223735368894,0.1189957540574373
89,89.0,89.0,0.08817458095500644,0.09512440521338432,0.07042858188413761,0.10169013093640036,0.08252865441245674,0.11482001663963011,0.10973680725843651,0.09277292421799714,0.13656580994982487,0.10815808853272543
90,90.0,90.0,0.10118999760961997,0.09696233923807678,0.0706356695154391,0.09565887600216579,0.08104804687305948,0.13911602481067425,0.10087343959156463,0.0726231413739447,0.1429733042852211,0.09891916070023363
91,91.0,91.0,0.08995097515886054,0.10665199100757845,0.06284019339965183,0.09402400902346683,0.08093906671966812,0.13122614754902628,0.09624275361164569,0.10018172853634051,0.12396292013399153,0.1139802148597698
92,92.0,92.0,0.10182324255864272,0.09230633762823237,0.06874622511705458,0.08905625477939914,0.0934819651145809,0.11861350954653671,0.10096113337164678,0.10398023151054922,0.12855088352477362,0.10248021684858347
93,93.0,93.0,0.09538521801931635,0.09235587112986998,0.0643471759202168,0.09919741490871017,0.07832017055788662,0.1349888678380317,0.10268277171512721,0.08890012483743143,0.12570235750817374,0.11812002756523551
94,94.0,94.0,0.09686097222917692,0.09271693158403575,0.06398998313715237,0.0915632709449327,0.07641138304988267,0.14209034001017562,0.0982638690121809,0.09027907071774388,0.13761014693722864,0.11021403237749013
95,95.0,95.0,0.08768318331324906,0.08152983367730943,0.07528823337343091,0.0893177085128839,0.08600283010309898,0.13493367971535575,0.09965581480711073,0.07638699780900016,0.15591502572090712,0.11328669296765344
96,96.0,96.0,0.09132732209825976,0.09136332560645152,0.06250272382650099,0.10206112339578825,0.07858487612130326,0.12402364891395112,0.11205312832994066,0.09601102913988693,0.1426233544095327,0.09944946815838426
97,97.0,97.0,0.09703315399727491,0.09055662487149162,0.07053697215465979,0.08981856893462169,0.06872839142729288,0.129284650728897,0.10934882558838681,0.09231686473040804,0.13629365085534534,0.11608229671162144
98,98.0,98.0,0.08323675623174184,0.0883245960556734,0.0651954391374069,0.10735968023487777,0.07825897360765,0.1281756609532499,0.09881778817665471,0.08968912866700388,0.1488166250137979,0.11212535192194326
99,99.0,99.0,0.08833330421708416,0.10094816921819061,0.06851226061621131,0.09629800549927982,0.08676742641218559,0.12759446375985667,0.08738856961231087,0.11001696037340528,0.12392738769032419,0.11021345260115112
100,100.0,100.0,0.10332762842082474,0.08651940002379407,0.056357028112865915,0.09467000884351914,0.08741645367973058,0.1472266670889596,0.10004147025893559,0.09170451427980908,0.1256391934026398,0.10709763588892103
101,101.0,101.0,0.0936753002808671,0.07948341276391507,0.06431999568319174,0.09134712557786298,0.10004209397807806,0.14368925860007387,0.09867058251057086,0.08814234932894383,0.13851030653069427,0.1021195747458018
102,102.0,102.0,0.09358384709988402,0.09619336264304516,0.0645701346425459,0.10556941197947112,0.07687140218987012,0.12376148666820838,0.11085808003480661,0.08427501454382406,0.13199930534020146,0.11231795485814267
103,103.0,103.0,0.10639813229045361,0.09658239771441327,0.06493773123277784,0.11798747045250199,0.0745352531627732,0.12581249599727845,0.0980045064871102,0.09332568108091768,0.11976713821262089,0.10264919336915235
104,104.0,104.0,0.10078354217101226,0.09097667702293985,0.06552274462607217,0.09888506763806147,0.06404870809350265,0.13746028418748124,0.10737913000619367,0.09759653719815412,0.13546925350409897,0.10187805555248304
105,105.0,105.0,0.09985511391659246,0.10150533987898949,0.06201486607391776,0.09392183122133087,0.0698353257108177,0.12978080143212006,0.12428651325755213,0.08222561268481342,0.1366661082179314,0.09990848760593418
106,106.0,106.0,0.10101340117846327,0.08494564875763658,0.04971774720571924,0.09778251977672359,0.08874104271484358,0.14242199797167315,0.10212271215623725,0.08489194058155448,0.1469181442806722,0.1014448453764761
107,107.0,107.0,0.09461045194250844,0.10292425063002117,0.06166802382562784,0.08949210552625422,0.0849980226896116,0.1257088557178081,0.1087572460540176,0.0998799354070316,0.13017992007330664,0.10178118813381228
108,108.0,108.0,0.08211094876863373,0.0997765009078579,0.06587589413088962,0.09061802870776622,0.08939117029993299,0.13574811052073232,0.10279497596905336,0.08757876520819186,0.1349434083588317,0.11116219712810989
109,109.0,109.0,0.09710041498730264,0.09163477154004698,0.06363591807204057,0.10194441171071056,0.08602342321760299,0.13854413139743083,0.09263437447261784,0.08435192687520875,0.13409247532386298,0.11003815240317542
110,110.0,110.0,0.09932126556456237,0.0903000379949169,0.07413139247337366,0.08367674968109724,0.0805932047198289,0.1458991724023802,0.1108849718337194,0.08015967719431119,0.12893874720237222,0.10609478093343738
111,111.0,111.0,0.09879370216896728,0.0866783334264519,0.07778323432000778,0.09466903457174002,0.08118148252537524,0.12319617017514213,0.10398586830072017,0.08750358232418691,0.13743185368022987,0.10877673850717835
112,112.0,112.0,0.09686070310061794,0.08454083616892935,0.07801194967513218,0.10736769927988943,0.083985499586899,0.12358839293209387,0.09272891588660251,0.09212285253111142,0.13163963504313175,0.10915351579559204
113,113.0,113.0,0.10254074276555739,0.09826843474910563,0.05369295494412686,0.0955326482907823,0.06479177162866612,0.1412582072082626,0.10310922741960007,0.09535589837418605,0.13482323296948837,0.11062688165022416
114,114.0,114.0,0.07888155866885666,0.1009215009811392,0.05978395478975629,0.08520889484888558,0.09208995716871891,0.13618111317625453,0.09572469944601292,0.09349262612188329,0.14948746775105684,0.10822822704743533
115,115.0,115.0,0.10725223793476753,0.09601422150554842,0.06612437409029932,0.0932299098596021,0.07881944389986531,0.13261630108629732,0.10188520343116032,0.08496253011384275,0.13658260933846908,0.1025131687401474
116,116.0,116.0,0.10166343293404881,0.09001079358388606,0.08376498101716866,0.08325489891696986,0.06527562770085575,0.13850290416789268,0.11276012970204699,0.08317285406319966,0.13699833214725393,0.10459604576667718
117,117.0,117.0,0.10427731418887747,0.09420427005679631,0.06513585287333269,0.09686821049910928,0.07461082717871878,0.1278325539305684,0.1031518129212805,0.0884334194688255,0.1364959750599008,0.10898976382258987
118,118.0,118.0,0.09743804987887857,0.08773875206177349,0.0618594076065773,0.0945181968419799,0.08422595490411763,0.12973860236861695,0.10381757539761441,0.09716157548168625,0.129828621349943,0.11367326410881202
119,119.0,119.0,0.09261828172705365,0.10568404643089543,0.08312316063460193,0.09722140441587333,0.07271488492891112,0.12872481242971373,0.10188540406432305,0.08139764397028253,0.1267928082273119,0.1098375531710329
120,120.0,120.0,0.09756466484063027,0.09273265498477412,0.06331153386317767,0.09292032995657223,0.08047812114914664,0.13987348833543162,0.0964336484462441,0.09336945445908035,0.1351695634377275,0.10814654052721503
121,121.0,121.0,0.09913750934767403,0.10317378428094419,0.059187676215760564,0.10480676132523284,0.06732838636479935,0.12815068743209607,0.09674611181505136,0.08405006766649174,0.14017230063308864,0.11724671491886088
122,122.0,122.0,0.09208327982952988,0.08045244837110245,0.06281915981513411,0.10481659204078671,0.08073946691081695,0.1383819046717732,0.09174130501498985,0.10639975343733965,0.13646408330931842,0.10610200659920839
123,123.0,123.0,0.10231240242071024,0.09655259823091773,0.07982100146775328,0.097645708120918,0.07239098861739351,0.1328381816797794,0.09467990394177483,0.07456477338451636,0.13515274843452585,0.11404169370171031
124,124.0,124.0,0.11018811654269298,0.10402888046086756,0.0643735773495663,0.0982057945575864,0.07246954273287151,0.13924602310294848,0.09615311793141014,0.08334667554102601,0.13333227046442492,0.09865600131660533
125,125.0,125.0,0.08955584722101262,0.08258078832563327,0.07875122812838886,0.10355370652285897,0.09065308204740205,0.12487038429729043,0.10500657216348896,0.08914680307205025,0.13770813403663035,0.09817345418524373
126,126.0,126.0,0.09801617056936904,0.1086764158659412,0.05581595686556616,0.09383432236608735,0.08564948382190563,0.13264500814326682,0.11010513707942982,0.08087113344624684,0.128448147180212,0.10593822466197467
127,127.0,127.0,0.11128840038611265,0.0936113724427596,0.05891897755638813,0.10077470303259857,0.08714640527695335,0.12299076731190513,0.10431623683894282,0.09814322803463268,0.11958621741276936,0.10322369170693728
128,128.0,128.0,0.09948069032451431,0.10524924353768242,0.05964393193997736,0.10794987521570787,0.07850506943419626,0.1346971787418762,0.10433641858339696,0.08498283185029738,0.1308287129093186,0.09432604746303223
129,129.0,129.0,0.10050087952878806,0.09806216790152378,0.0715962313065726,0.1068885425440745,0.06852473825945653,0.13209752663189192,0.10258393909263752,0.09616586292824778,0.12423979704249337,0.09934031476431347
130,130.0,130.0,0.0931867646344304,0.1010520788725762,0.051341810472985736,0.10068779301254085,0.07673585152730442,0.13116090609931927,0.10156920060801089,0.10179628852699547,0.12586516145429097,0.11660414479154532
131,131.0,131.0,0.0966378598230758,0.08715858455787638,0.07844265942690568,0.102834819119392,0.0838713756525179,0.12061936711370255,0.0955102562783742,0.09153364566792355,0.13404534555156428,0.10934608680866717
132,132.0,132.0,0.08105056407561886,0.1027461328497764,0.061152683403127225,0.10125850128461884,0.08783021666086972,0.14067302780562324,0.09942422839329787,0.09300424316894491,0.138863994722603,0.0939964076355195
133,133.0,133.0,0.0882405134638649,0.09210109277019256,0.06688807524228536,0.10739705227873056,0.08115662255631464,0.12324431805107613,0.11126950144645868,0.08069189940102268,0.1346307407340328,0.11438018405602121
134,134.0,134.0,0.09185141028201681,0.09014063210447773,0.0546268924083534,0.10390000066036228,0.09461444807140346,0.12313704144194611,0.10271566245726822,0.08933345260054099,0.14260661131612765,0.10707384865750294
135,135.0,135.0,0.09561285847308719,0.09013121134882515,0.053378719400573496,0.09612635480295617,0.08088071175650344,0.13144031352753616,0.11685909472567388,0.08956258078235521,0.13975592865514547,0.10625222652734341
136,136.0,136.0,0.10990013036034485,0.0918260667366892,0.05477841903818331,0.09048008823040336,0.08343585907419386,0.1312815213126313,0.09949901172685915,0.08784488635445475,0.1385878605667643,0.11236615659947533
137,137.0,137.0,0.10058917895629005,0.09658193033256518,0.06646591839023999,0.11032482111484514,0.08753605504365691,0.11104554113067686,0.1035205537567357,0.08562907974112542,0.12378756597820821,0.11451935555565604
138,138.0,138.0,0.10712040253982784,0.08614430419704065,0.05800032415086396,0.10377163108969101,0.07796092111495273,0.13697784030048296,0.10002766577494464,0.09625838812967995,0.12587773987195652,0.10786078283055929
139,139.0,139.0,0.08814518976170248,0.07949980941834439,0.06344779760818486,0.10662268158535941,0.06954731232025793,0.12972179116315932,0.11902356580248923,0.08225800935503047,0.14786915903541412,0.11386468395005729
140,140.0,140.0,0.09887160754406424,0.085632565366281,0.05553396725795836,0.10440064634854947,0.07686981691773616,0.13080250717214856,0.10616674030350096,0.09543649974019684,0.13469946474301406,0.11158618460654976
141,141.0,141.0,0.09119156929165802,0.09203651108180373,0.0832199504587492,0.10266660580529137,0.07624133853682025,0.12583507619634418,0.10446611032940815,0.09685274840877657,0.126029178214603,0.10146091167654503
142,142.0,142.0,0.09402750672892277,0.09830762825910064,0.05742566759431718,0.10220897281911248,0.07680641462120348,0.1579862661287378,0.09209690035406312,0.08705122631883858,0.12287143857932392,0.11121797859637952
143,143.0,143.0,0.09801024276754186,0.08119105690719744,0.05829844643243912,0.10135615095690417,0.08652984657001922,0.13909119647804938,0.10283009933080356,0.08681972686843567,0.1401020801512285,0.10577115353738065
144,144.0,144.0,0.10751224460363154,0.10241206304499115,0.06643285803965436,0.10458833478556155,0.09102714621047849,0.11864570792082922,0.08287842099610829,0.09606054502336067,0.14054940593568596,0.0898932734396984
145,145.0,145.0,0.09397192370365516,0.09832170187610961,0.058595428378500625,0.09852902129325242,0.08966309112305582,0.13899172672443932,0.09176806657505104,0.0886079540815165,0.13285431560943697,0.108696770634982
146,146.0,146.0,0.10643216574927228,0.09616700188893708,0.05678331242215373,0.10709194315086157,0.09375324564798493,0.13152535530036683,0.10521087760934025,0.08020882951224292,0.1297820162818173,0.09304525243702264
147,147.0,147.0,0.09303560672358073,0.0994660152629644,0.06748288866073686,0.08967222882306518,0.07764701794791731,0.13407162119800806,0.10924394685261425,0.09309905868908767,0.13628258220725903,0.09999903363476605
148,148.0,148.0,0.11655128235713871,0.08476892361399965,0.062206480985525725,0.1122821144027091,0.08816826719749118,0.13347564657215297,0.10578214225337708,0.0653166578178261,0.1377708760944552,0.09367760870532368
149,149.0,149.0,0.09397142204874154,0.09094488585743493,0.07014870038791884,0.09727707062738888,0.08124492530272584,0.13953624921188545,0.09737506461869455,0.08406709291205759,0.1437623965927074,0.1016721924404445
150,150.0,150.0,0.10632152043257206,0.09106850603498136,0.07262778679536744,0.09023184252410313,0.0710921271679003,0.1361397104949717,0.1003681131858353,0.0947912170390482,0.13401622770039257,0.10334294862482751
151,151.0,151.0,0.10017014304138357,0.10283912996236166,0.06532940391192713,0.10979084215639046,0.07295032461316663,0.12718128193928227,0.09541464809760519,0.0852201735821066,0.1386607529474182,0.10244329974835784
152,152.0,152.0,0.10052128732550836,0.09471560253764182,0.07014205628170185,0.10227680635716727,0.07912029877800755,0.12737664203253554,0.08854653957057443,0.09465079356835032,0.12717781730869476,0.11547215623981769
153,153.0,153.0,0.11395793390344125,0.09318193602447329,0.07115657203128783,0.08769557596970458,0.08152358676885013,0.12155921983868723,0.10244096126763283,0.07910116550438759,0.13363895967166067,0.11574408901987414
154,154.0,154.0,0.09017507981813716,0.09918649771045206,0.056825631100689424,0.10328214161460188,0.0871980059694179,0.14662141136121418,0.10133863286887701,0.09126917518357278,0.1273310040465339,0.0967724203265033
155,155.0,155.0,0.09379352075137312,0.08204937428757614,0.07203570196419766,0.09480774517622463,0.08567187054184185,0.13968510509081736,0.1269371130371461,0.0945022069812278,0.12495664026326803,0.08556072190632685
156,156.0,156.0,0.09605489841645956,0.0942414975825824,0.07276968292583945,0.10669854331939359,0.07556923854655564,0.13486477216957699,0.08994594935056055,0.08674122879616722,0.1329835928241515,0.11013059606871259
157,157.0,157.0,0.10094463796814249,0.0909633376838178,0.05846093398229531,0.09726016885474012,0.09533182581853025,0.12538809686886543,0.12375370837722474,0.08540934630457395,0.12636946322820147,0.09611848091360795
158,158.0,158.0,0.09042564528609294,0.09104629404719408,0.06987713469353207,0.10256456221642422,0.084780819696818,0.13803207130590014,0.09228770457789352,0.08451201706843155,0.13622053574016418,0.11025321536754888
159,159.0,159.0,0.10848662869700884,0.09145121351418048,0.06295184749765756,0.09366674797484642,0.08281471320393695,0.12362407569327623,0.10486388491750218,0.08598268924683847,0.1390389516948448,0.10711924755990765
160,160.0,160.0,0.08953706295839031,0.09684970030553972,0.07508742802800003,0.10102149259650402,0.08022390555380753,0.12965567142748974,0.10959026956380236,0.08398933014660094,0.13416574073198045,0.09987939868788445
161,161.0,161.0,0.10488691939843105,0.09570364368894323,0.06983127649747324,0.09403018076151501,0.07572392492266439,0.12931657952381076,0.09916383725045541,0.07930208895900112,0.13530492233267977,0.11673662666502556
162,162.0,162.0,0.09950731424058075,0.08725585693645843,0.05566075496327618,0.09629472005978464,0.08365809559783335,0.1424843640578279,0.10844867239757217,0.07427603080300627,0.14695850244927353,0.10545568849438629
163,163.0,163.0,0.09822508786422954,0.10196835496532224,0.07225816669314784,0.10212946153017666,0.073998066940399,0.11878042585883361,0.10874770399550253,0.09096507002712043,0.12226038798815961,0.11066727413710804
164,164.0,164.0,0.08986882648487149,0.09473370474492472,0.06685098238213244,0.09988882535532809,0.07063418510097903,0.13404296706097427,0.11242027361764065,0.090347316691136,0.1403006068054123,0.1009123117566006
165,165.0,165.0,0.10434870058672892,0.09939018646178004,0.05926058447284038,0.09957517921354882,0.07490398266414285,0.12509475775033232,0.11314396259804116,0.08549212598003872,0.13858083171990732,0.10020968855263916
166,166.0,166.0,0.09477688136540645,0.08931425243887905,0.050926264182884304,0.1035533492254788,0.08735018979593008,0.12937743200126864,0.11718179983501775,0.0826220744115582,0.12596697011686972,0.1189307866267066
167,167.0,167.0,0.09556666374285104,0.10382558102118473,0.06490798697923476,0.09375289349006934,0.08609375099082096,0.12950291250187,0.10939671439768961,0.08749373525195453,0.12860971457369713,0.10085004705062742
168,168.0,168.0,0.11406420373660302,0.0957254218235212,0.05889423261728506,0.09205640172706667,0.08344217998273942,0.13867306353637676,0.09029606019015986,0.08931279483520543,0.1356221580291497,0.1019134835218924
169,169.0,169.0,0.09705436235507206,0.10769542899473519,0.06845492994927355,0.09084148731378282,0.07188104770089025,0.12835516191875107,0.1024062402899093,0.09731408852717373,0.1339614115442535,0.10203584140615803
170,170.0,170.0,0.08456511419780202,0.09786811439861794,0.07620550066846302,0.09300168099057597,0.08258086657166437,0.13559646316876228,0.09691735809621571,0.08767026922158153,0.13630670269334713,0.10928792999296955
171,171.0,171.0,0.09818094111668971,0.10611411719164912,0.07941297074924221,0.10256938518266745,0.07812997299095782,0.12383189689135703,0.08702023272139339,0.0829576396379823,0.12287264199578496,0.11891020152227554
172,172.0,172.0,0.1113543681536956,0.08561006209031456,0.06449795924241539,0.09726897328187509,0.08835510624634699,0.12926657198397806,0.10339600065464352,0.07571384018898412,0.13959074251567052,0.10494637564207573
173,173.0,173.0,0.09059622357306898,0.09890186128583867,0.07271223265251742,0.10860483743167473,0.08032622879830224,0.1338008893359221,0.09917951553266426,0.08653832358862115,0.11989559265894496,0.10944429514244505
174,174.0,174.0,0.11006366045737645,0.08873181777136602,0.06630993431186913,0.10149813812980693,0.06490739800222009,0.13885603986929,0.09946251691349613,0.08356622772058502,0.1317807175918746,0.11482354923211528
175,175.0,175.0,0.11139263772045549,0.0940299620948379,0.05893971895788177,0.09975597178470513,0.07679795228333859,0.1284833710127154,0.11709874097599607,0.08590359669042266,0.12638389682621107,0.10121415165343547
176,176.0,176.0,0.10506647067379589,0.08808639607526207,0.07101336216176353,0.09721175621757548,0.07811190382939397,0.13975637105925703,0.10127032193630636,0.07377406589153318,0.1382254136515107,0.10748393850360131
177,177.0,177.0,0.10062950360445952,0.0868357036341951,0.06887275437805049,0.10745076930079453,0.0779273773046997,0.12972999319024578,0.10047636864005187,0.09101413269930718,0.13861810926051504,0.09844528798768037
178,178.0,178.0,0.09080982893586406,0.09690706475123921,0.07023665815406674,0.10246449085094986,0.08191134788603319,0.13672317106539272,0.09969358453601065,0.07529420769964575,0.13061433689053709,0.11534530923026032
179,179.0,179.0,0.08495792465947316,0.09998648861929195,0.058800897799243,0.10749468147191568,0.08277020143686661,0.1356119397051053,0.11488167293499954,0.08663569276262675,0.13481158919087805,0.09404891141959953
180,180.0,180.0,0.09912181105559062,0.09267330002971061,0.06351675985824509,0.1095764145635589,0.08457690258287381,0.1106241513129469,0.09914998894954771,0.10611705848118066,0.12669446529539455,0.10794914787095064
181,181.0,181.0,0.08607945053576646,0.09465765199909247,0.07898493163169197,0.09218046713304287,0.07891481719571086,0.14918263354254893,0.11021610621396646,0.08194624931016557,0.12476621815541442,0.10307147428259947
182,182.0,182.0,0.10695620544731413,0.09325830567554788,0.06815905931886107,0.10478629444185172,0.08924758315594797,0.12965080921059535,0.08937627029037434,0.08614565453472997,0.14346075958243587,0.08895905834234118
183,183.0,183.0,0.1001603356739857,0.08876641493683474,0.06802959337513574,0.09957656812904811,0.08495836087963843,0.13322120478302607,0.10190403988428412,0.07487777569800323,0.13560375458695847,0.11290195205308488
184,184.0,184.0,0.09457577193213754,0.09028383344517135,0.05878857246608442,0.10397834771886623,0.07417248500788182,0.13637588789217153,0.10591212353139674,0.09055516565267913,0.12788433663616394,0.11747347571744689
185,185.0,185.0,0.1001753716802614,0.0947189725787396,0.06260049339741973,0.10463778364221639,0.0809076396151384,0.14027890797669812,0.10324294296609753,0.08344379489011355,0.13699936750375336,0.09299472574956154
186,186.0,186.0,0.10083122396004059,0.09267397359288322,0.052717163542172395,0.09826750518600043,0.07176911524420157,0.12602501825348056,0.11368044611698014,0.08041131890914195,0.14045029597494932,0.12317393922014937
