,Unnamed: 0,Generation,Intertwine_two,Add_vertex,Delete_vertex,Invert_path_vertices,Insert_inside_vertex,Delete_inside_vertex,Replace_inside_vertex,Donate_between_routes,Trim_one_terminal_cb,Grow_one_terminal_cb
0,0.0,0.0,0.09999999999999999,0.09999999999999999,0.09999999999999999,0.09999999999999999,0.09999999999999999,0.09999999999999999,0.09999999999999999,0.09999999999999999,0.09999999999999999,0.09999999999999999
1,1.0,0.10900000000000001,0.101609435358515,0.09961843083000792,0.09746832177880484,0.10169176107391563,0.10065010901748705,0.0991521322840203,0.10011710913933759,0.09930727649815495,0.10059630995533697,0.09978911406441966
2,2.0,0.31601,0.10269955872505475,0.0991782095956859,0.09436724121945367,0.10250115418727276,0.10109841832572238,0.09934455416106963,0.10136488255376813,0.09905719580202549,0.10052255977480153,0.09986622565514564
3,3.0,0.6191589000000001,0.1032382057321922,0.09832788471596064,0.09120907967699005,0.1028322385411989,0.10140347996824094,0.0997966342797452,0.10249716644703787,0.09956224310403648,0.10156999591176162,0.09956307162283598
4,4.0,1.015801321,0.1045648153235264,0.09694061917770072,0.08810001893169327,0.10367416776777448,0.10225442903828134,0.10011374507336984,0.10288871952540624,0.09848840358980578,0.10257098563731251,0.10040409593512929
5,5.0,1.50262148669,0.10488291189713464,0.09594722865522608,0.08551532217593992,0.10522705749299821,0.10239278676998796,0.10045000378734666,0.10316503788233922,0.09818484343531997,0.1033258391389407,0.1009089687647665
6,6.0,2.0757334209441005,0.10576581246036808,0.09522227427105363,0.08291856468591713,0.105684369086131,0.10235236003490435,0.10190347987425288,0.10307520943193647,0.09786988848729708,0.10500771922811028,0.10020032244002891
7,7.0,2.7307768275633495,0.10566537162993445,0.09375826133304979,0.0815872306544313,0.1057504084231213,0.10226306232253839,0.10284880191007312,0.10404424078223408,0.09739086424886775,0.10635848984458998,0.10033326885115965
8,8.0,3.4630081252450404,0.1063370789219436,0.09375581315366498,0.07961776062875957,0.10616088696255441,0.10185020006015136,0.10306153795496138,0.10455527355715968,0.09759819967045165,0.10702964056259898,0.10003360852775417
9,9.0,4.2673862119061114,0.10674926425471461,0.09341025448613913,0.0784528362049417,0.1065047661217518,0.10161665292142813,0.10300229606437608,0.10503664697422133,0.09804780036657731,0.10808866482631004,0.09909081777953965
10,10.0,5.138652627782014,0.10718119125301462,0.092311232796853,0.07622380149130234,0.10693735418682342,0.10054263092579155,0.10413940867375396,0.10594246672680015,0.09794087103877298,0.10913769668906138,0.09964334621782639
11,11.0,6.071405875792507,0.10715629917979767,0.09080697040297554,0.07427497000936593,0.1083071370447707,0.09886790275952115,0.10520079288658411,0.1074257941637907,0.0964840450358153,0.11088592754092981,0.1005901609764489
12,12.0,7.060169740244025,0.10686259253358327,0.09037957737609803,0.0724507996635827,0.1070014223828463,0.09718612679808007,0.10773071242291932,0.10831470558206294,0.09602605515026744,0.11374444486028348,0.10030356323027628
13,13.0,8.099455520847952,0.10677842129900281,0.08917573182270254,0.07087432233854887,0.10772762192532967,0.09750928287575317,0.10803210828997671,0.10840073090433319,0.09609870475205096,0.11505585470873436,0.10034722108356757
14,14.0,9.183818168183006,0.10726073210365586,0.0885819658916674,0.06867022660916262,0.10621468939610093,0.0984587805102161,0.10855705179424495,0.10891285207079028,0.09504956983548865,0.11656102579340617,0.10173310599526686
15,15.0,10.307906369102724,0.10742138491517203,0.08764904100473497,0.06677282433753139,0.10559728947176919,0.0983224407390864,0.11034493514511076,0.10947895478590328,0.09413544940502978,0.11875373595908281,0.1015239442365792
16,16.0,11.466506686239443,0.10715835747052216,0.08858387053713056,0.06560888074310962,0.10420547059011671,0.09739360538322167,0.11131497855067107,0.11020479424410323,0.0940487551066947,0.11970242768735878,0.10177885968707129
17,17.0,12.654581904800096,0.10750411436063681,0.08788717273975137,0.06552250765251079,0.10426521685034296,0.09686663126146484,0.1125994351893909,0.11082112176687445,0.09340093579892587,0.11987282316120214,0.10126004121889963
18,18.0,13.867303782456686,0.1072125600607587,0.08744409899314816,0.06458876586755007,0.10465919332223328,0.09597567870803192,0.1141007152137968,0.11096557660598874,0.09339503857701928,0.1215072590013424,0.1001511136501304
19,19.0,15.100080434523047,0.10762912990766539,0.08656598695909992,0.06365303185060195,0.1041912718947784,0.09536945733047135,0.11634726720636727,0.11042571525141379,0.09308608515371408,0.12270691254871297,0.10002514189717461
20,20.0,16.348578617037543,0.1078950523150424,0.08536177359669854,0.06350538940996726,0.1035856516164355,0.09508061553808629,0.11709215853892177,0.11042190109419486,0.09188889227889677,0.12368480650775351,0.10148375910400285
21,21.0,17.608741195130214,0.10711897569116619,0.08557597497629829,0.06302016094251771,0.10359421752284402,0.09455481968441176,0.11805665219729904,0.11067361419424523,0.09175704810687937,0.1238380961669132,0.10181044051742494
22,22.0,18.876800103462312,0.10697943656616384,0.08483689020831978,0.06267781603837262,0.10298412254518509,0.0937647382348172,0.11906901114723895,0.10983386060590841,0.09245580645418792,0.12499781991992502,0.10240049827988092
23,23.0,20.14928511992658,0.10666073668613073,0.08463483237055146,0.06162140835896133,0.10307230260678514,0.09314188386096393,0.11948718136839688,0.10977151599222013,0.09313658940026477,0.1257002907296772,0.10277325862604822
24,24.0,21.423028783545156,0.10577241082333141,0.0850769682700711,0.061388809339448826,0.10337450949262947,0.0915146421519048,0.1204769272977248,0.10930529150836306,0.09318090398970429,0.12670855545251467,0.10320098167430737
25,25.0,22.695167792966423,0.10433157369772562,0.0842116836739699,0.060315498574302545,0.10327841238710617,0.09277509129052303,0.121231292209168,0.10945619974715015,0.09424689236440986,0.12692367912065675,0.10322967693498777
26,26.0,23.963141223515898,0.10412677766740187,0.08385700227532664,0.060169114390999826,0.1026927180530609,0.09182339614602314,0.12197331282149178,0.10948428703060153,0.09412739446852483,0.12840686021397832,0.10333913693259099
27,27.0,25.224685898775267,0.10538782840516922,0.08378534895224068,0.06016953576987624,0.10182708373551913,0.09065001778037744,0.12240247231421342,0.10932883386193096,0.09446575538001452,0.12908718112332246,0.10289594267733579
28,28.0,26.477829247520948,0.1056485297903677,0.08364032687993994,0.05910746919759122,0.10071374282690976,0.09057247454923621,0.12291028414621165,0.10870161448073742,0.09502824297222455,0.13053800175605687,0.10313931340072457
29,29.0,27.720879968916847,0.10500187678997326,0.08320215986046726,0.05873746637863601,0.09968851483885217,0.08926717529359465,0.1254874063319471,0.10759857822318114,0.09498241265696616,0.1321355610629187,0.10389884856346343
30,30.0,28.95241681848399,0.1052279167125033,0.08255188939066196,0.05958041602712759,0.09973211233847531,0.08905251903623337,0.12718079908926833,0.10761059630590336,0.09459955513080964,0.1316298739543932,0.1028343220146238
31,31.0,30.17127581490958,0.10458589871720823,0.08265717224735687,0.05984292575551049,0.10021353744528604,0.08831504758183428,0.126760738560194,0.10744258196511491,0.09490133795221053,0.1326065418117882,0.10267421796349632
32,32.0,31.376536153543515,0.10558096739812925,0.08402579658582283,0.05875621631215053,0.10064884405099313,0.08835658265031487,0.1282012988594105,0.10547321748803354,0.09460411931547229,0.1323480522835407,0.10200490505613218
33,33.0,32.567505096778625,0.10456604578219195,0.08341278827861562,0.05851470937571263,0.09921921139897903,0.08885318276227586,0.12896292420063635,0.10482371518131532,0.09555472309869181,0.13295441995977403,0.10313827996180722
34,34.0,33.74370209472243,0.1035261062429281,0.08294528163133792,0.05820227916319916,0.09961432291409822,0.08890173877429444,0.12927077951819657,0.10444903965962242,0.09576625837315171,0.13412229047624005,0.10320190324693121
35,35.0,34.90484237192463,0.1029991289035685,0.08348688653444601,0.05798249273692546,0.09911170786259985,0.0887091166666824,0.12973984807540348,0.1035389329525159,0.09590827776998403,0.13544041762620707,0.10308319087166712
36,36.0,36.05082019768737,0.10222952685096025,0.08322002914153868,0.058386348459776014,0.09946636876540808,0.08894173299196709,0.12993572376089968,0.10321418875829244,0.09583863359686177,0.13528375083468844,0.10348369683960734
37,37.0,37.18169203889697,0.10159060358000865,0.08394968018402936,0.0605204942186679,0.09926389127871553,0.08852141867850914,0.1302160982269424,0.10200943736986867,0.09640976565673848,0.13477027880048575,0.10274833200603387
38,38.0,38.29765977559663,0.10199502638387833,0.08423604161727621,0.06038957349210956,0.0975105464867494,0.0871797620806383,0.13070269570528412,0.10264786762662303,0.09699019321652302,0.1357961272084796,0.10255216618243816
39,39.0,39.399054140870355,0.10173882918890133,0.08325798815892586,0.06022056529807977,0.09682361238517669,0.08806648431798525,0.13072242784792631,0.10220961247733452,0.0971595545075838,0.13689490373791002,0.10290602208017617
40,40.0,40.48631852820801,0.10096226252449872,0.08220366492253822,0.06193903792549799,0.09584592075892967,0.08738793815363798,0.13069485538462822,0.10220508398101691,0.09729908149552309,0.13802714579170033,0.1034350090620286
41,41.0,41.55999329152982,0.10015355059475338,0.0824029558128786,0.06310341823851749,0.09665775479815601,0.08765804625780876,0.13077749930947077,0.1014628266167869,0.09663101759703818,0.1374090519748863,0.10374387879970332
42,42.0,42.62070064560415,0.09874615050537439,0.08305390614241778,0.06465577789176973,0.09654379851900713,0.08763453194333778,0.13125003875936483,0.10134282676647184,0.09635265218537191,0.13698225574639616,0.1034380615404882
43,43.0,43.669130257815,0.09745600599515138,0.08312126655638588,0.06561800082041506,0.09624696011530519,0.08750025925765764,0.13220130118459128,0.10197547073618315,0.09555194606754878,0.1371591492509248,0.10316964001583663
44,44.0,44.70602560622662,0.09816751775310326,0.08318930602372229,0.06580830317361144,0.09633508075487854,0.08740858248791536,0.13146520783381554,0.10176998714675414,0.09533929951857076,0.1365631769819473,0.10395353832568113
45,45.0,45.73217116373481,0.09755475684227692,0.08270836757114768,0.06587195765819685,0.0955830593797216,0.08773094736224776,0.13302704014955438,0.09972998928769666,0.09601389301523046,0.1366951148587513,0.10508487387517618
46,46.0,46.748380453854836,0.09772511743737038,0.08154012029849611,0.06701389212694078,0.0953534979451092,0.08762533323208231,0.13323372908516834,0.10102997707643104,0.09620808966011112,0.1361332157473107,0.10413702739097981
47,47.0,47.755485010424316,0.0978073298382014,0.08202653385673538,0.06765607648279319,0.0955827748073081,0.08611121967076978,0.13321752500497766,0.10056739404201999,0.09644214306170593,0.13664348428120227,0.10394551895428611
48,48.0,48.7543242612326,0.097441526733524,0.08251195935811637,0.06861732561574625,0.0959235776290229,0.08588078151696948,0.13316637567917639,0.09978247925332688,0.09640259080449542,0.1368463877160827,0.10342699569353939
49,49.0,49.745736344347726,0.09731647988703428,0.08274546602365009,0.06899000667662292,0.09578745640766873,0.08484761458809296,0.1331205363354614,0.09983596834895231,0.09604915283701208,0.13767587989908409,0.10363143899642092
50,50.0,50.730549855707864,0.09703845044348891,0.08322075514455171,0.06968511960509575,0.0948239884560538,0.08464420772085156,0.13283992007466366,0.09920473224027244,0.09615828993318784,0.13856373955287538,0.10382079682895871
51,51.0,51.70957651737491,0.09764071925042805,0.08433194324876599,0.07040692524795124,0.0943987150217947,0.08452190815187446,0.13273007387750957,0.0993646253959635,0.09435650435743731,0.1386280668689477,0.10362051857932726
52,52.0,52.68360474770151,0.09778639973344155,0.08494669518422691,0.07045104793336432,0.09546267487444468,0.0847385029442581,0.13357539543150032,0.09935535871317643,0.09397389075200811,0.13734863638863484,0.10236139804494454
53,53.0,53.65339410751842,0.09778554612867416,0.0854517380077381,0.07146368573120723,0.09557487543995802,0.08465885718171835,0.13272539734502314,0.09880109474782196,0.09241498586674023,0.13787500794108987,0.10324881161002875
54,54.0,54.61967059027847,0.09874676634659169,0.08629443637457854,0.07113166423958402,0.09438747887838704,0.08410492232062737,0.13318749570073585,0.09902720724219687,0.09172510960667274,0.13702269209205625,0.10437222719856938
55,55.0,55.58312271885972,0.099358770774848,0.08630030944232225,0.07102166192400138,0.09330642645493291,0.0839727276164333,0.1334478591025214,0.09977873721464253,0.09282272758096755,0.13716821780408572,0.10282256208524466
56,56.0,56.544398407394254,0.09975618856250675,0.08655594615413138,0.07045952323740813,0.09372033829608631,0.08318795720806374,0.13385003761012707,0.09983295201933866,0.09192402146760535,0.13721432157295035,0.103498713871782
57,57.0,57.504102543001395,0.09909481124119218,0.08726432485078878,0.0710441221655501,0.09445020346328155,0.08366414468834048,0.13432243345932024,0.09902408453341874,0.09062188103745572,0.1380616344728778,0.10245236008777413
58,58.0,58.462795239617805,0.09874881587762517,0.08690617742611112,0.07051659572380689,0.09414300156468552,0.08363565157756268,0.13458030262482373,0.09992166875751819,0.0910337306083283,0.13779187560037898,0.10272218023915915
59,59.0,59.42099071417639,0.0995402190330802,0.08722784756303709,0.06998022177687922,0.09429133219016034,0.08378871040205153,0.13382649693835394,0.10015835882647127,0.09001782980497153,0.13861136822080775,0.10255761524418687
60,60.0,60.379156734137354,0.09963883124124356,0.08824717500534121,0.07093750559619624,0.09475852809219054,0.08214141920387381,0.1342213292433848,0.10055629026952223,0.08857425729094416,0.13841018136197153,0.10251448269533162
61,61.0,61.337714584760846,0.09884137444427117,0.08887863306470842,0.06923445079973281,0.09485717274339987,0.0833653420563992,0.13428229414190646,0.10130982660642826,0.0882060361812284,0.13822532830685103,0.1027995416550741
62,62.0,62.29703950447439,0.09842810488263674,0.09050070173803801,0.06824398035117667,0.09497690739114556,0.08403547862481094,0.13435218180906502,0.101381948691551,0.0874190427942459,0.1381012867461505,0.10256036697117941
63,63.0,63.257461537171835,0.09858888434854456,0.09108492060127982,0.06839320117216628,0.09349617169700737,0.08391048825571766,0.13448130834112731,0.1015049197892737,0.08708034122343301,0.13829947867227912,0.1031602858991709
64,64.0,64.21926675122782,0.0983606549112752,0.09188039764518288,0.06839191731736213,0.09317557117162846,0.08448995651898895,0.13376863422710022,0.10222109777031121,0.08686055994112052,0.13817451495151653,0.10267669554551362
65,65.0,65.18269877636592,0.09876364506672249,0.09130833721303376,0.0681183791609649,0.09315680678284388,0.08428614231629915,0.13411805101348367,0.10143263066315937,0.08662666002539679,0.13838755547298423,0.10380179228511154
66,66.0,66.14796061122655,0.09965528292455927,0.0907764073471463,0.06903533466339852,0.0936614888372373,0.08346166015986084,0.13398833155742734,0.10068178083396177,0.08688398797102817,0.1373929463479413,0.10446277935743895
67,67.0,67.11521665648885,0.09964221318559907,0.09166655505074028,0.06843770408794386,0.09273124147555514,0.08398209143060979,0.13353353122250422,0.10020423666725115,0.08690635570858665,0.13751955729800208,0.10537651387320751
68,68.0,68.08459493066005,0.10061753910111626,0.09184399280412797,0.06840582406632535,0.09310988257504749,0.08371630336233281,0.13226498229181588,0.10129939828585044,0.08632385017697748,0.13733737561459702,0.10508085172180909
69,69.0,69.05618942810752,0.10047159597420505,0.09252369450169773,0.06789292317161462,0.093575154210283,0.08413082594813588,0.13123904340691117,0.1007718369566057,0.08710741623230253,0.13718576201800262,0.10510174758024146
70,70.0,70.03006258152917,0.09929161918975783,0.09267380108037057,0.06724347549965287,0.09375296564775693,0.08377758982073866,0.13149601638859224,0.1017323763699583,0.08673304407213166,0.13699244390465537,0.10630666802638536
71,71.0,71.00624779379335,0.09904231221541311,0.09247142319867907,0.06710729253373118,0.09320740282178899,0.08287478053353847,0.13123536067488886,0.10167303210984208,0.08829979734754682,0.13831553614907507,0.10577306241549614
72,72.0,71.98475200689319,0.09834724869503715,0.09161673982816543,0.06687051107035197,0.0931511303981307,0.08283831500366627,0.13210879747765106,0.10375991267940973,0.0894445895600807,0.13718094904198733,0.10468180624551951
73,73.0,72.96555827861411,0.09772100916258034,0.09121066627141458,0.06690028852122595,0.0937813290016083,0.08235236403765801,0.13257553832676258,0.10386191629944713,0.089844846000583,0.13742886915082822,0.10432317322789172
74,74.0,73.94862834037681,0.0972289796821147,0.08957481518548208,0.06643991385775254,0.09469759200591325,0.08334444290785463,0.13260467031437062,0.10473658016399133,0.08909900601301972,0.1383142239531835,0.10395977591631748
75,75.0,74.93390511255946,0.09616005898910525,0.08873468874407765,0.06756858003437076,0.09445698464063931,0.08387302363482763,0.1331349249185776,0.10520075818855402,0.08970161080691666,0.1379775215220658,0.10319184852086517
76,76.0,75.92131515639825,0.09689240578316036,0.08903560735355262,0.06679822448638549,0.0945792289585537,0.08304350640887301,0.1336311034898577,0.10443722612336939,0.09064566115143333,0.1381813160112262,0.10275572023358802
77,77.0,76.91077104428919,0.09671799772564418,0.08850073744870521,0.06665332640330315,0.09444526914908268,0.0829025268486778,0.13480510234839432,0.10349372062960722,0.09058936705730788,0.13903834428696696,0.1028536081023104
78,78.0,77.90217363294813,0.09643955420329925,0.08784372850868205,0.06653517656726525,0.09516047286455047,0.08187210031457423,0.13504220287738128,0.10310361984985185,0.09103596474202334,0.1400006800609251,0.10296650001144698
79,79.0,78.89541422641172,0.0965910155380693,0.08737009749505432,0.06647749074638673,0.09459197111377307,0.08124393256958437,0.13557991399482275,0.10446802059272664,0.09060454402597669,0.13948980146101328,0.10358321246259261
80,80.0,79.89037661826481,0.0968545234660149,0.08769120979917319,0.06592424785300587,0.09457540437183971,0.08098226202621982,0.13593490354153365,0.10366242456104025,0.09079791363610201,0.13951973920422456,0.10405737154084581
81,81.0,80.88693900474995,0.09707734189759448,0.08697181144365493,0.06668635523423863,0.0945837004840288,0.08046574771523234,0.1371630842451718,0.10443260907956071,0.09027853474689784,0.1386484740719646,0.10369234108165566
82,82.0,81.88497576253909,0.09713167524369706,0.08649204696602118,0.0669937382031573,0.09426736251015783,0.08064392200667818,0.13700804709842368,0.1039653180283615,0.09209145277998165,0.1382250366475072,0.1031814005160142
83,83.0,82.88435908692391,0.09651118806483136,0.0859364375242445,0.06709686339211397,0.09410368294623508,0.08159184255416854,0.13707900639700832,0.10377649158275107,0.0921596397854187,0.13821359272478062,0.10353125502844755
84,84.0,83.88496048800103,0.0967847031942586,0.08536822878291801,0.06713879936684096,0.09478084859974523,0.0815545216996012,0.13761181671268263,0.10266545672978512,0.09218496750241442,0.13802629796276722,0.10388435944898629
85,85.0,84.88665214409042,0.09741221840750885,0.0846907530468579,0.06680085549797017,0.09397548162236674,0.08156554140215033,0.13798335362054942,0.10340759482265355,0.09275085786807438,0.13720911356772378,0.10420423014414454
86,86.0,85.88930811312994,0.09795654988960817,0.08498282286291929,0.06620909697406016,0.09501681514743926,0.0813459319476815,0.13809026119060355,0.10311882060621239,0.09246378849780003,0.13702304375438618,0.10379286912928917
87,87.0,86.89280540413424,0.09770148859641119,0.08614128502513187,0.06618546834746102,0.09391554154171476,0.08137634389349822,0.13758618687051305,0.1035642076220826,0.09247403722023899,0.13752928148059057,0.10352615940235745
88,88.0,87.89702491199675,0.09797300968581671,0.08554787552558812,0.06652975894538707,0.09374871136317153,0.08205261243821058,0.1372729088138912,0.10348372460778275,0.09215254096733569,0.13618750599897095,0.1050513516538451
89,89.0,88.90185221995306,0.09703077139732283,0.08634438795166803,0.0668809156188663,0.09448894362994192,0.08209456797487677,0.13516875995286914,0.10413452163204613,0.09231521705198578,0.13606221263867407,0.10547970215174875
90,90.0,89.90717827491419,0.09739573669871651,0.08733284271022636,0.06725314205078048,0.09462403904967638,0.08198860806831243,0.13550113936192132,0.1038899250434599,0.09045122431542574,0.13659523402105803,0.10496810868042261
91,91.0,90.91289994163006,0.09663824583400392,0.08928771213515753,0.06684242350257111,0.09459248659909239,0.08187294052511285,0.135047441958391,0.10317655466122144,0.09135120873934646,0.13523769555272228,0.1059532904923808
92,92.0,91.91892044225806,0.09707685808898936,0.08978617206838518,0.06702335767989374,0.09406162919340379,0.08301379083767005,0.1333396375508711,0.10293702128271118,0.09262935021626593,0.134361959516111,0.10577022356569843
93,93.0,92.92514968840067,0.09687527050924016,0.0902649410140523,0.06676352219417195,0.0945479197970751,0.08262905840607121,0.13329288813320936,0.10287384619728934,0.09238517569112452,0.13323083372158748,0.10713654433617835
94,94.0,93.93150451304501,0.0968265165835527,0.09075284841172747,0.06646978751597635,0.09426866189511787,0.08204883158835001,0.1339779206715764,0.10237318760529343,0.09226846269799156,0.13332831468728767,0.10768546834312631
95,95.0,94.93790881009448,0.09586520371529744,0.09009289611068556,0.06731045328543991,0.09376571963064965,0.08242939767233788,0.13395990812001074,0.10202069626605896,0.09075431979349505,0.1352893537572851,0.10851205164873946
96,96.0,95.94429358933806,0.0952826158083483,0.0903966576083283,0.06686827932414405,0.09454293296974103,0.08206584607405502,0.13286243145941462,0.10291953659844147,0.0912103210926919,0.13593137850878154,0.10792000055605352
97,97.0,96.9505969547639,0.09528931694489472,0.090599039562692,0.06723009203681721,0.0940933514330671,0.0807181914666719,0.13231241482091807,0.10354939854074532,0.09129931290149315,0.1359431501887171,0.10896573210398319
98,98.0,97.9567640140995,0.09393314656175697,0.09055755629312551,0.06705463897767619,0.0954000913551017,0.080338462537669,0.13167622322778627,0.103121164818122,0.09112680744136299,0.13720954712317068,0.10958236166422847
99,99.0,98.96274672736057,0.09311528411216709,0.09176024906439287,0.06720982137392702,0.09558958570017081,0.08082675689271976,0.13101052545188296,0.10154979884491196,0.0929899589101424,0.13597645141073778,0.10997156823894713
100,100.0,99.96850370202192,0.09383082052895941,0.09149167484063182,0.06614698667264106,0.09560441514314803,0.0813905312342146,0.13234045716956,0.10125924724135937,0.09300582063731688,0.13491735520357562,0.11001269132859297
101,101.0,100.97399994219691,0.09360453856899541,0.09049663656509059,0.06588883261291853,0.09527612925226563,0.08322075139584986,0.13333251696577478,0.10084848425350133,0.09265086663311231,0.13515849831192575,0.10952274544056559
102,102.0,101.97920655893245,0.09339244710404819,0.09116196486700473,0.06566581948580641,0.09636361055388826,0.0827190937883231,0.1323361610055245,0.10167576829942337,0.09189958937777454,0.13475794507257927,0.1100276004456274
103,103.0,102.98410044840509,0.09448490730461102,0.09184997782362468,0.0654909104819961,0.09867620758690754,0.08197551012285478,0.1315587948308331,0.1012267897033374,0.0920522607533404,0.1331466440470856,0.10953799734540914
104,104.0,103.98866394444643,0.09502579472303185,0.09195594161434319,0.06538646192540405,0.09904041726383679,0.08018322774740543,0.13196648110429557,0.1017279484866061,0.0926294848063491,0.13313288959494446,0.1089513527337832
105,105.0,104.99288445143917,0.09547732804864843,0.09309438266568076,0.06494303319626246,0.0988703288351423,0.07898749017469349,0.13162038850570754,0.10392624153187965,0.0916615645266409,0.13326355969849224,0.10815568281685198
106,106.0,105.99675406321822,0.09604331462656988,0.09254712007188237,0.06328495378199173,0.09905383312871842,0.07971037641501658,0.13255462895019773,0.10389192787975109,0.09096270954615934,0.1344403918831537,0.1075107437165589
107,107.0,107.0002691731872,0.09596210848862263,0.09377642921155982,0.0628520379053762,0.09837723243437002,0.08007697869178242,0.13182280481506717,0.10450680682537827,0.09177183185662761,0.13395049595258765,0.10690327381862791
108,108.0,108.0034300804274,0.0946255560816215,0.09465951067923782,0.06287136050615093,0.09779203285852651,0.08089544594188211,0.1321069490827695,0.10450647526023271,0.09135100595166913,0.1339482326848379,0.10724343095307162
109,109.0,109.00624059613932,0.09479645946405749,0.09469128096565313,0.06269479857721066,0.09832625149905419,0.08138024900231934,0.13267869262575105,0.10347300170904636,0.0906118563964734,0.13387105419710618,0.10747635556332791
110,110.0,110.00870765431864,0.09519539712120831,0.09455583577465784,0.06359485147624604,0.09701646367468433,0.08131998164908828,0.1339874203026462,0.10425954897672451,0.08946479753349484,0.13328843495726614,0.10731726853398323
111,111.0,111.01084093013685,0.09554294335751806,0.09402920666811816,0.06487544868001255,0.09680348598187986,0.08131730104244236,0.13301409251012536,0.10434378539290487,0.08907378386640988,0.1335698914116469,0.10743006108894165
112,112.0,112.01265246907188,0.0956949426514764,0.09326798201406354,0.0661799355553148,0.09786032801506939,0.08159393201744275,0.13207914054920195,0.10329032375513358,0.08916809657130363,0.13328259997956562,0.10758271889142798
113,113.0,113.01415632942268,0.09641140358702428,0.09386836822498068,0.06504039441118448,0.09772305445867743,0.07994744277481436,0.13291975773581668,0.10327462535575388,0.08960583014961356,0.1333259678339638,0.10788315546817052
114,114.0,114.01536824044418,0.09475159341113262,0.0947180231032507,0.06451043297135955,0.09654522885205608,0.08104386429899262,0.13325198829529358,0.1025203900195919,0.08987096382710792,0.13484639503243426,0.10794112018878046
115,115.0,115.01630527795908,0.09593613183199846,0.09505401932491352,0.06462024482375539,0.09617392396713678,0.08081405327256495,0.1332238058386367,0.10238967170982506,0.08929279115899656,0.1350707043969851,0.10742465367518717
116,116.0,116.0169855589429,0.09655649697173353,0.09476567515405017,0.06649817747626402,0.09481280833537085,0.07923289563515211,0.1337810268882816,0.10335447317533691,0.08855016554218051,0.13532927415537419,0.10711900666625579
117,117.0,117.01742795623892,0.09742728308260112,0.09487796423186254,0.06649807208454722,0.09483355633081145,0.07860380102992388,0.13326270958202574,0.10335601938148804,0.08835408591281882,0.13552844180910786,0.10725806655481303
118,118.0,118.01765183424293,0.09759556446244483,0.09432573566064073,0.06615671051321442,0.09463757470267803,0.0789591989192463,0.1329325272936857,0.10342194515005537,0.08905122318323944,0.13505063265898032,0.10786888745581452
119,119.0,119.01767680610413,0.09726346574328601,0.09555738954746462,0.06793288737275101,0.09473031821614031,0.07818061758196454,0.1325020449910387,0.10329201751091242,0.08818335709846209,0.13426480299851207,0.10809309893946793
120,120.0,120.01752251271817,0.09741276336723842,0.09547200546982831,0.06770218660181002,0.09440859079432358,0.07820156067390398,0.13319170618361492,0.10261584093941,0.08853160153976046,0.13432051187742017,0.10814323255268986
121,121.0,121.01720842354362,0.09770593469423387,0.0964118792247221,0.06703826361583508,0.09529279664317708,0.07692820158296716,0.13270693898811814,0.10197670643700685,0.08796146138686334,0.13487941410357662,0.10909840332349943
122,122.0,122.01675365905109,0.09727868168324977,0.09505325106370455,0.06672537541439426,0.09618470462552117,0.0770272883035441,0.13324820772057852,0.10084869875861832,0.08964418988913701,0.13506453324003556,0.10892506930121641
123,123.0,123.0161768344173,0.0978651122139449,0.09529449267784426,0.06810489804236683,0.09635665229179663,0.07631874030879375,0.13323231425010543,0.10003627780331087,0.08814270317138301,0.13511400247606217,0.10953480676439181
124,124.0,124.01549592390272,0.09922494400583645,0.09627181940909572,0.06791888702997732,0.0965803043934026,0.07564962500815223,0.1338548529432933,0.09939885660388233,0.08753377604318671,0.13497686445106066,0.10859007011211236
125,125.0,125.01472814520056,0.09849519741173937,0.09508417486421633,0.0691537890999049,0.09733263738301706,0.0768339743462751,0.13303148558819314,0.0996780655608798,0.08752388337589084,0.1352745806459135,0.10759221172396961
126,126.0,126.01388986291661,0.09859506430998038,0.09649982366246984,0.06806764822684229,0.09710000934939134,0.07753772000504731,0.1329863063402916,0.1004924951797977,0.08670364220970583,0.13464086206954637,0.10737642864692698
127,127.0,127.0129965102319,0.10000637856266555,0.09638916916061456,0.06727790659655537,0.09755202531594627,0.07840190088161567,0.13197680795207378,0.10074271823177144,0.08763430953134331,0.13312239522517838,0.10689638854223535
128,128.0,128.01206252771334,0.10020861060215683,0.09742558925125852,0.06655604527725441,0.09870858368132317,0.07840297513020485,0.13214904013927317,0.10100567233906493,0.0872609596874164,0.13274466283677802,0.1055378610552694
129,129.0,129.0111013181695,0.10048535915534992,0.09771789631208648,0.0670324788931703,0.09973576585834287,0.07740692977950106,0.13206956528278024,0.10110039054899646,0.08802046665730603,0.13172665260126057,0.1047044949112058
130,130.0,130.01012521639834,0.10000317656752233,0.09828340647983125,0.06548146458826992,0.10011168263136458,0.07724277837545199,0.13190465547217045,0.10109899857490857,0.08934851945279089,0.13089811127488693,0.10562720658280281
131,131.0,131.0091454726403,0.09984615763801112,0.097430702923259,0.06665424006809872,0.10067047144158099,0.07780352525584769,0.13069464525033148,0.10049655338559683,0.08964198037356212,0.13092011299267203,0.10584161067103974
132,132.0,132.0081722485317,0.09811402804855598,0.09811930336788018,0.0660986245911549,0.10103739306407654,0.0787647600530057,0.13151024933850217,0.10029588695563642,0.09007207160530198,0.13145303178137144,0.1045346511945145
133,133.0,133.00721462434865,0.09710347171714159,0.0977208080548998,0.06612265043394099,0.10198368870593913,0.07905316652607106,0.1305930498270723,0.10129109788836471,0.08925724105271206,0.1315834429217562,0.10529138287210199
134,134.0,134.0062806163404,0.09646643111815106,0.0971099190537989,0.0649258096571387,0.10253978325750655,0.0806795494636412,0.12968335528811242,0.10143118786448209,0.08930239545881606,0.13252887298443472,0.10533269585391809
135,135.0,135.00537720296956,0.0962230891898053,0.09648948400774963,0.06362084648475082,0.10227650594220519,0.08090926946204194,0.12962949427314588,0.10298445681575616,0.08936625781390835,0.1331954691580641,0.10530512685257248
136,136.0,136.00451035890612,0.09742670633585268,0.09603699527850246,0.06248392832252092,0.1014134281897862,0.08137124661531626,0.1295832483307294,0.10278513695112053,0.08925392772038583,0.13374420350046323,0.10590117875532233
137,137.0,137.00368509565993,0.09770360086713477,0.09606323249634945,0.06255239681887631,0.10251179810145944,0.08221769177479823,0.12753501169417816,0.1029750420236935,0.08891715956122331,0.13280647152042985,0.1067175951418568
138,138.0,138.0029055077818,0.09863478408453398,0.09504827035722145,0.0618065942573722,0.10292314224958381,0.0820751626581502,0.12811993393262766,0.10280212290816049,0.08964411825863151,0.13208134107235242,0.10686453022136613
139,139.0,139.00217482361367,0.09766018388693366,0.09338131529253482,0.0616420565966855,0.10358694192086365,0.08106438315826549,0.1280093380971784,0.10451834113560307,0.08896448590754444,0.13356582957342455,0.10760712443096627
140,140.0,140.0014954596262,0.09776053554607725,0.0923555162703686,0.060720647077159816,0.10399251549797947,0.08077176135973702,0.12803499797683277,0.10492230723707144,0.08960360106455757,0.13372793308976938,0.10811018488044656
141,141.0,141.00086907744122,0.09709395893404572,0.0920054622129304,0.06260811003147376,0.1041882089715636,0.08040653445854978,0.12758902386289442,0.10512825806164797,0.09037875855948374,0.13301651291817104,0.10758517198923936
142,142.0,142.0002966427003,0.09671860983051994,0.09231783576765447,0.06193351680818587,0.10430335376750871,0.0800926858967023,0.1303852266769238,0.10407007132890995,0.09016098799441644,0.13199058745316897,0.1080271244760094
143,143.0,142.99977848500652,0.09675215821019267,0.09094721275663026,0.06136858229890028,0.1043007580881545,0.08074970267316615,0.1312883126389995,0.10407129145737132,0.08991074692405979,0.1326991272031191,0.10791210774940625
144,144.0,143.99931435823203,0.0977451327810806,0.0917381911019935,0.061642881042600156,0.10459219428828896,0.08184854917499808,0.13013456998753614,0.10206480981825133,0.09057870157567506,0.13345557508600106,0.10619939514357495
145,145.0,144.99890350055264,0.09738244892310761,0.09214777421536224,0.06115390671578522,0.10424851692415178,0.08279289148825934,0.13101591486091305,0.10095607701271621,0.09048942010242127,0.13343780745646677,0.10637524230081635
146,146.0,145.9985446936357,0.09826795240329911,0.09236266829528435,0.060507033442644235,0.10473830452588025,0.08412051701903536,0.13114224622318027,0.10121061848678685,0.08955033965935642,0.13310875173865366,0.10499156820587933
147,147.0,146.99823632047406,0.09780689176636204,0.09292401764055348,0.06095756791047076,0.10346067832090604,0.0838010845130165,0.13151440212975676,0.10188301532900336,0.0899007750768114,0.13342939083059766,0.1043221764825218
148,148.0,147.99797642142389,0.09969579190604666,0.09202494286262335,0.060900661371496176,0.10443391879941524,0.08450417951690593,0.13181531717377262,0.10221560134231061,0.0874699097015175,0.13389532731583348,0.10304435001007822
149,149.0,148.99776274806447,0.09930637090543402,0.09176081159434352,0.06165672562279866,0.10388781280857443,0.08448127170773574,0.13270880427134393,0.10170988639992955,0.08693564185433922,0.13495257769015714,0.10260009714534354
150,150.0,149.99759281456036,0.10013755235469878,0.09152729621327722,0.06267001183736695,0.10262568718467728,0.08341301140194993,0.13324156323687217,0.10151069959068833,0.087498527715155,0.13501758432684247,0.10235806613847165
151,151.0,150.99746394626104,0.10033231760069694,0.09248960686127264,0.0629517088917144,0.10332173563979283,0.0825141880289288,0.1328541849228596,0.10082465908949968,0.08712094753743399,0.13553052925829734,0.10206012216950353
152,152.0,151.99737332532905,0.10054109900491463,0.09264682893300742,0.0637102784278067,0.10326146673464048,0.08222660577553627,0.13246835141973787,0.09946631167580787,0.08770517963655618,0.1348751883696256,0.10309869002236674
153,153.0,152.99731803323698,0.10207246880970977,0.09265564988229821,0.06455876036378733,0.10173925507748237,0.08217704747659198,0.13148844195367146,0.09952404345213876,0.08674548185868781,0.13485452209550827,0.1041843290301238
154,154.0,153.99729509002177,0.10119127087643232,0.09326930776667955,0.06395527812978505,0.10178748435945201,0.08269335232052147,0.13301345036531453,0.09949493838911591,0.08702211166298181,0.13419297126205154,0.10337983486766557
155,155.0,154.99730149022784,0.10064987491922325,0.09216705941977288,0.06486185473524286,0.10099839764193846,0.08305045967378938,0.13382840691871262,0.10204702879401986,0.08763685230181781,0.13329151946145873,0.1014685461340239
156,156.0,155.99733423551103,0.10032019278256522,0.09229307138573555,0.06582291024860862,0.10141539288583604,0.08238780720088239,0.1341384015063679,0.10089369463220614,0.08748267460505825,0.13319955930503163,0.10204629544770799
157,157.0,156.99739036391077,0.10046979987108025,0.09209815042719394,0.06532645304305569,0.10089968266321409,0.08369949301592029,0.1334769928118186,0.10312699233642374,0.08720331197072641,0.13245322253984346,0.10124590132072327
158,158.0,157.99746697583146,0.09955729536350943,0.09191966907341037,0.06595260643857413,0.10092958766093799,0.0839412329653093,0.13406523347099816,0.10219662705069446,0.086844213019552,0.13270578910925396,0.10188774584775995
159,159.0,158.99756125680176,0.10045082314701313,0.09179079405144165,0.06586286105750286,0.10008307048028658,0.08397058413778637,0.1331935188813464,0.10251782710277099,0.08664476922182453,0.13325008808350056,0.10223566383652673
160,160.0,159.997670497107,0.09944039963380455,0.09221125940543311,0.0669665381319745,0.09999251625481169,0.0837263607186643,0.13291644089220045,0.10330300619241718,0.08625931309409618,0.1333105247001495,0.10187364097644831
161,161.0,160.99779210841066,0.09996697074916676,0.09252145697136682,0.06751544124490656,0.0992221760318023,0.08302153702669154,0.1326005538169541,0.10302989677547791,0.08542097863090574,0.13348738797552182,0.10321360077720623
162,162.0,161.99792363749984,0.09995212372370035,0.09198767797263446,0.06661556024565138,0.09870340380821795,0.0831076366503927,0.13360019415970267,0.10367392121969403,0.0841026829017158,0.13483009827858783,0.10342670103970261
163,163.0,162.9980627773051,0.09980609066831428,0.09293120846629996,0.06735586046648513,0.09879589611654689,0.08222462803545472,0.1322183183472582,0.10433119389106035,0.08448685414686918,0.1336900101469427,0.10415993971476836
164,164.0,163.9982073753568,0.09882322475249017,0.09314729235354938,0.0675304352964006,0.09868841123069438,0.08101126648711798,0.132366505311388,0.10533416135854827,0.0848356150927113,0.13435365648859954,0.10390943162850019
165,165.0,164.99835543984977,0.09929708885575803,0.09382328014767313,0.06692171832325262,0.09857231436049554,0.0802424500360699,0.13162181726553648,0.10638006209991838,0.08471909788884371,0.13483843019070832,0.10358374083174371
166,166.0,165.99850514349492,0.09881690074387656,0.09347974482323548,0.06546382967991972,0.0988756728270401,0.08074175126958608,0.13131459485421174,0.10779279549583036,0.08433495752942678,0.13405076437759444,0.10512898839927856
167,167.0,166.99865482534062,0.098423309487143,0.09458004096562861,0.06540452652558479,0.09821542663737365,0.08113156288450317,0.13103127110555016,0.1083796370518102,0.08445926845881249,0.13352530164886747,0.1048496552347263
168,168.0,167.99880299074837,0.09989026489801506,0.09485274697457163,0.06474481285502488,0.09740693055890054,0.08126685811818357,0.13167801124916861,0.10700789980489786,0.08478339892151615,0.13370447366780674,0.10466460295191476
169,169.0,168.99894830970783,0.09965128001803271,0.09630390984823124,0.06504863448234242,0.09650428735862801,0.08025426381895658,0.13129823773953472,0.10681723589650433,0.08592053966628316,0.1337188306799759,0.10448278049151072
170,170.0,169.99908961367427,0.09816129963369198,0.0967411401663782,0.06613119397351647,0.09585129984561361,0.08032917867554903,0.1316511409476575,0.10605264020351483,0.08609351989462315,0.13396870691448026,0.10501987974497472
171,171.0,170.99922589110733,0.0980459381253152,0.09797051747433598,0.0675269875906005,0.09619188531455941,0.07997402956737273,0.13083175042943854,0.10428343872126908,0.08579370663503881,0.13287356941356665,0.10650817672850285
172,172.0,171.99935628188598,0.09926080550139042,0.09710798753853767,0.06741056052687985,0.09603214604521249,0.08065846812978883,0.13056776793692276,0.10415610212057416,0.08477113408654252,0.13345974644055514,0.10657528167359592
173,173.0,172.99948007076793,0.09839930730831851,0.09754591126138937,0.06809807749769684,0.09703433539014684,0.08054854147232444,0.1307706034693235,0.1036122496530915,0.08484269419388397,0.13207910073992338,0.10706917901390142
174,174.0,173.99959668005403,0.09949267178563206,0.09693659776075313,0.06812275448891549,0.09734134089081625,0.07890550127425805,0.13148897336048698,0.10310675522923601,0.08462684499763504,0.13190319702183798,0.10807536319042882
175,175.0,174.99970566161096,0.1007153074282396,0.09683598224263382,0.06738981404384309,0.09748499717929845,0.07847583949138975,0.13117191004196466,0.10437899027085867,0.08465571144522427,0.13120397680469514,0.10768747105185238
