,Unnamed: 0,Generation,Intertwine_two,Add_vertex,Delete_vertex,Invert_path_vertices,Insert_inside_vertex,Delete_inside_vertex,Replace_inside_vertex,Donate_between_routes,Trim_one_terminal_cb,Grow_one_terminal_cb
0,0.0,0.0,0.09999999999999999,0.09999999999999999,0.09999999999999999,0.09999999999999999,0.09999999999999999,0.09999999999999999,0.09999999999999999,0.09999999999999999,0.09999999999999999,0.09999999999999999
1,1.0,1.0,0.10214781060883019,0.115224034120751,0.07245914042975524,0.09325455485617325,0.10499469350602866,0.11267102912377014,0.11129460174520382,0.07270123196121489,0.11063248013200241,0.1046204235162699
2,2.0,2.0,0.08853340335386609,0.09216395754554693,0.08037005390466813,0.12040423934034761,0.09301623829567479,0.11636643890931894,0.11568589825346476,0.0850858405190896,0.10086228893998037,0.1075116409380423
3,3.0,3.0,0.10742209204900802,0.09290673205975868,0.07502194526505963,0.09232079470603807,0.08524476000640806,0.11424976448560739,0.1066603107765907,0.09434540888220319,0.11710358210750318,0.11472460966182255
4,4.0,4.0,0.1073379110666326,0.0910237637169509,0.08092755366831669,0.09923773379848437,0.10738008056727777,0.10574685042017862,0.09767194901549651,0.09050605534108018,0.1320015547177015,0.08816654768788039
5,5.0,5.0,0.09577817082116091,0.11417656178883155,0.08145589722376176,0.10203031606935413,0.07616864272070822,0.1240364919365701,0.10267193425892589,0.09341008990939262,0.11544329308925909,0.09482860218203529
6,6.0,6.0,0.09991475726294033,0.1044337074617679,0.09235251773282173,0.10144430495794268,0.10337271205510938,0.09829565763031302,0.10072471162357415,0.07929118494585989,0.12247270062201736,0.09769774570765317
7,7.0,7.0,0.11810467064736334,0.08975943787661525,0.08952272400876068,0.10769218129368237,0.08306031384821297,0.11468813792209229,0.07413703189053718,0.08502541953026979,0.11670776299476246,0.12130231998770329
8,8.0,8.0,0.09325709801203202,0.07766389215240457,0.08606309097598254,0.1056018394302691,0.06500620314167635,0.1323802329833473,0.11446657600790941,0.09381979900214182,0.11866538043367662,0.11307588786055978
9,9.0,9.0,0.08982649447317301,0.10534420726178947,0.10516822522226157,0.0912404691304163,0.07008902420161908,0.13532298918105995,0.07583561391593839,0.08912367843413754,0.12807787674632579,0.10997142143327843
10,10.0,10.0,0.08806285281693135,0.0892331586812131,0.10279771481659745,0.11850044948717275,0.05448397326701988,0.13814901644122607,0.09319135508573409,0.07770563829598062,0.12529377313066373,0.11258206797746058
11,11.0,11.0,0.08311911617429184,0.0788264130975603,0.0913690729903964,0.0750970856356484,0.11677617775768842,0.12757926146935078,0.10442164737315304,0.08967615396266933,0.13191279581185147,0.10122227572738948
12,12.0,12.0,0.08551273109037864,0.10531271027348917,0.08906496349124544,0.10199792434780126,0.09461258884847722,0.135110842679496,0.07983613128925522,0.06395752653216495,0.12044546273837206,0.12414911870931959
13,13.0,13.0,0.08992133648329187,0.09191695368317164,0.08015829972680075,0.09937291505533356,0.07857954142644771,0.14171624502463082,0.08831814846373434,0.09007834177987036,0.13092463937101773,0.10901357898570074
14,14.0,14.0,0.10661692956287341,0.07739171037338707,0.10848632119235617,0.08677572943265399,0.07597645717798451,0.12714312464161298,0.08597184995276783,0.07909941767112999,0.12943830542151707,0.12310015457371656
15,15.0,15.0,0.08107324387464275,0.08120422763372977,0.07375292863165558,0.0992227826404364,0.09731967408363207,0.12880715893302377,0.10863183575674869,0.0680840060012374,0.14208158580899338,0.11982255663589983
16,16.0,16.0,0.08235425057682126,0.09494960172525826,0.07061577933932042,0.10167592508786547,0.0873095230110528,0.132579205589606,0.10057918047484378,0.06959845079325558,0.13269109584169012,0.12764698756028592
17,17.0,17.0,0.08393012470841081,0.09731153705035614,0.08810581030535632,0.08822496155033148,0.07207259463197076,0.12038099845999586,0.11742048720875035,0.08589709499758227,0.13369111869038308,0.11296527239686252
18,18.0,18.0,0.0947984706055219,0.07554405077881272,0.08564634802839283,0.1097613175272055,0.07838760633114468,0.13159279613043184,0.12004347133237074,0.06440536284274195,0.13476777719087396,0.1050527992325035
19,19.0,19.0,0.08820933709891612,0.09431569630418628,0.08619161905773223,0.09546891470797395,0.07985508267844979,0.11411251940977299,0.10175644790586116,0.0805698757025549,0.13348513489057034,0.12603537224398184
20,20.0,20.0,0.07743892425799428,0.10998122395172812,0.0886955520095141,0.08052522818832984,0.08162431577018973,0.1472119910457759,0.09373533346664881,0.10051512184354953,0.12132936435689659,0.09894294510937263
21,21.0,21.0,0.11685736379191987,0.09331720202756966,0.0952106956371837,0.09352073714286627,0.06862095467073344,0.11243987082306232,0.08621581454360525,0.08763558116910622,0.12458570101817604,0.12159607917577683
22,22.0,22.0,0.11142523446300942,0.08861708432282046,0.0887676764177366,0.08944236824502196,0.07532591655449203,0.15130398296567116,0.07667163994503509,0.08864794682370618,0.13477843444511267,0.09501971581739407
23,23.0,23.0,0.07848936303545292,0.10370842728605552,0.0916623166679696,0.09521773367931599,0.0777718572441541,0.13654957397767262,0.10241332670365426,0.0658516637883677,0.13783805143217492,0.11049768618518196
24,24.0,24.0,0.09997374584081299,0.09590489417405082,0.10308710680932746,0.09270291056133209,0.060172617981417466,0.13513975761223482,0.08273867032275509,0.059703230899331924,0.13088424509781982,0.13969282070091715
25,25.0,25.0,0.08371195966058644,0.1040939097065801,0.09274662563341787,0.10780864505636378,0.0632195339407696,0.1448633490968983,0.07479717659997157,0.08554308489689096,0.1431072094879216,0.10010850592059946
26,26.0,26.0,0.09618053294951201,0.09083655280898573,0.10613205404128276,0.0781874750120341,0.0482933869778082,0.12904451665974054,0.10909801283795854,0.06189266078842728,0.13563545717576111,0.14469935074848925
27,27.0,27.0,0.08135450961950572,0.061673827206299256,0.08651244054530136,0.10009155858774235,0.04500325718273758,0.13547716313142597,0.11503385777486905,0.11510911506186547,0.14706970482263698,0.11267456606761588
28,28.0,28.0,0.10129163824783194,0.06492019355661134,0.09094947868092855,0.08932863070042696,0.06068419327644017,0.16620665510583083,0.08182695403157664,0.06835962695788086,0.1555994035726,0.12083322586987233
29,29.0,29.0,0.08166923625515637,0.0756532608602433,0.10066842362297726,0.11648449488037196,0.0724479678460075,0.12514737201142678,0.09664586679391811,0.07018184725774809,0.15492753701247092,0.10617399345967926
30,30.0,30.0,0.0885596751467608,0.07366446827496856,0.09496958537765478,0.10648164721164796,0.06368013218809977,0.14448507470540184,0.08679405676705113,0.09438461085923718,0.14701971533100988,0.0999610341381677
31,31.0,31.0,0.08211555837978246,0.08705110640634121,0.06384760707647011,0.09595804033450733,0.07924275016288891,0.16538198898063056,0.08304083323541592,0.0731297852229778,0.1466436164913703,0.12358871370961508
32,32.0,32.0,0.09934368937552904,0.07754054748867831,0.07184129895901965,0.0808244306742207,0.0498764894210188,0.14484062691981822,0.11002435691600924,0.09490822539535221,0.15519048283697617,0.11560985201337728
33,33.0,33.0,0.08930529902217861,0.08005688197532135,0.09459761399369516,0.09627222365310507,0.07748322737799349,0.1286836463258904,0.08410796143436103,0.07960150209969469,0.1454039511198163,0.12448769299794357
34,34.0,34.0,0.10060831748047501,0.09551307082171451,0.08483548164389672,0.11124808362159495,0.0804559714500511,0.15535832882050973,0.08737336396777673,0.057445332123607175,0.1393497686957176,0.08781228137465609
35,35.0,35.0,0.09059921680142904,0.09010872498813587,0.08431185835532062,0.11747681367154535,0.06795346772334838,0.15026017023050392,0.09710909396709558,0.05521959371436821,0.16035653852439397,0.08660452202385872
36,36.0,36.0,0.07283791159366829,0.10436852277369271,0.0912407132733829,0.10035959851988577,0.0558677094669076,0.17475303300798778,0.08412106337675299,0.05204260783475299,0.15955144533256932,0.1048573948203994
37,37.0,37.0,0.08337387805880772,0.08188425019088535,0.09490111088052033,0.0900044972328025,0.0850594473835121,0.13320398545455206,0.0875202297586498,0.09175675554584566,0.14315102300082216,0.10914482249360198
38,38.0,38.0,0.05494757998221904,0.09451593893606743,0.100381081302063,0.07287235724990652,0.06522721258188698,0.15440554101551757,0.0896954093202286,0.07952218052929345,0.16959317490955877,0.11883952417325834
39,39.0,39.0,0.07995541781337993,0.08874559972962306,0.06755457698392872,0.10416264590620514,0.057858853670322966,0.1588396207847092,0.08626298956880128,0.07663668503468038,0.17015302642081404,0.10983058408753492
40,40.0,40.0,0.09817921769471313,0.060064866735231134,0.07598309577992492,0.09698800174249293,0.056576918791869414,0.14662486002631364,0.0957836343308517,0.08917242904654452,0.12274849089661741,0.15787848495544082
41,41.0,41.0,0.10000625845015007,0.09769629680249584,0.08489729208577856,0.0968020954563777,0.07399222752769527,0.14934259473876904,0.07045174208872858,0.06393040020085385,0.12526833382783784,0.137612758821313
42,42.0,42.0,0.05424308256193109,0.10139945089516855,0.1038166083984124,0.08118656039743485,0.05155302570044561,0.14578788785448643,0.10875936685923944,0.06575847714172414,0.15349947418442386,0.1339960660067332
43,43.0,43.0,0.0543430641578719,0.07449758032528345,0.11964565514517148,0.08240210471367329,0.06661768691722617,0.16060119254478253,0.1015207344237213,0.06645923120088414,0.15535124550330315,0.11856150506808238
44,44.0,44.0,0.07463454944140914,0.09991815738769136,0.11535948682095294,0.1021247617444371,0.06565181067055129,0.13426878814456117,0.08565545764307615,0.08578894205580645,0.13223673594200752,0.10436131014950653
45,45.0,45.0,0.07948528260668228,0.0808790616440068,0.09444337217900531,0.10064178184361439,0.07039045747409685,0.1357123779355138,0.10180470551631335,0.04642572344965858,0.17137484207989834,0.11884239527120992
46,46.0,46.0,0.09863528538940061,0.08589131076690742,0.05639079477413637,0.0836920073102888,0.07040398104034973,0.17168363577599183,0.10898665832320734,0.06673859671728902,0.1401506991711347,0.11742703073129386
47,47.0,47.0,0.07283670503394642,0.09701289941334834,0.07810566112641619,0.11718639747681181,0.052771701954969066,0.16112300102177884,0.07604464881949963,0.09202936111906994,0.14270096930716553,0.11018865472699393
48,48.0,48.0,0.0764976510026307,0.09120422718246665,0.10120036996757953,0.11251945843680995,0.05422272471629556,0.1562805745652212,0.07841896051776095,0.05744982958471506,0.14955542482466666,0.12265077920185341
49,49.0,49.0,0.08181808266345028,0.09728169983784007,0.07199826142345798,0.07155511240292396,0.08269880942929267,0.14818289196780338,0.1270863076902625,0.06826739310924244,0.15051852502239382,0.10059291645333239
50,50.0,50.0,0.07053183805421125,0.10795606742657719,0.08483828529762685,0.0743251076494659,0.06056855709518829,0.16155721429689934,0.11160148162588712,0.0658829025065717,0.1742802008515072,0.0884583451960649
51,51.0,51.0,0.12627703444753233,0.09339546621545786,0.09236223490447795,0.10982772696846717,0.053017073265888726,0.12803563868379877,0.08661419193213322,0.067078361201137,0.11502252164546849,0.12836975073563822
52,52.0,52.0,0.10918852229990114,0.0816316380959106,0.05176478368169844,0.08634725360419218,0.04558829599456691,0.1426079800462455,0.08494558732109317,0.07214720022048356,0.16452940728857618,0.16124933144733195
53,53.0,53.0,0.06758269988485963,0.09861301942325991,0.07251958154583307,0.09198414811325646,0.08771833485736152,0.171115487743764,0.0798310173500822,0.08155880937063945,0.13605167055612388,0.11302523115481952
54,54.0,54.0,0.06491234006128085,0.08308504565696277,0.08594358793743911,0.11421351227497653,0.07383742780075737,0.14756279422126856,0.08872454919421217,0.08454524810723821,0.15314994229250956,0.1040255524533545
55,55.0,55.0,0.09425005489218705,0.09096872303765777,0.09793779108218281,0.05670576408901978,0.07892273936995117,0.15701004878799868,0.08327641793386754,0.07987930403851215,0.13972618397630432,0.1213229727923184
56,56.0,56.0,0.09146231012926619,0.08440755193624623,0.08228522963765186,0.06247415363628141,0.06337435979520818,0.14881551239426644,0.09678829891591079,0.08747577067827728,0.13947032597512074,0.1434464869017706
57,57.0,57.0,0.07278380096542708,0.088078768132995,0.0673199274558656,0.13316470937088806,0.0708666867375777,0.14125439475979262,0.10701382148914962,0.07129920204373197,0.15115387603331526,0.09706481301125669
58,58.0,58.0,0.08624080090308392,0.07223759137972177,0.11779321169374331,0.08562271052251645,0.05063761370991375,0.18614100459276456,0.08019893647909548,0.07761499779607262,0.1434472900908954,0.10006584283219241
59,59.0,59.0,0.08326568276143828,0.09382596830446788,0.06492964862899321,0.08560665522520686,0.05467427050073701,0.17304240709121152,0.09849421264659304,0.09413469609221545,0.14735469191783224,0.10467176683130422
60,60.0,60.0,0.08957630670956998,0.0567029793166009,0.09886612488664574,0.09525024568649566,0.06925313499930648,0.14484957867232257,0.09412846739026064,0.07468433107903265,0.15001104055419828,0.12667779070556678
61,61.0,61.0,0.08205952984188147,0.10090254579108995,0.0954197165970918,0.06353817369176547,0.058171721460119716,0.157334957247982,0.08526630751383085,0.08212601511101314,0.16258673281934094,0.11259429992588436
62,62.0,62.0,0.0736558332316696,0.09121243997599429,0.09028248717086493,0.08419984500044778,0.06320195152563297,0.14679106849392948,0.10926426107478755,0.06102874619756785,0.16927621234396423,0.11108715498514092
63,63.0,63.0,0.059983632013319375,0.11367662256163713,0.10912048125550948,0.09347319179402634,0.05982562198620119,0.15728928188659272,0.08166971975669032,0.06907176061661394,0.14890469856513144,0.10698498956427764
64,64.0,64.0,0.07292706950029651,0.0945168888061446,0.07077351247325125,0.08951923382176874,0.06033738190655798,0.14822734610900792,0.08703065366560474,0.10272656092180736,0.13416840971935717,0.13977294307620336
65,65.0,65.0,0.06812343764074388,0.09580478329464129,0.06714166805749198,0.08714730219105488,0.06114174463226572,0.16046934254890352,0.08429224165776264,0.07773182516535983,0.1868535782631195,0.11129407654865645
66,66.0,66.0,0.07497625857452037,0.0908343208196831,0.08901200314548902,0.11782245854208247,0.06717875612026768,0.164554156492209,0.0679764804088882,0.0660017637652213,0.14535686289568422,0.11628693923595428
67,67.0,67.0,0.10327943813226878,0.12796609429938294,0.07854514480608854,0.08873238163079077,0.05507431215628705,0.15372611877811185,0.060675365592721485,0.08734314861906574,0.14961139567361412,0.09504660031166842
68,68.0,68.0,0.07262495385333098,0.10897016619713736,0.07130297547618661,0.09183174264725133,0.05695304695971255,0.173015146123388,0.09263522374205516,0.05739420402058447,0.16345889861077206,0.11181364236958118
69,69.0,69.0,0.09632753092279851,0.06887925216862037,0.09186770029938209,0.08319951820960075,0.055854028113545263,0.14725833499926738,0.08680717340256353,0.10145994117960858,0.15358696987304973,0.11475955083156346
70,70.0,70.0,0.06630806514911398,0.07842844235984188,0.06937888748578641,0.11064614869845994,0.0565070908672113,0.17049466517327883,0.12075863526284292,0.08155762746545495,0.15843658869973593,0.08748384883827356
71,71.0,71.0,0.08351491944121221,0.10423387514247043,0.0670724055348069,0.06742892333341899,0.06170990468559484,0.17118414793124168,0.09071357108332576,0.044511361571191586,0.1739722794079997,0.13565861186873765
72,72.0,72.0,0.08001989829509089,0.08942651042400203,0.09330446221525288,0.08288677900175354,0.07419940770301374,0.14959738926299693,0.12393814307297561,0.05104688853820063,0.1494831502043525,0.10609737128236096
73,73.0,73.0,0.0865641158225503,0.11573315996827742,0.1273209744948504,0.0841385056449282,0.07075880839072005,0.13465486115670988,0.07896453973204494,0.0663532852075831,0.13661215174377023,0.09889959783856517
74,74.0,74.0,0.07741815510721933,0.10730317159688167,0.09226010732262285,0.0807028449714143,0.0812394664003511,0.1591873359738547,0.07479559540691748,0.07175367050302316,0.15380408857847278,0.10153556413924221
75,75.0,75.0,0.08056818995637813,0.08075840897643302,0.11054267745403346,0.0892709212995065,0.05931936537003667,0.15822065699525362,0.11698641149785534,0.07541399128268214,0.1344129916963019,0.0945063854715188
76,76.0,76.0,0.10382943390323748,0.100634524911497,0.09020463258559192,0.07146886102643242,0.06545504207726538,0.1403442808868985,0.10674055069796877,0.05831803407675532,0.14807946014812348,0.11492517968622931
77,77.0,77.0,0.07909254153885911,0.09053850594475463,0.09579559089631334,0.10007598705464613,0.037592866672698164,0.15532305871146418,0.11386942540119611,0.05533603901856634,0.13734904968284997,0.13502693507865168
78,78.0,78.0,0.07581983739016779,0.09105046949964654,0.07841941729095872,0.11652210487000947,0.07327052119312392,0.13439996326757803,0.0925965333317624,0.06751005441415696,0.14328871551032435,0.12712238323227137
79,79.0,79.0,0.0716709570540086,0.08166458968770159,0.07142452485923476,0.10692515814368504,0.061800866902353604,0.16702067922932526,0.08446275529241701,0.06385272823874728,0.1712159323725021,0.1199618082200244
80,80.0,80.0,0.08247261844993985,0.07481112784025487,0.09654963439376282,0.09557029150011324,0.05077363639708101,0.1469266383928131,0.07407840227098844,0.07302279070216082,0.16748280885059894,0.1383120512022865
81,81.0,81.0,0.07854870919311019,0.10820443589922804,0.1027943169941058,0.082099541941877,0.044881875284988694,0.14821049403158654,0.08486178385959556,0.08361766794013101,0.14170052320366505,0.12508065165171178
82,82.0,82.0,0.08767265119770692,0.08076998636836796,0.08876555970881453,0.06460027797419238,0.12529321998919724,0.13786921598608778,0.08750855112794156,0.07154125452337633,0.13913033942113112,0.11684894370318384
83,83.0,83.0,0.07641170462691604,0.06017461713506993,0.08578529980452429,0.10335071759967758,0.06502827311822004,0.17563266761749224,0.0870764506719145,0.05715027028254752,0.18220236299086146,0.10718763615277604
84,84.0,84.0,0.09058978094106147,0.06569438999025534,0.10545199996532337,0.0941718031178022,0.05378698826655327,0.15289899104577817,0.07164077319060491,0.0763280252973613,0.16668453060590935,0.12275271757935027
85,85.0,85.0,0.098864669891103,0.0875487065871794,0.11673289773625113,0.0947941933156693,0.05213088607673274,0.13990146744011872,0.09886355877932208,0.07113052102181942,0.1269032506262224,0.11312984852558136
86,86.0,86.0,0.07282118217215343,0.08342660836637036,0.09853174163689021,0.08207874574872975,0.0824323993159981,0.1252276280366561,0.07749682523827237,0.08844110212692416,0.17721139186991336,0.11233237548809175
87,87.0,87.0,0.0760741842933483,0.07151851320734719,0.1010783414330358,0.09091324665739377,0.05454474946133969,0.15796207362730402,0.09286606454795274,0.08536153521228983,0.140941538330385,0.12873975322960332
88,88.0,88.0,0.07830490045978682,0.10925801953903154,0.09055278275893011,0.08243111438675052,0.0696837967012717,0.13420232414004724,0.10473636964910982,0.09005716543398175,0.13730958727921644,0.10346393965187368
89,89.0,89.0,0.06578619083959894,0.1082724866359158,0.10728086857401253,0.08203685389959099,0.03997648412829107,0.1431456153812493,0.1197229020204708,0.06176393165464019,0.15209355011537737,0.11992111675085255
90,90.0,90.0,0.07277990699339779,0.08979417680518496,0.10211895050916997,0.0932092492364406,0.08634657594362254,0.15298295816006313,0.06684953791708256,0.0733123749845295,0.1512805049544949,0.1113257644960137
91,91.0,91.0,0.09381592118419477,0.09946376089818824,0.07623812272489869,0.10201963884331988,0.06383911292980002,0.16868115705864092,0.05347496984911314,0.10663214703340315,0.13600099179622707,0.0998341776822138
92,92.0,92.0,0.06240069851725921,0.07705444497066992,0.10427254012571945,0.09218793943728823,0.06016872486667881,0.15114620330205888,0.10112018506231717,0.08292419809657385,0.1594189025790797,0.10930616304235444
93,93.0,93.0,0.07184460419267348,0.0941675157950765,0.0776679472844021,0.08336313668924977,0.05617805184170823,0.16831733932350318,0.06790803477247884,0.06940352722716601,0.15828905726450243,0.15286078560923916
94,94.0,94.0,0.07510651446472363,0.10457119891169278,0.08807639361439726,0.06858742220498217,0.038358904665059104,0.16161661199075544,0.11494758420102424,0.06617330966801774,0.16865791632898858,0.11390414395035871
95,95.0,95.0,0.05177120612964026,0.10151654568002348,0.09677694701774743,0.08922239795375747,0.040706262707973506,0.15401827218361408,0.11463489234363725,0.06940635564124101,0.15129562056556237,0.1306514997768028
96,96.0,96.0,0.08037953800993777,0.07413009190751754,0.07505343849875269,0.07182832415962934,0.0712097277028416,0.17398353575844852,0.09903940202353796,0.05604039384673869,0.18523341759201756,0.11310213050057796
97,97.0,97.0,0.07335658174647516,0.09083635982671573,0.07398152941249242,0.07134231055186216,0.06462725092214995,0.1839286718831895,0.08050623231529652,0.08826298351366214,0.1440160888760709,0.1291419909520852
98,98.0,98.0,0.07544416254565556,0.11602855478245304,0.07083015634150382,0.0818386840981961,0.07301415845025337,0.15142584999556946,0.0894413450178662,0.0767441376021713,0.14226299643664234,0.12296995472968848
99,99.0,99.0,0.0642729504047275,0.13786607774246193,0.09059424563427457,0.07512085550717643,0.05413687287838951,0.1272516407172714,0.11089712912536798,0.09748715118064868,0.12253110224387634,0.11984197456580534
100,100.0,100.0,0.08666535262827713,0.11129649199317207,0.08964114702967367,0.10484485947091163,0.06168797751406098,0.13557171805586865,0.10930201819660976,0.0678961238838167,0.12626953439178487,0.10682477683582418
101,101.0,101.0,0.06731220907840547,0.1099567554667888,0.073368772997171,0.0756012825358893,0.07131964321648418,0.1602055218874599,0.0805651685493162,0.06443424936614726,0.19194818438544545,0.10528821251689209
102,102.0,102.0,0.08915866408547743,0.1044831308610179,0.09097698944182853,0.06221368974132344,0.07197304114645495,0.1555936483875464,0.10067432608958678,0.05372050248340961,0.1489968802646396,0.12220912749871507
103,103.0,103.0,0.085004766215382,0.09018160003387507,0.06634281652751295,0.08304277329012502,0.08105021503620476,0.1643658639346656,0.09777708083125554,0.07857505802411573,0.13307183725206503,0.120587988854798
104,104.0,104.0,0.05588170491964413,0.12569586917605308,0.06709148652378456,0.059797086468526925,0.05874146996185929,0.18089833392675408,0.09359276738686166,0.08847925054066749,0.16319461848619782,0.10662741260965065
105,105.0,105.0,0.09957079493658126,0.08089875578043941,0.09501871236941199,0.08242364514552743,0.07120478858622847,0.15879817198399318,0.08256594804729886,0.06021166283538859,0.15921612952320513,0.11009139079192534
106,106.0,106.0,0.10523800628690097,0.14319706320203845,0.056437497212388374,0.06188954847492932,0.05291821747356214,0.1508089372473045,0.09135348056825582,0.0871400790261817,0.14616577736044456,0.10485139314799381
107,107.0,107.0,0.054797303870081984,0.10364658693852051,0.09179377757933996,0.09133712173694994,0.11249506081987193,0.1537630946677468,0.08646137597744429,0.07029875853095657,0.1300572670201934,0.10534965285889428
108,108.0,108.0,0.0858811256678606,0.09846412081835722,0.07844420146129158,0.1272422065949597,0.04554160262879046,0.13046516831673372,0.07826148731711613,0.0646683257167496,0.18256395742246584,0.10846780405567487
109,109.0,109.0,0.07051338821304587,0.07944447043799133,0.12852383032287198,0.10966789396402365,0.0556376417965754,0.15343956729659675,0.09431569629226114,0.05654309619888344,0.13356103251126433,0.11835338296648576
110,110.0,110.0,0.08618944008196254,0.11102643936812968,0.08948237280112972,0.08978161723758527,0.04496241752793943,0.15708107925404463,0.08912633751107266,0.06801311786776912,0.1618743270847621,0.10246285126560453
111,111.0,111.0,0.0902034871796102,0.0811538403860348,0.12047241434272779,0.09007998661793101,0.07478620211375692,0.1732814902125599,0.06003389393056084,0.06284971736901727,0.14612661981560798,0.10101234803219294
112,112.0,112.0,0.0568489068576023,0.08708306910097129,0.09113450454737013,0.08062128834527162,0.04901113223234023,0.16073732363523005,0.13607520251997096,0.08601435776770161,0.1353088945633407,0.11716532043020081
113,113.0,113.0,0.05732585752098481,0.08154115501894724,0.12116170029163272,0.07781026462144239,0.08448531429806265,0.13681070999527423,0.09337355214865622,0.0832947075708695,0.15833507286425869,0.10586166566987124
114,114.0,114.0,0.06755573272994357,0.04828169119092547,0.09812856642862357,0.07853767543411802,0.05839764218526157,0.17865660251176563,0.10201539632134249,0.06449837829642016,0.1694187263269889,0.13450958857461032
115,115.0,115.0,0.07270913263565229,0.11907758644027173,0.04670694454495271,0.09465426434762135,0.05364551645181496,0.176685405929513,0.09519977058376068,0.05266867981277691,0.16951853697760522,0.11913416227603088
116,116.0,116.0,0.08640614543773022,0.10968638817404017,0.11243707170528869,0.08139920028499317,0.0328673732454884,0.15078657330012793,0.08387993883769493,0.08030427632900736,0.13801314585758423,0.1242198868280446
117,117.0,117.0,0.09872931610500038,0.10054545356280722,0.10917460898754983,0.09535348711762537,0.05041823164207224,0.15998271982977996,0.07447638566708141,0.058674830392304,0.1519861151093134,0.1006588515864659
118,118.0,118.0,0.07176287842930107,0.09288674112080478,0.09690580944326818,0.082075267281527,0.06686221131974061,0.1496864049139316,0.10031569681209207,0.08573995523550335,0.13402774506780551,0.11973729037602546
119,119.0,119.0,0.06316373744509579,0.13263103133275123,0.0785817534740049,0.0707238838486336,0.03773486023832364,0.19395793255864113,0.07750323526664732,0.06749094080246493,0.15732447736008975,0.12088814767334737
120,120.0,120.0,0.06026223324026653,0.1359937758096746,0.05517666133950254,0.07605987905597845,0.06444132989331522,0.1615657097449977,0.08845477692526187,0.05653977637076095,0.1567601177122429,0.14474573990799894
121,121.0,121.0,0.0792099701700382,0.09558163710982161,0.09277417790252791,0.07404245220287953,0.04763368470372726,0.14306067235276737,0.09688582829328382,0.10531893964552477,0.14815771632773286,0.11733492129169643
122,122.0,122.0,0.07445215201520491,0.07262491245387714,0.08884212146364918,0.08099554879432258,0.06601812602368572,0.15716796113916356,0.10041818049611158,0.0862352615253964,0.1680094770463679,0.10523625904222067
123,123.0,123.0,0.07159782811464961,0.1206832789352136,0.08060057952726166,0.06584798523422483,0.07811697767903542,0.1428077782403332,0.10388785119860482,0.06972618805741784,0.14348187909680543,0.12324965391645323
124,124.0,124.0,0.07035724035908265,0.09651894855529093,0.1197742167008184,0.07480925456164639,0.08551330721086702,0.13941680981420815,0.111515497070822,0.06291246312238731,0.11889610047067464,0.12028616213420211
125,125.0,125.0,0.07537165885370431,0.10473372312717115,0.11228168314423528,0.0860068524820421,0.0366132063794512,0.1895687198924401,0.07842154729365042,0.04443699131966784,0.16513656564937965,0.10742905185825768
126,126.0,126.0,0.055826649140311616,0.10679852558810765,0.0846907067914231,0.07416015786538588,0.08016982980199025,0.13031377434966013,0.09941545076162413,0.07599654452234485,0.18771508435513914,0.10491327682401286
127,127.0,127.0,0.043834829982441426,0.1088297354662999,0.10912185570838033,0.09790590558702775,0.04650230857704065,0.15515591125281797,0.10259962489642047,0.058088044843746224,0.14459029610725074,0.13337148757857428
128,128.0,128.0,0.0891830509199781,0.08045439484523774,0.056169741671717024,0.09836519150471733,0.05717797852223115,0.1600876136533657,0.10652804075126036,0.08057402219985735,0.13657676632735488,0.13488319960428
129,129.0,129.0,0.047718197871127785,0.08192532985420861,0.10274101079731932,0.09914101965386282,0.08682857593314738,0.1622608411763521,0.0774800880761096,0.04322612191373253,0.15383565060557064,0.14484316411856896
130,130.0,130.0,0.07612744159476866,0.09218901245928089,0.09652567922335019,0.06731596163090202,0.10067803500353492,0.12479764803295008,0.10966961886367894,0.05127508430166239,0.15665916032705304,0.12476235856281845
131,131.0,131.0,0.04598150748272559,0.09618443493423602,0.0601907617724622,0.08574915483959253,0.06471719162178285,0.1897858775490032,0.08469137950390355,0.06355842727798001,0.18923754687295077,0.119903718145363
132,132.0,132.0,0.06507798779982546,0.10097713820511915,0.07924509449793145,0.07272647758697715,0.06973582763230185,0.17634757443871374,0.09225557875650521,0.07423756369288961,0.1616260465682906,0.10777071082144547
133,133.0,133.0,0.1008764323798809,0.10458997832742938,0.04730176438308421,0.08006771604516086,0.04395242348835421,0.14112213775010587,0.09752583578140207,0.09545327835946286,0.15804922526020582,0.13106120822491357
134,134.0,134.0,0.0718564194562507,0.10521800153340928,0.07908436564308946,0.09632697875722394,0.07165602471040752,0.1424831110378628,0.07945406977494555,0.06878301296651579,0.15538962013645,0.12974839598384452
135,135.0,135.0,0.074965140786538,0.09630815856663173,0.0646948032023702,0.09595582720275361,0.038236917121669545,0.14714183813430531,0.099435671061514,0.08249695022422074,0.17492981448345907,0.1258348792165375
136,136.0,136.0,0.06404211397581056,0.09667714100804406,0.09710106651463621,0.0805124169282955,0.10848838062385444,0.15318956117153673,0.08947620167578069,0.06337080284673159,0.13946546039405489,0.10767685486125507
137,137.0,137.0,0.08479935632796642,0.1402619768823072,0.09720535565865984,0.08087623681149968,0.04462344587148975,0.15828831806694138,0.08294903550297168,0.04924068903803162,0.135638143480476,0.1261174423596561
138,138.0,138.0,0.09640725705349598,0.0947281983984877,0.09610753628855126,0.07179114673711653,0.030000000000000006,0.15026859455638153,0.07103404922404827,0.07203779352336717,0.16885175974515332,0.1487736644733979
139,139.0,139.0,0.08405342435402029,0.10115192299406668,0.07885708809567712,0.058134064139550426,0.055760653088293956,0.15143420231193735,0.09527710228759219,0.07651995739533492,0.1518948764226422,0.14691670891088465
140,140.0,140.0,0.08792700162697034,0.0908937627329441,0.11686306920149077,0.10666272557400207,0.07027294560020639,0.14168468048767083,0.08253984794332556,0.07036769342628706,0.14467689217323862,0.0881113812338639
141,141.0,141.0,0.07055669885015797,0.10193554810587355,0.09924231812381377,0.10952772948669061,0.06386132555417394,0.1312719984511615,0.06563279389664553,0.06820221092933552,0.17545184073234094,0.11431753586980635
142,142.0,142.0,0.08302930393942395,0.09735267291264191,0.07303054932499978,0.08099472119567316,0.04369263710160308,0.17377736069784983,0.09325226286606898,0.07083816156137084,0.17259103761393507,0.11144129278643307
143,143.0,143.0,0.05197306848569261,0.09444140994570718,0.11165489959323043,0.08272335549361001,0.07200581778267594,0.16322229324491472,0.095813542703633,0.08920666253631213,0.12089090991528813,0.1180680402989355
144,144.0,144.0,0.07427000980551939,0.09305981667194026,0.10247161066434647,0.07528407138409793,0.052961413974111235,0.15925151088117256,0.06275505409328416,0.07820856880502357,0.1553323191310655,0.14640562458943845
145,145.0,145.0,0.062264615414069316,0.11452745933804731,0.0764695234143473,0.07279590336519468,0.06903253761319014,0.1506115415149729,0.07027313051229218,0.09715130004567848,0.15787257377469788,0.1290014150075095
146,146.0,146.0,0.05408031304766261,0.08016832428265365,0.10720732782522165,0.06774968935404524,0.05467190635648776,0.14399336557229286,0.12777643626083215,0.10015101112405075,0.1510433471993169,0.11315827897743613
147,147.0,147.0,0.06397435203315346,0.1264629192563488,0.08434497793052706,0.07561386191908755,0.08841069612559369,0.1427389450999914,0.07343382061386688,0.10378983702685844,0.1318441993767373,0.10938639061783502
148,148.0,148.0,0.0780228006299742,0.07982205911368764,0.07218777498594267,0.09401168139345356,0.07562085574825819,0.1506492255227177,0.12400814305856471,0.09099382303323733,0.1340433818444821,0.10064025466968145
149,149.0,149.0,0.10418627472641839,0.08866686328848279,0.09339310598208167,0.07037638398070334,0.04823396453987677,0.15726000118242184,0.0965707848057513,0.07553201055165695,0.13737909734154913,0.12840151360105742
150,150.0,150.0,0.0793882469795231,0.12479727583845479,0.12739056018475484,0.08679870973190539,0.03813661144105614,0.12828958206548796,0.06935168191377575,0.06604859210456544,0.15278698094404883,0.1270117587964275
151,151.0,151.0,0.06494308660465736,0.12286834316430609,0.08698894217981198,0.07393629828118034,0.044277944304083786,0.12989312420195345,0.13718910604231171,0.08515716580088836,0.125139061689071,0.1296069277317356
152,152.0,152.0,0.07416153798808749,0.09418046778813041,0.0918526289315132,0.08317979001149615,0.06535349865711196,0.16258766773499084,0.09951637635075546,0.06296398353767403,0.14370050056027778,0.12250354843996239
153,153.0,153.0,0.07914730568625947,0.10292923990333983,0.12300612237444997,0.05433494239903418,0.05847148109205933,0.16338799682202834,0.07710711217305333,0.06553573404788085,0.17897400325690477,0.09710606224498966
154,154.0,154.0,0.08248895981747514,0.0909330345199471,0.11430559654389101,0.08519766801270744,0.08547212957555113,0.15411254166400407,0.06757797899179023,0.044493918353244725,0.150125547122287,0.12529262539910185
155,155.0,155.0,0.10412371482231526,0.09644959712901988,0.07820190885813952,0.0936758494043661,0.05124772741333479,0.15343042409195387,0.1180936820204503,0.07826802945149308,0.13283857824665748,0.09367048856226938
156,156.0,156.0,0.06765551848296088,0.11526831679104854,0.09523552667838772,0.09463021288945624,0.06442678577751719,0.14936382004558094,0.08673255365606455,0.07109882693707308,0.13176492184812563,0.12382351689378504
157,157.0,157.0,0.05677311016245925,0.09332167589686018,0.06645985223428354,0.09090092624328235,0.04765454566444767,0.19311839873392384,0.08730726278612892,0.08282996921320177,0.1609972802057893,0.12063697885962292
158,158.0,158.0,0.056856059853884366,0.1282981112649302,0.10023412715498259,0.10750867516598421,0.05188916598257618,0.1437376018929945,0.09903427127946003,0.08990566000758396,0.10236227847019752,0.1201740489274061
159,159.0,159.0,0.0554571052499541,0.08711904121339357,0.06775140488560182,0.07318333884709002,0.045680799153951866,0.15329494861988407,0.114916731896112,0.09903983213760958,0.17206107240089547,0.1314957255955072
160,160.0,160.0,0.06235484193949157,0.11785284771896651,0.0908223286878963,0.08143764609039315,0.05880153865092227,0.15110961452854582,0.09648980300856444,0.05494602149434251,0.17295941717208374,0.11322594070879335
161,161.0,161.0,0.05369828160992869,0.12212055482852165,0.0910249805544916,0.08592654809962431,0.057479650126964224,0.15631266749249265,0.11789898666471485,0.053251634243346654,0.14465577914365838,0.11763091723625671
162,162.0,162.0,0.062383510536150655,0.08061296735397312,0.09867629395222743,0.07972858447631662,0.05124086692109727,0.15031551022717987,0.09587592369478164,0.12328315261159903,0.14349373698980392,0.11438945323687008
163,163.0,163.0,0.0944622576426854,0.12708920996158446,0.08872376215818564,0.07603429563683087,0.06302022560711491,0.13668809180751024,0.08607502764231323,0.06686696304684903,0.1482393201537599,0.11280084634316596
164,164.0,164.0,0.0692810552889652,0.09923087551002499,0.07992144334721092,0.0638930119585083,0.04984807525547543,0.16796292282901973,0.10532015694070831,0.07586882125877073,0.14431034295256912,0.14436329465874692
165,165.0,165.0,0.06609545896556603,0.10312275124535661,0.10740314832621897,0.048254113095871944,0.034496474038215375,0.13587651764505945,0.11547554266025473,0.10871577377657045,0.13604282921719674,0.14451739102968933
166,166.0,166.0,0.07063529541704812,0.11989178422684368,0.07706260038379262,0.07436288130269231,0.03726141701881208,0.15360972294509653,0.09096311025963374,0.0926736176052366,0.15796142213001793,0.125578148710826
167,167.0,167.0,0.05544045811851359,0.0766056693290856,0.11748659377543332,0.07006000694477096,0.09728442659058201,0.13740901870960692,0.08293503677390311,0.09215090354585463,0.1517388275362337,0.11888905867601582
168,168.0,168.0,0.06605286948168954,0.11408930809177642,0.07700268088854303,0.08929129008296349,0.05482133721082359,0.16260582146724212,0.09850305335155198,0.08591346751327937,0.14294168005235616,0.10877849185977395
169,169.0,169.0,0.0554348250572144,0.12457042129171539,0.06954112015395882,0.06677077697311332,0.04252986024482751,0.16976996875296077,0.09439576574288666,0.05264672922449698,0.207340602156874,0.11699993040195192
170,170.0,170.0,0.06594818792272647,0.11137885236677744,0.106592596610302,0.08835782727017419,0.04341333400097318,0.1641315343986753,0.0648063213664701,0.11237883538453516,0.13524067431300085,0.10775183636636494
171,171.0,171.0,0.07339956374814297,0.11970648326450686,0.07560939896268228,0.0752370291800181,0.07378001332037362,0.16049557274768017,0.11941050434967085,0.07435060812309466,0.1134599169017457,0.11455090940208454
172,172.0,172.0,0.05535946188976436,0.10191675046637608,0.09751812082687128,0.0856018972939712,0.06709544072770904,0.14552006512995472,0.08603960474389245,0.0425386367778275,0.2012330760388943,0.11717694610473875
173,173.0,173.0,0.05967403469066114,0.09814892733915834,0.08603036257322097,0.07530460017955275,0.07349003818388247,0.19063145894618716,0.09340201362204659,0.07588882480550449,0.15460583780453171,0.09282390185525416
174,174.0,174.0,0.06359846831605867,0.12782705091484853,0.09513931690082031,0.1141105111143238,0.04502421175131584,0.12060539452679897,0.0862592616738709,0.07987245810434072,0.16019504585869956,0.10736828083892236
175,175.0,175.0,0.0539050571489317,0.08856588604630498,0.10622447138622368,0.11330793309190232,0.06562265929457664,0.1366305217848695,0.08497929067710916,0.08126696923600898,0.14442678959077865,0.12507042174329414
176,176.0,176.0,0.09079422816765352,0.10114499834420645,0.07641449931841186,0.07982604032662226,0.06520024053561349,0.16784211458031553,0.10428913388230128,0.06408917198676134,0.15220782002816563,0.09819175282994834
177,177.0,177.0,0.07336663984497759,0.10392163693620209,0.07185956080128449,0.061235648787975695,0.07588816426092046,0.14283642923808673,0.09573019069380317,0.09510821037150699,0.14571691527911576,0.1343366037861267
178,178.0,178.0,0.11471579540026748,0.10669524297927682,0.10130347188782962,0.06775296108312337,0.04888165063515385,0.13466206483787166,0.07879717254322723,0.06846757162788629,0.15184588583786707,0.12687818316749627
179,179.0,179.0,0.07148341830395151,0.0803182419208312,0.0965292717087745,0.07082909484155483,0.10095149959208624,0.12352210821893798,0.10688547879234514,0.07831448800882794,0.14700284350261833,0.12416355511007197
180,180.0,180.0,0.0634410514137101,0.10170801088194419,0.1009963911137449,0.12522688882825947,0.04171669646983704,0.15134691918983584,0.0859518219526513,0.061670199808491345,0.14299375921059068,0.1249482611309348
181,181.0,181.0,0.062114908766904633,0.10872200414471826,0.0824372135575269,0.1265826441248337,0.06361318327072299,0.1437597971748438,0.11768015198905694,0.07199117052921149,0.12189010301756302,0.10120882342461793
182,182.0,182.0,0.07526773829101702,0.09632961334492962,0.08037876542653653,0.08546677395433286,0.09418549683740865,0.16564541264125104,0.07605238235888159,0.08335579579976116,0.13121492474770372,0.11210309659817756
183,183.0,183.0,0.08640937267269103,0.14248290663662527,0.06665078381878718,0.07249358170060115,0.04973888438541446,0.1367518224864525,0.10636160629136797,0.08859070568990028,0.126950347173392,0.12356998914476794
184,184.0,184.0,0.07082320605141931,0.13180654339616513,0.09140672502396271,0.0845406023497359,0.07030030770225665,0.136473291792306,0.07168314507495406,0.08897148714618656,0.14141081464267274,0.11258387682034054
185,185.0,185.0,0.07518034229670345,0.08459214330228526,0.067406346771858,0.08460886649730845,0.07554428510731881,0.158349120206541,0.10166522578168395,0.11603756339349976,0.14672815352915972,0.08988795311364135
186,186.0,186.0,0.08258117849644202,0.09616740277357533,0.04750666456294445,0.13565910053461117,0.04181074272260058,0.17183734753981228,0.06925962065751466,0.07483618136980034,0.16415801442286618,0.11618374691983265
