,Unnamed: 0,Generation,Intertwine_two,Add_vertex,Delete_vertex,Invert_path_vertices,Insert_inside_vertex,Delete_inside_vertex,Replace_inside_vertex,Donate_between_routes,Trim_one_terminal_cb,Grow_one_terminal_cb
0,0.0,0.0,0.09999999999999999,0.09999999999999999,0.09999999999999999,0.09999999999999999,0.09999999999999999,0.09999999999999999,0.09999999999999999,0.09999999999999999,0.09999999999999999,0.09999999999999999
1,1.0,0.10900000000000001,0.10023411135636248,0.10165941971916184,0.0969980463068433,0.09926474647932287,0.10054442159215712,0.10138114217449093,0.10123111159022721,0.09702443428377241,0.10115894033438827,0.10050362616327342
2,2.0,0.31601,0.09910250784411699,0.100982535952903,0.0948419902717227,0.10125788484289941,0.09988105822320187,0.10310660997958046,0.10287887657380758,0.0953416539717295,0.10131970291411166,0.10128717942592672
3,3.0,0.6191589000000001,0.09986724250770775,0.10035943223061766,0.09222200961248278,0.10043482845166182,0.0984382351629402,0.10458046185108727,0.10358737652813906,0.09465055039267584,0.10308394441287368,0.10277591884981385
4,4.0,1.015801321,0.10062263410211489,0.09953581504457149,0.09028258721601831,0.10030463127133639,0.09922129171322634,0.10515333015524572,0.10335691965341248,0.0936415704023105,0.10630175539972563,0.10157946504203816
5,5.0,1.50262148669,0.10021366528217932,0.1010247188710418,0.0884963910792678,0.10045604306140196,0.09688648671236744,0.10750381098327681,0.10359265728412236,0.09299253671720065,0.10779895711822789,0.10103473289091394
6,6.0,2.0757334209441005,0.10021489704380507,0.1015219653113366,0.08790807166854325,0.10054945529139936,0.09729839070511793,0.10721048710741202,0.1036008916579741,0.09100069143617043,0.10992582277786606,0.10076932700037515
7,7.0,2.7307768275633495,0.10203199556990188,0.10053117757059096,0.08714004928712783,0.10126726242863641,0.09569860769140366,0.10849659535354064,0.10092077282079298,0.08966435907678112,0.11138897688725642,0.10286020331396803
8,8.0,3.4630081252450404,0.1013433537306305,0.09832219663455907,0.08612669258779249,0.10176850385445889,0.09232700896997525,0.11148521770686742,0.10227378286976464,0.08929470850505282,0.11295476519067425,0.10410376995022462
9,9.0,4.2673862119061114,0.10029965316421437,0.09889556225824733,0.08712454896690047,0.10082181746347194,0.08952764416840096,0.11467820359739758,0.09975032363602347,0.08853766183866782,0.11536233044744523,0.10500225445923075
10,10.0,5.138652627782014,0.09907922690190528,0.09786497291154454,0.08796600543008486,0.10259998426392877,0.08525332455385637,0.11804094148072797,0.09897563734543514,0.08672037599106032,0.11737788427996171,0.10612164684149497
11,11.0,6.071405875792507,0.09737630586071341,0.09581044979884344,0.08772876915819583,0.10001900265141993,0.08732796383696471,0.12021151082814277,0.09934360609005054,0.08619172291793165,0.11993294388585232,0.10605772497188531
12,12.0,7.060169740244025,0.09594046651838518,0.09644016834799249,0.08732124860190262,0.10013698390121954,0.08727326244004834,0.12299185886824268,0.09726700676464564,0.08317891671951279,0.12120556274306593,0.1082445250949847
13,13.0,8.099455520847952,0.09498479429530104,0.09575606480244986,0.08608125087368768,0.09999927550125824,0.08569411970470493,0.12627590217695864,0.09607196033447524,0.08288725876383286,0.12339123637777581,0.10885813716955559
14,14.0,9.183818168183006,0.09574361402436338,0.09364945616929024,0.0877388255533809,0.09860935577456587,0.08394143703526698,0.12792863254497794,0.09468425057751781,0.08159878502300728,0.12528504328399706,0.11082060001363242
15,15.0,10.307906369102724,0.0939809163670815,0.09197218266752183,0.08596477846542451,0.09848479707790185,0.08441869452476476,0.12957463822630272,0.09561418637040671,0.07931262381575623,0.12829533015971903,0.11238185232512074
16,16.0,11.466506686239443,0.09239351242082129,0.09172949437474519,0.08393230265869255,0.09862538835127248,0.08397622095364352,0.13142557321222048,0.09577603954967966,0.0772942370302869,0.1302034019076312,0.11464382954100663
17,17.0,12.654581904800096,0.09102204366390605,0.09177946951726114,0.08371891229604364,0.09743732951091859,0.08208763492230028,0.13188313031035928,0.0976538694936676,0.07703059548142686,0.13204554570496205,0.11534146909915438
18,18.0,13.867303782456686,0.09080363718283849,0.08970301919370209,0.08332478372205641,0.09842958847268163,0.08091925826110546,0.1333010901472242,0.0998038810327696,0.07473280986713036,0.1338275967024631,0.11515433541802853
19,19.0,15.100080434523047,0.08998810633344394,0.08956978877088742,0.08304781075146521,0.09800669854689043,0.07998915038146104,0.1328121433881688,0.10011258497830647,0.07417797963000092,0.1353125801750678,0.11698315704430784
20,20.0,16.348578617037543,0.08815929959255138,0.09106389323044138,0.08308036645617399,0.09610635112332477,0.07932763592192493,0.13549504222883527,0.09960474571464396,0.07573707599140941,0.13541521379419968,0.11601037594649506
21,21.0,17.608741195130214,0.09034801372579507,0.09093135835883698,0.08381733280871224,0.09553977810821938,0.07745490359687945,0.13454960865133314,0.0983370443625634,0.07610008910775413,0.1356923592231733,0.11722951205673275
22,22.0,18.876800103462312,0.09203973701348458,0.09036592364060542,0.08395023423233668,0.09460183509518658,0.07635160120345293,0.13736403226755942,0.0961204833876443,0.0766433923985379,0.13684999686989324,0.11571276389129882
23,23.0,20.14928511992658,0.09046255580414475,0.09134867829734267,0.08440748396047598,0.0942836282583848,0.07559296627184565,0.13856097213034432,0.09650525875165292,0.07497278260096113,0.1381771168263996,0.11568855709844804
24,24.0,21.423028783545156,0.09107179906858799,0.09157640166709285,0.08603403605701207,0.09375510084767412,0.07317205981684853,0.13947712238878024,0.09494317162069077,0.07276317930611251,0.1386727534998776,0.1185343757273232
25,25.0,22.695167792966423,0.0900829588562865,0.09264353917819054,0.08663441553382674,0.09477947772467427,0.07116794118493201,0.14123064312207348,0.09262109881756714,0.07322792225643686,0.14026323786099737,0.117348765465015
26,26.0,23.963141223515898,0.09037615000215073,0.09239273095370291,0.08857442200474235,0.09286959158285832,0.06779213564746939,0.14126325559806985,0.09378307769637863,0.07140430012728695,0.14097593827105837,0.12056839811628246
27,27.0,25.224685898775267,0.08921546352990152,0.08923516920994823,0.08853404279933365,0.09319428124708656,0.06422991019754934,0.14181368408425182,0.09557559253241582,0.07498956924500726,0.14270738859384788,0.12050489856065791
28,28.0,26.477829247520948,0.0900859490286059,0.08644238685556371,0.08892118930548822,0.092479181929567,0.062399734371843436,0.14531865370972782,0.09406274816294458,0.07394255809872564,0.14516228692164262,0.12118531161589102
29,29.0,27.720879968916847,0.08901920267036452,0.08478696753399133,0.09026179854898661,0.09451967344950249,0.06191179817471083,0.14457607807717687,0.09406072156534093,0.07312664078565047,0.14740887992715457,0.12032823926712133
30,30.0,28.95241681848399,0.08867467517295566,0.08300687381931124,0.09100252929434283,0.09557547926488072,0.060701233728213684,0.145647243216621,0.0930995680770967,0.0747831436287527,0.14871521803482238,0.11879403576300304
31,31.0,30.17127581490958,0.0877190387483279,0.082650029233793,0.08859665969587807,0.09558240549047473,0.06119777650844403,0.14868936158453142,0.09179615247141291,0.07434452829622362,0.14983635742072132,0.11958769055019297
32,32.0,31.376536153543515,0.08852574426205212,0.08142182398678575,0.08698325571932065,0.094079034475921,0.058888488673008776,0.14954005818353053,0.09323387760199688,0.07611547108345242,0.15166814209329746,0.11954410392063435
33,33.0,32.567505096778625,0.08835611964020364,0.08052925994816247,0.08765540407628353,0.0941382338226941,0.05948068342429462,0.14864299275059983,0.09210409546449776,0.07636657480551158,0.15237331853433678,0.12035331753341563
34,34.0,33.74370209472243,0.0893432511201894,0.08126684741831244,0.0873535464617444,0.09571043912994297,0.06049095854719462,0.15030350864617703,0.09133387045378875,0.07440930043069792,0.1523328654147171,0.11745541237723534
35,35.0,34.90484237192463,0.08934341004787484,0.08153270379212356,0.08700433163162309,0.0979036733563785,0.06034960591416291,0.15133870529493929,0.09157463587922242,0.07225553996937081,0.15426730362273702,0.11443009049156752
36,36.0,36.05082019768737,0.0875799806295512,0.08328371451906938,0.08735599904355712,0.09836159404815621,0.05908985133688215,0.15470888320592932,0.09054786628395717,0.06982909750366488,0.15598868103978908,0.11325433238944348
37,37.0,37.18169203889697,0.08689907010921505,0.08282204499758611,0.08807738661730975,0.0977581925867651,0.06084302459029018,0.15378758006849735,0.08989942225733609,0.07143884915894969,0.155933506124889,0.11254092348916166
38,38.0,38.29765977559663,0.08340836891274955,0.08366033335470237,0.0893428697184735,0.0954243803196839,0.0606798212661271,0.1548727268547657,0.08950954866454813,0.07186734721091975,0.15840023906111192,0.11283436463691805
39,39.0,39.399054140870355,0.0824829137297414,0.08394631501127622,0.08730953619354333,0.09622745791424289,0.05984157629638154,0.1562880950809339,0.08881727906245304,0.07204099424141525,0.16078821321332254,0.11225761925668987
40,40.0,40.48631852820801,0.08344710909400377,0.08138361804993696,0.08612483830860965,0.09631211521289439,0.05893913510950459,0.15636596566568348,0.089120758001836,0.07349680787798026,0.15829058452996736,0.11651906814958354
41,41.0,41.55999329152982,0.0846449100833907,0.08262714627831103,0.08584861241746784,0.0963764750183652,0.05984484675172157,0.15661041160680994,0.08692732858635849,0.07243959347800533,0.15593928207173624,0.11874139370783364
42,42.0,42.62070064560415,0.08130022686868463,0.08426732859835681,0.08748242754338673,0.09487710154177478,0.058557540854751615,0.15640226409671507,0.08861924872450352,0.0715858162793434,0.15633951441254784,0.12056853107993555
43,43.0,43.669130257815,0.07802943869197572,0.08322462685237762,0.09069910763993988,0.09351231443302385,0.05883538651761366,0.157590118044237,0.0896195147866296,0.07082921881508748,0.15685650024888498,0.12080377397023016
44,44.0,44.70602560622662,0.07687801411595038,0.08474098252196621,0.09345496836946818,0.09414516964103088,0.05906668299351813,0.1560560569019901,0.08905223876084947,0.07203755230660736,0.15499528399800303,0.11957305039061625
45,45.0,45.73217116373481,0.07630437066730948,0.08435356479888474,0.09406267674636373,0.094646237259189,0.059814565778957045,0.15460188816548884,0.09012264731379334,0.06932624448585245,0.1570064145054384,0.11976139027872297
46,46.0,46.748380453854836,0.07773490096119823,0.08447136872885269,0.09080816349940926,0.093462176108043,0.06059477155942876,0.15670136698438575,0.09192103087415743,0.06868834956357414,0.15583770194699845,0.11978016977395227
47,47.0,47.755485010424316,0.0766515240344347,0.08570375055084847,0.08970641452512548,0.09564825840068636,0.05963182094812444,0.15768465713388774,0.09041603140260483,0.0706238230452389,0.15488401763024692,0.11904970232880208
48,48.0,48.7543242612326,0.07600443120721108,0.08634511845618152,0.09090830379839933,0.09736441995082645,0.05884166648415165,0.15811975906166267,0.08915524922220258,0.06912185140604,0.15458931681368987,0.11954988359963477
49,49.0,49.745736344347726,0.07595902302674597,0.08757868792378146,0.08917271395162543,0.09496408112742377,0.060931946520197296,0.1576831906919539,0.0927799170900463,0.06873511306500049,0.15437005717867103,0.11782526942455428
50,50.0,50.730549855707864,0.0748481217997705,0.08985336732263569,0.08872294095166414,0.09284668602377057,0.06081784194831889,0.15853270840488412,0.09483669947067026,0.06814392229824028,0.15651037576850263,0.11488733601154286
51,51.0,51.70957651737491,0.07937966749736912,0.09062554566153198,0.08903169365584371,0.09430607657863975,0.05995750660216706,0.1559753618441314,0.09435672246540862,0.06770878627969593,0.15268859282957722,0.11597004658563513
52,52.0,52.68360474770151,0.08221818107994638,0.0901718225601232,0.0852831313798137,0.0934266972454928,0.058370922730135444,0.1548515868440953,0.09368045739423637,0.06781774351415507,0.15382301603701407,0.12035644121498758
53,53.0,53.65339410751842,0.08088196447496131,0.09137620805694807,0.08364972164081902,0.09312815086015397,0.06102817486423077,0.15656850404583617,0.09247301313234882,0.06890026050724718,0.15210328716297758,0.11989071525447699
54,54.0,54.61967059027847,0.07927934090221585,0.09097972574112388,0.08341075211393455,0.09507095550205204,0.06229851267918746,0.15590393001213265,0.09214924652324036,0.07029975516332387,0.1521048421839148,0.11850293917887439
55,55.0,55.58312271885972,0.08062708116142621,0.09133231259411,0.08442042821244794,0.09126013042889387,0.06406573702078355,0.15616712748056388,0.09127879647571799,0.07123516087635944,0.1507743168722237,0.11883890887747324
56,56.0,56.544398407394254,0.08169750265573106,0.09098988775609182,0.08389905418535423,0.08806168315437896,0.06424997099423742,0.1555929807758531,0.09176655574573368,0.07292311411368947,0.14944077696262417,0.12137847365630587
57,57.0,57.504102543001395,0.08089067915895685,0.09098300366335188,0.08191714909731426,0.09199626088559522,0.06515625815259256,0.1542523622943502,0.09327830877777346,0.07297014172947786,0.14930924153992903,0.1192465947006585
58,58.0,58.462795239617805,0.08142916922369046,0.08936364794925504,0.08503479072545157,0.09119486544370563,0.06400611357819563,0.15740448696894915,0.09209475313271762,0.07362733676206401,0.14843864741019525,0.11740618880577543
59,59.0,59.42099071417639,0.08166441478458007,0.08989380493334717,0.08288189609398307,0.09041628246706214,0.0632409641416379,0.15921890460217109,0.09274012250238088,0.07591065873134592,0.14799593930293556,0.116037012440556
60,60.0,60.379156734137354,0.08252321086396247,0.0866979689539546,0.08415841607677675,0.09063182056179332,0.0639245491621839,0.15817083265507234,0.0929419213108867,0.07620285237599006,0.14785672439618738,0.11689170364319226
61,61.0,61.337714584760846,0.08261498060709387,0.08794172332357666,0.08510972032043437,0.0877007818988254,0.06348492018512784,0.15834289322042192,0.09224918971169271,0.07719480984639826,0.14901054336820843,0.11635043751822041
62,62.0,62.29703950447439,0.08185164920723881,0.08822169989940208,0.08555527115987012,0.08688738815095189,0.06353914512507863,0.15743327949410688,0.09395569780653516,0.07602715673106725,0.150853690290001,0.11567502213574804
63,63.0,63.257461537171835,0.07971547266577855,0.09075000447697516,0.08788733848393669,0.08705579302571854,0.06324694268109671,0.1575580263696879,0.09288518659276618,0.07563058626383896,0.1506595963622707,0.11461105307793049
64,64.0,64.21926675122782,0.07888993912063744,0.0913387714020883,0.08636383362508651,0.08687613560346585,0.0630009232665997,0.1567614175351214,0.09234566522290477,0.0785735646173806,0.14899373396476456,0.11685601564195074
65,65.0,65.18269877636592,0.07760696704785176,0.09202923225758036,0.08447359159902708,0.08650368174255008,0.06283330665252276,0.15718332851373998,0.0915331046736723,0.07896430152296759,0.1526147214189312,0.11625776457115679
66,66.0,66.14796061122655,0.07704273898165122,0.092191356290398,0.08478608804895794,0.08924242510731367,0.06326923722845113,0.15800438992917887,0.08909781542431654,0.07813063383440594,0.15206632715937954,0.11616898799594702
67,67.0,67.11521665648885,0.07934458687377427,0.09603687491319671,0.08406290817092096,0.08908408677881943,0.06249022553930676,0.15772603909729446,0.08596473026812539,0.07939318269939305,0.1519311309609391,0.11396623469822972
68,68.0,68.08459493066005,0.07859015006137618,0.09791754105735284,0.08263265171404918,0.08924800133334039,0.06190282936558919,0.1593644268799343,0.08608804579573268,0.07761408187723007,0.15317100732318525,0.11347126459220981
69,69.0,69.05618942810752,0.08022176267508419,0.09571157543563952,0.0832885966228055,0.0885581394017833,0.06121477310056788,0.1583998019643326,0.08568169651609331,0.08021726607461933,0.1534025820883104,0.11330380612076385
70,70.0,70.03006258152917,0.0788493251325301,0.09441280216254949,0.08171585679609238,0.09062834050034602,0.060607221287545074,0.15974385788804157,0.08872238311931052,0.08078232723190419,0.15409780513743906,0.11044008074424148
71,71.0,71.00624779379335,0.07920940417360706,0.09566460589700423,0.07994637306384957,0.0883699770345295,0.060539704733459564,0.1611299645680283,0.08877485716568963,0.07759400868636974,0.15632046278810421,0.11245064188935808
72,72.0,71.98475200689319,0.07922702834864026,0.09539618547862133,0.08084830369758521,0.08767382494511701,0.06173959213604585,0.16031932654682404,0.09216392814557216,0.07504724822093786,0.15604845991953709,0.11153610256111915
73,73.0,72.96555827861411,0.07990524055838058,0.09772557530595807,0.08518625408108371,0.08712459026952957,0.06260002902281381,0.1579882801442732,0.0910344738426474,0.07404579987216003,0.1544509043946166,0.10993885250853694
74,74.0,73.94862834037681,0.07966762422825548,0.09915910316004475,0.08600566991314727,0.08625685214790348,0.06450407581554715,0.15811025167381632,0.08948037119639636,0.07360760974115824,0.15455391057914994,0.10865453154458095
75,75.0,74.93390511255946,0.0797462783248484,0.09787624265104627,0.0886339455492403,0.08627715539948433,0.06419306173182375,0.15813412899554535,0.0921539126659694,0.07356073130884117,0.1527000082370061,0.10672453513619481
76,76.0,75.92131515639825,0.08215141052278327,0.09853810144970791,0.0891846764539278,0.08454515995759991,0.06447797976357769,0.1563688462542631,0.09378383889691534,0.07182747759890153,0.15221527280885178,0.1069072362934716
77,77.0,76.91077104428919,0.08205912049829135,0.09814513670644703,0.09024962966053533,0.08571631367341362,0.061957959074836394,0.156117723915892,0.09609322709309996,0.06983425531891549,0.15066461175037824,0.1091620223081905
78,78.0,77.90217363294813,0.08161912327178518,0.0977665984853845,0.08952592979830443,0.08855856053299463,0.06301405498299043,0.1537914576149251,0.09622214924580372,0.06911277464348363,0.1497298277598242,0.11065952366450411
79,79.0,78.89541422641172,0.08075024487549753,0.09642016481537637,0.08806404555405077,0.09043652347735524,0.06292014053335335,0.15476597459675615,0.09548854522016215,0.06808168221576072,0.15161683273204837,0.11145584597963934
80,80.0,79.89037661826481,0.08095762758021688,0.09437547257634761,0.08909446548072712,0.09115608980958592,0.06172170174184272,0.15375618284307857,0.09367960839566442,0.06802841573738133,0.15313781585126432,0.11409261998389109
81,81.0,80.88693900474995,0.08076703099747856,0.09567893691975814,0.09072086336390049,0.09050076656967518,0.059944450064826314,0.15290746038414343,0.09293389135123041,0.06908990738028468,0.1520719220238586,0.11538477094484414
82,82.0,81.88497576253909,0.08148570505543005,0.0942338648655363,0.09090248026652946,0.08807703701070906,0.06623543227813403,0.15106251270302637,0.09244670166315805,0.06898288612282069,0.15075188521273813,0.1158214948219178
83,83.0,82.88435908692391,0.08106828651193008,0.09073912430843514,0.09074654028288935,0.0895359567798229,0.06646139946012387,0.15304647198599206,0.09191563939293805,0.06747305225102578,0.15375483898178668,0.11525869004505596
84,84.0,83.88496048800103,0.08206385163534452,0.087840190020829,0.0925232519089095,0.09006924073203637,0.06552631017532902,0.15278452963980477,0.08984572371439886,0.06792874944820694,0.15519018937552592,0.11622796334961492
85,85.0,84.88665214409042,0.08387260843447883,0.08719512282137014,0.09537966962998455,0.09065246093267286,0.06440172638094385,0.15125017378173,0.09052302865734738,0.06790311925660736,0.1526188201442264,0.11620326996063844
86,86.0,85.88930811312994,0.083046061396371,0.08620588835743435,0.09634386225007868,0.08994723168038171,0.06629704388688162,0.14828838250570034,0.08907933505311583,0.06964338421233032,0.15507824626524588,0.1160705643924601
87,87.0,86.89280540413424,0.08252522048195127,0.08409697502407919,0.09748817438164606,0.09011729058486956,0.06537541821105095,0.148665607371648,0.08920110964212703,0.07108964316016349,0.15388607587625724,0.11755448526620706
88,88.0,87.89702491199675,0.08221502491373131,0.08584711903906064,0.09750140110316004,0.08943008993256954,0.06595155313929942,0.14672209946483178,0.09053438683141107,0.0730035581559038,0.1523204820455919,0.11647428537444031
89,89.0,88.90185221995306,0.08064487669577512,0.0875578043672321,0.09911662755058857,0.08870219354132537,0.0635366657530447,0.14574207371956954,0.0933750093670798,0.07206729434691671,0.15223973493394544,0.11701771972452246
90,90.0,89.90717827491419,0.07978252805643268,0.08745673700220016,0.10013578195702424,0.08909767292647325,0.06576467447070107,0.1458178202433317,0.09090771216537676,0.0722764676248945,0.1520842961691897,0.11667630938437583
91,91.0,90.91289994163006,0.08103998948947384,0.08835610918100159,0.09848476982991065,0.09037575909689394,0.06572495502993876,0.14752746338374273,0.08710910613456412,0.07580705985355822,0.15040841205293579,0.11516637594798024
92,92.0,91.91892044225806,0.07915794182946455,0.0870356890663429,0.09957983418454038,0.09065930550713365,0.06530331030593918,0.14752418377120344,0.08811854086529863,0.07692204883747109,0.15109783322402545,0.11460131240858061
93,93.0,92.92514968840067,0.07824091706987554,0.08745880560463402,0.09795185987898718,0.0900473033408471,0.0644734168974499,0.14927456591737107,0.08583583353594605,0.07663349332864292,0.15168853844009894,0.11839526598614715
94,94.0,93.93150451304501,0.07767782268467845,0.08894706590266208,0.09732468851104298,0.08795208827624645,0.061861644461587206,0.1503702648497085,0.0883060738947486,0.07597847195376796,0.15332306422925776,0.11825881523629991
95,95.0,94.93790881009448,0.07481179382229315,0.09013727617781071,0.09753780667126175,0.08793624563227077,0.05951075767563695,0.1507090233795085,0.09076443613499495,0.07561420569084532,0.1532112563841554,0.1197671984312224
96,96.0,95.94429358933806,0.07486279515724961,0.08858361274321602,0.09554965356702402,0.08619544139649471,0.06025726111809189,0.153043524901853,0.09165611768129316,0.07388769137426866,0.15648525266802285,0.11947864939248595
97,97.0,96.9505969547639,0.07426156816089105,0.08871140723564364,0.09344816271390133,0.08443644505115089,0.06038039120407967,0.1563484899930031,0.09067914694555984,0.07537761448076671,0.15559759810114882,0.1207591761138548
98,98.0,97.9567640140995,0.07392017207994224,0.09136689130031293,0.09104701730597797,0.08377204434998195,0.061372367631459715,0.15634847820517808,0.0905916554073542,0.07569551437579485,0.15450758465476855,0.12137827468922939
99,99.0,98.96274672736057,0.07251103429765263,0.0961871958893376,0.09066022675847928,0.08248296725731008,0.06049383576710331,0.15388182038620965,0.09264698832982442,0.07806641187143167,0.15143093725156845,0.1216385821910828
100,100.0,99.96850370202192,0.07339966967701768,0.09828530026306205,0.09021614559402832,0.08422157715277759,0.06039469792386255,0.1522275342863084,0.09451977827512723,0.07743532428091378,0.1487467994534023,0.12055317309349999
101,101.0,100.97399994219691,0.07239678399297167,0.10016973246407683,0.08818348515712865,0.08306820118837743,0.06128157323109018,0.153035499017252,0.09347942666038522,0.07642576599370976,0.15267416778380263,0.11928536451120547
102,102.0,101.97920655893245,0.07362798662889179,0.10141622921444017,0.08796676528678513,0.08061673435443584,0.06224548150044606,0.153373180153812,0.09442488338003378,0.07432587368067675,0.1523064090350988,0.11969645676537959
103,103.0,102.98410044840509,0.07447598598877622,0.10113859222351866,0.08533840235359481,0.08030929211263743,0.06411799192830142,0.15457651941376524,0.09504856432897991,0.07471537244104498,0.1503498265723033,0.11992945263707792
104,104.0,103.98866394444643,0.07243216708536447,0.10433057592401065,0.08285778685508988,0.07773536022463394,0.06374169903701574,0.15741066519214103,0.09521873100361479,0.07609493743286228,0.15142840058599827,0.11874967665926892
105,105.0,104.99288445143917,0.0747961344523304,0.10293730284741252,0.08326029248768513,0.07750209465556976,0.06459936500654397,0.15798625688574927,0.09425293944066238,0.074633630286048,0.15211893048102643,0.11791305345697209
106,106.0,105.99675406321822,0.07773817282247422,0.10769280234996438,0.07988201024013576,0.07528796148125179,0.06360866150364959,0.15771348508731026,0.09414561037216726,0.07586707579848787,0.15150634416069753,0.11655787618386132
107,107.0,107.0002691731872,0.07561693544856604,0.10837274688443,0.08014273912375901,0.07610601482050444,0.06856780824537476,0.15769436073235932,0.09353188245340138,0.07540577474243818,0.14929075977037387,0.115270977778793
108,108.0,108.0034300804274,0.07660800767604169,0.10841918875397362,0.07915894789177091,0.08058508238079726,0.06677496701956423,0.15530804351715605,0.09208883339571972,0.07437649034845795,0.152355067931808,0.11432537108471058
109,109.0,109.00624059613932,0.07605593011520649,0.10645947071917014,0.08327435120483487,0.08332538316410881,0.06595868018920552,0.15520936916945519,0.09225723668053468,0.07254052979577204,0.15051474168088516,0.11440430728082715
110,110.0,110.00870765431864,0.07707124007832487,0.10758377137804905,0.08352656322559858,0.08406645130444451,0.06405328923109277,0.1554670154335406,0.09191044835486656,0.0718751931292744,0.15152024042070816,0.1129257874441005
111,111.0,111.01084093013685,0.07847760575493255,0.10564280875273138,0.08691211629420104,0.08482040122811263,0.06512990711034151,0.15733507880527403,0.08866125339527613,0.07072142932693629,0.15095395942627401,0.11134543990592043
112,112.0,112.01265246907188,0.07652513564592545,0.10424397557777218,0.08736092605689275,0.08460568218604618,0.06361791916355787,0.157921383296174,0.0930548351959386,0.07192078882512123,0.14931426060994987,0.11143509344262187
113,113.0,113.01415632942268,0.07461884532627408,0.10225922524733848,0.09080531020264632,0.08409148873739572,0.06565848034871266,0.15608455537737898,0.09316909745264366,0.07286918304323028,0.15000109584488386,0.11044271841949599
114,114.0,114.01536824044418,0.07375324168143083,0.09693982286486205,0.09190550644841348,0.08363864347371833,0.06507448654356536,0.15842326104829152,0.09413816244790699,0.07194736015735989,0.1518109526727912,0.11236856266166036
115,115.0,115.01630527795908,0.07342756330212791,0.09874536892882851,0.08781575148103896,0.084791731947363,0.06400691110200508,0.16053330990852233,0.09440753070862015,0.06986025989310281,0.15362588261951146,0.11278569010887984
116,116.0,116.0169855589429,0.0744969697342983,0.09963456273488963,0.09029689665707462,0.08460263049138297,0.06086466493746628,0.16000399158000142,0.09352590136740684,0.07057351350609121,0.15226770700313852,0.11373316198825027
117,117.0,117.01742795623892,0.076810844347013,0.09962126195361283,0.09242508279421496,0.08579583356220027,0.05951175631211997,0.16035504555449906,0.09169562001795638,0.06914980479233962,0.1523001002621202,0.11233465040392374
118,118.0,118.01765183424293,0.07641587244846618,0.09885266192235542,0.09328106562514644,0.08563747087788026,0.05984760127037465,0.1596376393827149,0.09246010557444329,0.07047022969028276,0.15053027733952487,0.11286707586881123
119,119.0,119.01767680610413,0.07515395370116186,0.1020756917074029,0.09225529201423968,0.08432418408273938,0.05730727272515582,0.16331961424789232,0.0909454523331135,0.06998640791057993,0.15110208461570035,0.1135300466620143
120,120.0,120.01752251271817,0.07360817424554439,0.10561824635789144,0.08885485116557101,0.083539822485506,0.05749589987508971,0.16370055252829513,0.09054299641111349,0.06843089719459584,0.15162249912691747,0.11658606060947554
121,121.0,121.01720842354362,0.07397828701841304,0.10506908696786364,0.08921742415981106,0.0825573549283908,0.05605435409125367,0.16217154481360166,0.09100300902325717,0.0717899426694482,0.15128200823441512,0.11687698809354566
122,122.0,122.01675365905109,0.07388792353002775,0.10218429655266378,0.0891861017481664,0.08228329475887632,0.05651120032392182,0.1620150580244088,0.09182908378716953,0.07324000575456326,0.15292949958395968,0.1159335359362427
123,123.0,123.0161768344173,0.07352680628527725,0.10409822798612968,0.08833031758120227,0.08050900679065796,0.05822731635585576,0.16038973065539971,0.09300540911202938,0.07302410774207727,0.15211028177821762,0.11677879571315307
124,124.0,124.01549592390272,0.07305845220773881,0.10357018374774757,0.09140017816775083,0.07966166433643927,0.060710350351011265,0.1584120196565284,0.09493569091249074,0.07211544784049025,0.14882812386362257,0.11730788891618027
125,125.0,125.01472814520056,0.07311136326892982,0.1038459090384671,0.0936975397253169,0.07997029182193409,0.0583031004321082,0.1614573186669442,0.0935293476167721,0.06935807690160894,0.15019890802442806,0.11652814450349054
126,126.0,126.01388986291661,0.0712270852085102,0.1043094201870954,0.09319190892603432,0.07912375270381487,0.06027533890682277,0.1585537072342954,0.0942119509941915,0.06978318752106406,0.15383984221597846,0.11548380610219297
127,127.0,127.0129965102319,0.06817804867766356,0.1049545922626902,0.09509494407702962,0.0806868063212875,0.058882546320522595,0.1581422713063809,0.0951967464450229,0.06843707068072662,0.15314295658497656,0.1172840173236995
128,128.0,128.01206252771334,0.06972530570670302,0.1027364645006554,0.09165273342557256,0.08231167416143921,0.05857279760993667,0.158235285610777,0.09654993272076914,0.06937067300166422,0.15162887993430804,0.1192162533281747
129,129.0,129.0111013181695,0.06716592918008624,0.100664422319167,0.09285704083428288,0.08401217320592308,0.06124513532062391,0.158554844517458,0.0949627861817306,0.06658815855387752,0.15184157824045844,0.12210793164639232
130,130.0,130.01012521639834,0.06750893736540566,0.09963856169168507,0.09341822404435562,0.08251140500814189,0.06529101957340641,0.15513318818571967,0.09657848039429662,0.06465517142326102,0.15233529841179314,0.12292971390193491
131,131.0,131.0091454726403,0.06488923636328245,0.0990403338821228,0.09032087174012224,0.08285207851723546,0.06569010121703675,0.1582491650372328,0.09566569263432233,0.06401001643212194,0.15608072383973673,0.12320178033678653
132,132.0,132.0081722485317,0.06425207620427598,0.09895264019112622,0.08913738683918251,0.0818853877133817,0.0665414092014034,0.16002508101768337,0.09549086044430144,0.06449277469004631,0.1570220249247521,0.122200358773847
133,133.0,133.00721462434865,0.06726673563513119,0.09925524486160026,0.08477899449343952,0.08165790073446766,0.06476119015724763,0.15826408666543837,0.09582818435889437,0.06714627647886401,0.15755755398689283,0.1234838326280242
134,134.0,134.0062806163404,0.06741402479798536,0.09964373872028318,0.08365992920716782,0.08306318687775825,0.06572126547302382,0.15664386958804025,0.09434157579560744,0.06715047156831122,0.157778486343177,0.12458345162864569
135,135.0,135.00537720296956,0.0679018811241655,0.0991581415245513,0.08116805856981056,0.08442346717006742,0.06330277009072242,0.1555099393425244,0.0948529131570994,0.06854196628856625,0.15990745623646643,0.1252334064960263
136,136.0,136.00451035890612,0.0673192817332786,0.09872950246295464,0.08200126877374123,0.08421870200602671,0.06790061206717912,0.1550104934132011,0.094362997422913,0.06802124663840341,0.1584273173139564,0.12400857816834573
137,137.0,137.00368509565993,0.06883789483912131,0.10268168728039488,0.08291258484909014,0.0840337324959332,0.06605805405632045,0.15505265844393396,0.09322048868739302,0.06609308313447014,0.15652284202314048,0.12458697419020241
138,138.0,138.0029055077818,0.07152505132182115,0.10206107866372825,0.083765915087989,0.08292717597256638,0.06272306117755036,0.1543209912167676,0.09089801766568849,0.06646892248849937,0.15792132890244726,0.12738845750294214
139,139.0,139.00217482361367,0.07295693094362017,0.10207157456563379,0.08293228369571619,0.08045420654942513,0.061970402283711166,0.1537385275212696,0.09103345936809237,0.06731108300467112,0.1575935830699993,0.12993794899786112
140,140.0,140.0014954596262,0.07474394526463832,0.10104600833552084,0.08594186159725163,0.08285819878794443,0.06268214103849297,0.15221631476080144,0.08992406789502422,0.06754588981622756,0.1565198263293822,0.12652174617471637
141,141.0,141.00086907744122,0.07474705843949672,0.10112565480968636,0.08719761867690821,0.08554633746174121,0.06275745195881048,0.14969973872999784,0.08716106796507789,0.0675688857330338,0.1585125107771756,0.12568367544807182
142,142.0,142.0002966427003,0.07595521720990249,0.10074714805007404,0.08582707016318682,0.08535217535930607,0.06081940167779279,0.15150107912415509,0.0872210321843842,0.06785951037332595,0.16018923976790073,0.12452812608997176
143,143.0,142.99977848500652,0.07400767742518975,0.10008142091835516,0.08832804631927874,0.08530671835527182,0.06173520684722225,0.15228954154934005,0.08759144027233315,0.06998770915896346,0.15665230106814904,0.12401993808589655
144,144.0,143.99931435823203,0.074264239661536,0.099287707062705,0.08989386449961259,0.08449604501207315,0.060757697228206835,0.15271140701258804,0.0847011797147653,0.07099546822668186,0.15655558324842161,0.12633680833340954
145,145.0,144.99890350055264,0.07329466393654246,0.1006578499553229,0.08882866959856048,0.08342550246502427,0.06140708810245989,0.1522924900315771,0.08263229159864025,0.07386885551747732,0.1567103300338566,0.12688225876053863
146,146.0,145.9985446936357,0.07149331506218287,0.0985937611469669,0.09082018316685889,0.08185109678056704,0.060631731258724716,0.1512368376692332,0.0863970312581182,0.0769876996323125,0.1561783019206184,0.12581004210441718
147,147.0,146.99823632047406,0.07068737495366312,0.10118128634817287,0.09049018183544162,0.08107953484679455,0.06324819082725128,0.15008887377492416,0.08476482943697898,0.08039017504086231,0.15372821228923306,0.12434134064667796
148,148.0,147.99797642142389,0.07129974348647232,0.0990987893440739,0.0889160083036585,0.08217025432455884,0.06457564545417506,0.14977323502556933,0.08823996995419234,0.08240679812905498,0.15152420973863578,0.12199534623960887
149,149.0,148.99776274806447,0.07453445314708004,0.09791625515556047,0.08945250289149044,0.08090678638396062,0.06314211760050915,0.15015899762209187,0.08898154232544676,0.08276144790931217,0.1496993707138634,0.12244652625068501
150,150.0,149.99759281456036,0.07526240728273084,0.10037252172222481,0.0933744994717124,0.08130659378850985,0.06069312569172145,0.14768015208287208,0.08700293959518121,0.08205999649325793,0.14947460121809508,0.12277316265369428
151,151.0,150.99746394626104,0.07451430836429793,0.10263451590597016,0.09320429520054832,0.08043510046696561,0.05887760111760863,0.14541563961104698,0.09182942697398178,0.08317943354455448,0.14654064054366533,0.12336903827136075
152,152.0,151.99737332532905,0.0746671522584549,0.10200386140630674,0.0934753265014634,0.08051011762874952,0.05920518786807466,0.1464918075856172,0.09285958943642995,0.08198738598696328,0.1455422040352533,0.123257367292687
153,153.0,152.99731803323698,0.0752982323903097,0.10223291563194886,0.09681837704088114,0.0777198450369363,0.058873297294879195,0.14770135027292788,0.09161237710400635,0.080981484211659,0.14815254441259543,0.12060957660385613
154,154.0,153.99729509002177,0.07623886065506007,0.10124640713940139,0.0992189473966369,0.07806102323929272,0.061270642465324265,0.14801925964119605,0.08939192003738926,0.07781753354278376,0.14792521972718467,0.12081018615573089
155,155.0,154.99730149022784,0.07931140258544357,0.1008070720308214,0.09791995843971449,0.07928726820831351,0.060247827773605454,0.1482980991356605,0.09222693956984392,0.07801415289872549,0.14601393389670303,0.11787334546116862
156,156.0,155.99733423551103,0.07867799381122201,0.10224996765028427,0.09825704966469338,0.08063021084090176,0.06055519938387406,0.14819371752560412,0.09190101173712059,0.07747672883315872,0.14405465745291593,0.11800346310022516
157,157.0,156.99739036391077,0.07690946032908984,0.10148409310978965,0.09565264909290092,0.08160593056609936,0.059193325685745285,0.15248693297058744,0.09161346301986548,0.07810238238280062,0.145091647133226,0.11786011570989544
158,158.0,157.99746697583146,0.07512471166264707,0.1042108253880222,0.09639418810177142,0.0842378031678192,0.05827571358902926,0.15181906184461286,0.09248430802133162,0.07942031552522057,0.14032049400267152,0.11771257869687428
159,159.0,158.99756125680176,0.07319585588436794,0.10278785029204693,0.0938517003733489,0.08340666359745928,0.05676516054305788,0.1520928979044085,0.09492181421689762,0.08162472601122472,0.14261675342291755,0.11873657775427067
160,160.0,159.997670497107,0.07197227184652633,0.10442386526543994,0.09360955084312063,0.08338183546096198,0.056606893137489615,0.1521328374562455,0.0954728260809444,0.07937346544556559,0.14506766456803757,0.1179587898956684
161,161.0,160.99779210841066,0.06990921588044223,0.10645733927698442,0.09338400923102247,0.08378893844533183,0.0563542100752167,0.15267885612001653,0.09811982489347774,0.07693361777186056,0.14472203832184352,0.11765194998380395
162,162.0,161.99792363749984,0.0687588790608836,0.10429333929543497,0.0939225628331424,0.08355691086547687,0.055514171399101864,0.15260689530460392,0.09849760914547681,0.08150408686706613,0.1442941078931016,0.1170514373357118
163,163.0,162.9980627773051,0.070867696948687,0.10675655985338699,0.09345954520683701,0.08294037389576721,0.05589333941442022,0.15115647487799136,0.09783130851252218,0.08039368075372148,0.14437552511459648,0.11632549542207003
164,164.0,163.9982073753568,0.070483458419278,0.10639095141146983,0.09211523963157817,0.08110230147260691,0.054988644454969746,0.1528338957654862,0.09903858806400044,0.08015923389583474,0.1440945408442144,0.11879314604056151
165,165.0,164.99835543984977,0.06980706007916687,0.1063794906282631,0.09353159714890234,0.07771205351035801,0.052587853177743366,0.15128622431647087,0.1012034939210526,0.083190022849146,0.14301706164841685,0.12128514272047992
166,166.0,165.99850514349492,0.06961516920707905,0.1080135118276967,0.09191097963202463,0.07697712776087116,0.050522721534904017,0.1515125434756467,0.10084338643972945,0.084568774799267,0.14416944733916898,0.12186633798361227
167,167.0,166.99865482534062,0.06793318495444625,0.1052743021414026,0.09434633941351644,0.07585926468595909,0.05453379096836467,0.15011713209005043,0.0996176795961646,0.0858384285764974,0.14472225474937594,0.12175762282422248
168,168.0,167.99880299074837,0.06735571299503501,0.10627069097188381,0.09272117447178922,0.07671832365494559,0.0543249508767256,0.15125386098497287,0.0999045186664985,0.08642049812244079,0.14441023239804304,0.12062003685766542
169,169.0,168.99894830970783,0.06576115535398393,0.10829373841050972,0.09035518501494383,0.07536515508032861,0.052912810960991805,0.15310685132379764,0.09973793041578304,0.08361261657881999,0.15055461896883837,0.12029993789200297
170,170.0,169.99908961367427,0.06527412646062146,0.1089580910415913,0.09172280150080744,0.07622006461180726,0.05162640290528431,0.15437733036760304,0.09657563490576848,0.08674907493202187,0.1494424339300472,0.11905403934444753
171,171.0,170.99922589110733,0.06558767865375793,0.11041297911258953,0.09000403452441767,0.07579878100770611,0.053423172898044505,0.15525470738223907,0.09887229410968247,0.08602536232828464,0.14612137405783915,0.11849961592543877
172,172.0,171.99935628188598,0.06414398429268675,0.11003634013819404,0.09050407007646843,0.0764504950571335,0.05457537703648551,0.15459920458729337,0.0978075795350271,0.08207607630834252,0.15158312151500586,0.11822375145336278
173,173.0,172.99948007076793,0.06318827142378314,0.10923938685179814,0.08987546675545312,0.07609882201254468,0.05637702114361199,0.15842960005889212,0.09746789755774135,0.08146136329785716,0.1523324699482585,0.11552970095005968
174,174.0,173.99959668005403,0.06268543083697842,0.11137903665648445,0.09018216815747696,0.07965496514756194,0.05532304836717187,0.1551963681302651,0.09640724974400966,0.08125075953338044,0.1535885380221654,0.11433243540450566
175,175.0,174.99970566161096,0.06127266356693228,0.10954308513643142,0.09161628635527218,0.08311979162650295,0.056331329256543286,0.1535430623842732,0.09522318973127358,0.08118688424422782,0.15320823874025485,0.1149554689582884
