,Unnamed: 0,Generation,Intertwine_two,Add_vertex,Delete_vertex,Invert_path_vertices,Insert_inside_vertex,Delete_inside_vertex,Replace_inside_vertex,Donate_between_routes,Merge_terminals,Trim_one_terminal_cb,Trim_one_path_random_cb,Grow_one_terminal_cb,Grow_one_path_random_cb
0,0.0,0.0,0.07692307692307689,0.07692307692307689,0.07692307692307689,0.07692307692307689,0.07692307692307689,0.07692307692307689,0.07692307692307689,0.07692307692307689,0.07692307692307689,0.07692307692307689,0.07692307692307689,0.07692307692307689,0.07692307692307689
1,1.0,1.0,0.07884439836785156,0.08177337404900767,0.07556655337772282,0.08927148166297595,0.0823474848075218,0.09667588567452931,0.0794130384784274,0.07297739257463784,0.037457486234883056,0.08474634985167648,0.0750863696722416,0.07660545495740548,0.06923473029111844
2,2.0,2.0,0.0865941463615463,0.07368480016757731,0.06370074517009891,0.08554061960856942,0.08075212379870503,0.07855760269544143,0.08247358291486212,0.08497271406064635,0.043690376107026564,0.0891248533129115,0.07399154745648337,0.08723539804917448,0.06968149029695667
3,3.0,3.0,0.0774205684248431,0.07853527020806847,0.06870180173407595,0.08759197489845635,0.07890807223559979,0.08932351028506916,0.07600309431014815,0.08057704898445911,0.04107182745721568,0.09207784616879247,0.0702995395093878,0.08448705395655229,0.0750023918273311
4,4.0,4.0,0.08347648466710657,0.08259377321018115,0.07255652574757088,0.0774233674149267,0.07598453033477777,0.10056898650029875,0.08685281096400503,0.07950853606114758,0.03451973783706275,0.08378305800086405,0.0691854113455462,0.08631255009314961,0.06723422782336241
5,5.0,5.0,0.07296863478576934,0.07292531384464389,0.07749896054874694,0.08933147656519522,0.06691823247856384,0.08628871792170288,0.07620106754522883,0.08094885472793117,0.040571362743241184,0.09600382631241024,0.06997925331085073,0.08938193423179781,0.08098236498391738
6,6.0,6.0,0.07762924585352791,0.08091664894292151,0.06775207858741632,0.08909630636062014,0.07794043165566036,0.09920437157080864,0.07578141022275905,0.0777324984245191,0.04268198422108894,0.08826494747939233,0.06413347116053489,0.0880281616235546,0.07083844389719568
7,7.0,7.0,0.08604937429779727,0.08484639556575563,0.0756738446064271,0.07540765511518453,0.075626235822435,0.09017488729163255,0.08564076554657066,0.07422831188985993,0.034019856042814954,0.10041046626739433,0.06385853727672752,0.09022868278781138,0.06383498748958867
8,8.0,8.0,0.0735754678773256,0.08495521578892898,0.06591154635266297,0.08299211595768925,0.07598178651962996,0.09099014777805656,0.07485484193385027,0.07078291612275986,0.03368935847158057,0.10026427537110849,0.0671825733451749,0.1033146257661816,0.07550512871505058
9,9.0,9.0,0.0702985576297778,0.07695118261491936,0.06751775196486616,0.07572597650726187,0.07451296028095938,0.09949945800518663,0.08604964153988935,0.07449549585124114,0.04068611308132756,0.09711470923505823,0.07635689731567646,0.08975430452619401,0.07103695144764162
10,10.0,10.0,0.07771580102898382,0.08236610152035187,0.06475052794480855,0.08335762514647611,0.07012167254560274,0.0997411027151203,0.08373196037009621,0.06603774458261207,0.04700878750032618,0.10600535369717887,0.07144774282264096,0.08566449749552686,0.06205108263027498
11,11.0,11.0,0.08311422217986272,0.07666463625858513,0.0770009213050812,0.08176142717470553,0.06959413214741104,0.09856304349569607,0.0705952392926135,0.08167277624311277,0.037784224408540526,0.09917589576326566,0.06082061609740075,0.09501932297743361,0.06823354265629106
12,12.0,12.0,0.07192668904801179,0.06988061839339123,0.07892754720071382,0.08781752509417587,0.07368142379636175,0.10374953287013902,0.07208813026301673,0.07496651141190516,0.04717549343573496,0.0916207982287486,0.0712256419694879,0.08763638611017376,0.06930370217813894
13,13.0,13.0,0.07358072374924161,0.08512246255298343,0.058536672857672035,0.07103300168950155,0.08241754155208149,0.10721539944875821,0.07368356731141104,0.07343494206980525,0.045100827155526234,0.10644461908068677,0.06115054186635024,0.08678160041766528,0.07549810024831641
14,14.0,14.0,0.07078405158314839,0.08730108284222884,0.07238028393335649,0.09111657403718293,0.06206623190201834,0.10213388318082187,0.06627196957776693,0.06882803003399092,0.04344035091009184,0.1036022111626386,0.06487880874428034,0.09144000772435273,0.07575651436812124
15,15.0,15.0,0.08739373605595599,0.07264149083653444,0.07426066335328234,0.0859644092946817,0.07196233655767252,0.09885308869327647,0.06882295346957405,0.07733819999111202,0.039765537971048474,0.11234844606361397,0.0591323965514013,0.08226268656444705,0.06925405459739924
16,16.0,16.0,0.07011073641297544,0.0863936245212771,0.07881831201217679,0.07833490111658395,0.06854695843166747,0.09556284538314357,0.08486500525125293,0.06471119176715398,0.03592506278183353,0.09687689987848043,0.07150081798208176,0.09200534767745616,0.07634829678391643
17,17.0,17.0,0.06722159948883524,0.08551059946904338,0.07083985913375318,0.0828601570076447,0.07040407043708508,0.09703694506260323,0.07364406410060603,0.06650496261732673,0.04316085647537342,0.10988380442072805,0.07729292268652015,0.08893224181132799,0.06670791728915237
18,18.0,18.0,0.07374026780854738,0.08439321832825802,0.07849660833657757,0.07496133711282929,0.05856354082184624,0.10098759942453743,0.06920228635147421,0.0689414636490944,0.03807859399342965,0.11145779244399019,0.07093617715766685,0.10838617053456805,0.06185494403718027
19,19.0,19.0,0.07547221764664773,0.08564488154433977,0.07135431276674867,0.0718547857944712,0.066675380317261,0.10857683634501555,0.075044357482426,0.06637546825906473,0.04456712219370952,0.10087079745683966,0.05906406581743082,0.10509580860102397,0.06940396577502088
20,20.0,20.0,0.07753355080374416,0.09056749945541029,0.08010146528284763,0.07286282921204387,0.06299397911346112,0.10021004928969254,0.06327164482806091,0.06752432571716213,0.041068090456902094,0.1216905415037528,0.06832526808842845,0.08023776520200951,0.07361299104648401
21,21.0,21.0,0.06911347675834159,0.08962929938981372,0.0749447469570407,0.0709381939756369,0.056990851162423306,0.10216269678572701,0.08516183737836575,0.05590562480991792,0.0483680281067358,0.10574981614420505,0.06926852919908974,0.09460093939313369,0.07716595993956832
22,22.0,22.0,0.07230935090693422,0.08935876714253463,0.07974312778420864,0.07131050119320699,0.06459128905042347,0.09875778965452876,0.08538299788607548,0.07019999092230356,0.034165600485277746,0.10483139288356016,0.07106672212017066,0.08659610716207658,0.07168636280869853
23,23.0,23.0,0.08146308489690093,0.08022924831399397,0.07390880087662731,0.07713587374759134,0.07701055004300436,0.09693556510990887,0.06323376187932213,0.0632933628754711,0.036911657226686205,0.11064830198349529,0.07490576494632675,0.09310642069743152,0.07121760740323974
24,24.0,24.0,0.06700508529775656,0.08349071591603156,0.07659586718784087,0.07272123799419863,0.06129373664468124,0.10178995462426788,0.07137606326209488,0.06966447981853756,0.03797377734394832,0.1105006690032099,0.07842140568454106,0.09714968262411917,0.07201732459877198
25,25.0,25.0,0.07613774180281922,0.08836758909554651,0.08159956125920308,0.07931324476628926,0.05814657942161246,0.1001027145690118,0.0819069670358025,0.06769256375752733,0.0457703783002795,0.1010987439488876,0.06905014950104252,0.08818015595377943,0.06263361058819848
26,26.0,26.0,0.06487915715669736,0.08949700733790912,0.07074433617762177,0.07229160346510169,0.07121891021277257,0.10728769446686796,0.06898657076219368,0.07399282279858137,0.04511682915541406,0.10194551516531487,0.0710500479501482,0.09802757643232805,0.06496192891904883
27,27.0,27.0,0.07141911231895894,0.08401756876228209,0.07476586249499148,0.07740572785463955,0.06580896763854,0.11443452209511577,0.06484747603434234,0.0751309572091933,0.04162816039902374,0.10918283663276167,0.07088958358792818,0.08546426435875289,0.06500496061346955
28,28.0,28.0,0.062394783210232764,0.08710649962484299,0.07259426684431254,0.07982790765021228,0.07060876819184199,0.09819263107125893,0.07706651915877247,0.056739583982319694,0.03466228703848454,0.11912677644505743,0.07677510797973405,0.09646000239881847,0.06844486640411147
29,29.0,29.0,0.07549544181967528,0.08865418561693972,0.07910331193394624,0.08421913094280509,0.06392634025444767,0.08964296466407781,0.07044518926457136,0.07591791785195504,0.049178417603693764,0.1006221792730023,0.06325047197209091,0.09439435171267367,0.06515009709012062
30,30.0,30.0,0.0710077643507302,0.10021090688556952,0.0677323755077976,0.08219635198930195,0.059862445820347554,0.11385826490008714,0.07333159567943424,0.05981545181063878,0.04473180578512879,0.10025750483904403,0.07229147810302342,0.0877707081028516,0.06693334622604465
31,31.0,31.0,0.09267224471157956,0.09154238805445339,0.08003232991151918,0.06541383654379195,0.06470358197915392,0.10202734269809062,0.08324983099254199,0.06827636104286608,0.038705914559664004,0.09622835128641685,0.06692043740630291,0.09391600098587746,0.05631137982774166
32,32.0,32.0,0.07036902216088312,0.08797290000797545,0.0758369097755768,0.07708547137050892,0.06551492774671243,0.09841215937979846,0.07530230371246607,0.06946428202909186,0.05507989051907256,0.09185647131669696,0.06881148193088824,0.09393197728647361,0.07036220276385513
33,33.0,33.0,0.06428120760913855,0.08362346082797908,0.08114818327973358,0.08191515180861925,0.06175240851839473,0.1008665134515426,0.0781747207349447,0.06713451816622237,0.04421071189899162,0.10437451870769898,0.06752118301296818,0.0948738977957991,0.07012352418796686
34,34.0,34.0,0.060294340939538414,0.08595731658681408,0.08320214308053146,0.07655369522704296,0.0740856052789721,0.10305452785156177,0.07292893594993004,0.06680324636630779,0.04254916196224336,0.1052610917480841,0.06717679463592426,0.08883703440917427,0.07329610596387491
35,35.0,35.0,0.05902985184582442,0.08517983776312547,0.07765558306758705,0.07941531183418254,0.06038001577425896,0.10185397630995485,0.07150385568279921,0.06056876352915667,0.05236922999574915,0.11420945093980557,0.07693805389379006,0.08294822963362061,0.07794783973014499
36,36.0,36.0,0.07148263677717308,0.08338956374233107,0.07520886449978996,0.09154608582055243,0.06260445999758942,0.1086510728493382,0.06275969345520935,0.06859383412040007,0.045699976583042125,0.11041033083285026,0.0690720549899905,0.09220803066099623,0.058373395670736815
37,37.0,37.0,0.06997164131736708,0.09650202960357002,0.07326252032635576,0.07994734379872212,0.07420748426786566,0.09014247771296192,0.08657872970124378,0.05732287188185722,0.03977229204063836,0.10665049592405448,0.07317497847449249,0.09416204213692134,0.058305092813949286
38,38.0,38.0,0.08364178089592701,0.0683730961038874,0.07650345851150896,0.07822174454186756,0.06674375579478867,0.10320352425319748,0.06758500681200623,0.06576240815441639,0.04959720771390932,0.1113244406264143,0.07321655157740356,0.08676036837151038,0.06906665664316233
39,39.0,39.0,0.06767740747003499,0.09465486152307295,0.06453815851977183,0.06826354355877301,0.06658082557357006,0.10444798347553678,0.07832188789831636,0.05186873877023719,0.04671470457222908,0.11182718101242808,0.0740062132805134,0.10082172274121337,0.0702767716043025
40,40.0,40.0,0.0620535980263802,0.09022024540426576,0.09701803189356746,0.06780668387021946,0.058478603221885014,0.10215498720954279,0.06737408119829175,0.06201749174321129,0.0525617705354363,0.10772092502901867,0.07146301542569039,0.09069260136941144,0.0704379650730791
41,41.0,41.0,0.07208140152247154,0.08711261601606182,0.08632316555786043,0.08218244216313673,0.05052725382998735,0.11249044337050491,0.053108156491711835,0.06754684306472789,0.0363018432150887,0.10629533565814742,0.07443694902563844,0.10161589264105993,0.06997765744360256
42,42.0,42.0,0.0784412350559354,0.08621195298938757,0.08537540700558839,0.06757343360959411,0.058188917757170645,0.11167908074873241,0.07029970867381195,0.06082438429491954,0.03537980253247687,0.09972267088119233,0.07951098122160799,0.10022704296274479,0.06656538226683759
43,43.0,43.0,0.07173030077101791,0.08837144601338666,0.0937520149962703,0.06847292669805398,0.04868295574912436,0.10301284398020856,0.07384918160786522,0.06078289868733342,0.0385897915105379,0.11797786433638238,0.06520911211878293,0.09367602715623406,0.07589263637480191
44,44.0,44.0,0.07212234305155163,0.09531305445539039,0.07669492204416233,0.0663568594451342,0.06744470789975963,0.09888607709632778,0.061876829298134615,0.05846231220690139,0.037372969980547774,0.1063373172106132,0.069296974817286,0.10634380386672689,0.08349182862746375
45,45.0,45.0,0.08217267223061439,0.08093949739777326,0.08301982673329442,0.06934106341897911,0.049304707887020766,0.10167530919916175,0.07446048319905851,0.06352613706634513,0.039734986645144396,0.11395508403600055,0.06309519714612574,0.10569104330137331,0.07308399173910832
46,46.0,46.0,0.06363593427191393,0.08034454849276404,0.0727443883593253,0.060292349043244785,0.0774443354016077,0.10478436698260074,0.06283726688965859,0.0682821759618141,0.039813799574824324,0.12748430271720212,0.06997656883146211,0.10270286761071241,0.06965709586286944
47,47.0,47.0,0.06610963855257286,0.08693700946906521,0.08655800919485676,0.0736765396488078,0.06907406384586466,0.08565218299947708,0.07325885666427595,0.059586001689224434,0.043456227644827136,0.11578851054257552,0.06321001833656,0.10711578194115748,0.06957715947073471
48,48.0,48.0,0.06848572173381315,0.0926457642958238,0.06958245341960902,0.07355197104660831,0.06197355705986994,0.11427851451285631,0.07772141138701674,0.0635738007579745,0.0362500067762905,0.10862489176356709,0.06746189209397614,0.0935370239004196,0.07231299125217447
49,49.0,49.0,0.08791998204046361,0.09073629528383696,0.07088061971305962,0.07371005393304467,0.07319217466166468,0.10239244282349377,0.06550293782055176,0.05762529110191998,0.04884606450674006,0.10056029125266386,0.06905881050297294,0.0951687812621016,0.0644062550974861
50,50.0,50.0,0.07543414967754694,0.07854924487341731,0.08141137284339743,0.0672562092672195,0.06195205573567125,0.10985119357252351,0.07704974546213086,0.06352613584025421,0.04690042421025448,0.10352456877883143,0.06883097001139082,0.09638372908209872,0.0693302006452631
51,51.0,51.0,0.0762890707659089,0.09063694899080875,0.06733991623011207,0.06833002200681762,0.05541800512316704,0.10770622925391879,0.06349813587319628,0.06732506382988357,0.04091681976970531,0.12977352726953922,0.06043292804751751,0.09735583433372233,0.0749774985057022
52,52.0,52.0,0.06924061122297655,0.09208074750431557,0.06995081436370727,0.06956296092450649,0.055846351621644474,0.11388113581146646,0.08998496127624506,0.07456584238137923,0.036763802389842254,0.1172357463413973,0.06169121309466556,0.08749565377220508,0.06170015929564826
53,53.0,53.0,0.08607097835519965,0.08464796164501881,0.06835374323271357,0.0688079635815984,0.05265264060245693,0.0956583243106113,0.06713431424908822,0.06554395936235603,0.03987835770339889,0.10442473229613307,0.089463443410254,0.10268398763682829,0.07467959361434244
54,54.0,54.0,0.07353622506783376,0.08106687369863713,0.08353759369577854,0.07396290043383942,0.06260392002753537,0.09887440516207978,0.07233020379674493,0.057391342215364446,0.05097892372332511,0.10214789131060376,0.07357100951661304,0.0896336367330677,0.08036507461857664
55,55.0,55.0,0.0632780489977546,0.08083072603267802,0.08840731051001832,0.0769045429738729,0.058598860162640445,0.10345710241199917,0.08379657271306284,0.057658431959237866,0.03396268006906689,0.10856759992488987,0.06394395077675054,0.10850834619520315,0.07208582727282505
56,56.0,56.0,0.07947691608586463,0.10099408409023772,0.07240399449911479,0.07952572477291188,0.057416922409376604,0.10566610836437089,0.07047009637756714,0.06223002936152533,0.03684777601158095,0.11088828086388687,0.06478887739266598,0.09184361301785857,0.06744757675303828
57,57.0,57.0,0.06592435577987088,0.08209045063576571,0.08631760824594717,0.06327264109499937,0.05942618988084941,0.10332804177061497,0.07080546230012108,0.06459184995050328,0.04970830395814917,0.13253892410891313,0.06687794578812215,0.09710578464697571,0.05801244183916756
58,58.0,58.0,0.061001188005173866,0.08341537127129814,0.06900888485787357,0.07013614818903835,0.05373253963076967,0.12750660230209526,0.06494151321168909,0.06508311057247208,0.046503143794217564,0.1309388267399984,0.05616910860458516,0.10327257873024442,0.0682909840905441
59,59.0,59.0,0.0809684614362562,0.07546530990695452,0.07374556102096337,0.06453892699706211,0.05632414263520784,0.10538717163798676,0.06213838571933326,0.05684532087541168,0.05338226968882216,0.09545954524480355,0.08091566964920274,0.09981166185095595,0.09501757333703939
60,60.0,60.0,0.061644676725320646,0.08194374429556184,0.07784022831430913,0.08205553418138023,0.05306467576769447,0.10888707665529193,0.07546368943224521,0.05718132227490863,0.04691532208615955,0.10721259225729222,0.06412458393488336,0.1093020052208927,0.0743645488540596
61,61.0,61.0,0.06858133584699552,0.07859358399054736,0.08226867894872861,0.08431839403261218,0.04845119643465771,0.11635518283855935,0.06451504304527776,0.06364348302096129,0.04807611505722582,0.10470430144660137,0.07273504773117054,0.10042907673467556,0.0673285608719865
62,62.0,62.0,0.06684427215229663,0.10315498491880108,0.07177926611650612,0.07692974577712891,0.06043284375866921,0.09294410625768915,0.05905096195828161,0.052344066890821106,0.04115556693603571,0.11894009030926615,0.0802071499202214,0.09864844431558616,0.0775685006886964
63,63.0,63.0,0.08562459494969103,0.094837547079965,0.0907621015345104,0.06571113309346889,0.06448447426074558,0.11754517938762807,0.06164091285521708,0.055914038513940924,0.03710296202870923,0.10953767778576447,0.07067482977084885,0.09309962299070115,0.053064925748808875
64,64.0,64.0,0.07236620691519122,0.08989255515290771,0.0945207362805747,0.07355327853295777,0.05138297751739922,0.11084143299070329,0.058563090087646597,0.04927822951110531,0.039798746650686015,0.11558501913424657,0.07775644519634609,0.0989990543083292,0.06746222772190588
65,65.0,65.0,0.08369163401260905,0.0773010176597172,0.07489847377011571,0.07910895236836175,0.056634764842129294,0.10155503649120141,0.07580937088609645,0.06180570233979073,0.045114198783109544,0.109475932474594,0.06857147634841847,0.09504765132079804,0.07098578870305793
66,66.0,66.0,0.07128155756296407,0.08613760901731451,0.08184407802586473,0.06180546982859669,0.05355647255226657,0.11416695102812055,0.06523909385749156,0.0799792723298709,0.03198661817066385,0.115882691354116,0.08143588514575834,0.0944216660059752,0.06226263512099665
67,67.0,67.0,0.07091803355693357,0.08473715489622237,0.09331217955071808,0.08222433653034,0.05824147893549669,0.10007649101360645,0.0712874744193688,0.061497115581821006,0.03320672593620651,0.11076779177592948,0.06761984632708337,0.10110360591949177,0.06500776555678153
68,68.0,68.0,0.06562374610001141,0.07252294915360356,0.08805566134110021,0.08714160268660391,0.058845278958935696,0.1083478059181003,0.06056236332805859,0.05575104148381749,0.04756967399265832,0.10919317020896509,0.07900944177926598,0.10469088464403793,0.0626863804048411
69,69.0,69.0,0.049223545992778846,0.09791234379546092,0.09248630536048617,0.08072772624471625,0.055712702715674835,0.10777537545923228,0.058670462740200845,0.07794599592683851,0.04552864680332155,0.11510336352184805,0.06717752693651874,0.09579072636791779,0.05594527813500481
70,70.0,70.0,0.06342549439954284,0.07590471456580779,0.0807172536097333,0.06908400086525732,0.05967523942313272,0.11534312274479337,0.0807354904565665,0.06237242602335119,0.0416658609234901,0.107974771015104,0.08024586080951815,0.08889572615633937,0.07396003900736295
71,71.0,71.0,0.06916679768796734,0.08776296188114614,0.08006603008413413,0.0776289358706612,0.06683249130813201,0.10700473276819462,0.061444011100997065,0.05411295640149819,0.040323517413197514,0.12968188784964335,0.05957498231570586,0.09629810448258995,0.07010259083613231
72,72.0,72.0,0.0670211205856366,0.08546916622798162,0.07888014229819891,0.07053538159666568,0.04965103217609954,0.10387389961957993,0.06737317672379085,0.05675986252223494,0.05954976959847379,0.1153511892648873,0.07142309538016993,0.10351969661778568,0.07059246738849491
73,73.0,73.0,0.06325729918102993,0.07493560604790692,0.09947715780077494,0.06650053194261707,0.06297982382811461,0.09977578988235702,0.06342172350262738,0.06738568587623542,0.04688330125560197,0.12033954815268003,0.07308544243113815,0.10164794522265168,0.06031014487626455
74,74.0,74.0,0.07080922503666286,0.0888690298665474,0.09291832521783651,0.07750273614629057,0.051763926959454344,0.09646131603209777,0.05990903037009125,0.06269174411925843,0.03886239710396954,0.12477113311218206,0.0811131608684636,0.0987984528309337,0.05552952233621154
75,75.0,75.0,0.0682805010039719,0.11157342990454422,0.07033242703198925,0.07459282802291578,0.0643886340844406,0.09509747074855687,0.07056750259404651,0.05288993200872579,0.040497766279248885,0.11943719497500246,0.07246692940905018,0.0933877313988695,0.0664876525386377
76,76.0,76.0,0.07300190524775763,0.08452256289017276,0.09363786384594419,0.06658604035825044,0.05723420980888544,0.11425371968293463,0.05300271962557623,0.04437219118110437,0.04670810279070302,0.1177754063026873,0.07074387214390984,0.10722478013943273,0.07093662598264108
77,77.0,77.0,0.06333283757386407,0.08365988835403707,0.09733691936622393,0.053129318644187885,0.05894828882832122,0.12423061915670215,0.0681991052606628,0.06670219990634776,0.04336728544015683,0.11725815765439326,0.06475107576814354,0.09431990735300487,0.06476439669395428
78,78.0,78.0,0.05576855084661332,0.09413342554730256,0.09758680129677705,0.08449656958316087,0.052745754600156514,0.10990692426744526,0.06901993347363586,0.06624324147848679,0.04197230747434018,0.11161102044361315,0.06738709538062397,0.09501880592639421,0.05410956968144991
79,79.0,79.0,0.05603953487152078,0.10054739903399464,0.0777937735665272,0.07962009095611773,0.07019288925370701,0.09911010825650195,0.06243428250264382,0.0517418939560632,0.04122522766109266,0.11359133426963319,0.05333118022339102,0.10680066014845593,0.08757162530035054
80,80.0,80.0,0.07419143739412155,0.07723545402906444,0.08425301562255008,0.06653667809199529,0.05881487887089624,0.10297607954069385,0.07213205658147123,0.05986345727111825,0.037169726062739196,0.11949382514697335,0.06944045676750255,0.11063617969025719,0.06725675493061647
81,81.0,81.0,0.05403899976579355,0.08469133533649462,0.08695806307986241,0.06752779970011553,0.05551406825358218,0.10684041124844075,0.05956596582237002,0.07245944164676947,0.036575381421811784,0.13551997633331236,0.06391153704512538,0.11925157180641807,0.05714544853990363
82,82.0,82.0,0.04976544973611163,0.11511156329396736,0.07958707005746155,0.0792930539181111,0.046226118267134346,0.1336044460061792,0.051496105105777165,0.057090515139940866,0.03130274719314423,0.12658680333068092,0.07049562833576237,0.10499143383102938,0.054449065784699505
83,83.0,83.0,0.06221866974931186,0.08406131645148476,0.09678905820258679,0.06685069083818562,0.06111651357285676,0.09918204401387433,0.0717483478500466,0.06136831520473566,0.0377498316917081,0.11453057970906548,0.07854869959560744,0.10120043016027618,0.06463550296026002
84,84.0,84.0,0.06484502983969621,0.08721084690987424,0.0836717651227857,0.06974313439613161,0.06629121326365613,0.1086658351279514,0.07938885668667191,0.058327741611299444,0.0431032127512661,0.11599113281450124,0.06998509832682194,0.07993478582907013,0.07284134732027364
85,85.0,85.0,0.06929117357096698,0.08054370491449175,0.07522406348545621,0.060422386118454366,0.05097627896687128,0.10867377333622849,0.05837256760766606,0.07430834185622874,0.04478653970156556,0.13201559554530926,0.08258059539826247,0.0988778520334402,0.06392712746505827
86,86.0,86.0,0.06921010993473231,0.09367853524167398,0.08125683139532677,0.0866631360570118,0.05615242552105819,0.11045213048262317,0.05106221537938717,0.05262533027179792,0.039123770414270356,0.12130993243384222,0.07065385449287383,0.11128771129557007,0.05652401707983188
87,87.0,87.0,0.05776487452854845,0.09232739270094899,0.08503800606325866,0.06529202237314603,0.05249391064398694,0.10839687718551225,0.06979008147366826,0.07101683204463778,0.03547459079527203,0.1271593811119417,0.07369449583690538,0.11380243965421251,0.04774909558796072
88,88.0,88.0,0.0618748108374322,0.09620804195269253,0.08984483305817206,0.06209862599850332,0.04021999673092819,0.1092086539071248,0.056268279834116454,0.06616673374827313,0.03411899415715474,0.1280908953874397,0.08819617020473322,0.10604460051838822,0.0616593636650411
89,89.0,89.0,0.06173718038499937,0.10222034293057618,0.0887186808831011,0.06456456980923007,0.03519042663954534,0.12781926925489026,0.05970558438185851,0.041152926385011696,0.035461862775550926,0.12954263975305075,0.06847896981237252,0.12087636337946905,0.06453118361034385
90,90.0,90.0,0.05456085863059097,0.08589825077540886,0.08244337059184706,0.07745880763149851,0.05646980786410035,0.11182402684879096,0.06485193291385141,0.07510682824833477,0.04414246635073282,0.11370472529508216,0.06826327434485434,0.10403280858701121,0.06124284191789627
91,91.0,91.0,0.06188293179671021,0.09456758831838616,0.07487909375694968,0.06631172802328987,0.04412412770095507,0.11588803013353391,0.07600222117871851,0.05949325372631568,0.03787669454784006,0.12171909740229166,0.0837089145872357,0.09697968554820162,0.06656663327957152
92,92.0,92.0,0.08049920638816058,0.08694589560681998,0.07928270209532204,0.08013157817615876,0.05809947381171417,0.11675525009527266,0.06350012830986435,0.06338559945110339,0.035951943371330175,0.11413965183265981,0.06459628603224161,0.09368980068955635,0.06302248413979582
93,93.0,93.0,0.05851197835558229,0.07855829014046922,0.0837493768176676,0.07717516653441112,0.05977626739981943,0.1301799464881585,0.0652650977041897,0.061385648466177875,0.03584760562797378,0.10223893417815448,0.07253415605808056,0.09987015907827902,0.07490737315103609
94,94.0,94.0,0.05340025543791473,0.08200286722888564,0.10147283337062869,0.07981066992845458,0.04687737206179813,0.10923782608740833,0.0642310650724771,0.06176424788738312,0.036818764773729536,0.11497214637704604,0.07123415866326827,0.11964602408249639,0.05853176902850917
95,95.0,95.0,0.06244776850673352,0.0879379354064588,0.09830992974131213,0.0661650848917027,0.05276770379024794,0.13232918280503886,0.08312125947757493,0.05261231554528776,0.04349505670588676,0.11618707212201215,0.06644181387917204,0.0790064029360988,0.05917847419247328
96,96.0,96.0,0.06357852211284319,0.0915524548306962,0.10003341530255842,0.07528665593021552,0.046291544795618776,0.10304019824226521,0.06804226406915041,0.052530243037661406,0.033249967292894124,0.13229816812292958,0.08342040454282866,0.08540904258493066,0.06526711913540753
97,97.0,97.0,0.07141361158785645,0.08281737167862407,0.07943921199575994,0.0758892369534275,0.05686362494589723,0.11604103751059111,0.07059312117822379,0.05143762353375988,0.038777507843227844,0.1201125746051613,0.06708077760436974,0.11090840741255417,0.0586258931505466
98,98.0,98.0,0.07458994628595882,0.08653446533835404,0.08438170885912943,0.06680808320984519,0.05634403222509891,0.11513224615348765,0.07047309820834362,0.059510482580194646,0.041911200514106746,0.12162850214256604,0.05533429887587936,0.11355991495667497,0.0537920206503603
99,99.0,99.0,0.06701525132425513,0.11588544516149442,0.08147735587381252,0.06165031525429961,0.048393325439202085,0.13354267832873976,0.05817106932216234,0.06086884050958245,0.032431022429396564,0.0996560670381216,0.07383366545288972,0.11025865176432556,0.05681631210171793
100,100.0,100.0,0.07801503986308765,0.09107571475635311,0.09411521745825673,0.05181376613303248,0.07466832015121601,0.12991077756535505,0.050531189590300486,0.053918276374584316,0.04514488987331748,0.12020114201875731,0.058840015515088676,0.10469860990621072,0.047067040794439755
101,101.0,101.0,0.07457091796796501,0.09364967176191688,0.08455659843434792,0.05708058246782446,0.04679918606207901,0.10878657744812677,0.06486597736152212,0.06436707550426565,0.051302968932826834,0.13051090642712146,0.07454506223844708,0.09194895209762302,0.05701552329593359
102,102.0,102.0,0.06291158015904832,0.07575514590316886,0.07514308152586356,0.06391346355306653,0.04050882794157089,0.10092248558770267,0.07097153755823636,0.08287524496065644,0.04785068563875282,0.13008580912891224,0.07244833286009447,0.10643788908711467,0.07017591609581185
103,103.0,103.0,0.05578543019150817,0.08430078699411545,0.07560891041298623,0.07555058420369501,0.07168005259064485,0.10153748357108199,0.0590082868917951,0.06220189055013433,0.040749275326378974,0.12004658040258646,0.06876040284058614,0.10102855440302712,0.08374176162145971
104,104.0,104.0,0.06494052235339456,0.08478962770392509,0.08946914355519524,0.07341091295093652,0.05517447790816469,0.12035758602161013,0.048899095394296654,0.05272937702431264,0.04090924634310034,0.11230244097213407,0.07470370941579728,0.103696116261661,0.07861774409547148
105,105.0,105.0,0.07592186259722228,0.0742955606830928,0.09653919901245667,0.06849870704276148,0.05142598692163587,0.10231093214665529,0.057947443172267264,0.06744439937355008,0.04976068110040951,0.12001582157679866,0.06834968560172047,0.10354167234593632,0.06394804842549297
106,106.0,106.0,0.06256925592818566,0.09959506669849376,0.07908815779214835,0.06013821220712775,0.05017491406969619,0.10778293860186594,0.05290020800437186,0.06109721113137084,0.03727747543371239,0.1421477227819104,0.09164254055022071,0.10878185580604693,0.04680444099484893
107,107.0,107.0,0.05798014710758318,0.102281042470201,0.08506255722145153,0.06992356733838061,0.05906416436247254,0.1031682517646358,0.06753532687145924,0.0656303445662032,0.04953360742520644,0.11461323726579346,0.0637692005328357,0.0995601116699245,0.06187844140385249
108,108.0,108.0,0.06209012359176915,0.08228968920559662,0.09218739626984533,0.07048728634711397,0.05892205228349616,0.113284593987104,0.058732027177779714,0.05853757272671084,0.03685885697650158,0.11275397744796305,0.0820203359842172,0.11341916400996946,0.05841692399193266
109,109.0,109.0,0.05817913988023116,0.08099259658618643,0.08970611374686323,0.05585541904224213,0.043836761885945354,0.12813888984378866,0.06516936032198696,0.07175576564724981,0.04261258102787681,0.1234732241497779,0.07254490548943511,0.10854471104613113,0.05919053133228509
110,110.0,110.0,0.06260493236911843,0.07232838765408706,0.10096165311905295,0.06111898628870619,0.055884848083640706,0.11072657202672195,0.06438498688551805,0.05708685412742094,0.05057129730597206,0.12580899249668978,0.08100820979657011,0.09554702308135415,0.061967256765147374
111,111.0,111.0,0.07560028264389325,0.07738023260743836,0.0987056203198107,0.056349904514939694,0.0653787060954888,0.12894359564624056,0.060822989739067815,0.05079113251498886,0.03394375599593031,0.1245671634691281,0.06029108553693415,0.10370360499699209,0.06352192591914692
112,112.0,112.0,0.060005982907066865,0.1121464362306905,0.09076197971701702,0.05701184403051076,0.05765140281981882,0.125953236774283,0.05923000669145535,0.05196400847769119,0.039028629170446416,0.11283225580979557,0.062412613580285305,0.11425462152790536,0.05674698226303352
113,113.0,113.0,0.06683058576794165,0.09320691666642957,0.09067176159214531,0.05741873090170739,0.03260672683129459,0.11321480187415427,0.08572880422554958,0.060857617991529014,0.03975599719951042,0.11645250230454149,0.082801881596053,0.0970188180594383,0.06343485498970516
114,114.0,114.0,0.06636499530929837,0.09247492915254941,0.09647356562323342,0.04886332142867302,0.042802021857611686,0.12490595501690434,0.05991470534176575,0.056000547074334196,0.045491476263438524,0.13172840676297465,0.05182959361053472,0.11131902497881355,0.07183145757986806
115,115.0,115.0,0.08013892726610324,0.0871680588351924,0.08134827392472528,0.05292752519099597,0.045339354693764995,0.13946975052927138,0.05962175767901926,0.058603693869174564,0.04886538490871336,0.10264481483099622,0.06741226006666066,0.09555320527338358,0.08090699293199882
116,116.0,116.0,0.06136977184109631,0.07776727912542089,0.0934626900123935,0.0905852687701398,0.05412852437017725,0.1088538299500652,0.06238709059972135,0.07011998477811035,0.04584249872118339,0.12617956392551943,0.055397671861155726,0.08792875637494377,0.06597706967007268
117,117.0,117.0,0.06722863922281144,0.09300911790496943,0.09184751179561054,0.06945861784676655,0.05481581557032213,0.12170235541623893,0.05189480086316657,0.048285213609256784,0.04955063020680278,0.13147022855871876,0.05748333122499112,0.10200120571099391,0.061252532069350794
118,118.0,118.0,0.06437394261066336,0.08839425407677383,0.09984532731417475,0.07531643458401241,0.050941596464776126,0.13278696461269862,0.05876407514503108,0.06293283914166689,0.03246015434031288,0.12731919574137962,0.05176290048808524,0.08392420187911302,0.0711781136013119
119,119.0,119.0,0.05631225417174267,0.09651565868452971,0.09455709328785454,0.07246059951477532,0.043370635470016086,0.11413828889736533,0.0889916672481726,0.045289249773279174,0.0350868756241927,0.1238501231039372,0.07261659229811741,0.1014100259898624,0.055400935936154624
120,120.0,120.0,0.07602709200234485,0.08599829485989477,0.08552980356001659,0.05861005894071915,0.045120691440716516,0.11399501702223538,0.08190582654838965,0.054929339983751824,0.04529780214660882,0.12146417915589292,0.059006578590178285,0.11351315538361824,0.05860216036563274
121,121.0,121.0,0.05612642394478899,0.10604135510729518,0.08501104844063437,0.05608880941889901,0.0625842998723974,0.11858759222206736,0.06808376990221861,0.04361437393295652,0.04332219980968848,0.1260668764548009,0.05004490098250845,0.11261630500269056,0.07181204490905385
122,122.0,122.0,0.04992511784073812,0.09439991161459392,0.08983269771171414,0.05324024563957776,0.06802888146355382,0.1109033886092002,0.04980903171505453,0.04278730906179477,0.032531428722808155,0.13689022686395724,0.0732385214292172,0.10377809325930096,0.09463514606848888
123,123.0,123.0,0.05892110300811526,0.08873214310139088,0.0915185037700261,0.07850919080009304,0.06419528774894633,0.10093194064729785,0.05846903977544913,0.06108919132133613,0.03970269326256136,0.102550512655212,0.06924234597081139,0.10871539750201746,0.07742265043674282
124,124.0,124.0,0.04942764081807699,0.11393760170920193,0.09037099159877163,0.0641556347162342,0.05973841698748704,0.10682134798996705,0.04819268921102291,0.05037047817763054,0.03550029406411213,0.1289725027588889,0.0638282390623199,0.11627855933618021,0.07240560357010625
125,125.0,125.0,0.06825914135441222,0.09460988888212422,0.06763117873690311,0.06407262405063631,0.04186536414995308,0.11670433987900411,0.052856309428663095,0.04958933212081321,0.03216923146647636,0.1459920001754104,0.0840013242796271,0.11599638321636944,0.0662528822596071
126,126.0,126.0,0.05876074958274411,0.10193850488519896,0.07662343342117263,0.06530949104987883,0.050606726954617966,0.1113956601781877,0.04906825236412018,0.06112578419412046,0.03395951600135702,0.13249180619789164,0.07996058578520138,0.10017692102838868,0.07858256835712021
127,127.0,127.0,0.06687705102969187,0.10297967437659028,0.1085761746661689,0.050387710390781396,0.06298597843170388,0.11089139031297404,0.041960471580914795,0.06413510169399245,0.04464840023666555,0.12427020205094563,0.07683692347004603,0.09213402202085373,0.05331689973867119
128,128.0,128.0,0.06735091631421547,0.0895157839859282,0.07952783994522128,0.05705710707873159,0.06380297783298311,0.11525373011503207,0.04966279447475357,0.04253444670939715,0.03894847918642015,0.13676492796676964,0.07457332749481196,0.10248304208515853,0.08252462681057703
129,129.0,129.0,0.05030515898774183,0.10653676084087178,0.10558133628040367,0.052169808848810215,0.051020395789901495,0.12250537958928043,0.06608539018458728,0.046558797601884826,0.03362157310152084,0.10267358352412144,0.08376534118264797,0.10786544539400766,0.07131102867422023
130,130.0,130.0,0.04868294884059492,0.09466559379616413,0.0958362308251387,0.06124691543495062,0.04944434078433947,0.11166003801442945,0.05075400872485517,0.06695319912394279,0.03526929249791913,0.12154395358219364,0.07880303213197873,0.11043157397843402,0.07470887226505897
131,131.0,131.0,0.06230276976297368,0.08035558780196336,0.09887231055582421,0.06186009152973253,0.05078566597281,0.12018560561107967,0.06260976754819374,0.04262279159358619,0.03645770802406108,0.12061048756665341,0.0730835572116374,0.12052050399370995,0.06973315282777451
132,132.0,132.0,0.0687071897725121,0.108218807537274,0.0829875932539446,0.05825627886064293,0.05017487384196796,0.12506217325352603,0.060985027292599636,0.04654964010859479,0.036420016746551584,0.12921456219214095,0.07097669440791514,0.10862299937557354,0.05382414335675648
133,133.0,133.0,0.050036013702304705,0.10043267328826277,0.08617126583848016,0.07127211803456547,0.05450864349783818,0.11492266025042808,0.05684802376416106,0.04775407445404264,0.04350252982068031,0.11989688882733833,0.07270732653911242,0.1115254746185729,0.07042230736421272
134,134.0,134.0,0.052668474734224244,0.09821636468117831,0.09924176071251618,0.06092227101575541,0.05504258699359206,0.10573955430265866,0.053940146252676,0.04203986036087701,0.03075024063313252,0.1220739463054655,0.08588029770013461,0.11860989339834646,0.07487460290944278
135,135.0,135.0,0.054750101123947736,0.09517631660968705,0.0899792237558002,0.07573722524600321,0.049377562955614226,0.12762767485586127,0.05373695473892087,0.04768111108057232,0.03364808385872451,0.12779390545682984,0.06616220930305919,0.11387945020665671,0.06445018080832267
136,136.0,136.0,0.04921915126256901,0.09650428651943967,0.10069966261752512,0.050386211480742626,0.05106898291259876,0.12184736495548479,0.08067413385563635,0.0645063796860994,0.046910396268942056,0.12924770274110417,0.05738893974097011,0.09790626179343652,0.05364052616545114
137,137.0,137.0,0.06839701522251242,0.08137214235667775,0.09925474091248582,0.07643516349775005,0.047406873883077,0.10478011662747706,0.07521900961645615,0.06046845673228329,0.03490823772398191,0.10344573961904044,0.07824690259657956,0.09236883646553658,0.07769676474614166
138,138.0,138.0,0.07109372362343622,0.10234221684968017,0.09545556055668826,0.0653268634114977,0.045336575047865445,0.11298312402832285,0.05625202158347833,0.03383225276848571,0.04035242788563709,0.14427915701445565,0.07067461160265545,0.11014385287232045,0.0519276127554764
139,139.0,139.0,0.056633800168782764,0.10210170948344248,0.09567121275699428,0.06038512483811975,0.059426319515279755,0.13094177972563467,0.05698850502726357,0.041603156279313436,0.05329396702120276,0.11807906927373277,0.06023573248057246,0.10275017828494022,0.06188944514472085
140,140.0,140.0,0.05844155375869923,0.08102349466798363,0.09046861507159124,0.06270242974296601,0.04559384273045748,0.1100996984226105,0.062082233267757025,0.04616298115515334,0.04566684178164328,0.1297571033250367,0.08662945202729101,0.1169250500107589,0.06444670403805142
141,141.0,141.0,0.056065096000810846,0.10530390947024545,0.09707762391794292,0.07710418276368293,0.050778334876341334,0.13177674894490646,0.057992235649301324,0.05685049685372939,0.031184203219782193,0.12516990737507622,0.0626713763036241,0.09715891135538064,0.0508669732691759
142,142.0,142.0,0.0594713931545256,0.06712585411252833,0.09026927631930547,0.05948551602778033,0.047789650958137385,0.12589763496460094,0.05849641925212666,0.05803783433685804,0.0470670194032116,0.14345108603453952,0.0836326214690329,0.08635821467538729,0.07291747929196574
143,143.0,143.0,0.07117333967285613,0.09560260616649392,0.09687455888685371,0.059653527884141334,0.04688247134593305,0.10973643438155178,0.06625566215433121,0.07021209879155099,0.042330149332605295,0.12104259374865944,0.06512391481667008,0.09249823498299219,0.06261440783536068
144,144.0,144.0,0.04747564326320389,0.09630688501957033,0.09687223947388532,0.07975473561192017,0.06490667042987305,0.10308549054559395,0.05988168056308092,0.06392492748142412,0.03890173956872955,0.1166787119465916,0.06929774713114165,0.09964321648042308,0.06327031248456198
