,Unnamed: 0,Generation,Intertwine_two,Add_vertex,Delete_vertex,Invert_path_vertices,Insert_inside_vertex,Delete_inside_vertex,Replace_inside_vertex,Donate_between_routes,Trim_one_terminal_cb,Grow_one_terminal_cb
0,0.0,0.0,0.09999999999999999,0.09999999999999999,0.09999999999999999,0.09999999999999999,0.09999999999999999,0.09999999999999999,0.09999999999999999,0.09999999999999999,0.09999999999999999,0.09999999999999999
1,1.0,1.0,0.13505518100967456,0.10979203675583768,0.0921638558696377,0.10293666359505482,0.09248376132296787,0.08840634299762443,0.07883932990660923,0.057337245955890084,0.12004617783730653,0.1229394047493966
2,2.0,2.0,0.11177084478012911,0.09879167801566982,0.09941904188235152,0.09127064154719951,0.09238728544354619,0.08824106294268858,0.08619072382141656,0.06135567365794081,0.1419241019366194,0.128648945972438
3,3.0,3.0,0.13377922206717618,0.09652265268764251,0.09731750453826202,0.09522207818438137,0.09996927019951488,0.08210433517475567,0.07409419503181108,0.05112733471280948,0.134796624325608,0.13506678307803838
4,4.0,4.0,0.13307095956475243,0.10530028307662742,0.09085430637145511,0.09196559441028929,0.0871436702974923,0.0877366977095357,0.06772393032057285,0.05827728873074187,0.14300076461000058,0.13492650490853186
5,5.0,5.0,0.13793136282025475,0.09991816495131259,0.09190225579063604,0.09305846110855615,0.08951853496973586,0.09113210907297736,0.07270438111014038,0.06494285871494418,0.1326483613636798,0.12624351009776238
6,6.0,6.0,0.11993299819389072,0.10181638422449715,0.08972628594419792,0.0981874702455647,0.08841033170206362,0.0869493025721358,0.07144183051352403,0.060240174101088506,0.14637440473484528,0.13692081776819187
7,7.0,7.0,0.11933024531052157,0.10349159244801168,0.09837885771278684,0.08766470480854265,0.09026916298724427,0.09758212248625324,0.06514580519669502,0.06214958201212575,0.14687549816378717,0.12911242887403135
8,8.0,8.0,0.12386441236727133,0.09789471057959967,0.09632938020776403,0.07892171729492178,0.09949023158463888,0.09043875312556707,0.07086475283887844,0.052307196059145,0.1468608220199125,0.14302802392230085
9,9.0,9.0,0.1380201965141798,0.0984600849486834,0.09513614954816252,0.08088200587935097,0.08250015669672418,0.0940023695725262,0.06497353451988305,0.0486773420526042,0.15491374741572503,0.14243441285216019
10,10.0,10.0,0.12547349481942532,0.08878860910467154,0.11978984628320002,0.06545358408828358,0.0920429842440916,0.08091347461661205,0.06548459707095199,0.06917698150817385,0.17022639458185815,0.12265003368273135
11,11.0,11.0,0.12225441581830718,0.09915061488019963,0.10573365937157635,0.085325925044277,0.08679761013236746,0.08787092840564388,0.059548969018994515,0.06840992269253257,0.16135656312860597,0.1235513915074949
12,12.0,12.0,0.11763955479393526,0.10236326898764544,0.11772207052767818,0.06596579560989675,0.10149961404037366,0.08841975041642455,0.051855341186917384,0.06641725806167446,0.16260069441287386,0.12551665196258002
13,13.0,13.0,0.12294033651209806,0.08836356187065701,0.11708565361491194,0.0798906818149568,0.09323968282132747,0.08251695738038432,0.05705901703888801,0.06373777207688433,0.15344615524762656,0.14172018162226507
14,14.0,14.0,0.1262024590536309,0.09436218970393384,0.12787301780504898,0.0644710866111293,0.09929236265872918,0.07715773444614073,0.049651057903538305,0.07569402922348817,0.15921262770951947,0.1260834348848408
15,15.0,15.0,0.12847452605540682,0.09692260856723799,0.10252019140649091,0.06750275959683122,0.08763785923890413,0.09196294894807183,0.046906126126181585,0.06585615562330724,0.17517612152783477,0.1370407029097331
16,16.0,16.0,0.132258819854172,0.10095876728663467,0.11061757135761094,0.06854588064328063,0.07246872502880959,0.08713395079488355,0.056883737660138975,0.06664012205985825,0.175345273161805,0.12914715215280595
17,17.0,17.0,0.126276812383144,0.10145131724741004,0.1032013806446517,0.06300353696613485,0.08861877197908914,0.09421229788707795,0.06495415550997238,0.06066685858633306,0.17175736467090563,0.12585750412528074
18,18.0,18.0,0.12300319047951677,0.08494548606471415,0.12273810498718793,0.07274499705328479,0.0913899243973291,0.08241392195249242,0.05339797619043914,0.05756458631836223,0.18569295128481145,0.12610886127186158
19,19.0,19.0,0.12887518593687444,0.10606318121748863,0.09831435879399911,0.060570889218010106,0.09572193956002285,0.08563187920317897,0.04405735749933254,0.05885844023645705,0.18180086007428986,0.14010590826034594
20,20.0,20.0,0.1334651726301091,0.1066917414953706,0.12382399251660785,0.06474149428741943,0.06821719550149902,0.07131242065499198,0.038452137580676546,0.07086107718687265,0.1759106502115833,0.14652411793486914
21,21.0,21.0,0.12860162182027618,0.11029872198064253,0.11309016583740619,0.06772303589338981,0.06645320206581283,0.09451240557215365,0.05505198366951787,0.06230390654309267,0.1606403527805959,0.14132460383711182
22,22.0,22.0,0.13359786613845137,0.10304611144545366,0.11453805325327208,0.07648064730762866,0.0684740560876396,0.06915971625637189,0.05988310527458586,0.0653630542497385,0.16970521515689813,0.13975217482995986
23,23.0,23.0,0.12951203320125196,0.10617408774523282,0.10701506330837522,0.0748824897329225,0.08004229410506727,0.0881289163637677,0.04224338340494801,0.050709073516385705,0.18109695817538285,0.14019570044666557
24,24.0,24.0,0.13279909546091695,0.07077699522899786,0.09946690680651762,0.06325897386909754,0.08912792331444373,0.08280114946987707,0.04002879506833415,0.07116733785864353,0.21628823131981262,0.13428459160335854
25,25.0,25.0,0.1560881722099045,0.10529358065778886,0.09668640279616596,0.0787779084971281,0.054419048085821355,0.08845023669486016,0.05061899871800494,0.04624645853132674,0.19639922260280726,0.12701997120619177
26,26.0,26.0,0.1361015208818139,0.11680533952343664,0.09678216791278142,0.05877154576307129,0.08583574818669122,0.07772848290194138,0.04267366802377215,0.04669569851005946,0.18449435461614466,0.1541114736802876
27,27.0,27.0,0.11907300719917184,0.11690262251270896,0.0991849617938989,0.047103537078324306,0.08827162188056861,0.10496326221334237,0.04869227309694153,0.03968133298068375,0.2015364926867047,0.13459088855765475
28,28.0,28.0,0.14526147815553306,0.11192138451232572,0.13604219897981223,0.043809693420789574,0.06295378447917943,0.0741493685348345,0.04157910988153417,0.059399734532173384,0.18645763030001042,0.1384256172038071
29,29.0,29.0,0.13159420293742652,0.11151618376047243,0.1295013974822836,0.056751984771138395,0.06354085039882777,0.06265445164136932,0.050412711597782614,0.04932366240479417,0.23346036537161058,0.11124418963429439
30,30.0,30.0,0.13486056813681502,0.11015088744141965,0.10089585769671808,0.07678364116653925,0.08414994318262362,0.07923792364950952,0.04932352881796988,0.037069662591574015,0.19910143663865035,0.12842655067818032
31,31.0,31.0,0.13187449686915598,0.11181594021253125,0.08620357233047868,0.04579490790236807,0.07807972190270272,0.09075565198681973,0.03255134184628113,0.04283596693188313,0.242681888724589,0.13740651129318998
32,32.0,32.0,0.1524494700907339,0.11084330678666163,0.11392010406628912,0.047373005474324784,0.0615663013704177,0.06408942360675779,0.054622873432069695,0.046205812683769706,0.23201070959244677,0.1169189928965286
33,33.0,33.0,0.14648597360259646,0.1109741900178282,0.12197487270558718,0.047008719237097714,0.06612147755537855,0.05176926062617774,0.030000000000000006,0.042653675455882833,0.2492591416398616,0.13375268915958952
34,34.0,34.0,0.17268693222679163,0.08443885322859633,0.10784845669284251,0.038012363716672395,0.03398269120559453,0.09181168940298008,0.030000000000000006,0.04411601387840676,0.2633815163028252,0.1337214833452903
35,35.0,35.0,0.13699509115382513,0.08801882787184773,0.12826499098154048,0.05021963957528638,0.043564658907676176,0.06709276626601741,0.030000000000000006,0.05066514204706085,0.27437791756146745,0.13080096563527804
36,36.0,36.0,0.14509746922979522,0.09587301619989144,0.08392720990881787,0.030000000000000006,0.060088677095364515,0.08390074148287327,0.039115242092895186,0.06159474505339958,0.25554161802863595,0.1448612809083268
37,37.0,37.0,0.12657658983715128,0.10328220334202443,0.13795592976628362,0.048112998530767025,0.03378207292901053,0.06667976043625527,0.04234601064258171,0.03597870830007141,0.2752831161263539,0.1300026100895006
38,38.0,38.0,0.09473671062878562,0.10066437155671035,0.11561362216591602,0.03585570360770647,0.04173423194618411,0.06892008879985194,0.030000000000000006,0.042230645203866456,0.3461256534249728,0.12411897266600602
39,39.0,39.0,0.100680312335744,0.08470709579835349,0.12233954951519263,0.03877281591690953,0.04519797259694196,0.05789224205330851,0.030000000000000006,0.052680206785468295,0.34081195350474963,0.12691785149333165
40,40.0,40.0,0.13389952331595914,0.0881818069659062,0.14209504858087865,0.03304358696477625,0.04409875054058473,0.04642844497763826,0.030000000000000006,0.04064781274624137,0.3114589416651068,0.13014608424290847
41,41.0,41.0,0.14270666090398498,0.10964146382776292,0.10132385120891785,0.030000000000000006,0.0384152259855489,0.054869531128358476,0.030000000000000006,0.06784428424048242,0.292853641094606,0.13234534161033823
42,42.0,42.0,0.14075308948887,0.07118379833909468,0.13845574446651268,0.04272688451283191,0.04426089187985534,0.07264492928080003,0.030000000000000006,0.03203376364900366,0.2805042278529739,0.1474366705300576
43,43.0,43.0,0.1360669980323292,0.07413749908770942,0.10212051779817621,0.03520650693513766,0.030000000000000006,0.08799634370486029,0.030000000000000006,0.035873151782481946,0.32184018894858296,0.14675879371072212
44,44.0,44.0,0.10420887158113352,0.08317365783242014,0.08886049365686471,0.05912575731899716,0.030000000000000006,0.048908555103141994,0.030000000000000006,0.0757198146801565,0.31655454819065876,0.163448301636627
45,45.0,45.0,0.142015087183232,0.08044005892502104,0.08755032699378315,0.030000000000000006,0.04335572678695887,0.05474246102080236,0.030000000000000006,0.030000000000000006,0.36734895100804654,0.13454738808215588
46,46.0,46.0,0.13732351786146105,0.06807999923327415,0.14223761672601998,0.051992940954530296,0.030000000000000006,0.0954559824541981,0.030000000000000006,0.030000000000000006,0.29428114888295215,0.120628793887564
47,47.0,47.0,0.18377109285000587,0.04853358567517027,0.1305814506525568,0.033115280574160286,0.030000000000000006,0.07696260763106696,0.030000000000000006,0.05725139593540718,0.27676052904445847,0.13302405763717393
48,48.0,48.0,0.13109950383759567,0.12778872635931476,0.11003242244026204,0.030000000000000006,0.030000000000000006,0.06070954421782369,0.030000000000000006,0.030000000000000006,0.32132560363349094,0.12904419951151272
49,49.0,49.0,0.13760351929416262,0.059581085480974114,0.11598717473344466,0.04286569865587227,0.030000000000000006,0.06893836092215712,0.030000000000000006,0.030000000000000006,0.28593646230215397,0.19908769861123501
50,50.0,50.0,0.13266166805167967,0.05007464777218691,0.11261506717446448,0.034076986942655076,0.030000000000000006,0.07021573427386373,0.030000000000000006,0.052092562297675525,0.3353681689745134,0.15289516451296103
51,51.0,51.0,0.14718640170932693,0.03882045238753503,0.16763712181030832,0.04410502368994884,0.030000000000000006,0.04903166400000086,0.030000000000000006,0.03789400842792505,0.30502345518754675,0.1503018727874079
52,52.0,52.0,0.11968225409153391,0.06678271768004332,0.1305731797128451,0.030000000000000006,0.030000000000000006,0.06542602661468329,0.030000000000000006,0.030000000000000006,0.3577405469913069,0.13979527490958732
53,53.0,53.0,0.10948371160419948,0.16514798790292592,0.07532766231912139,0.040441453263698725,0.030000000000000006,0.05880002989625791,0.030000000000000006,0.030000000000000006,0.3276859969623056,0.13311315805149088
54,54.0,54.0,0.14308775794628276,0.08744113140532818,0.12140967159087465,0.030000000000000006,0.030000000000000006,0.030000000000000006,0.030000000000000006,0.04539463601532569,0.32826435795810405,0.15440244508408452
55,55.0,55.0,0.13913031843855475,0.09892312086514816,0.0814739201372652,0.030000000000000006,0.030000000000000006,0.05352475247524753,0.030000000000000006,0.0694377027113421,0.3112519895772187,0.15625819579522332
56,56.0,56.0,0.16716057305691787,0.07608031400182352,0.07617169013808112,0.030000000000000006,0.030000000000000006,0.043619680989847566,0.046758520518755856,0.036526509605609714,0.3271948052526773,0.16648790643628703
57,57.0,57.0,0.10689261566504696,0.07281177378426625,0.10548258838150822,0.030000000000000006,0.030000000000000006,0.05680441700065597,0.04657677046846091,0.05176702230914794,0.3262264390442299,0.17343837334668374
58,58.0,58.0,0.1176460447361729,0.12589815207720673,0.10535136034587189,0.030000000000000006,0.030000000000000006,0.04584233365509084,0.030000000000000006,0.030000000000000006,0.33675536881098556,0.14850674037467196
59,59.0,59.0,0.12935227750187586,0.07746913676096377,0.12736704731721107,0.030000000000000006,0.030000000000000006,0.04730226564962986,0.05183103489460881,0.030000000000000006,0.3370563359466004,0.1396219019291101
60,60.0,60.0,0.14914420728557093,0.0722609887881757,0.13191579002526646,0.030000000000000006,0.04060230036690441,0.04947170444758579,0.030000000000000006,0.09008603382484394,0.256307165468766,0.15021180979288667
61,61.0,61.0,0.10528618036213244,0.1327907480128599,0.1450828316775012,0.04201573800521811,0.030000000000000006,0.03743831400323024,0.030000000000000006,0.030000000000000006,0.3009827502042643,0.14640343773479367
62,62.0,62.0,0.117923536100629,0.16523629492320985,0.13117698497116786,0.030000000000000006,0.030000000000000006,0.03271229331566877,0.030000000000000006,0.030000000000000006,0.31316231193741895,0.1197885787519054
63,63.0,63.0,0.1393172021395792,0.06550184021440697,0.1120057218784678,0.05332963120122504,0.03802634745921987,0.04991055587633194,0.030000000000000006,0.04617321745835151,0.30378227567989174,0.16195320809252578
64,64.0,64.0,0.12908241282369684,0.0732358542870298,0.09699093504571965,0.03267483213976854,0.030000000000000006,0.04943259383572064,0.030000000000000006,0.04820726675835144,0.34947136937882606,0.16090473573088684
65,65.0,65.0,0.1337836621680907,0.0988000374255053,0.1667456837961675,0.030000000000000006,0.030000000000000006,0.05157478804362525,0.030000000000000006,0.030000000000000006,0.24850653691652683,0.18058929165008425
66,66.0,66.0,0.11925054789561981,0.10793669502657355,0.1173519776959594,0.030000000000000006,0.030000000000000006,0.030000000000000006,0.030000000000000006,0.030000000000000006,0.34081120135329457,0.1646495780285525
67,67.0,67.0,0.13807791401961353,0.07363801034899456,0.12552061772795792,0.030000000000000006,0.030000000000000006,0.030000000000000006,0.030000000000000006,0.030000000000000006,0.35622286646449053,0.15654059143894328
68,68.0,68.0,0.13752111857747965,0.09393872425843355,0.12579929703757115,0.030000000000000006,0.0445311811238092,0.04197522597924339,0.030000000000000006,0.0359834275215685,0.31624992003748303,0.14400110546441147
69,69.0,69.0,0.16026126028937754,0.07657136422920888,0.11791528841250942,0.030000000000000006,0.031515867215309426,0.05505956807925133,0.030000000000000006,0.03405861222163492,0.29587951897285003,0.16873852057985828
70,70.0,70.0,0.1694222023559708,0.10163537478630713,0.10286698959666112,0.030000000000000006,0.030000000000000006,0.045229932994758894,0.030000000000000006,0.030000000000000006,0.3031418525450969,0.15770364772120493
71,71.0,71.0,0.11749071411310404,0.0816182873546947,0.15158245902919099,0.03632855020000321,0.030000000000000006,0.030000000000000006,0.030000000000000006,0.030000000000000006,0.3226462178434738,0.17033377145953305
72,72.0,72.0,0.1664128834468227,0.06856983788100444,0.09963844644067182,0.030000000000000006,0.06302171853926866,0.05350890115611708,0.030000000000000006,0.030000000000000006,0.31400078517632435,0.14484742735979073
73,73.0,73.0,0.13546413597469784,0.09634257707887346,0.06558647482731803,0.030000000000000006,0.030000000000000006,0.032661346499321744,0.030000000000000006,0.030000000000000006,0.3695902385949047,0.18035522702488402
74,74.0,74.0,0.11870049783130776,0.0971341333040304,0.09440953197252344,0.04669114002385892,0.030000000000000006,0.06293706862775525,0.030000000000000006,0.037067825059151883,0.3204405017650892,0.16261930141628295
75,75.0,75.0,0.1318857941231978,0.06436745765054881,0.12761579233678563,0.03355162712349373,0.030000000000000006,0.05585185454569512,0.030000000000000006,0.030000000000000006,0.363937701794776,0.1327897724255027
76,76.0,76.0,0.1757219358249085,0.04722532309501759,0.12623204694546547,0.030000000000000006,0.030000000000000006,0.07266532046667491,0.030000000000000006,0.030000000000000006,0.30371513602065314,0.15444023764728015
77,77.0,77.0,0.1272086878591308,0.11199111871506828,0.14569700903149505,0.030000000000000006,0.030000000000000006,0.03185721557748446,0.030000000000000006,0.030000000000000006,0.31484497734205447,0.1484009914747668
78,78.0,78.0,0.13770616956125145,0.10010825927524966,0.0987950605859977,0.04523679482774601,0.030000000000000006,0.06515204079590756,0.030000000000000006,0.030000000000000006,0.2899007019113719,0.17310097304247554
79,79.0,79.0,0.16777693196061308,0.07137700944521734,0.09080142494351737,0.030000000000000006,0.041853060123551125,0.04539212416360324,0.030000000000000006,0.030000000000000006,0.33416465158028674,0.15863479778321093
80,80.0,80.0,0.1534539954363843,0.08573314983768225,0.07537403104907939,0.0435703430495498,0.030000000000000006,0.08186971168889487,0.030000000000000006,0.030000000000000006,0.31787584374815997,0.15212292519024923
81,81.0,81.0,0.1292608382227836,0.08367618739768888,0.13063542742444995,0.039786664151655195,0.030000000000000006,0.044962744796318496,0.030000000000000006,0.030000000000000006,0.3089643061072031,0.17271383189990056
82,82.0,82.0,0.1801911827253651,0.09913542563446906,0.10105767520479329,0.04205919334052477,0.030000000000000006,0.03990955470261544,0.030000000000000006,0.030000000000000006,0.28780173099227585,0.15984523739995632
83,83.0,83.0,0.11268857425479269,0.11001451603403341,0.1196989685559227,0.04631446597882436,0.030000000000000006,0.030000000000000006,0.030000000000000006,0.030000000000000006,0.31876427788272343,0.1725191972937033
84,84.0,84.0,0.2027469503254138,0.0786808023524467,0.08185846361499621,0.030000000000000006,0.030000000000000006,0.030000000000000006,0.03880412519162983,0.030000000000000006,0.3658530205210798,0.11205663799443344
85,85.0,85.0,0.1131141327192798,0.12122406877870126,0.08871858384961966,0.030000000000000006,0.04340337804119787,0.04439155532748455,0.030000000000000006,0.030000000000000006,0.31579546668240227,0.18335281460131436
86,86.0,86.0,0.15302652256971633,0.06709647936210408,0.10929695442387657,0.030000000000000006,0.042267064368941044,0.07163938463717187,0.05358746181431799,0.030000000000000006,0.31206681068550507,0.13101932213836692
87,87.0,87.0,0.16086588210762445,0.10677112765459174,0.08922066743089051,0.030000000000000006,0.04050076405348333,0.04092058501165584,0.04036994756494442,0.030000000000000006,0.3112389975608435,0.15011202861596612
88,88.0,88.0,0.12579088830970162,0.07867554141840158,0.08235038058174812,0.07899978696841463,0.04676779383081488,0.04622821236788899,0.036568559926261825,0.030000000000000006,0.3037303554756153,0.170888481121153
89,89.0,89.0,0.17303940418650618,0.10472965643266371,0.06718453909828669,0.03510479970234405,0.033306062473337436,0.03196941357816893,0.030000000000000006,0.030000000000000006,0.30805160420622496,0.1866145203224678
90,90.0,90.0,0.17789092609139368,0.07344565301841996,0.08140265381068872,0.030000000000000006,0.04275710435481585,0.038994836966470624,0.030000000000000006,0.030000000000000006,0.36301369842782416,0.13249512733038685
91,91.0,91.0,0.1626819824823458,0.08865428102166326,0.10235837233041763,0.030000000000000006,0.030000000000000006,0.030000000000000006,0.030000000000000006,0.030000000000000006,0.35365344141231914,0.14265192275325403
92,92.0,92.0,0.15908588776759558,0.16301481383845057,0.111508262799261,0.030000000000000006,0.030000000000000006,0.05538750046452029,0.030000000000000006,0.030000000000000006,0.24919294107798912,0.14181059405218327
93,93.0,93.0,0.1209040886359197,0.13059603873525308,0.1336712430324147,0.041977151954267974,0.030000000000000006,0.030000000000000006,0.030000000000000006,0.030000000000000006,0.308288610520428,0.14456286712171637
94,94.0,94.0,0.11421210921205704,0.14013498411662156,0.0846215642060893,0.030000000000000006,0.030000000000000006,0.0446469796467757,0.030000000000000006,0.046745029042887555,0.3455652979672243,0.13407403580834437
95,95.0,95.0,0.1575921212001308,0.09118396697828737,0.10271761005701367,0.030000000000000006,0.030000000000000006,0.04699206789968441,0.030000000000000006,0.030000000000000006,0.3618855483096017,0.11962868555528183
96,96.0,96.0,0.17061517155427947,0.0488160154161201,0.07589345487761087,0.04838987484228898,0.030000000000000006,0.09572012828294335,0.030000000000000006,0.030000000000000006,0.3428686097820634,0.1276967452446937
97,97.0,97.0,0.15209432662769493,0.12160144579726732,0.16585987419804515,0.030000000000000006,0.030000000000000006,0.03268209583979328,0.030000000000000006,0.048179501634815526,0.25610455292592765,0.13347820297645602
98,98.0,98.0,0.13731357412692452,0.07745163667463467,0.15089768995953606,0.04319398739279412,0.030000000000000006,0.054558288555239046,0.030000000000000006,0.04876647220042722,0.25578347481421454,0.1720348762762296
99,99.0,99.0,0.11880665505550662,0.07558845526638278,0.17533262197164506,0.033516585468518524,0.030000000000000006,0.03619512185456443,0.030000000000000006,0.030000000000000006,0.3145671589482181,0.1559934014351644
100,100.0,100.0,0.17756989035383464,0.059549733776495806,0.1105291859884715,0.030000000000000006,0.030000000000000006,0.06463317942526862,0.030000000000000006,0.030000000000000006,0.3237139752882519,0.1440040351676773
101,101.0,101.0,0.17266372342863237,0.04479048415930821,0.06692497642711906,0.0442681031217107,0.046019051187781365,0.033839688578253556,0.030000000000000006,0.030000000000000006,0.3961208776687129,0.13537309542848172
102,102.0,102.0,0.12007042336784515,0.07719645102426101,0.06627917563873638,0.030000000000000006,0.030000000000000006,0.04110812589948413,0.030000000000000006,0.030000000000000006,0.44000163285285554,0.13534419121681768
103,103.0,103.0,0.1535556309560736,0.09920225060142285,0.05068439915214316,0.06800115283851974,0.030000000000000006,0.04701258272466278,0.030000000000000006,0.030000000000000006,0.37249385249402456,0.11905013123315325
104,104.0,104.0,0.21131446497200373,0.08666354181925963,0.056216974676665143,0.03468054511585346,0.030000000000000006,0.035639464635098025,0.030000000000000006,0.030000000000000006,0.35641941981612046,0.1290655889649994
105,105.0,105.0,0.18716132450614642,0.07088423734932417,0.10724119996215395,0.030000000000000006,0.030000000000000006,0.04012550140565603,0.030000000000000006,0.030000000000000006,0.3290229383862321,0.14556479839048722
106,106.0,106.0,0.1277694931835188,0.08892170905149496,0.11391274958157087,0.040400646580541086,0.030000000000000006,0.06951950432889686,0.030000000000000006,0.030000000000000006,0.33192662511937415,0.13754927215460303
107,107.0,107.0,0.21261767753880503,0.12705394668255554,0.08903773338014839,0.04785850537892106,0.030000000000000006,0.04010057971337679,0.030000000000000006,0.030000000000000006,0.27646847128396734,0.1168630860222257
108,108.0,108.0,0.22370235138730657,0.06363774364621595,0.09866942834078987,0.030000000000000006,0.030000000000000006,0.05321012384310926,0.04295826011452537,0.030000000000000006,0.3010618487450698,0.12676024392298288
109,109.0,109.0,0.1864730506435467,0.09802929540027587,0.09611821217800581,0.030000000000000006,0.047945093913992265,0.049521581870323364,0.030000000000000006,0.030000000000000006,0.26990739963355675,0.16200536636029908
110,110.0,110.0,0.2661398715019475,0.10193172484383753,0.07870822477687874,0.030000000000000006,0.050396135195453974,0.03616097868095518,0.030000000000000006,0.030000000000000006,0.24562837304025087,0.13103469196067605
111,111.0,111.0,0.23075283399944463,0.0724711124571919,0.14198298055910638,0.030000000000000006,0.030000000000000006,0.04072118496304047,0.030000000000000006,0.030000000000000006,0.2619419151100852,0.1321299729111313
112,112.0,112.0,0.1927077375846919,0.05843941664534376,0.13656796052137793,0.030000000000000006,0.04205467859158605,0.03563073277420144,0.030000000000000006,0.030000000000000006,0.3248913013581814,0.11970817252461748
113,113.0,113.0,0.23046040636962561,0.0397662774185711,0.10738921942355659,0.030000000000000006,0.030000000000000006,0.030000000000000006,0.030000000000000006,0.030000000000000006,0.34069923390158613,0.13168486288666037
114,114.0,114.0,0.16420676638044415,0.08033264027020674,0.09778976720862184,0.04093703002711137,0.030000000000000006,0.030000000000000006,0.030000000000000006,0.030000000000000006,0.32356817903980295,0.17316561707381278
115,115.0,115.0,0.10723404134225364,0.08230461498880612,0.17569661898141392,0.030000000000000006,0.030000000000000006,0.030000000000000006,0.030000000000000006,0.030000000000000006,0.34845413709314954,0.13631058759437664
116,116.0,116.0,0.15210749183965483,0.09055035205897191,0.16550654354543026,0.030000000000000006,0.030000000000000006,0.04463121387283237,0.030000000000000006,0.030000000000000006,0.30427038702863046,0.12293401165448004
117,117.0,117.0,0.2188812730517579,0.09129935537723727,0.08923983013250285,0.030000000000000006,0.030000000000000006,0.030000000000000006,0.030000000000000006,0.030000000000000006,0.33690582215271775,0.11367371928578414
118,118.0,118.0,0.1473593564395028,0.07031741137041614,0.12490980298403895,0.030000000000000006,0.04723266838009597,0.030000000000000006,0.04013686375299763,0.030000000000000006,0.32153674643163505,0.1585071506413133
119,119.0,119.0,0.16359314082241144,0.06408140197479394,0.11171064529851057,0.030000000000000006,0.05677913605434257,0.05182917215515699,0.04073857119449452,0.030000000000000006,0.3376017404583188,0.11366619204197097
120,120.0,120.0,0.1433856484612281,0.12000580314664751,0.05862816457736823,0.030000000000000006,0.030000000000000006,0.043394241467641,0.030000000000000006,0.030000000000000006,0.39751025309139226,0.11707588925572279
121,121.0,121.0,0.23208493831757604,0.06950770644394354,0.06315901380112135,0.030000000000000006,0.030000000000000006,0.03884491914851693,0.030000000000000006,0.030000000000000006,0.32781595544293496,0.14858746684590704
122,122.0,122.0,0.22140404154919763,0.04374986597849932,0.05527000289564464,0.030000000000000006,0.05117424556760182,0.03358885518094945,0.030000000000000006,0.030000000000000006,0.3184783448144615,0.18633464401364552
123,123.0,123.0,0.15235878663607616,0.06715064533256032,0.07014276439633617,0.030000000000000006,0.037164804857733005,0.030000000000000006,0.030000000000000006,0.030000000000000006,0.3934750321138186,0.15970796666347545
124,124.0,124.0,0.12510633504259527,0.07142024481726675,0.06453311336787847,0.04548137179527091,0.030000000000000006,0.030000000000000006,0.030000000000000006,0.030000000000000006,0.4386249415066188,0.1348339934703697
125,125.0,125.0,0.1363248615640535,0.06424538384663306,0.08762736911882238,0.030000000000000006,0.06592552026286969,0.030000000000000006,0.030000000000000006,0.030000000000000006,0.42633875964106116,0.09953810556656024
126,126.0,126.0,0.127989316143967,0.09841033999984516,0.09120957619897249,0.030000000000000006,0.03466133677624391,0.030000000000000006,0.030000000000000006,0.06813355145746582,0.3826718021959351,0.10692407722757036
127,127.0,127.0,0.16464048346814802,0.08204538192871662,0.13068291538280413,0.030000000000000006,0.0345791672696118,0.04451558272327645,0.030000000000000006,0.030000000000000006,0.31800930232735947,0.13552716690008335
128,128.0,128.0,0.2318010903522397,0.06222830652305492,0.05543043336563551,0.030000000000000006,0.07938876554451432,0.037168761590768595,0.030000000000000006,0.030000000000000006,0.3496354993878557,0.09434714323593114
129,129.0,129.0,0.2020610622408626,0.041472701856279506,0.12517905264015391,0.030000000000000006,0.030000000000000006,0.0422945238645861,0.030000000000000006,0.030000000000000006,0.3747372866965999,0.09425537270151792
130,130.0,130.0,0.23781598192256417,0.05489371014415948,0.07901278691176884,0.030000000000000006,0.030000000000000006,0.046367801340966665,0.030000000000000006,0.030000000000000006,0.37527369964489626,0.08663602003564451
131,131.0,131.0,0.2168625732885201,0.03404641996934531,0.17011404853369275,0.030000000000000006,0.030000000000000006,0.0477334308342202,0.030000000000000006,0.030000000000000006,0.30127686772685514,0.10996665964736638
132,132.0,132.0,0.2029795419761391,0.13491460603939176,0.17574802343719192,0.046825690839776876,0.06416753494199817,0.03365420141004766,0.030000000000000006,0.030000000000000006,0.16932933864431937,0.11238106271113497
133,133.0,133.0,0.2212117049290657,0.06286715410313268,0.16040948136427724,0.03387998816697028,0.03625657743418263,0.0797995991983968,0.030000000000000006,0.030000000000000006,0.20466011482092394,0.1409153799830506
134,134.0,134.0,0.22830195338334436,0.0576908714216002,0.18267979807599138,0.04144011921965318,0.030000000000000006,0.03463240823634735,0.030000000000000006,0.030000000000000006,0.27860917900356924,0.08664567065949418
135,135.0,135.0,0.17811211692420406,0.07637428857037518,0.14705676759128256,0.030000000000000006,0.04021934405372437,0.08799932426965577,0.030000000000000006,0.030000000000000006,0.2701058755151757,0.11013228307558232
136,136.0,136.0,0.17913809594448962,0.14572515086758855,0.16520024463223096,0.030000000000000006,0.03656201282024065,0.04630796101967889,0.030000000000000006,0.030000000000000006,0.2375837958376333,0.09948273887813788
137,137.0,137.0,0.2053584018683119,0.052646195927811425,0.145701781842101,0.030000000000000006,0.03739360444264616,0.05706663861252219,0.030000000000000006,0.048608314046109005,0.26198813304187885,0.13123693021861932
138,138.0,138.0,0.21733977958775053,0.09197301494467566,0.1557111973306534,0.030000000000000006,0.030000000000000006,0.04443181406798682,0.030000000000000006,0.03633782205615434,0.23489198602173883,0.1293143859910403
139,139.0,139.0,0.21189012764727658,0.08737363782144754,0.13723254035062396,0.030000000000000006,0.030000000000000006,0.036847370056194394,0.030000000000000006,0.03765294300398196,0.2731932551675078,0.1258101259529676
140,140.0,140.0,0.19092351047531336,0.08014511311369417,0.14755910713645415,0.030000000000000006,0.04634937305917548,0.03321862568349385,0.030000000000000006,0.03249720958202109,0.282897757950821,0.1264093029990268
141,141.0,141.0,0.1983713775609069,0.06902864233904141,0.17117285345537117,0.03602733820463026,0.04804609241153225,0.058982250274836556,0.030000000000000006,0.030000000000000006,0.24937696932810857,0.10899447642557283
142,142.0,142.0,0.22264338537965706,0.08315562553981688,0.13361560824608548,0.03229263354769763,0.046735620104339536,0.04021635224301868,0.030000000000000006,0.04691618855362586,0.26151507970289506,0.10290950668286362
143,143.0,143.0,0.2279045110129556,0.04534481151453379,0.147669776299005,0.030000000000000006,0.06205766041774683,0.04291413863790959,0.030000000000000006,0.03294721947666261,0.25350784619138045,0.12765403644980602
144,144.0,144.0,0.19532899481834046,0.05923734301669244,0.13935821276542254,0.030000000000000006,0.030000000000000006,0.06745751898822984,0.030000000000000006,0.030000000000000006,0.3158531550949687,0.10276477531634598
145,145.0,145.0,0.19442407414239785,0.07142489216797981,0.21984649354847444,0.030000000000000006,0.030000000000000006,0.03259726874516877,0.030000000000000006,0.030000000000000006,0.24313519764761682,0.11857207374836214
146,146.0,146.0,0.2326484822470937,0.05004941381267495,0.17019525485678744,0.030000000000000006,0.030000000000000006,0.030000000000000006,0.030000000000000006,0.030000000000000006,0.30033546785315746,0.09677138123028628
147,147.0,147.0,0.20422608581990848,0.06389558162087587,0.14279581057746824,0.030000000000000006,0.030000000000000006,0.030000000000000006,0.030000000000000006,0.030000000000000006,0.28402159916541325,0.155060922816334
148,148.0,148.0,0.1797408412360037,0.09568694370201658,0.15799459982484426,0.030000000000000006,0.030000000000000006,0.030000000000000006,0.030000000000000006,0.030000000000000006,0.32935591689717214,0.08722169833996318
149,149.0,149.0,0.1867582559450462,0.08302634486626961,0.12283416319002986,0.030000000000000006,0.04066348673298324,0.030000000000000006,0.030000000000000006,0.030000000000000006,0.30978166851777805,0.13693608074789282
150,150.0,150.0,0.2283751719604191,0.07190516420198774,0.13636095210748533,0.030000000000000006,0.030000000000000006,0.030000000000000006,0.030000000000000006,0.030000000000000006,0.29871507763790994,0.11464363409219766
151,151.0,151.0,0.21019758102004085,0.04645095424218363,0.15492541406115568,0.030000000000000006,0.030000000000000006,0.030000000000000006,0.030000000000000006,0.030000000000000006,0.33531381536132276,0.10311223531529694
152,152.0,152.0,0.2069361209828247,0.08855535301459819,0.15728023702510102,0.030000000000000006,0.030000000000000006,0.030000000000000006,0.030000000000000006,0.030000000000000006,0.3116694896742144,0.08555879930326163
153,153.0,153.0,0.24654814374955653,0.07356759521391545,0.09712356270796432,0.030000000000000006,0.030000000000000006,0.030000000000000006,0.030000000000000006,0.030000000000000006,0.3389486394213771,0.09381205890718657
154,154.0,154.0,0.21871382080393284,0.13910896040176685,0.06658078947424338,0.030000000000000006,0.041973206809935805,0.030000000000000006,0.030000000000000006,0.030000000000000006,0.3090436515673159,0.1045795709428051
155,155.0,155.0,0.27860119837775027,0.058478998815220264,0.03890359053821757,0.030000000000000006,0.030000000000000006,0.030000000000000006,0.030000000000000006,0.030000000000000006,0.3692006596087479,0.10481555266006386
156,156.0,156.0,0.22817629562874772,0.056697145961162244,0.05292643906275453,0.030000000000000006,0.030000000000000006,0.08203370768927667,0.030000000000000006,0.030000000000000006,0.34846934982850475,0.11169706182955394
157,157.0,157.0,0.2182028018467434,0.0689618570333618,0.059167614959158475,0.030000000000000006,0.030000000000000006,0.03340345505509694,0.030000000000000006,0.030000000000000006,0.3935236021114551,0.10674066899418415
158,158.0,158.0,0.2084216894947819,0.15650860287070523,0.05553158529556773,0.030000000000000006,0.030000000000000006,0.0525888901443294,0.030000000000000006,0.030000000000000006,0.30395753635368833,0.10299169584092724
159,159.0,159.0,0.22726180999395246,0.11365719871380205,0.08274419313042002,0.030000000000000006,0.030000000000000006,0.04557460169173726,0.030000000000000006,0.030000000000000006,0.321243846804307,0.08951834966578112
160,160.0,160.0,0.2240112628698053,0.06199883382634295,0.19822967747894515,0.04292274080967634,0.030000000000000006,0.03437257907765086,0.030000000000000006,0.030000000000000006,0.254132484805221,0.09433242113235815
161,161.0,161.0,0.2321719599738843,0.07754167534461315,0.15630849554750537,0.030000000000000006,0.030000000000000006,0.04394831772946115,0.030000000000000006,0.030000000000000006,0.2752225678149168,0.09480698358961918
162,162.0,162.0,0.22016276603177776,0.051224521569736246,0.1729484160641014,0.030000000000000006,0.05989091321472345,0.03379090390853874,0.030000000000000006,0.030000000000000006,0.2895030431792768,0.08247943603184552
163,163.0,163.0,0.16574707864033728,0.06031609732958364,0.21409082484503314,0.030000000000000006,0.062490566037735874,0.030000000000000006,0.030000000000000006,0.030000000000000006,0.26013261756808503,0.11722281557922501
164,164.0,164.0,0.2182035047399884,0.046037244255665986,0.2087766934352162,0.030000000000000006,0.03255700600558235,0.030000000000000006,0.030000000000000006,0.030000000000000006,0.24583678961629887,0.12858876194724805
165,165.0,165.0,0.18773504788248688,0.08589193626237146,0.128082036489439,0.030000000000000006,0.047593434464277176,0.030000000000000006,0.030000000000000006,0.030000000000000006,0.3292106896668989,0.10148685523452645
166,166.0,166.0,0.22247757809969032,0.09375180306846273,0.08151825692659906,0.030000000000000006,0.03181966856827858,0.030000000000000006,0.030000000000000006,0.030000000000000006,0.34911232007994586,0.10132037325702337
167,167.0,167.0,0.21018016152439428,0.07074178371448184,0.13699620262545859,0.030000000000000006,0.030000000000000006,0.030000000000000006,0.030000000000000006,0.030000000000000006,0.31917040910454786,0.11291144303111737
168,168.0,168.0,0.19261453307597,0.034621055902375644,0.09914738675916909,0.030000000000000006,0.030000000000000006,0.030000000000000006,0.030000000000000006,0.030000000000000006,0.4190585994624268,0.10455842480005832
169,169.0,169.0,0.2677251393482744,0.06858172428625416,0.07168778992696831,0.030000000000000006,0.030000000000000006,0.030000000000000006,0.0389573710179652,0.030000000000000006,0.3528146083993431,0.08023336702119466
170,170.0,170.0,0.25425797945174133,0.035507776761207685,0.07268395827864067,0.030000000000000006,0.030000000000000006,0.04898384141262704,0.030000000000000006,0.030000000000000006,0.3370420242123406,0.1315244198834426
171,171.0,171.0,0.2516073498524864,0.05832651308100338,0.0737642125002181,0.030000000000000006,0.030000000000000006,0.032900553537928215,0.030000000000000006,0.045948752795040806,0.363992333178311,0.08346028505501205
172,172.0,172.0,0.27142985098376793,0.044326757847715136,0.055268770618462706,0.030000000000000006,0.047591970991412755,0.030000000000000006,0.030000000000000006,0.030000000000000006,0.3721128413363661,0.0892698082222754
173,173.0,173.0,0.276153459143862,0.09245684119975685,0.03514310517177881,0.030000000000000006,0.030000000000000006,0.030000000000000006,0.030000000000000006,0.030000000000000006,0.35010670228361696,0.09613989220098526
174,174.0,174.0,0.21688729784920757,0.055866253920985084,0.08395422235776467,0.030000000000000006,0.030000000000000006,0.030000000000000006,0.030000000000000006,0.030000000000000006,0.3897758536433311,0.10351637222871146
175,175.0,175.0,0.22550750581473283,0.030000000000000006,0.08699623821266542,0.030000000000000006,0.030000000000000006,0.030000000000000006,0.030000000000000006,0.030000000000000006,0.4030165518865233,0.10447970408607843
176,176.0,176.0,0.210986710799826,0.060503226532892175,0.0759384078480855,0.030000000000000006,0.030000000000000006,0.030000000000000006,0.030000000000000006,0.030000000000000006,0.41150289822519187,0.09106875659400444
177,177.0,177.0,0.24611475570941882,0.06892525685894826,0.0908738635165067,0.030000000000000006,0.030000000000000006,0.046389112093210116,0.030000000000000006,0.030000000000000006,0.34122269051410026,0.08647432130781574
178,178.0,178.0,0.24318331898503578,0.040223988905145634,0.14916135218586793,0.030000000000000006,0.030000000000000006,0.032846315718705964,0.030000000000000006,0.030000000000000006,0.31824588028703005,0.09633914391821455
179,179.0,179.0,0.18893183749550105,0.07640956716295624,0.11734304862687424,0.030000000000000006,0.030000000000000006,0.030000000000000006,0.030000000000000006,0.030000000000000006,0.34250854672216235,0.12480699999250608
180,180.0,180.0,0.2872409661770868,0.10009728871562892,0.07303630729000131,0.030000000000000006,0.030000000000000006,0.030000000000000006,0.030000000000000006,0.030000000000000006,0.27056014197034656,0.11906529584693633
181,181.0,181.0,0.31560889054393554,0.07049025819893018,0.06344776558771806,0.030000000000000006,0.030000000000000006,0.030000000000000006,0.030000000000000006,0.030000000000000006,0.2782138469309842,0.12223923873843182
182,182.0,182.0,0.341241084507448,0.05273594872166171,0.05572756289767979,0.030000000000000006,0.04490869751954668,0.030000000000000006,0.030000000000000006,0.030000000000000006,0.2736507796272812,0.11173592672638262
183,183.0,183.0,0.3338352078164865,0.04765486493130676,0.0900387522265569,0.030000000000000006,0.030000000000000006,0.030000000000000006,0.030000000000000006,0.030000000000000006,0.3012132933220809,0.07725788170356881
