,Unnamed: 0,Generation,Intertwine_two,Add_vertex,Delete_vertex,Invert_path_vertices,Insert_inside_vertex,Delete_inside_vertex,Replace_inside_vertex,Donate_between_routes,Trim_one_terminal_cb,Grow_one_terminal_cb
0,0.0,0.0,0.09999999999999999,0.09999999999999999,0.09999999999999999,0.09999999999999999,0.09999999999999999,0.09999999999999999,0.09999999999999999,0.09999999999999999,0.09999999999999999,0.09999999999999999
1,1.0,0.10900000000000001,0.10382101473005453,0.10106733200638629,0.0991458602897905,0.10032009633186097,0.09918072998420349,0.09873629138674105,0.0976934869598204,0.09534975980919201,0.1021850333842664,0.10250039511768422
2,2.0,0.31601,0.10524383602694526,0.1010151419856117,0.09903283310767182,0.09946774649838226,0.09836676969543212,0.09747912614542326,0.0961642230446074,0.09118626126913688,0.10651796728456787,0.10552609494222129
3,3.0,0.6191589000000001,0.10879048301038347,0.10071903379441242,0.09872481699710284,0.09901380426245779,0.0983326090686159,0.0956416240194166,0.09347849764972323,0.08611797281246218,0.11005892138025856,0.10912223700516685
4,4.0,1.015801321,0.1121615264358034,0.10128833565016385,0.09778720955632167,0.09824169061193579,0.09703567112558804,0.09441573547104201,0.09023047529702455,0.08192160222225166,0.11431357112427296,0.11260418250559592
5,5.0,1.50262148669,0.11589060017552108,0.1013026149820733,0.09697882876968804,0.0975933140342762,0.09600699343580635,0.09358518653623397,0.08758023480878796,0.07857498255456732,0.11739438750411108,0.11509285719893451
6,6.0,2.0757334209441005,0.11766733770507791,0.10149144380780266,0.09598292334728344,0.09747732749882622,0.0949054786035749,0.09239488107019003,0.08492000477272693,0.07495643515386963,0.12169226632167764,0.11851190171897047
7,7.0,2.7307768275633495,0.11922878279823027,0.10183215997747747,0.09588929926994734,0.09632776450068642,0.09403504691406955,0.09233243235718169,0.08176141346599707,0.07174352067381762,0.1258572879845134,0.12099229205807899
8,8.0,3.4630081252450404,0.12108851471286529,0.10159571066804893,0.09562498543427096,0.09433222845407709,0.09413610641398595,0.09161438848069627,0.0793244199714655,0.06777171965985582,0.12981452196847088,0.12469740423626313
9,9.0,4.2673862119061114,0.12420561082727172,0.10140243372558715,0.09527482386393701,0.09257816975898005,0.09258159372682576,0.091312754283004,0.0764574073231617,0.06367946811062901,0.13435178809412826,0.12815595028647517
10,10.0,5.138652627782014,0.12589447301763115,0.1002319134052013,0.09742366138098246,0.08933971311548969,0.09203600069281731,0.08975929016238479,0.07381336346676237,0.061896384401301595,0.1401722119170492,0.12943298844037998
11,11.0,6.071405875792507,0.12708833130686076,0.10010021265140155,0.09817565830418316,0.08817347494167564,0.09102049938655005,0.08896845967727296,0.07075687352684912,0.06028770915241151,0.14482415203900093,0.13060462901379416
12,12.0,7.060169740244025,0.12765297850984467,0.10029345140601434,0.10012687666134792,0.08515937214283098,0.0915345197091683,0.08830061912903407,0.06712459075264095,0.05872185710072583,0.14930063538808028,0.13178509920031245
13,13.0,8.099455520847952,0.12859110492718737,0.09908809374928332,0.10199528343018288,0.08364723247904746,0.09127079582093216,0.08711047464488897,0.06422321134539341,0.0571215956653392,0.15254701707597493,0.1344051908617701
14,14.0,9.183818168183006,0.1297051232727982,0.09849588932276682,0.10490648964299534,0.08070678175461864,0.09165840117526376,0.08545748714308897,0.060799532022270605,0.05694314785226706,0.15605439922298592,0.1352727485909445
15,15.0,10.307906369102724,0.13089991984183386,0.09817761022904406,0.10522095787629128,0.07820118644976799,0.09091813526701437,0.08536732231469259,0.05733224271253709,0.05598626627419626,0.16083897482199266,0.13705738421262967
16,16.0,11.466506686239443,0.1323294121959782,0.09828222490001517,0.10628670961667161,0.07594347851151799,0.08870217976829933,0.0848692304201508,0.05510518232130911,0.05530216839107875,0.1653053794915542,0.13787403438342463
17,17.0,12.654581904800096,0.13301704864418726,0.09845239852383292,0.1065475757291274,0.07328333102069602,0.08816048996708886,0.08515142962802999,0.053925655307575565,0.054202533485608266,0.16906675178177213,0.1381927859120814
18,18.0,13.867303782456686,0.13324115689460225,0.09698496085423508,0.10870256571374648,0.07176054634712564,0.08795466720794344,0.08431618000425317,0.05181874806528602,0.052967278094894994,0.1738724516332502,0.13838144518466255
19,19.0,15.100080434523047,0.13392767420156065,0.09765564171897927,0.10834003747331918,0.06918247386444643,0.08823698081287579,0.08386722848740508,0.0490042619593663,0.0520309067172972,0.17792657737504392,0.13982821738970602
20,20.0,16.348578617037543,0.13495401356449982,0.09840618592002232,0.11046446864240228,0.0671931532905117,0.08581543823893399,0.08204887277458084,0.045861233427572624,0.05245671150769235,0.1810250123833801,0.14177491025040387
21,21.0,17.608741195130214,0.13537647550081788,0.09952522930524174,0.11143666926539895,0.06567640234453656,0.08328366815144342,0.08262498660355931,0.04461840139937348,0.05216826241146179,0.1822354305260659,0.14305447449210085
22,22.0,18.876800103462312,0.1361885671385162,0.09991484222517434,0.11247297353340263,0.06520755397007136,0.08103885581402825,0.0807270943077477,0.044087300557202495,0.052315929436835176,0.18401534231465866,0.14403154070236304
23,23.0,20.14928511992658,0.13648495930872412,0.1006096041752944,0.11267399917731494,0.06473850560895762,0.0800497005148335,0.08080023747174307,0.04200329565945866,0.05111390293446498,0.18661333595466303,0.14491245919454554
24,24.0,21.423028783545156,0.137010689226803,0.09775082551447832,0.11204351724796087,0.06325545033881243,0.0800679496023982,0.08040657641887007,0.039908633295282714,0.05207385722237679,0.19241549376731715,0.14506700736570033
25,25.0,22.695167792966423,0.13977063789031394,0.09835984495976816,0.11107226700609261,0.06347262929378765,0.07670408599546466,0.08064113592429276,0.03908365915022195,0.050636662955128406,0.19588726230253023,0.14437181452239953
26,26.0,23.963141223515898,0.1404191018978606,0.10012847570407399,0.11006385965797345,0.06182050687189307,0.07659542838021502,0.07985815510758698,0.03766200274592182,0.04934421006824012,0.19782648678855852,0.1462817727776763
27,27.0,25.224685898775267,0.13925669232622795,0.1018967403110701,0.10926375551532605,0.059136306212625035,0.07683362709394284,0.08185565358163542,0.03703448914214714,0.04745308080152129,0.20114268131131585,0.1461269737041882
28,28.0,26.477829247520948,0.1406275339561241,0.10314011347934467,0.11212859756832044,0.05627081356218733,0.07463060214402521,0.0808030889267453,0.03587498841675713,0.047645187138414924,0.20262330825688193,0.14625576655119882
29,29.0,27.720879968916847,0.14054090334321406,0.10430644196593625,0.11429201128037744,0.054861488110414296,0.07258981810441573,0.07863975184407856,0.035771839150178744,0.04692802110281886,0.2084944892354827,0.14357523586308318
30,30.0,28.95241681848399,0.140700105307476,0.10529170538990877,0.11353062350469126,0.055615165809965894,0.0727235320700909,0.07819124266846544,0.03571649525675296,0.04508112810248014,0.21059231800428863,0.14255768388587986
31,31.0,30.17127581490958,0.14048638457683926,0.10639353956911031,0.11124979831187001,0.05340628716671094,0.07235111662233179,0.07894982405395509,0.03412553739111305,0.04391544018109714,0.21672350029115148,0.14239857183582083
32,32.0,31.376536153543515,0.14226541436434714,0.10734215099423894,0.11171824655209803,0.05149999235233373,0.0704218867189238,0.07708398274221823,0.03488508651516767,0.04319251089454896,0.22143403032044817,0.14015669854567525
33,33.0,32.567505096778625,0.14337203208155436,0.10824400115789558,0.11296734540737496,0.04970662852689144,0.06905254157086764,0.07404276367224243,0.03330377125277887,0.042216793831759115,0.22750411734427667,0.13959000515435882
34,34.0,33.74370209472243,0.1470192233046708,0.1064294345148627,0.11276896804883185,0.04716598643905292,0.0645769416624838,0.07508717435648381,0.03184754980410117,0.04148925113374189,0.23459698337497453,0.13901848736079642
35,35.0,34.90484237192463,0.14698918838740016,0.10493441618759558,0.11458287674145297,0.04600859991863584,0.06120115601057761,0.07372249680906974,0.030518475002250224,0.04151564314983844,0.24236804825774533,0.13815909953543398
36,36.0,36.05082019768737,0.14767245379711783,0.10420516264270208,0.11191843759994058,0.04298709848929834,0.059638985771601864,0.07410878723265213,0.030228647139851388,0.04272385125393144,0.24779847539199312,0.13871810068091112
37,37.0,37.18169203889697,0.1464095548809261,0.10420643170208312,0.1146434020814148,0.0419491760710783,0.05560686905312592,0.0728322700517167,0.03037974486819153,0.041438343810277,0.25473744104895435,0.13779676643223207
38,38.0,38.29765977559663,0.14189062828507923,0.10393654839339406,0.11509476463155349,0.0398509546269711,0.05255493194697376,0.07184591232907989,0.029400794417183386,0.04085198444626545,0.2682722206208553,0.13630126030264414
39,39.0,39.399054140870355,0.13794641534294994,0.10206520407137137,0.11617877223694961,0.03821431404800228,0.050046355616504716,0.0698261474687601,0.028525731067104224,0.04138300378439125,0.2807006865715851,0.1351133697923812
40,40.0,40.48631852820801,0.13734588376298304,0.10055488421557604,0.11919153676115715,0.03617399965040609,0.04763023088325123,0.06674264033275078,0.02775291674136194,0.04077065381479255,0.2895521174126092,0.13428513642511172
41,41.0,41.55999329152982,0.1376516554953452,0.10121783125904922,0.11805494021394508,0.03400205386923559,0.04485205136439284,0.06460845057186326,0.02707985468078026,0.04293795758089231,0.29587694335500586,0.13371826160949016
42,42.0,42.62070064560415,0.13778204296704602,0.0980529533749954,0.12057788175716343,0.03327997057877297,0.04287188813306249,0.06436783040787362,0.02650330027944895,0.04155654217783013,0.30030411235639565,0.13470347796741117
43,43.0,43.669130257815,0.13746049301114094,0.09523124180384943,0.11939378510631979,0.03197252699892779,0.03967754207434758,0.06576918469141824,0.02601936831545628,0.04060197934313372,0.3082241617221731,0.135649716933233
44,44.0,44.70602560622662,0.13397135045591868,0.09338437983712773,0.11682936303334793,0.03322009261481517,0.03670585520076068,0.06334389627657097,0.025623635864708318,0.04368025080606789,0.31495980234784454,0.13828137356283804
45,45.0,45.73217116373481,0.13431411892768064,0.09134673695629121,0.11411067780760026,0.03168938258425592,0.03529985114122075,0.061600173883240184,0.025311240300388067,0.04219910929343388,0.32611726665111573,0.13801144245477334
46,46.0,46.748380453854836,0.1342304633026448,0.08816778561405095,0.11686698656951287,0.03249414382636306,0.0327794335653963,0.06403359874395767,0.02507697188949596,0.04074409083912894,0.32926452115511967,0.13634200449432976
47,47.0,47.755485010424316,0.1388308612845552,0.08315121018641657,0.11843575414945297,0.031525650877504155,0.030483263411500344,0.06468856747339269,0.024915360600798103,0.042052272915403914,0.3299951545021522,0.13592190459882386
48,48.0,48.7543242612326,0.13815346288268804,0.08621563012484759,0.11791419911520062,0.030358375463081677,0.028411877638878973,0.06377547339013663,0.02482075683496205,0.040656488420710714,0.3345768857188078,0.13511685041068594
49,49.0,49.745736344347726,0.1381236662762134,0.08256857494394612,0.11796145704694239,0.030590813701057856,0.026563511667130953,0.06374591109391639,0.024787405877359982,0.039293717491279724,0.3350290168598109,0.14133592504234233
50,50.0,50.730549855707864,0.1375974627363174,0.07810570661562637,0.11764703560647699,0.030043885793462843,0.024934347175886426,0.06389896686077123,0.02480951595674452,0.04018354270964659,0.3398881800083731,0.1428913565366946
51,51.0,51.70957651737491,0.13852699496932935,0.072683394993239,0.12281594208932238,0.03059478536284863,0.023518755662007486,0.06198147769768525,0.02488131986862316,0.03968362021508201,0.34118175535304385,0.14413195378881896
52,52.0,52.68360474770151,0.13669975328466077,0.07026091163628416,0.12420977551134678,0.029815194989571955,0.022309535742896368,0.06176567557539925,0.024997130190627707,0.03842639300930981,0.34725609934196855,0.14425953071793476
53,53.0,53.65339410751842,0.13386520652779435,0.07788242169775066,0.12000330789381133,0.030159557030097102,0.021298142458267395,0.06094545750389215,0.025151388178525524,0.03721062459402174,0.34982239840559404,0.14366149571024583
54,54.0,54.61967059027847,0.13443070413158695,0.07784375076536248,0.12037893150945787,0.029528156502535874,0.020474907077518645,0.057305803973833634,0.0253387064858483,0.03758379037585482,0.35196853964800395,0.14514670952999761
55,55.0,55.58312271885972,0.13463047856237445,0.0790531196785948,0.11673372501899298,0.028964614462705415,0.019829246164069586,0.05610953300456739,0.025553905897580317,0.04040205470550094,0.35196178811118534,0.146761534394429
56,56.0,56.544398407394254,0.13765829941068133,0.07805597102603692,0.11257021812883888,0.028467780482230948,0.019349858880324734,0.054016534178394575,0.027467898361038915,0.039937729771667624,0.3531428953102548,0.1493328144505315
57,57.0,57.504102543001395,0.13465156517143279,0.07681192664673699,0.11139016647213533,0.028035952094981616,0.019024911736151125,0.05334734030403441,0.02936522279469933,0.04100977639991088,0.35384957426799674,0.15251356411192102
58,58.0,58.462795239617805,0.13274325776815782,0.08096092300603638,0.11025592139663223,0.0276669470255074,0.018842210189033363,0.05168342824951996,0.02958725321488523,0.03990548859350739,0.3552622469544024,0.15309232360231803
59,59.0,59.42099071417639,0.1320454322514608,0.08030149048849325,0.11138762391530577,0.027358172992725534,0.018789356694737046,0.050273489653966566,0.031974311550364565,0.03881257468180918,0.3563786803042948,0.15267886746684267
60,60.0,60.379156734137354,0.13336965071730714,0.07915886288815033,0.11302082468693653,0.027106694633294598,0.019914125019613427,0.04919177655772074,0.032138127796277526,0.04374942979694709,0.3491153298278376,0.1532351780759152
61,61.0,61.337714584760846,0.13033339020990764,0.08411449522931039,0.11599635920001099,0.028110870963995623,0.020073068228784637,0.04701769500556259,0.032264181139636416,0.042647362058365786,0.3461177912289853,0.15332478673544087
62,62.0,62.29703950447439,0.12861401922862,0.09230588155522493,0.11757462031591957,0.02795210453151696,0.02031538643475088,0.044492625729840786,0.03235498733726306,0.041529027473058956,0.3441866122530864,0.1506747351407187
63,63.0,63.257461537171835,0.12909904711807624,0.09043398791134756,0.11721395265751978,0.0301626568170935,0.021432953701694978,0.04382208631361576,0.03241316304175441,0.04202455781738736,0.341200304545868,0.15219729007564262
64,64.0,64.21926675122782,0.12861427483721363,0.08927336356215082,0.11533579077389464,0.030318343711808048,0.021802063433597925,0.043231689330579276,0.03244138954537907,0.042715426653692566,0.34270735669060515,0.1535603014610791
65,65.0,65.18269877636592,0.1286527860987415,0.0906248448689701,0.12043747139639505,0.03021454358735389,0.0222162415579746,0.042976560511688314,0.03244237950318748,0.041571400331578696,0.33403486050152087,0.15682891164258975
66,66.0,66.14796061122655,0.127285443567563,0.09283659573077963,0.12055269547062233,0.03011897803947161,0.02266683945433387,0.04067544804564329,0.032418846670183174,0.040426062638360426,0.3346047971391718,0.1584142932438711
67,67.0,67.11521665648885,0.12785722294518226,0.09154830403160823,0.1214412539628801,0.03003177926598285,0.023145709166513866,0.038497692345746334,0.03237347865377747,0.039290998088080384,0.3367209706663185,0.15909259087391023
68,68.0,68.08459493066005,0.12841835175157054,0.09223980995647174,0.12230961817452418,0.02995298257718313,0.025098352928191646,0.037650257890305946,0.032308912652474556,0.038774872764104386,0.3348232511560315,0.15842359014914256
69,69.0,69.05618942810752,0.13128840951676887,0.09114241842894605,0.12233764189112817,0.02988253573149155,0.025748529204807847,0.03823925077129977,0.032227714124777186,0.03808996399010727,0.33089253017912446,0.16015100616154906
70,70.0,70.03006258152917,0.13507728421983278,0.09251545656788539,0.12081380981970073,0.029820308213054217,0.0262397745123365,0.037954584028824484,0.03213235830860179,0.03702737135366166,0.32773098454507005,0.16068806843103267
71,71.0,71.00624779379335,0.133637571809665,0.09184068133195376,0.12413443969643863,0.030398955384330392,0.026719497543988925,0.03624814415078018,0.03202521449095791,0.03600076426732399,0.326590138684259,0.16240459264030244
72,72.0,71.98475200689319,0.13707257899692027,0.08982631473247368,0.12220308551997834,0.03034617876663536,0.030486225150963085,0.03700075693464422,0.03190853291016884,0.03501681024694685,0.32465939493440626,0.1614801218068633
73,73.0,72.96555827861411,0.13736261376273654,0.09057809394421382,0.11683402320903563,0.030295218023043476,0.030899463077196015,0.03575843441665704,0.03178443415835699,0.03408108352613795,0.328374084803816,0.16403255107880668
74,74.0,73.94862834037681,0.1359282964597518,0.09139149568864223,0.11437169735989056,0.03191551517596623,0.0312623825800337,0.03763694548413858,0.031654900940142755,0.03390490114806375,0.3272144935412141,0.1647193716221564
75,75.0,74.93390511255946,0.1357836625299701,0.08890431606943353,0.11527660847821256,0.03220758757203913,0.031576386306787274,0.038872085268102125,0.03152177203434852,0.03307118374099266,0.33045284149007986,0.1623335565100344
76,76.0,75.92131515639825,0.1399981274792699,0.08470627237240373,0.11607604578415606,0.03212873041166991,0.031843225797797615,0.04183485535854323,0.031386738298790226,0.032290126237218754,0.3276799466696937,0.162055931590457
77,77.0,76.91077104428919,0.13929705922051835,0.08702980311430811,0.11884359557972127,0.03203647166322091,0.03206494908172895,0.04072884260210249,0.031251340553799856,0.03156427322145005,0.32605767735699587,0.16112598760615426
78,78.0,77.90217363294813,0.13959496224424012,0.0881823079940478,0.11691272968569796,0.03345675355575921,0.03224385054644986,0.04297419737290195,0.031116969177770522,0.03089536277504372,0.3219910804323502,0.16263178621573882
79,79.0,78.89541422641172,0.14285126327869602,0.08646569691562231,0.11419441012583195,0.033329128188988935,0.03356772937158929,0.043240803437621086,0.03098486524756642,0.030284389745527586,0.3224366343818508,0.1626450793067058
80,80.0,79.89037661826481,0.1445988972441026,0.08620547410958179,0.10997125328068559,0.034538008381960784,0.03365676760937929,0.047150020855657296,0.03085612305790706,0.02973167012150779,0.32132603232517293,0.16196575301404498
81,81.0,80.88693900474995,0.1438410030735313,0.08576085409742701,0.11135057953527487,0.035337956012521876,0.03370033434729649,0.04732481675096462,0.030731693856634566,0.029236905758674894,0.31940083482429704,0.1633150217433774
82,82.0,81.88497576253909,0.1481061311217678,0.08688577324316833,0.1098270464213313,0.03632964888030515,0.033702541067949,0.046953193327824445,0.030612390636922976,0.028799248774538537,0.3154475342748451,0.16333649225134736
83,83.0,82.88435908692391,0.14551533603415934,0.08910860603820496,0.11023230224172965,0.037704995169742246,0.033667501705856785,0.04555734039048465,0.030498893832813317,0.028417365001070435,0.31470936043655745,0.16458829914938114
84,84.0,83.88496048800103,0.15186119044458019,0.08818484328553755,0.10690764864913746,0.037397454940444025,0.033599291262915214,0.044145499342974,0.03127217028994947,0.028089495954938433,0.3187944274203959,0.1597479784091278
85,85.0,84.88665214409042,0.1491180352521539,0.09151274304143144,0.1043509805889254,0.037046694184671186,0.034842246755758435,0.04417254293953313,0.031163026131225825,0.027813518853870248,0.31793581825298955,0.16204439399944093
86,86.0,85.88930811312994,0.15028039553868514,0.0893922071374489,0.10395149242476719,0.03666054256262892,0.03593288664494605,0.04692385523128459,0.03341191230849409,0.027587004274370185,0.31676880088692827,0.15909090299044673
87,87.0,86.89280540413424,0.1521379170206644,0.09122823237535993,0.1016377789977173,0.03624640067716459,0.03680117429090908,0.04657531162536817,0.03431591393815642,0.027407271110076424,0.31558868404299273,0.15806131592159106
88,88.0,87.89702491199675,0.15038946662552305,0.09022652541865317,0.09874423711278987,0.040711187670316513,0.0382463320476347,0.04673583784952958,0.03480991697725213,0.027271438551111277,0.31373221781010646,0.1591328399370834
89,89.0,88.90185221995306,0.15329472707441805,0.09181489081904079,0.09445952670269864,0.04072288323052716,0.03828601551077182,0.045449355317486444,0.03461525014930218,0.02717647486253153,0.3123935044502248,0.1617873718829987
90,90.0,89.90717827491419,0.15659206044003318,0.0902451669941015,0.0917523489288126,0.04016674842920051,0.039217035285368726,0.04485926396008461,0.034393897502654217,0.027119242794184442,0.3166414528460513,0.15901278281950904
91,91.0,90.91289994163006,0.15825175476469563,0.09018528321222365,0.09130796383310681,0.039564559623714524,0.038814643337718835,0.04337005377183977,0.034150741145644495,0.027096541504730218,0.31999230315656235,0.15726615564976387
92,92.0,91.91892044225806,0.1594301724625933,0.09755213106830671,0.09193351037882906,0.03892694410253999,0.038364344151456745,0.04443481411115304,0.0338903930128793,0.027105144929174117,0.3128986297851469,0.15546391599792103
93,93.0,92.92514968840067,0.15666912563058366,0.10159504345616316,0.09490854781749877,0.03946153588788431,0.03787543144230629,0.042963875233616625,0.033617175763261835,0.027141836561881884,0.3117868338080452,0.1539805943987584
94,94.0,93.93150451304501,0.15315733516944208,0.10647756909616171,0.09306874058181815,0.038770109459931236,0.03735665568964782,0.04297508945617526,0.03333510848097349,0.02887794356998881,0.3144789039404572,0.15150254455540446
95,95.0,94.93790881009448,0.15394527269364816,0.10631331460853159,0.09313804689104072,0.03806012458017415,0.03681619095535872,0.0432364099836749,0.033047896842104255,0.028944607827725274,0.31884465603413337,0.14765347958360903
96,96.0,95.94429358933806,0.15599318998591336,0.10177739693714531,0.09061380268306048,0.039179524426819934,0.03626161078494494,0.04838196107591057,0.0327589273987009,0.029015159581410842,0.32130254798844277,0.14471587913765105
97,97.0,96.9505969547639,0.15613045087197724,0.10444400025580214,0.0971914213498672,0.03844010030872693,0.03569987252372309,0.04718253548667799,0.03247126562565087,0.030906454727395293,0.31505390567964386,0.14247999317053553
98,98.0,97.9567640140995,0.15473554917691487,0.10260053678574467,0.10230174425462413,0.03900961633863537,0.035137309363386195,0.048145667331444396,0.032187657373649335,0.032840047884416676,0.3088085262630164,0.14423334522816814
99,99.0,98.96274672736057,0.15145522599371702,0.10050361252075667,0.10983048752716537,0.03859628428366699,0.03457962942544913,0.047240295533904644,0.03191053337311146,0.03286289874885331,0.308535802686964,0.14448522990641155
100,100.0,99.96850370202192,0.15405277294928968,0.09676335696073501,0.11078103421857993,0.03782182989919212,0.03403192118705128,0.04915881493639589,0.03164201643889626,0.03285483553935774,0.3092653466651328,0.14362807120536944
101,101.0,100.97399994219691,0.1561351196908303,0.09154906576315437,0.1072735868024167,0.038473412966343885,0.03510056967940083,0.04796087695882523,0.03138393103371362,0.032819030295418154,0.317307112769762,0.14199729404013509
102,102.0,101.97920655893245,0.15291518778951613,0.08962921455578862,0.10364881794527857,0.03769097431616307,0.0345696330188211,0.04746836462732898,0.031137814858712108,0.03275861527291834,0.32972091543133203,0.14046046218414124
103,103.0,102.98410044840509,0.15303732219293953,0.08997760079156034,0.09845335190212949,0.04070998507169067,0.03404609369411113,0.047551946824221765,0.030904932152623625,0.032676655599939326,0.33524536696507723,0.13739674480570707
104,104.0,103.98866394444643,0.15892830964524496,0.08912952402363719,0.09385300048824766,0.04036794565706718,0.033534447364931046,0.046484465351473214,0.030686288395617753,0.03257612533825882,0.33898241493294695,0.1354574788025754
105,105.0,104.99288445143917,0.16233874585900168,0.08676366466346903,0.09443874648618707,0.03953518166690856,0.033038621195019664,0.04586388569589157,0.03048264613035629,0.032459886849363774,0.3397804800098726,0.1352981414439299
106,106.0,105.99675406321822,0.1597171811055914,0.08627934413639333,0.0957610973810339,0.03973040691715082,0.03256199143014922,0.048187380455289815,0.03029454163031741,0.0323306733408646,0.3406815318361835,0.13445585176702612
107,107.0,107.0002691731872,0.16552311438383005,0.08968310307428227,0.09464522808825918,0.04065859791884076,0.03210740472746433,0.0475499545159323,0.030122302163979243,0.03219107444980669,0.33585911402915447,0.13166010664845076
108,108.0,108.0034300804274,0.17232786735064473,0.0867785742508311,0.09454804027374496,0.0397801183570704,0.03167720264777329,0.048212731835458225,0.03126188963408764,0.03204352470335651,0.3333843693214868,0.1299856816255464
109,109.0,109.00624059613932,0.17524295978676857,0.08737224517908487,0.09424666350507421,0.03889168556790637,0.03306775814097284,0.04849035114582948,0.031108656050537038,0.03189029468451778,0.3277184289676704,0.13197095697163846
110,110.0,110.00870765431864,0.1859455259736879,0.08840336246108135,0.09225314115988714,0.03800317920197969,0.034713135570728804,0.04741446051347173,0.030959659264836126,0.03173348472071775,0.3196130696965639,0.13096098143704563
111,111.0,111.01084093013685,0.19284107524694763,0.08652059040004119,0.09665099746361146,0.03712349168062588,0.03431119173421102,0.04678964475423312,0.030815965565056946,0.031575020906090545,0.3132097535929883,0.1301622686561939
112,112.0,112.01265246907188,0.19562167753893106,0.08328243118449173,0.10052088596414545,0.03626053799460118,0.03511179822316152,0.04565758075412253,0.030678481579605114,0.031416653263865155,0.31322902933975094,0.12822092415732536
113,113.0,113.01415632942268,0.20187034708066712,0.07825234382242847,0.10144638225041623,0.03542127429723295,0.0346963050077426,0.04397538139680365,0.030547961176902415,0.03125995585322365,0.3149437934863621,0.12758625562822087
114,114.0,114.01536824044418,0.201154686262201,0.07739704081769654,0.10137881205829787,0.035705427229340336,0.034275398063788154,0.042321648161248636,0.03042501320270096,0.03110632862511406,0.31503153013628604,0.13120411544332647
115,115.0,115.01630527795908,0.19444383982294494,0.07685382157982283,0.10907279361417378,0.03491977789350357,0.03385382783359127,0.04071007176763663,0.030310109893892642,0.030957000833564292,0.3176844554155874,0.13119430134528273
116,116.0,116.0169855589429,0.19201932509254765,0.0772440059068429,0.11564460772453615,0.03416349571231544,0.03343587634807816,0.040615673682992695,0.03020359581702623,0.03081303581283385,0.31596140997728234,0.12989897392554464
117,117.0,117.01742795623892,0.19611552162387147,0.0778031355945088,0.11443118844077847,0.033441206792122966,0.03302536124763558,0.03910774942142831,0.030105697189676192,0.03067533693604812,0.31755730236573,0.12773750038820017
118,118.0,118.01765183424293,0.19287756435511627,0.07634312011055326,0.11665419478746743,0.03275673469602851,0.0343489108827705,0.03765954009180608,0.03103021782846416,0.03054465457758048,0.3176501831410945,0.1301348795291189
119,119.0,119.01767680610413,0.1911315991723713,0.0743452481480297,0.11741754081290036,0.03211314246258322,0.036623589896789835,0.03846247350974371,0.03201352360676836,0.0304215939091838,0.31937914087449637,0.12809214760713344
120,120.0,120.01752251271817,0.1872640966882829,0.0780369650372115,0.11273923520853187,0.031512778027856625,0.036194442865548515,0.03847528750359011,0.03191189216366994,0.03030662336853495,0.3271082800937036,0.1264503990430701
121,121.0,121.01720842354362,0.1922144889559676,0.07672938894829907,0.1084407343806639,0.030957322256324124,0.03574626610877584,0.03808107740577998,0.03180130494324467,0.030200083648265638,0.32779909535612123,0.12803023799655805
122,122.0,122.01675365905109,0.19600045681366207,0.07290456959668992,0.10333036533923963,0.03044783883938163,0.03740286892335286,0.03720832033842148,0.03168376339542948,0.0301021970635406,0.32748723663031787,0.13343238305996452
123,123.0,123.0161768344173,0.19275733824163033,0.07151076307946587,0.099737705727591,0.02998482537573957,0.03763058115192778,0.03602775880812917,0.031561138368441516,0.030013077166652663,0.33461614358887204,0.13616066849155017
124,124.0,124.01549592390272,0.18670930085139809,0.0706396959849658,0.09564739756094891,0.031116402184231413,0.03711438390892997,0.0349049758427848,0.031435164460467936,0.029932738487786992,0.3461357396761003,0.13636420104238595
125,125.0,125.01472814520056,0.1817718901942469,0.06914605499117539,0.09396440294413472,0.03073033382845737,0.0401712145774296,0.033845421415547014,0.03130743629868703,0.029861106291930013,0.3561996499863551,0.13300248947203702
126,126.0,126.01388986291661,0.17604019577450025,0.0711692670006398,0.09274455815876383,0.03037556896997616,0.040053486887271096,0.03285336821687754,0.03117940659009734,0.03361138139848602,0.36159186461761894,0.13038090238576922
127,127.0,127.0129965102319,0.17406627873284103,0.07162607273203697,0.09557868195071528,0.030052524907643312,0.03988539351435496,0.03338354492823388,0.03105238578646565,0.033518495549229636,0.36018940717468195,0.13064721472379753
128,128.0,128.01206252771334,0.17891155613110996,0.07015968344169504,0.09095518749607562,0.029761260002467316,0.04416200704377326,0.03323734223315423,0.030927543205332475,0.0333997133294066,0.3616680141336151,0.12681769298337064
129,129.0,129.0111013181695,0.18082719832062558,0.06668505884452337,0.09341365687304735,0.029501508987784246,0.0434243502508057,0.033657650228540434,0.030805909450259295,0.0332588121982718,0.3653886139800717,0.12303724086607072
130,130.0,130.01012521639834,0.18633910689856217,0.06464787396597443,0.09132730669715447,0.029272717984691637,0.04262621563462685,0.034529623908386535,0.030688379976190838,0.03309941305826777,0.3688842818638776,0.11858508001226792
131,131.0,131.0091454726403,0.18971925250554073,0.06063213691958081,0.0984365725031894,0.029074078902061373,0.04178163232371962,0.035569344943899184,0.030575719649767318,0.03292495970168145,0.364694593945309,0.11659170860525135
132,132.0,132.0081722485317,0.19164451362841312,0.06683893501532885,0.1061150839792758,0.03058713202265121,0.04432044451486573,0.03521881179234652,0.030468568159488472,0.032738702083736956,0.34709494464815915,0.11497286415573446
133,133.0,133.00721462434865,0.19531381521776817,0.0659010648181168,0.11218821949504125,0.030816695152072665,0.044012750640387,0.03950222563096104,0.030367446136642627,0.032543683206749545,0.3330106818383463,0.11634341786391483
134,134.0,134.0062806163404,0.19958419039072858,0.06450901426532288,0.12036328574909394,0.03180994800396924,0.04303260667787583,0.03924355272518353,0.03027276185471494,0.03234272938539338,0.3264462460576051,0.11239566489011288
135,135.0,135.00537720296956,0.1986957220304051,0.06505632905424862,0.12478170745253946,0.031656165360867676,0.043042085450209454,0.044301327268426255,0.030184818382432872,0.032138443652318896,0.3192095528355583,0.11093384851299373
136,136.0,136.00451035890612,0.19779286235708046,0.07259717818916439,0.1307953852911227,0.031501199328467594,0.04265665580799649,0.04512116800235932,0.030103821073554686,0.03193320205602867,0.3089532841947581,0.10854524369946796
137,137.0,137.00368509565993,0.19941577157934462,0.0708073266433951,0.1346018976602457,0.03134671790602284,0.04233198186236782,0.04694676035235659,0.03002988528482877,0.033589984003418075,0.30144938125489124,0.1094802934531296
138,138.0,138.0029055077818,0.2021339539542159,0.07294753084673333,0.13913969918313018,0.03119421744676234,0.04125103109284019,0.04742750979550226,0.029963044222127158,0.03400422185749998,0.29159164142486693,0.11034715017632207
139,139.0,139.00217482361367,0.204187411153888,0.07460403175839435,0.1415415698371985,0.03104502485896026,0.040165665089336916,0.047071782935878964,0.029903256823474438,0.03453188402294301,0.28598280593839065,0.11096656758153521
140,140.0,140.0014954596262,0.20401588808133048,0.07549972616874447,0.14469281980957727,0.03090030128134879,0.04072211634120815,0.04628651019615109,0.029850415596452247,0.034522417219456036,0.2817774087711845,0.11173239653454728
141,141.0,141.00086907744122,0.20447538024852788,0.0752406579300438,0.14991898228987863,0.031363780869148004,0.04144886697030761,0.048025448344403705,0.02980435433616775,0.0342439240617413,0.27465167595022405,0.11082692899955754
142,142.0,142.0002966427003,0.20725508395400438,0.0763580746793807,0.1510793427128762,0.031454077605828856,0.0420378675601901,0.0478234708939536,0.029764855658550027,0.035642459834543214,0.26919958038261715,0.109385186718056
143,143.0,142.99977848500652,0.2104368128665196,0.07365064385985999,0.15335444655419808,0.03131446687349054,0.04414714964786656,0.04783539864152824,0.029731658292108575,0.03561698240955943,0.2634151260138223,0.11049731484104694
144,144.0,143.99931435823203,0.2102174942497861,0.07232015094905395,0.15451403695547758,0.031175672545651165,0.0430188425926995,0.05025125904934127,0.029704464079390182,0.03527263315007881,0.2643445751740413,0.10918087125448038
145,145.0,144.99890350055264,0.20978073043281725,0.07221063416513362,0.16345493815303377,0.031039000925139212,0.04187317781712215,0.049111570991455765,0.029682944647149725,0.034909992485045456,0.2584243694727125,0.10951264091039074
146,146.0,145.9985446936357,0.21305651724511068,0.06996666380410332,0.16710054091562007,0.030905606457427064,0.04072334774093132,0.04766098184237907,0.02966674771166182,0.034534515961664985,0.2586633196438197,0.1077217586772822
147,147.0,146.99823632047406,0.21335840538347609,0.06913253476008185,0.16767258611342747,0.030776495371911856,0.03958126719495026,0.04617884178978625,0.029655502992606088,0.03415124193100591,0.25766370941113514,0.11182941505161932
148,148.0,147.99797642142389,0.2110902570539788,0.07150858529718454,0.16945853796083216,0.03065253044122905,0.0384575820316178,0.04468312732455485,0.029648827715529867,0.03376478288410268,0.2615610708724377,0.10917469841853279
149,149.0,148.99776274806447,0.20943717087015573,0.07262275448105059,0.16743521157865507,0.030534436699202236,0.038428038237600735,0.04319015303260105,0.02964633168900597,0.033379321913048744,0.26378921980991793,0.11153736168876219
150,150.0,149.99759281456036,0.21188429575700116,0.07261742458395402,0.16652088624255498,0.03042280796438608,0.03735745463464088,0.04171457463951661,0.0296476219482444,0.03299861381996972,0.26514781925274195,0.11168850115699044
151,151.0,150.99746394626104,0.21243385782315838,0.07006008407676705,0.16725284029408122,0.03031811402340768,0.0363203548456306,0.040269408339345454,0.029652306962076547,0.0326259903979989,0.2703661051074765,0.11070093813005787
152,152.0,151.99737332532905,0.2125799549109471,0.07173282619919438,0.16802380697452013,0.03022070833629304,0.035323761487065036,0.03886606458579796,0.029660000404904713,0.03226436941424517,0.27334760691056526,0.10798090077646741
153,153.0,152.99731803323698,0.21661620622734892,0.07190774359746475,0.1625945738557073,0.03013083613452694,0.03437358984948539,0.03751439456174723,0.02967032449940101,0.03191626683472436,0.27914209233569787,0.10613397210389643
154,154.0,153.99729509002177,0.21776471949277026,0.07863590429085775,0.15399927661392623,0.030048642791592174,0.034672020158162425,0.03622274759448411,0.029682912939453673,0.03158381184480839,0.28196469590376794,0.1054252683701773
155,155.0,154.99730149022784,0.22479661020214284,0.07723298331736587,0.14262160433132387,0.029974182355034962,0.03381629862149591,0.034998037848002456,0.029697413406106536,0.03126876423543594,0.29079152947580966,0.10480257620728224
156,156.0,155.99733423551103,0.22662086744743398,0.07560462931079592,0.13274680399150435,0.029907426138583125,0.03300798625228109,0.039049189466616605,0.029713489692033045,0.03097253374464637,0.29744664001395227,0.10493043394215351
157,157.0,156.99739036391077,0.22728090387180871,0.07517650697860657,0.12368539762601968,0.02984827128239064,0.03225042525746494,0.03826204584217796,0.02973082345244657,0.030696200965489293,0.30845189182472116,0.10461753289887468
158,158.0,157.99746697583146,0.22680604439829916,0.08348372496391807,0.1145213511040558,0.0297965491989935,0.03154611610955575,0.03942357418123563,0.029749115602294277,0.030440539454593032,0.31025072898150385,0.10398225600555115
159,159.0,158.99756125680176,0.22807883937302245,0.08740532951407597,0.10840507235968865,0.02975203383194614,0.030896776715341925,0.03989917400075924,0.02976808738113427,0.030206038700240467,0.313535381541392,0.10205326658239912
160,160.0,159.997670497107,0.228891129844068,0.08603145581246943,0.11419236113231805,0.031006723744251685,0.030303403493396067,0.03926376585383164,0.029787481108278925,0.029992927634320758,0.30985751729801186,0.1006732340790538
161,161.0,160.99779210841066,0.2303894623086743,0.0861089274129893,0.1160491759980068,0.03096283075501329,0.029766333558710834,0.03960056051901603,0.029807060651626326,0.02980119839864981,0.3080991974550114,0.09941525294230216
162,162.0,161.99792363749984,0.2305548671092614,0.08346126395528573,0.11978689462428127,0.030913698757148604,0.032274398603379356,0.03893141190769418,0.029826611634122722,0.02963063010255946,0.30761599083634605,0.0970042324699215
163,163.0,162.9980627773051,0.2251582416798709,0.08166515699548177,0.12779669748041966,0.0308603429714989,0.03506778757199572,0.037898682686659094,0.029845941402028252,0.02948081233505255,0.30406293284185737,0.0981634040351361
164,164.0,163.9982073753568,0.2249528097729892,0.07840728482760745,0.13533704818360864,0.03080371933469918,0.03486270942519249,0.036890239560860925,0.029864878779122944,0.029351168220945807,0.2989962946989012,0.10053384719607243
165,165.0,164.99835543984977,0.22165358232071553,0.07913696867147169,0.13478829457441707,0.030744720868232434,0.036158724904742964,0.035913738352033965,0.02988327363071694,0.029240976836040274,0.30224211532447465,0.10023760451715472
166,166.0,165.99850514349492,0.2218193452910073,0.08064722048746764,0.12957097578901092,0.03068417503973004,0.03586210934233387,0.03497574988056936,0.029900996260844366,0.0291493948212649,0.3074232026722197,0.09996683041555218
167,167.0,166.99865482534062,0.2207453726348271,0.07983649101227586,0.1299426562634072,0.030622842043680584,0.035372764071597285,0.034081802757445524,0.029917936665350607,0.029075477059754405,0.30950888136172766,0.10089577612993401
168,168.0,167.99880299074837,0.21791658228831817,0.07540381463041469,0.12656282256735543,0.030561413926799272,0.03487862568721838,0.033236432319059615,0.02993400366275272,0.02901819630379742,0.321471426495501,0.10101668211878359
169,169.0,168.99894830970783,0.2226287111115671,0.07440264513784711,0.12050085819960689,0.030500514482338092,0.03438511488440518,0.0324432346013217,0.030844861025583613,0.028976461660398162,0.3265891897392579,0.09872840915767458
170,170.0,169.99908961367427,0.2259738753452049,0.07013598863351572,0.11465657642107405,0.030440699837499655,0.033897104013029256,0.033603308450607064,0.030850020650258714,0.028949135864734847,0.32988017242653966,0.10161311835753647
171,171.0,170.99922589110733,0.22900230123661883,0.06823158929287393,0.10908502206112788,0.030382459658770067,0.033418923188660625,0.0331928514571142,0.030846164105963712,0.030529926569494593,0.3356087062595483,0.09970205616982819
172,172.0,171.99935628188598,0.23393618513817815,0.06501860360084881,0.10186787085339172,0.03032621890132574,0.03471356831398353,0.03253046182998595,0.030834231575038576,0.030511951186529745,0.3418602737942492,0.0984006348064689
173,173.0,172.99948007076793,0.23922397812404683,0.06673300635569902,0.09289387721941147,0.030272340030612584,0.034248335854407154,0.03190900654727067,0.03081514998145557,0.030490653829996092,0.3455885963456263,0.0978250557114746
174,174.0,173.99959668005403,0.23842567049206137,0.06487414845562763,0.08912088694695153,0.03022112564666462,0.03378714328224435,0.0313306067273542,0.030789825047416307,0.03046657967081584,0.35295618283721697,0.09802783089364744
