,Unnamed: 0,Total_iterations,Intertwine_two,Add_vertex,Delete_vertex,Invert_path_vertices,Insert_inside_vertex,Delete_inside_vertex
0,0.0,0.0,0.16666666666666657,0.16666666666666657,0.16666666666666657,0.16666666666666657,0.16666666666666657,0.16666666666666657
1,1.0,1.0,0.16666666666666657,0.16666666666666657,0.16666666666666657,0.16666666666666657,0.16666666666666657,0.16666666666666657
2,2.0,2.0,0.16666666666666657,0.16666666666666657,0.16666666666666657,0.16666666666666657,0.16666666666666657,0.16666666666666657
3,3.0,3.0,0.16666666666666657,0.16666666666666657,0.16666666666666657,0.16666666666666657,0.16666666666666657,0.16666666666666657
4,4.0,4.0,0.16666666666666657,0.16666666666666657,0.16666666666666657,0.16666666666666657,0.16666666666666657,0.16666666666666657
5,5.0,5.0,0.16666666666666657,0.16666666666666657,0.16666666666666657,0.16666666666666657,0.16666666666666657,0.16666666666666657
6,6.0,6.0,0.16666666666666657,0.16666666666666657,0.16666666666666657,0.16666666666666657,0.16666666666666657,0.16666666666666657
7,7.0,7.0,0.16666666666666657,0.16666666666666657,0.16666666666666657,0.16666666666666657,0.16666666666666657,0.16666666666666657
8,8.0,8.0,0.16666666666666657,0.16666666666666657,0.16666666666666657,0.16666666666666657,0.16666666666666657,0.16666666666666657
9,9.0,9.0,0.16666666666666657,0.16666666666666657,0.16666666666666657,0.16666666666666657,0.16666666666666657,0.16666666666666657
10,10.0,10.0,0.16666666666666657,0.16666666666666657,0.16666666666666657,0.16666666666666657,0.16666666666666657,0.16666666666666657
11,11.0,11.0,0.16666666666666657,0.16666666666666657,0.16666666666666657,0.16666666666666657,0.16666666666666657,0.16666666666666657
12,12.0,12.0,0.16666666666666657,0.16666666666666657,0.16666666666666657,0.16666666666666657,0.16666666666666657,0.16666666666666657
13,13.0,13.0,0.16666666666666657,0.16666666666666657,0.16666666666666657,0.16666666666666657,0.16666666666666657,0.16666666666666657
14,14.0,14.0,0.16666666666666657,0.16666666666666657,0.16666666666666657,0.16666666666666657,0.16666666666666657,0.16666666666666657
15,15.0,15.0,0.16666666666666657,0.16666666666666657,0.16666666666666657,0.16666666666666657,0.16666666666666657,0.16666666666666657
16,16.0,16.0,0.16666666666666657,0.16666666666666657,0.16666666666666657,0.16666666666666657,0.16666666666666657,0.16666666666666657
17,17.0,17.0,0.16666666666666657,0.16666666666666657,0.16666666666666657,0.16666666666666657,0.16666666666666657,0.16666666666666657
18,18.0,18.0,0.16666666666666657,0.16666666666666657,0.16666666666666657,0.16666666666666657,0.16666666666666657,0.16666666666666657
19,19.0,19.0,0.16666666666666657,0.16666666666666657,0.16666666666666657,0.16666666666666657,0.16666666666666657,0.16666666666666657
20,20.0,20.0,0.16666666666666657,0.16666666666666657,0.16666666666666657,0.16666666666666657,0.16666666666666657,0.16666666666666657
21,21.0,21.0,0.16666666666666657,0.16666666666666657,0.16666666666666657,0.16666666666666657,0.16666666666666657,0.16666666666666657
22,22.0,22.0,0.16666666666666657,0.16666666666666657,0.16666666666666657,0.16666666666666657,0.16666666666666657,0.16666666666666657
23,23.0,23.0,0.16666666666666657,0.16666666666666657,0.16666666666666657,0.16666666666666657,0.16666666666666657,0.16666666666666657
24,24.0,24.0,0.16666666666666657,0.16666666666666657,0.16666666666666657,0.16666666666666657,0.16666666666666657,0.16666666666666657
25,25.0,25.0,0.16666666666666657,0.16666666666666657,0.16666666666666657,0.16666666666666657,0.16666666666666657,0.16666666666666657
26,26.0,26.0,0.16666666666666657,0.16666666666666657,0.16666666666666657,0.16666666666666657,0.16666666666666657,0.16666666666666657
27,27.0,27.0,0.16666666666666657,0.16666666666666657,0.16666666666666657,0.16666666666666657,0.16666666666666657,0.16666666666666657
28,28.0,28.0,0.16666666666666657,0.16666666666666657,0.16666666666666657,0.16666666666666657,0.16666666666666657,0.16666666666666657
29,29.0,29.0,0.16666666666666657,0.16666666666666657,0.16666666666666657,0.16666666666666657,0.16666666666666657,0.16666666666666657
30,30.0,30.0,0.16666666666666657,0.16666666666666657,0.16666666666666657,0.16666666666666657,0.16666666666666657,0.16666666666666657
31,31.0,31.0,0.16666666666666657,0.16666666666666657,0.16666666666666657,0.16666666666666657,0.16666666666666657,0.16666666666666657
32,32.0,32.0,0.16666666666666657,0.16666666666666657,0.16666666666666657,0.16666666666666657,0.16666666666666657,0.16666666666666657
33,33.0,33.0,0.16666666666666657,0.16666666666666657,0.16666666666666657,0.16666666666666657,0.16666666666666657,0.16666666666666657
34,34.0,34.0,0.16666666666666657,0.16666666666666657,0.16666666666666657,0.16666666666666657,0.16666666666666657,0.16666666666666657
35,35.0,35.0,0.16666666666666657,0.16666666666666657,0.16666666666666657,0.16666666666666657,0.16666666666666657,0.16666666666666657
36,36.0,36.0,0.16666666666666657,0.16666666666666657,0.16666666666666657,0.16666666666666657,0.16666666666666657,0.16666666666666657
37,37.0,37.0,0.16666666666666657,0.16666666666666657,0.16666666666666657,0.16666666666666657,0.16666666666666657,0.16666666666666657
38,38.0,38.0,0.16666666666666657,0.16666666666666657,0.16666666666666657,0.16666666666666657,0.16666666666666657,0.16666666666666657
39,39.0,39.0,0.16666666666666657,0.16666666666666657,0.16666666666666657,0.16666666666666657,0.16666666666666657,0.16666666666666657
40,40.0,40.0,0.16666666666666657,0.16666666666666657,0.16666666666666657,0.16666666666666657,0.16666666666666657,0.16666666666666657
41,41.0,41.0,0.16666666666666657,0.16666666666666657,0.16666666666666657,0.16666666666666657,0.16666666666666657,0.16666666666666657
42,42.0,42.0,0.16666666666666657,0.16666666666666657,0.16666666666666657,0.16666666666666657,0.16666666666666657,0.16666666666666657
43,43.0,43.0,0.16666666666666657,0.16666666666666657,0.16666666666666657,0.16666666666666657,0.16666666666666657,0.16666666666666657
44,44.0,44.0,0.16666666666666657,0.16666666666666657,0.16666666666666657,0.16666666666666657,0.16666666666666657,0.16666666666666657
45,45.0,45.0,0.16666666666666657,0.16666666666666657,0.16666666666666657,0.16666666666666657,0.16666666666666657,0.16666666666666657
46,46.0,46.0,0.16666666666666657,0.16666666666666657,0.16666666666666657,0.16666666666666657,0.16666666666666657,0.16666666666666657
47,47.0,47.0,0.16666666666666657,0.16666666666666657,0.16666666666666657,0.16666666666666657,0.16666666666666657,0.16666666666666657
48,48.0,48.0,0.16666666666666657,0.16666666666666657,0.16666666666666657,0.16666666666666657,0.16666666666666657,0.16666666666666657
49,49.0,49.0,0.16666666666666657,0.16666666666666657,0.16666666666666657,0.16666666666666657,0.16666666666666657,0.16666666666666657
50,50.0,50.0,0.16666666666666657,0.16666666666666657,0.16666666666666657,0.16666666666666657,0.16666666666666657,0.16666666666666657
51,51.0,51.0,0.16666666666666657,0.16666666666666657,0.16666666666666657,0.16666666666666657,0.16666666666666657,0.16666666666666657
52,52.0,52.0,0.16666666666666657,0.16666666666666657,0.16666666666666657,0.16666666666666657,0.16666666666666657,0.16666666666666657
53,53.0,53.0,0.16666666666666657,0.16666666666666657,0.16666666666666657,0.16666666666666657,0.16666666666666657,0.16666666666666657
54,54.0,54.0,0.16666666666666657,0.16666666666666657,0.16666666666666657,0.16666666666666657,0.16666666666666657,0.16666666666666657
55,55.0,55.0,0.16666666666666657,0.16666666666666657,0.16666666666666657,0.16666666666666657,0.16666666666666657,0.16666666666666657
56,56.0,56.0,0.16666666666666657,0.16666666666666657,0.16666666666666657,0.16666666666666657,0.16666666666666657,0.16666666666666657
57,57.0,57.0,0.16666666666666657,0.16666666666666657,0.16666666666666657,0.16666666666666657,0.16666666666666657,0.16666666666666657
58,58.0,58.0,0.16666666666666657,0.16666666666666657,0.16666666666666657,0.16666666666666657,0.16666666666666657,0.16666666666666657
59,59.0,59.0,0.16666666666666657,0.16666666666666657,0.16666666666666657,0.16666666666666657,0.16666666666666657,0.16666666666666657
60,60.0,60.0,0.16666666666666657,0.16666666666666657,0.16666666666666657,0.16666666666666657,0.16666666666666657,0.16666666666666657
61,61.0,61.0,0.16666666666666657,0.16666666666666657,0.16666666666666657,0.16666666666666657,0.16666666666666657,0.16666666666666657
62,62.0,62.1,0.16666666666666657,0.16666666666666657,0.16666666666666657,0.16666666666666657,0.16666666666666657,0.16666666666666657
63,63.0,63.1,0.16666666666666657,0.16666666666666657,0.16666666666666657,0.16666666666666657,0.16666666666666657,0.16666666666666657
64,64.0,64.1,0.16666666666666657,0.16666666666666657,0.16666666666666657,0.16666666666666657,0.16666666666666657,0.16666666666666657
65,65.0,65.1,0.16666666666666657,0.16666666666666657,0.16666666666666657,0.16666666666666657,0.16666666666666657,0.16666666666666657
66,66.0,66.1,0.16666666666666657,0.16666666666666657,0.16666666666666657,0.16666666666666657,0.16666666666666657,0.16666666666666657
67,67.0,67.1,0.16666666666666657,0.16666666666666657,0.16666666666666657,0.16666666666666657,0.16666666666666657,0.16666666666666657
68,68.0,68.1,0.16666666666666657,0.16666666666666657,0.16666666666666657,0.16666666666666657,0.16666666666666657,0.16666666666666657
69,69.0,69.1,0.16666666666666657,0.16666666666666657,0.16666666666666657,0.16666666666666657,0.16666666666666657,0.16666666666666657
70,70.0,70.1,0.16666666666666657,0.16666666666666657,0.16666666666666657,0.16666666666666657,0.16666666666666657,0.16666666666666657
71,71.0,71.1,0.16666666666666657,0.16666666666666657,0.16666666666666657,0.16666666666666657,0.16666666666666657,0.16666666666666657
72,72.0,72.1,0.16666666666666657,0.16666666666666657,0.16666666666666657,0.16666666666666657,0.16666666666666657,0.16666666666666657
73,73.0,73.1,0.16666666666666657,0.16666666666666657,0.16666666666666657,0.16666666666666657,0.16666666666666657,0.16666666666666657
74,74.0,74.1,0.16666666666666657,0.16666666666666657,0.16666666666666657,0.16666666666666657,0.16666666666666657,0.16666666666666657
75,75.0,75.1,0.16666666666666657,0.16666666666666657,0.16666666666666657,0.16666666666666657,0.16666666666666657,0.16666666666666657
76,76.0,76.1,0.16666666666666657,0.16666666666666657,0.16666666666666657,0.16666666666666657,0.16666666666666657,0.16666666666666657
77,77.0,77.1,0.16666666666666657,0.16666666666666657,0.16666666666666657,0.16666666666666657,0.16666666666666657,0.16666666666666657
78,78.0,78.1,0.16666666666666657,0.16666666666666657,0.16666666666666657,0.16666666666666657,0.16666666666666657,0.16666666666666657
79,79.0,79.1,0.16666666666666657,0.16666666666666657,0.16666666666666657,0.16666666666666657,0.16666666666666657,0.16666666666666657
80,80.0,80.2,0.16666666666666657,0.16666666666666657,0.16666666666666657,0.16666666666666657,0.16666666666666657,0.16666666666666657
81,81.0,81.2,0.16666666666666657,0.16666666666666657,0.16666666666666657,0.16666666666666657,0.16666666666666657,0.16666666666666657
82,82.0,82.2,0.16666666666666657,0.16666666666666657,0.16666666666666657,0.16666666666666657,0.16666666666666657,0.16666666666666657
83,83.0,83.2,0.16666666666666657,0.16666666666666657,0.16666666666666657,0.16666666666666657,0.16666666666666657,0.16666666666666657
84,84.0,84.2,0.16666666666666657,0.16666666666666657,0.16666666666666657,0.16666666666666657,0.16666666666666657,0.16666666666666657
85,85.0,85.2,0.16666666666666657,0.16666666666666657,0.16666666666666657,0.16666666666666657,0.16666666666666657,0.16666666666666657
86,86.0,86.2,0.16666666666666657,0.16666666666666657,0.16666666666666657,0.16666666666666657,0.16666666666666657,0.16666666666666657
87,87.0,87.2,0.16666666666666657,0.16666666666666657,0.16666666666666657,0.16666666666666657,0.16666666666666657,0.16666666666666657
88,88.0,88.2,0.16666666666666657,0.16666666666666657,0.16666666666666657,0.16666666666666657,0.16666666666666657,0.16666666666666657
89,89.0,89.3,0.16666666666666657,0.16666666666666657,0.16666666666666657,0.16666666666666657,0.16666666666666657,0.16666666666666657
90,90.0,90.4,0.16666666666666657,0.16666666666666657,0.16666666666666657,0.16666666666666657,0.16666666666666657,0.16666666666666657
91,91.0,91.4,0.16666666666666657,0.16666666666666657,0.16666666666666657,0.16666666666666657,0.16666666666666657,0.16666666666666657
92,92.0,92.4,0.16666666666666657,0.16666666666666657,0.16666666666666657,0.16666666666666657,0.16666666666666657,0.16666666666666657
93,93.0,93.4,0.16666666666666657,0.16666666666666657,0.16666666666666657,0.16666666666666657,0.16666666666666657,0.16666666666666657
94,94.0,94.4,0.16666666666666657,0.16666666666666657,0.16666666666666657,0.16666666666666657,0.16666666666666657,0.16666666666666657
95,95.0,95.4,0.16666666666666657,0.16666666666666657,0.16666666666666657,0.16666666666666657,0.16666666666666657,0.16666666666666657
96,96.0,96.4,0.16666666666666657,0.16666666666666657,0.16666666666666657,0.16666666666666657,0.16666666666666657,0.16666666666666657
97,97.0,97.4,0.16666666666666657,0.16666666666666657,0.16666666666666657,0.16666666666666657,0.16666666666666657,0.16666666666666657
98,98.0,98.4,0.16666666666666657,0.16666666666666657,0.16666666666666657,0.16666666666666657,0.16666666666666657,0.16666666666666657
99,99.0,99.4,0.16666666666666657,0.16666666666666657,0.16666666666666657,0.16666666666666657,0.16666666666666657,0.16666666666666657
100,100.0,100.4,0.16666666666666657,0.16666666666666657,0.16666666666666657,0.16666666666666657,0.16666666666666657,0.16666666666666657
101,101.0,101.4,0.16666666666666657,0.16666666666666657,0.16666666666666657,0.16666666666666657,0.16666666666666657,0.16666666666666657
102,102.0,102.4,0.16666666666666657,0.16666666666666657,0.16666666666666657,0.16666666666666657,0.16666666666666657,0.16666666666666657
103,103.0,103.4,0.16666666666666657,0.16666666666666657,0.16666666666666657,0.16666666666666657,0.16666666666666657,0.16666666666666657
104,104.0,104.4,0.16666666666666657,0.16666666666666657,0.16666666666666657,0.16666666666666657,0.16666666666666657,0.16666666666666657
105,105.0,105.4,0.16666666666666657,0.16666666666666657,0.16666666666666657,0.16666666666666657,0.16666666666666657,0.16666666666666657
106,106.0,106.4,0.16666666666666657,0.16666666666666657,0.16666666666666657,0.16666666666666657,0.16666666666666657,0.16666666666666657
107,107.0,107.4,0.16666666666666657,0.16666666666666657,0.16666666666666657,0.16666666666666657,0.16666666666666657,0.16666666666666657
108,108.0,108.4,0.16666666666666657,0.16666666666666657,0.16666666666666657,0.16666666666666657,0.16666666666666657,0.16666666666666657
109,109.0,109.4,0.16666666666666657,0.16666666666666657,0.16666666666666657,0.16666666666666657,0.16666666666666657,0.16666666666666657
110,110.0,110.4,0.16666666666666657,0.16666666666666657,0.16666666666666657,0.16666666666666657,0.16666666666666657,0.16666666666666657
111,111.0,111.4,0.16666666666666657,0.16666666666666657,0.16666666666666657,0.16666666666666657,0.16666666666666657,0.16666666666666657
112,112.0,112.4,0.16666666666666657,0.16666666666666657,0.16666666666666657,0.16666666666666657,0.16666666666666657,0.16666666666666657
113,113.0,113.4,0.16666666666666657,0.16666666666666657,0.16666666666666657,0.16666666666666657,0.16666666666666657,0.16666666666666657
114,114.0,114.4,0.16666666666666657,0.16666666666666657,0.16666666666666657,0.16666666666666657,0.16666666666666657,0.16666666666666657
115,115.0,115.4,0.16666666666666657,0.16666666666666657,0.16666666666666657,0.16666666666666657,0.16666666666666657,0.16666666666666657
116,116.0,116.4,0.16666666666666657,0.16666666666666657,0.16666666666666657,0.16666666666666657,0.16666666666666657,0.16666666666666657
117,117.0,117.4,0.16666666666666657,0.16666666666666657,0.16666666666666657,0.16666666666666657,0.16666666666666657,0.16666666666666657
118,118.0,118.4,0.16666666666666657,0.16666666666666657,0.16666666666666657,0.16666666666666657,0.16666666666666657,0.16666666666666657
119,119.0,119.4,0.16666666666666657,0.16666666666666657,0.16666666666666657,0.16666666666666657,0.16666666666666657,0.16666666666666657
120,120.0,120.4,0.16666666666666657,0.16666666666666657,0.16666666666666657,0.16666666666666657,0.16666666666666657,0.16666666666666657
121,121.0,121.4,0.16666666666666657,0.16666666666666657,0.16666666666666657,0.16666666666666657,0.16666666666666657,0.16666666666666657
122,122.0,122.4,0.16666666666666657,0.16666666666666657,0.16666666666666657,0.16666666666666657,0.16666666666666657,0.16666666666666657
123,123.0,123.4,0.16666666666666657,0.16666666666666657,0.16666666666666657,0.16666666666666657,0.16666666666666657,0.16666666666666657
124,124.0,124.4,0.16666666666666657,0.16666666666666657,0.16666666666666657,0.16666666666666657,0.16666666666666657,0.16666666666666657
125,125.0,125.4,0.16666666666666657,0.16666666666666657,0.16666666666666657,0.16666666666666657,0.16666666666666657,0.16666666666666657
126,126.0,126.4,0.16666666666666657,0.16666666666666657,0.16666666666666657,0.16666666666666657,0.16666666666666657,0.16666666666666657
127,127.0,127.4,0.16666666666666657,0.16666666666666657,0.16666666666666657,0.16666666666666657,0.16666666666666657,0.16666666666666657
128,128.0,128.4,0.16666666666666657,0.16666666666666657,0.16666666666666657,0.16666666666666657,0.16666666666666657,0.16666666666666657
129,129.0,129.4,0.16666666666666657,0.16666666666666657,0.16666666666666657,0.16666666666666657,0.16666666666666657,0.16666666666666657
130,130.0,130.4,0.16666666666666657,0.16666666666666657,0.16666666666666657,0.16666666666666657,0.16666666666666657,0.16666666666666657
131,131.0,131.4,0.16666666666666657,0.16666666666666657,0.16666666666666657,0.16666666666666657,0.16666666666666657,0.16666666666666657
132,132.0,132.4,0.16666666666666657,0.16666666666666657,0.16666666666666657,0.16666666666666657,0.16666666666666657,0.16666666666666657
133,133.0,133.4,0.16666666666666657,0.16666666666666657,0.16666666666666657,0.16666666666666657,0.16666666666666657,0.16666666666666657
134,134.0,134.4,0.16666666666666657,0.16666666666666657,0.16666666666666657,0.16666666666666657,0.16666666666666657,0.16666666666666657
135,135.0,135.4,0.16666666666666657,0.16666666666666657,0.16666666666666657,0.16666666666666657,0.16666666666666657,0.16666666666666657
136,136.0,136.4,0.16666666666666657,0.16666666666666657,0.16666666666666657,0.16666666666666657,0.16666666666666657,0.16666666666666657
137,137.0,137.4,0.16666666666666657,0.16666666666666657,0.16666666666666657,0.16666666666666657,0.16666666666666657,0.16666666666666657
138,138.0,138.4,0.16666666666666657,0.16666666666666657,0.16666666666666657,0.16666666666666657,0.16666666666666657,0.16666666666666657
139,139.0,139.4,0.16666666666666657,0.16666666666666657,0.16666666666666657,0.16666666666666657,0.16666666666666657,0.16666666666666657
140,140.0,140.4,0.16666666666666657,0.16666666666666657,0.16666666666666657,0.16666666666666657,0.16666666666666657,0.16666666666666657
141,141.0,141.4,0.16666666666666657,0.16666666666666657,0.16666666666666657,0.16666666666666657,0.16666666666666657,0.16666666666666657
142,142.0,142.4,0.16666666666666657,0.16666666666666657,0.16666666666666657,0.16666666666666657,0.16666666666666657,0.16666666666666657
143,143.0,143.4,0.16666666666666657,0.16666666666666657,0.16666666666666657,0.16666666666666657,0.16666666666666657,0.16666666666666657
144,144.0,144.4,0.16666666666666657,0.16666666666666657,0.16666666666666657,0.16666666666666657,0.16666666666666657,0.16666666666666657
145,145.0,145.4,0.16666666666666657,0.16666666666666657,0.16666666666666657,0.16666666666666657,0.16666666666666657,0.16666666666666657
146,146.0,146.4,0.16666666666666657,0.16666666666666657,0.16666666666666657,0.16666666666666657,0.16666666666666657,0.16666666666666657
147,147.0,147.4,0.16666666666666657,0.16666666666666657,0.16666666666666657,0.16666666666666657,0.16666666666666657,0.16666666666666657
148,148.0,148.4,0.16666666666666657,0.16666666666666657,0.16666666666666657,0.16666666666666657,0.16666666666666657,0.16666666666666657
149,149.0,149.4,0.16666666666666657,0.16666666666666657,0.16666666666666657,0.16666666666666657,0.16666666666666657,0.16666666666666657
150,150.0,150.4,0.16666666666666657,0.16666666666666657,0.16666666666666657,0.16666666666666657,0.16666666666666657,0.16666666666666657
151,151.0,151.4,0.16666666666666657,0.16666666666666657,0.16666666666666657,0.16666666666666657,0.16666666666666657,0.16666666666666657
152,152.0,152.4,0.16666666666666657,0.16666666666666657,0.16666666666666657,0.16666666666666657,0.16666666666666657,0.16666666666666657
153,153.0,153.4,0.16666666666666657,0.16666666666666657,0.16666666666666657,0.16666666666666657,0.16666666666666657,0.16666666666666657
154,154.0,154.5,0.16666666666666657,0.16666666666666657,0.16666666666666657,0.16666666666666657,0.16666666666666657,0.16666666666666657
155,155.0,155.5,0.16666666666666657,0.16666666666666657,0.16666666666666657,0.16666666666666657,0.16666666666666657,0.16666666666666657
156,156.0,156.5,0.16666666666666657,0.16666666666666657,0.16666666666666657,0.16666666666666657,0.16666666666666657,0.16666666666666657
157,157.0,157.5,0.16666666666666657,0.16666666666666657,0.16666666666666657,0.16666666666666657,0.16666666666666657,0.16666666666666657
158,158.0,158.5,0.16666666666666657,0.16666666666666657,0.16666666666666657,0.16666666666666657,0.16666666666666657,0.16666666666666657
159,159.0,159.5,0.16666666666666657,0.16666666666666657,0.16666666666666657,0.16666666666666657,0.16666666666666657,0.16666666666666657
160,160.0,160.5,0.16666666666666657,0.16666666666666657,0.16666666666666657,0.16666666666666657,0.16666666666666657,0.16666666666666657
161,161.0,161.5,0.16666666666666657,0.16666666666666657,0.16666666666666657,0.16666666666666657,0.16666666666666657,0.16666666666666657
162,162.0,162.5,0.16666666666666657,0.16666666666666657,0.16666666666666657,0.16666666666666657,0.16666666666666657,0.16666666666666657
163,163.0,163.5,0.16666666666666657,0.16666666666666657,0.16666666666666657,0.16666666666666657,0.16666666666666657,0.16666666666666657
164,164.0,164.5,0.16666666666666657,0.16666666666666657,0.16666666666666657,0.16666666666666657,0.16666666666666657,0.16666666666666657
165,165.0,165.5,0.16666666666666657,0.16666666666666657,0.16666666666666657,0.16666666666666657,0.16666666666666657,0.16666666666666657
166,166.0,166.5,0.16666666666666657,0.16666666666666657,0.16666666666666657,0.16666666666666657,0.16666666666666657,0.16666666666666657
167,167.0,167.5,0.16666666666666657,0.16666666666666657,0.16666666666666657,0.16666666666666657,0.16666666666666657,0.16666666666666657
168,168.0,168.5,0.16666666666666657,0.16666666666666657,0.16666666666666657,0.16666666666666657,0.16666666666666657,0.16666666666666657
169,169.0,169.5,0.16666666666666657,0.16666666666666657,0.16666666666666657,0.16666666666666657,0.16666666666666657,0.16666666666666657
170,170.0,170.5,0.16666666666666657,0.16666666666666657,0.16666666666666657,0.16666666666666657,0.16666666666666657,0.16666666666666657
171,171.0,171.5,0.16666666666666657,0.16666666666666657,0.16666666666666657,0.16666666666666657,0.16666666666666657,0.16666666666666657
172,172.0,172.5,0.16666666666666657,0.16666666666666657,0.16666666666666657,0.16666666666666657,0.16666666666666657,0.16666666666666657
173,173.0,173.5,0.16666666666666657,0.16666666666666657,0.16666666666666657,0.16666666666666657,0.16666666666666657,0.16666666666666657
174,174.0,174.5,0.16666666666666657,0.16666666666666657,0.16666666666666657,0.16666666666666657,0.16666666666666657,0.16666666666666657
175,175.0,175.5,0.16666666666666657,0.16666666666666657,0.16666666666666657,0.16666666666666657,0.16666666666666657,0.16666666666666657
176,176.0,176.5,0.16666666666666657,0.16666666666666657,0.16666666666666657,0.16666666666666657,0.16666666666666657,0.16666666666666657
177,177.0,177.5,0.16666666666666657,0.16666666666666657,0.16666666666666657,0.16666666666666657,0.16666666666666657,0.16666666666666657
178,178.0,178.5,0.16666666666666657,0.16666666666666657,0.16666666666666657,0.16666666666666657,0.16666666666666657,0.16666666666666657
179,179.0,179.5,0.16666666666666657,0.16666666666666657,0.16666666666666657,0.16666666666666657,0.16666666666666657,0.16666666666666657
180,180.0,180.5,0.16666666666666657,0.16666666666666657,0.16666666666666657,0.16666666666666657,0.16666666666666657,0.16666666666666657
181,181.0,181.5,0.16666666666666657,0.16666666666666657,0.16666666666666657,0.16666666666666657,0.16666666666666657,0.16666666666666657
182,182.0,182.5,0.16666666666666657,0.16666666666666657,0.16666666666666657,0.16666666666666657,0.16666666666666657,0.16666666666666657
183,183.0,183.5,0.16666666666666657,0.16666666666666657,0.16666666666666657,0.16666666666666657,0.16666666666666657,0.16666666666666657
184,184.0,184.5,0.16666666666666657,0.16666666666666657,0.16666666666666657,0.16666666666666657,0.16666666666666657,0.16666666666666657
185,185.0,185.5,0.16666666666666657,0.16666666666666657,0.16666666666666657,0.16666666666666657,0.16666666666666657,0.16666666666666657
186,186.0,186.5,0.16666666666666657,0.16666666666666657,0.16666666666666657,0.16666666666666657,0.16666666666666657,0.16666666666666657
187,187.0,187.5,0.16666666666666657,0.16666666666666657,0.16666666666666657,0.16666666666666657,0.16666666666666657,0.16666666666666657
188,188.0,188.5,0.16666666666666657,0.16666666666666657,0.16666666666666657,0.16666666666666657,0.16666666666666657,0.16666666666666657
189,189.0,189.5,0.16666666666666657,0.16666666666666657,0.16666666666666657,0.16666666666666657,0.16666666666666657,0.16666666666666657
190,190.0,190.5,0.16666666666666657,0.16666666666666657,0.16666666666666657,0.16666666666666657,0.16666666666666657,0.16666666666666657
191,191.0,191.5,0.16666666666666657,0.16666666666666657,0.16666666666666657,0.16666666666666657,0.16666666666666657,0.16666666666666657
192,192.0,192.5,0.16666666666666657,0.16666666666666657,0.16666666666666657,0.16666666666666657,0.16666666666666657,0.16666666666666657
193,193.0,193.5,0.16666666666666657,0.16666666666666657,0.16666666666666657,0.16666666666666657,0.16666666666666657,0.16666666666666657
194,194.0,194.5,0.16666666666666657,0.16666666666666657,0.16666666666666657,0.16666666666666657,0.16666666666666657,0.16666666666666657
195,195.0,195.5,0.16666666666666657,0.16666666666666657,0.16666666666666657,0.16666666666666657,0.16666666666666657,0.16666666666666657
196,196.0,196.5,0.16666666666666657,0.16666666666666657,0.16666666666666657,0.16666666666666657,0.16666666666666657,0.16666666666666657
197,197.0,197.5,0.16666666666666657,0.16666666666666657,0.16666666666666657,0.16666666666666657,0.16666666666666657,0.16666666666666657
198,198.0,198.5,0.16666666666666657,0.16666666666666657,0.16666666666666657,0.16666666666666657,0.16666666666666657,0.16666666666666657
199,199.0,199.5,0.16666666666666657,0.16666666666666657,0.16666666666666657,0.16666666666666657,0.16666666666666657,0.16666666666666657
200,200.0,200.5,0.15952380952380946,0.17380952380952372,0.17380952380952372,0.15952380952380946,0.17380952380952372,0.15952380952380946
201,201.0,201.5,0.15952380952380946,0.17380952380952372,0.17380952380952372,0.15952380952380946,0.17380952380952372,0.15952380952380946
202,202.0,202.5,0.1553571428571428,0.16964285714285707,0.1803571428571428,0.1553571428571428,0.16964285714285707,0.16964285714285707
203,203.0,203.5,0.15218253968253964,0.1664682539682539,0.19801587301587295,0.15218253968253964,0.1664682539682539,0.16468253968253962
204,204.0,204.5,0.1496825396825396,0.16396825396825393,0.20190476190476186,0.1496825396825396,0.16396825396825393,0.17079365079365075
205,205.0,205.5,0.1567532467532467,0.1619480519480519,0.2049350649350649,0.1476623376623376,0.1619480519480519,0.1667532467532467
206,206.0,206.5,0.15523809523809518,0.16119047619047613,0.20190476190476186,0.14690476190476182,0.16952380952380947,0.16523809523809516
207,207.0,207.5,0.1539560439560439,0.1605494505494505,0.21703296703296698,0.14626373626373618,0.1682417582417582,0.1539560439560439
208,208.0,208.5,0.15304695304695298,0.15964035964035958,0.2215784215784215,0.1453546453546453,0.16733266733266725,0.15304695304695298
209,209.0,209.5,0.1506660006660006,0.1572594072594072,0.21919746919746913,0.1572594072594072,0.16495171495171487,0.1506660006660006
210,210.0,210.5,0.14182900432900428,0.16861471861471858,0.2289502164502164,0.15432900432900426,0.1644480519480519,0.14182900432900428
211,211.0,211.5,0.14738455988455984,0.1616702741702741,0.2233946608946608,0.14738455988455984,0.16960678210678207,0.150559163059163
212,212.0,212.5,0.14599567099567096,0.16028138528138522,0.22200577200577193,0.14599567099567096,0.17655122655122651,0.14917027417027412
213,213.0,213.5,0.15087662337662333,0.1551623376623376,0.21799783549783544,0.14087662337662332,0.17920995670995668,0.15587662337662336
214,214.0,214.5,0.1481493506493506,0.16243506493506488,0.21708874458874455,0.13905844155844152,0.17830086580086574,0.15496753246753242
215,215.0,215.5,0.14739177489177485,0.17167748917748915,0.21254329004329003,0.13830086580086576,0.16754329004329,0.16254329004329
216,216.0,216.5,0.14648268398268394,0.1789502164502164,0.2116341991341991,0.13739177489177484,0.16390692640692633,0.16163419913419907
217,217.0,217.5,0.14975579975579972,0.18070818070818068,0.21257631257631254,0.133089133089133,0.15808913308913303,0.1657814407814407
218,218.0,218.5,0.14600122100122093,0.191056166056166,0.21459096459096455,0.13061660561660554,0.15433455433455429,0.16340048840048832
219,219.0,219.5,0.14442612942612937,0.19552503052503045,0.21689865689865684,0.12959096459096453,0.1516605616605616,0.16189865689865685
220,220.0,220.5,0.1424160561660561,0.19875305250305245,0.21651862026862018,0.13430708180708176,0.14805708180708174,0.1599481074481074
221,221.0,221.5,0.1469156252244487,0.1953359548947784,0.22197218631042154,0.13260567047331748,0.14492386698269047,0.1582466961143431
222,222.0,222.5,0.14437477555124606,0.19724771960066073,0.2172254542842778,0.13047331753214103,0.14789772319184077,0.16278100983983332
223,223.0,223.5,0.14437477555124606,0.19724771960066073,0.2172254542842778,0.13047331753214103,0.14789772319184077,0.16278100983983332
224,224.0,224.5,0.12092396767319362,0.200365887981987,0.2176731936793856,0.13527803465883956,0.14571388363958016,0.18004503236701375
225,225.0,225.5,0.11670634920634917,0.19988095238095233,0.2040079365079365,0.1635714285714285,0.14051587301587298,0.1753174603174603
226,226.0,226.5,0.12114661654135332,0.19765037593984958,0.2058583959899749,0.16221804511278187,0.13881578947368417,0.17431077694235583
227,227.0,227.5,0.1201406926406926,0.20063852813852812,0.20754329004329,0.1538528138528138,0.13728354978354973,0.1805411255411255
228,228.0,228.5,0.11655783829696868,0.20515474863300948,0.21410521845304453,0.1474013908796517,0.13322450496363533,0.18355629877369004
229,229.0,229.5,0.11406676656676651,0.2059457209457209,0.21330919080919078,0.15306859806859802,0.13030053280053272,0.18330919080919078
230,230.0,230.5,0.1128310240484153,0.20770536709667137,0.2136591813983118,0.15118999840738964,0.12866953336518547,0.18594489568402608
231,231.0,231.5,0.11116758241758237,0.2084661172161172,0.2096336996336996,0.1522527472527472,0.12664377289377285,0.19183608058608054
232,232.0,232.5,0.1092483943072178,0.2052378122966358,0.20554344566109267,0.1515665336841807,0.13348216054098402,0.19492165350988874
233,233.0,233.5,0.10755555555555549,0.20674603174603173,0.2134444444444444,0.1471587301587301,0.131031746031746,0.19406349206349202
234,234.0,234.5,0.10608231287768488,0.20806630302546814,0.2125156109770447,0.14332491374324402,0.12891747771284973,0.2010933816637083
235,235.0,235.5,0.10571466581886135,0.2102721853784093,0.2121479639182212,0.14258961962559696,0.1285498306540262,0.2007257346048848
236,236.0,236.5,0.10707276248655555,0.2139178637454499,0.19765848710676293,0.15244867010384247,0.12276507017886325,0.20613714637852568
237,237.0,237.5,0.1065422695876416,0.21017099657753016,0.19688989896975373,0.15138768430601454,0.12749773517468613,0.20751141538437362
238,238.0,238.5,0.10656266147645455,0.21262998495757116,0.19636050730878313,0.16362077577594814,0.1234216358354289,0.1974044346458139
239,239.0,239.5,0.10570063993977034,0.2116530208921513,0.19613071710897792,0.16056794654620737,0.12201016374929415,0.2039375117635987
240,240.0,240.5,0.10541195363776006,0.21125680770842056,0.1969511939673229,0.15977552017874594,0.12172147744728386,0.2048830470604664
241,241.0,241.5,0.10500844486583023,0.20188838665578895,0.1967143518620598,0.15785196128150283,0.1254144599034242,0.21312239543139372
242,242.0,242.5,0.1047452869710934,0.20425680770842058,0.19645119396732297,0.15679932970255545,0.12488814411395052,0.21285923753665686
243,243.0,243.5,0.10459144081724722,0.20410296155457447,0.19998965550578449,0.15649163739486316,0.12473429796010438,0.21009000676742612
244,244.0,244.5,0.10434818422318419,0.2037588985088985,0.20437487974987972,0.15580351130351125,0.12449104136604135,0.2072234848484848
245,245.0,245.5,0.10373971861471858,0.20315043290043291,0.20289339826839825,0.15411038961038956,0.12340638528138526,0.21269967532467532
246,246.0,246.5,0.103521868935662,0.20283788625167937,0.20689072995969543,0.1534852963128825,0.12318853560232867,0.21007568293775186
247,247.0,247.5,0.10316883116883113,0.20010389610389606,0.20941125541125535,0.15230303030303025,0.1273593073593073,0.20765367965367965
248,248.0,248.5,0.10275572751094568,0.20198261826724823,0.20953003606134532,0.15086566943492935,0.12651330326852145,0.20835264545700977
249,249.0,249.5,0.10257088744588741,0.20171374458874455,0.2098495670995671,0.15032792207792203,0.12632846320346316,0.20920941558441558
250,250.0,250.5,0.10219919693832732,0.20343660204529765,0.20995677269590307,0.14903055398707568,0.12556151577890703,0.20981535855448893
251,251.0,251.5,0.0958799116484538,0.2144982691363765,0.20835525330026602,0.15039991991526516,0.12590889715570017,0.20495774884393808
252,252.0,252.5,0.09529650503563544,0.20988984849854408,0.20990236764149803,0.14832288327940496,0.13526444048183175,0.20132395506308548
253,253.0,253.5,0.09403490508982495,0.20633490257517714,0.20893869720414338,0.14676854698822658,0.14289172942491019,0.20103121871771754
254,254.0,254.5,0.08905073910565899,0.20753255477282934,0.20742900569445188,0.1457093059289855,0.14918029071347144,0.2010981037846026
255,255.0,255.5,0.08807870466680531,0.2144059357880868,0.20857873933846469,0.14459448027182575,0.14587580611608067,0.19846633381873652
256,256.0,256.5,0.08330272625924796,0.21563940407418664,0.20807266646397077,0.15124090402351267,0.1431767507854464,0.1985675483936353
257,257.0,257.5,0.08229006500745628,0.21274037556646247,0.2073164154685893,0.1485712113972983,0.15084755823886253,0.19823437432133081
258,258.0,258.5,0.08124255404821884,0.21665170986020707,0.20650111924384146,0.14594858101073677,0.14676704628238849,0.20288898955460716
259,259.0,259.5,0.08176685017110545,0.2197050467263233,0.2061824345866899,0.14438203640331296,0.14517967847755078,0.20278395363501742
260,260.0,260.5,0.08139050534808859,0.22272616799122963,0.20602757370608718,0.14311055179181228,0.14388337238974508,0.2028618287730369
261,261.0,261.5,0.08103757944183472,0.22196278898406555,0.2081587915630468,0.14549092751220405,0.14267385097172328,0.20067606152712533
262,262.0,262.5,0.09273380436386609,0.22072064403224317,0.20349859512865684,0.14470658640528233,0.13965425408115864,0.19868611598879268
263,263.0,263.5,0.1014649509833367,0.21330325105822326,0.2017086927488176,0.14585171708495015,0.13726788917989194,0.20040349894478018
264,264.0,264.5,0.10340421159871846,0.21735123275339352,0.19501576293916478,0.14778776125301812,0.13845503211672477,0.19798599933898015
265,265.0,265.5,0.10240189305896434,0.2202945714068993,0.199273151233414,0.14674952185903373,0.13616761211254325,0.19511325032914514
266,266.0,266.5,0.08970933216363848,0.22167239673057715,0.21179317537210177,0.14576422451428936,0.13565247057205607,0.19540840064733694
267,267.0,267.5,0.0978602263922977,0.2255902063275342,0.2090370401223029,0.13836227937338696,0.1348425530108884,0.1943076947735896
268,268.0,268.5,0.09705413265784776,0.22563874034462272,0.2079732307596084,0.1333017481314695,0.13731431966726082,0.19871782843919064
269,269.0,269.5,0.09647292465016917,0.22317713332419215,0.21533696996158294,0.13448404622553228,0.13595993875405638,0.19456898708446696
270,270.0,270.5,0.09631632209623031,0.22163970848488052,0.215325505288631,0.13352150155599535,0.1383243446034789,0.19487261797078373
271,271.0,271.5,0.09564591998415524,0.2230614973262032,0.21408150128738357,0.13168535848682908,0.1368346454743513,0.19869107744107742
272,272.0,272.5,0.10282942510883682,0.22340383355089233,0.2131655241949359,0.12687604955987308,0.13093502545708424,0.20279014212837737
273,273.0,273.5,0.10239976612654626,0.23227491634612374,0.21229657253651055,0.12140134203601691,0.12985735003730356,0.2017700529174987
274,274.0,274.5,0.10211815024739919,0.23068182504603302,0.21217655735545357,0.12036477144437308,0.13277968848290572,0.20187900742383516
275,275.0,275.5,0.10187652424441147,0.23172323485848167,0.21168373839113822,0.11955903755111456,0.13311073722785047,0.20204672772700344
276,276.0,276.5,0.1006352585366858,0.23097873085384238,0.2110835415451829,0.11858748373244357,0.13717547270847893,0.20153951262336628
277,277.0,277.5,0.10029500708470207,0.23803355094926956,0.21090247926567698,0.1175597366252494,0.13608120020979123,0.1971280258653106
278,278.0,278.5,0.08878911792261027,0.24883208854929323,0.21511537858424185,0.1167283648911743,0.13512296396377338,0.19541208608890687
279,279.0,279.5,0.08847989892918075,0.24866206890558934,0.21409187387652664,0.11618105065964957,0.1342911547109115,0.19829395291814214
280,280.0,280.5,0.09381611826540008,0.2540689953125157,0.20541077719542997,0.11345666393526284,0.1396980811178379,0.19354936417355337
281,281.0,281.5,0.09385065283866754,0.25451795733514243,0.20520734244029973,0.11395256235009046,0.14009846934964196,0.19237301568615775
282,282.0,282.5,0.09191088492142643,0.2521042912578671,0.21375144549080055,0.1114993879162957,0.1400870448049034,0.19064694560870665
283,283.0,283.5,0.09058486652236651,0.2534889069264069,0.21050595238095235,0.10978084415584413,0.13833017676767673,0.19730925324675325
284,284.0,284.5,0.08936141893558926,0.25056447306747187,0.2171991276749373,0.10839674608567049,0.13680185113211898,0.19767638310421198
285,285.0,285.5,0.0883709459938968,0.2503870082558607,0.20827159179618193,0.10738296312066802,0.13552101814396894,0.21006647268942352
286,286.0,286.5,0.0956306231442369,0.25181058352358726,0.20424549004880282,0.10754113481129371,0.13393241179486276,0.20683975667721635
287,287.0,287.5,0.09557776902161533,0.2525505412402892,0.20419263592618128,0.10748828068867214,0.13361528705913334,0.20657548606410853
288,288.0,288.5,0.09990677335061966,0.2514682901580381,0.20354328527683063,0.1070553802557717,0.1331823866262329,0.20484388433250675
289,289.0,289.5,0.10086849144182504,0.2495297797242686,0.20893341185729578,0.1057573695253824,0.13212732304949387,0.20278362440173409
290,290.0,290.5,0.10089574392594174,0.2463874356967033,0.2092934856419757,0.10565661381697478,0.13474442754206722,0.20302229337633704
291,291.0,291.5,0.10132864435884215,0.25223159154085917,0.20994283629132635,0.1060895142498752,0.13517732797496768,0.19523008558412927
292,292.0,292.5,0.10084288980332017,0.2562711566269359,0.20924063151935415,0.1056037596943532,0.13437444868371629,0.19366711367232015
293,293.0,293.5,0.10046709052238623,0.25571529586159264,0.20617186795902667,0.10815321187351012,0.13369561909975203,0.19579691468373214
294,294.0,294.5,0.10028903463686067,0.2575258316562664,0.20429109537805185,0.10916844025539674,0.1329634375286549,0.19576216054476922
295,295.0,295.5,0.09771270707527642,0.25680157258585795,0.2111567841334839,0.10606645779315757,0.14414277818619858,0.1841197002260254
