Total_iterations,Unnamed: 0.1,Intertwine_two,Add_vertex,Delete_vertex,Invert_path_vertices,Insert_inside_vertex,Delete_inside_vertex
0,0.0,0.1666666666666665,0.1666666666666665,0.1666666666666665,0.1666666666666665,0.1666666666666665,0.1666666666666665
1,1.0,0.1666666666666665,0.1666666666666665,0.1666666666666665,0.1666666666666665,0.1666666666666665,0.1666666666666665
2,2.0,0.1666666666666665,0.1666666666666665,0.1666666666666665,0.1666666666666665,0.1666666666666665,0.1666666666666665
3,3.0,0.1666666666666665,0.1666666666666665,0.1666666666666665,0.1666666666666665,0.1666666666666665,0.1666666666666665
4,4.0,0.1666666666666665,0.1666666666666665,0.1666666666666665,0.1666666666666665,0.1666666666666665,0.1666666666666665
5,5.0,0.1666666666666665,0.1666666666666665,0.1666666666666665,0.1666666666666665,0.1666666666666665,0.1666666666666665
6,6.0,0.1666666666666665,0.1666666666666665,0.1666666666666665,0.1666666666666665,0.1666666666666665,0.1666666666666665
7,7.0,0.1666666666666665,0.1666666666666665,0.1666666666666665,0.1666666666666665,0.1666666666666665,0.1666666666666665
8,8.0,0.1666666666666665,0.1666666666666665,0.1666666666666665,0.1666666666666665,0.1666666666666665,0.1666666666666665
9,9.0,0.1666666666666665,0.1666666666666665,0.1666666666666665,0.1666666666666665,0.1666666666666665,0.1666666666666665
10,10.0,0.1666666666666665,0.1666666666666665,0.1666666666666665,0.1666666666666665,0.1666666666666665,0.1666666666666665
11,11.0,0.1666666666666665,0.1666666666666665,0.1666666666666665,0.1666666666666665,0.1666666666666665,0.1666666666666665
12,12.0,0.1666666666666665,0.1666666666666665,0.1666666666666665,0.1666666666666665,0.1666666666666665,0.1666666666666665
13,13.0,0.1666666666666665,0.1666666666666665,0.1666666666666665,0.1666666666666665,0.1666666666666665,0.1666666666666665
14,14.0,0.1666666666666665,0.1666666666666665,0.1666666666666665,0.1666666666666665,0.1666666666666665,0.1666666666666665
15,15.0,0.1666666666666665,0.1666666666666665,0.1666666666666665,0.1666666666666665,0.1666666666666665,0.1666666666666665
16,16.0,0.1666666666666665,0.1666666666666665,0.1666666666666665,0.1666666666666665,0.1666666666666665,0.1666666666666665
17,17.0,0.1666666666666665,0.1666666666666665,0.1666666666666665,0.1666666666666665,0.1666666666666665,0.1666666666666665
18,18.0,0.1666666666666665,0.1666666666666665,0.1666666666666665,0.1666666666666665,0.1666666666666665,0.1666666666666665
19,19.0,0.1666666666666665,0.1666666666666665,0.1666666666666665,0.1666666666666665,0.1666666666666665,0.1666666666666665
20,20.0,0.1666666666666665,0.1666666666666665,0.1666666666666665,0.1666666666666665,0.1666666666666665,0.1666666666666665
21,21.0,0.1666666666666665,0.1666666666666665,0.1666666666666665,0.1666666666666665,0.1666666666666665,0.1666666666666665
22,22.0,0.1666666666666665,0.1666666666666665,0.1666666666666665,0.1666666666666665,0.1666666666666665,0.1666666666666665
23,23.0,0.1666666666666665,0.1666666666666665,0.1666666666666665,0.1666666666666665,0.1666666666666665,0.1666666666666665
24,24.0,0.1666666666666665,0.1666666666666665,0.1666666666666665,0.1666666666666665,0.1666666666666665,0.1666666666666665
25,25.0,0.1666666666666665,0.1666666666666665,0.1666666666666665,0.1666666666666665,0.1666666666666665,0.1666666666666665
26,26.0,0.1666666666666665,0.1666666666666665,0.1666666666666665,0.1666666666666665,0.1666666666666665,0.1666666666666665
27,27.0,0.1666666666666665,0.1666666666666665,0.1666666666666665,0.1666666666666665,0.1666666666666665,0.1666666666666665
28,28.0,0.1666666666666665,0.1666666666666665,0.1666666666666665,0.1666666666666665,0.1666666666666665,0.1666666666666665
29,29.0,0.1666666666666665,0.1666666666666665,0.1666666666666665,0.1666666666666665,0.1666666666666665,0.1666666666666665
30,30.0,0.1666666666666665,0.1666666666666665,0.1666666666666665,0.1666666666666665,0.1666666666666665,0.1666666666666665
31,31.0,0.1666666666666665,0.1666666666666665,0.1666666666666665,0.1666666666666665,0.1666666666666665,0.1666666666666665
32,32.0,0.1666666666666665,0.1666666666666665,0.1666666666666665,0.1666666666666665,0.1666666666666665,0.1666666666666665
33,33.0,0.1666666666666665,0.1666666666666665,0.1666666666666665,0.1666666666666665,0.1666666666666665,0.1666666666666665
34,34.0,0.1666666666666665,0.1666666666666665,0.1666666666666665,0.1666666666666665,0.1666666666666665,0.1666666666666665
35,35.0,0.1666666666666665,0.1666666666666665,0.1666666666666665,0.1666666666666665,0.1666666666666665,0.1666666666666665
36,36.0,0.1666666666666665,0.1666666666666665,0.1666666666666665,0.1666666666666665,0.1666666666666665,0.1666666666666665
37,37.0,0.1666666666666665,0.1666666666666665,0.1666666666666665,0.1666666666666665,0.1666666666666665,0.1666666666666665
38,38.0,0.1666666666666665,0.1666666666666665,0.1666666666666665,0.1666666666666665,0.1666666666666665,0.1666666666666665
39,39.0,0.1666666666666665,0.1666666666666665,0.1666666666666665,0.1666666666666665,0.1666666666666665,0.1666666666666665
40,40.0,0.1666666666666665,0.1666666666666665,0.1666666666666665,0.1666666666666665,0.1666666666666665,0.1666666666666665
41,41.0,0.1666666666666665,0.1666666666666665,0.1666666666666665,0.1666666666666665,0.1666666666666665,0.1666666666666665
42,42.0,0.1666666666666665,0.1666666666666665,0.1666666666666665,0.1666666666666665,0.1666666666666665,0.1666666666666665
43,43.0,0.1666666666666665,0.1666666666666665,0.1666666666666665,0.1666666666666665,0.1666666666666665,0.1666666666666665
44,44.0,0.1666666666666665,0.1666666666666665,0.1666666666666665,0.1666666666666665,0.1666666666666665,0.1666666666666665
45,45.0,0.1666666666666665,0.1666666666666665,0.1666666666666665,0.1666666666666665,0.1666666666666665,0.1666666666666665
46,46.0,0.1666666666666665,0.1666666666666665,0.1666666666666665,0.1666666666666665,0.1666666666666665,0.1666666666666665
47,47.0,0.1666666666666665,0.1666666666666665,0.1666666666666665,0.1666666666666665,0.1666666666666665,0.1666666666666665
48,48.0,0.1666666666666665,0.1666666666666665,0.1666666666666665,0.1666666666666665,0.1666666666666665,0.1666666666666665
49,49.0,0.1666666666666665,0.1666666666666665,0.1666666666666665,0.1666666666666665,0.1666666666666665,0.1666666666666665
50,50.0,0.1666666666666665,0.1666666666666665,0.1666666666666665,0.1666666666666665,0.1666666666666665,0.1666666666666665
51,51.0,0.1666666666666665,0.1666666666666665,0.1666666666666665,0.1666666666666665,0.1666666666666665,0.1666666666666665
52,52.0,0.1666666666666665,0.1666666666666665,0.1666666666666665,0.1666666666666665,0.1666666666666665,0.1666666666666665
53,53.0,0.1666666666666665,0.1666666666666665,0.1666666666666665,0.1666666666666665,0.1666666666666665,0.1666666666666665
54,54.0,0.1666666666666665,0.1666666666666665,0.1666666666666665,0.1666666666666665,0.1666666666666665,0.1666666666666665
55,55.0,0.1666666666666665,0.1666666666666665,0.1666666666666665,0.1666666666666665,0.1666666666666665,0.1666666666666665
56,56.0,0.1666666666666665,0.1666666666666665,0.1666666666666665,0.1666666666666665,0.1666666666666665,0.1666666666666665
57,57.0,0.1666666666666665,0.1666666666666665,0.1666666666666665,0.1666666666666665,0.1666666666666665,0.1666666666666665
58,58.0,0.1666666666666665,0.1666666666666665,0.1666666666666665,0.1666666666666665,0.1666666666666665,0.1666666666666665
59,59.0,0.1666666666666665,0.1666666666666665,0.1666666666666665,0.1666666666666665,0.1666666666666665,0.1666666666666665
60,60.0,0.1666666666666665,0.1666666666666665,0.1666666666666665,0.1666666666666665,0.1666666666666665,0.1666666666666665
61,61.0,0.1666666666666665,0.1666666666666665,0.1666666666666665,0.1666666666666665,0.1666666666666665,0.1666666666666665
62,62.0,0.1666666666666665,0.1666666666666665,0.1666666666666665,0.1666666666666665,0.1666666666666665,0.1666666666666665
63,63.0,0.1666666666666665,0.1666666666666665,0.1666666666666665,0.1666666666666665,0.1666666666666665,0.1666666666666665
64,64.0,0.1666666666666665,0.1666666666666665,0.1666666666666665,0.1666666666666665,0.1666666666666665,0.1666666666666665
65,65.0,0.1666666666666665,0.1666666666666665,0.1666666666666665,0.1666666666666665,0.1666666666666665,0.1666666666666665
66,66.0,0.1666666666666665,0.1666666666666665,0.1666666666666665,0.1666666666666665,0.1666666666666665,0.1666666666666665
67,67.0,0.1666666666666665,0.1666666666666665,0.1666666666666665,0.1666666666666665,0.1666666666666665,0.1666666666666665
68,68.0,0.1666666666666665,0.1666666666666665,0.1666666666666665,0.1666666666666665,0.1666666666666665,0.1666666666666665
69,69.0,0.1666666666666665,0.1666666666666665,0.1666666666666665,0.1666666666666665,0.1666666666666665,0.1666666666666665
70,70.0,0.1666666666666665,0.1666666666666665,0.1666666666666665,0.1666666666666665,0.1666666666666665,0.1666666666666665
71,71.0,0.1666666666666665,0.1666666666666665,0.1666666666666665,0.1666666666666665,0.1666666666666665,0.1666666666666665
72,72.0,0.1666666666666665,0.1666666666666665,0.1666666666666665,0.1666666666666665,0.1666666666666665,0.1666666666666665
73,73.0,0.1666666666666665,0.1666666666666665,0.1666666666666665,0.1666666666666665,0.1666666666666665,0.1666666666666665
74,74.0,0.1666666666666665,0.1666666666666665,0.1666666666666665,0.1666666666666665,0.1666666666666665,0.1666666666666665
75,75.0,0.1666666666666665,0.1666666666666665,0.1666666666666665,0.1666666666666665,0.1666666666666665,0.1666666666666665
76,76.0,0.1666666666666665,0.1666666666666665,0.1666666666666665,0.1666666666666665,0.1666666666666665,0.1666666666666665
77,77.0,0.1666666666666665,0.1666666666666665,0.1666666666666665,0.1666666666666665,0.1666666666666665,0.1666666666666665
78,78.0,0.1666666666666665,0.1666666666666665,0.1666666666666665,0.1666666666666665,0.1666666666666665,0.1666666666666665
79,79.0,0.1666666666666665,0.1666666666666665,0.1666666666666665,0.1666666666666665,0.1666666666666665,0.1666666666666665
80,80.0,0.1666666666666665,0.1666666666666665,0.1666666666666665,0.1666666666666665,0.1666666666666665,0.1666666666666665
81,81.0,0.1666666666666665,0.1666666666666665,0.1666666666666665,0.1666666666666665,0.1666666666666665,0.1666666666666665
82,82.0,0.1666666666666665,0.1666666666666665,0.1666666666666665,0.1666666666666665,0.1666666666666665,0.1666666666666665
83,83.0,0.1666666666666665,0.1666666666666665,0.1666666666666665,0.1666666666666665,0.1666666666666665,0.1666666666666665
84,84.0,0.1666666666666665,0.1666666666666665,0.1666666666666665,0.1666666666666665,0.1666666666666665,0.1666666666666665
85,85.0,0.1666666666666665,0.1666666666666665,0.1666666666666665,0.1666666666666665,0.1666666666666665,0.1666666666666665
86,86.0,0.1666666666666665,0.1666666666666665,0.1666666666666665,0.1666666666666665,0.1666666666666665,0.1666666666666665
87,87.0,0.1666666666666665,0.1666666666666665,0.1666666666666665,0.1666666666666665,0.1666666666666665,0.1666666666666665
88,88.0,0.1666666666666665,0.1666666666666665,0.1666666666666665,0.1666666666666665,0.1666666666666665,0.1666666666666665
89,89.0,0.1666666666666665,0.1666666666666665,0.1666666666666665,0.1666666666666665,0.1666666666666665,0.1666666666666665
90,90.0,0.1666666666666665,0.1666666666666665,0.1666666666666665,0.1666666666666665,0.1666666666666665,0.1666666666666665
91,91.0,0.1666666666666665,0.1666666666666665,0.1666666666666665,0.1666666666666665,0.1666666666666665,0.1666666666666665
92,92.0,0.1666666666666665,0.1666666666666665,0.1666666666666665,0.1666666666666665,0.1666666666666665,0.1666666666666665
93,93.0,0.1666666666666665,0.1666666666666665,0.1666666666666665,0.1666666666666665,0.1666666666666665,0.1666666666666665
94,94.0,0.1666666666666665,0.1666666666666665,0.1666666666666665,0.1666666666666665,0.1666666666666665,0.1666666666666665
95,95.0,0.1666666666666665,0.1666666666666665,0.1666666666666665,0.1666666666666665,0.1666666666666665,0.1666666666666665
96,96.0,0.1666666666666665,0.1666666666666665,0.1666666666666665,0.1666666666666665,0.1666666666666665,0.1666666666666665
97,97.0,0.1666666666666665,0.1666666666666665,0.1666666666666665,0.1666666666666665,0.1666666666666665,0.1666666666666665
98,98.0,0.1666666666666665,0.1666666666666665,0.1666666666666665,0.1666666666666665,0.1666666666666665,0.1666666666666665
99,99.0,0.1666666666666665,0.1666666666666665,0.1666666666666665,0.1666666666666665,0.1666666666666665,0.1666666666666665
100,100.0,0.1666666666666665,0.1666666666666665,0.1666666666666665,0.1666666666666665,0.1666666666666665,0.1666666666666665
101,101.0,0.1666666666666665,0.1666666666666665,0.1666666666666665,0.1666666666666665,0.1666666666666665,0.1666666666666665
102,102.0,0.1666666666666665,0.1666666666666665,0.1666666666666665,0.1666666666666665,0.1666666666666665,0.1666666666666665
103,103.0,0.1666666666666665,0.1666666666666665,0.1666666666666665,0.1666666666666665,0.1666666666666665,0.1666666666666665
104,104.0,0.1666666666666665,0.1666666666666665,0.1666666666666665,0.1666666666666665,0.1666666666666665,0.1666666666666665
105,105.0,0.1666666666666665,0.1666666666666665,0.1666666666666665,0.1666666666666665,0.1666666666666665,0.1666666666666665
106,106.0,0.1666666666666665,0.1666666666666665,0.1666666666666665,0.1666666666666665,0.1666666666666665,0.1666666666666665
107,107.0,0.1666666666666665,0.1666666666666665,0.1666666666666665,0.1666666666666665,0.1666666666666665,0.1666666666666665
108,108.0,0.1666666666666665,0.1666666666666665,0.1666666666666665,0.1666666666666665,0.1666666666666665,0.1666666666666665
109,109.0,0.1666666666666665,0.1666666666666665,0.1666666666666665,0.1666666666666665,0.1666666666666665,0.1666666666666665
110,110.0,0.1666666666666665,0.1666666666666665,0.1666666666666665,0.1666666666666665,0.1666666666666665,0.1666666666666665
111,111.0,0.1666666666666665,0.1666666666666665,0.1666666666666665,0.1666666666666665,0.1666666666666665,0.1666666666666665
112,112.0,0.1666666666666665,0.1666666666666665,0.1666666666666665,0.1666666666666665,0.1666666666666665,0.1666666666666665
113,113.0,0.1666666666666665,0.1666666666666665,0.1666666666666665,0.1666666666666665,0.1666666666666665,0.1666666666666665
114,114.0,0.1666666666666665,0.1666666666666665,0.1666666666666665,0.1666666666666665,0.1666666666666665,0.1666666666666665
115,115.0,0.1666666666666665,0.1666666666666665,0.1666666666666665,0.1666666666666665,0.1666666666666665,0.1666666666666665
116,116.0,0.1666666666666665,0.1666666666666665,0.1666666666666665,0.1666666666666665,0.1666666666666665,0.1666666666666665
117,117.0,0.1666666666666665,0.1666666666666665,0.1666666666666665,0.1666666666666665,0.1666666666666665,0.1666666666666665
118,118.0,0.1666666666666665,0.1666666666666665,0.1666666666666665,0.1666666666666665,0.1666666666666665,0.1666666666666665
119,119.0,0.1666666666666665,0.1666666666666665,0.1666666666666665,0.1666666666666665,0.1666666666666665,0.1666666666666665
120,120.0,0.1666666666666665,0.1666666666666665,0.1666666666666665,0.1666666666666665,0.1666666666666665,0.1666666666666665
121,121.0,0.1666666666666665,0.1666666666666665,0.1666666666666665,0.1666666666666665,0.1666666666666665,0.1666666666666665
122,122.0,0.1666666666666665,0.1666666666666665,0.1666666666666665,0.1666666666666665,0.1666666666666665,0.1666666666666665
123,123.0,0.1666666666666665,0.1666666666666665,0.1666666666666665,0.1666666666666665,0.1666666666666665,0.1666666666666665
124,124.0,0.1666666666666665,0.1666666666666665,0.1666666666666665,0.1666666666666665,0.1666666666666665,0.1666666666666665
125,125.0,0.1666666666666665,0.1666666666666665,0.1666666666666665,0.1666666666666665,0.1666666666666665,0.1666666666666665
126,126.0,0.1666666666666665,0.1666666666666665,0.1666666666666665,0.1666666666666665,0.1666666666666665,0.1666666666666665
127,127.0,0.1666666666666665,0.1666666666666665,0.1666666666666665,0.1666666666666665,0.1666666666666665,0.1666666666666665
128,128.0,0.1666666666666665,0.1666666666666665,0.1666666666666665,0.1666666666666665,0.1666666666666665,0.1666666666666665
129,129.0,0.1666666666666665,0.1666666666666665,0.1666666666666665,0.1666666666666665,0.1666666666666665,0.1666666666666665
130,130.0,0.1666666666666665,0.1666666666666665,0.1666666666666665,0.1666666666666665,0.1666666666666665,0.1666666666666665
131,131.0,0.1666666666666665,0.1666666666666665,0.1666666666666665,0.1666666666666665,0.1666666666666665,0.1666666666666665
132,132.0,0.1666666666666665,0.1666666666666665,0.1666666666666665,0.1666666666666665,0.1666666666666665,0.1666666666666665
133,133.0,0.1666666666666665,0.1666666666666665,0.1666666666666665,0.1666666666666665,0.1666666666666665,0.1666666666666665
134,134.0,0.1666666666666665,0.1666666666666665,0.1666666666666665,0.1666666666666665,0.1666666666666665,0.1666666666666665
135,135.0,0.1666666666666665,0.1666666666666665,0.1666666666666665,0.1666666666666665,0.1666666666666665,0.1666666666666665
136,136.0,0.1666666666666665,0.1666666666666665,0.1666666666666665,0.1666666666666665,0.1666666666666665,0.1666666666666665
137,137.0,0.1666666666666665,0.1666666666666665,0.1666666666666665,0.1666666666666665,0.1666666666666665,0.1666666666666665
138,138.0,0.1666666666666665,0.1666666666666665,0.1666666666666665,0.1666666666666665,0.1666666666666665,0.1666666666666665
139,139.0,0.1666666666666665,0.1666666666666665,0.1666666666666665,0.1666666666666665,0.1666666666666665,0.1666666666666665
140,140.0,0.1666666666666665,0.1666666666666665,0.1666666666666665,0.1666666666666665,0.1666666666666665,0.1666666666666665
141,141.0,0.1666666666666665,0.1666666666666665,0.1666666666666665,0.1666666666666665,0.1666666666666665,0.1666666666666665
142,142.0,0.1666666666666665,0.1666666666666665,0.1666666666666665,0.1666666666666665,0.1666666666666665,0.1666666666666665
143,143.0,0.1666666666666665,0.1666666666666665,0.1666666666666665,0.1666666666666665,0.1666666666666665,0.1666666666666665
144,144.0,0.1666666666666665,0.1666666666666665,0.1666666666666665,0.1666666666666665,0.1666666666666665,0.1666666666666665
145,145.0,0.1666666666666665,0.1666666666666665,0.1666666666666665,0.1666666666666665,0.1666666666666665,0.1666666666666665
146,146.0,0.1666666666666665,0.1666666666666665,0.1666666666666665,0.1666666666666665,0.1666666666666665,0.1666666666666665
147,147.0,0.1666666666666665,0.1666666666666665,0.1666666666666665,0.1666666666666665,0.1666666666666665,0.1666666666666665
148,148.0,0.1666666666666665,0.1666666666666665,0.1666666666666665,0.1666666666666665,0.1666666666666665,0.1666666666666665
149,149.0,0.1666666666666665,0.1666666666666665,0.1666666666666665,0.1666666666666665,0.1666666666666665,0.1666666666666665
150,150.0,0.1666666666666665,0.1666666666666665,0.1666666666666665,0.1666666666666665,0.1666666666666665,0.1666666666666665
151,151.0,0.1666666666666665,0.1666666666666665,0.1666666666666665,0.1666666666666665,0.1666666666666665,0.1666666666666665
152,152.0,0.1666666666666665,0.1666666666666665,0.1666666666666665,0.1666666666666665,0.1666666666666665,0.1666666666666665
153,153.0,0.1666666666666665,0.1666666666666665,0.1666666666666665,0.1666666666666665,0.1666666666666665,0.1666666666666665
154,154.0,0.1666666666666665,0.1666666666666665,0.1666666666666665,0.1666666666666665,0.1666666666666665,0.1666666666666665
155,155.0,0.1666666666666665,0.1666666666666665,0.1666666666666665,0.1666666666666665,0.1666666666666665,0.1666666666666665
156,156.0,0.1666666666666665,0.1666666666666665,0.1666666666666665,0.1666666666666665,0.1666666666666665,0.1666666666666665
157,157.0,0.1666666666666665,0.1666666666666665,0.1666666666666665,0.1666666666666665,0.1666666666666665,0.1666666666666665
158,158.0,0.1666666666666665,0.1666666666666665,0.1666666666666665,0.1666666666666665,0.1666666666666665,0.1666666666666665
159,159.0,0.1666666666666665,0.1666666666666665,0.1666666666666665,0.1666666666666665,0.1666666666666665,0.1666666666666665
160,160.0,0.1666666666666665,0.1666666666666665,0.1666666666666665,0.1666666666666665,0.1666666666666665,0.1666666666666665
161,161.0,0.1666666666666665,0.1666666666666665,0.1666666666666665,0.1666666666666665,0.1666666666666665,0.1666666666666665
162,162.0,0.1666666666666665,0.1666666666666665,0.1666666666666665,0.1666666666666665,0.1666666666666665,0.1666666666666665
163,163.0,0.1666666666666665,0.1666666666666665,0.1666666666666665,0.1666666666666665,0.1666666666666665,0.1666666666666665
164,164.0,0.1666666666666665,0.1666666666666665,0.1666666666666665,0.1666666666666665,0.1666666666666665,0.1666666666666665
165,165.0,0.1666666666666665,0.1666666666666665,0.1666666666666665,0.1666666666666665,0.1666666666666665,0.1666666666666665
166,166.0,0.1666666666666665,0.1666666666666665,0.1666666666666665,0.1666666666666665,0.1666666666666665,0.1666666666666665
167,167.0,0.1666666666666665,0.1666666666666665,0.1666666666666665,0.1666666666666665,0.1666666666666665,0.1666666666666665
168,168.0,0.1666666666666665,0.1666666666666665,0.1666666666666665,0.1666666666666665,0.1666666666666665,0.1666666666666665
169,169.0,0.1666666666666665,0.1666666666666665,0.1666666666666665,0.1666666666666665,0.1666666666666665,0.1666666666666665
170,170.0,0.1666666666666665,0.1666666666666665,0.1666666666666665,0.1666666666666665,0.1666666666666665,0.1666666666666665
171,171.0,0.1666666666666665,0.1666666666666665,0.1666666666666665,0.1666666666666665,0.1666666666666665,0.1666666666666665
172,172.0,0.1666666666666665,0.1666666666666665,0.1666666666666665,0.1666666666666665,0.1666666666666665,0.1666666666666665
173,173.0,0.1666666666666665,0.1666666666666665,0.1666666666666665,0.1666666666666665,0.1666666666666665,0.1666666666666665
174,174.0,0.1666666666666665,0.1666666666666665,0.1666666666666665,0.1666666666666665,0.1666666666666665,0.1666666666666665
175,175.0,0.1666666666666665,0.1666666666666665,0.1666666666666665,0.1666666666666665,0.1666666666666665,0.1666666666666665
176,176.0,0.1666666666666665,0.1666666666666665,0.1666666666666665,0.1666666666666665,0.1666666666666665,0.1666666666666665
177,177.0,0.1666666666666665,0.1666666666666665,0.1666666666666665,0.1666666666666665,0.1666666666666665,0.1666666666666665
178,178.0,0.1666666666666665,0.1666666666666665,0.1666666666666665,0.1666666666666665,0.1666666666666665,0.1666666666666665
179,179.0,0.1666666666666665,0.1666666666666665,0.1666666666666665,0.1666666666666665,0.1666666666666665,0.1666666666666665
180,180.0,0.1666666666666665,0.1666666666666665,0.1666666666666665,0.1666666666666665,0.1666666666666665,0.1666666666666665
181,181.0,0.1666666666666665,0.1666666666666665,0.1666666666666665,0.1666666666666665,0.1666666666666665,0.1666666666666665
182,182.0,0.1666666666666665,0.1666666666666665,0.1666666666666665,0.1666666666666665,0.1666666666666665,0.1666666666666665
183,183.0,0.1666666666666665,0.1666666666666665,0.1666666666666665,0.1666666666666665,0.1666666666666665,0.1666666666666665
184,184.0,0.1666666666666665,0.1666666666666665,0.1666666666666665,0.1666666666666665,0.1666666666666665,0.1666666666666665
185,185.0,0.1666666666666665,0.1666666666666665,0.1666666666666665,0.1666666666666665,0.1666666666666665,0.1666666666666665
186,186.0,0.1666666666666665,0.1666666666666665,0.1666666666666665,0.1666666666666665,0.1666666666666665,0.1666666666666665
187,187.0,0.1666666666666665,0.1666666666666665,0.1666666666666665,0.1666666666666665,0.1666666666666665,0.1666666666666665
188,188.0,0.1666666666666665,0.1666666666666665,0.1666666666666665,0.1666666666666665,0.1666666666666665,0.1666666666666665
189,189.0,0.1666666666666665,0.1666666666666665,0.1666666666666665,0.1666666666666665,0.1666666666666665,0.1666666666666665
190,190.0,0.1666666666666665,0.1666666666666665,0.1666666666666665,0.1666666666666665,0.1666666666666665,0.1666666666666665
191,191.0,0.1666666666666665,0.1666666666666665,0.1666666666666665,0.1666666666666665,0.1666666666666665,0.1666666666666665
192,192.0,0.1666666666666665,0.1666666666666665,0.1666666666666665,0.1666666666666665,0.1666666666666665,0.1666666666666665
193,193.0,0.1666666666666665,0.1666666666666665,0.1666666666666665,0.1666666666666665,0.1666666666666665,0.1666666666666665
194,194.0,0.1666666666666665,0.1666666666666665,0.1666666666666665,0.1666666666666665,0.1666666666666665,0.1666666666666665
195,195.0,0.1666666666666665,0.1666666666666665,0.1666666666666665,0.1666666666666665,0.1666666666666665,0.1666666666666665
196,196.0,0.1666666666666665,0.1666666666666665,0.1666666666666665,0.1666666666666665,0.1666666666666665,0.1666666666666665
197,197.0,0.1666666666666665,0.1666666666666665,0.1666666666666665,0.1666666666666665,0.1666666666666665,0.1666666666666665
198,198.0,0.1666666666666665,0.1666666666666665,0.1666666666666665,0.1666666666666665,0.1666666666666665,0.1666666666666665
199,199.0,0.1666666666666665,0.1666666666666665,0.1666666666666665,0.1666666666666665,0.1666666666666665,0.1666666666666665
200,200.0,0.1659523809523808,0.1673809523809523,0.1673809523809523,0.1659523809523808,0.1673809523809523,0.1659523809523808
201,201.0,0.1652452380952379,0.1680880952380951,0.1680880952380951,0.1652452380952379,0.1680880952380951,0.1652452380952379
202,202.0,0.1641349285714284,0.1683650714285713,0.1694364999999999,0.1641349285714284,0.1683650714285713,0.1655634999999999
203,203.0,0.1627304118253967,0.1683096675396824,0.1725251437301586,0.1627304118253967,0.1683096675396824,0.1653946975396824
204,204.0,0.1611108680325396,0.1679913899039682,0.1759487192690475,0.1611108680325396,0.1679913899039682,0.1658467648579364
205,205.0,0.1602460660425388,0.1674626884704479,0.179592527983435,0.1593369751334479,0.1674626884704479,0.1658990538996817
206,206.0,0.1592813009071301,0.1668559532392982,0.1828223508928697,0.1575479675737968,0.1676892865726316,0.165803140814273
207,207.0,0.1582443751003668,0.1661891341966727,0.1874328361343003,0.1557673261493179,0.1677833649659035,0.1645829634534382
208,208.0,0.1571773494719275,0.1654416911309284,0.1923328196151201,0.1539788038775219,0.1677817103616976,0.163287625542804
209,209.0,0.1559376272039872,0.1644728838187577,0.1967971655293956,0.153473368438153,0.1675376355495268,0.1617813194601793
210,210.0,0.1538854612637614,0.1646643536077416,0.202014354614199,0.1527632966378932,0.1672417427122287,0.1594307911641758
211,211.0,0.1524735029037661,0.1641817356234524,0.2064236278533267,0.151445444650126,0.1674633752668916,0.1580123137024367
212,212.0,0.1510129620606894,0.1635833759341715,0.2104227952100661,0.1500798801245911,0.1683787230789316,0.1565222635915499
213,213.0,0.1501363976293655,0.1624999275453861,0.213737081948295,0.1482981251984156,0.1695501341603636,0.155778333518174
214,214.0,0.1490821646259192,0.1621787208239214,0.2166716384572873,0.1464385125648216,0.1706100932682392,0.155018870259811
215,215.0,0.1480482692072943,0.1628164406399571,0.2188623649221494,0.1446153029087657,0.1705652066148959,0.1550924157069373
216,216.0,0.1470202892964676,0.1642062716870373,0.2206799189008277,0.1428203607563272,0.1701309530975346,0.1551422062618055
217,217.0,0.1464170429008973,0.1657803555028376,0.2223194716281832,0.1407203627802228,0.1690961053332239,0.1556666618546349
218,218.0,0.1455320508379752,0.16838110772391,0.2238991026937497,0.1385067995575653,0.1676792147474455,0.1560017244393542
219,219.0,0.1445827405254686,0.171395421753084,0.2254584585025009,0.1363331266151998,0.1660031673487168,0.1562270852550297
220,220.0,0.1435257878072119,0.1746724026648624,0.2267382770513348,0.1347810110684402,0.1639909506476315,0.156291570760519
221,221.0,0.1430133899502086,0.1775207822230173,0.2283332737816384,0.1332092266503666,0.16170729544581,0.1562160319489589
222,222.0,0.1423371692643278,0.1804536520226627,0.229230486761585,0.1315753498182122,0.1597815571004545,0.1566217850327576
223,223.0,0.1417489467099043,0.1832611755181235,0.229917928118764,0.1300938403464125,0.1579295542505485,0.1570485550562472
224,224.0,0.1389007239115313,0.1862396289429962,0.2304544745413909,0.1292447483063199,0.1559440494198199,0.1592163748779418
225,225.0,0.1357357939839277,0.189013006055668,0.2294430277959902,0.1313702377250207,0.153534992351991,0.1609029420874023
226,226.0,0.1331410893348092,0.1913946672762153,0.2284634207604528,0.1334698517644508,0.151066641443365,0.1624643294207068
227,227.0,0.1305853180326019,0.193899534681212,0.2275242135860959,0.1348104632074244,0.1485693931368913,0.1646110773557744
228,228.0,0.1278223921723238,0.1966729273297304,0.2271353107347221,0.1355622947152383,0.1458031067455402,0.1670039683024451
229,229.0,0.1249740061862997,0.1993328961577009,0.2265753944812836,0.1369240547528096,0.1428952657591948,0.1692983826627113
230,230.0,0.1221778121508476,0.2019689609658495,0.2259738068753801,0.1381232242536609,0.1399891615983626,0.1717670341558992
231,231.0,0.1194014254748331,0.2044748583664361,0.224906683598835,0.1394394194305,0.1370578955241406,0.1747197176052551
232,232.0,0.1166284202248111,0.2064472481235127,0.2233845174130324,0.1406835070110211,0.1349994535957583,0.1778568536318644
233,233.0,0.1138896313654491,0.2083611264915524,0.2226262570066258,0.1414712357476766,0.1328866414787426,0.1807651079099534
234,234.0,0.1112140563661373,0.2101994932032767,0.2217591211684981,0.1418536849132284,0.1307551347870689,0.1842185095617905
235,235.0,0.1087179567259898,0.2120532795773445,0.2208494991063862,0.1421390720387605,0.1287816374879381,0.1874585550635807
236,236.0,0.1065772438075552,0.2140684442087203,0.2184948762174581,0.1433863309754323,0.1264246958028649,0.191048408987969
237,237.0,0.1046025080778627,0.2155058998555337,0.2160904929126149,0.1444933888299383,0.1247401185296413,0.1945675917944089
238,238.0,0.1028466827251185,0.2169921597428899,0.2136816028327304,0.1467819930007478,0.1228439652162648,0.1968535964822484
239,239.0,0.1012173975414937,0.2181884754871154,0.2113174117856144,0.1487048416592542,0.1210020567318041,0.1995698167947182
240,240.0,0.0997670046700131,0.2191601837925955,0.2091198205822781,0.1504747938640334,0.1193255515357633,0.2021526455553165
241,241.0,0.098477749698165,0.2190188454014228,0.2069966180225995,0.1519684022217575,0.1182099543640559,0.2053284302919992
242,242.0,0.0973564113857047,0.2189571783671741,0.2049565972678097,0.1532662221764119,0.1172253303859655,0.2082382604169339
243,243.0,0.0964057110449597,0.2187392897143782,0.2033893707093402,0.1544388219800931,0.1164004123275794,0.2106263942236493
244,244.0,0.0956076123766058,0.2183624203406962,0.2023833920790916,0.1554458773484187,0.1157169992719508,0.2124836985832368
245,245.0,0.0949158827327065,0.2178163561252179,0.2013497780404276,0.1561864913501505,0.1150812023343604,0.2146502894171371
246,246.0,0.0943597794441116,0.2171469844341642,0.2008346947770394,0.1567697736045608,0.1145704519520937,0.2163183157880304
247,247.0,0.0939156036026086,0.2161280599156127,0.2006837327369726,0.157143656259628,0.1146140346202538,0.2175149128649243
248,248.0,0.0935670672551296,0.2152386584271344,0.2006470201926643,0.1572880083028125,0.1146961113399098,0.2185631344823494
249,249.0,0.0933267871384508,0.2142787493180547,0.2007347621652958,0.157299927017299,0.1148696683003806,0.2194901060605192
250,250.0,0.0931658069857583,0.2134614668182452,0.2009155985496405,0.1571111970018583,0.1150637627713795,0.2202821678731184
251,251.0,0.0924793302188733,0.2137318306297951,0.2010086110974496,0.1569974701506329,0.115378163463033,0.2204045944402162
252,252.0,0.0918371662816908,0.2135219803814725,0.2013205002466292,0.1566214368185904,0.1167019857550611,0.2199969305165562
253,253.0,0.091167652131185,0.2129412992468162,0.201590652111104,0.1560445876552423,0.1188417792594619,0.2194140295961907
254,254.0,0.0900953453268995,0.2124723874786743,0.2017563000890926,0.1553267388956349,0.1216369490439332,0.2187122791657655
255,255.0,0.0890226196969448,0.212688306661814,0.2020770836897372,0.1544730181166057,0.1240975868069137,0.2176413850279846
256,256.0,0.0875701296389285,0.2130231570465123,0.2023801981993553,0.1542705264122003,0.1262600374536244,0.2164959512493792
257,257.0,0.0861189484277378,0.2130607820122452,0.2026343008411195,0.1537910183917271,0.1291424909143239,0.2152524594128465
258,258.0,0.0846698454075396,0.2134825738463214,0.2028282847425072,0.1530450000647008,0.1315456985065514,0.2144285974323795
259,259.0,0.0833838093880567,0.2141992115437405,0.2030077301330544,0.1521459649190952,0.1337020620368307,0.2135612219792224
260,260.0,0.0821725728960509,0.2152013559497341,0.2031854919410229,0.1511320455417422,0.1356279347697087,0.212680598901741
261,261.0,0.0810393467871407,0.2161021961348269,0.2035870201715412,0.1503773407366644,0.1373228224636971,0.2115712737061296
262,262.0,0.0811890481078715,0.2168473437347206,0.2035280936494837,0.1495708081691575,0.1385997719843105,0.2102649343544559
263,263.0,0.0823123415210363,0.2168149702801982,0.2032957745564397,0.1489107997087294,0.1395209348837044,0.2091451790498918
264,264.0,0.0837087577490457,0.2171555151484253,0.2024015235736587,0.1484798056849131,0.140446165329804,0.2078082325141529
265,265.0,0.0850622550387756,0.2177582965712299,0.2019485789122357,0.1479811666797611,0.1410302193987447,0.2062194833992527
266,266.0,0.0851845428902018,0.2184639451324785,0.2027661768540356,0.1474215453924425,0.1414557278338806,0.2047080618969607
267,267.0,0.0861549392720856,0.219522894313279,0.2033166714618563,0.146161118510984,0.1416996610967679,0.2031447153450269
268,268.0,0.0870647395135382,0.2205414750978508,0.2037629393592299,0.1444426928021037,0.1420978066181449,0.2020903466091321
269,269.0,0.0879253328615207,0.2212630097543902,0.2049430573010674,0.1429029300268113,0.142272864626555,0.2006928054296551
270,270.0,0.0887696825371976,0.2217777896970424,0.2061079561080311,0.1413367002240817,0.1426037281603412,0.1994041432733056
271,271.0,0.0895380234296897,0.22238188971744,0.2071241401259798,0.1396653271080276,0.1427097415922675,0.1985808780265952
272,272.0,0.0910089597109453,0.2229666094343545,0.2080166816445028,0.1376003607246712,0.1421564407180953,0.1982509477674306
273,273.0,0.0924080411198252,0.224384337700266,0.2087845622708353,0.135087177115617,0.1414384882367522,0.1978973935567041
274,274.0,0.0937389700499697,0.2255798897960358,0.2094987734190856,0.1325847964575077,0.1409687534661091,0.1976288168112919
275,275.0,0.0949964352887752,0.2268110470159736,0.210119059395443,0.1301298802257522,0.1404972063971927,0.1974463716768631
276,276.0,0.096072828322484,0.2278937599918787,0.2106329438795261,0.1277175918085588,0.1404054228915374,0.1972774531060149
277,277.0,0.0970531812097655,0.2296045333883556,0.2110818396639069,0.1253524564416041,0.1401810909847483,0.1967268983116195
278,278.0,0.0968173281508591,0.2323083733807964,0.2119053421977237,0.1230627702397739,0.1398423697362867,0.1960638162945601
279,279.0,0.0964938563962179,0.2348900645613076,0.2125762443712526,0.1208839771814882,0.1394071456296599,0.1957487118600737
280,280.0,0.0966562141759923,0.2378919993079032,0.2123271029543716,0.118603595491374,0.139504976665201,0.1950161114051577
281,281.0,0.0967773886760101,0.2408004067421481,0.2120133689460764,0.1165493724961929,0.1396349944648948,0.1942244686746777
282,282.0,0.0966632015759287,0.2433137823311708,0.2125173583786029,0.1144292862556894,0.1397555027789928,0.1933208686796154
283,283.0,0.0963803081794043,0.2458021870174123,0.2126587404280139,0.1123200552797971,0.1396915888782174,0.1931471202171549
284,284.0,0.0959454049472843,0.247826175048226,0.2134337739214117,0.1102579454832372,0.1394676196828584,0.1930690809169823
285,285.0,0.0953891048840901,0.2496574007749897,0.2132762040151295,0.1082820563758573,0.1391113064227128,0.1942839275272204
286,286.0,0.0955442209533474,0.2514551575306584,0.2126817348025481,0.1065105824157262,0.1385958609708839,0.195212443326836
287,287.0,0.0956794040253257,0.2531506886423597,0.2120570646514252,0.1049212759633016,0.1380536130989046,0.1961379536186831
288,288.0,0.0962329528729695,0.254562440060645,0.2113512821632271,0.1034732801600832,0.1374779167104355,0.1969021280326396
289,289.0,0.0968640568497459,0.2556082237946988,0.2111770106130314,0.1020761038651046,0.1368113283022974,0.1974632765751218
290,290.0,0.0974748200231772,0.2561744103118864,0.2110337376087659,0.1008453822853858,0.1364262691317024,0.1980453806390822
291,291.0,0.098102006161583,0.257170524015619,0.2109523244501941,0.0998291352222449,0.1361061875055605,0.1978398226447983
292,292.0,0.0986501646125686,0.2584215935328384,0.2107987372486935,0.0989285412001421,0.1357285375176019,0.1974724258881552
293,293.0,0.0991278545422698,0.2594704656527425,0.2103380513540169,0.0984397039831075,0.1353072286817037,0.1973166957861593
294,294.0,0.0995533622502495,0.2605579524422121,0.2096936949567606,0.098198408404869,0.1348387164764662,0.1971578654694424
295,295.0,0.0996860431551389,0.2614339434378344,0.209746317078986,0.0977807444567357,0.1355162367680287,0.1958367151032761
296,296.0,0.1001972196824904,0.2618170801542392,0.2091517600480247,0.0973432056828194,0.13722909214543,0.1942616422869958
297,297.0,0.1003759588809342,0.2620553991254091,0.2092288025950319,0.0967852449736437,0.1384069692494782,0.1931476251755026
298,298.0,0.0999574763590019,0.2626922297146936,0.2094201522236529,0.0972095416501437,0.1385470067003189,0.1921735933521887
299,299.0,0.0993883714216427,0.2631781473261835,0.2093701570371324,0.0976873449557048,0.1386329983451747,0.1917429809141616
300,300.0,0.0986937981499398,0.2635263142834747,0.2097158526979983,0.0982136513041107,0.138672419050127,0.1911779645143492
301,301.0,0.0981249013776384,0.2631386070055271,0.2098754404679873,0.098923335783435,0.1378627852769001,0.1920749300885117
302,302.0,0.0975450504100688,0.2629029455827061,0.2100495139868298,0.0996288828577631,0.136829580841145,0.1930440263214869
303,303.0,0.0968538414325094,0.262709350440318,0.2106967188501023,0.1002786065147828,0.1357073726237248,0.1937541101385623
304,304.0,0.0960138161449395,0.2628588970562726,0.2115214025547082,0.1007577710921283,0.1345477004799115,0.1943004126720396
305,305.0,0.0952491991454232,0.2625717534766191,0.2125054899383764,0.1010823889819707,0.133208157299256,0.1953830111583543
306,306.0,0.0943871261715963,0.2620521360198433,0.214876943439864,0.1012931335910327,0.1323555558999651,0.1950351048776984
307,307.0,0.0933066283521575,0.2611959579825686,0.2166200217253298,0.1012599617455168,0.1321840134282345,0.1954334167661924
308,308.0,0.0921662981513764,0.2601807218806611,0.2184363788090895,0.1017022587073473,0.1318786679239731,0.1956356745275523
309,309.0,0.0910713088446752,0.2591514415758016,0.2201833044773494,0.1021513016252494,0.1316133703781369,0.1958292730987872
310,310.0,0.0901537503198883,0.2581511854629148,0.2235932235712639,0.1026916570115899,0.1292675963979055,0.1961425872364374
311,311.0,0.0891748539169135,0.2572704121620232,0.2276532571712139,0.1025662906916817,0.1269392807238507,0.1963959053343167
312,312.0,0.0882522989828354,0.2562712953057611,0.2317586579147407,0.102434966943812,0.1246649333620237,0.1966178474908269
313,313.0,0.0873931528516504,0.2551672095373812,0.2362063272751848,0.1024345569606022,0.122464234597487,0.1963345187776942
314,314.0,0.0865943080029115,0.2541478766077044,0.2404774908322547,0.1024156650986152,0.1203453567102927,0.1960193027482214
315,315.0,0.0858573735423016,0.2532182959228068,0.244548296880874,0.1023790498993857,0.1183198749259366,0.1956771088286951
316,316.0,0.0856896717952077,0.2524323434181926,0.24820753500839,0.1023170492704828,0.1164044233543501,0.1949489771533767
317,317.0,0.0859253101943265,0.2518041797240735,0.2513926391654004,0.102189121851125,0.1145486788809494,0.1941400701841251
318,318.0,0.0861098815747432,0.2511537178742887,0.2545327944662779,0.1021782335500901,0.1127615949326184,0.1932637776019816
319,319.0,0.0863272147428199,0.2505024971893612,0.2574226398217,0.1021221761266995,0.111242701071714,0.1923827710477053
320,320.0,0.0870346985634162,0.252149299494211,0.259421505134597,0.1022184786043854,0.1096134137801922,0.189562604423198
321,321.0,0.0876773443526598,0.2540207882190859,0.2611398068510307,0.1021911311512034,0.1082246369376978,0.1867462924883224
322,322.0,0.0883295107240064,0.255806702828931,0.2626273233911547,0.1021249098303091,0.1071129442460769,0.1839986089795219
