,Unnamed: 0,Total_iterations,Intertwine_two,Add_vertex,Delete_vertex,Invert_path_vertices,Insert_inside_vertex,Delete_inside_vertex,Replace_inside_vertex,Donate_between_routes
0,0.0,0.0,0.125,0.125,0.125,0.125,0.125,0.125,0.125,0.125
1,1.0,1.0,0.125,0.125,0.125,0.125,0.125,0.125,0.125,0.125
2,2.0,2.0,0.125,0.125,0.125,0.125,0.125,0.125,0.125,0.125
3,3.0,3.0,0.125,0.125,0.125,0.125,0.125,0.125,0.125,0.125
4,4.0,4.0,0.125,0.125,0.125,0.125,0.125,0.125,0.125,0.125
5,5.0,5.0,0.125,0.125,0.125,0.125,0.125,0.125,0.125,0.125
6,6.0,6.0,0.125,0.125,0.125,0.125,0.125,0.125,0.125,0.125
7,7.0,7.0,0.125,0.125,0.125,0.125,0.125,0.125,0.125,0.125
8,8.0,8.0,0.125,0.125,0.125,0.125,0.125,0.125,0.125,0.125
9,9.0,9.0,0.125,0.125,0.125,0.125,0.125,0.125,0.125,0.125
10,10.0,10.0,0.125,0.125,0.125,0.125,0.125,0.125,0.125,0.125
11,11.0,11.0,0.125,0.125,0.125,0.125,0.125,0.125,0.125,0.125
12,12.0,12.0,0.125,0.125,0.125,0.125,0.125,0.125,0.125,0.125
13,13.0,13.0,0.125,0.125,0.125,0.125,0.125,0.125,0.125,0.125
14,14.0,14.0,0.125,0.125,0.125,0.125,0.125,0.125,0.125,0.125
15,15.0,15.0,0.125,0.125,0.125,0.125,0.125,0.125,0.125,0.125
16,16.0,16.0,0.125,0.125,0.125,0.125,0.125,0.125,0.125,0.125
17,17.0,17.0,0.125,0.125,0.125,0.125,0.125,0.125,0.125,0.125
18,18.0,18.0,0.125,0.125,0.125,0.125,0.125,0.125,0.125,0.125
19,19.0,19.0,0.125,0.125,0.125,0.125,0.125,0.125,0.125,0.125
20,20.0,20.0,0.125,0.125,0.125,0.125,0.125,0.125,0.125,0.125
21,21.0,21.0,0.125,0.125,0.125,0.125,0.125,0.125,0.125,0.125
22,22.0,22.0,0.125,0.125,0.125,0.125,0.125,0.125,0.125,0.125
23,23.0,23.0,0.125,0.125,0.125,0.125,0.125,0.125,0.125,0.125
24,24.0,24.0,0.125,0.125,0.125,0.125,0.125,0.125,0.125,0.125
25,25.0,25.0,0.125,0.125,0.125,0.125,0.125,0.125,0.125,0.125
26,26.0,26.0,0.125,0.125,0.125,0.125,0.125,0.125,0.125,0.125
27,27.0,27.0,0.125,0.125,0.125,0.125,0.125,0.125,0.125,0.125
28,28.0,28.0,0.125,0.125,0.125,0.125,0.125,0.125,0.125,0.125
29,29.0,29.0,0.125,0.125,0.125,0.125,0.125,0.125,0.125,0.125
30,30.0,30.0,0.125,0.125,0.125,0.125,0.125,0.125,0.125,0.125
31,31.0,31.0,0.125,0.125,0.125,0.125,0.125,0.125,0.125,0.125
32,32.0,32.0,0.125,0.125,0.125,0.125,0.125,0.125,0.125,0.125
33,33.0,33.0,0.125,0.125,0.125,0.125,0.125,0.125,0.125,0.125
34,34.0,34.0,0.125,0.125,0.125,0.125,0.125,0.125,0.125,0.125
35,35.0,35.0,0.125,0.125,0.125,0.125,0.125,0.125,0.125,0.125
36,36.0,36.0,0.125,0.125,0.125,0.125,0.125,0.125,0.125,0.125
37,37.0,37.0,0.125,0.125,0.125,0.125,0.125,0.125,0.125,0.125
38,38.0,38.0,0.125,0.125,0.125,0.125,0.125,0.125,0.125,0.125
39,39.0,39.0,0.125,0.125,0.125,0.125,0.125,0.125,0.125,0.125
40,40.0,40.0,0.125,0.125,0.125,0.125,0.125,0.125,0.125,0.125
41,41.0,41.0,0.125,0.125,0.125,0.125,0.125,0.125,0.125,0.125
42,42.0,42.0,0.125,0.125,0.125,0.125,0.125,0.125,0.125,0.125
43,43.0,43.0,0.125,0.125,0.125,0.125,0.125,0.125,0.125,0.125
44,44.0,44.0,0.125,0.125,0.125,0.125,0.125,0.125,0.125,0.125
45,45.0,45.0,0.125,0.125,0.125,0.125,0.125,0.125,0.125,0.125
46,46.0,46.0,0.125,0.125,0.125,0.125,0.125,0.125,0.125,0.125
47,47.0,47.0,0.125,0.125,0.125,0.125,0.125,0.125,0.125,0.125
48,48.0,48.0,0.125,0.125,0.125,0.125,0.125,0.125,0.125,0.125
49,49.0,49.0,0.125,0.125,0.125,0.125,0.125,0.125,0.125,0.125
50,50.0,50.0,0.125,0.125,0.125,0.125,0.125,0.125,0.125,0.125
51,51.0,51.0,0.125,0.125,0.125,0.125,0.125,0.125,0.125,0.125
52,52.0,52.0,0.125,0.125,0.125,0.125,0.125,0.125,0.125,0.125
53,53.0,53.0,0.125,0.125,0.125,0.125,0.125,0.125,0.125,0.125
54,54.0,54.0,0.125,0.125,0.125,0.125,0.125,0.125,0.125,0.125
55,55.0,55.0,0.125,0.125,0.125,0.125,0.125,0.125,0.125,0.125
56,56.0,56.0,0.125,0.125,0.125,0.125,0.125,0.125,0.125,0.125
57,57.0,57.0,0.125,0.125,0.125,0.125,0.125,0.125,0.125,0.125
58,58.0,58.0,0.125,0.125,0.125,0.125,0.125,0.125,0.125,0.125
59,59.0,59.0,0.125,0.125,0.125,0.125,0.125,0.125,0.125,0.125
60,60.0,60.0,0.125,0.125,0.125,0.125,0.125,0.125,0.125,0.125
61,61.0,61.0,0.125,0.125,0.125,0.125,0.125,0.125,0.125,0.125
62,62.0,62.0,0.125,0.125,0.125,0.125,0.125,0.125,0.125,0.125
63,63.0,63.0,0.125,0.125,0.125,0.125,0.125,0.125,0.125,0.125
64,64.0,64.0,0.125,0.125,0.125,0.125,0.125,0.125,0.125,0.125
65,65.0,65.0,0.125,0.125,0.125,0.125,0.125,0.125,0.125,0.125
66,66.0,66.0,0.125,0.125,0.125,0.125,0.125,0.125,0.125,0.125
67,67.0,67.0,0.125,0.125,0.125,0.125,0.125,0.125,0.125,0.125
68,68.0,68.0,0.125,0.125,0.125,0.125,0.125,0.125,0.125,0.125
69,69.0,69.0,0.125,0.125,0.125,0.125,0.125,0.125,0.125,0.125
70,70.0,70.0,0.125,0.125,0.125,0.125,0.125,0.125,0.125,0.125
71,71.0,71.0,0.125,0.125,0.125,0.125,0.125,0.125,0.125,0.125
72,72.0,72.0,0.125,0.125,0.125,0.125,0.125,0.125,0.125,0.125
73,73.0,73.0,0.125,0.125,0.125,0.125,0.125,0.125,0.125,0.125
74,74.0,74.0,0.125,0.125,0.125,0.125,0.125,0.125,0.125,0.125
75,75.0,75.0,0.125,0.125,0.125,0.125,0.125,0.125,0.125,0.125
76,76.0,76.0,0.125,0.125,0.125,0.125,0.125,0.125,0.125,0.125
77,77.0,77.0,0.125,0.125,0.125,0.125,0.125,0.125,0.125,0.125
78,78.0,78.0,0.125,0.125,0.125,0.125,0.125,0.125,0.125,0.125
79,79.0,79.0,0.125,0.125,0.125,0.125,0.125,0.125,0.125,0.125
80,80.0,80.0,0.125,0.125,0.125,0.125,0.125,0.125,0.125,0.125
81,81.0,81.0,0.125,0.125,0.125,0.125,0.125,0.125,0.125,0.125
82,82.0,82.0,0.125,0.125,0.125,0.125,0.125,0.125,0.125,0.125
83,83.0,83.0,0.125,0.125,0.125,0.125,0.125,0.125,0.125,0.125
84,84.0,84.0,0.125,0.125,0.125,0.125,0.125,0.125,0.125,0.125
85,85.0,85.0,0.125,0.125,0.125,0.125,0.125,0.125,0.125,0.125
86,86.0,86.0,0.125,0.125,0.125,0.125,0.125,0.125,0.125,0.125
87,87.0,87.0,0.125,0.125,0.125,0.125,0.125,0.125,0.125,0.125
88,88.0,88.0,0.125,0.125,0.125,0.125,0.125,0.125,0.125,0.125
89,89.0,89.0,0.125,0.125,0.125,0.125,0.125,0.125,0.125,0.125
90,90.0,90.0,0.125,0.125,0.125,0.125,0.125,0.125,0.125,0.125
91,91.0,91.0,0.125,0.125,0.125,0.125,0.125,0.125,0.125,0.125
92,92.0,92.0,0.125,0.125,0.125,0.125,0.125,0.125,0.125,0.125
93,93.0,93.0,0.125,0.125,0.125,0.125,0.125,0.125,0.125,0.125
94,94.0,94.0,0.125,0.125,0.125,0.125,0.125,0.125,0.125,0.125
95,95.0,95.0,0.125,0.125,0.125,0.125,0.125,0.125,0.125,0.125
96,96.0,96.0,0.125,0.125,0.125,0.125,0.125,0.125,0.125,0.125
97,97.0,97.0,0.125,0.125,0.125,0.125,0.125,0.125,0.125,0.125
98,98.0,98.0,0.125,0.125,0.125,0.125,0.125,0.125,0.125,0.125
99,99.0,99.0,0.125,0.125,0.125,0.125,0.125,0.125,0.125,0.125
100,100.0,100.0,0.125,0.125,0.125,0.125,0.125,0.125,0.125,0.125
101,101.0,101.0,0.125,0.125,0.125,0.125,0.125,0.125,0.125,0.125
102,102.0,102.0,0.125,0.125,0.125,0.125,0.125,0.125,0.125,0.125
103,103.0,103.0,0.125,0.125,0.125,0.125,0.125,0.125,0.125,0.125
104,104.0,104.0,0.125,0.125,0.125,0.125,0.125,0.125,0.125,0.125
105,105.0,105.0,0.125,0.125,0.125,0.125,0.125,0.125,0.125,0.125
106,106.0,106.0,0.125,0.125,0.125,0.125,0.125,0.125,0.125,0.125
107,107.0,107.0,0.125,0.125,0.125,0.125,0.125,0.125,0.125,0.125
108,108.0,108.0,0.125,0.125,0.125,0.125,0.125,0.125,0.125,0.125
109,109.0,109.0,0.125,0.125,0.125,0.125,0.125,0.125,0.125,0.125
110,110.0,110.0,0.125,0.125,0.125,0.125,0.125,0.125,0.125,0.125
111,111.0,111.0,0.125,0.125,0.125,0.125,0.125,0.125,0.125,0.125
112,112.0,112.0,0.125,0.125,0.125,0.125,0.125,0.125,0.125,0.125
113,113.0,113.0,0.125,0.125,0.125,0.125,0.125,0.125,0.125,0.125
114,114.0,114.0,0.125,0.125,0.125,0.125,0.125,0.125,0.125,0.125
115,115.0,115.0,0.125,0.125,0.125,0.125,0.125,0.125,0.125,0.125
116,116.0,116.0,0.125,0.125,0.125,0.125,0.125,0.125,0.125,0.125
117,117.0,117.0,0.125,0.125,0.125,0.125,0.125,0.125,0.125,0.125
118,118.0,118.0,0.125,0.125,0.125,0.125,0.125,0.125,0.125,0.125
119,119.0,119.0,0.125,0.125,0.125,0.125,0.125,0.125,0.125,0.125
120,120.0,120.0,0.125,0.125,0.125,0.125,0.125,0.125,0.125,0.125
121,121.0,121.0,0.125,0.125,0.125,0.125,0.125,0.125,0.125,0.125
122,122.0,122.0,0.125,0.125,0.125,0.125,0.125,0.125,0.125,0.125
123,123.0,123.0,0.125,0.125,0.125,0.125,0.125,0.125,0.125,0.125
124,124.0,124.0,0.125,0.125,0.125,0.125,0.125,0.125,0.125,0.125
125,125.0,125.0,0.125,0.125,0.125,0.125,0.125,0.125,0.125,0.125
126,126.0,126.0,0.125,0.125,0.125,0.125,0.125,0.125,0.125,0.125
127,127.0,127.0,0.125,0.125,0.125,0.125,0.125,0.125,0.125,0.125
128,128.0,128.0,0.125,0.125,0.125,0.125,0.125,0.125,0.125,0.125
129,129.0,129.0,0.125,0.125,0.125,0.125,0.125,0.125,0.125,0.125
130,130.0,130.0,0.125,0.125,0.125,0.125,0.125,0.125,0.125,0.125
131,131.0,131.0,0.125,0.125,0.125,0.125,0.125,0.125,0.125,0.125
132,132.0,132.0,0.125,0.125,0.125,0.125,0.125,0.125,0.125,0.125
133,133.0,133.0,0.125,0.125,0.125,0.125,0.125,0.125,0.125,0.125
134,134.0,134.0,0.125,0.125,0.125,0.125,0.125,0.125,0.125,0.125
135,135.0,135.0,0.125,0.125,0.125,0.125,0.125,0.125,0.125,0.125
136,136.0,136.0,0.125,0.125,0.125,0.125,0.125,0.125,0.125,0.125
137,137.0,137.0,0.125,0.125,0.125,0.125,0.125,0.125,0.125,0.125
138,138.0,138.0,0.125,0.125,0.125,0.125,0.125,0.125,0.125,0.125
139,139.0,139.0,0.125,0.125,0.125,0.125,0.125,0.125,0.125,0.125
140,140.0,140.0,0.125,0.125,0.125,0.125,0.125,0.125,0.125,0.125
141,141.0,141.0,0.125,0.125,0.125,0.125,0.125,0.125,0.125,0.125
142,142.0,142.0,0.125,0.125,0.125,0.125,0.125,0.125,0.125,0.125
143,143.0,143.0,0.125,0.125,0.125,0.125,0.125,0.125,0.125,0.125
144,144.0,144.0,0.125,0.125,0.125,0.125,0.125,0.125,0.125,0.125
145,145.0,145.0,0.125,0.125,0.125,0.125,0.125,0.125,0.125,0.125
146,146.0,146.0,0.125,0.125,0.125,0.125,0.125,0.125,0.125,0.125
147,147.0,147.0,0.125,0.125,0.125,0.125,0.125,0.125,0.125,0.125
148,148.0,148.0,0.125,0.125,0.125,0.125,0.125,0.125,0.125,0.125
149,149.0,149.0,0.125,0.125,0.125,0.125,0.125,0.125,0.125,0.125
150,150.0,150.0,0.125,0.125,0.125,0.125,0.125,0.125,0.125,0.125
151,151.0,151.0,0.125,0.125,0.125,0.125,0.125,0.125,0.125,0.125
152,152.0,152.0,0.125,0.125,0.125,0.125,0.125,0.125,0.125,0.125
153,153.0,153.0,0.125,0.125,0.125,0.125,0.125,0.125,0.125,0.125
154,154.0,154.0,0.125,0.125,0.125,0.125,0.125,0.125,0.125,0.125
155,155.0,155.0,0.125,0.125,0.125,0.125,0.125,0.125,0.125,0.125
156,156.0,156.0,0.125,0.125,0.125,0.125,0.125,0.125,0.125,0.125
157,157.0,157.0,0.125,0.125,0.125,0.125,0.125,0.125,0.125,0.125
158,158.0,158.0,0.125,0.125,0.125,0.125,0.125,0.125,0.125,0.125
159,159.0,159.0,0.125,0.125,0.125,0.125,0.125,0.125,0.125,0.125
160,160.0,160.0,0.125,0.125,0.125,0.125,0.125,0.125,0.125,0.125
161,161.0,161.0,0.125,0.125,0.125,0.125,0.125,0.125,0.125,0.125
162,162.0,162.0,0.125,0.125,0.125,0.125,0.125,0.125,0.125,0.125
163,163.0,163.0,0.125,0.125,0.125,0.125,0.125,0.125,0.125,0.125
164,164.0,164.0,0.125,0.125,0.125,0.125,0.125,0.125,0.125,0.125
165,165.0,165.0,0.125,0.125,0.125,0.125,0.125,0.125,0.125,0.125
166,166.0,166.0,0.125,0.125,0.125,0.125,0.125,0.125,0.125,0.125
167,167.0,167.0,0.125,0.125,0.125,0.125,0.125,0.125,0.125,0.125
168,168.0,168.0,0.125,0.125,0.125,0.125,0.125,0.125,0.125,0.125
169,169.0,169.0,0.125,0.125,0.125,0.125,0.125,0.125,0.125,0.125
170,170.0,170.0,0.125,0.125,0.125,0.125,0.125,0.125,0.125,0.125
171,171.0,171.0,0.125,0.125,0.125,0.125,0.125,0.125,0.125,0.125
172,172.0,172.0,0.125,0.125,0.125,0.125,0.125,0.125,0.125,0.125
173,173.0,173.0,0.125,0.125,0.125,0.125,0.125,0.125,0.125,0.125
174,174.0,174.0,0.125,0.125,0.125,0.125,0.125,0.125,0.125,0.125
175,175.0,175.0,0.125,0.125,0.125,0.125,0.125,0.125,0.125,0.125
176,176.0,176.0,0.125,0.125,0.125,0.125,0.125,0.125,0.125,0.125
177,177.0,177.0,0.125,0.125,0.125,0.125,0.125,0.125,0.125,0.125
178,178.0,178.0,0.125,0.125,0.125,0.125,0.125,0.125,0.125,0.125
179,179.0,179.0,0.125,0.125,0.125,0.125,0.125,0.125,0.125,0.125
180,180.0,180.0,0.125,0.125,0.125,0.125,0.125,0.125,0.125,0.125
181,181.0,181.0,0.125,0.125,0.125,0.125,0.125,0.125,0.125,0.125
182,182.0,182.0,0.125,0.125,0.125,0.125,0.125,0.125,0.125,0.125
183,183.0,183.0,0.125,0.125,0.125,0.125,0.125,0.125,0.125,0.125
184,184.0,184.0,0.125,0.125,0.125,0.125,0.125,0.125,0.125,0.125
185,185.0,185.0,0.125,0.125,0.125,0.125,0.125,0.125,0.125,0.125
186,186.0,186.0,0.125,0.125,0.125,0.125,0.125,0.125,0.125,0.125
187,187.0,187.0,0.125,0.125,0.125,0.125,0.125,0.125,0.125,0.125
188,188.0,188.0,0.125,0.125,0.125,0.125,0.125,0.125,0.125,0.125
189,189.0,189.0,0.125,0.125,0.125,0.125,0.125,0.125,0.125,0.125
190,190.0,190.0,0.125,0.125,0.125,0.125,0.125,0.125,0.125,0.125
191,191.0,191.0,0.125,0.125,0.125,0.125,0.125,0.125,0.125,0.125
192,192.0,192.0,0.125,0.125,0.125,0.125,0.125,0.125,0.125,0.125
193,193.0,193.0,0.125,0.125,0.125,0.125,0.125,0.125,0.125,0.125
194,194.0,194.0,0.125,0.125,0.125,0.125,0.125,0.125,0.125,0.125
195,195.0,195.0,0.125,0.125,0.125,0.125,0.125,0.125,0.125,0.125
196,196.0,196.0,0.125,0.125,0.125,0.125,0.125,0.125,0.125,0.125
197,197.0,197.0,0.125,0.125,0.125,0.125,0.125,0.125,0.125,0.125
198,198.0,198.0,0.125,0.125,0.125,0.125,0.125,0.125,0.125,0.125
199,199.0,199.0,0.125,0.125,0.125,0.125,0.125,0.125,0.125,0.125
200,200.0,200.0,0.125,0.125,0.125,0.125,0.125,0.125,0.125,0.125
201,201.0,201.0,0.125,0.125,0.125,0.125,0.125,0.125,0.125,0.125
202,202.0,202.0,0.125,0.125,0.125,0.125,0.125,0.125,0.125,0.125
203,203.0,203.0,0.125,0.125,0.125,0.125,0.125,0.125,0.125,0.125
204,204.0,204.0,0.125,0.125,0.125,0.125,0.125,0.125,0.125,0.125
205,205.0,205.0,0.125,0.125,0.125,0.125,0.125,0.125,0.125,0.125
206,206.0,206.0,0.125,0.125,0.125,0.125,0.125,0.125,0.125,0.125
207,207.0,207.0,0.12361111111111112,0.12361111111111112,0.12361111111111112,0.12361111111111112,0.12361111111111112,0.13472222222222224,0.12361111111111112,0.12361111111111112
208,208.0,208.0,0.12361111111111112,0.12361111111111112,0.12361111111111112,0.12361111111111112,0.12361111111111112,0.13472222222222224,0.12361111111111112,0.12361111111111112
209,209.0,209.0,0.12361111111111112,0.12361111111111112,0.12361111111111112,0.12361111111111112,0.12361111111111112,0.13472222222222224,0.12361111111111112,0.12361111111111112
210,210.0,210.0,0.12250000000000001,0.12250000000000001,0.12250000000000001,0.12250000000000001,0.1325,0.1325,0.12250000000000001,0.12250000000000001
211,211.0,211.0,0.12250000000000001,0.12250000000000001,0.12250000000000001,0.12250000000000001,0.1325,0.1325,0.12250000000000001,0.12250000000000001
212,212.0,212.0,0.12111111111111113,0.12111111111111113,0.13222222222222224,0.12111111111111113,0.13111111111111112,0.13111111111111112,0.12111111111111113,0.12111111111111113
213,213.0,213.0,0.12000000000000002,0.13,0.13,0.12000000000000002,0.13,0.13,0.12000000000000002,0.12000000000000002
214,214.0,214.0,0.12000000000000002,0.13,0.13,0.12000000000000002,0.13,0.13,0.12000000000000002,0.12000000000000002
215,215.0,215.0,0.12000000000000002,0.13,0.13,0.12000000000000002,0.13,0.13,0.12000000000000002,0.12000000000000002
216,216.0,216.0,0.12000000000000002,0.13,0.13,0.12000000000000002,0.13,0.13,0.12000000000000002,0.12000000000000002
217,217.0,217.0,0.12000000000000002,0.13,0.13,0.12000000000000002,0.13,0.13,0.12000000000000002,0.12000000000000002
218,218.0,218.0,0.12000000000000002,0.13,0.13,0.12000000000000002,0.13,0.13,0.12000000000000002,0.12000000000000002
219,219.0,219.0,0.12000000000000002,0.13,0.13,0.12000000000000002,0.13,0.13,0.12000000000000002,0.12000000000000002
220,220.0,220.0,0.1190909090909091,0.13727272727272727,0.12818181818181817,0.1190909090909091,0.1290909090909091,0.1290909090909091,0.1190909090909091,0.1190909090909091
221,221.0,221.0,0.1190909090909091,0.13727272727272727,0.12818181818181817,0.1190909090909091,0.1290909090909091,0.1290909090909091,0.1190909090909091,0.1190909090909091
222,222.0,222.0,0.11833333333333333,0.14333333333333334,0.12666666666666665,0.11833333333333333,0.12833333333333333,0.12833333333333333,0.11833333333333333,0.11833333333333333
223,223.0,223.0,0.11833333333333333,0.14333333333333334,0.12666666666666665,0.11833333333333333,0.12833333333333333,0.12833333333333333,0.11833333333333333,0.11833333333333333
224,224.0,224.0,0.11630341880341881,0.1470726495726496,0.1239957264957265,0.11630341880341881,0.1263034188034188,0.1263034188034188,0.1274145299145299,0.11630341880341881
225,225.0,225.0,0.11630341880341881,0.1470726495726496,0.1239957264957265,0.11630341880341881,0.1263034188034188,0.1263034188034188,0.1274145299145299,0.11630341880341881
226,226.0,226.0,0.11630341880341881,0.1470726495726496,0.1239957264957265,0.11630341880341881,0.1263034188034188,0.1263034188034188,0.1274145299145299,0.11630341880341881
227,227.0,227.0,0.11630341880341881,0.1470726495726496,0.1239957264957265,0.11630341880341881,0.1263034188034188,0.1263034188034188,0.1274145299145299,0.11630341880341881
228,228.0,228.0,0.11630341880341881,0.1470726495726496,0.1239957264957265,0.11630341880341881,0.1263034188034188,0.1263034188034188,0.1274145299145299,0.11630341880341881
229,229.0,229.0,0.11575396825396826,0.15146825396825397,0.12289682539682541,0.11575396825396826,0.12575396825396826,0.12575396825396826,0.12686507936507935,0.11575396825396826
230,230.0,230.0,0.11527777777777777,0.1552777777777778,0.12194444444444445,0.11527777777777777,0.12527777777777777,0.12527777777777777,0.12638888888888888,0.11527777777777777
231,231.0,231.0,0.11486111111111112,0.15861111111111112,0.12111111111111113,0.11486111111111112,0.12486111111111112,0.12486111111111112,0.12597222222222224,0.11486111111111112
232,232.0,232.0,0.1144934640522876,0.16155228758169934,0.12037581699346407,0.1144934640522876,0.12449346405228759,0.12449346405228759,0.12560457516339868,0.1144934640522876
233,233.0,233.0,0.11305555555555555,0.16305555555555556,0.11861111111111111,0.11305555555555555,0.12305555555555554,0.12305555555555554,0.12305555555555556,0.12305555555555556
234,234.0,234.0,0.11185406698564596,0.16448564593301435,0.11711722488038276,0.11185406698564596,0.12185406698564594,0.11185406698564596,0.12094497607655504,0.1400358851674641
235,235.0,235.0,0.1115909090909091,0.1665909090909091,0.1165909090909091,0.1115909090909091,0.12159090909090908,0.1115909090909091,0.12068181818181818,0.13977272727272727
236,236.0,236.0,0.11044372294372293,0.16282467532467532,0.1152056277056277,0.11044372294372293,0.11953463203463204,0.1152056277056277,0.11953463203463202,0.1468073593073593
237,237.0,237.0,0.11587301587301586,0.1599206349206349,0.12063492063492062,0.10753968253968253,0.12698412698412698,0.11230158730158728,0.11587301587301586,0.14087301587301587
238,238.0,238.0,0.11459096459096459,0.15927960927960927,0.11999389499389498,0.11459096459096459,0.1257020757020757,0.11166056166056164,0.11523199023199023,0.13894993894993893
239,239.0,239.0,0.11394993894993895,0.15863858363858363,0.11871184371184369,0.11394993894993895,0.12506105006105006,0.11871184371184369,0.11394993894993895,0.137026862026862
240,240.0,240.0,0.1134004884004884,0.15808913308913308,0.1176129426129426,0.1134004884004884,0.12451159951159951,0.1176129426129426,0.11999389499389497,0.13537851037851034
241,241.0,241.0,0.1129242979242979,0.15761294261294262,0.11666056166056164,0.1129242979242979,0.12403540903540902,0.11666056166056164,0.12523199023199022,0.13394993894993895
242,242.0,242.0,0.1129242979242979,0.15761294261294262,0.11666056166056164,0.1129242979242979,0.12403540903540902,0.11666056166056164,0.12523199023199022,0.13394993894993895
243,243.0,243.0,0.1129242979242979,0.15761294261294262,0.11666056166056164,0.1129242979242979,0.12403540903540902,0.11666056166056164,0.12523199023199022,0.13394993894993895
244,244.0,244.0,0.1129242979242979,0.15761294261294262,0.11666056166056164,0.1129242979242979,0.12403540903540902,0.11666056166056164,0.12523199023199022,0.13394993894993895
245,245.0,245.0,0.1129242979242979,0.15761294261294262,0.11666056166056164,0.1129242979242979,0.12403540903540902,0.11666056166056164,0.12523199023199022,0.13394993894993895
246,246.0,246.0,0.11250763125763126,0.15719627594627594,0.12207722832722831,0.11250763125763126,0.12361874236874235,0.11582722832722832,0.12356532356532354,0.13269993894993895
247,247.0,247.0,0.1119235339823575,0.1587766808355044,0.1205413867178573,0.1119235339823575,0.12303464509346859,0.11465903377668082,0.12776063805475568,0.13138054755701814
248,248.0,248.0,0.11172590552385948,0.15620751087503007,0.12014612980086126,0.11172590552385948,0.1228370166349706,0.11426377685968478,0.12756300959625766,0.13553074518547664
249,249.0,249.0,0.11154474610356961,0.1580191050779286,0.11978381096028154,0.11154474610356961,0.12265585721468072,0.11390145801910508,0.12738185017596781,0.13516842634489692
250,250.0,250.0,0.11137807943690296,0.15568577174459527,0.1234504776269482,0.11137807943690296,0.12248919054801406,0.11356812468577174,0.12721518350930114,0.13483509301156357
251,251.0,251.0,0.11137807943690296,0.15568577174459527,0.1234504776269482,0.11137807943690296,0.12248919054801406,0.11356812468577174,0.12721518350930114,0.13483509301156357
252,252.0,252.0,0.10983534439416791,0.15214303670186025,0.12160005027652085,0.10983534439416791,0.12094645550527901,0.11571769733534439,0.1367835595776772,0.1331385118149824
253,253.0,253.0,0.10969289425171777,0.15014873470755824,0.12117269984917042,0.10969289425171777,0.12080400536282887,0.11899405061169765,0.13664110943522706,0.1328536115300821
254,254.0,254.0,0.10969289425171777,0.15014873470755824,0.12117269984917042,0.10969289425171777,0.12080400536282887,0.11899405061169765,0.13664110943522706,0.1328536115300821
255,255.0,255.0,0.10969289425171777,0.15014873470755824,0.12117269984917042,0.10969289425171777,0.12080400536282887,0.11899405061169765,0.13664110943522706,0.1328536115300821
256,256.0,256.0,0.10830400536282889,0.14875984581866936,0.11978381096028154,0.10830400536282889,0.11941511647393999,0.1287162728339199,0.13525222054633818,0.13146472264119322
257,257.0,257.0,0.10733534439416792,0.14964303670186024,0.11910005027652085,0.1173353443941679,0.11844645550527902,0.12321769733534438,0.1342835595776772,0.13063851181498237
258,258.0,258.0,0.10608178314060665,0.16024132730015084,0.1175615887380593,0.11608178314060665,0.11608178314060666,0.12167923579688285,0.13302999832411594,0.12924250041897098
259,259.0,259.0,0.10413132619014971,0.15910135616017967,0.1153465815230521,0.11322223528105879,0.1223131443719679,0.11855513767278472,0.1401704504645681,0.12715976833623893
260,260.0,260.0,0.10249302196563856,0.17152485220436536,0.11691024774189071,0.11082635529897192,0.11915968863230524,0.11591295227197862,0.1377745704824812,0.12539831140236818
261,261.0,261.0,0.10249302196563856,0.17152485220436536,0.11691024774189071,0.11082635529897192,0.11915968863230524,0.11591295227197862,0.13189221754130476,0.13128066434354463
262,262.0,262.0,0.10141025641025639,0.17076923076923073,0.1148290598290598,0.1097435897435897,0.12448717948717947,0.11982905982905982,0.12982905982905982,0.12910256410256407
263,263.0,263.0,0.10130272952853595,0.17216708023159633,0.11439895230217809,0.10963606286186929,0.12437965260545902,0.11950647918389852,0.12972153294733937,0.1288875103391232
264,264.0,264.0,0.10065247252747249,0.1718292124542124,0.11344627594627592,0.10898580586080583,0.12922390109890108,0.11865460927960927,0.12907127594627593,0.12813644688644685
265,265.0,265.0,0.10055777555777552,0.17306027306027302,0.11306748806748805,0.10889110889110887,0.1291292041292041,0.11837051837051835,0.12897657897657894,0.1279470529470529
266,266.0,266.0,0.10055777555777552,0.17306027306027302,0.11306748806748805,0.10889110889110887,0.1291292041292041,0.11837051837051835,0.12897657897657894,0.1279470529470529
267,267.0,267.0,0.09811531943760043,0.16971505114169647,0.11084812576373544,0.10752392158813809,0.13887312793734444,0.11624028262648053,0.13199535658588887,0.1266888149191155
268,268.0,268.0,0.09665701681830711,0.16943321911063844,0.1086114065146323,0.11606561896884475,0.13630371420694,0.11408759699082278,0.12948442238764818,0.12935700500216624
269,269.0,269.0,0.09665701681830711,0.16943321911063844,0.1086114065146323,0.11606561896884475,0.13630371420694,0.11408759699082278,0.12948442238764818,0.12935700500216624
270,270.0,270.0,0.09653118748863428,0.16933026784090613,0.10953796794222323,0.11592835060920166,0.1361664458472969,0.11395032863117967,0.12934715402800506,0.1292082976125529
271,271.0,271.0,0.09518145597092961,0.16911404385088594,0.10745155429365953,0.11365832997411943,0.14298733430312374,0.1167163830321725,0.1270338433496328,0.12785705522547625
272,272.0,272.0,0.09375200062700059,0.1678051884301884,0.10681661056661054,0.11146033396033392,0.1447936672936673,0.1151258126258126,0.12559342309342306,0.13465296340296334
273,273.0,273.0,0.09181061297176325,0.16688101101286124,0.10462963515052497,0.1088671818324558,0.14155948952476352,0.12303143862829154,0.12356111333051101,0.13965951754882838
274,274.0,274.0,0.0911100197053805,0.1637276512147646,0.1058578148655468,0.10816658856607306,0.14502556292504742,0.126091996491481,0.12199471919832743,0.13802564703337897
275,275.0,275.0,0.08902210016541494,0.1618659760186904,0.11026108529503205,0.10552921847665694,0.14551521287441602,0.12652409316718383,0.12729810400618796,0.1339842099964176
276,276.0,276.0,0.08769559199217229,0.1608005072205474,0.11249502250885197,0.11253604363674763,0.14745667855738256,0.12341226091540394,0.12373180663663437,0.13187208853225946
277,277.0,277.0,0.08642171362472113,0.1598339530144041,0.110457297088876,0.11061061995648458,0.1490962571263323,0.1282296675755322,0.12048817097689275,0.13486232063675668
278,278.0,278.0,0.08539988804108403,0.15911637642534648,0.10875244910128627,0.12002835481240792,0.1507060104900636,0.12522896815255619,0.11775205967896996,0.13301589329828528
279,279.0,279.0,0.08442977349954091,0.16245259047584626,0.10785797320681038,0.1184292924990599,0.1463922554620229,0.12353629574559803,0.11619153026129765,0.14071028884982367
280,280.0,280.0,0.08302422577422575,0.16560464535464534,0.11263711288711287,0.11908374958374957,0.148796953046953,0.12040118215118212,0.11328429903429901,0.13716783216783215
281,281.0,281.0,0.08452175653753227,0.16289272908629215,0.11191570116793584,0.11798151007591132,0.14945047447326443,0.1195655796011573,0.11253980559518528,0.1411324434627212
282,282.0,282.0,0.08355852141839715,0.1664584794744034,0.11323276147531713,0.1156601479978467,0.1478336445828875,0.11927885146662513,0.11029893548402236,0.14367865810050037
283,283.0,283.0,0.08267675878659857,0.17074318937221072,0.11458152562204246,0.11449149383393557,0.1516205376711501,0.1170773752204631,0.10820269491355772,0.14060642458004144
284,284.0,284.0,0.08197927662452038,0.16906531505326983,0.11837564881744403,0.12088801169405076,0.15013358182486142,0.11518866387854092,0.10642151045335597,0.13794799165395646
285,285.0,285.0,0.08149356557406842,0.17170622693155504,0.1169547474410783,0.11956133943613283,0.14964787077440944,0.1187847762051035,0.10499403174382516,0.1368574418938271
286,286.0,286.0,0.08090365995896684,0.1711690462138032,0.11549251473164515,0.12301325379650185,0.1483436794450221,0.11731674442352191,0.10392213658038466,0.13983896485015407
287,287.0,287.0,0.0808186259453614,0.17189183532944946,0.11527992969763154,0.12297073678969912,0.1482586454314167,0.11714667639631102,0.10387961957358191,0.1397539308365486
288,288.0,288.0,0.0808186259453614,0.17189183532944946,0.11527992969763154,0.12297073678969912,0.1482586454314167,0.11714667639631102,0.10387961957358191,0.1397539308365486
289,289.0,289.0,0.0806422963226032,0.17239631894107593,0.11450766624679665,0.12255113258438063,0.1480823158086585,0.11944553230230978,0.10336531839856647,0.13900941939560862
290,290.0,290.0,0.08045916287504944,0.17297732027364782,0.11512064930409724,0.12238817808219142,0.14788966399064973,0.11917444911175201,0.10320236389637724,0.1387882124662349
291,291.0,291.0,0.07945887445887442,0.17152763902763898,0.11490342990342987,0.12076590076590074,0.14887279387279384,0.11744838494838492,0.10927239427239425,0.13775058275058272
292,292.0,292.0,0.07848032914181635,0.17821347464965664,0.11329713830379755,0.11898849467217945,0.14865960085049984,0.11530390327393654,0.1068564110695076,0.14020064803860582
293,293.0,293.0,0.0782424493745248,0.17743002280738124,0.11263909046927911,0.11849851406455177,0.1463376874697629,0.11741896468311559,0.1101285506945884,0.13930472043679587
294,294.0,294.0,0.08117826617826615,0.17401505901505898,0.1132214082214082,0.11705128205128201,0.1436385836385836,0.1183272283272283,0.10798331298331296,0.14458485958485953
295,295.0,295.0,0.08076159951159949,0.17276505901505898,0.11280474155474154,0.12246794871794868,0.14322191697191694,0.11749389499389498,0.10673331298331297,0.1437515262515262
296,296.0,296.0,0.08591292314377771,0.1710431700498293,0.11307750579670665,0.12111593097164682,0.1408946013496513,0.11929628681016027,0.10882044867616451,0.13983913320206326
297,297.0,297.0,0.08549455799119313,0.17031224119061314,0.11326214633289378,0.12328056243157377,0.13891451182251352,0.11831658190409682,0.11140927280166343,0.13901012552545222
298,298.0,298.0,0.08444854944854943,0.16757342257342253,0.1124366624366624,0.12203906203906198,0.13680733680733678,0.12286507786507786,0.11315627815627811,0.14067361067361064
299,299.0,299.0,0.08431249062828008,0.1662623438939228,0.11623240794293424,0.12165097572992305,0.13660015423173316,0.12202397018186491,0.11276819184713918,0.14014946554420235
300,300.0,300.0,0.08418235760341022,0.1649995715785189,0.11810487757856176,0.12128226549279178,0.13640254482359743,0.12122389306599832,0.11415386757492019,0.1396506222822012
301,301.0,301.0,0.08396431690563293,0.1636974898980593,0.12061936262268433,0.12082107310595128,0.1361119068284522,0.12208407642131144,0.11366242715420187,0.1390393470637064
302,302.0,302.0,0.08390587155203852,0.16434038878759757,0.12041480388510398,0.12079185042915408,0.1360534614748578,0.12193796303732549,0.11360398180060749,0.13895167903331482
303,303.0,303.0,0.08375315282301639,0.16413503473238897,0.12212156154901088,0.12037854869396825,0.1358314268525099,0.1212281235369288,0.11409977097451258,0.13845238083766398
304,304.0,304.0,0.0836630627329263,0.1640531346504889,0.1219413813688307,0.12027207858749815,0.13573314675422982,0.12112984343864872,0.11488601176075337,0.13832134070662386
305,305.0,305.0,0.0835180842193037,0.16459416599660498,0.12156667857887367,0.12013926114535867,0.13558012448256346,0.12089207540427052,0.11470885821495576,0.139000751958069
306,306.0,306.0,0.0833730969129199,0.16439900807157443,0.12319308027272627,0.11974618302051927,0.1353691637762434,0.12110149437583065,0.11429997730882684,0.13851799626135908
307,307.0,307.0,0.08410952844245376,0.16421063840280484,0.12241321849644982,0.11936841208567031,0.13516526856796132,0.12277244990831279,0.11390668083446538,0.1380538032618816
308,308.0,308.0,0.08411317149497344,0.16178854597677075,0.12372447851484425,0.12140511733286037,0.13511605749785943,0.1223322974973287,0.1136989073964988,0.13782142428886404
309,309.0,309.0,0.08400616926932714,0.16233725338988494,0.12294293425872371,0.12107383844225945,0.13495855022170808,0.12385772122614225,0.11338988496883232,0.1374336482231219
310,310.0,310.0,0.08395786009058319,0.16224063503239702,0.12241153329254013,0.12078398336979568,0.13486193186422016,0.12327801108121472,0.11532225211859075,0.1371437931506581
311,311.0,311.0,0.083911606621573,0.16214812809437668,0.1219027451334282,0.12050646255573463,0.1347694249261998,0.12272296945309262,0.1150447313045297,0.13899393191106515
312,312.0,312.0,0.08386728038043825,0.16205947561210715,0.12141515648094592,0.12024050510892612,0.1346807724439303,0.12219105455947558,0.11686210719105453,0.1386836482231219
313,313.0,313.0,0.08386728038043825,0.16205947561210715,0.12141515648094592,0.12024050510892612,0.1346807724439303,0.12219105455947558,0.11686210719105453,0.1386836482231219
314,314.0,314.0,0.08386728038043825,0.16205947561210715,0.12141515648094592,0.12024050510892612,0.1346807724439303,0.12219105455947558,0.11686210719105453,0.1386836482231219
315,315.0,315.0,0.08053394704710493,0.16205947561210715,0.12141515648094592,0.12024050510892612,0.1346807724439303,0.12219105455947558,0.11686210719105453,0.14201698155645523
316,316.0,316.0,0.07914505815821601,0.16067058672321827,0.12002626759205703,0.11885161622003723,0.14440299466615253,0.1208021656705867,0.11547321830216564,0.14062809266756635
317,317.0,317.0,0.0779264201653845,0.15912936808522543,0.1188076295992255,0.11763297822720568,0.14390120255145716,0.11958352767775515,0.11382447278245238,0.14919440091129393
318,318.0,318.0,0.07782561371377159,0.16185114227877384,0.1187068231476126,0.11753217177559279,0.14238910577726363,0.11948272122614226,0.11332044052438786,0.14889198155645522
319,319.0,319.0,0.07778309670696888,0.1617661082651684,0.11823913607278266,0.11727706973477647,0.1423040717636582,0.12101333347104022,0.11302282147676881,0.14859436250883618
320,320.0,320.0,0.07683318947134736,0.16077538470301625,0.11688106557185503,0.11612308086650189,0.14040425729241518,0.12157363031705135,0.11182801628196364,0.15558137549584916
321,321.0,321.0,0.0833978414086773,0.16249619575470967,0.1184353975917443,0.1150355140215821,0.13739021985926006,0.12017233798193547,0.11032244587198144,0.15275004751010943
322,322.0,322.0,0.08318710204260074,0.16475092043506362,0.11771834374775547,0.11462098217213301,0.135886373501463,0.12137922393037479,0.11036801008028627,0.15208904409032284
323,323.0,323.0,0.08298432518829393,0.17234848701504518,0.11702648269824582,0.11610858291567461,0.13446334533680007,0.12065347198886558,0.10957391069134723,0.14684139416572722
324,324.0,324.0,0.08158796822589924,0.17044099897548168,0.11588680476611508,0.11699545984028739,0.1346987144400937,0.1194089722537998,0.11598378313895552,0.1449972983593673
325,325.0,325.0,0.08109292359292357,0.16946920196920195,0.11236886986886982,0.1273477798477798,0.13541745791745788,0.11897726147726144,0.11494957744957741,0.14037692787692785
326,326.0,326.0,0.07998974338180401,0.16794652245365888,0.11249517580249066,0.1328967798481625,0.1332401781487419,0.11833578528716795,0.11352568607920968,0.14157012899876414
327,327.0,327.0,0.07878567596833848,0.1667495765328582,0.11131567649756499,0.13151734359551695,0.1364149541548922,0.11753414155503936,0.11853601120241983,0.1391466204933697
328,328.0,328.0,0.07837801087801086,0.16850815850815848,0.11554681429681427,0.13056235431235427,0.1339355089355089,0.11711247086247083,0.11782342657342655,0.1381332556332556
329,329.0,329.0,0.07809120766340016,0.16945307811617968,0.11422860265106252,0.12858460612471304,0.1415457106767267,0.11635309432100875,0.11605168450088232,0.1356920159460266
330,330.0,330.0,0.07787475744694994,0.16923662789972949,0.11812470654716642,0.12793525547536239,0.1402470093780254,0.11613664410455853,0.11583523428443213,0.13460976486377552
331,331.0,331.0,0.07787475744694994,0.16923662789972949,0.11812470654716642,0.12793525547536239,0.1402470093780254,0.11613664410455853,0.11583523428443213,0.13460976486377552
332,332.0,332.0,0.0777813143047263,0.16862291234698953,0.11767412054779994,0.1275820720733985,0.14164548894723666,0.11737436979350373,0.1153030835083789,0.13401663847796622
333,333.0,333.0,0.07766869618579397,0.16931218633809114,0.11712882695207101,0.1272052790883617,0.14150154250750233,0.11678505271269712,0.11672978483017002,0.1336686313853125
334,334.0,334.0,0.07834366429378888,0.16871623424273877,0.11690415491612346,0.12705391106414285,0.14043435033675158,0.11664034868954447,0.11871375314760495,0.1331935833093048
335,335.0,335.0,0.07834366429378888,0.16871623424273877,0.11690415491612346,0.12705391106414285,0.14043435033675158,0.11664034868954447,0.11871375314760495,0.1331935833093048
336,336.0,336.0,0.07820305858487034,0.16814577368334807,0.11749132261397129,0.12690674883804626,0.13941436537535443,0.11649974298062596,0.1182766229591345,0.13506236496464893
337,337.0,337.0,0.07806633349450684,0.1675991188378185,0.11727072655586586,0.1267635721347795,0.13923842593594912,0.11636301789026245,0.11785627241695348,0.136842532733864
338,338.0,338.0,0.07803608546062905,0.1675386227700629,0.11863188808036676,0.12649133982987934,0.13917792986819352,0.11587904934821769,0.11761428814593111,0.1366307964967194
339,339.0,339.0,0.07800686278383184,0.16748017741646853,0.11825199328200323,0.1262283357387046,0.13911948451459916,0.11710640177369987,0.11738050673155356,0.13642623775913904
340,340.0,340.0,0.07797861419626125,0.16742368024132728,0.11955142831025183,0.125974098450569,0.1390629873394579,0.1166261757849993,0.1171545180309886,0.13622849764614467
341,341.0,341.0,0.07795129179188964,0.1690083796948792,0.11916891464904962,0.12572819681122474,0.13900834253071473,0.11616169491068236,0.11693593879601591,0.13603724081554358
342,342.0,342.0,0.07792485075540104,0.1689290565854133,0.11879874013820882,0.12549022748282707,0.1389554604577375,0.1173251005161821,0.11672441050410687,0.13585215356012317
343,343.0,343.0,0.07781670943435645,0.16878241040005743,0.11906888862771212,0.12675822543469598,0.13882171749818806,0.11678173134055485,0.11641801009448063,0.1355523071699542
344,344.0,344.0,0.07779190784705488,0.16870800563815266,0.12028416640548992,0.1265102095616801,0.13877211432358488,0.11633530276912626,0.11621959739606795,0.13537869605884306
345,345.0,345.0,0.07788281191425203,0.16504132390035026,0.12038335959735551,0.12786575774912484,0.14111170720197086,0.11618996678327305,0.11614223223249587,0.13538284062117728
346,346.0,346.0,0.07775055148684258,0.16576678196070016,0.12144433803705983,0.12752961976541236,0.14009755089266554,0.11708891944435311,0.11559427638939099,0.13472796202357512
347,347.0,347.0,0.07772793728512391,0.16569893935554414,0.1225976623247125,0.12728086354650686,0.14005232248922816,0.1166592496116982,0.11541336277564156,0.13456966261154438
348,348.0,348.0,0.07770598820698518,0.16563309212112798,0.12371706530978713,0.12703942368698098,0.14000842433295074,0.11624221712706255,0.11523777015053183,0.13441601906457334
349,349.0,349.0,0.07768467533400991,0.16556915350220217,0.12335474646920741,0.12680498208425292,0.13996579858700017,0.1158372725405323,0.11506726716672959,0.13571610431606523
350,350.0,350.0,0.07766397140026249,0.16550704170095992,0.12300277959550139,0.1265772388130314,0.13992439071950535,0.11544389779933147,0.11633020712532174,0.13555047284608596
351,351.0,351.0,0.07759554149717247,0.16501189691922602,0.12261241810287413,0.12630760166648058,0.14118849709690012,0.11642174556223742,0.11585926553374329,0.13500303362136565
352,352.0,352.0,0.07749473983681662,0.16488447006589255,0.12428742879695993,0.1260049326339125,0.14106813362120785,0.11594926941048878,0.1155832216941528,0.13472780394056874
353,353.0,353.0,0.07749473983681662,0.16488447006589255,0.12428742879695993,0.1260049326339125,0.14106813362120785,0.11594926941048878,0.1155832216941528,0.13472780394056874
354,354.0,354.0,0.07739574348918543,0.16475972511748713,0.12592383196274573,0.12570952595957555,0.14095011139838637,0.11548878143424265,0.11531356362059009,0.13445871701778683
355,355.0,355.0,0.07737723182683816,0.1647041901304453,0.12692346172949878,0.12550589767375547,0.14091308807369182,0.1151185481872971,0.11514695865946459,0.1343106237190086
356,356.0,356.0,0.07737723182683816,0.1647041901304453,0.12692346172949878,0.12550589767375547,0.14091308807369182,0.1151185481872971,0.11514695865946459,0.1343106237190086
357,357.0,357.0,0.07759368204328838,0.16492064034689552,0.12302735783339487,0.12615524832310612,0.14221178937239315,0.11533499840374731,0.11536340887591481,0.13539287480125967
358,358.0,358.0,0.07737723182683816,0.1647041901304453,0.12237800718404421,0.13005135221921002,0.14091308807369182,0.1151185481872971,0.11514695865946459,0.1343106237190086
359,359.0,359.0,0.07717960336834014,0.16450656167194727,0.12178512180855014,0.1292608383852179,0.1397273173227037,0.11492091972879907,0.11494933020096657,0.137670307513475
360,360.0,360.0,0.07717960336834014,0.16450656167194727,0.12178512180855014,0.1292608383852179,0.1397273173227037,0.11492091972879907,0.11494933020096657,0.137670307513475
361,361.0,361.0,0.07699844394805026,0.16432540225165743,0.12124164354768059,0.12853620070405852,0.13864036080096456,0.11473976030850921,0.11476817078067669,0.14075001765840253
362,362.0,362.0,0.07698042593003225,0.16427134819760336,0.12221461652065355,0.1283380025058603,0.1386043247649285,0.11437939994814886,0.11460600861851453,0.14060587351425838
363,363.0,363.0,0.07696288207038313,0.16553450609234022,0.12184619546802197,0.12814502004971995,0.13856923704563026,0.1140285227551664,0.11444811388167242,0.1404655226370654
