,Unnamed: 0,Total_iterations,Intertwine_two,Add_vertex,Delete_vertex,Invert_path_vertices,Insert_inside_vertex,Delete_inside_vertex,Replace_inside_vertex,Donate_between_routes
0,0.0,0.0,0.125,0.125,0.125,0.125,0.125,0.125,0.125,0.125
1,1.0,0.10900000000000001,0.125,0.125,0.125,0.125,0.125,0.125,0.125,0.125
2,2.0,0.31601,0.125,0.125,0.125,0.125,0.125,0.125,0.125,0.125
3,3.0,0.6191589000000001,0.125,0.125,0.125,0.125,0.125,0.125,0.125,0.125
4,4.0,1.015801321,0.125,0.125,0.125,0.125,0.125,0.125,0.125,0.125
5,5.0,1.50262148669,0.125,0.125,0.125,0.125,0.125,0.125,0.125,0.125
6,6.0,2.0757334209441005,0.125,0.125,0.125,0.125,0.125,0.125,0.125,0.125
7,7.0,2.7307768275633495,0.125,0.125,0.125,0.125,0.125,0.125,0.125,0.125
8,8.0,3.4630081252450404,0.125,0.125,0.125,0.125,0.125,0.125,0.125,0.125
9,9.0,4.2673862119061114,0.125,0.125,0.125,0.125,0.125,0.125,0.125,0.125
10,10.0,5.138652627782014,0.125,0.125,0.125,0.125,0.125,0.125,0.125,0.125
11,11.0,6.071405875792507,0.125,0.125,0.125,0.125,0.125,0.125,0.125,0.125
12,12.0,7.060169740244025,0.125,0.125,0.125,0.125,0.125,0.125,0.125,0.125
13,13.0,8.099455520847952,0.125,0.125,0.125,0.125,0.125,0.125,0.125,0.125
14,14.0,9.183818168183006,0.125,0.125,0.125,0.125,0.125,0.125,0.125,0.125
15,15.0,10.307906369102724,0.125,0.125,0.125,0.125,0.125,0.125,0.125,0.125
16,16.0,11.466506686239443,0.125,0.125,0.125,0.125,0.125,0.125,0.125,0.125
17,17.0,12.654581904800096,0.125,0.125,0.125,0.125,0.125,0.125,0.125,0.125
18,18.0,13.867303782456686,0.125,0.125,0.125,0.125,0.125,0.125,0.125,0.125
19,19.0,15.100080434523047,0.125,0.125,0.125,0.125,0.125,0.125,0.125,0.125
20,20.0,16.348578617037543,0.125,0.125,0.125,0.125,0.125,0.125,0.125,0.125
21,21.0,17.608741195130214,0.125,0.125,0.125,0.125,0.125,0.125,0.125,0.125
22,22.0,18.876800103462312,0.125,0.125,0.125,0.125,0.125,0.125,0.125,0.125
23,23.0,20.14928511992658,0.125,0.125,0.125,0.125,0.125,0.125,0.125,0.125
24,24.0,21.423028783545156,0.125,0.125,0.125,0.125,0.125,0.125,0.125,0.125
25,25.0,22.695167792966423,0.125,0.125,0.125,0.125,0.125,0.125,0.125,0.125
26,26.0,23.963141223515898,0.125,0.125,0.125,0.125,0.125,0.125,0.125,0.125
27,27.0,25.224685898775267,0.125,0.125,0.125,0.125,0.125,0.125,0.125,0.125
28,28.0,26.477829247520948,0.125,0.125,0.125,0.125,0.125,0.125,0.125,0.125
29,29.0,27.720879968916847,0.125,0.125,0.125,0.125,0.125,0.125,0.125,0.125
30,30.0,28.95241681848399,0.125,0.125,0.125,0.125,0.125,0.125,0.125,0.125
31,31.0,30.17127581490958,0.125,0.125,0.125,0.125,0.125,0.125,0.125,0.125
32,32.0,31.376536153543515,0.125,0.125,0.125,0.125,0.125,0.125,0.125,0.125
33,33.0,32.567505096778625,0.125,0.125,0.125,0.125,0.125,0.125,0.125,0.125
34,34.0,33.74370209472243,0.125,0.125,0.125,0.125,0.125,0.125,0.125,0.125
35,35.0,34.90484237192463,0.125,0.125,0.125,0.125,0.125,0.125,0.125,0.125
36,36.0,36.05082019768737,0.125,0.125,0.125,0.125,0.125,0.125,0.125,0.125
37,37.0,37.18169203889697,0.125,0.125,0.125,0.125,0.125,0.125,0.125,0.125
38,38.0,38.29765977559663,0.125,0.125,0.125,0.125,0.125,0.125,0.125,0.125
39,39.0,39.399054140870355,0.125,0.125,0.125,0.125,0.125,0.125,0.125,0.125
40,40.0,40.48631852820801,0.125,0.125,0.125,0.125,0.125,0.125,0.125,0.125
41,41.0,41.55999329152982,0.125,0.125,0.125,0.125,0.125,0.125,0.125,0.125
42,42.0,42.62070064560415,0.125,0.125,0.125,0.125,0.125,0.125,0.125,0.125
43,43.0,43.669130257815,0.125,0.125,0.125,0.125,0.125,0.125,0.125,0.125
44,44.0,44.70602560622662,0.125,0.125,0.125,0.125,0.125,0.125,0.125,0.125
45,45.0,45.73217116373481,0.125,0.125,0.125,0.125,0.125,0.125,0.125,0.125
46,46.0,46.748380453854836,0.125,0.125,0.125,0.125,0.125,0.125,0.125,0.125
47,47.0,47.755485010424316,0.125,0.125,0.125,0.125,0.125,0.125,0.125,0.125
48,48.0,48.7543242612326,0.125,0.125,0.125,0.125,0.125,0.125,0.125,0.125
49,49.0,49.745736344347726,0.125,0.125,0.125,0.125,0.125,0.125,0.125,0.125
50,50.0,50.730549855707864,0.125,0.125,0.125,0.125,0.125,0.125,0.125,0.125
51,51.0,51.70957651737491,0.125,0.125,0.125,0.125,0.125,0.125,0.125,0.125
52,52.0,52.68360474770151,0.125,0.125,0.125,0.125,0.125,0.125,0.125,0.125
53,53.0,53.65339410751842,0.125,0.125,0.125,0.125,0.125,0.125,0.125,0.125
54,54.0,54.61967059027847,0.125,0.125,0.125,0.125,0.125,0.125,0.125,0.125
55,55.0,55.58312271885972,0.125,0.125,0.125,0.125,0.125,0.125,0.125,0.125
56,56.0,56.544398407394254,0.125,0.125,0.125,0.125,0.125,0.125,0.125,0.125
57,57.0,57.504102543001395,0.125,0.125,0.125,0.125,0.125,0.125,0.125,0.125
58,58.0,58.462795239617805,0.125,0.125,0.125,0.125,0.125,0.125,0.125,0.125
59,59.0,59.42099071417639,0.125,0.125,0.125,0.125,0.125,0.125,0.125,0.125
60,60.0,60.379156734137354,0.125,0.125,0.125,0.125,0.125,0.125,0.125,0.125
61,61.0,61.337714584760846,0.125,0.125,0.125,0.125,0.125,0.125,0.125,0.125
62,62.0,62.29703950447439,0.125,0.125,0.125,0.125,0.125,0.125,0.125,0.125
63,63.0,63.257461537171835,0.125,0.125,0.125,0.125,0.125,0.125,0.125,0.125
64,64.0,64.21926675122782,0.125,0.125,0.125,0.125,0.125,0.125,0.125,0.125
65,65.0,65.18269877636592,0.125,0.125,0.125,0.125,0.125,0.125,0.125,0.125
66,66.0,66.14796061122655,0.125,0.125,0.125,0.125,0.125,0.125,0.125,0.125
67,67.0,67.11521665648885,0.125,0.125,0.125,0.125,0.125,0.125,0.125,0.125
68,68.0,68.08459493066005,0.125,0.125,0.125,0.125,0.125,0.125,0.125,0.125
69,69.0,69.05618942810752,0.125,0.125,0.125,0.125,0.125,0.125,0.125,0.125
70,70.0,70.03006258152917,0.125,0.125,0.125,0.125,0.125,0.125,0.125,0.125
71,71.0,71.00624779379335,0.125,0.125,0.125,0.125,0.125,0.125,0.125,0.125
72,72.0,71.98475200689319,0.125,0.125,0.125,0.125,0.125,0.125,0.125,0.125
73,73.0,72.96555827861411,0.125,0.125,0.125,0.125,0.125,0.125,0.125,0.125
74,74.0,73.94862834037681,0.125,0.125,0.125,0.125,0.125,0.125,0.125,0.125
75,75.0,74.93390511255946,0.125,0.125,0.125,0.125,0.125,0.125,0.125,0.125
76,76.0,75.92131515639825,0.125,0.125,0.125,0.125,0.125,0.125,0.125,0.125
77,77.0,76.91077104428919,0.125,0.125,0.125,0.125,0.125,0.125,0.125,0.125
78,78.0,77.90217363294813,0.125,0.125,0.125,0.125,0.125,0.125,0.125,0.125
79,79.0,78.89541422641172,0.125,0.125,0.125,0.125,0.125,0.125,0.125,0.125
80,80.0,79.89037661826481,0.125,0.125,0.125,0.125,0.125,0.125,0.125,0.125
81,81.0,80.88693900474995,0.125,0.125,0.125,0.125,0.125,0.125,0.125,0.125
82,82.0,81.88497576253909,0.125,0.125,0.125,0.125,0.125,0.125,0.125,0.125
83,83.0,82.88435908692391,0.125,0.125,0.125,0.125,0.125,0.125,0.125,0.125
84,84.0,83.88496048800103,0.125,0.125,0.125,0.125,0.125,0.125,0.125,0.125
85,85.0,84.88665214409042,0.125,0.125,0.125,0.125,0.125,0.125,0.125,0.125
86,86.0,85.88930811312994,0.125,0.125,0.125,0.125,0.125,0.125,0.125,0.125
87,87.0,86.89280540413424,0.125,0.125,0.125,0.125,0.125,0.125,0.125,0.125
88,88.0,87.89702491199675,0.125,0.125,0.125,0.125,0.125,0.125,0.125,0.125
89,89.0,88.90185221995306,0.125,0.125,0.125,0.125,0.125,0.125,0.125,0.125
90,90.0,89.90717827491419,0.125,0.125,0.125,0.125,0.125,0.125,0.125,0.125
91,91.0,90.91289994163006,0.125,0.125,0.125,0.125,0.125,0.125,0.125,0.125
92,92.0,91.91892044225806,0.125,0.125,0.125,0.125,0.125,0.125,0.125,0.125
93,93.0,92.92514968840067,0.125,0.125,0.125,0.125,0.125,0.125,0.125,0.125
94,94.0,93.93150451304501,0.125,0.125,0.125,0.125,0.125,0.125,0.125,0.125
95,95.0,94.93790881009448,0.125,0.125,0.125,0.125,0.125,0.125,0.125,0.125
96,96.0,95.94429358933806,0.125,0.125,0.125,0.125,0.125,0.125,0.125,0.125
97,97.0,96.9505969547639,0.125,0.125,0.125,0.125,0.125,0.125,0.125,0.125
98,98.0,97.9567640140995,0.125,0.125,0.125,0.125,0.125,0.125,0.125,0.125
99,99.0,98.96274672736057,0.125,0.125,0.125,0.125,0.125,0.125,0.125,0.125
100,100.0,99.96850370202192,0.125,0.125,0.125,0.125,0.125,0.125,0.125,0.125
101,101.0,100.97399994219691,0.125,0.125,0.125,0.125,0.125,0.125,0.125,0.125
102,102.0,101.97920655893245,0.125,0.125,0.125,0.125,0.125,0.125,0.125,0.125
103,103.0,102.98410044840509,0.125,0.125,0.125,0.125,0.125,0.125,0.125,0.125
104,104.0,103.98866394444643,0.125,0.125,0.125,0.125,0.125,0.125,0.125,0.125
105,105.0,104.99288445143917,0.125,0.125,0.125,0.125,0.125,0.125,0.125,0.125
106,106.0,105.99675406321822,0.125,0.125,0.125,0.125,0.125,0.125,0.125,0.125
107,107.0,107.0002691731872,0.125,0.125,0.125,0.125,0.125,0.125,0.125,0.125
108,108.0,108.0034300804274,0.125,0.125,0.125,0.125,0.125,0.125,0.125,0.125
109,109.0,109.00624059613932,0.125,0.125,0.125,0.125,0.125,0.125,0.125,0.125
110,110.0,110.00870765431864,0.125,0.125,0.125,0.125,0.125,0.125,0.125,0.125
111,111.0,111.01084093013685,0.125,0.125,0.125,0.125,0.125,0.125,0.125,0.125
112,112.0,112.01265246907188,0.125,0.125,0.125,0.125,0.125,0.125,0.125,0.125
113,113.0,113.01415632942268,0.125,0.125,0.125,0.125,0.125,0.125,0.125,0.125
114,114.0,114.01536824044418,0.125,0.125,0.125,0.125,0.125,0.125,0.125,0.125
115,115.0,115.01630527795908,0.125,0.125,0.125,0.125,0.125,0.125,0.125,0.125
116,116.0,116.0169855589429,0.125,0.125,0.125,0.125,0.125,0.125,0.125,0.125
117,117.0,117.01742795623892,0.125,0.125,0.125,0.125,0.125,0.125,0.125,0.125
118,118.0,118.01765183424293,0.125,0.125,0.125,0.125,0.125,0.125,0.125,0.125
119,119.0,119.01767680610413,0.125,0.125,0.125,0.125,0.125,0.125,0.125,0.125
120,120.0,120.01752251271817,0.125,0.125,0.125,0.125,0.125,0.125,0.125,0.125
121,121.0,121.01720842354362,0.125,0.125,0.125,0.125,0.125,0.125,0.125,0.125
122,122.0,122.01675365905109,0.125,0.125,0.125,0.125,0.125,0.125,0.125,0.125
123,123.0,123.0161768344173,0.125,0.125,0.125,0.125,0.125,0.125,0.125,0.125
124,124.0,124.01549592390272,0.125,0.125,0.125,0.125,0.125,0.125,0.125,0.125
125,125.0,125.01472814520056,0.125,0.125,0.125,0.125,0.125,0.125,0.125,0.125
126,126.0,126.01388986291661,0.125,0.125,0.125,0.125,0.125,0.125,0.125,0.125
127,127.0,127.0129965102319,0.125,0.125,0.125,0.125,0.125,0.125,0.125,0.125
128,128.0,128.01206252771334,0.125,0.125,0.125,0.125,0.125,0.125,0.125,0.125
129,129.0,129.0111013181695,0.125,0.125,0.125,0.125,0.125,0.125,0.125,0.125
130,130.0,130.01012521639834,0.125,0.125,0.125,0.125,0.125,0.125,0.125,0.125
131,131.0,131.0091454726403,0.125,0.125,0.125,0.125,0.125,0.125,0.125,0.125
132,132.0,132.0081722485317,0.125,0.125,0.125,0.125,0.125,0.125,0.125,0.125
133,133.0,133.00721462434865,0.125,0.125,0.125,0.125,0.125,0.125,0.125,0.125
134,134.0,134.0062806163404,0.125,0.125,0.125,0.125,0.125,0.125,0.125,0.125
135,135.0,135.00537720296956,0.125,0.125,0.125,0.125,0.125,0.125,0.125,0.125
136,136.0,136.00451035890612,0.125,0.125,0.125,0.125,0.125,0.125,0.125,0.125
137,137.0,137.00368509565993,0.125,0.125,0.125,0.125,0.125,0.125,0.125,0.125
138,138.0,138.0029055077818,0.125,0.125,0.125,0.125,0.125,0.125,0.125,0.125
139,139.0,139.00217482361367,0.125,0.125,0.125,0.125,0.125,0.125,0.125,0.125
140,140.0,140.0014954596262,0.125,0.125,0.125,0.125,0.125,0.125,0.125,0.125
141,141.0,141.00086907744122,0.125,0.125,0.125,0.125,0.125,0.125,0.125,0.125
142,142.0,142.0002966427003,0.125,0.125,0.125,0.125,0.125,0.125,0.125,0.125
143,143.0,142.99977848500652,0.125,0.125,0.125,0.125,0.125,0.125,0.125,0.125
144,144.0,143.99931435823203,0.125,0.125,0.125,0.125,0.125,0.125,0.125,0.125
145,145.0,144.99890350055264,0.125,0.125,0.125,0.125,0.125,0.125,0.125,0.125
146,146.0,145.9985446936357,0.125,0.125,0.125,0.125,0.125,0.125,0.125,0.125
147,147.0,146.99823632047406,0.125,0.125,0.125,0.125,0.125,0.125,0.125,0.125
148,148.0,147.99797642142389,0.125,0.125,0.125,0.125,0.125,0.125,0.125,0.125
149,149.0,148.99776274806447,0.125,0.125,0.125,0.125,0.125,0.125,0.125,0.125
150,150.0,149.99759281456036,0.125,0.125,0.125,0.125,0.125,0.125,0.125,0.125
151,151.0,150.99746394626104,0.125,0.125,0.125,0.125,0.125,0.125,0.125,0.125
152,152.0,151.99737332532905,0.125,0.125,0.125,0.125,0.125,0.125,0.125,0.125
153,153.0,152.99731803323698,0.125,0.125,0.125,0.125,0.125,0.125,0.125,0.125
154,154.0,153.99729509002177,0.125,0.125,0.125,0.125,0.125,0.125,0.125,0.125
155,155.0,154.99730149022784,0.125,0.125,0.125,0.125,0.125,0.125,0.125,0.125
156,156.0,155.99733423551103,0.125,0.125,0.125,0.125,0.125,0.125,0.125,0.125
157,157.0,156.99739036391077,0.125,0.125,0.125,0.125,0.125,0.125,0.125,0.125
158,158.0,157.99746697583146,0.125,0.125,0.125,0.125,0.125,0.125,0.125,0.125
159,159.0,158.99756125680176,0.125,0.125,0.125,0.125,0.125,0.125,0.125,0.125
160,160.0,159.997670497107,0.125,0.125,0.125,0.125,0.125,0.125,0.125,0.125
161,161.0,160.99779210841066,0.125,0.125,0.125,0.125,0.125,0.125,0.125,0.125
162,162.0,161.99792363749984,0.125,0.125,0.125,0.125,0.125,0.125,0.125,0.125
163,163.0,162.9980627773051,0.125,0.125,0.125,0.125,0.125,0.125,0.125,0.125
164,164.0,163.9982073753568,0.125,0.125,0.125,0.125,0.125,0.125,0.125,0.125
165,165.0,164.99835543984977,0.125,0.125,0.125,0.125,0.125,0.125,0.125,0.125
166,166.0,165.99850514349492,0.125,0.125,0.125,0.125,0.125,0.125,0.125,0.125
167,167.0,166.99865482534062,0.125,0.125,0.125,0.125,0.125,0.125,0.125,0.125
168,168.0,167.99880299074837,0.125,0.125,0.125,0.125,0.125,0.125,0.125,0.125
169,169.0,168.99894830970783,0.125,0.125,0.125,0.125,0.125,0.125,0.125,0.125
170,170.0,169.99908961367427,0.125,0.125,0.125,0.125,0.125,0.125,0.125,0.125
171,171.0,170.99922589110733,0.125,0.125,0.125,0.125,0.125,0.125,0.125,0.125
172,172.0,171.99935628188598,0.125,0.125,0.125,0.125,0.125,0.125,0.125,0.125
173,173.0,172.99948007076793,0.125,0.125,0.125,0.125,0.125,0.125,0.125,0.125
174,174.0,173.99959668005403,0.125,0.125,0.125,0.125,0.125,0.125,0.125,0.125
175,175.0,174.99970566161096,0.125,0.125,0.125,0.125,0.125,0.125,0.125,0.125
176,176.0,175.9998066883961,0.125,0.125,0.125,0.125,0.125,0.125,0.125,0.125
177,177.0,176.99989954561875,0.125,0.125,0.125,0.125,0.125,0.125,0.125,0.125
178,178.0,177.99998412166295,0.125,0.125,0.125,0.125,0.125,0.125,0.125,0.125
179,179.0,179.00006039888612,0.125,0.125,0.125,0.125,0.125,0.125,0.125,0.125
180,180.0,180.0001284443981,0.125,0.125,0.125,0.125,0.125,0.125,0.125,0.125
181,181.0,181.00018840091488,0.125,0.125,0.125,0.125,0.125,0.125,0.125,0.125
182,182.0,182.00024047777083,0.125,0.125,0.125,0.125,0.125,0.125,0.125,0.125
183,183.0,183.0002849421635,0.125,0.125,0.125,0.125,0.125,0.125,0.125,0.125
184,184.0,184.00032211069524,0.125,0.125,0.125,0.125,0.125,0.125,0.125,0.125
185,185.0,185.00035234126688,0.125,0.125,0.125,0.125,0.125,0.125,0.125,0.125
186,186.0,186.00037602536867,0.125,0.125,0.125,0.125,0.125,0.125,0.125,0.125
187,187.0,187.0003935808066,0.125,0.125,0.125,0.125,0.125,0.125,0.125,0.125
188,188.0,188.00040544489266,0.125,0.125,0.125,0.125,0.125,0.125,0.125,0.125
189,189.0,189.0004120681212,0.125,0.125,0.125,0.125,0.125,0.125,0.125,0.125
190,190.0,190.00041390834568,0.125,0.125,0.125,0.125,0.125,0.125,0.125,0.125
191,191.0,191.00041142546425,0.125,0.125,0.125,0.125,0.125,0.125,0.125,0.125
192,192.0,192.00040507661635,0.125,0.125,0.125,0.125,0.125,0.125,0.125,0.125
193,193.0,193.00039531188708,0.125,0.125,0.125,0.125,0.125,0.125,0.125,0.125
194,194.0,194.00038257051185,0.125,0.125,0.125,0.125,0.125,0.125,0.125,0.125
195,195.0,195.00036727756904,0.125,0.125,0.125,0.125,0.125,0.125,0.125,0.125
196,196.0,196.0003498411448,0.125,0.125,0.125,0.125,0.125,0.125,0.125,0.125
197,197.0,197.00033064995154,0.125,0.125,0.125,0.125,0.125,0.125,0.125,0.125
198,198.0,198.0003100713781,0.125,0.125,0.125,0.125,0.125,0.125,0.125,0.125
199,199.0,199.00028844994821,0.125,0.125,0.125,0.125,0.125,0.125,0.125,0.125
200,200.0,200.00026610616183,0.125,0.125,0.125,0.125,0.125,0.125,0.125,0.125
201,201.0,201.00024333569246,0.125,0.125,0.125,0.125,0.125,0.125,0.125,0.125
202,202.0,202.0002204089131,0.125,0.125,0.125,0.125,0.125,0.125,0.125,0.125
203,203.0,203.00019757072255,0.125,0.125,0.125,0.125,0.125,0.125,0.125,0.125
204,204.0,204.00017504064385,0.125,0.125,0.125,0.125,0.125,0.125,0.125,0.125
205,205.0,205.0001530131666,0.125,0.125,0.125,0.125,0.125,0.125,0.125,0.125
206,206.0,206.00013165830538,0.125,0.125,0.125,0.125,0.125,0.125,0.125,0.125
207,207.0,207.00011112234722,0.12486111111111112,0.12486111111111112,0.12486111111111112,0.12486111111111112,0.12486111111111112,0.12597222222222224,0.12486111111111112,0.12486111111111112
208,208.0,208.00009152876143,0.12472361111111113,0.12472361111111113,0.12472361111111113,0.12472361111111113,0.12472361111111113,0.12693472222222224,0.12472361111111113,0.12472361111111113
209,209.0,209.0000729792466,0.12458873611111114,0.12458873611111114,0.12458873611111114,0.12458873611111114,0.12458873611111114,0.12787884722222226,0.12458873611111114,0.12458873611111114
210,210.0,210.00005555489076,0.12434646125000003,0.12434646125000003,0.12434646125000003,0.12434646125000003,0.12534646125000004,0.12857477125000003,0.12434646125000003,0.12434646125000003
211,211.0,211.00003931742162,0.12410994926250003,0.12410994926250003,0.12410994926250003,0.12410994926250003,0.12609994926250004,0.12924035516250001,0.12410994926250003,0.12410994926250003
212,212.0,212.0000243105252,0.12374210009223614,0.12374210009223614,0.12485321120334725,0.12374210009223614,0.12670320009223615,0.12973308824323612,0.12374210009223614,0.12374210009223614
213,213.0,213.00001056121314,0.12327361483807628,0.12427361483807628,0.12537361483807627,0.12327361483807628,0.1271790938380763,0.13007921713346626,0.12327361483807628,0.12327361483807628
214,214.0,213.99999808122018,0.12281924196095165,0.12480924196095164,0.12588824196095164,0.12281924196095165,0.12763560727095166,0.13038994096333872,0.12281924196095165,0.12281924196095165
215,215.0,214.9999868684143,0.12238211395192997,0.12534321395192996,0.12639252395192996,0.12238211395192997,0.12807011328782997,0.13066569300059055,0.12238211395192997,0.12238211395192997
216,216.0,215.99997690820487,0.12196487760429114,0.12587035660429116,0.12688245250429114,0.12196487760429114,0.12848046757014214,0.1309072129041113,0.12196487760429114,0.12196487760429114
217,217.0,216.99996817493434,0.12156971611537329,0.1263860814253733,0.1273545636763733,0.12156971611537329,0.12886498174852168,0.13111550868823887,0.12156971611537329,0.12156971611537329
218,218.0,217.9999606332415,0.1211983736141935,0.1268863729500935,0.1278059180944835,0.1211983736141935,0.12922239469157806,0.13129181980707127,0.1211983736141935,0.1211983736141935
219,219.0,218.99995423938554,0.12085218162698974,0.12736777159284074,0.12823407788983784,0.12085218162698974,0.12955184239341302,0.13143758161594973,0.12085218162698974,0.12085218162698974
220,220.0,219.9999489425213,0.12044117793132737,0.12855462538265758,0.1284552627449402,0.12044117793132737,0.12976191781022126,0.13146348233687177,0.12044117793132737,0.12044117793132737
221,221.0,220.99994468591828,0.12005777191682705,0.12970997481239344,0.1286515946689011,0.12005777191682705,0.12994427559815552,0.13146306725324197,0.12005777191682705,0.12005777191682705
222,222.0,221.9999414081164,0.11962728029976002,0.13143147742981964,0.12867208048407994,0.11962728029976002,0.13002410636646633,0.13136321452059424,0.11962728029976002,0.11962728029976002
223,223.0,222.99993904401353,0.11922689837473543,0.13309984834453836,0.12867046357956677,0.11922689837473543,0.13007904632761474,0.13124304824933866,0.11922689837473543,0.11922689837473543
224,224.0,223.99993752588082,0.11865462753880783,0.1350776486416048,0.1283818763792819,0.11865462753880783,0.12990804370971404,0.13090281000305715,0.11976573864991893,0.11865462753880783
225,225.0,224.99993678430258,0.1181160716991191,0.13697761891827503,0.12807828640018995,0.1181160716991191,0.12971809510454047,0.1305506016694074,0.1203271828102302,0.1181160716991191
226,226.0,225.99993674903914,0.11761324491444224,0.138788542473822,0.12776422981996255,0.11761324491444224,0.12951299459687304,0.13019114234046275,0.12090335602555333,0.11761324491444224
227,227.0,226.99993734981166,0.11714760254712282,0.14050121474480254,0.12744389386451552,0.11714760254712282,0.12929630838203782,0.12982875170904212,0.1214870236582339,0.11714760254712282
228,228.0,227.9999385170088,0.11672008257909831,0.1421083341369635,0.1271211098309253,0.11672008257909831,0.12907136189289992,0.12946734681170732,0.12207159959020938,0.11672008257909831
229,229.0,228.99994018231612,0.1162762029151744,0.14404394518382566,0.12668946025745204,0.1162762029151744,0.12878628556683594,0.12905549806907807,0.12259620217728547,0.1162762029151744
230,230.0,229.99994227926956,0.11582386982341177,0.14624119059479826,0.12616781119748172,0.11582386982341177,0.12845177465263063,0.1286041998549416,0.12306341422991285,0.11582386982341177
231,231.0,230.99994474373494,0.11536964245370239,0.14864241066983672,0.12557276004264473,0.11536964245370239,0.12807730819443067,0.12812310057478044,0.12347549315720058,0.11536964245370239
232,232.0,231.9999475143165,0.11491898780165569,0.1511973133888429,0.12491906810221139,0.11491898780165569,0.12767136170533513,0.12762072662211638,0.12383456677652739,0.11491898780165569
233,233.0,232.9999505326967,0.11436535252764676,0.15375060237526267,0.12410884225649862,0.11436535252764676,0.1271304400389455,0.1269935265893472,0.12392053115700592,0.11536535252764676
234,234.0,233.9999537439119,0.11373383395432687,0.15628462103258925,0.12317527306083043,0.11373383395432687,0.12648271283736998,0.12526951799252609,0.12377819139552204,0.11754201577250868
235,235.0,234.99995709656648,0.11312035377917848,0.1588577743889769,0.1222218487239772,0.11312035377917848,0.12582715610796108,0.12355743995584459,0.1235954376675232,0.11969963559736028
236,236.0,235.99996054298992,0.1124382085599436,0.16087432038012175,0.1211689292859505,0.1124382085599436,0.12498916487569484,0.12225837627565375,0.12328710450274857,0.1225456875599436
237,237.0,236.99996403934114,0.11234726229939931,0.16241831128119363,0.12070459806885252,0.11151392896606598,0.12492537693319408,0.1207282874373777,0.12260591831360863,0.12475631670030841
238,238.0,237.99996754566382,0.11217246307244048,0.16371882376445013,0.12022190063502244,0.11134746307244048,0.12476035015724761,0.11920283791746877,0.1218614191548742,0.1267147422260561
239,239.0,238.9999710258976,0.11197522621926022,0.16478079029043002,0.11965698775995898,0.1111659762192602,0.12455714075024149,0.11845963879210988,0.12099687049457923,0.12840736947416018
240,240.0,239.999974447849,0.1117625151237597,0.16562019304234843,0.1190292246220306,0.1109755326237597,0.12432434632209902,0.11768339151859411,0.12075270298926297,0.1298520937581457
241,241.0,240.99997778312678,0.11153983582295748,0.1662527258719238,0.11835483688256608,0.11078076389795748,0.12406908482104675,0.1168888263881353,0.12104917367833418,0.13106475263707915
242,242.0,241.9999810070455,0.11135326907324888,0.16673560758595182,0.11773094516482796,0.11062690738499889,0.12383901271224333,0.11617143512344665,0.12135782546403483,0.13218499749124787
243,243.0,242.99998409850193,0.11120106928702164,0.16707897447884693,0.11715873878382099,0.11051141042872915,0.12363391177755191,0.115530674250598,0.12167435371884497,0.13321086727458664
244,244.0,243.9999870398277,0.11108132176578989,0.16729334436379348,0.11663877126968214,0.11043159204304208,0.1234533359089082,0.11496528833913386,0.12199480551330553,0.13414154079634505
245,245.0,244.9999898166226,0.1109919787582664,0.1673894732427369,0.11617101841086595,0.11038468255473627,0.12329663835839387,0.1144733937520304,0.1223155839755069,0.13497723094746356
246,246.0,245.99999241757178,0.11088922657648889,0.16733655726082133,0.11629660293709501,0.11032619350228998,0.12312133160303446,0.11396922696938927,0.12246678198738631,0.13559407916349497
247,247.0,246.99999483425034,0.11075452393217318,0.16734557055287472,0.1163138511036654,0.11023695800511435,0.12291011990334069,0.1134172374235359,0.12303337706280035,0.1359883620164956
248,248.0,247.99999706091853,0.1106252188069411,0.16701107662250164,0.11633212411802107,0.11015374897157894,0.12270151177966779,0.11289333910409972,0.12357082239474274,0.13671215820244725
249,249.0,248.9999990943107,0.1105017351193724,0.166783155847981,0.11635047800371161,0.11007646646489087,0.12249700357488622,0.11239930311010501,0.12407632912347705,0.13731552875557604
250,250.0,250.00000093342055,0.11038436324373589,0.16625705330987858,0.11676799649706546,0.11000492833859174,0.12229786806031409,0.11193635893126647,0.12454767372319618,0.13780375789595184
251,251.0,251.00000257928522,0.1102886657175947,0.16567784820993356,0.11721058795238275,0.10995427553590563,0.12212055932207617,0.11153602682785682,0.12499855896080445,0.13821347747344617
252,252.0,252.0000040347706,0.1100591585769872,0.16470236935105617,0.11748627642387123,0.1097686525482246,0.12181039426564792,0.11141100617832456,0.12638335952697444,0.13837878312891413
253,253.0,253.00000530435972,0.10983611899436725,0.16349941485214436,0.1177327987440023,0.1095880137635261,0.12150836131301379,0.11166918983295104,0.12771943702278946,0.13844666547720594
254,254.0,254.00000639394634,0.10963395112258281,0.16228324900167787,0.11798906784317195,0.10942648766217937,0.12122948809614122,0.11197480372990234,0.12901112349314733,0.13845182905119732
255,255.0,255.00000731063483,0.10945258946926816,0.16106735459331684,0.11825154635248464,0.1092837782368627,0.12097424737362278,0.11232004870597646,0.13024994117589025,0.13840049409257843
256,256.0,256.00000806254815,0.10915287814022057,0.1597249745380454,0.11837809965694401,0.10902054202533734,0.12060393941435936,0.1136697314257226,0.13128989988406334,0.1381599349153076
257,257.0,257.0000086586446,0.10877778311943773,0.15849550028942647,0.11843767867561476,0.10967959797147334,0.12016190792475198,0.11448505373771856,0.13216861983117578,0.1377938584504016
258,258.0,258.000009108545,0.10830041708812435,0.1583602778896228,0.11834407735458134,0.11022394966186656,0.11951045782344338,0.11515232410064502,0.13285526105568587,0.13725323502603087
259,259.0,259.0000094223699,0.10765355562542143,0.1581433911099077,0.11803051055798532,0.11048648973205309,0.1195130021085734,0.1155057267318314,0.13418903074447447,0.13647829338975342
260,260.0,260.00000961058856,0.10687232759218498,0.15920012226308536,0.11787782777258343,0.11051054525250233,0.11922794781385809,0.11559006466922807,0.13520964966337645,0.13551151497318148
261,261.0,261.00000968387957,0.10612542930600671,0.16027442760035807,0.1177307374654148,0.11053535332137132,0.11897071635679879,0.11566919768891257,0.13556562060446165,0.13512851765667627
262,262.0,262.0000096530026,0.10530862021950438,0.1612782445064301,0.11738203250044471,0.11045231404759122,0.1192738468536879,0.1161344657081674,0.13564294464958226,0.13452753151459218
263,263.0,263.00000952868334,0.10452375571538776,0.16241637453075952,0.11699965755256961,0.11035973876997707,0.11958804493905097,0.11655789480218956,0.13564364475381355,0.13391088893625214
264,264.0,264.00000932150914,0.10372014169970793,0.16350441183192596,0.11653424541138789,0.1102041585609369,0.12040316414188601,0.11688327984019767,0.1355200280294506,0.13323057048450718
265,265.0,265.0000090418373,0.10295674269690402,0.16468999946980467,0.11604661600179444,0.11004248314882976,0.12121550909703802,0.11716543057788997,0.1353348157597225,0.1325484032480167
266,266.0,266.0000086997143,0.10224569392298924,0.16584073107980024,0.11557795825381728,0.10988546153535612,0.12202575650699649,0.11743141711973934,0.1351045423491358,0.13188843923216564
267,267.0,267.0000083048064,0.10134462523079626,0.1666140627567433,0.11490912534839927,0.10959747982649029,0.12380040603299522,0.11746717244550776,0.13513789440681317,0.13112923395225484
268,268.0,268.0000078663412,0.10035554008796131,0.16731288794673577,0.11404289381276611,0.11017173044419817,0.12529137645239713,0.11727181477694332,0.1348853924606895,0.1306683640183088
269,269.0,269.00000739305915,0.09942837822671331,0.16796303392936804,0.11320897055771492,0.11074749488538174,0.12674337320740428,0.11706415069737411,0.13460413100844779,0.13024046748759593
270,270.0,270.0000068931747,0.09855363600453877,0.16855257203857654,0.11250512013049713,0.11130513728731728,0.12813204686094173,0.11683376065273199,0.13428607177925794,0.1298316552461387
271,271.0,271.000006374347,0.09761117036765217,0.16906931089588548,0.11163334185926199,0.11162624551876987,0.1301442859845717,0.11687418073243785,0.1337190982276373,0.1293223664137837
272,272.0,272.0000058436586,0.0965957086160941,0.16940393765494377,0.11074342916678946,0.11171576417025217,0.13226436497807856,0.11674992378653448,0.13299792745677774,0.1295289441705298
273,273.0,273.0000053076024,0.09545921719427716,0.169596696504116,0.10968454201595383,0.11153446144169923,0.13397431131850024,0.11741241402386213,0.13207159774307936,0.13026675975851212
274,274.0,274.00000477207584,0.09432982954577851,0.16942768663364874,0.10880381248304966,0.11127455686327088,0.13593572214697078,0.11837090126982024,0.13099615674340678,0.13086133431405447
275,275.0,275.0000042423811,0.09307239060972919,0.16903240987643198,0.10842202297020939,0.11074582605077178,0.13784085529531187,0.11935396041096943,0.1304685839490367,0.1310639508375397
276,276.0,276.0000037232321,0.09176754184551739,0.16849844957654517,0.10832019675328337,0.11091848475979049,0.13982636527290654,0.11999923174038787,0.1296054338977198,0.13106429615384935
277,277.0,277.0000032187657,0.0904250706224482,0.16784425046247273,0.10806652887360806,0.11089751081865062,0.14185358524248148,0.12109584689462745,0.12844549901294958,0.13137170807276186
278,278.0,278.00000273255824,0.08907463039334494,0.1671036106264211,0.10769165066529397,0.11181753884859541,0.14391148527031059,0.12185406879795452,0.12704837320650353,0.13149864219157592
279,279.0,279.0000022676459,0.08772547530947508,0.16669078383701383,0.10727542067272362,0.11256776600384905,0.14540016504475023,0.12240095026379907,0.1255419439036595,0.13239749496472952
280,280.0,280.0000018265484,0.08633772394336137,0.16659206328081552,0.10738455317278142,0.11336703141699839,0.14699036750441163,0.12259098567843559,0.1238019302719764,0.13293534473121954
281,281.0,281.00000141129516,0.08520536580849832,0.16622214897414006,0.10746315684805907,0.11403331351971648,0.14850496771616348,0.12265655926133341,0.12205629234717348,0.1338581955249156
282,282.0,282.0000010234543,0.08408308388249841,0.16621250693806477,0.10771013162974585,0.11444031316991825,0.14971587998527347,0.1226559928758865,0.12016596633621468,0.13501612518239803
283,283.0,283.00000066416294,0.08297960826127761,0.16663475982074114,0.1081225116463922,0.11470194578698802,0.15116556798227485,0.12240156409027544,0.11815637856078337,0.13583766385126733
284,284.0,284.0000003341591,0.08191370349122429,0.16688808427877047,0.10893765612067056,0.1155749624088318,0.15232614129183597,0.12193046516033515,0.11607009428040276,0.13635889296792894
285,285.0,285.00000003381405,0.08090647382446406,0.1674019397865704,0.10962357593685225,0.1162811406355516,0.15330016057072604,0.12179866934322721,0.11395320471883665,0.13673483518377175
286,286.0,285.99999976316536,0.07994684748036573,0.167853734543265,0.11016799221551472,0.11729469446364214,0.1540098358908252,0.12150311099829067,0.111851222867333,0.13737256154076352
287,287.0,286.99999952194986,0.07908424849410271,0.16836578185256013,0.11068995358807089,0.11825982680157196,0.15458337871309585,0.12117823801937899,0.10987589663742996,0.13796267589378947
288,288.0,287.99999930963645,0.07832525318097859,0.16886188496569463,0.11120561858446705,0.11917555500559006,0.15503631992032266,0.1208455367221278,0.10803814025987873,0.1385116913609404
289,289.0,288.99999912545803,0.07764945816453488,0.1693891256323159,0.11163323384727175,0.11999570178651559,0.15535855729966194,0.12073900254194346,0.10629114419571813,0.13894377653203835
290,290.0,289.99999896844287,0.07705285768656084,0.16995181429861983,0.11210813021352128,0.12074309274710829,0.15555654334435634,0.12060307875832543,0.10467329402978312,0.1393111889217248
291,291.0,290.9999988374448,0.07644995146665158,0.17034352103344277,0.11254394019398489,0.12126996773336349,0.15575637497925868,0.12029385464026676,0.10380952261670927,0.13953286733632253
292,292.0,291.9999987311721,0.07583957056694969,0.17137648183692714,0.11279913491353336,0.12156137394194641,0.15584606833737671,0.11977265006965031,0.10284515874121099,0.13995956159240538
293,293.0,292.99999864821496,0.0752928473662375,0.17229617130396283,0.11296798541157776,0.1217489126762106,0.15562273634674048,0.11947038462905626,0.10234455773905358,0.14025640452716095
294,294.0,293.99999858707133,0.07512387418605353,0.1728337339600969,0.11317489368560767,0.12174047034960482,0.1550589766832802,0.11926865789747348,0.10175733299553973,0.14104206024234367
295,295.0,294.9999985461714,0.07499067557714342,0.1732043536011672,0.11331990961092592,0.12222764703934305,0.1543957223890523,0.11899435621001321,0.10116609052625498,0.14170124504609996
296,296.0,295.99999852389976,0.07544363843168671,0.17336132943574642,0.113472548687347,0.12253330730226333,0.15345432390784924,0.1189127192607643,0.10089835809775446,0.14192377487658858
297,297.0,296.9999985186163,0.07591416133263812,0.17340633320708693,0.1136244374808383,0.12301069092157811,0.15228345909647076,0.1187451111913279,0.10099550223043798,0.142020304539622
298,298.0,297.999998528675,0.07632883505581557,0.17314201381940958,0.11367496609387787,0.12331888485481018,0.15088527379197286,0.11904482823206095,0.10136177019102685,0.1422434279610262
299,299.0,298.99999855244107,0.07676963266857569,0.17271733259009014,0.11408763335966852,0.12354465253564767,0.14946540939051806,0.11926866529672955,0.10177054780429547,0.14237612635447502
300,300.0,299.9999985883061,0.07722876579716983,0.17214429236520057,0.11466772860827551,0.12369203565663105,0.1480391179368073,0.119417663992196,0.10238699166944376,0.1424234039742761
301,301.0,300.99999863470157,0.07768971746118926,0.1714269007868872,0.11547563432613693,0.12375446352519365,0.14661002609782098,0.11965584344438512,0.10301031586506015,0.14237709849332686
302,302.0,301.9999986901105,0.07816147541789173,0.17076824414647068,0.11623373088141964,0.12377839243502785,0.1452130177146802,0.119879875942726,0.1036719842186469,0.14229327924313717
303,303.0,302.9999987530774,0.0786282296673632,0.17009063921098624,0.11712850427760162,0.12372873286030131,0.14384191114522046,0.12003110211213912,0.10441638463008507,0.14213449609630313
304,304.0,303.99999882221687,0.07909054871443505,0.16941304871607427,0.11796571288886146,0.12363989039073708,0.14251798237995159,0.12016934786903082,0.10526180294244777,0.1419416660984621
305,305.0,304.99999889622023,0.07953786314562236,0.1688037212646092,0.11872148704479932,0.12351297230588293,0.14124329590778575,0.1202795972024917,0.10610120615717751,0.1417998569716313
306,306.0,305.99999897386107,0.07996574961378938,0.16819371521310758,0.1195927758698694,0.12332570110542503,0.14001835029795226,0.12040588828178031,0.10690185748039917,0.141595962137677
307,307.0,306.9999990539992,0.0804585640610844,0.16758792572846382,0.12033495267883339,0.12308358475067895,0.1388490178630568,0.12069360186732878,0.10765709522214678,0.1413352578284072
308,308.0,307.9999991355835,0.08093897101271558,0.16676673307642442,0.12115482046691659,0.1230321988294764,0.13775486007168977,0.12092931733363382,0.10837852770204616,0.14104457150709734
309,309.0,308.9999992176535,0.08139237905144157,0.16603274855990385,0.12184024363105869,0.12293655279636787,0.13672797930610597,0.12130803342782666,0.1090501184881335,0.14071194473916193
310,310.0,309.99999929934,0.08182175327059943,0.1653255457075864,0.12241501128844488,0.12280285871578271,0.1357764304904878,0.12161640377609062,0.10989118457539493,0.14035081217561327
311,311.0,310.9999993798645,0.08222492578914033,0.16464896333994675,0.1228813885842222,0.1226345932083901,0.13490164087636672,0.12185504899976722,0.11067470264795606,0.14017873655421065
312,312.0,311.99999945853784,0.082600215240038,0.1640061656083884,0.12324258285066564,0.12243527720052934,0.13410414281592917,0.1220253174162477,0.11160530678847931,0.1399809920797225
313,313.0,312.9999995347585,0.08295064639724989,0.16340818075002309,0.12354938342676752,0.12223394507253862,0.13339216085781538,0.12218021636251242,0.11249541851897599,0.13979004861411717
314,314.0,313.9999996080095,0.08327520077857248,0.16285650732611512,0.12380416167580101,0.12203281175771086,0.1327642632113741,0.1223197337961203,0.11334018596314378,0.1396071354911624
315,315.0,314.99999967785527,0.08323988718444814,0.16235203092745787,0.12400957204798259,0.12183386870787802,0.1322183204219025,0.12244401269400093,0.1141356958751739,0.13976661214115604
316,316.0,315.99999974393796,0.08304215665947391,0.16175618772662395,0.12402960833838676,0.12149999743815007,0.1327238186538206,0.12241444523185936,0.11474003002027092,0.1397937559314144
317,317.0,316.999999805973,0.08270336440270137,0.1610549509720401,0.12388574379300406,0.12105116568393062,0.13324537961120064,0.12224984792103608,0.11512638808170586,0.14068315953438124
318,318.0,317.99999986374485,0.08234060128407163,0.16067675948340132,0.12369540391506056,0.12060295458540458,0.13367013302482592,0.12206496649370102,0.11541068795819832,0.14153849325533663
319,319.0,318.999999917102,0.08196471290092158,0.1603396275702196,0.12342744350975393,0.1201433465645514,0.1341310974232525,0.12202581198091368,0.11561589346794153,0.14235206658244576
320,320.0,319.99999996595244,0.08148960647058487,0.15995140129909036,0.1229985890205155,0.11958563769065832,0.13443771367811616,0.12203647781890745,0.11565516718731816,0.14384540683480918
321,321.0,321.00000001025836,0.08167191170702245,0.15978231859428263,0.12270687794770323,0.11894031745142102,0.13447193000032093,0.12190131936457169,0.11550168498470538,0.1450236399499727
322,322.0,322.0000000500311,0.08183217178022516,0.15988275539959532,0.12232991779421372,0.11827902801686414,0.1343815229531149,0.12188307553668709,0.11531631503205712,0.14609521348724255
323,323.0,323.0000000853262,0.08196967746330067,0.16078158683272958,0.12187535181065759,0.1177960471416698,0.13417290229964668,0.1217890423813769,0.11502058908626207,0.1465948029843567
324,324.0,324.00000011623854,0.0819639433590791,0.16151545532041722,0.1213037859411199,0.11743317740419623,0.13401158505222618,0.12156860686416604,0.1153409561958582,0.14686248986293712
325,325.0,325.0000001428973,0.08190551845065033,0.1621680126952588,0.1203834133570614,0.11813744946558016,0.13394514517116282,0.12130544747491877,0.11553229429498788,0.14662271909037985
326,326.0,326.00000016546124,0.08173449206337521,0.16267605827380133,0.11948756318988893,0.11941829762468598,0.13368234442879715,0.1209811745456103,0.11555628227871372,0.14646378759512743
327,327.0,327.00000018411407,0.08144271408666534,0.16306630934420813,0.11849342423506715,0.1205679021648514,0.13375887969848252,0.1205827106434354,0.11605859801439296,0.14602946181289717
328,328.0,328.00000019906054,0.08111277701741042,0.16363022617699077,0.11795003547827745,0.12161654173699069,0.1336063776638251,0.12015144037133718,0.1164641978454852,0.14546840370968325
329,329.0,329.00000021052176,0.08075980567222592,0.16428102261060892,0.11730513222077692,0.12245200065890555,0.13423343731947207,0.1196569697772139,0.11666565577349321,0.14464597596730353
330,330.0,330.0000002187316,0.08039380045982658,0.16489681493427596,0.11708356438293968,0.12320030467835194,0.13474104361325676,0.11915726246629588,0.1168191831743293,0.14370802629072393
331,331.0,331.00000022393317,0.08003920533853842,0.16549442615523083,0.11689456475052844,0.12392112780382379,0.13525294893531065,0.11867731970285228,0.1169475183461828,0.14277288896753282
332,332.0,332.0000002263752,0.07968908093624083,0.16600832671626123,0.11669170789938804,0.12457469155326746,0.13590345228650744,0.11834373702866462,0.11699868208262813,0.1417903214970423
333,333.0,333.00000022630934,0.07934362949596462,0.16656591047660602,0.11646443150027291,0.12515529343446438,0.13653193102521838,0.11797488724146346,0.11717044359186556,0.1407934732341447
334,334.0,334.0000002239869,0.07908347067741381,0.16703560340999593,0.11624405949199253,0.1256831981816587,0.13704053878780603,0.11761655368537949,0.11751901919430577,0.13977755657144778
335,335.0,335.0000002196569,0.07884192967688183,0.1674751333583743,0.11605232563878148,0.12617201958295846,0.13753222388962436,0.11728429143494556,0.11784468457603495,0.1387973918423991
